Marca;Modelo;Versión;Año;Km;"Ficha Of.";Dueños;"Precio Vta";Min;Max;"Val Mercado";Márgen;Ubicación;Link;Cel;Part/Autom;Titulo;Moneda;Financiable;Type;"Acepta MercadoPago";"Fecha de Registro";Puntos;Perfil;Status;"Gestión administrativa";"Doble tracción";"Condición del ítem";Color;"Único dueño";Dirección;"Control de tracción";"Aire acondicionado";"Cierre centralizado de puertas";"Control eléctrico para los retrovisores";"Asientos eléctricos";GPS;"Faros con regulación automática";"Apoya cabeza en asientos traseros";"Asiento conductor regulable en altura";"Tapizado de cuero";"Sensor de luz";"Paragolpes pintados";"Sensor de estacionamiento";"Cristales eléctricos";"Respaldo trasero";"Apertura remota de baúl";"Aceleración alcohol";"Aceleración diesel";"Aceleración nafta";"Autonomía con alcohol";"Autonomía con diesel";"Autonomía con nafta";"Consumo promedio alcohol";"Consumo promedio diesel";"Consumo promedio nafta";Cilindros;"Distancia entre ejes";Cilindrada;"Capacidad del tanque";"Numero de velocidades";"Color de engomado";"Tablero con detalles en aluminio";"Android auto";"Apple CarPlay";"Tracción ASR";"Cierre automático de vidrios";"Asiento trasero con apoyabrazo central";"Tablero con detalles cromados";"Manijas externas de puertas cromadas";"Posavasos en apoyabrazos central trasero";"Asiento trasero con respaldo bipartido";"Asiento delantero conductor con regulación eléctrica de la inclinación del respaldo";"Asiento delantero pasajero con regulación eléctrica de la inclinación del respaldo";"Asiento delantero pasajero con regulación eléctrica de altura";"Asiento delantero conductor con regulación eléctrica longitudinal";"Asiento delantero pasajero con regulación eléctrica longitudinal";"Asiento delantero conductor con regulación eléctrica de inclinación";"Asiento delantero pasajero con regulación eléctrica de inclinación";"Asiento delantero integral bipartido";"Asiento delantero integral";"Sensor delantero de distancia para estacionamiento";"Asientos delanteros calefaccionados";"Asiento acompañante regulable en altura";"Regulación de altura del volante";"Asientos delanteros individuales";"Sistema ISOFIX";"Asiento trasero con regulación longitudinal";"Regulación longitudinal del volante";"Tiene licencia";"Porta equipaje en techo";Pintado;"Paragolpe delantero del color del vehículo";"Paragolpe trasero del color del vehículo";"Levantavidrios eléctricos delanteros";"Levantavidrios eléctricos traseros";"Sensor trasero de distancia para estacionamiento";"Apertura remota de puertas";"Airbag laterales delanteros";"Airbag laterales traseros";"Tablero con detalles en color especial";"Paragolpe trasero pintados de color especial";"Paragolpe delantero pintados de color especial";"Volante revestido en cuero";Taximetro;"Tablero con detalles en madera";Altura;Largo;Baúl;"Velocidad máxima con alcohol";"Velocidad máxima con diesel";"Velocidad máxima con nafta";"Capacidad de personas";Potencia;Versiones;"Detalle transmisión";"Válvulas por cilindro";Ancho;"Consumo medio en ciudad";"Piloto automático";"Aviso de punto ciego";Climatizador;"Porta vasos";"Control de velocidad crucero";"Alarma de luces encendidas";"Computadora de abordo";"Asiento trasero rebatible";"Techo solar eléctrico retráctil";"Faros de xenón";"Consumo medio en ruta";"Defensa delantera";"Soporte para rueda de auxilio";"Capota marítima";"Cobertor de caja";"Limpia/lava luneta";"Horario de contacto";Puertas;Motor;"Tipo de combustible";Transmisión;"Tipo de carrocería";"Tipo de vehículo";"Entrega a domicilio";"Tapizado de tela";"Tapizado de semicuero";"Inspección vehicular";"Test drive a domicilio";"Vehículo asegurado";Mercado;"Documentación en casa";"Acepta permuta";"Sanitiza el vehículo";"Tours virtuales";"Sensor de cambio de carril activo";"Aire acondicionado con control automático de la temperatura";"Aire acondicionado con controles individuales";"Rueda de auxilio de aleación";"Apoyabrazos entre los asientos delanteros";"Amplificador de audio";"Aire acondicionado automático con controles individuales";"Aire acondicionado automático con controles individuales del/tras (3 zonas)";"Aire acondicionado automático con controles individuales del/tras (4 zonas)";"Aire acondicionado automático con controles individuales delanteros/traseros";"Sistema de estacionamiento automático";"Destrabamiento automático de puertas en caso de accidente";"Accionamiento de luces auxiliares en caso de frenado brusco";"Cámara de retroceso";"Tapa de caja";"Viva-voz con sistema bluetooth";Blu-ray;"Llantas de aleación cromadas";"Manija de puertas cromadas";"Paragolpes delantero cromado";"Paragolpes trasero cromado";"Sistema de control de frenado en curva (CBC)";"Protector de cárter";"LCD en panel de instrumentos";"Con faros diurnos LED";"Apoyabrazos conductor";"Asiento del conductor con regulación eléctrica de altura";"Con modo Eco";"Espejo retrovisor interno electro crómico";"Motor con tecnología de reducción de emisiones (Efficiency)";"Espejos externos con inclinación automática en marcha atrás";"Espejos retrovisores externos rebatibles eléctricamente";"Con garantía de fábrica";"Apoyabrazos delanteros individuales";"LCD en respaldo asiento delantero";"Protector de tanque de combustible";"Cambio de marchas en el volante";"Teléfono celular manos libres";"Faros con encendido en caso de lluvia";"Faros con accionamiento automático-encendido";"Limpiador de faros";"Lavador de faros";"Sensor de cambio de carril";"LCD entre asientos delanteros";"LCD para asientos traseros";"Con faros de neblina LED";"Con faros delanteros LED";"Con faros traseros LED";"Llantas de lujo";"Vidrios manuales";"Con garantía mecánica";"Precio negociable";Estribos;"Llantas nuevas";"Luces exploradoras";"IPVA pago";"Manija de puertas en color del vehículo";"LCD en panel";"Techo de vidrio panorámico";"Techo solar panorámico";"Sensor de estacionamiento por cámara delantera";"Sensor de estacionamiento por cámara trasera";"Sistema de estacionamiento con gráficos";"Asiento del pasajero con regulación eléctrica de altura";"Cinturones de seguridad delanteros retráctiles";"Cinturones de seguridad delanteros retráctiles con regulación eléctrica de altura";"Cinturones de seguridad delanteros retráctiles con regulación de altura";"Cinturones de seguridad traseros retráctiles";"Cinturones de seguridad traseros retráctiles con regulación eléctrica de altura";"Cinturones de seguridad traseros retráctiles con regulación de altura";"LCD en techo";"Films de seguridad";"Techo solar sky window";"Llantas de aleación en color especial";"Manija de puertas en color especial";Alerón;"Rueda de auxilio de acero";"Llantas de acero";"Revisión tecnomecánica";"Rueda de auxilio temporal";"Tercera fila";"LCD con sistema touch screen";"Sistema de GPS con indicación por voz";"Sistema de comando de voz";Blindado;"Frenos ABS";Alarma;"Llantas de aleación";"Airbag de cortina";"Airbag conductor";"Repartidor electrónico de fuerza de frenado";"Sistema de bloqueo de encendido";"Faros antiniebla";"Faros antinieblas delanteros";"Airbag para conductor y pasajero";"Sensor de lluvia";"Faros antinieblas traseros";"Desempañador trasero";"Barra anti vuelco";"Airbag laterales";"Control de estabilidad";"Comando remoto para radio en el volante";"Tercera luz de freno led";AM/FM;"Entrada auxiliar";Bluetooth;CD;DVD;"Reproductor de MP3";"Tarjeta SD";"Entrada USB"
Changan;"Star Box";Box;2025;"0 km";;OSCARPISANOAUTOMOVILES;15990;;;;;Prado;https://auto.mercadolibre.com.uy/MLU-699209462-changan-star-box-box-12-2025-0km-_JM;N/A;;"Changan Star Box Box 1.2 2025 0km";USD;Sí;gold_premium;false;N/A;N/A;http://perfil.mercadolibre.com.uy/OSCARPISANOAUTOMOVILES;active;N/A;N/A;Nuevo;Blanco;N/A;Mecánica;N/A;Sí;N/A;N/A;N/A;N/A;N/A;N/A;N/A;N/A;N/A;N/A;N/A;Sí;N/A;N/A;N/A;N/A;N/A;N/A;N/A;N/A;N/A;N/A;N/A;N/A;N/A;"1200 cc";N/A;5;N/A;N/A;N/A;N/A;N/A;N/A;N/A;N/A;N/A;N/A;N/A;N/A;N/A;N/A;N/A;N/A;N/A;N/A;N/A;N/A;N/A;N/A;N/A;N/A;N/A;N/A;N/A;N/A;N/A;N/A;N/A;N/A;N/A;N/A;N/A;N/A;N/A;N/A;N/A;N/A;N/A;N/A;N/A;N/A;N/A;N/A;N/A;N/A;N/A;N/A;N/A;N/A;"96 hp";N/A;N/A;N/A;N/A;"11 km/l";N/A;N/A;N/A;N/A;N/A;N/A;N/A;N/A;N/A;N/A;"11 km/l";N/A;N/A;N/A;N/A;N/A;"Lun. a Sáb. de 9:30 a 18:30 hs. Dom. de 9:30 a 13 hs";2;1.2;Nafta;Manual;Furgón;"Autos y camionetas";No;N/A;N/A;N/A;No;N/A;N/A;No;Sí;No;No;N/A;N/A;N/A;N/A;N/A;N/A;N/A;N/A;N/A;N/A;N/A;N/A;N/A;N/A;N/A;N/A;N/A;N/A;N/A;N/A;N/A;N/A;N/A;N/A;N/A;N/A;N/A;N/A;N/A;N/A;N/A;N/A;Sí;N/A;N/A;N/A;N/A;N/A;N/A;N/A;N/A;N/A;N/A;N/A;N/A;N/A;N/A;N/A;N/A;N/A;Sí;No;N/A;N/A;N/A;N/A;N/A;N/A;N/A;N/A;N/A;N/A;N/A;N/A;N/A;N/A;N/A;N/A;N/A;N/A;N/A;N/A;N/A;N/A;N/A;N/A;N/A;N/A;N/A;N/A;N/A;N/A;N/A;N/A;N/A;N/A;N/A;N/A;N/A;Sí;N/A;N/A;N/A;N/A;Sí;N/A;N/A;N/A;N/A;N/A;N/A;N/A;N/A;Sí;N/A;N/A;N/A;N/A;N/A;N/A;N/A
Changan;UNI-T;-;2025;"0 km";;SANTAROSASA;37990;;;;;Centro;https://auto.mercadolibre.com.uy/MLU-692892904-changan-uni-t-15-2025-0km-_JM;N/A;;"Changan Uni-t 1.5 2025 0km";USD;Sí;gold_premium;false;N/A;N/A;http://perfil.mercadolibre.com.uy/SANTAROSASA;active;N/A;N/A;Nuevo;N/A;N/A;Eléctrica;N/A;Sí;Sí;Sí;Sí;N/A;N/A;Sí;Sí;Sí;N/A;N/A;Sí;Sí;N/A;N/A;N/A;N/A;N/A;N/A;N/A;N/A;N/A;N/A;N/A;N/A;N/A;"1494 cc";N/A;7;N/A;N/A;N/A;N/A;Sí;Sí;Sí;N/A;N/A;N/A;N/A;N/A;N/A;N/A;N/A;N/A;N/A;N/A;N/A;N/A;N/A;N/A;N/A;Sí;N/A;Sí;N/A;Sí;N/A;N/A;N/A;N/A;N/A;N/A;N/A;N/A;Sí;N/A;N/A;N/A;N/A;N/A;Sí;N/A;N/A;N/A;N/A;N/A;N/A;N/A;N/A;N/A;"180 hp";N/A;N/A;N/A;N/A;"14 km/l";N/A;N/A;Sí;Sí;Sí;Sí;Sí;N/A;N/A;N/A;"17 km/l";N/A;N/A;N/A;N/A;Sí;N/A;5;1.5;Nafta;Automática;SUV;"Autos y camionetas";No;N/A;N/A;N/A;No;N/A;N/A;No;Sí;No;No;N/A;N/A;N/A;N/A;N/A;N/A;N/A;N/A;N/A;N/A;N/A;N/A;N/A;Sí;N/A;N/A;N/A;N/A;N/A;N/A;N/A;N/A;N/A;N/A;Sí;N/A;N/A;N/A;N/A;N/A;N/A;N/A;Sí;N/A;N/A;N/A;N/A;N/A;N/A;N/A;N/A;N/A;N/A;N/A;N/A;N/A;Sí;Sí;N/A;N/A;Sí;No;N/A;N/A;N/A;N/A;N/A;N/A;N/A;Sí;N/A;N/A;N/A;N/A;N/A;N/A;N/A;N/A;N/A;N/A;N/A;N/A;N/A;N/A;N/A;N/A;N/A;N/A;N/A;N/A;N/A;Sí;N/A;N/A;N/A;Sí;Sí;Sí;Sí;Sí;Sí;N/A;N/A;Sí;Sí;N/A;Sí;N/A;N/A;Sí;Sí;N/A;N/A;Sí;Sí;Sí;N/A;N/A;N/A;N/A;Sí
Changan;"X7 Plus";"Luxury Mt";2025;"0 km";;SANTAROSASA;27990;;;;;Centro;https://auto.mercadolibre.com.uy/MLU-692812584-changan-x7-plus-luxury-mt-15-2025-0km-_JM;N/A;;"Changan X7 Plus Luxury Mt 1.5 2025 0km";USD;Sí;gold_premium;false;N/A;N/A;http://perfil.mercadolibre.com.uy/SANTAROSASA;active;N/A;N/A;Nuevo;N/A;N/A;Eléctrica;N/A;Sí;Sí;Sí;N/A;N/A;N/A;Sí;Sí;N/A;N/A;Sí;Sí;Sí;N/A;N/A;N/A;N/A;N/A;N/A;N/A;N/A;N/A;N/A;N/A;N/A;N/A;"1494 cc";N/A;6;N/A;N/A;Sí;Sí;Sí;N/A;Sí;N/A;N/A;N/A;N/A;N/A;N/A;N/A;N/A;N/A;N/A;N/A;N/A;N/A;N/A;N/A;N/A;Sí;N/A;Sí;N/A;Sí;N/A;N/A;N/A;N/A;N/A;N/A;N/A;N/A;Sí;N/A;N/A;N/A;N/A;N/A;Sí;N/A;N/A;N/A;N/A;N/A;N/A;N/A;N/A;N/A;"168 hp";N/A;N/A;N/A;N/A;"12 km/l";N/A;N/A;N/A;Sí;Sí;Sí;Sí;Sí;N/A;N/A;"17 km/l";N/A;N/A;N/A;N/A;Sí;N/A;5;1.5;Nafta;Manual;SUV;"Autos y camionetas";No;N/A;N/A;N/A;No;N/A;N/A;No;Sí;No;No;N/A;N/A;N/A;N/A;N/A;N/A;N/A;N/A;N/A;N/A;N/A;N/A;N/A;Sí;N/A;N/A;N/A;N/A;N/A;N/A;N/A;N/A;N/A;N/A;Sí;N/A;N/A;N/A;N/A;N/A;N/A;N/A;Sí;N/A;N/A;N/A;N/A;N/A;N/A;N/A;N/A;N/A;N/A;N/A;N/A;N/A;Sí;Sí;N/A;N/A;Sí;No;N/A;N/A;N/A;N/A;N/A;N/A;N/A;N/A;N/A;N/A;N/A;N/A;N/A;N/A;N/A;N/A;N/A;N/A;N/A;N/A;N/A;N/A;N/A;N/A;N/A;N/A;N/A;N/A;Sí;Sí;N/A;N/A;N/A;Sí;N/A;Sí;N/A;Sí;Sí;Sí;N/A;Sí;Sí;N/A;Sí;N/A;N/A;N/A;Sí;Sí;N/A;Sí;Sí;Sí;N/A;N/A;Sí;N/A;Sí
Changan;CS55;"LUXURY AT 4X2 1.5T";2025;"0 km";;OSCARPISANOAUTOMOVILES;34990;;;;;Prado;https://auto.mercadolibre.com.uy/MLU-643902141-changan-cs55-luxury-at-4x2-15t-15-2025-0km-_JM;N/A;;"Changan Cs55 Luxury At 4x2 1.5t 1.5 2025 0km";USD;Sí;gold_premium;false;N/A;N/A;http://perfil.mercadolibre.com.uy/OSCARPISANOAUTOMOVILES;active;N/A;N/A;Nuevo;Blanco;N/A;Hidráulica;N/A;Sí;N/A;Sí;N/A;N/A;N/A;N/A;N/A;N/A;N/A;N/A;N/A;Sí;N/A;Sí;N/A;N/A;N/A;N/A;N/A;N/A;N/A;N/A;N/A;N/A;N/A;"1500 cc";N/A;6;N/A;N/A;N/A;N/A;N/A;Sí;N/A;N/A;N/A;N/A;N/A;N/A;N/A;N/A;N/A;N/A;N/A;N/A;N/A;N/A;N/A;N/A;N/A;N/A;N/A;N/A;N/A;N/A;N/A;N/A;N/A;N/A;N/A;N/A;N/A;N/A;Sí;N/A;N/A;N/A;N/A;N/A;N/A;N/A;N/A;N/A;N/A;N/A;N/A;N/A;N/A;N/A;"155 hp";N/A;N/A;N/A;N/A;"11 km/l";N/A;N/A;Sí;N/A;N/A;N/A;N/A;N/A;N/A;N/A;"15 km/l";N/A;N/A;N/A;N/A;N/A;"Lun. a Sáb. de 9:30 a 18:30 hs. Dom. de 9:30 a 13 hs";4;1.5;Nafta;Automática;SUV;"Autos y camionetas";No;N/A;N/A;N/A;No;N/A;N/A;No;Sí;No;No;N/A;N/A;N/A;N/A;N/A;N/A;N/A;N/A;N/A;N/A;N/A;N/A;N/A;N/A;N/A;N/A;N/A;N/A;N/A;N/A;N/A;N/A;N/A;N/A;N/A;N/A;N/A;N/A;N/A;N/A;N/A;N/A;Sí;N/A;N/A;N/A;N/A;N/A;N/A;N/A;N/A;N/A;N/A;N/A;N/A;N/A;N/A;N/A;N/A;N/A;Sí;No;N/A;N/A;N/A;N/A;N/A;N/A;N/A;N/A;N/A;N/A;N/A;N/A;N/A;N/A;N/A;N/A;N/A;N/A;N/A;N/A;N/A;N/A;N/A;N/A;N/A;N/A;N/A;N/A;N/A;N/A;N/A;N/A;N/A;N/A;N/A;N/A;N/A;Sí;N/A;N/A;N/A;N/A;Sí;N/A;N/A;N/A;N/A;N/A;N/A;N/A;N/A;N/A;N/A;N/A;N/A;N/A;N/A;N/A;N/A
Changan;"Star Box";Full;2024;"0 km";;VIPERCARAUTOMOVILES_5;15490;;;;;"Brazo Oriental";https://auto.mercadolibre.com.uy/MLU-686557818-changan-star-box-full-12-2024-0km-_JM;N/A;;"Changan Star Box Full 1.2 2024 0km";USD;Sí;gold_premium;false;N/A;N/A;http://perfil.mercadolibre.com.uy/VIPERCARAUTOMOVILES_5;active;N/A;N/A;Nuevo;Blanco;N/A;Asistida;N/A;Sí;Sí;N/A;N/A;N/A;N/A;N/A;N/A;N/A;N/A;Sí;N/A;Sí;N/A;N/A;N/A;N/A;N/A;N/A;N/A;N/A;N/A;N/A;N/A;N/A;N/A;"1243 cc";N/A;5;N/A;N/A;N/A;N/A;N/A;N/A;N/A;N/A;N/A;N/A;N/A;N/A;N/A;N/A;N/A;N/A;N/A;N/A;N/A;N/A;N/A;N/A;N/A;Sí;N/A;N/A;N/A;N/A;N/A;N/A;N/A;N/A;N/A;N/A;N/A;N/A;N/A;N/A;N/A;N/A;N/A;N/A;Sí;N/A;N/A;N/A;N/A;N/A;N/A;N/A;N/A;N/A;"97 hp";N/A;N/A;N/A;N/A;"13 km/l";N/A;N/A;N/A;Sí;N/A;N/A;N/A;N/A;N/A;N/A;"10 km/l";N/A;N/A;N/A;N/A;N/A;"Lun a Vie de 9 a 12:30 y de 13:30 a 19. Sáb de 9 a 13 hs.";2;1.2;Nafta;Manual;Furgón;"Autos y camionetas";No;N/A;N/A;N/A;No;N/A;N/A;No;Sí;No;No;N/A;N/A;N/A;N/A;N/A;N/A;N/A;N/A;N/A;N/A;N/A;N/A;N/A;N/A;N/A;N/A;N/A;N/A;N/A;N/A;N/A;N/A;N/A;N/A;N/A;N/A;N/A;N/A;N/A;N/A;N/A;N/A;Sí;N/A;N/A;N/A;N/A;N/A;N/A;N/A;N/A;N/A;N/A;N/A;N/A;N/A;N/A;N/A;N/A;N/A;Sí;No;N/A;N/A;N/A;N/A;N/A;N/A;N/A;N/A;N/A;N/A;N/A;N/A;N/A;N/A;N/A;N/A;N/A;N/A;N/A;N/A;N/A;N/A;N/A;N/A;N/A;N/A;N/A;N/A;N/A;N/A;N/A;N/A;N/A;Sí;N/A;N/A;N/A;Sí;N/A;N/A;N/A;Sí;Sí;N/A;N/A;N/A;N/A;N/A;N/A;N/A;N/A;Sí;N/A;N/A;N/A;N/A;N/A;N/A;N/A
Changan;"STAR PICK-UP";"CABINA SIMPLE FULL";2024;"0 km";;VIPERCARAUTOMOVILES_5;13990;;;;;"Brazo Oriental";https://auto.mercadolibre.com.uy/MLU-688174714-changan-star-pick-up-cabina-simple-full-12-2024-0km-_JM;N/A;;"Changan Star Pick Up Cabina Simple Full 1.2 2024 0km";USD;Sí;gold_premium;false;N/A;N/A;http://perfil.mercadolibre.com.uy/VIPERCARAUTOMOVILES_5;active;N/A;N/A;Nuevo;Blanco;N/A;Asistida;N/A;Sí;N/A;N/A;N/A;N/A;N/A;N/A;N/A;N/A;N/A;Sí;N/A;Sí;N/A;N/A;N/A;N/A;N/A;N/A;N/A;N/A;N/A;N/A;N/A;N/A;N/A;"1243 cc";N/A;5;N/A;N/A;N/A;N/A;N/A;N/A;N/A;N/A;N/A;N/A;N/A;N/A;N/A;N/A;N/A;N/A;N/A;N/A;N/A;N/A;N/A;N/A;N/A;N/A;N/A;N/A;N/A;N/A;N/A;N/A;N/A;N/A;N/A;N/A;N/A;N/A;N/A;N/A;N/A;N/A;N/A;N/A;N/A;N/A;N/A;N/A;N/A;N/A;N/A;N/A;N/A;N/A;"97 hp";N/A;N/A;N/A;N/A;"11 km/l";N/A;N/A;N/A;N/A;N/A;N/A;N/A;N/A;N/A;N/A;"14 km/l";N/A;N/A;N/A;N/A;N/A;"Lun a Vie de 9 a 12:30 y de 13:30 a 19. Sáb de 9 a 13 hs.";2;1.2;Nafta;Manual;Pick-Up;"Autos y camionetas";No;N/A;N/A;N/A;No;N/A;N/A;No;Sí;No;No;N/A;N/A;N/A;N/A;N/A;N/A;N/A;N/A;N/A;N/A;N/A;N/A;N/A;N/A;N/A;N/A;N/A;N/A;N/A;N/A;N/A;N/A;N/A;N/A;N/A;N/A;N/A;N/A;N/A;N/A;N/A;N/A;Sí;N/A;N/A;N/A;N/A;N/A;N/A;N/A;N/A;N/A;N/A;N/A;N/A;N/A;N/A;N/A;N/A;N/A;Sí;No;N/A;N/A;N/A;N/A;N/A;N/A;N/A;N/A;N/A;N/A;N/A;N/A;N/A;N/A;N/A;N/A;N/A;N/A;N/A;N/A;N/A;N/A;N/A;N/A;N/A;N/A;N/A;N/A;N/A;N/A;N/A;N/A;N/A;Sí;N/A;N/A;N/A;Sí;N/A;N/A;N/A;N/A;Sí;N/A;N/A;N/A;N/A;N/A;N/A;N/A;N/A;Sí;N/A;N/A;N/A;N/A;N/A;N/A;N/A
Changan;Uni-T;TECHNO;2024;"0 km";;VIPERCARAUTOMOVILES_5;39990;;;;;"Brazo Oriental";https://auto.mercadolibre.com.uy/MLU-686506336-changan-uni-t-techno-15-2024-0km-_JM;N/A;;"Changan Uni-t Techno 1.5 2024 0km";usd;Sí;gold_premium;false;N/A;N/A;http://perfil.mercadolibre.com.uy/VIPERCARAUTOMOVILES_5;active;N/A;N/A;Nuevo;Blanco;N/A;Eléctrica;N/A;Sí;Sí;Sí;Sí;Sí;N/A;Sí;Sí;Sí;Sí;Sí;Sí;Sí;N/A;N/A;N/A;N/A;N/A;N/A;N/A;N/A;N/A;N/A;N/A;N/A;N/A;"1500 cc";N/A;7;N/A;N/A;Sí;Sí;N/A;Sí;Sí;N/A;N/A;N/A;N/A;N/A;N/A;N/A;N/A;N/A;N/A;N/A;N/A;N/A;N/A;Sí;N/A;Sí;N/A;Sí;N/A;N/A;N/A;N/A;N/A;N/A;N/A;N/A;N/A;N/A;Sí;N/A;N/A;N/A;N/A;N/A;Sí;N/A;N/A;N/A;N/A;N/A;N/A;N/A;N/A;N/A;"180 hp";N/A;N/A;N/A;N/A;"10 km/l";N/A;N/A;Sí;Sí;Sí;Sí;Sí;Sí;N/A;N/A;"20 km/l";N/A;N/A;N/A;N/A;Sí;"Lun a Vie de 9 a 12:30 y de 13:30 a 19. Sáb de 9 a 13 hs.";5;1.5;Nafta;Automática;SUV;"Autos y camionetas";No;N/A;N/A;N/A;No;N/A;UY;No;Sí;No;No;N/A;N/A;N/A;N/A;N/A;N/A;N/A;N/A;N/A;N/A;Sí;N/A;N/A;Sí;N/A;N/A;N/A;N/A;N/A;N/A;N/A;N/A;N/A;N/A;Sí;N/A;N/A;N/A;N/A;N/A;N/A;N/A;Sí;N/A;N/A;N/A;N/A;N/A;N/A;N/A;N/A;N/A;Sí;N/A;N/A;N/A;Sí;Sí;N/A;N/A;Sí;No;N/A;N/A;N/A;N/A;N/A;N/A;N/A;Sí;N/A;N/A;N/A;N/A;N/A;N/A;N/A;N/A;N/A;N/A;N/A;N/A;N/A;N/A;N/A;N/A;N/A;N/A;N/A;N/A;N/A;Sí;N/A;N/A;N/A;Sí;Sí;Sí;Sí;Sí;Sí;Sí;N/A;Sí;Sí;Sí;Sí;N/A;N/A;Sí;Sí;Sí;N/A;Sí;Sí;Sí;N/A;N/A;Sí;N/A;Sí
Changan;"Star Pick Up Doble Cabina";Full;2024;"0 km";;"VIPERCAR AUTOMOVILES_2";15490;;;;;"Brazo Oriental";https://auto.mercadolibre.com.uy/MLU-638150707-changan-star-doble-cabina-full-12-2024-0km-_JM;N/A;;"Changan Star Doble Cabina Full 1.2 2024 0km";USD;Sí;gold_premium;false;N/A;N/A;http://perfil.mercadolibre.com.uy/VIPERCAR+AUTOMOVILES_2;active;N/A;N/A;Nuevo;Blanco;N/A;Asistida;N/A;Sí;Sí;N/A;N/A;N/A;N/A;Sí;N/A;N/A;N/A;Sí;N/A;N/A;N/A;N/A;N/A;N/A;N/A;N/A;N/A;N/A;N/A;N/A;N/A;N/A;N/A;"1243 cc";N/A;5;N/A;N/A;N/A;N/A;N/A;N/A;N/A;N/A;N/A;N/A;N/A;N/A;N/A;N/A;N/A;N/A;N/A;N/A;N/A;N/A;N/A;N/A;N/A;N/A;N/A;N/A;N/A;N/A;N/A;N/A;N/A;N/A;N/A;N/A;N/A;N/A;N/A;N/A;N/A;N/A;N/A;N/A;Sí;N/A;N/A;N/A;N/A;N/A;N/A;N/A;N/A;N/A;"97 hp";N/A;N/A;N/A;N/A;"1 km/l";N/A;N/A;N/A;Sí;N/A;N/A;N/A;N/A;N/A;N/A;"1 km/l";N/A;N/A;N/A;N/A;N/A;"Lun a Vie de 9 a 12:30 y de 13:30 a 19. Sáb de 9 a 13 hs.";4;1.2;Nafta;Manual;Pick-Up;"Autos y camionetas";No;N/A;N/A;N/A;No;N/A;N/A;No;Sí;No;No;N/A;N/A;N/A;N/A;N/A;N/A;N/A;N/A;N/A;N/A;N/A;N/A;N/A;N/A;N/A;N/A;N/A;N/A;N/A;N/A;N/A;N/A;N/A;N/A;N/A;N/A;N/A;N/A;N/A;N/A;N/A;N/A;Sí;N/A;N/A;N/A;N/A;N/A;N/A;N/A;N/A;N/A;N/A;N/A;N/A;N/A;N/A;N/A;N/A;N/A;Sí;No;N/A;N/A;N/A;N/A;N/A;N/A;N/A;N/A;N/A;N/A;N/A;N/A;N/A;N/A;N/A;N/A;N/A;N/A;N/A;N/A;N/A;N/A;N/A;N/A;N/A;N/A;N/A;N/A;N/A;N/A;N/A;N/A;N/A;Sí;N/A;N/A;N/A;Sí;N/A;N/A;N/A;Sí;Sí;N/A;N/A;N/A;N/A;N/A;N/A;N/A;N/A;Sí;Sí;N/A;N/A;N/A;N/A;N/A;N/A
Changan;Uni-T;TECHNO;2024;"0 km";;OSCARPISANOAUTOMOVILES;39990;;;;;Prado;https://auto.mercadolibre.com.uy/MLU-667872022-changan-uni-t-_JM;N/A;;"Changan Uni-t ";usd;Sí;gold_premium;false;N/A;N/A;http://perfil.mercadolibre.com.uy/OSCARPISANOAUTOMOVILES;active;N/A;N/A;Nuevo;Blanco;N/A;Eléctrica;N/A;Sí;Sí;Sí;N/A;Sí;N/A;Sí;Sí;Sí;Sí;N/A;Sí;Sí;N/A;Sí;N/A;N/A;N/A;N/A;N/A;N/A;N/A;N/A;N/A;N/A;N/A;"1500 cc";N/A;7;N/A;N/A;Sí;Sí;Sí;Sí;N/A;N/A;N/A;N/A;N/A;N/A;N/A;N/A;N/A;N/A;N/A;N/A;N/A;N/A;N/A;Sí;N/A;Sí;N/A;Sí;N/A;Sí;N/A;N/A;N/A;N/A;N/A;N/A;N/A;N/A;Sí;N/A;N/A;N/A;N/A;N/A;Sí;N/A;N/A;N/A;N/A;N/A;N/A;N/A;N/A;N/A;"180 hp";N/A;N/A;N/A;N/A;"13 km/l";N/A;N/A;Sí;Sí;Sí;Sí;Sí;Sí;Sí;N/A;"16 km/l";N/A;N/A;N/A;N/A;Sí;"Lun. a Sáb. de 9:30 a 18:30 hs. Dom. de 9:30 a 13 hs";4;1.5;Nafta;Automática;SUV;"Autos y camionetas";No;N/A;N/A;N/A;No;N/A;UY;No;Sí;No;No;N/A;N/A;N/A;N/A;N/A;N/A;N/A;N/A;N/A;N/A;N/A;N/A;N/A;N/A;N/A;N/A;N/A;N/A;N/A;N/A;N/A;N/A;N/A;N/A;N/A;N/A;N/A;N/A;N/A;N/A;N/A;N/A;Sí;N/A;N/A;N/A;N/A;N/A;N/A;N/A;N/A;N/A;N/A;N/A;N/A;N/A;N/A;N/A;N/A;N/A;Sí;No;N/A;N/A;N/A;N/A;N/A;N/A;N/A;N/A;N/A;N/A;N/A;N/A;N/A;N/A;N/A;N/A;N/A;N/A;N/A;N/A;N/A;N/A;N/A;N/A;N/A;N/A;N/A;N/A;N/A;N/A;N/A;N/A;N/A;Sí;Sí;Sí;Sí;Sí;Sí;Sí;N/A;Sí;Sí;Sí;Sí;N/A;N/A;Sí;Sí;N/A;N/A;Sí;N/A;Sí;N/A;N/A;Sí;N/A;N/A
Changan;"CS 35";"Plus Comfort 1.4T 5P AT";2025;"0 km";;SANTAROSASA;29990;;;;;Centro;https://auto.mercadolibre.com.uy/MLU-644396259-changan-cs35-plus-comfort-14t-5p-at-14-2025-0km-_JM;N/A;;"Changan Cs35 Plus Comfort 1.4t 5p At 1.4 2025 0km";USD;Sí;gold_premium;false;N/A;N/A;http://perfil.mercadolibre.com.uy/SANTAROSASA;active;N/A;N/A;Nuevo;"Gris oscuro";N/A;Eléctrica;N/A;N/A;N/A;N/A;N/A;N/A;N/A;Sí;N/A;N/A;N/A;N/A;N/A;N/A;N/A;N/A;N/A;N/A;N/A;N/A;N/A;N/A;N/A;N/A;N/A;N/A;N/A;"1400 cc";N/A;7;N/A;N/A;N/A;N/A;Sí;N/A;N/A;N/A;N/A;N/A;N/A;N/A;N/A;N/A;N/A;N/A;N/A;N/A;N/A;N/A;N/A;N/A;N/A;N/A;N/A;Sí;N/A;N/A;N/A;N/A;N/A;N/A;N/A;N/A;N/A;N/A;N/A;N/A;N/A;N/A;N/A;N/A;N/A;N/A;N/A;N/A;N/A;N/A;N/A;N/A;N/A;N/A;"155 hp";N/A;N/A;N/A;N/A;"12 km/l";N/A;N/A;N/A;N/A;N/A;N/A;N/A;N/A;N/A;N/A;"17 km/l";N/A;N/A;N/A;N/A;N/A;N/A;5;1.4;Nafta;Automática;SUV;"Autos y camionetas";No;N/A;N/A;N/A;No;N/A;N/A;No;Sí;No;No;N/A;N/A;N/A;N/A;N/A;N/A;N/A;N/A;N/A;N/A;N/A;N/A;N/A;N/A;N/A;N/A;N/A;N/A;N/A;N/A;N/A;N/A;N/A;N/A;N/A;N/A;N/A;N/A;N/A;N/A;N/A;N/A;Sí;N/A;N/A;N/A;N/A;N/A;N/A;N/A;N/A;N/A;Sí;N/A;N/A;N/A;N/A;N/A;N/A;N/A;Sí;No;N/A;N/A;N/A;N/A;N/A;N/A;N/A;N/A;N/A;N/A;N/A;N/A;N/A;N/A;N/A;N/A;N/A;N/A;N/A;N/A;N/A;N/A;N/A;N/A;N/A;N/A;N/A;N/A;N/A;N/A;N/A;N/A;N/A;Sí;N/A;N/A;N/A;Sí;Sí;Sí;N/A;N/A;Sí;N/A;Sí;N/A;N/A;Sí;Sí;N/A;N/A;N/A;N/A;N/A;N/A;N/A;N/A;N/A;N/A
Changan;CS55;Luxury;2025;"0 km";;SANTAROSASA;35990;;;;;Centro;https://auto.mercadolibre.com.uy/MLU-644383063-changan-cs55-luxury-15-2025-0km-_JM;N/A;;"Changan Cs55 Luxury 1.5 2025 0km";USD;Sí;gold_premium;false;N/A;N/A;http://perfil.mercadolibre.com.uy/SANTAROSASA;active;N/A;N/A;Nuevo;N/A;N/A;Eléctrica;N/A;Sí;Sí;Sí;Sí;N/A;N/A;Sí;Sí;Sí;Sí;N/A;Sí;Sí;N/A;Sí;N/A;N/A;N/A;N/A;N/A;N/A;N/A;N/A;N/A;N/A;N/A;"1494 cc";N/A;7;N/A;N/A;Sí;Sí;Sí;Sí;Sí;N/A;N/A;N/A;N/A;N/A;N/A;N/A;N/A;N/A;N/A;N/A;N/A;N/A;N/A;N/A;N/A;Sí;N/A;Sí;N/A;Sí;N/A;N/A;N/A;N/A;N/A;N/A;N/A;N/A;Sí;N/A;N/A;N/A;N/A;N/A;Sí;N/A;N/A;N/A;N/A;N/A;N/A;N/A;N/A;N/A;"180 hp";N/A;N/A;N/A;N/A;"13 km/l";N/A;N/A;Sí;N/A;Sí;Sí;Sí;N/A;Sí;N/A;"17 km/l";N/A;N/A;N/A;N/A;Sí;N/A;5;1.5;Nafta;Automática;SUV;"Autos y camionetas";No;N/A;N/A;N/A;No;N/A;N/A;No;Sí;No;No;N/A;N/A;N/A;N/A;N/A;N/A;N/A;N/A;N/A;N/A;N/A;N/A;N/A;N/A;N/A;N/A;N/A;N/A;N/A;N/A;N/A;N/A;N/A;N/A;Sí;N/A;N/A;N/A;N/A;N/A;N/A;N/A;Sí;N/A;N/A;N/A;N/A;N/A;N/A;N/A;N/A;N/A;N/A;N/A;N/A;N/A;N/A;Sí;N/A;N/A;Sí;No;N/A;N/A;N/A;N/A;N/A;N/A;N/A;N/A;N/A;N/A;N/A;N/A;N/A;N/A;N/A;N/A;N/A;N/A;N/A;N/A;N/A;N/A;N/A;N/A;N/A;N/A;N/A;N/A;N/A;Sí;N/A;N/A;N/A;Sí;Sí;Sí;Sí;Sí;Sí;Sí;N/A;Sí;Sí;N/A;Sí;N/A;N/A;Sí;Sí;N/A;N/A;Sí;Sí;Sí;N/A;N/A;N/A;N/A;Sí
Changan;"STAR PICK-UP";Std;2025;"0 km";;SANTAROSASA;12990;;;;;Centro;https://auto.mercadolibre.com.uy/MLU-644434293-changan-star-pick-up-std-12-2025-0km-_JM;N/A;;"Changan Star Pick Up Std 1.2 2025 0km";USD;Sí;gold_premium;false;N/A;N/A;http://perfil.mercadolibre.com.uy/SANTAROSASA;active;N/A;N/A;Nuevo;Blanco;N/A;Mecánica;N/A;N/A;N/A;N/A;N/A;N/A;N/A;N/A;N/A;N/A;N/A;N/A;N/A;N/A;N/A;N/A;N/A;N/A;N/A;N/A;N/A;N/A;N/A;N/A;N/A;N/A;N/A;"1243 cc";N/A;5;N/A;N/A;N/A;N/A;N/A;N/A;N/A;N/A;N/A;N/A;N/A;N/A;N/A;N/A;N/A;N/A;N/A;N/A;N/A;N/A;N/A;N/A;N/A;N/A;N/A;N/A;N/A;N/A;N/A;N/A;N/A;N/A;N/A;N/A;N/A;N/A;N/A;N/A;N/A;N/A;N/A;N/A;N/A;N/A;N/A;N/A;N/A;N/A;N/A;N/A;N/A;N/A;"97 hp";N/A;N/A;N/A;N/A;"14 km/l";N/A;N/A;N/A;N/A;N/A;N/A;N/A;N/A;N/A;N/A;"17 km/l";N/A;N/A;N/A;N/A;N/A;N/A;2;1.2;Nafta;Manual;Pick-Up;"Autos y camionetas";No;N/A;N/A;N/A;No;N/A;N/A;No;Sí;No;No;N/A;N/A;N/A;N/A;N/A;N/A;N/A;N/A;N/A;N/A;N/A;N/A;N/A;N/A;N/A;N/A;N/A;N/A;N/A;N/A;N/A;N/A;N/A;N/A;N/A;N/A;N/A;N/A;N/A;N/A;N/A;N/A;Sí;N/A;N/A;N/A;N/A;N/A;N/A;N/A;N/A;N/A;N/A;N/A;N/A;N/A;N/A;N/A;N/A;N/A;Sí;No;N/A;N/A;N/A;N/A;N/A;N/A;N/A;N/A;N/A;N/A;N/A;N/A;N/A;N/A;N/A;N/A;N/A;N/A;N/A;N/A;N/A;N/A;N/A;N/A;N/A;N/A;N/A;N/A;N/A;N/A;N/A;N/A;N/A;Sí;N/A;N/A;N/A;Sí;N/A;N/A;N/A;N/A;Sí;N/A;N/A;N/A;N/A;N/A;N/A;N/A;N/A;Sí;Sí;Sí;N/A;N/A;N/A;N/A;N/A
Changan;"Cs35 Plus";Luxury;2021;"67000 km";;"USADOS FIDOCAR";18490;;;;;Centro;https://auto.mercadolibre.com.uy/MLU-645857573-changan-cs35-2021-_JM;N/A;;"Changan Cs35 2021";USD;Sí;gold_premium;false;N/A;N/A;http://perfil.mercadolibre.com.uy/USADOS+FIDOCAR;active;N/A;N/A;Usado;Azul;N/A;Asistida;Delantera;N/A;N/A;N/A;N/A;N/A;N/A;N/A;N/A;N/A;N/A;N/A;N/A;N/A;N/A;N/A;N/A;N/A;N/A;N/A;N/A;N/A;N/A;N/A;N/A;N/A;N/A;N/A;N/A;N/A;N/A;N/A;N/A;N/A;N/A;N/A;N/A;N/A;N/A;N/A;N/A;N/A;N/A;N/A;N/A;N/A;N/A;N/A;N/A;N/A;N/A;N/A;N/A;N/A;N/A;N/A;N/A;N/A;N/A;N/A;N/A;N/A;N/A;N/A;N/A;N/A;N/A;N/A;N/A;N/A;N/A;N/A;N/A;N/A;N/A;N/A;N/A;N/A;N/A;N/A;N/A;N/A;N/A;N/A;N/A;N/A;N/A;N/A;N/A;N/A;N/A;N/A;N/A;N/A;N/A;N/A;N/A;N/A;N/A;N/A;N/A;N/A;N/A;N/A;"Lunes a Viernes de 10 a 18hs";5;N/A;Nafta;Automática;SUV;"Autos y camionetas";N/A;N/A;N/A;N/A;N/A;N/A;N/A;N/A;N/A;N/A;N/A;N/A;N/A;N/A;N/A;N/A;N/A;N/A;N/A;N/A;N/A;N/A;N/A;N/A;N/A;N/A;N/A;N/A;N/A;N/A;N/A;N/A;N/A;N/A;N/A;N/A;N/A;N/A;N/A;N/A;N/A;N/A;N/A;N/A;N/A;N/A;N/A;N/A;N/A;N/A;N/A;N/A;N/A;N/A;N/A;N/A;N/A;N/A;N/A;N/A;N/A;N/A;N/A;N/A;N/A;N/A;N/A;N/A;N/A;N/A;N/A;N/A;N/A;N/A;N/A;N/A;N/A;N/A;N/A;N/A;N/A;N/A;N/A;N/A;N/A;N/A;N/A;N/A;N/A;N/A;N/A;N/A;N/A;N/A;N/A;N/A;N/A;N/A;N/A;N/A;N/A;N/A;N/A;N/A;N/A;N/A;N/A;N/A;N/A;N/A;N/A;N/A;N/A;N/A;N/A;N/A;N/A;N/A;N/A;N/A;N/A;N/A
Changan;Uni-V;"1.5 Gdi Elite Dct";2024;"19000 km";;PERGOLES;32500;;;;;"Parque Batlle";https://auto.mercadolibre.com.uy/MLU-700446438-changan-uni-v-_JM;N/A;;"Changan Uni-v";usd;Sí;gold_premium;false;N/A;N/A;http://perfil.mercadolibre.com.uy/PERGOLES;active;N/A;N/A;Usado;Gris;N/A;N/A;Delantera;N/A;N/A;N/A;N/A;N/A;N/A;N/A;N/A;N/A;N/A;N/A;N/A;N/A;N/A;N/A;N/A;N/A;N/A;N/A;N/A;N/A;N/A;N/A;N/A;N/A;"2750 mm";"1.5 L";"51 L";7;N/A;N/A;N/A;N/A;N/A;N/A;N/A;N/A;N/A;N/A;N/A;N/A;N/A;N/A;N/A;N/A;N/A;N/A;N/A;N/A;N/A;N/A;N/A;N/A;N/A;N/A;N/A;N/A;N/A;N/A;N/A;N/A;N/A;N/A;N/A;N/A;N/A;N/A;N/A;N/A;N/A;N/A;N/A;N/A;N/A;"1430 mm";"4680 mm";N/A;N/A;N/A;N/A;5;"185 hp";Elite;N/A;4;"1838 mm";N/A;N/A;N/A;N/A;N/A;N/A;N/A;N/A;N/A;N/A;N/A;N/A;N/A;N/A;N/A;N/A;N/A;"10 A 22";4;1.5;Nafta;Automática;Sedán;"Autos y camionetas";N/A;N/A;N/A;N/A;N/A;N/A;UY;N/A;N/A;N/A;N/A;N/A;N/A;N/A;N/A;N/A;N/A;N/A;N/A;N/A;N/A;N/A;N/A;N/A;N/A;N/A;N/A;N/A;N/A;N/A;N/A;N/A;N/A;N/A;N/A;N/A;N/A;N/A;N/A;N/A;N/A;N/A;N/A;N/A;N/A;N/A;N/A;N/A;N/A;N/A;N/A;N/A;N/A;N/A;N/A;N/A;N/A;N/A;N/A;N/A;N/A;N/A;N/A;N/A;N/A;N/A;N/A;N/A;N/A;N/A;N/A;N/A;N/A;N/A;N/A;N/A;N/A;N/A;N/A;N/A;N/A;N/A;N/A;N/A;N/A;N/A;N/A;N/A;N/A;N/A;N/A;N/A;N/A;N/A;N/A;N/A;N/A;N/A;N/A;N/A;N/A;N/A;N/A;N/A;N/A;N/A;N/A;N/A;N/A;N/A;N/A;N/A;N/A;N/A;N/A;N/A;N/A;N/A;N/A;N/A;N/A;N/A
Changan;"SC55 ELITE";Elite;2024;"0 km";;"MOREIRA AUTOMOVILES";38990;;;;;"Las Piedras";https://auto.mercadolibre.com.uy/MLU-679725260-changan-cs55-elite-elite-_JM;N/A;;"Changan Cs55 Elite Elite";USD;Sí;gold_premium;false;N/A;N/A;http://perfil.mercadolibre.com.uy/MOREIRA+AUTOMOVILES;active;N/A;N/A;Nuevo;N/A;N/A;Hidráulica;4x2;N/A;N/A;N/A;N/A;N/A;N/A;N/A;N/A;N/A;N/A;N/A;N/A;N/A;N/A;N/A;N/A;N/A;N/A;N/A;N/A;N/A;N/A;N/A;N/A;N/A;N/A;N/A;N/A;N/A;N/A;N/A;N/A;N/A;N/A;N/A;N/A;N/A;N/A;N/A;N/A;N/A;N/A;N/A;N/A;N/A;N/A;N/A;N/A;N/A;N/A;N/A;N/A;N/A;N/A;N/A;N/A;N/A;N/A;N/A;N/A;N/A;N/A;N/A;N/A;N/A;N/A;N/A;N/A;N/A;N/A;N/A;N/A;N/A;N/A;N/A;N/A;N/A;N/A;N/A;N/A;N/A;N/A;N/A;N/A;N/A;N/A;N/A;N/A;N/A;N/A;N/A;N/A;N/A;N/A;N/A;N/A;N/A;N/A;N/A;N/A;N/A;N/A;N/A;N/A;5;1.5t;Nafta;Automática;Hatchback;"Autos y camionetas";N/A;N/A;N/A;N/A;N/A;N/A;N/A;N/A;N/A;N/A;N/A;N/A;N/A;N/A;N/A;N/A;N/A;N/A;N/A;N/A;N/A;N/A;N/A;N/A;N/A;N/A;N/A;N/A;N/A;N/A;N/A;N/A;N/A;N/A;N/A;N/A;N/A;N/A;N/A;N/A;N/A;N/A;N/A;N/A;N/A;N/A;N/A;N/A;N/A;N/A;N/A;N/A;N/A;N/A;N/A;N/A;N/A;N/A;N/A;N/A;N/A;N/A;N/A;N/A;N/A;N/A;N/A;N/A;N/A;N/A;N/A;N/A;N/A;N/A;N/A;N/A;N/A;N/A;N/A;N/A;N/A;N/A;N/A;N/A;N/A;N/A;N/A;N/A;N/A;N/A;N/A;N/A;N/A;N/A;N/A;N/A;N/A;N/A;N/A;N/A;N/A;N/A;N/A;N/A;N/A;N/A;N/A;N/A;N/A;N/A;N/A;N/A;N/A;N/A;N/A;N/A;N/A;N/A;N/A;N/A;N/A;N/A
Changan;Star;"PICKUP DOBLE CABINA";2024;"0 km";;"MOREIRA AUTOMOVILES";14490;;;;;"Las Piedras";https://auto.mercadolibre.com.uy/MLU-693437206-changan-star-pickup-doble-cabina-_JM;N/A;;"Changan Star Pickup Doble Cabina";USD;Sí;gold_premium;false;N/A;N/A;http://perfil.mercadolibre.com.uy/MOREIRA+AUTOMOVILES;active;N/A;N/A;Nuevo;N/A;N/A;Mecánica;4x2;Sí;N/A;N/A;N/A;N/A;N/A;N/A;N/A;N/A;N/A;N/A;N/A;Sí;N/A;N/A;N/A;N/A;N/A;N/A;N/A;N/A;N/A;N/A;N/A;N/A;N/A;N/A;N/A;N/A;N/A;N/A;N/A;N/A;N/A;N/A;N/A;N/A;N/A;N/A;N/A;N/A;N/A;N/A;N/A;N/A;N/A;N/A;N/A;N/A;N/A;N/A;N/A;N/A;N/A;N/A;N/A;N/A;N/A;N/A;N/A;N/A;N/A;N/A;N/A;N/A;N/A;N/A;N/A;N/A;N/A;N/A;N/A;N/A;N/A;N/A;N/A;N/A;N/A;N/A;N/A;N/A;N/A;N/A;N/A;N/A;N/A;N/A;N/A;N/A;N/A;N/A;N/A;N/A;N/A;N/A;N/A;N/A;N/A;N/A;N/A;N/A;N/A;N/A;N/A;4;1.2;Nafta;Manual;Pick-Up;"Autos y camionetas";N/A;N/A;N/A;N/A;N/A;N/A;N/A;N/A;N/A;N/A;N/A;N/A;N/A;N/A;N/A;N/A;N/A;N/A;N/A;N/A;N/A;N/A;N/A;N/A;N/A;N/A;N/A;N/A;N/A;N/A;N/A;N/A;N/A;N/A;N/A;N/A;N/A;N/A;N/A;N/A;N/A;N/A;N/A;N/A;N/A;N/A;N/A;N/A;N/A;N/A;N/A;N/A;N/A;N/A;N/A;N/A;N/A;N/A;N/A;N/A;N/A;N/A;N/A;N/A;N/A;N/A;N/A;N/A;N/A;N/A;N/A;N/A;N/A;N/A;N/A;N/A;N/A;N/A;N/A;N/A;N/A;N/A;N/A;N/A;N/A;N/A;N/A;N/A;N/A;N/A;N/A;N/A;N/A;N/A;N/A;N/A;N/A;N/A;N/A;N/A;N/A;N/A;N/A;N/A;N/A;N/A;N/A;N/A;N/A;N/A;N/A;N/A;N/A;N/A;N/A;N/A;N/A;N/A;N/A;N/A;N/A;N/A
Changan;E-STAR;"0.0 E-Star At";2024;"31000 km";;PAKAUTOMOVILES;15990;;;;;Malvin;https://auto.mercadolibre.com.uy/MLU-698881530-changan-e-star-00-e-star-at-_JM;N/A;;"Changan E-star 0.0 E-star At";usd;Sí;gold_premium;false;N/A;N/A;http://perfil.mercadolibre.com.uy/PAKAUTOMOVILES;active;N/A;N/A;Usado;Blanco;N/A;N/A;Delantera;N/A;N/A;N/A;N/A;N/A;N/A;N/A;N/A;N/A;N/A;N/A;N/A;N/A;N/A;N/A;N/A;N/A;N/A;N/A;N/A;N/A;N/A;N/A;N/A;N/A;"2410 mm";"0 L";N/A;N/A;N/A;N/A;N/A;N/A;N/A;N/A;N/A;N/A;N/A;N/A;N/A;N/A;N/A;N/A;N/A;N/A;N/A;N/A;N/A;N/A;N/A;N/A;N/A;N/A;N/A;N/A;N/A;N/A;N/A;N/A;N/A;N/A;N/A;N/A;N/A;N/A;N/A;N/A;N/A;N/A;N/A;N/A;N/A;N/A;N/A;"1570 mm";"3770 mm";N/A;N/A;N/A;N/A;5;"74 hp";N/A;N/A;N/A;"1650 mm";N/A;N/A;N/A;N/A;N/A;N/A;N/A;N/A;N/A;N/A;N/A;N/A;N/A;N/A;N/A;N/A;N/A;N/A;5;0.0;Eléctrico;Automática;Hatchback;"Autos y camionetas";N/A;N/A;N/A;N/A;N/A;N/A;UY;N/A;Sí;N/A;Sí;N/A;N/A;N/A;N/A;N/A;N/A;N/A;N/A;N/A;N/A;N/A;N/A;N/A;N/A;N/A;N/A;N/A;N/A;N/A;N/A;N/A;N/A;N/A;N/A;N/A;N/A;N/A;N/A;N/A;N/A;N/A;N/A;N/A;N/A;N/A;N/A;N/A;N/A;N/A;N/A;N/A;N/A;N/A;N/A;N/A;N/A;N/A;N/A;N/A;N/A;N/A;N/A;N/A;N/A;N/A;N/A;N/A;N/A;N/A;N/A;N/A;N/A;N/A;N/A;N/A;N/A;N/A;N/A;N/A;N/A;N/A;N/A;N/A;N/A;N/A;N/A;N/A;N/A;N/A;N/A;N/A;N/A;N/A;N/A;N/A;N/A;N/A;N/A;N/A;N/A;N/A;N/A;N/A;N/A;N/A;N/A;N/A;N/A;N/A;N/A;N/A;N/A;N/A;N/A;N/A;N/A;N/A;N/A;N/A;N/A;N/A
Changan;Uni-T;"1.5 Techno";2024;"13796 km";;RODRIGUEZRAMIRO30;35000;;;;;"Carrasco Norte";https://auto.mercadolibre.com.uy/MLU-702204688-changan-uni-t-techno-2024-potencia-diseno-y-tecnologia-_JM;N/A;;"Changan Uni-t Techno 2024: Potencia, Diseño Y Tecnología ";usd;Sí;gold_premium;false;N/A;N/A;http://perfil.mercadolibre.com.uy/RODRIGUEZRAMIRO30;active;N/A;N/A;Usado;Blanco;Sí;N/A;Delantera;Sí;Sí;N/A;N/A;N/A;Sí;N/A;N/A;Sí;N/A;N/A;Sí;Sí;N/A;Sí;N/A;N/A;N/A;N/A;N/A;N/A;N/A;N/A;N/A;N/A;"2710 mm";"1.5 L";"55 L";7;N/A;N/A;N/A;N/A;N/A;Sí;N/A;N/A;N/A;N/A;N/A;N/A;N/A;N/A;N/A;N/A;N/A;N/A;N/A;N/A;N/A;N/A;N/A;N/A;N/A;N/A;N/A;N/A;N/A;N/A;N/A;N/A;N/A;N/A;N/A;N/A;N/A;N/A;N/A;N/A;N/A;N/A;N/A;N/A;N/A;"1565 mm";"4515 mm";N/A;N/A;N/A;N/A;5;"180 hp";Techno;N/A;4;"1870 mm";N/A;Sí;N/A;Sí;Sí;N/A;Sí;Sí;N/A;N/A;N/A;N/A;Sí;N/A;N/A;N/A;Sí;N/A;5;1.5;Nafta;Automática;N/A;"Autos y camionetas";N/A;N/A;N/A;N/A;N/A;N/A;UY;N/A;N/A;N/A;N/A;N/A;N/A;N/A;N/A;N/A;N/A;N/A;N/A;N/A;N/A;N/A;N/A;N/A;Sí;N/A;N/A;N/A;N/A;N/A;N/A;N/A;N/A;N/A;N/A;N/A;N/A;N/A;N/A;N/A;N/A;N/A;N/A;Sí;N/A;N/A;N/A;N/A;N/A;N/A;N/A;N/A;N/A;N/A;N/A;N/A;N/A;N/A;N/A;N/A;N/A;Sí;Sí;N/A;N/A;N/A;N/A;N/A;N/A;N/A;N/A;N/A;N/A;N/A;N/A;N/A;N/A;N/A;N/A;N/A;N/A;N/A;N/A;N/A;N/A;N/A;N/A;N/A;N/A;N/A;N/A;N/A;N/A;N/A;N/A;N/A;Sí;N/A;Sí;N/A;Sí;N/A;N/A;N/A;N/A;Sí;Sí;Sí;Sí;N/A;N/A;Sí;Sí;Sí;Sí;Sí;Sí;N/A;N/A;Sí;N/A;Sí
Changan;"Star Cargo";Standar;2025;"0 km";;CHANGANSANTAROSAUY;13990;;;;;Centro;https://auto.mercadolibre.com.uy/MLU-642567953-changan-star-cargo-standar-12-2025-0km-_JM;N/A;;"Changan Star Cargo Standar 1.2 2025 0km";USD;Sí;gold_premium;false;N/A;N/A;http://perfil.mercadolibre.com.uy/CHANGANSANTAROSAUY;active;N/A;N/A;Nuevo;N/A;N/A;Mecánica;N/A;N/A;N/A;N/A;N/A;N/A;N/A;N/A;N/A;N/A;N/A;N/A;N/A;N/A;N/A;N/A;N/A;N/A;N/A;N/A;N/A;N/A;N/A;N/A;N/A;N/A;N/A;"1200 cc";N/A;N/A;N/A;N/A;N/A;N/A;N/A;N/A;N/A;N/A;N/A;N/A;N/A;N/A;N/A;N/A;N/A;N/A;N/A;N/A;N/A;N/A;N/A;N/A;N/A;N/A;N/A;N/A;N/A;N/A;N/A;N/A;N/A;N/A;N/A;N/A;N/A;N/A;N/A;N/A;N/A;N/A;N/A;N/A;N/A;N/A;N/A;N/A;N/A;N/A;N/A;N/A;N/A;N/A;"97 hp";N/A;N/A;N/A;N/A;N/A;N/A;N/A;N/A;N/A;N/A;N/A;N/A;N/A;N/A;Sí;N/A;N/A;N/A;N/A;N/A;N/A;"Lun. a Vie. de 9 a 18 hs.";5;1.2;Nafta;Manual;Furgón;"Autos y camionetas";No;N/A;N/A;N/A;No;N/A;N/A;No;Sí;No;No;N/A;N/A;N/A;N/A;N/A;N/A;N/A;N/A;N/A;N/A;N/A;N/A;N/A;N/A;N/A;N/A;N/A;N/A;N/A;N/A;N/A;N/A;N/A;N/A;N/A;N/A;N/A;N/A;N/A;N/A;N/A;N/A;Sí;N/A;N/A;N/A;N/A;N/A;N/A;N/A;N/A;N/A;N/A;N/A;N/A;N/A;N/A;N/A;N/A;N/A;Sí;No;N/A;N/A;N/A;N/A;N/A;N/A;N/A;N/A;N/A;N/A;N/A;N/A;N/A;N/A;N/A;N/A;N/A;N/A;N/A;N/A;N/A;N/A;N/A;N/A;N/A;N/A;N/A;N/A;N/A;N/A;N/A;N/A;N/A;Sí;N/A;N/A;N/A;Sí;N/A;N/A;N/A;N/A;Sí;N/A;N/A;N/A;N/A;N/A;N/A;N/A;N/A;Sí;Sí;N/A;N/A;N/A;N/A;N/A;N/A
Changan;"Star Pick Up Doble Cabina";Full;2025;"0 km";;CHANGANSANTAROSAUY;15490;;;;;Centro;https://auto.mercadolibre.com.uy/MLU-642592331-changan-star-doble-cabina-full-12-2025-0km-_JM;N/A;;"Changan Star Doble Cabina Full 1.2 2025 0km";USD;Sí;gold_premium;false;N/A;N/A;http://perfil.mercadolibre.com.uy/CHANGANSANTAROSAUY;active;N/A;N/A;Nuevo;N/A;N/A;Mecánica;N/A;Sí;N/A;N/A;N/A;N/A;N/A;N/A;N/A;N/A;N/A;N/A;N/A;Sí;N/A;N/A;N/A;N/A;N/A;N/A;N/A;N/A;N/A;N/A;N/A;N/A;N/A;"1200 cc";N/A;5;N/A;N/A;N/A;N/A;N/A;N/A;N/A;N/A;N/A;N/A;N/A;N/A;N/A;N/A;N/A;N/A;N/A;N/A;N/A;N/A;N/A;N/A;N/A;N/A;N/A;N/A;N/A;N/A;N/A;N/A;N/A;N/A;N/A;N/A;N/A;N/A;N/A;N/A;N/A;N/A;N/A;N/A;N/A;N/A;N/A;N/A;N/A;N/A;N/A;N/A;N/A;N/A;"97 hp";N/A;N/A;N/A;N/A;N/A;N/A;N/A;N/A;N/A;N/A;N/A;N/A;N/A;N/A;N/A;N/A;N/A;N/A;N/A;N/A;N/A;"Lun. a Vie. de 9 a 18 hs.";4;1.2;Nafta;Manual;Pick-Up;"Autos y camionetas";No;N/A;N/A;N/A;No;N/A;N/A;No;Sí;No;No;N/A;N/A;N/A;N/A;N/A;N/A;N/A;N/A;N/A;N/A;N/A;N/A;N/A;N/A;N/A;N/A;N/A;N/A;N/A;N/A;N/A;N/A;N/A;N/A;N/A;N/A;N/A;N/A;N/A;N/A;N/A;N/A;Sí;N/A;N/A;N/A;N/A;N/A;N/A;N/A;N/A;N/A;N/A;N/A;N/A;N/A;N/A;N/A;N/A;N/A;Sí;No;N/A;N/A;N/A;N/A;N/A;N/A;N/A;N/A;N/A;N/A;N/A;N/A;N/A;N/A;N/A;N/A;N/A;N/A;N/A;N/A;N/A;N/A;N/A;N/A;N/A;N/A;N/A;N/A;N/A;N/A;N/A;N/A;N/A;Sí;N/A;N/A;N/A;Sí;N/A;N/A;N/A;N/A;Sí;N/A;N/A;N/A;N/A;N/A;N/A;N/A;N/A;Sí;Sí;N/A;N/A;N/A;N/A;N/A;N/A
Changan;"Star Cargo";Full;2025;"0 km";;CHANGANSANTAROSAUY;14990;;;;;Centro;https://auto.mercadolibre.com.uy/MLU-642592223-changan-star-cargo-full-12-2025-0km-_JM;N/A;;"Changan Star Cargo Full 1.2 2025 0km";USD;Sí;gold_premium;false;N/A;N/A;http://perfil.mercadolibre.com.uy/CHANGANSANTAROSAUY;active;N/A;N/A;Nuevo;N/A;N/A;Mecánica;N/A;Sí;N/A;N/A;N/A;N/A;N/A;N/A;N/A;N/A;N/A;N/A;N/A;N/A;N/A;N/A;N/A;N/A;N/A;N/A;N/A;N/A;N/A;N/A;N/A;N/A;N/A;"1200 cc";N/A;5;N/A;N/A;N/A;N/A;N/A;N/A;N/A;N/A;N/A;N/A;N/A;N/A;N/A;N/A;N/A;N/A;N/A;N/A;N/A;N/A;N/A;N/A;N/A;Sí;N/A;N/A;N/A;N/A;N/A;N/A;N/A;N/A;N/A;N/A;N/A;N/A;N/A;N/A;N/A;N/A;N/A;N/A;N/A;N/A;N/A;N/A;N/A;N/A;N/A;N/A;N/A;N/A;"97 hp";N/A;N/A;N/A;N/A;N/A;N/A;N/A;N/A;N/A;N/A;N/A;N/A;N/A;N/A;Sí;N/A;N/A;N/A;N/A;N/A;N/A;"Lun. a Vie. de 9 a 18 hs.";5;1.2;Nafta;Manual;Furgón;"Autos y camionetas";No;N/A;N/A;N/A;No;N/A;N/A;No;Sí;No;No;N/A;N/A;N/A;N/A;N/A;N/A;N/A;N/A;N/A;N/A;N/A;N/A;N/A;N/A;N/A;N/A;N/A;N/A;N/A;N/A;N/A;N/A;N/A;N/A;N/A;N/A;N/A;N/A;N/A;N/A;N/A;N/A;Sí;N/A;N/A;N/A;N/A;N/A;N/A;N/A;N/A;N/A;N/A;N/A;N/A;N/A;N/A;N/A;N/A;N/A;Sí;No;N/A;N/A;N/A;N/A;N/A;N/A;N/A;N/A;N/A;N/A;N/A;N/A;N/A;N/A;N/A;N/A;N/A;N/A;N/A;N/A;N/A;N/A;N/A;N/A;N/A;N/A;N/A;N/A;N/A;N/A;N/A;N/A;N/A;Sí;N/A;N/A;N/A;Sí;N/A;N/A;N/A;N/A;Sí;N/A;N/A;N/A;N/A;N/A;N/A;N/A;N/A;Sí;Sí;N/A;N/A;N/A;N/A;N/A;N/A
Changan;"STAR PICK-UP";Full;2025;"0 km";;CHANGANSANTAROSAUY;13990;;;;;Centro;https://auto.mercadolibre.com.uy/MLU-642605131-changan-star-pick-up-full-12-2025-0km-_JM;N/A;;"Changan Star Pick Up Full 1.2 2025 0km";USD;Sí;gold_premium;false;N/A;N/A;http://perfil.mercadolibre.com.uy/CHANGANSANTAROSAUY;active;N/A;N/A;Nuevo;N/A;N/A;Mecánica;N/A;Sí;N/A;N/A;N/A;N/A;N/A;N/A;N/A;N/A;N/A;N/A;N/A;Sí;N/A;N/A;N/A;N/A;N/A;N/A;N/A;N/A;N/A;N/A;N/A;N/A;N/A;"1200 cc";N/A;5;N/A;N/A;N/A;N/A;N/A;N/A;N/A;N/A;N/A;N/A;N/A;N/A;N/A;N/A;N/A;N/A;N/A;N/A;N/A;N/A;N/A;N/A;N/A;N/A;N/A;Sí;N/A;N/A;N/A;N/A;N/A;N/A;N/A;N/A;N/A;N/A;N/A;N/A;N/A;N/A;N/A;N/A;N/A;N/A;N/A;N/A;N/A;N/A;N/A;N/A;N/A;N/A;"97 hp";N/A;N/A;N/A;N/A;N/A;N/A;N/A;N/A;N/A;N/A;N/A;N/A;N/A;N/A;Sí;N/A;N/A;N/A;N/A;N/A;N/A;"Lun. a Vie. de 9 a 18 hs.";2;1.2;Nafta;Manual;Pick-Up;"Autos y camionetas";No;N/A;N/A;N/A;No;N/A;N/A;No;Sí;No;No;N/A;N/A;N/A;N/A;N/A;N/A;N/A;N/A;N/A;N/A;N/A;N/A;N/A;N/A;N/A;N/A;N/A;N/A;N/A;N/A;N/A;N/A;N/A;N/A;N/A;N/A;N/A;N/A;N/A;N/A;N/A;N/A;Sí;N/A;N/A;N/A;N/A;N/A;N/A;N/A;N/A;N/A;N/A;N/A;N/A;N/A;N/A;N/A;N/A;N/A;Sí;No;N/A;N/A;N/A;N/A;N/A;N/A;N/A;N/A;N/A;N/A;N/A;N/A;N/A;N/A;N/A;N/A;N/A;N/A;N/A;N/A;N/A;N/A;N/A;N/A;N/A;N/A;N/A;N/A;N/A;N/A;N/A;N/A;N/A;Sí;N/A;N/A;N/A;Sí;N/A;N/A;N/A;Sí;Sí;N/A;N/A;N/A;N/A;N/A;N/A;N/A;N/A;Sí;Sí;N/A;N/A;N/A;N/A;N/A;Sí
Changan;"X7 Plus";"LUXURY T/AUTOMATICA";2025;"0 km";;CHANGANSANTAROSAUY;31990;;;;;Centro;https://auto.mercadolibre.com.uy/MLU-686804884-changan-x7-plus-luxury-tautomatica-15-2025-0km-_JM;N/A;;"Changan X7 Plus Luxury T/automatica 1.5 2025 0km";USD;Sí;gold_premium;false;N/A;N/A;http://perfil.mercadolibre.com.uy/CHANGANSANTAROSAUY;active;N/A;N/A;Nuevo;N/A;N/A;Eléctrica;N/A;N/A;Sí;Sí;Sí;N/A;N/A;Sí;Sí;Sí;N/A;Sí;Sí;Sí;N/A;N/A;N/A;N/A;N/A;N/A;N/A;N/A;N/A;N/A;N/A;N/A;N/A;"1500 cc";N/A;6;N/A;N/A;Sí;Sí;Sí;N/A;Sí;N/A;N/A;N/A;N/A;N/A;N/A;N/A;N/A;N/A;N/A;N/A;N/A;N/A;N/A;N/A;N/A;Sí;N/A;Sí;N/A;Sí;N/A;N/A;N/A;N/A;N/A;N/A;N/A;N/A;Sí;N/A;N/A;N/A;N/A;N/A;Sí;N/A;N/A;N/A;N/A;N/A;N/A;N/A;N/A;N/A;"155 hp";N/A;N/A;N/A;N/A;N/A;N/A;N/A;Sí;Sí;Sí;Sí;Sí;N/A;N/A;N/A;N/A;N/A;N/A;N/A;N/A;Sí;"Lun. a Vie. de 9 a 18 hs.";5;1.5;Nafta;Automática;SUV;"Autos y camionetas";No;N/A;N/A;N/A;No;N/A;N/A;No;Sí;No;No;N/A;N/A;N/A;N/A;N/A;N/A;N/A;N/A;N/A;N/A;N/A;N/A;N/A;Sí;N/A;N/A;N/A;N/A;N/A;N/A;N/A;N/A;N/A;N/A;Sí;N/A;N/A;N/A;N/A;N/A;N/A;N/A;Sí;N/A;N/A;N/A;N/A;N/A;N/A;N/A;N/A;N/A;N/A;N/A;N/A;N/A;Sí;Sí;N/A;N/A;Sí;No;N/A;N/A;N/A;N/A;N/A;N/A;N/A;N/A;N/A;N/A;N/A;N/A;N/A;N/A;N/A;N/A;N/A;N/A;N/A;N/A;N/A;N/A;N/A;N/A;N/A;N/A;N/A;N/A;Sí;Sí;N/A;N/A;N/A;Sí;N/A;Sí;N/A;Sí;Sí;Sí;N/A;Sí;Sí;N/A;Sí;N/A;N/A;N/A;Sí;Sí;N/A;Sí;Sí;Sí;N/A;N/A;N/A;N/A;Sí
Changan;Uni-T;"1.5 Techno";2024;"1891 km";;"ENRIQUE SHAW_AUTOMOVILES";36990;;;;;"Empalme Nicolich";https://auto.mercadolibre.com.uy/MLU-689901694-changan-uni-t-2024-15-techno-_JM;N/A;;"Changan Uni-t 2024 1.5 Techno";usd;Sí;gold_premium;false;N/A;N/A;http://perfil.mercadolibre.com.uy/ENRIQUE+SHAW_AUTOMOVILES;active;N/A;N/A;Usado;Blanco;Sí;N/A;Delantera;Sí;Sí;N/A;N/A;N/A;Sí;N/A;N/A;Sí;N/A;N/A;Sí;Sí;N/A;Sí;N/A;N/A;N/A;N/A;N/A;N/A;N/A;N/A;N/A;N/A;"2710 mm";"1.5 L";"55 L";7;N/A;N/A;N/A;N/A;N/A;Sí;N/A;N/A;N/A;N/A;N/A;N/A;N/A;N/A;N/A;N/A;N/A;N/A;N/A;N/A;N/A;N/A;N/A;N/A;N/A;N/A;N/A;N/A;N/A;N/A;N/A;N/A;N/A;N/A;N/A;N/A;N/A;N/A;N/A;N/A;N/A;N/A;N/A;N/A;N/A;"1565 mm";"4515 mm";N/A;N/A;N/A;N/A;5;"180 hp";Techno;N/A;4;"1870 mm";N/A;Sí;N/A;Sí;Sí;N/A;Sí;Sí;N/A;Sí;N/A;N/A;N/A;N/A;N/A;N/A;Sí;"LUNES A VIERNES DE 9:30 A 13 Y 14:30 A 18:30 HRS. SABADOS DE 10-13 HRS";5;1.5;Nafta;Automática;N/A;"Autos y camionetas";N/A;N/A;N/A;N/A;N/A;N/A;UY;N/A;Sí;N/A;Sí;N/A;N/A;N/A;N/A;N/A;N/A;N/A;N/A;N/A;N/A;N/A;N/A;N/A;Sí;N/A;N/A;N/A;N/A;N/A;N/A;N/A;N/A;N/A;N/A;N/A;N/A;N/A;N/A;N/A;N/A;N/A;N/A;Sí;N/A;N/A;N/A;N/A;N/A;N/A;N/A;N/A;N/A;N/A;N/A;N/A;N/A;N/A;N/A;N/A;N/A;N/A;N/A;N/A;N/A;N/A;N/A;N/A;N/A;N/A;N/A;N/A;N/A;N/A;N/A;N/A;N/A;N/A;N/A;N/A;N/A;N/A;N/A;N/A;N/A;N/A;N/A;N/A;N/A;N/A;N/A;N/A;N/A;N/A;N/A;N/A;Sí;Sí;Sí;N/A;Sí;N/A;N/A;N/A;N/A;Sí;Sí;Sí;Sí;N/A;N/A;Sí;Sí;Sí;Sí;Sí;Sí;Sí;N/A;Sí;N/A;Sí
Changan;UNI-T;Evolution;2025;"0 km";;CHANGANSANTAROSAUY;37990;;;;;Centro;https://auto.mercadolibre.com.uy/MLU-686735234-changan-uni-t-evolution-15-2025-0km-_JM;N/A;;"Changan Uni-t Evolution 1.5 2025 0km";USD;Sí;gold_premium;false;N/A;N/A;http://perfil.mercadolibre.com.uy/CHANGANSANTAROSAUY;active;N/A;N/A;Nuevo;N/A;N/A;Eléctrica;N/A;N/A;Sí;Sí;Sí;N/A;N/A;Sí;Sí;Sí;N/A;N/A;Sí;Sí;N/A;N/A;N/A;N/A;N/A;N/A;N/A;N/A;N/A;N/A;N/A;N/A;N/A;"1500 cc";N/A;7;N/A;N/A;Sí;Sí;Sí;Sí;Sí;N/A;N/A;N/A;N/A;N/A;N/A;N/A;N/A;N/A;N/A;N/A;N/A;N/A;N/A;N/A;N/A;Sí;N/A;Sí;N/A;N/A;N/A;N/A;N/A;N/A;N/A;N/A;N/A;N/A;Sí;N/A;N/A;N/A;N/A;N/A;Sí;N/A;N/A;N/A;N/A;N/A;N/A;N/A;N/A;N/A;"180 hp";N/A;N/A;N/A;N/A;N/A;N/A;N/A;Sí;Sí;Sí;Sí;Sí;Sí;N/A;N/A;N/A;N/A;N/A;N/A;N/A;N/A;"Lun. a Vie. de 9 a 18 hs.";5;1.5;Nafta;"Automática secuencial";SUV;"Autos y camionetas";No;N/A;N/A;N/A;No;N/A;N/A;No;Sí;No;No;N/A;N/A;N/A;N/A;N/A;N/A;N/A;N/A;N/A;N/A;N/A;N/A;N/A;Sí;N/A;N/A;N/A;N/A;N/A;N/A;N/A;N/A;N/A;N/A;Sí;N/A;N/A;N/A;N/A;N/A;N/A;N/A;Sí;N/A;N/A;N/A;N/A;N/A;N/A;N/A;N/A;N/A;Sí;N/A;N/A;N/A;Sí;Sí;N/A;N/A;Sí;No;N/A;N/A;N/A;N/A;N/A;N/A;N/A;Sí;N/A;N/A;N/A;N/A;N/A;N/A;N/A;N/A;N/A;N/A;N/A;N/A;N/A;N/A;N/A;N/A;N/A;N/A;N/A;N/A;N/A;Sí;N/A;N/A;N/A;Sí;N/A;Sí;Sí;Sí;Sí;Sí;N/A;Sí;Sí;N/A;Sí;N/A;N/A;Sí;Sí;Sí;N/A;Sí;Sí;Sí;N/A;N/A;Sí;N/A;Sí
Changan;UNI-T;TECHNO;2025;"0 km";;CHANGANSANTAROSAUY;39990;;;;;Centro;https://auto.mercadolibre.com.uy/MLU-642495879-changan-uni-t-techno-15-2025-0km-_JM;N/A;;"Changan Uni-t Techno 1.5 2025 0km";USD;Sí;gold_premium;false;N/A;N/A;http://perfil.mercadolibre.com.uy/CHANGANSANTAROSAUY;active;N/A;N/A;Nuevo;N/A;N/A;Eléctrica;N/A;N/A;Sí;Sí;Sí;N/A;N/A;Sí;Sí;Sí;Sí;N/A;Sí;Sí;N/A;Sí;N/A;N/A;N/A;N/A;N/A;N/A;N/A;N/A;N/A;N/A;N/A;"1500 cc";N/A;7;N/A;N/A;Sí;Sí;Sí;Sí;Sí;N/A;N/A;N/A;N/A;N/A;N/A;N/A;N/A;N/A;N/A;N/A;N/A;N/A;N/A;Sí;N/A;Sí;N/A;Sí;N/A;Sí;N/A;N/A;N/A;N/A;N/A;N/A;N/A;N/A;Sí;N/A;N/A;N/A;N/A;N/A;Sí;N/A;N/A;N/A;N/A;N/A;N/A;N/A;N/A;N/A;"180 hp";N/A;N/A;N/A;N/A;N/A;N/A;N/A;Sí;Sí;Sí;Sí;Sí;Sí;N/A;N/A;N/A;N/A;Sí;N/A;N/A;Sí;"Lun. a Vie. de 9 a 18 hs.";5;1.5;Nafta;"Automática secuencial";SUV;"Autos y camionetas";No;N/A;N/A;N/A;No;N/A;N/A;No;Sí;No;No;N/A;N/A;N/A;N/A;N/A;N/A;N/A;N/A;N/A;N/A;Sí;N/A;N/A;Sí;N/A;N/A;N/A;N/A;N/A;N/A;N/A;N/A;N/A;N/A;Sí;N/A;N/A;N/A;N/A;N/A;N/A;N/A;Sí;N/A;N/A;N/A;N/A;N/A;N/A;N/A;N/A;N/A;Sí;N/A;N/A;N/A;Sí;Sí;N/A;N/A;Sí;No;N/A;N/A;N/A;N/A;N/A;N/A;N/A;Sí;N/A;N/A;N/A;N/A;N/A;N/A;N/A;N/A;N/A;N/A;N/A;N/A;N/A;N/A;N/A;N/A;N/A;N/A;N/A;N/A;N/A;Sí;N/A;N/A;N/A;Sí;Sí;Sí;Sí;Sí;Sí;Sí;N/A;Sí;Sí;Sí;Sí;N/A;N/A;Sí;Sí;Sí;N/A;Sí;Sí;Sí;N/A;N/A;N/A;N/A;Sí
Changan;"STAR PICK-UP";Std;2025;"0 km";;CHANGANSANTAROSAUY;12990;;;;;Centro;https://auto.mercadolibre.com.uy/MLU-686722292-changan-star-pick-up-std-12-2025-0km-_JM;N/A;;"Changan Star Pick Up Std 1.2 2025 0km";USD;Sí;gold_premium;false;N/A;N/A;http://perfil.mercadolibre.com.uy/CHANGANSANTAROSAUY;active;N/A;N/A;Nuevo;N/A;N/A;Mecánica;N/A;N/A;N/A;N/A;N/A;N/A;N/A;N/A;N/A;N/A;N/A;N/A;N/A;N/A;N/A;N/A;N/A;N/A;N/A;N/A;N/A;N/A;N/A;N/A;N/A;N/A;N/A;"1200 cc";N/A;5;N/A;N/A;N/A;N/A;N/A;N/A;N/A;N/A;N/A;N/A;N/A;N/A;N/A;N/A;N/A;N/A;N/A;N/A;N/A;N/A;N/A;N/A;N/A;N/A;N/A;Sí;N/A;N/A;N/A;N/A;N/A;N/A;N/A;N/A;N/A;N/A;N/A;N/A;N/A;N/A;N/A;N/A;N/A;N/A;N/A;N/A;N/A;N/A;N/A;N/A;N/A;N/A;"97 hp";N/A;N/A;N/A;N/A;N/A;N/A;N/A;N/A;N/A;N/A;N/A;N/A;N/A;N/A;N/A;N/A;N/A;N/A;N/A;N/A;N/A;"Lun. a Vie. de 9 a 18 hs.";2;1.2;Nafta;Manual;Pick-Up;"Autos y camionetas";No;N/A;N/A;N/A;No;N/A;N/A;No;Sí;No;No;N/A;N/A;N/A;N/A;N/A;N/A;N/A;N/A;N/A;N/A;N/A;N/A;N/A;N/A;N/A;N/A;N/A;N/A;N/A;N/A;N/A;N/A;N/A;N/A;N/A;N/A;N/A;N/A;N/A;N/A;N/A;N/A;Sí;N/A;N/A;N/A;N/A;N/A;N/A;N/A;N/A;N/A;N/A;N/A;N/A;N/A;N/A;N/A;N/A;N/A;Sí;No;N/A;N/A;N/A;N/A;N/A;N/A;N/A;N/A;N/A;N/A;N/A;N/A;N/A;N/A;N/A;N/A;N/A;N/A;N/A;N/A;N/A;N/A;N/A;N/A;N/A;N/A;N/A;N/A;N/A;N/A;N/A;N/A;N/A;Sí;N/A;N/A;N/A;Sí;N/A;Sí;N/A;N/A;Sí;N/A;N/A;N/A;N/A;N/A;N/A;N/A;N/A;Sí;Sí;N/A;N/A;N/A;N/A;N/A;N/A
Changan;"X7 Plus";"LUXURY T/MANUAL";2025;"0 km";;CHANGANSANTAROSAUY;27990;;;;;Centro;https://auto.mercadolibre.com.uy/MLU-686604508-changan-x7-plus-luxury-tmanual-15-2025-0km-_JM;N/A;;"Changan X7 Plus Luxury T/manual 1.5 2025 0km";USD;Sí;gold_premium;false;N/A;N/A;http://perfil.mercadolibre.com.uy/CHANGANSANTAROSAUY;active;N/A;N/A;Nuevo;N/A;N/A;Eléctrica;N/A;N/A;Sí;Sí;N/A;N/A;N/A;N/A;Sí;N/A;N/A;N/A;Sí;Sí;N/A;N/A;N/A;N/A;N/A;N/A;N/A;N/A;N/A;N/A;N/A;N/A;N/A;"1500 cc";N/A;6;N/A;N/A;Sí;Sí;Sí;Sí;Sí;N/A;N/A;N/A;N/A;N/A;N/A;N/A;N/A;N/A;N/A;N/A;N/A;N/A;N/A;N/A;N/A;Sí;N/A;Sí;N/A;Sí;N/A;N/A;N/A;N/A;N/A;N/A;N/A;N/A;Sí;N/A;N/A;N/A;N/A;N/A;Sí;N/A;N/A;N/A;N/A;N/A;N/A;N/A;N/A;N/A;"155 hp";N/A;N/A;N/A;N/A;N/A;N/A;N/A;Sí;Sí;Sí;Sí;Sí;Sí;N/A;N/A;N/A;N/A;N/A;N/A;N/A;Sí;"Lun. a Vie. de 9 a 18 hs.";5;1.5;Nafta;Manual;SUV;"Autos y camionetas";No;N/A;N/A;N/A;No;N/A;N/A;No;Sí;No;No;N/A;N/A;N/A;N/A;N/A;N/A;N/A;N/A;N/A;N/A;N/A;N/A;N/A;Sí;N/A;N/A;N/A;N/A;N/A;N/A;N/A;N/A;N/A;N/A;Sí;N/A;N/A;N/A;N/A;N/A;N/A;N/A;Sí;N/A;N/A;N/A;N/A;N/A;N/A;N/A;N/A;N/A;N/A;N/A;N/A;N/A;Sí;Sí;N/A;N/A;Sí;No;N/A;N/A;N/A;N/A;N/A;N/A;N/A;N/A;N/A;N/A;N/A;N/A;N/A;N/A;N/A;N/A;N/A;N/A;N/A;N/A;N/A;N/A;N/A;N/A;N/A;N/A;N/A;N/A;Sí;Sí;N/A;N/A;N/A;Sí;N/A;N/A;N/A;Sí;Sí;Sí;N/A;Sí;Sí;N/A;Sí;N/A;N/A;N/A;Sí;Sí;N/A;Sí;Sí;Sí;N/A;N/A;N/A;N/A;N/A
Changan;CS55;Luxury;2025;"0 km";;CHANGANSANTAROSAUY;34990;;;;;Centro;https://auto.mercadolibre.com.uy/MLU-642443073-changan-cs55-luxury-15-2025-0km-_JM;N/A;;"Changan Cs55 Luxury 1.5 2025 0km";USD;Sí;gold_premium;false;N/A;N/A;http://perfil.mercadolibre.com.uy/CHANGANSANTAROSAUY;active;N/A;N/A;Nuevo;N/A;N/A;Eléctrica;N/A;N/A;Sí;Sí;Sí;N/A;N/A;Sí;Sí;Sí;N/A;N/A;Sí;Sí;N/A;N/A;N/A;N/A;N/A;N/A;N/A;N/A;N/A;N/A;N/A;N/A;N/A;"1500 cc";N/A;7;N/A;N/A;Sí;Sí;Sí;Sí;Sí;N/A;N/A;N/A;N/A;N/A;N/A;N/A;N/A;N/A;N/A;N/A;N/A;N/A;N/A;N/A;N/A;Sí;N/A;Sí;N/A;Sí;N/A;N/A;N/A;N/A;N/A;N/A;N/A;N/A;Sí;N/A;N/A;N/A;N/A;N/A;Sí;N/A;N/A;N/A;N/A;N/A;N/A;N/A;N/A;N/A;"180 hp";N/A;N/A;N/A;N/A;N/A;N/A;N/A;Sí;Sí;Sí;Sí;Sí;Sí;Sí;N/A;N/A;N/A;N/A;N/A;N/A;Sí;"Lun. a Vie. de 9 a 18 hs.";5;1.5;Nafta;"Automática secuencial";SUV;"Autos y camionetas";No;N/A;N/A;N/A;No;N/A;N/A;No;Sí;No;No;N/A;N/A;N/A;N/A;N/A;N/A;N/A;N/A;N/A;N/A;N/A;N/A;N/A;Sí;N/A;N/A;N/A;N/A;N/A;N/A;N/A;N/A;N/A;N/A;Sí;N/A;N/A;N/A;N/A;N/A;N/A;N/A;Sí;N/A;N/A;N/A;N/A;N/A;N/A;N/A;N/A;N/A;N/A;N/A;N/A;N/A;Sí;Sí;N/A;N/A;Sí;No;N/A;N/A;N/A;N/A;N/A;N/A;N/A;Sí;N/A;N/A;N/A;N/A;N/A;N/A;N/A;N/A;N/A;N/A;N/A;N/A;N/A;N/A;N/A;N/A;N/A;N/A;N/A;N/A;N/A;Sí;N/A;N/A;N/A;Sí;N/A;Sí;Sí;Sí;Sí;Sí;N/A;N/A;Sí;N/A;Sí;N/A;N/A;Sí;Sí;Sí;N/A;Sí;Sí;Sí;N/A;N/A;N/A;N/A;N/A
Changan;CS55;"NEW CS55 ELITE";2025;"0 km";;CHANGANSANTAROSAUY;38990;;;;;Centro;https://auto.mercadolibre.com.uy/MLU-642481193-changan-cs55-new-cs55-elite-15-2025-0km-_JM;N/A;;"Changan Cs55 New Cs55 Elite 1.5 2025 0km";USD;Sí;gold_premium;false;N/A;N/A;http://perfil.mercadolibre.com.uy/CHANGANSANTAROSAUY;active;N/A;N/A;Nuevo;N/A;N/A;Eléctrica;N/A;N/A;Sí;Sí;Sí;N/A;N/A;Sí;Sí;Sí;Sí;N/A;Sí;Sí;N/A;Sí;N/A;N/A;N/A;N/A;N/A;N/A;N/A;N/A;N/A;N/A;N/A;"1500 cc";N/A;7;N/A;N/A;Sí;Sí;Sí;Sí;Sí;N/A;N/A;N/A;N/A;N/A;N/A;N/A;N/A;N/A;N/A;N/A;N/A;N/A;N/A;N/A;N/A;Sí;N/A;Sí;N/A;Sí;N/A;N/A;N/A;N/A;N/A;N/A;N/A;N/A;Sí;N/A;N/A;N/A;N/A;N/A;Sí;N/A;N/A;N/A;N/A;N/A;N/A;N/A;N/A;N/A;"180 hp";N/A;N/A;N/A;N/A;N/A;N/A;N/A;Sí;Sí;Sí;Sí;Sí;Sí;Sí;N/A;N/A;N/A;N/A;N/A;N/A;Sí;"Lun. a Vie. de 9 a 18 hs.";5;1.5;Nafta;"Automática secuencial";SUV;"Autos y camionetas";No;N/A;N/A;N/A;No;N/A;N/A;No;Sí;No;No;N/A;N/A;N/A;N/A;N/A;N/A;N/A;N/A;N/A;N/A;N/A;N/A;N/A;Sí;N/A;N/A;N/A;N/A;N/A;N/A;N/A;N/A;N/A;N/A;Sí;N/A;N/A;N/A;N/A;N/A;N/A;N/A;Sí;N/A;N/A;N/A;N/A;N/A;N/A;N/A;N/A;N/A;Sí;N/A;N/A;N/A;Sí;Sí;N/A;N/A;Sí;No;N/A;N/A;N/A;N/A;N/A;N/A;N/A;Sí;N/A;N/A;N/A;N/A;N/A;N/A;N/A;N/A;N/A;N/A;N/A;N/A;N/A;N/A;N/A;N/A;N/A;N/A;N/A;N/A;N/A;Sí;N/A;N/A;N/A;Sí;Sí;Sí;Sí;Sí;Sí;Sí;N/A;Sí;Sí;Sí;Sí;N/A;N/A;Sí;Sí;Sí;N/A;Sí;N/A;Sí;N/A;N/A;N/A;N/A;Sí
Changan;"Cs 35 plus luxury";"1.6cc At";2021;"83000 km";;REDAERIK;20950;;;;;"Ciudad del Plata";https://auto.mercadolibre.com.uy/MLU-702339526-changan-cs-35-_JM;N/A;;"Changan Cs 35";USD;Sí;gold_premium;false;N/A;N/A;http://perfil.mercadolibre.com.uy/REDAERIK;active;N/A;N/A;Usado;Blanco;No;Eléctrica;Delantera;Sí;Sí;N/A;N/A;N/A;No;N/A;N/A;Sí;N/A;N/A;Sí;Sí;N/A;Sí;N/A;N/A;N/A;N/A;N/A;N/A;N/A;N/A;N/A;N/A;N/A;N/A;N/A;N/A;N/A;N/A;N/A;N/A;N/A;N/A;N/A;N/A;N/A;N/A;N/A;N/A;N/A;N/A;N/A;N/A;N/A;N/A;N/A;N/A;N/A;N/A;N/A;N/A;N/A;N/A;N/A;N/A;N/A;N/A;N/A;N/A;N/A;N/A;N/A;N/A;N/A;N/A;N/A;N/A;N/A;N/A;N/A;N/A;N/A;N/A;N/A;N/A;N/A;N/A;N/A;N/A;N/A;N/A;N/A;N/A;N/A;N/A;Sí;N/A;Sí;Sí;N/A;Sí;Sí;N/A;Sí;N/A;N/A;N/A;N/A;N/A;N/A;Sí;"Horario variable. Consulte no molesta";5;1.6cc;Nafta;Automática;SUV;"Autos y camionetas";No;N/A;N/A;N/A;No;N/A;N/A;N/A;Sí;N/A;N/A;N/A;N/A;N/A;N/A;N/A;N/A;N/A;N/A;N/A;N/A;N/A;N/A;N/A;Sí;N/A;N/A;N/A;N/A;N/A;N/A;N/A;N/A;N/A;N/A;N/A;N/A;N/A;N/A;N/A;N/A;N/A;N/A;No;N/A;N/A;N/A;N/A;N/A;N/A;N/A;N/A;N/A;N/A;N/A;N/A;N/A;N/A;N/A;N/A;N/A;No;Sí;N/A;N/A;N/A;N/A;N/A;N/A;N/A;N/A;N/A;N/A;N/A;N/A;N/A;N/A;N/A;N/A;N/A;N/A;N/A;N/A;N/A;N/A;N/A;N/A;N/A;N/A;N/A;N/A;N/A;N/A;N/A;N/A;N/A;Sí;No;Sí;N/A;Sí;N/A;N/A;N/A;N/A;Sí;N/A;Sí;Sí;N/A;N/A;Sí;Sí;Sí;Sí;Sí;Sí;N/A;N/A;Sí;N/A;Sí
Changan;"Cs35 Plus";"C s 35 1.5";2016;"81000 km";;M32023;11900;;;;;"Brazo Oriental";https://auto.mercadolibre.com.uy/MLU-700561232-changan-cs35-plus-c-s-35-15-_JM;N/A;;"Changan Cs35 Plus C S 35 1.5";USD;Sí;gold_premium;false;N/A;N/A;http://perfil.mercadolibre.com.uy/M32023;active;N/A;N/A;Usado;N/A;N/A;N/A;N/A;N/A;N/A;N/A;N/A;N/A;N/A;N/A;N/A;N/A;N/A;N/A;N/A;N/A;N/A;N/A;N/A;N/A;N/A;N/A;N/A;N/A;N/A;N/A;N/A;N/A;N/A;N/A;N/A;N/A;N/A;N/A;N/A;N/A;N/A;N/A;N/A;N/A;N/A;N/A;N/A;N/A;N/A;N/A;N/A;N/A;N/A;N/A;N/A;N/A;N/A;N/A;N/A;N/A;N/A;N/A;N/A;N/A;N/A;N/A;N/A;N/A;N/A;N/A;N/A;N/A;N/A;N/A;N/A;N/A;N/A;N/A;N/A;N/A;N/A;N/A;N/A;N/A;N/A;N/A;N/A;N/A;N/A;N/A;N/A;N/A;N/A;N/A;N/A;N/A;N/A;N/A;N/A;N/A;N/A;N/A;N/A;N/A;N/A;N/A;N/A;N/A;N/A;N/A;N/A;5;N/A;Nafta;N/A;N/A;"Autos y camionetas";N/A;N/A;N/A;N/A;N/A;N/A;N/A;N/A;N/A;N/A;N/A;N/A;N/A;N/A;N/A;N/A;N/A;N/A;N/A;N/A;N/A;N/A;N/A;N/A;N/A;N/A;N/A;N/A;N/A;N/A;N/A;N/A;N/A;N/A;N/A;N/A;N/A;N/A;N/A;N/A;N/A;N/A;N/A;N/A;N/A;N/A;N/A;N/A;N/A;N/A;N/A;N/A;N/A;N/A;N/A;N/A;N/A;N/A;N/A;N/A;N/A;N/A;N/A;N/A;N/A;N/A;N/A;N/A;N/A;N/A;N/A;N/A;N/A;N/A;N/A;N/A;N/A;N/A;N/A;N/A;N/A;N/A;N/A;N/A;N/A;N/A;N/A;N/A;N/A;N/A;N/A;N/A;N/A;N/A;N/A;N/A;N/A;N/A;N/A;N/A;N/A;N/A;N/A;N/A;N/A;N/A;N/A;N/A;N/A;N/A;N/A;N/A;N/A;N/A;N/A;N/A;N/A;N/A;N/A;N/A;N/A;N/A
Changan;UNI-V;37990;2025;"0 km";;CHANGANSANTAROSAUY;37990;;;;;Centro;https://auto.mercadolibre.com.uy/MLU-642495085-changan-uni-v-37990-15-2025-0km-_JM;N/A;;"Changan Uni-v 37990 1.5 2025 0km";USD;Sí;gold_premium;false;N/A;N/A;http://perfil.mercadolibre.com.uy/CHANGANSANTAROSAUY;active;N/A;N/A;Nuevo;N/A;N/A;Eléctrica;N/A;N/A;Sí;Sí;N/A;N/A;N/A;N/A;Sí;N/A;N/A;N/A;Sí;Sí;N/A;Sí;N/A;N/A;N/A;N/A;N/A;N/A;N/A;N/A;N/A;N/A;N/A;"1500 cc";N/A;7;N/A;N/A;Sí;Sí;Sí;Sí;Sí;N/A;N/A;N/A;N/A;N/A;N/A;N/A;N/A;N/A;N/A;N/A;N/A;N/A;N/A;N/A;N/A;Sí;N/A;Sí;N/A;Sí;N/A;N/A;N/A;N/A;N/A;N/A;N/A;N/A;Sí;N/A;N/A;N/A;N/A;N/A;Sí;N/A;N/A;N/A;N/A;N/A;N/A;N/A;N/A;N/A;"180 hp";N/A;N/A;N/A;N/A;N/A;N/A;N/A;Sí;Sí;Sí;Sí;Sí;Sí;Sí;N/A;N/A;N/A;N/A;N/A;N/A;N/A;"Lun. a Vie. de 9 a 18 hs.";5;1.5;Nafta;"Automática secuencial";Sedán;"Autos y camionetas";No;N/A;N/A;N/A;No;N/A;N/A;No;Sí;No;No;N/A;N/A;N/A;N/A;N/A;N/A;N/A;N/A;N/A;N/A;Sí;N/A;N/A;Sí;N/A;N/A;N/A;N/A;N/A;N/A;N/A;N/A;N/A;N/A;Sí;N/A;N/A;N/A;N/A;N/A;N/A;N/A;Sí;N/A;N/A;N/A;N/A;N/A;N/A;N/A;N/A;N/A;N/A;N/A;N/A;N/A;Sí;Sí;N/A;N/A;Sí;No;N/A;N/A;N/A;N/A;N/A;N/A;N/A;N/A;N/A;N/A;N/A;N/A;N/A;N/A;N/A;N/A;N/A;N/A;N/A;N/A;N/A;N/A;N/A;N/A;N/A;N/A;N/A;N/A;N/A;Sí;N/A;N/A;N/A;Sí;N/A;Sí;Sí;Sí;Sí;Sí;N/A;Sí;Sí;Sí;Sí;N/A;N/A;Sí;Sí;Sí;N/A;Sí;Sí;Sí;N/A;N/A;N/A;N/A;Sí
Changan;"Star Cargo";Cargo;2024;"0 km";;FACIL.CAR;13990;;;;;Centro;https://auto.mercadolibre.com.uy/MLU-702222660-changan-star-cargo-cargo-12-2024-0km-_JM;N/A;;"Changan Star Cargo Cargo 1.2 2024 0km";USD;Sí;gold_premium;false;N/A;N/A;http://perfil.mercadolibre.com.uy/FACIL.CAR;active;N/A;N/A;Nuevo;Blanco;N/A;Mecánica;N/A;N/A;N/A;N/A;N/A;N/A;N/A;N/A;N/A;N/A;N/A;N/A;N/A;N/A;N/A;N/A;N/A;N/A;N/A;N/A;N/A;N/A;N/A;N/A;N/A;N/A;N/A;"1200 cc";N/A;5;N/A;N/A;N/A;N/A;N/A;N/A;N/A;N/A;N/A;N/A;N/A;N/A;N/A;N/A;N/A;N/A;N/A;N/A;N/A;N/A;N/A;N/A;N/A;N/A;N/A;N/A;N/A;N/A;N/A;N/A;N/A;N/A;N/A;N/A;N/A;N/A;N/A;N/A;N/A;N/A;N/A;N/A;N/A;N/A;N/A;N/A;N/A;N/A;N/A;N/A;N/A;N/A;"97 hp";N/A;N/A;N/A;N/A;"12 km/l";N/A;N/A;N/A;N/A;N/A;N/A;N/A;N/A;N/A;N/A;"15 km/l";N/A;N/A;N/A;N/A;N/A;"Lunes a Viernes de 9:00 a 18:30 horas";4;1.2;Nafta;Manual;Furgón;"Autos y camionetas";No;N/A;N/A;N/A;No;N/A;N/A;No;Sí;No;No;N/A;N/A;N/A;N/A;N/A;N/A;N/A;N/A;N/A;N/A;N/A;N/A;N/A;N/A;N/A;N/A;N/A;N/A;N/A;N/A;N/A;N/A;N/A;N/A;N/A;N/A;N/A;N/A;N/A;N/A;N/A;N/A;Sí;N/A;N/A;N/A;N/A;N/A;N/A;N/A;N/A;N/A;N/A;N/A;N/A;N/A;N/A;N/A;N/A;N/A;Sí;No;N/A;N/A;N/A;N/A;N/A;N/A;N/A;N/A;N/A;N/A;N/A;N/A;N/A;N/A;N/A;N/A;N/A;N/A;N/A;N/A;N/A;N/A;N/A;N/A;N/A;N/A;N/A;N/A;N/A;N/A;N/A;N/A;N/A;Sí;N/A;N/A;N/A;Sí;N/A;N/A;N/A;N/A;Sí;N/A;N/A;N/A;N/A;N/A;N/A;N/A;N/A;Sí;N/A;N/A;N/A;N/A;N/A;N/A;N/A
Changan;"STAR PICK-UP";Pick-up;2024;"0 km";;FACIL.CAR;12990;;;;;Centro;https://auto.mercadolibre.com.uy/MLU-702183670-changan-star-pick-up-pick-up-12-2024-0km-_JM;N/A;;"Changan Star Pick Up Pick-up 1.2 2024 0km";USD;Sí;gold_premium;false;N/A;N/A;http://perfil.mercadolibre.com.uy/FACIL.CAR;active;N/A;N/A;Nuevo;Plateado;N/A;Mecánica;N/A;N/A;N/A;N/A;N/A;N/A;N/A;N/A;N/A;N/A;N/A;N/A;N/A;N/A;N/A;N/A;N/A;N/A;N/A;N/A;N/A;N/A;N/A;N/A;N/A;N/A;N/A;"1200 cc";N/A;5;N/A;N/A;N/A;N/A;N/A;N/A;N/A;N/A;N/A;N/A;N/A;N/A;N/A;N/A;N/A;N/A;N/A;N/A;N/A;N/A;N/A;N/A;N/A;N/A;N/A;N/A;N/A;N/A;N/A;N/A;N/A;N/A;N/A;N/A;N/A;N/A;N/A;N/A;N/A;N/A;N/A;N/A;N/A;N/A;N/A;N/A;N/A;N/A;N/A;N/A;N/A;N/A;"97 hp";N/A;N/A;N/A;N/A;N/A;N/A;N/A;N/A;N/A;N/A;N/A;N/A;N/A;N/A;N/A;N/A;N/A;N/A;N/A;N/A;N/A;"Lunes a Viernes de 9:00 a 18:30 horas";2;1.2;Nafta;Manual;Pick-Up;"Autos y camionetas";No;N/A;N/A;N/A;No;N/A;N/A;No;Sí;No;No;N/A;N/A;N/A;N/A;N/A;N/A;N/A;N/A;N/A;N/A;N/A;N/A;N/A;N/A;N/A;N/A;N/A;N/A;N/A;N/A;N/A;N/A;N/A;N/A;N/A;N/A;N/A;N/A;N/A;N/A;N/A;N/A;Sí;N/A;N/A;N/A;N/A;N/A;N/A;N/A;N/A;N/A;N/A;N/A;N/A;N/A;N/A;N/A;N/A;N/A;Sí;No;N/A;N/A;N/A;N/A;N/A;N/A;N/A;N/A;N/A;N/A;N/A;N/A;N/A;N/A;N/A;N/A;N/A;N/A;N/A;N/A;N/A;N/A;N/A;N/A;N/A;N/A;N/A;N/A;N/A;N/A;N/A;N/A;N/A;Sí;N/A;N/A;N/A;Sí;N/A;N/A;N/A;N/A;Sí;N/A;N/A;N/A;N/A;N/A;N/A;N/A;N/A;Sí;N/A;N/A;N/A;N/A;N/A;N/A;N/A
Changan;E-STAR;"Ideal 1.0";2012;"9855 km";;GGONZALES52188;4500;;;;;Peñarol;https://auto.mercadolibre.com.uy/MLU-646540129-changa-ideal-_JM;N/A;;"Changa Ideal";USD;Sí;gold_premium;false;N/A;N/A;http://perfil.mercadolibre.com.uy/GGONZALES52188;active;N/A;N/A;Usado;Azul;N/A;N/A;N/A;N/A;N/A;N/A;N/A;N/A;N/A;N/A;N/A;N/A;N/A;N/A;N/A;N/A;N/A;N/A;N/A;N/A;N/A;N/A;N/A;N/A;N/A;N/A;N/A;N/A;N/A;N/A;N/A;N/A;N/A;N/A;N/A;N/A;N/A;N/A;N/A;N/A;N/A;N/A;N/A;N/A;N/A;N/A;N/A;N/A;N/A;N/A;N/A;N/A;N/A;N/A;N/A;N/A;N/A;N/A;N/A;N/A;N/A;N/A;N/A;N/A;N/A;N/A;N/A;N/A;N/A;N/A;N/A;N/A;N/A;N/A;N/A;N/A;N/A;N/A;N/A;N/A;N/A;N/A;N/A;N/A;N/A;N/A;N/A;N/A;N/A;N/A;N/A;N/A;N/A;N/A;N/A;N/A;N/A;N/A;N/A;N/A;N/A;N/A;N/A;N/A;N/A;N/A;N/A;5;N/A;Nafta;N/A;N/A;"Autos y camionetas";N/A;N/A;N/A;N/A;N/A;N/A;N/A;N/A;N/A;N/A;N/A;N/A;N/A;N/A;N/A;N/A;N/A;N/A;N/A;N/A;N/A;N/A;N/A;N/A;N/A;N/A;N/A;N/A;N/A;N/A;N/A;N/A;N/A;N/A;N/A;N/A;N/A;N/A;N/A;N/A;N/A;N/A;N/A;N/A;N/A;N/A;N/A;N/A;N/A;N/A;N/A;N/A;N/A;N/A;N/A;N/A;N/A;N/A;N/A;N/A;N/A;N/A;N/A;N/A;N/A;N/A;N/A;N/A;N/A;N/A;N/A;N/A;N/A;N/A;N/A;N/A;N/A;N/A;N/A;N/A;N/A;N/A;N/A;N/A;N/A;N/A;N/A;N/A;N/A;N/A;N/A;N/A;N/A;N/A;N/A;N/A;N/A;N/A;N/A;N/A;N/A;N/A;N/A;N/A;N/A;N/A;N/A;N/A;N/A;N/A;N/A;N/A;N/A;N/A;N/A;N/A;N/A;N/A;N/A;N/A;N/A;N/A
Changan;UNI-T;Evolution;2024;"0 km";;SANTAROSAGALICIA908;37990;;;;;Centro;https://auto.mercadolibre.com.uy/MLU-673265930-changan-uni-t-evolution--_JM;N/A;;"Changan Uni-t Evolution //";USD;Sí;gold_premium;false;N/A;N/A;http://perfil.mercadolibre.com.uy/SANTAROSAGALICIA908;active;N/A;N/A;Nuevo;Gris;N/A;Eléctrica;Delantera;Sí;Sí;N/A;N/A;N/A;Sí;N/A;N/A;Sí;N/A;N/A;Sí;Sí;N/A;Sí;N/A;N/A;N/A;N/A;N/A;N/A;N/A;N/A;N/A;N/A;N/A;N/A;N/A;N/A;N/A;N/A;N/A;N/A;N/A;Sí;N/A;N/A;N/A;N/A;N/A;N/A;N/A;N/A;N/A;N/A;N/A;N/A;N/A;N/A;N/A;N/A;N/A;N/A;N/A;N/A;N/A;N/A;N/A;No;N/A;N/A;N/A;N/A;N/A;N/A;N/A;N/A;N/A;N/A;N/A;N/A;N/A;N/A;N/A;N/A;N/A;N/A;N/A;N/A;N/A;N/A;N/A;N/A;N/A;N/A;N/A;N/A;No;N/A;Sí;Sí;N/A;Sí;Sí;N/A;Sí;N/A;N/A;No;Sí;N/A;N/A;Sí;"Lunes a Viernes de 09 a 18:30hs";5;"1.5 Turbo";Nafta;Automática;Hatchback;"Autos y camionetas";No;N/A;N/A;N/A;Sí;N/A;N/A;N/A;Sí;N/A;Sí;N/A;N/A;N/A;N/A;N/A;N/A;N/A;N/A;N/A;N/A;N/A;N/A;N/A;Sí;N/A;N/A;N/A;N/A;N/A;N/A;N/A;N/A;N/A;N/A;N/A;N/A;N/A;N/A;N/A;N/A;N/A;N/A;Sí;N/A;N/A;N/A;N/A;N/A;N/A;N/A;N/A;N/A;N/A;N/A;N/A;N/A;N/A;N/A;N/A;N/A;Sí;No;N/A;N/A;N/A;N/A;N/A;N/A;N/A;N/A;N/A;N/A;N/A;N/A;N/A;N/A;N/A;N/A;N/A;N/A;N/A;N/A;N/A;N/A;N/A;N/A;N/A;N/A;N/A;N/A;N/A;N/A;N/A;N/A;No;Sí;Sí;Sí;N/A;Sí;N/A;N/A;N/A;N/A;Sí;Sí;Sí;Sí;N/A;N/A;Sí;N/A;Sí;Sí;Sí;Sí;No;No;Sí;N/A;Sí
Changan;"Cs35 Plus";"1.4 Luxury Dct";2022;"45000 km";;ECASTROS;25000;;;;;Libertad;https://auto.mercadolibre.com.uy/MLU-646763211-changan-cs35-plus-14-luxury-dct-_JM;N/A;;"Changan Cs35 Plus 1.4 Luxury Dct";usd;Sí;gold_premium;false;N/A;N/A;http://perfil.mercadolibre.com.uy/ECASTROS;active;N/A;N/A;Usado;Gris;Sí;Eléctrica;Delantera;Sí;Sí;N/A;N/A;N/A;Sí;N/A;N/A;Sí;N/A;N/A;Sí;Sí;N/A;Sí;N/A;N/A;N/A;N/A;N/A;N/A;N/A;N/A;N/A;N/A;"2600 mm";"1.4 L";"45 L";7;N/A;N/A;N/A;N/A;N/A;Sí;N/A;N/A;N/A;N/A;N/A;N/A;N/A;N/A;N/A;N/A;N/A;N/A;N/A;N/A;N/A;N/A;N/A;N/A;N/A;N/A;N/A;N/A;N/A;No;N/A;N/A;N/A;N/A;N/A;N/A;N/A;N/A;N/A;N/A;N/A;N/A;N/A;N/A;N/A;"1660 mm";"4335 mm";N/A;N/A;N/A;N/A;5;"155 hp";Luxury;N/A;4;"1825 mm";N/A;Sí;N/A;Sí;Sí;N/A;Sí;Sí;N/A;Sí;N/A;N/A;No;No;N/A;N/A;Sí;"Todos los dias";5;1.4;Nafta;Automática;SUV;"Autos y camionetas";Sí;N/A;N/A;N/A;No;N/A;UY;N/A;No;N/A;N/A;N/A;N/A;N/A;N/A;N/A;N/A;N/A;N/A;N/A;N/A;N/A;N/A;N/A;Sí;N/A;N/A;N/A;N/A;N/A;N/A;N/A;N/A;N/A;N/A;N/A;N/A;N/A;N/A;N/A;N/A;N/A;N/A;Sí;N/A;N/A;N/A;N/A;N/A;N/A;N/A;N/A;N/A;N/A;N/A;N/A;N/A;N/A;N/A;N/A;N/A;N/A;Sí;N/A;N/A;N/A;N/A;N/A;N/A;N/A;N/A;N/A;N/A;N/A;N/A;N/A;N/A;N/A;N/A;N/A;N/A;N/A;N/A;N/A;N/A;N/A;N/A;N/A;N/A;N/A;N/A;N/A;N/A;N/A;N/A;No;Sí;Sí;Sí;N/A;Sí;N/A;N/A;N/A;N/A;Sí;No;Sí;Sí;N/A;N/A;Sí;Sí;Sí;Sí;Sí;Sí;No;No;Sí;N/A;Sí
Changan;"Cabina simple";Full;2019;"59000 km";;HORACIOTEQ2;7500;;;;;"San Carlos";https://auto.mercadolibre.com.uy/MLU-646979187-full-aire-vidriosalerma-con-bloqueo-direccion-asientos-_JM;N/A;;"Full, Aire ,vidrios,alerma Con Bloqueo, Dirección, Asientos";USD;Sí;gold_premium;false;N/A;N/A;http://perfil.mercadolibre.com.uy/HORACIOTEQ2;active;N/A;N/A;Usado;Blanco;No;Hidráulica;N/A;N/A;N/A;N/A;N/A;N/A;N/A;N/A;N/A;N/A;N/A;N/A;N/A;N/A;N/A;N/A;N/A;N/A;N/A;N/A;N/A;N/A;N/A;N/A;N/A;N/A;N/A;N/A;N/A;N/A;N/A;N/A;N/A;N/A;N/A;N/A;N/A;N/A;N/A;N/A;N/A;N/A;N/A;N/A;N/A;N/A;N/A;N/A;N/A;N/A;N/A;N/A;N/A;N/A;N/A;N/A;N/A;N/A;N/A;N/A;N/A;N/A;N/A;N/A;N/A;N/A;N/A;N/A;N/A;N/A;N/A;N/A;N/A;N/A;N/A;N/A;N/A;N/A;N/A;N/A;N/A;N/A;N/A;N/A;N/A;N/A;N/A;N/A;N/A;N/A;N/A;N/A;N/A;N/A;N/A;N/A;N/A;N/A;N/A;N/A;N/A;N/A;N/A;N/A;N/A;2;1.0;Nafta;N/A;Pick-Up;"Autos y camionetas";N/A;N/A;N/A;N/A;N/A;N/A;N/A;N/A;N/A;N/A;N/A;N/A;N/A;N/A;N/A;N/A;N/A;N/A;N/A;N/A;N/A;N/A;N/A;N/A;N/A;N/A;N/A;N/A;N/A;N/A;N/A;N/A;N/A;N/A;N/A;N/A;N/A;N/A;N/A;N/A;N/A;N/A;N/A;N/A;N/A;N/A;N/A;N/A;N/A;N/A;N/A;N/A;N/A;N/A;N/A;N/A;N/A;N/A;N/A;N/A;N/A;N/A;N/A;N/A;N/A;N/A;N/A;N/A;N/A;N/A;N/A;N/A;N/A;N/A;N/A;N/A;N/A;N/A;N/A;N/A;N/A;N/A;N/A;N/A;N/A;N/A;N/A;N/A;N/A;N/A;N/A;N/A;N/A;N/A;N/A;N/A;N/A;N/A;N/A;N/A;N/A;N/A;N/A;N/A;N/A;N/A;N/A;N/A;N/A;N/A;N/A;N/A;N/A;N/A;N/A;N/A;N/A;N/A;N/A;N/A;N/A;N/A
Changan;"Star Pick Up Doble Cabina";Pick-up;2024;"0 km";;FACIL.CAR;14490;;;;;Centro;https://auto.mercadolibre.com.uy/MLU-702248684-changan-star-doble-cabina-pick-up-12-2024-0km-_JM;N/A;;"Changan Star Doble Cabina Pick-up 1.2 2024 0km";USD;Sí;gold_premium;false;N/A;N/A;http://perfil.mercadolibre.com.uy/FACIL.CAR;active;N/A;N/A;Nuevo;Plateado;N/A;Mecánica;N/A;N/A;N/A;N/A;N/A;N/A;N/A;N/A;N/A;N/A;N/A;N/A;N/A;N/A;N/A;N/A;N/A;N/A;N/A;N/A;N/A;N/A;N/A;N/A;N/A;N/A;N/A;"1200 cc";N/A;N/A;N/A;N/A;N/A;N/A;N/A;N/A;N/A;N/A;N/A;N/A;N/A;N/A;N/A;N/A;N/A;N/A;N/A;N/A;N/A;N/A;N/A;N/A;N/A;N/A;N/A;N/A;N/A;N/A;N/A;N/A;N/A;N/A;N/A;N/A;N/A;N/A;N/A;N/A;N/A;N/A;N/A;N/A;N/A;N/A;N/A;N/A;N/A;N/A;N/A;N/A;N/A;N/A;N/A;N/A;N/A;N/A;N/A;N/A;N/A;N/A;N/A;N/A;N/A;N/A;N/A;N/A;N/A;N/A;N/A;N/A;N/A;N/A;N/A;N/A;"Lunes a Viernes de 9:00 a 18:30 horas";4;1.2;Nafta;Manual;Pick-Up;"Autos y camionetas";No;N/A;N/A;N/A;No;N/A;N/A;No;Sí;No;No;N/A;N/A;N/A;N/A;N/A;N/A;N/A;N/A;N/A;N/A;N/A;N/A;N/A;N/A;N/A;N/A;N/A;N/A;N/A;N/A;N/A;N/A;N/A;N/A;N/A;N/A;N/A;N/A;N/A;N/A;N/A;N/A;Sí;N/A;N/A;N/A;N/A;N/A;N/A;N/A;N/A;N/A;N/A;N/A;N/A;N/A;N/A;N/A;N/A;N/A;Sí;No;N/A;N/A;N/A;N/A;N/A;N/A;N/A;N/A;N/A;N/A;N/A;N/A;N/A;N/A;N/A;N/A;N/A;N/A;N/A;N/A;N/A;N/A;N/A;N/A;N/A;N/A;N/A;N/A;N/A;N/A;N/A;N/A;N/A;Sí;N/A;N/A;N/A;Sí;N/A;N/A;N/A;N/A;Sí;N/A;N/A;N/A;N/A;N/A;N/A;N/A;N/A;Sí;N/A;N/A;N/A;N/A;N/A;N/A;N/A
Changan;"Star Box";Box;2024;"0 km";;FACIL.CAR;14990;;;;;Centro;https://auto.mercadolibre.com.uy/MLU-702170674-changan-star-box-box-12-2024-0km-_JM;N/A;;"Changan Star Box Box 1.2 2024 0km";USD;Sí;gold_premium;false;N/A;N/A;http://perfil.mercadolibre.com.uy/FACIL.CAR;active;N/A;N/A;Nuevo;Blanco;N/A;Mecánica;N/A;N/A;N/A;N/A;N/A;N/A;N/A;N/A;N/A;N/A;N/A;N/A;N/A;N/A;N/A;N/A;N/A;N/A;N/A;N/A;N/A;N/A;N/A;N/A;N/A;N/A;N/A;"1200 cc";N/A;N/A;N/A;N/A;N/A;N/A;N/A;N/A;N/A;N/A;N/A;N/A;N/A;N/A;N/A;N/A;N/A;N/A;N/A;N/A;N/A;N/A;N/A;N/A;N/A;N/A;N/A;N/A;N/A;N/A;N/A;N/A;N/A;N/A;N/A;N/A;N/A;N/A;N/A;N/A;N/A;N/A;N/A;N/A;N/A;N/A;N/A;N/A;N/A;N/A;N/A;N/A;N/A;N/A;N/A;N/A;N/A;N/A;N/A;N/A;N/A;N/A;N/A;N/A;N/A;N/A;N/A;N/A;N/A;N/A;N/A;N/A;N/A;N/A;N/A;N/A;"Lunes a Viernes de 9:00 a 18:30 horas";2;1.2;Nafta;Manual;"Light Truck";"Autos y camionetas";No;N/A;N/A;N/A;No;N/A;N/A;No;Sí;No;No;N/A;N/A;N/A;N/A;N/A;N/A;N/A;N/A;N/A;N/A;N/A;N/A;N/A;N/A;N/A;N/A;N/A;N/A;N/A;N/A;N/A;N/A;N/A;N/A;N/A;N/A;N/A;N/A;N/A;N/A;N/A;N/A;Sí;N/A;N/A;N/A;N/A;N/A;N/A;N/A;N/A;N/A;N/A;N/A;N/A;N/A;N/A;N/A;N/A;N/A;Sí;No;N/A;N/A;N/A;N/A;N/A;N/A;N/A;N/A;N/A;N/A;N/A;N/A;N/A;N/A;N/A;N/A;N/A;N/A;N/A;N/A;N/A;N/A;N/A;N/A;N/A;N/A;N/A;N/A;N/A;N/A;N/A;N/A;N/A;Sí;N/A;N/A;N/A;Sí;N/A;N/A;N/A;N/A;Sí;N/A;N/A;N/A;N/A;N/A;N/A;N/A;N/A;Sí;N/A;N/A;N/A;N/A;N/A;N/A;N/A
Changan;Uni-T;"1.5 Techno";2024;"0 km";;"OLIVERA AUTOMOTORES";39990;;;;;Salto;https://auto.mercadolibre.com.uy/MLU-696817532-changan-unit-techno-_JM;N/A;;"Changan Unit Techno";usd;Sí;gold;false;N/A;N/A;http://perfil.mercadolibre.com.uy/OLIVERA+AUTOMOTORES;active;N/A;N/A;Nuevo;Blanco;N/A;N/A;Delantera;N/A;N/A;N/A;N/A;N/A;N/A;N/A;N/A;N/A;N/A;N/A;N/A;N/A;N/A;N/A;N/A;N/A;N/A;N/A;N/A;N/A;N/A;N/A;N/A;N/A;"2710 mm";"1.5 L";"55 L";7;N/A;N/A;N/A;N/A;N/A;N/A;N/A;N/A;N/A;N/A;N/A;N/A;N/A;N/A;N/A;N/A;N/A;N/A;N/A;N/A;N/A;N/A;N/A;N/A;N/A;N/A;N/A;N/A;N/A;N/A;N/A;N/A;N/A;N/A;N/A;N/A;N/A;N/A;N/A;N/A;N/A;N/A;N/A;N/A;N/A;"1565 mm";"4515 mm";N/A;N/A;N/A;N/A;5;"180 hp";Techno;N/A;4;"1870 mm";N/A;N/A;N/A;N/A;N/A;N/A;N/A;N/A;N/A;N/A;N/A;N/A;N/A;N/A;N/A;N/A;N/A;N/A;5;1.5;Nafta;Automática;N/A;"Autos y camionetas";N/A;N/A;N/A;N/A;N/A;N/A;UY;N/A;N/A;N/A;N/A;N/A;N/A;N/A;N/A;N/A;N/A;N/A;N/A;N/A;N/A;N/A;N/A;N/A;N/A;N/A;N/A;N/A;N/A;N/A;N/A;N/A;N/A;N/A;N/A;N/A;N/A;N/A;N/A;N/A;N/A;N/A;N/A;N/A;N/A;N/A;N/A;N/A;N/A;N/A;N/A;N/A;N/A;N/A;N/A;N/A;N/A;N/A;N/A;N/A;N/A;N/A;N/A;N/A;N/A;N/A;N/A;N/A;N/A;N/A;N/A;N/A;N/A;N/A;N/A;N/A;N/A;N/A;N/A;N/A;N/A;N/A;N/A;N/A;N/A;N/A;N/A;N/A;N/A;N/A;N/A;N/A;N/A;N/A;N/A;N/A;N/A;N/A;N/A;N/A;N/A;N/A;N/A;N/A;N/A;N/A;N/A;N/A;N/A;N/A;N/A;N/A;N/A;N/A;N/A;N/A;N/A;N/A;N/A;N/A;N/A;N/A
Changan;"CS 35";"PLUS LUXURY M/T";2021;"60000 km";;SOLYCARAUTOMOVILES;19500;;;;;Solymar;https://auto.mercadolibre.com.uy/MLU-645128479-changan-cs35-plus-luxury-mt-16-2021-muy-buena-solycar-_JM;N/A;;"Changan Cs35 Plus Luxury M/t 1.6 2021 Muy Buena! - Solycar";USD;Sí;gold;false;N/A;N/A;http://perfil.mercadolibre.com.uy/SOLYCARAUTOMOVILES;active;N/A;N/A;Usado;Azul;N/A;Hidráulica;4x2;Sí;Sí;Sí;N/A;N/A;N/A;Sí;Sí;Sí;Sí;Sí;Sí;Sí;N/A;Sí;N/A;N/A;N/A;N/A;N/A;N/A;N/A;N/A;N/A;N/A;N/A;"1598 cc";N/A;5;N/A;N/A;Sí;Sí;Sí;N/A;N/A;N/A;N/A;N/A;N/A;N/A;N/A;N/A;N/A;N/A;N/A;N/A;N/A;N/A;N/A;N/A;N/A;Sí;N/A;Sí;N/A;Sí;N/A;Sí;N/A;N/A;N/A;N/A;N/A;N/A;Sí;N/A;N/A;N/A;N/A;N/A;Sí;N/A;N/A;N/A;N/A;N/A;N/A;N/A;N/A;N/A;"115 hp";N/A;N/A;N/A;N/A;"12 km/l";N/A;N/A;N/A;Sí;Sí;Sí;Sí;N/A;Sí;N/A;"15 km/l";N/A;N/A;N/A;N/A;Sí;"Lun. a Vie. de 9:30 a 18:30 hs. Sáb. de 9:30 a 14 hs";5;1.6;Nafta;Manual;SUV;"Autos y camionetas";No;N/A;N/A;N/A;No;N/A;N/A;No;Sí;No;No;N/A;N/A;N/A;N/A;N/A;N/A;N/A;N/A;N/A;N/A;N/A;N/A;N/A;N/A;N/A;N/A;N/A;N/A;N/A;N/A;N/A;N/A;N/A;N/A;N/A;N/A;N/A;N/A;N/A;N/A;N/A;N/A;N/A;N/A;N/A;N/A;N/A;N/A;N/A;N/A;N/A;N/A;N/A;N/A;N/A;N/A;N/A;N/A;N/A;N/A;N/A;No;N/A;N/A;N/A;N/A;N/A;N/A;N/A;N/A;N/A;N/A;N/A;N/A;N/A;N/A;N/A;N/A;N/A;N/A;N/A;N/A;N/A;N/A;N/A;N/A;N/A;N/A;N/A;N/A;N/A;N/A;N/A;N/A;N/A;Sí;N/A;Sí;N/A;Sí;Sí;Sí;N/A;Sí;Sí;N/A;Sí;N/A;N/A;Sí;Sí;Sí;N/A;Sí;Sí;Sí;N/A;N/A;Sí;N/A;Sí
Changan;"Star Cargo";"FURGON FULL";2024;"0 km";;"VIPERCAR AUTOMOVILES_3";14990;;;;;Centro;https://auto.mercadolibre.com.uy/MLU-642743763-changan-star-cargo-furgon-full-12-2024-0km-_JM;N/A;;"Changan Star Cargo Furgon Full 1.2 2024 0km";USD;Sí;gold;false;N/A;N/A;http://perfil.mercadolibre.com.uy/VIPERCAR+AUTOMOVILES_3;active;N/A;N/A;Nuevo;Blanco;N/A;Asistida;N/A;Sí;N/A;N/A;N/A;N/A;N/A;N/A;N/A;N/A;N/A;Sí;N/A;N/A;N/A;N/A;N/A;N/A;N/A;N/A;N/A;N/A;N/A;N/A;N/A;N/A;N/A;"1200 cc";N/A;5;N/A;N/A;N/A;N/A;N/A;N/A;N/A;N/A;N/A;N/A;N/A;N/A;N/A;N/A;N/A;N/A;N/A;N/A;N/A;N/A;N/A;N/A;N/A;N/A;N/A;N/A;N/A;N/A;N/A;N/A;N/A;N/A;N/A;N/A;N/A;N/A;N/A;N/A;N/A;N/A;N/A;N/A;Sí;N/A;N/A;N/A;N/A;N/A;N/A;N/A;N/A;N/A;"97 hp";N/A;N/A;N/A;N/A;"11 km/l";N/A;N/A;N/A;N/A;N/A;N/A;N/A;N/A;N/A;N/A;"14 km/l";N/A;N/A;N/A;N/A;N/A;"Lun a Vie de 9 a 12:30 y de 13:30 a 19. Sáb de 9 a 13 hs.";5;1.2;Nafta;Manual;Van;"Autos y camionetas";No;N/A;N/A;N/A;No;N/A;N/A;No;Sí;No;No;N/A;N/A;N/A;N/A;N/A;N/A;N/A;N/A;N/A;N/A;N/A;N/A;N/A;N/A;N/A;N/A;N/A;N/A;N/A;N/A;N/A;N/A;N/A;N/A;N/A;N/A;N/A;N/A;N/A;N/A;N/A;N/A;Sí;N/A;N/A;N/A;N/A;N/A;N/A;N/A;N/A;N/A;N/A;N/A;N/A;N/A;N/A;N/A;N/A;N/A;Sí;No;N/A;N/A;N/A;N/A;N/A;N/A;N/A;N/A;N/A;N/A;N/A;N/A;N/A;N/A;N/A;N/A;N/A;N/A;N/A;N/A;N/A;N/A;N/A;N/A;N/A;N/A;N/A;N/A;N/A;N/A;N/A;N/A;N/A;Sí;N/A;N/A;N/A;Sí;N/A;N/A;N/A;N/A;Sí;N/A;N/A;N/A;N/A;N/A;N/A;N/A;N/A;Sí;N/A;N/A;N/A;N/A;N/A;N/A;N/A
Changan;CS55;Elite;2025;"0 km";;"OSCARPISANO RENAULT-NISSAN";38990;;;;;Sayago;https://auto.mercadolibre.com.uy/MLU-670615580-changan-cs55-elite-15-2025-0km-_JM;N/A;;"Changan Cs55 Elite 1.5 2025 0km";USD;Sí;gold;false;N/A;N/A;http://perfil.mercadolibre.com.uy/OSCARPISANO+RENAULT-NISSAN;active;N/A;N/A;Nuevo;"Gris oscuro";N/A;Eléctrica;N/A;N/A;Sí;Sí;Sí;N/A;N/A;Sí;Sí;Sí;N/A;Sí;Sí;Sí;N/A;Sí;N/A;N/A;N/A;N/A;N/A;N/A;N/A;N/A;N/A;N/A;N/A;"1500 cc";N/A;7;N/A;N/A;N/A;Sí;Sí;N/A;N/A;N/A;N/A;N/A;N/A;N/A;N/A;N/A;N/A;N/A;N/A;N/A;N/A;N/A;N/A;N/A;N/A;Sí;N/A;Sí;N/A;Sí;N/A;N/A;N/A;N/A;N/A;N/A;N/A;N/A;Sí;N/A;N/A;N/A;N/A;N/A;Sí;N/A;N/A;N/A;N/A;N/A;N/A;N/A;N/A;N/A;"180 hp";N/A;N/A;N/A;N/A;"11 km/l";N/A;N/A;Sí;Sí;Sí;N/A;Sí;Sí;N/A;N/A;"15 km/l";N/A;N/A;N/A;N/A;Sí;"Lun. a Sáb. de 9:30 a 18:30 hs. Dom. de 9:30 a 13 hs";5;1.5;Nafta;Automática;SUV;"Autos y camionetas";No;N/A;N/A;N/A;No;N/A;N/A;No;Sí;No;No;N/A;N/A;N/A;N/A;N/A;N/A;N/A;N/A;N/A;N/A;N/A;N/A;N/A;N/A;N/A;N/A;N/A;N/A;N/A;N/A;N/A;N/A;N/A;N/A;N/A;N/A;N/A;N/A;N/A;N/A;N/A;N/A;Sí;N/A;N/A;N/A;N/A;N/A;N/A;N/A;N/A;N/A;N/A;N/A;N/A;N/A;N/A;N/A;N/A;N/A;Sí;No;N/A;N/A;N/A;N/A;N/A;N/A;N/A;N/A;N/A;N/A;N/A;N/A;N/A;N/A;N/A;N/A;N/A;N/A;N/A;N/A;N/A;N/A;N/A;N/A;N/A;N/A;N/A;N/A;N/A;N/A;N/A;N/A;N/A;Sí;N/A;Sí;Sí;Sí;Sí;Sí;N/A;Sí;Sí;Sí;Sí;N/A;N/A;Sí;Sí;N/A;N/A;Sí;Sí;N/A;N/A;N/A;N/A;N/A;Sí
Changan;CS55;Plus;2023;"0 km";;"GR AUTOMOVILES";38990;;;;;Tacuarembó;https://auto.mercadolibre.com.uy/MLU-701793618-changan-cs55-plus-2024-_JM;N/A;;"Changan Cs55 Plus 2024";USD;Sí;gold;false;N/A;N/A;http://perfil.mercadolibre.com.uy/GR+AUTOMOVILES;active;N/A;N/A;Nuevo;Gris;N/A;Eléctrica;N/A;Sí;Sí;N/A;N/A;N/A;Sí;N/A;N/A;N/A;N/A;N/A;Sí;Sí;N/A;Sí;N/A;N/A;N/A;N/A;N/A;N/A;N/A;N/A;N/A;N/A;N/A;N/A;N/A;N/A;N/A;N/A;N/A;N/A;N/A;Sí;N/A;N/A;N/A;N/A;N/A;N/A;N/A;N/A;N/A;N/A;N/A;N/A;N/A;N/A;N/A;N/A;N/A;N/A;N/A;N/A;N/A;N/A;N/A;N/A;N/A;N/A;N/A;N/A;N/A;N/A;N/A;N/A;N/A;N/A;N/A;N/A;N/A;N/A;N/A;N/A;N/A;N/A;N/A;N/A;N/A;N/A;N/A;N/A;N/A;N/A;N/A;N/A;No;N/A;Sí;Sí;N/A;Sí;Sí;N/A;N/A;N/A;N/A;N/A;N/A;N/A;N/A;Sí;N/A;5;"1.5 Turbo";Nafta;Automática;SUV;"Autos y camionetas";N/A;N/A;N/A;N/A;N/A;N/A;N/A;N/A;N/A;N/A;N/A;N/A;N/A;N/A;N/A;N/A;N/A;N/A;N/A;N/A;N/A;N/A;N/A;N/A;Sí;N/A;N/A;N/A;N/A;N/A;N/A;N/A;N/A;N/A;N/A;N/A;N/A;N/A;N/A;N/A;N/A;N/A;N/A;Sí;N/A;N/A;N/A;N/A;N/A;N/A;N/A;N/A;N/A;N/A;N/A;N/A;N/A;N/A;N/A;N/A;N/A;N/A;N/A;N/A;N/A;N/A;N/A;N/A;N/A;N/A;N/A;N/A;N/A;N/A;N/A;N/A;N/A;N/A;N/A;N/A;N/A;N/A;N/A;N/A;N/A;N/A;N/A;N/A;N/A;N/A;N/A;N/A;N/A;N/A;N/A;N/A;Sí;Sí;Sí;N/A;Sí;N/A;N/A;N/A;N/A;Sí;Sí;Sí;Sí;N/A;N/A;Sí;Sí;Sí;Sí;Sí;Sí;Sí;N/A;Sí;N/A;Sí
Changan;"CS 35";Luxury;2025;"0 km";;"OSCARPISANO RENAULT-NISSAN";32990;;;;;Sayago;https://auto.mercadolibre.com.uy/MLU-701907588-changan-cs35-luxury-14-2025-0km-_JM;N/A;;"Changan Cs35 Luxury 1.4 2025 0km";usd;Sí;gold;false;N/A;N/A;http://perfil.mercadolibre.com.uy/OSCARPISANO+RENAULT-NISSAN;active;N/A;N/A;Nuevo;"Gris oscuro";N/A;Hidráulica;N/A;N/A;Sí;Sí;Sí;N/A;N/A;Sí;Sí;N/A;N/A;N/A;Sí;Sí;N/A;N/A;N/A;N/A;N/A;N/A;N/A;N/A;N/A;N/A;N/A;N/A;N/A;"1400 cc";N/A;7;N/A;N/A;N/A;N/A;Sí;N/A;N/A;N/A;N/A;N/A;N/A;N/A;N/A;N/A;N/A;N/A;N/A;N/A;N/A;N/A;N/A;N/A;N/A;Sí;N/A;Sí;N/A;N/A;N/A;N/A;N/A;N/A;N/A;N/A;N/A;N/A;N/A;N/A;N/A;N/A;N/A;N/A;N/A;N/A;N/A;N/A;N/A;N/A;N/A;N/A;N/A;N/A;"150 hp";N/A;N/A;N/A;N/A;"11 km/l";N/A;N/A;Sí;Sí;Sí;N/A;Sí;N/A;Sí;N/A;"14 km/l";N/A;N/A;N/A;N/A;Sí;"Lun. a Sáb. de 9:30 a 18:30 hs. Dom. de 9:30 a 13 hs";5;1.4;Nafta;Automática;SUV;"Autos y camionetas";No;N/A;N/A;N/A;No;N/A;UY;No;Sí;No;No;N/A;N/A;N/A;N/A;N/A;N/A;N/A;N/A;N/A;N/A;N/A;N/A;N/A;N/A;N/A;N/A;N/A;N/A;N/A;N/A;N/A;N/A;N/A;N/A;N/A;N/A;N/A;N/A;N/A;N/A;N/A;N/A;Sí;N/A;N/A;N/A;N/A;N/A;N/A;N/A;N/A;N/A;N/A;N/A;N/A;N/A;N/A;N/A;N/A;N/A;Sí;No;N/A;N/A;N/A;N/A;N/A;N/A;N/A;N/A;N/A;N/A;N/A;N/A;N/A;N/A;N/A;N/A;N/A;N/A;N/A;N/A;N/A;N/A;N/A;N/A;N/A;N/A;N/A;N/A;N/A;N/A;N/A;N/A;N/A;Sí;Sí;Sí;N/A;Sí;Sí;Sí;N/A;Sí;Sí;N/A;N/A;N/A;N/A;Sí;Sí;N/A;N/A;N/A;N/A;N/A;N/A;N/A;N/A;N/A;N/A
Changan;"Star Pick Up Doble Cabina";"Pick Up Doble Cabina";2025;"0 km";;"OSCARPISANO RENAULT-NISSAN";14490;;;;;Sayago;https://auto.mercadolibre.com.uy/MLU-647007611-changan-star-doble-cabina-pick-up-doble-cabina-12-2025-0km-_JM;N/A;;"Changan Star Doble Cabina Pick Up Doble Cabina 1.2 2025 0km";USD;Sí;gold;false;N/A;N/A;http://perfil.mercadolibre.com.uy/OSCARPISANO+RENAULT-NISSAN;active;N/A;N/A;Nuevo;Blanco;N/A;Mecánica;N/A;N/A;N/A;N/A;N/A;N/A;N/A;N/A;N/A;N/A;N/A;N/A;N/A;N/A;N/A;N/A;N/A;N/A;N/A;N/A;N/A;N/A;N/A;N/A;N/A;N/A;N/A;"1200 cc";N/A;5;N/A;N/A;N/A;N/A;N/A;N/A;N/A;N/A;N/A;N/A;N/A;N/A;N/A;N/A;N/A;N/A;N/A;N/A;N/A;N/A;N/A;N/A;N/A;N/A;N/A;N/A;N/A;N/A;N/A;N/A;N/A;N/A;N/A;N/A;N/A;N/A;N/A;N/A;N/A;N/A;N/A;N/A;N/A;N/A;N/A;N/A;N/A;N/A;N/A;N/A;N/A;N/A;"96 hp";N/A;N/A;N/A;N/A;"11 km/l";N/A;N/A;N/A;N/A;N/A;N/A;N/A;N/A;N/A;N/A;"11 km/l";N/A;N/A;N/A;N/A;N/A;"Lun. a Sáb. de 9:30 a 18:30 hs. Dom. de 9:30 a 13 hs";4;1.2;Nafta;Manual;Pick-Up;"Autos y camionetas";No;N/A;N/A;N/A;No;N/A;N/A;No;Sí;No;No;N/A;N/A;N/A;N/A;N/A;N/A;N/A;N/A;N/A;N/A;N/A;N/A;N/A;N/A;N/A;N/A;N/A;N/A;N/A;N/A;N/A;N/A;N/A;N/A;N/A;N/A;N/A;N/A;N/A;N/A;N/A;N/A;Sí;N/A;N/A;N/A;N/A;N/A;N/A;N/A;N/A;N/A;N/A;N/A;N/A;N/A;N/A;N/A;N/A;N/A;Sí;No;N/A;N/A;N/A;N/A;N/A;N/A;N/A;N/A;N/A;N/A;N/A;N/A;N/A;N/A;N/A;N/A;N/A;N/A;N/A;N/A;N/A;N/A;N/A;N/A;N/A;N/A;N/A;N/A;N/A;N/A;N/A;N/A;N/A;N/A;N/A;N/A;N/A;Sí;N/A;N/A;N/A;N/A;Sí;N/A;N/A;N/A;N/A;N/A;N/A;N/A;N/A;Sí;N/A;N/A;N/A;N/A;N/A;N/A;N/A
Changan;"X7 Plus";X7;2025;"0 km";;"OSCARPISANO RENAULT-NISSAN";27990;;;;;Sayago;https://auto.mercadolibre.com.uy/MLU-688755182-changan-x7-plus-x7-15-2025-0km-_JM;N/A;;"Changan X7 Plus X7 1.5 2025 0km";USD;Sí;gold;false;N/A;N/A;http://perfil.mercadolibre.com.uy/OSCARPISANO+RENAULT-NISSAN;active;N/A;N/A;Nuevo;"Gris oscuro";N/A;Eléctrica;N/A;N/A;Sí;Sí;N/A;N/A;N/A;Sí;Sí;N/A;N/A;Sí;Sí;Sí;N/A;N/A;N/A;N/A;N/A;N/A;N/A;N/A;N/A;N/A;N/A;N/A;N/A;"1500 cc";N/A;7;N/A;N/A;Sí;Sí;N/A;N/A;N/A;N/A;N/A;N/A;N/A;N/A;N/A;N/A;N/A;N/A;N/A;N/A;N/A;N/A;N/A;N/A;N/A;Sí;N/A;Sí;N/A;N/A;N/A;N/A;N/A;N/A;N/A;N/A;N/A;N/A;N/A;N/A;N/A;N/A;N/A;N/A;Sí;N/A;N/A;N/A;N/A;N/A;N/A;N/A;N/A;N/A;"185 hp";N/A;N/A;N/A;N/A;"11 km/l";N/A;N/A;Sí;Sí;Sí;N/A;Sí;N/A;N/A;N/A;"16 km/l";N/A;N/A;N/A;N/A;Sí;"Lun. a Sáb. de 9:30 a 18:30 hs. Dom. de 9:30 a 13 hs";5;1.5;Nafta;Automática;SUV;"Autos y camionetas";No;N/A;N/A;N/A;No;N/A;N/A;No;Sí;No;No;N/A;N/A;N/A;N/A;N/A;N/A;N/A;N/A;N/A;N/A;N/A;N/A;N/A;N/A;N/A;N/A;N/A;N/A;N/A;N/A;N/A;N/A;N/A;N/A;N/A;N/A;N/A;N/A;N/A;N/A;N/A;N/A;Sí;N/A;N/A;N/A;N/A;N/A;N/A;N/A;N/A;N/A;N/A;N/A;N/A;N/A;N/A;N/A;N/A;N/A;Sí;No;N/A;N/A;N/A;N/A;N/A;N/A;N/A;N/A;N/A;N/A;N/A;N/A;N/A;N/A;N/A;N/A;N/A;N/A;N/A;N/A;N/A;N/A;N/A;N/A;N/A;N/A;N/A;N/A;N/A;N/A;N/A;N/A;N/A;Sí;N/A;Sí;N/A;Sí;Sí;Sí;N/A;N/A;Sí;N/A;Sí;N/A;N/A;N/A;N/A;N/A;N/A;N/A;N/A;Sí;N/A;N/A;N/A;N/A;Sí
Changan;"STAR PICK-UP";"Pick Up";2025;"0 km";;"OSCARPISANO RENAULT-NISSAN";12990;;;;;Sayago;https://auto.mercadolibre.com.uy/MLU-646981879-changan-star-pick-up-pick-up-12-2025-0km-_JM;N/A;;"Changan Star Pick Up Pick Up 1.2 2025 0km";USD;Sí;gold;false;N/A;N/A;http://perfil.mercadolibre.com.uy/OSCARPISANO+RENAULT-NISSAN;active;N/A;N/A;Nuevo;Blanco;N/A;Mecánica;N/A;N/A;N/A;N/A;N/A;N/A;N/A;N/A;N/A;N/A;N/A;N/A;N/A;N/A;N/A;N/A;N/A;N/A;N/A;N/A;N/A;N/A;N/A;N/A;N/A;N/A;N/A;"1200 cc";N/A;5;N/A;N/A;N/A;N/A;N/A;N/A;N/A;N/A;N/A;N/A;N/A;N/A;N/A;N/A;N/A;N/A;N/A;N/A;N/A;N/A;N/A;N/A;N/A;N/A;N/A;N/A;N/A;N/A;N/A;N/A;N/A;N/A;N/A;N/A;N/A;N/A;N/A;N/A;N/A;N/A;N/A;N/A;N/A;N/A;N/A;N/A;N/A;N/A;N/A;N/A;N/A;N/A;"97 hp";N/A;N/A;N/A;N/A;"11 km/l";N/A;N/A;N/A;N/A;N/A;N/A;N/A;N/A;N/A;N/A;"11 km/l";N/A;N/A;N/A;N/A;N/A;"Lun. a Sáb. de 9:30 a 18:30 hs. Dom. de 9:30 a 13 hs";2;1.2;Nafta;Manual;Pick-Up;"Autos y camionetas";No;N/A;N/A;N/A;No;N/A;N/A;No;Sí;No;No;N/A;N/A;N/A;N/A;N/A;N/A;N/A;N/A;N/A;N/A;N/A;N/A;N/A;N/A;N/A;N/A;N/A;N/A;N/A;N/A;N/A;N/A;N/A;N/A;N/A;N/A;N/A;N/A;N/A;N/A;N/A;N/A;Sí;N/A;N/A;N/A;N/A;N/A;N/A;N/A;N/A;N/A;N/A;N/A;N/A;N/A;N/A;N/A;N/A;N/A;Sí;No;N/A;N/A;N/A;N/A;N/A;N/A;N/A;N/A;N/A;N/A;N/A;N/A;N/A;N/A;N/A;N/A;N/A;N/A;N/A;N/A;N/A;N/A;N/A;N/A;N/A;N/A;N/A;N/A;N/A;N/A;N/A;N/A;N/A;N/A;N/A;N/A;N/A;Sí;N/A;N/A;N/A;N/A;Sí;N/A;N/A;N/A;N/A;N/A;N/A;N/A;N/A;Sí;N/A;N/A;N/A;N/A;N/A;N/A;N/A
Changan;"Star Cargo";Furgon;2025;"0 km";;"OSCARPISANO RENAULT-NISSAN";13990;;;;;Sayago;https://auto.mercadolibre.com.uy/MLU-646956009-changan-star-cargo-furgon-12-2025-0km-_JM;N/A;;"Changan Star Cargo Furgon 1.2 2025 0km";USD;Sí;gold;false;N/A;N/A;http://perfil.mercadolibre.com.uy/OSCARPISANO+RENAULT-NISSAN;active;N/A;N/A;Nuevo;Blanco;N/A;Mecánica;N/A;Sí;N/A;N/A;N/A;N/A;N/A;N/A;N/A;N/A;N/A;N/A;N/A;N/A;N/A;N/A;N/A;N/A;N/A;N/A;N/A;N/A;N/A;N/A;N/A;N/A;N/A;"1200 cc";N/A;5;N/A;N/A;N/A;N/A;N/A;N/A;N/A;N/A;N/A;N/A;N/A;N/A;N/A;N/A;N/A;N/A;N/A;N/A;N/A;N/A;N/A;N/A;N/A;N/A;N/A;N/A;N/A;N/A;N/A;N/A;N/A;N/A;N/A;N/A;N/A;N/A;N/A;N/A;N/A;N/A;N/A;N/A;N/A;N/A;N/A;N/A;N/A;N/A;N/A;N/A;N/A;N/A;"97 hp";N/A;N/A;N/A;N/A;"11 km/l";N/A;N/A;N/A;N/A;N/A;N/A;N/A;N/A;N/A;N/A;"13 km/l";N/A;N/A;N/A;N/A;N/A;"Lun. a Sáb. de 9:30 a 18:30 hs. Dom. de 9:30 a 13 hs";4;1.2;Nafta;Manual;Furgón;"Autos y camionetas";No;N/A;N/A;N/A;No;N/A;N/A;No;Sí;No;No;N/A;N/A;N/A;N/A;N/A;N/A;N/A;N/A;N/A;N/A;N/A;N/A;N/A;N/A;N/A;N/A;N/A;N/A;N/A;N/A;N/A;N/A;N/A;N/A;N/A;N/A;N/A;N/A;N/A;N/A;N/A;N/A;Sí;N/A;N/A;N/A;N/A;N/A;N/A;N/A;N/A;N/A;N/A;N/A;N/A;N/A;N/A;N/A;N/A;N/A;Sí;No;N/A;N/A;N/A;N/A;N/A;N/A;N/A;N/A;N/A;N/A;N/A;N/A;N/A;N/A;N/A;N/A;N/A;N/A;N/A;N/A;N/A;N/A;N/A;N/A;N/A;N/A;N/A;N/A;N/A;N/A;N/A;N/A;N/A;N/A;N/A;N/A;N/A;Sí;N/A;N/A;N/A;N/A;Sí;N/A;N/A;N/A;N/A;N/A;N/A;N/A;N/A;Sí;N/A;N/A;N/A;N/A;N/A;N/A;N/A
Changan;Uni-T;"1.5 Techno";2024;"0 km";;"ALFALIDER S.A.";39900;;;;;"Punta del Este";https://auto.mercadolibre.com.uy/MLU-702007518-changan-uni-t-techno-_JM;N/A;;"Changan Uni-t Techno";usd;Sí;gold;false;N/A;N/A;http://perfil.mercadolibre.com.uy/ALFALIDER+S.A.;active;N/A;N/A;Nuevo;Plateado;N/A;N/A;Delantera;N/A;N/A;N/A;N/A;N/A;N/A;N/A;N/A;N/A;N/A;N/A;N/A;N/A;N/A;N/A;N/A;N/A;N/A;N/A;N/A;N/A;N/A;N/A;N/A;N/A;"2710 mm";"1.5 L";"55 L";7;N/A;N/A;N/A;N/A;N/A;N/A;N/A;N/A;N/A;N/A;N/A;N/A;N/A;N/A;N/A;N/A;N/A;N/A;N/A;N/A;N/A;N/A;N/A;N/A;N/A;N/A;N/A;N/A;N/A;N/A;N/A;N/A;N/A;N/A;N/A;N/A;N/A;N/A;N/A;N/A;N/A;N/A;N/A;N/A;N/A;"1565 mm";"4515 mm";N/A;N/A;N/A;N/A;5;"180 hp";Techno;N/A;4;"1870 mm";N/A;N/A;N/A;N/A;N/A;N/A;N/A;N/A;N/A;N/A;N/A;N/A;N/A;N/A;N/A;N/A;N/A;N/A;5;1.5;Nafta;Automática;N/A;"Autos y camionetas";N/A;N/A;N/A;N/A;N/A;N/A;UY;N/A;N/A;N/A;N/A;N/A;N/A;N/A;N/A;N/A;N/A;N/A;N/A;N/A;N/A;N/A;N/A;N/A;N/A;N/A;N/A;N/A;N/A;N/A;N/A;N/A;N/A;N/A;N/A;N/A;N/A;N/A;N/A;N/A;N/A;N/A;N/A;N/A;N/A;N/A;N/A;N/A;N/A;N/A;N/A;N/A;N/A;N/A;N/A;N/A;N/A;N/A;N/A;N/A;N/A;N/A;N/A;N/A;N/A;N/A;N/A;N/A;N/A;N/A;N/A;N/A;N/A;N/A;N/A;N/A;N/A;N/A;N/A;N/A;N/A;N/A;N/A;N/A;N/A;N/A;N/A;N/A;N/A;N/A;N/A;N/A;N/A;N/A;N/A;N/A;N/A;N/A;N/A;N/A;N/A;N/A;N/A;N/A;N/A;N/A;N/A;N/A;N/A;N/A;N/A;N/A;N/A;N/A;N/A;N/A;N/A;N/A;N/A;N/A;N/A;N/A
Changan;Uni-T;"1.5 Techno";2023;"48000 km";;AMAYASELECCIONADOS;29300;;;;;"Brazo Oriental";https://auto.mercadolibre.com.uy/MLU-702027844-changan-uni-t-_JM;N/A;;"Changan Uni-t";usd;Sí;gold;false;N/A;N/A;http://perfil.mercadolibre.com.uy/AMAYASELECCIONADOS;active;N/A;N/A;Usado;Gris;N/A;N/A;Delantera;N/A;N/A;N/A;N/A;N/A;N/A;N/A;N/A;N/A;N/A;N/A;N/A;N/A;N/A;N/A;N/A;N/A;N/A;N/A;N/A;N/A;N/A;N/A;N/A;N/A;"2710 mm";"1.5 L";"55 L";7;N/A;N/A;N/A;N/A;N/A;N/A;N/A;N/A;N/A;N/A;N/A;N/A;N/A;N/A;N/A;N/A;N/A;N/A;N/A;N/A;N/A;N/A;N/A;N/A;N/A;N/A;N/A;N/A;N/A;N/A;N/A;N/A;N/A;N/A;N/A;N/A;N/A;N/A;N/A;N/A;N/A;N/A;N/A;N/A;N/A;"1565 mm";"4515 mm";N/A;N/A;N/A;N/A;5;"180 hp";Techno;N/A;4;"1870 mm";N/A;N/A;N/A;N/A;N/A;N/A;N/A;N/A;N/A;N/A;N/A;N/A;N/A;N/A;N/A;N/A;N/A;"Lunes a Viernes 08:30 a 18:30";5;1.5;Nafta;Automática;N/A;"Autos y camionetas";N/A;N/A;N/A;N/A;N/A;N/A;UY;N/A;N/A;N/A;N/A;N/A;N/A;N/A;N/A;N/A;N/A;N/A;N/A;N/A;N/A;N/A;N/A;N/A;N/A;N/A;N/A;N/A;N/A;N/A;N/A;N/A;N/A;N/A;N/A;N/A;N/A;N/A;N/A;N/A;N/A;N/A;N/A;N/A;N/A;N/A;N/A;N/A;N/A;N/A;N/A;N/A;N/A;N/A;N/A;N/A;N/A;N/A;N/A;N/A;N/A;N/A;N/A;N/A;N/A;N/A;N/A;N/A;N/A;N/A;N/A;N/A;N/A;N/A;N/A;N/A;N/A;N/A;N/A;N/A;N/A;N/A;N/A;N/A;N/A;N/A;N/A;N/A;N/A;N/A;N/A;N/A;N/A;N/A;N/A;N/A;N/A;N/A;N/A;N/A;N/A;N/A;N/A;N/A;N/A;N/A;N/A;N/A;N/A;N/A;N/A;N/A;N/A;N/A;N/A;N/A;N/A;N/A;N/A;N/A;N/A;N/A
Changan;CX70;"Extra full 7 Lugares";2020;"87000 km";;ROBERTOMAZONDOAUTOMOVILES;17900;;;;;Rivera;https://auto.mercadolibre.com.uy/MLU-645673007-changan-cx70-extra-full-7-lugares-_JM;N/A;;"Changan Cx70 Extra Full 7 Lugares";USD;Sí;silver;false;N/A;N/A;http://perfil.mercadolibre.com.uy/ROBERTOMAZONDOAUTOMOVILES;active;N/A;N/A;Usado;Negro;N/A;Hidráulica;Trasera;Sí;Sí;N/A;N/A;N/A;Sí;N/A;N/A;Sí;N/A;N/A;Sí;Sí;N/A;No;N/A;N/A;N/A;N/A;N/A;N/A;N/A;N/A;N/A;N/A;N/A;N/A;N/A;N/A;N/A;N/A;N/A;N/A;N/A;No;N/A;N/A;N/A;N/A;N/A;N/A;N/A;N/A;N/A;N/A;N/A;N/A;N/A;N/A;N/A;N/A;N/A;N/A;N/A;N/A;N/A;N/A;N/A;Sí;N/A;N/A;N/A;N/A;N/A;N/A;N/A;N/A;N/A;N/A;N/A;N/A;N/A;N/A;N/A;N/A;N/A;N/A;N/A;N/A;N/A;N/A;N/A;N/A;N/A;N/A;N/A;N/A;No;N/A;Sí;Sí;N/A;Sí;Sí;N/A;Sí;N/A;N/A;No;Sí;N/A;N/A;Sí;N/A;5;1.6;Nafta;Manual;SUV;"Autos y camionetas";N/A;N/A;N/A;N/A;N/A;N/A;N/A;N/A;N/A;N/A;N/A;N/A;N/A;N/A;N/A;N/A;N/A;N/A;N/A;N/A;N/A;N/A;N/A;N/A;Sí;N/A;N/A;N/A;N/A;N/A;N/A;N/A;N/A;N/A;N/A;N/A;N/A;N/A;N/A;N/A;N/A;N/A;N/A;N/A;N/A;N/A;N/A;N/A;N/A;N/A;N/A;N/A;N/A;N/A;N/A;N/A;N/A;N/A;N/A;N/A;N/A;N/A;N/A;N/A;N/A;N/A;N/A;N/A;N/A;N/A;N/A;N/A;N/A;N/A;N/A;N/A;N/A;N/A;N/A;N/A;N/A;N/A;N/A;N/A;N/A;N/A;N/A;N/A;N/A;N/A;N/A;N/A;N/A;N/A;N/A;No;Sí;Sí;Sí;N/A;Sí;N/A;N/A;N/A;N/A;Sí;No;Sí;Sí;N/A;N/A;Sí;Sí;Sí;Sí;Sí;Sí;Sí;Sí;Sí;N/A;Sí
Changan;"Star Box";1.2STD;2024;"15000 km";;INTERAUTO2024;12990;;;;;"Paso de Carrasco";https://auto.mercadolibre.com.uy/MLU-702205900-changan-star-box-12std-12-2024-impecable-interauto-_JM;N/A;;"Changan Star Box 1.2std 1.2 2024 Impecable! Interauto";USD;Sí;silver;false;N/A;N/A;http://perfil.mercadolibre.com.uy/INTERAUTO2024;active;N/A;N/A;Usado;Blanco;Sí;Mecánica;Trasera;N/A;N/A;N/A;N/A;N/A;N/A;N/A;N/A;N/A;N/A;N/A;N/A;N/A;N/A;N/A;N/A;N/A;N/A;N/A;N/A;N/A;N/A;N/A;N/A;N/A;N/A;"1200 cc";N/A;5;N/A;N/A;N/A;N/A;N/A;N/A;N/A;N/A;N/A;N/A;N/A;N/A;N/A;N/A;N/A;N/A;N/A;N/A;N/A;N/A;N/A;N/A;N/A;N/A;N/A;N/A;N/A;N/A;N/A;N/A;N/A;N/A;N/A;N/A;N/A;N/A;N/A;N/A;N/A;N/A;N/A;N/A;N/A;N/A;N/A;N/A;N/A;N/A;N/A;N/A;N/A;N/A;N/A;N/A;N/A;N/A;N/A;"14 km/l";N/A;N/A;N/A;N/A;N/A;N/A;N/A;N/A;N/A;N/A;"16 km/l";N/A;Sí;N/A;N/A;N/A;"Lunes a Domingo de 9 a 18:30 hs";2;1.2;Nafta;Manual;Furgón;"Autos y camionetas";No;N/A;N/A;N/A;No;N/A;N/A;No;Sí;No;No;N/A;N/A;N/A;N/A;N/A;N/A;N/A;N/A;N/A;N/A;N/A;N/A;N/A;N/A;N/A;N/A;N/A;N/A;N/A;N/A;N/A;N/A;N/A;N/A;N/A;N/A;N/A;N/A;N/A;N/A;N/A;N/A;Sí;N/A;N/A;N/A;N/A;N/A;N/A;N/A;N/A;N/A;N/A;N/A;N/A;N/A;N/A;N/A;N/A;N/A;Sí;No;N/A;N/A;N/A;N/A;N/A;N/A;N/A;N/A;N/A;N/A;N/A;N/A;N/A;N/A;N/A;N/A;N/A;N/A;N/A;N/A;N/A;N/A;N/A;N/A;N/A;N/A;N/A;N/A;N/A;N/A;N/A;N/A;N/A;Sí;N/A;N/A;N/A;Sí;N/A;N/A;N/A;N/A;Sí;N/A;N/A;N/A;N/A;N/A;N/A;N/A;N/A;Sí;N/A;N/A;N/A;N/A;N/A;N/A;N/A
Changan;"Cs35 Plus";"PLUS Luxury AT";2021;"38500 km";;"GR AUTOMOVILES";21000;;;;;Tacuarembó;https://auto.mercadolibre.com.uy/MLU-700558628-changan-cs35-plus-luxury-at-2021-_JM;N/A;;"Changan Cs35 Plus Luxury At 2021";USD;Sí;silver;false;N/A;N/A;http://perfil.mercadolibre.com.uy/GR+AUTOMOVILES;active;N/A;N/A;Usado;Azul;N/A;N/A;N/A;Sí;N/A;N/A;N/A;N/A;N/A;N/A;N/A;Sí;N/A;N/A;Sí;Sí;N/A;N/A;N/A;N/A;N/A;N/A;N/A;N/A;N/A;N/A;N/A;N/A;N/A;N/A;N/A;N/A;N/A;N/A;N/A;N/A;N/A;N/A;N/A;N/A;N/A;N/A;N/A;N/A;N/A;N/A;N/A;N/A;N/A;N/A;N/A;N/A;N/A;N/A;N/A;N/A;N/A;N/A;N/A;N/A;N/A;N/A;N/A;N/A;N/A;N/A;N/A;N/A;N/A;N/A;N/A;N/A;N/A;N/A;N/A;N/A;N/A;N/A;N/A;N/A;N/A;N/A;N/A;N/A;N/A;N/A;N/A;N/A;N/A;N/A;N/A;N/A;Sí;Sí;N/A;N/A;Sí;N/A;Sí;N/A;N/A;N/A;N/A;N/A;N/A;N/A;N/A;5;"1.6 de 115hp";Nafta;Automática;SUV;"Autos y camionetas";N/A;N/A;N/A;N/A;N/A;N/A;N/A;N/A;N/A;N/A;N/A;N/A;N/A;N/A;N/A;N/A;N/A;N/A;N/A;N/A;N/A;N/A;N/A;N/A;N/A;N/A;N/A;N/A;N/A;N/A;N/A;N/A;N/A;N/A;N/A;N/A;N/A;N/A;N/A;N/A;N/A;N/A;N/A;N/A;N/A;N/A;N/A;N/A;N/A;N/A;N/A;N/A;N/A;N/A;N/A;N/A;N/A;N/A;N/A;N/A;N/A;N/A;N/A;N/A;N/A;N/A;N/A;N/A;N/A;N/A;N/A;N/A;N/A;N/A;N/A;N/A;N/A;N/A;N/A;N/A;N/A;N/A;N/A;N/A;N/A;N/A;N/A;N/A;N/A;N/A;N/A;N/A;N/A;N/A;N/A;N/A;Sí;N/A;N/A;N/A;Sí;N/A;N/A;N/A;N/A;Sí;N/A;N/A;N/A;N/A;N/A;N/A;N/A;N/A;Sí;Sí;Sí;N/A;N/A;Sí;N/A;Sí
Changan;CS55;"50% TC";2024;"0 km";;"VIPERCAR AUTOMOVILES_3";35990;;;;;Centro;https://auto.mercadolibre.com.uy/MLU-638050903-changan-cs55-50-tc-15-2024-0km-_JM;N/A;;"Changan Cs55 50% Tc 1.5 2024 0km";USD;Sí;silver;false;N/A;N/A;http://perfil.mercadolibre.com.uy/VIPERCAR+AUTOMOVILES_3;active;N/A;N/A;Nuevo;Rojo;N/A;Eléctrica;N/A;Sí;Sí;Sí;Sí;Sí;N/A;Sí;Sí;Sí;N/A;Sí;Sí;Sí;N/A;Sí;N/A;N/A;N/A;N/A;N/A;N/A;N/A;N/A;N/A;N/A;N/A;"1500 cc";N/A;6;N/A;N/A;N/A;N/A;Sí;Sí;Sí;N/A;N/A;N/A;N/A;N/A;N/A;N/A;N/A;N/A;N/A;N/A;N/A;N/A;N/A;N/A;N/A;Sí;N/A;N/A;N/A;N/A;N/A;N/A;N/A;N/A;N/A;N/A;N/A;N/A;N/A;N/A;N/A;N/A;N/A;N/A;N/A;N/A;N/A;N/A;N/A;N/A;N/A;N/A;N/A;N/A;"185 hp";N/A;N/A;N/A;N/A;"10 km/l";N/A;N/A;Sí;N/A;Sí;Sí;Sí;N/A;Sí;N/A;"12 km/l";N/A;N/A;N/A;N/A;Sí;"Lun a Vie de 9 a 12:30 y de 13:30 a 19. Sáb de 9 a 13 hs.";5;1.5;Nafta;"Automática secuencial";SUV;"Autos y camionetas";No;N/A;N/A;N/A;No;N/A;N/A;No;Sí;No;No;N/A;N/A;N/A;N/A;N/A;N/A;N/A;N/A;N/A;N/A;N/A;N/A;N/A;Sí;N/A;N/A;N/A;N/A;N/A;N/A;N/A;N/A;N/A;N/A;N/A;N/A;N/A;N/A;N/A;N/A;N/A;N/A;Sí;N/A;N/A;N/A;N/A;N/A;N/A;N/A;N/A;N/A;Sí;N/A;N/A;N/A;Sí;Sí;N/A;N/A;Sí;No;N/A;N/A;N/A;N/A;N/A;N/A;N/A;Sí;N/A;N/A;N/A;N/A;N/A;N/A;N/A;N/A;N/A;N/A;N/A;N/A;N/A;N/A;N/A;N/A;N/A;N/A;N/A;N/A;N/A;Sí;N/A;N/A;N/A;Sí;N/A;Sí;Sí;Sí;Sí;Sí;N/A;Sí;Sí;N/A;Sí;N/A;N/A;Sí;Sí;N/A;N/A;Sí;Sí;Sí;N/A;N/A;N/A;N/A;Sí
Changan;Uni-T;"1.5 Techno";2024;"0 km";;"GR AUTOMOVILES";39990;;;;;Tacuarembó;https://auto.mercadolibre.com.uy/MLU-702847008-changan-uni-t-techno-_JM;N/A;;"Changan Uni-t Techno";usd;Sí;silver;false;N/A;N/A;http://perfil.mercadolibre.com.uy/GR+AUTOMOVILES;active;N/A;N/A;Nuevo;Blanco;N/A;N/A;Delantera;N/A;N/A;N/A;N/A;N/A;N/A;N/A;N/A;N/A;N/A;N/A;N/A;N/A;N/A;N/A;N/A;N/A;N/A;N/A;N/A;N/A;N/A;N/A;N/A;N/A;"2710 mm";"1.5 L";"55 L";7;N/A;N/A;N/A;N/A;N/A;N/A;N/A;N/A;N/A;N/A;N/A;N/A;N/A;N/A;N/A;N/A;N/A;N/A;N/A;N/A;N/A;N/A;N/A;N/A;N/A;N/A;N/A;N/A;N/A;N/A;N/A;N/A;N/A;N/A;N/A;N/A;N/A;N/A;N/A;N/A;N/A;N/A;N/A;N/A;N/A;"1565 mm";"4515 mm";N/A;N/A;N/A;N/A;5;"180 hp";Techno;N/A;4;"1870 mm";N/A;N/A;N/A;N/A;N/A;N/A;N/A;N/A;N/A;N/A;N/A;N/A;N/A;N/A;N/A;N/A;N/A;N/A;5;1.5;Nafta;Automática;N/A;"Autos y camionetas";N/A;N/A;N/A;N/A;N/A;N/A;UY;N/A;N/A;N/A;N/A;N/A;N/A;N/A;N/A;N/A;N/A;N/A;N/A;N/A;N/A;N/A;N/A;N/A;N/A;N/A;N/A;N/A;N/A;N/A;N/A;N/A;N/A;N/A;N/A;N/A;N/A;N/A;N/A;N/A;N/A;N/A;N/A;N/A;N/A;N/A;N/A;N/A;N/A;N/A;N/A;N/A;N/A;N/A;N/A;N/A;N/A;N/A;N/A;N/A;N/A;N/A;N/A;N/A;N/A;N/A;N/A;N/A;N/A;N/A;N/A;N/A;N/A;N/A;N/A;N/A;N/A;N/A;N/A;N/A;N/A;N/A;N/A;N/A;N/A;N/A;N/A;N/A;N/A;N/A;N/A;N/A;N/A;N/A;N/A;N/A;N/A;N/A;N/A;N/A;N/A;N/A;N/A;N/A;N/A;N/A;N/A;N/A;N/A;N/A;N/A;N/A;N/A;N/A;N/A;N/A;N/A;N/A;N/A;N/A;N/A;N/A
Changan;"SC35 PLUS COMFORT";Comfort;2023;"0 km";;LAFORLTDAAUTOMOTORES;30490;;;;;Durazno;https://auto.mercadolibre.com.uy/MLU-675660548-changan-sc35-plus-comfort-comfort-_JM;N/A;;"Changan Sc35 Plus Comfort Comfort";USD;Sí;silver;false;N/A;N/A;http://perfil.mercadolibre.com.uy/LAFORLTDAAUTOMOTORES;active;N/A;N/A;Nuevo;Rojo;N/A;Asistida;Delantera;Sí;Sí;N/A;N/A;N/A;N/A;N/A;N/A;Sí;N/A;N/A;Sí;Sí;N/A;Sí;N/A;N/A;N/A;N/A;N/A;N/A;N/A;N/A;N/A;N/A;N/A;N/A;N/A;N/A;N/A;N/A;N/A;N/A;N/A;Sí;N/A;N/A;N/A;N/A;N/A;N/A;N/A;N/A;N/A;N/A;N/A;N/A;N/A;N/A;N/A;N/A;N/A;N/A;N/A;N/A;N/A;N/A;N/A;N/A;N/A;N/A;N/A;N/A;N/A;N/A;N/A;N/A;N/A;N/A;N/A;N/A;N/A;N/A;N/A;N/A;N/A;N/A;N/A;N/A;N/A;N/A;N/A;N/A;N/A;N/A;N/A;N/A;Sí;N/A;Sí;Sí;N/A;Sí;Sí;N/A;Sí;N/A;N/A;N/A;N/A;N/A;N/A;N/A;"CONSULTE NO MOLESTA!";4;"1.4T 7DCT";Nafta;"Automática secuencial";SUV;"Autos y camionetas";N/A;N/A;N/A;N/A;N/A;N/A;N/A;N/A;Sí;N/A;N/A;N/A;N/A;N/A;N/A;N/A;N/A;N/A;N/A;N/A;N/A;N/A;N/A;N/A;Sí;N/A;N/A;N/A;N/A;N/A;N/A;N/A;N/A;N/A;N/A;N/A;N/A;N/A;N/A;N/A;N/A;N/A;N/A;Sí;N/A;N/A;N/A;N/A;N/A;N/A;N/A;N/A;N/A;N/A;N/A;N/A;N/A;N/A;N/A;N/A;N/A;Sí;N/A;N/A;N/A;N/A;N/A;N/A;N/A;N/A;N/A;N/A;N/A;N/A;N/A;N/A;N/A;N/A;N/A;N/A;N/A;N/A;N/A;N/A;N/A;N/A;N/A;N/A;N/A;N/A;N/A;N/A;N/A;N/A;N/A;N/A;Sí;N/A;Sí;N/A;N/A;N/A;N/A;N/A;N/A;Sí;N/A;N/A;Sí;N/A;N/A;Sí;Sí;N/A;Sí;Sí;Sí;N/A;N/A;N/A;N/A;Sí
Changan;"Cs35 Plus";"Luxury Mt";2021;"60101 km";;"RYR AUTOMOVILES";19500;;;;;"San José de Carrasco";https://auto.mercadolibre.com.uy/MLU-646469535-changan-cs35-plus-luxury-mt-2021-_JM;N/A;;"Changan Cs35 Plus Luxury Mt 2021";USD;Sí;silver;false;N/A;N/A;http://perfil.mercadolibre.com.uy/RYR+AUTOMOVILES;active;N/A;N/A;Usado;Azul;N/A;Eléctrica;4x2;Sí;Sí;N/A;N/A;N/A;N/A;N/A;N/A;Sí;N/A;N/A;N/A;Sí;N/A;Sí;N/A;N/A;N/A;N/A;N/A;N/A;N/A;N/A;N/A;N/A;N/A;N/A;N/A;N/A;N/A;N/A;N/A;N/A;N/A;N/A;N/A;N/A;N/A;N/A;N/A;N/A;N/A;N/A;N/A;N/A;N/A;N/A;N/A;N/A;N/A;N/A;N/A;N/A;N/A;N/A;N/A;N/A;N/A;Sí;N/A;N/A;N/A;N/A;N/A;N/A;N/A;N/A;N/A;N/A;N/A;N/A;N/A;N/A;N/A;N/A;N/A;N/A;N/A;N/A;N/A;N/A;N/A;N/A;N/A;N/A;N/A;N/A;N/A;N/A;N/A;Sí;N/A;N/A;Sí;N/A;Sí;N/A;N/A;N/A;N/A;N/A;N/A;Sí;N/A;5;1.6;Nafta;Manual;SUV;"Autos y camionetas";N/A;N/A;N/A;N/A;N/A;N/A;N/A;N/A;Sí;N/A;N/A;N/A;N/A;N/A;N/A;N/A;N/A;N/A;N/A;N/A;N/A;N/A;N/A;N/A;Sí;N/A;N/A;N/A;N/A;N/A;N/A;N/A;N/A;N/A;N/A;N/A;N/A;N/A;N/A;N/A;N/A;N/A;N/A;N/A;N/A;N/A;N/A;N/A;N/A;N/A;N/A;N/A;N/A;N/A;N/A;N/A;N/A;N/A;N/A;N/A;N/A;N/A;Sí;N/A;N/A;N/A;N/A;N/A;N/A;N/A;N/A;N/A;N/A;N/A;N/A;N/A;N/A;N/A;N/A;N/A;N/A;N/A;N/A;N/A;N/A;N/A;N/A;N/A;N/A;N/A;N/A;N/A;N/A;N/A;N/A;N/A;Sí;Sí;Sí;N/A;N/A;N/A;N/A;N/A;N/A;Sí;N/A;Sí;Sí;N/A;N/A;Sí;Sí;N/A;Sí;Sí;Sí;N/A;N/A;Sí;N/A;Sí
Changan;"X7 Plus";Elite;2024;"0 km";;"OLIVERA AUTOMOTORES";34990;;;;;Salto;https://auto.mercadolibre.com.uy/MLU-696726792-changan-new-x7-plus-elite-at-_JM;N/A;;"Changan New X7 Plus Elite At ";USD;Sí;silver;false;N/A;N/A;http://perfil.mercadolibre.com.uy/OLIVERA+AUTOMOTORES;active;N/A;N/A;Nuevo;Azul;N/A;N/A;N/A;N/A;N/A;N/A;N/A;N/A;N/A;N/A;N/A;N/A;N/A;N/A;N/A;N/A;N/A;N/A;N/A;N/A;N/A;N/A;N/A;N/A;N/A;N/A;N/A;N/A;N/A;N/A;N/A;N/A;N/A;N/A;N/A;N/A;N/A;N/A;N/A;N/A;N/A;N/A;N/A;N/A;N/A;N/A;N/A;N/A;N/A;N/A;N/A;N/A;N/A;N/A;N/A;N/A;N/A;N/A;N/A;N/A;N/A;N/A;N/A;N/A;N/A;N/A;N/A;N/A;N/A;N/A;N/A;N/A;N/A;N/A;N/A;N/A;N/A;N/A;N/A;N/A;N/A;N/A;N/A;N/A;N/A;N/A;N/A;N/A;N/A;N/A;N/A;N/A;N/A;N/A;N/A;N/A;N/A;N/A;N/A;N/A;N/A;N/A;N/A;N/A;N/A;N/A;N/A;5;N/A;Nafta;Automática;SUV;"Autos y camionetas";N/A;N/A;N/A;N/A;N/A;N/A;N/A;N/A;Sí;N/A;N/A;N/A;N/A;N/A;N/A;N/A;N/A;N/A;N/A;N/A;N/A;N/A;N/A;N/A;N/A;N/A;N/A;N/A;N/A;N/A;N/A;N/A;N/A;N/A;N/A;N/A;N/A;N/A;N/A;N/A;N/A;N/A;N/A;Sí;N/A;N/A;N/A;N/A;N/A;N/A;N/A;N/A;N/A;N/A;N/A;N/A;N/A;N/A;N/A;N/A;N/A;N/A;N/A;N/A;N/A;N/A;N/A;N/A;N/A;N/A;N/A;N/A;N/A;N/A;N/A;N/A;N/A;N/A;N/A;N/A;N/A;N/A;N/A;N/A;N/A;N/A;N/A;N/A;N/A;N/A;N/A;N/A;N/A;N/A;N/A;N/A;N/A;N/A;N/A;N/A;N/A;N/A;N/A;N/A;N/A;N/A;N/A;N/A;N/A;N/A;N/A;N/A;N/A;N/A;N/A;N/A;N/A;N/A;N/A;N/A;N/A;N/A
Changan;X7;"Plus Elite 7 Plazas";2025;"0 km";;ORSIAUTOMOVILESUY;34990;;;;;"Santa Lucía";https://auto.mercadolibre.com.uy/MLU-643745883-changan-x7-plus-elite-7-plazas-entrega-inmediata-_JM;N/A;;"Changan X7 Plus Elite - 7 Plazas - Entrega Inmediata";USD;Sí;silver;false;N/A;N/A;http://perfil.mercadolibre.com.uy/ORSIAUTOMOVILESUY;active;N/A;N/A;Nuevo;Blanco;N/A;Hidráulica;Delantera;Sí;Sí;N/A;N/A;N/A;Sí;N/A;N/A;N/A;N/A;N/A;Sí;Sí;N/A;Sí;N/A;N/A;N/A;N/A;N/A;N/A;N/A;N/A;N/A;N/A;N/A;N/A;N/A;N/A;N/A;N/A;N/A;N/A;N/A;Sí;N/A;N/A;N/A;N/A;N/A;N/A;N/A;N/A;N/A;N/A;N/A;N/A;N/A;N/A;N/A;N/A;N/A;N/A;N/A;N/A;N/A;N/A;N/A;N/A;N/A;N/A;N/A;N/A;N/A;N/A;N/A;N/A;N/A;N/A;N/A;N/A;N/A;N/A;N/A;N/A;N/A;N/A;N/A;N/A;N/A;N/A;N/A;N/A;N/A;N/A;N/A;N/A;Sí;N/A;Sí;Sí;N/A;Sí;Sí;N/A;N/A;N/A;N/A;Sí;N/A;N/A;N/A;Sí;"Lunes a viernes de 8:30 a 12:00 Hs y de 14:00 a 18:30 Hs | Sábados de 9:00 a 12:00 Hs";5;"1.5 Turbo - 185 CV";Nafta;"Automática secuencial";SUV;"Autos y camionetas";N/A;N/A;N/A;N/A;N/A;N/A;N/A;N/A;Sí;N/A;N/A;N/A;N/A;N/A;N/A;N/A;N/A;N/A;N/A;N/A;N/A;N/A;N/A;N/A;Sí;N/A;N/A;N/A;N/A;N/A;N/A;N/A;N/A;N/A;N/A;N/A;N/A;N/A;N/A;N/A;N/A;N/A;N/A;Sí;N/A;N/A;N/A;N/A;N/A;N/A;N/A;N/A;N/A;N/A;N/A;N/A;N/A;N/A;N/A;N/A;N/A;Sí;N/A;N/A;N/A;N/A;N/A;N/A;N/A;N/A;N/A;N/A;N/A;N/A;N/A;N/A;N/A;N/A;N/A;N/A;N/A;N/A;N/A;N/A;N/A;N/A;N/A;N/A;N/A;N/A;N/A;N/A;N/A;N/A;N/A;N/A;Sí;Sí;Sí;N/A;Sí;N/A;N/A;N/A;N/A;Sí;Sí;Sí;Sí;N/A;N/A;Sí;Sí;Sí;Sí;Sí;Sí;N/A;N/A;Sí;N/A;Sí
Changan;"STAR PICK-UP";"Doble Cabina";2025;"0 km";;ORSIAUTOMOVILESUY;15490;;;;;"Santa Lucía";https://auto.mercadolibre.com.uy/MLU-643680767-changan-star-pick-up-doble-cabina-_JM;N/A;;"Changan Star Pick-up Doble Cabina";USD;Sí;silver;false;N/A;N/A;http://perfil.mercadolibre.com.uy/ORSIAUTOMOVILESUY;active;N/A;N/A;Nuevo;Blanco;N/A;Hidráulica;Delantera;Sí;Sí;N/A;N/A;N/A;N/A;N/A;N/A;N/A;N/A;N/A;N/A;Sí;N/A;N/A;N/A;N/A;N/A;N/A;N/A;N/A;N/A;N/A;N/A;N/A;N/A;N/A;N/A;N/A;N/A;N/A;N/A;N/A;N/A;N/A;N/A;N/A;N/A;N/A;N/A;N/A;N/A;N/A;N/A;N/A;N/A;N/A;N/A;N/A;N/A;N/A;N/A;N/A;N/A;N/A;N/A;N/A;N/A;N/A;N/A;N/A;N/A;N/A;N/A;N/A;N/A;N/A;N/A;N/A;N/A;N/A;N/A;N/A;N/A;N/A;N/A;N/A;N/A;N/A;N/A;N/A;N/A;N/A;N/A;N/A;N/A;N/A;N/A;N/A;N/A;Sí;N/A;Sí;Sí;N/A;N/A;N/A;N/A;N/A;N/A;N/A;N/A;N/A;"Lunes a viernes de 8:30 a 12:00 Hs y de 14:00 a 18:30 Hs | Sábados de 9:00 a 12:00 Hs";4;"1.2L DOHC 16 válvulas, 4 cilindros";Nafta;Manual;Pick-Up;"Autos y camionetas";N/A;N/A;N/A;N/A;N/A;N/A;N/A;N/A;Sí;N/A;N/A;N/A;N/A;N/A;N/A;N/A;N/A;N/A;N/A;N/A;N/A;N/A;N/A;N/A;N/A;N/A;N/A;N/A;N/A;N/A;N/A;N/A;N/A;N/A;N/A;N/A;N/A;N/A;N/A;N/A;N/A;N/A;N/A;Sí;N/A;N/A;N/A;N/A;N/A;N/A;N/A;N/A;N/A;N/A;N/A;N/A;N/A;N/A;N/A;N/A;N/A;Sí;N/A;N/A;N/A;N/A;N/A;N/A;N/A;N/A;N/A;N/A;N/A;N/A;N/A;N/A;N/A;N/A;N/A;N/A;N/A;N/A;N/A;N/A;N/A;N/A;N/A;N/A;N/A;N/A;N/A;N/A;N/A;N/A;N/A;N/A;Sí;N/A;N/A;N/A;Sí;N/A;N/A;N/A;N/A;Sí;N/A;N/A;N/A;N/A;N/A;N/A;N/A;N/A;Sí;Sí;N/A;N/A;N/A;N/A;N/A;N/A
Changan;"X7 Plus";"Luxury Manual - 7 Plazas - ENTREGA INMEDIATA";2025;"0 km";;ORSIAUTOMOVILESUY;27990;;;;;"Santa Lucía";https://auto.mercadolibre.com.uy/MLU-695683942-changan-x7-plus-luxury-7-plazas-entrega-inmediata-_JM;N/A;;"Changan X7 Plus Luxury - 7 Plazas - Entrega Inmediata";USD;Sí;silver;false;N/A;N/A;http://perfil.mercadolibre.com.uy/ORSIAUTOMOVILESUY;active;N/A;N/A;Nuevo;Blanco;N/A;Hidráulica;Delantera;Sí;Sí;N/A;N/A;N/A;Sí;N/A;N/A;N/A;N/A;N/A;Sí;Sí;N/A;Sí;N/A;N/A;N/A;N/A;N/A;N/A;N/A;N/A;N/A;N/A;N/A;N/A;N/A;N/A;N/A;N/A;N/A;N/A;N/A;Sí;N/A;N/A;N/A;N/A;N/A;N/A;N/A;N/A;N/A;N/A;N/A;N/A;N/A;N/A;N/A;N/A;N/A;N/A;N/A;N/A;N/A;N/A;N/A;N/A;N/A;N/A;N/A;N/A;N/A;N/A;N/A;N/A;N/A;N/A;N/A;N/A;N/A;N/A;N/A;N/A;N/A;N/A;N/A;N/A;N/A;N/A;N/A;N/A;N/A;N/A;N/A;N/A;Sí;N/A;Sí;Sí;N/A;Sí;Sí;N/A;N/A;N/A;N/A;Sí;N/A;N/A;N/A;Sí;"Lunes a viernes de 8:30 a 12:00 Hs y de 14:00 a 18:30 Hs | Sábados de 9:00 a 12:00 Hs";5;"1.5L Turbo Nafta GDI 16 válvulas, 4 cilindros - 177 cv";Nafta;Manual;SUV;"Autos y camionetas";N/A;N/A;N/A;N/A;N/A;N/A;N/A;N/A;Sí;N/A;N/A;N/A;N/A;N/A;N/A;N/A;N/A;N/A;N/A;N/A;N/A;N/A;N/A;N/A;Sí;N/A;N/A;N/A;N/A;N/A;N/A;N/A;N/A;N/A;N/A;N/A;N/A;N/A;N/A;N/A;N/A;N/A;N/A;Sí;N/A;N/A;N/A;N/A;N/A;N/A;N/A;N/A;N/A;N/A;N/A;N/A;N/A;N/A;N/A;N/A;N/A;Sí;N/A;N/A;N/A;N/A;N/A;N/A;N/A;N/A;N/A;N/A;N/A;N/A;N/A;N/A;N/A;N/A;N/A;N/A;N/A;N/A;N/A;N/A;N/A;N/A;N/A;N/A;N/A;N/A;N/A;N/A;N/A;N/A;N/A;N/A;Sí;Sí;Sí;N/A;Sí;N/A;N/A;N/A;N/A;Sí;Sí;Sí;Sí;N/A;N/A;Sí;Sí;Sí;Sí;Sí;Sí;N/A;N/A;Sí;N/A;Sí
Changan;"Star Pick Up Doble Cabina";Full;2024;"0 km";;LAUTOMOTORA;15490;;;;;"San Jacinto";https://auto.mercadolibre.com.uy/MLU-639986525-changan-star-doble-cabina-full-12-2024-0km-lautomotora-_JM;N/A;;"Changan Star Doble Cabina Full 1.2 2024 0km - Lautomotora";USD;Sí;silver;false;N/A;N/A;http://perfil.mercadolibre.com.uy/LAUTOMOTORA;active;N/A;N/A;Nuevo;Plateado;N/A;Asistida;N/A;Sí;N/A;Sí;N/A;N/A;N/A;Sí;N/A;N/A;N/A;Sí;N/A;Sí;N/A;N/A;N/A;N/A;N/A;N/A;N/A;N/A;N/A;N/A;N/A;N/A;N/A;"1200 cc";N/A;5;N/A;N/A;N/A;N/A;N/A;N/A;N/A;N/A;N/A;N/A;N/A;N/A;N/A;N/A;N/A;N/A;N/A;N/A;N/A;N/A;N/A;N/A;N/A;N/A;N/A;N/A;N/A;N/A;N/A;N/A;N/A;N/A;N/A;N/A;N/A;N/A;N/A;N/A;N/A;N/A;N/A;N/A;N/A;N/A;N/A;N/A;N/A;N/A;N/A;N/A;N/A;N/A;"97 hp";N/A;N/A;N/A;N/A;"11 km/l";N/A;N/A;N/A;N/A;N/A;N/A;N/A;N/A;N/A;N/A;"14 km/l";N/A;N/A;N/A;N/A;N/A;"Lunes a viernes de 9 a 13 y de 14 a 19 hs";4;1.2;Nafta;Manual;Pick-Up;"Autos y camionetas";No;N/A;N/A;N/A;No;N/A;N/A;No;Sí;No;No;N/A;N/A;N/A;N/A;N/A;N/A;N/A;N/A;N/A;N/A;N/A;N/A;N/A;N/A;N/A;N/A;N/A;N/A;N/A;N/A;N/A;N/A;N/A;N/A;N/A;N/A;N/A;N/A;N/A;N/A;N/A;N/A;Sí;N/A;N/A;N/A;N/A;N/A;N/A;N/A;N/A;N/A;N/A;N/A;N/A;N/A;N/A;N/A;N/A;N/A;Sí;No;N/A;N/A;N/A;N/A;N/A;N/A;N/A;N/A;N/A;N/A;N/A;N/A;N/A;N/A;N/A;N/A;N/A;N/A;N/A;N/A;N/A;N/A;N/A;N/A;N/A;N/A;N/A;N/A;N/A;N/A;N/A;N/A;N/A;Sí;N/A;N/A;N/A;Sí;N/A;N/A;N/A;Sí;Sí;N/A;Sí;N/A;N/A;N/A;N/A;N/A;N/A;Sí;Sí;Sí;N/A;N/A;Sí;N/A;Sí
Changan;"X7 Plus";X7;2025;"0 km";;"OSCARPISANO RENAULT-NISSAN";34990;;;;;Sayago;https://auto.mercadolibre.com.uy/MLU-691863498-changan-x7-plus-x7-15-2025-0km-_JM;N/A;;"Changan X7 Plus X7 1.5 2025 0km";USD;Sí;silver;false;N/A;N/A;http://perfil.mercadolibre.com.uy/OSCARPISANO+RENAULT-NISSAN;active;N/A;N/A;Nuevo;"Gris oscuro";N/A;Eléctrica;N/A;N/A;Sí;Sí;N/A;N/A;N/A;Sí;Sí;N/A;N/A;Sí;Sí;Sí;N/A;N/A;N/A;N/A;N/A;N/A;N/A;N/A;N/A;N/A;N/A;N/A;N/A;"1500 cc";N/A;7;N/A;N/A;Sí;Sí;N/A;N/A;N/A;N/A;N/A;N/A;N/A;N/A;N/A;N/A;N/A;N/A;N/A;N/A;N/A;N/A;N/A;N/A;N/A;Sí;N/A;Sí;N/A;N/A;N/A;N/A;N/A;N/A;N/A;N/A;N/A;N/A;N/A;N/A;N/A;N/A;N/A;N/A;Sí;N/A;N/A;N/A;N/A;N/A;N/A;N/A;N/A;N/A;"185 hp";N/A;N/A;N/A;N/A;"11 km/l";N/A;N/A;Sí;Sí;Sí;N/A;Sí;N/A;N/A;N/A;"16 km/l";N/A;N/A;N/A;N/A;Sí;"Lun. a Sáb. de 9:30 a 18:30 hs. Dom. de 9:30 a 13 hs";5;1.5;Nafta;Automática;SUV;"Autos y camionetas";No;N/A;N/A;N/A;No;N/A;N/A;No;Sí;No;No;N/A;N/A;N/A;N/A;N/A;N/A;N/A;N/A;N/A;N/A;N/A;N/A;N/A;N/A;N/A;N/A;N/A;N/A;N/A;N/A;N/A;N/A;N/A;N/A;N/A;N/A;N/A;N/A;N/A;N/A;N/A;N/A;Sí;N/A;N/A;N/A;N/A;N/A;N/A;N/A;N/A;N/A;N/A;N/A;N/A;N/A;N/A;N/A;N/A;N/A;Sí;No;N/A;N/A;N/A;N/A;N/A;N/A;N/A;N/A;N/A;N/A;N/A;N/A;N/A;N/A;N/A;N/A;N/A;N/A;N/A;N/A;N/A;N/A;N/A;N/A;N/A;N/A;N/A;N/A;N/A;N/A;N/A;N/A;N/A;Sí;N/A;Sí;N/A;Sí;Sí;Sí;N/A;N/A;Sí;N/A;Sí;N/A;N/A;N/A;N/A;N/A;N/A;N/A;N/A;Sí;N/A;N/A;N/A;N/A;Sí
Changan;"Uni-t Techno";Techno;2024;"0 km";;RENAULTPUNTADELESTE;41990;;;;;"Punta del Este";https://auto.mercadolibre.com.uy/MLU-670929658-changan-uni-t-techno-_JM;N/A;;"Changan Uni-t Techno ";USD;Sí;silver;false;N/A;N/A;http://perfil.mercadolibre.com.uy/RENAULTPUNTADELESTE;active;N/A;N/A;Nuevo;Gris;N/A;Eléctrica;Delantera;N/A;N/A;N/A;N/A;N/A;N/A;N/A;N/A;N/A;N/A;N/A;N/A;N/A;N/A;N/A;N/A;N/A;N/A;N/A;N/A;N/A;N/A;N/A;N/A;N/A;N/A;N/A;N/A;N/A;N/A;N/A;N/A;N/A;N/A;N/A;N/A;N/A;N/A;N/A;N/A;N/A;N/A;N/A;N/A;N/A;N/A;N/A;N/A;N/A;N/A;N/A;N/A;N/A;N/A;N/A;N/A;N/A;N/A;N/A;N/A;N/A;N/A;N/A;N/A;N/A;N/A;N/A;N/A;N/A;N/A;N/A;N/A;N/A;N/A;N/A;N/A;N/A;N/A;N/A;N/A;N/A;N/A;N/A;N/A;N/A;N/A;N/A;N/A;N/A;N/A;N/A;N/A;N/A;N/A;N/A;N/A;N/A;N/A;N/A;N/A;N/A;N/A;N/A;"24 hs";5;1.5;Nafta;Automática;SUV;"Autos y camionetas";N/A;N/A;N/A;N/A;N/A;N/A;N/A;N/A;N/A;N/A;N/A;N/A;N/A;N/A;N/A;N/A;N/A;N/A;N/A;N/A;N/A;N/A;N/A;N/A;N/A;N/A;N/A;N/A;N/A;N/A;N/A;N/A;N/A;N/A;N/A;N/A;N/A;N/A;N/A;N/A;N/A;N/A;N/A;N/A;N/A;N/A;N/A;N/A;N/A;N/A;N/A;N/A;N/A;N/A;N/A;N/A;N/A;N/A;N/A;N/A;N/A;N/A;N/A;N/A;N/A;N/A;N/A;N/A;N/A;N/A;N/A;N/A;N/A;N/A;N/A;N/A;N/A;N/A;N/A;N/A;N/A;N/A;N/A;N/A;N/A;N/A;N/A;N/A;N/A;N/A;N/A;N/A;N/A;N/A;N/A;N/A;N/A;N/A;N/A;N/A;N/A;N/A;N/A;N/A;N/A;N/A;N/A;N/A;N/A;N/A;N/A;N/A;N/A;N/A;N/A;N/A;N/A;N/A;N/A;N/A;N/A;N/A
Changan;"X7 PLUS 1.5T ELITE AT";Elite;2024;"0 km";;RENAULTPUNTADELESTE;34990;;;;;"Punta del Este";https://auto.mercadolibre.com.uy/MLU-644165127-changan-x7-plus-15t-elite-at-_JM;N/A;;"Changan X7 Plus 1.5t Elite At";USD;Sí;silver;false;N/A;N/A;http://perfil.mercadolibre.com.uy/RENAULTPUNTADELESTE;active;N/A;N/A;Nuevo;Gris;N/A;Asistida;Delantera;N/A;N/A;N/A;N/A;N/A;N/A;N/A;N/A;N/A;N/A;N/A;N/A;N/A;N/A;N/A;N/A;N/A;N/A;N/A;N/A;N/A;N/A;N/A;N/A;N/A;N/A;N/A;N/A;N/A;N/A;N/A;N/A;N/A;N/A;N/A;N/A;N/A;N/A;N/A;N/A;N/A;N/A;N/A;N/A;N/A;N/A;N/A;N/A;N/A;N/A;N/A;N/A;N/A;N/A;N/A;N/A;N/A;N/A;N/A;N/A;N/A;N/A;N/A;N/A;N/A;N/A;N/A;N/A;N/A;N/A;N/A;N/A;N/A;N/A;N/A;N/A;N/A;N/A;N/A;N/A;N/A;N/A;N/A;N/A;N/A;N/A;N/A;N/A;N/A;N/A;N/A;N/A;N/A;N/A;N/A;N/A;N/A;N/A;N/A;N/A;N/A;N/A;N/A;24hs;5;"1.5 t";Nafta;N/A;Crossover;"Autos y camionetas";N/A;N/A;N/A;N/A;N/A;N/A;N/A;N/A;N/A;N/A;N/A;N/A;N/A;N/A;N/A;N/A;N/A;N/A;N/A;N/A;N/A;N/A;N/A;N/A;N/A;N/A;N/A;N/A;N/A;N/A;N/A;N/A;N/A;N/A;N/A;N/A;N/A;N/A;N/A;N/A;N/A;N/A;N/A;N/A;N/A;N/A;N/A;N/A;N/A;N/A;N/A;N/A;N/A;N/A;N/A;N/A;N/A;N/A;N/A;N/A;N/A;N/A;N/A;N/A;N/A;N/A;N/A;N/A;N/A;N/A;N/A;N/A;N/A;N/A;N/A;N/A;N/A;N/A;N/A;N/A;N/A;N/A;N/A;N/A;N/A;N/A;N/A;N/A;N/A;N/A;N/A;N/A;N/A;N/A;N/A;N/A;N/A;N/A;N/A;N/A;N/A;N/A;N/A;N/A;N/A;N/A;N/A;N/A;N/A;N/A;N/A;N/A;N/A;N/A;N/A;N/A;N/A;N/A;N/A;N/A;N/A;N/A
Changan;"STAR PICK-UP";Pick-up;2025;"0 km";;ORSIAUTOMOVILESUY;13990;;;;;"Santa Lucía";https://auto.mercadolibre.com.uy/MLU-643719513-changan-star-pick-up-cabina-simple-_JM;N/A;;"Changan Star Pick-up Cabina Simple";USD;Sí;silver;false;N/A;N/A;http://perfil.mercadolibre.com.uy/ORSIAUTOMOVILESUY;active;N/A;N/A;Nuevo;Blanco;N/A;Mecánica;Trasera;N/A;N/A;N/A;N/A;N/A;N/A;N/A;N/A;N/A;N/A;N/A;N/A;N/A;N/A;N/A;N/A;N/A;N/A;N/A;N/A;N/A;N/A;N/A;N/A;N/A;N/A;N/A;N/A;N/A;N/A;N/A;N/A;N/A;N/A;N/A;N/A;N/A;N/A;N/A;N/A;N/A;N/A;N/A;N/A;N/A;N/A;N/A;N/A;N/A;N/A;N/A;N/A;N/A;N/A;N/A;N/A;N/A;N/A;N/A;N/A;N/A;N/A;N/A;N/A;N/A;N/A;N/A;N/A;N/A;N/A;N/A;N/A;N/A;N/A;N/A;N/A;N/A;N/A;N/A;N/A;N/A;N/A;N/A;N/A;N/A;N/A;N/A;N/A;N/A;N/A;N/A;N/A;N/A;N/A;N/A;N/A;N/A;N/A;N/A;N/A;N/A;N/A;N/A;"Lunes a viernes de 8:30 a 12:00 Hs y de 14:00 a 18:30 Hs | Sábados de 9:00 a 12:00 Hs";2;"1.2L DOHC 16 válvulas, 4 cilindros";Nafta;Manual;Pick-Up;"Autos y camionetas";N/A;N/A;N/A;N/A;N/A;N/A;N/A;N/A;Sí;N/A;N/A;N/A;N/A;N/A;N/A;N/A;N/A;N/A;N/A;N/A;N/A;N/A;N/A;N/A;N/A;N/A;N/A;N/A;N/A;N/A;N/A;N/A;N/A;N/A;N/A;N/A;N/A;N/A;N/A;N/A;N/A;N/A;N/A;Sí;N/A;N/A;N/A;N/A;N/A;N/A;N/A;N/A;N/A;N/A;N/A;N/A;N/A;N/A;N/A;N/A;N/A;Sí;N/A;N/A;N/A;N/A;N/A;N/A;N/A;N/A;N/A;N/A;N/A;N/A;N/A;N/A;N/A;N/A;N/A;N/A;N/A;N/A;N/A;N/A;N/A;N/A;N/A;N/A;N/A;N/A;N/A;N/A;N/A;N/A;N/A;N/A;Sí;N/A;N/A;N/A;Sí;N/A;N/A;N/A;N/A;Sí;N/A;N/A;N/A;N/A;N/A;N/A;N/A;N/A;Sí;Sí;N/A;N/A;N/A;N/A;N/A;N/A
Changan;X7;"PLUS LUXURY MT";2025;"0 km";;RENAULTPUNTADELESTE;27990;;;;;"Punta del Este";https://auto.mercadolibre.com.uy/MLU-680699214-changan-x7-plus-luxury-mt-x7-_JM;N/A;;"Changan X7 Plus Luxury Mt X7";USD;Sí;silver;false;N/A;N/A;http://perfil.mercadolibre.com.uy/RENAULTPUNTADELESTE;active;N/A;N/A;Nuevo;Blanco;N/A;Eléctrica;Delantera;N/A;N/A;N/A;N/A;N/A;N/A;N/A;N/A;N/A;N/A;N/A;N/A;N/A;N/A;N/A;N/A;N/A;N/A;N/A;N/A;N/A;N/A;N/A;N/A;N/A;N/A;N/A;N/A;N/A;N/A;N/A;N/A;N/A;N/A;N/A;N/A;N/A;N/A;N/A;N/A;N/A;N/A;N/A;N/A;N/A;N/A;N/A;N/A;N/A;N/A;N/A;N/A;N/A;N/A;N/A;N/A;N/A;N/A;N/A;N/A;N/A;N/A;N/A;N/A;N/A;N/A;N/A;N/A;N/A;N/A;N/A;N/A;N/A;N/A;N/A;N/A;N/A;N/A;N/A;N/A;N/A;N/A;N/A;N/A;N/A;N/A;N/A;N/A;N/A;N/A;N/A;N/A;N/A;N/A;N/A;N/A;N/A;N/A;N/A;N/A;N/A;N/A;N/A;24hs;5;"1.5 turbo";Nafta;Manual;SUV;"Autos y camionetas";N/A;N/A;N/A;N/A;N/A;N/A;N/A;N/A;N/A;N/A;N/A;N/A;N/A;N/A;N/A;N/A;N/A;N/A;N/A;N/A;N/A;N/A;N/A;N/A;N/A;N/A;N/A;N/A;N/A;N/A;N/A;N/A;N/A;N/A;N/A;N/A;N/A;N/A;N/A;N/A;N/A;N/A;N/A;N/A;N/A;N/A;N/A;N/A;N/A;N/A;N/A;N/A;N/A;N/A;N/A;N/A;N/A;N/A;N/A;N/A;N/A;N/A;N/A;N/A;N/A;N/A;N/A;N/A;N/A;N/A;N/A;N/A;N/A;N/A;N/A;N/A;N/A;N/A;N/A;N/A;N/A;N/A;N/A;N/A;N/A;N/A;N/A;N/A;N/A;N/A;N/A;N/A;N/A;N/A;N/A;N/A;N/A;N/A;N/A;N/A;N/A;N/A;N/A;N/A;N/A;N/A;N/A;N/A;N/A;N/A;N/A;N/A;N/A;N/A;N/A;N/A;N/A;N/A;N/A;N/A;N/A;N/A
Changan;"STAR PICK-UP";"SC1027SA DOBLE CABINA";2019;"62200 km";;"GR AUTOMOVILES";10800;;;;;Tacuarembó;https://auto.mercadolibre.com.uy/MLU-701308066-changan-star-doble-cabina-_JM;N/A;;"Changan Star Doble Cabina";USD;Sí;silver;false;N/A;N/A;http://perfil.mercadolibre.com.uy/GR+AUTOMOVILES;active;N/A;N/A;Usado;Gris;Sí;Mecánica;Trasera;Sí;Sí;N/A;N/A;N/A;N/A;N/A;N/A;No;N/A;N/A;No;Sí;N/A;No;N/A;N/A;N/A;N/A;N/A;N/A;N/A;N/A;N/A;N/A;N/A;N/A;N/A;N/A;N/A;N/A;N/A;N/A;N/A;No;N/A;N/A;N/A;N/A;N/A;N/A;N/A;N/A;N/A;N/A;N/A;N/A;N/A;N/A;N/A;N/A;N/A;N/A;N/A;N/A;N/A;N/A;N/A;No;N/A;N/A;N/A;N/A;N/A;N/A;N/A;N/A;N/A;N/A;N/A;N/A;N/A;N/A;N/A;N/A;N/A;N/A;N/A;N/A;N/A;N/A;N/A;N/A;N/A;N/A;N/A;N/A;No;N/A;No;Sí;N/A;No;No;N/A;No;N/A;N/A;No;N/A;N/A;N/A;No;N/A;4;1200;Nafta;Manual;Pick-Up;"Autos y camionetas";N/A;N/A;N/A;N/A;N/A;N/A;N/A;N/A;Sí;N/A;N/A;N/A;N/A;N/A;N/A;N/A;N/A;N/A;N/A;N/A;N/A;N/A;N/A;N/A;No;N/A;N/A;N/A;N/A;N/A;N/A;N/A;N/A;N/A;N/A;N/A;N/A;N/A;N/A;N/A;N/A;N/A;N/A;No;N/A;N/A;N/A;N/A;N/A;N/A;N/A;N/A;N/A;N/A;N/A;N/A;N/A;N/A;N/A;N/A;N/A;No;N/A;N/A;N/A;N/A;N/A;N/A;N/A;N/A;N/A;N/A;N/A;N/A;N/A;N/A;N/A;N/A;N/A;N/A;N/A;N/A;N/A;N/A;N/A;N/A;N/A;N/A;N/A;N/A;N/A;N/A;N/A;N/A;N/A;No;Sí;No;No;N/A;Sí;N/A;N/A;N/A;N/A;Sí;No;Sí;No;N/A;N/A;No;No;Sí;Sí;Sí;No;No;No;No;N/A;Sí
Changan;CX70;-;2020;"55835 km";;SEREYCIA.;15500;;;;;Durazno;https://auto.mercadolibre.com.uy/MLU-702640250-changan-cx70-2020-impecable-_JM;N/A;;"Changan Cx70 2020 Impecable!";USD;Sí;silver;false;N/A;N/A;http://perfil.mercadolibre.com.uy/SEREYCIA.;active;N/A;N/A;Usado;"Gris oscuro";N/A;Hidráulica;N/A;N/A;N/A;N/A;N/A;N/A;N/A;N/A;N/A;N/A;N/A;N/A;N/A;N/A;N/A;N/A;N/A;N/A;N/A;N/A;N/A;N/A;N/A;N/A;N/A;N/A;N/A;N/A;N/A;5;N/A;N/A;N/A;N/A;N/A;N/A;N/A;N/A;N/A;N/A;N/A;N/A;N/A;N/A;N/A;N/A;N/A;N/A;N/A;N/A;N/A;N/A;N/A;N/A;N/A;N/A;N/A;N/A;N/A;N/A;N/A;N/A;N/A;N/A;N/A;N/A;N/A;N/A;N/A;N/A;N/A;N/A;N/A;N/A;N/A;N/A;N/A;N/A;N/A;N/A;N/A;N/A;N/A;N/A;N/A;N/A;N/A;N/A;N/A;N/A;N/A;N/A;N/A;N/A;N/A;N/A;N/A;N/A;N/A;N/A;N/A;N/A;N/A;N/A;"Lun. a Vie. 8:30 a 12 y 14 a 19 hs. Sáb. 8:30 a 12 hs.";4;N/A;Nafta;Manual;SUV;"Autos y camionetas";No;N/A;N/A;N/A;No;N/A;N/A;No;Sí;No;No;N/A;N/A;N/A;N/A;N/A;N/A;N/A;N/A;N/A;N/A;N/A;N/A;N/A;N/A;N/A;N/A;N/A;N/A;N/A;N/A;N/A;N/A;N/A;N/A;N/A;N/A;N/A;N/A;N/A;N/A;N/A;N/A;N/A;N/A;N/A;N/A;N/A;N/A;N/A;N/A;N/A;N/A;N/A;N/A;N/A;N/A;N/A;N/A;N/A;N/A;N/A;No;N/A;N/A;N/A;N/A;N/A;N/A;N/A;N/A;N/A;N/A;N/A;N/A;N/A;N/A;N/A;N/A;N/A;N/A;N/A;N/A;N/A;N/A;N/A;N/A;N/A;N/A;N/A;N/A;N/A;N/A;N/A;N/A;N/A;N/A;N/A;N/A;N/A;N/A;N/A;N/A;N/A;N/A;N/A;N/A;N/A;N/A;N/A;N/A;N/A;N/A;N/A;N/A;N/A;N/A;N/A;N/A;N/A;N/A;N/A
Changan;"STAR BOX";Box;2025;"0 km";;ORSIAUTOMOVILESUY;14990;;;;;"Santa Lucía";https://auto.mercadolibre.com.uy/MLU-643732603-changan-star-box-_JM;N/A;;"Changan Star Box";USD;Sí;silver;false;N/A;N/A;http://perfil.mercadolibre.com.uy/ORSIAUTOMOVILESUY;active;N/A;N/A;Nuevo;Blanco;N/A;Mecánica;Trasera;N/A;N/A;N/A;N/A;N/A;N/A;N/A;N/A;N/A;N/A;N/A;N/A;N/A;N/A;N/A;N/A;N/A;N/A;N/A;N/A;N/A;N/A;N/A;N/A;N/A;N/A;N/A;N/A;N/A;N/A;N/A;N/A;N/A;N/A;N/A;N/A;N/A;N/A;N/A;N/A;N/A;N/A;N/A;N/A;N/A;N/A;N/A;N/A;N/A;N/A;N/A;N/A;N/A;N/A;N/A;N/A;N/A;N/A;N/A;N/A;N/A;N/A;N/A;N/A;N/A;N/A;N/A;N/A;N/A;N/A;N/A;N/A;N/A;N/A;N/A;N/A;N/A;N/A;N/A;N/A;N/A;N/A;N/A;N/A;N/A;N/A;N/A;N/A;N/A;N/A;N/A;N/A;N/A;N/A;N/A;N/A;N/A;N/A;N/A;N/A;N/A;N/A;N/A;"Lunes a viernes de 8:30 a 12:00 Hs y de 14:00 a 18:30 Hs | Sábados de 9:00 a 12:00 Hs";2;"1.2L DOHC 16 válvulas, 4 cilindros";Nafta;Manual;Furgón;"Autos y camionetas";N/A;N/A;N/A;N/A;N/A;N/A;N/A;N/A;Sí;N/A;N/A;N/A;N/A;N/A;N/A;N/A;N/A;N/A;N/A;N/A;N/A;N/A;N/A;N/A;N/A;N/A;N/A;N/A;N/A;N/A;N/A;N/A;N/A;N/A;N/A;N/A;N/A;N/A;N/A;N/A;N/A;N/A;N/A;Sí;N/A;N/A;N/A;N/A;N/A;N/A;N/A;N/A;N/A;N/A;N/A;N/A;N/A;N/A;N/A;N/A;N/A;Sí;N/A;N/A;N/A;N/A;N/A;N/A;N/A;N/A;N/A;N/A;N/A;N/A;N/A;N/A;N/A;N/A;N/A;N/A;N/A;N/A;N/A;N/A;N/A;N/A;N/A;N/A;N/A;N/A;N/A;N/A;N/A;N/A;N/A;N/A;Sí;N/A;N/A;N/A;Sí;N/A;N/A;N/A;N/A;Sí;N/A;N/A;N/A;N/A;N/A;N/A;N/A;N/A;Sí;Sí;N/A;N/A;N/A;N/A;N/A;N/A
Changan;"CS 35";"Luxury automatica 1400 turbo";2023;"0 km";;"OSCARPISANO RENAULT-NISSAN";32990;;;;;Sayago;https://auto.mercadolibre.com.uy/MLU-669649484-changan-cs35-luxury-automatica-1400-turbo-2023-0km-_JM;N/A;;"Changan Cs35 Luxury Automatica 1400 Turbo 2023 0km";USD;Sí;silver;false;N/A;N/A;http://perfil.mercadolibre.com.uy/OSCARPISANO+RENAULT-NISSAN;active;N/A;N/A;Nuevo;Blanco;N/A;Eléctrica;N/A;No;Sí;Sí;Sí;Sí;No;No;Sí;Sí;No;Sí;Sí;Sí;No;Sí;N/A;N/A;N/A;N/A;N/A;N/A;N/A;N/A;N/A;N/A;N/A;N/A;N/A;7;N/A;No;Sí;Sí;Sí;Sí;No;No;No;No;No;No;No;No;No;No;No;No;No;No;No;No;No;Sí;No;Sí;No;No;N/A;No;N/A;No;No;No;No;No;Sí;No;No;No;No;No;Sí;N/A;No;N/A;N/A;N/A;N/A;N/A;N/A;N/A;N/A;N/A;N/A;N/A;N/A;N/A;No;No;Sí;No;No;No;Sí;Sí;Sí;No;N/A;No;No;No;No;Sí;"Lun. a Vie. de 8:30 a 18:30 hs. Sáb. de 9 a 13 hs";5;N/A;Nafta;Automática;Hatchback;"Autos y camionetas";No;N/A;N/A;N/A;No;N/A;N/A;No;Sí;No;No;N/A;N/A;N/A;N/A;N/A;N/A;N/A;N/A;N/A;N/A;No;N/A;N/A;No;N/A;N/A;N/A;N/A;N/A;N/A;N/A;N/A;N/A;N/A;No;N/A;N/A;N/A;N/A;N/A;N/A;N/A;Sí;N/A;N/A;N/A;N/A;N/A;N/A;N/A;N/A;N/A;No;N/A;N/A;N/A;No;No;N/A;N/A;N/A;No;No;No;N/A;N/A;N/A;N/A;N/A;No;N/A;N/A;N/A;N/A;N/A;N/A;N/A;N/A;N/A;N/A;N/A;No;N/A;N/A;N/A;N/A;N/A;N/A;N/A;N/A;No;No;N/A;N/A;No;Sí;No;Sí;Sí;Sí;Sí;Sí;No;Sí;Sí;No;Sí;No;No;Sí;Sí;Sí;No;Sí;Sí;Sí;No;No;Sí;No;Sí
Changan;"Star Box";"CHANA FURGÓN TÉRMICO c/ Equipo de Frío";2024;"0 km";;"ALVISI S.A.";19490;;;;;Goes;https://auto.mercadolibre.com.uy/MLU-673077442-changan-star-box-chana-furgon-termico-c-equipo-de-frio-_JM;N/A;;"Changan Star Box Chana Furgón Térmico C/ Equipo De Frío";USD;Sí;silver;false;N/A;N/A;http://perfil.mercadolibre.com.uy/ALVISI+S.A.;active;N/A;N/A;Nuevo;Blanco;N/A;Mecánica;N/A;N/A;N/A;N/A;N/A;N/A;N/A;N/A;N/A;N/A;N/A;N/A;N/A;N/A;N/A;N/A;N/A;N/A;N/A;N/A;N/A;N/A;N/A;N/A;N/A;N/A;N/A;"1247 cc";N/A;N/A;N/A;N/A;N/A;N/A;N/A;N/A;N/A;N/A;N/A;N/A;N/A;N/A;N/A;N/A;N/A;N/A;N/A;N/A;N/A;N/A;N/A;N/A;N/A;N/A;N/A;N/A;N/A;N/A;N/A;N/A;N/A;N/A;N/A;N/A;N/A;N/A;N/A;N/A;N/A;N/A;N/A;N/A;N/A;N/A;N/A;N/A;N/A;N/A;N/A;N/A;N/A;N/A;N/A;N/A;N/A;N/A;N/A;N/A;N/A;N/A;N/A;N/A;N/A;N/A;N/A;N/A;N/A;N/A;N/A;N/A;N/A;N/A;N/A;N/A;"Lun. a Vie. de 9 a 12:30 y de 14:30 a 18 hs.";5;1.2;Nafta;Manual;N/A;"Autos y camionetas";No;N/A;N/A;N/A;No;N/A;N/A;No;Sí;No;No;N/A;N/A;N/A;N/A;N/A;N/A;N/A;N/A;N/A;N/A;N/A;N/A;N/A;N/A;N/A;N/A;N/A;N/A;N/A;N/A;N/A;N/A;N/A;N/A;N/A;N/A;N/A;N/A;N/A;N/A;N/A;N/A;Sí;N/A;N/A;N/A;N/A;N/A;N/A;N/A;N/A;N/A;N/A;N/A;N/A;N/A;N/A;N/A;N/A;N/A;Sí;No;N/A;N/A;N/A;N/A;N/A;N/A;N/A;N/A;N/A;N/A;N/A;N/A;N/A;N/A;N/A;N/A;N/A;N/A;N/A;N/A;N/A;N/A;N/A;N/A;N/A;N/A;N/A;N/A;N/A;N/A;N/A;N/A;N/A;Sí;N/A;N/A;N/A;Sí;N/A;N/A;N/A;N/A;Sí;N/A;N/A;N/A;N/A;N/A;N/A;N/A;N/A;Sí;Sí;N/A;N/A;N/A;N/A;N/A;N/A
Changan;"Star Pick Up Pick-up";Std;2021;"81500 km";;RENAULTPUNTADELESTE;9500;;;;;"Punta del Este";https://auto.mercadolibre.com.uy/MLU-646313595-changan-star-pick-pick-up-_JM;N/A;;"Changan Star Pick Pick-up";USD;Sí;silver;false;N/A;N/A;http://perfil.mercadolibre.com.uy/RENAULTPUNTADELESTE;active;N/A;N/A;Usado;Gris;N/A;Mecánica;Trasera;N/A;N/A;N/A;N/A;N/A;N/A;N/A;N/A;N/A;N/A;N/A;N/A;N/A;N/A;N/A;N/A;N/A;N/A;N/A;N/A;N/A;N/A;N/A;N/A;N/A;N/A;N/A;N/A;N/A;N/A;N/A;N/A;N/A;N/A;N/A;N/A;N/A;N/A;N/A;N/A;N/A;N/A;N/A;N/A;N/A;N/A;N/A;N/A;N/A;N/A;N/A;N/A;N/A;N/A;N/A;N/A;N/A;N/A;N/A;N/A;N/A;N/A;N/A;N/A;N/A;N/A;N/A;N/A;N/A;N/A;N/A;N/A;N/A;N/A;N/A;N/A;N/A;N/A;N/A;N/A;N/A;N/A;N/A;N/A;N/A;N/A;N/A;N/A;N/A;N/A;N/A;N/A;N/A;N/A;N/A;N/A;N/A;N/A;N/A;N/A;N/A;N/A;N/A;24hs;2;1.2;Nafta;Manual;Pick-Up;"Autos y camionetas";N/A;N/A;N/A;N/A;N/A;N/A;N/A;N/A;N/A;N/A;N/A;N/A;N/A;N/A;N/A;N/A;N/A;N/A;N/A;N/A;N/A;N/A;N/A;N/A;N/A;N/A;N/A;N/A;N/A;N/A;N/A;N/A;N/A;N/A;N/A;N/A;N/A;N/A;N/A;N/A;N/A;N/A;N/A;N/A;N/A;N/A;N/A;N/A;N/A;N/A;N/A;N/A;N/A;N/A;N/A;N/A;N/A;N/A;N/A;N/A;N/A;N/A;N/A;N/A;N/A;N/A;N/A;N/A;N/A;N/A;N/A;N/A;N/A;N/A;N/A;N/A;N/A;N/A;N/A;N/A;N/A;N/A;N/A;N/A;N/A;N/A;N/A;N/A;N/A;N/A;N/A;N/A;N/A;N/A;N/A;N/A;N/A;N/A;N/A;N/A;N/A;N/A;N/A;N/A;N/A;N/A;N/A;N/A;N/A;N/A;N/A;N/A;N/A;N/A;N/A;N/A;N/A;N/A;N/A;N/A;N/A;N/A
Changan;"Star Box";Std;2024;"0 km";;VENDOAUTOSMARCELO;14990;;;;;"Paso de Carrasco";https://auto.mercadolibre.com.uy/MLU-640286989-changan-star-box-std-12-2024-0km-_JM;N/A;;"Changan Star Box Std 1.2 2024 0km";USD;Sí;silver;false;N/A;N/A;http://perfil.mercadolibre.com.uy/VENDOAUTOSMARCELO;active;N/A;N/A;Nuevo;Blanco;Sí;Asistida;N/A;N/A;N/A;N/A;N/A;N/A;N/A;N/A;N/A;N/A;N/A;N/A;N/A;N/A;N/A;N/A;N/A;N/A;N/A;N/A;N/A;N/A;N/A;N/A;N/A;N/A;N/A;"1200 cc";N/A;5;N/A;N/A;N/A;N/A;N/A;N/A;N/A;N/A;N/A;N/A;N/A;N/A;N/A;N/A;N/A;N/A;N/A;N/A;N/A;N/A;N/A;N/A;N/A;N/A;N/A;N/A;N/A;N/A;N/A;N/A;N/A;N/A;N/A;N/A;N/A;N/A;N/A;N/A;N/A;N/A;N/A;N/A;N/A;N/A;N/A;N/A;N/A;N/A;N/A;N/A;N/A;N/A;"100 hp";N/A;N/A;N/A;N/A;"12 km/l";N/A;N/A;N/A;N/A;N/A;N/A;N/A;N/A;N/A;N/A;"15 km/l";N/A;N/A;N/A;N/A;N/A;"Lun. a Vie. de 8:30 a 18 hs. Sáb. de 9 a 13 hs.";2;1.2;Nafta;Manual;Furgón;"Autos y camionetas";No;N/A;N/A;N/A;No;N/A;N/A;No;Sí;No;No;N/A;N/A;N/A;N/A;N/A;N/A;N/A;N/A;N/A;N/A;N/A;N/A;N/A;N/A;N/A;N/A;N/A;N/A;N/A;N/A;N/A;N/A;N/A;N/A;N/A;N/A;N/A;N/A;N/A;N/A;N/A;N/A;Sí;N/A;N/A;N/A;N/A;N/A;N/A;N/A;N/A;N/A;N/A;N/A;N/A;N/A;N/A;N/A;N/A;N/A;Sí;No;N/A;N/A;N/A;N/A;N/A;N/A;N/A;N/A;N/A;N/A;N/A;N/A;N/A;N/A;N/A;N/A;N/A;N/A;N/A;N/A;N/A;N/A;N/A;N/A;N/A;N/A;N/A;N/A;N/A;N/A;N/A;N/A;N/A;N/A;N/A;N/A;N/A;Sí;N/A;N/A;N/A;N/A;Sí;N/A;N/A;N/A;N/A;N/A;N/A;N/A;N/A;Sí;N/A;N/A;N/A;N/A;N/A;N/A;N/A
Changan;"Star Box";"Refrigerado  -5 grados";2024;"0 km";;VENDOAUTOSMARCELO;19490;;;;;"Paso de Carrasco";https://auto.mercadolibre.com.uy/MLU-669666274-changan-star-box-refrigerado-5-grados-12-2024-0km-_JM;N/A;;"Changan Star Box Refrigerado -5 Grados 1.2 2024 0km";USD;Sí;silver;false;N/A;N/A;http://perfil.mercadolibre.com.uy/VENDOAUTOSMARCELO;active;N/A;N/A;Nuevo;Blanco;N/A;Asistida;N/A;N/A;N/A;N/A;N/A;N/A;N/A;N/A;N/A;N/A;N/A;N/A;N/A;N/A;N/A;N/A;N/A;N/A;N/A;N/A;N/A;N/A;N/A;N/A;N/A;N/A;N/A;"1200 cc";N/A;5;N/A;N/A;N/A;N/A;N/A;N/A;N/A;N/A;N/A;N/A;N/A;N/A;N/A;N/A;N/A;N/A;N/A;N/A;N/A;N/A;N/A;N/A;N/A;N/A;N/A;N/A;N/A;N/A;N/A;N/A;N/A;N/A;N/A;N/A;N/A;N/A;N/A;N/A;N/A;N/A;N/A;N/A;N/A;N/A;N/A;N/A;N/A;N/A;N/A;N/A;N/A;N/A;"100 hp";N/A;N/A;N/A;N/A;"12 km/l";N/A;N/A;N/A;N/A;N/A;N/A;N/A;N/A;N/A;N/A;"15 km/l";N/A;N/A;N/A;N/A;N/A;"Lun. a Vie. de 8:30 a 18 hs. Sáb. de 9 a 13 hs.";2;1.2;Nafta;Manual;"Light Truck";"Autos y camionetas";No;N/A;N/A;N/A;No;N/A;N/A;No;Sí;No;No;N/A;N/A;N/A;N/A;N/A;N/A;N/A;N/A;N/A;N/A;N/A;N/A;N/A;N/A;N/A;N/A;N/A;N/A;N/A;N/A;N/A;N/A;N/A;N/A;N/A;N/A;N/A;N/A;N/A;N/A;N/A;N/A;Sí;N/A;N/A;N/A;N/A;N/A;N/A;N/A;N/A;N/A;N/A;N/A;N/A;N/A;N/A;N/A;N/A;N/A;Sí;No;N/A;N/A;N/A;N/A;N/A;N/A;N/A;N/A;N/A;N/A;N/A;N/A;N/A;N/A;N/A;N/A;N/A;N/A;N/A;N/A;N/A;N/A;N/A;N/A;N/A;N/A;N/A;N/A;N/A;N/A;N/A;N/A;N/A;N/A;N/A;N/A;N/A;Sí;N/A;N/A;N/A;N/A;Sí;N/A;N/A;N/A;N/A;N/A;N/A;N/A;N/A;Sí;N/A;N/A;N/A;N/A;N/A;N/A;N/A
Changan;"STAR PICK-UP";"full 1.2";2024;"0 km";;VENDOAUTOSMARCELO;13990;;;;;"Paso de Carrasco";https://auto.mercadolibre.com.uy/MLU-669640390-changan-star-pick-up-full-12-12-2024-0km-_JM;N/A;;"Changan Star Pick Up Full 1.2 1.2 2024 0km";USD;Sí;silver;false;N/A;N/A;http://perfil.mercadolibre.com.uy/VENDOAUTOSMARCELO;active;N/A;N/A;Nuevo;Blanco;N/A;Asistida;N/A;Sí;N/A;N/A;N/A;N/A;N/A;N/A;N/A;N/A;N/A;N/A;N/A;Sí;N/A;N/A;N/A;N/A;N/A;N/A;N/A;N/A;N/A;N/A;N/A;N/A;N/A;"1200 cc";N/A;5;N/A;N/A;N/A;N/A;N/A;N/A;N/A;N/A;N/A;N/A;N/A;N/A;N/A;N/A;N/A;N/A;N/A;N/A;N/A;N/A;N/A;N/A;N/A;N/A;N/A;N/A;N/A;N/A;N/A;N/A;N/A;N/A;N/A;N/A;N/A;N/A;N/A;N/A;N/A;N/A;N/A;N/A;N/A;N/A;N/A;N/A;N/A;N/A;N/A;N/A;N/A;N/A;"100 hp";N/A;N/A;N/A;N/A;"11 km/l";N/A;N/A;N/A;N/A;N/A;N/A;N/A;N/A;N/A;N/A;"13 km/l";N/A;N/A;N/A;N/A;N/A;"Lun. a Vie. de 8:30 a 18 hs. Sáb. de 9 a 13 hs.";2;1.2;Nafta;Manual;Pick-Up;"Autos y camionetas";No;N/A;N/A;N/A;No;N/A;N/A;No;Sí;No;No;N/A;N/A;N/A;N/A;N/A;N/A;N/A;N/A;N/A;N/A;N/A;N/A;N/A;N/A;N/A;N/A;N/A;N/A;N/A;N/A;N/A;N/A;N/A;N/A;N/A;N/A;N/A;N/A;N/A;N/A;N/A;N/A;Sí;N/A;N/A;N/A;N/A;N/A;N/A;N/A;N/A;N/A;N/A;N/A;N/A;N/A;N/A;N/A;N/A;N/A;Sí;No;N/A;N/A;N/A;N/A;N/A;N/A;N/A;N/A;N/A;N/A;N/A;N/A;N/A;N/A;N/A;N/A;N/A;N/A;N/A;N/A;N/A;N/A;N/A;N/A;N/A;N/A;N/A;N/A;N/A;N/A;N/A;N/A;N/A;N/A;N/A;N/A;N/A;Sí;N/A;N/A;N/A;Sí;Sí;N/A;N/A;N/A;N/A;N/A;N/A;N/A;N/A;Sí;Sí;N/A;N/A;N/A;N/A;N/A;N/A
Changan;"Star Pick Up Doble Cabina";"full 1.2";2024;"0 km";;VENDOAUTOSMARCELO;15490;;;;;"Paso de Carrasco";https://auto.mercadolibre.com.uy/MLU-669628112-changan-star-doble-cabina-full-12-12-2024-0km-_JM;N/A;;"Changan Star Doble Cabina Full 1.2 1.2 2024 0km";USD;Sí;silver;false;N/A;N/A;http://perfil.mercadolibre.com.uy/VENDOAUTOSMARCELO;active;N/A;N/A;Nuevo;Blanco;N/A;Asistida;N/A;Sí;N/A;N/A;N/A;N/A;N/A;N/A;N/A;N/A;N/A;N/A;N/A;N/A;N/A;N/A;N/A;N/A;N/A;N/A;N/A;N/A;N/A;N/A;N/A;N/A;N/A;"1200 cc";N/A;5;N/A;N/A;N/A;N/A;N/A;N/A;N/A;N/A;N/A;N/A;N/A;N/A;N/A;N/A;N/A;N/A;N/A;N/A;N/A;N/A;N/A;N/A;N/A;N/A;N/A;N/A;N/A;N/A;N/A;N/A;N/A;N/A;N/A;N/A;N/A;N/A;N/A;N/A;N/A;N/A;N/A;N/A;N/A;N/A;N/A;N/A;N/A;N/A;N/A;N/A;N/A;N/A;"100 hp";N/A;N/A;N/A;N/A;"11 km/l";N/A;N/A;N/A;Sí;N/A;N/A;N/A;N/A;N/A;N/A;"15 km/l";N/A;N/A;N/A;N/A;N/A;"Lun. a Vie. de 8:30 a 18 hs. Sáb. de 9 a 13 hs.";4;1.2;Nafta;Manual;Pick-Up;"Autos y camionetas";No;N/A;N/A;N/A;No;N/A;N/A;No;Sí;No;No;N/A;N/A;N/A;N/A;N/A;N/A;N/A;N/A;N/A;N/A;N/A;N/A;N/A;N/A;N/A;N/A;N/A;N/A;N/A;N/A;N/A;N/A;N/A;N/A;N/A;N/A;N/A;N/A;N/A;N/A;N/A;N/A;Sí;N/A;N/A;N/A;N/A;N/A;N/A;N/A;N/A;N/A;N/A;N/A;N/A;N/A;N/A;N/A;N/A;N/A;Sí;No;N/A;N/A;N/A;N/A;N/A;N/A;N/A;N/A;N/A;N/A;N/A;N/A;N/A;N/A;N/A;N/A;N/A;N/A;N/A;N/A;N/A;N/A;N/A;N/A;N/A;N/A;N/A;N/A;N/A;N/A;N/A;N/A;N/A;N/A;N/A;N/A;N/A;Sí;N/A;N/A;N/A;Sí;Sí;N/A;N/A;N/A;N/A;N/A;N/A;N/A;N/A;Sí;Sí;N/A;N/A;N/A;N/A;N/A;N/A
Changan;"STAR PICK-UP";Std;2024;"0 km";;VENDOAUTOSMARCELO;12990;;;;;"Paso de Carrasco";https://auto.mercadolibre.com.uy/MLU-669639126-changan-star-pick-up-std-12-2024-0km-_JM;N/A;;"Changan Star Pick Up Std 1.2 2024 0km";USD;Sí;silver;false;N/A;N/A;http://perfil.mercadolibre.com.uy/VENDOAUTOSMARCELO;active;N/A;N/A;Nuevo;Plateado;N/A;Asistida;N/A;N/A;N/A;N/A;N/A;N/A;N/A;N/A;N/A;N/A;N/A;N/A;N/A;N/A;N/A;N/A;N/A;N/A;N/A;N/A;N/A;N/A;N/A;N/A;N/A;N/A;N/A;"1200 cc";N/A;5;N/A;N/A;N/A;N/A;N/A;N/A;N/A;N/A;N/A;N/A;N/A;N/A;N/A;N/A;N/A;N/A;N/A;N/A;N/A;N/A;N/A;N/A;N/A;N/A;N/A;N/A;N/A;N/A;N/A;N/A;N/A;N/A;N/A;N/A;N/A;N/A;N/A;N/A;N/A;N/A;N/A;N/A;N/A;N/A;N/A;N/A;N/A;N/A;N/A;N/A;N/A;N/A;"100 hp";N/A;N/A;N/A;N/A;"12 km/l";N/A;N/A;N/A;N/A;N/A;N/A;N/A;N/A;N/A;N/A;"15 km/l";N/A;N/A;N/A;N/A;N/A;"Lun. a Vie. de 8:30 a 18 hs. Sáb. de 9 a 13 hs.";2;1.2;Nafta;Manual;Pick-Up;"Autos y camionetas";No;N/A;N/A;N/A;No;N/A;N/A;No;Sí;No;No;N/A;N/A;N/A;N/A;N/A;N/A;N/A;N/A;N/A;N/A;N/A;N/A;N/A;N/A;N/A;N/A;N/A;N/A;N/A;N/A;N/A;N/A;N/A;N/A;N/A;N/A;N/A;N/A;N/A;N/A;N/A;N/A;Sí;N/A;N/A;N/A;N/A;N/A;N/A;N/A;N/A;N/A;N/A;N/A;N/A;N/A;N/A;N/A;N/A;N/A;Sí;No;N/A;N/A;N/A;N/A;N/A;N/A;N/A;N/A;N/A;N/A;N/A;N/A;N/A;N/A;N/A;N/A;N/A;N/A;N/A;N/A;N/A;N/A;N/A;N/A;N/A;N/A;N/A;N/A;N/A;N/A;N/A;N/A;N/A;N/A;N/A;N/A;N/A;Sí;N/A;N/A;N/A;N/A;Sí;N/A;N/A;N/A;N/A;N/A;N/A;N/A;N/A;Sí;Sí;N/A;N/A;N/A;N/A;N/A;N/A
Changan;"Star Cargo";"furgon 1.2";2024;"0 km";;VENDOAUTOSMARCELO;13990;;;;;"Paso de Carrasco";https://auto.mercadolibre.com.uy/MLU-669602210-changan-star-cargo-furgon-12-12-2024-0km-_JM;N/A;;"Changan Star Cargo Furgon 1.2 1.2 2024 0km";USD;Sí;silver;false;N/A;N/A;http://perfil.mercadolibre.com.uy/VENDOAUTOSMARCELO;active;N/A;N/A;Nuevo;Blanco;N/A;Asistida;N/A;N/A;N/A;N/A;N/A;N/A;N/A;N/A;N/A;N/A;N/A;Sí;N/A;N/A;N/A;N/A;N/A;N/A;N/A;N/A;N/A;N/A;N/A;N/A;N/A;N/A;N/A;"1200 cc";N/A;5;N/A;N/A;N/A;N/A;N/A;N/A;N/A;N/A;N/A;N/A;N/A;N/A;N/A;N/A;N/A;N/A;N/A;N/A;N/A;N/A;N/A;N/A;N/A;N/A;N/A;N/A;N/A;N/A;N/A;N/A;N/A;N/A;N/A;N/A;N/A;N/A;N/A;N/A;N/A;N/A;N/A;N/A;Sí;N/A;N/A;N/A;N/A;N/A;N/A;N/A;N/A;N/A;"100 hp";N/A;N/A;N/A;N/A;"11 km/l";N/A;N/A;N/A;N/A;N/A;N/A;N/A;N/A;N/A;N/A;"14 km/l";N/A;N/A;N/A;N/A;N/A;"Lun. a Vie. de 8:30 a 18 hs. Sáb. de 9 a 13 hs.";4;1.2;Nafta;Manual;Furgón;"Autos y camionetas";No;N/A;N/A;N/A;No;N/A;N/A;No;Sí;No;No;N/A;N/A;N/A;N/A;N/A;N/A;N/A;N/A;N/A;N/A;N/A;N/A;N/A;N/A;N/A;N/A;N/A;N/A;N/A;N/A;N/A;N/A;N/A;N/A;N/A;N/A;N/A;N/A;N/A;N/A;N/A;N/A;Sí;N/A;N/A;N/A;N/A;N/A;N/A;N/A;N/A;N/A;N/A;N/A;N/A;N/A;N/A;N/A;N/A;N/A;Sí;No;N/A;N/A;N/A;N/A;N/A;N/A;N/A;N/A;N/A;N/A;N/A;N/A;N/A;N/A;N/A;N/A;N/A;N/A;N/A;N/A;N/A;N/A;N/A;N/A;N/A;N/A;N/A;N/A;N/A;N/A;N/A;N/A;N/A;Sí;N/A;N/A;N/A;Sí;N/A;N/A;N/A;N/A;Sí;N/A;N/A;N/A;N/A;N/A;N/A;N/A;N/A;Sí;Sí;N/A;N/A;N/A;N/A;N/A;N/A
Changan;"STAR PICK-UP";"TANQUE LLENO Y EMPADRONAMIENTO GRATIS";2024;"0 km";;"ALVISI S.A.";12990;;;;;Goes;https://auto.mercadolibre.com.uy/MLU-637161741-changan-star-pick-up-tanque-lleno-y-empadronamiento-gratis-_JM;N/A;;"Changan Star Pick Up Tanque Lleno Y Empadronamiento Gratis";USD;Sí;silver;false;N/A;N/A;http://perfil.mercadolibre.com.uy/ALVISI+S.A.;active;N/A;N/A;Nuevo;Plateado;N/A;Mecánica;N/A;N/A;N/A;N/A;N/A;N/A;N/A;N/A;N/A;N/A;N/A;N/A;N/A;N/A;N/A;N/A;N/A;N/A;N/A;N/A;N/A;N/A;N/A;N/A;N/A;N/A;N/A;"1247 cc";N/A;N/A;N/A;N/A;N/A;N/A;N/A;N/A;N/A;N/A;N/A;N/A;N/A;N/A;N/A;N/A;N/A;N/A;N/A;N/A;N/A;N/A;N/A;N/A;N/A;N/A;N/A;N/A;N/A;N/A;N/A;N/A;N/A;N/A;N/A;N/A;N/A;N/A;N/A;N/A;N/A;N/A;N/A;N/A;N/A;N/A;N/A;N/A;N/A;N/A;N/A;N/A;N/A;N/A;"97 hp";N/A;N/A;N/A;N/A;N/A;N/A;N/A;N/A;N/A;N/A;N/A;N/A;N/A;N/A;N/A;N/A;N/A;N/A;N/A;N/A;N/A;"Lun. a Vie. de 9 a 12:30 y de 14:30 a 18 hs.";2;1.2;Nafta;Manual;N/A;"Autos y camionetas";No;N/A;N/A;N/A;No;N/A;N/A;No;Sí;No;No;N/A;N/A;N/A;N/A;N/A;N/A;N/A;N/A;N/A;N/A;N/A;N/A;N/A;N/A;N/A;N/A;N/A;N/A;N/A;N/A;N/A;N/A;N/A;N/A;N/A;N/A;N/A;N/A;N/A;N/A;N/A;N/A;Sí;N/A;N/A;N/A;N/A;N/A;N/A;N/A;N/A;N/A;N/A;N/A;N/A;N/A;N/A;N/A;N/A;N/A;Sí;No;N/A;N/A;N/A;N/A;N/A;N/A;N/A;N/A;N/A;N/A;N/A;N/A;N/A;N/A;N/A;N/A;N/A;N/A;N/A;N/A;N/A;N/A;N/A;N/A;N/A;N/A;N/A;N/A;N/A;N/A;N/A;N/A;N/A;Sí;N/A;N/A;N/A;Sí;N/A;N/A;N/A;N/A;Sí;N/A;N/A;N/A;N/A;N/A;N/A;N/A;N/A;Sí;Sí;N/A;N/A;N/A;Sí;N/A;N/A
Changan;"CS 15";"COMFORT 1.5";2022;"15000 km";;"DELESTE AUTOMOVILES";15800;;;;;Minas;https://auto.mercadolibre.com.uy/MLU-700013418-changan-cs15-comfort-15-_JM;N/A;;"Changan Cs15 Comfort 1.5";USD;Sí;silver;false;N/A;N/A;http://perfil.mercadolibre.com.uy/DELESTE+AUTOMOVILES;active;N/A;N/A;Usado;Rojo;N/A;Asistida;Delantera;N/A;N/A;N/A;N/A;N/A;N/A;N/A;N/A;N/A;N/A;N/A;N/A;N/A;N/A;N/A;N/A;N/A;N/A;N/A;N/A;N/A;N/A;N/A;N/A;N/A;N/A;N/A;N/A;N/A;N/A;N/A;N/A;N/A;N/A;N/A;N/A;N/A;N/A;N/A;N/A;N/A;N/A;N/A;N/A;N/A;N/A;N/A;N/A;N/A;N/A;N/A;N/A;N/A;N/A;N/A;N/A;N/A;N/A;N/A;N/A;N/A;N/A;N/A;N/A;N/A;N/A;N/A;N/A;N/A;N/A;N/A;N/A;N/A;N/A;N/A;N/A;N/A;N/A;N/A;N/A;N/A;N/A;N/A;N/A;N/A;N/A;N/A;N/A;N/A;N/A;N/A;N/A;N/A;N/A;N/A;N/A;N/A;N/A;N/A;N/A;N/A;N/A;N/A;"Lunes a Viernes de 8.30 a 19.00 y Sabados de 8.30 a 12.30 hrs";5;"MOTOR BLUECORE 1.5L D0HC 16V 4 CILINDROS VVT";Nafta;Manual;SUV;"Autos y camionetas";N/A;N/A;N/A;N/A;N/A;N/A;N/A;N/A;N/A;N/A;N/A;N/A;N/A;N/A;N/A;N/A;N/A;N/A;N/A;N/A;N/A;N/A;N/A;N/A;N/A;N/A;N/A;N/A;N/A;N/A;N/A;N/A;N/A;N/A;N/A;N/A;N/A;N/A;N/A;N/A;N/A;N/A;N/A;N/A;N/A;N/A;N/A;N/A;N/A;N/A;N/A;N/A;N/A;N/A;N/A;N/A;N/A;N/A;N/A;N/A;N/A;N/A;N/A;N/A;N/A;N/A;N/A;N/A;N/A;N/A;N/A;N/A;N/A;N/A;N/A;N/A;N/A;N/A;N/A;N/A;N/A;N/A;N/A;N/A;N/A;N/A;N/A;N/A;N/A;N/A;N/A;N/A;N/A;N/A;N/A;N/A;N/A;N/A;N/A;N/A;N/A;N/A;N/A;N/A;N/A;N/A;N/A;N/A;N/A;N/A;N/A;N/A;N/A;N/A;N/A;N/A;N/A;N/A;N/A;N/A;N/A;N/A
Changan;"Star Cargo";Full;2025;"0 km";;"OSCARPISANO RENAULT-NISSAN";14990;;;;;Sayago;https://auto.mercadolibre.com.uy/MLU-670563752-changan-star-cargo-full-2025-0km-_JM;N/A;;"Changan Star Cargo Full 2025 0km";USD;Sí;silver;false;N/A;N/A;http://perfil.mercadolibre.com.uy/OSCARPISANO+RENAULT-NISSAN;active;N/A;N/A;Nuevo;Blanco;N/A;Asistida;N/A;N/A;N/A;N/A;N/A;N/A;N/A;N/A;N/A;N/A;N/A;N/A;N/A;N/A;N/A;N/A;N/A;N/A;N/A;N/A;N/A;N/A;N/A;N/A;N/A;N/A;N/A;N/A;N/A;5;N/A;N/A;N/A;N/A;N/A;N/A;N/A;N/A;N/A;N/A;N/A;N/A;N/A;N/A;N/A;N/A;N/A;N/A;N/A;N/A;N/A;N/A;N/A;N/A;N/A;N/A;N/A;N/A;N/A;N/A;N/A;N/A;N/A;N/A;N/A;N/A;N/A;N/A;N/A;N/A;N/A;N/A;N/A;N/A;N/A;N/A;N/A;N/A;N/A;N/A;N/A;N/A;N/A;N/A;N/A;N/A;N/A;N/A;N/A;N/A;N/A;N/A;N/A;N/A;N/A;N/A;N/A;N/A;N/A;N/A;N/A;N/A;N/A;N/A;"Lun. a Vie. de 8:30 a 18:30 hs. Sáb. de 9 a 13 hs";5;N/A;Nafta;Manual;Van;"Autos y camionetas";No;N/A;N/A;N/A;No;N/A;N/A;No;Sí;No;No;N/A;N/A;N/A;N/A;N/A;N/A;N/A;N/A;N/A;N/A;N/A;N/A;N/A;N/A;N/A;N/A;N/A;N/A;N/A;N/A;N/A;N/A;N/A;N/A;N/A;N/A;N/A;N/A;N/A;N/A;N/A;N/A;Sí;N/A;N/A;N/A;N/A;N/A;N/A;N/A;N/A;N/A;N/A;N/A;N/A;N/A;N/A;N/A;N/A;N/A;Sí;No;N/A;N/A;N/A;N/A;N/A;N/A;N/A;N/A;N/A;N/A;N/A;N/A;N/A;N/A;N/A;N/A;N/A;N/A;N/A;N/A;N/A;N/A;N/A;N/A;N/A;N/A;N/A;N/A;N/A;N/A;N/A;N/A;N/A;N/A;N/A;N/A;N/A;Sí;N/A;N/A;N/A;N/A;Sí;N/A;N/A;N/A;N/A;N/A;N/A;N/A;N/A;Sí;Sí;Sí;N/A;N/A;Sí;N/A;Sí
Changan;Uni-T;"1.5 Techno";2024;"8000 km";;"CONCESIONARIO CASEY";32500;;;;;"Carrasco Norte";https://auto.mercadolibre.com.uy/MLU-702729808-changan-uni-t-_JM;N/A;;"Changan Uni T ";usd;Sí;silver;false;N/A;N/A;http://perfil.mercadolibre.com.uy/CONCESIONARIO+CASEY;active;N/A;N/A;Usado;Negro;N/A;N/A;Delantera;N/A;N/A;N/A;N/A;N/A;N/A;N/A;N/A;N/A;N/A;N/A;N/A;N/A;N/A;N/A;N/A;N/A;N/A;N/A;N/A;N/A;N/A;N/A;N/A;N/A;"2710 mm";"1.5 L";"55 L";7;N/A;N/A;N/A;N/A;N/A;N/A;N/A;N/A;N/A;N/A;N/A;N/A;N/A;N/A;N/A;N/A;N/A;N/A;N/A;N/A;N/A;N/A;N/A;N/A;N/A;N/A;N/A;N/A;N/A;N/A;N/A;N/A;N/A;N/A;N/A;N/A;N/A;N/A;N/A;N/A;N/A;N/A;N/A;N/A;N/A;"1565 mm";"4515 mm";N/A;N/A;N/A;N/A;5;"180 hp";Techno;N/A;4;"1870 mm";N/A;N/A;N/A;N/A;N/A;N/A;N/A;N/A;N/A;N/A;N/A;N/A;N/A;N/A;N/A;N/A;N/A;N/A;5;1.5;Nafta;Automática;N/A;"Autos y camionetas";N/A;N/A;N/A;N/A;N/A;N/A;UY;N/A;N/A;N/A;N/A;N/A;N/A;N/A;N/A;N/A;N/A;N/A;N/A;N/A;N/A;N/A;N/A;N/A;N/A;N/A;N/A;N/A;N/A;N/A;N/A;N/A;N/A;N/A;N/A;N/A;N/A;N/A;N/A;N/A;N/A;N/A;N/A;N/A;N/A;N/A;N/A;N/A;N/A;N/A;N/A;N/A;N/A;N/A;N/A;N/A;N/A;N/A;N/A;N/A;N/A;N/A;N/A;N/A;N/A;N/A;N/A;N/A;N/A;N/A;N/A;N/A;N/A;N/A;N/A;N/A;N/A;N/A;N/A;N/A;N/A;N/A;N/A;N/A;N/A;N/A;N/A;N/A;N/A;N/A;N/A;N/A;N/A;N/A;N/A;N/A;N/A;N/A;N/A;N/A;N/A;N/A;N/A;N/A;N/A;N/A;N/A;N/A;N/A;N/A;N/A;N/A;N/A;N/A;N/A;N/A;N/A;N/A;N/A;N/A;N/A;N/A
Changan;CS55;Luxury;2025;"0 km";;"OSCARPISANO RENAULT-NISSAN";34990;;;;;Sayago;https://auto.mercadolibre.com.uy/MLU-670524584-changan-cs55-luxury-2025-0km-_JM;N/A;;"Changan Cs55 Luxury 2025 0km";USD;Sí;silver;false;N/A;N/A;http://perfil.mercadolibre.com.uy/OSCARPISANO+RENAULT-NISSAN;active;N/A;N/A;Nuevo;Rojo;N/A;Eléctrica;N/A;Sí;Sí;Sí;N/A;Sí;N/A;Sí;N/A;N/A;N/A;N/A;N/A;Sí;N/A;Sí;N/A;N/A;N/A;N/A;N/A;N/A;N/A;N/A;N/A;N/A;N/A;N/A;N/A;N/A;N/A;N/A;Sí;Sí;Sí;Sí;N/A;N/A;N/A;N/A;N/A;N/A;N/A;N/A;N/A;N/A;N/A;N/A;N/A;N/A;N/A;N/A;N/A;N/A;N/A;Sí;N/A;N/A;N/A;N/A;N/A;N/A;N/A;N/A;N/A;N/A;Sí;N/A;N/A;N/A;N/A;N/A;N/A;N/A;N/A;N/A;N/A;N/A;N/A;N/A;N/A;N/A;N/A;N/A;N/A;N/A;N/A;N/A;N/A;N/A;Sí;N/A;Sí;N/A;Sí;N/A;N/A;N/A;N/A;N/A;N/A;N/A;N/A;N/A;"Lun. a Vie. de 8:30 a 18:30 hs. Sáb. de 9 a 13 hs";5;N/A;Nafta;Automática;SUV;"Autos y camionetas";No;N/A;N/A;N/A;No;N/A;N/A;No;Sí;No;No;N/A;N/A;N/A;N/A;N/A;N/A;N/A;N/A;N/A;N/A;N/A;N/A;N/A;N/A;N/A;N/A;N/A;N/A;N/A;N/A;N/A;N/A;N/A;N/A;N/A;N/A;N/A;N/A;N/A;N/A;N/A;N/A;Sí;N/A;N/A;N/A;N/A;N/A;N/A;N/A;N/A;N/A;N/A;N/A;N/A;N/A;N/A;N/A;N/A;N/A;Sí;No;N/A;N/A;N/A;N/A;N/A;N/A;N/A;N/A;N/A;N/A;N/A;N/A;N/A;N/A;N/A;N/A;N/A;N/A;N/A;N/A;N/A;N/A;N/A;N/A;N/A;N/A;N/A;N/A;N/A;N/A;N/A;N/A;N/A;Sí;Sí;N/A;Sí;Sí;Sí;Sí;N/A;Sí;Sí;Sí;Sí;N/A;N/A;Sí;Sí;N/A;N/A;N/A;N/A;N/A;N/A;N/A;N/A;N/A;N/A
Changan;"Star Box";M201;2025;"0 km";;"OSCARPISANO RENAULT-NISSAN";15490;;;;;Sayago;https://auto.mercadolibre.com.uy/MLU-701894836-changan-star-box-m201-12-2025-0km-_JM;N/A;;"Changan Star Box M201 1.2 2025 0km";USD;Sí;silver;false;N/A;N/A;http://perfil.mercadolibre.com.uy/OSCARPISANO+RENAULT-NISSAN;active;N/A;N/A;Nuevo;Blanco;N/A;Hidráulica;N/A;Sí;N/A;N/A;N/A;N/A;N/A;N/A;N/A;N/A;N/A;N/A;N/A;N/A;N/A;N/A;N/A;N/A;N/A;N/A;N/A;N/A;N/A;N/A;N/A;N/A;N/A;"1200 cc";N/A;5;N/A;N/A;N/A;N/A;N/A;N/A;N/A;N/A;N/A;N/A;N/A;N/A;N/A;N/A;N/A;N/A;N/A;N/A;N/A;N/A;N/A;N/A;N/A;N/A;N/A;N/A;N/A;N/A;N/A;N/A;N/A;N/A;N/A;N/A;N/A;N/A;N/A;N/A;N/A;N/A;N/A;N/A;N/A;N/A;N/A;N/A;N/A;N/A;N/A;N/A;N/A;N/A;N/A;N/A;N/A;N/A;N/A;N/A;N/A;N/A;N/A;N/A;N/A;N/A;N/A;N/A;N/A;N/A;N/A;N/A;N/A;N/A;N/A;N/A;"Lun. a Vie. de 8:30 a 18:30 hs. Sáb. de 9 a 13 hs";2;1.2;Nafta;Manual;Furgón;"Autos y camionetas";No;N/A;N/A;N/A;No;N/A;N/A;No;Sí;No;No;N/A;N/A;N/A;N/A;N/A;N/A;N/A;N/A;N/A;N/A;N/A;N/A;N/A;N/A;N/A;N/A;N/A;N/A;N/A;N/A;N/A;N/A;N/A;N/A;N/A;N/A;N/A;N/A;N/A;N/A;N/A;N/A;Sí;N/A;N/A;N/A;N/A;N/A;N/A;N/A;N/A;N/A;N/A;N/A;N/A;N/A;N/A;N/A;N/A;N/A;Sí;No;N/A;N/A;N/A;N/A;N/A;N/A;N/A;N/A;N/A;N/A;N/A;N/A;N/A;N/A;N/A;N/A;N/A;N/A;N/A;N/A;N/A;N/A;N/A;N/A;N/A;N/A;N/A;N/A;N/A;N/A;N/A;N/A;N/A;N/A;N/A;N/A;N/A;Sí;N/A;N/A;N/A;N/A;Sí;N/A;N/A;N/A;N/A;N/A;N/A;N/A;N/A;Sí;N/A;Sí;N/A;N/A;Sí;N/A;N/A
Changan;CS55;Elite;2024;"0 km";;"CONCESIONARIO CASEY";38990;;;;;"Carrasco Norte";https://auto.mercadolibre.com.uy/MLU-683873388-changan-cs55-elite-_JM;N/A;;"Changan Cs55 Elite";USD;Sí;silver;false;N/A;N/A;http://perfil.mercadolibre.com.uy/CONCESIONARIO+CASEY;active;N/A;N/A;Nuevo;Gris;N/A;Hidráulica;Delantera;Sí;Sí;N/A;N/A;N/A;Sí;N/A;N/A;Sí;N/A;N/A;Sí;Sí;N/A;Sí;N/A;N/A;N/A;N/A;N/A;N/A;N/A;N/A;N/A;N/A;N/A;N/A;N/A;N/A;N/A;N/A;N/A;N/A;N/A;Sí;N/A;N/A;N/A;N/A;N/A;N/A;N/A;N/A;N/A;N/A;N/A;N/A;N/A;N/A;N/A;N/A;N/A;N/A;N/A;N/A;N/A;N/A;N/A;N/A;N/A;N/A;N/A;N/A;N/A;N/A;N/A;N/A;N/A;N/A;N/A;N/A;N/A;N/A;N/A;N/A;N/A;N/A;N/A;N/A;N/A;N/A;N/A;N/A;N/A;N/A;N/A;N/A;Sí;N/A;Sí;Sí;N/A;Sí;Sí;N/A;Sí;N/A;N/A;Sí;N/A;N/A;N/A;Sí;N/A;5;"1500 CC TURBO";Nafta;Automática;SUV;"Autos y camionetas";N/A;N/A;N/A;N/A;N/A;N/A;N/A;N/A;N/A;N/A;N/A;N/A;N/A;N/A;N/A;N/A;N/A;N/A;N/A;N/A;N/A;N/A;N/A;N/A;Sí;N/A;N/A;N/A;N/A;N/A;N/A;N/A;N/A;N/A;N/A;N/A;N/A;N/A;N/A;N/A;N/A;N/A;N/A;Sí;N/A;N/A;N/A;N/A;N/A;N/A;N/A;N/A;N/A;N/A;N/A;N/A;N/A;N/A;N/A;N/A;N/A;N/A;N/A;N/A;N/A;N/A;N/A;N/A;N/A;N/A;N/A;N/A;N/A;N/A;N/A;N/A;N/A;N/A;N/A;N/A;N/A;N/A;N/A;N/A;N/A;N/A;N/A;N/A;N/A;N/A;N/A;N/A;N/A;N/A;N/A;N/A;Sí;Sí;Sí;N/A;Sí;N/A;N/A;N/A;N/A;Sí;Sí;Sí;Sí;N/A;N/A;Sí;Sí;Sí;Sí;Sí;Sí;N/A;N/A;N/A;N/A;Sí
Changan;E-STAR;Electrico;2023;"0 km";;"ALEJANDROAUTOMOVILES TALA";19990;;;;;Tala;https://auto.mercadolibre.com.uy/MLU-687129624-changan-e-star-electrico-_JM;N/A;;"Changan E-star Eléctrico";USD;Sí;silver;false;N/A;N/A;http://perfil.mercadolibre.com.uy/ALEJANDROAUTOMOVILES+TALA;active;N/A;N/A;Nuevo;Blanco;N/A;N/A;N/A;Sí;N/A;N/A;N/A;N/A;N/A;N/A;N/A;N/A;N/A;N/A;N/A;Sí;N/A;N/A;N/A;N/A;N/A;N/A;N/A;N/A;N/A;N/A;N/A;N/A;N/A;N/A;N/A;N/A;N/A;N/A;N/A;N/A;N/A;Sí;N/A;N/A;N/A;N/A;N/A;N/A;N/A;N/A;N/A;N/A;N/A;N/A;N/A;N/A;N/A;N/A;N/A;N/A;N/A;N/A;N/A;N/A;N/A;N/A;N/A;N/A;N/A;N/A;N/A;N/A;N/A;N/A;N/A;N/A;N/A;N/A;N/A;N/A;N/A;N/A;N/A;N/A;N/A;N/A;N/A;N/A;N/A;N/A;N/A;N/A;N/A;N/A;N/A;N/A;Sí;N/A;N/A;N/A;N/A;N/A;N/A;N/A;N/A;N/A;N/A;N/A;N/A;Sí;N/A;5;Eléctrico;Eléctrico;Automática;Hatchback;"Autos y camionetas";N/A;N/A;N/A;N/A;N/A;N/A;N/A;N/A;Sí;N/A;N/A;N/A;N/A;N/A;N/A;N/A;N/A;N/A;N/A;N/A;N/A;N/A;N/A;N/A;N/A;N/A;N/A;N/A;N/A;N/A;N/A;N/A;N/A;N/A;N/A;N/A;N/A;N/A;N/A;N/A;N/A;N/A;N/A;Sí;N/A;N/A;N/A;N/A;N/A;N/A;N/A;N/A;N/A;N/A;N/A;N/A;N/A;N/A;N/A;N/A;N/A;Sí;N/A;N/A;N/A;N/A;N/A;N/A;N/A;N/A;N/A;N/A;N/A;N/A;N/A;N/A;N/A;N/A;N/A;N/A;N/A;N/A;N/A;N/A;N/A;N/A;N/A;N/A;N/A;N/A;N/A;N/A;N/A;N/A;N/A;N/A;Sí;N/A;Sí;N/A;N/A;N/A;N/A;N/A;N/A;Sí;N/A;N/A;N/A;N/A;N/A;Sí;Sí;N/A;Sí;N/A;Sí;N/A;N/A;Sí;N/A;Sí
Changan;CS55;Elite;2023;"0 km";;"CONCESIONARIO CASEY";38990;;;;;"Carrasco Norte";https://auto.mercadolibre.com.uy/MLU-681826864-changan-cs55-_JM;N/A;;"Changan Cs55 ";USD;Sí;silver;false;N/A;N/A;http://perfil.mercadolibre.com.uy/CONCESIONARIO+CASEY;active;N/A;N/A;Nuevo;Gris;N/A;Eléctrica;Delantera;Sí;Sí;N/A;N/A;N/A;Sí;N/A;N/A;Sí;N/A;N/A;Sí;Sí;N/A;Sí;N/A;N/A;N/A;N/A;N/A;N/A;N/A;N/A;N/A;N/A;N/A;N/A;N/A;N/A;N/A;N/A;N/A;N/A;N/A;Sí;N/A;N/A;N/A;N/A;N/A;N/A;N/A;N/A;N/A;N/A;N/A;N/A;N/A;N/A;N/A;N/A;N/A;N/A;N/A;N/A;N/A;N/A;N/A;N/A;N/A;N/A;N/A;N/A;N/A;N/A;N/A;N/A;N/A;N/A;N/A;N/A;N/A;N/A;N/A;N/A;N/A;N/A;N/A;N/A;N/A;N/A;N/A;N/A;N/A;N/A;N/A;N/A;Sí;N/A;Sí;Sí;N/A;Sí;Sí;N/A;Sí;N/A;N/A;Sí;N/A;N/A;N/A;Sí;N/A;5;"1.5 TURBO";Nafta;Automática;N/A;"Autos y camionetas";N/A;N/A;N/A;N/A;N/A;N/A;N/A;N/A;N/A;N/A;N/A;N/A;N/A;N/A;N/A;N/A;N/A;N/A;N/A;N/A;N/A;N/A;N/A;N/A;Sí;N/A;N/A;N/A;N/A;N/A;N/A;N/A;N/A;N/A;N/A;N/A;N/A;N/A;N/A;N/A;N/A;N/A;N/A;Sí;N/A;N/A;N/A;N/A;N/A;N/A;N/A;N/A;N/A;N/A;N/A;N/A;N/A;N/A;N/A;N/A;N/A;N/A;N/A;N/A;N/A;N/A;N/A;N/A;N/A;N/A;N/A;N/A;N/A;N/A;N/A;N/A;N/A;N/A;N/A;N/A;N/A;N/A;N/A;N/A;N/A;N/A;N/A;N/A;N/A;N/A;N/A;N/A;N/A;N/A;N/A;N/A;Sí;Sí;Sí;N/A;Sí;N/A;N/A;N/A;N/A;Sí;Sí;Sí;Sí;N/A;N/A;Sí;Sí;Sí;Sí;Sí;Sí;N/A;N/A;N/A;N/A;Sí
Changan;UNI-T;TECHNO;2025;"0 km";;"OSCARPISANO RENAULT-NISSAN";39990;;;;;Sayago;https://auto.mercadolibre.com.uy/MLU-670602722-changan-uni-t-techno-15-2025-0km-_JM;N/A;;"Changan Uni-t Techno 1.5 2025 0km";USD;Sí;silver;false;N/A;N/A;http://perfil.mercadolibre.com.uy/OSCARPISANO+RENAULT-NISSAN;active;N/A;N/A;Nuevo;"Gris oscuro";N/A;Eléctrica;N/A;Sí;Sí;Sí;Sí;Sí;N/A;Sí;Sí;Sí;Sí;Sí;Sí;Sí;N/A;Sí;N/A;N/A;N/A;N/A;N/A;N/A;N/A;N/A;N/A;N/A;N/A;"1500 cc";N/A;N/A;N/A;N/A;Sí;Sí;Sí;Sí;N/A;N/A;N/A;N/A;N/A;N/A;N/A;N/A;N/A;N/A;N/A;N/A;N/A;N/A;N/A;N/A;N/A;Sí;N/A;Sí;N/A;Sí;N/A;N/A;N/A;N/A;N/A;N/A;N/A;N/A;Sí;N/A;N/A;N/A;N/A;N/A;Sí;N/A;N/A;N/A;N/A;N/A;N/A;N/A;N/A;N/A;N/A;N/A;N/A;N/A;N/A;N/A;N/A;N/A;Sí;N/A;Sí;Sí;Sí;Sí;N/A;N/A;N/A;N/A;N/A;N/A;N/A;N/A;"Lun. a Vie. de 8:30 a 18:30 hs. Sáb. de 9 a 13 hs";5;1.5;Nafta;Automática;Hatchback;"Autos y camionetas";No;N/A;N/A;N/A;No;N/A;N/A;No;Sí;No;No;N/A;N/A;N/A;N/A;N/A;N/A;N/A;N/A;N/A;N/A;N/A;N/A;N/A;N/A;N/A;N/A;N/A;N/A;N/A;N/A;N/A;N/A;N/A;N/A;N/A;N/A;N/A;N/A;N/A;N/A;N/A;N/A;Sí;N/A;N/A;N/A;N/A;N/A;N/A;N/A;N/A;N/A;N/A;N/A;N/A;N/A;N/A;N/A;N/A;N/A;Sí;No;N/A;N/A;N/A;N/A;N/A;N/A;N/A;N/A;N/A;N/A;N/A;N/A;N/A;N/A;N/A;N/A;N/A;N/A;N/A;N/A;N/A;N/A;N/A;N/A;N/A;N/A;N/A;N/A;N/A;N/A;N/A;N/A;N/A;Sí;Sí;Sí;Sí;Sí;Sí;Sí;N/A;Sí;Sí;Sí;Sí;N/A;N/A;Sí;Sí;N/A;N/A;Sí;Sí;Sí;N/A;N/A;Sí;Sí;Sí
Changan;CS75;"LUXURY 4WD";2020;"86000 km";;"SUC.JORGE ESTEFAN";17900;;;;;Trinidad;https://auto.mercadolibre.com.uy/MLU-694957210-changan-cs-75-_JM;N/A;;"Changan Cs 75";USD;Sí;silver;false;N/A;N/A;http://perfil.mercadolibre.com.uy/SUC.JORGE+ESTEFAN;active;N/A;N/A;Usado;Gris;N/A;N/A;4x4;N/A;N/A;N/A;N/A;N/A;N/A;N/A;N/A;N/A;N/A;N/A;N/A;N/A;N/A;N/A;N/A;N/A;N/A;N/A;N/A;N/A;N/A;N/A;N/A;N/A;N/A;N/A;N/A;N/A;N/A;N/A;N/A;N/A;N/A;N/A;N/A;N/A;N/A;N/A;N/A;N/A;N/A;N/A;N/A;N/A;N/A;N/A;N/A;N/A;N/A;N/A;N/A;N/A;N/A;N/A;N/A;N/A;N/A;N/A;N/A;N/A;N/A;N/A;N/A;N/A;N/A;N/A;N/A;N/A;N/A;N/A;N/A;N/A;N/A;N/A;N/A;N/A;N/A;N/A;N/A;N/A;N/A;N/A;N/A;N/A;N/A;N/A;N/A;N/A;N/A;N/A;N/A;N/A;N/A;N/A;N/A;N/A;N/A;N/A;N/A;N/A;N/A;N/A;N/A;5;N/A;Nafta;N/A;N/A;"Autos y camionetas";N/A;N/A;N/A;N/A;N/A;N/A;N/A;N/A;N/A;N/A;N/A;N/A;N/A;N/A;N/A;N/A;N/A;N/A;N/A;N/A;N/A;N/A;N/A;N/A;N/A;N/A;N/A;N/A;N/A;N/A;N/A;N/A;N/A;N/A;N/A;N/A;N/A;N/A;N/A;N/A;N/A;N/A;N/A;N/A;N/A;N/A;N/A;N/A;N/A;N/A;N/A;N/A;N/A;N/A;N/A;N/A;N/A;N/A;N/A;N/A;N/A;N/A;N/A;N/A;N/A;N/A;N/A;N/A;N/A;N/A;N/A;N/A;N/A;N/A;N/A;N/A;N/A;N/A;N/A;N/A;N/A;N/A;N/A;N/A;N/A;N/A;N/A;N/A;N/A;N/A;N/A;N/A;N/A;N/A;N/A;N/A;N/A;N/A;N/A;N/A;N/A;N/A;N/A;N/A;N/A;N/A;N/A;N/A;N/A;N/A;N/A;N/A;N/A;N/A;N/A;N/A;N/A;N/A;N/A;N/A;N/A;N/A
Changan;"STAR PICK-UP";"Starr M201";2025;"0 km";;"OSCARPISANO RENAULT-NISSAN";13990;;;;;Sayago;https://auto.mercadolibre.com.uy/MLU-646943169-changan-star-pick-up-starr-m201-12-2025-0km-_JM;N/A;;"Changan Star Pick Up Starr M201 1.2 2025 0km";USD;Sí;silver;false;N/A;N/A;http://perfil.mercadolibre.com.uy/OSCARPISANO+RENAULT-NISSAN;active;N/A;N/A;Nuevo;Blanco;N/A;Hidráulica;N/A;Sí;N/A;N/A;N/A;N/A;N/A;N/A;N/A;N/A;N/A;N/A;N/A;N/A;N/A;N/A;N/A;N/A;N/A;N/A;N/A;N/A;N/A;N/A;N/A;N/A;N/A;"1200 cc";N/A;5;N/A;N/A;N/A;N/A;N/A;N/A;N/A;N/A;N/A;N/A;N/A;N/A;N/A;N/A;N/A;N/A;N/A;N/A;N/A;N/A;N/A;N/A;N/A;N/A;N/A;N/A;N/A;N/A;N/A;N/A;N/A;N/A;N/A;N/A;N/A;N/A;N/A;N/A;N/A;N/A;N/A;N/A;N/A;N/A;N/A;N/A;N/A;N/A;N/A;N/A;N/A;N/A;N/A;N/A;N/A;N/A;N/A;N/A;N/A;N/A;N/A;N/A;N/A;N/A;N/A;N/A;N/A;N/A;N/A;N/A;N/A;N/A;N/A;N/A;"Lun. a Vie. de 8:30 a 18:30 hs. Sáb. de 9 a 13 hs";2;1.2;Nafta;Manual;Pick-Up;"Autos y camionetas";No;N/A;N/A;N/A;No;N/A;N/A;No;Sí;No;No;N/A;N/A;N/A;N/A;N/A;N/A;N/A;N/A;N/A;N/A;N/A;N/A;N/A;N/A;N/A;N/A;N/A;N/A;N/A;N/A;N/A;N/A;N/A;N/A;N/A;N/A;N/A;N/A;N/A;N/A;N/A;N/A;Sí;N/A;N/A;N/A;N/A;N/A;N/A;N/A;N/A;N/A;N/A;N/A;N/A;N/A;N/A;N/A;N/A;N/A;Sí;No;N/A;N/A;N/A;N/A;N/A;N/A;N/A;N/A;N/A;N/A;N/A;N/A;N/A;N/A;N/A;N/A;N/A;N/A;N/A;N/A;N/A;N/A;N/A;N/A;N/A;N/A;N/A;N/A;N/A;N/A;N/A;N/A;N/A;N/A;N/A;N/A;N/A;Sí;N/A;N/A;N/A;N/A;Sí;N/A;N/A;N/A;N/A;N/A;N/A;N/A;N/A;Sí;N/A;Sí;N/A;N/A;Sí;N/A;N/A
Changan;"Cs55 Plus";"1.5 Elite Dct";2024;"0 km";;"ALFALIDER S.A.";39990;;;;;"Punta del Este";https://auto.mercadolibre.com.uy/MLU-701975984-changan-cs-55-plus-_JM;N/A;;"Changan Cs 55 Plus";usd;Sí;silver;false;N/A;N/A;http://perfil.mercadolibre.com.uy/ALFALIDER+S.A.;active;N/A;N/A;Nuevo;Gris;N/A;N/A;Delantera;N/A;N/A;N/A;N/A;N/A;N/A;N/A;N/A;N/A;N/A;N/A;N/A;N/A;N/A;N/A;N/A;N/A;N/A;N/A;N/A;N/A;N/A;N/A;N/A;N/A;"2656 mm";"1.5 L";"55 L";7;N/A;N/A;N/A;N/A;N/A;N/A;N/A;N/A;N/A;N/A;N/A;N/A;N/A;N/A;N/A;N/A;N/A;N/A;N/A;N/A;N/A;N/A;N/A;N/A;N/A;N/A;N/A;N/A;N/A;N/A;N/A;N/A;N/A;N/A;N/A;N/A;N/A;N/A;N/A;N/A;N/A;N/A;N/A;N/A;N/A;"1680 mm";"4515 mm";N/A;N/A;N/A;N/A;5;"180 hp";Elite;N/A;4;"1865 mm";N/A;N/A;N/A;N/A;N/A;N/A;N/A;N/A;N/A;N/A;N/A;N/A;N/A;N/A;N/A;N/A;N/A;N/A;5;1.5;Nafta;Automática;SUV;"Autos y camionetas";N/A;N/A;N/A;N/A;N/A;N/A;UY;N/A;N/A;N/A;N/A;N/A;N/A;N/A;N/A;N/A;N/A;N/A;N/A;N/A;N/A;N/A;N/A;N/A;N/A;N/A;N/A;N/A;N/A;N/A;N/A;N/A;N/A;N/A;N/A;N/A;N/A;N/A;N/A;N/A;N/A;N/A;N/A;N/A;N/A;N/A;N/A;N/A;N/A;N/A;N/A;N/A;N/A;N/A;N/A;N/A;N/A;N/A;N/A;N/A;N/A;N/A;N/A;N/A;N/A;N/A;N/A;N/A;N/A;N/A;N/A;N/A;N/A;N/A;N/A;N/A;N/A;N/A;N/A;N/A;N/A;N/A;N/A;N/A;N/A;N/A;N/A;N/A;N/A;N/A;N/A;N/A;N/A;N/A;N/A;N/A;N/A;N/A;N/A;N/A;N/A;N/A;N/A;N/A;N/A;N/A;N/A;N/A;N/A;N/A;N/A;N/A;N/A;N/A;N/A;N/A;N/A;N/A;N/A;N/A;N/A;N/A
Changan;"STAR PICK-UP";1.2;2024;"0 km";;"OMAR CASTROAUTOMOVILES";12990;;;;;Salto;https://auto.mercadolibre.com.uy/MLU-644613879-changan-star-pick-up-_JM;N/A;;"Changan Star Pick Up ";USD;Sí;silver;false;N/A;N/A;http://perfil.mercadolibre.com.uy/OMAR+CASTROAUTOMOVILES;active;N/A;N/A;Nuevo;Blanco;N/A;N/A;N/A;N/A;N/A;N/A;N/A;N/A;N/A;N/A;N/A;N/A;N/A;N/A;N/A;N/A;N/A;N/A;N/A;N/A;N/A;N/A;N/A;N/A;N/A;N/A;N/A;N/A;N/A;N/A;N/A;N/A;N/A;N/A;N/A;N/A;N/A;N/A;N/A;N/A;N/A;N/A;N/A;N/A;N/A;N/A;N/A;N/A;N/A;N/A;N/A;N/A;N/A;N/A;N/A;N/A;N/A;N/A;N/A;N/A;N/A;N/A;N/A;N/A;N/A;N/A;N/A;N/A;N/A;N/A;N/A;N/A;N/A;N/A;N/A;N/A;N/A;N/A;N/A;N/A;N/A;N/A;N/A;N/A;N/A;N/A;N/A;N/A;N/A;N/A;N/A;N/A;N/A;N/A;N/A;N/A;N/A;N/A;N/A;N/A;N/A;N/A;N/A;N/A;N/A;N/A;"Lunes a viernes de 08:00 a 12:00, y de 14:45 a 18:45, Sabado de 08:30 a 12:30";3;1.2;Nafta;N/A;N/A;"Autos y camionetas";N/A;N/A;N/A;N/A;N/A;N/A;N/A;N/A;N/A;N/A;N/A;N/A;N/A;N/A;N/A;N/A;N/A;N/A;N/A;N/A;N/A;N/A;N/A;N/A;N/A;N/A;N/A;N/A;N/A;N/A;N/A;N/A;N/A;N/A;N/A;N/A;N/A;N/A;N/A;N/A;N/A;N/A;N/A;N/A;N/A;N/A;N/A;N/A;N/A;N/A;N/A;N/A;N/A;N/A;N/A;N/A;N/A;N/A;N/A;N/A;N/A;N/A;N/A;N/A;N/A;N/A;N/A;N/A;N/A;N/A;N/A;N/A;N/A;N/A;N/A;N/A;N/A;N/A;N/A;N/A;N/A;N/A;N/A;N/A;N/A;N/A;N/A;N/A;N/A;N/A;N/A;N/A;N/A;N/A;N/A;N/A;N/A;N/A;N/A;N/A;N/A;N/A;N/A;N/A;N/A;N/A;N/A;N/A;N/A;N/A;N/A;N/A;N/A;N/A;N/A;N/A;N/A;N/A;N/A;N/A;N/A;N/A
Changan;"Star Pick Up Doble Cabina";Full;2025;"0 km";;"OSCARPISANO RENAULT-NISSAN";15490;;;;;Sayago;https://auto.mercadolibre.com.uy/MLU-670537854-changan-star-doble-cabina-full-2025-0km-_JM;N/A;;"Changan Star Doble Cabina Full 2025 0km";USD;Sí;silver;false;N/A;N/A;http://perfil.mercadolibre.com.uy/OSCARPISANO+RENAULT-NISSAN;active;N/A;N/A;Nuevo;Blanco;N/A;Asistida;N/A;Sí;N/A;N/A;N/A;N/A;N/A;N/A;N/A;N/A;N/A;N/A;N/A;Sí;N/A;N/A;N/A;N/A;N/A;N/A;N/A;N/A;N/A;N/A;N/A;N/A;N/A;N/A;N/A;5;N/A;N/A;N/A;N/A;N/A;N/A;N/A;N/A;N/A;N/A;N/A;N/A;N/A;N/A;N/A;N/A;N/A;N/A;N/A;N/A;N/A;N/A;N/A;N/A;N/A;N/A;N/A;N/A;N/A;N/A;N/A;N/A;N/A;N/A;N/A;N/A;N/A;N/A;N/A;N/A;N/A;N/A;N/A;N/A;N/A;N/A;N/A;N/A;N/A;N/A;N/A;N/A;N/A;N/A;N/A;N/A;N/A;N/A;N/A;N/A;N/A;N/A;N/A;N/A;N/A;N/A;N/A;N/A;N/A;N/A;N/A;N/A;N/A;N/A;"Lun. a Vie. de 8:30 a 18:30 hs. Sáb. de 9 a 13 hs";4;N/A;Nafta;Manual;Pick-Up;"Autos y camionetas";No;N/A;N/A;N/A;No;N/A;N/A;No;Sí;No;No;N/A;N/A;N/A;N/A;N/A;N/A;N/A;N/A;N/A;N/A;N/A;N/A;N/A;N/A;N/A;N/A;N/A;N/A;N/A;N/A;N/A;N/A;N/A;N/A;N/A;N/A;N/A;N/A;N/A;N/A;N/A;N/A;Sí;N/A;N/A;N/A;N/A;N/A;N/A;N/A;N/A;N/A;N/A;N/A;N/A;N/A;N/A;N/A;N/A;N/A;Sí;No;N/A;N/A;N/A;N/A;N/A;N/A;N/A;N/A;N/A;N/A;N/A;N/A;N/A;N/A;N/A;N/A;N/A;N/A;N/A;N/A;N/A;N/A;N/A;N/A;N/A;N/A;N/A;N/A;N/A;N/A;N/A;N/A;N/A;Sí;N/A;N/A;N/A;Sí;N/A;N/A;N/A;N/A;Sí;N/A;N/A;N/A;N/A;N/A;N/A;N/A;N/A;Sí;Sí;Sí;Sí;N/A;Sí;N/A;Sí
Changan;CS75;"LUXURY 4WD";2020;"85000 km";;"SUC.JORGE ESTEFAN";17900;;;;;Trinidad;https://auto.mercadolibre.com.uy/MLU-694345020-changan-cs-75-_JM;N/A;;"Changan Cs 75";USD;Sí;silver;false;N/A;N/A;http://perfil.mercadolibre.com.uy/SUC.JORGE+ESTEFAN;active;N/A;N/A;Usado;Gris;N/A;N/A;N/A;N/A;N/A;N/A;N/A;N/A;N/A;N/A;N/A;N/A;N/A;N/A;N/A;N/A;N/A;N/A;N/A;N/A;N/A;N/A;N/A;N/A;N/A;N/A;N/A;N/A;N/A;N/A;N/A;N/A;N/A;N/A;N/A;N/A;N/A;N/A;N/A;N/A;N/A;N/A;N/A;N/A;N/A;N/A;N/A;N/A;N/A;N/A;N/A;N/A;N/A;N/A;N/A;N/A;N/A;N/A;N/A;N/A;N/A;N/A;N/A;N/A;N/A;N/A;N/A;N/A;N/A;N/A;N/A;N/A;N/A;N/A;N/A;N/A;N/A;N/A;N/A;N/A;N/A;N/A;N/A;N/A;N/A;N/A;N/A;N/A;N/A;N/A;N/A;N/A;N/A;N/A;N/A;N/A;N/A;N/A;N/A;N/A;N/A;N/A;N/A;N/A;N/A;N/A;N/A;5;N/A;Nafta;N/A;N/A;"Autos y camionetas";N/A;N/A;N/A;N/A;N/A;N/A;N/A;N/A;N/A;N/A;N/A;N/A;N/A;N/A;N/A;N/A;N/A;N/A;N/A;N/A;N/A;N/A;N/A;N/A;N/A;N/A;N/A;N/A;N/A;N/A;N/A;N/A;N/A;N/A;N/A;N/A;N/A;N/A;N/A;N/A;N/A;N/A;N/A;N/A;N/A;N/A;N/A;N/A;N/A;N/A;N/A;N/A;N/A;N/A;N/A;N/A;N/A;N/A;N/A;N/A;N/A;N/A;N/A;N/A;N/A;N/A;N/A;N/A;N/A;N/A;N/A;N/A;N/A;N/A;N/A;N/A;N/A;N/A;N/A;N/A;N/A;N/A;N/A;N/A;N/A;N/A;N/A;N/A;N/A;N/A;N/A;N/A;N/A;N/A;N/A;N/A;N/A;N/A;N/A;N/A;N/A;N/A;N/A;N/A;N/A;N/A;N/A;N/A;N/A;N/A;N/A;N/A;N/A;N/A;N/A;N/A;N/A;N/A;N/A;N/A;N/A;N/A
Changan;"STAR PICK-UP";Standard;2024;"0 km";;LAFORLTDAAUTOMOTORES;12990;;;;;Durazno;https://auto.mercadolibre.com.uy/MLU-695111636-changan-star-pick-up-standard-_JM;N/A;;"Changan Star Pick Up Standard";USD;Sí;silver;false;N/A;N/A;http://perfil.mercadolibre.com.uy/LAFORLTDAAUTOMOTORES;active;N/A;N/A;Nuevo;N/A;N/A;N/A;N/A;N/A;N/A;N/A;N/A;N/A;N/A;N/A;N/A;N/A;N/A;N/A;N/A;N/A;N/A;N/A;N/A;N/A;N/A;N/A;N/A;N/A;N/A;N/A;N/A;N/A;N/A;N/A;N/A;N/A;N/A;N/A;N/A;N/A;N/A;N/A;N/A;N/A;N/A;N/A;N/A;N/A;N/A;N/A;N/A;N/A;N/A;N/A;N/A;N/A;N/A;N/A;N/A;N/A;N/A;N/A;N/A;N/A;N/A;N/A;N/A;N/A;N/A;N/A;N/A;N/A;N/A;N/A;N/A;N/A;N/A;N/A;N/A;N/A;N/A;N/A;N/A;N/A;N/A;N/A;N/A;N/A;N/A;N/A;N/A;N/A;N/A;N/A;N/A;N/A;N/A;N/A;N/A;N/A;N/A;N/A;N/A;N/A;N/A;N/A;N/A;N/A;N/A;N/A;N/A;2;N/A;Nafta;N/A;N/A;"Autos y camionetas";N/A;N/A;N/A;N/A;N/A;N/A;N/A;N/A;N/A;N/A;N/A;N/A;N/A;N/A;N/A;N/A;N/A;N/A;N/A;N/A;N/A;N/A;N/A;N/A;N/A;N/A;N/A;N/A;N/A;N/A;N/A;N/A;N/A;N/A;N/A;N/A;N/A;N/A;N/A;N/A;N/A;N/A;N/A;N/A;N/A;N/A;N/A;N/A;N/A;N/A;N/A;N/A;N/A;N/A;N/A;N/A;N/A;N/A;N/A;N/A;N/A;N/A;N/A;N/A;N/A;N/A;N/A;N/A;N/A;N/A;N/A;N/A;N/A;N/A;N/A;N/A;N/A;N/A;N/A;N/A;N/A;N/A;N/A;N/A;N/A;N/A;N/A;N/A;N/A;N/A;N/A;N/A;N/A;N/A;N/A;N/A;N/A;N/A;N/A;N/A;N/A;N/A;N/A;N/A;N/A;N/A;N/A;N/A;N/A;N/A;N/A;N/A;N/A;N/A;N/A;N/A;N/A;N/A;N/A;N/A;N/A;N/A
Changan;"UNI T";TECHNO;2023;"0 km";;"CONCESIONARIO CASEY";39990;;;;;"Carrasco Norte";https://auto.mercadolibre.com.uy/MLU-681904838-changan-uni-t-_JM;N/A;;"Changan Uni T";usd;Sí;silver;false;N/A;N/A;http://perfil.mercadolibre.com.uy/CONCESIONARIO+CASEY;active;N/A;N/A;Nuevo;Gris;N/A;Eléctrica;Delantera;N/A;Sí;N/A;N/A;N/A;Sí;N/A;N/A;Sí;N/A;N/A;Sí;N/A;N/A;N/A;N/A;N/A;N/A;N/A;N/A;N/A;N/A;N/A;N/A;N/A;"2710 mm";"1.5 L";"55 L";7;N/A;N/A;N/A;N/A;N/A;N/A;N/A;N/A;N/A;N/A;N/A;N/A;N/A;N/A;N/A;N/A;N/A;N/A;N/A;N/A;N/A;N/A;N/A;N/A;N/A;N/A;N/A;N/A;N/A;N/A;N/A;N/A;N/A;N/A;N/A;N/A;N/A;N/A;N/A;N/A;N/A;N/A;N/A;N/A;N/A;"1565 mm";"4515 mm";N/A;N/A;N/A;N/A;5;"180 hp";Techno;N/A;4;"1870 mm";N/A;Sí;N/A;N/A;N/A;N/A;Sí;Sí;N/A;Sí;N/A;N/A;N/A;N/A;N/A;N/A;N/A;"LUNES A VIERNES DE 8 A 18";5;"1.5 TURBO";Nafta;Automática;SUV;"Autos y camionetas";N/A;N/A;N/A;N/A;N/A;N/A;UY;N/A;N/A;N/A;N/A;N/A;N/A;N/A;N/A;N/A;N/A;N/A;N/A;N/A;N/A;N/A;N/A;N/A;Sí;N/A;N/A;N/A;N/A;N/A;N/A;N/A;N/A;N/A;N/A;N/A;N/A;N/A;N/A;N/A;N/A;N/A;N/A;Sí;N/A;N/A;N/A;N/A;N/A;N/A;N/A;N/A;N/A;N/A;N/A;N/A;N/A;N/A;N/A;N/A;N/A;N/A;N/A;N/A;N/A;N/A;N/A;N/A;N/A;N/A;N/A;N/A;N/A;N/A;N/A;N/A;N/A;N/A;N/A;N/A;N/A;N/A;N/A;N/A;N/A;N/A;N/A;N/A;N/A;N/A;N/A;N/A;N/A;N/A;N/A;N/A;Sí;Sí;Sí;N/A;Sí;N/A;N/A;N/A;N/A;Sí;Sí;Sí;Sí;N/A;N/A;Sí;N/A;Sí;Sí;Sí;Sí;N/A;N/A;N/A;N/A;Sí
Changan;"Cs55 Plus";"1.5 Luxury Dct";2023;"39800 km";;R1947266;29900;;;;;"La Blanqueada";https://auto.mercadolibre.com.uy/MLU-702723618-changan-cs55-plus-15-luxury-dct-_JM;N/A;;"Changan Cs55 Plus 1.5 Luxury Dct";usd;Sí;free;false;N/A;N/A;http://perfil.mercadolibre.com.uy/R1947266;active;N/A;N/A;Usado;Gris;Sí;Eléctrica;Delantera;Sí;Sí;N/A;N/A;N/A;Sí;N/A;N/A;Sí;N/A;N/A;Sí;Sí;N/A;Sí;N/A;N/A;N/A;N/A;N/A;N/A;N/A;N/A;N/A;N/A;"2656 mm";"1.5 L";"55 L";7;N/A;N/A;N/A;N/A;N/A;Sí;N/A;N/A;N/A;N/A;N/A;N/A;N/A;N/A;N/A;N/A;N/A;N/A;N/A;N/A;N/A;N/A;N/A;N/A;N/A;N/A;N/A;N/A;N/A;N/A;N/A;N/A;N/A;N/A;N/A;N/A;N/A;N/A;N/A;N/A;N/A;N/A;N/A;N/A;N/A;"1680 mm";"4515 mm";N/A;N/A;N/A;N/A;5;"180 hp";Luxury;N/A;4;"1865 mm";N/A;Sí;N/A;Sí;Sí;N/A;Sí;Sí;N/A;Sí;N/A;N/A;N/A;N/A;N/A;N/A;Sí;N/A;5;1.5;Nafta;Automática;SUV;"Autos y camionetas";N/A;N/A;N/A;N/A;N/A;N/A;UY;N/A;N/A;N/A;N/A;N/A;N/A;N/A;N/A;N/A;N/A;N/A;N/A;N/A;N/A;N/A;N/A;N/A;Sí;N/A;N/A;N/A;N/A;N/A;N/A;N/A;N/A;N/A;N/A;N/A;N/A;N/A;N/A;N/A;N/A;N/A;N/A;Sí;N/A;N/A;N/A;N/A;N/A;N/A;N/A;N/A;N/A;N/A;N/A;N/A;N/A;N/A;N/A;N/A;N/A;N/A;N/A;N/A;N/A;N/A;N/A;N/A;N/A;N/A;N/A;N/A;N/A;N/A;N/A;N/A;N/A;N/A;N/A;N/A;N/A;N/A;N/A;N/A;N/A;N/A;N/A;N/A;N/A;N/A;N/A;N/A;N/A;N/A;N/A;N/A;Sí;Sí;Sí;N/A;Sí;N/A;N/A;N/A;N/A;Sí;Sí;Sí;Sí;N/A;N/A;Sí;Sí;Sí;Sí;Sí;Sí;N/A;N/A;N/A;N/A;Sí
Changan;Sc5028;Furgon;2011;"40000 km";;FECA8096381;6500;;;;;Toledo;https://auto.mercadolibre.com.uy/MLU-646598159-changan-sc5028-furgon-_JM;N/A;;"Changan Sc5028 Furgon";USD;Sí;free;false;N/A;N/A;http://perfil.mercadolibre.com.uy/FECA8096381;active;N/A;N/A;Usado;N/A;N/A;N/A;N/A;N/A;N/A;N/A;N/A;N/A;N/A;N/A;N/A;N/A;N/A;N/A;N/A;N/A;N/A;N/A;N/A;N/A;N/A;N/A;N/A;N/A;N/A;N/A;N/A;N/A;N/A;N/A;N/A;N/A;N/A;N/A;N/A;N/A;N/A;N/A;N/A;N/A;N/A;N/A;N/A;N/A;N/A;N/A;N/A;N/A;N/A;N/A;N/A;N/A;N/A;N/A;N/A;N/A;N/A;N/A;N/A;N/A;N/A;N/A;N/A;N/A;N/A;N/A;N/A;N/A;N/A;N/A;N/A;N/A;N/A;N/A;N/A;N/A;N/A;N/A;N/A;N/A;N/A;N/A;N/A;N/A;N/A;N/A;N/A;N/A;N/A;N/A;N/A;N/A;N/A;N/A;N/A;N/A;N/A;N/A;N/A;N/A;N/A;N/A;N/A;N/A;N/A;N/A;N/A;5;N/A;Nafta;N/A;N/A;"Autos y camionetas";N/A;N/A;N/A;N/A;N/A;N/A;N/A;N/A;N/A;N/A;N/A;N/A;N/A;N/A;N/A;N/A;N/A;N/A;N/A;N/A;N/A;N/A;N/A;N/A;N/A;N/A;N/A;N/A;N/A;N/A;N/A;N/A;N/A;N/A;N/A;N/A;N/A;N/A;N/A;N/A;N/A;N/A;N/A;N/A;N/A;N/A;N/A;N/A;N/A;N/A;N/A;N/A;N/A;N/A;N/A;N/A;N/A;N/A;N/A;N/A;N/A;N/A;N/A;N/A;N/A;N/A;N/A;N/A;N/A;N/A;N/A;N/A;N/A;N/A;N/A;N/A;N/A;N/A;N/A;N/A;N/A;N/A;N/A;N/A;N/A;N/A;N/A;N/A;N/A;N/A;N/A;N/A;N/A;N/A;N/A;N/A;N/A;N/A;N/A;N/A;N/A;N/A;N/A;N/A;N/A;N/A;N/A;N/A;N/A;N/A;N/A;N/A;N/A;N/A;N/A;N/A;N/A;N/A;N/A;N/A;N/A;N/A
Changan;SC;"luxury autom. cs15";2022;"15000 km";;LETY221A;15500;;;;;"Aires Puros";https://auto.mercadolibre.com.uy/MLU-700423416-changan-sc-luxury-autom-cs15-_JM;N/A;;"Changan Sc Luxury Autom. Cs15";USD;Sí;free;false;N/A;N/A;http://perfil.mercadolibre.com.uy/LETY221A;active;N/A;N/A;Usado;N/A;N/A;N/A;N/A;N/A;N/A;N/A;N/A;N/A;N/A;N/A;N/A;N/A;N/A;N/A;N/A;N/A;N/A;N/A;N/A;N/A;N/A;N/A;N/A;N/A;N/A;N/A;N/A;N/A;N/A;N/A;N/A;N/A;N/A;N/A;N/A;N/A;N/A;N/A;N/A;N/A;N/A;N/A;N/A;N/A;N/A;N/A;N/A;N/A;N/A;N/A;N/A;N/A;N/A;N/A;N/A;N/A;N/A;N/A;N/A;N/A;N/A;N/A;N/A;N/A;N/A;N/A;N/A;N/A;N/A;N/A;N/A;N/A;N/A;N/A;N/A;N/A;N/A;N/A;N/A;N/A;N/A;N/A;N/A;N/A;N/A;N/A;N/A;N/A;N/A;N/A;N/A;N/A;N/A;N/A;N/A;N/A;N/A;N/A;N/A;N/A;N/A;N/A;N/A;N/A;N/A;N/A;N/A;5;N/A;Nafta;N/A;N/A;"Autos y camionetas";N/A;N/A;N/A;N/A;N/A;N/A;N/A;N/A;N/A;N/A;N/A;N/A;N/A;N/A;N/A;N/A;N/A;N/A;N/A;N/A;N/A;N/A;N/A;N/A;N/A;N/A;N/A;N/A;N/A;N/A;N/A;N/A;N/A;N/A;N/A;N/A;N/A;N/A;N/A;N/A;N/A;N/A;N/A;N/A;N/A;N/A;N/A;N/A;N/A;N/A;N/A;N/A;N/A;N/A;N/A;N/A;N/A;N/A;N/A;N/A;N/A;N/A;N/A;N/A;N/A;N/A;N/A;N/A;N/A;N/A;N/A;N/A;N/A;N/A;N/A;N/A;N/A;N/A;N/A;N/A;N/A;N/A;N/A;N/A;N/A;N/A;N/A;N/A;N/A;N/A;N/A;N/A;N/A;N/A;N/A;N/A;N/A;N/A;N/A;N/A;N/A;N/A;N/A;N/A;N/A;N/A;N/A;N/A;N/A;N/A;N/A;N/A;N/A;N/A;N/A;N/A;N/A;N/A;N/A;N/A;N/A;N/A
Changan;SC15;Suv;2019;"60896 km";;ARESRICARDO;14500;;;;;"Pérez Castellanos";https://auto.mercadolibre.com.uy/MLU-701792208-changan-suv-sc-15-_JM;N/A;;"Changan Suv Sc 15";USD;Sí;free;false;N/A;N/A;http://perfil.mercadolibre.com.uy/ARESRICARDO;active;N/A;N/A;Usado;Plateado;N/A;Hidráulica;Delantera;Sí;Sí;N/A;N/A;N/A;Sí;N/A;N/A;Sí;N/A;N/A;Sí;Sí;N/A;N/A;N/A;N/A;N/A;N/A;N/A;N/A;N/A;N/A;N/A;N/A;N/A;N/A;N/A;N/A;N/A;N/A;N/A;N/A;N/A;Sí;N/A;N/A;N/A;N/A;N/A;N/A;N/A;N/A;N/A;N/A;N/A;N/A;N/A;N/A;N/A;N/A;N/A;N/A;N/A;N/A;N/A;N/A;N/A;Sí;N/A;N/A;N/A;N/A;N/A;N/A;N/A;N/A;N/A;N/A;N/A;N/A;N/A;N/A;N/A;N/A;N/A;N/A;N/A;N/A;N/A;N/A;N/A;N/A;N/A;N/A;N/A;N/A;Sí;N/A;Sí;Sí;N/A;Sí;Sí;N/A;No;N/A;N/A;N/A;Sí;N/A;N/A;Sí;N/A;5;1.500;Nafta;Manual;N/A;"Autos y camionetas";N/A;N/A;N/A;N/A;N/A;N/A;N/A;N/A;N/A;N/A;N/A;N/A;N/A;N/A;N/A;N/A;N/A;N/A;N/A;N/A;N/A;N/A;N/A;N/A;Sí;N/A;N/A;N/A;N/A;N/A;N/A;N/A;N/A;N/A;N/A;N/A;N/A;N/A;N/A;N/A;N/A;N/A;N/A;N/A;N/A;N/A;N/A;N/A;N/A;N/A;N/A;N/A;N/A;N/A;N/A;N/A;N/A;N/A;N/A;N/A;N/A;N/A;N/A;N/A;N/A;N/A;N/A;N/A;N/A;N/A;N/A;N/A;N/A;N/A;N/A;N/A;N/A;N/A;N/A;N/A;N/A;N/A;N/A;N/A;N/A;N/A;N/A;N/A;N/A;N/A;N/A;N/A;N/A;N/A;N/A;N/A;Sí;Sí;Sí;N/A;Sí;N/A;N/A;N/A;N/A;Sí;N/A;Sí;Sí;N/A;N/A;Sí;Sí;Sí;Sí;Sí;Sí;N/A;N/A;Sí;N/A;Sí
Changan;"Star Full";1.2;2021;"43200 km";;ACJO4115620;10500;;;;;"Flor de Maroñas";https://auto.mercadolibre.com.uy/MLU-699502330-camioneta-doble-cabina-unico-dueno-buen-estado-_JM;N/A;;"Camioneta Doble Cabina. Único Dueño, Buen Estado.";USD;Sí;free;false;N/A;N/A;http://perfil.mercadolibre.com.uy/ACJO4115620;active;N/A;N/A;Usado;Blanco;Sí;Asistida;Delantera;Sí;Sí;N/A;N/A;N/A;Sí;N/A;N/A;No;N/A;N/A;No;Sí;N/A;No;N/A;N/A;N/A;N/A;N/A;N/A;N/A;N/A;N/A;N/A;N/A;N/A;N/A;N/A;N/A;N/A;N/A;N/A;N/A;Sí;N/A;N/A;N/A;N/A;N/A;N/A;N/A;N/A;N/A;N/A;N/A;N/A;N/A;N/A;N/A;N/A;N/A;N/A;N/A;N/A;N/A;N/A;N/A;No;N/A;N/A;N/A;N/A;N/A;N/A;N/A;N/A;N/A;N/A;N/A;N/A;N/A;N/A;N/A;N/A;N/A;N/A;N/A;N/A;N/A;N/A;N/A;N/A;N/A;N/A;N/A;N/A;No;N/A;N/A;Sí;N/A;No;No;N/A;No;N/A;N/A;No;Sí;N/A;N/A;Sí;N/A;4;1.2;Nafta;Manual;Pick-Up;"Autos y camionetas";Sí;N/A;N/A;N/A;N/A;N/A;N/A;N/A;No;N/A;N/A;N/A;N/A;N/A;N/A;N/A;N/A;N/A;N/A;N/A;N/A;N/A;N/A;N/A;No;N/A;N/A;N/A;N/A;N/A;N/A;N/A;N/A;N/A;N/A;N/A;N/A;N/A;N/A;N/A;N/A;N/A;N/A;No;N/A;N/A;N/A;N/A;N/A;N/A;N/A;N/A;N/A;N/A;N/A;N/A;N/A;N/A;N/A;N/A;N/A;No;No;N/A;N/A;N/A;N/A;N/A;N/A;N/A;N/A;N/A;N/A;N/A;N/A;N/A;N/A;N/A;N/A;N/A;N/A;N/A;N/A;N/A;N/A;N/A;N/A;N/A;N/A;N/A;N/A;N/A;N/A;N/A;N/A;No;Sí;Sí;No;N/A;Sí;N/A;N/A;N/A;N/A;Sí;No;Sí;Sí;N/A;N/A;Sí;No;Sí;Sí;Sí;No;No;No;No;N/A;Sí
Changan;E-STAR;"0.0 E-Star At";2023;"30000 km";;ICARVALLIDO;16500;;;;;"La Blanqueada";https://auto.mercadolibre.com.uy/MLU-702260140-changan-e-start-100-electrico-_JM;N/A;;"Changan E Start 100% Electrico";usd;Sí;free;false;N/A;N/A;http://perfil.mercadolibre.com.uy/ICARVALLIDO;active;N/A;N/A;Usado;Blanco;N/A;N/A;Delantera;Sí;N/A;N/A;N/A;N/A;N/A;N/A;N/A;N/A;N/A;N/A;N/A;Sí;N/A;N/A;N/A;N/A;N/A;N/A;N/A;N/A;N/A;N/A;N/A;N/A;"2410 mm";"0 L";N/A;N/A;N/A;N/A;N/A;N/A;N/A;No;N/A;N/A;N/A;N/A;N/A;N/A;N/A;N/A;N/A;N/A;N/A;N/A;N/A;N/A;N/A;N/A;N/A;N/A;N/A;N/A;N/A;N/A;N/A;N/A;N/A;N/A;N/A;N/A;N/A;N/A;N/A;N/A;N/A;N/A;N/A;N/A;N/A;N/A;N/A;"1570 mm";"3770 mm";N/A;N/A;N/A;N/A;5;"74 hp";N/A;N/A;N/A;"1650 mm";N/A;N/A;N/A;Sí;Sí;N/A;Sí;Sí;N/A;N/A;N/A;N/A;N/A;N/A;N/A;N/A;N/A;N/A;5;0.0;Eléctrico;Automática;Hatchback;"Autos y camionetas";Sí;N/A;N/A;N/A;N/A;N/A;UY;N/A;N/A;N/A;N/A;N/A;N/A;N/A;N/A;N/A;N/A;N/A;N/A;N/A;N/A;N/A;N/A;N/A;N/A;N/A;N/A;N/A;N/A;N/A;N/A;N/A;N/A;N/A;N/A;N/A;N/A;N/A;N/A;N/A;N/A;N/A;N/A;Sí;N/A;N/A;N/A;N/A;N/A;N/A;N/A;N/A;N/A;N/A;N/A;N/A;N/A;N/A;N/A;N/A;N/A;N/A;N/A;N/A;N/A;N/A;N/A;N/A;N/A;N/A;N/A;N/A;N/A;N/A;N/A;N/A;N/A;N/A;N/A;N/A;N/A;N/A;N/A;N/A;N/A;N/A;N/A;N/A;N/A;N/A;N/A;N/A;N/A;N/A;N/A;N/A;Sí;N/A;N/A;N/A;Sí;N/A;N/A;N/A;N/A;Sí;N/A;Sí;N/A;N/A;N/A;N/A;Sí;Sí;N/A;N/A;N/A;N/A;N/A;N/A;N/A;N/A
Changan;E-STAR;"Star 1.2 std";2022;"85000 km";;ROBERT_VEG;415000;;;;;"Jardines Hipódromo";https://auto.mercadolibre.com.uy/MLU-702614384-changan-star-std-_JM;N/A;;"Changan Star Std";UYU;No;free;false;N/A;N/A;http://perfil.mercadolibre.com.uy/ROBERT_VEG;active;N/A;N/A;Usado;Gris;Sí;Hidráulica;N/A;N/A;N/A;N/A;N/A;N/A;N/A;N/A;N/A;N/A;N/A;N/A;N/A;N/A;N/A;N/A;N/A;N/A;N/A;N/A;N/A;N/A;N/A;N/A;N/A;N/A;N/A;N/A;N/A;N/A;N/A;N/A;N/A;N/A;N/A;N/A;N/A;N/A;N/A;N/A;N/A;N/A;N/A;N/A;N/A;N/A;N/A;N/A;N/A;N/A;N/A;N/A;N/A;N/A;N/A;N/A;N/A;N/A;N/A;N/A;N/A;N/A;N/A;N/A;N/A;N/A;N/A;N/A;N/A;N/A;N/A;N/A;N/A;N/A;N/A;N/A;N/A;N/A;N/A;N/A;N/A;N/A;N/A;N/A;N/A;N/A;N/A;N/A;N/A;N/A;N/A;N/A;N/A;N/A;N/A;N/A;N/A;N/A;N/A;N/A;N/A;N/A;N/A;N/A;N/A;2;1.2;Nafta;N/A;N/A;"Autos y camionetas";N/A;N/A;N/A;N/A;N/A;N/A;N/A;N/A;N/A;N/A;N/A;N/A;N/A;N/A;N/A;N/A;N/A;N/A;N/A;N/A;N/A;N/A;N/A;N/A;N/A;N/A;N/A;N/A;N/A;N/A;N/A;N/A;N/A;N/A;N/A;N/A;N/A;N/A;N/A;N/A;N/A;N/A;N/A;N/A;N/A;N/A;N/A;N/A;N/A;N/A;N/A;N/A;N/A;N/A;N/A;N/A;N/A;N/A;N/A;N/A;N/A;N/A;N/A;N/A;N/A;N/A;N/A;N/A;N/A;N/A;N/A;N/A;N/A;N/A;N/A;N/A;N/A;N/A;N/A;N/A;N/A;N/A;N/A;N/A;N/A;N/A;N/A;N/A;N/A;N/A;N/A;N/A;N/A;N/A;N/A;N/A;N/A;N/A;N/A;N/A;N/A;N/A;N/A;N/A;N/A;N/A;N/A;N/A;N/A;N/A;N/A;N/A;N/A;N/A;N/A;N/A;N/A;N/A;N/A;N/A;N/A;N/A
Changan;Uni-T;"1.5 Techno";2023;"11000 km";;ANDAMIOSCESAR;34500;;;;;Reducto;https://auto.mercadolibre.com.uy/MLU-702443758-changan-uni-t-techno-_JM;N/A;;"Changan Uni T Techno";usd;Sí;free;false;N/A;N/A;http://perfil.mercadolibre.com.uy/ANDAMIOSCESAR;active;N/A;N/A;Usado;Negro;N/A;N/A;Delantera;N/A;N/A;N/A;N/A;N/A;N/A;N/A;N/A;N/A;N/A;N/A;N/A;N/A;N/A;N/A;N/A;N/A;N/A;N/A;N/A;N/A;N/A;N/A;N/A;N/A;"2710 mm";"1.5 L";"55 L";7;N/A;N/A;N/A;N/A;N/A;N/A;N/A;N/A;N/A;N/A;N/A;N/A;N/A;N/A;N/A;N/A;N/A;N/A;N/A;N/A;N/A;N/A;N/A;N/A;N/A;N/A;N/A;N/A;N/A;N/A;N/A;N/A;N/A;N/A;N/A;N/A;N/A;N/A;N/A;N/A;N/A;N/A;N/A;N/A;N/A;"1565 mm";"4515 mm";N/A;N/A;N/A;N/A;5;"180 hp";Techno;N/A;4;"1870 mm";N/A;N/A;N/A;N/A;N/A;N/A;N/A;N/A;N/A;N/A;N/A;N/A;N/A;N/A;N/A;N/A;N/A;"7 a 19:30";5;1.5;Nafta;Automática;N/A;"Autos y camionetas";N/A;N/A;N/A;N/A;N/A;N/A;UY;N/A;N/A;N/A;N/A;N/A;N/A;N/A;N/A;N/A;N/A;N/A;N/A;N/A;N/A;N/A;N/A;N/A;N/A;N/A;N/A;N/A;N/A;N/A;N/A;N/A;N/A;N/A;N/A;N/A;N/A;N/A;N/A;N/A;N/A;N/A;N/A;N/A;N/A;N/A;N/A;N/A;N/A;N/A;N/A;N/A;N/A;N/A;N/A;N/A;N/A;N/A;N/A;N/A;N/A;N/A;N/A;N/A;N/A;N/A;N/A;N/A;N/A;N/A;N/A;N/A;N/A;N/A;N/A;N/A;N/A;N/A;N/A;N/A;N/A;N/A;N/A;N/A;N/A;N/A;N/A;N/A;N/A;N/A;N/A;N/A;N/A;N/A;N/A;N/A;N/A;N/A;N/A;N/A;N/A;N/A;N/A;N/A;N/A;N/A;N/A;N/A;N/A;N/A;N/A;N/A;N/A;N/A;N/A;N/A;N/A;N/A;N/A;N/A;N/A;N/A
