Marca;Modelo;Versión;Año;Km;"Ficha Of.";Dueños;"Precio Vta";Min;Max;"Val Mercado";Márgen;Ubicación;Link;Cel;Part/Autom;Titulo;Moneda;Financiable;Type;"Acepta MercadoPago";"Fecha de Registro";Puntos;Perfil;Status;"Gestión administrativa";"Doble tracción";"Condición del ítem";Color;"Único dueño";Dirección;"Control de tracción";"Aire acondicionado";"Cierre centralizado de puertas";"Control eléctrico para los retrovisores";"Asientos eléctricos";GPS;"Faros con regulación automática";"Apoya cabeza en asientos traseros";"Asiento conductor regulable en altura";"Tapizado de cuero";"Sensor de luz";"Paragolpes pintados";"Sensor de estacionamiento";"Cristales eléctricos";"Respaldo trasero";"Apertura remota de baúl";"Aceleración alcohol";"Aceleración diesel";"Aceleración nafta";"Autonomía con alcohol";"Autonomía con diesel";"Autonomía con nafta";"Consumo promedio alcohol";"Consumo promedio diesel";"Consumo promedio nafta";Cilindros;"Distancia entre ejes";Cilindrada;"Capacidad del tanque";"Numero de velocidades";"Color de engomado";"Tablero con detalles en aluminio";"Android auto";"Apple CarPlay";"Tracción ASR";"Cierre automático de vidrios";"Asiento trasero con apoyabrazo central";"Tablero con detalles cromados";"Manijas externas de puertas cromadas";"Posavasos en apoyabrazos central trasero";"Asiento trasero con respaldo bipartido";"Asiento delantero conductor con regulación eléctrica de la inclinación del respaldo";"Asiento delantero pasajero con regulación eléctrica de la inclinación del respaldo";"Asiento delantero pasajero con regulación eléctrica de altura";"Asiento delantero conductor con regulación eléctrica longitudinal";"Asiento delantero pasajero con regulación eléctrica longitudinal";"Asiento delantero conductor con regulación eléctrica de inclinación";"Asiento delantero pasajero con regulación eléctrica de inclinación";"Asiento delantero integral bipartido";"Asiento delantero integral";"Sensor delantero de distancia para estacionamiento";"Asientos delanteros calefaccionados";"Asiento acompañante regulable en altura";"Regulación de altura del volante";"Asientos delanteros individuales";"Sistema ISOFIX";"Asiento trasero con regulación longitudinal";"Regulación longitudinal del volante";"Tiene licencia";"Porta equipaje en techo";Pintado;"Paragolpe delantero del color del vehículo";"Paragolpe trasero del color del vehículo";"Levantavidrios eléctricos delanteros";"Levantavidrios eléctricos traseros";"Sensor trasero de distancia para estacionamiento";"Apertura remota de puertas";"Airbag laterales delanteros";"Airbag laterales traseros";"Tablero con detalles en color especial";"Paragolpe trasero pintados de color especial";"Paragolpe delantero pintados de color especial";"Volante revestido en cuero";Taximetro;"Tablero con detalles en madera";Altura;Largo;Baúl;"Velocidad máxima con alcohol";"Velocidad máxima con diesel";"Velocidad máxima con nafta";"Capacidad de personas";Potencia;Versiones;"Detalle transmisión";"Válvulas por cilindro";Ancho;"Consumo medio en ciudad";"Piloto automático";"Aviso de punto ciego";Climatizador;"Porta vasos";"Control de velocidad crucero";"Alarma de luces encendidas";"Computadora de abordo";"Asiento trasero rebatible";"Techo solar eléctrico retráctil";"Faros de xenón";"Consumo medio en ruta";"Defensa delantera";"Soporte para rueda de auxilio";"Capota marítima";"Cobertor de caja";"Limpia/lava luneta";"Horario de contacto";Puertas;Motor;"Tipo de combustible";Transmisión;"Tipo de carrocería";"Tipo de vehículo";"Entrega a domicilio";"Tapizado de tela";"Tapizado de semicuero";"Inspección vehicular";"Test drive a domicilio";"Vehículo asegurado";Mercado;"Documentación en casa";"Acepta permuta";"Sanitiza el vehículo";"Tours virtuales";"Sensor de cambio de carril activo";"Aire acondicionado con control automático de la temperatura";"Aire acondicionado con controles individuales";"Rueda de auxilio de aleación";"Apoyabrazos entre los asientos delanteros";"Amplificador de audio";"Aire acondicionado automático con controles individuales";"Aire acondicionado automático con controles individuales del/tras (3 zonas)";"Aire acondicionado automático con controles individuales del/tras (4 zonas)";"Aire acondicionado automático con controles individuales delanteros/traseros";"Sistema de estacionamiento automático";"Destrabamiento automático de puertas en caso de accidente";"Accionamiento de luces auxiliares en caso de frenado brusco";"Cámara de retroceso";"Tapa de caja";"Viva-voz con sistema bluetooth";Blu-ray;"Llantas de aleación cromadas";"Manija de puertas cromadas";"Paragolpes delantero cromado";"Paragolpes trasero cromado";"Sistema de control de frenado en curva (CBC)";"Protector de cárter";"LCD en panel de instrumentos";"Con faros diurnos LED";"Apoyabrazos conductor";"Asiento del conductor con regulación eléctrica de altura";"Con modo Eco";"Espejo retrovisor interno electro crómico";"Motor con tecnología de reducción de emisiones (Efficiency)";"Espejos externos con inclinación automática en marcha atrás";"Espejos retrovisores externos rebatibles eléctricamente";"Con garantía de fábrica";"Apoyabrazos delanteros individuales";"LCD en respaldo asiento delantero";"Protector de tanque de combustible";"Cambio de marchas en el volante";"Teléfono celular manos libres";"Faros con encendido en caso de lluvia";"Faros con accionamiento automático-encendido";"Limpiador de faros";"Lavador de faros";"Sensor de cambio de carril";"LCD entre asientos delanteros";"LCD para asientos traseros";"Con faros de neblina LED";"Con faros delanteros LED";"Con faros traseros LED";"Llantas de lujo";"Vidrios manuales";"Con garantía mecánica";"Precio negociable";Estribos;"Llantas nuevas";"Luces exploradoras";"IPVA pago";"Manija de puertas en color del vehículo";"LCD en panel";"Techo de vidrio panorámico";"Techo solar panorámico";"Sensor de estacionamiento por cámara delantera";"Sensor de estacionamiento por cámara trasera";"Sistema de estacionamiento con gráficos";"Asiento del pasajero con regulación eléctrica de altura";"Cinturones de seguridad delanteros retráctiles";"Cinturones de seguridad delanteros retráctiles con regulación eléctrica de altura";"Cinturones de seguridad delanteros retráctiles con regulación de altura";"Cinturones de seguridad traseros retráctiles";"Cinturones de seguridad traseros retráctiles con regulación eléctrica de altura";"Cinturones de seguridad traseros retráctiles con regulación de altura";"LCD en techo";"Films de seguridad";"Techo solar sky window";"Llantas de aleación en color especial";"Manija de puertas en color especial";Alerón;"Rueda de auxilio de acero";"Llantas de acero";"Revisión tecnomecánica";"Rueda de auxilio temporal";"Tercera fila";"LCD con sistema touch screen";"Sistema de GPS con indicación por voz";"Sistema de comando de voz";Blindado;"Frenos ABS";Alarma;"Llantas de aleación";"Airbag de cortina";"Airbag conductor";"Repartidor electrónico de fuerza de frenado";"Sistema de bloqueo de encendido";"Faros antiniebla";"Faros antinieblas delanteros";"Airbag para conductor y pasajero";"Sensor de lluvia";"Faros antinieblas traseros";"Desempañador trasero";"Barra anti vuelco";"Airbag laterales";"Control de estabilidad";"Comando remoto para radio en el volante";"Tercera luz de freno led";AM/FM;"Entrada auxiliar";Bluetooth;CD;DVD;"Reproductor de MP3";"Tarjeta SD";"Entrada USB"
Toyota;Etios;-;2015;"133000 km";;"VLADIMIR AUTOMOVILES";11990;;;;;Malvin;https://auto.mercadolibre.com.uy/MLU-646766565-toyota-etios-13-2015-excelente-estado-vladimir-_JM;N/A;;"Toyota Etios 1.3 2015 Excelente Estado - Vladimir";usd;Sí;gold_premium;false;N/A;N/A;http://perfil.mercadolibre.com.uy/VLADIMIR+AUTOMOVILES;active;N/A;N/A;Usado;Blanco;N/A;Hidráulica;N/A;Sí;Sí;N/A;N/A;N/A;N/A;N/A;N/A;N/A;N/A;N/A;N/A;Sí;N/A;Sí;N/A;N/A;N/A;N/A;N/A;N/A;N/A;N/A;N/A;N/A;N/A;"1300 cc";N/A;5;N/A;N/A;N/A;N/A;N/A;N/A;N/A;N/A;N/A;N/A;N/A;N/A;N/A;N/A;N/A;N/A;N/A;N/A;N/A;N/A;N/A;N/A;N/A;N/A;N/A;N/A;N/A;N/A;N/A;N/A;N/A;N/A;N/A;N/A;N/A;N/A;Sí;N/A;N/A;N/A;N/A;N/A;N/A;N/A;N/A;N/A;N/A;N/A;N/A;N/A;N/A;N/A;"103 hp";N/A;N/A;N/A;N/A;"12 km/l";N/A;N/A;N/A;Sí;N/A;N/A;N/A;N/A;N/A;N/A;"18 km/l";N/A;N/A;N/A;N/A;N/A;"Lun. a Vie. de 9 a 18:30 hs. Sáb. de 10 a 13 hs";3;1.3;Nafta;Manual;Hatchback;"Autos y camionetas";No;N/A;N/A;N/A;No;N/A;UY;No;Sí;No;No;N/A;N/A;N/A;N/A;N/A;N/A;N/A;N/A;N/A;N/A;N/A;N/A;N/A;N/A;N/A;N/A;N/A;N/A;N/A;N/A;N/A;N/A;N/A;N/A;N/A;N/A;N/A;N/A;N/A;N/A;N/A;N/A;N/A;N/A;N/A;N/A;N/A;N/A;N/A;N/A;N/A;N/A;N/A;N/A;N/A;N/A;N/A;N/A;N/A;N/A;Sí;No;N/A;N/A;N/A;N/A;N/A;N/A;N/A;N/A;N/A;N/A;N/A;N/A;N/A;N/A;N/A;N/A;N/A;N/A;N/A;N/A;N/A;N/A;N/A;N/A;N/A;N/A;N/A;N/A;N/A;N/A;N/A;N/A;N/A;Sí;Sí;N/A;N/A;Sí;N/A;N/A;N/A;N/A;Sí;N/A;N/A;N/A;N/A;N/A;N/A;N/A;N/A;Sí;N/A;N/A;N/A;N/A;N/A;N/A;N/A
Toyota;Prius;"1.5 C Hibrido At";2018;"126075 km";;SHOPPINGDEAUTOS02;17900;;;;;Carrasco;https://auto.mercadolibre.com.uy/MLU-700750228-toyota-prius-c-hibrido-2018-_JM;N/A;;"Toyota Prius C Híbrido 2018";$(uy);Sí;gold_premium;false;N/A;N/A;http://perfil.mercadolibre.com.uy/SHOPPINGDEAUTOS02;active;N/A;N/A;Usado;Blanco;No;Hidráulica;N/A;Sí;Sí;Sí;No;Sí;No;Sí;Sí;No;No;Sí;No;Sí;N/A;Sí;N/A;N/A;N/A;N/A;N/A;N/A;N/A;N/A;N/A;N/A;"2700 mm";"1.5 L";"43 L";N/A;N/A;N/A;No;No;N/A;No;No;N/A;N/A;N/A;N/A;N/A;N/A;N/A;N/A;N/A;N/A;N/A;N/A;N/A;N/A;No;No;Sí;N/A;Sí;N/A;Sí;N/A;No;N/A;N/A;N/A;N/A;N/A;N/A;Sí;N/A;N/A;N/A;N/A;N/A;No;N/A;N/A;"1490 mm";"4540 mm";N/A;N/A;N/A;N/A;5;N/A;"PRIUS C HÍBRIDO";N/A;4;"1760 mm";N/A;No;No;No;Sí;Sí;No;Sí;Sí;No;No;N/A;No;No;N/A;N/A;Sí;"Lunes a Lunes de 10 a 20 horas.";5;1.5;Nafta;Automática;Hatchback;"Autos y camionetas";No;N/A;N/A;N/A;No;N/A;UY;N/A;Sí;N/A;No;N/A;N/A;N/A;N/A;N/A;N/A;N/A;N/A;N/A;N/A;N/A;N/A;N/A;No;N/A;N/A;N/A;N/A;N/A;N/A;N/A;N/A;N/A;N/A;N/A;N/A;N/A;N/A;N/A;N/A;N/A;N/A;No;N/A;N/A;N/A;N/A;N/A;N/A;N/A;N/A;N/A;N/A;N/A;N/A;N/A;N/A;N/A;N/A;N/A;Sí;Sí;N/A;N/A;N/A;N/A;N/A;N/A;N/A;No;No;Sí;N/A;N/A;N/A;N/A;N/A;N/A;N/A;N/A;N/A;N/A;N/A;N/A;N/A;N/A;N/A;N/A;N/A;N/A;N/A;N/A;N/A;N/A;No;Sí;Sí;Sí;Sí;No;Sí;No;N/A;Sí;Sí;No;Sí;No;N/A;Sí;Sí;Sí;Sí;Sí;Sí;Sí;No;No;No;No;Sí
Toyota;Etios;"1.5 Sedan X";2018;"138756 km";;SHOPPINGDEAUTOS;13900;;;;;Centro;https://auto.mercadolibre.com.uy/MLU-646588917-toyota-etios-15-_JM;N/A;;"Toyota Etios 1.5";$(uy);Sí;gold_premium;false;N/A;N/A;http://perfil.mercadolibre.com.uy/SHOPPINGDEAUTOS;active;N/A;N/A;Usado;Marrón;No;Hidráulica;Delantera;Sí;No;Sí;No;No;No;No;No;No;No;Sí;Sí;No;N/A;No;N/A;N/A;N/A;N/A;N/A;N/A;N/A;N/A;N/A;N/A;"2460 mm";"1.5 L";"45 L";5;N/A;N/A;No;No;N/A;No;Sí;N/A;N/A;N/A;N/A;N/A;N/A;N/A;N/A;N/A;N/A;N/A;N/A;N/A;N/A;No;No;Sí;N/A;Sí;N/A;No;N/A;No;N/A;N/A;N/A;N/A;N/A;N/A;Sí;N/A;N/A;N/A;N/A;N/A;No;N/A;N/A;"1510 mm";"4265 mm";N/A;N/A;N/A;N/A;5;N/A;N/A;N/A;4;"1695 mm";"13.8 km/l";No;Sí;No;Sí;No;Sí;No;No;No;No;"12.4 km/l";No;No;N/A;N/A;Sí;"Lunes a Lunes de 10 a 20 horas.";5;1.5;Nafta;Manual;Hatchback;"Autos y camionetas";No;N/A;N/A;N/A;No;N/A;UY;N/A;Sí;N/A;No;N/A;N/A;N/A;N/A;N/A;N/A;N/A;N/A;N/A;N/A;N/A;N/A;N/A;No;N/A;N/A;N/A;N/A;N/A;N/A;N/A;N/A;N/A;N/A;N/A;N/A;N/A;N/A;N/A;N/A;N/A;N/A;No;N/A;N/A;N/A;N/A;N/A;N/A;N/A;N/A;N/A;N/A;N/A;N/A;N/A;N/A;N/A;N/A;N/A;Sí;No;N/A;N/A;N/A;N/A;N/A;N/A;N/A;No;Sí;No;N/A;N/A;N/A;N/A;N/A;N/A;N/A;N/A;N/A;N/A;N/A;N/A;N/A;N/A;N/A;N/A;N/A;N/A;N/A;N/A;N/A;N/A;No;Sí;Sí;Sí;No;No;Sí;No;N/A;Sí;Sí;No;Sí;No;N/A;No;Sí;No;No;Sí;Sí;Sí;No;No;No;No;Sí
Toyota;Hilux;GR;2019;"95000 km";;TRINIDADMOTORS;61900;;;;;Trinidad;https://auto.mercadolibre.com.uy/MLU-646432517-toyota-hilux-gr-s-4x4-at-_JM;N/A;;"Toyota Hilux Gr-s 4x4 At";usd;Sí;gold_premium;false;N/A;N/A;http://perfil.mercadolibre.com.uy/TRINIDADMOTORS;active;N/A;N/A;Usado;Blanco;N/A;Hidráulica;4x4;Sí;N/A;Sí;N/A;N/A;N/A;N/A;N/A;N/A;N/A;N/A;N/A;N/A;N/A;N/A;N/A;N/A;N/A;N/A;N/A;N/A;N/A;N/A;N/A;N/A;"2860 mm";"2.7 L";"80 L";5;N/A;N/A;N/A;N/A;N/A;N/A;N/A;N/A;N/A;N/A;N/A;N/A;N/A;N/A;N/A;N/A;N/A;N/A;N/A;N/A;N/A;N/A;N/A;N/A;N/A;N/A;N/A;N/A;N/A;N/A;N/A;N/A;N/A;N/A;N/A;N/A;N/A;N/A;N/A;N/A;N/A;N/A;N/A;N/A;N/A;"1850 mm";"5260 mm";N/A;N/A;N/A;N/A;5;"177 hp";Dx;N/A;2;"1855 mm";N/A;Sí;N/A;N/A;N/A;N/A;N/A;N/A;N/A;N/A;N/A;N/A;N/A;N/A;N/A;N/A;N/A;"TODOS LOS DIAS";4;2.8;Diésel;Automática;Pick-Up;"Autos y camionetas";N/A;N/A;N/A;N/A;N/A;N/A;UY;N/A;N/A;N/A;N/A;N/A;N/A;N/A;N/A;N/A;N/A;N/A;N/A;N/A;N/A;N/A;N/A;N/A;N/A;N/A;N/A;N/A;N/A;N/A;N/A;N/A;N/A;N/A;N/A;N/A;N/A;N/A;N/A;N/A;N/A;N/A;N/A;N/A;N/A;N/A;N/A;N/A;N/A;N/A;N/A;N/A;N/A;N/A;N/A;N/A;N/A;N/A;N/A;N/A;N/A;N/A;N/A;N/A;N/A;N/A;N/A;N/A;N/A;N/A;N/A;N/A;N/A;N/A;N/A;N/A;N/A;N/A;N/A;N/A;N/A;N/A;N/A;N/A;N/A;N/A;N/A;N/A;N/A;N/A;N/A;N/A;N/A;N/A;N/A;N/A;N/A;N/A;N/A;N/A;N/A;N/A;N/A;N/A;N/A;N/A;N/A;N/A;N/A;N/A;N/A;N/A;Sí;N/A;Sí;N/A;N/A;N/A;Sí;Sí;N/A;N/A
Toyota;Hilux;"2.7 D.cab. Srv 4x4";2019;"110195 km";;SHOPPINGDEAUTOS03;32900;;;;;Carrasco;https://auto.mercadolibre.com.uy/MLU-646484109-toyota-hilux-doble-cabina-srv-4x4-_JM;N/A;;"Toyota Hilux Doble Cabina Srv 4x4";$(uy);Sí;gold_premium;false;N/A;N/A;http://perfil.mercadolibre.com.uy/SHOPPINGDEAUTOS03;active;N/A;N/A;Usado;Gris;No;Hidráulica;4x4;Sí;Sí;Sí;No;No;No;Sí;No;No;No;Sí;Sí;Sí;N/A;No;N/A;N/A;N/A;N/A;N/A;N/A;N/A;N/A;N/A;N/A;"2860 mm";"2.7 L";"80 L";5;N/A;N/A;No;No;N/A;No;No;N/A;N/A;N/A;N/A;N/A;N/A;N/A;N/A;N/A;N/A;N/A;N/A;N/A;N/A;No;No;No;N/A;Sí;N/A;No;N/A;No;N/A;N/A;N/A;N/A;N/A;N/A;No;N/A;N/A;N/A;N/A;N/A;No;N/A;N/A;"1850 mm";"5260 mm";N/A;N/A;N/A;N/A;5;N/A;N/A;N/A;2;"1855 mm";N/A;No;Sí;No;Sí;No;Sí;Sí;No;No;No;N/A;No;No;N/A;N/A;No;"Lunes a Lunes de 10 a 20 horas.";4;2.7;Nafta;Manual;N/A;"Autos y camionetas";No;N/A;N/A;N/A;No;N/A;UY;N/A;No;N/A;No;N/A;N/A;N/A;N/A;N/A;N/A;N/A;N/A;N/A;N/A;N/A;N/A;N/A;No;N/A;N/A;N/A;N/A;N/A;N/A;N/A;N/A;N/A;N/A;N/A;N/A;N/A;N/A;N/A;N/A;N/A;N/A;No;N/A;N/A;N/A;N/A;N/A;N/A;N/A;N/A;N/A;N/A;N/A;N/A;N/A;N/A;N/A;N/A;N/A;Sí;No;N/A;N/A;N/A;N/A;N/A;N/A;N/A;No;No;No;N/A;N/A;N/A;N/A;N/A;N/A;N/A;N/A;N/A;N/A;N/A;N/A;N/A;N/A;N/A;N/A;N/A;N/A;N/A;N/A;N/A;N/A;No;Sí;Sí;Sí;No;No;Sí;Sí;N/A;Sí;Sí;No;Sí;No;N/A;No;Sí;Sí;No;Sí;Sí;Sí;No;No;No;No;No
Toyota;Corolla;Xei;2017;"187000 km";;FACIL.CAR;19990;;;;;Centro;https://auto.mercadolibre.com.uy/MLU-700001766-toyota-corolla-xei-18-2017-excelente-_JM;N/A;;"Toyota Corolla Xei 1.8 2017 Excelente!!";usd;Sí;gold_premium;false;N/A;N/A;http://perfil.mercadolibre.com.uy/FACIL.CAR;active;N/A;N/A;Usado;Negro;Sí;Hidráulica;N/A;Sí;Sí;Sí;N/A;Sí;N/A;Sí;Sí;Sí;N/A;Sí;Sí;Sí;N/A;Sí;N/A;N/A;N/A;N/A;N/A;N/A;N/A;N/A;N/A;N/A;N/A;"1800 cc";N/A;6;N/A;N/A;N/A;N/A;N/A;N/A;N/A;N/A;N/A;N/A;N/A;N/A;N/A;N/A;N/A;N/A;N/A;N/A;N/A;N/A;N/A;N/A;N/A;N/A;N/A;Sí;N/A;N/A;N/A;N/A;N/A;N/A;N/A;N/A;N/A;N/A;Sí;N/A;N/A;N/A;N/A;N/A;Sí;N/A;N/A;N/A;N/A;N/A;N/A;N/A;N/A;N/A;"140 hp";Xei;N/A;N/A;N/A;"13 km/l";N/A;N/A;Sí;Sí;Sí;N/A;Sí;Sí;N/A;N/A;"15 km/l";N/A;N/A;N/A;N/A;N/A;"Lunes a Viernes de 9:00 a 18:30 horas";4;1.8;Nafta;Manual;Sedán;"Autos y camionetas";No;N/A;N/A;N/A;No;N/A;UY;No;Sí;No;No;N/A;N/A;N/A;N/A;N/A;N/A;N/A;N/A;N/A;N/A;N/A;N/A;N/A;N/A;N/A;N/A;N/A;N/A;N/A;N/A;N/A;N/A;N/A;N/A;N/A;N/A;N/A;N/A;N/A;N/A;N/A;N/A;N/A;N/A;N/A;N/A;N/A;N/A;N/A;N/A;N/A;N/A;N/A;N/A;N/A;N/A;N/A;N/A;N/A;N/A;N/A;No;N/A;N/A;N/A;N/A;N/A;N/A;N/A;N/A;N/A;N/A;N/A;N/A;N/A;N/A;N/A;N/A;N/A;N/A;N/A;N/A;N/A;N/A;N/A;N/A;N/A;N/A;N/A;N/A;N/A;N/A;N/A;N/A;N/A;Sí;N/A;Sí;N/A;Sí;N/A;Sí;N/A;Sí;Sí;N/A;Sí;N/A;N/A;Sí;N/A;Sí;N/A;Sí;Sí;Sí;N/A;N/A;Sí;N/A;Sí
Toyota;Hilux;"SRV 4x2";2018;"211865 km";;SILCA_SA;41000;;;;;"Tres Cruces";https://auto.mercadolibre.com.uy/MLU-646391935-toyota-hilux-srv-4x2-2018-_JM;N/A;;"Toyota Hilux Srv 4x2 2018 ";usd;Sí;gold_premium;false;N/A;N/A;http://perfil.mercadolibre.com.uy/SILCA_SA;active;N/A;N/A;Usado;Rojo;Sí;Hidráulica;N/A;Sí;Sí;Sí;N/A;N/A;N/A;Sí;Sí;N/A;N/A;Sí;N/A;Sí;N/A;N/A;N/A;N/A;N/A;N/A;N/A;N/A;N/A;N/A;N/A;N/A;N/A;"2800 cc";N/A;6;N/A;N/A;Sí;Sí;Sí;N/A;N/A;N/A;N/A;N/A;N/A;N/A;N/A;N/A;N/A;N/A;N/A;N/A;N/A;N/A;N/A;N/A;N/A;N/A;N/A;Sí;N/A;N/A;N/A;N/A;N/A;N/A;N/A;N/A;N/A;N/A;Sí;N/A;N/A;N/A;N/A;N/A;N/A;N/A;N/A;N/A;N/A;N/A;N/A;N/A;N/A;N/A;N/A;Srv;N/A;N/A;N/A;N/A;N/A;N/A;N/A;Sí;N/A;N/A;N/A;N/A;N/A;N/A;N/A;N/A;N/A;Sí;Sí;N/A;"Lun. a Vie. de 9 a 18 hs. Sáb. de 10 a 13 hs";4;2.8;Diésel;Manual;Pick-Up;"Autos y camionetas";No;N/A;N/A;N/A;No;N/A;UY;No;Sí;No;No;N/A;N/A;N/A;N/A;N/A;N/A;N/A;N/A;N/A;N/A;N/A;N/A;N/A;N/A;N/A;N/A;N/A;N/A;N/A;N/A;N/A;N/A;N/A;N/A;N/A;N/A;N/A;N/A;N/A;N/A;N/A;N/A;N/A;N/A;N/A;N/A;N/A;N/A;N/A;N/A;N/A;N/A;N/A;N/A;N/A;N/A;N/A;N/A;N/A;N/A;N/A;No;N/A;N/A;N/A;N/A;N/A;N/A;N/A;N/A;N/A;N/A;N/A;N/A;N/A;N/A;N/A;N/A;N/A;N/A;N/A;N/A;N/A;N/A;N/A;N/A;N/A;N/A;N/A;N/A;N/A;N/A;N/A;N/A;N/A;Sí;N/A;Sí;Sí;Sí;N/A;Sí;N/A;N/A;Sí;N/A;N/A;N/A;Sí;Sí;Sí;N/A;N/A;Sí;N/A;N/A;N/A;N/A;N/A;N/A;N/A
Toyota;Hilux;"SR 4x2";2015;"195376 km";;CARSHOPAUTOMOVILES;29900;;;;;"Barros Blancos";https://auto.mercadolibre.com.uy/MLU-698652604-toyota-hilux-car-shop-_JM;N/A;;"Toyota Hilux - Car Shop";USD;Sí;gold_premium;false;N/A;N/A;http://perfil.mercadolibre.com.uy/CARSHOPAUTOMOVILES;active;N/A;N/A;Usado;Blanco;N/A;Hidráulica;4x2;Sí;N/A;N/A;N/A;N/A;N/A;N/A;N/A;N/A;N/A;N/A;N/A;Sí;N/A;N/A;N/A;N/A;N/A;N/A;N/A;N/A;N/A;N/A;N/A;N/A;N/A;N/A;N/A;N/A;N/A;N/A;N/A;N/A;N/A;N/A;N/A;N/A;N/A;N/A;N/A;N/A;N/A;N/A;N/A;N/A;N/A;N/A;N/A;N/A;N/A;N/A;N/A;N/A;N/A;N/A;N/A;N/A;N/A;N/A;N/A;N/A;N/A;N/A;N/A;N/A;N/A;N/A;N/A;N/A;N/A;N/A;N/A;N/A;N/A;N/A;N/A;N/A;N/A;N/A;N/A;N/A;N/A;N/A;N/A;N/A;N/A;N/A;N/A;N/A;N/A;N/A;N/A;N/A;N/A;N/A;N/A;N/A;N/A;N/A;N/A;N/A;N/A;N/A;"Lunes a Viernes de 9:30 a 18:00";4;2.5;Diésel;Manual;Pick-Up;"Autos y camionetas";N/A;N/A;N/A;N/A;N/A;N/A;N/A;N/A;N/A;N/A;N/A;N/A;N/A;N/A;N/A;N/A;N/A;N/A;N/A;N/A;N/A;N/A;N/A;N/A;N/A;N/A;N/A;N/A;N/A;N/A;N/A;N/A;N/A;N/A;N/A;N/A;N/A;N/A;N/A;N/A;N/A;N/A;N/A;N/A;N/A;N/A;N/A;N/A;N/A;N/A;N/A;N/A;N/A;N/A;N/A;N/A;N/A;N/A;N/A;N/A;N/A;N/A;N/A;N/A;N/A;N/A;N/A;N/A;N/A;N/A;N/A;N/A;N/A;N/A;N/A;N/A;N/A;N/A;N/A;N/A;N/A;N/A;N/A;N/A;N/A;N/A;N/A;N/A;N/A;N/A;N/A;N/A;N/A;N/A;N/A;N/A;N/A;N/A;N/A;N/A;N/A;N/A;N/A;N/A;N/A;N/A;N/A;N/A;N/A;N/A;N/A;N/A;N/A;N/A;N/A;N/A;N/A;N/A;N/A;N/A;N/A;N/A
Toyota;Raize;"GLX 1.0 turbo";2023;"0 km";;"VIPERCAR AUTOMOVILES_2";32990;;;;;"Brazo Oriental";https://auto.mercadolibre.com.uy/MLU-698286354-toyota-raize-glx-10-turbo-10-2023-0km-_JM;N/A;;"Toyota Raize Glx 1.0 Turbo 1.0 2023 0km";usd;Sí;gold_premium;false;N/A;N/A;http://perfil.mercadolibre.com.uy/VIPERCAR+AUTOMOVILES_2;active;N/A;N/A;Nuevo;Blanco;N/A;Eléctrica;N/A;N/A;Sí;Sí;N/A;N/A;N/A;Sí;Sí;N/A;Sí;Sí;Sí;Sí;N/A;N/A;N/A;N/A;N/A;N/A;N/A;N/A;N/A;N/A;N/A;N/A;N/A;"1000 cc";N/A;5;N/A;N/A;Sí;Sí;N/A;N/A;N/A;N/A;N/A;N/A;N/A;N/A;N/A;N/A;N/A;N/A;N/A;N/A;N/A;N/A;N/A;N/A;N/A;Sí;N/A;Sí;N/A;N/A;N/A;N/A;N/A;N/A;N/A;N/A;N/A;N/A;N/A;N/A;N/A;N/A;N/A;N/A;N/A;N/A;N/A;N/A;N/A;N/A;N/A;N/A;N/A;N/A;"97 hp";N/A;N/A;N/A;N/A;N/A;N/A;N/A;Sí;Sí;N/A;Sí;Sí;Sí;N/A;N/A;N/A;N/A;N/A;N/A;N/A;Sí;"Lun a Vie de 9 a 12:30 y de 13:30 a 19. Sáb de 9 a 13 hs.";5;1.0;Nafta;Automática;SUV;"Autos y camionetas";No;N/A;N/A;N/A;No;N/A;UY;No;Sí;No;No;N/A;N/A;N/A;N/A;N/A;N/A;N/A;N/A;N/A;N/A;N/A;N/A;N/A;Sí;N/A;N/A;N/A;N/A;N/A;N/A;N/A;N/A;N/A;N/A;N/A;N/A;N/A;N/A;N/A;N/A;N/A;N/A;Sí;N/A;N/A;N/A;N/A;N/A;N/A;N/A;N/A;N/A;N/A;N/A;N/A;N/A;Sí;Sí;N/A;N/A;Sí;No;N/A;N/A;N/A;N/A;N/A;N/A;N/A;N/A;N/A;N/A;N/A;N/A;N/A;N/A;N/A;N/A;N/A;N/A;N/A;N/A;N/A;N/A;N/A;N/A;N/A;N/A;N/A;N/A;N/A;Sí;N/A;N/A;N/A;Sí;N/A;Sí;Sí;Sí;Sí;Sí;N/A;N/A;Sí;N/A;N/A;N/A;N/A;Sí;Sí;Sí;N/A;Sí;N/A;Sí;N/A;N/A;N/A;N/A;Sí
Toyota;Corolla;"XEI Hibrido";2024;"0 km";;"VIPERCAR AUTOMOVILES_2";35990;;;;;"Brazo Oriental";https://auto.mercadolibre.com.uy/MLU-645862873-toyota-corolla-xei-hibrido-18-2024-0km-_JM;N/A;;"Toyota Corolla Xei Hibrido 1.8 2024 0km";USD;Sí;gold_premium;false;N/A;N/A;http://perfil.mercadolibre.com.uy/VIPERCAR+AUTOMOVILES_2;active;N/A;N/A;Nuevo;Blanco;N/A;Eléctrica;N/A;N/A;Sí;Sí;N/A;Sí;N/A;Sí;Sí;N/A;Sí;Sí;N/A;Sí;N/A;Sí;N/A;N/A;N/A;N/A;N/A;N/A;N/A;N/A;N/A;N/A;N/A;"1800 cc";N/A;N/A;N/A;N/A;Sí;Sí;Sí;N/A;Sí;N/A;N/A;N/A;N/A;N/A;N/A;N/A;N/A;N/A;N/A;N/A;N/A;N/A;N/A;N/A;N/A;Sí;N/A;Sí;N/A;Sí;N/A;N/A;N/A;N/A;N/A;N/A;N/A;N/A;N/A;N/A;N/A;N/A;N/A;N/A;N/A;N/A;N/A;N/A;N/A;N/A;N/A;N/A;N/A;N/A;"122 hp";Xei;N/A;N/A;N/A;"19 km/l";N/A;N/A;Sí;Sí;Sí;Sí;Sí;Sí;N/A;N/A;"22 km/l";N/A;N/A;N/A;N/A;Sí;"Lun a Vie de 9 a 12:30 y de 13:30 a 19. Sáb de 9 a 13 hs.";4;1.8;Híbrido;Automática;Sedán;"Autos y camionetas";No;N/A;N/A;N/A;No;N/A;N/A;No;Sí;No;No;N/A;N/A;N/A;N/A;N/A;N/A;N/A;N/A;N/A;N/A;N/A;N/A;N/A;Sí;N/A;N/A;N/A;N/A;N/A;N/A;N/A;N/A;N/A;N/A;Sí;N/A;N/A;N/A;N/A;N/A;N/A;N/A;Sí;N/A;N/A;N/A;N/A;N/A;N/A;N/A;N/A;N/A;N/A;N/A;N/A;N/A;Sí;Sí;N/A;N/A;Sí;No;N/A;N/A;N/A;N/A;N/A;N/A;N/A;N/A;N/A;N/A;N/A;N/A;N/A;N/A;N/A;N/A;N/A;N/A;N/A;N/A;N/A;N/A;N/A;N/A;N/A;N/A;N/A;N/A;N/A;Sí;N/A;N/A;N/A;Sí;Sí;Sí;Sí;Sí;Sí;Sí;N/A;Sí;Sí;N/A;N/A;N/A;N/A;Sí;Sí;Sí;N/A;Sí;N/A;Sí;N/A;N/A;N/A;N/A;Sí
Toyota;"Corolla Cross";Se-G;2025;"0 km";;LAUTOMOTORA;44990;;;;;"San Jacinto";https://auto.mercadolibre.com.uy/MLU-694955992-toyota-corolla-cross-se-g-20-2025-0km-lautomotora-_JM;N/A;;"Toyota Corolla Cross Se-g 2.0 2025 0km - Lautomotora";USD;Sí;gold_premium;false;N/A;N/A;http://perfil.mercadolibre.com.uy/LAUTOMOTORA;active;N/A;N/A;Nuevo;Plateado;N/A;Hidráulica;N/A;Sí;Sí;Sí;Sí;Sí;N/A;Sí;Sí;Sí;Sí;Sí;Sí;Sí;N/A;N/A;N/A;N/A;N/A;N/A;N/A;N/A;N/A;N/A;N/A;N/A;N/A;"2000 cc";N/A;10;N/A;N/A;Sí;Sí;Sí;Sí;Sí;N/A;N/A;N/A;N/A;N/A;N/A;N/A;N/A;N/A;N/A;N/A;N/A;N/A;N/A;N/A;N/A;Sí;N/A;Sí;N/A;Sí;N/A;Sí;N/A;N/A;N/A;N/A;N/A;N/A;N/A;N/A;N/A;N/A;N/A;N/A;Sí;N/A;N/A;N/A;N/A;N/A;N/A;N/A;N/A;N/A;"171 hp";Seg;N/A;N/A;N/A;"16 km/l";N/A;N/A;Sí;Sí;Sí;Sí;Sí;Sí;Sí;N/A;"19 km/l";N/A;N/A;N/A;N/A;Sí;"Lunes a viernes de 9 a 13 y de 14 a 19 hs";5;2.0;Híbrido;"Automática secuencial";SUV;"Autos y camionetas";No;N/A;N/A;N/A;No;N/A;N/A;No;Sí;No;No;N/A;N/A;N/A;N/A;N/A;N/A;N/A;N/A;N/A;N/A;N/A;N/A;N/A;Sí;N/A;N/A;N/A;N/A;N/A;N/A;N/A;N/A;N/A;N/A;Sí;N/A;N/A;N/A;N/A;N/A;N/A;N/A;Sí;N/A;N/A;N/A;N/A;N/A;N/A;N/A;N/A;N/A;Sí;N/A;N/A;N/A;Sí;Sí;N/A;N/A;Sí;No;N/A;N/A;N/A;N/A;N/A;N/A;N/A;N/A;N/A;N/A;N/A;N/A;N/A;N/A;N/A;N/A;N/A;N/A;N/A;N/A;N/A;N/A;N/A;N/A;N/A;N/A;N/A;N/A;N/A;Sí;N/A;N/A;N/A;Sí;Sí;Sí;Sí;Sí;Sí;Sí;N/A;Sí;Sí;Sí;Sí;N/A;N/A;Sí;Sí;Sí;N/A;Sí;Sí;Sí;N/A;N/A;Sí;N/A;Sí
Toyota;"Corolla Cross";SEG;2024;"0 km";;"AYAX SA";44990;;;;;Aguada;https://auto.mercadolibre.com.uy/MLU-694333892-toyota-corolla-cross-seg-2024-rojo-0km-_JM;N/A;;"Toyota Corolla Cross Seg 2024 Rojo 0km";usd;Sí;gold_premium;false;N/A;N/A;http://perfil.mercadolibre.com.uy/AYAX+SA;active;N/A;N/A;Nuevo;Rojo;N/A;Eléctrica;N/A;N/A;Sí;Sí;Sí;Sí;N/A;Sí;Sí;Sí;Sí;Sí;Sí;Sí;N/A;Sí;N/A;N/A;N/A;N/A;N/A;N/A;N/A;N/A;N/A;N/A;N/A;"1800 cc";N/A;7;N/A;N/A;Sí;Sí;Sí;N/A;Sí;N/A;N/A;N/A;N/A;N/A;N/A;N/A;N/A;N/A;N/A;N/A;N/A;N/A;N/A;N/A;N/A;Sí;N/A;Sí;N/A;Sí;N/A;N/A;N/A;N/A;N/A;N/A;N/A;N/A;Sí;N/A;N/A;N/A;N/A;N/A;Sí;N/A;N/A;N/A;N/A;N/A;N/A;N/A;N/A;N/A;"122 hp";Seg;N/A;N/A;N/A;N/A;N/A;N/A;Sí;Sí;Sí;Sí;Sí;Sí;Sí;N/A;N/A;Sí;Sí;N/A;N/A;Sí;"Lun. a Jue. de 9 a 18 hs. Vie. de 9 a 17 hs";5;1.8;Híbrido;Automática;SUV;"Autos y camionetas";No;N/A;N/A;N/A;No;N/A;UY;No;Sí;No;No;N/A;N/A;N/A;N/A;N/A;N/A;N/A;N/A;N/A;N/A;Sí;N/A;N/A;Sí;N/A;N/A;N/A;N/A;N/A;N/A;N/A;N/A;N/A;N/A;Sí;N/A;N/A;N/A;N/A;N/A;N/A;N/A;Sí;N/A;N/A;N/A;N/A;N/A;N/A;N/A;N/A;N/A;Sí;N/A;N/A;N/A;Sí;Sí;N/A;N/A;Sí;No;N/A;N/A;N/A;N/A;N/A;N/A;N/A;N/A;N/A;N/A;N/A;N/A;N/A;N/A;N/A;N/A;N/A;N/A;N/A;N/A;N/A;N/A;N/A;N/A;N/A;N/A;N/A;N/A;N/A;N/A;N/A;N/A;N/A;Sí;Sí;Sí;Sí;Sí;Sí;Sí;N/A;Sí;Sí;Sí;Sí;N/A;N/A;Sí;Sí;Sí;N/A;Sí;Sí;Sí;N/A;N/A;Sí;Sí;Sí
Toyota;"Corolla Cross";"XEI Hybrid Extra Full Con Ficha Oficial";2024;"14965 km";;MOTORLIDER.UY;38490;;;;;Carrasco;https://auto.mercadolibre.com.uy/MLU-644953543-toyota-corolla-cross-xei-hybrid-full-permuta-financia-_JM;N/A;;"Toyota Corolla Cross Xei Hybrid Full| Permuta / Financia";usd;Sí;gold_premium;false;N/A;N/A;http://perfil.mercadolibre.com.uy/MOTORLIDER.UY;active;N/A;N/A;Usado;"Gris oscuro";Sí;Eléctrica;Delantera;Sí;N/A;Sí;N/A;N/A;N/A;Sí;N/A;N/A;N/A;N/A;N/A;Sí;N/A;N/A;N/A;N/A;N/A;N/A;N/A;N/A;N/A;N/A;N/A;N/A;N/A;"1790 cc";N/A;6;N/A;N/A;Sí;Sí;Sí;N/A;N/A;N/A;N/A;N/A;N/A;N/A;N/A;N/A;N/A;N/A;N/A;N/A;N/A;N/A;N/A;N/A;N/A;Sí;N/A;N/A;N/A;Sí;N/A;N/A;N/A;N/A;N/A;N/A;N/A;N/A;N/A;N/A;N/A;N/A;N/A;N/A;Sí;N/A;N/A;N/A;N/A;N/A;N/A;N/A;N/A;N/A;"122 hp";Xei;N/A;N/A;N/A;"21 km/l";N/A;N/A;Sí;N/A;Sí;N/A;N/A;N/A;N/A;N/A;"19 km/l";N/A;N/A;N/A;N/A;Sí;"Lun. a Vie. de 9 a 18:30 hs. Sáb. de 9 a 13 hs.";5;1.8;Nafta;Automática;SUV;"Autos y camionetas";No;N/A;N/A;N/A;No;N/A;UY;No;Sí;No;No;N/A;N/A;N/A;N/A;N/A;N/A;N/A;N/A;N/A;N/A;N/A;N/A;N/A;Sí;N/A;N/A;N/A;N/A;N/A;N/A;N/A;N/A;N/A;N/A;Sí;N/A;N/A;N/A;N/A;N/A;N/A;N/A;N/A;N/A;N/A;N/A;N/A;N/A;N/A;N/A;N/A;N/A;Sí;N/A;N/A;N/A;N/A;N/A;N/A;N/A;N/A;No;N/A;N/A;N/A;N/A;N/A;N/A;N/A;N/A;N/A;N/A;N/A;N/A;N/A;N/A;N/A;N/A;N/A;N/A;N/A;N/A;N/A;N/A;N/A;N/A;N/A;N/A;N/A;N/A;N/A;Sí;N/A;N/A;N/A;Sí;Sí;Sí;Sí;Sí;Sí;N/A;N/A;Sí;Sí;N/A;Sí;N/A;N/A;Sí;N/A;N/A;N/A;Sí;N/A;Sí;N/A;N/A;N/A;N/A;Sí
Toyota;Hilux;GR4;2024;"0 km";;"AYAX SA";85990;;;;;Aguada;https://auto.mercadolibre.com.uy/MLU-693685256-toyota-hilux-gr4-2024-rojo-0km-_JM;N/A;;"Toyota Hilux Gr4 2024 Rojo 0km";usd;Sí;gold_premium;false;N/A;N/A;http://perfil.mercadolibre.com.uy/AYAX+SA;active;N/A;N/A;Nuevo;Rojo;N/A;Hidráulica;N/A;N/A;Sí;Sí;N/A;Sí;N/A;Sí;Sí;Sí;N/A;Sí;Sí;Sí;N/A;Sí;N/A;N/A;N/A;N/A;N/A;N/A;N/A;N/A;N/A;N/A;N/A;"2800 cc";N/A;6;N/A;N/A;Sí;Sí;Sí;N/A;Sí;N/A;N/A;N/A;N/A;N/A;N/A;N/A;N/A;N/A;N/A;N/A;N/A;N/A;N/A;N/A;N/A;Sí;N/A;Sí;N/A;Sí;N/A;N/A;N/A;N/A;N/A;N/A;N/A;N/A;Sí;N/A;N/A;N/A;N/A;N/A;Sí;N/A;N/A;N/A;N/A;N/A;N/A;N/A;N/A;N/A;"204 hp";N/A;N/A;N/A;N/A;N/A;N/A;N/A;Sí;Sí;Sí;Sí;Sí;N/A;N/A;N/A;N/A;N/A;Sí;N/A;Sí;N/A;"Lun. a Jue. de 9 a 18 hs. Vie. de 9 a 17 hs";4;2.8;Diésel;Automática;Pick-Up;"Autos y camionetas";No;N/A;N/A;N/A;No;N/A;UY;No;Sí;No;No;N/A;N/A;N/A;N/A;N/A;N/A;N/A;N/A;N/A;N/A;N/A;N/A;N/A;N/A;N/A;N/A;N/A;N/A;N/A;N/A;N/A;N/A;N/A;N/A;Sí;N/A;N/A;N/A;N/A;N/A;N/A;N/A;Sí;N/A;N/A;N/A;N/A;N/A;N/A;N/A;N/A;N/A;Sí;N/A;N/A;N/A;Sí;Sí;N/A;N/A;Sí;No;Sí;N/A;N/A;N/A;N/A;N/A;N/A;N/A;N/A;N/A;N/A;N/A;N/A;N/A;N/A;N/A;N/A;N/A;N/A;N/A;N/A;N/A;N/A;N/A;N/A;N/A;N/A;N/A;N/A;N/A;N/A;N/A;N/A;Sí;Sí;Sí;Sí;Sí;Sí;Sí;N/A;Sí;Sí;N/A;Sí;N/A;N/A;Sí;Sí;Sí;N/A;Sí;Sí;Sí;N/A;N/A;Sí;N/A;Sí
Toyota;Raize;"1.0 Turbo  Glx Mt";2023;"11000 km";;HAM95;26490;;;;;"Punta Carretas";https://auto.mercadolibre.com.uy/MLU-700689262-toyota-raize-10-turbo-glx-mt-_JM;N/A;;"Toyota Raize 1.0 Turbo  Glx Mt";usd;Sí;gold_premium;false;N/A;N/A;http://perfil.mercadolibre.com.uy/HAM95;active;N/A;N/A;Usado;Gris;Sí;Hidráulica;Delantera;N/A;Sí;N/A;N/A;N/A;N/A;N/A;N/A;N/A;N/A;N/A;N/A;N/A;N/A;N/A;N/A;N/A;N/A;N/A;N/A;N/A;N/A;N/A;N/A;N/A;N/A;"1 L";N/A;5;N/A;N/A;N/A;N/A;N/A;N/A;N/A;N/A;N/A;N/A;N/A;N/A;N/A;N/A;N/A;N/A;N/A;N/A;N/A;N/A;N/A;N/A;N/A;N/A;N/A;N/A;N/A;N/A;N/A;N/A;N/A;N/A;N/A;N/A;N/A;N/A;N/A;N/A;N/A;N/A;N/A;N/A;N/A;N/A;N/A;"1630 mm";"4030 mm";N/A;N/A;N/A;N/A;5;"98 hp";Glx;N/A;4;"1710 mm";N/A;N/A;N/A;N/A;N/A;N/A;N/A;N/A;N/A;N/A;N/A;N/A;N/A;N/A;N/A;N/A;N/A;N/A;5;1.0;Nafta;Manual;SUV;"Autos y camionetas";N/A;N/A;N/A;N/A;N/A;N/A;UY;N/A;N/A;N/A;N/A;N/A;N/A;N/A;N/A;N/A;N/A;N/A;N/A;N/A;N/A;N/A;N/A;N/A;N/A;N/A;N/A;N/A;N/A;N/A;N/A;N/A;N/A;N/A;N/A;N/A;N/A;N/A;N/A;N/A;N/A;N/A;N/A;N/A;N/A;N/A;N/A;N/A;N/A;N/A;N/A;N/A;N/A;N/A;N/A;N/A;N/A;N/A;N/A;N/A;N/A;N/A;N/A;N/A;N/A;N/A;N/A;N/A;N/A;N/A;N/A;N/A;N/A;N/A;N/A;N/A;N/A;N/A;N/A;N/A;N/A;N/A;N/A;N/A;N/A;N/A;N/A;N/A;N/A;N/A;N/A;N/A;N/A;N/A;N/A;N/A;Sí;Sí;N/A;N/A;N/A;N/A;N/A;N/A;N/A;Sí;N/A;N/A;N/A;N/A;N/A;N/A;N/A;N/A;N/A;N/A;N/A;N/A;N/A;N/A;N/A;N/A
Toyota;Corolla;"SEG 2.0";2024;"0 km";;"AYAX SA";44990;;;;;Aguada;https://auto.mercadolibre.com.uy/MLU-644357677-toyota-corolla-seg-20-2024-blanco-0km-_JM;N/A;;"Toyota Corolla Seg 2.0 2024 Blanco 0km";USD;Sí;gold_premium;false;N/A;N/A;http://perfil.mercadolibre.com.uy/AYAX+SA;active;N/A;N/A;Nuevo;Blanco;N/A;Eléctrica;N/A;N/A;Sí;Sí;Sí;Sí;N/A;Sí;Sí;Sí;Sí;Sí;Sí;Sí;N/A;Sí;N/A;N/A;N/A;N/A;N/A;N/A;N/A;N/A;N/A;N/A;N/A;"2000 cc";N/A;N/A;N/A;N/A;Sí;Sí;Sí;N/A;Sí;N/A;N/A;N/A;N/A;N/A;N/A;N/A;N/A;N/A;N/A;N/A;N/A;N/A;N/A;N/A;N/A;Sí;N/A;Sí;N/A;Sí;N/A;N/A;N/A;N/A;N/A;N/A;N/A;N/A;Sí;N/A;N/A;N/A;N/A;N/A;Sí;N/A;N/A;N/A;N/A;N/A;N/A;N/A;N/A;N/A;"170 hp";Se-g;N/A;N/A;N/A;N/A;N/A;N/A;Sí;Sí;Sí;Sí;Sí;Sí;N/A;N/A;N/A;N/A;N/A;N/A;N/A;Sí;"Lun. a Jue. de 9 a 18 hs. Vie. de 9 a 17 hs";4;2.0;Nafta;Automática;Sedán;"Autos y camionetas";No;N/A;N/A;N/A;No;N/A;N/A;No;Sí;No;No;N/A;N/A;N/A;N/A;N/A;N/A;N/A;N/A;N/A;N/A;N/A;N/A;N/A;Sí;N/A;N/A;N/A;N/A;N/A;N/A;N/A;N/A;N/A;N/A;Sí;N/A;N/A;N/A;N/A;N/A;N/A;N/A;Sí;N/A;N/A;N/A;N/A;N/A;N/A;N/A;N/A;N/A;Sí;N/A;N/A;N/A;Sí;Sí;N/A;N/A;Sí;No;N/A;N/A;N/A;N/A;N/A;N/A;N/A;N/A;N/A;N/A;N/A;N/A;N/A;N/A;N/A;N/A;N/A;N/A;N/A;N/A;N/A;N/A;N/A;N/A;N/A;N/A;N/A;N/A;N/A;N/A;N/A;N/A;N/A;Sí;Sí;Sí;Sí;Sí;Sí;Sí;N/A;Sí;Sí;Sí;Sí;N/A;N/A;Sí;Sí;Sí;N/A;Sí;Sí;Sí;N/A;N/A;Sí;N/A;Sí
Toyota;Hilux;4x4;2018;"199901 km";;"AUTOMOTORA BARRIOLA";39990;;;;;"Las Piedras";https://auto.mercadolibre.com.uy/MLU-692496090-toyota-hilux-4x4-24-2018-excelente-estado-barriola-_JM;N/A;;"Toyota Hilux 4x4 2.4 2018 Excelente Estado! - Barriola";usd;Sí;gold_premium;false;N/A;N/A;http://perfil.mercadolibre.com.uy/AUTOMOTORA+BARRIOLA;active;N/A;N/A;Usado;"Gris oscuro";N/A;Hidráulica;N/A;Sí;Sí;Sí;N/A;N/A;N/A;N/A;N/A;N/A;N/A;N/A;N/A;Sí;N/A;N/A;N/A;N/A;N/A;N/A;N/A;N/A;N/A;N/A;N/A;N/A;N/A;"2400 cc";N/A;5;N/A;N/A;N/A;N/A;N/A;Sí;Sí;N/A;N/A;N/A;N/A;N/A;N/A;N/A;N/A;N/A;N/A;N/A;N/A;N/A;N/A;N/A;N/A;Sí;N/A;N/A;N/A;N/A;N/A;N/A;N/A;N/A;N/A;N/A;N/A;N/A;N/A;N/A;N/A;N/A;N/A;N/A;Sí;N/A;N/A;N/A;N/A;N/A;N/A;N/A;N/A;N/A;N/A;N/A;N/A;N/A;N/A;N/A;N/A;N/A;N/A;Sí;N/A;N/A;Sí;N/A;N/A;N/A;N/A;N/A;N/A;N/A;Sí;N/A;"Lun. a Vie. de 9 a 19 hs. Sáb. de 9:30 a 13 hs.";5;2.4;Diésel;Manual;Pick-Up;"Autos y camionetas";No;N/A;N/A;N/A;No;N/A;UY;No;Sí;No;No;N/A;N/A;N/A;N/A;N/A;N/A;N/A;N/A;N/A;N/A;N/A;N/A;N/A;N/A;N/A;N/A;N/A;N/A;N/A;N/A;N/A;N/A;N/A;N/A;N/A;N/A;N/A;N/A;N/A;N/A;N/A;N/A;N/A;N/A;N/A;N/A;N/A;N/A;N/A;N/A;N/A;N/A;N/A;N/A;N/A;N/A;N/A;N/A;N/A;N/A;N/A;No;N/A;N/A;N/A;N/A;N/A;N/A;N/A;N/A;N/A;N/A;N/A;N/A;N/A;N/A;N/A;N/A;N/A;N/A;N/A;N/A;N/A;N/A;N/A;N/A;N/A;N/A;N/A;N/A;N/A;N/A;N/A;N/A;N/A;Sí;Sí;Sí;N/A;Sí;N/A;N/A;N/A;Sí;Sí;Sí;N/A;N/A;N/A;N/A;N/A;N/A;N/A;Sí;Sí;Sí;N/A;N/A;Sí;N/A;Sí
Toyota;Hilux;"2.8 Tdi Cd Srv Plus 4X4 At";2023;"75000 km";;CARA3897843;59900;;;;;"Las Piedras";https://auto.mercadolibre.com.uy/MLU-698349420-toyota-hilux-srv-plus-4x4-_JM;N/A;;"Toyota Hilux Srv Plus 4x4";usd;Sí;gold_premium;false;N/A;N/A;http://perfil.mercadolibre.com.uy/CARA3897843;active;N/A;N/A;Usado;Gris;N/A;Hidráulica;4x4;Sí;N/A;Sí;N/A;N/A;N/A;N/A;N/A;N/A;N/A;N/A;N/A;N/A;N/A;N/A;N/A;N/A;N/A;N/A;N/A;N/A;N/A;N/A;N/A;N/A;"3085 mm";"2.8 L";"80 L";6;N/A;N/A;N/A;N/A;N/A;N/A;N/A;N/A;N/A;N/A;N/A;N/A;N/A;N/A;N/A;N/A;N/A;N/A;N/A;N/A;N/A;N/A;N/A;N/A;N/A;N/A;N/A;N/A;N/A;N/A;N/A;N/A;N/A;N/A;N/A;N/A;N/A;N/A;N/A;N/A;N/A;N/A;N/A;N/A;N/A;"1815 mm";"5325 mm";N/A;N/A;N/A;N/A;5;"204 hp";"Srv Plus";N/A;4;"1855 mm";N/A;N/A;N/A;N/A;N/A;N/A;N/A;Sí;N/A;N/A;N/A;N/A;N/A;N/A;N/A;N/A;N/A;N/A;4;2.8;Diésel;Automática;Pick-Up;"Autos y camionetas";N/A;N/A;N/A;N/A;N/A;N/A;UY;N/A;N/A;N/A;N/A;N/A;N/A;N/A;N/A;N/A;N/A;N/A;N/A;N/A;N/A;N/A;N/A;N/A;N/A;N/A;N/A;N/A;N/A;N/A;N/A;N/A;N/A;N/A;N/A;N/A;N/A;N/A;N/A;N/A;N/A;N/A;N/A;N/A;N/A;N/A;N/A;N/A;N/A;N/A;N/A;N/A;N/A;N/A;N/A;N/A;N/A;N/A;N/A;N/A;N/A;N/A;N/A;N/A;N/A;N/A;N/A;N/A;N/A;N/A;N/A;N/A;N/A;N/A;N/A;N/A;N/A;N/A;N/A;N/A;N/A;N/A;N/A;N/A;N/A;N/A;N/A;N/A;N/A;N/A;N/A;N/A;N/A;N/A;N/A;N/A;N/A;N/A;N/A;N/A;N/A;N/A;N/A;N/A;N/A;N/A;N/A;N/A;N/A;N/A;N/A;N/A;Sí;N/A;Sí;N/A;N/A;N/A;N/A;Sí;N/A;N/A
Toyota;Hilux;"3.0 Cd Srv Cuero Tdi 4x4 5at - A4";2016;"185000 km";;TUCANDU;47500;;;;;"Bella Vista";https://auto.mercadolibre.com.uy/MLU-701143630-toyota-hilux-30-cd-srv-cuero-tdi-4x4-5at-a4-_JM;N/A;;"Toyota Hilux 3.0 Cd Srv Cuero Tdi 4x4 5at - A4";usd;Sí;gold_premium;false;N/A;N/A;http://perfil.mercadolibre.com.uy/TUCANDU;active;N/A;N/A;Usado;Blanco;No;Hidráulica;4x4;Sí;Sí;Sí;N/A;N/A;Sí;N/A;N/A;Sí;N/A;N/A;Sí;Sí;N/A;No;N/A;N/A;N/A;N/A;N/A;N/A;N/A;N/A;N/A;N/A;"2860 mm";"3 L";"80 L";5;N/A;N/A;N/A;N/A;N/A;Sí;N/A;N/A;N/A;N/A;N/A;N/A;N/A;N/A;N/A;N/A;N/A;N/A;N/A;N/A;N/A;N/A;N/A;N/A;N/A;N/A;N/A;N/A;N/A;No;N/A;N/A;N/A;N/A;N/A;N/A;N/A;N/A;N/A;N/A;N/A;N/A;N/A;N/A;N/A;"1860 mm";"5260 mm";N/A;N/A;N/A;N/A;5;"171 hp";"Srv Cuero";N/A;4;"1855 mm";N/A;Sí;N/A;Sí;Sí;N/A;Sí;Sí;N/A;No;N/A;N/A;Sí;Sí;N/A;N/A;No;N/A;4;3.0;Diésel;Automática;Pick-Up;"Autos y camionetas";Sí;N/A;N/A;N/A;No;N/A;UY;N/A;Sí;N/A;Sí;N/A;N/A;N/A;N/A;N/A;N/A;N/A;N/A;N/A;N/A;N/A;N/A;N/A;Sí;N/A;N/A;N/A;N/A;N/A;N/A;N/A;N/A;N/A;N/A;N/A;N/A;N/A;N/A;N/A;N/A;N/A;N/A;No;N/A;N/A;N/A;N/A;N/A;N/A;N/A;N/A;N/A;N/A;N/A;N/A;N/A;N/A;N/A;N/A;N/A;No;Sí;N/A;N/A;N/A;N/A;N/A;N/A;N/A;N/A;N/A;N/A;N/A;N/A;N/A;N/A;N/A;N/A;N/A;N/A;N/A;N/A;N/A;N/A;N/A;N/A;N/A;N/A;N/A;N/A;N/A;N/A;N/A;N/A;No;Sí;Sí;Sí;N/A;Sí;N/A;N/A;N/A;N/A;Sí;No;Sí;Sí;N/A;N/A;Sí;Sí;Sí;Sí;Sí;Sí;Sí;Sí;Sí;N/A;Sí
Toyota;Hilux;"3.0 SRV TDI 4x2";2006;"380000 km";;"GONZALO GARAGE";25999;;;;;Malvin;https://auto.mercadolibre.com.uy/MLU-689585250-toyota-hilux-srv-30-tdi-4x2-_JM;N/A;;"Toyota Hilux Srv 3.0 Tdi 4x2 ";usd;No;gold_premium;false;N/A;N/A;http://perfil.mercadolibre.com.uy/GONZALO+GARAGE;active;N/A;N/A;Usado;Negro;No;Hidráulica;4x2;Sí;Sí;N/A;N/A;N/A;Sí;N/A;N/A;Sí;N/A;N/A;Sí;N/A;N/A;No;N/A;N/A;N/A;N/A;N/A;N/A;N/A;N/A;N/A;N/A;"2860 mm";"3 L";"65 L";5;N/A;N/A;N/A;N/A;N/A;N/A;N/A;N/A;N/A;N/A;N/A;N/A;N/A;N/A;N/A;N/A;N/A;N/A;N/A;N/A;N/A;N/A;N/A;N/A;N/A;N/A;N/A;N/A;N/A;N/A;N/A;N/A;N/A;N/A;N/A;N/A;N/A;N/A;N/A;N/A;N/A;N/A;N/A;N/A;N/A;"1730 mm";"4895 mm";N/A;N/A;N/A;N/A;3;"125 hp";Srv;N/A;2;"1690 mm";N/A;N/A;N/A;N/A;Sí;N/A;Sí;Sí;N/A;N/A;N/A;N/A;N/A;N/A;N/A;N/A;N/A;"Nuestro horario es de 10:00 a 18:00 horas de Lunes a Viernes  y Sabados de 11:00 a 14:00hs.";4;3.0;Diésel;Manual;Pick-Up;"Autos y camionetas";N/A;N/A;N/A;N/A;Sí;N/A;UY;N/A;N/A;N/A;Sí;N/A;N/A;N/A;N/A;N/A;N/A;N/A;N/A;N/A;N/A;N/A;N/A;N/A;Sí;N/A;N/A;N/A;N/A;N/A;N/A;N/A;N/A;N/A;N/A;N/A;N/A;N/A;N/A;N/A;N/A;N/A;N/A;N/A;N/A;N/A;N/A;N/A;N/A;N/A;N/A;N/A;N/A;N/A;N/A;N/A;N/A;N/A;N/A;N/A;N/A;N/A;N/A;N/A;N/A;N/A;N/A;N/A;N/A;N/A;N/A;N/A;N/A;N/A;N/A;N/A;N/A;N/A;N/A;N/A;N/A;N/A;N/A;N/A;N/A;N/A;N/A;N/A;N/A;N/A;N/A;N/A;N/A;N/A;N/A;N/A;Sí;Sí;Sí;N/A;Sí;N/A;N/A;N/A;N/A;N/A;N/A;N/A;Sí;N/A;N/A;N/A;N/A;Sí;Sí;Sí;Sí;N/A;N/A;Sí;N/A;Sí
Toyota;Corolla;SEG;2024;"0 km";;"AYAX SA";39990;;;;;Aguada;https://auto.mercadolibre.com.uy/MLU-684506904-toyota-corolla-seg-2024-0km-_JM;N/A;;"Toyota Corolla Seg 2024 0km";USD;Sí;gold_premium;false;N/A;N/A;http://perfil.mercadolibre.com.uy/AYAX+SA;active;N/A;N/A;Nuevo;N/A;N/A;Eléctrica;N/A;N/A;Sí;Sí;Sí;Sí;N/A;Sí;Sí;Sí;Sí;Sí;Sí;Sí;N/A;Sí;N/A;N/A;N/A;N/A;N/A;N/A;N/A;N/A;N/A;N/A;N/A;"1800 cc";N/A;N/A;N/A;N/A;Sí;Sí;Sí;N/A;Sí;N/A;N/A;N/A;N/A;N/A;N/A;N/A;N/A;N/A;N/A;N/A;N/A;N/A;N/A;N/A;N/A;Sí;N/A;Sí;N/A;Sí;N/A;N/A;N/A;N/A;N/A;N/A;N/A;N/A;Sí;N/A;N/A;N/A;N/A;N/A;Sí;N/A;N/A;N/A;N/A;N/A;N/A;N/A;N/A;N/A;"122 hp";Se-g;N/A;N/A;N/A;N/A;N/A;N/A;Sí;Sí;Sí;Sí;Sí;Sí;N/A;N/A;N/A;N/A;N/A;N/A;N/A;Sí;"Lun. a Jue. de 9 a 18 hs. Vie. de 9 a 17 hs";4;1.8;Híbrido;Automática;Sedán;"Autos y camionetas";No;N/A;N/A;N/A;No;N/A;N/A;No;Sí;No;No;N/A;N/A;N/A;N/A;N/A;N/A;N/A;N/A;N/A;N/A;N/A;N/A;N/A;Sí;N/A;N/A;N/A;N/A;N/A;N/A;N/A;N/A;N/A;N/A;Sí;N/A;N/A;N/A;N/A;N/A;N/A;N/A;Sí;N/A;N/A;N/A;N/A;N/A;N/A;N/A;N/A;N/A;Sí;N/A;N/A;N/A;Sí;Sí;N/A;N/A;Sí;No;N/A;N/A;N/A;N/A;N/A;N/A;N/A;N/A;N/A;N/A;N/A;N/A;N/A;N/A;N/A;N/A;N/A;N/A;N/A;N/A;N/A;N/A;N/A;N/A;N/A;N/A;N/A;N/A;N/A;N/A;N/A;N/A;N/A;Sí;Sí;Sí;Sí;Sí;Sí;Sí;N/A;Sí;Sí;Sí;Sí;N/A;N/A;Sí;Sí;Sí;N/A;Sí;Sí;Sí;N/A;N/A;Sí;N/A;Sí
Toyota;RAV4;S;2024;"0 km";;"AYAX SA";54990;;;;;Aguada;https://auto.mercadolibre.com.uy/MLU-684364826-toyota-rav4-s-2024-gris-oscuro-0km-_JM;N/A;;"Toyota Rav4 S 2024 Gris Oscuro 0km";USD;Sí;gold_premium;false;N/A;N/A;http://perfil.mercadolibre.com.uy/AYAX+SA;active;N/A;N/A;Nuevo;"Gris oscuro";N/A;Eléctrica;N/A;N/A;Sí;Sí;N/A;Sí;N/A;Sí;Sí;N/A;Sí;Sí;Sí;Sí;N/A;Sí;N/A;N/A;N/A;N/A;N/A;N/A;N/A;N/A;N/A;N/A;N/A;"2500 cc";N/A;6;N/A;N/A;Sí;Sí;Sí;N/A;Sí;N/A;N/A;N/A;N/A;N/A;N/A;N/A;N/A;N/A;N/A;N/A;N/A;N/A;N/A;N/A;N/A;Sí;N/A;Sí;N/A;Sí;N/A;N/A;N/A;N/A;N/A;N/A;N/A;N/A;Sí;N/A;N/A;N/A;N/A;N/A;Sí;N/A;N/A;N/A;N/A;N/A;N/A;N/A;N/A;N/A;"218 hp";N/A;N/A;N/A;N/A;N/A;N/A;N/A;Sí;Sí;Sí;Sí;Sí;Sí;N/A;N/A;N/A;N/A;Sí;N/A;N/A;Sí;"Lun. a Jue. de 9 a 18 hs. Vie. de 9 a 17 hs";5;2.5;Híbrido;Automática;SUV;"Autos y camionetas";No;N/A;N/A;N/A;No;N/A;N/A;No;Sí;No;No;N/A;N/A;N/A;N/A;N/A;N/A;N/A;N/A;N/A;N/A;N/A;N/A;N/A;Sí;N/A;N/A;N/A;N/A;N/A;N/A;N/A;N/A;N/A;N/A;Sí;N/A;N/A;N/A;N/A;N/A;N/A;N/A;Sí;N/A;N/A;N/A;N/A;N/A;N/A;N/A;N/A;N/A;Sí;N/A;N/A;N/A;Sí;Sí;N/A;N/A;Sí;No;N/A;N/A;N/A;N/A;N/A;N/A;N/A;N/A;N/A;N/A;N/A;N/A;N/A;N/A;N/A;N/A;N/A;N/A;N/A;N/A;N/A;N/A;N/A;N/A;N/A;N/A;N/A;N/A;N/A;N/A;N/A;N/A;N/A;Sí;Sí;Sí;Sí;Sí;Sí;Sí;N/A;Sí;Sí;N/A;Sí;N/A;N/A;Sí;Sí;Sí;N/A;Sí;Sí;Sí;N/A;N/A;Sí;N/A;Sí
Toyota;Hilux;"SRV PLUS 4x4 TSS";2024;"0 km";;"AYAX SA";79490;;;;;Aguada;https://auto.mercadolibre.com.uy/MLU-684416614-toyota-hilux-srv-plus-4x4-tss-2024-blanco-0km-_JM;N/A;;"Toyota Hilux Srv Plus 4x4 Tss 2024 Blanco 0km";usd;Sí;gold_premium;false;N/A;N/A;http://perfil.mercadolibre.com.uy/AYAX+SA;active;N/A;N/A;Nuevo;Blanco;N/A;Hidráulica;N/A;N/A;Sí;Sí;N/A;Sí;N/A;Sí;Sí;Sí;Sí;Sí;Sí;Sí;N/A;N/A;N/A;N/A;N/A;N/A;N/A;N/A;N/A;N/A;N/A;N/A;N/A;"2800 cc";N/A;6;N/A;N/A;Sí;Sí;Sí;N/A;Sí;N/A;N/A;N/A;N/A;N/A;N/A;N/A;N/A;N/A;N/A;N/A;N/A;N/A;N/A;N/A;N/A;Sí;N/A;Sí;N/A;Sí;N/A;N/A;N/A;N/A;N/A;N/A;N/A;N/A;Sí;N/A;N/A;N/A;N/A;N/A;Sí;N/A;N/A;N/A;N/A;N/A;N/A;N/A;N/A;N/A;"204 hp";"Srv Plus";N/A;N/A;N/A;N/A;N/A;N/A;Sí;Sí;Sí;Sí;Sí;Sí;N/A;N/A;N/A;N/A;Sí;N/A;N/A;N/A;"Lun. a Jue. de 9 a 18 hs. Vie. de 9 a 17 hs";4;2.8;Diésel;Automática;Pick-Up;"Autos y camionetas";No;N/A;N/A;N/A;No;N/A;UY;No;Sí;No;No;N/A;N/A;N/A;N/A;N/A;N/A;N/A;N/A;N/A;N/A;N/A;N/A;N/A;N/A;N/A;N/A;N/A;N/A;N/A;N/A;N/A;N/A;N/A;N/A;Sí;N/A;N/A;N/A;N/A;N/A;N/A;N/A;Sí;N/A;N/A;N/A;N/A;N/A;N/A;N/A;N/A;N/A;Sí;N/A;N/A;N/A;Sí;Sí;N/A;N/A;Sí;No;Sí;N/A;N/A;N/A;N/A;N/A;N/A;N/A;N/A;N/A;N/A;N/A;N/A;N/A;N/A;N/A;N/A;N/A;N/A;N/A;N/A;N/A;N/A;N/A;N/A;N/A;N/A;N/A;N/A;N/A;N/A;N/A;N/A;Sí;Sí;Sí;Sí;Sí;Sí;Sí;N/A;Sí;Sí;N/A;Sí;N/A;N/A;Sí;Sí;Sí;N/A;Sí;Sí;Sí;N/A;N/A;Sí;N/A;Sí
Toyota;Hilux;"SRV 4x4";2024;"0 km";;"AYAX SA";71490;;;;;Aguada;https://auto.mercadolibre.com.uy/MLU-684468666-toyota-hilux-srv-4x4-2024-gris-oscuro-0km-_JM;N/A;;"Toyota Hilux Srv 4x4 2024 Gris Oscuro 0km";usd;Sí;gold_premium;false;N/A;N/A;http://perfil.mercadolibre.com.uy/AYAX+SA;active;N/A;N/A;Nuevo;"Gris oscuro";N/A;Hidráulica;N/A;N/A;Sí;Sí;N/A;Sí;N/A;Sí;Sí;N/A;Sí;Sí;Sí;Sí;N/A;N/A;N/A;N/A;N/A;N/A;N/A;N/A;N/A;N/A;N/A;N/A;N/A;"2800 cc";N/A;6;N/A;N/A;Sí;Sí;Sí;N/A;Sí;N/A;N/A;N/A;N/A;N/A;N/A;N/A;N/A;N/A;N/A;N/A;N/A;N/A;N/A;N/A;N/A;Sí;N/A;Sí;N/A;Sí;N/A;N/A;N/A;N/A;N/A;N/A;N/A;N/A;Sí;N/A;N/A;N/A;N/A;N/A;Sí;N/A;N/A;N/A;N/A;N/A;N/A;N/A;N/A;N/A;"204 hp";Srv;N/A;N/A;N/A;N/A;N/A;N/A;Sí;Sí;Sí;Sí;Sí;N/A;N/A;N/A;N/A;N/A;Sí;N/A;N/A;N/A;"Lun. a Jue. de 9 a 18 hs. Vie. de 9 a 17 hs";4;2.8;Diésel;Automática;Pick-Up;"Autos y camionetas";No;N/A;N/A;N/A;No;N/A;UY;No;Sí;No;No;N/A;N/A;N/A;N/A;N/A;N/A;N/A;N/A;N/A;N/A;N/A;N/A;N/A;N/A;N/A;N/A;N/A;N/A;N/A;N/A;N/A;N/A;N/A;N/A;Sí;N/A;N/A;N/A;N/A;N/A;N/A;N/A;Sí;N/A;N/A;N/A;N/A;N/A;N/A;N/A;N/A;N/A;N/A;N/A;N/A;N/A;Sí;Sí;N/A;N/A;Sí;No;Sí;N/A;N/A;N/A;N/A;N/A;N/A;N/A;N/A;N/A;N/A;N/A;N/A;N/A;N/A;N/A;N/A;N/A;N/A;N/A;N/A;N/A;N/A;N/A;N/A;N/A;N/A;N/A;N/A;N/A;N/A;N/A;N/A;Sí;Sí;Sí;Sí;Sí;Sí;Sí;N/A;Sí;Sí;N/A;Sí;N/A;N/A;Sí;Sí;Sí;N/A;Sí;Sí;Sí;N/A;N/A;Sí;N/A;Sí
Toyota;Hilux;"SRV PLUS 4X4";2024;"0 km";;"AYAX SA";76490;;;;;Aguada;https://auto.mercadolibre.com.uy/MLU-684416390-toyota-hilux-srv-plus-4x4-2024-gris-oscuro-0km-_JM;N/A;;"Toyota Hilux Srv Plus 4x4 2024 Gris Oscuro 0km";usd;Sí;gold_premium;false;N/A;N/A;http://perfil.mercadolibre.com.uy/AYAX+SA;active;N/A;N/A;Nuevo;"Gris oscuro";N/A;Hidráulica;N/A;N/A;Sí;Sí;Sí;Sí;N/A;Sí;Sí;Sí;Sí;Sí;Sí;Sí;N/A;N/A;N/A;N/A;N/A;N/A;N/A;N/A;N/A;N/A;N/A;N/A;N/A;"2800 cc";N/A;6;N/A;N/A;Sí;Sí;Sí;N/A;Sí;N/A;N/A;N/A;N/A;N/A;N/A;N/A;N/A;N/A;N/A;N/A;N/A;N/A;N/A;N/A;N/A;Sí;N/A;Sí;N/A;Sí;N/A;N/A;N/A;N/A;N/A;N/A;N/A;N/A;Sí;N/A;N/A;N/A;N/A;N/A;Sí;N/A;N/A;N/A;N/A;N/A;N/A;N/A;N/A;N/A;"204 hp";"Srv Plus";N/A;N/A;N/A;N/A;N/A;N/A;Sí;Sí;Sí;Sí;Sí;N/A;N/A;N/A;N/A;N/A;Sí;N/A;N/A;N/A;"Lun. a Jue. de 9 a 18 hs. Vie. de 9 a 17 hs";4;2.8;Diésel;Automática;Pick-Up;"Autos y camionetas";No;N/A;N/A;N/A;No;N/A;UY;No;Sí;No;No;N/A;N/A;N/A;N/A;N/A;N/A;N/A;N/A;N/A;N/A;N/A;N/A;N/A;N/A;N/A;N/A;N/A;N/A;N/A;N/A;N/A;N/A;N/A;N/A;Sí;N/A;N/A;N/A;N/A;N/A;N/A;N/A;Sí;N/A;N/A;N/A;N/A;N/A;N/A;N/A;N/A;N/A;N/A;N/A;N/A;N/A;Sí;Sí;N/A;N/A;Sí;No;Sí;N/A;N/A;N/A;N/A;N/A;N/A;N/A;N/A;N/A;N/A;N/A;N/A;N/A;N/A;N/A;N/A;N/A;N/A;N/A;N/A;N/A;N/A;N/A;N/A;N/A;N/A;N/A;N/A;N/A;N/A;N/A;N/A;Sí;Sí;Sí;Sí;Sí;Sí;Sí;N/A;Sí;Sí;N/A;Sí;N/A;N/A;Sí;Sí;Sí;N/A;Sí;Sí;Sí;N/A;N/A;Sí;N/A;Sí
Toyota;Hilux;"SRV PLUS 4X4";2024;"0 km";;"AYAX SA";76490;;;;;Aguada;https://auto.mercadolibre.com.uy/MLU-684364548-toyota-hilux-srv-plus-4x4-2024-gris-plata-0km-_JM;N/A;;"Toyota Hilux Srv Plus 4x4 2024 Gris Plata 0km";usd;Sí;gold_premium;false;N/A;N/A;http://perfil.mercadolibre.com.uy/AYAX+SA;active;N/A;N/A;Nuevo;Plateado;N/A;Hidráulica;N/A;N/A;Sí;Sí;Sí;Sí;N/A;Sí;Sí;Sí;Sí;Sí;Sí;Sí;N/A;N/A;N/A;N/A;N/A;N/A;N/A;N/A;N/A;N/A;N/A;N/A;N/A;"2800 cc";N/A;6;N/A;N/A;Sí;Sí;Sí;N/A;Sí;N/A;N/A;N/A;N/A;N/A;N/A;N/A;N/A;N/A;N/A;N/A;N/A;N/A;N/A;N/A;N/A;Sí;N/A;Sí;N/A;Sí;N/A;N/A;N/A;N/A;N/A;N/A;N/A;N/A;Sí;N/A;N/A;N/A;N/A;N/A;Sí;N/A;N/A;N/A;N/A;N/A;N/A;N/A;N/A;N/A;"204 hp";"Srv Plus";N/A;N/A;N/A;N/A;N/A;N/A;Sí;Sí;Sí;Sí;Sí;N/A;N/A;N/A;N/A;N/A;Sí;N/A;N/A;N/A;"Lun. a Jue. de 9 a 18 hs. Vie. de 9 a 17 hs";4;2.8;Diésel;Automática;Pick-Up;"Autos y camionetas";No;N/A;N/A;N/A;No;N/A;UY;No;Sí;No;No;N/A;N/A;N/A;N/A;N/A;N/A;N/A;N/A;N/A;N/A;N/A;N/A;N/A;N/A;N/A;N/A;N/A;N/A;N/A;N/A;N/A;N/A;N/A;N/A;Sí;N/A;N/A;N/A;N/A;N/A;N/A;N/A;Sí;N/A;N/A;N/A;N/A;N/A;N/A;N/A;N/A;N/A;N/A;N/A;N/A;N/A;Sí;Sí;N/A;N/A;Sí;No;Sí;N/A;N/A;N/A;N/A;N/A;N/A;N/A;N/A;N/A;N/A;N/A;N/A;N/A;N/A;N/A;N/A;N/A;N/A;N/A;N/A;N/A;N/A;N/A;N/A;N/A;N/A;N/A;N/A;N/A;N/A;N/A;N/A;Sí;Sí;Sí;Sí;Sí;Sí;Sí;N/A;Sí;Sí;N/A;Sí;N/A;N/A;Sí;Sí;Sí;N/A;Sí;Sí;Sí;N/A;N/A;Sí;N/A;Sí
Toyota;Hilux;"SRV 4X4";2024;"0 km";;"AYAX SA";68490;;;;;Aguada;https://auto.mercadolibre.com.uy/MLU-684428968-toyota-hilux-srv-4x4-2024-gris-plata-0km-_JM;N/A;;"Toyota Hilux Srv 4x4 2024 Gris Plata 0km";usd;Sí;gold_premium;false;N/A;N/A;http://perfil.mercadolibre.com.uy/AYAX+SA;active;N/A;N/A;Nuevo;Plateado;N/A;Hidráulica;N/A;N/A;Sí;Sí;Sí;Sí;N/A;Sí;Sí;N/A;Sí;Sí;Sí;Sí;N/A;N/A;N/A;N/A;N/A;N/A;N/A;N/A;N/A;N/A;N/A;N/A;N/A;"2800 cc";N/A;6;N/A;N/A;Sí;Sí;Sí;N/A;Sí;N/A;N/A;N/A;N/A;N/A;N/A;N/A;N/A;N/A;N/A;N/A;N/A;N/A;N/A;N/A;N/A;Sí;N/A;Sí;N/A;Sí;N/A;N/A;N/A;N/A;N/A;N/A;N/A;N/A;Sí;N/A;N/A;N/A;N/A;N/A;Sí;N/A;N/A;N/A;N/A;N/A;N/A;N/A;N/A;N/A;"204 hp";Srv;N/A;N/A;N/A;N/A;N/A;N/A;Sí;Sí;Sí;Sí;Sí;N/A;N/A;N/A;N/A;N/A;Sí;N/A;N/A;N/A;"Lun. a Jue. de 9 a 18 hs. Vie. de 9 a 17 hs";4;2.8;Diésel;Manual;Pick-Up;"Autos y camionetas";No;N/A;N/A;N/A;No;N/A;UY;No;No;No;No;N/A;N/A;N/A;N/A;N/A;N/A;N/A;N/A;N/A;N/A;N/A;N/A;N/A;N/A;N/A;N/A;N/A;N/A;N/A;N/A;N/A;N/A;N/A;N/A;Sí;N/A;N/A;N/A;N/A;N/A;N/A;N/A;Sí;N/A;N/A;N/A;N/A;N/A;N/A;N/A;N/A;N/A;N/A;N/A;N/A;N/A;N/A;Sí;N/A;N/A;Sí;No;Sí;N/A;N/A;N/A;N/A;N/A;N/A;N/A;N/A;N/A;N/A;N/A;N/A;N/A;N/A;N/A;N/A;N/A;N/A;N/A;N/A;N/A;N/A;N/A;N/A;N/A;N/A;N/A;N/A;N/A;N/A;N/A;N/A;Sí;Sí;Sí;Sí;Sí;Sí;Sí;N/A;Sí;Sí;N/A;Sí;N/A;N/A;Sí;Sí;Sí;N/A;Sí;Sí;Sí;N/A;N/A;Sí;N/A;Sí
Toyota;Hilux;"SR 4X4";2024;"0 km";;"AYAX SA";65990;;;;;Aguada;https://auto.mercadolibre.com.uy/MLU-684402466-toyota-hilux-sr-4x4-2024-blanco-0km-_JM;N/A;;"Toyota Hilux Sr 4x4 2024 Blanco 0km";usd;Sí;gold_premium;false;N/A;N/A;http://perfil.mercadolibre.com.uy/AYAX+SA;active;N/A;N/A;Nuevo;Blanco;N/A;Hidráulica;N/A;Sí;Sí;Sí;N/A;Sí;N/A;Sí;Sí;N/A;N/A;Sí;N/A;Sí;N/A;N/A;N/A;N/A;N/A;N/A;N/A;N/A;N/A;N/A;N/A;N/A;N/A;"2400 cc";N/A;6;N/A;N/A;Sí;Sí;Sí;N/A;Sí;N/A;N/A;N/A;N/A;N/A;N/A;N/A;N/A;N/A;N/A;N/A;N/A;N/A;N/A;N/A;N/A;Sí;N/A;Sí;N/A;Sí;N/A;N/A;N/A;N/A;N/A;N/A;N/A;N/A;Sí;N/A;N/A;N/A;N/A;N/A;N/A;N/A;N/A;N/A;N/A;N/A;N/A;N/A;N/A;N/A;"150 hp";Sr;N/A;N/A;N/A;N/A;N/A;N/A;N/A;Sí;N/A;Sí;Sí;N/A;N/A;N/A;N/A;N/A;Sí;N/A;N/A;N/A;"Lun. a Jue. de 9 a 18 hs. Vie. de 9 a 17 hs";4;2.4;Diésel;Automática;Pick-Up;"Autos y camionetas";No;N/A;N/A;N/A;No;N/A;UY;No;Sí;No;No;N/A;N/A;N/A;N/A;N/A;N/A;N/A;N/A;N/A;N/A;N/A;N/A;N/A;N/A;N/A;N/A;N/A;N/A;N/A;N/A;N/A;N/A;N/A;N/A;N/A;N/A;N/A;N/A;N/A;N/A;N/A;N/A;Sí;N/A;N/A;N/A;N/A;N/A;N/A;N/A;N/A;N/A;N/A;N/A;N/A;N/A;N/A;N/A;N/A;N/A;Sí;No;Sí;N/A;N/A;N/A;N/A;N/A;N/A;N/A;N/A;N/A;N/A;N/A;N/A;N/A;N/A;N/A;N/A;N/A;N/A;N/A;N/A;N/A;N/A;N/A;N/A;N/A;N/A;N/A;N/A;N/A;N/A;N/A;N/A;Sí;Sí;Sí;Sí;Sí;N/A;Sí;N/A;Sí;Sí;N/A;Sí;N/A;N/A;Sí;Sí;Sí;N/A;Sí;Sí;Sí;N/A;N/A;Sí;N/A;Sí
Toyota;Hilux;"SR 4X4";2024;"0 km";;"AYAX SA";62990;;;;;Aguada;https://auto.mercadolibre.com.uy/MLU-684350524-toyota-hilux-sr-4x4-2024-blanco-0km-_JM;N/A;;"Toyota Hilux Sr 4x4 2024 Blanco 0km";usd;Sí;gold_premium;false;N/A;N/A;http://perfil.mercadolibre.com.uy/AYAX+SA;active;N/A;N/A;Nuevo;Blanco;N/A;Hidráulica;N/A;Sí;Sí;Sí;N/A;Sí;N/A;Sí;N/A;N/A;N/A;Sí;N/A;Sí;N/A;N/A;N/A;N/A;N/A;N/A;N/A;N/A;N/A;N/A;N/A;N/A;N/A;"2400 cc";N/A;6;N/A;N/A;Sí;Sí;Sí;N/A;Sí;N/A;N/A;N/A;N/A;N/A;N/A;N/A;N/A;N/A;N/A;N/A;N/A;N/A;N/A;N/A;N/A;Sí;N/A;Sí;N/A;Sí;N/A;N/A;N/A;N/A;N/A;N/A;N/A;N/A;Sí;N/A;N/A;N/A;N/A;N/A;N/A;N/A;N/A;N/A;N/A;N/A;N/A;N/A;N/A;N/A;"150 hp";Sr;N/A;N/A;N/A;N/A;N/A;N/A;N/A;Sí;N/A;Sí;Sí;N/A;N/A;N/A;N/A;N/A;Sí;N/A;N/A;N/A;"Lun. a Jue. de 9 a 18 hs. Vie. de 9 a 17 hs";4;2.4;Diésel;Manual;Pick-Up;"Autos y camionetas";No;N/A;N/A;N/A;No;N/A;UY;No;Sí;No;No;N/A;N/A;N/A;N/A;N/A;N/A;N/A;N/A;N/A;N/A;N/A;N/A;N/A;N/A;N/A;N/A;N/A;N/A;N/A;N/A;N/A;N/A;N/A;N/A;N/A;N/A;N/A;N/A;N/A;N/A;N/A;N/A;Sí;N/A;N/A;N/A;N/A;N/A;N/A;N/A;N/A;N/A;N/A;N/A;N/A;N/A;N/A;N/A;N/A;N/A;Sí;No;Sí;N/A;N/A;N/A;N/A;N/A;N/A;N/A;N/A;N/A;N/A;N/A;N/A;N/A;N/A;N/A;N/A;N/A;N/A;N/A;N/A;N/A;N/A;N/A;N/A;N/A;N/A;N/A;N/A;N/A;N/A;N/A;N/A;Sí;Sí;Sí;Sí;Sí;N/A;Sí;N/A;Sí;Sí;N/A;Sí;N/A;N/A;Sí;Sí;Sí;N/A;Sí;Sí;Sí;N/A;N/A;Sí;N/A;Sí
Toyota;RAV4;"Limited 4X4";2024;"0 km";;"AYAX SA";70990;;;;;Aguada;https://auto.mercadolibre.com.uy/MLU-684075214-toyota-rav4-limited-4x4-2024-gris-oscuro-0km-_JM;N/A;;"Toyota Rav4 Limited 4x4 2024 Gris Oscuro 0km";usd;Sí;gold_premium;false;N/A;N/A;http://perfil.mercadolibre.com.uy/AYAX+SA;active;N/A;N/A;Nuevo;"Gris oscuro";N/A;Eléctrica;N/A;N/A;Sí;Sí;Sí;Sí;N/A;Sí;Sí;Sí;Sí;Sí;Sí;Sí;N/A;Sí;N/A;N/A;N/A;N/A;N/A;N/A;N/A;N/A;N/A;N/A;N/A;"2500 cc";N/A;6;N/A;N/A;Sí;Sí;Sí;Sí;Sí;N/A;N/A;N/A;N/A;N/A;N/A;N/A;N/A;N/A;N/A;N/A;N/A;N/A;N/A;Sí;N/A;Sí;N/A;Sí;N/A;Sí;N/A;N/A;N/A;N/A;N/A;N/A;N/A;N/A;Sí;N/A;N/A;N/A;N/A;N/A;Sí;N/A;N/A;N/A;N/A;N/A;N/A;N/A;N/A;N/A;"222 hp";Limited;N/A;N/A;N/A;N/A;N/A;N/A;Sí;Sí;Sí;Sí;Sí;Sí;Sí;N/A;N/A;N/A;N/A;N/A;N/A;Sí;"Lun. a Jue. de 9 a 18 hs. Vie. de 9 a 17 hs";5;2.5;Híbrido;Automática;SUV;"Autos y camionetas";No;N/A;N/A;N/A;No;N/A;UY;No;Sí;No;No;N/A;N/A;N/A;N/A;N/A;N/A;N/A;N/A;N/A;N/A;N/A;N/A;N/A;Sí;N/A;N/A;N/A;N/A;N/A;N/A;N/A;N/A;N/A;N/A;Sí;N/A;N/A;N/A;N/A;N/A;N/A;N/A;Sí;N/A;N/A;N/A;N/A;N/A;N/A;N/A;N/A;N/A;Sí;N/A;N/A;N/A;Sí;Sí;N/A;N/A;Sí;No;N/A;N/A;N/A;N/A;N/A;N/A;N/A;Sí;N/A;N/A;N/A;N/A;N/A;N/A;N/A;N/A;N/A;N/A;N/A;N/A;N/A;N/A;N/A;N/A;N/A;N/A;N/A;N/A;N/A;N/A;N/A;N/A;N/A;Sí;Sí;Sí;Sí;Sí;Sí;Sí;N/A;Sí;Sí;Sí;Sí;N/A;N/A;Sí;Sí;Sí;N/A;Sí;Sí;Sí;N/A;N/A;Sí;N/A;Sí
Toyota;RAV4;"Limited 4X4";2024;"0 km";;"AYAX SA";70990;;;;;Aguada;https://auto.mercadolibre.com.uy/MLU-684153178-toyota-rav4-limited-4x4-2024-blanco-0km-_JM;N/A;;"Toyota Rav4 Limited 4x4 2024 Blanco 0km";usd;Sí;gold_premium;false;N/A;N/A;http://perfil.mercadolibre.com.uy/AYAX+SA;active;N/A;N/A;Nuevo;Blanco;N/A;Eléctrica;N/A;N/A;Sí;Sí;Sí;Sí;N/A;Sí;Sí;Sí;Sí;Sí;Sí;Sí;N/A;Sí;N/A;N/A;N/A;N/A;N/A;N/A;N/A;N/A;N/A;N/A;N/A;"2500 cc";N/A;6;N/A;N/A;Sí;Sí;Sí;N/A;Sí;N/A;N/A;N/A;N/A;N/A;N/A;N/A;N/A;N/A;N/A;N/A;N/A;N/A;N/A;Sí;N/A;Sí;N/A;Sí;N/A;Sí;N/A;N/A;N/A;N/A;N/A;N/A;N/A;N/A;Sí;N/A;N/A;N/A;N/A;N/A;Sí;N/A;N/A;N/A;N/A;N/A;N/A;N/A;N/A;N/A;"222 hp";Limited;N/A;N/A;N/A;N/A;N/A;N/A;Sí;Sí;Sí;Sí;Sí;Sí;Sí;N/A;N/A;N/A;Sí;N/A;N/A;Sí;"Lun. a Jue. de 9 a 18 hs. Vie. de 9 a 17 hs";5;2.5;Híbrido;Automática;SUV;"Autos y camionetas";No;N/A;N/A;N/A;No;N/A;UY;No;Sí;No;No;N/A;N/A;N/A;N/A;N/A;N/A;N/A;N/A;N/A;N/A;N/A;N/A;N/A;Sí;N/A;N/A;N/A;N/A;N/A;N/A;N/A;N/A;N/A;N/A;Sí;N/A;N/A;N/A;N/A;N/A;N/A;N/A;Sí;N/A;N/A;N/A;N/A;N/A;N/A;N/A;N/A;N/A;Sí;N/A;N/A;N/A;Sí;Sí;N/A;N/A;Sí;No;N/A;N/A;N/A;N/A;N/A;N/A;N/A;N/A;N/A;N/A;N/A;N/A;N/A;N/A;N/A;N/A;N/A;N/A;N/A;N/A;N/A;N/A;N/A;N/A;N/A;N/A;N/A;N/A;N/A;N/A;N/A;N/A;N/A;Sí;Sí;Sí;Sí;Sí;Sí;Sí;N/A;Sí;Sí;Sí;Sí;N/A;N/A;Sí;Sí;Sí;N/A;Sí;Sí;Sí;N/A;N/A;Sí;N/A;Sí
Toyota;RAV4;"Limited 4X2";2024;"0 km";;"AYAX SA";67990;;;;;Aguada;https://auto.mercadolibre.com.uy/MLU-684113796-toyota-rav4-limited-4x2-2024-blanco-0km-_JM;N/A;;"Toyota Rav4 Limited 4x2 2024 Blanco 0km";USD;Sí;gold_premium;false;N/A;N/A;http://perfil.mercadolibre.com.uy/AYAX+SA;active;N/A;N/A;Nuevo;Blanco;N/A;Eléctrica;N/A;N/A;Sí;Sí;Sí;Sí;N/A;Sí;Sí;Sí;Sí;Sí;Sí;Sí;N/A;Sí;N/A;N/A;N/A;N/A;N/A;N/A;N/A;N/A;N/A;N/A;N/A;"2500 cc";N/A;6;N/A;N/A;Sí;Sí;Sí;N/A;Sí;N/A;N/A;N/A;N/A;N/A;N/A;N/A;N/A;N/A;N/A;N/A;N/A;N/A;N/A;Sí;N/A;Sí;N/A;Sí;N/A;Sí;N/A;N/A;N/A;N/A;N/A;N/A;N/A;N/A;Sí;N/A;N/A;N/A;N/A;N/A;Sí;N/A;N/A;N/A;N/A;N/A;N/A;N/A;N/A;N/A;"218 hp";Limited;N/A;N/A;N/A;N/A;N/A;N/A;Sí;Sí;Sí;Sí;Sí;Sí;Sí;N/A;N/A;N/A;Sí;N/A;N/A;Sí;"Lun. a Jue. de 9 a 18 hs. Vie. de 9 a 17 hs";5;2.5;Híbrido;Automática;SUV;"Autos y camionetas";No;N/A;N/A;N/A;No;N/A;N/A;No;Sí;No;No;N/A;N/A;N/A;N/A;N/A;N/A;N/A;N/A;N/A;N/A;N/A;N/A;N/A;Sí;N/A;N/A;N/A;N/A;N/A;N/A;N/A;N/A;N/A;N/A;Sí;N/A;N/A;N/A;N/A;N/A;N/A;N/A;Sí;N/A;N/A;N/A;N/A;N/A;N/A;N/A;N/A;N/A;Sí;N/A;N/A;N/A;Sí;Sí;N/A;N/A;Sí;No;N/A;N/A;N/A;N/A;N/A;N/A;N/A;N/A;N/A;N/A;N/A;N/A;N/A;N/A;N/A;N/A;N/A;N/A;N/A;N/A;N/A;N/A;N/A;N/A;N/A;N/A;N/A;N/A;N/A;N/A;N/A;N/A;N/A;Sí;Sí;Sí;Sí;Sí;Sí;Sí;N/A;Sí;Sí;Sí;Sí;N/A;N/A;Sí;Sí;Sí;N/A;Sí;Sí;Sí;N/A;N/A;Sí;N/A;Sí
Toyota;RAV4;"LIMITED PLUS 4X4";2024;"0 km";;"AYAX SA";70990;;;;;Aguada;https://auto.mercadolibre.com.uy/MLU-684001092-toyota-rav4-limited-plus-4x4-2024-azul-0km-_JM;N/A;;"Toyota Rav4 Limited Plus 4x4 2024 Azul 0km";usd;Sí;gold_premium;false;N/A;N/A;http://perfil.mercadolibre.com.uy/AYAX+SA;active;N/A;N/A;Nuevo;Azul;N/A;Asistida;N/A;N/A;Sí;Sí;Sí;Sí;N/A;Sí;Sí;Sí;Sí;Sí;Sí;Sí;N/A;Sí;N/A;N/A;N/A;N/A;N/A;N/A;N/A;N/A;N/A;N/A;N/A;"2500 cc";N/A;6;N/A;N/A;Sí;Sí;Sí;Sí;Sí;N/A;N/A;N/A;N/A;N/A;N/A;N/A;N/A;N/A;N/A;N/A;N/A;N/A;N/A;Sí;N/A;Sí;N/A;Sí;N/A;Sí;N/A;N/A;N/A;N/A;N/A;N/A;N/A;N/A;Sí;N/A;N/A;N/A;N/A;N/A;Sí;N/A;N/A;N/A;N/A;N/A;N/A;N/A;N/A;N/A;"222 hp";N/A;N/A;N/A;N/A;N/A;N/A;N/A;Sí;Sí;N/A;Sí;Sí;Sí;Sí;N/A;N/A;Sí;Sí;N/A;N/A;Sí;"Lun. a Jue. de 9 a 18 hs. Vie. de 9 a 17 hs";5;2.5;Híbrido;"Automática secuencial";SUV;"Autos y camionetas";No;N/A;N/A;N/A;No;N/A;UY;No;Sí;No;No;N/A;N/A;N/A;N/A;N/A;N/A;N/A;N/A;N/A;N/A;N/A;N/A;N/A;Sí;N/A;N/A;N/A;N/A;N/A;N/A;N/A;N/A;N/A;N/A;Sí;N/A;N/A;N/A;N/A;N/A;N/A;N/A;Sí;N/A;N/A;N/A;N/A;N/A;N/A;N/A;N/A;N/A;Sí;N/A;N/A;N/A;Sí;Sí;N/A;N/A;Sí;No;N/A;N/A;N/A;N/A;N/A;N/A;N/A;N/A;N/A;N/A;N/A;N/A;N/A;N/A;N/A;N/A;N/A;N/A;N/A;N/A;N/A;N/A;N/A;N/A;N/A;N/A;N/A;N/A;N/A;Sí;N/A;N/A;N/A;Sí;Sí;Sí;Sí;Sí;Sí;Sí;N/A;Sí;Sí;Sí;Sí;N/A;N/A;Sí;Sí;Sí;N/A;Sí;Sí;Sí;N/A;N/A;Sí;N/A;Sí
Toyota;RAV4;"S PLUS";2024;"0 km";;"AYAX SA";58990;;;;;Aguada;https://auto.mercadolibre.com.uy/MLU-641523255-toyota-rav4-s-plus-2024-gris-oscuro-0km-_JM;N/A;;"Toyota Rav4 S Plus 2024 Gris Oscuro 0km";usd;Sí;gold_premium;false;N/A;N/A;http://perfil.mercadolibre.com.uy/AYAX+SA;active;N/A;N/A;Nuevo;"Gris oscuro";N/A;Eléctrica;N/A;N/A;Sí;Sí;N/A;Sí;N/A;Sí;Sí;N/A;Sí;Sí;Sí;Sí;N/A;Sí;N/A;N/A;N/A;N/A;N/A;N/A;N/A;N/A;N/A;N/A;N/A;"2500 cc";N/A;6;N/A;N/A;Sí;Sí;Sí;N/A;Sí;N/A;N/A;N/A;N/A;N/A;N/A;N/A;N/A;N/A;N/A;N/A;N/A;N/A;N/A;N/A;N/A;Sí;N/A;Sí;N/A;Sí;N/A;N/A;N/A;N/A;N/A;N/A;N/A;N/A;Sí;N/A;N/A;N/A;N/A;N/A;Sí;N/A;N/A;N/A;N/A;N/A;N/A;N/A;N/A;N/A;"218 hp";Plus;N/A;N/A;N/A;N/A;N/A;N/A;Sí;Sí;N/A;Sí;Sí;Sí;N/A;N/A;N/A;N/A;Sí;N/A;N/A;Sí;"Lun. a Jue. de 9 a 18 hs. Vie. de 9 a 17 hs";5;2.5;Híbrido;Automática;SUV;"Autos y camionetas";No;N/A;N/A;N/A;No;N/A;UY;No;Sí;No;No;N/A;N/A;N/A;N/A;N/A;N/A;N/A;N/A;N/A;N/A;N/A;N/A;N/A;Sí;N/A;N/A;N/A;N/A;N/A;N/A;N/A;N/A;N/A;N/A;Sí;N/A;N/A;N/A;N/A;N/A;N/A;N/A;Sí;N/A;N/A;N/A;N/A;N/A;N/A;N/A;N/A;N/A;Sí;N/A;N/A;N/A;Sí;Sí;N/A;N/A;Sí;No;N/A;N/A;N/A;N/A;N/A;N/A;N/A;N/A;N/A;N/A;N/A;N/A;N/A;N/A;N/A;N/A;N/A;N/A;N/A;N/A;N/A;N/A;N/A;N/A;N/A;N/A;N/A;N/A;N/A;N/A;N/A;N/A;N/A;Sí;Sí;Sí;Sí;Sí;Sí;Sí;N/A;Sí;Sí;N/A;Sí;N/A;N/A;Sí;Sí;Sí;N/A;Sí;Sí;Sí;N/A;N/A;Sí;N/A;Sí
Toyota;Corolla;SEG;2024;"0 km";;"AYAX SA";39990;;;;;Aguada;https://auto.mercadolibre.com.uy/MLU-641510395-toyota-corolla-seg-2024-gris-plata-0km-_JM;N/A;;"Toyota Corolla Seg 2024 Gris Plata 0km";USD;Sí;gold_premium;false;N/A;N/A;http://perfil.mercadolibre.com.uy/AYAX+SA;active;N/A;N/A;Nuevo;Plateado;N/A;Eléctrica;N/A;N/A;Sí;Sí;Sí;Sí;N/A;Sí;Sí;Sí;Sí;Sí;Sí;Sí;N/A;Sí;N/A;N/A;N/A;N/A;N/A;N/A;N/A;N/A;N/A;N/A;N/A;"1800 cc";N/A;N/A;N/A;N/A;Sí;Sí;Sí;N/A;Sí;N/A;N/A;N/A;N/A;N/A;N/A;N/A;N/A;N/A;N/A;N/A;N/A;N/A;N/A;N/A;N/A;Sí;N/A;Sí;N/A;Sí;N/A;N/A;N/A;N/A;N/A;N/A;N/A;N/A;Sí;N/A;N/A;N/A;N/A;N/A;Sí;N/A;N/A;N/A;N/A;N/A;N/A;N/A;N/A;N/A;"122 hp";Se-g;N/A;N/A;N/A;N/A;N/A;N/A;Sí;Sí;Sí;Sí;Sí;Sí;N/A;N/A;N/A;N/A;N/A;N/A;N/A;N/A;"Lun. a Jue. de 9 a 18 hs. Vie. de 9 a 17 hs";4;1.8;Híbrido;Automática;Sedán;"Autos y camionetas";No;N/A;N/A;N/A;No;N/A;N/A;No;Sí;No;No;N/A;N/A;N/A;N/A;N/A;N/A;N/A;N/A;N/A;N/A;N/A;N/A;N/A;Sí;N/A;N/A;N/A;N/A;N/A;N/A;N/A;N/A;N/A;N/A;Sí;N/A;N/A;N/A;N/A;N/A;N/A;N/A;Sí;N/A;N/A;N/A;N/A;N/A;N/A;N/A;N/A;N/A;Sí;N/A;N/A;N/A;Sí;Sí;N/A;N/A;Sí;No;N/A;N/A;N/A;N/A;N/A;N/A;N/A;N/A;N/A;N/A;N/A;N/A;N/A;N/A;N/A;N/A;N/A;N/A;N/A;N/A;N/A;N/A;N/A;N/A;N/A;N/A;N/A;N/A;N/A;N/A;N/A;N/A;N/A;Sí;Sí;Sí;Sí;Sí;N/A;Sí;N/A;Sí;Sí;Sí;Sí;N/A;N/A;Sí;Sí;Sí;N/A;Sí;Sí;Sí;Sí;N/A;Sí;N/A;Sí
Toyota;"Corolla Cross";SEG;2024;"0 km";;"AYAX SA";44990;;;;;Aguada;https://auto.mercadolibre.com.uy/MLU-641536201-toyota-corolla-cross-seg-2024-blanco-0km-_JM;N/A;;"Toyota Corolla Cross Seg 2024 Blanco 0km";usd;Sí;gold_premium;false;N/A;N/A;http://perfil.mercadolibre.com.uy/AYAX+SA;active;N/A;N/A;Nuevo;Blanco;N/A;Eléctrica;N/A;N/A;Sí;Sí;Sí;Sí;N/A;Sí;Sí;Sí;Sí;Sí;Sí;Sí;N/A;Sí;N/A;N/A;N/A;N/A;N/A;N/A;N/A;N/A;N/A;N/A;N/A;"1800 cc";N/A;N/A;N/A;N/A;Sí;Sí;Sí;N/A;Sí;N/A;N/A;N/A;N/A;N/A;N/A;N/A;N/A;N/A;N/A;N/A;N/A;N/A;N/A;N/A;N/A;Sí;N/A;Sí;N/A;Sí;N/A;N/A;N/A;N/A;N/A;N/A;N/A;N/A;Sí;N/A;N/A;N/A;N/A;N/A;Sí;N/A;N/A;N/A;N/A;N/A;N/A;N/A;N/A;N/A;"122 hp";Seg;N/A;N/A;N/A;N/A;N/A;N/A;Sí;Sí;Sí;Sí;Sí;Sí;Sí;N/A;N/A;Sí;Sí;N/A;N/A;Sí;"Lun. a Jue. de 9 a 18 hs. Vie. de 9 a 17 hs";5;1.8;Híbrido;Automática;SUV;"Autos y camionetas";No;N/A;N/A;N/A;No;N/A;UY;No;Sí;No;No;N/A;N/A;N/A;N/A;N/A;N/A;N/A;N/A;N/A;N/A;Sí;N/A;N/A;Sí;N/A;N/A;N/A;N/A;N/A;N/A;N/A;N/A;N/A;N/A;Sí;N/A;N/A;N/A;N/A;N/A;N/A;N/A;Sí;N/A;N/A;N/A;N/A;N/A;N/A;N/A;N/A;N/A;Sí;N/A;N/A;N/A;Sí;Sí;N/A;N/A;Sí;No;N/A;N/A;N/A;N/A;N/A;N/A;N/A;N/A;N/A;N/A;N/A;N/A;N/A;N/A;N/A;N/A;N/A;N/A;N/A;N/A;N/A;N/A;N/A;N/A;N/A;N/A;N/A;N/A;N/A;N/A;N/A;N/A;N/A;Sí;Sí;Sí;Sí;Sí;Sí;Sí;N/A;Sí;Sí;Sí;Sí;N/A;N/A;Sí;Sí;Sí;N/A;Sí;Sí;Sí;N/A;N/A;Sí;Sí;Sí
Toyota;Hilux;GR4;2024;"0 km";;"AYAX SA";85990;;;;;Aguada;https://auto.mercadolibre.com.uy/MLU-687682232-toyota-hilux-gr4-2024-gris-oscuro-0km-_JM;N/A;;"Toyota Hilux Gr4 2024 Gris Oscuro 0km";usd;Sí;gold_premium;false;N/A;N/A;http://perfil.mercadolibre.com.uy/AYAX+SA;active;N/A;N/A;Nuevo;"Gris oscuro";N/A;Hidráulica;N/A;N/A;Sí;Sí;N/A;Sí;N/A;Sí;Sí;Sí;N/A;Sí;Sí;Sí;N/A;Sí;N/A;N/A;N/A;N/A;N/A;N/A;N/A;N/A;N/A;N/A;N/A;"2800 cc";N/A;6;N/A;N/A;Sí;Sí;Sí;N/A;Sí;N/A;N/A;N/A;N/A;N/A;N/A;N/A;N/A;N/A;N/A;N/A;N/A;N/A;N/A;N/A;N/A;Sí;N/A;Sí;N/A;Sí;N/A;N/A;N/A;N/A;N/A;N/A;N/A;N/A;Sí;N/A;N/A;N/A;N/A;N/A;Sí;N/A;N/A;N/A;N/A;N/A;N/A;N/A;N/A;N/A;"204 hp";N/A;N/A;N/A;N/A;N/A;N/A;N/A;Sí;Sí;Sí;Sí;Sí;N/A;N/A;N/A;N/A;N/A;Sí;N/A;Sí;N/A;"Lun. a Jue. de 9 a 18 hs. Vie. de 9 a 17 hs";4;2.8;Diésel;Automática;Pick-Up;"Autos y camionetas";No;N/A;N/A;N/A;No;N/A;UY;No;Sí;No;No;N/A;N/A;N/A;N/A;N/A;N/A;N/A;N/A;N/A;N/A;N/A;N/A;N/A;N/A;N/A;N/A;N/A;N/A;N/A;N/A;N/A;N/A;N/A;N/A;Sí;N/A;N/A;N/A;N/A;N/A;N/A;N/A;Sí;N/A;N/A;N/A;N/A;N/A;N/A;N/A;N/A;N/A;Sí;N/A;N/A;N/A;Sí;Sí;N/A;N/A;Sí;No;Sí;N/A;N/A;N/A;N/A;N/A;N/A;N/A;N/A;N/A;N/A;N/A;N/A;N/A;N/A;N/A;N/A;N/A;N/A;N/A;N/A;N/A;N/A;N/A;N/A;N/A;N/A;N/A;N/A;N/A;N/A;N/A;N/A;Sí;Sí;Sí;Sí;Sí;Sí;Sí;N/A;Sí;Sí;N/A;Sí;N/A;N/A;Sí;Sí;Sí;N/A;Sí;Sí;Sí;N/A;N/A;Sí;N/A;Sí
Toyota;Hilux;"SRV PLUS 4X4";2024;"0 km";;"AYAX SA";76490;;;;;Aguada;https://auto.mercadolibre.com.uy/MLU-684025790-toyota-hilux-srv-plus-4x4-2024-negro-0km-_JM;N/A;;"Toyota Hilux Srv Plus 4x4 2024 Negro 0km";usd;Sí;gold_premium;false;N/A;N/A;http://perfil.mercadolibre.com.uy/AYAX+SA;active;N/A;N/A;Nuevo;Negro;N/A;Hidráulica;N/A;N/A;Sí;Sí;Sí;Sí;N/A;Sí;Sí;Sí;Sí;Sí;Sí;Sí;N/A;N/A;N/A;N/A;N/A;N/A;N/A;N/A;N/A;N/A;N/A;N/A;N/A;"2800 cc";N/A;6;N/A;N/A;Sí;Sí;Sí;N/A;Sí;N/A;N/A;N/A;N/A;N/A;N/A;N/A;N/A;N/A;N/A;N/A;N/A;N/A;N/A;N/A;N/A;Sí;N/A;Sí;N/A;Sí;N/A;N/A;N/A;N/A;N/A;N/A;N/A;N/A;Sí;N/A;N/A;N/A;N/A;N/A;Sí;N/A;N/A;N/A;N/A;N/A;N/A;N/A;N/A;N/A;"204 hp";"Srv Plus";N/A;N/A;N/A;N/A;N/A;N/A;Sí;Sí;Sí;Sí;Sí;N/A;N/A;N/A;N/A;N/A;Sí;N/A;N/A;N/A;"Lun. a Jue. de 9 a 18 hs. Vie. de 9 a 17 hs";4;2.8;Diésel;Automática;Pick-Up;"Autos y camionetas";No;N/A;N/A;N/A;No;N/A;UY;No;Sí;No;No;N/A;N/A;N/A;N/A;N/A;N/A;N/A;N/A;N/A;N/A;N/A;N/A;N/A;N/A;N/A;N/A;N/A;N/A;N/A;N/A;N/A;N/A;N/A;N/A;Sí;N/A;N/A;N/A;N/A;N/A;N/A;N/A;Sí;N/A;N/A;N/A;N/A;N/A;N/A;N/A;N/A;N/A;N/A;N/A;N/A;N/A;Sí;Sí;N/A;N/A;Sí;No;Sí;N/A;N/A;N/A;N/A;N/A;N/A;N/A;N/A;N/A;N/A;N/A;N/A;N/A;N/A;N/A;N/A;N/A;N/A;N/A;N/A;N/A;N/A;N/A;N/A;N/A;N/A;N/A;N/A;N/A;N/A;N/A;N/A;Sí;Sí;Sí;Sí;Sí;Sí;Sí;N/A;Sí;Sí;N/A;Sí;N/A;N/A;Sí;Sí;Sí;N/A;Sí;Sí;Sí;N/A;N/A;Sí;N/A;Sí
Toyota;Hilux;"SRV 4X4";2024;"0 km";;"AYAX SA";68490;;;;;Aguada;https://auto.mercadolibre.com.uy/MLU-641549255-toyota-hilux-srv-4x4-2024-blanco-0km-_JM;N/A;;"Toyota Hilux Srv 4x4 2024 Blanco 0km";usd;Sí;gold_premium;false;N/A;N/A;http://perfil.mercadolibre.com.uy/AYAX+SA;active;N/A;N/A;Nuevo;Blanco;N/A;Hidráulica;N/A;N/A;Sí;Sí;N/A;Sí;N/A;Sí;Sí;N/A;Sí;Sí;Sí;Sí;N/A;N/A;N/A;N/A;N/A;N/A;N/A;N/A;N/A;N/A;N/A;N/A;N/A;"2800 cc";N/A;6;N/A;N/A;Sí;Sí;Sí;N/A;Sí;N/A;N/A;N/A;N/A;N/A;N/A;N/A;N/A;N/A;N/A;N/A;N/A;N/A;N/A;N/A;N/A;Sí;N/A;Sí;N/A;Sí;N/A;N/A;N/A;N/A;N/A;N/A;N/A;N/A;Sí;N/A;N/A;N/A;N/A;N/A;Sí;N/A;N/A;N/A;N/A;N/A;N/A;N/A;N/A;N/A;"204 hp";Srv;N/A;N/A;N/A;N/A;N/A;N/A;Sí;Sí;Sí;Sí;Sí;Sí;N/A;N/A;N/A;N/A;Sí;N/A;N/A;N/A;"Lun. a Jue. de 9 a 18 hs. Vie. de 9 a 17 hs";4;2.8;Diésel;Manual;Pick-Up;"Autos y camionetas";No;N/A;N/A;N/A;No;N/A;UY;No;Sí;No;No;N/A;N/A;N/A;N/A;N/A;N/A;N/A;N/A;N/A;N/A;N/A;N/A;N/A;N/A;N/A;N/A;N/A;N/A;N/A;N/A;N/A;N/A;N/A;N/A;Sí;N/A;N/A;N/A;N/A;N/A;N/A;N/A;Sí;N/A;N/A;N/A;N/A;N/A;N/A;N/A;N/A;N/A;N/A;N/A;N/A;N/A;Sí;Sí;N/A;N/A;Sí;No;Sí;N/A;N/A;N/A;N/A;N/A;N/A;N/A;N/A;N/A;N/A;N/A;N/A;N/A;N/A;N/A;N/A;N/A;N/A;N/A;N/A;N/A;N/A;N/A;N/A;N/A;N/A;N/A;N/A;N/A;N/A;N/A;N/A;Sí;Sí;Sí;Sí;Sí;N/A;Sí;N/A;Sí;Sí;N/A;Sí;N/A;N/A;Sí;Sí;Sí;N/A;Sí;Sí;Sí;N/A;N/A;Sí;N/A;Sí
Toyota;Hilux;"SRV 4x4";2024;"0 km";;"AYAX SA";71490;;;;;Aguada;https://auto.mercadolibre.com.uy/MLU-641497737-toyota-hilux-srv-4x4-2024-rojo-0km-_JM;N/A;;"Toyota Hilux Srv 4x4 2024 Rojo 0km";usd;Sí;gold_premium;false;N/A;N/A;http://perfil.mercadolibre.com.uy/AYAX+SA;active;N/A;N/A;Nuevo;Rojo;N/A;Hidráulica;N/A;N/A;Sí;Sí;N/A;Sí;N/A;Sí;Sí;N/A;Sí;Sí;Sí;Sí;N/A;N/A;N/A;N/A;N/A;N/A;N/A;N/A;N/A;N/A;N/A;N/A;N/A;"2800 cc";N/A;6;N/A;N/A;Sí;Sí;Sí;N/A;Sí;N/A;N/A;N/A;N/A;N/A;N/A;N/A;N/A;N/A;N/A;N/A;N/A;N/A;N/A;N/A;N/A;Sí;N/A;Sí;N/A;Sí;N/A;N/A;N/A;N/A;N/A;N/A;N/A;N/A;Sí;N/A;N/A;N/A;N/A;N/A;Sí;N/A;N/A;N/A;N/A;N/A;N/A;N/A;N/A;N/A;"204 hp";Srv;N/A;N/A;N/A;N/A;N/A;N/A;Sí;Sí;Sí;Sí;Sí;N/A;N/A;N/A;N/A;N/A;Sí;N/A;N/A;N/A;"Lun. a Jue. de 9 a 18 hs. Vie. de 9 a 17 hs";4;2.8;Diésel;Automática;Pick-Up;"Autos y camionetas";No;N/A;N/A;N/A;No;N/A;UY;No;Sí;No;No;N/A;N/A;N/A;N/A;N/A;N/A;N/A;N/A;N/A;N/A;N/A;N/A;N/A;N/A;N/A;N/A;N/A;N/A;N/A;N/A;N/A;N/A;N/A;N/A;Sí;N/A;N/A;N/A;N/A;N/A;N/A;N/A;Sí;N/A;N/A;N/A;N/A;N/A;N/A;N/A;N/A;N/A;N/A;N/A;N/A;N/A;Sí;Sí;N/A;N/A;Sí;No;Sí;N/A;N/A;N/A;N/A;N/A;N/A;N/A;N/A;N/A;N/A;N/A;N/A;N/A;N/A;N/A;N/A;N/A;N/A;N/A;N/A;N/A;N/A;N/A;N/A;N/A;N/A;N/A;N/A;N/A;N/A;N/A;N/A;Sí;Sí;Sí;Sí;Sí;Sí;Sí;N/A;Sí;Sí;N/A;Sí;N/A;N/A;Sí;Sí;Sí;N/A;Sí;Sí;Sí;N/A;N/A;Sí;N/A;Sí
Toyota;Hilux;SRX;2024;"0 km";;"AYAX SA";82990;;;;;Aguada;https://auto.mercadolibre.com.uy/MLU-687604934-toyota-hilux-srx-2024-blanco-0km-_JM;N/A;;"Toyota Hilux Srx 2024 Blanco 0km";usd;Sí;gold_premium;false;N/A;N/A;http://perfil.mercadolibre.com.uy/AYAX+SA;active;N/A;N/A;Nuevo;Blanco;N/A;Hidráulica;N/A;Sí;Sí;Sí;Sí;Sí;N/A;Sí;Sí;Sí;N/A;Sí;Sí;Sí;N/A;N/A;N/A;N/A;N/A;N/A;N/A;N/A;N/A;N/A;N/A;N/A;N/A;"2800 cc";N/A;6;N/A;N/A;Sí;Sí;Sí;N/A;Sí;N/A;N/A;N/A;N/A;N/A;N/A;N/A;N/A;N/A;N/A;N/A;N/A;N/A;N/A;N/A;N/A;Sí;N/A;Sí;N/A;Sí;N/A;N/A;N/A;N/A;N/A;N/A;N/A;N/A;Sí;N/A;N/A;N/A;N/A;N/A;Sí;N/A;N/A;N/A;N/A;N/A;N/A;N/A;N/A;N/A;"204 hp";Srx;N/A;N/A;N/A;N/A;N/A;N/A;Sí;Sí;Sí;Sí;Sí;Sí;N/A;N/A;N/A;N/A;N/A;N/A;N/A;N/A;"Lun. a Jue. de 9 a 18 hs. Vie. de 9 a 17 hs";4;2.8;Diésel;Automática;Pick-Up;"Autos y camionetas";No;N/A;N/A;N/A;No;N/A;UY;No;Sí;No;No;N/A;N/A;N/A;N/A;N/A;N/A;N/A;N/A;N/A;N/A;N/A;N/A;N/A;N/A;N/A;N/A;N/A;N/A;N/A;N/A;N/A;N/A;N/A;N/A;Sí;N/A;N/A;N/A;N/A;N/A;N/A;N/A;Sí;N/A;N/A;N/A;N/A;N/A;N/A;N/A;N/A;N/A;Sí;N/A;N/A;N/A;Sí;Sí;N/A;N/A;Sí;No;Sí;N/A;N/A;N/A;N/A;N/A;N/A;N/A;N/A;N/A;N/A;N/A;N/A;N/A;N/A;N/A;N/A;N/A;N/A;N/A;N/A;N/A;N/A;N/A;N/A;N/A;N/A;N/A;N/A;Sí;N/A;N/A;N/A;Sí;N/A;Sí;Sí;Sí;Sí;Sí;N/A;Sí;Sí;N/A;N/A;N/A;N/A;Sí;Sí;Sí;N/A;Sí;N/A;Sí;N/A;N/A;N/A;N/A;Sí
Toyota;"Corolla Cross";"1.8 Seg Hybrid E-cvt";2024;"0 km";;AUTO_BOULEVARD;44990;;;;;"Tres Cruces";https://auto.mercadolibre.com.uy/MLU-640489387-toyota-corolla-cross-seg-hybrid-2025-entrega-inmediata-_JM;N/A;;"°toyota Corolla Cross Seg Hybrid 2025. Entrega Inmediata!!";usd;Sí;gold_premium;false;N/A;N/A;http://perfil.mercadolibre.com.uy/AUTO_BOULEVARD;active;N/A;N/A;Nuevo;Gris;N/A;Eléctrica;4x2;Sí;N/A;Sí;N/A;N/A;N/A;N/A;N/A;N/A;N/A;N/A;N/A;N/A;N/A;N/A;N/A;N/A;N/A;N/A;N/A;N/A;N/A;N/A;N/A;N/A;"2660 mm";"1.8 L";"60 L";5;N/A;N/A;N/A;N/A;N/A;N/A;N/A;N/A;N/A;N/A;N/A;N/A;N/A;N/A;N/A;N/A;N/A;N/A;N/A;N/A;N/A;N/A;N/A;N/A;N/A;N/A;N/A;N/A;N/A;N/A;N/A;N/A;N/A;N/A;N/A;N/A;N/A;N/A;N/A;N/A;N/A;N/A;N/A;N/A;N/A;"1715 mm";"4570 mm";N/A;N/A;N/A;N/A;5;"146 hp";Seg;N/A;4;"1845 mm";N/A;N/A;N/A;N/A;N/A;N/A;N/A;N/A;N/A;N/A;N/A;"10.9 km/l";N/A;N/A;N/A;N/A;N/A;"Lunes a Viernes de 9 a 19hs";5;1.8;Híbrido;Automática;SUV;"Autos y camionetas";N/A;N/A;N/A;N/A;N/A;N/A;UY;N/A;N/A;N/A;N/A;N/A;N/A;N/A;N/A;N/A;N/A;N/A;N/A;N/A;N/A;N/A;N/A;N/A;N/A;N/A;N/A;N/A;N/A;N/A;N/A;N/A;N/A;N/A;N/A;N/A;N/A;N/A;N/A;N/A;N/A;N/A;N/A;N/A;N/A;N/A;N/A;N/A;N/A;N/A;N/A;N/A;N/A;N/A;N/A;N/A;N/A;N/A;N/A;N/A;N/A;N/A;N/A;N/A;N/A;N/A;N/A;N/A;N/A;N/A;N/A;N/A;N/A;N/A;N/A;N/A;N/A;N/A;N/A;N/A;N/A;N/A;N/A;N/A;N/A;N/A;N/A;N/A;N/A;N/A;N/A;N/A;N/A;N/A;N/A;N/A;N/A;N/A;N/A;N/A;N/A;N/A;N/A;N/A;N/A;N/A;N/A;N/A;N/A;N/A;N/A;N/A;Sí;N/A;Sí;N/A;N/A;N/A;N/A;Sí;N/A;N/A
Toyota;Hilux;"SRV 4X2";2024;"0 km";;OLIVERA.AUTOMOTORES;41990;;;;;Tacuarembó;https://auto.mercadolibre.com.uy/MLU-679607312-toyota-hilux-srv-4x2-_JM;N/A;;"Toyota Hilux Srv 4x2 ";usd;Sí;gold_premium;false;N/A;N/A;http://perfil.mercadolibre.com.uy/OLIVERA.AUTOMOTORES;active;N/A;N/A;Nuevo;Plateado;N/A;Asistida;4x2;Sí;Sí;Sí;N/A;N/A;N/A;N/A;N/A;Sí;N/A;N/A;N/A;Sí;N/A;N/A;N/A;N/A;N/A;N/A;N/A;N/A;N/A;N/A;N/A;N/A;"2860 mm";"2.7 L";"80 L";5;N/A;N/A;N/A;N/A;N/A;N/A;N/A;N/A;N/A;Sí;N/A;N/A;N/A;N/A;N/A;N/A;N/A;N/A;N/A;N/A;N/A;N/A;N/A;N/A;N/A;N/A;N/A;N/A;N/A;N/A;N/A;N/A;N/A;Sí;N/A;N/A;N/A;N/A;N/A;N/A;N/A;N/A;N/A;N/A;N/A;"1850 mm";"5260 mm";N/A;N/A;N/A;N/A;5;"177 hp";Srv;N/A;2;"1855 mm";N/A;Sí;N/A;N/A;N/A;N/A;N/A;Sí;N/A;N/A;N/A;N/A;N/A;N/A;N/A;N/A;N/A;N/A;4;2.7;Nafta;Manual;Pick-Up;"Autos y camionetas";N/A;N/A;N/A;N/A;N/A;N/A;UY;N/A;Sí;N/A;N/A;N/A;N/A;N/A;N/A;N/A;N/A;N/A;N/A;N/A;N/A;N/A;N/A;N/A;N/A;N/A;N/A;N/A;N/A;N/A;N/A;N/A;N/A;N/A;N/A;N/A;N/A;N/A;N/A;N/A;N/A;N/A;N/A;Sí;N/A;N/A;N/A;N/A;N/A;N/A;N/A;N/A;N/A;N/A;N/A;N/A;N/A;N/A;N/A;N/A;N/A;N/A;N/A;N/A;N/A;N/A;N/A;N/A;N/A;N/A;N/A;N/A;N/A;N/A;N/A;N/A;N/A;N/A;N/A;N/A;N/A;N/A;N/A;N/A;N/A;N/A;N/A;N/A;N/A;N/A;N/A;N/A;N/A;N/A;N/A;N/A;N/A;N/A;Sí;N/A;N/A;N/A;N/A;N/A;N/A;Sí;N/A;N/A;N/A;N/A;N/A;Sí;Sí;N/A;Sí;Sí;Sí;N/A;Sí;Sí;N/A;Sí
Toyota;Hilux;"SRV 4X4";2024;"0 km";;OLIVERA.AUTOMOTORES;68490;;;;;Tacuarembó;https://auto.mercadolibre.com.uy/MLU-678460336-toyota-hilux-srv-4x4-_JM;N/A;;"Toyota Hilux Srv 4x4 ";usd;Sí;gold_premium;false;N/A;N/A;http://perfil.mercadolibre.com.uy/OLIVERA.AUTOMOTORES;active;N/A;N/A;Nuevo;Blanco;N/A;Hidráulica;4x4;Sí;Sí;Sí;N/A;N/A;N/A;N/A;N/A;N/A;N/A;N/A;Sí;Sí;N/A;N/A;N/A;N/A;N/A;N/A;N/A;N/A;N/A;N/A;N/A;N/A;"2860 mm";"2.7 L";"80 L";5;N/A;N/A;N/A;N/A;N/A;N/A;N/A;N/A;N/A;Sí;N/A;N/A;N/A;N/A;N/A;N/A;N/A;N/A;N/A;N/A;N/A;N/A;N/A;N/A;N/A;N/A;N/A;N/A;N/A;N/A;N/A;N/A;N/A;Sí;N/A;N/A;N/A;N/A;N/A;N/A;N/A;N/A;N/A;N/A;N/A;"1850 mm";"5260 mm";N/A;N/A;N/A;N/A;5;"177 hp";Srv;N/A;2;"1855 mm";N/A;Sí;N/A;N/A;N/A;N/A;N/A;Sí;N/A;N/A;N/A;N/A;N/A;N/A;N/A;N/A;N/A;N/A;4;2.7;Diésel;Manual;Pick-Up;"Autos y camionetas";N/A;N/A;N/A;N/A;N/A;N/A;UY;N/A;Sí;N/A;N/A;N/A;N/A;N/A;N/A;N/A;N/A;N/A;N/A;N/A;N/A;N/A;N/A;N/A;Sí;N/A;N/A;N/A;N/A;N/A;N/A;N/A;N/A;N/A;N/A;N/A;N/A;N/A;N/A;N/A;N/A;N/A;N/A;Sí;N/A;N/A;N/A;N/A;N/A;N/A;N/A;N/A;N/A;N/A;N/A;N/A;N/A;N/A;N/A;N/A;N/A;N/A;N/A;N/A;N/A;N/A;N/A;N/A;N/A;N/A;N/A;N/A;N/A;N/A;N/A;N/A;N/A;N/A;N/A;N/A;N/A;N/A;N/A;N/A;N/A;N/A;N/A;N/A;N/A;N/A;N/A;N/A;N/A;N/A;N/A;N/A;Sí;N/A;Sí;N/A;N/A;N/A;N/A;N/A;N/A;Sí;N/A;N/A;N/A;N/A;N/A;Sí;Sí;N/A;Sí;Sí;Sí;N/A;Sí;Sí;N/A;Sí
Toyota;Hilux;"2.8 D.cab plus Tss";2022;"120000 km";;LATORREWILSON40;62900;;;;;Trinidad;https://auto.mercadolibre.com.uy/MLU-646714631-toyota-hilux-28-dcab-plus-tss-_JM;N/A;;"Toyota Hilux 2.8 D.cab Plus Tss";usd;Sí;gold_premium;false;N/A;N/A;http://perfil.mercadolibre.com.uy/LATORREWILSON40;active;N/A;N/A;Usado;Rojo;N/A;Hidráulica;4x4;Sí;N/A;Sí;N/A;N/A;N/A;N/A;N/A;N/A;N/A;N/A;N/A;N/A;N/A;N/A;N/A;N/A;N/A;N/A;N/A;N/A;N/A;N/A;N/A;N/A;"3085 mm";"2.8 L";"80 L";6;N/A;N/A;N/A;N/A;N/A;N/A;N/A;N/A;N/A;N/A;N/A;N/A;N/A;N/A;N/A;N/A;N/A;N/A;N/A;N/A;N/A;N/A;N/A;N/A;N/A;N/A;N/A;N/A;N/A;N/A;N/A;N/A;N/A;N/A;N/A;N/A;N/A;N/A;N/A;N/A;N/A;N/A;N/A;N/A;N/A;"1815 mm";"5325 mm";N/A;N/A;N/A;N/A;5;"204 hp";"Srv Plus";N/A;4;"1855 mm";N/A;N/A;N/A;N/A;N/A;N/A;N/A;Sí;N/A;N/A;N/A;N/A;N/A;N/A;N/A;N/A;N/A;N/A;4;2.8;Diésel;Automática;Pick-Up;"Autos y camionetas";N/A;N/A;N/A;N/A;N/A;N/A;UY;N/A;N/A;N/A;N/A;N/A;N/A;N/A;N/A;N/A;N/A;N/A;N/A;N/A;N/A;N/A;N/A;N/A;N/A;N/A;N/A;N/A;N/A;N/A;N/A;N/A;N/A;N/A;N/A;N/A;N/A;N/A;N/A;N/A;N/A;N/A;N/A;N/A;N/A;N/A;N/A;N/A;N/A;N/A;N/A;N/A;N/A;N/A;N/A;N/A;N/A;N/A;N/A;N/A;N/A;N/A;N/A;N/A;N/A;N/A;N/A;N/A;N/A;N/A;N/A;N/A;N/A;N/A;N/A;N/A;N/A;N/A;N/A;N/A;N/A;N/A;N/A;N/A;N/A;N/A;N/A;N/A;N/A;N/A;N/A;N/A;N/A;N/A;N/A;N/A;N/A;N/A;N/A;N/A;N/A;N/A;N/A;N/A;N/A;N/A;N/A;N/A;N/A;N/A;N/A;N/A;Sí;N/A;Sí;N/A;N/A;N/A;N/A;Sí;N/A;N/A
Toyota;Hilux;"GAZOO RACING 4X4 ATM";2024;"0 km";;"VIPERCAR AUTOMOVILES_1";85990;;;;;Aguada;https://auto.mercadolibre.com.uy/MLU-646010183-toyota-hilux-gazoo-racing-4x4-atm-2024-0km-_JM;N/A;;"Toyota Hilux Gazoo Racing 4x4 Atm 2024 0km";USD;Sí;gold_premium;false;N/A;N/A;http://perfil.mercadolibre.com.uy/VIPERCAR+AUTOMOVILES_1;active;N/A;N/A;Nuevo;N/A;N/A;Eléctrica;N/A;Sí;Sí;Sí;Sí;Sí;N/A;Sí;Sí;Sí;Sí;Sí;Sí;Sí;N/A;N/A;N/A;N/A;N/A;N/A;N/A;N/A;N/A;N/A;N/A;N/A;N/A;N/A;N/A;N/A;N/A;N/A;Sí;Sí;Sí;N/A;N/A;N/A;N/A;N/A;N/A;N/A;N/A;N/A;N/A;N/A;N/A;N/A;N/A;N/A;N/A;N/A;N/A;Sí;N/A;Sí;N/A;N/A;N/A;N/A;N/A;N/A;N/A;N/A;N/A;N/A;N/A;N/A;N/A;N/A;N/A;N/A;Sí;N/A;N/A;N/A;N/A;N/A;N/A;N/A;N/A;N/A;N/A;N/A;N/A;N/A;N/A;N/A;N/A;N/A;Sí;Sí;Sí;Sí;Sí;Sí;N/A;N/A;N/A;N/A;N/A;N/A;Sí;N/A;"Lun a Vie de 9 a 12:30 y de 13:30 a 19. Sáb de 9 a 13 hs.";4;N/A;Diésel;"Automática secuencial";Pick-Up;"Autos y camionetas";No;N/A;N/A;N/A;No;N/A;N/A;No;Sí;No;No;N/A;N/A;N/A;N/A;N/A;N/A;N/A;N/A;N/A;N/A;N/A;N/A;N/A;Sí;N/A;N/A;N/A;N/A;N/A;N/A;N/A;N/A;N/A;N/A;Sí;N/A;N/A;N/A;N/A;N/A;N/A;N/A;Sí;N/A;N/A;N/A;N/A;N/A;N/A;N/A;N/A;N/A;Sí;N/A;N/A;N/A;Sí;Sí;N/A;N/A;Sí;No;Sí;N/A;N/A;N/A;N/A;N/A;N/A;N/A;N/A;N/A;N/A;N/A;N/A;N/A;N/A;N/A;N/A;N/A;N/A;N/A;N/A;N/A;N/A;N/A;N/A;N/A;N/A;N/A;N/A;Sí;N/A;N/A;N/A;Sí;Sí;Sí;Sí;Sí;Sí;Sí;N/A;Sí;Sí;Sí;Sí;N/A;Sí;Sí;Sí;Sí;N/A;Sí;N/A;Sí;N/A;N/A;Sí;N/A;Sí
Toyota;Hilux;"Plus 4x4 At.";2023;"0 km";;AUTO_BOULEVARD;76490;;;;;"Tres Cruces";https://auto.mercadolibre.com.uy/MLU-672616834-toyota-hilux-28-plus-at-2024-us-62696-precio-leasing-_JM;N/A;;"°toyota Hilux 2.8 Plus At. 2024. U$s 62.696 Precio Leasing!!";usd;Sí;gold_premium;false;N/A;N/A;http://perfil.mercadolibre.com.uy/AUTO_BOULEVARD;active;N/A;N/A;Nuevo;Blanco;N/A;Hidráulica;4x4;Sí;Sí;Sí;N/A;N/A;Sí;N/A;N/A;Sí;N/A;N/A;Sí;Sí;N/A;N/A;N/A;N/A;N/A;N/A;N/A;N/A;N/A;N/A;N/A;N/A;"2860 mm";"2.4 L";"80 L";5;N/A;N/A;N/A;N/A;N/A;Sí;N/A;N/A;N/A;N/A;N/A;N/A;N/A;N/A;N/A;N/A;N/A;N/A;N/A;N/A;N/A;N/A;N/A;N/A;N/A;N/A;N/A;N/A;N/A;N/A;N/A;N/A;N/A;N/A;N/A;N/A;N/A;N/A;N/A;N/A;N/A;N/A;N/A;N/A;N/A;"1850 mm";"5260 mm";N/A;N/A;N/A;N/A;5;"150 hp";Dx;N/A;4;"1855 mm";"8.2 km/l";N/A;N/A;Sí;Sí;N/A;Sí;Sí;N/A;N/A;N/A;"6.3 km/l";N/A;Sí;N/A;N/A;N/A;"Lunes a Viernes de 9 a 19hs";4;2.8;Diésel;Automática;Pick-Up;"Autos y camionetas";N/A;N/A;N/A;N/A;N/A;N/A;UY;N/A;Sí;N/A;N/A;N/A;N/A;N/A;N/A;N/A;N/A;N/A;N/A;N/A;N/A;N/A;N/A;N/A;Sí;N/A;N/A;N/A;N/A;N/A;N/A;N/A;N/A;N/A;N/A;N/A;N/A;N/A;N/A;N/A;N/A;N/A;N/A;Sí;N/A;N/A;N/A;N/A;N/A;N/A;N/A;N/A;N/A;N/A;N/A;N/A;N/A;N/A;N/A;N/A;N/A;N/A;N/A;N/A;N/A;N/A;N/A;N/A;N/A;N/A;N/A;N/A;N/A;N/A;N/A;N/A;N/A;N/A;N/A;N/A;N/A;N/A;N/A;N/A;N/A;N/A;N/A;N/A;N/A;N/A;N/A;N/A;N/A;N/A;N/A;N/A;Sí;Sí;Sí;N/A;Sí;N/A;N/A;N/A;N/A;Sí;Sí;N/A;Sí;N/A;N/A;Sí;Sí;Sí;Sí;Sí;N/A;N/A;N/A;Sí;N/A;Sí
Toyota;Hilux;"2.7 D.cab. Srv";2023;"0 km";;AUTO_BOULEVARD;41990;;;;;"Tres Cruces";https://auto.mercadolibre.com.uy/MLU-672615132-toyota-hilux-srv-4x2-nafta-2024-entrega-inmediata-_JM;N/A;;"°toyota Hilux Srv 4x2 Nafta 2024. Entrega Inmediata!!";usd;Sí;gold_premium;false;N/A;N/A;http://perfil.mercadolibre.com.uy/AUTO_BOULEVARD;active;N/A;N/A;Nuevo;Negro;N/A;Hidráulica;4x2;Sí;Sí;Sí;N/A;N/A;Sí;N/A;N/A;Sí;N/A;N/A;Sí;Sí;N/A;N/A;N/A;N/A;N/A;N/A;N/A;N/A;N/A;N/A;N/A;N/A;"2860 mm";"2.7 L";"80 L";5;N/A;N/A;N/A;N/A;N/A;Sí;N/A;N/A;N/A;Sí;N/A;N/A;N/A;N/A;N/A;N/A;N/A;N/A;N/A;N/A;N/A;N/A;N/A;N/A;N/A;N/A;N/A;N/A;N/A;N/A;N/A;N/A;N/A;Sí;N/A;N/A;N/A;N/A;N/A;N/A;N/A;N/A;N/A;N/A;N/A;"1850 mm";"5260 mm";N/A;N/A;N/A;N/A;5;"177 hp";Srv;N/A;2;"1855 mm";N/A;Sí;N/A;Sí;Sí;N/A;Sí;Sí;N/A;N/A;N/A;N/A;N/A;Sí;N/A;N/A;N/A;"Lunes a Viernes de 9 a 19hs";4;2.7;Nafta;Manual;Pick-Up;"Autos y camionetas";N/A;N/A;N/A;N/A;N/A;N/A;UY;N/A;Sí;N/A;N/A;N/A;N/A;N/A;N/A;N/A;N/A;N/A;N/A;N/A;N/A;N/A;N/A;N/A;Sí;N/A;N/A;N/A;N/A;N/A;N/A;N/A;N/A;N/A;N/A;N/A;N/A;N/A;N/A;N/A;N/A;N/A;N/A;Sí;N/A;N/A;N/A;N/A;N/A;N/A;N/A;N/A;N/A;N/A;N/A;N/A;N/A;N/A;N/A;N/A;N/A;N/A;N/A;N/A;N/A;N/A;N/A;N/A;N/A;N/A;N/A;N/A;N/A;N/A;N/A;N/A;N/A;N/A;N/A;N/A;N/A;N/A;N/A;N/A;N/A;N/A;N/A;N/A;N/A;N/A;N/A;N/A;N/A;N/A;N/A;N/A;Sí;Sí;Sí;N/A;Sí;N/A;N/A;N/A;N/A;Sí;Sí;N/A;N/A;N/A;N/A;Sí;Sí;Sí;Sí;Sí;Sí;N/A;Sí;Sí;N/A;Sí
Toyota;Hilux;"2.7 D.cab. Srv";2023;"0 km";;AUTO_BOULEVARD;46990;;;;;"Tres Cruces";https://auto.mercadolibre.com.uy/MLU-637408095-toyota-hilux-srv-nafta-4x4-ano-2024-entrega-inmediata-_JM;N/A;;"°toyota Hilux Srv Nafta 4x4 Año 2024. Entrega Inmediata!";usd;Sí;gold_premium;false;N/A;N/A;http://perfil.mercadolibre.com.uy/AUTO_BOULEVARD;active;N/A;N/A;Nuevo;Blanco;N/A;Hidráulica;4x2;Sí;Sí;Sí;N/A;N/A;N/A;N/A;N/A;N/A;N/A;N/A;Sí;Sí;N/A;N/A;N/A;N/A;N/A;N/A;N/A;N/A;N/A;N/A;N/A;N/A;"2860 mm";"2.7 L";"80 L";5;N/A;N/A;N/A;N/A;N/A;Sí;N/A;N/A;N/A;Sí;N/A;N/A;N/A;N/A;N/A;N/A;N/A;N/A;N/A;N/A;N/A;N/A;N/A;N/A;N/A;N/A;N/A;N/A;N/A;N/A;N/A;N/A;N/A;Sí;N/A;N/A;N/A;N/A;N/A;N/A;N/A;N/A;N/A;N/A;N/A;"1850 mm";"5260 mm";N/A;N/A;N/A;N/A;5;"177 hp";Srv;N/A;2;"1855 mm";N/A;Sí;N/A;Sí;Sí;N/A;Sí;Sí;N/A;N/A;N/A;N/A;N/A;Sí;N/A;N/A;N/A;"Lunes a Viernes de 9 a 19hs";4;2.7;Nafta;Manual;Pick-Up;"Autos y camionetas";N/A;N/A;N/A;N/A;N/A;N/A;UY;N/A;Sí;N/A;N/A;N/A;N/A;N/A;N/A;N/A;N/A;N/A;N/A;N/A;N/A;N/A;N/A;N/A;Sí;N/A;N/A;N/A;N/A;N/A;N/A;N/A;N/A;N/A;N/A;N/A;N/A;N/A;N/A;N/A;N/A;N/A;N/A;Sí;N/A;N/A;N/A;N/A;N/A;N/A;N/A;N/A;N/A;N/A;N/A;N/A;N/A;N/A;N/A;N/A;N/A;N/A;N/A;N/A;N/A;N/A;N/A;N/A;N/A;N/A;N/A;N/A;N/A;N/A;N/A;N/A;N/A;N/A;N/A;N/A;N/A;N/A;N/A;N/A;N/A;N/A;N/A;N/A;N/A;N/A;N/A;N/A;N/A;N/A;N/A;N/A;Sí;Sí;Sí;N/A;Sí;N/A;N/A;N/A;N/A;Sí;N/A;N/A;Sí;N/A;N/A;Sí;Sí;Sí;Sí;Sí;Sí;N/A;Sí;Sí;N/A;Sí
Toyota;Hilux;"2.4 P.up T.diesel Dx 4x4";2023;"0 km";;AUTO_BOULEVARD;71490;;;;;"Tres Cruces";https://auto.mercadolibre.com.uy/MLU-672629874-toyota-hilux-28-aut-4x4-ano-2024-entrega-inmediata-_JM;N/A;;"°toyota Hilux 2.8 Aut. 4x4 Año 2024. Entrega Inmediata!!";usd;Sí;gold_premium;false;N/A;N/A;http://perfil.mercadolibre.com.uy/AUTO_BOULEVARD;active;N/A;N/A;Nuevo;Blanco;N/A;Hidráulica;4x4;Sí;Sí;N/A;N/A;N/A;N/A;N/A;N/A;N/A;N/A;N/A;N/A;Sí;N/A;N/A;N/A;N/A;N/A;N/A;N/A;N/A;N/A;N/A;N/A;N/A;"2860 mm";"2.4 L";"80 L";5;N/A;N/A;N/A;N/A;N/A;Sí;N/A;N/A;N/A;N/A;N/A;N/A;N/A;N/A;N/A;N/A;N/A;N/A;N/A;N/A;N/A;N/A;N/A;N/A;N/A;N/A;N/A;N/A;N/A;N/A;N/A;N/A;N/A;N/A;N/A;N/A;N/A;N/A;N/A;N/A;N/A;N/A;N/A;N/A;N/A;"1850 mm";"5260 mm";N/A;N/A;N/A;N/A;5;"150 hp";Dx;N/A;4;"1855 mm";"8.2 km/l";N/A;N/A;Sí;Sí;N/A;Sí;Sí;N/A;N/A;N/A;"6.3 km/l";N/A;Sí;N/A;N/A;N/A;"Lunes a viernes de 9  a 19hs";4;2.4;Diésel;Manual;Pick-Up;"Autos y camionetas";N/A;N/A;N/A;N/A;N/A;N/A;UY;N/A;Sí;N/A;N/A;N/A;N/A;N/A;N/A;N/A;N/A;N/A;N/A;N/A;N/A;N/A;N/A;N/A;Sí;N/A;N/A;N/A;N/A;N/A;N/A;N/A;N/A;N/A;N/A;N/A;N/A;N/A;N/A;N/A;N/A;N/A;N/A;Sí;N/A;N/A;N/A;N/A;N/A;N/A;N/A;N/A;N/A;N/A;N/A;N/A;N/A;N/A;N/A;N/A;N/A;N/A;N/A;N/A;N/A;N/A;N/A;N/A;N/A;N/A;N/A;N/A;N/A;N/A;N/A;N/A;N/A;N/A;N/A;N/A;N/A;N/A;N/A;N/A;N/A;N/A;N/A;N/A;N/A;N/A;N/A;N/A;N/A;N/A;N/A;N/A;N/A;N/A;Sí;N/A;N/A;N/A;N/A;N/A;N/A;Sí;N/A;N/A;Sí;N/A;N/A;Sí;Sí;Sí;Sí;Sí;Sí;N/A;N/A;Sí;N/A;Sí
Toyota;Corolla;SEG;2024;"0 km";;"VIPERCAR AUTOMOVILES_1";39990;;;;;Aguada;https://auto.mercadolibre.com.uy/MLU-665439622-toyota-corolla-seg-18-2024-0km-_JM;N/A;;"Toyota Corolla Seg 1.8 2024 0km";USD;Sí;gold_premium;false;N/A;N/A;http://perfil.mercadolibre.com.uy/VIPERCAR+AUTOMOVILES_1;active;N/A;N/A;Nuevo;N/A;N/A;Eléctrica;N/A;Sí;Sí;Sí;Sí;Sí;N/A;Sí;Sí;Sí;Sí;Sí;Sí;Sí;N/A;N/A;N/A;N/A;N/A;N/A;N/A;N/A;N/A;N/A;N/A;N/A;N/A;"1800 cc";N/A;7;N/A;N/A;Sí;Sí;Sí;Sí;Sí;N/A;N/A;N/A;N/A;N/A;N/A;N/A;N/A;N/A;N/A;N/A;N/A;N/A;N/A;N/A;N/A;Sí;N/A;Sí;N/A;Sí;N/A;N/A;N/A;N/A;N/A;N/A;N/A;N/A;N/A;N/A;N/A;N/A;N/A;N/A;Sí;N/A;N/A;N/A;N/A;N/A;N/A;N/A;N/A;N/A;"122 hp";Se-g;N/A;N/A;N/A;N/A;N/A;N/A;Sí;Sí;Sí;Sí;Sí;Sí;N/A;N/A;N/A;N/A;N/A;N/A;N/A;N/A;"Lun a Vie de 9 a 12:30 y de 13:30 a 19. Sáb de 9 a 13 hs.";4;1.8;Híbrido;Automática;Sedán;"Autos y camionetas";No;N/A;N/A;N/A;No;N/A;N/A;No;Sí;No;No;N/A;N/A;N/A;N/A;N/A;N/A;N/A;N/A;N/A;N/A;N/A;N/A;N/A;Sí;N/A;N/A;N/A;N/A;N/A;N/A;N/A;N/A;N/A;N/A;Sí;N/A;N/A;N/A;N/A;N/A;N/A;N/A;Sí;N/A;N/A;N/A;N/A;N/A;N/A;N/A;N/A;N/A;Sí;N/A;N/A;N/A;Sí;Sí;N/A;N/A;Sí;No;N/A;N/A;N/A;N/A;N/A;N/A;N/A;N/A;N/A;N/A;N/A;N/A;N/A;N/A;N/A;N/A;N/A;N/A;N/A;N/A;N/A;N/A;N/A;N/A;N/A;N/A;N/A;N/A;N/A;Sí;N/A;N/A;N/A;Sí;N/A;Sí;Sí;Sí;Sí;Sí;N/A;Sí;Sí;Sí;Sí;N/A;N/A;Sí;Sí;Sí;N/A;Sí;Sí;Sí;N/A;N/A;Sí;N/A;Sí
Toyota;Corolla;"1.8 Se-g Cvt 140cv";2017;"160000 km";;"USADOS FIDOCAR";19890;;;;;Centro;https://auto.mercadolibre.com.uy/MLU-646480393-toyota-_JM;N/A;;"Toyota ";usd;Sí;gold_premium;false;N/A;N/A;http://perfil.mercadolibre.com.uy/USADOS+FIDOCAR;active;N/A;N/A;Usado;Blanco;N/A;Eléctrica;Delantera;Sí;N/A;N/A;N/A;N/A;N/A;N/A;N/A;N/A;N/A;N/A;N/A;N/A;N/A;N/A;N/A;N/A;N/A;N/A;N/A;N/A;N/A;N/A;N/A;N/A;"2700 mm";"1.8 L";"57 L";7;N/A;N/A;N/A;N/A;N/A;N/A;N/A;N/A;N/A;N/A;N/A;N/A;N/A;N/A;N/A;N/A;N/A;N/A;N/A;N/A;N/A;N/A;N/A;N/A;N/A;N/A;N/A;N/A;N/A;N/A;N/A;N/A;N/A;N/A;N/A;N/A;N/A;N/A;N/A;N/A;N/A;N/A;N/A;N/A;N/A;"1460 mm";"4620 mm";N/A;N/A;N/A;N/A;5;"140 hp";Se-g;N/A;4;"1775 mm";"13.5 km/l";Sí;N/A;N/A;N/A;N/A;N/A;N/A;N/A;N/A;N/A;N/A;N/A;N/A;N/A;N/A;N/A;"Lunes a Viernes de 9:00 a 18:00 - Sábados y Domingos de 10:00 a 17:00";4;1.8;Nafta;Automática;Sedán;"Autos y camionetas";N/A;N/A;N/A;N/A;N/A;N/A;UY;N/A;N/A;N/A;N/A;N/A;N/A;N/A;N/A;N/A;N/A;N/A;N/A;N/A;N/A;N/A;N/A;N/A;N/A;N/A;N/A;N/A;N/A;N/A;N/A;N/A;N/A;N/A;N/A;N/A;N/A;N/A;N/A;N/A;N/A;N/A;N/A;N/A;N/A;N/A;N/A;N/A;N/A;N/A;N/A;N/A;N/A;N/A;N/A;N/A;N/A;N/A;N/A;N/A;N/A;N/A;N/A;N/A;N/A;N/A;N/A;N/A;N/A;N/A;N/A;N/A;N/A;N/A;N/A;N/A;N/A;N/A;N/A;N/A;N/A;N/A;N/A;N/A;N/A;N/A;N/A;N/A;N/A;N/A;N/A;N/A;N/A;N/A;N/A;N/A;N/A;N/A;N/A;N/A;N/A;N/A;N/A;N/A;N/A;N/A;N/A;N/A;N/A;N/A;N/A;N/A;N/A;N/A;Sí;N/A;N/A;Sí;Sí;N/A;N/A;N/A
Toyota;Hilux;"2.8 D/cab 4x4 Srv";2019;"188000 km";;TRINIDADMOTORS;50900;;;;;Trinidad;https://auto.mercadolibre.com.uy/MLU-691916072-toyota-hilux-srv-4x4-plus-automatica-_JM;N/A;;"Toyota Hilux Srv 4x4 Plus Automática ";usd;Sí;gold_premium;false;N/A;N/A;http://perfil.mercadolibre.com.uy/TRINIDADMOTORS;active;N/A;N/A;Usado;Blanco;N/A;N/A;4x4;Sí;N/A;N/A;N/A;N/A;N/A;N/A;N/A;N/A;N/A;N/A;N/A;N/A;N/A;N/A;N/A;N/A;N/A;N/A;N/A;N/A;N/A;N/A;N/A;N/A;"2860 mm";"2.8 L";"65 L";5;N/A;N/A;N/A;N/A;N/A;N/A;N/A;N/A;N/A;N/A;N/A;N/A;N/A;N/A;N/A;N/A;N/A;N/A;N/A;N/A;N/A;N/A;N/A;N/A;N/A;N/A;N/A;N/A;N/A;N/A;N/A;N/A;N/A;N/A;N/A;N/A;N/A;N/A;N/A;N/A;N/A;N/A;N/A;N/A;N/A;"1805 mm";"4850 mm";N/A;N/A;N/A;N/A;5;"177 hp";Dlx;N/A;2;"1630 mm";N/A;N/A;N/A;N/A;N/A;N/A;N/A;N/A;N/A;N/A;N/A;N/A;N/A;N/A;N/A;N/A;N/A;"TODOS LOS DIAS";4;2.8;Diésel;Manual;Pick-Up;"Autos y camionetas";N/A;N/A;N/A;N/A;N/A;N/A;UY;N/A;N/A;N/A;N/A;N/A;N/A;N/A;N/A;N/A;N/A;N/A;N/A;N/A;N/A;N/A;N/A;N/A;N/A;N/A;N/A;N/A;N/A;N/A;N/A;N/A;N/A;N/A;N/A;N/A;N/A;N/A;N/A;N/A;N/A;N/A;N/A;N/A;N/A;N/A;N/A;N/A;N/A;N/A;N/A;N/A;N/A;N/A;N/A;N/A;N/A;N/A;N/A;N/A;N/A;N/A;N/A;N/A;N/A;N/A;N/A;N/A;N/A;N/A;N/A;N/A;N/A;N/A;N/A;N/A;N/A;N/A;N/A;N/A;N/A;N/A;N/A;N/A;N/A;N/A;N/A;N/A;N/A;N/A;N/A;N/A;N/A;N/A;N/A;N/A;N/A;N/A;N/A;N/A;N/A;N/A;N/A;N/A;N/A;N/A;N/A;N/A;N/A;N/A;N/A;N/A;N/A;N/A;Sí;N/A;N/A;N/A;N/A;N/A;N/A;N/A
Toyota;Corolla;"XLI 1.6";2007;"174368 km";;"AUTOMOTORA BARRIOLA";10900;;;;;"Las Piedras";https://auto.mercadolibre.com.uy/MLU-688361104-toyota-corolla-2007-excelente-estado-barriola-_JM;N/A;;"Toyota Corolla 2007 Excelente Estado! - Barriola";usd;No;gold_premium;false;N/A;N/A;http://perfil.mercadolibre.com.uy/AUTOMOTORA+BARRIOLA;active;N/A;N/A;Usado;Dorado;N/A;Hidráulica;N/A;Sí;N/A;Sí;N/A;N/A;N/A;N/A;N/A;N/A;N/A;N/A;N/A;Sí;N/A;N/A;N/A;N/A;N/A;N/A;N/A;N/A;N/A;N/A;N/A;N/A;N/A;"1600 cc";N/A;5;N/A;N/A;N/A;N/A;N/A;Sí;N/A;N/A;N/A;N/A;N/A;N/A;N/A;N/A;N/A;N/A;N/A;N/A;N/A;N/A;N/A;N/A;N/A;N/A;N/A;N/A;N/A;N/A;N/A;N/A;N/A;N/A;N/A;N/A;N/A;N/A;N/A;N/A;N/A;N/A;N/A;N/A;N/A;N/A;N/A;N/A;N/A;N/A;N/A;N/A;N/A;N/A;N/A;Xli;N/A;N/A;N/A;N/A;N/A;N/A;N/A;N/A;N/A;N/A;N/A;N/A;N/A;N/A;N/A;N/A;N/A;N/A;N/A;N/A;"Lun. a Vie. de 9 a 19 hs. Sáb. de 9:30 a 13 hs.";5;1.6;Nafta;Manual;Sedán;"Autos y camionetas";No;N/A;N/A;N/A;No;N/A;UY;No;Sí;No;No;N/A;N/A;N/A;N/A;N/A;N/A;N/A;N/A;N/A;N/A;N/A;N/A;N/A;N/A;N/A;N/A;N/A;N/A;N/A;N/A;N/A;N/A;N/A;N/A;N/A;N/A;N/A;N/A;N/A;N/A;N/A;N/A;N/A;N/A;N/A;N/A;N/A;N/A;N/A;N/A;N/A;N/A;N/A;N/A;N/A;N/A;N/A;N/A;N/A;N/A;N/A;No;N/A;N/A;N/A;N/A;N/A;N/A;N/A;N/A;N/A;N/A;N/A;N/A;N/A;N/A;N/A;N/A;N/A;N/A;N/A;N/A;N/A;N/A;N/A;N/A;N/A;N/A;N/A;N/A;N/A;N/A;N/A;N/A;N/A;N/A;Sí;N/A;N/A;N/A;N/A;N/A;N/A;N/A;N/A;N/A;N/A;N/A;N/A;N/A;N/A;N/A;N/A;Sí;Sí;Sí;N/A;N/A;Sí;Sí;Sí
Toyota;RAV4;"S PLUS";2024;"0 km";;"AYAX SA";58990;;;;;Aguada;https://auto.mercadolibre.com.uy/MLU-684468768-toyota-rav4-s-plus-2024-verde-0km-_JM;N/A;;"Toyota Rav4 S Plus 2024 Verde 0km";usd;Sí;gold_premium;false;N/A;N/A;http://perfil.mercadolibre.com.uy/AYAX+SA;active;N/A;N/A;Nuevo;Verde;N/A;Eléctrica;N/A;N/A;Sí;Sí;Sí;Sí;N/A;Sí;Sí;N/A;Sí;N/A;Sí;Sí;N/A;Sí;N/A;N/A;N/A;N/A;N/A;N/A;N/A;N/A;N/A;N/A;N/A;"2500 cc";N/A;6;N/A;N/A;Sí;Sí;Sí;N/A;Sí;N/A;N/A;N/A;N/A;N/A;N/A;N/A;N/A;N/A;N/A;N/A;N/A;N/A;N/A;N/A;N/A;Sí;N/A;Sí;N/A;Sí;N/A;N/A;N/A;N/A;N/A;N/A;N/A;N/A;Sí;N/A;N/A;N/A;N/A;N/A;Sí;N/A;N/A;N/A;N/A;N/A;N/A;N/A;N/A;N/A;"218 hp";Plus;N/A;N/A;N/A;N/A;N/A;N/A;Sí;Sí;Sí;Sí;Sí;Sí;Sí;N/A;N/A;N/A;Sí;N/A;N/A;Sí;"Lun. a Jue. de 9 a 18 hs. Vie. de 9 a 17 hs";4;2.5;Híbrido;Automática;SUV;"Autos y camionetas";No;N/A;N/A;N/A;No;N/A;UY;No;Sí;No;No;N/A;N/A;N/A;N/A;N/A;N/A;N/A;N/A;N/A;N/A;N/A;N/A;N/A;Sí;N/A;N/A;N/A;N/A;N/A;N/A;N/A;N/A;N/A;N/A;Sí;N/A;N/A;N/A;N/A;N/A;N/A;N/A;Sí;N/A;N/A;N/A;N/A;N/A;N/A;N/A;N/A;N/A;Sí;N/A;N/A;N/A;Sí;Sí;N/A;N/A;Sí;No;N/A;N/A;N/A;N/A;N/A;N/A;N/A;Sí;N/A;N/A;N/A;N/A;N/A;N/A;N/A;N/A;N/A;N/A;N/A;N/A;N/A;N/A;N/A;N/A;N/A;N/A;N/A;N/A;N/A;N/A;N/A;N/A;N/A;Sí;Sí;Sí;Sí;Sí;Sí;Sí;N/A;Sí;Sí;Sí;Sí;N/A;N/A;Sí;Sí;Sí;N/A;Sí;Sí;Sí;N/A;N/A;Sí;N/A;Sí
Toyota;Hilux;"Dx 4X4";2024;"0 km";;"AYAX SA";58990;;;;;Aguada;https://auto.mercadolibre.com.uy/MLU-684350810-toyota-hilux-dx-4x4-2024-blanco-0km-_JM;N/A;;"Toyota Hilux Dx 4x4 2024 Blanco 0km";usd;Sí;gold_premium;false;N/A;N/A;http://perfil.mercadolibre.com.uy/AYAX+SA;active;N/A;N/A;Nuevo;Blanco;N/A;Hidráulica;N/A;Sí;Sí;Sí;N/A;Sí;N/A;Sí;N/A;N/A;N/A;N/A;N/A;Sí;N/A;N/A;N/A;N/A;N/A;N/A;N/A;N/A;N/A;N/A;N/A;N/A;N/A;"2400 cc";N/A;6;N/A;N/A;Sí;Sí;Sí;N/A;N/A;N/A;N/A;N/A;N/A;N/A;N/A;N/A;N/A;N/A;N/A;N/A;N/A;N/A;N/A;N/A;N/A;Sí;N/A;Sí;N/A;Sí;N/A;N/A;N/A;N/A;N/A;N/A;N/A;N/A;Sí;N/A;N/A;N/A;N/A;N/A;N/A;N/A;N/A;N/A;N/A;N/A;N/A;N/A;N/A;N/A;"150 hp";Dx;N/A;N/A;N/A;N/A;N/A;N/A;N/A;Sí;N/A;Sí;Sí;N/A;N/A;N/A;N/A;N/A;Sí;N/A;N/A;N/A;"Lun. a Jue. de 9 a 18 hs. Vie. de 9 a 17 hs";4;2.4;Diésel;Manual;Pick-Up;"Autos y camionetas";No;N/A;N/A;N/A;No;N/A;UY;No;Sí;No;No;N/A;N/A;N/A;N/A;N/A;N/A;N/A;N/A;N/A;N/A;N/A;N/A;N/A;N/A;N/A;N/A;N/A;N/A;N/A;N/A;N/A;N/A;N/A;N/A;N/A;N/A;N/A;N/A;N/A;N/A;N/A;N/A;Sí;N/A;N/A;N/A;N/A;N/A;N/A;N/A;N/A;N/A;N/A;N/A;N/A;N/A;N/A;N/A;N/A;N/A;Sí;No;N/A;N/A;N/A;N/A;N/A;N/A;N/A;N/A;N/A;N/A;N/A;N/A;N/A;N/A;N/A;N/A;N/A;N/A;N/A;N/A;N/A;N/A;N/A;N/A;N/A;N/A;N/A;N/A;N/A;N/A;N/A;N/A;N/A;Sí;Sí;N/A;Sí;Sí;N/A;Sí;N/A;N/A;Sí;N/A;N/A;N/A;N/A;Sí;Sí;N/A;N/A;Sí;N/A;Sí;N/A;N/A;Sí;N/A;Sí
Toyota;RAV4;"LIMITED PLUS";2024;"0 km";;"AYAX SA";67990;;;;;Aguada;https://auto.mercadolibre.com.uy/MLU-684087848-toyota-rav4-limited-plus-2024-gris-oscuro-0km-_JM;N/A;;"Toyota Rav4 Limited Plus 2024 Gris Oscuro 0km";usd;Sí;gold_premium;false;N/A;N/A;http://perfil.mercadolibre.com.uy/AYAX+SA;active;N/A;N/A;Nuevo;"Gris oscuro";N/A;Eléctrica;N/A;N/A;Sí;Sí;Sí;Sí;N/A;Sí;Sí;Sí;Sí;Sí;Sí;Sí;N/A;Sí;N/A;N/A;N/A;N/A;N/A;N/A;N/A;N/A;N/A;N/A;N/A;"2500 cc";N/A;6;N/A;N/A;Sí;Sí;Sí;N/A;Sí;N/A;N/A;N/A;N/A;N/A;N/A;N/A;N/A;N/A;N/A;N/A;N/A;N/A;N/A;Sí;N/A;Sí;N/A;Sí;N/A;Sí;N/A;N/A;N/A;N/A;N/A;N/A;N/A;N/A;Sí;N/A;N/A;N/A;N/A;N/A;Sí;N/A;N/A;N/A;N/A;N/A;N/A;N/A;N/A;N/A;"218 hp";N/A;N/A;N/A;N/A;N/A;N/A;N/A;Sí;Sí;Sí;Sí;Sí;Sí;Sí;N/A;N/A;N/A;Sí;N/A;N/A;Sí;"Lun. a Jue. de 9 a 18 hs. Vie. de 9 a 17 hs";5;2.5;Híbrido;Automática;SUV;"Autos y camionetas";No;N/A;N/A;N/A;No;N/A;UY;No;Sí;No;No;N/A;N/A;N/A;N/A;N/A;N/A;N/A;N/A;N/A;N/A;N/A;N/A;N/A;N/A;N/A;N/A;N/A;N/A;N/A;N/A;N/A;N/A;N/A;N/A;Sí;N/A;N/A;N/A;N/A;N/A;N/A;N/A;Sí;N/A;N/A;N/A;N/A;N/A;N/A;N/A;N/A;N/A;Sí;N/A;N/A;N/A;N/A;Sí;N/A;N/A;Sí;No;N/A;N/A;N/A;N/A;N/A;N/A;N/A;Sí;N/A;N/A;N/A;N/A;N/A;N/A;N/A;N/A;N/A;N/A;N/A;N/A;N/A;N/A;N/A;N/A;N/A;N/A;N/A;N/A;N/A;N/A;N/A;N/A;N/A;Sí;Sí;Sí;Sí;Sí;Sí;Sí;N/A;Sí;Sí;Sí;Sí;N/A;N/A;Sí;Sí;Sí;N/A;Sí;Sí;Sí;N/A;N/A;Sí;N/A;Sí
Toyota;"Corolla Cross";SEG;2024;"0 km";;"AYAX SA";44990;;;;;Aguada;https://auto.mercadolibre.com.uy/MLU-684074630-toyota-corolla-cross-seg-2024-gris-oscuro-0km-_JM;N/A;;"Toyota Corolla Cross Seg 2024 Gris Oscuro 0km";usd;Sí;gold_premium;false;N/A;N/A;http://perfil.mercadolibre.com.uy/AYAX+SA;active;N/A;N/A;Nuevo;"Gris oscuro";N/A;Eléctrica;N/A;N/A;Sí;Sí;Sí;Sí;N/A;Sí;Sí;Sí;Sí;Sí;Sí;Sí;N/A;Sí;N/A;N/A;N/A;N/A;N/A;N/A;N/A;N/A;N/A;N/A;N/A;"1800 cc";N/A;N/A;N/A;N/A;Sí;Sí;Sí;N/A;Sí;N/A;N/A;N/A;N/A;N/A;N/A;N/A;N/A;N/A;N/A;N/A;N/A;N/A;N/A;N/A;N/A;Sí;N/A;Sí;N/A;Sí;N/A;N/A;N/A;N/A;N/A;N/A;N/A;N/A;Sí;N/A;N/A;N/A;N/A;N/A;Sí;N/A;N/A;N/A;N/A;N/A;N/A;N/A;N/A;N/A;"122 hp";Seg;N/A;N/A;N/A;N/A;N/A;N/A;Sí;Sí;Sí;Sí;Sí;Sí;Sí;N/A;N/A;Sí;Sí;N/A;N/A;Sí;"Lun. a Jue. de 9 a 18 hs. Vie. de 9 a 17 hs";5;1.8;Híbrido;Automática;SUV;"Autos y camionetas";No;N/A;N/A;N/A;No;N/A;UY;No;Sí;No;No;N/A;N/A;N/A;N/A;N/A;N/A;N/A;N/A;N/A;N/A;Sí;N/A;N/A;Sí;N/A;N/A;N/A;N/A;N/A;N/A;N/A;N/A;N/A;N/A;Sí;N/A;N/A;N/A;N/A;N/A;N/A;N/A;Sí;N/A;N/A;N/A;N/A;N/A;N/A;N/A;N/A;N/A;Sí;N/A;N/A;N/A;Sí;Sí;N/A;N/A;Sí;No;N/A;N/A;N/A;N/A;N/A;N/A;N/A;N/A;N/A;N/A;N/A;N/A;N/A;N/A;N/A;N/A;N/A;N/A;N/A;N/A;N/A;N/A;N/A;N/A;N/A;N/A;N/A;N/A;N/A;N/A;N/A;N/A;N/A;Sí;Sí;Sí;Sí;Sí;Sí;Sí;N/A;Sí;Sí;Sí;Sí;N/A;N/A;Sí;Sí;Sí;N/A;Sí;Sí;Sí;N/A;N/A;Sí;N/A;Sí
Toyota;"Corolla Cross";SEG;2024;"0 km";;"AYAX SA";44990;;;;;Aguada;https://auto.mercadolibre.com.uy/MLU-684074614-toyota-corolla-cross-seg-2024-gris-plata-0km-_JM;N/A;;"Toyota Corolla Cross Seg 2024 Gris Plata 0km";usd;Sí;gold_premium;false;N/A;N/A;http://perfil.mercadolibre.com.uy/AYAX+SA;active;N/A;N/A;Nuevo;Plateado;N/A;Eléctrica;N/A;N/A;Sí;Sí;Sí;Sí;N/A;Sí;Sí;Sí;N/A;Sí;Sí;Sí;N/A;Sí;N/A;N/A;N/A;N/A;N/A;N/A;N/A;N/A;N/A;N/A;N/A;"1800 cc";N/A;N/A;N/A;N/A;Sí;Sí;Sí;N/A;Sí;N/A;N/A;N/A;N/A;N/A;N/A;N/A;N/A;N/A;N/A;N/A;N/A;N/A;N/A;N/A;N/A;Sí;N/A;Sí;N/A;Sí;N/A;N/A;N/A;N/A;N/A;N/A;N/A;N/A;Sí;N/A;N/A;N/A;N/A;N/A;Sí;N/A;N/A;N/A;N/A;N/A;N/A;N/A;N/A;N/A;"122 hp";Seg;N/A;N/A;N/A;N/A;N/A;N/A;Sí;Sí;Sí;Sí;Sí;Sí;Sí;N/A;N/A;N/A;Sí;N/A;N/A;Sí;"Lun. a Jue. de 9 a 18 hs. Vie. de 9 a 17 hs";5;1.8;Híbrido;Automática;SUV;"Autos y camionetas";No;N/A;N/A;N/A;No;N/A;UY;No;Sí;No;No;N/A;N/A;N/A;N/A;N/A;N/A;N/A;N/A;N/A;N/A;N/A;N/A;N/A;N/A;N/A;N/A;N/A;N/A;N/A;N/A;N/A;N/A;N/A;N/A;Sí;N/A;N/A;N/A;N/A;N/A;N/A;N/A;Sí;N/A;N/A;N/A;N/A;N/A;N/A;N/A;N/A;N/A;Sí;N/A;N/A;N/A;Sí;Sí;N/A;N/A;Sí;No;N/A;N/A;N/A;N/A;N/A;N/A;N/A;N/A;N/A;N/A;N/A;N/A;N/A;N/A;N/A;N/A;N/A;N/A;N/A;N/A;N/A;N/A;N/A;N/A;N/A;N/A;N/A;N/A;N/A;N/A;N/A;N/A;N/A;Sí;Sí;Sí;Sí;Sí;Sí;Sí;N/A;N/A;Sí;Sí;N/A;N/A;N/A;Sí;Sí;Sí;N/A;Sí;Sí;Sí;N/A;N/A;Sí;Sí;Sí
Toyota;Corolla;SEG;2024;"0 km";;"AYAX SA";39990;;;;;Aguada;https://auto.mercadolibre.com.uy/MLU-684087524-toyota-corolla-seg-2024-blanco-0km-_JM;N/A;;"Toyota Corolla Seg 2024 Blanco 0km";USD;Sí;gold_premium;false;N/A;N/A;http://perfil.mercadolibre.com.uy/AYAX+SA;active;N/A;N/A;Nuevo;Blanco;N/A;Eléctrica;N/A;N/A;Sí;Sí;Sí;Sí;N/A;Sí;Sí;Sí;Sí;Sí;Sí;Sí;N/A;Sí;N/A;N/A;N/A;N/A;N/A;N/A;N/A;N/A;N/A;N/A;N/A;"1800 cc";N/A;N/A;N/A;N/A;Sí;Sí;Sí;N/A;Sí;N/A;N/A;N/A;N/A;N/A;N/A;N/A;N/A;N/A;N/A;N/A;N/A;N/A;N/A;N/A;N/A;Sí;N/A;Sí;N/A;Sí;N/A;N/A;N/A;N/A;N/A;N/A;N/A;N/A;Sí;N/A;N/A;N/A;N/A;N/A;Sí;N/A;N/A;N/A;N/A;N/A;N/A;N/A;N/A;N/A;"122 hp";Se-g;N/A;N/A;N/A;N/A;N/A;N/A;Sí;Sí;Sí;Sí;Sí;Sí;N/A;N/A;N/A;N/A;N/A;N/A;N/A;Sí;"Lun. a Jue. de 9 a 18 hs. Vie. de 9 a 17 hs";4;1.8;Híbrido;Automática;Sedán;"Autos y camionetas";No;N/A;N/A;N/A;No;N/A;N/A;No;Sí;No;No;N/A;N/A;N/A;N/A;N/A;N/A;N/A;N/A;N/A;N/A;N/A;N/A;N/A;Sí;N/A;N/A;N/A;N/A;N/A;N/A;N/A;N/A;N/A;N/A;Sí;N/A;N/A;N/A;N/A;N/A;N/A;N/A;Sí;N/A;N/A;N/A;N/A;N/A;N/A;N/A;N/A;N/A;Sí;N/A;N/A;N/A;Sí;Sí;N/A;N/A;Sí;No;N/A;N/A;N/A;N/A;N/A;N/A;N/A;N/A;N/A;N/A;N/A;N/A;N/A;N/A;N/A;N/A;N/A;N/A;N/A;N/A;N/A;N/A;N/A;N/A;N/A;N/A;N/A;N/A;N/A;N/A;N/A;N/A;N/A;Sí;Sí;Sí;Sí;Sí;Sí;Sí;N/A;Sí;Sí;Sí;Sí;N/A;N/A;Sí;Sí;Sí;N/A;Sí;Sí;Sí;N/A;N/A;Sí;N/A;Sí
Toyota;RAV4;"LIMITED PLUS 4X2";2024;"0 km";;"AYAX SA";67990;;;;;Aguada;https://auto.mercadolibre.com.uy/MLU-684001084-toyota-rav4-limited-plus-4x2-2024-rojo-0km-_JM;N/A;;"Toyota Rav4 Limited Plus 4x2 2024 Rojo 0km";usd;Sí;gold_premium;false;N/A;N/A;http://perfil.mercadolibre.com.uy/AYAX+SA;active;N/A;N/A;Nuevo;Rojo;N/A;Asistida;N/A;N/A;Sí;Sí;Sí;Sí;N/A;Sí;Sí;Sí;Sí;Sí;Sí;Sí;N/A;Sí;N/A;N/A;N/A;N/A;N/A;N/A;N/A;N/A;N/A;N/A;N/A;"2500 cc";N/A;6;N/A;N/A;Sí;Sí;Sí;Sí;Sí;N/A;N/A;N/A;N/A;N/A;N/A;N/A;N/A;N/A;N/A;N/A;N/A;N/A;N/A;Sí;N/A;Sí;N/A;Sí;N/A;Sí;N/A;N/A;N/A;N/A;N/A;N/A;N/A;N/A;Sí;N/A;N/A;N/A;N/A;N/A;Sí;N/A;N/A;N/A;N/A;N/A;N/A;N/A;N/A;N/A;"222 hp";N/A;N/A;N/A;N/A;N/A;N/A;N/A;Sí;Sí;Sí;Sí;Sí;Sí;Sí;N/A;N/A;Sí;N/A;N/A;N/A;Sí;"Lun. a Jue. de 9 a 18 hs. Vie. de 9 a 17 hs";5;2.5;Híbrido;Automática;SUV;"Autos y camionetas";No;N/A;N/A;N/A;No;N/A;UY;No;Sí;No;No;N/A;N/A;N/A;N/A;N/A;N/A;N/A;N/A;N/A;N/A;N/A;N/A;N/A;Sí;N/A;N/A;N/A;N/A;N/A;N/A;N/A;N/A;N/A;N/A;Sí;N/A;N/A;N/A;N/A;N/A;N/A;N/A;Sí;N/A;N/A;N/A;N/A;N/A;N/A;N/A;N/A;N/A;Sí;N/A;N/A;N/A;Sí;Sí;N/A;N/A;Sí;No;N/A;N/A;N/A;N/A;N/A;N/A;N/A;Sí;N/A;N/A;N/A;N/A;N/A;N/A;N/A;N/A;N/A;N/A;N/A;N/A;N/A;N/A;N/A;N/A;N/A;N/A;N/A;N/A;N/A;N/A;N/A;N/A;N/A;Sí;Sí;Sí;Sí;Sí;Sí;Sí;N/A;Sí;Sí;Sí;Sí;N/A;N/A;Sí;Sí;Sí;N/A;Sí;Sí;Sí;N/A;N/A;Sí;N/A;Sí
Toyota;RAV4;S;2024;"0 km";;"AYAX SA";54990;;;;;Aguada;https://auto.mercadolibre.com.uy/MLU-641536241-toyota-rav4-s-2024-blanco-0km-_JM;N/A;;"Toyota Rav4 S 2024 Blanco 0km";usd;Sí;gold_premium;false;N/A;N/A;http://perfil.mercadolibre.com.uy/AYAX+SA;active;N/A;N/A;Nuevo;Blanco;N/A;Eléctrica;N/A;N/A;Sí;Sí;N/A;Sí;N/A;Sí;Sí;N/A;Sí;Sí;Sí;Sí;N/A;Sí;N/A;N/A;N/A;N/A;N/A;N/A;N/A;N/A;N/A;N/A;N/A;"2500 cc";N/A;6;N/A;N/A;Sí;Sí;Sí;N/A;Sí;N/A;N/A;N/A;N/A;N/A;N/A;N/A;N/A;N/A;N/A;N/A;N/A;N/A;N/A;N/A;N/A;Sí;N/A;Sí;N/A;Sí;N/A;N/A;N/A;N/A;N/A;N/A;N/A;N/A;Sí;N/A;N/A;N/A;N/A;N/A;Sí;N/A;N/A;N/A;N/A;N/A;N/A;N/A;N/A;N/A;"218 hp";N/A;N/A;N/A;N/A;N/A;N/A;N/A;Sí;Sí;Sí;Sí;Sí;Sí;N/A;N/A;N/A;N/A;Sí;N/A;N/A;Sí;"Lun. a Jue. de 9 a 18 hs. Vie. de 9 a 17 hs";5;2.5;Híbrido;Automática;SUV;"Autos y camionetas";No;N/A;N/A;N/A;No;N/A;UY;No;Sí;No;No;N/A;N/A;N/A;N/A;N/A;N/A;N/A;N/A;N/A;N/A;N/A;N/A;N/A;Sí;N/A;N/A;N/A;N/A;N/A;N/A;N/A;N/A;N/A;N/A;Sí;N/A;N/A;N/A;N/A;N/A;N/A;N/A;Sí;N/A;N/A;N/A;N/A;N/A;N/A;N/A;N/A;N/A;N/A;N/A;N/A;N/A;Sí;Sí;N/A;N/A;Sí;No;N/A;N/A;N/A;N/A;N/A;N/A;N/A;N/A;N/A;N/A;N/A;N/A;N/A;N/A;N/A;N/A;N/A;N/A;N/A;N/A;N/A;N/A;N/A;N/A;N/A;N/A;N/A;N/A;N/A;N/A;N/A;N/A;N/A;Sí;Sí;Sí;Sí;Sí;Sí;Sí;N/A;Sí;Sí;N/A;Sí;N/A;N/A;Sí;Sí;Sí;N/A;Sí;Sí;Sí;N/A;N/A;Sí;N/A;Sí
Toyota;Corolla;Xei;2024;"0 km";;"AYAX SA";35990;;;;;Aguada;https://auto.mercadolibre.com.uy/MLU-684025812-toyota-corolla-xei-2024-blanco-0km-_JM;N/A;;"Toyota Corolla Xei 2024 Blanco 0km";usd;Sí;gold_premium;false;N/A;N/A;http://perfil.mercadolibre.com.uy/AYAX+SA;active;N/A;N/A;Nuevo;Blanco;N/A;Eléctrica;N/A;N/A;Sí;Sí;N/A;Sí;N/A;Sí;Sí;N/A;Sí;Sí;Sí;Sí;N/A;Sí;N/A;N/A;N/A;N/A;N/A;N/A;N/A;N/A;N/A;N/A;N/A;"1800 cc";N/A;N/A;N/A;N/A;Sí;Sí;Sí;N/A;Sí;N/A;N/A;N/A;N/A;N/A;N/A;N/A;N/A;N/A;N/A;N/A;N/A;N/A;N/A;N/A;N/A;Sí;N/A;Sí;N/A;Sí;N/A;N/A;N/A;N/A;N/A;N/A;N/A;N/A;Sí;N/A;N/A;N/A;N/A;N/A;Sí;N/A;N/A;N/A;N/A;N/A;N/A;N/A;N/A;N/A;"122 hp";Xei;N/A;N/A;N/A;N/A;N/A;N/A;Sí;Sí;Sí;Sí;Sí;N/A;N/A;N/A;N/A;N/A;N/A;N/A;N/A;N/A;"Lun. a Jue. de 9 a 18 hs. Vie. de 9 a 17 hs";4;1.8;Híbrido;Automática;Sedán;"Autos y camionetas";No;N/A;N/A;N/A;No;N/A;UY;No;Sí;No;No;N/A;N/A;N/A;N/A;N/A;N/A;N/A;N/A;N/A;N/A;N/A;N/A;N/A;Sí;N/A;N/A;N/A;N/A;N/A;N/A;N/A;N/A;N/A;N/A;Sí;N/A;N/A;N/A;N/A;N/A;N/A;N/A;Sí;N/A;N/A;N/A;N/A;N/A;N/A;N/A;N/A;N/A;N/A;N/A;N/A;N/A;Sí;Sí;N/A;N/A;Sí;No;N/A;N/A;N/A;N/A;N/A;N/A;N/A;N/A;N/A;N/A;N/A;N/A;N/A;N/A;N/A;N/A;N/A;N/A;N/A;N/A;N/A;N/A;N/A;N/A;N/A;N/A;N/A;N/A;N/A;N/A;N/A;N/A;N/A;Sí;Sí;Sí;Sí;Sí;Sí;Sí;N/A;Sí;Sí;N/A;Sí;N/A;N/A;Sí;Sí;Sí;N/A;Sí;Sí;Sí;N/A;N/A;Sí;N/A;Sí
Toyota;"Corolla Cross";"1.8 Xei Hybrid E-cvt";2024;"0 km";;OLIVERA.AUTOMOTORES;40990;;;;;Tacuarembó;https://auto.mercadolibre.com.uy/MLU-681579964-toyota-corolla-cross-xei-_JM;N/A;;"Toyota Corolla Cross Xei ";usd;Sí;gold_premium;false;N/A;N/A;http://perfil.mercadolibre.com.uy/OLIVERA.AUTOMOTORES;active;N/A;N/A;Nuevo;Plateado;N/A;Eléctrica;4x2;Sí;N/A;Sí;N/A;N/A;N/A;N/A;N/A;N/A;N/A;N/A;N/A;N/A;N/A;N/A;N/A;N/A;N/A;N/A;N/A;N/A;N/A;N/A;N/A;N/A;"2660 mm";"1.8 L";"60 L";5;N/A;N/A;N/A;N/A;N/A;N/A;N/A;N/A;N/A;N/A;N/A;N/A;N/A;N/A;N/A;N/A;N/A;N/A;N/A;N/A;N/A;N/A;N/A;N/A;N/A;N/A;N/A;N/A;N/A;N/A;N/A;N/A;N/A;N/A;N/A;N/A;N/A;N/A;N/A;N/A;N/A;N/A;N/A;N/A;N/A;"1715 mm";"4570 mm";N/A;N/A;N/A;N/A;5;"146 hp";Xei;N/A;4;"1845 mm";N/A;N/A;N/A;N/A;N/A;N/A;N/A;N/A;N/A;N/A;N/A;"10.9 km/l";N/A;N/A;N/A;N/A;N/A;N/A;5;1.8;Híbrido;Automática;SUV;"Autos y camionetas";N/A;N/A;N/A;N/A;N/A;N/A;UY;N/A;N/A;N/A;N/A;N/A;N/A;N/A;N/A;N/A;N/A;N/A;N/A;N/A;N/A;N/A;N/A;N/A;N/A;N/A;N/A;N/A;N/A;N/A;N/A;N/A;N/A;N/A;N/A;N/A;N/A;N/A;N/A;N/A;N/A;N/A;N/A;N/A;N/A;N/A;N/A;N/A;N/A;N/A;N/A;N/A;N/A;N/A;N/A;N/A;N/A;N/A;N/A;N/A;N/A;N/A;N/A;N/A;N/A;N/A;N/A;N/A;N/A;N/A;N/A;N/A;N/A;N/A;N/A;N/A;N/A;N/A;N/A;N/A;N/A;N/A;N/A;N/A;N/A;N/A;N/A;N/A;N/A;N/A;N/A;N/A;N/A;N/A;N/A;N/A;N/A;N/A;N/A;N/A;N/A;N/A;N/A;N/A;N/A;N/A;N/A;N/A;N/A;N/A;N/A;N/A;Sí;N/A;Sí;N/A;N/A;N/A;N/A;Sí;N/A;N/A
Toyota;RAV4;"LIMITED PLUS 4X4";2024;"0 km";;"AYAX SA";70990;;;;;Aguada;https://auto.mercadolibre.com.uy/MLU-684165946-toyota-rav4-limited-plus-4x4-2024-rojo-0km-_JM;N/A;;"Toyota Rav4 Limited Plus 4x4 2024 Rojo 0km";usd;Sí;gold_premium;false;N/A;N/A;http://perfil.mercadolibre.com.uy/AYAX+SA;active;N/A;N/A;Nuevo;Rojo;N/A;Asistida;N/A;N/A;Sí;Sí;Sí;Sí;N/A;Sí;Sí;Sí;Sí;Sí;Sí;Sí;N/A;Sí;N/A;N/A;N/A;N/A;N/A;N/A;N/A;N/A;N/A;N/A;N/A;"2500 cc";N/A;6;N/A;N/A;Sí;Sí;Sí;Sí;Sí;N/A;N/A;N/A;N/A;N/A;N/A;N/A;N/A;N/A;N/A;N/A;N/A;N/A;N/A;Sí;N/A;Sí;N/A;Sí;N/A;Sí;N/A;N/A;N/A;N/A;N/A;N/A;N/A;N/A;Sí;N/A;N/A;N/A;N/A;N/A;Sí;N/A;N/A;N/A;N/A;N/A;N/A;N/A;N/A;N/A;"222 hp";N/A;N/A;N/A;N/A;N/A;N/A;N/A;Sí;Sí;Sí;Sí;Sí;Sí;Sí;N/A;N/A;Sí;N/A;N/A;N/A;Sí;"Lun. a Jue. de 9 a 18 hs. Vie. de 9 a 17 hs";5;2.5;Híbrido;Automática;SUV;"Autos y camionetas";No;N/A;N/A;N/A;No;N/A;UY;No;Sí;No;No;N/A;N/A;N/A;N/A;N/A;N/A;N/A;N/A;N/A;N/A;N/A;N/A;N/A;Sí;N/A;N/A;N/A;N/A;N/A;N/A;N/A;N/A;N/A;N/A;Sí;N/A;N/A;N/A;N/A;N/A;N/A;N/A;Sí;N/A;N/A;N/A;N/A;N/A;N/A;N/A;N/A;N/A;Sí;N/A;N/A;N/A;Sí;Sí;N/A;N/A;Sí;No;N/A;N/A;N/A;N/A;N/A;N/A;N/A;Sí;N/A;N/A;N/A;N/A;N/A;N/A;N/A;N/A;N/A;N/A;N/A;N/A;N/A;N/A;N/A;N/A;N/A;N/A;N/A;N/A;N/A;N/A;N/A;N/A;N/A;Sí;Sí;Sí;Sí;Sí;Sí;Sí;N/A;Sí;Sí;Sí;Sí;N/A;N/A;Sí;Sí;Sí;N/A;Sí;Sí;Sí;N/A;N/A;Sí;N/A;Sí
Toyota;"Corolla Cross";"XEI HYBRID";2024;"0 km";;"AYAX SA";40990;;;;;Aguada;https://auto.mercadolibre.com.uy/MLU-684001026-toyota-corolla-cross-xei-hybrid-2024-gris-oscuro-0km-_JM;N/A;;"Toyota Corolla Cross Xei Hybrid 2024 Gris Oscuro 0km";usd;Sí;gold_premium;false;N/A;N/A;http://perfil.mercadolibre.com.uy/AYAX+SA;active;N/A;N/A;Nuevo;"Gris oscuro";N/A;Eléctrica;N/A;N/A;Sí;Sí;N/A;Sí;N/A;Sí;Sí;N/A;Sí;Sí;Sí;Sí;N/A;Sí;N/A;N/A;N/A;N/A;N/A;N/A;N/A;N/A;N/A;N/A;N/A;"1800 cc";N/A;N/A;N/A;N/A;Sí;Sí;Sí;N/A;Sí;N/A;N/A;N/A;N/A;N/A;N/A;N/A;N/A;N/A;N/A;N/A;N/A;N/A;N/A;N/A;N/A;Sí;N/A;Sí;N/A;Sí;N/A;N/A;N/A;N/A;N/A;N/A;N/A;N/A;Sí;N/A;N/A;N/A;N/A;N/A;Sí;N/A;N/A;N/A;N/A;N/A;N/A;N/A;N/A;N/A;"122 hp";Xei;N/A;N/A;N/A;N/A;N/A;N/A;Sí;Sí;Sí;Sí;Sí;Sí;N/A;N/A;N/A;N/A;Sí;N/A;N/A;Sí;"Lun. a Jue. de 9 a 18 hs. Vie. de 9 a 17 hs";5;1.8;Híbrido;Automática;SUV;"Autos y camionetas";No;N/A;N/A;N/A;No;N/A;UY;No;Sí;No;No;N/A;N/A;N/A;N/A;N/A;N/A;N/A;N/A;N/A;N/A;N/A;N/A;N/A;Sí;N/A;N/A;N/A;N/A;N/A;N/A;N/A;N/A;N/A;N/A;Sí;N/A;N/A;N/A;N/A;N/A;N/A;N/A;Sí;N/A;N/A;N/A;N/A;N/A;N/A;N/A;N/A;N/A;Sí;N/A;N/A;N/A;Sí;Sí;N/A;N/A;Sí;No;N/A;N/A;N/A;N/A;N/A;N/A;N/A;N/A;N/A;N/A;N/A;N/A;N/A;N/A;N/A;N/A;N/A;N/A;N/A;N/A;N/A;N/A;N/A;N/A;N/A;N/A;N/A;N/A;N/A;N/A;N/A;N/A;N/A;Sí;Sí;Sí;Sí;Sí;N/A;Sí;N/A;Sí;Sí;N/A;Sí;N/A;N/A;Sí;Sí;Sí;N/A;Sí;Sí;Sí;N/A;N/A;Sí;N/A;Sí
Toyota;Hilux;"SR 4X4";2024;"0 km";;"AYAX SA";62990;;;;;Aguada;https://auto.mercadolibre.com.uy/MLU-641536185-toyota-hilux-sr-4x4-2024-gris-plata-0km-_JM;N/A;;"Toyota Hilux Sr 4x4 2024 Gris Plata 0km";usd;Sí;gold_premium;false;N/A;N/A;http://perfil.mercadolibre.com.uy/AYAX+SA;active;N/A;N/A;Nuevo;Plateado;N/A;Hidráulica;N/A;Sí;Sí;Sí;N/A;Sí;N/A;Sí;N/A;N/A;N/A;Sí;N/A;Sí;N/A;N/A;N/A;N/A;N/A;N/A;N/A;N/A;N/A;N/A;N/A;N/A;N/A;"2400 cc";N/A;6;N/A;N/A;Sí;Sí;Sí;N/A;Sí;N/A;N/A;N/A;N/A;N/A;N/A;N/A;N/A;N/A;N/A;N/A;N/A;N/A;N/A;N/A;N/A;Sí;N/A;Sí;N/A;Sí;N/A;N/A;N/A;N/A;N/A;N/A;N/A;N/A;Sí;N/A;N/A;N/A;N/A;N/A;N/A;N/A;N/A;N/A;N/A;N/A;N/A;N/A;N/A;N/A;"150 hp";Sr;N/A;N/A;N/A;N/A;N/A;N/A;N/A;Sí;N/A;Sí;Sí;N/A;N/A;N/A;N/A;N/A;Sí;N/A;N/A;N/A;"Lun. a Jue. de 9 a 18 hs. Vie. de 9 a 17 hs";4;2.4;Diésel;Manual;Pick-Up;"Autos y camionetas";No;N/A;N/A;N/A;No;N/A;UY;No;Sí;No;No;N/A;N/A;N/A;N/A;N/A;N/A;N/A;N/A;N/A;N/A;N/A;N/A;N/A;N/A;N/A;N/A;N/A;N/A;N/A;N/A;N/A;N/A;N/A;N/A;N/A;N/A;N/A;N/A;N/A;N/A;N/A;N/A;Sí;N/A;N/A;N/A;N/A;N/A;N/A;N/A;N/A;N/A;N/A;N/A;N/A;N/A;N/A;N/A;N/A;N/A;Sí;No;Sí;N/A;N/A;N/A;N/A;N/A;N/A;N/A;N/A;N/A;N/A;N/A;N/A;N/A;N/A;N/A;N/A;N/A;N/A;N/A;N/A;N/A;N/A;N/A;N/A;N/A;N/A;N/A;N/A;N/A;N/A;N/A;N/A;Sí;Sí;Sí;Sí;Sí;N/A;Sí;N/A;Sí;Sí;N/A;Sí;N/A;N/A;Sí;Sí;Sí;N/A;Sí;Sí;Sí;N/A;N/A;Sí;N/A;Sí
Toyota;Hilux;"SR 4X4";2024;"0 km";;"AYAX SA";65990;;;;;Aguada;https://auto.mercadolibre.com.uy/MLU-684000984-toyota-hilux-sr-4x4-2024-gris-oscuro-0km-_JM;N/A;;"Toyota Hilux Sr 4x4 2024 Gris Oscuro 0km";usd;Sí;gold_premium;false;N/A;N/A;http://perfil.mercadolibre.com.uy/AYAX+SA;active;N/A;N/A;Nuevo;"Gris oscuro";N/A;Hidráulica;N/A;Sí;Sí;Sí;N/A;Sí;N/A;Sí;N/A;N/A;N/A;Sí;N/A;Sí;N/A;N/A;N/A;N/A;N/A;N/A;N/A;N/A;N/A;N/A;N/A;N/A;N/A;"2800 cc";N/A;6;N/A;N/A;Sí;Sí;Sí;N/A;Sí;N/A;N/A;N/A;N/A;N/A;N/A;N/A;N/A;N/A;N/A;N/A;N/A;N/A;N/A;N/A;N/A;Sí;N/A;Sí;N/A;Sí;N/A;N/A;N/A;N/A;N/A;N/A;N/A;N/A;Sí;N/A;N/A;N/A;N/A;N/A;N/A;N/A;N/A;N/A;N/A;N/A;N/A;N/A;N/A;N/A;"204 hp";Sr;N/A;N/A;N/A;N/A;N/A;N/A;N/A;Sí;N/A;Sí;Sí;N/A;N/A;N/A;N/A;N/A;Sí;N/A;N/A;N/A;"Lun. a Jue. de 9 a 18 hs. Vie. de 9 a 17 hs";4;2.8;Diésel;Automática;Pick-Up;"Autos y camionetas";No;N/A;N/A;N/A;No;N/A;UY;No;Sí;No;No;N/A;N/A;N/A;N/A;N/A;N/A;N/A;N/A;N/A;N/A;N/A;N/A;N/A;N/A;N/A;N/A;N/A;N/A;N/A;N/A;N/A;N/A;N/A;N/A;N/A;N/A;N/A;N/A;N/A;N/A;N/A;N/A;Sí;N/A;N/A;N/A;N/A;N/A;N/A;N/A;N/A;N/A;N/A;N/A;N/A;N/A;N/A;N/A;N/A;N/A;Sí;No;Sí;N/A;N/A;N/A;N/A;N/A;N/A;N/A;N/A;N/A;N/A;N/A;N/A;N/A;N/A;N/A;N/A;N/A;N/A;N/A;N/A;N/A;N/A;N/A;N/A;N/A;N/A;N/A;N/A;N/A;N/A;N/A;N/A;Sí;Sí;Sí;Sí;Sí;Sí;Sí;N/A;Sí;Sí;N/A;Sí;N/A;N/A;Sí;Sí;Sí;N/A;Sí;Sí;Sí;N/A;N/A;Sí;N/A;Sí
Toyota;Hilux;"Dx 4X2";2024;"0 km";;"AYAX SA";52490;;;;;Aguada;https://auto.mercadolibre.com.uy/MLU-683975264-toyota-hilux-dx-4x2-2024-blanco-0km-_JM;N/A;;"Toyota Hilux Dx 4x2 2024 Blanco 0km";usd;Sí;gold_premium;false;N/A;N/A;http://perfil.mercadolibre.com.uy/AYAX+SA;active;N/A;N/A;Nuevo;Blanco;N/A;Hidráulica;N/A;Sí;Sí;Sí;N/A;N/A;N/A;Sí;N/A;N/A;N/A;N/A;N/A;Sí;N/A;N/A;N/A;N/A;N/A;N/A;N/A;N/A;N/A;N/A;N/A;N/A;N/A;"2400 cc";N/A;6;N/A;N/A;Sí;Sí;Sí;N/A;Sí;N/A;N/A;N/A;N/A;N/A;N/A;N/A;N/A;N/A;N/A;N/A;N/A;N/A;N/A;N/A;N/A;Sí;N/A;Sí;N/A;Sí;N/A;N/A;N/A;N/A;N/A;N/A;N/A;N/A;Sí;N/A;N/A;N/A;N/A;N/A;N/A;N/A;N/A;N/A;N/A;N/A;N/A;N/A;N/A;N/A;"150 hp";Dx;N/A;N/A;N/A;N/A;N/A;N/A;N/A;Sí;N/A;Sí;Sí;N/A;N/A;N/A;N/A;N/A;Sí;N/A;N/A;N/A;"Lun. a Jue. de 9 a 18 hs. Vie. de 9 a 17 hs";4;2.4;Diésel;Manual;Pick-Up;"Autos y camionetas";No;N/A;N/A;N/A;No;N/A;UY;No;Sí;No;No;N/A;N/A;N/A;N/A;N/A;N/A;N/A;N/A;N/A;N/A;N/A;N/A;N/A;N/A;N/A;N/A;N/A;N/A;N/A;N/A;N/A;N/A;N/A;N/A;N/A;N/A;N/A;N/A;N/A;N/A;N/A;N/A;Sí;N/A;N/A;N/A;N/A;N/A;N/A;N/A;N/A;N/A;N/A;N/A;N/A;N/A;N/A;N/A;N/A;N/A;Sí;No;N/A;N/A;N/A;N/A;N/A;N/A;N/A;N/A;N/A;N/A;N/A;N/A;N/A;N/A;N/A;N/A;N/A;N/A;N/A;N/A;N/A;N/A;N/A;N/A;N/A;N/A;N/A;N/A;N/A;N/A;N/A;N/A;N/A;Sí;Sí;N/A;Sí;Sí;N/A;Sí;N/A;N/A;Sí;N/A;N/A;N/A;N/A;Sí;Sí;Sí;N/A;Sí;Sí;Sí;N/A;N/A;Sí;N/A;Sí
Toyota;RAV4;Limited;2010;"218458 km";;"AUTOMOTORA BARRIOLA";13900;;;;;"Las Piedras";https://auto.mercadolibre.com.uy/MLU-644854559-toyota-rav4-limited-24-2010-excelente-estado-barriola-_JM;N/A;;"Toyota Rav4 Limited 2.4 2010 Excelente Estado! - Barriola";USD;Sí;gold_premium;false;N/A;N/A;http://perfil.mercadolibre.com.uy/AUTOMOTORA+BARRIOLA;active;N/A;N/A;Usado;Negro;N/A;Hidráulica;N/A;Sí;Sí;Sí;N/A;N/A;N/A;Sí;N/A;Sí;N/A;N/A;Sí;Sí;N/A;Sí;N/A;N/A;N/A;N/A;N/A;N/A;N/A;N/A;N/A;N/A;N/A;"2400 cc";N/A;6;N/A;N/A;N/A;N/A;Sí;N/A;N/A;N/A;N/A;N/A;N/A;N/A;N/A;N/A;N/A;N/A;N/A;N/A;N/A;N/A;N/A;N/A;N/A;N/A;N/A;N/A;N/A;N/A;N/A;Sí;N/A;N/A;N/A;N/A;N/A;N/A;Sí;N/A;N/A;N/A;N/A;N/A;N/A;N/A;N/A;N/A;N/A;N/A;N/A;N/A;N/A;N/A;N/A;Limited;N/A;N/A;N/A;N/A;N/A;N/A;N/A;Sí;N/A;Sí;Sí;Sí;N/A;N/A;N/A;N/A;Sí;N/A;N/A;Sí;"Lun. a Vie. de 9 a 19 hs. Sáb. de 9:30 a 13 hs.";5;2.4;Nafta;Automática;SUV;"Autos y camionetas";No;N/A;N/A;N/A;No;N/A;N/A;No;Sí;No;No;N/A;N/A;N/A;N/A;N/A;N/A;N/A;N/A;N/A;N/A;N/A;N/A;N/A;N/A;N/A;N/A;N/A;N/A;N/A;N/A;N/A;N/A;N/A;N/A;N/A;N/A;N/A;N/A;N/A;N/A;N/A;N/A;N/A;N/A;N/A;N/A;N/A;N/A;N/A;N/A;N/A;N/A;N/A;N/A;N/A;N/A;N/A;N/A;N/A;N/A;N/A;No;N/A;N/A;N/A;N/A;N/A;N/A;N/A;N/A;N/A;N/A;N/A;N/A;N/A;N/A;N/A;N/A;N/A;N/A;N/A;N/A;N/A;N/A;N/A;N/A;N/A;N/A;N/A;N/A;N/A;N/A;N/A;N/A;N/A;Sí;Sí;Sí;N/A;Sí;Sí;N/A;N/A;Sí;Sí;N/A;Sí;N/A;N/A;N/A;Sí;Sí;N/A;Sí;N/A;Sí;Sí;N/A;Sí;N/A;N/A
Toyota;Prius;"1.5 C Hibrido At";2020;"60000 km";;BAUIRE;18700;;;;;Pocitos;https://auto.mercadolibre.com.uy/MLU-646203665-toyota-prius-_JM;N/A;;"Toyota Prius ";usd;Sí;gold_premium;false;N/A;N/A;http://perfil.mercadolibre.com.uy/BAUIRE;active;N/A;N/A;Usado;Blanco;Sí;Hidráulica;Delantera;Sí;N/A;N/A;N/A;N/A;N/A;N/A;N/A;N/A;N/A;N/A;N/A;N/A;N/A;N/A;N/A;N/A;N/A;N/A;N/A;N/A;N/A;N/A;N/A;N/A;"2700 mm";"1.5 L";"43 L";N/A;N/A;N/A;N/A;N/A;N/A;N/A;N/A;N/A;N/A;N/A;N/A;N/A;N/A;N/A;N/A;N/A;N/A;N/A;N/A;N/A;N/A;N/A;N/A;N/A;N/A;N/A;N/A;N/A;N/A;N/A;N/A;N/A;N/A;N/A;N/A;N/A;N/A;N/A;N/A;N/A;N/A;N/A;N/A;N/A;N/A;"1490 mm";"4540 mm";N/A;N/A;N/A;N/A;5;"36 hp";N/A;N/A;4;"1760 mm";N/A;N/A;N/A;N/A;N/A;N/A;Sí;Sí;N/A;N/A;N/A;N/A;N/A;N/A;N/A;N/A;N/A;N/A;5;1.5;Híbrido;Automática;Hatchback;"Autos y camionetas";N/A;N/A;N/A;N/A;N/A;N/A;UY;N/A;N/A;N/A;N/A;N/A;N/A;N/A;N/A;N/A;N/A;N/A;N/A;N/A;N/A;N/A;N/A;N/A;N/A;N/A;N/A;N/A;N/A;N/A;N/A;N/A;N/A;N/A;N/A;N/A;N/A;N/A;N/A;N/A;N/A;N/A;N/A;No;N/A;N/A;N/A;N/A;N/A;N/A;N/A;N/A;N/A;N/A;N/A;N/A;N/A;N/A;N/A;N/A;N/A;No;N/A;N/A;N/A;N/A;N/A;N/A;N/A;N/A;N/A;N/A;N/A;N/A;N/A;N/A;N/A;N/A;N/A;N/A;N/A;N/A;N/A;N/A;N/A;N/A;N/A;N/A;N/A;N/A;N/A;N/A;N/A;N/A;N/A;N/A;N/A;N/A;N/A;N/A;N/A;N/A;N/A;N/A;N/A;N/A;N/A;N/A;N/A;N/A;N/A;N/A;Sí;N/A;Sí;N/A;N/A;N/A;N/A;Sí;N/A;Sí
Toyota;Hilux;"SR 4x4";2024;"0 km";;"AYAX SA";62990;;;;;Aguada;https://auto.mercadolibre.com.uy/MLU-684363410-toyota-hilux-sr-4x4-2024-gris-oscuro-0km-_JM;N/A;;"Toyota Hilux Sr 4x4 2024 Gris Oscuro 0km";usd;Sí;gold_premium;false;N/A;N/A;http://perfil.mercadolibre.com.uy/AYAX+SA;active;N/A;N/A;Nuevo;"Gris oscuro";N/A;Hidráulica;N/A;Sí;Sí;Sí;N/A;Sí;N/A;Sí;N/A;N/A;N/A;Sí;N/A;Sí;N/A;N/A;N/A;N/A;N/A;N/A;N/A;N/A;N/A;N/A;N/A;N/A;N/A;"2400 cc";N/A;6;N/A;N/A;Sí;Sí;Sí;N/A;Sí;N/A;N/A;N/A;N/A;N/A;N/A;N/A;N/A;N/A;N/A;N/A;N/A;N/A;N/A;N/A;N/A;Sí;N/A;Sí;N/A;Sí;N/A;N/A;N/A;N/A;N/A;N/A;N/A;N/A;Sí;N/A;N/A;N/A;N/A;N/A;N/A;N/A;N/A;N/A;N/A;N/A;N/A;N/A;N/A;N/A;"150 hp";Sr;N/A;N/A;N/A;N/A;N/A;N/A;N/A;Sí;N/A;Sí;Sí;N/A;N/A;N/A;N/A;N/A;Sí;N/A;N/A;N/A;"Lun. a Jue. de 9 a 18 hs. Vie. de 9 a 17 hs";4;2.4;Diésel;Manual;Pick-Up;"Autos y camionetas";No;N/A;N/A;N/A;No;N/A;UY;No;Sí;No;No;N/A;N/A;N/A;N/A;N/A;N/A;N/A;N/A;N/A;N/A;N/A;N/A;N/A;N/A;N/A;N/A;N/A;N/A;N/A;N/A;N/A;N/A;N/A;N/A;N/A;N/A;N/A;N/A;N/A;N/A;N/A;N/A;Sí;N/A;N/A;N/A;N/A;N/A;N/A;N/A;N/A;N/A;N/A;N/A;N/A;N/A;N/A;N/A;N/A;N/A;Sí;No;Sí;N/A;N/A;N/A;N/A;N/A;N/A;N/A;N/A;N/A;N/A;N/A;N/A;N/A;N/A;N/A;N/A;N/A;N/A;N/A;N/A;N/A;N/A;N/A;N/A;N/A;N/A;N/A;N/A;N/A;N/A;N/A;N/A;Sí;Sí;Sí;Sí;Sí;N/A;Sí;N/A;Sí;Sí;N/A;Sí;N/A;N/A;Sí;Sí;Sí;N/A;Sí;Sí;Sí;N/A;N/A;Sí;N/A;Sí
Toyota;RAV4;"S PLUS";2024;"0 km";;"AYAX SA";58990;;;;;Aguada;https://auto.mercadolibre.com.uy/MLU-684127324-toyota-rav4-s-plus-2024-blanco-0km-_JM;N/A;;"Toyota Rav4 S Plus 2024 Blanco 0km";usd;Sí;gold_premium;false;N/A;N/A;http://perfil.mercadolibre.com.uy/AYAX+SA;active;N/A;N/A;Nuevo;Blanco;N/A;Eléctrica;N/A;N/A;Sí;Sí;N/A;Sí;N/A;Sí;Sí;N/A;Sí;N/A;Sí;Sí;N/A;Sí;N/A;N/A;N/A;N/A;N/A;N/A;N/A;N/A;N/A;N/A;N/A;"2500 cc";N/A;6;N/A;N/A;Sí;Sí;Sí;N/A;Sí;N/A;N/A;N/A;N/A;N/A;N/A;N/A;N/A;N/A;N/A;N/A;N/A;N/A;N/A;N/A;N/A;Sí;N/A;Sí;N/A;Sí;N/A;N/A;N/A;N/A;N/A;N/A;N/A;N/A;Sí;N/A;N/A;N/A;N/A;N/A;Sí;N/A;N/A;N/A;N/A;N/A;N/A;N/A;N/A;N/A;"218 hp";Plus;N/A;N/A;N/A;N/A;N/A;N/A;Sí;Sí;Sí;Sí;Sí;Sí;Sí;N/A;N/A;N/A;Sí;N/A;N/A;Sí;"Lun. a Jue. de 9 a 18 hs. Vie. de 9 a 17 hs";5;2.5;Híbrido;Automática;SUV;"Autos y camionetas";No;N/A;N/A;N/A;No;N/A;UY;No;Sí;No;No;N/A;N/A;N/A;N/A;N/A;N/A;N/A;N/A;N/A;N/A;N/A;N/A;N/A;Sí;N/A;N/A;N/A;N/A;N/A;N/A;N/A;N/A;N/A;N/A;Sí;N/A;N/A;N/A;N/A;N/A;N/A;N/A;Sí;N/A;N/A;N/A;N/A;N/A;N/A;N/A;N/A;N/A;Sí;N/A;N/A;N/A;Sí;Sí;N/A;N/A;Sí;No;N/A;N/A;N/A;N/A;N/A;N/A;N/A;N/A;N/A;N/A;N/A;N/A;N/A;N/A;N/A;N/A;N/A;N/A;N/A;N/A;N/A;N/A;N/A;N/A;N/A;N/A;N/A;N/A;N/A;N/A;N/A;N/A;N/A;Sí;Sí;Sí;Sí;Sí;Sí;Sí;N/A;Sí;Sí;N/A;Sí;N/A;N/A;Sí;Sí;Sí;N/A;Sí;Sí;Sí;N/A;N/A;Sí;N/A;Sí
Toyota;RAV4;"Limited 4X4";2024;"0 km";;"AYAX SA";70990;;;;;Aguada;https://auto.mercadolibre.com.uy/MLU-684153196-toyota-rav4-limited-4x4-2024-gris-plata-0km-_JM;N/A;;"Toyota Rav4 Limited 4x4 2024 Gris Plata 0km";usd;Sí;gold_premium;false;N/A;N/A;http://perfil.mercadolibre.com.uy/AYAX+SA;active;N/A;N/A;Nuevo;Plateado;N/A;Eléctrica;N/A;N/A;Sí;Sí;Sí;Sí;N/A;Sí;Sí;Sí;Sí;Sí;Sí;Sí;N/A;Sí;N/A;N/A;N/A;N/A;N/A;N/A;N/A;N/A;N/A;N/A;N/A;"2500 cc";N/A;6;N/A;N/A;Sí;Sí;Sí;N/A;Sí;N/A;N/A;N/A;N/A;N/A;N/A;N/A;N/A;N/A;N/A;N/A;N/A;N/A;N/A;Sí;N/A;Sí;N/A;Sí;N/A;Sí;N/A;N/A;N/A;N/A;N/A;N/A;N/A;N/A;Sí;N/A;N/A;N/A;N/A;N/A;Sí;N/A;N/A;N/A;N/A;N/A;N/A;N/A;N/A;N/A;"218 hp";Limited;N/A;N/A;N/A;N/A;N/A;N/A;Sí;Sí;Sí;Sí;Sí;Sí;Sí;N/A;N/A;N/A;Sí;N/A;N/A;Sí;"Lun. a Jue. de 9 a 18 hs. Vie. de 9 a 17 hs";5;2.5;Híbrido;Automática;SUV;"Autos y camionetas";No;N/A;N/A;N/A;No;N/A;UY;No;Sí;No;No;N/A;N/A;N/A;N/A;N/A;N/A;N/A;N/A;N/A;N/A;N/A;N/A;N/A;Sí;N/A;N/A;N/A;N/A;N/A;N/A;N/A;N/A;N/A;N/A;Sí;N/A;N/A;N/A;N/A;N/A;N/A;N/A;Sí;N/A;N/A;N/A;N/A;N/A;N/A;N/A;N/A;N/A;Sí;N/A;N/A;N/A;Sí;Sí;N/A;N/A;Sí;No;N/A;N/A;N/A;N/A;N/A;N/A;N/A;Sí;N/A;N/A;N/A;N/A;N/A;N/A;N/A;N/A;N/A;N/A;N/A;N/A;N/A;N/A;N/A;N/A;N/A;N/A;N/A;N/A;N/A;N/A;N/A;N/A;N/A;Sí;Sí;Sí;Sí;Sí;Sí;Sí;N/A;Sí;Sí;Sí;Sí;N/A;N/A;Sí;Sí;Sí;N/A;Sí;Sí;Sí;N/A;N/A;Sí;Sí;Sí
Toyota;RAV4;"Limited 4X2";2024;"0 km";;"AYAX SA";67990;;;;;Aguada;https://auto.mercadolibre.com.uy/MLU-684165780-toyota-rav4-limited-4x2-2024-gris-plata-0km-_JM;N/A;;"Toyota Rav4 Limited 4x2 2024 Gris Plata 0km";usd;Sí;gold_premium;false;N/A;N/A;http://perfil.mercadolibre.com.uy/AYAX+SA;active;N/A;N/A;Nuevo;Plateado;N/A;Eléctrica;N/A;N/A;Sí;Sí;Sí;Sí;N/A;Sí;Sí;Sí;Sí;Sí;Sí;Sí;N/A;Sí;N/A;N/A;N/A;N/A;N/A;N/A;N/A;N/A;N/A;N/A;N/A;"2500 cc";N/A;6;N/A;N/A;Sí;Sí;Sí;N/A;Sí;N/A;N/A;N/A;N/A;N/A;N/A;N/A;N/A;N/A;N/A;N/A;N/A;N/A;N/A;Sí;N/A;Sí;N/A;Sí;N/A;Sí;N/A;N/A;N/A;N/A;N/A;N/A;N/A;N/A;Sí;N/A;N/A;N/A;N/A;N/A;Sí;N/A;N/A;N/A;N/A;N/A;N/A;N/A;N/A;N/A;"218 hp";Limited;N/A;N/A;N/A;N/A;N/A;N/A;Sí;Sí;Sí;Sí;Sí;Sí;Sí;N/A;N/A;N/A;Sí;N/A;N/A;Sí;"Lun. a Jue. de 9 a 18 hs. Vie. de 9 a 17 hs";5;2.5;Híbrido;Automática;SUV;"Autos y camionetas";No;N/A;N/A;N/A;No;N/A;UY;No;Sí;No;No;N/A;N/A;N/A;N/A;N/A;N/A;N/A;N/A;N/A;N/A;N/A;N/A;N/A;Sí;N/A;N/A;N/A;N/A;N/A;N/A;N/A;N/A;N/A;N/A;Sí;N/A;N/A;N/A;N/A;N/A;N/A;N/A;Sí;N/A;N/A;N/A;N/A;N/A;N/A;N/A;N/A;N/A;Sí;N/A;N/A;N/A;Sí;Sí;N/A;N/A;Sí;No;N/A;N/A;N/A;N/A;N/A;N/A;N/A;Sí;N/A;N/A;N/A;N/A;N/A;N/A;N/A;N/A;N/A;N/A;N/A;N/A;N/A;N/A;N/A;N/A;N/A;N/A;N/A;N/A;N/A;N/A;N/A;N/A;N/A;Sí;Sí;Sí;Sí;Sí;Sí;Sí;N/A;Sí;Sí;Sí;Sí;N/A;N/A;Sí;Sí;Sí;N/A;Sí;Sí;Sí;N/A;N/A;Sí;Sí;Sí
Toyota;Corolla;"XEI HYBRID";2024;"0 km";;"AYAX SA";35990;;;;;Aguada;https://auto.mercadolibre.com.uy/MLU-684178538-toyota-corolla-xei-hybrid-2024-gris-plata-0km-_JM;N/A;;"Toyota Corolla Xei Hybrid 2024 Gris Plata 0km";USD;Sí;gold_premium;false;N/A;N/A;http://perfil.mercadolibre.com.uy/AYAX+SA;active;N/A;N/A;Nuevo;Plateado;N/A;Eléctrica;N/A;N/A;Sí;Sí;N/A;Sí;N/A;Sí;Sí;N/A;Sí;Sí;N/A;Sí;N/A;Sí;N/A;N/A;N/A;N/A;N/A;N/A;N/A;N/A;N/A;N/A;N/A;"1800 cc";N/A;N/A;N/A;N/A;Sí;Sí;Sí;N/A;Sí;N/A;N/A;N/A;N/A;N/A;N/A;N/A;N/A;N/A;N/A;N/A;N/A;N/A;N/A;N/A;N/A;Sí;N/A;Sí;N/A;Sí;N/A;N/A;N/A;N/A;N/A;N/A;N/A;N/A;Sí;N/A;N/A;N/A;N/A;N/A;Sí;N/A;N/A;N/A;N/A;N/A;N/A;N/A;N/A;N/A;"122 hp";Xei;N/A;N/A;N/A;N/A;N/A;N/A;Sí;Sí;Sí;Sí;Sí;Sí;N/A;N/A;N/A;N/A;N/A;N/A;N/A;N/A;"Lun. a Jue. de 9 a 18 hs. Vie. de 9 a 17 hs";4;1.8;Híbrido;Automática;Sedán;"Autos y camionetas";No;N/A;N/A;N/A;No;N/A;N/A;No;Sí;No;No;N/A;N/A;N/A;N/A;N/A;N/A;N/A;N/A;N/A;N/A;N/A;N/A;N/A;Sí;N/A;N/A;N/A;N/A;N/A;N/A;N/A;N/A;N/A;N/A;Sí;N/A;N/A;N/A;N/A;N/A;N/A;N/A;Sí;N/A;N/A;N/A;N/A;N/A;N/A;N/A;N/A;N/A;N/A;N/A;N/A;N/A;Sí;Sí;N/A;N/A;Sí;No;N/A;N/A;N/A;N/A;N/A;N/A;N/A;N/A;N/A;N/A;N/A;N/A;N/A;N/A;N/A;N/A;N/A;N/A;N/A;N/A;N/A;N/A;N/A;N/A;N/A;N/A;N/A;N/A;N/A;N/A;N/A;N/A;N/A;Sí;Sí;Sí;Sí;Sí;Sí;Sí;N/A;Sí;Sí;N/A;Sí;N/A;N/A;Sí;Sí;Sí;N/A;Sí;Sí;Sí;N/A;N/A;Sí;N/A;Sí
Toyota;Hilux;"SRV 4X4";2024;"0 km";;"AYAX SA";46990;;;;;Aguada;https://auto.mercadolibre.com.uy/MLU-641497745-toyota-hilux-srv-4x4-2024-gris-oscuro-0km-_JM;N/A;;"Toyota Hilux Srv 4x4 2024 Gris Oscuro 0km";usd;Sí;gold_premium;false;N/A;N/A;http://perfil.mercadolibre.com.uy/AYAX+SA;active;N/A;N/A;Nuevo;"Gris oscuro";N/A;Hidráulica;N/A;N/A;Sí;Sí;N/A;Sí;N/A;Sí;Sí;N/A;Sí;Sí;Sí;Sí;N/A;N/A;N/A;N/A;N/A;N/A;N/A;N/A;N/A;N/A;N/A;N/A;N/A;"2700 cc";N/A;5;N/A;N/A;Sí;Sí;Sí;N/A;Sí;N/A;N/A;N/A;N/A;N/A;N/A;N/A;N/A;N/A;N/A;N/A;N/A;N/A;N/A;N/A;N/A;Sí;N/A;Sí;N/A;Sí;N/A;N/A;N/A;N/A;N/A;N/A;N/A;N/A;Sí;N/A;N/A;N/A;N/A;N/A;Sí;N/A;N/A;N/A;N/A;N/A;N/A;N/A;N/A;N/A;"167 hp";Srv;N/A;N/A;N/A;N/A;N/A;N/A;Sí;Sí;Sí;Sí;Sí;N/A;N/A;N/A;N/A;N/A;Sí;N/A;N/A;N/A;"Lun. a Jue. de 9 a 18 hs. Vie. de 9 a 17 hs";4;2.7;Nafta;Manual;Pick-Up;"Autos y camionetas";No;N/A;N/A;N/A;No;N/A;UY;No;Sí;No;No;N/A;N/A;N/A;N/A;N/A;N/A;N/A;N/A;N/A;N/A;N/A;N/A;N/A;Sí;N/A;N/A;N/A;N/A;N/A;N/A;N/A;N/A;N/A;N/A;Sí;N/A;N/A;N/A;N/A;N/A;N/A;N/A;Sí;N/A;N/A;N/A;N/A;N/A;N/A;N/A;N/A;N/A;N/A;N/A;N/A;N/A;Sí;Sí;N/A;N/A;Sí;No;Sí;N/A;N/A;N/A;N/A;N/A;N/A;N/A;N/A;N/A;N/A;N/A;N/A;N/A;N/A;N/A;N/A;N/A;N/A;N/A;N/A;N/A;N/A;N/A;N/A;N/A;N/A;N/A;N/A;N/A;N/A;N/A;N/A;Sí;Sí;Sí;Sí;Sí;Sí;Sí;N/A;Sí;Sí;N/A;Sí;N/A;N/A;Sí;Sí;Sí;N/A;Sí;Sí;Sí;N/A;N/A;Sí;N/A;Sí
Toyota;RAV4;"2.0 4x2 Cvt";2014;"128000 km";;BUS221;23990;;;;;"Villa Espa¿ola";https://auto.mercadolibre.com.uy/MLU-646691153-toyota-rav4-rav-4-cvt-s-20l-at-un-dueno-servicio-oficial-_JM;N/A;;"Toyota Rav4 Rav 4 Cvt S 2.0l At Un Dueño Servicio Oficial";usd;Sí;gold_premium;false;N/A;N/A;http://perfil.mercadolibre.com.uy/BUS221;active;N/A;N/A;Usado;Blanco;Sí;Asistida;4x2;Sí;Sí;Sí;N/A;N/A;Sí;N/A;N/A;Sí;N/A;N/A;Sí;Sí;N/A;Sí;N/A;N/A;N/A;N/A;N/A;N/A;N/A;N/A;N/A;N/A;"2660 mm";"2 L";"60 L";5;N/A;N/A;N/A;N/A;N/A;Sí;N/A;N/A;N/A;Sí;N/A;N/A;N/A;N/A;N/A;N/A;N/A;N/A;N/A;N/A;N/A;N/A;N/A;N/A;N/A;N/A;N/A;N/A;N/A;Sí;N/A;N/A;N/A;Sí;Sí;N/A;N/A;N/A;N/A;N/A;N/A;N/A;N/A;N/A;N/A;"1715 mm";"4570 mm";N/A;N/A;N/A;N/A;5;"146 hp";N/A;N/A;4;"1845 mm";N/A;N/A;N/A;Sí;Sí;N/A;Sí;Sí;N/A;Sí;N/A;"10.9 km/l";N/A;Sí;N/A;N/A;Sí;"Hasta 22 Hs";5;2.0;Nafta;Automática;SUV;"Autos y camionetas";Sí;N/A;N/A;N/A;Sí;N/A;UY;N/A;Sí;N/A;Sí;N/A;N/A;N/A;N/A;N/A;N/A;N/A;N/A;N/A;N/A;N/A;N/A;N/A;N/A;N/A;N/A;N/A;N/A;N/A;N/A;N/A;N/A;N/A;N/A;N/A;N/A;N/A;N/A;N/A;N/A;N/A;N/A;Sí;N/A;N/A;N/A;N/A;N/A;N/A;N/A;N/A;N/A;N/A;N/A;N/A;N/A;N/A;N/A;N/A;N/A;Sí;N/A;N/A;N/A;N/A;N/A;N/A;N/A;N/A;N/A;N/A;N/A;N/A;N/A;N/A;N/A;N/A;N/A;N/A;N/A;N/A;N/A;N/A;N/A;N/A;N/A;N/A;N/A;N/A;N/A;N/A;N/A;N/A;N/A;N/A;Sí;Sí;Sí;N/A;Sí;N/A;N/A;N/A;N/A;Sí;Sí;Sí;Sí;N/A;N/A;Sí;Sí;Sí;Sí;Sí;Sí;Sí;Sí;Sí;N/A;Sí
Toyota;Hilux;"2.8 Tdi Cd Srv Plus 4X4 At Tss";2021;"110000 km";;GLMOTORS2;62990;;;;;Malvin;https://auto.mercadolibre.com.uy/MLU-697046144-toyota-hilux-srv-plus-tss-_JM;N/A;;"Toyota Hilux Srv Plus Tss";usd;Sí;gold_premium;false;N/A;N/A;http://perfil.mercadolibre.com.uy/GLMOTORS2;active;N/A;N/A;Usado;Blanco;N/A;Hidráulica;4x4;Sí;N/A;Sí;N/A;N/A;N/A;N/A;N/A;N/A;N/A;N/A;N/A;N/A;N/A;N/A;N/A;N/A;N/A;N/A;N/A;N/A;N/A;N/A;N/A;N/A;"3085 mm";"2.8 L";"80 L";6;N/A;N/A;N/A;N/A;N/A;N/A;N/A;N/A;N/A;N/A;N/A;N/A;N/A;N/A;N/A;N/A;N/A;N/A;N/A;N/A;N/A;N/A;N/A;N/A;N/A;N/A;N/A;N/A;N/A;N/A;N/A;N/A;N/A;N/A;N/A;N/A;N/A;N/A;N/A;N/A;N/A;N/A;N/A;N/A;N/A;"1815 mm";"5325 mm";N/A;N/A;N/A;N/A;5;"204 hp";"Srv Plus";N/A;4;"1855 mm";N/A;N/A;N/A;N/A;N/A;N/A;N/A;Sí;N/A;N/A;N/A;N/A;N/A;N/A;N/A;N/A;N/A;"de 9 a 18.30";4;2.8;Diésel;Automática;Pick-Up;"Autos y camionetas";N/A;N/A;N/A;N/A;N/A;N/A;UY;N/A;N/A;N/A;N/A;N/A;N/A;N/A;N/A;N/A;N/A;N/A;N/A;N/A;N/A;N/A;N/A;N/A;N/A;N/A;N/A;N/A;N/A;N/A;N/A;N/A;N/A;N/A;N/A;N/A;N/A;N/A;N/A;N/A;N/A;N/A;N/A;N/A;N/A;N/A;N/A;N/A;N/A;N/A;N/A;N/A;N/A;N/A;N/A;N/A;N/A;N/A;N/A;N/A;N/A;N/A;N/A;N/A;N/A;N/A;N/A;N/A;N/A;N/A;N/A;N/A;N/A;N/A;N/A;N/A;N/A;N/A;N/A;N/A;N/A;N/A;N/A;N/A;N/A;N/A;N/A;N/A;N/A;N/A;N/A;N/A;N/A;N/A;N/A;N/A;N/A;N/A;N/A;N/A;N/A;N/A;N/A;N/A;N/A;N/A;N/A;N/A;N/A;N/A;N/A;N/A;Sí;N/A;Sí;N/A;N/A;N/A;N/A;Sí;N/A;N/A
Toyota;Hilux;"2.8 Tdi Cd Srv 4X4 Mt";2022;"110000 km";;GLMOTORS2;52990;;;;;Malvin;https://auto.mercadolibre.com.uy/MLU-697007092-toyota-hilux-srv-4x4-_JM;N/A;;"Toyota Hilux Srv 4x4";usd;Sí;gold_premium;false;N/A;N/A;http://perfil.mercadolibre.com.uy/GLMOTORS2;active;N/A;N/A;Usado;Plateado;N/A;Hidráulica;4x4;Sí;N/A;Sí;N/A;N/A;N/A;N/A;N/A;N/A;N/A;N/A;N/A;N/A;N/A;N/A;N/A;N/A;N/A;N/A;N/A;N/A;N/A;N/A;N/A;N/A;"3085 mm";"2.8 L";"80 L";6;N/A;N/A;N/A;N/A;N/A;N/A;N/A;N/A;N/A;N/A;N/A;N/A;N/A;N/A;N/A;N/A;N/A;N/A;N/A;N/A;N/A;N/A;N/A;N/A;N/A;N/A;N/A;N/A;N/A;N/A;N/A;N/A;N/A;N/A;N/A;N/A;N/A;N/A;N/A;N/A;N/A;N/A;N/A;N/A;N/A;"1815 mm";"5325 mm";N/A;N/A;N/A;N/A;5;"204 hp";Srv;N/A;4;"1855 mm";N/A;N/A;N/A;N/A;N/A;N/A;N/A;Sí;N/A;N/A;N/A;N/A;N/A;N/A;N/A;N/A;N/A;"de 9 a 18.30";4;2.8;Diésel;Manual;Pick-Up;"Autos y camionetas";N/A;N/A;N/A;N/A;N/A;N/A;UY;N/A;N/A;N/A;N/A;N/A;N/A;N/A;N/A;N/A;N/A;N/A;N/A;N/A;N/A;N/A;N/A;N/A;N/A;N/A;N/A;N/A;N/A;N/A;N/A;N/A;N/A;N/A;N/A;N/A;N/A;N/A;N/A;N/A;N/A;N/A;N/A;N/A;N/A;N/A;N/A;N/A;N/A;N/A;N/A;N/A;N/A;N/A;N/A;N/A;N/A;N/A;N/A;N/A;N/A;N/A;N/A;N/A;N/A;N/A;N/A;N/A;N/A;N/A;N/A;N/A;N/A;N/A;N/A;N/A;N/A;N/A;N/A;N/A;N/A;N/A;N/A;N/A;N/A;N/A;N/A;N/A;N/A;N/A;N/A;N/A;N/A;N/A;N/A;N/A;N/A;N/A;N/A;N/A;N/A;N/A;N/A;N/A;N/A;N/A;N/A;N/A;N/A;N/A;N/A;N/A;Sí;N/A;Sí;N/A;N/A;N/A;N/A;Sí;N/A;N/A
Toyota;RAV4;"2.0 4x2 Vx Cvt";2016;"150000 km";;TRINIDADMOTORS;29600;;;;;Trinidad;https://auto.mercadolibre.com.uy/MLU-696617292-toyota-rav4-20-4x2-cvt-_JM;N/A;;"Toyota Rav4 2.0 4x2 Cvt";usd;Sí;gold_premium;false;N/A;N/A;http://perfil.mercadolibre.com.uy/TRINIDADMOTORS;active;N/A;N/A;Usado;Blanco;N/A;Eléctrica;4x2;Sí;N/A;Sí;N/A;N/A;N/A;N/A;N/A;N/A;N/A;N/A;N/A;N/A;N/A;N/A;N/A;N/A;N/A;N/A;N/A;N/A;N/A;N/A;N/A;N/A;"2660 mm";"2 L";"60 L";5;N/A;N/A;N/A;N/A;N/A;N/A;N/A;N/A;N/A;N/A;N/A;N/A;N/A;N/A;N/A;N/A;N/A;N/A;N/A;N/A;N/A;N/A;N/A;N/A;N/A;N/A;N/A;N/A;N/A;N/A;N/A;N/A;N/A;N/A;N/A;Sí;N/A;N/A;N/A;N/A;N/A;N/A;N/A;N/A;N/A;"1715 mm";"4570 mm";N/A;N/A;N/A;N/A;5;"146 hp";Vx;N/A;4;"1845 mm";N/A;Sí;N/A;N/A;N/A;N/A;N/A;N/A;N/A;Sí;N/A;"10.9 km/l";N/A;N/A;N/A;N/A;N/A;"TODOS LOS DIAS";5;2.0;Nafta;Automática;SUV;"Autos y camionetas";N/A;N/A;N/A;N/A;N/A;N/A;UY;N/A;N/A;N/A;N/A;N/A;N/A;N/A;N/A;N/A;N/A;N/A;N/A;N/A;N/A;N/A;N/A;N/A;N/A;N/A;N/A;N/A;N/A;N/A;N/A;N/A;N/A;N/A;N/A;N/A;N/A;N/A;N/A;N/A;N/A;N/A;N/A;N/A;N/A;N/A;N/A;N/A;N/A;N/A;N/A;N/A;N/A;N/A;N/A;N/A;N/A;N/A;N/A;N/A;N/A;N/A;N/A;N/A;N/A;N/A;N/A;N/A;N/A;N/A;N/A;N/A;N/A;N/A;N/A;N/A;N/A;N/A;N/A;N/A;N/A;N/A;N/A;N/A;N/A;N/A;N/A;N/A;N/A;N/A;N/A;N/A;N/A;N/A;N/A;N/A;N/A;N/A;N/A;N/A;N/A;N/A;N/A;N/A;N/A;N/A;N/A;N/A;N/A;N/A;N/A;N/A;Sí;N/A;Sí;N/A;N/A;N/A;N/A;Sí;N/A;N/A
Toyota;Hilux;"PU DX 4x4";2024;"0 km";;"AYAX SA";56990;;;;;Aguada;https://auto.mercadolibre.com.uy/MLU-684179768-toyota-hilux-pu-dx-4x4-2024-blanco-0km-_JM;N/A;;"Toyota Hilux Pu Dx 4x4 2024 Blanco 0km";usd;Sí;gold_premium;false;N/A;N/A;http://perfil.mercadolibre.com.uy/AYAX+SA;active;N/A;N/A;Nuevo;Blanco;N/A;Hidráulica;N/A;Sí;Sí;Sí;N/A;Sí;N/A;N/A;N/A;N/A;N/A;N/A;N/A;Sí;N/A;N/A;N/A;N/A;N/A;N/A;N/A;N/A;N/A;N/A;N/A;N/A;N/A;"2400 cc";N/A;6;N/A;N/A;Sí;Sí;Sí;N/A;N/A;N/A;N/A;N/A;N/A;N/A;N/A;N/A;N/A;N/A;N/A;N/A;N/A;N/A;N/A;N/A;N/A;Sí;N/A;Sí;N/A;Sí;N/A;N/A;N/A;N/A;N/A;N/A;N/A;N/A;Sí;N/A;N/A;N/A;N/A;N/A;N/A;N/A;N/A;N/A;N/A;N/A;N/A;N/A;N/A;N/A;"150 hp";Dx;N/A;N/A;N/A;N/A;N/A;N/A;N/A;Sí;N/A;Sí;Sí;N/A;N/A;N/A;N/A;N/A;Sí;N/A;N/A;N/A;"Lun. a Jue. de 9 a 18 hs. Vie. de 9 a 17 hs";4;2.4;Diésel;Manual;Pick-Up;"Autos y camionetas";No;N/A;N/A;N/A;No;N/A;UY;No;Sí;No;No;N/A;N/A;N/A;N/A;N/A;N/A;N/A;N/A;N/A;N/A;N/A;N/A;N/A;N/A;N/A;N/A;N/A;N/A;N/A;N/A;N/A;N/A;N/A;N/A;N/A;N/A;N/A;N/A;N/A;N/A;N/A;N/A;Sí;N/A;N/A;N/A;N/A;N/A;N/A;N/A;N/A;N/A;N/A;N/A;N/A;N/A;N/A;N/A;N/A;N/A;Sí;No;N/A;N/A;N/A;N/A;N/A;N/A;N/A;N/A;N/A;N/A;N/A;N/A;N/A;N/A;N/A;N/A;N/A;N/A;N/A;N/A;N/A;N/A;N/A;N/A;N/A;N/A;N/A;N/A;N/A;N/A;N/A;N/A;N/A;Sí;N/A;N/A;N/A;Sí;N/A;Sí;N/A;N/A;Sí;N/A;N/A;N/A;N/A;Sí;Sí;N/A;N/A;Sí;Sí;Sí;N/A;N/A;Sí;N/A;Sí
Toyota;RAV4;"S PLUS";2024;"0 km";;"AYAX SA";58990;;;;;Aguada;https://auto.mercadolibre.com.uy/MLU-684179328-toyota-rav4-s-plus-2024-azul-0km-_JM;N/A;;"Toyota Rav4 S Plus 2024 Azul 0km";usd;Sí;gold_premium;false;N/A;N/A;http://perfil.mercadolibre.com.uy/AYAX+SA;active;N/A;N/A;Nuevo;Azul;N/A;Eléctrica;N/A;N/A;Sí;Sí;N/A;Sí;N/A;Sí;Sí;N/A;Sí;Sí;Sí;Sí;N/A;Sí;N/A;N/A;N/A;N/A;N/A;N/A;N/A;N/A;N/A;N/A;N/A;"2500 cc";N/A;6;N/A;N/A;Sí;Sí;Sí;N/A;Sí;N/A;N/A;N/A;N/A;N/A;N/A;N/A;N/A;N/A;N/A;N/A;N/A;N/A;N/A;N/A;N/A;Sí;N/A;Sí;N/A;Sí;N/A;N/A;N/A;N/A;N/A;N/A;N/A;N/A;Sí;N/A;N/A;N/A;N/A;N/A;N/A;N/A;N/A;N/A;N/A;N/A;N/A;N/A;N/A;N/A;"218 hp";Plus;N/A;N/A;N/A;N/A;N/A;N/A;Sí;Sí;Sí;Sí;Sí;Sí;Sí;N/A;N/A;N/A;Sí;N/A;N/A;Sí;"Lun. a Jue. de 9 a 18 hs. Vie. de 9 a 17 hs";5;2.5;Híbrido;Automática;SUV;"Autos y camionetas";No;N/A;N/A;N/A;No;N/A;UY;No;Sí;No;No;N/A;N/A;N/A;N/A;N/A;N/A;N/A;N/A;N/A;N/A;N/A;N/A;N/A;Sí;N/A;N/A;N/A;N/A;N/A;N/A;N/A;N/A;N/A;N/A;Sí;N/A;N/A;N/A;N/A;N/A;N/A;N/A;Sí;N/A;N/A;N/A;N/A;N/A;N/A;N/A;N/A;N/A;Sí;N/A;N/A;N/A;Sí;Sí;N/A;N/A;Sí;No;N/A;N/A;N/A;N/A;N/A;N/A;N/A;N/A;N/A;N/A;N/A;N/A;N/A;N/A;N/A;N/A;N/A;N/A;N/A;N/A;N/A;N/A;N/A;N/A;N/A;N/A;N/A;N/A;N/A;N/A;N/A;N/A;N/A;Sí;Sí;Sí;Sí;Sí;Sí;Sí;N/A;Sí;Sí;N/A;Sí;N/A;N/A;Sí;Sí;Sí;N/A;Sí;Sí;Sí;N/A;N/A;Sí;N/A;Sí
Toyota;RAV4;"LIMITED PLUS 4X2";2024;"0 km";;"AYAX SA";67990;;;;;Aguada;https://auto.mercadolibre.com.uy/MLU-684087856-toyota-rav4-limited-plus-4x2-2024-azul-0km-_JM;N/A;;"Toyota Rav4 Limited Plus 4x2 2024 Azul 0km";usd;Sí;gold_premium;false;N/A;N/A;http://perfil.mercadolibre.com.uy/AYAX+SA;active;N/A;N/A;Nuevo;Azul;N/A;Asistida;N/A;N/A;Sí;Sí;Sí;Sí;N/A;Sí;Sí;Sí;Sí;Sí;Sí;Sí;N/A;Sí;N/A;N/A;N/A;N/A;N/A;N/A;N/A;N/A;N/A;N/A;N/A;"2500 cc";N/A;6;N/A;N/A;Sí;Sí;Sí;Sí;Sí;N/A;N/A;N/A;N/A;N/A;N/A;N/A;N/A;N/A;N/A;N/A;N/A;N/A;N/A;Sí;N/A;Sí;N/A;Sí;N/A;Sí;N/A;N/A;N/A;N/A;N/A;N/A;N/A;N/A;Sí;N/A;N/A;N/A;N/A;N/A;Sí;N/A;N/A;N/A;N/A;N/A;N/A;N/A;N/A;N/A;"222 hp";N/A;N/A;N/A;N/A;N/A;N/A;N/A;Sí;Sí;N/A;Sí;Sí;Sí;Sí;N/A;N/A;Sí;Sí;N/A;N/A;Sí;"Lun. a Jue. de 9 a 18 hs. Vie. de 9 a 17 hs";5;2.5;Híbrido;"Automática secuencial";SUV;"Autos y camionetas";No;N/A;N/A;N/A;No;N/A;UY;No;Sí;No;No;N/A;N/A;N/A;N/A;N/A;N/A;N/A;N/A;N/A;N/A;N/A;N/A;N/A;Sí;N/A;N/A;N/A;N/A;N/A;N/A;N/A;N/A;N/A;N/A;Sí;N/A;N/A;N/A;N/A;N/A;N/A;N/A;Sí;N/A;N/A;N/A;N/A;N/A;N/A;N/A;N/A;N/A;Sí;N/A;N/A;N/A;Sí;Sí;N/A;N/A;Sí;No;N/A;N/A;N/A;N/A;N/A;N/A;N/A;N/A;N/A;N/A;N/A;N/A;N/A;N/A;N/A;N/A;N/A;N/A;N/A;N/A;N/A;N/A;N/A;N/A;N/A;N/A;N/A;N/A;N/A;Sí;N/A;N/A;N/A;Sí;Sí;Sí;Sí;Sí;Sí;Sí;N/A;Sí;Sí;Sí;Sí;N/A;N/A;Sí;Sí;Sí;N/A;Sí;Sí;Sí;N/A;N/A;Sí;N/A;Sí
Toyota;Hilux;"SRV 4X2";2024;"0 km";;"AYAX SA";41990;;;;;Aguada;https://auto.mercadolibre.com.uy/MLU-641523181-toyota-hilux-srv-4x2-2024-blanco-0km-_JM;N/A;;"Toyota Hilux Srv 4x2 2024 Blanco 0km";usd;Sí;gold_premium;false;N/A;N/A;http://perfil.mercadolibre.com.uy/AYAX+SA;active;N/A;N/A;Nuevo;Blanco;N/A;Hidráulica;N/A;N/A;Sí;Sí;Sí;Sí;N/A;Sí;Sí;Sí;Sí;Sí;Sí;Sí;N/A;N/A;N/A;N/A;N/A;N/A;N/A;N/A;N/A;N/A;N/A;N/A;N/A;"2700 cc";N/A;5;N/A;N/A;Sí;Sí;Sí;N/A;Sí;N/A;N/A;N/A;N/A;N/A;N/A;N/A;N/A;N/A;N/A;N/A;N/A;N/A;N/A;N/A;N/A;Sí;N/A;Sí;N/A;Sí;N/A;N/A;N/A;N/A;N/A;N/A;N/A;N/A;Sí;N/A;N/A;N/A;N/A;N/A;Sí;N/A;N/A;N/A;N/A;N/A;N/A;N/A;N/A;N/A;"167 hp";Srv;N/A;N/A;N/A;N/A;N/A;N/A;Sí;Sí;Sí;Sí;Sí;N/A;N/A;N/A;N/A;N/A;Sí;N/A;N/A;N/A;"Lun. a Jue. de 9 a 18 hs. Vie. de 9 a 17 hs";4;2.7;Nafta;Manual;Pick-Up;"Autos y camionetas";No;N/A;N/A;N/A;No;N/A;UY;No;Sí;No;No;N/A;N/A;N/A;N/A;N/A;N/A;N/A;N/A;N/A;N/A;N/A;N/A;N/A;N/A;N/A;N/A;N/A;N/A;N/A;N/A;N/A;N/A;N/A;N/A;Sí;N/A;N/A;N/A;N/A;N/A;N/A;N/A;Sí;N/A;N/A;N/A;N/A;N/A;N/A;N/A;N/A;N/A;N/A;N/A;N/A;N/A;Sí;Sí;N/A;N/A;Sí;No;Sí;N/A;N/A;N/A;N/A;N/A;N/A;N/A;N/A;N/A;N/A;N/A;N/A;N/A;N/A;N/A;N/A;N/A;N/A;N/A;N/A;N/A;N/A;N/A;N/A;N/A;N/A;N/A;N/A;N/A;N/A;N/A;N/A;Sí;Sí;Sí;Sí;Sí;N/A;Sí;N/A;Sí;Sí;N/A;Sí;N/A;N/A;Sí;Sí;Sí;N/A;Sí;Sí;Sí;N/A;N/A;Sí;N/A;Sí
Toyota;Hilux;"SRV 4X2";2024;"0 km";;"AYAX SA";61490;;;;;Aguada;https://auto.mercadolibre.com.uy/MLU-684000986-toyota-hilux-srv-4x2-2024-gris-plata-0km-_JM;N/A;;"Toyota Hilux Srv 4x2 2024 Gris Plata 0km";usd;Sí;gold_premium;false;N/A;N/A;http://perfil.mercadolibre.com.uy/AYAX+SA;active;N/A;N/A;Nuevo;Plateado;N/A;Hidráulica;N/A;N/A;Sí;Sí;N/A;Sí;N/A;Sí;Sí;N/A;Sí;Sí;N/A;Sí;N/A;N/A;N/A;N/A;N/A;N/A;N/A;N/A;N/A;N/A;N/A;N/A;N/A;"2800 cc";N/A;6;N/A;N/A;Sí;Sí;Sí;N/A;Sí;N/A;N/A;N/A;N/A;N/A;N/A;N/A;N/A;N/A;N/A;N/A;N/A;N/A;N/A;N/A;N/A;Sí;N/A;Sí;N/A;Sí;N/A;N/A;N/A;N/A;N/A;N/A;N/A;N/A;Sí;N/A;N/A;N/A;N/A;N/A;Sí;N/A;N/A;N/A;N/A;N/A;N/A;N/A;N/A;N/A;"204 hp";Srv;N/A;N/A;N/A;N/A;N/A;N/A;Sí;Sí;Sí;Sí;Sí;N/A;N/A;N/A;N/A;N/A;Sí;N/A;N/A;N/A;"Lun. a Jue. de 9 a 18 hs. Vie. de 9 a 17 hs";4;2.8;Diésel;Manual;Pick-Up;"Autos y camionetas";No;N/A;N/A;N/A;No;N/A;UY;No;Sí;No;No;N/A;N/A;N/A;N/A;N/A;N/A;N/A;N/A;N/A;N/A;N/A;N/A;N/A;Sí;N/A;N/A;N/A;N/A;N/A;N/A;N/A;N/A;N/A;N/A;Sí;N/A;N/A;N/A;N/A;N/A;N/A;N/A;Sí;N/A;N/A;N/A;N/A;N/A;N/A;N/A;N/A;N/A;N/A;N/A;N/A;N/A;Sí;Sí;N/A;N/A;Sí;No;Sí;N/A;N/A;N/A;N/A;N/A;N/A;N/A;N/A;N/A;N/A;N/A;N/A;N/A;N/A;N/A;N/A;N/A;N/A;N/A;N/A;N/A;N/A;N/A;N/A;N/A;N/A;N/A;N/A;N/A;N/A;N/A;N/A;Sí;Sí;Sí;Sí;Sí;Sí;Sí;N/A;Sí;Sí;N/A;Sí;N/A;N/A;Sí;Sí;Sí;N/A;Sí;N/A;Sí;N/A;N/A;Sí;N/A;Sí
Toyota;Hilux;"SR 4X2";2024;"0 km";;"AYAX SA";37990;;;;;Aguada;https://auto.mercadolibre.com.uy/MLU-641497723-toyota-hilux-sr-4x2-2024-blanco-0km-_JM;N/A;;"Toyota Hilux Sr 4x2 2024 Blanco 0km";usd;Sí;gold_premium;false;N/A;N/A;http://perfil.mercadolibre.com.uy/AYAX+SA;active;N/A;N/A;Nuevo;Blanco;N/A;Hidráulica;N/A;N/A;Sí;Sí;N/A;Sí;N/A;Sí;N/A;N/A;Sí;Sí;N/A;Sí;N/A;N/A;N/A;N/A;N/A;N/A;N/A;N/A;N/A;N/A;N/A;N/A;N/A;"2700 cc";N/A;5;N/A;N/A;Sí;Sí;Sí;N/A;Sí;N/A;N/A;N/A;N/A;N/A;N/A;N/A;N/A;N/A;N/A;N/A;N/A;N/A;N/A;N/A;N/A;Sí;N/A;Sí;N/A;Sí;N/A;N/A;N/A;N/A;N/A;N/A;N/A;N/A;Sí;N/A;N/A;N/A;N/A;N/A;N/A;N/A;N/A;N/A;N/A;N/A;N/A;N/A;N/A;N/A;"167 hp";Sr;N/A;N/A;N/A;N/A;N/A;N/A;Sí;Sí;N/A;Sí;Sí;Sí;N/A;N/A;N/A;N/A;Sí;N/A;N/A;N/A;"Lun. a Jue. de 9 a 18 hs. Vie. de 9 a 17 hs";4;2.7;Nafta;Manual;Pick-Up;"Autos y camionetas";No;N/A;N/A;N/A;No;N/A;UY;No;Sí;No;No;N/A;N/A;N/A;N/A;N/A;N/A;N/A;N/A;N/A;N/A;N/A;N/A;N/A;Sí;N/A;N/A;N/A;N/A;N/A;N/A;N/A;N/A;N/A;N/A;N/A;N/A;N/A;N/A;N/A;N/A;N/A;N/A;Sí;N/A;N/A;N/A;N/A;N/A;N/A;N/A;N/A;N/A;N/A;N/A;N/A;N/A;N/A;N/A;N/A;N/A;Sí;No;Sí;N/A;N/A;N/A;N/A;N/A;N/A;N/A;N/A;N/A;N/A;N/A;N/A;N/A;N/A;N/A;N/A;N/A;N/A;N/A;N/A;N/A;N/A;N/A;N/A;N/A;N/A;N/A;N/A;N/A;N/A;N/A;N/A;Sí;Sí;Sí;Sí;Sí;Sí;Sí;N/A;Sí;Sí;N/A;Sí;N/A;N/A;Sí;Sí;Sí;N/A;Sí;Sí;Sí;N/A;N/A;Sí;N/A;Sí
Toyota;Hilux;"SR 4X2";2024;"0 km";;"AYAX SA";57490;;;;;Aguada;https://auto.mercadolibre.com.uy/MLU-684000974-toyota-hilux-sr-4x2-2024-gris-plata-0km-_JM;N/A;;"Toyota Hilux Sr 4x2 2024 Gris Plata 0km";usd;Sí;gold_premium;false;N/A;N/A;http://perfil.mercadolibre.com.uy/AYAX+SA;active;N/A;N/A;Nuevo;Plateado;N/A;Hidráulica;N/A;Sí;Sí;Sí;N/A;Sí;N/A;Sí;Sí;N/A;N/A;Sí;N/A;Sí;N/A;N/A;N/A;N/A;N/A;N/A;N/A;N/A;N/A;N/A;N/A;N/A;N/A;"2400 cc";N/A;6;N/A;N/A;Sí;Sí;Sí;N/A;Sí;N/A;N/A;N/A;N/A;N/A;N/A;N/A;N/A;N/A;N/A;N/A;N/A;N/A;N/A;N/A;N/A;Sí;N/A;Sí;N/A;Sí;N/A;N/A;N/A;N/A;N/A;N/A;N/A;N/A;Sí;N/A;N/A;N/A;N/A;N/A;N/A;N/A;N/A;N/A;N/A;N/A;N/A;N/A;N/A;N/A;"150 hp";Sr;N/A;N/A;N/A;N/A;N/A;N/A;N/A;Sí;N/A;Sí;Sí;N/A;N/A;N/A;N/A;N/A;Sí;N/A;N/A;N/A;"Lun. a Jue. de 9 a 18 hs. Vie. de 9 a 17 hs";4;2.4;Diésel;Manual;Pick-Up;"Autos y camionetas";No;N/A;N/A;N/A;No;N/A;UY;No;Sí;No;No;N/A;N/A;N/A;N/A;N/A;N/A;N/A;N/A;N/A;N/A;N/A;N/A;N/A;N/A;N/A;N/A;N/A;N/A;N/A;N/A;N/A;N/A;N/A;N/A;N/A;N/A;N/A;N/A;N/A;N/A;N/A;N/A;Sí;N/A;N/A;N/A;N/A;N/A;N/A;N/A;N/A;N/A;N/A;N/A;N/A;N/A;N/A;N/A;N/A;N/A;Sí;No;Sí;N/A;N/A;N/A;N/A;N/A;N/A;N/A;N/A;N/A;N/A;N/A;N/A;N/A;N/A;N/A;N/A;N/A;N/A;N/A;N/A;N/A;N/A;N/A;N/A;N/A;N/A;N/A;N/A;N/A;N/A;N/A;N/A;Sí;Sí;Sí;Sí;Sí;N/A;Sí;N/A;Sí;Sí;N/A;Sí;N/A;N/A;Sí;Sí;Sí;N/A;Sí;Sí;Sí;N/A;N/A;Sí;N/A;Sí
Toyota;Hilux;"Dx 4X4";2024;"0 km";;"AYAX SA";58990;;;;;Aguada;https://auto.mercadolibre.com.uy/MLU-641523167-toyota-hilux-dx-4x4-2024-gris-oscuro-0km-_JM;N/A;;"Toyota Hilux Dx 4x4 2024 Gris Oscuro 0km";usd;Sí;gold_premium;false;N/A;N/A;http://perfil.mercadolibre.com.uy/AYAX+SA;active;N/A;N/A;Nuevo;"Gris oscuro";N/A;Hidráulica;N/A;Sí;Sí;Sí;N/A;Sí;N/A;Sí;N/A;N/A;N/A;N/A;N/A;Sí;N/A;N/A;N/A;N/A;N/A;N/A;N/A;N/A;N/A;N/A;N/A;N/A;N/A;"2400 cc";N/A;6;N/A;N/A;Sí;Sí;Sí;N/A;N/A;N/A;N/A;N/A;N/A;N/A;N/A;N/A;N/A;N/A;N/A;N/A;N/A;N/A;N/A;N/A;N/A;Sí;N/A;Sí;N/A;Sí;N/A;N/A;N/A;N/A;N/A;N/A;N/A;N/A;Sí;N/A;N/A;N/A;N/A;N/A;N/A;N/A;N/A;N/A;N/A;N/A;N/A;N/A;N/A;N/A;"150 hp";Dx;N/A;N/A;N/A;N/A;N/A;N/A;N/A;Sí;N/A;Sí;Sí;N/A;N/A;N/A;N/A;N/A;Sí;N/A;N/A;N/A;"Lun. a Jue. de 9 a 18 hs. Vie. de 9 a 17 hs";4;2.4;Diésel;Manual;Pick-Up;"Autos y camionetas";No;N/A;N/A;N/A;No;N/A;UY;No;Sí;No;No;N/A;N/A;N/A;N/A;N/A;N/A;N/A;N/A;N/A;N/A;N/A;N/A;N/A;N/A;N/A;N/A;N/A;N/A;N/A;N/A;N/A;N/A;N/A;N/A;N/A;N/A;N/A;N/A;N/A;N/A;N/A;N/A;Sí;N/A;N/A;N/A;N/A;N/A;N/A;N/A;N/A;N/A;N/A;N/A;N/A;N/A;N/A;N/A;N/A;N/A;Sí;No;N/A;N/A;N/A;N/A;N/A;N/A;N/A;N/A;N/A;N/A;N/A;N/A;N/A;N/A;N/A;N/A;N/A;N/A;N/A;N/A;N/A;N/A;N/A;N/A;N/A;N/A;N/A;N/A;N/A;N/A;N/A;N/A;N/A;Sí;Sí;N/A;Sí;Sí;N/A;Sí;N/A;N/A;Sí;N/A;N/A;N/A;N/A;Sí;Sí;N/A;N/A;Sí;N/A;Sí;N/A;N/A;Sí;N/A;Sí
Toyota;Hilux;SRX;2024;"0 km";;"VIPERCAR AUTOMOVILES_1";82990;;;;;Aguada;https://auto.mercadolibre.com.uy/MLU-675976554-toyota-hilux-srx-28-2024-0km-_JM;N/A;;"Toyota Hilux Srx 2.8 2024 0km";usd;Sí;gold_premium;false;N/A;N/A;http://perfil.mercadolibre.com.uy/VIPERCAR+AUTOMOVILES_1;active;N/A;N/A;Nuevo;N/A;N/A;Eléctrica;N/A;Sí;Sí;Sí;N/A;Sí;N/A;Sí;Sí;Sí;Sí;Sí;Sí;Sí;N/A;N/A;N/A;N/A;N/A;N/A;N/A;N/A;N/A;N/A;N/A;N/A;N/A;"2800 cc";N/A;6;N/A;N/A;Sí;Sí;Sí;N/A;Sí;N/A;N/A;N/A;N/A;N/A;N/A;N/A;N/A;N/A;N/A;N/A;N/A;N/A;N/A;N/A;N/A;Sí;N/A;Sí;N/A;Sí;N/A;N/A;N/A;N/A;N/A;N/A;N/A;N/A;Sí;N/A;N/A;N/A;N/A;N/A;Sí;N/A;N/A;N/A;N/A;N/A;N/A;N/A;N/A;N/A;"204 hp";Srx;N/A;N/A;N/A;N/A;N/A;N/A;Sí;Sí;Sí;Sí;Sí;N/A;N/A;N/A;N/A;N/A;N/A;N/A;N/A;N/A;"Lun a Vie de 9 a 12:30 y de 13:30 a 19. Sáb de 9 a 13 hs.";4;2.8;Diésel;"Automática secuencial";Pick-Up;"Autos y camionetas";No;N/A;N/A;N/A;No;N/A;UY;No;Sí;No;No;N/A;N/A;N/A;N/A;N/A;N/A;N/A;N/A;N/A;N/A;N/A;N/A;N/A;Sí;N/A;N/A;N/A;N/A;N/A;N/A;N/A;N/A;N/A;N/A;Sí;N/A;N/A;N/A;N/A;N/A;N/A;N/A;Sí;N/A;N/A;N/A;N/A;N/A;N/A;N/A;N/A;N/A;Sí;N/A;N/A;N/A;Sí;Sí;N/A;N/A;Sí;No;Sí;N/A;N/A;N/A;N/A;N/A;N/A;N/A;N/A;N/A;N/A;N/A;N/A;N/A;N/A;N/A;N/A;N/A;N/A;N/A;N/A;N/A;N/A;N/A;N/A;N/A;N/A;N/A;N/A;Sí;N/A;N/A;N/A;Sí;Sí;Sí;Sí;Sí;Sí;Sí;N/A;Sí;Sí;N/A;N/A;N/A;N/A;Sí;Sí;Sí;N/A;Sí;N/A;Sí;N/A;N/A;Sí;N/A;Sí
Toyota;Hilux;"2.4 D.cab. T.dsl Sr";2018;"240000 km";;CARLINEAUTOMÓVILES;39990;;;;;Malvin;https://auto.mercadolibre.com.uy/MLU-699805910-toyota-hilux-24-sr-_JM;N/A;;"Toyota Hilux 2.4 Sr";usd;Sí;gold_premium;false;N/A;N/A;http://perfil.mercadolibre.com.uy/CARLINEAUTOM%C3%93VILES;active;N/A;N/A;Usado;Plateado;N/A;Hidráulica;4x2;Sí;N/A;Sí;N/A;N/A;N/A;N/A;N/A;N/A;N/A;N/A;N/A;N/A;N/A;N/A;N/A;N/A;N/A;N/A;N/A;N/A;N/A;N/A;N/A;N/A;"2860 mm";"2.4 L";"80 L";5;N/A;N/A;N/A;N/A;N/A;N/A;N/A;N/A;N/A;N/A;N/A;N/A;N/A;N/A;N/A;N/A;N/A;N/A;N/A;N/A;N/A;N/A;N/A;N/A;N/A;N/A;N/A;N/A;N/A;N/A;N/A;N/A;N/A;N/A;N/A;N/A;N/A;N/A;N/A;N/A;N/A;N/A;N/A;N/A;N/A;"1850 mm";"5260 mm";N/A;N/A;N/A;N/A;5;"150 hp";Sr;N/A;4;"1855 mm";"8.2 km/l";N/A;N/A;N/A;N/A;N/A;N/A;N/A;N/A;N/A;N/A;"6.3 km/l";N/A;N/A;N/A;N/A;N/A;N/A;4;2.4;Diésel;Manual;Pick-Up;"Autos y camionetas";N/A;N/A;N/A;N/A;N/A;N/A;UY;N/A;N/A;N/A;N/A;N/A;N/A;N/A;N/A;N/A;N/A;N/A;N/A;N/A;N/A;N/A;N/A;N/A;N/A;N/A;N/A;N/A;N/A;N/A;N/A;N/A;N/A;N/A;N/A;N/A;N/A;N/A;N/A;N/A;N/A;N/A;N/A;N/A;N/A;N/A;N/A;N/A;N/A;N/A;N/A;N/A;N/A;N/A;N/A;N/A;N/A;N/A;N/A;N/A;N/A;N/A;N/A;N/A;N/A;N/A;N/A;N/A;N/A;N/A;N/A;N/A;N/A;N/A;N/A;N/A;N/A;N/A;N/A;N/A;N/A;N/A;N/A;N/A;N/A;N/A;N/A;N/A;N/A;N/A;N/A;N/A;N/A;N/A;N/A;N/A;N/A;N/A;N/A;N/A;N/A;N/A;N/A;N/A;N/A;N/A;N/A;N/A;N/A;N/A;N/A;N/A;Sí;N/A;Sí;N/A;N/A;N/A;Sí;Sí;N/A;N/A
Toyota;RAV4;"LIMITED PLUS 2WD HYBRID AUTOMATICA SOLO 14.000KM EN GARANTIA PERMUTO FINANCIO";2023;"14000 km";;"POMBO NOVO_AUTOMOVILES";61900;;;;;Malvin;https://auto.mercadolibre.com.uy/MLU-645403457-toyota-rav4-limited-hybrid-plus-2wd-automatica-2023-_JM;N/A;;"Toyota Rav4 Limited Hybrid Plus 2wd Automatica 2023 ";USD;Sí;gold_premium;false;N/A;N/A;http://perfil.mercadolibre.com.uy/POMBO+NOVO_AUTOMOVILES;active;N/A;N/A;Usado;Gris;Sí;Hidráulica;4x2;Sí;Sí;N/A;N/A;N/A;Sí;N/A;N/A;Sí;N/A;N/A;Sí;Sí;N/A;Sí;N/A;N/A;N/A;N/A;N/A;N/A;N/A;N/A;N/A;N/A;N/A;N/A;N/A;N/A;N/A;N/A;N/A;N/A;N/A;Sí;N/A;N/A;N/A;N/A;N/A;N/A;N/A;N/A;N/A;N/A;N/A;N/A;N/A;N/A;N/A;N/A;N/A;N/A;N/A;N/A;N/A;N/A;N/A;Sí;N/A;N/A;N/A;N/A;N/A;N/A;N/A;N/A;N/A;N/A;N/A;N/A;N/A;N/A;N/A;N/A;N/A;N/A;N/A;N/A;N/A;N/A;N/A;N/A;N/A;N/A;N/A;N/A;Sí;N/A;Sí;Sí;N/A;Sí;Sí;N/A;Sí;N/A;N/A;No;No;N/A;N/A;Sí;"LUNES A VIERNES 11:00 A 18:00";5;"2.5 HIBRID 218cv";Híbrido;Automática;SUV;"Autos y camionetas";Sí;N/A;N/A;N/A;No;N/A;N/A;N/A;Sí;N/A;Sí;N/A;N/A;N/A;N/A;N/A;N/A;N/A;N/A;N/A;N/A;N/A;N/A;N/A;Sí;N/A;N/A;N/A;N/A;N/A;N/A;N/A;N/A;N/A;N/A;N/A;N/A;N/A;N/A;N/A;N/A;N/A;N/A;Sí;N/A;N/A;N/A;N/A;N/A;N/A;N/A;N/A;N/A;N/A;N/A;N/A;N/A;N/A;N/A;N/A;N/A;Sí;No;N/A;N/A;N/A;N/A;N/A;N/A;N/A;N/A;N/A;N/A;N/A;N/A;N/A;N/A;N/A;N/A;N/A;N/A;N/A;N/A;N/A;N/A;N/A;N/A;N/A;N/A;N/A;N/A;N/A;N/A;N/A;N/A;No;Sí;Sí;Sí;N/A;Sí;N/A;N/A;N/A;N/A;Sí;Sí;Sí;Sí;N/A;N/A;Sí;Sí;Sí;Sí;Sí;Sí;Sí;Sí;Sí;N/A;Sí
Toyota;Hilux;"2.4 Tdi Cd Sr 4X4 Mt";2023;"0 km";;RURALAUTOMOTORA;60500;;;;;Trinidad;https://auto.mercadolibre.com.uy/MLU-690258126-toyota-hilux-2023-24-tdi-cd-sr-4x4-mt-_JM;N/A;;"Toyota Hilux 2023 2.4 Tdi Cd Sr 4x4 Mt";usd;Sí;gold_premium;false;N/A;N/A;http://perfil.mercadolibre.com.uy/RURALAUTOMOTORA;active;N/A;N/A;Nuevo;N/A;N/A;N/A;4x4;N/A;N/A;N/A;N/A;N/A;N/A;N/A;N/A;N/A;N/A;N/A;N/A;N/A;N/A;N/A;N/A;N/A;N/A;N/A;N/A;N/A;N/A;N/A;N/A;N/A;"3085 mm";"2.4 L";"80 L";6;N/A;N/A;N/A;N/A;N/A;N/A;N/A;N/A;N/A;N/A;N/A;N/A;N/A;N/A;N/A;N/A;N/A;N/A;N/A;N/A;N/A;N/A;N/A;N/A;N/A;N/A;N/A;N/A;N/A;N/A;N/A;N/A;N/A;N/A;N/A;N/A;N/A;N/A;N/A;N/A;N/A;N/A;N/A;N/A;N/A;"1815 mm";"5325 mm";N/A;N/A;N/A;N/A;5;"150 hp";Sr;N/A;4;"1855 mm";N/A;N/A;N/A;N/A;N/A;N/A;N/A;N/A;N/A;N/A;N/A;N/A;N/A;N/A;N/A;N/A;N/A;N/A;4;2.4;Diésel;Manual;Pick-Up;"Autos y camionetas";N/A;N/A;N/A;N/A;N/A;N/A;UY;N/A;N/A;N/A;N/A;N/A;N/A;N/A;N/A;N/A;N/A;N/A;N/A;N/A;N/A;N/A;N/A;N/A;N/A;N/A;N/A;N/A;N/A;N/A;N/A;N/A;N/A;N/A;N/A;N/A;N/A;N/A;N/A;N/A;N/A;N/A;N/A;N/A;N/A;N/A;N/A;N/A;N/A;N/A;N/A;N/A;N/A;N/A;N/A;N/A;N/A;N/A;N/A;N/A;N/A;N/A;N/A;N/A;N/A;N/A;N/A;N/A;N/A;N/A;N/A;N/A;N/A;N/A;N/A;N/A;N/A;N/A;N/A;N/A;N/A;N/A;N/A;N/A;N/A;N/A;N/A;N/A;N/A;N/A;N/A;N/A;N/A;N/A;N/A;N/A;N/A;N/A;N/A;N/A;N/A;N/A;N/A;N/A;N/A;N/A;N/A;N/A;N/A;N/A;N/A;N/A;N/A;N/A;N/A;N/A;N/A;N/A;N/A;N/A;N/A;N/A
Toyota;Hilux;"2.4 D.cab. T.dsl Sr";2024;"0 km";;RURALAUTOMOTORA;57490;;;;;Trinidad;https://auto.mercadolibre.com.uy/MLU-690177680-toyota-hilux-2024-24-dcab-tdsl-sr-_JM;N/A;;"Toyota Hilux 2024 2.4 D.cab. T.dsl Sr";usd;Sí;gold_premium;false;N/A;N/A;http://perfil.mercadolibre.com.uy/RURALAUTOMOTORA;active;N/A;N/A;Nuevo;N/A;N/A;Hidráulica;4x2;Sí;N/A;Sí;N/A;N/A;N/A;N/A;N/A;N/A;N/A;N/A;N/A;N/A;N/A;N/A;N/A;N/A;N/A;N/A;N/A;N/A;N/A;N/A;N/A;N/A;"2860 mm";"2.4 L";"80 L";5;N/A;N/A;N/A;N/A;N/A;N/A;N/A;N/A;N/A;Sí;N/A;N/A;N/A;N/A;N/A;N/A;N/A;N/A;N/A;N/A;N/A;N/A;N/A;N/A;N/A;N/A;N/A;N/A;N/A;N/A;N/A;N/A;N/A;N/A;N/A;N/A;N/A;N/A;N/A;N/A;N/A;N/A;N/A;N/A;N/A;"1850 mm";"5260 mm";N/A;N/A;N/A;N/A;5;"150 hp";Sr;N/A;4;"1855 mm";"8.2 km/l";N/A;N/A;N/A;N/A;N/A;N/A;N/A;N/A;N/A;N/A;"6.3 km/l";N/A;N/A;N/A;N/A;N/A;N/A;4;2.4;Diésel;Manual;Pick-Up;"Autos y camionetas";N/A;N/A;N/A;N/A;N/A;N/A;UY;N/A;N/A;N/A;N/A;N/A;N/A;N/A;N/A;N/A;N/A;N/A;N/A;N/A;N/A;N/A;N/A;N/A;N/A;N/A;N/A;N/A;N/A;N/A;N/A;N/A;N/A;N/A;N/A;N/A;N/A;N/A;N/A;N/A;N/A;N/A;N/A;N/A;N/A;N/A;N/A;N/A;N/A;N/A;N/A;N/A;N/A;N/A;N/A;N/A;N/A;N/A;N/A;N/A;N/A;N/A;N/A;N/A;N/A;N/A;N/A;N/A;N/A;N/A;N/A;N/A;N/A;N/A;N/A;N/A;N/A;N/A;N/A;N/A;N/A;N/A;N/A;N/A;N/A;N/A;N/A;N/A;N/A;N/A;N/A;N/A;N/A;N/A;N/A;N/A;N/A;N/A;N/A;N/A;N/A;N/A;N/A;N/A;N/A;N/A;N/A;N/A;N/A;N/A;N/A;N/A;Sí;N/A;Sí;N/A;N/A;N/A;Sí;Sí;N/A;N/A
Toyota;"Rav4 Hybrid";"2.5 Limited Plus Awd E-Cvt";2024;"0 km";;RURALAUTOMOTORA;67990;;;;;Trinidad;https://auto.mercadolibre.com.uy/MLU-687808538-toyota-rav4-hybrid-2024-25-limited-plus-awd-e-cvt-_JM;N/A;;"Toyota Rav4 Hybrid 2024 2.5 Limited Plus Awd E-cvt";usd;Sí;gold_premium;false;N/A;N/A;http://perfil.mercadolibre.com.uy/RURALAUTOMOTORA;active;N/A;N/A;Nuevo;N/A;N/A;N/A;4x4;N/A;N/A;N/A;N/A;N/A;N/A;N/A;N/A;N/A;N/A;N/A;N/A;N/A;N/A;N/A;N/A;N/A;N/A;N/A;N/A;N/A;N/A;N/A;N/A;N/A;"2660 mm";"2.5 L";"60 L";6;N/A;N/A;N/A;N/A;N/A;N/A;N/A;N/A;N/A;N/A;N/A;N/A;N/A;N/A;N/A;N/A;N/A;N/A;N/A;N/A;N/A;N/A;N/A;N/A;N/A;N/A;N/A;N/A;N/A;N/A;N/A;N/A;N/A;N/A;N/A;N/A;N/A;N/A;N/A;N/A;N/A;N/A;N/A;N/A;N/A;"1685 mm";"4600 mm";N/A;N/A;N/A;N/A;5;"222 hp";"Limited Plus";N/A;4;"1855 mm";N/A;N/A;N/A;N/A;N/A;N/A;N/A;N/A;N/A;N/A;N/A;N/A;N/A;N/A;N/A;N/A;N/A;N/A;5;2.5;Híbrido;Automática;SUV;"Autos y camionetas";N/A;N/A;N/A;N/A;N/A;N/A;UY;N/A;N/A;N/A;N/A;N/A;N/A;N/A;N/A;N/A;N/A;N/A;N/A;N/A;N/A;N/A;N/A;N/A;N/A;N/A;N/A;N/A;N/A;N/A;N/A;N/A;N/A;N/A;N/A;N/A;N/A;N/A;N/A;N/A;N/A;N/A;N/A;N/A;N/A;N/A;N/A;N/A;N/A;N/A;N/A;N/A;N/A;N/A;N/A;N/A;N/A;N/A;N/A;N/A;N/A;N/A;N/A;N/A;N/A;N/A;N/A;N/A;N/A;N/A;N/A;N/A;N/A;N/A;N/A;N/A;N/A;N/A;N/A;N/A;N/A;N/A;N/A;N/A;N/A;N/A;N/A;N/A;N/A;N/A;N/A;N/A;N/A;N/A;N/A;N/A;N/A;N/A;N/A;N/A;N/A;N/A;N/A;N/A;N/A;N/A;N/A;N/A;N/A;N/A;N/A;N/A;N/A;N/A;N/A;N/A;N/A;N/A;N/A;N/A;N/A;N/A
Toyota;RAV4;"LIMITED PLUS 4X2";2024;"0 km";;"AYAX SA";67990;;;;;Aguada;https://auto.mercadolibre.com.uy/MLU-684152870-toyota-rav4-limited-plus-4x2-2024-0km-_JM;N/A;;"Toyota Rav4 Limited Plus 4x2 2024 0km";usd;Sí;gold_premium;false;N/A;N/A;http://perfil.mercadolibre.com.uy/AYAX+SA;active;N/A;N/A;Nuevo;N/A;N/A;Eléctrica;N/A;N/A;Sí;Sí;Sí;Sí;N/A;Sí;Sí;Sí;Sí;Sí;Sí;Sí;N/A;Sí;N/A;N/A;N/A;N/A;N/A;N/A;N/A;N/A;N/A;N/A;N/A;"2500 cc";N/A;6;N/A;N/A;Sí;Sí;Sí;N/A;Sí;N/A;N/A;N/A;N/A;N/A;N/A;N/A;N/A;N/A;N/A;N/A;N/A;N/A;N/A;Sí;N/A;Sí;N/A;Sí;N/A;Sí;N/A;N/A;N/A;N/A;N/A;N/A;N/A;N/A;Sí;N/A;N/A;N/A;N/A;N/A;Sí;N/A;N/A;N/A;N/A;N/A;N/A;N/A;N/A;N/A;"222 hp";N/A;N/A;N/A;N/A;N/A;N/A;N/A;Sí;Sí;Sí;Sí;Sí;Sí;Sí;N/A;N/A;Sí;Sí;N/A;N/A;Sí;"Lun. a Jue. de 9 a 18 hs. Vie. de 9 a 17 hs";5;2.5;Híbrido;Automática;SUV;"Autos y camionetas";No;N/A;N/A;N/A;No;N/A;UY;No;Sí;No;No;N/A;N/A;N/A;N/A;N/A;N/A;N/A;N/A;N/A;N/A;N/A;N/A;N/A;Sí;N/A;N/A;N/A;N/A;N/A;N/A;N/A;N/A;N/A;N/A;Sí;N/A;N/A;N/A;N/A;N/A;N/A;N/A;Sí;N/A;N/A;N/A;N/A;N/A;N/A;N/A;N/A;N/A;Sí;N/A;N/A;N/A;N/A;Sí;N/A;N/A;Sí;No;N/A;N/A;N/A;N/A;N/A;N/A;N/A;N/A;N/A;N/A;N/A;N/A;N/A;N/A;N/A;N/A;N/A;N/A;N/A;N/A;N/A;N/A;N/A;N/A;N/A;N/A;N/A;N/A;N/A;N/A;N/A;N/A;N/A;Sí;Sí;Sí;Sí;Sí;Sí;Sí;N/A;Sí;Sí;Sí;Sí;N/A;N/A;Sí;Sí;Sí;N/A;Sí;Sí;Sí;N/A;N/A;Sí;Sí;Sí
Toyota;Hilux;"2.4 Tdi Cs Dx 4X4 Mt";2024;"40 km";;BAUIRE;54490;;;;;Pocitos;https://auto.mercadolibre.com.uy/MLU-701299510-toyota-hilux-_JM;N/A;;"Toyota Hilux";usd;Sí;gold_premium;false;N/A;N/A;http://perfil.mercadolibre.com.uy/BAUIRE;active;N/A;N/A;Usado;Gris;N/A;N/A;4x4;N/A;N/A;N/A;N/A;N/A;N/A;N/A;N/A;N/A;N/A;N/A;N/A;N/A;N/A;N/A;N/A;N/A;N/A;N/A;N/A;N/A;N/A;N/A;N/A;N/A;"3085 mm";"2.4 L";"80 L";6;N/A;N/A;N/A;N/A;N/A;N/A;N/A;N/A;N/A;N/A;N/A;N/A;N/A;N/A;N/A;N/A;N/A;N/A;N/A;N/A;N/A;N/A;N/A;N/A;N/A;N/A;N/A;N/A;N/A;N/A;N/A;N/A;N/A;N/A;N/A;N/A;N/A;N/A;N/A;N/A;N/A;N/A;N/A;N/A;N/A;"1795 mm";"5330 mm";N/A;N/A;N/A;N/A;5;"150 hp";Dx;N/A;4;"1800 mm";N/A;N/A;N/A;N/A;N/A;N/A;N/A;N/A;N/A;N/A;N/A;N/A;N/A;N/A;N/A;N/A;N/A;N/A;4;2.4;Diésel;Manual;Pick-Up;"Autos y camionetas";N/A;N/A;N/A;N/A;N/A;N/A;UY;N/A;N/A;N/A;N/A;N/A;N/A;N/A;N/A;N/A;N/A;N/A;N/A;N/A;N/A;N/A;N/A;N/A;N/A;N/A;N/A;N/A;N/A;N/A;N/A;N/A;N/A;N/A;N/A;N/A;N/A;N/A;N/A;N/A;N/A;N/A;N/A;N/A;N/A;N/A;N/A;N/A;N/A;N/A;N/A;N/A;N/A;N/A;N/A;N/A;N/A;N/A;N/A;N/A;N/A;N/A;N/A;N/A;N/A;N/A;N/A;N/A;N/A;N/A;N/A;N/A;N/A;N/A;N/A;N/A;N/A;N/A;N/A;N/A;N/A;N/A;N/A;N/A;N/A;N/A;N/A;N/A;N/A;N/A;N/A;N/A;N/A;N/A;N/A;N/A;N/A;N/A;N/A;N/A;N/A;N/A;N/A;N/A;N/A;N/A;N/A;N/A;N/A;N/A;N/A;N/A;N/A;N/A;N/A;N/A;N/A;N/A;N/A;N/A;N/A;N/A
Toyota;Hilux;"2.4 Cd Dx Tdi 150cv 4x2";2017;"235000 km";;AUTOMOVILES19500;34500;;;;;Shangrilá;https://auto.mercadolibre.com.uy/MLU-646457793-toyota-hilux-24-cd-dx-tdi-150cv-4x2-_JM;N/A;;"Toyota Hilux 2.4 Cd Dx Tdi 150cv 4x2";usd;Sí;gold_premium;false;N/A;N/A;http://perfil.mercadolibre.com.uy/AUTOMOVILES19500;active;N/A;N/A;Usado;Gris;N/A;Hidráulica;4x2;Sí;N/A;Sí;N/A;N/A;N/A;N/A;N/A;N/A;N/A;N/A;N/A;N/A;N/A;N/A;N/A;N/A;N/A;N/A;N/A;N/A;N/A;N/A;N/A;N/A;"2860 mm";"2.4 L";"80 L";5;N/A;N/A;N/A;N/A;N/A;N/A;N/A;N/A;N/A;N/A;N/A;N/A;N/A;N/A;N/A;N/A;N/A;N/A;N/A;N/A;N/A;N/A;N/A;N/A;N/A;N/A;N/A;N/A;N/A;N/A;N/A;N/A;N/A;N/A;N/A;N/A;N/A;N/A;N/A;N/A;N/A;N/A;N/A;N/A;N/A;"1850 mm";"5260 mm";N/A;N/A;N/A;N/A;5;"150 hp";Dx;N/A;4;"1855 mm";"8.2 km/l";N/A;N/A;N/A;N/A;N/A;N/A;N/A;N/A;N/A;N/A;"6.3 km/l";N/A;N/A;N/A;N/A;N/A;"Lunes a viernes de 9 a 13 y de 14 a 19hs";4;2.4;Diésel;Manual;Pick-Up;"Autos y camionetas";N/A;N/A;N/A;N/A;N/A;N/A;UY;N/A;Sí;N/A;N/A;N/A;N/A;N/A;N/A;N/A;N/A;N/A;N/A;N/A;N/A;N/A;N/A;N/A;N/A;N/A;N/A;N/A;N/A;N/A;N/A;N/A;N/A;N/A;N/A;N/A;N/A;N/A;N/A;N/A;N/A;N/A;N/A;N/A;N/A;N/A;N/A;N/A;N/A;N/A;N/A;N/A;N/A;N/A;N/A;N/A;N/A;N/A;N/A;N/A;N/A;N/A;Sí;N/A;N/A;N/A;N/A;N/A;N/A;N/A;N/A;N/A;N/A;N/A;N/A;N/A;N/A;N/A;N/A;N/A;N/A;N/A;N/A;N/A;N/A;N/A;N/A;N/A;N/A;N/A;N/A;N/A;N/A;N/A;N/A;N/A;N/A;N/A;N/A;N/A;N/A;N/A;N/A;N/A;N/A;N/A;N/A;N/A;N/A;N/A;N/A;N/A;Sí;N/A;Sí;N/A;N/A;N/A;N/A;Sí;N/A;N/A
Toyota;Hilux;"SR 2.4 T. DIESEL (MODELO NUEVO) UNICO DUEÑO PERMUTO FINANCIO";2020;"110000 km";;"POMBO NOVO_AUTOMOVILES";42900;;;;;Malvin;https://auto.mercadolibre.com.uy/MLU-696609278-toyota-hilux-sr-24-diesel-2020-110000km-4x2-_JM;N/A;;"Toyota Hilux Sr 2.4 Diesel 2020 110.000km 4x2 ";usd;Sí;gold_premium;false;N/A;N/A;http://perfil.mercadolibre.com.uy/POMBO+NOVO_AUTOMOVILES;active;N/A;N/A;Usado;Blanco;Sí;Hidráulica;Trasera;Sí;Sí;Sí;N/A;N/A;Sí;N/A;N/A;Sí;N/A;N/A;Sí;Sí;N/A;No;N/A;N/A;N/A;N/A;N/A;N/A;N/A;N/A;N/A;N/A;"2860 mm";"2.4 L";"80 L";5;N/A;N/A;N/A;N/A;N/A;No;N/A;N/A;N/A;N/A;N/A;N/A;N/A;N/A;N/A;N/A;N/A;N/A;N/A;N/A;N/A;N/A;N/A;N/A;N/A;N/A;N/A;N/A;N/A;No;N/A;N/A;N/A;N/A;N/A;N/A;N/A;N/A;N/A;N/A;N/A;N/A;N/A;N/A;N/A;"1850 mm";"5260 mm";N/A;N/A;N/A;N/A;5;"150 hp";Dx;N/A;4;"1855 mm";"8.2 km/l";No;N/A;No;Sí;N/A;Sí;Sí;N/A;No;N/A;"6.3 km/l";No;No;N/A;N/A;No;"LUNES A VIERNES 11:00 A 18:00";4;"2.4 TURBO DIESEL";Diésel;Manual;Pick-Up;"Autos y camionetas";Sí;N/A;N/A;N/A;No;N/A;UY;N/A;Sí;N/A;Sí;N/A;N/A;N/A;N/A;N/A;N/A;N/A;N/A;N/A;N/A;N/A;N/A;N/A;Sí;N/A;N/A;N/A;N/A;N/A;N/A;N/A;N/A;N/A;N/A;N/A;N/A;N/A;N/A;N/A;N/A;N/A;N/A;No;N/A;N/A;N/A;N/A;N/A;N/A;N/A;N/A;N/A;N/A;N/A;N/A;N/A;N/A;N/A;N/A;N/A;No;No;N/A;N/A;N/A;N/A;N/A;N/A;N/A;N/A;N/A;N/A;N/A;N/A;N/A;N/A;N/A;N/A;N/A;N/A;N/A;N/A;N/A;N/A;N/A;N/A;N/A;N/A;N/A;N/A;N/A;N/A;N/A;N/A;No;Sí;Sí;Sí;N/A;Sí;N/A;N/A;N/A;N/A;Sí;No;Sí;Sí;N/A;N/A;Sí;Sí;Sí;Sí;Sí;Sí;No;Sí;Sí;N/A;Sí
Toyota;Hilux;"2.8 Tdi Cd Srv 4X4 Mt";2024;"0 km";;RURALAUTOMOTORA;68490;;;;;Trinidad;https://auto.mercadolibre.com.uy/MLU-690138772-toyota-hilux-2024-28-tdi-cd-srv-4x4-mt-_JM;N/A;;"Toyota Hilux 2024 2.8 Tdi Cd Srv 4x4 Mt";usd;Sí;gold_premium;false;N/A;N/A;http://perfil.mercadolibre.com.uy/RURALAUTOMOTORA;active;N/A;N/A;Nuevo;N/A;N/A;Hidráulica;4x4;Sí;N/A;Sí;N/A;N/A;N/A;N/A;N/A;N/A;N/A;N/A;N/A;N/A;N/A;N/A;N/A;N/A;N/A;N/A;N/A;N/A;N/A;N/A;N/A;N/A;"3085 mm";"2.8 L";"80 L";6;N/A;N/A;N/A;N/A;N/A;N/A;N/A;N/A;N/A;N/A;N/A;N/A;N/A;N/A;N/A;N/A;N/A;N/A;N/A;N/A;N/A;N/A;N/A;N/A;N/A;N/A;N/A;N/A;N/A;N/A;N/A;N/A;N/A;N/A;N/A;N/A;N/A;N/A;N/A;N/A;N/A;N/A;N/A;N/A;N/A;"1815 mm";"5325 mm";N/A;N/A;N/A;N/A;5;"204 hp";Srv;N/A;4;"1855 mm";N/A;N/A;N/A;N/A;N/A;N/A;N/A;Sí;N/A;N/A;N/A;N/A;N/A;N/A;N/A;N/A;N/A;N/A;4;2.8;Diésel;Manual;Pick-Up;"Autos y camionetas";N/A;N/A;N/A;N/A;N/A;N/A;UY;N/A;N/A;N/A;N/A;N/A;N/A;N/A;N/A;N/A;N/A;N/A;N/A;N/A;N/A;N/A;N/A;N/A;N/A;N/A;N/A;N/A;N/A;N/A;N/A;N/A;N/A;N/A;N/A;N/A;N/A;N/A;N/A;N/A;N/A;N/A;N/A;N/A;N/A;N/A;N/A;N/A;N/A;N/A;N/A;N/A;N/A;N/A;N/A;N/A;N/A;N/A;N/A;N/A;N/A;N/A;N/A;N/A;N/A;N/A;N/A;N/A;N/A;N/A;N/A;N/A;N/A;N/A;N/A;N/A;N/A;N/A;N/A;N/A;N/A;N/A;N/A;N/A;N/A;N/A;N/A;N/A;N/A;N/A;N/A;N/A;N/A;N/A;N/A;N/A;N/A;N/A;N/A;N/A;N/A;N/A;N/A;N/A;N/A;N/A;N/A;N/A;N/A;N/A;N/A;N/A;Sí;N/A;Sí;N/A;N/A;N/A;N/A;Sí;N/A;N/A
Toyota;"Corolla Cross";"1.8 Xei Hybrid E-cvt";2024;"0 km";;AUTO_BOULEVARD;44990;;;;;"Tres Cruces";https://auto.mercadolibre.com.uy/MLU-683802764-toyoto-carolla-cross-xeg-_JM;N/A;;"Toyoto Carolla Cross Xeg";usd;Sí;gold_premium;false;N/A;N/A;http://perfil.mercadolibre.com.uy/AUTO_BOULEVARD;active;N/A;N/A;Nuevo;Blanco;N/A;Eléctrica;4x2;Sí;N/A;Sí;N/A;N/A;N/A;N/A;N/A;N/A;N/A;N/A;N/A;N/A;N/A;N/A;N/A;N/A;N/A;N/A;N/A;N/A;N/A;N/A;N/A;N/A;"2660 mm";"1.8 L";"60 L";5;N/A;N/A;N/A;N/A;N/A;N/A;N/A;N/A;N/A;N/A;N/A;N/A;N/A;N/A;N/A;N/A;N/A;N/A;N/A;N/A;N/A;N/A;N/A;N/A;N/A;N/A;N/A;N/A;N/A;N/A;N/A;N/A;N/A;N/A;N/A;N/A;N/A;N/A;N/A;N/A;N/A;N/A;N/A;N/A;N/A;"1715 mm";"4570 mm";N/A;N/A;N/A;N/A;5;"146 hp";Xei;N/A;4;"1845 mm";N/A;N/A;N/A;N/A;N/A;N/A;N/A;N/A;N/A;N/A;N/A;"10.9 km/l";N/A;N/A;N/A;N/A;N/A;"Lunes a viernes 9 a 19 hs y Sábados 10 a 13 hs";5;1.8;Híbrido;Automática;SUV;"Autos y camionetas";N/A;N/A;N/A;N/A;N/A;N/A;UY;N/A;N/A;N/A;N/A;N/A;N/A;N/A;N/A;N/A;N/A;N/A;N/A;N/A;N/A;N/A;N/A;N/A;N/A;N/A;N/A;N/A;N/A;N/A;N/A;N/A;N/A;N/A;N/A;N/A;N/A;N/A;N/A;N/A;N/A;N/A;N/A;N/A;N/A;N/A;N/A;N/A;N/A;N/A;N/A;N/A;N/A;N/A;N/A;N/A;N/A;N/A;N/A;N/A;N/A;N/A;N/A;N/A;N/A;N/A;N/A;N/A;N/A;N/A;N/A;N/A;N/A;N/A;N/A;N/A;N/A;N/A;N/A;N/A;N/A;N/A;N/A;N/A;N/A;N/A;N/A;N/A;N/A;N/A;N/A;N/A;N/A;N/A;N/A;N/A;N/A;N/A;N/A;N/A;N/A;N/A;N/A;N/A;N/A;N/A;N/A;N/A;N/A;N/A;N/A;N/A;Sí;N/A;Sí;N/A;N/A;N/A;N/A;Sí;N/A;N/A
Toyota;Hilux;"3.0 Cd Srv Cuero Tdi 4x4 5at - A4";2016;"306000 km";;"AUTOMOTORA CANEPAS";42900;;;;;Pando;https://auto.mercadolibre.com.uy/MLU-646286623-toyota-hilux-srv-30-diesel-at-4x4-_JM;N/A;;"Toyota Hilux Srv 3.0 Diésel At 4x4";usd;Sí;gold_premium;false;N/A;N/A;http://perfil.mercadolibre.com.uy/AUTOMOTORA+CANEPAS;active;N/A;N/A;Usado;Gris;N/A;Hidráulica;4x4;Sí;N/A;Sí;N/A;N/A;N/A;N/A;N/A;N/A;N/A;N/A;N/A;N/A;N/A;N/A;N/A;N/A;N/A;N/A;N/A;N/A;N/A;N/A;N/A;N/A;"2860 mm";"3 L";"80 L";5;N/A;N/A;N/A;N/A;N/A;N/A;N/A;N/A;N/A;N/A;N/A;N/A;N/A;N/A;N/A;N/A;N/A;N/A;N/A;N/A;N/A;N/A;N/A;N/A;N/A;N/A;N/A;N/A;N/A;N/A;N/A;N/A;N/A;N/A;N/A;N/A;N/A;N/A;N/A;N/A;N/A;N/A;N/A;N/A;N/A;"1860 mm";"5260 mm";N/A;N/A;N/A;N/A;5;"171 hp";"Srv Cuero";N/A;4;"1855 mm";N/A;Sí;N/A;N/A;N/A;N/A;N/A;N/A;N/A;N/A;N/A;N/A;N/A;N/A;N/A;N/A;N/A;N/A;4;3.0;Diésel;Automática;Pick-Up;"Autos y camionetas";N/A;N/A;N/A;N/A;N/A;N/A;UY;N/A;N/A;N/A;N/A;N/A;N/A;N/A;N/A;N/A;N/A;N/A;N/A;N/A;N/A;N/A;N/A;N/A;N/A;N/A;N/A;N/A;N/A;N/A;N/A;N/A;N/A;N/A;N/A;N/A;N/A;N/A;N/A;N/A;N/A;N/A;N/A;N/A;N/A;N/A;N/A;N/A;N/A;N/A;N/A;N/A;N/A;N/A;N/A;N/A;N/A;N/A;N/A;N/A;N/A;N/A;N/A;N/A;N/A;N/A;N/A;N/A;N/A;N/A;N/A;N/A;N/A;N/A;N/A;N/A;N/A;N/A;N/A;N/A;N/A;N/A;N/A;N/A;N/A;N/A;N/A;N/A;N/A;N/A;N/A;N/A;N/A;N/A;N/A;N/A;N/A;N/A;N/A;N/A;N/A;N/A;N/A;N/A;N/A;N/A;N/A;N/A;N/A;N/A;N/A;N/A;Sí;N/A;Sí;N/A;N/A;N/A;Sí;Sí;N/A;N/A
Toyota;Corolla;"1.8 Se-g Cvt 140cv";2024;"8000 km";;PAKAUTOMOVILES;35900;;;;;Malvin;https://auto.mercadolibre.com.uy/MLU-645668935-toyota-corolla-18-se-g-cvt-140cv-_JM;N/A;;"Toyota Corolla 1.8 Se-g Cvt 140cv";usd;Sí;gold_premium;false;N/A;N/A;http://perfil.mercadolibre.com.uy/PAKAUTOMOVILES;active;N/A;N/A;Usado;Gris;N/A;Eléctrica;Delantera;Sí;N/A;N/A;N/A;N/A;N/A;N/A;N/A;N/A;N/A;N/A;N/A;N/A;N/A;N/A;N/A;N/A;N/A;N/A;N/A;N/A;N/A;N/A;N/A;N/A;"2700 mm";"1.8 L";"57 L";7;N/A;N/A;N/A;N/A;N/A;N/A;N/A;N/A;N/A;Sí;N/A;N/A;N/A;N/A;N/A;N/A;N/A;N/A;N/A;N/A;N/A;N/A;N/A;N/A;N/A;N/A;N/A;N/A;N/A;N/A;N/A;N/A;N/A;N/A;N/A;N/A;N/A;N/A;N/A;N/A;N/A;N/A;N/A;N/A;N/A;"1460 mm";"4620 mm";N/A;N/A;N/A;N/A;5;"140 hp";Se-g;N/A;4;"1775 mm";"13.5 km/l";Sí;N/A;N/A;Sí;N/A;N/A;N/A;N/A;N/A;Sí;N/A;N/A;N/A;N/A;N/A;N/A;N/A;4;1.8;Nafta;Automática;Sedán;"Autos y camionetas";N/A;N/A;N/A;N/A;N/A;N/A;UY;N/A;N/A;N/A;N/A;N/A;N/A;N/A;N/A;N/A;N/A;N/A;N/A;N/A;N/A;N/A;N/A;N/A;N/A;N/A;N/A;N/A;N/A;N/A;N/A;N/A;N/A;N/A;N/A;N/A;N/A;N/A;N/A;N/A;N/A;N/A;N/A;N/A;N/A;N/A;N/A;N/A;N/A;N/A;N/A;N/A;N/A;N/A;N/A;N/A;N/A;N/A;N/A;N/A;N/A;N/A;N/A;N/A;N/A;N/A;N/A;N/A;N/A;N/A;N/A;N/A;N/A;N/A;N/A;N/A;N/A;N/A;N/A;N/A;N/A;N/A;N/A;N/A;N/A;N/A;N/A;N/A;N/A;N/A;N/A;N/A;N/A;N/A;N/A;N/A;N/A;N/A;N/A;N/A;N/A;N/A;N/A;N/A;N/A;N/A;N/A;N/A;N/A;N/A;N/A;N/A;N/A;N/A;Sí;N/A;N/A;Sí;Sí;N/A;N/A;N/A
Toyota;RAV4;"RAV4 Plus Hibrida";2024;"0 km";;RURALAUTOMOTORA;58990;;;;;Trinidad;https://auto.mercadolibre.com.uy/MLU-640151673-toyota-rav4-rav4-plus-hibrida-_JM;N/A;;"Toyota Rav4 Rav4 Plus Hibrida";usd;Sí;gold_premium;false;N/A;N/A;http://perfil.mercadolibre.com.uy/RURALAUTOMOTORA;active;N/A;N/A;Nuevo;N/A;N/A;Eléctrica;4x2;Sí;N/A;Sí;N/A;N/A;N/A;N/A;N/A;N/A;N/A;N/A;N/A;N/A;N/A;N/A;N/A;N/A;N/A;N/A;N/A;N/A;N/A;N/A;N/A;N/A;"2660 mm";"2 L";"60 L";5;N/A;N/A;N/A;N/A;N/A;N/A;N/A;N/A;N/A;N/A;N/A;N/A;N/A;N/A;N/A;N/A;N/A;N/A;N/A;N/A;N/A;N/A;N/A;N/A;N/A;N/A;N/A;N/A;N/A;N/A;N/A;N/A;N/A;N/A;N/A;N/A;N/A;N/A;N/A;N/A;N/A;N/A;N/A;N/A;N/A;"1715 mm";"4570 mm";N/A;N/A;N/A;N/A;5;"146 hp";Plus;N/A;4;"1845 mm";N/A;N/A;N/A;N/A;N/A;N/A;N/A;N/A;N/A;N/A;N/A;"10.9 km/l";N/A;N/A;N/A;N/A;N/A;N/A;5;2.0;Híbrido;Automática;SUV;"Autos y camionetas";N/A;N/A;N/A;N/A;N/A;N/A;UY;N/A;N/A;N/A;N/A;N/A;N/A;N/A;N/A;N/A;N/A;N/A;N/A;N/A;N/A;N/A;N/A;N/A;N/A;N/A;N/A;N/A;N/A;N/A;N/A;N/A;N/A;N/A;N/A;N/A;N/A;N/A;N/A;N/A;N/A;N/A;N/A;N/A;N/A;N/A;N/A;N/A;N/A;N/A;N/A;N/A;N/A;N/A;N/A;N/A;N/A;N/A;N/A;N/A;N/A;N/A;N/A;N/A;N/A;N/A;N/A;N/A;N/A;N/A;N/A;N/A;N/A;N/A;N/A;N/A;N/A;N/A;N/A;N/A;N/A;N/A;N/A;N/A;N/A;N/A;N/A;N/A;N/A;N/A;N/A;N/A;N/A;N/A;N/A;N/A;N/A;N/A;N/A;N/A;N/A;N/A;N/A;N/A;N/A;N/A;N/A;N/A;N/A;N/A;N/A;N/A;Sí;N/A;Sí;N/A;N/A;N/A;N/A;Sí;N/A;N/A
Toyota;Hilux;"2.5 Cd Dx Pack Tdi 120cv 4x2";2013;"460000 km";;GLMOTORSAUTOMOTORA;25990;;;;;"Brazo Oriental";https://auto.mercadolibre.com.uy/MLU-691371284-toyota-hilux-25-tdi-4x2-gl-motors-financiamos-100-en--_JM;N/A;;"Toyota Hilux 2.5 Tdi 4x2 ((gl Motors)) Financiamos 100% En $";usd;Sí;gold_premium;false;N/A;N/A;http://perfil.mercadolibre.com.uy/GLMOTORSAUTOMOTORA;active;N/A;N/A;Usado;Blanco;N/A;Hidráulica;4x2;Sí;N/A;N/A;N/A;N/A;N/A;N/A;N/A;N/A;N/A;N/A;N/A;N/A;N/A;N/A;N/A;N/A;N/A;N/A;N/A;N/A;N/A;N/A;N/A;N/A;"2860 mm";"2.5 L";"80 L";5;N/A;N/A;N/A;N/A;N/A;N/A;N/A;N/A;N/A;N/A;N/A;N/A;N/A;N/A;N/A;N/A;N/A;N/A;N/A;N/A;N/A;N/A;N/A;N/A;N/A;N/A;N/A;N/A;N/A;N/A;N/A;N/A;N/A;N/A;N/A;N/A;N/A;N/A;N/A;N/A;N/A;N/A;N/A;N/A;N/A;"1850 mm";"5260 mm";N/A;N/A;N/A;N/A;5;"120 hp";Dx;N/A;4;"1855 mm";N/A;N/A;N/A;N/A;N/A;N/A;N/A;N/A;N/A;N/A;N/A;N/A;N/A;N/A;N/A;N/A;N/A;N/A;4;2.5;Diésel;Manual;Pick-Up;"Autos y camionetas";N/A;N/A;N/A;N/A;N/A;N/A;UY;N/A;N/A;N/A;N/A;N/A;N/A;N/A;N/A;N/A;N/A;N/A;N/A;N/A;N/A;N/A;N/A;N/A;N/A;N/A;N/A;N/A;N/A;N/A;N/A;N/A;N/A;N/A;N/A;N/A;N/A;N/A;N/A;N/A;N/A;N/A;N/A;N/A;N/A;N/A;N/A;N/A;N/A;N/A;N/A;N/A;N/A;N/A;N/A;N/A;N/A;N/A;N/A;N/A;N/A;N/A;N/A;N/A;N/A;N/A;N/A;N/A;N/A;N/A;N/A;N/A;N/A;N/A;N/A;N/A;N/A;N/A;N/A;N/A;N/A;N/A;N/A;N/A;N/A;N/A;N/A;N/A;N/A;N/A;N/A;N/A;N/A;N/A;N/A;N/A;N/A;N/A;N/A;N/A;N/A;N/A;N/A;N/A;N/A;N/A;N/A;N/A;N/A;N/A;N/A;N/A;Sí;N/A;Sí;N/A;N/A;N/A;N/A;Sí;N/A;N/A
Toyota;Hilux;"2.7 D.cab. Dx";2024;"0 km";;RURALAUTOMOTORA;34990;;;;;Trinidad;https://auto.mercadolibre.com.uy/MLU-690137760-toyota-hilux-2024-27-dcab-dx-_JM;N/A;;"Toyota Hilux 2024 2.7 D.cab. Dx";usd;Sí;gold_premium;false;N/A;N/A;http://perfil.mercadolibre.com.uy/RURALAUTOMOTORA;active;N/A;N/A;Nuevo;N/A;N/A;Hidráulica;4x2;Sí;N/A;Sí;N/A;N/A;N/A;N/A;N/A;N/A;N/A;N/A;N/A;N/A;N/A;N/A;N/A;N/A;N/A;N/A;N/A;N/A;N/A;N/A;N/A;N/A;"2860 mm";"2.7 L";"80 L";5;N/A;N/A;N/A;N/A;N/A;N/A;N/A;N/A;N/A;Sí;N/A;N/A;N/A;N/A;N/A;N/A;N/A;N/A;N/A;N/A;N/A;N/A;N/A;N/A;N/A;N/A;N/A;N/A;N/A;N/A;N/A;N/A;N/A;Sí;N/A;N/A;N/A;N/A;N/A;N/A;N/A;N/A;N/A;N/A;N/A;"1850 mm";"5260 mm";N/A;N/A;N/A;N/A;5;"177 hp";Dx;N/A;2;"1855 mm";N/A;Sí;N/A;N/A;N/A;N/A;N/A;N/A;N/A;N/A;N/A;N/A;N/A;N/A;N/A;N/A;N/A;N/A;4;2.7;Nafta;Manual;Pick-Up;"Autos y camionetas";N/A;N/A;N/A;N/A;N/A;N/A;UY;N/A;N/A;N/A;N/A;N/A;N/A;N/A;N/A;N/A;N/A;N/A;N/A;N/A;N/A;N/A;N/A;N/A;N/A;N/A;N/A;N/A;N/A;N/A;N/A;N/A;N/A;N/A;N/A;N/A;N/A;N/A;N/A;N/A;N/A;N/A;N/A;N/A;N/A;N/A;N/A;N/A;N/A;N/A;N/A;N/A;N/A;N/A;N/A;N/A;N/A;N/A;N/A;N/A;N/A;N/A;N/A;N/A;N/A;N/A;N/A;N/A;N/A;N/A;N/A;N/A;N/A;N/A;N/A;N/A;N/A;N/A;N/A;N/A;N/A;N/A;N/A;N/A;N/A;N/A;N/A;N/A;N/A;N/A;N/A;N/A;N/A;N/A;N/A;N/A;N/A;N/A;N/A;N/A;N/A;N/A;N/A;N/A;N/A;N/A;N/A;N/A;N/A;N/A;N/A;N/A;Sí;N/A;Sí;N/A;N/A;N/A;Sí;Sí;N/A;N/A
Toyota;"Hilux SW4";"2.8 D.cab. T.dsl Srv 177 Hp";2018;"200000 km";;"PALERMO AUTOMOVILES";42990;;;;;"Lomas de Solymar";https://auto.mercadolibre.com.uy/MLU-646702943-toyota-hilux-srv-28d-4x2-_JM;N/A;;"Toyota Hilux Srv 2.8d 4x2";usd;Sí;gold_premium;false;N/A;N/A;http://perfil.mercadolibre.com.uy/PALERMO+AUTOMOVILES;active;N/A;N/A;Usado;Gris;N/A;Hidráulica;Delantera;Sí;N/A;Sí;N/A;N/A;N/A;N/A;N/A;N/A;N/A;N/A;N/A;N/A;N/A;N/A;N/A;N/A;N/A;N/A;N/A;N/A;N/A;N/A;N/A;N/A;"2750 mm";"2.8 L";"80 L";5;N/A;N/A;N/A;N/A;N/A;N/A;N/A;N/A;N/A;N/A;N/A;N/A;N/A;N/A;N/A;N/A;N/A;N/A;N/A;N/A;N/A;N/A;N/A;N/A;N/A;N/A;N/A;N/A;N/A;N/A;N/A;N/A;N/A;N/A;N/A;N/A;N/A;N/A;N/A;N/A;N/A;N/A;N/A;N/A;N/A;"1850 mm";"4705 mm";N/A;N/A;N/A;N/A;7;"177 hp";Srv;N/A;4;"1840 mm";N/A;N/A;N/A;N/A;N/A;N/A;N/A;Sí;N/A;N/A;N/A;N/A;N/A;N/A;N/A;N/A;N/A;"Lunes a Viernes de 9 a 18 y Sáb 9 a 13";5;2.8;Diésel;Manual;SUV;"Autos y camionetas";N/A;N/A;N/A;N/A;N/A;N/A;UY;N/A;N/A;N/A;N/A;N/A;N/A;N/A;N/A;N/A;N/A;N/A;N/A;N/A;N/A;N/A;N/A;N/A;N/A;N/A;N/A;N/A;N/A;N/A;N/A;N/A;N/A;N/A;N/A;N/A;N/A;N/A;N/A;N/A;N/A;N/A;N/A;N/A;N/A;N/A;N/A;N/A;N/A;N/A;N/A;N/A;N/A;N/A;N/A;N/A;N/A;N/A;N/A;N/A;N/A;N/A;N/A;N/A;N/A;N/A;N/A;N/A;N/A;N/A;N/A;N/A;N/A;N/A;N/A;N/A;N/A;N/A;N/A;N/A;N/A;N/A;N/A;N/A;N/A;N/A;N/A;N/A;N/A;N/A;N/A;N/A;N/A;N/A;N/A;N/A;N/A;N/A;N/A;N/A;N/A;N/A;N/A;N/A;N/A;N/A;N/A;N/A;N/A;N/A;N/A;N/A;Sí;N/A;Sí;N/A;N/A;N/A;N/A;Sí;N/A;N/A
Toyota;Hilux;"SR 4x2 Nafta";2021;"57000 km";;"AUTOMOTORA CANEPAS";33500;;;;;Pando;https://auto.mercadolibre.com.uy/MLU-645581703-toyota-hilux-sr-4x2-nafta-_JM;N/A;;"Toyota Hilux Sr 4x2 Nafta";usd;Sí;gold_premium;false;N/A;N/A;http://perfil.mercadolibre.com.uy/AUTOMOTORA+CANEPAS;active;N/A;N/A;Usado;Rojo;Sí;Hidráulica;4x2;Sí;Sí;Sí;N/A;N/A;N/A;N/A;N/A;N/A;N/A;N/A;Sí;Sí;N/A;Sí;N/A;N/A;N/A;N/A;N/A;N/A;N/A;N/A;N/A;N/A;"2860 mm";"2.7 L";"80 L";5;N/A;N/A;N/A;N/A;N/A;N/A;N/A;N/A;N/A;N/A;N/A;N/A;N/A;N/A;N/A;N/A;N/A;N/A;N/A;N/A;N/A;N/A;N/A;N/A;N/A;N/A;N/A;N/A;N/A;N/A;N/A;N/A;N/A;N/A;N/A;N/A;N/A;N/A;N/A;N/A;N/A;N/A;N/A;N/A;N/A;"1850 mm";"5260 mm";N/A;N/A;N/A;N/A;5;"177 hp";Sr;N/A;2;"1855 mm";N/A;Sí;N/A;Sí;Sí;N/A;Sí;Sí;N/A;N/A;N/A;N/A;N/A;N/A;N/A;N/A;N/A;N/A;4;2.7;Nafta;Manual;Pick-Up;"Autos y camionetas";Sí;N/A;N/A;N/A;Sí;N/A;UY;N/A;Sí;N/A;Sí;N/A;N/A;N/A;N/A;N/A;N/A;N/A;N/A;N/A;N/A;N/A;N/A;N/A;Sí;N/A;N/A;N/A;N/A;N/A;N/A;N/A;N/A;N/A;N/A;N/A;N/A;N/A;N/A;N/A;N/A;N/A;N/A;N/A;N/A;N/A;N/A;N/A;N/A;N/A;N/A;N/A;N/A;N/A;N/A;N/A;N/A;N/A;N/A;N/A;N/A;Sí;No;N/A;N/A;N/A;N/A;N/A;N/A;N/A;N/A;N/A;N/A;N/A;N/A;N/A;N/A;N/A;N/A;N/A;N/A;N/A;N/A;N/A;N/A;N/A;N/A;N/A;N/A;N/A;N/A;N/A;N/A;N/A;N/A;N/A;Sí;Sí;Sí;N/A;Sí;N/A;N/A;N/A;N/A;Sí;N/A;Sí;Sí;N/A;N/A;Sí;Sí;Sí;Sí;Sí;Sí;Sí;Sí;Sí;N/A;Sí
Toyota;"Rav4 Hybrid";"Limited Plus";2021;"77000 km";;M4RKO5;47500;;;;;Centro;https://auto.mercadolibre.com.uy/MLU-697817832-toyota-rav4-hybrid-limited-plus-_JM;N/A;;"Toyota Rav4 Hybrid Limited Plus";USD;Sí;gold_premium;false;N/A;N/A;http://perfil.mercadolibre.com.uy/M4RKO5;active;N/A;N/A;Usado;Blanco;No;Hidráulica;4x2;N/A;Sí;N/A;N/A;N/A;Sí;N/A;N/A;Sí;N/A;N/A;Sí;N/A;N/A;N/A;N/A;N/A;N/A;N/A;N/A;N/A;N/A;N/A;N/A;N/A;N/A;N/A;N/A;N/A;N/A;N/A;N/A;N/A;N/A;N/A;N/A;N/A;N/A;N/A;N/A;N/A;N/A;N/A;N/A;N/A;N/A;N/A;N/A;N/A;N/A;N/A;N/A;N/A;N/A;N/A;N/A;N/A;N/A;N/A;N/A;N/A;N/A;N/A;N/A;N/A;N/A;N/A;N/A;N/A;N/A;N/A;N/A;N/A;N/A;N/A;N/A;N/A;N/A;N/A;N/A;N/A;N/A;N/A;N/A;N/A;N/A;N/A;Sí;N/A;N/A;N/A;N/A;Sí;Sí;N/A;N/A;N/A;N/A;No;N/A;N/A;N/A;N/A;N/A;4;2.5;Nafta;"Automática secuencial";SUV;"Autos y camionetas";No;N/A;N/A;N/A;No;N/A;N/A;N/A;No;N/A;No;N/A;N/A;N/A;N/A;N/A;N/A;N/A;N/A;N/A;N/A;N/A;N/A;N/A;Sí;N/A;N/A;N/A;N/A;N/A;N/A;N/A;N/A;N/A;N/A;N/A;N/A;N/A;N/A;N/A;N/A;N/A;N/A;Sí;N/A;N/A;N/A;N/A;N/A;N/A;N/A;N/A;N/A;N/A;N/A;N/A;N/A;N/A;N/A;N/A;N/A;No;Sí;N/A;N/A;N/A;N/A;N/A;N/A;N/A;N/A;N/A;N/A;N/A;N/A;N/A;N/A;N/A;N/A;N/A;N/A;N/A;N/A;N/A;N/A;N/A;N/A;N/A;N/A;N/A;N/A;N/A;N/A;N/A;N/A;No;Sí;No;N/A;N/A;Sí;N/A;N/A;N/A;N/A;Sí;Sí;No;Sí;N/A;N/A;Sí;N/A;Sí;Sí;Sí;Sí;Sí;No;Sí;N/A;Sí
Toyota;Hilux;"3.0 4x2 D";2006;"324000 km";;"GL MOTORS.AUTOMOTORA";26990;;;;;"Brazo Oriental";https://auto.mercadolibre.com.uy/MLU-693031502-toyota-hilux-srv-4x2-diesel-gl-motors-financiamos-100-_JM;N/A;;"Toyota Hilux Srv 4x2 Diesel ((gl Motors)) Financiamos 100% ";usd;No;gold_premium;false;N/A;N/A;http://perfil.mercadolibre.com.uy/GL+MOTORS.AUTOMOTORA;active;N/A;N/A;Usado;Negro;No;Hidráulica;4x2;Sí;Sí;N/A;N/A;N/A;Sí;N/A;N/A;No;N/A;N/A;No;Sí;N/A;No;N/A;N/A;N/A;N/A;N/A;N/A;N/A;N/A;N/A;N/A;"2860 mm";"3 L";"65 L";5;N/A;N/A;N/A;N/A;N/A;No;N/A;N/A;N/A;N/A;N/A;N/A;N/A;N/A;N/A;N/A;N/A;N/A;N/A;N/A;N/A;N/A;N/A;N/A;N/A;N/A;N/A;N/A;N/A;No;N/A;N/A;N/A;N/A;N/A;N/A;N/A;N/A;N/A;N/A;N/A;N/A;N/A;N/A;N/A;"1730 mm";"4895 mm";N/A;N/A;N/A;N/A;3;"125 hp";Srv;N/A;2;"1690 mm";N/A;No;N/A;No;Sí;N/A;Sí;Sí;N/A;No;N/A;N/A;No;No;N/A;N/A;No;N/A;4;"3.0 tdi";Diésel;Manual;Pick-Up;"Autos y camionetas";Sí;N/A;N/A;N/A;No;N/A;UY;N/A;Sí;N/A;Sí;N/A;N/A;N/A;N/A;N/A;N/A;N/A;N/A;N/A;N/A;N/A;N/A;N/A;No;N/A;N/A;N/A;N/A;N/A;N/A;N/A;N/A;N/A;N/A;N/A;N/A;N/A;N/A;N/A;N/A;N/A;N/A;No;N/A;N/A;N/A;N/A;N/A;N/A;N/A;N/A;N/A;N/A;N/A;N/A;N/A;N/A;N/A;N/A;N/A;No;No;N/A;N/A;N/A;N/A;N/A;N/A;N/A;N/A;N/A;N/A;N/A;N/A;N/A;N/A;N/A;N/A;N/A;N/A;N/A;N/A;N/A;N/A;N/A;N/A;N/A;N/A;N/A;N/A;N/A;N/A;N/A;N/A;No;Sí;No;Sí;N/A;Sí;N/A;N/A;N/A;N/A;Sí;No;No;Sí;N/A;N/A;No;No;Sí;Sí;Sí;No;Sí;No;Sí;N/A;No
Toyota;Hilux;"2.8 D/cab 4x4 Srv";2019;"160000 km";;TRINIDADMOTORS;52900;;;;;Trinidad;https://auto.mercadolibre.com.uy/MLU-691616904-toyota-hilux-srv-_JM;N/A;;"Toyota Hilux Srv";usd;Sí;gold_premium;false;N/A;N/A;http://perfil.mercadolibre.com.uy/TRINIDADMOTORS;active;N/A;N/A;Usado;Blanco;N/A;N/A;4x4;Sí;N/A;N/A;N/A;N/A;N/A;N/A;N/A;N/A;N/A;N/A;N/A;N/A;N/A;N/A;N/A;N/A;N/A;N/A;N/A;N/A;N/A;N/A;N/A;N/A;"2860 mm";"2.8 L";"65 L";5;N/A;N/A;N/A;N/A;N/A;N/A;N/A;N/A;N/A;N/A;N/A;N/A;N/A;N/A;N/A;N/A;N/A;N/A;N/A;N/A;N/A;N/A;N/A;N/A;N/A;N/A;N/A;N/A;N/A;N/A;N/A;N/A;N/A;N/A;N/A;N/A;N/A;N/A;N/A;N/A;N/A;N/A;N/A;N/A;N/A;"1805 mm";"4850 mm";N/A;N/A;N/A;N/A;5;"177 hp";Dlx;N/A;2;"1630 mm";N/A;N/A;N/A;N/A;N/A;N/A;N/A;N/A;N/A;N/A;N/A;N/A;N/A;N/A;N/A;N/A;N/A;"TODOS LOS DIAS";4;2.8;Diésel;Manual;Pick-Up;"Autos y camionetas";N/A;N/A;N/A;N/A;N/A;N/A;UY;N/A;N/A;N/A;N/A;N/A;N/A;N/A;N/A;N/A;N/A;N/A;N/A;N/A;N/A;N/A;N/A;N/A;N/A;N/A;N/A;N/A;N/A;N/A;N/A;N/A;N/A;N/A;N/A;N/A;N/A;N/A;N/A;N/A;N/A;N/A;N/A;N/A;N/A;N/A;N/A;N/A;N/A;N/A;N/A;N/A;N/A;N/A;N/A;N/A;N/A;N/A;N/A;N/A;N/A;N/A;N/A;N/A;N/A;N/A;N/A;N/A;N/A;N/A;N/A;N/A;N/A;N/A;N/A;N/A;N/A;N/A;N/A;N/A;N/A;N/A;N/A;N/A;N/A;N/A;N/A;N/A;N/A;N/A;N/A;N/A;N/A;N/A;N/A;N/A;N/A;N/A;N/A;N/A;N/A;N/A;N/A;N/A;N/A;N/A;N/A;N/A;N/A;N/A;N/A;N/A;N/A;N/A;Sí;N/A;N/A;N/A;N/A;N/A;N/A;N/A
Toyota;Hilux;"2.4 D.cab. T.dsl Dx 4x4";2023;"0 km";;RURALAUTOMOTORA;56500;;;;;Trinidad;https://auto.mercadolibre.com.uy/MLU-643569587-toyota-hilux-2023-24-dcab-tdsl-dx-4x4-_JM;N/A;;"Toyota Hilux 2023 2.4 D.cab. T.dsl Dx 4x4";usd;Sí;gold_premium;false;N/A;N/A;http://perfil.mercadolibre.com.uy/RURALAUTOMOTORA;active;N/A;N/A;Nuevo;N/A;N/A;Hidráulica;4x4;Sí;N/A;Sí;N/A;N/A;N/A;N/A;N/A;N/A;N/A;N/A;N/A;N/A;N/A;N/A;N/A;N/A;N/A;N/A;N/A;N/A;N/A;N/A;N/A;N/A;"2860 mm";"2.4 L";"80 L";5;N/A;N/A;N/A;N/A;N/A;N/A;N/A;N/A;N/A;N/A;N/A;N/A;N/A;N/A;N/A;N/A;N/A;N/A;N/A;N/A;N/A;N/A;N/A;N/A;N/A;N/A;N/A;N/A;N/A;N/A;N/A;N/A;N/A;N/A;N/A;N/A;N/A;N/A;N/A;N/A;N/A;N/A;N/A;N/A;N/A;"1850 mm";"5260 mm";N/A;N/A;N/A;N/A;5;"150 hp";Dx;N/A;4;"1855 mm";"8.2 km/l";N/A;N/A;N/A;N/A;N/A;N/A;N/A;N/A;N/A;N/A;"6.3 km/l";N/A;N/A;N/A;N/A;N/A;N/A;4;2.4;Diésel;Manual;Pick-Up;"Autos y camionetas";N/A;N/A;N/A;N/A;N/A;N/A;UY;N/A;N/A;N/A;N/A;N/A;N/A;N/A;N/A;N/A;N/A;N/A;N/A;N/A;N/A;N/A;N/A;N/A;N/A;N/A;N/A;N/A;N/A;N/A;N/A;N/A;N/A;N/A;N/A;N/A;N/A;N/A;N/A;N/A;N/A;N/A;N/A;N/A;N/A;N/A;N/A;N/A;N/A;N/A;N/A;N/A;N/A;N/A;N/A;N/A;N/A;N/A;N/A;N/A;N/A;N/A;N/A;N/A;N/A;N/A;N/A;N/A;N/A;N/A;N/A;N/A;N/A;N/A;N/A;N/A;N/A;N/A;N/A;N/A;N/A;N/A;N/A;N/A;N/A;N/A;N/A;N/A;N/A;N/A;N/A;N/A;N/A;N/A;N/A;N/A;N/A;N/A;N/A;N/A;N/A;N/A;N/A;N/A;N/A;N/A;N/A;N/A;N/A;N/A;N/A;N/A;Sí;N/A;Sí;N/A;N/A;N/A;N/A;Sí;N/A;N/A
Toyota;"Hilux SW4";"3.0 Tdi Srv C/cuero 4x4 (2009)";2010;"320000 km";;"KM0 MOTORS";24900;;;;;"Aeropuerto Internacional De Carrasco";https://auto.mercadolibre.com.uy/MLU-646517809-toyota-hilux-30-4-x-4-_JM;N/A;;"Toyota Hilux  3.0 4 X 4";usd;Sí;gold_premium;false;N/A;N/A;http://perfil.mercadolibre.com.uy/KM0+MOTORS;active;N/A;N/A;Usado;Blanco;N/A;Hidráulica;4x4;Sí;N/A;Sí;N/A;N/A;N/A;N/A;N/A;Sí;N/A;N/A;N/A;N/A;N/A;N/A;N/A;N/A;N/A;N/A;N/A;N/A;N/A;N/A;N/A;N/A;"2750 mm";"3 L";"80 L";5;N/A;N/A;N/A;N/A;N/A;N/A;N/A;N/A;N/A;N/A;N/A;N/A;N/A;N/A;N/A;N/A;N/A;N/A;N/A;N/A;N/A;N/A;N/A;N/A;N/A;N/A;N/A;N/A;N/A;N/A;N/A;N/A;N/A;Sí;Sí;N/A;N/A;N/A;N/A;N/A;N/A;N/A;N/A;N/A;N/A;"1850 mm";"4695 mm";N/A;N/A;N/A;N/A;5;"163 hp";Srv;N/A;4;"1840 mm";N/A;Sí;N/A;N/A;Sí;N/A;N/A;Sí;N/A;N/A;N/A;N/A;N/A;N/A;N/A;N/A;N/A;N/A;5;3.0;Diésel;Manual;SUV;"Autos y camionetas";N/A;N/A;N/A;N/A;N/A;N/A;UY;N/A;N/A;N/A;N/A;N/A;N/A;N/A;N/A;N/A;N/A;N/A;N/A;N/A;N/A;N/A;N/A;N/A;N/A;N/A;N/A;N/A;N/A;N/A;N/A;N/A;N/A;N/A;N/A;N/A;N/A;N/A;N/A;N/A;N/A;N/A;N/A;N/A;N/A;N/A;N/A;N/A;N/A;N/A;N/A;N/A;N/A;N/A;N/A;N/A;N/A;N/A;N/A;N/A;N/A;N/A;N/A;N/A;N/A;N/A;N/A;N/A;N/A;N/A;N/A;N/A;N/A;N/A;N/A;N/A;N/A;N/A;N/A;N/A;N/A;N/A;N/A;N/A;N/A;N/A;N/A;N/A;N/A;N/A;N/A;N/A;N/A;N/A;N/A;N/A;N/A;N/A;N/A;N/A;N/A;N/A;N/A;N/A;N/A;N/A;N/A;N/A;N/A;N/A;N/A;N/A;N/A;N/A;Sí;N/A;N/A;N/A;N/A;N/A;N/A;N/A
Toyota;RAV4;"2.5 Hybrid";2024;"0 km";;AUTO_BOULEVARD;67990;;;;;"Tres Cruces";https://auto.mercadolibre.com.uy/MLU-679632786-toyota-rav-4-hybrid-plus-limited-4x2-entrega-inmediata-_JM;N/A;;"°toyota Rav 4 Hybrid Plus Limited 4x2. Entrega Inmediata!!";usd;Sí;gold_premium;false;N/A;N/A;http://perfil.mercadolibre.com.uy/AUTO_BOULEVARD;active;N/A;N/A;Nuevo;Gris;N/A;Eléctrica;4x4;Sí;N/A;Sí;N/A;N/A;N/A;N/A;N/A;Sí;N/A;N/A;N/A;N/A;N/A;N/A;N/A;N/A;N/A;N/A;N/A;N/A;N/A;N/A;N/A;N/A;"2660 mm";"2.5 L";"60 L";6;N/A;N/A;N/A;N/A;N/A;N/A;N/A;N/A;N/A;N/A;N/A;N/A;N/A;N/A;N/A;N/A;N/A;N/A;N/A;N/A;N/A;N/A;N/A;N/A;N/A;N/A;N/A;N/A;N/A;N/A;N/A;N/A;N/A;N/A;N/A;Sí;N/A;N/A;N/A;N/A;N/A;N/A;N/A;N/A;N/A;"1715 mm";"4570 mm";N/A;N/A;N/A;N/A;5;"180 hp";Hybrid;N/A;4;"1845 mm";N/A;Sí;N/A;N/A;N/A;N/A;N/A;N/A;N/A;Sí;N/A;N/A;N/A;N/A;N/A;N/A;N/A;"Lunes a Viernes de 9 a 19hs";5;2.5;Híbrido;Automática;SUV;"Autos y camionetas";N/A;N/A;N/A;N/A;N/A;N/A;UY;N/A;N/A;N/A;N/A;N/A;N/A;N/A;N/A;N/A;N/A;N/A;N/A;N/A;N/A;N/A;N/A;N/A;N/A;N/A;N/A;N/A;N/A;N/A;N/A;N/A;N/A;N/A;N/A;N/A;N/A;N/A;N/A;N/A;N/A;N/A;N/A;N/A;N/A;N/A;N/A;N/A;N/A;N/A;N/A;N/A;N/A;N/A;N/A;N/A;N/A;N/A;N/A;N/A;N/A;N/A;N/A;N/A;N/A;N/A;N/A;N/A;N/A;N/A;N/A;N/A;N/A;N/A;N/A;N/A;N/A;N/A;N/A;N/A;N/A;N/A;N/A;N/A;N/A;N/A;N/A;N/A;N/A;N/A;N/A;N/A;N/A;N/A;N/A;N/A;N/A;N/A;N/A;N/A;N/A;N/A;N/A;N/A;N/A;N/A;N/A;N/A;N/A;N/A;N/A;N/A;Sí;N/A;Sí;N/A;N/A;N/A;N/A;Sí;N/A;N/A
Toyota;RAV4;"2.5 Limited 4x4 At";2024;"0 km";;AUTO_BOULEVARD;67990;;;;;"Tres Cruces";https://auto.mercadolibre.com.uy/MLU-681592648-toyota-rav-4-limited-4x2-hybrid-plus-entrega-inmediata-_JM;N/A;;"°toyota Rav 4 Limited 4x2 Hybrid Plus. Entrega Inmediata!";usd;Sí;gold_premium;false;N/A;N/A;http://perfil.mercadolibre.com.uy/AUTO_BOULEVARD;active;N/A;N/A;Nuevo;Gris;N/A;Eléctrica;4x4;Sí;N/A;Sí;N/A;N/A;N/A;N/A;N/A;Sí;N/A;N/A;N/A;N/A;N/A;N/A;N/A;N/A;N/A;N/A;N/A;N/A;N/A;N/A;N/A;N/A;"2660 mm";"2.5 L";"60 L";6;N/A;N/A;N/A;N/A;N/A;N/A;N/A;N/A;N/A;N/A;N/A;N/A;N/A;N/A;N/A;N/A;N/A;N/A;N/A;N/A;N/A;N/A;N/A;N/A;N/A;N/A;N/A;N/A;N/A;N/A;N/A;N/A;N/A;N/A;N/A;Sí;N/A;N/A;N/A;N/A;N/A;N/A;N/A;N/A;N/A;"1715 mm";"4570 mm";N/A;N/A;N/A;N/A;5;"180 hp";Limited;N/A;4;"1845 mm";N/A;Sí;N/A;N/A;N/A;N/A;N/A;N/A;N/A;Sí;N/A;N/A;N/A;N/A;N/A;N/A;N/A;"Lunes a Viernes de 9 a 19hs";5;2.5;Nafta;Automática;SUV;"Autos y camionetas";N/A;N/A;N/A;N/A;N/A;N/A;UY;N/A;N/A;N/A;N/A;N/A;N/A;N/A;N/A;N/A;N/A;N/A;N/A;N/A;N/A;N/A;N/A;N/A;N/A;N/A;N/A;N/A;N/A;N/A;N/A;N/A;N/A;N/A;N/A;N/A;N/A;N/A;N/A;N/A;N/A;N/A;N/A;N/A;N/A;N/A;N/A;N/A;N/A;N/A;N/A;N/A;N/A;N/A;N/A;N/A;N/A;N/A;N/A;N/A;N/A;N/A;N/A;N/A;N/A;N/A;N/A;N/A;N/A;N/A;N/A;N/A;N/A;N/A;N/A;N/A;N/A;N/A;N/A;N/A;N/A;N/A;N/A;N/A;N/A;N/A;N/A;N/A;N/A;N/A;N/A;N/A;N/A;N/A;N/A;N/A;N/A;N/A;N/A;N/A;N/A;N/A;N/A;N/A;N/A;N/A;N/A;N/A;N/A;N/A;N/A;N/A;Sí;N/A;Sí;N/A;N/A;N/A;N/A;Sí;N/A;N/A
Toyota;Hilux;"PLUS TSS";2024;"0 km";;AUTO_BOULEVARD;79490;;;;;"Tres Cruces";https://auto.mercadolibre.com.uy/MLU-677506646-toyota-hilux-srv-plus-con-tss-4x4-diesel-_JM;N/A;;"_toyota Hilux Srv Plus Con Tss 4x4 Diesel";USD;Sí;gold_premium;false;N/A;N/A;http://perfil.mercadolibre.com.uy/AUTO_BOULEVARD;active;N/A;N/A;Nuevo;Gris;N/A;Asistida;N/A;N/A;Sí;N/A;N/A;N/A;N/A;N/A;N/A;N/A;N/A;N/A;Sí;N/A;N/A;N/A;N/A;N/A;N/A;N/A;N/A;N/A;N/A;N/A;N/A;N/A;N/A;N/A;N/A;N/A;N/A;N/A;N/A;N/A;N/A;N/A;N/A;N/A;N/A;N/A;N/A;N/A;N/A;N/A;N/A;N/A;N/A;N/A;N/A;N/A;N/A;N/A;N/A;N/A;N/A;N/A;N/A;N/A;N/A;N/A;N/A;N/A;N/A;N/A;N/A;N/A;N/A;N/A;N/A;N/A;N/A;N/A;N/A;N/A;N/A;N/A;N/A;N/A;N/A;N/A;N/A;N/A;N/A;N/A;N/A;N/A;N/A;N/A;N/A;N/A;N/A;N/A;N/A;Sí;Sí;N/A;N/A;N/A;N/A;N/A;N/A;N/A;N/A;N/A;"LAV 9 A 19 HS";5;2.8;Diésel;Automática;Pick-Up;"Autos y camionetas";N/A;N/A;N/A;N/A;N/A;N/A;N/A;N/A;N/A;N/A;N/A;N/A;N/A;N/A;N/A;N/A;N/A;N/A;N/A;N/A;N/A;N/A;N/A;N/A;Sí;N/A;N/A;N/A;N/A;N/A;N/A;N/A;N/A;N/A;N/A;N/A;N/A;N/A;N/A;N/A;N/A;N/A;N/A;N/A;N/A;N/A;N/A;N/A;N/A;N/A;N/A;N/A;N/A;N/A;N/A;N/A;N/A;N/A;N/A;N/A;N/A;N/A;N/A;N/A;N/A;N/A;N/A;N/A;N/A;N/A;N/A;N/A;N/A;N/A;N/A;N/A;N/A;N/A;N/A;N/A;N/A;N/A;N/A;N/A;N/A;N/A;N/A;N/A;N/A;N/A;N/A;N/A;N/A;N/A;N/A;N/A;N/A;N/A;N/A;N/A;N/A;N/A;N/A;N/A;N/A;Sí;N/A;N/A;Sí;N/A;N/A;Sí;N/A;Sí;N/A;N/A;N/A;N/A;N/A;N/A;N/A;N/A
Toyota;Hilux;Srv;2024;"0 km";;AUTO_BOULEVARD;76490;;;;;"Tres Cruces";https://auto.mercadolibre.com.uy/MLU-677532666-toyota-hilux-srv-plus-at-diesel-_JM;N/A;;"_toyota Hilux Srv Plus At Diesel";usd;Sí;gold_premium;false;N/A;N/A;http://perfil.mercadolibre.com.uy/AUTO_BOULEVARD;active;N/A;N/A;Nuevo;Gris;N/A;Hidráulica;4x2;Sí;Sí;Sí;N/A;N/A;N/A;N/A;N/A;N/A;N/A;N/A;Sí;Sí;N/A;N/A;N/A;N/A;N/A;N/A;N/A;N/A;N/A;N/A;N/A;N/A;"2860 mm";"2.7 L";"80 L";5;N/A;N/A;N/A;N/A;N/A;N/A;N/A;N/A;N/A;Sí;N/A;N/A;N/A;N/A;N/A;N/A;N/A;N/A;N/A;N/A;N/A;N/A;N/A;N/A;N/A;N/A;N/A;N/A;N/A;N/A;N/A;N/A;N/A;Sí;N/A;N/A;N/A;N/A;N/A;N/A;N/A;N/A;N/A;N/A;N/A;"1850 mm";"5260 mm";N/A;N/A;N/A;N/A;5;"177 hp";Srv;N/A;2;"1855 mm";N/A;Sí;N/A;Sí;N/A;N/A;Sí;Sí;N/A;N/A;N/A;N/A;N/A;N/A;N/A;N/A;N/A;"LAV 9 A 19 HS";5;2.8;Diésel;Automática;Pick-Up;"Autos y camionetas";N/A;N/A;N/A;N/A;N/A;N/A;UY;N/A;N/A;N/A;N/A;N/A;N/A;N/A;N/A;N/A;N/A;N/A;N/A;N/A;N/A;N/A;N/A;N/A;Sí;N/A;N/A;N/A;N/A;N/A;N/A;N/A;N/A;N/A;N/A;N/A;N/A;N/A;N/A;N/A;N/A;N/A;N/A;N/A;N/A;N/A;N/A;N/A;N/A;N/A;N/A;N/A;N/A;N/A;N/A;N/A;N/A;N/A;N/A;N/A;N/A;N/A;N/A;N/A;N/A;N/A;N/A;N/A;N/A;N/A;N/A;N/A;N/A;N/A;N/A;N/A;N/A;N/A;N/A;N/A;N/A;N/A;N/A;N/A;N/A;N/A;N/A;N/A;N/A;N/A;N/A;N/A;N/A;N/A;N/A;N/A;Sí;Sí;N/A;N/A;N/A;N/A;N/A;N/A;N/A;Sí;Sí;N/A;Sí;N/A;N/A;Sí;Sí;Sí;Sí;N/A;N/A;N/A;Sí;Sí;N/A;N/A
Toyota;"Corolla Cross";"1.8 Seg Hybrid E-cvt";2023;"1 km";;CHITALIN;44990;;;;;"La Blanqueada";https://auto.mercadolibre.com.uy/MLU-699659856-corolla-cross-seg-hybrid-2025-financio-100-_JM;N/A;;"Corolla Cross Seg Hybrid 2025 Financio 100%";usd;Sí;gold_premium;false;N/A;N/A;http://perfil.mercadolibre.com.uy/CHITALIN;active;N/A;N/A;Usado;Rojo;N/A;Eléctrica;4x2;Sí;N/A;Sí;N/A;N/A;N/A;N/A;N/A;N/A;N/A;N/A;N/A;N/A;N/A;N/A;N/A;N/A;N/A;N/A;N/A;N/A;N/A;N/A;N/A;N/A;"2660 mm";"1.8 L";"60 L";5;N/A;N/A;N/A;N/A;N/A;N/A;N/A;N/A;N/A;N/A;N/A;N/A;N/A;N/A;N/A;N/A;N/A;N/A;N/A;N/A;N/A;N/A;N/A;N/A;N/A;N/A;N/A;N/A;N/A;N/A;N/A;N/A;N/A;N/A;N/A;N/A;N/A;N/A;N/A;N/A;N/A;N/A;N/A;N/A;N/A;"1715 mm";"4570 mm";N/A;N/A;N/A;N/A;5;"146 hp";Seg;N/A;4;"1845 mm";N/A;N/A;N/A;N/A;N/A;N/A;N/A;N/A;N/A;N/A;N/A;"10.9 km/l";N/A;N/A;N/A;N/A;N/A;"Lunes a Viernes de 9 a 18 30 hs";5;1.8;Híbrido;Automática;SUV;"Autos y camionetas";N/A;N/A;N/A;N/A;N/A;N/A;UY;N/A;N/A;N/A;N/A;N/A;N/A;N/A;N/A;N/A;N/A;N/A;N/A;N/A;N/A;N/A;N/A;N/A;N/A;N/A;N/A;N/A;N/A;N/A;N/A;N/A;N/A;N/A;N/A;N/A;N/A;N/A;N/A;N/A;N/A;N/A;N/A;N/A;N/A;N/A;N/A;N/A;N/A;N/A;N/A;N/A;N/A;N/A;N/A;N/A;N/A;N/A;N/A;N/A;N/A;N/A;N/A;N/A;N/A;N/A;N/A;N/A;N/A;N/A;N/A;N/A;N/A;N/A;N/A;N/A;N/A;N/A;N/A;N/A;N/A;N/A;N/A;N/A;N/A;N/A;N/A;N/A;N/A;N/A;N/A;N/A;N/A;N/A;N/A;N/A;N/A;N/A;N/A;N/A;N/A;N/A;N/A;N/A;N/A;N/A;N/A;N/A;N/A;N/A;N/A;N/A;Sí;N/A;Sí;N/A;N/A;N/A;N/A;Sí;N/A;N/A
Toyota;Hilux;"2.4 D.cab. T.dsl Sr";2023;"0 km";;AUTO_BOULEVARD;62990;;;;;"Tres Cruces";https://auto.mercadolibre.com.uy/MLU-672642744-toyota-hilux-sr-4x4-manual-2024-entrega-inmediata-_JM;N/A;;"°toyota Hilux Sr 4x4 Manual 2024. Entrega Inmediata!!";usd;Sí;gold_premium;false;N/A;N/A;http://perfil.mercadolibre.com.uy/AUTO_BOULEVARD;active;N/A;N/A;Nuevo;Blanco;N/A;Hidráulica;4x2;Sí;N/A;Sí;N/A;N/A;N/A;N/A;N/A;N/A;N/A;N/A;N/A;Sí;N/A;N/A;N/A;N/A;N/A;N/A;N/A;N/A;N/A;N/A;N/A;N/A;"2860 mm";"2.4 L";"80 L";5;N/A;N/A;N/A;N/A;N/A;N/A;N/A;N/A;N/A;Sí;N/A;N/A;N/A;N/A;N/A;N/A;N/A;N/A;N/A;N/A;N/A;N/A;N/A;N/A;N/A;N/A;N/A;N/A;N/A;N/A;N/A;N/A;N/A;N/A;N/A;N/A;N/A;N/A;N/A;N/A;N/A;N/A;N/A;N/A;N/A;"1850 mm";"5260 mm";N/A;N/A;N/A;N/A;5;"150 hp";Sr;N/A;4;"1855 mm";"8.2 km/l";N/A;N/A;N/A;Sí;N/A;N/A;N/A;N/A;N/A;N/A;"6.3 km/l";N/A;Sí;N/A;N/A;N/A;"Lunes a Viernes de 9 a 19hs";4;2.4;Diésel;Manual;Pick-Up;"Autos y camionetas";N/A;N/A;N/A;N/A;N/A;N/A;UY;N/A;Sí;N/A;N/A;N/A;N/A;N/A;N/A;N/A;N/A;N/A;N/A;N/A;N/A;N/A;N/A;N/A;N/A;N/A;N/A;N/A;N/A;N/A;N/A;N/A;N/A;N/A;N/A;N/A;N/A;N/A;N/A;N/A;N/A;N/A;N/A;Sí;N/A;N/A;N/A;N/A;N/A;N/A;N/A;N/A;N/A;N/A;N/A;N/A;N/A;N/A;N/A;N/A;N/A;N/A;N/A;N/A;N/A;N/A;N/A;N/A;N/A;N/A;N/A;N/A;N/A;N/A;N/A;N/A;N/A;N/A;N/A;N/A;N/A;N/A;N/A;N/A;N/A;N/A;N/A;N/A;N/A;N/A;N/A;N/A;N/A;N/A;N/A;N/A;Sí;Sí;Sí;N/A;Sí;N/A;N/A;N/A;N/A;Sí;N/A;N/A;Sí;N/A;N/A;Sí;Sí;Sí;Sí;N/A;Sí;N/A;Sí;Sí;N/A;Sí
Toyota;Hilux;"2.4 P.up T.diesel Dx 4x4";2023;"0 km";;AUTO_BOULEVARD;68490;;;;;"Tres Cruces";https://auto.mercadolibre.com.uy/MLU-672640678-toyota-hilux-28-srv-4x4-manual-2024-entrega-inmediata-_JM;N/A;;"°toyota Hilux 2.8 Srv 4x4 Manual 2024. Entrega Inmediata!!";usd;Sí;gold_premium;false;N/A;N/A;http://perfil.mercadolibre.com.uy/AUTO_BOULEVARD;active;N/A;N/A;Nuevo;Plateado;N/A;Hidráulica;4x4;Sí;Sí;N/A;N/A;N/A;Sí;N/A;N/A;N/A;N/A;N/A;Sí;Sí;N/A;N/A;N/A;N/A;N/A;N/A;N/A;N/A;N/A;N/A;N/A;N/A;"2860 mm";"2.4 L";"80 L";5;N/A;N/A;N/A;N/A;N/A;Sí;N/A;N/A;N/A;N/A;N/A;N/A;N/A;N/A;N/A;N/A;N/A;N/A;N/A;N/A;N/A;N/A;N/A;N/A;N/A;N/A;N/A;N/A;N/A;N/A;N/A;N/A;N/A;N/A;N/A;N/A;N/A;N/A;N/A;N/A;N/A;N/A;N/A;N/A;N/A;"1850 mm";"5260 mm";N/A;N/A;N/A;N/A;5;"150 hp";Dx;N/A;4;"1855 mm";"8.2 km/l";N/A;N/A;Sí;Sí;N/A;Sí;Sí;N/A;N/A;N/A;"6.3 km/l";N/A;Sí;N/A;N/A;N/A;"Lunes a Viernes de 9 a 19hs";4;2.4;Diésel;Manual;Pick-Up;"Autos y camionetas";N/A;N/A;N/A;N/A;N/A;N/A;UY;N/A;Sí;N/A;N/A;N/A;N/A;N/A;N/A;N/A;N/A;N/A;N/A;N/A;N/A;N/A;N/A;N/A;Sí;N/A;N/A;N/A;N/A;N/A;N/A;N/A;N/A;N/A;N/A;N/A;N/A;N/A;N/A;N/A;N/A;N/A;N/A;Sí;N/A;N/A;N/A;N/A;N/A;N/A;N/A;N/A;N/A;N/A;N/A;N/A;N/A;N/A;N/A;N/A;N/A;N/A;N/A;N/A;N/A;N/A;N/A;N/A;N/A;N/A;N/A;N/A;N/A;N/A;N/A;N/A;N/A;N/A;N/A;N/A;N/A;N/A;N/A;N/A;N/A;N/A;N/A;N/A;N/A;N/A;N/A;N/A;N/A;N/A;N/A;N/A;Sí;Sí;Sí;N/A;Sí;N/A;N/A;N/A;N/A;Sí;N/A;N/A;Sí;N/A;N/A;Sí;Sí;Sí;Sí;Sí;Sí;N/A;N/A;Sí;N/A;Sí
Toyota;Hilux;"2.7 D.cab. Srv";2023;"0 km";;AUTO_BOULEVARD;41990;;;;;"Tres Cruces";https://auto.mercadolibre.com.uy/MLU-669543432-toyota-hilux-srv-nafta-2024-_JM;N/A;;"_toyota Hilux Srv Nafta 2024";usd;Sí;gold_premium;false;N/A;N/A;http://perfil.mercadolibre.com.uy/AUTO_BOULEVARD;active;N/A;N/A;Nuevo;Plateado;N/A;Hidráulica;4x2;Sí;N/A;Sí;N/A;N/A;N/A;N/A;N/A;N/A;N/A;N/A;N/A;N/A;N/A;N/A;N/A;N/A;N/A;N/A;N/A;N/A;N/A;N/A;N/A;N/A;"2860 mm";"2.7 L";"80 L";5;N/A;N/A;N/A;N/A;N/A;N/A;N/A;N/A;N/A;Sí;N/A;N/A;N/A;N/A;N/A;N/A;N/A;N/A;N/A;N/A;N/A;N/A;N/A;N/A;N/A;N/A;N/A;N/A;N/A;N/A;N/A;N/A;N/A;Sí;N/A;N/A;N/A;N/A;N/A;N/A;N/A;N/A;N/A;N/A;N/A;"1850 mm";"5260 mm";N/A;N/A;N/A;N/A;5;"177 hp";Srv;N/A;2;"1855 mm";N/A;Sí;N/A;N/A;N/A;N/A;N/A;N/A;N/A;N/A;N/A;N/A;N/A;N/A;N/A;N/A;N/A;"L a V 9 a 19hs";4;2.7;Nafta;Manual;Pick-Up;"Autos y camionetas";N/A;N/A;N/A;N/A;N/A;N/A;UY;N/A;Sí;N/A;N/A;N/A;N/A;N/A;N/A;N/A;N/A;N/A;N/A;N/A;N/A;N/A;N/A;N/A;N/A;N/A;N/A;N/A;N/A;N/A;N/A;N/A;N/A;N/A;N/A;N/A;N/A;N/A;N/A;N/A;N/A;N/A;N/A;Sí;N/A;N/A;N/A;N/A;N/A;N/A;N/A;N/A;N/A;N/A;N/A;N/A;N/A;N/A;N/A;N/A;N/A;N/A;N/A;N/A;N/A;N/A;N/A;N/A;N/A;N/A;N/A;N/A;N/A;N/A;N/A;N/A;N/A;N/A;N/A;N/A;N/A;N/A;N/A;N/A;N/A;N/A;N/A;N/A;N/A;N/A;N/A;N/A;N/A;N/A;N/A;N/A;N/A;N/A;N/A;N/A;N/A;N/A;N/A;N/A;N/A;N/A;N/A;N/A;N/A;N/A;N/A;N/A;Sí;N/A;Sí;N/A;N/A;N/A;Sí;Sí;N/A;N/A
Toyota;Hilux;"2.4 D.cab. T.dsl Sr";2022;"0 km";;AUTO_BOULEVARD;57490;;;;;"Tres Cruces";https://auto.mercadolibre.com.uy/MLU-669517472-toyota-hilux-sr-4x2-diesel-manual-2024-_JM;N/A;;"_toyota Hilux Sr 4x2 Diesel Manual 2024";usd;Sí;gold_premium;false;N/A;N/A;http://perfil.mercadolibre.com.uy/AUTO_BOULEVARD;active;N/A;N/A;Nuevo;Blanco;N/A;Hidráulica;4x2;Sí;N/A;Sí;N/A;N/A;N/A;N/A;N/A;N/A;N/A;N/A;N/A;N/A;N/A;N/A;N/A;N/A;N/A;N/A;N/A;N/A;N/A;N/A;N/A;N/A;"2860 mm";"2494 cc";"80 L";5;N/A;N/A;N/A;N/A;N/A;N/A;N/A;N/A;N/A;N/A;N/A;N/A;N/A;N/A;N/A;N/A;N/A;N/A;N/A;N/A;N/A;N/A;N/A;N/A;N/A;N/A;N/A;N/A;N/A;N/A;N/A;N/A;N/A;N/A;N/A;N/A;N/A;N/A;N/A;N/A;N/A;N/A;N/A;N/A;N/A;"1850 mm";"5260 mm";N/A;N/A;N/A;N/A;5;"150 hp";Sr;N/A;4;"1855 mm";N/A;N/A;N/A;N/A;Sí;N/A;N/A;N/A;N/A;N/A;N/A;N/A;N/A;N/A;N/A;N/A;N/A;"LAV9 A 19 HS";4;2.4;Diésel;Manual;Pick-Up;"Autos y camionetas";N/A;N/A;N/A;N/A;N/A;N/A;UY;N/A;Sí;N/A;N/A;N/A;N/A;N/A;N/A;N/A;N/A;N/A;N/A;N/A;N/A;N/A;N/A;N/A;N/A;N/A;N/A;N/A;N/A;N/A;N/A;N/A;N/A;N/A;N/A;N/A;N/A;N/A;N/A;N/A;N/A;N/A;N/A;Sí;N/A;N/A;N/A;N/A;N/A;N/A;N/A;N/A;N/A;N/A;N/A;N/A;N/A;N/A;N/A;N/A;N/A;N/A;N/A;N/A;N/A;N/A;N/A;N/A;N/A;N/A;N/A;N/A;N/A;N/A;N/A;N/A;N/A;N/A;N/A;N/A;N/A;N/A;N/A;N/A;N/A;N/A;N/A;N/A;N/A;N/A;N/A;N/A;N/A;N/A;N/A;N/A;N/A;N/A;N/A;N/A;N/A;N/A;N/A;N/A;N/A;N/A;N/A;N/A;N/A;N/A;N/A;N/A;Sí;N/A;Sí;N/A;N/A;N/A;Sí;Sí;N/A;N/A
Toyota;Hilux;2.8;2022;"0 km";;AUTO_BOULEVARD;68490;;;;;"Tres Cruces";https://auto.mercadolibre.com.uy/MLU-669647130-toyota-hilux-srv-manual-28-diesel-2024-_JM;N/A;;"_toyota Hilux Srv  Manual 2.8 Diesel 2024";USD;Sí;gold_premium;false;N/A;N/A;http://perfil.mercadolibre.com.uy/AUTO_BOULEVARD;active;N/A;N/A;Nuevo;Gris;N/A;Hidráulica;4x4;N/A;N/A;N/A;N/A;N/A;N/A;N/A;N/A;N/A;N/A;N/A;N/A;N/A;N/A;N/A;N/A;N/A;N/A;N/A;N/A;N/A;N/A;N/A;N/A;N/A;N/A;N/A;N/A;N/A;N/A;N/A;N/A;N/A;N/A;N/A;N/A;N/A;N/A;N/A;N/A;N/A;N/A;N/A;N/A;N/A;N/A;N/A;N/A;N/A;N/A;N/A;N/A;N/A;N/A;N/A;N/A;N/A;N/A;N/A;N/A;N/A;N/A;N/A;N/A;N/A;N/A;N/A;N/A;N/A;N/A;N/A;N/A;N/A;N/A;N/A;N/A;N/A;N/A;N/A;N/A;N/A;N/A;N/A;N/A;N/A;N/A;N/A;N/A;N/A;N/A;N/A;N/A;N/A;N/A;N/A;N/A;N/A;N/A;N/A;N/A;N/A;N/A;N/A;"LAV 9 A 19 HS";5;2.8;Diésel;Manual;Pick-Up;"Autos y camionetas";N/A;N/A;N/A;N/A;N/A;N/A;N/A;N/A;Sí;N/A;N/A;N/A;N/A;N/A;N/A;N/A;N/A;N/A;N/A;N/A;N/A;N/A;N/A;N/A;N/A;N/A;N/A;N/A;N/A;N/A;N/A;N/A;N/A;N/A;N/A;N/A;N/A;N/A;N/A;N/A;N/A;N/A;N/A;Sí;N/A;N/A;N/A;N/A;N/A;N/A;N/A;N/A;N/A;N/A;N/A;N/A;N/A;N/A;N/A;N/A;N/A;N/A;N/A;N/A;N/A;N/A;N/A;N/A;N/A;N/A;N/A;N/A;N/A;N/A;N/A;N/A;N/A;N/A;N/A;N/A;N/A;N/A;N/A;N/A;N/A;N/A;N/A;N/A;N/A;N/A;N/A;N/A;N/A;N/A;N/A;N/A;N/A;N/A;N/A;N/A;N/A;N/A;N/A;N/A;N/A;N/A;N/A;N/A;N/A;N/A;N/A;N/A;N/A;N/A;N/A;N/A;N/A;N/A;N/A;N/A;N/A;N/A
Toyota;Hilux;Srv;2022;"0 km";;AUTO_BOULEVARD;71490;;;;;"Tres Cruces";https://auto.mercadolibre.com.uy/MLU-669647106-toyota-hilux-srv-4x4-automatica-28-diesel-0-km-2024-_JM;N/A;;"_toyota Hilux Srv 4x4 Automatica 2.8 Diesel 0 Km 2024";USD;Sí;gold_premium;false;N/A;N/A;http://perfil.mercadolibre.com.uy/AUTO_BOULEVARD;active;N/A;N/A;Nuevo;Plateado;N/A;Hidráulica;4x4;N/A;N/A;N/A;N/A;N/A;N/A;N/A;N/A;N/A;N/A;N/A;N/A;N/A;N/A;N/A;N/A;N/A;N/A;N/A;N/A;N/A;N/A;N/A;N/A;N/A;N/A;N/A;N/A;N/A;N/A;N/A;N/A;N/A;N/A;N/A;N/A;N/A;N/A;N/A;N/A;N/A;N/A;N/A;N/A;N/A;N/A;N/A;N/A;N/A;N/A;N/A;N/A;N/A;N/A;N/A;N/A;N/A;N/A;N/A;N/A;N/A;N/A;N/A;N/A;N/A;N/A;N/A;N/A;N/A;N/A;N/A;N/A;N/A;N/A;N/A;N/A;N/A;N/A;N/A;N/A;N/A;N/A;N/A;N/A;N/A;N/A;N/A;N/A;N/A;N/A;N/A;N/A;N/A;N/A;N/A;N/A;N/A;N/A;N/A;N/A;N/A;N/A;N/A;"L A V 9 A 19 HS";5;2.8;Diésel;"Automática secuencial";Pick-Up;"Autos y camionetas";N/A;N/A;N/A;N/A;N/A;N/A;N/A;N/A;Sí;N/A;N/A;N/A;N/A;N/A;N/A;N/A;N/A;N/A;N/A;N/A;N/A;N/A;N/A;N/A;N/A;N/A;N/A;N/A;N/A;N/A;N/A;N/A;N/A;N/A;N/A;N/A;N/A;N/A;N/A;N/A;N/A;N/A;N/A;Sí;N/A;N/A;N/A;N/A;N/A;N/A;N/A;N/A;N/A;N/A;N/A;N/A;N/A;N/A;N/A;N/A;N/A;N/A;N/A;N/A;N/A;N/A;N/A;N/A;N/A;N/A;N/A;N/A;N/A;N/A;N/A;N/A;N/A;N/A;N/A;N/A;N/A;N/A;N/A;N/A;N/A;N/A;N/A;N/A;N/A;N/A;N/A;N/A;N/A;N/A;N/A;N/A;N/A;N/A;N/A;N/A;N/A;N/A;N/A;N/A;N/A;N/A;N/A;N/A;N/A;N/A;N/A;N/A;N/A;N/A;N/A;N/A;N/A;N/A;N/A;N/A;N/A;N/A
Toyota;Hilux;"2.4 S/cab 4x2 D";1996;"700000 km";;GLMOTORS3;10990;;;;;Cerrito;https://auto.mercadolibre.com.uy/MLU-697439272-toyota-hilux-diesel-gl-motors-financiamos-100-en-pesos-_JM;N/A;;"Toyota Hilux Diesel ((gl Motors)) Financiamos 100% En Pesos ";usd;No;gold_premium;false;N/A;N/A;http://perfil.mercadolibre.com.uy/GLMOTORS3;active;N/A;N/A;Usado;Azul;N/A;N/A;4x2;Sí;N/A;N/A;N/A;N/A;N/A;N/A;N/A;N/A;N/A;N/A;N/A;N/A;N/A;N/A;N/A;N/A;N/A;N/A;N/A;N/A;N/A;N/A;N/A;N/A;"2860 mm";"2.4 L";"65 L";5;N/A;N/A;N/A;N/A;N/A;N/A;N/A;N/A;N/A;N/A;N/A;N/A;N/A;N/A;N/A;N/A;N/A;N/A;N/A;N/A;N/A;N/A;N/A;N/A;N/A;N/A;N/A;N/A;N/A;N/A;N/A;N/A;N/A;N/A;N/A;N/A;N/A;N/A;N/A;N/A;N/A;N/A;N/A;N/A;N/A;"1805 mm";"4850 mm";N/A;N/A;N/A;N/A;5;"150 hp";N/A;N/A;4;"1630 mm";"8.2 km/l";N/A;N/A;N/A;N/A;N/A;N/A;N/A;N/A;N/A;N/A;"6.3 km/l";N/A;N/A;N/A;N/A;N/A;N/A;2;2.4;Diésel;Manual;Pick-Up;"Autos y camionetas";N/A;N/A;N/A;N/A;N/A;N/A;UY;N/A;N/A;N/A;N/A;N/A;N/A;N/A;N/A;N/A;N/A;N/A;N/A;N/A;N/A;N/A;N/A;N/A;N/A;N/A;N/A;N/A;N/A;N/A;N/A;N/A;N/A;N/A;N/A;N/A;N/A;N/A;N/A;N/A;N/A;N/A;N/A;N/A;N/A;N/A;N/A;N/A;N/A;N/A;N/A;N/A;N/A;N/A;N/A;N/A;N/A;N/A;N/A;N/A;N/A;N/A;N/A;N/A;N/A;N/A;N/A;N/A;N/A;N/A;N/A;N/A;N/A;N/A;N/A;N/A;N/A;N/A;N/A;N/A;N/A;N/A;N/A;N/A;N/A;N/A;N/A;N/A;N/A;N/A;N/A;N/A;N/A;N/A;N/A;N/A;N/A;N/A;N/A;N/A;N/A;N/A;N/A;N/A;N/A;N/A;N/A;N/A;N/A;N/A;N/A;N/A;N/A;N/A;N/A;N/A;N/A;N/A;N/A;N/A;N/A;N/A
Toyota;Hilux;"2.4 D/cab 4x2 D";1995;"389999 km";;RURALAUTOMOTORA;13900;;;;;Trinidad;https://auto.mercadolibre.com.uy/MLU-692377094-toyota-hilux-1995-24-dcab-4x2-d-_JM;N/A;;"Toyota Hilux 1995 2.4 D/cab 4x2 D";usd;No;gold_premium;false;N/A;N/A;http://perfil.mercadolibre.com.uy/RURALAUTOMOTORA;active;N/A;N/A;Usado;N/A;N/A;N/A;4x2;Sí;N/A;N/A;N/A;N/A;N/A;N/A;N/A;N/A;N/A;N/A;N/A;N/A;N/A;N/A;N/A;N/A;N/A;N/A;N/A;N/A;N/A;N/A;N/A;N/A;"3085 mm";"2.4 L";"80 L";5;N/A;N/A;N/A;N/A;N/A;N/A;N/A;N/A;N/A;N/A;N/A;N/A;N/A;N/A;N/A;N/A;N/A;N/A;N/A;N/A;N/A;N/A;N/A;N/A;N/A;N/A;N/A;N/A;N/A;N/A;N/A;N/A;N/A;N/A;N/A;N/A;N/A;N/A;N/A;N/A;N/A;N/A;N/A;N/A;N/A;"1860 mm";"5260 mm";N/A;N/A;N/A;N/A;5;"150 hp";N/A;N/A;4;"1835 mm";"8.2 km/l";N/A;N/A;N/A;N/A;N/A;N/A;N/A;N/A;N/A;N/A;"6.3 km/l";N/A;N/A;N/A;N/A;N/A;N/A;4;2.4;Diésel;Manual;Pick-Up;"Autos y camionetas";N/A;N/A;N/A;N/A;N/A;N/A;UY;N/A;N/A;N/A;N/A;N/A;N/A;N/A;N/A;N/A;N/A;N/A;N/A;N/A;N/A;N/A;N/A;N/A;N/A;N/A;N/A;N/A;N/A;N/A;N/A;N/A;N/A;N/A;N/A;N/A;N/A;N/A;N/A;N/A;N/A;N/A;N/A;N/A;N/A;N/A;N/A;N/A;N/A;N/A;N/A;N/A;N/A;N/A;N/A;N/A;N/A;N/A;N/A;N/A;N/A;N/A;N/A;N/A;N/A;N/A;N/A;N/A;N/A;N/A;N/A;N/A;N/A;N/A;N/A;N/A;N/A;N/A;N/A;N/A;N/A;N/A;N/A;N/A;N/A;N/A;N/A;N/A;N/A;N/A;N/A;N/A;N/A;N/A;N/A;N/A;N/A;N/A;N/A;N/A;N/A;N/A;N/A;N/A;N/A;N/A;N/A;N/A;N/A;N/A;N/A;N/A;N/A;N/A;N/A;N/A;N/A;N/A;N/A;N/A;N/A;N/A
Toyota;Hilux;"Gazoo Racing";2023;"30000 km";;CARSFORSALEURUGUAY;72490;;;;;N/A;https://auto.mercadolibre.com.uy/MLU-700556414-toyota-hilux-gazoo-racing-_JM;N/A;;"Toyota Hilux Gazoo Racing";USD;Sí;gold_premium;false;N/A;N/A;http://perfil.mercadolibre.com.uy/CARSFORSALEURUGUAY;active;N/A;N/A;Usado;Negro;Sí;Hidráulica;N/A;Sí;Sí;N/A;N/A;N/A;N/A;N/A;N/A;Sí;N/A;N/A;Sí;Sí;N/A;N/A;N/A;N/A;N/A;N/A;N/A;N/A;N/A;N/A;N/A;N/A;N/A;N/A;N/A;N/A;N/A;N/A;N/A;N/A;N/A;N/A;N/A;N/A;N/A;N/A;N/A;N/A;N/A;N/A;N/A;N/A;N/A;N/A;N/A;N/A;N/A;N/A;N/A;N/A;N/A;N/A;N/A;N/A;N/A;N/A;N/A;N/A;N/A;N/A;N/A;N/A;N/A;N/A;N/A;N/A;N/A;N/A;N/A;N/A;N/A;N/A;N/A;N/A;N/A;N/A;N/A;N/A;N/A;N/A;N/A;N/A;N/A;N/A;Sí;N/A;Sí;Sí;N/A;Sí;Sí;N/A;N/A;N/A;N/A;N/A;N/A;N/A;N/A;N/A;N/A;4;2.8;Diésel;Automática;Pick-Up;"Autos y camionetas";N/A;N/A;N/A;N/A;N/A;N/A;N/A;N/A;Sí;N/A;N/A;N/A;N/A;N/A;N/A;N/A;N/A;N/A;N/A;N/A;N/A;N/A;N/A;N/A;Sí;N/A;N/A;N/A;N/A;N/A;N/A;N/A;N/A;N/A;N/A;N/A;N/A;N/A;N/A;N/A;N/A;N/A;N/A;Sí;N/A;N/A;N/A;N/A;N/A;N/A;N/A;N/A;N/A;N/A;N/A;N/A;N/A;N/A;N/A;N/A;N/A;N/A;N/A;N/A;N/A;N/A;N/A;N/A;N/A;N/A;N/A;N/A;N/A;N/A;N/A;N/A;N/A;N/A;N/A;N/A;N/A;N/A;N/A;N/A;N/A;N/A;N/A;N/A;N/A;N/A;N/A;N/A;N/A;N/A;N/A;N/A;Sí;Sí;Sí;N/A;Sí;N/A;N/A;N/A;N/A;Sí;Sí;Sí;Sí;N/A;N/A;Sí;Sí;Sí;Sí;Sí;Sí;N/A;N/A;N/A;N/A;Sí
Toyota;"Rav4 Hybrid";"2.5 Limited Plus 2Wd E-Cvt";2017;"58000 km";;SANTISTEBANIGNACIO;34800;;;;;Maldonado;https://auto.mercadolibre.com.uy/MLU-646814751-toyota-rav4-hybrid-_JM;N/A;;"Toyota Rav4 Hybrid";USD;Sí;gold_premium;false;N/A;N/A;http://perfil.mercadolibre.com.uy/SANTISTEBANIGNACIO;active;N/A;N/A;Usado;Blanco;Sí;Hidráulica;4x2;Sí;Sí;N/A;N/A;N/A;Sí;N/A;N/A;No;N/A;N/A;Sí;Sí;N/A;Sí;N/A;N/A;N/A;N/A;N/A;N/A;N/A;N/A;N/A;N/A;N/A;N/A;N/A;N/A;N/A;N/A;N/A;N/A;N/A;Sí;N/A;N/A;N/A;N/A;N/A;N/A;N/A;N/A;N/A;N/A;N/A;N/A;N/A;N/A;N/A;N/A;N/A;N/A;N/A;N/A;N/A;N/A;N/A;Sí;N/A;N/A;N/A;N/A;N/A;N/A;N/A;N/A;N/A;N/A;N/A;N/A;N/A;N/A;N/A;N/A;N/A;N/A;N/A;N/A;N/A;N/A;N/A;N/A;N/A;N/A;N/A;N/A;Sí;N/A;Sí;Sí;N/A;Sí;Sí;N/A;Sí;N/A;N/A;Sí;Sí;N/A;N/A;Sí;"9 a 20hs";5;2.5;Nafta;Automática;SUV;"Autos y camionetas";N/A;N/A;N/A;N/A;N/A;N/A;N/A;N/A;N/A;N/A;N/A;N/A;N/A;N/A;N/A;N/A;N/A;N/A;N/A;N/A;N/A;N/A;N/A;N/A;Sí;N/A;N/A;N/A;N/A;N/A;N/A;N/A;N/A;N/A;N/A;N/A;N/A;N/A;N/A;N/A;N/A;N/A;N/A;N/A;N/A;N/A;N/A;N/A;N/A;N/A;N/A;N/A;N/A;N/A;N/A;N/A;N/A;N/A;N/A;N/A;N/A;N/A;N/A;N/A;N/A;N/A;N/A;N/A;N/A;N/A;N/A;N/A;N/A;N/A;N/A;N/A;N/A;N/A;N/A;N/A;N/A;N/A;N/A;N/A;N/A;N/A;N/A;N/A;N/A;N/A;N/A;N/A;N/A;N/A;N/A;Sí;Sí;Sí;Sí;N/A;Sí;N/A;N/A;N/A;N/A;Sí;Sí;Sí;Sí;N/A;N/A;Sí;Sí;Sí;Sí;Sí;Sí;Sí;Sí;Sí;N/A;Sí
Toyota;"HILUX SRV 4X4 AT.TSS";"SRV PLUS 4X4 AT. TSS";2023;"58759 km";;AYESTARANCARDOZO;60000;;;;;Toledo;https://auto.mercadolibre.com.uy/MLU-646806047-toyota-hilux-turbo-diesel-28-4x4-at-tss-cuero-_JM;N/A;;"Toyota Hilux Turbo Diesel 2.8 4x4 At. Tss Cuero";usd;Sí;gold_premium;false;N/A;N/A;http://perfil.mercadolibre.com.uy/AYESTARANCARDOZO;active;N/A;N/A;Usado;Blanco;Sí;Asistida;4x4;Sí;N/A;Sí;N/A;N/A;N/A;N/A;N/A;Sí;N/A;N/A;N/A;Sí;N/A;N/A;N/A;N/A;N/A;N/A;N/A;N/A;N/A;N/A;N/A;N/A;"2860 mm";"2.7 L";"80 L";5;N/A;N/A;N/A;N/A;N/A;Sí;N/A;N/A;N/A;Sí;N/A;N/A;N/A;N/A;N/A;N/A;N/A;N/A;N/A;N/A;N/A;N/A;N/A;N/A;N/A;N/A;N/A;N/A;N/A;No;N/A;N/A;N/A;Sí;N/A;N/A;N/A;N/A;N/A;N/A;N/A;N/A;N/A;N/A;N/A;"1850 mm";"5260 mm";N/A;N/A;N/A;N/A;5;"177 hp";Srv;N/A;2;"1855 mm";N/A;Sí;N/A;Sí;Sí;N/A;Sí;Sí;N/A;No;N/A;N/A;N/A;Sí;N/A;N/A;No;24hrs;4;2.8;Diésel;Manual;Pick-Up;"Autos y camionetas";N/A;N/A;N/A;N/A;N/A;N/A;UY;N/A;N/A;N/A;N/A;N/A;N/A;N/A;N/A;N/A;N/A;N/A;N/A;N/A;N/A;N/A;N/A;N/A;N/A;N/A;N/A;N/A;N/A;N/A;N/A;N/A;N/A;N/A;N/A;N/A;N/A;N/A;N/A;N/A;N/A;N/A;N/A;N/A;N/A;N/A;N/A;N/A;N/A;N/A;N/A;N/A;N/A;N/A;N/A;N/A;N/A;N/A;N/A;N/A;N/A;N/A;N/A;N/A;N/A;N/A;N/A;N/A;N/A;N/A;N/A;N/A;N/A;N/A;N/A;N/A;N/A;N/A;N/A;N/A;N/A;N/A;N/A;N/A;N/A;N/A;N/A;N/A;N/A;N/A;N/A;N/A;N/A;N/A;N/A;N/A;N/A;N/A;Sí;N/A;N/A;N/A;N/A;N/A;N/A;N/A;N/A;N/A;N/A;N/A;N/A;N/A;Sí;N/A;Sí;Sí;Sí;Sí;Sí;Sí;N/A;Sí
Toyota;Hilux;"3.0 Cd Srv Tdi 171cv 4x4";2014;"250000 km";;"AG GARAJE";36900;;;;;Maroñas;https://auto.mercadolibre.com.uy/MLU-701489136-toyota-hilux-30-cd-srv-tdi-171cv-4x4-_JM;N/A;;"Toyota Hilux 3.0 Cd Srv Tdi 171cv 4x4";usd;Sí;gold_premium;false;N/A;N/A;http://perfil.mercadolibre.com.uy/AG+GARAJE;active;N/A;N/A;Usado;Gris;No;Hidráulica;4x4;Sí;Sí;Sí;N/A;N/A;Sí;N/A;N/A;Sí;N/A;N/A;Sí;N/A;N/A;N/A;N/A;N/A;N/A;N/A;N/A;N/A;N/A;N/A;N/A;N/A;"2860 mm";"3 L";"80 L";5;N/A;N/A;N/A;N/A;N/A;N/A;N/A;N/A;N/A;N/A;N/A;N/A;N/A;N/A;N/A;N/A;N/A;N/A;N/A;N/A;N/A;N/A;N/A;N/A;N/A;N/A;N/A;N/A;N/A;N/A;N/A;N/A;N/A;N/A;N/A;N/A;N/A;N/A;N/A;N/A;N/A;N/A;N/A;N/A;N/A;"1860 mm";"5260 mm";N/A;N/A;N/A;N/A;5;"171 hp";Srv;N/A;4;"1855 mm";N/A;N/A;N/A;N/A;N/A;N/A;Sí;Sí;N/A;N/A;N/A;N/A;Sí;N/A;N/A;N/A;N/A;"De lunes a viernes de 9 a 18 horas";4;3.0;Diésel;Manual;Pick-Up;"Autos y camionetas";N/A;N/A;N/A;N/A;N/A;N/A;UY;N/A;N/A;N/A;N/A;N/A;N/A;N/A;N/A;N/A;N/A;N/A;N/A;N/A;N/A;N/A;N/A;N/A;N/A;N/A;N/A;N/A;N/A;N/A;N/A;N/A;N/A;N/A;N/A;N/A;N/A;N/A;N/A;N/A;N/A;N/A;N/A;N/A;N/A;N/A;N/A;N/A;N/A;N/A;N/A;N/A;N/A;N/A;N/A;N/A;N/A;N/A;N/A;N/A;N/A;N/A;N/A;N/A;N/A;N/A;N/A;N/A;N/A;N/A;N/A;N/A;N/A;N/A;N/A;N/A;N/A;N/A;N/A;N/A;N/A;N/A;N/A;N/A;N/A;N/A;N/A;N/A;N/A;N/A;N/A;N/A;N/A;N/A;N/A;N/A;Sí;Sí;N/A;N/A;Sí;N/A;N/A;N/A;N/A;Sí;Sí;Sí;Sí;N/A;N/A;Sí;Sí;N/A;Sí;Sí;N/A;N/A;N/A;Sí;N/A;Sí
Toyota;Hilux;"3.0 Tdi Srv Cab Doble 4x2 Cuero";2011;"360000 km";;LATORREWILSON40;28900;;;;;Trinidad;https://auto.mercadolibre.com.uy/MLU-646564809-toyota-hilux-30-tdi-srv-cab-doble-4x2-cuero-_JM;N/A;;"Toyota Hilux 3.0 Tdi Srv Cab Doble 4x2 Cuero";usd;Sí;gold_premium;false;N/A;N/A;http://perfil.mercadolibre.com.uy/LATORREWILSON40;active;N/A;N/A;Usado;Azul;No;Hidráulica;4x2;Sí;Sí;Sí;N/A;N/A;Sí;N/A;N/A;No;N/A;N/A;No;Sí;N/A;No;N/A;N/A;N/A;N/A;N/A;N/A;N/A;N/A;N/A;N/A;"2860 mm";"3 L";"80 L";5;N/A;N/A;N/A;N/A;N/A;Sí;N/A;N/A;N/A;N/A;N/A;N/A;N/A;N/A;N/A;N/A;N/A;N/A;N/A;N/A;N/A;N/A;N/A;N/A;N/A;N/A;N/A;N/A;N/A;No;N/A;N/A;N/A;N/A;N/A;N/A;N/A;N/A;N/A;N/A;N/A;N/A;N/A;N/A;N/A;"1820 mm";"5255 mm";N/A;N/A;N/A;N/A;5;"163 hp";Srv;N/A;4;"1855 mm";N/A;No;N/A;Sí;Sí;N/A;Sí;Sí;N/A;No;N/A;N/A;No;N/A;N/A;N/A;Sí;N/A;4;3.0;Diésel;Manual;Pick-Up;"Autos y camionetas";N/A;N/A;N/A;N/A;N/A;N/A;UY;N/A;N/A;N/A;N/A;N/A;N/A;N/A;N/A;N/A;N/A;N/A;N/A;N/A;N/A;N/A;N/A;N/A;No;N/A;N/A;N/A;N/A;N/A;N/A;N/A;N/A;N/A;N/A;N/A;N/A;N/A;N/A;N/A;N/A;N/A;N/A;N/A;N/A;N/A;N/A;N/A;N/A;N/A;N/A;N/A;N/A;N/A;N/A;N/A;N/A;N/A;N/A;N/A;N/A;N/A;N/A;N/A;N/A;N/A;N/A;N/A;N/A;N/A;N/A;N/A;N/A;N/A;N/A;N/A;N/A;N/A;N/A;N/A;N/A;N/A;N/A;N/A;N/A;N/A;N/A;N/A;N/A;N/A;N/A;N/A;N/A;N/A;N/A;No;Sí;Sí;Sí;N/A;Sí;N/A;N/A;N/A;N/A;Sí;Sí;Sí;Sí;N/A;N/A;Sí;Sí;Sí;Sí;Sí;Sí;Sí;N/A;Sí;N/A;N/A
Toyota;Tacoma;"4.0 XSP-X 4x4 A/T";2013;"295000 km";;"SIGNATURE GARAGE";32900;;;;;"Punta del Este";https://auto.mercadolibre.com.uy/MLU-700502092-toyota-tacoma-40-xsp-x-4x4-at-_JM;N/A;;"Toyota Tacoma 4.0 Xsp-x 4x4 A/t";USD;Sí;gold_premium;false;N/A;N/A;http://perfil.mercadolibre.com.uy/SIGNATURE+GARAGE;active;N/A;N/A;Usado;N/A;N/A;N/A;N/A;N/A;N/A;N/A;N/A;N/A;N/A;N/A;N/A;N/A;N/A;N/A;N/A;N/A;N/A;N/A;N/A;N/A;N/A;N/A;N/A;N/A;N/A;N/A;N/A;N/A;N/A;N/A;N/A;N/A;N/A;N/A;N/A;N/A;N/A;N/A;N/A;N/A;N/A;N/A;N/A;N/A;N/A;N/A;N/A;N/A;N/A;N/A;N/A;N/A;N/A;N/A;N/A;N/A;N/A;N/A;N/A;N/A;N/A;N/A;N/A;N/A;N/A;N/A;N/A;N/A;N/A;N/A;N/A;N/A;N/A;N/A;N/A;N/A;N/A;N/A;N/A;N/A;N/A;N/A;N/A;N/A;N/A;N/A;N/A;N/A;N/A;N/A;N/A;N/A;N/A;N/A;N/A;N/A;N/A;N/A;N/A;N/A;N/A;N/A;N/A;N/A;N/A;N/A;N/A;4;N/A;Nafta;N/A;N/A;"Autos y camionetas";N/A;N/A;N/A;N/A;N/A;N/A;N/A;N/A;N/A;N/A;N/A;N/A;N/A;N/A;N/A;N/A;N/A;N/A;N/A;N/A;N/A;N/A;N/A;N/A;N/A;N/A;N/A;N/A;N/A;N/A;N/A;N/A;N/A;N/A;N/A;N/A;N/A;N/A;N/A;N/A;N/A;N/A;N/A;N/A;N/A;N/A;N/A;N/A;N/A;N/A;N/A;N/A;N/A;N/A;N/A;N/A;N/A;N/A;N/A;N/A;N/A;N/A;N/A;N/A;N/A;N/A;N/A;N/A;N/A;N/A;N/A;N/A;N/A;N/A;N/A;N/A;N/A;N/A;N/A;N/A;N/A;N/A;N/A;N/A;N/A;N/A;N/A;N/A;N/A;N/A;N/A;N/A;N/A;N/A;N/A;N/A;N/A;N/A;N/A;N/A;N/A;N/A;N/A;N/A;N/A;N/A;N/A;N/A;N/A;N/A;N/A;N/A;N/A;N/A;N/A;N/A;N/A;N/A;N/A;N/A;N/A;N/A
Toyota;Hilux;"2.4 D.cab. T.dsl Dx";2020;"90000 km";;LATORREWILSON40;41900;;;;;Trinidad;https://auto.mercadolibre.com.uy/MLU-646517667-toyota-hilux-24-dcab-tdsl-dx-_JM;N/A;;"Toyota Hilux 2.4 D.cab. T.dsl Dx";usd;Sí;gold_premium;false;N/A;N/A;http://perfil.mercadolibre.com.uy/LATORREWILSON40;active;N/A;N/A;Usado;Blanco;Sí;Hidráulica;4x2;Sí;Sí;Sí;N/A;N/A;Sí;N/A;N/A;Sí;N/A;N/A;No;Sí;N/A;No;N/A;N/A;N/A;N/A;N/A;N/A;N/A;N/A;N/A;N/A;"2860 mm";"2.4 L";"80 L";5;N/A;N/A;N/A;N/A;N/A;No;N/A;N/A;N/A;N/A;N/A;N/A;N/A;N/A;N/A;N/A;N/A;N/A;N/A;N/A;N/A;N/A;N/A;N/A;N/A;N/A;N/A;N/A;N/A;N/A;N/A;N/A;N/A;N/A;N/A;N/A;N/A;N/A;N/A;N/A;N/A;N/A;N/A;N/A;N/A;"1850 mm";"5260 mm";N/A;N/A;N/A;N/A;5;"150 hp";Dx;N/A;4;"1855 mm";"8.2 km/l";No;N/A;No;Sí;N/A;Sí;Sí;N/A;N/A;N/A;"6.3 km/l";No;N/A;N/A;N/A;Sí;N/A;4;2.4;Diésel;Manual;Pick-Up;"Autos y camionetas";N/A;N/A;N/A;N/A;N/A;N/A;UY;N/A;N/A;N/A;N/A;N/A;N/A;N/A;N/A;N/A;N/A;N/A;N/A;N/A;N/A;N/A;N/A;N/A;Sí;N/A;N/A;N/A;N/A;N/A;N/A;N/A;N/A;N/A;N/A;N/A;N/A;N/A;N/A;N/A;N/A;N/A;N/A;N/A;N/A;N/A;N/A;N/A;N/A;N/A;N/A;N/A;N/A;N/A;N/A;N/A;N/A;N/A;N/A;N/A;N/A;N/A;N/A;N/A;N/A;N/A;N/A;N/A;N/A;N/A;N/A;N/A;N/A;N/A;N/A;N/A;N/A;N/A;N/A;N/A;N/A;N/A;N/A;N/A;N/A;N/A;N/A;N/A;N/A;N/A;N/A;N/A;N/A;N/A;N/A;N/A;Sí;Sí;Sí;N/A;Sí;N/A;N/A;N/A;N/A;Sí;No;Sí;Sí;N/A;N/A;Sí;Sí;Sí;Sí;Sí;Sí;N/A;N/A;Sí;N/A;N/A
Toyota;RAV4;"Limited Hibrid";2020;"60300 km";;"VLADIMIR AUTOMOVILES";44990;;;;;Malvin;https://auto.mercadolibre.com.uy/MLU-698769980-toyota-rav4-limited-hibrid-25-2020-vladimir-_JM;N/A;;"Toyota Rav4 Limited Hibrid 2.5 2020  - Vladimir";usd;Sí;gold_premium;false;N/A;N/A;http://perfil.mercadolibre.com.uy/VLADIMIR+AUTOMOVILES;active;N/A;N/A;Usado;Rojo;N/A;Hidráulica;N/A;N/A;Sí;Sí;Sí;N/A;N/A;Sí;Sí;Sí;Sí;Sí;Sí;Sí;N/A;Sí;N/A;N/A;N/A;N/A;N/A;N/A;N/A;N/A;N/A;N/A;N/A;"2500 cc";N/A;6;N/A;N/A;Sí;Sí;Sí;Sí;N/A;N/A;N/A;N/A;N/A;N/A;N/A;N/A;N/A;N/A;N/A;N/A;N/A;N/A;N/A;N/A;N/A;Sí;N/A;Sí;N/A;Sí;N/A;Sí;N/A;N/A;N/A;N/A;N/A;N/A;Sí;N/A;N/A;N/A;N/A;N/A;Sí;N/A;N/A;N/A;N/A;N/A;N/A;N/A;N/A;N/A;N/A;Limited;N/A;N/A;N/A;N/A;N/A;N/A;Sí;Sí;N/A;Sí;Sí;Sí;Sí;Sí;N/A;N/A;N/A;N/A;N/A;Sí;"Lun. a Vie. de 9 a 18:30 hs. Sáb. de 10 a 13 hs";5;2.5;Nafta;Automática;SUV;"Autos y camionetas";No;N/A;N/A;N/A;No;N/A;UY;No;Sí;No;No;N/A;N/A;N/A;N/A;N/A;N/A;N/A;N/A;N/A;N/A;N/A;N/A;N/A;N/A;N/A;N/A;N/A;N/A;N/A;N/A;N/A;N/A;N/A;N/A;N/A;N/A;N/A;N/A;N/A;N/A;N/A;N/A;N/A;N/A;N/A;N/A;N/A;N/A;N/A;N/A;N/A;N/A;N/A;N/A;N/A;N/A;N/A;N/A;N/A;N/A;Sí;No;N/A;N/A;N/A;N/A;N/A;N/A;N/A;N/A;N/A;N/A;N/A;N/A;N/A;N/A;N/A;N/A;N/A;N/A;N/A;N/A;N/A;N/A;N/A;N/A;N/A;N/A;N/A;N/A;N/A;N/A;N/A;N/A;N/A;Sí;Sí;Sí;Sí;Sí;Sí;Sí;N/A;Sí;Sí;Sí;N/A;N/A;N/A;Sí;Sí;Sí;N/A;Sí;Sí;N/A;N/A;N/A;N/A;N/A;Sí
Toyota;Hilux;"SRX 4x4";2025;"0 km";;"VIPERCAR AUTOMOVILES_4";82990;;;;;"Brazo Oriental";https://auto.mercadolibre.com.uy/MLU-645982681-toyota-hilux-srx-4x4-28-2025-0km-_JM;N/A;;"Toyota Hilux Srx 4x4 2.8 2025 0km";USD;Sí;gold_premium;false;N/A;N/A;http://perfil.mercadolibre.com.uy/VIPERCAR+AUTOMOVILES_4;active;N/A;N/A;Nuevo;"Gris oscuro";N/A;Hidráulica;N/A;N/A;Sí;Sí;Sí;N/A;N/A;Sí;Sí;Sí;N/A;N/A;Sí;Sí;N/A;N/A;N/A;N/A;N/A;N/A;N/A;N/A;N/A;N/A;N/A;N/A;N/A;"2800 cc";N/A;6;N/A;N/A;Sí;Sí;N/A;N/A;N/A;N/A;N/A;N/A;N/A;N/A;N/A;N/A;N/A;N/A;N/A;N/A;N/A;N/A;N/A;N/A;N/A;Sí;N/A;Sí;N/A;N/A;N/A;N/A;N/A;N/A;N/A;N/A;N/A;N/A;N/A;N/A;N/A;N/A;N/A;N/A;Sí;N/A;N/A;N/A;N/A;N/A;N/A;N/A;N/A;N/A;"204 hp";Srx;N/A;N/A;N/A;"10 km/l";N/A;N/A;Sí;Sí;Sí;Sí;Sí;N/A;N/A;N/A;"13 km/l";N/A;N/A;N/A;N/A;N/A;"Lun a Vie de 9 a 12:30 y de 13:30 a 19. Sáb de 9 a 13 hs.";4;2.8;Diésel;Automática;Pick-Up;"Autos y camionetas";No;N/A;N/A;N/A;No;N/A;N/A;No;Sí;No;No;N/A;N/A;N/A;N/A;N/A;N/A;N/A;N/A;N/A;N/A;N/A;N/A;N/A;N/A;N/A;N/A;N/A;N/A;N/A;N/A;N/A;N/A;N/A;N/A;Sí;N/A;N/A;N/A;N/A;N/A;N/A;N/A;Sí;N/A;N/A;N/A;N/A;N/A;N/A;N/A;N/A;N/A;Sí;N/A;N/A;N/A;Sí;N/A;N/A;N/A;Sí;No;N/A;N/A;N/A;N/A;N/A;N/A;N/A;N/A;N/A;N/A;N/A;N/A;N/A;N/A;N/A;N/A;N/A;N/A;N/A;N/A;N/A;N/A;N/A;N/A;N/A;N/A;N/A;N/A;N/A;Sí;N/A;N/A;N/A;Sí;N/A;Sí;Sí;Sí;Sí;Sí;N/A;Sí;Sí;N/A;N/A;N/A;N/A;Sí;Sí;Sí;N/A;Sí;N/A;Sí;N/A;N/A;N/A;N/A;Sí
Toyota;"Corolla Cross";SEG;2024;"0 km";;"VIPERCAR AUTOMOVILES_2";44990;;;;;"Brazo Oriental";https://auto.mercadolibre.com.uy/MLU-645863089-toyota-corolla-cross-seg-18-2024-0km-_JM;N/A;;"Toyota Corolla Cross Seg 1.8 2024 0km";usd;Sí;gold_premium;false;N/A;N/A;http://perfil.mercadolibre.com.uy/VIPERCAR+AUTOMOVILES_2;active;N/A;N/A;Nuevo;Blanco;N/A;Eléctrica;N/A;N/A;Sí;Sí;Sí;Sí;N/A;Sí;Sí;Sí;Sí;Sí;Sí;Sí;N/A;N/A;N/A;N/A;N/A;N/A;N/A;N/A;N/A;N/A;N/A;N/A;N/A;"1800 cc";N/A;7;N/A;N/A;Sí;Sí;Sí;N/A;N/A;N/A;N/A;N/A;N/A;N/A;N/A;N/A;N/A;N/A;N/A;N/A;N/A;N/A;N/A;N/A;N/A;Sí;N/A;Sí;N/A;Sí;N/A;N/A;N/A;N/A;N/A;N/A;N/A;N/A;N/A;N/A;N/A;N/A;N/A;N/A;Sí;N/A;N/A;N/A;N/A;N/A;N/A;N/A;N/A;N/A;"122 hp";Seg;N/A;N/A;N/A;"19 km/l";N/A;N/A;Sí;Sí;Sí;Sí;Sí;Sí;Sí;N/A;"22 km/l";N/A;N/A;N/A;N/A;Sí;"Lun a Vie de 9 a 12:30 y de 13:30 a 19. Sáb de 9 a 13 hs.";5;1.8;Híbrido;Automática;SUV;"Autos y camionetas";No;N/A;N/A;N/A;No;N/A;UY;No;Sí;No;No;N/A;N/A;N/A;N/A;N/A;N/A;N/A;N/A;N/A;N/A;N/A;N/A;N/A;Sí;N/A;N/A;N/A;N/A;N/A;N/A;N/A;N/A;N/A;N/A;N/A;N/A;N/A;N/A;N/A;N/A;N/A;N/A;Sí;N/A;N/A;N/A;N/A;N/A;N/A;N/A;N/A;N/A;Sí;N/A;N/A;N/A;Sí;Sí;N/A;N/A;Sí;No;N/A;N/A;N/A;N/A;N/A;N/A;N/A;Sí;N/A;N/A;N/A;N/A;N/A;N/A;N/A;N/A;N/A;N/A;N/A;N/A;N/A;N/A;N/A;N/A;N/A;N/A;N/A;N/A;N/A;Sí;N/A;N/A;N/A;Sí;Sí;Sí;Sí;Sí;Sí;Sí;N/A;Sí;Sí;Sí;Sí;N/A;N/A;Sí;Sí;Sí;N/A;Sí;N/A;Sí;N/A;N/A;N/A;N/A;Sí
Toyota;Agya;-;2024;"0 km";;"VIPERCAR AUTOMOVILES_4";17990;;;;;"Brazo Oriental";https://auto.mercadolibre.com.uy/MLU-645782721-toyota-agya-10-2024-0km-_JM;N/A;;"Toyota Agya 1.0 2024 0km";usd;Sí;gold_premium;false;N/A;N/A;http://perfil.mercadolibre.com.uy/VIPERCAR+AUTOMOVILES_4;active;N/A;N/A;Nuevo;Blanco;N/A;Eléctrica;N/A;Sí;Sí;N/A;N/A;N/A;N/A;Sí;N/A;N/A;N/A;Sí;N/A;Sí;N/A;N/A;N/A;N/A;N/A;N/A;N/A;N/A;N/A;N/A;N/A;N/A;N/A;"1000 cc";N/A;5;N/A;N/A;Sí;Sí;N/A;N/A;N/A;N/A;N/A;N/A;N/A;N/A;N/A;N/A;N/A;N/A;N/A;N/A;N/A;N/A;N/A;N/A;N/A;N/A;N/A;Sí;N/A;N/A;N/A;N/A;N/A;N/A;N/A;N/A;N/A;N/A;N/A;N/A;N/A;N/A;N/A;N/A;N/A;N/A;N/A;N/A;N/A;N/A;N/A;N/A;N/A;N/A;"66 hp";N/A;N/A;N/A;N/A;"17 km/l";N/A;N/A;N/A;Sí;N/A;N/A;Sí;Sí;N/A;N/A;"22 km/l";N/A;N/A;N/A;N/A;Sí;"Lun a Vie de 9 a 12:30 y de 13:30 a 19. Sáb de 9 a 13 hs.";5;1.0;Nafta;Manual;Hatchback;"Autos y camionetas";No;N/A;N/A;N/A;No;N/A;UY;No;Sí;No;No;N/A;N/A;N/A;N/A;N/A;N/A;N/A;N/A;N/A;N/A;N/A;N/A;N/A;N/A;N/A;N/A;N/A;N/A;N/A;N/A;N/A;N/A;N/A;N/A;N/A;N/A;N/A;N/A;N/A;N/A;N/A;N/A;Sí;N/A;N/A;N/A;N/A;N/A;N/A;N/A;N/A;N/A;N/A;N/A;N/A;N/A;N/A;N/A;N/A;N/A;Sí;No;N/A;N/A;N/A;N/A;N/A;N/A;N/A;N/A;N/A;N/A;N/A;N/A;N/A;N/A;N/A;N/A;N/A;N/A;N/A;N/A;N/A;N/A;N/A;N/A;N/A;N/A;N/A;N/A;N/A;Sí;N/A;N/A;N/A;Sí;N/A;Sí;N/A;Sí;N/A;Sí;N/A;N/A;Sí;N/A;N/A;N/A;N/A;N/A;Sí;Sí;N/A;Sí;N/A;Sí;N/A;N/A;N/A;N/A;Sí
Toyota;Hilux;"2.4 Tdi Cd Sr 4X4 At";2021;"112000 km";;JPAUTOMVILES;52900;;;;;Paysandú;https://auto.mercadolibre.com.uy/MLU-697791626-toyota-hilux-2021-24-tdi-cd-sr-4x4-at-_JM;N/A;;"Toyota Hilux 2021 2.4 Tdi Cd Sr 4x4 At";usd;Sí;gold_premium;false;N/A;N/A;http://perfil.mercadolibre.com.uy/JPAUTOMVILES;active;N/A;N/A;Usado;N/A;N/A;N/A;4x4;N/A;N/A;N/A;N/A;N/A;N/A;N/A;N/A;N/A;N/A;N/A;N/A;N/A;N/A;N/A;N/A;N/A;N/A;N/A;N/A;N/A;N/A;N/A;N/A;N/A;"3085 mm";"2.4 L";"80 L";6;N/A;N/A;N/A;N/A;N/A;N/A;N/A;N/A;N/A;N/A;N/A;N/A;N/A;N/A;N/A;N/A;N/A;N/A;N/A;N/A;N/A;N/A;N/A;N/A;N/A;N/A;N/A;N/A;N/A;N/A;N/A;N/A;N/A;N/A;N/A;N/A;N/A;N/A;N/A;N/A;N/A;N/A;N/A;N/A;N/A;"1815 mm";"5325 mm";N/A;N/A;N/A;N/A;5;"150 hp";Sr;N/A;4;"1855 mm";N/A;N/A;N/A;N/A;N/A;N/A;N/A;N/A;N/A;N/A;N/A;N/A;N/A;N/A;N/A;N/A;N/A;N/A;4;2.4;Diésel;Automática;Pick-Up;"Autos y camionetas";N/A;N/A;N/A;N/A;N/A;N/A;UY;N/A;N/A;N/A;N/A;N/A;N/A;N/A;N/A;N/A;N/A;N/A;N/A;N/A;N/A;N/A;N/A;N/A;N/A;N/A;N/A;N/A;N/A;N/A;N/A;N/A;N/A;N/A;N/A;N/A;N/A;N/A;N/A;N/A;N/A;N/A;N/A;N/A;N/A;N/A;N/A;N/A;N/A;N/A;N/A;N/A;N/A;N/A;N/A;N/A;N/A;N/A;N/A;N/A;N/A;N/A;N/A;N/A;N/A;N/A;N/A;N/A;N/A;N/A;N/A;N/A;N/A;N/A;N/A;N/A;N/A;N/A;N/A;N/A;N/A;N/A;N/A;N/A;N/A;N/A;N/A;N/A;N/A;N/A;N/A;N/A;N/A;N/A;N/A;N/A;N/A;N/A;N/A;N/A;N/A;N/A;N/A;N/A;N/A;N/A;N/A;N/A;N/A;N/A;N/A;N/A;N/A;N/A;N/A;N/A;N/A;N/A;N/A;N/A;N/A;N/A
Toyota;Hilux;"SRV 3.0 TDI";2014;"300000 km";;"OLIVA AUTOMOTORES";32500;;;;;Malvin;https://auto.mercadolibre.com.uy/MLU-697425910-toyota-hilux-srv-30-tdi-30-2014-excelente-estado-_JM;N/A;;"Toyota Hilux Srv 3.0 Tdi 3.0 2014 Excelente Estado";usd;Sí;gold_premium;false;N/A;N/A;http://perfil.mercadolibre.com.uy/OLIVA+AUTOMOTORES;active;N/A;N/A;Usado;"Gris oscuro";N/A;Hidráulica;4x2;N/A;N/A;Sí;N/A;N/A;N/A;Sí;N/A;N/A;N/A;N/A;N/A;Sí;N/A;N/A;N/A;N/A;N/A;N/A;N/A;N/A;N/A;N/A;N/A;N/A;N/A;"3000 cc";N/A;5;N/A;N/A;N/A;N/A;N/A;N/A;N/A;N/A;N/A;N/A;N/A;N/A;N/A;N/A;N/A;N/A;N/A;N/A;N/A;N/A;N/A;N/A;N/A;N/A;N/A;N/A;N/A;N/A;N/A;N/A;N/A;N/A;N/A;N/A;N/A;N/A;Sí;N/A;N/A;N/A;N/A;N/A;N/A;N/A;N/A;N/A;N/A;N/A;N/A;N/A;N/A;N/A;N/A;Srv;N/A;N/A;N/A;N/A;N/A;N/A;Sí;N/A;N/A;N/A;N/A;N/A;N/A;N/A;N/A;N/A;N/A;N/A;N/A;N/A;"Lun. a Vie. de 9 a 18.30 hs. Sáb. de 10 a 13 hs.";4;3.0;Diésel;Manual;Pick-Up;"Autos y camionetas";No;N/A;N/A;N/A;No;N/A;UY;No;Sí;No;No;N/A;N/A;N/A;N/A;N/A;N/A;N/A;N/A;N/A;N/A;N/A;N/A;N/A;N/A;N/A;N/A;N/A;N/A;N/A;N/A;N/A;N/A;N/A;N/A;N/A;N/A;N/A;N/A;N/A;N/A;N/A;N/A;N/A;N/A;N/A;N/A;N/A;N/A;N/A;N/A;N/A;N/A;N/A;N/A;N/A;N/A;N/A;N/A;N/A;N/A;N/A;No;N/A;N/A;N/A;N/A;N/A;N/A;N/A;N/A;N/A;N/A;N/A;N/A;N/A;N/A;N/A;N/A;N/A;N/A;N/A;N/A;N/A;N/A;N/A;N/A;N/A;N/A;N/A;N/A;N/A;N/A;N/A;N/A;N/A;Sí;N/A;Sí;N/A;Sí;N/A;N/A;N/A;N/A;Sí;N/A;N/A;N/A;Sí;N/A;N/A;N/A;N/A;N/A;N/A;N/A;N/A;N/A;N/A;N/A;N/A
Toyota;Hilux;"2.8 tdi gr";2024;"20000 km";;LATORREWILSON40;80900;;;;;Trinidad;https://auto.mercadolibre.com.uy/MLU-701772566-hilux-gr-sport-2024-28-_JM;N/A;;"Hilux Gr Sport 2024 2.8";USD;Sí;gold_premium;false;N/A;N/A;http://perfil.mercadolibre.com.uy/LATORREWILSON40;active;N/A;N/A;Usado;Gris;Sí;Hidráulica;4x4;Sí;Sí;N/A;N/A;N/A;Sí;N/A;N/A;Sí;N/A;N/A;Sí;Sí;N/A;No;N/A;N/A;N/A;N/A;N/A;N/A;N/A;N/A;N/A;N/A;N/A;N/A;N/A;N/A;N/A;N/A;N/A;N/A;N/A;Sí;N/A;N/A;N/A;N/A;N/A;N/A;N/A;N/A;N/A;N/A;N/A;N/A;N/A;N/A;N/A;N/A;N/A;N/A;N/A;N/A;N/A;N/A;N/A;No;N/A;N/A;N/A;N/A;N/A;N/A;N/A;N/A;N/A;N/A;N/A;N/A;N/A;N/A;N/A;N/A;N/A;N/A;N/A;N/A;N/A;N/A;N/A;N/A;N/A;N/A;N/A;N/A;No;N/A;Sí;Sí;N/A;Sí;Sí;N/A;No;N/A;N/A;No;Sí;N/A;N/A;Sí;N/A;4;2.8;Diésel;N/A;Pick-Up;"Autos y camionetas";N/A;N/A;N/A;N/A;N/A;N/A;N/A;N/A;N/A;N/A;N/A;N/A;N/A;N/A;N/A;N/A;N/A;N/A;N/A;N/A;N/A;N/A;N/A;N/A;Sí;N/A;N/A;N/A;N/A;N/A;N/A;N/A;N/A;N/A;N/A;N/A;N/A;N/A;N/A;N/A;N/A;N/A;N/A;N/A;N/A;N/A;N/A;N/A;N/A;N/A;N/A;N/A;N/A;N/A;N/A;N/A;N/A;N/A;N/A;N/A;N/A;N/A;N/A;N/A;N/A;N/A;N/A;N/A;N/A;N/A;N/A;N/A;N/A;N/A;N/A;N/A;N/A;N/A;N/A;N/A;N/A;N/A;N/A;N/A;N/A;N/A;N/A;N/A;N/A;N/A;N/A;N/A;N/A;N/A;N/A;Sí;Sí;Sí;Sí;N/A;Sí;N/A;N/A;N/A;N/A;Sí;Sí;Sí;Sí;N/A;N/A;Sí;Sí;Sí;Sí;Sí;Sí;N/A;N/A;Sí;N/A;Sí
Toyota;Hilux;"2.8 Hilux gr";2023;"76000 km";;LATORREWILSON40;71900;;;;;Trinidad;https://auto.mercadolibre.com.uy/MLU-701373480-toyota-hilux-gr-sport-28-diesel-automatica-_JM;N/A;;"Toyota Hilux Gr Sport 2.8 Diesel Automática";USD;Sí;gold_premium;false;N/A;N/A;http://perfil.mercadolibre.com.uy/LATORREWILSON40;active;N/A;N/A;Usado;Blanco;Sí;Hidráulica;4x4;N/A;N/A;N/A;N/A;N/A;Sí;N/A;N/A;N/A;N/A;N/A;Sí;N/A;N/A;N/A;N/A;N/A;N/A;N/A;N/A;N/A;N/A;N/A;N/A;N/A;N/A;N/A;N/A;N/A;N/A;N/A;N/A;N/A;N/A;N/A;N/A;N/A;N/A;N/A;N/A;N/A;N/A;N/A;N/A;N/A;N/A;N/A;N/A;N/A;N/A;N/A;N/A;N/A;N/A;N/A;N/A;N/A;N/A;N/A;N/A;N/A;N/A;N/A;N/A;N/A;N/A;N/A;N/A;N/A;N/A;N/A;N/A;N/A;N/A;N/A;N/A;N/A;N/A;N/A;N/A;N/A;N/A;N/A;N/A;N/A;N/A;N/A;No;N/A;N/A;N/A;N/A;Sí;Sí;N/A;N/A;N/A;N/A;No;N/A;N/A;N/A;N/A;N/A;4;2.8;Diésel;Automática;Pick-Up;"Autos y camionetas";N/A;N/A;N/A;N/A;N/A;N/A;N/A;N/A;N/A;N/A;N/A;N/A;N/A;N/A;N/A;N/A;N/A;N/A;N/A;N/A;N/A;N/A;N/A;N/A;N/A;N/A;N/A;N/A;N/A;N/A;N/A;N/A;N/A;N/A;N/A;N/A;N/A;N/A;N/A;N/A;N/A;N/A;N/A;N/A;N/A;N/A;N/A;N/A;N/A;N/A;N/A;N/A;N/A;N/A;N/A;N/A;N/A;N/A;N/A;N/A;N/A;N/A;N/A;N/A;N/A;N/A;N/A;N/A;N/A;N/A;N/A;N/A;N/A;N/A;N/A;N/A;N/A;N/A;N/A;N/A;N/A;N/A;N/A;N/A;N/A;N/A;N/A;N/A;N/A;N/A;N/A;N/A;N/A;N/A;N/A;N/A;Sí;Sí;N/A;N/A;Sí;N/A;N/A;N/A;N/A;Sí;Sí;Sí;N/A;N/A;N/A;N/A;N/A;N/A;N/A;N/A;N/A;N/A;N/A;N/A;N/A;N/A
Toyota;Hilux;"2.5 Cs Dx Tdi 120cv 4x2";2011;"200000 km";;MATHIASALTEZSANCHEZ;27990;;;;;Rocha;https://auto.mercadolibre.com.uy/MLU-646655439-toyota-hilux-25-cs-dx-tdi-120cv-4x2-_JM;N/A;;"Toyota Hilux 2.5 Cs Dx Tdi 120cv 4x2";usd;Sí;gold_premium;false;N/A;N/A;http://perfil.mercadolibre.com.uy/MATHIASALTEZSANCHEZ;active;N/A;N/A;Usado;Negro;No;Hidráulica;4x2;Sí;N/A;N/A;N/A;N/A;N/A;N/A;N/A;N/A;N/A;N/A;N/A;N/A;N/A;N/A;N/A;N/A;N/A;N/A;N/A;N/A;N/A;N/A;N/A;N/A;"2860 mm";"2.5 L";"80 L";5;N/A;N/A;N/A;N/A;N/A;N/A;N/A;N/A;N/A;N/A;N/A;N/A;N/A;N/A;N/A;N/A;N/A;N/A;N/A;N/A;N/A;N/A;N/A;N/A;N/A;N/A;N/A;N/A;N/A;N/A;N/A;N/A;N/A;N/A;N/A;N/A;N/A;N/A;N/A;N/A;N/A;N/A;N/A;N/A;N/A;"1795 mm";"5260 mm";N/A;N/A;N/A;N/A;3;"120 hp";Dx;N/A;4;"1855 mm";N/A;N/A;N/A;N/A;N/A;N/A;Sí;N/A;N/A;N/A;N/A;N/A;N/A;N/A;N/A;N/A;N/A;"8 a 21";4;2.5;Diésel;Manual;Pick-Up;"Autos y camionetas";N/A;N/A;N/A;N/A;N/A;N/A;UY;N/A;N/A;N/A;N/A;N/A;N/A;N/A;N/A;N/A;N/A;N/A;N/A;N/A;N/A;N/A;N/A;N/A;N/A;N/A;N/A;N/A;N/A;N/A;N/A;N/A;N/A;N/A;N/A;N/A;N/A;N/A;N/A;N/A;N/A;N/A;N/A;N/A;N/A;N/A;N/A;N/A;N/A;N/A;N/A;N/A;N/A;N/A;N/A;N/A;N/A;N/A;N/A;N/A;N/A;N/A;N/A;N/A;N/A;N/A;N/A;N/A;N/A;N/A;N/A;N/A;N/A;N/A;N/A;N/A;N/A;N/A;N/A;N/A;N/A;N/A;N/A;N/A;N/A;N/A;N/A;N/A;N/A;N/A;N/A;N/A;N/A;N/A;N/A;N/A;N/A;N/A;N/A;N/A;N/A;N/A;N/A;N/A;N/A;N/A;N/A;N/A;N/A;N/A;N/A;N/A;N/A;N/A;Sí;N/A;N/A;N/A;N/A;N/A;N/A;N/A
Toyota;Hilux;-;2010;"210245 km";;"AUTOMOTORA BARRIOLA";18500;;;;;"Las Piedras";https://auto.mercadolibre.com.uy/MLU-696667786-toyota-hilux-27-2010-excelente-estado-barriola-_JM;N/A;;"Toyota Hilux 2.7 2010 Excelente Estado! - Barriola";USD;Sí;gold_premium;false;N/A;N/A;http://perfil.mercadolibre.com.uy/AUTOMOTORA+BARRIOLA;active;N/A;N/A;Usado;Negro;N/A;Hidráulica;N/A;Sí;N/A;Sí;N/A;N/A;N/A;N/A;N/A;N/A;N/A;N/A;N/A;Sí;N/A;N/A;N/A;N/A;N/A;N/A;N/A;N/A;N/A;N/A;N/A;N/A;N/A;"2700 cc";N/A;5;N/A;N/A;N/A;N/A;N/A;Sí;N/A;N/A;N/A;N/A;N/A;N/A;N/A;N/A;N/A;N/A;N/A;N/A;N/A;N/A;N/A;N/A;N/A;N/A;N/A;N/A;N/A;N/A;N/A;N/A;N/A;N/A;N/A;N/A;N/A;N/A;N/A;N/A;N/A;N/A;N/A;N/A;N/A;N/A;N/A;N/A;N/A;N/A;N/A;N/A;N/A;N/A;N/A;N/A;N/A;N/A;N/A;N/A;N/A;N/A;N/A;N/A;N/A;N/A;N/A;N/A;N/A;N/A;N/A;N/A;N/A;N/A;N/A;N/A;"Lun. a Vie. de 9 a 19 hs. Sáb. de 9:30 a 13 hs.";5;2.7;Nafta;Manual;Pick-Up;"Autos y camionetas";No;N/A;N/A;N/A;No;N/A;N/A;No;Sí;No;No;N/A;N/A;N/A;N/A;N/A;N/A;N/A;N/A;N/A;N/A;N/A;N/A;N/A;N/A;N/A;N/A;N/A;N/A;N/A;N/A;N/A;N/A;N/A;N/A;N/A;N/A;N/A;N/A;N/A;N/A;N/A;N/A;N/A;N/A;N/A;N/A;N/A;N/A;N/A;N/A;N/A;N/A;N/A;N/A;N/A;N/A;N/A;N/A;N/A;N/A;N/A;No;N/A;N/A;N/A;N/A;N/A;N/A;N/A;N/A;N/A;N/A;N/A;N/A;N/A;N/A;N/A;N/A;N/A;N/A;N/A;N/A;N/A;N/A;N/A;N/A;N/A;N/A;N/A;N/A;N/A;N/A;N/A;N/A;N/A;Sí;Sí;N/A;N/A;Sí;N/A;N/A;N/A;N/A;Sí;N/A;N/A;N/A;N/A;N/A;N/A;N/A;N/A;Sí;Sí;Sí;N/A;N/A;N/A;N/A;Sí
Toyota;Hilux;"3.0 Cd Srv Cuero Tdi 171cv 4x4 5at";2012;"300000 km";;LATORREWILSON40;36900;;;;;Trinidad;https://auto.mercadolibre.com.uy/MLU-699702030-toyota-hilux-30-cd-srv-cuero-tdi-171cv-4x4-5at-_JM;N/A;;"Toyota Hilux 3.0 Cd Srv Cuero Tdi 171cv 4x4 5at";usd;Sí;gold_premium;false;N/A;N/A;http://perfil.mercadolibre.com.uy/LATORREWILSON40;active;N/A;N/A;Usado;Negro;N/A;Hidráulica;4x4;Sí;N/A;Sí;N/A;N/A;N/A;N/A;N/A;N/A;N/A;N/A;N/A;N/A;N/A;N/A;N/A;N/A;N/A;N/A;N/A;N/A;N/A;N/A;N/A;N/A;"2860 mm";"3 L";"80 L";5;N/A;N/A;N/A;N/A;N/A;N/A;N/A;N/A;N/A;N/A;N/A;N/A;N/A;N/A;N/A;N/A;N/A;N/A;N/A;N/A;N/A;N/A;N/A;N/A;N/A;N/A;N/A;N/A;N/A;N/A;N/A;N/A;N/A;N/A;N/A;N/A;N/A;N/A;N/A;N/A;N/A;N/A;N/A;N/A;N/A;"1860 mm";"5260 mm";N/A;N/A;N/A;N/A;5;"171 hp";"Srv Cuero";N/A;4;"1855 mm";N/A;Sí;N/A;N/A;N/A;N/A;N/A;Sí;N/A;N/A;N/A;N/A;N/A;N/A;N/A;N/A;N/A;N/A;4;3.0;Diésel;Automática;Pick-Up;"Autos y camionetas";N/A;N/A;N/A;N/A;N/A;N/A;UY;N/A;N/A;N/A;N/A;N/A;N/A;N/A;N/A;N/A;N/A;N/A;N/A;N/A;N/A;N/A;N/A;N/A;N/A;N/A;N/A;N/A;N/A;N/A;N/A;N/A;N/A;N/A;N/A;N/A;N/A;N/A;N/A;N/A;N/A;N/A;N/A;N/A;N/A;N/A;N/A;N/A;N/A;N/A;N/A;N/A;N/A;N/A;N/A;N/A;N/A;N/A;N/A;N/A;N/A;N/A;N/A;N/A;N/A;N/A;N/A;N/A;N/A;N/A;N/A;N/A;N/A;N/A;N/A;N/A;N/A;N/A;N/A;N/A;N/A;N/A;N/A;N/A;N/A;N/A;N/A;N/A;N/A;N/A;N/A;N/A;N/A;N/A;N/A;N/A;N/A;N/A;N/A;N/A;N/A;N/A;N/A;N/A;N/A;N/A;N/A;N/A;N/A;N/A;N/A;N/A;Sí;N/A;Sí;N/A;N/A;N/A;N/A;Sí;N/A;N/A
Toyota;Corolla;"Hybrid Seg";2020;"90000 km";;VADONEJUAN20230115132740;29900;;;;;"Santa Lucía";https://auto.mercadolibre.com.uy/MLU-698489532-toyota-corolla-hybrid-seg-_JM;N/A;;"Toyota Corolla Hybrid Seg";USD;Sí;gold_premium;false;N/A;N/A;http://perfil.mercadolibre.com.uy/VADONEJUAN20230115132740;active;N/A;N/A;Usado;Gris;N/A;N/A;Delantera;Sí;Sí;N/A;N/A;N/A;Sí;N/A;N/A;Sí;N/A;N/A;Sí;Sí;N/A;Sí;N/A;N/A;N/A;N/A;N/A;N/A;N/A;N/A;N/A;N/A;N/A;N/A;N/A;N/A;N/A;N/A;N/A;N/A;N/A;N/A;N/A;N/A;N/A;N/A;N/A;N/A;N/A;N/A;N/A;N/A;N/A;N/A;N/A;N/A;N/A;N/A;N/A;N/A;N/A;N/A;N/A;N/A;N/A;N/A;N/A;N/A;N/A;N/A;N/A;N/A;N/A;N/A;N/A;N/A;N/A;N/A;N/A;N/A;N/A;N/A;N/A;N/A;N/A;N/A;N/A;N/A;N/A;N/A;N/A;N/A;N/A;N/A;N/A;N/A;Sí;Sí;N/A;Sí;Sí;N/A;N/A;N/A;N/A;Sí;N/A;N/A;N/A;N/A;N/A;4;1.8;Híbrido;Automática;Sedán;"Autos y camionetas";N/A;N/A;N/A;N/A;N/A;N/A;N/A;N/A;N/A;N/A;N/A;N/A;N/A;N/A;N/A;N/A;N/A;N/A;N/A;N/A;N/A;N/A;N/A;N/A;Sí;N/A;N/A;N/A;N/A;N/A;N/A;N/A;N/A;N/A;N/A;N/A;N/A;N/A;N/A;N/A;N/A;N/A;N/A;N/A;N/A;N/A;N/A;N/A;N/A;N/A;N/A;N/A;N/A;N/A;N/A;N/A;N/A;N/A;N/A;N/A;N/A;N/A;N/A;N/A;N/A;N/A;N/A;N/A;N/A;N/A;N/A;N/A;N/A;N/A;N/A;N/A;N/A;N/A;N/A;N/A;N/A;N/A;N/A;N/A;N/A;N/A;N/A;N/A;N/A;N/A;N/A;N/A;N/A;N/A;N/A;N/A;Sí;N/A;N/A;N/A;Sí;N/A;N/A;N/A;N/A;Sí;Sí;Sí;Sí;N/A;N/A;Sí;Sí;Sí;N/A;N/A;N/A;N/A;N/A;N/A;N/A;N/A
Toyota;Hilux;"2.4 D.cab. T.dsl Sr 4x4";2020;"140000 km";;LATORREWILSON40;43900;;;;;Trinidad;https://auto.mercadolibre.com.uy/MLU-698374826-toyota-hilux-24-dcab-tdsl-sr-4x4-_JM;N/A;;"Toyota Hilux 2.4 D.cab. T.dsl Sr 4x4";usd;Sí;gold_premium;false;N/A;N/A;http://perfil.mercadolibre.com.uy/LATORREWILSON40;active;N/A;N/A;Usado;Plateado;Sí;Hidráulica;4x4;Sí;Sí;Sí;N/A;N/A;Sí;N/A;N/A;N/A;N/A;N/A;Sí;Sí;N/A;No;N/A;N/A;N/A;N/A;N/A;N/A;N/A;N/A;N/A;N/A;"2860 mm";"2.4 L";"80 L";5;N/A;N/A;N/A;N/A;N/A;Sí;N/A;N/A;N/A;Sí;N/A;N/A;N/A;N/A;N/A;N/A;N/A;N/A;N/A;N/A;N/A;N/A;N/A;N/A;N/A;N/A;N/A;N/A;N/A;No;N/A;N/A;N/A;N/A;N/A;N/A;N/A;N/A;N/A;N/A;N/A;N/A;N/A;N/A;N/A;"1850 mm";"5260 mm";N/A;N/A;N/A;N/A;5;"150 hp";Sr;N/A;4;"1855 mm";"8.2 km/l";N/A;N/A;Sí;Sí;N/A;Sí;Sí;N/A;No;N/A;"6.3 km/l";No;Sí;N/A;N/A;Sí;N/A;4;2.4;Diésel;Manual;Pick-Up;"Autos y camionetas";N/A;N/A;N/A;N/A;N/A;N/A;UY;N/A;N/A;N/A;N/A;N/A;N/A;N/A;N/A;N/A;N/A;N/A;N/A;N/A;N/A;N/A;N/A;N/A;Sí;N/A;N/A;N/A;N/A;N/A;N/A;N/A;N/A;N/A;N/A;N/A;N/A;N/A;N/A;N/A;N/A;N/A;N/A;N/A;N/A;N/A;N/A;N/A;N/A;N/A;N/A;N/A;N/A;N/A;N/A;N/A;N/A;N/A;N/A;N/A;N/A;N/A;N/A;N/A;N/A;N/A;N/A;N/A;N/A;N/A;N/A;N/A;N/A;N/A;N/A;N/A;N/A;N/A;N/A;N/A;N/A;N/A;N/A;N/A;N/A;N/A;N/A;N/A;N/A;N/A;N/A;N/A;N/A;N/A;N/A;Sí;Sí;Sí;Sí;N/A;Sí;N/A;N/A;N/A;N/A;Sí;No;Sí;Sí;N/A;N/A;Sí;Sí;Sí;Sí;Sí;Sí;No;Sí;Sí;N/A;Sí
Toyota;"Corolla Cross";Hibrid;2023;"40000 km";;"VIPERCAR AUTOMOVILES_1";37990;;;;;Aguada;https://auto.mercadolibre.com.uy/MLU-690732442-toyota-corolla-cross-hibrid-18-2023-impecable-_JM;N/A;;"Toyota Corolla Cross Hibrid 1.8 2023 Impecable!";USD;Sí;gold_premium;false;N/A;N/A;http://perfil.mercadolibre.com.uy/VIPERCAR+AUTOMOVILES_1;active;N/A;N/A;Usado;Plateado;Sí;Eléctrica;N/A;Sí;Sí;Sí;Sí;N/A;N/A;N/A;Sí;Sí;N/A;N/A;Sí;Sí;N/A;Sí;N/A;N/A;N/A;N/A;N/A;N/A;N/A;N/A;N/A;N/A;N/A;"1800 cc";N/A;10;N/A;N/A;Sí;Sí;N/A;N/A;N/A;N/A;N/A;N/A;N/A;N/A;N/A;N/A;N/A;N/A;N/A;N/A;N/A;N/A;N/A;N/A;N/A;Sí;N/A;Sí;N/A;Sí;N/A;N/A;N/A;N/A;N/A;N/A;N/A;N/A;Sí;N/A;N/A;N/A;N/A;N/A;Sí;N/A;N/A;N/A;N/A;N/A;N/A;N/A;N/A;N/A;N/A;N/A;N/A;N/A;N/A;N/A;N/A;N/A;N/A;N/A;Sí;N/A;Sí;Sí;Sí;N/A;N/A;N/A;N/A;N/A;N/A;Sí;"Lun a Vie de 9 a 12:30 y de 13:30 a 19. Sáb de 9 a 13 hs.";5;1.8;Híbrido;Automática;SUV;"Autos y camionetas";No;N/A;N/A;N/A;No;N/A;N/A;No;Sí;No;No;N/A;N/A;N/A;N/A;N/A;N/A;N/A;N/A;N/A;N/A;N/A;N/A;N/A;Sí;N/A;N/A;N/A;N/A;N/A;N/A;N/A;N/A;N/A;N/A;N/A;N/A;N/A;N/A;N/A;N/A;N/A;N/A;N/A;N/A;N/A;N/A;N/A;N/A;N/A;N/A;N/A;N/A;N/A;N/A;N/A;N/A;N/A;N/A;N/A;N/A;Sí;No;N/A;N/A;N/A;N/A;N/A;N/A;N/A;N/A;N/A;N/A;N/A;N/A;N/A;N/A;N/A;N/A;N/A;N/A;N/A;N/A;N/A;N/A;N/A;N/A;N/A;N/A;N/A;N/A;N/A;Sí;N/A;N/A;N/A;Sí;N/A;Sí;Sí;Sí;N/A;Sí;N/A;Sí;Sí;N/A;N/A;N/A;N/A;Sí;N/A;N/A;N/A;Sí;N/A;Sí;N/A;N/A;N/A;N/A;N/A
Toyota;RAV4;"HYBRID LIMITED PLUS";2024;"0 km";;CASARIEGOAUTOMOVILES;67990;;;;;Melo;https://auto.mercadolibre.com.uy/MLU-689642796-toyota-rav4-hybrid-limited-plus-25-2024-0km-_JM;N/A;;"Toyota Rav4 Hybrid Limited Plus 2.5 2024 0km";usd;Sí;gold_premium;false;N/A;N/A;http://perfil.mercadolibre.com.uy/CASARIEGOAUTOMOVILES;active;N/A;N/A;Nuevo;"Gris oscuro";N/A;Eléctrica;N/A;N/A;Sí;Sí;Sí;Sí;N/A;Sí;Sí;Sí;Sí;Sí;Sí;Sí;N/A;Sí;N/A;N/A;N/A;N/A;N/A;N/A;N/A;N/A;N/A;N/A;N/A;"2500 cc";N/A;6;N/A;N/A;Sí;Sí;Sí;N/A;Sí;N/A;N/A;N/A;N/A;N/A;N/A;N/A;N/A;N/A;N/A;N/A;N/A;N/A;N/A;Sí;N/A;Sí;N/A;Sí;N/A;Sí;N/A;Sí;N/A;N/A;N/A;N/A;N/A;N/A;Sí;N/A;N/A;N/A;N/A;N/A;Sí;N/A;N/A;N/A;N/A;N/A;N/A;N/A;N/A;N/A;"222 hp";N/A;N/A;N/A;N/A;"25 km/l";N/A;N/A;Sí;Sí;Sí;Sí;Sí;Sí;Sí;N/A;"18 km/l";N/A;N/A;N/A;N/A;Sí;"Lun. a Vie. de 8:30 a 20 hs. Sáb. de 8:30 a 12 hs.";5;2.5;Híbrido;Automática;SUV;"Autos y camionetas";No;N/A;N/A;N/A;No;N/A;UY;No;Sí;No;No;N/A;N/A;N/A;N/A;N/A;N/A;N/A;N/A;N/A;N/A;N/A;N/A;N/A;N/A;N/A;N/A;N/A;N/A;N/A;N/A;N/A;N/A;N/A;N/A;N/A;N/A;N/A;N/A;N/A;N/A;N/A;N/A;Sí;N/A;N/A;N/A;N/A;N/A;N/A;N/A;N/A;N/A;N/A;N/A;N/A;N/A;N/A;N/A;N/A;N/A;Sí;No;N/A;N/A;N/A;N/A;N/A;N/A;N/A;N/A;N/A;N/A;N/A;N/A;N/A;N/A;N/A;N/A;N/A;N/A;N/A;N/A;N/A;N/A;N/A;N/A;N/A;N/A;N/A;N/A;N/A;N/A;N/A;N/A;N/A;Sí;Sí;Sí;Sí;Sí;Sí;Sí;N/A;Sí;Sí;Sí;Sí;N/A;N/A;Sí;Sí;Sí;N/A;Sí;Sí;Sí;Sí;Sí;Sí;N/A;Sí
Toyota;"Corolla Cross";SEG;2024;"0 km";;"VIPERCAR AUTOMOVILES_2";44990;;;;;"Brazo Oriental";https://auto.mercadolibre.com.uy/MLU-640148065-toyota-corolla-cross-seg-18-2024-0km-_JM;N/A;;"Toyota Corolla Cross Seg 1.8 2024 0km";usd;Sí;gold_premium;false;N/A;N/A;http://perfil.mercadolibre.com.uy/VIPERCAR+AUTOMOVILES_2;active;N/A;N/A;Nuevo;Plateado;N/A;Eléctrica;N/A;N/A;Sí;Sí;Sí;Sí;N/A;Sí;Sí;Sí;Sí;Sí;Sí;Sí;N/A;N/A;N/A;N/A;N/A;N/A;N/A;N/A;N/A;N/A;N/A;N/A;N/A;"1800 cc";N/A;7;N/A;N/A;Sí;Sí;Sí;N/A;N/A;N/A;N/A;N/A;N/A;N/A;N/A;N/A;N/A;N/A;N/A;N/A;N/A;N/A;N/A;N/A;N/A;Sí;N/A;Sí;N/A;Sí;N/A;N/A;N/A;N/A;N/A;N/A;N/A;N/A;N/A;N/A;N/A;N/A;N/A;N/A;Sí;N/A;N/A;N/A;N/A;N/A;N/A;N/A;N/A;N/A;"122 hp";Seg;N/A;N/A;N/A;N/A;N/A;N/A;Sí;Sí;Sí;Sí;Sí;Sí;Sí;N/A;N/A;N/A;N/A;N/A;N/A;Sí;"Lun a Vie de 9 a 12:30 y de 13:30 a 19. Sáb de 9 a 13 hs.";5;1.8;Híbrido;Automática;SUV;"Autos y camionetas";No;N/A;N/A;N/A;No;N/A;UY;No;Sí;No;No;N/A;N/A;N/A;N/A;N/A;N/A;N/A;N/A;N/A;N/A;N/A;N/A;N/A;Sí;N/A;N/A;N/A;N/A;N/A;N/A;N/A;N/A;N/A;N/A;N/A;N/A;N/A;N/A;N/A;N/A;N/A;N/A;Sí;N/A;N/A;N/A;N/A;N/A;N/A;N/A;N/A;N/A;Sí;N/A;N/A;N/A;N/A;N/A;N/A;N/A;Sí;No;N/A;N/A;N/A;N/A;N/A;N/A;N/A;Sí;N/A;N/A;N/A;N/A;N/A;N/A;N/A;N/A;N/A;N/A;N/A;N/A;N/A;N/A;N/A;N/A;N/A;N/A;N/A;N/A;N/A;Sí;N/A;N/A;N/A;Sí;Sí;Sí;Sí;Sí;Sí;Sí;N/A;Sí;Sí;N/A;Sí;N/A;N/A;Sí;Sí;Sí;N/A;Sí;N/A;Sí;N/A;N/A;N/A;N/A;Sí
Toyota;Hilux;"SRV 4X4 NAFTA";2024;"0 km";;"VIPERCAR AUTOMOVILES_1";46990;;;;;Aguada;https://auto.mercadolibre.com.uy/MLU-692496262-toyota-hilux-srv-4x4-nafta-27-2024-0km-_JM;N/A;;"Toyota Hilux Srv 4x4 Nafta 2.7 2024 0km";usd;Sí;gold_premium;false;N/A;N/A;http://perfil.mercadolibre.com.uy/VIPERCAR+AUTOMOVILES_1;active;N/A;N/A;Nuevo;N/A;N/A;Hidráulica;N/A;Sí;Sí;Sí;Sí;Sí;N/A;Sí;Sí;Sí;Sí;Sí;Sí;Sí;N/A;N/A;N/A;N/A;N/A;N/A;N/A;N/A;N/A;N/A;N/A;N/A;N/A;"2700 cc";N/A;5;N/A;N/A;Sí;Sí;Sí;Sí;Sí;N/A;N/A;N/A;N/A;N/A;N/A;N/A;N/A;N/A;N/A;N/A;N/A;N/A;N/A;N/A;N/A;Sí;N/A;Sí;N/A;N/A;N/A;N/A;N/A;N/A;N/A;N/A;N/A;N/A;N/A;N/A;N/A;N/A;N/A;N/A;Sí;N/A;N/A;N/A;N/A;N/A;N/A;N/A;N/A;N/A;"169 hp";Srv;N/A;N/A;N/A;N/A;N/A;N/A;Sí;Sí;Sí;Sí;Sí;N/A;N/A;N/A;N/A;N/A;N/A;N/A;N/A;N/A;"Lun a Vie de 9 a 12:30 y de 13:30 a 19. Sáb de 9 a 13 hs.";4;2.7;Nafta;Manual;Pick-Up;"Autos y camionetas";No;N/A;N/A;N/A;No;N/A;UY;No;Sí;No;No;N/A;N/A;N/A;N/A;N/A;N/A;N/A;N/A;N/A;N/A;N/A;N/A;N/A;N/A;N/A;N/A;N/A;N/A;N/A;N/A;N/A;N/A;N/A;N/A;N/A;N/A;N/A;N/A;N/A;N/A;N/A;N/A;Sí;N/A;N/A;N/A;N/A;N/A;N/A;N/A;N/A;N/A;N/A;N/A;N/A;N/A;N/A;N/A;N/A;N/A;Sí;No;N/A;N/A;N/A;N/A;N/A;N/A;N/A;N/A;N/A;N/A;N/A;N/A;N/A;N/A;N/A;N/A;N/A;N/A;N/A;N/A;N/A;N/A;N/A;N/A;N/A;N/A;N/A;N/A;N/A;N/A;N/A;N/A;N/A;Sí;N/A;Sí;Sí;Sí;Sí;Sí;N/A;Sí;Sí;N/A;N/A;N/A;N/A;Sí;Sí;Sí;N/A;Sí;Sí;Sí;Sí;N/A;Sí;N/A;Sí
Toyota;Hilux;"SRV ATM PLUS 4X4 DIESEL TSS";2024;"0 km";;"VIPERCAR AUTOMOVILES_1";79490;;;;;Aguada;https://auto.mercadolibre.com.uy/MLU-692509310-toyota-hilux-srv-atm-plus-4x4-diesel-tss-28-2024-0km-_JM;N/A;;"Toyota Hilux Srv Atm Plus 4x4 Diesel Tss 2.8 2024 0km";usd;Sí;gold_premium;false;N/A;N/A;http://perfil.mercadolibre.com.uy/VIPERCAR+AUTOMOVILES_1;active;N/A;N/A;Nuevo;N/A;N/A;Hidráulica;N/A;Sí;Sí;Sí;Sí;Sí;N/A;Sí;Sí;Sí;Sí;Sí;Sí;Sí;N/A;N/A;N/A;N/A;N/A;N/A;N/A;N/A;N/A;N/A;N/A;N/A;N/A;"2800 cc";N/A;6;N/A;N/A;Sí;Sí;Sí;Sí;Sí;N/A;N/A;N/A;N/A;N/A;N/A;N/A;N/A;N/A;N/A;N/A;N/A;N/A;N/A;N/A;N/A;Sí;N/A;Sí;N/A;Sí;N/A;N/A;N/A;N/A;N/A;N/A;N/A;N/A;Sí;N/A;N/A;N/A;N/A;N/A;Sí;N/A;N/A;N/A;N/A;N/A;N/A;N/A;N/A;N/A;"204 hp";Srv;N/A;N/A;N/A;N/A;N/A;N/A;Sí;Sí;Sí;Sí;Sí;Sí;N/A;N/A;N/A;N/A;N/A;N/A;N/A;N/A;"Lun a Vie de 9 a 12:30 y de 13:30 a 19. Sáb de 9 a 13 hs.";4;2.8;Diésel;"Automática secuencial";Pick-Up;"Autos y camionetas";No;N/A;N/A;N/A;No;N/A;UY;No;Sí;No;No;N/A;N/A;N/A;N/A;N/A;N/A;N/A;N/A;N/A;N/A;N/A;N/A;N/A;Sí;N/A;N/A;N/A;N/A;N/A;N/A;N/A;N/A;N/A;N/A;Sí;N/A;N/A;N/A;N/A;N/A;N/A;N/A;Sí;N/A;N/A;N/A;N/A;N/A;N/A;N/A;N/A;N/A;N/A;N/A;N/A;N/A;Sí;Sí;N/A;N/A;Sí;No;Sí;N/A;N/A;N/A;N/A;N/A;N/A;N/A;N/A;N/A;N/A;N/A;N/A;N/A;N/A;N/A;N/A;N/A;N/A;N/A;N/A;N/A;N/A;N/A;N/A;N/A;N/A;N/A;N/A;N/A;N/A;N/A;N/A;Sí;Sí;Sí;Sí;Sí;Sí;Sí;N/A;Sí;Sí;Sí;Sí;N/A;N/A;Sí;Sí;Sí;N/A;Sí;Sí;Sí;N/A;N/A;Sí;N/A;Sí
Toyota;Hilux;Srv;2024;"0 km";;"VIPERCAR AUTOMOVILES_1";41990;;;;;Aguada;https://auto.mercadolibre.com.uy/MLU-692574252-toyota-hilux-srv-27-2024-0km-_JM;N/A;;"Toyota Hilux Srv 2.7 2024 0km";USD;Sí;gold_premium;false;N/A;N/A;http://perfil.mercadolibre.com.uy/VIPERCAR+AUTOMOVILES_1;active;N/A;N/A;Nuevo;N/A;N/A;Hidráulica;N/A;Sí;Sí;Sí;Sí;Sí;N/A;Sí;Sí;N/A;Sí;Sí;Sí;Sí;N/A;N/A;N/A;N/A;N/A;N/A;N/A;N/A;N/A;N/A;N/A;N/A;N/A;"2700 cc";N/A;5;N/A;N/A;Sí;Sí;Sí;Sí;Sí;N/A;N/A;N/A;N/A;N/A;N/A;N/A;N/A;N/A;N/A;N/A;N/A;N/A;N/A;N/A;N/A;Sí;N/A;Sí;N/A;N/A;N/A;N/A;N/A;N/A;N/A;N/A;N/A;N/A;N/A;N/A;N/A;N/A;N/A;N/A;Sí;N/A;N/A;N/A;N/A;N/A;N/A;N/A;N/A;N/A;"169 hp";Srv;N/A;N/A;N/A;N/A;N/A;N/A;Sí;Sí;Sí;Sí;Sí;N/A;N/A;N/A;N/A;N/A;N/A;N/A;N/A;N/A;"Lun a Vie de 9 a 12:30 y de 13:30 a 19. Sáb de 9 a 13 hs.";4;2.7;Nafta;Manual;Pick-Up;"Autos y camionetas";No;N/A;N/A;N/A;No;N/A;N/A;No;Sí;No;No;N/A;N/A;N/A;N/A;N/A;N/A;N/A;N/A;N/A;N/A;N/A;N/A;N/A;N/A;N/A;N/A;N/A;N/A;N/A;N/A;N/A;N/A;N/A;N/A;N/A;N/A;N/A;N/A;N/A;N/A;N/A;N/A;Sí;N/A;N/A;N/A;N/A;N/A;N/A;N/A;N/A;N/A;N/A;N/A;N/A;N/A;N/A;N/A;N/A;N/A;Sí;No;N/A;N/A;N/A;N/A;N/A;N/A;N/A;N/A;N/A;N/A;N/A;N/A;N/A;N/A;N/A;N/A;N/A;N/A;N/A;N/A;N/A;N/A;N/A;N/A;N/A;N/A;N/A;N/A;N/A;N/A;N/A;N/A;N/A;Sí;N/A;Sí;Sí;Sí;Sí;Sí;N/A;Sí;Sí;N/A;N/A;N/A;N/A;Sí;Sí;Sí;N/A;Sí;Sí;Sí;Sí;N/A;Sí;N/A;Sí
Toyota;Hilux;"3.0 D/cab 4x2 D Dx";2001;"380000 km";;LATORREWILSON40;14900;;;;;Trinidad;https://auto.mercadolibre.com.uy/MLU-646539061-toyota-hilux-30-dcab-4x2-d-dx-_JM;N/A;;"Toyota Hilux 3.0 D/cab 4x2 D Dx";usd;No;gold_premium;false;N/A;N/A;http://perfil.mercadolibre.com.uy/LATORREWILSON40;active;N/A;N/A;Usado;Naranja;Sí;Hidráulica;4x2;Sí;Sí;N/A;N/A;N/A;N/A;N/A;N/A;No;N/A;N/A;No;No;N/A;N/A;N/A;N/A;N/A;N/A;N/A;N/A;N/A;N/A;N/A;N/A;"3085 mm";"3 L";"80 L";5;N/A;N/A;N/A;N/A;N/A;No;N/A;N/A;N/A;N/A;N/A;N/A;N/A;N/A;N/A;N/A;N/A;N/A;N/A;N/A;N/A;N/A;N/A;N/A;N/A;N/A;N/A;N/A;N/A;No;N/A;N/A;N/A;N/A;N/A;N/A;N/A;N/A;N/A;N/A;N/A;N/A;N/A;N/A;N/A;"1795 mm";"4980 mm";N/A;N/A;N/A;N/A;3;"125 hp";Dx;N/A;2;"1760 mm";N/A;No;N/A;No;Sí;N/A;Sí;No;N/A;No;N/A;N/A;Sí;No;N/A;N/A;No;N/A;4;3.0;Diésel;Manual;Pick-Up;"Autos y camionetas";N/A;N/A;N/A;N/A;N/A;N/A;UY;N/A;N/A;N/A;N/A;N/A;N/A;N/A;N/A;N/A;N/A;N/A;N/A;N/A;N/A;N/A;N/A;N/A;No;N/A;N/A;N/A;N/A;N/A;N/A;N/A;N/A;N/A;N/A;N/A;N/A;N/A;N/A;N/A;N/A;N/A;N/A;N/A;N/A;N/A;N/A;N/A;N/A;N/A;N/A;N/A;N/A;N/A;N/A;N/A;N/A;N/A;N/A;N/A;N/A;N/A;N/A;N/A;N/A;N/A;N/A;N/A;N/A;N/A;N/A;N/A;N/A;N/A;N/A;N/A;N/A;N/A;N/A;N/A;N/A;N/A;N/A;N/A;N/A;N/A;N/A;N/A;N/A;N/A;N/A;N/A;N/A;N/A;N/A;N/A;No;Sí;No;N/A;Sí;N/A;N/A;N/A;N/A;No;No;No;Sí;N/A;N/A;N/A;N/A;Sí;Sí;Sí;Sí;N/A;N/A;N/A;N/A;N/A
Toyota;Hilux;"Srv 4X2 Diesel";2023;"0 km";;"VIPERCAR AUTOMOVILES_1";61490;;;;;Aguada;https://auto.mercadolibre.com.uy/MLU-677370114-toyota-hilux-srv-4x2-diesel-28-2023-0km-_JM;N/A;;"Toyota Hilux Srv 4x2 Diesel 2.8 2023 0km";USD;Sí;gold_premium;false;N/A;N/A;http://perfil.mercadolibre.com.uy/VIPERCAR+AUTOMOVILES_1;active;N/A;N/A;Nuevo;N/A;N/A;Hidráulica;N/A;Sí;Sí;Sí;N/A;Sí;N/A;Sí;Sí;N/A;Sí;Sí;N/A;Sí;N/A;N/A;N/A;N/A;N/A;N/A;N/A;N/A;N/A;N/A;N/A;N/A;N/A;"2800 cc";N/A;6;N/A;N/A;Sí;Sí;Sí;Sí;Sí;N/A;N/A;N/A;N/A;N/A;N/A;N/A;N/A;N/A;N/A;N/A;N/A;N/A;N/A;N/A;N/A;Sí;N/A;Sí;N/A;Sí;N/A;N/A;N/A;N/A;N/A;N/A;N/A;N/A;Sí;N/A;N/A;N/A;N/A;N/A;Sí;N/A;N/A;N/A;N/A;N/A;N/A;N/A;N/A;N/A;"204 hp";Srv;N/A;N/A;N/A;N/A;N/A;N/A;Sí;Sí;Sí;Sí;Sí;Sí;N/A;N/A;N/A;N/A;N/A;N/A;N/A;N/A;"Lun a Vie de 9 a 12:30 y de 13:30 a 19. Sáb de 9 a 13 hs.";4;2.8;Diésel;Manual;Pick-Up;"Autos y camionetas";No;N/A;N/A;N/A;No;N/A;N/A;No;Sí;No;No;N/A;N/A;N/A;N/A;N/A;N/A;N/A;N/A;N/A;N/A;N/A;N/A;N/A;N/A;N/A;N/A;N/A;N/A;N/A;N/A;N/A;N/A;N/A;N/A;N/A;N/A;N/A;N/A;N/A;N/A;N/A;N/A;Sí;N/A;N/A;N/A;N/A;N/A;N/A;N/A;N/A;N/A;N/A;N/A;N/A;N/A;N/A;N/A;N/A;N/A;Sí;No;N/A;N/A;N/A;N/A;N/A;N/A;N/A;N/A;N/A;N/A;N/A;N/A;N/A;N/A;N/A;N/A;N/A;N/A;N/A;N/A;N/A;N/A;N/A;N/A;N/A;N/A;N/A;N/A;N/A;N/A;N/A;N/A;N/A;Sí;N/A;Sí;Sí;Sí;Sí;Sí;N/A;Sí;Sí;N/A;Sí;N/A;N/A;Sí;Sí;Sí;N/A;Sí;Sí;Sí;N/A;N/A;Sí;N/A;Sí
Toyota;Hilux;"GR-S 4X4 AT";2019;"189900 km";;"CASARIEGO CERTIFICADOS";51900;;;;;Melo;https://auto.mercadolibre.com.uy/MLU-697056034-toyota-hilux-gr-s-4x4-at-28-2019-excelente-estado-_JM;N/A;;"Toyota Hilux Gr-s 4x4 At 2.8 2019 Excelente Estado";usd;Sí;gold_premium;false;N/A;N/A;http://perfil.mercadolibre.com.uy/CASARIEGO+CERTIFICADOS;active;N/A;N/A;Usado;Blanco;N/A;Hidráulica;N/A;N/A;Sí;Sí;Sí;N/A;N/A;Sí;Sí;Sí;N/A;Sí;Sí;Sí;N/A;N/A;N/A;N/A;N/A;N/A;N/A;N/A;N/A;N/A;N/A;N/A;N/A;"2800 cc";N/A;6;N/A;N/A;N/A;N/A;Sí;N/A;Sí;N/A;N/A;N/A;N/A;N/A;N/A;N/A;N/A;N/A;N/A;N/A;N/A;N/A;N/A;N/A;N/A;Sí;N/A;Sí;N/A;Sí;N/A;N/A;N/A;N/A;N/A;N/A;N/A;N/A;Sí;N/A;N/A;N/A;N/A;N/A;Sí;N/A;N/A;N/A;N/A;N/A;N/A;N/A;N/A;N/A;N/A;N/A;N/A;N/A;N/A;N/A;N/A;N/A;Sí;N/A;Sí;N/A;Sí;N/A;N/A;N/A;N/A;N/A;N/A;N/A;Sí;Sí;"Lun. a Vie. 8 a 12:30 y 14:30 a 20 hs. Sáb. 8 a 13 hs.";4;2.8;Diésel;Automática;Pick-Up;"Autos y camionetas";No;N/A;N/A;N/A;No;N/A;UY;No;Sí;No;No;N/A;N/A;N/A;N/A;N/A;N/A;N/A;N/A;N/A;N/A;N/A;N/A;N/A;N/A;N/A;N/A;N/A;N/A;N/A;N/A;N/A;N/A;N/A;N/A;N/A;N/A;N/A;N/A;N/A;N/A;N/A;N/A;N/A;N/A;N/A;N/A;N/A;N/A;N/A;N/A;N/A;N/A;N/A;N/A;N/A;N/A;N/A;N/A;N/A;N/A;N/A;No;N/A;N/A;N/A;N/A;N/A;N/A;N/A;N/A;N/A;N/A;N/A;N/A;N/A;N/A;N/A;N/A;N/A;N/A;N/A;N/A;N/A;N/A;N/A;N/A;N/A;N/A;N/A;N/A;N/A;N/A;N/A;N/A;N/A;Sí;N/A;Sí;Sí;Sí;Sí;Sí;N/A;Sí;Sí;N/A;N/A;N/A;Sí;Sí;N/A;Sí;N/A;Sí;Sí;Sí;N/A;N/A;N/A;N/A;Sí
Toyota;Corolla;"xli 2.0D";2014;"200 km";;L.P.PABLO_;9500;;;;;Cerro;https://auto.mercadolibre.com.uy/MLU-646959953-toyota-corolla-diesel-20-_JM;N/A;;"Toyota Corolla Diesel 2.0";USD;Sí;gold_premium;false;N/A;N/A;http://perfil.mercadolibre.com.uy/L.P.PABLO_;active;N/A;N/A;Usado;Blanco;N/A;Asistida;Delantera;N/A;N/A;N/A;N/A;N/A;N/A;N/A;N/A;N/A;N/A;N/A;N/A;N/A;N/A;N/A;N/A;N/A;N/A;N/A;N/A;N/A;N/A;N/A;N/A;N/A;N/A;N/A;N/A;N/A;N/A;N/A;N/A;N/A;N/A;N/A;N/A;N/A;N/A;N/A;N/A;N/A;N/A;N/A;N/A;N/A;N/A;N/A;N/A;N/A;N/A;N/A;N/A;N/A;N/A;N/A;N/A;N/A;N/A;N/A;N/A;N/A;N/A;N/A;N/A;N/A;N/A;N/A;N/A;N/A;N/A;N/A;N/A;N/A;N/A;N/A;N/A;N/A;N/A;N/A;N/A;N/A;N/A;N/A;N/A;N/A;N/A;N/A;No;N/A;N/A;N/A;N/A;Sí;Sí;N/A;N/A;N/A;N/A;N/A;N/A;N/A;N/A;N/A;N/A;5;"2.0 Diesel";Diésel;Manual;Sedán;"Autos y camionetas";N/A;N/A;N/A;N/A;N/A;N/A;N/A;N/A;N/A;N/A;N/A;N/A;N/A;N/A;N/A;N/A;N/A;N/A;N/A;N/A;N/A;N/A;N/A;N/A;N/A;N/A;N/A;N/A;N/A;N/A;N/A;N/A;N/A;N/A;N/A;N/A;N/A;N/A;N/A;N/A;N/A;N/A;N/A;N/A;N/A;N/A;N/A;N/A;N/A;N/A;N/A;N/A;N/A;N/A;N/A;N/A;N/A;N/A;N/A;N/A;N/A;N/A;N/A;N/A;N/A;N/A;N/A;N/A;N/A;N/A;N/A;N/A;N/A;N/A;N/A;N/A;N/A;N/A;N/A;N/A;N/A;N/A;N/A;N/A;N/A;N/A;N/A;N/A;N/A;N/A;N/A;N/A;N/A;N/A;N/A;N/A;N/A;N/A;N/A;N/A;N/A;N/A;N/A;N/A;N/A;N/A;N/A;N/A;N/A;N/A;N/A;N/A;N/A;N/A;N/A;N/A;N/A;N/A;N/A;N/A;N/A;N/A
Toyota;Prius;"1.5 C Hibrido At";2019;"99000 km";;"ENRIQUE SHAW_AUTOMOVILES";17990;;;;;"Empalme Nicolich";https://auto.mercadolibre.com.uy/MLU-701591846-toyota-prius-2019-15-c-hibrido-at-_JM;N/A;;"Toyota Prius 2019 1.5 C Hibrido At";usd;Sí;gold_premium;false;N/A;N/A;http://perfil.mercadolibre.com.uy/ENRIQUE+SHAW_AUTOMOVILES;active;N/A;N/A;Usado;Blanco;N/A;Hidráulica;Delantera;Sí;Sí;N/A;N/A;N/A;Sí;N/A;N/A;N/A;N/A;N/A;Sí;N/A;N/A;N/A;N/A;N/A;N/A;N/A;N/A;N/A;N/A;N/A;N/A;N/A;"2700 mm";"1.5 L";"43 L";N/A;N/A;N/A;N/A;N/A;N/A;N/A;N/A;N/A;N/A;N/A;N/A;N/A;N/A;N/A;N/A;N/A;N/A;N/A;N/A;N/A;N/A;N/A;N/A;N/A;N/A;N/A;N/A;N/A;N/A;N/A;N/A;N/A;N/A;Sí;Sí;N/A;N/A;N/A;N/A;N/A;N/A;N/A;N/A;N/A;N/A;"1490 mm";"4540 mm";N/A;N/A;N/A;N/A;5;"36 hp";N/A;N/A;4;"1760 mm";N/A;Sí;N/A;Sí;Sí;N/A;Sí;Sí;N/A;N/A;N/A;N/A;N/A;N/A;N/A;N/A;Sí;"LUNES A VIERNES DE 9:30 A 13 Y 14:30 A 18:30 HRS. SABADOS DE 10-13 HRS";5;1.5;Híbrido;Automática;Hatchback;"Autos y camionetas";N/A;N/A;N/A;N/A;N/A;N/A;UY;N/A;Sí;N/A;Sí;N/A;N/A;N/A;N/A;N/A;N/A;N/A;N/A;N/A;N/A;N/A;N/A;N/A;Sí;N/A;N/A;N/A;N/A;N/A;N/A;N/A;N/A;N/A;N/A;N/A;N/A;N/A;N/A;N/A;N/A;N/A;N/A;N/A;N/A;N/A;N/A;N/A;N/A;N/A;N/A;N/A;N/A;N/A;N/A;N/A;N/A;N/A;N/A;N/A;N/A;N/A;N/A;N/A;N/A;N/A;N/A;N/A;N/A;N/A;N/A;N/A;N/A;N/A;N/A;N/A;N/A;N/A;N/A;N/A;N/A;N/A;N/A;N/A;N/A;N/A;N/A;N/A;N/A;N/A;N/A;N/A;N/A;N/A;N/A;N/A;Sí;Sí;Sí;N/A;Sí;N/A;N/A;N/A;N/A;Sí;Sí;Sí;Sí;N/A;N/A;Sí;Sí;Sí;Sí;N/A;Sí;Sí;N/A;Sí;N/A;Sí
Toyota;Hilux;"GR-S 4X4 V6";2020;"93000 km";;"CASARIEGO CERTIFICADOS";40000;;;;;Melo;https://auto.mercadolibre.com.uy/MLU-693798638-toyota-hilux-gr-s-4x4-v6-40-2020-excelente-estado-_JM;N/A;;"Toyota Hilux Gr-s 4x4 V6 4.0 2020 Excelente Estado";usd;Sí;gold_premium;false;N/A;N/A;http://perfil.mercadolibre.com.uy/CASARIEGO+CERTIFICADOS;active;N/A;N/A;Usado;Blanco;Sí;Hidráulica;N/A;N/A;Sí;Sí;Sí;Sí;N/A;Sí;Sí;Sí;N/A;Sí;Sí;Sí;N/A;N/A;N/A;N/A;N/A;N/A;N/A;N/A;N/A;N/A;N/A;N/A;N/A;"4000 cc";N/A;N/A;N/A;N/A;Sí;Sí;Sí;N/A;Sí;N/A;N/A;N/A;N/A;N/A;N/A;N/A;N/A;N/A;N/A;N/A;N/A;N/A;N/A;N/A;N/A;Sí;N/A;Sí;N/A;Sí;N/A;N/A;N/A;N/A;N/A;N/A;N/A;N/A;Sí;N/A;N/A;N/A;N/A;N/A;Sí;N/A;N/A;N/A;N/A;N/A;N/A;N/A;N/A;N/A;"238 hp";N/A;N/A;N/A;N/A;N/A;N/A;N/A;Sí;N/A;Sí;N/A;Sí;N/A;N/A;N/A;N/A;N/A;N/A;N/A;Sí;Sí;"Lun. a Vie. 8 a 12:30 y 14:30 a 20 hs. Sáb. 8 a 13 hs.";4;4.0;Nafta;Automática;Pick-Up;"Autos y camionetas";No;N/A;N/A;N/A;No;N/A;UY;No;Sí;No;No;N/A;N/A;N/A;N/A;N/A;N/A;N/A;N/A;N/A;N/A;N/A;N/A;N/A;N/A;N/A;N/A;N/A;N/A;N/A;N/A;N/A;N/A;N/A;N/A;N/A;N/A;N/A;N/A;N/A;N/A;N/A;N/A;N/A;N/A;N/A;N/A;N/A;N/A;N/A;N/A;N/A;N/A;N/A;N/A;N/A;N/A;N/A;N/A;N/A;N/A;Sí;No;N/A;N/A;N/A;N/A;N/A;N/A;N/A;N/A;N/A;N/A;N/A;N/A;N/A;N/A;N/A;N/A;N/A;N/A;N/A;N/A;N/A;N/A;N/A;N/A;N/A;N/A;N/A;N/A;N/A;N/A;N/A;N/A;N/A;Sí;N/A;Sí;Sí;Sí;Sí;Sí;N/A;Sí;Sí;N/A;N/A;N/A;Sí;Sí;Sí;Sí;N/A;Sí;Sí;Sí;N/A;N/A;N/A;N/A;Sí
Toyota;Hilux;"SRV Plus 4x4 Diesel";2023;"0 km";;"CASARIEGO CERTIFICADOS";79490;;;;;Melo;https://auto.mercadolibre.com.uy/MLU-688404022-toyota-hilux-srv-plus-4x4-diesel-28-2023-0km-_JM;N/A;;"Toyota Hilux Srv Plus 4x4 Diesel 2.8 2023 0km";usd;Sí;gold_premium;false;N/A;N/A;http://perfil.mercadolibre.com.uy/CASARIEGO+CERTIFICADOS;active;N/A;N/A;Nuevo;Plateado;N/A;Eléctrica;N/A;Sí;Sí;Sí;Sí;N/A;N/A;Sí;Sí;Sí;N/A;Sí;Sí;Sí;N/A;N/A;N/A;N/A;N/A;N/A;N/A;N/A;N/A;N/A;N/A;N/A;N/A;"2800 cc";N/A;6;N/A;N/A;Sí;Sí;Sí;N/A;Sí;N/A;N/A;N/A;N/A;N/A;N/A;N/A;N/A;N/A;N/A;N/A;N/A;N/A;N/A;N/A;N/A;Sí;N/A;Sí;N/A;Sí;N/A;N/A;N/A;N/A;N/A;N/A;N/A;N/A;N/A;N/A;N/A;N/A;N/A;N/A;Sí;N/A;N/A;N/A;N/A;N/A;N/A;N/A;N/A;N/A;"204 hp";"Srv Plus";N/A;N/A;N/A;N/A;N/A;N/A;Sí;Sí;Sí;Sí;Sí;N/A;N/A;N/A;N/A;N/A;N/A;N/A;Sí;N/A;"Lun. a Vie. 8 a 12:30 y 14:30 a 20 hs. Sáb. 8 a 13 hs.";4;2.8;Diésel;Automática;Pick-Up;"Autos y camionetas";No;N/A;N/A;N/A;No;N/A;UY;No;Sí;No;No;N/A;N/A;N/A;N/A;N/A;N/A;N/A;N/A;N/A;N/A;N/A;N/A;N/A;N/A;N/A;N/A;N/A;N/A;N/A;N/A;N/A;N/A;N/A;N/A;N/A;N/A;N/A;N/A;N/A;N/A;N/A;N/A;Sí;N/A;N/A;N/A;N/A;N/A;N/A;N/A;N/A;N/A;N/A;N/A;N/A;N/A;N/A;N/A;N/A;N/A;Sí;No;N/A;N/A;N/A;N/A;N/A;N/A;N/A;N/A;N/A;N/A;N/A;N/A;N/A;N/A;N/A;N/A;N/A;N/A;N/A;N/A;N/A;N/A;N/A;N/A;N/A;N/A;N/A;N/A;N/A;N/A;N/A;N/A;N/A;Sí;Sí;Sí;Sí;Sí;Sí;Sí;N/A;Sí;Sí;N/A;N/A;N/A;N/A;Sí;Sí;Sí;N/A;Sí;Sí;Sí;N/A;N/A;N/A;N/A;Sí
Toyota;Hilux;"SRV ATM PLUS 4X4 DIESEL";2024;"0 km";;"VIPERCAR AUTOMOVILES_1";76490;;;;;Aguada;https://auto.mercadolibre.com.uy/MLU-692535568-toyota-hilux-srv-atm-plus-4x4-diesel-28-2024-0km-_JM;N/A;;"Toyota Hilux Srv Atm Plus 4x4 Diesel 2.8 2024 0km";usd;Sí;gold_premium;false;N/A;N/A;http://perfil.mercadolibre.com.uy/VIPERCAR+AUTOMOVILES_1;active;N/A;N/A;Nuevo;Blanco;N/A;Hidráulica;N/A;Sí;Sí;Sí;Sí;Sí;N/A;Sí;Sí;Sí;Sí;Sí;Sí;Sí;N/A;N/A;N/A;N/A;N/A;N/A;N/A;N/A;N/A;N/A;N/A;N/A;N/A;"2800 cc";N/A;6;N/A;N/A;Sí;Sí;Sí;Sí;Sí;N/A;N/A;N/A;N/A;N/A;N/A;N/A;N/A;N/A;N/A;N/A;N/A;N/A;N/A;N/A;N/A;Sí;N/A;Sí;N/A;Sí;N/A;N/A;N/A;N/A;N/A;N/A;N/A;N/A;Sí;N/A;N/A;N/A;N/A;N/A;Sí;N/A;N/A;N/A;N/A;N/A;N/A;N/A;N/A;N/A;"204 hp";Srv;N/A;N/A;N/A;N/A;N/A;N/A;Sí;Sí;Sí;Sí;N/A;Sí;N/A;N/A;N/A;N/A;N/A;N/A;N/A;N/A;"Lun a Vie de 9 a 12:30 y de 13:30 a 19. Sáb de 9 a 13 hs.";4;2.8;Diésel;"Automática secuencial";Pick-Up;"Autos y camionetas";No;N/A;N/A;N/A;No;N/A;UY;No;Sí;No;No;N/A;N/A;N/A;N/A;N/A;N/A;N/A;N/A;N/A;N/A;N/A;N/A;N/A;N/A;N/A;N/A;N/A;N/A;N/A;N/A;N/A;N/A;N/A;N/A;N/A;N/A;N/A;N/A;N/A;N/A;N/A;N/A;Sí;N/A;N/A;N/A;N/A;N/A;N/A;N/A;N/A;N/A;N/A;N/A;N/A;N/A;N/A;N/A;N/A;N/A;Sí;No;N/A;N/A;N/A;N/A;N/A;N/A;N/A;N/A;N/A;N/A;N/A;N/A;N/A;N/A;N/A;N/A;N/A;N/A;N/A;N/A;N/A;N/A;N/A;N/A;N/A;N/A;N/A;N/A;N/A;N/A;N/A;N/A;N/A;Sí;Sí;Sí;Sí;Sí;Sí;Sí;N/A;Sí;Sí;N/A;Sí;N/A;N/A;Sí;Sí;Sí;N/A;Sí;Sí;Sí;N/A;N/A;Sí;N/A;Sí
Toyota;Hilux;"SRV 4X4 MT";2014;"471160 km";;"CASARIEGO CERTIFICADOS";32900;;;;;Melo;https://auto.mercadolibre.com.uy/MLU-700534726-toyota-hilux-srv-4x4-mt-30-2014-excelente-estado-_JM;N/A;;"Toyota Hilux Srv 4x4 Mt 3.0 2014 Excelente Estado";usd;Sí;gold_premium;false;N/A;N/A;http://perfil.mercadolibre.com.uy/CASARIEGO+CERTIFICADOS;active;N/A;N/A;Usado;Plateado;N/A;Hidráulica;N/A;N/A;Sí;Sí;N/A;N/A;N/A;Sí;N/A;N/A;N/A;Sí;N/A;Sí;N/A;N/A;N/A;N/A;N/A;N/A;N/A;N/A;N/A;N/A;N/A;N/A;N/A;"3000 cc";N/A;5;N/A;N/A;N/A;N/A;N/A;N/A;N/A;N/A;N/A;N/A;N/A;N/A;N/A;N/A;N/A;N/A;N/A;N/A;N/A;N/A;N/A;N/A;N/A;Sí;N/A;N/A;N/A;N/A;N/A;N/A;N/A;N/A;N/A;N/A;N/A;N/A;Sí;N/A;N/A;N/A;N/A;N/A;N/A;N/A;N/A;N/A;N/A;N/A;N/A;N/A;N/A;N/A;N/A;Srv;N/A;N/A;N/A;N/A;N/A;N/A;Sí;Sí;N/A;N/A;Sí;N/A;N/A;N/A;N/A;Sí;N/A;Sí;Sí;Sí;"Lun. a Vie. 8 a 12:30 y 14:30 a 20 hs. Sáb. 8 a 13 hs.";4;3.0;Nafta;Manual;Pick-Up;"Autos y camionetas";No;N/A;N/A;N/A;No;N/A;UY;No;Sí;No;No;N/A;N/A;N/A;N/A;N/A;N/A;N/A;N/A;N/A;N/A;N/A;N/A;N/A;N/A;N/A;N/A;N/A;N/A;N/A;N/A;N/A;N/A;N/A;N/A;N/A;N/A;N/A;N/A;N/A;N/A;N/A;N/A;N/A;N/A;N/A;N/A;N/A;N/A;N/A;N/A;N/A;N/A;N/A;N/A;N/A;N/A;N/A;N/A;N/A;N/A;N/A;No;N/A;N/A;N/A;N/A;N/A;N/A;N/A;N/A;N/A;N/A;N/A;N/A;N/A;N/A;N/A;N/A;N/A;N/A;N/A;N/A;N/A;N/A;N/A;N/A;N/A;N/A;N/A;N/A;N/A;N/A;N/A;N/A;N/A;Sí;N/A;Sí;N/A;Sí;Sí;Sí;N/A;Sí;Sí;N/A;N/A;N/A;Sí;N/A;N/A;Sí;N/A;Sí;Sí;Sí;N/A;N/A;N/A;N/A;Sí
Toyota;Hilux;"2.7 Cd Srv Vvti 4x4 Cuero - B4";2017;"170000 km";;LATORREWILSON40;26900;;;;;Trinidad;https://auto.mercadolibre.com.uy/MLU-697922966-toyota-hilux-27-cd-srv-vvti-4x4-cuero-b4-_JM;N/A;;"Toyota Hilux 2.7 Cd Srv Vvti 4x4 Cuero - B4";usd;Sí;gold_premium;false;N/A;N/A;http://perfil.mercadolibre.com.uy/LATORREWILSON40;active;N/A;N/A;Usado;Rojo;Sí;Hidráulica;4x4;Sí;Sí;Sí;N/A;N/A;Sí;N/A;N/A;No;N/A;N/A;Sí;Sí;N/A;N/A;N/A;N/A;N/A;N/A;N/A;N/A;N/A;N/A;N/A;N/A;"2860 mm";"2.7 L";"80 L";5;N/A;N/A;N/A;N/A;N/A;Sí;N/A;N/A;N/A;N/A;N/A;N/A;N/A;N/A;N/A;N/A;N/A;N/A;N/A;N/A;N/A;N/A;N/A;N/A;N/A;N/A;N/A;N/A;N/A;No;N/A;N/A;N/A;N/A;N/A;N/A;N/A;N/A;N/A;N/A;N/A;N/A;N/A;N/A;N/A;"1860 mm";"5260 mm";N/A;N/A;N/A;N/A;5;"160 hp";Srv;N/A;4;"1855 mm";N/A;Sí;N/A;Sí;Sí;N/A;Sí;Sí;N/A;No;N/A;N/A;N/A;Sí;N/A;N/A;Sí;N/A;4;2.7;Nafta;Manual;Pick-Up;"Autos y camionetas";N/A;N/A;N/A;N/A;N/A;N/A;UY;N/A;N/A;N/A;N/A;N/A;N/A;N/A;N/A;N/A;N/A;N/A;N/A;N/A;N/A;N/A;N/A;N/A;Sí;N/A;N/A;N/A;N/A;N/A;N/A;N/A;N/A;N/A;N/A;N/A;N/A;N/A;N/A;N/A;N/A;N/A;N/A;N/A;N/A;N/A;N/A;N/A;N/A;N/A;N/A;N/A;N/A;N/A;N/A;N/A;N/A;N/A;N/A;N/A;N/A;N/A;N/A;N/A;N/A;N/A;N/A;N/A;N/A;N/A;N/A;N/A;N/A;N/A;N/A;N/A;N/A;N/A;N/A;N/A;N/A;N/A;N/A;N/A;N/A;N/A;N/A;N/A;N/A;N/A;N/A;N/A;N/A;N/A;N/A;Sí;Sí;Sí;Sí;N/A;Sí;N/A;N/A;N/A;N/A;Sí;Sí;Sí;Sí;N/A;N/A;Sí;Sí;Sí;Sí;Sí;Sí;No;Sí;Sí;N/A;Sí
Toyota;RAV4;"Rav4 HYBRID";2017;"179500 km";;JPAUTOMVILES;30900;;;;;Paysandú;https://auto.mercadolibre.com.uy/MLU-697390918-toyota-rav4-hybrid-rav4-hybrid-_JM;N/A;;"Toyota Rav4 Hybrid Rav4 Hybrid ";USD;Sí;gold_premium;false;N/A;N/A;http://perfil.mercadolibre.com.uy/JPAUTOMVILES;active;N/A;N/A;Usado;N/A;N/A;N/A;N/A;N/A;N/A;N/A;N/A;N/A;N/A;N/A;N/A;N/A;N/A;N/A;N/A;N/A;N/A;N/A;N/A;N/A;N/A;N/A;N/A;N/A;N/A;N/A;N/A;N/A;N/A;N/A;N/A;N/A;N/A;N/A;N/A;N/A;N/A;N/A;N/A;N/A;N/A;N/A;N/A;N/A;N/A;N/A;N/A;N/A;N/A;N/A;N/A;N/A;N/A;N/A;N/A;N/A;N/A;N/A;N/A;N/A;N/A;N/A;N/A;N/A;N/A;N/A;N/A;N/A;N/A;N/A;N/A;N/A;N/A;N/A;N/A;N/A;N/A;N/A;N/A;N/A;N/A;N/A;N/A;N/A;N/A;N/A;N/A;N/A;N/A;N/A;N/A;N/A;N/A;N/A;N/A;N/A;N/A;N/A;N/A;N/A;N/A;N/A;N/A;N/A;N/A;N/A;N/A;5;N/A;Híbrido;N/A;N/A;"Autos y camionetas";N/A;N/A;N/A;N/A;N/A;N/A;N/A;N/A;N/A;N/A;N/A;N/A;N/A;N/A;N/A;N/A;N/A;N/A;N/A;N/A;N/A;N/A;N/A;N/A;N/A;N/A;N/A;N/A;N/A;N/A;N/A;N/A;N/A;N/A;N/A;N/A;N/A;N/A;N/A;N/A;N/A;N/A;N/A;N/A;N/A;N/A;N/A;N/A;N/A;N/A;N/A;N/A;N/A;N/A;N/A;N/A;N/A;N/A;N/A;N/A;N/A;N/A;N/A;N/A;N/A;N/A;N/A;N/A;N/A;N/A;N/A;N/A;N/A;N/A;N/A;N/A;N/A;N/A;N/A;N/A;N/A;N/A;N/A;N/A;N/A;N/A;N/A;N/A;N/A;N/A;N/A;N/A;N/A;N/A;N/A;N/A;N/A;N/A;N/A;N/A;N/A;N/A;N/A;N/A;N/A;N/A;N/A;N/A;N/A;N/A;N/A;N/A;N/A;N/A;N/A;N/A;N/A;N/A;N/A;N/A;N/A;N/A
Toyota;Hilux;"SR 4x2 Nafta";2024;"0 km";;"CASARIEGO CERTIFICADOS";37990;;;;;Melo;https://auto.mercadolibre.com.uy/MLU-696552054-toyota-hilux-sr-4x2-nafta-27-2024-0km-_JM;N/A;;"Toyota Hilux Sr 4x2 Nafta 2.7 2024 0km";usd;Sí;gold_premium;false;N/A;N/A;http://perfil.mercadolibre.com.uy/CASARIEGO+CERTIFICADOS;active;N/A;N/A;Nuevo;Plateado;N/A;Eléctrica;N/A;Sí;Sí;Sí;N/A;N/A;N/A;Sí;Sí;N/A;N/A;Sí;Sí;Sí;N/A;N/A;N/A;N/A;N/A;N/A;N/A;N/A;N/A;N/A;N/A;N/A;N/A;"2700 cc";N/A;5;N/A;N/A;Sí;Sí;Sí;N/A;N/A;N/A;N/A;N/A;N/A;N/A;N/A;N/A;N/A;N/A;N/A;N/A;N/A;N/A;N/A;N/A;N/A;Sí;N/A;Sí;N/A;Sí;N/A;N/A;N/A;N/A;N/A;N/A;N/A;N/A;N/A;N/A;N/A;N/A;N/A;N/A;N/A;N/A;N/A;N/A;N/A;N/A;N/A;N/A;N/A;N/A;"167 hp";Sr;N/A;N/A;N/A;N/A;N/A;N/A;Sí;Sí;N/A;Sí;Sí;N/A;N/A;N/A;N/A;N/A;N/A;N/A;N/A;N/A;"Lun. a Vie. 8 a 12:30 y 14:30 a 20 hs. Sáb. 8 a 13 hs.";4;2.7;Nafta;Manual;Pick-Up;"Autos y camionetas";No;N/A;N/A;N/A;No;N/A;UY;No;Sí;No;No;N/A;N/A;N/A;N/A;N/A;N/A;N/A;N/A;N/A;N/A;N/A;N/A;N/A;N/A;N/A;N/A;N/A;N/A;N/A;N/A;N/A;N/A;N/A;N/A;N/A;N/A;N/A;N/A;N/A;N/A;N/A;N/A;Sí;N/A;N/A;N/A;N/A;N/A;N/A;N/A;N/A;N/A;N/A;N/A;N/A;N/A;N/A;N/A;N/A;N/A;Sí;No;N/A;N/A;N/A;N/A;N/A;N/A;N/A;N/A;N/A;N/A;N/A;N/A;N/A;N/A;N/A;N/A;N/A;N/A;N/A;N/A;N/A;N/A;N/A;N/A;N/A;N/A;N/A;N/A;N/A;N/A;N/A;N/A;N/A;Sí;Sí;Sí;Sí;Sí;Sí;Sí;N/A;Sí;Sí;N/A;N/A;N/A;N/A;Sí;Sí;Sí;N/A;Sí;N/A;Sí;N/A;N/A;N/A;N/A;Sí
Toyota;"Hiace SKywell";"3.0 turbo";2018;"180000 km";;TALLERBC;21500;;;;;Aguada;https://auto.mercadolibre.com.uy/MLU-646383631-minibus-king-long-modelo-skywell-motor-toyota-30-turbo-_JM;N/A;;"Minibus  King Long  Modelo: Skywell Motor: Toyota 3.0 Turbo";USD;Sí;gold_premium;false;N/A;N/A;http://perfil.mercadolibre.com.uy/TALLERBC;active;N/A;N/A;Usado;Blanco;Sí;Asistida;N/A;Sí;Sí;N/A;N/A;N/A;No;N/A;N/A;No;N/A;N/A;Sí;Sí;N/A;No;N/A;N/A;N/A;N/A;N/A;N/A;N/A;N/A;N/A;N/A;N/A;N/A;N/A;N/A;N/A;N/A;N/A;N/A;N/A;Sí;N/A;N/A;N/A;N/A;N/A;N/A;N/A;N/A;N/A;N/A;N/A;N/A;N/A;N/A;N/A;N/A;N/A;N/A;N/A;N/A;N/A;N/A;N/A;No;N/A;N/A;N/A;N/A;N/A;N/A;N/A;N/A;N/A;N/A;N/A;N/A;N/A;N/A;N/A;N/A;N/A;N/A;N/A;N/A;N/A;N/A;N/A;N/A;N/A;N/A;N/A;N/A;No;N/A;Sí;Sí;N/A;Sí;Sí;N/A;No;N/A;N/A;Sí;No;N/A;N/A;Sí;"Todo el día";3;"3.0 turbo (toyota)";Diésel;Manual;Van;"Autos y camionetas";N/A;N/A;N/A;N/A;N/A;N/A;N/A;N/A;N/A;N/A;N/A;N/A;N/A;N/A;N/A;N/A;N/A;N/A;N/A;N/A;N/A;N/A;N/A;N/A;Sí;N/A;N/A;N/A;N/A;N/A;N/A;N/A;N/A;N/A;N/A;N/A;N/A;N/A;N/A;N/A;N/A;N/A;N/A;No;N/A;N/A;N/A;N/A;N/A;N/A;N/A;N/A;N/A;N/A;N/A;N/A;N/A;N/A;N/A;N/A;N/A;No;Sí;N/A;N/A;N/A;N/A;N/A;N/A;N/A;N/A;N/A;N/A;N/A;N/A;N/A;N/A;N/A;N/A;N/A;N/A;N/A;N/A;N/A;N/A;N/A;N/A;N/A;N/A;N/A;N/A;N/A;N/A;N/A;N/A;Sí;Sí;Sí;Sí;N/A;Sí;N/A;N/A;N/A;N/A;Sí;N/A;No;Sí;N/A;N/A;Sí;Sí;Sí;Sí;Sí;Sí;Sí;Sí;Sí;N/A;Sí
Toyota;Hilux;"2.7 Cd Srv Vvti 4x2 - A3";2017;"154900 km";;"ENRIQUE SHAW_AUTOMOVILES";24990;;;;;"Empalme Nicolich";https://auto.mercadolibre.com.uy/MLU-646822829-toyota-hilux-27-cd-srv-vvti-4x2-manual-_JM;N/A;;"Toyota Hilux 2.7 Cd Srv Vvti 4x2 Manual";usd;Sí;gold_premium;false;N/A;N/A;http://perfil.mercadolibre.com.uy/ENRIQUE+SHAW_AUTOMOVILES;active;N/A;N/A;Usado;Blanco;No;Hidráulica;4x2;Sí;Sí;Sí;N/A;N/A;Sí;N/A;N/A;N/A;N/A;N/A;Sí;Sí;N/A;N/A;N/A;N/A;N/A;N/A;N/A;N/A;N/A;N/A;N/A;N/A;"2860 mm";"2.7 L";"80 L";5;N/A;N/A;N/A;N/A;N/A;N/A;N/A;N/A;N/A;N/A;N/A;N/A;N/A;N/A;N/A;N/A;N/A;N/A;N/A;N/A;N/A;N/A;N/A;N/A;N/A;N/A;N/A;N/A;N/A;N/A;N/A;N/A;N/A;N/A;N/A;N/A;N/A;N/A;N/A;N/A;N/A;N/A;N/A;N/A;N/A;"1860 mm";"5260 mm";N/A;N/A;N/A;N/A;5;"160 hp";Srv;N/A;4;"1855 mm";N/A;Sí;N/A;Sí;Sí;N/A;Sí;Sí;N/A;N/A;N/A;N/A;N/A;N/A;N/A;N/A;N/A;"LUNES A VIERNES DE 9:30 A 13 Y 14:30 A 18:30 HRS. SABADOS DE 10-13 HRS";4;2.7;Nafta;Manual;Pick-Up;"Autos y camionetas";N/A;N/A;N/A;N/A;N/A;N/A;UY;N/A;Sí;N/A;Sí;N/A;N/A;N/A;N/A;N/A;N/A;N/A;N/A;N/A;N/A;N/A;N/A;N/A;Sí;N/A;N/A;N/A;N/A;N/A;N/A;N/A;N/A;N/A;N/A;N/A;N/A;N/A;N/A;N/A;N/A;N/A;N/A;N/A;N/A;N/A;N/A;N/A;N/A;N/A;N/A;N/A;N/A;N/A;N/A;N/A;N/A;N/A;N/A;N/A;N/A;N/A;N/A;N/A;N/A;N/A;N/A;N/A;N/A;N/A;N/A;N/A;N/A;N/A;N/A;N/A;N/A;N/A;N/A;N/A;N/A;N/A;N/A;N/A;N/A;N/A;N/A;N/A;N/A;N/A;N/A;N/A;N/A;N/A;N/A;N/A;Sí;Sí;Sí;N/A;Sí;N/A;N/A;N/A;N/A;Sí;Sí;Sí;N/A;N/A;N/A;No;Sí;Sí;Sí;Sí;Sí;Sí;Sí;Sí;N/A;N/A
Toyota;Corolla;"XLI 1.6";2008;"207000 km";;JPAUTOMVILES;11900;;;;;Paysandú;https://auto.mercadolibre.com.uy/MLU-698261826-toyota-corolla-xli-16-_JM;N/A;;"Toyota Corolla Xli 1.6";USD;Sí;gold_premium;false;N/A;N/A;http://perfil.mercadolibre.com.uy/JPAUTOMVILES;active;N/A;N/A;Usado;N/A;N/A;N/A;N/A;N/A;N/A;N/A;N/A;N/A;N/A;N/A;N/A;N/A;N/A;N/A;N/A;N/A;N/A;N/A;N/A;N/A;N/A;N/A;N/A;N/A;N/A;N/A;N/A;N/A;N/A;N/A;N/A;N/A;N/A;N/A;N/A;N/A;N/A;N/A;N/A;N/A;N/A;N/A;N/A;N/A;N/A;N/A;N/A;N/A;N/A;N/A;N/A;N/A;N/A;N/A;N/A;N/A;N/A;N/A;N/A;N/A;N/A;N/A;N/A;N/A;N/A;N/A;N/A;N/A;N/A;N/A;N/A;N/A;N/A;N/A;N/A;N/A;N/A;N/A;N/A;N/A;N/A;N/A;N/A;N/A;N/A;N/A;N/A;N/A;N/A;N/A;N/A;N/A;N/A;N/A;N/A;N/A;N/A;N/A;N/A;N/A;N/A;N/A;N/A;N/A;N/A;N/A;N/A;5;N/A;Nafta;N/A;N/A;"Autos y camionetas";N/A;N/A;N/A;N/A;N/A;N/A;N/A;N/A;N/A;N/A;N/A;N/A;N/A;N/A;N/A;N/A;N/A;N/A;N/A;N/A;N/A;N/A;N/A;N/A;N/A;N/A;N/A;N/A;N/A;N/A;N/A;N/A;N/A;N/A;N/A;N/A;N/A;N/A;N/A;N/A;N/A;N/A;N/A;N/A;N/A;N/A;N/A;N/A;N/A;N/A;N/A;N/A;N/A;N/A;N/A;N/A;N/A;N/A;N/A;N/A;N/A;N/A;N/A;N/A;N/A;N/A;N/A;N/A;N/A;N/A;N/A;N/A;N/A;N/A;N/A;N/A;N/A;N/A;N/A;N/A;N/A;N/A;N/A;N/A;N/A;N/A;N/A;N/A;N/A;N/A;N/A;N/A;N/A;N/A;N/A;N/A;N/A;N/A;N/A;N/A;N/A;N/A;N/A;N/A;N/A;N/A;N/A;N/A;N/A;N/A;N/A;N/A;N/A;N/A;N/A;N/A;N/A;N/A;N/A;N/A;N/A;N/A
Toyota;Hilux;"SRV 4X2";2014;"339000 km";;"CASARIEGO CERTIFICADOS";33900;;;;;Melo;https://auto.mercadolibre.com.uy/MLU-696558900-toyota-hilux-srv-4x2-30-2014-excelente-estado-_JM;N/A;;"Toyota Hilux Srv 4x2 3.0 2014 Excelente Estado";usd;Sí;gold_premium;false;N/A;N/A;http://perfil.mercadolibre.com.uy/CASARIEGO+CERTIFICADOS;active;N/A;N/A;Usado;Blanco;N/A;Hidráulica;N/A;Sí;Sí;Sí;N/A;N/A;N/A;Sí;Sí;N/A;N/A;Sí;N/A;Sí;N/A;N/A;N/A;N/A;N/A;N/A;N/A;N/A;N/A;N/A;N/A;N/A;N/A;"3000 cc";N/A;5;N/A;N/A;N/A;N/A;N/A;N/A;N/A;N/A;N/A;N/A;N/A;N/A;N/A;N/A;N/A;N/A;N/A;N/A;N/A;N/A;N/A;N/A;N/A;Sí;N/A;N/A;N/A;N/A;N/A;Sí;N/A;N/A;N/A;N/A;N/A;N/A;Sí;N/A;N/A;N/A;N/A;N/A;Sí;N/A;N/A;N/A;N/A;N/A;N/A;N/A;N/A;N/A;N/A;Srv;N/A;N/A;N/A;N/A;N/A;N/A;N/A;N/A;N/A;N/A;N/A;N/A;N/A;N/A;N/A;N/A;N/A;Sí;Sí;Sí;"Lun. a Vie. 8 a 12:30 y 14:30 a 20 hs. Sáb. 8 a 13 hs.";4;3.0;Diésel;Manual;Pick-Up;"Autos y camionetas";No;N/A;N/A;N/A;No;N/A;UY;No;Sí;No;No;N/A;N/A;N/A;N/A;N/A;N/A;N/A;N/A;N/A;N/A;N/A;N/A;N/A;N/A;N/A;N/A;N/A;N/A;N/A;N/A;N/A;N/A;N/A;N/A;N/A;N/A;N/A;N/A;N/A;N/A;N/A;N/A;N/A;N/A;N/A;N/A;N/A;N/A;N/A;N/A;N/A;N/A;N/A;N/A;N/A;N/A;N/A;N/A;N/A;N/A;N/A;No;N/A;N/A;N/A;N/A;N/A;N/A;N/A;N/A;N/A;N/A;N/A;N/A;N/A;N/A;N/A;N/A;N/A;N/A;N/A;N/A;N/A;N/A;N/A;N/A;N/A;N/A;N/A;N/A;N/A;N/A;N/A;N/A;N/A;Sí;N/A;Sí;N/A;Sí;N/A;N/A;N/A;Sí;Sí;N/A;N/A;N/A;Sí;N/A;N/A;Sí;N/A;Sí;Sí;Sí;N/A;N/A;N/A;N/A;Sí
Toyota;Corolla;"1.8 Se-g Cvt 140cv";2020;"117000 km";;OSO12_DRU;28400;;;;;Durazno;https://auto.mercadolibre.com.uy/MLU-699777220-toyota-hibrido-corolla-2020-18-se-g-cvt-140cv-unico-_JM;N/A;;"Toyota Hibrido Corolla 2020 1.8 Se-g Cvt 140cv Unico ";usd;Sí;gold_premium;false;N/A;N/A;http://perfil.mercadolibre.com.uy/OSO12_DRU;active;N/A;N/A;Usado;N/A;N/A;Eléctrica;Delantera;Sí;N/A;N/A;N/A;N/A;N/A;N/A;N/A;N/A;N/A;N/A;N/A;N/A;N/A;N/A;N/A;N/A;N/A;N/A;N/A;N/A;N/A;N/A;N/A;N/A;"2700 mm";"1.8 L";"57 L";7;N/A;N/A;N/A;N/A;N/A;N/A;N/A;N/A;N/A;N/A;N/A;N/A;N/A;N/A;N/A;N/A;N/A;N/A;N/A;N/A;N/A;N/A;N/A;N/A;N/A;N/A;N/A;N/A;N/A;N/A;N/A;N/A;N/A;N/A;N/A;N/A;N/A;N/A;N/A;N/A;N/A;N/A;N/A;N/A;N/A;"1460 mm";"4620 mm";N/A;N/A;N/A;N/A;5;"140 hp";Se-g;N/A;4;"1775 mm";"13.5 km/l";Sí;N/A;N/A;N/A;N/A;N/A;N/A;N/A;N/A;N/A;N/A;N/A;N/A;N/A;N/A;N/A;N/A;4;1.8;Nafta;Automática;Sedán;"Autos y camionetas";N/A;N/A;N/A;N/A;N/A;N/A;UY;N/A;N/A;N/A;N/A;N/A;N/A;N/A;N/A;N/A;N/A;N/A;N/A;N/A;N/A;N/A;N/A;N/A;N/A;N/A;N/A;N/A;N/A;N/A;N/A;N/A;N/A;N/A;N/A;N/A;N/A;N/A;N/A;N/A;N/A;N/A;N/A;N/A;N/A;N/A;N/A;N/A;N/A;N/A;N/A;N/A;N/A;N/A;N/A;N/A;N/A;N/A;N/A;N/A;N/A;N/A;N/A;N/A;N/A;N/A;N/A;N/A;N/A;N/A;N/A;N/A;N/A;N/A;N/A;N/A;N/A;N/A;N/A;N/A;N/A;N/A;N/A;N/A;N/A;N/A;N/A;N/A;N/A;N/A;N/A;N/A;N/A;N/A;N/A;N/A;N/A;N/A;N/A;N/A;N/A;N/A;N/A;N/A;N/A;N/A;N/A;N/A;N/A;N/A;N/A;N/A;N/A;N/A;Sí;N/A;N/A;Sí;Sí;N/A;N/A;N/A
Toyota;Corolla;"GR Sport Manual";2024;"0 km";;"VOITURET AUTOMOVILES";89900;;;;;"Barra de Carrasco";https://auto.mercadolibre.com.uy/MLU-697042484-toyota-corolla-gr-sport-manual-_JM;N/A;;"Toyota Corolla Gr Sport Manual";USD;Sí;gold_premium;false;N/A;N/A;http://perfil.mercadolibre.com.uy/VOITURET+AUTOMOVILES;active;N/A;N/A;Nuevo;Gris;N/A;N/A;N/A;N/A;N/A;N/A;N/A;N/A;N/A;N/A;N/A;N/A;N/A;N/A;N/A;N/A;N/A;N/A;N/A;N/A;N/A;N/A;N/A;N/A;N/A;N/A;N/A;N/A;N/A;N/A;N/A;N/A;N/A;N/A;N/A;N/A;N/A;N/A;N/A;N/A;N/A;N/A;N/A;N/A;N/A;N/A;N/A;N/A;N/A;N/A;N/A;N/A;N/A;N/A;N/A;N/A;N/A;N/A;N/A;N/A;N/A;N/A;N/A;N/A;N/A;N/A;N/A;N/A;N/A;N/A;N/A;N/A;N/A;N/A;N/A;N/A;N/A;N/A;N/A;N/A;N/A;N/A;N/A;N/A;N/A;N/A;N/A;N/A;N/A;N/A;N/A;N/A;N/A;N/A;N/A;N/A;N/A;N/A;N/A;N/A;N/A;N/A;N/A;N/A;N/A;N/A;N/A;5;N/A;Nafta;N/A;N/A;"Autos y camionetas";N/A;N/A;N/A;N/A;N/A;N/A;N/A;N/A;N/A;N/A;N/A;N/A;N/A;N/A;N/A;N/A;N/A;N/A;N/A;N/A;N/A;N/A;N/A;N/A;N/A;N/A;N/A;N/A;N/A;N/A;N/A;N/A;N/A;N/A;N/A;N/A;N/A;N/A;N/A;N/A;N/A;N/A;N/A;N/A;N/A;N/A;N/A;N/A;N/A;N/A;N/A;N/A;N/A;N/A;N/A;N/A;N/A;N/A;N/A;N/A;N/A;N/A;N/A;N/A;N/A;N/A;N/A;N/A;N/A;N/A;N/A;N/A;N/A;N/A;N/A;N/A;N/A;N/A;N/A;N/A;N/A;N/A;N/A;N/A;N/A;N/A;N/A;N/A;N/A;N/A;N/A;N/A;N/A;N/A;N/A;N/A;N/A;N/A;N/A;N/A;N/A;N/A;N/A;N/A;N/A;N/A;N/A;N/A;N/A;N/A;N/A;N/A;N/A;N/A;N/A;N/A;N/A;N/A;N/A;N/A;N/A;N/A
Toyota;Hilux;"SRV 4x4 AT Diesel";2023;"0 km";;"CASARIEGO CERTIFICADOS";71490;;;;;Melo;https://auto.mercadolibre.com.uy/MLU-691619866-toyota-hilux-srv-4x4-at-diesel-28-2023-0km-_JM;N/A;;"Toyota Hilux Srv 4x4 At Diesel 2.8 2023 0km";usd;Sí;gold_premium;false;N/A;N/A;http://perfil.mercadolibre.com.uy/CASARIEGO+CERTIFICADOS;active;N/A;N/A;Nuevo;Plateado;N/A;Eléctrica;N/A;Sí;Sí;Sí;Sí;N/A;N/A;Sí;Sí;N/A;N/A;Sí;Sí;Sí;N/A;N/A;N/A;N/A;N/A;N/A;N/A;N/A;N/A;N/A;N/A;N/A;N/A;"2800 cc";N/A;6;N/A;N/A;Sí;Sí;Sí;N/A;N/A;N/A;N/A;N/A;N/A;N/A;N/A;N/A;N/A;N/A;N/A;N/A;N/A;N/A;N/A;N/A;N/A;Sí;N/A;Sí;N/A;Sí;N/A;N/A;N/A;N/A;N/A;N/A;N/A;N/A;N/A;N/A;N/A;N/A;N/A;N/A;Sí;N/A;N/A;N/A;N/A;N/A;N/A;N/A;N/A;N/A;"204 hp";Srv;N/A;N/A;N/A;N/A;N/A;N/A;Sí;Sí;Sí;Sí;Sí;N/A;N/A;N/A;N/A;N/A;N/A;N/A;Sí;N/A;"Lun. a Vie. 8 a 12:30 y 14:30 a 20 hs. Sáb. 8 a 13 hs.";4;2.8;Diésel;Automática;Pick-Up;"Autos y camionetas";No;N/A;N/A;N/A;No;N/A;UY;No;Sí;No;No;N/A;N/A;N/A;N/A;N/A;N/A;N/A;N/A;N/A;N/A;N/A;N/A;N/A;N/A;N/A;N/A;N/A;N/A;N/A;N/A;N/A;N/A;N/A;N/A;N/A;N/A;N/A;N/A;N/A;N/A;N/A;N/A;Sí;N/A;N/A;N/A;N/A;N/A;N/A;N/A;N/A;N/A;N/A;N/A;N/A;N/A;N/A;N/A;N/A;N/A;Sí;No;N/A;N/A;N/A;N/A;N/A;N/A;N/A;N/A;N/A;N/A;N/A;N/A;N/A;N/A;N/A;N/A;N/A;N/A;N/A;N/A;N/A;N/A;N/A;N/A;N/A;N/A;N/A;N/A;N/A;N/A;N/A;N/A;N/A;Sí;Sí;Sí;Sí;Sí;Sí;Sí;N/A;Sí;Sí;N/A;N/A;N/A;N/A;Sí;Sí;Sí;N/A;Sí;Sí;Sí;N/A;N/A;N/A;N/A;Sí
Toyota;Prius;"1.5 C Hibrido At";2021;"67000 km";;JPAUTOMVILES;21900;;;;;Paysandú;https://auto.mercadolibre.com.uy/MLU-701816416-toyota-prius-15-c-hibrido-at-_JM;N/A;;"Toyota Prius 1.5 C Hibrido At";usd;Sí;gold_premium;false;N/A;N/A;http://perfil.mercadolibre.com.uy/JPAUTOMVILES;active;N/A;N/A;Usado;Gris;N/A;Hidráulica;Delantera;Sí;N/A;N/A;N/A;N/A;N/A;N/A;N/A;N/A;N/A;N/A;N/A;N/A;N/A;N/A;N/A;N/A;N/A;N/A;N/A;N/A;N/A;N/A;N/A;N/A;"2700 mm";"1.5 L";"43 L";N/A;N/A;N/A;N/A;N/A;N/A;N/A;N/A;N/A;N/A;N/A;N/A;N/A;N/A;N/A;N/A;N/A;N/A;N/A;N/A;N/A;N/A;N/A;N/A;N/A;N/A;N/A;N/A;N/A;N/A;N/A;N/A;N/A;N/A;N/A;N/A;N/A;N/A;N/A;N/A;N/A;N/A;N/A;N/A;N/A;N/A;"1490 mm";"4540 mm";N/A;N/A;N/A;N/A;5;"36 hp";N/A;N/A;4;"1760 mm";N/A;N/A;N/A;N/A;N/A;N/A;N/A;Sí;N/A;N/A;N/A;N/A;N/A;N/A;N/A;N/A;N/A;N/A;5;1.5;Híbrido;Automática;Hatchback;"Autos y camionetas";N/A;N/A;N/A;N/A;N/A;N/A;UY;N/A;N/A;N/A;N/A;N/A;N/A;N/A;N/A;N/A;N/A;N/A;N/A;N/A;N/A;N/A;N/A;N/A;N/A;N/A;N/A;N/A;N/A;N/A;N/A;N/A;N/A;N/A;N/A;N/A;N/A;N/A;N/A;N/A;N/A;N/A;N/A;N/A;N/A;N/A;N/A;N/A;N/A;N/A;N/A;N/A;N/A;N/A;N/A;N/A;N/A;N/A;N/A;N/A;N/A;N/A;N/A;N/A;N/A;N/A;N/A;N/A;N/A;N/A;N/A;N/A;N/A;N/A;N/A;N/A;N/A;N/A;N/A;N/A;N/A;N/A;N/A;N/A;N/A;N/A;N/A;N/A;N/A;N/A;N/A;N/A;N/A;N/A;N/A;N/A;N/A;N/A;N/A;N/A;N/A;N/A;N/A;N/A;N/A;N/A;N/A;N/A;N/A;N/A;N/A;N/A;Sí;N/A;Sí;N/A;N/A;N/A;N/A;Sí;N/A;Sí
Toyota;Hilux;"2.8 Tdi Cd Srv Plus 4X4 At Tss";2021;"75000 km";;GAFA4558038;64900;;;;;"Sarandí del Yi";https://auto.mercadolibre.com.uy/MLU-645886203-toyota-hilux-2021-28-tdi-cd-srv-plus-4x4-at-tss-_JM;N/A;;"Toyota Hilux 2021 2.8 Tdi Cd Srv Plus 4x4 At Tss";usd;Sí;gold_premium;false;N/A;N/A;http://perfil.mercadolibre.com.uy/GAFA4558038;active;N/A;N/A;Usado;N/A;N/A;Hidráulica;4x4;Sí;N/A;Sí;N/A;N/A;N/A;N/A;N/A;N/A;N/A;N/A;N/A;N/A;N/A;N/A;N/A;N/A;N/A;N/A;N/A;N/A;N/A;N/A;N/A;N/A;"3085 mm";"2.8 L";"80 L";6;N/A;N/A;N/A;N/A;N/A;N/A;N/A;N/A;N/A;N/A;N/A;N/A;N/A;N/A;N/A;N/A;N/A;N/A;N/A;N/A;N/A;N/A;N/A;N/A;N/A;N/A;N/A;N/A;N/A;N/A;N/A;N/A;N/A;N/A;N/A;N/A;N/A;N/A;N/A;N/A;N/A;N/A;N/A;N/A;N/A;"1815 mm";"5325 mm";N/A;N/A;N/A;N/A;5;"204 hp";"Srv Plus";N/A;4;"1855 mm";N/A;N/A;N/A;N/A;N/A;N/A;N/A;Sí;N/A;N/A;N/A;N/A;N/A;N/A;N/A;N/A;N/A;N/A;4;2.8;Diésel;Automática;Pick-Up;"Autos y camionetas";N/A;N/A;N/A;N/A;N/A;N/A;UY;N/A;N/A;N/A;N/A;N/A;N/A;N/A;N/A;N/A;N/A;N/A;N/A;N/A;N/A;N/A;N/A;N/A;N/A;N/A;N/A;N/A;N/A;N/A;N/A;N/A;N/A;N/A;N/A;N/A;N/A;N/A;N/A;N/A;N/A;N/A;N/A;N/A;N/A;N/A;N/A;N/A;N/A;N/A;N/A;N/A;N/A;N/A;N/A;N/A;N/A;N/A;N/A;N/A;N/A;N/A;N/A;N/A;N/A;N/A;N/A;N/A;N/A;N/A;N/A;N/A;N/A;N/A;N/A;N/A;N/A;N/A;N/A;N/A;N/A;N/A;N/A;N/A;N/A;N/A;N/A;N/A;N/A;N/A;N/A;N/A;N/A;N/A;N/A;N/A;N/A;N/A;N/A;N/A;N/A;N/A;N/A;N/A;N/A;N/A;N/A;N/A;N/A;N/A;N/A;N/A;Sí;N/A;Sí;N/A;N/A;N/A;N/A;Sí;N/A;N/A
Toyota;"Land Cruiser";"3.0 Prado At";2009;"240000 km";;CARRI657;39900;;;;;Pocitos;https://auto.mercadolibre.com.uy/MLU-701184968-toyota-land-cruiser-30-prado-at-_JM;N/A;;"Toyota Land Cruiser 3.0 Prado At";usd;Sí;gold_premium;false;N/A;N/A;http://perfil.mercadolibre.com.uy/CARRI657;active;N/A;N/A;Usado;Plateado;N/A;Hidráulica;4x4;Sí;N/A;Sí;N/A;N/A;N/A;N/A;N/A;N/A;N/A;N/A;N/A;N/A;N/A;N/A;N/A;N/A;N/A;N/A;N/A;N/A;N/A;N/A;N/A;N/A;"2790 mm";"3 L";"87 L";4;N/A;N/A;N/A;N/A;N/A;N/A;N/A;N/A;N/A;N/A;N/A;N/A;N/A;N/A;N/A;N/A;N/A;N/A;N/A;N/A;N/A;N/A;N/A;N/A;N/A;N/A;N/A;N/A;N/A;N/A;N/A;N/A;N/A;N/A;N/A;N/A;N/A;N/A;N/A;N/A;N/A;N/A;N/A;N/A;N/A;"1905 mm";"4850 mm";N/A;N/A;N/A;N/A;8;"131 hp";Prado;N/A;2;"1875 mm";N/A;Sí;N/A;N/A;N/A;N/A;N/A;Sí;N/A;N/A;N/A;N/A;N/A;N/A;N/A;N/A;N/A;N/A;5;3.0;Diésel;Automática;SUV;"Autos y camionetas";N/A;N/A;N/A;N/A;N/A;N/A;UY;N/A;N/A;N/A;N/A;N/A;N/A;N/A;N/A;N/A;N/A;N/A;N/A;N/A;N/A;N/A;N/A;N/A;N/A;N/A;N/A;N/A;N/A;N/A;N/A;N/A;N/A;N/A;N/A;N/A;N/A;N/A;N/A;N/A;N/A;N/A;N/A;N/A;N/A;N/A;N/A;N/A;N/A;N/A;N/A;N/A;N/A;N/A;N/A;N/A;N/A;N/A;N/A;N/A;N/A;N/A;N/A;N/A;N/A;N/A;N/A;N/A;N/A;N/A;N/A;N/A;N/A;N/A;N/A;N/A;N/A;N/A;N/A;N/A;N/A;N/A;N/A;N/A;N/A;N/A;N/A;N/A;N/A;N/A;N/A;N/A;N/A;N/A;N/A;N/A;N/A;N/A;N/A;N/A;N/A;N/A;N/A;N/A;N/A;N/A;N/A;N/A;N/A;N/A;N/A;N/A;N/A;N/A;Sí;N/A;N/A;N/A;N/A;N/A;N/A;N/A
Toyota;"Corolla Cross";Xei;2025;"0 km";;"CASARIEGO CERTIFICADOS";40990;;;;;Melo;https://auto.mercadolibre.com.uy/MLU-696643024-toyota-corolla-cross-xei-18-2025-0km-_JM;N/A;;"Toyota Corolla Cross Xei 1.8 2025 0km";USD;Sí;gold_premium;false;N/A;N/A;http://perfil.mercadolibre.com.uy/CASARIEGO+CERTIFICADOS;active;N/A;N/A;Nuevo;Plateado;N/A;Eléctrica;N/A;N/A;Sí;Sí;N/A;Sí;N/A;Sí;Sí;N/A;Sí;Sí;Sí;Sí;N/A;N/A;N/A;N/A;N/A;N/A;N/A;N/A;N/A;N/A;N/A;N/A;N/A;"1800 cc";N/A;N/A;N/A;N/A;Sí;Sí;Sí;N/A;Sí;N/A;N/A;N/A;N/A;N/A;N/A;N/A;N/A;N/A;N/A;N/A;N/A;N/A;N/A;N/A;N/A;Sí;N/A;Sí;N/A;Sí;N/A;Sí;N/A;N/A;N/A;N/A;N/A;N/A;Sí;N/A;N/A;N/A;N/A;N/A;Sí;N/A;N/A;N/A;N/A;N/A;N/A;N/A;N/A;N/A;N/A;Xei;N/A;N/A;N/A;"24 km/l";N/A;N/A;Sí;N/A;Sí;N/A;Sí;Sí;N/A;N/A;"22 km/l";N/A;N/A;N/A;N/A;Sí;"Lun. a Vie. 8 a 12:30 y 14:30 a 20 hs. Sáb. 8 a 13 hs.";5;1.8;Híbrido;Automática;SUV;"Autos y camionetas";No;N/A;N/A;N/A;No;N/A;N/A;No;Sí;No;No;N/A;N/A;N/A;N/A;N/A;N/A;N/A;N/A;N/A;N/A;N/A;N/A;N/A;N/A;N/A;N/A;N/A;N/A;N/A;N/A;N/A;N/A;N/A;N/A;N/A;N/A;N/A;N/A;N/A;N/A;N/A;N/A;Sí;N/A;N/A;N/A;N/A;N/A;N/A;N/A;N/A;N/A;N/A;N/A;N/A;N/A;N/A;N/A;N/A;N/A;Sí;No;N/A;N/A;N/A;N/A;N/A;N/A;N/A;N/A;N/A;N/A;N/A;N/A;N/A;N/A;N/A;N/A;N/A;N/A;N/A;N/A;N/A;N/A;N/A;N/A;N/A;N/A;N/A;N/A;N/A;N/A;N/A;N/A;N/A;Sí;N/A;Sí;Sí;Sí;Sí;Sí;N/A;Sí;Sí;N/A;N/A;N/A;N/A;Sí;Sí;Sí;N/A;Sí;Sí;Sí;N/A;N/A;N/A;N/A;Sí
Toyota;Corolla;"1.8 Se-g Cvt 140cv";2014;"114000 km";;UMPIERREZISMAEL;18500;;;;;Cordón;https://auto.mercadolibre.com.uy/MLU-699635998-toyota-corolla-le-cvt-_JM;N/A;;"Toyota Corolla Le Cvt";usd;Sí;gold_premium;false;N/A;N/A;http://perfil.mercadolibre.com.uy/UMPIERREZISMAEL;active;N/A;N/A;Usado;Gris;N/A;Eléctrica;Delantera;Sí;N/A;Sí;N/A;N/A;N/A;N/A;N/A;N/A;N/A;N/A;N/A;N/A;N/A;N/A;N/A;N/A;N/A;N/A;N/A;N/A;N/A;N/A;N/A;N/A;"2600 mm";"1.8 L";"57 L";7;N/A;N/A;N/A;N/A;N/A;N/A;N/A;N/A;N/A;N/A;N/A;N/A;N/A;N/A;N/A;N/A;N/A;N/A;N/A;N/A;N/A;N/A;N/A;N/A;N/A;N/A;N/A;N/A;N/A;N/A;N/A;N/A;N/A;N/A;N/A;N/A;N/A;N/A;N/A;N/A;N/A;N/A;N/A;N/A;N/A;"1460 mm";"4620 mm";N/A;N/A;N/A;N/A;5;"140 hp";Se-g;N/A;4;"1760 mm";"13.5 km/l";No;N/A;N/A;N/A;N/A;N/A;Sí;N/A;N/A;N/A;N/A;N/A;N/A;N/A;N/A;N/A;N/A;4;1.8;Nafta;Automática;Sedán;"Autos y camionetas";N/A;N/A;N/A;N/A;N/A;N/A;UY;N/A;N/A;N/A;N/A;N/A;N/A;N/A;N/A;N/A;N/A;N/A;N/A;N/A;N/A;N/A;N/A;N/A;N/A;N/A;N/A;N/A;N/A;N/A;N/A;N/A;N/A;N/A;N/A;N/A;N/A;N/A;N/A;N/A;N/A;N/A;N/A;N/A;N/A;N/A;N/A;N/A;N/A;N/A;N/A;N/A;N/A;N/A;N/A;N/A;N/A;N/A;N/A;N/A;N/A;N/A;N/A;N/A;N/A;N/A;N/A;N/A;N/A;N/A;N/A;N/A;N/A;N/A;N/A;N/A;N/A;N/A;N/A;N/A;N/A;N/A;N/A;N/A;N/A;N/A;N/A;N/A;N/A;N/A;N/A;N/A;N/A;N/A;N/A;N/A;N/A;N/A;N/A;N/A;N/A;N/A;N/A;N/A;N/A;N/A;N/A;N/A;N/A;N/A;N/A;N/A;Sí;N/A;Sí;N/A;N/A;N/A;Sí;Sí;N/A;N/A
Toyota;Hilux;"SRV Plus 4x4 Diesel";2023;"0 km";;"CASARIEGO CERTIFICADOS";79490;;;;;Melo;https://auto.mercadolibre.com.uy/MLU-688234616-toyota-hilux-srv-plus-4x4-diesel-28-2023-0km-_JM;N/A;;"Toyota Hilux Srv Plus 4x4 Diesel 2.8 2023 0km";usd;Sí;gold_premium;false;N/A;N/A;http://perfil.mercadolibre.com.uy/CASARIEGO+CERTIFICADOS;active;N/A;N/A;Nuevo;"Gris oscuro";N/A;Eléctrica;N/A;Sí;Sí;Sí;Sí;N/A;N/A;Sí;Sí;Sí;N/A;Sí;Sí;Sí;N/A;N/A;N/A;N/A;N/A;N/A;N/A;N/A;N/A;N/A;N/A;N/A;N/A;"2800 cc";N/A;6;N/A;N/A;Sí;Sí;Sí;N/A;Sí;N/A;N/A;N/A;N/A;N/A;N/A;N/A;N/A;N/A;N/A;N/A;N/A;N/A;N/A;N/A;N/A;Sí;N/A;Sí;N/A;Sí;N/A;N/A;N/A;N/A;N/A;N/A;N/A;N/A;N/A;N/A;N/A;N/A;N/A;N/A;Sí;N/A;N/A;N/A;N/A;N/A;N/A;N/A;N/A;N/A;"204 hp";"Srv Plus";N/A;N/A;N/A;N/A;N/A;N/A;Sí;Sí;Sí;Sí;Sí;N/A;N/A;N/A;N/A;N/A;N/A;N/A;Sí;N/A;"Lun. a Vie. 8 a 12:30 y 14:30 a 20 hs. Sáb. 8 a 13 hs.";4;2.8;Diésel;Automática;Pick-Up;"Autos y camionetas";No;N/A;N/A;N/A;No;N/A;UY;No;Sí;No;No;N/A;N/A;N/A;N/A;N/A;N/A;N/A;N/A;N/A;N/A;N/A;N/A;N/A;N/A;N/A;N/A;N/A;N/A;N/A;N/A;N/A;N/A;N/A;N/A;N/A;N/A;N/A;N/A;N/A;N/A;N/A;N/A;Sí;N/A;N/A;N/A;N/A;N/A;N/A;N/A;N/A;N/A;N/A;N/A;N/A;N/A;N/A;N/A;N/A;N/A;Sí;No;N/A;N/A;N/A;N/A;N/A;N/A;N/A;N/A;N/A;N/A;N/A;N/A;N/A;N/A;N/A;N/A;N/A;N/A;N/A;N/A;N/A;N/A;N/A;N/A;N/A;N/A;N/A;N/A;N/A;N/A;N/A;N/A;N/A;Sí;Sí;Sí;Sí;Sí;Sí;Sí;N/A;Sí;Sí;N/A;N/A;N/A;N/A;Sí;Sí;Sí;N/A;Sí;Sí;Sí;N/A;N/A;N/A;N/A;Sí
Toyota;Hilux;"Srv 4X2 Diesel";2024;"0 km";;"VIPERCAR AUTOMOVILES_2";61490;;;;;"Brazo Oriental";https://auto.mercadolibre.com.uy/MLU-681359394-toyota-hilux-srv-4x2-diesel-28-2024-0km-_JM;N/A;;"Toyota Hilux Srv 4x2 Diesel 2.8 2024 0km";USD;Sí;gold_premium;false;N/A;N/A;http://perfil.mercadolibre.com.uy/VIPERCAR+AUTOMOVILES_2;active;N/A;N/A;Nuevo;Blanco;N/A;Hidráulica;N/A;Sí;Sí;Sí;N/A;N/A;N/A;Sí;Sí;N/A;N/A;N/A;N/A;Sí;N/A;N/A;N/A;N/A;N/A;N/A;N/A;N/A;N/A;N/A;N/A;N/A;N/A;"2800 cc";N/A;5;N/A;N/A;Sí;Sí;Sí;N/A;Sí;N/A;N/A;N/A;N/A;N/A;N/A;N/A;N/A;N/A;N/A;N/A;N/A;N/A;N/A;N/A;N/A;Sí;N/A;Sí;N/A;Sí;N/A;N/A;N/A;N/A;N/A;N/A;N/A;N/A;N/A;N/A;N/A;N/A;N/A;N/A;Sí;N/A;N/A;N/A;N/A;N/A;N/A;N/A;N/A;N/A;"204 hp";Srv;N/A;N/A;N/A;N/A;N/A;N/A;Sí;Sí;Sí;Sí;Sí;N/A;N/A;N/A;N/A;N/A;N/A;N/A;N/A;Sí;"Lun a Vie de 9 a 12:30 y de 13:30 a 19. Sáb de 9 a 13 hs.";4;2.8;Diésel;Manual;Pick-Up;"Autos y camionetas";No;N/A;N/A;N/A;No;N/A;N/A;No;Sí;No;No;N/A;N/A;N/A;N/A;N/A;N/A;N/A;N/A;N/A;N/A;N/A;N/A;N/A;N/A;N/A;N/A;N/A;N/A;N/A;N/A;N/A;N/A;N/A;N/A;N/A;N/A;N/A;N/A;N/A;N/A;N/A;N/A;Sí;N/A;N/A;N/A;N/A;N/A;N/A;N/A;N/A;N/A;N/A;N/A;N/A;N/A;N/A;N/A;N/A;N/A;Sí;No;N/A;N/A;N/A;N/A;N/A;N/A;N/A;N/A;N/A;N/A;N/A;N/A;N/A;N/A;N/A;N/A;N/A;N/A;N/A;N/A;N/A;N/A;N/A;N/A;N/A;N/A;N/A;N/A;N/A;N/A;N/A;N/A;N/A;Sí;N/A;Sí;N/A;Sí;Sí;Sí;N/A;Sí;Sí;N/A;Sí;N/A;N/A;N/A;Sí;Sí;N/A;Sí;N/A;Sí;N/A;N/A;Sí;N/A;Sí
Toyota;Hilux;"2.7 D.cab. Srv 4x4";2021;"103000 km";;ZYJAVIER;34000;;;;;Minas;https://auto.mercadolibre.com.uy/MLU-701488648-toyota-hilux-27-dcab-srv-4x4-_JM;N/A;;"Toyota Hilux 2.7 D.cab. Srv 4x4";usd;Sí;gold_premium;false;N/A;N/A;http://perfil.mercadolibre.com.uy/ZYJAVIER;active;N/A;N/A;Usado;Gris;No;Hidráulica;4x4;Sí;Sí;Sí;N/A;N/A;N/A;N/A;N/A;N/A;N/A;N/A;Sí;Sí;N/A;N/A;N/A;N/A;N/A;N/A;N/A;N/A;N/A;N/A;N/A;N/A;"2860 mm";"2.7 L";"80 L";5;N/A;N/A;N/A;N/A;N/A;N/A;N/A;N/A;N/A;N/A;N/A;N/A;N/A;N/A;N/A;N/A;N/A;N/A;N/A;N/A;N/A;N/A;N/A;N/A;N/A;N/A;N/A;N/A;N/A;N/A;N/A;N/A;N/A;N/A;N/A;N/A;N/A;N/A;N/A;N/A;N/A;N/A;N/A;N/A;N/A;"1850 mm";"5260 mm";N/A;N/A;N/A;N/A;5;"177 hp";Srv;N/A;2;"1855 mm";N/A;Sí;N/A;N/A;Sí;N/A;N/A;N/A;N/A;N/A;N/A;N/A;No;N/A;N/A;N/A;N/A;"9 a 21";4;2.7;Nafta;Manual;Pick-Up;"Autos y camionetas";N/A;N/A;N/A;N/A;N/A;N/A;UY;N/A;No;N/A;N/A;N/A;N/A;N/A;N/A;N/A;N/A;N/A;N/A;N/A;N/A;N/A;N/A;N/A;Sí;N/A;N/A;N/A;N/A;N/A;N/A;N/A;N/A;N/A;N/A;N/A;N/A;N/A;N/A;N/A;N/A;N/A;N/A;N/A;N/A;N/A;N/A;N/A;N/A;N/A;N/A;N/A;N/A;N/A;N/A;N/A;N/A;N/A;N/A;N/A;N/A;N/A;N/A;N/A;N/A;N/A;N/A;N/A;N/A;N/A;N/A;N/A;N/A;N/A;N/A;N/A;N/A;N/A;N/A;N/A;N/A;N/A;N/A;N/A;N/A;N/A;N/A;N/A;N/A;N/A;N/A;N/A;N/A;N/A;N/A;N/A;Sí;Sí;Sí;N/A;Sí;N/A;N/A;N/A;N/A;Sí;N/A;N/A;Sí;N/A;N/A;Sí;Sí;Sí;Sí;Sí;Sí;N/A;Sí;Sí;N/A;Sí
Toyota;Hilux;"3.0 Cd Srv Limited Tdi 171cv 4x4";2016;"225000 km";;GAFA4558038;41900;;;;;"Sarandí del Yi";https://auto.mercadolibre.com.uy/MLU-700475254-toyota-hilux-2016-30-cd-srv-limited-tdi-171cv-4x4-_JM;N/A;;"Toyota Hilux 2016 3.0 Cd Srv Limited Tdi 171cv 4x4";usd;Sí;gold_premium;false;N/A;N/A;http://perfil.mercadolibre.com.uy/GAFA4558038;active;N/A;N/A;Usado;N/A;N/A;Hidráulica;4x4;Sí;N/A;Sí;N/A;N/A;N/A;N/A;N/A;N/A;N/A;N/A;N/A;N/A;N/A;N/A;N/A;N/A;N/A;N/A;N/A;N/A;N/A;N/A;N/A;N/A;"2860 mm";"3 L";"80 L";5;N/A;N/A;N/A;N/A;N/A;N/A;N/A;N/A;N/A;N/A;N/A;N/A;N/A;N/A;N/A;N/A;N/A;N/A;N/A;N/A;N/A;N/A;N/A;N/A;N/A;N/A;N/A;N/A;N/A;N/A;N/A;N/A;N/A;N/A;N/A;N/A;N/A;N/A;N/A;N/A;N/A;N/A;N/A;N/A;N/A;"1860 mm";"5260 mm";N/A;N/A;N/A;N/A;5;"171 hp";"Srv Limited";N/A;4;"1855 mm";N/A;Sí;N/A;N/A;N/A;N/A;N/A;N/A;N/A;N/A;N/A;N/A;N/A;N/A;N/A;N/A;N/A;N/A;4;3.0;Diésel;Manual;Pick-Up;"Autos y camionetas";N/A;N/A;N/A;N/A;N/A;N/A;UY;N/A;N/A;N/A;N/A;N/A;N/A;N/A;N/A;N/A;N/A;N/A;N/A;N/A;N/A;N/A;N/A;N/A;N/A;N/A;N/A;N/A;N/A;N/A;N/A;N/A;N/A;N/A;N/A;N/A;N/A;N/A;N/A;N/A;N/A;N/A;N/A;N/A;N/A;N/A;N/A;N/A;N/A;N/A;N/A;N/A;N/A;N/A;N/A;N/A;N/A;N/A;N/A;N/A;N/A;N/A;N/A;N/A;N/A;N/A;N/A;N/A;N/A;N/A;N/A;N/A;N/A;N/A;N/A;N/A;N/A;N/A;N/A;N/A;N/A;N/A;N/A;N/A;N/A;N/A;N/A;N/A;N/A;N/A;N/A;N/A;N/A;N/A;N/A;N/A;N/A;N/A;N/A;N/A;N/A;N/A;N/A;N/A;N/A;N/A;N/A;N/A;N/A;N/A;N/A;N/A;Sí;N/A;Sí;N/A;N/A;N/A;Sí;Sí;N/A;N/A
Toyota;Corolla;"1.8 Xli Cvt 140cv";2016;"110000 km";;DEARMASDANIEL20230411171324;17900;;;;;Pocitos;https://auto.mercadolibre.com.uy/MLU-699764256-toyota-corolla-2016-18-xli-cvt-140cv-_JM;N/A;;"Toyota Corolla 2016 1.8 Xli Cvt 140cv";usd;Sí;gold_premium;false;N/A;N/A;http://perfil.mercadolibre.com.uy/DEARMASDANIEL20230411171324;active;N/A;N/A;Usado;N/A;N/A;Eléctrica;Delantera;Sí;N/A;Sí;N/A;N/A;N/A;N/A;N/A;N/A;N/A;N/A;N/A;N/A;N/A;N/A;N/A;N/A;N/A;N/A;N/A;N/A;N/A;N/A;N/A;N/A;"2700 mm";"1.8 L";"57 L";7;N/A;N/A;N/A;N/A;N/A;N/A;N/A;N/A;N/A;N/A;N/A;N/A;N/A;N/A;N/A;N/A;N/A;N/A;N/A;N/A;N/A;N/A;N/A;N/A;N/A;N/A;N/A;N/A;N/A;N/A;N/A;N/A;N/A;N/A;N/A;N/A;N/A;N/A;N/A;N/A;N/A;N/A;N/A;N/A;N/A;"1460 mm";"4620 mm";N/A;N/A;N/A;N/A;5;"140 hp";Xli;N/A;4;"1775 mm";"13.5 km/l";N/A;N/A;N/A;N/A;N/A;N/A;N/A;N/A;N/A;N/A;N/A;N/A;N/A;N/A;N/A;N/A;N/A;4;1.8;Nafta;Automática;Sedán;"Autos y camionetas";N/A;N/A;N/A;N/A;N/A;N/A;UY;N/A;N/A;N/A;N/A;N/A;N/A;N/A;N/A;N/A;N/A;N/A;N/A;N/A;N/A;N/A;N/A;N/A;N/A;N/A;N/A;N/A;N/A;N/A;N/A;N/A;N/A;N/A;N/A;N/A;N/A;N/A;N/A;N/A;N/A;N/A;N/A;N/A;N/A;N/A;N/A;N/A;N/A;N/A;N/A;N/A;N/A;N/A;N/A;N/A;N/A;N/A;N/A;N/A;N/A;N/A;N/A;N/A;N/A;N/A;N/A;N/A;N/A;N/A;N/A;N/A;N/A;N/A;N/A;N/A;N/A;N/A;N/A;N/A;N/A;N/A;N/A;N/A;N/A;N/A;N/A;N/A;N/A;N/A;N/A;N/A;N/A;N/A;N/A;N/A;N/A;N/A;N/A;N/A;N/A;N/A;N/A;N/A;N/A;N/A;N/A;N/A;N/A;N/A;N/A;N/A;Sí;N/A;Sí;N/A;N/A;N/A;N/A;Sí;N/A;N/A
Toyota;Hilux;"2.7 SR";2013;"217000 km";;GHELFAGASTON;18790;;;;;Paysandú;https://auto.mercadolibre.com.uy/MLU-698184034-toyota-hilux-27-cd-srv-vvti-4x2-_JM;N/A;;"Toyota Hilux 2.7 Cd Srv Vvti 4x2";usd;Sí;gold_premium;false;N/A;N/A;http://perfil.mercadolibre.com.uy/GHELFAGASTON;active;N/A;N/A;Usado;Blanco;No;Hidráulica;4x2;Sí;N/A;Sí;N/A;N/A;N/A;N/A;N/A;N/A;N/A;N/A;N/A;N/A;N/A;N/A;N/A;N/A;N/A;N/A;N/A;N/A;N/A;N/A;N/A;N/A;"2860 mm";"2.7 L";"80 L";5;N/A;N/A;N/A;N/A;N/A;N/A;N/A;N/A;N/A;N/A;N/A;N/A;N/A;N/A;N/A;N/A;N/A;N/A;N/A;N/A;N/A;N/A;N/A;N/A;N/A;N/A;N/A;N/A;N/A;N/A;N/A;N/A;N/A;N/A;N/A;N/A;N/A;N/A;N/A;N/A;N/A;N/A;N/A;N/A;N/A;"1860 mm";"5260 mm";N/A;N/A;N/A;N/A;5;"160 hp";Srv;N/A;4;"1855 mm";N/A;N/A;N/A;N/A;N/A;N/A;N/A;Sí;N/A;N/A;N/A;N/A;N/A;N/A;N/A;N/A;N/A;"Lunes a Viernes 9 a 19";4;2.7;Nafta;Manual;Pick-Up;"Autos y camionetas";N/A;N/A;N/A;N/A;N/A;N/A;UY;N/A;N/A;N/A;N/A;N/A;N/A;N/A;N/A;N/A;N/A;N/A;N/A;N/A;N/A;N/A;N/A;N/A;N/A;N/A;N/A;N/A;N/A;N/A;N/A;N/A;N/A;N/A;N/A;N/A;N/A;N/A;N/A;N/A;N/A;N/A;N/A;N/A;N/A;N/A;N/A;N/A;N/A;N/A;N/A;N/A;N/A;N/A;N/A;N/A;N/A;N/A;N/A;N/A;N/A;N/A;N/A;N/A;N/A;N/A;N/A;N/A;N/A;N/A;N/A;N/A;N/A;N/A;N/A;N/A;N/A;N/A;N/A;N/A;N/A;N/A;N/A;N/A;N/A;N/A;N/A;N/A;N/A;N/A;N/A;N/A;N/A;N/A;N/A;N/A;N/A;N/A;N/A;N/A;N/A;N/A;N/A;N/A;N/A;N/A;N/A;N/A;N/A;N/A;N/A;N/A;Sí;N/A;Sí;N/A;N/A;N/A;N/A;Sí;N/A;N/A
Toyota;"Corolla Cross";"1.8 SEG CVT A/T";2024;"0 km";;"CASARIEGO CERTIFICADOS";44990;;;;;Melo;https://auto.mercadolibre.com.uy/MLU-693735472-toyota-corolla-cross-18-seg-cvt-at-18-2024-0km-_JM;N/A;;"Toyota Corolla Cross 1.8 Seg Cvt A/t 1.8 2024 0km";usd;Sí;gold_premium;false;N/A;N/A;http://perfil.mercadolibre.com.uy/CASARIEGO+CERTIFICADOS;active;N/A;N/A;Nuevo;"Gris oscuro";N/A;Eléctrica;N/A;Sí;Sí;Sí;Sí;Sí;N/A;Sí;Sí;Sí;Sí;Sí;Sí;Sí;N/A;N/A;N/A;N/A;N/A;N/A;N/A;N/A;N/A;N/A;N/A;N/A;N/A;"1800 cc";N/A;6;N/A;N/A;Sí;Sí;Sí;Sí;Sí;N/A;N/A;N/A;N/A;N/A;N/A;N/A;N/A;N/A;N/A;N/A;N/A;N/A;N/A;N/A;N/A;Sí;N/A;Sí;N/A;Sí;N/A;N/A;N/A;N/A;N/A;N/A;N/A;N/A;Sí;N/A;N/A;N/A;N/A;N/A;Sí;N/A;N/A;N/A;N/A;N/A;N/A;N/A;N/A;N/A;"122 hp";Seg;N/A;N/A;N/A;N/A;N/A;N/A;Sí;Sí;Sí;Sí;Sí;Sí;Sí;N/A;"24 km/l";N/A;N/A;N/A;N/A;Sí;"Lun. a Vie. 8 a 12:30 y 14:30 a 20 hs. Sáb. 8 a 13 hs.";5;1.8;Híbrido;Automática;SUV;"Autos y camionetas";No;N/A;N/A;N/A;No;N/A;UY;No;Sí;No;No;N/A;N/A;N/A;N/A;N/A;N/A;N/A;N/A;N/A;N/A;N/A;N/A;N/A;N/A;N/A;N/A;N/A;N/A;N/A;N/A;N/A;N/A;N/A;N/A;N/A;N/A;N/A;N/A;N/A;N/A;N/A;N/A;Sí;N/A;N/A;N/A;N/A;N/A;N/A;N/A;N/A;N/A;N/A;N/A;N/A;N/A;N/A;N/A;N/A;N/A;Sí;No;N/A;N/A;N/A;N/A;N/A;N/A;N/A;N/A;N/A;N/A;N/A;N/A;N/A;N/A;N/A;N/A;N/A;N/A;N/A;N/A;N/A;N/A;N/A;N/A;N/A;N/A;N/A;N/A;N/A;N/A;N/A;N/A;N/A;Sí;N/A;Sí;Sí;Sí;Sí;Sí;N/A;Sí;Sí;Sí;Sí;N/A;N/A;Sí;Sí;Sí;N/A;Sí;Sí;Sí;Sí;Sí;Sí;Sí;Sí
Toyota;Hilux;"SRV 4X2";2024;"0 km";;OLIVERA.AUTOMOTORES;61490;;;;;Tacuarembó;https://auto.mercadolibre.com.uy/MLU-677512844-toyota-hilux-srv-4x2-_JM;N/A;;"Toyota Hilux Srv 4x2 ";usd;Sí;gold_premium;false;N/A;N/A;http://perfil.mercadolibre.com.uy/OLIVERA.AUTOMOTORES;active;N/A;N/A;Nuevo;Plateado;N/A;Hidráulica;4x2;Sí;N/A;Sí;N/A;N/A;N/A;N/A;N/A;N/A;N/A;N/A;N/A;N/A;N/A;N/A;N/A;N/A;N/A;N/A;N/A;N/A;N/A;N/A;N/A;N/A;"2860 mm";"2.7 L";"80 L";5;N/A;N/A;N/A;N/A;N/A;N/A;N/A;N/A;N/A;Sí;N/A;N/A;N/A;N/A;N/A;N/A;N/A;N/A;N/A;N/A;N/A;N/A;N/A;N/A;N/A;N/A;N/A;N/A;N/A;N/A;N/A;N/A;N/A;Sí;N/A;N/A;N/A;N/A;N/A;N/A;N/A;N/A;N/A;N/A;N/A;"1850 mm";"5260 mm";N/A;N/A;N/A;N/A;5;"177 hp";Srv;N/A;2;"1855 mm";N/A;Sí;N/A;N/A;N/A;N/A;N/A;N/A;N/A;N/A;N/A;N/A;N/A;N/A;N/A;N/A;N/A;N/A;4;2.8;Diésel;Manual;Pick-Up;"Autos y camionetas";N/A;N/A;N/A;N/A;N/A;N/A;UY;N/A;Sí;N/A;N/A;N/A;N/A;N/A;N/A;N/A;N/A;N/A;N/A;N/A;N/A;N/A;N/A;N/A;N/A;N/A;N/A;N/A;N/A;N/A;N/A;N/A;N/A;N/A;N/A;N/A;N/A;N/A;N/A;N/A;N/A;N/A;N/A;Sí;N/A;N/A;N/A;N/A;N/A;N/A;N/A;N/A;N/A;N/A;N/A;N/A;N/A;N/A;N/A;N/A;N/A;N/A;N/A;N/A;N/A;N/A;N/A;N/A;N/A;N/A;N/A;N/A;N/A;N/A;N/A;N/A;N/A;N/A;N/A;N/A;N/A;N/A;N/A;N/A;N/A;N/A;N/A;N/A;N/A;N/A;N/A;N/A;N/A;N/A;N/A;N/A;N/A;N/A;N/A;N/A;N/A;N/A;N/A;N/A;N/A;N/A;N/A;N/A;N/A;N/A;N/A;N/A;Sí;N/A;Sí;N/A;N/A;N/A;Sí;Sí;N/A;N/A
Toyota;Hilux;"Srv 2.8 diesel 4x2";2021;"85000 km";;VIC_DEC2010;55000;;;;;Castillos;https://auto.mercadolibre.com.uy/MLU-699824194-toyota-hilux-srv-28-diesel-4x2-_JM;N/A;;"Toyota Hilux Srv 2.8 Diesel 4x2";usd;Sí;gold_premium;false;N/A;N/A;http://perfil.mercadolibre.com.uy/VIC_DEC2010;active;N/A;N/A;Usado;N/A;N/A;Hidráulica;4x2;Sí;N/A;Sí;N/A;N/A;N/A;N/A;N/A;N/A;N/A;N/A;N/A;N/A;N/A;N/A;N/A;N/A;N/A;N/A;N/A;N/A;N/A;N/A;N/A;N/A;"3085 mm";"2.8 L";"80 L";6;N/A;N/A;N/A;N/A;N/A;N/A;N/A;N/A;N/A;N/A;N/A;N/A;N/A;N/A;N/A;N/A;N/A;N/A;N/A;N/A;N/A;N/A;N/A;N/A;N/A;N/A;N/A;N/A;N/A;N/A;N/A;N/A;N/A;N/A;N/A;N/A;N/A;N/A;N/A;N/A;N/A;N/A;N/A;N/A;N/A;"1815 mm";"5325 mm";N/A;N/A;N/A;N/A;5;"204 hp";Srv;N/A;4;"1855 mm";N/A;N/A;N/A;N/A;N/A;N/A;N/A;Sí;N/A;N/A;N/A;N/A;N/A;N/A;N/A;N/A;N/A;N/A;4;2.8;Diésel;Manual;Pick-Up;"Autos y camionetas";N/A;N/A;N/A;N/A;N/A;N/A;UY;N/A;N/A;N/A;N/A;N/A;N/A;N/A;N/A;N/A;N/A;N/A;N/A;N/A;N/A;N/A;N/A;N/A;N/A;N/A;N/A;N/A;N/A;N/A;N/A;N/A;N/A;N/A;N/A;N/A;N/A;N/A;N/A;N/A;N/A;N/A;N/A;N/A;N/A;N/A;N/A;N/A;N/A;N/A;N/A;N/A;N/A;N/A;N/A;N/A;N/A;N/A;N/A;N/A;N/A;N/A;N/A;N/A;N/A;N/A;N/A;N/A;N/A;N/A;N/A;N/A;N/A;N/A;N/A;N/A;N/A;N/A;N/A;N/A;N/A;N/A;N/A;N/A;N/A;N/A;N/A;N/A;N/A;N/A;N/A;N/A;N/A;N/A;N/A;N/A;N/A;N/A;N/A;N/A;N/A;N/A;N/A;N/A;N/A;N/A;N/A;N/A;N/A;N/A;N/A;N/A;Sí;N/A;Sí;N/A;N/A;N/A;N/A;Sí;N/A;N/A
Toyota;"Rav4 Hybrid";"2.5 S Plus 2Wd E-Cvt";2023;"101500 km";;VALEX29BRUCE;39900;;;;;"Parque Batlle";https://auto.mercadolibre.com.uy/MLU-646354019-toyota-rav4-s-plus-hibrida-2019-divina--_JM;N/A;;"Toyota Rav4 S Plus Híbrida 2019 Divina !!!";usd;Sí;gold_premium;false;N/A;N/A;http://perfil.mercadolibre.com.uy/VALEX29BRUCE;active;N/A;N/A;Usado;Blanco;N/A;N/A;4x2;N/A;N/A;N/A;N/A;N/A;N/A;N/A;N/A;N/A;N/A;N/A;N/A;N/A;N/A;N/A;N/A;N/A;N/A;N/A;N/A;N/A;N/A;N/A;N/A;N/A;"2660 mm";"2.5 L";"60 L";6;N/A;N/A;N/A;N/A;N/A;N/A;N/A;N/A;N/A;N/A;N/A;N/A;N/A;N/A;N/A;N/A;N/A;N/A;N/A;N/A;N/A;N/A;N/A;N/A;N/A;N/A;N/A;N/A;N/A;N/A;N/A;N/A;N/A;N/A;N/A;N/A;N/A;N/A;N/A;N/A;N/A;N/A;N/A;N/A;N/A;"1685 mm";"4600 mm";N/A;N/A;N/A;N/A;5;"218 hp";"S Plus";N/A;4;"1855 mm";N/A;N/A;N/A;N/A;N/A;N/A;N/A;N/A;N/A;N/A;N/A;N/A;N/A;N/A;N/A;N/A;N/A;N/A;5;2.5;Híbrido;Automática;SUV;"Autos y camionetas";N/A;N/A;N/A;N/A;N/A;N/A;UY;N/A;N/A;N/A;N/A;N/A;N/A;N/A;N/A;N/A;N/A;N/A;N/A;N/A;N/A;N/A;N/A;N/A;N/A;N/A;N/A;N/A;N/A;N/A;N/A;N/A;N/A;N/A;N/A;N/A;N/A;N/A;N/A;N/A;N/A;N/A;N/A;N/A;N/A;N/A;N/A;N/A;N/A;N/A;N/A;N/A;N/A;N/A;N/A;N/A;N/A;N/A;N/A;N/A;N/A;N/A;N/A;N/A;N/A;N/A;N/A;N/A;N/A;N/A;N/A;N/A;N/A;N/A;N/A;N/A;N/A;N/A;N/A;N/A;N/A;N/A;N/A;N/A;N/A;N/A;N/A;N/A;N/A;N/A;N/A;N/A;N/A;N/A;N/A;N/A;N/A;N/A;N/A;N/A;N/A;N/A;N/A;N/A;N/A;N/A;N/A;N/A;N/A;N/A;N/A;N/A;N/A;N/A;N/A;N/A;N/A;N/A;N/A;N/A;N/A;N/A
Toyota;Corolla;"1.6 Gli";1998;"294000 km";;GUILLEVÁZQUEZ;7900;;;;;Prado;https://auto.mercadolibre.com.uy/MLU-699470762-toyota-corolla-_JM;N/A;;"Toyota Corolla";usd;No;gold_premium;false;N/A;N/A;http://perfil.mercadolibre.com.uy/GUILLEV%C3%81ZQUEZ;active;N/A;N/A;Usado;Verde;N/A;Hidráulica;Delantera;Sí;N/A;N/A;N/A;N/A;N/A;N/A;N/A;N/A;N/A;N/A;N/A;N/A;N/A;N/A;N/A;N/A;N/A;N/A;N/A;N/A;N/A;N/A;N/A;N/A;"2465 mm";"1.6 L";"50 L";5;N/A;N/A;N/A;N/A;N/A;N/A;N/A;N/A;N/A;N/A;N/A;N/A;N/A;N/A;N/A;N/A;N/A;N/A;N/A;N/A;N/A;N/A;N/A;N/A;N/A;N/A;N/A;N/A;N/A;N/A;N/A;N/A;N/A;N/A;N/A;N/A;N/A;N/A;N/A;N/A;N/A;N/A;N/A;N/A;N/A;"1385 mm";"4295 mm";N/A;N/A;N/A;N/A;5;"110 hp";Gli;N/A;4;"1690 mm";"9 km/l";N/A;N/A;N/A;N/A;N/A;N/A;N/A;N/A;N/A;N/A;N/A;N/A;N/A;N/A;N/A;N/A;"En cualquier horario coherente";4;1.6;Nafta;Manual;Sedán;"Autos y camionetas";N/A;N/A;N/A;N/A;N/A;N/A;UY;N/A;N/A;N/A;N/A;N/A;N/A;N/A;N/A;N/A;N/A;N/A;N/A;N/A;N/A;N/A;N/A;N/A;N/A;N/A;N/A;N/A;N/A;N/A;N/A;N/A;N/A;N/A;N/A;N/A;N/A;N/A;N/A;N/A;N/A;N/A;N/A;N/A;N/A;N/A;N/A;N/A;N/A;N/A;N/A;N/A;N/A;N/A;N/A;N/A;N/A;N/A;N/A;N/A;N/A;N/A;N/A;N/A;N/A;N/A;N/A;N/A;N/A;N/A;N/A;N/A;N/A;N/A;N/A;N/A;N/A;N/A;N/A;N/A;N/A;N/A;N/A;N/A;N/A;N/A;N/A;N/A;N/A;N/A;N/A;N/A;N/A;N/A;N/A;N/A;N/A;N/A;N/A;N/A;N/A;N/A;N/A;N/A;N/A;N/A;N/A;N/A;N/A;N/A;N/A;N/A;N/A;N/A;Sí;N/A;N/A;N/A;N/A;N/A;N/A;N/A
Toyota;"Corolla Cross";"1.8 Xei Hybrid E-cvt";2024;"0 km";;RURALAUTOMOTORA;40990;;;;;Trinidad;https://auto.mercadolibre.com.uy/MLU-698641718-toyota-corolla-cross-2024-18-xei-hybrid-e-cvt-_JM;N/A;;"Toyota Corolla Cross 2024 1.8 Xei Hybrid E-cvt";usd;Sí;gold_premium;false;N/A;N/A;http://perfil.mercadolibre.com.uy/RURALAUTOMOTORA;active;N/A;N/A;Nuevo;N/A;N/A;Eléctrica;4x2;Sí;N/A;Sí;N/A;N/A;N/A;N/A;N/A;N/A;N/A;N/A;N/A;N/A;N/A;N/A;N/A;N/A;N/A;N/A;N/A;N/A;N/A;N/A;N/A;N/A;"2660 mm";"1.8 L";"60 L";5;N/A;N/A;N/A;N/A;N/A;N/A;N/A;N/A;N/A;N/A;N/A;N/A;N/A;N/A;N/A;N/A;N/A;N/A;N/A;N/A;N/A;N/A;N/A;N/A;N/A;N/A;N/A;N/A;N/A;N/A;N/A;N/A;N/A;N/A;N/A;N/A;N/A;N/A;N/A;N/A;N/A;N/A;N/A;N/A;N/A;"1715 mm";"4570 mm";N/A;N/A;N/A;N/A;5;"146 hp";Xei;N/A;4;"1845 mm";N/A;N/A;N/A;N/A;N/A;N/A;N/A;N/A;N/A;N/A;N/A;"10.9 km/l";N/A;N/A;N/A;N/A;N/A;N/A;5;1.8;Híbrido;Automática;SUV;"Autos y camionetas";N/A;N/A;N/A;N/A;N/A;N/A;UY;N/A;N/A;N/A;N/A;N/A;N/A;N/A;N/A;N/A;N/A;N/A;N/A;N/A;N/A;N/A;N/A;N/A;N/A;N/A;N/A;N/A;N/A;N/A;N/A;N/A;N/A;N/A;N/A;N/A;N/A;N/A;N/A;N/A;N/A;N/A;N/A;N/A;N/A;N/A;N/A;N/A;N/A;N/A;N/A;N/A;N/A;N/A;N/A;N/A;N/A;N/A;N/A;N/A;N/A;N/A;N/A;N/A;N/A;N/A;N/A;N/A;N/A;N/A;N/A;N/A;N/A;N/A;N/A;N/A;N/A;N/A;N/A;N/A;N/A;N/A;N/A;N/A;N/A;N/A;N/A;N/A;N/A;N/A;N/A;N/A;N/A;N/A;N/A;N/A;N/A;N/A;N/A;N/A;N/A;N/A;N/A;N/A;N/A;N/A;N/A;N/A;N/A;N/A;N/A;N/A;Sí;N/A;Sí;N/A;N/A;N/A;N/A;Sí;N/A;N/A
Toyota;Raize;"1.0 Turbo  Glx Cvt";2023;"0 km";;RURALAUTOMOTORA;32990;;;;;Trinidad;https://auto.mercadolibre.com.uy/MLU-698220990-toyota-raize-2023-10-turbo-glx-cvt-_JM;N/A;;"Toyota Raize 2023 1.0 Turbo  Glx Cvt";usd;Sí;gold_premium;false;N/A;N/A;http://perfil.mercadolibre.com.uy/RURALAUTOMOTORA;active;N/A;N/A;Nuevo;N/A;N/A;N/A;Delantera;N/A;N/A;N/A;N/A;N/A;N/A;N/A;N/A;N/A;N/A;N/A;N/A;N/A;N/A;N/A;N/A;N/A;N/A;N/A;N/A;N/A;N/A;N/A;N/A;N/A;N/A;"1 L";N/A;6;N/A;N/A;N/A;N/A;N/A;N/A;N/A;N/A;N/A;N/A;N/A;N/A;N/A;N/A;N/A;N/A;N/A;N/A;N/A;N/A;N/A;N/A;N/A;N/A;N/A;N/A;N/A;N/A;N/A;N/A;N/A;N/A;N/A;N/A;N/A;N/A;N/A;N/A;N/A;N/A;N/A;N/A;N/A;N/A;N/A;"1630 mm";"4030 mm";N/A;N/A;N/A;N/A;5;"98 hp";Glx;N/A;4;"1710 mm";N/A;N/A;N/A;N/A;N/A;N/A;N/A;N/A;N/A;N/A;N/A;N/A;N/A;N/A;N/A;N/A;N/A;N/A;5;1.0;Nafta;Automática;SUV;"Autos y camionetas";N/A;N/A;N/A;N/A;N/A;N/A;UY;N/A;N/A;N/A;N/A;N/A;N/A;N/A;N/A;N/A;N/A;N/A;N/A;N/A;N/A;N/A;N/A;N/A;N/A;N/A;N/A;N/A;N/A;N/A;N/A;N/A;N/A;N/A;N/A;N/A;N/A;N/A;N/A;N/A;N/A;N/A;N/A;N/A;N/A;N/A;N/A;N/A;N/A;N/A;N/A;N/A;N/A;N/A;N/A;N/A;N/A;N/A;N/A;N/A;N/A;N/A;N/A;N/A;N/A;N/A;N/A;N/A;N/A;N/A;N/A;N/A;N/A;N/A;N/A;N/A;N/A;N/A;N/A;N/A;N/A;N/A;N/A;N/A;N/A;N/A;N/A;N/A;N/A;N/A;N/A;N/A;N/A;N/A;N/A;N/A;N/A;N/A;N/A;N/A;N/A;N/A;N/A;N/A;N/A;N/A;N/A;N/A;N/A;N/A;N/A;N/A;N/A;N/A;N/A;N/A;N/A;N/A;N/A;N/A;N/A;N/A
Toyota;"Rav4 Hybrid";"S PLUS";2019;"101300 km";;VALEX29BRUCE;39900;;;;;"Parque Batlle";https://auto.mercadolibre.com.uy/MLU-700351636-toyota-rav4-s-plus-hibrida-2019-divina--_JM;N/A;;"Toyota Rav4 S Plus Híbrida 2019 Divina !!! ";USD;Sí;gold_premium;false;N/A;N/A;http://perfil.mercadolibre.com.uy/VALEX29BRUCE;active;N/A;N/A;Usado;Blanco;N/A;Eléctrica;Delantera;N/A;N/A;N/A;N/A;N/A;N/A;N/A;N/A;N/A;N/A;N/A;N/A;N/A;N/A;N/A;N/A;N/A;N/A;N/A;N/A;N/A;N/A;N/A;N/A;N/A;N/A;N/A;N/A;N/A;N/A;N/A;N/A;N/A;N/A;N/A;N/A;N/A;N/A;N/A;N/A;N/A;N/A;N/A;N/A;N/A;N/A;N/A;N/A;N/A;N/A;N/A;N/A;N/A;N/A;N/A;N/A;N/A;N/A;N/A;N/A;N/A;N/A;N/A;N/A;N/A;N/A;N/A;N/A;N/A;N/A;N/A;N/A;N/A;N/A;N/A;N/A;N/A;N/A;N/A;N/A;N/A;N/A;N/A;N/A;N/A;N/A;N/A;Sí;N/A;N/A;N/A;N/A;Sí;Sí;N/A;N/A;N/A;N/A;N/A;N/A;N/A;N/A;N/A;N/A;5;2.5;Híbrido;"Automática secuencial";Crossover;"Autos y camionetas";N/A;N/A;N/A;N/A;N/A;N/A;N/A;N/A;N/A;N/A;N/A;N/A;N/A;N/A;N/A;N/A;N/A;N/A;N/A;N/A;N/A;N/A;N/A;N/A;N/A;N/A;N/A;N/A;N/A;N/A;N/A;N/A;N/A;N/A;N/A;N/A;N/A;N/A;N/A;N/A;N/A;N/A;N/A;N/A;N/A;N/A;N/A;N/A;N/A;N/A;N/A;N/A;N/A;N/A;N/A;N/A;N/A;N/A;N/A;N/A;N/A;N/A;N/A;N/A;N/A;N/A;N/A;N/A;N/A;N/A;N/A;N/A;N/A;N/A;N/A;N/A;N/A;N/A;N/A;N/A;N/A;N/A;N/A;N/A;N/A;N/A;N/A;N/A;N/A;N/A;N/A;N/A;N/A;N/A;N/A;N/A;N/A;N/A;N/A;N/A;N/A;N/A;N/A;N/A;N/A;N/A;N/A;N/A;N/A;N/A;N/A;N/A;N/A;N/A;N/A;N/A;N/A;N/A;N/A;N/A;N/A;N/A
Toyota;RAV4;"2.5 Hybrid";2022;"70500 km";;NEDALCAR_AUTOMOVILES;49900;;;;;"Aeropuerto Internacional De Carrasco";https://auto.mercadolibre.com.uy/MLU-693618524-toyota-rav4-2022-25-hybrid-_JM;N/A;;"Toyota Rav4 2022 2.5 Hybrid";usd;Sí;gold_premium;false;N/A;N/A;http://perfil.mercadolibre.com.uy/NEDALCAR_AUTOMOVILES;active;N/A;N/A;Usado;N/A;N/A;Eléctrica;4x4;Sí;N/A;Sí;N/A;N/A;N/A;N/A;N/A;Sí;N/A;N/A;N/A;N/A;N/A;N/A;N/A;N/A;N/A;N/A;N/A;N/A;N/A;N/A;N/A;N/A;"2660 mm";"2.5 L";"60 L";6;N/A;N/A;N/A;N/A;N/A;N/A;N/A;N/A;N/A;N/A;N/A;N/A;N/A;N/A;N/A;N/A;N/A;N/A;N/A;N/A;N/A;N/A;N/A;N/A;N/A;N/A;N/A;N/A;N/A;N/A;N/A;N/A;N/A;N/A;N/A;Sí;N/A;N/A;N/A;N/A;N/A;N/A;N/A;N/A;N/A;"1715 mm";"4570 mm";N/A;N/A;N/A;N/A;5;"180 hp";Hybrid;N/A;4;"1845 mm";N/A;Sí;N/A;N/A;N/A;N/A;N/A;N/A;N/A;Sí;N/A;N/A;N/A;N/A;N/A;N/A;N/A;N/A;5;2.5;Híbrido;Automática;SUV;"Autos y camionetas";N/A;N/A;N/A;N/A;N/A;N/A;UY;N/A;N/A;N/A;N/A;N/A;N/A;N/A;N/A;N/A;N/A;N/A;N/A;N/A;N/A;N/A;N/A;N/A;N/A;N/A;N/A;N/A;N/A;N/A;N/A;N/A;N/A;N/A;N/A;N/A;N/A;N/A;N/A;N/A;N/A;N/A;N/A;N/A;N/A;N/A;N/A;N/A;N/A;N/A;N/A;N/A;N/A;N/A;N/A;N/A;N/A;N/A;N/A;N/A;N/A;N/A;N/A;N/A;N/A;N/A;N/A;N/A;N/A;N/A;N/A;N/A;N/A;N/A;N/A;N/A;N/A;N/A;N/A;N/A;N/A;N/A;N/A;N/A;N/A;N/A;N/A;N/A;N/A;N/A;N/A;N/A;N/A;N/A;N/A;N/A;N/A;N/A;N/A;N/A;N/A;N/A;N/A;N/A;N/A;N/A;N/A;N/A;N/A;N/A;N/A;N/A;Sí;N/A;Sí;N/A;N/A;N/A;N/A;Sí;N/A;N/A
Toyota;Yaris;"XLS TSS";2024;"0 km";;"CASARIEGO CERTIFICADOS";27490;;;;;Melo;https://auto.mercadolibre.com.uy/MLU-644087431-toyota-yaris-xls-tss-15-2024-0km-_JM;N/A;;"Toyota Yaris Xls Tss 1.5 2024 0km";USD;Sí;gold_premium;false;N/A;N/A;http://perfil.mercadolibre.com.uy/CASARIEGO+CERTIFICADOS;active;N/A;N/A;Nuevo;"Gris oscuro";N/A;Eléctrica;N/A;N/A;Sí;Sí;N/A;N/A;N/A;Sí;Sí;Sí;N/A;Sí;Sí;Sí;N/A;Sí;N/A;N/A;N/A;N/A;N/A;N/A;N/A;N/A;N/A;N/A;N/A;"1500 cc";N/A;6;N/A;N/A;Sí;Sí;Sí;N/A;Sí;N/A;N/A;N/A;N/A;N/A;N/A;N/A;N/A;N/A;N/A;N/A;N/A;N/A;N/A;N/A;N/A;Sí;N/A;Sí;N/A;N/A;N/A;N/A;N/A;N/A;N/A;N/A;N/A;N/A;Sí;N/A;N/A;N/A;N/A;N/A;Sí;N/A;N/A;N/A;N/A;N/A;N/A;N/A;N/A;N/A;N/A;N/A;N/A;N/A;N/A;"16 km/l";N/A;N/A;Sí;Sí;Sí;N/A;Sí;N/A;N/A;N/A;"18 km/l";N/A;N/A;N/A;N/A;Sí;"Lun. a Vie. 8 a 12:30 y 14:30 a 20 hs. Sáb. 8 a 13 hs.";5;1.5;Nafta;Automática;Hatchback;"Autos y camionetas";No;N/A;N/A;N/A;No;N/A;N/A;No;Sí;No;No;N/A;N/A;N/A;N/A;N/A;N/A;N/A;N/A;N/A;N/A;N/A;N/A;N/A;N/A;N/A;N/A;N/A;N/A;N/A;N/A;N/A;N/A;N/A;N/A;N/A;N/A;N/A;N/A;N/A;N/A;N/A;N/A;Sí;N/A;N/A;N/A;N/A;N/A;N/A;N/A;N/A;N/A;N/A;N/A;N/A;N/A;N/A;N/A;N/A;N/A;Sí;No;N/A;N/A;N/A;N/A;N/A;N/A;N/A;N/A;N/A;N/A;N/A;N/A;N/A;N/A;N/A;N/A;N/A;N/A;N/A;N/A;N/A;N/A;N/A;N/A;N/A;N/A;N/A;N/A;N/A;N/A;N/A;N/A;N/A;Sí;N/A;Sí;Sí;Sí;Sí;N/A;N/A;Sí;Sí;N/A;N/A;N/A;N/A;Sí;Sí;Sí;N/A;Sí;Sí;Sí;N/A;N/A;N/A;N/A;Sí
Toyota;Hilux;"2.5 Cs Dx Pack Tdi 120cv 4x2";2014;"264000 km";;FELIPEB55;27900;;;;;Carrasco;https://auto.mercadolibre.com.uy/MLU-646933579-toyota-hilux-25-cs-dx-pack-tdi-120cv-4x2-_JM;N/A;;"Toyota Hilux 2.5 Cs Dx Pack Tdi 120cv 4x2";usd;Sí;gold_premium;false;N/A;N/A;http://perfil.mercadolibre.com.uy/FELIPEB55;active;N/A;N/A;Usado;Negro;No;Hidráulica;4x2;Sí;Sí;N/A;N/A;N/A;N/A;N/A;N/A;N/A;N/A;N/A;N/A;Sí;N/A;N/A;N/A;N/A;N/A;N/A;N/A;N/A;N/A;N/A;N/A;N/A;"2860 mm";"2.5 L";"80 L";5;N/A;N/A;N/A;N/A;N/A;N/A;N/A;N/A;N/A;N/A;N/A;N/A;N/A;N/A;N/A;N/A;N/A;N/A;N/A;N/A;N/A;N/A;N/A;N/A;N/A;N/A;N/A;N/A;N/A;N/A;N/A;N/A;N/A;N/A;N/A;N/A;N/A;N/A;N/A;N/A;N/A;N/A;N/A;N/A;N/A;"1795 mm";"5260 mm";N/A;N/A;N/A;N/A;3;"120 hp";Dx;N/A;4;"1855 mm";N/A;N/A;N/A;Sí;Sí;N/A;N/A;N/A;N/A;N/A;N/A;N/A;N/A;N/A;N/A;N/A;N/A;"A partir de las 17 hs";4;2.5;Diésel;Manual;Pick-Up;"Autos y camionetas";N/A;N/A;N/A;N/A;N/A;N/A;UY;N/A;No;N/A;N/A;N/A;N/A;N/A;N/A;N/A;N/A;N/A;N/A;N/A;N/A;N/A;N/A;N/A;N/A;N/A;N/A;N/A;N/A;N/A;N/A;N/A;N/A;N/A;N/A;N/A;N/A;N/A;N/A;N/A;N/A;N/A;N/A;N/A;N/A;N/A;N/A;N/A;N/A;N/A;N/A;N/A;N/A;N/A;N/A;N/A;N/A;N/A;N/A;N/A;N/A;N/A;Sí;N/A;N/A;N/A;N/A;N/A;N/A;N/A;N/A;N/A;N/A;N/A;N/A;N/A;N/A;N/A;N/A;N/A;N/A;N/A;N/A;N/A;N/A;N/A;N/A;N/A;N/A;N/A;N/A;N/A;N/A;N/A;N/A;N/A;Sí;N/A;N/A;N/A;Sí;N/A;N/A;N/A;N/A;Sí;N/A;N/A;Sí;N/A;N/A;No;Sí;Sí;Sí;N/A;Sí;Sí;N/A;N/A;N/A;Sí
Toyota;Hilux;"2.8 Turbo Diesel";2020;"80000 km";;TELIZAUTOMOVILES;51900;;;;;"La Comercial";https://auto.mercadolibre.com.uy/MLU-646322707-toyota-hilux-srv-plus-desc-iva-at-_JM;N/A;;"Toyota Hilux Srv Plus Desc Iva At";USD;Sí;gold_premium;false;N/A;N/A;http://perfil.mercadolibre.com.uy/TELIZAUTOMOVILES;active;N/A;N/A;Usado;Rojo;N/A;Hidráulica;4x4;Sí;Sí;N/A;N/A;N/A;N/A;N/A;N/A;Sí;N/A;N/A;N/A;Sí;N/A;N/A;N/A;N/A;N/A;N/A;N/A;N/A;N/A;N/A;N/A;N/A;N/A;N/A;N/A;N/A;N/A;N/A;N/A;N/A;N/A;N/A;N/A;N/A;N/A;N/A;N/A;N/A;N/A;N/A;N/A;N/A;N/A;N/A;N/A;N/A;N/A;N/A;N/A;N/A;N/A;N/A;N/A;N/A;N/A;N/A;N/A;N/A;N/A;N/A;N/A;N/A;N/A;N/A;N/A;N/A;N/A;N/A;N/A;N/A;N/A;N/A;N/A;N/A;N/A;N/A;N/A;N/A;N/A;N/A;N/A;N/A;N/A;N/A;Sí;N/A;Sí;Sí;N/A;N/A;Sí;N/A;N/A;N/A;N/A;Sí;N/A;N/A;N/A;Sí;"24 HS";4;"2.8 Turbo Diesel";Diésel;Automática;Pick-Up;"Autos y camionetas";N/A;N/A;N/A;N/A;N/A;N/A;N/A;N/A;Sí;N/A;N/A;N/A;N/A;N/A;N/A;N/A;N/A;N/A;N/A;N/A;N/A;N/A;N/A;N/A;Sí;N/A;N/A;N/A;N/A;N/A;N/A;N/A;N/A;N/A;N/A;N/A;N/A;N/A;N/A;N/A;N/A;N/A;N/A;N/A;N/A;N/A;N/A;N/A;N/A;N/A;N/A;N/A;N/A;N/A;N/A;N/A;N/A;N/A;N/A;N/A;N/A;N/A;N/A;N/A;N/A;N/A;N/A;N/A;N/A;N/A;N/A;N/A;N/A;N/A;N/A;N/A;N/A;N/A;N/A;N/A;N/A;N/A;N/A;N/A;N/A;N/A;N/A;N/A;N/A;N/A;N/A;N/A;N/A;N/A;N/A;N/A;Sí;Sí;Sí;N/A;Sí;N/A;N/A;N/A;N/A;Sí;Sí;N/A;Sí;N/A;N/A;N/A;Sí;Sí;Sí;Sí;Sí;N/A;N/A;Sí;N/A;Sí
Toyota;Hilux;"3.0 Cd Srv Cuero Tdi 171cv 4x2";2013;"248000 km";;VELOMAR2011;35000;;;;;Maldonado;https://auto.mercadolibre.com.uy/MLU-699655980-toyota-hilux-30-cd-srv-cuero-tdi-171cv-4x2-_JM;N/A;;"Toyota Hilux 3.0 Cd Srv Cuero Tdi 171cv 4x2";usd;Sí;gold_premium;false;N/A;N/A;http://perfil.mercadolibre.com.uy/VELOMAR2011;active;N/A;N/A;Usado;Plateado;No;Hidráulica;4x2;Sí;Sí;Sí;N/A;N/A;N/A;N/A;N/A;N/A;N/A;N/A;Sí;Sí;N/A;N/A;N/A;N/A;N/A;N/A;N/A;N/A;N/A;N/A;N/A;N/A;"2860 mm";"3 L";"80 L";5;N/A;N/A;N/A;N/A;N/A;Sí;N/A;N/A;N/A;N/A;N/A;N/A;N/A;N/A;N/A;N/A;N/A;N/A;N/A;N/A;N/A;N/A;N/A;N/A;N/A;N/A;N/A;N/A;N/A;N/A;N/A;N/A;N/A;N/A;N/A;N/A;N/A;N/A;N/A;N/A;N/A;N/A;N/A;N/A;N/A;"1860 mm";"5260 mm";N/A;N/A;N/A;N/A;5;"171 hp";"Srv Cuero";N/A;4;"1855 mm";N/A;N/A;N/A;Sí;Sí;N/A;Sí;Sí;N/A;N/A;N/A;N/A;Sí;N/A;N/A;N/A;N/A;"Toda la semana de 7 a 18";4;3.0;Diésel;Manual;Pick-Up;"Autos y camionetas";N/A;N/A;N/A;N/A;N/A;N/A;UY;N/A;N/A;N/A;N/A;N/A;N/A;N/A;N/A;N/A;N/A;N/A;N/A;N/A;N/A;N/A;N/A;N/A;N/A;N/A;N/A;N/A;N/A;N/A;N/A;N/A;N/A;N/A;N/A;N/A;N/A;N/A;N/A;N/A;N/A;N/A;N/A;N/A;N/A;N/A;N/A;N/A;N/A;N/A;N/A;N/A;N/A;N/A;N/A;N/A;N/A;N/A;N/A;N/A;N/A;N/A;N/A;N/A;N/A;N/A;N/A;N/A;N/A;N/A;N/A;N/A;N/A;N/A;N/A;N/A;N/A;N/A;N/A;N/A;N/A;N/A;N/A;N/A;N/A;N/A;N/A;N/A;N/A;N/A;N/A;N/A;N/A;N/A;N/A;N/A;Sí;Sí;N/A;N/A;Sí;N/A;N/A;N/A;N/A;Sí;N/A;N/A;Sí;N/A;N/A;Sí;Sí;Sí;Sí;N/A;N/A;N/A;N/A;Sí;N/A;N/A
Toyota;Hilux;"3.0 Cd Srv Cuero Tdi 171cv 4x2";2013;"333000 km";;FISA1935066;33990;;;;;Florida;https://auto.mercadolibre.com.uy/MLU-699679218-toyota-hilux-30-cd-srv-cuero-tdi-171cv-4x2-_JM;N/A;;"Toyota Hilux 3.0 Cd Srv Cuero Tdi 171cv 4x2";usd;Sí;gold_premium;false;N/A;N/A;http://perfil.mercadolibre.com.uy/FISA1935066;active;N/A;N/A;Usado;Negro;N/A;Hidráulica;4x2;Sí;N/A;Sí;N/A;N/A;N/A;N/A;N/A;N/A;N/A;N/A;N/A;N/A;N/A;N/A;N/A;N/A;N/A;N/A;N/A;N/A;N/A;N/A;N/A;N/A;"2860 mm";"3 L";"80 L";5;N/A;N/A;N/A;N/A;N/A;N/A;N/A;N/A;N/A;N/A;N/A;N/A;N/A;N/A;N/A;N/A;N/A;N/A;N/A;N/A;N/A;N/A;N/A;N/A;N/A;N/A;N/A;N/A;N/A;N/A;N/A;N/A;N/A;N/A;N/A;N/A;N/A;N/A;N/A;N/A;N/A;N/A;N/A;N/A;N/A;"1860 mm";"5260 mm";N/A;N/A;N/A;N/A;5;"171 hp";"Srv Cuero";N/A;4;"1855 mm";N/A;N/A;N/A;N/A;N/A;N/A;N/A;Sí;N/A;N/A;N/A;N/A;N/A;N/A;N/A;N/A;N/A;"L a d";4;3.0;Diésel;Manual;Pick-Up;"Autos y camionetas";N/A;N/A;N/A;N/A;N/A;N/A;UY;N/A;N/A;N/A;N/A;N/A;N/A;N/A;N/A;N/A;N/A;N/A;N/A;N/A;N/A;N/A;N/A;N/A;N/A;N/A;N/A;N/A;N/A;N/A;N/A;N/A;N/A;N/A;N/A;N/A;N/A;N/A;N/A;N/A;N/A;N/A;N/A;N/A;N/A;N/A;N/A;N/A;N/A;N/A;N/A;N/A;N/A;N/A;N/A;N/A;N/A;N/A;N/A;N/A;N/A;N/A;N/A;N/A;N/A;N/A;N/A;N/A;N/A;N/A;N/A;N/A;N/A;N/A;N/A;N/A;N/A;N/A;N/A;N/A;N/A;N/A;N/A;N/A;N/A;N/A;N/A;N/A;N/A;N/A;N/A;N/A;N/A;N/A;N/A;N/A;N/A;N/A;N/A;N/A;N/A;N/A;N/A;N/A;N/A;N/A;N/A;N/A;N/A;N/A;N/A;N/A;Sí;N/A;Sí;N/A;N/A;N/A;N/A;Sí;N/A;N/A
Toyota;Corolla;"1.8 Xei";2018;"116000 km";;NESMAXIMILIANO;22900;;;;;Atahualpa;https://auto.mercadolibre.com.uy/MLU-698340924-toyota-corolla-18-xei-_JM;N/A;;"Toyota Corolla 1.8 Xei";usd;Sí;gold_premium;false;N/A;N/A;http://perfil.mercadolibre.com.uy/NESMAXIMILIANO;active;N/A;N/A;Usado;Blanco;Sí;Eléctrica;Delantera;Sí;Sí;N/A;N/A;N/A;Sí;N/A;N/A;No;N/A;N/A;Sí;Sí;N/A;Sí;N/A;N/A;N/A;N/A;N/A;N/A;N/A;N/A;N/A;N/A;"2700 mm";"1.8 L";"60 L";5;N/A;N/A;N/A;N/A;N/A;No;N/A;N/A;N/A;N/A;N/A;N/A;N/A;N/A;N/A;N/A;N/A;N/A;N/A;N/A;N/A;N/A;N/A;N/A;N/A;N/A;N/A;N/A;N/A;No;N/A;N/A;N/A;N/A;N/A;N/A;N/A;N/A;N/A;N/A;N/A;N/A;N/A;N/A;N/A;"1475 mm";"4620 mm";N/A;N/A;N/A;N/A;5;"134 hp";Xei;N/A;4;"1775 mm";"13.2 km/l";No;N/A;Sí;Sí;N/A;Sí;Sí;N/A;No;N/A;N/A;No;Sí;N/A;N/A;No;"Todos los dias";4;1.8;Nafta;Manual;Sedán;"Autos y camionetas";Sí;N/A;N/A;N/A;No;N/A;UY;N/A;Sí;N/A;Sí;N/A;N/A;N/A;N/A;N/A;N/A;N/A;N/A;N/A;N/A;N/A;N/A;N/A;Sí;N/A;N/A;N/A;N/A;N/A;N/A;N/A;N/A;N/A;N/A;N/A;N/A;N/A;N/A;N/A;N/A;N/A;N/A;No;N/A;N/A;N/A;N/A;N/A;N/A;N/A;N/A;N/A;N/A;N/A;N/A;N/A;N/A;N/A;N/A;N/A;No;Sí;N/A;N/A;N/A;N/A;N/A;N/A;N/A;N/A;N/A;N/A;N/A;N/A;N/A;N/A;N/A;N/A;N/A;N/A;N/A;N/A;N/A;N/A;N/A;N/A;N/A;N/A;N/A;N/A;N/A;N/A;N/A;N/A;No;Sí;Sí;Sí;N/A;Sí;N/A;N/A;N/A;N/A;Sí;No;Sí;Sí;N/A;N/A;Sí;Sí;Sí;Sí;Sí;Sí;Sí;No;Sí;N/A;Sí
Toyota;Hilux;"3.0 SRV Tdi 4 x 4 automática 2011";2011;"426000 km";;LUISDUDOY;32900;;;;;Mercedes;https://auto.mercadolibre.com.uy/MLU-646284159-toyota-hilux-_JM;N/A;;"Toyota Hilux";usd;Sí;gold_premium;false;N/A;N/A;http://perfil.mercadolibre.com.uy/LUISDUDOY;active;N/A;N/A;Usado;Azul;Sí;Hidráulica;4x4;Sí;N/A;Sí;N/A;N/A;N/A;N/A;N/A;No;N/A;N/A;N/A;Sí;N/A;No;N/A;N/A;N/A;N/A;N/A;N/A;N/A;N/A;N/A;N/A;"2860 mm";"3 L";"80 L";5;N/A;N/A;N/A;N/A;N/A;No;N/A;N/A;N/A;N/A;N/A;N/A;N/A;N/A;N/A;N/A;N/A;N/A;N/A;N/A;N/A;N/A;N/A;N/A;N/A;N/A;N/A;N/A;N/A;No;N/A;N/A;N/A;N/A;N/A;N/A;N/A;N/A;N/A;N/A;N/A;N/A;N/A;N/A;N/A;"1820 mm";"5255 mm";N/A;N/A;N/A;N/A;5;"163 hp";Srv;N/A;4;"1855 mm";N/A;No;N/A;No;Sí;N/A;Sí;Sí;N/A;No;N/A;N/A;N/A;Sí;N/A;N/A;Sí;"Todos los días de 8 hs a 22 hs";4;3.0;Diésel;Automática;Pick-Up;"Autos y camionetas";No;N/A;N/A;N/A;No;N/A;UY;N/A;Sí;N/A;Sí;N/A;N/A;N/A;N/A;N/A;N/A;N/A;N/A;N/A;N/A;N/A;N/A;N/A;N/A;N/A;N/A;N/A;N/A;N/A;N/A;N/A;N/A;N/A;N/A;N/A;N/A;N/A;N/A;N/A;N/A;N/A;N/A;No;N/A;N/A;N/A;N/A;N/A;N/A;N/A;N/A;N/A;N/A;N/A;N/A;N/A;N/A;N/A;N/A;N/A;No;Sí;N/A;N/A;N/A;N/A;N/A;N/A;N/A;N/A;N/A;N/A;N/A;N/A;N/A;N/A;N/A;N/A;N/A;N/A;N/A;N/A;N/A;N/A;N/A;N/A;N/A;N/A;N/A;N/A;N/A;N/A;N/A;N/A;N/A;N/A;N/A;Sí;N/A;N/A;N/A;N/A;N/A;N/A;N/A;N/A;N/A;N/A;N/A;N/A;N/A;Sí;N/A;Sí;Sí;Sí;No;Sí;Sí;N/A;Sí
Toyota;Hilux;"SRV Desc IVA";2023;"25000 km";;TELIZAUTOMOVILES;40500;;;;;"La Comercial";https://auto.mercadolibre.com.uy/MLU-693359412-toyota-hilux-27-dcabsrv-_JM;N/A;;"Toyota Hilux 2.7 D.cab.srv";usd;Sí;gold_premium;false;N/A;N/A;http://perfil.mercadolibre.com.uy/TELIZAUTOMOVILES;active;N/A;N/A;Usado;Blanco;Sí;Hidráulica;4x2;Sí;Sí;Sí;N/A;N/A;Sí;N/A;N/A;Sí;N/A;N/A;Sí;Sí;N/A;N/A;N/A;N/A;N/A;N/A;N/A;N/A;N/A;N/A;N/A;N/A;"2860 mm";"2.7 L";"80 L";5;N/A;N/A;N/A;N/A;N/A;N/A;N/A;N/A;N/A;Sí;N/A;N/A;N/A;N/A;N/A;N/A;N/A;N/A;N/A;N/A;N/A;N/A;N/A;N/A;N/A;N/A;N/A;N/A;N/A;N/A;N/A;N/A;N/A;Sí;N/A;N/A;N/A;N/A;N/A;N/A;N/A;N/A;N/A;N/A;N/A;"1850 mm";"5260 mm";N/A;N/A;N/A;N/A;5;"177 hp";Srv;N/A;2;"1855 mm";N/A;Sí;N/A;Sí;Sí;N/A;Sí;N/A;N/A;N/A;N/A;N/A;Sí;Sí;N/A;N/A;Sí;"24 HS";4;2.7;Nafta;Manual;Pick-Up;"Autos y camionetas";N/A;N/A;N/A;N/A;N/A;N/A;UY;N/A;Sí;N/A;N/A;N/A;N/A;N/A;N/A;N/A;N/A;N/A;N/A;N/A;N/A;N/A;N/A;N/A;Sí;N/A;N/A;N/A;N/A;N/A;N/A;N/A;N/A;N/A;N/A;N/A;N/A;N/A;N/A;N/A;N/A;N/A;N/A;Sí;N/A;N/A;N/A;N/A;N/A;N/A;N/A;N/A;N/A;N/A;N/A;N/A;N/A;N/A;N/A;N/A;N/A;N/A;N/A;N/A;N/A;N/A;N/A;N/A;N/A;N/A;N/A;N/A;N/A;N/A;N/A;N/A;N/A;N/A;N/A;N/A;N/A;N/A;N/A;N/A;N/A;N/A;N/A;N/A;N/A;N/A;N/A;N/A;N/A;N/A;N/A;N/A;Sí;Sí;Sí;N/A;Sí;N/A;N/A;N/A;N/A;Sí;Sí;Sí;Sí;N/A;N/A;Sí;Sí;Sí;Sí;Sí;Sí;Sí;Sí;Sí;N/A;Sí
Toyota;RAV4;"2.5 Hybrid";2021;"91918 km";;ADEMAROSBALDE;45500;;;;;"Parque del Plata";https://auto.mercadolibre.com.uy/MLU-701777624-rav-4-limited-plus-2021-unico-dueno-todo-servicios-en-ayax-_JM;N/A;;"Rav-4 Limited Plus 2021 Único Dueño, Todo Servicios En Ayax.";usd;Sí;gold_premium;false;N/A;N/A;http://perfil.mercadolibre.com.uy/ADEMAROSBALDE;active;N/A;N/A;Usado;Blanco;Sí;Eléctrica;4x4;Sí;Sí;Sí;N/A;N/A;Sí;N/A;N/A;Sí;N/A;N/A;Sí;Sí;N/A;Sí;N/A;N/A;N/A;N/A;N/A;N/A;N/A;N/A;N/A;N/A;"2660 mm";"2.5 L";"60 L";6;N/A;N/A;N/A;N/A;N/A;Sí;N/A;N/A;N/A;N/A;N/A;N/A;N/A;N/A;N/A;N/A;N/A;N/A;N/A;N/A;N/A;N/A;N/A;N/A;N/A;N/A;N/A;N/A;N/A;No;N/A;N/A;N/A;N/A;N/A;Sí;N/A;N/A;N/A;N/A;N/A;N/A;N/A;N/A;N/A;"1715 mm";"4570 mm";N/A;N/A;N/A;N/A;5;"180 hp";Hybrid;N/A;4;"1845 mm";N/A;Sí;N/A;Sí;Sí;N/A;Sí;Sí;N/A;Sí;N/A;N/A;No;No;N/A;N/A;Sí;N/A;5;2.5;Híbrido;Automática;SUV;"Autos y camionetas";No;N/A;N/A;N/A;No;N/A;UY;N/A;No;N/A;No;N/A;N/A;N/A;N/A;N/A;N/A;N/A;N/A;N/A;N/A;N/A;N/A;N/A;Sí;N/A;N/A;N/A;N/A;N/A;N/A;N/A;N/A;N/A;N/A;N/A;N/A;N/A;N/A;N/A;N/A;N/A;N/A;Sí;N/A;N/A;N/A;N/A;N/A;N/A;N/A;N/A;N/A;N/A;N/A;N/A;N/A;N/A;N/A;N/A;N/A;N/A;N/A;N/A;N/A;N/A;N/A;N/A;N/A;N/A;N/A;N/A;N/A;N/A;N/A;N/A;N/A;N/A;N/A;N/A;N/A;N/A;N/A;N/A;N/A;N/A;N/A;N/A;N/A;N/A;N/A;N/A;N/A;N/A;N/A;No;Sí;Sí;Sí;N/A;Sí;N/A;N/A;N/A;N/A;Sí;Sí;Sí;Sí;N/A;N/A;Sí;Sí;Sí;Sí;Sí;Sí;No;No;Sí;N/A;Sí
Toyota;Hilux;"Doble Cabina";2024;"0 km";;OLIVERA.AUTOMOTORES;65990;;;;;Tacuarembó;https://auto.mercadolibre.com.uy/MLU-679360384-toyota-hilux-sr-_JM;N/A;;"Toyota Hilux Sr ";usd;Sí;gold_premium;false;N/A;N/A;http://perfil.mercadolibre.com.uy/OLIVERA.AUTOMOTORES;active;N/A;N/A;Nuevo;Gris;N/A;Hidráulica;4x2;Sí;Sí;Sí;N/A;N/A;N/A;N/A;N/A;N/A;N/A;N/A;Sí;Sí;N/A;N/A;N/A;N/A;N/A;N/A;N/A;N/A;N/A;N/A;N/A;N/A;"2860 mm";"2.7 L";"80 L";5;N/A;N/A;N/A;N/A;N/A;N/A;N/A;N/A;N/A;Sí;N/A;N/A;N/A;N/A;N/A;N/A;N/A;N/A;N/A;N/A;N/A;N/A;N/A;N/A;N/A;N/A;N/A;N/A;N/A;N/A;N/A;N/A;N/A;Sí;N/A;N/A;N/A;N/A;N/A;N/A;N/A;N/A;N/A;N/A;N/A;"1850 mm";"5260 mm";N/A;N/A;N/A;N/A;5;"177 hp";Dx;N/A;2;"1855 mm";N/A;Sí;N/A;N/A;N/A;N/A;N/A;Sí;N/A;N/A;N/A;N/A;N/A;N/A;N/A;N/A;N/A;N/A;4;2.7;Diésel;Automática;Pick-Up;"Autos y camionetas";N/A;N/A;N/A;N/A;N/A;N/A;UY;N/A;Sí;N/A;N/A;N/A;N/A;N/A;N/A;N/A;N/A;N/A;N/A;N/A;N/A;N/A;N/A;N/A;Sí;N/A;N/A;N/A;N/A;N/A;N/A;N/A;N/A;N/A;N/A;N/A;N/A;N/A;N/A;N/A;N/A;N/A;N/A;Sí;N/A;N/A;N/A;N/A;N/A;N/A;N/A;N/A;N/A;N/A;N/A;N/A;N/A;N/A;N/A;N/A;N/A;N/A;N/A;N/A;N/A;N/A;N/A;N/A;N/A;N/A;N/A;N/A;N/A;N/A;N/A;N/A;N/A;N/A;N/A;N/A;N/A;N/A;N/A;N/A;N/A;N/A;N/A;N/A;N/A;N/A;N/A;N/A;N/A;N/A;N/A;N/A;Sí;N/A;Sí;N/A;N/A;N/A;N/A;N/A;N/A;Sí;N/A;N/A;N/A;N/A;N/A;Sí;Sí;N/A;Sí;Sí;Sí;N/A;Sí;Sí;N/A;Sí
Toyota;Hilux;"SRV PLUS";2024;"0 km";;OLIVERA.AUTOMOTORES;79490;;;;;Tacuarembó;https://auto.mercadolibre.com.uy/MLU-677473872-toyota-hilux-srv-plus-_JM;N/A;;"Toyota Hilux Srv Plus ";usd;Sí;gold_premium;false;N/A;N/A;http://perfil.mercadolibre.com.uy/OLIVERA.AUTOMOTORES;active;N/A;N/A;Nuevo;Gris;N/A;Hidráulica;4x2;Sí;N/A;Sí;N/A;N/A;N/A;N/A;N/A;N/A;N/A;N/A;N/A;N/A;N/A;N/A;N/A;N/A;N/A;N/A;N/A;N/A;N/A;N/A;N/A;N/A;"2860 mm";"2.7 L";"80 L";5;N/A;N/A;N/A;N/A;N/A;N/A;N/A;N/A;N/A;Sí;N/A;N/A;N/A;N/A;N/A;N/A;N/A;N/A;N/A;N/A;N/A;N/A;N/A;N/A;N/A;N/A;N/A;N/A;N/A;N/A;N/A;N/A;N/A;Sí;N/A;N/A;N/A;N/A;N/A;N/A;N/A;N/A;N/A;N/A;N/A;"1850 mm";"5260 mm";N/A;N/A;N/A;N/A;5;"177 hp";Srv;N/A;2;"1855 mm";N/A;Sí;N/A;N/A;N/A;N/A;N/A;N/A;N/A;N/A;N/A;N/A;N/A;N/A;N/A;N/A;N/A;N/A;4;2.7;Diésel;Automática;Pick-Up;"Autos y camionetas";N/A;N/A;N/A;N/A;N/A;N/A;UY;N/A;Sí;N/A;N/A;N/A;N/A;N/A;N/A;N/A;N/A;N/A;N/A;N/A;N/A;N/A;N/A;N/A;N/A;N/A;N/A;N/A;N/A;N/A;N/A;N/A;N/A;N/A;N/A;N/A;N/A;N/A;N/A;N/A;N/A;N/A;N/A;Sí;N/A;N/A;N/A;N/A;N/A;N/A;N/A;N/A;N/A;N/A;N/A;N/A;N/A;N/A;N/A;N/A;N/A;N/A;N/A;N/A;N/A;N/A;N/A;N/A;N/A;N/A;N/A;N/A;N/A;N/A;N/A;N/A;N/A;N/A;N/A;N/A;N/A;N/A;N/A;N/A;N/A;N/A;N/A;N/A;N/A;N/A;N/A;N/A;N/A;N/A;N/A;N/A;N/A;N/A;N/A;N/A;N/A;N/A;N/A;N/A;N/A;N/A;N/A;N/A;N/A;N/A;N/A;N/A;Sí;N/A;Sí;N/A;N/A;N/A;Sí;Sí;N/A;N/A
Toyota;"Hilux GR";"Doble Cabina";2024;"0 km";;OLIVERA.AUTOMOTORES;85990;;;;;Tacuarembó;https://auto.mercadolibre.com.uy/MLU-677330252-toyota-hilux-gr-at-_JM;N/A;;"Toyota Hilux Gr At ";USD;Sí;gold_premium;false;N/A;N/A;http://perfil.mercadolibre.com.uy/OLIVERA.AUTOMOTORES;active;N/A;N/A;Nuevo;Negro;N/A;N/A;N/A;N/A;N/A;N/A;N/A;N/A;N/A;N/A;N/A;N/A;N/A;N/A;N/A;N/A;N/A;N/A;N/A;N/A;N/A;N/A;N/A;N/A;N/A;N/A;N/A;N/A;N/A;N/A;N/A;N/A;N/A;N/A;N/A;N/A;N/A;N/A;N/A;N/A;N/A;N/A;N/A;N/A;N/A;N/A;N/A;N/A;N/A;N/A;N/A;N/A;N/A;N/A;N/A;N/A;N/A;N/A;N/A;N/A;N/A;N/A;N/A;N/A;N/A;N/A;N/A;N/A;N/A;N/A;N/A;N/A;N/A;N/A;N/A;N/A;N/A;N/A;N/A;N/A;N/A;N/A;N/A;N/A;N/A;N/A;N/A;N/A;N/A;N/A;N/A;N/A;N/A;N/A;N/A;N/A;N/A;N/A;N/A;N/A;N/A;N/A;N/A;N/A;N/A;N/A;N/A;4;N/A;Diésel;Automática;N/A;"Autos y camionetas";N/A;N/A;N/A;N/A;N/A;N/A;N/A;N/A;Sí;N/A;N/A;N/A;N/A;N/A;N/A;N/A;N/A;N/A;N/A;N/A;N/A;N/A;N/A;N/A;N/A;N/A;N/A;N/A;N/A;N/A;N/A;N/A;N/A;N/A;N/A;N/A;N/A;N/A;N/A;N/A;N/A;N/A;N/A;Sí;N/A;N/A;N/A;N/A;N/A;N/A;N/A;N/A;N/A;N/A;N/A;N/A;N/A;N/A;N/A;N/A;N/A;N/A;N/A;N/A;N/A;N/A;N/A;N/A;N/A;N/A;N/A;N/A;N/A;N/A;N/A;N/A;N/A;N/A;N/A;N/A;N/A;N/A;N/A;N/A;N/A;N/A;N/A;N/A;N/A;N/A;N/A;N/A;N/A;N/A;N/A;N/A;N/A;N/A;N/A;N/A;N/A;N/A;N/A;N/A;N/A;N/A;N/A;N/A;N/A;N/A;N/A;N/A;N/A;N/A;N/A;N/A;N/A;N/A;N/A;N/A;N/A;N/A
Toyota;Prius;"1.8 Plus Hibrido At";2019;"95000 km";;KLED20240312074601;20000;;;;;"Nueva Helvecia";https://auto.mercadolibre.com.uy/MLU-645753553-toyota-prius-2019-18-plus-hibrido-at-_JM;N/A;;"Toyota Prius 2019 1.8 Plus Hibrido At";usd;Sí;gold_premium;false;N/A;N/A;http://perfil.mercadolibre.com.uy/KLED20240312074601;active;N/A;N/A;Usado;N/A;N/A;Hidráulica;Delantera;Sí;N/A;N/A;N/A;N/A;N/A;N/A;N/A;Sí;N/A;N/A;N/A;N/A;N/A;N/A;N/A;N/A;N/A;N/A;N/A;N/A;N/A;N/A;N/A;N/A;"2700 mm";"1.8 L";"43 L";N/A;N/A;N/A;N/A;N/A;N/A;N/A;N/A;N/A;N/A;N/A;N/A;N/A;N/A;N/A;N/A;N/A;N/A;N/A;N/A;N/A;N/A;N/A;N/A;N/A;N/A;N/A;N/A;N/A;N/A;N/A;N/A;N/A;N/A;Sí;Sí;N/A;N/A;N/A;N/A;N/A;N/A;N/A;N/A;N/A;N/A;"1490 mm";"4540 mm";N/A;N/A;N/A;N/A;5;"36 hp";Premium;N/A;4;"1760 mm";N/A;N/A;N/A;N/A;N/A;N/A;N/A;N/A;N/A;N/A;N/A;N/A;N/A;N/A;N/A;N/A;N/A;N/A;5;1.8;Híbrido;Automática;Hatchback;"Autos y camionetas";N/A;N/A;N/A;N/A;N/A;N/A;UY;N/A;N/A;N/A;N/A;N/A;N/A;N/A;N/A;N/A;N/A;N/A;N/A;N/A;N/A;N/A;N/A;N/A;N/A;N/A;N/A;N/A;N/A;N/A;N/A;N/A;N/A;N/A;N/A;N/A;N/A;N/A;N/A;N/A;N/A;N/A;N/A;N/A;N/A;N/A;N/A;N/A;N/A;N/A;N/A;N/A;N/A;N/A;N/A;N/A;N/A;N/A;N/A;N/A;N/A;N/A;N/A;N/A;N/A;N/A;N/A;N/A;N/A;N/A;N/A;N/A;N/A;N/A;N/A;N/A;N/A;N/A;N/A;N/A;N/A;N/A;N/A;N/A;N/A;N/A;N/A;N/A;N/A;N/A;N/A;N/A;N/A;N/A;N/A;N/A;N/A;N/A;N/A;N/A;N/A;N/A;N/A;N/A;N/A;N/A;N/A;N/A;N/A;N/A;N/A;N/A;Sí;N/A;Sí;N/A;N/A;N/A;N/A;Sí;N/A;Sí
Toyota;Prius;"1.5 C Hibrido At";2018;"103000 km";;CRIPTON00;17500;;;;;Unión;https://auto.mercadolibre.com.uy/MLU-701412114-toyota-prius-2018-15-c-hibrido-at-_JM;N/A;;"Toyota Prius 2018 1.5 C Hibrido At";usd;Sí;gold_premium;false;N/A;N/A;http://perfil.mercadolibre.com.uy/CRIPTON00;active;N/A;N/A;Usado;N/A;N/A;Hidráulica;Delantera;Sí;N/A;N/A;N/A;N/A;N/A;N/A;N/A;N/A;N/A;N/A;N/A;N/A;N/A;N/A;N/A;N/A;N/A;N/A;N/A;N/A;N/A;N/A;N/A;N/A;"2700 mm";"1.5 L";"43 L";N/A;N/A;N/A;N/A;N/A;N/A;N/A;N/A;N/A;N/A;N/A;N/A;N/A;N/A;N/A;N/A;N/A;N/A;N/A;N/A;N/A;N/A;N/A;N/A;N/A;N/A;N/A;N/A;N/A;N/A;N/A;N/A;N/A;N/A;Sí;Sí;N/A;N/A;N/A;N/A;N/A;N/A;N/A;N/A;N/A;N/A;"1490 mm";"4540 mm";N/A;N/A;N/A;N/A;5;"36 hp";N/A;N/A;4;"1760 mm";N/A;N/A;N/A;N/A;N/A;N/A;N/A;Sí;N/A;N/A;N/A;N/A;N/A;N/A;N/A;N/A;N/A;N/A;5;1.5;Híbrido;Automática;Hatchback;"Autos y camionetas";N/A;N/A;N/A;N/A;N/A;N/A;UY;N/A;N/A;N/A;N/A;N/A;N/A;N/A;N/A;N/A;N/A;N/A;N/A;N/A;N/A;N/A;N/A;N/A;N/A;N/A;N/A;N/A;N/A;N/A;N/A;N/A;N/A;N/A;N/A;N/A;N/A;N/A;N/A;N/A;N/A;N/A;N/A;N/A;N/A;N/A;N/A;N/A;N/A;N/A;N/A;N/A;N/A;N/A;N/A;N/A;N/A;N/A;N/A;N/A;N/A;N/A;N/A;N/A;N/A;N/A;N/A;N/A;N/A;N/A;N/A;N/A;N/A;N/A;N/A;N/A;N/A;N/A;N/A;N/A;N/A;N/A;N/A;N/A;N/A;N/A;N/A;N/A;N/A;N/A;N/A;N/A;N/A;N/A;N/A;N/A;N/A;N/A;N/A;N/A;N/A;N/A;N/A;N/A;N/A;N/A;N/A;N/A;N/A;N/A;N/A;N/A;Sí;N/A;Sí;N/A;N/A;N/A;N/A;Sí;N/A;Sí
Toyota;Hilux;"3.0 Cd Srv Tdi 171cv 4x4 - A3";2016;"130000 km";;GUZMANGON;45300;;;;;Pocitos;https://auto.mercadolibre.com.uy/MLU-698777532-toyota-hilux-srv-plus-2016-4x4-130000km-automatica-dtaiva-_JM;N/A;;"Toyota Hilux Srv  Plus 2016 4x4 130.000km Automatica Dta.iva";usd;Sí;gold_premium;false;N/A;N/A;http://perfil.mercadolibre.com.uy/GUZMANGON;active;N/A;N/A;Usado;Plateado;Sí;Hidráulica;4x4;Sí;Sí;Sí;N/A;N/A;Sí;N/A;N/A;Sí;N/A;N/A;Sí;Sí;N/A;No;N/A;N/A;N/A;N/A;N/A;N/A;N/A;N/A;N/A;N/A;"2860 mm";"3 L";"80 L";5;N/A;N/A;N/A;N/A;N/A;Sí;N/A;N/A;N/A;N/A;N/A;N/A;N/A;N/A;N/A;N/A;N/A;N/A;N/A;N/A;N/A;N/A;N/A;N/A;N/A;N/A;N/A;N/A;N/A;No;N/A;N/A;N/A;N/A;N/A;N/A;N/A;N/A;N/A;N/A;N/A;N/A;N/A;N/A;N/A;"1860 mm";"5260 mm";N/A;N/A;N/A;N/A;5;"171 hp";Srv;N/A;4;"1855 mm";N/A;Sí;N/A;Sí;Sí;N/A;Sí;Sí;N/A;No;N/A;N/A;No;No;N/A;N/A;No;N/A;4;3.0;Diésel;Manual;Pick-Up;"Autos y camionetas";N/A;N/A;N/A;N/A;N/A;N/A;UY;N/A;N/A;N/A;N/A;N/A;N/A;N/A;N/A;N/A;N/A;N/A;N/A;N/A;N/A;N/A;N/A;N/A;Sí;N/A;N/A;N/A;N/A;N/A;N/A;N/A;N/A;N/A;N/A;N/A;N/A;N/A;N/A;N/A;N/A;N/A;N/A;N/A;N/A;N/A;N/A;N/A;N/A;N/A;N/A;N/A;N/A;N/A;N/A;N/A;N/A;N/A;N/A;N/A;N/A;N/A;N/A;N/A;N/A;N/A;N/A;N/A;N/A;N/A;N/A;N/A;N/A;N/A;N/A;N/A;N/A;N/A;N/A;N/A;N/A;N/A;N/A;N/A;N/A;N/A;N/A;N/A;N/A;N/A;N/A;N/A;N/A;N/A;N/A;No;Sí;Sí;Sí;N/A;Sí;N/A;N/A;N/A;N/A;Sí;Sí;Sí;Sí;N/A;N/A;Sí;Sí;Sí;Sí;Sí;Sí;No;Sí;Sí;N/A;Sí
Toyota;Corolla;"1.8 Xei";2007;"205000 km";;NUDI7059907;9490;;;;;Malvin;https://auto.mercadolibre.com.uy/MLU-701412480-toyota-corolla-2007-18-xei-_JM;N/A;;"Toyota Corolla 2007 1.8 Xei";usd;No;gold_premium;false;N/A;N/A;http://perfil.mercadolibre.com.uy/NUDI7059907;active;N/A;N/A;Usado;N/A;N/A;Hidráulica;Delantera;Sí;N/A;N/A;N/A;N/A;N/A;N/A;N/A;N/A;N/A;N/A;N/A;N/A;N/A;N/A;N/A;N/A;N/A;N/A;N/A;N/A;N/A;N/A;N/A;N/A;"2465 mm";"1.8 L";"50 L";5;N/A;N/A;N/A;N/A;N/A;N/A;N/A;N/A;N/A;N/A;N/A;N/A;N/A;N/A;N/A;N/A;N/A;N/A;N/A;N/A;N/A;N/A;N/A;N/A;N/A;N/A;N/A;N/A;N/A;N/A;N/A;N/A;N/A;N/A;N/A;N/A;N/A;N/A;N/A;N/A;N/A;N/A;N/A;N/A;N/A;"1405 mm";"4395 mm";N/A;N/A;N/A;N/A;5;"134 hp";Xei;N/A;4;"1690 mm";"13.2 km/l";N/A;N/A;N/A;N/A;N/A;N/A;N/A;N/A;N/A;N/A;N/A;N/A;N/A;N/A;N/A;N/A;N/A;4;1.8;Nafta;Manual;Sedán;"Autos y camionetas";N/A;N/A;N/A;N/A;N/A;N/A;UY;N/A;N/A;N/A;N/A;N/A;N/A;N/A;N/A;N/A;N/A;N/A;N/A;N/A;N/A;N/A;N/A;N/A;N/A;N/A;N/A;N/A;N/A;N/A;N/A;N/A;N/A;N/A;N/A;N/A;N/A;N/A;N/A;N/A;N/A;N/A;N/A;N/A;N/A;N/A;N/A;N/A;N/A;N/A;N/A;N/A;N/A;N/A;N/A;N/A;N/A;N/A;N/A;N/A;N/A;N/A;N/A;N/A;N/A;N/A;N/A;N/A;N/A;N/A;N/A;N/A;N/A;N/A;N/A;N/A;N/A;N/A;N/A;N/A;N/A;N/A;N/A;N/A;N/A;N/A;N/A;N/A;N/A;N/A;N/A;N/A;N/A;N/A;N/A;N/A;N/A;N/A;N/A;N/A;N/A;N/A;N/A;N/A;N/A;N/A;N/A;N/A;N/A;N/A;N/A;N/A;N/A;N/A;Sí;N/A;N/A;N/A;N/A;N/A;N/A;N/A
Toyota;Corolla;"Xli 1.6";2007;"199900 km";;TENAGLIALAURA;9300;;;;;"Tres Cruces";https://auto.mercadolibre.com.uy/MLU-697934286-toyota-corolla-xli-16-full-ano-2007-nafta-199900-kms-_JM;N/A;;"Toyota Corolla Xli 1.6 Full  Año 2007 Nafta 199.900 Kms";USD;No;gold_premium;false;N/A;N/A;http://perfil.mercadolibre.com.uy/TENAGLIALAURA;active;N/A;N/A;Usado;Dorado;N/A;Hidráulica;N/A;Sí;Sí;N/A;N/A;N/A;N/A;N/A;N/A;N/A;N/A;N/A;N/A;Sí;N/A;Sí;N/A;N/A;N/A;N/A;N/A;N/A;N/A;N/A;N/A;N/A;N/A;N/A;N/A;N/A;N/A;N/A;N/A;N/A;N/A;Sí;N/A;N/A;N/A;N/A;N/A;N/A;N/A;N/A;N/A;N/A;N/A;N/A;N/A;N/A;N/A;N/A;N/A;N/A;N/A;N/A;N/A;N/A;N/A;N/A;N/A;N/A;N/A;N/A;N/A;N/A;N/A;N/A;N/A;N/A;N/A;N/A;N/A;N/A;N/A;N/A;N/A;N/A;N/A;N/A;N/A;N/A;N/A;N/A;N/A;N/A;N/A;N/A;No;N/A;N/A;N/A;N/A;No;No;N/A;N/A;N/A;N/A;N/A;N/A;N/A;N/A;N/A;N/A;4;1600;Nafta;Manual;Sedán;"Autos y camionetas";N/A;N/A;N/A;N/A;N/A;N/A;N/A;N/A;No;N/A;N/A;N/A;N/A;N/A;N/A;N/A;N/A;N/A;N/A;N/A;N/A;N/A;N/A;N/A;N/A;N/A;N/A;N/A;N/A;N/A;N/A;N/A;N/A;N/A;N/A;N/A;N/A;N/A;N/A;N/A;N/A;N/A;N/A;N/A;N/A;N/A;N/A;N/A;N/A;N/A;N/A;N/A;N/A;N/A;N/A;N/A;N/A;N/A;N/A;N/A;N/A;N/A;N/A;N/A;N/A;N/A;N/A;N/A;N/A;N/A;N/A;N/A;N/A;N/A;N/A;N/A;N/A;N/A;N/A;N/A;N/A;N/A;N/A;N/A;N/A;N/A;N/A;N/A;N/A;N/A;N/A;N/A;N/A;N/A;N/A;N/A;N/A;N/A;N/A;N/A;N/A;N/A;N/A;N/A;N/A;N/A;N/A;N/A;Sí;N/A;N/A;N/A;N/A;N/A;Sí;Sí;Sí;N/A;Sí;Sí;N/A;Sí
Toyota;"Corolla Cross";"HYBRID SEG";2021;"73240 km";;"GO SELECT";34900;;;;;Aguada;https://auto.mercadolibre.com.uy/MLU-701605654-toyota-corolla-cross-hybrid-seg-2021-muy-buen-estado-_JM;N/A;;"Toyota Corolla Cross Hybrid Seg 2021 Muy Buen Estado";usd;Sí;gold_premium;false;N/A;N/A;http://perfil.mercadolibre.com.uy/GO+SELECT;active;N/A;N/A;Usado;Plateado;Sí;Hidráulica;N/A;Sí;Sí;Sí;N/A;Sí;N/A;Sí;Sí;Sí;Sí;N/A;Sí;Sí;N/A;Sí;N/A;N/A;N/A;N/A;N/A;N/A;N/A;N/A;N/A;N/A;N/A;"1800 cc";N/A;N/A;N/A;N/A;N/A;N/A;Sí;N/A;N/A;N/A;N/A;N/A;N/A;N/A;N/A;N/A;N/A;N/A;N/A;N/A;N/A;N/A;N/A;N/A;N/A;Sí;N/A;Sí;N/A;N/A;N/A;N/A;N/A;N/A;N/A;N/A;N/A;N/A;N/A;N/A;N/A;N/A;N/A;N/A;Sí;N/A;N/A;N/A;N/A;N/A;N/A;N/A;N/A;N/A;N/A;Seg;N/A;N/A;N/A;N/A;N/A;N/A;Sí;Sí;Sí;N/A;Sí;N/A;N/A;Sí;N/A;N/A;N/A;N/A;N/A;Sí;"Lun. a Jue. de 9 a 18 hs. Vie. de 9 a 17 hs";4;1.8;Híbrido;Automática;SUV;"Autos y camionetas";No;N/A;N/A;N/A;No;N/A;UY;No;Sí;No;No;N/A;N/A;N/A;N/A;N/A;N/A;N/A;N/A;N/A;N/A;N/A;N/A;N/A;N/A;N/A;N/A;N/A;N/A;N/A;N/A;N/A;N/A;N/A;N/A;N/A;N/A;N/A;N/A;N/A;N/A;N/A;N/A;N/A;N/A;N/A;N/A;N/A;N/A;N/A;N/A;N/A;N/A;Sí;N/A;N/A;N/A;N/A;N/A;N/A;N/A;N/A;No;N/A;N/A;N/A;N/A;N/A;N/A;N/A;Sí;N/A;N/A;N/A;N/A;N/A;N/A;N/A;N/A;N/A;N/A;N/A;N/A;N/A;N/A;N/A;N/A;N/A;N/A;N/A;N/A;N/A;Sí;N/A;N/A;N/A;Sí;N/A;Sí;Sí;Sí;N/A;Sí;N/A;Sí;Sí;Sí;N/A;N/A;N/A;Sí;Sí;Sí;N/A;Sí;N/A;Sí;N/A;N/A;N/A;N/A;Sí
Toyota;Hilux;"DX 4x2 DIESEL";2022;"71527 km";;"GO SELECT";37900;;;;;Aguada;https://auto.mercadolibre.com.uy/MLU-646824955-toyota-hilux-dx-4x2-diesel-2022-blanco-muy-buen-estado-_JM;N/A;;"Toyota Hilux Dx 4x2 Diesel 2022 Blanco Muy Buen Estado";usd;Sí;gold_premium;false;N/A;N/A;http://perfil.mercadolibre.com.uy/GO+SELECT;active;N/A;N/A;Usado;Blanco;Sí;Hidráulica;N/A;Sí;N/A;Sí;N/A;N/A;N/A;Sí;Sí;N/A;N/A;Sí;N/A;Sí;N/A;N/A;N/A;N/A;N/A;N/A;N/A;N/A;N/A;N/A;N/A;N/A;N/A;"2400 cc";N/A;6;N/A;N/A;Sí;Sí;N/A;N/A;N/A;N/A;N/A;N/A;N/A;N/A;N/A;N/A;N/A;N/A;N/A;N/A;N/A;N/A;N/A;N/A;N/A;N/A;N/A;N/A;N/A;N/A;N/A;N/A;N/A;N/A;N/A;N/A;N/A;N/A;N/A;N/A;N/A;N/A;N/A;N/A;N/A;N/A;N/A;N/A;N/A;N/A;N/A;N/A;N/A;N/A;"150 hp";Dx;N/A;N/A;N/A;N/A;N/A;N/A;N/A;N/A;N/A;N/A;N/A;N/A;N/A;N/A;N/A;N/A;N/A;Sí;Sí;N/A;"Lun. a Jue. de 9 a 18 hs. Vie. de 9 a 17 hs";4;2.4;Diésel;Manual;Pick-Up;"Autos y camionetas";No;N/A;N/A;N/A;No;N/A;UY;No;Sí;No;No;N/A;N/A;N/A;N/A;N/A;N/A;N/A;N/A;N/A;N/A;N/A;N/A;N/A;N/A;N/A;N/A;N/A;N/A;N/A;N/A;N/A;N/A;N/A;N/A;N/A;N/A;N/A;N/A;N/A;N/A;N/A;N/A;N/A;N/A;N/A;N/A;N/A;N/A;N/A;N/A;N/A;N/A;N/A;N/A;N/A;N/A;N/A;N/A;N/A;N/A;N/A;No;N/A;N/A;N/A;N/A;N/A;N/A;N/A;N/A;N/A;N/A;N/A;N/A;N/A;N/A;N/A;N/A;N/A;N/A;N/A;N/A;N/A;N/A;N/A;N/A;N/A;N/A;N/A;N/A;N/A;N/A;N/A;N/A;N/A;N/A;N/A;N/A;Sí;Sí;N/A;N/A;N/A;N/A;Sí;N/A;N/A;N/A;N/A;Sí;N/A;N/A;N/A;Sí;N/A;Sí;N/A;N/A;N/A;N/A;Sí
Toyota;Hilux;"DX 4x2 DIESEL";2022;"43901 km";;"GO SELECT";37900;;;;;Aguada;https://auto.mercadolibre.com.uy/MLU-701618018-toyota-hilux-dx-4x2-diesel-2022-blanco-muy-buen-estado-_JM;N/A;;"Toyota Hilux Dx 4x2 Diesel 2022 Blanco Muy Buen Estado";usd;Sí;gold_premium;false;N/A;N/A;http://perfil.mercadolibre.com.uy/GO+SELECT;active;N/A;N/A;Usado;Blanco;Sí;Hidráulica;N/A;Sí;N/A;Sí;N/A;N/A;N/A;Sí;Sí;N/A;N/A;Sí;N/A;Sí;N/A;N/A;N/A;N/A;N/A;N/A;N/A;N/A;N/A;N/A;N/A;N/A;N/A;"2400 cc";N/A;6;N/A;N/A;Sí;Sí;N/A;N/A;N/A;N/A;N/A;N/A;N/A;N/A;N/A;N/A;N/A;N/A;N/A;N/A;N/A;N/A;N/A;N/A;N/A;N/A;N/A;N/A;N/A;N/A;N/A;N/A;N/A;N/A;N/A;N/A;N/A;N/A;N/A;N/A;N/A;N/A;N/A;N/A;N/A;N/A;N/A;N/A;N/A;N/A;N/A;N/A;N/A;N/A;"150 hp";Dx;N/A;N/A;N/A;N/A;N/A;N/A;N/A;N/A;N/A;N/A;N/A;N/A;N/A;N/A;N/A;N/A;N/A;Sí;Sí;N/A;"Lun. a Jue. de 9 a 18 hs. Vie. de 9 a 17 hs";4;2.4;Diésel;Manual;Pick-Up;"Autos y camionetas";No;N/A;N/A;N/A;No;N/A;UY;No;Sí;No;No;N/A;N/A;N/A;N/A;N/A;N/A;N/A;N/A;N/A;N/A;N/A;N/A;N/A;N/A;N/A;N/A;N/A;N/A;N/A;N/A;N/A;N/A;N/A;N/A;N/A;N/A;N/A;N/A;N/A;N/A;N/A;N/A;N/A;N/A;N/A;N/A;N/A;N/A;N/A;N/A;N/A;N/A;N/A;N/A;N/A;N/A;N/A;N/A;N/A;N/A;N/A;No;N/A;N/A;N/A;N/A;N/A;N/A;N/A;N/A;N/A;N/A;N/A;N/A;N/A;N/A;N/A;N/A;N/A;N/A;N/A;N/A;N/A;N/A;N/A;N/A;N/A;N/A;N/A;N/A;N/A;N/A;N/A;N/A;N/A;N/A;N/A;N/A;Sí;Sí;N/A;N/A;N/A;N/A;Sí;N/A;N/A;N/A;N/A;Sí;N/A;N/A;N/A;Sí;N/A;Sí;N/A;N/A;N/A;N/A;Sí
Toyota;Hilux;"Dx 4X4";2015;"150267 km";;"GO SELECT";33900;;;;;Aguada;https://auto.mercadolibre.com.uy/MLU-701653968-toyota-hilux-dx-4x4-2015-blanco-muy-buen-estado-_JM;N/A;;"Toyota Hilux Dx 4x4 2015 Blanco Muy Buen Estado";USD;Sí;gold_premium;false;N/A;N/A;http://perfil.mercadolibre.com.uy/GO+SELECT;active;N/A;N/A;Usado;Blanco;Sí;Hidráulica;N/A;Sí;N/A;Sí;N/A;N/A;N/A;Sí;N/A;N/A;N/A;N/A;N/A;Sí;N/A;N/A;N/A;N/A;N/A;N/A;N/A;N/A;N/A;N/A;N/A;N/A;N/A;"2500 cc";N/A;6;N/A;N/A;N/A;N/A;N/A;N/A;N/A;N/A;N/A;N/A;N/A;N/A;N/A;N/A;N/A;N/A;N/A;N/A;N/A;N/A;N/A;N/A;N/A;N/A;N/A;N/A;N/A;N/A;N/A;N/A;N/A;N/A;N/A;N/A;N/A;N/A;N/A;N/A;N/A;N/A;N/A;N/A;N/A;N/A;N/A;N/A;N/A;N/A;N/A;N/A;N/A;N/A;N/A;Dx;N/A;N/A;N/A;N/A;N/A;N/A;N/A;N/A;N/A;N/A;N/A;N/A;N/A;N/A;N/A;N/A;N/A;N/A;N/A;N/A;"Lun. a Jue. de 9 a 18 hs. Vie. de 9 a 17 hs";4;2.5;Diésel;Manual;Pick-Up;"Autos y camionetas";No;N/A;N/A;N/A;No;N/A;N/A;No;Sí;No;No;N/A;N/A;N/A;N/A;N/A;N/A;N/A;N/A;N/A;N/A;N/A;N/A;N/A;N/A;N/A;N/A;N/A;N/A;N/A;N/A;N/A;N/A;N/A;N/A;N/A;N/A;N/A;N/A;N/A;N/A;N/A;N/A;N/A;N/A;N/A;N/A;N/A;N/A;N/A;N/A;N/A;N/A;N/A;N/A;N/A;N/A;N/A;N/A;N/A;N/A;N/A;No;N/A;N/A;N/A;N/A;N/A;N/A;N/A;N/A;N/A;N/A;N/A;N/A;N/A;N/A;N/A;N/A;N/A;N/A;N/A;N/A;N/A;N/A;N/A;N/A;N/A;N/A;N/A;N/A;N/A;N/A;N/A;N/A;N/A;Sí;N/A;N/A;N/A;Sí;N/A;Sí;N/A;N/A;Sí;N/A;N/A;N/A;N/A;N/A;N/A;N/A;N/A;Sí;N/A;Sí;N/A;N/A;N/A;N/A;Sí
Toyota;"Hilux Pick-Up";"2.8 Cd Srv Tdi 204 cv 4x4 At PLUS+TSS";2023;"59083 km";;AYESTARANCARDOZO;60000;;;;;Toledo;https://auto.mercadolibre.com.uy/MLU-701541206-toyota-hilux-_JM;N/A;;"Toyota Hilux";USD;Sí;gold_premium;false;N/A;N/A;http://perfil.mercadolibre.com.uy/AYESTARANCARDOZO;active;N/A;N/A;Usado;Blanco;N/A;Asistida;4x4;Sí;Sí;N/A;N/A;N/A;Sí;N/A;N/A;Sí;N/A;N/A;Sí;Sí;N/A;N/A;N/A;N/A;N/A;N/A;N/A;N/A;N/A;N/A;N/A;N/A;N/A;N/A;N/A;N/A;N/A;N/A;N/A;N/A;N/A;Sí;N/A;N/A;N/A;N/A;N/A;N/A;N/A;N/A;N/A;N/A;N/A;N/A;N/A;N/A;N/A;N/A;N/A;N/A;N/A;N/A;N/A;N/A;N/A;N/A;N/A;N/A;N/A;N/A;N/A;N/A;N/A;N/A;N/A;N/A;N/A;N/A;N/A;N/A;N/A;N/A;N/A;N/A;N/A;N/A;N/A;N/A;N/A;N/A;N/A;N/A;N/A;N/A;Sí;N/A;Sí;Sí;N/A;Sí;Sí;N/A;N/A;N/A;N/A;Sí;Sí;N/A;N/A;N/A;24hrs;4;2.8;Diésel;N/A;N/A;"Autos y camionetas";Sí;N/A;N/A;N/A;Sí;N/A;N/A;N/A;No;N/A;N/A;N/A;N/A;N/A;N/A;N/A;N/A;N/A;N/A;N/A;N/A;N/A;N/A;N/A;Sí;N/A;N/A;N/A;N/A;N/A;N/A;N/A;N/A;N/A;N/A;N/A;N/A;N/A;N/A;N/A;N/A;N/A;N/A;N/A;N/A;N/A;N/A;N/A;N/A;N/A;N/A;N/A;N/A;N/A;N/A;N/A;N/A;N/A;N/A;N/A;N/A;N/A;No;N/A;N/A;N/A;N/A;N/A;N/A;N/A;N/A;N/A;N/A;N/A;N/A;N/A;N/A;N/A;N/A;N/A;N/A;N/A;N/A;N/A;N/A;N/A;N/A;N/A;N/A;N/A;N/A;N/A;N/A;N/A;N/A;N/A;Sí;Sí;Sí;N/A;Sí;N/A;N/A;N/A;N/A;Sí;Sí;Sí;Sí;N/A;N/A;Sí;Sí;Sí;Sí;Sí;Sí;Sí;Sí;Sí;N/A;Sí
Toyota;Prius;"1.5 C Hibrido At";2019;"45500 km";;MORRONE1;23400;;;;;"Parque de Solymar";https://auto.mercadolibre.com.uy/MLU-701346790-toyota-prius-15-c-hibrido-at-_JM;N/A;;"Toyota Prius 1.5 C Hibrido At";usd;Sí;gold_premium;false;N/A;N/A;http://perfil.mercadolibre.com.uy/MORRONE1;active;N/A;N/A;Usado;Blanco;No;Hidráulica;Delantera;Sí;N/A;N/A;N/A;N/A;N/A;N/A;N/A;N/A;N/A;N/A;N/A;N/A;N/A;N/A;N/A;N/A;N/A;N/A;N/A;N/A;N/A;N/A;N/A;N/A;"2700 mm";"1.5 L";"43 L";N/A;N/A;N/A;N/A;N/A;N/A;N/A;N/A;N/A;N/A;N/A;N/A;N/A;N/A;N/A;N/A;N/A;N/A;N/A;N/A;N/A;N/A;N/A;N/A;N/A;N/A;N/A;N/A;N/A;N/A;N/A;N/A;N/A;N/A;N/A;N/A;N/A;N/A;N/A;N/A;N/A;N/A;N/A;N/A;N/A;N/A;"1490 mm";"4540 mm";N/A;N/A;N/A;N/A;5;"36 hp";N/A;N/A;4;"1760 mm";N/A;N/A;N/A;N/A;N/A;N/A;N/A;Sí;N/A;N/A;N/A;N/A;N/A;N/A;N/A;N/A;N/A;N/A;5;1.5;Híbrido;Automática;Hatchback;"Autos y camionetas";N/A;N/A;N/A;N/A;N/A;N/A;UY;N/A;N/A;N/A;N/A;N/A;N/A;N/A;N/A;N/A;N/A;N/A;N/A;N/A;N/A;N/A;N/A;N/A;N/A;N/A;N/A;N/A;N/A;N/A;N/A;N/A;N/A;N/A;N/A;N/A;N/A;N/A;N/A;N/A;N/A;N/A;N/A;N/A;N/A;N/A;N/A;N/A;N/A;N/A;N/A;N/A;N/A;N/A;N/A;N/A;N/A;N/A;N/A;N/A;N/A;N/A;N/A;N/A;N/A;N/A;N/A;N/A;N/A;N/A;N/A;N/A;N/A;N/A;N/A;N/A;N/A;N/A;N/A;N/A;N/A;N/A;N/A;N/A;N/A;N/A;N/A;N/A;N/A;N/A;N/A;N/A;N/A;N/A;N/A;N/A;N/A;N/A;N/A;N/A;N/A;N/A;N/A;N/A;N/A;N/A;N/A;N/A;N/A;N/A;N/A;N/A;Sí;N/A;Sí;N/A;N/A;N/A;N/A;Sí;N/A;Sí
Toyota;4Runner;"Limited Aa Ee Ba Abs Piel Qc At";2004;"325000 km";;HEME1455271;23500;;;;;"Parque Postel";https://auto.mercadolibre.com.uy/MLU-646693231-toyota-4runner-limited-aa-ee-ba-abs-piel-qc-at-_JM;N/A;;"Toyota 4runner Limited Aa Ee Ba Abs Piel Qc At";usd;No;gold_premium;false;N/A;N/A;http://perfil.mercadolibre.com.uy/HEME1455271;active;N/A;N/A;Usado;Plateado;No;Hidráulica;4x4;Sí;Sí;Sí;N/A;N/A;Sí;N/A;N/A;Sí;N/A;N/A;No;Sí;N/A;No;N/A;N/A;N/A;N/A;N/A;N/A;N/A;N/A;N/A;N/A;N/A;"4 L";N/A;N/A;N/A;N/A;N/A;N/A;N/A;No;N/A;N/A;N/A;N/A;N/A;N/A;N/A;N/A;N/A;N/A;N/A;N/A;N/A;N/A;N/A;N/A;N/A;N/A;N/A;N/A;N/A;N/A;N/A;Sí;N/A;N/A;N/A;N/A;N/A;N/A;N/A;N/A;N/A;N/A;N/A;N/A;N/A;N/A;N/A;N/A;N/A;N/A;N/A;N/A;N/A;5;N/A;Limited;N/A;N/A;N/A;N/A;Sí;N/A;Sí;Sí;N/A;Sí;No;N/A;Sí;N/A;N/A;No;Sí;N/A;N/A;Sí;"Todos los días de 9 am a 8 pm";5;4.0;Nafta;Automática;SUV;"Autos y camionetas";No;N/A;N/A;N/A;No;N/A;UY;N/A;Sí;N/A;No;N/A;N/A;N/A;N/A;N/A;N/A;N/A;N/A;N/A;N/A;N/A;N/A;N/A;No;N/A;N/A;N/A;N/A;N/A;N/A;N/A;N/A;N/A;N/A;N/A;N/A;N/A;N/A;N/A;N/A;N/A;N/A;No;N/A;N/A;N/A;N/A;N/A;N/A;N/A;N/A;N/A;N/A;N/A;N/A;N/A;N/A;N/A;N/A;N/A;No;Sí;N/A;N/A;N/A;N/A;N/A;N/A;N/A;N/A;N/A;N/A;N/A;N/A;N/A;N/A;N/A;N/A;N/A;N/A;N/A;N/A;N/A;N/A;N/A;N/A;N/A;N/A;N/A;N/A;N/A;N/A;N/A;N/A;No;Sí;Sí;Sí;N/A;Sí;N/A;N/A;N/A;N/A;Sí;No;Sí;Sí;N/A;N/A;Sí;No;N/A;Sí;Sí;Sí;Sí;No;N/A;N/A;Sí
Toyota;Hilux;"DX 4x2 DIESEL";2022;"93721 km";;"GO SELECT";37900;;;;;Aguada;https://auto.mercadolibre.com.uy/MLU-700721836-toyota-hilux-dx-4x2-diesel-2022-blanco-muy-buen-estado-_JM;N/A;;"Toyota Hilux Dx 4x2 Diesel 2022 Blanco Muy Buen Estado";usd;Sí;gold_premium;false;N/A;N/A;http://perfil.mercadolibre.com.uy/GO+SELECT;active;N/A;N/A;Usado;Blanco;Sí;Hidráulica;N/A;Sí;N/A;Sí;N/A;N/A;N/A;Sí;Sí;N/A;N/A;Sí;N/A;Sí;N/A;N/A;N/A;N/A;N/A;N/A;N/A;N/A;N/A;N/A;N/A;N/A;N/A;"2400 cc";N/A;6;N/A;N/A;Sí;Sí;N/A;N/A;N/A;N/A;N/A;N/A;N/A;N/A;N/A;N/A;N/A;N/A;N/A;N/A;N/A;N/A;N/A;N/A;N/A;N/A;N/A;N/A;N/A;N/A;N/A;N/A;N/A;N/A;N/A;N/A;N/A;N/A;N/A;N/A;N/A;N/A;N/A;N/A;N/A;N/A;N/A;N/A;N/A;N/A;N/A;N/A;N/A;N/A;"150 hp";Dx;N/A;N/A;N/A;N/A;N/A;N/A;N/A;N/A;N/A;N/A;N/A;N/A;N/A;N/A;N/A;N/A;N/A;Sí;Sí;N/A;"Lun. a Jue. de 9 a 18 hs. Vie. de 9 a 17 hs";4;2.4;Diésel;Manual;Pick-Up;"Autos y camionetas";No;N/A;N/A;N/A;No;N/A;UY;No;Sí;No;No;N/A;N/A;N/A;N/A;N/A;N/A;N/A;N/A;N/A;N/A;N/A;N/A;N/A;N/A;N/A;N/A;N/A;N/A;N/A;N/A;N/A;N/A;N/A;N/A;N/A;N/A;N/A;N/A;N/A;N/A;N/A;N/A;N/A;N/A;N/A;N/A;N/A;N/A;N/A;N/A;N/A;N/A;N/A;N/A;N/A;N/A;N/A;N/A;N/A;N/A;N/A;No;N/A;N/A;N/A;N/A;N/A;N/A;N/A;N/A;N/A;N/A;N/A;N/A;N/A;N/A;N/A;N/A;N/A;N/A;N/A;N/A;N/A;N/A;N/A;N/A;N/A;N/A;N/A;N/A;N/A;N/A;N/A;N/A;N/A;N/A;N/A;N/A;Sí;Sí;N/A;N/A;N/A;N/A;Sí;N/A;N/A;N/A;N/A;Sí;N/A;N/A;N/A;Sí;N/A;Sí;N/A;N/A;N/A;N/A;Sí
Toyota;Hilux;"Dx 4X2";2020;"24906 km";;"GO SELECT";37900;;;;;Aguada;https://auto.mercadolibre.com.uy/MLU-700745850-toyota-hilux-dx-4x2-2020-blanco-muy-buen-estado-_JM;N/A;;"Toyota Hilux Dx 4x2 2020 Blanco Muy Buen Estado";usd;Sí;gold_premium;false;N/A;N/A;http://perfil.mercadolibre.com.uy/GO+SELECT;active;N/A;N/A;Usado;Blanco;Sí;Hidráulica;N/A;Sí;N/A;Sí;N/A;N/A;N/A;N/A;N/A;N/A;N/A;N/A;N/A;Sí;N/A;N/A;N/A;N/A;N/A;N/A;N/A;N/A;N/A;N/A;N/A;N/A;N/A;"2400 cc";N/A;6;N/A;N/A;N/A;N/A;N/A;N/A;N/A;N/A;N/A;N/A;N/A;N/A;N/A;N/A;N/A;N/A;N/A;N/A;N/A;N/A;N/A;N/A;N/A;Sí;N/A;N/A;N/A;N/A;N/A;N/A;N/A;N/A;N/A;N/A;N/A;N/A;N/A;N/A;N/A;N/A;N/A;N/A;N/A;N/A;N/A;N/A;N/A;N/A;N/A;N/A;N/A;N/A;N/A;Dx;N/A;N/A;N/A;N/A;N/A;N/A;N/A;N/A;N/A;N/A;N/A;N/A;N/A;N/A;N/A;N/A;N/A;N/A;N/A;N/A;"Lun. a Jue. de 9 a 18 hs. Vie. de 9 a 17 hs";4;2.4;Diésel;Manual;Pick-Up;"Autos y camionetas";No;N/A;N/A;N/A;No;N/A;UY;No;Sí;No;No;N/A;N/A;N/A;N/A;N/A;N/A;N/A;N/A;N/A;N/A;N/A;N/A;N/A;N/A;N/A;N/A;N/A;N/A;N/A;N/A;N/A;N/A;N/A;N/A;N/A;N/A;N/A;N/A;N/A;N/A;N/A;N/A;N/A;N/A;N/A;N/A;N/A;N/A;N/A;N/A;N/A;N/A;N/A;N/A;N/A;N/A;N/A;N/A;N/A;N/A;N/A;No;N/A;N/A;N/A;N/A;N/A;N/A;N/A;N/A;N/A;N/A;N/A;N/A;N/A;N/A;N/A;N/A;N/A;N/A;N/A;N/A;N/A;N/A;N/A;N/A;N/A;N/A;N/A;N/A;N/A;N/A;N/A;N/A;N/A;Sí;N/A;N/A;N/A;Sí;N/A;Sí;N/A;N/A;Sí;N/A;N/A;N/A;N/A;N/A;N/A;N/A;N/A;Sí;N/A;Sí;N/A;N/A;N/A;N/A;N/A
Toyota;Hilux;"Dx 4X2";2021;"70094 km";;"GO SELECT";37900;;;;;Aguada;https://auto.mercadolibre.com.uy/MLU-700718862-toyota-hilux-dx-4x2-2021-blanco-muy-buen-estado-_JM;N/A;;"Toyota Hilux Dx 4x2 2021 Blanco Muy Buen Estado";usd;Sí;gold_premium;false;N/A;N/A;http://perfil.mercadolibre.com.uy/GO+SELECT;active;N/A;N/A;Usado;Blanco;Sí;Hidráulica;N/A;Sí;N/A;Sí;N/A;N/A;N/A;N/A;N/A;N/A;N/A;N/A;N/A;Sí;N/A;N/A;N/A;N/A;N/A;N/A;N/A;N/A;N/A;N/A;N/A;N/A;N/A;"2400 cc";N/A;6;N/A;N/A;N/A;N/A;N/A;N/A;N/A;N/A;N/A;N/A;N/A;N/A;N/A;N/A;N/A;N/A;N/A;N/A;N/A;N/A;N/A;N/A;N/A;Sí;N/A;N/A;N/A;N/A;N/A;N/A;N/A;N/A;N/A;N/A;N/A;N/A;N/A;N/A;N/A;N/A;N/A;N/A;N/A;N/A;N/A;N/A;N/A;N/A;N/A;N/A;N/A;N/A;N/A;Dx;N/A;N/A;N/A;N/A;N/A;N/A;N/A;N/A;N/A;N/A;N/A;N/A;N/A;N/A;N/A;N/A;N/A;N/A;N/A;N/A;"Lun. a Jue. de 9 a 18 hs. Vie. de 9 a 17 hs";4;2.4;Diésel;Manual;Pick-Up;"Autos y camionetas";No;N/A;N/A;N/A;No;N/A;UY;No;Sí;No;No;N/A;N/A;N/A;N/A;N/A;N/A;N/A;N/A;N/A;N/A;N/A;N/A;N/A;N/A;N/A;N/A;N/A;N/A;N/A;N/A;N/A;N/A;N/A;N/A;N/A;N/A;N/A;N/A;N/A;N/A;N/A;N/A;N/A;N/A;N/A;N/A;N/A;N/A;N/A;N/A;N/A;N/A;N/A;N/A;N/A;N/A;N/A;N/A;N/A;N/A;N/A;No;N/A;N/A;N/A;N/A;N/A;N/A;N/A;N/A;N/A;N/A;N/A;N/A;N/A;N/A;N/A;N/A;N/A;N/A;N/A;N/A;N/A;N/A;N/A;N/A;N/A;N/A;N/A;N/A;N/A;N/A;N/A;N/A;N/A;Sí;N/A;N/A;N/A;Sí;N/A;Sí;N/A;N/A;Sí;N/A;N/A;N/A;N/A;N/A;N/A;N/A;N/A;Sí;N/A;Sí;N/A;N/A;N/A;N/A;N/A
Toyota;Corolla;"1.8 Xei Mt 140cv";2016;"120000 km";;FISA1935066;18990;;;;;Florida;https://auto.mercadolibre.com.uy/MLU-646644037-toyota-corolla-18-xei-mt-140cv-_JM;N/A;;"Toyota Corolla 1.8 Xei Mt 140cv";usd;Sí;gold_premium;false;N/A;N/A;http://perfil.mercadolibre.com.uy/FISA1935066;active;N/A;N/A;Usado;Violeta;Sí;Eléctrica;Delantera;Sí;N/A;Sí;N/A;N/A;N/A;N/A;N/A;N/A;N/A;N/A;N/A;N/A;N/A;N/A;N/A;N/A;N/A;N/A;N/A;N/A;N/A;N/A;N/A;N/A;"2700 mm";"1.8 L";"57 L";6;N/A;N/A;N/A;N/A;N/A;N/A;N/A;N/A;N/A;N/A;N/A;N/A;N/A;N/A;N/A;N/A;N/A;N/A;N/A;N/A;N/A;N/A;N/A;N/A;N/A;N/A;N/A;N/A;N/A;N/A;N/A;N/A;N/A;N/A;N/A;N/A;N/A;N/A;N/A;N/A;N/A;N/A;N/A;N/A;N/A;"1460 mm";"4620 mm";N/A;N/A;N/A;N/A;5;"140 hp";Xei;N/A;4;"1775 mm";"13.5 km/l";N/A;N/A;N/A;N/A;N/A;N/A;N/A;N/A;N/A;N/A;N/A;N/A;N/A;N/A;N/A;N/A;N/A;4;1.8;Nafta;Manual;Sedán;"Autos y camionetas";N/A;N/A;N/A;N/A;N/A;N/A;UY;N/A;N/A;N/A;N/A;N/A;N/A;N/A;N/A;N/A;N/A;N/A;N/A;N/A;N/A;N/A;N/A;N/A;N/A;N/A;N/A;N/A;N/A;N/A;N/A;N/A;N/A;N/A;N/A;N/A;N/A;N/A;N/A;N/A;N/A;N/A;N/A;N/A;N/A;N/A;N/A;N/A;N/A;N/A;N/A;N/A;N/A;N/A;N/A;N/A;N/A;N/A;N/A;N/A;N/A;N/A;N/A;N/A;N/A;N/A;N/A;N/A;N/A;N/A;N/A;N/A;N/A;N/A;N/A;N/A;N/A;N/A;N/A;N/A;N/A;N/A;N/A;N/A;N/A;N/A;N/A;N/A;N/A;N/A;N/A;N/A;N/A;N/A;N/A;N/A;N/A;N/A;N/A;N/A;N/A;N/A;N/A;N/A;N/A;N/A;N/A;N/A;N/A;N/A;N/A;N/A;Sí;N/A;Sí;N/A;N/A;N/A;Sí;Sí;N/A;N/A
Toyota;Corolla;"HYBRID SEG";2022;"81623 km";;"GO SELECT";29900;;;;;Aguada;https://auto.mercadolibre.com.uy/MLU-646458543-toyota-corolla-hybrid-seg-2022-gris-oscuro-muy-buen-estado-_JM;N/A;;"Toyota Corolla Hybrid Seg 2022 Gris Oscuro Muy Buen Estado";USD;Sí;gold_premium;false;N/A;N/A;http://perfil.mercadolibre.com.uy/GO+SELECT;active;N/A;N/A;Usado;"Gris oscuro";Sí;Hidráulica;N/A;Sí;Sí;Sí;Sí;N/A;N/A;Sí;Sí;Sí;N/A;N/A;N/A;Sí;N/A;N/A;N/A;N/A;N/A;N/A;N/A;N/A;N/A;N/A;N/A;N/A;N/A;"1800 cc";N/A;N/A;N/A;N/A;N/A;N/A;Sí;N/A;N/A;N/A;N/A;N/A;N/A;N/A;N/A;N/A;N/A;N/A;N/A;N/A;N/A;N/A;N/A;N/A;N/A;Sí;N/A;Sí;N/A;N/A;N/A;N/A;N/A;N/A;N/A;N/A;N/A;N/A;N/A;N/A;N/A;N/A;N/A;N/A;N/A;N/A;N/A;N/A;N/A;N/A;N/A;N/A;N/A;N/A;N/A;Se-g;N/A;N/A;N/A;N/A;N/A;N/A;Sí;Sí;Sí;N/A;N/A;N/A;N/A;N/A;N/A;N/A;N/A;N/A;N/A;N/A;"Lun. a Jue. de 9 a 18 hs. Vie. de 9 a 17 hs";4;1.8;Híbrido;Automática;Sedán;"Autos y camionetas";No;N/A;N/A;N/A;No;N/A;N/A;No;Sí;No;No;N/A;N/A;N/A;N/A;N/A;N/A;N/A;N/A;N/A;N/A;N/A;N/A;N/A;N/A;N/A;N/A;N/A;N/A;N/A;N/A;N/A;N/A;N/A;N/A;N/A;N/A;N/A;N/A;N/A;N/A;N/A;N/A;N/A;N/A;N/A;N/A;N/A;N/A;N/A;N/A;N/A;N/A;N/A;N/A;N/A;N/A;N/A;N/A;N/A;N/A;Sí;No;N/A;N/A;N/A;N/A;N/A;N/A;N/A;N/A;N/A;N/A;N/A;N/A;N/A;N/A;N/A;N/A;N/A;N/A;N/A;N/A;N/A;N/A;N/A;N/A;N/A;N/A;N/A;N/A;N/A;N/A;N/A;N/A;N/A;N/A;N/A;Sí;Sí;Sí;N/A;N/A;N/A;Sí;Sí;N/A;N/A;N/A;N/A;Sí;Sí;N/A;N/A;Sí;N/A;Sí;N/A;N/A;N/A;N/A;Sí
Toyota;Hilux;"DX 4x2 DIESEL";2022;"120349 km";;"GO SELECT";37900;;;;;Aguada;https://auto.mercadolibre.com.uy/MLU-699980606-toyota-hilux-dx-4x2-diesel-2022-blanco-muy-buen-estado-_JM;N/A;;"Toyota Hilux Dx 4x2 Diesel 2022 Blanco Muy Buen Estado";usd;Sí;gold_premium;false;N/A;N/A;http://perfil.mercadolibre.com.uy/GO+SELECT;active;N/A;N/A;Usado;Blanco;Sí;Hidráulica;N/A;Sí;N/A;Sí;N/A;N/A;N/A;Sí;Sí;N/A;N/A;Sí;N/A;Sí;N/A;N/A;N/A;N/A;N/A;N/A;N/A;N/A;N/A;N/A;N/A;N/A;N/A;"2400 cc";N/A;6;N/A;N/A;Sí;Sí;N/A;N/A;N/A;N/A;N/A;N/A;N/A;N/A;N/A;N/A;N/A;N/A;N/A;N/A;N/A;N/A;N/A;N/A;N/A;N/A;N/A;N/A;N/A;N/A;N/A;N/A;N/A;N/A;N/A;N/A;N/A;N/A;N/A;N/A;N/A;N/A;N/A;N/A;N/A;N/A;N/A;N/A;N/A;N/A;N/A;N/A;N/A;N/A;"150 hp";Dx;N/A;N/A;N/A;N/A;N/A;N/A;N/A;N/A;N/A;N/A;N/A;N/A;N/A;N/A;N/A;N/A;N/A;Sí;Sí;N/A;"Lun. a Jue. de 9 a 18 hs. Vie. de 9 a 17 hs";4;2.4;Diésel;Manual;Pick-Up;"Autos y camionetas";No;N/A;N/A;N/A;No;N/A;UY;No;Sí;No;No;N/A;N/A;N/A;N/A;N/A;N/A;N/A;N/A;N/A;N/A;N/A;N/A;N/A;N/A;N/A;N/A;N/A;N/A;N/A;N/A;N/A;N/A;N/A;N/A;N/A;N/A;N/A;N/A;N/A;N/A;N/A;N/A;N/A;N/A;N/A;N/A;N/A;N/A;N/A;N/A;N/A;N/A;N/A;N/A;N/A;N/A;N/A;N/A;N/A;N/A;N/A;No;N/A;N/A;N/A;N/A;N/A;N/A;N/A;N/A;N/A;N/A;N/A;N/A;N/A;N/A;N/A;N/A;N/A;N/A;N/A;N/A;N/A;N/A;N/A;N/A;N/A;N/A;N/A;N/A;N/A;N/A;N/A;N/A;N/A;N/A;N/A;N/A;Sí;Sí;N/A;N/A;N/A;N/A;Sí;N/A;N/A;N/A;N/A;Sí;N/A;N/A;N/A;Sí;N/A;Sí;N/A;N/A;N/A;N/A;Sí
Toyota;"Corolla Cross";"HYBRID XEI";2022;"49461 km";;"GO SELECT";33900;;;;;Aguada;https://auto.mercadolibre.com.uy/MLU-699589544-toyota-corolla-cross-hybrid-xei-2022-excelente-estado-_JM;N/A;;"Toyota Corolla Cross Hybrid Xei 2022 Excelente Estado";usd;Sí;gold_premium;false;N/A;N/A;http://perfil.mercadolibre.com.uy/GO+SELECT;active;N/A;N/A;Usado;Plateado;Sí;Hidráulica;N/A;Sí;Sí;Sí;N/A;Sí;N/A;Sí;Sí;N/A;Sí;N/A;Sí;Sí;N/A;Sí;N/A;N/A;N/A;N/A;N/A;N/A;N/A;N/A;N/A;N/A;N/A;"1800 cc";N/A;N/A;N/A;N/A;N/A;N/A;Sí;N/A;N/A;N/A;N/A;N/A;N/A;N/A;N/A;N/A;N/A;N/A;N/A;N/A;N/A;N/A;N/A;N/A;N/A;Sí;N/A;Sí;N/A;N/A;N/A;N/A;N/A;N/A;N/A;N/A;N/A;N/A;N/A;N/A;N/A;N/A;N/A;N/A;N/A;N/A;N/A;N/A;N/A;N/A;N/A;N/A;N/A;N/A;N/A;Xei;N/A;N/A;N/A;N/A;N/A;N/A;Sí;Sí;Sí;N/A;Sí;N/A;N/A;Sí;N/A;N/A;N/A;N/A;N/A;Sí;"Lun. a Jue. de 9 a 18 hs. Vie de 9 a 17 hs";4;1.8;Híbrido;Automática;SUV;"Autos y camionetas";No;N/A;N/A;N/A;No;N/A;UY;No;Sí;No;No;N/A;N/A;N/A;N/A;N/A;N/A;N/A;N/A;N/A;N/A;N/A;N/A;N/A;N/A;N/A;N/A;N/A;N/A;N/A;N/A;N/A;N/A;N/A;N/A;N/A;N/A;N/A;N/A;N/A;N/A;N/A;N/A;N/A;N/A;N/A;N/A;N/A;N/A;N/A;N/A;N/A;N/A;N/A;N/A;N/A;N/A;N/A;N/A;N/A;N/A;Sí;No;N/A;N/A;N/A;N/A;N/A;N/A;N/A;N/A;N/A;N/A;N/A;N/A;N/A;N/A;N/A;N/A;N/A;N/A;N/A;N/A;N/A;N/A;N/A;N/A;N/A;N/A;N/A;N/A;N/A;Sí;N/A;N/A;N/A;Sí;N/A;Sí;Sí;Sí;N/A;Sí;N/A;Sí;Sí;Sí;N/A;N/A;N/A;Sí;Sí;Sí;N/A;Sí;N/A;Sí;N/A;N/A;N/A;N/A;Sí
Toyota;Prius;"C HYBRID";2018;"92198 km";;"GO SELECT";17900;;;;;Aguada;https://auto.mercadolibre.com.uy/MLU-699562070-toyota-prius-c-hybrid-2018-blanco-muy-buen-estado-_JM;N/A;;"Toyota Prius C Hybrid 2018 Blanco Muy Buen Estado";usd;Sí;gold_premium;false;N/A;N/A;http://perfil.mercadolibre.com.uy/GO+SELECT;active;N/A;N/A;Usado;Blanco;Sí;Eléctrica;N/A;Sí;Sí;Sí;N/A;Sí;N/A;Sí;Sí;N/A;N/A;N/A;N/A;Sí;N/A;N/A;N/A;N/A;N/A;N/A;N/A;N/A;N/A;N/A;N/A;N/A;N/A;"1500 cc";N/A;N/A;N/A;N/A;N/A;N/A;Sí;N/A;N/A;N/A;N/A;N/A;N/A;N/A;N/A;N/A;N/A;N/A;N/A;N/A;N/A;N/A;N/A;N/A;N/A;Sí;N/A;Sí;N/A;N/A;N/A;N/A;N/A;N/A;N/A;N/A;N/A;N/A;N/A;N/A;N/A;N/A;N/A;N/A;N/A;N/A;N/A;N/A;N/A;N/A;N/A;N/A;N/A;N/A;N/A;N/A;N/A;N/A;N/A;N/A;N/A;N/A;N/A;N/A;N/A;N/A;Sí;N/A;N/A;N/A;N/A;N/A;N/A;N/A;N/A;Sí;"Lun. a Jue. de 9 a 18 hs. Vie. de 9 a 17 hs";5;1.5;Híbrido;Automática;Hatchback;"Autos y camionetas";No;N/A;N/A;N/A;No;N/A;UY;No;Sí;No;No;N/A;N/A;N/A;N/A;N/A;N/A;N/A;N/A;N/A;N/A;N/A;N/A;N/A;N/A;N/A;N/A;N/A;N/A;N/A;N/A;N/A;N/A;N/A;N/A;N/A;N/A;N/A;N/A;N/A;N/A;N/A;N/A;N/A;N/A;N/A;N/A;N/A;N/A;N/A;N/A;N/A;N/A;N/A;N/A;N/A;N/A;N/A;N/A;N/A;N/A;N/A;No;N/A;N/A;N/A;N/A;N/A;N/A;N/A;N/A;N/A;N/A;N/A;N/A;N/A;N/A;N/A;N/A;N/A;N/A;N/A;N/A;N/A;N/A;N/A;N/A;N/A;N/A;N/A;N/A;N/A;N/A;N/A;N/A;N/A;Sí;N/A;Sí;Sí;Sí;N/A;Sí;N/A;Sí;Sí;N/A;N/A;N/A;N/A;Sí;Sí;N/A;N/A;Sí;N/A;Sí;N/A;N/A;N/A;N/A;Sí
Toyota;Hilux;"Dx 4X2";2020;"30035 km";;"GO SELECT";36900;;;;;Aguada;https://auto.mercadolibre.com.uy/MLU-699160700-toyota-hilux-dx-4x2-2020-blanco-muy-buen-estado-_JM;N/A;;"Toyota Hilux Dx 4x2 2020 Blanco Muy Buen Estado";usd;Sí;gold_premium;false;N/A;N/A;http://perfil.mercadolibre.com.uy/GO+SELECT;active;N/A;N/A;Usado;Blanco;Sí;Hidráulica;N/A;Sí;N/A;Sí;N/A;N/A;N/A;N/A;N/A;N/A;N/A;N/A;N/A;Sí;N/A;N/A;N/A;N/A;N/A;N/A;N/A;N/A;N/A;N/A;N/A;N/A;N/A;"2400 cc";N/A;6;N/A;N/A;N/A;N/A;N/A;N/A;N/A;N/A;N/A;N/A;N/A;N/A;N/A;N/A;N/A;N/A;N/A;N/A;N/A;N/A;N/A;N/A;N/A;Sí;N/A;N/A;N/A;N/A;N/A;N/A;N/A;N/A;N/A;N/A;N/A;N/A;N/A;N/A;N/A;N/A;N/A;N/A;N/A;N/A;N/A;N/A;N/A;N/A;N/A;N/A;N/A;N/A;N/A;Dx;N/A;N/A;N/A;N/A;N/A;N/A;N/A;N/A;N/A;N/A;N/A;N/A;N/A;N/A;N/A;N/A;N/A;N/A;N/A;N/A;"Lun. a Jue. de 9 a 18 hs. Vie de 9 a 17 hs";4;2.4;Diésel;Manual;Pick-Up;"Autos y camionetas";No;N/A;N/A;N/A;No;N/A;UY;No;Sí;No;No;N/A;N/A;N/A;N/A;N/A;N/A;N/A;N/A;N/A;N/A;N/A;N/A;N/A;N/A;N/A;N/A;N/A;N/A;N/A;N/A;N/A;N/A;N/A;N/A;N/A;N/A;N/A;N/A;N/A;N/A;N/A;N/A;N/A;N/A;N/A;N/A;N/A;N/A;N/A;N/A;N/A;N/A;N/A;N/A;N/A;N/A;N/A;N/A;N/A;N/A;N/A;No;N/A;N/A;N/A;N/A;N/A;N/A;N/A;N/A;N/A;N/A;N/A;N/A;N/A;N/A;N/A;N/A;N/A;N/A;N/A;N/A;N/A;N/A;N/A;N/A;N/A;N/A;N/A;N/A;N/A;N/A;N/A;N/A;N/A;Sí;N/A;N/A;N/A;Sí;N/A;Sí;N/A;N/A;Sí;N/A;N/A;N/A;N/A;N/A;N/A;N/A;N/A;Sí;N/A;Sí;N/A;N/A;N/A;N/A;N/A
Toyota;"Corolla Cross";"HYBRID SEG";2022;"43352 km";;"GO SELECT";36900;;;;;Aguada;https://auto.mercadolibre.com.uy/MLU-697400922-toyota-corolla-cross-hybrid-seg-2022-muy-buen-estado-_JM;N/A;;"Toyota Corolla Cross Hybrid Seg 2022 Muy Buen Estado";usd;Sí;gold_premium;false;N/A;N/A;http://perfil.mercadolibre.com.uy/GO+SELECT;active;N/A;N/A;Usado;"Gris oscuro";Sí;Hidráulica;N/A;Sí;Sí;Sí;Sí;Sí;N/A;Sí;Sí;Sí;Sí;N/A;Sí;Sí;N/A;Sí;N/A;N/A;N/A;N/A;N/A;N/A;N/A;N/A;N/A;N/A;N/A;"1800 cc";N/A;N/A;N/A;N/A;N/A;N/A;Sí;N/A;N/A;N/A;N/A;N/A;N/A;N/A;N/A;N/A;N/A;N/A;N/A;N/A;N/A;N/A;N/A;N/A;N/A;Sí;N/A;Sí;N/A;N/A;N/A;N/A;N/A;N/A;N/A;N/A;N/A;N/A;N/A;N/A;N/A;N/A;N/A;N/A;Sí;N/A;N/A;N/A;N/A;N/A;N/A;N/A;N/A;N/A;N/A;Seg;N/A;N/A;N/A;N/A;N/A;N/A;Sí;Sí;Sí;N/A;Sí;N/A;Sí;Sí;N/A;N/A;N/A;N/A;N/A;Sí;"Lun. a Jue. de 9 a 18 hs. Vie de 9 a 17 hs";4;1.8;Híbrido;Automática;SUV;"Autos y camionetas";No;N/A;N/A;N/A;No;N/A;UY;No;Sí;No;No;N/A;N/A;N/A;N/A;N/A;N/A;N/A;N/A;N/A;N/A;N/A;N/A;N/A;N/A;N/A;N/A;N/A;N/A;N/A;N/A;N/A;N/A;N/A;N/A;N/A;N/A;N/A;N/A;N/A;N/A;N/A;N/A;N/A;N/A;N/A;N/A;N/A;N/A;N/A;N/A;N/A;N/A;N/A;N/A;N/A;N/A;N/A;N/A;N/A;N/A;Sí;No;N/A;N/A;N/A;N/A;N/A;N/A;N/A;N/A;N/A;N/A;N/A;N/A;N/A;N/A;N/A;N/A;N/A;N/A;N/A;N/A;N/A;N/A;N/A;N/A;N/A;N/A;N/A;N/A;N/A;N/A;N/A;N/A;N/A;Sí;N/A;Sí;Sí;Sí;N/A;Sí;N/A;Sí;Sí;Sí;N/A;N/A;N/A;Sí;Sí;N/A;N/A;Sí;N/A;Sí;N/A;N/A;N/A;N/A;Sí
Toyota;Corolla;"Carina Turbo";1999;"90000 km";;QUINTELASANTIAGO;5000;;;;;Chihuahua;https://auto.mercadolibre.com.uy/MLU-701612906-toyota-carina-corolla-turbo-170hp-_JM;N/A;;"Toyota Carina Corolla Turbo 170hp";USD;No;gold_premium;false;N/A;N/A;http://perfil.mercadolibre.com.uy/QUINTELASANTIAGO;active;N/A;N/A;Usado;Celeste;Sí;Mecánica;Trasera;Sí;No;N/A;N/A;N/A;No;N/A;N/A;No;N/A;N/A;No;No;N/A;No;N/A;N/A;N/A;N/A;N/A;N/A;N/A;N/A;N/A;N/A;N/A;N/A;N/A;N/A;N/A;N/A;N/A;N/A;N/A;No;N/A;N/A;N/A;N/A;N/A;N/A;N/A;N/A;N/A;N/A;N/A;N/A;N/A;N/A;N/A;N/A;N/A;N/A;N/A;N/A;N/A;N/A;N/A;No;N/A;N/A;N/A;N/A;N/A;N/A;N/A;N/A;N/A;N/A;N/A;N/A;N/A;N/A;N/A;N/A;N/A;N/A;N/A;N/A;N/A;N/A;N/A;N/A;N/A;N/A;N/A;N/A;No;N/A;No;Sí;N/A;No;Sí;N/A;No;N/A;N/A;No;Sí;N/A;N/A;No;N/A;5;1.6;Nafta;Manual;Sedán;"Autos y camionetas";No;N/A;N/A;N/A;Sí;N/A;N/A;N/A;Sí;N/A;No;N/A;N/A;N/A;N/A;N/A;N/A;N/A;N/A;N/A;N/A;N/A;N/A;N/A;No;N/A;N/A;N/A;N/A;N/A;N/A;N/A;N/A;N/A;N/A;N/A;N/A;N/A;N/A;N/A;N/A;N/A;N/A;No;N/A;N/A;N/A;N/A;N/A;N/A;N/A;N/A;N/A;N/A;N/A;N/A;N/A;N/A;N/A;N/A;N/A;No;Sí;N/A;N/A;N/A;N/A;N/A;N/A;N/A;N/A;N/A;N/A;N/A;N/A;N/A;N/A;N/A;N/A;N/A;N/A;N/A;N/A;N/A;N/A;N/A;N/A;N/A;N/A;N/A;N/A;N/A;N/A;N/A;N/A;No;No;No;No;N/A;No;N/A;N/A;N/A;N/A;No;No;No;No;N/A;N/A;No;No;No;No;No;No;No;No;No;N/A;No
Toyota;Raize;Glx;2023;"20764 km";;"GO SELECT";23900;;;;;Aguada;https://auto.mercadolibre.com.uy/MLU-645545321-toyota-raize-glx-2023-gris-oscuro-muy-buen-estado-_JM;N/A;;"Toyota Raize Glx 2023 Gris Oscuro Muy Buen Estado";USD;Sí;gold_premium;false;N/A;N/A;http://perfil.mercadolibre.com.uy/GO+SELECT;active;N/A;N/A;Usado;"Gris oscuro";Sí;Asistida;N/A;Sí;Sí;Sí;N/A;N/A;N/A;Sí;Sí;N/A;N/A;N/A;Sí;Sí;N/A;N/A;N/A;N/A;N/A;N/A;N/A;N/A;N/A;N/A;N/A;N/A;N/A;"1000 cc";N/A;5;N/A;N/A;Sí;Sí;N/A;N/A;N/A;N/A;N/A;N/A;N/A;N/A;N/A;N/A;N/A;N/A;N/A;N/A;N/A;N/A;N/A;N/A;N/A;Sí;N/A;Sí;N/A;N/A;N/A;N/A;N/A;N/A;N/A;N/A;N/A;N/A;N/A;N/A;N/A;N/A;N/A;N/A;N/A;N/A;N/A;N/A;N/A;N/A;N/A;N/A;N/A;N/A;N/A;N/A;N/A;N/A;N/A;N/A;N/A;N/A;N/A;N/A;N/A;N/A;Sí;N/A;N/A;N/A;N/A;N/A;N/A;N/A;N/A;Sí;"Lun. a Jue. de 9 a 18 hs. Vie de 9 a 17 hs";5;1.0;Nafta;Manual;SUV;"Autos y camionetas";No;N/A;N/A;N/A;No;N/A;N/A;No;Sí;No;No;N/A;N/A;N/A;N/A;N/A;N/A;N/A;N/A;N/A;N/A;N/A;N/A;N/A;N/A;N/A;N/A;N/A;N/A;N/A;N/A;N/A;N/A;N/A;N/A;N/A;N/A;N/A;N/A;N/A;N/A;N/A;N/A;N/A;N/A;N/A;N/A;N/A;N/A;N/A;N/A;N/A;N/A;N/A;N/A;N/A;N/A;N/A;N/A;N/A;N/A;Sí;No;N/A;N/A;N/A;N/A;N/A;N/A;N/A;N/A;N/A;N/A;N/A;N/A;N/A;N/A;N/A;N/A;N/A;N/A;N/A;N/A;N/A;N/A;N/A;N/A;N/A;N/A;N/A;N/A;N/A;N/A;N/A;N/A;N/A;Sí;N/A;Sí;N/A;Sí;N/A;Sí;N/A;Sí;Sí;N/A;N/A;N/A;N/A;N/A;Sí;N/A;N/A;Sí;N/A;Sí;N/A;N/A;N/A;N/A;Sí
Toyota;Corolla;"XEI HYBRID";2021;"78241 km";;"GO SELECT";24900;;;;;Aguada;https://auto.mercadolibre.com.uy/MLU-645030289-toyota-corolla-xei-hybrid-2021-blanco-muy-buen-estado-_JM;N/A;;"Toyota Corolla Xei Hybrid 2021 Blanco Muy Buen Estado";USD;Sí;gold_premium;false;N/A;N/A;http://perfil.mercadolibre.com.uy/GO+SELECT;active;N/A;N/A;Usado;Blanco;Sí;Hidráulica;N/A;Sí;Sí;Sí;N/A;Sí;N/A;Sí;Sí;N/A;N/A;N/A;N/A;Sí;N/A;N/A;N/A;N/A;N/A;N/A;N/A;N/A;N/A;N/A;N/A;N/A;N/A;"1800 cc";N/A;N/A;N/A;N/A;N/A;N/A;Sí;N/A;N/A;N/A;N/A;N/A;N/A;N/A;N/A;N/A;N/A;N/A;N/A;N/A;N/A;N/A;N/A;N/A;N/A;Sí;N/A;Sí;N/A;Sí;N/A;N/A;N/A;N/A;N/A;N/A;N/A;N/A;N/A;N/A;N/A;N/A;N/A;N/A;N/A;N/A;N/A;N/A;N/A;N/A;N/A;N/A;N/A;N/A;N/A;Xei;N/A;N/A;N/A;N/A;N/A;N/A;Sí;N/A;N/A;N/A;Sí;N/A;N/A;Sí;N/A;N/A;N/A;N/A;N/A;N/A;"Lun. a Jue. de 9 a 18 hs. Vie de 9 a 17 hs";4;1.8;Híbrido;Automática;Sedán;"Autos y camionetas";No;N/A;N/A;N/A;No;N/A;N/A;No;Sí;No;No;N/A;N/A;N/A;N/A;N/A;N/A;N/A;N/A;N/A;N/A;N/A;N/A;N/A;N/A;N/A;N/A;N/A;N/A;N/A;N/A;N/A;N/A;N/A;N/A;N/A;N/A;N/A;N/A;N/A;N/A;N/A;N/A;N/A;N/A;N/A;N/A;N/A;N/A;N/A;N/A;N/A;N/A;N/A;N/A;N/A;N/A;N/A;N/A;N/A;N/A;N/A;No;N/A;N/A;N/A;N/A;N/A;N/A;N/A;N/A;N/A;N/A;N/A;N/A;N/A;N/A;N/A;N/A;N/A;N/A;N/A;N/A;N/A;N/A;N/A;N/A;N/A;N/A;N/A;N/A;N/A;N/A;N/A;N/A;N/A;Sí;N/A;Sí;Sí;Sí;N/A;Sí;N/A;Sí;Sí;N/A;N/A;N/A;N/A;Sí;Sí;N/A;N/A;Sí;N/A;Sí;N/A;N/A;N/A;N/A;Sí
Toyota;Corolla;"Seg híbrido";2020;"27000 km";;DRIVERMAN;31500;;;;;Pocitos;https://auto.mercadolibre.com.uy/MLU-698396902-corolla-seg-extra-full-hibrido-serv-of-ano-2021-_JM;N/A;;"Corolla Seg Extra Full, Híbrido. Serv. Of. Año 2021";USD;Sí;gold_premium;false;N/A;N/A;http://perfil.mercadolibre.com.uy/DRIVERMAN;active;N/A;N/A;Usado;Plateado;N/A;Eléctrica;4x2;Sí;Sí;N/A;N/A;N/A;Sí;N/A;N/A;Sí;N/A;N/A;Sí;Sí;N/A;Sí;N/A;N/A;N/A;N/A;N/A;N/A;N/A;N/A;N/A;N/A;N/A;N/A;N/A;N/A;N/A;N/A;N/A;N/A;N/A;Sí;N/A;N/A;N/A;N/A;N/A;N/A;N/A;N/A;N/A;N/A;N/A;N/A;N/A;N/A;N/A;N/A;N/A;N/A;N/A;N/A;N/A;N/A;N/A;N/A;N/A;N/A;N/A;N/A;N/A;N/A;N/A;N/A;N/A;N/A;N/A;N/A;N/A;N/A;N/A;N/A;N/A;N/A;N/A;N/A;N/A;N/A;N/A;N/A;N/A;N/A;N/A;N/A;Sí;N/A;Sí;Sí;N/A;Sí;Sí;N/A;N/A;N/A;N/A;Sí;Sí;N/A;N/A;Sí;N/A;4;1.8;Híbrido;Automática;Sedán;"Autos y camionetas";No;N/A;N/A;N/A;No;N/A;N/A;N/A;No;N/A;No;N/A;N/A;N/A;N/A;N/A;N/A;N/A;N/A;N/A;N/A;N/A;N/A;N/A;Sí;N/A;N/A;N/A;N/A;N/A;N/A;N/A;N/A;N/A;N/A;N/A;N/A;N/A;N/A;N/A;N/A;N/A;N/A;No;N/A;N/A;N/A;N/A;N/A;N/A;N/A;N/A;N/A;N/A;N/A;N/A;N/A;N/A;N/A;N/A;N/A;No;No;N/A;N/A;N/A;N/A;N/A;N/A;N/A;N/A;N/A;N/A;N/A;N/A;N/A;N/A;N/A;N/A;N/A;N/A;N/A;N/A;N/A;N/A;N/A;N/A;N/A;N/A;N/A;N/A;N/A;N/A;N/A;N/A;N/A;Sí;Sí;Sí;N/A;Sí;N/A;N/A;N/A;N/A;Sí;Sí;Sí;Sí;N/A;N/A;Sí;Sí;Sí;Sí;Sí;Sí;No;No;Sí;N/A;Sí
Toyota;RAV4;"LIMITED PLUS 4x4";2023;"80489 km";;"GO SELECT";51900;;;;;Aguada;https://auto.mercadolibre.com.uy/MLU-692879886-toyota-rav4-limited-plus-4x4-2023-muy-buen-estado-_JM;N/A;;"Toyota Rav4 Limited Plus 4x4 2023 Muy Buen Estado";usd;Sí;gold_premium;false;N/A;N/A;http://perfil.mercadolibre.com.uy/GO+SELECT;active;N/A;N/A;Usado;"Gris oscuro";Sí;Hidráulica;N/A;Sí;Sí;Sí;Sí;N/A;N/A;Sí;Sí;Sí;N/A;N/A;N/A;Sí;N/A;Sí;N/A;N/A;N/A;N/A;N/A;N/A;N/A;N/A;N/A;N/A;N/A;"2500 cc";N/A;N/A;N/A;N/A;N/A;N/A;Sí;N/A;N/A;N/A;N/A;N/A;N/A;N/A;N/A;N/A;N/A;N/A;N/A;N/A;N/A;N/A;N/A;N/A;N/A;Sí;N/A;Sí;N/A;N/A;N/A;N/A;N/A;N/A;N/A;N/A;N/A;N/A;N/A;N/A;N/A;N/A;N/A;N/A;Sí;N/A;N/A;N/A;N/A;N/A;N/A;N/A;N/A;N/A;N/A;N/A;N/A;N/A;N/A;N/A;N/A;N/A;Sí;N/A;Sí;N/A;Sí;N/A;N/A;N/A;N/A;N/A;N/A;N/A;N/A;Sí;"Lun. a Jue. de 9 a 18 hs. Vie de 9 a 17 hs";5;2.5;Híbrido;Automática;SUV;"Autos y camionetas";No;N/A;N/A;N/A;No;N/A;UY;No;Sí;No;No;N/A;N/A;N/A;N/A;N/A;N/A;N/A;N/A;N/A;N/A;N/A;N/A;N/A;Sí;N/A;N/A;N/A;N/A;N/A;N/A;N/A;N/A;N/A;N/A;N/A;N/A;N/A;N/A;N/A;N/A;N/A;N/A;N/A;N/A;N/A;N/A;N/A;N/A;N/A;N/A;N/A;N/A;Sí;N/A;N/A;N/A;N/A;N/A;N/A;N/A;N/A;No;N/A;N/A;N/A;N/A;N/A;N/A;N/A;N/A;N/A;N/A;N/A;N/A;N/A;N/A;N/A;N/A;N/A;N/A;N/A;N/A;N/A;N/A;N/A;N/A;N/A;N/A;N/A;N/A;N/A;Sí;N/A;N/A;N/A;Sí;N/A;Sí;Sí;Sí;N/A;Sí;N/A;Sí;Sí;Sí;Sí;N/A;N/A;Sí;Sí;N/A;N/A;Sí;N/A;Sí;N/A;N/A;N/A;N/A;Sí
Toyota;Corolla;"Corolla 2.0 diesel full";1999;"419000 km";;DANI162009;9500;;;;;"San José de Mayo";https://auto.mercadolibre.com.uy/MLU-701659426-toyota-corolla-20-diesel-full-_JM;N/A;;"Toyota Corolla 2.0 Diesel Full";USD;No;gold_premium;false;N/A;N/A;http://perfil.mercadolibre.com.uy/DANI162009;active;N/A;N/A;Usado;Rojo;N/A;Hidráulica;Delantera;N/A;N/A;N/A;N/A;N/A;N/A;N/A;N/A;N/A;N/A;N/A;N/A;N/A;N/A;N/A;N/A;N/A;N/A;N/A;N/A;N/A;N/A;N/A;N/A;N/A;N/A;N/A;N/A;N/A;N/A;N/A;N/A;N/A;N/A;N/A;N/A;N/A;N/A;N/A;N/A;N/A;N/A;N/A;N/A;N/A;N/A;N/A;N/A;N/A;N/A;N/A;N/A;N/A;N/A;N/A;N/A;N/A;N/A;N/A;N/A;N/A;N/A;N/A;N/A;N/A;N/A;N/A;N/A;N/A;N/A;N/A;N/A;N/A;N/A;N/A;N/A;N/A;N/A;N/A;N/A;N/A;N/A;N/A;N/A;N/A;N/A;N/A;N/A;N/A;N/A;N/A;N/A;N/A;N/A;N/A;N/A;N/A;N/A;N/A;N/A;N/A;N/A;N/A;N/A;4;2.0;Diésel;Manual;N/A;"Autos y camionetas";N/A;N/A;N/A;N/A;N/A;N/A;N/A;N/A;N/A;N/A;N/A;N/A;N/A;N/A;N/A;N/A;N/A;N/A;N/A;N/A;N/A;N/A;N/A;N/A;N/A;N/A;N/A;N/A;N/A;N/A;N/A;N/A;N/A;N/A;N/A;N/A;N/A;N/A;N/A;N/A;N/A;N/A;N/A;N/A;N/A;N/A;N/A;N/A;N/A;N/A;N/A;N/A;N/A;N/A;N/A;N/A;N/A;N/A;N/A;N/A;N/A;N/A;N/A;N/A;N/A;N/A;N/A;N/A;N/A;N/A;N/A;N/A;N/A;N/A;N/A;N/A;N/A;N/A;N/A;N/A;N/A;N/A;N/A;N/A;N/A;N/A;N/A;N/A;N/A;N/A;N/A;N/A;N/A;N/A;N/A;N/A;N/A;N/A;N/A;N/A;N/A;N/A;N/A;N/A;N/A;N/A;N/A;N/A;N/A;N/A;N/A;N/A;N/A;N/A;N/A;N/A;N/A;N/A;N/A;N/A;N/A;N/A
Toyota;Hilux;"2.4 D/cab 4x2 D";1993;"111111 km";;FISA1935066;18990;;;;;Florida;https://auto.mercadolibre.com.uy/MLU-646557079-toyota-hilux-24-dcab-4x2-d-_JM;N/A;;"Toyota Hilux 2.4 D/cab 4x2 D";usd;No;gold_premium;false;N/A;N/A;http://perfil.mercadolibre.com.uy/FISA1935066;active;N/A;N/A;Usado;Blanco;No;N/A;4x2;Sí;N/A;N/A;N/A;N/A;N/A;N/A;N/A;N/A;N/A;N/A;N/A;N/A;N/A;N/A;N/A;N/A;N/A;N/A;N/A;N/A;N/A;N/A;N/A;N/A;"3085 mm";"2.4 L";"80 L";5;N/A;N/A;N/A;N/A;N/A;N/A;N/A;N/A;N/A;N/A;N/A;N/A;N/A;N/A;N/A;N/A;N/A;N/A;N/A;N/A;N/A;N/A;N/A;N/A;N/A;N/A;N/A;N/A;N/A;N/A;N/A;N/A;N/A;N/A;N/A;N/A;N/A;N/A;N/A;N/A;N/A;N/A;N/A;N/A;N/A;"1860 mm";"5260 mm";N/A;N/A;N/A;N/A;5;"150 hp";N/A;N/A;4;"1835 mm";"8.2 km/l";N/A;N/A;N/A;N/A;N/A;N/A;N/A;N/A;N/A;N/A;"6.3 km/l";N/A;N/A;N/A;N/A;N/A;N/A;4;2.4;Diésel;Manual;Pick-Up;"Autos y camionetas";N/A;N/A;N/A;N/A;N/A;N/A;UY;N/A;N/A;N/A;N/A;N/A;N/A;N/A;N/A;N/A;N/A;N/A;N/A;N/A;N/A;N/A;N/A;N/A;N/A;N/A;N/A;N/A;N/A;N/A;N/A;N/A;N/A;N/A;N/A;N/A;N/A;N/A;N/A;N/A;N/A;N/A;N/A;N/A;N/A;N/A;N/A;N/A;N/A;N/A;N/A;N/A;N/A;N/A;N/A;N/A;N/A;N/A;N/A;N/A;N/A;N/A;N/A;N/A;N/A;N/A;N/A;N/A;N/A;N/A;N/A;N/A;N/A;N/A;N/A;N/A;N/A;N/A;N/A;N/A;N/A;N/A;N/A;N/A;N/A;N/A;N/A;N/A;N/A;N/A;N/A;N/A;N/A;N/A;N/A;N/A;N/A;N/A;N/A;N/A;N/A;N/A;N/A;N/A;N/A;N/A;N/A;N/A;N/A;N/A;N/A;N/A;N/A;N/A;N/A;N/A;N/A;N/A;N/A;N/A;N/A;N/A
Toyota;Etios;"1.5 Sedan X";2017;"350000 km";;ORMA5103193;8500;;;;;Aguada;https://auto.mercadolibre.com.uy/MLU-699640662-toyota-etios-2017-15-sedan-x-_JM;N/A;;"Toyota Etios 2017 1.5 Sedan X";usd;Sí;gold_premium;false;N/A;N/A;http://perfil.mercadolibre.com.uy/ORMA5103193;active;N/A;N/A;Usado;N/A;N/A;Eléctrica;Delantera;Sí;N/A;N/A;N/A;N/A;N/A;N/A;N/A;N/A;N/A;N/A;N/A;N/A;N/A;N/A;N/A;N/A;N/A;N/A;N/A;N/A;N/A;N/A;N/A;N/A;"2460 mm";"1.5 L";"45 L";5;N/A;N/A;N/A;N/A;N/A;N/A;N/A;N/A;N/A;N/A;N/A;N/A;N/A;N/A;N/A;N/A;N/A;N/A;N/A;N/A;N/A;N/A;N/A;N/A;N/A;N/A;N/A;N/A;N/A;N/A;N/A;N/A;N/A;N/A;N/A;N/A;N/A;N/A;N/A;N/A;N/A;N/A;N/A;N/A;N/A;"1510 mm";"4265 mm";N/A;N/A;N/A;N/A;5;"90 hp";X;N/A;4;"1695 mm";"13.8 km/l";N/A;N/A;N/A;N/A;N/A;N/A;N/A;N/A;N/A;N/A;"12.4 km/l";N/A;N/A;N/A;N/A;N/A;N/A;4;1.5;Nafta;Manual;Sedán;"Autos y camionetas";N/A;N/A;N/A;N/A;N/A;N/A;UY;N/A;N/A;N/A;N/A;N/A;N/A;N/A;N/A;N/A;N/A;N/A;N/A;N/A;N/A;N/A;N/A;N/A;N/A;N/A;N/A;N/A;N/A;N/A;N/A;N/A;N/A;N/A;N/A;N/A;N/A;N/A;N/A;N/A;N/A;N/A;N/A;N/A;N/A;N/A;N/A;N/A;N/A;N/A;N/A;N/A;N/A;N/A;N/A;N/A;N/A;N/A;N/A;N/A;N/A;N/A;N/A;N/A;N/A;N/A;N/A;N/A;N/A;N/A;N/A;N/A;N/A;N/A;N/A;N/A;N/A;N/A;N/A;N/A;N/A;N/A;N/A;N/A;N/A;N/A;N/A;N/A;N/A;N/A;N/A;N/A;N/A;N/A;N/A;N/A;N/A;N/A;N/A;N/A;N/A;N/A;N/A;N/A;N/A;N/A;N/A;N/A;N/A;N/A;N/A;N/A;N/A;N/A;Sí;N/A;N/A;N/A;N/A;Sí;N/A;N/A
Toyota;RAV4;"HYBRID LIMITED PLUS 4x4";2021;"37534 km";;"GO SELECT";47900;;;;;Aguada;https://auto.mercadolibre.com.uy/MLU-688973226-toyota-rav4-hybrid-limited-plus-4x4-2021-muy-buen-estado-_JM;N/A;;"Toyota Rav4 Hybrid Limited Plus 4x4 2021 Muy Buen Estado";usd;Sí;gold_premium;false;N/A;N/A;http://perfil.mercadolibre.com.uy/GO+SELECT;active;N/A;N/A;Usado;Azul;Sí;Hidráulica;N/A;Sí;Sí;Sí;Sí;N/A;N/A;Sí;Sí;Sí;N/A;Sí;Sí;Sí;N/A;Sí;N/A;N/A;N/A;N/A;N/A;N/A;N/A;N/A;N/A;N/A;N/A;"2500 cc";N/A;N/A;N/A;N/A;N/A;N/A;Sí;N/A;N/A;N/A;N/A;N/A;N/A;N/A;N/A;N/A;N/A;N/A;N/A;N/A;N/A;N/A;N/A;N/A;N/A;Sí;N/A;Sí;N/A;Sí;N/A;N/A;N/A;N/A;N/A;N/A;N/A;N/A;N/A;N/A;N/A;N/A;N/A;N/A;N/A;N/A;N/A;N/A;N/A;N/A;N/A;N/A;N/A;N/A;N/A;N/A;N/A;N/A;N/A;N/A;N/A;N/A;Sí;N/A;Sí;Sí;Sí;Sí;N/A;Sí;N/A;N/A;N/A;N/A;N/A;Sí;"Lun. a Jue. de 9 a 18 hs. Vie de 9 a 17 hs";5;2.5;Híbrido;Automática;SUV;"Autos y camionetas";No;N/A;N/A;N/A;No;N/A;UY;No;Sí;No;No;N/A;N/A;N/A;N/A;N/A;N/A;N/A;N/A;N/A;N/A;N/A;N/A;N/A;N/A;N/A;N/A;N/A;N/A;N/A;N/A;N/A;N/A;N/A;N/A;N/A;N/A;N/A;N/A;N/A;N/A;N/A;N/A;N/A;N/A;N/A;N/A;N/A;N/A;N/A;N/A;N/A;N/A;N/A;N/A;N/A;N/A;N/A;N/A;N/A;N/A;N/A;No;N/A;N/A;N/A;N/A;N/A;N/A;N/A;N/A;N/A;N/A;N/A;N/A;N/A;N/A;N/A;N/A;N/A;N/A;N/A;N/A;N/A;N/A;N/A;N/A;N/A;N/A;N/A;N/A;N/A;N/A;N/A;N/A;N/A;Sí;N/A;Sí;Sí;Sí;N/A;N/A;N/A;Sí;Sí;N/A;N/A;N/A;N/A;Sí;Sí;N/A;N/A;Sí;N/A;Sí;N/A;N/A;N/A;N/A;Sí
Toyota;Hilux;"SRX 4X4";2024;"0 km";;"CASARIEGO CERTIFICADOS";82990;;;;;Melo;https://auto.mercadolibre.com.uy/MLU-680465184-toyota-hilux-srx-4x4-28-2024-0km-_JM;N/A;;"Toyota Hilux Srx 4x4 2.8 2024 0km";usd;Sí;gold_premium;false;N/A;N/A;http://perfil.mercadolibre.com.uy/CASARIEGO+CERTIFICADOS;active;N/A;N/A;Nuevo;Plateado;N/A;Asistida;N/A;N/A;Sí;Sí;Sí;Sí;N/A;Sí;Sí;Sí;N/A;Sí;Sí;Sí;N/A;N/A;N/A;N/A;N/A;N/A;N/A;N/A;N/A;N/A;N/A;N/A;N/A;"2800 cc";N/A;N/A;N/A;N/A;Sí;Sí;Sí;N/A;N/A;N/A;N/A;N/A;N/A;N/A;N/A;N/A;N/A;N/A;N/A;N/A;N/A;N/A;N/A;N/A;N/A;Sí;N/A;Sí;N/A;Sí;N/A;N/A;N/A;N/A;N/A;N/A;N/A;N/A;Sí;N/A;N/A;N/A;N/A;N/A;Sí;N/A;N/A;N/A;N/A;N/A;N/A;N/A;N/A;N/A;N/A;Srx;N/A;N/A;N/A;N/A;N/A;N/A;Sí;Sí;Sí;N/A;Sí;N/A;N/A;N/A;N/A;N/A;N/A;N/A;N/A;Sí;"Lun. a Vie. de 8:30 a 20 hs. Sáb. de 8:30 a 12 hs.";4;2.8;Diésel;Automática;Pick-Up;"Autos y camionetas";No;N/A;N/A;N/A;No;N/A;UY;No;Sí;No;No;N/A;N/A;N/A;N/A;N/A;N/A;N/A;N/A;N/A;N/A;N/A;N/A;N/A;N/A;N/A;N/A;N/A;N/A;N/A;N/A;N/A;N/A;N/A;N/A;N/A;N/A;N/A;N/A;N/A;N/A;N/A;N/A;Sí;N/A;N/A;N/A;N/A;N/A;N/A;N/A;N/A;N/A;N/A;N/A;N/A;N/A;N/A;N/A;N/A;N/A;Sí;No;N/A;N/A;N/A;N/A;N/A;N/A;N/A;N/A;N/A;N/A;N/A;N/A;N/A;N/A;N/A;N/A;N/A;N/A;N/A;N/A;N/A;N/A;N/A;N/A;N/A;N/A;N/A;N/A;N/A;N/A;N/A;N/A;N/A;Sí;N/A;Sí;Sí;Sí;Sí;Sí;N/A;Sí;Sí;N/A;N/A;N/A;Sí;Sí;Sí;Sí;N/A;Sí;Sí;Sí;N/A;N/A;N/A;N/A;Sí
Toyota;Corolla;"1.6 GLI DUAL VV";2013;"242000 km";;GIANNINU15;11500;;;;;Capurro;https://auto.mercadolibre.com.uy/MLU-701373722-toyota-corolla-16-gli-dual-vv-_JM;N/A;;"Toyota Corolla 1.6 Gli Dual Vv";USD;Sí;gold_premium;false;N/A;N/A;http://perfil.mercadolibre.com.uy/GIANNINU15;active;N/A;N/A;Usado;N/A;N/A;N/A;N/A;N/A;N/A;N/A;N/A;N/A;N/A;N/A;N/A;N/A;N/A;N/A;N/A;N/A;N/A;N/A;N/A;N/A;N/A;N/A;N/A;N/A;N/A;N/A;N/A;N/A;N/A;N/A;N/A;N/A;N/A;N/A;N/A;N/A;N/A;N/A;N/A;N/A;N/A;N/A;N/A;N/A;N/A;N/A;N/A;N/A;N/A;N/A;N/A;N/A;N/A;N/A;N/A;N/A;N/A;N/A;N/A;N/A;N/A;N/A;N/A;N/A;N/A;N/A;N/A;N/A;N/A;N/A;N/A;N/A;N/A;N/A;N/A;N/A;N/A;N/A;N/A;N/A;N/A;N/A;N/A;N/A;N/A;N/A;N/A;N/A;N/A;N/A;N/A;N/A;N/A;N/A;N/A;N/A;N/A;N/A;N/A;N/A;N/A;N/A;N/A;N/A;N/A;N/A;N/A;4;N/A;Nafta;N/A;N/A;"Autos y camionetas";N/A;N/A;N/A;N/A;N/A;N/A;N/A;N/A;N/A;N/A;N/A;N/A;N/A;N/A;N/A;N/A;N/A;N/A;N/A;N/A;N/A;N/A;N/A;N/A;N/A;N/A;N/A;N/A;N/A;N/A;N/A;N/A;N/A;N/A;N/A;N/A;N/A;N/A;N/A;N/A;N/A;N/A;N/A;N/A;N/A;N/A;N/A;N/A;N/A;N/A;N/A;N/A;N/A;N/A;N/A;N/A;N/A;N/A;N/A;N/A;N/A;N/A;N/A;N/A;N/A;N/A;N/A;N/A;N/A;N/A;N/A;N/A;N/A;N/A;N/A;N/A;N/A;N/A;N/A;N/A;N/A;N/A;N/A;N/A;N/A;N/A;N/A;N/A;N/A;N/A;N/A;N/A;N/A;N/A;N/A;N/A;N/A;N/A;N/A;N/A;N/A;N/A;N/A;N/A;N/A;N/A;N/A;N/A;N/A;N/A;N/A;N/A;N/A;N/A;N/A;N/A;N/A;N/A;N/A;N/A;N/A;N/A
Toyota;RAV4;"LIMITED PLUS HYBRID";2024;"0 km";;"VIPERCAR AUTOMOVILES_2";67990;;;;;"Brazo Oriental";https://auto.mercadolibre.com.uy/MLU-637292353-toyota-rav4-limited-plus-hybrid-25-2024-0km-_JM;N/A;;"Toyota Rav4 Limited Plus Hybrid 2.5 2024 0km";usd;Sí;gold_premium;false;N/A;N/A;http://perfil.mercadolibre.com.uy/VIPERCAR+AUTOMOVILES_2;active;N/A;N/A;Nuevo;N/A;N/A;Eléctrica;N/A;Sí;Sí;Sí;Sí;Sí;N/A;Sí;Sí;Sí;Sí;Sí;Sí;Sí;N/A;N/A;N/A;N/A;N/A;N/A;N/A;N/A;N/A;N/A;N/A;N/A;N/A;"2500 cc";N/A;N/A;N/A;N/A;Sí;Sí;Sí;Sí;Sí;N/A;N/A;N/A;N/A;N/A;N/A;N/A;N/A;N/A;N/A;N/A;N/A;N/A;N/A;Sí;N/A;Sí;N/A;Sí;N/A;Sí;N/A;N/A;N/A;N/A;N/A;N/A;N/A;N/A;N/A;N/A;N/A;N/A;N/A;N/A;Sí;N/A;N/A;N/A;N/A;N/A;N/A;N/A;N/A;N/A;"221 hp";N/A;N/A;N/A;N/A;N/A;N/A;N/A;Sí;Sí;Sí;Sí;Sí;Sí;Sí;N/A;N/A;N/A;N/A;N/A;N/A;Sí;"Lun a Vie de 9 a 12:30 y de 13:30 a 19. Sáb de 9 a 13 hs.";5;2.5;Híbrido;Automática;SUV;"Autos y camionetas";No;N/A;N/A;N/A;No;N/A;UY;No;Sí;No;No;N/A;N/A;N/A;N/A;N/A;N/A;N/A;N/A;N/A;N/A;N/A;N/A;N/A;Sí;N/A;N/A;N/A;N/A;N/A;N/A;N/A;N/A;N/A;N/A;Sí;N/A;N/A;N/A;N/A;N/A;N/A;N/A;Sí;N/A;N/A;N/A;N/A;N/A;N/A;N/A;N/A;N/A;Sí;N/A;N/A;N/A;Sí;Sí;N/A;N/A;Sí;No;N/A;N/A;N/A;N/A;N/A;N/A;N/A;Sí;N/A;N/A;N/A;N/A;N/A;N/A;N/A;N/A;N/A;N/A;N/A;N/A;N/A;N/A;N/A;N/A;N/A;N/A;N/A;N/A;N/A;Sí;N/A;N/A;N/A;Sí;Sí;Sí;Sí;Sí;Sí;Sí;N/A;Sí;Sí;Sí;Sí;N/A;N/A;Sí;Sí;Sí;N/A;Sí;Sí;Sí;N/A;N/A;Sí;N/A;Sí
Toyota;"Hilux SW4";"2.8 204 hp";2022;"120000 km";;ALSA1035082;59000;;;;;"Treinta y Tres";https://auto.mercadolibre.com.uy/MLU-646800319-toyota-hilux-sw4-28-dcab-tdsl-srv-plus-177hp-4x4-aut-_JM;N/A;;"Toyota Hilux Sw4 2.8 D.cab. T.dsl Srv Plus 177hp 4x4 Aut";usd;Sí;gold_premium;false;N/A;N/A;http://perfil.mercadolibre.com.uy/ALSA1035082;active;N/A;N/A;Usado;Gris;Sí;Hidráulica;4x4;Sí;Sí;Sí;N/A;N/A;N/A;N/A;N/A;Sí;N/A;N/A;N/A;Sí;N/A;N/A;N/A;N/A;N/A;N/A;N/A;N/A;N/A;N/A;N/A;N/A;"2750 mm";"2.8 L";"80 L";5;N/A;N/A;N/A;N/A;N/A;N/A;N/A;N/A;N/A;N/A;N/A;N/A;N/A;N/A;N/A;N/A;N/A;N/A;N/A;N/A;N/A;N/A;N/A;N/A;N/A;N/A;N/A;N/A;N/A;N/A;N/A;N/A;N/A;N/A;N/A;N/A;N/A;N/A;N/A;N/A;N/A;N/A;N/A;N/A;N/A;"1850 mm";"4705 mm";N/A;N/A;N/A;N/A;7;"177 hp";"Srv Plus";N/A;4;"1840 mm";N/A;N/A;N/A;Sí;Sí;N/A;Sí;Sí;N/A;N/A;N/A;N/A;N/A;N/A;N/A;N/A;N/A;N/A;5;2.8;Diésel;Automática;SUV;"Autos y camionetas";N/A;N/A;N/A;N/A;N/A;N/A;UY;N/A;N/A;N/A;N/A;N/A;N/A;N/A;N/A;N/A;N/A;N/A;N/A;N/A;N/A;N/A;N/A;N/A;Sí;N/A;N/A;N/A;N/A;N/A;N/A;N/A;N/A;N/A;N/A;N/A;N/A;N/A;N/A;N/A;N/A;N/A;N/A;N/A;N/A;N/A;N/A;N/A;N/A;N/A;N/A;N/A;N/A;N/A;N/A;N/A;N/A;N/A;N/A;N/A;N/A;N/A;N/A;N/A;N/A;N/A;N/A;N/A;N/A;N/A;N/A;N/A;N/A;N/A;N/A;N/A;N/A;N/A;N/A;N/A;N/A;N/A;N/A;N/A;N/A;N/A;N/A;N/A;N/A;N/A;N/A;N/A;N/A;N/A;N/A;Sí;Sí;N/A;Sí;N/A;N/A;N/A;N/A;N/A;N/A;Sí;N/A;N/A;N/A;N/A;N/A;Sí;Sí;Sí;Sí;Sí;Sí;N/A;N/A;Sí;N/A;Sí
Toyota;Celica;"2.0 Lift";1993;"1 km";;REARTIGALAS;9000;;;;;Rocha;https://auto.mercadolibre.com.uy/MLU-701370450-toyota-celica-20-lift-_JM;N/A;;"Toyota Celica 2.0 Lift";usd;No;gold_premium;false;N/A;N/A;http://perfil.mercadolibre.com.uy/REARTIGALAS;active;N/A;N/A;Usado;Rojo;No;Hidráulica;Trasera;Sí;Sí;N/A;N/A;N/A;No;N/A;N/A;Sí;N/A;N/A;No;Sí;N/A;Sí;N/A;N/A;N/A;N/A;N/A;N/A;N/A;N/A;N/A;N/A;"2600 mm";"2 L";"60 L";5;N/A;N/A;N/A;N/A;N/A;No;N/A;N/A;N/A;N/A;N/A;N/A;N/A;N/A;N/A;N/A;N/A;N/A;N/A;N/A;N/A;N/A;N/A;N/A;N/A;N/A;N/A;N/A;N/A;No;N/A;N/A;N/A;N/A;N/A;N/A;N/A;N/A;N/A;N/A;N/A;N/A;N/A;N/A;N/A;"1301 mm";"4420 mm";N/A;N/A;N/A;N/A;2;"105 hp";Lift;N/A;4;"1701 mm";"13.7 km/l";No;N/A;No;Sí;N/A;No;No;N/A;Sí;N/A;"7.7 km/l";No;No;N/A;N/A;No;"Lunes a sábado de 9 a 18";2;2.0;Nafta;Manual;Coupé;"Autos y camionetas";No;N/A;N/A;N/A;No;N/A;UY;N/A;No;N/A;No;N/A;N/A;N/A;N/A;N/A;N/A;N/A;N/A;N/A;N/A;N/A;N/A;N/A;No;N/A;N/A;N/A;N/A;N/A;N/A;N/A;N/A;N/A;N/A;N/A;N/A;N/A;N/A;N/A;N/A;N/A;N/A;No;N/A;N/A;N/A;N/A;N/A;N/A;N/A;N/A;N/A;N/A;N/A;N/A;N/A;N/A;N/A;N/A;N/A;No;No;N/A;N/A;N/A;N/A;N/A;N/A;N/A;N/A;N/A;N/A;N/A;N/A;N/A;N/A;N/A;N/A;N/A;N/A;N/A;N/A;N/A;N/A;N/A;N/A;N/A;N/A;N/A;N/A;N/A;N/A;N/A;N/A;No;No;No;Sí;N/A;No;N/A;N/A;N/A;N/A;No;No;No;Sí;N/A;N/A;No;No;Sí;Sí;Sí;No;Sí;No;No;N/A;No
Toyota;Hilux;"2.7 Cd Srv Vvti 4x4 Cuero - B4";2017;"72000 km";;DARIO.GOL;30900;;;;;Malvin;https://auto.mercadolibre.com.uy/MLU-700696932-toyota-srv-4x4-nafta-27-_JM;N/A;;"Toyota Srv 4x4 Nafta 2.7";usd;Sí;gold_premium;false;N/A;N/A;http://perfil.mercadolibre.com.uy/DARIO.GOL;active;N/A;N/A;Usado;Rojo;N/A;Hidráulica;4x4;Sí;N/A;Sí;N/A;N/A;N/A;N/A;N/A;N/A;N/A;N/A;N/A;N/A;N/A;N/A;N/A;N/A;N/A;N/A;N/A;N/A;N/A;N/A;N/A;N/A;"2860 mm";"2.7 L";"80 L";5;N/A;N/A;N/A;N/A;N/A;N/A;N/A;N/A;N/A;N/A;N/A;N/A;N/A;N/A;N/A;N/A;N/A;N/A;N/A;N/A;N/A;N/A;N/A;N/A;N/A;N/A;N/A;N/A;N/A;N/A;N/A;N/A;N/A;N/A;N/A;N/A;N/A;N/A;N/A;N/A;N/A;N/A;N/A;N/A;N/A;"1860 mm";"5260 mm";N/A;N/A;N/A;N/A;5;"160 hp";Srv;N/A;4;"1855 mm";N/A;Sí;N/A;N/A;N/A;N/A;N/A;N/A;N/A;N/A;N/A;N/A;N/A;N/A;N/A;N/A;N/A;N/A;4;2.7;Nafta;Manual;Pick-Up;"Autos y camionetas";N/A;N/A;N/A;N/A;N/A;N/A;UY;N/A;N/A;N/A;N/A;N/A;N/A;N/A;N/A;N/A;N/A;N/A;N/A;N/A;N/A;N/A;N/A;N/A;N/A;N/A;N/A;N/A;N/A;N/A;N/A;N/A;N/A;N/A;N/A;N/A;N/A;N/A;N/A;N/A;N/A;N/A;N/A;N/A;N/A;N/A;N/A;N/A;N/A;N/A;N/A;N/A;N/A;N/A;N/A;N/A;N/A;N/A;N/A;N/A;N/A;N/A;N/A;N/A;N/A;N/A;N/A;N/A;N/A;N/A;N/A;N/A;N/A;N/A;N/A;N/A;N/A;N/A;N/A;N/A;N/A;N/A;N/A;N/A;N/A;N/A;N/A;N/A;N/A;N/A;N/A;N/A;N/A;N/A;N/A;N/A;N/A;N/A;N/A;N/A;N/A;N/A;N/A;N/A;N/A;N/A;N/A;N/A;N/A;N/A;N/A;N/A;Sí;N/A;Sí;N/A;N/A;N/A;Sí;Sí;N/A;N/A
Toyota;RAV4;"2.0 Vx";2017;"64800 km";;DIRIEM;29000;;;;;Trinidad;https://auto.mercadolibre.com.uy/MLU-700457122-toyota-rav4-2017-20-vx-_JM;N/A;;"Toyota Rav4 2017 2.0 Vx";usd;Sí;gold_premium;false;N/A;N/A;http://perfil.mercadolibre.com.uy/DIRIEM;active;N/A;N/A;Usado;N/A;N/A;Eléctrica;4x2;Sí;N/A;Sí;N/A;N/A;N/A;N/A;N/A;N/A;N/A;N/A;N/A;N/A;N/A;N/A;N/A;N/A;N/A;N/A;N/A;N/A;N/A;N/A;N/A;N/A;"2660 mm";"2 L";"60 L";5;N/A;N/A;N/A;N/A;N/A;N/A;N/A;N/A;N/A;N/A;N/A;N/A;N/A;N/A;N/A;N/A;N/A;N/A;N/A;N/A;N/A;N/A;N/A;N/A;N/A;N/A;N/A;N/A;N/A;N/A;N/A;N/A;N/A;N/A;N/A;Sí;N/A;N/A;N/A;N/A;N/A;N/A;N/A;N/A;N/A;"1715 mm";"4570 mm";N/A;N/A;N/A;N/A;5;"146 hp";Vx;N/A;4;"1845 mm";N/A;Sí;N/A;N/A;N/A;N/A;N/A;N/A;N/A;Sí;N/A;"10.9 km/l";N/A;N/A;N/A;N/A;N/A;N/A;5;2.0;Nafta;Automática;SUV;"Autos y camionetas";N/A;N/A;N/A;N/A;N/A;N/A;UY;N/A;N/A;N/A;N/A;N/A;N/A;N/A;N/A;N/A;N/A;N/A;N/A;N/A;N/A;N/A;N/A;N/A;N/A;N/A;N/A;N/A;N/A;N/A;N/A;N/A;N/A;N/A;N/A;N/A;N/A;N/A;N/A;N/A;N/A;N/A;N/A;N/A;N/A;N/A;N/A;N/A;N/A;N/A;N/A;N/A;N/A;N/A;N/A;N/A;N/A;N/A;N/A;N/A;N/A;N/A;N/A;N/A;N/A;N/A;N/A;N/A;N/A;N/A;N/A;N/A;N/A;N/A;N/A;N/A;N/A;N/A;N/A;N/A;N/A;N/A;N/A;N/A;N/A;N/A;N/A;N/A;N/A;N/A;N/A;N/A;N/A;N/A;N/A;N/A;N/A;N/A;N/A;N/A;N/A;N/A;N/A;N/A;N/A;N/A;N/A;N/A;N/A;N/A;N/A;N/A;Sí;N/A;Sí;N/A;N/A;N/A;N/A;Sí;N/A;N/A
Toyota;Raize;Glx;2023;"9920 km";;"GO SELECT";22900;;;;;Aguada;https://auto.mercadolibre.com.uy/MLU-699954442-toyota-raize-glx-2023-negro-muy-buen-estado-_JM;N/A;;"Toyota Raize Glx 2023 Negro Muy Buen Estado";USD;Sí;gold_premium;false;N/A;N/A;http://perfil.mercadolibre.com.uy/GO+SELECT;active;N/A;N/A;Usado;Negro;Sí;Asistida;N/A;Sí;Sí;Sí;N/A;N/A;N/A;Sí;Sí;N/A;N/A;N/A;Sí;Sí;N/A;N/A;N/A;N/A;N/A;N/A;N/A;N/A;N/A;N/A;N/A;N/A;N/A;"1000 cc";N/A;5;N/A;N/A;Sí;Sí;N/A;N/A;N/A;N/A;N/A;N/A;N/A;N/A;N/A;N/A;N/A;N/A;N/A;N/A;N/A;N/A;N/A;N/A;N/A;Sí;N/A;Sí;N/A;N/A;N/A;N/A;N/A;N/A;N/A;N/A;N/A;N/A;N/A;N/A;N/A;N/A;N/A;N/A;N/A;N/A;N/A;N/A;N/A;N/A;N/A;N/A;N/A;N/A;N/A;N/A;N/A;N/A;N/A;N/A;N/A;N/A;N/A;N/A;N/A;N/A;Sí;N/A;N/A;N/A;N/A;N/A;N/A;N/A;N/A;Sí;"Lun. a Jue. de 9 a 18 hs. Vie. de 9 a 17 hs";5;1.0;Nafta;Manual;SUV;"Autos y camionetas";No;N/A;N/A;N/A;No;N/A;N/A;No;Sí;No;No;N/A;N/A;N/A;N/A;N/A;N/A;N/A;N/A;N/A;N/A;N/A;N/A;N/A;N/A;N/A;N/A;N/A;N/A;N/A;N/A;N/A;N/A;N/A;N/A;N/A;N/A;N/A;N/A;N/A;N/A;N/A;N/A;N/A;N/A;N/A;N/A;N/A;N/A;N/A;N/A;N/A;N/A;N/A;N/A;N/A;N/A;N/A;N/A;N/A;N/A;Sí;No;N/A;N/A;N/A;N/A;N/A;N/A;N/A;N/A;N/A;N/A;N/A;N/A;N/A;N/A;N/A;N/A;N/A;N/A;N/A;N/A;N/A;N/A;N/A;N/A;N/A;N/A;N/A;N/A;N/A;N/A;N/A;N/A;N/A;Sí;N/A;Sí;N/A;Sí;N/A;Sí;N/A;Sí;Sí;N/A;N/A;N/A;N/A;N/A;Sí;N/A;N/A;Sí;N/A;Sí;N/A;N/A;N/A;N/A;Sí
Toyota;Prius;"1.5 C Hibrido At";2018;"84320 km";;BRAIDACAR;18900;;;;;"Punta del Este";https://auto.mercadolibre.com.uy/MLU-698680646-toyota-prius-15-c-hibrido-at-_JM;N/A;;"Toyota Prius 1.5 C Hibrido At";usd;Sí;gold_premium;false;N/A;N/A;http://perfil.mercadolibre.com.uy/BRAIDACAR;active;N/A;N/A;Usado;Blanco;Sí;Hidráulica;Delantera;Sí;N/A;N/A;N/A;N/A;N/A;N/A;N/A;N/A;N/A;N/A;N/A;N/A;N/A;N/A;N/A;N/A;N/A;N/A;N/A;N/A;N/A;N/A;N/A;N/A;"2700 mm";"1.5 L";"43 L";N/A;N/A;N/A;N/A;N/A;N/A;N/A;N/A;N/A;N/A;N/A;N/A;N/A;N/A;N/A;N/A;N/A;N/A;N/A;N/A;N/A;N/A;N/A;N/A;N/A;N/A;N/A;N/A;N/A;N/A;N/A;N/A;N/A;N/A;N/A;N/A;N/A;N/A;N/A;N/A;N/A;N/A;N/A;N/A;N/A;N/A;"1490 mm";"4540 mm";N/A;N/A;N/A;N/A;5;"36 hp";N/A;N/A;4;"1760 mm";N/A;N/A;N/A;N/A;N/A;N/A;N/A;Sí;N/A;N/A;N/A;N/A;N/A;N/A;N/A;N/A;N/A;N/A;5;1.5;Híbrido;Automática;Hatchback;"Autos y camionetas";N/A;N/A;N/A;N/A;N/A;N/A;UY;N/A;N/A;N/A;N/A;N/A;N/A;N/A;N/A;N/A;N/A;N/A;N/A;N/A;N/A;N/A;N/A;N/A;N/A;N/A;N/A;N/A;N/A;N/A;N/A;N/A;N/A;N/A;N/A;N/A;N/A;N/A;N/A;N/A;N/A;N/A;N/A;N/A;N/A;N/A;N/A;N/A;N/A;N/A;N/A;N/A;N/A;N/A;N/A;N/A;N/A;N/A;N/A;N/A;N/A;N/A;N/A;N/A;N/A;N/A;N/A;N/A;N/A;N/A;N/A;N/A;N/A;N/A;N/A;N/A;N/A;N/A;N/A;N/A;N/A;N/A;N/A;N/A;N/A;N/A;N/A;N/A;N/A;N/A;N/A;N/A;N/A;N/A;N/A;N/A;N/A;N/A;N/A;N/A;N/A;N/A;N/A;N/A;N/A;N/A;N/A;N/A;N/A;N/A;N/A;N/A;Sí;N/A;Sí;N/A;N/A;N/A;N/A;Sí;N/A;Sí
Toyota;Hilux;"2.8 Tdi Cd Srv 4X2 Mt";2022;"100000 km";;HERNAN1842;49900;;;;;"el pinar";https://auto.mercadolibre.com.uy/MLU-697538664-toyota-hilux-srv-4x2-28-2022-_JM;N/A;;"Toyota Hilux Srv 4x2 2.8 2022";usd;Sí;gold_premium;false;N/A;N/A;http://perfil.mercadolibre.com.uy/HERNAN1842;active;N/A;N/A;Usado;Gris;Sí;Hidráulica;4x2;Sí;Sí;Sí;N/A;N/A;N/A;N/A;N/A;N/A;N/A;N/A;Sí;Sí;N/A;N/A;N/A;N/A;N/A;N/A;N/A;N/A;N/A;N/A;N/A;N/A;"3085 mm";"2.8 L";"80 L";6;N/A;N/A;N/A;N/A;N/A;Sí;N/A;N/A;N/A;N/A;N/A;N/A;N/A;N/A;N/A;N/A;N/A;N/A;N/A;N/A;N/A;N/A;N/A;N/A;N/A;N/A;N/A;N/A;N/A;N/A;N/A;N/A;N/A;N/A;N/A;N/A;N/A;N/A;N/A;N/A;N/A;N/A;N/A;N/A;N/A;"1815 mm";"5325 mm";N/A;N/A;N/A;N/A;5;"204 hp";Srv;N/A;4;"1855 mm";N/A;N/A;N/A;Sí;Sí;N/A;Sí;Sí;N/A;N/A;N/A;N/A;Sí;N/A;N/A;N/A;N/A;N/A;4;2.8;Diésel;Manual;Pick-Up;"Autos y camionetas";N/A;N/A;N/A;N/A;N/A;N/A;UY;N/A;N/A;N/A;N/A;N/A;N/A;N/A;N/A;N/A;N/A;N/A;N/A;N/A;N/A;N/A;N/A;N/A;Sí;N/A;N/A;N/A;N/A;N/A;N/A;N/A;N/A;N/A;N/A;N/A;N/A;N/A;N/A;N/A;N/A;N/A;N/A;N/A;N/A;N/A;N/A;N/A;N/A;N/A;N/A;N/A;N/A;N/A;N/A;N/A;N/A;N/A;N/A;N/A;N/A;N/A;N/A;N/A;N/A;N/A;N/A;N/A;N/A;N/A;N/A;N/A;N/A;N/A;N/A;N/A;N/A;N/A;N/A;N/A;N/A;N/A;N/A;N/A;N/A;N/A;N/A;N/A;N/A;N/A;N/A;N/A;N/A;N/A;N/A;N/A;Sí;Sí;N/A;N/A;Sí;N/A;N/A;N/A;N/A;Sí;N/A;N/A;Sí;N/A;N/A;Sí;Sí;N/A;Sí;Sí;Sí;N/A;N/A;Sí;N/A;Sí
Toyota;Prius;"1.5 C Hibrido At";2018;"40000 km";;GUAVI0;21900;;;;;Centro;https://auto.mercadolibre.com.uy/MLU-646613307-toyota-prius-c-_JM;N/A;;"Toyota Prius C";usd;Sí;gold_premium;false;N/A;N/A;http://perfil.mercadolibre.com.uy/GUAVI0;active;N/A;N/A;Usado;Blanco;N/A;Hidráulica;Delantera;Sí;N/A;N/A;N/A;N/A;N/A;N/A;N/A;N/A;N/A;N/A;N/A;N/A;N/A;N/A;N/A;N/A;N/A;N/A;N/A;N/A;N/A;N/A;N/A;N/A;"2700 mm";"1.5 L";"43 L";N/A;N/A;N/A;N/A;N/A;N/A;N/A;N/A;N/A;N/A;N/A;N/A;N/A;N/A;N/A;N/A;N/A;N/A;N/A;N/A;N/A;N/A;N/A;N/A;N/A;N/A;N/A;N/A;N/A;N/A;N/A;N/A;N/A;N/A;N/A;N/A;N/A;N/A;N/A;N/A;N/A;N/A;N/A;N/A;N/A;N/A;"1490 mm";"4540 mm";N/A;N/A;N/A;N/A;5;"36 hp";N/A;N/A;4;"1760 mm";N/A;N/A;N/A;N/A;N/A;N/A;N/A;Sí;N/A;N/A;N/A;N/A;N/A;N/A;N/A;N/A;N/A;N/A;5;1.5;Híbrido;Automática;Hatchback;"Autos y camionetas";N/A;N/A;N/A;N/A;N/A;N/A;UY;N/A;N/A;N/A;N/A;N/A;N/A;N/A;N/A;N/A;N/A;N/A;N/A;N/A;N/A;N/A;N/A;N/A;N/A;N/A;N/A;N/A;N/A;N/A;N/A;N/A;N/A;N/A;N/A;N/A;N/A;N/A;N/A;N/A;N/A;N/A;N/A;N/A;N/A;N/A;N/A;N/A;N/A;N/A;N/A;N/A;N/A;N/A;N/A;N/A;N/A;N/A;N/A;N/A;N/A;N/A;N/A;N/A;N/A;N/A;N/A;N/A;N/A;N/A;N/A;N/A;N/A;N/A;N/A;N/A;N/A;N/A;N/A;N/A;N/A;N/A;N/A;N/A;N/A;N/A;N/A;N/A;N/A;N/A;N/A;N/A;N/A;N/A;N/A;N/A;N/A;N/A;N/A;N/A;N/A;N/A;N/A;N/A;N/A;N/A;N/A;N/A;N/A;N/A;N/A;N/A;Sí;N/A;Sí;N/A;N/A;N/A;N/A;Sí;N/A;Sí
Toyota;Rush;At;2019;"99103 km";;"GO SELECT";21900;;;;;Aguada;https://auto.mercadolibre.com.uy/MLU-694969344-toyota-rush-at-2019-blanco-buen-estado-_JM;N/A;;"Toyota Rush At 2019 Blanco Buen Estado";USD;Sí;gold_premium;false;N/A;N/A;http://perfil.mercadolibre.com.uy/GO+SELECT;active;N/A;N/A;Usado;Blanco;Sí;Asistida;N/A;Sí;Sí;Sí;N/A;N/A;N/A;Sí;Sí;N/A;N/A;N/A;N/A;Sí;N/A;N/A;N/A;N/A;N/A;N/A;N/A;N/A;N/A;N/A;N/A;N/A;N/A;"1500 cc";N/A;N/A;N/A;N/A;N/A;N/A;N/A;N/A;N/A;N/A;N/A;N/A;N/A;N/A;N/A;N/A;N/A;N/A;N/A;N/A;N/A;N/A;N/A;N/A;N/A;Sí;N/A;Sí;N/A;N/A;N/A;N/A;N/A;N/A;N/A;N/A;N/A;N/A;N/A;N/A;N/A;N/A;N/A;N/A;N/A;N/A;N/A;N/A;N/A;N/A;N/A;N/A;N/A;N/A;N/A;N/A;N/A;N/A;N/A;N/A;N/A;N/A;N/A;N/A;N/A;N/A;N/A;Sí;N/A;N/A;N/A;N/A;N/A;N/A;N/A;Sí;"Lun. a Jue. de 9 a 18 hs. Vie. de 9 a 17 hs";5;1.5;Nafta;Manual;SUV;"Autos y camionetas";No;N/A;N/A;N/A;No;N/A;N/A;No;Sí;No;No;N/A;N/A;N/A;N/A;N/A;N/A;N/A;N/A;N/A;N/A;N/A;N/A;N/A;N/A;N/A;N/A;N/A;N/A;N/A;N/A;N/A;N/A;N/A;N/A;N/A;N/A;N/A;N/A;N/A;N/A;N/A;N/A;N/A;N/A;N/A;N/A;N/A;N/A;N/A;N/A;N/A;N/A;N/A;N/A;N/A;N/A;N/A;N/A;N/A;N/A;N/A;No;N/A;N/A;N/A;N/A;N/A;N/A;N/A;N/A;N/A;N/A;N/A;N/A;N/A;N/A;N/A;N/A;N/A;N/A;N/A;N/A;N/A;N/A;N/A;N/A;N/A;N/A;N/A;N/A;N/A;N/A;N/A;N/A;N/A;Sí;N/A;Sí;Sí;Sí;N/A;Sí;N/A;Sí;Sí;N/A;N/A;N/A;N/A;Sí;N/A;N/A;N/A;Sí;N/A;Sí;N/A;N/A;N/A;N/A;Sí
Toyota;Corolla;SEG;2019;"97260 km";;"GO SELECT";23900;;;;;Aguada;https://auto.mercadolibre.com.uy/MLU-694374006-toyota-corolla-seg-2019-blanco-muy-buen-estado-_JM;N/A;;"Toyota Corolla Seg 2019 Blanco Muy Buen Estado";USD;Sí;gold_premium;false;N/A;N/A;http://perfil.mercadolibre.com.uy/GO+SELECT;active;N/A;N/A;Usado;Blanco;N/A;Hidráulica;N/A;Sí;Sí;Sí;N/A;N/A;N/A;Sí;N/A;Sí;N/A;N/A;N/A;Sí;N/A;N/A;N/A;N/A;N/A;N/A;N/A;N/A;N/A;N/A;N/A;N/A;N/A;"1800 cc";N/A;N/A;N/A;N/A;N/A;N/A;Sí;N/A;N/A;N/A;N/A;N/A;N/A;N/A;N/A;N/A;N/A;N/A;N/A;N/A;N/A;N/A;N/A;N/A;N/A;N/A;N/A;Sí;N/A;N/A;N/A;N/A;N/A;N/A;N/A;N/A;N/A;N/A;N/A;N/A;N/A;N/A;N/A;N/A;Sí;N/A;N/A;N/A;N/A;N/A;N/A;N/A;N/A;N/A;"140 hp";Se-g;N/A;N/A;N/A;N/A;N/A;N/A;N/A;N/A;N/A;Sí;N/A;N/A;N/A;Sí;N/A;N/A;N/A;N/A;N/A;N/A;"Lun. a Jue. de 9 a 18 hs. Vie de 9 a 17 hs";4;1.8;Nafta;Automática;Sedán;"Autos y camionetas";No;N/A;N/A;N/A;No;N/A;N/A;No;No;No;No;N/A;N/A;N/A;N/A;N/A;N/A;N/A;N/A;N/A;N/A;N/A;N/A;N/A;N/A;N/A;N/A;N/A;N/A;N/A;N/A;N/A;N/A;N/A;N/A;N/A;N/A;N/A;N/A;N/A;N/A;N/A;N/A;N/A;N/A;N/A;N/A;N/A;N/A;N/A;N/A;N/A;N/A;N/A;N/A;N/A;N/A;N/A;N/A;N/A;N/A;N/A;No;N/A;N/A;N/A;N/A;N/A;N/A;N/A;N/A;N/A;N/A;N/A;N/A;N/A;N/A;N/A;N/A;N/A;N/A;N/A;N/A;N/A;N/A;N/A;N/A;N/A;N/A;N/A;N/A;N/A;N/A;N/A;N/A;N/A;Sí;N/A;Sí;Sí;Sí;N/A;N/A;N/A;Sí;Sí;N/A;N/A;N/A;N/A;Sí;Sí;N/A;N/A;Sí;N/A;Sí;N/A;N/A;N/A;N/A;Sí
Toyota;Hilux;"2.8 Tdi Cd Srv 4X2 Mt";2023;"0 km";;RURALAUTOMOTORA;58900;;;;;Trinidad;https://auto.mercadolibre.com.uy/MLU-693670362-toyota-hilux-2023-28-tdi-cd-srv-4x2-mt-_JM;N/A;;"Toyota Hilux 2023 2.8 Tdi Cd Srv 4x2 Mt";usd;Sí;gold_premium;false;N/A;N/A;http://perfil.mercadolibre.com.uy/RURALAUTOMOTORA;active;N/A;N/A;Nuevo;N/A;N/A;Hidráulica;4x2;Sí;N/A;Sí;N/A;N/A;N/A;N/A;N/A;N/A;N/A;N/A;N/A;N/A;N/A;N/A;N/A;N/A;N/A;N/A;N/A;N/A;N/A;N/A;N/A;N/A;"3085 mm";"2.8 L";"80 L";6;N/A;N/A;N/A;N/A;N/A;N/A;N/A;N/A;N/A;N/A;N/A;N/A;N/A;N/A;N/A;N/A;N/A;N/A;N/A;N/A;N/A;N/A;N/A;N/A;N/A;N/A;N/A;N/A;N/A;N/A;N/A;N/A;N/A;N/A;N/A;N/A;N/A;N/A;N/A;N/A;N/A;N/A;N/A;N/A;N/A;"1815 mm";"5325 mm";N/A;N/A;N/A;N/A;5;"204 hp";Srv;N/A;4;"1855 mm";N/A;N/A;N/A;N/A;N/A;N/A;N/A;Sí;N/A;N/A;N/A;N/A;N/A;N/A;N/A;N/A;N/A;N/A;4;2.8;Diésel;Manual;Pick-Up;"Autos y camionetas";N/A;N/A;N/A;N/A;N/A;N/A;UY;N/A;N/A;N/A;N/A;N/A;N/A;N/A;N/A;N/A;N/A;N/A;N/A;N/A;N/A;N/A;N/A;N/A;N/A;N/A;N/A;N/A;N/A;N/A;N/A;N/A;N/A;N/A;N/A;N/A;N/A;N/A;N/A;N/A;N/A;N/A;N/A;N/A;N/A;N/A;N/A;N/A;N/A;N/A;N/A;N/A;N/A;N/A;N/A;N/A;N/A;N/A;N/A;N/A;N/A;N/A;N/A;N/A;N/A;N/A;N/A;N/A;N/A;N/A;N/A;N/A;N/A;N/A;N/A;N/A;N/A;N/A;N/A;N/A;N/A;N/A;N/A;N/A;N/A;N/A;N/A;N/A;N/A;N/A;N/A;N/A;N/A;N/A;N/A;N/A;N/A;N/A;N/A;N/A;N/A;N/A;N/A;N/A;N/A;N/A;N/A;N/A;N/A;N/A;N/A;N/A;Sí;N/A;Sí;N/A;N/A;N/A;N/A;Sí;N/A;N/A
Toyota;Corolla;"Xli 1.6 full";2008;"284000 km";;CLARITAVINCENT;10200;;;;;"Barra de Carrasco";https://auto.mercadolibre.com.uy/MLU-645792791-toyota-corolla-xli-16-full-_JM;N/A;;"Toyota Corolla Xli 1.6 Full";USD;Sí;gold_premium;false;N/A;N/A;http://perfil.mercadolibre.com.uy/CLARITAVINCENT;active;N/A;N/A;Usado;Blanco;N/A;N/A;N/A;N/A;N/A;N/A;N/A;N/A;N/A;N/A;N/A;N/A;N/A;N/A;N/A;N/A;N/A;N/A;N/A;N/A;N/A;N/A;N/A;N/A;N/A;N/A;N/A;N/A;N/A;N/A;N/A;N/A;N/A;N/A;N/A;N/A;N/A;N/A;N/A;N/A;N/A;N/A;N/A;N/A;N/A;N/A;N/A;N/A;N/A;N/A;N/A;N/A;N/A;N/A;N/A;N/A;N/A;N/A;N/A;N/A;N/A;N/A;N/A;N/A;N/A;N/A;N/A;N/A;N/A;N/A;N/A;N/A;N/A;N/A;N/A;N/A;N/A;N/A;N/A;N/A;N/A;N/A;N/A;N/A;N/A;N/A;N/A;N/A;N/A;N/A;N/A;N/A;N/A;N/A;N/A;N/A;N/A;N/A;N/A;N/A;N/A;N/A;N/A;N/A;N/A;N/A;N/A;4;N/A;Nafta;N/A;N/A;"Autos y camionetas";N/A;N/A;N/A;N/A;N/A;N/A;N/A;N/A;N/A;N/A;N/A;N/A;N/A;N/A;N/A;N/A;N/A;N/A;N/A;N/A;N/A;N/A;N/A;N/A;N/A;N/A;N/A;N/A;N/A;N/A;N/A;N/A;N/A;N/A;N/A;N/A;N/A;N/A;N/A;N/A;N/A;N/A;N/A;N/A;N/A;N/A;N/A;N/A;N/A;N/A;N/A;N/A;N/A;N/A;N/A;N/A;N/A;N/A;N/A;N/A;N/A;N/A;N/A;N/A;N/A;N/A;N/A;N/A;N/A;N/A;N/A;N/A;N/A;N/A;N/A;N/A;N/A;N/A;N/A;N/A;N/A;N/A;N/A;N/A;N/A;N/A;N/A;N/A;N/A;N/A;N/A;N/A;N/A;N/A;N/A;N/A;N/A;N/A;N/A;N/A;N/A;N/A;N/A;N/A;N/A;N/A;N/A;N/A;N/A;N/A;N/A;N/A;N/A;N/A;N/A;N/A;N/A;N/A;N/A;N/A;N/A;N/A
Toyota;Hilux;Sr;2024;"0 km";;"CASARIEGO CERTIFICADOS";57490;;;;;Melo;https://auto.mercadolibre.com.uy/MLU-685339196-toyota-hilux-sr-24-2024-0km-_JM;N/A;;"Toyota Hilux Sr 2.4 2024 0km";usd;Sí;gold_premium;false;N/A;N/A;http://perfil.mercadolibre.com.uy/CASARIEGO+CERTIFICADOS;active;N/A;N/A;Nuevo;"Gris oscuro";N/A;Asistida;N/A;Sí;Sí;Sí;N/A;Sí;N/A;Sí;N/A;N/A;N/A;Sí;N/A;Sí;N/A;N/A;N/A;N/A;N/A;N/A;N/A;N/A;N/A;N/A;N/A;N/A;N/A;"2400 cc";N/A;6;N/A;N/A;Sí;Sí;Sí;N/A;N/A;N/A;N/A;N/A;N/A;N/A;N/A;N/A;N/A;N/A;N/A;N/A;N/A;N/A;N/A;N/A;N/A;N/A;N/A;Sí;N/A;N/A;N/A;N/A;N/A;N/A;N/A;N/A;N/A;N/A;Sí;N/A;N/A;N/A;N/A;N/A;N/A;N/A;N/A;N/A;N/A;N/A;N/A;N/A;N/A;N/A;"150 hp";Sr;N/A;N/A;N/A;N/A;N/A;N/A;N/A;Sí;N/A;N/A;Sí;N/A;N/A;N/A;N/A;N/A;N/A;N/A;N/A;Sí;"Lun. a Vie. 8 a 12:30 y 14:30 a 20 hs. Sáb. 8 a 13 hs.";4;2.4;Diésel;Manual;Pick-Up;"Autos y camionetas";No;N/A;N/A;N/A;No;N/A;UY;No;Sí;No;No;N/A;N/A;N/A;N/A;N/A;N/A;N/A;N/A;N/A;N/A;N/A;N/A;N/A;N/A;N/A;N/A;N/A;N/A;N/A;N/A;N/A;N/A;N/A;N/A;N/A;N/A;N/A;N/A;N/A;N/A;N/A;N/A;Sí;N/A;N/A;N/A;N/A;N/A;N/A;N/A;N/A;N/A;N/A;N/A;N/A;N/A;N/A;N/A;N/A;N/A;Sí;No;N/A;N/A;N/A;N/A;N/A;N/A;N/A;N/A;N/A;N/A;N/A;N/A;N/A;N/A;N/A;N/A;N/A;N/A;N/A;N/A;N/A;N/A;N/A;N/A;N/A;N/A;N/A;N/A;N/A;N/A;N/A;N/A;N/A;Sí;N/A;Sí;Sí;Sí;Sí;N/A;N/A;Sí;Sí;N/A;N/A;N/A;N/A;Sí;Sí;Sí;N/A;Sí;Sí;Sí;N/A;N/A;N/A;N/A;Sí
Toyota;Agya;-;2024;"0 km";;"VIPERCAR AUTOMOVILES_2";17990;;;;;"Brazo Oriental";https://auto.mercadolibre.com.uy/MLU-675579814-toyota-agya-10-2024-0km-_JM;N/A;;"Toyota Agya 1.0 2024 0km";USD;Sí;gold_premium;false;N/A;N/A;http://perfil.mercadolibre.com.uy/VIPERCAR+AUTOMOVILES_2;active;N/A;N/A;Nuevo;N/A;N/A;Eléctrica;N/A;Sí;Sí;N/A;N/A;Sí;N/A;Sí;N/A;N/A;N/A;Sí;N/A;Sí;N/A;N/A;N/A;N/A;N/A;N/A;N/A;N/A;N/A;N/A;N/A;N/A;N/A;"1000 cc";N/A;5;N/A;N/A;Sí;Sí;N/A;N/A;Sí;N/A;N/A;N/A;N/A;N/A;N/A;N/A;N/A;N/A;N/A;N/A;N/A;N/A;N/A;N/A;N/A;Sí;N/A;Sí;N/A;N/A;N/A;N/A;N/A;N/A;N/A;N/A;N/A;N/A;N/A;N/A;N/A;N/A;N/A;N/A;N/A;N/A;N/A;N/A;N/A;N/A;N/A;N/A;N/A;N/A;"66 hp";N/A;N/A;N/A;N/A;N/A;N/A;N/A;N/A;Sí;N/A;Sí;N/A;Sí;N/A;N/A;N/A;N/A;N/A;N/A;N/A;Sí;"Lun a Vie de 9 a 12:30 y de 13:30 a 19. Sáb de 9 a 13 hs.";5;1.0;Nafta;Manual;Hatchback;"Autos y camionetas";No;N/A;N/A;N/A;No;N/A;N/A;No;Sí;No;No;N/A;N/A;N/A;N/A;N/A;N/A;N/A;N/A;N/A;N/A;N/A;N/A;N/A;N/A;N/A;N/A;N/A;N/A;N/A;N/A;N/A;N/A;N/A;N/A;N/A;N/A;N/A;N/A;N/A;N/A;N/A;N/A;Sí;N/A;N/A;N/A;N/A;N/A;N/A;N/A;N/A;N/A;N/A;N/A;N/A;N/A;N/A;N/A;N/A;N/A;Sí;No;N/A;N/A;N/A;N/A;N/A;N/A;N/A;N/A;N/A;N/A;N/A;N/A;N/A;N/A;N/A;N/A;N/A;N/A;N/A;N/A;N/A;N/A;N/A;N/A;N/A;N/A;N/A;N/A;N/A;Sí;N/A;N/A;N/A;Sí;N/A;Sí;N/A;Sí;N/A;Sí;N/A;N/A;Sí;N/A;N/A;N/A;N/A;N/A;Sí;Sí;N/A;Sí;N/A;Sí;N/A;N/A;Sí;N/A;Sí
Toyota;Corolla;Xei;2024;"0 km";;"VIPERCAR AUTOMOVILES_1";35990;;;;;Aguada;https://auto.mercadolibre.com.uy/MLU-674131554-toyota-corolla-xei-18-2024-0km-_JM;N/A;;"Toyota Corolla Xei 1.8 2024 0km";usd;Sí;gold_premium;false;N/A;N/A;http://perfil.mercadolibre.com.uy/VIPERCAR+AUTOMOVILES_1;active;N/A;N/A;Nuevo;N/A;N/A;Eléctrica;N/A;Sí;Sí;N/A;N/A;Sí;N/A;Sí;Sí;N/A;Sí;Sí;N/A;Sí;N/A;N/A;N/A;N/A;N/A;N/A;N/A;N/A;N/A;N/A;N/A;N/A;N/A;"1800 cc";N/A;N/A;N/A;N/A;Sí;Sí;Sí;N/A;Sí;N/A;N/A;N/A;N/A;N/A;N/A;N/A;N/A;N/A;N/A;N/A;N/A;N/A;N/A;N/A;N/A;Sí;N/A;Sí;N/A;Sí;N/A;N/A;N/A;N/A;N/A;N/A;N/A;N/A;N/A;N/A;N/A;N/A;N/A;N/A;Sí;N/A;N/A;N/A;N/A;N/A;N/A;N/A;N/A;N/A;"122 hp";Xei;N/A;N/A;N/A;N/A;N/A;N/A;Sí;Sí;Sí;Sí;N/A;Sí;N/A;N/A;N/A;N/A;N/A;N/A;N/A;N/A;"Lun a Vie de 9 a 12:30 y de 13:30 a 19. Sáb de 9 a 13 hs.";4;1.8;Híbrido;Automática;Sedán;"Autos y camionetas";No;N/A;N/A;N/A;No;N/A;UY;No;Sí;No;No;N/A;N/A;N/A;N/A;N/A;N/A;N/A;N/A;N/A;N/A;N/A;N/A;N/A;Sí;N/A;N/A;N/A;N/A;N/A;N/A;N/A;N/A;N/A;N/A;Sí;N/A;N/A;N/A;N/A;N/A;N/A;N/A;Sí;N/A;N/A;N/A;N/A;N/A;N/A;N/A;N/A;N/A;N/A;N/A;N/A;N/A;Sí;Sí;N/A;N/A;Sí;No;N/A;N/A;N/A;N/A;N/A;N/A;N/A;N/A;N/A;N/A;N/A;N/A;N/A;N/A;N/A;N/A;N/A;N/A;N/A;N/A;N/A;N/A;N/A;N/A;N/A;N/A;N/A;N/A;N/A;Sí;N/A;N/A;N/A;Sí;N/A;Sí;Sí;Sí;Sí;Sí;N/A;Sí;Sí;N/A;Sí;N/A;N/A;Sí;Sí;Sí;N/A;Sí;N/A;Sí;N/A;N/A;Sí;N/A;Sí
Toyota;Tacoma;"Sr-5 Prerunner Cd Abs Ba Mt";2011;"260000 km";;NPIREZ3;24900;;;;;Shangrilá;https://auto.mercadolibre.com.uy/MLU-646187769-toyota-tacoma-2011-sr-5-_JM;N/A;;"Toyota Tacoma 2011 Sr-5";usd;Sí;gold_premium;false;N/A;N/A;http://perfil.mercadolibre.com.uy/NPIREZ3;active;N/A;N/A;Usado;Gris;No;Hidráulica;Delantera;Sí;Sí;N/A;N/A;N/A;No;N/A;N/A;No;N/A;N/A;No;Sí;N/A;No;N/A;N/A;N/A;N/A;N/A;N/A;N/A;N/A;N/A;N/A;N/A;"3.5 L";N/A;N/A;N/A;N/A;N/A;N/A;N/A;No;N/A;N/A;N/A;N/A;N/A;N/A;N/A;N/A;N/A;N/A;N/A;N/A;N/A;N/A;N/A;N/A;N/A;N/A;N/A;N/A;N/A;N/A;N/A;Sí;N/A;N/A;N/A;N/A;N/A;N/A;N/A;N/A;N/A;N/A;N/A;N/A;N/A;N/A;N/A;N/A;N/A;N/A;N/A;N/A;N/A;N/A;N/A;Sr;N/A;N/A;N/A;N/A;No;N/A;No;Sí;N/A;Sí;Sí;N/A;No;N/A;N/A;No;Sí;N/A;N/A;Sí;N/A;4;3.5;Nafta;Manual;Pick-Up;"Autos y camionetas";No;N/A;N/A;N/A;No;N/A;UY;N/A;No;N/A;No;N/A;N/A;N/A;N/A;N/A;N/A;N/A;N/A;N/A;N/A;N/A;N/A;N/A;Sí;N/A;N/A;N/A;N/A;N/A;N/A;N/A;N/A;N/A;N/A;N/A;N/A;N/A;N/A;N/A;N/A;N/A;N/A;No;N/A;N/A;N/A;N/A;N/A;N/A;N/A;N/A;N/A;N/A;N/A;N/A;N/A;N/A;N/A;N/A;N/A;No;Sí;N/A;N/A;N/A;N/A;N/A;N/A;N/A;N/A;N/A;N/A;N/A;N/A;N/A;N/A;N/A;N/A;N/A;N/A;N/A;N/A;N/A;N/A;N/A;N/A;N/A;N/A;N/A;N/A;N/A;N/A;N/A;N/A;No;Sí;Sí;No;N/A;Sí;N/A;N/A;N/A;N/A;Sí;No;No;Sí;N/A;N/A;Sí;Sí;Sí;Sí;Sí;No;Sí;No;Sí;N/A;No
Toyota;Hilux;"SR 4x4 Diesel M/T";2023;"0 km";;"CASARIEGO CERTIFICADOS";62990;;;;;Melo;https://auto.mercadolibre.com.uy/MLU-688391116-toyota-hilux-sr-4x4-diesel-mt-24-2023-0km-_JM;N/A;;"Toyota Hilux Sr 4x4 Diesel M/t 2.4 2023 0km";usd;Sí;gold_premium;false;N/A;N/A;http://perfil.mercadolibre.com.uy/CASARIEGO+CERTIFICADOS;active;N/A;N/A;Nuevo;Plateado;N/A;Eléctrica;N/A;Sí;Sí;Sí;N/A;N/A;N/A;Sí;Sí;N/A;N/A;Sí;Sí;Sí;N/A;N/A;N/A;N/A;N/A;N/A;N/A;N/A;N/A;N/A;N/A;N/A;N/A;"2400 cc";N/A;6;N/A;N/A;Sí;Sí;Sí;N/A;N/A;N/A;N/A;N/A;N/A;N/A;N/A;N/A;N/A;N/A;N/A;N/A;N/A;N/A;N/A;N/A;N/A;Sí;N/A;Sí;N/A;Sí;N/A;N/A;N/A;N/A;N/A;N/A;N/A;N/A;N/A;N/A;N/A;N/A;N/A;N/A;N/A;N/A;N/A;N/A;N/A;N/A;N/A;N/A;N/A;N/A;"150 hp";Sr;N/A;N/A;N/A;N/A;N/A;N/A;Sí;Sí;N/A;Sí;Sí;N/A;N/A;N/A;N/A;N/A;N/A;N/A;N/A;N/A;"Lun. a Vie. de 8:30 a 20 hs. Sáb. de 8:30 a 12 hs.";4;2.4;Diésel;Manual;Pick-Up;"Autos y camionetas";No;N/A;N/A;N/A;No;N/A;UY;No;Sí;No;No;N/A;N/A;N/A;N/A;N/A;N/A;N/A;N/A;N/A;N/A;N/A;N/A;N/A;N/A;N/A;N/A;N/A;N/A;N/A;N/A;N/A;N/A;N/A;N/A;N/A;N/A;N/A;N/A;N/A;N/A;N/A;N/A;Sí;N/A;N/A;N/A;N/A;N/A;N/A;N/A;N/A;N/A;N/A;N/A;N/A;N/A;N/A;N/A;N/A;N/A;Sí;No;N/A;N/A;N/A;N/A;N/A;N/A;N/A;N/A;N/A;N/A;N/A;N/A;N/A;N/A;N/A;N/A;N/A;N/A;N/A;N/A;N/A;N/A;N/A;N/A;N/A;N/A;N/A;N/A;N/A;N/A;N/A;N/A;N/A;Sí;Sí;Sí;Sí;Sí;Sí;Sí;N/A;Sí;Sí;N/A;N/A;N/A;N/A;Sí;Sí;Sí;N/A;Sí;N/A;Sí;N/A;N/A;N/A;N/A;Sí
Toyota;Hilux;"SRV 4X4 DIESEL AUTOMATICA";2023;"0 km";;"VIPERCAR AUTOMOVILES_1";71490;;;;;Aguada;https://auto.mercadolibre.com.uy/MLU-692522598-toyota-hilux-srv-4x4-diesel-automatica-28-2023-0km-_JM;N/A;;"Toyota Hilux Srv 4x4 Diesel Automatica 2.8 2023 0km";usd;Sí;gold_premium;false;N/A;N/A;http://perfil.mercadolibre.com.uy/VIPERCAR+AUTOMOVILES_1;active;N/A;N/A;Nuevo;N/A;N/A;Hidráulica;N/A;Sí;Sí;Sí;N/A;Sí;N/A;Sí;Sí;N/A;Sí;Sí;N/A;Sí;N/A;N/A;N/A;N/A;N/A;N/A;N/A;N/A;N/A;N/A;N/A;N/A;N/A;"2800 cc";N/A;6;N/A;N/A;Sí;Sí;Sí;Sí;Sí;N/A;N/A;N/A;N/A;N/A;N/A;N/A;N/A;N/A;N/A;N/A;N/A;N/A;N/A;N/A;N/A;Sí;N/A;Sí;N/A;Sí;N/A;N/A;N/A;N/A;N/A;N/A;N/A;N/A;Sí;N/A;N/A;N/A;N/A;N/A;Sí;N/A;N/A;N/A;N/A;N/A;N/A;N/A;N/A;N/A;"204 hp";Srv;N/A;N/A;N/A;N/A;N/A;N/A;Sí;Sí;Sí;Sí;Sí;Sí;N/A;N/A;N/A;N/A;N/A;N/A;N/A;N/A;"Lun a Vie de 9 a 12:30 y de 13:30 a 19. Sáb de 9 a 13 hs.";4;2.8;Diésel;Manual;Pick-Up;"Autos y camionetas";No;N/A;N/A;N/A;No;N/A;UY;No;Sí;No;No;N/A;N/A;N/A;N/A;N/A;N/A;N/A;N/A;N/A;N/A;N/A;N/A;N/A;N/A;N/A;N/A;N/A;N/A;N/A;N/A;N/A;N/A;N/A;N/A;N/A;N/A;N/A;N/A;N/A;N/A;N/A;N/A;Sí;N/A;N/A;N/A;N/A;N/A;N/A;N/A;N/A;N/A;N/A;N/A;N/A;N/A;N/A;N/A;N/A;N/A;Sí;No;N/A;N/A;N/A;N/A;N/A;N/A;N/A;N/A;N/A;N/A;N/A;N/A;N/A;N/A;N/A;N/A;N/A;N/A;N/A;N/A;N/A;N/A;N/A;N/A;N/A;N/A;N/A;N/A;N/A;N/A;N/A;N/A;N/A;Sí;N/A;Sí;Sí;Sí;Sí;Sí;N/A;Sí;Sí;N/A;Sí;N/A;N/A;Sí;Sí;Sí;N/A;Sí;Sí;Sí;N/A;N/A;Sí;N/A;Sí
Toyota;Corolla;Xei;2023;"0 km";;"VIPERCAR AUTOMOVILES_1";35990;;;;;Aguada;https://auto.mercadolibre.com.uy/MLU-665439624-toyota-corolla-xei-18-2023-0km-_JM;N/A;;"Toyota Corolla Xei 1.8 2023 0km";USD;Sí;gold_premium;false;N/A;N/A;http://perfil.mercadolibre.com.uy/VIPERCAR+AUTOMOVILES_1;active;N/A;N/A;Nuevo;"Gris oscuro";N/A;Eléctrica;N/A;Sí;Sí;Sí;N/A;N/A;N/A;Sí;Sí;N/A;N/A;Sí;N/A;Sí;N/A;Sí;N/A;N/A;N/A;N/A;N/A;N/A;N/A;N/A;N/A;N/A;N/A;"1800 cc";N/A;7;N/A;N/A;Sí;Sí;Sí;Sí;Sí;N/A;N/A;N/A;N/A;N/A;N/A;N/A;N/A;N/A;N/A;N/A;N/A;N/A;N/A;N/A;N/A;Sí;N/A;Sí;N/A;Sí;N/A;N/A;N/A;N/A;N/A;N/A;N/A;N/A;Sí;N/A;N/A;N/A;N/A;N/A;N/A;N/A;N/A;N/A;N/A;N/A;N/A;N/A;N/A;N/A;"122 hp";Xei;N/A;N/A;N/A;N/A;N/A;N/A;Sí;Sí;Sí;Sí;Sí;Sí;N/A;N/A;N/A;N/A;N/A;N/A;N/A;N/A;"Lun a Vie de 9 a 12:30 y de 13:30 a 19. Sáb de 9 a 13 hs.";4;1.8;Híbrido;Automática;Sedán;"Autos y camionetas";No;N/A;N/A;N/A;No;N/A;N/A;No;Sí;No;No;N/A;N/A;N/A;N/A;N/A;N/A;N/A;N/A;N/A;N/A;N/A;N/A;N/A;N/A;N/A;N/A;N/A;N/A;N/A;N/A;N/A;N/A;N/A;N/A;N/A;N/A;N/A;N/A;N/A;N/A;N/A;N/A;Sí;N/A;N/A;N/A;N/A;N/A;N/A;N/A;N/A;N/A;N/A;N/A;N/A;N/A;N/A;N/A;N/A;N/A;Sí;No;N/A;N/A;N/A;N/A;N/A;N/A;N/A;N/A;N/A;N/A;N/A;N/A;N/A;N/A;N/A;N/A;N/A;N/A;N/A;N/A;N/A;N/A;N/A;N/A;N/A;N/A;N/A;N/A;N/A;N/A;N/A;N/A;N/A;Sí;Sí;Sí;Sí;Sí;Sí;Sí;N/A;Sí;Sí;N/A;Sí;N/A;N/A;Sí;Sí;Sí;N/A;Sí;Sí;Sí;N/A;N/A;Sí;N/A;Sí
Toyota;Hilux;"2.7 Cd Srv Vvti 4x2 Cuero - B4";2016;"240400 km";;OSCARMARIANOIRIARTEVILLAR;25300;;;;;"Colonia del Sacramento";https://auto.mercadolibre.com.uy/MLU-701369630-toyota-hilux-27-cd-srv-vvti-4x2-cuero-b4-_JM;N/A;;"Toyota Hilux 2.7 Cd Srv Vvti 4x2 Cuero - B4";usd;Sí;gold_premium;false;N/A;N/A;http://perfil.mercadolibre.com.uy/OSCARMARIANOIRIARTEVILLAR;active;N/A;N/A;Usado;Gris;No;Hidráulica;4x2;Sí;Sí;Sí;N/A;N/A;No;N/A;N/A;No;N/A;N/A;Sí;Sí;N/A;No;N/A;N/A;N/A;N/A;N/A;N/A;N/A;N/A;N/A;N/A;"2860 mm";"2.7 L";"80 L";5;N/A;N/A;N/A;N/A;N/A;Sí;N/A;N/A;N/A;N/A;N/A;N/A;N/A;N/A;N/A;N/A;N/A;N/A;N/A;N/A;N/A;N/A;N/A;N/A;N/A;N/A;N/A;N/A;N/A;No;N/A;N/A;N/A;N/A;N/A;N/A;N/A;N/A;N/A;N/A;N/A;N/A;N/A;N/A;N/A;"1860 mm";"5260 mm";N/A;N/A;N/A;N/A;5;"160 hp";Srv;N/A;4;"1855 mm";N/A;Sí;N/A;Sí;Sí;N/A;Sí;Sí;N/A;No;N/A;N/A;No;No;N/A;N/A;No;N/A;4;2.7;Nafta;Manual;Pick-Up;"Autos y camionetas";N/A;N/A;N/A;N/A;N/A;N/A;UY;N/A;N/A;N/A;N/A;N/A;N/A;N/A;N/A;N/A;N/A;N/A;N/A;N/A;N/A;N/A;N/A;N/A;Sí;N/A;N/A;N/A;N/A;N/A;N/A;N/A;N/A;N/A;N/A;N/A;N/A;N/A;N/A;N/A;N/A;N/A;N/A;N/A;N/A;N/A;N/A;N/A;N/A;N/A;N/A;N/A;N/A;N/A;N/A;N/A;N/A;N/A;N/A;N/A;N/A;N/A;N/A;N/A;N/A;N/A;N/A;N/A;N/A;N/A;N/A;N/A;N/A;N/A;N/A;N/A;N/A;N/A;N/A;N/A;N/A;N/A;N/A;N/A;N/A;N/A;N/A;N/A;N/A;N/A;N/A;N/A;N/A;N/A;N/A;No;Sí;Sí;Sí;N/A;Sí;N/A;N/A;N/A;N/A;Sí;Sí;Sí;Sí;N/A;N/A;Sí;Sí;Sí;Sí;Sí;Sí;No;Sí;Sí;N/A;Sí
Toyota;Corolla;"1.8 Se-g At";2009;"270000 km";;ALVAROSUAREZ_AUTOMOVILES;12490;;;;;Cardona;https://auto.mercadolibre.com.uy/MLU-646364019-toyota-corolla-automatico-_JM;N/A;;"Toyota Corolla Automático";usd;Sí;gold_premium;false;N/A;N/A;http://perfil.mercadolibre.com.uy/ALVAROSUAREZ_AUTOMOVILES;active;N/A;N/A;Usado;Gris;N/A;Hidráulica;Delantera;Sí;N/A;Sí;N/A;N/A;N/A;N/A;N/A;N/A;N/A;N/A;N/A;N/A;N/A;N/A;N/A;N/A;N/A;N/A;N/A;N/A;N/A;N/A;N/A;N/A;"2600 mm";"1.8 L";"55 L";4;N/A;N/A;N/A;N/A;N/A;N/A;N/A;N/A;N/A;N/A;N/A;N/A;N/A;N/A;N/A;N/A;N/A;N/A;N/A;N/A;N/A;N/A;N/A;N/A;N/A;N/A;N/A;N/A;N/A;N/A;N/A;N/A;N/A;N/A;N/A;N/A;N/A;N/A;N/A;N/A;N/A;N/A;N/A;N/A;N/A;"1485 mm";"4530 mm";N/A;N/A;N/A;N/A;5;"136 hp";Se-g;N/A;4;"1760 mm";"13.5 km/l";Sí;N/A;N/A;N/A;N/A;N/A;Sí;N/A;N/A;N/A;N/A;N/A;N/A;N/A;N/A;N/A;N/A;4;1.8;Nafta;Automática;Sedán;"Autos y camionetas";N/A;N/A;N/A;N/A;N/A;N/A;UY;N/A;N/A;N/A;N/A;N/A;N/A;N/A;N/A;N/A;N/A;N/A;N/A;N/A;N/A;N/A;N/A;N/A;N/A;N/A;N/A;N/A;N/A;N/A;N/A;N/A;N/A;N/A;N/A;N/A;N/A;N/A;N/A;N/A;N/A;N/A;N/A;N/A;N/A;N/A;N/A;N/A;N/A;N/A;N/A;N/A;N/A;N/A;N/A;N/A;N/A;N/A;N/A;N/A;N/A;N/A;N/A;N/A;N/A;N/A;N/A;N/A;N/A;N/A;N/A;N/A;N/A;N/A;N/A;N/A;N/A;N/A;N/A;N/A;N/A;N/A;N/A;N/A;N/A;N/A;N/A;N/A;N/A;N/A;N/A;N/A;N/A;N/A;N/A;N/A;N/A;N/A;N/A;N/A;N/A;N/A;N/A;N/A;N/A;N/A;N/A;N/A;N/A;N/A;N/A;N/A;Sí;N/A;Sí;N/A;N/A;Sí;N/A;N/A;N/A;N/A
Toyota;Hilux;"3.0 Cd Srv Tdi 171cv 4x2 - B3";2013;"360000 km";;FISA1935066;32990;;;;;Florida;https://auto.mercadolibre.com.uy/MLU-699665894-toyota-hilux-30-cd-srv-tdi-171cv-4x2-b3-_JM;N/A;;"Toyota Hilux 3.0 Cd Srv Tdi 171cv 4x2 - B3";usd;Sí;gold_premium;false;N/A;N/A;http://perfil.mercadolibre.com.uy/FISA1935066;active;N/A;N/A;Usado;Blanco;Sí;Hidráulica;4x2;Sí;N/A;Sí;N/A;N/A;N/A;N/A;N/A;N/A;N/A;N/A;N/A;N/A;N/A;N/A;N/A;N/A;N/A;N/A;N/A;N/A;N/A;N/A;N/A;N/A;"2860 mm";"3 L";"80 L";5;N/A;N/A;N/A;N/A;N/A;N/A;N/A;N/A;N/A;N/A;N/A;N/A;N/A;N/A;N/A;N/A;N/A;N/A;N/A;N/A;N/A;N/A;N/A;N/A;N/A;N/A;N/A;N/A;N/A;N/A;N/A;N/A;N/A;N/A;N/A;N/A;N/A;N/A;N/A;N/A;N/A;N/A;N/A;N/A;N/A;"1860 mm";"5260 mm";N/A;N/A;N/A;N/A;5;"171 hp";Srv;N/A;4;"1855 mm";N/A;N/A;N/A;N/A;N/A;N/A;N/A;Sí;N/A;N/A;N/A;N/A;N/A;N/A;N/A;N/A;N/A;"L a d";4;3.0;Diésel;Manual;Pick-Up;"Autos y camionetas";N/A;N/A;N/A;N/A;N/A;N/A;UY;N/A;N/A;N/A;N/A;N/A;N/A;N/A;N/A;N/A;N/A;N/A;N/A;N/A;N/A;N/A;N/A;N/A;N/A;N/A;N/A;N/A;N/A;N/A;N/A;N/A;N/A;N/A;N/A;N/A;N/A;N/A;N/A;N/A;N/A;N/A;N/A;N/A;N/A;N/A;N/A;N/A;N/A;N/A;N/A;N/A;N/A;N/A;N/A;N/A;N/A;N/A;N/A;N/A;N/A;N/A;N/A;N/A;N/A;N/A;N/A;N/A;N/A;N/A;N/A;N/A;N/A;N/A;N/A;N/A;N/A;N/A;N/A;N/A;N/A;N/A;N/A;N/A;N/A;N/A;N/A;N/A;N/A;N/A;N/A;N/A;N/A;N/A;N/A;N/A;N/A;N/A;N/A;N/A;N/A;N/A;N/A;N/A;N/A;N/A;N/A;N/A;N/A;N/A;N/A;N/A;Sí;N/A;Sí;N/A;N/A;N/A;N/A;Sí;N/A;N/A
Toyota;Hilux;"2.4 S/cab 4x2 D";1992;"492000 km";;MOFA7166229;14000;;;;;Salto;https://auto.mercadolibre.com.uy/MLU-645969503-toyota-hilux-24-scab-4x2-d-_JM;N/A;;"Toyota Hilux 2.4 S/cab 4x2 D";usd;No;gold_premium;false;N/A;N/A;http://perfil.mercadolibre.com.uy/MOFA7166229;active;N/A;N/A;Usado;Gris;No;Hidráulica;4x2;Sí;N/A;N/A;N/A;N/A;N/A;N/A;N/A;N/A;N/A;N/A;N/A;N/A;N/A;N/A;N/A;N/A;N/A;N/A;N/A;N/A;N/A;N/A;N/A;N/A;"2860 mm";"2.4 L";"65 L";5;N/A;N/A;N/A;N/A;N/A;N/A;N/A;N/A;N/A;N/A;N/A;N/A;N/A;N/A;N/A;N/A;N/A;N/A;N/A;N/A;N/A;N/A;N/A;N/A;N/A;N/A;N/A;N/A;N/A;N/A;N/A;N/A;N/A;N/A;N/A;N/A;N/A;N/A;N/A;N/A;N/A;N/A;N/A;N/A;N/A;"1805 mm";"4850 mm";N/A;N/A;N/A;N/A;5;"150 hp";N/A;N/A;4;"1630 mm";"8.2 km/l";No;N/A;N/A;N/A;N/A;No;No;N/A;N/A;N/A;"6.3 km/l";N/A;N/A;N/A;N/A;N/A;N/A;2;2.4;Diésel;Manual;Pick-Up;"Autos y camionetas";N/A;N/A;N/A;N/A;N/A;N/A;UY;N/A;N/A;N/A;N/A;N/A;N/A;N/A;N/A;N/A;N/A;N/A;N/A;N/A;N/A;N/A;N/A;N/A;N/A;N/A;N/A;N/A;N/A;N/A;N/A;N/A;N/A;N/A;N/A;N/A;N/A;N/A;N/A;N/A;N/A;N/A;N/A;N/A;N/A;N/A;N/A;N/A;N/A;N/A;N/A;N/A;N/A;N/A;N/A;N/A;N/A;N/A;N/A;N/A;N/A;N/A;N/A;N/A;N/A;N/A;N/A;N/A;N/A;N/A;N/A;N/A;N/A;N/A;N/A;N/A;N/A;N/A;N/A;N/A;N/A;N/A;N/A;N/A;N/A;N/A;N/A;N/A;N/A;N/A;N/A;N/A;N/A;N/A;N/A;N/A;N/A;N/A;N/A;N/A;N/A;N/A;N/A;N/A;N/A;N/A;N/A;N/A;N/A;N/A;N/A;N/A;N/A;N/A;N/A;N/A;N/A;N/A;N/A;N/A;N/A;N/A
Toyota;Hilux;"2.8 Tdi Cd Srv 4X4 At";2021;"90000 km";;RURALAUTOMOTORA;62900;;;;;Trinidad;https://auto.mercadolibre.com.uy/MLU-645836611-toyota-hilux-2021-28-tdi-cd-srv-4x4-at-_JM;N/A;;"Toyota Hilux 2021 2.8 Tdi Cd Srv 4x4 At";usd;Sí;gold_premium;false;N/A;N/A;http://perfil.mercadolibre.com.uy/RURALAUTOMOTORA;active;N/A;N/A;Usado;N/A;N/A;Hidráulica;4x4;Sí;N/A;Sí;N/A;N/A;N/A;N/A;N/A;N/A;N/A;N/A;N/A;N/A;N/A;N/A;N/A;N/A;N/A;N/A;N/A;N/A;N/A;N/A;N/A;N/A;"3085 mm";"2.8 L";"80 L";6;N/A;N/A;N/A;N/A;N/A;N/A;N/A;N/A;N/A;N/A;N/A;N/A;N/A;N/A;N/A;N/A;N/A;N/A;N/A;N/A;N/A;N/A;N/A;N/A;N/A;N/A;N/A;N/A;N/A;N/A;N/A;N/A;N/A;N/A;N/A;N/A;N/A;N/A;N/A;N/A;N/A;N/A;N/A;N/A;N/A;"1815 mm";"5325 mm";N/A;N/A;N/A;N/A;5;"204 hp";Srv;N/A;4;"1855 mm";N/A;N/A;N/A;N/A;N/A;N/A;N/A;Sí;N/A;N/A;N/A;N/A;N/A;N/A;N/A;N/A;N/A;N/A;4;2.8;Diésel;Automática;Pick-Up;"Autos y camionetas";N/A;N/A;N/A;N/A;N/A;N/A;UY;N/A;N/A;N/A;N/A;N/A;N/A;N/A;N/A;N/A;N/A;N/A;N/A;N/A;N/A;N/A;N/A;N/A;N/A;N/A;N/A;N/A;N/A;N/A;N/A;N/A;N/A;N/A;N/A;N/A;N/A;N/A;N/A;N/A;N/A;N/A;N/A;N/A;N/A;N/A;N/A;N/A;N/A;N/A;N/A;N/A;N/A;N/A;N/A;N/A;N/A;N/A;N/A;N/A;N/A;N/A;N/A;N/A;N/A;N/A;N/A;N/A;N/A;N/A;N/A;N/A;N/A;N/A;N/A;N/A;N/A;N/A;N/A;N/A;N/A;N/A;N/A;N/A;N/A;N/A;N/A;N/A;N/A;N/A;N/A;N/A;N/A;N/A;N/A;N/A;N/A;N/A;N/A;N/A;N/A;N/A;N/A;N/A;N/A;N/A;N/A;N/A;N/A;N/A;N/A;N/A;Sí;N/A;Sí;N/A;N/A;N/A;N/A;Sí;N/A;N/A
Toyota;Hilux;"3.0 SRV4x4 AT diésel";2015;"490000 km";;RURALAUTOMOTORA;35500;;;;;Trinidad;https://auto.mercadolibre.com.uy/MLU-645862303-toyota-hilux-30-srv4x4-at-diesel-_JM;N/A;;"Toyota Hilux 3.0 Srv4x4 At Diésel";USD;Sí;gold_premium;false;N/A;N/A;http://perfil.mercadolibre.com.uy/RURALAUTOMOTORA;active;N/A;N/A;Usado;N/A;N/A;N/A;N/A;N/A;N/A;N/A;N/A;N/A;N/A;N/A;N/A;N/A;N/A;N/A;N/A;N/A;N/A;N/A;N/A;N/A;N/A;N/A;N/A;N/A;N/A;N/A;N/A;N/A;N/A;N/A;N/A;N/A;N/A;N/A;N/A;N/A;N/A;N/A;N/A;N/A;N/A;N/A;N/A;N/A;N/A;N/A;N/A;N/A;N/A;N/A;N/A;N/A;N/A;N/A;N/A;N/A;N/A;N/A;N/A;N/A;N/A;N/A;N/A;N/A;N/A;N/A;N/A;N/A;N/A;N/A;N/A;N/A;N/A;N/A;N/A;N/A;N/A;N/A;N/A;N/A;N/A;N/A;N/A;N/A;N/A;N/A;N/A;N/A;N/A;N/A;N/A;N/A;N/A;N/A;N/A;N/A;N/A;N/A;N/A;N/A;N/A;N/A;N/A;N/A;N/A;N/A;N/A;4;N/A;Diésel;N/A;N/A;"Autos y camionetas";N/A;N/A;N/A;N/A;N/A;N/A;N/A;N/A;N/A;N/A;N/A;N/A;N/A;N/A;N/A;N/A;N/A;N/A;N/A;N/A;N/A;N/A;N/A;N/A;N/A;N/A;N/A;N/A;N/A;N/A;N/A;N/A;N/A;N/A;N/A;N/A;N/A;N/A;N/A;N/A;N/A;N/A;N/A;N/A;N/A;N/A;N/A;N/A;N/A;N/A;N/A;N/A;N/A;N/A;N/A;N/A;N/A;N/A;N/A;N/A;N/A;N/A;N/A;N/A;N/A;N/A;N/A;N/A;N/A;N/A;N/A;N/A;N/A;N/A;N/A;N/A;N/A;N/A;N/A;N/A;N/A;N/A;N/A;N/A;N/A;N/A;N/A;N/A;N/A;N/A;N/A;N/A;N/A;N/A;N/A;N/A;N/A;N/A;N/A;N/A;N/A;N/A;N/A;N/A;N/A;N/A;N/A;N/A;N/A;N/A;N/A;N/A;N/A;N/A;N/A;N/A;N/A;N/A;N/A;N/A;N/A;N/A
Toyota;Hilux;"3.0 Cd Srv Cuero Tdi 4x4 5at - A4";2016;"280000 km";;OSCARMARIANOIRIARTEVILLAR;45900;;;;;"Colonia del Sacramento";https://auto.mercadolibre.com.uy/MLU-646690739-toyota-hilux-30-cd-srv-cuero-tdi-4x4-5at-a4-_JM;N/A;;"Toyota Hilux 3.0 Cd Srv Cuero Tdi 4x4 5at - A4";usd;Sí;gold_premium;false;N/A;N/A;http://perfil.mercadolibre.com.uy/OSCARMARIANOIRIARTEVILLAR;active;N/A;N/A;Usado;Rojo;Sí;Hidráulica;4x4;Sí;Sí;Sí;N/A;N/A;Sí;N/A;N/A;Sí;N/A;N/A;Sí;Sí;N/A;No;N/A;N/A;N/A;N/A;N/A;N/A;N/A;N/A;N/A;N/A;"2860 mm";"3 L";"80 L";5;N/A;N/A;N/A;N/A;N/A;Sí;N/A;N/A;N/A;N/A;N/A;N/A;N/A;N/A;N/A;N/A;N/A;N/A;N/A;N/A;N/A;N/A;N/A;N/A;N/A;N/A;N/A;N/A;N/A;No;N/A;N/A;N/A;N/A;N/A;N/A;N/A;N/A;N/A;N/A;N/A;N/A;N/A;N/A;N/A;"1860 mm";"5260 mm";N/A;N/A;N/A;N/A;5;"171 hp";"Srv Cuero";N/A;4;"1855 mm";N/A;Sí;N/A;Sí;Sí;N/A;Sí;Sí;N/A;No;N/A;N/A;No;No;N/A;N/A;No;N/A;4;3.0;Diésel;Automática;Pick-Up;"Autos y camionetas";N/A;N/A;N/A;N/A;N/A;N/A;UY;N/A;N/A;N/A;N/A;N/A;N/A;N/A;N/A;N/A;N/A;N/A;N/A;N/A;N/A;N/A;N/A;N/A;Sí;N/A;N/A;N/A;N/A;N/A;N/A;N/A;N/A;N/A;N/A;N/A;N/A;N/A;N/A;N/A;N/A;N/A;N/A;N/A;N/A;N/A;N/A;N/A;N/A;N/A;N/A;N/A;N/A;N/A;N/A;N/A;N/A;N/A;N/A;N/A;N/A;N/A;N/A;N/A;N/A;N/A;N/A;N/A;N/A;N/A;N/A;N/A;N/A;N/A;N/A;N/A;N/A;N/A;N/A;N/A;N/A;N/A;N/A;N/A;N/A;N/A;N/A;N/A;N/A;N/A;N/A;N/A;N/A;N/A;N/A;No;Sí;Sí;Sí;N/A;Sí;N/A;N/A;N/A;N/A;Sí;Sí;Sí;Sí;N/A;N/A;Sí;Sí;Sí;Sí;Sí;Sí;No;Sí;Sí;N/A;Sí
Toyota;RAV4;"2.5 Hybrid";2018;"140000 km";;GUSTAVO.D.;35900;;;;;"Parque Miramar";https://auto.mercadolibre.com.uy/MLU-699800820-toyota-rav4-25-hybrid-_JM;N/A;;"Toyota Rav4 2.5 Hybrid";usd;Sí;gold_premium;false;N/A;N/A;http://perfil.mercadolibre.com.uy/GUSTAVO.D.;active;N/A;N/A;Usado;Blanco;N/A;Eléctrica;4x4;Sí;N/A;Sí;N/A;N/A;N/A;N/A;N/A;Sí;N/A;N/A;N/A;N/A;N/A;N/A;N/A;N/A;N/A;N/A;N/A;N/A;N/A;N/A;N/A;N/A;"2660 mm";"2.5 L";"60 L";6;N/A;N/A;N/A;N/A;N/A;N/A;N/A;N/A;N/A;N/A;N/A;N/A;N/A;N/A;N/A;N/A;N/A;N/A;N/A;N/A;N/A;N/A;N/A;N/A;N/A;N/A;N/A;N/A;N/A;N/A;N/A;N/A;N/A;N/A;N/A;Sí;N/A;N/A;N/A;N/A;N/A;N/A;N/A;N/A;N/A;"1715 mm";"4570 mm";N/A;N/A;N/A;N/A;5;"180 hp";Hybrid;N/A;4;"1845 mm";N/A;Sí;N/A;N/A;N/A;N/A;N/A;N/A;N/A;Sí;N/A;N/A;N/A;N/A;N/A;N/A;N/A;N/A;5;2.5;Híbrido;Automática;SUV;"Autos y camionetas";N/A;N/A;N/A;N/A;N/A;N/A;UY;N/A;N/A;N/A;N/A;N/A;N/A;N/A;N/A;N/A;N/A;N/A;N/A;N/A;N/A;N/A;N/A;N/A;N/A;N/A;N/A;N/A;N/A;N/A;N/A;N/A;N/A;N/A;N/A;N/A;N/A;N/A;N/A;N/A;N/A;N/A;N/A;N/A;N/A;N/A;N/A;N/A;N/A;N/A;N/A;N/A;N/A;N/A;N/A;N/A;N/A;N/A;N/A;N/A;N/A;N/A;N/A;N/A;N/A;N/A;N/A;N/A;N/A;N/A;N/A;N/A;N/A;N/A;N/A;N/A;N/A;N/A;N/A;N/A;N/A;N/A;N/A;N/A;N/A;N/A;N/A;N/A;N/A;N/A;N/A;N/A;N/A;N/A;N/A;N/A;N/A;N/A;N/A;N/A;N/A;N/A;N/A;N/A;N/A;N/A;N/A;N/A;N/A;N/A;N/A;N/A;Sí;N/A;Sí;N/A;N/A;N/A;N/A;Sí;N/A;N/A
Toyota;Hilux;"2.4 D.cab. T.dsl Dx";2019;"189000 km";;FNIETO48;35990;;;;;"Tres Cruces";https://auto.mercadolibre.com.uy/MLU-645939215-toyota-hilux-2019-24-dcab-tdsl-dx-_JM;N/A;;"Toyota Hilux 2019 2.4 D.cab. T.dsl Dx";usd;Sí;gold_premium;false;N/A;N/A;http://perfil.mercadolibre.com.uy/FNIETO48;active;N/A;N/A;Usado;N/A;N/A;Hidráulica;4x2;Sí;N/A;Sí;N/A;N/A;N/A;N/A;N/A;N/A;N/A;N/A;N/A;N/A;N/A;N/A;N/A;N/A;N/A;N/A;N/A;N/A;N/A;N/A;N/A;N/A;"2860 mm";"2.4 L";"80 L";5;N/A;N/A;N/A;N/A;N/A;N/A;N/A;N/A;N/A;N/A;N/A;N/A;N/A;N/A;N/A;N/A;N/A;N/A;N/A;N/A;N/A;N/A;N/A;N/A;N/A;N/A;N/A;N/A;N/A;N/A;N/A;N/A;N/A;N/A;N/A;N/A;N/A;N/A;N/A;N/A;N/A;N/A;N/A;N/A;N/A;"1850 mm";"5260 mm";N/A;N/A;N/A;N/A;5;"150 hp";Dx;N/A;4;"1855 mm";"8.2 km/l";N/A;N/A;N/A;N/A;N/A;N/A;N/A;N/A;N/A;N/A;"6.3 km/l";N/A;N/A;N/A;N/A;N/A;N/A;4;2.4;Diésel;Manual;Pick-Up;"Autos y camionetas";N/A;N/A;N/A;N/A;N/A;N/A;UY;N/A;N/A;N/A;N/A;N/A;N/A;N/A;N/A;N/A;N/A;N/A;N/A;N/A;N/A;N/A;N/A;N/A;N/A;N/A;N/A;N/A;N/A;N/A;N/A;N/A;N/A;N/A;N/A;N/A;N/A;N/A;N/A;N/A;N/A;N/A;N/A;N/A;N/A;N/A;N/A;N/A;N/A;N/A;N/A;N/A;N/A;N/A;N/A;N/A;N/A;N/A;N/A;N/A;N/A;N/A;N/A;N/A;N/A;N/A;N/A;N/A;N/A;N/A;N/A;N/A;N/A;N/A;N/A;N/A;N/A;N/A;N/A;N/A;N/A;N/A;N/A;N/A;N/A;N/A;N/A;N/A;N/A;N/A;N/A;N/A;N/A;N/A;N/A;N/A;N/A;N/A;N/A;N/A;N/A;N/A;N/A;N/A;N/A;N/A;N/A;N/A;N/A;N/A;N/A;N/A;Sí;N/A;Sí;N/A;N/A;N/A;N/A;Sí;N/A;N/A
Toyota;Corolla;"1.6 Gli";1991;"190000 km";;CARSALE_UY;7000;;;;;Buceo;https://auto.mercadolibre.com.uy/MLU-697923236-toyota-corolla-1991-16-gli-_JM;N/A;;"Toyota Corolla 1991 1.6 Gli";usd;No;gold_premium;false;N/A;N/A;http://perfil.mercadolibre.com.uy/CARSALE_UY;active;N/A;N/A;Usado;N/A;N/A;Hidráulica;Delantera;Sí;N/A;N/A;N/A;N/A;N/A;N/A;N/A;N/A;N/A;N/A;N/A;N/A;N/A;N/A;N/A;N/A;N/A;N/A;N/A;N/A;N/A;N/A;N/A;N/A;"2465 mm";"1.6 L";"50 L";5;N/A;N/A;N/A;N/A;N/A;N/A;N/A;N/A;N/A;N/A;N/A;N/A;N/A;N/A;N/A;N/A;N/A;N/A;N/A;N/A;N/A;N/A;N/A;N/A;N/A;N/A;N/A;N/A;N/A;N/A;N/A;N/A;N/A;N/A;N/A;N/A;N/A;N/A;N/A;N/A;N/A;N/A;N/A;N/A;N/A;"1385 mm";"4295 mm";N/A;N/A;N/A;N/A;5;"110 hp";Gli;N/A;4;"1690 mm";"9 km/l";N/A;N/A;N/A;N/A;N/A;N/A;N/A;N/A;N/A;N/A;N/A;N/A;N/A;N/A;N/A;N/A;N/A;4;1.6;Nafta;Manual;Sedán;"Autos y camionetas";N/A;N/A;N/A;N/A;N/A;N/A;UY;N/A;N/A;N/A;N/A;N/A;N/A;N/A;N/A;N/A;N/A;N/A;N/A;N/A;N/A;N/A;N/A;N/A;N/A;N/A;N/A;N/A;N/A;N/A;N/A;N/A;N/A;N/A;N/A;N/A;N/A;N/A;N/A;N/A;N/A;N/A;N/A;N/A;N/A;N/A;N/A;N/A;N/A;N/A;N/A;N/A;N/A;N/A;N/A;N/A;N/A;N/A;N/A;N/A;N/A;N/A;N/A;N/A;N/A;N/A;N/A;N/A;N/A;N/A;N/A;N/A;N/A;N/A;N/A;N/A;N/A;N/A;N/A;N/A;N/A;N/A;N/A;N/A;N/A;N/A;N/A;N/A;N/A;N/A;N/A;N/A;N/A;N/A;N/A;N/A;N/A;N/A;N/A;N/A;N/A;N/A;N/A;N/A;N/A;N/A;N/A;N/A;N/A;N/A;N/A;N/A;N/A;N/A;N/A;N/A;N/A;N/A;N/A;N/A;N/A;N/A
Toyota;Corolla;"2.0 TD";2007;"400000 km";;MARGATALA;9900;;;;;Buceo;https://auto.mercadolibre.com.uy/MLU-697780100-toyota-corolla-20-td-_JM;N/A;;"Toyota Corolla 2.0 Td";USD;No;gold_premium;false;N/A;N/A;http://perfil.mercadolibre.com.uy/MARGATALA;active;N/A;N/A;Usado;N/A;N/A;N/A;N/A;N/A;N/A;N/A;N/A;N/A;N/A;N/A;N/A;N/A;N/A;N/A;N/A;N/A;N/A;N/A;N/A;N/A;N/A;N/A;N/A;N/A;N/A;N/A;N/A;N/A;N/A;N/A;N/A;N/A;N/A;N/A;N/A;N/A;N/A;N/A;N/A;N/A;N/A;N/A;N/A;N/A;N/A;N/A;N/A;N/A;N/A;N/A;N/A;N/A;N/A;N/A;N/A;N/A;N/A;N/A;N/A;N/A;N/A;N/A;N/A;N/A;N/A;N/A;N/A;N/A;N/A;N/A;N/A;N/A;N/A;N/A;N/A;N/A;N/A;N/A;N/A;N/A;N/A;N/A;N/A;N/A;N/A;N/A;N/A;N/A;N/A;N/A;N/A;N/A;N/A;N/A;N/A;N/A;N/A;N/A;N/A;N/A;N/A;N/A;N/A;N/A;N/A;N/A;N/A;4;N/A;Diésel;N/A;N/A;"Autos y camionetas";N/A;N/A;N/A;N/A;N/A;N/A;N/A;N/A;N/A;N/A;N/A;N/A;N/A;N/A;N/A;N/A;N/A;N/A;N/A;N/A;N/A;N/A;N/A;N/A;N/A;N/A;N/A;N/A;N/A;N/A;N/A;N/A;N/A;N/A;N/A;N/A;N/A;N/A;N/A;N/A;N/A;N/A;N/A;N/A;N/A;N/A;N/A;N/A;N/A;N/A;N/A;N/A;N/A;N/A;N/A;N/A;N/A;N/A;N/A;N/A;N/A;N/A;N/A;N/A;N/A;N/A;N/A;N/A;N/A;N/A;N/A;N/A;N/A;N/A;N/A;N/A;N/A;N/A;N/A;N/A;N/A;N/A;N/A;N/A;N/A;N/A;N/A;N/A;N/A;N/A;N/A;N/A;N/A;N/A;N/A;N/A;N/A;N/A;N/A;N/A;N/A;N/A;N/A;N/A;N/A;N/A;N/A;N/A;N/A;N/A;N/A;N/A;N/A;N/A;N/A;N/A;N/A;N/A;N/A;N/A;N/A;N/A
Toyota;Hilux;"2.8 Tdi Cd Srv 4X2 Mt";2021;"96000 km";;ALDA6392586;51000;;;;;"Las Piedras";https://auto.mercadolibre.com.uy/MLU-646626473-toyota-hilux-2021-28-tdi-cd-srv-4x2-mt-_JM;N/A;;"Toyota Hilux 2021 2.8 Tdi Cd Srv 4x2 Mt";usd;Sí;gold_premium;false;N/A;N/A;http://perfil.mercadolibre.com.uy/ALDA6392586;active;N/A;N/A;Usado;N/A;N/A;Hidráulica;4x2;Sí;N/A;Sí;N/A;N/A;N/A;N/A;N/A;N/A;N/A;N/A;N/A;N/A;N/A;N/A;N/A;N/A;N/A;N/A;N/A;N/A;N/A;N/A;N/A;N/A;"3085 mm";"2.8 L";"80 L";6;N/A;N/A;N/A;N/A;N/A;N/A;N/A;N/A;N/A;N/A;N/A;N/A;N/A;N/A;N/A;N/A;N/A;N/A;N/A;N/A;N/A;N/A;N/A;N/A;N/A;N/A;N/A;N/A;N/A;N/A;N/A;N/A;N/A;N/A;N/A;N/A;N/A;N/A;N/A;N/A;N/A;N/A;N/A;N/A;N/A;"1815 mm";"5325 mm";N/A;N/A;N/A;N/A;5;"204 hp";Srv;N/A;4;"1855 mm";N/A;N/A;N/A;N/A;N/A;N/A;N/A;Sí;N/A;N/A;N/A;N/A;N/A;N/A;N/A;N/A;N/A;N/A;4;2.8;Diésel;Manual;Pick-Up;"Autos y camionetas";N/A;N/A;N/A;N/A;N/A;N/A;UY;N/A;N/A;N/A;N/A;N/A;N/A;N/A;N/A;N/A;N/A;N/A;N/A;N/A;N/A;N/A;N/A;N/A;N/A;N/A;N/A;N/A;N/A;N/A;N/A;N/A;N/A;N/A;N/A;N/A;N/A;N/A;N/A;N/A;N/A;N/A;N/A;N/A;N/A;N/A;N/A;N/A;N/A;N/A;N/A;N/A;N/A;N/A;N/A;N/A;N/A;N/A;N/A;N/A;N/A;N/A;N/A;N/A;N/A;N/A;N/A;N/A;N/A;N/A;N/A;N/A;N/A;N/A;N/A;N/A;N/A;N/A;N/A;N/A;N/A;N/A;N/A;N/A;N/A;N/A;N/A;N/A;N/A;N/A;N/A;N/A;N/A;N/A;N/A;N/A;N/A;N/A;N/A;N/A;N/A;N/A;N/A;N/A;N/A;N/A;N/A;N/A;N/A;N/A;N/A;N/A;Sí;N/A;Sí;N/A;N/A;N/A;N/A;Sí;N/A;N/A
Toyota;Hilux;"2.5 Dx Pack Cab Doble 4x4 (2009)";2008;"340000 km";;NAPOLEONA.H;25900;;;;;"Punta del Este";https://auto.mercadolibre.com.uy/MLU-699201560-toyota-hilux-25-dx-pack-cab-doble-4x4-2009-_JM;N/A;;"Toyota Hilux 2.5 Dx Pack Cab Doble 4x4 (2009)";usd;Sí;gold_premium;false;N/A;N/A;http://perfil.mercadolibre.com.uy/NAPOLEONA.H;active;N/A;N/A;Usado;Gris;N/A;Hidráulica;4x4;Sí;N/A;N/A;N/A;N/A;N/A;N/A;N/A;N/A;N/A;N/A;N/A;N/A;N/A;N/A;N/A;N/A;N/A;N/A;N/A;N/A;N/A;N/A;N/A;N/A;"2860 mm";"2.5 L";"80 L";5;N/A;N/A;N/A;N/A;N/A;N/A;N/A;N/A;N/A;N/A;N/A;N/A;N/A;N/A;N/A;N/A;N/A;N/A;N/A;N/A;N/A;N/A;N/A;N/A;N/A;N/A;N/A;N/A;N/A;N/A;N/A;N/A;N/A;N/A;N/A;N/A;N/A;N/A;N/A;N/A;N/A;N/A;N/A;N/A;N/A;"1820 mm";"5255 mm";N/A;N/A;N/A;N/A;5;"163 hp";Dx;N/A;4;"1855 mm";N/A;N/A;N/A;N/A;N/A;N/A;N/A;N/A;N/A;N/A;N/A;N/A;N/A;N/A;N/A;N/A;N/A;N/A;4;2.5;Diésel;Manual;Pick-Up;"Autos y camionetas";N/A;N/A;N/A;N/A;N/A;N/A;UY;N/A;N/A;N/A;N/A;N/A;N/A;N/A;N/A;N/A;N/A;N/A;N/A;N/A;N/A;N/A;N/A;N/A;N/A;N/A;N/A;N/A;N/A;N/A;N/A;N/A;N/A;N/A;N/A;N/A;N/A;N/A;N/A;N/A;N/A;N/A;N/A;N/A;N/A;N/A;N/A;N/A;N/A;N/A;N/A;N/A;N/A;N/A;N/A;N/A;N/A;N/A;N/A;N/A;N/A;N/A;N/A;N/A;N/A;N/A;N/A;N/A;N/A;N/A;N/A;N/A;N/A;N/A;N/A;N/A;N/A;N/A;N/A;N/A;N/A;N/A;N/A;N/A;N/A;N/A;N/A;N/A;N/A;N/A;N/A;N/A;N/A;N/A;N/A;N/A;N/A;N/A;N/A;N/A;N/A;N/A;N/A;N/A;N/A;N/A;N/A;N/A;N/A;N/A;N/A;N/A;N/A;N/A;Sí;N/A;N/A;N/A;N/A;N/A;N/A;N/A
Toyota;Prius;"1.5 C Hibrido At";2018;"112000 km";;DAFE12121986;17900;;;;;"Punta Carretas";https://auto.mercadolibre.com.uy/MLU-701306606-toyota-prius-15-c-hibrido-at-_JM;N/A;;"Toyota Prius 1.5 C Hibrido At";usd;Sí;gold_premium;false;N/A;N/A;http://perfil.mercadolibre.com.uy/DAFE12121986;active;N/A;N/A;Usado;Blanco;N/A;Hidráulica;Delantera;Sí;Sí;N/A;N/A;N/A;N/A;N/A;N/A;N/A;N/A;N/A;N/A;Sí;N/A;N/A;N/A;N/A;N/A;N/A;N/A;N/A;N/A;N/A;N/A;N/A;"2700 mm";"1.5 L";"43 L";N/A;N/A;N/A;N/A;N/A;N/A;N/A;N/A;N/A;N/A;N/A;N/A;N/A;N/A;N/A;N/A;N/A;N/A;N/A;N/A;N/A;N/A;N/A;N/A;N/A;N/A;N/A;N/A;N/A;N/A;N/A;N/A;N/A;N/A;N/A;N/A;N/A;N/A;N/A;N/A;N/A;N/A;N/A;N/A;N/A;N/A;"1490 mm";"4540 mm";N/A;N/A;N/A;N/A;5;"36 hp";N/A;N/A;4;"1760 mm";N/A;Sí;N/A;Sí;Sí;N/A;Sí;Sí;N/A;N/A;N/A;N/A;N/A;N/A;N/A;N/A;Sí;N/A;5;1.5;Híbrido;Automática;Hatchback;"Autos y camionetas";N/A;N/A;N/A;N/A;N/A;N/A;UY;N/A;Sí;N/A;N/A;N/A;N/A;N/A;N/A;N/A;N/A;N/A;N/A;N/A;N/A;N/A;N/A;N/A;Sí;N/A;N/A;N/A;N/A;N/A;N/A;N/A;N/A;N/A;N/A;N/A;N/A;N/A;N/A;N/A;N/A;N/A;N/A;N/A;N/A;N/A;N/A;N/A;N/A;N/A;N/A;N/A;N/A;N/A;N/A;N/A;N/A;N/A;N/A;N/A;N/A;N/A;N/A;N/A;N/A;N/A;N/A;N/A;N/A;N/A;N/A;N/A;N/A;N/A;N/A;N/A;N/A;N/A;N/A;N/A;N/A;N/A;N/A;N/A;N/A;N/A;N/A;N/A;N/A;N/A;N/A;N/A;N/A;N/A;N/A;N/A;Sí;Sí;Sí;N/A;Sí;N/A;N/A;N/A;N/A;Sí;N/A;Sí;Sí;N/A;N/A;Sí;Sí;Sí;Sí;Sí;Sí;N/A;N/A;Sí;N/A;Sí
Toyota;"Land Cruiser";"3.0 Prado At";2006;"230000 km";;GUOS9950597;29990;;;;;Malvin;https://auto.mercadolibre.com.uy/MLU-699903972-toyota-land-cruiser-30-prado-at-_JM;N/A;;"Toyota Land Cruiser 3.0 Prado At";usd;No;gold_premium;false;N/A;N/A;http://perfil.mercadolibre.com.uy/GUOS9950597;active;N/A;N/A;Usado;Plateado;Sí;Hidráulica;4x4;Sí;Sí;N/A;N/A;N/A;N/A;N/A;N/A;N/A;N/A;N/A;N/A;Sí;N/A;No;N/A;N/A;N/A;N/A;N/A;N/A;N/A;N/A;N/A;N/A;"2790 mm";"3 L";"138 L";N/A;N/A;N/A;N/A;N/A;N/A;No;N/A;N/A;N/A;N/A;N/A;N/A;N/A;N/A;N/A;N/A;N/A;N/A;N/A;N/A;N/A;N/A;N/A;N/A;N/A;N/A;N/A;N/A;N/A;N/A;N/A;N/A;N/A;N/A;N/A;N/A;N/A;N/A;N/A;N/A;N/A;N/A;N/A;N/A;N/A;"1905 mm";"4950 mm";N/A;N/A;N/A;N/A;5;"125 hp";N/A;N/A;2;"1875 mm";"13.2 km/l";Sí;N/A;N/A;Sí;N/A;N/A;N/A;N/A;N/A;N/A;"9.6 km/l";N/A;Sí;N/A;N/A;N/A;"Lunes a viernes de 9 a 19 hs";5;3.0;Diésel;Automática;SUV;"Autos y camionetas";N/A;N/A;N/A;N/A;N/A;N/A;UY;N/A;No;N/A;N/A;N/A;N/A;N/A;N/A;N/A;N/A;N/A;N/A;N/A;N/A;N/A;N/A;N/A;Sí;N/A;N/A;N/A;N/A;N/A;N/A;N/A;N/A;N/A;N/A;N/A;N/A;N/A;N/A;N/A;N/A;N/A;N/A;N/A;N/A;N/A;N/A;N/A;N/A;N/A;N/A;N/A;N/A;N/A;N/A;N/A;N/A;N/A;N/A;N/A;N/A;N/A;Sí;N/A;N/A;N/A;N/A;N/A;N/A;N/A;N/A;N/A;N/A;N/A;N/A;N/A;N/A;N/A;N/A;N/A;N/A;N/A;N/A;N/A;N/A;N/A;N/A;N/A;N/A;N/A;N/A;N/A;N/A;N/A;N/A;N/A;Sí;N/A;N/A;N/A;Sí;N/A;N/A;N/A;N/A;Sí;N/A;N/A;N/A;N/A;N/A;N/A;Sí;N/A;Sí;N/A;N/A;Sí;Sí;Sí;N/A;Sí
Toyota;Hilux;"SR 4x4 MT Diesel";2024;"0 km";;"CASARIEGO CERTIFICADOS";62990;;;;;Melo;https://auto.mercadolibre.com.uy/MLU-690808506-toyota-hilux-sr-4x4-mt-diesel-24-2024-0km-_JM;N/A;;"Toyota Hilux Sr 4x4 Mt Diesel 2.4 2024 0km";usd;Sí;gold_premium;false;N/A;N/A;http://perfil.mercadolibre.com.uy/CASARIEGO+CERTIFICADOS;active;N/A;N/A;Nuevo;Rojo;N/A;Asistida;N/A;Sí;Sí;Sí;N/A;N/A;N/A;Sí;Sí;N/A;N/A;Sí;Sí;Sí;N/A;N/A;N/A;N/A;N/A;N/A;N/A;N/A;N/A;N/A;N/A;N/A;N/A;"2400 cc";N/A;6;N/A;N/A;Sí;Sí;Sí;N/A;N/A;N/A;N/A;N/A;N/A;N/A;N/A;N/A;N/A;N/A;N/A;N/A;N/A;N/A;N/A;N/A;N/A;Sí;N/A;Sí;N/A;Sí;N/A;N/A;N/A;N/A;N/A;N/A;N/A;N/A;Sí;N/A;N/A;N/A;N/A;N/A;N/A;N/A;N/A;N/A;N/A;N/A;N/A;N/A;N/A;N/A;"150 hp";Sr;N/A;N/A;N/A;N/A;N/A;N/A;Sí;Sí;N/A;Sí;Sí;N/A;N/A;N/A;N/A;N/A;N/A;N/A;N/A;Sí;"Lun. a Vie. de 8:30 a 20 hs. Sáb. de 8:30 a 12 hs.";4;2.4;Diésel;Manual;Pick-Up;"Autos y camionetas";No;N/A;N/A;N/A;No;N/A;UY;No;Sí;No;No;N/A;N/A;N/A;N/A;N/A;N/A;N/A;N/A;N/A;N/A;N/A;N/A;N/A;N/A;N/A;N/A;N/A;N/A;N/A;N/A;N/A;N/A;N/A;N/A;N/A;N/A;N/A;N/A;N/A;N/A;N/A;N/A;Sí;N/A;N/A;N/A;N/A;N/A;N/A;N/A;N/A;N/A;N/A;N/A;N/A;N/A;N/A;N/A;N/A;N/A;Sí;No;N/A;N/A;N/A;N/A;N/A;N/A;N/A;N/A;N/A;N/A;N/A;N/A;N/A;N/A;N/A;N/A;N/A;N/A;N/A;N/A;N/A;N/A;N/A;N/A;N/A;N/A;N/A;N/A;N/A;N/A;N/A;N/A;N/A;Sí;Sí;Sí;Sí;Sí;Sí;Sí;N/A;Sí;Sí;N/A;N/A;N/A;N/A;Sí;Sí;Sí;N/A;Sí;Sí;Sí;N/A;N/A;N/A;N/A;Sí
Toyota;Hilux;"2.4 D/cab 4x2 D";1996;"460000 km";;DARDOJSILVEIRAR;13500;;;;;Salto;https://auto.mercadolibre.com.uy/MLU-698778328-toyota-hilux-1996-24-dcab-4x2-d-_JM;N/A;;"Toyota Hilux 1996 2.4 D/cab 4x2 D";usd;No;gold_premium;false;N/A;N/A;http://perfil.mercadolibre.com.uy/DARDOJSILVEIRAR;active;N/A;N/A;Usado;N/A;N/A;N/A;4x2;Sí;N/A;N/A;N/A;N/A;N/A;N/A;N/A;N/A;N/A;N/A;N/A;N/A;N/A;N/A;N/A;N/A;N/A;N/A;N/A;N/A;N/A;N/A;N/A;N/A;"3085 mm";"2.4 L";"80 L";5;N/A;N/A;N/A;N/A;N/A;N/A;N/A;N/A;N/A;N/A;N/A;N/A;N/A;N/A;N/A;N/A;N/A;N/A;N/A;N/A;N/A;N/A;N/A;N/A;N/A;N/A;N/A;N/A;N/A;N/A;N/A;N/A;N/A;N/A;N/A;N/A;N/A;N/A;N/A;N/A;N/A;N/A;N/A;N/A;N/A;"1860 mm";"5260 mm";N/A;N/A;N/A;N/A;5;"150 hp";N/A;N/A;4;"1835 mm";"8.2 km/l";N/A;N/A;N/A;N/A;N/A;N/A;N/A;N/A;N/A;N/A;"6.3 km/l";N/A;N/A;N/A;N/A;N/A;N/A;4;2.4;Diésel;Manual;Pick-Up;"Autos y camionetas";N/A;N/A;N/A;N/A;N/A;N/A;UY;N/A;N/A;N/A;N/A;N/A;N/A;N/A;N/A;N/A;N/A;N/A;N/A;N/A;N/A;N/A;N/A;N/A;N/A;N/A;N/A;N/A;N/A;N/A;N/A;N/A;N/A;N/A;N/A;N/A;N/A;N/A;N/A;N/A;N/A;N/A;N/A;N/A;N/A;N/A;N/A;N/A;N/A;N/A;N/A;N/A;N/A;N/A;N/A;N/A;N/A;N/A;N/A;N/A;N/A;N/A;N/A;N/A;N/A;N/A;N/A;N/A;N/A;N/A;N/A;N/A;N/A;N/A;N/A;N/A;N/A;N/A;N/A;N/A;N/A;N/A;N/A;N/A;N/A;N/A;N/A;N/A;N/A;N/A;N/A;N/A;N/A;N/A;N/A;N/A;N/A;N/A;N/A;N/A;N/A;N/A;N/A;N/A;N/A;N/A;N/A;N/A;N/A;N/A;N/A;N/A;N/A;N/A;N/A;N/A;N/A;N/A;N/A;N/A;N/A;N/A
Toyota;Hilux;"Hilux SR 2.5 4x2";2012;"275500 km";;PIJO322939;29500;;;;;Tacuarembó;https://auto.mercadolibre.com.uy/MLU-646642769-toyota-hilux-sr-25-4x2-_JM;N/A;;"Toyota Hilux Sr 2.5 4x2";USD;Sí;gold_premium;false;N/A;N/A;http://perfil.mercadolibre.com.uy/PIJO322939;active;N/A;N/A;Usado;Blanco;No;Hidráulica;4x2;Sí;Sí;N/A;N/A;N/A;N/A;N/A;N/A;No;N/A;N/A;No;Sí;N/A;N/A;N/A;N/A;N/A;N/A;N/A;N/A;N/A;N/A;N/A;N/A;N/A;N/A;N/A;N/A;N/A;N/A;N/A;N/A;N/A;No;N/A;N/A;N/A;N/A;N/A;N/A;N/A;N/A;N/A;N/A;N/A;N/A;N/A;N/A;N/A;N/A;N/A;N/A;N/A;N/A;N/A;N/A;N/A;No;N/A;N/A;N/A;N/A;N/A;N/A;N/A;N/A;N/A;N/A;N/A;N/A;N/A;N/A;N/A;N/A;N/A;N/A;N/A;N/A;N/A;N/A;N/A;N/A;N/A;N/A;N/A;N/A;No;N/A;Sí;Sí;N/A;No;N/A;N/A;No;N/A;N/A;N/A;Sí;N/A;N/A;N/A;N/A;4;2.5;Diésel;Manual;Pick-Up;"Autos y camionetas";N/A;N/A;N/A;N/A;N/A;N/A;N/A;N/A;No;N/A;N/A;N/A;N/A;N/A;N/A;N/A;N/A;N/A;N/A;N/A;N/A;N/A;N/A;N/A;No;N/A;N/A;N/A;N/A;N/A;N/A;N/A;N/A;N/A;N/A;N/A;N/A;N/A;N/A;N/A;N/A;N/A;N/A;No;N/A;N/A;N/A;N/A;N/A;N/A;N/A;N/A;N/A;N/A;N/A;N/A;N/A;N/A;N/A;N/A;N/A;No;Sí;N/A;N/A;N/A;N/A;N/A;N/A;N/A;N/A;N/A;N/A;N/A;N/A;N/A;N/A;N/A;N/A;N/A;N/A;N/A;N/A;N/A;N/A;N/A;N/A;N/A;N/A;N/A;N/A;N/A;N/A;N/A;N/A;No;N/A;No;N/A;N/A;Sí;N/A;N/A;N/A;N/A;Sí;No;N/A;Sí;N/A;N/A;N/A;Sí;Sí;Sí;Sí;No;Sí;No;Sí;N/A;Sí
Toyota;Hilux;"2.4 D.cab. T.dsl Dx";2019;"150000 km";;ADM.MARTIN-SABELLA;34990;;;;;Goes;https://auto.mercadolibre.com.uy/MLU-646144531-toyota-hilux-2019-24-dcab-tdsl-dx-_JM;N/A;;"Toyota Hilux 2019 2.4 D.cab. T.dsl Dx";usd;Sí;gold_premium;false;N/A;N/A;http://perfil.mercadolibre.com.uy/ADM.MARTIN-SABELLA;active;N/A;N/A;Usado;N/A;N/A;Hidráulica;4x2;Sí;N/A;Sí;N/A;N/A;N/A;N/A;N/A;N/A;N/A;N/A;N/A;N/A;N/A;N/A;N/A;N/A;N/A;N/A;N/A;N/A;N/A;N/A;N/A;N/A;"2860 mm";"2.4 L";"80 L";5;N/A;N/A;N/A;N/A;N/A;N/A;N/A;N/A;N/A;N/A;N/A;N/A;N/A;N/A;N/A;N/A;N/A;N/A;N/A;N/A;N/A;N/A;N/A;N/A;N/A;N/A;N/A;N/A;N/A;N/A;N/A;N/A;N/A;N/A;N/A;N/A;N/A;N/A;N/A;N/A;N/A;N/A;N/A;N/A;N/A;"1850 mm";"5260 mm";N/A;N/A;N/A;N/A;5;"150 hp";Dx;N/A;4;"1855 mm";"8.2 km/l";N/A;N/A;N/A;N/A;N/A;N/A;N/A;N/A;N/A;N/A;"6.3 km/l";N/A;N/A;N/A;N/A;N/A;N/A;4;2.4;Diésel;Manual;Pick-Up;"Autos y camionetas";N/A;N/A;N/A;N/A;N/A;N/A;UY;N/A;N/A;N/A;N/A;N/A;N/A;N/A;N/A;N/A;N/A;N/A;N/A;N/A;N/A;N/A;N/A;N/A;N/A;N/A;N/A;N/A;N/A;N/A;N/A;N/A;N/A;N/A;N/A;N/A;N/A;N/A;N/A;N/A;N/A;N/A;N/A;N/A;N/A;N/A;N/A;N/A;N/A;N/A;N/A;N/A;N/A;N/A;N/A;N/A;N/A;N/A;N/A;N/A;N/A;N/A;N/A;N/A;N/A;N/A;N/A;N/A;N/A;N/A;N/A;N/A;N/A;N/A;N/A;N/A;N/A;N/A;N/A;N/A;N/A;N/A;N/A;N/A;N/A;N/A;N/A;N/A;N/A;N/A;N/A;N/A;N/A;N/A;N/A;N/A;N/A;N/A;N/A;N/A;N/A;N/A;N/A;N/A;N/A;N/A;N/A;N/A;N/A;N/A;N/A;N/A;Sí;N/A;Sí;N/A;N/A;N/A;N/A;Sí;N/A;N/A
Toyota;Corolla;"1.6 Gli";2012;"254000 km";;EDULOU2013;14900;;;;;Lezica;https://auto.mercadolibre.com.uy/MLU-646815687-toyota-corolla-16-gli-_JM;N/A;;"Toyota Corolla 1.6 Gli";USD;Sí;gold_premium;false;N/A;N/A;http://perfil.mercadolibre.com.uy/EDULOU2013;active;N/A;N/A;Usado;N/A;N/A;N/A;N/A;N/A;N/A;N/A;N/A;N/A;N/A;N/A;N/A;N/A;N/A;N/A;N/A;N/A;N/A;N/A;N/A;N/A;N/A;N/A;N/A;N/A;N/A;N/A;N/A;N/A;N/A;N/A;N/A;N/A;N/A;N/A;N/A;N/A;N/A;N/A;N/A;N/A;N/A;N/A;N/A;N/A;N/A;N/A;N/A;N/A;N/A;N/A;N/A;N/A;N/A;N/A;N/A;N/A;N/A;N/A;N/A;N/A;N/A;N/A;N/A;N/A;N/A;N/A;N/A;N/A;N/A;N/A;N/A;N/A;N/A;N/A;N/A;N/A;N/A;N/A;N/A;N/A;N/A;N/A;N/A;N/A;N/A;N/A;N/A;N/A;N/A;N/A;N/A;N/A;N/A;N/A;N/A;N/A;N/A;N/A;N/A;N/A;N/A;N/A;N/A;N/A;N/A;N/A;N/A;4;N/A;Nafta;N/A;N/A;"Autos y camionetas";N/A;N/A;N/A;N/A;N/A;N/A;N/A;N/A;N/A;N/A;N/A;N/A;N/A;N/A;N/A;N/A;N/A;N/A;N/A;N/A;N/A;N/A;N/A;N/A;N/A;N/A;N/A;N/A;N/A;N/A;N/A;N/A;N/A;N/A;N/A;N/A;N/A;N/A;N/A;N/A;N/A;N/A;N/A;N/A;N/A;N/A;N/A;N/A;N/A;N/A;N/A;N/A;N/A;N/A;N/A;N/A;N/A;N/A;N/A;N/A;N/A;N/A;N/A;N/A;N/A;N/A;N/A;N/A;N/A;N/A;N/A;N/A;N/A;N/A;N/A;N/A;N/A;N/A;N/A;N/A;N/A;N/A;N/A;N/A;N/A;N/A;N/A;N/A;N/A;N/A;N/A;N/A;N/A;N/A;N/A;N/A;N/A;N/A;N/A;N/A;N/A;N/A;N/A;N/A;N/A;N/A;N/A;N/A;N/A;N/A;N/A;N/A;N/A;N/A;N/A;N/A;N/A;N/A;N/A;N/A;N/A;N/A
Toyota;"Hilux Pick-Up";"2.5 Cover Cs Dx Tdi 120cv 4x2 Cerrada";2012;"528000 km";;MILUZARDO2009;22000;;;;;Mercedes;https://auto.mercadolibre.com.uy/MLU-699723910-toyota-hilux-pick-up-25-cover-cs-dx-tdi-120cv-4x2-cerrada-_JM;N/A;;"Toyota Hilux Pick-up 2.5 Cover Cs Dx Tdi 120cv 4x2 Cerrada";usd;Sí;gold_premium;false;N/A;N/A;http://perfil.mercadolibre.com.uy/MILUZARDO2009;active;N/A;N/A;Usado;N/A;N/A;Hidráulica;4x2;Sí;N/A;N/A;N/A;N/A;N/A;N/A;N/A;N/A;N/A;N/A;N/A;N/A;N/A;N/A;N/A;N/A;N/A;N/A;N/A;N/A;N/A;N/A;N/A;N/A;"2860 mm";"2.5 L";"80 L";5;N/A;N/A;N/A;N/A;N/A;N/A;N/A;N/A;N/A;N/A;N/A;N/A;N/A;N/A;N/A;N/A;N/A;N/A;N/A;N/A;N/A;N/A;N/A;N/A;N/A;N/A;N/A;N/A;N/A;N/A;N/A;N/A;N/A;N/A;N/A;N/A;N/A;N/A;N/A;N/A;N/A;N/A;N/A;N/A;N/A;"2086 mm";"5255 mm";N/A;N/A;N/A;N/A;3;"102 hp";"Cover Dx";N/A;4;"1855 mm";N/A;N/A;N/A;N/A;N/A;N/A;N/A;N/A;N/A;N/A;N/A;N/A;N/A;N/A;N/A;N/A;N/A;N/A;4;2.5;Diésel;Manual;Pick-Up;"Autos y camionetas";N/A;N/A;N/A;N/A;N/A;N/A;UY;N/A;N/A;N/A;N/A;N/A;N/A;N/A;N/A;N/A;N/A;N/A;N/A;N/A;N/A;N/A;N/A;N/A;N/A;N/A;N/A;N/A;N/A;N/A;N/A;N/A;N/A;N/A;N/A;N/A;N/A;N/A;N/A;N/A;N/A;N/A;N/A;N/A;N/A;N/A;N/A;N/A;N/A;N/A;N/A;N/A;N/A;N/A;N/A;N/A;N/A;N/A;N/A;N/A;N/A;N/A;N/A;N/A;N/A;N/A;N/A;N/A;N/A;N/A;N/A;N/A;N/A;N/A;N/A;N/A;N/A;N/A;N/A;N/A;N/A;N/A;N/A;N/A;N/A;N/A;N/A;N/A;N/A;N/A;N/A;N/A;N/A;N/A;N/A;N/A;N/A;N/A;N/A;N/A;N/A;N/A;N/A;N/A;N/A;N/A;N/A;N/A;N/A;N/A;N/A;N/A;N/A;N/A;Sí;N/A;N/A;N/A;N/A;N/A;N/A;N/A
Toyota;Hilux;"SR 4X2";2024;"0 km";;"VIPERCAR AUTOMOVILES_1";37990;;;;;Aguada;https://auto.mercadolibre.com.uy/MLU-644536985-toyota-hilux-sr-4x2-27-2024-0km-_JM;N/A;;"Toyota Hilux Sr 4x2 2.7 2024 0km";usd;Sí;gold_premium;false;N/A;N/A;http://perfil.mercadolibre.com.uy/VIPERCAR+AUTOMOVILES_1;active;N/A;N/A;Nuevo;N/A;N/A;Eléctrica;N/A;Sí;Sí;Sí;N/A;Sí;N/A;Sí;Sí;N/A;Sí;Sí;Sí;Sí;N/A;N/A;N/A;N/A;N/A;N/A;N/A;N/A;N/A;N/A;N/A;N/A;N/A;"2700 cc";N/A;5;N/A;N/A;Sí;Sí;Sí;Sí;Sí;N/A;N/A;N/A;N/A;N/A;N/A;N/A;N/A;N/A;N/A;N/A;N/A;N/A;N/A;N/A;N/A;Sí;N/A;Sí;N/A;N/A;N/A;N/A;N/A;N/A;N/A;N/A;N/A;N/A;N/A;N/A;N/A;N/A;N/A;N/A;Sí;N/A;N/A;N/A;N/A;N/A;N/A;N/A;N/A;N/A;"169 hp";Sr;N/A;N/A;N/A;N/A;N/A;N/A;Sí;Sí;Sí;Sí;Sí;N/A;N/A;N/A;N/A;N/A;N/A;N/A;N/A;N/A;"Lun a Vie de 9 a 12:30 y de 13:30 a 19. Sáb de 9 a 13 hs.";4;2.7;Nafta;Manual;Pick-Up;"Autos y camionetas";No;N/A;N/A;N/A;No;N/A;UY;No;Sí;No;No;N/A;N/A;N/A;N/A;N/A;N/A;N/A;N/A;N/A;N/A;N/A;N/A;N/A;Sí;N/A;N/A;N/A;N/A;N/A;N/A;N/A;N/A;N/A;N/A;N/A;N/A;N/A;N/A;N/A;N/A;N/A;N/A;Sí;N/A;N/A;N/A;N/A;N/A;N/A;N/A;N/A;N/A;N/A;N/A;N/A;N/A;N/A;N/A;N/A;N/A;Sí;No;N/A;N/A;N/A;N/A;N/A;N/A;N/A;N/A;N/A;N/A;N/A;N/A;N/A;N/A;N/A;N/A;N/A;N/A;N/A;N/A;N/A;N/A;N/A;N/A;N/A;N/A;N/A;N/A;N/A;Sí;N/A;N/A;N/A;Sí;N/A;Sí;Sí;Sí;Sí;Sí;N/A;Sí;Sí;N/A;N/A;N/A;N/A;Sí;Sí;Sí;N/A;Sí;Sí;Sí;Sí;N/A;Sí;N/A;Sí
Toyota;Hilux;"2.8 Tdi Cd Srv 4X2 Mt";2021;"103000 km";;GIACOMOGUS;51000;;;;;Centro;https://auto.mercadolibre.com.uy/MLU-646312563-toyota-hilux-2021-28-tdi-cd-srv-4x2-mt-_JM;N/A;;"Toyota Hilux 2021 2.8 Tdi Cd Srv 4x2 Mt";usd;Sí;gold_premium;false;N/A;N/A;http://perfil.mercadolibre.com.uy/GIACOMOGUS;active;N/A;N/A;Usado;N/A;N/A;Hidráulica;4x2;Sí;N/A;Sí;N/A;N/A;N/A;N/A;N/A;N/A;N/A;N/A;N/A;N/A;N/A;N/A;N/A;N/A;N/A;N/A;N/A;N/A;N/A;N/A;N/A;N/A;"3085 mm";"2.8 L";"80 L";6;N/A;N/A;N/A;N/A;N/A;N/A;N/A;N/A;N/A;N/A;N/A;N/A;N/A;N/A;N/A;N/A;N/A;N/A;N/A;N/A;N/A;N/A;N/A;N/A;N/A;N/A;N/A;N/A;N/A;N/A;N/A;N/A;N/A;N/A;N/A;N/A;N/A;N/A;N/A;N/A;N/A;N/A;N/A;N/A;N/A;"1815 mm";"5325 mm";N/A;N/A;N/A;N/A;5;"204 hp";Srv;N/A;4;"1855 mm";N/A;N/A;N/A;N/A;N/A;N/A;N/A;Sí;N/A;N/A;N/A;N/A;N/A;N/A;N/A;N/A;N/A;N/A;4;2.8;Diésel;Manual;Pick-Up;"Autos y camionetas";N/A;N/A;N/A;N/A;N/A;N/A;UY;N/A;N/A;N/A;N/A;N/A;N/A;N/A;N/A;N/A;N/A;N/A;N/A;N/A;N/A;N/A;N/A;N/A;N/A;N/A;N/A;N/A;N/A;N/A;N/A;N/A;N/A;N/A;N/A;N/A;N/A;N/A;N/A;N/A;N/A;N/A;N/A;N/A;N/A;N/A;N/A;N/A;N/A;N/A;N/A;N/A;N/A;N/A;N/A;N/A;N/A;N/A;N/A;N/A;N/A;N/A;N/A;N/A;N/A;N/A;N/A;N/A;N/A;N/A;N/A;N/A;N/A;N/A;N/A;N/A;N/A;N/A;N/A;N/A;N/A;N/A;N/A;N/A;N/A;N/A;N/A;N/A;N/A;N/A;N/A;N/A;N/A;N/A;N/A;N/A;N/A;N/A;N/A;N/A;N/A;N/A;N/A;N/A;N/A;N/A;N/A;N/A;N/A;N/A;N/A;N/A;Sí;N/A;Sí;N/A;N/A;N/A;N/A;Sí;N/A;N/A
Toyota;Hilux;"2.8 T/disel d/c 4x4";2020;"139000 km";;ALWI8838195;51900;;;;;Aguada;https://auto.mercadolibre.com.uy/MLU-645910913-toyota-hilux-28-tdisel-dc-4x4-_JM;N/A;;"Toyota Hilux 2.8 T/disel D/c 4x4 ";USD;Sí;gold_premium;false;N/A;N/A;http://perfil.mercadolibre.com.uy/ALWI8838195;active;N/A;N/A;Usado;N/A;N/A;N/A;N/A;N/A;N/A;N/A;N/A;N/A;N/A;N/A;N/A;N/A;N/A;N/A;N/A;N/A;N/A;N/A;N/A;N/A;N/A;N/A;N/A;N/A;N/A;N/A;N/A;N/A;N/A;N/A;N/A;N/A;N/A;N/A;N/A;N/A;N/A;N/A;N/A;N/A;N/A;N/A;N/A;N/A;N/A;N/A;N/A;N/A;N/A;N/A;N/A;N/A;N/A;N/A;N/A;N/A;N/A;N/A;N/A;N/A;N/A;N/A;N/A;N/A;N/A;N/A;N/A;N/A;N/A;N/A;N/A;N/A;N/A;N/A;N/A;N/A;N/A;N/A;N/A;N/A;N/A;N/A;N/A;N/A;N/A;N/A;N/A;N/A;N/A;N/A;N/A;N/A;N/A;N/A;N/A;N/A;N/A;N/A;N/A;N/A;N/A;N/A;N/A;N/A;N/A;N/A;N/A;4;N/A;Diésel;N/A;N/A;"Autos y camionetas";N/A;N/A;N/A;N/A;N/A;N/A;N/A;N/A;N/A;N/A;N/A;N/A;N/A;N/A;N/A;N/A;N/A;N/A;N/A;N/A;N/A;N/A;N/A;N/A;N/A;N/A;N/A;N/A;N/A;N/A;N/A;N/A;N/A;N/A;N/A;N/A;N/A;N/A;N/A;N/A;N/A;N/A;N/A;N/A;N/A;N/A;N/A;N/A;N/A;N/A;N/A;N/A;N/A;N/A;N/A;N/A;N/A;N/A;N/A;N/A;N/A;N/A;N/A;N/A;N/A;N/A;N/A;N/A;N/A;N/A;N/A;N/A;N/A;N/A;N/A;N/A;N/A;N/A;N/A;N/A;N/A;N/A;N/A;N/A;N/A;N/A;N/A;N/A;N/A;N/A;N/A;N/A;N/A;N/A;N/A;N/A;N/A;N/A;N/A;N/A;N/A;N/A;N/A;N/A;N/A;N/A;N/A;N/A;N/A;N/A;N/A;N/A;N/A;N/A;N/A;N/A;N/A;N/A;N/A;N/A;N/A;N/A
Toyota;Hilux;"3.0 Cd Srv Tdi 171cv 4x2";2012;"382000 km";;YOELFLACO;32000;;;;;"Parque del Plata";https://auto.mercadolibre.com.uy/MLU-701710248-toyota-hilux-30-cd-srv-tdi-171cv-4x2-_JM;N/A;;"Toyota Hilux 3.0 Cd Srv Tdi 171cv 4x2";usd;Sí;gold_premium;false;N/A;N/A;http://perfil.mercadolibre.com.uy/YOELFLACO;active;N/A;N/A;Usado;Blanco;No;Hidráulica;4x2;Sí;Sí;Sí;N/A;N/A;N/A;N/A;N/A;N/A;N/A;N/A;Sí;Sí;N/A;N/A;N/A;N/A;N/A;N/A;N/A;N/A;N/A;N/A;N/A;N/A;"2860 mm";"3 L";"80 L";5;N/A;N/A;N/A;N/A;N/A;N/A;N/A;N/A;N/A;N/A;N/A;N/A;N/A;N/A;N/A;N/A;N/A;N/A;N/A;N/A;N/A;N/A;N/A;N/A;N/A;N/A;N/A;N/A;N/A;N/A;N/A;N/A;N/A;N/A;N/A;N/A;N/A;N/A;N/A;N/A;N/A;N/A;N/A;N/A;N/A;"1860 mm";"5260 mm";N/A;N/A;N/A;N/A;5;"171 hp";Srv;N/A;4;"1855 mm";N/A;N/A;N/A;Sí;Sí;N/A;Sí;Sí;N/A;N/A;N/A;N/A;N/A;Sí;N/A;N/A;N/A;"8 a 21";4;3.0;Diésel;Manual;Pick-Up;"Autos y camionetas";N/A;N/A;N/A;N/A;N/A;N/A;UY;N/A;N/A;N/A;N/A;N/A;N/A;N/A;N/A;N/A;N/A;N/A;N/A;N/A;N/A;N/A;N/A;N/A;N/A;N/A;N/A;N/A;N/A;N/A;N/A;N/A;N/A;N/A;N/A;N/A;N/A;N/A;N/A;N/A;N/A;N/A;N/A;N/A;N/A;N/A;N/A;N/A;N/A;N/A;N/A;N/A;N/A;N/A;N/A;N/A;N/A;N/A;N/A;N/A;N/A;N/A;N/A;N/A;N/A;N/A;N/A;N/A;N/A;N/A;N/A;N/A;N/A;N/A;N/A;N/A;N/A;N/A;N/A;N/A;N/A;N/A;N/A;N/A;N/A;N/A;N/A;N/A;N/A;N/A;N/A;N/A;N/A;N/A;N/A;N/A;Sí;Sí;Sí;N/A;Sí;N/A;N/A;N/A;N/A;Sí;N/A;N/A;N/A;N/A;N/A;N/A;Sí;Sí;Sí;Sí;Sí;Sí;N/A;Sí;N/A;N/A
Toyota;"Starlet año 1981";"5 ptas., caja 5°";1999;"85700 km";;GABRIELAALDABALDE;2000;;;;;Solymar;https://auto.mercadolibre.com.uy/MLU-701603602-toyota-starlet-ano-1981-5-ptas-caja-5-_JM;N/A;;"Toyota Starlet Año 1981 5 Ptas., Caja 5°";USD;No;gold_premium;false;N/A;N/A;http://perfil.mercadolibre.com.uy/GABRIELAALDABALDE;active;N/A;N/A;Usado;N/A;N/A;N/A;N/A;N/A;N/A;N/A;N/A;N/A;N/A;N/A;N/A;N/A;N/A;N/A;N/A;N/A;N/A;N/A;N/A;N/A;N/A;N/A;N/A;N/A;N/A;N/A;N/A;N/A;N/A;N/A;N/A;N/A;N/A;N/A;N/A;N/A;N/A;N/A;N/A;N/A;N/A;N/A;N/A;N/A;N/A;N/A;N/A;N/A;N/A;N/A;N/A;N/A;N/A;N/A;N/A;N/A;N/A;N/A;N/A;N/A;N/A;N/A;N/A;N/A;N/A;N/A;N/A;N/A;N/A;N/A;N/A;N/A;N/A;N/A;N/A;N/A;N/A;N/A;N/A;N/A;N/A;N/A;N/A;N/A;N/A;N/A;N/A;N/A;N/A;N/A;N/A;N/A;N/A;N/A;N/A;N/A;N/A;N/A;N/A;N/A;N/A;N/A;N/A;N/A;N/A;N/A;N/A;5;N/A;Nafta;N/A;N/A;"Autos y camionetas";N/A;N/A;N/A;N/A;N/A;N/A;N/A;N/A;N/A;N/A;N/A;N/A;N/A;N/A;N/A;N/A;N/A;N/A;N/A;N/A;N/A;N/A;N/A;N/A;N/A;N/A;N/A;N/A;N/A;N/A;N/A;N/A;N/A;N/A;N/A;N/A;N/A;N/A;N/A;N/A;N/A;N/A;N/A;N/A;N/A;N/A;N/A;N/A;N/A;N/A;N/A;N/A;N/A;N/A;N/A;N/A;N/A;N/A;N/A;N/A;N/A;N/A;N/A;N/A;N/A;N/A;N/A;N/A;N/A;N/A;N/A;N/A;N/A;N/A;N/A;N/A;N/A;N/A;N/A;N/A;N/A;N/A;N/A;N/A;N/A;N/A;N/A;N/A;N/A;N/A;N/A;N/A;N/A;N/A;N/A;N/A;N/A;N/A;N/A;N/A;N/A;N/A;N/A;N/A;N/A;N/A;N/A;N/A;N/A;N/A;N/A;N/A;N/A;N/A;N/A;N/A;N/A;N/A;N/A;N/A;N/A;N/A
Toyota;Hilux;4x4;2017;"190000 km";;ALVARODOTTABARNECHE;23990;;;;;"Canelon Chico";https://auto.mercadolibre.com.uy/MLU-697511486-toyota-hilux-dx-nafta-27-_JM;N/A;;"Toyota Hilux Dx Nafta 2.7";USD;Sí;gold_premium;false;N/A;N/A;http://perfil.mercadolibre.com.uy/ALVARODOTTABARNECHE;active;N/A;N/A;Usado;N/A;N/A;N/A;N/A;N/A;N/A;N/A;N/A;N/A;N/A;N/A;N/A;N/A;N/A;N/A;N/A;N/A;N/A;N/A;N/A;N/A;N/A;N/A;N/A;N/A;N/A;N/A;N/A;N/A;N/A;N/A;N/A;N/A;N/A;N/A;N/A;N/A;N/A;N/A;N/A;N/A;N/A;N/A;N/A;N/A;N/A;N/A;N/A;N/A;N/A;N/A;N/A;N/A;N/A;N/A;N/A;N/A;N/A;N/A;N/A;N/A;N/A;N/A;N/A;N/A;N/A;N/A;N/A;N/A;N/A;N/A;N/A;N/A;N/A;N/A;N/A;N/A;N/A;N/A;N/A;N/A;N/A;N/A;N/A;N/A;N/A;N/A;N/A;N/A;N/A;N/A;N/A;N/A;N/A;N/A;N/A;N/A;N/A;N/A;N/A;N/A;N/A;N/A;N/A;N/A;N/A;N/A;N/A;4;N/A;Nafta;N/A;N/A;"Autos y camionetas";N/A;N/A;N/A;N/A;N/A;N/A;N/A;N/A;N/A;N/A;N/A;N/A;N/A;N/A;N/A;N/A;N/A;N/A;N/A;N/A;N/A;N/A;N/A;N/A;N/A;N/A;N/A;N/A;N/A;N/A;N/A;N/A;N/A;N/A;N/A;N/A;N/A;N/A;N/A;N/A;N/A;N/A;N/A;N/A;N/A;N/A;N/A;N/A;N/A;N/A;N/A;N/A;N/A;N/A;N/A;N/A;N/A;N/A;N/A;N/A;N/A;N/A;N/A;N/A;N/A;N/A;N/A;N/A;N/A;N/A;N/A;N/A;N/A;N/A;N/A;N/A;N/A;N/A;N/A;N/A;N/A;N/A;N/A;N/A;N/A;N/A;N/A;N/A;N/A;N/A;N/A;N/A;N/A;N/A;N/A;N/A;N/A;N/A;N/A;N/A;N/A;N/A;N/A;N/A;N/A;N/A;N/A;N/A;N/A;N/A;N/A;N/A;N/A;N/A;N/A;N/A;N/A;N/A;N/A;N/A;N/A;N/A
Toyota;Hilux;"2.7 Vvti nafta";2009;"145000 km";;TINAUMA;17500;;;;;Palermo;https://auto.mercadolibre.com.uy/MLU-698235904-toyota-hilux-27-vvti-nafta-_JM;N/A;;"Toyota Hilux 2.7 Vvti Nafta";USD;Sí;gold_premium;false;N/A;N/A;http://perfil.mercadolibre.com.uy/TINAUMA;active;N/A;N/A;Usado;N/A;N/A;N/A;N/A;N/A;N/A;N/A;N/A;N/A;N/A;N/A;N/A;N/A;N/A;N/A;N/A;N/A;N/A;N/A;N/A;N/A;N/A;N/A;N/A;N/A;N/A;N/A;N/A;N/A;N/A;N/A;N/A;N/A;N/A;N/A;N/A;N/A;N/A;N/A;N/A;N/A;N/A;N/A;N/A;N/A;N/A;N/A;N/A;N/A;N/A;N/A;N/A;N/A;N/A;N/A;N/A;N/A;N/A;N/A;N/A;N/A;N/A;N/A;N/A;N/A;N/A;N/A;N/A;N/A;N/A;N/A;N/A;N/A;N/A;N/A;N/A;N/A;N/A;N/A;N/A;N/A;N/A;N/A;N/A;N/A;N/A;N/A;N/A;N/A;N/A;N/A;N/A;N/A;N/A;N/A;N/A;N/A;N/A;N/A;N/A;N/A;N/A;N/A;N/A;N/A;N/A;N/A;N/A;5;N/A;Nafta;N/A;N/A;"Autos y camionetas";N/A;N/A;N/A;N/A;N/A;N/A;N/A;N/A;N/A;N/A;N/A;N/A;N/A;N/A;N/A;N/A;N/A;N/A;N/A;N/A;N/A;N/A;N/A;N/A;N/A;N/A;N/A;N/A;N/A;N/A;N/A;N/A;N/A;N/A;N/A;N/A;N/A;N/A;N/A;N/A;N/A;N/A;N/A;N/A;N/A;N/A;N/A;N/A;N/A;N/A;N/A;N/A;N/A;N/A;N/A;N/A;N/A;N/A;N/A;N/A;N/A;N/A;N/A;N/A;N/A;N/A;N/A;N/A;N/A;N/A;N/A;N/A;N/A;N/A;N/A;N/A;N/A;N/A;N/A;N/A;N/A;N/A;N/A;N/A;N/A;N/A;N/A;N/A;N/A;N/A;N/A;N/A;N/A;N/A;N/A;N/A;N/A;N/A;N/A;N/A;N/A;N/A;N/A;N/A;N/A;N/A;N/A;N/A;N/A;N/A;N/A;N/A;N/A;N/A;N/A;N/A;N/A;N/A;N/A;N/A;N/A;N/A
Toyota;4Runner;Limited;2014;"266000 km";;VIPERGUS;39000;;;;;"Lomas de Solymar";https://auto.mercadolibre.com.uy/MLU-646815713-toyota-4runner-_JM;N/A;;"Toyota 4runner";USD;Sí;gold_premium;false;N/A;N/A;http://perfil.mercadolibre.com.uy/VIPERGUS;active;N/A;N/A;Usado;Azul;N/A;Hidráulica;Integral;Sí;Sí;N/A;N/A;N/A;N/A;N/A;N/A;Sí;N/A;N/A;N/A;N/A;N/A;N/A;N/A;N/A;N/A;N/A;N/A;N/A;N/A;N/A;N/A;N/A;N/A;N/A;N/A;N/A;N/A;N/A;N/A;N/A;N/A;N/A;N/A;N/A;N/A;N/A;N/A;N/A;N/A;N/A;N/A;N/A;N/A;N/A;N/A;N/A;N/A;N/A;N/A;N/A;N/A;N/A;N/A;N/A;N/A;Sí;N/A;N/A;N/A;N/A;N/A;N/A;N/A;N/A;N/A;N/A;N/A;N/A;N/A;N/A;N/A;N/A;N/A;N/A;N/A;N/A;N/A;N/A;N/A;N/A;N/A;N/A;N/A;N/A;N/A;N/A;N/A;Sí;N/A;Sí;Sí;N/A;Sí;N/A;N/A;N/A;N/A;N/A;N/A;Sí;N/A;5;4000;Nafta;Automática;Off-Road;"Autos y camionetas";N/A;N/A;N/A;N/A;N/A;N/A;N/A;N/A;N/A;N/A;N/A;N/A;N/A;N/A;N/A;N/A;N/A;N/A;N/A;N/A;N/A;N/A;N/A;N/A;Sí;N/A;N/A;N/A;N/A;N/A;N/A;N/A;N/A;N/A;N/A;N/A;N/A;N/A;N/A;N/A;N/A;N/A;N/A;N/A;N/A;N/A;N/A;N/A;N/A;N/A;N/A;N/A;N/A;N/A;N/A;N/A;N/A;N/A;N/A;N/A;N/A;N/A;N/A;N/A;N/A;N/A;N/A;N/A;N/A;N/A;N/A;N/A;N/A;N/A;N/A;N/A;N/A;N/A;N/A;N/A;N/A;N/A;N/A;N/A;N/A;N/A;N/A;N/A;N/A;N/A;N/A;N/A;N/A;N/A;N/A;N/A;N/A;N/A;Sí;N/A;N/A;N/A;N/A;N/A;N/A;Sí;N/A;Sí;N/A;N/A;N/A;Sí;Sí;Sí;Sí;N/A;Sí;Sí;N/A;N/A;N/A;Sí
Toyota;Corolla;2.0d;2010;"560300 km";;ALJO815199;12500;;;;;N/A;https://auto.mercadolibre.com.uy/MLU-701829996-toyota-corolla-2010-diesel-_JM;N/A;;"Toyota Corolla 2010 Diesel";USD;Sí;gold_premium;false;N/A;N/A;http://perfil.mercadolibre.com.uy/ALJO815199;active;N/A;N/A;Usado;Rojo;No;Hidráulica;Delantera;Sí;Sí;N/A;N/A;N/A;No;N/A;N/A;No;N/A;N/A;No;Sí;N/A;Sí;N/A;N/A;N/A;N/A;N/A;N/A;N/A;N/A;N/A;N/A;N/A;N/A;N/A;N/A;N/A;N/A;N/A;N/A;N/A;No;N/A;N/A;N/A;N/A;N/A;N/A;N/A;N/A;N/A;N/A;N/A;N/A;N/A;N/A;N/A;N/A;N/A;N/A;N/A;N/A;N/A;N/A;N/A;Sí;N/A;N/A;N/A;N/A;N/A;N/A;N/A;N/A;N/A;N/A;N/A;N/A;N/A;N/A;N/A;N/A;N/A;N/A;N/A;N/A;N/A;N/A;N/A;N/A;N/A;N/A;N/A;N/A;No;N/A;N/A;Sí;N/A;No;No;N/A;No;N/A;N/A;No;N/A;N/A;N/A;N/A;N/A;5;2.0;Diésel;Manual;Sedán;"Autos y camionetas";N/A;N/A;N/A;N/A;N/A;N/A;N/A;N/A;N/A;N/A;N/A;N/A;N/A;N/A;N/A;N/A;N/A;N/A;N/A;N/A;N/A;N/A;N/A;N/A;No;N/A;N/A;N/A;N/A;N/A;N/A;N/A;N/A;N/A;N/A;N/A;N/A;N/A;N/A;N/A;N/A;N/A;N/A;N/A;N/A;N/A;N/A;N/A;N/A;N/A;N/A;N/A;N/A;N/A;N/A;N/A;N/A;N/A;N/A;N/A;N/A;N/A;N/A;N/A;N/A;N/A;N/A;N/A;N/A;N/A;N/A;N/A;N/A;N/A;N/A;N/A;N/A;N/A;N/A;N/A;N/A;N/A;N/A;N/A;N/A;N/A;N/A;N/A;N/A;N/A;N/A;N/A;N/A;N/A;N/A;No;Sí;No;Sí;N/A;Sí;N/A;N/A;N/A;N/A;Sí;No;Sí;Sí;N/A;N/A;N/A;Sí;Sí;Sí;Sí;Sí;N/A;N/A;N/A;N/A;Sí
Toyota;Etios;"1.5 Sedan Xls";2018;"94000 km";;MARTINBANDINELLI;11490;;;;;Colón;https://auto.mercadolibre.com.uy/MLU-701592172-toyota-etios-15-sedan-xls-_JM;N/A;;"Toyota Etios 1.5 Sedan Xls";usd;Sí;gold_premium;false;N/A;N/A;http://perfil.mercadolibre.com.uy/MARTINBANDINELLI;active;N/A;N/A;Usado;Blanco;Sí;Eléctrica;Delantera;Sí;N/A;Sí;N/A;N/A;N/A;N/A;N/A;N/A;N/A;N/A;N/A;N/A;N/A;N/A;N/A;N/A;N/A;N/A;N/A;N/A;N/A;N/A;N/A;N/A;"2460 mm";"1.5 L";"45 L";5;N/A;N/A;N/A;N/A;N/A;N/A;N/A;N/A;N/A;N/A;N/A;N/A;N/A;N/A;N/A;N/A;N/A;N/A;N/A;N/A;N/A;N/A;N/A;N/A;N/A;N/A;N/A;N/A;N/A;N/A;N/A;N/A;N/A;N/A;N/A;N/A;N/A;N/A;N/A;N/A;N/A;N/A;N/A;N/A;N/A;"1510 mm";"4265 mm";N/A;N/A;N/A;N/A;5;"90 hp";Xls;N/A;4;"1695 mm";"13.8 km/l";N/A;N/A;N/A;N/A;N/A;N/A;N/A;N/A;N/A;N/A;"12.4 km/l";N/A;N/A;N/A;N/A;N/A;N/A;4;1.5;Nafta;Manual;Sedán;"Autos y camionetas";N/A;N/A;N/A;N/A;N/A;N/A;UY;N/A;N/A;N/A;N/A;N/A;N/A;N/A;N/A;N/A;N/A;N/A;N/A;N/A;N/A;N/A;N/A;N/A;N/A;N/A;N/A;N/A;N/A;N/A;N/A;N/A;N/A;N/A;N/A;N/A;N/A;N/A;N/A;N/A;N/A;N/A;N/A;N/A;N/A;N/A;N/A;N/A;N/A;N/A;N/A;N/A;N/A;N/A;N/A;N/A;N/A;N/A;N/A;N/A;N/A;N/A;N/A;N/A;N/A;N/A;N/A;N/A;N/A;N/A;N/A;N/A;N/A;N/A;N/A;N/A;N/A;N/A;N/A;N/A;N/A;N/A;N/A;N/A;N/A;N/A;N/A;N/A;N/A;N/A;N/A;N/A;N/A;N/A;N/A;N/A;N/A;N/A;N/A;N/A;N/A;N/A;N/A;N/A;N/A;N/A;N/A;N/A;N/A;N/A;N/A;N/A;Sí;N/A;Sí;N/A;N/A;N/A;N/A;Sí;N/A;N/A
Toyota;Corona;"2.0 Tdi";2000;"10000 km";;NACHOPIROTTO;4500;;;;;"Cementerio del Norte";https://auto.mercadolibre.com.uy/MLU-646725111-toyota-corona-20-tdi-al-dia-_JM;N/A;;"Toyota Corona 2.0 Tdi. Al Día";usd;No;gold_premium;false;N/A;N/A;http://perfil.mercadolibre.com.uy/NACHOPIROTTO;active;N/A;N/A;Usado;Azul;No;Hidráulica;Delantera;Sí;Sí;N/A;N/A;N/A;Sí;N/A;N/A;No;N/A;N/A;No;Sí;N/A;No;N/A;N/A;N/A;N/A;N/A;N/A;N/A;N/A;N/A;N/A;"2630 mm";"2 L";"60 L";5;N/A;N/A;N/A;N/A;N/A;No;N/A;N/A;N/A;N/A;N/A;N/A;N/A;N/A;N/A;N/A;N/A;N/A;N/A;N/A;N/A;N/A;N/A;N/A;N/A;N/A;N/A;N/A;N/A;No;N/A;N/A;N/A;N/A;N/A;N/A;N/A;N/A;N/A;N/A;N/A;N/A;N/A;N/A;N/A;"1425 mm";"4490 mm";N/A;N/A;N/A;N/A;5;"110 hp";Gl;N/A;4;"1710 mm";N/A;No;N/A;Sí;Sí;N/A;Sí;Sí;N/A;Sí;N/A;N/A;Sí;Sí;N/A;N/A;No;N/A;5;2.0;Diésel;Manual;Sedán;"Autos y camionetas";N/A;N/A;N/A;N/A;N/A;N/A;UY;N/A;N/A;N/A;N/A;N/A;N/A;N/A;N/A;N/A;N/A;N/A;N/A;N/A;N/A;N/A;N/A;N/A;No;N/A;N/A;N/A;N/A;N/A;N/A;N/A;N/A;N/A;N/A;N/A;N/A;N/A;N/A;N/A;N/A;N/A;N/A;N/A;N/A;N/A;N/A;N/A;N/A;N/A;N/A;N/A;N/A;N/A;N/A;N/A;N/A;N/A;N/A;N/A;N/A;N/A;N/A;N/A;N/A;N/A;N/A;N/A;N/A;N/A;N/A;N/A;N/A;N/A;N/A;N/A;N/A;N/A;N/A;N/A;N/A;N/A;N/A;N/A;N/A;N/A;N/A;N/A;N/A;N/A;N/A;N/A;N/A;N/A;N/A;No;Sí;No;Sí;N/A;Sí;N/A;N/A;N/A;N/A;Sí;Sí;Sí;Sí;N/A;N/A;No;No;Sí;Sí;Sí;Sí;Sí;Sí;Sí;N/A;Sí
Toyota;Hilux;"3.0 Cd Srv Tdi 171cv 4x2 - B3";2013;"290000 km";;JOSEIRIA;29000;;;;;Artigas;https://auto.mercadolibre.com.uy/MLU-700365778-toyota-hilux-30-cd-srv-tdi-171cv-4x2-b3-_JM;N/A;;"Toyota Hilux 3.0 Cd Srv Tdi 171cv 4x2 - B3";usd;Sí;gold_premium;false;N/A;N/A;http://perfil.mercadolibre.com.uy/JOSEIRIA;active;N/A;N/A;Usado;Gris;Sí;Hidráulica;4x2;Sí;N/A;Sí;N/A;N/A;N/A;N/A;N/A;N/A;N/A;N/A;N/A;N/A;N/A;N/A;N/A;N/A;N/A;N/A;N/A;N/A;N/A;N/A;N/A;N/A;"2860 mm";"3 L";"80 L";5;N/A;N/A;N/A;N/A;N/A;N/A;N/A;N/A;N/A;N/A;N/A;N/A;N/A;N/A;N/A;N/A;N/A;N/A;N/A;N/A;N/A;N/A;N/A;N/A;N/A;N/A;N/A;N/A;N/A;N/A;N/A;N/A;N/A;N/A;N/A;N/A;N/A;N/A;N/A;N/A;N/A;N/A;N/A;N/A;N/A;"1860 mm";"5260 mm";N/A;N/A;N/A;N/A;5;"171 hp";Srv;N/A;4;"1855 mm";N/A;N/A;N/A;N/A;N/A;N/A;N/A;Sí;N/A;N/A;N/A;N/A;N/A;N/A;N/A;N/A;N/A;N/A;4;3.0;Diésel;Manual;Pick-Up;"Autos y camionetas";N/A;N/A;N/A;N/A;N/A;N/A;UY;N/A;N/A;N/A;N/A;N/A;N/A;N/A;N/A;N/A;N/A;N/A;N/A;N/A;N/A;N/A;N/A;N/A;N/A;N/A;N/A;N/A;N/A;N/A;N/A;N/A;N/A;N/A;N/A;N/A;N/A;N/A;N/A;N/A;N/A;N/A;N/A;N/A;N/A;N/A;N/A;N/A;N/A;N/A;N/A;N/A;N/A;N/A;N/A;N/A;N/A;N/A;N/A;N/A;N/A;N/A;N/A;N/A;N/A;N/A;N/A;N/A;N/A;N/A;N/A;N/A;N/A;N/A;N/A;N/A;N/A;N/A;N/A;N/A;N/A;N/A;N/A;N/A;N/A;N/A;N/A;N/A;N/A;N/A;N/A;N/A;N/A;N/A;N/A;N/A;N/A;N/A;N/A;N/A;N/A;N/A;N/A;N/A;N/A;N/A;N/A;N/A;N/A;N/A;N/A;N/A;Sí;N/A;Sí;N/A;N/A;N/A;N/A;Sí;N/A;N/A
Toyota;Hilux;"3.0 D/cab 4x4 Srv Lim P/4";2006;"380000 km";;"CLASEA AUTOMOVILES";24900;;;;;"Empalme Nicolich";https://auto.mercadolibre.com.uy/MLU-699937156-toyota-hilux-30-dcab-4x4-srv-lim-p4-_JM;N/A;;"Toyota Hilux 3.0 D/cab 4x4 Srv Lim P/4";usd;No;gold_premium;false;N/A;N/A;http://perfil.mercadolibre.com.uy/CLASEA+AUTOMOVILES;active;N/A;N/A;Usado;Gris;N/A;Hidráulica;4x4;Sí;N/A;N/A;N/A;N/A;N/A;N/A;N/A;N/A;N/A;N/A;N/A;N/A;N/A;N/A;N/A;N/A;N/A;N/A;N/A;N/A;N/A;N/A;N/A;N/A;"2860 mm";"3 L";"65 L";5;N/A;N/A;N/A;N/A;N/A;N/A;N/A;N/A;N/A;N/A;N/A;N/A;N/A;N/A;N/A;N/A;N/A;N/A;N/A;N/A;N/A;N/A;N/A;N/A;N/A;N/A;N/A;N/A;N/A;N/A;N/A;N/A;N/A;N/A;N/A;N/A;N/A;N/A;N/A;N/A;N/A;N/A;N/A;N/A;N/A;"1730 mm";"4895 mm";N/A;N/A;N/A;N/A;3;"125 hp";Srv;N/A;2;"1690 mm";N/A;N/A;N/A;N/A;N/A;N/A;N/A;N/A;N/A;N/A;N/A;N/A;N/A;N/A;N/A;N/A;N/A;N/A;4;3.0;Diésel;Manual;Pick-Up;"Autos y camionetas";N/A;N/A;N/A;N/A;N/A;N/A;UY;N/A;N/A;N/A;N/A;N/A;N/A;N/A;N/A;N/A;N/A;N/A;N/A;N/A;N/A;N/A;N/A;N/A;N/A;N/A;N/A;N/A;N/A;N/A;N/A;N/A;N/A;N/A;N/A;N/A;N/A;N/A;N/A;N/A;N/A;N/A;N/A;N/A;N/A;N/A;N/A;N/A;N/A;N/A;N/A;N/A;N/A;N/A;N/A;N/A;N/A;N/A;N/A;N/A;N/A;N/A;N/A;N/A;N/A;N/A;N/A;N/A;N/A;N/A;N/A;N/A;N/A;N/A;N/A;N/A;N/A;N/A;N/A;N/A;N/A;N/A;N/A;N/A;N/A;N/A;N/A;N/A;N/A;N/A;N/A;N/A;N/A;N/A;N/A;N/A;N/A;N/A;N/A;N/A;N/A;N/A;N/A;N/A;N/A;N/A;N/A;N/A;N/A;N/A;N/A;N/A;N/A;N/A;Sí;N/A;N/A;N/A;N/A;N/A;N/A;N/A
Toyota;Hilux;"2.4 D.cab. T.dsl Sr 4x4";2021;"198000 km";;CHAMBNMIQUEAS;49500;;;;;"Colonia Valdense";https://auto.mercadolibre.com.uy/MLU-646077971-toyota-hilux-2021-24-dcab-tdsl-sr-4x4-_JM;N/A;;"Toyota Hilux 2021 2.4 D.cab. T.dsl Sr 4x4";usd;Sí;gold_premium;false;N/A;N/A;http://perfil.mercadolibre.com.uy/CHAMBNMIQUEAS;active;N/A;N/A;Usado;N/A;N/A;Hidráulica;4x4;Sí;N/A;Sí;N/A;N/A;N/A;N/A;N/A;N/A;N/A;N/A;N/A;N/A;N/A;N/A;N/A;N/A;N/A;N/A;N/A;N/A;N/A;N/A;N/A;N/A;"2860 mm";"2.4 L";"80 L";5;N/A;N/A;N/A;N/A;N/A;N/A;N/A;N/A;N/A;Sí;N/A;N/A;N/A;N/A;N/A;N/A;N/A;N/A;N/A;N/A;N/A;N/A;N/A;N/A;N/A;N/A;N/A;N/A;N/A;N/A;N/A;N/A;N/A;N/A;N/A;N/A;N/A;N/A;N/A;N/A;N/A;N/A;N/A;N/A;N/A;"1850 mm";"5260 mm";N/A;N/A;N/A;N/A;5;"150 hp";Sr;N/A;4;"1855 mm";"8.2 km/l";N/A;N/A;N/A;N/A;N/A;N/A;N/A;N/A;N/A;N/A;"6.3 km/l";N/A;N/A;N/A;N/A;N/A;N/A;4;2.4;Diésel;Manual;Pick-Up;"Autos y camionetas";N/A;N/A;N/A;N/A;N/A;N/A;UY;N/A;N/A;N/A;N/A;N/A;N/A;N/A;N/A;N/A;N/A;N/A;N/A;N/A;N/A;N/A;N/A;N/A;N/A;N/A;N/A;N/A;N/A;N/A;N/A;N/A;N/A;N/A;N/A;N/A;N/A;N/A;N/A;N/A;N/A;N/A;N/A;N/A;N/A;N/A;N/A;N/A;N/A;N/A;N/A;N/A;N/A;N/A;N/A;N/A;N/A;N/A;N/A;N/A;N/A;N/A;N/A;N/A;N/A;N/A;N/A;N/A;N/A;N/A;N/A;N/A;N/A;N/A;N/A;N/A;N/A;N/A;N/A;N/A;N/A;N/A;N/A;N/A;N/A;N/A;N/A;N/A;N/A;N/A;N/A;N/A;N/A;N/A;N/A;N/A;N/A;N/A;N/A;N/A;N/A;N/A;N/A;N/A;N/A;N/A;N/A;N/A;N/A;N/A;N/A;N/A;Sí;N/A;Sí;N/A;N/A;N/A;Sí;Sí;N/A;N/A
Toyota;"Rav4 Hybrid";"2.5 Limited Plus 2Wd E-Cvt";2019;"119000 km";;MARISAFRIPP;46000;;;;;Tarariras;https://auto.mercadolibre.com.uy/MLU-701518212-toyota-rav-limited4x4-_JM;N/A;;"Toyota Rav Limited4x4";USD;Sí;gold_premium;false;N/A;N/A;http://perfil.mercadolibre.com.uy/MARISAFRIPP;active;N/A;N/A;Usado;Gris;N/A;Hidráulica;4x4;N/A;N/A;N/A;N/A;N/A;N/A;N/A;N/A;N/A;N/A;N/A;Sí;N/A;N/A;N/A;N/A;N/A;N/A;N/A;N/A;N/A;N/A;N/A;N/A;N/A;N/A;N/A;N/A;N/A;N/A;N/A;N/A;N/A;N/A;N/A;N/A;N/A;N/A;N/A;N/A;N/A;N/A;N/A;N/A;N/A;N/A;N/A;N/A;N/A;N/A;N/A;N/A;N/A;N/A;N/A;N/A;N/A;N/A;N/A;N/A;N/A;N/A;N/A;N/A;N/A;N/A;N/A;N/A;N/A;N/A;N/A;N/A;N/A;N/A;N/A;N/A;N/A;N/A;N/A;N/A;N/A;N/A;N/A;N/A;N/A;N/A;N/A;Sí;N/A;N/A;N/A;N/A;N/A;Sí;N/A;N/A;N/A;N/A;N/A;N/A;N/A;N/A;N/A;N/A;5;2.5;Nafta;Automática;SUV;"Autos y camionetas";N/A;N/A;N/A;N/A;N/A;N/A;N/A;N/A;N/A;N/A;N/A;N/A;N/A;N/A;N/A;N/A;N/A;N/A;N/A;N/A;N/A;N/A;N/A;N/A;N/A;N/A;N/A;N/A;N/A;N/A;N/A;N/A;N/A;N/A;N/A;N/A;N/A;N/A;N/A;N/A;N/A;N/A;N/A;N/A;N/A;N/A;N/A;N/A;N/A;N/A;N/A;N/A;N/A;N/A;N/A;N/A;N/A;N/A;N/A;N/A;N/A;N/A;N/A;N/A;N/A;N/A;N/A;N/A;N/A;N/A;N/A;N/A;N/A;N/A;N/A;N/A;N/A;N/A;N/A;N/A;N/A;N/A;N/A;N/A;N/A;N/A;N/A;N/A;N/A;N/A;N/A;N/A;N/A;N/A;N/A;N/A;Sí;Sí;N/A;N/A;Sí;N/A;N/A;N/A;N/A;Sí;N/A;N/A;N/A;N/A;N/A;N/A;N/A;N/A;N/A;N/A;N/A;N/A;N/A;N/A;N/A;N/A
Toyota;Hilux;"2.7 SRV 4x2";2017;"47000 km";;SEBAMORAES;29500;;;;;"Las Piedras";https://auto.mercadolibre.com.uy/MLU-646708691-camioneta-en-excelente-estado-service-oficiales-en-ayax-_JM;N/A;;"Camioneta En Excelente Estado. Service Oficiales En Ayax";usd;Sí;gold_premium;false;N/A;N/A;http://perfil.mercadolibre.com.uy/SEBAMORAES;active;N/A;N/A;Usado;Gris;Sí;Hidráulica;4x2;Sí;Sí;Sí;N/A;N/A;N/A;N/A;N/A;N/A;N/A;N/A;N/A;Sí;N/A;N/A;N/A;N/A;N/A;N/A;N/A;N/A;N/A;N/A;N/A;N/A;"2860 mm";"2.7 L";"80 L";5;N/A;N/A;N/A;N/A;N/A;N/A;N/A;N/A;N/A;N/A;N/A;N/A;N/A;N/A;N/A;N/A;N/A;N/A;N/A;N/A;N/A;N/A;N/A;N/A;N/A;N/A;N/A;N/A;N/A;N/A;N/A;N/A;N/A;N/A;N/A;N/A;N/A;N/A;N/A;N/A;N/A;N/A;N/A;N/A;N/A;"1860 mm";"5260 mm";N/A;N/A;N/A;N/A;5;"160 hp";Srv;N/A;4;"1855 mm";N/A;Sí;N/A;N/A;Sí;N/A;N/A;Sí;N/A;N/A;N/A;N/A;N/A;Sí;N/A;N/A;N/A;N/A;5;2.7;Nafta;Manual;Pick-Up;"Autos y camionetas";N/A;N/A;N/A;N/A;N/A;N/A;UY;N/A;N/A;N/A;N/A;N/A;N/A;N/A;N/A;N/A;N/A;N/A;N/A;N/A;N/A;N/A;N/A;N/A;Sí;N/A;N/A;N/A;N/A;N/A;N/A;N/A;N/A;N/A;N/A;N/A;N/A;N/A;N/A;N/A;N/A;N/A;N/A;N/A;N/A;N/A;N/A;N/A;N/A;N/A;N/A;N/A;N/A;N/A;N/A;N/A;N/A;N/A;N/A;N/A;N/A;N/A;N/A;N/A;N/A;N/A;N/A;N/A;N/A;N/A;N/A;N/A;N/A;N/A;N/A;N/A;N/A;N/A;N/A;N/A;N/A;N/A;N/A;N/A;N/A;N/A;N/A;N/A;N/A;N/A;N/A;N/A;N/A;N/A;N/A;N/A;Sí;N/A;Sí;N/A;Sí;N/A;N/A;N/A;N/A;N/A;N/A;N/A;N/A;N/A;N/A;Sí;Sí;N/A;Sí;N/A;N/A;N/A;Sí;Sí;N/A;N/A
Toyota;"Hilux 4x4";"D4D 4WD";2008;"300000 km";;AGSE20240315152115;23000;;;;;N/A;https://auto.mercadolibre.com.uy/MLU-646605887-toyota-hilux-_JM;N/A;;"Toyota Hilux";USD;Sí;gold_premium;false;N/A;N/A;http://perfil.mercadolibre.com.uy/AGSE20240315152115;active;N/A;N/A;Usado;Plateado;No;Hidráulica;4x4;Sí;N/A;N/A;N/A;N/A;N/A;N/A;N/A;No;N/A;N/A;N/A;Sí;N/A;N/A;N/A;N/A;N/A;N/A;N/A;N/A;N/A;N/A;N/A;N/A;N/A;N/A;N/A;N/A;N/A;N/A;N/A;N/A;N/A;N/A;N/A;N/A;N/A;N/A;N/A;N/A;N/A;N/A;N/A;N/A;N/A;N/A;N/A;N/A;N/A;N/A;N/A;N/A;N/A;N/A;N/A;N/A;N/A;No;N/A;N/A;N/A;N/A;N/A;N/A;N/A;N/A;N/A;N/A;N/A;N/A;N/A;N/A;N/A;N/A;N/A;N/A;N/A;N/A;N/A;N/A;N/A;N/A;N/A;N/A;N/A;N/A;N/A;N/A;N/A;Sí;N/A;N/A;N/A;N/A;No;N/A;N/A;N/A;Sí;N/A;N/A;No;N/A;4;2.5;Diésel;Manual;Pick-Up;"Autos y camionetas";N/A;N/A;N/A;N/A;N/A;N/A;N/A;N/A;N/A;N/A;N/A;N/A;N/A;N/A;N/A;N/A;N/A;N/A;N/A;N/A;N/A;N/A;N/A;N/A;N/A;N/A;N/A;N/A;N/A;N/A;N/A;N/A;N/A;N/A;N/A;N/A;N/A;N/A;N/A;N/A;N/A;N/A;N/A;N/A;N/A;N/A;N/A;N/A;N/A;N/A;N/A;N/A;N/A;N/A;N/A;N/A;N/A;N/A;N/A;N/A;N/A;N/A;N/A;N/A;N/A;N/A;N/A;N/A;N/A;N/A;N/A;N/A;N/A;N/A;N/A;N/A;N/A;N/A;N/A;N/A;N/A;N/A;N/A;N/A;N/A;N/A;N/A;N/A;N/A;N/A;N/A;N/A;N/A;N/A;N/A;N/A;N/A;N/A;No;N/A;N/A;N/A;N/A;N/A;N/A;N/A;N/A;N/A;N/A;N/A;N/A;N/A;N/A;N/A;Sí;Sí;Sí;No;No;Sí;N/A;Sí
Toyota;Corolla;"1.6 Xli";2007;"190000 km";;LARRAMOTOS;10200;;;;;Colón;https://auto.mercadolibre.com.uy/MLU-700493578-toyota-corolla-2007-xli-exelente-estado-_JM;N/A;;"Toyota Corolla 2007 Xli Exelente Estado";USD;No;gold_premium;false;N/A;N/A;http://perfil.mercadolibre.com.uy/LARRAMOTOS;active;N/A;N/A;Usado;Plateado;No;Hidráulica;N/A;Sí;Sí;N/A;N/A;N/A;N/A;N/A;N/A;Sí;N/A;N/A;N/A;Sí;N/A;N/A;N/A;N/A;N/A;N/A;N/A;N/A;N/A;N/A;N/A;N/A;N/A;N/A;N/A;N/A;N/A;N/A;N/A;N/A;N/A;Sí;N/A;N/A;N/A;N/A;N/A;N/A;N/A;N/A;N/A;N/A;N/A;N/A;N/A;N/A;N/A;N/A;N/A;N/A;N/A;N/A;N/A;N/A;N/A;N/A;N/A;N/A;N/A;N/A;N/A;N/A;N/A;N/A;N/A;N/A;N/A;N/A;N/A;N/A;N/A;N/A;N/A;N/A;N/A;N/A;N/A;N/A;N/A;N/A;N/A;N/A;N/A;N/A;N/A;N/A;N/A;N/A;N/A;N/A;N/A;N/A;N/A;N/A;N/A;N/A;N/A;N/A;N/A;N/A;"De 8hs a 22hs";4;1.6vvt;Nafta;N/A;N/A;"Autos y camionetas";N/A;N/A;N/A;N/A;N/A;N/A;N/A;N/A;N/A;N/A;N/A;N/A;N/A;N/A;N/A;N/A;N/A;N/A;N/A;N/A;N/A;N/A;N/A;N/A;N/A;N/A;N/A;N/A;N/A;N/A;N/A;N/A;N/A;N/A;N/A;N/A;N/A;N/A;N/A;N/A;N/A;N/A;N/A;N/A;N/A;N/A;N/A;N/A;N/A;N/A;N/A;N/A;N/A;N/A;N/A;N/A;N/A;N/A;N/A;N/A;N/A;N/A;N/A;N/A;N/A;N/A;N/A;N/A;N/A;N/A;N/A;N/A;N/A;N/A;N/A;N/A;N/A;N/A;N/A;N/A;N/A;N/A;N/A;N/A;N/A;N/A;N/A;N/A;N/A;N/A;N/A;N/A;N/A;N/A;N/A;N/A;Sí;Sí;N/A;N/A;N/A;N/A;N/A;N/A;N/A;N/A;N/A;N/A;Sí;N/A;N/A;N/A;N/A;Sí;Sí;Sí;Sí;N/A;N/A;N/A;N/A;N/A
Toyota;Hilux;"2.7 DX WTI 4x2";2011;"214000 km";;RBOIX;15500;;;;;"Punta Carretas";https://auto.mercadolibre.com.uy/MLU-698766740-toyota-hilux-dx-4x2-2011-nafta-_JM;N/A;;"Toyota Hilux Dx 4x2 2011 Nafta";USD;Sí;gold_premium;false;N/A;N/A;http://perfil.mercadolibre.com.uy/RBOIX;active;N/A;N/A;Usado;Azul;N/A;Asistida;4x2;Sí;N/A;N/A;N/A;N/A;N/A;N/A;N/A;N/A;N/A;N/A;N/A;Sí;N/A;N/A;N/A;N/A;N/A;N/A;N/A;N/A;N/A;N/A;N/A;N/A;N/A;N/A;N/A;N/A;N/A;N/A;N/A;N/A;N/A;N/A;N/A;N/A;N/A;N/A;N/A;N/A;N/A;N/A;N/A;N/A;N/A;N/A;N/A;N/A;N/A;N/A;N/A;N/A;N/A;N/A;N/A;N/A;N/A;N/A;N/A;N/A;N/A;N/A;N/A;N/A;N/A;N/A;N/A;N/A;N/A;N/A;N/A;N/A;N/A;N/A;N/A;N/A;N/A;N/A;N/A;N/A;N/A;N/A;N/A;N/A;N/A;N/A;No;N/A;No;N/A;N/A;Sí;No;N/A;N/A;N/A;N/A;N/A;Sí;N/A;N/A;No;N/A;4;2.7;Nafta;Manual;Pick-Up;"Autos y camionetas";N/A;N/A;N/A;N/A;N/A;N/A;N/A;N/A;N/A;N/A;N/A;N/A;N/A;N/A;N/A;N/A;N/A;N/A;N/A;N/A;N/A;N/A;N/A;N/A;N/A;N/A;N/A;N/A;N/A;N/A;N/A;N/A;N/A;N/A;N/A;N/A;N/A;N/A;N/A;N/A;N/A;N/A;N/A;N/A;N/A;N/A;N/A;N/A;N/A;N/A;N/A;N/A;N/A;N/A;N/A;N/A;N/A;N/A;N/A;N/A;N/A;N/A;N/A;N/A;N/A;N/A;N/A;N/A;N/A;N/A;N/A;N/A;N/A;N/A;N/A;N/A;N/A;N/A;N/A;N/A;N/A;N/A;N/A;N/A;N/A;N/A;N/A;N/A;N/A;N/A;N/A;N/A;N/A;N/A;N/A;N/A;N/A;N/A;N/A;N/A;N/A;N/A;N/A;N/A;N/A;N/A;N/A;N/A;N/A;N/A;N/A;N/A;N/A;N/A;N/A;N/A;N/A;N/A;N/A;N/A;N/A;N/A
Toyota;Hilux;"2.7 Cd Srv Vvti 4x2 Cuero - B4";2015;"104250 km";;DINOSETIEMBRE;22000;;;;;Bolivar;https://auto.mercadolibre.com.uy/MLU-698340926-toyota-hilux-srv-nafta-27-ano-2015-_JM;N/A;;"Toyota Hilux Srv Nafta 2.7 Año 2015";usd;Sí;gold_premium;false;N/A;N/A;http://perfil.mercadolibre.com.uy/DINOSETIEMBRE;active;N/A;N/A;Usado;Gris;N/A;Hidráulica;4x2;Sí;N/A;Sí;N/A;N/A;N/A;N/A;N/A;N/A;N/A;N/A;N/A;N/A;N/A;N/A;N/A;N/A;N/A;N/A;N/A;N/A;N/A;N/A;N/A;N/A;"2860 mm";"2.7 L";"80 L";5;N/A;N/A;N/A;N/A;N/A;N/A;N/A;N/A;N/A;N/A;N/A;N/A;N/A;N/A;N/A;N/A;N/A;N/A;N/A;N/A;N/A;N/A;N/A;N/A;N/A;N/A;N/A;N/A;N/A;N/A;N/A;N/A;N/A;N/A;N/A;N/A;N/A;N/A;N/A;N/A;N/A;N/A;N/A;N/A;N/A;"1860 mm";"5260 mm";N/A;N/A;N/A;N/A;5;"160 hp";Srv;N/A;4;"1855 mm";N/A;Sí;N/A;N/A;N/A;N/A;N/A;N/A;N/A;N/A;N/A;N/A;N/A;N/A;N/A;N/A;N/A;N/A;4;2.7;Nafta;Manual;Pick-Up;"Autos y camionetas";N/A;N/A;N/A;N/A;N/A;N/A;UY;N/A;N/A;N/A;N/A;N/A;N/A;N/A;N/A;N/A;N/A;N/A;N/A;N/A;N/A;N/A;N/A;N/A;N/A;N/A;N/A;N/A;N/A;N/A;N/A;N/A;N/A;N/A;N/A;N/A;N/A;N/A;N/A;N/A;N/A;N/A;N/A;N/A;N/A;N/A;N/A;N/A;N/A;N/A;N/A;N/A;N/A;N/A;N/A;N/A;N/A;N/A;N/A;N/A;N/A;N/A;N/A;N/A;N/A;N/A;N/A;N/A;N/A;N/A;N/A;N/A;N/A;N/A;N/A;N/A;N/A;N/A;N/A;N/A;N/A;N/A;N/A;N/A;N/A;N/A;N/A;N/A;N/A;N/A;N/A;N/A;N/A;N/A;N/A;N/A;N/A;N/A;N/A;N/A;N/A;N/A;N/A;N/A;N/A;N/A;N/A;N/A;N/A;N/A;N/A;N/A;Sí;N/A;Sí;N/A;N/A;N/A;Sí;Sí;N/A;N/A
Toyota;Tercel;1.3;1997;"250000 km";;MENCHACJ;3000;;;;;Cordón;https://auto.mercadolibre.com.uy/MLU-701763516-toyota-tercel-13-_JM;N/A;;"Toyota Tercel 1.3";usd;No;gold_premium;false;N/A;N/A;http://perfil.mercadolibre.com.uy/MENCHACJ;active;N/A;N/A;Usado;Rojo;No;Asistida;Delantera;Sí;N/A;N/A;N/A;N/A;N/A;N/A;N/A;N/A;N/A;N/A;N/A;N/A;N/A;N/A;N/A;N/A;N/A;N/A;N/A;N/A;N/A;N/A;N/A;N/A;"2380 mm";"1.3 L";"45 L";4;N/A;N/A;N/A;N/A;N/A;N/A;N/A;N/A;N/A;N/A;N/A;N/A;N/A;N/A;N/A;N/A;N/A;N/A;N/A;N/A;N/A;N/A;N/A;N/A;N/A;N/A;N/A;N/A;N/A;N/A;N/A;N/A;N/A;N/A;N/A;N/A;N/A;N/A;N/A;N/A;N/A;N/A;N/A;N/A;N/A;"1365 mm";"3930 mm";N/A;N/A;N/A;N/A;5;"93 hp";N/A;N/A;4;"1645 mm";N/A;N/A;N/A;N/A;N/A;N/A;N/A;N/A;N/A;N/A;N/A;N/A;N/A;N/A;N/A;N/A;N/A;"De 8 a 21";4;1.3;Nafta;Manual;Sedán;"Autos y camionetas";N/A;N/A;N/A;N/A;N/A;N/A;UY;N/A;N/A;N/A;N/A;N/A;N/A;N/A;N/A;N/A;N/A;N/A;N/A;N/A;N/A;N/A;N/A;N/A;N/A;N/A;N/A;N/A;N/A;N/A;N/A;N/A;N/A;N/A;N/A;N/A;N/A;N/A;N/A;N/A;N/A;N/A;N/A;N/A;N/A;N/A;N/A;N/A;N/A;N/A;N/A;N/A;N/A;N/A;N/A;N/A;N/A;N/A;N/A;N/A;N/A;N/A;N/A;N/A;N/A;N/A;N/A;N/A;N/A;N/A;N/A;N/A;N/A;N/A;N/A;N/A;N/A;N/A;N/A;N/A;N/A;N/A;N/A;N/A;N/A;N/A;N/A;N/A;N/A;N/A;N/A;N/A;N/A;N/A;N/A;N/A;N/A;N/A;N/A;N/A;N/A;N/A;N/A;N/A;N/A;N/A;N/A;N/A;N/A;N/A;N/A;N/A;N/A;N/A;N/A;N/A;N/A;N/A;N/A;N/A;N/A;N/A
Toyota;"Corolla Hybrid";"1.8 Se-G Cvt";2020;"70000 km";;"EL BUSCA2008";26500;;;;;"San José de Mayo";https://auto.mercadolibre.com.uy/MLU-645965099-toyota-corolla-hybrid-18-se-g-cvt-_JM;N/A;;"Toyota Corolla Hybrid 1.8 Se-g Cvt";usd;Sí;gold_premium;false;N/A;N/A;http://perfil.mercadolibre.com.uy/EL+BUSCA2008;active;N/A;N/A;Usado;Azul;No;Eléctrica;Delantera;Sí;N/A;N/A;N/A;N/A;N/A;N/A;N/A;N/A;N/A;N/A;N/A;N/A;N/A;N/A;N/A;N/A;N/A;N/A;N/A;N/A;N/A;N/A;N/A;N/A;"2700 mm";"1.8 L";"43 L";N/A;N/A;N/A;N/A;N/A;N/A;N/A;N/A;N/A;N/A;N/A;N/A;N/A;N/A;N/A;N/A;N/A;N/A;N/A;N/A;N/A;N/A;N/A;N/A;N/A;N/A;N/A;N/A;N/A;N/A;N/A;N/A;N/A;N/A;N/A;N/A;N/A;N/A;N/A;N/A;N/A;N/A;N/A;N/A;N/A;N/A;"1440 mm";"4630 mm";N/A;N/A;N/A;N/A;5;"122 hp";Se-g;N/A;4;"1775 mm";"13.5 km/l";Sí;N/A;N/A;N/A;N/A;N/A;N/A;N/A;N/A;N/A;N/A;N/A;N/A;N/A;N/A;N/A;N/A;4;1.8;Híbrido;Automática;Sedán;"Autos y camionetas";N/A;N/A;N/A;N/A;N/A;N/A;UY;N/A;N/A;N/A;N/A;N/A;N/A;N/A;N/A;N/A;N/A;N/A;N/A;N/A;N/A;N/A;N/A;N/A;N/A;N/A;N/A;N/A;N/A;N/A;N/A;N/A;N/A;N/A;N/A;N/A;N/A;N/A;N/A;N/A;N/A;N/A;N/A;N/A;N/A;N/A;N/A;N/A;N/A;N/A;N/A;N/A;N/A;N/A;N/A;N/A;N/A;N/A;N/A;N/A;N/A;N/A;N/A;N/A;N/A;N/A;N/A;N/A;N/A;N/A;N/A;N/A;N/A;N/A;N/A;N/A;N/A;N/A;N/A;N/A;N/A;N/A;N/A;N/A;N/A;N/A;N/A;N/A;N/A;N/A;N/A;N/A;N/A;N/A;N/A;N/A;N/A;N/A;N/A;N/A;N/A;N/A;N/A;N/A;N/A;N/A;N/A;N/A;N/A;N/A;N/A;N/A;N/A;N/A;Sí;N/A;N/A;Sí;Sí;N/A;N/A;N/A
Toyota;"Hilux Pick-Up";"hilux srv 3.0";2008;"197000 km";;NICORAELBIO;28500;;;;;"El Tesoro";https://auto.mercadolibre.com.uy/MLU-700590516-toyota-hilux-pick-up-hilux-srv-30-_JM;N/A;;"Toyota Hilux Pick-up Hilux Srv 3.0";usd;Sí;gold_premium;false;N/A;N/A;http://perfil.mercadolibre.com.uy/NICORAELBIO;active;N/A;N/A;Usado;N/A;N/A;Hidráulica;4x2;Sí;N/A;Sí;N/A;N/A;N/A;N/A;N/A;N/A;N/A;N/A;N/A;N/A;N/A;N/A;N/A;N/A;N/A;N/A;N/A;N/A;N/A;N/A;N/A;N/A;"2860 mm";"3 L";"80 L";5;N/A;N/A;N/A;N/A;N/A;N/A;N/A;N/A;N/A;N/A;N/A;N/A;N/A;N/A;N/A;N/A;N/A;N/A;N/A;N/A;N/A;N/A;N/A;N/A;N/A;N/A;N/A;N/A;N/A;N/A;N/A;N/A;N/A;N/A;N/A;N/A;N/A;N/A;N/A;N/A;N/A;N/A;N/A;N/A;N/A;"1820 mm";"5255 mm";N/A;N/A;N/A;N/A;5;"163 hp";Srv;N/A;4;"1855 mm";N/A;N/A;N/A;N/A;N/A;N/A;N/A;Sí;N/A;N/A;N/A;N/A;N/A;N/A;N/A;N/A;N/A;N/A;4;3.0;Diésel;Manual;Pick-Up;"Autos y camionetas";N/A;N/A;N/A;N/A;N/A;N/A;UY;N/A;N/A;N/A;N/A;N/A;N/A;N/A;N/A;N/A;N/A;N/A;N/A;N/A;N/A;N/A;N/A;N/A;N/A;N/A;N/A;N/A;N/A;N/A;N/A;N/A;N/A;N/A;N/A;N/A;N/A;N/A;N/A;N/A;N/A;N/A;N/A;N/A;N/A;N/A;N/A;N/A;N/A;N/A;N/A;N/A;N/A;N/A;N/A;N/A;N/A;N/A;N/A;N/A;N/A;N/A;N/A;N/A;N/A;N/A;N/A;N/A;N/A;N/A;N/A;N/A;N/A;N/A;N/A;N/A;N/A;N/A;N/A;N/A;N/A;N/A;N/A;N/A;N/A;N/A;N/A;N/A;N/A;N/A;N/A;N/A;N/A;N/A;N/A;N/A;N/A;N/A;N/A;N/A;N/A;N/A;N/A;N/A;N/A;N/A;N/A;N/A;N/A;N/A;N/A;N/A;Sí;N/A;Sí;N/A;N/A;N/A;N/A;N/A;N/A;N/A
Toyota;"Yaris Sedán";"1.5 Xs Mt Sedan";2011;"172000 km";;"ESTEBAN KITO";10500;;;;;"Barros Blancos";https://auto.mercadolibre.com.uy/MLU-646000585-toyota-yaris-15-vvti-ano-2011-4-puertas-_JM;N/A;;"Toyota Yaris 1.5 Vvti Año 2011 4 Puertas";USD;Sí;gold_premium;false;N/A;N/A;http://perfil.mercadolibre.com.uy/ESTEBAN+KITO;active;N/A;N/A;Usado;Negro;No;Asistida;Delantera;Sí;N/A;N/A;N/A;N/A;N/A;N/A;N/A;N/A;N/A;N/A;N/A;Sí;N/A;Sí;N/A;N/A;N/A;N/A;N/A;N/A;N/A;N/A;N/A;N/A;N/A;N/A;N/A;N/A;N/A;N/A;N/A;N/A;N/A;N/A;N/A;N/A;N/A;N/A;N/A;N/A;N/A;N/A;N/A;N/A;N/A;N/A;N/A;N/A;N/A;N/A;N/A;N/A;N/A;N/A;N/A;N/A;N/A;N/A;N/A;N/A;N/A;N/A;N/A;N/A;N/A;N/A;N/A;N/A;N/A;N/A;N/A;N/A;N/A;N/A;N/A;N/A;N/A;N/A;N/A;N/A;N/A;N/A;N/A;N/A;N/A;N/A;N/A;N/A;N/A;Sí;N/A;N/A;N/A;N/A;N/A;N/A;N/A;N/A;N/A;N/A;N/A;N/A;"Todos los días";4;1.5;Nafta;Manual;Sedán;"Autos y camionetas";N/A;N/A;N/A;N/A;N/A;N/A;N/A;N/A;N/A;N/A;N/A;N/A;N/A;N/A;N/A;N/A;N/A;N/A;N/A;N/A;N/A;N/A;N/A;N/A;N/A;N/A;N/A;N/A;N/A;N/A;N/A;N/A;N/A;N/A;N/A;N/A;N/A;N/A;N/A;N/A;N/A;N/A;N/A;N/A;N/A;N/A;N/A;N/A;N/A;N/A;N/A;N/A;N/A;N/A;N/A;N/A;N/A;N/A;N/A;N/A;N/A;N/A;N/A;N/A;N/A;N/A;N/A;N/A;N/A;N/A;N/A;N/A;N/A;N/A;N/A;N/A;N/A;N/A;N/A;N/A;N/A;N/A;N/A;N/A;N/A;N/A;N/A;N/A;N/A;N/A;N/A;N/A;N/A;N/A;N/A;N/A;Sí;Sí;Sí;N/A;Sí;N/A;N/A;N/A;N/A;Sí;N/A;N/A;Sí;N/A;N/A;N/A;N/A;Sí;N/A;N/A;N/A;N/A;N/A;N/A;N/A;N/A
Toyota;Hilux;"3.0 SRV 4x2";2007;"434000 km";;MADEPELSA;25500;;;;;Buceo;https://auto.mercadolibre.com.uy/MLU-645934773-toyota-hilux-30-srv-4x2-_JM;N/A;;"Toyota Hilux 3.0 Srv 4x2";usd;No;gold_premium;false;N/A;N/A;http://perfil.mercadolibre.com.uy/MADEPELSA;active;N/A;N/A;Usado;N/A;N/A;N/A;4x4;Sí;N/A;N/A;N/A;N/A;N/A;N/A;N/A;N/A;N/A;N/A;N/A;N/A;N/A;N/A;N/A;N/A;N/A;N/A;N/A;N/A;N/A;N/A;N/A;N/A;"2860 mm";"3 L";"65 L";5;N/A;N/A;N/A;N/A;N/A;N/A;N/A;N/A;N/A;N/A;N/A;N/A;N/A;N/A;N/A;N/A;N/A;N/A;N/A;N/A;N/A;N/A;N/A;N/A;N/A;N/A;N/A;N/A;N/A;N/A;N/A;N/A;N/A;N/A;N/A;N/A;N/A;N/A;N/A;N/A;N/A;N/A;N/A;N/A;N/A;"1730 mm";"4895 mm";N/A;N/A;N/A;N/A;3;"125 hp";Srv;N/A;2;"1690 mm";N/A;N/A;N/A;N/A;N/A;N/A;N/A;N/A;N/A;N/A;N/A;N/A;N/A;N/A;N/A;N/A;N/A;N/A;4;3.0;Diésel;Manual;Pick-Up;"Autos y camionetas";N/A;N/A;N/A;N/A;N/A;N/A;UY;N/A;N/A;N/A;N/A;N/A;N/A;N/A;N/A;N/A;N/A;N/A;N/A;N/A;N/A;N/A;N/A;N/A;N/A;N/A;N/A;N/A;N/A;N/A;N/A;N/A;N/A;N/A;N/A;N/A;N/A;N/A;N/A;N/A;N/A;N/A;N/A;N/A;N/A;N/A;N/A;N/A;N/A;N/A;N/A;N/A;N/A;N/A;N/A;N/A;N/A;N/A;N/A;N/A;N/A;N/A;N/A;N/A;N/A;N/A;N/A;N/A;N/A;N/A;N/A;N/A;N/A;N/A;N/A;N/A;N/A;N/A;N/A;N/A;N/A;N/A;N/A;N/A;N/A;N/A;N/A;N/A;N/A;N/A;N/A;N/A;N/A;N/A;N/A;N/A;N/A;N/A;N/A;N/A;N/A;N/A;N/A;N/A;N/A;N/A;N/A;N/A;N/A;N/A;N/A;N/A;N/A;N/A;Sí;N/A;N/A;N/A;N/A;N/A;N/A;N/A
Toyota;Hilux;"3.0 Cd Srv Limited Tdi 171cv 4x4 5at";2014;"280000 km";;BOFR1094211;36500;;;;;"Empalme Olmos";https://auto.mercadolibre.com.uy/MLU-698217614-toyota-hilux-30-cd-srv-limited-tdi-171cv-4x4-5at-_JM;N/A;;"Toyota Hilux 3.0 Cd Srv Limited Tdi 171cv 4x4 5at";usd;Sí;gold_premium;false;N/A;N/A;http://perfil.mercadolibre.com.uy/BOFR1094211;active;N/A;N/A;Usado;Blanco;N/A;Hidráulica;4x4;Sí;Sí;Sí;N/A;N/A;N/A;N/A;N/A;N/A;N/A;N/A;N/A;Sí;N/A;N/A;N/A;N/A;N/A;N/A;N/A;N/A;N/A;N/A;N/A;N/A;"2860 mm";"3 L";"80 L";5;N/A;N/A;N/A;N/A;N/A;N/A;N/A;N/A;N/A;N/A;N/A;N/A;N/A;N/A;N/A;N/A;N/A;N/A;N/A;N/A;N/A;N/A;N/A;N/A;N/A;N/A;N/A;N/A;N/A;N/A;N/A;N/A;N/A;N/A;N/A;N/A;N/A;N/A;N/A;N/A;N/A;N/A;N/A;N/A;N/A;"1860 mm";"5260 mm";N/A;N/A;N/A;N/A;5;"171 hp";"Srv Limited";N/A;4;"1855 mm";N/A;Sí;N/A;Sí;Sí;N/A;N/A;Sí;N/A;N/A;N/A;N/A;N/A;Sí;N/A;N/A;Sí;"Todo horario";4;3.0;Diésel;Automática;Pick-Up;"Autos y camionetas";Sí;N/A;N/A;N/A;N/A;N/A;UY;N/A;Sí;N/A;N/A;N/A;N/A;N/A;N/A;N/A;N/A;N/A;N/A;N/A;N/A;N/A;N/A;N/A;N/A;N/A;N/A;N/A;N/A;N/A;N/A;N/A;N/A;N/A;N/A;N/A;N/A;N/A;N/A;N/A;N/A;N/A;N/A;N/A;N/A;N/A;N/A;N/A;N/A;N/A;N/A;N/A;N/A;N/A;N/A;N/A;N/A;N/A;N/A;N/A;N/A;N/A;Sí;N/A;N/A;N/A;N/A;N/A;N/A;N/A;N/A;N/A;N/A;N/A;N/A;N/A;N/A;N/A;N/A;N/A;N/A;N/A;N/A;N/A;N/A;N/A;N/A;N/A;N/A;N/A;N/A;N/A;N/A;N/A;N/A;N/A;Sí;Sí;Sí;N/A;Sí;N/A;N/A;N/A;N/A;Sí;N/A;Sí;Sí;N/A;N/A;N/A;Sí;Sí;Sí;Sí;Sí;Sí;Sí;Sí;N/A;Sí
Toyota;Etios;"1.5 Sedan Xls";2020;"103500 km";;DELE9490779;14000;;;;;Cordón;https://auto.mercadolibre.com.uy/MLU-646010737-toyota-etios-15-sedan-xls-_JM;N/A;;"Toyota Etios 1.5 Sedan Xls";usd;Sí;gold_premium;false;N/A;N/A;http://perfil.mercadolibre.com.uy/DELE9490779;active;N/A;N/A;Usado;Blanco;Sí;Eléctrica;Delantera;Sí;Sí;Sí;N/A;N/A;N/A;N/A;N/A;No;N/A;N/A;N/A;Sí;N/A;N/A;N/A;N/A;N/A;N/A;N/A;N/A;N/A;N/A;N/A;N/A;"2460 mm";"1.5 L";"45 L";5;N/A;N/A;N/A;N/A;N/A;N/A;N/A;N/A;N/A;N/A;N/A;N/A;N/A;N/A;N/A;N/A;N/A;N/A;N/A;N/A;N/A;N/A;N/A;N/A;N/A;N/A;N/A;N/A;N/A;N/A;N/A;N/A;N/A;Sí;Sí;N/A;N/A;N/A;N/A;N/A;N/A;N/A;N/A;N/A;N/A;"1510 mm";"4265 mm";N/A;N/A;N/A;N/A;5;"90 hp";Xls;N/A;4;"1695 mm";"13.8 km/l";N/A;N/A;N/A;Sí;N/A;Sí;Sí;N/A;N/A;N/A;"12.4 km/l";N/A;N/A;N/A;N/A;N/A;N/A;4;1.5;Nafta;Manual;Sedán;"Autos y camionetas";N/A;N/A;N/A;N/A;N/A;N/A;UY;N/A;N/A;N/A;N/A;N/A;N/A;N/A;N/A;N/A;N/A;N/A;N/A;N/A;N/A;N/A;N/A;N/A;N/A;N/A;N/A;N/A;N/A;N/A;N/A;N/A;N/A;N/A;N/A;N/A;N/A;N/A;N/A;N/A;N/A;N/A;N/A;N/A;N/A;N/A;N/A;N/A;N/A;N/A;N/A;N/A;N/A;N/A;N/A;N/A;N/A;N/A;N/A;N/A;N/A;N/A;N/A;N/A;N/A;N/A;N/A;N/A;N/A;N/A;N/A;N/A;N/A;N/A;N/A;N/A;N/A;N/A;N/A;N/A;N/A;N/A;N/A;N/A;N/A;N/A;N/A;N/A;N/A;N/A;N/A;N/A;N/A;N/A;N/A;N/A;Sí;Sí;Sí;N/A;Sí;N/A;N/A;N/A;N/A;Sí;N/A;N/A;Sí;N/A;N/A;Sí;Sí;Sí;Sí;Sí;Sí;N/A;N/A;Sí;N/A;N/A
Toyota;Hilux;Dx;2012;"312865 km";;"CARPER USADOS";29990;;;;;"Jacinto Vera";https://auto.mercadolibre.com.uy/MLU-700682426-toyota-hilux-dcabina-dx-diesel-24-4x4-c29754-_JM;N/A;;"Toyota Hilux D/cabina Dx Diesel 2.4 4x4 C/29754";USD;Sí;gold_premium;false;N/A;N/A;http://perfil.mercadolibre.com.uy/CARPER+USADOS;active;N/A;N/A;Usado;Gris;N/A;Hidráulica;4x4;N/A;N/A;N/A;N/A;N/A;N/A;N/A;N/A;N/A;N/A;N/A;N/A;N/A;N/A;N/A;N/A;N/A;N/A;N/A;N/A;N/A;N/A;N/A;N/A;N/A;N/A;N/A;N/A;N/A;N/A;N/A;N/A;N/A;N/A;N/A;N/A;N/A;N/A;N/A;N/A;N/A;N/A;N/A;N/A;N/A;N/A;N/A;N/A;N/A;N/A;N/A;N/A;N/A;N/A;N/A;N/A;N/A;N/A;N/A;N/A;N/A;N/A;N/A;N/A;N/A;N/A;N/A;N/A;N/A;N/A;N/A;N/A;N/A;N/A;N/A;N/A;N/A;N/A;N/A;N/A;N/A;N/A;N/A;N/A;N/A;N/A;N/A;N/A;N/A;N/A;N/A;N/A;N/A;N/A;N/A;N/A;N/A;N/A;N/A;N/A;N/A;N/A;N/A;N/A;4;2500;Diésel;Manual;Pick-Up;"Autos y camionetas";N/A;N/A;N/A;N/A;N/A;N/A;N/A;N/A;Sí;N/A;N/A;N/A;N/A;N/A;N/A;N/A;N/A;N/A;N/A;N/A;N/A;N/A;N/A;N/A;N/A;N/A;N/A;N/A;N/A;N/A;N/A;N/A;N/A;N/A;N/A;N/A;N/A;N/A;N/A;N/A;N/A;N/A;N/A;N/A;N/A;N/A;N/A;N/A;N/A;N/A;N/A;N/A;N/A;N/A;N/A;N/A;N/A;N/A;N/A;N/A;N/A;N/A;N/A;N/A;N/A;N/A;N/A;N/A;N/A;N/A;N/A;N/A;N/A;N/A;N/A;N/A;N/A;N/A;N/A;N/A;N/A;N/A;N/A;N/A;N/A;N/A;N/A;N/A;N/A;N/A;N/A;N/A;N/A;N/A;N/A;N/A;N/A;N/A;N/A;N/A;N/A;N/A;N/A;N/A;N/A;N/A;N/A;N/A;N/A;N/A;N/A;N/A;N/A;N/A;N/A;N/A;N/A;N/A;N/A;N/A;N/A;N/A
Toyota;Hilux;"2.8 Cd Srv Tdi 177cv 4x4 At";2017;"258000 km";;SEBASTIANCHARLO;48000;;;;;Durazno;https://auto.mercadolibre.com.uy/MLU-701603956-toyota-hilux-28-cd-srv-tdi-177cv-4x4-at-_JM;N/A;;"Toyota Hilux 2.8 Cd Srv Tdi 177cv 4x4 At";usd;Sí;gold_premium;false;N/A;N/A;http://perfil.mercadolibre.com.uy/SEBASTIANCHARLO;active;N/A;N/A;Usado;Blanco;N/A;Hidráulica;4x4;Sí;N/A;Sí;N/A;N/A;N/A;N/A;N/A;N/A;N/A;N/A;N/A;N/A;N/A;N/A;N/A;N/A;N/A;N/A;N/A;N/A;N/A;N/A;N/A;N/A;"2860 mm";"2.8 L";"80 L";N/A;N/A;N/A;N/A;N/A;N/A;N/A;N/A;N/A;N/A;N/A;N/A;N/A;N/A;N/A;N/A;N/A;N/A;N/A;N/A;N/A;N/A;N/A;N/A;N/A;N/A;N/A;N/A;N/A;N/A;N/A;N/A;N/A;N/A;N/A;N/A;N/A;N/A;N/A;N/A;N/A;N/A;N/A;N/A;N/A;N/A;"1850 mm";"5260 mm";N/A;N/A;N/A;N/A;5;"177 hp";Srv;N/A;2;"1855 mm";N/A;Sí;N/A;N/A;N/A;N/A;N/A;N/A;N/A;N/A;N/A;N/A;N/A;N/A;N/A;N/A;N/A;N/A;4;2.8;Diésel;Automática;Pick-Up;"Autos y camionetas";N/A;N/A;N/A;N/A;N/A;N/A;UY;N/A;N/A;N/A;N/A;N/A;N/A;N/A;N/A;N/A;N/A;N/A;N/A;N/A;N/A;N/A;N/A;N/A;N/A;N/A;N/A;N/A;N/A;N/A;N/A;N/A;N/A;N/A;N/A;N/A;N/A;N/A;N/A;N/A;N/A;N/A;N/A;N/A;N/A;N/A;N/A;N/A;N/A;N/A;N/A;N/A;N/A;N/A;N/A;N/A;N/A;N/A;N/A;N/A;N/A;N/A;N/A;N/A;N/A;N/A;N/A;N/A;N/A;N/A;N/A;N/A;N/A;N/A;N/A;N/A;N/A;N/A;N/A;N/A;N/A;N/A;N/A;N/A;N/A;N/A;N/A;N/A;N/A;N/A;N/A;N/A;N/A;N/A;N/A;N/A;N/A;N/A;N/A;N/A;N/A;N/A;N/A;N/A;N/A;N/A;N/A;N/A;N/A;N/A;N/A;N/A;Sí;N/A;Sí;N/A;N/A;N/A;Sí;Sí;N/A;N/A
Toyota;Hilux;2.7;2010;"161000 km";;FP20240923192313;16500;;;;;Gerona;https://auto.mercadolibre.com.uy/MLU-646302523-toyota-hilux-27-_JM;N/A;;"Toyota Hilux 2.7";USD;Sí;gold_premium;false;N/A;N/A;http://perfil.mercadolibre.com.uy/FP20240923192313;active;N/A;N/A;Usado;N/A;N/A;N/A;N/A;N/A;N/A;N/A;N/A;N/A;N/A;N/A;N/A;N/A;N/A;N/A;N/A;N/A;N/A;N/A;N/A;N/A;N/A;N/A;N/A;N/A;N/A;N/A;N/A;N/A;N/A;N/A;N/A;N/A;N/A;N/A;N/A;N/A;N/A;N/A;N/A;N/A;N/A;N/A;N/A;N/A;N/A;N/A;N/A;N/A;N/A;N/A;N/A;N/A;N/A;N/A;N/A;N/A;N/A;N/A;N/A;N/A;N/A;N/A;N/A;N/A;N/A;N/A;N/A;N/A;N/A;N/A;N/A;N/A;N/A;N/A;N/A;N/A;N/A;N/A;N/A;N/A;N/A;N/A;N/A;N/A;N/A;N/A;N/A;N/A;N/A;N/A;N/A;N/A;N/A;N/A;N/A;N/A;N/A;N/A;N/A;N/A;N/A;N/A;N/A;N/A;N/A;N/A;N/A;4;N/A;Nafta;N/A;N/A;"Autos y camionetas";N/A;N/A;N/A;N/A;N/A;N/A;N/A;N/A;N/A;N/A;N/A;N/A;N/A;N/A;N/A;N/A;N/A;N/A;N/A;N/A;N/A;N/A;N/A;N/A;N/A;N/A;N/A;N/A;N/A;N/A;N/A;N/A;N/A;N/A;N/A;N/A;N/A;N/A;N/A;N/A;N/A;N/A;N/A;N/A;N/A;N/A;N/A;N/A;N/A;N/A;N/A;N/A;N/A;N/A;N/A;N/A;N/A;N/A;N/A;N/A;N/A;N/A;N/A;N/A;N/A;N/A;N/A;N/A;N/A;N/A;N/A;N/A;N/A;N/A;N/A;N/A;N/A;N/A;N/A;N/A;N/A;N/A;N/A;N/A;N/A;N/A;N/A;N/A;N/A;N/A;N/A;N/A;N/A;N/A;N/A;N/A;N/A;N/A;N/A;N/A;N/A;N/A;N/A;N/A;N/A;N/A;N/A;N/A;N/A;N/A;N/A;N/A;N/A;N/A;N/A;N/A;N/A;N/A;N/A;N/A;N/A;N/A
Toyota;RAV4;"2.4 4x2 At";2010;"168000 km";;ALVARODANIEL2012;12900;;;;;Carrasco;https://auto.mercadolibre.com.uy/MLU-645815019-toyota-rav4-2010-24-4x2-at-_JM;N/A;;"Toyota Rav4 2010 2.4 4x2 At";usd;Sí;gold_premium;false;N/A;N/A;http://perfil.mercadolibre.com.uy/ALVARODANIEL2012;active;N/A;N/A;Usado;N/A;N/A;Asistida;4x2;Sí;N/A;Sí;N/A;N/A;N/A;N/A;N/A;N/A;N/A;N/A;N/A;N/A;N/A;N/A;N/A;N/A;N/A;N/A;N/A;N/A;N/A;N/A;N/A;N/A;"2660 mm";"2.4 L";"60 L";4;N/A;N/A;N/A;N/A;N/A;N/A;N/A;N/A;N/A;Sí;N/A;N/A;N/A;N/A;N/A;N/A;N/A;N/A;N/A;N/A;N/A;N/A;N/A;N/A;N/A;N/A;N/A;N/A;N/A;N/A;N/A;N/A;N/A;Sí;Sí;N/A;N/A;N/A;N/A;N/A;N/A;N/A;N/A;N/A;N/A;"1685 mm";"4625 mm";N/A;N/A;N/A;N/A;5;"170 hp";N/A;N/A;4;"1815 mm";N/A;N/A;N/A;N/A;Sí;N/A;N/A;N/A;N/A;N/A;N/A;N/A;N/A;N/A;N/A;N/A;N/A;N/A;5;2.4;Nafta;Automática;SUV;"Autos y camionetas";N/A;N/A;N/A;N/A;N/A;N/A;UY;N/A;N/A;N/A;N/A;N/A;N/A;N/A;N/A;N/A;N/A;N/A;N/A;N/A;N/A;N/A;N/A;N/A;N/A;N/A;N/A;N/A;N/A;N/A;N/A;N/A;N/A;N/A;N/A;N/A;N/A;N/A;N/A;N/A;N/A;N/A;N/A;N/A;N/A;N/A;N/A;N/A;N/A;N/A;N/A;N/A;N/A;N/A;N/A;N/A;N/A;N/A;N/A;N/A;N/A;N/A;N/A;N/A;N/A;N/A;N/A;N/A;N/A;N/A;N/A;N/A;N/A;N/A;N/A;N/A;N/A;N/A;N/A;N/A;N/A;N/A;N/A;N/A;N/A;N/A;N/A;N/A;N/A;N/A;N/A;N/A;N/A;N/A;N/A;N/A;N/A;N/A;N/A;N/A;N/A;N/A;N/A;N/A;N/A;N/A;N/A;N/A;N/A;N/A;N/A;N/A;N/A;N/A;Sí;N/A;N/A;N/A;N/A;Sí;N/A;N/A
Toyota;Hilux;"3.0 Cd Srv Tdi 171cv 4x2 - B3";2016;"180000 km";;OO20241009121812;42900;;;;;Maroñas;https://auto.mercadolibre.com.uy/MLU-645544161-toyota-hilux-2016-30-cd-srv-tdi-171cv-4x2-b3-_JM;N/A;;"Toyota Hilux 2016 3.0 Cd Srv Tdi 171cv 4x2 - B3";usd;Sí;gold_premium;false;N/A;N/A;http://perfil.mercadolibre.com.uy/OO20241009121812;active;N/A;N/A;Usado;Rojo;N/A;Hidráulica;4x2;Sí;N/A;Sí;N/A;N/A;N/A;N/A;N/A;N/A;N/A;N/A;N/A;N/A;N/A;N/A;N/A;N/A;N/A;N/A;N/A;N/A;N/A;N/A;N/A;N/A;"2860 mm";"3 L";"80 L";5;N/A;N/A;N/A;N/A;N/A;N/A;N/A;N/A;N/A;N/A;N/A;N/A;N/A;N/A;N/A;N/A;N/A;N/A;N/A;N/A;N/A;N/A;N/A;N/A;N/A;N/A;N/A;N/A;N/A;N/A;N/A;N/A;N/A;N/A;N/A;N/A;N/A;N/A;N/A;N/A;N/A;N/A;N/A;N/A;N/A;"1860 mm";"5260 mm";N/A;N/A;N/A;N/A;5;"171 hp";Srv;N/A;4;"1855 mm";N/A;Sí;N/A;N/A;N/A;N/A;N/A;N/A;N/A;N/A;N/A;N/A;N/A;N/A;N/A;N/A;N/A;"24 hrs";4;3.0;Diésel;Manual;Pick-Up;"Autos y camionetas";N/A;N/A;N/A;N/A;N/A;N/A;UY;N/A;N/A;N/A;N/A;N/A;N/A;N/A;N/A;N/A;N/A;N/A;N/A;N/A;N/A;N/A;N/A;N/A;N/A;N/A;N/A;N/A;N/A;N/A;N/A;N/A;N/A;N/A;N/A;N/A;N/A;N/A;N/A;N/A;N/A;N/A;N/A;N/A;N/A;N/A;N/A;N/A;N/A;N/A;N/A;N/A;N/A;N/A;N/A;N/A;N/A;N/A;N/A;N/A;N/A;N/A;N/A;N/A;N/A;N/A;N/A;N/A;N/A;N/A;N/A;N/A;N/A;N/A;N/A;N/A;N/A;N/A;N/A;N/A;N/A;N/A;N/A;N/A;N/A;N/A;N/A;N/A;N/A;N/A;N/A;N/A;N/A;N/A;N/A;N/A;N/A;N/A;N/A;N/A;N/A;N/A;N/A;N/A;N/A;N/A;N/A;N/A;N/A;N/A;N/A;N/A;Sí;N/A;Sí;N/A;N/A;N/A;Sí;Sí;N/A;N/A
Toyota;Tacoma;"4.0 V6 xspX 4x4 at";2013;"150000 km";;PIANOGUEIRA;44000;;;;;Buceo;https://auto.mercadolibre.com.uy/MLU-701630056-toyota-tacoma-40-v6-xspx-4x4-at-_JM;N/A;;"Toyota Tacoma 4.0 V6 Xspx 4x4 At";usd;Sí;gold_premium;false;N/A;N/A;http://perfil.mercadolibre.com.uy/PIANOGUEIRA;active;N/A;N/A;Usado;Gris;N/A;Hidráulica;4x4;Sí;Sí;N/A;N/A;N/A;N/A;N/A;N/A;Sí;N/A;N/A;Sí;Sí;N/A;N/A;N/A;N/A;N/A;N/A;N/A;N/A;N/A;N/A;N/A;N/A;N/A;"4 L";N/A;N/A;N/A;N/A;N/A;N/A;N/A;N/A;N/A;N/A;N/A;N/A;N/A;N/A;N/A;N/A;N/A;N/A;N/A;N/A;N/A;N/A;N/A;N/A;N/A;N/A;N/A;N/A;N/A;N/A;N/A;N/A;N/A;N/A;N/A;N/A;N/A;N/A;N/A;N/A;N/A;N/A;N/A;N/A;N/A;N/A;N/A;N/A;N/A;N/A;N/A;N/A;N/A;N/A;N/A;Sport;N/A;N/A;N/A;N/A;N/A;N/A;N/A;Sí;N/A;N/A;Sí;N/A;N/A;N/A;N/A;N/A;Sí;N/A;N/A;N/A;N/A;4;4.0;Nafta;Automática;Pick-Up;"Autos y camionetas";N/A;N/A;N/A;N/A;N/A;N/A;UY;N/A;N/A;N/A;N/A;N/A;N/A;N/A;N/A;N/A;N/A;N/A;N/A;N/A;N/A;N/A;N/A;N/A;Sí;N/A;N/A;N/A;N/A;N/A;N/A;N/A;N/A;N/A;N/A;N/A;N/A;N/A;N/A;N/A;N/A;N/A;N/A;N/A;N/A;N/A;N/A;N/A;N/A;N/A;N/A;N/A;N/A;N/A;N/A;N/A;N/A;N/A;N/A;N/A;N/A;N/A;N/A;N/A;N/A;N/A;N/A;N/A;N/A;N/A;N/A;N/A;N/A;N/A;N/A;N/A;N/A;N/A;N/A;N/A;N/A;N/A;N/A;N/A;N/A;N/A;N/A;N/A;N/A;N/A;N/A;N/A;N/A;N/A;N/A;N/A;Sí;Sí;Sí;N/A;Sí;N/A;N/A;N/A;N/A;Sí;N/A;N/A;N/A;N/A;N/A;N/A;Sí;Sí;Sí;Sí;Sí;Sí;Sí;Sí;N/A;Sí
Toyota;Hilux;"2.7 D.cab. Srv 4x4";2024;"15000 km";;ALWI8838195;42000;;;;;Aguada;https://auto.mercadolibre.com.uy/MLU-698336036-toyota-hilux-2024-27-dcab-srv-4x4-_JM;N/A;;"Toyota Hilux 2024 2.7 D.cab. Srv 4x4";usd;Sí;gold_premium;false;N/A;N/A;http://perfil.mercadolibre.com.uy/ALWI8838195;active;N/A;N/A;Usado;N/A;N/A;Hidráulica;4x4;Sí;N/A;Sí;N/A;N/A;N/A;N/A;N/A;N/A;N/A;N/A;N/A;N/A;N/A;N/A;N/A;N/A;N/A;N/A;N/A;N/A;N/A;N/A;N/A;N/A;"2860 mm";"2.7 L";"80 L";5;N/A;N/A;N/A;N/A;N/A;N/A;N/A;N/A;N/A;Sí;N/A;N/A;N/A;N/A;N/A;N/A;N/A;N/A;N/A;N/A;N/A;N/A;N/A;N/A;N/A;N/A;N/A;N/A;N/A;N/A;N/A;N/A;N/A;Sí;N/A;N/A;N/A;N/A;N/A;N/A;N/A;N/A;N/A;N/A;N/A;"1850 mm";"5260 mm";N/A;N/A;N/A;N/A;5;"177 hp";Srv;N/A;2;"1855 mm";N/A;Sí;N/A;N/A;N/A;N/A;N/A;N/A;N/A;N/A;N/A;N/A;N/A;N/A;N/A;N/A;N/A;N/A;4;2.7;Nafta;Manual;Pick-Up;"Autos y camionetas";N/A;N/A;N/A;N/A;N/A;N/A;UY;N/A;N/A;N/A;N/A;N/A;N/A;N/A;N/A;N/A;N/A;N/A;N/A;N/A;N/A;N/A;N/A;N/A;N/A;N/A;N/A;N/A;N/A;N/A;N/A;N/A;N/A;N/A;N/A;N/A;N/A;N/A;N/A;N/A;N/A;N/A;N/A;N/A;N/A;N/A;N/A;N/A;N/A;N/A;N/A;N/A;N/A;N/A;N/A;N/A;N/A;N/A;N/A;N/A;N/A;N/A;N/A;N/A;N/A;N/A;N/A;N/A;N/A;N/A;N/A;N/A;N/A;N/A;N/A;N/A;N/A;N/A;N/A;N/A;N/A;N/A;N/A;N/A;N/A;N/A;N/A;N/A;N/A;N/A;N/A;N/A;N/A;N/A;N/A;N/A;N/A;N/A;N/A;N/A;N/A;N/A;N/A;N/A;N/A;N/A;N/A;N/A;N/A;N/A;N/A;N/A;Sí;N/A;Sí;N/A;N/A;N/A;Sí;Sí;N/A;N/A
Toyota;Etios;"1.5 Sedan X";2018;"100300 km";;PIRIOPOLIS10;12300;;;;;"Barra de Carrasco";https://auto.mercadolibre.com.uy/MLU-699404772-toyota-_JM;N/A;;"Toyota ";usd;Sí;gold_premium;false;N/A;N/A;http://perfil.mercadolibre.com.uy/PIRIOPOLIS10;active;N/A;N/A;Usado;Gris;N/A;Eléctrica;Delantera;Sí;N/A;N/A;N/A;N/A;N/A;N/A;N/A;N/A;N/A;N/A;N/A;N/A;N/A;N/A;N/A;N/A;N/A;N/A;N/A;N/A;N/A;N/A;N/A;N/A;"2460 mm";"1.5 L";"45 L";5;N/A;N/A;N/A;N/A;N/A;N/A;N/A;N/A;N/A;N/A;N/A;N/A;N/A;N/A;N/A;N/A;N/A;N/A;N/A;N/A;N/A;N/A;N/A;N/A;N/A;N/A;N/A;N/A;N/A;N/A;N/A;N/A;N/A;N/A;N/A;N/A;N/A;N/A;N/A;N/A;N/A;N/A;N/A;N/A;N/A;"1510 mm";"4265 mm";N/A;N/A;N/A;N/A;5;"90 hp";X;N/A;4;"1695 mm";"13.8 km/l";N/A;N/A;N/A;N/A;N/A;N/A;N/A;N/A;N/A;N/A;"12.4 km/l";N/A;N/A;N/A;N/A;N/A;N/A;4;1.5;Nafta;Manual;Sedán;"Autos y camionetas";N/A;N/A;N/A;N/A;N/A;N/A;UY;N/A;N/A;N/A;N/A;N/A;N/A;N/A;N/A;N/A;N/A;N/A;N/A;N/A;N/A;N/A;N/A;N/A;N/A;N/A;N/A;N/A;N/A;N/A;N/A;N/A;N/A;N/A;N/A;N/A;N/A;N/A;N/A;N/A;N/A;N/A;N/A;N/A;N/A;N/A;N/A;N/A;N/A;N/A;N/A;N/A;N/A;N/A;N/A;N/A;N/A;N/A;N/A;N/A;N/A;N/A;N/A;N/A;N/A;N/A;N/A;N/A;N/A;N/A;N/A;N/A;N/A;N/A;N/A;N/A;N/A;N/A;N/A;N/A;N/A;N/A;N/A;N/A;N/A;N/A;N/A;N/A;N/A;N/A;N/A;N/A;N/A;N/A;N/A;N/A;N/A;N/A;N/A;N/A;N/A;N/A;N/A;N/A;N/A;N/A;N/A;N/A;N/A;N/A;N/A;N/A;N/A;N/A;Sí;N/A;N/A;N/A;N/A;Sí;N/A;N/A
Toyota;Hilux;"3.0 SRV 4x4 Diésel";2017;"270000 km";;FESA5812894;42500;;;;;"Lomas de Solymar";https://auto.mercadolibre.com.uy/MLU-701525194-toyota-hilux-30-srv-4x4-diesel-_JM;N/A;;"Toyota Hilux 3.0 Srv 4x4 Diésel";USD;Sí;gold_premium;false;N/A;N/A;http://perfil.mercadolibre.com.uy/FESA5812894;active;N/A;N/A;Usado;N/A;N/A;N/A;N/A;N/A;N/A;N/A;N/A;N/A;N/A;N/A;N/A;N/A;N/A;N/A;N/A;N/A;N/A;N/A;N/A;N/A;N/A;N/A;N/A;N/A;N/A;N/A;N/A;N/A;N/A;N/A;N/A;N/A;N/A;N/A;N/A;N/A;N/A;N/A;N/A;N/A;N/A;N/A;N/A;N/A;N/A;N/A;N/A;N/A;N/A;N/A;N/A;N/A;N/A;N/A;N/A;N/A;N/A;N/A;N/A;N/A;N/A;N/A;N/A;N/A;N/A;N/A;N/A;N/A;N/A;N/A;N/A;N/A;N/A;N/A;N/A;N/A;N/A;N/A;N/A;N/A;N/A;N/A;N/A;N/A;N/A;N/A;N/A;N/A;N/A;N/A;N/A;N/A;N/A;N/A;N/A;N/A;N/A;N/A;N/A;N/A;N/A;N/A;N/A;N/A;N/A;N/A;N/A;4;N/A;Diésel;N/A;N/A;"Autos y camionetas";N/A;N/A;N/A;N/A;N/A;N/A;N/A;N/A;N/A;N/A;N/A;N/A;N/A;N/A;N/A;N/A;N/A;N/A;N/A;N/A;N/A;N/A;N/A;N/A;N/A;N/A;N/A;N/A;N/A;N/A;N/A;N/A;N/A;N/A;N/A;N/A;N/A;N/A;N/A;N/A;N/A;N/A;N/A;N/A;N/A;N/A;N/A;N/A;N/A;N/A;N/A;N/A;N/A;N/A;N/A;N/A;N/A;N/A;N/A;N/A;N/A;N/A;N/A;N/A;N/A;N/A;N/A;N/A;N/A;N/A;N/A;N/A;N/A;N/A;N/A;N/A;N/A;N/A;N/A;N/A;N/A;N/A;N/A;N/A;N/A;N/A;N/A;N/A;N/A;N/A;N/A;N/A;N/A;N/A;N/A;N/A;N/A;N/A;N/A;N/A;N/A;N/A;N/A;N/A;N/A;N/A;N/A;N/A;N/A;N/A;N/A;N/A;N/A;N/A;N/A;N/A;N/A;N/A;N/A;N/A;N/A;N/A
Toyota;Starlet;"5 speed";1998;"111111 km";;CHELONGO88;2500;;;;;"Bella Vista";https://auto.mercadolibre.com.uy/MLU-700722380-toyota-starlet-1981-_JM;N/A;;"Toyota Starlet 1981";USD;No;gold_premium;false;N/A;N/A;http://perfil.mercadolibre.com.uy/CHELONGO88;active;N/A;N/A;Usado;Celeste;No;Mecánica;Delantera;No;No;N/A;N/A;N/A;No;N/A;N/A;No;N/A;N/A;No;No;N/A;No;N/A;N/A;N/A;N/A;N/A;N/A;N/A;N/A;N/A;N/A;N/A;N/A;N/A;N/A;N/A;N/A;N/A;N/A;N/A;No;N/A;N/A;N/A;N/A;N/A;N/A;N/A;N/A;N/A;N/A;N/A;N/A;N/A;N/A;N/A;N/A;N/A;N/A;N/A;N/A;N/A;N/A;N/A;No;N/A;N/A;N/A;N/A;N/A;N/A;N/A;N/A;N/A;N/A;N/A;N/A;N/A;N/A;N/A;N/A;N/A;N/A;N/A;N/A;N/A;N/A;N/A;N/A;N/A;N/A;N/A;N/A;No;N/A;No;No;N/A;Sí;No;N/A;No;N/A;N/A;Sí;Sí;N/A;N/A;No;N/A;5;N/A;Nafta;Manual;Hatchback;"Autos y camionetas";No;N/A;N/A;N/A;Sí;N/A;N/A;N/A;No;N/A;No;N/A;N/A;N/A;N/A;N/A;N/A;N/A;N/A;N/A;N/A;N/A;N/A;N/A;No;N/A;N/A;N/A;N/A;N/A;N/A;N/A;N/A;N/A;N/A;N/A;N/A;N/A;N/A;N/A;N/A;N/A;N/A;No;N/A;N/A;N/A;N/A;N/A;N/A;N/A;N/A;N/A;N/A;N/A;N/A;N/A;N/A;N/A;N/A;N/A;No;No;N/A;N/A;N/A;N/A;N/A;N/A;N/A;N/A;N/A;N/A;N/A;N/A;N/A;N/A;N/A;N/A;N/A;N/A;N/A;N/A;N/A;N/A;N/A;N/A;N/A;N/A;N/A;N/A;N/A;N/A;N/A;N/A;No;No;No;No;N/A;No;N/A;N/A;N/A;N/A;No;No;No;Sí;N/A;N/A;No;No;No;Sí;No;No;N/A;No;No;N/A;No
Toyota;Corolla;1600;2008;"202873 km";;CARPERUSADOS2;10990;;;;;Larrañaga;https://auto.mercadolibre.com.uy/MLU-694726092-toyota-corolla-sedan-16-c65081-_JM;N/A;;"Toyota Corolla Sedan 1.6 C/65081";USD;Sí;gold_premium;false;N/A;N/A;http://perfil.mercadolibre.com.uy/CARPERUSADOS2;active;N/A;N/A;Usado;Amarillo;N/A;Hidráulica;N/A;N/A;N/A;N/A;N/A;N/A;N/A;N/A;N/A;N/A;N/A;N/A;N/A;N/A;N/A;N/A;N/A;N/A;N/A;N/A;N/A;N/A;N/A;N/A;N/A;N/A;N/A;N/A;N/A;N/A;N/A;N/A;N/A;N/A;N/A;N/A;N/A;N/A;N/A;N/A;N/A;N/A;N/A;N/A;N/A;N/A;N/A;N/A;N/A;N/A;N/A;N/A;N/A;N/A;N/A;N/A;N/A;N/A;N/A;N/A;N/A;N/A;N/A;N/A;N/A;N/A;N/A;N/A;N/A;N/A;N/A;N/A;N/A;N/A;N/A;N/A;N/A;N/A;N/A;N/A;N/A;N/A;N/A;N/A;N/A;N/A;N/A;N/A;N/A;N/A;N/A;N/A;N/A;N/A;N/A;N/A;N/A;N/A;N/A;N/A;N/A;N/A;N/A;N/A;N/A;4;1600;Nafta;Manual;Sedán;"Autos y camionetas";N/A;N/A;N/A;N/A;N/A;N/A;N/A;N/A;Sí;N/A;N/A;N/A;N/A;N/A;N/A;N/A;N/A;N/A;N/A;N/A;N/A;N/A;N/A;N/A;N/A;N/A;N/A;N/A;N/A;N/A;N/A;N/A;N/A;N/A;N/A;N/A;N/A;N/A;N/A;N/A;N/A;N/A;N/A;N/A;N/A;N/A;N/A;N/A;N/A;N/A;N/A;N/A;N/A;N/A;N/A;N/A;N/A;N/A;N/A;N/A;N/A;N/A;N/A;N/A;N/A;N/A;N/A;N/A;N/A;N/A;N/A;N/A;N/A;N/A;N/A;N/A;N/A;N/A;N/A;N/A;N/A;N/A;N/A;N/A;N/A;N/A;N/A;N/A;N/A;N/A;N/A;N/A;N/A;N/A;N/A;N/A;N/A;N/A;N/A;N/A;N/A;N/A;N/A;N/A;N/A;N/A;N/A;N/A;N/A;N/A;N/A;N/A;N/A;N/A;N/A;N/A;N/A;N/A;N/A;N/A;N/A;N/A
Toyota;Hilux;"2.8 D/cab 4x4 Srv";2019;"71700 km";;ARQUIMATIMENO;59000;;;;;Salto;https://auto.mercadolibre.com.uy/MLU-700481112-toyota-hilux-srv-plus-4x4-2019-at-unica-71600km-reales-_JM;N/A;;"Toyota Hilux Srv Plus 4x4 2019 At (única 71600km Reales)";usd;Sí;gold_premium;false;N/A;N/A;http://perfil.mercadolibre.com.uy/ARQUIMATIMENO;active;N/A;N/A;Usado;Plateado;Sí;N/A;4x4;Sí;Sí;N/A;N/A;N/A;N/A;N/A;N/A;Sí;N/A;N/A;Sí;Sí;N/A;N/A;N/A;N/A;N/A;N/A;N/A;N/A;N/A;N/A;N/A;N/A;"2860 mm";"2.8 L";"65 L";5;N/A;N/A;N/A;N/A;N/A;Sí;N/A;N/A;N/A;N/A;N/A;N/A;N/A;N/A;N/A;N/A;N/A;N/A;N/A;N/A;N/A;N/A;N/A;N/A;N/A;N/A;N/A;N/A;N/A;N/A;N/A;N/A;N/A;N/A;N/A;N/A;N/A;N/A;N/A;N/A;N/A;N/A;N/A;N/A;N/A;"1805 mm";"4850 mm";N/A;N/A;N/A;N/A;5;"177 hp";Srv;N/A;2;"1630 mm";N/A;N/A;N/A;Sí;Sí;N/A;N/A;Sí;N/A;N/A;N/A;N/A;Sí;N/A;N/A;N/A;N/A;"SOLO MENSAJES";4;2.8;Diésel;Manual;Pick-Up;"Autos y camionetas";N/A;N/A;N/A;N/A;N/A;N/A;UY;N/A;No;N/A;N/A;N/A;N/A;N/A;N/A;N/A;N/A;N/A;N/A;N/A;N/A;N/A;N/A;N/A;Sí;N/A;N/A;N/A;N/A;N/A;N/A;N/A;N/A;N/A;N/A;N/A;N/A;N/A;N/A;N/A;N/A;N/A;N/A;N/A;N/A;N/A;N/A;N/A;N/A;N/A;N/A;N/A;N/A;N/A;N/A;N/A;N/A;N/A;N/A;N/A;N/A;N/A;Sí;N/A;N/A;N/A;N/A;N/A;N/A;N/A;N/A;N/A;N/A;N/A;N/A;N/A;N/A;N/A;N/A;N/A;N/A;N/A;N/A;N/A;N/A;N/A;N/A;N/A;N/A;N/A;N/A;N/A;N/A;N/A;N/A;N/A;Sí;Sí;Sí;N/A;Sí;N/A;N/A;N/A;N/A;Sí;N/A;Sí;Sí;N/A;N/A;Sí;Sí;Sí;Sí;Sí;Sí;Sí;N/A;Sí;N/A;Sí
Toyota;Corolla;"1.8 Se-g Cvt 140cv";2016;"150000 km";;GERONA110;19800;;;;;"Pan de Azúcar";https://auto.mercadolibre.com.uy/MLU-646986851-toyota-corolla-_JM;N/A;;"Toyota Corolla";usd;Sí;gold_premium;false;N/A;N/A;http://perfil.mercadolibre.com.uy/GERONA110;active;N/A;N/A;Usado;Rojo;N/A;Eléctrica;Delantera;Sí;N/A;N/A;N/A;N/A;N/A;N/A;N/A;N/A;N/A;N/A;N/A;N/A;N/A;N/A;N/A;N/A;N/A;N/A;N/A;N/A;N/A;N/A;N/A;N/A;"2700 mm";"1.8 L";"57 L";7;N/A;N/A;N/A;N/A;N/A;N/A;N/A;N/A;N/A;N/A;N/A;N/A;N/A;N/A;N/A;N/A;N/A;N/A;N/A;N/A;N/A;N/A;N/A;N/A;N/A;N/A;N/A;N/A;N/A;N/A;N/A;N/A;N/A;N/A;N/A;N/A;N/A;N/A;N/A;N/A;N/A;N/A;N/A;N/A;N/A;"1460 mm";"4620 mm";N/A;N/A;N/A;N/A;5;"140 hp";Se-g;N/A;4;"1775 mm";"13.5 km/l";Sí;N/A;N/A;N/A;N/A;N/A;N/A;N/A;N/A;N/A;N/A;N/A;N/A;N/A;N/A;N/A;N/A;4;1.8;Nafta;Automática;Sedán;"Autos y camionetas";N/A;N/A;N/A;N/A;N/A;N/A;UY;N/A;N/A;N/A;N/A;N/A;N/A;N/A;N/A;N/A;N/A;N/A;N/A;N/A;N/A;N/A;N/A;N/A;N/A;N/A;N/A;N/A;N/A;N/A;N/A;N/A;N/A;N/A;N/A;N/A;N/A;N/A;N/A;N/A;N/A;N/A;N/A;N/A;N/A;N/A;N/A;N/A;N/A;N/A;N/A;N/A;N/A;N/A;N/A;N/A;N/A;N/A;N/A;N/A;N/A;N/A;N/A;N/A;N/A;N/A;N/A;N/A;N/A;N/A;N/A;N/A;N/A;N/A;N/A;N/A;N/A;N/A;N/A;N/A;N/A;N/A;N/A;N/A;N/A;N/A;N/A;N/A;N/A;N/A;N/A;N/A;N/A;N/A;N/A;N/A;N/A;N/A;N/A;N/A;N/A;N/A;N/A;N/A;N/A;N/A;N/A;N/A;N/A;N/A;N/A;N/A;N/A;N/A;Sí;N/A;N/A;Sí;Sí;N/A;N/A;N/A
Toyota;Hilux;"2.4 D/cab 4x2 D";1995;"439471 km";;GONADMA;13400;;;;;Buceo;https://auto.mercadolibre.com.uy/MLU-698391502-toyota-hilux-diesel-1996-_JM;N/A;;"Toyota Hilux Diesel 1996";usd;No;gold_premium;false;N/A;N/A;http://perfil.mercadolibre.com.uy/GONADMA;active;N/A;N/A;Usado;Gris;N/A;N/A;4x2;Sí;N/A;N/A;N/A;N/A;N/A;N/A;N/A;N/A;N/A;N/A;N/A;N/A;N/A;N/A;N/A;N/A;N/A;N/A;N/A;N/A;N/A;N/A;N/A;N/A;"3085 mm";"2.4 L";"80 L";5;N/A;N/A;N/A;N/A;N/A;N/A;N/A;N/A;N/A;N/A;N/A;N/A;N/A;N/A;N/A;N/A;N/A;N/A;N/A;N/A;N/A;N/A;N/A;N/A;N/A;N/A;N/A;N/A;N/A;N/A;N/A;N/A;N/A;N/A;N/A;N/A;N/A;N/A;N/A;N/A;N/A;N/A;N/A;N/A;N/A;"1860 mm";"5260 mm";N/A;N/A;N/A;N/A;5;"150 hp";N/A;N/A;4;"1835 mm";"8.2 km/l";N/A;N/A;N/A;N/A;N/A;N/A;N/A;N/A;N/A;N/A;"6.3 km/l";N/A;N/A;N/A;N/A;N/A;N/A;4;2.4;Diésel;Manual;Pick-Up;"Autos y camionetas";N/A;N/A;N/A;N/A;N/A;N/A;UY;N/A;N/A;N/A;N/A;N/A;N/A;N/A;N/A;N/A;N/A;N/A;N/A;N/A;N/A;N/A;N/A;N/A;N/A;N/A;N/A;N/A;N/A;N/A;N/A;N/A;N/A;N/A;N/A;N/A;N/A;N/A;N/A;N/A;N/A;N/A;N/A;N/A;N/A;N/A;N/A;N/A;N/A;N/A;N/A;N/A;N/A;N/A;N/A;N/A;N/A;N/A;N/A;N/A;N/A;N/A;N/A;N/A;N/A;N/A;N/A;N/A;N/A;N/A;N/A;N/A;N/A;N/A;N/A;N/A;N/A;N/A;N/A;N/A;N/A;N/A;N/A;N/A;N/A;N/A;N/A;N/A;N/A;N/A;N/A;N/A;N/A;N/A;N/A;N/A;N/A;N/A;N/A;N/A;N/A;N/A;N/A;N/A;N/A;N/A;N/A;N/A;N/A;N/A;N/A;N/A;N/A;N/A;N/A;N/A;N/A;N/A;N/A;N/A;N/A;N/A
Toyota;Camry;"2.4 At L4";2011;"200000 km";;ALESEN2008;23500;;;;;Maldonado;https://auto.mercadolibre.com.uy/MLU-699936458-toyota-camry-_JM;N/A;;"Toyota Camry";usd;Sí;gold_premium;false;N/A;N/A;http://perfil.mercadolibre.com.uy/ALESEN2008;active;N/A;N/A;Usado;Gris;N/A;Hidráulica;Delantera;Sí;Sí;Sí;N/A;N/A;N/A;N/A;N/A;Sí;Sí;N/A;N/A;N/A;N/A;N/A;N/A;N/A;N/A;N/A;N/A;N/A;N/A;N/A;N/A;N/A;"2775 mm";"2.4 L";"70 L";5;N/A;N/A;N/A;N/A;N/A;N/A;N/A;N/A;N/A;Sí;N/A;N/A;N/A;N/A;N/A;N/A;N/A;N/A;N/A;N/A;N/A;N/A;N/A;N/A;N/A;N/A;N/A;N/A;N/A;No;N/A;N/A;N/A;Sí;Sí;N/A;N/A;N/A;N/A;N/A;N/A;N/A;N/A;N/A;N/A;"1460 mm";"4805 mm";N/A;N/A;N/A;N/A;5;"167 hp";N/A;N/A;4;"1820 mm";N/A;Sí;N/A;N/A;Sí;N/A;Sí;Sí;N/A;Sí;N/A;N/A;N/A;No;N/A;N/A;N/A;N/A;4;2.4;Nafta;Automática;Sedán;"Autos y camionetas";N/A;N/A;N/A;N/A;N/A;N/A;UY;N/A;N/A;N/A;N/A;N/A;N/A;N/A;N/A;N/A;N/A;N/A;N/A;N/A;N/A;N/A;N/A;N/A;Sí;N/A;N/A;N/A;N/A;N/A;N/A;N/A;N/A;N/A;N/A;N/A;N/A;N/A;N/A;N/A;N/A;N/A;N/A;N/A;N/A;N/A;N/A;N/A;N/A;N/A;N/A;N/A;N/A;N/A;N/A;N/A;N/A;N/A;N/A;N/A;N/A;N/A;N/A;N/A;N/A;N/A;N/A;N/A;N/A;N/A;N/A;N/A;N/A;N/A;N/A;N/A;N/A;N/A;N/A;N/A;N/A;N/A;N/A;N/A;N/A;N/A;N/A;N/A;N/A;N/A;N/A;N/A;N/A;N/A;N/A;No;N/A;N/A;Sí;N/A;Sí;N/A;N/A;N/A;N/A;Sí;Sí;Sí;Sí;N/A;N/A;Sí;Sí;Sí;Sí;N/A;N/A;Sí;No;Sí;N/A;Sí
Toyota;Hilux;"3.0 srv2010";2010;"460000 km";;GONZALEZARNOLDO20230602100300;27000;;;;;Tacuarembó;https://auto.mercadolibre.com.uy/MLU-701537770-toyota-hilux-30-srv2010-_JM;N/A;;"Toyota Hilux 3.0 Srv2010";USD;Sí;gold_premium;false;N/A;N/A;http://perfil.mercadolibre.com.uy/GONZALEZARNOLDO20230602100300;active;N/A;N/A;Usado;N/A;N/A;N/A;N/A;N/A;N/A;N/A;N/A;N/A;N/A;N/A;N/A;N/A;N/A;N/A;N/A;N/A;N/A;N/A;N/A;N/A;N/A;N/A;N/A;N/A;N/A;N/A;N/A;N/A;N/A;N/A;N/A;N/A;N/A;N/A;N/A;N/A;N/A;N/A;N/A;N/A;N/A;N/A;N/A;N/A;N/A;N/A;N/A;N/A;N/A;N/A;N/A;N/A;N/A;N/A;N/A;N/A;N/A;N/A;N/A;N/A;N/A;N/A;N/A;N/A;N/A;N/A;N/A;N/A;N/A;N/A;N/A;N/A;N/A;N/A;N/A;N/A;N/A;N/A;N/A;N/A;N/A;N/A;N/A;N/A;N/A;N/A;N/A;N/A;N/A;N/A;N/A;N/A;N/A;N/A;N/A;N/A;N/A;N/A;N/A;N/A;N/A;N/A;N/A;N/A;N/A;N/A;N/A;4;N/A;Diésel;N/A;N/A;"Autos y camionetas";N/A;N/A;N/A;N/A;N/A;N/A;N/A;N/A;N/A;N/A;N/A;N/A;N/A;N/A;N/A;N/A;N/A;N/A;N/A;N/A;N/A;N/A;N/A;N/A;N/A;N/A;N/A;N/A;N/A;N/A;N/A;N/A;N/A;N/A;N/A;N/A;N/A;N/A;N/A;N/A;N/A;N/A;N/A;N/A;N/A;N/A;N/A;N/A;N/A;N/A;N/A;N/A;N/A;N/A;N/A;N/A;N/A;N/A;N/A;N/A;N/A;N/A;N/A;N/A;N/A;N/A;N/A;N/A;N/A;N/A;N/A;N/A;N/A;N/A;N/A;N/A;N/A;N/A;N/A;N/A;N/A;N/A;N/A;N/A;N/A;N/A;N/A;N/A;N/A;N/A;N/A;N/A;N/A;N/A;N/A;N/A;N/A;N/A;N/A;N/A;N/A;N/A;N/A;N/A;N/A;N/A;N/A;N/A;N/A;N/A;N/A;N/A;N/A;N/A;N/A;N/A;N/A;N/A;N/A;N/A;N/A;N/A
Toyota;Corolla;"2.0 Diésel";2009;"360000 km";;ELDURAZNERO;13000;;;;;Atahualpa;https://auto.mercadolibre.com.uy/MLU-646699905-toyota-corolla-2009-diesel-unico-dueno-_JM;N/A;;"Toyota Corolla 2009 Diesel Unico Dueño";USD;Sí;gold_premium;false;N/A;N/A;http://perfil.mercadolibre.com.uy/ELDURAZNERO;active;N/A;N/A;Usado;Blanco;Sí;Hidráulica;Delantera;Sí;Sí;N/A;N/A;N/A;No;N/A;N/A;Sí;N/A;N/A;No;Sí;N/A;No;N/A;N/A;N/A;N/A;N/A;N/A;N/A;N/A;N/A;N/A;N/A;N/A;N/A;N/A;N/A;N/A;N/A;N/A;N/A;Sí;N/A;N/A;N/A;N/A;N/A;N/A;N/A;N/A;N/A;N/A;N/A;N/A;N/A;N/A;N/A;N/A;N/A;N/A;N/A;N/A;N/A;N/A;N/A;No;N/A;N/A;N/A;N/A;N/A;N/A;N/A;N/A;N/A;N/A;N/A;N/A;N/A;N/A;N/A;N/A;N/A;N/A;N/A;N/A;N/A;N/A;N/A;N/A;N/A;N/A;N/A;N/A;No;N/A;Sí;Sí;N/A;Sí;No;N/A;No;N/A;N/A;No;Sí;N/A;N/A;Sí;"8 a 20 hs";5;2.0;Diésel;Manual;Sedán;"Autos y camionetas";Sí;N/A;N/A;N/A;No;N/A;N/A;N/A;No;N/A;Sí;N/A;N/A;N/A;N/A;N/A;N/A;N/A;N/A;N/A;N/A;N/A;N/A;N/A;No;N/A;N/A;N/A;N/A;N/A;N/A;N/A;N/A;N/A;N/A;N/A;N/A;N/A;N/A;N/A;N/A;N/A;N/A;No;N/A;N/A;N/A;N/A;N/A;N/A;N/A;N/A;N/A;N/A;N/A;N/A;N/A;N/A;N/A;N/A;N/A;No;Sí;N/A;N/A;N/A;N/A;N/A;N/A;N/A;N/A;N/A;N/A;N/A;N/A;N/A;N/A;N/A;N/A;N/A;N/A;N/A;N/A;N/A;N/A;N/A;N/A;N/A;N/A;N/A;N/A;N/A;N/A;N/A;N/A;No;Sí;Sí;Sí;N/A;Sí;N/A;N/A;N/A;N/A;Sí;Sí;Sí;Sí;N/A;N/A;Sí;Sí;No;Sí;Sí;Sí;Sí;No;Sí;N/A;Sí
Toyota;Hilux;Sr;2014;"265000 km";;OO20241009121812;27900;;;;;Maroñas;https://auto.mercadolibre.com.uy/MLU-698426914-toyota-hilux-sr-_JM;N/A;;"Toyota Hilux Sr";USD;Sí;gold_premium;false;N/A;N/A;http://perfil.mercadolibre.com.uy/OO20241009121812;active;N/A;N/A;Usado;Negro;N/A;Hidráulica;4x2;N/A;N/A;N/A;N/A;N/A;N/A;N/A;N/A;N/A;N/A;N/A;N/A;N/A;N/A;N/A;N/A;N/A;N/A;N/A;N/A;N/A;N/A;N/A;N/A;N/A;N/A;N/A;N/A;N/A;N/A;N/A;N/A;N/A;N/A;N/A;N/A;N/A;N/A;N/A;N/A;N/A;N/A;N/A;N/A;N/A;N/A;N/A;N/A;N/A;N/A;N/A;N/A;N/A;N/A;N/A;N/A;N/A;N/A;N/A;N/A;N/A;N/A;N/A;N/A;N/A;N/A;N/A;N/A;N/A;N/A;N/A;N/A;N/A;N/A;N/A;N/A;N/A;N/A;N/A;N/A;N/A;N/A;N/A;N/A;N/A;N/A;N/A;N/A;N/A;N/A;N/A;N/A;N/A;N/A;N/A;N/A;N/A;N/A;N/A;N/A;N/A;N/A;N/A;"24 hrs";4;"2.5 turbo diesel";Diésel;Manual;Pick-Up;"Autos y camionetas";N/A;N/A;N/A;N/A;N/A;N/A;N/A;N/A;N/A;N/A;N/A;N/A;N/A;N/A;N/A;N/A;N/A;N/A;N/A;N/A;N/A;N/A;N/A;N/A;N/A;N/A;N/A;N/A;N/A;N/A;N/A;N/A;N/A;N/A;N/A;N/A;N/A;N/A;N/A;N/A;N/A;N/A;N/A;N/A;N/A;N/A;N/A;N/A;N/A;N/A;N/A;N/A;N/A;N/A;N/A;N/A;N/A;N/A;N/A;N/A;N/A;N/A;N/A;N/A;N/A;N/A;N/A;N/A;N/A;N/A;N/A;N/A;N/A;N/A;N/A;N/A;N/A;N/A;N/A;N/A;N/A;N/A;N/A;N/A;N/A;N/A;N/A;N/A;N/A;N/A;N/A;N/A;N/A;N/A;N/A;N/A;N/A;N/A;N/A;N/A;N/A;N/A;N/A;N/A;N/A;N/A;N/A;N/A;N/A;N/A;N/A;N/A;N/A;N/A;N/A;N/A;N/A;N/A;N/A;N/A;N/A;N/A
Toyota;Hilux;"2.8 Tdi Cd Srv 4X4 At";2021;"60000 km";;HORA1975;58000;;;;;"El Pinar";https://auto.mercadolibre.com.uy/MLU-646747419-toyota-hilux-28-tdi-srv-4x4-at-_JM;N/A;;"Toyota Hilux 2.8 Tdi Srv 4x4 At";usd;Sí;gold_premium;false;N/A;N/A;http://perfil.mercadolibre.com.uy/HORA1975;active;N/A;N/A;Usado;Blanco;Sí;Hidráulica;4x4;Sí;Sí;Sí;N/A;N/A;No;N/A;N/A;N/A;N/A;N/A;Sí;Sí;N/A;N/A;N/A;N/A;N/A;N/A;N/A;N/A;N/A;N/A;N/A;N/A;"3085 mm";"2.8 L";"80 L";6;N/A;N/A;N/A;N/A;N/A;Sí;N/A;N/A;N/A;N/A;N/A;N/A;N/A;N/A;N/A;N/A;N/A;N/A;N/A;N/A;N/A;N/A;N/A;N/A;N/A;N/A;N/A;N/A;N/A;N/A;N/A;N/A;N/A;N/A;N/A;N/A;N/A;N/A;N/A;N/A;N/A;N/A;N/A;N/A;N/A;"1815 mm";"5325 mm";N/A;N/A;N/A;N/A;5;"204 hp";Srv;N/A;4;"1855 mm";N/A;N/A;N/A;Sí;Sí;N/A;N/A;Sí;N/A;N/A;N/A;N/A;No;N/A;N/A;N/A;N/A;N/A;4;2.8;Diésel;Automática;Pick-Up;"Autos y camionetas";N/A;N/A;N/A;N/A;N/A;N/A;UY;N/A;No;N/A;N/A;N/A;N/A;N/A;N/A;N/A;N/A;N/A;N/A;N/A;N/A;N/A;N/A;N/A;Sí;N/A;N/A;N/A;N/A;N/A;N/A;N/A;N/A;N/A;N/A;N/A;N/A;N/A;N/A;N/A;N/A;N/A;N/A;N/A;N/A;N/A;N/A;N/A;N/A;N/A;N/A;N/A;N/A;N/A;N/A;N/A;N/A;N/A;N/A;N/A;N/A;N/A;N/A;N/A;N/A;N/A;N/A;N/A;N/A;N/A;N/A;N/A;N/A;N/A;N/A;N/A;N/A;N/A;N/A;N/A;N/A;N/A;N/A;N/A;N/A;N/A;N/A;N/A;N/A;N/A;N/A;N/A;N/A;N/A;N/A;N/A;Sí;Sí;N/A;N/A;Sí;N/A;N/A;N/A;N/A;Sí;N/A;N/A;N/A;N/A;N/A;Sí;Sí;Sí;Sí;Sí;Sí;N/A;N/A;Sí;N/A;Sí
Toyota;Hilux;"3.0 Cd Sr Tdi 171cv 4x4 - C3";2016;"225000 km";;ALPACUNA;45000;;;;;Pocitos;https://auto.mercadolibre.com.uy/MLU-700775310-toyota-hilux-2016-30-cd-sr-tdi-171cv-4x4-c3-_JM;N/A;;"Toyota Hilux 2016 3.0 Cd Sr Tdi 171cv 4x4 - C3";usd;Sí;gold_premium;false;N/A;N/A;http://perfil.mercadolibre.com.uy/ALPACUNA;active;N/A;N/A;Usado;N/A;N/A;Hidráulica;4x4;Sí;N/A;Sí;N/A;N/A;N/A;N/A;N/A;N/A;N/A;N/A;N/A;N/A;N/A;N/A;N/A;N/A;N/A;N/A;N/A;N/A;N/A;N/A;N/A;N/A;"2860 mm";"3 L";"80 L";5;N/A;N/A;N/A;N/A;N/A;N/A;N/A;N/A;N/A;Sí;N/A;N/A;N/A;N/A;N/A;N/A;N/A;N/A;N/A;N/A;N/A;N/A;N/A;N/A;N/A;N/A;N/A;N/A;N/A;N/A;N/A;N/A;N/A;N/A;N/A;N/A;N/A;N/A;N/A;N/A;N/A;N/A;N/A;N/A;N/A;"1860 mm";"5260 mm";N/A;N/A;N/A;N/A;5;"171 hp";Sr;N/A;4;"1855 mm";N/A;N/A;N/A;N/A;N/A;N/A;N/A;N/A;N/A;N/A;N/A;N/A;N/A;N/A;N/A;N/A;N/A;N/A;4;3.0;Diésel;Manual;Pick-Up;"Autos y camionetas";N/A;N/A;N/A;N/A;N/A;N/A;UY;N/A;N/A;N/A;N/A;N/A;N/A;N/A;N/A;N/A;N/A;N/A;N/A;N/A;N/A;N/A;N/A;N/A;N/A;N/A;N/A;N/A;N/A;N/A;N/A;N/A;N/A;N/A;N/A;N/A;N/A;N/A;N/A;N/A;N/A;N/A;N/A;N/A;N/A;N/A;N/A;N/A;N/A;N/A;N/A;N/A;N/A;N/A;N/A;N/A;N/A;N/A;N/A;N/A;N/A;N/A;N/A;N/A;N/A;N/A;N/A;N/A;N/A;N/A;N/A;N/A;N/A;N/A;N/A;N/A;N/A;N/A;N/A;N/A;N/A;N/A;N/A;N/A;N/A;N/A;N/A;N/A;N/A;N/A;N/A;N/A;N/A;N/A;N/A;N/A;N/A;N/A;N/A;N/A;N/A;N/A;N/A;N/A;N/A;N/A;N/A;N/A;N/A;N/A;N/A;N/A;Sí;N/A;Sí;N/A;N/A;N/A;Sí;Sí;N/A;N/A
Toyota;Rush;"1.5 16v S Plus At";2019;"73000 km";;"DMGF _36";24900;;;;;Florida;https://auto.mercadolibre.com.uy/MLU-701435410-toyota-rush-automatica-_JM;N/A;;"Toyota Rush Automática";USD;Sí;gold_premium;false;N/A;N/A;http://perfil.mercadolibre.com.uy/DMGF+_36;active;N/A;N/A;Usado;Verde;No;Eléctrica;Delantera;Sí;Sí;N/A;N/A;N/A;N/A;N/A;N/A;N/A;N/A;N/A;N/A;Sí;N/A;Sí;N/A;N/A;N/A;N/A;N/A;N/A;N/A;N/A;N/A;N/A;N/A;N/A;N/A;N/A;N/A;N/A;N/A;N/A;N/A;Sí;N/A;N/A;N/A;N/A;N/A;N/A;N/A;N/A;N/A;N/A;N/A;N/A;N/A;N/A;N/A;N/A;N/A;N/A;N/A;N/A;N/A;N/A;N/A;N/A;N/A;N/A;N/A;N/A;N/A;N/A;N/A;N/A;N/A;N/A;N/A;N/A;N/A;N/A;N/A;N/A;N/A;N/A;N/A;N/A;N/A;N/A;N/A;N/A;N/A;N/A;N/A;N/A;N/A;N/A;Sí;Sí;N/A;N/A;Sí;N/A;N/A;N/A;N/A;N/A;N/A;N/A;N/A;Sí;N/A;5;1.5;Nafta;Automática;SUV;"Autos y camionetas";N/A;N/A;N/A;N/A;N/A;N/A;N/A;N/A;N/A;N/A;N/A;N/A;N/A;N/A;N/A;N/A;N/A;N/A;N/A;N/A;N/A;N/A;N/A;N/A;Sí;N/A;N/A;N/A;N/A;N/A;N/A;N/A;N/A;N/A;N/A;N/A;N/A;N/A;N/A;N/A;N/A;N/A;N/A;N/A;N/A;N/A;N/A;N/A;N/A;N/A;N/A;N/A;N/A;N/A;N/A;N/A;N/A;N/A;N/A;N/A;N/A;N/A;N/A;N/A;N/A;N/A;N/A;N/A;N/A;N/A;N/A;N/A;N/A;N/A;N/A;N/A;N/A;N/A;N/A;N/A;N/A;N/A;N/A;N/A;N/A;N/A;N/A;N/A;N/A;N/A;N/A;N/A;N/A;N/A;N/A;N/A;Sí;N/A;Sí;N/A;N/A;N/A;N/A;N/A;N/A;Sí;N/A;Sí;Sí;N/A;N/A;Sí;Sí;Sí;Sí;Sí;Sí;Sí;Sí;N/A;N/A;Sí
Toyota;Hilux;"3.0 Cd Srv Tdi 171cv 4x2 - B3";2016;"129700 km";;FEBR2012;39500;;;;;"Villa Rodriguez";https://auto.mercadolibre.com.uy/MLU-646467337-toyota-hilux-30-cd-srv-tdi-171cv-4x2-b3-_JM;N/A;;"Toyota Hilux 3.0 Cd Srv Tdi 171cv 4x2 - B3";usd;Sí;gold_premium;false;N/A;N/A;http://perfil.mercadolibre.com.uy/FEBR2012;active;N/A;N/A;Usado;Rojo;Sí;Hidráulica;4x2;Sí;Sí;Sí;N/A;N/A;N/A;N/A;N/A;N/A;N/A;N/A;N/A;Sí;N/A;N/A;N/A;N/A;N/A;N/A;N/A;N/A;N/A;N/A;N/A;N/A;"2860 mm";"3 L";"80 L";5;N/A;N/A;N/A;N/A;N/A;Sí;N/A;N/A;N/A;N/A;N/A;N/A;N/A;N/A;N/A;N/A;N/A;N/A;N/A;N/A;N/A;N/A;N/A;N/A;N/A;N/A;N/A;N/A;N/A;N/A;N/A;N/A;N/A;N/A;N/A;N/A;N/A;N/A;N/A;N/A;N/A;N/A;N/A;N/A;N/A;"1860 mm";"5260 mm";N/A;N/A;N/A;N/A;5;"171 hp";Srv;N/A;4;"1855 mm";N/A;Sí;N/A;Sí;Sí;N/A;Sí;Sí;N/A;N/A;N/A;N/A;N/A;N/A;N/A;N/A;N/A;N/A;4;3.0;Diésel;Manual;Pick-Up;"Autos y camionetas";N/A;N/A;N/A;N/A;N/A;N/A;UY;N/A;No;N/A;N/A;N/A;N/A;N/A;N/A;N/A;N/A;N/A;N/A;N/A;N/A;N/A;N/A;N/A;Sí;N/A;N/A;N/A;N/A;N/A;N/A;N/A;N/A;N/A;N/A;N/A;N/A;N/A;N/A;N/A;N/A;N/A;N/A;N/A;N/A;N/A;N/A;N/A;N/A;N/A;N/A;N/A;N/A;N/A;N/A;N/A;N/A;N/A;N/A;N/A;N/A;N/A;N/A;N/A;N/A;N/A;N/A;N/A;N/A;N/A;N/A;N/A;N/A;N/A;N/A;N/A;N/A;N/A;N/A;N/A;N/A;N/A;N/A;N/A;N/A;N/A;N/A;N/A;N/A;N/A;N/A;N/A;N/A;N/A;N/A;N/A;Sí;Sí;Sí;N/A;Sí;N/A;N/A;N/A;N/A;Sí;N/A;N/A;Sí;N/A;N/A;Sí;Sí;Sí;Sí;Sí;Sí;Sí;Sí;Sí;N/A;Sí
Toyota;Corolla;"XEI 2.0 TDI Full";2005;"300000 km";;INCREDIBIKE;7900;;;;;Reducto;https://auto.mercadolibre.com.uy/MLU-699980918-toyota-corolla-diesel-20-xei-tdi-3-anos-taxi-punta-del-este-_JM;N/A;;"Toyota Corolla Diesel 2.0 Xei Tdi 3 Años Taxi Punta Del Este";USD;No;gold_premium;false;N/A;N/A;http://perfil.mercadolibre.com.uy/INCREDIBIKE;active;N/A;N/A;Usado;Plateado;No;Hidráulica;Delantera;Sí;Sí;N/A;N/A;N/A;N/A;N/A;N/A;N/A;N/A;N/A;N/A;Sí;N/A;N/A;N/A;N/A;N/A;N/A;N/A;N/A;N/A;N/A;N/A;N/A;N/A;N/A;N/A;N/A;N/A;N/A;N/A;N/A;N/A;N/A;N/A;N/A;N/A;N/A;N/A;N/A;N/A;N/A;N/A;N/A;N/A;N/A;N/A;N/A;N/A;N/A;N/A;N/A;N/A;N/A;N/A;N/A;N/A;N/A;N/A;N/A;N/A;N/A;N/A;N/A;N/A;N/A;N/A;N/A;N/A;N/A;N/A;N/A;N/A;N/A;N/A;N/A;N/A;N/A;N/A;N/A;N/A;N/A;N/A;N/A;N/A;N/A;No;N/A;Sí;Sí;N/A;Sí;No;N/A;N/A;N/A;N/A;Sí;N/A;N/A;N/A;N/A;"7:30 A 21:00";5;"2.0 D4D TDI";Diésel;Manual;Sedán;"Autos y camionetas";Sí;N/A;N/A;N/A;N/A;N/A;N/A;N/A;No;N/A;N/A;N/A;N/A;N/A;N/A;N/A;N/A;N/A;N/A;N/A;N/A;N/A;N/A;N/A;N/A;N/A;N/A;N/A;N/A;N/A;N/A;N/A;N/A;N/A;N/A;N/A;N/A;N/A;N/A;N/A;N/A;N/A;N/A;No;N/A;N/A;N/A;N/A;N/A;N/A;N/A;N/A;N/A;N/A;N/A;N/A;N/A;N/A;N/A;N/A;N/A;N/A;N/A;N/A;N/A;N/A;N/A;N/A;N/A;N/A;N/A;N/A;N/A;N/A;N/A;N/A;N/A;N/A;N/A;N/A;N/A;N/A;N/A;N/A;N/A;N/A;N/A;N/A;N/A;N/A;N/A;N/A;N/A;N/A;N/A;N/A;Sí;Sí;Sí;N/A;Sí;N/A;N/A;N/A;N/A;Sí;N/A;N/A;Sí;N/A;N/A;N/A;N/A;N/A;Sí;N/A;N/A;Sí;N/A;N/A;N/A;N/A
Toyota;"Rush S";MANUAL;2019;"160000 km";;JUANGALAIN;21000;;;;;Pocitos;https://auto.mercadolibre.com.uy/MLU-697436320-toyota-rush-_JM;N/A;;"Toyota Rush ";USD;Sí;gold_premium;false;N/A;N/A;http://perfil.mercadolibre.com.uy/JUANGALAIN;active;N/A;N/A;Usado;Blanco;N/A;Asistida;Trasera;N/A;Sí;N/A;N/A;N/A;N/A;N/A;N/A;N/A;N/A;N/A;Sí;N/A;N/A;N/A;N/A;N/A;N/A;N/A;N/A;N/A;N/A;N/A;N/A;N/A;N/A;N/A;N/A;N/A;N/A;N/A;N/A;N/A;N/A;N/A;N/A;N/A;N/A;N/A;N/A;N/A;N/A;N/A;N/A;N/A;N/A;N/A;N/A;N/A;N/A;N/A;N/A;N/A;N/A;N/A;N/A;N/A;N/A;N/A;N/A;N/A;N/A;N/A;N/A;N/A;N/A;N/A;N/A;N/A;N/A;N/A;N/A;N/A;N/A;N/A;N/A;N/A;N/A;N/A;N/A;N/A;N/A;N/A;N/A;N/A;N/A;N/A;No;N/A;N/A;N/A;N/A;No;Sí;N/A;N/A;N/A;N/A;N/A;N/A;N/A;N/A;N/A;N/A;5;"1500 CC";Nafta;Automática;Cabriolet;"Autos y camionetas";N/A;N/A;N/A;N/A;N/A;N/A;N/A;N/A;N/A;N/A;N/A;N/A;N/A;N/A;N/A;N/A;N/A;N/A;N/A;N/A;N/A;N/A;N/A;N/A;Sí;N/A;N/A;N/A;N/A;N/A;N/A;N/A;N/A;N/A;N/A;N/A;N/A;N/A;N/A;N/A;N/A;N/A;N/A;N/A;N/A;N/A;N/A;N/A;N/A;N/A;N/A;N/A;N/A;N/A;N/A;N/A;N/A;N/A;N/A;N/A;N/A;N/A;N/A;N/A;N/A;N/A;N/A;N/A;N/A;N/A;N/A;N/A;N/A;N/A;N/A;N/A;N/A;N/A;N/A;N/A;N/A;N/A;N/A;N/A;N/A;N/A;N/A;N/A;N/A;N/A;N/A;N/A;N/A;N/A;N/A;No;Sí;No;N/A;N/A;Sí;N/A;N/A;N/A;N/A;Sí;No;N/A;Sí;N/A;N/A;Sí;N/A;No;N/A;N/A;N/A;N/A;N/A;N/A;N/A;N/A
Toyota;"Hilux 4×4 automática extra full";"SRV 3.0 turbo automática extra full";2015;"410000 km";;ALEJANDROARRALDE;32500;;;;;"Tres Cruces";https://auto.mercadolibre.com.uy/MLU-699583528-automatica-extra-full-impecable-estado-4-cubiertas-nuevas-_JM;N/A;;"Automática Extra Full Impecable Estado 4 Cubiertas Nuevas";USD;Sí;gold_premium;false;N/A;N/A;http://perfil.mercadolibre.com.uy/ALEJANDROARRALDE;active;N/A;N/A;Usado;Gris;N/A;N/A;N/A;N/A;N/A;N/A;N/A;N/A;N/A;N/A;N/A;N/A;N/A;N/A;N/A;N/A;N/A;N/A;N/A;N/A;N/A;N/A;N/A;N/A;N/A;N/A;N/A;N/A;N/A;N/A;N/A;N/A;N/A;N/A;N/A;N/A;N/A;N/A;N/A;N/A;N/A;N/A;N/A;N/A;N/A;N/A;N/A;N/A;N/A;N/A;N/A;N/A;N/A;N/A;N/A;N/A;N/A;N/A;N/A;N/A;N/A;N/A;N/A;N/A;N/A;N/A;N/A;N/A;N/A;N/A;N/A;N/A;N/A;N/A;N/A;N/A;N/A;N/A;N/A;N/A;N/A;N/A;N/A;N/A;N/A;N/A;N/A;N/A;N/A;N/A;N/A;N/A;N/A;N/A;N/A;N/A;N/A;N/A;N/A;N/A;N/A;N/A;N/A;N/A;N/A;N/A;"Lunes a viernes de 9 a 18";4;N/A;Diésel;N/A;N/A;"Autos y camionetas";N/A;N/A;N/A;N/A;N/A;N/A;N/A;N/A;N/A;N/A;N/A;N/A;N/A;N/A;N/A;N/A;N/A;N/A;N/A;N/A;N/A;N/A;N/A;N/A;N/A;N/A;N/A;N/A;N/A;N/A;N/A;N/A;N/A;N/A;N/A;N/A;N/A;N/A;N/A;N/A;N/A;N/A;N/A;N/A;N/A;N/A;N/A;N/A;N/A;N/A;N/A;N/A;N/A;N/A;N/A;N/A;N/A;N/A;N/A;N/A;N/A;N/A;N/A;N/A;N/A;N/A;N/A;N/A;N/A;N/A;N/A;N/A;N/A;N/A;N/A;N/A;N/A;N/A;N/A;N/A;N/A;N/A;N/A;N/A;N/A;N/A;N/A;N/A;N/A;N/A;N/A;N/A;N/A;N/A;N/A;N/A;N/A;N/A;N/A;N/A;N/A;N/A;N/A;N/A;N/A;N/A;N/A;N/A;N/A;N/A;N/A;N/A;N/A;N/A;N/A;N/A;N/A;N/A;N/A;N/A;N/A;N/A
Toyota;Hilux;"3.0 Tdi Srv Cab Doble At 4x4 Cuero";2010;"271000 km";;ROSSANADELAFUENTE;23500;;;;;"Nuevo París";https://auto.mercadolibre.com.uy/MLU-698372760-toyota-hillux-30-srv-4x4-tdi-_JM;N/A;;"Toyota Hillux 3.0 Srv 4x4 Tdi";usd;Sí;gold_premium;false;N/A;N/A;http://perfil.mercadolibre.com.uy/ROSSANADELAFUENTE;active;N/A;N/A;Usado;Gris;N/A;Hidráulica;4x4;Sí;N/A;Sí;N/A;N/A;N/A;N/A;N/A;N/A;N/A;N/A;N/A;N/A;N/A;N/A;N/A;N/A;N/A;N/A;N/A;N/A;N/A;N/A;N/A;N/A;"2860 mm";"3 L";"80 L";4;N/A;N/A;N/A;N/A;N/A;N/A;N/A;N/A;N/A;N/A;N/A;N/A;N/A;N/A;N/A;N/A;N/A;N/A;N/A;N/A;N/A;N/A;N/A;N/A;N/A;N/A;N/A;N/A;N/A;N/A;N/A;N/A;N/A;N/A;N/A;N/A;N/A;N/A;N/A;N/A;N/A;N/A;N/A;N/A;N/A;"1820 mm";"5255 mm";N/A;N/A;N/A;N/A;5;"163 hp";Srv;N/A;4;"1855 mm";N/A;Sí;N/A;N/A;N/A;N/A;N/A;Sí;N/A;N/A;N/A;N/A;N/A;N/A;N/A;N/A;N/A;"Siempre despues de 17:00";4;3.0;Diésel;Automática;Pick-Up;"Autos y camionetas";N/A;N/A;N/A;N/A;N/A;N/A;UY;N/A;N/A;N/A;N/A;N/A;N/A;N/A;N/A;N/A;N/A;N/A;N/A;N/A;N/A;N/A;N/A;N/A;N/A;N/A;N/A;N/A;N/A;N/A;N/A;N/A;N/A;N/A;N/A;N/A;N/A;N/A;N/A;N/A;N/A;N/A;N/A;N/A;N/A;N/A;N/A;N/A;N/A;N/A;N/A;N/A;N/A;N/A;N/A;N/A;N/A;N/A;N/A;N/A;N/A;N/A;N/A;N/A;N/A;N/A;N/A;N/A;N/A;N/A;N/A;N/A;N/A;N/A;N/A;N/A;N/A;N/A;N/A;N/A;N/A;N/A;N/A;N/A;N/A;N/A;N/A;N/A;N/A;N/A;N/A;N/A;N/A;N/A;N/A;N/A;N/A;N/A;N/A;N/A;N/A;N/A;N/A;N/A;N/A;N/A;N/A;N/A;N/A;N/A;N/A;N/A;Sí;N/A;Sí;N/A;N/A;N/A;N/A;N/A;N/A;N/A
Toyota;Corolla;"1.8 Xei Aut";2021;"75000 km";;ISDER;27900;;;;;"Paso de la Arena";https://auto.mercadolibre.com.uy/MLU-701221858-toyota-corolla-18-xei-aut-_JM;N/A;;"Toyota Corolla 1.8 Xei Aut";usd;Sí;gold_premium;false;N/A;N/A;http://perfil.mercadolibre.com.uy/ISDER;active;N/A;N/A;Usado;Rojo;Sí;Eléctrica;Delantera;Sí;Sí;Sí;N/A;N/A;Sí;N/A;N/A;Sí;N/A;N/A;Sí;Sí;N/A;Sí;N/A;N/A;N/A;N/A;N/A;N/A;N/A;N/A;N/A;N/A;"2700 mm";"1.8 L";"57 L";7;N/A;N/A;N/A;N/A;N/A;N/A;N/A;N/A;N/A;N/A;N/A;N/A;N/A;N/A;N/A;N/A;N/A;N/A;N/A;N/A;N/A;N/A;N/A;N/A;N/A;N/A;N/A;N/A;N/A;N/A;N/A;N/A;N/A;N/A;N/A;N/A;N/A;N/A;N/A;N/A;N/A;N/A;N/A;N/A;N/A;"1460 mm";"4620 mm";N/A;N/A;N/A;N/A;5;"140 hp";Xei;N/A;4;"1775 mm";"13.5 km/l";Sí;N/A;Sí;Sí;N/A;Sí;Sí;N/A;No;N/A;N/A;N/A;N/A;N/A;N/A;N/A;N/A;4;1.8;Nafta;Automática;Sedán;"Autos y camionetas";N/A;N/A;N/A;N/A;N/A;N/A;UY;N/A;Sí;N/A;N/A;N/A;N/A;N/A;N/A;N/A;N/A;N/A;N/A;N/A;N/A;N/A;N/A;N/A;Sí;N/A;N/A;N/A;N/A;N/A;N/A;N/A;N/A;N/A;N/A;N/A;N/A;N/A;N/A;N/A;N/A;N/A;N/A;No;N/A;N/A;N/A;N/A;N/A;N/A;N/A;N/A;N/A;N/A;N/A;N/A;N/A;N/A;N/A;N/A;N/A;N/A;No;N/A;N/A;N/A;N/A;N/A;N/A;N/A;N/A;N/A;N/A;N/A;N/A;N/A;N/A;N/A;N/A;N/A;N/A;N/A;N/A;N/A;N/A;N/A;N/A;N/A;N/A;N/A;N/A;N/A;N/A;N/A;N/A;N/A;Sí;Sí;Sí;N/A;Sí;N/A;N/A;N/A;N/A;Sí;Sí;Sí;Sí;N/A;N/A;Sí;Sí;Sí;Sí;Sí;Sí;N/A;Sí;Sí;N/A;Sí
Toyota;Hilux;"3.0 Tdi Sr Cab Doble 4x2 Doble Airbag";2008;"348000 km";;EROILGUMERSINDOBARRERASEGOV;27500;;;;;"Barros Blancos";https://auto.mercadolibre.com.uy/MLU-701182570-toyota-hilux-2008-30-tdi-sr-cab-doble-4x2-doble-airbag-_JM;N/A;;"Toyota Hilux 2008 3.0 Tdi Sr Cab Doble 4x2 Doble Airbag";usd;Sí;gold_premium;false;N/A;N/A;http://perfil.mercadolibre.com.uy/EROILGUMERSINDOBARRERASEGOV;active;N/A;N/A;Usado;N/A;N/A;Hidráulica;4x2;Sí;N/A;Sí;N/A;N/A;N/A;N/A;N/A;N/A;N/A;N/A;N/A;N/A;N/A;N/A;N/A;N/A;N/A;N/A;N/A;N/A;N/A;N/A;N/A;N/A;"2860 mm";"3 L";"80 L";5;N/A;N/A;N/A;N/A;N/A;N/A;N/A;N/A;N/A;N/A;N/A;N/A;N/A;N/A;N/A;N/A;N/A;N/A;N/A;N/A;N/A;N/A;N/A;N/A;N/A;N/A;N/A;N/A;N/A;N/A;N/A;N/A;N/A;N/A;N/A;N/A;N/A;N/A;N/A;N/A;N/A;N/A;N/A;N/A;N/A;"1820 mm";"5255 mm";N/A;N/A;N/A;N/A;5;"163 hp";Sr;N/A;4;"1855 mm";N/A;N/A;N/A;N/A;N/A;N/A;N/A;N/A;N/A;N/A;N/A;N/A;N/A;N/A;N/A;N/A;N/A;N/A;4;3.0;Diésel;Manual;Pick-Up;"Autos y camionetas";N/A;N/A;N/A;N/A;N/A;N/A;UY;N/A;N/A;N/A;N/A;N/A;N/A;N/A;N/A;N/A;N/A;N/A;N/A;N/A;N/A;N/A;N/A;N/A;N/A;N/A;N/A;N/A;N/A;N/A;N/A;N/A;N/A;N/A;N/A;N/A;N/A;N/A;N/A;N/A;N/A;N/A;N/A;N/A;N/A;N/A;N/A;N/A;N/A;N/A;N/A;N/A;N/A;N/A;N/A;N/A;N/A;N/A;N/A;N/A;N/A;N/A;N/A;N/A;N/A;N/A;N/A;N/A;N/A;N/A;N/A;N/A;N/A;N/A;N/A;N/A;N/A;N/A;N/A;N/A;N/A;N/A;N/A;N/A;N/A;N/A;N/A;N/A;N/A;N/A;N/A;N/A;N/A;N/A;N/A;N/A;N/A;N/A;N/A;N/A;N/A;N/A;N/A;N/A;N/A;N/A;N/A;N/A;N/A;N/A;N/A;N/A;N/A;N/A;Sí;N/A;N/A;N/A;N/A;N/A;N/A;N/A
Toyota;Corolla;"XL 2.0";1995;"450000 km";;RICHARDCAMETOPRIETO;9000;;;;;"Nueva Helvecia";https://auto.mercadolibre.com.uy/MLU-697450114-toyota-corolla-xl-20-_JM;N/A;;"Toyota Corolla Xl 2.0";USD;No;gold_premium;false;N/A;N/A;http://perfil.mercadolibre.com.uy/RICHARDCAMETOPRIETO;active;N/A;N/A;Usado;N/A;N/A;N/A;N/A;N/A;N/A;N/A;N/A;N/A;N/A;N/A;N/A;N/A;N/A;N/A;N/A;N/A;N/A;N/A;N/A;N/A;N/A;N/A;N/A;N/A;N/A;N/A;N/A;N/A;N/A;N/A;N/A;N/A;N/A;N/A;N/A;N/A;N/A;N/A;N/A;N/A;N/A;N/A;N/A;N/A;N/A;N/A;N/A;N/A;N/A;N/A;N/A;N/A;N/A;N/A;N/A;N/A;N/A;N/A;N/A;N/A;N/A;N/A;N/A;N/A;N/A;N/A;N/A;N/A;N/A;N/A;N/A;N/A;N/A;N/A;N/A;N/A;N/A;N/A;N/A;N/A;N/A;N/A;N/A;N/A;N/A;N/A;N/A;N/A;N/A;N/A;N/A;N/A;N/A;N/A;N/A;N/A;N/A;N/A;N/A;N/A;N/A;N/A;N/A;N/A;N/A;N/A;N/A;4;N/A;Diésel;N/A;N/A;"Autos y camionetas";N/A;N/A;N/A;N/A;N/A;N/A;N/A;N/A;N/A;N/A;N/A;N/A;N/A;N/A;N/A;N/A;N/A;N/A;N/A;N/A;N/A;N/A;N/A;N/A;N/A;N/A;N/A;N/A;N/A;N/A;N/A;N/A;N/A;N/A;N/A;N/A;N/A;N/A;N/A;N/A;N/A;N/A;N/A;N/A;N/A;N/A;N/A;N/A;N/A;N/A;N/A;N/A;N/A;N/A;N/A;N/A;N/A;N/A;N/A;N/A;N/A;N/A;N/A;N/A;N/A;N/A;N/A;N/A;N/A;N/A;N/A;N/A;N/A;N/A;N/A;N/A;N/A;N/A;N/A;N/A;N/A;N/A;N/A;N/A;N/A;N/A;N/A;N/A;N/A;N/A;N/A;N/A;N/A;N/A;N/A;N/A;N/A;N/A;N/A;N/A;N/A;N/A;N/A;N/A;N/A;N/A;N/A;N/A;N/A;N/A;N/A;N/A;N/A;N/A;N/A;N/A;N/A;N/A;N/A;N/A;N/A;N/A
Toyota;"Yaris GR";GR;2022;"4500 km";;"ROKO II";67000;;;;;"Punta del Este";https://auto.mercadolibre.com.uy/MLU-697885306--toyota-yaris-gr-nuevo-impecable-_JM;N/A;;"! Toyota Yaris Gr , Nuevo , Impecable";USD;Sí;gold_premium;false;N/A;N/A;http://perfil.mercadolibre.com.uy/ROKO+II;active;N/A;N/A;Usado;Blanco;N/A;N/A;Integral;N/A;N/A;N/A;N/A;N/A;N/A;N/A;N/A;Sí;N/A;N/A;N/A;N/A;N/A;N/A;N/A;N/A;N/A;N/A;N/A;N/A;N/A;N/A;N/A;N/A;N/A;N/A;N/A;N/A;N/A;N/A;N/A;N/A;N/A;N/A;N/A;N/A;N/A;N/A;N/A;N/A;N/A;N/A;N/A;N/A;N/A;N/A;N/A;N/A;N/A;N/A;N/A;N/A;N/A;N/A;N/A;N/A;N/A;N/A;N/A;N/A;N/A;N/A;N/A;N/A;N/A;N/A;N/A;N/A;N/A;N/A;N/A;N/A;N/A;N/A;N/A;N/A;N/A;N/A;N/A;N/A;N/A;N/A;N/A;N/A;N/A;N/A;N/A;N/A;N/A;N/A;N/A;N/A;N/A;N/A;N/A;N/A;N/A;N/A;N/A;N/A;N/A;N/A;N/A;3;N/A;Nafta;N/A;Hatchback;"Autos y camionetas";N/A;N/A;N/A;N/A;N/A;N/A;N/A;N/A;N/A;N/A;N/A;N/A;N/A;N/A;N/A;N/A;N/A;N/A;N/A;N/A;N/A;N/A;N/A;N/A;N/A;N/A;N/A;N/A;N/A;N/A;N/A;N/A;N/A;N/A;N/A;N/A;N/A;N/A;N/A;N/A;N/A;N/A;N/A;N/A;N/A;N/A;N/A;N/A;N/A;N/A;N/A;N/A;N/A;N/A;N/A;N/A;N/A;N/A;N/A;N/A;N/A;N/A;N/A;N/A;N/A;N/A;N/A;N/A;N/A;N/A;N/A;N/A;N/A;N/A;N/A;N/A;N/A;N/A;N/A;N/A;N/A;N/A;N/A;N/A;N/A;N/A;N/A;N/A;N/A;N/A;N/A;N/A;N/A;N/A;N/A;N/A;N/A;N/A;N/A;N/A;N/A;N/A;N/A;N/A;N/A;N/A;N/A;N/A;N/A;N/A;N/A;N/A;N/A;N/A;N/A;N/A;N/A;N/A;N/A;N/A;N/A;N/A
Toyota;Etios;-;2018;"89000 km";;AEROCAR2013;14990;;;;;Carrasco;https://auto.mercadolibre.com.uy/MLU-701602812-toyota-etios-15-2018-impecable-interauto-_JM;N/A;;"Toyota Etios 1.5 2018 Impecable! Interauto";usd;Sí;gold;false;N/A;N/A;http://perfil.mercadolibre.com.uy/AEROCAR2013;active;N/A;N/A;Usado;Plateado;N/A;Hidráulica;Delantera;Sí;Sí;Sí;N/A;N/A;N/A;N/A;Sí;N/A;N/A;Sí;N/A;Sí;N/A;N/A;N/A;N/A;N/A;N/A;N/A;N/A;N/A;N/A;N/A;N/A;N/A;"1500 cc";N/A;6;N/A;N/A;N/A;N/A;N/A;N/A;N/A;N/A;N/A;N/A;N/A;N/A;N/A;N/A;N/A;N/A;N/A;N/A;N/A;N/A;N/A;N/A;N/A;N/A;N/A;N/A;N/A;N/A;N/A;N/A;N/A;N/A;N/A;N/A;N/A;N/A;N/A;N/A;N/A;N/A;N/A;N/A;N/A;N/A;N/A;N/A;N/A;N/A;N/A;N/A;N/A;N/A;N/A;N/A;N/A;N/A;N/A;"13 km/l";N/A;N/A;N/A;N/A;N/A;N/A;N/A;N/A;N/A;N/A;"16 km/l";N/A;N/A;N/A;N/A;N/A;"Lunes a Domingo de 9 a 18:30 hs";4;1.5;Nafta;Manual;Sedán;"Autos y camionetas";No;N/A;N/A;N/A;No;N/A;UY;No;Sí;No;No;N/A;N/A;N/A;N/A;N/A;N/A;N/A;N/A;N/A;N/A;N/A;N/A;N/A;N/A;N/A;N/A;N/A;N/A;N/A;N/A;N/A;N/A;N/A;N/A;N/A;N/A;N/A;N/A;N/A;N/A;N/A;N/A;N/A;N/A;N/A;N/A;N/A;N/A;N/A;N/A;N/A;N/A;N/A;N/A;N/A;N/A;N/A;N/A;N/A;N/A;N/A;No;N/A;N/A;N/A;N/A;N/A;N/A;N/A;N/A;N/A;N/A;N/A;N/A;N/A;N/A;N/A;N/A;N/A;N/A;N/A;N/A;N/A;N/A;N/A;N/A;N/A;N/A;N/A;N/A;N/A;N/A;N/A;N/A;N/A;Sí;N/A;N/A;N/A;Sí;N/A;Sí;N/A;N/A;Sí;N/A;N/A;N/A;N/A;N/A;N/A;Sí;N/A;Sí;Sí;N/A;N/A;N/A;N/A;N/A;N/A
Toyota;Etios;Full;2015;"98000 km";;"VIPERCAR AUTOMOVILES_3";12300;;;;;Centro;https://auto.mercadolibre.com.uy/MLU-646243377-toyota-etios-full-15-2015-impecable-_JM;N/A;;"Toyota Etios Full 1.5 2015 Impecable!";USD;Sí;gold;false;N/A;N/A;http://perfil.mercadolibre.com.uy/VIPERCAR+AUTOMOVILES_3;active;N/A;N/A;Usado;"Gris oscuro";N/A;Hidráulica;N/A;Sí;Sí;Sí;N/A;N/A;N/A;Sí;Sí;N/A;N/A;Sí;N/A;Sí;N/A;N/A;N/A;N/A;N/A;N/A;N/A;N/A;N/A;N/A;N/A;N/A;N/A;"1500 cc";N/A;5;N/A;N/A;N/A;N/A;N/A;N/A;N/A;N/A;N/A;N/A;N/A;N/A;N/A;N/A;N/A;N/A;N/A;N/A;N/A;N/A;N/A;N/A;N/A;Sí;N/A;N/A;N/A;N/A;N/A;N/A;N/A;N/A;N/A;N/A;N/A;N/A;N/A;N/A;N/A;N/A;N/A;N/A;Sí;N/A;N/A;N/A;N/A;N/A;N/A;N/A;N/A;N/A;"103 hp";N/A;N/A;N/A;N/A;"13 km/l";N/A;N/A;N/A;Sí;N/A;N/A;N/A;Sí;N/A;N/A;"16 km/l";N/A;N/A;N/A;N/A;Sí;"Lun a Vie de 9 a 12:30 y de 13:30 a 19. Sáb de 9 a 13 hs.";5;1.5;Nafta;Manual;Hatchback;"Autos y camionetas";No;N/A;N/A;N/A;No;N/A;N/A;No;Sí;No;No;N/A;N/A;N/A;N/A;N/A;N/A;N/A;N/A;N/A;N/A;N/A;N/A;N/A;N/A;N/A;N/A;N/A;N/A;N/A;N/A;N/A;N/A;N/A;N/A;N/A;N/A;N/A;N/A;N/A;N/A;N/A;N/A;N/A;N/A;N/A;N/A;N/A;N/A;N/A;N/A;N/A;N/A;N/A;N/A;N/A;N/A;N/A;N/A;N/A;N/A;N/A;No;N/A;N/A;N/A;N/A;N/A;N/A;N/A;N/A;N/A;N/A;N/A;N/A;N/A;N/A;N/A;N/A;N/A;N/A;N/A;N/A;N/A;N/A;N/A;N/A;N/A;N/A;N/A;N/A;N/A;N/A;N/A;N/A;N/A;Sí;N/A;N/A;N/A;Sí;N/A;N/A;N/A;Sí;Sí;N/A;N/A;N/A;N/A;N/A;N/A;Sí;N/A;Sí;N/A;Sí;Sí;N/A;N/A;N/A;Sí
Toyota;"Fj Cruiser";"4x4 Automática";2009;"147666 km";;D.MORALESAUTOMOTORES;42000;;;;;"San Jacinto";https://auto.mercadolibre.com.uy/MLU-699588930-toyota-fj-cruiser-4x4-automatica-40-2009-impecable-_JM;N/A;;"Toyota Fj Cruiser 4x4 Automática 4.0 2009 Impecable!";USD;Sí;gold;false;N/A;N/A;http://perfil.mercadolibre.com.uy/D.MORALESAUTOMOTORES;active;N/A;N/A;Usado;Beige;N/A;Hidráulica;4x4;Sí;Sí;N/A;N/A;N/A;N/A;N/A;N/A;N/A;N/A;N/A;Sí;Sí;N/A;N/A;N/A;N/A;N/A;N/A;N/A;N/A;N/A;N/A;N/A;N/A;N/A;"3956 cc";N/A;5;N/A;N/A;N/A;N/A;Sí;N/A;N/A;N/A;N/A;N/A;N/A;N/A;N/A;N/A;N/A;N/A;N/A;N/A;N/A;N/A;N/A;N/A;N/A;N/A;N/A;N/A;N/A;N/A;N/A;N/A;N/A;N/A;N/A;N/A;N/A;N/A;N/A;N/A;N/A;N/A;N/A;N/A;N/A;N/A;N/A;N/A;N/A;N/A;N/A;N/A;N/A;N/A;"270 hp";N/A;N/A;N/A;N/A;N/A;N/A;N/A;N/A;N/A;Sí;N/A;N/A;N/A;N/A;N/A;N/A;N/A;N/A;N/A;N/A;Sí;"Lun. a Vie. de 9 a 18:30 hs. Sáb. de 9 a 12:30 hs";4;4.0;Nafta;Automática;SUV;"Autos y camionetas";No;N/A;N/A;N/A;No;N/A;N/A;No;Sí;No;No;N/A;N/A;N/A;N/A;N/A;N/A;N/A;N/A;N/A;N/A;N/A;N/A;N/A;N/A;N/A;N/A;N/A;N/A;N/A;N/A;N/A;N/A;N/A;N/A;N/A;N/A;N/A;N/A;N/A;N/A;N/A;N/A;N/A;N/A;N/A;N/A;N/A;N/A;N/A;N/A;N/A;N/A;N/A;N/A;N/A;N/A;N/A;N/A;N/A;N/A;N/A;No;Sí;N/A;N/A;N/A;N/A;N/A;N/A;N/A;N/A;N/A;N/A;N/A;N/A;N/A;N/A;N/A;N/A;N/A;N/A;N/A;N/A;N/A;N/A;N/A;N/A;N/A;N/A;N/A;N/A;N/A;N/A;N/A;N/A;Sí;N/A;Sí;N/A;Sí;Sí;N/A;N/A;N/A;Sí;N/A;N/A;N/A;N/A;N/A;Sí;N/A;N/A;N/A;N/A;N/A;N/A;N/A;N/A;N/A;N/A
Toyota;"Corolla Cross";SEG;2025;"0 km";;"KAITAZOFF MOTORS.";44990;;;;;Malvin;https://auto.mercadolibre.com.uy/MLU-645936119-toyota-corolla-cross-seg-18-2025-0km-_JM;N/A;;"Toyota Corolla Cross Seg 1.8 2025 0km";USD;Sí;gold;false;N/A;N/A;http://perfil.mercadolibre.com.uy/KAITAZOFF+MOTORS.;active;N/A;N/A;Nuevo;Plateado;N/A;Asistida;N/A;Sí;Sí;Sí;Sí;Sí;N/A;Sí;Sí;Sí;Sí;Sí;Sí;Sí;N/A;Sí;N/A;N/A;N/A;N/A;N/A;N/A;N/A;N/A;N/A;N/A;N/A;"1800 cc";N/A;6;N/A;N/A;Sí;Sí;Sí;Sí;Sí;N/A;N/A;N/A;N/A;N/A;N/A;N/A;N/A;N/A;N/A;N/A;N/A;N/A;N/A;N/A;N/A;Sí;N/A;Sí;N/A;Sí;N/A;N/A;N/A;N/A;N/A;N/A;N/A;N/A;Sí;N/A;N/A;N/A;N/A;N/A;Sí;N/A;N/A;N/A;N/A;N/A;N/A;N/A;N/A;N/A;"110 hp";Seg;N/A;N/A;N/A;"14 km/l";N/A;N/A;Sí;Sí;Sí;Sí;Sí;Sí;Sí;Sí;"20 km/l";Sí;Sí;N/A;N/A;Sí;"Lun a Vie de 9 a 12:30 y 14 a 18:30 hs. Sáb. de 10 a 13 hs.";5;1.8;Híbrido;Automática;SUV;"Autos y camionetas";No;N/A;N/A;N/A;No;N/A;N/A;No;Sí;No;No;N/A;N/A;N/A;N/A;N/A;N/A;N/A;N/A;N/A;N/A;N/A;N/A;N/A;N/A;N/A;N/A;N/A;N/A;N/A;N/A;N/A;N/A;N/A;N/A;N/A;N/A;N/A;N/A;N/A;N/A;N/A;N/A;Sí;N/A;N/A;N/A;N/A;N/A;N/A;N/A;N/A;N/A;N/A;N/A;N/A;N/A;N/A;N/A;N/A;N/A;Sí;No;N/A;N/A;N/A;N/A;N/A;N/A;N/A;N/A;N/A;N/A;N/A;N/A;N/A;N/A;N/A;N/A;N/A;N/A;N/A;N/A;N/A;N/A;N/A;N/A;N/A;N/A;N/A;N/A;N/A;N/A;N/A;N/A;N/A;Sí;Sí;Sí;Sí;Sí;Sí;Sí;N/A;Sí;Sí;Sí;Sí;N/A;N/A;Sí;Sí;Sí;N/A;Sí;Sí;Sí;N/A;N/A;Sí;Sí;Sí
Toyota;Hilux;"SRV DIESEL 4X2 MT";2012;"388788 km";;SILCA_2;28900;;;;;"Tres Cruces";https://auto.mercadolibre.com.uy/MLU-692522722-toyota-hilux-srv-diesel-4x2-mt-2012-negro-4-puertas-_JM;N/A;;"Toyota Hilux Srv Diesel 4x2 Mt 2012 Negro 4 Puertas";USD;Sí;gold;false;N/A;N/A;http://perfil.mercadolibre.com.uy/SILCA_2;active;N/A;N/A;Usado;Negro;N/A;Hidráulica;N/A;N/A;N/A;N/A;N/A;N/A;N/A;N/A;N/A;N/A;N/A;N/A;N/A;N/A;N/A;N/A;N/A;N/A;N/A;N/A;N/A;N/A;N/A;N/A;N/A;N/A;N/A;"3000 cc";N/A;5;N/A;N/A;N/A;N/A;N/A;N/A;N/A;N/A;N/A;N/A;N/A;N/A;N/A;N/A;N/A;N/A;N/A;N/A;N/A;N/A;N/A;N/A;N/A;N/A;N/A;N/A;N/A;N/A;N/A;N/A;N/A;N/A;N/A;N/A;N/A;N/A;N/A;N/A;N/A;N/A;N/A;N/A;N/A;N/A;N/A;N/A;N/A;N/A;N/A;N/A;N/A;N/A;N/A;Srv;N/A;N/A;N/A;N/A;N/A;N/A;N/A;N/A;N/A;N/A;N/A;N/A;N/A;N/A;N/A;N/A;N/A;N/A;N/A;N/A;"Lun. a Vie. de 9 a 18:30 hs. Sáb. de 10 a 13:30 hs";4;3.0;Diésel;Manual;Pick-Up;"Autos y camionetas";No;N/A;N/A;N/A;No;N/A;N/A;No;Sí;No;No;N/A;N/A;N/A;N/A;N/A;N/A;N/A;N/A;N/A;N/A;N/A;N/A;N/A;N/A;N/A;N/A;N/A;N/A;N/A;N/A;N/A;N/A;N/A;N/A;N/A;N/A;N/A;N/A;N/A;N/A;N/A;N/A;N/A;N/A;N/A;N/A;N/A;N/A;N/A;N/A;N/A;N/A;N/A;N/A;N/A;N/A;N/A;N/A;N/A;N/A;N/A;No;N/A;N/A;N/A;N/A;N/A;N/A;N/A;N/A;N/A;N/A;N/A;N/A;N/A;N/A;N/A;N/A;N/A;N/A;N/A;N/A;N/A;N/A;N/A;N/A;N/A;N/A;N/A;N/A;N/A;N/A;N/A;N/A;N/A;N/A;N/A;N/A;N/A;N/A;N/A;N/A;N/A;N/A;N/A;N/A;N/A;N/A;N/A;N/A;N/A;N/A;N/A;N/A;N/A;N/A;N/A;N/A;N/A;N/A;N/A
Toyota;"Corolla Cross";"1.8 Seg Hybrid E-cvt";2024;"0 km";;"AUTOMOTORA AUTOBOULEVARD.";44990;;;;;"Tres Cruces";https://auto.mercadolibre.com.uy/MLU-683828670-toyota-corolla-cross-0-km-_JM;N/A;;"_toyota Corolla Cross 0 Km";usd;Sí;gold;false;N/A;N/A;http://perfil.mercadolibre.com.uy/AUTOMOTORA+AUTOBOULEVARD.;active;N/A;N/A;Nuevo;Blanco;N/A;Eléctrica;4x2;Sí;N/A;Sí;N/A;N/A;N/A;N/A;N/A;N/A;N/A;N/A;N/A;N/A;N/A;N/A;N/A;N/A;N/A;N/A;N/A;N/A;N/A;N/A;N/A;N/A;"2660 mm";"1.8 L";"60 L";5;N/A;N/A;N/A;N/A;N/A;N/A;N/A;N/A;N/A;N/A;N/A;N/A;N/A;N/A;N/A;N/A;N/A;N/A;N/A;N/A;N/A;N/A;N/A;N/A;N/A;N/A;N/A;N/A;N/A;N/A;N/A;N/A;N/A;N/A;N/A;N/A;N/A;N/A;N/A;N/A;N/A;N/A;N/A;N/A;N/A;"1715 mm";"4570 mm";N/A;N/A;N/A;N/A;5;"146 hp";Seg;N/A;4;"1845 mm";N/A;N/A;N/A;N/A;N/A;N/A;N/A;N/A;N/A;N/A;N/A;"10.9 km/l";N/A;N/A;N/A;N/A;N/A;"LAV 9 A 19 HS";5;1.8;Híbrido;Automática;SUV;"Autos y camionetas";N/A;N/A;N/A;N/A;N/A;N/A;UY;N/A;N/A;N/A;N/A;N/A;N/A;N/A;N/A;N/A;N/A;N/A;N/A;N/A;N/A;N/A;N/A;N/A;N/A;N/A;N/A;N/A;N/A;N/A;N/A;N/A;N/A;N/A;N/A;N/A;N/A;N/A;N/A;N/A;N/A;N/A;N/A;N/A;N/A;N/A;N/A;N/A;N/A;N/A;N/A;N/A;N/A;N/A;N/A;N/A;N/A;N/A;N/A;N/A;N/A;N/A;N/A;N/A;N/A;N/A;N/A;N/A;N/A;N/A;N/A;N/A;N/A;N/A;N/A;N/A;N/A;N/A;N/A;N/A;N/A;N/A;N/A;N/A;N/A;N/A;N/A;N/A;N/A;N/A;N/A;N/A;N/A;N/A;N/A;N/A;N/A;N/A;N/A;N/A;N/A;N/A;N/A;N/A;N/A;N/A;N/A;N/A;N/A;N/A;N/A;N/A;Sí;N/A;Sí;N/A;N/A;N/A;N/A;Sí;N/A;N/A
Toyota;Hilux;"2.4 D.cab. T.dsl Dx 4x4";2021;"146000 km";;"DOURADO MOTORS";39900;;;;;Carrasco;https://auto.mercadolibre.com.uy/MLU-701626088-toyota-hilux-24-dcab-tdsl-dx-4x4-24-2021-impecable-_JM;N/A;;"Toyota Hilux 2.4 D.cab. T.dsl Dx 4x4 2.4 2021 Impecable!";USD;Sí;gold;false;N/A;N/A;http://perfil.mercadolibre.com.uy/DOURADO+MOTORS;active;N/A;N/A;Usado;Blanco;Sí;Hidráulica;N/A;Sí;Sí;Sí;N/A;N/A;N/A;Sí;Sí;N/A;N/A;N/A;N/A;Sí;N/A;N/A;N/A;N/A;N/A;N/A;N/A;N/A;N/A;N/A;N/A;N/A;N/A;"2400 cc";N/A;6;N/A;N/A;Sí;Sí;Sí;N/A;N/A;N/A;N/A;N/A;N/A;N/A;N/A;N/A;N/A;N/A;N/A;N/A;N/A;N/A;N/A;N/A;N/A;Sí;N/A;Sí;N/A;Sí;N/A;N/A;N/A;N/A;N/A;N/A;N/A;N/A;N/A;N/A;N/A;N/A;N/A;N/A;N/A;N/A;N/A;N/A;N/A;N/A;N/A;N/A;N/A;N/A;"150 hp";Dx;N/A;N/A;N/A;"10 km/l";N/A;N/A;N/A;Sí;N/A;Sí;N/A;N/A;N/A;N/A;"14 km/l";N/A;N/A;N/A;N/A;N/A;"Lun. a Vie. de 8:30 a 18:30 hs. Sáb. de 10 a 14 hs.";4;2.4;Diésel;Manual;Rural;"Autos y camionetas";No;N/A;N/A;N/A;No;N/A;N/A;No;Sí;No;No;N/A;N/A;N/A;N/A;N/A;N/A;N/A;N/A;N/A;N/A;N/A;N/A;N/A;N/A;N/A;N/A;N/A;N/A;N/A;N/A;N/A;N/A;N/A;N/A;N/A;N/A;N/A;N/A;N/A;N/A;N/A;N/A;N/A;N/A;N/A;N/A;N/A;N/A;N/A;N/A;N/A;N/A;N/A;N/A;N/A;N/A;N/A;N/A;N/A;N/A;N/A;No;N/A;N/A;N/A;N/A;N/A;N/A;N/A;N/A;N/A;N/A;N/A;N/A;N/A;N/A;N/A;N/A;N/A;N/A;N/A;N/A;N/A;N/A;N/A;N/A;N/A;N/A;N/A;N/A;N/A;N/A;N/A;N/A;N/A;Sí;Sí;N/A;Sí;Sí;Sí;Sí;N/A;N/A;Sí;N/A;N/A;N/A;N/A;Sí;Sí;N/A;N/A;Sí;Sí;Sí;Sí;N/A;N/A;N/A;Sí
Toyota;Hilux;"2.7 Doble Cabina";2009;"260000 km";;MANSIORATI.;15990;;;;;Larrañaga;https://auto.mercadolibre.com.uy/MLU-698247790-toyota-hilux-_JM;N/A;;"Toyota Hilux";USD;Sí;gold;false;N/A;N/A;http://perfil.mercadolibre.com.uy/MANSIORATI.;active;N/A;N/A;Usado;Azul;N/A;Hidráulica;4x2;N/A;N/A;N/A;N/A;N/A;N/A;N/A;N/A;N/A;N/A;N/A;N/A;N/A;N/A;N/A;N/A;N/A;N/A;N/A;N/A;N/A;N/A;N/A;N/A;N/A;N/A;N/A;N/A;N/A;N/A;N/A;N/A;N/A;N/A;N/A;N/A;N/A;N/A;N/A;N/A;N/A;N/A;N/A;N/A;N/A;N/A;N/A;N/A;N/A;N/A;N/A;N/A;N/A;N/A;N/A;N/A;N/A;N/A;N/A;N/A;N/A;N/A;N/A;N/A;N/A;N/A;N/A;N/A;N/A;N/A;N/A;N/A;N/A;N/A;N/A;N/A;N/A;N/A;N/A;N/A;N/A;N/A;N/A;N/A;N/A;N/A;N/A;N/A;N/A;N/A;N/A;N/A;N/A;N/A;N/A;N/A;N/A;N/A;N/A;N/A;N/A;N/A;N/A;N/A;4;2.7;Nafta;Manual;N/A;"Autos y camionetas";N/A;N/A;N/A;N/A;N/A;N/A;N/A;N/A;N/A;N/A;N/A;N/A;N/A;N/A;N/A;N/A;N/A;N/A;N/A;N/A;N/A;N/A;N/A;N/A;N/A;N/A;N/A;N/A;N/A;N/A;N/A;N/A;N/A;N/A;N/A;N/A;N/A;N/A;N/A;N/A;N/A;N/A;N/A;N/A;N/A;N/A;N/A;N/A;N/A;N/A;N/A;N/A;N/A;N/A;N/A;N/A;N/A;N/A;N/A;N/A;N/A;N/A;N/A;N/A;N/A;N/A;N/A;N/A;N/A;N/A;N/A;N/A;N/A;N/A;N/A;N/A;N/A;N/A;N/A;N/A;N/A;N/A;N/A;N/A;N/A;N/A;N/A;N/A;N/A;N/A;N/A;N/A;N/A;N/A;N/A;N/A;N/A;N/A;N/A;N/A;N/A;N/A;N/A;N/A;N/A;N/A;N/A;N/A;N/A;N/A;N/A;N/A;N/A;N/A;N/A;N/A;N/A;N/A;N/A;N/A;N/A;N/A
Toyota;Raize;"1.2 Gl Mt";2023;"0 km";;"AUTOMOTORA AUTOBOULEVARD.";24990;;;;;"Tres Cruces";https://auto.mercadolibre.com.uy/MLU-695428414-toyota-raize-_JM;N/A;;"Toyota Raize ";usd;Sí;gold;false;N/A;N/A;http://perfil.mercadolibre.com.uy/AUTOMOTORA+AUTOBOULEVARD.;active;N/A;N/A;Nuevo;Negro;N/A;N/A;Delantera;N/A;N/A;N/A;N/A;N/A;N/A;N/A;N/A;N/A;N/A;N/A;N/A;N/A;N/A;N/A;N/A;N/A;N/A;N/A;N/A;N/A;N/A;N/A;N/A;N/A;N/A;"1.2 L";N/A;5;N/A;N/A;N/A;N/A;N/A;N/A;N/A;N/A;N/A;N/A;N/A;N/A;N/A;N/A;N/A;N/A;N/A;N/A;N/A;N/A;N/A;N/A;N/A;N/A;N/A;N/A;N/A;N/A;N/A;N/A;N/A;N/A;N/A;N/A;N/A;N/A;N/A;N/A;N/A;N/A;N/A;N/A;N/A;N/A;N/A;"1630 mm";"4030 mm";N/A;N/A;N/A;N/A;5;"87 hp";Gl;N/A;4;"1710 mm";N/A;N/A;N/A;N/A;N/A;N/A;N/A;N/A;N/A;N/A;N/A;N/A;N/A;N/A;N/A;N/A;N/A;"Lunes a viernes 9 a 19 hs y Sábados 10 a 13 hs";5;1.2;Nafta;Manual;SUV;"Autos y camionetas";N/A;N/A;N/A;N/A;N/A;N/A;UY;N/A;N/A;N/A;N/A;N/A;N/A;N/A;N/A;N/A;N/A;N/A;N/A;N/A;N/A;N/A;N/A;N/A;N/A;N/A;N/A;N/A;N/A;N/A;N/A;N/A;N/A;N/A;N/A;N/A;N/A;N/A;N/A;N/A;N/A;N/A;N/A;N/A;N/A;N/A;N/A;N/A;N/A;N/A;N/A;N/A;N/A;N/A;N/A;N/A;N/A;N/A;N/A;N/A;N/A;N/A;N/A;N/A;N/A;N/A;N/A;N/A;N/A;N/A;N/A;N/A;N/A;N/A;N/A;N/A;N/A;N/A;N/A;N/A;N/A;N/A;N/A;N/A;N/A;N/A;N/A;N/A;N/A;N/A;N/A;N/A;N/A;N/A;N/A;N/A;N/A;N/A;N/A;N/A;N/A;N/A;N/A;N/A;N/A;N/A;N/A;N/A;N/A;N/A;N/A;N/A;N/A;N/A;N/A;N/A;N/A;N/A;N/A;N/A;N/A;N/A
Toyota;Hilux;"2.4 D.cab. T.dsl Dx 4x4";2021;"131000 km";;"DOURADO MOTORS";39990;;;;;Carrasco;https://auto.mercadolibre.com.uy/MLU-699232956-toyota-hilux-24-dcab-tdsl-dx-4x4-24-2021-impecable-_JM;N/A;;"Toyota Hilux 2.4 D.cab. T.dsl Dx 4x4 2.4 2021 Impecable!";usd;Sí;gold;false;N/A;N/A;http://perfil.mercadolibre.com.uy/DOURADO+MOTORS;active;N/A;N/A;Usado;Blanco;Sí;Hidráulica;N/A;Sí;Sí;Sí;N/A;N/A;N/A;Sí;Sí;N/A;N/A;N/A;N/A;Sí;N/A;N/A;N/A;N/A;N/A;N/A;N/A;N/A;N/A;N/A;N/A;N/A;N/A;"2400 cc";N/A;6;N/A;N/A;Sí;Sí;Sí;N/A;N/A;N/A;N/A;N/A;N/A;N/A;N/A;N/A;N/A;N/A;N/A;N/A;N/A;N/A;N/A;N/A;N/A;Sí;N/A;Sí;N/A;Sí;N/A;N/A;N/A;N/A;N/A;N/A;N/A;N/A;N/A;N/A;N/A;N/A;N/A;N/A;N/A;N/A;N/A;N/A;N/A;N/A;N/A;N/A;N/A;N/A;"150 hp";Dx;N/A;N/A;N/A;"10 km/l";N/A;N/A;N/A;Sí;N/A;Sí;N/A;N/A;N/A;N/A;"14 km/l";N/A;N/A;N/A;N/A;N/A;"Lun. a Vie. de 8:30 a 18:30 hs. Sáb. de 10 a 14 hs.";4;2.4;Diésel;Manual;Pick-Up;"Autos y camionetas";No;N/A;N/A;N/A;No;N/A;UY;No;Sí;No;No;N/A;N/A;N/A;N/A;N/A;N/A;N/A;N/A;N/A;N/A;N/A;N/A;N/A;N/A;N/A;N/A;N/A;N/A;N/A;N/A;N/A;N/A;N/A;N/A;N/A;N/A;N/A;N/A;N/A;N/A;N/A;N/A;N/A;N/A;N/A;N/A;N/A;N/A;N/A;N/A;N/A;N/A;N/A;N/A;N/A;N/A;N/A;N/A;N/A;N/A;N/A;No;N/A;N/A;N/A;N/A;N/A;N/A;N/A;N/A;N/A;N/A;N/A;N/A;N/A;N/A;N/A;N/A;N/A;N/A;N/A;N/A;N/A;N/A;N/A;N/A;N/A;N/A;N/A;N/A;N/A;N/A;N/A;N/A;N/A;Sí;Sí;N/A;Sí;Sí;Sí;Sí;N/A;N/A;Sí;N/A;N/A;N/A;N/A;Sí;Sí;N/A;N/A;Sí;Sí;Sí;Sí;N/A;N/A;N/A;Sí
Toyota;Hilux;"2.4 D.cab. T.dsl Dx 4x4";2021;"120000 km";;"DOURADO MOTORS";39900;;;;;Carrasco;https://auto.mercadolibre.com.uy/MLU-696058896-toyota-hilux-24-dcab-tdsl-dx-4x4-24-2021-impecable-_JM;N/A;;"Toyota Hilux 2.4 D.cab. T.dsl Dx 4x4 2.4 2021 Impecable!";usd;Sí;gold;false;N/A;N/A;http://perfil.mercadolibre.com.uy/DOURADO+MOTORS;active;N/A;N/A;Usado;Blanco;Sí;Hidráulica;N/A;Sí;Sí;Sí;N/A;N/A;N/A;Sí;Sí;N/A;N/A;N/A;N/A;Sí;N/A;N/A;N/A;N/A;N/A;N/A;N/A;N/A;N/A;N/A;N/A;N/A;N/A;"2400 cc";N/A;6;N/A;N/A;Sí;Sí;Sí;N/A;N/A;N/A;N/A;N/A;N/A;N/A;N/A;N/A;N/A;N/A;N/A;N/A;N/A;N/A;N/A;N/A;N/A;Sí;N/A;Sí;N/A;Sí;N/A;N/A;N/A;N/A;N/A;N/A;N/A;N/A;N/A;N/A;N/A;N/A;N/A;N/A;N/A;N/A;N/A;N/A;N/A;N/A;N/A;N/A;N/A;N/A;"150 hp";Dx;N/A;N/A;N/A;"10 km/l";N/A;N/A;N/A;Sí;N/A;Sí;N/A;N/A;N/A;N/A;"14 km/l";N/A;N/A;N/A;N/A;N/A;"Lun. a Vie. de 8:30 a 18:30 hs. Sáb. de 10 a 14 hs.";4;2.4;Diésel;Manual;Rural;"Autos y camionetas";No;N/A;N/A;N/A;No;N/A;UY;No;Sí;No;No;N/A;N/A;N/A;N/A;N/A;N/A;N/A;N/A;N/A;N/A;N/A;N/A;N/A;N/A;N/A;N/A;N/A;N/A;N/A;N/A;N/A;N/A;N/A;N/A;N/A;N/A;N/A;N/A;N/A;N/A;N/A;N/A;N/A;N/A;N/A;N/A;N/A;N/A;N/A;N/A;N/A;N/A;N/A;N/A;N/A;N/A;N/A;N/A;N/A;N/A;N/A;No;N/A;N/A;N/A;N/A;N/A;N/A;N/A;N/A;N/A;N/A;N/A;N/A;N/A;N/A;N/A;N/A;N/A;N/A;N/A;N/A;N/A;N/A;N/A;N/A;N/A;N/A;N/A;N/A;N/A;N/A;N/A;N/A;N/A;Sí;Sí;N/A;Sí;Sí;Sí;Sí;N/A;N/A;Sí;N/A;N/A;N/A;N/A;Sí;Sí;N/A;N/A;Sí;Sí;Sí;Sí;N/A;N/A;N/A;Sí
Toyota;"Hilux SW4";"2.8 D.cab. T.dsl Srv Plus 177hp 4x4 Aut";2020;"150000 km";;"PALERMO AUTOMOVILES";51990;;;;;"Lomas de Solymar";https://auto.mercadolibre.com.uy/MLU-701265198-toyota-hilux-srv-at-4x4-diesel-_JM;N/A;;"Toyota Hilux Srv At 4x4 Diesel";usd;Sí;gold;false;N/A;N/A;http://perfil.mercadolibre.com.uy/PALERMO+AUTOMOVILES;active;N/A;N/A;Usado;Blanco;N/A;Hidráulica;4x4;Sí;N/A;Sí;N/A;N/A;N/A;N/A;N/A;N/A;N/A;N/A;N/A;N/A;N/A;N/A;N/A;N/A;N/A;N/A;N/A;N/A;N/A;N/A;N/A;N/A;"2750 mm";"2.8 L";"80 L";5;N/A;N/A;N/A;N/A;N/A;N/A;N/A;N/A;N/A;N/A;N/A;N/A;N/A;N/A;N/A;N/A;N/A;N/A;N/A;N/A;N/A;N/A;N/A;N/A;N/A;N/A;N/A;N/A;N/A;N/A;N/A;N/A;N/A;N/A;N/A;N/A;N/A;N/A;N/A;N/A;N/A;N/A;N/A;N/A;N/A;"1850 mm";"4705 mm";N/A;N/A;N/A;N/A;7;"177 hp";"Srv Plus";N/A;4;"1840 mm";N/A;N/A;N/A;N/A;N/A;N/A;N/A;Sí;N/A;N/A;N/A;N/A;N/A;N/A;N/A;N/A;N/A;"Lunes a Viernes de 9 a 18 y Sáb 9 a 13";5;2.8;Diésel;Automática;SUV;"Autos y camionetas";N/A;N/A;N/A;N/A;N/A;N/A;UY;N/A;N/A;N/A;N/A;N/A;N/A;N/A;N/A;N/A;N/A;N/A;N/A;N/A;N/A;N/A;N/A;N/A;N/A;N/A;N/A;N/A;N/A;N/A;N/A;N/A;N/A;N/A;N/A;N/A;N/A;N/A;N/A;N/A;N/A;N/A;N/A;N/A;N/A;N/A;N/A;N/A;N/A;N/A;N/A;N/A;N/A;N/A;N/A;N/A;N/A;N/A;N/A;N/A;N/A;N/A;N/A;N/A;N/A;N/A;N/A;N/A;N/A;N/A;N/A;N/A;N/A;N/A;N/A;N/A;N/A;N/A;N/A;N/A;N/A;N/A;N/A;N/A;N/A;N/A;N/A;N/A;N/A;N/A;N/A;N/A;N/A;N/A;N/A;N/A;N/A;N/A;N/A;N/A;N/A;N/A;N/A;N/A;N/A;N/A;N/A;N/A;N/A;N/A;N/A;N/A;Sí;N/A;Sí;N/A;N/A;N/A;N/A;Sí;N/A;N/A
Toyota;Prius;"1.5 C Hibrido At";2019;"66000 km";;AMAYAPUNTA;20900;;;;;"Punta del Este";https://auto.mercadolibre.com.uy/MLU-695676172-toyota-prius-c-15-hibrido-automatico-_JM;N/A;;"Toyota Prius C 1.5 Hibrido Automático";usd;Sí;gold;false;N/A;N/A;http://perfil.mercadolibre.com.uy/AMAYAPUNTA;active;N/A;N/A;Usado;Plateado;Sí;Hidráulica;Delantera;Sí;Sí;N/A;N/A;N/A;N/A;N/A;N/A;N/A;N/A;N/A;N/A;Sí;N/A;Sí;N/A;N/A;N/A;N/A;N/A;N/A;N/A;N/A;N/A;N/A;"2700 mm";"1.5 L";"43 L";N/A;N/A;N/A;N/A;N/A;N/A;N/A;N/A;N/A;N/A;N/A;N/A;N/A;N/A;N/A;N/A;N/A;N/A;N/A;N/A;N/A;N/A;N/A;N/A;N/A;N/A;N/A;N/A;N/A;N/A;N/A;N/A;N/A;N/A;N/A;N/A;N/A;N/A;N/A;N/A;N/A;N/A;N/A;N/A;N/A;N/A;"1490 mm";"4540 mm";N/A;N/A;N/A;N/A;5;"36 hp";N/A;N/A;4;"1760 mm";N/A;Sí;N/A;N/A;Sí;N/A;Sí;Sí;N/A;N/A;N/A;N/A;N/A;N/A;N/A;N/A;Sí;"De lunes a viernes de 10:00 a 19:00, sábados de 10:00 a 14:00.";5;1.5;Híbrido;Automática;Hatchback;"Autos y camionetas";N/A;N/A;N/A;N/A;N/A;N/A;UY;N/A;Sí;N/A;N/A;N/A;N/A;N/A;N/A;N/A;N/A;N/A;N/A;N/A;N/A;N/A;N/A;N/A;Sí;N/A;N/A;N/A;N/A;N/A;N/A;N/A;N/A;N/A;N/A;N/A;N/A;N/A;N/A;N/A;N/A;N/A;N/A;N/A;N/A;N/A;N/A;N/A;N/A;N/A;N/A;N/A;N/A;N/A;N/A;N/A;N/A;N/A;N/A;N/A;N/A;N/A;N/A;N/A;N/A;N/A;N/A;N/A;N/A;N/A;N/A;N/A;N/A;N/A;N/A;N/A;N/A;N/A;N/A;N/A;N/A;N/A;N/A;N/A;N/A;N/A;N/A;N/A;N/A;N/A;N/A;N/A;N/A;N/A;N/A;N/A;Sí;Sí;Sí;N/A;Sí;N/A;N/A;N/A;N/A;Sí;N/A;Sí;Sí;N/A;N/A;Sí;Sí;Sí;Sí;N/A;Sí;N/A;N/A;Sí;N/A;Sí
Toyota;Tercel;1.3;1998;"300000 km";;DIAMANTIS-CARS;4990;;;;;Malvin;https://auto.mercadolibre.com.uy/MLU-695377356-toyota-tercel-13-std-_JM;N/A;;"Toyota Tercel 1.3 Std";usd;No;gold;false;N/A;N/A;http://perfil.mercadolibre.com.uy/DIAMANTIS-CARS;active;N/A;N/A;Usado;Plateado;N/A;N/A;Delantera;Sí;N/A;N/A;N/A;N/A;N/A;N/A;N/A;N/A;N/A;N/A;N/A;N/A;N/A;N/A;N/A;N/A;N/A;N/A;N/A;N/A;N/A;N/A;N/A;N/A;"2380 mm";"1.3 L";"45 L";4;N/A;N/A;N/A;N/A;N/A;N/A;N/A;N/A;N/A;N/A;N/A;N/A;N/A;N/A;N/A;N/A;N/A;N/A;N/A;N/A;N/A;N/A;N/A;N/A;N/A;N/A;N/A;N/A;N/A;N/A;N/A;N/A;N/A;N/A;N/A;N/A;N/A;N/A;N/A;N/A;N/A;N/A;N/A;N/A;N/A;"1365 mm";"3930 mm";N/A;N/A;N/A;N/A;5;"93 hp";N/A;N/A;4;"1645 mm";N/A;N/A;N/A;N/A;N/A;N/A;N/A;N/A;N/A;N/A;N/A;N/A;N/A;N/A;N/A;N/A;N/A;"Lunes a Viernes de 10:00 a 18:00 hs";4;1.3;Nafta;Manual;Sedán;"Autos y camionetas";N/A;N/A;N/A;N/A;N/A;N/A;UY;N/A;N/A;N/A;N/A;N/A;N/A;N/A;N/A;N/A;N/A;N/A;N/A;N/A;N/A;N/A;N/A;N/A;N/A;N/A;N/A;N/A;N/A;N/A;N/A;N/A;N/A;N/A;N/A;N/A;N/A;N/A;N/A;N/A;N/A;N/A;N/A;N/A;N/A;N/A;N/A;N/A;N/A;N/A;N/A;N/A;N/A;N/A;N/A;N/A;N/A;N/A;N/A;N/A;N/A;N/A;N/A;N/A;N/A;N/A;N/A;N/A;N/A;N/A;N/A;N/A;N/A;N/A;N/A;N/A;N/A;N/A;N/A;N/A;N/A;N/A;N/A;N/A;N/A;N/A;N/A;N/A;N/A;N/A;N/A;N/A;N/A;N/A;N/A;N/A;N/A;N/A;N/A;N/A;N/A;N/A;N/A;N/A;N/A;N/A;N/A;N/A;N/A;N/A;N/A;N/A;N/A;N/A;Sí;N/A;N/A;N/A;N/A;N/A;N/A;N/A
Toyota;Hilux;"Sr 2.7 Nafta 4x2";2012;"200000 km";;MVDMOTORS;18490;;;;;"La Blanqueada";https://auto.mercadolibre.com.uy/MLU-693592956-toyota-hilux-4x2-no-amarok-no-ranger-no-l200-_JM;N/A;;"Toyota Hilux 4x2 No Amarok!! No Ranger!! No L200!!";USD;Sí;gold;false;N/A;N/A;http://perfil.mercadolibre.com.uy/MVDMOTORS;active;N/A;N/A;Usado;Negro;No;Hidráulica;4x2;Sí;Sí;N/A;N/A;N/A;No;N/A;N/A;No;N/A;N/A;No;Sí;N/A;No;N/A;N/A;N/A;N/A;N/A;N/A;N/A;N/A;N/A;N/A;N/A;N/A;N/A;N/A;N/A;N/A;N/A;N/A;N/A;Sí;N/A;N/A;N/A;N/A;N/A;N/A;N/A;N/A;N/A;N/A;N/A;N/A;N/A;N/A;N/A;N/A;N/A;N/A;N/A;N/A;N/A;N/A;N/A;No;N/A;N/A;N/A;N/A;N/A;N/A;N/A;N/A;N/A;N/A;N/A;N/A;N/A;N/A;N/A;N/A;N/A;N/A;N/A;N/A;N/A;N/A;N/A;N/A;N/A;N/A;N/A;N/A;No;N/A;Sí;Sí;N/A;Sí;Sí;N/A;No;N/A;N/A;Sí;Sí;N/A;N/A;No;"Lun-Vier 09:00-19:00 / Sáb. 09:00 - 13:00.";5;2.7;Nafta;Manual;Pick-Up;"Autos y camionetas";No;N/A;N/A;N/A;No;N/A;N/A;N/A;Sí;N/A;No;N/A;N/A;N/A;N/A;N/A;N/A;N/A;N/A;N/A;N/A;N/A;N/A;N/A;No;N/A;N/A;N/A;N/A;N/A;N/A;N/A;N/A;N/A;N/A;N/A;N/A;N/A;N/A;N/A;N/A;N/A;N/A;No;N/A;N/A;N/A;N/A;N/A;N/A;N/A;N/A;N/A;N/A;N/A;N/A;N/A;N/A;N/A;N/A;N/A;No;Sí;N/A;N/A;N/A;N/A;N/A;N/A;N/A;N/A;N/A;N/A;N/A;N/A;N/A;N/A;N/A;N/A;N/A;N/A;N/A;N/A;N/A;N/A;N/A;N/A;N/A;N/A;N/A;N/A;N/A;N/A;N/A;N/A;No;Sí;Sí;Sí;N/A;Sí;N/A;N/A;N/A;N/A;Sí;No;No;Sí;N/A;N/A;Sí;Sí;Sí;Sí;Sí;No;Sí;Sí;Sí;N/A;Sí
Toyota;"Rav4 Hybrid";"2.5 S Plus 2Wd E-Cvt";2024;"0 km";;"AUTOMOTORA AUTOBOULEVARD.";56990;;;;;"Tres Cruces";https://auto.mercadolibre.com.uy/MLU-642455511-toyota-rav-4-hybrid-plus-_JM;N/A;;"_toyota Rav 4 Hybrid Plus ";usd;Sí;gold;false;N/A;N/A;http://perfil.mercadolibre.com.uy/AUTOMOTORA+AUTOBOULEVARD.;active;N/A;N/A;Nuevo;Blanco;N/A;N/A;4x2;N/A;N/A;N/A;N/A;N/A;N/A;N/A;N/A;N/A;N/A;N/A;N/A;N/A;N/A;N/A;N/A;N/A;N/A;N/A;N/A;N/A;N/A;N/A;N/A;N/A;"2660 mm";"2.5 L";"60 L";6;N/A;N/A;N/A;N/A;N/A;N/A;N/A;N/A;N/A;N/A;N/A;N/A;N/A;N/A;N/A;N/A;N/A;N/A;N/A;N/A;N/A;N/A;N/A;N/A;N/A;N/A;N/A;N/A;N/A;N/A;N/A;N/A;N/A;N/A;N/A;N/A;N/A;N/A;N/A;N/A;N/A;N/A;N/A;N/A;N/A;"1685 mm";"4600 mm";N/A;N/A;N/A;N/A;5;"218 hp";"S Plus";N/A;4;"1855 mm";N/A;N/A;N/A;N/A;N/A;N/A;N/A;N/A;N/A;N/A;N/A;N/A;N/A;N/A;N/A;N/A;N/A;"LAV 9 A 19 HS";5;2.5;Híbrido;Automática;SUV;"Autos y camionetas";N/A;N/A;N/A;N/A;N/A;N/A;UY;N/A;N/A;N/A;N/A;N/A;N/A;N/A;N/A;N/A;N/A;N/A;N/A;N/A;N/A;N/A;N/A;N/A;N/A;N/A;N/A;N/A;N/A;N/A;N/A;N/A;N/A;N/A;N/A;N/A;N/A;N/A;N/A;N/A;N/A;N/A;N/A;N/A;N/A;N/A;N/A;N/A;N/A;N/A;N/A;N/A;N/A;N/A;N/A;N/A;N/A;N/A;N/A;N/A;N/A;N/A;N/A;N/A;N/A;N/A;N/A;N/A;N/A;N/A;N/A;N/A;N/A;N/A;N/A;N/A;N/A;N/A;N/A;N/A;N/A;N/A;N/A;N/A;N/A;N/A;N/A;N/A;N/A;N/A;N/A;N/A;N/A;N/A;N/A;N/A;N/A;N/A;N/A;N/A;N/A;N/A;N/A;N/A;N/A;N/A;N/A;N/A;N/A;N/A;N/A;N/A;N/A;N/A;N/A;N/A;N/A;N/A;N/A;N/A;N/A;N/A
Toyota;Hilux;"2.7 D.cab. Srv 4x4";2023;"0 km";;"AUTOMOTORA AUTOBOULEVARD.";46990;;;;;"Tres Cruces";https://auto.mercadolibre.com.uy/MLU-676550082-toyota-hilux-srv-27-nafta-0-km-_JM;N/A;;"_toyota Hilux Srv 2.7 Nafta 0 Km!";usd;Sí;gold;false;N/A;N/A;http://perfil.mercadolibre.com.uy/AUTOMOTORA+AUTOBOULEVARD.;active;N/A;N/A;Nuevo;Gris;N/A;Hidráulica;4x4;Sí;N/A;Sí;N/A;N/A;N/A;N/A;N/A;N/A;N/A;N/A;N/A;Sí;N/A;N/A;N/A;N/A;N/A;N/A;N/A;N/A;N/A;N/A;N/A;N/A;"2860 mm";"2494 cc";"80 L";5;N/A;N/A;N/A;N/A;N/A;N/A;N/A;N/A;N/A;N/A;N/A;N/A;N/A;N/A;N/A;N/A;N/A;N/A;N/A;N/A;N/A;N/A;N/A;N/A;N/A;N/A;N/A;N/A;N/A;N/A;N/A;N/A;N/A;N/A;N/A;N/A;N/A;N/A;N/A;N/A;N/A;N/A;N/A;N/A;N/A;"1850 mm";"5260 mm";N/A;N/A;N/A;N/A;5;"177 hp";Srv;N/A;2;"1855 mm";N/A;Sí;N/A;N/A;Sí;N/A;N/A;N/A;N/A;N/A;N/A;N/A;N/A;N/A;N/A;N/A;N/A;"L a V 9 a 19hs";4;2.7;Nafta;Manual;Pick-Up;"Autos y camionetas";N/A;N/A;N/A;N/A;N/A;N/A;UY;N/A;N/A;N/A;N/A;N/A;N/A;N/A;N/A;N/A;N/A;N/A;N/A;N/A;N/A;N/A;N/A;N/A;N/A;N/A;N/A;N/A;N/A;N/A;N/A;N/A;N/A;N/A;N/A;N/A;N/A;N/A;N/A;N/A;N/A;N/A;N/A;N/A;N/A;N/A;N/A;N/A;N/A;N/A;N/A;N/A;N/A;N/A;N/A;N/A;N/A;N/A;N/A;N/A;N/A;N/A;N/A;N/A;N/A;N/A;N/A;N/A;N/A;N/A;N/A;N/A;N/A;N/A;N/A;N/A;N/A;N/A;N/A;N/A;N/A;N/A;N/A;N/A;N/A;N/A;N/A;N/A;N/A;N/A;N/A;N/A;N/A;N/A;N/A;N/A;N/A;N/A;N/A;N/A;N/A;N/A;N/A;N/A;N/A;N/A;N/A;N/A;N/A;N/A;N/A;N/A;Sí;N/A;Sí;N/A;N/A;N/A;Sí;Sí;N/A;N/A
Toyota;Hilux;"2.7 Cd Srv Vvti 4x4 Cuero - B4";2017;"150000 km";;"PALERMO AUTOMOVILES";26990;;;;;"Lomas de Solymar";https://auto.mercadolibre.com.uy/MLU-646740765-toyota-hilux-srv-27-nafta-4x4-_JM;N/A;;"Toyota Hilux Srv 2.7 Nafta 4x4";usd;Sí;gold;false;N/A;N/A;http://perfil.mercadolibre.com.uy/PALERMO+AUTOMOVILES;active;N/A;N/A;Usado;Gris;N/A;Hidráulica;4x4;Sí;N/A;Sí;N/A;N/A;N/A;N/A;N/A;N/A;N/A;N/A;N/A;N/A;N/A;N/A;N/A;N/A;N/A;N/A;N/A;N/A;N/A;N/A;N/A;N/A;"2860 mm";"2.7 L";"80 L";5;N/A;N/A;N/A;N/A;N/A;N/A;N/A;N/A;N/A;N/A;N/A;N/A;N/A;N/A;N/A;N/A;N/A;N/A;N/A;N/A;N/A;N/A;N/A;N/A;N/A;N/A;N/A;N/A;N/A;N/A;N/A;N/A;N/A;N/A;N/A;N/A;N/A;N/A;N/A;N/A;N/A;N/A;N/A;N/A;N/A;"1860 mm";"5260 mm";N/A;N/A;N/A;N/A;5;"160 hp";Srv;N/A;4;"1855 mm";N/A;Sí;N/A;N/A;N/A;N/A;N/A;N/A;N/A;N/A;N/A;N/A;N/A;N/A;N/A;N/A;N/A;"Lunes a Viernes de 9 a 18 y Sáb 9 a 13";4;2.7;Nafta;Manual;Pick-Up;"Autos y camionetas";N/A;N/A;N/A;N/A;N/A;N/A;UY;N/A;N/A;N/A;N/A;N/A;N/A;N/A;N/A;N/A;N/A;N/A;N/A;N/A;N/A;N/A;N/A;N/A;N/A;N/A;N/A;N/A;N/A;N/A;N/A;N/A;N/A;N/A;N/A;N/A;N/A;N/A;N/A;N/A;N/A;N/A;N/A;N/A;N/A;N/A;N/A;N/A;N/A;N/A;N/A;N/A;N/A;N/A;N/A;N/A;N/A;N/A;N/A;N/A;N/A;N/A;N/A;N/A;N/A;N/A;N/A;N/A;N/A;N/A;N/A;N/A;N/A;N/A;N/A;N/A;N/A;N/A;N/A;N/A;N/A;N/A;N/A;N/A;N/A;N/A;N/A;N/A;N/A;N/A;N/A;N/A;N/A;N/A;N/A;N/A;N/A;N/A;N/A;N/A;N/A;N/A;N/A;N/A;N/A;N/A;N/A;N/A;N/A;N/A;N/A;N/A;Sí;N/A;Sí;N/A;N/A;N/A;Sí;Sí;N/A;N/A
Toyota;Prius;"C 100% en 60 Cuotas";2018;"80000 km";;"VIPERCAR AUTOMOVILES_3";18200;;;;;Centro;https://auto.mercadolibre.com.uy/MLU-701401122-toyota-prius-c-100-en-60-cuotas-15-2018-impecable-_JM;N/A;;"Toyota Prius C 100% En 60 Cuotas 1.5 2018 Impecable!";USD;Sí;gold;false;N/A;N/A;http://perfil.mercadolibre.com.uy/VIPERCAR+AUTOMOVILES_3;active;N/A;N/A;Usado;"Gris oscuro";N/A;Eléctrica;N/A;Sí;Sí;Sí;N/A;N/A;N/A;Sí;Sí;N/A;N/A;N/A;Sí;Sí;N/A;N/A;N/A;N/A;N/A;N/A;N/A;N/A;N/A;N/A;N/A;N/A;N/A;"1500 cc";N/A;N/A;N/A;N/A;Sí;Sí;N/A;N/A;Sí;N/A;N/A;N/A;N/A;N/A;N/A;N/A;N/A;N/A;N/A;N/A;N/A;N/A;N/A;N/A;N/A;N/A;N/A;Sí;N/A;N/A;N/A;N/A;N/A;N/A;N/A;N/A;N/A;N/A;Sí;N/A;N/A;N/A;N/A;N/A;Sí;N/A;N/A;N/A;N/A;N/A;N/A;N/A;N/A;N/A;N/A;N/A;N/A;N/A;N/A;N/A;N/A;N/A;Sí;N/A;Sí;N/A;N/A;Sí;N/A;N/A;N/A;N/A;N/A;N/A;N/A;Sí;"Lun a Vie de 9 a 12:30 y de 13:30 a 19. Sáb de 9 a 13 hs.";5;1.5;Híbrido;Automática;Hatchback;"Autos y camionetas";No;N/A;N/A;N/A;No;N/A;N/A;No;Sí;No;No;N/A;N/A;N/A;N/A;N/A;N/A;N/A;N/A;N/A;N/A;N/A;N/A;N/A;N/A;N/A;N/A;N/A;N/A;N/A;N/A;N/A;N/A;N/A;N/A;N/A;N/A;N/A;N/A;N/A;N/A;N/A;N/A;N/A;N/A;N/A;N/A;N/A;N/A;N/A;N/A;N/A;N/A;N/A;N/A;N/A;N/A;N/A;N/A;N/A;N/A;N/A;No;N/A;N/A;N/A;N/A;N/A;N/A;N/A;N/A;N/A;N/A;N/A;N/A;N/A;N/A;N/A;N/A;N/A;N/A;N/A;N/A;N/A;N/A;N/A;N/A;N/A;N/A;N/A;N/A;N/A;N/A;N/A;N/A;N/A;Sí;Sí;Sí;N/A;Sí;N/A;N/A;N/A;N/A;Sí;N/A;N/A;N/A;N/A;Sí;N/A;N/A;N/A;Sí;N/A;Sí;N/A;N/A;N/A;N/A;Sí
Toyota;Corolla;"1.8 Xei Aut";2018;"116000 km";;"ONE MOTORS";22800;;;;;"Colonia Valdense";https://auto.mercadolibre.com.uy/MLU-645583125-toyota-corolla-2018-18-xei-aut-_JM;N/A;;"Toyota Corolla 2018 1.8 Xei Aut";usd;Sí;gold;false;N/A;N/A;http://perfil.mercadolibre.com.uy/ONE+MOTORS;active;N/A;N/A;Usado;Blanco;N/A;Eléctrica;Delantera;Sí;N/A;Sí;N/A;N/A;N/A;N/A;N/A;N/A;N/A;N/A;N/A;N/A;N/A;N/A;N/A;N/A;N/A;N/A;N/A;N/A;N/A;N/A;N/A;N/A;"2700 mm";"1.8 L";"57 L";7;N/A;N/A;N/A;N/A;N/A;N/A;N/A;N/A;N/A;N/A;N/A;N/A;N/A;N/A;N/A;N/A;N/A;N/A;N/A;N/A;N/A;N/A;N/A;N/A;N/A;N/A;N/A;N/A;N/A;N/A;N/A;N/A;N/A;N/A;N/A;N/A;N/A;N/A;N/A;N/A;N/A;N/A;N/A;N/A;N/A;"1460 mm";"4620 mm";N/A;N/A;N/A;N/A;5;"140 hp";Xei;N/A;4;"1775 mm";"13.5 km/l";N/A;N/A;N/A;N/A;N/A;N/A;N/A;N/A;N/A;N/A;N/A;N/A;N/A;N/A;N/A;N/A;N/A;4;1.8;Nafta;Automática;Sedán;"Autos y camionetas";N/A;N/A;N/A;N/A;N/A;N/A;UY;N/A;N/A;N/A;N/A;N/A;N/A;N/A;N/A;N/A;N/A;N/A;N/A;N/A;N/A;N/A;N/A;N/A;N/A;N/A;N/A;N/A;N/A;N/A;N/A;N/A;N/A;N/A;N/A;N/A;N/A;N/A;N/A;N/A;N/A;N/A;N/A;N/A;N/A;N/A;N/A;N/A;N/A;N/A;N/A;N/A;N/A;N/A;N/A;N/A;N/A;N/A;N/A;N/A;N/A;N/A;N/A;N/A;N/A;N/A;N/A;N/A;N/A;N/A;N/A;N/A;N/A;N/A;N/A;N/A;N/A;N/A;N/A;N/A;N/A;N/A;N/A;N/A;N/A;N/A;N/A;N/A;N/A;N/A;N/A;N/A;N/A;N/A;N/A;N/A;N/A;N/A;N/A;N/A;N/A;N/A;N/A;N/A;N/A;N/A;N/A;N/A;N/A;N/A;N/A;N/A;Sí;N/A;Sí;N/A;N/A;N/A;Sí;Sí;N/A;N/A
Toyota;"Corolla Cross";Se-G;2025;"0 km";;LAUTOMOTORA;44990;;;;;"San Jacinto";https://auto.mercadolibre.com.uy/MLU-695631712-toyota-corolla-cross-se-g-20-2025-0km-lautomotora-_JM;N/A;;"Toyota Corolla Cross Se-g 2.0 2025 0km - Lautomotora";USD;Sí;gold;false;N/A;N/A;http://perfil.mercadolibre.com.uy/LAUTOMOTORA;active;N/A;N/A;Nuevo;Blanco;N/A;Hidráulica;N/A;Sí;Sí;Sí;Sí;Sí;N/A;Sí;Sí;Sí;Sí;Sí;Sí;Sí;N/A;N/A;N/A;N/A;N/A;N/A;N/A;N/A;N/A;N/A;N/A;N/A;N/A;"2000 cc";N/A;10;N/A;N/A;Sí;Sí;Sí;Sí;Sí;N/A;N/A;N/A;N/A;N/A;N/A;N/A;N/A;N/A;N/A;N/A;N/A;N/A;N/A;N/A;N/A;Sí;N/A;Sí;N/A;Sí;N/A;Sí;N/A;N/A;N/A;N/A;N/A;N/A;N/A;N/A;N/A;N/A;N/A;N/A;Sí;N/A;N/A;N/A;N/A;N/A;N/A;N/A;N/A;N/A;"171 hp";Seg;N/A;N/A;N/A;"16 km/l";N/A;N/A;Sí;Sí;Sí;Sí;Sí;Sí;Sí;N/A;"19 km/l";N/A;N/A;N/A;N/A;Sí;"Lunes a viernes de 9 a 13 y de 14 a 19 hs";5;2.0;Híbrido;"Automática secuencial";SUV;"Autos y camionetas";No;N/A;N/A;N/A;No;N/A;N/A;No;Sí;No;No;N/A;N/A;N/A;N/A;N/A;N/A;N/A;N/A;N/A;N/A;N/A;N/A;N/A;Sí;N/A;N/A;N/A;N/A;N/A;N/A;N/A;N/A;N/A;N/A;Sí;N/A;N/A;N/A;N/A;N/A;N/A;N/A;Sí;N/A;N/A;N/A;N/A;N/A;N/A;N/A;N/A;N/A;Sí;N/A;N/A;N/A;Sí;Sí;N/A;N/A;Sí;No;N/A;N/A;N/A;N/A;N/A;N/A;N/A;N/A;N/A;N/A;N/A;N/A;N/A;N/A;N/A;N/A;N/A;N/A;N/A;N/A;N/A;N/A;N/A;N/A;N/A;N/A;N/A;N/A;N/A;Sí;N/A;N/A;N/A;Sí;Sí;Sí;Sí;Sí;Sí;Sí;N/A;Sí;Sí;Sí;Sí;N/A;N/A;Sí;Sí;Sí;N/A;Sí;Sí;Sí;N/A;N/A;Sí;N/A;Sí
Toyota;"Corolla Cross";"XEI SUV Hibrida";2024;"0 km";;VKSA2018;40990;;;;;Malvin;https://auto.mercadolibre.com.uy/MLU-691524354-toyota-corolla-cross-xei-suv-hibrida-18-2024-0km-_JM;N/A;;"Toyota Corolla Cross Xei Suv Hibrida 1.8 2024 0km";USD;Sí;gold;false;N/A;N/A;http://perfil.mercadolibre.com.uy/VKSA2018;active;N/A;N/A;Nuevo;"Gris oscuro";N/A;Eléctrica;N/A;Sí;Sí;Sí;N/A;N/A;N/A;Sí;Sí;N/A;Sí;Sí;Sí;Sí;N/A;N/A;N/A;N/A;N/A;N/A;N/A;N/A;N/A;N/A;N/A;N/A;N/A;"1800 cc";N/A;6;N/A;N/A;Sí;Sí;N/A;N/A;Sí;N/A;N/A;N/A;N/A;N/A;N/A;N/A;N/A;N/A;N/A;N/A;N/A;N/A;N/A;N/A;N/A;Sí;N/A;Sí;N/A;Sí;N/A;N/A;N/A;N/A;N/A;N/A;N/A;N/A;Sí;N/A;N/A;N/A;N/A;N/A;Sí;N/A;N/A;N/A;N/A;N/A;N/A;N/A;N/A;N/A;"122 hp";Xei;N/A;N/A;N/A;N/A;N/A;N/A;Sí;Sí;Sí;Sí;Sí;Sí;N/A;N/A;N/A;N/A;N/A;N/A;N/A;Sí;"Lun. a Vie. de 10 a 17 hs. Sábados cerrado.";5;1.8;Híbrido;Automática;SUV;"Autos y camionetas";No;N/A;N/A;N/A;No;N/A;N/A;No;Sí;No;No;N/A;N/A;N/A;N/A;N/A;N/A;N/A;N/A;N/A;N/A;N/A;N/A;N/A;N/A;N/A;N/A;N/A;N/A;N/A;N/A;N/A;N/A;N/A;N/A;N/A;N/A;N/A;N/A;N/A;N/A;N/A;N/A;Sí;N/A;N/A;N/A;N/A;N/A;N/A;N/A;N/A;N/A;N/A;N/A;N/A;N/A;N/A;N/A;N/A;N/A;Sí;No;N/A;N/A;N/A;N/A;N/A;N/A;N/A;N/A;N/A;N/A;N/A;N/A;N/A;N/A;N/A;N/A;N/A;N/A;N/A;N/A;N/A;N/A;N/A;N/A;N/A;N/A;N/A;N/A;N/A;N/A;N/A;N/A;N/A;Sí;Sí;Sí;Sí;Sí;Sí;Sí;N/A;Sí;Sí;N/A;N/A;N/A;N/A;Sí;Sí;Sí;N/A;Sí;Sí;Sí;N/A;N/A;Sí;N/A;Sí
Toyota;Corolla;"1.8 Se-g Cvt 140cv";2016;"197000 km";;MEGACARS2374;18990;;;;;Aguada;https://auto.mercadolibre.com.uy/MLU-643357023-toyota-corolla-18-seg-at-_JM;N/A;;"Toyota Corolla 1.8 Seg At";usd;Sí;gold;false;N/A;N/A;http://perfil.mercadolibre.com.uy/MEGACARS2374;active;N/A;N/A;Usado;Blanco;N/A;Eléctrica;Delantera;Sí;Sí;N/A;N/A;N/A;N/A;N/A;N/A;Sí;N/A;N/A;Sí;N/A;N/A;N/A;N/A;N/A;N/A;N/A;N/A;N/A;N/A;N/A;N/A;N/A;"2700 mm";"1.8 L";"57 L";7;N/A;N/A;N/A;N/A;N/A;N/A;N/A;N/A;N/A;Sí;N/A;N/A;N/A;N/A;N/A;N/A;N/A;N/A;N/A;N/A;N/A;N/A;N/A;N/A;N/A;N/A;N/A;N/A;N/A;N/A;N/A;N/A;N/A;N/A;N/A;N/A;N/A;N/A;N/A;N/A;N/A;N/A;N/A;N/A;N/A;"1460 mm";"4620 mm";N/A;N/A;N/A;N/A;5;"140 hp";Se-g;N/A;4;"1775 mm";"13.5 km/l";Sí;N/A;N/A;Sí;N/A;Sí;Sí;N/A;N/A;Sí;N/A;N/A;N/A;N/A;N/A;N/A;"Lunes a Domingo 24hs";4;1.8;Nafta;Automática;Sedán;"Autos y camionetas";N/A;N/A;N/A;N/A;N/A;N/A;UY;N/A;Sí;N/A;N/A;N/A;N/A;N/A;N/A;N/A;N/A;N/A;N/A;N/A;N/A;N/A;N/A;N/A;Sí;N/A;N/A;N/A;N/A;N/A;N/A;N/A;N/A;N/A;N/A;N/A;N/A;N/A;N/A;N/A;N/A;N/A;N/A;N/A;N/A;N/A;N/A;N/A;N/A;N/A;N/A;N/A;N/A;N/A;N/A;N/A;N/A;N/A;N/A;N/A;N/A;N/A;Sí;N/A;N/A;N/A;N/A;N/A;N/A;N/A;N/A;N/A;N/A;N/A;N/A;N/A;N/A;N/A;N/A;N/A;N/A;N/A;N/A;N/A;N/A;N/A;N/A;N/A;N/A;N/A;N/A;N/A;N/A;N/A;N/A;N/A;Sí;Sí;Sí;N/A;Sí;N/A;N/A;N/A;N/A;Sí;N/A;N/A;Sí;N/A;N/A;Sí;N/A;N/A;Sí;N/A;Sí;Sí;Sí;N/A;N/A;Sí
Toyota;Prius;C;2018;"122167 km";;LAGOMARAUTOMOVILES;18990;;;;;"Ciudad de la Costa";https://auto.mercadolibre.com.uy/MLU-701831248-toyota-prius-c-hibrido-2018-lagomar-automoviles-_JM;N/A;;"Toyota Prius C Hibrido 2018 - Lagomar Automóviles";usd;Sí;gold;false;N/A;N/A;http://perfil.mercadolibre.com.uy/LAGOMARAUTOMOVILES;active;N/A;N/A;Usado;Beige;Sí;Eléctrica;N/A;N/A;Sí;Sí;N/A;N/A;N/A;N/A;Sí;N/A;Sí;Sí;Sí;Sí;N/A;Sí;N/A;N/A;N/A;N/A;N/A;N/A;N/A;N/A;N/A;N/A;N/A;"1500 cc";N/A;6;N/A;N/A;N/A;N/A;Sí;N/A;Sí;N/A;N/A;N/A;N/A;N/A;N/A;N/A;N/A;N/A;N/A;N/A;N/A;N/A;N/A;N/A;N/A;Sí;N/A;Sí;N/A;Sí;N/A;N/A;N/A;N/A;N/A;N/A;N/A;N/A;Sí;N/A;N/A;N/A;N/A;N/A;N/A;N/A;N/A;N/A;N/A;N/A;N/A;N/A;N/A;N/A;N/A;N/A;N/A;N/A;N/A;N/A;N/A;N/A;Sí;Sí;Sí;Sí;Sí;Sí;N/A;N/A;N/A;N/A;N/A;N/A;N/A;Sí;"Lun. a Vie. 9:30 a 13 y 14 a 19 hs. Sáb. 9:30 a 13:30 hs.";5;1.5;Híbrido;"Automática secuencial";Hatchback;"Autos y camionetas";No;N/A;N/A;N/A;No;N/A;UY;No;Sí;No;No;N/A;N/A;N/A;N/A;N/A;N/A;N/A;N/A;N/A;N/A;N/A;N/A;N/A;N/A;N/A;N/A;N/A;N/A;N/A;N/A;N/A;N/A;N/A;N/A;N/A;N/A;N/A;N/A;N/A;N/A;N/A;N/A;N/A;N/A;N/A;N/A;N/A;N/A;N/A;N/A;N/A;N/A;N/A;N/A;N/A;N/A;N/A;N/A;N/A;N/A;N/A;No;N/A;N/A;N/A;N/A;N/A;N/A;N/A;N/A;N/A;N/A;N/A;N/A;N/A;N/A;N/A;N/A;N/A;N/A;N/A;N/A;N/A;N/A;N/A;N/A;N/A;N/A;N/A;N/A;N/A;N/A;N/A;N/A;N/A;Sí;Sí;Sí;Sí;Sí;Sí;Sí;N/A;Sí;Sí;N/A;N/A;N/A;N/A;Sí;Sí;Sí;N/A;Sí;Sí;Sí;N/A;N/A;Sí;N/A;Sí
Toyota;RAV4;"Hybrid Limited Plus";2024;"0 km";;LAUTOMOTORA;67990;;;;;"San Jacinto";https://auto.mercadolibre.com.uy/MLU-677551620-toyota-rav4-hybrid-limited-plus-25-2024-0km-lautomotora-_JM;N/A;;"Toyota Rav4 Hybrid Limited Plus 2.5 2024 0km - Lautomotora";usd;Sí;gold;false;N/A;N/A;http://perfil.mercadolibre.com.uy/LAUTOMOTORA;active;N/A;N/A;Nuevo;"Gris oscuro";N/A;Hidráulica;N/A;N/A;Sí;Sí;Sí;Sí;N/A;Sí;Sí;Sí;Sí;Sí;Sí;Sí;N/A;Sí;N/A;N/A;N/A;N/A;N/A;N/A;N/A;N/A;N/A;N/A;N/A;"2500 cc";N/A;6;N/A;N/A;Sí;Sí;Sí;Sí;Sí;N/A;N/A;N/A;N/A;N/A;N/A;N/A;N/A;N/A;N/A;N/A;N/A;N/A;N/A;N/A;N/A;Sí;N/A;Sí;N/A;N/A;N/A;N/A;N/A;N/A;N/A;N/A;N/A;N/A;Sí;N/A;N/A;N/A;N/A;N/A;Sí;N/A;N/A;N/A;N/A;N/A;N/A;N/A;N/A;N/A;"221 hp";N/A;N/A;N/A;N/A;"18 km/l";N/A;N/A;Sí;Sí;Sí;Sí;Sí;Sí;Sí;N/A;"20 km/l";N/A;N/A;N/A;N/A;Sí;"Lunes a viernes de 9 a 13 y de 14 a 19 hs";5;2.5;Híbrido;"Automática secuencial";SUV;"Autos y camionetas";No;N/A;N/A;N/A;No;N/A;UY;No;Sí;No;No;N/A;N/A;N/A;N/A;N/A;N/A;N/A;N/A;N/A;N/A;N/A;N/A;N/A;Sí;N/A;N/A;N/A;N/A;N/A;N/A;N/A;N/A;N/A;N/A;Sí;N/A;N/A;N/A;N/A;N/A;N/A;N/A;Sí;N/A;N/A;N/A;N/A;N/A;N/A;N/A;N/A;N/A;Sí;N/A;N/A;N/A;Sí;Sí;N/A;N/A;Sí;No;N/A;N/A;N/A;N/A;N/A;N/A;N/A;N/A;N/A;N/A;N/A;N/A;N/A;N/A;N/A;N/A;N/A;N/A;N/A;N/A;N/A;N/A;N/A;N/A;N/A;N/A;N/A;N/A;N/A;Sí;N/A;N/A;N/A;Sí;Sí;Sí;Sí;Sí;Sí;Sí;N/A;Sí;Sí;Sí;Sí;N/A;N/A;Sí;Sí;Sí;N/A;Sí;Sí;Sí;N/A;N/A;Sí;N/A;Sí
Toyota;"Rav4 Hybrid";"2.5 Limited Plus 2Wd E-Cvt";2023;"13195 km";;NEDALCAR_AUTOMOVILES;59900;;;;;"Aeropuerto Internacional De Carrasco";https://auto.mercadolibre.com.uy/MLU-644973635-toyota-rav4-hybrid-2023-25-limited-plus-2wd-e-cvt-_JM;N/A;;"Toyota Rav4 Hybrid 2023 2.5 Limited Plus 2wd E-cvt";usd;Sí;gold;false;N/A;N/A;http://perfil.mercadolibre.com.uy/NEDALCAR_AUTOMOVILES;active;N/A;N/A;Usado;N/A;N/A;N/A;4x2;N/A;N/A;N/A;N/A;N/A;N/A;N/A;N/A;N/A;N/A;N/A;N/A;N/A;N/A;N/A;N/A;N/A;N/A;N/A;N/A;N/A;N/A;N/A;N/A;N/A;"2660 mm";"2.5 L";"60 L";6;N/A;N/A;N/A;N/A;N/A;N/A;N/A;N/A;N/A;N/A;N/A;N/A;N/A;N/A;N/A;N/A;N/A;N/A;N/A;N/A;N/A;N/A;N/A;N/A;N/A;N/A;N/A;N/A;N/A;N/A;N/A;N/A;N/A;N/A;N/A;N/A;N/A;N/A;N/A;N/A;N/A;N/A;N/A;N/A;N/A;"1685 mm";"4600 mm";N/A;N/A;N/A;N/A;5;"218 hp";"Limited Plus";N/A;4;"1855 mm";N/A;N/A;N/A;N/A;N/A;N/A;N/A;N/A;N/A;N/A;N/A;N/A;N/A;N/A;N/A;N/A;N/A;N/A;5;2.5;Híbrido;Automática;SUV;"Autos y camionetas";N/A;N/A;N/A;N/A;N/A;N/A;UY;N/A;N/A;N/A;N/A;N/A;N/A;N/A;N/A;N/A;N/A;N/A;N/A;N/A;N/A;N/A;N/A;N/A;N/A;N/A;N/A;N/A;N/A;N/A;N/A;N/A;N/A;N/A;N/A;N/A;N/A;N/A;N/A;N/A;N/A;N/A;N/A;N/A;N/A;N/A;N/A;N/A;N/A;N/A;N/A;N/A;N/A;N/A;N/A;N/A;N/A;N/A;N/A;N/A;N/A;N/A;N/A;N/A;N/A;N/A;N/A;N/A;N/A;N/A;N/A;N/A;N/A;N/A;N/A;N/A;N/A;N/A;N/A;N/A;N/A;N/A;N/A;N/A;N/A;N/A;N/A;N/A;N/A;N/A;N/A;N/A;N/A;N/A;N/A;N/A;N/A;N/A;N/A;N/A;N/A;N/A;N/A;N/A;N/A;N/A;N/A;N/A;N/A;N/A;N/A;N/A;N/A;N/A;N/A;N/A;N/A;N/A;N/A;N/A;N/A;N/A
Toyota;Corolla;"1.8 DLX";1988;"475630 km";;GRRO7880153;5700;;;;;"La Paz";https://auto.mercadolibre.com.uy/MLU-699531050-toyota-corolla-18-dlx-_JM;N/A;;"Toyota Corolla 1.8 Dlx";USD;No;gold;false;N/A;N/A;http://perfil.mercadolibre.com.uy/GRRO7880153;active;N/A;N/A;Usado;N/A;N/A;N/A;N/A;N/A;N/A;N/A;N/A;N/A;N/A;N/A;N/A;N/A;N/A;N/A;N/A;N/A;N/A;N/A;N/A;N/A;N/A;N/A;N/A;N/A;N/A;N/A;N/A;N/A;N/A;N/A;N/A;N/A;N/A;N/A;N/A;N/A;N/A;N/A;N/A;N/A;N/A;N/A;N/A;N/A;N/A;N/A;N/A;N/A;N/A;N/A;N/A;N/A;N/A;N/A;N/A;N/A;N/A;N/A;N/A;N/A;N/A;N/A;N/A;N/A;N/A;N/A;N/A;N/A;N/A;N/A;N/A;N/A;N/A;N/A;N/A;N/A;N/A;N/A;N/A;N/A;N/A;N/A;N/A;N/A;N/A;N/A;N/A;N/A;N/A;N/A;N/A;N/A;N/A;N/A;N/A;N/A;N/A;N/A;N/A;N/A;N/A;N/A;N/A;N/A;N/A;N/A;N/A;4;N/A;Diésel;N/A;N/A;"Autos y camionetas";N/A;N/A;N/A;N/A;N/A;N/A;N/A;N/A;N/A;N/A;N/A;N/A;N/A;N/A;N/A;N/A;N/A;N/A;N/A;N/A;N/A;N/A;N/A;N/A;N/A;N/A;N/A;N/A;N/A;N/A;N/A;N/A;N/A;N/A;N/A;N/A;N/A;N/A;N/A;N/A;N/A;N/A;N/A;N/A;N/A;N/A;N/A;N/A;N/A;N/A;N/A;N/A;N/A;N/A;N/A;N/A;N/A;N/A;N/A;N/A;N/A;N/A;N/A;N/A;N/A;N/A;N/A;N/A;N/A;N/A;N/A;N/A;N/A;N/A;N/A;N/A;N/A;N/A;N/A;N/A;N/A;N/A;N/A;N/A;N/A;N/A;N/A;N/A;N/A;N/A;N/A;N/A;N/A;N/A;N/A;N/A;N/A;N/A;N/A;N/A;N/A;N/A;N/A;N/A;N/A;N/A;N/A;N/A;N/A;N/A;N/A;N/A;N/A;N/A;N/A;N/A;N/A;N/A;N/A;N/A;N/A;N/A
Toyota;RAV4;"2.4 4x2 At";2011;"200000 km";;ISSOGARAGE;12900;;;;;Carrasco;https://auto.mercadolibre.com.uy/MLU-695716504-toyota-rav4-2011-24-4x2-at-_JM;N/A;;"Toyota Rav4 2011 2.4 4x2 At";usd;Sí;gold;false;N/A;N/A;http://perfil.mercadolibre.com.uy/ISSOGARAGE;active;N/A;N/A;Usado;N/A;N/A;Asistida;4x2;Sí;N/A;Sí;N/A;N/A;N/A;N/A;N/A;N/A;N/A;N/A;N/A;N/A;N/A;N/A;N/A;N/A;N/A;N/A;N/A;N/A;N/A;N/A;N/A;N/A;"2660 mm";"2.4 L";"60 L";4;N/A;N/A;N/A;N/A;N/A;N/A;N/A;N/A;N/A;Sí;N/A;N/A;N/A;N/A;N/A;N/A;N/A;N/A;N/A;N/A;N/A;N/A;N/A;N/A;N/A;N/A;N/A;N/A;N/A;N/A;N/A;N/A;N/A;Sí;Sí;N/A;N/A;N/A;N/A;N/A;N/A;N/A;N/A;N/A;N/A;"1685 mm";"4625 mm";N/A;N/A;N/A;N/A;5;"170 hp";N/A;N/A;4;"1815 mm";N/A;N/A;N/A;N/A;Sí;N/A;N/A;N/A;N/A;N/A;N/A;N/A;N/A;N/A;N/A;N/A;N/A;N/A;5;2.4;Nafta;Automática;SUV;"Autos y camionetas";N/A;N/A;N/A;N/A;N/A;N/A;UY;N/A;N/A;N/A;N/A;N/A;N/A;N/A;N/A;N/A;N/A;N/A;N/A;N/A;N/A;N/A;N/A;N/A;N/A;N/A;N/A;N/A;N/A;N/A;N/A;N/A;N/A;N/A;N/A;N/A;N/A;N/A;N/A;N/A;N/A;N/A;N/A;N/A;N/A;N/A;N/A;N/A;N/A;N/A;N/A;N/A;N/A;N/A;N/A;N/A;N/A;N/A;N/A;N/A;N/A;N/A;N/A;N/A;N/A;N/A;N/A;N/A;N/A;N/A;N/A;N/A;N/A;N/A;N/A;N/A;N/A;N/A;N/A;N/A;N/A;N/A;N/A;N/A;N/A;N/A;N/A;N/A;N/A;N/A;N/A;N/A;N/A;N/A;N/A;N/A;N/A;N/A;N/A;N/A;N/A;N/A;N/A;N/A;N/A;N/A;N/A;N/A;N/A;N/A;N/A;N/A;N/A;N/A;Sí;N/A;N/A;N/A;N/A;Sí;N/A;N/A
Toyota;Corolla;"1.8 Se-g Cvt 140cv";2023;"0 km";;"NOGAR AUTOMOVILES";39990;;;;;"San José de Mayo";https://auto.mercadolibre.com.uy/MLU-668800712-toyota-corolla-2024-18-se-g-cvt-140cv-_JM;N/A;;"Toyota Corolla 2024 1.8 Se-g Cvt 140cv";usd;Sí;gold;false;N/A;N/A;http://perfil.mercadolibre.com.uy/NOGAR+AUTOMOVILES;active;N/A;N/A;Nuevo;Gris;No;Eléctrica;Delantera;Sí;No;No;No;No;No;No;No;No;No;No;No;No;No;No;N/A;N/A;N/A;N/A;N/A;N/A;N/A;N/A;N/A;N/A;"2700 mm";"1798 cc";"57 L";7;N/A;No;No;No;No;No;No;No;No;No;No;No;No;No;No;No;No;No;No;No;No;No;No;No;No;No;No;No;N/A;No;N/A;No;No;No;No;No;No;No;No;No;No;No;No;N/A;No;"1460 mm";"4620 mm";N/A;N/A;N/A;N/A;5;"140 hp";Se-g;N/A;4;"1775 mm";N/A;Sí;No;No;Sí;No;No;No;No;No;Sí;N/A;No;No;No;No;No;"9 a 12 hs y de 14.30 a 18.30 hs";4;1.8;Nafta;Automática;Sedán;"Autos y camionetas";No;No;No;No;No;No;UY;No;Sí;No;No;No;No;No;No;No;No;No;No;No;No;No;No;No;No;No;No;No;No;No;No;No;N/A;No;No;No;No;No;No;No;No;No;No;Sí;No;No;No;No;No;No;No;No;No;No;No;No;No;No;No;No;No;No;Sí;No;No;No;No;No;No;No;No;No;No;No;No;No;No;No;No;No;No;No;No;No;No;No;No;No;No;No;No;No;No;No;No;No;No;No;No;No;No;No;No;No;No;No;No;No;No;No;No;No;Sí;No;Sí;No;No;Sí;Sí;No;No;No
Toyota;RAV4;"2.5 Hybrid";2024;"0 km";;"DELGADO AUTOMOVILES";54990;;;;;Cardona;https://auto.mercadolibre.com.uy/MLU-676400558-toyota-rav4-2024-25-hybrid-_JM;N/A;;"Toyota Rav4 2024 2.5 Hybrid";usd;Sí;gold;false;N/A;N/A;http://perfil.mercadolibre.com.uy/DELGADO+AUTOMOVILES;active;N/A;N/A;Nuevo;N/A;N/A;Eléctrica;4x4;Sí;N/A;Sí;N/A;N/A;N/A;N/A;N/A;Sí;N/A;N/A;N/A;N/A;N/A;N/A;N/A;N/A;N/A;N/A;N/A;N/A;N/A;N/A;N/A;N/A;"2660 mm";"2.5 L";"60 L";6;N/A;N/A;N/A;N/A;N/A;N/A;N/A;N/A;N/A;N/A;N/A;N/A;N/A;N/A;N/A;N/A;N/A;N/A;N/A;N/A;N/A;N/A;N/A;N/A;N/A;N/A;N/A;N/A;N/A;N/A;N/A;N/A;N/A;N/A;N/A;Sí;N/A;N/A;N/A;N/A;N/A;N/A;N/A;N/A;N/A;"1715 mm";"4570 mm";N/A;N/A;N/A;N/A;5;"180 hp";Hybrid;N/A;4;"1845 mm";N/A;Sí;N/A;N/A;N/A;N/A;N/A;N/A;N/A;Sí;N/A;N/A;N/A;N/A;N/A;N/A;N/A;N/A;5;2.5;Híbrido;Automática;SUV;"Autos y camionetas";N/A;N/A;N/A;N/A;N/A;N/A;UY;N/A;N/A;N/A;N/A;N/A;N/A;N/A;N/A;N/A;N/A;N/A;N/A;N/A;N/A;N/A;N/A;N/A;N/A;N/A;N/A;N/A;N/A;N/A;N/A;N/A;N/A;N/A;N/A;N/A;N/A;N/A;N/A;N/A;N/A;N/A;N/A;N/A;N/A;N/A;N/A;N/A;N/A;N/A;N/A;N/A;N/A;N/A;N/A;N/A;N/A;N/A;N/A;N/A;N/A;N/A;N/A;N/A;N/A;N/A;N/A;N/A;N/A;N/A;N/A;N/A;N/A;N/A;N/A;N/A;N/A;N/A;N/A;N/A;N/A;N/A;N/A;N/A;N/A;N/A;N/A;N/A;N/A;N/A;N/A;N/A;N/A;N/A;N/A;N/A;N/A;N/A;N/A;N/A;N/A;N/A;N/A;N/A;N/A;N/A;N/A;N/A;N/A;N/A;N/A;N/A;Sí;N/A;Sí;N/A;N/A;N/A;N/A;Sí;N/A;N/A
Toyota;"Rav4 Hybrid";"Limited Plus";2021;"98000 km";;"RENATOCONTI AUTOMOVILES";48990;;;;;"Parque Miramar";https://auto.mercadolibre.com.uy/MLU-696649056-toyota-rav4-hybrid-limited-plus-4x4-_JM;N/A;;"Toyota Rav4 Hybrid Limited Plus 4x4";USD;Sí;gold;false;N/A;N/A;http://perfil.mercadolibre.com.uy/RENATOCONTI+AUTOMOVILES;active;N/A;N/A;Usado;Gris;Sí;Eléctrica;Integral;Sí;Sí;N/A;N/A;N/A;Sí;N/A;N/A;Sí;N/A;N/A;Sí;Sí;N/A;Sí;N/A;N/A;N/A;N/A;N/A;N/A;N/A;N/A;N/A;N/A;N/A;N/A;N/A;N/A;N/A;N/A;N/A;N/A;N/A;Sí;N/A;N/A;N/A;N/A;N/A;N/A;N/A;N/A;N/A;N/A;N/A;N/A;N/A;N/A;N/A;N/A;N/A;N/A;N/A;N/A;N/A;N/A;N/A;N/A;N/A;N/A;N/A;N/A;N/A;N/A;N/A;N/A;N/A;N/A;N/A;N/A;N/A;N/A;N/A;N/A;N/A;N/A;N/A;N/A;N/A;N/A;N/A;N/A;N/A;N/A;N/A;N/A;Sí;N/A;Sí;Sí;N/A;Sí;Sí;N/A;Sí;N/A;N/A;Sí;N/A;N/A;N/A;Sí;"Lunes a Sábado 9 a 18 hs";4;2.5;Híbrido;Automática;SUV;"Autos y camionetas";Sí;N/A;N/A;N/A;N/A;N/A;N/A;N/A;Sí;N/A;N/A;N/A;N/A;N/A;N/A;N/A;N/A;N/A;N/A;N/A;N/A;N/A;N/A;N/A;Sí;N/A;N/A;N/A;N/A;N/A;N/A;N/A;N/A;N/A;N/A;N/A;N/A;N/A;N/A;N/A;N/A;N/A;N/A;N/A;N/A;N/A;N/A;N/A;N/A;N/A;N/A;N/A;N/A;N/A;N/A;N/A;N/A;N/A;N/A;N/A;N/A;Sí;Sí;N/A;N/A;N/A;N/A;N/A;N/A;N/A;N/A;N/A;N/A;N/A;N/A;N/A;N/A;N/A;N/A;N/A;N/A;N/A;N/A;N/A;N/A;N/A;N/A;N/A;N/A;N/A;N/A;N/A;N/A;N/A;N/A;N/A;Sí;Sí;Sí;N/A;Sí;N/A;N/A;N/A;N/A;Sí;Sí;Sí;Sí;N/A;N/A;Sí;Sí;Sí;Sí;Sí;Sí;Sí;Sí;Sí;N/A;Sí
Toyota;Hilux;"2.7 DC SR 4x4";2015;"158000 km";;"LOPEZ MOTORS";24900;;;;;"Las Piedras";https://auto.mercadolibre.com.uy/MLU-644992293-toyota-hilux-dc-sr-4x4-_JM;N/A;;"Toyota Hilux Dc Sr 4x4";usd;Sí;gold;false;N/A;N/A;http://perfil.mercadolibre.com.uy/LOPEZ+MOTORS;active;N/A;N/A;Usado;Gris;No;Hidráulica;4x4;Sí;Sí;Sí;N/A;N/A;Sí;N/A;N/A;No;N/A;N/A;No;Sí;N/A;No;N/A;N/A;N/A;N/A;N/A;N/A;N/A;N/A;N/A;N/A;"2860 mm";"2.7 L";"80 L";5;N/A;N/A;N/A;N/A;N/A;No;N/A;N/A;N/A;N/A;N/A;N/A;N/A;N/A;N/A;N/A;N/A;N/A;N/A;N/A;N/A;N/A;N/A;N/A;N/A;N/A;N/A;N/A;N/A;No;N/A;N/A;N/A;N/A;N/A;N/A;N/A;N/A;N/A;N/A;N/A;N/A;N/A;N/A;N/A;"1860 mm";"5260 mm";N/A;N/A;N/A;N/A;5;"160 hp";Srv;N/A;4;"1855 mm";N/A;No;N/A;Sí;Sí;N/A;Sí;Sí;N/A;No;N/A;N/A;No;No;N/A;N/A;No;"LUNESA VIERNES DE 8 A 12 Y DE 14 A 18 HS";4;2.7;Nafta;Manual;Pick-Up;"Autos y camionetas";No;N/A;N/A;N/A;No;N/A;UY;N/A;Sí;N/A;No;N/A;N/A;N/A;N/A;N/A;N/A;N/A;N/A;N/A;N/A;N/A;N/A;N/A;No;N/A;N/A;N/A;N/A;N/A;N/A;N/A;N/A;N/A;N/A;N/A;N/A;N/A;N/A;N/A;N/A;N/A;N/A;No;N/A;N/A;N/A;N/A;N/A;N/A;N/A;N/A;N/A;N/A;N/A;N/A;N/A;N/A;N/A;N/A;N/A;No;No;N/A;N/A;N/A;N/A;N/A;N/A;N/A;N/A;N/A;N/A;N/A;N/A;N/A;N/A;N/A;N/A;N/A;N/A;N/A;N/A;N/A;N/A;N/A;N/A;N/A;N/A;N/A;N/A;N/A;N/A;N/A;N/A;Sí;Sí;Sí;Sí;N/A;Sí;N/A;N/A;N/A;N/A;Sí;No;No;Sí;N/A;N/A;No;Sí;Sí;Sí;Sí;Sí;Sí;Sí;Sí;N/A;Sí
Toyota;Hilux;"SRV 4x4 AT Diesel";2024;"0 km";;CASARIEGOAUTOMOVILES;71490;;;;;Melo;https://auto.mercadolibre.com.uy/MLU-689642822-toyota-hilux-srv-4x4-at-diesel-28-2024-0km-_JM;N/A;;"Toyota Hilux Srv 4x4 At Diesel 2.8 2024 0km";usd;Sí;gold;false;N/A;N/A;http://perfil.mercadolibre.com.uy/CASARIEGOAUTOMOVILES;active;N/A;N/A;Nuevo;Plateado;N/A;Eléctrica;N/A;Sí;Sí;Sí;Sí;N/A;N/A;Sí;Sí;N/A;N/A;Sí;Sí;Sí;N/A;N/A;N/A;N/A;N/A;N/A;N/A;N/A;N/A;N/A;N/A;N/A;N/A;"2800 cc";N/A;6;N/A;N/A;Sí;Sí;Sí;N/A;N/A;N/A;N/A;N/A;N/A;N/A;N/A;N/A;N/A;N/A;N/A;N/A;N/A;N/A;N/A;N/A;N/A;Sí;N/A;Sí;N/A;Sí;N/A;N/A;N/A;N/A;N/A;N/A;N/A;N/A;N/A;N/A;N/A;N/A;N/A;N/A;Sí;N/A;N/A;N/A;N/A;N/A;N/A;N/A;N/A;N/A;"204 hp";Srv;N/A;N/A;N/A;N/A;N/A;N/A;Sí;Sí;Sí;Sí;Sí;N/A;N/A;N/A;N/A;N/A;N/A;N/A;Sí;N/A;"Lun. a Vie. 8 a 12:30 y 14:30 a 20 hs. Sáb. 8 a 13 hs.";4;2.8;Diésel;Automática;Pick-Up;"Autos y camionetas";No;N/A;N/A;N/A;No;N/A;UY;No;Sí;No;No;N/A;N/A;N/A;N/A;N/A;N/A;N/A;N/A;N/A;N/A;N/A;N/A;N/A;N/A;N/A;N/A;N/A;N/A;N/A;N/A;N/A;N/A;N/A;N/A;N/A;N/A;N/A;N/A;N/A;N/A;N/A;N/A;Sí;N/A;N/A;N/A;N/A;N/A;N/A;N/A;N/A;N/A;N/A;N/A;N/A;N/A;N/A;N/A;N/A;N/A;Sí;No;N/A;N/A;N/A;N/A;N/A;N/A;N/A;N/A;N/A;N/A;N/A;N/A;N/A;N/A;N/A;N/A;N/A;N/A;N/A;N/A;N/A;N/A;N/A;N/A;N/A;N/A;N/A;N/A;N/A;N/A;N/A;N/A;N/A;Sí;Sí;Sí;Sí;Sí;Sí;Sí;N/A;Sí;Sí;N/A;N/A;N/A;N/A;Sí;Sí;Sí;N/A;Sí;Sí;Sí;N/A;N/A;N/A;N/A;Sí
Toyota;Hilux;"2.8 Tdi Cd Srv 4X2 Mt";2021;"140000 km";;HANGAR-MOTORS;40000;;;;;"La Blanqueada";https://auto.mercadolibre.com.uy/MLU-698743392-toyota-hilux-2021-28-tdi-cd-srv-4x2-mt-_JM;N/A;;"Toyota Hilux 2021 2.8 Tdi Cd Srv 4x2 Mt";usd;Sí;gold;false;N/A;N/A;http://perfil.mercadolibre.com.uy/HANGAR-MOTORS;active;N/A;N/A;Usado;Negro;Sí;Hidráulica;4x2;Sí;N/A;Sí;N/A;N/A;N/A;N/A;N/A;N/A;N/A;N/A;N/A;N/A;N/A;N/A;N/A;N/A;N/A;N/A;N/A;N/A;N/A;N/A;N/A;N/A;"3085 mm";"2.8 L";"80 L";6;N/A;N/A;N/A;N/A;N/A;N/A;N/A;N/A;N/A;N/A;N/A;N/A;N/A;N/A;N/A;N/A;N/A;N/A;N/A;N/A;N/A;N/A;N/A;N/A;N/A;N/A;N/A;N/A;N/A;N/A;N/A;N/A;N/A;N/A;N/A;N/A;N/A;N/A;N/A;N/A;N/A;N/A;N/A;N/A;N/A;"1815 mm";"5325 mm";N/A;N/A;N/A;N/A;5;"204 hp";Srv;N/A;4;"1855 mm";N/A;N/A;N/A;N/A;N/A;N/A;N/A;Sí;N/A;N/A;N/A;N/A;N/A;N/A;N/A;N/A;N/A;N/A;4;2.8;Diésel;Manual;Pick-Up;"Autos y camionetas";N/A;N/A;N/A;N/A;N/A;N/A;UY;N/A;Sí;N/A;N/A;N/A;N/A;N/A;N/A;N/A;N/A;N/A;N/A;N/A;N/A;N/A;N/A;N/A;N/A;N/A;N/A;N/A;N/A;N/A;N/A;N/A;N/A;N/A;N/A;N/A;N/A;N/A;N/A;N/A;N/A;N/A;N/A;N/A;N/A;N/A;N/A;N/A;N/A;N/A;N/A;N/A;N/A;N/A;N/A;N/A;N/A;N/A;N/A;N/A;N/A;N/A;N/A;N/A;N/A;N/A;N/A;N/A;N/A;N/A;N/A;N/A;N/A;N/A;N/A;N/A;N/A;N/A;N/A;N/A;N/A;N/A;N/A;N/A;N/A;N/A;N/A;N/A;N/A;N/A;N/A;N/A;N/A;N/A;N/A;N/A;N/A;N/A;N/A;N/A;N/A;N/A;N/A;N/A;N/A;N/A;N/A;N/A;N/A;N/A;N/A;N/A;Sí;N/A;Sí;N/A;N/A;N/A;N/A;Sí;N/A;N/A
Toyota;"Corolla Cross";"1.8 Xei Hybrid E-cvt";2024;"0 km";;"NOGAR AUTOMOVILES";40990;;;;;"San José de Mayo";https://auto.mercadolibre.com.uy/MLU-694790970-toyota-corolla-cross-xei-hybrid-2025-_JM;N/A;;"Toyota Corolla Cross Xei Hybrid 2025";usd;Sí;gold;false;N/A;N/A;http://perfil.mercadolibre.com.uy/NOGAR+AUTOMOVILES;active;N/A;N/A;Nuevo;Blanco;N/A;Eléctrica;4x2;Sí;N/A;Sí;N/A;N/A;N/A;N/A;N/A;N/A;N/A;N/A;N/A;N/A;N/A;N/A;N/A;N/A;N/A;N/A;N/A;N/A;N/A;N/A;N/A;N/A;"2660 mm";"1.8 L";"60 L";5;N/A;N/A;N/A;N/A;N/A;N/A;N/A;N/A;N/A;N/A;N/A;N/A;N/A;N/A;N/A;N/A;N/A;N/A;N/A;N/A;N/A;N/A;N/A;N/A;N/A;N/A;N/A;N/A;N/A;N/A;N/A;N/A;N/A;N/A;N/A;N/A;N/A;N/A;N/A;N/A;N/A;N/A;N/A;N/A;N/A;"1715 mm";"4570 mm";N/A;N/A;N/A;N/A;5;"146 hp";Xei;N/A;4;"1845 mm";N/A;N/A;N/A;N/A;N/A;N/A;N/A;N/A;N/A;N/A;N/A;"10.9 km/l";N/A;N/A;N/A;N/A;N/A;"L A V 9 A 12- 14-30 A 18- SAB 9 A 12";5;1.8;Híbrido;Automática;SUV;"Autos y camionetas";N/A;N/A;N/A;N/A;N/A;N/A;UY;N/A;Sí;N/A;N/A;N/A;N/A;N/A;N/A;N/A;N/A;N/A;N/A;N/A;N/A;N/A;N/A;N/A;N/A;N/A;N/A;N/A;N/A;N/A;N/A;N/A;N/A;N/A;N/A;N/A;N/A;N/A;N/A;N/A;N/A;N/A;N/A;Sí;N/A;N/A;N/A;N/A;N/A;N/A;N/A;N/A;N/A;N/A;N/A;N/A;N/A;N/A;N/A;N/A;N/A;N/A;N/A;N/A;N/A;N/A;N/A;N/A;N/A;N/A;N/A;N/A;N/A;N/A;N/A;N/A;N/A;N/A;N/A;N/A;N/A;N/A;N/A;N/A;N/A;N/A;N/A;N/A;N/A;N/A;N/A;N/A;N/A;N/A;N/A;N/A;N/A;N/A;N/A;N/A;N/A;N/A;N/A;N/A;N/A;N/A;N/A;N/A;N/A;N/A;N/A;N/A;Sí;N/A;Sí;N/A;N/A;N/A;N/A;Sí;N/A;N/A
Toyota;Hilux;"SRV Plus TSS 4x4 Diesel";2024;"0 km";;"NOGAR AUTOMOVILES";79490;;;;;"San José de Mayo";https://auto.mercadolibre.com.uy/MLU-682295428-toyota-hilux-srv-4x4-plus-tss-at-2024-_JM;N/A;;"Toyota Hilux Srv 4x4 Plus Tss At 2024";usd;Sí;gold;false;N/A;N/A;http://perfil.mercadolibre.com.uy/NOGAR+AUTOMOVILES;active;N/A;N/A;Nuevo;Plateado;N/A;Asistida;4x4;Sí;Sí;Sí;N/A;N/A;N/A;N/A;N/A;Sí;N/A;N/A;Sí;Sí;N/A;N/A;N/A;N/A;N/A;N/A;N/A;N/A;N/A;N/A;N/A;N/A;"2860 mm";"2.7 L";"80 L";5;N/A;N/A;N/A;N/A;N/A;N/A;N/A;N/A;N/A;Sí;N/A;N/A;N/A;N/A;N/A;N/A;N/A;N/A;N/A;N/A;N/A;N/A;N/A;N/A;N/A;N/A;N/A;N/A;N/A;N/A;N/A;N/A;N/A;Sí;N/A;N/A;N/A;N/A;N/A;N/A;N/A;N/A;N/A;N/A;N/A;"1850 mm";"5260 mm";N/A;N/A;N/A;N/A;5;"177 hp";Srv;N/A;2;"1855 mm";N/A;Sí;N/A;Sí;Sí;N/A;Sí;Sí;N/A;N/A;N/A;N/A;N/A;N/A;N/A;N/A;N/A;"L A V 9 A 12- 14-30 A 18- SAB 9 A 12";4;2.8;Diésel;Automática;Pick-Up;"Autos y camionetas";N/A;N/A;N/A;N/A;N/A;N/A;UY;N/A;Sí;N/A;N/A;N/A;N/A;N/A;N/A;N/A;N/A;N/A;N/A;N/A;N/A;N/A;N/A;N/A;Sí;N/A;N/A;N/A;N/A;N/A;N/A;N/A;N/A;N/A;N/A;N/A;N/A;N/A;N/A;N/A;N/A;N/A;N/A;Sí;N/A;N/A;N/A;N/A;N/A;N/A;N/A;N/A;N/A;N/A;N/A;N/A;N/A;N/A;N/A;N/A;N/A;Sí;No;N/A;N/A;N/A;N/A;N/A;N/A;N/A;N/A;N/A;N/A;N/A;N/A;N/A;N/A;N/A;N/A;N/A;N/A;N/A;N/A;N/A;N/A;N/A;N/A;N/A;N/A;N/A;N/A;N/A;N/A;N/A;N/A;N/A;Sí;Sí;Sí;N/A;Sí;N/A;N/A;N/A;N/A;Sí;N/A;N/A;N/A;N/A;N/A;Sí;Sí;N/A;Sí;Sí;Sí;N/A;Sí;Sí;N/A;Sí
Toyota;"Corolla Cross";"1.8 Seg Hybrid E-cvt";2024;"0 km";;"NOGAR AUTOMOVILES";44990;;;;;"San José de Mayo";https://auto.mercadolibre.com.uy/MLU-681026598-toyota-corolla-cross-seg-tss-hybrid-_JM;N/A;;"Toyota Corolla Cross Seg Tss Hybrid";usd;Sí;gold;false;N/A;N/A;http://perfil.mercadolibre.com.uy/NOGAR+AUTOMOVILES;active;N/A;N/A;Nuevo;Blanco;N/A;Eléctrica;4x2;Sí;N/A;Sí;N/A;N/A;N/A;N/A;N/A;N/A;N/A;N/A;N/A;N/A;N/A;N/A;N/A;N/A;N/A;N/A;N/A;N/A;N/A;N/A;N/A;N/A;"2660 mm";"1.8 L";"60 L";5;N/A;N/A;N/A;N/A;N/A;N/A;N/A;N/A;N/A;N/A;N/A;N/A;N/A;N/A;N/A;N/A;N/A;N/A;N/A;N/A;N/A;N/A;N/A;N/A;N/A;N/A;N/A;N/A;N/A;N/A;N/A;N/A;N/A;N/A;N/A;N/A;N/A;N/A;N/A;N/A;N/A;N/A;N/A;N/A;N/A;"1715 mm";"4570 mm";N/A;N/A;N/A;N/A;5;"146 hp";Seg;N/A;4;"1845 mm";N/A;N/A;N/A;N/A;N/A;N/A;N/A;N/A;N/A;N/A;N/A;"10.9 km/l";N/A;N/A;N/A;N/A;N/A;"L A V 9 A 12- 14.30 A 18.00- SÁB 9 A 12";5;1.8;Híbrido;Automática;SUV;"Autos y camionetas";N/A;N/A;N/A;N/A;N/A;N/A;UY;N/A;N/A;N/A;N/A;N/A;N/A;N/A;N/A;N/A;N/A;N/A;N/A;N/A;N/A;N/A;N/A;N/A;N/A;N/A;N/A;N/A;N/A;N/A;N/A;N/A;N/A;N/A;N/A;N/A;N/A;N/A;N/A;N/A;N/A;N/A;N/A;N/A;N/A;N/A;N/A;N/A;N/A;N/A;N/A;N/A;N/A;N/A;N/A;N/A;N/A;N/A;N/A;N/A;N/A;N/A;N/A;N/A;N/A;N/A;N/A;N/A;N/A;N/A;N/A;N/A;N/A;N/A;N/A;N/A;N/A;N/A;N/A;N/A;N/A;N/A;N/A;N/A;N/A;N/A;N/A;N/A;N/A;N/A;N/A;N/A;N/A;N/A;N/A;N/A;N/A;N/A;N/A;N/A;N/A;N/A;N/A;N/A;N/A;N/A;N/A;N/A;N/A;N/A;N/A;N/A;Sí;N/A;Sí;N/A;N/A;N/A;N/A;Sí;N/A;N/A
Toyota;Prius;"1.5 C Hibrido At";2019;"142000 km";;"AMAYAPEUGEOT DELACOSTA";15890;;;;;Lagomar;https://auto.mercadolibre.com.uy/MLU-697155056-toyota-prius-c-hybrid-15-cc-at-_JM;N/A;;"Toyota Prius C Hybrid 1.5 Cc At";usd;Sí;gold;false;N/A;N/A;http://perfil.mercadolibre.com.uy/AMAYAPEUGEOT+DELACOSTA;active;N/A;N/A;Usado;Rojo;N/A;Hidráulica;Delantera;Sí;N/A;N/A;N/A;N/A;N/A;N/A;N/A;N/A;N/A;N/A;N/A;N/A;N/A;N/A;N/A;N/A;N/A;N/A;N/A;N/A;N/A;N/A;N/A;N/A;"2700 mm";"1.5 L";"43 L";N/A;N/A;N/A;N/A;N/A;N/A;N/A;N/A;N/A;N/A;N/A;N/A;N/A;N/A;N/A;N/A;N/A;N/A;N/A;N/A;N/A;N/A;N/A;N/A;N/A;N/A;N/A;N/A;N/A;N/A;N/A;N/A;N/A;N/A;N/A;N/A;N/A;N/A;N/A;N/A;N/A;N/A;N/A;N/A;N/A;N/A;"1490 mm";"4540 mm";N/A;N/A;N/A;N/A;5;"36 hp";N/A;N/A;4;"1760 mm";N/A;N/A;N/A;N/A;N/A;N/A;N/A;Sí;N/A;N/A;N/A;N/A;N/A;N/A;N/A;N/A;N/A;"L a v 9.00 a 18.00 y S 9.00 a 13.00";5;1.5;Híbrido;Automática;Hatchback;"Autos y camionetas";N/A;N/A;N/A;N/A;N/A;N/A;UY;N/A;N/A;N/A;N/A;N/A;N/A;N/A;N/A;N/A;N/A;N/A;N/A;N/A;N/A;N/A;N/A;N/A;N/A;N/A;N/A;N/A;N/A;N/A;N/A;N/A;N/A;N/A;N/A;N/A;N/A;N/A;N/A;N/A;N/A;N/A;N/A;N/A;N/A;N/A;N/A;N/A;N/A;N/A;N/A;N/A;N/A;N/A;N/A;N/A;N/A;N/A;N/A;N/A;N/A;N/A;N/A;N/A;N/A;N/A;N/A;N/A;N/A;N/A;N/A;N/A;N/A;N/A;N/A;N/A;N/A;N/A;N/A;N/A;N/A;N/A;N/A;N/A;N/A;N/A;N/A;N/A;N/A;N/A;N/A;N/A;N/A;N/A;N/A;N/A;N/A;N/A;N/A;N/A;N/A;N/A;N/A;N/A;N/A;N/A;N/A;N/A;N/A;N/A;N/A;N/A;Sí;N/A;Sí;N/A;N/A;N/A;N/A;Sí;N/A;Sí
Toyota;Corolla;GR-SPORT;2024;"0 km";;CASARIEGOAUTOMOVILES;89990;;;;;Melo;https://auto.mercadolibre.com.uy/MLU-686611472-toyota-corolla-gr-sport-16-2024-0km-_JM;N/A;;"Toyota Corolla Gr-sport 1.6 2024 0km";USD;Sí;gold;false;N/A;N/A;http://perfil.mercadolibre.com.uy/CASARIEGOAUTOMOVILES;active;N/A;N/A;Nuevo;"Gris oscuro";N/A;Eléctrica;N/A;N/A;Sí;Sí;N/A;N/A;N/A;Sí;Sí;Sí;Sí;N/A;N/A;Sí;N/A;N/A;N/A;N/A;N/A;N/A;N/A;N/A;N/A;N/A;N/A;N/A;N/A;"1600 cc";N/A;6;N/A;N/A;Sí;Sí;Sí;N/A;Sí;N/A;N/A;N/A;N/A;N/A;N/A;N/A;N/A;N/A;N/A;N/A;N/A;N/A;N/A;N/A;N/A;Sí;N/A;Sí;N/A;Sí;N/A;N/A;N/A;N/A;N/A;N/A;N/A;N/A;Sí;N/A;N/A;N/A;N/A;N/A;Sí;N/A;N/A;N/A;N/A;N/A;N/A;N/A;N/A;N/A;"304 hp";N/A;N/A;N/A;N/A;N/A;N/A;N/A;Sí;Sí;Sí;Sí;Sí;Sí;N/A;Sí;N/A;N/A;N/A;N/A;N/A;Sí;"Lun. a Vie. 8 a 12:30 y 14:30 a 20 hs. Sáb. 8 a 13 hs.";5;1.6;Nafta;Manual;Hatchback;"Autos y camionetas";No;N/A;N/A;N/A;No;N/A;N/A;No;Sí;No;No;N/A;N/A;N/A;N/A;N/A;N/A;N/A;N/A;N/A;N/A;N/A;N/A;N/A;N/A;N/A;N/A;N/A;N/A;N/A;N/A;N/A;N/A;N/A;N/A;N/A;N/A;N/A;N/A;N/A;N/A;N/A;N/A;Sí;N/A;N/A;N/A;N/A;N/A;N/A;N/A;N/A;N/A;N/A;N/A;N/A;N/A;N/A;N/A;N/A;N/A;Sí;No;N/A;N/A;N/A;N/A;N/A;N/A;N/A;N/A;N/A;N/A;N/A;N/A;N/A;N/A;N/A;N/A;N/A;N/A;N/A;N/A;N/A;N/A;N/A;N/A;N/A;N/A;N/A;N/A;N/A;N/A;N/A;N/A;N/A;Sí;Sí;Sí;Sí;Sí;Sí;Sí;N/A;N/A;Sí;Sí;Sí;N/A;N/A;Sí;Sí;Sí;N/A;Sí;Sí;Sí;N/A;N/A;N/A;N/A;Sí
Toyota;Hilux;"SRV doble cabina 4x2 pick up";2024;"0 km";;VKSA2018;41990;;;;;Malvin;https://auto.mercadolibre.com.uy/MLU-643534301-toyota-hilux-srv-doble-cabina-4x2-pick-up-27-2024-0km-_JM;N/A;;"Toyota Hilux Srv Doble Cabina 4x2 Pick Up 2.7 2024 0km";usd;Sí;gold;false;N/A;N/A;http://perfil.mercadolibre.com.uy/VKSA2018;active;N/A;N/A;Nuevo;"Gris oscuro";N/A;Asistida;N/A;Sí;Sí;Sí;Sí;N/A;N/A;Sí;Sí;Sí;Sí;N/A;Sí;Sí;N/A;N/A;N/A;N/A;N/A;N/A;N/A;N/A;N/A;N/A;N/A;N/A;N/A;"2700 cc";N/A;5;N/A;N/A;Sí;Sí;Sí;N/A;Sí;N/A;N/A;N/A;N/A;N/A;N/A;N/A;N/A;N/A;N/A;N/A;N/A;N/A;N/A;N/A;N/A;Sí;N/A;Sí;N/A;Sí;N/A;N/A;N/A;N/A;N/A;N/A;N/A;N/A;Sí;N/A;N/A;N/A;N/A;N/A;Sí;N/A;N/A;N/A;N/A;N/A;N/A;N/A;N/A;N/A;"167 hp";Srv;N/A;N/A;N/A;N/A;N/A;N/A;N/A;Sí;Sí;Sí;Sí;N/A;N/A;N/A;N/A;N/A;N/A;N/A;N/A;N/A;"Lun. a Vie. de 10 a 17 hs. Sábados cerrado.";4;2.7;Nafta;Manual;Pick-Up;"Autos y camionetas";No;N/A;N/A;N/A;No;N/A;UY;No;Sí;No;No;N/A;N/A;N/A;N/A;N/A;N/A;N/A;N/A;N/A;N/A;N/A;N/A;N/A;N/A;N/A;N/A;N/A;N/A;N/A;N/A;N/A;N/A;N/A;N/A;N/A;N/A;N/A;N/A;N/A;N/A;N/A;N/A;Sí;N/A;N/A;N/A;N/A;N/A;N/A;N/A;N/A;N/A;N/A;N/A;N/A;N/A;N/A;N/A;N/A;N/A;Sí;No;N/A;N/A;N/A;N/A;N/A;N/A;N/A;N/A;N/A;N/A;N/A;N/A;N/A;N/A;N/A;N/A;N/A;N/A;N/A;N/A;N/A;N/A;N/A;N/A;N/A;N/A;N/A;N/A;N/A;N/A;N/A;N/A;N/A;Sí;Sí;Sí;Sí;Sí;N/A;Sí;N/A;Sí;Sí;N/A;N/A;N/A;N/A;Sí;Sí;Sí;N/A;Sí;N/A;Sí;N/A;N/A;Sí;N/A;Sí
Toyota;Hilux;"2.4 P.up T.diesel Dx 4x4";2023;"0 km";;"NOGAR AUTOMOVILES";76490;;;;;"San José de Mayo";https://auto.mercadolibre.com.uy/MLU-665389384-nueva-toyota-hilux-srv-28-at-plus-4x4-_JM;N/A;;"Nueva Toyota Hilux Srv 2.8 At Plus 4x4";usd;Sí;gold;false;N/A;N/A;http://perfil.mercadolibre.com.uy/NOGAR+AUTOMOVILES;active;No;N/A;Nuevo;"GRIS PLATA";No;Hidráulica;4x4;Sí;No;No;No;No;No;No;No;No;No;No;No;No;No;No;N/A;N/A;N/A;N/A;N/A;N/A;N/A;N/A;N/A;N/A;"2860 mm";"2.4 L";"80 L";5;N/A;No;No;No;No;No;No;No;No;No;No;No;No;No;No;No;No;No;No;No;No;No;No;No;No;No;No;No;N/A;No;N/A;No;No;No;No;No;No;No;No;No;No;No;No;N/A;No;"1850 mm";"5260 mm";N/A;N/A;N/A;N/A;5;"150 hp";Dx;N/A;4;"1855 mm";"8.2 km/l";No;No;No;No;No;No;No;No;No;No;"6.3 km/l";No;No;No;No;No;"9 a 12 hs y de 14.30 a 18.30 hs";4;2.4;Diésel;Manual;Pick-Up;"Autos y camionetas";No;No;No;No;No;No;UY;No;No;No;No;No;No;No;No;No;No;No;No;No;No;No;No;No;No;No;No;No;No;No;No;No;N/A;No;No;No;No;No;No;No;No;No;No;No;No;No;No;No;No;No;No;No;No;No;No;No;No;No;No;No;No;No;No;No;No;No;No;No;No;No;No;No;No;No;No;No;No;No;No;No;No;No;No;No;No;No;No;No;No;No;No;No;No;No;No;No;No;No;No;No;No;No;No;No;No;No;No;No;No;No;No;No;Sí;No;Sí;No;No;No;No;Sí;No;No
Toyota;Corolla;"1.8 Se-g Cvt 140cv";2018;"95000 km";;"JOAQUIMCURI UY";24900;;;;;Rivera;https://auto.mercadolibre.com.uy/MLU-701160876-toyota-corolla-2018-18-se-g-cvt-140cv-_JM;N/A;;"Toyota Corolla 2018 1.8 Se-g Cvt 140cv";usd;Sí;gold;false;N/A;N/A;http://perfil.mercadolibre.com.uy/JOAQUIMCURI+UY;active;N/A;N/A;Usado;N/A;N/A;Eléctrica;Delantera;Sí;N/A;N/A;N/A;N/A;N/A;N/A;N/A;N/A;N/A;N/A;N/A;N/A;N/A;N/A;N/A;N/A;N/A;N/A;N/A;N/A;N/A;N/A;N/A;N/A;"2700 mm";"1.8 L";"57 L";7;N/A;N/A;N/A;N/A;N/A;N/A;N/A;N/A;N/A;N/A;N/A;N/A;N/A;N/A;N/A;N/A;N/A;N/A;N/A;N/A;N/A;N/A;N/A;N/A;N/A;N/A;N/A;N/A;N/A;N/A;N/A;N/A;N/A;N/A;N/A;N/A;N/A;N/A;N/A;N/A;N/A;N/A;N/A;N/A;N/A;"1460 mm";"4620 mm";N/A;N/A;N/A;N/A;5;"140 hp";Se-g;N/A;4;"1775 mm";"13.5 km/l";Sí;N/A;N/A;N/A;N/A;N/A;N/A;N/A;N/A;N/A;N/A;N/A;N/A;N/A;N/A;N/A;N/A;4;1.8;Nafta;Automática;Sedán;"Autos y camionetas";N/A;N/A;N/A;N/A;N/A;N/A;UY;N/A;N/A;N/A;N/A;N/A;N/A;N/A;N/A;N/A;N/A;N/A;N/A;N/A;N/A;N/A;N/A;N/A;N/A;N/A;N/A;N/A;N/A;N/A;N/A;N/A;N/A;N/A;N/A;N/A;N/A;N/A;N/A;N/A;N/A;N/A;N/A;N/A;N/A;N/A;N/A;N/A;N/A;N/A;N/A;N/A;N/A;N/A;N/A;N/A;N/A;N/A;N/A;N/A;N/A;N/A;N/A;N/A;N/A;N/A;N/A;N/A;N/A;N/A;N/A;N/A;N/A;N/A;N/A;N/A;N/A;N/A;N/A;N/A;N/A;N/A;N/A;N/A;N/A;N/A;N/A;N/A;N/A;N/A;N/A;N/A;N/A;N/A;N/A;N/A;N/A;N/A;N/A;N/A;N/A;N/A;N/A;N/A;N/A;N/A;N/A;N/A;N/A;N/A;N/A;N/A;N/A;N/A;Sí;N/A;N/A;Sí;Sí;N/A;N/A;N/A
Toyota;Yaris;-;2025;"0 km";;"KAITAZOFF MOTORS.";26990;;;;;Malvin;https://auto.mercadolibre.com.uy/MLU-699389698-toyota-yaris-15-2025-0km-_JM;N/A;;"Toyota Yaris 1.5 2025 0km";USD;Sí;gold;false;N/A;N/A;http://perfil.mercadolibre.com.uy/KAITAZOFF+MOTORS.;active;N/A;N/A;Nuevo;Plateado;N/A;Asistida;N/A;Sí;Sí;Sí;Sí;Sí;N/A;Sí;Sí;Sí;N/A;Sí;Sí;Sí;N/A;Sí;N/A;N/A;N/A;N/A;N/A;N/A;N/A;N/A;N/A;N/A;N/A;"1500 cc";N/A;7;N/A;N/A;Sí;Sí;Sí;N/A;Sí;N/A;N/A;N/A;N/A;N/A;N/A;N/A;N/A;N/A;N/A;N/A;N/A;N/A;N/A;N/A;N/A;Sí;N/A;Sí;N/A;Sí;N/A;N/A;N/A;N/A;N/A;N/A;N/A;N/A;Sí;N/A;N/A;N/A;N/A;N/A;Sí;N/A;N/A;N/A;N/A;N/A;N/A;N/A;N/A;N/A;"105 hp";N/A;N/A;N/A;N/A;"12 km/l";N/A;N/A;Sí;Sí;Sí;N/A;Sí;Sí;N/A;Sí;"16 km/l";N/A;N/A;N/A;N/A;Sí;"Lun a Vie de 9 a 12:30 y 14 a 18:30 hs. Sáb. de 10 a 13 hs.";5;1.5;Nafta;Automática;Hatchback;"Autos y camionetas";No;N/A;N/A;N/A;No;N/A;N/A;No;Sí;No;No;N/A;N/A;N/A;N/A;N/A;N/A;N/A;N/A;N/A;N/A;N/A;N/A;N/A;N/A;N/A;N/A;N/A;N/A;N/A;N/A;N/A;N/A;N/A;N/A;N/A;N/A;N/A;N/A;N/A;N/A;N/A;N/A;Sí;N/A;N/A;N/A;N/A;N/A;N/A;N/A;N/A;N/A;N/A;N/A;N/A;N/A;N/A;N/A;N/A;N/A;Sí;No;N/A;N/A;N/A;N/A;N/A;N/A;N/A;N/A;N/A;N/A;N/A;N/A;N/A;N/A;N/A;N/A;N/A;N/A;N/A;N/A;N/A;N/A;N/A;N/A;N/A;N/A;N/A;N/A;N/A;N/A;N/A;N/A;N/A;Sí;Sí;Sí;Sí;Sí;Sí;N/A;N/A;Sí;Sí;N/A;Sí;N/A;N/A;Sí;Sí;Sí;N/A;Sí;Sí;Sí;N/A;N/A;Sí;N/A;Sí
Toyota;Hilux;"2.4 D.cab. T.dsl Dx 4x4";2022;"140000 km";;ROCKER459;42900;;;;;Carrasco;https://auto.mercadolibre.com.uy/MLU-698208514-toyota-hilux-2022-24-dcab-tdsl-dx-4x4-_JM;N/A;;"Toyota Hilux 2022 2.4 D.cab. T.dsl Dx 4x4";usd;Sí;gold;false;N/A;N/A;http://perfil.mercadolibre.com.uy/ROCKER459;active;N/A;N/A;Usado;N/A;N/A;Hidráulica;4x4;Sí;N/A;Sí;N/A;N/A;N/A;N/A;N/A;N/A;N/A;N/A;N/A;N/A;N/A;N/A;N/A;N/A;N/A;N/A;N/A;N/A;N/A;N/A;N/A;N/A;"2860 mm";"2.4 L";"80 L";5;N/A;N/A;N/A;N/A;N/A;N/A;N/A;N/A;N/A;N/A;N/A;N/A;N/A;N/A;N/A;N/A;N/A;N/A;N/A;N/A;N/A;N/A;N/A;N/A;N/A;N/A;N/A;N/A;N/A;N/A;N/A;N/A;N/A;N/A;N/A;N/A;N/A;N/A;N/A;N/A;N/A;N/A;N/A;N/A;N/A;"1850 mm";"5260 mm";N/A;N/A;N/A;N/A;5;"150 hp";Dx;N/A;4;"1855 mm";"8.2 km/l";N/A;N/A;N/A;N/A;N/A;N/A;N/A;N/A;N/A;N/A;"6.3 km/l";N/A;N/A;N/A;N/A;N/A;N/A;4;2.4;Diésel;Manual;Pick-Up;"Autos y camionetas";N/A;N/A;N/A;N/A;N/A;N/A;UY;N/A;N/A;N/A;N/A;N/A;N/A;N/A;N/A;N/A;N/A;N/A;N/A;N/A;N/A;N/A;N/A;N/A;N/A;N/A;N/A;N/A;N/A;N/A;N/A;N/A;N/A;N/A;N/A;N/A;N/A;N/A;N/A;N/A;N/A;N/A;N/A;N/A;N/A;N/A;N/A;N/A;N/A;N/A;N/A;N/A;N/A;N/A;N/A;N/A;N/A;N/A;N/A;N/A;N/A;N/A;N/A;N/A;N/A;N/A;N/A;N/A;N/A;N/A;N/A;N/A;N/A;N/A;N/A;N/A;N/A;N/A;N/A;N/A;N/A;N/A;N/A;N/A;N/A;N/A;N/A;N/A;N/A;N/A;N/A;N/A;N/A;N/A;N/A;N/A;N/A;N/A;N/A;N/A;N/A;N/A;N/A;N/A;N/A;N/A;N/A;N/A;N/A;N/A;N/A;N/A;Sí;N/A;Sí;N/A;N/A;N/A;N/A;Sí;N/A;N/A
Toyota;Hilux;"Doble Cabina";2017;"251000 km";;"OLIVERA AUTOMOTORES";39500;;;;;Salto;https://auto.mercadolibre.com.uy/MLU-644986847-toyota-hilux-srv-4x2-_JM;N/A;;"Toyota Hilux Srv 4x2 ";USD;Sí;gold;false;N/A;N/A;http://perfil.mercadolibre.com.uy/OLIVERA+AUTOMOTORES;active;N/A;N/A;Usado;Rojo;N/A;N/A;4x2;N/A;N/A;N/A;N/A;N/A;N/A;N/A;N/A;N/A;N/A;N/A;N/A;N/A;N/A;N/A;N/A;N/A;N/A;N/A;N/A;N/A;N/A;N/A;N/A;N/A;N/A;N/A;N/A;N/A;N/A;N/A;N/A;N/A;N/A;N/A;N/A;N/A;N/A;N/A;N/A;N/A;N/A;N/A;N/A;N/A;N/A;N/A;N/A;N/A;N/A;N/A;N/A;N/A;N/A;N/A;N/A;N/A;N/A;N/A;N/A;N/A;N/A;N/A;N/A;N/A;N/A;N/A;N/A;N/A;N/A;N/A;N/A;N/A;N/A;N/A;N/A;N/A;N/A;N/A;N/A;N/A;N/A;N/A;N/A;N/A;N/A;N/A;N/A;N/A;N/A;N/A;N/A;N/A;N/A;N/A;N/A;N/A;N/A;N/A;N/A;N/A;N/A;N/A;N/A;4;3.0;Diésel;Manual;N/A;"Autos y camionetas";N/A;N/A;N/A;N/A;N/A;N/A;N/A;N/A;Sí;N/A;N/A;N/A;N/A;N/A;N/A;N/A;N/A;N/A;N/A;N/A;N/A;N/A;N/A;N/A;N/A;N/A;N/A;N/A;N/A;N/A;N/A;N/A;N/A;N/A;N/A;N/A;N/A;N/A;N/A;N/A;N/A;N/A;N/A;N/A;N/A;N/A;N/A;N/A;N/A;N/A;N/A;N/A;N/A;N/A;N/A;N/A;N/A;N/A;N/A;N/A;N/A;N/A;N/A;N/A;N/A;N/A;N/A;N/A;N/A;N/A;N/A;N/A;N/A;N/A;N/A;N/A;N/A;N/A;N/A;N/A;N/A;N/A;N/A;N/A;N/A;N/A;N/A;N/A;N/A;N/A;N/A;N/A;N/A;N/A;N/A;N/A;N/A;N/A;N/A;N/A;N/A;N/A;N/A;N/A;N/A;N/A;N/A;N/A;N/A;N/A;N/A;N/A;N/A;N/A;N/A;N/A;N/A;N/A;N/A;N/A;N/A;N/A
Toyota;Corolla;"Corolla diesel";1998;"550000 km";;LUISBS2008;9300;;;;;Artigas;https://auto.mercadolibre.com.uy/MLU-699180716-toyota-corolla-corolla-diesel-_JM;N/A;;"Toyota Corolla Corolla Diesel";USD;No;gold;false;N/A;N/A;http://perfil.mercadolibre.com.uy/LUISBS2008;active;N/A;N/A;Usado;N/A;N/A;N/A;N/A;N/A;N/A;N/A;N/A;N/A;N/A;N/A;N/A;N/A;N/A;N/A;N/A;N/A;N/A;N/A;N/A;N/A;N/A;N/A;N/A;N/A;N/A;N/A;N/A;N/A;N/A;N/A;N/A;N/A;N/A;N/A;N/A;N/A;N/A;N/A;N/A;N/A;N/A;N/A;N/A;N/A;N/A;N/A;N/A;N/A;N/A;N/A;N/A;N/A;N/A;N/A;N/A;N/A;N/A;N/A;N/A;N/A;N/A;N/A;N/A;N/A;N/A;N/A;N/A;N/A;N/A;N/A;N/A;N/A;N/A;N/A;N/A;N/A;N/A;N/A;N/A;N/A;N/A;N/A;N/A;N/A;N/A;N/A;N/A;N/A;N/A;N/A;N/A;N/A;N/A;N/A;N/A;N/A;N/A;N/A;N/A;N/A;N/A;N/A;N/A;N/A;N/A;N/A;N/A;4;N/A;Diésel;N/A;N/A;"Autos y camionetas";N/A;N/A;N/A;N/A;N/A;N/A;N/A;N/A;N/A;N/A;N/A;N/A;N/A;N/A;N/A;N/A;N/A;N/A;N/A;N/A;N/A;N/A;N/A;N/A;N/A;N/A;N/A;N/A;N/A;N/A;N/A;N/A;N/A;N/A;N/A;N/A;N/A;N/A;N/A;N/A;N/A;N/A;N/A;N/A;N/A;N/A;N/A;N/A;N/A;N/A;N/A;N/A;N/A;N/A;N/A;N/A;N/A;N/A;N/A;N/A;N/A;N/A;N/A;N/A;N/A;N/A;N/A;N/A;N/A;N/A;N/A;N/A;N/A;N/A;N/A;N/A;N/A;N/A;N/A;N/A;N/A;N/A;N/A;N/A;N/A;N/A;N/A;N/A;N/A;N/A;N/A;N/A;N/A;N/A;N/A;N/A;N/A;N/A;N/A;N/A;N/A;N/A;N/A;N/A;N/A;N/A;N/A;N/A;N/A;N/A;N/A;N/A;N/A;N/A;N/A;N/A;N/A;N/A;N/A;N/A;N/A;N/A
Toyota;Hilux;"2.7 Cd Srv Vvti 4x4";2013;"152000 km";;"EXPOAUTO AUTOMOVILES";19990;;;;;"Brazo Oriental";https://auto.mercadolibre.com.uy/MLU-701808146-toyota-hilux-27-cd-srv-vvti-4x4-_JM;N/A;;"Toyota Hilux 2.7 Cd Srv Vvti 4x4";usd;Sí;gold;false;N/A;N/A;http://perfil.mercadolibre.com.uy/EXPOAUTO+AUTOMOVILES;active;N/A;N/A;Usado;Blanco;N/A;Hidráulica;4x4;Sí;N/A;Sí;N/A;N/A;N/A;N/A;N/A;N/A;N/A;N/A;N/A;N/A;N/A;N/A;N/A;N/A;N/A;N/A;N/A;N/A;N/A;N/A;N/A;N/A;"2860 mm";"2.7 L";"80 L";5;N/A;N/A;N/A;N/A;N/A;N/A;N/A;N/A;N/A;N/A;N/A;N/A;N/A;N/A;N/A;N/A;N/A;N/A;N/A;N/A;N/A;N/A;N/A;N/A;N/A;N/A;N/A;N/A;N/A;N/A;N/A;N/A;N/A;N/A;N/A;N/A;N/A;N/A;N/A;N/A;N/A;N/A;N/A;N/A;N/A;"1860 mm";"5260 mm";N/A;N/A;N/A;N/A;5;"160 hp";Srv;N/A;4;"1855 mm";N/A;N/A;N/A;N/A;N/A;N/A;N/A;Sí;N/A;N/A;N/A;N/A;N/A;N/A;N/A;N/A;N/A;N/A;4;2.7;Nafta;Manual;Pick-Up;"Autos y camionetas";N/A;N/A;N/A;N/A;N/A;N/A;UY;N/A;N/A;N/A;N/A;N/A;N/A;N/A;N/A;N/A;N/A;N/A;N/A;N/A;N/A;N/A;N/A;N/A;N/A;N/A;N/A;N/A;N/A;N/A;N/A;N/A;N/A;N/A;N/A;N/A;N/A;N/A;N/A;N/A;N/A;N/A;N/A;N/A;N/A;N/A;N/A;N/A;N/A;N/A;N/A;N/A;N/A;N/A;N/A;N/A;N/A;N/A;N/A;N/A;N/A;N/A;N/A;N/A;N/A;N/A;N/A;N/A;N/A;N/A;N/A;N/A;N/A;N/A;N/A;N/A;N/A;N/A;N/A;N/A;N/A;N/A;N/A;N/A;N/A;N/A;N/A;N/A;N/A;N/A;N/A;N/A;N/A;N/A;N/A;N/A;N/A;N/A;N/A;N/A;N/A;N/A;N/A;N/A;N/A;N/A;N/A;N/A;N/A;N/A;N/A;N/A;Sí;N/A;Sí;N/A;N/A;N/A;N/A;Sí;N/A;N/A
Toyota;Hilux;"2.5 Cs Dx Tdi 120cv 4x2";2011;"305000 km";;FRAYLE2006;25900;;;;;Centro;https://auto.mercadolibre.com.uy/MLU-700797090-toyota-hilux-2011-25-cs-dx-tdi-120cv-4x2-_JM;N/A;;"Toyota Hilux 2011 2.5 Cs Dx Tdi 120cv 4x2";usd;Sí;gold;false;N/A;N/A;http://perfil.mercadolibre.com.uy/FRAYLE2006;active;N/A;N/A;Usado;N/A;N/A;Hidráulica;4x2;Sí;N/A;N/A;N/A;N/A;N/A;N/A;N/A;N/A;N/A;N/A;N/A;N/A;N/A;N/A;N/A;N/A;N/A;N/A;N/A;N/A;N/A;N/A;N/A;N/A;"2860 mm";"2.5 L";"80 L";5;N/A;N/A;N/A;N/A;N/A;N/A;N/A;N/A;N/A;N/A;N/A;N/A;N/A;N/A;N/A;N/A;N/A;N/A;N/A;N/A;N/A;N/A;N/A;N/A;N/A;N/A;N/A;N/A;N/A;N/A;N/A;N/A;N/A;N/A;N/A;N/A;N/A;N/A;N/A;N/A;N/A;N/A;N/A;N/A;N/A;"1795 mm";"5260 mm";N/A;N/A;N/A;N/A;3;"120 hp";Dx;N/A;4;"1855 mm";N/A;N/A;N/A;N/A;N/A;N/A;N/A;N/A;N/A;N/A;N/A;N/A;N/A;N/A;N/A;N/A;N/A;N/A;4;2.5;Diésel;Manual;Pick-Up;"Autos y camionetas";N/A;N/A;N/A;N/A;N/A;N/A;UY;N/A;N/A;N/A;N/A;N/A;N/A;N/A;N/A;N/A;N/A;N/A;N/A;N/A;N/A;N/A;N/A;N/A;N/A;N/A;N/A;N/A;N/A;N/A;N/A;N/A;N/A;N/A;N/A;N/A;N/A;N/A;N/A;N/A;N/A;N/A;N/A;N/A;N/A;N/A;N/A;N/A;N/A;N/A;N/A;N/A;N/A;N/A;N/A;N/A;N/A;N/A;N/A;N/A;N/A;N/A;N/A;N/A;N/A;N/A;N/A;N/A;N/A;N/A;N/A;N/A;N/A;N/A;N/A;N/A;N/A;N/A;N/A;N/A;N/A;N/A;N/A;N/A;N/A;N/A;N/A;N/A;N/A;N/A;N/A;N/A;N/A;N/A;N/A;N/A;N/A;N/A;N/A;N/A;N/A;N/A;N/A;N/A;N/A;N/A;N/A;N/A;N/A;N/A;N/A;N/A;N/A;N/A;Sí;N/A;N/A;N/A;N/A;N/A;N/A;N/A
Toyota;Hilux;"Doble Cabina";2011;"519000 km";;SOBRERO.AUTOMOVILES;27900;;;;;Sayago;https://auto.mercadolibre.com.uy/MLU-700393774-toyota-hilux-25cc-diesel-_JM;N/A;;"Toyota Hilux 2.5cc Diesel";USD;Sí;gold;false;N/A;N/A;http://perfil.mercadolibre.com.uy/SOBRERO.AUTOMOVILES;active;N/A;N/A;Usado;Gris;N/A;Hidráulica;N/A;Sí;Sí;N/A;N/A;N/A;N/A;N/A;N/A;N/A;N/A;N/A;N/A;Sí;N/A;N/A;N/A;N/A;N/A;N/A;N/A;N/A;N/A;N/A;N/A;N/A;N/A;N/A;N/A;N/A;N/A;N/A;N/A;N/A;N/A;N/A;N/A;N/A;N/A;N/A;N/A;N/A;N/A;N/A;N/A;N/A;N/A;N/A;N/A;N/A;N/A;N/A;N/A;N/A;N/A;N/A;N/A;N/A;N/A;N/A;N/A;N/A;N/A;N/A;N/A;N/A;N/A;N/A;N/A;N/A;N/A;N/A;N/A;N/A;N/A;N/A;N/A;N/A;N/A;N/A;N/A;N/A;N/A;N/A;N/A;N/A;N/A;N/A;N/A;N/A;N/A;N/A;N/A;N/A;Sí;N/A;N/A;N/A;N/A;N/A;N/A;N/A;N/A;N/A;N/A;4;2.5;Diésel;Manual;Pick-Up;"Autos y camionetas";N/A;N/A;N/A;N/A;N/A;N/A;N/A;N/A;N/A;N/A;N/A;N/A;N/A;N/A;N/A;N/A;N/A;N/A;N/A;N/A;N/A;N/A;N/A;N/A;Sí;N/A;N/A;N/A;N/A;N/A;N/A;N/A;N/A;N/A;N/A;N/A;N/A;N/A;N/A;N/A;N/A;N/A;N/A;N/A;N/A;N/A;N/A;N/A;N/A;N/A;N/A;N/A;N/A;N/A;N/A;N/A;N/A;N/A;N/A;N/A;N/A;N/A;N/A;N/A;N/A;N/A;N/A;N/A;N/A;N/A;N/A;N/A;N/A;N/A;N/A;N/A;N/A;N/A;N/A;N/A;N/A;N/A;N/A;N/A;N/A;N/A;N/A;N/A;N/A;N/A;N/A;N/A;N/A;N/A;N/A;N/A;Sí;N/A;Sí;N/A;N/A;N/A;N/A;N/A;N/A;Sí;N/A;N/A;N/A;N/A;N/A;N/A;N/A;N/A;Sí;Sí;Sí;N/A;N/A;Sí;N/A;Sí
Toyota;Corolla;"1.8 Xli";2019;"141137 km";;"NOGAR AUTOMOVILES";20300;;;;;"San José de Mayo";https://auto.mercadolibre.com.uy/MLU-697377390-toyota-corolla-18-xli-2019-_JM;N/A;;"Toyota Corolla 1.8 Xli 2019";usd;Sí;gold;false;N/A;N/A;http://perfil.mercadolibre.com.uy/NOGAR+AUTOMOVILES;active;N/A;N/A;Usado;Blanco;N/A;Eléctrica;Delantera;Sí;N/A;Sí;N/A;N/A;N/A;N/A;N/A;N/A;N/A;N/A;N/A;N/A;N/A;N/A;N/A;N/A;N/A;N/A;N/A;N/A;N/A;N/A;N/A;N/A;"2700 mm";"1.8 L";"57 L";6;N/A;N/A;N/A;N/A;N/A;N/A;N/A;N/A;N/A;N/A;N/A;N/A;N/A;N/A;N/A;N/A;N/A;N/A;N/A;N/A;N/A;N/A;N/A;N/A;N/A;N/A;N/A;N/A;N/A;N/A;N/A;N/A;N/A;N/A;N/A;N/A;N/A;N/A;N/A;N/A;N/A;N/A;N/A;N/A;N/A;"1460 mm";"4620 mm";N/A;N/A;N/A;N/A;5;"140 hp";Xli;N/A;4;"1775 mm";"13.5 km/l";N/A;N/A;N/A;N/A;N/A;N/A;N/A;N/A;N/A;N/A;N/A;N/A;N/A;N/A;N/A;N/A;"L A V 9 A 12- 14-30 A 18- SAB 9 A 12";4;1.8;Nafta;Manual;Sedán;"Autos y camionetas";N/A;N/A;N/A;N/A;N/A;N/A;UY;N/A;N/A;N/A;N/A;N/A;N/A;N/A;N/A;N/A;N/A;N/A;N/A;N/A;N/A;N/A;N/A;N/A;N/A;N/A;N/A;N/A;N/A;N/A;N/A;N/A;N/A;N/A;N/A;N/A;N/A;N/A;N/A;N/A;N/A;N/A;N/A;N/A;N/A;N/A;N/A;N/A;N/A;N/A;N/A;N/A;N/A;N/A;N/A;N/A;N/A;N/A;N/A;N/A;N/A;N/A;N/A;N/A;N/A;N/A;N/A;N/A;N/A;N/A;N/A;N/A;N/A;N/A;N/A;N/A;N/A;N/A;N/A;N/A;N/A;N/A;N/A;N/A;N/A;N/A;N/A;N/A;N/A;N/A;N/A;N/A;N/A;N/A;N/A;N/A;N/A;N/A;N/A;N/A;N/A;N/A;N/A;N/A;N/A;N/A;N/A;N/A;N/A;N/A;N/A;N/A;Sí;N/A;Sí;N/A;N/A;N/A;N/A;Sí;N/A;N/A
Toyota;Hilux;"sr 4x4 oferta";2020;"180000 km";;"RIVEROAUTOMOTORES TACUAREMBÓ";42990;;;;;Tacuarembó;https://auto.mercadolibre.com.uy/MLU-692489402-toyota-hilux-sr-4x4-oferta-24-2020-impecable-_JM;N/A;;"Toyota Hilux Sr 4x4 Oferta 2.4 2020 Impecable!";usd;Sí;gold;false;N/A;N/A;http://perfil.mercadolibre.com.uy/RIVEROAUTOMOTORES+TACUAREMB%C3%93;active;N/A;N/A;Usado;Rojo;Sí;Hidráulica;N/A;Sí;N/A;Sí;N/A;N/A;N/A;N/A;N/A;N/A;N/A;N/A;N/A;Sí;N/A;N/A;N/A;N/A;N/A;N/A;N/A;N/A;N/A;N/A;N/A;N/A;N/A;"2400 cc";N/A;5;N/A;N/A;N/A;N/A;Sí;N/A;N/A;N/A;N/A;N/A;N/A;N/A;N/A;N/A;N/A;N/A;N/A;N/A;N/A;N/A;N/A;N/A;N/A;N/A;N/A;N/A;N/A;N/A;N/A;N/A;N/A;N/A;N/A;N/A;N/A;N/A;N/A;N/A;N/A;N/A;N/A;N/A;N/A;N/A;N/A;N/A;N/A;N/A;N/A;N/A;N/A;N/A;N/A;Sr;N/A;N/A;N/A;N/A;N/A;N/A;N/A;N/A;N/A;N/A;N/A;N/A;N/A;N/A;N/A;N/A;N/A;N/A;Sí;N/A;"Lun. a Vie. de 8 a 12 y de 14 a 19 hs. Sáb de 8 a 13 hs";4;2.4;Diésel;Manual;Pick-Up;"Autos y camionetas";No;N/A;N/A;N/A;No;N/A;UY;No;Sí;No;No;N/A;N/A;N/A;N/A;N/A;N/A;N/A;N/A;N/A;N/A;N/A;N/A;N/A;N/A;N/A;N/A;N/A;N/A;N/A;N/A;N/A;N/A;N/A;N/A;N/A;N/A;N/A;N/A;N/A;N/A;N/A;N/A;N/A;N/A;N/A;N/A;N/A;N/A;N/A;N/A;N/A;N/A;N/A;N/A;N/A;N/A;N/A;N/A;N/A;N/A;N/A;No;N/A;N/A;N/A;N/A;N/A;N/A;N/A;N/A;N/A;N/A;N/A;N/A;N/A;N/A;N/A;N/A;N/A;N/A;N/A;N/A;N/A;N/A;N/A;N/A;N/A;N/A;N/A;N/A;N/A;N/A;N/A;N/A;N/A;Sí;N/A;N/A;N/A;Sí;N/A;N/A;N/A;N/A;Sí;N/A;N/A;N/A;N/A;Sí;Sí;N/A;N/A;Sí;Sí;Sí;N/A;N/A;N/A;N/A;Sí
Toyota;Hilux;"SR 4x4 A/T Diesel";2024;"0 km";;CASARIEGOAUTOMOVILES;65990;;;;;Melo;https://auto.mercadolibre.com.uy/MLU-669070652-toyota-hilux-sr-4x4-at-diesel-24-2024-0km-_JM;N/A;;"Toyota Hilux Sr 4x4 A/t Diesel 2.4 2024 0km";usd;Sí;gold;false;N/A;N/A;http://perfil.mercadolibre.com.uy/CASARIEGOAUTOMOVILES;active;N/A;N/A;Nuevo;Blanco;N/A;Asistida;N/A;Sí;Sí;Sí;N/A;N/A;N/A;Sí;Sí;N/A;N/A;Sí;N/A;Sí;N/A;N/A;N/A;N/A;N/A;N/A;N/A;N/A;N/A;N/A;N/A;N/A;N/A;"2400 cc";N/A;6;N/A;N/A;Sí;Sí;Sí;N/A;N/A;N/A;N/A;N/A;N/A;N/A;N/A;N/A;N/A;N/A;N/A;N/A;N/A;N/A;N/A;N/A;N/A;Sí;N/A;Sí;N/A;Sí;N/A;N/A;N/A;N/A;N/A;N/A;N/A;N/A;Sí;N/A;N/A;N/A;N/A;N/A;N/A;N/A;N/A;N/A;N/A;N/A;N/A;N/A;N/A;N/A;"150 hp";Sr;N/A;N/A;N/A;N/A;N/A;N/A;Sí;Sí;N/A;Sí;Sí;N/A;N/A;N/A;N/A;N/A;N/A;N/A;N/A;Sí;"Lun. a Vie. de 8:30 a 20 hs. Sáb. de 8:30 a 12 hs.";4;2.4;Diésel;"Automática secuencial";Pick-Up;"Autos y camionetas";No;N/A;N/A;N/A;No;N/A;UY;No;Sí;No;No;N/A;N/A;N/A;N/A;N/A;N/A;N/A;N/A;N/A;N/A;N/A;N/A;N/A;N/A;N/A;N/A;N/A;N/A;N/A;N/A;N/A;N/A;N/A;N/A;N/A;N/A;N/A;N/A;N/A;N/A;N/A;N/A;Sí;N/A;N/A;N/A;N/A;N/A;N/A;N/A;N/A;N/A;N/A;N/A;N/A;N/A;N/A;N/A;N/A;N/A;Sí;No;N/A;N/A;N/A;N/A;N/A;N/A;N/A;N/A;N/A;N/A;N/A;N/A;N/A;N/A;N/A;N/A;N/A;N/A;N/A;N/A;N/A;N/A;N/A;N/A;N/A;N/A;N/A;N/A;N/A;N/A;N/A;N/A;N/A;Sí;Sí;Sí;Sí;Sí;Sí;Sí;N/A;Sí;Sí;N/A;N/A;N/A;N/A;Sí;Sí;Sí;N/A;Sí;Sí;Sí;N/A;N/A;N/A;N/A;Sí
Toyota;Hilux;"Sr 4x2 Nafta";2024;"0 km";;"OLIVERA AUTOMOTORES";37990;;;;;Salto;https://auto.mercadolibre.com.uy/MLU-699561622-toyota-hilux-sr-4x2-nafta-_JM;N/A;;"Toyota Hilux Sr 4x2 Nafta ";usd;Sí;gold;false;N/A;N/A;http://perfil.mercadolibre.com.uy/OLIVERA+AUTOMOTORES;active;N/A;N/A;Nuevo;Plateado;N/A;Eléctrica;4x2;Sí;Sí;Sí;N/A;N/A;No;N/A;N/A;N/A;N/A;N/A;Sí;Sí;N/A;Sí;N/A;N/A;N/A;N/A;N/A;N/A;N/A;N/A;N/A;N/A;"2860 mm";"2.7 L";"80 L";5;N/A;N/A;N/A;N/A;N/A;N/A;N/A;N/A;N/A;Sí;N/A;N/A;N/A;N/A;N/A;N/A;N/A;N/A;N/A;N/A;N/A;N/A;N/A;N/A;N/A;N/A;N/A;N/A;N/A;N/A;N/A;N/A;N/A;Sí;N/A;N/A;N/A;N/A;N/A;N/A;N/A;N/A;N/A;N/A;N/A;"1850 mm";"5260 mm";N/A;N/A;N/A;N/A;5;"177 hp";Sr;N/A;2;"1855 mm";N/A;No;N/A;Sí;N/A;N/A;Sí;Sí;N/A;N/A;N/A;N/A;Sí;N/A;N/A;N/A;N/A;N/A;4;2.7;Nafta;Manual;Pick-Up;"Autos y camionetas";N/A;N/A;N/A;N/A;N/A;N/A;UY;N/A;Sí;N/A;N/A;N/A;N/A;N/A;N/A;N/A;N/A;N/A;N/A;N/A;N/A;N/A;N/A;N/A;Sí;N/A;N/A;N/A;N/A;N/A;N/A;N/A;N/A;N/A;N/A;N/A;N/A;N/A;N/A;N/A;N/A;N/A;N/A;Sí;N/A;N/A;N/A;N/A;N/A;N/A;N/A;N/A;N/A;N/A;N/A;N/A;N/A;N/A;N/A;N/A;N/A;N/A;N/A;N/A;N/A;N/A;N/A;N/A;N/A;N/A;N/A;N/A;N/A;N/A;N/A;N/A;N/A;N/A;N/A;N/A;N/A;N/A;N/A;N/A;N/A;N/A;N/A;N/A;N/A;N/A;N/A;N/A;N/A;N/A;N/A;N/A;Sí;Sí;Sí;N/A;Sí;N/A;N/A;N/A;N/A;Sí;Sí;N/A;Sí;N/A;N/A;Sí;Sí;N/A;Sí;N/A;Sí;N/A;Sí;Sí;N/A;Sí
Toyota;Hilux;"SR 4x4";2013;"230000 km";;"VENTAS CARRICA";18900;;;;;"Jacinto Vera";https://auto.mercadolibre.com.uy/MLU-645514311-toyota-hilux-sr-4x4-_JM;N/A;;"Toyota Hilux Sr 4x4";USD;Sí;gold;false;N/A;N/A;http://perfil.mercadolibre.com.uy/VENTAS+CARRICA;active;N/A;N/A;Usado;Gris;N/A;Hidráulica;N/A;Sí;N/A;N/A;N/A;N/A;N/A;N/A;N/A;Sí;N/A;N/A;N/A;Sí;N/A;N/A;N/A;N/A;N/A;N/A;N/A;N/A;N/A;N/A;N/A;N/A;N/A;N/A;N/A;N/A;N/A;N/A;N/A;N/A;N/A;N/A;N/A;N/A;N/A;N/A;N/A;N/A;N/A;N/A;N/A;N/A;N/A;N/A;N/A;N/A;N/A;N/A;N/A;N/A;N/A;N/A;N/A;N/A;N/A;N/A;N/A;N/A;N/A;N/A;N/A;N/A;N/A;N/A;N/A;N/A;N/A;N/A;N/A;N/A;N/A;N/A;N/A;N/A;N/A;N/A;N/A;N/A;N/A;N/A;N/A;N/A;N/A;N/A;N/A;N/A;N/A;N/A;N/A;Sí;Sí;N/A;N/A;N/A;N/A;N/A;N/A;N/A;N/A;N/A;"Lunes a Viernes de 9 a 13 y de 14 a 18";4;2.7;Nafta;Manual;Pick-Up;"Autos y camionetas";N/A;N/A;N/A;N/A;N/A;N/A;N/A;N/A;N/A;N/A;N/A;N/A;N/A;N/A;N/A;N/A;N/A;N/A;N/A;N/A;N/A;N/A;N/A;N/A;N/A;N/A;N/A;N/A;N/A;N/A;N/A;N/A;N/A;N/A;N/A;N/A;N/A;N/A;N/A;N/A;N/A;N/A;N/A;N/A;N/A;N/A;N/A;N/A;N/A;N/A;N/A;N/A;N/A;N/A;N/A;N/A;N/A;N/A;N/A;N/A;N/A;N/A;N/A;N/A;N/A;N/A;N/A;N/A;N/A;N/A;N/A;N/A;N/A;N/A;N/A;N/A;N/A;N/A;N/A;N/A;N/A;N/A;N/A;N/A;N/A;N/A;N/A;N/A;N/A;N/A;N/A;N/A;N/A;N/A;N/A;N/A;Sí;Sí;N/A;N/A;N/A;N/A;N/A;N/A;N/A;Sí;N/A;N/A;Sí;N/A;N/A;N/A;Sí;Sí;Sí;N/A;Sí;N/A;N/A;N/A;N/A;N/A
Toyota;Celica;"2.0 Lift";1994;"197000 km";;ZZ20240910133007;15000;;;;;Solymar;https://auto.mercadolibre.com.uy/MLU-698699554-toyota-celica-_JM;N/A;;"Toyota Celica";usd;No;gold;false;N/A;N/A;http://perfil.mercadolibre.com.uy/ZZ20240910133007;active;N/A;N/A;Usado;Azul;N/A;Hidráulica;Trasera;Sí;N/A;N/A;N/A;N/A;N/A;N/A;N/A;N/A;N/A;N/A;N/A;Sí;N/A;Sí;N/A;N/A;N/A;N/A;N/A;N/A;N/A;N/A;N/A;N/A;"2600 mm";"2 L";"60 L";5;N/A;N/A;N/A;N/A;N/A;N/A;N/A;N/A;N/A;N/A;N/A;N/A;N/A;N/A;N/A;N/A;N/A;N/A;N/A;N/A;N/A;N/A;N/A;N/A;N/A;N/A;N/A;N/A;N/A;N/A;N/A;N/A;N/A;N/A;N/A;N/A;N/A;N/A;N/A;N/A;N/A;N/A;N/A;N/A;N/A;"1301 mm";"4420 mm";N/A;N/A;N/A;N/A;2;"105 hp";Lift;N/A;4;"1701 mm";"13.7 km/l";N/A;N/A;N/A;N/A;N/A;N/A;N/A;N/A;Sí;N/A;"7.7 km/l";N/A;N/A;N/A;N/A;N/A;"lunes a viernes de 9:00 a 18:00 y sabados de 9:30 a 13:30";2;2.0;Nafta;Manual;Coupé;"Autos y camionetas";N/A;N/A;N/A;N/A;N/A;N/A;UY;N/A;Sí;N/A;N/A;N/A;N/A;N/A;N/A;N/A;N/A;N/A;N/A;N/A;N/A;N/A;N/A;N/A;N/A;N/A;N/A;N/A;N/A;N/A;N/A;N/A;N/A;N/A;N/A;N/A;N/A;N/A;N/A;N/A;N/A;N/A;N/A;N/A;N/A;N/A;N/A;N/A;N/A;N/A;N/A;N/A;N/A;N/A;N/A;N/A;N/A;N/A;N/A;N/A;N/A;N/A;Sí;N/A;N/A;N/A;N/A;N/A;N/A;N/A;N/A;N/A;N/A;N/A;N/A;N/A;N/A;N/A;N/A;N/A;N/A;N/A;N/A;N/A;N/A;N/A;N/A;N/A;N/A;N/A;N/A;N/A;N/A;N/A;N/A;N/A;Sí;N/A;Sí;N/A;N/A;N/A;N/A;N/A;N/A;N/A;N/A;N/A;Sí;N/A;N/A;N/A;N/A;N/A;Sí;Sí;Sí;N/A;No;Sí;N/A;Sí
Toyota;Hilux;"SRV 4x2";2025;"0 km";;"KAITAZOFF MOTORS.";41990;;;;;Malvin;https://auto.mercadolibre.com.uy/MLU-680240626-toyota-hilux-srv-4x2-27-2025-0km-_JM;N/A;;"Toyota Hilux Srv 4x2 2.7 2025 0km";USD;Sí;gold;false;N/A;N/A;http://perfil.mercadolibre.com.uy/KAITAZOFF+MOTORS.;active;N/A;N/A;Nuevo;Plateado;N/A;Mecánica;N/A;Sí;Sí;Sí;N/A;Sí;N/A;N/A;Sí;Sí;Sí;N/A;Sí;Sí;N/A;N/A;N/A;N/A;N/A;N/A;N/A;N/A;N/A;N/A;N/A;N/A;N/A;"2700 cc";N/A;N/A;N/A;N/A;Sí;Sí;Sí;Sí;Sí;N/A;N/A;N/A;N/A;N/A;N/A;N/A;N/A;N/A;N/A;N/A;N/A;N/A;N/A;N/A;N/A;Sí;N/A;Sí;N/A;Sí;N/A;N/A;N/A;N/A;N/A;N/A;N/A;N/A;Sí;N/A;N/A;N/A;N/A;N/A;Sí;N/A;N/A;N/A;N/A;N/A;N/A;N/A;N/A;N/A;N/A;Srv;N/A;N/A;N/A;N/A;N/A;N/A;Sí;Sí;Sí;Sí;Sí;N/A;N/A;Sí;N/A;N/A;N/A;N/A;N/A;N/A;"Lun. a Vie. de 9 a 13 y 14 a 18:30 hs. Sáb. de 10 a 13 hs.";4;2.7;Nafta;Manual;N/A;"Autos y camionetas";No;N/A;N/A;N/A;No;N/A;N/A;No;Sí;No;No;N/A;N/A;N/A;N/A;N/A;N/A;N/A;N/A;N/A;N/A;N/A;N/A;N/A;N/A;N/A;N/A;N/A;N/A;N/A;N/A;N/A;N/A;N/A;N/A;N/A;N/A;N/A;N/A;N/A;N/A;N/A;N/A;Sí;N/A;N/A;N/A;N/A;N/A;N/A;N/A;N/A;N/A;N/A;N/A;N/A;N/A;N/A;N/A;N/A;N/A;Sí;No;N/A;N/A;N/A;N/A;N/A;N/A;N/A;N/A;N/A;N/A;N/A;N/A;N/A;N/A;N/A;N/A;N/A;N/A;N/A;N/A;N/A;N/A;N/A;N/A;N/A;N/A;N/A;N/A;N/A;N/A;N/A;N/A;N/A;Sí;N/A;Sí;Sí;Sí;Sí;Sí;N/A;Sí;Sí;Sí;Sí;N/A;N/A;Sí;Sí;N/A;N/A;Sí;N/A;Sí;N/A;N/A;N/A;N/A;N/A
Toyota;Hilux;"SRV plus 4x4";2019;"218000 km";;VENDOAUTOSMARCELO;54900;;;;;"Paso de Carrasco";https://auto.mercadolibre.com.uy/MLU-698466312-toyota-hilux-srv-plus-4x4-28-2019-muy-buen-estado-_JM;N/A;;"Toyota Hilux Srv Plus 4x4 2.8 2019 Muy Buen Estado!";usd;Sí;gold;false;N/A;N/A;http://perfil.mercadolibre.com.uy/VENDOAUTOSMARCELO;active;N/A;N/A;Usado;"Gris oscuro";Sí;Hidráulica;N/A;Sí;N/A;Sí;Sí;N/A;N/A;Sí;N/A;Sí;N/A;Sí;N/A;Sí;N/A;N/A;N/A;N/A;N/A;N/A;N/A;N/A;N/A;N/A;N/A;N/A;N/A;"2800 cc";N/A;5;N/A;N/A;N/A;N/A;Sí;N/A;N/A;N/A;N/A;N/A;N/A;N/A;N/A;N/A;N/A;N/A;N/A;N/A;N/A;N/A;N/A;N/A;N/A;Sí;N/A;N/A;N/A;N/A;N/A;N/A;N/A;N/A;N/A;N/A;N/A;N/A;N/A;N/A;N/A;N/A;N/A;N/A;Sí;N/A;N/A;N/A;N/A;N/A;N/A;N/A;N/A;N/A;"178 hp";"Srv Plus";N/A;N/A;N/A;"10 km/l";N/A;N/A;N/A;Sí;N/A;N/A;N/A;Sí;N/A;Sí;"12 km/l";Sí;N/A;N/A;N/A;N/A;"Lun. a Vie. de 8:30 a 18 hs. Sáb. de 9 a 13 hs.";4;2.8;Diésel;Automática;Pick-Up;"Autos y camionetas";No;N/A;N/A;N/A;No;N/A;UY;No;Sí;No;No;N/A;N/A;N/A;N/A;N/A;N/A;N/A;N/A;N/A;N/A;N/A;N/A;N/A;N/A;N/A;N/A;N/A;N/A;N/A;N/A;N/A;N/A;N/A;N/A;N/A;N/A;N/A;N/A;N/A;N/A;N/A;N/A;N/A;N/A;N/A;N/A;N/A;N/A;N/A;N/A;N/A;N/A;N/A;N/A;N/A;N/A;N/A;N/A;N/A;N/A;Sí;No;N/A;N/A;N/A;N/A;N/A;N/A;N/A;N/A;N/A;N/A;N/A;N/A;N/A;N/A;N/A;N/A;N/A;N/A;N/A;N/A;N/A;N/A;N/A;N/A;N/A;N/A;N/A;N/A;N/A;N/A;N/A;N/A;N/A;Sí;N/A;Sí;N/A;Sí;N/A;Sí;N/A;N/A;Sí;N/A;N/A;N/A;N/A;Sí;N/A;N/A;N/A;Sí;Sí;Sí;N/A;N/A;Sí;N/A;Sí
Toyota;Hilux;"3.0 Cd Srv Limited Tdi 171cv 4x4 5at";2016;"261000 km";;GAGGEROMOTORS;44900;;;;;Shangrilá;https://auto.mercadolibre.com.uy/MLU-701489280-toyota-hilux-30-cd-srv-limited-tdi-171cv-4x4-5at-_JM;N/A;;"Toyota Hilux 3.0 Cd Srv Limited Tdi 171cv 4x4 5at";usd;Sí;gold;false;N/A;N/A;http://perfil.mercadolibre.com.uy/GAGGEROMOTORS;active;N/A;N/A;Usado;Blanco;No;Hidráulica;4x4;Sí;N/A;Sí;N/A;N/A;N/A;N/A;N/A;N/A;N/A;N/A;N/A;N/A;N/A;N/A;N/A;N/A;N/A;N/A;N/A;N/A;N/A;N/A;N/A;N/A;"2860 mm";"3 L";"80 L";5;N/A;N/A;N/A;N/A;N/A;N/A;N/A;N/A;N/A;N/A;N/A;N/A;N/A;N/A;N/A;N/A;N/A;N/A;N/A;N/A;N/A;N/A;N/A;N/A;N/A;N/A;N/A;N/A;N/A;N/A;N/A;N/A;N/A;N/A;N/A;N/A;N/A;N/A;N/A;N/A;N/A;N/A;N/A;N/A;N/A;"1860 mm";"5260 mm";N/A;N/A;N/A;N/A;5;"171 hp";"Srv Limited";N/A;4;"1855 mm";N/A;Sí;N/A;N/A;N/A;N/A;N/A;N/A;N/A;N/A;N/A;N/A;N/A;N/A;N/A;N/A;N/A;N/A;4;3.0;Diésel;Automática;Pick-Up;"Autos y camionetas";N/A;N/A;N/A;N/A;N/A;N/A;UY;N/A;N/A;N/A;N/A;N/A;N/A;N/A;N/A;N/A;N/A;N/A;N/A;N/A;N/A;N/A;N/A;N/A;N/A;N/A;N/A;N/A;N/A;N/A;N/A;N/A;N/A;N/A;N/A;N/A;N/A;N/A;N/A;N/A;N/A;N/A;N/A;N/A;N/A;N/A;N/A;N/A;N/A;N/A;N/A;N/A;N/A;N/A;N/A;N/A;N/A;N/A;N/A;N/A;N/A;N/A;N/A;N/A;N/A;N/A;N/A;N/A;N/A;N/A;N/A;N/A;N/A;N/A;N/A;N/A;N/A;N/A;N/A;N/A;N/A;N/A;N/A;N/A;N/A;N/A;N/A;N/A;N/A;N/A;N/A;N/A;N/A;N/A;N/A;N/A;N/A;N/A;N/A;N/A;N/A;N/A;N/A;N/A;N/A;N/A;N/A;N/A;N/A;N/A;N/A;N/A;Sí;N/A;Sí;N/A;N/A;N/A;Sí;Sí;N/A;N/A
Toyota;Etios;"1.5 Sedan X";2019;"113967 km";;AUTOMOVILESAUTOPARQUE202209021;11490;;;;;"Parque del Plata";https://auto.mercadolibre.com.uy/MLU-696726578-toyota-etios-15-_JM;N/A;;"Toyota Etios 1.5";usd;Sí;gold;false;N/A;N/A;http://perfil.mercadolibre.com.uy/AUTOMOVILESAUTOPARQUE202209021;active;N/A;N/A;Usado;Gris;N/A;Eléctrica;Delantera;Sí;N/A;N/A;N/A;N/A;N/A;N/A;N/A;N/A;N/A;N/A;N/A;N/A;N/A;N/A;N/A;N/A;N/A;N/A;N/A;N/A;N/A;N/A;N/A;N/A;"2460 mm";"1.5 L";"45 L";5;N/A;N/A;N/A;N/A;N/A;N/A;N/A;N/A;N/A;N/A;N/A;N/A;N/A;N/A;N/A;N/A;N/A;N/A;N/A;N/A;N/A;N/A;N/A;N/A;N/A;N/A;N/A;N/A;N/A;N/A;N/A;N/A;N/A;N/A;N/A;N/A;N/A;N/A;N/A;N/A;N/A;N/A;N/A;N/A;N/A;"1510 mm";"4265 mm";N/A;N/A;N/A;N/A;5;"90 hp";X;N/A;4;"1695 mm";"13.8 km/l";N/A;N/A;N/A;N/A;N/A;N/A;N/A;N/A;N/A;N/A;"12.4 km/l";N/A;N/A;N/A;N/A;N/A;N/A;4;1.5;Nafta;Manual;Sedán;"Autos y camionetas";N/A;N/A;N/A;N/A;N/A;N/A;UY;N/A;N/A;N/A;N/A;N/A;N/A;N/A;N/A;N/A;N/A;N/A;N/A;N/A;N/A;N/A;N/A;N/A;N/A;N/A;N/A;N/A;N/A;N/A;N/A;N/A;N/A;N/A;N/A;N/A;N/A;N/A;N/A;N/A;N/A;N/A;N/A;N/A;N/A;N/A;N/A;N/A;N/A;N/A;N/A;N/A;N/A;N/A;N/A;N/A;N/A;N/A;N/A;N/A;N/A;N/A;N/A;N/A;N/A;N/A;N/A;N/A;N/A;N/A;N/A;N/A;N/A;N/A;N/A;N/A;N/A;N/A;N/A;N/A;N/A;N/A;N/A;N/A;N/A;N/A;N/A;N/A;N/A;N/A;N/A;N/A;N/A;N/A;N/A;N/A;N/A;N/A;N/A;N/A;N/A;N/A;N/A;N/A;N/A;N/A;N/A;N/A;N/A;N/A;N/A;N/A;N/A;N/A;Sí;N/A;N/A;N/A;N/A;Sí;N/A;N/A
Toyota;RAV4;"2.5 Hybrid";2019;"91000 km";;BISMARCKSCHUCH;35500;;;;;Centro;https://auto.mercadolibre.com.uy/MLU-645811209-toyota-rav4-2019-25-hybrid-_JM;N/A;;"Toyota Rav4 2019 2.5 Hybrid";usd;Sí;gold;false;N/A;N/A;http://perfil.mercadolibre.com.uy/BISMARCKSCHUCH;active;N/A;N/A;Usado;N/A;N/A;Eléctrica;4x4;Sí;N/A;Sí;N/A;N/A;N/A;N/A;N/A;Sí;N/A;N/A;N/A;N/A;N/A;N/A;N/A;N/A;N/A;N/A;N/A;N/A;N/A;N/A;N/A;N/A;"2660 mm";"2.5 L";"60 L";6;N/A;N/A;N/A;N/A;N/A;N/A;N/A;N/A;N/A;N/A;N/A;N/A;N/A;N/A;N/A;N/A;N/A;N/A;N/A;N/A;N/A;N/A;N/A;N/A;N/A;N/A;N/A;N/A;N/A;N/A;N/A;N/A;N/A;N/A;N/A;Sí;N/A;N/A;N/A;N/A;N/A;N/A;N/A;N/A;N/A;"1715 mm";"4570 mm";N/A;N/A;N/A;N/A;5;"180 hp";Hybrid;N/A;4;"1845 mm";N/A;Sí;N/A;N/A;N/A;N/A;N/A;N/A;N/A;Sí;N/A;N/A;N/A;N/A;N/A;N/A;N/A;N/A;5;2.5;Híbrido;Automática;SUV;"Autos y camionetas";N/A;N/A;N/A;N/A;N/A;N/A;UY;N/A;N/A;N/A;N/A;N/A;N/A;N/A;N/A;N/A;N/A;N/A;N/A;N/A;N/A;N/A;N/A;N/A;N/A;N/A;N/A;N/A;N/A;N/A;N/A;N/A;N/A;N/A;N/A;N/A;N/A;N/A;N/A;N/A;N/A;N/A;N/A;N/A;N/A;N/A;N/A;N/A;N/A;N/A;N/A;N/A;N/A;N/A;N/A;N/A;N/A;N/A;N/A;N/A;N/A;N/A;N/A;N/A;N/A;N/A;N/A;N/A;N/A;N/A;N/A;N/A;N/A;N/A;N/A;N/A;N/A;N/A;N/A;N/A;N/A;N/A;N/A;N/A;N/A;N/A;N/A;N/A;N/A;N/A;N/A;N/A;N/A;N/A;N/A;N/A;N/A;N/A;N/A;N/A;N/A;N/A;N/A;N/A;N/A;N/A;N/A;N/A;N/A;N/A;N/A;N/A;Sí;N/A;Sí;N/A;N/A;N/A;N/A;Sí;N/A;N/A
Toyota;Prius;Hibrido;2018;"111111 km";;"VIPERCAR AUTOMOVILES_3";18200;;;;;Centro;https://auto.mercadolibre.com.uy/MLU-698743130-toyota-prius-hibrido-15-2018-impecable-_JM;N/A;;"Toyota Prius Hibrido 1.5 2018 Impecable!";usd;Sí;gold;false;N/A;N/A;http://perfil.mercadolibre.com.uy/VIPERCAR+AUTOMOVILES_3;active;N/A;N/A;Usado;Azul;N/A;Eléctrica;N/A;Sí;Sí;Sí;N/A;N/A;N/A;Sí;N/A;N/A;N/A;Sí;N/A;Sí;N/A;Sí;N/A;N/A;N/A;N/A;N/A;N/A;N/A;N/A;N/A;N/A;N/A;"1500 cc";N/A;6;N/A;N/A;Sí;Sí;N/A;Sí;N/A;N/A;N/A;N/A;N/A;N/A;N/A;N/A;N/A;N/A;N/A;N/A;N/A;N/A;N/A;N/A;N/A;N/A;N/A;Sí;N/A;N/A;N/A;N/A;N/A;N/A;N/A;N/A;N/A;N/A;Sí;N/A;N/A;N/A;N/A;N/A;N/A;N/A;N/A;N/A;N/A;N/A;N/A;N/A;N/A;N/A;N/A;Hibrid;N/A;N/A;N/A;N/A;N/A;N/A;Sí;N/A;N/A;N/A;Sí;N/A;N/A;N/A;N/A;N/A;N/A;N/A;N/A;N/A;"Lun a Vie de 9 a 12:30 y de 13:30 a 19. Sáb de 9 a 13 hs.";5;1.5;Híbrido;"Automática secuencial";Hatchback;"Autos y camionetas";No;N/A;N/A;N/A;No;N/A;UY;No;Sí;No;No;N/A;N/A;N/A;N/A;N/A;N/A;N/A;N/A;N/A;N/A;N/A;N/A;N/A;N/A;N/A;N/A;N/A;N/A;N/A;N/A;N/A;N/A;N/A;N/A;N/A;N/A;N/A;N/A;N/A;N/A;N/A;N/A;N/A;N/A;N/A;N/A;N/A;N/A;N/A;N/A;N/A;N/A;N/A;N/A;N/A;N/A;N/A;N/A;N/A;N/A;N/A;No;N/A;N/A;N/A;N/A;N/A;N/A;N/A;N/A;N/A;N/A;N/A;N/A;N/A;N/A;N/A;N/A;N/A;N/A;N/A;N/A;N/A;N/A;N/A;N/A;N/A;N/A;N/A;N/A;N/A;Sí;N/A;N/A;N/A;Sí;N/A;Sí;Sí;Sí;N/A;Sí;N/A;Sí;Sí;N/A;N/A;N/A;N/A;Sí;N/A;N/A;N/A;Sí;N/A;Sí;N/A;N/A;N/A;N/A;Sí
Toyota;Etios;"1.5 Sedan Xls";2018;"120000 km";;"G.ARISPE AUTOMOTORES";14900;;;;;Prado;https://auto.mercadolibre.com.uy/MLU-646457623-toyota-etios-2018-15-sedan-xls-no-corolla-no-etios-_JM;N/A;;"Toyota Etios 2018 1.5 Sedan Xls (no Corolla, No Etios)";usd;Sí;gold;false;N/A;N/A;http://perfil.mercadolibre.com.uy/G.ARISPE+AUTOMOTORES;active;N/A;N/A;Usado;N/A;N/A;Eléctrica;Delantera;Sí;N/A;Sí;N/A;N/A;N/A;N/A;N/A;N/A;N/A;N/A;N/A;N/A;N/A;N/A;N/A;N/A;N/A;N/A;N/A;N/A;N/A;N/A;N/A;N/A;"2460 mm";"1.5 L";"45 L";5;N/A;N/A;N/A;N/A;N/A;N/A;N/A;N/A;N/A;N/A;N/A;N/A;N/A;N/A;N/A;N/A;N/A;N/A;N/A;N/A;N/A;N/A;N/A;N/A;N/A;N/A;N/A;N/A;N/A;N/A;N/A;N/A;N/A;Sí;Sí;N/A;N/A;N/A;N/A;N/A;N/A;N/A;N/A;N/A;N/A;"1510 mm";"4265 mm";N/A;N/A;N/A;N/A;5;"90 hp";Xls;N/A;4;"1695 mm";"13.8 km/l";N/A;N/A;N/A;N/A;N/A;N/A;N/A;N/A;N/A;N/A;"12.4 km/l";N/A;N/A;N/A;N/A;N/A;N/A;4;1.5;Nafta;Manual;Sedán;"Autos y camionetas";N/A;N/A;N/A;N/A;N/A;N/A;UY;N/A;N/A;N/A;N/A;N/A;N/A;N/A;N/A;N/A;N/A;N/A;N/A;N/A;N/A;N/A;N/A;N/A;N/A;N/A;N/A;N/A;N/A;N/A;N/A;N/A;N/A;N/A;N/A;N/A;N/A;N/A;N/A;N/A;N/A;N/A;N/A;N/A;N/A;N/A;N/A;N/A;N/A;N/A;N/A;N/A;N/A;N/A;N/A;N/A;N/A;N/A;N/A;N/A;N/A;N/A;N/A;N/A;N/A;N/A;N/A;N/A;N/A;N/A;N/A;N/A;N/A;N/A;N/A;N/A;N/A;N/A;N/A;N/A;N/A;N/A;N/A;N/A;N/A;N/A;N/A;N/A;N/A;N/A;N/A;N/A;N/A;N/A;N/A;N/A;N/A;N/A;N/A;N/A;N/A;N/A;N/A;N/A;N/A;N/A;N/A;N/A;N/A;N/A;N/A;N/A;Sí;N/A;Sí;N/A;N/A;N/A;N/A;Sí;N/A;N/A
Toyota;Hilux;Srv;2020;"87000 km";;"AUTOMOTORA AUTOBOULEVARD.";46900;;;;;"Tres Cruces";https://auto.mercadolibre.com.uy/MLU-689729808-toyota-hilux-srv-2020-diesel-4x2-mt-_JM;N/A;;"_toyota Hilux Srv 2020 Diesel 4x2 Mt";USD;Sí;gold;false;N/A;N/A;http://perfil.mercadolibre.com.uy/AUTOMOTORA+AUTOBOULEVARD.;active;N/A;N/A;Usado;Gris;N/A;Hidráulica;4x2;N/A;N/A;N/A;N/A;N/A;N/A;N/A;N/A;N/A;N/A;N/A;N/A;N/A;N/A;N/A;N/A;N/A;N/A;N/A;N/A;N/A;N/A;N/A;N/A;N/A;N/A;N/A;N/A;N/A;N/A;N/A;N/A;N/A;N/A;N/A;N/A;N/A;N/A;N/A;N/A;N/A;N/A;N/A;N/A;N/A;N/A;N/A;N/A;N/A;N/A;N/A;N/A;N/A;N/A;N/A;N/A;N/A;N/A;N/A;N/A;N/A;N/A;N/A;N/A;N/A;N/A;N/A;N/A;N/A;N/A;N/A;N/A;N/A;N/A;N/A;N/A;N/A;N/A;N/A;N/A;N/A;N/A;N/A;N/A;N/A;N/A;N/A;No;N/A;N/A;N/A;N/A;Sí;Sí;N/A;N/A;N/A;N/A;N/A;N/A;N/A;N/A;N/A;"LAV 9 A 19 HS";5;2.8;Diésel;Manual;Rural;"Autos y camionetas";N/A;N/A;N/A;N/A;N/A;N/A;N/A;N/A;N/A;N/A;N/A;N/A;N/A;N/A;N/A;N/A;N/A;N/A;N/A;N/A;N/A;N/A;N/A;N/A;N/A;N/A;N/A;N/A;N/A;N/A;N/A;N/A;N/A;N/A;N/A;N/A;N/A;N/A;N/A;N/A;N/A;N/A;N/A;N/A;N/A;N/A;N/A;N/A;N/A;N/A;N/A;N/A;N/A;N/A;N/A;N/A;N/A;N/A;N/A;N/A;N/A;N/A;N/A;N/A;N/A;N/A;N/A;N/A;N/A;N/A;N/A;N/A;N/A;N/A;N/A;N/A;N/A;N/A;N/A;N/A;N/A;N/A;N/A;N/A;N/A;N/A;N/A;N/A;N/A;N/A;N/A;N/A;N/A;N/A;N/A;N/A;N/A;N/A;N/A;N/A;N/A;N/A;N/A;N/A;N/A;N/A;N/A;N/A;N/A;N/A;N/A;N/A;N/A;N/A;N/A;N/A;N/A;N/A;N/A;N/A;N/A;N/A
Toyota;Hilux;"2.5 Turbo Diésel";2016;"282000 km";;3697MOTORS;37900;;;;;Cerrito;https://auto.mercadolibre.com.uy/MLU-699184984-toyota-hilux-sr-4x2-motor-25-turbo-diesel-ano-2016-282000-_JM;N/A;;"Toyota Hilux Sr 4x2 Motor 2.5  Turbo Diesel Año 2016  282000";USD;Sí;gold;false;N/A;N/A;http://perfil.mercadolibre.com.uy/3697MOTORS;active;N/A;N/A;Usado;Gris;N/A;Hidráulica;N/A;Sí;N/A;N/A;N/A;N/A;N/A;N/A;N/A;N/A;N/A;N/A;N/A;Sí;N/A;N/A;N/A;N/A;N/A;N/A;N/A;N/A;N/A;N/A;N/A;N/A;N/A;N/A;N/A;N/A;N/A;N/A;N/A;N/A;N/A;N/A;N/A;N/A;N/A;N/A;N/A;N/A;N/A;N/A;N/A;N/A;N/A;N/A;N/A;N/A;N/A;N/A;N/A;N/A;N/A;N/A;N/A;N/A;N/A;N/A;N/A;N/A;N/A;N/A;N/A;N/A;N/A;N/A;N/A;N/A;N/A;N/A;N/A;N/A;N/A;N/A;N/A;N/A;N/A;N/A;N/A;N/A;N/A;N/A;N/A;N/A;N/A;N/A;N/A;N/A;N/A;Sí;N/A;N/A;N/A;N/A;N/A;N/A;N/A;N/A;N/A;N/A;N/A;N/A;"Lunes a viernes de 9 a 18:30 hs";5;"2.5 Turbo Diésel";Diésel;N/A;N/A;"Autos y camionetas";N/A;N/A;N/A;N/A;N/A;N/A;N/A;N/A;N/A;N/A;N/A;N/A;N/A;N/A;N/A;N/A;N/A;N/A;N/A;N/A;N/A;N/A;N/A;N/A;N/A;N/A;N/A;N/A;N/A;N/A;N/A;N/A;N/A;N/A;N/A;N/A;N/A;N/A;N/A;N/A;N/A;N/A;N/A;N/A;N/A;N/A;N/A;N/A;N/A;N/A;N/A;N/A;N/A;N/A;N/A;N/A;N/A;N/A;N/A;N/A;N/A;N/A;N/A;N/A;N/A;N/A;N/A;N/A;N/A;N/A;N/A;N/A;N/A;N/A;N/A;N/A;N/A;N/A;N/A;N/A;N/A;N/A;N/A;N/A;N/A;N/A;N/A;N/A;N/A;N/A;N/A;N/A;N/A;N/A;N/A;N/A;N/A;N/A;Sí;N/A;N/A;N/A;N/A;N/A;N/A;N/A;N/A;N/A;N/A;N/A;N/A;N/A;Sí;N/A;Sí;N/A;Sí;N/A;N/A;Sí;N/A;N/A
Toyota;Corolla;"2.0 Diésel";2014;"5000 km";;DDRAGONETTI58;11000;;;;;"Malvin Norte";https://auto.mercadolibre.com.uy/MLU-698657216-toyota-corolla-20-diesel-_JM;N/A;;"Toyota Corolla 2.0 Diesel";USD;Sí;gold;false;N/A;N/A;http://perfil.mercadolibre.com.uy/DDRAGONETTI58;active;N/A;N/A;Usado;N/A;N/A;N/A;N/A;N/A;N/A;N/A;N/A;N/A;N/A;N/A;N/A;N/A;N/A;N/A;N/A;N/A;N/A;N/A;N/A;N/A;N/A;N/A;N/A;N/A;N/A;N/A;N/A;N/A;N/A;N/A;N/A;N/A;N/A;N/A;N/A;N/A;N/A;N/A;N/A;N/A;N/A;N/A;N/A;N/A;N/A;N/A;N/A;N/A;N/A;N/A;N/A;N/A;N/A;N/A;N/A;N/A;N/A;N/A;N/A;N/A;N/A;N/A;N/A;N/A;N/A;N/A;N/A;N/A;N/A;N/A;N/A;N/A;N/A;N/A;N/A;N/A;N/A;N/A;N/A;N/A;N/A;N/A;N/A;N/A;N/A;N/A;N/A;N/A;N/A;N/A;N/A;N/A;N/A;N/A;N/A;N/A;N/A;N/A;N/A;N/A;N/A;N/A;N/A;N/A;N/A;N/A;N/A;4;N/A;Diésel;N/A;N/A;"Autos y camionetas";N/A;N/A;N/A;N/A;N/A;N/A;N/A;N/A;N/A;N/A;N/A;N/A;N/A;N/A;N/A;N/A;N/A;N/A;N/A;N/A;N/A;N/A;N/A;N/A;N/A;N/A;N/A;N/A;N/A;N/A;N/A;N/A;N/A;N/A;N/A;N/A;N/A;N/A;N/A;N/A;N/A;N/A;N/A;N/A;N/A;N/A;N/A;N/A;N/A;N/A;N/A;N/A;N/A;N/A;N/A;N/A;N/A;N/A;N/A;N/A;N/A;N/A;N/A;N/A;N/A;N/A;N/A;N/A;N/A;N/A;N/A;N/A;N/A;N/A;N/A;N/A;N/A;N/A;N/A;N/A;N/A;N/A;N/A;N/A;N/A;N/A;N/A;N/A;N/A;N/A;N/A;N/A;N/A;N/A;N/A;N/A;N/A;N/A;N/A;N/A;N/A;N/A;N/A;N/A;N/A;N/A;N/A;N/A;N/A;N/A;N/A;N/A;N/A;N/A;N/A;N/A;N/A;N/A;N/A;N/A;N/A;N/A
Toyota;Corolla;1.6;2007;"280000 km";;PIRIZALEJANDRO20220110122208;8600;;;;;N/A;https://auto.mercadolibre.com.uy/MLU-701807734-toyota-corolla-_JM;N/A;;"Toyota Corolla";USD;No;gold;false;N/A;N/A;http://perfil.mercadolibre.com.uy/PIRIZALEJANDRO20220110122208;active;N/A;N/A;Usado;Gris;No;Hidráulica;Integral;N/A;N/A;N/A;N/A;N/A;N/A;N/A;N/A;N/A;N/A;N/A;N/A;N/A;N/A;N/A;N/A;N/A;N/A;N/A;N/A;N/A;N/A;N/A;N/A;N/A;N/A;N/A;N/A;N/A;N/A;N/A;N/A;N/A;N/A;N/A;N/A;N/A;N/A;N/A;N/A;N/A;N/A;N/A;N/A;N/A;N/A;N/A;N/A;N/A;N/A;N/A;N/A;N/A;N/A;N/A;N/A;N/A;N/A;N/A;N/A;N/A;N/A;N/A;N/A;N/A;N/A;N/A;N/A;N/A;N/A;N/A;N/A;N/A;N/A;N/A;N/A;N/A;N/A;N/A;N/A;N/A;N/A;N/A;N/A;N/A;N/A;N/A;N/A;N/A;N/A;N/A;N/A;N/A;N/A;N/A;N/A;N/A;N/A;N/A;N/A;N/A;N/A;N/A;N/A;5;1.6;Nafta;Manual;Sedán;"Autos y camionetas";N/A;N/A;N/A;N/A;N/A;N/A;N/A;N/A;N/A;N/A;N/A;N/A;N/A;N/A;N/A;N/A;N/A;N/A;N/A;N/A;N/A;N/A;N/A;N/A;N/A;N/A;N/A;N/A;N/A;N/A;N/A;N/A;N/A;N/A;N/A;N/A;N/A;N/A;N/A;N/A;N/A;N/A;N/A;N/A;N/A;N/A;N/A;N/A;N/A;N/A;N/A;N/A;N/A;N/A;N/A;N/A;N/A;N/A;N/A;N/A;N/A;N/A;N/A;N/A;N/A;N/A;N/A;N/A;N/A;N/A;N/A;N/A;N/A;N/A;N/A;N/A;N/A;N/A;N/A;N/A;N/A;N/A;N/A;N/A;N/A;N/A;N/A;N/A;N/A;N/A;N/A;N/A;N/A;N/A;N/A;N/A;N/A;N/A;N/A;N/A;N/A;N/A;N/A;N/A;N/A;N/A;N/A;N/A;N/A;N/A;N/A;N/A;N/A;N/A;N/A;N/A;N/A;N/A;N/A;N/A;N/A;N/A
Toyota;Hilux;"2.5 Cs Dx Tdi 120cv 4x4";2012;"318000 km";;RONI3286246;25800;;;;;Buceo;https://auto.mercadolibre.com.uy/MLU-699490068-toyota-hilux-2012-25-cs-dx-tdi-120cv-4x4-_JM;N/A;;"Toyota Hilux 2012 2.5 Cs Dx Tdi 120cv 4x4";usd;Sí;gold;false;N/A;N/A;http://perfil.mercadolibre.com.uy/RONI3286246;active;N/A;N/A;Usado;N/A;N/A;Hidráulica;4x4;Sí;N/A;N/A;N/A;N/A;N/A;N/A;N/A;N/A;N/A;N/A;N/A;N/A;N/A;N/A;N/A;N/A;N/A;N/A;N/A;N/A;N/A;N/A;N/A;N/A;"2860 mm";"2.5 L";"80 L";5;N/A;N/A;N/A;N/A;N/A;N/A;N/A;N/A;N/A;N/A;N/A;N/A;N/A;N/A;N/A;N/A;N/A;N/A;N/A;N/A;N/A;N/A;N/A;N/A;N/A;N/A;N/A;N/A;N/A;N/A;N/A;N/A;N/A;N/A;N/A;N/A;N/A;N/A;N/A;N/A;N/A;N/A;N/A;N/A;N/A;"1795 mm";"5260 mm";N/A;N/A;N/A;N/A;3;"120 hp";Dx;N/A;4;"1855 mm";N/A;N/A;N/A;N/A;N/A;N/A;N/A;N/A;N/A;N/A;N/A;N/A;N/A;N/A;N/A;N/A;N/A;N/A;4;2.5;Diésel;Manual;Pick-Up;"Autos y camionetas";N/A;N/A;N/A;N/A;N/A;N/A;UY;N/A;N/A;N/A;N/A;N/A;N/A;N/A;N/A;N/A;N/A;N/A;N/A;N/A;N/A;N/A;N/A;N/A;N/A;N/A;N/A;N/A;N/A;N/A;N/A;N/A;N/A;N/A;N/A;N/A;N/A;N/A;N/A;N/A;N/A;N/A;N/A;N/A;N/A;N/A;N/A;N/A;N/A;N/A;N/A;N/A;N/A;N/A;N/A;N/A;N/A;N/A;N/A;N/A;N/A;N/A;N/A;N/A;N/A;N/A;N/A;N/A;N/A;N/A;N/A;N/A;N/A;N/A;N/A;N/A;N/A;N/A;N/A;N/A;N/A;N/A;N/A;N/A;N/A;N/A;N/A;N/A;N/A;N/A;N/A;N/A;N/A;N/A;N/A;N/A;N/A;N/A;N/A;N/A;N/A;N/A;N/A;N/A;N/A;N/A;N/A;N/A;N/A;N/A;N/A;N/A;N/A;N/A;Sí;N/A;N/A;N/A;N/A;N/A;N/A;N/A
Toyota;"SR Manual";Sr;2016;"189800 km";;"RENATOCONTI AUTOMOVILES";36000;;;;;"Parque Miramar";https://auto.mercadolibre.com.uy/MLU-691865020-toyota-sr-manual-sr-_JM;N/A;;"Toyota Sr Manual Sr";USD;Sí;gold;false;N/A;N/A;http://perfil.mercadolibre.com.uy/RENATOCONTI+AUTOMOVILES;active;N/A;N/A;Usado;N/A;N/A;N/A;N/A;N/A;N/A;N/A;N/A;N/A;N/A;N/A;N/A;N/A;N/A;N/A;N/A;N/A;N/A;N/A;N/A;N/A;N/A;N/A;N/A;N/A;N/A;N/A;N/A;N/A;N/A;N/A;N/A;N/A;N/A;N/A;N/A;N/A;N/A;N/A;N/A;N/A;N/A;N/A;N/A;N/A;N/A;N/A;N/A;N/A;N/A;N/A;N/A;N/A;N/A;N/A;N/A;N/A;N/A;N/A;N/A;N/A;N/A;N/A;N/A;N/A;N/A;N/A;N/A;N/A;N/A;N/A;N/A;N/A;N/A;N/A;N/A;N/A;N/A;N/A;N/A;N/A;N/A;N/A;N/A;N/A;N/A;N/A;N/A;N/A;N/A;N/A;N/A;N/A;N/A;N/A;N/A;N/A;N/A;N/A;N/A;N/A;N/A;N/A;N/A;N/A;N/A;N/A;N/A;4;N/A;Diésel;N/A;N/A;"Autos y camionetas";N/A;N/A;N/A;N/A;N/A;N/A;N/A;N/A;N/A;N/A;N/A;N/A;N/A;N/A;N/A;N/A;N/A;N/A;N/A;N/A;N/A;N/A;N/A;N/A;N/A;N/A;N/A;N/A;N/A;N/A;N/A;N/A;N/A;N/A;N/A;N/A;N/A;N/A;N/A;N/A;N/A;N/A;N/A;N/A;N/A;N/A;N/A;N/A;N/A;N/A;N/A;N/A;N/A;N/A;N/A;N/A;N/A;N/A;N/A;N/A;N/A;N/A;N/A;N/A;N/A;N/A;N/A;N/A;N/A;N/A;N/A;N/A;N/A;N/A;N/A;N/A;N/A;N/A;N/A;N/A;N/A;N/A;N/A;N/A;N/A;N/A;N/A;N/A;N/A;N/A;N/A;N/A;N/A;N/A;N/A;N/A;N/A;N/A;N/A;N/A;N/A;N/A;N/A;N/A;N/A;N/A;N/A;N/A;N/A;N/A;N/A;N/A;N/A;N/A;N/A;N/A;N/A;N/A;N/A;N/A;N/A;N/A
Toyota;Hilux;"3.0 Tdi Srv Cab Doble 4x2 Cuero";2011;"318000 km";;PAHE7384716;29900;;;;;Aguada;https://auto.mercadolibre.com.uy/MLU-701390416-toyota-hilux-30-tdi-srv-cab-doble-4x2-cuero-_JM;N/A;;"Toyota Hilux 3.0 Tdi Srv Cab Doble 4x2 Cuero";usd;Sí;gold;false;N/A;N/A;http://perfil.mercadolibre.com.uy/PAHE7384716;active;N/A;N/A;Usado;Gris;N/A;Hidráulica;4x2;Sí;N/A;Sí;N/A;N/A;N/A;N/A;N/A;N/A;N/A;N/A;N/A;N/A;N/A;N/A;N/A;N/A;N/A;N/A;N/A;N/A;N/A;N/A;N/A;N/A;"2860 mm";"3 L";"80 L";5;N/A;N/A;N/A;N/A;N/A;N/A;N/A;N/A;N/A;N/A;N/A;N/A;N/A;N/A;N/A;N/A;N/A;N/A;N/A;N/A;N/A;N/A;N/A;N/A;N/A;N/A;N/A;N/A;N/A;N/A;N/A;N/A;N/A;N/A;N/A;N/A;N/A;N/A;N/A;N/A;N/A;N/A;N/A;N/A;N/A;"1820 mm";"5255 mm";N/A;N/A;N/A;N/A;5;"163 hp";Srv;N/A;4;"1855 mm";N/A;N/A;N/A;N/A;N/A;N/A;N/A;Sí;N/A;N/A;N/A;N/A;N/A;N/A;N/A;N/A;N/A;N/A;4;3.0;Diésel;Manual;Pick-Up;"Autos y camionetas";N/A;N/A;N/A;N/A;N/A;N/A;UY;N/A;N/A;N/A;N/A;N/A;N/A;N/A;N/A;N/A;N/A;N/A;N/A;N/A;N/A;N/A;N/A;N/A;N/A;N/A;N/A;N/A;N/A;N/A;N/A;N/A;N/A;N/A;N/A;N/A;N/A;N/A;N/A;N/A;N/A;N/A;N/A;N/A;N/A;N/A;N/A;N/A;N/A;N/A;N/A;N/A;N/A;N/A;N/A;N/A;N/A;N/A;N/A;N/A;N/A;N/A;N/A;N/A;N/A;N/A;N/A;N/A;N/A;N/A;N/A;N/A;N/A;N/A;N/A;N/A;N/A;N/A;N/A;N/A;N/A;N/A;N/A;N/A;N/A;N/A;N/A;N/A;N/A;N/A;N/A;N/A;N/A;N/A;N/A;N/A;N/A;N/A;N/A;N/A;N/A;N/A;N/A;N/A;N/A;N/A;N/A;N/A;N/A;N/A;N/A;N/A;Sí;N/A;Sí;N/A;N/A;N/A;N/A;N/A;N/A;N/A
Toyota;Hilux;"SRV 2.8 4X4 AUT.";2023;"0 km";;BIDETIRSABIDETIRSA;71490;;;;;Florida;https://auto.mercadolibre.com.uy/MLU-666590436-toyota-hilux-srv-28-4x4-automatica-_JM;N/A;;"Toyota Hilux Srv 2.8 4x4 Automatica";USD;Sí;gold;false;N/A;N/A;http://perfil.mercadolibre.com.uy/BIDETIRSABIDETIRSA;active;N/A;N/A;Nuevo;Plateado;N/A;Hidráulica;4x4;Sí;Sí;N/A;N/A;N/A;Sí;N/A;N/A;N/A;N/A;N/A;Sí;Sí;N/A;N/A;N/A;N/A;N/A;N/A;N/A;N/A;N/A;N/A;N/A;N/A;N/A;N/A;N/A;N/A;N/A;N/A;N/A;N/A;N/A;N/A;N/A;N/A;N/A;N/A;N/A;N/A;N/A;N/A;N/A;N/A;N/A;N/A;N/A;N/A;N/A;N/A;N/A;N/A;N/A;N/A;N/A;N/A;N/A;N/A;N/A;N/A;N/A;N/A;N/A;N/A;N/A;N/A;N/A;N/A;N/A;N/A;N/A;N/A;N/A;N/A;N/A;N/A;N/A;N/A;N/A;N/A;N/A;N/A;N/A;N/A;N/A;N/A;N/A;N/A;Sí;Sí;N/A;Sí;Sí;N/A;N/A;N/A;N/A;N/A;N/A;N/A;N/A;N/A;N/A;4;2.8;Diésel;Automática;N/A;"Autos y camionetas";N/A;N/A;N/A;N/A;N/A;N/A;N/A;N/A;Sí;N/A;N/A;N/A;N/A;N/A;N/A;N/A;N/A;N/A;N/A;N/A;N/A;N/A;N/A;N/A;Sí;N/A;N/A;N/A;N/A;N/A;N/A;N/A;N/A;N/A;N/A;N/A;N/A;N/A;N/A;N/A;N/A;N/A;N/A;Sí;N/A;N/A;N/A;N/A;N/A;N/A;N/A;N/A;N/A;N/A;N/A;N/A;N/A;N/A;N/A;N/A;N/A;N/A;N/A;N/A;N/A;N/A;N/A;N/A;N/A;N/A;N/A;N/A;N/A;N/A;N/A;N/A;N/A;N/A;N/A;N/A;N/A;N/A;N/A;N/A;N/A;N/A;N/A;N/A;N/A;N/A;N/A;N/A;N/A;N/A;N/A;N/A;Sí;N/A;Sí;N/A;Sí;N/A;N/A;N/A;N/A;Sí;N/A;Sí;Sí;N/A;N/A;Sí;Sí;Sí;Sí;Sí;Sí;N/A;N/A;N/A;N/A;Sí
Toyota;"Yaris Hatch";"1.5 Xs Mt Hatch";2023;"0 km";;SELLERAUTOMOVILES;22990;;;;;Centro;https://auto.mercadolibre.com.uy/MLU-681333372-toyota-yaris-xs-manual-entrega-inmediata-real-_JM;N/A;;"Toyota Yaris Xs Manual - Entrega Inmediata Real!!!";usd;Sí;gold;false;N/A;N/A;http://perfil.mercadolibre.com.uy/SELLERAUTOMOVILES;active;N/A;N/A;Nuevo;Blanco;N/A;Hidráulica;Delantera;Sí;N/A;N/A;N/A;N/A;N/A;N/A;N/A;N/A;N/A;N/A;N/A;N/A;N/A;N/A;N/A;N/A;N/A;N/A;N/A;N/A;N/A;N/A;N/A;N/A;"2570 mm";"1.5 L";"44 L";6;N/A;N/A;N/A;N/A;N/A;N/A;N/A;N/A;N/A;N/A;N/A;N/A;N/A;N/A;N/A;N/A;N/A;N/A;N/A;N/A;N/A;N/A;N/A;N/A;N/A;N/A;N/A;N/A;N/A;N/A;N/A;N/A;N/A;Sí;Sí;N/A;N/A;N/A;N/A;N/A;N/A;N/A;N/A;N/A;N/A;"1485 mm";"4361 mm";N/A;N/A;N/A;N/A;5;"107 hp";Xs;N/A;4;"1695 mm";N/A;N/A;N/A;N/A;N/A;N/A;N/A;N/A;N/A;N/A;N/A;N/A;N/A;N/A;N/A;N/A;N/A;"LUNES A VIERNES DE 9 A 18 HS";4;1.5;Nafta;Manual;Hatchback;"Autos y camionetas";N/A;N/A;N/A;N/A;N/A;N/A;UY;N/A;N/A;N/A;N/A;N/A;N/A;N/A;N/A;N/A;N/A;N/A;N/A;N/A;N/A;N/A;N/A;N/A;N/A;N/A;N/A;N/A;N/A;N/A;N/A;N/A;N/A;N/A;N/A;N/A;N/A;N/A;N/A;N/A;N/A;N/A;N/A;N/A;N/A;N/A;N/A;N/A;N/A;N/A;N/A;N/A;N/A;N/A;N/A;N/A;N/A;N/A;N/A;N/A;N/A;N/A;N/A;N/A;N/A;N/A;N/A;N/A;N/A;N/A;N/A;N/A;N/A;N/A;N/A;N/A;N/A;N/A;N/A;N/A;N/A;N/A;N/A;N/A;N/A;N/A;N/A;N/A;N/A;N/A;N/A;N/A;N/A;N/A;N/A;N/A;N/A;N/A;N/A;N/A;N/A;N/A;N/A;N/A;N/A;N/A;N/A;N/A;N/A;N/A;N/A;N/A;Sí;N/A;Sí;N/A;N/A;N/A;N/A;Sí;N/A;Sí
Toyota;"Corolla Cross";"1.8 Xei Hybrid E-cvt";2024;"0 km";;SELLERAUTOMOVILES;40990;;;;;Centro;https://auto.mercadolibre.com.uy/MLU-678839546-toyota-corolla-cross-xei-modelo-nuevo-entrega-ya-_JM;N/A;;"Toyota Corolla Cross Xei (modelo Nuevo) Entrega Ya!!!";usd;Sí;gold;false;N/A;N/A;http://perfil.mercadolibre.com.uy/SELLERAUTOMOVILES;active;N/A;N/A;Nuevo;Gris;N/A;Eléctrica;4x2;Sí;N/A;Sí;N/A;N/A;N/A;N/A;N/A;N/A;N/A;N/A;N/A;N/A;N/A;N/A;N/A;N/A;N/A;N/A;N/A;N/A;N/A;N/A;N/A;N/A;"2660 mm";"1.8 L";"60 L";5;N/A;N/A;N/A;N/A;N/A;N/A;N/A;N/A;N/A;N/A;N/A;N/A;N/A;N/A;N/A;N/A;N/A;N/A;N/A;N/A;N/A;N/A;N/A;N/A;N/A;N/A;N/A;N/A;N/A;N/A;N/A;N/A;N/A;N/A;N/A;N/A;N/A;N/A;N/A;N/A;N/A;N/A;N/A;N/A;N/A;"1715 mm";"4570 mm";N/A;N/A;N/A;N/A;5;"146 hp";Xei;N/A;4;"1845 mm";N/A;N/A;N/A;N/A;N/A;N/A;N/A;N/A;N/A;N/A;N/A;"10.9 km/l";N/A;N/A;N/A;N/A;N/A;"LUNES A VIERNES DE 9 A 13 Y DE 14 A 18HS";5;1.8;Híbrido;Automática;SUV;"Autos y camionetas";N/A;N/A;N/A;N/A;N/A;N/A;UY;N/A;N/A;N/A;N/A;N/A;N/A;N/A;N/A;N/A;N/A;N/A;N/A;N/A;N/A;N/A;N/A;N/A;N/A;N/A;N/A;N/A;N/A;N/A;N/A;N/A;N/A;N/A;N/A;N/A;N/A;N/A;N/A;N/A;N/A;N/A;N/A;N/A;N/A;N/A;N/A;N/A;N/A;N/A;N/A;N/A;N/A;N/A;N/A;N/A;N/A;N/A;N/A;N/A;N/A;N/A;N/A;N/A;N/A;N/A;N/A;N/A;N/A;N/A;N/A;N/A;N/A;N/A;N/A;N/A;N/A;N/A;N/A;N/A;N/A;N/A;N/A;N/A;N/A;N/A;N/A;N/A;N/A;N/A;N/A;N/A;N/A;N/A;N/A;N/A;N/A;N/A;N/A;N/A;N/A;N/A;N/A;N/A;N/A;N/A;N/A;N/A;N/A;N/A;N/A;N/A;Sí;N/A;Sí;N/A;N/A;N/A;N/A;Sí;N/A;N/A
Toyota;Hilux;"2.5 cd sr td 120cv";2015;"196000 km";;JOJO8261650;28500;;;;;"Sarandí del Yi";https://auto.mercadolibre.com.uy/MLU-646178463-toyota-hilux-25-cd-sr-td-120cv-_JM;N/A;;"Toyota Hilux 2.5 Cd Sr Td 120cv";USD;Sí;gold;false;N/A;N/A;http://perfil.mercadolibre.com.uy/JOJO8261650;active;N/A;N/A;Usado;N/A;N/A;N/A;N/A;N/A;N/A;N/A;N/A;N/A;N/A;N/A;N/A;N/A;N/A;N/A;N/A;N/A;N/A;N/A;N/A;N/A;N/A;N/A;N/A;N/A;N/A;N/A;N/A;N/A;N/A;N/A;N/A;N/A;N/A;N/A;N/A;N/A;N/A;N/A;N/A;N/A;N/A;N/A;N/A;N/A;N/A;N/A;N/A;N/A;N/A;N/A;N/A;N/A;N/A;N/A;N/A;N/A;N/A;N/A;N/A;N/A;N/A;N/A;N/A;N/A;N/A;N/A;N/A;N/A;N/A;N/A;N/A;N/A;N/A;N/A;N/A;N/A;N/A;N/A;N/A;N/A;N/A;N/A;N/A;N/A;N/A;N/A;N/A;N/A;N/A;N/A;N/A;N/A;N/A;N/A;N/A;N/A;N/A;N/A;N/A;N/A;N/A;N/A;N/A;N/A;N/A;N/A;N/A;4;N/A;Diésel;N/A;N/A;"Autos y camionetas";N/A;N/A;N/A;N/A;N/A;N/A;N/A;N/A;N/A;N/A;N/A;N/A;N/A;N/A;N/A;N/A;N/A;N/A;N/A;N/A;N/A;N/A;N/A;N/A;N/A;N/A;N/A;N/A;N/A;N/A;N/A;N/A;N/A;N/A;N/A;N/A;N/A;N/A;N/A;N/A;N/A;N/A;N/A;N/A;N/A;N/A;N/A;N/A;N/A;N/A;N/A;N/A;N/A;N/A;N/A;N/A;N/A;N/A;N/A;N/A;N/A;N/A;N/A;N/A;N/A;N/A;N/A;N/A;N/A;N/A;N/A;N/A;N/A;N/A;N/A;N/A;N/A;N/A;N/A;N/A;N/A;N/A;N/A;N/A;N/A;N/A;N/A;N/A;N/A;N/A;N/A;N/A;N/A;N/A;N/A;N/A;N/A;N/A;N/A;N/A;N/A;N/A;N/A;N/A;N/A;N/A;N/A;N/A;N/A;N/A;N/A;N/A;N/A;N/A;N/A;N/A;N/A;N/A;N/A;N/A;N/A;N/A
Toyota;Hilux;"3.0 D/cab 4x4 D Dx";2004;"0 km";;AA20240607145824;15900;;;;;Durazno;https://auto.mercadolibre.com.uy/MLU-683738260-toyota-hilux-dx-4x2-_JM;N/A;;"Toyota  Hilux Dx 4x2";usd;No;gold;false;N/A;N/A;http://perfil.mercadolibre.com.uy/AA20240607145824;active;N/A;N/A;Nuevo;Verde;N/A;N/A;4x4;Sí;N/A;N/A;N/A;N/A;N/A;N/A;N/A;N/A;N/A;N/A;N/A;N/A;N/A;N/A;N/A;N/A;N/A;N/A;N/A;N/A;N/A;N/A;N/A;N/A;"2860 mm";"3 L";"65 L";5;N/A;N/A;N/A;N/A;N/A;N/A;N/A;N/A;N/A;N/A;N/A;N/A;N/A;N/A;N/A;N/A;N/A;N/A;N/A;N/A;N/A;N/A;N/A;N/A;N/A;N/A;N/A;N/A;N/A;N/A;N/A;N/A;N/A;N/A;N/A;N/A;N/A;N/A;N/A;N/A;N/A;N/A;N/A;N/A;N/A;"1730 mm";"4895 mm";N/A;N/A;N/A;N/A;3;"125 hp";Dx;N/A;2;"1690 mm";N/A;N/A;N/A;N/A;N/A;N/A;N/A;N/A;N/A;N/A;N/A;N/A;N/A;N/A;N/A;N/A;N/A;N/A;4;3.0;Diésel;Manual;Pick-Up;"Autos y camionetas";N/A;N/A;N/A;N/A;N/A;N/A;UY;N/A;N/A;N/A;N/A;N/A;N/A;N/A;N/A;N/A;N/A;N/A;N/A;N/A;N/A;N/A;N/A;N/A;N/A;N/A;N/A;N/A;N/A;N/A;N/A;N/A;N/A;N/A;N/A;N/A;N/A;N/A;N/A;N/A;N/A;N/A;N/A;N/A;N/A;N/A;N/A;N/A;N/A;N/A;N/A;N/A;N/A;N/A;N/A;N/A;N/A;N/A;N/A;N/A;N/A;N/A;N/A;N/A;N/A;N/A;N/A;N/A;N/A;N/A;N/A;N/A;N/A;N/A;N/A;N/A;N/A;N/A;N/A;N/A;N/A;N/A;N/A;N/A;N/A;N/A;N/A;N/A;N/A;N/A;N/A;N/A;N/A;N/A;N/A;N/A;N/A;N/A;N/A;N/A;N/A;N/A;N/A;N/A;N/A;N/A;N/A;N/A;N/A;N/A;N/A;N/A;N/A;N/A;Sí;N/A;N/A;N/A;N/A;N/A;N/A;N/A
Toyota;Corolla;"1.8 Se-g Cvt 140cv";2023;"0 km";;SELLERAUTOMOVILES;39990;;;;;Centro;https://auto.mercadolibre.com.uy/MLU-678787762-toyota-cortolla-hibrido-seg-2024-entrega-ya-_JM;N/A;;"Toyota Cortolla Hibrido Seg 2024 - Entrega Ya";usd;Sí;gold;false;N/A;N/A;http://perfil.mercadolibre.com.uy/SELLERAUTOMOVILES;active;N/A;N/A;Nuevo;Gris;N/A;Eléctrica;Delantera;Sí;N/A;N/A;N/A;N/A;N/A;N/A;N/A;N/A;N/A;N/A;N/A;N/A;N/A;N/A;N/A;N/A;N/A;N/A;N/A;N/A;N/A;N/A;N/A;N/A;"2700 mm";"1798 cc";"57 L";7;N/A;N/A;N/A;N/A;N/A;N/A;N/A;N/A;N/A;N/A;N/A;N/A;N/A;N/A;N/A;N/A;N/A;N/A;N/A;N/A;N/A;N/A;N/A;N/A;N/A;N/A;N/A;N/A;N/A;N/A;N/A;N/A;N/A;N/A;N/A;N/A;N/A;N/A;N/A;N/A;N/A;N/A;N/A;N/A;N/A;"1460 mm";"4620 mm";N/A;N/A;N/A;N/A;5;"140 hp";Se-g;N/A;4;"1775 mm";N/A;Sí;N/A;N/A;Sí;N/A;N/A;N/A;N/A;N/A;Sí;N/A;N/A;N/A;N/A;N/A;N/A;"Lunes a Viernes de 9 a 18 hs";4;1.8;Nafta;Automática;Sedán;"Autos y camionetas";N/A;N/A;N/A;N/A;N/A;N/A;UY;N/A;N/A;N/A;N/A;N/A;N/A;N/A;N/A;N/A;N/A;N/A;N/A;N/A;N/A;N/A;N/A;N/A;N/A;N/A;N/A;N/A;N/A;N/A;N/A;N/A;N/A;N/A;N/A;N/A;N/A;N/A;N/A;N/A;N/A;N/A;N/A;N/A;N/A;N/A;N/A;N/A;N/A;N/A;N/A;N/A;N/A;N/A;N/A;N/A;N/A;N/A;N/A;N/A;N/A;N/A;N/A;N/A;N/A;N/A;N/A;N/A;N/A;N/A;N/A;N/A;N/A;N/A;N/A;N/A;N/A;N/A;N/A;N/A;N/A;N/A;N/A;N/A;N/A;N/A;N/A;N/A;N/A;N/A;N/A;N/A;N/A;N/A;N/A;N/A;N/A;N/A;N/A;N/A;N/A;N/A;N/A;N/A;N/A;N/A;N/A;N/A;N/A;N/A;N/A;N/A;Sí;N/A;Sí;N/A;N/A;Sí;Sí;N/A;N/A;N/A
Toyota;Hilux;"10000 y 36 cuotas T0";2018;"187500 km";;"VIPERCAR AUTOMOVILES_3";22800;;;;;Centro;https://auto.mercadolibre.com.uy/MLU-701827742-toyota-hilux-10000-y-36-cuotas-t0-27-2018-impecable-_JM;N/A;;"Toyota Hilux 10000 Y 36 Cuotas T0 2.7 2018 Impecable!";USD;Sí;silver;false;N/A;N/A;http://perfil.mercadolibre.com.uy/VIPERCAR+AUTOMOVILES_3;active;N/A;N/A;Usado;"Gris oscuro";N/A;Hidráulica;N/A;Sí;Sí;N/A;N/A;N/A;N/A;Sí;N/A;N/A;N/A;Sí;N/A;Sí;N/A;N/A;N/A;N/A;N/A;N/A;N/A;N/A;N/A;N/A;N/A;N/A;N/A;"2700 cc";N/A;5;N/A;N/A;N/A;N/A;N/A;N/A;N/A;N/A;N/A;N/A;N/A;N/A;N/A;N/A;N/A;N/A;N/A;N/A;N/A;N/A;N/A;N/A;N/A;N/A;N/A;N/A;N/A;N/A;N/A;N/A;N/A;N/A;N/A;N/A;N/A;N/A;N/A;N/A;N/A;N/A;N/A;N/A;N/A;N/A;N/A;N/A;N/A;N/A;N/A;N/A;N/A;N/A;N/A;N/A;N/A;N/A;N/A;"7 km/l";N/A;N/A;N/A;N/A;N/A;N/A;N/A;N/A;N/A;N/A;"10 km/l";N/A;N/A;N/A;N/A;N/A;"Lun a Vie de 9 a 12:30 y de 13:30 a 19. Sáb de 9 a 13 hs.";4;2.7;Nafta;Manual;Pick-Up;"Autos y camionetas";No;N/A;N/A;N/A;No;N/A;N/A;No;Sí;No;No;N/A;N/A;N/A;N/A;N/A;N/A;N/A;N/A;N/A;N/A;N/A;N/A;N/A;Sí;N/A;N/A;N/A;N/A;N/A;N/A;N/A;N/A;N/A;N/A;N/A;N/A;N/A;N/A;N/A;N/A;N/A;N/A;N/A;N/A;N/A;N/A;N/A;N/A;N/A;N/A;N/A;N/A;N/A;N/A;N/A;N/A;N/A;N/A;N/A;N/A;N/A;No;N/A;N/A;N/A;N/A;N/A;N/A;N/A;N/A;N/A;N/A;N/A;N/A;N/A;N/A;N/A;N/A;N/A;N/A;N/A;N/A;N/A;N/A;N/A;N/A;N/A;N/A;N/A;N/A;N/A;Sí;N/A;N/A;N/A;Sí;N/A;Sí;N/A;Sí;Sí;Sí;N/A;Sí;Sí;N/A;Sí;N/A;N/A;N/A;N/A;N/A;N/A;Sí;Sí;Sí;N/A;N/A;N/A;N/A;Sí
Toyota;Hilux;"SRV Diesel";2022;"125000 km";;"ALTAGAMA GARAGE";59900;;;;;Carrasco;https://auto.mercadolibre.com.uy/MLU-701593906-toyota-hilux-srv-diesel-2022-impecable-alta-gama-_JM;N/A;;"Toyota Hilux Srv Diesel 2022 Impecable! - Alta Gama";usd;Sí;silver;false;N/A;N/A;http://perfil.mercadolibre.com.uy/ALTAGAMA+GARAGE;active;N/A;N/A;Usado;"Gris oscuro";Sí;Hidráulica;4x4;N/A;Sí;Sí;Sí;N/A;N/A;Sí;Sí;N/A;Sí;Sí;Sí;Sí;N/A;N/A;N/A;N/A;N/A;N/A;N/A;N/A;N/A;N/A;N/A;N/A;N/A;N/A;N/A;6;N/A;N/A;Sí;Sí;Sí;N/A;N/A;N/A;N/A;N/A;N/A;N/A;N/A;N/A;N/A;N/A;N/A;N/A;N/A;N/A;N/A;N/A;N/A;Sí;N/A;Sí;N/A;Sí;N/A;N/A;N/A;N/A;N/A;N/A;N/A;N/A;Sí;N/A;N/A;N/A;N/A;N/A;Sí;N/A;N/A;N/A;N/A;N/A;N/A;N/A;N/A;N/A;N/A;Srv;N/A;N/A;N/A;N/A;N/A;N/A;Sí;Sí;Sí;Sí;Sí;Sí;N/A;N/A;N/A;N/A;Sí;N/A;Sí;N/A;"Lun. a Jue. de 9 a 18 hs. Vie. de 9 a 13 y de 15 a 18 hs";4;N/A;Diésel;Automática;Pick-Up;"Autos y camionetas";No;N/A;N/A;N/A;No;N/A;UY;No;Sí;No;No;N/A;N/A;N/A;N/A;N/A;N/A;N/A;N/A;N/A;N/A;N/A;N/A;N/A;Sí;N/A;N/A;N/A;N/A;N/A;N/A;N/A;N/A;N/A;N/A;Sí;N/A;N/A;N/A;N/A;N/A;N/A;N/A;N/A;N/A;N/A;N/A;N/A;N/A;N/A;N/A;N/A;N/A;N/A;N/A;N/A;N/A;Sí;Sí;N/A;N/A;N/A;Sí;Sí;N/A;N/A;N/A;N/A;N/A;N/A;N/A;N/A;N/A;N/A;N/A;N/A;N/A;N/A;N/A;N/A;N/A;N/A;N/A;N/A;N/A;N/A;N/A;N/A;N/A;N/A;N/A;N/A;Sí;N/A;N/A;N/A;Sí;Sí;Sí;Sí;Sí;N/A;Sí;N/A;Sí;Sí;Sí;Sí;N/A;N/A;Sí;Sí;Sí;N/A;Sí;N/A;Sí;N/A;N/A;N/A;N/A;N/A
Toyota;Hilux;"Dobli Cabina SRV";2016;"83000 km";;"ALTAGAMA GARAGE";28900;;;;;Carrasco;https://auto.mercadolibre.com.uy/MLU-646658799-toyota-hilux-dobli-cabina-srv-2016-impecable-alta-gama-_JM;N/A;;"Toyota Hilux Dobli Cabina Srv 2016 Impecable! - Alta Gama";USD;Sí;silver;false;N/A;N/A;http://perfil.mercadolibre.com.uy/ALTAGAMA+GARAGE;active;N/A;N/A;Usado;Blanco;N/A;Hidráulica;4x2;Sí;Sí;Sí;N/A;N/A;N/A;Sí;Sí;N/A;N/A;Sí;Sí;N/A;N/A;N/A;N/A;N/A;N/A;N/A;N/A;N/A;N/A;N/A;N/A;N/A;N/A;N/A;N/A;5;N/A;N/A;N/A;N/A;Sí;N/A;Sí;N/A;N/A;N/A;N/A;N/A;N/A;N/A;N/A;N/A;N/A;N/A;N/A;N/A;N/A;N/A;N/A;Sí;N/A;N/A;N/A;N/A;N/A;N/A;N/A;N/A;N/A;N/A;N/A;N/A;Sí;N/A;N/A;N/A;N/A;N/A;N/A;N/A;N/A;N/A;N/A;N/A;N/A;N/A;N/A;N/A;N/A;Srv;N/A;N/A;N/A;N/A;N/A;N/A;Sí;Sí;N/A;Sí;N/A;N/A;N/A;N/A;N/A;N/A;N/A;Sí;Sí;N/A;"Lun. a Jue. de 9 a 18 hs. Vie. de 9 a 13 y de 15 a 18 hs";4;N/A;Nafta;Manual;Pick-Up;"Autos y camionetas";No;N/A;N/A;N/A;No;N/A;N/A;No;Sí;No;No;N/A;N/A;N/A;N/A;N/A;N/A;N/A;N/A;N/A;N/A;N/A;N/A;N/A;Sí;N/A;N/A;N/A;N/A;N/A;N/A;N/A;N/A;N/A;N/A;N/A;N/A;N/A;N/A;N/A;N/A;N/A;N/A;N/A;N/A;N/A;N/A;N/A;N/A;N/A;N/A;N/A;N/A;N/A;N/A;N/A;N/A;N/A;N/A;N/A;N/A;N/A;Sí;Sí;N/A;N/A;N/A;N/A;N/A;N/A;N/A;N/A;N/A;N/A;N/A;N/A;N/A;N/A;N/A;N/A;N/A;N/A;N/A;N/A;N/A;N/A;N/A;N/A;N/A;N/A;N/A;N/A;Sí;N/A;N/A;N/A;Sí;Sí;Sí;N/A;Sí;N/A;Sí;N/A;Sí;Sí;N/A;N/A;N/A;N/A;N/A;N/A;Sí;N/A;Sí;Sí;Sí;Sí;N/A;Sí;N/A;Sí
Toyota;Hilux;"Srv 4x2 Pick Up Doble Cabina";2025;"0 km";;"KAITAZOFF MOTORS.";41990;;;;;Malvin;https://auto.mercadolibre.com.uy/MLU-699174916-toyota-hilux-pick-up-doble-cabina-27-2025-0km-_JM;N/A;;"Toyota Hilux Pick Up Doble Cabina 2.7 2025 0km";USD;Sí;silver;false;N/A;N/A;http://perfil.mercadolibre.com.uy/KAITAZOFF+MOTORS.;active;N/A;N/A;Nuevo;"Gris oscuro";N/A;Asistida;N/A;Sí;Sí;Sí;Sí;Sí;N/A;Sí;Sí;Sí;Sí;Sí;Sí;Sí;N/A;N/A;N/A;N/A;N/A;N/A;N/A;N/A;N/A;N/A;N/A;N/A;N/A;"2700 cc";N/A;5;N/A;N/A;Sí;Sí;Sí;Sí;Sí;N/A;N/A;N/A;N/A;N/A;N/A;N/A;N/A;N/A;N/A;N/A;N/A;N/A;N/A;N/A;N/A;Sí;N/A;Sí;N/A;Sí;N/A;N/A;N/A;N/A;N/A;N/A;N/A;N/A;Sí;N/A;N/A;N/A;N/A;N/A;Sí;N/A;N/A;N/A;N/A;N/A;N/A;N/A;N/A;N/A;"167 hp";Srv;N/A;N/A;N/A;"12 km/l";N/A;N/A;Sí;Sí;Sí;Sí;Sí;N/A;N/A;Sí;"16 km/l";N/A;N/A;N/A;N/A;N/A;"Lun a Vie de 9 a 12:30 y 14 a 18:30 hs. Sáb. de 10 a 13 hs.";5;2.7;Nafta;Manual;Pick-Up;"Autos y camionetas";No;N/A;N/A;N/A;No;N/A;N/A;No;Sí;No;No;N/A;N/A;N/A;N/A;N/A;N/A;N/A;N/A;N/A;N/A;N/A;N/A;N/A;N/A;N/A;N/A;N/A;N/A;N/A;N/A;N/A;N/A;N/A;N/A;N/A;N/A;N/A;N/A;N/A;N/A;N/A;N/A;Sí;N/A;N/A;N/A;N/A;N/A;N/A;N/A;N/A;N/A;N/A;N/A;N/A;N/A;N/A;N/A;N/A;N/A;Sí;No;N/A;N/A;N/A;N/A;N/A;N/A;N/A;N/A;N/A;N/A;N/A;N/A;N/A;N/A;N/A;N/A;N/A;N/A;N/A;N/A;N/A;N/A;N/A;N/A;N/A;N/A;N/A;N/A;N/A;N/A;N/A;N/A;N/A;Sí;Sí;Sí;Sí;Sí;Sí;Sí;N/A;Sí;Sí;Sí;Sí;N/A;N/A;Sí;Sí;Sí;N/A;Sí;Sí;Sí;N/A;N/A;Sí;N/A;Sí
Toyota;Hilux;4x4;2012;"350000 km";;AEROCAR2020;28990;;;;;"Barra de Carrasco";https://auto.mercadolibre.com.uy/MLU-699183204-toyota-hilux-4x4-25-2012-impecable-aerocar-_JM;N/A;;"Toyota Hilux 4x4 2.5 2012 Impecable! Aerocar";USD;Sí;silver;false;N/A;N/A;http://perfil.mercadolibre.com.uy/AEROCAR2020;active;N/A;N/A;Usado;Blanco;N/A;Hidráulica;N/A;Sí;Sí;N/A;N/A;N/A;N/A;Sí;N/A;N/A;N/A;N/A;N/A;Sí;N/A;N/A;N/A;N/A;N/A;N/A;N/A;N/A;N/A;N/A;N/A;N/A;N/A;"2500 cc";N/A;5;N/A;N/A;N/A;N/A;N/A;N/A;N/A;N/A;N/A;N/A;N/A;N/A;N/A;N/A;N/A;N/A;N/A;N/A;N/A;N/A;N/A;N/A;N/A;N/A;N/A;N/A;N/A;N/A;N/A;N/A;N/A;N/A;N/A;N/A;N/A;N/A;N/A;N/A;N/A;N/A;N/A;N/A;N/A;N/A;N/A;N/A;N/A;N/A;N/A;N/A;N/A;N/A;N/A;N/A;N/A;N/A;N/A;N/A;N/A;N/A;N/A;Sí;N/A;Sí;N/A;N/A;N/A;N/A;N/A;N/A;N/A;N/A;Sí;N/A;"Lun. a Vie. de 9 a 19 hs. Sáb. y Dom. de 10 a 18 hs.";4;2.5;Diésel;Manual;Pick-Up;"Autos y camionetas";No;N/A;N/A;N/A;No;N/A;N/A;No;Sí;No;No;N/A;N/A;N/A;N/A;N/A;N/A;N/A;N/A;N/A;N/A;N/A;N/A;N/A;N/A;N/A;N/A;N/A;N/A;N/A;N/A;N/A;N/A;N/A;N/A;N/A;N/A;N/A;N/A;N/A;N/A;N/A;N/A;N/A;N/A;N/A;N/A;N/A;N/A;N/A;N/A;N/A;N/A;N/A;N/A;N/A;N/A;N/A;N/A;N/A;N/A;N/A;No;N/A;N/A;N/A;N/A;N/A;N/A;N/A;N/A;N/A;N/A;N/A;N/A;N/A;N/A;N/A;N/A;N/A;N/A;N/A;N/A;N/A;N/A;N/A;N/A;N/A;N/A;N/A;N/A;N/A;N/A;N/A;N/A;N/A;N/A;N/A;Sí;N/A;N/A;N/A;N/A;N/A;Sí;N/A;N/A;N/A;N/A;N/A;N/A;N/A;N/A;N/A;Sí;Sí;Sí;N/A;N/A;Sí;N/A;Sí
Toyota;Etios;-;2020;"102000 km";;AEROCAR2013;14490;;;;;Carrasco;https://auto.mercadolibre.com.uy/MLU-644880519-toyota-etios-15-2020-impecable-interauto-_JM;N/A;;"Toyota Etios 1.5 2020 Impecable! Interauto";usd;Sí;silver;false;N/A;N/A;http://perfil.mercadolibre.com.uy/AEROCAR2013;active;N/A;N/A;Usado;"Gris oscuro";N/A;Hidráulica;Delantera;Sí;N/A;Sí;N/A;N/A;N/A;N/A;Sí;N/A;N/A;Sí;N/A;Sí;N/A;N/A;N/A;N/A;N/A;N/A;N/A;N/A;N/A;N/A;N/A;N/A;N/A;"1500 cc";N/A;5;N/A;N/A;N/A;N/A;N/A;N/A;N/A;N/A;N/A;N/A;N/A;N/A;N/A;N/A;N/A;N/A;N/A;N/A;N/A;N/A;N/A;N/A;N/A;Sí;N/A;Sí;N/A;N/A;N/A;N/A;N/A;N/A;N/A;N/A;N/A;N/A;N/A;N/A;N/A;N/A;N/A;N/A;N/A;N/A;N/A;N/A;N/A;N/A;N/A;N/A;N/A;N/A;N/A;N/A;N/A;N/A;N/A;N/A;N/A;N/A;N/A;Sí;N/A;N/A;N/A;N/A;N/A;N/A;N/A;N/A;N/A;N/A;N/A;N/A;"Lunes a Domingo de 9 a 18:30 hs";5;1.5;Nafta;Manual;Sedán;"Autos y camionetas";No;N/A;N/A;N/A;No;N/A;UY;No;Sí;No;No;N/A;N/A;N/A;N/A;N/A;N/A;N/A;N/A;N/A;N/A;N/A;N/A;N/A;N/A;N/A;N/A;N/A;N/A;N/A;N/A;N/A;N/A;N/A;N/A;N/A;N/A;N/A;N/A;N/A;N/A;N/A;N/A;N/A;N/A;N/A;N/A;N/A;N/A;N/A;N/A;N/A;N/A;N/A;N/A;N/A;N/A;N/A;N/A;N/A;N/A;N/A;No;N/A;N/A;N/A;N/A;N/A;N/A;N/A;N/A;N/A;N/A;N/A;N/A;N/A;N/A;N/A;N/A;N/A;N/A;N/A;N/A;N/A;N/A;N/A;N/A;N/A;N/A;N/A;N/A;N/A;N/A;N/A;N/A;N/A;Sí;Sí;Sí;N/A;Sí;N/A;Sí;N/A;Sí;Sí;N/A;Sí;N/A;N/A;N/A;N/A;N/A;N/A;Sí;Sí;Sí;Sí;N/A;Sí;Sí;Sí
Toyota;Hilux;"GR-Sport 4X4";2025;"0 km";;"KLEIST AUTOMOVILES";85990;;;;;"Nueva Helvecia";https://auto.mercadolibre.com.uy/MLU-694131606-toyota-hilux-gr-sport-4x4-28-2025-0km-kleist-automoviles-_JM;N/A;;"Toyota Hilux Gr-sport 4x4 2.8 2025 0km - Kleist Automóviles";USD;Sí;silver;false;N/A;N/A;http://perfil.mercadolibre.com.uy/KLEIST+AUTOMOVILES;active;N/A;N/A;Nuevo;Blanco;N/A;Asistida;N/A;N/A;Sí;Sí;Sí;Sí;N/A;Sí;Sí;Sí;N/A;Sí;Sí;Sí;N/A;N/A;N/A;N/A;N/A;N/A;N/A;N/A;N/A;N/A;N/A;N/A;N/A;"2800 cc";N/A;6;N/A;N/A;Sí;Sí;Sí;Sí;Sí;N/A;N/A;N/A;N/A;N/A;N/A;N/A;N/A;N/A;N/A;N/A;N/A;N/A;N/A;N/A;N/A;Sí;N/A;Sí;N/A;Sí;N/A;N/A;N/A;N/A;N/A;N/A;N/A;N/A;Sí;N/A;N/A;N/A;N/A;N/A;Sí;N/A;N/A;N/A;N/A;N/A;N/A;N/A;N/A;N/A;"224 hp";Sport;N/A;N/A;N/A;N/A;N/A;N/A;Sí;Sí;Sí;N/A;Sí;N/A;N/A;N/A;N/A;N/A;N/A;N/A;N/A;N/A;"Lun. a Vie. de 8 a 12 y 14:30 a 18:30. Sáb. de 8 a 12 hs.";4;2.8;Diésel;"Automática secuencial";Pick-Up;"Autos y camionetas";No;N/A;N/A;N/A;No;N/A;N/A;No;Sí;No;No;N/A;N/A;N/A;N/A;N/A;N/A;N/A;N/A;N/A;N/A;N/A;N/A;N/A;Sí;N/A;N/A;N/A;N/A;N/A;N/A;N/A;N/A;N/A;N/A;Sí;N/A;N/A;N/A;N/A;N/A;N/A;N/A;Sí;N/A;N/A;N/A;N/A;N/A;N/A;N/A;N/A;N/A;Sí;N/A;N/A;N/A;Sí;Sí;N/A;N/A;Sí;No;Sí;N/A;N/A;N/A;N/A;N/A;N/A;N/A;N/A;N/A;N/A;N/A;N/A;N/A;N/A;N/A;N/A;N/A;N/A;N/A;N/A;N/A;N/A;N/A;N/A;N/A;N/A;N/A;N/A;Sí;N/A;N/A;N/A;Sí;Sí;Sí;Sí;Sí;Sí;Sí;N/A;Sí;Sí;N/A;Sí;N/A;N/A;N/A;Sí;Sí;N/A;Sí;Sí;Sí;N/A;N/A;Sí;N/A;Sí
Toyota;Hilux;"SRX 4X4";2025;"0 km";;"KLEIST AUTOMOVILES";82990;;;;;"Nueva Helvecia";https://auto.mercadolibre.com.uy/MLU-644396343-toyota-hilux-srx-4x4-28-2025-0km-kleist-automoviles-_JM;N/A;;"Toyota Hilux Srx 4x4 2.8 2025 0km - Kleist Automóviles";usd;Sí;silver;false;N/A;N/A;http://perfil.mercadolibre.com.uy/KLEIST+AUTOMOVILES;active;N/A;N/A;Nuevo;"Gris oscuro";N/A;Asistida;N/A;N/A;Sí;Sí;Sí;Sí;N/A;Sí;Sí;Sí;N/A;Sí;Sí;Sí;N/A;N/A;N/A;N/A;N/A;N/A;N/A;N/A;N/A;N/A;N/A;N/A;N/A;"2800 cc";N/A;6;N/A;N/A;Sí;Sí;Sí;Sí;Sí;N/A;N/A;N/A;N/A;N/A;N/A;N/A;N/A;N/A;N/A;N/A;N/A;N/A;N/A;N/A;N/A;Sí;N/A;Sí;N/A;Sí;N/A;N/A;N/A;N/A;N/A;N/A;N/A;N/A;Sí;N/A;N/A;N/A;N/A;N/A;Sí;N/A;N/A;N/A;N/A;N/A;N/A;N/A;N/A;N/A;"204 hp";Srx;N/A;N/A;N/A;N/A;N/A;N/A;Sí;Sí;Sí;N/A;Sí;N/A;N/A;N/A;N/A;N/A;N/A;N/A;N/A;N/A;"Lun. a Vie. de 8 a 12 y 14:30 a 18:30. Sáb. de 8 a 12 hs.";4;2.8;Diésel;"Automática secuencial";Pick-Up;"Autos y camionetas";No;N/A;N/A;N/A;No;N/A;UY;No;Sí;No;No;N/A;N/A;N/A;N/A;N/A;N/A;N/A;N/A;N/A;N/A;N/A;N/A;N/A;Sí;N/A;N/A;N/A;N/A;N/A;N/A;N/A;N/A;N/A;N/A;Sí;N/A;N/A;N/A;N/A;N/A;N/A;N/A;Sí;N/A;N/A;N/A;N/A;N/A;N/A;N/A;N/A;N/A;Sí;N/A;N/A;N/A;Sí;Sí;N/A;N/A;Sí;No;Sí;N/A;N/A;N/A;N/A;N/A;N/A;N/A;N/A;N/A;N/A;N/A;N/A;N/A;N/A;N/A;N/A;N/A;N/A;N/A;N/A;N/A;N/A;N/A;N/A;N/A;N/A;N/A;N/A;Sí;N/A;N/A;N/A;Sí;Sí;Sí;Sí;Sí;Sí;Sí;N/A;Sí;Sí;N/A;Sí;N/A;Sí;N/A;Sí;Sí;N/A;Sí;Sí;Sí;N/A;N/A;Sí;N/A;Sí
Toyota;Corolla;"SEG hibrido";2024;"0 km";;"KLEIST AUTOMOVILES";39990;;;;;"Nueva Helvecia";https://auto.mercadolibre.com.uy/MLU-676681934-toyota-corolla-seg-hibrido-18-2024-0km-kleist-automoviles-_JM;N/A;;"Toyota Corolla Seg Hibrido 1.8 2024 0km - Kleist Automóviles";USD;Sí;silver;false;N/A;N/A;http://perfil.mercadolibre.com.uy/KLEIST+AUTOMOVILES;active;N/A;N/A;Nuevo;Plateado;N/A;Eléctrica;N/A;N/A;Sí;Sí;Sí;Sí;N/A;Sí;Sí;Sí;Sí;Sí;Sí;Sí;N/A;Sí;N/A;N/A;N/A;N/A;N/A;N/A;N/A;N/A;N/A;N/A;N/A;"1800 cc";N/A;10;N/A;N/A;Sí;Sí;Sí;Sí;Sí;N/A;N/A;N/A;N/A;N/A;N/A;N/A;N/A;N/A;N/A;N/A;N/A;N/A;N/A;N/A;N/A;Sí;N/A;Sí;N/A;Sí;N/A;N/A;N/A;N/A;N/A;N/A;N/A;N/A;Sí;N/A;N/A;N/A;N/A;N/A;Sí;N/A;N/A;N/A;N/A;N/A;N/A;N/A;N/A;N/A;"122 hp";Se-g;N/A;N/A;N/A;N/A;N/A;N/A;Sí;Sí;Sí;N/A;Sí;N/A;N/A;N/A;N/A;N/A;N/A;N/A;N/A;Sí;"Lun. a Vie. de 8 a 12 y 14:30 a 18:30. Sáb. de 8 a 12 hs.";5;1.8;Híbrido;Automática;Sedán;"Autos y camionetas";No;N/A;N/A;N/A;No;N/A;N/A;No;Sí;No;No;N/A;N/A;N/A;N/A;N/A;N/A;N/A;N/A;N/A;N/A;N/A;N/A;N/A;Sí;N/A;N/A;N/A;N/A;N/A;N/A;N/A;N/A;N/A;N/A;Sí;N/A;N/A;N/A;N/A;N/A;N/A;N/A;Sí;N/A;N/A;N/A;N/A;N/A;N/A;N/A;N/A;N/A;Sí;N/A;N/A;N/A;Sí;Sí;N/A;N/A;Sí;No;N/A;N/A;N/A;N/A;N/A;N/A;N/A;N/A;N/A;N/A;N/A;N/A;N/A;N/A;N/A;N/A;N/A;N/A;N/A;N/A;N/A;N/A;N/A;N/A;N/A;N/A;N/A;N/A;N/A;Sí;N/A;N/A;N/A;Sí;Sí;Sí;Sí;Sí;Sí;Sí;N/A;Sí;Sí;Sí;Sí;N/A;N/A;Sí;Sí;Sí;N/A;Sí;N/A;Sí;N/A;N/A;Sí;N/A;Sí
Toyota;Prius;Hibrido;2019;"49000 km";;INTERAUTO2024;21990;;;;;"Paso de Carrasco";https://auto.mercadolibre.com.uy/MLU-688651780-toyota-prius-hibrido-15-2019-impecable-interauto-_JM;N/A;;"Toyota Prius Hibrido 1.5 2019 Impecable! Interauto";usd;Sí;silver;false;N/A;N/A;http://perfil.mercadolibre.com.uy/INTERAUTO2024;active;N/A;N/A;Usado;"Gris oscuro";N/A;Eléctrica;N/A;Sí;Sí;N/A;Sí;Sí;N/A;N/A;N/A;N/A;N/A;N/A;N/A;Sí;N/A;N/A;N/A;N/A;N/A;N/A;N/A;N/A;N/A;N/A;N/A;N/A;N/A;"1500 cc";N/A;5;N/A;N/A;Sí;Sí;N/A;N/A;Sí;N/A;N/A;N/A;N/A;N/A;N/A;N/A;N/A;N/A;N/A;N/A;N/A;N/A;N/A;N/A;N/A;N/A;N/A;N/A;N/A;N/A;N/A;N/A;N/A;N/A;N/A;N/A;N/A;N/A;Sí;N/A;N/A;N/A;N/A;N/A;N/A;N/A;N/A;N/A;N/A;N/A;N/A;N/A;N/A;N/A;N/A;Hibrid;N/A;N/A;N/A;"23 km/l";N/A;N/A;Sí;N/A;Sí;N/A;Sí;N/A;N/A;N/A;"27 km/l";N/A;N/A;N/A;N/A;N/A;"Lunes a Domingo de 9 a 18:30 hs";5;1.5;Híbrido;Automática;Hatchback;"Autos y camionetas";No;N/A;N/A;N/A;No;N/A;UY;No;Sí;No;No;N/A;N/A;N/A;N/A;N/A;N/A;N/A;N/A;N/A;N/A;N/A;N/A;N/A;N/A;N/A;N/A;N/A;N/A;N/A;N/A;N/A;N/A;N/A;N/A;N/A;N/A;N/A;N/A;N/A;N/A;N/A;N/A;N/A;N/A;N/A;N/A;N/A;N/A;N/A;N/A;N/A;N/A;N/A;N/A;N/A;N/A;N/A;N/A;N/A;N/A;N/A;No;N/A;N/A;N/A;N/A;N/A;N/A;N/A;N/A;N/A;N/A;N/A;N/A;N/A;N/A;N/A;N/A;N/A;N/A;N/A;N/A;N/A;N/A;N/A;N/A;N/A;N/A;N/A;N/A;N/A;N/A;N/A;N/A;N/A;Sí;Sí;Sí;N/A;Sí;N/A;N/A;N/A;Sí;Sí;N/A;N/A;N/A;N/A;N/A;N/A;N/A;N/A;Sí;N/A;Sí;Sí;Sí;Sí;Sí;Sí
Toyota;Hilux;Sr;2018;"175500 km";;SOLYCARAUTOMOVILES;44000;;;;;Solymar;https://auto.mercadolibre.com.uy/MLU-646647989-toyota-hilux-sr-24-2018-muy-buen-estado-solycar-_JM;N/A;;"Toyota Hilux Sr 2.4 2018 Muy Buen Estado! - Solycar";usd;Sí;silver;false;N/A;N/A;http://perfil.mercadolibre.com.uy/SOLYCARAUTOMOVILES;active;N/A;N/A;Usado;Rojo;Sí;Hidráulica;4x2;Sí;Sí;Sí;N/A;Sí;N/A;Sí;N/A;N/A;N/A;Sí;N/A;Sí;N/A;N/A;N/A;N/A;N/A;N/A;N/A;N/A;N/A;N/A;N/A;N/A;N/A;"2400 cc";N/A;6;N/A;N/A;N/A;N/A;N/A;N/A;N/A;N/A;N/A;N/A;N/A;N/A;N/A;N/A;N/A;N/A;N/A;N/A;N/A;N/A;N/A;N/A;N/A;Sí;N/A;Sí;N/A;Sí;N/A;N/A;N/A;N/A;N/A;N/A;N/A;N/A;Sí;N/A;N/A;N/A;N/A;N/A;N/A;N/A;N/A;N/A;N/A;N/A;N/A;N/A;N/A;N/A;"150 hp";Sr;N/A;N/A;N/A;N/A;N/A;N/A;N/A;Sí;N/A;N/A;N/A;Sí;N/A;N/A;N/A;N/A;N/A;Sí;Sí;N/A;"Lun. a Vie. de 9:30 a 18:30 hs. Sáb. de 9:30 a 14 hs";4;2.4;Diésel;Manual;Pick-Up;"Autos y camionetas";No;N/A;N/A;N/A;No;N/A;UY;No;Sí;No;No;N/A;N/A;N/A;N/A;N/A;N/A;N/A;N/A;N/A;N/A;N/A;N/A;N/A;N/A;N/A;N/A;N/A;N/A;N/A;N/A;N/A;N/A;N/A;N/A;N/A;N/A;N/A;N/A;N/A;N/A;N/A;N/A;N/A;N/A;N/A;N/A;N/A;N/A;N/A;N/A;N/A;N/A;N/A;N/A;N/A;N/A;N/A;N/A;N/A;N/A;N/A;No;N/A;N/A;N/A;N/A;N/A;N/A;N/A;N/A;N/A;N/A;N/A;N/A;N/A;N/A;N/A;N/A;N/A;N/A;N/A;N/A;N/A;N/A;N/A;N/A;N/A;N/A;N/A;N/A;N/A;N/A;N/A;N/A;N/A;Sí;Sí;Sí;N/A;Sí;Sí;Sí;N/A;Sí;Sí;N/A;Sí;N/A;N/A;N/A;N/A;Sí;N/A;Sí;Sí;Sí;N/A;N/A;Sí;N/A;Sí
Toyota;Hilux;"2.4 D.cab. T.dsl Dx";2021;"113000 km";;MACROMOTORS;39500;;;;;Young;https://auto.mercadolibre.com.uy/MLU-643821331-toyota-hilux-_JM;N/A;;"Toyota Hilux";usd;Sí;silver;false;N/A;N/A;http://perfil.mercadolibre.com.uy/MACROMOTORS;active;N/A;N/A;Usado;Blanco;No;Hidráulica;4x2;Sí;Sí;Sí;N/A;N/A;No;N/A;N/A;No;N/A;N/A;Sí;Sí;N/A;No;N/A;N/A;N/A;N/A;N/A;N/A;N/A;N/A;N/A;N/A;"2860 mm";"2.4 L";"80 L";5;N/A;N/A;N/A;N/A;N/A;No;N/A;N/A;N/A;N/A;N/A;N/A;N/A;N/A;N/A;N/A;N/A;N/A;N/A;N/A;N/A;N/A;N/A;N/A;N/A;N/A;N/A;N/A;N/A;No;N/A;N/A;N/A;N/A;N/A;N/A;N/A;N/A;N/A;N/A;N/A;N/A;N/A;N/A;N/A;"1850 mm";"5260 mm";N/A;N/A;N/A;N/A;5;"150 hp";Dx;N/A;4;"1855 mm";"8.2 km/l";No;N/A;No;Sí;N/A;Sí;No;N/A;No;N/A;"6.3 km/l";No;Sí;N/A;N/A;No;"8.30 a 18.30";4;2.4;Diésel;Manual;Pick-Up;"Autos y camionetas";No;N/A;N/A;N/A;No;N/A;UY;N/A;Sí;N/A;Sí;N/A;N/A;N/A;N/A;N/A;N/A;N/A;N/A;N/A;N/A;N/A;N/A;N/A;No;N/A;N/A;N/A;N/A;N/A;N/A;N/A;N/A;N/A;N/A;N/A;N/A;N/A;N/A;N/A;N/A;N/A;N/A;No;N/A;N/A;N/A;N/A;N/A;N/A;N/A;N/A;N/A;N/A;N/A;N/A;N/A;N/A;N/A;N/A;N/A;No;No;N/A;N/A;N/A;N/A;N/A;N/A;N/A;N/A;N/A;N/A;N/A;N/A;N/A;N/A;N/A;N/A;N/A;N/A;N/A;N/A;N/A;N/A;N/A;N/A;N/A;N/A;N/A;N/A;N/A;N/A;N/A;N/A;No;Sí;Sí;Sí;N/A;Sí;N/A;N/A;N/A;N/A;Sí;Sí;No;Sí;N/A;N/A;Sí;Sí;No;Sí;Sí;Sí;Sí;No;Sí;N/A;Sí
Toyota;Yaris;"XLS AT automático Hatchback";2024;"0 km";;VKSA2018;26990;;;;;Malvin;https://auto.mercadolibre.com.uy/MLU-635134991-toyota-yaris-xls-at-automatico-hatchback-15-2024-0km-_JM;N/A;;"Toyota Yaris Xls At Automático Hatchback 1.5 2024 0km";USD;Sí;silver;false;N/A;N/A;http://perfil.mercadolibre.com.uy/VKSA2018;active;N/A;N/A;Nuevo;"Gris oscuro";N/A;Asistida;N/A;Sí;Sí;Sí;N/A;N/A;N/A;Sí;Sí;Sí;Sí;Sí;Sí;Sí;N/A;Sí;N/A;N/A;N/A;N/A;N/A;N/A;N/A;N/A;N/A;N/A;N/A;"1500 cc";N/A;5;N/A;N/A;Sí;Sí;N/A;N/A;Sí;N/A;N/A;N/A;N/A;N/A;N/A;N/A;N/A;N/A;N/A;N/A;N/A;N/A;N/A;N/A;N/A;N/A;N/A;Sí;N/A;N/A;N/A;N/A;N/A;N/A;N/A;N/A;N/A;N/A;Sí;N/A;N/A;N/A;N/A;N/A;Sí;N/A;N/A;N/A;N/A;N/A;N/A;N/A;N/A;N/A;"107 hp";N/A;N/A;N/A;N/A;N/A;N/A;N/A;Sí;Sí;Sí;Sí;Sí;Sí;N/A;N/A;N/A;N/A;N/A;N/A;N/A;Sí;"Lun. a Vie. de 10 a 17 hs. Sábados cerrado.";4;1.5;Nafta;Automática;Hatchback;"Autos y camionetas";No;N/A;N/A;N/A;No;N/A;N/A;No;Sí;No;No;N/A;N/A;N/A;N/A;N/A;N/A;N/A;N/A;N/A;N/A;N/A;N/A;N/A;N/A;N/A;N/A;N/A;N/A;N/A;N/A;N/A;N/A;N/A;N/A;N/A;N/A;N/A;N/A;N/A;N/A;N/A;N/A;Sí;N/A;N/A;N/A;N/A;N/A;N/A;N/A;N/A;N/A;N/A;N/A;N/A;N/A;N/A;N/A;N/A;N/A;Sí;No;N/A;N/A;N/A;N/A;N/A;N/A;N/A;N/A;N/A;N/A;N/A;N/A;N/A;N/A;N/A;N/A;N/A;N/A;N/A;N/A;N/A;N/A;N/A;N/A;N/A;N/A;N/A;N/A;N/A;N/A;N/A;N/A;N/A;Sí;Sí;Sí;Sí;Sí;N/A;Sí;N/A;Sí;Sí;N/A;Sí;N/A;N/A;Sí;Sí;N/A;N/A;Sí;N/A;Sí;N/A;N/A;Sí;N/A;Sí
Toyota;"Corolla Cross";Xei;2025;"0 km";;"KAITAZOFF MOTORS.";40990;;;;;Malvin;https://auto.mercadolibre.com.uy/MLU-687730782-toyota-corolla-cross-xei-18-2025-0km-_JM;N/A;;"Toyota Corolla Cross Xei 1.8 2025 0km";USD;Sí;silver;false;N/A;N/A;http://perfil.mercadolibre.com.uy/KAITAZOFF+MOTORS.;active;N/A;N/A;Nuevo;"Gris oscuro";N/A;Eléctrica;N/A;Sí;Sí;Sí;Sí;N/A;N/A;Sí;Sí;N/A;Sí;Sí;Sí;Sí;N/A;Sí;N/A;N/A;N/A;N/A;N/A;N/A;N/A;N/A;N/A;N/A;N/A;"1800 cc";N/A;6;N/A;N/A;Sí;Sí;Sí;Sí;Sí;N/A;N/A;N/A;N/A;N/A;N/A;N/A;N/A;N/A;N/A;N/A;N/A;N/A;N/A;N/A;N/A;Sí;N/A;Sí;N/A;Sí;N/A;N/A;N/A;N/A;N/A;N/A;N/A;N/A;Sí;N/A;N/A;N/A;N/A;N/A;N/A;N/A;N/A;N/A;N/A;N/A;N/A;N/A;N/A;N/A;"122 hp";Xei;N/A;N/A;N/A;N/A;N/A;N/A;Sí;Sí;Sí;Sí;Sí;Sí;N/A;Sí;N/A;N/A;N/A;N/A;N/A;Sí;"Lun. a Vie. de 9 a 13 y 14 a 18:30 hs. Sáb. de 10 a 13 hs.";5;1.8;Híbrido;Automática;SUV;"Autos y camionetas";No;N/A;N/A;N/A;No;N/A;N/A;No;Sí;No;No;N/A;N/A;N/A;N/A;N/A;N/A;N/A;N/A;N/A;N/A;N/A;N/A;N/A;N/A;N/A;N/A;N/A;N/A;N/A;N/A;N/A;N/A;N/A;N/A;N/A;N/A;N/A;N/A;N/A;N/A;N/A;N/A;Sí;N/A;N/A;N/A;N/A;N/A;N/A;N/A;N/A;N/A;N/A;N/A;N/A;N/A;N/A;N/A;N/A;N/A;Sí;No;N/A;N/A;N/A;N/A;N/A;N/A;N/A;N/A;N/A;N/A;N/A;N/A;N/A;N/A;N/A;N/A;N/A;N/A;N/A;N/A;N/A;N/A;N/A;N/A;N/A;N/A;N/A;N/A;N/A;N/A;N/A;N/A;N/A;Sí;Sí;Sí;Sí;Sí;Sí;Sí;N/A;Sí;Sí;Sí;Sí;N/A;N/A;Sí;Sí;Sí;N/A;Sí;Sí;Sí;N/A;N/A;N/A;N/A;Sí
Toyota;Hilux;SRX;2025;"0 km";;"KAITAZOFF MOTORS.";82990;;;;;Malvin;https://auto.mercadolibre.com.uy/MLU-680712462-toyota-hilux-srx-28-2025-0km-_JM;N/A;;"Toyota Hilux Srx 2.8 2025 0km";USD;Sí;silver;false;N/A;N/A;http://perfil.mercadolibre.com.uy/KAITAZOFF+MOTORS.;active;N/A;N/A;Nuevo;"Gris oscuro";N/A;Asistida;N/A;N/A;Sí;Sí;Sí;N/A;N/A;Sí;Sí;Sí;Sí;N/A;Sí;Sí;N/A;N/A;N/A;N/A;N/A;N/A;N/A;N/A;N/A;N/A;N/A;N/A;N/A;"2800 cc";N/A;6;N/A;N/A;Sí;Sí;Sí;N/A;Sí;N/A;N/A;N/A;N/A;N/A;N/A;N/A;N/A;N/A;N/A;N/A;N/A;N/A;N/A;N/A;N/A;Sí;N/A;Sí;N/A;Sí;N/A;N/A;N/A;N/A;N/A;N/A;N/A;N/A;Sí;N/A;N/A;N/A;N/A;N/A;Sí;N/A;N/A;N/A;N/A;N/A;N/A;N/A;N/A;N/A;"204 hp";Srx;N/A;N/A;N/A;N/A;N/A;N/A;Sí;N/A;N/A;N/A;Sí;N/A;N/A;Sí;N/A;N/A;N/A;N/A;N/A;N/A;"Lun. a Vie. de 9 a 13 y 14 a 18:30 hs. Sáb. de 10 a 13 hs.";4;2.8;Diésel;Automática;Pick-Up;"Autos y camionetas";No;N/A;N/A;N/A;No;N/A;N/A;No;Sí;No;No;N/A;N/A;N/A;N/A;N/A;N/A;N/A;N/A;N/A;N/A;N/A;N/A;N/A;N/A;N/A;N/A;N/A;N/A;N/A;N/A;N/A;N/A;N/A;N/A;N/A;N/A;N/A;N/A;N/A;N/A;N/A;N/A;Sí;N/A;N/A;N/A;N/A;N/A;N/A;N/A;N/A;N/A;N/A;N/A;N/A;N/A;N/A;N/A;N/A;N/A;Sí;No;N/A;N/A;N/A;N/A;N/A;N/A;N/A;N/A;N/A;N/A;N/A;N/A;N/A;N/A;N/A;N/A;N/A;N/A;N/A;N/A;N/A;N/A;N/A;N/A;N/A;N/A;N/A;N/A;N/A;N/A;N/A;N/A;N/A;Sí;Sí;Sí;Sí;Sí;Sí;Sí;N/A;Sí;Sí;Sí;Sí;N/A;N/A;Sí;Sí;N/A;N/A;Sí;Sí;Sí;N/A;N/A;N/A;N/A;Sí
Toyota;Corolla;"1.8 Xli Mt";2010;"190000 km";;OTORMINJOSE20230713154311;14000;;;;;Paysandú;https://auto.mercadolibre.com.uy/MLU-696455600-toyota-corolla-2010-18-xli-mt-_JM;N/A;;"Toyota Corolla 2010 1.8 Xli Mt";usd;Sí;silver;false;N/A;N/A;http://perfil.mercadolibre.com.uy/OTORMINJOSE20230713154311;active;N/A;N/A;Usado;N/A;N/A;Eléctrica;Delantera;Sí;N/A;Sí;N/A;N/A;N/A;N/A;N/A;N/A;N/A;N/A;N/A;N/A;N/A;N/A;N/A;N/A;N/A;N/A;N/A;N/A;N/A;N/A;N/A;N/A;"2600 mm";"1.8 L";"55 L";5;N/A;N/A;N/A;N/A;N/A;N/A;N/A;N/A;N/A;N/A;N/A;N/A;N/A;N/A;N/A;N/A;N/A;N/A;N/A;N/A;N/A;N/A;N/A;N/A;N/A;N/A;N/A;N/A;N/A;N/A;N/A;N/A;N/A;N/A;N/A;N/A;N/A;N/A;N/A;N/A;N/A;N/A;N/A;N/A;N/A;"1485 mm";"4530 mm";N/A;N/A;N/A;N/A;5;"136 hp";Xli;N/A;4;"1760 mm";"13.5 km/l";N/A;N/A;N/A;N/A;N/A;N/A;Sí;N/A;N/A;N/A;N/A;N/A;N/A;N/A;N/A;N/A;N/A;4;1.8;Nafta;Manual;Sedán;"Autos y camionetas";N/A;N/A;N/A;N/A;N/A;N/A;UY;N/A;N/A;N/A;N/A;N/A;N/A;N/A;N/A;N/A;N/A;N/A;N/A;N/A;N/A;N/A;N/A;N/A;N/A;N/A;N/A;N/A;N/A;N/A;N/A;N/A;N/A;N/A;N/A;N/A;N/A;N/A;N/A;N/A;N/A;N/A;N/A;N/A;N/A;N/A;N/A;N/A;N/A;N/A;N/A;N/A;N/A;N/A;N/A;N/A;N/A;N/A;N/A;N/A;N/A;N/A;N/A;N/A;N/A;N/A;N/A;N/A;N/A;N/A;N/A;N/A;N/A;N/A;N/A;N/A;N/A;N/A;N/A;N/A;N/A;N/A;N/A;N/A;N/A;N/A;N/A;N/A;N/A;N/A;N/A;N/A;N/A;N/A;N/A;N/A;N/A;N/A;N/A;N/A;N/A;N/A;N/A;N/A;N/A;N/A;N/A;N/A;N/A;N/A;N/A;N/A;N/A;N/A;Sí;N/A;N/A;N/A;N/A;N/A;N/A;N/A
Toyota;Corolla;"1.6 Xli";2011;"390000 km";;ROBERTOMAZONDOAUTOMOVILES;14500;;;;;Rivera;https://auto.mercadolibre.com.uy/MLU-693031664-toyota-corolla-16-xli-_JM;N/A;;"Toyota Corolla 1.6 Xli";USD;Sí;silver;false;N/A;N/A;http://perfil.mercadolibre.com.uy/ROBERTOMAZONDOAUTOMOVILES;active;N/A;N/A;Usado;Gris;Sí;Hidráulica;Delantera;Sí;Sí;N/A;N/A;N/A;Sí;N/A;N/A;No;N/A;N/A;No;Sí;N/A;Sí;N/A;N/A;N/A;N/A;N/A;N/A;N/A;N/A;N/A;N/A;N/A;N/A;N/A;N/A;N/A;N/A;N/A;N/A;N/A;No;N/A;N/A;N/A;N/A;N/A;N/A;N/A;N/A;N/A;N/A;N/A;N/A;N/A;N/A;N/A;N/A;N/A;N/A;N/A;N/A;N/A;N/A;N/A;No;N/A;N/A;N/A;N/A;N/A;N/A;N/A;N/A;N/A;N/A;N/A;N/A;N/A;N/A;N/A;N/A;N/A;N/A;N/A;N/A;N/A;N/A;N/A;N/A;N/A;N/A;N/A;N/A;Sí;N/A;Sí;Sí;N/A;Sí;Sí;N/A;No;N/A;N/A;No;No;N/A;N/A;No;N/A;4;N/A;Nafta;Manual;Sedán;"Autos y camionetas";No;N/A;N/A;N/A;No;N/A;N/A;N/A;Sí;N/A;No;N/A;N/A;N/A;N/A;N/A;N/A;N/A;N/A;N/A;N/A;N/A;N/A;N/A;Sí;N/A;N/A;N/A;N/A;N/A;N/A;N/A;N/A;N/A;N/A;N/A;N/A;N/A;N/A;N/A;N/A;N/A;N/A;No;N/A;N/A;N/A;N/A;N/A;N/A;N/A;N/A;N/A;N/A;N/A;N/A;N/A;N/A;N/A;N/A;N/A;No;Sí;N/A;N/A;N/A;N/A;N/A;N/A;N/A;N/A;N/A;N/A;N/A;N/A;N/A;N/A;N/A;N/A;N/A;N/A;N/A;N/A;N/A;N/A;N/A;N/A;N/A;N/A;N/A;N/A;N/A;N/A;N/A;N/A;Sí;Sí;Sí;No;N/A;Sí;N/A;N/A;N/A;N/A;Sí;No;No;Sí;N/A;N/A;Sí;Sí;Sí;Sí;Sí;Sí;Sí;No;No;N/A;Sí
Toyota;SW4;"2.8 Diesel";2017;"177000 km";;AGUSTÍN-;74900;;;;;Malvin;https://auto.mercadolibre.com.uy/MLU-645258341-toyota-sw4-_JM;N/A;;"Toyota Sw4";USD;Sí;silver;false;N/A;N/A;http://perfil.mercadolibre.com.uy/AGUST%C3%8DN-;active;N/A;N/A;Usado;Gris;N/A;Hidráulica;4x4;Sí;Sí;N/A;N/A;N/A;Sí;N/A;N/A;Sí;N/A;N/A;Sí;Sí;N/A;Sí;N/A;N/A;N/A;N/A;N/A;N/A;N/A;N/A;N/A;N/A;N/A;N/A;N/A;N/A;N/A;N/A;N/A;N/A;N/A;Sí;N/A;N/A;N/A;N/A;N/A;N/A;N/A;N/A;N/A;N/A;N/A;N/A;N/A;N/A;N/A;N/A;N/A;N/A;N/A;N/A;N/A;N/A;N/A;Sí;N/A;N/A;N/A;N/A;N/A;N/A;N/A;N/A;N/A;N/A;N/A;N/A;N/A;N/A;N/A;N/A;N/A;N/A;N/A;N/A;N/A;N/A;N/A;N/A;N/A;N/A;N/A;N/A;No;N/A;Sí;Sí;N/A;Sí;Sí;N/A;No;N/A;N/A;No;Sí;N/A;N/A;Sí;N/A;5;2.8;Diésel;Automática;Off-Road;"Autos y camionetas";N/A;N/A;N/A;N/A;N/A;N/A;N/A;N/A;N/A;N/A;N/A;N/A;N/A;N/A;N/A;N/A;N/A;N/A;N/A;N/A;N/A;N/A;N/A;N/A;Sí;N/A;N/A;N/A;N/A;N/A;N/A;N/A;N/A;N/A;N/A;N/A;N/A;N/A;N/A;N/A;N/A;N/A;N/A;N/A;N/A;N/A;N/A;N/A;N/A;N/A;N/A;N/A;N/A;N/A;N/A;N/A;N/A;N/A;N/A;N/A;N/A;N/A;N/A;N/A;N/A;N/A;N/A;N/A;N/A;N/A;N/A;N/A;N/A;N/A;N/A;N/A;N/A;N/A;N/A;N/A;N/A;N/A;N/A;N/A;N/A;N/A;N/A;N/A;N/A;N/A;N/A;N/A;N/A;N/A;N/A;No;Sí;Sí;Sí;N/A;Sí;N/A;N/A;N/A;N/A;Sí;Sí;Sí;Sí;N/A;N/A;Sí;Sí;Sí;Sí;Sí;Sí;No;No;Sí;N/A;Sí
Toyota;Hilux;"2.7 D.cab. Dx";2018;"113259 km";;APPOLONI-AUTOMOVILES;22800;;;;;"Nueva Helvecia";https://auto.mercadolibre.com.uy/MLU-645257849-toyota-hilux-dx-permuta-financiacion-_JM;N/A;;"Toyota Hilux Dx - Permuta - Financiación";usd;Sí;silver;false;N/A;N/A;http://perfil.mercadolibre.com.uy/APPOLONI-AUTOMOVILES;active;N/A;N/A;Usado;Blanco;N/A;Hidráulica;4x2;Sí;N/A;Sí;N/A;N/A;N/A;N/A;N/A;N/A;N/A;N/A;N/A;N/A;N/A;N/A;N/A;N/A;N/A;N/A;N/A;N/A;N/A;N/A;N/A;N/A;"2860 mm";"2.7 L";"80 L";5;N/A;N/A;N/A;N/A;N/A;N/A;N/A;N/A;N/A;N/A;N/A;N/A;N/A;N/A;N/A;N/A;N/A;N/A;N/A;N/A;N/A;N/A;N/A;N/A;N/A;N/A;N/A;N/A;N/A;N/A;N/A;N/A;N/A;N/A;N/A;N/A;N/A;N/A;N/A;N/A;N/A;N/A;N/A;N/A;N/A;"1850 mm";"5260 mm";N/A;N/A;N/A;N/A;5;"177 hp";Dx;N/A;2;"1855 mm";N/A;Sí;N/A;N/A;N/A;N/A;N/A;N/A;N/A;N/A;N/A;N/A;N/A;N/A;N/A;N/A;N/A;"L - V 8:30 a 12:00 - 14:00 a 18:30. Sab. 8:30 a 12:30";4;2.7;Nafta;Manual;Pick-Up;"Autos y camionetas";N/A;N/A;N/A;N/A;N/A;N/A;UY;N/A;N/A;N/A;N/A;N/A;N/A;N/A;N/A;N/A;N/A;N/A;N/A;N/A;N/A;N/A;N/A;N/A;N/A;N/A;N/A;N/A;N/A;N/A;N/A;N/A;N/A;N/A;N/A;N/A;N/A;N/A;N/A;N/A;N/A;N/A;N/A;N/A;N/A;N/A;N/A;N/A;N/A;N/A;N/A;N/A;N/A;N/A;N/A;N/A;N/A;N/A;N/A;N/A;N/A;N/A;N/A;N/A;N/A;N/A;N/A;N/A;N/A;N/A;N/A;N/A;N/A;N/A;N/A;N/A;N/A;N/A;N/A;N/A;N/A;N/A;N/A;N/A;N/A;N/A;N/A;N/A;N/A;N/A;N/A;N/A;N/A;N/A;N/A;N/A;N/A;N/A;N/A;N/A;N/A;N/A;N/A;N/A;N/A;N/A;N/A;N/A;N/A;N/A;N/A;N/A;Sí;N/A;Sí;N/A;N/A;N/A;Sí;Sí;N/A;N/A
Toyota;RAV4;"4x2 Hybrid";2018;"165993 km";;D.MORALESAUTOMOTORES;30900;;;;;"San Jacinto";https://auto.mercadolibre.com.uy/MLU-694333346-toyota-rav4-4x2-hybrid-25-2018-impecable-_JM;N/A;;"Toyota Rav4 4x2 Hybrid 2.5 2018 Impecable!";usd;Sí;silver;false;N/A;N/A;http://perfil.mercadolibre.com.uy/D.MORALESAUTOMOTORES;active;N/A;N/A;Usado;Bordó;Sí;Hidráulica;N/A;Sí;Sí;Sí;Sí;N/A;N/A;Sí;Sí;Sí;N/A;N/A;N/A;Sí;N/A;Sí;N/A;N/A;N/A;N/A;N/A;N/A;N/A;N/A;N/A;N/A;N/A;"2494 cc";N/A;N/A;N/A;N/A;N/A;N/A;N/A;N/A;Sí;N/A;N/A;N/A;N/A;N/A;N/A;N/A;N/A;N/A;N/A;N/A;N/A;N/A;N/A;N/A;N/A;N/A;N/A;N/A;N/A;N/A;N/A;N/A;N/A;N/A;N/A;N/A;N/A;N/A;N/A;N/A;N/A;N/A;N/A;N/A;N/A;N/A;N/A;N/A;N/A;N/A;N/A;N/A;N/A;N/A;"197 hp";Hybrid;N/A;N/A;N/A;N/A;N/A;N/A;N/A;Sí;Sí;N/A;Sí;Sí;Sí;N/A;N/A;N/A;N/A;N/A;N/A;Sí;"Lun. a Vie. de 9 a 18:30 hs. Sáb. de 9 a 12:30 hs";5;2.5;Nafta;Automática;SUV;"Autos y camionetas";No;N/A;N/A;N/A;No;N/A;UY;No;Sí;No;No;N/A;N/A;N/A;N/A;N/A;N/A;N/A;N/A;N/A;N/A;N/A;N/A;N/A;N/A;N/A;N/A;N/A;N/A;N/A;N/A;N/A;N/A;N/A;N/A;N/A;N/A;N/A;N/A;N/A;N/A;N/A;N/A;N/A;N/A;N/A;N/A;N/A;N/A;N/A;N/A;N/A;N/A;N/A;N/A;N/A;N/A;N/A;N/A;N/A;N/A;N/A;No;N/A;N/A;N/A;N/A;N/A;N/A;N/A;N/A;N/A;N/A;N/A;N/A;N/A;N/A;N/A;N/A;N/A;N/A;N/A;N/A;N/A;N/A;N/A;N/A;N/A;N/A;N/A;N/A;N/A;N/A;N/A;N/A;N/A;Sí;N/A;Sí;N/A;Sí;N/A;N/A;N/A;Sí;Sí;N/A;Sí;N/A;N/A;N/A;N/A;Sí;N/A;Sí;Sí;Sí;N/A;N/A;N/A;N/A;Sí
Toyota;"Rav4 Hybrid";S;2020;"69000 km";;"NORTE MOTORS";43500;;;;;Young;https://auto.mercadolibre.com.uy/MLU-695400942-toyota-rav4-hybrid-s-_JM;N/A;;"Toyota Rav4 Hybrid S";USD;Sí;silver;false;N/A;N/A;http://perfil.mercadolibre.com.uy/NORTE+MOTORS;active;N/A;N/A;Usado;Blanco;Sí;Asistida;4x2;Sí;Sí;N/A;N/A;N/A;Sí;N/A;N/A;No;N/A;N/A;Sí;Sí;N/A;Sí;N/A;N/A;N/A;N/A;N/A;N/A;N/A;N/A;N/A;N/A;N/A;N/A;N/A;N/A;N/A;N/A;N/A;N/A;N/A;No;N/A;N/A;N/A;N/A;N/A;N/A;N/A;N/A;N/A;N/A;N/A;N/A;N/A;N/A;N/A;N/A;N/A;N/A;N/A;N/A;N/A;N/A;N/A;Sí;N/A;N/A;N/A;N/A;N/A;N/A;N/A;N/A;N/A;N/A;N/A;N/A;N/A;N/A;N/A;N/A;N/A;N/A;N/A;N/A;N/A;N/A;N/A;N/A;N/A;N/A;N/A;N/A;Sí;N/A;Sí;Sí;N/A;Sí;Sí;N/A;No;N/A;N/A;No;Sí;N/A;N/A;Sí;N/A;5;2.5;Híbrido;"Automática secuencial";SUV;"Autos y camionetas";Sí;N/A;N/A;N/A;Sí;N/A;N/A;N/A;Sí;N/A;Sí;N/A;N/A;N/A;N/A;N/A;N/A;N/A;N/A;N/A;N/A;N/A;N/A;N/A;Sí;N/A;N/A;N/A;N/A;N/A;N/A;N/A;N/A;N/A;N/A;N/A;N/A;N/A;N/A;N/A;N/A;N/A;N/A;Sí;N/A;N/A;N/A;N/A;N/A;N/A;N/A;N/A;N/A;N/A;N/A;N/A;N/A;N/A;N/A;N/A;N/A;No;No;N/A;N/A;N/A;N/A;N/A;N/A;N/A;N/A;N/A;N/A;N/A;N/A;N/A;N/A;N/A;N/A;N/A;N/A;N/A;N/A;N/A;N/A;N/A;N/A;N/A;N/A;N/A;N/A;N/A;N/A;N/A;N/A;No;Sí;Sí;Sí;N/A;Sí;N/A;N/A;N/A;N/A;Sí;Sí;Sí;Sí;N/A;N/A;Sí;Sí;Sí;Sí;Sí;Sí;Sí;Sí;Sí;N/A;Sí
Toyota;Hilux;Srv;2013;"317300 km";;"OLIVERA AUTOMOTORES";31500;;;;;Salto;https://auto.mercadolibre.com.uy/MLU-646700583-toyota-hilux-srv-_JM;N/A;;"Toyota Hilux Srv ";usd;Sí;silver;false;N/A;N/A;http://perfil.mercadolibre.com.uy/OLIVERA+AUTOMOTORES;active;N/A;N/A;Usado;Blanco;N/A;Hidráulica;4x2;Sí;N/A;Sí;N/A;N/A;N/A;N/A;N/A;N/A;N/A;N/A;N/A;Sí;N/A;N/A;N/A;N/A;N/A;N/A;N/A;N/A;N/A;N/A;N/A;N/A;"2860 mm";"2.7 L";"80 L";5;N/A;N/A;N/A;N/A;N/A;N/A;N/A;N/A;N/A;N/A;N/A;N/A;N/A;N/A;N/A;N/A;N/A;N/A;N/A;N/A;N/A;N/A;N/A;N/A;N/A;N/A;N/A;N/A;N/A;N/A;N/A;N/A;N/A;N/A;N/A;N/A;N/A;N/A;N/A;N/A;N/A;N/A;N/A;N/A;N/A;"1860 mm";"5260 mm";N/A;N/A;N/A;N/A;5;"160 hp";Srv;N/A;4;"1855 mm";N/A;N/A;N/A;N/A;N/A;N/A;N/A;Sí;N/A;N/A;N/A;N/A;N/A;N/A;N/A;N/A;N/A;N/A;4;2.7;Diésel;Manual;Pick-Up;"Autos y camionetas";N/A;N/A;N/A;N/A;N/A;N/A;UY;N/A;Sí;N/A;N/A;N/A;N/A;N/A;N/A;N/A;N/A;N/A;N/A;N/A;N/A;N/A;N/A;N/A;N/A;N/A;N/A;N/A;N/A;N/A;N/A;N/A;N/A;N/A;N/A;N/A;N/A;N/A;N/A;N/A;N/A;N/A;N/A;N/A;N/A;N/A;N/A;N/A;N/A;N/A;N/A;N/A;N/A;N/A;N/A;N/A;N/A;N/A;N/A;N/A;N/A;N/A;N/A;N/A;N/A;N/A;N/A;N/A;N/A;N/A;N/A;N/A;N/A;N/A;N/A;N/A;N/A;N/A;N/A;N/A;N/A;N/A;N/A;N/A;N/A;N/A;N/A;N/A;N/A;N/A;N/A;N/A;N/A;N/A;N/A;N/A;N/A;N/A;Sí;N/A;N/A;N/A;N/A;N/A;N/A;Sí;N/A;N/A;N/A;N/A;N/A;N/A;Sí;N/A;Sí;Sí;N/A;N/A;N/A;Sí;N/A;Sí
Toyota;Hilux;"2.8 srv 4x4 CONQUEST";2024;"0 km";;"NORTE MOTORS";81490;;;;;Young;https://auto.mercadolibre.com.uy/MLU-676720910-toyota-hilux-28-srv-4x4-conquest-_JM;N/A;;"Toyota Hilux 2.8 Srv 4x4 Conquest";USD;Sí;silver;false;N/A;N/A;http://perfil.mercadolibre.com.uy/NORTE+MOTORS;active;N/A;N/A;Nuevo;Plateado;N/A;Hidráulica;4x4;Sí;Sí;N/A;N/A;N/A;Sí;N/A;N/A;Sí;N/A;N/A;Sí;Sí;N/A;No;N/A;N/A;N/A;N/A;N/A;N/A;N/A;N/A;N/A;N/A;N/A;N/A;N/A;N/A;N/A;N/A;N/A;N/A;N/A;Sí;N/A;N/A;N/A;N/A;N/A;N/A;N/A;N/A;N/A;N/A;N/A;N/A;N/A;N/A;N/A;N/A;N/A;N/A;N/A;N/A;N/A;N/A;N/A;No;N/A;N/A;N/A;N/A;N/A;N/A;N/A;N/A;N/A;N/A;N/A;N/A;N/A;N/A;N/A;N/A;N/A;N/A;N/A;N/A;N/A;N/A;N/A;N/A;N/A;N/A;N/A;N/A;Sí;N/A;Sí;Sí;N/A;Sí;Sí;N/A;No;N/A;N/A;No;No;N/A;N/A;No;N/A;4;2.8;Diésel;"Automática secuencial";Pick-Up;"Autos y camionetas";Sí;N/A;N/A;N/A;N/A;N/A;N/A;N/A;Sí;N/A;N/A;N/A;N/A;N/A;N/A;N/A;N/A;N/A;N/A;N/A;N/A;N/A;N/A;N/A;Sí;N/A;N/A;N/A;N/A;N/A;N/A;N/A;N/A;N/A;N/A;N/A;N/A;N/A;N/A;N/A;N/A;N/A;N/A;Sí;N/A;N/A;N/A;N/A;N/A;N/A;N/A;N/A;N/A;N/A;N/A;N/A;N/A;N/A;N/A;N/A;N/A;N/A;N/A;N/A;N/A;N/A;N/A;N/A;N/A;N/A;N/A;N/A;N/A;N/A;N/A;N/A;N/A;N/A;N/A;N/A;N/A;N/A;N/A;N/A;N/A;N/A;N/A;N/A;N/A;N/A;N/A;N/A;N/A;N/A;N/A;No;Sí;Sí;Sí;N/A;Sí;N/A;N/A;N/A;N/A;Sí;Sí;Sí;Sí;N/A;N/A;Sí;Sí;Sí;Sí;Sí;Sí;Sí;Sí;Sí;N/A;Sí
Toyota;"Corolla Cross";"1.8 Seg Hybrid E-cvt";2023;"0 km";;BINAGUYAUTOM0VILES;44990;;;;;"La Blanqueada";https://auto.mercadolibre.com.uy/MLU-701550730-corolla-cross-hybrid-xei-y-seg-reserve-hoy-financiacion-100-_JM;N/A;;"Corolla Cross Hybrid Xei Y Seg Reserve Hoy Financiacion 100%";usd;Sí;silver;false;N/A;N/A;http://perfil.mercadolibre.com.uy/BINAGUYAUTOM0VILES;active;N/A;N/A;Nuevo;Gris;N/A;Eléctrica;4x2;Sí;N/A;Sí;N/A;N/A;N/A;N/A;N/A;N/A;N/A;N/A;N/A;N/A;N/A;N/A;N/A;N/A;N/A;N/A;N/A;N/A;N/A;N/A;N/A;N/A;"2660 mm";"1.8 L";"60 L";5;N/A;N/A;N/A;N/A;N/A;N/A;N/A;N/A;N/A;N/A;N/A;N/A;N/A;N/A;N/A;N/A;N/A;N/A;N/A;N/A;N/A;N/A;N/A;N/A;N/A;N/A;N/A;N/A;N/A;N/A;N/A;N/A;N/A;N/A;N/A;N/A;N/A;N/A;N/A;N/A;N/A;N/A;N/A;N/A;N/A;"1715 mm";"4570 mm";N/A;N/A;N/A;N/A;5;"146 hp";Seg;N/A;4;"1845 mm";N/A;N/A;N/A;N/A;N/A;N/A;N/A;N/A;N/A;N/A;N/A;"10.9 km/l";N/A;N/A;N/A;N/A;N/A;"Lunes a Viernes de 9 a 18 30 hs";5;1.8;Híbrido;Automática;SUV;"Autos y camionetas";N/A;N/A;N/A;N/A;N/A;N/A;UY;N/A;N/A;N/A;N/A;N/A;N/A;N/A;N/A;N/A;N/A;N/A;N/A;N/A;N/A;N/A;N/A;N/A;N/A;N/A;N/A;N/A;N/A;N/A;N/A;N/A;N/A;N/A;N/A;N/A;N/A;N/A;N/A;N/A;N/A;N/A;N/A;N/A;N/A;N/A;N/A;N/A;N/A;N/A;N/A;N/A;N/A;N/A;N/A;N/A;N/A;N/A;N/A;N/A;N/A;N/A;N/A;N/A;N/A;N/A;N/A;N/A;N/A;N/A;N/A;N/A;N/A;N/A;N/A;N/A;N/A;N/A;N/A;N/A;N/A;N/A;N/A;N/A;N/A;N/A;N/A;N/A;N/A;N/A;N/A;N/A;N/A;N/A;N/A;N/A;N/A;N/A;N/A;N/A;N/A;N/A;N/A;N/A;N/A;N/A;N/A;N/A;N/A;N/A;N/A;N/A;Sí;N/A;Sí;N/A;N/A;N/A;N/A;Sí;N/A;N/A
Toyota;Hilux;"2.4 D.cab. T.dsl Dx";2023;"0 km";;"NORTE MOTORS";50490;;;;;Young;https://auto.mercadolibre.com.uy/MLU-672429352-toyota-hilux-dx-pick-up-4x2-_JM;N/A;;"Toyota Hilux Dx Pick Up 4x2";usd;Sí;silver;false;N/A;N/A;http://perfil.mercadolibre.com.uy/NORTE+MOTORS;active;N/A;N/A;Nuevo;Blanco;N/A;Hidráulica;4x2;Sí;N/A;Sí;N/A;N/A;N/A;N/A;N/A;N/A;N/A;N/A;N/A;N/A;N/A;N/A;N/A;N/A;N/A;N/A;N/A;N/A;N/A;N/A;N/A;N/A;"2860 mm";"2.4 L";"80 L";5;N/A;N/A;N/A;N/A;N/A;N/A;N/A;N/A;N/A;N/A;N/A;N/A;N/A;N/A;N/A;N/A;N/A;N/A;N/A;N/A;N/A;N/A;N/A;N/A;N/A;N/A;N/A;N/A;N/A;N/A;N/A;N/A;N/A;N/A;N/A;N/A;N/A;N/A;N/A;N/A;N/A;N/A;N/A;N/A;N/A;"1850 mm";"5260 mm";N/A;N/A;N/A;N/A;5;"150 hp";Dx;N/A;4;"1855 mm";"8.2 km/l";N/A;N/A;N/A;N/A;N/A;N/A;N/A;N/A;N/A;N/A;"6.3 km/l";N/A;N/A;N/A;N/A;N/A;N/A;4;2.4;Diésel;Manual;Pick-Up;"Autos y camionetas";N/A;N/A;N/A;N/A;N/A;N/A;UY;N/A;N/A;N/A;N/A;N/A;N/A;N/A;N/A;N/A;N/A;N/A;N/A;N/A;N/A;N/A;N/A;N/A;N/A;N/A;N/A;N/A;N/A;N/A;N/A;N/A;N/A;N/A;N/A;N/A;N/A;N/A;N/A;N/A;N/A;N/A;N/A;N/A;N/A;N/A;N/A;N/A;N/A;N/A;N/A;N/A;N/A;N/A;N/A;N/A;N/A;N/A;N/A;N/A;N/A;N/A;N/A;N/A;N/A;N/A;N/A;N/A;N/A;N/A;N/A;N/A;N/A;N/A;N/A;N/A;N/A;N/A;N/A;N/A;N/A;N/A;N/A;N/A;N/A;N/A;N/A;N/A;N/A;N/A;N/A;N/A;N/A;N/A;N/A;N/A;N/A;N/A;N/A;N/A;N/A;N/A;N/A;N/A;N/A;N/A;N/A;N/A;N/A;N/A;N/A;N/A;Sí;N/A;Sí;N/A;N/A;N/A;N/A;Sí;N/A;N/A
Toyota;"Corolla Cross";SEG;2025;"0 km";;"KAITAZOFF MOTORS.";44990;;;;;Malvin;https://auto.mercadolibre.com.uy/MLU-701425598-toyota-corolla-cross-seg-18-2025-0km-_JM;N/A;;"Toyota Corolla Cross Seg 1.8 2025 0km";USD;Sí;silver;false;N/A;N/A;http://perfil.mercadolibre.com.uy/KAITAZOFF+MOTORS.;active;N/A;N/A;Nuevo;Blanco;N/A;Eléctrica;N/A;Sí;Sí;Sí;Sí;N/A;N/A;Sí;Sí;Sí;Sí;N/A;Sí;Sí;N/A;N/A;N/A;N/A;N/A;N/A;N/A;N/A;N/A;N/A;N/A;N/A;N/A;"1800 cc";N/A;N/A;N/A;N/A;Sí;Sí;Sí;Sí;Sí;N/A;N/A;N/A;N/A;N/A;N/A;N/A;N/A;N/A;N/A;N/A;N/A;N/A;N/A;N/A;N/A;Sí;N/A;Sí;N/A;Sí;N/A;N/A;N/A;N/A;N/A;N/A;N/A;N/A;Sí;N/A;N/A;N/A;N/A;N/A;Sí;N/A;N/A;N/A;N/A;N/A;N/A;N/A;N/A;N/A;N/A;Seg;N/A;N/A;N/A;N/A;N/A;N/A;Sí;Sí;Sí;Sí;Sí;Sí;Sí;Sí;N/A;N/A;N/A;N/A;N/A;Sí;"Lun. a Vie. de 9 a 13 y 14 a 18:30 hs. Sáb. de 10 a 13 hs.";5;1.8;Híbrido;Automática;SUV;"Autos y camionetas";No;N/A;N/A;N/A;No;N/A;N/A;No;Sí;No;No;N/A;N/A;N/A;N/A;N/A;N/A;N/A;N/A;N/A;N/A;N/A;N/A;N/A;N/A;N/A;N/A;N/A;N/A;N/A;N/A;N/A;N/A;N/A;N/A;N/A;N/A;N/A;N/A;N/A;N/A;N/A;N/A;Sí;N/A;N/A;N/A;N/A;N/A;N/A;N/A;N/A;N/A;N/A;N/A;N/A;N/A;N/A;N/A;N/A;N/A;Sí;No;N/A;N/A;N/A;N/A;N/A;N/A;N/A;N/A;N/A;N/A;N/A;N/A;N/A;N/A;N/A;N/A;N/A;N/A;N/A;N/A;N/A;N/A;N/A;N/A;N/A;N/A;N/A;N/A;N/A;N/A;N/A;N/A;N/A;Sí;Sí;Sí;Sí;Sí;Sí;Sí;N/A;Sí;Sí;Sí;Sí;N/A;N/A;Sí;Sí;N/A;N/A;N/A;N/A;N/A;N/A;N/A;N/A;N/A;N/A
Toyota;"Corolla Cross";"1.8 Seg Hybrid E-cvt";2024;"0 km";;BINAGUYAUTOM0VILES;44990;;;;;"La Blanqueada";https://auto.mercadolibre.com.uy/MLU-676545102-corolla-cross-suv-hibrido-0-km-permuto-financio-100-_JM;N/A;;"Corolla Cross Suv Hibrido 0 K.m. Permuto Financio 100% ";usd;Sí;silver;false;N/A;N/A;http://perfil.mercadolibre.com.uy/BINAGUYAUTOM0VILES;active;N/A;N/A;Nuevo;Gris;N/A;Eléctrica;4x2;Sí;N/A;Sí;N/A;N/A;N/A;N/A;N/A;N/A;N/A;N/A;N/A;N/A;N/A;N/A;N/A;N/A;N/A;N/A;N/A;N/A;N/A;N/A;N/A;N/A;"2660 mm";"1.8 L";"60 L";5;N/A;N/A;N/A;N/A;N/A;N/A;N/A;N/A;N/A;N/A;N/A;N/A;N/A;N/A;N/A;N/A;N/A;N/A;N/A;N/A;N/A;N/A;N/A;N/A;N/A;N/A;N/A;N/A;N/A;N/A;N/A;N/A;N/A;N/A;N/A;N/A;N/A;N/A;N/A;N/A;N/A;N/A;N/A;N/A;N/A;"1715 mm";"4570 mm";N/A;N/A;N/A;N/A;5;"146 hp";Seg;N/A;4;"1845 mm";N/A;N/A;N/A;N/A;N/A;N/A;N/A;N/A;N/A;N/A;N/A;"10.9 km/l";N/A;N/A;N/A;N/A;N/A;"Lunes a Viernes 9 a 18 30 hs";5;1.8;Híbrido;Automática;SUV;"Autos y camionetas";N/A;N/A;N/A;N/A;N/A;N/A;UY;N/A;N/A;N/A;N/A;N/A;N/A;N/A;N/A;N/A;N/A;N/A;N/A;N/A;N/A;N/A;N/A;N/A;N/A;N/A;N/A;N/A;N/A;N/A;N/A;N/A;N/A;N/A;N/A;N/A;N/A;N/A;N/A;N/A;N/A;N/A;N/A;N/A;N/A;N/A;N/A;N/A;N/A;N/A;N/A;N/A;N/A;N/A;N/A;N/A;N/A;N/A;N/A;N/A;N/A;N/A;N/A;N/A;N/A;N/A;N/A;N/A;N/A;N/A;N/A;N/A;N/A;N/A;N/A;N/A;N/A;N/A;N/A;N/A;N/A;N/A;N/A;N/A;N/A;N/A;N/A;N/A;N/A;N/A;N/A;N/A;N/A;N/A;N/A;N/A;N/A;N/A;N/A;N/A;N/A;N/A;N/A;N/A;N/A;N/A;N/A;N/A;N/A;N/A;N/A;N/A;Sí;N/A;Sí;N/A;N/A;N/A;N/A;Sí;N/A;N/A
Toyota;"Corolla Cross";"1.8 Xei Hybrid E-cvt";2024;"0 km";;AUTOAGROO;40990;;;;;Mercedes;https://auto.mercadolibre.com.uy/MLU-697337580-toyota-corolla-cross-xei-_JM;N/A;;"Toyota Corolla Cross Xei";usd;Sí;silver;false;N/A;N/A;http://perfil.mercadolibre.com.uy/AUTOAGROO;active;N/A;N/A;Nuevo;Blanco;N/A;Eléctrica;4x2;Sí;N/A;Sí;N/A;N/A;N/A;N/A;N/A;N/A;N/A;N/A;N/A;N/A;N/A;N/A;N/A;N/A;N/A;N/A;N/A;N/A;N/A;N/A;N/A;N/A;"2660 mm";"1.8 L";"60 L";5;N/A;N/A;N/A;N/A;N/A;N/A;N/A;N/A;N/A;N/A;N/A;N/A;N/A;N/A;N/A;N/A;N/A;N/A;N/A;N/A;N/A;N/A;N/A;N/A;N/A;N/A;N/A;N/A;N/A;N/A;N/A;N/A;N/A;N/A;N/A;N/A;N/A;N/A;N/A;N/A;N/A;N/A;N/A;N/A;N/A;"1715 mm";"4570 mm";N/A;N/A;N/A;N/A;5;"146 hp";Xei;N/A;4;"1845 mm";N/A;N/A;N/A;N/A;N/A;N/A;N/A;N/A;N/A;N/A;N/A;"10.9 km/l";N/A;N/A;N/A;N/A;N/A;"Lunes a Viernes de 9hs a 12hs y 14hs a 18hs";5;1.8;Híbrido;Automática;SUV;"Autos y camionetas";N/A;N/A;N/A;N/A;N/A;N/A;UY;N/A;N/A;N/A;N/A;N/A;N/A;N/A;N/A;N/A;N/A;N/A;N/A;N/A;N/A;N/A;N/A;N/A;N/A;N/A;N/A;N/A;N/A;N/A;N/A;N/A;N/A;N/A;N/A;N/A;N/A;N/A;N/A;N/A;N/A;N/A;N/A;N/A;N/A;N/A;N/A;N/A;N/A;N/A;N/A;N/A;N/A;N/A;N/A;N/A;N/A;N/A;N/A;N/A;N/A;N/A;N/A;N/A;N/A;N/A;N/A;N/A;N/A;N/A;N/A;N/A;N/A;N/A;N/A;N/A;N/A;N/A;N/A;N/A;N/A;N/A;N/A;N/A;N/A;N/A;N/A;N/A;N/A;N/A;N/A;N/A;N/A;N/A;N/A;N/A;N/A;N/A;N/A;N/A;N/A;N/A;N/A;N/A;N/A;N/A;N/A;N/A;N/A;N/A;N/A;N/A;Sí;N/A;Sí;N/A;N/A;N/A;N/A;Sí;N/A;N/A
Toyota;Hilux;"4X2 SR A/A";2010;"275200 km";;HILTON_MOTORS;18300;;;;;Centro;https://auto.mercadolibre.com.uy/MLU-695210870-toyota-hilux-4x2-sr-ano-2010-hilton-motors-co-_JM;N/A;;"Toyota Hilux 4x2 Sr Año 2010 - Hilton Motors Co.";USD;Sí;silver;false;N/A;N/A;http://perfil.mercadolibre.com.uy/HILTON_MOTORS;active;N/A;N/A;Usado;Blanco;N/A;Mecánica;4x2;N/A;N/A;N/A;N/A;N/A;N/A;N/A;N/A;N/A;N/A;N/A;N/A;N/A;N/A;N/A;N/A;N/A;N/A;N/A;N/A;N/A;N/A;N/A;N/A;N/A;N/A;N/A;N/A;N/A;N/A;N/A;N/A;N/A;N/A;N/A;N/A;N/A;N/A;N/A;N/A;N/A;N/A;N/A;N/A;N/A;N/A;N/A;N/A;N/A;N/A;N/A;N/A;N/A;N/A;N/A;N/A;N/A;N/A;N/A;N/A;N/A;N/A;N/A;N/A;N/A;N/A;N/A;N/A;N/A;N/A;N/A;N/A;N/A;N/A;N/A;N/A;N/A;N/A;N/A;N/A;N/A;N/A;N/A;N/A;N/A;N/A;N/A;N/A;N/A;N/A;N/A;N/A;N/A;N/A;N/A;N/A;N/A;N/A;N/A;N/A;N/A;N/A;N/A;"Lunes a Viernes de 9 a 18hs";4;2.7;Nafta;Manual;Pick-Up;"Autos y camionetas";N/A;N/A;N/A;N/A;N/A;N/A;N/A;N/A;N/A;N/A;N/A;N/A;N/A;N/A;N/A;N/A;N/A;N/A;N/A;N/A;N/A;N/A;N/A;N/A;N/A;N/A;N/A;N/A;N/A;N/A;N/A;N/A;N/A;N/A;N/A;N/A;N/A;N/A;N/A;N/A;N/A;N/A;N/A;N/A;N/A;N/A;N/A;N/A;N/A;N/A;N/A;N/A;N/A;N/A;N/A;N/A;N/A;N/A;N/A;N/A;N/A;N/A;N/A;N/A;N/A;N/A;N/A;N/A;N/A;N/A;N/A;N/A;N/A;N/A;N/A;N/A;N/A;N/A;N/A;N/A;N/A;N/A;N/A;N/A;N/A;N/A;N/A;N/A;N/A;N/A;N/A;N/A;N/A;N/A;N/A;N/A;N/A;N/A;N/A;N/A;N/A;N/A;N/A;N/A;N/A;N/A;N/A;N/A;N/A;N/A;N/A;N/A;N/A;N/A;N/A;N/A;N/A;N/A;N/A;N/A;N/A;N/A
Toyota;Hilux;"2.4 P.up T.diesel Dx";2022;"75000 km";;"ETCHENIQUE AUTOMÓVILES";37900;;;;;Centro;https://auto.mercadolibre.com.uy/MLU-646738809-toyota-hilux-dx-24-diesel-4x2-unico-dueno-excelente-estado-_JM;N/A;;"Toyota Hilux Dx 2.4 Diesel 4x2 Unico Dueño Excelente Estado";usd;Sí;silver;false;N/A;N/A;http://perfil.mercadolibre.com.uy/ETCHENIQUE+AUTOM%C3%93VILES;active;N/A;N/A;Usado;Blanco;Sí;Hidráulica;4x2;Sí;Sí;N/A;N/A;N/A;N/A;N/A;N/A;N/A;N/A;N/A;N/A;Sí;N/A;N/A;N/A;N/A;N/A;N/A;N/A;N/A;N/A;N/A;N/A;N/A;"2860 mm";"2.4 L";"80 L";5;N/A;N/A;N/A;N/A;N/A;N/A;N/A;N/A;N/A;N/A;N/A;N/A;N/A;N/A;N/A;N/A;N/A;N/A;N/A;N/A;N/A;N/A;N/A;N/A;N/A;N/A;N/A;N/A;N/A;N/A;N/A;N/A;N/A;N/A;N/A;N/A;N/A;N/A;N/A;N/A;N/A;N/A;N/A;N/A;N/A;"1850 mm";"5260 mm";N/A;N/A;N/A;N/A;5;"150 hp";Dx;N/A;4;"1855 mm";"8.2 km/l";N/A;N/A;N/A;Sí;N/A;Sí;N/A;N/A;N/A;N/A;"6.3 km/l";N/A;N/A;N/A;N/A;N/A;"Lunes a Viernes de 9:00 a 19:00 y Sábados de 9:00 a 13:00hs.";4;2.4;Diésel;Manual;Pick-Up;"Autos y camionetas";N/A;N/A;N/A;N/A;N/A;N/A;UY;N/A;Sí;N/A;N/A;N/A;N/A;N/A;N/A;N/A;N/A;N/A;N/A;N/A;N/A;N/A;N/A;N/A;N/A;N/A;N/A;N/A;N/A;N/A;N/A;N/A;N/A;N/A;N/A;N/A;N/A;N/A;N/A;N/A;N/A;N/A;N/A;N/A;N/A;N/A;N/A;N/A;N/A;N/A;N/A;N/A;N/A;N/A;N/A;N/A;N/A;N/A;N/A;N/A;N/A;N/A;N/A;N/A;N/A;N/A;N/A;N/A;N/A;N/A;N/A;N/A;N/A;N/A;N/A;N/A;N/A;N/A;N/A;N/A;N/A;N/A;N/A;N/A;N/A;N/A;N/A;N/A;N/A;N/A;N/A;N/A;N/A;N/A;N/A;N/A;Sí;N/A;N/A;N/A;Sí;N/A;N/A;N/A;N/A;Sí;N/A;N/A;N/A;N/A;N/A;N/A;Sí;N/A;Sí;N/A;Sí;N/A;N/A;Sí;N/A;Sí
Toyota;Corolla;"Hybrid SEG";2020;"70000 km";;CHIQUIAR_AUTOMOTORES;30990;;;;;Pando;https://auto.mercadolibre.com.uy/MLU-700694908-toyota-corolla-hybrid-seg-2020-impecable-permutofinancio-_JM;N/A;;"Toyota Corolla Hybrid Seg 2020 Impecable! Permuto/financio";USD;Sí;silver;false;N/A;N/A;http://perfil.mercadolibre.com.uy/CHIQUIAR_AUTOMOTORES;active;N/A;N/A;Usado;Blanco;N/A;Eléctrica;N/A;Sí;Sí;Sí;Sí;Sí;N/A;Sí;Sí;Sí;Sí;Sí;Sí;Sí;N/A;Sí;N/A;N/A;N/A;N/A;N/A;N/A;N/A;N/A;N/A;N/A;N/A;"1798 cc";N/A;N/A;N/A;N/A;Sí;Sí;Sí;Sí;N/A;N/A;N/A;N/A;N/A;N/A;N/A;N/A;N/A;N/A;N/A;N/A;N/A;N/A;N/A;N/A;N/A;Sí;N/A;Sí;N/A;Sí;N/A;N/A;N/A;N/A;N/A;N/A;N/A;N/A;Sí;N/A;N/A;N/A;N/A;N/A;Sí;N/A;N/A;N/A;N/A;N/A;N/A;N/A;N/A;N/A;N/A;Se-g;N/A;N/A;N/A;"20 km/l";N/A;N/A;Sí;Sí;Sí;Sí;Sí;Sí;N/A;N/A;"23 km/l";N/A;N/A;N/A;N/A;N/A;"Lun. a Vie. de 9 a 12 y 13 a 18 hs. Sáb. de 9 a 12 hs";4;1.8;Híbrido;Automática;Sedán;"Autos y camionetas";No;N/A;N/A;N/A;No;N/A;N/A;No;Sí;No;No;N/A;N/A;N/A;N/A;N/A;N/A;N/A;N/A;N/A;N/A;N/A;N/A;N/A;N/A;N/A;N/A;N/A;N/A;N/A;N/A;N/A;N/A;N/A;N/A;N/A;N/A;N/A;N/A;N/A;N/A;N/A;N/A;N/A;N/A;N/A;N/A;N/A;N/A;N/A;N/A;N/A;N/A;N/A;N/A;N/A;N/A;N/A;N/A;N/A;N/A;N/A;No;N/A;N/A;N/A;N/A;N/A;N/A;N/A;N/A;N/A;N/A;N/A;N/A;N/A;N/A;N/A;N/A;N/A;N/A;N/A;N/A;N/A;N/A;N/A;N/A;N/A;N/A;N/A;N/A;N/A;N/A;N/A;N/A;N/A;Sí;Sí;Sí;N/A;Sí;Sí;Sí;N/A;Sí;Sí;Sí;Sí;N/A;N/A;Sí;Sí;Sí;N/A;Sí;Sí;Sí;N/A;N/A;N/A;N/A;Sí
Toyota;Hilux;"3.0 Tdi Srv Cab Doble At 4x4 Cuero";2008;"278000 km";;"FULLCARS AUTOMOVILES";27900;;;;;Juanicó;https://auto.mercadolibre.com.uy/MLU-700599348-toyota-hilux-fullcars-_JM;N/A;;"Toyota Hilux Fullcars";usd;Sí;silver;false;N/A;N/A;http://perfil.mercadolibre.com.uy/FULLCARS+AUTOMOVILES;active;N/A;N/A;Usado;Gris;N/A;Hidráulica;4x4;Sí;N/A;Sí;N/A;N/A;N/A;N/A;N/A;N/A;N/A;N/A;N/A;N/A;N/A;N/A;N/A;N/A;N/A;N/A;N/A;N/A;N/A;N/A;N/A;N/A;"2860 mm";"3 L";"80 L";4;N/A;N/A;N/A;N/A;N/A;N/A;N/A;N/A;N/A;N/A;N/A;N/A;N/A;N/A;N/A;N/A;N/A;N/A;N/A;N/A;N/A;N/A;N/A;N/A;N/A;N/A;N/A;N/A;N/A;N/A;N/A;N/A;N/A;N/A;N/A;N/A;N/A;N/A;N/A;N/A;N/A;N/A;N/A;N/A;N/A;"1820 mm";"5255 mm";N/A;N/A;N/A;N/A;5;"163 hp";Srv;N/A;4;"1855 mm";N/A;Sí;N/A;N/A;N/A;N/A;N/A;Sí;N/A;N/A;N/A;N/A;N/A;N/A;N/A;N/A;N/A;N/A;4;3.0;Diésel;Automática;Pick-Up;"Autos y camionetas";N/A;N/A;N/A;N/A;N/A;N/A;UY;N/A;N/A;N/A;N/A;N/A;N/A;N/A;N/A;N/A;N/A;N/A;N/A;N/A;N/A;N/A;N/A;N/A;N/A;N/A;N/A;N/A;N/A;N/A;N/A;N/A;N/A;N/A;N/A;N/A;N/A;N/A;N/A;N/A;N/A;N/A;N/A;N/A;N/A;N/A;N/A;N/A;N/A;N/A;N/A;N/A;N/A;N/A;N/A;N/A;N/A;N/A;N/A;N/A;N/A;N/A;N/A;N/A;N/A;N/A;N/A;N/A;N/A;N/A;N/A;N/A;N/A;N/A;N/A;N/A;N/A;N/A;N/A;N/A;N/A;N/A;N/A;N/A;N/A;N/A;N/A;N/A;N/A;N/A;N/A;N/A;N/A;N/A;N/A;N/A;N/A;N/A;N/A;N/A;N/A;N/A;N/A;N/A;N/A;N/A;N/A;N/A;N/A;N/A;N/A;N/A;Sí;N/A;Sí;N/A;N/A;N/A;N/A;N/A;N/A;N/A
Toyota;Sienna;"Xle At";2011;"198000 km";;"SOLANAS MOTORS";29000;;;;;"P. Ballena";https://auto.mercadolibre.com.uy/MLU-700574208-toyota-sienna-_JM;N/A;;"Toyota Sienna";usd;Sí;silver;false;N/A;N/A;http://perfil.mercadolibre.com.uy/SOLANAS+MOTORS;active;N/A;N/A;Usado;Gris;N/A;Hidráulica;Delantera;Sí;N/A;N/A;N/A;N/A;N/A;N/A;N/A;N/A;N/A;N/A;N/A;N/A;N/A;N/A;N/A;N/A;N/A;N/A;N/A;N/A;N/A;N/A;N/A;N/A;N/A;"3.5 L";N/A;N/A;N/A;N/A;N/A;N/A;N/A;N/A;N/A;N/A;N/A;N/A;N/A;N/A;N/A;N/A;N/A;N/A;N/A;N/A;N/A;N/A;N/A;N/A;N/A;N/A;N/A;N/A;N/A;N/A;N/A;N/A;N/A;N/A;N/A;N/A;N/A;N/A;N/A;N/A;N/A;N/A;N/A;N/A;N/A;N/A;N/A;N/A;N/A;N/A;N/A;N/A;N/A;5;N/A;Xle;N/A;N/A;N/A;N/A;N/A;N/A;N/A;N/A;N/A;N/A;N/A;N/A;N/A;N/A;N/A;N/A;N/A;N/A;N/A;N/A;"Lunes a domingos de 9 a 18";5;3.5;Nafta;Automática;SUV;"Autos y camionetas";N/A;N/A;N/A;N/A;N/A;N/A;UY;N/A;N/A;N/A;N/A;N/A;N/A;N/A;N/A;N/A;N/A;N/A;N/A;N/A;N/A;N/A;N/A;N/A;N/A;N/A;N/A;N/A;N/A;N/A;N/A;N/A;N/A;N/A;N/A;N/A;N/A;N/A;N/A;N/A;N/A;N/A;N/A;N/A;N/A;N/A;N/A;N/A;N/A;N/A;N/A;N/A;N/A;N/A;N/A;N/A;N/A;N/A;N/A;N/A;N/A;N/A;N/A;N/A;N/A;N/A;N/A;N/A;N/A;N/A;N/A;N/A;N/A;N/A;N/A;N/A;N/A;N/A;N/A;N/A;N/A;N/A;N/A;N/A;N/A;N/A;N/A;N/A;N/A;N/A;N/A;N/A;N/A;N/A;N/A;N/A;N/A;N/A;N/A;N/A;N/A;N/A;N/A;N/A;N/A;N/A;N/A;N/A;N/A;N/A;N/A;N/A;N/A;N/A;Sí;N/A;N/A;N/A;N/A;N/A;N/A;N/A
Toyota;Yaris;"XLS AT";2024;"0 km";;"KAITAZOFF MOTORS.";26990;;;;;Malvin;https://auto.mercadolibre.com.uy/MLU-670752220-toyota-yaris-xls-at-15-2024-0km-_JM;N/A;;"Toyota Yaris Xls At 1.5 2024 0km";USD;Sí;silver;false;N/A;N/A;http://perfil.mercadolibre.com.uy/KAITAZOFF+MOTORS.;active;N/A;N/A;Nuevo;"Gris oscuro";N/A;Eléctrica;N/A;Sí;Sí;Sí;N/A;Sí;N/A;Sí;Sí;Sí;Sí;N/A;Sí;Sí;N/A;Sí;N/A;N/A;N/A;N/A;N/A;N/A;N/A;N/A;N/A;N/A;N/A;"1500 cc";N/A;7;N/A;N/A;Sí;Sí;Sí;N/A;N/A;N/A;N/A;N/A;N/A;N/A;N/A;N/A;N/A;N/A;N/A;N/A;N/A;N/A;N/A;N/A;N/A;Sí;N/A;Sí;N/A;N/A;N/A;N/A;N/A;N/A;N/A;N/A;N/A;N/A;Sí;N/A;N/A;N/A;N/A;N/A;Sí;N/A;N/A;N/A;N/A;N/A;N/A;N/A;N/A;N/A;"107 hp";N/A;N/A;N/A;N/A;N/A;N/A;N/A;Sí;Sí;Sí;Sí;Sí;Sí;N/A;Sí;N/A;N/A;N/A;N/A;N/A;Sí;"Lun. a Vie. de 9 a 13 y 14 a 18:30 hs. Sáb. de 10 a 13 hs.";5;1.5;Nafta;Automática;Hatchback;"Autos y camionetas";No;N/A;N/A;N/A;No;N/A;N/A;No;Sí;No;No;N/A;N/A;N/A;N/A;N/A;N/A;N/A;N/A;N/A;N/A;N/A;N/A;N/A;N/A;N/A;N/A;N/A;N/A;N/A;N/A;N/A;N/A;N/A;N/A;N/A;N/A;N/A;N/A;N/A;N/A;N/A;N/A;Sí;N/A;N/A;N/A;N/A;N/A;N/A;N/A;N/A;N/A;N/A;N/A;N/A;N/A;N/A;N/A;N/A;N/A;Sí;No;N/A;N/A;N/A;N/A;N/A;N/A;N/A;N/A;N/A;N/A;N/A;N/A;N/A;N/A;N/A;N/A;N/A;N/A;N/A;N/A;N/A;N/A;N/A;N/A;N/A;N/A;N/A;N/A;N/A;N/A;N/A;N/A;N/A;Sí;Sí;Sí;Sí;Sí;Sí;Sí;N/A;Sí;Sí;Sí;Sí;N/A;N/A;Sí;Sí;N/A;N/A;Sí;Sí;Sí;N/A;N/A;N/A;N/A;Sí
Toyota;Hilux;"srv 3.0cc";2017;"150000 km";;FEAU20240223100245;49800;;;;;Maldonado;https://auto.mercadolibre.com.uy/MLU-696643370-toyota-hilux-srv-4x4-at-30cc-_JM;N/A;;"Toyota Hilux Srv 4x4 At 3.0cc";USD;Sí;silver;false;N/A;N/A;http://perfil.mercadolibre.com.uy/FEAU20240223100245;active;N/A;N/A;Usado;Blanco;N/A;Hidráulica;4x4;N/A;N/A;N/A;N/A;N/A;N/A;N/A;N/A;N/A;N/A;N/A;N/A;N/A;N/A;N/A;N/A;N/A;N/A;N/A;N/A;N/A;N/A;N/A;N/A;N/A;N/A;N/A;N/A;N/A;N/A;N/A;N/A;N/A;N/A;N/A;N/A;N/A;N/A;N/A;N/A;N/A;N/A;N/A;N/A;N/A;N/A;N/A;N/A;N/A;N/A;N/A;N/A;N/A;N/A;N/A;N/A;N/A;N/A;N/A;N/A;N/A;N/A;N/A;N/A;N/A;N/A;N/A;N/A;N/A;N/A;N/A;N/A;N/A;N/A;N/A;N/A;N/A;N/A;N/A;N/A;N/A;N/A;N/A;N/A;N/A;N/A;N/A;N/A;N/A;N/A;N/A;N/A;N/A;N/A;N/A;N/A;N/A;N/A;N/A;N/A;N/A;N/A;N/A;"24 hs";4;3.0;Diésel;Automática;N/A;"Autos y camionetas";N/A;N/A;N/A;N/A;N/A;N/A;N/A;N/A;N/A;N/A;N/A;N/A;N/A;N/A;N/A;N/A;N/A;N/A;N/A;N/A;N/A;N/A;N/A;N/A;N/A;N/A;N/A;N/A;N/A;N/A;N/A;N/A;N/A;N/A;N/A;N/A;N/A;N/A;N/A;N/A;N/A;N/A;N/A;N/A;N/A;N/A;N/A;N/A;N/A;N/A;N/A;N/A;N/A;N/A;N/A;N/A;N/A;N/A;N/A;N/A;N/A;N/A;N/A;N/A;N/A;N/A;N/A;N/A;N/A;N/A;N/A;N/A;N/A;N/A;N/A;N/A;N/A;N/A;N/A;N/A;N/A;N/A;N/A;N/A;N/A;N/A;N/A;N/A;N/A;N/A;N/A;N/A;N/A;N/A;N/A;N/A;N/A;N/A;N/A;N/A;N/A;N/A;N/A;N/A;N/A;N/A;N/A;N/A;N/A;N/A;N/A;N/A;N/A;N/A;N/A;N/A;N/A;N/A;N/A;N/A;N/A;N/A
Toyota;Hilux;"3.0 Tdi Sr Cab Doble 4x2 Doble Airbag";2008;"320000 km";;DANELLOSERGIO;15000;;;;;Maroñas;https://auto.mercadolibre.com.uy/MLU-696656362-toyota-hilux-ano-2008-30-diesel-full-15000-dolares-_JM;N/A;;"Toyota Hilux Año 2008 3.0 Diesel Full 15000 Dolares";usd;Sí;silver;false;N/A;N/A;http://perfil.mercadolibre.com.uy/DANELLOSERGIO;active;N/A;N/A;Usado;Blanco;N/A;Hidráulica;4x2;Sí;N/A;Sí;N/A;N/A;N/A;N/A;N/A;N/A;N/A;N/A;N/A;N/A;N/A;N/A;N/A;N/A;N/A;N/A;N/A;N/A;N/A;N/A;N/A;N/A;"2860 mm";"3 L";"80 L";5;N/A;N/A;N/A;N/A;N/A;N/A;N/A;N/A;N/A;N/A;N/A;N/A;N/A;N/A;N/A;N/A;N/A;N/A;N/A;N/A;N/A;N/A;N/A;N/A;N/A;N/A;N/A;N/A;N/A;N/A;N/A;N/A;N/A;N/A;N/A;N/A;N/A;N/A;N/A;N/A;N/A;N/A;N/A;N/A;N/A;"1820 mm";"5255 mm";N/A;N/A;N/A;N/A;5;"163 hp";Sr;N/A;4;"1855 mm";N/A;N/A;N/A;N/A;N/A;N/A;N/A;N/A;N/A;N/A;N/A;N/A;N/A;N/A;N/A;N/A;N/A;"TODO EL DIA";4;3.0;Diésel;Manual;Pick-Up;"Autos y camionetas";N/A;N/A;N/A;N/A;N/A;N/A;UY;N/A;N/A;N/A;N/A;N/A;N/A;N/A;N/A;N/A;N/A;N/A;N/A;N/A;N/A;N/A;N/A;N/A;N/A;N/A;N/A;N/A;N/A;N/A;N/A;N/A;N/A;N/A;N/A;N/A;N/A;N/A;N/A;N/A;N/A;N/A;N/A;N/A;N/A;N/A;N/A;N/A;N/A;N/A;N/A;N/A;N/A;N/A;N/A;N/A;N/A;N/A;N/A;N/A;N/A;N/A;N/A;N/A;N/A;N/A;N/A;N/A;N/A;N/A;N/A;N/A;N/A;N/A;N/A;N/A;N/A;N/A;N/A;N/A;N/A;N/A;N/A;N/A;N/A;N/A;N/A;N/A;N/A;N/A;N/A;N/A;N/A;N/A;N/A;N/A;N/A;N/A;N/A;N/A;N/A;N/A;N/A;N/A;N/A;N/A;N/A;N/A;N/A;N/A;N/A;N/A;N/A;N/A;Sí;N/A;N/A;N/A;N/A;N/A;N/A;N/A
Toyota;Raize;"1.2 Gl Mt";2024;"0 km";;"AUTOMOTORA AUTOBOULEVARD.";24990;;;;;"Tres Cruces";https://auto.mercadolibre.com.uy/MLU-695774956-toyota-raize-gl-manual-0-km-_JM;N/A;;"_toyota Raize Gl Manual 0 Km";usd;Sí;silver;false;N/A;N/A;http://perfil.mercadolibre.com.uy/AUTOMOTORA+AUTOBOULEVARD.;active;N/A;N/A;Nuevo;Blanco;N/A;N/A;Delantera;N/A;N/A;N/A;N/A;N/A;N/A;N/A;N/A;N/A;N/A;N/A;N/A;N/A;N/A;N/A;N/A;N/A;N/A;N/A;N/A;N/A;N/A;N/A;N/A;N/A;N/A;"1.2 L";N/A;5;N/A;N/A;N/A;N/A;N/A;N/A;N/A;N/A;N/A;N/A;N/A;N/A;N/A;N/A;N/A;N/A;N/A;N/A;N/A;N/A;N/A;N/A;N/A;N/A;N/A;N/A;N/A;N/A;N/A;N/A;N/A;N/A;N/A;N/A;N/A;N/A;N/A;N/A;N/A;N/A;N/A;N/A;N/A;N/A;N/A;"1630 mm";"4030 mm";N/A;N/A;N/A;N/A;5;"87 hp";Gl;N/A;4;"1710 mm";N/A;N/A;N/A;N/A;N/A;N/A;N/A;N/A;N/A;N/A;N/A;N/A;N/A;N/A;N/A;N/A;N/A;"L A V 9 A 19 HS";5;1.2;Nafta;Manual;SUV;"Autos y camionetas";N/A;N/A;N/A;N/A;N/A;N/A;UY;N/A;N/A;N/A;N/A;N/A;N/A;N/A;N/A;N/A;N/A;N/A;N/A;N/A;N/A;N/A;N/A;N/A;N/A;N/A;N/A;N/A;N/A;N/A;N/A;N/A;N/A;N/A;N/A;N/A;N/A;N/A;N/A;N/A;N/A;N/A;N/A;N/A;N/A;N/A;N/A;N/A;N/A;N/A;N/A;N/A;N/A;N/A;N/A;N/A;N/A;N/A;N/A;N/A;N/A;N/A;N/A;N/A;N/A;N/A;N/A;N/A;N/A;N/A;N/A;N/A;N/A;N/A;N/A;N/A;N/A;N/A;N/A;N/A;N/A;N/A;N/A;N/A;N/A;N/A;N/A;N/A;N/A;N/A;N/A;N/A;N/A;N/A;N/A;N/A;N/A;N/A;N/A;N/A;N/A;N/A;N/A;N/A;N/A;N/A;N/A;N/A;N/A;N/A;N/A;N/A;N/A;N/A;N/A;N/A;N/A;N/A;N/A;N/A;N/A;N/A
Toyota;Prius;"1.5 C Hibrido At";2019;"65000 km";;"AMAYA FABIANDASILVA";20900;;;;;"Barra de Carrasco";https://auto.mercadolibre.com.uy/MLU-691217052-toyota-prius-2019-15-c-hibrido-at-_JM;N/A;;"Toyota Prius 2019 1.5 C Hibrido At";usd;Sí;silver;false;N/A;N/A;http://perfil.mercadolibre.com.uy/AMAYA+FABIANDASILVA;active;N/A;N/A;Usado;Plateado;N/A;Hidráulica;Delantera;Sí;N/A;N/A;N/A;N/A;N/A;N/A;N/A;N/A;N/A;N/A;N/A;N/A;N/A;N/A;N/A;N/A;N/A;N/A;N/A;N/A;N/A;N/A;N/A;N/A;"2700 mm";"1.5 L";"43 L";N/A;N/A;N/A;N/A;N/A;N/A;N/A;N/A;N/A;N/A;N/A;N/A;N/A;N/A;N/A;N/A;N/A;N/A;N/A;N/A;N/A;N/A;N/A;N/A;N/A;N/A;N/A;N/A;N/A;N/A;N/A;N/A;N/A;N/A;Sí;Sí;N/A;N/A;N/A;N/A;N/A;N/A;N/A;N/A;N/A;N/A;"1490 mm";"4540 mm";N/A;N/A;N/A;N/A;5;"36 hp";N/A;N/A;4;"1760 mm";N/A;N/A;N/A;N/A;N/A;N/A;N/A;Sí;N/A;N/A;N/A;N/A;N/A;N/A;N/A;N/A;N/A;"LUNES A VIERNES DE 9:30 A 18:30 SAB DE 9:30 A 13:30HRS";5;1.5;Híbrido;Automática;Hatchback;"Autos y camionetas";N/A;N/A;N/A;N/A;N/A;N/A;UY;N/A;N/A;N/A;N/A;N/A;N/A;N/A;N/A;N/A;N/A;N/A;N/A;N/A;N/A;N/A;N/A;N/A;N/A;N/A;N/A;N/A;N/A;N/A;N/A;N/A;N/A;N/A;N/A;N/A;N/A;N/A;N/A;N/A;N/A;N/A;N/A;N/A;N/A;N/A;N/A;N/A;N/A;N/A;N/A;N/A;N/A;N/A;N/A;N/A;N/A;N/A;N/A;N/A;N/A;N/A;N/A;N/A;N/A;N/A;N/A;N/A;N/A;N/A;N/A;N/A;N/A;N/A;N/A;N/A;N/A;N/A;N/A;N/A;N/A;N/A;N/A;N/A;N/A;N/A;N/A;N/A;N/A;N/A;N/A;N/A;N/A;N/A;N/A;N/A;N/A;N/A;N/A;N/A;N/A;N/A;N/A;N/A;N/A;N/A;N/A;N/A;N/A;N/A;N/A;N/A;Sí;N/A;Sí;N/A;N/A;N/A;N/A;Sí;N/A;Sí
Toyota;RAV4;"2.5 Limited 4x4 At";2024;"0 km";;"AUTOMOTORA AUTOBOULEVARD.";65990;;;;;"Tres Cruces";https://auto.mercadolibre.com.uy/MLU-681510434-toyota-rav-4-plus-limited-hibrida-0-km-_JM;N/A;;"_toyota Rav 4 Plus Limited Hibrida 0 Km";usd;Sí;silver;false;N/A;N/A;http://perfil.mercadolibre.com.uy/AUTOMOTORA+AUTOBOULEVARD.;active;N/A;N/A;Nuevo;Gris;N/A;Eléctrica;4x4;Sí;N/A;Sí;N/A;N/A;N/A;N/A;N/A;Sí;N/A;N/A;N/A;N/A;N/A;N/A;N/A;N/A;N/A;N/A;N/A;N/A;N/A;N/A;N/A;N/A;"2660 mm";"2.5 L";"60 L";6;N/A;N/A;N/A;N/A;N/A;N/A;N/A;N/A;N/A;N/A;N/A;N/A;N/A;N/A;N/A;N/A;N/A;N/A;N/A;N/A;N/A;N/A;N/A;N/A;N/A;N/A;N/A;N/A;N/A;N/A;N/A;N/A;N/A;N/A;N/A;Sí;N/A;N/A;N/A;N/A;N/A;N/A;N/A;N/A;N/A;"1715 mm";"4570 mm";N/A;N/A;N/A;N/A;5;"180 hp";Limited;N/A;4;"1845 mm";N/A;Sí;N/A;N/A;N/A;N/A;N/A;N/A;N/A;Sí;N/A;N/A;N/A;N/A;N/A;N/A;N/A;"LAV 9 A 19 HS";5;2.5;Nafta;Automática;SUV;"Autos y camionetas";N/A;N/A;N/A;N/A;N/A;N/A;UY;N/A;N/A;N/A;N/A;N/A;N/A;N/A;N/A;N/A;N/A;N/A;N/A;N/A;N/A;N/A;N/A;N/A;N/A;N/A;N/A;N/A;N/A;N/A;N/A;N/A;N/A;N/A;N/A;N/A;N/A;N/A;N/A;N/A;N/A;N/A;N/A;N/A;N/A;N/A;N/A;N/A;N/A;N/A;N/A;N/A;N/A;N/A;N/A;N/A;N/A;N/A;N/A;N/A;N/A;N/A;N/A;N/A;N/A;N/A;N/A;N/A;N/A;N/A;N/A;N/A;N/A;N/A;N/A;N/A;N/A;N/A;N/A;N/A;N/A;N/A;N/A;N/A;N/A;N/A;N/A;N/A;N/A;N/A;N/A;N/A;N/A;N/A;N/A;N/A;N/A;N/A;N/A;N/A;N/A;N/A;N/A;N/A;N/A;N/A;N/A;N/A;N/A;N/A;N/A;N/A;Sí;N/A;Sí;N/A;N/A;N/A;N/A;Sí;N/A;N/A
Toyota;Corona;"2.0 Gli";1995;"11111 km";;"DELSUR AUTOMOTORA";6300;;;;;"La Blanqueada";https://auto.mercadolibre.com.uy/MLU-697419232-toyota-corona-gli-_JM;N/A;;"Toyota Corona Gli";usd;No;silver;false;N/A;N/A;http://perfil.mercadolibre.com.uy/DELSUR+AUTOMOTORA;active;N/A;N/A;Usado;Dorado;N/A;N/A;Delantera;Sí;N/A;N/A;N/A;N/A;N/A;N/A;N/A;N/A;N/A;N/A;N/A;N/A;N/A;N/A;N/A;N/A;N/A;N/A;N/A;N/A;N/A;N/A;N/A;N/A;"2630 mm";"2 L";"60 L";5;N/A;N/A;N/A;N/A;N/A;N/A;N/A;N/A;N/A;N/A;N/A;N/A;N/A;N/A;N/A;N/A;N/A;N/A;N/A;N/A;N/A;N/A;N/A;N/A;N/A;N/A;N/A;N/A;N/A;N/A;N/A;N/A;N/A;N/A;N/A;N/A;N/A;N/A;N/A;N/A;N/A;N/A;N/A;N/A;N/A;"1425 mm";"4490 mm";N/A;N/A;N/A;N/A;5;"124 hp";Gli;N/A;4;"1710 mm";"14 km/l";N/A;N/A;N/A;N/A;N/A;N/A;N/A;N/A;N/A;N/A;"7.7 km/l";N/A;N/A;N/A;N/A;N/A;"Lun. a Vier. 08:00 a 18:00 Sab. 09:00 a 12:00";4;2.0;Nafta;Manual;Sedán;"Autos y camionetas";N/A;N/A;N/A;N/A;N/A;N/A;UY;N/A;N/A;N/A;N/A;N/A;N/A;N/A;N/A;N/A;N/A;N/A;N/A;N/A;N/A;N/A;N/A;N/A;N/A;N/A;N/A;N/A;N/A;N/A;N/A;N/A;N/A;N/A;N/A;N/A;N/A;N/A;N/A;N/A;N/A;N/A;N/A;N/A;N/A;N/A;N/A;N/A;N/A;N/A;N/A;N/A;N/A;N/A;N/A;N/A;N/A;N/A;N/A;N/A;N/A;N/A;N/A;N/A;N/A;N/A;N/A;N/A;N/A;N/A;N/A;N/A;N/A;N/A;N/A;N/A;N/A;N/A;N/A;N/A;N/A;N/A;N/A;N/A;N/A;N/A;N/A;N/A;N/A;N/A;N/A;N/A;N/A;N/A;N/A;N/A;N/A;N/A;N/A;N/A;N/A;N/A;N/A;N/A;N/A;N/A;N/A;N/A;N/A;N/A;N/A;N/A;N/A;N/A;N/A;N/A;N/A;N/A;N/A;N/A;N/A;N/A
Toyota;Hilux;"2.4 P.up T.diesel Dx";2022;"0 km";;"AUTOMOTORA AUTOBOULEVARD.";50490;;;;;"Tres Cruces";https://auto.mercadolibre.com.uy/MLU-672231886-toyota-hilux-cabina-simple-2024-entrega-inmediata-_JM;N/A;;"°toyota Hilux Cabina Simple 2024. Entrega Inmediata!";usd;Sí;silver;false;N/A;N/A;http://perfil.mercadolibre.com.uy/AUTOMOTORA+AUTOBOULEVARD.;active;N/A;N/A;Nuevo;Blanco;N/A;Hidráulica;4x2;Sí;N/A;N/A;N/A;N/A;N/A;N/A;N/A;N/A;N/A;N/A;N/A;N/A;N/A;N/A;N/A;N/A;N/A;N/A;N/A;N/A;N/A;N/A;N/A;N/A;"2860 mm";"2494 cc";"80 L";5;N/A;N/A;N/A;N/A;N/A;N/A;N/A;N/A;N/A;N/A;N/A;N/A;N/A;N/A;N/A;N/A;N/A;N/A;N/A;N/A;N/A;N/A;N/A;N/A;N/A;N/A;N/A;N/A;N/A;N/A;N/A;N/A;N/A;N/A;N/A;N/A;N/A;N/A;N/A;N/A;N/A;N/A;N/A;N/A;N/A;"1850 mm";"5260 mm";N/A;N/A;N/A;N/A;5;"150 hp";Dx;N/A;4;"1855 mm";N/A;N/A;N/A;N/A;N/A;N/A;N/A;N/A;N/A;N/A;N/A;N/A;N/A;N/A;N/A;N/A;N/A;"Lunes a Viernes de 9 a 19hs";4;2.4;Diésel;Manual;Pick-Up;"Autos y camionetas";N/A;N/A;N/A;N/A;N/A;N/A;UY;N/A;N/A;N/A;N/A;N/A;N/A;N/A;N/A;N/A;N/A;N/A;N/A;N/A;N/A;N/A;N/A;N/A;N/A;N/A;N/A;N/A;N/A;N/A;N/A;N/A;N/A;N/A;N/A;N/A;N/A;N/A;N/A;N/A;N/A;N/A;N/A;N/A;N/A;N/A;N/A;N/A;N/A;N/A;N/A;N/A;N/A;N/A;N/A;N/A;N/A;N/A;N/A;N/A;N/A;N/A;N/A;N/A;N/A;N/A;N/A;N/A;N/A;N/A;N/A;N/A;N/A;N/A;N/A;N/A;N/A;N/A;N/A;N/A;N/A;N/A;N/A;N/A;N/A;N/A;N/A;N/A;N/A;N/A;N/A;N/A;N/A;N/A;N/A;N/A;N/A;N/A;N/A;N/A;N/A;N/A;N/A;N/A;N/A;N/A;N/A;N/A;N/A;N/A;N/A;N/A;Sí;N/A;Sí;N/A;N/A;N/A;N/A;Sí;N/A;N/A
Toyota;Hilux;"SRV PLUS 4X4 AT";2019;"196173 km";;"ARBELECHE AUTOMOVILES";54990;;;;;Carmelo;https://auto.mercadolibre.com.uy/MLU-701147988-toyota-hilux-srv-plus-4x4-at-28-arbeleche-_JM;N/A;;"Toyota Hilux Srv Plus 4x4 At 2.8 - Arbeleche";usd;Sí;silver;false;N/A;N/A;http://perfil.mercadolibre.com.uy/ARBELECHE+AUTOMOVILES;active;N/A;N/A;Usado;Blanco;Sí;Eléctrica;N/A;Sí;Sí;Sí;Sí;N/A;N/A;Sí;Sí;Sí;N/A;N/A;Sí;Sí;N/A;N/A;N/A;N/A;N/A;N/A;N/A;N/A;N/A;N/A;N/A;N/A;N/A;"2800 cc";N/A;6;N/A;N/A;N/A;N/A;Sí;Sí;Sí;N/A;N/A;N/A;N/A;N/A;N/A;N/A;N/A;N/A;N/A;N/A;N/A;N/A;N/A;N/A;N/A;Sí;N/A;Sí;N/A;Sí;N/A;N/A;N/A;N/A;N/A;N/A;N/A;N/A;Sí;N/A;N/A;N/A;N/A;N/A;N/A;N/A;N/A;N/A;N/A;N/A;N/A;N/A;N/A;N/A;N/A;"Srv Plus";N/A;N/A;N/A;N/A;N/A;N/A;N/A;Sí;Sí;N/A;Sí;N/A;N/A;N/A;N/A;N/A;N/A;Sí;N/A;N/A;"L 9 a 12 y 14 a 19. M a V 8 a 12 y 14 a 19 hs.";4;2.8;Diésel;"Automática secuencial";Pick-Up;"Autos y camionetas";No;N/A;N/A;N/A;No;N/A;UY;No;Sí;No;No;N/A;N/A;N/A;N/A;N/A;N/A;N/A;N/A;N/A;N/A;N/A;N/A;N/A;Sí;N/A;N/A;N/A;N/A;N/A;N/A;N/A;N/A;N/A;N/A;N/A;N/A;N/A;N/A;N/A;N/A;N/A;N/A;N/A;N/A;N/A;N/A;N/A;N/A;N/A;N/A;N/A;N/A;N/A;N/A;N/A;N/A;N/A;N/A;N/A;N/A;N/A;No;Sí;N/A;N/A;N/A;N/A;N/A;N/A;N/A;N/A;N/A;N/A;N/A;N/A;N/A;N/A;N/A;N/A;N/A;N/A;N/A;N/A;N/A;N/A;N/A;N/A;N/A;N/A;N/A;N/A;Sí;N/A;N/A;N/A;Sí;Sí;Sí;N/A;Sí;Sí;Sí;N/A;Sí;Sí;N/A;N/A;N/A;Sí;Sí;Sí;Sí;N/A;Sí;Sí;Sí;N/A;Sí;N/A;Sí;Sí
Toyota;Hilux;"SRV PLUS 3.0 4X4 AT";2016;"121666 km";;"ARBELECHE AUTOMOVILES";49990;;;;;Carmelo;https://auto.mercadolibre.com.uy/MLU-699503154-toyota-hilux-srv-plus-30-4x4-at-30-arbeleche-_JM;N/A;;"Toyota Hilux Srv Plus 3.0 4x4 At 3.0 - Arbeleche";usd;Sí;silver;false;N/A;N/A;http://perfil.mercadolibre.com.uy/ARBELECHE+AUTOMOVILES;active;N/A;N/A;Usado;Blanco;N/A;Hidráulica;N/A;Sí;Sí;Sí;Sí;N/A;N/A;Sí;Sí;Sí;N/A;N/A;Sí;Sí;N/A;N/A;N/A;N/A;N/A;N/A;N/A;N/A;N/A;N/A;N/A;N/A;N/A;"3000 cc";N/A;N/A;N/A;N/A;N/A;N/A;Sí;Sí;Sí;N/A;N/A;N/A;N/A;N/A;N/A;N/A;N/A;N/A;N/A;N/A;N/A;N/A;N/A;N/A;N/A;Sí;N/A;Sí;N/A;Sí;N/A;N/A;N/A;N/A;N/A;N/A;N/A;N/A;Sí;N/A;N/A;N/A;N/A;N/A;N/A;N/A;N/A;N/A;N/A;N/A;N/A;N/A;N/A;N/A;N/A;"Srv Plus";N/A;N/A;N/A;N/A;N/A;N/A;N/A;Sí;Sí;Sí;Sí;N/A;N/A;N/A;N/A;N/A;N/A;N/A;N/A;N/A;"L 9 a 12 y 14 a 19. M a V 8 a 12 y 14 a 19 hs.";4;3.0;Diésel;Automática;Pick-Up;"Autos y camionetas";No;N/A;N/A;N/A;No;N/A;UY;No;Sí;No;No;N/A;N/A;N/A;N/A;N/A;N/A;N/A;N/A;N/A;N/A;N/A;N/A;N/A;Sí;N/A;N/A;N/A;N/A;N/A;N/A;N/A;N/A;N/A;N/A;N/A;N/A;N/A;N/A;N/A;N/A;N/A;N/A;N/A;N/A;N/A;N/A;N/A;N/A;N/A;N/A;N/A;N/A;N/A;N/A;N/A;N/A;N/A;N/A;N/A;N/A;N/A;No;Sí;N/A;N/A;N/A;N/A;N/A;N/A;N/A;N/A;N/A;N/A;N/A;N/A;N/A;N/A;N/A;N/A;N/A;N/A;N/A;N/A;N/A;N/A;N/A;N/A;N/A;N/A;N/A;N/A;Sí;N/A;N/A;N/A;Sí;Sí;Sí;N/A;Sí;Sí;N/A;N/A;Sí;Sí;N/A;N/A;N/A;N/A;Sí;Sí;Sí;N/A;Sí;Sí;Sí;Sí;N/A;N/A;N/A;Sí
Toyota;Hilux;4x2;2006;"266751 km";;"ARBELECHE AUTOMOVILES";24500;;;;;Carmelo;https://auto.mercadolibre.com.uy/MLU-697389372-toyota-hilux-25-arbeleche-_JM;N/A;;"Toyota Hilux 2.5 - Arbeleche";usd;No;silver;false;N/A;N/A;http://perfil.mercadolibre.com.uy/ARBELECHE+AUTOMOVILES;active;N/A;N/A;Usado;Bordó;Sí;Hidráulica;N/A;Sí;N/A;N/A;N/A;N/A;N/A;Sí;N/A;N/A;N/A;N/A;N/A;N/A;N/A;N/A;N/A;N/A;N/A;N/A;N/A;N/A;N/A;N/A;N/A;N/A;N/A;"2500 cc";N/A;5;N/A;N/A;N/A;N/A;N/A;N/A;N/A;N/A;N/A;N/A;N/A;N/A;N/A;N/A;N/A;N/A;N/A;N/A;N/A;N/A;N/A;N/A;N/A;N/A;N/A;N/A;N/A;N/A;N/A;N/A;N/A;N/A;N/A;N/A;N/A;N/A;N/A;N/A;N/A;N/A;N/A;N/A;N/A;N/A;N/A;N/A;N/A;N/A;N/A;N/A;N/A;N/A;N/A;N/A;N/A;N/A;N/A;N/A;N/A;N/A;N/A;N/A;N/A;N/A;N/A;N/A;N/A;N/A;N/A;Sí;N/A;Sí;Sí;N/A;"L 9 a 12 y 14 a 19. M a V 8 a 12 y 14 a 19 hs.";4;2.5;Diésel;Manual;Pick-Up;"Autos y camionetas";No;N/A;N/A;N/A;No;N/A;UY;No;Sí;No;No;N/A;N/A;N/A;N/A;N/A;N/A;N/A;N/A;N/A;N/A;N/A;N/A;N/A;N/A;N/A;N/A;N/A;N/A;N/A;N/A;N/A;N/A;N/A;N/A;N/A;N/A;N/A;N/A;N/A;N/A;N/A;N/A;N/A;N/A;N/A;N/A;N/A;N/A;N/A;N/A;N/A;N/A;N/A;N/A;N/A;N/A;N/A;N/A;N/A;N/A;N/A;No;Sí;N/A;N/A;N/A;N/A;N/A;N/A;N/A;N/A;N/A;N/A;N/A;N/A;N/A;N/A;N/A;N/A;N/A;N/A;N/A;N/A;N/A;N/A;N/A;N/A;N/A;N/A;N/A;N/A;N/A;N/A;N/A;N/A;N/A;N/A;N/A;N/A;N/A;N/A;N/A;N/A;N/A;N/A;N/A;N/A;N/A;Sí;N/A;N/A;N/A;N/A;Sí;N/A;N/A;Sí;N/A;N/A;N/A;N/A
Toyota;Hilux;"SRV 4x2";2018;"310539 km";;"ARBELECHE AUTOMOVILES";39900;;;;;Carmelo;https://auto.mercadolibre.com.uy/MLU-693930708-toyota-hilux-srv-4x2-28-arbeleche-_JM;N/A;;"Toyota Hilux Srv 4x2 2.8 - Arbeleche";usd;Sí;silver;false;N/A;N/A;http://perfil.mercadolibre.com.uy/ARBELECHE+AUTOMOVILES;active;N/A;N/A;Usado;Blanco;Sí;Eléctrica;N/A;N/A;N/A;Sí;N/A;N/A;N/A;Sí;Sí;N/A;N/A;N/A;N/A;Sí;N/A;N/A;N/A;N/A;N/A;N/A;N/A;N/A;N/A;N/A;N/A;N/A;N/A;"2800 cc";N/A;6;N/A;N/A;N/A;N/A;Sí;N/A;N/A;N/A;N/A;N/A;N/A;N/A;N/A;N/A;N/A;N/A;N/A;N/A;N/A;N/A;N/A;N/A;N/A;Sí;N/A;Sí;N/A;Sí;N/A;N/A;N/A;N/A;N/A;N/A;N/A;N/A;N/A;N/A;N/A;N/A;N/A;N/A;Sí;N/A;N/A;N/A;N/A;N/A;N/A;N/A;N/A;N/A;N/A;Srv;N/A;N/A;N/A;N/A;N/A;N/A;Sí;N/A;N/A;N/A;Sí;N/A;N/A;N/A;N/A;N/A;N/A;N/A;Sí;N/A;"L 9 a 12 y 14 a 19. M a V 8 a 12 y 14 a 19 hs.";4;2.8;Diésel;Manual;Pick-Up;"Autos y camionetas";No;N/A;N/A;N/A;No;N/A;UY;No;Sí;No;No;N/A;N/A;N/A;N/A;N/A;N/A;N/A;N/A;N/A;N/A;N/A;N/A;N/A;Sí;N/A;N/A;N/A;N/A;N/A;N/A;N/A;N/A;N/A;N/A;N/A;N/A;N/A;N/A;N/A;N/A;N/A;N/A;N/A;N/A;N/A;N/A;N/A;N/A;N/A;N/A;N/A;N/A;N/A;N/A;N/A;N/A;N/A;N/A;N/A;N/A;N/A;No;Sí;Sí;N/A;N/A;N/A;N/A;N/A;N/A;N/A;N/A;N/A;N/A;N/A;N/A;N/A;N/A;N/A;N/A;N/A;N/A;N/A;N/A;N/A;N/A;N/A;N/A;N/A;N/A;N/A;Sí;N/A;N/A;N/A;Sí;Sí;N/A;N/A;Sí;N/A;N/A;N/A;Sí;Sí;N/A;N/A;N/A;N/A;N/A;Sí;Sí;N/A;Sí;N/A;Sí;N/A;N/A;N/A;N/A;Sí
Toyota;Hilux;"Doble Cabina 4X4";1999;"300000 km";;AEROCAR2013;14990;;;;;Carrasco;https://auto.mercadolibre.com.uy/MLU-695685656-toyota-hilux-doble-cabina-4x4-28-1999-impecable-interauto-_JM;N/A;;"Toyota Hilux Doble Cabina 4x4 2.8 1999 Impecable! Interauto";usd;No;silver;false;N/A;N/A;http://perfil.mercadolibre.com.uy/AEROCAR2013;active;N/A;N/A;Usado;Blanco;N/A;Hidráulica;4x4;Sí;N/A;N/A;N/A;N/A;N/A;N/A;N/A;N/A;N/A;N/A;N/A;N/A;N/A;N/A;N/A;N/A;N/A;N/A;N/A;N/A;N/A;N/A;N/A;N/A;N/A;"2800 cc";N/A;5;N/A;N/A;N/A;N/A;N/A;N/A;N/A;N/A;N/A;N/A;N/A;N/A;N/A;N/A;N/A;N/A;N/A;N/A;N/A;N/A;N/A;N/A;N/A;N/A;N/A;N/A;N/A;N/A;N/A;N/A;N/A;N/A;N/A;N/A;N/A;N/A;N/A;N/A;N/A;N/A;N/A;N/A;N/A;N/A;N/A;N/A;N/A;N/A;N/A;N/A;N/A;N/A;N/A;N/A;N/A;N/A;N/A;"10 km/l";N/A;N/A;N/A;N/A;N/A;N/A;N/A;N/A;N/A;N/A;"12 km/l";N/A;N/A;N/A;N/A;N/A;"Lunes a Domingo de 9 a 18:30 hs";4;2.8;Diésel;Manual;Pick-Up;"Autos y camionetas";No;N/A;N/A;N/A;No;N/A;UY;No;Sí;No;No;N/A;N/A;N/A;N/A;N/A;N/A;N/A;N/A;N/A;N/A;N/A;N/A;N/A;N/A;N/A;N/A;N/A;N/A;N/A;N/A;N/A;N/A;N/A;N/A;N/A;N/A;N/A;N/A;N/A;N/A;N/A;N/A;N/A;N/A;N/A;N/A;N/A;N/A;N/A;N/A;N/A;N/A;N/A;N/A;N/A;N/A;N/A;N/A;N/A;N/A;N/A;No;N/A;N/A;N/A;N/A;N/A;N/A;N/A;N/A;N/A;N/A;N/A;N/A;N/A;N/A;N/A;N/A;N/A;N/A;N/A;N/A;N/A;N/A;N/A;N/A;N/A;N/A;N/A;N/A;N/A;N/A;N/A;N/A;N/A;N/A;N/A;N/A;N/A;N/A;N/A;N/A;N/A;N/A;N/A;N/A;N/A;N/A;N/A;N/A;N/A;N/A;N/A;N/A;N/A;N/A;N/A;N/A;N/A;N/A;N/A
Toyota;Hilux;"4X2 DX TD";2008;"327729 km";;"ARBELECHE AUTOMOVILES";22900;;;;;Carmelo;https://auto.mercadolibre.com.uy/MLU-645377197-toyota-hilux-4x2-dx-td-25-arbeleche-_JM;N/A;;"Toyota Hilux 4x2 Dx Td 2.5 - Arbeleche";usd;Sí;silver;false;N/A;N/A;http://perfil.mercadolibre.com.uy/ARBELECHE+AUTOMOVILES;active;N/A;N/A;Usado;Blanco;N/A;Hidráulica;N/A;Sí;N/A;N/A;N/A;N/A;N/A;Sí;N/A;N/A;N/A;N/A;N/A;N/A;N/A;N/A;N/A;N/A;N/A;N/A;N/A;N/A;N/A;N/A;N/A;N/A;N/A;"2500 cc";N/A;5;N/A;N/A;N/A;N/A;N/A;N/A;N/A;N/A;N/A;N/A;N/A;N/A;N/A;N/A;N/A;N/A;N/A;N/A;N/A;N/A;N/A;N/A;N/A;N/A;N/A;N/A;N/A;N/A;N/A;N/A;N/A;N/A;N/A;N/A;N/A;N/A;N/A;N/A;N/A;N/A;N/A;N/A;N/A;N/A;N/A;N/A;N/A;N/A;N/A;N/A;N/A;N/A;N/A;Dx;N/A;N/A;N/A;N/A;N/A;N/A;N/A;N/A;N/A;N/A;N/A;N/A;N/A;N/A;N/A;Sí;N/A;Sí;Sí;N/A;"L 9 a 12 y 14 a 19. M a V 8 a 12 y 14 a 19 hs.";4;2.5;Diésel;Manual;Pick-Up;"Autos y camionetas";No;N/A;N/A;N/A;No;N/A;UY;No;Sí;No;No;N/A;N/A;N/A;N/A;N/A;N/A;N/A;N/A;N/A;N/A;N/A;N/A;N/A;N/A;N/A;N/A;N/A;N/A;N/A;N/A;N/A;N/A;N/A;N/A;N/A;N/A;N/A;N/A;N/A;N/A;N/A;N/A;N/A;N/A;N/A;N/A;N/A;N/A;N/A;N/A;N/A;N/A;N/A;N/A;N/A;N/A;N/A;N/A;N/A;N/A;N/A;No;Sí;N/A;N/A;N/A;N/A;N/A;N/A;N/A;N/A;N/A;N/A;N/A;N/A;N/A;N/A;N/A;N/A;N/A;N/A;N/A;N/A;N/A;N/A;N/A;N/A;N/A;N/A;N/A;N/A;N/A;N/A;N/A;N/A;N/A;N/A;N/A;N/A;N/A;N/A;N/A;N/A;N/A;N/A;N/A;N/A;N/A;Sí;N/A;N/A;N/A;N/A;Sí;N/A;N/A;N/A;N/A;N/A;N/A;N/A
Toyota;Corolla;"2.0 DIESEL FULL EQUIP";2014;"940000 km";;ROBERTOMAZONDOAUTOMOVILES;6990;;;;;Rivera;https://auto.mercadolibre.com.uy/MLU-701584740-toyota-corolla-20-diesel-full-equip-_JM;N/A;;"Toyota Corolla 2.0 Diesel Full Equip";USD;Sí;silver;false;N/A;N/A;http://perfil.mercadolibre.com.uy/ROBERTOMAZONDOAUTOMOVILES;active;N/A;N/A;Usado;Blanco;No;Hidráulica;Delantera;Sí;Sí;N/A;N/A;N/A;No;N/A;N/A;Sí;N/A;N/A;No;Sí;N/A;Sí;N/A;N/A;N/A;N/A;N/A;N/A;N/A;N/A;N/A;N/A;N/A;N/A;N/A;N/A;N/A;N/A;N/A;N/A;N/A;No;N/A;N/A;N/A;N/A;N/A;N/A;N/A;N/A;N/A;N/A;N/A;N/A;N/A;N/A;N/A;N/A;N/A;N/A;N/A;N/A;N/A;N/A;N/A;No;N/A;N/A;N/A;N/A;N/A;N/A;N/A;N/A;N/A;N/A;N/A;N/A;N/A;N/A;N/A;N/A;N/A;N/A;N/A;N/A;N/A;N/A;N/A;N/A;N/A;N/A;N/A;N/A;No;N/A;Sí;Sí;N/A;Sí;No;N/A;No;N/A;N/A;No;No;N/A;N/A;No;N/A;4;2.0;Diésel;Manual;Sedán;"Autos y camionetas";N/A;N/A;N/A;N/A;N/A;N/A;N/A;N/A;N/A;N/A;N/A;N/A;N/A;N/A;N/A;N/A;N/A;N/A;N/A;N/A;N/A;N/A;N/A;N/A;No;N/A;N/A;N/A;N/A;N/A;N/A;N/A;N/A;N/A;N/A;N/A;N/A;N/A;N/A;N/A;N/A;N/A;N/A;N/A;N/A;N/A;N/A;N/A;N/A;N/A;N/A;N/A;N/A;N/A;N/A;N/A;N/A;N/A;N/A;N/A;N/A;N/A;N/A;N/A;N/A;N/A;N/A;N/A;N/A;N/A;N/A;N/A;N/A;N/A;N/A;N/A;N/A;N/A;N/A;N/A;N/A;N/A;N/A;N/A;N/A;N/A;N/A;N/A;N/A;N/A;N/A;N/A;N/A;N/A;N/A;No;Sí;Sí;No;N/A;Sí;N/A;N/A;N/A;N/A;Sí;No;No;Sí;N/A;N/A;No;No;Sí;Sí;Sí;No;Sí;No;Sí;N/A;Sí
Toyota;Hilux;"3.0 Cd Sr Tdi 171cv 4x2";2011;"230500 km";;"AUTOMOTORA AUTOBOULEVARD.";27890;;;;;"Tres Cruces";https://auto.mercadolibre.com.uy/MLU-687939742-toyota-hilux-srv-30-diesel-_JM;N/A;;"_toyota Hilux Srv 3.0 Diesel";usd;Sí;silver;false;N/A;N/A;http://perfil.mercadolibre.com.uy/AUTOMOTORA+AUTOBOULEVARD.;active;N/A;N/A;Usado;Negro;N/A;Hidráulica;4x2;Sí;N/A;Sí;N/A;N/A;N/A;N/A;N/A;N/A;N/A;N/A;N/A;N/A;N/A;N/A;N/A;N/A;N/A;N/A;N/A;N/A;N/A;N/A;N/A;N/A;"2860 mm";"3 L";"80 L";5;N/A;N/A;N/A;N/A;N/A;N/A;N/A;N/A;N/A;N/A;N/A;N/A;N/A;N/A;N/A;N/A;N/A;N/A;N/A;N/A;N/A;N/A;N/A;N/A;N/A;N/A;N/A;N/A;N/A;N/A;N/A;N/A;N/A;N/A;N/A;N/A;N/A;N/A;N/A;N/A;N/A;N/A;N/A;N/A;N/A;"1860 mm";"5260 mm";N/A;N/A;N/A;N/A;5;"171 hp";Sr;N/A;4;"1855 mm";N/A;N/A;N/A;N/A;N/A;N/A;N/A;N/A;N/A;N/A;N/A;N/A;N/A;N/A;N/A;N/A;N/A;"LAV 9 A 19 HS";4;3.0;Diésel;Manual;Pick-Up;"Autos y camionetas";N/A;N/A;N/A;N/A;N/A;N/A;UY;N/A;N/A;N/A;N/A;N/A;N/A;N/A;N/A;N/A;N/A;N/A;N/A;N/A;N/A;N/A;N/A;N/A;N/A;N/A;N/A;N/A;N/A;N/A;N/A;N/A;N/A;N/A;N/A;N/A;N/A;N/A;N/A;N/A;N/A;N/A;N/A;N/A;N/A;N/A;N/A;N/A;N/A;N/A;N/A;N/A;N/A;N/A;N/A;N/A;N/A;N/A;N/A;N/A;N/A;N/A;N/A;N/A;N/A;N/A;N/A;N/A;N/A;N/A;N/A;N/A;N/A;N/A;N/A;N/A;N/A;N/A;N/A;N/A;N/A;N/A;N/A;N/A;N/A;N/A;N/A;N/A;N/A;N/A;N/A;N/A;N/A;N/A;N/A;N/A;N/A;N/A;N/A;N/A;N/A;N/A;N/A;N/A;N/A;N/A;N/A;N/A;N/A;N/A;N/A;N/A;Sí;N/A;Sí;N/A;N/A;N/A;N/A;Sí;N/A;N/A
Toyota;Tacoma;"SR5 4 cilindros";2002;"250000 km";;"SOLANAS MOTORS";20900;;;;;"P. Ballena";https://auto.mercadolibre.com.uy/MLU-700460908-toyota-tacoma-sr5-4x4-automatica-_JM;N/A;;"Toyota Tacoma Sr5 4x4 Automatica";USD;No;silver;false;N/A;N/A;http://perfil.mercadolibre.com.uy/SOLANAS+MOTORS;active;N/A;N/A;Usado;Blanco;N/A;Hidráulica;4x4;Sí;N/A;N/A;N/A;N/A;N/A;N/A;N/A;Sí;N/A;N/A;N/A;Sí;N/A;N/A;N/A;N/A;N/A;N/A;N/A;N/A;N/A;N/A;N/A;N/A;N/A;N/A;N/A;N/A;N/A;N/A;N/A;N/A;N/A;N/A;N/A;N/A;N/A;N/A;N/A;N/A;N/A;N/A;N/A;N/A;N/A;N/A;N/A;N/A;N/A;N/A;N/A;N/A;N/A;N/A;N/A;N/A;N/A;N/A;N/A;N/A;N/A;N/A;N/A;N/A;N/A;N/A;N/A;N/A;N/A;N/A;N/A;N/A;N/A;N/A;N/A;N/A;N/A;N/A;N/A;N/A;N/A;N/A;N/A;N/A;N/A;N/A;No;N/A;Sí;N/A;N/A;No;No;N/A;N/A;N/A;N/A;N/A;N/A;N/A;N/A;N/A;"Lunes a domingo de 9.30 a 18.30";2;2.7;Nafta;Automática;Pick-Up;"Autos y camionetas";N/A;N/A;N/A;N/A;N/A;N/A;N/A;N/A;N/A;N/A;N/A;N/A;N/A;N/A;N/A;N/A;N/A;N/A;N/A;N/A;N/A;N/A;N/A;N/A;N/A;N/A;N/A;N/A;N/A;N/A;N/A;N/A;N/A;N/A;N/A;N/A;N/A;N/A;N/A;N/A;N/A;N/A;N/A;N/A;N/A;N/A;N/A;N/A;N/A;N/A;N/A;N/A;N/A;N/A;N/A;N/A;N/A;N/A;N/A;N/A;N/A;N/A;Sí;N/A;N/A;N/A;N/A;N/A;N/A;N/A;N/A;N/A;N/A;N/A;N/A;N/A;N/A;N/A;N/A;N/A;N/A;N/A;N/A;N/A;N/A;N/A;N/A;N/A;N/A;N/A;N/A;N/A;N/A;N/A;N/A;N/A;N/A;N/A;N/A;N/A;N/A;N/A;N/A;N/A;N/A;N/A;N/A;N/A;N/A;N/A;N/A;N/A;N/A;N/A;Sí;N/A;Sí;N/A;N/A;N/A;N/A;Sí
Toyota;Hilux;"3.0 D/cab 4x2 D Srv";2002;"390000 km";;MFNEGOCIOSRURALES;20200;;;;;Minas;https://auto.mercadolibre.com.uy/MLU-646842601-toyota-hilux-30-dcab-4x2-d-srv-_JM;N/A;;"Toyota Hilux 3.0 D/cab 4x2 D Srv";usd;No;silver;false;N/A;N/A;http://perfil.mercadolibre.com.uy/MFNEGOCIOSRURALES;active;N/A;N/A;Usado;Gris;No;Hidráulica;4x2;Sí;Sí;N/A;N/A;N/A;Sí;N/A;N/A;N/A;N/A;N/A;No;Sí;N/A;No;N/A;N/A;N/A;N/A;N/A;N/A;N/A;N/A;N/A;N/A;"2860 mm";"3 L";"65 L";5;N/A;N/A;N/A;N/A;N/A;No;N/A;N/A;N/A;N/A;N/A;N/A;N/A;N/A;N/A;N/A;N/A;N/A;N/A;N/A;N/A;N/A;N/A;N/A;N/A;N/A;N/A;N/A;N/A;No;N/A;N/A;N/A;N/A;N/A;N/A;N/A;N/A;N/A;N/A;N/A;N/A;N/A;N/A;N/A;"1730 mm";"4895 mm";N/A;N/A;N/A;N/A;3;"125 hp";Srv;N/A;2;"1690 mm";N/A;No;N/A;No;Sí;N/A;Sí;No;N/A;No;N/A;N/A;No;No;N/A;N/A;Sí;N/A;4;3.0;Diésel;Manual;Pick-Up;"Autos y camionetas";N/A;N/A;N/A;N/A;N/A;N/A;UY;N/A;N/A;N/A;N/A;N/A;N/A;N/A;N/A;N/A;N/A;N/A;N/A;N/A;N/A;N/A;N/A;N/A;No;N/A;N/A;N/A;N/A;N/A;N/A;N/A;N/A;N/A;N/A;N/A;N/A;N/A;N/A;N/A;N/A;N/A;N/A;N/A;N/A;N/A;N/A;N/A;N/A;N/A;N/A;N/A;N/A;N/A;N/A;N/A;N/A;N/A;N/A;N/A;N/A;N/A;N/A;N/A;N/A;N/A;N/A;N/A;N/A;N/A;N/A;N/A;N/A;N/A;N/A;N/A;N/A;N/A;N/A;N/A;N/A;N/A;N/A;N/A;N/A;N/A;N/A;N/A;N/A;N/A;N/A;N/A;N/A;N/A;N/A;No;No;No;Sí;N/A;No;N/A;N/A;N/A;N/A;No;No;Sí;Sí;N/A;N/A;No;No;Sí;Sí;Sí;Sí;N/A;N/A;Sí;N/A;N/A
Toyota;Hilux;"3.0 Tdi Srv Cab Doble 4x2 Cuero";2011;"230000 km";;"POCITOS GARAGE";29900;;;;;Pocitos;https://auto.mercadolibre.com.uy/MLU-700030656-toyota-hilux-30-tdi-srv-cab-doble-4x2-cuero-_JM;N/A;;"Toyota Hilux 3.0 Tdi Srv Cab Doble 4x2 Cuero";usd;Sí;silver;false;N/A;N/A;http://perfil.mercadolibre.com.uy/POCITOS+GARAGE;active;N/A;N/A;Usado;Gris;Sí;Hidráulica;4x2;Sí;N/A;Sí;N/A;N/A;N/A;N/A;N/A;N/A;N/A;N/A;N/A;N/A;N/A;N/A;N/A;N/A;N/A;N/A;N/A;N/A;N/A;N/A;N/A;N/A;"2860 mm";"3 L";"80 L";5;N/A;N/A;N/A;N/A;N/A;N/A;N/A;N/A;N/A;N/A;N/A;N/A;N/A;N/A;N/A;N/A;N/A;N/A;N/A;N/A;N/A;N/A;N/A;N/A;N/A;N/A;N/A;N/A;N/A;N/A;N/A;N/A;N/A;N/A;N/A;N/A;N/A;N/A;N/A;N/A;N/A;N/A;N/A;N/A;N/A;"1820 mm";"5255 mm";N/A;N/A;N/A;N/A;5;"163 hp";Srv;N/A;4;"1855 mm";N/A;N/A;N/A;N/A;N/A;N/A;N/A;Sí;N/A;N/A;N/A;N/A;N/A;N/A;N/A;N/A;N/A;N/A;4;3.0;Diésel;Manual;Pick-Up;"Autos y camionetas";N/A;N/A;N/A;N/A;N/A;N/A;UY;N/A;N/A;N/A;N/A;N/A;N/A;N/A;N/A;N/A;N/A;N/A;N/A;N/A;N/A;N/A;N/A;N/A;N/A;N/A;N/A;N/A;N/A;N/A;N/A;N/A;N/A;N/A;N/A;N/A;N/A;N/A;N/A;N/A;N/A;N/A;N/A;N/A;N/A;N/A;N/A;N/A;N/A;N/A;N/A;N/A;N/A;N/A;N/A;N/A;N/A;N/A;N/A;N/A;N/A;N/A;N/A;N/A;N/A;N/A;N/A;N/A;N/A;N/A;N/A;N/A;N/A;N/A;N/A;N/A;N/A;N/A;N/A;N/A;N/A;N/A;N/A;N/A;N/A;N/A;N/A;N/A;N/A;N/A;N/A;N/A;N/A;N/A;N/A;N/A;N/A;N/A;N/A;N/A;N/A;N/A;N/A;N/A;N/A;N/A;N/A;N/A;N/A;N/A;N/A;N/A;Sí;N/A;Sí;N/A;N/A;N/A;N/A;N/A;N/A;N/A
Toyota;Hilux;"SR 4X4";2019;"195000 km";;"KLEIST AUTOMOVILES";43500;;;;;"Nueva Helvecia";https://auto.mercadolibre.com.uy/MLU-699810792-toyota-hilux-sr-4x4-24-2019-kleist-automoviles-_JM;N/A;;"Toyota Hilux Sr 4x4 2.4 2019 - Kleist Automóviles";usd;Sí;silver;false;N/A;N/A;http://perfil.mercadolibre.com.uy/KLEIST+AUTOMOVILES;active;N/A;N/A;Usado;Rojo;N/A;Hidráulica;N/A;Sí;Sí;Sí;N/A;N/A;N/A;Sí;N/A;N/A;N/A;Sí;N/A;Sí;N/A;N/A;N/A;N/A;N/A;N/A;N/A;N/A;N/A;N/A;N/A;N/A;N/A;"2400 cc";N/A;6;N/A;N/A;N/A;N/A;Sí;Sí;Sí;N/A;N/A;N/A;N/A;N/A;N/A;N/A;N/A;N/A;N/A;N/A;N/A;N/A;N/A;N/A;N/A;Sí;N/A;Sí;N/A;N/A;N/A;N/A;N/A;N/A;N/A;N/A;N/A;N/A;Sí;N/A;N/A;N/A;N/A;N/A;N/A;N/A;N/A;N/A;N/A;N/A;N/A;N/A;N/A;N/A;N/A;Sr;N/A;N/A;N/A;N/A;N/A;N/A;N/A;Sí;N/A;N/A;N/A;N/A;N/A;N/A;N/A;N/A;N/A;Sí;Sí;N/A;"Lun. a Vie. de 8 a 12 y 14:30 a 18:30. Sáb. de 8 a 12 hs.";4;2.4;Diésel;Manual;Pick-Up;"Autos y camionetas";No;N/A;N/A;N/A;No;N/A;UY;No;Sí;No;No;N/A;N/A;N/A;N/A;N/A;N/A;N/A;N/A;N/A;N/A;N/A;N/A;N/A;N/A;N/A;N/A;N/A;N/A;N/A;N/A;N/A;N/A;N/A;N/A;N/A;N/A;N/A;N/A;N/A;N/A;N/A;N/A;N/A;N/A;N/A;N/A;N/A;N/A;N/A;N/A;N/A;N/A;N/A;N/A;N/A;N/A;N/A;N/A;N/A;N/A;N/A;No;N/A;N/A;N/A;N/A;N/A;N/A;N/A;N/A;N/A;N/A;N/A;N/A;N/A;N/A;N/A;N/A;N/A;N/A;N/A;N/A;N/A;N/A;N/A;N/A;N/A;N/A;N/A;N/A;N/A;N/A;N/A;N/A;N/A;N/A;Sí;Sí;N/A;Sí;N/A;Sí;N/A;Sí;Sí;N/A;Sí;N/A;N/A;N/A;N/A;N/A;N/A;Sí;N/A;Sí;N/A;N/A;N/A;N/A;Sí
Toyota;Hilux;"SR 4X4";2016;"205000 km";;"OLIVERA AUTOMOTORES";34800;;;;;Salto;https://auto.mercadolibre.com.uy/MLU-698379370-toyota-hilux-sr-4x4-_JM;N/A;;"Toyota Hilux Sr 4x4 ";USD;Sí;silver;false;N/A;N/A;http://perfil.mercadolibre.com.uy/OLIVERA+AUTOMOTORES;active;N/A;N/A;Usado;Plateado;N/A;N/A;4x4;N/A;N/A;N/A;N/A;N/A;N/A;N/A;N/A;N/A;N/A;N/A;N/A;N/A;N/A;N/A;N/A;N/A;N/A;N/A;N/A;N/A;N/A;N/A;N/A;N/A;N/A;N/A;N/A;N/A;N/A;N/A;N/A;N/A;N/A;N/A;N/A;N/A;N/A;N/A;N/A;N/A;N/A;N/A;N/A;N/A;N/A;N/A;N/A;N/A;N/A;N/A;N/A;N/A;N/A;N/A;N/A;N/A;N/A;N/A;N/A;N/A;N/A;N/A;N/A;N/A;N/A;N/A;N/A;N/A;N/A;N/A;N/A;N/A;N/A;N/A;N/A;N/A;N/A;N/A;N/A;N/A;N/A;N/A;N/A;N/A;N/A;N/A;N/A;N/A;N/A;N/A;N/A;N/A;N/A;N/A;N/A;N/A;N/A;N/A;N/A;N/A;N/A;N/A;N/A;4;2.5;Diésel;Manual;N/A;"Autos y camionetas";N/A;N/A;N/A;N/A;N/A;N/A;N/A;N/A;Sí;N/A;N/A;N/A;N/A;N/A;N/A;N/A;N/A;N/A;N/A;N/A;N/A;N/A;N/A;N/A;N/A;N/A;N/A;N/A;N/A;N/A;N/A;N/A;N/A;N/A;N/A;N/A;N/A;N/A;N/A;N/A;N/A;N/A;N/A;N/A;N/A;N/A;N/A;N/A;N/A;N/A;N/A;N/A;N/A;N/A;N/A;N/A;N/A;N/A;N/A;N/A;N/A;N/A;N/A;N/A;N/A;N/A;N/A;N/A;N/A;N/A;N/A;N/A;N/A;N/A;N/A;N/A;N/A;N/A;N/A;N/A;N/A;N/A;N/A;N/A;N/A;N/A;N/A;N/A;N/A;N/A;N/A;N/A;N/A;N/A;N/A;N/A;N/A;N/A;N/A;N/A;N/A;N/A;N/A;N/A;N/A;N/A;N/A;N/A;N/A;N/A;N/A;N/A;N/A;N/A;N/A;N/A;N/A;N/A;N/A;N/A;N/A;N/A
Toyota;Yaris;Xls;2023;"69000 km";;CLAUDIOS-MOTORS;22990;;;;;"San Jacinto";https://auto.mercadolibre.com.uy/MLU-645643003-toyota-yaris-xls-15-2023-impecable-claudios-motors-_JM;N/A;;"Toyota Yaris Xls 1.5 2023 Impecable! - Claudio's Motors";USD;Sí;silver;false;N/A;N/A;http://perfil.mercadolibre.com.uy/CLAUDIOS-MOTORS;active;N/A;N/A;Usado;Blanco;Sí;Hidráulica;N/A;N/A;Sí;Sí;N/A;N/A;N/A;Sí;Sí;Sí;N/A;Sí;Sí;Sí;N/A;Sí;N/A;N/A;N/A;N/A;N/A;N/A;N/A;N/A;N/A;N/A;N/A;"1500 cc";N/A;7;N/A;N/A;Sí;Sí;N/A;N/A;N/A;N/A;N/A;N/A;N/A;N/A;N/A;N/A;N/A;N/A;N/A;N/A;N/A;N/A;N/A;N/A;N/A;Sí;N/A;Sí;N/A;Sí;N/A;N/A;N/A;N/A;N/A;N/A;N/A;N/A;Sí;N/A;N/A;N/A;N/A;N/A;Sí;N/A;N/A;N/A;N/A;N/A;N/A;N/A;N/A;N/A;"107 hp";N/A;N/A;N/A;N/A;"14 km/l";N/A;N/A;Sí;N/A;Sí;N/A;Sí;Sí;N/A;N/A;"16 km/l";N/A;N/A;N/A;N/A;Sí;"Lun. a Vie. de 9 a 13 y de 14 a 19 hs";5;1.5;Nafta;"Automática secuencial";Hatchback;"Autos y camionetas";No;N/A;N/A;N/A;No;N/A;N/A;No;Sí;No;No;N/A;N/A;N/A;N/A;N/A;N/A;N/A;N/A;N/A;N/A;N/A;N/A;N/A;Sí;N/A;N/A;N/A;N/A;N/A;N/A;N/A;N/A;N/A;N/A;N/A;N/A;N/A;N/A;N/A;N/A;N/A;N/A;N/A;N/A;N/A;N/A;N/A;N/A;N/A;N/A;N/A;N/A;N/A;N/A;N/A;N/A;Sí;N/A;N/A;N/A;Sí;No;N/A;N/A;N/A;N/A;N/A;N/A;N/A;N/A;N/A;N/A;N/A;N/A;N/A;N/A;N/A;N/A;N/A;N/A;N/A;N/A;N/A;N/A;N/A;N/A;N/A;N/A;N/A;N/A;N/A;Sí;N/A;N/A;N/A;Sí;Sí;Sí;Sí;Sí;Sí;Sí;N/A;Sí;Sí;N/A;N/A;N/A;N/A;Sí;N/A;N/A;N/A;Sí;Sí;Sí;Sí;N/A;Sí;Sí;Sí
Toyota;Hilux;"2.7 D.cab. Srv 4x4";2021;"120000 km";;ISSOGARAGE;36900;;;;;Carrasco;https://auto.mercadolibre.com.uy/MLU-645527713-toyota-hilux-2021-27-dcab-srv-4x4-_JM;N/A;;"Toyota Hilux 2021 2.7 D.cab. Srv 4x4";usd;Sí;silver;false;N/A;N/A;http://perfil.mercadolibre.com.uy/ISSOGARAGE;active;N/A;N/A;Usado;N/A;N/A;Hidráulica;4x4;Sí;N/A;Sí;N/A;N/A;N/A;N/A;N/A;N/A;N/A;N/A;N/A;N/A;N/A;N/A;N/A;N/A;N/A;N/A;N/A;N/A;N/A;N/A;N/A;N/A;"2860 mm";"2.7 L";"80 L";5;N/A;N/A;N/A;N/A;N/A;N/A;N/A;N/A;N/A;N/A;N/A;N/A;N/A;N/A;N/A;N/A;N/A;N/A;N/A;N/A;N/A;N/A;N/A;N/A;N/A;N/A;N/A;N/A;N/A;N/A;N/A;N/A;N/A;N/A;N/A;N/A;N/A;N/A;N/A;N/A;N/A;N/A;N/A;N/A;N/A;"1850 mm";"5260 mm";N/A;N/A;N/A;N/A;5;"177 hp";Srv;N/A;2;"1855 mm";N/A;Sí;N/A;N/A;N/A;N/A;N/A;N/A;N/A;N/A;N/A;N/A;N/A;N/A;N/A;N/A;N/A;N/A;4;2.7;Nafta;Manual;Pick-Up;"Autos y camionetas";N/A;N/A;N/A;N/A;N/A;N/A;UY;N/A;N/A;N/A;N/A;N/A;N/A;N/A;N/A;N/A;N/A;N/A;N/A;N/A;N/A;N/A;N/A;N/A;N/A;N/A;N/A;N/A;N/A;N/A;N/A;N/A;N/A;N/A;N/A;N/A;N/A;N/A;N/A;N/A;N/A;N/A;N/A;N/A;N/A;N/A;N/A;N/A;N/A;N/A;N/A;N/A;N/A;N/A;N/A;N/A;N/A;N/A;N/A;N/A;N/A;N/A;N/A;N/A;N/A;N/A;N/A;N/A;N/A;N/A;N/A;N/A;N/A;N/A;N/A;N/A;N/A;N/A;N/A;N/A;N/A;N/A;N/A;N/A;N/A;N/A;N/A;N/A;N/A;N/A;N/A;N/A;N/A;N/A;N/A;N/A;N/A;N/A;N/A;N/A;N/A;N/A;N/A;N/A;N/A;N/A;N/A;N/A;N/A;N/A;N/A;N/A;Sí;N/A;Sí;N/A;N/A;N/A;Sí;Sí;N/A;N/A
Toyota;Hilux;"SRV 4x2 DIESEL 3.0";2012;"404000 km";;"KIA MOTORSPANDO";28300;;;;;Pando;https://auto.mercadolibre.com.uy/MLU-696905788-toyota-hilux-srv-4x2-diesel-30-30-2012-impecable-_JM;N/A;;"Toyota Hilux Srv 4x2 Diesel 3.0 3.0 2012 Impecable!";USD;Sí;silver;false;N/A;N/A;http://perfil.mercadolibre.com.uy/KIA+MOTORSPANDO;active;N/A;N/A;Usado;Azul;Sí;Hidráulica;4x2;Sí;Sí;N/A;N/A;N/A;N/A;N/A;N/A;Sí;N/A;Sí;N/A;Sí;N/A;N/A;N/A;N/A;N/A;N/A;N/A;N/A;N/A;N/A;N/A;N/A;N/A;"3000 cc";N/A;5;N/A;N/A;N/A;N/A;Sí;N/A;N/A;N/A;N/A;N/A;N/A;N/A;N/A;N/A;N/A;N/A;N/A;N/A;N/A;N/A;N/A;N/A;N/A;N/A;N/A;N/A;N/A;N/A;N/A;N/A;N/A;N/A;N/A;N/A;N/A;N/A;N/A;N/A;N/A;N/A;N/A;N/A;Sí;N/A;N/A;N/A;N/A;N/A;N/A;N/A;N/A;N/A;"171 hp";Srv;N/A;N/A;N/A;"10 km/l";N/A;N/A;N/A;N/A;N/A;N/A;N/A;N/A;N/A;N/A;"11 km/l";N/A;N/A;N/A;N/A;N/A;"Lun. a Vie. de 8:30 a 18:30 hs. Sáb. de 8:30 a 12:30 hs";4;3.0;Diésel;Manual;Pick-Up;"Autos y camionetas";No;N/A;N/A;N/A;No;N/A;N/A;No;Sí;No;No;N/A;N/A;N/A;N/A;N/A;N/A;N/A;N/A;N/A;N/A;N/A;N/A;N/A;N/A;N/A;N/A;N/A;N/A;N/A;N/A;N/A;N/A;N/A;N/A;N/A;N/A;N/A;N/A;N/A;N/A;N/A;N/A;N/A;N/A;N/A;N/A;N/A;N/A;N/A;N/A;N/A;N/A;N/A;N/A;N/A;N/A;N/A;N/A;N/A;N/A;N/A;No;N/A;N/A;N/A;N/A;N/A;N/A;N/A;N/A;N/A;N/A;N/A;N/A;N/A;N/A;N/A;N/A;N/A;N/A;N/A;N/A;N/A;N/A;N/A;N/A;N/A;N/A;N/A;N/A;N/A;N/A;N/A;N/A;N/A;Sí;N/A;Sí;N/A;Sí;N/A;N/A;N/A;N/A;N/A;N/A;N/A;N/A;N/A;N/A;Sí;N/A;N/A;N/A;N/A;N/A;N/A;N/A;N/A;N/A;N/A
Toyota;RAV4;"HYBRID AWD LIMITED";2022;"28000 km";;LAGOMARAUTOMOVILES;61990;;;;;"Ciudad de la Costa";https://auto.mercadolibre.com.uy/MLU-694093200-toyota-rav4-hybrid-awd-lim-americana-lagomar-automoviles-_JM;N/A;;"Toyota Rav4 Hybrid Awd Lim. Americana - Lagomar Automóviles";usd;Sí;silver;false;N/A;N/A;http://perfil.mercadolibre.com.uy/LAGOMARAUTOMOVILES;active;N/A;N/A;Usado;"Gris oscuro";Sí;Eléctrica;N/A;N/A;Sí;Sí;Sí;N/A;N/A;Sí;Sí;Sí;Sí;Sí;Sí;Sí;N/A;Sí;N/A;N/A;N/A;N/A;N/A;N/A;N/A;N/A;N/A;N/A;N/A;"2500 cc";N/A;6;N/A;N/A;N/A;Sí;Sí;Sí;Sí;N/A;N/A;N/A;N/A;N/A;N/A;N/A;N/A;N/A;N/A;N/A;N/A;N/A;N/A;Sí;N/A;Sí;N/A;Sí;N/A;Sí;N/A;Sí;N/A;N/A;N/A;N/A;N/A;N/A;Sí;N/A;N/A;N/A;N/A;N/A;Sí;N/A;N/A;N/A;N/A;N/A;N/A;N/A;N/A;N/A;"222 hp";N/A;N/A;N/A;N/A;N/A;N/A;N/A;Sí;Sí;Sí;Sí;Sí;Sí;Sí;Sí;N/A;N/A;N/A;N/A;N/A;Sí;"Lun. a Vie. 9:30 a 13 y 14 a 19 hs. Sáb. 9:30 a 13:30 hs.";5;2.5;Híbrido;"Automática secuencial";SUV;"Autos y camionetas";No;N/A;N/A;N/A;No;N/A;UY;No;Sí;No;No;N/A;N/A;N/A;N/A;N/A;N/A;N/A;N/A;N/A;N/A;N/A;N/A;N/A;N/A;N/A;N/A;N/A;N/A;N/A;N/A;N/A;N/A;N/A;N/A;N/A;N/A;N/A;N/A;N/A;N/A;N/A;N/A;N/A;N/A;N/A;N/A;N/A;N/A;N/A;N/A;N/A;N/A;N/A;N/A;N/A;N/A;N/A;N/A;N/A;N/A;Sí;No;N/A;N/A;N/A;N/A;N/A;N/A;N/A;N/A;N/A;N/A;N/A;N/A;N/A;N/A;N/A;N/A;N/A;N/A;N/A;N/A;N/A;N/A;N/A;N/A;N/A;N/A;N/A;N/A;N/A;N/A;N/A;N/A;N/A;Sí;Sí;Sí;Sí;Sí;Sí;Sí;N/A;Sí;Sí;Sí;Sí;N/A;N/A;Sí;Sí;Sí;N/A;Sí;N/A;Sí;N/A;N/A;Sí;N/A;Sí
Toyota;RAV4;"2.4 4x2 At";2010;"171000 km";;"PANDO AUTOMÓVILES";15500;;;;;Pando;https://auto.mercadolibre.com.uy/MLU-692616990-toyota-rav-4-_JM;N/A;;"Toyota Rav 4";usd;Sí;silver;false;N/A;N/A;http://perfil.mercadolibre.com.uy/PANDO+AUTOM%C3%93VILES;active;N/A;N/A;Usado;Negro;N/A;Asistida;4x2;Sí;N/A;Sí;N/A;N/A;N/A;N/A;N/A;N/A;N/A;N/A;N/A;N/A;N/A;N/A;N/A;N/A;N/A;N/A;N/A;N/A;N/A;N/A;N/A;N/A;"2660 mm";"2.4 L";"60 L";4;N/A;N/A;N/A;N/A;N/A;N/A;N/A;N/A;N/A;Sí;N/A;N/A;N/A;N/A;N/A;N/A;N/A;N/A;N/A;N/A;N/A;N/A;N/A;N/A;N/A;N/A;N/A;N/A;N/A;N/A;N/A;N/A;N/A;Sí;Sí;N/A;N/A;N/A;N/A;N/A;N/A;N/A;N/A;N/A;N/A;"1685 mm";"4625 mm";N/A;N/A;N/A;N/A;5;"170 hp";N/A;N/A;4;"1815 mm";N/A;N/A;N/A;N/A;Sí;N/A;N/A;N/A;N/A;N/A;N/A;N/A;N/A;N/A;N/A;N/A;N/A;"Lunes a Viernes de 9:00 a 18:00 y Sábados de 9:30 a 13:00";5;2.4;Nafta;Automática;SUV;"Autos y camionetas";N/A;N/A;N/A;N/A;N/A;N/A;UY;N/A;N/A;N/A;N/A;N/A;N/A;N/A;N/A;N/A;N/A;N/A;N/A;N/A;N/A;N/A;N/A;N/A;N/A;N/A;N/A;N/A;N/A;N/A;N/A;N/A;N/A;N/A;N/A;N/A;N/A;N/A;N/A;N/A;N/A;N/A;N/A;N/A;N/A;N/A;N/A;N/A;N/A;N/A;N/A;N/A;N/A;N/A;N/A;N/A;N/A;N/A;N/A;N/A;N/A;N/A;N/A;N/A;N/A;N/A;N/A;N/A;N/A;N/A;N/A;N/A;N/A;N/A;N/A;N/A;N/A;N/A;N/A;N/A;N/A;N/A;N/A;N/A;N/A;N/A;N/A;N/A;N/A;N/A;N/A;N/A;N/A;N/A;N/A;N/A;N/A;N/A;N/A;N/A;N/A;N/A;N/A;N/A;N/A;N/A;N/A;N/A;N/A;N/A;N/A;N/A;N/A;N/A;Sí;N/A;N/A;N/A;N/A;Sí;N/A;N/A
Toyota;"Rav4 Hybrid";4x2;2017;"156000 km";;"LOPEZ MOTORS";30500;;;;;"Las Piedras";https://auto.mercadolibre.com.uy/MLU-701418992-toyota-rav4-hybrida-_JM;N/A;;"Toyota Rav4 Hybrida";USD;Sí;silver;false;N/A;N/A;http://perfil.mercadolibre.com.uy/LOPEZ+MOTORS;active;N/A;N/A;Usado;Blanco;No;Eléctrica;4x2;Sí;Sí;N/A;N/A;N/A;Sí;N/A;N/A;No;N/A;N/A;Sí;Sí;N/A;Sí;N/A;N/A;N/A;N/A;N/A;N/A;N/A;N/A;N/A;N/A;N/A;N/A;N/A;N/A;N/A;N/A;N/A;N/A;N/A;Sí;N/A;N/A;N/A;N/A;N/A;N/A;N/A;N/A;N/A;N/A;N/A;N/A;N/A;N/A;N/A;N/A;N/A;N/A;N/A;N/A;N/A;N/A;N/A;Sí;N/A;N/A;N/A;N/A;N/A;N/A;N/A;N/A;N/A;N/A;N/A;N/A;N/A;N/A;N/A;N/A;N/A;N/A;N/A;N/A;N/A;N/A;N/A;N/A;N/A;N/A;N/A;N/A;Sí;N/A;Sí;Sí;N/A;Sí;Sí;N/A;Sí;N/A;N/A;No;No;N/A;N/A;Sí;"De lunes a viernes de las 8:30 hs a 12:00 hs y de las 14:00 hs hasta las 18:00 hs...";5;2.0;Híbrido;"Automática secuencial";SUV;"Autos y camionetas";No;N/A;N/A;N/A;No;N/A;N/A;N/A;Sí;N/A;No;N/A;N/A;N/A;N/A;N/A;N/A;N/A;N/A;N/A;N/A;N/A;N/A;N/A;Sí;N/A;N/A;N/A;N/A;N/A;N/A;N/A;N/A;N/A;N/A;N/A;N/A;N/A;N/A;N/A;N/A;N/A;N/A;No;N/A;N/A;N/A;N/A;N/A;N/A;N/A;N/A;N/A;N/A;N/A;N/A;N/A;N/A;N/A;N/A;N/A;No;No;N/A;N/A;N/A;N/A;N/A;N/A;N/A;N/A;N/A;N/A;N/A;N/A;N/A;N/A;N/A;N/A;N/A;N/A;N/A;N/A;N/A;N/A;N/A;N/A;N/A;N/A;N/A;N/A;N/A;N/A;N/A;N/A;Sí;Sí;Sí;Sí;N/A;Sí;N/A;N/A;N/A;N/A;Sí;Sí;Sí;Sí;N/A;N/A;Sí;Sí;Sí;Sí;Sí;Sí;No;No;Sí;N/A;Sí
Toyota;RAV4;"Hybrid Limited Plus 4x4";2024;"0 km";;LAUTOMOTORA;70990;;;;;"San Jacinto";https://auto.mercadolibre.com.uy/MLU-677979038-toyota-rav4-hybrid-limited-plus-4x4-2024-0km-lautomotora-_JM;N/A;;"Toyota Rav4 Hybrid Limited Plus 4x4 2024 0km - Lautomotora";usd;Sí;silver;false;N/A;N/A;http://perfil.mercadolibre.com.uy/LAUTOMOTORA;active;N/A;N/A;Nuevo;"Gris oscuro";N/A;Hidráulica;N/A;N/A;Sí;Sí;Sí;Sí;N/A;Sí;Sí;Sí;Sí;Sí;Sí;Sí;N/A;Sí;N/A;N/A;N/A;N/A;N/A;N/A;N/A;N/A;N/A;N/A;N/A;"2500 cc";N/A;6;N/A;N/A;Sí;Sí;Sí;Sí;Sí;N/A;N/A;N/A;N/A;N/A;N/A;N/A;N/A;N/A;N/A;N/A;N/A;N/A;N/A;N/A;N/A;Sí;N/A;Sí;N/A;N/A;N/A;N/A;N/A;N/A;N/A;N/A;N/A;N/A;Sí;N/A;N/A;N/A;N/A;N/A;Sí;N/A;N/A;N/A;N/A;N/A;N/A;N/A;N/A;N/A;"221 hp";N/A;N/A;N/A;N/A;"18 km/l";N/A;N/A;Sí;Sí;Sí;Sí;Sí;Sí;Sí;N/A;"20 km/l";N/A;N/A;N/A;N/A;Sí;"Lunes a viernes de 9 a 13 y de 14 a 19 hs";5;2.5;Híbrido;"Automática secuencial";SUV;"Autos y camionetas";No;N/A;N/A;N/A;No;N/A;UY;No;Sí;No;No;N/A;N/A;N/A;N/A;N/A;N/A;N/A;N/A;N/A;N/A;N/A;N/A;N/A;Sí;N/A;N/A;N/A;N/A;N/A;N/A;N/A;N/A;N/A;N/A;Sí;N/A;N/A;N/A;N/A;N/A;N/A;N/A;Sí;N/A;N/A;N/A;N/A;N/A;N/A;N/A;N/A;N/A;Sí;N/A;N/A;N/A;Sí;Sí;N/A;N/A;Sí;No;N/A;N/A;N/A;N/A;N/A;N/A;N/A;N/A;N/A;N/A;N/A;N/A;N/A;N/A;N/A;N/A;N/A;N/A;N/A;N/A;N/A;N/A;N/A;N/A;N/A;N/A;N/A;N/A;N/A;Sí;N/A;N/A;N/A;Sí;Sí;Sí;Sí;Sí;Sí;Sí;N/A;Sí;Sí;Sí;Sí;N/A;N/A;Sí;Sí;Sí;N/A;Sí;Sí;Sí;N/A;N/A;Sí;N/A;Sí
Toyota;Hilux;"2.4 D.cab. T.dsl Dx 4x4";2022;"140000 km";;PABLINTHEONE;39900;;;;;Centro;https://auto.mercadolibre.com.uy/MLU-700486930-toyota-hilux-2022-24-dcab-tdsl-dx-4x4-_JM;N/A;;"Toyota Hilux 2022 2.4 D.cab. T.dsl Dx 4x4";usd;Sí;silver;false;N/A;N/A;http://perfil.mercadolibre.com.uy/PABLINTHEONE;active;N/A;N/A;Usado;N/A;N/A;Hidráulica;4x4;Sí;N/A;Sí;N/A;N/A;N/A;N/A;N/A;N/A;N/A;N/A;N/A;N/A;N/A;N/A;N/A;N/A;N/A;N/A;N/A;N/A;N/A;N/A;N/A;N/A;"2860 mm";"2.4 L";"80 L";5;N/A;N/A;N/A;N/A;N/A;N/A;N/A;N/A;N/A;N/A;N/A;N/A;N/A;N/A;N/A;N/A;N/A;N/A;N/A;N/A;N/A;N/A;N/A;N/A;N/A;N/A;N/A;N/A;N/A;N/A;N/A;N/A;N/A;N/A;N/A;N/A;N/A;N/A;N/A;N/A;N/A;N/A;N/A;N/A;N/A;"1850 mm";"5260 mm";N/A;N/A;N/A;N/A;5;"150 hp";Dx;N/A;4;"1855 mm";"8.2 km/l";N/A;N/A;N/A;N/A;N/A;N/A;N/A;N/A;N/A;N/A;"6.3 km/l";N/A;N/A;N/A;N/A;N/A;N/A;4;2.4;Diésel;Manual;Pick-Up;"Autos y camionetas";N/A;N/A;N/A;N/A;N/A;N/A;UY;N/A;N/A;N/A;N/A;N/A;N/A;N/A;N/A;N/A;N/A;N/A;N/A;N/A;N/A;N/A;N/A;N/A;N/A;N/A;N/A;N/A;N/A;N/A;N/A;N/A;N/A;N/A;N/A;N/A;N/A;N/A;N/A;N/A;N/A;N/A;N/A;N/A;N/A;N/A;N/A;N/A;N/A;N/A;N/A;N/A;N/A;N/A;N/A;N/A;N/A;N/A;N/A;N/A;N/A;N/A;N/A;N/A;N/A;N/A;N/A;N/A;N/A;N/A;N/A;N/A;N/A;N/A;N/A;N/A;N/A;N/A;N/A;N/A;N/A;N/A;N/A;N/A;N/A;N/A;N/A;N/A;N/A;N/A;N/A;N/A;N/A;N/A;N/A;N/A;N/A;N/A;N/A;N/A;N/A;N/A;N/A;N/A;N/A;N/A;N/A;N/A;N/A;N/A;N/A;N/A;Sí;N/A;Sí;N/A;N/A;N/A;N/A;Sí;N/A;N/A
Toyota;"Corolla Cross";"1.8 Seg Hybrid E-cvt";2024;"0 km";;"OLIVERA AUTOMOTORES";44990;;;;;Salto;https://auto.mercadolibre.com.uy/MLU-693580120-toyota-corolla-cross-seg-_JM;N/A;;"Toyota Corolla Cross Seg ";usd;Sí;silver;false;N/A;N/A;http://perfil.mercadolibre.com.uy/OLIVERA+AUTOMOTORES;active;N/A;N/A;Nuevo;Gris;N/A;Eléctrica;4x2;Sí;N/A;Sí;N/A;N/A;N/A;N/A;N/A;N/A;N/A;N/A;N/A;N/A;N/A;N/A;N/A;N/A;N/A;N/A;N/A;N/A;N/A;N/A;N/A;N/A;"2660 mm";"1.8 L";"60 L";5;N/A;N/A;N/A;N/A;N/A;N/A;N/A;N/A;N/A;N/A;N/A;N/A;N/A;N/A;N/A;N/A;N/A;N/A;N/A;N/A;N/A;N/A;N/A;N/A;N/A;N/A;N/A;N/A;N/A;N/A;N/A;N/A;N/A;N/A;N/A;N/A;N/A;N/A;N/A;N/A;N/A;N/A;N/A;N/A;N/A;"1715 mm";"4570 mm";N/A;N/A;N/A;N/A;5;"146 hp";Seg;N/A;4;"1845 mm";N/A;N/A;N/A;N/A;N/A;N/A;N/A;N/A;N/A;N/A;N/A;"10.9 km/l";N/A;N/A;N/A;N/A;N/A;N/A;5;1.8;Híbrido;Automática;SUV;"Autos y camionetas";N/A;N/A;N/A;N/A;N/A;N/A;UY;N/A;N/A;N/A;N/A;N/A;N/A;N/A;N/A;N/A;N/A;N/A;N/A;N/A;N/A;N/A;N/A;N/A;N/A;N/A;N/A;N/A;N/A;N/A;N/A;N/A;N/A;N/A;N/A;N/A;N/A;N/A;N/A;N/A;N/A;N/A;N/A;N/A;N/A;N/A;N/A;N/A;N/A;N/A;N/A;N/A;N/A;N/A;N/A;N/A;N/A;N/A;N/A;N/A;N/A;N/A;N/A;N/A;N/A;N/A;N/A;N/A;N/A;N/A;N/A;N/A;N/A;N/A;N/A;N/A;N/A;N/A;N/A;N/A;N/A;N/A;N/A;N/A;N/A;N/A;N/A;N/A;N/A;N/A;N/A;N/A;N/A;N/A;N/A;N/A;N/A;N/A;N/A;N/A;N/A;N/A;N/A;N/A;N/A;N/A;N/A;N/A;N/A;N/A;N/A;N/A;Sí;N/A;Sí;N/A;N/A;N/A;N/A;Sí;N/A;N/A
Toyota;Hilux;"SR 4x2 Nafta";2024;"0 km";;CASARIEGOAUTOMOVILES;37990;;;;;Melo;https://auto.mercadolibre.com.uy/MLU-689590734-toyota-hilux-sr-4x2-nafta-27-2024-0km-_JM;N/A;;"Toyota Hilux Sr 4x2 Nafta 2.7 2024 0km";usd;Sí;silver;false;N/A;N/A;http://perfil.mercadolibre.com.uy/CASARIEGOAUTOMOVILES;active;N/A;N/A;Nuevo;Blanco;N/A;Eléctrica;N/A;Sí;Sí;Sí;N/A;N/A;N/A;Sí;Sí;N/A;N/A;Sí;Sí;Sí;N/A;N/A;N/A;N/A;N/A;N/A;N/A;N/A;N/A;N/A;N/A;N/A;N/A;"2700 cc";N/A;5;N/A;N/A;Sí;Sí;Sí;N/A;N/A;N/A;N/A;N/A;N/A;N/A;N/A;N/A;N/A;N/A;N/A;N/A;N/A;N/A;N/A;N/A;N/A;Sí;N/A;Sí;N/A;Sí;N/A;N/A;N/A;N/A;N/A;N/A;N/A;N/A;N/A;N/A;N/A;N/A;N/A;N/A;N/A;N/A;N/A;N/A;N/A;N/A;N/A;N/A;N/A;N/A;"167 hp";Sr;N/A;N/A;N/A;N/A;N/A;N/A;Sí;Sí;N/A;Sí;Sí;N/A;N/A;N/A;N/A;N/A;N/A;N/A;N/A;N/A;"Lun. a Vie. 8 a 12:30 y 14:30 a 20 hs. Sáb. 8 a 13 hs.";4;2.7;Nafta;Manual;Pick-Up;"Autos y camionetas";No;N/A;N/A;N/A;No;N/A;UY;No;Sí;No;No;N/A;N/A;N/A;N/A;N/A;N/A;N/A;N/A;N/A;N/A;N/A;N/A;N/A;N/A;N/A;N/A;N/A;N/A;N/A;N/A;N/A;N/A;N/A;N/A;N/A;N/A;N/A;N/A;N/A;N/A;N/A;N/A;Sí;N/A;N/A;N/A;N/A;N/A;N/A;N/A;N/A;N/A;N/A;N/A;N/A;N/A;N/A;N/A;N/A;N/A;Sí;No;N/A;N/A;N/A;N/A;N/A;N/A;N/A;N/A;N/A;N/A;N/A;N/A;N/A;N/A;N/A;N/A;N/A;N/A;N/A;N/A;N/A;N/A;N/A;N/A;N/A;N/A;N/A;N/A;N/A;N/A;N/A;N/A;N/A;Sí;Sí;Sí;Sí;Sí;Sí;Sí;N/A;Sí;Sí;N/A;N/A;N/A;N/A;Sí;Sí;Sí;N/A;Sí;N/A;Sí;N/A;N/A;N/A;N/A;Sí
Toyota;Hilux;"SRX 4X4 AT DIESEL";2024;"0 km";;"NOGAR AUTOMOVILES";82990;;;;;"San José de Mayo";https://auto.mercadolibre.com.uy/MLU-676044538-toyota-hilux-srx-4x4-at-28-diesel-0km-_JM;N/A;;"Toyota Hilux Srx 4x4 At 2.8 Diesel 0km";usd;Sí;silver;false;N/A;N/A;http://perfil.mercadolibre.com.uy/NOGAR+AUTOMOVILES;active;N/A;N/A;Nuevo;Plateado;N/A;Asistida;4x4;Sí;Sí;Sí;N/A;N/A;N/A;N/A;N/A;Sí;N/A;N/A;Sí;Sí;N/A;N/A;N/A;N/A;N/A;N/A;N/A;N/A;N/A;N/A;N/A;N/A;"2860 mm";"2.4 L";"80 L";5;N/A;N/A;N/A;N/A;N/A;N/A;N/A;N/A;N/A;N/A;N/A;N/A;N/A;N/A;N/A;N/A;N/A;N/A;N/A;N/A;N/A;N/A;N/A;N/A;N/A;N/A;N/A;N/A;N/A;N/A;N/A;N/A;N/A;N/A;N/A;N/A;N/A;N/A;N/A;N/A;N/A;N/A;N/A;N/A;N/A;"1850 mm";"5260 mm";N/A;N/A;N/A;N/A;5;"150 hp";Dx;N/A;4;"1855 mm";"8.2 km/l";N/A;N/A;Sí;Sí;N/A;Sí;Sí;N/A;N/A;N/A;"6.3 km/l";N/A;N/A;N/A;N/A;N/A;"L A V 9 A 12- 14.30 A 18- SÁB 9 A 12";4;2.8;Diésel;Automática;Pick-Up;"Autos y camionetas";N/A;N/A;N/A;N/A;N/A;N/A;UY;N/A;Sí;N/A;N/A;N/A;N/A;N/A;N/A;N/A;N/A;N/A;N/A;N/A;N/A;N/A;N/A;N/A;Sí;N/A;N/A;N/A;N/A;N/A;N/A;N/A;N/A;N/A;N/A;N/A;N/A;N/A;N/A;N/A;N/A;N/A;N/A;Sí;N/A;N/A;N/A;N/A;N/A;N/A;N/A;N/A;N/A;N/A;N/A;N/A;N/A;N/A;N/A;N/A;N/A;Sí;N/A;N/A;N/A;N/A;N/A;N/A;N/A;N/A;N/A;N/A;N/A;N/A;N/A;N/A;N/A;N/A;N/A;N/A;N/A;N/A;N/A;N/A;N/A;N/A;N/A;N/A;N/A;N/A;N/A;N/A;N/A;N/A;N/A;N/A;Sí;N/A;Sí;N/A;Sí;N/A;N/A;N/A;N/A;Sí;Sí;N/A;N/A;N/A;N/A;Sí;Sí;Sí;Sí;Sí;Sí;N/A;N/A;Sí;N/A;Sí
Toyota;Yaris;"1.5 Sedan Base 5vel Aa Mt";2010;"190 km";;ROFE9053676;8990;;;;;Carrasco;https://auto.mercadolibre.com.uy/MLU-701454072-toyota-yaris-15-sedan-base-5vel-aa-mt-_JM;N/A;;"Toyota Yaris 1.5 Sedan Base 5vel Aa Mt";usd;Sí;silver;false;N/A;N/A;http://perfil.mercadolibre.com.uy/ROFE9053676;active;N/A;N/A;Usado;Gris;N/A;Hidráulica;Delantera;Sí;N/A;N/A;N/A;N/A;N/A;N/A;N/A;N/A;N/A;N/A;N/A;N/A;N/A;N/A;N/A;N/A;N/A;N/A;N/A;N/A;N/A;N/A;N/A;N/A;N/A;"1.5 L";N/A;N/A;N/A;N/A;N/A;N/A;N/A;N/A;N/A;N/A;N/A;N/A;N/A;N/A;N/A;N/A;N/A;N/A;N/A;N/A;N/A;N/A;N/A;N/A;N/A;N/A;N/A;N/A;N/A;N/A;N/A;N/A;N/A;N/A;N/A;N/A;N/A;N/A;N/A;N/A;N/A;N/A;N/A;N/A;N/A;N/A;N/A;N/A;N/A;N/A;N/A;N/A;N/A;5;N/A;N/A;N/A;N/A;N/A;N/A;N/A;N/A;N/A;N/A;N/A;N/A;N/A;N/A;N/A;N/A;N/A;N/A;N/A;N/A;N/A;N/A;Siempre;4;1.5;Nafta;Manual;Sedán;"Autos y camionetas";N/A;N/A;N/A;N/A;N/A;N/A;UY;N/A;N/A;N/A;N/A;N/A;N/A;N/A;N/A;N/A;N/A;N/A;N/A;N/A;N/A;N/A;N/A;N/A;N/A;N/A;N/A;N/A;N/A;N/A;N/A;N/A;N/A;N/A;N/A;N/A;N/A;N/A;N/A;N/A;N/A;N/A;N/A;N/A;N/A;N/A;N/A;N/A;N/A;N/A;N/A;N/A;N/A;N/A;N/A;N/A;N/A;N/A;N/A;N/A;N/A;N/A;N/A;N/A;N/A;N/A;N/A;N/A;N/A;N/A;N/A;N/A;N/A;N/A;N/A;N/A;N/A;N/A;N/A;N/A;N/A;N/A;N/A;N/A;N/A;N/A;N/A;N/A;N/A;N/A;N/A;N/A;N/A;N/A;N/A;N/A;N/A;N/A;N/A;N/A;N/A;N/A;N/A;N/A;N/A;N/A;N/A;N/A;N/A;N/A;N/A;N/A;N/A;N/A;Sí;N/A;N/A;N/A;N/A;N/A;N/A;N/A
Toyota;Hilux;"Toyota Hilux 2.8 Plus, 4x4 Disel (único dueño)";2020;"184000 km";;CAIG8326924;48700;;;;;Paysandú;https://auto.mercadolibre.com.uy/MLU-646552145-undefined-_JM;N/A;;Undefined;USD;Sí;silver;false;N/A;N/A;http://perfil.mercadolibre.com.uy/CAIG8326924;active;N/A;N/A;Usado;Gris;N/A;Hidráulica;4x4;Sí;N/A;N/A;N/A;N/A;N/A;N/A;N/A;Sí;N/A;N/A;N/A;Sí;N/A;N/A;N/A;N/A;N/A;N/A;N/A;N/A;N/A;N/A;N/A;N/A;N/A;N/A;N/A;N/A;N/A;N/A;N/A;N/A;N/A;N/A;N/A;N/A;N/A;N/A;N/A;N/A;N/A;N/A;N/A;N/A;N/A;N/A;N/A;N/A;N/A;N/A;N/A;N/A;N/A;N/A;N/A;N/A;N/A;N/A;N/A;N/A;N/A;N/A;N/A;N/A;N/A;N/A;N/A;N/A;N/A;N/A;N/A;N/A;N/A;N/A;N/A;N/A;N/A;N/A;N/A;N/A;N/A;N/A;N/A;N/A;N/A;N/A;N/A;N/A;Sí;Sí;N/A;N/A;Sí;N/A;N/A;N/A;N/A;N/A;N/A;N/A;N/A;N/A;N/A;4;2.8;Diésel;Automática;N/A;"Autos y camionetas";N/A;N/A;N/A;N/A;N/A;N/A;N/A;N/A;N/A;N/A;N/A;N/A;N/A;N/A;N/A;N/A;N/A;N/A;N/A;N/A;N/A;N/A;N/A;N/A;Sí;N/A;N/A;N/A;N/A;N/A;N/A;N/A;N/A;N/A;N/A;N/A;N/A;N/A;N/A;N/A;N/A;N/A;N/A;N/A;N/A;N/A;N/A;N/A;N/A;N/A;N/A;N/A;N/A;N/A;N/A;N/A;N/A;N/A;N/A;N/A;N/A;N/A;N/A;N/A;N/A;N/A;N/A;N/A;N/A;N/A;N/A;N/A;N/A;N/A;N/A;N/A;N/A;N/A;N/A;N/A;N/A;N/A;N/A;N/A;N/A;N/A;N/A;N/A;N/A;N/A;N/A;N/A;N/A;N/A;N/A;N/A;Sí;Sí;N/A;N/A;Sí;N/A;N/A;N/A;N/A;Sí;N/A;N/A;N/A;N/A;N/A;N/A;Sí;N/A;N/A;N/A;N/A;N/A;N/A;N/A;N/A;N/A
Toyota;Hilux;"2.8 Tdi Cd Srv 4X4 Mt";2021;"85000 km";;LAPAZMOTORSAUTOMOVILES;55900;;;;;"Aeropuerto Internacional De Carrasco";https://auto.mercadolibre.com.uy/MLU-699502782-toyota-hilux-28-tdi-cd-srv-4x4-mt-_JM;N/A;;"Toyota Hilux 2.8 Tdi Cd Srv 4x4 Mt";usd;Sí;silver;false;N/A;N/A;http://perfil.mercadolibre.com.uy/LAPAZMOTORSAUTOMOVILES;active;N/A;N/A;Usado;Blanco;Sí;Hidráulica;4x4;Sí;N/A;Sí;N/A;N/A;N/A;N/A;N/A;N/A;N/A;N/A;N/A;N/A;N/A;N/A;N/A;N/A;N/A;N/A;N/A;N/A;N/A;N/A;N/A;N/A;"3085 mm";"2.8 L";"80 L";6;N/A;N/A;N/A;N/A;N/A;N/A;N/A;N/A;N/A;N/A;N/A;N/A;N/A;N/A;N/A;N/A;N/A;N/A;N/A;N/A;N/A;N/A;N/A;N/A;N/A;N/A;N/A;N/A;N/A;N/A;N/A;N/A;N/A;N/A;N/A;N/A;N/A;N/A;N/A;N/A;N/A;N/A;N/A;N/A;N/A;"1815 mm";"5325 mm";N/A;N/A;N/A;N/A;5;"204 hp";Srv;N/A;4;"1855 mm";N/A;N/A;N/A;N/A;N/A;N/A;N/A;Sí;N/A;N/A;N/A;N/A;N/A;N/A;N/A;N/A;N/A;N/A;4;2.8;Diésel;Manual;Pick-Up;"Autos y camionetas";N/A;N/A;N/A;N/A;N/A;N/A;UY;N/A;Sí;N/A;N/A;N/A;N/A;N/A;N/A;N/A;N/A;N/A;N/A;N/A;N/A;N/A;N/A;N/A;N/A;N/A;N/A;N/A;N/A;N/A;N/A;N/A;N/A;N/A;N/A;N/A;N/A;N/A;N/A;N/A;N/A;N/A;N/A;N/A;N/A;N/A;N/A;N/A;N/A;N/A;N/A;N/A;N/A;N/A;N/A;N/A;N/A;N/A;N/A;N/A;N/A;N/A;Sí;N/A;N/A;N/A;N/A;N/A;N/A;N/A;N/A;N/A;N/A;N/A;N/A;N/A;N/A;N/A;N/A;N/A;N/A;N/A;N/A;N/A;N/A;N/A;N/A;N/A;N/A;N/A;N/A;N/A;N/A;N/A;N/A;N/A;N/A;N/A;N/A;N/A;N/A;N/A;N/A;N/A;N/A;N/A;N/A;N/A;N/A;N/A;N/A;N/A;Sí;N/A;Sí;N/A;N/A;N/A;N/A;Sí;N/A;N/A
Toyota;RAV4;"L 4WD";2001;"246000 km";;LAGOMARAUTOMOVILES;11990;;;;;"Ciudad de la Costa";https://auto.mercadolibre.com.uy/MLU-697899124-toyota-rav4-l-4wd-20-2001-lagomar-automoviles-_JM;N/A;;"Toyota Rav4 L 4wd 2.0 2001 - Lagomar Automóviles";USD;No;silver;false;N/A;N/A;http://perfil.mercadolibre.com.uy/LAGOMARAUTOMOVILES;active;N/A;N/A;Usado;Plateado;N/A;Hidráulica;N/A;Sí;Sí;Sí;N/A;N/A;N/A;Sí;Sí;Sí;N/A;Sí;N/A;Sí;N/A;N/A;N/A;N/A;N/A;N/A;N/A;N/A;N/A;N/A;N/A;N/A;N/A;"2000 cc";N/A;4;N/A;N/A;N/A;N/A;N/A;N/A;N/A;N/A;N/A;N/A;N/A;N/A;N/A;N/A;N/A;N/A;N/A;N/A;N/A;N/A;N/A;N/A;N/A;Sí;N/A;N/A;N/A;N/A;N/A;Sí;N/A;N/A;N/A;N/A;N/A;N/A;Sí;N/A;N/A;N/A;N/A;N/A;N/A;N/A;N/A;N/A;N/A;N/A;N/A;N/A;N/A;N/A;N/A;N/A;N/A;N/A;N/A;N/A;N/A;N/A;N/A;Sí;Sí;Sí;N/A;Sí;Sí;N/A;N/A;N/A;Sí;N/A;N/A;Sí;"Lun. a Vie. 9:30 a 13 y 14 a 19 hs. Sáb. 9:30 a 13:30 hs.";5;2.0;Nafta;Automática;SUV;"Autos y camionetas";No;N/A;N/A;N/A;No;N/A;N/A;No;Sí;No;No;N/A;N/A;N/A;N/A;N/A;N/A;N/A;N/A;N/A;N/A;N/A;N/A;N/A;N/A;N/A;N/A;N/A;N/A;N/A;N/A;N/A;N/A;N/A;N/A;N/A;N/A;N/A;N/A;N/A;N/A;N/A;N/A;N/A;N/A;N/A;N/A;N/A;N/A;N/A;N/A;N/A;N/A;N/A;N/A;N/A;N/A;N/A;N/A;N/A;N/A;N/A;No;N/A;N/A;N/A;N/A;N/A;N/A;N/A;N/A;N/A;N/A;N/A;N/A;N/A;N/A;N/A;N/A;N/A;N/A;N/A;N/A;N/A;N/A;N/A;N/A;N/A;N/A;N/A;N/A;N/A;N/A;N/A;N/A;N/A;Sí;Sí;Sí;N/A;Sí;N/A;N/A;N/A;Sí;Sí;N/A;N/A;N/A;N/A;N/A;N/A;N/A;N/A;Sí;Sí;Sí;N/A;N/A;N/A;N/A;Sí
Toyota;Prius;"10000 y cuotas TC";2019;"94000 km";;"VIPERCAR AUTOMOVILES_3";19900;;;;;Centro;https://auto.mercadolibre.com.uy/MLU-697920582-toyota-prius-10000-y-cuotas-tc-15-2019-impecable-_JM;N/A;;"Toyota Prius 10000 Y Cuotas Tc 1.5 2019 Impecable!";USD;Sí;silver;false;N/A;N/A;http://perfil.mercadolibre.com.uy/VIPERCAR+AUTOMOVILES_3;active;N/A;N/A;Usado;"Gris oscuro";N/A;Hidráulica;N/A;Sí;N/A;Sí;N/A;N/A;N/A;N/A;N/A;N/A;N/A;N/A;Sí;Sí;N/A;N/A;N/A;N/A;N/A;N/A;N/A;N/A;N/A;N/A;N/A;N/A;N/A;"1500 cc";N/A;N/A;N/A;N/A;N/A;N/A;Sí;N/A;N/A;N/A;N/A;N/A;N/A;N/A;N/A;N/A;N/A;N/A;N/A;N/A;N/A;N/A;N/A;N/A;N/A;N/A;N/A;N/A;N/A;N/A;N/A;N/A;N/A;N/A;N/A;N/A;N/A;N/A;N/A;N/A;N/A;N/A;N/A;N/A;N/A;N/A;N/A;N/A;N/A;N/A;N/A;N/A;N/A;N/A;N/A;N/A;N/A;N/A;N/A;N/A;N/A;N/A;Sí;N/A;N/A;N/A;Sí;N/A;N/A;N/A;N/A;N/A;N/A;N/A;N/A;N/A;"Lun a Vie de 9 a 12:30 y de 13:30 a 19. Sáb de 9 a 13 hs.";5;1.5;Híbrido;Automática;Hatchback;"Autos y camionetas";No;N/A;N/A;N/A;No;N/A;N/A;No;Sí;No;No;N/A;N/A;N/A;N/A;N/A;N/A;N/A;N/A;N/A;N/A;N/A;N/A;N/A;N/A;N/A;N/A;N/A;N/A;N/A;N/A;N/A;N/A;N/A;N/A;N/A;N/A;N/A;N/A;N/A;N/A;N/A;N/A;N/A;N/A;N/A;N/A;N/A;N/A;N/A;N/A;N/A;N/A;N/A;N/A;N/A;N/A;N/A;N/A;N/A;N/A;N/A;No;N/A;N/A;N/A;N/A;N/A;N/A;N/A;N/A;N/A;N/A;N/A;N/A;N/A;N/A;N/A;N/A;N/A;N/A;N/A;N/A;N/A;N/A;N/A;N/A;N/A;N/A;N/A;N/A;N/A;N/A;N/A;N/A;N/A;Sí;N/A;N/A;Sí;Sí;Sí;Sí;N/A;Sí;Sí;N/A;Sí;N/A;N/A;Sí;N/A;N/A;N/A;Sí;Sí;Sí;N/A;N/A;N/A;N/A;Sí
Toyota;"Carina wagon";"2.0 diésel año 1981";1999;"111111 km";;OTORMINJOSE20230713154311;5000;;;;;Paysandú;https://auto.mercadolibre.com.uy/MLU-644193009-toyota-carina-wagon-20-diesel-ano-1981-_JM;N/A;;"Toyota Carina Wagon 2.0 Diésel Año 1981";USD;No;silver;false;N/A;N/A;http://perfil.mercadolibre.com.uy/OTORMINJOSE20230713154311;active;N/A;N/A;Usado;N/A;N/A;N/A;N/A;N/A;N/A;N/A;N/A;N/A;N/A;N/A;N/A;N/A;N/A;N/A;N/A;N/A;N/A;N/A;N/A;N/A;N/A;N/A;N/A;N/A;N/A;N/A;N/A;N/A;N/A;N/A;N/A;N/A;N/A;N/A;N/A;N/A;N/A;N/A;N/A;N/A;N/A;N/A;N/A;N/A;N/A;N/A;N/A;N/A;N/A;N/A;N/A;N/A;N/A;N/A;N/A;N/A;N/A;N/A;N/A;N/A;N/A;N/A;N/A;N/A;N/A;N/A;N/A;N/A;N/A;N/A;N/A;N/A;N/A;N/A;N/A;N/A;N/A;N/A;N/A;N/A;N/A;N/A;N/A;N/A;N/A;N/A;N/A;N/A;N/A;N/A;N/A;N/A;N/A;N/A;N/A;N/A;N/A;N/A;N/A;N/A;N/A;N/A;N/A;N/A;N/A;N/A;N/A;4;N/A;Diésel;N/A;N/A;"Autos y camionetas";N/A;N/A;N/A;N/A;N/A;N/A;N/A;N/A;N/A;N/A;N/A;N/A;N/A;N/A;N/A;N/A;N/A;N/A;N/A;N/A;N/A;N/A;N/A;N/A;N/A;N/A;N/A;N/A;N/A;N/A;N/A;N/A;N/A;N/A;N/A;N/A;N/A;N/A;N/A;N/A;N/A;N/A;N/A;N/A;N/A;N/A;N/A;N/A;N/A;N/A;N/A;N/A;N/A;N/A;N/A;N/A;N/A;N/A;N/A;N/A;N/A;N/A;N/A;N/A;N/A;N/A;N/A;N/A;N/A;N/A;N/A;N/A;N/A;N/A;N/A;N/A;N/A;N/A;N/A;N/A;N/A;N/A;N/A;N/A;N/A;N/A;N/A;N/A;N/A;N/A;N/A;N/A;N/A;N/A;N/A;N/A;N/A;N/A;N/A;N/A;N/A;N/A;N/A;N/A;N/A;N/A;N/A;N/A;N/A;N/A;N/A;N/A;N/A;N/A;N/A;N/A;N/A;N/A;N/A;N/A;N/A;N/A
Toyota;Hilux;"2.8 Tdi Cd Srv Plus 4X4 At";2024;"13000 km";;"POCITOS GARAGE";74900;;;;;Pocitos;https://auto.mercadolibre.com.uy/MLU-692228448-toyota-hilux-28-tdi-cd-srv-plus-4x4-at-_JM;N/A;;"Toyota Hilux 2.8 Tdi Cd Srv Plus 4x4 At";usd;Sí;silver;false;N/A;N/A;http://perfil.mercadolibre.com.uy/POCITOS+GARAGE;active;N/A;N/A;Usado;Gris;Sí;Hidráulica;4x4;Sí;N/A;Sí;N/A;N/A;N/A;N/A;N/A;N/A;N/A;N/A;N/A;N/A;N/A;N/A;N/A;N/A;N/A;N/A;N/A;N/A;N/A;N/A;N/A;N/A;"3085 mm";"2.8 L";"80 L";6;N/A;N/A;N/A;N/A;N/A;N/A;N/A;N/A;N/A;N/A;N/A;N/A;N/A;N/A;N/A;N/A;N/A;N/A;N/A;N/A;N/A;N/A;N/A;N/A;N/A;N/A;N/A;N/A;N/A;N/A;N/A;N/A;N/A;N/A;N/A;N/A;N/A;N/A;N/A;N/A;N/A;N/A;N/A;N/A;N/A;"1815 mm";"5325 mm";N/A;N/A;N/A;N/A;5;"204 hp";"Srv Plus";N/A;4;"1855 mm";N/A;N/A;N/A;N/A;N/A;N/A;N/A;Sí;N/A;N/A;N/A;N/A;N/A;N/A;N/A;N/A;N/A;N/A;4;2.8;Diésel;Automática;Pick-Up;"Autos y camionetas";N/A;N/A;N/A;N/A;N/A;N/A;UY;N/A;N/A;N/A;N/A;N/A;N/A;N/A;N/A;N/A;N/A;N/A;N/A;N/A;N/A;N/A;N/A;N/A;N/A;N/A;N/A;N/A;N/A;N/A;N/A;N/A;N/A;N/A;N/A;N/A;N/A;N/A;N/A;N/A;N/A;N/A;N/A;N/A;N/A;N/A;N/A;N/A;N/A;N/A;N/A;N/A;N/A;N/A;N/A;N/A;N/A;N/A;N/A;N/A;N/A;N/A;N/A;N/A;N/A;N/A;N/A;N/A;N/A;N/A;N/A;N/A;N/A;N/A;N/A;N/A;N/A;N/A;N/A;N/A;N/A;N/A;N/A;N/A;N/A;N/A;N/A;N/A;N/A;N/A;N/A;N/A;N/A;N/A;N/A;N/A;N/A;N/A;N/A;N/A;N/A;N/A;N/A;N/A;N/A;N/A;N/A;N/A;N/A;N/A;N/A;N/A;Sí;N/A;Sí;N/A;N/A;N/A;N/A;Sí;N/A;N/A
Toyota;Hilux;"2.7 Cd Srv Vvti 4x4";2013;"220000 km";;ISSOGARAGE;20900;;;;;Carrasco;https://auto.mercadolibre.com.uy/MLU-701640348-toyota-hilux-27-cd-srv-vvti-4x4-_JM;N/A;;"Toyota Hilux 2.7 Cd Srv Vvti 4x4";usd;Sí;silver;false;N/A;N/A;http://perfil.mercadolibre.com.uy/ISSOGARAGE;active;N/A;N/A;Usado;Blanco;N/A;Hidráulica;4x4;Sí;Sí;Sí;N/A;N/A;Sí;N/A;N/A;No;N/A;N/A;Sí;Sí;N/A;No;N/A;N/A;N/A;N/A;N/A;N/A;N/A;N/A;N/A;N/A;"2860 mm";"2.7 L";"80 L";5;N/A;N/A;N/A;N/A;N/A;Sí;N/A;N/A;N/A;N/A;N/A;N/A;N/A;N/A;N/A;N/A;N/A;N/A;N/A;N/A;N/A;N/A;N/A;N/A;N/A;N/A;N/A;N/A;N/A;Sí;N/A;N/A;N/A;N/A;N/A;N/A;N/A;N/A;N/A;N/A;N/A;N/A;N/A;N/A;N/A;"1860 mm";"5260 mm";N/A;N/A;N/A;N/A;5;"160 hp";Srv;N/A;4;"1855 mm";N/A;No;N/A;Sí;Sí;N/A;Sí;Sí;N/A;Sí;N/A;N/A;Sí;Sí;N/A;N/A;Sí;"Lun a Vie 10:30 a 18:30 Sáb 11 a 16 hs";4;2.7;Nafta;Manual;Pick-Up;"Autos y camionetas";No;N/A;N/A;N/A;No;N/A;UY;N/A;Sí;N/A;Sí;N/A;N/A;N/A;N/A;N/A;N/A;N/A;N/A;N/A;N/A;N/A;N/A;N/A;Sí;N/A;N/A;N/A;N/A;N/A;N/A;N/A;N/A;N/A;N/A;N/A;N/A;N/A;N/A;N/A;N/A;N/A;N/A;No;N/A;N/A;N/A;N/A;N/A;N/A;N/A;N/A;N/A;N/A;N/A;N/A;N/A;N/A;N/A;N/A;N/A;N/A;No;N/A;N/A;N/A;N/A;N/A;N/A;N/A;N/A;N/A;N/A;N/A;N/A;N/A;N/A;N/A;N/A;N/A;N/A;N/A;N/A;N/A;N/A;N/A;N/A;N/A;N/A;N/A;N/A;N/A;N/A;N/A;N/A;No;Sí;Sí;Sí;N/A;Sí;N/A;N/A;N/A;N/A;Sí;Sí;Sí;Sí;N/A;N/A;Sí;Sí;Sí;Sí;Sí;Sí;N/A;Sí;Sí;N/A;Sí
Toyota;Corolla;"COROLLA EX 1.6 NAFTA";2009;"350000 km";;LAROTONDAAUTOMOVILES;10900;;;;;Sauce;https://auto.mercadolibre.com.uy/MLU-700467698-toyota-corolla-corolla-ex-16-nafta-_JM;N/A;;"Toyota Corolla Corolla Ex 1.6 Nafta";USD;Sí;silver;false;N/A;N/A;http://perfil.mercadolibre.com.uy/LAROTONDAAUTOMOVILES;active;N/A;N/A;Usado;N/A;N/A;N/A;N/A;N/A;N/A;N/A;N/A;N/A;N/A;N/A;N/A;N/A;N/A;N/A;N/A;N/A;N/A;N/A;N/A;N/A;N/A;N/A;N/A;N/A;N/A;N/A;N/A;N/A;N/A;N/A;N/A;N/A;N/A;N/A;N/A;N/A;N/A;N/A;N/A;N/A;N/A;N/A;N/A;N/A;N/A;N/A;N/A;N/A;N/A;N/A;N/A;N/A;N/A;N/A;N/A;N/A;N/A;N/A;N/A;N/A;N/A;N/A;N/A;N/A;N/A;N/A;N/A;N/A;N/A;N/A;N/A;N/A;N/A;N/A;N/A;N/A;N/A;N/A;N/A;N/A;N/A;N/A;N/A;N/A;N/A;N/A;N/A;N/A;N/A;N/A;N/A;N/A;N/A;N/A;N/A;N/A;N/A;N/A;N/A;N/A;N/A;N/A;N/A;N/A;N/A;N/A;N/A;5;N/A;Nafta;N/A;N/A;"Autos y camionetas";N/A;N/A;N/A;N/A;N/A;N/A;N/A;N/A;N/A;N/A;N/A;N/A;N/A;N/A;N/A;N/A;N/A;N/A;N/A;N/A;N/A;N/A;N/A;N/A;N/A;N/A;N/A;N/A;N/A;N/A;N/A;N/A;N/A;N/A;N/A;N/A;N/A;N/A;N/A;N/A;N/A;N/A;N/A;N/A;N/A;N/A;N/A;N/A;N/A;N/A;N/A;N/A;N/A;N/A;N/A;N/A;N/A;N/A;N/A;N/A;N/A;N/A;N/A;N/A;N/A;N/A;N/A;N/A;N/A;N/A;N/A;N/A;N/A;N/A;N/A;N/A;N/A;N/A;N/A;N/A;N/A;N/A;N/A;N/A;N/A;N/A;N/A;N/A;N/A;N/A;N/A;N/A;N/A;N/A;N/A;N/A;N/A;N/A;N/A;N/A;N/A;N/A;N/A;N/A;N/A;N/A;N/A;N/A;N/A;N/A;N/A;N/A;N/A;N/A;N/A;N/A;N/A;N/A;N/A;N/A;N/A;N/A
Toyota;Corolla;Automatico;2012;"198000 km";;AEROCAR2023;12490;;;;;"Barra de Carrasco";https://auto.mercadolibre.com.uy/MLU-645403099-toyota-corolla-automatico-20-2012-impecable-aerocar-_JM;N/A;;"Toyota Corolla Automatico 2.0 2012 Impecable! Aerocar";USD;Sí;silver;false;N/A;N/A;http://perfil.mercadolibre.com.uy/AEROCAR2023;active;N/A;N/A;Usado;Marrón;N/A;Hidráulica;N/A;Sí;Sí;Sí;N/A;Sí;N/A;Sí;Sí;N/A;Sí;Sí;N/A;Sí;N/A;Sí;N/A;N/A;N/A;N/A;N/A;N/A;N/A;N/A;N/A;N/A;N/A;"2000 cc";N/A;4;N/A;N/A;Sí;Sí;Sí;N/A;N/A;N/A;N/A;N/A;N/A;N/A;N/A;N/A;N/A;N/A;N/A;N/A;N/A;N/A;N/A;N/A;N/A;Sí;N/A;Sí;N/A;N/A;N/A;N/A;N/A;N/A;N/A;N/A;N/A;N/A;Sí;N/A;N/A;N/A;N/A;N/A;N/A;N/A;N/A;N/A;N/A;N/A;N/A;N/A;N/A;N/A;N/A;N/A;N/A;N/A;N/A;N/A;N/A;N/A;N/A;Sí;N/A;Sí;Sí;N/A;N/A;N/A;N/A;N/A;N/A;N/A;N/A;N/A;"Lun. a Vie. de 9 a 19 hs. Sáb. de 10 a 14 hs.";4;2.0;Nafta;Automática;Sedán;"Autos y camionetas";No;N/A;N/A;N/A;No;N/A;N/A;No;Sí;No;No;N/A;N/A;N/A;N/A;N/A;N/A;N/A;N/A;N/A;N/A;N/A;N/A;N/A;N/A;N/A;N/A;N/A;N/A;N/A;N/A;N/A;N/A;N/A;N/A;N/A;N/A;N/A;N/A;N/A;N/A;N/A;N/A;N/A;N/A;N/A;N/A;N/A;N/A;N/A;N/A;N/A;N/A;N/A;N/A;N/A;N/A;N/A;N/A;N/A;N/A;N/A;No;N/A;N/A;N/A;N/A;N/A;N/A;N/A;N/A;N/A;N/A;N/A;N/A;N/A;N/A;N/A;N/A;N/A;N/A;N/A;N/A;N/A;N/A;N/A;N/A;N/A;N/A;N/A;N/A;N/A;N/A;N/A;N/A;N/A;Sí;Sí;Sí;N/A;Sí;N/A;Sí;N/A;Sí;Sí;N/A;Sí;N/A;N/A;Sí;Sí;N/A;N/A;Sí;Sí;Sí;Sí;Sí;Sí;Sí;Sí
Toyota;Hilux;"2.8 D SRV 4x2";2023;"0 km";;"LOPEZ MOTORS";61490;;;;;"Las Piedras";https://auto.mercadolibre.com.uy/MLU-640097981-toyota-hilux-srv-diesel-4x2-_JM;N/A;;"Toyota Hilux Srv Diesel 4x2";usd;Sí;silver;false;N/A;N/A;http://perfil.mercadolibre.com.uy/LOPEZ+MOTORS;active;N/A;N/A;Nuevo;Blanco;N/A;Eléctrica;4x2;Sí;Sí;Sí;N/A;N/A;Sí;N/A;N/A;No;N/A;N/A;Sí;Sí;N/A;No;N/A;N/A;N/A;N/A;N/A;N/A;N/A;N/A;N/A;N/A;"2860 mm";"2.7 L";"80 L";5;N/A;N/A;N/A;N/A;N/A;No;N/A;N/A;N/A;Sí;N/A;N/A;N/A;N/A;N/A;N/A;N/A;N/A;N/A;N/A;N/A;N/A;N/A;N/A;N/A;N/A;N/A;N/A;N/A;No;N/A;N/A;N/A;Sí;N/A;N/A;N/A;N/A;N/A;N/A;N/A;N/A;N/A;N/A;N/A;"1850 mm";"5260 mm";N/A;N/A;N/A;N/A;5;"177 hp";Srv;N/A;2;"1855 mm";N/A;Sí;N/A;Sí;Sí;N/A;Sí;Sí;N/A;No;N/A;N/A;No;No;N/A;N/A;No;"De lunes a viernes de las 8:30 hs a 12:00 hs y de 14:00 hs hasta las 18:00 hs...";4;2.8;Diésel;Manual;Pick-Up;"Autos y camionetas";No;N/A;N/A;N/A;No;N/A;UY;N/A;Sí;N/A;No;N/A;N/A;N/A;N/A;N/A;N/A;N/A;N/A;N/A;N/A;N/A;N/A;N/A;Sí;N/A;N/A;N/A;N/A;N/A;N/A;N/A;N/A;N/A;N/A;N/A;N/A;N/A;N/A;N/A;N/A;N/A;N/A;Sí;N/A;N/A;N/A;N/A;N/A;N/A;N/A;N/A;N/A;N/A;N/A;N/A;N/A;N/A;N/A;N/A;N/A;Sí;No;N/A;N/A;N/A;N/A;N/A;N/A;N/A;N/A;N/A;N/A;N/A;N/A;N/A;N/A;N/A;N/A;N/A;N/A;N/A;N/A;N/A;N/A;N/A;N/A;N/A;N/A;N/A;N/A;N/A;N/A;N/A;N/A;No;Sí;Sí;Sí;N/A;N/A;N/A;N/A;N/A;N/A;Sí;Sí;Sí;Sí;N/A;N/A;Sí;Sí;Sí;Sí;Sí;Sí;No;No;Sí;N/A;Sí
Toyota;Prius;"1.5 C Hibrido At";2021;"70000 km";;GOMOTORS2024;18990;;;;;Shangrilá;https://auto.mercadolibre.com.uy/MLU-701605462-toyota-prius-15-c-hibrido-at-_JM;N/A;;"Toyota Prius 1.5 C Hibrido At";usd;Sí;silver;false;N/A;N/A;http://perfil.mercadolibre.com.uy/GOMOTORS2024;active;N/A;N/A;Usado;Blanco;No;Hidráulica;Delantera;Sí;N/A;N/A;N/A;N/A;N/A;N/A;N/A;N/A;N/A;N/A;N/A;N/A;N/A;N/A;N/A;N/A;N/A;N/A;N/A;N/A;N/A;N/A;N/A;N/A;"2700 mm";"1.5 L";"43 L";N/A;N/A;N/A;N/A;N/A;N/A;N/A;N/A;N/A;N/A;N/A;N/A;N/A;N/A;N/A;N/A;N/A;N/A;N/A;N/A;N/A;N/A;N/A;N/A;N/A;N/A;N/A;N/A;N/A;N/A;N/A;N/A;N/A;N/A;N/A;N/A;N/A;N/A;N/A;N/A;N/A;N/A;N/A;N/A;N/A;N/A;"1490 mm";"4540 mm";N/A;N/A;N/A;N/A;5;"36 hp";N/A;N/A;4;"1760 mm";N/A;N/A;N/A;N/A;N/A;N/A;N/A;Sí;N/A;N/A;N/A;N/A;N/A;N/A;N/A;N/A;N/A;N/A;5;1.5;Híbrido;Automática;Hatchback;"Autos y camionetas";N/A;N/A;N/A;N/A;N/A;N/A;UY;N/A;N/A;N/A;N/A;N/A;N/A;N/A;N/A;N/A;N/A;N/A;N/A;N/A;N/A;N/A;N/A;N/A;N/A;N/A;N/A;N/A;N/A;N/A;N/A;N/A;N/A;N/A;N/A;N/A;N/A;N/A;N/A;N/A;N/A;N/A;N/A;N/A;N/A;N/A;N/A;N/A;N/A;N/A;N/A;N/A;N/A;N/A;N/A;N/A;N/A;N/A;N/A;N/A;N/A;N/A;N/A;N/A;N/A;N/A;N/A;N/A;N/A;N/A;N/A;N/A;N/A;N/A;N/A;N/A;N/A;N/A;N/A;N/A;N/A;N/A;N/A;N/A;N/A;N/A;N/A;N/A;N/A;N/A;N/A;N/A;N/A;N/A;N/A;N/A;N/A;N/A;N/A;N/A;N/A;N/A;N/A;N/A;N/A;N/A;N/A;N/A;N/A;N/A;N/A;N/A;Sí;N/A;Sí;N/A;N/A;N/A;N/A;Sí;N/A;Sí
Toyota;Corolla;LiftBack;1983;"15516 km";;"GALBO MOTORS";17990;;;;;Aguada;https://auto.mercadolibre.com.uy/MLU-698424606-toyota-corolla-liftback-13-retira-100-financiado-_JM;N/A;;"Toyota Corolla Liftback 1.3 Retira 100% Financiado";USD;No;silver;false;N/A;N/A;http://perfil.mercadolibre.com.uy/GALBO+MOTORS;active;N/A;N/A;Usado;Rojo;N/A;Hidráulica;N/A;Sí;N/A;N/A;N/A;N/A;N/A;Sí;N/A;N/A;N/A;N/A;N/A;N/A;N/A;N/A;N/A;N/A;N/A;N/A;N/A;N/A;N/A;N/A;N/A;N/A;N/A;"1299 cc";N/A;5;N/A;N/A;N/A;N/A;N/A;N/A;N/A;N/A;N/A;N/A;N/A;N/A;N/A;N/A;N/A;N/A;N/A;N/A;N/A;N/A;N/A;N/A;N/A;N/A;N/A;N/A;N/A;N/A;N/A;N/A;N/A;N/A;N/A;N/A;N/A;N/A;N/A;N/A;N/A;N/A;N/A;N/A;N/A;N/A;N/A;N/A;N/A;N/A;N/A;N/A;N/A;N/A;N/A;N/A;N/A;N/A;N/A;"12 km/l";N/A;N/A;N/A;Sí;N/A;N/A;N/A;N/A;N/A;N/A;"17 km/l";N/A;N/A;N/A;N/A;Sí;"Lun. a Vie. de 9:30 a 18:30 hs. Sáb. de 10 a 14 hs";5;1.3;Nafta;Manual;Coupé;"Autos y camionetas";No;N/A;N/A;N/A;No;N/A;N/A;No;Sí;No;No;N/A;N/A;N/A;N/A;N/A;N/A;N/A;N/A;N/A;N/A;N/A;N/A;N/A;N/A;N/A;N/A;N/A;N/A;N/A;N/A;N/A;N/A;N/A;N/A;N/A;N/A;N/A;N/A;N/A;N/A;N/A;N/A;N/A;N/A;N/A;N/A;N/A;N/A;N/A;N/A;N/A;N/A;N/A;N/A;N/A;N/A;N/A;N/A;N/A;N/A;N/A;No;N/A;N/A;N/A;N/A;N/A;N/A;N/A;N/A;N/A;N/A;N/A;N/A;N/A;N/A;N/A;N/A;N/A;N/A;N/A;N/A;N/A;N/A;N/A;N/A;N/A;N/A;N/A;N/A;N/A;N/A;N/A;N/A;N/A;N/A;N/A;Sí;N/A;N/A;N/A;N/A;N/A;Sí;N/A;N/A;Sí;N/A;N/A;N/A;N/A;N/A;N/A;Sí;N/A;N/A;N/A;N/A;N/A;N/A;N/A
Toyota;"Corolla Cross";-;2023;"40000 km";;"VIPERCAR AUTOMOVILES_3";37990;;;;;Centro;https://auto.mercadolibre.com.uy/MLU-690719488-toyota-corolla-cross-18-2023-impecable-_JM;N/A;;"Toyota Corolla Cross 1.8 2023 Impecable!";usd;Sí;silver;false;N/A;N/A;http://perfil.mercadolibre.com.uy/VIPERCAR+AUTOMOVILES_3;active;N/A;N/A;Usado;Plateado;Sí;Eléctrica;N/A;Sí;Sí;Sí;Sí;Sí;N/A;Sí;Sí;Sí;N/A;Sí;Sí;Sí;N/A;Sí;N/A;N/A;N/A;N/A;N/A;N/A;N/A;N/A;N/A;N/A;N/A;"1800 cc";N/A;7;N/A;N/A;Sí;Sí;Sí;Sí;Sí;N/A;N/A;N/A;N/A;N/A;N/A;N/A;N/A;N/A;N/A;N/A;N/A;N/A;N/A;N/A;N/A;Sí;N/A;N/A;N/A;Sí;N/A;N/A;N/A;N/A;N/A;N/A;N/A;N/A;Sí;N/A;N/A;N/A;N/A;N/A;Sí;N/A;N/A;N/A;N/A;N/A;N/A;N/A;N/A;N/A;N/A;N/A;N/A;N/A;N/A;N/A;N/A;N/A;Sí;Sí;Sí;Sí;Sí;Sí;Sí;N/A;N/A;N/A;N/A;N/A;N/A;Sí;"Lun a Vie de 9 a 12:30 y de 13:30 a 19. Sáb de 9 a 13 hs.";5;1.8;Nafta;"Automática secuencial";SUV;"Autos y camionetas";No;N/A;N/A;N/A;No;N/A;UY;No;Sí;No;No;N/A;N/A;N/A;N/A;N/A;N/A;N/A;N/A;N/A;N/A;N/A;N/A;N/A;Sí;N/A;N/A;N/A;N/A;N/A;N/A;N/A;N/A;N/A;N/A;N/A;N/A;N/A;N/A;N/A;N/A;N/A;N/A;N/A;N/A;N/A;N/A;N/A;N/A;N/A;N/A;N/A;N/A;N/A;N/A;N/A;N/A;N/A;N/A;N/A;N/A;N/A;No;N/A;N/A;N/A;N/A;N/A;N/A;N/A;N/A;N/A;N/A;N/A;N/A;N/A;N/A;N/A;N/A;N/A;N/A;N/A;N/A;N/A;N/A;N/A;N/A;N/A;N/A;N/A;N/A;Sí;Sí;N/A;N/A;N/A;Sí;Sí;Sí;Sí;Sí;Sí;Sí;N/A;Sí;Sí;Sí;Sí;N/A;N/A;Sí;Sí;Sí;N/A;Sí;Sí;Sí;N/A;N/A;Sí;Sí;Sí
Toyota;RAV4;"2.0 4x2 Vx Cvt";2014;"238000 km";;"TOPCAR AV.JOSEBELLONI6328";18900;;;;;Manga;https://auto.mercadolibre.com.uy/MLU-699376760-toyota-rav4-4x2-cvt-s-automotoratopcar-us-10000-cuotas-_JM;N/A;;"Toyota Rav4 4x2 Cvt S Automotoratopcar U$s 10000 + Cuotas";usd;Sí;silver;false;N/A;N/A;http://perfil.mercadolibre.com.uy/TOPCAR+AV.JOSEBELLONI6328;active;N/A;N/A;Usado;Azul;N/A;Asistida;4x2;Sí;Sí;Sí;N/A;N/A;Sí;N/A;N/A;Sí;N/A;N/A;N/A;Sí;N/A;N/A;N/A;N/A;N/A;N/A;N/A;N/A;N/A;N/A;N/A;N/A;"2660 mm";"2 L";"60 L";5;N/A;N/A;N/A;N/A;N/A;N/A;N/A;N/A;N/A;Sí;N/A;N/A;N/A;N/A;N/A;N/A;N/A;N/A;N/A;N/A;N/A;N/A;N/A;N/A;N/A;N/A;N/A;N/A;N/A;N/A;N/A;N/A;N/A;Sí;Sí;N/A;N/A;N/A;N/A;N/A;N/A;N/A;N/A;N/A;N/A;"1715 mm";"4570 mm";N/A;N/A;N/A;N/A;5;"146 hp";Vx;N/A;4;"1845 mm";N/A;Sí;N/A;Sí;Sí;N/A;N/A;Sí;N/A;Sí;N/A;"10.9 km/l";N/A;N/A;N/A;N/A;Sí;"de lunes a viernes de 10 a 18 horas y sábados de 10 a 15 horas";5;2.0;Nafta;Automática;SUV;"Autos y camionetas";N/A;N/A;N/A;N/A;N/A;N/A;UY;N/A;Sí;N/A;N/A;N/A;N/A;N/A;N/A;N/A;N/A;N/A;N/A;N/A;N/A;N/A;N/A;N/A;N/A;N/A;N/A;N/A;N/A;N/A;N/A;N/A;N/A;N/A;N/A;N/A;N/A;N/A;N/A;N/A;N/A;N/A;N/A;N/A;N/A;N/A;N/A;N/A;N/A;N/A;N/A;N/A;N/A;N/A;N/A;N/A;N/A;N/A;N/A;N/A;N/A;N/A;N/A;N/A;N/A;N/A;N/A;N/A;N/A;N/A;N/A;N/A;N/A;N/A;N/A;N/A;N/A;N/A;N/A;N/A;N/A;N/A;N/A;N/A;N/A;N/A;N/A;N/A;N/A;N/A;N/A;N/A;N/A;N/A;N/A;N/A;Sí;Sí;Sí;N/A;Sí;N/A;N/A;N/A;N/A;Sí;Sí;Sí;Sí;N/A;N/A;Sí;Sí;Sí;Sí;Sí;Sí;Sí;Sí;Sí;N/A;Sí
Toyota;Hilux;"SRV TDI";2007;"473000 km";;"OLIVERA AUTOMOTORES";28500;;;;;Salto;https://auto.mercadolibre.com.uy/MLU-692604646-toyota-hilux-srv-tdi-4x4-_JM;N/A;;"Toyota Hilux Srv Tdi 4x4 ";USD;No;silver;false;N/A;N/A;http://perfil.mercadolibre.com.uy/OLIVERA+AUTOMOTORES;active;N/A;N/A;Usado;Plateado;N/A;Hidráulica;4x4;N/A;N/A;N/A;N/A;N/A;N/A;N/A;N/A;N/A;N/A;N/A;N/A;N/A;N/A;N/A;N/A;N/A;N/A;N/A;N/A;N/A;N/A;N/A;N/A;N/A;N/A;N/A;N/A;N/A;N/A;N/A;N/A;N/A;N/A;N/A;N/A;N/A;N/A;N/A;N/A;N/A;N/A;N/A;N/A;N/A;N/A;N/A;N/A;N/A;N/A;N/A;N/A;N/A;N/A;N/A;N/A;N/A;N/A;N/A;N/A;N/A;N/A;N/A;N/A;N/A;N/A;N/A;N/A;N/A;N/A;N/A;N/A;N/A;N/A;N/A;N/A;N/A;N/A;N/A;N/A;N/A;N/A;N/A;N/A;N/A;N/A;N/A;N/A;N/A;N/A;N/A;N/A;N/A;N/A;N/A;N/A;N/A;N/A;N/A;N/A;N/A;N/A;N/A;N/A;4;N/A;Diésel;Manual;N/A;"Autos y camionetas";N/A;N/A;N/A;N/A;N/A;N/A;N/A;N/A;Sí;N/A;N/A;N/A;N/A;N/A;N/A;N/A;N/A;N/A;N/A;N/A;N/A;N/A;N/A;N/A;N/A;N/A;N/A;N/A;N/A;N/A;N/A;N/A;N/A;N/A;N/A;N/A;N/A;N/A;N/A;N/A;N/A;N/A;N/A;N/A;N/A;N/A;N/A;N/A;N/A;N/A;N/A;N/A;N/A;N/A;N/A;N/A;N/A;N/A;N/A;N/A;N/A;N/A;N/A;N/A;N/A;N/A;N/A;N/A;N/A;N/A;N/A;N/A;N/A;N/A;N/A;N/A;N/A;N/A;N/A;N/A;N/A;N/A;N/A;N/A;N/A;N/A;N/A;N/A;N/A;N/A;N/A;N/A;N/A;N/A;N/A;N/A;N/A;N/A;N/A;N/A;N/A;N/A;N/A;N/A;N/A;N/A;N/A;N/A;N/A;N/A;N/A;N/A;N/A;N/A;N/A;N/A;N/A;N/A;N/A;N/A;N/A;N/A
Toyota;"Rav4 Hybrid";"2.5 Limited Plus Awd E-Cvt";2024;"0 km";;"DELGADO AUTOMOVILES";67990;;;;;Cardona;https://auto.mercadolibre.com.uy/MLU-643232591-toyota-rav4-hybrid-2024-25-limited-plus-awd-e-cvt-_JM;N/A;;"Toyota Rav4 Hybrid 2024 2.5 Limited Plus Awd E-cvt";usd;Sí;silver;false;N/A;N/A;http://perfil.mercadolibre.com.uy/DELGADO+AUTOMOVILES;active;N/A;N/A;Nuevo;N/A;N/A;N/A;4x4;N/A;N/A;N/A;N/A;N/A;N/A;N/A;N/A;N/A;N/A;N/A;N/A;N/A;N/A;N/A;N/A;N/A;N/A;N/A;N/A;N/A;N/A;N/A;N/A;N/A;"2660 mm";"2.5 L";"60 L";6;N/A;N/A;N/A;N/A;N/A;N/A;N/A;N/A;N/A;N/A;N/A;N/A;N/A;N/A;N/A;N/A;N/A;N/A;N/A;N/A;N/A;N/A;N/A;N/A;N/A;N/A;N/A;N/A;N/A;N/A;N/A;N/A;N/A;N/A;N/A;N/A;N/A;N/A;N/A;N/A;N/A;N/A;N/A;N/A;N/A;"1685 mm";"4600 mm";N/A;N/A;N/A;N/A;5;"222 hp";"Limited Plus";N/A;4;"1855 mm";N/A;N/A;N/A;N/A;N/A;N/A;N/A;N/A;N/A;N/A;N/A;N/A;N/A;N/A;N/A;N/A;N/A;N/A;5;2.5;Híbrido;Automática;SUV;"Autos y camionetas";N/A;N/A;N/A;N/A;N/A;N/A;UY;N/A;N/A;N/A;N/A;N/A;N/A;N/A;N/A;N/A;N/A;N/A;N/A;N/A;N/A;N/A;N/A;N/A;N/A;N/A;N/A;N/A;N/A;N/A;N/A;N/A;N/A;N/A;N/A;N/A;N/A;N/A;N/A;N/A;N/A;N/A;N/A;N/A;N/A;N/A;N/A;N/A;N/A;N/A;N/A;N/A;N/A;N/A;N/A;N/A;N/A;N/A;N/A;N/A;N/A;N/A;N/A;N/A;N/A;N/A;N/A;N/A;N/A;N/A;N/A;N/A;N/A;N/A;N/A;N/A;N/A;N/A;N/A;N/A;N/A;N/A;N/A;N/A;N/A;N/A;N/A;N/A;N/A;N/A;N/A;N/A;N/A;N/A;N/A;N/A;N/A;N/A;N/A;N/A;N/A;N/A;N/A;N/A;N/A;N/A;N/A;N/A;N/A;N/A;N/A;N/A;N/A;N/A;N/A;N/A;N/A;N/A;N/A;N/A;N/A;N/A
Toyota;Hilux;Srv;2016;"200000 km";;AEROCAR2023;46990;;;;;"Barra de Carrasco";https://auto.mercadolibre.com.uy/MLU-695242998-toyota-hilux-srv-30-2016-impecable-aerocar-_JM;N/A;;"Toyota Hilux Srv 3.0 2016 Impecable! Aerocar";USD;Sí;silver;false;N/A;N/A;http://perfil.mercadolibre.com.uy/AEROCAR2023;active;N/A;N/A;Usado;Blanco;N/A;Hidráulica;N/A;Sí;Sí;Sí;Sí;N/A;N/A;Sí;Sí;Sí;Sí;Sí;Sí;Sí;N/A;N/A;N/A;N/A;N/A;N/A;N/A;N/A;N/A;N/A;N/A;N/A;N/A;"3000 cc";N/A;7;N/A;N/A;Sí;Sí;Sí;N/A;Sí;N/A;N/A;N/A;N/A;N/A;N/A;N/A;N/A;N/A;N/A;N/A;N/A;N/A;N/A;N/A;N/A;Sí;N/A;Sí;N/A;Sí;N/A;N/A;N/A;N/A;N/A;N/A;N/A;N/A;N/A;N/A;N/A;N/A;N/A;N/A;Sí;N/A;N/A;N/A;N/A;N/A;N/A;N/A;N/A;N/A;N/A;Srv;N/A;N/A;N/A;"10 km/l";N/A;N/A;Sí;Sí;Sí;Sí;Sí;N/A;N/A;N/A;"13 km/l";N/A;N/A;Sí;Sí;N/A;"Lun. a Vie. de 9 a 19 hs. Sáb. de 10 a 14 hs.";4;3.0;Diésel;Automática;Pick-Up;"Autos y camionetas";No;N/A;N/A;N/A;No;N/A;N/A;No;Sí;No;No;N/A;N/A;N/A;N/A;N/A;N/A;N/A;N/A;N/A;N/A;N/A;N/A;N/A;N/A;N/A;N/A;N/A;N/A;N/A;N/A;N/A;N/A;N/A;N/A;N/A;N/A;N/A;N/A;N/A;N/A;N/A;N/A;N/A;N/A;N/A;N/A;N/A;N/A;N/A;N/A;N/A;N/A;N/A;N/A;N/A;N/A;N/A;N/A;N/A;N/A;N/A;No;N/A;N/A;N/A;N/A;N/A;N/A;N/A;N/A;N/A;N/A;N/A;N/A;N/A;N/A;N/A;N/A;N/A;N/A;N/A;N/A;N/A;N/A;N/A;N/A;N/A;N/A;N/A;N/A;N/A;N/A;N/A;N/A;N/A;Sí;Sí;Sí;N/A;Sí;Sí;Sí;N/A;Sí;Sí;Sí;Sí;N/A;Sí;Sí;Sí;Sí;N/A;Sí;Sí;Sí;N/A;Sí;Sí;Sí;Sí
Toyota;Corolla;Lx;2016;"181500 km";;"VIPERCAR AUTOMOVILES_3";17490;;;;;Centro;https://auto.mercadolibre.com.uy/MLU-700476052-toyota-corolla-lx-18-2016-impecable-_JM;N/A;;"Toyota Corolla Lx 1.8 2016 Impecable!";USD;Sí;silver;false;N/A;N/A;http://perfil.mercadolibre.com.uy/VIPERCAR+AUTOMOVILES_3;active;N/A;N/A;Usado;"Gris oscuro";N/A;Hidráulica;N/A;Sí;Sí;Sí;N/A;N/A;N/A;Sí;Sí;N/A;N/A;N/A;Sí;Sí;N/A;N/A;N/A;N/A;N/A;N/A;N/A;N/A;N/A;N/A;N/A;N/A;N/A;"1800 cc";N/A;6;N/A;N/A;N/A;N/A;N/A;N/A;N/A;N/A;N/A;N/A;N/A;N/A;N/A;N/A;N/A;N/A;N/A;N/A;N/A;N/A;N/A;N/A;N/A;Sí;N/A;Sí;N/A;N/A;N/A;N/A;N/A;N/A;N/A;N/A;N/A;N/A;Sí;N/A;N/A;N/A;N/A;N/A;N/A;N/A;N/A;N/A;N/A;N/A;N/A;N/A;N/A;N/A;N/A;N/A;N/A;N/A;N/A;N/A;N/A;N/A;N/A;N/A;N/A;N/A;N/A;N/A;N/A;N/A;N/A;N/A;N/A;N/A;N/A;N/A;"Lun a Vie de 9 a 12:30 y de 13:30 a 19. Sáb de 9 a 13 hs.";4;1.8;Nafta;Manual;Sedán;"Autos y camionetas";No;N/A;N/A;N/A;No;N/A;N/A;No;Sí;No;No;N/A;N/A;N/A;N/A;N/A;N/A;N/A;N/A;N/A;N/A;N/A;N/A;N/A;N/A;N/A;N/A;N/A;N/A;N/A;N/A;N/A;N/A;N/A;N/A;N/A;N/A;N/A;N/A;N/A;N/A;N/A;N/A;N/A;N/A;N/A;N/A;N/A;N/A;N/A;N/A;N/A;N/A;N/A;N/A;N/A;N/A;N/A;N/A;N/A;N/A;N/A;No;N/A;N/A;N/A;N/A;N/A;N/A;N/A;N/A;N/A;N/A;N/A;N/A;N/A;N/A;N/A;N/A;N/A;N/A;N/A;N/A;N/A;N/A;N/A;N/A;N/A;N/A;N/A;N/A;N/A;Sí;N/A;N/A;N/A;Sí;N/A;Sí;N/A;Sí;N/A;N/A;N/A;N/A;Sí;N/A;N/A;N/A;N/A;N/A;N/A;N/A;N/A;Sí;N/A;Sí;N/A;N/A;N/A;N/A;N/A
Toyota;Hilux;"2.4 P.up T.diesel Dx 4x4";2023;"0 km";;"NOGAR AUTOMOVILES";71490;;;;;"San José de Mayo";https://auto.mercadolibre.com.uy/MLU-641186193-nueva-toyota-hilux-srv-at-28-4x4-_JM;N/A;;"Nueva Toyota Hilux Srv At 2.8 4x4";usd;Sí;silver;false;N/A;N/A;http://perfil.mercadolibre.com.uy/NOGAR+AUTOMOVILES;active;No;N/A;Nuevo;"GRIS GRAFITO";No;Hidráulica;4x4;Sí;No;No;No;No;No;No;No;No;No;No;No;No;No;No;N/A;N/A;N/A;N/A;N/A;N/A;N/A;N/A;N/A;N/A;"2860 mm";"2.4 L";"80 L";5;N/A;No;No;No;No;No;No;No;No;No;No;No;No;No;No;No;No;No;No;No;No;No;No;No;No;No;No;No;N/A;No;N/A;No;No;No;No;No;No;No;No;No;No;No;No;N/A;No;"1850 mm";"5260 mm";N/A;N/A;N/A;N/A;5;"150 hp";Dx;N/A;4;"1855 mm";"8.2 km/l";No;No;No;No;No;No;No;No;No;No;"6.3 km/l";No;No;No;No;No;"9 a 12 hs y de 14.30 a 18.30 hs";4;2.4;Diésel;Manual;Pick-Up;"Autos y camionetas";No;No;No;No;No;No;UY;No;Sí;No;No;No;No;No;No;No;No;No;No;No;No;No;No;No;No;No;No;No;No;No;No;No;N/A;No;No;No;No;No;No;No;No;No;No;Sí;No;No;No;No;No;No;No;No;No;No;No;No;No;No;No;No;No;No;No;No;No;No;No;No;No;No;No;No;No;No;No;No;No;No;No;No;No;No;No;No;No;No;No;No;No;No;No;No;No;No;No;No;No;No;No;No;No;No;No;No;No;No;No;No;No;No;No;No;Sí;No;Sí;No;No;No;No;Sí;No;No
Toyota;Hilux;"2.7 D.cab. Srv 4x4";2019;"78000 km";;"LOPEZ MOTORS";37000;;;;;"Las Piedras";https://auto.mercadolibre.com.uy/MLU-695173604-toyota-hilux-srv-4x4-_JM;N/A;;"Toyota Hilux Srv 4x4";usd;Sí;silver;false;N/A;N/A;http://perfil.mercadolibre.com.uy/LOPEZ+MOTORS;active;N/A;N/A;Usado;Gris;Sí;Hidráulica;4x4;Sí;Sí;Sí;N/A;N/A;No;N/A;N/A;No;N/A;N/A;No;Sí;N/A;No;N/A;N/A;N/A;N/A;N/A;N/A;N/A;N/A;N/A;N/A;"2860 mm";"2.7 L";"80 L";5;N/A;N/A;N/A;N/A;N/A;Sí;N/A;N/A;N/A;Sí;N/A;N/A;N/A;N/A;N/A;N/A;N/A;N/A;N/A;N/A;N/A;N/A;N/A;N/A;N/A;N/A;N/A;N/A;N/A;No;N/A;N/A;N/A;Sí;N/A;N/A;N/A;N/A;N/A;N/A;N/A;N/A;N/A;N/A;N/A;"1850 mm";"5260 mm";N/A;N/A;N/A;N/A;5;"177 hp";Srv;N/A;2;"1855 mm";N/A;Sí;N/A;Sí;Sí;N/A;Sí;Sí;N/A;No;N/A;N/A;No;No;N/A;N/A;No;"De lunes a viernes de las 8:00 hs a 12:00 hs y de las 14:00 hs hasta las 18:00 hs...";4;2.7;Nafta;Manual;Pick-Up;"Autos y camionetas";No;N/A;N/A;N/A;No;N/A;UY;N/A;Sí;N/A;No;N/A;N/A;N/A;N/A;N/A;N/A;N/A;N/A;N/A;N/A;N/A;N/A;N/A;Sí;N/A;N/A;N/A;N/A;N/A;N/A;N/A;N/A;N/A;N/A;N/A;N/A;N/A;N/A;N/A;N/A;N/A;N/A;No;N/A;N/A;N/A;N/A;N/A;N/A;N/A;N/A;N/A;N/A;N/A;N/A;N/A;N/A;N/A;N/A;N/A;No;No;N/A;N/A;N/A;N/A;N/A;N/A;N/A;N/A;N/A;N/A;N/A;N/A;N/A;N/A;N/A;N/A;N/A;N/A;N/A;N/A;N/A;N/A;N/A;N/A;N/A;N/A;N/A;N/A;N/A;N/A;N/A;N/A;Sí;Sí;Sí;Sí;N/A;Sí;N/A;N/A;N/A;N/A;Sí;No;Sí;Sí;N/A;N/A;Sí;Sí;Sí;Sí;Sí;Sí;No;Sí;Sí;N/A;Sí
Toyota;Corolla;"1.8 Xei";2006;"193000 km";;FERJON63;10300;;;;;Melo;https://auto.mercadolibre.com.uy/MLU-699774384-toyota-corolla-18-xei-_JM;N/A;;"Toyota Corolla 1.8 Xei";usd;No;silver;false;N/A;N/A;http://perfil.mercadolibre.com.uy/FERJON63;active;N/A;N/A;Usado;Plateado;No;Hidráulica;Delantera;Sí;N/A;N/A;N/A;N/A;N/A;N/A;N/A;N/A;N/A;N/A;N/A;N/A;N/A;N/A;N/A;N/A;N/A;N/A;N/A;N/A;N/A;N/A;N/A;N/A;"2465 mm";"1.8 L";"50 L";5;N/A;N/A;N/A;N/A;N/A;N/A;N/A;N/A;N/A;N/A;N/A;N/A;N/A;N/A;N/A;N/A;N/A;N/A;N/A;N/A;N/A;N/A;N/A;N/A;N/A;N/A;N/A;N/A;N/A;N/A;N/A;N/A;N/A;N/A;N/A;N/A;N/A;N/A;N/A;N/A;N/A;N/A;N/A;N/A;N/A;"1405 mm";"4395 mm";N/A;N/A;N/A;N/A;5;"134 hp";Xei;N/A;4;"1690 mm";"13.2 km/l";N/A;N/A;N/A;N/A;N/A;N/A;N/A;N/A;N/A;N/A;N/A;N/A;N/A;N/A;N/A;N/A;"Lunes a sábado de 8 a 19 horas";4;1.8;Nafta;Manual;Sedán;"Autos y camionetas";N/A;N/A;N/A;N/A;N/A;N/A;UY;N/A;N/A;N/A;N/A;N/A;N/A;N/A;N/A;N/A;N/A;N/A;N/A;N/A;N/A;N/A;N/A;N/A;N/A;N/A;N/A;N/A;N/A;N/A;N/A;N/A;N/A;N/A;N/A;N/A;N/A;N/A;N/A;N/A;N/A;N/A;N/A;N/A;N/A;N/A;N/A;N/A;N/A;N/A;N/A;N/A;N/A;N/A;N/A;N/A;N/A;N/A;N/A;N/A;N/A;N/A;N/A;N/A;N/A;N/A;N/A;N/A;N/A;N/A;N/A;N/A;N/A;N/A;N/A;N/A;N/A;N/A;N/A;N/A;N/A;N/A;N/A;N/A;N/A;N/A;N/A;N/A;N/A;N/A;N/A;N/A;N/A;N/A;N/A;N/A;N/A;N/A;N/A;N/A;N/A;N/A;N/A;N/A;N/A;N/A;N/A;N/A;N/A;N/A;N/A;N/A;N/A;N/A;Sí;N/A;N/A;N/A;N/A;N/A;N/A;N/A
Toyota;Hilux;"3.0 D/cab 4x2 D Srv";2005;"290391 km";;"NICOLASTEJERA AUTOMOVILES";24500;;;;;Tala;https://auto.mercadolibre.com.uy/MLU-646415345-toyota-hilux-2005-30-dcab-4x2-d-srv-_JM;N/A;;"Toyota Hilux 2005 3.0 D/cab 4x2 D Srv";usd;No;silver;false;N/A;N/A;http://perfil.mercadolibre.com.uy/NICOLASTEJERA+AUTOMOVILES;active;N/A;N/A;Usado;N/A;N/A;N/A;4x2;Sí;N/A;N/A;N/A;N/A;N/A;N/A;N/A;N/A;N/A;N/A;N/A;N/A;N/A;N/A;N/A;N/A;N/A;N/A;N/A;N/A;N/A;N/A;N/A;N/A;"2860 mm";"3 L";"65 L";5;N/A;N/A;N/A;N/A;N/A;N/A;N/A;N/A;N/A;N/A;N/A;N/A;N/A;N/A;N/A;N/A;N/A;N/A;N/A;N/A;N/A;N/A;N/A;N/A;N/A;N/A;N/A;N/A;N/A;N/A;N/A;N/A;N/A;N/A;N/A;N/A;N/A;N/A;N/A;N/A;N/A;N/A;N/A;N/A;N/A;"1730 mm";"4895 mm";N/A;N/A;N/A;N/A;3;"125 hp";Srv;N/A;2;"1690 mm";N/A;N/A;N/A;N/A;N/A;N/A;N/A;N/A;N/A;N/A;N/A;N/A;N/A;N/A;N/A;N/A;N/A;N/A;4;3.0;Diésel;Manual;Pick-Up;"Autos y camionetas";N/A;N/A;N/A;N/A;N/A;N/A;UY;N/A;N/A;N/A;N/A;N/A;N/A;N/A;N/A;N/A;N/A;N/A;N/A;N/A;N/A;N/A;N/A;N/A;N/A;N/A;N/A;N/A;N/A;N/A;N/A;N/A;N/A;N/A;N/A;N/A;N/A;N/A;N/A;N/A;N/A;N/A;N/A;N/A;N/A;N/A;N/A;N/A;N/A;N/A;N/A;N/A;N/A;N/A;N/A;N/A;N/A;N/A;N/A;N/A;N/A;N/A;N/A;N/A;N/A;N/A;N/A;N/A;N/A;N/A;N/A;N/A;N/A;N/A;N/A;N/A;N/A;N/A;N/A;N/A;N/A;N/A;N/A;N/A;N/A;N/A;N/A;N/A;N/A;N/A;N/A;N/A;N/A;N/A;N/A;N/A;N/A;N/A;N/A;N/A;N/A;N/A;N/A;N/A;N/A;N/A;N/A;N/A;N/A;N/A;N/A;N/A;N/A;N/A;Sí;N/A;N/A;N/A;N/A;N/A;N/A;N/A
Toyota;Hilux;"SR 4X4 NAFTA 2.7";2014;"219010 km";;"NOGAR AUTOMOVILES";21000;;;;;"San José de Mayo";https://auto.mercadolibre.com.uy/MLU-699522400-toyota-hilux-sr-4x4-nafta-2014-_JM;N/A;;"Toyota Hilux Sr 4x4 Nafta 2014";USD;Sí;silver;false;N/A;N/A;http://perfil.mercadolibre.com.uy/NOGAR+AUTOMOVILES;active;N/A;N/A;Usado;Blanco;Sí;Asistida;4x4;Sí;Sí;N/A;N/A;N/A;N/A;N/A;N/A;N/A;N/A;N/A;N/A;Sí;N/A;N/A;N/A;N/A;N/A;N/A;N/A;N/A;N/A;N/A;N/A;N/A;N/A;N/A;N/A;N/A;N/A;N/A;N/A;N/A;N/A;N/A;N/A;N/A;N/A;N/A;N/A;N/A;N/A;N/A;N/A;N/A;N/A;N/A;N/A;N/A;N/A;N/A;N/A;N/A;N/A;N/A;N/A;N/A;N/A;N/A;N/A;N/A;N/A;N/A;N/A;N/A;N/A;N/A;N/A;N/A;N/A;N/A;N/A;N/A;N/A;N/A;N/A;N/A;N/A;N/A;N/A;N/A;N/A;N/A;N/A;N/A;N/A;N/A;N/A;N/A;N/A;Sí;N/A;N/A;Sí;N/A;N/A;N/A;N/A;N/A;N/A;N/A;N/A;N/A;N/A;4;2.7;Nafta;Manual;Pick-Up;"Autos y camionetas";N/A;N/A;N/A;N/A;N/A;N/A;N/A;N/A;Sí;N/A;N/A;N/A;N/A;N/A;N/A;N/A;N/A;N/A;N/A;N/A;N/A;N/A;N/A;N/A;N/A;N/A;N/A;N/A;N/A;N/A;N/A;N/A;N/A;N/A;N/A;N/A;N/A;N/A;N/A;N/A;N/A;N/A;N/A;N/A;N/A;N/A;N/A;N/A;N/A;N/A;N/A;N/A;N/A;N/A;N/A;N/A;N/A;N/A;N/A;N/A;N/A;N/A;N/A;N/A;N/A;N/A;N/A;N/A;N/A;N/A;N/A;N/A;N/A;N/A;N/A;N/A;N/A;N/A;N/A;N/A;N/A;N/A;N/A;N/A;N/A;N/A;N/A;N/A;N/A;N/A;N/A;N/A;N/A;N/A;N/A;N/A;Sí;N/A;N/A;N/A;Sí;N/A;N/A;N/A;N/A;Sí;N/A;N/A;N/A;N/A;N/A;N/A;N/A;N/A;Sí;Sí;N/A;Sí;N/A;N/A;N/A;Sí
Toyota;Etios;"1.5 FULL HATCH 2015";2015;"165000 km";;"NOGAR AUTOMOVILES";12300;;;;;"San José de Mayo";https://auto.mercadolibre.com.uy/MLU-699260638-toyota-etios-15-full-2015-_JM;N/A;;"Toyota Etios 1.5 Full 2015";USD;Sí;silver;false;N/A;N/A;http://perfil.mercadolibre.com.uy/NOGAR+AUTOMOVILES;active;N/A;N/A;Usado;Gris;N/A;Asistida;N/A;Sí;Sí;N/A;N/A;N/A;N/A;N/A;N/A;N/A;N/A;N/A;N/A;Sí;N/A;N/A;N/A;N/A;N/A;N/A;N/A;N/A;N/A;N/A;N/A;N/A;N/A;N/A;N/A;N/A;N/A;N/A;N/A;N/A;N/A;N/A;N/A;N/A;N/A;N/A;N/A;N/A;N/A;N/A;N/A;N/A;N/A;N/A;N/A;N/A;N/A;N/A;N/A;N/A;N/A;N/A;N/A;N/A;N/A;N/A;N/A;N/A;N/A;N/A;N/A;N/A;N/A;N/A;N/A;N/A;N/A;N/A;N/A;N/A;N/A;N/A;N/A;N/A;N/A;N/A;N/A;N/A;N/A;N/A;N/A;N/A;N/A;N/A;N/A;N/A;N/A;N/A;N/A;Sí;Sí;N/A;N/A;N/A;N/A;N/A;N/A;N/A;N/A;Sí;"L A V 9 A 12- 14-30 A 18- SAB 9 A 12";5;1.5;Nafta;Manual;Hatchback;"Autos y camionetas";N/A;N/A;N/A;N/A;N/A;N/A;N/A;N/A;N/A;N/A;N/A;N/A;N/A;N/A;N/A;N/A;N/A;N/A;N/A;N/A;N/A;N/A;N/A;N/A;N/A;N/A;N/A;N/A;N/A;N/A;N/A;N/A;N/A;N/A;N/A;N/A;N/A;N/A;N/A;N/A;N/A;N/A;N/A;N/A;N/A;N/A;N/A;N/A;N/A;N/A;N/A;N/A;N/A;N/A;N/A;N/A;N/A;N/A;N/A;N/A;N/A;N/A;N/A;N/A;N/A;N/A;N/A;N/A;N/A;N/A;N/A;N/A;N/A;N/A;N/A;N/A;N/A;N/A;N/A;N/A;N/A;N/A;N/A;N/A;N/A;N/A;N/A;N/A;N/A;N/A;N/A;N/A;N/A;N/A;N/A;N/A;N/A;N/A;Sí;N/A;N/A;N/A;N/A;N/A;N/A;Sí;N/A;N/A;Sí;N/A;N/A;N/A;Sí;N/A;Sí;Sí;Sí;N/A;N/A;N/A;N/A;Sí
Toyota;Hilux;"3.0 Tdi Srv Cab Doble At 4x4 Cuero";2010;"550000 km";;"DELTACAR S.A.";28900;;;;;Mercedes;https://auto.mercadolibre.com.uy/MLU-696443248-toyota-hilux-4x4-aut-srv-tdi-_JM;N/A;;"Toyota Hilux 4x4 Aut. Srv Tdi";usd;Sí;silver;false;N/A;N/A;http://perfil.mercadolibre.com.uy/DELTACAR+S.A.;active;N/A;N/A;Usado;Plateado;N/A;Hidráulica;4x4;Sí;N/A;Sí;N/A;N/A;N/A;N/A;N/A;N/A;N/A;N/A;N/A;N/A;N/A;N/A;N/A;N/A;N/A;N/A;N/A;N/A;N/A;N/A;N/A;N/A;"2860 mm";"3 L";"80 L";4;N/A;N/A;N/A;N/A;N/A;N/A;N/A;N/A;N/A;N/A;N/A;N/A;N/A;N/A;N/A;N/A;N/A;N/A;N/A;N/A;N/A;N/A;N/A;N/A;N/A;N/A;N/A;N/A;N/A;N/A;N/A;N/A;N/A;N/A;N/A;N/A;N/A;N/A;N/A;N/A;N/A;N/A;N/A;N/A;N/A;"1820 mm";"5255 mm";N/A;N/A;N/A;N/A;5;"163 hp";Srv;N/A;4;"1855 mm";N/A;Sí;N/A;N/A;N/A;N/A;N/A;Sí;N/A;N/A;N/A;N/A;N/A;N/A;N/A;N/A;N/A;"TODOS LOS DIAS";4;3.0;Diésel;Automática;Pick-Up;"Autos y camionetas";N/A;N/A;N/A;N/A;N/A;N/A;UY;N/A;N/A;N/A;N/A;N/A;N/A;N/A;N/A;N/A;N/A;N/A;N/A;N/A;N/A;N/A;N/A;N/A;N/A;N/A;N/A;N/A;N/A;N/A;N/A;N/A;N/A;N/A;N/A;N/A;N/A;N/A;N/A;N/A;N/A;N/A;N/A;N/A;N/A;N/A;N/A;N/A;N/A;N/A;N/A;N/A;N/A;N/A;N/A;N/A;N/A;N/A;N/A;N/A;N/A;N/A;N/A;N/A;N/A;N/A;N/A;N/A;N/A;N/A;N/A;N/A;N/A;N/A;N/A;N/A;N/A;N/A;N/A;N/A;N/A;N/A;N/A;N/A;N/A;N/A;N/A;N/A;N/A;N/A;N/A;N/A;N/A;N/A;N/A;N/A;N/A;N/A;N/A;N/A;N/A;N/A;N/A;N/A;N/A;N/A;N/A;N/A;N/A;N/A;N/A;N/A;Sí;N/A;Sí;N/A;N/A;N/A;N/A;N/A;N/A;N/A
Toyota;Hilux;"SRV 2.8 4x4 Automática Diesel";2023;"12000 km";;QUIEROUNAUTOUY;74000;;;;;"La Comercial";https://auto.mercadolibre.com.uy/MLU-646454441-toyota-hilux-srv-4x4-at-diesel-_JM;N/A;;"Toyota Hilux Srv 4x4 At Diesel";USD;Sí;silver;false;N/A;N/A;http://perfil.mercadolibre.com.uy/QUIEROUNAUTOUY;active;N/A;N/A;Usado;Gris;Sí;Asistida;4x4;N/A;N/A;N/A;N/A;N/A;N/A;N/A;N/A;N/A;N/A;N/A;N/A;N/A;N/A;N/A;N/A;N/A;N/A;N/A;N/A;N/A;N/A;N/A;N/A;N/A;N/A;N/A;N/A;N/A;N/A;N/A;N/A;N/A;N/A;N/A;N/A;N/A;N/A;N/A;N/A;N/A;N/A;N/A;N/A;N/A;N/A;N/A;N/A;N/A;N/A;N/A;N/A;N/A;N/A;N/A;N/A;N/A;N/A;N/A;N/A;N/A;N/A;N/A;N/A;N/A;N/A;N/A;N/A;N/A;N/A;N/A;N/A;N/A;N/A;N/A;N/A;N/A;N/A;N/A;N/A;N/A;N/A;N/A;N/A;N/A;N/A;N/A;N/A;N/A;N/A;N/A;N/A;N/A;N/A;N/A;N/A;N/A;N/A;N/A;N/A;N/A;N/A;N/A;"Lunes a Viernes de 10 a 18hs";4;2.8;Diésel;Automática;Pick-Up;"Autos y camionetas";N/A;N/A;N/A;N/A;N/A;N/A;N/A;N/A;N/A;N/A;N/A;N/A;N/A;N/A;N/A;N/A;N/A;N/A;N/A;N/A;N/A;N/A;N/A;N/A;N/A;N/A;N/A;N/A;N/A;N/A;N/A;N/A;N/A;N/A;N/A;N/A;N/A;N/A;N/A;N/A;N/A;N/A;N/A;N/A;N/A;N/A;N/A;N/A;N/A;N/A;N/A;N/A;N/A;N/A;N/A;N/A;N/A;N/A;N/A;N/A;N/A;N/A;N/A;N/A;N/A;N/A;N/A;N/A;N/A;N/A;N/A;N/A;N/A;N/A;N/A;N/A;N/A;N/A;N/A;N/A;N/A;N/A;N/A;N/A;N/A;N/A;N/A;N/A;N/A;N/A;N/A;N/A;N/A;N/A;N/A;N/A;N/A;N/A;N/A;N/A;N/A;N/A;N/A;N/A;N/A;N/A;N/A;N/A;N/A;N/A;N/A;N/A;N/A;N/A;N/A;N/A;N/A;N/A;N/A;N/A;N/A;N/A
Toyota;Corolla;"1.6 Gli";1998;"390000 km";;"TOPCAR AV.JOSEBELLONI6328";6900;;;;;Manga;https://auto.mercadolibre.com.uy/MLU-698752566-toyota-corolla-16-full-automotoratopcar-usd-3500-cuotas-_JM;N/A;;"Toyota Corolla 1.6 Full Automotoratopcar Usd 3500 + Cuotas ";usd;No;silver;false;N/A;N/A;http://perfil.mercadolibre.com.uy/TOPCAR+AV.JOSEBELLONI6328;active;N/A;N/A;Usado;Rosa;N/A;Hidráulica;Delantera;Sí;N/A;N/A;N/A;N/A;N/A;N/A;N/A;No;N/A;N/A;N/A;Sí;N/A;N/A;N/A;N/A;N/A;N/A;N/A;N/A;N/A;N/A;N/A;N/A;"2465 mm";"1.6 L";"50 L";5;N/A;N/A;N/A;N/A;N/A;N/A;N/A;N/A;N/A;N/A;N/A;N/A;N/A;N/A;N/A;N/A;N/A;N/A;N/A;N/A;N/A;N/A;N/A;N/A;N/A;N/A;N/A;N/A;N/A;No;N/A;N/A;N/A;N/A;N/A;N/A;N/A;N/A;N/A;N/A;N/A;N/A;N/A;N/A;N/A;"1385 mm";"4295 mm";N/A;N/A;N/A;N/A;5;"110 hp";Gli;N/A;4;"1690 mm";"9 km/l";N/A;N/A;N/A;Sí;N/A;Sí;N/A;N/A;No;N/A;N/A;N/A;N/A;N/A;N/A;No;"de lunes a viernes de 10 a 18 horas y sábados de 10 a 15 horas";4;1.6;Nafta;Manual;Sedán;"Autos y camionetas";N/A;N/A;N/A;N/A;N/A;N/A;UY;N/A;Sí;N/A;N/A;N/A;N/A;N/A;N/A;N/A;N/A;N/A;N/A;N/A;N/A;N/A;N/A;N/A;N/A;N/A;N/A;N/A;N/A;N/A;N/A;N/A;N/A;N/A;N/A;N/A;N/A;N/A;N/A;N/A;N/A;N/A;N/A;N/A;N/A;N/A;N/A;N/A;N/A;N/A;N/A;N/A;N/A;N/A;N/A;N/A;N/A;N/A;N/A;N/A;N/A;N/A;N/A;N/A;N/A;N/A;N/A;N/A;N/A;N/A;N/A;N/A;N/A;N/A;N/A;N/A;N/A;N/A;N/A;N/A;N/A;N/A;N/A;N/A;N/A;N/A;N/A;N/A;N/A;N/A;N/A;N/A;N/A;N/A;N/A;No;N/A;Sí;Sí;N/A;Sí;N/A;N/A;N/A;N/A;Sí;N/A;N/A;Sí;N/A;N/A;N/A;N/A;Sí;Sí;Sí;No;Sí;Sí;Sí;N/A;Sí
Toyota;Hilux;Srv;2023;"0 km";;LAUTOMOTORA;61490;;;;;"San Jacinto";https://auto.mercadolibre.com.uy/MLU-638008825-toyota-hilux-srv-28-2023-0km-lautomotora-_JM;N/A;;"Toyota Hilux Srv 2.8 2023 0km - Lautomotora";USD;Sí;silver;false;N/A;N/A;http://perfil.mercadolibre.com.uy/LAUTOMOTORA;active;N/A;N/A;Nuevo;Blanco;N/A;Hidráulica;N/A;N/A;N/A;N/A;N/A;N/A;N/A;N/A;N/A;N/A;N/A;N/A;N/A;N/A;N/A;N/A;N/A;N/A;N/A;N/A;N/A;N/A;N/A;N/A;N/A;N/A;N/A;"2800 cc";N/A;6;N/A;N/A;N/A;N/A;N/A;N/A;N/A;N/A;N/A;N/A;N/A;N/A;N/A;N/A;N/A;N/A;N/A;N/A;N/A;N/A;N/A;N/A;N/A;N/A;N/A;N/A;N/A;N/A;N/A;N/A;N/A;N/A;N/A;N/A;N/A;N/A;N/A;N/A;N/A;N/A;N/A;N/A;N/A;N/A;N/A;N/A;N/A;N/A;N/A;N/A;N/A;N/A;"204 hp";Srv;N/A;N/A;N/A;"10 km/l";N/A;N/A;N/A;N/A;N/A;N/A;N/A;N/A;N/A;N/A;"10 km/l";N/A;N/A;N/A;N/A;N/A;"Lunes a viernes de 9 a 13 y de 14 a 19 hs";4;2.8;Diésel;Manual;Pick-Up;"Autos y camionetas";No;N/A;N/A;N/A;No;N/A;N/A;No;Sí;No;No;N/A;N/A;N/A;N/A;N/A;N/A;N/A;N/A;N/A;N/A;N/A;N/A;N/A;N/A;N/A;N/A;N/A;N/A;N/A;N/A;N/A;N/A;N/A;N/A;N/A;N/A;N/A;N/A;N/A;N/A;N/A;N/A;Sí;N/A;N/A;N/A;N/A;N/A;N/A;N/A;N/A;N/A;N/A;N/A;N/A;N/A;N/A;N/A;N/A;N/A;Sí;No;N/A;N/A;N/A;N/A;N/A;N/A;N/A;N/A;N/A;N/A;N/A;N/A;N/A;N/A;N/A;N/A;N/A;N/A;N/A;N/A;N/A;N/A;N/A;N/A;N/A;N/A;N/A;N/A;N/A;N/A;N/A;N/A;N/A;N/A;N/A;N/A;N/A;N/A;N/A;N/A;N/A;N/A;N/A;N/A;N/A;N/A;N/A;N/A;N/A;N/A;N/A;N/A;N/A;N/A;N/A;N/A;N/A;N/A;N/A
Toyota;Hilux;"3.0 Cd Srv Tdi 171cv 4x2 - B3";2016;"214000 km";;RENAULTPUNTADELESTE;39900;;;;;"Punta del Este";https://auto.mercadolibre.com.uy/MLU-701237034-toyota-hilux-30-cd-srv-tdi-171cv-4x2-_JM;N/A;;"Toyota Hilux 3.0 Cd Srv Tdi 171cv 4x2 ";usd;Sí;silver;false;N/A;N/A;http://perfil.mercadolibre.com.uy/RENAULTPUNTADELESTE;active;N/A;N/A;Usado;Blanco;N/A;Hidráulica;4x2;Sí;N/A;Sí;N/A;N/A;N/A;N/A;N/A;N/A;N/A;N/A;N/A;N/A;N/A;N/A;N/A;N/A;N/A;N/A;N/A;N/A;N/A;N/A;N/A;N/A;"2860 mm";"3 L";"80 L";5;N/A;N/A;N/A;N/A;N/A;N/A;N/A;N/A;N/A;N/A;N/A;N/A;N/A;N/A;N/A;N/A;N/A;N/A;N/A;N/A;N/A;N/A;N/A;N/A;N/A;N/A;N/A;N/A;N/A;N/A;N/A;N/A;N/A;N/A;N/A;N/A;N/A;N/A;N/A;N/A;N/A;N/A;N/A;N/A;N/A;"1860 mm";"5260 mm";N/A;N/A;N/A;N/A;5;"171 hp";Srv;N/A;4;"1855 mm";N/A;Sí;N/A;N/A;N/A;N/A;N/A;N/A;N/A;N/A;N/A;N/A;N/A;N/A;N/A;N/A;N/A;24hs;4;3.0;Diésel;Manual;Pick-Up;"Autos y camionetas";N/A;N/A;N/A;N/A;N/A;N/A;UY;N/A;N/A;N/A;N/A;N/A;N/A;N/A;N/A;N/A;N/A;N/A;N/A;N/A;N/A;N/A;N/A;N/A;N/A;N/A;N/A;N/A;N/A;N/A;N/A;N/A;N/A;N/A;N/A;N/A;N/A;N/A;N/A;N/A;N/A;N/A;N/A;N/A;N/A;N/A;N/A;N/A;N/A;N/A;N/A;N/A;N/A;N/A;N/A;N/A;N/A;N/A;N/A;N/A;N/A;N/A;N/A;N/A;N/A;N/A;N/A;N/A;N/A;N/A;N/A;N/A;N/A;N/A;N/A;N/A;N/A;N/A;N/A;N/A;N/A;N/A;N/A;N/A;N/A;N/A;N/A;N/A;N/A;N/A;N/A;N/A;N/A;N/A;N/A;N/A;N/A;N/A;N/A;N/A;N/A;N/A;N/A;N/A;N/A;N/A;N/A;N/A;N/A;N/A;N/A;N/A;Sí;N/A;Sí;N/A;N/A;N/A;Sí;Sí;N/A;N/A
Toyota;"Rav4 Hybrid";"Rav 4 limited 4x2 AT";2019;"75000 km";;"VARGAS ANDRE";41900;;;;;"Carrasco Norte";https://auto.mercadolibre.com.uy/MLU-646322841-toyota-rav4-hybrid-rav-4-limited-4x2-at-_JM;N/A;;"Toyota Rav4 Hybrid Rav 4 Limited 4x2 At";USD;Sí;silver;false;N/A;N/A;http://perfil.mercadolibre.com.uy/VARGAS+ANDRE;active;N/A;N/A;Usado;N/A;N/A;N/A;N/A;N/A;N/A;N/A;N/A;N/A;N/A;N/A;N/A;N/A;N/A;N/A;N/A;N/A;N/A;N/A;N/A;N/A;N/A;N/A;N/A;N/A;N/A;N/A;N/A;N/A;N/A;N/A;N/A;N/A;N/A;N/A;N/A;N/A;N/A;N/A;N/A;N/A;N/A;N/A;N/A;N/A;N/A;N/A;N/A;N/A;N/A;N/A;N/A;N/A;N/A;N/A;N/A;N/A;N/A;N/A;N/A;N/A;N/A;N/A;N/A;N/A;N/A;N/A;N/A;N/A;N/A;N/A;N/A;N/A;N/A;N/A;N/A;N/A;N/A;N/A;N/A;N/A;N/A;N/A;N/A;N/A;N/A;N/A;N/A;N/A;N/A;N/A;N/A;N/A;N/A;N/A;N/A;N/A;N/A;N/A;N/A;N/A;N/A;N/A;N/A;N/A;N/A;N/A;N/A;5;N/A;Híbrido;N/A;N/A;"Autos y camionetas";N/A;N/A;N/A;N/A;N/A;N/A;N/A;N/A;N/A;N/A;N/A;N/A;N/A;N/A;N/A;N/A;N/A;N/A;N/A;N/A;N/A;N/A;N/A;N/A;N/A;N/A;N/A;N/A;N/A;N/A;N/A;N/A;N/A;N/A;N/A;N/A;N/A;N/A;N/A;N/A;N/A;N/A;N/A;N/A;N/A;N/A;N/A;N/A;N/A;N/A;N/A;N/A;N/A;N/A;N/A;N/A;N/A;N/A;N/A;N/A;N/A;N/A;N/A;N/A;N/A;N/A;N/A;N/A;N/A;N/A;N/A;N/A;N/A;N/A;N/A;N/A;N/A;N/A;N/A;N/A;N/A;N/A;N/A;N/A;N/A;N/A;N/A;N/A;N/A;N/A;N/A;N/A;N/A;N/A;N/A;N/A;N/A;N/A;N/A;N/A;N/A;N/A;N/A;N/A;N/A;N/A;N/A;N/A;N/A;N/A;N/A;N/A;N/A;N/A;N/A;N/A;N/A;N/A;N/A;N/A;N/A;N/A
Toyota;Hilux;"2.7 D.cab. Srv 4x4";2024;"0 km";;"NORTE MOTORS";46990;;;;;Young;https://auto.mercadolibre.com.uy/MLU-695378090-toyota-hilux-2024-27-dcab-srv-4x4-_JM;N/A;;"Toyota Hilux 2024 2.7 D.cab. Srv 4x4";usd;Sí;silver;false;N/A;N/A;http://perfil.mercadolibre.com.uy/NORTE+MOTORS;active;N/A;N/A;Nuevo;N/A;N/A;Hidráulica;4x4;Sí;N/A;Sí;N/A;N/A;N/A;N/A;N/A;N/A;N/A;N/A;N/A;N/A;N/A;N/A;N/A;N/A;N/A;N/A;N/A;N/A;N/A;N/A;N/A;N/A;"2860 mm";"2.7 L";"80 L";5;N/A;N/A;N/A;N/A;N/A;N/A;N/A;N/A;N/A;Sí;N/A;N/A;N/A;N/A;N/A;N/A;N/A;N/A;N/A;N/A;N/A;N/A;N/A;N/A;N/A;N/A;N/A;N/A;N/A;N/A;N/A;N/A;N/A;Sí;N/A;N/A;N/A;N/A;N/A;N/A;N/A;N/A;N/A;N/A;N/A;"1850 mm";"5260 mm";N/A;N/A;N/A;N/A;5;"177 hp";Srv;N/A;2;"1855 mm";N/A;Sí;N/A;N/A;N/A;N/A;N/A;N/A;N/A;N/A;N/A;N/A;N/A;N/A;N/A;N/A;N/A;N/A;4;2.7;Nafta;Manual;Pick-Up;"Autos y camionetas";N/A;N/A;N/A;N/A;N/A;N/A;UY;N/A;N/A;N/A;N/A;N/A;N/A;N/A;N/A;N/A;N/A;N/A;N/A;N/A;N/A;N/A;N/A;N/A;N/A;N/A;N/A;N/A;N/A;N/A;N/A;N/A;N/A;N/A;N/A;N/A;N/A;N/A;N/A;N/A;N/A;N/A;N/A;N/A;N/A;N/A;N/A;N/A;N/A;N/A;N/A;N/A;N/A;N/A;N/A;N/A;N/A;N/A;N/A;N/A;N/A;N/A;N/A;N/A;N/A;N/A;N/A;N/A;N/A;N/A;N/A;N/A;N/A;N/A;N/A;N/A;N/A;N/A;N/A;N/A;N/A;N/A;N/A;N/A;N/A;N/A;N/A;N/A;N/A;N/A;N/A;N/A;N/A;N/A;N/A;N/A;N/A;N/A;N/A;N/A;N/A;N/A;N/A;N/A;N/A;N/A;N/A;N/A;N/A;N/A;N/A;N/A;Sí;N/A;Sí;N/A;N/A;N/A;Sí;Sí;N/A;N/A
Toyota;Corolla;"1.8 Xei Mt Pack";2008;"158000 km";;"ANDRES 447";11800;;;;;Carmelo;https://auto.mercadolibre.com.uy/MLU-700451424-toyota-corolla-2008-18-xei-mt-pack-_JM;N/A;;"Toyota Corolla 2008 1.8 Xei Mt Pack";usd;Sí;silver;false;N/A;N/A;http://perfil.mercadolibre.com.uy/ANDRES+447;active;N/A;N/A;Usado;N/A;N/A;Hidráulica;Delantera;Sí;N/A;Sí;N/A;N/A;N/A;N/A;N/A;Sí;N/A;N/A;N/A;N/A;N/A;N/A;N/A;N/A;N/A;N/A;N/A;N/A;N/A;N/A;N/A;N/A;"2600 mm";"1.8 L";"55 L";5;N/A;N/A;N/A;N/A;N/A;N/A;N/A;N/A;N/A;N/A;N/A;N/A;N/A;N/A;N/A;N/A;N/A;N/A;N/A;N/A;N/A;N/A;N/A;N/A;N/A;N/A;N/A;N/A;N/A;N/A;N/A;N/A;N/A;Sí;Sí;N/A;N/A;N/A;N/A;N/A;N/A;N/A;N/A;N/A;N/A;"1485 mm";"4530 mm";N/A;N/A;N/A;N/A;5;"136 hp";Xei;N/A;4;"1705 mm";"13.5 km/l";N/A;N/A;N/A;Sí;N/A;N/A;Sí;N/A;N/A;N/A;N/A;N/A;N/A;N/A;N/A;N/A;N/A;4;1.8;Nafta;Manual;Sedán;"Autos y camionetas";N/A;N/A;N/A;N/A;N/A;N/A;UY;N/A;N/A;N/A;N/A;N/A;N/A;N/A;N/A;N/A;N/A;N/A;N/A;N/A;N/A;N/A;N/A;N/A;N/A;N/A;N/A;N/A;N/A;N/A;N/A;N/A;N/A;N/A;N/A;N/A;N/A;N/A;N/A;N/A;N/A;N/A;N/A;N/A;N/A;N/A;N/A;N/A;N/A;N/A;N/A;N/A;N/A;N/A;N/A;N/A;N/A;N/A;N/A;N/A;N/A;N/A;N/A;N/A;N/A;N/A;N/A;N/A;N/A;N/A;N/A;N/A;N/A;N/A;N/A;N/A;N/A;N/A;N/A;N/A;N/A;N/A;N/A;N/A;N/A;N/A;N/A;N/A;N/A;N/A;N/A;N/A;N/A;N/A;N/A;N/A;N/A;N/A;N/A;N/A;N/A;N/A;N/A;N/A;N/A;N/A;N/A;N/A;N/A;N/A;N/A;N/A;Sí;N/A;Sí;N/A;N/A;N/A;N/A;N/A;N/A;N/A
Toyota;Hilux;Dx;2010;"296700 km";;AUTOMERCADOROSARIO;16900;;;;;"Radial Rosario";https://auto.mercadolibre.com.uy/MLU-693228916-toyota-hilux-dx-27-2010-buen-estado-_JM;N/A;;"Toyota Hilux Dx 2.7 2010 Buen Estado!";USD;Sí;silver;false;N/A;N/A;http://perfil.mercadolibre.com.uy/AUTOMERCADOROSARIO;active;N/A;N/A;Usado;Plateado;N/A;Hidráulica;N/A;Sí;Sí;Sí;N/A;N/A;N/A;Sí;N/A;N/A;N/A;Sí;Sí;Sí;N/A;N/A;N/A;N/A;N/A;N/A;N/A;N/A;N/A;N/A;N/A;N/A;N/A;"2700 cc";N/A;5;N/A;N/A;N/A;N/A;N/A;N/A;N/A;N/A;N/A;N/A;N/A;N/A;N/A;N/A;N/A;N/A;N/A;N/A;N/A;N/A;N/A;N/A;N/A;Sí;N/A;N/A;N/A;N/A;N/A;Sí;N/A;N/A;N/A;N/A;N/A;N/A;N/A;N/A;N/A;N/A;N/A;N/A;N/A;N/A;N/A;N/A;N/A;N/A;N/A;N/A;N/A;N/A;N/A;Dx;N/A;N/A;N/A;N/A;N/A;N/A;N/A;N/A;N/A;N/A;N/A;N/A;N/A;N/A;N/A;N/A;N/A;N/A;Sí;N/A;"Lun. a Vie. 8:30 a 12 y 14:30 a 19. Sáb. 8:30 a 12:30 hs";5;2.7;Nafta;Manual;Pick-Up;"Autos y camionetas";No;N/A;N/A;N/A;No;N/A;N/A;No;Sí;No;No;N/A;N/A;N/A;N/A;N/A;N/A;N/A;N/A;N/A;N/A;N/A;N/A;N/A;N/A;N/A;N/A;N/A;N/A;N/A;N/A;N/A;N/A;N/A;N/A;N/A;N/A;N/A;N/A;N/A;N/A;N/A;N/A;N/A;N/A;N/A;N/A;N/A;N/A;N/A;N/A;N/A;N/A;N/A;N/A;N/A;N/A;N/A;N/A;N/A;N/A;N/A;No;N/A;N/A;N/A;N/A;N/A;N/A;N/A;N/A;N/A;N/A;N/A;N/A;N/A;N/A;N/A;N/A;N/A;N/A;N/A;N/A;N/A;N/A;N/A;N/A;N/A;N/A;N/A;N/A;N/A;N/A;N/A;N/A;N/A;N/A;Sí;N/A;N/A;N/A;N/A;N/A;N/A;Sí;N/A;N/A;N/A;N/A;Sí;N/A;N/A;N/A;N/A;Sí;Sí;Sí;N/A;N/A;N/A;N/A;Sí
Toyota;Hilux;"2.5 Dx Cab Doble 4x2 (2009)";2009;"392000 km";;MARIAFLORENCIAGAZZAVEPREBEL;22500;;;;;Salto;https://auto.mercadolibre.com.uy/MLU-701581936-toyota-hilux-25-diesel-4x2-_JM;N/A;;"Toyota Hilux 2.5 Diesel 4x2";usd;Sí;silver;false;N/A;N/A;http://perfil.mercadolibre.com.uy/MARIAFLORENCIAGAZZAVEPREBEL;active;N/A;N/A;Usado;Gris;No;Hidráulica;4x2;Sí;N/A;N/A;N/A;N/A;N/A;N/A;N/A;N/A;N/A;N/A;N/A;Sí;N/A;N/A;N/A;N/A;N/A;N/A;N/A;N/A;N/A;N/A;N/A;N/A;"2860 mm";"2.5 L";"80 L";5;N/A;N/A;N/A;N/A;N/A;Sí;N/A;N/A;N/A;N/A;N/A;N/A;N/A;N/A;N/A;N/A;N/A;N/A;N/A;N/A;N/A;N/A;N/A;N/A;N/A;N/A;N/A;N/A;N/A;N/A;N/A;N/A;N/A;N/A;N/A;N/A;N/A;N/A;N/A;N/A;N/A;N/A;N/A;N/A;N/A;"1820 mm";"5255 mm";N/A;N/A;N/A;N/A;5;"102 hp";Dx;N/A;4;"1855 mm";N/A;No;N/A;Sí;Sí;N/A;Sí;No;N/A;N/A;N/A;N/A;N/A;N/A;N/A;N/A;N/A;N/A;4;2.5;Diésel;Manual;Pick-Up;"Autos y camionetas";N/A;N/A;N/A;N/A;N/A;N/A;UY;N/A;Sí;N/A;N/A;N/A;N/A;N/A;N/A;N/A;N/A;N/A;N/A;N/A;N/A;N/A;N/A;N/A;N/A;N/A;N/A;N/A;N/A;N/A;N/A;N/A;N/A;N/A;N/A;N/A;N/A;N/A;N/A;N/A;N/A;N/A;N/A;N/A;N/A;N/A;N/A;N/A;N/A;N/A;N/A;N/A;N/A;N/A;N/A;N/A;N/A;N/A;N/A;N/A;N/A;N/A;N/A;N/A;N/A;N/A;N/A;N/A;N/A;N/A;N/A;N/A;N/A;N/A;N/A;N/A;N/A;N/A;N/A;N/A;N/A;N/A;N/A;N/A;N/A;N/A;N/A;N/A;N/A;N/A;N/A;N/A;N/A;N/A;N/A;N/A;N/A;N/A;N/A;N/A;N/A;N/A;N/A;N/A;N/A;N/A;N/A;N/A;N/A;N/A;N/A;N/A;N/A;N/A;Sí;N/A;N/A;N/A;N/A;N/A;N/A;N/A
Toyota;RAV4;"2.5 Hybrid";2024;"0 km";;"NOGAR AUTOMOVILES";70990;;;;;"San José de Mayo";https://auto.mercadolibre.com.uy/MLU-637405421-toyota-rav4-25-limited-plus-hibrid-4x4-2024-_JM;N/A;;"Toyota Rav4 2.5 Limited Plus Hibrid 4x4 2024";usd;Sí;silver;false;N/A;N/A;http://perfil.mercadolibre.com.uy/NOGAR+AUTOMOVILES;active;N/A;N/A;Nuevo;Gris;N/A;Eléctrica;4x4;Sí;Sí;Sí;N/A;N/A;Sí;N/A;N/A;Sí;N/A;N/A;Sí;N/A;N/A;N/A;N/A;N/A;N/A;N/A;N/A;N/A;N/A;N/A;N/A;N/A;"2660 mm";"2.5 L";"60 L";6;N/A;N/A;N/A;N/A;N/A;N/A;N/A;N/A;N/A;N/A;N/A;N/A;N/A;N/A;N/A;N/A;N/A;N/A;N/A;N/A;N/A;N/A;N/A;N/A;N/A;N/A;N/A;N/A;N/A;N/A;N/A;N/A;N/A;N/A;N/A;Sí;N/A;N/A;N/A;N/A;N/A;N/A;N/A;N/A;N/A;"1715 mm";"4570 mm";N/A;N/A;N/A;N/A;5;"180 hp";Hybrid;N/A;4;"1845 mm";N/A;Sí;N/A;N/A;N/A;N/A;Sí;Sí;N/A;Sí;N/A;N/A;N/A;N/A;N/A;N/A;N/A;"L A V 9 A 12- 14.30 A 18.00 - SÁB 9 A 12";5;2.5;Híbrido;Automática;SUV;"Autos y camionetas";Sí;N/A;N/A;N/A;N/A;N/A;UY;N/A;Sí;N/A;N/A;N/A;N/A;N/A;N/A;N/A;N/A;N/A;N/A;N/A;N/A;N/A;N/A;N/A;Sí;N/A;N/A;N/A;N/A;N/A;N/A;N/A;N/A;N/A;N/A;N/A;N/A;N/A;N/A;N/A;N/A;N/A;N/A;Sí;N/A;N/A;N/A;N/A;N/A;N/A;N/A;N/A;N/A;N/A;N/A;N/A;N/A;N/A;N/A;N/A;N/A;Sí;N/A;N/A;N/A;N/A;N/A;N/A;N/A;N/A;N/A;N/A;N/A;N/A;N/A;N/A;N/A;N/A;N/A;N/A;N/A;N/A;N/A;N/A;N/A;N/A;N/A;N/A;N/A;N/A;N/A;N/A;N/A;N/A;N/A;N/A;Sí;N/A;N/A;N/A;Sí;N/A;N/A;N/A;N/A;Sí;Sí;Sí;Sí;N/A;N/A;Sí;Sí;N/A;Sí;N/A;Sí;N/A;N/A;Sí;N/A;Sí
Toyota;Hilux;4x4;2020;"171800 km";;AUTOMERCADOROSARIO;43000;;;;;"Radial Rosario";https://auto.mercadolibre.com.uy/MLU-643327887-toyota-hilux-4x4-24-2020-muy-buen-estado-_JM;N/A;;"Toyota Hilux 4x4 2.4 2020 Muy Buen Estado!";USD;Sí;silver;false;N/A;N/A;http://perfil.mercadolibre.com.uy/AUTOMERCADOROSARIO;active;N/A;N/A;Usado;Blanco;N/A;Hidráulica;N/A;Sí;Sí;Sí;N/A;Sí;Sí;Sí;Sí;Sí;N/A;N/A;Sí;Sí;N/A;N/A;N/A;N/A;N/A;N/A;N/A;N/A;N/A;N/A;N/A;N/A;N/A;"2400 cc";N/A;6;N/A;N/A;Sí;Sí;Sí;N/A;N/A;N/A;N/A;N/A;N/A;N/A;N/A;N/A;N/A;N/A;N/A;N/A;N/A;N/A;N/A;N/A;N/A;Sí;N/A;Sí;N/A;N/A;N/A;Sí;N/A;N/A;N/A;N/A;N/A;N/A;N/A;N/A;N/A;N/A;N/A;N/A;N/A;N/A;N/A;N/A;N/A;N/A;N/A;N/A;N/A;N/A;N/A;N/A;N/A;N/A;N/A;N/A;N/A;N/A;N/A;Sí;N/A;N/A;Sí;N/A;N/A;N/A;N/A;N/A;N/A;Sí;Sí;N/A;"Lun. a Vie. 8:30 a 12 y 14:30 a 19. Sáb. 8:30 a 12:30 hs";5;2.4;Diésel;Manual;Pick-Up;"Autos y camionetas";No;N/A;N/A;N/A;No;N/A;N/A;No;Sí;No;No;N/A;N/A;N/A;N/A;N/A;N/A;N/A;N/A;N/A;N/A;N/A;N/A;N/A;N/A;N/A;N/A;N/A;N/A;N/A;N/A;N/A;N/A;N/A;N/A;N/A;N/A;N/A;N/A;N/A;N/A;N/A;N/A;N/A;N/A;N/A;N/A;N/A;N/A;N/A;N/A;N/A;N/A;N/A;N/A;N/A;N/A;N/A;N/A;N/A;N/A;N/A;No;N/A;N/A;N/A;N/A;N/A;N/A;N/A;N/A;N/A;N/A;N/A;N/A;N/A;N/A;N/A;N/A;N/A;N/A;N/A;N/A;N/A;N/A;N/A;N/A;N/A;N/A;N/A;N/A;N/A;N/A;N/A;N/A;N/A;Sí;N/A;N/A;Sí;Sí;Sí;N/A;N/A;Sí;Sí;N/A;N/A;N/A;N/A;N/A;Sí;N/A;N/A;Sí;Sí;Sí;N/A;N/A;N/A;N/A;Sí
Toyota;Hilux;"2.4 D.cab. T.dsl Sr";2023;"0 km";;"NOGAR AUTOMOVILES";62990;;;;;"San José de Mayo";https://auto.mercadolibre.com.uy/MLU-636222897-toyota-hilux-sr-4x4-24-0km-_JM;N/A;;"Toyota Hilux Sr 4x4 2.4 0km ";usd;Sí;silver;false;N/A;N/A;http://perfil.mercadolibre.com.uy/NOGAR+AUTOMOVILES;active;N/A;N/A;Nuevo;Blanco;N/A;Hidráulica;4x2;Sí;Sí;Sí;N/A;N/A;N/A;N/A;N/A;N/A;N/A;N/A;N/A;N/A;N/A;N/A;N/A;N/A;N/A;N/A;N/A;N/A;N/A;N/A;N/A;N/A;"2860 mm";"2494 cc";"80 L";5;N/A;N/A;N/A;N/A;N/A;N/A;N/A;N/A;N/A;N/A;N/A;N/A;N/A;N/A;N/A;N/A;N/A;N/A;N/A;N/A;N/A;N/A;N/A;N/A;N/A;N/A;N/A;N/A;N/A;N/A;N/A;N/A;N/A;N/A;N/A;N/A;N/A;N/A;N/A;N/A;N/A;N/A;N/A;N/A;N/A;"1850 mm";"5260 mm";N/A;N/A;N/A;N/A;5;"150 hp";Sr;N/A;4;"1855 mm";N/A;N/A;N/A;N/A;Sí;N/A;Sí;Sí;N/A;N/A;N/A;N/A;N/A;N/A;N/A;N/A;N/A;"L A V 9 A 12- 14.30 A 18- SÁB 9 A 12";4;2.4;Diésel;Manual;Pick-Up;"Autos y camionetas";N/A;N/A;N/A;N/A;N/A;N/A;UY;N/A;Sí;N/A;N/A;N/A;N/A;N/A;N/A;N/A;N/A;N/A;N/A;N/A;N/A;N/A;N/A;N/A;N/A;N/A;N/A;N/A;N/A;N/A;N/A;N/A;N/A;N/A;N/A;N/A;N/A;N/A;N/A;N/A;N/A;N/A;N/A;Sí;N/A;N/A;N/A;N/A;N/A;N/A;N/A;N/A;N/A;N/A;N/A;N/A;N/A;N/A;N/A;N/A;N/A;N/A;N/A;N/A;N/A;N/A;N/A;N/A;N/A;N/A;N/A;N/A;N/A;N/A;N/A;N/A;N/A;N/A;N/A;N/A;N/A;N/A;N/A;N/A;N/A;N/A;N/A;N/A;N/A;N/A;N/A;N/A;N/A;N/A;N/A;N/A;Sí;N/A;Sí;N/A;Sí;N/A;N/A;N/A;N/A;Sí;N/A;N/A;Sí;N/A;N/A;Sí;Sí;Sí;Sí;Sí;N/A;N/A;Sí;Sí;N/A;Sí
Toyota;Hilux;"2.4 D.cab. T.dsl Dx";2023;"0 km";;"NOGAR AUTOMOVILES";61490;;;;;"San José de Mayo";https://auto.mercadolibre.com.uy/MLU-669387840-toyota-hilux-srv-28-4x2-0km-_JM;N/A;;"Toyota Hilux Srv 2.8 4x2 0km ";usd;Sí;silver;false;N/A;N/A;http://perfil.mercadolibre.com.uy/NOGAR+AUTOMOVILES;active;N/A;N/A;Nuevo;Gris;N/A;Hidráulica;4x2;Sí;Sí;Sí;N/A;N/A;N/A;N/A;N/A;N/A;N/A;N/A;Sí;Sí;N/A;N/A;N/A;N/A;N/A;N/A;N/A;N/A;N/A;N/A;N/A;N/A;"2860 mm";"2.4 L";"80 L";5;N/A;N/A;N/A;N/A;N/A;N/A;N/A;N/A;N/A;N/A;N/A;N/A;N/A;N/A;N/A;N/A;N/A;N/A;N/A;N/A;N/A;N/A;N/A;N/A;N/A;N/A;N/A;N/A;N/A;N/A;N/A;N/A;N/A;N/A;N/A;N/A;N/A;N/A;N/A;N/A;N/A;N/A;N/A;N/A;N/A;"1850 mm";"5260 mm";N/A;N/A;N/A;N/A;5;"150 hp";Dx;N/A;4;"1855 mm";"8.2 km/l";N/A;N/A;Sí;Sí;N/A;Sí;Sí;N/A;N/A;N/A;"6.3 km/l";Sí;N/A;N/A;N/A;N/A;"L A V 9 A 12- 14.30 - 18.30- SÁB 9 A 12";4;2.4;Diésel;Manual;Pick-Up;"Autos y camionetas";N/A;N/A;N/A;N/A;N/A;N/A;UY;N/A;Sí;N/A;N/A;N/A;N/A;N/A;N/A;N/A;N/A;N/A;N/A;N/A;N/A;N/A;N/A;N/A;N/A;N/A;N/A;N/A;N/A;N/A;N/A;N/A;N/A;N/A;N/A;N/A;N/A;N/A;N/A;N/A;N/A;N/A;N/A;Sí;N/A;N/A;N/A;N/A;N/A;N/A;N/A;N/A;N/A;N/A;N/A;N/A;N/A;N/A;N/A;N/A;N/A;N/A;N/A;N/A;N/A;N/A;N/A;N/A;N/A;N/A;N/A;N/A;N/A;N/A;N/A;N/A;N/A;N/A;N/A;N/A;N/A;N/A;N/A;N/A;N/A;N/A;N/A;N/A;N/A;N/A;N/A;N/A;N/A;N/A;N/A;N/A;Sí;N/A;Sí;N/A;Sí;N/A;N/A;N/A;N/A;Sí;N/A;N/A;N/A;N/A;N/A;Sí;Sí;Sí;Sí;Sí;Sí;N/A;N/A;Sí;N/A;Sí
Toyota;Corolla;"1.8 Se-g";2004;"191852 km";;JUANSKUNCA;10500;;;;;Cerro;https://auto.mercadolibre.com.uy/MLU-699902112-toyota-corolla-2004-18-se-g-_JM;N/A;;"Toyota Corolla 2004 1.8 Se-g";usd;No;silver;false;N/A;N/A;http://perfil.mercadolibre.com.uy/JUANSKUNCA;active;N/A;N/A;Usado;N/A;N/A;Hidráulica;Delantera;Sí;N/A;N/A;N/A;N/A;N/A;N/A;N/A;N/A;N/A;N/A;N/A;N/A;N/A;N/A;N/A;N/A;N/A;N/A;N/A;N/A;N/A;N/A;N/A;N/A;"2465 mm";"1.8 L";"50 L";5;N/A;N/A;N/A;N/A;N/A;N/A;N/A;N/A;N/A;N/A;N/A;N/A;N/A;N/A;N/A;N/A;N/A;N/A;N/A;N/A;N/A;N/A;N/A;N/A;N/A;N/A;N/A;N/A;N/A;N/A;N/A;N/A;N/A;N/A;N/A;N/A;N/A;N/A;N/A;N/A;N/A;N/A;N/A;N/A;N/A;"1405 mm";"4395 mm";N/A;N/A;N/A;N/A;5;"134 hp";Se-g;N/A;4;"1690 mm";"13.2 km/l";N/A;N/A;N/A;N/A;N/A;N/A;N/A;N/A;N/A;N/A;N/A;N/A;N/A;N/A;N/A;N/A;N/A;4;1.8;Nafta;Manual;Sedán;"Autos y camionetas";N/A;N/A;N/A;N/A;N/A;N/A;UY;N/A;N/A;N/A;N/A;N/A;N/A;N/A;N/A;N/A;N/A;N/A;N/A;N/A;N/A;N/A;N/A;N/A;N/A;N/A;N/A;N/A;N/A;N/A;N/A;N/A;N/A;N/A;N/A;N/A;N/A;N/A;N/A;N/A;N/A;N/A;N/A;N/A;N/A;N/A;N/A;N/A;N/A;N/A;N/A;N/A;N/A;N/A;N/A;N/A;N/A;N/A;N/A;N/A;N/A;N/A;N/A;N/A;N/A;N/A;N/A;N/A;N/A;N/A;N/A;N/A;N/A;N/A;N/A;N/A;N/A;N/A;N/A;N/A;N/A;N/A;N/A;N/A;N/A;N/A;N/A;N/A;N/A;N/A;N/A;N/A;N/A;N/A;N/A;N/A;N/A;N/A;N/A;N/A;N/A;N/A;N/A;N/A;N/A;N/A;N/A;N/A;N/A;N/A;N/A;N/A;N/A;N/A;Sí;N/A;N/A;N/A;N/A;N/A;N/A;N/A
Toyota;Hilux;"2,7 4x2";2011;"182000 km";;MAZZA.DANI;18100;;;;;Buceo;https://auto.mercadolibre.com.uy/MLU-699801818-toyota-hilux-27-4x2-_JM;N/A;;"Toyota Hilux 2,7 4x2";USD;Sí;silver;false;N/A;N/A;http://perfil.mercadolibre.com.uy/MAZZA.DANI;active;N/A;N/A;Usado;N/A;N/A;N/A;N/A;N/A;N/A;N/A;N/A;N/A;N/A;N/A;N/A;N/A;N/A;N/A;N/A;N/A;N/A;N/A;N/A;N/A;N/A;N/A;N/A;N/A;N/A;N/A;N/A;N/A;N/A;N/A;N/A;N/A;N/A;N/A;N/A;N/A;N/A;N/A;N/A;N/A;N/A;N/A;N/A;N/A;N/A;N/A;N/A;N/A;N/A;N/A;N/A;N/A;N/A;N/A;N/A;N/A;N/A;N/A;N/A;N/A;N/A;N/A;N/A;N/A;N/A;N/A;N/A;N/A;N/A;N/A;N/A;N/A;N/A;N/A;N/A;N/A;N/A;N/A;N/A;N/A;N/A;N/A;N/A;N/A;N/A;N/A;N/A;N/A;N/A;N/A;N/A;N/A;N/A;N/A;N/A;N/A;N/A;N/A;N/A;N/A;N/A;N/A;N/A;N/A;N/A;N/A;N/A;4;N/A;Nafta;N/A;N/A;"Autos y camionetas";N/A;N/A;N/A;N/A;N/A;N/A;N/A;N/A;N/A;N/A;N/A;N/A;N/A;N/A;N/A;N/A;N/A;N/A;N/A;N/A;N/A;N/A;N/A;N/A;N/A;N/A;N/A;N/A;N/A;N/A;N/A;N/A;N/A;N/A;N/A;N/A;N/A;N/A;N/A;N/A;N/A;N/A;N/A;N/A;N/A;N/A;N/A;N/A;N/A;N/A;N/A;N/A;N/A;N/A;N/A;N/A;N/A;N/A;N/A;N/A;N/A;N/A;N/A;N/A;N/A;N/A;N/A;N/A;N/A;N/A;N/A;N/A;N/A;N/A;N/A;N/A;N/A;N/A;N/A;N/A;N/A;N/A;N/A;N/A;N/A;N/A;N/A;N/A;N/A;N/A;N/A;N/A;N/A;N/A;N/A;N/A;N/A;N/A;N/A;N/A;N/A;N/A;N/A;N/A;N/A;N/A;N/A;N/A;N/A;N/A;N/A;N/A;N/A;N/A;N/A;N/A;N/A;N/A;N/A;N/A;N/A;N/A
Toyota;Hilux;"4x4 SRV TDI";2008;"111111 km";;"TOPCAR AV.JOSEBELLONI6328";24500;;;;;Manga;https://auto.mercadolibre.com.uy/MLU-696590376-toyota-hilux-4x4-diesel-automotoratopcar-us-15000-cuotas-_JM;N/A;;"Toyota Hilux 4x4 Diesel Automotoratopcar U$s 15000  + Cuotas";USD;Sí;silver;false;N/A;N/A;http://perfil.mercadolibre.com.uy/TOPCAR+AV.JOSEBELLONI6328;active;N/A;N/A;Usado;Plateado;N/A;Hidráulica;4x4;N/A;N/A;N/A;N/A;N/A;N/A;N/A;N/A;N/A;N/A;N/A;N/A;N/A;N/A;N/A;N/A;N/A;N/A;N/A;N/A;N/A;N/A;N/A;N/A;N/A;N/A;N/A;N/A;N/A;N/A;N/A;N/A;N/A;N/A;N/A;N/A;N/A;N/A;N/A;N/A;N/A;N/A;N/A;N/A;N/A;N/A;N/A;N/A;N/A;N/A;N/A;N/A;N/A;N/A;N/A;N/A;N/A;N/A;N/A;N/A;N/A;N/A;N/A;N/A;N/A;N/A;N/A;N/A;N/A;N/A;N/A;N/A;N/A;N/A;N/A;N/A;N/A;N/A;N/A;N/A;N/A;N/A;N/A;N/A;N/A;N/A;N/A;Sí;N/A;N/A;N/A;N/A;N/A;Sí;N/A;N/A;N/A;N/A;N/A;N/A;N/A;N/A;N/A;"de lunes a viernes de 10 a 18 horas y sábados de 10 a 15 horas";4;2.4;Diésel;Automática;Pick-Up;"Autos y camionetas";N/A;N/A;N/A;N/A;N/A;N/A;N/A;N/A;Sí;N/A;N/A;N/A;N/A;N/A;N/A;N/A;N/A;N/A;N/A;N/A;N/A;N/A;N/A;N/A;N/A;N/A;N/A;N/A;N/A;N/A;N/A;N/A;N/A;N/A;N/A;N/A;N/A;N/A;N/A;N/A;N/A;N/A;N/A;N/A;N/A;N/A;N/A;N/A;N/A;N/A;N/A;N/A;N/A;N/A;N/A;N/A;N/A;N/A;N/A;N/A;N/A;N/A;N/A;N/A;N/A;N/A;N/A;N/A;N/A;N/A;N/A;N/A;N/A;N/A;N/A;N/A;N/A;N/A;N/A;N/A;N/A;N/A;N/A;N/A;N/A;N/A;N/A;N/A;N/A;N/A;N/A;N/A;N/A;N/A;N/A;N/A;N/A;N/A;Sí;N/A;N/A;N/A;N/A;N/A;N/A;N/A;N/A;N/A;N/A;N/A;N/A;N/A;N/A;N/A;Sí;Sí;Sí;Sí;N/A;N/A;N/A;Sí
Toyota;Hilux;"2.8 Tdi Cd Srv Plus 4X4 At";2022;"89900 km";;GRUIZ_AUTOMOVILES;63800;;;;;Centro;https://auto.mercadolibre.com.uy/MLU-694123166-toyota-hilux-srv-plus-4x4-at-_JM;N/A;;"Toyota Hilux Srv Plus 4x4 At";usd;Sí;silver;false;N/A;N/A;http://perfil.mercadolibre.com.uy/GRUIZ_AUTOMOVILES;active;N/A;N/A;Usado;Gris;N/A;Hidráulica;4x4;Sí;N/A;Sí;N/A;N/A;N/A;N/A;N/A;N/A;N/A;N/A;N/A;N/A;N/A;N/A;N/A;N/A;N/A;N/A;N/A;N/A;N/A;N/A;N/A;N/A;"3085 mm";"2.8 L";"80 L";6;N/A;N/A;N/A;N/A;N/A;N/A;N/A;N/A;N/A;N/A;N/A;N/A;N/A;N/A;N/A;N/A;N/A;N/A;N/A;N/A;N/A;N/A;N/A;N/A;N/A;N/A;N/A;N/A;N/A;N/A;N/A;N/A;N/A;N/A;N/A;N/A;N/A;N/A;N/A;N/A;N/A;N/A;N/A;N/A;N/A;"1815 mm";"5325 mm";N/A;N/A;N/A;N/A;5;"204 hp";"Srv Plus";N/A;4;"1855 mm";N/A;N/A;N/A;N/A;N/A;N/A;N/A;Sí;N/A;N/A;N/A;N/A;N/A;N/A;N/A;N/A;N/A;"Lunes a Viernes de 8 a 12 y 14 a 18.30 hs., Sabados de 8 a 12 hs";4;2.8;Diésel;Automática;Pick-Up;"Autos y camionetas";N/A;N/A;N/A;N/A;N/A;N/A;UY;N/A;N/A;N/A;N/A;N/A;N/A;N/A;N/A;N/A;N/A;N/A;N/A;N/A;N/A;N/A;N/A;N/A;N/A;N/A;N/A;N/A;N/A;N/A;N/A;N/A;N/A;N/A;N/A;N/A;N/A;N/A;N/A;N/A;N/A;N/A;N/A;N/A;N/A;N/A;N/A;N/A;N/A;N/A;N/A;N/A;N/A;N/A;N/A;N/A;N/A;N/A;N/A;N/A;N/A;N/A;N/A;N/A;N/A;N/A;N/A;N/A;N/A;N/A;N/A;N/A;N/A;N/A;N/A;N/A;N/A;N/A;N/A;N/A;N/A;N/A;N/A;N/A;N/A;N/A;N/A;N/A;N/A;N/A;N/A;N/A;N/A;N/A;N/A;N/A;N/A;N/A;N/A;N/A;N/A;N/A;N/A;N/A;N/A;N/A;N/A;N/A;N/A;N/A;N/A;N/A;Sí;N/A;Sí;N/A;N/A;N/A;N/A;Sí;N/A;N/A
Toyota;Hilux;"3.0 4x2 SRV TDI";2007;"381372 km";;"NICOLASTEJERA AUTOMOVILES";24000;;;;;Tala;https://auto.mercadolibre.com.uy/MLU-692916616-toyota-hilux-30-4x2-srv-tdi-_JM;N/A;;"Toyota Hilux 3.0 4x2 Srv Tdi";usd;No;silver;false;N/A;N/A;http://perfil.mercadolibre.com.uy/NICOLASTEJERA+AUTOMOVILES;active;N/A;N/A;Usado;N/A;N/A;N/A;4x4;Sí;N/A;N/A;N/A;N/A;N/A;N/A;N/A;N/A;N/A;N/A;N/A;N/A;N/A;N/A;N/A;N/A;N/A;N/A;N/A;N/A;N/A;N/A;N/A;N/A;"2860 mm";"3 L";"65 L";5;N/A;N/A;N/A;N/A;N/A;N/A;N/A;N/A;N/A;N/A;N/A;N/A;N/A;N/A;N/A;N/A;N/A;N/A;N/A;N/A;N/A;N/A;N/A;N/A;N/A;N/A;N/A;N/A;N/A;N/A;N/A;N/A;N/A;N/A;N/A;N/A;N/A;N/A;N/A;N/A;N/A;N/A;N/A;N/A;N/A;"1730 mm";"4895 mm";N/A;N/A;N/A;N/A;3;"125 hp";Srv;N/A;2;"1690 mm";N/A;N/A;N/A;N/A;N/A;N/A;N/A;N/A;N/A;N/A;N/A;N/A;N/A;N/A;N/A;N/A;N/A;N/A;5;3.0;Diésel;Manual;Pick-Up;"Autos y camionetas";N/A;N/A;N/A;N/A;N/A;N/A;UY;N/A;N/A;N/A;N/A;N/A;N/A;N/A;N/A;N/A;N/A;N/A;N/A;N/A;N/A;N/A;N/A;N/A;N/A;N/A;N/A;N/A;N/A;N/A;N/A;N/A;N/A;N/A;N/A;N/A;N/A;N/A;N/A;N/A;N/A;N/A;N/A;N/A;N/A;N/A;N/A;N/A;N/A;N/A;N/A;N/A;N/A;N/A;N/A;N/A;N/A;N/A;N/A;N/A;N/A;N/A;N/A;N/A;N/A;N/A;N/A;N/A;N/A;N/A;N/A;N/A;N/A;N/A;N/A;N/A;N/A;N/A;N/A;N/A;N/A;N/A;N/A;N/A;N/A;N/A;N/A;N/A;N/A;N/A;N/A;N/A;N/A;N/A;N/A;N/A;N/A;N/A;N/A;N/A;N/A;N/A;N/A;N/A;N/A;N/A;N/A;N/A;N/A;N/A;N/A;N/A;N/A;N/A;Sí;N/A;N/A;N/A;N/A;N/A;N/A;N/A
Toyota;Hilux;"SR 4x4 2.5 Turbo";2013;"292045 km";;"NICOLASTEJERA AUTOMOVILES";34900;;;;;Tala;https://auto.mercadolibre.com.uy/MLU-692089146-toyota-hilux-sr-4x4-25-turbo-_JM;N/A;;"Toyota Hilux Sr 4x4 2.5 Turbo ";USD;Sí;silver;false;N/A;N/A;http://perfil.mercadolibre.com.uy/NICOLASTEJERA+AUTOMOVILES;active;N/A;N/A;Usado;N/A;N/A;N/A;N/A;N/A;N/A;N/A;N/A;N/A;N/A;N/A;N/A;N/A;N/A;N/A;N/A;N/A;N/A;N/A;N/A;N/A;N/A;N/A;N/A;N/A;N/A;N/A;N/A;N/A;N/A;N/A;N/A;N/A;N/A;N/A;N/A;N/A;N/A;N/A;N/A;N/A;N/A;N/A;N/A;N/A;N/A;N/A;N/A;N/A;N/A;N/A;N/A;N/A;N/A;N/A;N/A;N/A;N/A;N/A;N/A;N/A;N/A;N/A;N/A;N/A;N/A;N/A;N/A;N/A;N/A;N/A;N/A;N/A;N/A;N/A;N/A;N/A;N/A;N/A;N/A;N/A;N/A;N/A;N/A;N/A;N/A;N/A;N/A;N/A;N/A;N/A;N/A;N/A;N/A;N/A;N/A;N/A;N/A;N/A;N/A;N/A;N/A;N/A;N/A;N/A;N/A;N/A;N/A;5;N/A;Diésel;N/A;N/A;"Autos y camionetas";N/A;N/A;N/A;N/A;N/A;N/A;N/A;N/A;N/A;N/A;N/A;N/A;N/A;N/A;N/A;N/A;N/A;N/A;N/A;N/A;N/A;N/A;N/A;N/A;N/A;N/A;N/A;N/A;N/A;N/A;N/A;N/A;N/A;N/A;N/A;N/A;N/A;N/A;N/A;N/A;N/A;N/A;N/A;N/A;N/A;N/A;N/A;N/A;N/A;N/A;N/A;N/A;N/A;N/A;N/A;N/A;N/A;N/A;N/A;N/A;N/A;N/A;N/A;N/A;N/A;N/A;N/A;N/A;N/A;N/A;N/A;N/A;N/A;N/A;N/A;N/A;N/A;N/A;N/A;N/A;N/A;N/A;N/A;N/A;N/A;N/A;N/A;N/A;N/A;N/A;N/A;N/A;N/A;N/A;N/A;N/A;N/A;N/A;N/A;N/A;N/A;N/A;N/A;N/A;N/A;N/A;N/A;N/A;N/A;N/A;N/A;N/A;N/A;N/A;N/A;N/A;N/A;N/A;N/A;N/A;N/A;N/A
Toyota;Hilux;"SR 4X4";2014;"261300 km";;"OLIVERA AUTOMOTORES";20500;;;;;Salto;https://auto.mercadolibre.com.uy/MLU-643417749-toyota-hilux-sr-4x4-_JM;N/A;;"Toyota Hilux Sr 4x4 ";USD;Sí;silver;false;N/A;N/A;http://perfil.mercadolibre.com.uy/OLIVERA+AUTOMOTORES;active;N/A;N/A;Usado;Blanco;N/A;Hidráulica;4x4;N/A;N/A;N/A;N/A;N/A;N/A;N/A;N/A;Sí;N/A;N/A;N/A;N/A;N/A;N/A;N/A;N/A;N/A;N/A;N/A;N/A;N/A;N/A;N/A;N/A;N/A;N/A;N/A;N/A;N/A;N/A;N/A;N/A;N/A;N/A;N/A;N/A;N/A;N/A;N/A;N/A;N/A;N/A;N/A;N/A;N/A;N/A;N/A;N/A;N/A;N/A;N/A;N/A;N/A;N/A;N/A;N/A;N/A;N/A;N/A;N/A;N/A;N/A;N/A;N/A;N/A;N/A;N/A;N/A;N/A;N/A;N/A;N/A;N/A;N/A;N/A;N/A;N/A;N/A;N/A;N/A;N/A;N/A;N/A;N/A;N/A;N/A;N/A;N/A;N/A;N/A;N/A;N/A;N/A;N/A;N/A;N/A;N/A;N/A;N/A;N/A;N/A;N/A;N/A;4;N/A;Nafta;Manual;N/A;"Autos y camionetas";N/A;N/A;N/A;N/A;N/A;N/A;N/A;N/A;Sí;N/A;N/A;N/A;N/A;N/A;N/A;N/A;N/A;N/A;N/A;N/A;N/A;N/A;N/A;N/A;N/A;N/A;N/A;N/A;N/A;N/A;N/A;N/A;N/A;N/A;N/A;N/A;N/A;N/A;N/A;N/A;N/A;N/A;N/A;N/A;N/A;N/A;N/A;N/A;N/A;N/A;N/A;N/A;N/A;N/A;N/A;N/A;N/A;N/A;N/A;N/A;N/A;N/A;N/A;N/A;N/A;N/A;N/A;N/A;N/A;N/A;N/A;N/A;N/A;N/A;N/A;N/A;N/A;N/A;N/A;N/A;N/A;N/A;N/A;N/A;N/A;N/A;N/A;N/A;N/A;N/A;N/A;N/A;N/A;N/A;N/A;N/A;Sí;N/A;N/A;N/A;N/A;N/A;N/A;N/A;N/A;Sí;N/A;N/A;N/A;N/A;N/A;N/A;N/A;N/A;Sí;Sí;Sí;N/A;N/A;N/A;N/A;Sí
Toyota;Hilux;"2.4 D.cab. T.dsl Dx";2022;"85000 km";;"DELGADO AUTOMOVILES";40000;;;;;Cardona;https://auto.mercadolibre.com.uy/MLU-643271425-toyota-hilux-2022-24-dcab-tdsl-dx-_JM;N/A;;"Toyota Hilux 2022 2.4 D.cab. T.dsl Dx";usd;Sí;silver;false;N/A;N/A;http://perfil.mercadolibre.com.uy/DELGADO+AUTOMOVILES;active;N/A;N/A;Usado;Blanco;N/A;Hidráulica;4x2;Sí;N/A;Sí;N/A;N/A;N/A;N/A;N/A;N/A;N/A;N/A;N/A;N/A;N/A;N/A;N/A;N/A;N/A;N/A;N/A;N/A;N/A;N/A;N/A;N/A;"2860 mm";"2.4 L";"80 L";5;N/A;N/A;N/A;N/A;N/A;N/A;N/A;N/A;N/A;N/A;N/A;N/A;N/A;N/A;N/A;N/A;N/A;N/A;N/A;N/A;N/A;N/A;N/A;N/A;N/A;N/A;N/A;N/A;N/A;N/A;N/A;N/A;N/A;N/A;N/A;N/A;N/A;N/A;N/A;N/A;N/A;N/A;N/A;N/A;N/A;"1850 mm";"5260 mm";N/A;N/A;N/A;N/A;5;"150 hp";Dx;N/A;4;"1855 mm";"8.2 km/l";N/A;N/A;N/A;N/A;N/A;N/A;N/A;N/A;N/A;N/A;"6.3 km/l";N/A;N/A;N/A;N/A;N/A;N/A;4;2.4;Diésel;Manual;Pick-Up;"Autos y camionetas";Sí;N/A;N/A;N/A;N/A;N/A;UY;N/A;Sí;N/A;N/A;N/A;N/A;N/A;N/A;N/A;N/A;N/A;N/A;N/A;N/A;N/A;N/A;N/A;N/A;N/A;N/A;N/A;N/A;N/A;N/A;N/A;N/A;N/A;N/A;N/A;N/A;N/A;N/A;N/A;N/A;N/A;N/A;Sí;N/A;N/A;N/A;N/A;N/A;N/A;N/A;N/A;N/A;N/A;N/A;N/A;N/A;N/A;N/A;N/A;N/A;Sí;N/A;N/A;N/A;N/A;N/A;N/A;N/A;N/A;N/A;N/A;N/A;N/A;N/A;N/A;N/A;N/A;N/A;N/A;N/A;N/A;N/A;N/A;N/A;N/A;N/A;N/A;N/A;N/A;N/A;N/A;N/A;N/A;N/A;N/A;N/A;N/A;N/A;N/A;N/A;N/A;N/A;N/A;N/A;N/A;N/A;N/A;N/A;N/A;N/A;N/A;Sí;N/A;Sí;N/A;N/A;N/A;N/A;Sí;N/A;N/A
Toyota;"Corolla Cross";"1.8 Seg Hybrid E-cvt";2024;"0 km";;"VALLA HNOS";44990;;;;;Juanicó;https://auto.mercadolibre.com.uy/MLU-687848922-toyota-corolla-cross-seg-hyb-nuevo-modelo-entrega-inmediata-_JM;N/A;;"Toyota Corolla Cross Seg Hyb Nuevo Modelo Entrega Inmediata";usd;Sí;silver;false;N/A;N/A;http://perfil.mercadolibre.com.uy/VALLA+HNOS;active;N/A;N/A;Nuevo;Blanco;N/A;Eléctrica;4x2;Sí;N/A;Sí;N/A;N/A;N/A;N/A;N/A;N/A;N/A;N/A;N/A;N/A;N/A;N/A;N/A;N/A;N/A;N/A;N/A;N/A;N/A;N/A;N/A;N/A;"2660 mm";"1.8 L";"60 L";5;N/A;N/A;N/A;N/A;N/A;N/A;N/A;N/A;N/A;N/A;N/A;N/A;N/A;N/A;N/A;N/A;N/A;N/A;N/A;N/A;N/A;N/A;N/A;N/A;N/A;N/A;N/A;N/A;N/A;N/A;N/A;N/A;N/A;N/A;N/A;N/A;N/A;N/A;N/A;N/A;N/A;N/A;N/A;N/A;N/A;"1715 mm";"4570 mm";N/A;N/A;N/A;N/A;5;"146 hp";Seg;N/A;4;"1845 mm";N/A;N/A;N/A;N/A;N/A;N/A;N/A;N/A;N/A;N/A;N/A;"10.9 km/l";N/A;N/A;N/A;N/A;N/A;N/A;5;1.8;Híbrido;Automática;SUV;"Autos y camionetas";N/A;N/A;N/A;N/A;N/A;N/A;UY;N/A;N/A;N/A;N/A;N/A;N/A;N/A;N/A;N/A;N/A;N/A;N/A;N/A;N/A;N/A;N/A;N/A;N/A;N/A;N/A;N/A;N/A;N/A;N/A;N/A;N/A;N/A;N/A;N/A;N/A;N/A;N/A;N/A;N/A;N/A;N/A;N/A;N/A;N/A;N/A;N/A;N/A;N/A;N/A;N/A;N/A;N/A;N/A;N/A;N/A;N/A;N/A;N/A;N/A;N/A;N/A;N/A;N/A;N/A;N/A;N/A;N/A;N/A;N/A;N/A;N/A;N/A;N/A;N/A;N/A;N/A;N/A;N/A;N/A;N/A;N/A;N/A;N/A;N/A;N/A;N/A;N/A;N/A;N/A;N/A;N/A;N/A;N/A;N/A;N/A;N/A;N/A;N/A;N/A;N/A;N/A;N/A;N/A;N/A;N/A;N/A;N/A;N/A;N/A;N/A;Sí;N/A;Sí;N/A;N/A;N/A;N/A;Sí;N/A;N/A
Toyota;"Corolla xei 1.8";"1.8 XEI híbrido a/t";2024;"0 km";;"DELGADO AUTOMOVILES";35990;;;;;Cardona;https://auto.mercadolibre.com.uy/MLU-640040523-toyota-corolla-18-xei-hibrido-at-_JM;N/A;;"Toyota Corolla 1.8 Xei Híbrido A/t";usd;Sí;silver;false;N/A;N/A;http://perfil.mercadolibre.com.uy/DELGADO+AUTOMOVILES;active;N/A;N/A;Nuevo;N/A;N/A;Eléctrica;Delantera;Sí;N/A;Sí;N/A;N/A;Sí;N/A;N/A;N/A;N/A;N/A;N/A;N/A;N/A;N/A;N/A;N/A;N/A;N/A;N/A;N/A;N/A;N/A;N/A;N/A;"2700 mm";"1.8 L";"57 L";7;N/A;N/A;N/A;N/A;N/A;N/A;N/A;N/A;N/A;N/A;N/A;N/A;N/A;N/A;N/A;N/A;N/A;N/A;N/A;N/A;N/A;N/A;N/A;N/A;N/A;N/A;N/A;N/A;N/A;N/A;N/A;N/A;N/A;N/A;N/A;N/A;N/A;N/A;N/A;N/A;N/A;N/A;N/A;N/A;N/A;"1460 mm";"4620 mm";N/A;N/A;N/A;N/A;5;"140 hp";Xei;N/A;4;"1775 mm";"13.5 km/l";N/A;N/A;N/A;N/A;N/A;N/A;N/A;N/A;N/A;N/A;N/A;N/A;N/A;N/A;N/A;N/A;N/A;4;1.8;Híbrido;Automática;Sedán;"Autos y camionetas";N/A;N/A;N/A;N/A;N/A;N/A;UY;N/A;N/A;N/A;N/A;N/A;N/A;N/A;N/A;N/A;N/A;N/A;N/A;N/A;N/A;N/A;N/A;N/A;N/A;N/A;N/A;N/A;N/A;N/A;N/A;N/A;N/A;N/A;N/A;N/A;N/A;N/A;N/A;N/A;N/A;N/A;N/A;N/A;N/A;N/A;N/A;N/A;N/A;N/A;N/A;N/A;N/A;N/A;N/A;N/A;N/A;N/A;N/A;N/A;N/A;N/A;N/A;N/A;N/A;N/A;N/A;N/A;N/A;N/A;N/A;N/A;N/A;N/A;N/A;N/A;N/A;N/A;N/A;N/A;N/A;N/A;N/A;N/A;N/A;N/A;N/A;N/A;N/A;N/A;N/A;N/A;N/A;N/A;N/A;N/A;N/A;N/A;N/A;N/A;N/A;N/A;N/A;N/A;N/A;N/A;N/A;N/A;N/A;N/A;N/A;N/A;Sí;N/A;Sí;N/A;N/A;N/A;Sí;Sí;N/A;N/A
Toyota;Hilux;"Hi Lux SRX 2.8";2024;"0 km";;"DELGADO AUTOMOVILES";82990;;;;;Cardona;https://auto.mercadolibre.com.uy/MLU-678568190-toyota-hilux-hi-lux-srx-28-_JM;N/A;;"Toyota Hilux Hi Lux Srx 2.8";USD;Sí;silver;false;N/A;N/A;http://perfil.mercadolibre.com.uy/DELGADO+AUTOMOVILES;active;N/A;N/A;Nuevo;Blanco;N/A;Hidráulica;4x4;N/A;N/A;N/A;N/A;N/A;N/A;N/A;N/A;N/A;N/A;N/A;N/A;N/A;N/A;N/A;N/A;N/A;N/A;N/A;N/A;N/A;N/A;N/A;N/A;N/A;N/A;N/A;N/A;N/A;N/A;N/A;N/A;N/A;N/A;N/A;N/A;N/A;N/A;N/A;N/A;N/A;N/A;N/A;N/A;N/A;N/A;N/A;N/A;N/A;N/A;N/A;N/A;N/A;N/A;N/A;N/A;N/A;N/A;N/A;N/A;N/A;N/A;N/A;N/A;N/A;N/A;N/A;N/A;N/A;N/A;N/A;N/A;N/A;N/A;N/A;N/A;N/A;N/A;N/A;N/A;N/A;N/A;N/A;N/A;N/A;N/A;N/A;N/A;N/A;N/A;N/A;N/A;N/A;N/A;N/A;N/A;N/A;N/A;N/A;N/A;N/A;N/A;N/A;N/A;4;"2.8 Turbo";Diésel;Automática;Pick-Up;"Autos y camionetas";Sí;N/A;N/A;N/A;N/A;N/A;N/A;N/A;Sí;N/A;N/A;N/A;N/A;N/A;N/A;N/A;N/A;N/A;N/A;N/A;N/A;N/A;N/A;N/A;N/A;N/A;N/A;N/A;N/A;N/A;N/A;N/A;N/A;N/A;N/A;N/A;N/A;N/A;N/A;N/A;N/A;N/A;N/A;Sí;N/A;N/A;N/A;N/A;N/A;N/A;N/A;N/A;N/A;N/A;N/A;N/A;N/A;N/A;N/A;N/A;N/A;Sí;N/A;N/A;N/A;N/A;N/A;N/A;N/A;N/A;N/A;N/A;N/A;N/A;N/A;N/A;N/A;N/A;N/A;N/A;N/A;N/A;N/A;N/A;N/A;N/A;N/A;N/A;N/A;N/A;N/A;N/A;N/A;N/A;N/A;N/A;N/A;N/A;N/A;N/A;N/A;N/A;N/A;N/A;N/A;N/A;N/A;N/A;N/A;N/A;N/A;N/A;N/A;N/A;N/A;N/A;N/A;N/A;N/A;N/A;N/A;N/A
Toyota;Corolla;"8000 y cuotas tasa cero";2019;"168000 km";;"VIPERCAR AUTOMOVILES_3";20990;;;;;Centro;https://auto.mercadolibre.com.uy/MLU-646278945-toyota-corolla-8000-y-cuotas-tasa-cero-18-2019-impecable-_JM;N/A;;"Toyota Corolla 8000 Y Cuotas Tasa Cero 1.8 2019 Impecable!";USD;Sí;silver;false;N/A;N/A;http://perfil.mercadolibre.com.uy/VIPERCAR+AUTOMOVILES_3;active;N/A;N/A;Usado;Plateado;N/A;Hidráulica;N/A;Sí;Sí;Sí;N/A;N/A;N/A;N/A;N/A;N/A;N/A;Sí;N/A;Sí;N/A;N/A;N/A;N/A;N/A;N/A;N/A;N/A;N/A;N/A;N/A;N/A;N/A;"1800 cc";N/A;6;N/A;N/A;N/A;N/A;N/A;N/A;N/A;N/A;N/A;N/A;N/A;N/A;N/A;N/A;N/A;N/A;N/A;N/A;N/A;N/A;N/A;N/A;N/A;Sí;N/A;N/A;N/A;N/A;N/A;N/A;N/A;N/A;N/A;N/A;N/A;N/A;N/A;N/A;N/A;N/A;N/A;N/A;N/A;N/A;N/A;N/A;N/A;N/A;N/A;N/A;N/A;N/A;N/A;N/A;N/A;N/A;N/A;N/A;N/A;N/A;N/A;N/A;N/A;N/A;N/A;N/A;N/A;N/A;N/A;N/A;N/A;N/A;N/A;N/A;"Lun a Vie de 9 a 12:30 y de 13:30 a 19. Sáb de 9 a 13 hs.";4;1.8;Nafta;Manual;Sedán;"Autos y camionetas";No;N/A;N/A;N/A;No;N/A;N/A;No;Sí;No;No;N/A;N/A;N/A;N/A;N/A;N/A;N/A;N/A;N/A;N/A;N/A;N/A;N/A;N/A;N/A;N/A;N/A;N/A;N/A;N/A;N/A;N/A;N/A;N/A;N/A;N/A;N/A;N/A;N/A;N/A;N/A;N/A;N/A;N/A;N/A;N/A;N/A;N/A;N/A;N/A;N/A;N/A;N/A;N/A;N/A;N/A;N/A;N/A;N/A;N/A;N/A;No;N/A;N/A;N/A;N/A;N/A;N/A;N/A;N/A;N/A;N/A;N/A;N/A;N/A;N/A;N/A;N/A;N/A;N/A;N/A;N/A;N/A;N/A;N/A;N/A;N/A;N/A;N/A;N/A;N/A;N/A;N/A;N/A;N/A;Sí;N/A;N/A;N/A;Sí;Sí;N/A;N/A;N/A;Sí;N/A;Sí;N/A;N/A;N/A;N/A;N/A;N/A;Sí;Sí;Sí;N/A;N/A;N/A;N/A;Sí
Toyota;Hilux;"2.7 D.cab. Srv";2023;"0 km";;"NOGAR AUTOMOVILES";41990;;;;;"San José de Mayo";https://auto.mercadolibre.com.uy/MLU-635304397-toyota-hilux-2024-27-dcab-srv-_JM;N/A;;"Toyota Hilux 2024 2.7 D.cab. Srv";usd;Sí;silver;false;N/A;N/A;http://perfil.mercadolibre.com.uy/NOGAR+AUTOMOVILES;active;N/A;N/A;Nuevo;Blanco;N/A;Hidráulica;4x2;Sí;N/A;Sí;N/A;N/A;N/A;N/A;N/A;N/A;N/A;N/A;N/A;Sí;N/A;N/A;N/A;N/A;N/A;N/A;N/A;N/A;N/A;N/A;N/A;N/A;"2860 mm";"2494 cc";"80 L";5;N/A;N/A;N/A;N/A;N/A;N/A;N/A;N/A;N/A;N/A;N/A;N/A;N/A;N/A;N/A;N/A;N/A;N/A;N/A;N/A;N/A;N/A;N/A;N/A;N/A;N/A;N/A;N/A;N/A;N/A;N/A;N/A;N/A;N/A;N/A;N/A;N/A;N/A;N/A;N/A;N/A;N/A;N/A;N/A;N/A;"1850 mm";"5260 mm";N/A;N/A;N/A;N/A;5;"177 hp";Srv;N/A;2;"1855 mm";N/A;Sí;N/A;Sí;Sí;N/A;Sí;Sí;N/A;N/A;N/A;N/A;N/A;N/A;N/A;N/A;N/A;"Lunes a Viernes 9 a 12- 14.30 a 18.30 - sáb 9 a 13";4;2.7;Nafta;Manual;Pick-Up;"Autos y camionetas";N/A;N/A;N/A;N/A;N/A;N/A;UY;N/A;N/A;N/A;N/A;N/A;N/A;N/A;N/A;N/A;N/A;N/A;N/A;N/A;N/A;N/A;N/A;N/A;N/A;N/A;N/A;N/A;N/A;N/A;N/A;N/A;N/A;N/A;N/A;N/A;N/A;N/A;N/A;N/A;N/A;N/A;N/A;N/A;N/A;N/A;N/A;N/A;N/A;N/A;N/A;N/A;N/A;N/A;N/A;N/A;N/A;N/A;N/A;N/A;N/A;N/A;N/A;N/A;N/A;N/A;N/A;N/A;N/A;N/A;N/A;N/A;N/A;N/A;N/A;N/A;N/A;N/A;N/A;N/A;N/A;N/A;N/A;N/A;N/A;N/A;N/A;N/A;N/A;N/A;N/A;N/A;N/A;N/A;N/A;N/A;Sí;N/A;Sí;N/A;Sí;Sí;N/A;N/A;Sí;Sí;N/A;N/A;N/A;N/A;N/A;N/A;Sí;N/A;Sí;Sí;Sí;N/A;Sí;Sí;N/A;Sí
Toyota;Hilux;"3.0 Tdi Srv Cab Doble 4x2 Cuero";2011;"226660 km";;"NICOLASTEJERA AUTOMOVILES";29500;;;;;Tala;https://auto.mercadolibre.com.uy/MLU-700390930-toyota-hilux-2011-30-tdi-srv-cab-doble-4x2-_JM;N/A;;"Toyota Hilux 2011 3.0 Tdi Srv Cab Doble 4x2 ";usd;Sí;silver;false;N/A;N/A;http://perfil.mercadolibre.com.uy/NICOLASTEJERA+AUTOMOVILES;active;N/A;N/A;Usado;Plateado;N/A;Hidráulica;4x2;Sí;N/A;Sí;N/A;N/A;N/A;N/A;N/A;N/A;N/A;N/A;N/A;N/A;N/A;N/A;N/A;N/A;N/A;N/A;N/A;N/A;N/A;N/A;N/A;N/A;"2860 mm";"3 L";"80 L";5;N/A;N/A;N/A;N/A;N/A;N/A;N/A;N/A;N/A;N/A;N/A;N/A;N/A;N/A;N/A;N/A;N/A;N/A;N/A;N/A;N/A;N/A;N/A;N/A;N/A;N/A;N/A;N/A;N/A;N/A;N/A;N/A;N/A;N/A;N/A;N/A;N/A;N/A;N/A;N/A;N/A;N/A;N/A;N/A;N/A;"1820 mm";"5255 mm";N/A;N/A;N/A;N/A;5;"163 hp";Srv;N/A;4;"1855 mm";N/A;N/A;N/A;N/A;N/A;N/A;N/A;Sí;N/A;N/A;N/A;N/A;N/A;N/A;N/A;N/A;N/A;N/A;4;3.0;Diésel;Manual;Pick-Up;"Autos y camionetas";N/A;N/A;N/A;N/A;N/A;N/A;UY;N/A;N/A;N/A;N/A;N/A;N/A;N/A;N/A;N/A;N/A;N/A;N/A;N/A;N/A;N/A;N/A;N/A;N/A;N/A;N/A;N/A;N/A;N/A;N/A;N/A;N/A;N/A;N/A;N/A;N/A;N/A;N/A;N/A;N/A;N/A;N/A;N/A;N/A;N/A;N/A;N/A;N/A;N/A;N/A;N/A;N/A;N/A;N/A;N/A;N/A;N/A;N/A;N/A;N/A;N/A;N/A;N/A;N/A;N/A;N/A;N/A;N/A;N/A;N/A;N/A;N/A;N/A;N/A;N/A;N/A;N/A;N/A;N/A;N/A;N/A;N/A;N/A;N/A;N/A;N/A;N/A;N/A;N/A;N/A;N/A;N/A;N/A;N/A;N/A;N/A;N/A;N/A;N/A;N/A;N/A;N/A;N/A;N/A;N/A;N/A;N/A;N/A;N/A;N/A;N/A;Sí;N/A;Sí;N/A;N/A;N/A;N/A;N/A;N/A;N/A
Toyota;Yaris;hach;2022;"60000 km";;"BRAVO AUTOMOVILES";19900;;;;;Trinidad;https://auto.mercadolibre.com.uy/MLU-699432042-toyota-yaris-hach-_JM;N/A;;"Toyota Yaris Hach";USD;Sí;silver;false;N/A;N/A;http://perfil.mercadolibre.com.uy/BRAVO+AUTOMOVILES;active;N/A;N/A;Usado;N/A;N/A;N/A;N/A;N/A;N/A;N/A;N/A;N/A;N/A;N/A;N/A;N/A;N/A;N/A;N/A;N/A;N/A;N/A;N/A;N/A;N/A;N/A;N/A;N/A;N/A;N/A;N/A;N/A;N/A;N/A;N/A;N/A;N/A;N/A;N/A;N/A;N/A;N/A;N/A;N/A;N/A;N/A;N/A;N/A;N/A;N/A;N/A;N/A;N/A;N/A;N/A;N/A;N/A;N/A;N/A;N/A;N/A;N/A;N/A;N/A;N/A;N/A;N/A;N/A;N/A;N/A;N/A;N/A;N/A;N/A;N/A;N/A;N/A;N/A;N/A;N/A;N/A;N/A;N/A;N/A;N/A;N/A;N/A;N/A;N/A;N/A;N/A;N/A;N/A;N/A;N/A;N/A;N/A;N/A;N/A;N/A;N/A;N/A;N/A;N/A;N/A;N/A;N/A;N/A;N/A;N/A;N/A;4;N/A;Nafta;N/A;N/A;"Autos y camionetas";N/A;N/A;N/A;N/A;N/A;N/A;N/A;N/A;N/A;N/A;N/A;N/A;N/A;N/A;N/A;N/A;N/A;N/A;N/A;N/A;N/A;N/A;N/A;N/A;N/A;N/A;N/A;N/A;N/A;N/A;N/A;N/A;N/A;N/A;N/A;N/A;N/A;N/A;N/A;N/A;N/A;N/A;N/A;N/A;N/A;N/A;N/A;N/A;N/A;N/A;N/A;N/A;N/A;N/A;N/A;N/A;N/A;N/A;N/A;N/A;N/A;N/A;N/A;N/A;N/A;N/A;N/A;N/A;N/A;N/A;N/A;N/A;N/A;N/A;N/A;N/A;N/A;N/A;N/A;N/A;N/A;N/A;N/A;N/A;N/A;N/A;N/A;N/A;N/A;N/A;N/A;N/A;N/A;N/A;N/A;N/A;N/A;N/A;N/A;N/A;N/A;N/A;N/A;N/A;N/A;N/A;N/A;N/A;N/A;N/A;N/A;N/A;N/A;N/A;N/A;N/A;N/A;N/A;N/A;N/A;N/A;N/A
Toyota;Corolla;"1.8 Se-g Cvt 140cv";2015;"150560 km";;AUTOMOVILESAUTOPARQUE202209021;18990;;;;;"Parque del Plata";https://auto.mercadolibre.com.uy/MLU-698423236-toyota-corolla-18-le-_JM;N/A;;"Toyota Corolla 1.8 Le ";usd;Sí;silver;false;N/A;N/A;http://perfil.mercadolibre.com.uy/AUTOMOVILESAUTOPARQUE202209021;active;N/A;N/A;Usado;Rojo;N/A;Eléctrica;Delantera;Sí;N/A;Sí;N/A;N/A;N/A;N/A;N/A;N/A;N/A;N/A;N/A;N/A;N/A;N/A;N/A;N/A;N/A;N/A;N/A;N/A;N/A;N/A;N/A;N/A;"2700 mm";"1.8 L";"57 L";7;N/A;N/A;N/A;N/A;N/A;N/A;N/A;N/A;N/A;N/A;N/A;N/A;N/A;N/A;N/A;N/A;N/A;N/A;N/A;N/A;N/A;N/A;N/A;N/A;N/A;N/A;N/A;N/A;N/A;N/A;N/A;N/A;N/A;N/A;N/A;N/A;N/A;N/A;N/A;N/A;N/A;N/A;N/A;N/A;N/A;"1460 mm";"4620 mm";N/A;N/A;N/A;N/A;5;"140 hp";Se-g;N/A;4;"1775 mm";"13.5 km/l";Sí;N/A;N/A;N/A;N/A;N/A;Sí;N/A;N/A;N/A;N/A;N/A;N/A;N/A;N/A;N/A;N/A;4;1.8;Nafta;Automática;Sedán;"Autos y camionetas";N/A;N/A;N/A;N/A;N/A;N/A;UY;N/A;N/A;N/A;N/A;N/A;N/A;N/A;N/A;N/A;N/A;N/A;N/A;N/A;N/A;N/A;N/A;N/A;N/A;N/A;N/A;N/A;N/A;N/A;N/A;N/A;N/A;N/A;N/A;N/A;N/A;N/A;N/A;N/A;N/A;N/A;N/A;N/A;N/A;N/A;N/A;N/A;N/A;N/A;N/A;N/A;N/A;N/A;N/A;N/A;N/A;N/A;N/A;N/A;N/A;N/A;N/A;N/A;N/A;N/A;N/A;N/A;N/A;N/A;N/A;N/A;N/A;N/A;N/A;N/A;N/A;N/A;N/A;N/A;N/A;N/A;N/A;N/A;N/A;N/A;N/A;N/A;N/A;N/A;N/A;N/A;N/A;N/A;N/A;N/A;N/A;N/A;N/A;N/A;N/A;N/A;N/A;N/A;N/A;N/A;N/A;N/A;N/A;N/A;N/A;N/A;Sí;N/A;Sí;N/A;N/A;N/A;Sí;Sí;N/A;N/A
Toyota;Hilux;"SRV 2.8 PLUS 4x4 automatica";2018;"274000 km";;AGUSTINAAUDI;54000;;;;;Dolores;https://auto.mercadolibre.com.uy/MLU-645810281-vendo-permuto-toyota-hilux-doble-cabina-srv-28-plus-4x4-a-_JM;N/A;;"Vendo - Permuto Toyota Hilux Doble Cabina Srv 2.8 Plus 4x4 A";USD;Sí;silver;false;N/A;N/A;http://perfil.mercadolibre.com.uy/AGUSTINAAUDI;active;N/A;N/A;Usado;Blanco;Sí;Hidráulica;4x4;N/A;N/A;N/A;N/A;N/A;N/A;N/A;N/A;N/A;N/A;N/A;N/A;N/A;N/A;N/A;N/A;N/A;N/A;N/A;N/A;N/A;N/A;N/A;N/A;N/A;N/A;N/A;N/A;N/A;N/A;N/A;N/A;N/A;N/A;N/A;N/A;N/A;N/A;N/A;N/A;N/A;N/A;N/A;N/A;N/A;N/A;N/A;N/A;N/A;N/A;N/A;N/A;N/A;N/A;N/A;N/A;N/A;N/A;N/A;N/A;N/A;N/A;N/A;N/A;N/A;N/A;N/A;N/A;N/A;N/A;N/A;N/A;N/A;N/A;N/A;N/A;N/A;N/A;N/A;N/A;N/A;N/A;N/A;N/A;N/A;N/A;N/A;N/A;N/A;N/A;N/A;N/A;N/A;N/A;N/A;N/A;N/A;N/A;N/A;N/A;N/A;N/A;N/A;N/A;4;2.8;Diésel;Automática;Pick-Up;"Autos y camionetas";N/A;N/A;N/A;N/A;N/A;N/A;N/A;N/A;N/A;N/A;N/A;N/A;N/A;N/A;N/A;N/A;N/A;N/A;N/A;N/A;N/A;N/A;N/A;N/A;N/A;N/A;N/A;N/A;N/A;N/A;N/A;N/A;N/A;N/A;N/A;N/A;N/A;N/A;N/A;N/A;N/A;N/A;N/A;N/A;N/A;N/A;N/A;N/A;N/A;N/A;N/A;N/A;N/A;N/A;N/A;N/A;N/A;N/A;N/A;N/A;N/A;N/A;N/A;N/A;N/A;N/A;N/A;N/A;N/A;N/A;N/A;N/A;N/A;N/A;N/A;N/A;N/A;N/A;N/A;N/A;N/A;N/A;N/A;N/A;N/A;N/A;N/A;N/A;N/A;N/A;N/A;N/A;N/A;N/A;N/A;N/A;N/A;N/A;N/A;N/A;N/A;N/A;N/A;N/A;N/A;N/A;N/A;N/A;N/A;N/A;N/A;N/A;N/A;N/A;N/A;N/A;N/A;N/A;N/A;N/A;N/A;N/A
Toyota;Hilux;"2.5 Cs Dx Tdi 120cv 4x2";2011;"302000 km";;MEGACARS2374;25990;;;;;Aguada;https://auto.mercadolibre.com.uy/MLU-697234546-toyota-hilux-25-cs-dx-tdi-120cv-4x2-_JM;N/A;;"Toyota Hilux 2.5 Cs Dx Tdi 120cv 4x2";usd;Sí;silver;false;N/A;N/A;http://perfil.mercadolibre.com.uy/MEGACARS2374;active;N/A;N/A;Usado;Blanco;Sí;Hidráulica;4x2;Sí;Sí;N/A;N/A;N/A;N/A;N/A;N/A;N/A;N/A;N/A;N/A;Sí;N/A;N/A;N/A;N/A;N/A;N/A;N/A;N/A;N/A;N/A;N/A;N/A;"2860 mm";"2.5 L";"80 L";5;N/A;N/A;N/A;N/A;N/A;N/A;N/A;N/A;N/A;N/A;N/A;N/A;N/A;N/A;N/A;N/A;N/A;N/A;N/A;N/A;N/A;N/A;N/A;N/A;N/A;N/A;N/A;N/A;N/A;N/A;N/A;N/A;N/A;N/A;N/A;N/A;N/A;N/A;N/A;N/A;N/A;N/A;N/A;N/A;N/A;"1795 mm";"5260 mm";N/A;N/A;N/A;N/A;3;"120 hp";Dx;N/A;4;"1855 mm";N/A;N/A;N/A;Sí;Sí;N/A;Sí;Sí;N/A;N/A;N/A;N/A;N/A;N/A;N/A;N/A;N/A;"Lunes a Domingo 24hs";4;2.5;Diésel;Manual;Pick-Up;"Autos y camionetas";N/A;N/A;N/A;N/A;N/A;N/A;UY;N/A;Sí;N/A;N/A;N/A;N/A;N/A;N/A;N/A;N/A;N/A;N/A;N/A;N/A;N/A;N/A;N/A;N/A;N/A;N/A;N/A;N/A;N/A;N/A;N/A;N/A;N/A;N/A;N/A;N/A;N/A;N/A;N/A;N/A;N/A;N/A;N/A;N/A;N/A;N/A;N/A;N/A;N/A;N/A;N/A;N/A;N/A;N/A;N/A;N/A;N/A;N/A;N/A;N/A;N/A;Sí;N/A;N/A;N/A;N/A;N/A;N/A;N/A;N/A;N/A;N/A;N/A;N/A;N/A;N/A;N/A;N/A;N/A;N/A;N/A;N/A;N/A;N/A;N/A;N/A;N/A;N/A;N/A;N/A;N/A;N/A;N/A;N/A;N/A;Sí;N/A;Sí;N/A;Sí;N/A;N/A;N/A;N/A;Sí;N/A;N/A;N/A;N/A;N/A;N/A;N/A;N/A;Sí;N/A;Sí;Sí;N/A;Sí;N/A;N/A
Toyota;Corolla;"Diesel 2.0";2010;"716000 km";;WOHLERAUTOMOVILES;8900;;;;;Florida;https://auto.mercadolibre.com.uy/MLU-695009330-toyota-corolla-diesel-2010-20-buen-estado-general-_JM;N/A;;"Toyota Corolla Diesel 2010 2.0 Buen Estado General";USD;Sí;silver;false;N/A;N/A;http://perfil.mercadolibre.com.uy/WOHLERAUTOMOVILES;active;N/A;N/A;Usado;Plateado;No;Hidráulica;Delantera;No;Sí;N/A;N/A;N/A;No;N/A;N/A;No;N/A;N/A;No;Sí;N/A;No;N/A;N/A;N/A;N/A;N/A;N/A;N/A;N/A;N/A;N/A;N/A;N/A;N/A;N/A;N/A;N/A;N/A;N/A;N/A;No;N/A;N/A;N/A;N/A;N/A;N/A;N/A;N/A;N/A;N/A;N/A;N/A;N/A;N/A;N/A;N/A;N/A;N/A;N/A;N/A;N/A;N/A;N/A;No;N/A;N/A;N/A;N/A;N/A;N/A;N/A;N/A;N/A;N/A;N/A;N/A;N/A;N/A;N/A;N/A;N/A;N/A;N/A;N/A;N/A;N/A;N/A;N/A;N/A;N/A;N/A;N/A;No;N/A;No;Sí;N/A;Sí;No;N/A;No;N/A;N/A;No;No;N/A;N/A;No;"Lunes a viernes de 8 a 12 y 14 a 19; sabados de 8 a 13";4;2.0;Diésel;Manual;Sedán;"Autos y camionetas";Sí;N/A;N/A;N/A;No;N/A;N/A;N/A;Sí;N/A;Sí;N/A;N/A;N/A;N/A;N/A;N/A;N/A;N/A;N/A;N/A;N/A;N/A;N/A;No;N/A;N/A;N/A;N/A;N/A;N/A;N/A;N/A;N/A;N/A;N/A;N/A;N/A;N/A;N/A;N/A;N/A;N/A;No;N/A;N/A;N/A;N/A;N/A;N/A;N/A;N/A;N/A;N/A;N/A;N/A;N/A;N/A;N/A;N/A;N/A;No;Sí;N/A;N/A;N/A;N/A;N/A;N/A;N/A;N/A;N/A;N/A;N/A;N/A;N/A;N/A;N/A;N/A;N/A;N/A;N/A;N/A;N/A;N/A;N/A;N/A;N/A;N/A;N/A;N/A;N/A;N/A;N/A;N/A;No;Sí;No;Sí;N/A;Sí;N/A;N/A;N/A;N/A;Sí;No;No;Sí;N/A;N/A;No;No;Sí;Sí;No;No;Sí;No;No;N/A;No
Toyota;Tercel;1.3;1995;"240000 km";;"ALEJANDROAUTOMOVILES TALA";6490;;;;;Tala;https://auto.mercadolibre.com.uy/MLU-693151436-toyota-tercel-_JM;N/A;;"Toyota Tercel";usd;No;silver;false;N/A;N/A;http://perfil.mercadolibre.com.uy/ALEJANDROAUTOMOVILES+TALA;active;N/A;N/A;Usado;Blanco;N/A;N/A;Delantera;No;N/A;N/A;N/A;N/A;N/A;N/A;N/A;N/A;N/A;N/A;N/A;Sí;N/A;N/A;N/A;N/A;N/A;N/A;N/A;N/A;N/A;N/A;N/A;N/A;"2380 mm";"1.3 L";"45 L";4;N/A;N/A;N/A;N/A;N/A;N/A;N/A;N/A;N/A;N/A;N/A;N/A;N/A;N/A;N/A;N/A;N/A;N/A;N/A;N/A;N/A;N/A;N/A;N/A;N/A;N/A;N/A;N/A;N/A;N/A;N/A;N/A;N/A;N/A;N/A;N/A;N/A;N/A;N/A;N/A;N/A;N/A;N/A;N/A;N/A;"1365 mm";"3930 mm";N/A;N/A;N/A;N/A;5;"93 hp";N/A;N/A;4;"1645 mm";N/A;N/A;N/A;N/A;N/A;N/A;N/A;N/A;N/A;N/A;N/A;N/A;N/A;N/A;N/A;N/A;N/A;N/A;4;1.3;Nafta;Manual;Sedán;"Autos y camionetas";N/A;N/A;N/A;N/A;N/A;N/A;UY;N/A;Sí;N/A;N/A;N/A;N/A;N/A;N/A;N/A;N/A;N/A;N/A;N/A;N/A;N/A;N/A;N/A;N/A;N/A;N/A;N/A;N/A;N/A;N/A;N/A;N/A;N/A;N/A;N/A;N/A;N/A;N/A;N/A;N/A;N/A;N/A;N/A;N/A;N/A;N/A;N/A;N/A;N/A;N/A;N/A;N/A;N/A;N/A;N/A;N/A;N/A;N/A;N/A;N/A;N/A;N/A;N/A;N/A;N/A;N/A;N/A;N/A;N/A;N/A;N/A;N/A;N/A;N/A;N/A;N/A;N/A;N/A;N/A;N/A;N/A;N/A;N/A;N/A;N/A;N/A;N/A;N/A;N/A;N/A;N/A;N/A;N/A;N/A;N/A;N/A;N/A;N/A;N/A;N/A;N/A;N/A;N/A;N/A;N/A;N/A;N/A;N/A;N/A;N/A;N/A;N/A;N/A;Sí;N/A;N/A;N/A;N/A;N/A;N/A;Sí
Toyota;Hilux;"SRX 4X4";2024;"0 km";;CASARIEGOAUTOMOVILES;82990;;;;;Melo;https://auto.mercadolibre.com.uy/MLU-643283069-toyota-hilux-srx-4x4-28-2024-0km-_JM;N/A;;"Toyota Hilux Srx 4x4 2.8 2024 0km";usd;Sí;silver;false;N/A;N/A;http://perfil.mercadolibre.com.uy/CASARIEGOAUTOMOVILES;active;N/A;N/A;Nuevo;Plateado;N/A;Asistida;N/A;N/A;Sí;Sí;Sí;Sí;N/A;Sí;Sí;Sí;N/A;Sí;Sí;Sí;N/A;N/A;N/A;N/A;N/A;N/A;N/A;N/A;N/A;N/A;N/A;N/A;N/A;"2800 cc";N/A;N/A;N/A;N/A;Sí;Sí;Sí;N/A;N/A;N/A;N/A;N/A;N/A;N/A;N/A;N/A;N/A;N/A;N/A;N/A;N/A;N/A;N/A;N/A;N/A;Sí;N/A;Sí;N/A;Sí;N/A;N/A;N/A;N/A;N/A;N/A;N/A;N/A;Sí;N/A;N/A;N/A;N/A;N/A;Sí;N/A;N/A;N/A;N/A;N/A;N/A;N/A;N/A;N/A;N/A;Srx;N/A;N/A;N/A;N/A;N/A;N/A;Sí;Sí;Sí;N/A;Sí;N/A;N/A;N/A;N/A;N/A;N/A;N/A;N/A;Sí;"Lun. a Vie. 8 a 12:30 y 14:30 a 20 hs. Sáb. 8 a 13 hs.";4;2.8;Diésel;Automática;Pick-Up;"Autos y camionetas";No;N/A;N/A;N/A;No;N/A;UY;No;Sí;No;No;N/A;N/A;N/A;N/A;N/A;N/A;N/A;N/A;N/A;N/A;N/A;N/A;N/A;N/A;N/A;N/A;N/A;N/A;N/A;N/A;N/A;N/A;N/A;N/A;N/A;N/A;N/A;N/A;N/A;N/A;N/A;N/A;Sí;N/A;N/A;N/A;N/A;N/A;N/A;N/A;N/A;N/A;N/A;N/A;N/A;N/A;N/A;N/A;N/A;N/A;Sí;No;N/A;N/A;N/A;N/A;N/A;N/A;N/A;N/A;N/A;N/A;N/A;N/A;N/A;N/A;N/A;N/A;N/A;N/A;N/A;N/A;N/A;N/A;N/A;N/A;N/A;N/A;N/A;N/A;N/A;N/A;N/A;N/A;N/A;Sí;N/A;Sí;Sí;Sí;Sí;Sí;N/A;Sí;Sí;N/A;N/A;N/A;Sí;Sí;Sí;Sí;N/A;Sí;Sí;Sí;N/A;N/A;N/A;N/A;Sí
Toyota;Yaris;"XS SEDÁN";2024;"0 km";;"NOGAR AUTOMOVILES";22990;;;;;"San José de Mayo";https://auto.mercadolibre.com.uy/MLU-699337378-toyota-yaris-xs-hatch-entrega-inmediata-_JM;N/A;;"Toyota Yaris Xs Hatch Entrega Inmediata";USD;Sí;silver;false;N/A;N/A;http://perfil.mercadolibre.com.uy/NOGAR+AUTOMOVILES;active;N/A;N/A;Nuevo;Gris;N/A;Asistida;Trasera;N/A;N/A;N/A;N/A;N/A;N/A;N/A;N/A;N/A;N/A;N/A;N/A;N/A;N/A;N/A;N/A;N/A;N/A;N/A;N/A;N/A;N/A;N/A;N/A;N/A;N/A;N/A;N/A;N/A;N/A;N/A;N/A;N/A;N/A;N/A;N/A;N/A;N/A;N/A;N/A;N/A;N/A;N/A;N/A;N/A;N/A;N/A;N/A;N/A;N/A;N/A;N/A;N/A;N/A;N/A;N/A;N/A;N/A;N/A;N/A;N/A;N/A;N/A;N/A;N/A;N/A;N/A;N/A;N/A;N/A;N/A;N/A;N/A;N/A;N/A;N/A;N/A;N/A;N/A;N/A;N/A;N/A;N/A;N/A;N/A;N/A;N/A;N/A;N/A;N/A;N/A;N/A;N/A;N/A;N/A;N/A;N/A;N/A;N/A;N/A;N/A;N/A;N/A;"L A V  9 A 12- 14.30 A 18- SAB 9 A 12";4;N/A;Nafta;Manual;Monovolumen;"Autos y camionetas";N/A;N/A;N/A;N/A;N/A;N/A;N/A;N/A;N/A;N/A;N/A;N/A;N/A;N/A;N/A;N/A;N/A;N/A;N/A;N/A;N/A;N/A;N/A;N/A;N/A;N/A;N/A;N/A;N/A;N/A;N/A;N/A;N/A;N/A;N/A;N/A;N/A;N/A;N/A;N/A;N/A;N/A;N/A;N/A;N/A;N/A;N/A;N/A;N/A;N/A;N/A;N/A;N/A;N/A;N/A;N/A;N/A;N/A;N/A;N/A;N/A;N/A;N/A;N/A;N/A;N/A;N/A;N/A;N/A;N/A;N/A;N/A;N/A;N/A;N/A;N/A;N/A;N/A;N/A;N/A;N/A;N/A;N/A;N/A;N/A;N/A;N/A;N/A;N/A;N/A;N/A;N/A;N/A;N/A;N/A;N/A;N/A;N/A;N/A;N/A;N/A;N/A;N/A;N/A;N/A;N/A;N/A;N/A;N/A;N/A;N/A;N/A;N/A;N/A;N/A;N/A;N/A;N/A;N/A;N/A;N/A;N/A
Toyota;Yaris;"Hb Xls At";2022;"0 km";;"LOPEZ MOTORS";26990;;;;;"Las Piedras";https://auto.mercadolibre.com.uy/MLU-691525616-toyota-yaris-hb-xls-at-_JM;N/A;;"Toyota Yaris Hb Xls At";USD;Sí;silver;false;N/A;N/A;http://perfil.mercadolibre.com.uy/LOPEZ+MOTORS;active;N/A;N/A;Nuevo;Blanco;N/A;Eléctrica;Delantera;Sí;Sí;Sí;No;No;No;Sí;Sí;Sí;No;Sí;Sí;Sí;No;No;N/A;N/A;N/A;N/A;N/A;N/A;N/A;N/A;N/A;N/A;N/A;N/A;N/A;N/A;N/A;N/A;N/A;N/A;N/A;No;N/A;N/A;N/A;N/A;N/A;N/A;N/A;N/A;N/A;N/A;N/A;N/A;N/A;N/A;N/A;N/A;N/A;Sí;N/A;N/A;N/A;N/A;N/A;No;N/A;N/A;N/A;N/A;N/A;N/A;N/A;N/A;N/A;N/A;N/A;N/A;N/A;N/A;N/A;N/A;N/A;N/A;N/A;N/A;N/A;N/A;N/A;N/A;N/A;N/A;N/A;N/A;Sí;N/A;Sí;Sí;N/A;Sí;Sí;Sí;No;No;N/A;No;No;No;No;Sí;"Lunes a viernes de las 8:30 hs a 12:00 hs y de las 14:00 hs hasta las 18:00 hs...";5;1.5;Nafta;"Automática secuencial";Hatchback;"Autos y camionetas";No;N/A;N/A;N/A;No;N/A;N/A;Sí;Sí;Sí;No;N/A;N/A;N/A;N/A;N/A;N/A;N/A;N/A;N/A;N/A;N/A;N/A;N/A;N/A;N/A;N/A;N/A;N/A;N/A;N/A;N/A;N/A;N/A;N/A;N/A;N/A;N/A;N/A;N/A;N/A;N/A;N/A;Sí;N/A;N/A;N/A;N/A;N/A;N/A;N/A;N/A;N/A;N/A;N/A;N/A;N/A;N/A;N/A;N/A;N/A;N/A;Sí;N/A;N/A;N/A;N/A;N/A;N/A;N/A;N/A;N/A;N/A;N/A;N/A;N/A;N/A;N/A;N/A;N/A;N/A;N/A;N/A;N/A;N/A;N/A;N/A;N/A;N/A;N/A;N/A;N/A;N/A;N/A;N/A;No;Sí;Sí;Sí;Sí;N/A;Sí;Sí;N/A;Sí;Sí;No;Sí;Sí;No;Sí;Sí;Sí;Sí;Sí;Sí;Sí;No;No;Sí;No;Sí
Toyota;Hilux;"SRV 2.8 4 X 2 204 HP";2024;"0 km";;"VALLA HNOS";61490;;;;;Juanicó;https://auto.mercadolibre.com.uy/MLU-635138219-totoya-hilux-ok-srv-28-2024-204-hp-entrega-inmediata-_JM;N/A;;"Totoya Hilux Ok Srv 2.8, 2024, 204 Hp Entrega Inmediata";USD;Sí;silver;false;N/A;N/A;http://perfil.mercadolibre.com.uy/VALLA+HNOS;active;No;N/A;Nuevo;Plateado;No;N/A;4x2;Sí;Sí;Sí;No;Sí;No;Sí;Sí;No;No;Sí;Sí;Sí;Sí;No;N/A;N/A;N/A;N/A;N/A;N/A;N/A;N/A;N/A;N/A;N/A;N/A;N/A;N/A;N/A;No;No;No;No;No;No;No;No;No;No;No;No;No;No;No;No;No;No;No;No;No;No;Sí;No;No;No;No;N/A;No;N/A;No;No;No;No;No;No;No;No;No;No;No;No;N/A;No;N/A;N/A;N/A;N/A;N/A;N/A;N/A;N/A;N/A;N/A;N/A;N/A;N/A;No;No;Sí;Sí;No;Sí;Sí;No;No;No;N/A;No;Sí;No;No;No;"8 A 12 Y 14 A 18.30";4;2.8;Diésel;Manual;N/A;"Autos y camionetas";No;No;No;No;No;No;N/A;No;Sí;No;No;No;No;No;No;No;No;No;No;No;No;No;No;No;No;No;No;No;No;No;No;No;N/A;No;No;No;No;No;No;No;No;No;No;Sí;No;No;No;No;No;No;No;No;No;No;No;No;No;No;No;No;No;No;No;No;No;No;No;No;No;No;No;No;No;No;No;No;No;No;No;No;No;No;No;No;No;No;No;No;No;No;No;No;No;No;No;No;No;No;No;Sí;No;Sí;Sí;No;Sí;Sí;No;No;Sí;No;Sí;Sí;Sí;Sí;Sí;Sí;Sí;Sí;No;Sí;Sí;Sí
Toyota;Corolla;"1.6 GLI EX FULL";2009;"164000 km";;PABLO1472006;12500;;;;;Trinidad;https://auto.mercadolibre.com.uy/MLU-646545395-toyota-corolla-gli-ex-full-_JM;N/A;;"Toyota Corolla Gli Ex Full";USD;Sí;silver;false;N/A;N/A;http://perfil.mercadolibre.com.uy/PABLO1472006;active;N/A;N/A;Usado;Plateado;No;Hidráulica;Delantera;Sí;Sí;N/A;N/A;N/A;No;N/A;N/A;No;N/A;N/A;Sí;Sí;N/A;Sí;N/A;N/A;N/A;N/A;N/A;N/A;N/A;N/A;N/A;N/A;N/A;N/A;N/A;N/A;N/A;N/A;N/A;N/A;N/A;No;N/A;N/A;N/A;N/A;N/A;N/A;N/A;N/A;N/A;N/A;N/A;N/A;N/A;N/A;N/A;N/A;N/A;N/A;N/A;N/A;N/A;N/A;N/A;No;N/A;N/A;N/A;N/A;N/A;N/A;N/A;N/A;N/A;N/A;N/A;N/A;N/A;N/A;N/A;N/A;N/A;N/A;N/A;N/A;N/A;N/A;N/A;N/A;N/A;N/A;N/A;N/A;No;N/A;No;Sí;N/A;Sí;Sí;N/A;No;N/A;N/A;No;No;N/A;N/A;No;"Todo el día";4;1.6;Nafta;Manual;Sedán;"Autos y camionetas";Sí;N/A;N/A;N/A;Sí;N/A;N/A;N/A;Sí;N/A;No;N/A;N/A;N/A;N/A;N/A;N/A;N/A;N/A;N/A;N/A;N/A;N/A;N/A;No;N/A;N/A;N/A;N/A;N/A;N/A;N/A;N/A;N/A;N/A;N/A;N/A;N/A;N/A;N/A;N/A;N/A;N/A;No;N/A;N/A;N/A;N/A;N/A;N/A;N/A;N/A;N/A;N/A;N/A;N/A;N/A;N/A;N/A;N/A;N/A;Sí;Sí;N/A;N/A;N/A;N/A;N/A;N/A;N/A;N/A;N/A;N/A;N/A;N/A;N/A;N/A;N/A;N/A;N/A;N/A;N/A;N/A;N/A;N/A;N/A;N/A;N/A;N/A;N/A;N/A;N/A;N/A;N/A;N/A;No;Sí;Sí;Sí;N/A;Sí;N/A;N/A;N/A;N/A;Sí;No;Sí;Sí;N/A;N/A;No;Sí;Sí;Sí;Sí;Sí;Sí;Sí;Sí;N/A;Sí
Toyota;Hilux;"Hilux srv d/c 4x2";2020;"195824 km";;"OLIVERA AUTOMOTORES";45000;;;;;Salto;https://auto.mercadolibre.com.uy/MLU-699903350-toyota-hilux-srv-dc-4x2-_JM;N/A;;"Toyota Hilux Srv D/c 4x2";usd;Sí;silver;false;N/A;N/A;http://perfil.mercadolibre.com.uy/OLIVERA+AUTOMOTORES;active;N/A;N/A;Usado;Blanco;N/A;Hidráulica;4x2;Sí;N/A;Sí;N/A;N/A;N/A;N/A;N/A;N/A;N/A;N/A;N/A;Sí;N/A;N/A;N/A;N/A;N/A;N/A;N/A;N/A;N/A;N/A;N/A;N/A;"2860 mm";"2.7 L";"80 L";5;N/A;N/A;N/A;N/A;N/A;N/A;N/A;N/A;N/A;N/A;N/A;N/A;N/A;N/A;N/A;N/A;N/A;N/A;N/A;N/A;N/A;N/A;N/A;N/A;N/A;N/A;N/A;N/A;N/A;N/A;N/A;N/A;N/A;N/A;N/A;N/A;N/A;N/A;N/A;N/A;N/A;N/A;N/A;N/A;N/A;"1850 mm";"5260 mm";N/A;N/A;N/A;N/A;5;"177 hp";Srv;N/A;2;"1855 mm";N/A;Sí;N/A;N/A;Sí;N/A;Sí;Sí;N/A;N/A;N/A;N/A;N/A;N/A;N/A;N/A;N/A;N/A;4;2.7;Diésel;Manual;Pick-Up;"Autos y camionetas";N/A;N/A;N/A;N/A;N/A;N/A;UY;N/A;Sí;N/A;N/A;N/A;N/A;N/A;N/A;N/A;N/A;N/A;N/A;N/A;N/A;N/A;N/A;N/A;Sí;N/A;N/A;N/A;N/A;N/A;N/A;N/A;N/A;N/A;N/A;N/A;N/A;N/A;N/A;N/A;N/A;N/A;N/A;N/A;N/A;N/A;N/A;N/A;N/A;N/A;N/A;N/A;N/A;N/A;N/A;N/A;N/A;N/A;N/A;N/A;N/A;N/A;N/A;N/A;N/A;N/A;N/A;N/A;N/A;N/A;N/A;N/A;N/A;N/A;N/A;N/A;N/A;N/A;N/A;N/A;N/A;N/A;N/A;N/A;N/A;N/A;N/A;N/A;N/A;N/A;N/A;N/A;N/A;N/A;N/A;N/A;Sí;N/A;Sí;N/A;Sí;N/A;N/A;N/A;N/A;Sí;N/A;N/A;Sí;N/A;N/A;Sí;Sí;N/A;Sí;N/A;Sí;N/A;Sí;Sí;N/A;Sí
Toyota;"Hilux Pick-Up";"SRV 2.8 Diesel 4x4 M";2021;"175000 km";;"VARGAS ANDRE";49900;;;;;"Carrasco Norte";https://auto.mercadolibre.com.uy/MLU-696056908-toyota-hilux-pick-up-srv-28-diesel-4x4-m-_JM;N/A;;"Toyota Hilux Pick-up Srv 2.8 Diesel 4x4 M";usd;Sí;silver;false;N/A;N/A;http://perfil.mercadolibre.com.uy/VARGAS+ANDRE;active;N/A;N/A;Usado;N/A;N/A;Hidráulica;4x4;Sí;N/A;Sí;N/A;N/A;N/A;N/A;N/A;N/A;N/A;N/A;N/A;N/A;N/A;N/A;N/A;N/A;N/A;N/A;N/A;N/A;N/A;N/A;N/A;N/A;"3085 mm";"2.8 L";"80 L";6;N/A;N/A;N/A;N/A;N/A;N/A;N/A;N/A;N/A;N/A;N/A;N/A;N/A;N/A;N/A;N/A;N/A;N/A;N/A;N/A;N/A;N/A;N/A;N/A;N/A;N/A;N/A;N/A;N/A;N/A;N/A;N/A;N/A;N/A;N/A;N/A;N/A;N/A;N/A;N/A;N/A;N/A;N/A;N/A;N/A;"1815 mm";"5325 mm";N/A;N/A;N/A;N/A;5;"204 hp";Srv;N/A;4;"1855 mm";N/A;N/A;N/A;N/A;N/A;N/A;N/A;Sí;N/A;N/A;N/A;N/A;N/A;N/A;N/A;N/A;N/A;N/A;4;2.8;Diésel;Manual;Pick-Up;"Autos y camionetas";N/A;N/A;N/A;N/A;N/A;N/A;UY;N/A;N/A;N/A;N/A;N/A;N/A;N/A;N/A;N/A;N/A;N/A;N/A;N/A;N/A;N/A;N/A;N/A;N/A;N/A;N/A;N/A;N/A;N/A;N/A;N/A;N/A;N/A;N/A;N/A;N/A;N/A;N/A;N/A;N/A;N/A;N/A;N/A;N/A;N/A;N/A;N/A;N/A;N/A;N/A;N/A;N/A;N/A;N/A;N/A;N/A;N/A;N/A;N/A;N/A;N/A;N/A;N/A;N/A;N/A;N/A;N/A;N/A;N/A;N/A;N/A;N/A;N/A;N/A;N/A;N/A;N/A;N/A;N/A;N/A;N/A;N/A;N/A;N/A;N/A;N/A;N/A;N/A;N/A;N/A;N/A;N/A;N/A;N/A;N/A;N/A;N/A;N/A;N/A;N/A;N/A;N/A;N/A;N/A;N/A;N/A;N/A;N/A;N/A;N/A;N/A;Sí;N/A;Sí;N/A;N/A;N/A;N/A;Sí;N/A;N/A
Toyota;Prius;"1.5 C Hibrido At";2021;"111000 km";;RENAULTPUNTADELESTE;18500;;;;;"Punta del Este";https://auto.mercadolibre.com.uy/MLU-695321432-toyota-prius-15-c-hibrido-at-_JM;N/A;;"Toyota Prius 1.5 C Hibrido At";usd;Sí;silver;false;N/A;N/A;http://perfil.mercadolibre.com.uy/RENAULTPUNTADELESTE;active;N/A;N/A;Usado;Plateado;N/A;Hidráulica;Delantera;Sí;N/A;N/A;N/A;N/A;N/A;N/A;N/A;N/A;N/A;N/A;N/A;N/A;N/A;N/A;N/A;N/A;N/A;N/A;N/A;N/A;N/A;N/A;N/A;N/A;"2700 mm";"1.5 L";"43 L";N/A;N/A;N/A;N/A;N/A;N/A;N/A;N/A;N/A;N/A;N/A;N/A;N/A;N/A;N/A;N/A;N/A;N/A;N/A;N/A;N/A;N/A;N/A;N/A;N/A;N/A;N/A;N/A;N/A;N/A;N/A;N/A;N/A;N/A;Sí;Sí;N/A;N/A;N/A;N/A;N/A;N/A;N/A;N/A;N/A;N/A;"1490 mm";"4540 mm";N/A;N/A;N/A;N/A;5;"36 hp";N/A;N/A;4;"1760 mm";N/A;N/A;N/A;N/A;N/A;N/A;N/A;Sí;N/A;N/A;N/A;N/A;N/A;N/A;N/A;N/A;N/A;24hs;5;1.5;Híbrido;Automática;Hatchback;"Autos y camionetas";N/A;N/A;N/A;N/A;N/A;N/A;UY;N/A;N/A;N/A;N/A;N/A;N/A;N/A;N/A;N/A;N/A;N/A;N/A;N/A;N/A;N/A;N/A;N/A;N/A;N/A;N/A;N/A;N/A;N/A;N/A;N/A;N/A;N/A;N/A;N/A;N/A;N/A;N/A;N/A;N/A;N/A;N/A;N/A;N/A;N/A;N/A;N/A;N/A;N/A;N/A;N/A;N/A;N/A;N/A;N/A;N/A;N/A;N/A;N/A;N/A;N/A;N/A;N/A;N/A;N/A;N/A;N/A;N/A;N/A;N/A;N/A;N/A;N/A;N/A;N/A;N/A;N/A;N/A;N/A;N/A;N/A;N/A;N/A;N/A;N/A;N/A;N/A;N/A;N/A;N/A;N/A;N/A;N/A;N/A;N/A;N/A;N/A;N/A;N/A;N/A;N/A;N/A;N/A;N/A;N/A;N/A;N/A;N/A;N/A;N/A;N/A;Sí;N/A;Sí;N/A;N/A;N/A;N/A;Sí;N/A;Sí
Toyota;"Land Cruiser";Vx;2003;"500000 km";;"RENATOCONTI AUTOMOVILES";38900;;;;;"Parque Miramar";https://auto.mercadolibre.com.uy/MLU-694272874-toyota-land-cruiser-2003-_JM;N/A;;"Toyota Land Cruiser 2003";USD;No;silver;false;N/A;N/A;http://perfil.mercadolibre.com.uy/RENATOCONTI+AUTOMOVILES;active;N/A;N/A;Usado;Gris;N/A;Hidráulica;4x4;Sí;Sí;N/A;N/A;N/A;Sí;N/A;N/A;N/A;N/A;N/A;Sí;Sí;N/A;Sí;N/A;N/A;N/A;N/A;N/A;N/A;N/A;N/A;N/A;N/A;N/A;N/A;N/A;N/A;N/A;N/A;N/A;N/A;N/A;Sí;N/A;N/A;N/A;N/A;N/A;N/A;N/A;N/A;N/A;N/A;N/A;N/A;N/A;N/A;N/A;N/A;N/A;N/A;N/A;N/A;N/A;N/A;N/A;N/A;N/A;N/A;N/A;N/A;N/A;N/A;N/A;N/A;N/A;N/A;N/A;N/A;N/A;N/A;N/A;N/A;N/A;N/A;N/A;N/A;N/A;N/A;N/A;N/A;N/A;N/A;N/A;N/A;N/A;N/A;Sí;Sí;N/A;Sí;Sí;N/A;Sí;N/A;N/A;Sí;Sí;N/A;N/A;Sí;"Lunes a Sábado 9 a 18 hs";5;4.2;Diésel;Automática;N/A;"Autos y camionetas";Sí;N/A;N/A;N/A;Sí;N/A;N/A;N/A;Sí;N/A;Sí;N/A;N/A;N/A;N/A;N/A;N/A;N/A;N/A;N/A;N/A;N/A;N/A;N/A;Sí;N/A;N/A;N/A;N/A;N/A;N/A;N/A;N/A;N/A;N/A;N/A;N/A;N/A;N/A;N/A;N/A;N/A;N/A;N/A;N/A;N/A;N/A;N/A;N/A;N/A;N/A;N/A;N/A;N/A;N/A;N/A;N/A;N/A;N/A;N/A;N/A;N/A;No;N/A;N/A;N/A;N/A;N/A;N/A;N/A;N/A;N/A;N/A;N/A;N/A;N/A;N/A;N/A;N/A;N/A;N/A;N/A;N/A;N/A;N/A;N/A;N/A;N/A;N/A;N/A;N/A;N/A;N/A;N/A;N/A;N/A;Sí;Sí;N/A;N/A;Sí;N/A;N/A;N/A;N/A;Sí;Sí;Sí;Sí;N/A;N/A;Sí;Sí;Sí;Sí;Sí;Sí;Sí;Sí;Sí;N/A;Sí
Toyota;Hilux;"4X2 Dx";2016;"190000 km";;AEROCAR2023;31990;;;;;"Barra de Carrasco";https://auto.mercadolibre.com.uy/MLU-644298517-toyota-hilux-4x2-dx-25-2016-impecable-aerocar-_JM;N/A;;"Toyota Hilux 4x2 Dx 2.5 2016 Impecable! Aerocar";USD;Sí;silver;false;N/A;N/A;http://perfil.mercadolibre.com.uy/AEROCAR2023;active;N/A;N/A;Usado;Blanco;N/A;Hidráulica;N/A;Sí;N/A;N/A;N/A;N/A;N/A;N/A;Sí;N/A;N/A;N/A;N/A;Sí;N/A;N/A;N/A;N/A;N/A;N/A;N/A;N/A;N/A;N/A;N/A;N/A;N/A;"2500 cc";N/A;6;N/A;N/A;N/A;N/A;Sí;N/A;N/A;N/A;N/A;N/A;N/A;N/A;N/A;N/A;N/A;N/A;N/A;N/A;N/A;N/A;N/A;N/A;N/A;Sí;N/A;Sí;N/A;Sí;N/A;N/A;N/A;N/A;N/A;N/A;N/A;N/A;N/A;N/A;N/A;N/A;N/A;N/A;Sí;N/A;N/A;N/A;N/A;N/A;N/A;N/A;N/A;N/A;N/A;Dx;N/A;N/A;N/A;N/A;N/A;N/A;N/A;Sí;N/A;N/A;Sí;N/A;N/A;N/A;N/A;N/A;N/A;Sí;Sí;N/A;"Lun. a Vie. de 9 a 19 hs. Sáb. de 10 a 14 hs.";2;2.5;Diésel;Manual;Pick-Up;"Autos y camionetas";No;N/A;N/A;N/A;No;N/A;N/A;No;Sí;No;No;N/A;N/A;N/A;N/A;N/A;N/A;N/A;N/A;N/A;N/A;N/A;N/A;N/A;N/A;N/A;N/A;N/A;N/A;N/A;N/A;N/A;N/A;N/A;N/A;N/A;N/A;N/A;N/A;N/A;N/A;N/A;N/A;N/A;N/A;N/A;N/A;N/A;N/A;N/A;N/A;N/A;N/A;N/A;N/A;N/A;N/A;N/A;N/A;N/A;N/A;N/A;No;N/A;N/A;N/A;N/A;N/A;N/A;N/A;N/A;N/A;N/A;N/A;N/A;N/A;N/A;N/A;N/A;N/A;N/A;N/A;N/A;N/A;N/A;N/A;N/A;N/A;N/A;N/A;N/A;N/A;N/A;N/A;N/A;N/A;Sí;N/A;N/A;N/A;Sí;N/A;Sí;N/A;N/A;Sí;N/A;Sí;N/A;N/A;N/A;N/A;Sí;N/A;Sí;Sí;Sí;N/A;N/A;Sí;N/A;Sí
Toyota;Hilux;"2.8 D/cab 4x4 Sr";2019;"149000 km";;AUTCUEVAS;47500;;;;;Trinidad;https://auto.mercadolibre.com.uy/MLU-693746408-toyota-hilux-2019-28-dcab-4x4-sr-_JM;N/A;;"Toyota Hilux 2019 2.8 D/cab 4x4 Sr";usd;Sí;silver;false;N/A;N/A;http://perfil.mercadolibre.com.uy/AUTCUEVAS;active;N/A;N/A;Usado;N/A;N/A;N/A;4x4;Sí;N/A;N/A;N/A;N/A;N/A;N/A;N/A;N/A;N/A;N/A;N/A;N/A;N/A;N/A;N/A;N/A;N/A;N/A;N/A;N/A;N/A;N/A;N/A;N/A;"2860 mm";"2.8 L";"65 L";5;N/A;N/A;N/A;N/A;N/A;N/A;N/A;N/A;N/A;N/A;N/A;N/A;N/A;N/A;N/A;N/A;N/A;N/A;N/A;N/A;N/A;N/A;N/A;N/A;N/A;N/A;N/A;N/A;N/A;N/A;N/A;N/A;N/A;N/A;N/A;N/A;N/A;N/A;N/A;N/A;N/A;N/A;N/A;N/A;N/A;"1805 mm";"4850 mm";N/A;N/A;N/A;N/A;5;"177 hp";Dlx;N/A;2;"1630 mm";N/A;N/A;N/A;N/A;N/A;N/A;N/A;N/A;N/A;N/A;N/A;N/A;N/A;N/A;N/A;N/A;N/A;N/A;4;2.8;Diésel;Manual;Pick-Up;"Autos y camionetas";N/A;N/A;N/A;N/A;N/A;N/A;UY;N/A;N/A;N/A;N/A;N/A;N/A;N/A;N/A;N/A;N/A;N/A;N/A;N/A;N/A;N/A;N/A;N/A;N/A;N/A;N/A;N/A;N/A;N/A;N/A;N/A;N/A;N/A;N/A;N/A;N/A;N/A;N/A;N/A;N/A;N/A;N/A;N/A;N/A;N/A;N/A;N/A;N/A;N/A;N/A;N/A;N/A;N/A;N/A;N/A;N/A;N/A;N/A;N/A;N/A;N/A;N/A;N/A;N/A;N/A;N/A;N/A;N/A;N/A;N/A;N/A;N/A;N/A;N/A;N/A;N/A;N/A;N/A;N/A;N/A;N/A;N/A;N/A;N/A;N/A;N/A;N/A;N/A;N/A;N/A;N/A;N/A;N/A;N/A;N/A;N/A;N/A;N/A;N/A;N/A;N/A;N/A;N/A;N/A;N/A;N/A;N/A;N/A;N/A;N/A;N/A;N/A;N/A;Sí;N/A;N/A;N/A;N/A;N/A;N/A;N/A
Toyota;Etios;-;2015;"172400 km";;AUTOMERCADOROSARIO;12500;;;;;"Radial Rosario";https://auto.mercadolibre.com.uy/MLU-694734976-toyota-etios-15-2015-impecable-_JM;N/A;;"Toyota Etios 1.5 2015 Impecable!";USD;Sí;silver;false;N/A;N/A;http://perfil.mercadolibre.com.uy/AUTOMERCADOROSARIO;active;N/A;N/A;Usado;Blanco;N/A;Hidráulica;N/A;Sí;Sí;N/A;N/A;N/A;N/A;N/A;Sí;N/A;N/A;Sí;N/A;Sí;N/A;N/A;N/A;N/A;N/A;N/A;N/A;N/A;N/A;N/A;N/A;N/A;N/A;"1500 cc";N/A;5;N/A;N/A;N/A;N/A;N/A;N/A;N/A;N/A;N/A;N/A;N/A;N/A;N/A;N/A;N/A;N/A;N/A;N/A;N/A;N/A;N/A;N/A;N/A;N/A;N/A;Sí;N/A;N/A;N/A;N/A;N/A;N/A;N/A;N/A;N/A;N/A;Sí;N/A;N/A;N/A;N/A;N/A;Sí;N/A;N/A;N/A;N/A;N/A;N/A;N/A;N/A;N/A;N/A;N/A;N/A;N/A;N/A;N/A;N/A;N/A;N/A;N/A;N/A;N/A;N/A;Sí;N/A;N/A;N/A;N/A;N/A;N/A;N/A;N/A;"Lun. a Vie. 8:30 a 12 y 14:30 a 19. Sáb. 8:30 a 12:30 hs";5;1.5;Nafta;Manual;Hatchback;"Autos y camionetas";No;N/A;N/A;N/A;No;N/A;N/A;No;Sí;No;No;N/A;N/A;N/A;N/A;N/A;N/A;N/A;N/A;N/A;N/A;N/A;N/A;N/A;N/A;N/A;N/A;N/A;N/A;N/A;N/A;N/A;N/A;N/A;N/A;N/A;N/A;N/A;N/A;N/A;N/A;N/A;N/A;N/A;N/A;N/A;N/A;N/A;N/A;N/A;N/A;N/A;N/A;N/A;N/A;N/A;N/A;N/A;N/A;N/A;N/A;N/A;No;N/A;N/A;N/A;N/A;N/A;N/A;N/A;N/A;N/A;N/A;N/A;N/A;N/A;N/A;N/A;N/A;N/A;N/A;N/A;N/A;N/A;N/A;N/A;N/A;N/A;N/A;N/A;N/A;N/A;N/A;N/A;N/A;N/A;Sí;N/A;Sí;N/A;Sí;N/A;N/A;N/A;Sí;Sí;N/A;N/A;N/A;N/A;N/A;Sí;Sí;N/A;Sí;Sí;N/A;N/A;N/A;Sí;N/A;Sí
Toyota;Hilux;"2.8 D/cab 4x4 D Dlx";1998;"315000 km";;GAGGEROMOTORS;25900;;;;;Shangrilá;https://auto.mercadolibre.com.uy/MLU-701188648-toyota-hilux-28-dcab-4x4-d-dlx-_JM;N/A;;"Toyota Hilux 2.8 D/cab 4x4 D Dlx";usd;No;silver;false;N/A;N/A;http://perfil.mercadolibre.com.uy/GAGGEROMOTORS;active;N/A;N/A;Usado;Rojo;Sí;Hidráulica;4x4;Sí;N/A;N/A;N/A;N/A;N/A;N/A;N/A;N/A;N/A;N/A;N/A;N/A;N/A;N/A;N/A;N/A;N/A;N/A;N/A;N/A;N/A;N/A;N/A;N/A;"2860 mm";"2.8 L";"65 L";5;N/A;N/A;N/A;N/A;N/A;N/A;N/A;N/A;N/A;N/A;N/A;N/A;N/A;N/A;N/A;N/A;N/A;N/A;N/A;N/A;N/A;N/A;N/A;N/A;N/A;N/A;N/A;N/A;N/A;N/A;N/A;N/A;N/A;N/A;N/A;N/A;N/A;N/A;N/A;N/A;N/A;N/A;N/A;N/A;N/A;"1805 mm";"4850 mm";N/A;N/A;N/A;N/A;5;"177 hp";Dlx;N/A;2;"1630 mm";N/A;N/A;N/A;N/A;N/A;N/A;N/A;N/A;N/A;N/A;N/A;N/A;N/A;N/A;N/A;N/A;N/A;N/A;4;2.8;Diésel;Manual;Pick-Up;"Autos y camionetas";N/A;N/A;N/A;N/A;N/A;N/A;UY;N/A;N/A;N/A;N/A;N/A;N/A;N/A;N/A;N/A;N/A;N/A;N/A;N/A;N/A;N/A;N/A;N/A;N/A;N/A;N/A;N/A;N/A;N/A;N/A;N/A;N/A;N/A;N/A;N/A;N/A;N/A;N/A;N/A;N/A;N/A;N/A;N/A;N/A;N/A;N/A;N/A;N/A;N/A;N/A;N/A;N/A;N/A;N/A;N/A;N/A;N/A;N/A;N/A;N/A;N/A;N/A;N/A;N/A;N/A;N/A;N/A;N/A;N/A;N/A;N/A;N/A;N/A;N/A;N/A;N/A;N/A;N/A;N/A;N/A;N/A;N/A;N/A;N/A;N/A;N/A;N/A;N/A;N/A;N/A;N/A;N/A;N/A;N/A;N/A;N/A;N/A;N/A;N/A;N/A;N/A;N/A;N/A;N/A;N/A;N/A;N/A;N/A;N/A;N/A;N/A;N/A;N/A;Sí;N/A;N/A;N/A;N/A;N/A;N/A;N/A
Toyota;Hilux;"Dx 25td 4x2";2007;"521450 km";;GHMAUTOMOVILES;21800;;;;;Florida;https://auto.mercadolibre.com.uy/MLU-646658457-toyota-hilux-dx-25td-4x2-_JM;N/A;;"Toyota Hilux Dx 2.5td 4x2 ";usd;No;silver;false;N/A;N/A;http://perfil.mercadolibre.com.uy/GHMAUTOMOVILES;active;N/A;N/A;Usado;Gris;N/A;Hidráulica;4x2;Sí;N/A;N/A;N/A;N/A;N/A;N/A;N/A;N/A;N/A;N/A;N/A;N/A;N/A;N/A;N/A;N/A;N/A;N/A;N/A;N/A;N/A;N/A;N/A;N/A;"2860 mm";"2.7 L";"65 L";5;N/A;N/A;N/A;N/A;N/A;N/A;N/A;N/A;N/A;N/A;N/A;N/A;N/A;N/A;N/A;N/A;N/A;N/A;N/A;N/A;N/A;N/A;N/A;N/A;N/A;N/A;N/A;N/A;N/A;N/A;N/A;N/A;N/A;N/A;N/A;N/A;N/A;N/A;N/A;N/A;N/A;N/A;N/A;N/A;N/A;"1805 mm";"4850 mm";N/A;N/A;N/A;N/A;5;"150 hp";Dx;N/A;4;"1630 mm";"7 km/l";N/A;N/A;N/A;N/A;N/A;N/A;N/A;N/A;N/A;N/A;N/A;N/A;N/A;N/A;N/A;N/A;N/A;4;"2.5 Td";Diésel;Manual;Pick-Up;"Autos y camionetas";N/A;N/A;N/A;N/A;N/A;N/A;UY;N/A;N/A;N/A;N/A;N/A;N/A;N/A;N/A;N/A;N/A;N/A;N/A;N/A;N/A;N/A;N/A;N/A;N/A;N/A;N/A;N/A;N/A;N/A;N/A;N/A;N/A;N/A;N/A;N/A;N/A;N/A;N/A;N/A;N/A;N/A;N/A;N/A;N/A;N/A;N/A;N/A;N/A;N/A;N/A;N/A;N/A;N/A;N/A;N/A;N/A;N/A;N/A;N/A;N/A;N/A;N/A;N/A;N/A;N/A;N/A;N/A;N/A;N/A;N/A;N/A;N/A;N/A;N/A;N/A;N/A;N/A;N/A;N/A;N/A;N/A;N/A;N/A;N/A;N/A;N/A;N/A;N/A;N/A;N/A;N/A;N/A;N/A;N/A;N/A;N/A;N/A;N/A;N/A;N/A;N/A;N/A;N/A;N/A;N/A;N/A;N/A;N/A;N/A;N/A;N/A;N/A;N/A;Sí;N/A;N/A;N/A;N/A;N/A;N/A;N/A
Toyota;Hilux;"2.7 vvti 4x2";2011;"210000 km";;"SEBASTIAN LAB.";15500;;;;;"Fray Bentos";https://auto.mercadolibre.com.uy/MLU-699472664-toyota-hilux-dc-nafta-_JM;N/A;;"Toyota Hilux Dc Nafta";USD;Sí;silver;false;N/A;N/A;http://perfil.mercadolibre.com.uy/SEBASTIAN+LAB.;active;N/A;N/A;Usado;Gris;N/A;N/A;N/A;N/A;N/A;N/A;N/A;N/A;N/A;N/A;N/A;N/A;N/A;N/A;N/A;N/A;N/A;N/A;N/A;N/A;N/A;N/A;N/A;N/A;N/A;N/A;N/A;N/A;N/A;N/A;N/A;N/A;N/A;N/A;N/A;N/A;N/A;N/A;N/A;N/A;N/A;N/A;N/A;N/A;N/A;N/A;N/A;N/A;N/A;N/A;N/A;N/A;N/A;N/A;N/A;N/A;N/A;N/A;N/A;N/A;N/A;N/A;N/A;N/A;N/A;N/A;N/A;N/A;N/A;N/A;N/A;N/A;N/A;N/A;N/A;N/A;N/A;N/A;N/A;N/A;N/A;N/A;N/A;N/A;N/A;N/A;N/A;N/A;N/A;N/A;N/A;N/A;N/A;N/A;N/A;N/A;N/A;N/A;N/A;N/A;N/A;N/A;N/A;N/A;N/A;N/A;N/A;4;N/A;Nafta;N/A;N/A;"Autos y camionetas";N/A;N/A;N/A;N/A;N/A;N/A;N/A;N/A;N/A;N/A;N/A;N/A;N/A;N/A;N/A;N/A;N/A;N/A;N/A;N/A;N/A;N/A;N/A;N/A;N/A;N/A;N/A;N/A;N/A;N/A;N/A;N/A;N/A;N/A;N/A;N/A;N/A;N/A;N/A;N/A;N/A;N/A;N/A;N/A;N/A;N/A;N/A;N/A;N/A;N/A;N/A;N/A;N/A;N/A;N/A;N/A;N/A;N/A;N/A;N/A;N/A;N/A;N/A;N/A;N/A;N/A;N/A;N/A;N/A;N/A;N/A;N/A;N/A;N/A;N/A;N/A;N/A;N/A;N/A;N/A;N/A;N/A;N/A;N/A;N/A;N/A;N/A;N/A;N/A;N/A;N/A;N/A;N/A;N/A;N/A;N/A;N/A;N/A;N/A;N/A;N/A;N/A;N/A;N/A;N/A;N/A;N/A;N/A;N/A;N/A;N/A;N/A;N/A;N/A;N/A;N/A;N/A;N/A;N/A;N/A;N/A;N/A
Toyota;RAV4;"2.5 4x4 6at";2014;"120000 km";;GAS_FER2010;26000;;;;;"Nueva Helvecia";https://auto.mercadolibre.com.uy/MLU-645893419-toyota-rav4-2014-25-4x4-6at-_JM;N/A;;"Toyota Rav4 2014 2.5 4x4 6at";usd;Sí;silver;false;N/A;N/A;http://perfil.mercadolibre.com.uy/GAS_FER2010;active;N/A;N/A;Usado;N/A;N/A;Asistida;4x4;Sí;N/A;Sí;N/A;N/A;N/A;N/A;N/A;N/A;N/A;N/A;N/A;N/A;N/A;N/A;N/A;N/A;N/A;N/A;N/A;N/A;N/A;N/A;N/A;N/A;"2660 mm";"2.5 L";"60 L";6;N/A;N/A;N/A;N/A;N/A;N/A;N/A;N/A;N/A;Sí;N/A;N/A;N/A;N/A;N/A;N/A;N/A;N/A;N/A;N/A;N/A;N/A;N/A;N/A;N/A;N/A;N/A;N/A;N/A;N/A;N/A;N/A;N/A;Sí;Sí;N/A;N/A;N/A;N/A;N/A;N/A;N/A;N/A;N/A;N/A;"1715 mm";"4570 mm";N/A;N/A;N/A;N/A;5;"180 hp";N/A;N/A;4;"1845 mm";N/A;N/A;N/A;N/A;Sí;N/A;N/A;N/A;N/A;N/A;N/A;"10.9 km/l";N/A;N/A;N/A;N/A;N/A;N/A;5;2.5;Nafta;Automática;SUV;"Autos y camionetas";N/A;N/A;N/A;N/A;N/A;N/A;UY;N/A;N/A;N/A;N/A;N/A;N/A;N/A;N/A;N/A;N/A;N/A;N/A;N/A;N/A;N/A;N/A;N/A;N/A;N/A;N/A;N/A;N/A;N/A;N/A;N/A;N/A;N/A;N/A;N/A;N/A;N/A;N/A;N/A;N/A;N/A;N/A;N/A;N/A;N/A;N/A;N/A;N/A;N/A;N/A;N/A;N/A;N/A;N/A;N/A;N/A;N/A;N/A;N/A;N/A;N/A;N/A;N/A;N/A;N/A;N/A;N/A;N/A;N/A;N/A;N/A;N/A;N/A;N/A;N/A;N/A;N/A;N/A;N/A;N/A;N/A;N/A;N/A;N/A;N/A;N/A;N/A;N/A;N/A;N/A;N/A;N/A;N/A;N/A;N/A;N/A;N/A;N/A;N/A;N/A;N/A;N/A;N/A;N/A;N/A;N/A;N/A;N/A;N/A;N/A;N/A;Sí;N/A;Sí;N/A;N/A;N/A;N/A;Sí;N/A;N/A
Toyota;Corolla;"1.8 Xei At 5 p";2007;"90000 km";;AVENIDAAUTOMOVILESRIVERA;11500;;;;;Rivera;https://auto.mercadolibre.com.uy/MLU-645624709-toyota-corolla-2007-18-xei-at-5-p-_JM;N/A;;"Toyota Corolla 2007 1.8 Xei At 5 P";usd;No;silver;false;N/A;N/A;http://perfil.mercadolibre.com.uy/AVENIDAAUTOMOVILESRIVERA;active;N/A;N/A;Usado;N/A;N/A;Hidráulica;Delantera;Sí;N/A;Sí;N/A;N/A;N/A;N/A;N/A;N/A;N/A;N/A;N/A;N/A;N/A;N/A;N/A;N/A;N/A;N/A;N/A;N/A;N/A;N/A;N/A;N/A;"2600 mm";"1.8 L";"55 L";4;N/A;N/A;N/A;N/A;N/A;N/A;N/A;N/A;N/A;N/A;N/A;N/A;N/A;N/A;N/A;N/A;N/A;N/A;N/A;N/A;N/A;N/A;N/A;N/A;N/A;N/A;N/A;N/A;N/A;N/A;N/A;N/A;N/A;N/A;N/A;N/A;N/A;N/A;N/A;N/A;N/A;N/A;N/A;N/A;N/A;"1530 mm";"4455 mm";N/A;N/A;N/A;N/A;5;"136 hp";Xei;N/A;4;"1705 mm";N/A;N/A;N/A;N/A;N/A;N/A;N/A;N/A;N/A;N/A;N/A;N/A;N/A;N/A;N/A;N/A;N/A;N/A;5;1.8;Nafta;Automática;Rural;"Autos y camionetas";N/A;N/A;N/A;N/A;N/A;N/A;UY;N/A;N/A;N/A;N/A;N/A;N/A;N/A;N/A;N/A;N/A;N/A;N/A;N/A;N/A;N/A;N/A;N/A;N/A;N/A;N/A;N/A;N/A;N/A;N/A;N/A;N/A;N/A;N/A;N/A;N/A;N/A;N/A;N/A;N/A;N/A;N/A;N/A;N/A;N/A;N/A;N/A;N/A;N/A;N/A;N/A;N/A;N/A;N/A;N/A;N/A;N/A;N/A;N/A;N/A;N/A;N/A;N/A;N/A;N/A;N/A;N/A;N/A;N/A;N/A;N/A;N/A;N/A;N/A;N/A;N/A;N/A;N/A;N/A;N/A;N/A;N/A;N/A;N/A;N/A;N/A;N/A;N/A;N/A;N/A;N/A;N/A;N/A;N/A;N/A;N/A;N/A;N/A;N/A;N/A;N/A;N/A;N/A;N/A;N/A;N/A;N/A;N/A;N/A;N/A;N/A;N/A;N/A;Sí;N/A;N/A;N/A;N/A;N/A;N/A;N/A
Toyota;"Yaris Hatch";"1.5 Xs Mt Hatch";2024;"0 km";;"VALLA HNOS";22990;;;;;Juanicó;https://auto.mercadolibre.com.uy/MLU-696822920-toyota-yaris-hb-xs-entrega-inmediata-us-22990-_JM;N/A;;"Toyota Yaris Hb Xs Entrega Inmediata U$s 22.990";usd;Sí;silver;false;N/A;N/A;http://perfil.mercadolibre.com.uy/VALLA+HNOS;active;N/A;N/A;Nuevo;Blanco;N/A;Hidráulica;Delantera;Sí;N/A;N/A;N/A;N/A;N/A;N/A;N/A;N/A;N/A;N/A;N/A;N/A;N/A;N/A;N/A;N/A;N/A;N/A;N/A;N/A;N/A;N/A;N/A;N/A;"2570 mm";"1.5 L";"44 L";6;N/A;N/A;N/A;N/A;N/A;N/A;N/A;N/A;N/A;N/A;N/A;N/A;N/A;N/A;N/A;N/A;N/A;N/A;N/A;N/A;N/A;N/A;N/A;N/A;N/A;N/A;N/A;N/A;N/A;N/A;N/A;N/A;N/A;Sí;Sí;N/A;N/A;N/A;N/A;N/A;N/A;N/A;N/A;N/A;N/A;"1485 mm";"4361 mm";N/A;N/A;N/A;N/A;5;"107 hp";Xs;N/A;4;"1695 mm";N/A;N/A;N/A;N/A;N/A;N/A;N/A;N/A;N/A;N/A;N/A;N/A;N/A;N/A;N/A;N/A;N/A;N/A;5;1.5;Nafta;Manual;Hatchback;"Autos y camionetas";N/A;N/A;N/A;N/A;N/A;N/A;UY;N/A;N/A;N/A;N/A;N/A;N/A;N/A;N/A;N/A;N/A;N/A;N/A;N/A;N/A;N/A;N/A;N/A;N/A;N/A;N/A;N/A;N/A;N/A;N/A;N/A;N/A;N/A;N/A;N/A;N/A;N/A;N/A;N/A;N/A;N/A;N/A;N/A;N/A;N/A;N/A;N/A;N/A;N/A;N/A;N/A;N/A;N/A;N/A;N/A;N/A;N/A;N/A;N/A;N/A;N/A;N/A;N/A;N/A;N/A;N/A;N/A;N/A;N/A;N/A;N/A;N/A;N/A;N/A;N/A;N/A;N/A;N/A;N/A;N/A;N/A;N/A;N/A;N/A;N/A;N/A;N/A;N/A;N/A;N/A;N/A;N/A;N/A;N/A;N/A;N/A;N/A;N/A;N/A;N/A;N/A;N/A;N/A;N/A;N/A;N/A;N/A;N/A;N/A;N/A;N/A;Sí;N/A;Sí;N/A;N/A;N/A;N/A;Sí;N/A;Sí
Toyota;Corolla;"GLI 1.6 full";1998;"250000 km";;"OSCARPISANO RENAULT-NISSAN";7900;;;;;Sayago;https://auto.mercadolibre.com.uy/MLU-696649534-toyota-corolla-gli-16-full-1998-impecable-_JM;N/A;;"Toyota Corolla Gli 1.6 Full 1998 Impecable!";usd;No;silver;false;N/A;N/A;http://perfil.mercadolibre.com.uy/OSCARPISANO+RENAULT-NISSAN;active;N/A;N/A;Usado;Blanco;N/A;Hidráulica;N/A;Sí;N/A;N/A;N/A;N/A;N/A;N/A;N/A;N/A;N/A;N/A;N/A;N/A;N/A;N/A;N/A;N/A;N/A;N/A;N/A;N/A;N/A;N/A;N/A;N/A;N/A;N/A;N/A;5;N/A;N/A;N/A;N/A;N/A;N/A;N/A;N/A;N/A;N/A;N/A;N/A;N/A;N/A;N/A;N/A;N/A;N/A;N/A;N/A;N/A;N/A;N/A;N/A;N/A;N/A;N/A;N/A;N/A;N/A;N/A;N/A;N/A;N/A;N/A;N/A;N/A;N/A;N/A;N/A;N/A;N/A;N/A;N/A;N/A;N/A;N/A;N/A;N/A;N/A;N/A;N/A;N/A;Gli;N/A;N/A;N/A;N/A;N/A;N/A;N/A;N/A;N/A;N/A;N/A;N/A;N/A;N/A;N/A;N/A;N/A;N/A;N/A;N/A;"Lun. a Vie. de 8:30 a 18:30 hs. Sáb. de 9 a 13 hs";4;N/A;Nafta;Manual;Sedán;"Autos y camionetas";No;N/A;N/A;N/A;No;N/A;UY;No;Sí;No;No;N/A;N/A;N/A;N/A;N/A;N/A;N/A;N/A;N/A;N/A;N/A;N/A;N/A;N/A;N/A;N/A;N/A;N/A;N/A;N/A;N/A;N/A;N/A;N/A;N/A;N/A;N/A;N/A;N/A;N/A;N/A;N/A;N/A;N/A;N/A;N/A;N/A;N/A;N/A;N/A;N/A;N/A;N/A;N/A;N/A;N/A;N/A;N/A;N/A;N/A;N/A;No;N/A;N/A;N/A;N/A;N/A;N/A;N/A;N/A;N/A;N/A;N/A;N/A;N/A;N/A;N/A;N/A;N/A;N/A;N/A;N/A;N/A;N/A;N/A;N/A;N/A;N/A;N/A;N/A;N/A;N/A;N/A;N/A;N/A;N/A;N/A;N/A;N/A;Sí;N/A;N/A;N/A;N/A;Sí;N/A;N/A;N/A;N/A;N/A;N/A;N/A;N/A;N/A;N/A;N/A;N/A;N/A;N/A;N/A;N/A
Toyota;Hilux;4x4;2017;"350074 km";;SEREYCIA.;22500;;;;;Durazno;https://auto.mercadolibre.com.uy/MLU-645205813-toyota-hilux-4x4-2017-impecable-_JM;N/A;;"Toyota Hilux 4x4 2017 Impecable!";USD;Sí;silver;false;N/A;N/A;http://perfil.mercadolibre.com.uy/SEREYCIA.;active;N/A;N/A;Usado;"Gris oscuro";N/A;Hidráulica;N/A;N/A;N/A;N/A;N/A;N/A;N/A;N/A;N/A;N/A;N/A;N/A;N/A;N/A;N/A;N/A;N/A;N/A;N/A;N/A;N/A;N/A;N/A;N/A;N/A;N/A;N/A;N/A;N/A;5;N/A;N/A;N/A;N/A;N/A;N/A;N/A;N/A;N/A;N/A;N/A;N/A;N/A;N/A;N/A;N/A;N/A;N/A;N/A;N/A;N/A;N/A;N/A;N/A;N/A;N/A;N/A;N/A;N/A;N/A;N/A;N/A;N/A;N/A;N/A;N/A;N/A;N/A;N/A;N/A;N/A;N/A;N/A;N/A;N/A;N/A;N/A;N/A;N/A;N/A;N/A;N/A;N/A;N/A;N/A;N/A;N/A;N/A;N/A;N/A;N/A;N/A;N/A;N/A;N/A;N/A;N/A;N/A;N/A;N/A;N/A;N/A;N/A;N/A;"Lun. a Vie. 8:30 a 12 y 14 a 19 hs. Sáb. 8:30 a 12 hs.";4;N/A;Nafta;Manual;Pick-Up;"Autos y camionetas";No;N/A;N/A;N/A;No;N/A;N/A;No;Sí;No;No;N/A;N/A;N/A;N/A;N/A;N/A;N/A;N/A;N/A;N/A;N/A;N/A;N/A;N/A;N/A;N/A;N/A;N/A;N/A;N/A;N/A;N/A;N/A;N/A;N/A;N/A;N/A;N/A;N/A;N/A;N/A;N/A;N/A;N/A;N/A;N/A;N/A;N/A;N/A;N/A;N/A;N/A;N/A;N/A;N/A;N/A;N/A;N/A;N/A;N/A;N/A;No;N/A;N/A;N/A;N/A;N/A;N/A;N/A;N/A;N/A;N/A;N/A;N/A;N/A;N/A;N/A;N/A;N/A;N/A;N/A;N/A;N/A;N/A;N/A;N/A;N/A;N/A;N/A;N/A;N/A;N/A;N/A;N/A;N/A;N/A;N/A;N/A;N/A;N/A;N/A;N/A;N/A;N/A;N/A;N/A;N/A;N/A;N/A;N/A;N/A;N/A;N/A;N/A;N/A;N/A;N/A;N/A;N/A;N/A;N/A
Toyota;Hilux;-;2011;"294153 km";;SEREYCIA.;18500;;;;;Durazno;https://auto.mercadolibre.com.uy/MLU-644892805-toyota-hilux-2011-impecable-_JM;N/A;;"Toyota Hilux 2011 Impecable!";USD;Sí;silver;false;N/A;N/A;http://perfil.mercadolibre.com.uy/SEREYCIA.;active;N/A;N/A;Usado;Azul;N/A;Hidráulica;N/A;N/A;N/A;N/A;N/A;N/A;N/A;N/A;N/A;N/A;N/A;N/A;N/A;N/A;N/A;N/A;N/A;N/A;N/A;N/A;N/A;N/A;N/A;N/A;N/A;N/A;N/A;N/A;N/A;5;N/A;N/A;N/A;N/A;N/A;N/A;N/A;N/A;N/A;N/A;N/A;N/A;N/A;N/A;N/A;N/A;N/A;N/A;N/A;N/A;N/A;N/A;N/A;N/A;N/A;N/A;N/A;N/A;N/A;N/A;N/A;N/A;N/A;N/A;N/A;N/A;N/A;N/A;N/A;N/A;N/A;N/A;N/A;N/A;N/A;N/A;N/A;N/A;N/A;N/A;N/A;N/A;N/A;N/A;N/A;N/A;N/A;N/A;N/A;N/A;N/A;N/A;N/A;N/A;N/A;N/A;N/A;N/A;N/A;N/A;N/A;N/A;N/A;N/A;"Lun. a Vie. 8:30 a 12 y 14 a 19 hs. Sáb. 8:30 a 12 hs.";4;N/A;Nafta;Manual;Pick-Up;"Autos y camionetas";No;N/A;N/A;N/A;No;N/A;N/A;No;Sí;No;No;N/A;N/A;N/A;N/A;N/A;N/A;N/A;N/A;N/A;N/A;N/A;N/A;N/A;N/A;N/A;N/A;N/A;N/A;N/A;N/A;N/A;N/A;N/A;N/A;N/A;N/A;N/A;N/A;N/A;N/A;N/A;N/A;N/A;N/A;N/A;N/A;N/A;N/A;N/A;N/A;N/A;N/A;N/A;N/A;N/A;N/A;N/A;N/A;N/A;N/A;N/A;No;N/A;N/A;N/A;N/A;N/A;N/A;N/A;N/A;N/A;N/A;N/A;N/A;N/A;N/A;N/A;N/A;N/A;N/A;N/A;N/A;N/A;N/A;N/A;N/A;N/A;N/A;N/A;N/A;N/A;N/A;N/A;N/A;N/A;N/A;N/A;N/A;N/A;N/A;N/A;N/A;N/A;N/A;N/A;N/A;N/A;N/A;N/A;N/A;N/A;N/A;N/A;N/A;N/A;N/A;N/A;N/A;N/A;N/A;N/A
Toyota;Hilux;"DX FULL";2016;"267500 km";;"OLIVERA AUTOMOTORES";28500;;;;;Salto;https://auto.mercadolibre.com.uy/MLU-692905718-toyota-hilux-dx-full-4x2-_JM;N/A;;"Toyota Hilux Dx Full 4x2 ";USD;Sí;silver;false;N/A;N/A;http://perfil.mercadolibre.com.uy/OLIVERA+AUTOMOTORES;active;N/A;N/A;Usado;Gris;N/A;N/A;4x2;N/A;N/A;N/A;N/A;N/A;N/A;N/A;N/A;N/A;N/A;N/A;N/A;N/A;N/A;N/A;N/A;N/A;N/A;N/A;N/A;N/A;N/A;N/A;N/A;N/A;N/A;N/A;N/A;N/A;N/A;N/A;N/A;N/A;N/A;N/A;N/A;N/A;N/A;N/A;N/A;N/A;N/A;N/A;N/A;N/A;N/A;N/A;N/A;N/A;N/A;N/A;N/A;N/A;N/A;N/A;N/A;N/A;N/A;N/A;N/A;N/A;N/A;N/A;N/A;N/A;N/A;N/A;N/A;N/A;N/A;N/A;N/A;N/A;N/A;N/A;N/A;N/A;N/A;N/A;N/A;N/A;N/A;N/A;N/A;N/A;N/A;N/A;N/A;N/A;N/A;N/A;N/A;N/A;N/A;N/A;N/A;N/A;N/A;N/A;N/A;N/A;N/A;N/A;N/A;4;N/A;Diésel;Manual;N/A;"Autos y camionetas";N/A;N/A;N/A;N/A;N/A;N/A;N/A;N/A;Sí;N/A;N/A;N/A;N/A;N/A;N/A;N/A;N/A;N/A;N/A;N/A;N/A;N/A;N/A;N/A;N/A;N/A;N/A;N/A;N/A;N/A;N/A;N/A;N/A;N/A;N/A;N/A;N/A;N/A;N/A;N/A;N/A;N/A;N/A;N/A;N/A;N/A;N/A;N/A;N/A;N/A;N/A;N/A;N/A;N/A;N/A;N/A;N/A;N/A;N/A;N/A;N/A;N/A;N/A;N/A;N/A;N/A;N/A;N/A;N/A;N/A;N/A;N/A;N/A;N/A;N/A;N/A;N/A;N/A;N/A;N/A;N/A;N/A;N/A;N/A;N/A;N/A;N/A;N/A;N/A;N/A;N/A;N/A;N/A;N/A;N/A;N/A;N/A;N/A;N/A;N/A;N/A;N/A;N/A;N/A;N/A;N/A;N/A;N/A;N/A;N/A;N/A;N/A;N/A;N/A;N/A;N/A;N/A;N/A;N/A;N/A;N/A;N/A
Toyota;Hilux;"Dx 4X4";2020;"200000 km";;"CHEVROLET FLORIDA";38000;;;;;Florida;https://auto.mercadolibre.com.uy/MLU-691312846-toyota-hilux-dx-4x4-24-2020-impecable-_JM;N/A;;"Toyota Hilux Dx 4x4 2.4 2020 Impecable!";usd;Sí;silver;false;N/A;N/A;http://perfil.mercadolibre.com.uy/CHEVROLET+FLORIDA;active;N/A;N/A;Usado;Blanco;Sí;Eléctrica;N/A;Sí;Sí;N/A;N/A;N/A;N/A;N/A;N/A;N/A;N/A;Sí;N/A;Sí;N/A;N/A;N/A;N/A;N/A;N/A;N/A;N/A;N/A;N/A;N/A;N/A;N/A;"2400 cc";N/A;6;N/A;N/A;N/A;N/A;N/A;N/A;N/A;N/A;N/A;N/A;N/A;N/A;N/A;N/A;N/A;N/A;N/A;N/A;N/A;N/A;N/A;N/A;N/A;N/A;N/A;N/A;N/A;N/A;N/A;N/A;N/A;N/A;N/A;N/A;N/A;N/A;N/A;N/A;N/A;N/A;N/A;N/A;N/A;N/A;N/A;N/A;N/A;N/A;N/A;N/A;N/A;N/A;"150 hp";Dx;N/A;N/A;N/A;N/A;N/A;N/A;N/A;N/A;N/A;N/A;N/A;N/A;N/A;N/A;N/A;N/A;Sí;N/A;Sí;N/A;"Lunes a Viernes de 8:30 a 19 hs";4;2.4;Diésel;Manual;Pick-Up;"Autos y camionetas";No;N/A;N/A;N/A;No;N/A;UY;No;Sí;No;No;N/A;N/A;N/A;N/A;N/A;N/A;N/A;N/A;N/A;N/A;N/A;N/A;N/A;N/A;N/A;N/A;N/A;N/A;N/A;N/A;N/A;N/A;N/A;N/A;N/A;N/A;N/A;N/A;N/A;N/A;N/A;N/A;N/A;N/A;N/A;N/A;N/A;N/A;N/A;N/A;N/A;N/A;N/A;N/A;N/A;N/A;N/A;N/A;N/A;N/A;N/A;No;N/A;N/A;N/A;N/A;N/A;N/A;N/A;N/A;N/A;N/A;N/A;N/A;N/A;N/A;N/A;N/A;N/A;N/A;N/A;N/A;N/A;N/A;N/A;N/A;N/A;N/A;N/A;N/A;N/A;N/A;N/A;N/A;N/A;Sí;Sí;N/A;N/A;Sí;N/A;N/A;N/A;N/A;Sí;N/A;N/A;N/A;N/A;N/A;N/A;N/A;N/A;Sí;N/A;Sí;N/A;N/A;N/A;N/A;Sí
Toyota;Hilux;"3.0 Cd Srv Limited Tdi 171cv 4x4 5at";2016;"287000 km";;PERDOMO1701;43500;;;;;Cardona;https://auto.mercadolibre.com.uy/MLU-643164079-toyota-hilux-30-cd-srv-limited-tdi-171cv-4x4-5at-_JM;N/A;;"Toyota Hilux 3.0 Cd Srv Limited Tdi 171cv 4x4 5at";usd;Sí;silver;false;N/A;N/A;http://perfil.mercadolibre.com.uy/PERDOMO1701;active;N/A;N/A;Usado;Gris;No;Hidráulica;4x4;Sí;Sí;Sí;N/A;N/A;No;N/A;N/A;N/A;N/A;N/A;Sí;N/A;N/A;N/A;N/A;N/A;N/A;N/A;N/A;N/A;N/A;N/A;N/A;N/A;"2860 mm";"3 L";"80 L";5;N/A;N/A;N/A;N/A;N/A;N/A;N/A;N/A;N/A;N/A;N/A;N/A;N/A;N/A;N/A;N/A;N/A;N/A;N/A;N/A;N/A;N/A;N/A;N/A;N/A;N/A;N/A;N/A;N/A;N/A;N/A;N/A;N/A;N/A;N/A;N/A;N/A;N/A;N/A;N/A;N/A;N/A;N/A;N/A;N/A;"1860 mm";"5260 mm";N/A;N/A;N/A;N/A;5;"171 hp";"Srv Limited";N/A;4;"1855 mm";N/A;Sí;N/A;N/A;N/A;N/A;Sí;Sí;N/A;N/A;N/A;N/A;No;N/A;N/A;N/A;N/A;24hrs;4;3.0;Diésel;Automática;Pick-Up;"Autos y camionetas";N/A;N/A;N/A;N/A;N/A;N/A;UY;N/A;N/A;N/A;N/A;N/A;N/A;N/A;N/A;N/A;N/A;N/A;N/A;N/A;N/A;N/A;N/A;N/A;Sí;N/A;N/A;N/A;N/A;N/A;N/A;N/A;N/A;N/A;N/A;N/A;N/A;N/A;N/A;N/A;N/A;N/A;N/A;N/A;N/A;N/A;N/A;N/A;N/A;N/A;N/A;N/A;N/A;N/A;N/A;N/A;N/A;N/A;N/A;N/A;N/A;N/A;N/A;N/A;N/A;N/A;N/A;N/A;N/A;N/A;N/A;N/A;N/A;N/A;N/A;N/A;N/A;N/A;N/A;N/A;N/A;N/A;N/A;N/A;N/A;N/A;N/A;N/A;N/A;N/A;N/A;N/A;N/A;N/A;N/A;No;Sí;Sí;N/A;N/A;Sí;N/A;N/A;N/A;N/A;Sí;Sí;Sí;Sí;N/A;N/A;Sí;Sí;Sí;Sí;N/A;N/A;N/A;Sí;Sí;N/A;N/A
Toyota;Hilux;"2.8 Tdi Cd Srv 4X4 At";2021;"208000 km";;GAGGEROMOTORS;52900;;;;;Shangrilá;https://auto.mercadolibre.com.uy/MLU-701724776-toyota-hilux-28-tdi-cd-srv-4x4-at-_JM;N/A;;"Toyota Hilux 2.8 Tdi Cd Srv 4x4 At";usd;Sí;silver;false;N/A;N/A;http://perfil.mercadolibre.com.uy/GAGGEROMOTORS;active;N/A;N/A;Usado;Gris;Sí;Hidráulica;4x4;Sí;N/A;Sí;N/A;N/A;N/A;N/A;N/A;N/A;N/A;N/A;N/A;N/A;N/A;N/A;N/A;N/A;N/A;N/A;N/A;N/A;N/A;N/A;N/A;N/A;"3085 mm";"2.8 L";"80 L";6;N/A;N/A;N/A;N/A;N/A;N/A;N/A;N/A;N/A;N/A;N/A;N/A;N/A;N/A;N/A;N/A;N/A;N/A;N/A;N/A;N/A;N/A;N/A;N/A;N/A;N/A;N/A;N/A;N/A;N/A;N/A;N/A;N/A;N/A;N/A;N/A;N/A;N/A;N/A;N/A;N/A;N/A;N/A;N/A;N/A;"1815 mm";"5325 mm";N/A;N/A;N/A;N/A;5;"204 hp";Srv;N/A;4;"1855 mm";N/A;N/A;N/A;N/A;N/A;N/A;N/A;Sí;N/A;N/A;N/A;N/A;N/A;N/A;N/A;N/A;N/A;N/A;4;2.8;Diésel;Automática;Pick-Up;"Autos y camionetas";N/A;N/A;N/A;N/A;N/A;N/A;UY;N/A;N/A;N/A;N/A;N/A;N/A;N/A;N/A;N/A;N/A;N/A;N/A;N/A;N/A;N/A;N/A;N/A;N/A;N/A;N/A;N/A;N/A;N/A;N/A;N/A;N/A;N/A;N/A;N/A;N/A;N/A;N/A;N/A;N/A;N/A;N/A;N/A;N/A;N/A;N/A;N/A;N/A;N/A;N/A;N/A;N/A;N/A;N/A;N/A;N/A;N/A;N/A;N/A;N/A;N/A;N/A;N/A;N/A;N/A;N/A;N/A;N/A;N/A;N/A;N/A;N/A;N/A;N/A;N/A;N/A;N/A;N/A;N/A;N/A;N/A;N/A;N/A;N/A;N/A;N/A;N/A;N/A;N/A;N/A;N/A;N/A;N/A;N/A;N/A;N/A;N/A;N/A;N/A;N/A;N/A;N/A;N/A;N/A;N/A;N/A;N/A;N/A;N/A;N/A;N/A;Sí;N/A;Sí;N/A;N/A;N/A;N/A;Sí;N/A;N/A
Toyota;Hilux;"3.0 D/cab 4x2 D Dx";2002;"564800 km";;GHMAUTOMOVILES;19500;;;;;Florida;https://auto.mercadolibre.com.uy/MLU-646542493-toyota-hilux-dx-30-4x2-_JM;N/A;;"Toyota Hilux Dx 3.0 4x2";usd;No;silver;false;N/A;N/A;http://perfil.mercadolibre.com.uy/GHMAUTOMOVILES;active;N/A;N/A;Usado;Verde;N/A;N/A;4x2;Sí;N/A;N/A;N/A;N/A;N/A;N/A;N/A;N/A;N/A;N/A;N/A;N/A;N/A;N/A;N/A;N/A;N/A;N/A;N/A;N/A;N/A;N/A;N/A;N/A;"2860 mm";"3 L";"65 L";5;N/A;N/A;N/A;N/A;N/A;N/A;N/A;N/A;N/A;N/A;N/A;N/A;N/A;N/A;N/A;N/A;N/A;N/A;N/A;N/A;N/A;N/A;N/A;N/A;N/A;N/A;N/A;N/A;N/A;N/A;N/A;N/A;N/A;N/A;N/A;N/A;N/A;N/A;N/A;N/A;N/A;N/A;N/A;N/A;N/A;"1730 mm";"4895 mm";N/A;N/A;N/A;N/A;3;"125 hp";Dx;N/A;2;"1690 mm";N/A;N/A;N/A;N/A;N/A;N/A;N/A;N/A;N/A;N/A;N/A;N/A;N/A;N/A;N/A;N/A;N/A;N/A;4;3.0;Diésel;Manual;Pick-Up;"Autos y camionetas";N/A;N/A;N/A;N/A;N/A;N/A;UY;N/A;N/A;N/A;N/A;N/A;N/A;N/A;N/A;N/A;N/A;N/A;N/A;N/A;N/A;N/A;N/A;N/A;N/A;N/A;N/A;N/A;N/A;N/A;N/A;N/A;N/A;N/A;N/A;N/A;N/A;N/A;N/A;N/A;N/A;N/A;N/A;N/A;N/A;N/A;N/A;N/A;N/A;N/A;N/A;N/A;N/A;N/A;N/A;N/A;N/A;N/A;N/A;N/A;N/A;N/A;N/A;N/A;N/A;N/A;N/A;N/A;N/A;N/A;N/A;N/A;N/A;N/A;N/A;N/A;N/A;N/A;N/A;N/A;N/A;N/A;N/A;N/A;N/A;N/A;N/A;N/A;N/A;N/A;N/A;N/A;N/A;N/A;N/A;N/A;N/A;N/A;N/A;N/A;N/A;N/A;N/A;N/A;N/A;N/A;N/A;N/A;N/A;N/A;N/A;N/A;N/A;N/A;Sí;N/A;N/A;N/A;N/A;N/A;N/A;N/A
Toyota;Corolla;"1.8 Xei At";2011;"2700 km";;CARRATTOAUTOMOVILES17;34900;;;;;Trinidad;https://auto.mercadolibre.com.uy/MLU-697699566-toyota-corolla-18-xei-at-_JM;N/A;;"Toyota Corolla 1.8 Xei At";usd;Sí;silver;false;N/A;N/A;http://perfil.mercadolibre.com.uy/CARRATTOAUTOMOVILES17;active;N/A;N/A;Usado;Plateado;N/A;Eléctrica;Delantera;Sí;N/A;Sí;N/A;N/A;N/A;N/A;N/A;N/A;N/A;N/A;N/A;N/A;N/A;N/A;N/A;N/A;N/A;N/A;N/A;N/A;N/A;N/A;N/A;N/A;"2600 mm";"1.8 L";"55 L";4;N/A;N/A;N/A;N/A;N/A;N/A;N/A;N/A;N/A;N/A;N/A;N/A;N/A;N/A;N/A;N/A;N/A;N/A;N/A;N/A;N/A;N/A;N/A;N/A;N/A;N/A;N/A;N/A;N/A;N/A;N/A;N/A;N/A;N/A;N/A;N/A;N/A;N/A;N/A;N/A;N/A;N/A;N/A;N/A;N/A;"1485 mm";"4530 mm";N/A;N/A;N/A;N/A;5;"136 hp";Xei;N/A;4;"1760 mm";"13.5 km/l";N/A;N/A;N/A;N/A;N/A;N/A;Sí;N/A;N/A;N/A;N/A;N/A;N/A;N/A;N/A;N/A;N/A;4;1.8;Nafta;Automática;Sedán;"Autos y camionetas";N/A;N/A;N/A;N/A;N/A;N/A;UY;N/A;N/A;N/A;N/A;N/A;N/A;N/A;N/A;N/A;N/A;N/A;N/A;N/A;N/A;N/A;N/A;N/A;N/A;N/A;N/A;N/A;N/A;N/A;N/A;N/A;N/A;N/A;N/A;N/A;N/A;N/A;N/A;N/A;N/A;N/A;N/A;N/A;N/A;N/A;N/A;N/A;N/A;N/A;N/A;N/A;N/A;N/A;N/A;N/A;N/A;N/A;N/A;N/A;N/A;N/A;N/A;N/A;N/A;N/A;N/A;N/A;N/A;N/A;N/A;N/A;N/A;N/A;N/A;N/A;N/A;N/A;N/A;N/A;N/A;N/A;N/A;N/A;N/A;N/A;N/A;N/A;N/A;N/A;N/A;N/A;N/A;N/A;N/A;N/A;N/A;N/A;N/A;N/A;N/A;N/A;N/A;N/A;N/A;N/A;N/A;N/A;N/A;N/A;N/A;N/A;Sí;N/A;Sí;N/A;N/A;N/A;N/A;N/A;N/A;N/A
Toyota;Tundra;"5.7 Sr5 V8 Doble Cab 4x2 At";2010;"98000 km";;CARRATTOAUTOMOVILES17;38800;;;;;Trinidad;https://auto.mercadolibre.com.uy/MLU-697673424-toyota-tundra-57-sr5-v8-doble-cab-4x2-at-_JM;N/A;;"Toyota Tundra 5.7 Sr5 V8 Doble Cab 4x2 At";usd;Sí;silver;false;N/A;N/A;http://perfil.mercadolibre.com.uy/CARRATTOAUTOMOVILES17;active;N/A;N/A;Usado;Blanco;N/A;Hidráulica;4x2;Sí;N/A;N/A;N/A;N/A;N/A;N/A;N/A;N/A;N/A;N/A;N/A;N/A;N/A;N/A;N/A;N/A;N/A;N/A;N/A;N/A;N/A;N/A;N/A;N/A;N/A;"5.7 L";N/A;N/A;N/A;N/A;N/A;N/A;N/A;N/A;N/A;N/A;N/A;N/A;N/A;N/A;N/A;N/A;N/A;N/A;N/A;N/A;N/A;N/A;N/A;N/A;N/A;N/A;N/A;N/A;N/A;N/A;N/A;N/A;N/A;N/A;N/A;N/A;N/A;N/A;N/A;N/A;N/A;N/A;N/A;N/A;N/A;N/A;N/A;N/A;N/A;N/A;N/A;N/A;N/A;N/A;N/A;Sr5;N/A;N/A;N/A;N/A;N/A;N/A;N/A;N/A;N/A;N/A;N/A;N/A;N/A;N/A;N/A;N/A;N/A;N/A;N/A;N/A;N/A;4;5.7;Nafta;Automática;Pick-Up;"Autos y camionetas";N/A;N/A;N/A;N/A;N/A;N/A;UY;N/A;N/A;N/A;N/A;N/A;N/A;N/A;N/A;N/A;N/A;N/A;N/A;N/A;N/A;N/A;N/A;N/A;N/A;N/A;N/A;N/A;N/A;N/A;N/A;N/A;N/A;N/A;N/A;N/A;N/A;N/A;N/A;N/A;N/A;N/A;N/A;N/A;N/A;N/A;N/A;N/A;N/A;N/A;N/A;N/A;N/A;N/A;N/A;N/A;N/A;N/A;N/A;N/A;N/A;N/A;N/A;N/A;N/A;N/A;N/A;N/A;N/A;N/A;N/A;N/A;N/A;N/A;N/A;N/A;N/A;N/A;N/A;N/A;N/A;N/A;N/A;N/A;N/A;N/A;N/A;N/A;N/A;N/A;N/A;N/A;N/A;N/A;N/A;N/A;N/A;N/A;N/A;N/A;N/A;N/A;N/A;N/A;N/A;N/A;N/A;N/A;N/A;N/A;N/A;N/A;N/A;N/A;Sí;N/A;N/A;N/A;N/A;N/A;N/A;N/A
Toyota;Prius;"1.5 C Hibrido At";2018;"60000 km";;"BRAVO AUTOMOVILES";19500;;;;;Trinidad;https://auto.mercadolibre.com.uy/MLU-694272306-toyota-prius-2018-15-c-hibrido-at-_JM;N/A;;"Toyota Prius 2018 1.5 C Hibrido At";usd;Sí;silver;false;N/A;N/A;http://perfil.mercadolibre.com.uy/BRAVO+AUTOMOVILES;active;N/A;N/A;Usado;N/A;N/A;Hidráulica;Delantera;Sí;N/A;N/A;N/A;N/A;N/A;N/A;N/A;N/A;N/A;N/A;N/A;N/A;N/A;N/A;N/A;N/A;N/A;N/A;N/A;N/A;N/A;N/A;N/A;N/A;"2700 mm";"1.5 L";"43 L";N/A;N/A;N/A;N/A;N/A;N/A;N/A;N/A;N/A;N/A;N/A;N/A;N/A;N/A;N/A;N/A;N/A;N/A;N/A;N/A;N/A;N/A;N/A;N/A;N/A;N/A;N/A;N/A;N/A;N/A;N/A;N/A;N/A;N/A;Sí;Sí;N/A;N/A;N/A;N/A;N/A;N/A;N/A;N/A;N/A;N/A;"1490 mm";"4540 mm";N/A;N/A;N/A;N/A;5;"36 hp";N/A;N/A;4;"1760 mm";N/A;N/A;N/A;N/A;N/A;N/A;N/A;Sí;N/A;N/A;N/A;N/A;N/A;N/A;N/A;N/A;N/A;N/A;5;1.5;Híbrido;Automática;Hatchback;"Autos y camionetas";N/A;N/A;N/A;N/A;N/A;N/A;UY;N/A;N/A;N/A;N/A;N/A;N/A;N/A;N/A;N/A;N/A;N/A;N/A;N/A;N/A;N/A;N/A;N/A;N/A;N/A;N/A;N/A;N/A;N/A;N/A;N/A;N/A;N/A;N/A;N/A;N/A;N/A;N/A;N/A;N/A;N/A;N/A;N/A;N/A;N/A;N/A;N/A;N/A;N/A;N/A;N/A;N/A;N/A;N/A;N/A;N/A;N/A;N/A;N/A;N/A;N/A;N/A;N/A;N/A;N/A;N/A;N/A;N/A;N/A;N/A;N/A;N/A;N/A;N/A;N/A;N/A;N/A;N/A;N/A;N/A;N/A;N/A;N/A;N/A;N/A;N/A;N/A;N/A;N/A;N/A;N/A;N/A;N/A;N/A;N/A;N/A;N/A;N/A;N/A;N/A;N/A;N/A;N/A;N/A;N/A;N/A;N/A;N/A;N/A;N/A;N/A;Sí;N/A;Sí;N/A;N/A;N/A;N/A;Sí;N/A;Sí
Toyota;Hilux;"srv 4x4 plus automatica 2.8 diesel";2018;"241764 km";;"FRANCISCO AUTOMOTORES";51900;;;;;Paysandú;https://auto.mercadolibre.com.uy/MLU-646689687-toyota-hilux-doble-cabina-srv-4x4-_JM;N/A;;"Toyota Hilux Doble Cabina Srv 4x4";USD;Sí;silver;false;N/A;N/A;http://perfil.mercadolibre.com.uy/FRANCISCO+AUTOMOTORES;active;N/A;N/A;Usado;Blanco;N/A;N/A;N/A;N/A;N/A;N/A;N/A;N/A;N/A;N/A;N/A;N/A;N/A;N/A;N/A;N/A;N/A;N/A;N/A;N/A;N/A;N/A;N/A;N/A;N/A;N/A;N/A;N/A;N/A;N/A;N/A;N/A;N/A;N/A;N/A;N/A;N/A;N/A;N/A;N/A;N/A;N/A;N/A;N/A;N/A;N/A;N/A;N/A;N/A;N/A;N/A;N/A;N/A;N/A;N/A;N/A;N/A;N/A;N/A;N/A;N/A;N/A;N/A;N/A;N/A;N/A;N/A;N/A;N/A;N/A;N/A;N/A;N/A;N/A;N/A;N/A;N/A;N/A;N/A;N/A;N/A;N/A;N/A;N/A;N/A;N/A;N/A;N/A;N/A;N/A;N/A;N/A;N/A;N/A;N/A;N/A;N/A;N/A;N/A;N/A;N/A;N/A;N/A;N/A;N/A;N/A;N/A;4;2.8;Diésel;Automática;N/A;"Autos y camionetas";N/A;N/A;N/A;N/A;N/A;N/A;N/A;N/A;N/A;N/A;N/A;N/A;N/A;N/A;N/A;N/A;N/A;N/A;N/A;N/A;N/A;N/A;N/A;N/A;N/A;N/A;N/A;N/A;N/A;N/A;N/A;N/A;N/A;N/A;N/A;N/A;N/A;N/A;N/A;N/A;N/A;N/A;N/A;N/A;N/A;N/A;N/A;N/A;N/A;N/A;N/A;N/A;N/A;N/A;N/A;N/A;N/A;N/A;N/A;N/A;N/A;N/A;N/A;N/A;N/A;N/A;N/A;N/A;N/A;N/A;N/A;N/A;N/A;N/A;N/A;N/A;N/A;N/A;N/A;N/A;N/A;N/A;N/A;N/A;N/A;N/A;N/A;N/A;N/A;N/A;N/A;N/A;N/A;N/A;N/A;N/A;N/A;N/A;N/A;N/A;N/A;N/A;N/A;N/A;N/A;N/A;N/A;N/A;N/A;N/A;N/A;N/A;N/A;N/A;N/A;N/A;N/A;N/A;N/A;N/A;N/A;N/A
Toyota;Hilux;"2.7 D.cab. Srv";2024;"0 km";;"AUTOMOTORA ELGAUCHO";41990;;;;;Rivera;https://auto.mercadolibre.com.uy/MLU-692387062-toyota-hilux-dc-srv-4x2-27-_JM;N/A;;"Toyota Hilux D/c Srv 4x2  2.7";usd;Sí;silver;false;N/A;N/A;http://perfil.mercadolibre.com.uy/AUTOMOTORA+ELGAUCHO;active;N/A;N/A;Nuevo;Blanco;N/A;Hidráulica;4x2;Sí;N/A;Sí;N/A;N/A;N/A;N/A;N/A;N/A;N/A;N/A;N/A;N/A;N/A;N/A;N/A;N/A;N/A;N/A;N/A;N/A;N/A;N/A;N/A;N/A;"2860 mm";"2.7 L";"80 L";5;N/A;N/A;N/A;N/A;N/A;N/A;N/A;N/A;N/A;Sí;N/A;N/A;N/A;N/A;N/A;N/A;N/A;N/A;N/A;N/A;N/A;N/A;N/A;N/A;N/A;N/A;N/A;N/A;N/A;N/A;N/A;N/A;N/A;Sí;N/A;N/A;N/A;N/A;N/A;N/A;N/A;N/A;N/A;N/A;N/A;"1850 mm";"5260 mm";N/A;N/A;N/A;N/A;5;"177 hp";Srv;N/A;2;"1855 mm";N/A;Sí;N/A;N/A;N/A;N/A;N/A;N/A;N/A;N/A;N/A;N/A;N/A;N/A;N/A;N/A;N/A;N/A;4;2.7;Nafta;Manual;Pick-Up;"Autos y camionetas";N/A;N/A;N/A;N/A;N/A;N/A;UY;N/A;N/A;N/A;N/A;N/A;N/A;N/A;N/A;N/A;N/A;N/A;N/A;N/A;N/A;N/A;N/A;N/A;N/A;N/A;N/A;N/A;N/A;N/A;N/A;N/A;N/A;N/A;N/A;N/A;N/A;N/A;N/A;N/A;N/A;N/A;N/A;N/A;N/A;N/A;N/A;N/A;N/A;N/A;N/A;N/A;N/A;N/A;N/A;N/A;N/A;N/A;N/A;N/A;N/A;N/A;N/A;N/A;N/A;N/A;N/A;N/A;N/A;N/A;N/A;N/A;N/A;N/A;N/A;N/A;N/A;N/A;N/A;N/A;N/A;N/A;N/A;N/A;N/A;N/A;N/A;N/A;N/A;N/A;N/A;N/A;N/A;N/A;N/A;N/A;N/A;N/A;N/A;N/A;N/A;N/A;N/A;N/A;N/A;N/A;N/A;N/A;N/A;N/A;N/A;N/A;Sí;N/A;Sí;N/A;N/A;N/A;Sí;Sí;N/A;N/A
Toyota;Prius;C;2019;"89000 km";;MONTOSSIAUTOMVILES;19900;;;;;Maldonado;https://auto.mercadolibre.com.uy/MLU-644802407-toyota-prius-c-2019-impecable-_JM;N/A;;"Toyota Prius C 2019 Impecable!";usd;Sí;silver;false;N/A;N/A;http://perfil.mercadolibre.com.uy/MONTOSSIAUTOMVILES;active;N/A;N/A;Usado;"Gris oscuro";N/A;Asistida;N/A;Sí;Sí;Sí;N/A;Sí;N/A;Sí;Sí;N/A;N/A;Sí;N/A;Sí;N/A;N/A;N/A;N/A;N/A;N/A;N/A;N/A;N/A;N/A;N/A;N/A;N/A;"1500 cc";N/A;N/A;N/A;N/A;Sí;Sí;Sí;N/A;N/A;N/A;N/A;N/A;N/A;N/A;N/A;N/A;N/A;N/A;N/A;N/A;N/A;N/A;N/A;N/A;N/A;Sí;N/A;Sí;N/A;Sí;N/A;N/A;N/A;N/A;N/A;N/A;N/A;N/A;Sí;N/A;N/A;N/A;N/A;N/A;N/A;N/A;N/A;N/A;N/A;N/A;N/A;N/A;N/A;N/A;N/A;N/A;N/A;N/A;N/A;N/A;N/A;N/A;Sí;Sí;Sí;N/A;Sí;Sí;N/A;N/A;N/A;N/A;N/A;N/A;N/A;Sí;"Lun. a Vie. 9:00 a 12:30 - 14:30 a 19:00 hs. Sáb. 9 a 13 hs";5;1.5;Híbrido;Automática;Hatchback;"Autos y camionetas";No;N/A;N/A;N/A;No;N/A;UY;No;Sí;No;No;N/A;N/A;N/A;N/A;N/A;N/A;N/A;N/A;N/A;N/A;N/A;N/A;N/A;N/A;N/A;N/A;N/A;N/A;N/A;N/A;N/A;N/A;N/A;N/A;N/A;N/A;N/A;N/A;N/A;N/A;N/A;N/A;N/A;N/A;N/A;N/A;N/A;N/A;N/A;N/A;N/A;N/A;N/A;N/A;N/A;N/A;N/A;N/A;N/A;N/A;N/A;No;N/A;N/A;N/A;N/A;N/A;N/A;N/A;N/A;N/A;N/A;N/A;N/A;N/A;N/A;N/A;N/A;N/A;N/A;N/A;N/A;N/A;N/A;N/A;N/A;N/A;N/A;N/A;N/A;N/A;N/A;N/A;N/A;N/A;Sí;N/A;Sí;Sí;Sí;Sí;Sí;N/A;Sí;Sí;N/A;N/A;N/A;N/A;Sí;Sí;N/A;N/A;Sí;Sí;Sí;N/A;N/A;Sí;N/A;Sí
Toyota;Corolla;"1.8 Lx";2016;"176000 km";;"VIPERCAR AUTOMOVILES_3";17490;;;;;Centro;https://auto.mercadolibre.com.uy/MLU-693195346-toyota-corolla-18-lx-18-2016-impecable-_JM;N/A;;"Toyota Corolla 1.8 Lx 1.8 2016 Impecable!";USD;Sí;silver;false;N/A;N/A;http://perfil.mercadolibre.com.uy/VIPERCAR+AUTOMOVILES_3;active;N/A;N/A;Usado;Azul;N/A;Hidráulica;N/A;Sí;N/A;N/A;N/A;N/A;N/A;Sí;Sí;N/A;N/A;Sí;N/A;Sí;N/A;N/A;N/A;N/A;N/A;N/A;N/A;N/A;N/A;N/A;N/A;N/A;N/A;"1800 cc";N/A;5;N/A;N/A;Sí;Sí;N/A;Sí;N/A;N/A;N/A;N/A;N/A;N/A;N/A;N/A;N/A;N/A;N/A;N/A;N/A;N/A;N/A;N/A;N/A;N/A;N/A;N/A;N/A;N/A;N/A;N/A;N/A;N/A;N/A;N/A;N/A;N/A;N/A;N/A;N/A;N/A;N/A;N/A;N/A;N/A;N/A;N/A;N/A;N/A;N/A;N/A;N/A;N/A;N/A;N/A;N/A;N/A;N/A;N/A;N/A;N/A;N/A;Sí;N/A;N/A;N/A;N/A;N/A;N/A;N/A;N/A;N/A;N/A;N/A;N/A;"Lun a Vie de 9 a 12:30 y de 13:30 a 19. Sáb de 9 a 13 hs.";4;1.8;Nafta;Manual;Sedán;"Autos y camionetas";No;N/A;N/A;N/A;No;N/A;N/A;No;Sí;No;No;N/A;N/A;N/A;N/A;N/A;N/A;N/A;N/A;N/A;N/A;N/A;N/A;N/A;N/A;N/A;N/A;N/A;N/A;N/A;N/A;N/A;N/A;N/A;N/A;N/A;N/A;N/A;N/A;N/A;N/A;N/A;N/A;N/A;N/A;N/A;N/A;N/A;N/A;N/A;N/A;N/A;N/A;N/A;N/A;N/A;N/A;N/A;N/A;N/A;N/A;N/A;No;N/A;N/A;N/A;N/A;N/A;N/A;N/A;N/A;N/A;N/A;N/A;N/A;N/A;N/A;N/A;N/A;N/A;N/A;N/A;N/A;N/A;N/A;N/A;N/A;N/A;N/A;N/A;N/A;N/A;Sí;N/A;N/A;N/A;Sí;Sí;N/A;N/A;Sí;N/A;N/A;N/A;N/A;Sí;N/A;N/A;N/A;N/A;N/A;N/A;N/A;N/A;Sí;N/A;Sí;N/A;N/A;N/A;N/A;N/A
Toyota;Hilux;"2.4 D.cab. T.dsl Sr 4x4";2019;"149000 km";;AUTCUEVAS;47500;;;;;Trinidad;https://auto.mercadolibre.com.uy/MLU-699902270-toyota-hilux-2019-24-dcab-tdsl-sr-4x4-_JM;N/A;;"Toyota Hilux 2019 2.4 D.cab. T.dsl Sr 4x4";usd;Sí;silver;false;N/A;N/A;http://perfil.mercadolibre.com.uy/AUTCUEVAS;active;N/A;N/A;Usado;N/A;N/A;Hidráulica;4x4;Sí;N/A;Sí;N/A;N/A;N/A;N/A;N/A;N/A;N/A;N/A;N/A;N/A;N/A;N/A;N/A;N/A;N/A;N/A;N/A;N/A;N/A;N/A;N/A;N/A;"2860 mm";"2.4 L";"80 L";5;N/A;N/A;N/A;N/A;N/A;N/A;N/A;N/A;N/A;Sí;N/A;N/A;N/A;N/A;N/A;N/A;N/A;N/A;N/A;N/A;N/A;N/A;N/A;N/A;N/A;N/A;N/A;N/A;N/A;N/A;N/A;N/A;N/A;N/A;N/A;N/A;N/A;N/A;N/A;N/A;N/A;N/A;N/A;N/A;N/A;"1850 mm";"5260 mm";N/A;N/A;N/A;N/A;5;"150 hp";Sr;N/A;4;"1855 mm";"8.2 km/l";N/A;N/A;N/A;N/A;N/A;N/A;N/A;N/A;N/A;N/A;"6.3 km/l";N/A;N/A;N/A;N/A;N/A;N/A;4;2.4;Diésel;Manual;Pick-Up;"Autos y camionetas";N/A;N/A;N/A;N/A;N/A;N/A;UY;N/A;N/A;N/A;N/A;N/A;N/A;N/A;N/A;N/A;N/A;N/A;N/A;N/A;N/A;N/A;N/A;N/A;N/A;N/A;N/A;N/A;N/A;N/A;N/A;N/A;N/A;N/A;N/A;N/A;N/A;N/A;N/A;N/A;N/A;N/A;N/A;N/A;N/A;N/A;N/A;N/A;N/A;N/A;N/A;N/A;N/A;N/A;N/A;N/A;N/A;N/A;N/A;N/A;N/A;N/A;N/A;N/A;N/A;N/A;N/A;N/A;N/A;N/A;N/A;N/A;N/A;N/A;N/A;N/A;N/A;N/A;N/A;N/A;N/A;N/A;N/A;N/A;N/A;N/A;N/A;N/A;N/A;N/A;N/A;N/A;N/A;N/A;N/A;N/A;N/A;N/A;N/A;N/A;N/A;N/A;N/A;N/A;N/A;N/A;N/A;N/A;N/A;N/A;N/A;N/A;Sí;N/A;Sí;N/A;N/A;N/A;Sí;Sí;N/A;N/A
Toyota;Hilux;"2.4 D.cab. T.dsl Sr";2020;"144600 km";;"BOULEVARD AUTOMOVILES";42900;;;;;Rosario;https://auto.mercadolibre.com.uy/MLU-690552948-toyota-hilux-2020-24-dcab-tdsl-sr-permuto-financio-_JM;N/A;;"Toyota Hilux 2020 2.4 D.cab. T.dsl Sr/ Permuto Financio ";usd;Sí;silver;false;N/A;N/A;http://perfil.mercadolibre.com.uy/BOULEVARD+AUTOMOVILES;active;N/A;N/A;Usado;N/A;N/A;Hidráulica;4x2;Sí;N/A;Sí;N/A;N/A;N/A;N/A;N/A;N/A;N/A;N/A;N/A;N/A;N/A;N/A;N/A;N/A;N/A;N/A;N/A;N/A;N/A;N/A;N/A;N/A;"2860 mm";"2.4 L";"80 L";5;N/A;N/A;N/A;N/A;N/A;N/A;N/A;N/A;N/A;Sí;N/A;N/A;N/A;N/A;N/A;N/A;N/A;N/A;N/A;N/A;N/A;N/A;N/A;N/A;N/A;N/A;N/A;N/A;N/A;N/A;N/A;N/A;N/A;N/A;N/A;N/A;N/A;N/A;N/A;N/A;N/A;N/A;N/A;N/A;N/A;"1850 mm";"5260 mm";N/A;N/A;N/A;N/A;5;"150 hp";Sr;N/A;4;"1855 mm";"8.2 km/l";N/A;N/A;N/A;N/A;N/A;N/A;N/A;N/A;N/A;N/A;"6.3 km/l";N/A;N/A;N/A;N/A;N/A;N/A;4;2.4;Diésel;Manual;Pick-Up;"Autos y camionetas";N/A;N/A;N/A;N/A;N/A;N/A;UY;N/A;N/A;N/A;N/A;N/A;N/A;N/A;N/A;N/A;N/A;N/A;N/A;N/A;N/A;N/A;N/A;N/A;N/A;N/A;N/A;N/A;N/A;N/A;N/A;N/A;N/A;N/A;N/A;N/A;N/A;N/A;N/A;N/A;N/A;N/A;N/A;N/A;N/A;N/A;N/A;N/A;N/A;N/A;N/A;N/A;N/A;N/A;N/A;N/A;N/A;N/A;N/A;N/A;N/A;N/A;N/A;N/A;N/A;N/A;N/A;N/A;N/A;N/A;N/A;N/A;N/A;N/A;N/A;N/A;N/A;N/A;N/A;N/A;N/A;N/A;N/A;N/A;N/A;N/A;N/A;N/A;N/A;N/A;N/A;N/A;N/A;N/A;N/A;N/A;N/A;N/A;N/A;N/A;N/A;N/A;N/A;N/A;N/A;N/A;N/A;N/A;N/A;N/A;N/A;N/A;Sí;N/A;Sí;N/A;N/A;N/A;Sí;Sí;N/A;N/A
Toyota;RAV4;"2.5 Hybrid";2023;"0 km";;SELLERAUTOMOVILES;70990;;;;;Centro;https://auto.mercadolibre.com.uy/MLU-669026018-toyota-rav4-hibrida-4x4-limited-entrega-ya-_JM;N/A;;"Toyota Rav4 Hibrida 4x4 Limited (entrega Ya)";usd;Sí;silver;false;N/A;N/A;http://perfil.mercadolibre.com.uy/SELLERAUTOMOVILES;active;N/A;N/A;Nuevo;Blanco;N/A;Eléctrica;4x4;Sí;N/A;Sí;N/A;N/A;N/A;N/A;N/A;Sí;N/A;N/A;N/A;N/A;N/A;N/A;N/A;N/A;N/A;N/A;N/A;N/A;N/A;N/A;N/A;N/A;"2660 mm";"2.5 L";"60 L";6;N/A;N/A;N/A;N/A;N/A;N/A;N/A;N/A;N/A;N/A;N/A;N/A;N/A;N/A;N/A;N/A;N/A;N/A;N/A;N/A;N/A;N/A;N/A;N/A;N/A;N/A;N/A;N/A;N/A;N/A;N/A;N/A;N/A;N/A;N/A;Sí;N/A;N/A;N/A;N/A;N/A;N/A;N/A;N/A;N/A;"1715 mm";"4570 mm";N/A;N/A;N/A;N/A;5;"180 hp";Hybrid;N/A;4;"1845 mm";N/A;Sí;N/A;N/A;N/A;N/A;N/A;N/A;N/A;Sí;N/A;N/A;N/A;N/A;N/A;N/A;N/A;"Lunes a viernes de 9 a 18hs";5;2.5;Híbrido;Automática;SUV;"Autos y camionetas";N/A;N/A;N/A;N/A;N/A;N/A;UY;N/A;N/A;N/A;N/A;N/A;N/A;N/A;N/A;N/A;N/A;N/A;N/A;N/A;N/A;N/A;N/A;N/A;N/A;N/A;N/A;N/A;N/A;N/A;N/A;N/A;N/A;N/A;N/A;N/A;N/A;N/A;N/A;N/A;N/A;N/A;N/A;N/A;N/A;N/A;N/A;N/A;N/A;N/A;N/A;N/A;N/A;N/A;N/A;N/A;N/A;N/A;N/A;N/A;N/A;N/A;N/A;N/A;N/A;N/A;N/A;N/A;N/A;N/A;N/A;N/A;N/A;N/A;N/A;N/A;N/A;N/A;N/A;N/A;N/A;N/A;N/A;N/A;N/A;N/A;N/A;N/A;N/A;N/A;N/A;N/A;N/A;N/A;N/A;N/A;N/A;N/A;N/A;N/A;N/A;N/A;N/A;N/A;N/A;N/A;N/A;N/A;N/A;N/A;N/A;N/A;Sí;N/A;Sí;N/A;N/A;N/A;N/A;Sí;N/A;N/A
Toyota;Hilux;"SRV 2.8 4X4 DIESEL";2024;"0 km";;"VALLA HNOS";71490;;;;;Juanicó;https://auto.mercadolibre.com.uy/MLU-685012222-toyota-hilux-ok-srv-28-2024-4-x-4-automatica-entrega-ya-_JM;N/A;;"Toyota Hilux Ok Srv 2.8, 2024, 4 X 4, Automática, Entrega Ya";USD;Sí;silver;false;N/A;N/A;http://perfil.mercadolibre.com.uy/VALLA+HNOS;active;N/A;N/A;Nuevo;Gris;N/A;Asistida;4x4;Sí;Sí;Sí;N/A;N/A;N/A;Sí;Sí;N/A;N/A;N/A;Sí;Sí;N/A;N/A;N/A;N/A;N/A;N/A;N/A;N/A;N/A;N/A;N/A;N/A;N/A;N/A;N/A;N/A;N/A;N/A;N/A;N/A;N/A;N/A;N/A;N/A;N/A;N/A;N/A;N/A;N/A;N/A;N/A;N/A;N/A;N/A;N/A;N/A;N/A;N/A;N/A;Sí;N/A;N/A;N/A;N/A;N/A;N/A;N/A;N/A;N/A;N/A;N/A;N/A;N/A;N/A;N/A;N/A;N/A;N/A;N/A;N/A;N/A;N/A;N/A;N/A;N/A;N/A;N/A;N/A;N/A;N/A;N/A;N/A;N/A;N/A;N/A;N/A;Sí;Sí;N/A;Sí;Sí;N/A;N/A;N/A;N/A;N/A;N/A;N/A;N/A;N/A;N/A;4;2.8;Diésel;Automática;N/A;"Autos y camionetas";N/A;N/A;N/A;N/A;N/A;N/A;N/A;N/A;Sí;N/A;N/A;N/A;N/A;N/A;N/A;N/A;N/A;N/A;N/A;N/A;N/A;N/A;N/A;N/A;N/A;N/A;N/A;N/A;N/A;N/A;N/A;N/A;N/A;N/A;N/A;N/A;N/A;N/A;N/A;N/A;N/A;N/A;N/A;Sí;N/A;N/A;N/A;N/A;N/A;N/A;N/A;N/A;N/A;N/A;N/A;N/A;N/A;N/A;N/A;N/A;N/A;N/A;N/A;N/A;N/A;N/A;N/A;N/A;N/A;N/A;N/A;N/A;N/A;N/A;N/A;N/A;N/A;N/A;N/A;N/A;N/A;N/A;N/A;N/A;N/A;N/A;N/A;N/A;N/A;N/A;N/A;N/A;N/A;N/A;N/A;N/A;Sí;Sí;Sí;Sí;Sí;Sí;Sí;N/A;Sí;Sí;N/A;N/A;Sí;N/A;Sí;Sí;Sí;Sí;Sí;Sí;Sí;N/A;N/A;Sí;Sí;Sí
Toyota;Prius;C;2019;"130000 km";;MONTOSSIAUTOMVILES;18000;;;;;Maldonado;https://auto.mercadolibre.com.uy/MLU-646999345-toyota-prius-c-2019-muy-buen-estado-_JM;N/A;;"Toyota Prius C 2019 Muy Buen Estado!";usd;Sí;silver;false;N/A;N/A;http://perfil.mercadolibre.com.uy/MONTOSSIAUTOMVILES;active;N/A;N/A;Usado;Azul;N/A;Asistida;N/A;Sí;Sí;Sí;N/A;N/A;N/A;N/A;Sí;N/A;N/A;Sí;N/A;Sí;N/A;N/A;N/A;N/A;N/A;N/A;N/A;N/A;N/A;N/A;N/A;N/A;N/A;"1500 cc";N/A;N/A;N/A;N/A;N/A;N/A;Sí;Sí;N/A;N/A;N/A;N/A;N/A;N/A;N/A;N/A;N/A;N/A;N/A;N/A;N/A;N/A;N/A;N/A;N/A;Sí;N/A;Sí;N/A;N/A;N/A;N/A;N/A;N/A;N/A;N/A;N/A;N/A;Sí;N/A;N/A;N/A;N/A;N/A;N/A;N/A;N/A;N/A;N/A;N/A;N/A;N/A;N/A;N/A;N/A;N/A;N/A;N/A;N/A;N/A;N/A;N/A;Sí;Sí;Sí;Sí;Sí;Sí;N/A;N/A;N/A;N/A;N/A;N/A;N/A;N/A;"Lun. a Vie. 9:00 a 12:30 - 14:30 a 19:00 hs. Sáb. 9 a 13 hs";5;1.5;Híbrido;Automática;Hatchback;"Autos y camionetas";No;N/A;N/A;N/A;No;N/A;UY;No;Sí;No;No;N/A;N/A;N/A;N/A;N/A;N/A;N/A;N/A;N/A;N/A;N/A;N/A;N/A;N/A;N/A;N/A;N/A;N/A;N/A;N/A;N/A;N/A;N/A;N/A;N/A;N/A;N/A;N/A;N/A;N/A;N/A;N/A;N/A;N/A;N/A;N/A;N/A;N/A;N/A;N/A;N/A;N/A;N/A;N/A;N/A;N/A;N/A;N/A;N/A;N/A;N/A;No;N/A;N/A;N/A;N/A;N/A;N/A;N/A;N/A;N/A;N/A;N/A;N/A;N/A;N/A;N/A;N/A;N/A;N/A;N/A;N/A;N/A;N/A;N/A;N/A;N/A;N/A;N/A;N/A;N/A;N/A;N/A;N/A;N/A;Sí;Sí;Sí;Sí;Sí;Sí;Sí;N/A;Sí;Sí;N/A;Sí;N/A;N/A;Sí;N/A;Sí;N/A;Sí;Sí;Sí;N/A;N/A;Sí;N/A;Sí
Toyota;Hilux;"SRV 4X2";2013;"220000 km";;"AUTOMOTORA MASAUTOS";32900;;;;;"Tres Cruces";https://auto.mercadolibre.com.uy/MLU-646698907-toyota-hilux-srv-4x2-30-2013-impecable-_JM;N/A;;"Toyota Hilux Srv 4x2 3.0 2013 Impecable!";usd;Sí;silver;false;N/A;N/A;http://perfil.mercadolibre.com.uy/AUTOMOTORA+MASAUTOS;active;N/A;N/A;Usado;Blanco;N/A;Hidráulica;N/A;Sí;Sí;Sí;N/A;N/A;N/A;Sí;N/A;N/A;N/A;N/A;N/A;Sí;N/A;N/A;N/A;N/A;N/A;N/A;N/A;N/A;N/A;N/A;N/A;N/A;N/A;"3000 cc";N/A;5;N/A;N/A;N/A;N/A;Sí;Sí;N/A;N/A;N/A;N/A;N/A;N/A;N/A;N/A;N/A;N/A;N/A;N/A;N/A;N/A;N/A;N/A;N/A;N/A;N/A;Sí;N/A;N/A;N/A;N/A;N/A;N/A;N/A;N/A;N/A;N/A;Sí;N/A;N/A;N/A;N/A;N/A;N/A;N/A;N/A;N/A;N/A;N/A;N/A;N/A;N/A;N/A;N/A;Srv;N/A;N/A;N/A;"8 km/l";N/A;N/A;Sí;N/A;N/A;N/A;Sí;N/A;N/A;N/A;"10 km/l";N/A;N/A;N/A;N/A;N/A;"Lun. a Vie. de 9:30 a 18:30 hs. Sáb. de 10 a 14 hs";4;3.0;Diésel;Manual;Pick-Up;"Autos y camionetas";No;N/A;N/A;N/A;No;N/A;UY;No;Sí;No;No;N/A;N/A;N/A;N/A;N/A;N/A;N/A;N/A;N/A;N/A;N/A;N/A;N/A;N/A;N/A;N/A;N/A;N/A;N/A;N/A;N/A;N/A;N/A;N/A;N/A;N/A;N/A;N/A;N/A;N/A;N/A;N/A;N/A;N/A;N/A;N/A;N/A;N/A;N/A;N/A;N/A;N/A;N/A;N/A;N/A;N/A;Sí;Sí;N/A;N/A;N/A;No;N/A;N/A;N/A;N/A;N/A;N/A;N/A;N/A;N/A;N/A;N/A;N/A;N/A;N/A;N/A;N/A;N/A;N/A;N/A;N/A;N/A;N/A;N/A;N/A;N/A;N/A;N/A;N/A;N/A;N/A;N/A;N/A;N/A;Sí;Sí;N/A;Sí;Sí;Sí;Sí;N/A;N/A;Sí;N/A;N/A;N/A;N/A;N/A;Sí;Sí;N/A;Sí;N/A;Sí;N/A;N/A;Sí;N/A;N/A
Toyota;Hilux;"2.4 D/cab 4x2 D";1990;"445700 km";;GHMAUTOMOVILES;9800;;;;;Florida;https://auto.mercadolibre.com.uy/MLU-646542581-toyota-hilux-24-diesel-4x2-_JM;N/A;;"Toyota Hilux 2.4 Diésel 4x2";usd;No;silver;false;N/A;N/A;http://perfil.mercadolibre.com.uy/GHMAUTOMOVILES;active;N/A;N/A;Usado;Rojo;N/A;N/A;4x2;Sí;N/A;N/A;N/A;N/A;N/A;N/A;N/A;N/A;N/A;N/A;N/A;N/A;N/A;N/A;N/A;N/A;N/A;N/A;N/A;N/A;N/A;N/A;N/A;N/A;"3085 mm";"2.4 L";"80 L";5;N/A;N/A;N/A;N/A;N/A;N/A;N/A;N/A;N/A;N/A;N/A;N/A;N/A;N/A;N/A;N/A;N/A;N/A;N/A;N/A;N/A;N/A;N/A;N/A;N/A;N/A;N/A;N/A;N/A;N/A;N/A;N/A;N/A;N/A;N/A;N/A;N/A;N/A;N/A;N/A;N/A;N/A;N/A;N/A;N/A;"1860 mm";"5260 mm";N/A;N/A;N/A;N/A;5;"150 hp";N/A;N/A;4;"1835 mm";"8.2 km/l";N/A;N/A;N/A;N/A;N/A;N/A;N/A;N/A;N/A;N/A;"6.3 km/l";N/A;N/A;N/A;N/A;N/A;N/A;4;2.4;Diésel;Manual;Pick-Up;"Autos y camionetas";N/A;N/A;N/A;N/A;N/A;N/A;UY;N/A;N/A;N/A;N/A;N/A;N/A;N/A;N/A;N/A;N/A;N/A;N/A;N/A;N/A;N/A;N/A;N/A;N/A;N/A;N/A;N/A;N/A;N/A;N/A;N/A;N/A;N/A;N/A;N/A;N/A;N/A;N/A;N/A;N/A;N/A;N/A;N/A;N/A;N/A;N/A;N/A;N/A;N/A;N/A;N/A;N/A;N/A;N/A;N/A;N/A;N/A;N/A;N/A;N/A;N/A;N/A;N/A;N/A;N/A;N/A;N/A;N/A;N/A;N/A;N/A;N/A;N/A;N/A;N/A;N/A;N/A;N/A;N/A;N/A;N/A;N/A;N/A;N/A;N/A;N/A;N/A;N/A;N/A;N/A;N/A;N/A;N/A;N/A;N/A;N/A;N/A;N/A;N/A;N/A;N/A;N/A;N/A;N/A;N/A;N/A;N/A;N/A;N/A;N/A;N/A;N/A;N/A;N/A;N/A;N/A;N/A;N/A;N/A;N/A;N/A
Toyota;Prius;C;2019;"121000 km";;MONTOSSIAUTOMVILES;20500;;;;;Maldonado;https://auto.mercadolibre.com.uy/MLU-700422782-toyota-prius-c-2019-impecable-_JM;N/A;;"Toyota Prius C 2019 Impecable!";usd;Sí;silver;false;N/A;N/A;http://perfil.mercadolibre.com.uy/MONTOSSIAUTOMVILES;active;N/A;N/A;Usado;"Gris oscuro";N/A;Asistida;N/A;Sí;Sí;Sí;N/A;N/A;N/A;N/A;Sí;N/A;N/A;Sí;Sí;Sí;N/A;N/A;N/A;N/A;N/A;N/A;N/A;N/A;N/A;N/A;N/A;N/A;N/A;"1500 cc";N/A;N/A;N/A;N/A;N/A;N/A;Sí;N/A;N/A;N/A;N/A;N/A;N/A;N/A;N/A;N/A;N/A;N/A;N/A;N/A;N/A;N/A;N/A;N/A;N/A;Sí;N/A;Sí;N/A;Sí;N/A;N/A;N/A;N/A;N/A;N/A;N/A;N/A;Sí;N/A;N/A;N/A;N/A;N/A;Sí;N/A;N/A;N/A;N/A;N/A;N/A;N/A;N/A;N/A;N/A;N/A;N/A;N/A;N/A;N/A;N/A;N/A;Sí;Sí;Sí;Sí;Sí;Sí;N/A;Sí;N/A;N/A;N/A;N/A;N/A;N/A;"Lun. a Vie. 9:00 a 12:30 - 14:30 a 19:00 hs. Sáb. 9 a 13 hs";5;1.5;Híbrido;Automática;Hatchback;"Autos y camionetas";No;N/A;N/A;N/A;No;N/A;UY;No;Sí;No;No;N/A;N/A;N/A;N/A;N/A;N/A;N/A;N/A;N/A;N/A;N/A;N/A;N/A;N/A;N/A;N/A;N/A;N/A;N/A;N/A;N/A;N/A;N/A;N/A;N/A;N/A;N/A;N/A;N/A;N/A;N/A;N/A;N/A;N/A;N/A;N/A;N/A;N/A;N/A;N/A;N/A;N/A;N/A;N/A;N/A;N/A;N/A;N/A;N/A;N/A;N/A;No;N/A;N/A;N/A;N/A;N/A;N/A;N/A;N/A;N/A;N/A;N/A;N/A;N/A;N/A;N/A;N/A;N/A;N/A;N/A;N/A;N/A;N/A;N/A;N/A;N/A;N/A;N/A;N/A;N/A;N/A;N/A;N/A;N/A;Sí;Sí;Sí;Sí;Sí;Sí;Sí;N/A;Sí;Sí;N/A;N/A;N/A;N/A;Sí;N/A;Sí;N/A;Sí;Sí;Sí;N/A;N/A;Sí;N/A;Sí
Toyota;Hilux;"3.0 Cd Srv Cuero Tdi 4x4 5at - A4";2016;"196000 km";;"AUTOMOVILES BELLONI";46900;;;;;Maroñas;https://auto.mercadolibre.com.uy/MLU-699467426-toyota-hilux-2016-30-cd-srv-cuero-tdi-4x4-5at-a4-_JM;N/A;;"Toyota Hilux 2016 3.0 Cd Srv Cuero Tdi 4x4 5at - A4";usd;Sí;silver;false;N/A;N/A;http://perfil.mercadolibre.com.uy/AUTOMOVILES+BELLONI;active;N/A;N/A;Usado;N/A;N/A;Hidráulica;4x4;Sí;N/A;Sí;N/A;N/A;N/A;N/A;N/A;N/A;N/A;N/A;N/A;N/A;N/A;N/A;N/A;N/A;N/A;N/A;N/A;N/A;N/A;N/A;N/A;N/A;"2860 mm";"3 L";"80 L";5;N/A;N/A;N/A;N/A;N/A;N/A;N/A;N/A;N/A;N/A;N/A;N/A;N/A;N/A;N/A;N/A;N/A;N/A;N/A;N/A;N/A;N/A;N/A;N/A;N/A;N/A;N/A;N/A;N/A;N/A;N/A;N/A;N/A;N/A;N/A;N/A;N/A;N/A;N/A;N/A;N/A;N/A;N/A;N/A;N/A;"1860 mm";"5260 mm";N/A;N/A;N/A;N/A;5;"171 hp";"Srv Cuero";N/A;4;"1855 mm";N/A;Sí;N/A;N/A;N/A;N/A;N/A;N/A;N/A;N/A;N/A;N/A;N/A;N/A;N/A;N/A;N/A;N/A;4;3.0;Diésel;Automática;Pick-Up;"Autos y camionetas";N/A;N/A;N/A;N/A;N/A;N/A;UY;N/A;N/A;N/A;N/A;N/A;N/A;N/A;N/A;N/A;N/A;N/A;N/A;N/A;N/A;N/A;N/A;N/A;N/A;N/A;N/A;N/A;N/A;N/A;N/A;N/A;N/A;N/A;N/A;N/A;N/A;N/A;N/A;N/A;N/A;N/A;N/A;N/A;N/A;N/A;N/A;N/A;N/A;N/A;N/A;N/A;N/A;N/A;N/A;N/A;N/A;N/A;N/A;N/A;N/A;N/A;N/A;N/A;N/A;N/A;N/A;N/A;N/A;N/A;N/A;N/A;N/A;N/A;N/A;N/A;N/A;N/A;N/A;N/A;N/A;N/A;N/A;N/A;N/A;N/A;N/A;N/A;N/A;N/A;N/A;N/A;N/A;N/A;N/A;N/A;N/A;N/A;N/A;N/A;N/A;N/A;N/A;N/A;N/A;N/A;N/A;N/A;N/A;N/A;N/A;N/A;Sí;N/A;Sí;N/A;N/A;N/A;Sí;Sí;N/A;N/A
Toyota;4Runner;"3.0td Limited 4x4 At";2004;"617380 km";;GHMAUTOMOVILES;24800;;;;;Florida;https://auto.mercadolibre.com.uy/MLU-696145982-toyota-4-runner-30td-limited-4x4-at-_JM;N/A;;"Toyota 4 Runner 3.0td Limited 4x4 At";USD;No;silver;false;N/A;N/A;http://perfil.mercadolibre.com.uy/GHMAUTOMOVILES;active;N/A;N/A;Usado;Azul;N/A;Hidráulica;4x4;N/A;N/A;N/A;N/A;N/A;N/A;N/A;N/A;N/A;N/A;N/A;N/A;N/A;N/A;N/A;N/A;N/A;N/A;N/A;N/A;N/A;N/A;N/A;N/A;N/A;N/A;N/A;N/A;N/A;N/A;N/A;N/A;N/A;N/A;N/A;N/A;N/A;N/A;N/A;N/A;N/A;N/A;N/A;N/A;N/A;N/A;N/A;N/A;N/A;N/A;N/A;N/A;N/A;N/A;N/A;N/A;N/A;N/A;N/A;N/A;N/A;N/A;N/A;N/A;N/A;N/A;N/A;N/A;N/A;N/A;N/A;N/A;N/A;N/A;N/A;N/A;N/A;N/A;N/A;N/A;N/A;N/A;N/A;N/A;N/A;N/A;N/A;N/A;N/A;N/A;N/A;N/A;N/A;N/A;N/A;N/A;N/A;N/A;N/A;N/A;N/A;N/A;N/A;N/A;5;"3.0 td";Diésel;Automática;Rural;"Autos y camionetas";N/A;N/A;N/A;N/A;N/A;N/A;N/A;N/A;N/A;N/A;N/A;N/A;N/A;N/A;N/A;N/A;N/A;N/A;N/A;N/A;N/A;N/A;N/A;N/A;N/A;N/A;N/A;N/A;N/A;N/A;N/A;N/A;N/A;N/A;N/A;N/A;N/A;N/A;N/A;N/A;N/A;N/A;N/A;N/A;N/A;N/A;N/A;N/A;N/A;N/A;N/A;N/A;N/A;N/A;N/A;N/A;N/A;N/A;N/A;N/A;N/A;N/A;N/A;N/A;N/A;N/A;N/A;N/A;N/A;N/A;N/A;N/A;N/A;N/A;N/A;N/A;N/A;N/A;N/A;N/A;N/A;N/A;N/A;N/A;N/A;N/A;N/A;N/A;N/A;N/A;N/A;N/A;N/A;N/A;N/A;N/A;N/A;N/A;N/A;N/A;N/A;N/A;N/A;N/A;N/A;N/A;N/A;N/A;N/A;N/A;N/A;N/A;N/A;N/A;N/A;N/A;N/A;N/A;N/A;N/A;N/A;N/A
Toyota;Hilux;"3.0 Cd Srv Tdi 171cv 4x2";2011;"363800 km";;GHMAUTOMOVILES;28800;;;;;Florida;https://auto.mercadolibre.com.uy/MLU-694695978-toyota-hilux-srv-30-tdi-4x2-_JM;N/A;;"Toyota Hilux Srv 3.0 Tdi 4x2 ";usd;Sí;silver;false;N/A;N/A;http://perfil.mercadolibre.com.uy/GHMAUTOMOVILES;active;N/A;N/A;Usado;Gris;N/A;Hidráulica;4x2;Sí;N/A;Sí;N/A;N/A;N/A;N/A;N/A;N/A;N/A;N/A;N/A;N/A;N/A;N/A;N/A;N/A;N/A;N/A;N/A;N/A;N/A;N/A;N/A;N/A;"2860 mm";"3 L";"80 L";5;N/A;N/A;N/A;N/A;N/A;N/A;N/A;N/A;N/A;N/A;N/A;N/A;N/A;N/A;N/A;N/A;N/A;N/A;N/A;N/A;N/A;N/A;N/A;N/A;N/A;N/A;N/A;N/A;N/A;N/A;N/A;N/A;N/A;N/A;N/A;N/A;N/A;N/A;N/A;N/A;N/A;N/A;N/A;N/A;N/A;"1860 mm";"5260 mm";N/A;N/A;N/A;N/A;5;"171 hp";Srv;N/A;4;"1855 mm";N/A;N/A;N/A;N/A;N/A;N/A;N/A;Sí;N/A;N/A;N/A;N/A;N/A;N/A;N/A;N/A;N/A;N/A;4;3.0;Diésel;Manual;Pick-Up;"Autos y camionetas";N/A;N/A;N/A;N/A;N/A;N/A;UY;N/A;N/A;N/A;N/A;N/A;N/A;N/A;N/A;N/A;N/A;N/A;N/A;N/A;N/A;N/A;N/A;N/A;N/A;N/A;N/A;N/A;N/A;N/A;N/A;N/A;N/A;N/A;N/A;N/A;N/A;N/A;N/A;N/A;N/A;N/A;N/A;N/A;N/A;N/A;N/A;N/A;N/A;N/A;N/A;N/A;N/A;N/A;N/A;N/A;N/A;N/A;N/A;N/A;N/A;N/A;N/A;N/A;N/A;N/A;N/A;N/A;N/A;N/A;N/A;N/A;N/A;N/A;N/A;N/A;N/A;N/A;N/A;N/A;N/A;N/A;N/A;N/A;N/A;N/A;N/A;N/A;N/A;N/A;N/A;N/A;N/A;N/A;N/A;N/A;N/A;N/A;N/A;N/A;N/A;N/A;N/A;N/A;N/A;N/A;N/A;N/A;N/A;N/A;N/A;N/A;Sí;N/A;Sí;N/A;N/A;N/A;N/A;Sí;N/A;N/A
Toyota;Hilux;"2.8 Tdi Cd Srv 4X2 Mt";2024;"0 km";;"AUTOMOTORA ELGAUCHO";61490;;;;;Rivera;https://auto.mercadolibre.com.uy/MLU-692374004-toyota-hilux-dc-srv-4x2-d-_JM;N/A;;"Toyota Hilux D/c Srv 4x2 D";usd;Sí;silver;false;N/A;N/A;http://perfil.mercadolibre.com.uy/AUTOMOTORA+ELGAUCHO;active;N/A;N/A;Nuevo;Plateado;N/A;Hidráulica;4x2;Sí;N/A;Sí;N/A;N/A;N/A;N/A;N/A;N/A;N/A;N/A;N/A;N/A;N/A;N/A;N/A;N/A;N/A;N/A;N/A;N/A;N/A;N/A;N/A;N/A;"3085 mm";"2.8 L";"80 L";6;N/A;N/A;N/A;N/A;N/A;N/A;N/A;N/A;N/A;N/A;N/A;N/A;N/A;N/A;N/A;N/A;N/A;N/A;N/A;N/A;N/A;N/A;N/A;N/A;N/A;N/A;N/A;N/A;N/A;N/A;N/A;N/A;N/A;N/A;N/A;N/A;N/A;N/A;N/A;N/A;N/A;N/A;N/A;N/A;N/A;"1815 mm";"5325 mm";N/A;N/A;N/A;N/A;5;"204 hp";Srv;N/A;4;"1855 mm";N/A;N/A;N/A;N/A;N/A;N/A;N/A;Sí;N/A;N/A;N/A;N/A;N/A;N/A;N/A;N/A;N/A;N/A;4;2.8;Diésel;Manual;Pick-Up;"Autos y camionetas";N/A;N/A;N/A;N/A;N/A;N/A;UY;N/A;N/A;N/A;N/A;N/A;N/A;N/A;N/A;N/A;N/A;N/A;N/A;N/A;N/A;N/A;N/A;N/A;N/A;N/A;N/A;N/A;N/A;N/A;N/A;N/A;N/A;N/A;N/A;N/A;N/A;N/A;N/A;N/A;N/A;N/A;N/A;N/A;N/A;N/A;N/A;N/A;N/A;N/A;N/A;N/A;N/A;N/A;N/A;N/A;N/A;N/A;N/A;N/A;N/A;N/A;N/A;N/A;N/A;N/A;N/A;N/A;N/A;N/A;N/A;N/A;N/A;N/A;N/A;N/A;N/A;N/A;N/A;N/A;N/A;N/A;N/A;N/A;N/A;N/A;N/A;N/A;N/A;N/A;N/A;N/A;N/A;N/A;N/A;N/A;N/A;N/A;N/A;N/A;N/A;N/A;N/A;N/A;N/A;N/A;N/A;N/A;N/A;N/A;N/A;N/A;Sí;N/A;Sí;N/A;N/A;N/A;N/A;Sí;N/A;N/A
Toyota;Hilux;"3.0 turbo diesel";2017;"290000 km";;"BRAVO AUTOMOVILES";39800;;;;;Trinidad;https://auto.mercadolibre.com.uy/MLU-688508822-toyota-hilux-30-turbo-diesel-_JM;N/A;;"Toyota Hilux 3.0 Turbo Diesel";USD;Sí;silver;false;N/A;N/A;http://perfil.mercadolibre.com.uy/BRAVO+AUTOMOVILES;active;N/A;N/A;Usado;N/A;N/A;N/A;N/A;N/A;N/A;N/A;N/A;N/A;N/A;N/A;N/A;N/A;N/A;N/A;N/A;N/A;N/A;N/A;N/A;N/A;N/A;N/A;N/A;N/A;N/A;N/A;N/A;N/A;N/A;N/A;N/A;N/A;N/A;N/A;N/A;N/A;N/A;N/A;N/A;N/A;N/A;N/A;N/A;N/A;N/A;N/A;N/A;N/A;N/A;N/A;N/A;N/A;N/A;N/A;N/A;N/A;N/A;N/A;N/A;N/A;N/A;N/A;N/A;N/A;N/A;N/A;N/A;N/A;N/A;N/A;N/A;N/A;N/A;N/A;N/A;N/A;N/A;N/A;N/A;N/A;N/A;N/A;N/A;N/A;N/A;N/A;N/A;N/A;N/A;N/A;N/A;N/A;N/A;N/A;N/A;N/A;N/A;N/A;N/A;N/A;N/A;N/A;N/A;N/A;N/A;N/A;N/A;4;N/A;Diésel;N/A;N/A;"Autos y camionetas";N/A;N/A;N/A;N/A;N/A;N/A;N/A;N/A;N/A;N/A;N/A;N/A;N/A;N/A;N/A;N/A;N/A;N/A;N/A;N/A;N/A;N/A;N/A;N/A;N/A;N/A;N/A;N/A;N/A;N/A;N/A;N/A;N/A;N/A;N/A;N/A;N/A;N/A;N/A;N/A;N/A;N/A;N/A;N/A;N/A;N/A;N/A;N/A;N/A;N/A;N/A;N/A;N/A;N/A;N/A;N/A;N/A;N/A;N/A;N/A;N/A;N/A;N/A;N/A;N/A;N/A;N/A;N/A;N/A;N/A;N/A;N/A;N/A;N/A;N/A;N/A;N/A;N/A;N/A;N/A;N/A;N/A;N/A;N/A;N/A;N/A;N/A;N/A;N/A;N/A;N/A;N/A;N/A;N/A;N/A;N/A;N/A;N/A;N/A;N/A;N/A;N/A;N/A;N/A;N/A;N/A;N/A;N/A;N/A;N/A;N/A;N/A;N/A;N/A;N/A;N/A;N/A;N/A;N/A;N/A;N/A;N/A
Toyota;Hilux;"2.7 Cd Srv Vvti 4x2 - A3";2015;"204000 km";;GHMAUTOMOVILES;21800;;;;;Florida;https://auto.mercadolibre.com.uy/MLU-694825726-toyota-hilux-srv-27-4x2-nafta-_JM;N/A;;"Toyota Hilux Srv 2.7 4x2 Nafta ";usd;Sí;silver;false;N/A;N/A;http://perfil.mercadolibre.com.uy/GHMAUTOMOVILES;active;N/A;N/A;Usado;Gris;N/A;Hidráulica;4x2;Sí;N/A;Sí;N/A;N/A;N/A;N/A;N/A;N/A;N/A;N/A;N/A;N/A;N/A;N/A;N/A;N/A;N/A;N/A;N/A;N/A;N/A;N/A;N/A;N/A;"2860 mm";"2.7 L";"80 L";5;N/A;N/A;N/A;N/A;N/A;N/A;N/A;N/A;N/A;N/A;N/A;N/A;N/A;N/A;N/A;N/A;N/A;N/A;N/A;N/A;N/A;N/A;N/A;N/A;N/A;N/A;N/A;N/A;N/A;N/A;N/A;N/A;N/A;N/A;N/A;N/A;N/A;N/A;N/A;N/A;N/A;N/A;N/A;N/A;N/A;"1860 mm";"5260 mm";N/A;N/A;N/A;N/A;5;"160 hp";Srv;N/A;4;"1855 mm";N/A;Sí;N/A;N/A;N/A;N/A;N/A;N/A;N/A;N/A;N/A;N/A;N/A;N/A;N/A;N/A;N/A;N/A;4;2.7;Nafta;Manual;Pick-Up;"Autos y camionetas";N/A;N/A;N/A;N/A;N/A;N/A;UY;N/A;N/A;N/A;N/A;N/A;N/A;N/A;N/A;N/A;N/A;N/A;N/A;N/A;N/A;N/A;N/A;N/A;N/A;N/A;N/A;N/A;N/A;N/A;N/A;N/A;N/A;N/A;N/A;N/A;N/A;N/A;N/A;N/A;N/A;N/A;N/A;N/A;N/A;N/A;N/A;N/A;N/A;N/A;N/A;N/A;N/A;N/A;N/A;N/A;N/A;N/A;N/A;N/A;N/A;N/A;N/A;N/A;N/A;N/A;N/A;N/A;N/A;N/A;N/A;N/A;N/A;N/A;N/A;N/A;N/A;N/A;N/A;N/A;N/A;N/A;N/A;N/A;N/A;N/A;N/A;N/A;N/A;N/A;N/A;N/A;N/A;N/A;N/A;N/A;N/A;N/A;N/A;N/A;N/A;N/A;N/A;N/A;N/A;N/A;N/A;N/A;N/A;N/A;N/A;N/A;Sí;N/A;Sí;N/A;N/A;N/A;Sí;Sí;N/A;N/A
Toyota;Corolla;"XL 2.0";1999;"344000 km";;MUSSINIAUTOMOVILES;10900;;;;;"San José de Mayo";https://auto.mercadolibre.com.uy/MLU-697923306-toyota-corolla-_JM;N/A;;"Toyota Corolla";USD;No;silver;false;N/A;N/A;http://perfil.mercadolibre.com.uy/MUSSINIAUTOMOVILES;active;N/A;N/A;Usado;Azul;N/A;N/A;N/A;N/A;N/A;N/A;N/A;N/A;N/A;N/A;N/A;N/A;N/A;N/A;N/A;N/A;N/A;N/A;N/A;N/A;N/A;N/A;N/A;N/A;N/A;N/A;N/A;N/A;N/A;N/A;N/A;N/A;N/A;N/A;N/A;N/A;N/A;N/A;N/A;N/A;N/A;N/A;N/A;N/A;N/A;N/A;N/A;N/A;N/A;N/A;N/A;N/A;N/A;N/A;N/A;N/A;N/A;N/A;N/A;N/A;N/A;N/A;N/A;N/A;N/A;N/A;N/A;N/A;N/A;N/A;N/A;N/A;N/A;N/A;N/A;N/A;N/A;N/A;N/A;N/A;N/A;N/A;N/A;N/A;N/A;N/A;N/A;N/A;N/A;N/A;N/A;N/A;N/A;N/A;N/A;N/A;N/A;N/A;N/A;N/A;N/A;N/A;N/A;N/A;N/A;N/A;"Lunes a viernes 08:30 a 12:00 .Sabado de 09.00 a 12:00";4;N/A;Nafta;N/A;N/A;"Autos y camionetas";N/A;N/A;N/A;N/A;N/A;N/A;N/A;N/A;N/A;N/A;N/A;N/A;N/A;N/A;N/A;N/A;N/A;N/A;N/A;N/A;N/A;N/A;N/A;N/A;N/A;N/A;N/A;N/A;N/A;N/A;N/A;N/A;N/A;N/A;N/A;N/A;N/A;N/A;N/A;N/A;N/A;N/A;N/A;N/A;N/A;N/A;N/A;N/A;N/A;N/A;N/A;N/A;N/A;N/A;N/A;N/A;N/A;N/A;N/A;N/A;N/A;N/A;N/A;N/A;N/A;N/A;N/A;N/A;N/A;N/A;N/A;N/A;N/A;N/A;N/A;N/A;N/A;N/A;N/A;N/A;N/A;N/A;N/A;N/A;N/A;N/A;N/A;N/A;N/A;N/A;N/A;N/A;N/A;N/A;N/A;N/A;N/A;N/A;N/A;N/A;N/A;N/A;N/A;N/A;N/A;N/A;N/A;N/A;N/A;N/A;N/A;N/A;N/A;N/A;N/A;N/A;N/A;N/A;N/A;N/A;N/A;N/A
Toyota;Corolla;1.6;2009;"270000 km";;PIPOLAY;10500;;;;;Florida;https://auto.mercadolibre.com.uy/MLU-698778366-toyota-corolla-16-_JM;N/A;;"Toyota Corolla 1.6";USD;Sí;silver;false;N/A;N/A;http://perfil.mercadolibre.com.uy/PIPOLAY;active;N/A;N/A;Usado;N/A;N/A;N/A;N/A;N/A;N/A;N/A;N/A;N/A;N/A;N/A;N/A;N/A;N/A;N/A;N/A;N/A;N/A;N/A;N/A;N/A;N/A;N/A;N/A;N/A;N/A;N/A;N/A;N/A;N/A;N/A;N/A;N/A;N/A;N/A;N/A;N/A;N/A;N/A;N/A;N/A;N/A;N/A;N/A;N/A;N/A;N/A;N/A;N/A;N/A;N/A;N/A;N/A;N/A;N/A;N/A;N/A;N/A;N/A;N/A;N/A;N/A;N/A;N/A;N/A;N/A;N/A;N/A;N/A;N/A;N/A;N/A;N/A;N/A;N/A;N/A;N/A;N/A;N/A;N/A;N/A;N/A;N/A;N/A;N/A;N/A;N/A;N/A;N/A;N/A;N/A;N/A;N/A;N/A;N/A;N/A;N/A;N/A;N/A;N/A;N/A;N/A;N/A;N/A;N/A;N/A;N/A;N/A;4;N/A;Nafta;N/A;N/A;"Autos y camionetas";N/A;N/A;N/A;N/A;N/A;N/A;N/A;N/A;N/A;N/A;N/A;N/A;N/A;N/A;N/A;N/A;N/A;N/A;N/A;N/A;N/A;N/A;N/A;N/A;N/A;N/A;N/A;N/A;N/A;N/A;N/A;N/A;N/A;N/A;N/A;N/A;N/A;N/A;N/A;N/A;N/A;N/A;N/A;N/A;N/A;N/A;N/A;N/A;N/A;N/A;N/A;N/A;N/A;N/A;N/A;N/A;N/A;N/A;N/A;N/A;N/A;N/A;N/A;N/A;N/A;N/A;N/A;N/A;N/A;N/A;N/A;N/A;N/A;N/A;N/A;N/A;N/A;N/A;N/A;N/A;N/A;N/A;N/A;N/A;N/A;N/A;N/A;N/A;N/A;N/A;N/A;N/A;N/A;N/A;N/A;N/A;N/A;N/A;N/A;N/A;N/A;N/A;N/A;N/A;N/A;N/A;N/A;N/A;N/A;N/A;N/A;N/A;N/A;N/A;N/A;N/A;N/A;N/A;N/A;N/A;N/A;N/A
Toyota;"Hilux Pick-Up";"2.7 Cd Srv Vvti 4x2 - A3";2021;"60000 km";;BOFR8200019;34900;;;;;"Paso de Carrasco";https://auto.mercadolibre.com.uy/MLU-646512655-toyota-hilux-srv-nafta-_JM;N/A;;"Toyota Hilux Srv Nafta";usd;Sí;silver;false;N/A;N/A;http://perfil.mercadolibre.com.uy/BOFR8200019;active;N/A;N/A;Usado;Gris;Sí;Hidráulica;Trasera;Sí;N/A;Sí;N/A;N/A;N/A;N/A;N/A;N/A;N/A;N/A;N/A;N/A;N/A;N/A;N/A;N/A;N/A;N/A;N/A;N/A;N/A;N/A;N/A;N/A;"2860 mm";"2.7 L";"80 L";5;N/A;N/A;N/A;N/A;N/A;N/A;N/A;N/A;N/A;N/A;N/A;N/A;N/A;N/A;N/A;N/A;N/A;N/A;N/A;N/A;N/A;N/A;N/A;N/A;N/A;N/A;N/A;N/A;N/A;N/A;N/A;N/A;N/A;N/A;N/A;N/A;N/A;N/A;N/A;N/A;N/A;N/A;N/A;N/A;N/A;"1850 mm";"5260 mm";N/A;N/A;N/A;N/A;5;"177 hp";Srv;N/A;2;"1855 mm";N/A;Sí;N/A;N/A;N/A;N/A;N/A;N/A;N/A;N/A;N/A;N/A;N/A;N/A;N/A;N/A;N/A;"Lunes a Viernes 10 am a 18 hs";5;2.7;Nafta;Manual;Pick-Up;"Autos y camionetas";N/A;N/A;N/A;N/A;N/A;N/A;UY;N/A;N/A;N/A;N/A;N/A;N/A;N/A;N/A;N/A;N/A;N/A;N/A;N/A;N/A;N/A;N/A;N/A;N/A;N/A;N/A;N/A;N/A;N/A;N/A;N/A;N/A;N/A;N/A;N/A;N/A;N/A;N/A;N/A;N/A;N/A;N/A;N/A;N/A;N/A;N/A;N/A;N/A;N/A;N/A;N/A;N/A;N/A;N/A;N/A;N/A;N/A;N/A;N/A;N/A;N/A;N/A;N/A;N/A;N/A;N/A;N/A;N/A;N/A;N/A;N/A;N/A;N/A;N/A;N/A;N/A;N/A;N/A;N/A;N/A;N/A;N/A;N/A;N/A;N/A;N/A;N/A;N/A;N/A;N/A;N/A;N/A;N/A;N/A;N/A;N/A;N/A;N/A;N/A;N/A;N/A;N/A;N/A;N/A;N/A;N/A;N/A;N/A;N/A;N/A;N/A;Sí;N/A;Sí;N/A;N/A;N/A;Sí;Sí;N/A;N/A
Toyota;Hilux;"srv 4x4 3.0";2015;"333000 km";;"ZONAOESTE AUTOMOTORES";36900;;;;;"Pan de Azúcar";https://auto.mercadolibre.com.uy/MLU-697911690-toyota-hilux-srv-4x4-30-_JM;N/A;;"Toyota Hilux Srv 4x4 3.0";USD;Sí;silver;false;N/A;N/A;http://perfil.mercadolibre.com.uy/ZONAOESTE+AUTOMOTORES;active;N/A;N/A;Usado;N/A;N/A;N/A;N/A;N/A;N/A;N/A;N/A;N/A;N/A;N/A;N/A;N/A;N/A;N/A;N/A;N/A;N/A;N/A;N/A;N/A;N/A;N/A;N/A;N/A;N/A;N/A;N/A;N/A;N/A;N/A;N/A;N/A;N/A;N/A;N/A;N/A;N/A;N/A;N/A;N/A;N/A;N/A;N/A;N/A;N/A;N/A;N/A;N/A;N/A;N/A;N/A;N/A;N/A;N/A;N/A;N/A;N/A;N/A;N/A;N/A;N/A;N/A;N/A;N/A;N/A;N/A;N/A;N/A;N/A;N/A;N/A;N/A;N/A;N/A;N/A;N/A;N/A;N/A;N/A;N/A;N/A;N/A;N/A;N/A;N/A;N/A;N/A;N/A;N/A;N/A;N/A;N/A;N/A;N/A;N/A;N/A;N/A;N/A;N/A;N/A;N/A;N/A;N/A;N/A;N/A;N/A;N/A;4;N/A;Diésel;N/A;N/A;"Autos y camionetas";N/A;N/A;N/A;N/A;N/A;N/A;N/A;N/A;N/A;N/A;N/A;N/A;N/A;N/A;N/A;N/A;N/A;N/A;N/A;N/A;N/A;N/A;N/A;N/A;N/A;N/A;N/A;N/A;N/A;N/A;N/A;N/A;N/A;N/A;N/A;N/A;N/A;N/A;N/A;N/A;N/A;N/A;N/A;N/A;N/A;N/A;N/A;N/A;N/A;N/A;N/A;N/A;N/A;N/A;N/A;N/A;N/A;N/A;N/A;N/A;N/A;N/A;N/A;N/A;N/A;N/A;N/A;N/A;N/A;N/A;N/A;N/A;N/A;N/A;N/A;N/A;N/A;N/A;N/A;N/A;N/A;N/A;N/A;N/A;N/A;N/A;N/A;N/A;N/A;N/A;N/A;N/A;N/A;N/A;N/A;N/A;N/A;N/A;N/A;N/A;N/A;N/A;N/A;N/A;N/A;N/A;N/A;N/A;N/A;N/A;N/A;N/A;N/A;N/A;N/A;N/A;N/A;N/A;N/A;N/A;N/A;N/A
Toyota;Hilux;"SRV  4X4  U$S  15.000 + CUOTAS";2017;"123000 km";;KAITACAR;29000;;;;;Solymar;https://auto.mercadolibre.com.uy/MLU-697400530-toyota-hilux-srv-4x4-us-14500-cuotas-_JM;N/A;;"Toyota Hilux  Srv 4x4  U$s 14.500 + Cuotas ";USD;Sí;silver;false;N/A;N/A;http://perfil.mercadolibre.com.uy/KAITACAR;active;N/A;N/A;Usado;Gris;N/A;Hidráulica;4x4;Sí;Sí;N/A;N/A;N/A;Sí;N/A;N/A;N/A;N/A;N/A;Sí;Sí;N/A;N/A;N/A;N/A;N/A;N/A;N/A;N/A;N/A;N/A;N/A;N/A;N/A;N/A;N/A;N/A;N/A;N/A;N/A;N/A;N/A;N/A;N/A;N/A;N/A;N/A;N/A;N/A;N/A;N/A;N/A;N/A;N/A;N/A;N/A;N/A;N/A;N/A;N/A;N/A;N/A;N/A;N/A;N/A;N/A;N/A;N/A;N/A;N/A;N/A;N/A;N/A;N/A;N/A;N/A;N/A;N/A;N/A;N/A;N/A;N/A;N/A;N/A;N/A;N/A;N/A;N/A;N/A;N/A;N/A;N/A;N/A;N/A;N/A;N/A;N/A;Sí;Sí;N/A;Sí;Sí;N/A;N/A;N/A;N/A;N/A;N/A;N/A;N/A;N/A;"Lunes a Sabados de 8 a 20 Hs.";4;2.7;Nafta;Manual;Pick-Up;"Autos y camionetas";N/A;N/A;N/A;N/A;N/A;N/A;N/A;N/A;N/A;N/A;N/A;N/A;N/A;N/A;N/A;N/A;N/A;N/A;N/A;N/A;N/A;N/A;N/A;N/A;Sí;N/A;N/A;N/A;N/A;N/A;N/A;N/A;N/A;N/A;N/A;N/A;N/A;N/A;N/A;N/A;N/A;N/A;N/A;N/A;N/A;N/A;N/A;N/A;N/A;N/A;N/A;N/A;N/A;N/A;N/A;N/A;N/A;N/A;N/A;N/A;N/A;N/A;N/A;N/A;N/A;N/A;N/A;N/A;N/A;N/A;N/A;N/A;N/A;N/A;N/A;N/A;N/A;N/A;N/A;N/A;N/A;N/A;N/A;N/A;N/A;N/A;N/A;N/A;N/A;N/A;N/A;N/A;N/A;N/A;N/A;N/A;Sí;Sí;Sí;N/A;Sí;N/A;N/A;N/A;N/A;Sí;Sí;Sí;Sí;N/A;N/A;Sí;Sí;N/A;N/A;N/A;N/A;N/A;N/A;N/A;N/A;N/A
Toyota;Hilux;"3.0 Cd Sr Tdi 171cv 4x4";2012;"260000 km";;"AUTOMOTORA ALFACAR";34500;;;;;Castillos;https://auto.mercadolibre.com.uy/MLU-696854430-toyota-hilux-_JM;N/A;;"Toyota Hilux";usd;Sí;silver;false;N/A;N/A;http://perfil.mercadolibre.com.uy/AUTOMOTORA+ALFACAR;active;N/A;N/A;Usado;Azul;N/A;Hidráulica;4x4;Sí;N/A;Sí;N/A;N/A;N/A;N/A;N/A;N/A;N/A;N/A;N/A;N/A;N/A;N/A;N/A;N/A;N/A;N/A;N/A;N/A;N/A;N/A;N/A;N/A;"2860 mm";"3 L";"80 L";5;N/A;N/A;N/A;N/A;N/A;N/A;N/A;N/A;N/A;N/A;N/A;N/A;N/A;N/A;N/A;N/A;N/A;N/A;N/A;N/A;N/A;N/A;N/A;N/A;N/A;N/A;N/A;N/A;N/A;N/A;N/A;N/A;N/A;N/A;N/A;N/A;N/A;N/A;N/A;N/A;N/A;N/A;N/A;N/A;N/A;"1860 mm";"5260 mm";N/A;N/A;N/A;N/A;5;"171 hp";Sr;N/A;4;"1855 mm";N/A;N/A;N/A;N/A;N/A;N/A;N/A;N/A;N/A;N/A;N/A;N/A;N/A;N/A;N/A;N/A;N/A;"Lunes a viernes 9 a 18";4;3.0;Diésel;Manual;Pick-Up;"Autos y camionetas";N/A;N/A;N/A;N/A;N/A;N/A;UY;N/A;N/A;N/A;N/A;N/A;N/A;N/A;N/A;N/A;N/A;N/A;N/A;N/A;N/A;N/A;N/A;N/A;N/A;N/A;N/A;N/A;N/A;N/A;N/A;N/A;N/A;N/A;N/A;N/A;N/A;N/A;N/A;N/A;N/A;N/A;N/A;N/A;N/A;N/A;N/A;N/A;N/A;N/A;N/A;N/A;N/A;N/A;N/A;N/A;N/A;N/A;N/A;N/A;N/A;N/A;N/A;N/A;N/A;N/A;N/A;N/A;N/A;N/A;N/A;N/A;N/A;N/A;N/A;N/A;N/A;N/A;N/A;N/A;N/A;N/A;N/A;N/A;N/A;N/A;N/A;N/A;N/A;N/A;N/A;N/A;N/A;N/A;N/A;N/A;N/A;N/A;N/A;N/A;N/A;N/A;N/A;N/A;N/A;N/A;N/A;N/A;N/A;N/A;N/A;N/A;Sí;N/A;Sí;N/A;N/A;N/A;N/A;Sí;N/A;N/A
Toyota;Hilux;"2.5 Cs Dx Tdi 120cv 4x4";2012;"348000 km";;LAJA8921767;24900;;;;;"Cumbres De Carrasco";https://auto.mercadolibre.com.uy/MLU-699237194-toyota-hilux-2012-25-dx-tdi-120cv-4x4-_JM;N/A;;"Toyota Hilux 2012 2.5  Dx Tdi 120cv 4x4 ";usd;Sí;silver;false;N/A;N/A;http://perfil.mercadolibre.com.uy/LAJA8921767;active;N/A;N/A;Usado;N/A;N/A;Hidráulica;4x4;Sí;N/A;N/A;N/A;N/A;N/A;N/A;N/A;N/A;N/A;N/A;N/A;N/A;N/A;N/A;N/A;N/A;N/A;N/A;N/A;N/A;N/A;N/A;N/A;N/A;"2860 mm";"2.5 L";"80 L";5;N/A;N/A;N/A;N/A;N/A;N/A;N/A;N/A;N/A;N/A;N/A;N/A;N/A;N/A;N/A;N/A;N/A;N/A;N/A;N/A;N/A;N/A;N/A;N/A;N/A;N/A;N/A;N/A;N/A;N/A;N/A;N/A;N/A;N/A;N/A;N/A;N/A;N/A;N/A;N/A;N/A;N/A;N/A;N/A;N/A;"1795 mm";"5260 mm";N/A;N/A;N/A;N/A;3;"120 hp";Dx;N/A;4;"1855 mm";N/A;N/A;N/A;N/A;N/A;N/A;N/A;N/A;N/A;N/A;N/A;N/A;N/A;N/A;N/A;N/A;N/A;N/A;4;2.5;Diésel;Manual;Pick-Up;"Autos y camionetas";N/A;N/A;N/A;N/A;N/A;N/A;UY;N/A;N/A;N/A;N/A;N/A;N/A;N/A;N/A;N/A;N/A;N/A;N/A;N/A;N/A;N/A;N/A;N/A;N/A;N/A;N/A;N/A;N/A;N/A;N/A;N/A;N/A;N/A;N/A;N/A;N/A;N/A;N/A;N/A;N/A;N/A;N/A;N/A;N/A;N/A;N/A;N/A;N/A;N/A;N/A;N/A;N/A;N/A;N/A;N/A;N/A;N/A;N/A;N/A;N/A;N/A;N/A;N/A;N/A;N/A;N/A;N/A;N/A;N/A;N/A;N/A;N/A;N/A;N/A;N/A;N/A;N/A;N/A;N/A;N/A;N/A;N/A;N/A;N/A;N/A;N/A;N/A;N/A;N/A;N/A;N/A;N/A;N/A;N/A;N/A;N/A;N/A;N/A;N/A;N/A;N/A;N/A;N/A;N/A;N/A;N/A;N/A;N/A;N/A;N/A;N/A;N/A;N/A;Sí;N/A;N/A;N/A;N/A;N/A;N/A;N/A
Toyota;"Corolla Cross";"1.8 Xei Hybrid E-cvt";2024;"0 km";;"VALLA HNOS";40990;;;;;Juanicó;https://auto.mercadolibre.com.uy/MLU-690648356-toyota-corolla-cross-xei-hybrid-0k-entrega-inmediata-_JM;N/A;;"Toyota Corolla Cross Xei Hybrid 0.k. Entrega Inmediata";usd;Sí;silver;false;N/A;N/A;http://perfil.mercadolibre.com.uy/VALLA+HNOS;active;N/A;N/A;Nuevo;Gris;N/A;Eléctrica;4x2;Sí;N/A;Sí;N/A;N/A;N/A;N/A;N/A;N/A;N/A;N/A;N/A;N/A;N/A;N/A;N/A;N/A;N/A;N/A;N/A;N/A;N/A;N/A;N/A;N/A;"2660 mm";"1.8 L";"60 L";5;N/A;N/A;N/A;N/A;N/A;N/A;N/A;N/A;N/A;N/A;N/A;N/A;N/A;N/A;N/A;N/A;N/A;N/A;N/A;N/A;N/A;N/A;N/A;N/A;N/A;N/A;N/A;N/A;N/A;N/A;N/A;N/A;N/A;N/A;N/A;N/A;N/A;N/A;N/A;N/A;N/A;N/A;N/A;N/A;N/A;"1715 mm";"4570 mm";N/A;N/A;N/A;N/A;5;"146 hp";Xei;N/A;4;"1845 mm";N/A;N/A;N/A;N/A;N/A;N/A;N/A;N/A;N/A;N/A;N/A;"10.9 km/l";N/A;N/A;N/A;N/A;N/A;N/A;5;1.8;Híbrido;Automática;SUV;"Autos y camionetas";N/A;N/A;N/A;N/A;N/A;N/A;UY;N/A;N/A;N/A;N/A;N/A;N/A;N/A;N/A;N/A;N/A;N/A;N/A;N/A;N/A;N/A;N/A;N/A;N/A;N/A;N/A;N/A;N/A;N/A;N/A;N/A;N/A;N/A;N/A;N/A;N/A;N/A;N/A;N/A;N/A;N/A;N/A;N/A;N/A;N/A;N/A;N/A;N/A;N/A;N/A;N/A;N/A;N/A;N/A;N/A;N/A;N/A;N/A;N/A;N/A;N/A;N/A;N/A;N/A;N/A;N/A;N/A;N/A;N/A;N/A;N/A;N/A;N/A;N/A;N/A;N/A;N/A;N/A;N/A;N/A;N/A;N/A;N/A;N/A;N/A;N/A;N/A;N/A;N/A;N/A;N/A;N/A;N/A;N/A;N/A;N/A;N/A;N/A;N/A;N/A;N/A;N/A;N/A;N/A;N/A;N/A;N/A;N/A;N/A;N/A;N/A;Sí;N/A;Sí;N/A;N/A;N/A;N/A;Sí;N/A;N/A
Toyota;Hilux;"SR  4X2";2020;"115000 km";;"OLIVERA AUTOMOTORES";42800;;;;;Salto;https://auto.mercadolibre.com.uy/MLU-688157080-toyota-hilux-sr-4x2-_JM;N/A;;"Toyota Hilux Sr 4x2 ";usd;Sí;silver;false;N/A;N/A;http://perfil.mercadolibre.com.uy/OLIVERA+AUTOMOTORES;active;N/A;N/A;Usado;Blanco;N/A;Hidráulica;4x2;Sí;N/A;Sí;N/A;N/A;N/A;N/A;N/A;N/A;N/A;N/A;N/A;N/A;N/A;N/A;N/A;N/A;N/A;N/A;N/A;N/A;N/A;N/A;N/A;N/A;"2860 mm";"2.7 L";"80 L";5;N/A;N/A;N/A;N/A;N/A;N/A;N/A;N/A;N/A;Sí;N/A;N/A;N/A;N/A;N/A;N/A;N/A;N/A;N/A;N/A;N/A;N/A;N/A;N/A;N/A;N/A;N/A;N/A;N/A;N/A;N/A;N/A;N/A;Sí;N/A;N/A;N/A;N/A;N/A;N/A;N/A;N/A;N/A;N/A;N/A;"1850 mm";"5260 mm";N/A;N/A;N/A;N/A;5;"177 hp";Sr;N/A;2;"1855 mm";N/A;Sí;N/A;N/A;N/A;N/A;N/A;N/A;N/A;N/A;N/A;N/A;N/A;N/A;N/A;N/A;N/A;N/A;4;2.4;Diésel;Manual;Pick-Up;"Autos y camionetas";N/A;N/A;N/A;N/A;N/A;N/A;UY;N/A;Sí;N/A;N/A;N/A;N/A;N/A;N/A;N/A;N/A;N/A;N/A;N/A;N/A;N/A;N/A;N/A;N/A;N/A;N/A;N/A;N/A;N/A;N/A;N/A;N/A;N/A;N/A;N/A;N/A;N/A;N/A;N/A;N/A;N/A;N/A;N/A;N/A;N/A;N/A;N/A;N/A;N/A;N/A;N/A;N/A;N/A;N/A;N/A;N/A;N/A;N/A;N/A;N/A;N/A;N/A;N/A;N/A;N/A;N/A;N/A;N/A;N/A;N/A;N/A;N/A;N/A;N/A;N/A;N/A;N/A;N/A;N/A;N/A;N/A;N/A;N/A;N/A;N/A;N/A;N/A;N/A;N/A;N/A;N/A;N/A;N/A;N/A;N/A;N/A;N/A;N/A;N/A;N/A;N/A;N/A;N/A;N/A;N/A;N/A;N/A;N/A;N/A;N/A;N/A;Sí;N/A;Sí;N/A;N/A;N/A;Sí;Sí;N/A;N/A
Toyota;"Corolla Cross";Xei;2025;"0 km";;"KAITAZOFF MOTORS.";40990;;;;;Malvin;https://auto.mercadolibre.com.uy/MLU-642718295-toyota-corolla-cross-xei-18-2025-0km-_JM;N/A;;"Toyota Corolla Cross Xei 1.8 2025 0km";USD;Sí;silver;false;N/A;N/A;http://perfil.mercadolibre.com.uy/KAITAZOFF+MOTORS.;active;N/A;N/A;Nuevo;Blanco;N/A;Eléctrica;N/A;N/A;Sí;Sí;N/A;N/A;N/A;Sí;Sí;N/A;Sí;N/A;Sí;Sí;N/A;Sí;N/A;N/A;N/A;N/A;N/A;N/A;N/A;N/A;N/A;N/A;N/A;"1800 cc";N/A;N/A;N/A;N/A;Sí;Sí;Sí;N/A;N/A;N/A;N/A;N/A;N/A;N/A;N/A;N/A;N/A;N/A;N/A;N/A;N/A;N/A;N/A;N/A;N/A;Sí;N/A;Sí;N/A;Sí;N/A;N/A;N/A;N/A;N/A;N/A;N/A;N/A;Sí;N/A;N/A;N/A;N/A;N/A;N/A;N/A;N/A;N/A;N/A;N/A;N/A;N/A;N/A;N/A;"122 hp";Xei;N/A;N/A;N/A;N/A;N/A;N/A;Sí;Sí;N/A;Sí;Sí;Sí;N/A;Sí;N/A;N/A;N/A;N/A;N/A;Sí;"Lun. a Vie. de 9 a 13 y 14 a 18:30 hs. Sáb. de 10 a 13 hs.";5;1.8;Híbrido;Automática;SUV;"Autos y camionetas";No;N/A;N/A;N/A;No;N/A;N/A;No;Sí;No;No;N/A;N/A;N/A;N/A;N/A;N/A;N/A;N/A;N/A;N/A;N/A;N/A;N/A;N/A;N/A;N/A;N/A;N/A;N/A;N/A;N/A;N/A;N/A;N/A;N/A;N/A;N/A;N/A;N/A;N/A;N/A;N/A;Sí;N/A;N/A;N/A;N/A;N/A;N/A;N/A;N/A;N/A;N/A;N/A;N/A;N/A;N/A;N/A;N/A;N/A;Sí;No;N/A;N/A;N/A;N/A;N/A;N/A;N/A;N/A;N/A;N/A;N/A;N/A;N/A;N/A;N/A;N/A;N/A;N/A;N/A;N/A;N/A;N/A;N/A;N/A;N/A;N/A;N/A;N/A;N/A;N/A;N/A;N/A;N/A;Sí;Sí;Sí;Sí;Sí;Sí;Sí;N/A;N/A;Sí;Sí;Sí;N/A;N/A;Sí;Sí;N/A;N/A;Sí;Sí;Sí;N/A;N/A;N/A;N/A;Sí
Toyota;4Runner;"3.0 Diesel";2005;"310000 km";;SAPORTAELIAS;20900;;;;;Solymar;https://auto.mercadolibre.com.uy/MLU-645514673-toyota-4runner-diesel-_JM;N/A;;"Toyota 4runner Diesel";USD;No;silver;false;N/A;N/A;http://perfil.mercadolibre.com.uy/SAPORTAELIAS;active;N/A;N/A;Usado;Gris;N/A;N/A;N/A;N/A;N/A;N/A;N/A;N/A;N/A;N/A;N/A;N/A;N/A;N/A;N/A;N/A;N/A;N/A;N/A;N/A;N/A;N/A;N/A;N/A;N/A;N/A;N/A;N/A;N/A;N/A;N/A;N/A;N/A;N/A;N/A;N/A;N/A;N/A;N/A;N/A;N/A;N/A;N/A;N/A;N/A;N/A;N/A;N/A;N/A;N/A;N/A;N/A;N/A;N/A;N/A;N/A;N/A;N/A;N/A;N/A;N/A;N/A;N/A;N/A;N/A;N/A;N/A;N/A;N/A;N/A;N/A;N/A;N/A;N/A;N/A;N/A;N/A;N/A;N/A;N/A;N/A;N/A;N/A;N/A;N/A;N/A;N/A;N/A;N/A;N/A;N/A;N/A;N/A;N/A;N/A;N/A;N/A;N/A;N/A;N/A;N/A;N/A;N/A;N/A;N/A;N/A;"Lunes a Viernes 10 a 17 Sabados 9 a 12";5;N/A;Diésel;N/A;N/A;"Autos y camionetas";N/A;N/A;N/A;N/A;N/A;N/A;N/A;N/A;N/A;N/A;N/A;N/A;N/A;N/A;N/A;N/A;N/A;N/A;N/A;N/A;N/A;N/A;N/A;N/A;N/A;N/A;N/A;N/A;N/A;N/A;N/A;N/A;N/A;N/A;N/A;N/A;N/A;N/A;N/A;N/A;N/A;N/A;N/A;N/A;N/A;N/A;N/A;N/A;N/A;N/A;N/A;N/A;N/A;N/A;N/A;N/A;N/A;N/A;N/A;N/A;N/A;N/A;N/A;N/A;N/A;N/A;N/A;N/A;N/A;N/A;N/A;N/A;N/A;N/A;N/A;N/A;N/A;N/A;N/A;N/A;N/A;N/A;N/A;N/A;N/A;N/A;N/A;N/A;N/A;N/A;N/A;N/A;N/A;N/A;N/A;N/A;N/A;N/A;N/A;N/A;N/A;N/A;N/A;N/A;N/A;N/A;N/A;N/A;N/A;N/A;N/A;N/A;N/A;N/A;N/A;N/A;N/A;N/A;N/A;N/A;N/A;N/A
Toyota;Hilux;"2.7 Cd Srv Vvti 4x4 - A3";2016;"220000 km";;ANDRESGONZALEZ006;26900;;;;;Cardona;https://auto.mercadolibre.com.uy/MLU-690288892-toyota-hilux-2016-27-cd-srv-vvti-4x4-a3-_JM;N/A;;"Toyota Hilux 2016 2.7 Cd Srv Vvti 4x4 - A3";usd;Sí;silver;false;N/A;N/A;http://perfil.mercadolibre.com.uy/ANDRESGONZALEZ006;active;N/A;N/A;Usado;N/A;N/A;Hidráulica;4x4;Sí;N/A;Sí;N/A;N/A;N/A;N/A;N/A;N/A;N/A;N/A;N/A;N/A;N/A;N/A;N/A;N/A;N/A;N/A;N/A;N/A;N/A;N/A;N/A;N/A;"2860 mm";"2.7 L";"80 L";5;N/A;N/A;N/A;N/A;N/A;N/A;N/A;N/A;N/A;Sí;N/A;N/A;N/A;N/A;N/A;N/A;N/A;N/A;N/A;N/A;N/A;N/A;N/A;N/A;N/A;N/A;N/A;N/A;N/A;N/A;N/A;N/A;N/A;Sí;N/A;N/A;N/A;N/A;N/A;N/A;N/A;N/A;N/A;N/A;N/A;"1860 mm";"5260 mm";N/A;N/A;N/A;N/A;5;"160 hp";Srv;N/A;4;"1855 mm";N/A;Sí;N/A;N/A;N/A;N/A;N/A;N/A;N/A;N/A;N/A;N/A;N/A;N/A;N/A;N/A;N/A;N/A;4;2.7;Nafta;Manual;Pick-Up;"Autos y camionetas";N/A;N/A;N/A;N/A;N/A;N/A;UY;N/A;N/A;N/A;N/A;N/A;N/A;N/A;N/A;N/A;N/A;N/A;N/A;N/A;N/A;N/A;N/A;N/A;N/A;N/A;N/A;N/A;N/A;N/A;N/A;N/A;N/A;N/A;N/A;N/A;N/A;N/A;N/A;N/A;N/A;N/A;N/A;N/A;N/A;N/A;N/A;N/A;N/A;N/A;N/A;N/A;N/A;N/A;N/A;N/A;N/A;N/A;N/A;N/A;N/A;N/A;N/A;N/A;N/A;N/A;N/A;N/A;N/A;N/A;N/A;N/A;N/A;N/A;N/A;N/A;N/A;N/A;N/A;N/A;N/A;N/A;N/A;N/A;N/A;N/A;N/A;N/A;N/A;N/A;N/A;N/A;N/A;N/A;N/A;N/A;N/A;N/A;N/A;N/A;N/A;N/A;N/A;N/A;N/A;N/A;N/A;N/A;N/A;N/A;N/A;N/A;Sí;N/A;Sí;N/A;N/A;N/A;Sí;Sí;N/A;N/A
Toyota;Hilux;"2.8 Tdi Cd Srv Plus 4X4 At";2021;"78000 km";;TATINMOL;65000;;;;;Dolores;https://auto.mercadolibre.com.uy/MLU-701542794-toyota-hilux-28-tdi-cd-srv-plus-4x4-at-_JM;N/A;;"Toyota Hilux 2.8 Tdi Cd Srv Plus 4x4 At";usd;Sí;silver;false;N/A;N/A;http://perfil.mercadolibre.com.uy/TATINMOL;active;N/A;N/A;Usado;Blanco;Sí;Hidráulica;4x4;Sí;Sí;Sí;N/A;N/A;Sí;N/A;N/A;Sí;N/A;N/A;Sí;Sí;N/A;N/A;N/A;N/A;N/A;N/A;N/A;N/A;N/A;N/A;N/A;N/A;"3085 mm";"2.8 L";"80 L";6;N/A;N/A;N/A;N/A;N/A;N/A;N/A;N/A;N/A;N/A;N/A;N/A;N/A;N/A;N/A;N/A;N/A;N/A;N/A;N/A;N/A;N/A;N/A;N/A;N/A;N/A;N/A;N/A;N/A;N/A;N/A;N/A;N/A;N/A;N/A;N/A;N/A;N/A;N/A;N/A;N/A;N/A;N/A;N/A;N/A;"1815 mm";"5325 mm";N/A;N/A;N/A;N/A;5;"204 hp";"Srv Plus";N/A;4;"1855 mm";N/A;N/A;N/A;N/A;N/A;N/A;Sí;Sí;N/A;N/A;N/A;N/A;N/A;N/A;N/A;N/A;N/A;N/A;4;2.8;Diésel;Automática;Pick-Up;"Autos y camionetas";N/A;N/A;N/A;N/A;N/A;N/A;UY;N/A;N/A;N/A;N/A;N/A;N/A;N/A;N/A;N/A;N/A;N/A;N/A;N/A;N/A;N/A;N/A;N/A;Sí;N/A;N/A;N/A;N/A;N/A;N/A;N/A;N/A;N/A;N/A;N/A;N/A;N/A;N/A;N/A;N/A;N/A;N/A;N/A;N/A;N/A;N/A;N/A;N/A;N/A;N/A;N/A;N/A;N/A;N/A;N/A;N/A;N/A;N/A;N/A;N/A;N/A;N/A;N/A;N/A;N/A;N/A;N/A;N/A;N/A;N/A;N/A;N/A;N/A;N/A;N/A;N/A;N/A;N/A;N/A;N/A;N/A;N/A;N/A;N/A;N/A;N/A;N/A;N/A;N/A;N/A;N/A;N/A;N/A;N/A;N/A;Sí;Sí;N/A;N/A;Sí;N/A;N/A;N/A;N/A;Sí;N/A;N/A;Sí;N/A;N/A;Sí;Sí;Sí;Sí;N/A;N/A;N/A;N/A;Sí;N/A;N/A
Toyota;Corolla;"1.8 Xli Aut";2018;"210000 km";;ALINEA1;19000;;;;;"Treinta y Tres";https://auto.mercadolibre.com.uy/MLU-697819040-toyota-corolla-18-xli-aut-_JM;N/A;;"Toyota Corolla 1.8 Xli Aut";usd;Sí;silver;false;N/A;N/A;http://perfil.mercadolibre.com.uy/ALINEA1;active;N/A;N/A;Usado;Gris;Sí;Eléctrica;Delantera;Sí;N/A;Sí;N/A;N/A;N/A;N/A;N/A;N/A;N/A;N/A;N/A;N/A;N/A;N/A;N/A;N/A;N/A;N/A;N/A;N/A;N/A;N/A;N/A;N/A;"2700 mm";"1.8 L";"57 L";7;N/A;N/A;N/A;N/A;N/A;N/A;N/A;N/A;N/A;N/A;N/A;N/A;N/A;N/A;N/A;N/A;N/A;N/A;N/A;N/A;N/A;N/A;N/A;N/A;N/A;N/A;N/A;N/A;N/A;N/A;N/A;N/A;N/A;N/A;N/A;N/A;N/A;N/A;N/A;N/A;N/A;N/A;N/A;N/A;N/A;"1460 mm";"4620 mm";N/A;N/A;N/A;N/A;5;"140 hp";Xli;N/A;4;"1775 mm";"13.5 km/l";N/A;N/A;N/A;N/A;N/A;N/A;N/A;N/A;N/A;N/A;N/A;N/A;N/A;N/A;N/A;N/A;N/A;4;1.8;Nafta;Automática;Sedán;"Autos y camionetas";N/A;N/A;N/A;N/A;N/A;N/A;UY;N/A;N/A;N/A;N/A;N/A;N/A;N/A;N/A;N/A;N/A;N/A;N/A;N/A;N/A;N/A;N/A;N/A;N/A;N/A;N/A;N/A;N/A;N/A;N/A;N/A;N/A;N/A;N/A;N/A;N/A;N/A;N/A;N/A;N/A;N/A;N/A;N/A;N/A;N/A;N/A;N/A;N/A;N/A;N/A;N/A;N/A;N/A;N/A;N/A;N/A;N/A;N/A;N/A;N/A;N/A;N/A;N/A;N/A;N/A;N/A;N/A;N/A;N/A;N/A;N/A;N/A;N/A;N/A;N/A;N/A;N/A;N/A;N/A;N/A;N/A;N/A;N/A;N/A;N/A;N/A;N/A;N/A;N/A;N/A;N/A;N/A;N/A;N/A;N/A;N/A;N/A;N/A;N/A;N/A;N/A;N/A;N/A;N/A;N/A;N/A;N/A;N/A;N/A;N/A;N/A;Sí;N/A;Sí;N/A;N/A;N/A;N/A;Sí;N/A;N/A
Toyota;Fortuner;"2.7 Cd Srv Vvti 4x2";2013;"180000 km";;CARRATTOAUTOMOVILES17;34800;;;;;Trinidad;https://auto.mercadolibre.com.uy/MLU-697728006-toyota-fortuner-27-_JM;N/A;;"Toyota Fortuner 2.7";USD;Sí;silver;false;N/A;N/A;http://perfil.mercadolibre.com.uy/CARRATTOAUTOMOVILES17;active;N/A;N/A;Usado;Negro;N/A;Hidráulica;N/A;N/A;N/A;N/A;N/A;N/A;N/A;N/A;N/A;N/A;N/A;N/A;N/A;N/A;N/A;N/A;N/A;N/A;N/A;N/A;N/A;N/A;N/A;N/A;N/A;N/A;N/A;N/A;N/A;N/A;N/A;N/A;N/A;N/A;N/A;N/A;N/A;N/A;N/A;N/A;N/A;N/A;N/A;N/A;N/A;N/A;N/A;N/A;N/A;N/A;N/A;N/A;N/A;N/A;N/A;N/A;N/A;N/A;N/A;N/A;N/A;N/A;N/A;N/A;N/A;N/A;N/A;N/A;N/A;N/A;N/A;N/A;N/A;N/A;N/A;N/A;N/A;N/A;N/A;N/A;N/A;N/A;N/A;N/A;N/A;N/A;N/A;N/A;N/A;N/A;N/A;N/A;N/A;N/A;N/A;N/A;N/A;N/A;N/A;N/A;N/A;N/A;N/A;N/A;N/A;4;N/A;Nafta;N/A;N/A;"Autos y camionetas";N/A;N/A;N/A;N/A;N/A;N/A;N/A;N/A;N/A;N/A;N/A;N/A;N/A;N/A;N/A;N/A;N/A;N/A;N/A;N/A;N/A;N/A;N/A;N/A;N/A;N/A;N/A;N/A;N/A;N/A;N/A;N/A;N/A;N/A;N/A;N/A;N/A;N/A;N/A;N/A;N/A;N/A;N/A;N/A;N/A;N/A;N/A;N/A;N/A;N/A;N/A;N/A;N/A;N/A;N/A;N/A;N/A;N/A;N/A;N/A;N/A;N/A;N/A;N/A;N/A;N/A;N/A;N/A;N/A;N/A;N/A;N/A;N/A;N/A;N/A;N/A;N/A;N/A;N/A;N/A;N/A;N/A;N/A;N/A;N/A;N/A;N/A;N/A;N/A;N/A;N/A;N/A;N/A;N/A;N/A;N/A;N/A;N/A;N/A;N/A;N/A;N/A;N/A;N/A;N/A;N/A;N/A;N/A;N/A;N/A;N/A;N/A;N/A;N/A;N/A;N/A;N/A;N/A;N/A;N/A;N/A;N/A
Toyota;Hilux;"2.4 Tdi Cd Sr 4X4 At";2023;"0 km";;CARRATTOAUTOMOVILES17;65990;;;;;Trinidad;https://auto.mercadolibre.com.uy/MLU-697740872-toyota-hilux-24-tdi-cd-sr-4x4-at-_JM;N/A;;"Toyota Hilux 2.4 Tdi Cd Sr 4x4 At";usd;Sí;silver;false;N/A;N/A;http://perfil.mercadolibre.com.uy/CARRATTOAUTOMOVILES17;active;N/A;N/A;Nuevo;Blanco;N/A;N/A;4x4;N/A;N/A;N/A;N/A;N/A;N/A;N/A;N/A;N/A;N/A;N/A;N/A;N/A;N/A;N/A;N/A;N/A;N/A;N/A;N/A;N/A;N/A;N/A;N/A;N/A;"3085 mm";"2.4 L";"80 L";6;N/A;N/A;N/A;N/A;N/A;N/A;N/A;N/A;N/A;N/A;N/A;N/A;N/A;N/A;N/A;N/A;N/A;N/A;N/A;N/A;N/A;N/A;N/A;N/A;N/A;N/A;N/A;N/A;N/A;N/A;N/A;N/A;N/A;N/A;N/A;N/A;N/A;N/A;N/A;N/A;N/A;N/A;N/A;N/A;N/A;"1815 mm";"5325 mm";N/A;N/A;N/A;N/A;5;"150 hp";Sr;N/A;4;"1855 mm";N/A;N/A;N/A;N/A;N/A;N/A;N/A;N/A;N/A;N/A;N/A;N/A;N/A;N/A;N/A;N/A;N/A;N/A;4;2.4;Diésel;Automática;Pick-Up;"Autos y camionetas";N/A;N/A;N/A;N/A;N/A;N/A;UY;N/A;N/A;N/A;N/A;N/A;N/A;N/A;N/A;N/A;N/A;N/A;N/A;N/A;N/A;N/A;N/A;N/A;N/A;N/A;N/A;N/A;N/A;N/A;N/A;N/A;N/A;N/A;N/A;N/A;N/A;N/A;N/A;N/A;N/A;N/A;N/A;N/A;N/A;N/A;N/A;N/A;N/A;N/A;N/A;N/A;N/A;N/A;N/A;N/A;N/A;N/A;N/A;N/A;N/A;N/A;N/A;N/A;N/A;N/A;N/A;N/A;N/A;N/A;N/A;N/A;N/A;N/A;N/A;N/A;N/A;N/A;N/A;N/A;N/A;N/A;N/A;N/A;N/A;N/A;N/A;N/A;N/A;N/A;N/A;N/A;N/A;N/A;N/A;N/A;N/A;N/A;N/A;N/A;N/A;N/A;N/A;N/A;N/A;N/A;N/A;N/A;N/A;N/A;N/A;N/A;N/A;N/A;N/A;N/A;N/A;N/A;N/A;N/A;N/A;N/A
Toyota;Hilux;"v6 nafta";2022;"25000 km";;"BRAVO AUTOMOVILES";62000;;;;;Trinidad;https://auto.mercadolibre.com.uy/MLU-643243341-toyota-hilux-v6-nafta-_JM;N/A;;"Toyota Hilux V6 Nafta";usd;Sí;silver;false;N/A;N/A;http://perfil.mercadolibre.com.uy/BRAVO+AUTOMOVILES;active;N/A;N/A;Usado;N/A;N/A;Hidráulica;4x2;Sí;N/A;Sí;N/A;N/A;N/A;N/A;N/A;N/A;N/A;N/A;N/A;N/A;N/A;N/A;N/A;N/A;N/A;N/A;N/A;N/A;N/A;N/A;N/A;N/A;"2860 mm";"2.7 L";"80 L";5;N/A;N/A;N/A;N/A;N/A;N/A;N/A;N/A;N/A;Sí;N/A;N/A;N/A;N/A;N/A;N/A;N/A;N/A;N/A;N/A;N/A;N/A;N/A;N/A;N/A;N/A;N/A;N/A;N/A;N/A;N/A;N/A;N/A;Sí;N/A;N/A;N/A;N/A;N/A;N/A;N/A;N/A;N/A;N/A;N/A;"1850 mm";"5260 mm";N/A;N/A;N/A;N/A;5;"177 hp";Dx;N/A;2;"1855 mm";N/A;Sí;N/A;N/A;N/A;N/A;N/A;N/A;N/A;N/A;N/A;N/A;N/A;N/A;N/A;N/A;N/A;N/A;4;2.7;Nafta;Manual;Pick-Up;"Autos y camionetas";N/A;N/A;N/A;N/A;N/A;N/A;UY;N/A;N/A;N/A;N/A;N/A;N/A;N/A;N/A;N/A;N/A;N/A;N/A;N/A;N/A;N/A;N/A;N/A;N/A;N/A;N/A;N/A;N/A;N/A;N/A;N/A;N/A;N/A;N/A;N/A;N/A;N/A;N/A;N/A;N/A;N/A;N/A;N/A;N/A;N/A;N/A;N/A;N/A;N/A;N/A;N/A;N/A;N/A;N/A;N/A;N/A;N/A;N/A;N/A;N/A;N/A;N/A;N/A;N/A;N/A;N/A;N/A;N/A;N/A;N/A;N/A;N/A;N/A;N/A;N/A;N/A;N/A;N/A;N/A;N/A;N/A;N/A;N/A;N/A;N/A;N/A;N/A;N/A;N/A;N/A;N/A;N/A;N/A;N/A;N/A;N/A;N/A;N/A;N/A;N/A;N/A;N/A;N/A;N/A;N/A;N/A;N/A;N/A;N/A;N/A;N/A;Sí;N/A;Sí;N/A;N/A;N/A;Sí;Sí;N/A;N/A
Toyota;Hilux;"4x4 pick up 2.5";2015;"215000 km";;SEREYCIA.;33500;;;;;Durazno;https://auto.mercadolibre.com.uy/MLU-701227076-toyota-hilux-4x4-pick-up-25-2015-impecable-_JM;N/A;;"Toyota Hilux 4x4 Pick Up 2.5 2015 Impecable!";USD;Sí;silver;false;N/A;N/A;http://perfil.mercadolibre.com.uy/SEREYCIA.;active;N/A;N/A;Usado;Blanco;N/A;Hidráulica;N/A;Sí;N/A;N/A;N/A;N/A;N/A;N/A;N/A;N/A;N/A;N/A;N/A;N/A;N/A;N/A;N/A;N/A;N/A;N/A;N/A;N/A;N/A;N/A;N/A;N/A;N/A;N/A;N/A;5;N/A;N/A;N/A;N/A;N/A;N/A;N/A;N/A;N/A;N/A;N/A;N/A;N/A;N/A;N/A;N/A;N/A;N/A;N/A;N/A;N/A;N/A;N/A;N/A;N/A;N/A;N/A;N/A;N/A;N/A;N/A;N/A;N/A;N/A;N/A;N/A;N/A;N/A;N/A;N/A;N/A;N/A;N/A;N/A;N/A;N/A;N/A;N/A;N/A;N/A;N/A;N/A;N/A;N/A;N/A;N/A;N/A;"12 km/l";N/A;N/A;N/A;N/A;N/A;N/A;N/A;N/A;N/A;N/A;"14 km/l";N/A;N/A;N/A;N/A;N/A;"Lun. a Vie. 8:30 a 12 y 14 a 19 hs. Sáb. 8:30 a 12 hs.";2;N/A;Diésel;Manual;Pick-Up;"Autos y camionetas";No;N/A;N/A;N/A;No;N/A;N/A;No;Sí;No;No;N/A;N/A;N/A;N/A;N/A;N/A;N/A;N/A;N/A;N/A;N/A;N/A;N/A;N/A;N/A;N/A;N/A;N/A;N/A;N/A;N/A;N/A;N/A;N/A;N/A;N/A;N/A;N/A;N/A;N/A;N/A;N/A;N/A;N/A;N/A;N/A;N/A;N/A;N/A;N/A;N/A;N/A;N/A;N/A;N/A;N/A;N/A;N/A;N/A;N/A;N/A;No;N/A;N/A;N/A;N/A;N/A;N/A;N/A;N/A;N/A;N/A;N/A;N/A;N/A;N/A;N/A;N/A;N/A;N/A;N/A;N/A;N/A;N/A;N/A;N/A;N/A;N/A;N/A;N/A;N/A;N/A;N/A;N/A;N/A;N/A;N/A;N/A;N/A;N/A;N/A;N/A;N/A;N/A;N/A;N/A;N/A;N/A;N/A;N/A;N/A;N/A;N/A;N/A;N/A;N/A;N/A;N/A;N/A;N/A;N/A
Toyota;"Corolla Cross";"SEG SUV Hibrida";2024;"0 km";;VKSA2018;44990;;;;;Malvin;https://auto.mercadolibre.com.uy/MLU-635109037-toyota-corolla-cross-seg-suv-hibrida-18-2024-0km-_JM;N/A;;"Toyota Corolla Cross Seg Suv Hibrida 1.8 2024 0km";usd;Sí;silver;false;N/A;N/A;http://perfil.mercadolibre.com.uy/VKSA2018;active;N/A;N/A;Nuevo;Plateado;N/A;Eléctrica;N/A;Sí;Sí;Sí;Sí;N/A;N/A;Sí;Sí;Sí;Sí;Sí;Sí;Sí;N/A;N/A;N/A;N/A;N/A;N/A;N/A;N/A;N/A;N/A;N/A;N/A;N/A;"1800 cc";N/A;6;N/A;N/A;Sí;Sí;N/A;N/A;Sí;N/A;N/A;N/A;N/A;N/A;N/A;N/A;N/A;N/A;N/A;N/A;N/A;N/A;N/A;N/A;N/A;Sí;N/A;Sí;N/A;Sí;N/A;N/A;N/A;N/A;N/A;N/A;N/A;N/A;Sí;N/A;N/A;N/A;N/A;N/A;Sí;N/A;N/A;N/A;N/A;N/A;N/A;N/A;N/A;N/A;"122 hp";Seg;N/A;N/A;N/A;N/A;N/A;N/A;Sí;Sí;Sí;Sí;Sí;Sí;Sí;N/A;N/A;N/A;N/A;N/A;N/A;Sí;"Lun. a Vie. de 10 a 17 hs. Sábados cerrado.";5;1.8;Híbrido;Automática;SUV;"Autos y camionetas";No;N/A;N/A;N/A;No;N/A;UY;No;Sí;No;No;N/A;N/A;N/A;N/A;N/A;N/A;N/A;N/A;N/A;N/A;N/A;N/A;N/A;N/A;N/A;N/A;N/A;N/A;N/A;N/A;N/A;N/A;N/A;N/A;N/A;N/A;N/A;N/A;N/A;N/A;N/A;N/A;Sí;N/A;N/A;N/A;N/A;N/A;N/A;N/A;N/A;N/A;N/A;N/A;N/A;N/A;N/A;N/A;N/A;N/A;Sí;No;N/A;N/A;N/A;N/A;N/A;N/A;N/A;N/A;N/A;N/A;N/A;N/A;N/A;N/A;N/A;N/A;N/A;N/A;N/A;N/A;N/A;N/A;N/A;N/A;N/A;N/A;N/A;N/A;N/A;N/A;N/A;N/A;N/A;Sí;Sí;Sí;Sí;Sí;Sí;Sí;N/A;Sí;Sí;Sí;N/A;N/A;N/A;Sí;Sí;Sí;N/A;Sí;Sí;Sí;N/A;N/A;Sí;N/A;Sí
Toyota;Tercel;1.5;1995;"549692 km";;EDUARDOB11;4850;;;;;Migues;https://auto.mercadolibre.com.uy/MLU-701306910-toyota-tercel-15-_JM;N/A;;"Toyota Tercel 1.5";usd;No;silver;false;N/A;N/A;http://perfil.mercadolibre.com.uy/EDUARDOB11;active;N/A;N/A;Usado;Rojo;No;Mecánica;Delantera;Sí;N/A;N/A;N/A;N/A;N/A;N/A;N/A;N/A;N/A;N/A;N/A;N/A;N/A;N/A;N/A;N/A;N/A;N/A;N/A;N/A;N/A;N/A;N/A;N/A;"2380 mm";"1.5 L";"45 L";5;N/A;N/A;N/A;N/A;N/A;N/A;N/A;N/A;N/A;N/A;N/A;N/A;N/A;N/A;N/A;N/A;N/A;N/A;N/A;N/A;N/A;N/A;N/A;N/A;N/A;N/A;N/A;N/A;N/A;N/A;N/A;N/A;N/A;N/A;N/A;N/A;N/A;N/A;N/A;N/A;N/A;N/A;N/A;N/A;N/A;"1365 mm";"3930 mm";N/A;N/A;N/A;N/A;5;"93 hp";N/A;N/A;4;"1645 mm";N/A;N/A;N/A;N/A;N/A;N/A;N/A;N/A;N/A;N/A;N/A;N/A;N/A;N/A;N/A;N/A;N/A;"9 a 20 hs";4;1.5;Diésel;Manual;Sedán;"Autos y camionetas";N/A;N/A;N/A;N/A;N/A;N/A;UY;N/A;N/A;N/A;N/A;N/A;N/A;N/A;N/A;N/A;N/A;N/A;N/A;N/A;N/A;N/A;N/A;N/A;N/A;N/A;N/A;N/A;N/A;N/A;N/A;N/A;N/A;N/A;N/A;N/A;N/A;N/A;N/A;N/A;N/A;N/A;N/A;N/A;N/A;N/A;N/A;N/A;N/A;N/A;N/A;N/A;N/A;N/A;N/A;N/A;N/A;N/A;N/A;N/A;N/A;N/A;N/A;N/A;N/A;N/A;N/A;N/A;N/A;N/A;N/A;N/A;N/A;N/A;N/A;N/A;N/A;N/A;N/A;N/A;N/A;N/A;N/A;N/A;N/A;N/A;N/A;N/A;N/A;N/A;N/A;N/A;N/A;N/A;N/A;N/A;N/A;N/A;N/A;N/A;N/A;N/A;N/A;N/A;N/A;N/A;N/A;N/A;N/A;N/A;N/A;N/A;N/A;N/A;N/A;N/A;N/A;N/A;N/A;N/A;N/A;N/A
Toyota;"Corolla Cross";"1.8 Xei Hybrid E-cvt";2023;"66000 km";;CORRALESAUTOMOVILES;37900;;;;;Pando;https://auto.mercadolibre.com.uy/MLU-699882750-toyota-corolla-cross-xei-2023-_JM;N/A;;"Toyota Corolla Cross Xei 2023";usd;Sí;silver;false;N/A;N/A;http://perfil.mercadolibre.com.uy/CORRALESAUTOMOVILES;active;N/A;N/A;Usado;Blanco;N/A;Eléctrica;4x2;Sí;N/A;Sí;N/A;N/A;N/A;N/A;N/A;N/A;N/A;N/A;N/A;N/A;N/A;N/A;N/A;N/A;N/A;N/A;N/A;N/A;N/A;N/A;N/A;N/A;"2660 mm";"1.8 L";"60 L";5;N/A;N/A;N/A;N/A;N/A;N/A;N/A;N/A;N/A;N/A;N/A;N/A;N/A;N/A;N/A;N/A;N/A;N/A;N/A;N/A;N/A;N/A;N/A;N/A;N/A;N/A;N/A;N/A;N/A;N/A;N/A;N/A;N/A;N/A;N/A;N/A;N/A;N/A;N/A;N/A;N/A;N/A;N/A;N/A;N/A;"1715 mm";"4570 mm";N/A;N/A;N/A;N/A;5;"146 hp";Xei;N/A;4;"1845 mm";N/A;N/A;N/A;N/A;N/A;N/A;N/A;N/A;N/A;N/A;N/A;"10.9 km/l";N/A;N/A;N/A;N/A;N/A;N/A;5;1.8;Híbrido;Automática;SUV;"Autos y camionetas";N/A;N/A;N/A;N/A;N/A;N/A;UY;N/A;N/A;N/A;N/A;N/A;N/A;N/A;N/A;N/A;N/A;N/A;N/A;N/A;N/A;N/A;N/A;N/A;N/A;N/A;N/A;N/A;N/A;N/A;N/A;N/A;N/A;N/A;N/A;N/A;N/A;N/A;N/A;N/A;N/A;N/A;N/A;N/A;N/A;N/A;N/A;N/A;N/A;N/A;N/A;N/A;N/A;N/A;N/A;N/A;N/A;N/A;N/A;N/A;N/A;N/A;N/A;N/A;N/A;N/A;N/A;N/A;N/A;N/A;N/A;N/A;N/A;N/A;N/A;N/A;N/A;N/A;N/A;N/A;N/A;N/A;N/A;N/A;N/A;N/A;N/A;N/A;N/A;N/A;N/A;N/A;N/A;N/A;N/A;N/A;N/A;N/A;N/A;N/A;N/A;N/A;N/A;N/A;N/A;N/A;N/A;N/A;N/A;N/A;N/A;N/A;Sí;N/A;Sí;N/A;N/A;N/A;N/A;Sí;N/A;N/A
Toyota;Hilux;"2.7 Cd Srv Vvti 4x4 - A3";2015;"250000 km";;CARRATTOAUTOMOVILES17;22800;;;;;Trinidad;https://auto.mercadolibre.com.uy/MLU-699528112-toyota-hilux-27-cd-srv-vvti-4x4-a3-_JM;N/A;;"Toyota Hilux 2.7 Cd Srv Vvti 4x4 - A3";usd;Sí;silver;false;N/A;N/A;http://perfil.mercadolibre.com.uy/CARRATTOAUTOMOVILES17;active;N/A;N/A;Usado;Blanco;N/A;Hidráulica;4x4;Sí;N/A;Sí;N/A;N/A;N/A;N/A;N/A;N/A;N/A;N/A;N/A;N/A;N/A;N/A;N/A;N/A;N/A;N/A;N/A;N/A;N/A;N/A;N/A;N/A;"2860 mm";"2.7 L";"80 L";5;N/A;N/A;N/A;N/A;N/A;N/A;N/A;N/A;N/A;N/A;N/A;N/A;N/A;N/A;N/A;N/A;N/A;N/A;N/A;N/A;N/A;N/A;N/A;N/A;N/A;N/A;N/A;N/A;N/A;N/A;N/A;N/A;N/A;N/A;N/A;N/A;N/A;N/A;N/A;N/A;N/A;N/A;N/A;N/A;N/A;"1860 mm";"5260 mm";N/A;N/A;N/A;N/A;5;"160 hp";Srv;N/A;4;"1855 mm";N/A;Sí;N/A;N/A;N/A;N/A;N/A;N/A;N/A;N/A;N/A;N/A;N/A;N/A;N/A;N/A;N/A;N/A;4;2.7;Nafta;Manual;Pick-Up;"Autos y camionetas";N/A;N/A;N/A;N/A;N/A;N/A;UY;N/A;N/A;N/A;N/A;N/A;N/A;N/A;N/A;N/A;N/A;N/A;N/A;N/A;N/A;N/A;N/A;N/A;N/A;N/A;N/A;N/A;N/A;N/A;N/A;N/A;N/A;N/A;N/A;N/A;N/A;N/A;N/A;N/A;N/A;N/A;N/A;N/A;N/A;N/A;N/A;N/A;N/A;N/A;N/A;N/A;N/A;N/A;N/A;N/A;N/A;N/A;N/A;N/A;N/A;N/A;N/A;N/A;N/A;N/A;N/A;N/A;N/A;N/A;N/A;N/A;N/A;N/A;N/A;N/A;N/A;N/A;N/A;N/A;N/A;N/A;N/A;N/A;N/A;N/A;N/A;N/A;N/A;N/A;N/A;N/A;N/A;N/A;N/A;N/A;N/A;N/A;N/A;N/A;N/A;N/A;N/A;N/A;N/A;N/A;N/A;N/A;N/A;N/A;N/A;N/A;Sí;N/A;Sí;N/A;N/A;N/A;Sí;Sí;N/A;N/A
Toyota;Hilux;Sr;2015;"143000 km";;JAVIERGAIONE2014;37000;;;;;Libertad;https://auto.mercadolibre.com.uy/MLU-696814586-toyota-hilux-sr-25-_JM;N/A;;"Toyota Hilux Sr 2.5";USD;Sí;silver;false;N/A;N/A;http://perfil.mercadolibre.com.uy/JAVIERGAIONE2014;active;N/A;N/A;Usado;Gris;N/A;Hidráulica;N/A;N/A;N/A;N/A;N/A;N/A;N/A;N/A;N/A;N/A;N/A;N/A;N/A;N/A;N/A;N/A;N/A;N/A;N/A;N/A;N/A;N/A;N/A;N/A;N/A;N/A;N/A;N/A;N/A;N/A;N/A;N/A;N/A;N/A;N/A;N/A;N/A;N/A;N/A;N/A;N/A;N/A;N/A;N/A;N/A;N/A;N/A;N/A;N/A;N/A;N/A;N/A;N/A;N/A;N/A;N/A;N/A;N/A;N/A;N/A;N/A;N/A;N/A;N/A;N/A;N/A;N/A;N/A;N/A;N/A;N/A;N/A;N/A;N/A;N/A;N/A;N/A;N/A;N/A;N/A;N/A;N/A;N/A;N/A;N/A;N/A;N/A;N/A;N/A;N/A;N/A;N/A;N/A;N/A;N/A;N/A;N/A;N/A;N/A;N/A;N/A;N/A;N/A;N/A;N/A;4;2.5;Diésel;Manual;N/A;"Autos y camionetas";N/A;N/A;N/A;N/A;N/A;N/A;N/A;N/A;N/A;N/A;N/A;N/A;N/A;N/A;N/A;N/A;N/A;N/A;N/A;N/A;N/A;N/A;N/A;N/A;N/A;N/A;N/A;N/A;N/A;N/A;N/A;N/A;N/A;N/A;N/A;N/A;N/A;N/A;N/A;N/A;N/A;N/A;N/A;N/A;N/A;N/A;N/A;N/A;N/A;N/A;N/A;N/A;N/A;N/A;N/A;N/A;N/A;N/A;N/A;N/A;N/A;N/A;N/A;N/A;N/A;N/A;N/A;N/A;N/A;N/A;N/A;N/A;N/A;N/A;N/A;N/A;N/A;N/A;N/A;N/A;N/A;N/A;N/A;N/A;N/A;N/A;N/A;N/A;N/A;N/A;N/A;N/A;N/A;N/A;N/A;N/A;N/A;N/A;N/A;N/A;N/A;N/A;N/A;N/A;N/A;N/A;N/A;N/A;N/A;N/A;N/A;N/A;N/A;N/A;N/A;N/A;N/A;N/A;N/A;N/A;N/A;N/A
Toyota;Corolla;"1.8 Se-g Cvt 140cv";2018;"145000 km";;CANELA_H;20900;;;;;Rosario;https://auto.mercadolibre.com.uy/MLU-699537610-toyota-corolla-2018-18-se-g-cvt-140cv-_JM;N/A;;"Toyota Corolla 2018 1.8 Se-g Cvt 140cv";usd;Sí;silver;false;N/A;N/A;http://perfil.mercadolibre.com.uy/CANELA_H;active;N/A;N/A;Usado;N/A;N/A;Eléctrica;Delantera;Sí;N/A;N/A;N/A;N/A;N/A;N/A;N/A;N/A;N/A;N/A;N/A;N/A;N/A;N/A;N/A;N/A;N/A;N/A;N/A;N/A;N/A;N/A;N/A;N/A;"2700 mm";"1.8 L";"57 L";7;N/A;N/A;N/A;N/A;N/A;N/A;N/A;N/A;N/A;Sí;N/A;N/A;N/A;N/A;N/A;N/A;N/A;N/A;N/A;N/A;N/A;N/A;N/A;N/A;N/A;N/A;N/A;N/A;N/A;N/A;N/A;N/A;N/A;N/A;N/A;N/A;N/A;N/A;N/A;N/A;N/A;N/A;N/A;N/A;N/A;"1460 mm";"4620 mm";N/A;N/A;N/A;N/A;5;"140 hp";Se-g;N/A;4;"1775 mm";"13.5 km/l";Sí;N/A;N/A;Sí;N/A;N/A;N/A;N/A;N/A;Sí;N/A;N/A;N/A;N/A;N/A;N/A;N/A;4;1.8;Nafta;Automática;Sedán;"Autos y camionetas";N/A;N/A;N/A;N/A;N/A;N/A;UY;N/A;N/A;N/A;N/A;N/A;N/A;N/A;N/A;N/A;N/A;N/A;N/A;N/A;N/A;N/A;N/A;N/A;N/A;N/A;N/A;N/A;N/A;N/A;N/A;N/A;N/A;N/A;N/A;N/A;N/A;N/A;N/A;N/A;N/A;N/A;N/A;N/A;N/A;N/A;N/A;N/A;N/A;N/A;N/A;N/A;N/A;N/A;N/A;N/A;N/A;N/A;N/A;N/A;N/A;N/A;N/A;N/A;N/A;N/A;N/A;N/A;N/A;N/A;N/A;N/A;N/A;N/A;N/A;N/A;N/A;N/A;N/A;N/A;N/A;N/A;N/A;N/A;N/A;N/A;N/A;N/A;N/A;N/A;N/A;N/A;N/A;N/A;N/A;N/A;N/A;N/A;N/A;N/A;N/A;N/A;N/A;N/A;N/A;N/A;N/A;N/A;N/A;N/A;N/A;N/A;N/A;N/A;Sí;N/A;N/A;Sí;Sí;N/A;N/A;N/A
Toyota;Hilux;"2.8 Tdi Cd Srv Plus 4X4 At Tss";2022;"117500 km";;RE20240904181734;61900;;;;;N/A;https://auto.mercadolibre.com.uy/MLU-646960031-toyota-hilux-28-tdi-cd-srv-plus-4x4-at-tss-_JM;N/A;;"Toyota Hilux 2.8 Tdi Cd Srv Plus 4x4 At Tss";usd;Sí;silver;false;N/A;N/A;http://perfil.mercadolibre.com.uy/RE20240904181734;active;N/A;N/A;Usado;Blanco;Sí;Hidráulica;4x4;Sí;N/A;Sí;N/A;N/A;N/A;N/A;N/A;N/A;N/A;N/A;N/A;N/A;N/A;N/A;N/A;N/A;N/A;N/A;N/A;N/A;N/A;N/A;N/A;N/A;"3085 mm";"2.8 L";"80 L";6;N/A;N/A;N/A;N/A;N/A;N/A;N/A;N/A;N/A;N/A;N/A;N/A;N/A;N/A;N/A;N/A;N/A;N/A;N/A;N/A;N/A;N/A;N/A;N/A;N/A;N/A;N/A;N/A;N/A;N/A;N/A;N/A;N/A;N/A;N/A;N/A;N/A;N/A;N/A;N/A;N/A;N/A;N/A;N/A;N/A;"1815 mm";"5325 mm";N/A;N/A;N/A;N/A;5;"204 hp";"Srv Plus";N/A;4;"1855 mm";N/A;N/A;N/A;N/A;N/A;N/A;N/A;Sí;N/A;N/A;N/A;N/A;N/A;N/A;N/A;N/A;N/A;N/A;4;2.8;Diésel;Automática;Pick-Up;"Autos y camionetas";N/A;N/A;N/A;N/A;N/A;N/A;UY;N/A;N/A;N/A;N/A;N/A;N/A;N/A;N/A;N/A;N/A;N/A;N/A;N/A;N/A;N/A;N/A;N/A;N/A;N/A;N/A;N/A;N/A;N/A;N/A;N/A;N/A;N/A;N/A;N/A;N/A;N/A;N/A;N/A;N/A;N/A;N/A;N/A;N/A;N/A;N/A;N/A;N/A;N/A;N/A;N/A;N/A;N/A;N/A;N/A;N/A;N/A;N/A;N/A;N/A;N/A;N/A;N/A;N/A;N/A;N/A;N/A;N/A;N/A;N/A;N/A;N/A;N/A;N/A;N/A;N/A;N/A;N/A;N/A;N/A;N/A;N/A;N/A;N/A;N/A;N/A;N/A;N/A;N/A;N/A;N/A;N/A;N/A;N/A;N/A;N/A;N/A;N/A;N/A;N/A;N/A;N/A;N/A;N/A;N/A;N/A;N/A;N/A;N/A;N/A;N/A;Sí;N/A;Sí;N/A;N/A;N/A;N/A;Sí;N/A;N/A
Toyota;Hilux;"2.8 D/cab 4x2 D Dlx";1998;"230000 km";;AGROMAQUINAUY;17500;;;;;"Rafael Perazza";https://auto.mercadolibre.com.uy/MLU-646716687-toyota-hilux-28-dcab-4x2-d-dlx-_JM;N/A;;"Toyota Hilux 2.8 D/cab 4x2 D Dlx";usd;No;silver;false;N/A;N/A;http://perfil.mercadolibre.com.uy/AGROMAQUINAUY;active;N/A;N/A;Usado;Gris;No;Hidráulica;4x2;Sí;N/A;N/A;N/A;N/A;N/A;N/A;N/A;N/A;N/A;N/A;N/A;No;N/A;N/A;N/A;N/A;N/A;N/A;N/A;N/A;N/A;N/A;N/A;N/A;"2860 mm";"2.8 L";"65 L";5;N/A;N/A;N/A;N/A;N/A;N/A;N/A;N/A;N/A;N/A;N/A;N/A;N/A;N/A;N/A;N/A;N/A;N/A;N/A;N/A;N/A;N/A;N/A;N/A;N/A;N/A;N/A;N/A;N/A;N/A;N/A;N/A;N/A;N/A;N/A;N/A;N/A;N/A;N/A;N/A;N/A;N/A;N/A;N/A;N/A;"1805 mm";"4850 mm";N/A;N/A;N/A;N/A;5;"177 hp";Dlx;N/A;2;"1630 mm";N/A;N/A;N/A;N/A;N/A;N/A;N/A;N/A;N/A;N/A;N/A;N/A;N/A;N/A;N/A;N/A;N/A;N/A;4;2.8;Diésel;Manual;Pick-Up;"Autos y camionetas";N/A;N/A;N/A;N/A;N/A;N/A;UY;N/A;N/A;N/A;N/A;N/A;N/A;N/A;N/A;N/A;N/A;N/A;N/A;N/A;N/A;N/A;N/A;N/A;N/A;N/A;N/A;N/A;N/A;N/A;N/A;N/A;N/A;N/A;N/A;N/A;N/A;N/A;N/A;N/A;N/A;N/A;N/A;N/A;N/A;N/A;N/A;N/A;N/A;N/A;N/A;N/A;N/A;N/A;N/A;N/A;N/A;N/A;N/A;N/A;N/A;N/A;N/A;N/A;N/A;N/A;N/A;N/A;N/A;N/A;N/A;N/A;N/A;N/A;N/A;N/A;N/A;N/A;N/A;N/A;N/A;N/A;N/A;N/A;N/A;N/A;N/A;N/A;N/A;N/A;N/A;N/A;N/A;N/A;N/A;N/A;N/A;N/A;N/A;N/A;N/A;N/A;N/A;N/A;N/A;N/A;N/A;N/A;N/A;N/A;N/A;N/A;N/A;N/A;Sí;N/A;N/A;N/A;N/A;N/A;N/A;N/A
Toyota;Corolla;"1.8 Xli";2018;"68000 km";;FTGF;21500;;;;;Tacuarembó;https://auto.mercadolibre.com.uy/MLU-701411756-toyota-corolla-18-xli-_JM;N/A;;"Toyota Corolla 1.8 Xli";usd;Sí;silver;false;N/A;N/A;http://perfil.mercadolibre.com.uy/FTGF;active;N/A;N/A;Usado;Gris;Sí;Eléctrica;Delantera;Sí;Sí;Sí;N/A;N/A;N/A;N/A;N/A;N/A;N/A;N/A;N/A;Sí;N/A;Sí;N/A;N/A;N/A;N/A;N/A;N/A;N/A;N/A;N/A;N/A;"2700 mm";"1.8 L";"57 L";6;N/A;N/A;N/A;N/A;N/A;N/A;N/A;N/A;N/A;N/A;N/A;N/A;N/A;N/A;N/A;N/A;N/A;N/A;N/A;N/A;N/A;N/A;N/A;N/A;N/A;N/A;N/A;N/A;N/A;N/A;N/A;N/A;N/A;N/A;N/A;N/A;N/A;N/A;N/A;N/A;N/A;N/A;N/A;N/A;N/A;"1460 mm";"4620 mm";N/A;N/A;N/A;N/A;5;"140 hp";Xli;N/A;4;"1775 mm";"13.5 km/l";N/A;N/A;N/A;Sí;N/A;Sí;Sí;N/A;N/A;N/A;N/A;N/A;N/A;N/A;N/A;N/A;"8 a 20";4;1.8;Nafta;Manual;Sedán;"Autos y camionetas";No;N/A;N/A;N/A;No;N/A;UY;N/A;No;N/A;No;N/A;N/A;N/A;N/A;N/A;N/A;N/A;N/A;N/A;N/A;N/A;N/A;N/A;N/A;N/A;N/A;N/A;N/A;N/A;N/A;N/A;N/A;N/A;N/A;N/A;N/A;N/A;N/A;N/A;N/A;N/A;N/A;N/A;N/A;N/A;N/A;N/A;N/A;N/A;N/A;N/A;N/A;N/A;N/A;N/A;N/A;N/A;N/A;N/A;N/A;No;Sí;N/A;N/A;N/A;N/A;N/A;N/A;N/A;N/A;N/A;N/A;N/A;N/A;N/A;N/A;N/A;N/A;N/A;N/A;N/A;N/A;N/A;N/A;N/A;N/A;N/A;N/A;N/A;N/A;N/A;N/A;N/A;N/A;N/A;Sí;Sí;N/A;N/A;Sí;N/A;N/A;N/A;N/A;Sí;N/A;N/A;Sí;N/A;N/A;Sí;Sí;Sí;Sí;Sí;Sí;Sí;N/A;Sí;N/A;Sí
Toyota;Hilux;"2.8 D-4D Srx Cd 4X4";2024;"0 km";;BIDETIRSABIDETIRSA;82990;;;;;Florida;https://auto.mercadolibre.com.uy/MLU-646392593-toyota-hilux-srx-_JM;N/A;;" Toyota Hilux Srx ";usd;Sí;silver;false;N/A;N/A;http://perfil.mercadolibre.com.uy/BIDETIRSABIDETIRSA;active;N/A;N/A;Nuevo;Blanco;N/A;N/A;4x4;Sí;Sí;N/A;N/A;N/A;Sí;N/A;N/A;Sí;N/A;N/A;Sí;Sí;N/A;N/A;N/A;N/A;N/A;N/A;N/A;N/A;N/A;N/A;N/A;N/A;"3085 mm";"2.8 L";"80 L";6;N/A;N/A;N/A;N/A;N/A;N/A;N/A;N/A;N/A;N/A;N/A;N/A;N/A;N/A;N/A;N/A;N/A;N/A;N/A;N/A;N/A;N/A;N/A;N/A;N/A;N/A;N/A;N/A;N/A;N/A;N/A;N/A;N/A;N/A;N/A;N/A;N/A;N/A;N/A;N/A;N/A;N/A;N/A;N/A;N/A;"1830 mm";"5325 mm";N/A;N/A;N/A;N/A;5;"204 hp";Srx;N/A;4;"2020 mm";N/A;Sí;N/A;Sí;Sí;N/A;Sí;Sí;N/A;N/A;N/A;N/A;N/A;N/A;N/A;N/A;N/A;N/A;4;2.8;Diésel;Automática;Pick-Up;"Autos y camionetas";N/A;N/A;N/A;N/A;N/A;N/A;UY;N/A;Sí;N/A;N/A;N/A;N/A;N/A;N/A;N/A;N/A;N/A;N/A;N/A;N/A;N/A;N/A;N/A;Sí;N/A;N/A;N/A;N/A;N/A;N/A;N/A;N/A;N/A;N/A;N/A;N/A;N/A;N/A;N/A;N/A;N/A;N/A;Sí;N/A;N/A;N/A;N/A;N/A;N/A;N/A;N/A;N/A;N/A;N/A;N/A;N/A;N/A;N/A;N/A;N/A;N/A;N/A;N/A;N/A;N/A;N/A;N/A;N/A;N/A;N/A;N/A;N/A;N/A;N/A;N/A;N/A;N/A;N/A;N/A;N/A;N/A;N/A;N/A;N/A;N/A;N/A;N/A;N/A;N/A;N/A;N/A;N/A;N/A;N/A;N/A;Sí;Sí;Sí;N/A;Sí;N/A;N/A;N/A;N/A;Sí;Sí;Sí;Sí;N/A;N/A;Sí;Sí;Sí;Sí;Sí;Sí;N/A;N/A;N/A;N/A;Sí
Toyota;Hilux;"2.8 D/cab 4x4 D";1995;"400000 km";;"BRAVO AUTOMOVILES";18800;;;;;Trinidad;https://auto.mercadolibre.com.uy/MLU-645921219-toyota-hilux-1995-28-dcab-4x4-d-_JM;N/A;;"Toyota Hilux 1995 2.8 D/cab 4x4 D";usd;No;silver;false;N/A;N/A;http://perfil.mercadolibre.com.uy/BRAVO+AUTOMOVILES;active;N/A;N/A;Usado;N/A;N/A;N/A;4x4;Sí;N/A;N/A;N/A;N/A;N/A;N/A;N/A;N/A;N/A;N/A;N/A;N/A;N/A;N/A;N/A;N/A;N/A;N/A;N/A;N/A;N/A;N/A;N/A;N/A;"2860 mm";"2.8 L";"65 L";5;N/A;N/A;N/A;N/A;N/A;N/A;N/A;N/A;N/A;N/A;N/A;N/A;N/A;N/A;N/A;N/A;N/A;N/A;N/A;N/A;N/A;N/A;N/A;N/A;N/A;N/A;N/A;N/A;N/A;N/A;N/A;N/A;N/A;N/A;N/A;N/A;N/A;N/A;N/A;N/A;N/A;N/A;N/A;N/A;N/A;"1805 mm";"4850 mm";N/A;N/A;N/A;N/A;5;"177 hp";N/A;N/A;2;"1630 mm";N/A;N/A;N/A;N/A;N/A;N/A;N/A;N/A;N/A;N/A;N/A;N/A;N/A;N/A;N/A;N/A;N/A;N/A;4;2.8;Diésel;Manual;Pick-Up;"Autos y camionetas";N/A;N/A;N/A;N/A;N/A;N/A;UY;N/A;N/A;N/A;N/A;N/A;N/A;N/A;N/A;N/A;N/A;N/A;N/A;N/A;N/A;N/A;N/A;N/A;N/A;N/A;N/A;N/A;N/A;N/A;N/A;N/A;N/A;N/A;N/A;N/A;N/A;N/A;N/A;N/A;N/A;N/A;N/A;N/A;N/A;N/A;N/A;N/A;N/A;N/A;N/A;N/A;N/A;N/A;N/A;N/A;N/A;N/A;N/A;N/A;N/A;N/A;N/A;N/A;N/A;N/A;N/A;N/A;N/A;N/A;N/A;N/A;N/A;N/A;N/A;N/A;N/A;N/A;N/A;N/A;N/A;N/A;N/A;N/A;N/A;N/A;N/A;N/A;N/A;N/A;N/A;N/A;N/A;N/A;N/A;N/A;N/A;N/A;N/A;N/A;N/A;N/A;N/A;N/A;N/A;N/A;N/A;N/A;N/A;N/A;N/A;N/A;N/A;N/A;N/A;N/A;N/A;N/A;N/A;N/A;N/A;N/A
Toyota;Hilux;"3.0 Cd Srv Cuero Tdi 171cv 4x2";2011;"380000 km";;CAFA5255622;29800;;;;;Salto;https://auto.mercadolibre.com.uy/MLU-699963586-toyota-hilux-30-srv-4x2-doble-cabina-_JM;N/A;;"Toyota Hilux 3.0 Srv 4x2 Doble Cabina";usd;Sí;silver;false;N/A;N/A;http://perfil.mercadolibre.com.uy/CAFA5255622;active;N/A;N/A;Usado;Gris;No;Hidráulica;4x2;Sí;Sí;Sí;N/A;N/A;Sí;N/A;N/A;Sí;N/A;N/A;Sí;Sí;N/A;N/A;N/A;N/A;N/A;N/A;N/A;N/A;N/A;N/A;N/A;N/A;"2860 mm";"3 L";"80 L";5;N/A;N/A;N/A;N/A;N/A;Sí;N/A;N/A;N/A;N/A;N/A;N/A;N/A;N/A;N/A;N/A;N/A;N/A;N/A;N/A;N/A;N/A;N/A;N/A;N/A;N/A;N/A;N/A;N/A;N/A;N/A;N/A;N/A;N/A;N/A;N/A;N/A;N/A;N/A;N/A;N/A;N/A;N/A;N/A;N/A;"1860 mm";"5260 mm";N/A;N/A;N/A;N/A;5;"171 hp";"Srv Cuero";N/A;4;"1855 mm";N/A;No;N/A;Sí;Sí;N/A;Sí;Sí;N/A;N/A;N/A;N/A;Sí;N/A;N/A;N/A;N/A;N/A;4;3.0;Diésel;Manual;Pick-Up;"Autos y camionetas";N/A;N/A;N/A;N/A;N/A;N/A;UY;N/A;Sí;N/A;N/A;N/A;N/A;N/A;N/A;N/A;N/A;N/A;N/A;N/A;N/A;N/A;N/A;N/A;Sí;N/A;N/A;N/A;N/A;N/A;N/A;N/A;N/A;N/A;N/A;N/A;N/A;N/A;N/A;N/A;N/A;N/A;N/A;N/A;N/A;N/A;N/A;N/A;N/A;N/A;N/A;N/A;N/A;N/A;N/A;N/A;N/A;N/A;N/A;N/A;N/A;N/A;Sí;N/A;N/A;N/A;N/A;N/A;N/A;N/A;N/A;N/A;N/A;N/A;N/A;N/A;N/A;N/A;N/A;N/A;N/A;N/A;N/A;N/A;N/A;N/A;N/A;N/A;N/A;N/A;N/A;N/A;N/A;N/A;N/A;No;Sí;Sí;Sí;N/A;Sí;N/A;N/A;N/A;N/A;Sí;Sí;Sí;Sí;N/A;N/A;Sí;Sí;Sí;Sí;Sí;Sí;N/A;N/A;Sí;N/A;Sí
Toyota;"Rav4 Hybrid";"4X2 HYBRID";2017;"117000 km";;"FRANCISCO AUTOMOTORES";36500;;;;;Paysandú;https://auto.mercadolibre.com.uy/MLU-701444028-toyota-rav-4-4x2-hybrid-_JM;N/A;;"Toyota Rav 4 4x2 Hybrid ";USD;Sí;silver;false;N/A;N/A;http://perfil.mercadolibre.com.uy/FRANCISCO+AUTOMOTORES;active;N/A;N/A;Usado;Blanco;N/A;Hidráulica;N/A;N/A;N/A;N/A;N/A;N/A;N/A;N/A;N/A;N/A;N/A;N/A;N/A;N/A;N/A;N/A;N/A;N/A;N/A;N/A;N/A;N/A;N/A;N/A;N/A;N/A;N/A;N/A;N/A;N/A;N/A;N/A;N/A;N/A;N/A;N/A;N/A;N/A;N/A;N/A;N/A;N/A;N/A;N/A;N/A;N/A;N/A;N/A;N/A;N/A;N/A;N/A;N/A;N/A;N/A;N/A;N/A;N/A;N/A;N/A;N/A;N/A;N/A;N/A;N/A;N/A;N/A;N/A;N/A;N/A;N/A;N/A;N/A;N/A;N/A;N/A;N/A;N/A;N/A;N/A;N/A;N/A;N/A;N/A;N/A;N/A;N/A;N/A;N/A;N/A;N/A;N/A;N/A;N/A;N/A;N/A;N/A;N/A;N/A;N/A;N/A;N/A;N/A;N/A;"8 a 20";5;N/A;Nafta;Automática;N/A;"Autos y camionetas";N/A;N/A;N/A;N/A;N/A;N/A;N/A;N/A;N/A;N/A;N/A;N/A;N/A;N/A;N/A;N/A;N/A;N/A;N/A;N/A;N/A;N/A;N/A;N/A;N/A;N/A;N/A;N/A;N/A;N/A;N/A;N/A;N/A;N/A;N/A;N/A;N/A;N/A;N/A;N/A;N/A;N/A;N/A;N/A;N/A;N/A;N/A;N/A;N/A;N/A;N/A;N/A;N/A;N/A;N/A;N/A;N/A;N/A;N/A;N/A;N/A;N/A;N/A;N/A;N/A;N/A;N/A;N/A;N/A;N/A;N/A;N/A;N/A;N/A;N/A;N/A;N/A;N/A;N/A;N/A;N/A;N/A;N/A;N/A;N/A;N/A;N/A;N/A;N/A;N/A;N/A;N/A;N/A;N/A;N/A;N/A;N/A;N/A;N/A;N/A;N/A;N/A;N/A;N/A;N/A;N/A;N/A;N/A;N/A;N/A;N/A;N/A;N/A;N/A;N/A;N/A;N/A;N/A;N/A;N/A;N/A;N/A
Toyota;"RAIZE GL M/T";"GL MANUAL 1.2";2022;"0 km";;"CAR PLUS_AUTOMÓVILES";26990;;;;;Paysandú;https://auto.mercadolibre.com.uy/MLU-636059167-toyota-raize-gl-12-manual-okm-entrega-inmediata-_JM;N/A;;"Toyota Raize Gl 1.2 Manual Okm. Entrega Inmediata!!";USD;Sí;silver;false;N/A;N/A;http://perfil.mercadolibre.com.uy/CAR+PLUS_AUTOM%C3%93VILES;active;N/A;N/A;Nuevo;Gris;N/A;Eléctrica;Delantera;N/A;Sí;N/A;N/A;Sí;N/A;N/A;N/A;N/A;N/A;Sí;Sí;N/A;Sí;Sí;N/A;N/A;N/A;N/A;N/A;N/A;N/A;N/A;N/A;N/A;N/A;N/A;N/A;N/A;N/A;N/A;N/A;N/A;N/A;N/A;N/A;N/A;N/A;N/A;N/A;N/A;N/A;N/A;N/A;N/A;N/A;N/A;N/A;N/A;N/A;N/A;N/A;N/A;N/A;N/A;N/A;N/A;N/A;N/A;N/A;N/A;N/A;N/A;N/A;N/A;N/A;N/A;N/A;N/A;N/A;N/A;N/A;N/A;N/A;N/A;N/A;N/A;N/A;N/A;N/A;N/A;N/A;N/A;N/A;N/A;N/A;N/A;N/A;N/A;N/A;Sí;N/A;Sí;Sí;Sí;N/A;N/A;N/A;N/A;N/A;N/A;N/A;Sí;"8.30 A 19";5;1.2CC;Nafta;Manual;SUV;"Autos y camionetas";N/A;N/A;N/A;N/A;N/A;N/A;N/A;N/A;Sí;Sí;N/A;N/A;N/A;N/A;N/A;N/A;N/A;N/A;N/A;N/A;N/A;N/A;N/A;N/A;N/A;N/A;N/A;N/A;N/A;N/A;N/A;N/A;N/A;N/A;N/A;N/A;N/A;N/A;N/A;N/A;N/A;N/A;N/A;Sí;N/A;N/A;N/A;N/A;N/A;N/A;N/A;N/A;N/A;N/A;N/A;N/A;N/A;N/A;N/A;N/A;N/A;N/A;N/A;N/A;N/A;N/A;N/A;N/A;N/A;N/A;N/A;N/A;N/A;N/A;N/A;N/A;N/A;N/A;N/A;N/A;N/A;N/A;N/A;N/A;N/A;N/A;N/A;N/A;N/A;N/A;N/A;N/A;N/A;N/A;N/A;N/A;Sí;Sí;Sí;N/A;Sí;Sí;Sí;N/A;Sí;Sí;Sí;Sí;Sí;N/A;N/A;No;Sí;Sí;Sí;Sí;Sí;N/A;N/A;N/A;N/A;Sí
Toyota;Hilux;"2.5 Cab Doble 4x2";2010;"280000 km";;ARRASCAETAGONZALEZARRASCAETA;16900;;;;;"San Bautista";https://auto.mercadolibre.com.uy/MLU-699729970-toyota-hilux-27-sr-_JM;N/A;;"Toyota Hilux 2.7 Sr";usd;Sí;silver;false;N/A;N/A;http://perfil.mercadolibre.com.uy/ARRASCAETAGONZALEZARRASCAETA;active;N/A;N/A;Usado;Blanco;N/A;Hidráulica;4x2;Sí;Sí;N/A;N/A;N/A;N/A;N/A;N/A;N/A;N/A;N/A;Sí;Sí;N/A;N/A;N/A;N/A;N/A;N/A;N/A;N/A;N/A;N/A;N/A;N/A;"2860 mm";"2.5 L";"80 L";5;N/A;N/A;N/A;N/A;N/A;Sí;N/A;N/A;N/A;N/A;N/A;N/A;N/A;N/A;N/A;N/A;N/A;N/A;N/A;N/A;N/A;N/A;N/A;N/A;N/A;N/A;N/A;N/A;N/A;N/A;N/A;N/A;N/A;N/A;N/A;N/A;N/A;N/A;N/A;N/A;N/A;N/A;N/A;N/A;N/A;"1820 mm";"5255 mm";N/A;N/A;N/A;N/A;5;"102 hp";N/A;N/A;4;"1855 mm";N/A;N/A;N/A;Sí;Sí;N/A;Sí;Sí;N/A;N/A;N/A;N/A;Sí;N/A;N/A;N/A;N/A;N/A;5;2.5;Nafta;Manual;Pick-Up;"Autos y camionetas";N/A;N/A;N/A;N/A;N/A;N/A;UY;N/A;Sí;N/A;N/A;N/A;N/A;N/A;N/A;N/A;N/A;N/A;N/A;N/A;N/A;N/A;N/A;N/A;N/A;N/A;N/A;N/A;N/A;N/A;N/A;N/A;N/A;N/A;N/A;N/A;N/A;N/A;N/A;N/A;N/A;N/A;N/A;N/A;N/A;N/A;N/A;N/A;N/A;N/A;N/A;N/A;N/A;N/A;N/A;N/A;N/A;N/A;N/A;N/A;N/A;N/A;Sí;N/A;N/A;N/A;N/A;N/A;N/A;N/A;N/A;N/A;N/A;N/A;N/A;N/A;N/A;N/A;N/A;N/A;N/A;N/A;N/A;N/A;N/A;N/A;N/A;N/A;N/A;N/A;N/A;N/A;N/A;N/A;N/A;N/A;N/A;N/A;Sí;N/A;Sí;N/A;N/A;N/A;N/A;Sí;N/A;N/A;N/A;N/A;N/A;Sí;N/A;Sí;Sí;N/A;Sí;N/A;N/A;N/A;N/A;Sí
Toyota;Hilux;"3.0 Diesel";2017;"280000 km";;"BRAVO AUTOMOVILES";46000;;;;;Trinidad;https://auto.mercadolibre.com.uy/MLU-692517226-toyota-hilux-30-diesel-_JM;N/A;;"Toyota Hilux 3.0 Diesel";USD;Sí;silver;false;N/A;N/A;http://perfil.mercadolibre.com.uy/BRAVO+AUTOMOVILES;active;N/A;N/A;Usado;N/A;N/A;N/A;N/A;N/A;N/A;N/A;N/A;N/A;N/A;N/A;N/A;N/A;N/A;N/A;N/A;N/A;N/A;N/A;N/A;N/A;N/A;N/A;N/A;N/A;N/A;N/A;N/A;N/A;N/A;N/A;N/A;N/A;N/A;N/A;N/A;N/A;N/A;N/A;N/A;N/A;N/A;N/A;N/A;N/A;N/A;N/A;N/A;N/A;N/A;N/A;N/A;N/A;N/A;N/A;N/A;N/A;N/A;N/A;N/A;N/A;N/A;N/A;N/A;N/A;N/A;N/A;N/A;N/A;N/A;N/A;N/A;N/A;N/A;N/A;N/A;N/A;N/A;N/A;N/A;N/A;N/A;N/A;N/A;N/A;N/A;N/A;N/A;N/A;N/A;N/A;N/A;N/A;N/A;N/A;N/A;N/A;N/A;N/A;N/A;N/A;N/A;N/A;N/A;N/A;N/A;N/A;N/A;4;N/A;Diésel;N/A;N/A;"Autos y camionetas";N/A;N/A;N/A;N/A;N/A;N/A;N/A;N/A;N/A;N/A;N/A;N/A;N/A;N/A;N/A;N/A;N/A;N/A;N/A;N/A;N/A;N/A;N/A;N/A;N/A;N/A;N/A;N/A;N/A;N/A;N/A;N/A;N/A;N/A;N/A;N/A;N/A;N/A;N/A;N/A;N/A;N/A;N/A;N/A;N/A;N/A;N/A;N/A;N/A;N/A;N/A;N/A;N/A;N/A;N/A;N/A;N/A;N/A;N/A;N/A;N/A;N/A;N/A;N/A;N/A;N/A;N/A;N/A;N/A;N/A;N/A;N/A;N/A;N/A;N/A;N/A;N/A;N/A;N/A;N/A;N/A;N/A;N/A;N/A;N/A;N/A;N/A;N/A;N/A;N/A;N/A;N/A;N/A;N/A;N/A;N/A;N/A;N/A;N/A;N/A;N/A;N/A;N/A;N/A;N/A;N/A;N/A;N/A;N/A;N/A;N/A;N/A;N/A;N/A;N/A;N/A;N/A;N/A;N/A;N/A;N/A;N/A
Toyota;Prius;"1.5 C Hibrido At";2021;"104563 km";;"OLIVERA AUTOMOTORES";16500;;;;;Salto;https://auto.mercadolibre.com.uy/MLU-700002242-toyota-prius-c-_JM;N/A;;"Toyota Prius C";usd;Sí;silver;false;N/A;N/A;http://perfil.mercadolibre.com.uy/OLIVERA+AUTOMOTORES;active;N/A;N/A;Usado;Celeste;N/A;Hidráulica;Delantera;Sí;N/A;N/A;N/A;N/A;N/A;N/A;N/A;N/A;N/A;N/A;N/A;N/A;N/A;N/A;N/A;N/A;N/A;N/A;N/A;N/A;N/A;N/A;N/A;N/A;"2700 mm";"1.5 L";"43 L";N/A;N/A;N/A;N/A;N/A;N/A;N/A;N/A;N/A;N/A;N/A;N/A;N/A;N/A;N/A;N/A;N/A;N/A;N/A;N/A;N/A;N/A;N/A;N/A;N/A;N/A;N/A;N/A;N/A;N/A;N/A;N/A;N/A;N/A;N/A;N/A;N/A;N/A;N/A;N/A;N/A;N/A;N/A;N/A;N/A;N/A;"1490 mm";"4540 mm";N/A;N/A;N/A;N/A;5;"36 hp";N/A;N/A;4;"1760 mm";N/A;N/A;N/A;N/A;N/A;N/A;N/A;Sí;N/A;N/A;N/A;N/A;N/A;N/A;N/A;N/A;N/A;N/A;5;1.5;Híbrido;Automática;Hatchback;"Autos y camionetas";N/A;N/A;N/A;N/A;N/A;N/A;UY;N/A;Sí;N/A;N/A;N/A;N/A;N/A;N/A;N/A;N/A;N/A;N/A;N/A;N/A;N/A;N/A;N/A;N/A;N/A;N/A;N/A;N/A;N/A;N/A;N/A;N/A;N/A;N/A;N/A;N/A;N/A;N/A;N/A;N/A;N/A;N/A;N/A;N/A;N/A;N/A;N/A;N/A;N/A;N/A;N/A;N/A;N/A;N/A;N/A;N/A;N/A;N/A;N/A;N/A;N/A;N/A;N/A;N/A;N/A;N/A;N/A;N/A;N/A;N/A;N/A;N/A;N/A;N/A;N/A;N/A;N/A;N/A;N/A;N/A;N/A;N/A;N/A;N/A;N/A;N/A;N/A;N/A;N/A;N/A;N/A;N/A;N/A;N/A;N/A;N/A;N/A;N/A;N/A;N/A;N/A;N/A;N/A;N/A;N/A;N/A;N/A;N/A;N/A;N/A;N/A;Sí;N/A;Sí;N/A;N/A;N/A;N/A;Sí;N/A;Sí
Toyota;Hilux;"2.8 D/cab 4x4 Srv";2019;"167700 km";;"CAR PLUS_AUTOMÓVILES";55000;;;;;Paysandú;https://auto.mercadolibre.com.uy/MLU-645818387-toyota-hilux-28-srv-plus-4x4-2019-diesel-blanca-ref-3100-_JM;N/A;;"Toyota Hilux 2.8 Srv Plus 4x4 2019 Diesel Blanca - Ref: 3100";usd;Sí;silver;false;N/A;N/A;http://perfil.mercadolibre.com.uy/CAR+PLUS_AUTOM%C3%93VILES;active;N/A;N/A;Usado;Blanco;N/A;N/A;4x4;Sí;N/A;N/A;N/A;N/A;N/A;N/A;N/A;N/A;N/A;N/A;N/A;N/A;N/A;N/A;N/A;N/A;N/A;N/A;N/A;N/A;N/A;N/A;N/A;N/A;"2860 mm";"2.8 L";"65 L";5;N/A;N/A;N/A;N/A;N/A;N/A;N/A;N/A;N/A;N/A;N/A;N/A;N/A;N/A;N/A;N/A;N/A;N/A;N/A;N/A;N/A;N/A;N/A;N/A;N/A;N/A;N/A;N/A;N/A;N/A;N/A;N/A;N/A;N/A;N/A;N/A;N/A;N/A;N/A;N/A;N/A;N/A;N/A;N/A;N/A;"1805 mm";"4850 mm";N/A;N/A;N/A;N/A;5;"177 hp";Srv;N/A;2;"1630 mm";N/A;N/A;N/A;N/A;N/A;N/A;N/A;N/A;N/A;N/A;N/A;N/A;N/A;N/A;N/A;N/A;N/A;N/A;4;2.8;Diésel;Manual;Pick-Up;"Autos y camionetas";N/A;N/A;N/A;N/A;N/A;N/A;UY;N/A;N/A;N/A;N/A;N/A;N/A;N/A;N/A;N/A;N/A;N/A;N/A;N/A;N/A;N/A;N/A;N/A;N/A;N/A;N/A;N/A;N/A;N/A;N/A;N/A;N/A;N/A;N/A;N/A;N/A;N/A;N/A;N/A;N/A;N/A;N/A;N/A;N/A;N/A;N/A;N/A;N/A;N/A;N/A;N/A;N/A;N/A;N/A;N/A;N/A;N/A;N/A;N/A;N/A;N/A;N/A;N/A;N/A;N/A;N/A;N/A;N/A;N/A;N/A;N/A;N/A;N/A;N/A;N/A;N/A;N/A;N/A;N/A;N/A;N/A;N/A;N/A;N/A;N/A;N/A;N/A;N/A;N/A;N/A;N/A;N/A;N/A;N/A;N/A;N/A;N/A;N/A;N/A;N/A;N/A;N/A;N/A;N/A;N/A;N/A;N/A;N/A;N/A;N/A;N/A;N/A;N/A;Sí;N/A;N/A;N/A;N/A;N/A;N/A;N/A
Toyota;Agya;"1.0 Mt";2024;"0 km";;"CAR PLUS_AUTOMÓVILES";17990;;;;;Paysandú;https://auto.mercadolibre.com.uy/MLU-638005075-nuevo-toyota-agya-10-mt-0km-entrega-inmediata-_JM;N/A;;"Nuevo! Toyota Agya 1.0 Mt 0km Entrega Inmediata!!! ";USD;Sí;silver;false;N/A;N/A;http://perfil.mercadolibre.com.uy/CAR+PLUS_AUTOM%C3%93VILES;active;N/A;N/A;Nuevo;Gris;N/A;Eléctrica;N/A;Sí;N/A;N/A;N/A;N/A;N/A;N/A;N/A;N/A;N/A;N/A;N/A;Sí;N/A;N/A;N/A;N/A;N/A;N/A;N/A;N/A;N/A;N/A;N/A;N/A;N/A;N/A;N/A;N/A;N/A;N/A;N/A;N/A;N/A;N/A;N/A;N/A;N/A;N/A;N/A;N/A;N/A;N/A;N/A;N/A;N/A;N/A;N/A;N/A;N/A;N/A;N/A;N/A;N/A;N/A;N/A;N/A;N/A;N/A;N/A;N/A;N/A;N/A;N/A;N/A;N/A;N/A;N/A;N/A;N/A;N/A;N/A;N/A;N/A;N/A;N/A;N/A;N/A;N/A;N/A;N/A;N/A;N/A;N/A;N/A;N/A;N/A;N/A;N/A;N/A;Sí;N/A;N/A;Sí;N/A;N/A;N/A;N/A;N/A;N/A;N/A;N/A;Sí;N/A;5;1.0;Nafta;Manual;N/A;"Autos y camionetas";N/A;N/A;N/A;N/A;N/A;N/A;N/A;N/A;Sí;N/A;N/A;N/A;N/A;N/A;N/A;N/A;N/A;N/A;N/A;N/A;N/A;N/A;N/A;N/A;N/A;N/A;N/A;N/A;N/A;N/A;N/A;N/A;N/A;N/A;N/A;N/A;N/A;N/A;N/A;N/A;N/A;N/A;N/A;N/A;N/A;N/A;N/A;N/A;N/A;N/A;N/A;N/A;N/A;N/A;N/A;N/A;N/A;N/A;N/A;N/A;N/A;N/A;N/A;N/A;N/A;N/A;N/A;N/A;N/A;N/A;N/A;N/A;N/A;N/A;N/A;N/A;N/A;N/A;N/A;N/A;N/A;N/A;N/A;N/A;N/A;N/A;N/A;N/A;N/A;N/A;N/A;N/A;N/A;N/A;N/A;N/A;Sí;N/A;Sí;N/A;Sí;N/A;N/A;N/A;N/A;Sí;Sí;N/A;N/A;N/A;N/A;N/A;Sí;N/A;Sí;N/A;Sí;N/A;N/A;N/A;N/A;Sí
Toyota;Hilux;"SRV PLUS TSS 4X4 A/T";2023;"0 km";;"CAR PLUS_AUTOMÓVILES";79490;;;;;Paysandú;https://auto.mercadolibre.com.uy/MLU-668219772-toyota-srv-plus-tss-28-4x4-okm-entrega-ya-_JM;N/A;;"Toyota Srv Plus Tss 2.8 4x4 Okm, Entrega Ya!!";usd;Sí;silver;false;N/A;N/A;http://perfil.mercadolibre.com.uy/CAR+PLUS_AUTOM%C3%93VILES;active;N/A;N/A;Nuevo;Plateado;N/A;Asistida;4x4;Sí;Sí;Sí;Sí;Sí;Sí;Sí;Sí;Sí;Sí;Sí;Sí;Sí;Sí;N/A;N/A;N/A;N/A;N/A;N/A;N/A;N/A;N/A;N/A;N/A;"2860 mm";"2.7 L";"80 L";5;N/A;N/A;N/A;N/A;N/A;N/A;N/A;N/A;N/A;Sí;N/A;N/A;N/A;N/A;N/A;N/A;N/A;N/A;N/A;N/A;N/A;N/A;N/A;Sí;N/A;N/A;N/A;N/A;N/A;N/A;N/A;N/A;N/A;Sí;N/A;N/A;N/A;N/A;N/A;N/A;N/A;N/A;N/A;N/A;N/A;"1850 mm";"5260 mm";N/A;N/A;N/A;N/A;5;"177 hp";Srv;N/A;2;"1855 mm";N/A;Sí;N/A;Sí;Sí;N/A;Sí;N/A;Sí;N/A;Sí;N/A;N/A;N/A;N/A;N/A;N/A;"8 A 19";4;2.8;Diésel;"Automática secuencial";Pick-Up;"Autos y camionetas";N/A;N/A;N/A;N/A;N/A;N/A;UY;N/A;Sí;Sí;N/A;N/A;N/A;N/A;N/A;N/A;N/A;N/A;N/A;N/A;N/A;N/A;N/A;N/A;N/A;N/A;N/A;N/A;N/A;N/A;N/A;N/A;N/A;N/A;N/A;N/A;N/A;N/A;N/A;N/A;N/A;N/A;N/A;Sí;N/A;N/A;N/A;N/A;N/A;N/A;N/A;N/A;N/A;N/A;N/A;N/A;N/A;N/A;N/A;N/A;N/A;N/A;N/A;N/A;N/A;N/A;N/A;N/A;N/A;N/A;N/A;N/A;N/A;N/A;N/A;N/A;N/A;N/A;N/A;N/A;N/A;N/A;N/A;N/A;N/A;N/A;N/A;N/A;N/A;N/A;N/A;N/A;N/A;N/A;N/A;N/A;N/A;N/A;N/A;N/A;N/A;N/A;N/A;N/A;N/A;N/A;N/A;N/A;N/A;N/A;N/A;N/A;Sí;N/A;Sí;Sí;Sí;N/A;Sí;Sí;N/A;Sí
Toyota;"Yaris Sedán";Sedan;2001;"265000 km";;FABIGOL100;5700;;;;;"Parque Rodó";https://auto.mercadolibre.com.uy/MLU-701612576-toyota-yaris-2001-sedan-_JM;N/A;;"Toyota Yaris 2001 Sedan";USD;No;silver;false;N/A;N/A;http://perfil.mercadolibre.com.uy/FABIGOL100;active;N/A;N/A;Usado;Dorado;N/A;Hidráulica;Delantera;No;Sí;N/A;N/A;N/A;No;N/A;N/A;No;N/A;N/A;Sí;No;N/A;Sí;N/A;N/A;N/A;N/A;N/A;N/A;N/A;N/A;N/A;N/A;N/A;N/A;N/A;N/A;N/A;N/A;N/A;N/A;N/A;No;N/A;N/A;N/A;N/A;N/A;N/A;N/A;N/A;N/A;N/A;N/A;N/A;N/A;N/A;N/A;N/A;N/A;N/A;N/A;N/A;N/A;N/A;N/A;No;N/A;N/A;N/A;N/A;N/A;N/A;N/A;N/A;N/A;N/A;N/A;N/A;N/A;N/A;N/A;N/A;N/A;N/A;N/A;N/A;N/A;N/A;N/A;N/A;N/A;N/A;N/A;N/A;No;N/A;No;No;N/A;Sí;Sí;N/A;No;N/A;N/A;No;Sí;N/A;N/A;No;N/A;4;1.5;Nafta;N/A;Sedán;"Autos y camionetas";N/A;N/A;N/A;N/A;N/A;N/A;N/A;N/A;No;N/A;N/A;N/A;N/A;N/A;N/A;N/A;N/A;N/A;N/A;N/A;N/A;N/A;N/A;N/A;Sí;N/A;N/A;N/A;N/A;N/A;N/A;N/A;N/A;N/A;N/A;N/A;N/A;N/A;N/A;N/A;N/A;N/A;N/A;N/A;N/A;N/A;N/A;N/A;N/A;N/A;N/A;N/A;N/A;N/A;N/A;N/A;N/A;N/A;N/A;N/A;N/A;N/A;N/A;N/A;N/A;N/A;N/A;N/A;N/A;N/A;N/A;N/A;N/A;N/A;N/A;N/A;N/A;N/A;N/A;N/A;N/A;N/A;N/A;N/A;N/A;N/A;N/A;N/A;N/A;N/A;N/A;N/A;N/A;N/A;N/A;No;No;Sí;No;N/A;No;N/A;N/A;N/A;N/A;No;N/A;No;Sí;N/A;N/A;No;No;No;Sí;Sí;Sí;Sí;Sí;Sí;N/A;Sí
Toyota;Hilux;"3.0 Tdi Srv Cab Doble 4x4 Cuero";2011;"346000 km";;"CAR PLUS_AUTOMÓVILES";34500;;;;;Paysandú;https://auto.mercadolibre.com.uy/MLU-697512148-toyota-hilux-30-srv-2011-4x4-at-diesel-blanca-ref-3099-_JM;N/A;;"Toyota Hilux 3.0 Srv 2011 4x4 At Diesel Blanca - Ref: 3099";usd;Sí;silver;false;N/A;N/A;http://perfil.mercadolibre.com.uy/CAR+PLUS_AUTOM%C3%93VILES;active;N/A;N/A;Usado;Blanco;N/A;Hidráulica;4x4;Sí;N/A;Sí;N/A;N/A;N/A;N/A;N/A;N/A;N/A;N/A;N/A;N/A;N/A;N/A;N/A;N/A;N/A;N/A;N/A;N/A;N/A;N/A;N/A;N/A;"2860 mm";"3 L";"80 L";5;N/A;N/A;N/A;N/A;N/A;N/A;N/A;N/A;N/A;N/A;N/A;N/A;N/A;N/A;N/A;N/A;N/A;N/A;N/A;N/A;N/A;N/A;N/A;N/A;N/A;N/A;N/A;N/A;N/A;N/A;N/A;N/A;N/A;N/A;N/A;N/A;N/A;N/A;N/A;N/A;N/A;N/A;N/A;N/A;N/A;"1820 mm";"5255 mm";N/A;N/A;N/A;N/A;5;"163 hp";Srv;N/A;4;"1855 mm";N/A;N/A;N/A;N/A;N/A;N/A;N/A;Sí;N/A;N/A;N/A;N/A;N/A;N/A;N/A;N/A;N/A;N/A;4;3.0;Diésel;Manual;Pick-Up;"Autos y camionetas";N/A;N/A;N/A;N/A;N/A;N/A;UY;N/A;N/A;N/A;N/A;N/A;N/A;N/A;N/A;N/A;N/A;N/A;N/A;N/A;N/A;N/A;N/A;N/A;N/A;N/A;N/A;N/A;N/A;N/A;N/A;N/A;N/A;N/A;N/A;N/A;N/A;N/A;N/A;N/A;N/A;N/A;N/A;N/A;N/A;N/A;N/A;N/A;N/A;N/A;N/A;N/A;N/A;N/A;N/A;N/A;N/A;N/A;N/A;N/A;N/A;N/A;N/A;N/A;N/A;N/A;N/A;N/A;N/A;N/A;N/A;N/A;N/A;N/A;N/A;N/A;N/A;N/A;N/A;N/A;N/A;N/A;N/A;N/A;N/A;N/A;N/A;N/A;N/A;N/A;N/A;N/A;N/A;N/A;N/A;N/A;N/A;N/A;N/A;N/A;N/A;N/A;N/A;N/A;N/A;N/A;N/A;N/A;N/A;N/A;N/A;N/A;Sí;N/A;Sí;N/A;N/A;N/A;N/A;N/A;N/A;N/A
Toyota;Corolla;"1.8 Se-g Cvt 140cv";2024;"0 km";;"CAR PLUS_AUTOMÓVILES";39990;;;;;Paysandú;https://auto.mercadolibre.com.uy/MLU-640485927-toyota-corolla-18-seg-hybrid-0km-entrega-inmediata-_JM;N/A;;"Toyota Corolla 1.8 Seg Hybrid 0km Entrega Inmediata!!!";usd;Sí;silver;false;N/A;N/A;http://perfil.mercadolibre.com.uy/CAR+PLUS_AUTOM%C3%93VILES;active;N/A;N/A;Nuevo;Blanco;N/A;Eléctrica;Delantera;Sí;N/A;N/A;N/A;N/A;N/A;N/A;N/A;N/A;N/A;N/A;N/A;N/A;N/A;N/A;N/A;N/A;N/A;N/A;N/A;N/A;N/A;N/A;N/A;N/A;"2700 mm";"1.8 L";"57 L";7;N/A;N/A;N/A;N/A;N/A;N/A;N/A;N/A;N/A;Sí;N/A;N/A;N/A;N/A;N/A;N/A;N/A;N/A;N/A;N/A;N/A;N/A;N/A;N/A;N/A;N/A;N/A;N/A;N/A;N/A;N/A;N/A;N/A;N/A;N/A;N/A;N/A;N/A;N/A;N/A;N/A;N/A;N/A;N/A;N/A;"1460 mm";"4620 mm";N/A;N/A;N/A;N/A;5;"140 hp";Se-g;N/A;4;"1775 mm";"13.5 km/l";Sí;N/A;N/A;Sí;N/A;N/A;N/A;N/A;N/A;Sí;N/A;N/A;N/A;N/A;N/A;N/A;N/A;4;1.8;Nafta;Automática;Sedán;"Autos y camionetas";N/A;N/A;N/A;N/A;N/A;N/A;UY;N/A;N/A;N/A;N/A;N/A;N/A;N/A;N/A;N/A;N/A;N/A;N/A;N/A;N/A;N/A;N/A;N/A;N/A;N/A;N/A;N/A;N/A;N/A;N/A;N/A;N/A;N/A;N/A;N/A;N/A;N/A;N/A;N/A;N/A;N/A;N/A;N/A;N/A;N/A;N/A;N/A;N/A;N/A;N/A;N/A;N/A;N/A;N/A;N/A;N/A;N/A;N/A;N/A;N/A;N/A;N/A;N/A;N/A;N/A;N/A;N/A;N/A;N/A;N/A;N/A;N/A;N/A;N/A;N/A;N/A;N/A;N/A;N/A;N/A;N/A;N/A;N/A;N/A;N/A;N/A;N/A;N/A;N/A;N/A;N/A;N/A;N/A;N/A;N/A;N/A;N/A;N/A;N/A;N/A;N/A;N/A;N/A;N/A;N/A;N/A;N/A;N/A;N/A;N/A;N/A;N/A;N/A;Sí;N/A;N/A;Sí;Sí;N/A;N/A;N/A
Toyota;"Corolla SEG";Sedan;2024;"0 km";;"OLIVERA AUTOMOTORES";38990;;;;;Salto;https://auto.mercadolibre.com.uy/MLU-669574604-toyota-corolla-seg-_JM;N/A;;"Toyota Corolla Seg ";USD;Sí;silver;false;N/A;N/A;http://perfil.mercadolibre.com.uy/OLIVERA+AUTOMOTORES;active;N/A;N/A;Nuevo;Gris;N/A;N/A;N/A;N/A;N/A;N/A;N/A;N/A;N/A;N/A;N/A;N/A;N/A;N/A;N/A;N/A;N/A;N/A;N/A;N/A;N/A;N/A;N/A;N/A;N/A;N/A;N/A;N/A;N/A;N/A;N/A;N/A;N/A;N/A;N/A;N/A;N/A;N/A;N/A;N/A;N/A;N/A;N/A;N/A;N/A;N/A;N/A;N/A;N/A;N/A;N/A;N/A;N/A;N/A;N/A;N/A;N/A;N/A;N/A;N/A;N/A;N/A;N/A;N/A;N/A;N/A;N/A;N/A;N/A;N/A;N/A;N/A;N/A;N/A;N/A;N/A;N/A;N/A;N/A;N/A;N/A;N/A;N/A;N/A;N/A;N/A;N/A;N/A;N/A;N/A;N/A;N/A;N/A;N/A;N/A;N/A;N/A;N/A;N/A;N/A;N/A;N/A;N/A;N/A;N/A;N/A;N/A;4;1.8;Nafta;Automática;Sedán;"Autos y camionetas";N/A;N/A;N/A;N/A;N/A;N/A;N/A;N/A;Sí;N/A;N/A;N/A;N/A;N/A;N/A;N/A;N/A;N/A;N/A;N/A;N/A;N/A;N/A;N/A;N/A;N/A;N/A;N/A;N/A;N/A;N/A;N/A;N/A;N/A;N/A;N/A;N/A;N/A;N/A;N/A;N/A;N/A;N/A;Sí;N/A;N/A;N/A;N/A;N/A;N/A;N/A;N/A;N/A;N/A;N/A;N/A;N/A;N/A;N/A;N/A;N/A;N/A;N/A;N/A;N/A;N/A;N/A;N/A;N/A;N/A;N/A;N/A;N/A;N/A;N/A;N/A;N/A;N/A;N/A;N/A;N/A;N/A;N/A;N/A;N/A;N/A;N/A;N/A;N/A;N/A;N/A;N/A;N/A;N/A;N/A;N/A;N/A;N/A;N/A;N/A;N/A;N/A;N/A;N/A;N/A;N/A;N/A;N/A;N/A;N/A;N/A;N/A;N/A;N/A;N/A;N/A;N/A;N/A;N/A;N/A;N/A;N/A
Toyota;Hilux;SRX;2024;"0 km";;"CAR PLUS_AUTOMÓVILES";82990;;;;;Paysandú;https://auto.mercadolibre.com.uy/MLU-640475705-toyota-hilux-28-srx-at-diesel-4x4-0km-entrega-inmediata-_JM;N/A;;"Toyota Hilux 2.8 Srx At Diesel 4x4 0km Entrega Inmediata!!!";usd;Sí;silver;false;N/A;N/A;http://perfil.mercadolibre.com.uy/CAR+PLUS_AUTOM%C3%93VILES;active;N/A;N/A;Nuevo;Rojo;N/A;Hidráulica;4x2;Sí;N/A;Sí;N/A;N/A;N/A;N/A;N/A;Sí;N/A;N/A;Sí;Sí;N/A;N/A;N/A;N/A;N/A;N/A;N/A;N/A;N/A;N/A;N/A;N/A;"2860 mm";"2.7 L";"80 L";5;N/A;N/A;N/A;N/A;N/A;N/A;N/A;N/A;N/A;Sí;N/A;N/A;N/A;N/A;N/A;N/A;N/A;N/A;N/A;N/A;N/A;N/A;N/A;N/A;N/A;N/A;N/A;N/A;N/A;N/A;N/A;N/A;N/A;Sí;N/A;N/A;N/A;N/A;N/A;N/A;N/A;N/A;N/A;N/A;N/A;"1850 mm";"5260 mm";N/A;N/A;N/A;N/A;5;"177 hp";Srv;N/A;2;"1855 mm";N/A;Sí;N/A;N/A;N/A;N/A;N/A;Sí;N/A;N/A;N/A;N/A;N/A;N/A;N/A;N/A;N/A;N/A;4;2.8;Diésel;Automática;Pick-Up;"Autos y camionetas";N/A;N/A;N/A;N/A;N/A;N/A;UY;N/A;Sí;N/A;N/A;N/A;N/A;N/A;N/A;N/A;N/A;N/A;N/A;N/A;N/A;N/A;N/A;N/A;Sí;N/A;N/A;N/A;N/A;N/A;N/A;N/A;N/A;N/A;N/A;N/A;N/A;N/A;N/A;N/A;N/A;N/A;N/A;N/A;N/A;N/A;N/A;N/A;N/A;N/A;N/A;N/A;N/A;N/A;N/A;N/A;N/A;N/A;N/A;N/A;N/A;N/A;N/A;N/A;N/A;N/A;N/A;N/A;N/A;N/A;N/A;N/A;N/A;N/A;N/A;N/A;N/A;N/A;N/A;N/A;N/A;N/A;N/A;N/A;N/A;N/A;N/A;N/A;N/A;N/A;N/A;N/A;N/A;N/A;N/A;N/A;Sí;N/A;Sí;N/A;Sí;N/A;N/A;N/A;N/A;Sí;Sí;N/A;N/A;N/A;N/A;Sí;Sí;N/A;Sí;N/A;Sí;N/A;Sí;Sí;N/A;Sí
Toyota;RAV4;"Limited Plus 4x2";2023;"0 km";;"CAR PLUS_AUTOMÓVILES";67990;;;;;Paysandú;https://auto.mercadolibre.com.uy/MLU-636084161-toyota-rav4-25-limited-plus-4x2-0km-entrega-inmediata-_JM;N/A;;"Toyota Rav4 2.5 Limited Plus 4x2 0km Entrega Inmediata!!!";usd;Sí;silver;false;N/A;N/A;http://perfil.mercadolibre.com.uy/CAR+PLUS_AUTOM%C3%93VILES;active;N/A;N/A;Nuevo;Gris;N/A;Eléctrica;4x4;Sí;N/A;Sí;N/A;N/A;Sí;N/A;N/A;Sí;N/A;N/A;Sí;Sí;N/A;N/A;N/A;N/A;N/A;N/A;N/A;N/A;N/A;N/A;N/A;N/A;"2660 mm";"2.5 L";"60 L";6;N/A;N/A;N/A;N/A;N/A;N/A;N/A;N/A;N/A;N/A;N/A;N/A;N/A;N/A;N/A;N/A;N/A;N/A;N/A;N/A;N/A;N/A;N/A;N/A;N/A;N/A;N/A;N/A;N/A;N/A;N/A;N/A;N/A;N/A;N/A;Sí;N/A;N/A;N/A;N/A;N/A;N/A;N/A;N/A;N/A;"1715 mm";"4570 mm";N/A;N/A;N/A;N/A;5;"180 hp";Limited;N/A;4;"1845 mm";N/A;Sí;N/A;Sí;N/A;N/A;Sí;Sí;N/A;Sí;N/A;N/A;N/A;N/A;N/A;N/A;Sí;N/A;5;2.5;Nafta;Automática;SUV;"Autos y camionetas";N/A;N/A;N/A;N/A;N/A;N/A;UY;N/A;Sí;N/A;N/A;N/A;N/A;N/A;N/A;N/A;N/A;N/A;N/A;N/A;N/A;N/A;N/A;N/A;Sí;N/A;N/A;N/A;N/A;N/A;N/A;N/A;N/A;N/A;N/A;N/A;N/A;N/A;N/A;N/A;N/A;N/A;N/A;N/A;N/A;N/A;N/A;N/A;N/A;N/A;N/A;N/A;N/A;N/A;N/A;N/A;N/A;N/A;N/A;N/A;N/A;N/A;N/A;N/A;N/A;N/A;N/A;N/A;N/A;N/A;N/A;N/A;N/A;N/A;N/A;N/A;N/A;N/A;N/A;N/A;N/A;N/A;N/A;N/A;N/A;N/A;N/A;N/A;N/A;N/A;N/A;N/A;N/A;N/A;N/A;N/A;Sí;Sí;Sí;N/A;Sí;N/A;N/A;N/A;N/A;Sí;Sí;N/A;Sí;N/A;N/A;Sí;Sí;Sí;Sí;N/A;Sí;N/A;N/A;Sí;N/A;Sí
Toyota;Yaris;Mt;2023;"35000 km";;"LILIANACASTRO AUTOMOVILES";19300;;;;;Salto;https://auto.mercadolibre.com.uy/MLU-700390946-toyota-yaris-mt-ano-2023-35-mil-kms-nuevo--_JM;N/A;;"Toyota Yaris Mt -año 2023-35 Mil Kms !! Nuevo !!";USD;Sí;silver;false;N/A;N/A;http://perfil.mercadolibre.com.uy/LILIANACASTRO+AUTOMOVILES;active;N/A;N/A;Usado;Gris;N/A;Hidráulica;N/A;N/A;N/A;N/A;N/A;N/A;N/A;N/A;N/A;N/A;N/A;N/A;N/A;N/A;N/A;N/A;N/A;N/A;N/A;N/A;N/A;N/A;N/A;N/A;N/A;N/A;N/A;N/A;N/A;N/A;N/A;N/A;N/A;N/A;N/A;N/A;N/A;N/A;N/A;N/A;N/A;N/A;N/A;N/A;N/A;N/A;N/A;N/A;N/A;N/A;N/A;N/A;N/A;N/A;N/A;N/A;N/A;N/A;N/A;N/A;N/A;N/A;N/A;N/A;N/A;N/A;N/A;N/A;N/A;N/A;N/A;N/A;N/A;N/A;N/A;N/A;N/A;N/A;N/A;N/A;N/A;N/A;N/A;N/A;N/A;N/A;N/A;N/A;N/A;N/A;N/A;N/A;N/A;N/A;N/A;N/A;N/A;N/A;N/A;N/A;N/A;N/A;N/A;N/A;N/A;5;1.5;Nafta;Manual;Hatchback;"Autos y camionetas";N/A;N/A;N/A;N/A;N/A;N/A;N/A;N/A;N/A;N/A;N/A;N/A;N/A;N/A;N/A;N/A;N/A;N/A;N/A;N/A;N/A;N/A;N/A;N/A;N/A;N/A;N/A;N/A;N/A;N/A;N/A;N/A;N/A;N/A;N/A;N/A;N/A;N/A;N/A;N/A;N/A;N/A;N/A;N/A;N/A;N/A;N/A;N/A;N/A;N/A;N/A;N/A;N/A;N/A;N/A;N/A;N/A;N/A;N/A;N/A;N/A;N/A;N/A;N/A;N/A;N/A;N/A;N/A;N/A;N/A;N/A;N/A;N/A;N/A;N/A;N/A;N/A;N/A;N/A;N/A;N/A;N/A;N/A;N/A;N/A;N/A;N/A;N/A;N/A;N/A;N/A;N/A;N/A;N/A;N/A;N/A;N/A;N/A;N/A;N/A;N/A;N/A;N/A;N/A;N/A;N/A;N/A;N/A;N/A;N/A;N/A;N/A;N/A;N/A;N/A;N/A;N/A;N/A;N/A;N/A;N/A;N/A
Toyota;Etios;"1.5 Sedan X";2017;"87000 km";;OBRACARCENTRO;14300;;;;;Tacuarembó;https://auto.mercadolibre.com.uy/MLU-697621734-toyota-etios-15-_JM;N/A;;"Toyota Etios 1.5";usd;Sí;silver;false;N/A;N/A;http://perfil.mercadolibre.com.uy/OBRACARCENTRO;active;N/A;N/A;Usado;Gris;N/A;Eléctrica;Delantera;Sí;N/A;N/A;N/A;N/A;N/A;N/A;N/A;N/A;N/A;N/A;N/A;N/A;N/A;N/A;N/A;N/A;N/A;N/A;N/A;N/A;N/A;N/A;N/A;N/A;"2460 mm";"1.5 L";"45 L";5;N/A;N/A;N/A;N/A;N/A;N/A;N/A;N/A;N/A;N/A;N/A;N/A;N/A;N/A;N/A;N/A;N/A;N/A;N/A;N/A;N/A;N/A;N/A;N/A;N/A;N/A;N/A;N/A;N/A;N/A;N/A;N/A;N/A;N/A;N/A;N/A;N/A;N/A;N/A;N/A;N/A;N/A;N/A;N/A;N/A;"1510 mm";"4265 mm";N/A;N/A;N/A;N/A;5;"90 hp";X;N/A;4;"1695 mm";"13.8 km/l";N/A;N/A;N/A;N/A;N/A;N/A;N/A;N/A;N/A;N/A;"12.4 km/l";N/A;N/A;N/A;N/A;N/A;N/A;4;1.5;Nafta;Manual;Sedán;"Autos y camionetas";N/A;N/A;N/A;N/A;N/A;N/A;UY;N/A;N/A;N/A;N/A;N/A;N/A;N/A;N/A;N/A;N/A;N/A;N/A;N/A;N/A;N/A;N/A;N/A;N/A;N/A;N/A;N/A;N/A;N/A;N/A;N/A;N/A;N/A;N/A;N/A;N/A;N/A;N/A;N/A;N/A;N/A;N/A;N/A;N/A;N/A;N/A;N/A;N/A;N/A;N/A;N/A;N/A;N/A;N/A;N/A;N/A;N/A;N/A;N/A;N/A;N/A;N/A;N/A;N/A;N/A;N/A;N/A;N/A;N/A;N/A;N/A;N/A;N/A;N/A;N/A;N/A;N/A;N/A;N/A;N/A;N/A;N/A;N/A;N/A;N/A;N/A;N/A;N/A;N/A;N/A;N/A;N/A;N/A;N/A;N/A;N/A;N/A;N/A;N/A;N/A;N/A;N/A;N/A;N/A;N/A;N/A;N/A;N/A;N/A;N/A;N/A;N/A;N/A;Sí;N/A;N/A;N/A;N/A;Sí;N/A;N/A
Toyota;"Corolla Cross";"1.8 Seg Hybrid E-cvt";2024;"0 km";;SELLERAUTOMOVILES;44990;;;;;Centro;https://auto.mercadolibre.com.uy/MLU-643356997-toyota-corolla-cross-seg-_JM;N/A;;"Toyota Corolla Cross Seg";usd;Sí;silver;false;N/A;N/A;http://perfil.mercadolibre.com.uy/SELLERAUTOMOVILES;active;N/A;N/A;Nuevo;Gris;N/A;Eléctrica;4x2;Sí;N/A;Sí;N/A;N/A;N/A;N/A;N/A;N/A;N/A;N/A;N/A;N/A;N/A;N/A;N/A;N/A;N/A;N/A;N/A;N/A;N/A;N/A;N/A;N/A;"2660 mm";"1.8 L";"60 L";5;N/A;N/A;N/A;N/A;N/A;N/A;N/A;N/A;N/A;N/A;N/A;N/A;N/A;N/A;N/A;N/A;N/A;N/A;N/A;N/A;N/A;N/A;N/A;N/A;N/A;N/A;N/A;N/A;N/A;N/A;N/A;N/A;N/A;N/A;N/A;N/A;N/A;N/A;N/A;N/A;N/A;N/A;N/A;N/A;N/A;"1715 mm";"4570 mm";N/A;N/A;N/A;N/A;5;"146 hp";Seg;N/A;4;"1845 mm";N/A;N/A;N/A;N/A;N/A;N/A;N/A;N/A;N/A;N/A;N/A;"10.9 km/l";N/A;N/A;N/A;N/A;N/A;"LUNES A VIERNES DE 9 A 13 Y DE 14 A 18HS";5;1.8;Híbrido;Automática;SUV;"Autos y camionetas";N/A;N/A;N/A;N/A;N/A;N/A;UY;N/A;N/A;N/A;N/A;N/A;N/A;N/A;N/A;N/A;N/A;N/A;N/A;N/A;N/A;N/A;N/A;N/A;N/A;N/A;N/A;N/A;N/A;N/A;N/A;N/A;N/A;N/A;N/A;N/A;N/A;N/A;N/A;N/A;N/A;N/A;N/A;N/A;N/A;N/A;N/A;N/A;N/A;N/A;N/A;N/A;N/A;N/A;N/A;N/A;N/A;N/A;N/A;N/A;N/A;N/A;N/A;N/A;N/A;N/A;N/A;N/A;N/A;N/A;N/A;N/A;N/A;N/A;N/A;N/A;N/A;N/A;N/A;N/A;N/A;N/A;N/A;N/A;N/A;N/A;N/A;N/A;N/A;N/A;N/A;N/A;N/A;N/A;N/A;N/A;N/A;N/A;N/A;N/A;N/A;N/A;N/A;N/A;N/A;N/A;N/A;N/A;N/A;N/A;N/A;N/A;Sí;N/A;Sí;N/A;N/A;N/A;N/A;Sí;N/A;N/A
Toyota;Hilux;"SRV 2.8 TD 4X2";2024;"0 km";;SELLERAUTOMOVILES;61490;;;;;Centro;https://auto.mercadolibre.com.uy/MLU-643395537-toyota-hilux-srv-28-td-4x2-_JM;N/A;;"Toyota Hilux Srv 2.8 Td 4x2";usd;Sí;silver;false;N/A;N/A;http://perfil.mercadolibre.com.uy/SELLERAUTOMOVILES;active;N/A;N/A;Nuevo;Blanco;N/A;N/A;4x4;N/A;N/A;N/A;N/A;N/A;N/A;N/A;N/A;N/A;N/A;N/A;N/A;N/A;N/A;N/A;N/A;N/A;N/A;N/A;N/A;N/A;N/A;N/A;N/A;N/A;"3085 mm";"2.8 L";"80 L";6;N/A;N/A;N/A;N/A;N/A;N/A;N/A;N/A;N/A;N/A;N/A;N/A;N/A;N/A;N/A;N/A;N/A;N/A;N/A;N/A;N/A;N/A;N/A;N/A;N/A;N/A;N/A;N/A;N/A;N/A;N/A;N/A;N/A;N/A;N/A;N/A;N/A;N/A;N/A;N/A;N/A;N/A;N/A;N/A;N/A;"1830 mm";"5325 mm";N/A;N/A;N/A;N/A;5;"204 hp";Srx;N/A;4;"2020 mm";N/A;N/A;N/A;N/A;N/A;N/A;N/A;N/A;N/A;N/A;N/A;N/A;N/A;N/A;N/A;N/A;N/A;"LUNES A VIERNES DE 9 A 13 Y DE 14 A 18HS";4;2.8;Diésel;Automática;Pick-Up;"Autos y camionetas";N/A;N/A;N/A;N/A;N/A;N/A;UY;N/A;N/A;N/A;N/A;N/A;N/A;N/A;N/A;N/A;N/A;N/A;N/A;N/A;N/A;N/A;N/A;N/A;N/A;N/A;N/A;N/A;N/A;N/A;N/A;N/A;N/A;N/A;N/A;N/A;N/A;N/A;N/A;N/A;N/A;N/A;N/A;N/A;N/A;N/A;N/A;N/A;N/A;N/A;N/A;N/A;N/A;N/A;N/A;N/A;N/A;N/A;N/A;N/A;N/A;N/A;N/A;N/A;N/A;N/A;N/A;N/A;N/A;N/A;N/A;N/A;N/A;N/A;N/A;N/A;N/A;N/A;N/A;N/A;N/A;N/A;N/A;N/A;N/A;N/A;N/A;N/A;N/A;N/A;N/A;N/A;N/A;N/A;N/A;N/A;N/A;N/A;N/A;N/A;N/A;N/A;N/A;N/A;N/A;N/A;N/A;N/A;N/A;N/A;N/A;N/A;N/A;N/A;N/A;N/A;N/A;N/A;N/A;N/A;N/A;N/A
Toyota;Hilux;"Doble Cabina";2017;"200000 km";;"BRAVO AUTOMOVILES";33800;;;;;Trinidad;https://auto.mercadolibre.com.uy/MLU-688935608-toyota-hilux-doble-cabina-_JM;N/A;;"Toyota Hilux Doble Cabina";USD;Sí;silver;false;N/A;N/A;http://perfil.mercadolibre.com.uy/BRAVO+AUTOMOVILES;active;N/A;N/A;Usado;N/A;N/A;N/A;N/A;N/A;N/A;N/A;N/A;N/A;N/A;N/A;N/A;N/A;N/A;N/A;N/A;N/A;N/A;N/A;N/A;N/A;N/A;N/A;N/A;N/A;N/A;N/A;N/A;N/A;N/A;N/A;N/A;N/A;N/A;N/A;N/A;N/A;N/A;N/A;N/A;N/A;N/A;N/A;N/A;N/A;N/A;N/A;N/A;N/A;N/A;N/A;N/A;N/A;N/A;N/A;N/A;N/A;N/A;N/A;N/A;N/A;N/A;N/A;N/A;N/A;N/A;N/A;N/A;N/A;N/A;N/A;N/A;N/A;N/A;N/A;N/A;N/A;N/A;N/A;N/A;N/A;N/A;N/A;N/A;N/A;N/A;N/A;N/A;N/A;N/A;N/A;N/A;N/A;N/A;N/A;N/A;N/A;N/A;N/A;N/A;N/A;N/A;N/A;N/A;N/A;N/A;N/A;N/A;4;N/A;Diésel;N/A;N/A;"Autos y camionetas";N/A;N/A;N/A;N/A;N/A;N/A;N/A;N/A;N/A;N/A;N/A;N/A;N/A;N/A;N/A;N/A;N/A;N/A;N/A;N/A;N/A;N/A;N/A;N/A;N/A;N/A;N/A;N/A;N/A;N/A;N/A;N/A;N/A;N/A;N/A;N/A;N/A;N/A;N/A;N/A;N/A;N/A;N/A;N/A;N/A;N/A;N/A;N/A;N/A;N/A;N/A;N/A;N/A;N/A;N/A;N/A;N/A;N/A;N/A;N/A;N/A;N/A;N/A;N/A;N/A;N/A;N/A;N/A;N/A;N/A;N/A;N/A;N/A;N/A;N/A;N/A;N/A;N/A;N/A;N/A;N/A;N/A;N/A;N/A;N/A;N/A;N/A;N/A;N/A;N/A;N/A;N/A;N/A;N/A;N/A;N/A;N/A;N/A;N/A;N/A;N/A;N/A;N/A;N/A;N/A;N/A;N/A;N/A;N/A;N/A;N/A;N/A;N/A;N/A;N/A;N/A;N/A;N/A;N/A;N/A;N/A;N/A
Toyota;Hilux;Srv;2024;"0 km";;"CAR PLUS_AUTOMÓVILES";46990;;;;;Paysandú;https://auto.mercadolibre.com.uy/MLU-683478822-toyota-hilux-27-srv-4x4-nafta-mt-0km-entrega-ya-us-46990-_JM;N/A;;"Toyota Hilux 2.7 Srv 4x4 Nafta Mt 0km Entrega Ya- U$s 46.990";USD;Sí;silver;false;N/A;N/A;http://perfil.mercadolibre.com.uy/CAR+PLUS_AUTOM%C3%93VILES;active;N/A;N/A;Nuevo;Blanco;N/A;Hidráulica;4x4;Sí;N/A;N/A;N/A;N/A;N/A;N/A;N/A;N/A;N/A;N/A;Sí;Sí;N/A;N/A;N/A;N/A;N/A;N/A;N/A;N/A;N/A;N/A;N/A;N/A;N/A;N/A;N/A;N/A;N/A;N/A;N/A;N/A;N/A;N/A;N/A;N/A;N/A;N/A;N/A;N/A;N/A;N/A;N/A;N/A;N/A;N/A;N/A;N/A;N/A;N/A;N/A;N/A;N/A;N/A;N/A;N/A;N/A;N/A;N/A;N/A;N/A;N/A;N/A;N/A;N/A;N/A;N/A;N/A;N/A;N/A;N/A;N/A;N/A;N/A;N/A;N/A;N/A;N/A;N/A;N/A;N/A;N/A;N/A;N/A;N/A;N/A;Sí;N/A;N/A;N/A;N/A;N/A;Sí;N/A;N/A;N/A;N/A;N/A;N/A;N/A;N/A;N/A;N/A;4;2.7;Nafta;Manual;N/A;"Autos y camionetas";N/A;N/A;N/A;N/A;N/A;N/A;N/A;N/A;Sí;N/A;N/A;N/A;N/A;N/A;N/A;N/A;N/A;N/A;N/A;N/A;N/A;N/A;N/A;N/A;Sí;N/A;N/A;N/A;N/A;N/A;N/A;N/A;N/A;N/A;N/A;N/A;N/A;N/A;N/A;N/A;N/A;N/A;N/A;N/A;N/A;N/A;N/A;N/A;N/A;N/A;N/A;N/A;N/A;N/A;N/A;N/A;N/A;N/A;N/A;N/A;N/A;N/A;N/A;N/A;N/A;N/A;N/A;N/A;N/A;N/A;N/A;N/A;N/A;N/A;N/A;N/A;N/A;N/A;N/A;N/A;N/A;N/A;N/A;N/A;N/A;N/A;N/A;N/A;N/A;N/A;N/A;N/A;N/A;N/A;N/A;N/A;Sí;N/A;Sí;N/A;Sí;N/A;N/A;N/A;N/A;Sí;N/A;N/A;N/A;N/A;N/A;N/A;Sí;N/A;Sí;N/A;Sí;N/A;N/A;N/A;N/A;Sí
Toyota;Corolla;"1.8 Xei Aut";2024;"0 km";;"CAR PLUS_AUTOMÓVILES";35990;;;;;Paysandú;https://auto.mercadolibre.com.uy/MLU-640460025-toyota-corolla-18-xei-hybrid-0km-entrega-inmediata-_JM;N/A;;"Toyota Corolla 1.8 Xei Hybrid 0km Entrega Inmediata!!!";usd;Sí;silver;false;N/A;N/A;http://perfil.mercadolibre.com.uy/CAR+PLUS_AUTOM%C3%93VILES;active;N/A;N/A;Nuevo;Blanco;N/A;Eléctrica;Delantera;Sí;N/A;Sí;N/A;N/A;Sí;N/A;N/A;N/A;N/A;N/A;N/A;N/A;N/A;N/A;N/A;N/A;N/A;N/A;N/A;N/A;N/A;N/A;N/A;N/A;"2700 mm";"1.8 L";"57 L";7;N/A;N/A;N/A;N/A;N/A;N/A;N/A;N/A;N/A;N/A;N/A;N/A;N/A;N/A;N/A;N/A;N/A;N/A;N/A;N/A;N/A;N/A;N/A;N/A;N/A;N/A;N/A;N/A;N/A;N/A;N/A;N/A;N/A;N/A;N/A;N/A;N/A;N/A;N/A;N/A;N/A;N/A;N/A;N/A;N/A;"1460 mm";"4620 mm";N/A;N/A;N/A;N/A;5;"140 hp";Xei;N/A;4;"1775 mm";"13.5 km/l";N/A;N/A;N/A;N/A;N/A;N/A;N/A;N/A;N/A;N/A;N/A;N/A;N/A;N/A;N/A;N/A;N/A;4;1.8;Nafta;Automática;Sedán;"Autos y camionetas";N/A;N/A;N/A;N/A;N/A;N/A;UY;N/A;N/A;N/A;N/A;N/A;N/A;N/A;N/A;N/A;N/A;N/A;N/A;N/A;N/A;N/A;N/A;N/A;N/A;N/A;N/A;N/A;N/A;N/A;N/A;N/A;N/A;N/A;N/A;N/A;N/A;N/A;N/A;N/A;N/A;N/A;N/A;N/A;N/A;N/A;N/A;N/A;N/A;N/A;N/A;N/A;N/A;N/A;N/A;N/A;N/A;N/A;N/A;N/A;N/A;N/A;N/A;N/A;N/A;N/A;N/A;N/A;N/A;N/A;N/A;N/A;N/A;N/A;N/A;N/A;N/A;N/A;N/A;N/A;N/A;N/A;N/A;N/A;N/A;N/A;N/A;N/A;N/A;N/A;N/A;N/A;N/A;N/A;N/A;N/A;N/A;N/A;N/A;N/A;N/A;N/A;N/A;N/A;N/A;N/A;N/A;N/A;N/A;N/A;N/A;N/A;Sí;N/A;Sí;N/A;N/A;N/A;Sí;Sí;N/A;N/A
Toyota;Hilux;"3.0 Cd Srv Tdi 171cv 4x2";2012;"220000 km";;KUMA1313;35000;;;;;"San Ramón";https://auto.mercadolibre.com.uy/MLU-699886886-toyota-hilux-2012-30-cd-srv-tdi-171cv-4x2-_JM;N/A;;"Toyota Hilux 2012 3.0 Cd Srv Tdi 171cv 4x2";usd;Sí;silver;false;N/A;N/A;http://perfil.mercadolibre.com.uy/KUMA1313;active;N/A;N/A;Usado;N/A;N/A;Hidráulica;4x2;Sí;N/A;Sí;N/A;N/A;N/A;N/A;N/A;N/A;N/A;N/A;N/A;N/A;N/A;N/A;N/A;N/A;N/A;N/A;N/A;N/A;N/A;N/A;N/A;N/A;"2860 mm";"3 L";"80 L";5;N/A;N/A;N/A;N/A;N/A;N/A;N/A;N/A;N/A;N/A;N/A;N/A;N/A;N/A;N/A;N/A;N/A;N/A;N/A;N/A;N/A;N/A;N/A;N/A;N/A;N/A;N/A;N/A;N/A;N/A;N/A;N/A;N/A;N/A;N/A;N/A;N/A;N/A;N/A;N/A;N/A;N/A;N/A;N/A;N/A;"1860 mm";"5260 mm";N/A;N/A;N/A;N/A;5;"171 hp";Srv;N/A;4;"1855 mm";N/A;N/A;N/A;N/A;N/A;N/A;N/A;Sí;N/A;N/A;N/A;N/A;N/A;N/A;N/A;N/A;N/A;N/A;4;3.0;Diésel;Manual;Pick-Up;"Autos y camionetas";N/A;N/A;N/A;N/A;N/A;N/A;UY;N/A;N/A;N/A;N/A;N/A;N/A;N/A;N/A;N/A;N/A;N/A;N/A;N/A;N/A;N/A;N/A;N/A;N/A;N/A;N/A;N/A;N/A;N/A;N/A;N/A;N/A;N/A;N/A;N/A;N/A;N/A;N/A;N/A;N/A;N/A;N/A;N/A;N/A;N/A;N/A;N/A;N/A;N/A;N/A;N/A;N/A;N/A;N/A;N/A;N/A;N/A;N/A;N/A;N/A;N/A;N/A;N/A;N/A;N/A;N/A;N/A;N/A;N/A;N/A;N/A;N/A;N/A;N/A;N/A;N/A;N/A;N/A;N/A;N/A;N/A;N/A;N/A;N/A;N/A;N/A;N/A;N/A;N/A;N/A;N/A;N/A;N/A;N/A;N/A;N/A;N/A;N/A;N/A;N/A;N/A;N/A;N/A;N/A;N/A;N/A;N/A;N/A;N/A;N/A;N/A;Sí;N/A;Sí;N/A;N/A;N/A;N/A;Sí;N/A;N/A
Toyota;Hilux;"SRV Plus";2023;"0 km";;"CAR PLUS_AUTOMÓVILES";76490;;;;;Paysandú;https://auto.mercadolibre.com.uy/MLU-669375570-toyota-hilux-28-srv-plus-4x4-diesel-at-0km-entrega-inmediat-_JM;N/A;;"Toyota Hilux 2.8 Srv Plus 4x4 Diesel At 0km Entrega Inmediat";usd;Sí;silver;false;N/A;N/A;http://perfil.mercadolibre.com.uy/CAR+PLUS_AUTOM%C3%93VILES;active;N/A;N/A;Nuevo;Blanco;N/A;Eléctrica;4x4;Sí;N/A;Sí;N/A;N/A;N/A;N/A;N/A;Sí;N/A;N/A;Sí;Sí;N/A;N/A;N/A;N/A;N/A;N/A;N/A;N/A;N/A;N/A;N/A;N/A;"2860 mm";"2.7 L";"80 L";5;N/A;N/A;N/A;N/A;N/A;N/A;N/A;N/A;N/A;Sí;N/A;N/A;N/A;N/A;N/A;N/A;N/A;N/A;N/A;N/A;N/A;N/A;N/A;N/A;N/A;N/A;N/A;N/A;N/A;N/A;N/A;N/A;N/A;Sí;N/A;N/A;N/A;N/A;N/A;N/A;N/A;N/A;N/A;N/A;N/A;"1850 mm";"5260 mm";N/A;N/A;N/A;N/A;5;"177 hp";Srv;N/A;2;"1855 mm";N/A;Sí;N/A;Sí;N/A;N/A;Sí;Sí;N/A;N/A;N/A;N/A;N/A;N/A;N/A;N/A;N/A;N/A;4;2.8;Diésel;Automática;Pick-Up;"Autos y camionetas";N/A;N/A;N/A;N/A;N/A;N/A;UY;N/A;Sí;N/A;N/A;N/A;N/A;N/A;N/A;N/A;N/A;N/A;N/A;N/A;N/A;N/A;N/A;N/A;Sí;N/A;N/A;N/A;N/A;N/A;N/A;N/A;N/A;N/A;N/A;N/A;N/A;N/A;N/A;N/A;N/A;N/A;N/A;N/A;N/A;N/A;N/A;N/A;N/A;N/A;N/A;N/A;N/A;N/A;N/A;N/A;N/A;N/A;N/A;N/A;N/A;N/A;N/A;N/A;N/A;N/A;N/A;N/A;N/A;N/A;N/A;N/A;N/A;N/A;N/A;N/A;N/A;N/A;N/A;N/A;N/A;N/A;N/A;N/A;N/A;N/A;N/A;N/A;N/A;N/A;N/A;N/A;N/A;N/A;N/A;N/A;Sí;Sí;Sí;N/A;Sí;N/A;N/A;N/A;N/A;Sí;Sí;N/A;Sí;N/A;N/A;Sí;Sí;Sí;Sí;N/A;Sí;N/A;Sí;Sí;N/A;Sí
Toyota;Hilux;"SRV 2.8 4X4 M/T";2023;"0 km";;"CAR PLUS_AUTOMÓVILES";68490;;;;;Paysandú;https://auto.mercadolibre.com.uy/MLU-668180902-toyota-hilux-srv-4x4-manual-28-entrega-ya-gas-oli-comn-_JM;N/A;;"Toyota Hilux Srv 4x4 Manual 2.8 Entrega Ya!! (gas Oli Comùn)";USD;Sí;silver;false;N/A;N/A;http://perfil.mercadolibre.com.uy/CAR+PLUS_AUTOM%C3%93VILES;active;N/A;N/A;Nuevo;Blanco;N/A;Asistida;Trasera;Sí;Sí;Sí;Sí;Sí;N/A;Sí;Sí;N/A;Sí;Sí;Sí;Sí;Sí;N/A;N/A;N/A;N/A;N/A;N/A;N/A;N/A;N/A;N/A;N/A;N/A;N/A;N/A;N/A;N/A;N/A;N/A;N/A;N/A;N/A;N/A;N/A;N/A;N/A;N/A;N/A;N/A;N/A;N/A;N/A;N/A;N/A;N/A;N/A;N/A;N/A;N/A;Sí;N/A;N/A;N/A;N/A;N/A;No;N/A;N/A;N/A;N/A;N/A;N/A;N/A;N/A;N/A;N/A;N/A;N/A;N/A;N/A;N/A;N/A;N/A;N/A;N/A;N/A;N/A;N/A;N/A;N/A;N/A;N/A;N/A;N/A;Sí;N/A;Sí;Sí;N/A;Sí;Sí;Sí;No;Sí;N/A;N/A;Sí;N/A;N/A;N/A;"8 A 19 HS";4;2.8;Diésel;Manual;Pick-Up;"Autos y camionetas";N/A;N/A;N/A;N/A;N/A;N/A;N/A;N/A;Sí;N/A;N/A;N/A;N/A;N/A;N/A;N/A;N/A;N/A;N/A;N/A;N/A;N/A;N/A;N/A;N/A;N/A;N/A;N/A;N/A;N/A;N/A;N/A;N/A;N/A;N/A;N/A;N/A;N/A;N/A;N/A;N/A;N/A;N/A;Sí;N/A;N/A;N/A;N/A;N/A;N/A;N/A;N/A;N/A;N/A;N/A;N/A;N/A;N/A;N/A;N/A;N/A;N/A;N/A;N/A;N/A;N/A;N/A;N/A;N/A;N/A;N/A;N/A;N/A;N/A;N/A;N/A;N/A;N/A;N/A;N/A;N/A;N/A;N/A;N/A;N/A;N/A;N/A;N/A;N/A;N/A;N/A;N/A;N/A;N/A;N/A;N/A;Sí;Sí;Sí;Sí;Sí;Sí;Sí;N/A;Sí;Sí;Sí;Sí;Sí;N/A;Sí;Sí;Sí;Sí;Sí;Sí;Sí;N/A;N/A;Sí;N/A;Sí
Toyota;"Hilux SW4";"2.8 D.cab. T.dsl Srv Plus 177hp 4x4 Aut";2019;"84000 km";;"VILLALBA AUTOMOVILES";51900;;;;;"Barros Blancos";https://auto.mercadolibre.com.uy/MLU-646960149-oportunidad-preciosa-toyota-hilux2019-4x4-diesel-con-84000km-_JM;N/A;;"Oportunidad Preciosa Toyota Hilux2019 4x4 Diesel Con 84000km";usd;Sí;silver;false;N/A;N/A;http://perfil.mercadolibre.com.uy/VILLALBA+AUTOMOVILES;active;N/A;N/A;Usado;Blanco;N/A;Hidráulica;4x4;Sí;N/A;Sí;N/A;N/A;N/A;N/A;N/A;N/A;N/A;N/A;N/A;N/A;N/A;N/A;N/A;N/A;N/A;N/A;N/A;N/A;N/A;N/A;N/A;N/A;"2750 mm";"2.8 L";"80 L";5;N/A;N/A;N/A;N/A;N/A;N/A;N/A;N/A;N/A;N/A;N/A;N/A;N/A;N/A;N/A;N/A;N/A;N/A;N/A;N/A;N/A;N/A;N/A;N/A;N/A;N/A;N/A;N/A;N/A;N/A;N/A;N/A;N/A;N/A;N/A;N/A;N/A;N/A;N/A;N/A;N/A;N/A;N/A;N/A;N/A;"1850 mm";"4705 mm";N/A;N/A;N/A;N/A;7;"177 hp";"Srv Plus";N/A;4;"1840 mm";N/A;N/A;N/A;N/A;N/A;N/A;N/A;Sí;N/A;N/A;N/A;N/A;N/A;N/A;N/A;N/A;N/A;N/A;5;2.8;Diésel;Automática;SUV;"Autos y camionetas";N/A;N/A;N/A;N/A;N/A;N/A;UY;N/A;N/A;N/A;N/A;N/A;N/A;N/A;N/A;N/A;N/A;N/A;N/A;N/A;N/A;N/A;N/A;N/A;N/A;N/A;N/A;N/A;N/A;N/A;N/A;N/A;N/A;N/A;N/A;N/A;N/A;N/A;N/A;N/A;N/A;N/A;N/A;N/A;N/A;N/A;N/A;N/A;N/A;N/A;N/A;N/A;N/A;N/A;N/A;N/A;N/A;N/A;N/A;N/A;N/A;N/A;N/A;N/A;N/A;N/A;N/A;N/A;N/A;N/A;N/A;N/A;N/A;N/A;N/A;N/A;N/A;N/A;N/A;N/A;N/A;N/A;N/A;N/A;N/A;N/A;N/A;N/A;N/A;N/A;N/A;N/A;N/A;N/A;N/A;N/A;N/A;N/A;N/A;N/A;N/A;N/A;N/A;N/A;N/A;N/A;N/A;N/A;N/A;N/A;N/A;N/A;Sí;N/A;Sí;N/A;N/A;N/A;N/A;Sí;N/A;N/A
Toyota;Hilux;"2.5 Cs Dx Pack Tdi 120cv 4x4";2012;"387000 km";;JUANMARTINALGORTA;26500;;;;;"Puerto Buceo";https://auto.mercadolibre.com.uy/MLU-701639282-toyota-hilux-25-cs-dx-pack-tdi-120cv-4x4-_JM;N/A;;"Toyota Hilux 2.5 Cs Dx Pack Tdi 120cv 4x4";usd;Sí;silver;false;N/A;N/A;http://perfil.mercadolibre.com.uy/JUANMARTINALGORTA;active;N/A;N/A;Usado;Gris;Sí;Hidráulica;4x4;Sí;N/A;N/A;N/A;N/A;N/A;N/A;N/A;N/A;N/A;N/A;N/A;N/A;N/A;N/A;N/A;N/A;N/A;N/A;N/A;N/A;N/A;N/A;N/A;N/A;"2860 mm";"2.5 L";"80 L";5;N/A;N/A;N/A;N/A;N/A;N/A;N/A;N/A;N/A;N/A;N/A;N/A;N/A;N/A;N/A;N/A;N/A;N/A;N/A;N/A;N/A;N/A;N/A;N/A;N/A;N/A;N/A;N/A;N/A;N/A;N/A;N/A;N/A;N/A;N/A;N/A;N/A;N/A;N/A;N/A;N/A;N/A;N/A;N/A;N/A;"1795 mm";"5260 mm";N/A;N/A;N/A;N/A;3;"120 hp";Dx;N/A;4;"1855 mm";N/A;N/A;N/A;N/A;N/A;N/A;N/A;N/A;N/A;N/A;N/A;N/A;N/A;N/A;N/A;N/A;N/A;N/A;4;2.5;Diésel;Manual;Pick-Up;"Autos y camionetas";N/A;N/A;N/A;N/A;N/A;N/A;UY;N/A;N/A;N/A;N/A;N/A;N/A;N/A;N/A;N/A;N/A;N/A;N/A;N/A;N/A;N/A;N/A;N/A;N/A;N/A;N/A;N/A;N/A;N/A;N/A;N/A;N/A;N/A;N/A;N/A;N/A;N/A;N/A;N/A;N/A;N/A;N/A;N/A;N/A;N/A;N/A;N/A;N/A;N/A;N/A;N/A;N/A;N/A;N/A;N/A;N/A;N/A;N/A;N/A;N/A;N/A;N/A;N/A;N/A;N/A;N/A;N/A;N/A;N/A;N/A;N/A;N/A;N/A;N/A;N/A;N/A;N/A;N/A;N/A;N/A;N/A;N/A;N/A;N/A;N/A;N/A;N/A;N/A;N/A;N/A;N/A;N/A;N/A;N/A;N/A;N/A;N/A;N/A;N/A;N/A;N/A;N/A;N/A;N/A;N/A;N/A;N/A;N/A;N/A;N/A;N/A;N/A;N/A;Sí;N/A;N/A;N/A;N/A;N/A;N/A;N/A
Toyota;Hilux;"2.5 Pickup 4x2";2012;"200000 km";;CARRATTOAUTOMOVILES17;22800;;;;;Trinidad;https://auto.mercadolibre.com.uy/MLU-697675782-toyota-hilux-pickup-4x2-_JM;N/A;;"Toyota Hilux Pickup 4x2";USD;Sí;silver;false;N/A;N/A;http://perfil.mercadolibre.com.uy/CARRATTOAUTOMOVILES17;active;N/A;N/A;Usado;Blanco;N/A;Hidráulica;N/A;N/A;N/A;N/A;N/A;N/A;N/A;N/A;N/A;N/A;N/A;N/A;N/A;N/A;N/A;N/A;N/A;N/A;N/A;N/A;N/A;N/A;N/A;N/A;N/A;N/A;N/A;N/A;N/A;N/A;N/A;N/A;N/A;N/A;N/A;N/A;N/A;N/A;N/A;N/A;N/A;N/A;N/A;N/A;N/A;N/A;N/A;N/A;N/A;N/A;N/A;N/A;N/A;N/A;N/A;N/A;N/A;N/A;N/A;N/A;N/A;N/A;N/A;N/A;N/A;N/A;N/A;N/A;N/A;N/A;N/A;N/A;N/A;N/A;N/A;N/A;N/A;N/A;N/A;N/A;N/A;N/A;N/A;N/A;N/A;N/A;N/A;N/A;N/A;N/A;N/A;N/A;N/A;N/A;N/A;N/A;N/A;N/A;N/A;N/A;N/A;N/A;N/A;N/A;N/A;2;N/A;Diésel;Manual;N/A;"Autos y camionetas";N/A;N/A;N/A;N/A;N/A;N/A;N/A;N/A;N/A;N/A;N/A;N/A;N/A;N/A;N/A;N/A;N/A;N/A;N/A;N/A;N/A;N/A;N/A;N/A;N/A;N/A;N/A;N/A;N/A;N/A;N/A;N/A;N/A;N/A;N/A;N/A;N/A;N/A;N/A;N/A;N/A;N/A;N/A;N/A;N/A;N/A;N/A;N/A;N/A;N/A;N/A;N/A;N/A;N/A;N/A;N/A;N/A;N/A;N/A;N/A;N/A;N/A;N/A;N/A;N/A;N/A;N/A;N/A;N/A;N/A;N/A;N/A;N/A;N/A;N/A;N/A;N/A;N/A;N/A;N/A;N/A;N/A;N/A;N/A;N/A;N/A;N/A;N/A;N/A;N/A;N/A;N/A;N/A;N/A;N/A;N/A;N/A;N/A;N/A;N/A;N/A;N/A;N/A;N/A;N/A;N/A;N/A;N/A;N/A;N/A;N/A;N/A;N/A;N/A;N/A;N/A;N/A;N/A;N/A;N/A;N/A;N/A
Toyota;Corolla;"2.0 D";1988;"500000 km";;"BRAVO AUTOMOVILES";6000;;;;;Trinidad;https://auto.mercadolibre.com.uy/MLU-697313270-toyota-corolla-1988-20-d-_JM;N/A;;"Toyota Corolla 1988 2.0 D";usd;No;silver;false;N/A;N/A;http://perfil.mercadolibre.com.uy/BRAVO+AUTOMOVILES;active;N/A;N/A;Usado;N/A;N/A;Hidráulica;Delantera;Sí;N/A;N/A;N/A;N/A;N/A;N/A;N/A;N/A;N/A;N/A;N/A;N/A;N/A;N/A;N/A;N/A;N/A;N/A;N/A;N/A;N/A;N/A;N/A;N/A;"2600 mm";"2 L";"60 L";5;N/A;N/A;N/A;N/A;N/A;N/A;N/A;N/A;N/A;N/A;N/A;N/A;N/A;N/A;N/A;N/A;N/A;N/A;N/A;N/A;N/A;N/A;N/A;N/A;N/A;N/A;N/A;N/A;N/A;N/A;N/A;N/A;N/A;N/A;N/A;N/A;N/A;N/A;N/A;N/A;N/A;N/A;N/A;N/A;N/A;"1480 mm";"4540 mm";N/A;N/A;N/A;N/A;5;"72 hp";N/A;N/A;2;"1760 mm";N/A;N/A;N/A;N/A;N/A;N/A;N/A;N/A;N/A;N/A;N/A;N/A;N/A;N/A;N/A;N/A;N/A;N/A;4;2.0;Diésel;Manual;Sedán;"Autos y camionetas";N/A;N/A;N/A;N/A;N/A;N/A;UY;N/A;N/A;N/A;N/A;N/A;N/A;N/A;N/A;N/A;N/A;N/A;N/A;N/A;N/A;N/A;N/A;N/A;N/A;N/A;N/A;N/A;N/A;N/A;N/A;N/A;N/A;N/A;N/A;N/A;N/A;N/A;N/A;N/A;N/A;N/A;N/A;N/A;N/A;N/A;N/A;N/A;N/A;N/A;N/A;N/A;N/A;N/A;N/A;N/A;N/A;N/A;N/A;N/A;N/A;N/A;N/A;N/A;N/A;N/A;N/A;N/A;N/A;N/A;N/A;N/A;N/A;N/A;N/A;N/A;N/A;N/A;N/A;N/A;N/A;N/A;N/A;N/A;N/A;N/A;N/A;N/A;N/A;N/A;N/A;N/A;N/A;N/A;N/A;N/A;N/A;N/A;N/A;N/A;N/A;N/A;N/A;N/A;N/A;N/A;N/A;N/A;N/A;N/A;N/A;N/A;N/A;N/A;N/A;N/A;N/A;N/A;N/A;N/A;N/A;N/A
Toyota;4Runner;"Limited Aa Ee Ba Abs Piel Qc At";2004;"240000 km";;LAPAZMOTORSAUTOMOVILES;29000;;;;;"Aeropuerto Internacional De Carrasco";https://auto.mercadolibre.com.uy/MLU-696544856-toyota-4runner-limited-at-diesel-4x4-full-_JM;N/A;;"Toyota 4runner Limited At Diesel 4x4 Full";usd;No;silver;false;N/A;N/A;http://perfil.mercadolibre.com.uy/LAPAZMOTORSAUTOMOVILES;active;N/A;N/A;Usado;Gris;N/A;Hidráulica;4x4;Sí;N/A;Sí;N/A;N/A;N/A;N/A;N/A;N/A;N/A;N/A;N/A;N/A;N/A;N/A;N/A;N/A;N/A;N/A;N/A;N/A;N/A;N/A;N/A;N/A;N/A;"4 L";N/A;N/A;N/A;N/A;N/A;N/A;N/A;N/A;N/A;N/A;N/A;N/A;N/A;N/A;N/A;N/A;N/A;N/A;N/A;N/A;N/A;N/A;N/A;N/A;N/A;N/A;N/A;N/A;N/A;N/A;N/A;N/A;N/A;N/A;N/A;N/A;N/A;N/A;N/A;N/A;N/A;N/A;N/A;N/A;N/A;N/A;N/A;N/A;N/A;N/A;N/A;N/A;N/A;5;N/A;Limited;N/A;N/A;N/A;N/A;N/A;N/A;N/A;N/A;N/A;N/A;N/A;N/A;N/A;N/A;N/A;N/A;N/A;N/A;N/A;N/A;N/A;5;4.0;Diésel;Automática;SUV;"Autos y camionetas";N/A;N/A;N/A;N/A;N/A;N/A;UY;N/A;Sí;N/A;N/A;N/A;N/A;N/A;N/A;N/A;N/A;N/A;N/A;N/A;N/A;N/A;N/A;N/A;N/A;N/A;N/A;N/A;N/A;N/A;N/A;N/A;N/A;N/A;N/A;N/A;N/A;N/A;N/A;N/A;N/A;N/A;N/A;N/A;N/A;N/A;N/A;N/A;N/A;N/A;N/A;N/A;N/A;N/A;N/A;N/A;N/A;N/A;N/A;N/A;N/A;N/A;N/A;N/A;N/A;N/A;N/A;N/A;N/A;N/A;N/A;N/A;N/A;N/A;N/A;N/A;N/A;N/A;N/A;N/A;N/A;N/A;N/A;N/A;N/A;N/A;N/A;N/A;N/A;N/A;N/A;N/A;N/A;N/A;N/A;N/A;N/A;N/A;N/A;N/A;N/A;N/A;N/A;N/A;N/A;N/A;N/A;N/A;N/A;N/A;N/A;N/A;N/A;N/A;Sí;N/A;N/A;N/A;N/A;N/A;N/A;N/A
Toyota;Toyota;"Toyota Etios Sedan por partes";2018;"111111 km";;VILLALBAANDRES2012;3000;;;;;"Barros Blancos";https://auto.mercadolibre.com.uy/MLU-700571708-toyota-etios-sedan-ano-2018-chocado-por-partes-_JM;N/A;;"Toyota Etios Sedan Año 2018 Chocado Por Partes ";USD;Sí;silver;false;N/A;N/A;http://perfil.mercadolibre.com.uy/VILLALBAANDRES2012;active;N/A;N/A;Usado;Blanco;N/A;N/A;N/A;N/A;N/A;N/A;N/A;N/A;N/A;N/A;N/A;N/A;N/A;N/A;N/A;N/A;N/A;N/A;N/A;N/A;N/A;N/A;N/A;N/A;N/A;N/A;N/A;N/A;N/A;N/A;N/A;N/A;N/A;N/A;N/A;N/A;N/A;N/A;N/A;N/A;N/A;N/A;N/A;N/A;N/A;N/A;N/A;N/A;N/A;N/A;N/A;N/A;N/A;N/A;N/A;N/A;N/A;N/A;N/A;N/A;N/A;N/A;N/A;N/A;N/A;N/A;N/A;N/A;N/A;N/A;N/A;N/A;N/A;N/A;N/A;N/A;N/A;N/A;N/A;N/A;N/A;N/A;N/A;N/A;N/A;N/A;N/A;N/A;N/A;N/A;N/A;N/A;N/A;N/A;N/A;N/A;N/A;N/A;N/A;N/A;N/A;N/A;N/A;N/A;N/A;N/A;N/A;4;1.500;Nafta;N/A;N/A;"Autos y camionetas";N/A;N/A;N/A;N/A;N/A;N/A;N/A;N/A;N/A;N/A;N/A;N/A;N/A;N/A;N/A;N/A;N/A;N/A;N/A;N/A;N/A;N/A;N/A;N/A;N/A;N/A;N/A;N/A;N/A;N/A;N/A;N/A;N/A;N/A;N/A;N/A;N/A;N/A;N/A;N/A;N/A;N/A;N/A;N/A;N/A;N/A;N/A;N/A;N/A;N/A;N/A;N/A;N/A;N/A;N/A;N/A;N/A;N/A;N/A;N/A;N/A;N/A;N/A;N/A;N/A;N/A;N/A;N/A;N/A;N/A;N/A;N/A;N/A;N/A;N/A;N/A;N/A;N/A;N/A;N/A;N/A;N/A;N/A;N/A;N/A;N/A;N/A;N/A;N/A;N/A;N/A;N/A;N/A;N/A;N/A;N/A;N/A;N/A;N/A;N/A;N/A;N/A;N/A;N/A;N/A;N/A;N/A;N/A;N/A;N/A;N/A;N/A;N/A;N/A;N/A;N/A;N/A;N/A;N/A;N/A;N/A;N/A
Toyota;Hilux;SRX;2024;"0 km";;BIDETIRSABIDETIRSA;82990;;;;;Florida;https://auto.mercadolibre.com.uy/MLU-674768358-toyota-hilux-28-srx-_JM;N/A;;"Toyota Hilux 2.8 Srx ";usd;Sí;silver;false;N/A;N/A;http://perfil.mercadolibre.com.uy/BIDETIRSABIDETIRSA;active;N/A;N/A;Nuevo;Plateado;N/A;Hidráulica;4x4;Sí;Sí;Sí;N/A;N/A;Sí;N/A;N/A;Sí;N/A;N/A;Sí;Sí;N/A;N/A;N/A;N/A;N/A;N/A;N/A;N/A;N/A;N/A;N/A;N/A;"2860 mm";"2.7 L";"80 L";5;N/A;N/A;N/A;N/A;N/A;N/A;N/A;N/A;N/A;Sí;N/A;N/A;N/A;N/A;N/A;N/A;N/A;N/A;N/A;N/A;N/A;N/A;N/A;N/A;N/A;N/A;N/A;N/A;N/A;N/A;N/A;N/A;N/A;Sí;N/A;N/A;N/A;N/A;N/A;N/A;N/A;N/A;N/A;N/A;N/A;"1850 mm";"5260 mm";N/A;N/A;N/A;N/A;5;"177 hp";Srv;N/A;2;"1855 mm";N/A;Sí;N/A;Sí;Sí;N/A;Sí;Sí;N/A;N/A;N/A;N/A;N/A;N/A;N/A;N/A;N/A;N/A;4;2.8;Diésel;Automática;Pick-Up;"Autos y camionetas";N/A;N/A;N/A;N/A;N/A;N/A;UY;N/A;Sí;N/A;N/A;N/A;N/A;N/A;N/A;N/A;N/A;N/A;N/A;N/A;N/A;N/A;N/A;N/A;Sí;N/A;N/A;N/A;N/A;N/A;N/A;N/A;N/A;N/A;N/A;N/A;N/A;N/A;N/A;N/A;N/A;N/A;N/A;Sí;N/A;N/A;N/A;N/A;N/A;N/A;N/A;N/A;N/A;N/A;N/A;N/A;N/A;N/A;N/A;N/A;N/A;N/A;N/A;N/A;N/A;N/A;N/A;N/A;N/A;N/A;N/A;N/A;N/A;N/A;N/A;N/A;N/A;N/A;N/A;N/A;N/A;N/A;N/A;N/A;N/A;N/A;N/A;N/A;N/A;N/A;N/A;N/A;N/A;N/A;N/A;N/A;Sí;N/A;Sí;N/A;Sí;N/A;N/A;N/A;N/A;Sí;Sí;Sí;Sí;N/A;N/A;Sí;Sí;Sí;Sí;Sí;Sí;N/A;Sí;Sí;N/A;Sí
Toyota;Hilux;"3.0 Cd Srv Cuero Tdi 4x4 5at - A4";2016;"240000 km";;BIDETIRSABIDETIRSA;41000;;;;;Florida;https://auto.mercadolibre.com.uy/MLU-693790628-toyota-hilux-srv-4x4-automatica-_JM;N/A;;"Toyota Hilux Srv 4x4 Automatica.";usd;Sí;silver;false;N/A;N/A;http://perfil.mercadolibre.com.uy/BIDETIRSABIDETIRSA;active;N/A;N/A;Usado;Gris;N/A;Hidráulica;4x4;Sí;Sí;Sí;N/A;N/A;N/A;N/A;N/A;N/A;N/A;N/A;N/A;Sí;N/A;N/A;N/A;N/A;N/A;N/A;N/A;N/A;N/A;N/A;N/A;N/A;"2860 mm";"3 L";"80 L";5;N/A;N/A;N/A;N/A;N/A;N/A;N/A;N/A;N/A;N/A;N/A;N/A;N/A;N/A;N/A;N/A;N/A;N/A;N/A;N/A;N/A;N/A;N/A;N/A;N/A;N/A;N/A;N/A;N/A;N/A;N/A;N/A;N/A;N/A;N/A;N/A;N/A;N/A;N/A;N/A;N/A;N/A;N/A;N/A;N/A;"1860 mm";"5260 mm";N/A;N/A;N/A;N/A;5;"171 hp";"Srv Cuero";N/A;4;"1855 mm";N/A;Sí;N/A;Sí;Sí;N/A;Sí;Sí;N/A;N/A;N/A;N/A;N/A;N/A;N/A;N/A;N/A;N/A;4;3.0;Diésel;Automática;Pick-Up;"Autos y camionetas";N/A;N/A;N/A;N/A;N/A;N/A;UY;N/A;Sí;N/A;N/A;N/A;N/A;N/A;N/A;N/A;N/A;N/A;N/A;N/A;N/A;N/A;N/A;N/A;Sí;N/A;N/A;N/A;N/A;N/A;N/A;N/A;N/A;N/A;N/A;N/A;N/A;N/A;N/A;N/A;N/A;N/A;N/A;N/A;N/A;N/A;N/A;N/A;N/A;N/A;N/A;N/A;N/A;N/A;N/A;N/A;N/A;N/A;N/A;N/A;N/A;N/A;N/A;N/A;N/A;N/A;N/A;N/A;N/A;N/A;N/A;N/A;N/A;N/A;N/A;N/A;N/A;N/A;N/A;N/A;N/A;N/A;N/A;N/A;N/A;N/A;N/A;N/A;N/A;N/A;N/A;N/A;N/A;N/A;N/A;N/A;Sí;N/A;Sí;N/A;N/A;N/A;N/A;N/A;N/A;Sí;N/A;Sí;Sí;N/A;N/A;Sí;Sí;Sí;Sí;Sí;Sí;N/A;Sí;Sí;N/A;Sí
Toyota;"Land Cruiser";"4.2 turbo diesel a/t 4x4";1991;"350000 km";;PMCLASICOS;29000;;;;;Pando;https://auto.mercadolibre.com.uy/MLU-699200476-toyota-land-cruiser-_JM;N/A;;"Toyota Land Cruiser";USD;No;silver;false;N/A;N/A;http://perfil.mercadolibre.com.uy/PMCLASICOS;active;N/A;N/A;Usado;Azul;No;N/A;4x4;N/A;N/A;N/A;N/A;N/A;N/A;N/A;N/A;N/A;N/A;N/A;N/A;N/A;N/A;N/A;N/A;N/A;N/A;N/A;N/A;N/A;N/A;N/A;N/A;N/A;N/A;N/A;N/A;N/A;N/A;N/A;N/A;N/A;N/A;N/A;N/A;N/A;N/A;N/A;N/A;N/A;N/A;N/A;N/A;N/A;N/A;N/A;N/A;N/A;N/A;N/A;N/A;N/A;N/A;N/A;N/A;N/A;N/A;N/A;N/A;N/A;N/A;N/A;N/A;N/A;N/A;N/A;N/A;N/A;N/A;N/A;N/A;N/A;N/A;N/A;N/A;N/A;N/A;N/A;N/A;N/A;N/A;N/A;N/A;N/A;N/A;N/A;N/A;N/A;N/A;N/A;N/A;N/A;N/A;N/A;N/A;N/A;N/A;N/A;N/A;N/A;N/A;N/A;N/A;5;"4.2 td";Diésel;Automática;Off-Road;"Autos y camionetas";N/A;N/A;N/A;N/A;N/A;N/A;N/A;N/A;N/A;N/A;N/A;N/A;N/A;N/A;N/A;N/A;N/A;N/A;N/A;N/A;N/A;N/A;N/A;N/A;N/A;N/A;N/A;N/A;N/A;N/A;N/A;N/A;N/A;N/A;N/A;N/A;N/A;N/A;N/A;N/A;N/A;N/A;N/A;N/A;N/A;N/A;N/A;N/A;N/A;N/A;N/A;N/A;N/A;N/A;N/A;N/A;N/A;N/A;N/A;N/A;N/A;N/A;N/A;N/A;N/A;N/A;N/A;N/A;N/A;N/A;N/A;N/A;N/A;N/A;N/A;N/A;N/A;N/A;N/A;N/A;N/A;N/A;N/A;N/A;N/A;N/A;N/A;N/A;N/A;N/A;N/A;N/A;N/A;N/A;N/A;N/A;N/A;N/A;N/A;N/A;N/A;N/A;N/A;N/A;N/A;N/A;N/A;N/A;N/A;N/A;N/A;N/A;N/A;N/A;N/A;N/A;N/A;N/A;N/A;N/A;N/A;N/A
Toyota;Hilux;"2.7 Cd Srv Vvti 4x4";2014;"250000 km";;PALMIRAAUTOMOVILESS;22500;;;;;"Nueva Palmira";https://auto.mercadolibre.com.uy/MLU-690012798-toyota-hilux-27-cd-srv-vvti-4x4-_JM;N/A;;"Toyota Hilux 2.7 Cd Srv Vvti 4x4";usd;Sí;silver;false;N/A;N/A;http://perfil.mercadolibre.com.uy/PALMIRAAUTOMOVILESS;active;N/A;N/A;Usado;Blanco;N/A;Hidráulica;4x4;Sí;N/A;Sí;N/A;N/A;N/A;N/A;N/A;N/A;N/A;N/A;N/A;N/A;N/A;N/A;N/A;N/A;N/A;N/A;N/A;N/A;N/A;N/A;N/A;N/A;"2860 mm";"2.7 L";"80 L";5;N/A;N/A;N/A;N/A;N/A;N/A;N/A;N/A;N/A;N/A;N/A;N/A;N/A;N/A;N/A;N/A;N/A;N/A;N/A;N/A;N/A;N/A;N/A;N/A;N/A;N/A;N/A;N/A;N/A;N/A;N/A;N/A;N/A;N/A;N/A;N/A;N/A;N/A;N/A;N/A;N/A;N/A;N/A;N/A;N/A;"1860 mm";"5260 mm";N/A;N/A;N/A;N/A;5;"160 hp";Srv;N/A;4;"1855 mm";N/A;N/A;N/A;N/A;N/A;N/A;N/A;Sí;N/A;N/A;N/A;N/A;N/A;N/A;N/A;N/A;N/A;N/A;4;2.7;Nafta;Manual;Pick-Up;"Autos y camionetas";N/A;N/A;N/A;N/A;N/A;N/A;UY;N/A;N/A;N/A;N/A;N/A;N/A;N/A;N/A;N/A;N/A;N/A;N/A;N/A;N/A;N/A;N/A;N/A;N/A;N/A;N/A;N/A;N/A;N/A;N/A;N/A;N/A;N/A;N/A;N/A;N/A;N/A;N/A;N/A;N/A;N/A;N/A;N/A;N/A;N/A;N/A;N/A;N/A;N/A;N/A;N/A;N/A;N/A;N/A;N/A;N/A;N/A;N/A;N/A;N/A;N/A;N/A;N/A;N/A;N/A;N/A;N/A;N/A;N/A;N/A;N/A;N/A;N/A;N/A;N/A;N/A;N/A;N/A;N/A;N/A;N/A;N/A;N/A;N/A;N/A;N/A;N/A;N/A;N/A;N/A;N/A;N/A;N/A;N/A;N/A;N/A;N/A;N/A;N/A;N/A;N/A;N/A;N/A;N/A;N/A;N/A;N/A;N/A;N/A;N/A;N/A;Sí;N/A;Sí;N/A;N/A;N/A;N/A;Sí;N/A;N/A
Toyota;Hilux;Sr;2024;"0 km";;"CAR PLUS_AUTOMÓVILES";65990;;;;;Paysandú;https://auto.mercadolibre.com.uy/MLU-683452536-toyota-hilux-24-sr-at-4x4-0km-entrega-inmed-us-65990-_JM;N/A;;"Toyota Hilux 2.4 Sr At 4x4 0km Entrega Inmed. - U$s 65.990";USD;Sí;silver;false;N/A;N/A;http://perfil.mercadolibre.com.uy/CAR+PLUS_AUTOM%C3%93VILES;active;N/A;N/A;Nuevo;Gris;N/A;Hidráulica;4x4;Sí;N/A;N/A;N/A;N/A;N/A;N/A;N/A;N/A;N/A;N/A;N/A;Sí;N/A;N/A;N/A;N/A;N/A;N/A;N/A;N/A;N/A;N/A;N/A;N/A;N/A;N/A;N/A;N/A;N/A;N/A;N/A;N/A;N/A;N/A;N/A;N/A;N/A;N/A;N/A;N/A;N/A;N/A;N/A;N/A;N/A;N/A;N/A;N/A;N/A;N/A;N/A;N/A;N/A;N/A;N/A;N/A;N/A;N/A;N/A;N/A;N/A;N/A;N/A;N/A;N/A;N/A;N/A;N/A;N/A;N/A;N/A;N/A;N/A;N/A;N/A;N/A;N/A;N/A;N/A;N/A;N/A;N/A;N/A;N/A;N/A;N/A;Sí;N/A;Sí;N/A;N/A;N/A;Sí;N/A;N/A;N/A;N/A;N/A;N/A;N/A;N/A;N/A;N/A;4;2.4;Diésel;Automática;N/A;"Autos y camionetas";N/A;N/A;N/A;N/A;N/A;N/A;N/A;N/A;Sí;N/A;N/A;N/A;N/A;N/A;N/A;N/A;N/A;N/A;N/A;N/A;N/A;N/A;N/A;N/A;N/A;N/A;N/A;N/A;N/A;N/A;N/A;N/A;N/A;N/A;N/A;N/A;N/A;N/A;N/A;N/A;N/A;N/A;N/A;N/A;N/A;N/A;N/A;N/A;N/A;N/A;N/A;N/A;N/A;N/A;N/A;N/A;N/A;N/A;N/A;N/A;N/A;N/A;N/A;N/A;N/A;N/A;N/A;N/A;N/A;N/A;N/A;N/A;N/A;N/A;N/A;N/A;N/A;N/A;N/A;N/A;N/A;N/A;N/A;N/A;N/A;N/A;N/A;N/A;N/A;N/A;N/A;N/A;N/A;N/A;N/A;N/A;Sí;N/A;Sí;N/A;Sí;N/A;N/A;N/A;N/A;Sí;N/A;N/A;Sí;N/A;N/A;N/A;Sí;N/A;Sí;N/A;Sí;N/A;N/A;N/A;N/A;Sí
Toyota;Etios;"1.5 Sedan X";2020;"367000 km";;PIDENOSA;8000;;;;;Maldonado;https://auto.mercadolibre.com.uy/MLU-644555047-toyota-etios-15-sedan-x-b-_JM;N/A;;"Toyota Etios 1.5 Sedan X-b";usd;Sí;silver;false;N/A;N/A;http://perfil.mercadolibre.com.uy/PIDENOSA;active;N/A;N/A;Usado;Blanco;N/A;Eléctrica;Delantera;Sí;N/A;N/A;N/A;N/A;N/A;N/A;N/A;N/A;N/A;N/A;N/A;N/A;N/A;N/A;N/A;N/A;N/A;N/A;N/A;N/A;N/A;N/A;N/A;N/A;"2460 mm";"1.5 L";"45 L";5;N/A;N/A;N/A;N/A;N/A;N/A;N/A;N/A;N/A;N/A;N/A;N/A;N/A;N/A;N/A;N/A;N/A;N/A;N/A;N/A;N/A;N/A;N/A;N/A;N/A;N/A;N/A;N/A;N/A;N/A;N/A;N/A;N/A;N/A;N/A;N/A;N/A;N/A;N/A;N/A;N/A;N/A;N/A;N/A;N/A;"1510 mm";"4265 mm";N/A;N/A;N/A;N/A;5;"90 hp";X;N/A;4;"1695 mm";"13.8 km/l";N/A;N/A;N/A;N/A;N/A;N/A;N/A;N/A;N/A;N/A;"12.4 km/l";N/A;N/A;N/A;N/A;N/A;N/A;4;1.5;Nafta;Manual;Sedán;"Autos y camionetas";N/A;N/A;N/A;N/A;N/A;N/A;UY;N/A;N/A;N/A;N/A;N/A;N/A;N/A;N/A;N/A;N/A;N/A;N/A;N/A;N/A;N/A;N/A;N/A;N/A;N/A;N/A;N/A;N/A;N/A;N/A;N/A;N/A;N/A;N/A;N/A;N/A;N/A;N/A;N/A;N/A;N/A;N/A;N/A;N/A;N/A;N/A;N/A;N/A;N/A;N/A;N/A;N/A;N/A;N/A;N/A;N/A;N/A;N/A;N/A;N/A;N/A;N/A;N/A;N/A;N/A;N/A;N/A;N/A;N/A;N/A;N/A;N/A;N/A;N/A;N/A;N/A;N/A;N/A;N/A;N/A;N/A;N/A;N/A;N/A;N/A;N/A;N/A;N/A;N/A;N/A;N/A;N/A;N/A;N/A;N/A;N/A;N/A;N/A;N/A;N/A;N/A;N/A;N/A;N/A;N/A;N/A;N/A;N/A;N/A;N/A;N/A;N/A;N/A;Sí;N/A;N/A;N/A;N/A;Sí;N/A;N/A
Toyota;"Corolla Cross";"1.8 Seg Hybrid E-cvt";2024;"0 km";;BIDETIRSABIDETIRSA;44990;;;;;Florida;https://auto.mercadolibre.com.uy/MLU-683290658-toyota-corolla-cross-seg-_JM;N/A;;"Toyota Corolla Cross Seg";usd;Sí;silver;false;N/A;N/A;http://perfil.mercadolibre.com.uy/BIDETIRSABIDETIRSA;active;N/A;N/A;Nuevo;Gris;N/A;Eléctrica;4x2;Sí;Sí;Sí;N/A;N/A;Sí;N/A;N/A;Sí;N/A;N/A;Sí;Sí;N/A;Sí;N/A;N/A;N/A;N/A;N/A;N/A;N/A;N/A;N/A;N/A;"2660 mm";"1.8 L";"60 L";5;N/A;N/A;N/A;N/A;N/A;N/A;N/A;N/A;N/A;N/A;N/A;N/A;N/A;N/A;N/A;N/A;N/A;N/A;N/A;N/A;N/A;N/A;N/A;N/A;N/A;N/A;N/A;N/A;N/A;N/A;N/A;N/A;N/A;N/A;N/A;N/A;N/A;N/A;N/A;N/A;N/A;N/A;N/A;N/A;N/A;"1715 mm";"4570 mm";N/A;N/A;N/A;N/A;5;"146 hp";Seg;N/A;4;"1845 mm";N/A;Sí;N/A;Sí;Sí;N/A;Sí;Sí;N/A;Sí;N/A;"10.9 km/l";N/A;N/A;N/A;N/A;Sí;N/A;5;1.8;Híbrido;Automática;SUV;"Autos y camionetas";N/A;N/A;N/A;N/A;N/A;N/A;UY;N/A;Sí;N/A;N/A;N/A;N/A;N/A;N/A;N/A;N/A;N/A;N/A;N/A;N/A;N/A;N/A;N/A;Sí;N/A;N/A;N/A;N/A;N/A;N/A;N/A;N/A;N/A;N/A;N/A;N/A;N/A;N/A;N/A;N/A;N/A;N/A;Sí;N/A;N/A;N/A;N/A;N/A;N/A;N/A;N/A;N/A;N/A;N/A;N/A;N/A;N/A;N/A;N/A;N/A;N/A;N/A;N/A;N/A;N/A;N/A;N/A;N/A;N/A;N/A;N/A;N/A;N/A;N/A;N/A;N/A;N/A;N/A;N/A;N/A;N/A;N/A;N/A;N/A;N/A;N/A;N/A;N/A;N/A;N/A;N/A;N/A;N/A;N/A;N/A;Sí;Sí;Sí;N/A;Sí;N/A;N/A;N/A;N/A;Sí;Sí;Sí;Sí;N/A;N/A;Sí;Sí;Sí;Sí;Sí;Sí;N/A;N/A;Sí;N/A;Sí
Toyota;"Yaris Hatch";"1.5 Xls Cvt Hatch";2023;"0 km";;SELLERAUTOMOVILES;26990;;;;;Centro;https://auto.mercadolibre.com.uy/MLU-689407554-toyota-yaris-2023-xls-automatico-_JM;N/A;;"Toyota Yaris 2023 Xls Automatico";usd;Sí;silver;false;N/A;N/A;http://perfil.mercadolibre.com.uy/SELLERAUTOMOVILES;active;N/A;N/A;Nuevo;Gris;N/A;Hidráulica;Delantera;Sí;N/A;N/A;N/A;N/A;N/A;N/A;N/A;N/A;N/A;N/A;N/A;N/A;N/A;N/A;N/A;N/A;N/A;N/A;N/A;N/A;N/A;N/A;N/A;N/A;"2550 mm";"1.5 L";"42 L";N/A;N/A;N/A;N/A;N/A;N/A;N/A;N/A;N/A;N/A;N/A;N/A;N/A;N/A;N/A;N/A;N/A;N/A;N/A;N/A;N/A;N/A;N/A;N/A;N/A;N/A;N/A;N/A;N/A;N/A;N/A;N/A;N/A;N/A;Sí;Sí;N/A;N/A;N/A;N/A;N/A;N/A;N/A;N/A;N/A;N/A;"1475 mm";"4410 mm";N/A;N/A;N/A;N/A;5;"107 hp";N/A;N/A;4;"1700 mm";N/A;N/A;N/A;N/A;N/A;N/A;N/A;N/A;N/A;N/A;N/A;N/A;N/A;N/A;N/A;N/A;N/A;N/A;4;1.5;Nafta;Automática;Hatchback;"Autos y camionetas";N/A;N/A;N/A;N/A;N/A;N/A;UY;N/A;N/A;N/A;N/A;N/A;N/A;N/A;N/A;N/A;N/A;N/A;N/A;N/A;N/A;N/A;N/A;N/A;N/A;N/A;N/A;N/A;N/A;N/A;N/A;N/A;N/A;N/A;N/A;N/A;N/A;N/A;N/A;N/A;N/A;N/A;N/A;N/A;N/A;N/A;N/A;N/A;N/A;N/A;N/A;N/A;N/A;N/A;N/A;N/A;N/A;N/A;N/A;N/A;N/A;N/A;N/A;N/A;N/A;N/A;N/A;N/A;N/A;N/A;N/A;N/A;N/A;N/A;N/A;N/A;N/A;N/A;N/A;N/A;N/A;N/A;N/A;N/A;N/A;N/A;N/A;N/A;N/A;N/A;N/A;N/A;N/A;N/A;N/A;N/A;N/A;N/A;N/A;N/A;N/A;N/A;N/A;N/A;N/A;N/A;N/A;N/A;N/A;N/A;N/A;N/A;N/A;N/A;Sí;N/A;N/A;N/A;N/A;Sí;N/A;Sí
Toyota;Hilux;"2.5 Cab Doble 4x2";2010;"260000 km";;MOWA20240511182218;28000;;;;;Rivera;https://auto.mercadolibre.com.uy/MLU-699774782-toyota-hilux-2010-25-cab-doble-4x2-_JM;N/A;;"Toyota Hilux 2010 2.5 Cab Doble 4x2";usd;Sí;silver;false;N/A;N/A;http://perfil.mercadolibre.com.uy/MOWA20240511182218;active;N/A;N/A;Usado;N/A;N/A;Hidráulica;4x2;Sí;N/A;N/A;N/A;N/A;N/A;N/A;N/A;N/A;N/A;N/A;N/A;N/A;N/A;N/A;N/A;N/A;N/A;N/A;N/A;N/A;N/A;N/A;N/A;N/A;"2860 mm";"2.5 L";"80 L";5;N/A;N/A;N/A;N/A;N/A;N/A;N/A;N/A;N/A;N/A;N/A;N/A;N/A;N/A;N/A;N/A;N/A;N/A;N/A;N/A;N/A;N/A;N/A;N/A;N/A;N/A;N/A;N/A;N/A;N/A;N/A;N/A;N/A;N/A;N/A;N/A;N/A;N/A;N/A;N/A;N/A;N/A;N/A;N/A;N/A;"1820 mm";"5255 mm";N/A;N/A;N/A;N/A;5;"102 hp";N/A;N/A;4;"1855 mm";N/A;N/A;N/A;N/A;N/A;N/A;N/A;N/A;N/A;N/A;N/A;N/A;N/A;N/A;N/A;N/A;N/A;N/A;4;2.5;Diésel;Manual;Pick-Up;"Autos y camionetas";N/A;N/A;N/A;N/A;N/A;N/A;UY;N/A;N/A;N/A;N/A;N/A;N/A;N/A;N/A;N/A;N/A;N/A;N/A;N/A;N/A;N/A;N/A;N/A;N/A;N/A;N/A;N/A;N/A;N/A;N/A;N/A;N/A;N/A;N/A;N/A;N/A;N/A;N/A;N/A;N/A;N/A;N/A;N/A;N/A;N/A;N/A;N/A;N/A;N/A;N/A;N/A;N/A;N/A;N/A;N/A;N/A;N/A;N/A;N/A;N/A;N/A;N/A;N/A;N/A;N/A;N/A;N/A;N/A;N/A;N/A;N/A;N/A;N/A;N/A;N/A;N/A;N/A;N/A;N/A;N/A;N/A;N/A;N/A;N/A;N/A;N/A;N/A;N/A;N/A;N/A;N/A;N/A;N/A;N/A;N/A;N/A;N/A;N/A;N/A;N/A;N/A;N/A;N/A;N/A;N/A;N/A;N/A;N/A;N/A;N/A;N/A;N/A;N/A;Sí;N/A;N/A;N/A;N/A;N/A;N/A;N/A
Toyota;Hilux;Srv;2024;"0 km";;"CAR PLUS_AUTOMÓVILES";41990;;;;;Paysandú;https://auto.mercadolibre.com.uy/MLU-683491436-toyota-hilux-27-srv-4x2-mt-nafta-0km-entrega-ya-us-41990-_JM;N/A;;"Toyota Hilux 2.7 Srv 4x2 Mt Nafta 0km Entrega Ya- U$s 41.990";USD;Sí;silver;false;N/A;N/A;http://perfil.mercadolibre.com.uy/CAR+PLUS_AUTOM%C3%93VILES;active;N/A;N/A;Nuevo;Blanco;N/A;Hidráulica;4x2;Sí;N/A;N/A;N/A;N/A;N/A;N/A;N/A;Sí;N/A;N/A;Sí;Sí;N/A;N/A;N/A;N/A;N/A;N/A;N/A;N/A;N/A;N/A;N/A;N/A;N/A;N/A;N/A;N/A;N/A;N/A;N/A;N/A;N/A;N/A;N/A;N/A;N/A;N/A;N/A;N/A;N/A;N/A;N/A;N/A;N/A;N/A;N/A;N/A;N/A;N/A;N/A;N/A;N/A;N/A;N/A;N/A;N/A;N/A;N/A;N/A;N/A;N/A;N/A;N/A;N/A;N/A;N/A;N/A;N/A;N/A;N/A;N/A;N/A;N/A;N/A;N/A;N/A;N/A;N/A;N/A;N/A;N/A;N/A;N/A;N/A;N/A;Sí;N/A;Sí;N/A;N/A;N/A;Sí;N/A;N/A;N/A;N/A;N/A;N/A;N/A;N/A;N/A;N/A;4;2.7;Nafta;Manual;N/A;"Autos y camionetas";N/A;N/A;N/A;N/A;N/A;N/A;N/A;N/A;Sí;N/A;N/A;N/A;N/A;N/A;N/A;N/A;N/A;N/A;N/A;N/A;N/A;N/A;N/A;N/A;Sí;N/A;N/A;N/A;N/A;N/A;N/A;N/A;N/A;N/A;N/A;N/A;N/A;N/A;N/A;N/A;N/A;N/A;N/A;N/A;N/A;N/A;N/A;N/A;N/A;N/A;N/A;N/A;N/A;N/A;N/A;N/A;N/A;N/A;N/A;N/A;N/A;N/A;N/A;N/A;N/A;N/A;N/A;N/A;N/A;N/A;N/A;N/A;N/A;N/A;N/A;N/A;N/A;N/A;N/A;N/A;N/A;N/A;N/A;N/A;N/A;N/A;N/A;N/A;N/A;N/A;N/A;N/A;N/A;N/A;N/A;N/A;Sí;N/A;Sí;N/A;Sí;N/A;N/A;N/A;N/A;Sí;N/A;N/A;N/A;N/A;N/A;Sí;Sí;N/A;Sí;N/A;Sí;N/A;N/A;N/A;N/A;Sí
Toyota;"Corolla Cross";"1.8 Seg Hybrid E-cvt";2024;"0 km";;"CAR PLUS_AUTOMÓVILES";44990;;;;;Paysandú;https://auto.mercadolibre.com.uy/MLU-640242739-toyota-corolla-cross-18-hybrid-seg-0km-nuevo-modelo-2025-_JM;N/A;;"Toyota Corolla Cross 1.8 Hybrid Seg 0km Nuevo Modelo 2025";usd;Sí;silver;false;N/A;N/A;http://perfil.mercadolibre.com.uy/CAR+PLUS_AUTOM%C3%93VILES;active;N/A;N/A;Nuevo;Blanco;N/A;Eléctrica;4x2;Sí;Sí;Sí;N/A;N/A;N/A;N/A;N/A;Sí;N/A;N/A;Sí;Sí;N/A;Sí;N/A;N/A;N/A;N/A;N/A;N/A;N/A;N/A;N/A;N/A;"2660 mm";"1.8 L";"60 L";5;N/A;N/A;N/A;N/A;N/A;N/A;N/A;N/A;N/A;N/A;N/A;N/A;N/A;N/A;N/A;N/A;N/A;N/A;N/A;N/A;N/A;N/A;N/A;N/A;N/A;N/A;N/A;N/A;N/A;N/A;N/A;N/A;N/A;N/A;N/A;N/A;N/A;N/A;N/A;N/A;N/A;N/A;N/A;N/A;N/A;"1715 mm";"4570 mm";N/A;N/A;N/A;N/A;5;"146 hp";Seg;N/A;4;"1845 mm";N/A;Sí;N/A;Sí;N/A;N/A;Sí;Sí;N/A;N/A;N/A;"10.9 km/l";N/A;N/A;N/A;N/A;Sí;N/A;5;1.8;Híbrido;Automática;SUV;"Autos y camionetas";N/A;N/A;N/A;N/A;N/A;N/A;UY;N/A;Sí;N/A;N/A;N/A;N/A;N/A;N/A;N/A;N/A;N/A;N/A;N/A;N/A;N/A;N/A;N/A;Sí;N/A;N/A;N/A;N/A;N/A;N/A;N/A;N/A;N/A;N/A;N/A;N/A;N/A;N/A;N/A;N/A;N/A;N/A;Sí;N/A;N/A;N/A;N/A;N/A;N/A;N/A;N/A;N/A;N/A;N/A;N/A;N/A;N/A;N/A;N/A;N/A;N/A;N/A;N/A;N/A;N/A;N/A;N/A;N/A;N/A;N/A;N/A;N/A;N/A;N/A;N/A;N/A;N/A;N/A;N/A;N/A;N/A;N/A;N/A;N/A;N/A;N/A;N/A;N/A;N/A;N/A;N/A;N/A;N/A;N/A;N/A;Sí;Sí;Sí;N/A;Sí;N/A;N/A;N/A;N/A;Sí;N/A;N/A;Sí;N/A;N/A;Sí;Sí;Sí;Sí;Sí;Sí;N/A;N/A;Sí;N/A;Sí
Toyota;"Corolla Cross";"1.8 Xei Hybrid E-cvt";2024;"0 km";;"CAR PLUS_AUTOMÓVILES";40990;;;;;Paysandú;https://auto.mercadolibre.com.uy/MLU-640203403-toyota-corolla-cross-18-xei-hybrid-0km-nuevo-modelo-2025-_JM;N/A;;"Toyota Corolla Cross 1.8 Xei Hybrid 0km Nuevo Modelo 2025";usd;Sí;silver;false;N/A;N/A;http://perfil.mercadolibre.com.uy/CAR+PLUS_AUTOM%C3%93VILES;active;N/A;N/A;Nuevo;Blanco;N/A;Eléctrica;4x2;Sí;Sí;Sí;N/A;N/A;N/A;N/A;N/A;N/A;N/A;N/A;Sí;Sí;N/A;Sí;N/A;N/A;N/A;N/A;N/A;N/A;N/A;N/A;N/A;N/A;"2660 mm";"1.8 L";"60 L";5;N/A;N/A;N/A;N/A;N/A;N/A;N/A;N/A;N/A;N/A;N/A;N/A;N/A;N/A;N/A;N/A;N/A;N/A;N/A;N/A;N/A;N/A;N/A;N/A;N/A;N/A;N/A;N/A;N/A;N/A;N/A;N/A;N/A;N/A;N/A;N/A;N/A;N/A;N/A;N/A;N/A;N/A;N/A;N/A;N/A;"1715 mm";"4570 mm";N/A;N/A;N/A;N/A;5;"146 hp";Xei;N/A;4;"1845 mm";N/A;Sí;N/A;Sí;Sí;N/A;Sí;Sí;N/A;N/A;N/A;"10.9 km/l";N/A;N/A;N/A;N/A;Sí;N/A;5;1.8;Híbrido;Automática;SUV;"Autos y camionetas";N/A;N/A;N/A;N/A;N/A;N/A;UY;N/A;Sí;N/A;N/A;N/A;N/A;N/A;N/A;N/A;N/A;N/A;N/A;N/A;N/A;N/A;N/A;N/A;Sí;N/A;N/A;N/A;N/A;N/A;N/A;N/A;N/A;N/A;N/A;N/A;N/A;N/A;N/A;N/A;N/A;N/A;N/A;Sí;N/A;N/A;N/A;N/A;N/A;N/A;N/A;N/A;N/A;N/A;N/A;N/A;N/A;N/A;N/A;N/A;N/A;N/A;N/A;N/A;N/A;N/A;N/A;N/A;N/A;N/A;N/A;N/A;N/A;N/A;N/A;N/A;N/A;N/A;N/A;N/A;N/A;N/A;N/A;N/A;N/A;N/A;N/A;N/A;N/A;N/A;N/A;N/A;N/A;N/A;N/A;N/A;Sí;Sí;Sí;N/A;Sí;N/A;N/A;N/A;N/A;Sí;N/A;N/A;Sí;N/A;N/A;Sí;Sí;Sí;Sí;Sí;Sí;N/A;N/A;Sí;N/A;Sí
Toyota;Hilux;"SRV 4X4";2023;"0 km";;"CAR PLUS_AUTOMÓVILES";71490;;;;;Paysandú;https://auto.mercadolibre.com.uy/MLU-636115285-toyota-hilux-28-srv-4x4-diesel-at-0km-entrega-inmediata-_JM;N/A;;"Toyota Hilux 2.8 Srv 4x4 Diesel At 0km Entrega Inmediata!!!";usd;Sí;silver;false;N/A;N/A;http://perfil.mercadolibre.com.uy/CAR+PLUS_AUTOM%C3%93VILES;active;N/A;N/A;Nuevo;Plateado;N/A;Hidráulica;4x4;Sí;N/A;Sí;N/A;N/A;N/A;N/A;N/A;Sí;N/A;N/A;N/A;Sí;N/A;N/A;N/A;N/A;N/A;N/A;N/A;N/A;N/A;N/A;N/A;N/A;"2860 mm";"2.7 L";"80 L";5;N/A;N/A;N/A;N/A;N/A;N/A;N/A;N/A;N/A;Sí;N/A;N/A;N/A;N/A;N/A;N/A;N/A;N/A;N/A;N/A;N/A;N/A;N/A;N/A;N/A;N/A;N/A;N/A;N/A;N/A;N/A;N/A;N/A;Sí;N/A;N/A;N/A;N/A;N/A;N/A;N/A;N/A;N/A;N/A;N/A;"1850 mm";"5260 mm";N/A;N/A;N/A;N/A;5;"177 hp";Srv;N/A;2;"1855 mm";N/A;Sí;N/A;N/A;N/A;N/A;N/A;Sí;N/A;N/A;N/A;N/A;N/A;N/A;N/A;N/A;N/A;N/A;4;2.7;Diésel;Automática;Pick-Up;"Autos y camionetas";N/A;N/A;N/A;N/A;N/A;N/A;UY;N/A;Sí;N/A;N/A;N/A;N/A;N/A;N/A;N/A;N/A;N/A;N/A;N/A;N/A;N/A;N/A;N/A;N/A;N/A;N/A;N/A;N/A;N/A;N/A;N/A;N/A;N/A;N/A;N/A;N/A;N/A;N/A;N/A;N/A;N/A;N/A;N/A;N/A;N/A;N/A;N/A;N/A;N/A;N/A;N/A;N/A;N/A;N/A;N/A;N/A;N/A;N/A;N/A;N/A;N/A;N/A;N/A;N/A;N/A;N/A;N/A;N/A;N/A;N/A;N/A;N/A;N/A;N/A;N/A;N/A;N/A;N/A;N/A;N/A;N/A;N/A;N/A;N/A;N/A;N/A;N/A;N/A;N/A;N/A;N/A;N/A;N/A;N/A;N/A;Sí;Sí;Sí;N/A;Sí;N/A;N/A;N/A;N/A;Sí;Sí;N/A;N/A;N/A;N/A;Sí;Sí;Sí;Sí;N/A;Sí;N/A;Sí;Sí;N/A;Sí
Toyota;Corolla;"1.8 Xei Aut";2023;"0 km";;SELLERAUTOMOVILES;35990;;;;;Centro;https://auto.mercadolibre.com.uy/MLU-643849307-toyota-corolla-xei-hibrido-2024-_JM;N/A;;"Toyota Corolla Xei Hibrido 2024";usd;Sí;silver;false;N/A;N/A;http://perfil.mercadolibre.com.uy/SELLERAUTOMOVILES;active;N/A;N/A;Nuevo;Blanco;N/A;Eléctrica;Delantera;Sí;N/A;Sí;N/A;N/A;Sí;N/A;N/A;N/A;N/A;N/A;N/A;N/A;N/A;N/A;N/A;N/A;N/A;N/A;N/A;N/A;N/A;N/A;N/A;N/A;"2700 mm";"1.8 L";"57 L";7;N/A;N/A;N/A;N/A;N/A;N/A;N/A;N/A;N/A;N/A;N/A;N/A;N/A;N/A;N/A;N/A;N/A;N/A;N/A;N/A;N/A;N/A;N/A;N/A;N/A;N/A;N/A;N/A;N/A;N/A;N/A;N/A;N/A;N/A;N/A;N/A;N/A;N/A;N/A;N/A;N/A;N/A;N/A;N/A;N/A;"1460 mm";"4620 mm";N/A;N/A;N/A;N/A;5;"140 hp";Xei;N/A;4;"1775 mm";"13.5 km/l";N/A;N/A;N/A;N/A;N/A;N/A;N/A;N/A;N/A;N/A;N/A;N/A;N/A;N/A;N/A;N/A;"Lunes a Viernes de 9 a 18 hs";4;1.8;Nafta;Automática;Sedán;"Autos y camionetas";N/A;N/A;N/A;N/A;N/A;N/A;UY;N/A;N/A;N/A;N/A;N/A;N/A;N/A;N/A;N/A;N/A;N/A;N/A;N/A;N/A;N/A;N/A;N/A;N/A;N/A;N/A;N/A;N/A;N/A;N/A;N/A;N/A;N/A;N/A;N/A;N/A;N/A;N/A;N/A;N/A;N/A;N/A;N/A;N/A;N/A;N/A;N/A;N/A;N/A;N/A;N/A;N/A;N/A;N/A;N/A;N/A;N/A;N/A;N/A;N/A;N/A;N/A;N/A;N/A;N/A;N/A;N/A;N/A;N/A;N/A;N/A;N/A;N/A;N/A;N/A;N/A;N/A;N/A;N/A;N/A;N/A;N/A;N/A;N/A;N/A;N/A;N/A;N/A;N/A;N/A;N/A;N/A;N/A;N/A;N/A;N/A;N/A;N/A;N/A;N/A;N/A;N/A;N/A;N/A;N/A;N/A;N/A;N/A;N/A;N/A;N/A;Sí;N/A;Sí;N/A;N/A;N/A;Sí;Sí;N/A;N/A
Toyota;Hilux;Sr;2024;"0 km";;"CAR PLUS_AUTOMÓVILES";62990;;;;;Paysandú;https://auto.mercadolibre.com.uy/MLU-683400910-toyota-hilux-24-sr-4x4-mt-0km-entrega-inmediata-us-62990-_JM;N/A;;"Toyota Hilux 2.4 Sr 4x4 Mt 0km Entrega Inmediata- U$s 62.990";usd;Sí;silver;false;N/A;N/A;http://perfil.mercadolibre.com.uy/CAR+PLUS_AUTOM%C3%93VILES;active;N/A;N/A;Nuevo;Gris;N/A;Hidráulica;4x4;Sí;N/A;Sí;N/A;N/A;N/A;N/A;N/A;N/A;N/A;N/A;N/A;Sí;N/A;N/A;N/A;N/A;N/A;N/A;N/A;N/A;N/A;N/A;N/A;N/A;"2860 mm";"2.7 L";"80 L";5;N/A;N/A;N/A;N/A;N/A;N/A;N/A;N/A;N/A;Sí;N/A;N/A;N/A;N/A;N/A;N/A;N/A;N/A;N/A;N/A;N/A;N/A;N/A;N/A;N/A;N/A;N/A;N/A;N/A;N/A;N/A;N/A;N/A;Sí;N/A;N/A;N/A;N/A;N/A;N/A;N/A;N/A;N/A;N/A;N/A;"1850 mm";"5260 mm";N/A;N/A;N/A;N/A;5;"177 hp";Sr;N/A;2;"1855 mm";N/A;Sí;N/A;N/A;N/A;N/A;N/A;Sí;N/A;N/A;N/A;N/A;N/A;N/A;N/A;N/A;N/A;N/A;4;2.4;Diésel;Manual;Pick-Up;"Autos y camionetas";N/A;N/A;N/A;N/A;N/A;N/A;UY;N/A;Sí;N/A;N/A;N/A;N/A;N/A;N/A;N/A;N/A;N/A;N/A;N/A;N/A;N/A;N/A;N/A;N/A;N/A;N/A;N/A;N/A;N/A;N/A;N/A;N/A;N/A;N/A;N/A;N/A;N/A;N/A;N/A;N/A;N/A;N/A;N/A;N/A;N/A;N/A;N/A;N/A;N/A;N/A;N/A;N/A;N/A;N/A;N/A;N/A;N/A;N/A;N/A;N/A;N/A;N/A;N/A;N/A;N/A;N/A;N/A;N/A;N/A;N/A;N/A;N/A;N/A;N/A;N/A;N/A;N/A;N/A;N/A;N/A;N/A;N/A;N/A;N/A;N/A;N/A;N/A;N/A;N/A;N/A;N/A;N/A;N/A;N/A;N/A;Sí;N/A;Sí;N/A;Sí;N/A;N/A;N/A;N/A;Sí;N/A;N/A;Sí;N/A;N/A;N/A;Sí;Sí;Sí;N/A;Sí;N/A;Sí;Sí;N/A;Sí
Toyota;Hilux;Sr;2024;"0 km";;"CAR PLUS_AUTOMÓVILES";37990;;;;;Paysandú;https://auto.mercadolibre.com.uy/MLU-683452792-toyota-hilux-27-sr-4x2-mt-0km-entrega-inmediata-us-37990-_JM;N/A;;"Toyota Hilux 2.7 Sr 4x2 Mt 0km Entrega Inmediata- U$s 37.990";usd;Sí;silver;false;N/A;N/A;http://perfil.mercadolibre.com.uy/CAR+PLUS_AUTOM%C3%93VILES;active;N/A;N/A;Nuevo;Plateado;N/A;Hidráulica;4x2;Sí;N/A;Sí;N/A;N/A;N/A;N/A;N/A;N/A;N/A;N/A;Sí;Sí;N/A;N/A;N/A;N/A;N/A;N/A;N/A;N/A;N/A;N/A;N/A;N/A;"2860 mm";"2.7 L";"80 L";5;N/A;N/A;N/A;N/A;N/A;N/A;N/A;N/A;N/A;Sí;N/A;N/A;N/A;N/A;N/A;N/A;N/A;N/A;N/A;N/A;N/A;N/A;N/A;N/A;N/A;N/A;N/A;N/A;N/A;N/A;N/A;N/A;N/A;Sí;N/A;N/A;N/A;N/A;N/A;N/A;N/A;N/A;N/A;N/A;N/A;"1850 mm";"5260 mm";N/A;N/A;N/A;N/A;5;"177 hp";Sr;N/A;2;"1855 mm";N/A;Sí;N/A;Sí;N/A;N/A;N/A;Sí;N/A;N/A;N/A;N/A;N/A;N/A;N/A;N/A;N/A;N/A;4;2.7;Nafta;Manual;Pick-Up;"Autos y camionetas";N/A;N/A;N/A;N/A;N/A;N/A;UY;N/A;Sí;N/A;N/A;N/A;N/A;N/A;N/A;N/A;N/A;N/A;N/A;N/A;N/A;N/A;N/A;N/A;Sí;N/A;N/A;N/A;N/A;N/A;N/A;N/A;N/A;N/A;N/A;N/A;N/A;N/A;N/A;N/A;N/A;N/A;N/A;N/A;N/A;N/A;N/A;N/A;N/A;N/A;N/A;N/A;N/A;N/A;N/A;N/A;N/A;N/A;N/A;N/A;N/A;N/A;N/A;N/A;N/A;N/A;N/A;N/A;N/A;N/A;N/A;N/A;N/A;N/A;N/A;N/A;N/A;N/A;N/A;N/A;N/A;N/A;N/A;N/A;N/A;N/A;N/A;N/A;N/A;N/A;N/A;N/A;N/A;N/A;N/A;N/A;Sí;N/A;Sí;N/A;Sí;N/A;N/A;N/A;N/A;Sí;N/A;N/A;N/A;N/A;N/A;N/A;Sí;Sí;Sí;N/A;Sí;N/A;Sí;Sí;N/A;Sí
Toyota;Hilux;"2.4 D.cab. T.dsl Dx 4x4";2024;"0 km";;"CAR PLUS_AUTOMÓVILES";58990;;;;;Paysandú;https://auto.mercadolibre.com.uy/MLU-683439828-toyota-hilux-24-dx-4x4-diesel-0km-entrega-inmed-us-58990-_JM;N/A;;"Toyota Hilux 2.4 Dx 4x4 Diesel 0km Entrega Inmed- U$s 58.990";usd;Sí;silver;false;N/A;N/A;http://perfil.mercadolibre.com.uy/CAR+PLUS_AUTOM%C3%93VILES;active;N/A;N/A;Nuevo;Gris;N/A;Hidráulica;4x4;Sí;N/A;Sí;N/A;N/A;N/A;N/A;N/A;N/A;N/A;N/A;N/A;N/A;N/A;N/A;N/A;N/A;N/A;N/A;N/A;N/A;N/A;N/A;N/A;N/A;"2860 mm";"2.4 L";"80 L";5;N/A;N/A;N/A;N/A;N/A;N/A;N/A;N/A;N/A;N/A;N/A;N/A;N/A;N/A;N/A;N/A;N/A;N/A;N/A;N/A;N/A;N/A;N/A;N/A;N/A;N/A;N/A;N/A;N/A;N/A;N/A;N/A;N/A;N/A;N/A;N/A;N/A;N/A;N/A;N/A;N/A;N/A;N/A;N/A;N/A;"1850 mm";"5260 mm";N/A;N/A;N/A;N/A;5;"150 hp";Dx;N/A;4;"1855 mm";"8.2 km/l";N/A;N/A;N/A;N/A;N/A;N/A;N/A;N/A;N/A;N/A;"6.3 km/l";N/A;N/A;N/A;N/A;N/A;N/A;4;2.4;Diésel;Manual;Pick-Up;"Autos y camionetas";N/A;N/A;N/A;N/A;N/A;N/A;UY;N/A;N/A;N/A;N/A;N/A;N/A;N/A;N/A;N/A;N/A;N/A;N/A;N/A;N/A;N/A;N/A;N/A;N/A;N/A;N/A;N/A;N/A;N/A;N/A;N/A;N/A;N/A;N/A;N/A;N/A;N/A;N/A;N/A;N/A;N/A;N/A;N/A;N/A;N/A;N/A;N/A;N/A;N/A;N/A;N/A;N/A;N/A;N/A;N/A;N/A;N/A;N/A;N/A;N/A;N/A;N/A;N/A;N/A;N/A;N/A;N/A;N/A;N/A;N/A;N/A;N/A;N/A;N/A;N/A;N/A;N/A;N/A;N/A;N/A;N/A;N/A;N/A;N/A;N/A;N/A;N/A;N/A;N/A;N/A;N/A;N/A;N/A;N/A;N/A;N/A;N/A;N/A;N/A;N/A;N/A;N/A;N/A;N/A;N/A;N/A;N/A;N/A;N/A;N/A;N/A;Sí;N/A;Sí;N/A;N/A;N/A;N/A;Sí;N/A;N/A
Toyota;Hilux;Sr;2024;"0 km";;"CAR PLUS_AUTOMÓVILES";57490;;;;;Paysandú;https://auto.mercadolibre.com.uy/MLU-683491374-toyota-hilux-24-sr-4x2-mt-0km-entrega-inmediata-us-57490-_JM;N/A;;"Toyota Hilux 2.4 Sr 4x2 Mt 0km Entrega Inmediata- U$s 57.490";usd;Sí;silver;false;N/A;N/A;http://perfil.mercadolibre.com.uy/CAR+PLUS_AUTOM%C3%93VILES;active;N/A;N/A;Nuevo;Plateado;N/A;Hidráulica;4x2;Sí;N/A;Sí;N/A;N/A;N/A;N/A;N/A;N/A;N/A;N/A;N/A;Sí;N/A;N/A;N/A;N/A;N/A;N/A;N/A;N/A;N/A;N/A;N/A;N/A;"2860 mm";"2.7 L";"80 L";5;N/A;N/A;N/A;N/A;N/A;N/A;N/A;N/A;N/A;Sí;N/A;N/A;N/A;N/A;N/A;N/A;N/A;N/A;N/A;N/A;N/A;N/A;N/A;N/A;N/A;N/A;N/A;N/A;N/A;N/A;N/A;N/A;N/A;Sí;N/A;N/A;N/A;N/A;N/A;N/A;N/A;N/A;N/A;N/A;N/A;"1850 mm";"5260 mm";N/A;N/A;N/A;N/A;5;"177 hp";Sr;N/A;2;"1855 mm";N/A;Sí;N/A;N/A;N/A;N/A;N/A;Sí;N/A;N/A;N/A;N/A;N/A;N/A;N/A;N/A;N/A;N/A;4;2.4;Diésel;Manual;Pick-Up;"Autos y camionetas";N/A;N/A;N/A;N/A;N/A;N/A;UY;N/A;Sí;N/A;N/A;N/A;N/A;N/A;N/A;N/A;N/A;N/A;N/A;N/A;N/A;N/A;N/A;N/A;N/A;N/A;N/A;N/A;N/A;N/A;N/A;N/A;N/A;N/A;N/A;N/A;N/A;N/A;N/A;N/A;N/A;N/A;N/A;N/A;N/A;N/A;N/A;N/A;N/A;N/A;N/A;N/A;N/A;N/A;N/A;N/A;N/A;N/A;N/A;N/A;N/A;N/A;N/A;N/A;N/A;N/A;N/A;N/A;N/A;N/A;N/A;N/A;N/A;N/A;N/A;N/A;N/A;N/A;N/A;N/A;N/A;N/A;N/A;N/A;N/A;N/A;N/A;N/A;N/A;N/A;N/A;N/A;N/A;N/A;N/A;N/A;Sí;N/A;Sí;N/A;Sí;N/A;N/A;N/A;N/A;Sí;N/A;N/A;Sí;N/A;N/A;N/A;Sí;N/A;Sí;N/A;Sí;N/A;Sí;Sí;N/A;Sí
Toyota;RAV4;"2.5 Limited 4x4 At";2024;"0 km";;"CAR PLUS_AUTOMÓVILES";70990;;;;;Paysandú;https://auto.mercadolibre.com.uy/MLU-640229969-toyota-rav4-25-limited-4x4-0km-entrega-inmediata-_JM;N/A;;"Toyota Rav4 2.5 Limited 4x4 0km Entrega Inmediata!!!";usd;Sí;silver;false;N/A;N/A;http://perfil.mercadolibre.com.uy/CAR+PLUS_AUTOM%C3%93VILES;active;N/A;N/A;Nuevo;Blanco;N/A;Eléctrica;4x4;Sí;Sí;Sí;N/A;N/A;N/A;N/A;N/A;Sí;N/A;N/A;Sí;Sí;N/A;Sí;N/A;N/A;N/A;N/A;N/A;N/A;N/A;N/A;N/A;N/A;"2660 mm";"2.5 L";"60 L";6;N/A;N/A;N/A;N/A;N/A;N/A;N/A;N/A;N/A;N/A;N/A;N/A;N/A;N/A;N/A;N/A;N/A;N/A;N/A;N/A;N/A;N/A;N/A;N/A;N/A;N/A;N/A;N/A;N/A;N/A;N/A;N/A;N/A;N/A;N/A;Sí;N/A;N/A;N/A;N/A;N/A;N/A;N/A;N/A;N/A;"1715 mm";"4570 mm";N/A;N/A;N/A;N/A;5;"180 hp";Limited;N/A;4;"1845 mm";N/A;Sí;N/A;Sí;Sí;N/A;N/A;Sí;N/A;Sí;N/A;N/A;N/A;N/A;N/A;N/A;Sí;N/A;5;2.5;Nafta;Automática;SUV;"Autos y camionetas";N/A;N/A;N/A;N/A;N/A;N/A;UY;N/A;Sí;N/A;N/A;N/A;N/A;N/A;N/A;N/A;N/A;N/A;N/A;N/A;N/A;N/A;N/A;N/A;Sí;N/A;N/A;N/A;N/A;N/A;N/A;N/A;N/A;N/A;N/A;N/A;N/A;N/A;N/A;N/A;N/A;N/A;N/A;Sí;N/A;N/A;N/A;N/A;N/A;N/A;N/A;N/A;N/A;N/A;N/A;N/A;N/A;N/A;N/A;N/A;N/A;N/A;N/A;N/A;N/A;N/A;N/A;N/A;N/A;N/A;N/A;N/A;N/A;N/A;N/A;N/A;N/A;N/A;N/A;N/A;N/A;N/A;N/A;N/A;N/A;N/A;N/A;N/A;N/A;N/A;N/A;N/A;N/A;N/A;N/A;N/A;Sí;N/A;Sí;N/A;Sí;N/A;N/A;N/A;N/A;Sí;N/A;N/A;Sí;N/A;N/A;Sí;Sí;Sí;Sí;Sí;Sí;N/A;N/A;Sí;N/A;Sí
Toyota;Hilux;"SRV 2.8";2023;"0 km";;"CAR PLUS_AUTOMÓVILES";61490;;;;;Paysandú;https://auto.mercadolibre.com.uy/MLU-636158895-toyota-hilux-28-srv-4x2-diesel-mt-0km-entrega-inmediata-_JM;N/A;;"Toyota Hilux 2.8 Srv 4x2 Diesel Mt 0km Entrega Inmediata!!";USD;Sí;silver;false;N/A;N/A;http://perfil.mercadolibre.com.uy/CAR+PLUS_AUTOM%C3%93VILES;active;N/A;N/A;Nuevo;Blanco;N/A;Hidráulica;Trasera;Sí;N/A;N/A;N/A;N/A;N/A;N/A;N/A;N/A;N/A;N/A;N/A;Sí;N/A;N/A;N/A;N/A;N/A;N/A;N/A;N/A;N/A;N/A;N/A;N/A;N/A;N/A;N/A;N/A;N/A;N/A;N/A;N/A;N/A;N/A;N/A;N/A;N/A;N/A;N/A;N/A;N/A;N/A;N/A;N/A;N/A;N/A;N/A;N/A;N/A;N/A;N/A;N/A;N/A;N/A;N/A;N/A;N/A;N/A;N/A;N/A;N/A;N/A;N/A;N/A;N/A;N/A;N/A;N/A;N/A;N/A;N/A;N/A;N/A;N/A;N/A;N/A;N/A;N/A;N/A;N/A;N/A;N/A;N/A;N/A;N/A;N/A;Sí;N/A;N/A;N/A;N/A;N/A;Sí;N/A;N/A;N/A;N/A;N/A;N/A;N/A;N/A;N/A;N/A;4;2.8;Diésel;Manual;N/A;"Autos y camionetas";N/A;N/A;N/A;N/A;N/A;N/A;N/A;N/A;Sí;N/A;N/A;N/A;N/A;N/A;N/A;N/A;N/A;N/A;N/A;N/A;N/A;N/A;N/A;N/A;N/A;N/A;N/A;N/A;N/A;N/A;N/A;N/A;N/A;N/A;N/A;N/A;N/A;N/A;N/A;N/A;N/A;N/A;N/A;N/A;N/A;N/A;N/A;N/A;N/A;N/A;N/A;N/A;N/A;N/A;N/A;N/A;N/A;N/A;N/A;N/A;N/A;N/A;N/A;N/A;N/A;N/A;N/A;N/A;N/A;N/A;N/A;N/A;N/A;N/A;N/A;N/A;N/A;N/A;N/A;N/A;N/A;N/A;N/A;N/A;N/A;N/A;N/A;N/A;N/A;N/A;N/A;N/A;N/A;N/A;N/A;N/A;Sí;Sí;Sí;N/A;Sí;N/A;N/A;N/A;N/A;Sí;Sí;N/A;Sí;N/A;N/A;Sí;Sí;N/A;Sí;Sí;Sí;N/A;N/A;N/A;N/A;Sí
Toyota;Hilux;"2.4 D.cab. T.dsl Dx";2023;"0 km";;"CAR PLUS_AUTOMÓVILES";52490;;;;;Paysandú;https://auto.mercadolibre.com.uy/MLU-636114979-toyota-hilux-24-dx-4x2-mt-diesel-0km-entrega-inmediata-_JM;N/A;;"Toyota Hilux 2.4 Dx 4x2 Mt Diesel 0km Entrega Inmediata!!!";usd;Sí;silver;false;N/A;N/A;http://perfil.mercadolibre.com.uy/CAR+PLUS_AUTOM%C3%93VILES;active;N/A;N/A;Nuevo;Blanco;N/A;Hidráulica;4x2;Sí;N/A;Sí;N/A;N/A;N/A;N/A;N/A;N/A;N/A;N/A;N/A;N/A;N/A;N/A;N/A;N/A;N/A;N/A;N/A;N/A;N/A;N/A;N/A;N/A;"2860 mm";"2.4 L";"80 L";5;N/A;N/A;N/A;N/A;N/A;N/A;N/A;N/A;N/A;N/A;N/A;N/A;N/A;N/A;N/A;N/A;N/A;N/A;N/A;N/A;N/A;N/A;N/A;N/A;N/A;N/A;N/A;N/A;N/A;N/A;N/A;N/A;N/A;N/A;N/A;N/A;N/A;N/A;N/A;N/A;N/A;N/A;N/A;N/A;N/A;"1850 mm";"5260 mm";N/A;N/A;N/A;N/A;5;"150 hp";Dx;N/A;4;"1855 mm";"8.2 km/l";N/A;N/A;N/A;N/A;N/A;N/A;N/A;N/A;N/A;N/A;"6.3 km/l";N/A;N/A;N/A;N/A;N/A;N/A;4;2.4;Diésel;Manual;Pick-Up;"Autos y camionetas";N/A;N/A;N/A;N/A;N/A;N/A;UY;N/A;N/A;N/A;N/A;N/A;N/A;N/A;N/A;N/A;N/A;N/A;N/A;N/A;N/A;N/A;N/A;N/A;N/A;N/A;N/A;N/A;N/A;N/A;N/A;N/A;N/A;N/A;N/A;N/A;N/A;N/A;N/A;N/A;N/A;N/A;N/A;N/A;N/A;N/A;N/A;N/A;N/A;N/A;N/A;N/A;N/A;N/A;N/A;N/A;N/A;N/A;N/A;N/A;N/A;N/A;N/A;N/A;N/A;N/A;N/A;N/A;N/A;N/A;N/A;N/A;N/A;N/A;N/A;N/A;N/A;N/A;N/A;N/A;N/A;N/A;N/A;N/A;N/A;N/A;N/A;N/A;N/A;N/A;N/A;N/A;N/A;N/A;N/A;N/A;N/A;N/A;N/A;N/A;N/A;N/A;N/A;N/A;N/A;N/A;N/A;N/A;N/A;N/A;N/A;N/A;Sí;N/A;Sí;N/A;N/A;N/A;N/A;Sí;N/A;N/A
Toyota;Hilux;"2.7 Cd Srv Vvti 4x2 - A3";2017;"200000 km";;TIANVAZ;20900;;;;;Pocitos;https://auto.mercadolibre.com.uy/MLU-646375251-toyota-hilux-2017-27-cd-srv-vvti-4x2-a3-_JM;N/A;;"Toyota Hilux 2017 2.7 Cd Srv Vvti 4x2 - A3";usd;Sí;free;false;N/A;N/A;http://perfil.mercadolibre.com.uy/TIANVAZ;active;N/A;N/A;Usado;Gris;N/A;Hidráulica;4x2;Sí;N/A;Sí;N/A;N/A;N/A;N/A;N/A;N/A;N/A;N/A;N/A;N/A;N/A;N/A;N/A;N/A;N/A;N/A;N/A;N/A;N/A;N/A;N/A;N/A;"2860 mm";"2.7 L";"80 L";5;N/A;N/A;N/A;N/A;N/A;N/A;N/A;N/A;N/A;N/A;N/A;N/A;N/A;N/A;N/A;N/A;N/A;N/A;N/A;N/A;N/A;N/A;N/A;N/A;N/A;N/A;N/A;N/A;N/A;N/A;N/A;N/A;N/A;N/A;N/A;N/A;N/A;N/A;N/A;N/A;N/A;N/A;N/A;N/A;N/A;"1860 mm";"5260 mm";N/A;N/A;N/A;N/A;5;"160 hp";Srv;N/A;4;"1855 mm";N/A;Sí;N/A;N/A;N/A;N/A;N/A;N/A;N/A;N/A;N/A;N/A;N/A;N/A;N/A;N/A;N/A;N/A;4;2.7;Nafta;Manual;Pick-Up;"Autos y camionetas";N/A;N/A;N/A;N/A;N/A;N/A;UY;N/A;N/A;N/A;N/A;N/A;N/A;N/A;N/A;N/A;N/A;N/A;N/A;N/A;N/A;N/A;N/A;N/A;N/A;N/A;N/A;N/A;N/A;N/A;N/A;N/A;N/A;N/A;N/A;N/A;N/A;N/A;N/A;N/A;N/A;N/A;N/A;N/A;N/A;N/A;N/A;N/A;N/A;N/A;N/A;N/A;N/A;N/A;N/A;N/A;N/A;N/A;N/A;N/A;N/A;N/A;N/A;N/A;N/A;N/A;N/A;N/A;N/A;N/A;N/A;N/A;N/A;N/A;N/A;N/A;N/A;N/A;N/A;N/A;N/A;N/A;N/A;N/A;N/A;N/A;N/A;N/A;N/A;N/A;N/A;N/A;N/A;N/A;N/A;N/A;N/A;N/A;N/A;N/A;N/A;N/A;N/A;N/A;N/A;N/A;N/A;N/A;N/A;N/A;N/A;N/A;Sí;N/A;Sí;N/A;N/A;N/A;Sí;Sí;N/A;N/A
Toyota;Camry;"3.5 V6 At";2009;"372000 km";;"CHAPUISAT 2007";12290;;;;;Centro;https://auto.mercadolibre.com.uy/MLU-699737270-toyota-camry-_JM;N/A;;"Toyota Camry";usd;Sí;free;false;N/A;N/A;http://perfil.mercadolibre.com.uy/CHAPUISAT+2007;active;N/A;N/A;Usado;Gris;N/A;Hidráulica;Delantera;Sí;N/A;Sí;N/A;N/A;N/A;N/A;N/A;N/A;N/A;N/A;N/A;N/A;N/A;N/A;N/A;N/A;N/A;N/A;N/A;N/A;N/A;N/A;N/A;N/A;"2775 mm";"3.5 L";"70 L";6;N/A;N/A;N/A;N/A;N/A;N/A;N/A;N/A;N/A;N/A;N/A;N/A;N/A;N/A;N/A;N/A;N/A;N/A;N/A;N/A;N/A;N/A;N/A;N/A;N/A;N/A;N/A;N/A;N/A;N/A;N/A;N/A;N/A;N/A;N/A;N/A;N/A;N/A;N/A;N/A;N/A;N/A;N/A;N/A;N/A;"1460 mm";"4805 mm";N/A;N/A;N/A;N/A;5;"277 hp";N/A;N/A;4;"1820 mm";N/A;Sí;N/A;N/A;N/A;N/A;N/A;Sí;N/A;N/A;N/A;"10.2 km/l";N/A;N/A;N/A;N/A;N/A;"Lunes a viernes de 9 a 19";4;3.5;Nafta;Automática;Sedán;"Autos y camionetas";N/A;N/A;N/A;N/A;N/A;N/A;UY;N/A;N/A;N/A;N/A;N/A;N/A;N/A;N/A;N/A;N/A;N/A;N/A;N/A;N/A;N/A;N/A;N/A;N/A;N/A;N/A;N/A;N/A;N/A;N/A;N/A;N/A;N/A;N/A;N/A;N/A;N/A;N/A;N/A;N/A;N/A;N/A;N/A;N/A;N/A;N/A;N/A;N/A;N/A;N/A;N/A;N/A;N/A;N/A;N/A;N/A;N/A;N/A;N/A;N/A;N/A;N/A;N/A;N/A;N/A;N/A;N/A;N/A;N/A;N/A;N/A;N/A;N/A;N/A;N/A;N/A;N/A;N/A;N/A;N/A;N/A;N/A;N/A;N/A;N/A;N/A;N/A;N/A;N/A;N/A;N/A;N/A;N/A;N/A;N/A;N/A;N/A;N/A;N/A;N/A;N/A;N/A;N/A;N/A;N/A;N/A;N/A;N/A;N/A;N/A;N/A;Sí;N/A;Sí;N/A;N/A;Sí;N/A;N/A;N/A;N/A
Toyota;RAV4;"2.0 Vx";1999;"300000 km";;GODI487292;11990;;;;;"Barra de Carrasco";https://auto.mercadolibre.com.uy/MLU-701228382-toyota-rav4-97-_JM;N/A;;"Toyota Rav4 97";USD;No;free;false;N/A;N/A;http://perfil.mercadolibre.com.uy/GODI487292;active;N/A;N/A;Usado;Rojo;No;Hidráulica;4x4;N/A;N/A;N/A;N/A;N/A;N/A;N/A;N/A;N/A;N/A;N/A;N/A;N/A;N/A;N/A;N/A;N/A;N/A;N/A;N/A;N/A;N/A;N/A;N/A;N/A;N/A;N/A;N/A;N/A;N/A;N/A;N/A;N/A;N/A;N/A;N/A;N/A;N/A;N/A;N/A;N/A;N/A;N/A;N/A;N/A;N/A;N/A;N/A;N/A;N/A;N/A;N/A;N/A;N/A;N/A;N/A;N/A;N/A;N/A;N/A;N/A;N/A;N/A;N/A;N/A;N/A;N/A;N/A;N/A;N/A;N/A;N/A;N/A;N/A;N/A;N/A;N/A;N/A;N/A;N/A;N/A;N/A;N/A;N/A;N/A;N/A;N/A;N/A;N/A;N/A;N/A;N/A;N/A;N/A;N/A;N/A;N/A;N/A;N/A;N/A;N/A;N/A;N/A;N/A;3;2.0;Nafta;Manual;SUV;"Autos y camionetas";N/A;N/A;N/A;N/A;N/A;N/A;N/A;N/A;N/A;N/A;N/A;N/A;N/A;N/A;N/A;N/A;N/A;N/A;N/A;N/A;N/A;N/A;N/A;N/A;N/A;N/A;N/A;N/A;N/A;N/A;N/A;N/A;N/A;N/A;N/A;N/A;N/A;N/A;N/A;N/A;N/A;N/A;N/A;N/A;N/A;N/A;N/A;N/A;N/A;N/A;N/A;N/A;N/A;N/A;N/A;N/A;N/A;N/A;N/A;N/A;N/A;N/A;N/A;N/A;N/A;N/A;N/A;N/A;N/A;N/A;N/A;N/A;N/A;N/A;N/A;N/A;N/A;N/A;N/A;N/A;N/A;N/A;N/A;N/A;N/A;N/A;N/A;N/A;N/A;N/A;N/A;N/A;N/A;N/A;N/A;N/A;N/A;N/A;N/A;N/A;N/A;N/A;N/A;N/A;N/A;N/A;N/A;N/A;N/A;N/A;N/A;N/A;N/A;N/A;N/A;N/A;N/A;N/A;N/A;N/A;N/A;N/A
Toyota;Hilux;"2.7 srv";2012;"194600 km";;PAEZMAYKEL20230205102313;17000;;;;;Melo;https://auto.mercadolibre.com.uy/MLU-646775429-toyota-hilux-27-srv-_JM;N/A;;"Toyota Hilux 2.7 Srv ";USD;Sí;free;false;N/A;N/A;http://perfil.mercadolibre.com.uy/PAEZMAYKEL20230205102313;active;N/A;N/A;Usado;Blanco;N/A;Hidráulica;4x2;N/A;N/A;N/A;N/A;N/A;N/A;N/A;N/A;N/A;N/A;N/A;N/A;N/A;N/A;N/A;N/A;N/A;N/A;N/A;N/A;N/A;N/A;N/A;N/A;N/A;N/A;N/A;N/A;N/A;N/A;N/A;N/A;N/A;N/A;N/A;N/A;N/A;N/A;N/A;N/A;N/A;N/A;N/A;N/A;N/A;N/A;N/A;N/A;N/A;N/A;N/A;N/A;N/A;N/A;N/A;N/A;N/A;N/A;N/A;N/A;N/A;N/A;N/A;N/A;N/A;N/A;N/A;N/A;N/A;N/A;N/A;N/A;N/A;N/A;N/A;N/A;N/A;N/A;N/A;N/A;N/A;N/A;N/A;N/A;N/A;N/A;N/A;N/A;N/A;N/A;N/A;N/A;N/A;N/A;N/A;N/A;N/A;N/A;N/A;N/A;N/A;N/A;N/A;N/A;5;Nafta;Nafta;Manual;Pick-Up;"Autos y camionetas";N/A;N/A;N/A;N/A;N/A;N/A;N/A;N/A;N/A;N/A;N/A;N/A;N/A;N/A;N/A;N/A;N/A;N/A;N/A;N/A;N/A;N/A;N/A;N/A;N/A;N/A;N/A;N/A;N/A;N/A;N/A;N/A;N/A;N/A;N/A;N/A;N/A;N/A;N/A;N/A;N/A;N/A;N/A;N/A;N/A;N/A;N/A;N/A;N/A;N/A;N/A;N/A;N/A;N/A;N/A;N/A;N/A;N/A;N/A;N/A;N/A;N/A;N/A;N/A;N/A;N/A;N/A;N/A;N/A;N/A;N/A;N/A;N/A;N/A;N/A;N/A;N/A;N/A;N/A;N/A;N/A;N/A;N/A;N/A;N/A;N/A;N/A;N/A;N/A;N/A;N/A;N/A;N/A;N/A;N/A;N/A;N/A;N/A;N/A;N/A;N/A;N/A;N/A;N/A;N/A;N/A;N/A;N/A;N/A;N/A;N/A;N/A;N/A;N/A;N/A;N/A;N/A;N/A;N/A;N/A;N/A;N/A
Toyota;Tercel;1.3;1997;"262826 km";;PEJO7153070;5700;;;;;"San José de Mayo";https://auto.mercadolibre.com.uy/MLU-646654829-toyota-tercel-1997-13-_JM;N/A;;"Toyota Tercel 1997 1.3";usd;No;free;false;N/A;N/A;http://perfil.mercadolibre.com.uy/PEJO7153070;active;N/A;N/A;Usado;N/A;N/A;N/A;Delantera;Sí;N/A;N/A;N/A;N/A;N/A;N/A;N/A;N/A;N/A;N/A;N/A;N/A;N/A;N/A;N/A;N/A;N/A;N/A;N/A;N/A;N/A;N/A;N/A;N/A;"2380 mm";"1.3 L";"45 L";4;N/A;N/A;N/A;N/A;N/A;N/A;N/A;N/A;N/A;N/A;N/A;N/A;N/A;N/A;N/A;N/A;N/A;N/A;N/A;N/A;N/A;N/A;N/A;N/A;N/A;N/A;N/A;N/A;N/A;N/A;N/A;N/A;N/A;N/A;N/A;N/A;N/A;N/A;N/A;N/A;N/A;N/A;N/A;N/A;N/A;"1365 mm";"3930 mm";N/A;N/A;N/A;N/A;5;"93 hp";N/A;N/A;4;"1645 mm";N/A;N/A;N/A;N/A;N/A;N/A;N/A;N/A;N/A;N/A;N/A;N/A;N/A;N/A;N/A;N/A;N/A;N/A;4;1.3;Nafta;Manual;Sedán;"Autos y camionetas";N/A;N/A;N/A;N/A;N/A;N/A;UY;N/A;N/A;N/A;N/A;N/A;N/A;N/A;N/A;N/A;N/A;N/A;N/A;N/A;N/A;N/A;N/A;N/A;N/A;N/A;N/A;N/A;N/A;N/A;N/A;N/A;N/A;N/A;N/A;N/A;N/A;N/A;N/A;N/A;N/A;N/A;N/A;N/A;N/A;N/A;N/A;N/A;N/A;N/A;N/A;N/A;N/A;N/A;N/A;N/A;N/A;N/A;N/A;N/A;N/A;N/A;N/A;N/A;N/A;N/A;N/A;N/A;N/A;N/A;N/A;N/A;N/A;N/A;N/A;N/A;N/A;N/A;N/A;N/A;N/A;N/A;N/A;N/A;N/A;N/A;N/A;N/A;N/A;N/A;N/A;N/A;N/A;N/A;N/A;N/A;N/A;N/A;N/A;N/A;N/A;N/A;N/A;N/A;N/A;N/A;N/A;N/A;N/A;N/A;N/A;N/A;N/A;N/A;N/A;N/A;N/A;N/A;N/A;N/A;N/A;N/A
Toyota;Etios;"1.5 Platinium";2015;"96800 km";;LUCASCARD2014;13000;;;;;Tacuarembó;https://auto.mercadolibre.com.uy/MLU-698272558-toyota-etios-2015-15-platinium-_JM;N/A;;"Toyota Etios 2015 1.5 Platinium";usd;Sí;free;false;N/A;N/A;http://perfil.mercadolibre.com.uy/LUCASCARD2014;active;N/A;N/A;Usado;N/A;N/A;Eléctrica;Delantera;Sí;N/A;Sí;N/A;N/A;N/A;N/A;N/A;Sí;N/A;N/A;N/A;N/A;N/A;N/A;N/A;N/A;N/A;N/A;N/A;N/A;N/A;N/A;N/A;N/A;"2460 mm";"1.5 L";"45 L";5;N/A;N/A;N/A;N/A;N/A;N/A;N/A;N/A;N/A;N/A;N/A;N/A;N/A;N/A;N/A;N/A;N/A;N/A;N/A;N/A;N/A;N/A;N/A;N/A;N/A;N/A;N/A;N/A;N/A;N/A;N/A;N/A;N/A;Sí;Sí;Sí;N/A;N/A;N/A;N/A;N/A;N/A;N/A;N/A;N/A;"1510 mm";"3777 mm";N/A;N/A;N/A;N/A;5;"90 hp";Platinum;N/A;4;"1695 mm";"13.8 km/l";N/A;N/A;N/A;N/A;N/A;N/A;N/A;N/A;N/A;N/A;"12.4 km/l";N/A;N/A;N/A;N/A;N/A;N/A;5;1.5;Nafta;Manual;Hatchback;"Autos y camionetas";N/A;N/A;N/A;N/A;N/A;N/A;UY;N/A;N/A;N/A;N/A;N/A;N/A;N/A;N/A;N/A;N/A;N/A;N/A;N/A;N/A;N/A;N/A;N/A;N/A;N/A;N/A;N/A;N/A;N/A;N/A;N/A;N/A;N/A;N/A;N/A;N/A;N/A;N/A;N/A;N/A;N/A;N/A;N/A;N/A;N/A;N/A;N/A;N/A;N/A;N/A;N/A;N/A;N/A;N/A;N/A;N/A;N/A;N/A;N/A;N/A;N/A;N/A;N/A;N/A;N/A;N/A;N/A;N/A;N/A;N/A;N/A;N/A;N/A;N/A;N/A;N/A;N/A;N/A;N/A;N/A;N/A;N/A;N/A;N/A;N/A;N/A;N/A;N/A;N/A;N/A;N/A;N/A;N/A;N/A;N/A;N/A;N/A;N/A;N/A;N/A;N/A;N/A;N/A;N/A;N/A;N/A;N/A;N/A;N/A;N/A;N/A;Sí;N/A;Sí;N/A;N/A;N/A;Sí;N/A;N/A;N/A
Toyota;Etios;"1.5 Sedan X";2017;"180000 km";;SOFIM2416;10500;;;;;"San Carlos";https://auto.mercadolibre.com.uy/MLU-645867627-toyota-etios-2017-15-sedan-x-_JM;N/A;;"Toyota Etios 2017 1.5 Sedan X";usd;Sí;free;false;N/A;N/A;http://perfil.mercadolibre.com.uy/SOFIM2416;active;N/A;N/A;Usado;N/A;N/A;Eléctrica;Delantera;Sí;N/A;N/A;N/A;N/A;N/A;N/A;N/A;N/A;N/A;N/A;N/A;N/A;N/A;N/A;N/A;N/A;N/A;N/A;N/A;N/A;N/A;N/A;N/A;N/A;"2460 mm";"1.5 L";"45 L";5;N/A;N/A;N/A;N/A;N/A;N/A;N/A;N/A;N/A;N/A;N/A;N/A;N/A;N/A;N/A;N/A;N/A;N/A;N/A;N/A;N/A;N/A;N/A;N/A;N/A;N/A;N/A;N/A;N/A;N/A;N/A;N/A;N/A;N/A;N/A;N/A;N/A;N/A;N/A;N/A;N/A;N/A;N/A;N/A;N/A;"1510 mm";"4265 mm";N/A;N/A;N/A;N/A;5;"90 hp";X;N/A;4;"1695 mm";"13.8 km/l";N/A;N/A;N/A;N/A;N/A;N/A;N/A;N/A;N/A;N/A;"12.4 km/l";N/A;N/A;N/A;N/A;N/A;N/A;4;1.5;Nafta;Manual;Sedán;"Autos y camionetas";N/A;N/A;N/A;N/A;N/A;N/A;UY;N/A;N/A;N/A;N/A;N/A;N/A;N/A;N/A;N/A;N/A;N/A;N/A;N/A;N/A;N/A;N/A;N/A;N/A;N/A;N/A;N/A;N/A;N/A;N/A;N/A;N/A;N/A;N/A;N/A;N/A;N/A;N/A;N/A;N/A;N/A;N/A;N/A;N/A;N/A;N/A;N/A;N/A;N/A;N/A;N/A;N/A;N/A;N/A;N/A;N/A;N/A;N/A;N/A;N/A;N/A;N/A;N/A;N/A;N/A;N/A;N/A;N/A;N/A;N/A;N/A;N/A;N/A;N/A;N/A;N/A;N/A;N/A;N/A;N/A;N/A;N/A;N/A;N/A;N/A;N/A;N/A;N/A;N/A;N/A;N/A;N/A;N/A;N/A;N/A;N/A;N/A;N/A;N/A;N/A;N/A;N/A;N/A;N/A;N/A;N/A;N/A;N/A;N/A;N/A;N/A;N/A;N/A;Sí;N/A;N/A;N/A;N/A;Sí;N/A;N/A
Toyota;Hilux;"3.0 Cd Srv Tdi 171cv 4x2";2011;"261143 km";;CHJU3136816;29500;;;;;"Villa Dolores";https://auto.mercadolibre.com.uy/MLU-646428163-toyota-hilux-2011-30-cd-srv-tdi-171cv-4x2-_JM;N/A;;"Toyota Hilux 2011 3.0 Cd Srv Tdi 171cv 4x2";usd;Sí;free;false;N/A;N/A;http://perfil.mercadolibre.com.uy/CHJU3136816;active;N/A;N/A;Usado;N/A;N/A;Hidráulica;4x2;Sí;N/A;Sí;N/A;N/A;N/A;N/A;N/A;N/A;N/A;N/A;N/A;N/A;N/A;N/A;N/A;N/A;N/A;N/A;N/A;N/A;N/A;N/A;N/A;N/A;"2860 mm";"3 L";"80 L";5;N/A;N/A;N/A;N/A;N/A;N/A;N/A;N/A;N/A;N/A;N/A;N/A;N/A;N/A;N/A;N/A;N/A;N/A;N/A;N/A;N/A;N/A;N/A;N/A;N/A;N/A;N/A;N/A;N/A;N/A;N/A;N/A;N/A;N/A;N/A;N/A;N/A;N/A;N/A;N/A;N/A;N/A;N/A;N/A;N/A;"1860 mm";"5260 mm";N/A;N/A;N/A;N/A;5;"171 hp";Srv;N/A;4;"1855 mm";N/A;N/A;N/A;N/A;N/A;N/A;N/A;Sí;N/A;N/A;N/A;N/A;N/A;N/A;N/A;N/A;N/A;N/A;4;3.0;Diésel;Manual;Pick-Up;"Autos y camionetas";N/A;N/A;N/A;N/A;N/A;N/A;UY;N/A;N/A;N/A;N/A;N/A;N/A;N/A;N/A;N/A;N/A;N/A;N/A;N/A;N/A;N/A;N/A;N/A;N/A;N/A;N/A;N/A;N/A;N/A;N/A;N/A;N/A;N/A;N/A;N/A;N/A;N/A;N/A;N/A;N/A;N/A;N/A;N/A;N/A;N/A;N/A;N/A;N/A;N/A;N/A;N/A;N/A;N/A;N/A;N/A;N/A;N/A;N/A;N/A;N/A;N/A;N/A;N/A;N/A;N/A;N/A;N/A;N/A;N/A;N/A;N/A;N/A;N/A;N/A;N/A;N/A;N/A;N/A;N/A;N/A;N/A;N/A;N/A;N/A;N/A;N/A;N/A;N/A;N/A;N/A;N/A;N/A;N/A;N/A;N/A;N/A;N/A;N/A;N/A;N/A;N/A;N/A;N/A;N/A;N/A;N/A;N/A;N/A;N/A;N/A;N/A;Sí;N/A;Sí;N/A;N/A;N/A;N/A;Sí;N/A;N/A
Toyota;SSR;Gasolera;2013;"390000 km";;MAMBASABBALUA;26500;;;;;Pinares;https://auto.mercadolibre.com.uy/MLU-699406568-camioneta-toyota-impecable-segundo-dueno-service-oficial-_JM;N/A;;"Camioneta Toyota Impecable /segundo Dueño - Service  Oficial";USD;Sí;free;false;N/A;N/A;http://perfil.mercadolibre.com.uy/MAMBASABBALUA;active;N/A;N/A;Usado;Gris;N/A;Hidráulica;N/A;Sí;N/A;N/A;N/A;N/A;N/A;N/A;N/A;N/A;N/A;N/A;N/A;N/A;N/A;N/A;N/A;N/A;N/A;N/A;N/A;N/A;N/A;N/A;N/A;N/A;N/A;N/A;N/A;N/A;N/A;N/A;N/A;N/A;N/A;N/A;N/A;N/A;N/A;N/A;N/A;N/A;N/A;N/A;N/A;N/A;N/A;N/A;N/A;N/A;N/A;N/A;N/A;N/A;N/A;N/A;N/A;N/A;N/A;N/A;N/A;N/A;N/A;N/A;N/A;N/A;N/A;N/A;N/A;N/A;N/A;N/A;N/A;N/A;N/A;N/A;N/A;N/A;N/A;N/A;N/A;N/A;N/A;N/A;N/A;N/A;N/A;N/A;No;N/A;N/A;N/A;N/A;N/A;No;N/A;N/A;N/A;N/A;N/A;Sí;N/A;N/A;N/A;N/A;4;2.5;Diésel;Manual;Pick-Up;"Autos y camionetas";N/A;N/A;N/A;N/A;N/A;N/A;N/A;N/A;No;N/A;N/A;N/A;N/A;N/A;N/A;N/A;N/A;N/A;N/A;N/A;N/A;N/A;N/A;N/A;N/A;N/A;N/A;N/A;N/A;N/A;N/A;N/A;N/A;N/A;N/A;N/A;N/A;N/A;N/A;N/A;N/A;N/A;N/A;N/A;N/A;N/A;N/A;N/A;N/A;N/A;N/A;N/A;N/A;N/A;N/A;N/A;N/A;N/A;N/A;N/A;N/A;Sí;N/A;N/A;N/A;N/A;N/A;N/A;N/A;N/A;N/A;N/A;N/A;N/A;N/A;N/A;N/A;N/A;N/A;N/A;N/A;N/A;N/A;N/A;N/A;N/A;N/A;N/A;N/A;N/A;N/A;N/A;N/A;N/A;N/A;N/A;N/A;N/A;N/A;N/A;N/A;N/A;N/A;N/A;N/A;N/A;N/A;N/A;N/A;N/A;N/A;N/A;N/A;N/A;N/A;N/A;N/A;N/A;N/A;N/A;N/A;N/A
Toyota;"Rush rural";"Motor 1500 cc";2019;"118000 km";;GABRIELAGONCALVESTRINDADESU;20000;;;;;"Villa Española";https://auto.mercadolibre.com.uy/MLU-698397066-toyota-rural-rush-_JM;N/A;;"Toyota Rural Rush";USD;Sí;free;false;N/A;N/A;http://perfil.mercadolibre.com.uy/GABRIELAGONCALVESTRINDADESU;active;N/A;N/A;Usado;Rojo;No;Hidráulica;N/A;Sí;Sí;N/A;N/A;N/A;Sí;N/A;N/A;N/A;N/A;N/A;Sí;Sí;N/A;No;N/A;N/A;N/A;N/A;N/A;N/A;N/A;N/A;N/A;N/A;N/A;N/A;N/A;N/A;N/A;N/A;N/A;N/A;N/A;Sí;N/A;N/A;N/A;N/A;N/A;N/A;N/A;N/A;N/A;N/A;N/A;N/A;N/A;N/A;N/A;N/A;N/A;N/A;N/A;N/A;N/A;N/A;N/A;N/A;N/A;N/A;N/A;N/A;N/A;N/A;N/A;N/A;N/A;N/A;N/A;N/A;N/A;N/A;N/A;N/A;N/A;N/A;N/A;N/A;N/A;N/A;N/A;N/A;N/A;N/A;N/A;N/A;N/A;N/A;Sí;Sí;N/A;N/A;Sí;N/A;N/A;N/A;N/A;N/A;N/A;N/A;N/A;N/A;N/A;5;N/A;Nafta;Automática;Rural;"Autos y camionetas";N/A;N/A;N/A;N/A;N/A;N/A;N/A;N/A;N/A;N/A;N/A;N/A;N/A;N/A;N/A;N/A;N/A;N/A;N/A;N/A;N/A;N/A;N/A;N/A;Sí;N/A;N/A;N/A;N/A;N/A;N/A;N/A;N/A;N/A;N/A;N/A;N/A;N/A;N/A;N/A;N/A;N/A;N/A;N/A;N/A;N/A;N/A;N/A;N/A;N/A;N/A;N/A;N/A;N/A;N/A;N/A;N/A;N/A;N/A;N/A;N/A;N/A;N/A;N/A;N/A;N/A;N/A;N/A;N/A;N/A;N/A;N/A;N/A;N/A;N/A;N/A;N/A;N/A;N/A;N/A;N/A;N/A;N/A;N/A;N/A;N/A;N/A;N/A;N/A;N/A;N/A;N/A;N/A;N/A;N/A;No;Sí;N/A;N/A;N/A;Sí;N/A;N/A;N/A;N/A;Sí;N/A;Sí;Sí;N/A;N/A;N/A;Sí;N/A;N/A;N/A;N/A;N/A;N/A;N/A;N/A;N/A
Toyota;Hilux;"2.5 Cover Cs Dx Pack Tdi 4x4 Vent M3";2014;"260000 km";;POGGIODANIEL20230325081322;30000;;;;;Trinidad;https://auto.mercadolibre.com.uy/MLU-701591494-toyota-hilux-25-cover-cs-dx-pack-tdi-4x4-vent-m3-_JM;N/A;;"Toyota Hilux 2.5 Cover Cs Dx Pack Tdi 4x4 Vent M3";usd;Sí;free;false;N/A;N/A;http://perfil.mercadolibre.com.uy/POGGIODANIEL20230325081322;active;N/A;N/A;Usado;Blanco;N/A;Hidráulica;4x4;Sí;N/A;N/A;N/A;N/A;N/A;N/A;N/A;N/A;N/A;N/A;N/A;N/A;N/A;N/A;N/A;N/A;N/A;N/A;N/A;N/A;N/A;N/A;N/A;N/A;"2860 mm";"2.5 L";"80 L";5;N/A;N/A;N/A;N/A;N/A;N/A;N/A;N/A;N/A;N/A;N/A;N/A;N/A;N/A;N/A;N/A;N/A;N/A;N/A;N/A;N/A;N/A;N/A;N/A;N/A;N/A;N/A;N/A;N/A;N/A;N/A;N/A;N/A;N/A;N/A;N/A;N/A;N/A;N/A;N/A;N/A;N/A;N/A;N/A;N/A;"2086 mm";"5255 mm";N/A;N/A;N/A;N/A;3;"102 hp";"Cover Dx";N/A;4;"1855 mm";N/A;N/A;N/A;N/A;N/A;N/A;N/A;N/A;N/A;N/A;N/A;N/A;N/A;N/A;N/A;N/A;N/A;N/A;4;2.5;Diésel;Manual;Pick-Up;"Autos y camionetas";N/A;N/A;N/A;N/A;N/A;N/A;UY;N/A;N/A;N/A;N/A;N/A;N/A;N/A;N/A;N/A;N/A;N/A;N/A;N/A;N/A;N/A;N/A;N/A;N/A;N/A;N/A;N/A;N/A;N/A;N/A;N/A;N/A;N/A;N/A;N/A;N/A;N/A;N/A;N/A;N/A;N/A;N/A;N/A;N/A;N/A;N/A;N/A;N/A;N/A;N/A;N/A;N/A;N/A;N/A;N/A;N/A;N/A;N/A;N/A;N/A;N/A;N/A;N/A;N/A;N/A;N/A;N/A;N/A;N/A;N/A;N/A;N/A;N/A;N/A;N/A;N/A;N/A;N/A;N/A;N/A;N/A;N/A;N/A;N/A;N/A;N/A;N/A;N/A;N/A;N/A;N/A;N/A;N/A;N/A;N/A;N/A;N/A;N/A;N/A;N/A;N/A;N/A;N/A;N/A;N/A;N/A;N/A;N/A;N/A;N/A;N/A;N/A;N/A;Sí;N/A;N/A;N/A;N/A;N/A;N/A;N/A
Toyota;Yaris;"1.3 3p Mt";1999;"389000 km";;MAGNINMANUEL20230224163200;5500;;;;;Carrasco;https://auto.mercadolibre.com.uy/MLU-646091117-toyota-yaris-1999-13-3p-mt-_JM;N/A;;"Toyota Yaris 1999 1.3 3p Mt";usd;No;free;false;N/A;N/A;http://perfil.mercadolibre.com.uy/MAGNINMANUEL20230224163200;active;N/A;N/A;Usado;N/A;N/A;Hidráulica;Delantera;Sí;N/A;N/A;N/A;N/A;N/A;N/A;N/A;N/A;N/A;N/A;N/A;N/A;N/A;N/A;N/A;N/A;N/A;N/A;N/A;N/A;N/A;N/A;N/A;N/A;N/A;"1.3 L";N/A;N/A;N/A;N/A;N/A;N/A;N/A;N/A;N/A;N/A;N/A;N/A;N/A;N/A;N/A;N/A;N/A;N/A;N/A;N/A;N/A;N/A;N/A;N/A;N/A;N/A;N/A;N/A;N/A;N/A;N/A;N/A;N/A;N/A;N/A;N/A;N/A;N/A;N/A;N/A;N/A;N/A;N/A;N/A;N/A;N/A;N/A;N/A;N/A;N/A;N/A;N/A;N/A;N/A;N/A;N/A;N/A;N/A;N/A;N/A;N/A;N/A;N/A;N/A;N/A;N/A;N/A;N/A;N/A;N/A;N/A;N/A;N/A;N/A;N/A;N/A;N/A;3;1.3;Nafta;Manual;Hatchback;"Autos y camionetas";N/A;N/A;N/A;N/A;N/A;N/A;UY;N/A;N/A;N/A;N/A;N/A;N/A;N/A;N/A;N/A;N/A;N/A;N/A;N/A;N/A;N/A;N/A;N/A;N/A;N/A;N/A;N/A;N/A;N/A;N/A;N/A;N/A;N/A;N/A;N/A;N/A;N/A;N/A;N/A;N/A;N/A;N/A;N/A;N/A;N/A;N/A;N/A;N/A;N/A;N/A;N/A;N/A;N/A;N/A;N/A;N/A;N/A;N/A;N/A;N/A;N/A;N/A;N/A;N/A;N/A;N/A;N/A;N/A;N/A;N/A;N/A;N/A;N/A;N/A;N/A;N/A;N/A;N/A;N/A;N/A;N/A;N/A;N/A;N/A;N/A;N/A;N/A;N/A;N/A;N/A;N/A;N/A;N/A;N/A;N/A;N/A;N/A;N/A;N/A;N/A;N/A;N/A;N/A;N/A;N/A;N/A;N/A;N/A;N/A;N/A;N/A;N/A;N/A;Sí;N/A;N/A;N/A;N/A;N/A;N/A;N/A
Toyota;Yaris;"1.5 Hb 5vel Aa Mt";2004;"150000 km";;ANDUVAZQUEZ1;6900;;;;;Unión;https://auto.mercadolibre.com.uy/MLU-645951659-toyota-yaris-2004-15-hb-5vel-aa-mt-_JM;N/A;;"Toyota Yaris 2004 1.5 Hb 5vel Aa Mt";usd;No;free;false;N/A;N/A;http://perfil.mercadolibre.com.uy/ANDUVAZQUEZ1;active;N/A;N/A;Usado;N/A;N/A;Hidráulica;Delantera;Sí;N/A;N/A;N/A;N/A;N/A;N/A;N/A;N/A;N/A;N/A;N/A;N/A;N/A;N/A;N/A;N/A;N/A;N/A;N/A;N/A;N/A;N/A;N/A;N/A;N/A;"1.5 L";N/A;N/A;N/A;N/A;N/A;N/A;N/A;N/A;N/A;N/A;N/A;N/A;N/A;N/A;N/A;N/A;N/A;N/A;N/A;N/A;N/A;N/A;N/A;N/A;N/A;N/A;N/A;N/A;N/A;N/A;N/A;N/A;N/A;N/A;N/A;N/A;N/A;N/A;N/A;N/A;N/A;N/A;N/A;N/A;N/A;N/A;N/A;N/A;N/A;N/A;N/A;N/A;N/A;5;N/A;N/A;N/A;N/A;N/A;N/A;N/A;N/A;N/A;N/A;N/A;N/A;N/A;N/A;N/A;N/A;N/A;N/A;N/A;N/A;N/A;N/A;N/A;5;1.5;Nafta;Manual;Hatchback;"Autos y camionetas";N/A;N/A;N/A;N/A;N/A;N/A;UY;N/A;N/A;N/A;N/A;N/A;N/A;N/A;N/A;N/A;N/A;N/A;N/A;N/A;N/A;N/A;N/A;N/A;N/A;N/A;N/A;N/A;N/A;N/A;N/A;N/A;N/A;N/A;N/A;N/A;N/A;N/A;N/A;N/A;N/A;N/A;N/A;N/A;N/A;N/A;N/A;N/A;N/A;N/A;N/A;N/A;N/A;N/A;N/A;N/A;N/A;N/A;N/A;N/A;N/A;N/A;N/A;N/A;N/A;N/A;N/A;N/A;N/A;N/A;N/A;N/A;N/A;N/A;N/A;N/A;N/A;N/A;N/A;N/A;N/A;N/A;N/A;N/A;N/A;N/A;N/A;N/A;N/A;N/A;N/A;N/A;N/A;N/A;N/A;N/A;N/A;N/A;N/A;N/A;N/A;N/A;N/A;N/A;N/A;N/A;N/A;N/A;N/A;N/A;N/A;N/A;N/A;N/A;Sí;N/A;N/A;N/A;N/A;N/A;N/A;N/A
Toyota;Hilux;"2.4 D/cab 4x2 D";1995;"486900 km";;"MARC CAM";14500;;;;;Rosario;https://auto.mercadolibre.com.uy/MLU-700520974-toyota-hilux-24-dcab-4x2-d-_JM;N/A;;"Toyota Hilux 2.4 D/cab 4x2 D";usd;No;free;false;N/A;N/A;http://perfil.mercadolibre.com.uy/MARC+CAM;active;N/A;N/A;Usado;Gris;N/A;Hidráulica;4x2;Sí;N/A;N/A;N/A;N/A;N/A;N/A;N/A;N/A;N/A;N/A;N/A;N/A;N/A;N/A;N/A;N/A;N/A;N/A;N/A;N/A;N/A;N/A;N/A;N/A;"3085 mm";"2.4 L";"80 L";5;N/A;N/A;N/A;N/A;N/A;N/A;N/A;N/A;N/A;N/A;N/A;N/A;N/A;N/A;N/A;N/A;N/A;N/A;N/A;N/A;N/A;N/A;N/A;N/A;N/A;N/A;N/A;N/A;N/A;N/A;N/A;N/A;N/A;N/A;N/A;N/A;N/A;N/A;N/A;N/A;N/A;N/A;N/A;N/A;N/A;"1860 mm";"5260 mm";N/A;N/A;N/A;N/A;5;"150 hp";N/A;N/A;4;"1835 mm";"8.2 km/l";No;N/A;N/A;N/A;N/A;No;No;N/A;N/A;N/A;"6.3 km/l";N/A;N/A;N/A;N/A;N/A;N/A;4;2.4;Diésel;Manual;Pick-Up;"Autos y camionetas";N/A;N/A;N/A;N/A;N/A;N/A;UY;N/A;Sí;N/A;N/A;N/A;N/A;N/A;N/A;N/A;N/A;N/A;N/A;N/A;N/A;N/A;N/A;N/A;N/A;N/A;N/A;N/A;N/A;N/A;N/A;N/A;N/A;N/A;N/A;N/A;N/A;N/A;N/A;N/A;N/A;N/A;N/A;N/A;N/A;N/A;N/A;N/A;N/A;N/A;N/A;N/A;N/A;N/A;N/A;N/A;N/A;N/A;N/A;N/A;N/A;N/A;N/A;N/A;N/A;N/A;N/A;N/A;N/A;N/A;N/A;N/A;N/A;N/A;N/A;N/A;N/A;N/A;N/A;N/A;N/A;N/A;N/A;N/A;N/A;N/A;N/A;N/A;N/A;N/A;N/A;N/A;N/A;N/A;N/A;N/A;N/A;No;N/A;N/A;N/A;N/A;N/A;N/A;N/A;N/A;N/A;N/A;N/A;N/A;N/A;N/A;N/A;N/A;Sí;N/A;N/A;N/A;N/A;N/A;N/A;N/A
Toyota;Hilux;"2.7 Cd Srv Vvti 4x2 - A3";2017;"218000 km";;AGUSBRITOS;23990;;;;;"Punta Carretas";https://auto.mercadolibre.com.uy/MLU-646810163-toyota-hilux-2017-27-cd-srv-vvti-4x2-a3-_JM;N/A;;"Toyota Hilux 2017 2.7 Cd Srv Vvti 4x2 - A3";usd;Sí;free;false;N/A;N/A;http://perfil.mercadolibre.com.uy/AGUSBRITOS;active;N/A;N/A;Usado;N/A;N/A;Hidráulica;4x2;Sí;N/A;Sí;N/A;N/A;N/A;N/A;N/A;N/A;N/A;N/A;N/A;N/A;N/A;N/A;N/A;N/A;N/A;N/A;N/A;N/A;N/A;N/A;N/A;N/A;"2860 mm";"2.7 L";"80 L";5;N/A;N/A;N/A;N/A;N/A;N/A;N/A;N/A;N/A;N/A;N/A;N/A;N/A;N/A;N/A;N/A;N/A;N/A;N/A;N/A;N/A;N/A;N/A;N/A;N/A;N/A;N/A;N/A;N/A;N/A;N/A;N/A;N/A;N/A;N/A;N/A;N/A;N/A;N/A;N/A;N/A;N/A;N/A;N/A;N/A;"1860 mm";"5260 mm";N/A;N/A;N/A;N/A;5;"160 hp";Srv;N/A;4;"1855 mm";N/A;Sí;N/A;N/A;N/A;N/A;N/A;N/A;N/A;N/A;N/A;N/A;N/A;N/A;N/A;N/A;N/A;N/A;4;2.7;Nafta;Manual;Pick-Up;"Autos y camionetas";N/A;N/A;N/A;N/A;N/A;N/A;UY;N/A;N/A;N/A;N/A;N/A;N/A;N/A;N/A;N/A;N/A;N/A;N/A;N/A;N/A;N/A;N/A;N/A;N/A;N/A;N/A;N/A;N/A;N/A;N/A;N/A;N/A;N/A;N/A;N/A;N/A;N/A;N/A;N/A;N/A;N/A;N/A;N/A;N/A;N/A;N/A;N/A;N/A;N/A;N/A;N/A;N/A;N/A;N/A;N/A;N/A;N/A;N/A;N/A;N/A;N/A;N/A;N/A;N/A;N/A;N/A;N/A;N/A;N/A;N/A;N/A;N/A;N/A;N/A;N/A;N/A;N/A;N/A;N/A;N/A;N/A;N/A;N/A;N/A;N/A;N/A;N/A;N/A;N/A;N/A;N/A;N/A;N/A;N/A;N/A;N/A;N/A;N/A;N/A;N/A;N/A;N/A;N/A;N/A;N/A;N/A;N/A;N/A;N/A;N/A;N/A;Sí;N/A;Sí;N/A;N/A;N/A;Sí;Sí;N/A;N/A
Toyota;Corolla;"1.8 Se-g Cvt 140cv";2019;"30900 km";;JOLO4682710;32900;;;;;Florida;https://auto.mercadolibre.com.uy/MLU-701790618-toyota-corolla-18-se-g-cvt-140cv-_JM;N/A;;"Toyota Corolla 1.8 Se-g Cvt 140cv";usd;Sí;free;false;N/A;N/A;http://perfil.mercadolibre.com.uy/JOLO4682710;active;N/A;N/A;Usado;Blanco;N/A;Eléctrica;Delantera;Sí;Sí;N/A;N/A;N/A;Sí;N/A;N/A;Sí;N/A;N/A;Sí;Sí;N/A;Sí;N/A;N/A;N/A;N/A;N/A;N/A;N/A;N/A;N/A;N/A;"2700 mm";"1.8 L";"57 L";7;N/A;N/A;N/A;N/A;N/A;Sí;N/A;N/A;N/A;N/A;N/A;N/A;N/A;N/A;N/A;N/A;N/A;N/A;N/A;N/A;N/A;N/A;N/A;N/A;N/A;N/A;N/A;N/A;N/A;N/A;N/A;N/A;N/A;N/A;N/A;N/A;N/A;N/A;N/A;N/A;N/A;N/A;N/A;N/A;N/A;"1460 mm";"4620 mm";N/A;N/A;N/A;N/A;5;"140 hp";Se-g;N/A;4;"1775 mm";"13.5 km/l";Sí;N/A;Sí;Sí;N/A;Sí;Sí;N/A;N/A;N/A;N/A;N/A;Sí;N/A;N/A;N/A;N/A;4;1.8;Nafta;Automática;Sedán;"Autos y camionetas";N/A;N/A;N/A;N/A;N/A;N/A;UY;N/A;Sí;N/A;N/A;N/A;N/A;N/A;N/A;N/A;N/A;N/A;N/A;N/A;N/A;N/A;N/A;N/A;Sí;N/A;N/A;N/A;N/A;N/A;N/A;N/A;N/A;N/A;N/A;N/A;N/A;N/A;N/A;N/A;N/A;N/A;N/A;N/A;N/A;N/A;N/A;N/A;N/A;N/A;N/A;N/A;N/A;N/A;N/A;N/A;N/A;N/A;N/A;N/A;N/A;N/A;N/A;N/A;N/A;N/A;N/A;N/A;N/A;N/A;N/A;N/A;N/A;N/A;N/A;N/A;N/A;N/A;N/A;N/A;N/A;N/A;N/A;N/A;N/A;N/A;N/A;N/A;N/A;N/A;N/A;N/A;N/A;N/A;N/A;N/A;Sí;Sí;Sí;N/A;Sí;N/A;N/A;N/A;N/A;Sí;N/A;N/A;Sí;N/A;N/A;Sí;Sí;Sí;Sí;Sí;Sí;Sí;Sí;Sí;N/A;Sí
Toyota;Tercel;1.3;1995;"355000 km";;GABRIEL19692013;6000;;;;;"Paso de los Toros";https://auto.mercadolibre.com.uy/MLU-701676694-toyota-tercel-13-_JM;N/A;;"Toyota Tercel 1.3";usd;No;free;false;N/A;N/A;http://perfil.mercadolibre.com.uy/GABRIEL19692013;active;N/A;N/A;Usado;Gris;No;Asistida;Delantera;Sí;Sí;N/A;N/A;N/A;No;N/A;N/A;No;N/A;N/A;No;Sí;N/A;No;N/A;N/A;N/A;N/A;N/A;N/A;N/A;N/A;N/A;N/A;"2380 mm";"1.3 L";"45 L";4;N/A;N/A;N/A;N/A;N/A;No;N/A;N/A;N/A;N/A;N/A;N/A;N/A;N/A;N/A;N/A;N/A;N/A;N/A;N/A;N/A;N/A;N/A;N/A;N/A;N/A;N/A;N/A;N/A;No;N/A;N/A;N/A;N/A;N/A;N/A;N/A;N/A;N/A;N/A;N/A;N/A;N/A;N/A;N/A;"1365 mm";"3930 mm";N/A;N/A;N/A;N/A;5;"93 hp";N/A;N/A;4;"1645 mm";N/A;N/A;N/A;Sí;No;N/A;N/A;N/A;N/A;No;N/A;N/A;No;No;N/A;N/A;No;"Todo el día";4;1.3;Nafta;Manual;Sedán;"Autos y camionetas";N/A;N/A;N/A;N/A;N/A;N/A;UY;N/A;N/A;N/A;N/A;N/A;N/A;N/A;N/A;N/A;N/A;N/A;N/A;N/A;N/A;N/A;N/A;N/A;No;N/A;N/A;N/A;N/A;N/A;N/A;N/A;N/A;N/A;N/A;N/A;N/A;N/A;N/A;N/A;N/A;N/A;N/A;N/A;N/A;N/A;N/A;N/A;N/A;N/A;N/A;N/A;N/A;N/A;N/A;N/A;N/A;N/A;N/A;N/A;N/A;N/A;N/A;N/A;N/A;N/A;N/A;N/A;N/A;N/A;N/A;N/A;N/A;N/A;N/A;N/A;N/A;N/A;N/A;N/A;N/A;N/A;N/A;N/A;N/A;N/A;N/A;N/A;N/A;N/A;N/A;N/A;N/A;N/A;N/A;No;No;Sí;No;N/A;No;N/A;N/A;N/A;N/A;No;No;No;Sí;N/A;N/A;No;No;Sí;Sí;Sí;No;Sí;No;Sí;N/A;Sí
Toyota;Hilux;"2.7 D.cab. Srv";2018;"145000 km";;FERNANDEZBONAUDIGONZALO;26900;;;;;"Sarandí Grande";https://auto.mercadolibre.com.uy/MLU-646120675-toyota-hilux-27-dcab-srv-_JM;N/A;;"Toyota Hilux 2.7 D.cab. Srv";usd;Sí;free;false;N/A;N/A;http://perfil.mercadolibre.com.uy/FERNANDEZBONAUDIGONZALO;active;N/A;N/A;Usado;Blanco;N/A;Hidráulica;4x2;Sí;N/A;Sí;N/A;N/A;N/A;N/A;N/A;N/A;N/A;N/A;N/A;N/A;N/A;N/A;N/A;N/A;N/A;N/A;N/A;N/A;N/A;N/A;N/A;N/A;"2860 mm";"2.7 L";"80 L";5;N/A;N/A;N/A;N/A;N/A;N/A;N/A;N/A;N/A;Sí;N/A;N/A;N/A;N/A;N/A;N/A;N/A;N/A;N/A;N/A;N/A;N/A;N/A;N/A;N/A;N/A;N/A;N/A;N/A;N/A;N/A;N/A;N/A;Sí;N/A;N/A;N/A;N/A;N/A;N/A;N/A;N/A;N/A;N/A;N/A;"1850 mm";"5260 mm";N/A;N/A;N/A;N/A;5;"177 hp";Srv;N/A;2;"1855 mm";N/A;Sí;N/A;N/A;N/A;N/A;N/A;N/A;N/A;N/A;N/A;N/A;N/A;N/A;N/A;N/A;N/A;N/A;4;2.7;Nafta;Manual;Pick-Up;"Autos y camionetas";N/A;N/A;N/A;N/A;N/A;N/A;UY;N/A;N/A;N/A;N/A;N/A;N/A;N/A;N/A;N/A;N/A;N/A;N/A;N/A;N/A;N/A;N/A;N/A;N/A;N/A;N/A;N/A;N/A;N/A;N/A;N/A;N/A;N/A;N/A;N/A;N/A;N/A;N/A;N/A;N/A;N/A;N/A;N/A;N/A;N/A;N/A;N/A;N/A;N/A;N/A;N/A;N/A;N/A;N/A;N/A;N/A;N/A;N/A;N/A;N/A;N/A;N/A;N/A;N/A;N/A;N/A;N/A;N/A;N/A;N/A;N/A;N/A;N/A;N/A;N/A;N/A;N/A;N/A;N/A;N/A;N/A;N/A;N/A;N/A;N/A;N/A;N/A;N/A;N/A;N/A;N/A;N/A;N/A;N/A;N/A;N/A;N/A;N/A;N/A;N/A;N/A;N/A;N/A;N/A;N/A;N/A;N/A;N/A;N/A;N/A;N/A;Sí;N/A;Sí;N/A;N/A;N/A;Sí;Sí;N/A;N/A
Toyota;Hilux;Diesel;2011;"410000 km";;ELHEYE;32000;;;;;Young;https://auto.mercadolibre.com.uy/MLU-646576061-toyota-hilux-diesel-_JM;N/A;;"Toyota Hilux Diésel";USD;Sí;free;false;N/A;N/A;http://perfil.mercadolibre.com.uy/ELHEYE;active;N/A;N/A;Usado;N/A;N/A;N/A;N/A;N/A;N/A;N/A;N/A;N/A;N/A;N/A;N/A;N/A;N/A;N/A;N/A;N/A;N/A;N/A;N/A;N/A;N/A;N/A;N/A;N/A;N/A;N/A;N/A;N/A;N/A;N/A;N/A;N/A;N/A;N/A;N/A;N/A;N/A;N/A;N/A;N/A;N/A;N/A;N/A;N/A;N/A;N/A;N/A;N/A;N/A;N/A;N/A;N/A;N/A;N/A;N/A;N/A;N/A;N/A;N/A;N/A;N/A;N/A;N/A;N/A;N/A;N/A;N/A;N/A;N/A;N/A;N/A;N/A;N/A;N/A;N/A;N/A;N/A;N/A;N/A;N/A;N/A;N/A;N/A;N/A;N/A;N/A;N/A;N/A;N/A;N/A;N/A;N/A;N/A;N/A;N/A;N/A;N/A;N/A;N/A;N/A;N/A;N/A;N/A;N/A;N/A;N/A;N/A;5;N/A;Diésel;N/A;N/A;"Autos y camionetas";N/A;N/A;N/A;N/A;N/A;N/A;N/A;N/A;N/A;N/A;N/A;N/A;N/A;N/A;N/A;N/A;N/A;N/A;N/A;N/A;N/A;N/A;N/A;N/A;N/A;N/A;N/A;N/A;N/A;N/A;N/A;N/A;N/A;N/A;N/A;N/A;N/A;N/A;N/A;N/A;N/A;N/A;N/A;N/A;N/A;N/A;N/A;N/A;N/A;N/A;N/A;N/A;N/A;N/A;N/A;N/A;N/A;N/A;N/A;N/A;N/A;N/A;N/A;N/A;N/A;N/A;N/A;N/A;N/A;N/A;N/A;N/A;N/A;N/A;N/A;N/A;N/A;N/A;N/A;N/A;N/A;N/A;N/A;N/A;N/A;N/A;N/A;N/A;N/A;N/A;N/A;N/A;N/A;N/A;N/A;N/A;N/A;N/A;N/A;N/A;N/A;N/A;N/A;N/A;N/A;N/A;N/A;N/A;N/A;N/A;N/A;N/A;N/A;N/A;N/A;N/A;N/A;N/A;N/A;N/A;N/A;N/A
Toyota;Hilux;"2.7 Cd Srv Vvti 4x4 Cuero";2013;"250000 km";;OHJU7670475;16000;;;;;"Punta Carretas";https://auto.mercadolibre.com.uy/MLU-701764202-toyota-hilux-27-cd-srv-vvti-4x4-cuero-_JM;N/A;;"Toyota Hilux 2.7 Cd Srv Vvti 4x4 Cuero";usd;Sí;free;false;N/A;N/A;http://perfil.mercadolibre.com.uy/OHJU7670475;active;N/A;N/A;Usado;Blanco;Sí;Hidráulica;4x4;Sí;Sí;Sí;N/A;N/A;No;N/A;N/A;Sí;Sí;N/A;No;Sí;N/A;No;N/A;N/A;N/A;N/A;N/A;N/A;N/A;N/A;N/A;N/A;"2860 mm";"2.7 L";"80 L";5;N/A;N/A;N/A;N/A;N/A;Sí;N/A;N/A;N/A;N/A;N/A;N/A;N/A;N/A;N/A;N/A;N/A;N/A;N/A;N/A;N/A;N/A;N/A;N/A;N/A;N/A;N/A;N/A;N/A;N/A;N/A;N/A;N/A;Sí;Sí;N/A;N/A;N/A;N/A;N/A;N/A;N/A;N/A;N/A;N/A;"1860 mm";"5260 mm";N/A;N/A;N/A;N/A;5;"160 hp";Srv;N/A;4;"1855 mm";N/A;N/A;N/A;Sí;Sí;N/A;Sí;Sí;N/A;N/A;N/A;N/A;No;N/A;N/A;N/A;N/A;"Lunes a domingo de 8am a 10pm";4;2.7;Nafta;Manual;Pick-Up;"Autos y camionetas";N/A;N/A;N/A;N/A;N/A;N/A;UY;N/A;No;N/A;N/A;N/A;N/A;N/A;N/A;N/A;N/A;N/A;N/A;N/A;N/A;N/A;N/A;N/A;No;N/A;N/A;N/A;N/A;N/A;N/A;N/A;N/A;N/A;N/A;N/A;N/A;N/A;N/A;N/A;N/A;N/A;N/A;N/A;N/A;N/A;N/A;N/A;N/A;N/A;N/A;N/A;N/A;N/A;N/A;N/A;N/A;N/A;N/A;N/A;N/A;N/A;Sí;N/A;N/A;N/A;N/A;N/A;N/A;N/A;N/A;N/A;N/A;N/A;N/A;N/A;N/A;N/A;N/A;N/A;N/A;N/A;N/A;N/A;N/A;N/A;N/A;N/A;N/A;N/A;N/A;N/A;N/A;N/A;N/A;No;Sí;Sí;N/A;N/A;Sí;N/A;N/A;N/A;N/A;Sí;No;Sí;Sí;N/A;N/A;Sí;Sí;Sí;Sí;Sí;Sí;Sí;Sí;Sí;N/A;Sí
Toyota;Hilux;"2.7 Cd Srv Vvti 4x2 - A3";2017;"113000 km";;LOPEZFABRICIO20230211105649;25000;;;;;Melo;https://auto.mercadolibre.com.uy/MLU-646786917-toyota-hilux-27-cd-srv-vvti-4x2-a3-_JM;N/A;;"Toyota Hilux 2.7 Cd Srv Vvti 4x2 - A3";usd;Sí;free;false;N/A;N/A;http://perfil.mercadolibre.com.uy/LOPEZFABRICIO20230211105649;active;N/A;N/A;Usado;Negro;N/A;Hidráulica;4x2;Sí;N/A;Sí;N/A;N/A;N/A;N/A;N/A;N/A;N/A;N/A;N/A;N/A;N/A;N/A;N/A;N/A;N/A;N/A;N/A;N/A;N/A;N/A;N/A;N/A;"2860 mm";"2.7 L";"80 L";5;N/A;N/A;N/A;N/A;N/A;N/A;N/A;N/A;N/A;N/A;N/A;N/A;N/A;N/A;N/A;N/A;N/A;N/A;N/A;N/A;N/A;N/A;N/A;N/A;N/A;N/A;N/A;N/A;N/A;N/A;N/A;N/A;N/A;N/A;N/A;N/A;N/A;N/A;N/A;N/A;N/A;N/A;N/A;N/A;N/A;"1860 mm";"5260 mm";N/A;N/A;N/A;N/A;5;"160 hp";Srv;N/A;4;"1855 mm";N/A;Sí;N/A;N/A;N/A;N/A;N/A;N/A;N/A;N/A;N/A;N/A;N/A;N/A;N/A;N/A;N/A;N/A;4;2.7;Nafta;Manual;Pick-Up;"Autos y camionetas";N/A;N/A;N/A;N/A;N/A;N/A;UY;N/A;N/A;N/A;N/A;N/A;N/A;N/A;N/A;N/A;N/A;N/A;N/A;N/A;N/A;N/A;N/A;N/A;N/A;N/A;N/A;N/A;N/A;N/A;N/A;N/A;N/A;N/A;N/A;N/A;N/A;N/A;N/A;N/A;N/A;N/A;N/A;N/A;N/A;N/A;N/A;N/A;N/A;N/A;N/A;N/A;N/A;N/A;N/A;N/A;N/A;N/A;N/A;N/A;N/A;N/A;N/A;N/A;N/A;N/A;N/A;N/A;N/A;N/A;N/A;N/A;N/A;N/A;N/A;N/A;N/A;N/A;N/A;N/A;N/A;N/A;N/A;N/A;N/A;N/A;N/A;N/A;N/A;N/A;N/A;N/A;N/A;N/A;N/A;N/A;N/A;N/A;N/A;N/A;N/A;N/A;N/A;N/A;N/A;N/A;N/A;N/A;N/A;N/A;N/A;N/A;Sí;N/A;Sí;N/A;N/A;N/A;Sí;Sí;N/A;N/A
Toyota;Hilux;"2.8 D/cab 4x2 D Dlx";1999;"580000 km";;ALNI8155644;15500;;;;;Trinidad;https://auto.mercadolibre.com.uy/MLU-645844135-toyota-hilux-1999-28-dcab-4x2-d-dlx-_JM;N/A;;"Toyota Hilux 1999 2.8 D/cab 4x2 D Dlx";usd;No;free;false;N/A;N/A;http://perfil.mercadolibre.com.uy/ALNI8155644;active;N/A;N/A;Usado;N/A;N/A;N/A;4x2;Sí;N/A;N/A;N/A;N/A;N/A;N/A;N/A;N/A;N/A;N/A;N/A;N/A;N/A;N/A;N/A;N/A;N/A;N/A;N/A;N/A;N/A;N/A;N/A;N/A;"2860 mm";"2.8 L";"65 L";5;N/A;N/A;N/A;N/A;N/A;N/A;N/A;N/A;N/A;N/A;N/A;N/A;N/A;N/A;N/A;N/A;N/A;N/A;N/A;N/A;N/A;N/A;N/A;N/A;N/A;N/A;N/A;N/A;N/A;N/A;N/A;N/A;N/A;N/A;N/A;N/A;N/A;N/A;N/A;N/A;N/A;N/A;N/A;N/A;N/A;"1805 mm";"4850 mm";N/A;N/A;N/A;N/A;5;"177 hp";Dlx;N/A;2;"1630 mm";N/A;N/A;N/A;N/A;N/A;N/A;N/A;N/A;N/A;N/A;N/A;N/A;N/A;N/A;N/A;N/A;N/A;N/A;4;2.8;Diésel;Manual;Pick-Up;"Autos y camionetas";N/A;N/A;N/A;N/A;N/A;N/A;UY;N/A;N/A;N/A;N/A;N/A;N/A;N/A;N/A;N/A;N/A;N/A;N/A;N/A;N/A;N/A;N/A;N/A;N/A;N/A;N/A;N/A;N/A;N/A;N/A;N/A;N/A;N/A;N/A;N/A;N/A;N/A;N/A;N/A;N/A;N/A;N/A;N/A;N/A;N/A;N/A;N/A;N/A;N/A;N/A;N/A;N/A;N/A;N/A;N/A;N/A;N/A;N/A;N/A;N/A;N/A;N/A;N/A;N/A;N/A;N/A;N/A;N/A;N/A;N/A;N/A;N/A;N/A;N/A;N/A;N/A;N/A;N/A;N/A;N/A;N/A;N/A;N/A;N/A;N/A;N/A;N/A;N/A;N/A;N/A;N/A;N/A;N/A;N/A;N/A;N/A;N/A;N/A;N/A;N/A;N/A;N/A;N/A;N/A;N/A;N/A;N/A;N/A;N/A;N/A;N/A;N/A;N/A;Sí;N/A;N/A;N/A;N/A;N/A;N/A;N/A
Toyota;RAV4;"2.4 4x2 At";2011;"253000 km";;IGLESIAS.CAROLINA;13500;;;;;Pocitos;https://auto.mercadolibre.com.uy/MLU-646034457-toyota-rav4-24-4x2-at-_JM;N/A;;"Toyota Rav4 2.4 4x2 At";usd;Sí;free;false;N/A;N/A;http://perfil.mercadolibre.com.uy/IGLESIAS.CAROLINA;active;N/A;N/A;Usado;Negro;N/A;Asistida;4x2;Sí;N/A;Sí;N/A;N/A;N/A;N/A;N/A;N/A;N/A;N/A;N/A;N/A;N/A;N/A;N/A;N/A;N/A;N/A;N/A;N/A;N/A;N/A;N/A;N/A;"2660 mm";"2.4 L";"60 L";4;N/A;N/A;N/A;N/A;N/A;N/A;N/A;N/A;N/A;Sí;N/A;N/A;N/A;N/A;N/A;N/A;N/A;N/A;N/A;N/A;N/A;N/A;N/A;N/A;N/A;N/A;N/A;N/A;N/A;N/A;N/A;N/A;N/A;Sí;Sí;N/A;N/A;N/A;N/A;N/A;N/A;N/A;N/A;N/A;N/A;"1685 mm";"4625 mm";N/A;N/A;N/A;N/A;5;"170 hp";N/A;N/A;4;"1815 mm";N/A;N/A;N/A;N/A;Sí;N/A;N/A;N/A;N/A;N/A;N/A;N/A;N/A;N/A;N/A;N/A;N/A;N/A;5;2.4;Nafta;Automática;SUV;"Autos y camionetas";N/A;N/A;N/A;N/A;N/A;N/A;UY;N/A;N/A;N/A;N/A;N/A;N/A;N/A;N/A;N/A;N/A;N/A;N/A;N/A;N/A;N/A;N/A;N/A;N/A;N/A;N/A;N/A;N/A;N/A;N/A;N/A;N/A;N/A;N/A;N/A;N/A;N/A;N/A;N/A;N/A;N/A;N/A;N/A;N/A;N/A;N/A;N/A;N/A;N/A;N/A;N/A;N/A;N/A;N/A;N/A;N/A;N/A;N/A;N/A;N/A;N/A;N/A;N/A;N/A;N/A;N/A;N/A;N/A;N/A;N/A;N/A;N/A;N/A;N/A;N/A;N/A;N/A;N/A;N/A;N/A;N/A;N/A;N/A;N/A;N/A;N/A;N/A;N/A;N/A;N/A;N/A;N/A;N/A;N/A;N/A;N/A;N/A;N/A;N/A;N/A;N/A;N/A;N/A;N/A;N/A;N/A;N/A;N/A;N/A;N/A;N/A;N/A;N/A;Sí;N/A;N/A;N/A;N/A;Sí;N/A;N/A
Toyota;Hilux;"2.8 D/cab 4x4 D Dlx";2001;"300000 km";;CAVALA317;17000;;;;;Rocha;https://auto.mercadolibre.com.uy/MLU-700740978-toyota-hilux-2001-28-dcab-4x4-d-dlx-_JM;N/A;;"Toyota Hilux 2001 2.8 D/cab 4x4 D Dlx";usd;No;free;false;N/A;N/A;http://perfil.mercadolibre.com.uy/CAVALA317;active;N/A;N/A;Usado;N/A;N/A;N/A;4x4;Sí;N/A;N/A;N/A;N/A;N/A;N/A;N/A;N/A;N/A;N/A;N/A;N/A;N/A;N/A;N/A;N/A;N/A;N/A;N/A;N/A;N/A;N/A;N/A;N/A;"2860 mm";"2.8 L";"65 L";5;N/A;N/A;N/A;N/A;N/A;N/A;N/A;N/A;N/A;N/A;N/A;N/A;N/A;N/A;N/A;N/A;N/A;N/A;N/A;N/A;N/A;N/A;N/A;N/A;N/A;N/A;N/A;N/A;N/A;N/A;N/A;N/A;N/A;N/A;N/A;N/A;N/A;N/A;N/A;N/A;N/A;N/A;N/A;N/A;N/A;"1805 mm";"4850 mm";N/A;N/A;N/A;N/A;5;"177 hp";Dlx;N/A;2;"1630 mm";N/A;N/A;N/A;N/A;N/A;N/A;N/A;N/A;N/A;N/A;N/A;N/A;N/A;N/A;N/A;N/A;N/A;N/A;4;2.8;Diésel;Manual;Pick-Up;"Autos y camionetas";N/A;N/A;N/A;N/A;N/A;N/A;UY;N/A;N/A;N/A;N/A;N/A;N/A;N/A;N/A;N/A;N/A;N/A;N/A;N/A;N/A;N/A;N/A;N/A;N/A;N/A;N/A;N/A;N/A;N/A;N/A;N/A;N/A;N/A;N/A;N/A;N/A;N/A;N/A;N/A;N/A;N/A;N/A;N/A;N/A;N/A;N/A;N/A;N/A;N/A;N/A;N/A;N/A;N/A;N/A;N/A;N/A;N/A;N/A;N/A;N/A;N/A;N/A;N/A;N/A;N/A;N/A;N/A;N/A;N/A;N/A;N/A;N/A;N/A;N/A;N/A;N/A;N/A;N/A;N/A;N/A;N/A;N/A;N/A;N/A;N/A;N/A;N/A;N/A;N/A;N/A;N/A;N/A;N/A;N/A;N/A;N/A;N/A;N/A;N/A;N/A;N/A;N/A;N/A;N/A;N/A;N/A;N/A;N/A;N/A;N/A;N/A;N/A;N/A;Sí;N/A;N/A;N/A;N/A;N/A;N/A;N/A
Toyota;Hilux;"2.7 Cd Srv Vvti 4x4";2014;"330000 km";;VJ20241118145340;17300;;;;;N/A;https://auto.mercadolibre.com.uy/MLU-701655432-toyota-hilux-27-cd-srv-vvti-4x4-_JM;N/A;;"Toyota Hilux 2.7 Cd Srv Vvti 4x4";usd;Sí;free;false;N/A;N/A;http://perfil.mercadolibre.com.uy/VJ20241118145340;active;N/A;N/A;Usado;Blanco;N/A;Hidráulica;4x4;Sí;Sí;Sí;N/A;N/A;No;N/A;N/A;N/A;N/A;N/A;No;Sí;N/A;N/A;N/A;N/A;N/A;N/A;N/A;N/A;N/A;N/A;N/A;N/A;"2860 mm";"2.7 L";"80 L";5;N/A;N/A;N/A;N/A;N/A;N/A;N/A;N/A;N/A;N/A;N/A;N/A;N/A;N/A;N/A;N/A;N/A;N/A;N/A;N/A;N/A;N/A;N/A;N/A;N/A;N/A;N/A;N/A;N/A;No;N/A;N/A;N/A;N/A;N/A;N/A;N/A;N/A;N/A;N/A;N/A;N/A;N/A;N/A;N/A;"1860 mm";"5260 mm";N/A;N/A;N/A;N/A;5;"160 hp";Srv;N/A;4;"1855 mm";N/A;No;N/A;Sí;Sí;N/A;Sí;Sí;N/A;N/A;N/A;N/A;Sí;Sí;N/A;N/A;No;N/A;4;2.7;Nafta;Manual;Pick-Up;"Autos y camionetas";N/A;N/A;N/A;N/A;N/A;N/A;UY;N/A;N/A;N/A;N/A;N/A;N/A;N/A;N/A;N/A;N/A;N/A;N/A;N/A;N/A;N/A;N/A;N/A;No;N/A;N/A;N/A;N/A;N/A;N/A;N/A;N/A;N/A;N/A;N/A;N/A;N/A;N/A;N/A;N/A;N/A;N/A;N/A;N/A;N/A;N/A;N/A;N/A;N/A;N/A;N/A;N/A;N/A;N/A;N/A;N/A;N/A;N/A;N/A;N/A;N/A;N/A;N/A;N/A;N/A;N/A;N/A;N/A;N/A;N/A;N/A;N/A;N/A;N/A;N/A;N/A;N/A;N/A;N/A;N/A;N/A;N/A;N/A;N/A;N/A;N/A;N/A;N/A;N/A;N/A;N/A;N/A;N/A;N/A;No;Sí;Sí;Sí;N/A;Sí;N/A;N/A;N/A;N/A;Sí;No;Sí;Sí;N/A;N/A;Sí;Sí;Sí;Sí;Sí;Sí;Sí;No;Sí;N/A;Sí
Toyota;Hilux;"2.4 D/cab 4x2 D";1988;"600 km";;ELLOQUIPOL;11500;;;;;Casupa;https://auto.mercadolibre.com.uy/MLU-646814587-toyota-hilux-24-dcab-4x2-d-_JM;N/A;;"Toyota Hilux 2.4 D/cab 4x2 D";usd;No;free;false;N/A;N/A;http://perfil.mercadolibre.com.uy/ELLOQUIPOL;active;N/A;N/A;Usado;Negro;N/A;Hidráulica;4x2;Sí;N/A;N/A;N/A;N/A;N/A;N/A;N/A;N/A;N/A;N/A;N/A;N/A;N/A;N/A;N/A;N/A;N/A;N/A;N/A;N/A;N/A;N/A;N/A;N/A;"3085 mm";"2.4 L";"80 L";5;N/A;N/A;N/A;N/A;N/A;N/A;N/A;N/A;N/A;N/A;N/A;N/A;N/A;N/A;N/A;N/A;N/A;N/A;N/A;N/A;N/A;N/A;N/A;N/A;N/A;N/A;N/A;N/A;N/A;N/A;N/A;N/A;N/A;N/A;N/A;N/A;N/A;N/A;N/A;N/A;N/A;N/A;N/A;N/A;N/A;"1860 mm";"5260 mm";N/A;N/A;N/A;N/A;5;"150 hp";N/A;N/A;4;"1835 mm";"8.2 km/l";N/A;N/A;N/A;N/A;N/A;N/A;N/A;N/A;N/A;N/A;"6.3 km/l";N/A;N/A;N/A;N/A;N/A;"Todo el dia";4;2.4;Diésel;Manual;Pick-Up;"Autos y camionetas";N/A;N/A;N/A;N/A;N/A;N/A;UY;N/A;N/A;N/A;N/A;N/A;N/A;N/A;N/A;N/A;N/A;N/A;N/A;N/A;N/A;N/A;N/A;N/A;N/A;N/A;N/A;N/A;N/A;N/A;N/A;N/A;N/A;N/A;N/A;N/A;N/A;N/A;N/A;N/A;N/A;N/A;N/A;N/A;N/A;N/A;N/A;N/A;N/A;N/A;N/A;N/A;N/A;N/A;N/A;N/A;N/A;N/A;N/A;N/A;N/A;N/A;N/A;N/A;N/A;N/A;N/A;N/A;N/A;N/A;N/A;N/A;N/A;N/A;N/A;N/A;N/A;N/A;N/A;N/A;N/A;N/A;N/A;N/A;N/A;N/A;N/A;N/A;N/A;N/A;N/A;N/A;N/A;N/A;N/A;N/A;N/A;N/A;N/A;N/A;N/A;N/A;N/A;N/A;N/A;N/A;N/A;N/A;N/A;N/A;N/A;N/A;N/A;N/A;N/A;N/A;N/A;N/A;N/A;N/A;N/A;N/A
Toyota;Hilux;"2.8 Dc Srv Plus 4x4 Automática";2020;"220000 km";;SEBARREDONDO;57500;;;;;"Las Piedras";https://auto.mercadolibre.com.uy/MLU-701266260-toyota-hilux-28-srv-plus-automatica-4x4-_JM;N/A;;"Toyota Hilux 2.8 Srv Plus Automática 4x4";USD;Sí;free;false;N/A;N/A;http://perfil.mercadolibre.com.uy/SEBARREDONDO;active;N/A;N/A;Usado;Blanco;No;Hidráulica;4x4;Sí;Sí;N/A;N/A;N/A;Sí;N/A;N/A;Sí;N/A;N/A;N/A;Sí;N/A;N/A;N/A;N/A;N/A;N/A;N/A;N/A;N/A;N/A;N/A;N/A;N/A;N/A;N/A;N/A;N/A;N/A;N/A;N/A;N/A;Sí;N/A;N/A;N/A;N/A;N/A;N/A;N/A;N/A;N/A;N/A;N/A;N/A;N/A;N/A;N/A;N/A;N/A;N/A;N/A;N/A;N/A;N/A;N/A;N/A;N/A;N/A;N/A;N/A;N/A;N/A;N/A;N/A;N/A;N/A;N/A;N/A;N/A;N/A;N/A;N/A;N/A;N/A;N/A;N/A;N/A;N/A;N/A;N/A;N/A;N/A;N/A;N/A;Sí;N/A;Sí;Sí;N/A;Sí;Sí;N/A;N/A;N/A;N/A;N/A;Sí;N/A;N/A;N/A;N/A;4;2.8;Diésel;"Automática secuencial";Pick-Up;"Autos y camionetas";N/A;N/A;N/A;N/A;N/A;N/A;N/A;N/A;N/A;N/A;N/A;N/A;N/A;N/A;N/A;N/A;N/A;N/A;N/A;N/A;N/A;N/A;N/A;N/A;Sí;N/A;N/A;N/A;N/A;N/A;N/A;N/A;N/A;N/A;N/A;N/A;N/A;N/A;N/A;N/A;N/A;N/A;N/A;N/A;N/A;N/A;N/A;N/A;N/A;N/A;N/A;N/A;N/A;N/A;N/A;N/A;N/A;N/A;N/A;N/A;N/A;N/A;N/A;N/A;N/A;N/A;N/A;N/A;N/A;N/A;N/A;N/A;N/A;N/A;N/A;N/A;N/A;N/A;N/A;N/A;N/A;N/A;N/A;N/A;N/A;N/A;N/A;N/A;N/A;N/A;N/A;N/A;N/A;N/A;N/A;N/A;Sí;Sí;Sí;N/A;Sí;N/A;N/A;N/A;N/A;Sí;N/A;N/A;Sí;N/A;N/A;Sí;Sí;Sí;Sí;Sí;Sí;Sí;Sí;Sí;N/A;Sí
Toyota;Prius;"1.5 C Hibrido At";2019;"150400 km";;"FELI 287";16000;;;;;Cerro;https://auto.mercadolibre.com.uy/MLU-698371806-toyota-prius-2019-15-c-hibrido-at-_JM;N/A;;"Toyota Prius 2019 1.5 C Hibrido At";usd;Sí;free;false;N/A;N/A;http://perfil.mercadolibre.com.uy/FELI+287;active;N/A;N/A;Usado;N/A;N/A;Hidráulica;Delantera;Sí;N/A;N/A;N/A;N/A;N/A;N/A;N/A;N/A;N/A;N/A;N/A;N/A;N/A;N/A;N/A;N/A;N/A;N/A;N/A;N/A;N/A;N/A;N/A;N/A;"2700 mm";"1.5 L";"43 L";N/A;N/A;N/A;N/A;N/A;N/A;N/A;N/A;N/A;N/A;N/A;N/A;N/A;N/A;N/A;N/A;N/A;N/A;N/A;N/A;N/A;N/A;N/A;N/A;N/A;N/A;N/A;N/A;N/A;N/A;N/A;N/A;N/A;N/A;N/A;N/A;N/A;N/A;N/A;N/A;N/A;N/A;N/A;N/A;N/A;N/A;"1490 mm";"4540 mm";N/A;N/A;N/A;N/A;5;"36 hp";N/A;N/A;4;"1760 mm";N/A;N/A;N/A;N/A;N/A;N/A;N/A;Sí;N/A;N/A;N/A;N/A;N/A;N/A;N/A;N/A;N/A;N/A;5;1.5;Híbrido;Automática;Hatchback;"Autos y camionetas";N/A;N/A;N/A;N/A;N/A;N/A;UY;N/A;N/A;N/A;N/A;N/A;N/A;N/A;N/A;N/A;N/A;N/A;N/A;N/A;N/A;N/A;N/A;N/A;N/A;N/A;N/A;N/A;N/A;N/A;N/A;N/A;N/A;N/A;N/A;N/A;N/A;N/A;N/A;N/A;N/A;N/A;N/A;N/A;N/A;N/A;N/A;N/A;N/A;N/A;N/A;N/A;N/A;N/A;N/A;N/A;N/A;N/A;N/A;N/A;N/A;N/A;N/A;N/A;N/A;N/A;N/A;N/A;N/A;N/A;N/A;N/A;N/A;N/A;N/A;N/A;N/A;N/A;N/A;N/A;N/A;N/A;N/A;N/A;N/A;N/A;N/A;N/A;N/A;N/A;N/A;N/A;N/A;N/A;N/A;N/A;N/A;N/A;N/A;N/A;N/A;N/A;N/A;N/A;N/A;N/A;N/A;N/A;N/A;N/A;N/A;N/A;Sí;N/A;Sí;N/A;N/A;N/A;N/A;Sí;N/A;Sí
Toyota;Hilux;"2.4 D.cab. T.dsl Sr";2022;"82000 km";;DEFR7920416;46600;;;;;Carrasco;https://auto.mercadolibre.com.uy/MLU-697834402-toyota-hilux-24-dcab-tdsl-sr-_JM;N/A;;"Toyota Hilux 2.4 D.cab. T.dsl Sr";usd;Sí;free;false;N/A;N/A;http://perfil.mercadolibre.com.uy/DEFR7920416;active;N/A;N/A;Usado;Gris;Sí;Hidráulica;4x2;Sí;Sí;Sí;N/A;N/A;Sí;N/A;N/A;No;N/A;N/A;Sí;Sí;N/A;No;N/A;N/A;N/A;N/A;N/A;N/A;N/A;N/A;N/A;N/A;"2860 mm";"2.4 L";"80 L";5;N/A;N/A;N/A;N/A;N/A;Sí;N/A;N/A;N/A;N/A;N/A;N/A;N/A;N/A;N/A;N/A;N/A;N/A;N/A;N/A;N/A;N/A;N/A;N/A;N/A;N/A;N/A;N/A;N/A;No;N/A;N/A;N/A;N/A;N/A;N/A;N/A;N/A;N/A;N/A;N/A;N/A;N/A;N/A;N/A;"1850 mm";"5260 mm";N/A;N/A;N/A;N/A;5;"150 hp";Sr;N/A;4;"1855 mm";"8.2 km/l";No;N/A;Sí;Sí;N/A;Sí;Sí;N/A;No;N/A;"6.3 km/l";No;No;N/A;N/A;Sí;N/A;4;2.4;Diésel;Manual;Pick-Up;"Autos y camionetas";Sí;N/A;N/A;N/A;Sí;N/A;UY;N/A;No;N/A;Sí;N/A;N/A;N/A;N/A;N/A;N/A;N/A;N/A;N/A;N/A;N/A;N/A;N/A;No;N/A;N/A;N/A;N/A;N/A;N/A;N/A;N/A;N/A;N/A;N/A;N/A;N/A;N/A;N/A;N/A;N/A;N/A;No;N/A;N/A;N/A;N/A;N/A;N/A;N/A;N/A;N/A;N/A;N/A;N/A;N/A;N/A;N/A;N/A;N/A;No;No;N/A;N/A;N/A;N/A;N/A;N/A;N/A;N/A;N/A;N/A;N/A;N/A;N/A;N/A;N/A;N/A;N/A;N/A;N/A;N/A;N/A;N/A;N/A;N/A;N/A;N/A;N/A;N/A;N/A;N/A;N/A;N/A;No;Sí;Sí;Sí;N/A;Sí;N/A;N/A;N/A;N/A;Sí;No;Sí;Sí;N/A;N/A;Sí;Sí;Sí;Sí;Sí;Sí;No;Sí;Sí;N/A;Sí
Toyota;Hilux;"2.7 Cd Srv Vvti 4x2 - A3";2017;"138000 km";;AIRIN30;25500;;;;;Tarariras;https://auto.mercadolibre.com.uy/MLU-698365696-toyota-hilux-2017-27-cd-srv-vvti-4x2-a3-_JM;N/A;;"Toyota Hilux 2017 2.7 Cd Srv Vvti 4x2 - A3";usd;Sí;free;false;N/A;N/A;http://perfil.mercadolibre.com.uy/AIRIN30;active;N/A;N/A;Usado;N/A;N/A;Hidráulica;4x2;Sí;N/A;Sí;N/A;N/A;N/A;N/A;N/A;N/A;N/A;N/A;N/A;N/A;N/A;N/A;N/A;N/A;N/A;N/A;N/A;N/A;N/A;N/A;N/A;N/A;"2860 mm";"2.7 L";"80 L";5;N/A;N/A;N/A;N/A;N/A;N/A;N/A;N/A;N/A;N/A;N/A;N/A;N/A;N/A;N/A;N/A;N/A;N/A;N/A;N/A;N/A;N/A;N/A;N/A;N/A;N/A;N/A;N/A;N/A;N/A;N/A;N/A;N/A;N/A;N/A;N/A;N/A;N/A;N/A;N/A;N/A;N/A;N/A;N/A;N/A;"1860 mm";"5260 mm";N/A;N/A;N/A;N/A;5;"160 hp";Srv;N/A;4;"1855 mm";N/A;Sí;N/A;N/A;N/A;N/A;N/A;N/A;N/A;N/A;N/A;N/A;N/A;N/A;N/A;N/A;N/A;N/A;4;2.7;Nafta;Manual;Pick-Up;"Autos y camionetas";N/A;N/A;N/A;N/A;N/A;N/A;UY;N/A;N/A;N/A;N/A;N/A;N/A;N/A;N/A;N/A;N/A;N/A;N/A;N/A;N/A;N/A;N/A;N/A;N/A;N/A;N/A;N/A;N/A;N/A;N/A;N/A;N/A;N/A;N/A;N/A;N/A;N/A;N/A;N/A;N/A;N/A;N/A;N/A;N/A;N/A;N/A;N/A;N/A;N/A;N/A;N/A;N/A;N/A;N/A;N/A;N/A;N/A;N/A;N/A;N/A;N/A;N/A;N/A;N/A;N/A;N/A;N/A;N/A;N/A;N/A;N/A;N/A;N/A;N/A;N/A;N/A;N/A;N/A;N/A;N/A;N/A;N/A;N/A;N/A;N/A;N/A;N/A;N/A;N/A;N/A;N/A;N/A;N/A;N/A;N/A;N/A;N/A;N/A;N/A;N/A;N/A;N/A;N/A;N/A;N/A;N/A;N/A;N/A;N/A;N/A;N/A;Sí;N/A;Sí;N/A;N/A;N/A;Sí;Sí;N/A;N/A
Toyota;Etios;Xl;2018;"90000 km";;ROHE7420839;15600;;;;;"Jardines Hipódromo";https://auto.mercadolibre.com.uy/MLU-701770762-toyota-etios-xl-_JM;N/A;;"Toyota Etios Xl";USD;Sí;free;false;N/A;N/A;http://perfil.mercadolibre.com.uy/ROHE7420839;active;N/A;N/A;Usado;N/A;N/A;N/A;N/A;N/A;N/A;N/A;N/A;N/A;N/A;N/A;N/A;N/A;N/A;N/A;N/A;N/A;N/A;N/A;N/A;N/A;N/A;N/A;N/A;N/A;N/A;N/A;N/A;N/A;N/A;N/A;N/A;N/A;N/A;N/A;N/A;N/A;N/A;N/A;N/A;N/A;N/A;N/A;N/A;N/A;N/A;N/A;N/A;N/A;N/A;N/A;N/A;N/A;N/A;N/A;N/A;N/A;N/A;N/A;N/A;N/A;N/A;N/A;N/A;N/A;N/A;N/A;N/A;N/A;N/A;N/A;N/A;N/A;N/A;N/A;N/A;N/A;N/A;N/A;N/A;N/A;N/A;N/A;N/A;N/A;N/A;N/A;N/A;N/A;N/A;N/A;N/A;N/A;N/A;N/A;N/A;N/A;N/A;N/A;N/A;N/A;N/A;N/A;N/A;N/A;N/A;N/A;N/A;5;N/A;Nafta;N/A;N/A;"Autos y camionetas";N/A;N/A;N/A;N/A;N/A;N/A;N/A;N/A;N/A;N/A;N/A;N/A;N/A;N/A;N/A;N/A;N/A;N/A;N/A;N/A;N/A;N/A;N/A;N/A;N/A;N/A;N/A;N/A;N/A;N/A;N/A;N/A;N/A;N/A;N/A;N/A;N/A;N/A;N/A;N/A;N/A;N/A;N/A;N/A;N/A;N/A;N/A;N/A;N/A;N/A;N/A;N/A;N/A;N/A;N/A;N/A;N/A;N/A;N/A;N/A;N/A;N/A;N/A;N/A;N/A;N/A;N/A;N/A;N/A;N/A;N/A;N/A;N/A;N/A;N/A;N/A;N/A;N/A;N/A;N/A;N/A;N/A;N/A;N/A;N/A;N/A;N/A;N/A;N/A;N/A;N/A;N/A;N/A;N/A;N/A;N/A;N/A;N/A;N/A;N/A;N/A;N/A;N/A;N/A;N/A;N/A;N/A;N/A;N/A;N/A;N/A;N/A;N/A;N/A;N/A;N/A;N/A;N/A;N/A;N/A;N/A;N/A
Toyota;Tercel;1.3;1998;"267000 km";;ALFREDOHORACIOVAEZA;6490;;;;;Neptunia;https://auto.mercadolibre.com.uy/MLU-646655537-toyota-tercel-1998-13-_JM;N/A;;"Toyota Tercel 1998 1.3";usd;No;free;false;N/A;N/A;http://perfil.mercadolibre.com.uy/ALFREDOHORACIOVAEZA;active;N/A;N/A;Usado;N/A;N/A;N/A;Delantera;Sí;N/A;N/A;N/A;N/A;N/A;N/A;N/A;N/A;N/A;N/A;N/A;N/A;N/A;N/A;N/A;N/A;N/A;N/A;N/A;N/A;N/A;N/A;N/A;N/A;"2380 mm";"1.3 L";"45 L";4;N/A;N/A;N/A;N/A;N/A;N/A;N/A;N/A;N/A;N/A;N/A;N/A;N/A;N/A;N/A;N/A;N/A;N/A;N/A;N/A;N/A;N/A;N/A;N/A;N/A;N/A;N/A;N/A;N/A;N/A;N/A;N/A;N/A;N/A;N/A;N/A;N/A;N/A;N/A;N/A;N/A;N/A;N/A;N/A;N/A;"1365 mm";"3930 mm";N/A;N/A;N/A;N/A;5;"93 hp";N/A;N/A;4;"1645 mm";N/A;N/A;N/A;N/A;N/A;N/A;N/A;N/A;N/A;N/A;N/A;N/A;N/A;N/A;N/A;N/A;N/A;N/A;4;1.3;Nafta;Manual;Sedán;"Autos y camionetas";N/A;N/A;N/A;N/A;N/A;N/A;UY;N/A;N/A;N/A;N/A;N/A;N/A;N/A;N/A;N/A;N/A;N/A;N/A;N/A;N/A;N/A;N/A;N/A;N/A;N/A;N/A;N/A;N/A;N/A;N/A;N/A;N/A;N/A;N/A;N/A;N/A;N/A;N/A;N/A;N/A;N/A;N/A;N/A;N/A;N/A;N/A;N/A;N/A;N/A;N/A;N/A;N/A;N/A;N/A;N/A;N/A;N/A;N/A;N/A;N/A;N/A;N/A;N/A;N/A;N/A;N/A;N/A;N/A;N/A;N/A;N/A;N/A;N/A;N/A;N/A;N/A;N/A;N/A;N/A;N/A;N/A;N/A;N/A;N/A;N/A;N/A;N/A;N/A;N/A;N/A;N/A;N/A;N/A;N/A;N/A;N/A;N/A;N/A;N/A;N/A;N/A;N/A;N/A;N/A;N/A;N/A;N/A;N/A;N/A;N/A;N/A;N/A;N/A;Sí;N/A;N/A;N/A;N/A;N/A;N/A;N/A
Toyota;Hilux;"3.0 SRV 4X4 AT";2005;"389000 km";;JBLFRANK;26990;;;;;Maldonado;https://auto.mercadolibre.com.uy/MLU-701803520-vendo-permuto-toyota-hilux-30-srv-4x4-automatica-_JM;N/A;;"Vendo Permuto Toyota Hilux 3.0 Srv 4x4 Automática";usd;No;free;false;N/A;N/A;http://perfil.mercadolibre.com.uy/JBLFRANK;active;N/A;N/A;Usado;Blanco;N/A;N/A;4x4;Sí;N/A;N/A;N/A;N/A;N/A;N/A;N/A;N/A;N/A;N/A;N/A;N/A;N/A;N/A;N/A;N/A;N/A;N/A;N/A;N/A;N/A;N/A;N/A;N/A;"2860 mm";"3 L";"65 L";5;N/A;N/A;N/A;N/A;N/A;N/A;N/A;N/A;N/A;N/A;N/A;N/A;N/A;N/A;N/A;N/A;N/A;N/A;N/A;N/A;N/A;N/A;N/A;N/A;N/A;N/A;N/A;N/A;N/A;N/A;N/A;N/A;N/A;N/A;N/A;N/A;N/A;N/A;N/A;N/A;N/A;N/A;N/A;N/A;N/A;"1730 mm";"4895 mm";N/A;N/A;N/A;N/A;3;"125 hp";Srv;N/A;2;"1690 mm";N/A;N/A;N/A;N/A;N/A;N/A;N/A;N/A;N/A;N/A;N/A;N/A;N/A;N/A;N/A;N/A;N/A;N/A;4;3.0;Diésel;Automática;Pick-Up;"Autos y camionetas";N/A;N/A;N/A;N/A;N/A;N/A;UY;N/A;N/A;N/A;N/A;N/A;N/A;N/A;N/A;N/A;N/A;N/A;N/A;N/A;N/A;N/A;N/A;N/A;N/A;N/A;N/A;N/A;N/A;N/A;N/A;N/A;N/A;N/A;N/A;N/A;N/A;N/A;N/A;N/A;N/A;N/A;N/A;N/A;N/A;N/A;N/A;N/A;N/A;N/A;N/A;N/A;N/A;N/A;N/A;N/A;N/A;N/A;N/A;N/A;N/A;N/A;N/A;N/A;N/A;N/A;N/A;N/A;N/A;N/A;N/A;N/A;N/A;N/A;N/A;N/A;N/A;N/A;N/A;N/A;N/A;N/A;N/A;N/A;N/A;N/A;N/A;N/A;N/A;N/A;N/A;N/A;N/A;N/A;N/A;N/A;N/A;N/A;N/A;N/A;N/A;N/A;N/A;N/A;N/A;N/A;N/A;N/A;N/A;N/A;N/A;N/A;N/A;N/A;Sí;N/A;N/A;N/A;N/A;N/A;N/A;N/A
Toyota;Hilux;"3.0 Cd Srv Cuero Tdi 171cv 4x2";2014;"355000 km";;JUANJOTB;32900;;;;;Malvin;https://auto.mercadolibre.com.uy/MLU-701407824-toyota-hilux-30-cd-srv-cuero-tdi-171cv-4x2-_JM;N/A;;"Toyota Hilux 3.0 Cd Srv Cuero Tdi 171cv 4x2";usd;Sí;free;false;N/A;N/A;http://perfil.mercadolibre.com.uy/JUANJOTB;active;N/A;N/A;Usado;Negro;N/A;Hidráulica;4x2;Sí;N/A;Sí;N/A;N/A;N/A;N/A;N/A;Sí;N/A;N/A;N/A;Sí;N/A;N/A;N/A;N/A;N/A;N/A;N/A;N/A;N/A;N/A;N/A;N/A;"2860 mm";"3 L";"80 L";5;N/A;N/A;N/A;N/A;N/A;Sí;N/A;N/A;N/A;N/A;N/A;N/A;N/A;N/A;N/A;N/A;N/A;N/A;N/A;N/A;N/A;N/A;N/A;N/A;N/A;N/A;N/A;N/A;N/A;N/A;N/A;N/A;N/A;N/A;N/A;N/A;N/A;N/A;N/A;N/A;N/A;N/A;N/A;N/A;N/A;"1860 mm";"5260 mm";N/A;N/A;N/A;N/A;5;"171 hp";"Srv Cuero";N/A;4;"1855 mm";N/A;No;N/A;Sí;Sí;N/A;Sí;Sí;N/A;N/A;N/A;N/A;N/A;N/A;N/A;N/A;N/A;N/A;4;3.0;Diésel;Manual;Pick-Up;"Autos y camionetas";N/A;N/A;N/A;N/A;N/A;N/A;UY;N/A;N/A;N/A;N/A;N/A;N/A;N/A;N/A;N/A;N/A;N/A;N/A;N/A;N/A;N/A;N/A;N/A;N/A;N/A;N/A;N/A;N/A;N/A;N/A;N/A;N/A;N/A;N/A;N/A;N/A;N/A;N/A;N/A;N/A;N/A;N/A;N/A;N/A;N/A;N/A;N/A;N/A;N/A;N/A;N/A;N/A;N/A;N/A;N/A;N/A;N/A;N/A;N/A;N/A;N/A;N/A;N/A;N/A;N/A;N/A;N/A;N/A;N/A;N/A;N/A;N/A;N/A;N/A;N/A;N/A;N/A;N/A;N/A;N/A;N/A;N/A;N/A;N/A;N/A;N/A;N/A;N/A;N/A;N/A;N/A;N/A;N/A;N/A;N/A;Sí;Sí;N/A;N/A;Sí;N/A;N/A;N/A;N/A;Sí;N/A;Sí;Sí;N/A;N/A;N/A;Sí;N/A;Sí;N/A;N/A;N/A;N/A;Sí;N/A;N/A
Toyota;"Hilux Pick-Up";"2.5 Dx Pack Cab Doble 4x2 (2009)";2011;"251071 km";;GEOREZECAMNLPEZ;24990;;;;;Carmelo;https://auto.mercadolibre.com.uy/MLU-700731860-toyota-hilux-pick-up-2011-25-dx-pack-cab-doble-4x2-2009-_JM;N/A;;"Toyota Hilux Pick-up 2011 2.5 Dx Pack Cab Doble 4x2 (2009)";usd;Sí;free;false;N/A;N/A;http://perfil.mercadolibre.com.uy/GEOREZECAMNLPEZ;active;N/A;N/A;Usado;N/A;N/A;Hidráulica;4x2;Sí;N/A;N/A;N/A;N/A;N/A;N/A;N/A;N/A;N/A;N/A;N/A;N/A;N/A;N/A;N/A;N/A;N/A;N/A;N/A;N/A;N/A;N/A;N/A;N/A;"2860 mm";"2.5 L";"80 L";5;N/A;N/A;N/A;N/A;N/A;N/A;N/A;N/A;N/A;N/A;N/A;N/A;N/A;N/A;N/A;N/A;N/A;N/A;N/A;N/A;N/A;N/A;N/A;N/A;N/A;N/A;N/A;N/A;N/A;N/A;N/A;N/A;N/A;N/A;N/A;N/A;N/A;N/A;N/A;N/A;N/A;N/A;N/A;N/A;N/A;"1820 mm";"5255 mm";N/A;N/A;N/A;N/A;5;"102 hp";Dx;N/A;4;"1855 mm";N/A;N/A;N/A;N/A;N/A;N/A;N/A;N/A;N/A;N/A;N/A;N/A;N/A;N/A;N/A;N/A;N/A;N/A;4;2.5;Diésel;Manual;Pick-Up;"Autos y camionetas";N/A;N/A;N/A;N/A;N/A;N/A;UY;N/A;N/A;N/A;N/A;N/A;N/A;N/A;N/A;N/A;N/A;N/A;N/A;N/A;N/A;N/A;N/A;N/A;N/A;N/A;N/A;N/A;N/A;N/A;N/A;N/A;N/A;N/A;N/A;N/A;N/A;N/A;N/A;N/A;N/A;N/A;N/A;N/A;N/A;N/A;N/A;N/A;N/A;N/A;N/A;N/A;N/A;N/A;N/A;N/A;N/A;N/A;N/A;N/A;N/A;N/A;N/A;N/A;N/A;N/A;N/A;N/A;N/A;N/A;N/A;N/A;N/A;N/A;N/A;N/A;N/A;N/A;N/A;N/A;N/A;N/A;N/A;N/A;N/A;N/A;N/A;N/A;N/A;N/A;N/A;N/A;N/A;N/A;N/A;N/A;N/A;N/A;N/A;N/A;N/A;N/A;N/A;N/A;N/A;N/A;N/A;N/A;N/A;N/A;N/A;N/A;N/A;N/A;Sí;N/A;N/A;N/A;N/A;N/A;N/A;N/A
Toyota;Corolla;"XLI 1.6";2004;"270000 km";;ROMI20240203220815;8000;;;;;Cordón;https://auto.mercadolibre.com.uy/MLU-646192473-toyota-corolla-azul-xli-16-_JM;N/A;;"Toyota Corolla Azul Xli 1.6";USD;No;free;false;N/A;N/A;http://perfil.mercadolibre.com.uy/ROMI20240203220815;active;N/A;N/A;Usado;Azul;N/A;Hidráulica;N/A;Sí;N/A;N/A;N/A;N/A;N/A;N/A;N/A;N/A;N/A;N/A;Sí;Sí;N/A;N/A;N/A;N/A;N/A;N/A;N/A;N/A;N/A;N/A;N/A;N/A;N/A;N/A;N/A;N/A;N/A;N/A;N/A;N/A;N/A;N/A;N/A;N/A;N/A;N/A;N/A;N/A;N/A;N/A;N/A;N/A;N/A;N/A;N/A;N/A;N/A;N/A;N/A;N/A;N/A;N/A;N/A;N/A;N/A;Sí;N/A;N/A;N/A;N/A;N/A;N/A;N/A;N/A;N/A;N/A;N/A;N/A;N/A;N/A;N/A;N/A;N/A;N/A;N/A;N/A;N/A;N/A;N/A;N/A;N/A;N/A;N/A;N/A;N/A;N/A;N/A;N/A;N/A;N/A;Sí;N/A;N/A;N/A;N/A;N/A;N/A;N/A;N/A;N/A;"24 horas";4;1.6;Nafta;Manual;Sedán;"Autos y camionetas";Sí;N/A;N/A;N/A;N/A;N/A;N/A;N/A;No;N/A;N/A;N/A;N/A;N/A;N/A;N/A;N/A;N/A;N/A;N/A;N/A;N/A;N/A;N/A;Sí;N/A;N/A;N/A;N/A;N/A;N/A;N/A;N/A;N/A;N/A;N/A;N/A;N/A;N/A;N/A;N/A;N/A;N/A;N/A;N/A;N/A;N/A;N/A;N/A;N/A;N/A;N/A;N/A;N/A;N/A;N/A;N/A;N/A;N/A;N/A;N/A;N/A;Sí;N/A;N/A;N/A;N/A;N/A;N/A;N/A;N/A;N/A;N/A;N/A;N/A;N/A;N/A;N/A;N/A;N/A;N/A;N/A;N/A;N/A;N/A;N/A;N/A;N/A;N/A;N/A;N/A;N/A;N/A;N/A;N/A;N/A;N/A;Sí;N/A;N/A;N/A;N/A;N/A;N/A;N/A;N/A;N/A;N/A;N/A;N/A;N/A;N/A;N/A;N/A;Sí;Sí;Sí;Sí;Sí;Sí;N/A;Sí
Toyota;Corolla;"1.8 Xei Cvt Pack 140cv";2017;"162000 km";;CRNI9361436;20500;;;;;"Paso de los Toros";https://auto.mercadolibre.com.uy/MLU-699259486-toyota-corolla-18-xei-cvt-pack-140cv-_JM;N/A;;"Toyota Corolla 1.8 Xei Cvt Pack 140cv";usd;Sí;free;false;N/A;N/A;http://perfil.mercadolibre.com.uy/CRNI9361436;active;N/A;N/A;Usado;Blanco;No;Eléctrica;Delantera;Sí;Sí;N/A;N/A;N/A;Sí;N/A;N/A;Sí;N/A;N/A;Sí;Sí;N/A;Sí;N/A;N/A;N/A;N/A;N/A;N/A;N/A;N/A;N/A;N/A;"2700 mm";"1.8 L";"57 L";7;N/A;N/A;N/A;N/A;N/A;No;N/A;N/A;N/A;N/A;N/A;N/A;N/A;N/A;N/A;N/A;N/A;N/A;N/A;N/A;N/A;N/A;N/A;N/A;N/A;N/A;N/A;N/A;N/A;No;N/A;N/A;N/A;N/A;N/A;N/A;N/A;N/A;N/A;N/A;N/A;N/A;N/A;N/A;N/A;"1460 mm";"4620 mm";N/A;N/A;N/A;N/A;5;"140 hp";Xei;N/A;4;"1775 mm";"13.5 km/l";Sí;N/A;Sí;Sí;N/A;Sí;Sí;N/A;No;N/A;N/A;No;No;N/A;N/A;Sí;"Todo el dia";4;1.8;Nafta;Automática;Sedán;"Autos y camionetas";Sí;N/A;N/A;N/A;No;N/A;UY;N/A;No;N/A;No;N/A;N/A;N/A;N/A;N/A;N/A;N/A;N/A;N/A;N/A;N/A;N/A;N/A;Sí;N/A;N/A;N/A;N/A;N/A;N/A;N/A;N/A;N/A;N/A;N/A;N/A;N/A;N/A;N/A;N/A;N/A;N/A;N/A;N/A;N/A;N/A;N/A;N/A;N/A;N/A;N/A;N/A;N/A;N/A;N/A;N/A;N/A;N/A;N/A;N/A;N/A;Sí;N/A;N/A;N/A;N/A;N/A;N/A;N/A;N/A;N/A;N/A;N/A;N/A;N/A;N/A;N/A;N/A;N/A;N/A;N/A;N/A;N/A;N/A;N/A;N/A;N/A;N/A;N/A;N/A;N/A;N/A;N/A;N/A;No;Sí;Sí;Sí;N/A;Sí;N/A;N/A;N/A;N/A;Sí;Sí;Sí;Sí;N/A;N/A;Sí;Sí;Sí;Sí;Sí;Sí;Sí;Sí;Sí;N/A;Sí
Toyota;Hilux;"3.0 Cd Srv Tdi 171cv 4x2 - B3";2016;"155000 km";;ATODOFITNESSUY;40900;;;;;Centro;https://auto.mercadolibre.com.uy/MLU-645886351-toyota-hilux-30-cd-srv-tdi-171cv-4x2-b3-_JM;N/A;;"Toyota Hilux 3.0 Cd Srv Tdi 171cv 4x2 - B3";usd;Sí;free;false;N/A;N/A;http://perfil.mercadolibre.com.uy/ATODOFITNESSUY;active;N/A;N/A;Usado;Blanco;No;Hidráulica;4x2;Sí;Sí;Sí;N/A;N/A;No;N/A;N/A;No;N/A;N/A;Sí;Sí;N/A;No;N/A;N/A;N/A;N/A;N/A;N/A;N/A;N/A;N/A;N/A;"2860 mm";"3 L";"80 L";5;N/A;N/A;N/A;N/A;N/A;Sí;N/A;N/A;N/A;N/A;N/A;N/A;N/A;N/A;N/A;N/A;N/A;N/A;N/A;N/A;N/A;N/A;N/A;N/A;N/A;N/A;N/A;N/A;N/A;No;N/A;N/A;N/A;N/A;N/A;N/A;N/A;N/A;N/A;N/A;N/A;N/A;N/A;N/A;N/A;"1860 mm";"5260 mm";N/A;N/A;N/A;N/A;5;"171 hp";Srv;N/A;4;"1855 mm";N/A;Sí;N/A;Sí;Sí;N/A;Sí;Sí;N/A;No;N/A;N/A;Sí;Sí;N/A;N/A;Sí;N/A;4;3.0;Diésel;Manual;Pick-Up;"Autos y camionetas";No;N/A;N/A;N/A;No;N/A;UY;N/A;No;N/A;No;N/A;N/A;N/A;N/A;N/A;N/A;N/A;N/A;N/A;N/A;N/A;N/A;N/A;Sí;N/A;N/A;N/A;N/A;N/A;N/A;N/A;N/A;N/A;N/A;N/A;N/A;N/A;N/A;N/A;N/A;N/A;N/A;No;N/A;N/A;N/A;N/A;N/A;N/A;N/A;N/A;N/A;N/A;N/A;N/A;N/A;N/A;N/A;N/A;N/A;No;No;N/A;N/A;N/A;N/A;N/A;N/A;N/A;N/A;N/A;N/A;N/A;N/A;N/A;N/A;N/A;N/A;N/A;N/A;N/A;N/A;N/A;N/A;N/A;N/A;N/A;N/A;N/A;N/A;N/A;N/A;N/A;N/A;No;Sí;Sí;Sí;N/A;Sí;N/A;N/A;N/A;N/A;Sí;No;Sí;Sí;N/A;N/A;Sí;Sí;Sí;Sí;Sí;Sí;Sí;Sí;Sí;N/A;Sí
Toyota;Yaris;"Sedan 1.5";2001;"253000 km";;EF20240709172350;8000;;;;;N/A;https://auto.mercadolibre.com.uy/MLU-699886518-toyota-yaris-15-_JM;N/A;;"Toyota Yaris 1.5";USD;No;free;false;N/A;N/A;http://perfil.mercadolibre.com.uy/EF20240709172350;active;N/A;N/A;Usado;Verde;No;Hidráulica;N/A;N/A;N/A;N/A;N/A;N/A;N/A;N/A;N/A;N/A;N/A;N/A;N/A;N/A;N/A;N/A;N/A;N/A;N/A;N/A;N/A;N/A;N/A;N/A;N/A;N/A;N/A;N/A;N/A;N/A;N/A;N/A;N/A;N/A;N/A;N/A;N/A;N/A;N/A;N/A;N/A;N/A;N/A;N/A;N/A;N/A;N/A;N/A;N/A;N/A;N/A;N/A;N/A;N/A;N/A;N/A;N/A;N/A;N/A;N/A;N/A;N/A;N/A;N/A;N/A;N/A;N/A;N/A;N/A;N/A;N/A;N/A;N/A;N/A;N/A;N/A;N/A;N/A;N/A;N/A;N/A;N/A;N/A;N/A;N/A;N/A;N/A;N/A;No;N/A;N/A;N/A;N/A;Sí;N/A;N/A;N/A;N/A;N/A;N/A;N/A;N/A;N/A;N/A;N/A;5;1.5;Nafta;Manual;Sedán;"Autos y camionetas";N/A;N/A;N/A;N/A;N/A;N/A;N/A;N/A;N/A;N/A;N/A;N/A;N/A;N/A;N/A;N/A;N/A;N/A;N/A;N/A;N/A;N/A;N/A;N/A;N/A;N/A;N/A;N/A;N/A;N/A;N/A;N/A;N/A;N/A;N/A;N/A;N/A;N/A;N/A;N/A;N/A;N/A;N/A;N/A;N/A;N/A;N/A;N/A;N/A;N/A;N/A;N/A;N/A;N/A;N/A;N/A;N/A;N/A;N/A;N/A;N/A;N/A;N/A;N/A;N/A;N/A;N/A;N/A;N/A;N/A;N/A;N/A;N/A;N/A;N/A;N/A;N/A;N/A;N/A;N/A;N/A;N/A;N/A;N/A;N/A;N/A;N/A;N/A;N/A;N/A;N/A;N/A;N/A;N/A;N/A;N/A;N/A;N/A;N/A;N/A;N/A;N/A;N/A;N/A;N/A;N/A;N/A;N/A;N/A;N/A;N/A;N/A;N/A;N/A;N/A;N/A;N/A;N/A;N/A;N/A;N/A;N/A
Toyota;Corolla;2.0;1998;"394000 km";;VIERAALDO20211215190041;8500;;;;;"San Jacinto";https://auto.mercadolibre.com.uy/MLU-701263732-toyota-corolla-20-diesel-_JM;N/A;;"Toyota Corolla 2.0 Diesel..";USD;No;free;false;N/A;N/A;http://perfil.mercadolibre.com.uy/VIERAALDO20211215190041;active;N/A;N/A;Usado;Blanco;N/A;N/A;N/A;N/A;N/A;N/A;N/A;N/A;N/A;N/A;N/A;N/A;N/A;N/A;N/A;N/A;N/A;N/A;N/A;N/A;N/A;N/A;N/A;N/A;N/A;N/A;N/A;N/A;N/A;N/A;N/A;N/A;N/A;N/A;N/A;N/A;N/A;N/A;N/A;N/A;N/A;N/A;N/A;N/A;N/A;N/A;N/A;N/A;N/A;N/A;N/A;N/A;N/A;N/A;N/A;N/A;N/A;N/A;N/A;N/A;N/A;N/A;N/A;N/A;N/A;N/A;N/A;N/A;N/A;N/A;N/A;N/A;N/A;N/A;N/A;N/A;N/A;N/A;N/A;N/A;N/A;N/A;N/A;N/A;N/A;N/A;N/A;N/A;N/A;N/A;N/A;N/A;N/A;N/A;N/A;N/A;N/A;N/A;N/A;N/A;N/A;N/A;N/A;N/A;N/A;N/A;N/A;4;N/A;Diésel;N/A;N/A;"Autos y camionetas";N/A;N/A;N/A;N/A;N/A;N/A;N/A;N/A;N/A;N/A;N/A;N/A;N/A;N/A;N/A;N/A;N/A;N/A;N/A;N/A;N/A;N/A;N/A;N/A;N/A;N/A;N/A;N/A;N/A;N/A;N/A;N/A;N/A;N/A;N/A;N/A;N/A;N/A;N/A;N/A;N/A;N/A;N/A;N/A;N/A;N/A;N/A;N/A;N/A;N/A;N/A;N/A;N/A;N/A;N/A;N/A;N/A;N/A;N/A;N/A;N/A;N/A;N/A;N/A;N/A;N/A;N/A;N/A;N/A;N/A;N/A;N/A;N/A;N/A;N/A;N/A;N/A;N/A;N/A;N/A;N/A;N/A;N/A;N/A;N/A;N/A;N/A;N/A;N/A;N/A;N/A;N/A;N/A;N/A;N/A;N/A;N/A;N/A;N/A;N/A;N/A;N/A;N/A;N/A;N/A;N/A;N/A;N/A;N/A;N/A;N/A;N/A;N/A;N/A;N/A;N/A;N/A;N/A;N/A;N/A;N/A;N/A
Toyota;Corolla;"1.6 Xei";2003;"230000 km";;COLE1248163;8700;;;;;Salto;https://auto.mercadolibre.com.uy/MLU-701155992-toyota-corolla-_JM;N/A;;"Toyota Corolla";USD;No;free;false;N/A;N/A;http://perfil.mercadolibre.com.uy/COLE1248163;active;N/A;N/A;Usado;Dorado;No;Hidráulica;4x2;N/A;N/A;N/A;N/A;N/A;N/A;N/A;N/A;N/A;N/A;N/A;N/A;N/A;N/A;N/A;N/A;N/A;N/A;N/A;N/A;N/A;N/A;N/A;N/A;N/A;N/A;N/A;N/A;N/A;N/A;N/A;N/A;N/A;N/A;N/A;N/A;N/A;N/A;N/A;N/A;N/A;N/A;N/A;N/A;N/A;N/A;N/A;N/A;N/A;N/A;N/A;N/A;N/A;N/A;N/A;N/A;N/A;N/A;N/A;N/A;N/A;N/A;N/A;N/A;N/A;N/A;N/A;N/A;N/A;N/A;N/A;N/A;N/A;N/A;N/A;N/A;N/A;N/A;N/A;N/A;N/A;N/A;N/A;N/A;N/A;N/A;N/A;N/A;N/A;N/A;N/A;N/A;N/A;N/A;N/A;N/A;N/A;N/A;N/A;N/A;N/A;N/A;N/A;N/A;4;1.6;Nafta;Manual;N/A;"Autos y camionetas";N/A;N/A;N/A;N/A;N/A;N/A;N/A;N/A;N/A;N/A;N/A;N/A;N/A;N/A;N/A;N/A;N/A;N/A;N/A;N/A;N/A;N/A;N/A;N/A;N/A;N/A;N/A;N/A;N/A;N/A;N/A;N/A;N/A;N/A;N/A;N/A;N/A;N/A;N/A;N/A;N/A;N/A;N/A;N/A;N/A;N/A;N/A;N/A;N/A;N/A;N/A;N/A;N/A;N/A;N/A;N/A;N/A;N/A;N/A;N/A;N/A;N/A;N/A;N/A;N/A;N/A;N/A;N/A;N/A;N/A;N/A;N/A;N/A;N/A;N/A;N/A;N/A;N/A;N/A;N/A;N/A;N/A;N/A;N/A;N/A;N/A;N/A;N/A;N/A;N/A;N/A;N/A;N/A;N/A;N/A;N/A;N/A;N/A;N/A;N/A;N/A;N/A;N/A;N/A;N/A;N/A;N/A;N/A;N/A;N/A;N/A;N/A;N/A;N/A;N/A;N/A;N/A;N/A;N/A;N/A;N/A;N/A
Toyota;Corona;"2.0 Gli";1995;"210000 km";;JOSTCHOPOURIAN;6900;;;;;"Punta del Este";https://auto.mercadolibre.com.uy/MLU-700416832-toyota-corona-1995-20-gli-_JM;N/A;;"Toyota Corona 1995 2.0 Gli";usd;No;free;false;N/A;N/A;http://perfil.mercadolibre.com.uy/JOSTCHOPOURIAN;active;N/A;N/A;Usado;Azul;N/A;N/A;Delantera;Sí;N/A;N/A;N/A;N/A;N/A;N/A;N/A;N/A;N/A;N/A;N/A;N/A;N/A;N/A;N/A;N/A;N/A;N/A;N/A;N/A;N/A;N/A;N/A;N/A;"2630 mm";"2 L";"60 L";5;N/A;N/A;N/A;N/A;N/A;N/A;N/A;N/A;N/A;N/A;N/A;N/A;N/A;N/A;N/A;N/A;N/A;N/A;N/A;N/A;N/A;N/A;N/A;N/A;N/A;N/A;N/A;N/A;N/A;N/A;N/A;N/A;N/A;N/A;N/A;N/A;N/A;N/A;N/A;N/A;N/A;N/A;N/A;N/A;N/A;"1425 mm";"4490 mm";N/A;N/A;N/A;N/A;5;"124 hp";Gli;N/A;4;"1710 mm";"14 km/l";N/A;N/A;N/A;N/A;N/A;Sí;N/A;N/A;N/A;N/A;"7.7 km/l";N/A;N/A;N/A;N/A;N/A;N/A;4;2.0;Nafta;Manual;Sedán;"Autos y camionetas";N/A;N/A;N/A;N/A;N/A;N/A;UY;N/A;N/A;N/A;N/A;N/A;N/A;N/A;N/A;N/A;N/A;N/A;N/A;N/A;N/A;N/A;N/A;N/A;N/A;N/A;N/A;N/A;N/A;N/A;N/A;N/A;N/A;N/A;N/A;N/A;N/A;N/A;N/A;N/A;N/A;N/A;N/A;N/A;N/A;N/A;N/A;N/A;N/A;N/A;N/A;N/A;N/A;N/A;N/A;N/A;N/A;N/A;N/A;N/A;N/A;N/A;N/A;N/A;N/A;N/A;N/A;N/A;N/A;N/A;N/A;N/A;N/A;N/A;N/A;N/A;N/A;N/A;N/A;N/A;N/A;N/A;N/A;N/A;N/A;N/A;N/A;N/A;N/A;N/A;N/A;N/A;N/A;N/A;N/A;N/A;N/A;N/A;N/A;N/A;N/A;N/A;N/A;N/A;N/A;N/A;N/A;N/A;N/A;N/A;N/A;N/A;N/A;N/A;N/A;Sí;Sí;N/A;N/A;N/A;N/A;Sí
Toyota;Corolla;"1.8 Xei Mt";2009;"185000 km";;"LOMEJOR 2015";12990;;;;;"Nueva Helvecia";https://auto.mercadolibre.com.uy/MLU-701564234-toyota-corolla-18-xei-mt-_JM;N/A;;"Toyota Corolla 1.8 Xei Mt";usd;Sí;free;false;N/A;N/A;http://perfil.mercadolibre.com.uy/LOMEJOR+2015;active;N/A;N/A;Usado;Azul;No;Eléctrica;Delantera;Sí;N/A;Sí;N/A;N/A;N/A;N/A;N/A;Sí;N/A;N/A;N/A;Sí;N/A;Sí;N/A;N/A;N/A;N/A;N/A;N/A;N/A;N/A;N/A;N/A;"2600 mm";"1.8 L";"55 L";5;N/A;N/A;N/A;N/A;N/A;Sí;N/A;N/A;N/A;Sí;N/A;N/A;N/A;N/A;N/A;N/A;N/A;N/A;N/A;N/A;N/A;N/A;N/A;N/A;N/A;N/A;N/A;N/A;N/A;N/A;N/A;N/A;N/A;Sí;Sí;N/A;N/A;N/A;N/A;N/A;N/A;N/A;N/A;N/A;N/A;"1485 mm";"4530 mm";N/A;N/A;N/A;N/A;5;"136 hp";Xei;N/A;4;"1760 mm";"13.5 km/l";N/A;N/A;N/A;Sí;N/A;N/A;Sí;N/A;N/A;N/A;N/A;N/A;N/A;N/A;N/A;N/A;"24 horas";4;1.8;Nafta;Manual;Sedán;"Autos y camionetas";N/A;N/A;N/A;N/A;N/A;N/A;UY;N/A;N/A;N/A;N/A;N/A;N/A;N/A;N/A;N/A;N/A;N/A;N/A;N/A;N/A;N/A;N/A;N/A;N/A;N/A;N/A;N/A;N/A;N/A;N/A;N/A;N/A;N/A;N/A;N/A;N/A;N/A;N/A;N/A;N/A;N/A;N/A;N/A;N/A;N/A;N/A;N/A;N/A;N/A;N/A;N/A;N/A;N/A;N/A;N/A;N/A;N/A;N/A;N/A;N/A;N/A;N/A;N/A;N/A;N/A;N/A;N/A;N/A;N/A;N/A;N/A;N/A;N/A;N/A;N/A;N/A;N/A;N/A;N/A;N/A;N/A;N/A;N/A;N/A;N/A;N/A;N/A;N/A;N/A;N/A;N/A;N/A;N/A;N/A;N/A;N/A;N/A;Sí;N/A;N/A;N/A;N/A;N/A;N/A;N/A;N/A;N/A;N/A;N/A;N/A;N/A;Sí;N/A;Sí;N/A;N/A;N/A;N/A;N/A;N/A;N/A
Toyota;Hilux;"2.7 Cd Srv Vvti 4x2";2013;"170000 km";;NG20241117200607;16999;;;;;N/A;https://auto.mercadolibre.com.uy/MLU-646819605-toyota-hilux-27-cd-srv-vvti-4x2-_JM;N/A;;"Toyota Hilux 2.7 Cd Srv Vvti 4x2";usd;Sí;free;false;N/A;N/A;http://perfil.mercadolibre.com.uy/NG20241117200607;active;N/A;N/A;Usado;Blanco;No;Hidráulica;4x2;Sí;N/A;Sí;N/A;N/A;N/A;N/A;N/A;N/A;N/A;N/A;N/A;Sí;N/A;N/A;N/A;N/A;N/A;N/A;N/A;N/A;N/A;N/A;N/A;N/A;"2860 mm";"2.7 L";"80 L";5;N/A;N/A;N/A;N/A;N/A;N/A;N/A;N/A;N/A;N/A;N/A;N/A;N/A;N/A;N/A;N/A;N/A;N/A;N/A;N/A;N/A;N/A;N/A;N/A;N/A;N/A;N/A;N/A;N/A;N/A;N/A;N/A;N/A;N/A;N/A;N/A;N/A;N/A;N/A;N/A;N/A;N/A;N/A;N/A;N/A;"1860 mm";"5260 mm";N/A;N/A;N/A;N/A;5;"160 hp";Srv;N/A;4;"1855 mm";N/A;N/A;N/A;N/A;Sí;N/A;N/A;Sí;N/A;N/A;N/A;N/A;N/A;N/A;N/A;N/A;N/A;N/A;4;2.7;Nafta;Manual;Pick-Up;"Autos y camionetas";N/A;N/A;N/A;N/A;N/A;N/A;UY;N/A;N/A;N/A;N/A;N/A;N/A;N/A;N/A;N/A;N/A;N/A;N/A;N/A;N/A;N/A;N/A;N/A;N/A;N/A;N/A;N/A;N/A;N/A;N/A;N/A;N/A;N/A;N/A;N/A;N/A;N/A;N/A;N/A;N/A;N/A;N/A;N/A;N/A;N/A;N/A;N/A;N/A;N/A;N/A;N/A;N/A;N/A;N/A;N/A;N/A;N/A;N/A;N/A;N/A;N/A;N/A;N/A;N/A;N/A;N/A;N/A;N/A;N/A;N/A;N/A;N/A;N/A;N/A;N/A;N/A;N/A;N/A;N/A;N/A;N/A;N/A;N/A;N/A;N/A;N/A;N/A;N/A;N/A;N/A;N/A;N/A;N/A;N/A;N/A;N/A;N/A;Sí;N/A;N/A;N/A;N/A;N/A;N/A;N/A;N/A;N/A;N/A;N/A;N/A;N/A;No;N/A;Sí;N/A;N/A;N/A;N/A;Sí;N/A;N/A
Toyota;Hilux;"2.4 D/cab 4x2 D";1993;"390000 km";;AGROMAQUINAUY;17000;;;;;"Rafael Perazza";https://auto.mercadolibre.com.uy/MLU-701518936-toyota-hilux-_JM;N/A;;"Toyota Hilux";usd;No;free;false;N/A;N/A;http://perfil.mercadolibre.com.uy/AGROMAQUINAUY;active;N/A;N/A;Usado;Gris;N/A;N/A;4x2;Sí;N/A;N/A;N/A;N/A;N/A;N/A;N/A;N/A;N/A;N/A;N/A;N/A;N/A;N/A;N/A;N/A;N/A;N/A;N/A;N/A;N/A;N/A;N/A;N/A;"3085 mm";"2.4 L";"80 L";5;N/A;N/A;N/A;N/A;N/A;N/A;N/A;N/A;N/A;N/A;N/A;N/A;N/A;N/A;N/A;N/A;N/A;N/A;N/A;N/A;N/A;N/A;N/A;N/A;N/A;N/A;N/A;N/A;N/A;N/A;N/A;N/A;N/A;N/A;N/A;N/A;N/A;N/A;N/A;N/A;N/A;N/A;N/A;N/A;N/A;"1860 mm";"5260 mm";N/A;N/A;N/A;N/A;5;"150 hp";N/A;N/A;4;"1835 mm";"8.2 km/l";N/A;N/A;N/A;N/A;N/A;N/A;N/A;N/A;N/A;N/A;"6.3 km/l";N/A;N/A;N/A;N/A;N/A;"24 horas";4;2.4;Diésel;Manual;Pick-Up;"Autos y camionetas";N/A;N/A;N/A;N/A;N/A;N/A;UY;N/A;N/A;N/A;N/A;N/A;N/A;N/A;N/A;N/A;N/A;N/A;N/A;N/A;N/A;N/A;N/A;N/A;N/A;N/A;N/A;N/A;N/A;N/A;N/A;N/A;N/A;N/A;N/A;N/A;N/A;N/A;N/A;N/A;N/A;N/A;N/A;N/A;N/A;N/A;N/A;N/A;N/A;N/A;N/A;N/A;N/A;N/A;N/A;N/A;N/A;N/A;N/A;N/A;N/A;N/A;N/A;N/A;N/A;N/A;N/A;N/A;N/A;N/A;N/A;N/A;N/A;N/A;N/A;N/A;N/A;N/A;N/A;N/A;N/A;N/A;N/A;N/A;N/A;N/A;N/A;N/A;N/A;N/A;N/A;N/A;N/A;N/A;N/A;N/A;N/A;N/A;N/A;N/A;N/A;N/A;N/A;N/A;N/A;N/A;N/A;N/A;N/A;N/A;N/A;N/A;N/A;N/A;N/A;N/A;N/A;N/A;N/A;N/A;N/A;N/A
Toyota;Corolla;1.6;2010;"200000 km";;LELA20132013;11000;;;;;"Nueva Palmira";https://auto.mercadolibre.com.uy/MLU-646755283-toyota-corolla-16-_JM;N/A;;"Toyota Corolla 1.6 ";USD;Sí;free;false;N/A;N/A;http://perfil.mercadolibre.com.uy/LELA20132013;active;N/A;N/A;Usado;N/A;N/A;N/A;N/A;N/A;N/A;N/A;N/A;N/A;N/A;N/A;N/A;N/A;N/A;N/A;N/A;N/A;N/A;N/A;N/A;N/A;N/A;N/A;N/A;N/A;N/A;N/A;N/A;N/A;N/A;N/A;N/A;N/A;N/A;N/A;N/A;N/A;N/A;N/A;N/A;N/A;N/A;N/A;N/A;N/A;N/A;N/A;N/A;N/A;N/A;N/A;N/A;N/A;N/A;N/A;N/A;N/A;N/A;N/A;N/A;N/A;N/A;N/A;N/A;N/A;N/A;N/A;N/A;N/A;N/A;N/A;N/A;N/A;N/A;N/A;N/A;N/A;N/A;N/A;N/A;N/A;N/A;N/A;N/A;N/A;N/A;N/A;N/A;N/A;N/A;N/A;N/A;N/A;N/A;N/A;N/A;N/A;N/A;N/A;N/A;N/A;N/A;N/A;N/A;N/A;N/A;N/A;N/A;5;N/A;Nafta;N/A;N/A;"Autos y camionetas";N/A;N/A;N/A;N/A;N/A;N/A;N/A;N/A;N/A;N/A;N/A;N/A;N/A;N/A;N/A;N/A;N/A;N/A;N/A;N/A;N/A;N/A;N/A;N/A;N/A;N/A;N/A;N/A;N/A;N/A;N/A;N/A;N/A;N/A;N/A;N/A;N/A;N/A;N/A;N/A;N/A;N/A;N/A;N/A;N/A;N/A;N/A;N/A;N/A;N/A;N/A;N/A;N/A;N/A;N/A;N/A;N/A;N/A;N/A;N/A;N/A;N/A;N/A;N/A;N/A;N/A;N/A;N/A;N/A;N/A;N/A;N/A;N/A;N/A;N/A;N/A;N/A;N/A;N/A;N/A;N/A;N/A;N/A;N/A;N/A;N/A;N/A;N/A;N/A;N/A;N/A;N/A;N/A;N/A;N/A;N/A;N/A;N/A;N/A;N/A;N/A;N/A;N/A;N/A;N/A;N/A;N/A;N/A;N/A;N/A;N/A;N/A;N/A;N/A;N/A;N/A;N/A;N/A;N/A;N/A;N/A;N/A
Toyota;Tercel;Tercel;1999;"330000 km";;VIDALESFERNANDO20220904124154;230000;;;;;"La Teja";https://auto.mercadolibre.com.uy/MLU-701236676-toyota-tercel-15-motor-diesel-_JM;N/A;;"Toyota Tercel. 1.5 Motor Diesel";UYU;No;free;false;N/A;N/A;http://perfil.mercadolibre.com.uy/VIDALESFERNANDO20220904124154;active;N/A;N/A;Usado;Verde;No;Hidráulica;Delantera;Sí;Sí;N/A;N/A;N/A;No;N/A;N/A;No;N/A;N/A;No;Sí;N/A;Sí;N/A;N/A;N/A;N/A;N/A;N/A;N/A;N/A;N/A;N/A;N/A;N/A;N/A;N/A;N/A;N/A;N/A;N/A;N/A;No;N/A;N/A;N/A;N/A;N/A;N/A;N/A;N/A;N/A;N/A;N/A;N/A;N/A;N/A;N/A;N/A;N/A;N/A;N/A;N/A;N/A;N/A;N/A;No;N/A;N/A;N/A;N/A;N/A;N/A;N/A;N/A;N/A;N/A;N/A;N/A;N/A;N/A;N/A;N/A;N/A;N/A;N/A;N/A;N/A;N/A;N/A;N/A;N/A;N/A;N/A;N/A;No;N/A;Sí;No;N/A;Sí;No;N/A;No;N/A;N/A;Sí;Sí;N/A;N/A;Sí;"0800 a 1100 y de 1900 a 2100";4;1.5;Diésel;Manual;N/A;"Autos y camionetas";Sí;N/A;N/A;N/A;No;N/A;N/A;N/A;No;N/A;No;N/A;N/A;N/A;N/A;N/A;N/A;N/A;N/A;N/A;N/A;N/A;N/A;N/A;No;N/A;N/A;N/A;N/A;N/A;N/A;N/A;N/A;N/A;N/A;N/A;N/A;N/A;N/A;N/A;N/A;N/A;N/A;No;N/A;N/A;N/A;N/A;N/A;N/A;N/A;N/A;N/A;N/A;N/A;N/A;N/A;N/A;N/A;N/A;N/A;No;No;N/A;N/A;N/A;N/A;N/A;N/A;N/A;N/A;N/A;N/A;N/A;N/A;N/A;N/A;N/A;N/A;N/A;N/A;N/A;N/A;N/A;N/A;N/A;N/A;N/A;N/A;N/A;N/A;N/A;N/A;N/A;N/A;No;No;Sí;Sí;N/A;No;N/A;N/A;N/A;N/A;No;No;Sí;Sí;N/A;N/A;No;No;Sí;Sí;Sí;No;No;No;No;N/A;Sí
Toyota;Corolla;"1.8 GLI DUAL WTI";2012;"195652 km";;AFERMOC;15300;;;;;Centro;https://auto.mercadolibre.com.uy/MLU-700775508-toyota-corolla-18-gli-dual-wti-_JM;N/A;;"Toyota Corolla 1.8 Gli Dual Wti ";USD;Sí;free;false;N/A;N/A;http://perfil.mercadolibre.com.uy/AFERMOC;active;N/A;N/A;Usado;N/A;N/A;N/A;N/A;N/A;N/A;N/A;N/A;N/A;N/A;N/A;N/A;N/A;N/A;N/A;N/A;N/A;N/A;N/A;N/A;N/A;N/A;N/A;N/A;N/A;N/A;N/A;N/A;N/A;N/A;N/A;N/A;N/A;N/A;N/A;N/A;N/A;N/A;N/A;N/A;N/A;N/A;N/A;N/A;N/A;N/A;N/A;N/A;N/A;N/A;N/A;N/A;N/A;N/A;N/A;N/A;N/A;N/A;N/A;N/A;N/A;N/A;N/A;N/A;N/A;N/A;N/A;N/A;N/A;N/A;N/A;N/A;N/A;N/A;N/A;N/A;N/A;N/A;N/A;N/A;N/A;N/A;N/A;N/A;N/A;N/A;N/A;N/A;N/A;N/A;N/A;N/A;N/A;N/A;N/A;N/A;N/A;N/A;N/A;N/A;N/A;N/A;N/A;N/A;N/A;N/A;N/A;N/A;4;N/A;Nafta;N/A;N/A;"Autos y camionetas";N/A;N/A;N/A;N/A;N/A;N/A;N/A;N/A;N/A;N/A;N/A;N/A;N/A;N/A;N/A;N/A;N/A;N/A;N/A;N/A;N/A;N/A;N/A;N/A;N/A;N/A;N/A;N/A;N/A;N/A;N/A;N/A;N/A;N/A;N/A;N/A;N/A;N/A;N/A;N/A;N/A;N/A;N/A;N/A;N/A;N/A;N/A;N/A;N/A;N/A;N/A;N/A;N/A;N/A;N/A;N/A;N/A;N/A;N/A;N/A;N/A;N/A;N/A;N/A;N/A;N/A;N/A;N/A;N/A;N/A;N/A;N/A;N/A;N/A;N/A;N/A;N/A;N/A;N/A;N/A;N/A;N/A;N/A;N/A;N/A;N/A;N/A;N/A;N/A;N/A;N/A;N/A;N/A;N/A;N/A;N/A;N/A;N/A;N/A;N/A;N/A;N/A;N/A;N/A;N/A;N/A;N/A;N/A;N/A;N/A;N/A;N/A;N/A;N/A;N/A;N/A;N/A;N/A;N/A;N/A;N/A;N/A
Toyota;Etios;"1.5 Sedan X";2017;"350000 km";;FRIPPMELANIE20231003195628;8500;;;;;Aguada;https://auto.mercadolibre.com.uy/MLU-646576085-toyota-etios-15-sedan-x-_JM;N/A;;"Toyota Etios 1.5 Sedan X";usd;Sí;free;false;N/A;N/A;http://perfil.mercadolibre.com.uy/FRIPPMELANIE20231003195628;active;N/A;N/A;Usado;Blanco;No;Eléctrica;Delantera;Sí;N/A;N/A;N/A;N/A;N/A;N/A;N/A;N/A;N/A;N/A;N/A;Sí;N/A;N/A;N/A;N/A;N/A;N/A;N/A;N/A;N/A;N/A;N/A;N/A;"2460 mm";"1.5 L";"45 L";5;N/A;N/A;N/A;N/A;N/A;N/A;N/A;N/A;N/A;N/A;N/A;N/A;N/A;N/A;N/A;N/A;N/A;N/A;N/A;N/A;N/A;N/A;N/A;N/A;N/A;N/A;N/A;N/A;N/A;N/A;N/A;N/A;N/A;N/A;N/A;N/A;N/A;N/A;N/A;N/A;N/A;N/A;N/A;N/A;N/A;"1510 mm";"4265 mm";N/A;N/A;N/A;N/A;5;"90 hp";X;N/A;4;"1695 mm";"13.8 km/l";N/A;N/A;N/A;N/A;N/A;Sí;Sí;N/A;N/A;N/A;"12.4 km/l";N/A;N/A;N/A;N/A;N/A;N/A;4;1.5;Nafta;Manual;Sedán;"Autos y camionetas";N/A;N/A;N/A;N/A;N/A;N/A;UY;N/A;Sí;N/A;N/A;N/A;N/A;N/A;N/A;N/A;N/A;N/A;N/A;N/A;N/A;N/A;N/A;N/A;N/A;N/A;N/A;N/A;N/A;N/A;N/A;N/A;N/A;N/A;N/A;N/A;N/A;N/A;N/A;N/A;N/A;N/A;N/A;N/A;N/A;N/A;N/A;N/A;N/A;N/A;N/A;N/A;N/A;N/A;N/A;N/A;N/A;N/A;N/A;N/A;N/A;N/A;Sí;N/A;N/A;N/A;N/A;N/A;N/A;N/A;N/A;N/A;N/A;N/A;N/A;N/A;N/A;N/A;N/A;N/A;N/A;N/A;N/A;N/A;N/A;N/A;N/A;N/A;N/A;N/A;N/A;N/A;N/A;N/A;N/A;N/A;Sí;N/A;Sí;N/A;Sí;N/A;N/A;N/A;N/A;N/A;N/A;N/A;N/A;N/A;N/A;N/A;N/A;N/A;Sí;Sí;Sí;N/A;N/A;Sí;N/A;Sí
Toyota;Hilux;"2.8 S/cab 4x2 D";2001;"580000 km";;PELE2132716;13800;;;;;Lagomar;https://auto.mercadolibre.com.uy/MLU-646601829-toyota-hilux-2001-28-scab-4x2-d-_JM;N/A;;"Toyota Hilux 2001 2.8 S/cab 4x2 D";usd;No;free;false;N/A;N/A;http://perfil.mercadolibre.com.uy/PELE2132716;active;N/A;N/A;Usado;N/A;N/A;N/A;4x2;Sí;N/A;N/A;N/A;N/A;N/A;N/A;N/A;N/A;N/A;N/A;N/A;N/A;N/A;N/A;N/A;N/A;N/A;N/A;N/A;N/A;N/A;N/A;N/A;N/A;"2860 mm";"2.8 L";"65 L";5;N/A;N/A;N/A;N/A;N/A;N/A;N/A;N/A;N/A;N/A;N/A;N/A;N/A;N/A;N/A;N/A;N/A;N/A;N/A;N/A;N/A;N/A;N/A;N/A;N/A;N/A;N/A;N/A;N/A;N/A;N/A;N/A;N/A;N/A;N/A;N/A;N/A;N/A;N/A;N/A;N/A;N/A;N/A;N/A;N/A;"1805 mm";"4850 mm";N/A;N/A;N/A;N/A;5;"177 hp";N/A;N/A;2;"1630 mm";N/A;N/A;N/A;N/A;N/A;N/A;N/A;N/A;N/A;N/A;N/A;N/A;N/A;N/A;N/A;N/A;N/A;N/A;2;2.8;Diésel;Manual;Pick-Up;"Autos y camionetas";N/A;N/A;N/A;N/A;N/A;N/A;UY;N/A;N/A;N/A;N/A;N/A;N/A;N/A;N/A;N/A;N/A;N/A;N/A;N/A;N/A;N/A;N/A;N/A;N/A;N/A;N/A;N/A;N/A;N/A;N/A;N/A;N/A;N/A;N/A;N/A;N/A;N/A;N/A;N/A;N/A;N/A;N/A;N/A;N/A;N/A;N/A;N/A;N/A;N/A;N/A;N/A;N/A;N/A;N/A;N/A;N/A;N/A;N/A;N/A;N/A;N/A;N/A;N/A;N/A;N/A;N/A;N/A;N/A;N/A;N/A;N/A;N/A;N/A;N/A;N/A;N/A;N/A;N/A;N/A;N/A;N/A;N/A;N/A;N/A;N/A;N/A;N/A;N/A;N/A;N/A;N/A;N/A;N/A;N/A;N/A;N/A;N/A;N/A;N/A;N/A;N/A;N/A;N/A;N/A;N/A;N/A;N/A;N/A;N/A;N/A;N/A;N/A;N/A;Sí;N/A;N/A;N/A;N/A;N/A;N/A;N/A
Toyota;Hilux;"2.7 Cd Srv Vvti 4x4 Cuero";2013;"129500 km";;"PATCHKA BALLET";20500;;;;;Cordón;https://auto.mercadolibre.com.uy/MLU-701820432-toyota-hilux-2013-27-cd-srv-vvti-4x4-cuero-_JM;N/A;;"Toyota Hilux 2013 2.7 Cd Srv Vvti 4x4 Cuero";usd;Sí;free;false;N/A;N/A;http://perfil.mercadolibre.com.uy/PATCHKA+BALLET;active;N/A;N/A;Usado;N/A;N/A;Hidráulica;4x4;Sí;N/A;Sí;N/A;N/A;N/A;N/A;N/A;Sí;Sí;N/A;N/A;N/A;N/A;N/A;N/A;N/A;N/A;N/A;N/A;N/A;N/A;N/A;N/A;N/A;"2860 mm";"2.7 L";"80 L";5;N/A;N/A;N/A;N/A;N/A;N/A;N/A;N/A;N/A;N/A;N/A;N/A;N/A;N/A;N/A;N/A;N/A;N/A;N/A;N/A;N/A;N/A;N/A;N/A;N/A;N/A;N/A;N/A;N/A;N/A;N/A;N/A;N/A;Sí;Sí;N/A;N/A;N/A;N/A;N/A;N/A;N/A;N/A;N/A;N/A;"1860 mm";"5260 mm";N/A;N/A;N/A;N/A;5;"160 hp";Srv;N/A;4;"1855 mm";N/A;N/A;N/A;N/A;Sí;N/A;N/A;Sí;N/A;N/A;N/A;N/A;N/A;N/A;N/A;N/A;N/A;N/A;4;2.7;Nafta;Manual;Pick-Up;"Autos y camionetas";N/A;N/A;N/A;N/A;N/A;N/A;UY;N/A;N/A;N/A;N/A;N/A;N/A;N/A;N/A;N/A;N/A;N/A;N/A;N/A;N/A;N/A;N/A;N/A;N/A;N/A;N/A;N/A;N/A;N/A;N/A;N/A;N/A;N/A;N/A;N/A;N/A;N/A;N/A;N/A;N/A;N/A;N/A;N/A;N/A;N/A;N/A;N/A;N/A;N/A;N/A;N/A;N/A;N/A;N/A;N/A;N/A;N/A;N/A;N/A;N/A;N/A;N/A;N/A;N/A;N/A;N/A;N/A;N/A;N/A;N/A;N/A;N/A;N/A;N/A;N/A;N/A;N/A;N/A;N/A;N/A;N/A;N/A;N/A;N/A;N/A;N/A;N/A;N/A;N/A;N/A;N/A;N/A;N/A;N/A;N/A;N/A;N/A;N/A;N/A;N/A;N/A;N/A;N/A;N/A;N/A;N/A;N/A;N/A;N/A;N/A;N/A;Sí;N/A;Sí;N/A;N/A;N/A;N/A;Sí;N/A;N/A
Toyota;Hilux;"2.7 D.cab. Srv 4x4";2022;"35000 km";;"STEF D";41800;;;;;Aguada;https://auto.mercadolibre.com.uy/MLU-698215806-toyota-hilux-27-dcab-srv-4x4-_JM;N/A;;"Toyota Hilux 2.7 D.cab. Srv 4x4";usd;Sí;free;false;N/A;N/A;http://perfil.mercadolibre.com.uy/STEF+D;active;N/A;N/A;Usado;Plateado;Sí;Hidráulica;4x4;Sí;Sí;Sí;N/A;N/A;Sí;N/A;N/A;N/A;N/A;N/A;Sí;Sí;N/A;N/A;N/A;N/A;N/A;N/A;N/A;N/A;N/A;N/A;N/A;N/A;"2860 mm";"2.7 L";"80 L";5;N/A;N/A;N/A;N/A;N/A;Sí;N/A;N/A;N/A;Sí;N/A;N/A;N/A;N/A;N/A;N/A;N/A;N/A;N/A;N/A;N/A;N/A;N/A;N/A;N/A;N/A;N/A;N/A;N/A;N/A;N/A;N/A;N/A;Sí;N/A;N/A;N/A;N/A;N/A;N/A;N/A;N/A;N/A;N/A;N/A;"1850 mm";"5260 mm";N/A;N/A;N/A;N/A;5;"177 hp";Srv;N/A;2;"1855 mm";N/A;Sí;N/A;Sí;Sí;N/A;Sí;Sí;N/A;N/A;N/A;N/A;Sí;N/A;N/A;N/A;N/A;N/A;4;2.7;Nafta;Manual;Pick-Up;"Autos y camionetas";N/A;N/A;N/A;N/A;N/A;N/A;UY;N/A;N/A;N/A;N/A;N/A;N/A;N/A;N/A;N/A;N/A;N/A;N/A;N/A;N/A;N/A;N/A;N/A;Sí;N/A;N/A;N/A;N/A;N/A;N/A;N/A;N/A;N/A;N/A;N/A;N/A;N/A;N/A;N/A;N/A;N/A;N/A;Sí;N/A;N/A;N/A;N/A;N/A;N/A;N/A;N/A;N/A;N/A;N/A;N/A;N/A;N/A;N/A;N/A;N/A;N/A;N/A;N/A;N/A;N/A;N/A;N/A;N/A;N/A;N/A;N/A;N/A;N/A;N/A;N/A;N/A;N/A;N/A;N/A;N/A;N/A;N/A;N/A;N/A;N/A;N/A;N/A;N/A;N/A;N/A;N/A;N/A;N/A;N/A;N/A;Sí;Sí;Sí;N/A;Sí;N/A;N/A;N/A;N/A;Sí;Sí;Sí;Sí;N/A;N/A;Sí;Sí;Sí;Sí;Sí;Sí;Sí;Sí;Sí;N/A;Sí
Toyota;Hilux;"Hilux 2.7 vvt-i";2011;"124900 km";;PETTCAN;20800;;;;;"Barros Blancos";https://auto.mercadolibre.com.uy/MLU-701710450-toyota-hilux-hilux-27-vvt-i-naft-_JM;N/A;;"Toyota Hilux Hilux 2.7 Vvt-i Naft";USD;Sí;free;false;N/A;N/A;http://perfil.mercadolibre.com.uy/PETTCAN;active;N/A;N/A;Usado;N/A;N/A;N/A;N/A;N/A;N/A;N/A;N/A;N/A;N/A;N/A;N/A;N/A;N/A;N/A;N/A;N/A;N/A;N/A;N/A;N/A;N/A;N/A;N/A;N/A;N/A;N/A;N/A;N/A;N/A;N/A;N/A;N/A;N/A;N/A;N/A;N/A;N/A;N/A;N/A;N/A;N/A;N/A;N/A;N/A;N/A;N/A;N/A;N/A;N/A;N/A;N/A;N/A;N/A;N/A;N/A;N/A;N/A;N/A;N/A;N/A;N/A;N/A;N/A;N/A;N/A;N/A;N/A;N/A;N/A;N/A;N/A;N/A;N/A;N/A;N/A;N/A;N/A;N/A;N/A;N/A;N/A;N/A;N/A;N/A;N/A;N/A;N/A;N/A;N/A;N/A;N/A;N/A;N/A;N/A;N/A;N/A;N/A;N/A;N/A;N/A;N/A;N/A;N/A;N/A;N/A;N/A;N/A;4;N/A;Nafta;N/A;N/A;"Autos y camionetas";N/A;N/A;N/A;N/A;N/A;N/A;N/A;N/A;N/A;N/A;N/A;N/A;N/A;N/A;N/A;N/A;N/A;N/A;N/A;N/A;N/A;N/A;N/A;N/A;N/A;N/A;N/A;N/A;N/A;N/A;N/A;N/A;N/A;N/A;N/A;N/A;N/A;N/A;N/A;N/A;N/A;N/A;N/A;N/A;N/A;N/A;N/A;N/A;N/A;N/A;N/A;N/A;N/A;N/A;N/A;N/A;N/A;N/A;N/A;N/A;N/A;N/A;N/A;N/A;N/A;N/A;N/A;N/A;N/A;N/A;N/A;N/A;N/A;N/A;N/A;N/A;N/A;N/A;N/A;N/A;N/A;N/A;N/A;N/A;N/A;N/A;N/A;N/A;N/A;N/A;N/A;N/A;N/A;N/A;N/A;N/A;N/A;N/A;N/A;N/A;N/A;N/A;N/A;N/A;N/A;N/A;N/A;N/A;N/A;N/A;N/A;N/A;N/A;N/A;N/A;N/A;N/A;N/A;N/A;N/A;N/A;N/A
Toyota;Hilux;"3.0 Tdi Sr Cab Doble 4x2 Doble Airbag";2008;"405000 km";;JUANPAXL6;26500;;;;;Rivera;https://auto.mercadolibre.com.uy/MLU-699858368-toyota-hilux-2008-30-tdi-sr-cab-doble-4x2-doble-airbag-_JM;N/A;;"Toyota Hilux 2008 3.0 Tdi Sr Cab Doble 4x2 Doble Airbag";usd;Sí;free;false;N/A;N/A;http://perfil.mercadolibre.com.uy/JUANPAXL6;active;N/A;N/A;Usado;N/A;N/A;Hidráulica;4x2;Sí;N/A;Sí;N/A;N/A;N/A;N/A;N/A;N/A;N/A;N/A;N/A;N/A;N/A;N/A;N/A;N/A;N/A;N/A;N/A;N/A;N/A;N/A;N/A;N/A;"2860 mm";"3 L";"80 L";5;N/A;N/A;N/A;N/A;N/A;N/A;N/A;N/A;N/A;N/A;N/A;N/A;N/A;N/A;N/A;N/A;N/A;N/A;N/A;N/A;N/A;N/A;N/A;N/A;N/A;N/A;N/A;N/A;N/A;N/A;N/A;N/A;N/A;N/A;N/A;N/A;N/A;N/A;N/A;N/A;N/A;N/A;N/A;N/A;N/A;"1820 mm";"5255 mm";N/A;N/A;N/A;N/A;5;"163 hp";Sr;N/A;4;"1855 mm";N/A;N/A;N/A;N/A;N/A;N/A;N/A;N/A;N/A;N/A;N/A;N/A;N/A;N/A;N/A;N/A;N/A;N/A;4;3.0;Diésel;Manual;Pick-Up;"Autos y camionetas";N/A;N/A;N/A;N/A;N/A;N/A;UY;N/A;N/A;N/A;N/A;N/A;N/A;N/A;N/A;N/A;N/A;N/A;N/A;N/A;N/A;N/A;N/A;N/A;N/A;N/A;N/A;N/A;N/A;N/A;N/A;N/A;N/A;N/A;N/A;N/A;N/A;N/A;N/A;N/A;N/A;N/A;N/A;N/A;N/A;N/A;N/A;N/A;N/A;N/A;N/A;N/A;N/A;N/A;N/A;N/A;N/A;N/A;N/A;N/A;N/A;N/A;N/A;N/A;N/A;N/A;N/A;N/A;N/A;N/A;N/A;N/A;N/A;N/A;N/A;N/A;N/A;N/A;N/A;N/A;N/A;N/A;N/A;N/A;N/A;N/A;N/A;N/A;N/A;N/A;N/A;N/A;N/A;N/A;N/A;N/A;N/A;N/A;N/A;N/A;N/A;N/A;N/A;N/A;N/A;N/A;N/A;N/A;N/A;N/A;N/A;N/A;N/A;N/A;Sí;N/A;N/A;N/A;N/A;N/A;N/A;N/A
Toyota;Corolla;"2.0 Diésel";1995;"1000 km";;COEN3694237;7000;;;;;Young;https://auto.mercadolibre.com.uy/MLU-701790508-impecable-de-mecanica-el-resto-bien-a-toda-prueba-_JM;N/A;;"Impecable De Mecánica, El Resto Bien, A Toda Prueba";USD;No;free;false;N/A;N/A;http://perfil.mercadolibre.com.uy/COEN3694237;active;N/A;N/A;Usado;Gris;N/A;N/A;N/A;N/A;N/A;N/A;N/A;N/A;N/A;N/A;N/A;N/A;N/A;N/A;N/A;N/A;N/A;N/A;N/A;N/A;N/A;N/A;N/A;N/A;N/A;N/A;N/A;N/A;N/A;N/A;N/A;N/A;N/A;N/A;N/A;N/A;N/A;N/A;N/A;N/A;N/A;N/A;N/A;N/A;N/A;N/A;N/A;N/A;N/A;N/A;N/A;N/A;N/A;N/A;N/A;N/A;N/A;N/A;N/A;N/A;N/A;N/A;N/A;N/A;N/A;N/A;N/A;N/A;N/A;N/A;N/A;N/A;N/A;N/A;N/A;N/A;N/A;N/A;N/A;N/A;N/A;N/A;N/A;N/A;N/A;N/A;N/A;N/A;N/A;N/A;N/A;N/A;N/A;N/A;N/A;N/A;N/A;N/A;N/A;N/A;N/A;N/A;N/A;N/A;N/A;N/A;N/A;4;N/A;Diésel;N/A;N/A;"Autos y camionetas";N/A;N/A;N/A;N/A;N/A;N/A;N/A;N/A;N/A;N/A;N/A;N/A;N/A;N/A;N/A;N/A;N/A;N/A;N/A;N/A;N/A;N/A;N/A;N/A;N/A;N/A;N/A;N/A;N/A;N/A;N/A;N/A;N/A;N/A;N/A;N/A;N/A;N/A;N/A;N/A;N/A;N/A;N/A;N/A;N/A;N/A;N/A;N/A;N/A;N/A;N/A;N/A;N/A;N/A;N/A;N/A;N/A;N/A;N/A;N/A;N/A;N/A;N/A;N/A;N/A;N/A;N/A;N/A;N/A;N/A;N/A;N/A;N/A;N/A;N/A;N/A;N/A;N/A;N/A;N/A;N/A;N/A;N/A;N/A;N/A;N/A;N/A;N/A;N/A;N/A;N/A;N/A;N/A;N/A;N/A;N/A;N/A;N/A;N/A;N/A;N/A;N/A;N/A;N/A;N/A;N/A;N/A;N/A;N/A;N/A;N/A;N/A;N/A;N/A;N/A;N/A;N/A;N/A;N/A;N/A;N/A;N/A
Toyota;Corolla;"1.6 Xli";1997;"175000 km";;SCMA191229;9500;;;;;Pando;https://auto.mercadolibre.com.uy/MLU-701176600-toyota-corolla-16-xli-_JM;N/A;;"Toyota Corolla 1.6 Xli";usd;No;free;false;N/A;N/A;http://perfil.mercadolibre.com.uy/SCMA191229;active;N/A;N/A;Usado;Gris;N/A;Hidráulica;Delantera;Sí;Sí;N/A;N/A;N/A;No;N/A;N/A;No;N/A;N/A;No;Sí;N/A;Sí;N/A;N/A;N/A;N/A;N/A;N/A;N/A;N/A;N/A;N/A;"2465 mm";"1.6 L";"50 L";5;N/A;N/A;N/A;N/A;N/A;Sí;N/A;N/A;N/A;N/A;N/A;N/A;N/A;N/A;N/A;N/A;N/A;N/A;N/A;N/A;N/A;N/A;N/A;N/A;N/A;N/A;N/A;N/A;N/A;No;N/A;N/A;N/A;N/A;N/A;N/A;N/A;N/A;N/A;N/A;N/A;N/A;N/A;N/A;N/A;"1385 mm";"4295 mm";N/A;N/A;N/A;N/A;5;"110 hp";Xli;N/A;4;"1690 mm";"9 km/l";N/A;N/A;No;Sí;N/A;Sí;N/A;N/A;No;N/A;N/A;No;No;N/A;N/A;No;N/A;4;1.6;Nafta;Manual;Sedán;"Autos y camionetas";Sí;N/A;N/A;N/A;N/A;N/A;UY;N/A;Sí;N/A;N/A;N/A;N/A;N/A;N/A;N/A;N/A;N/A;N/A;N/A;N/A;N/A;N/A;N/A;Sí;N/A;N/A;N/A;N/A;N/A;N/A;N/A;N/A;N/A;N/A;N/A;N/A;N/A;N/A;N/A;N/A;N/A;N/A;N/A;N/A;N/A;N/A;N/A;N/A;N/A;N/A;N/A;N/A;N/A;N/A;N/A;N/A;N/A;N/A;N/A;N/A;N/A;N/A;N/A;N/A;N/A;N/A;N/A;N/A;N/A;N/A;N/A;N/A;N/A;N/A;N/A;N/A;N/A;N/A;N/A;N/A;N/A;N/A;N/A;N/A;N/A;N/A;N/A;N/A;N/A;N/A;N/A;N/A;N/A;N/A;No;Sí;Sí;No;N/A;No;N/A;N/A;N/A;N/A;No;No;Sí;Sí;N/A;N/A;No;No;Sí;Sí;Sí;Sí;No;No;No;N/A;Sí
Toyota;Hilux;"3.0 D/cab 4x4 Srv Lim P/4";2007;"439235 km";;CAMA20240514134731;19500;;;;;N/A;https://auto.mercadolibre.com.uy/MLU-700801208-toyota-hilux-30-dcab-4x4-srv-lim-p4-_JM;N/A;;"Toyota Hilux 3.0 D/cab 4x4 Srv Lim P/4";usd;No;free;false;N/A;N/A;http://perfil.mercadolibre.com.uy/CAMA20240514134731;active;N/A;N/A;Usado;Violeta;Sí;Mecánica;4x2;Sí;N/A;N/A;N/A;N/A;N/A;N/A;N/A;N/A;N/A;N/A;N/A;N/A;N/A;N/A;N/A;N/A;N/A;N/A;N/A;N/A;N/A;N/A;N/A;N/A;"2860 mm";"3 L";"65 L";5;N/A;N/A;N/A;N/A;N/A;N/A;N/A;N/A;N/A;N/A;N/A;N/A;N/A;N/A;N/A;N/A;N/A;N/A;N/A;N/A;N/A;N/A;N/A;N/A;N/A;N/A;N/A;N/A;N/A;N/A;N/A;N/A;N/A;N/A;N/A;N/A;N/A;N/A;N/A;N/A;N/A;N/A;N/A;N/A;N/A;"1730 mm";"4895 mm";N/A;N/A;N/A;N/A;3;"125 hp";Srv;N/A;2;"1690 mm";N/A;No;N/A;N/A;N/A;N/A;Sí;N/A;N/A;N/A;N/A;N/A;N/A;N/A;N/A;N/A;N/A;"Lunes a domingo 6:00 a 00:00";4;2.3;Diésel;Manual;Pick-Up;"Autos y camionetas";N/A;N/A;N/A;N/A;N/A;N/A;UY;N/A;N/A;N/A;N/A;N/A;N/A;N/A;N/A;N/A;N/A;N/A;N/A;N/A;N/A;N/A;N/A;N/A;N/A;N/A;N/A;N/A;N/A;N/A;N/A;N/A;N/A;N/A;N/A;N/A;N/A;N/A;N/A;N/A;N/A;N/A;N/A;N/A;N/A;N/A;N/A;N/A;N/A;N/A;N/A;N/A;N/A;N/A;N/A;N/A;N/A;N/A;N/A;N/A;N/A;N/A;N/A;N/A;N/A;N/A;N/A;N/A;N/A;N/A;N/A;N/A;N/A;N/A;N/A;N/A;N/A;N/A;N/A;N/A;N/A;N/A;N/A;N/A;N/A;N/A;N/A;N/A;N/A;N/A;N/A;N/A;N/A;N/A;N/A;N/A;N/A;N/A;N/A;N/A;N/A;N/A;N/A;N/A;N/A;N/A;N/A;N/A;N/A;N/A;N/A;N/A;N/A;N/A;Sí;N/A;N/A;N/A;N/A;N/A;N/A;N/A
Toyota;"Yaris Hatch";"1.5 Xls Cvt Hatch";2023;"13000 km";;PPRADA2006;22000;;;;;"Parque Batlle";https://auto.mercadolibre.com.uy/MLU-700546430-toyota-yaris-hatch-2023-15-xls-cvt-hatch-_JM;N/A;;"Toyota Yaris Hatch 2023 1.5 Xls Cvt Hatch";usd;Sí;free;false;N/A;N/A;http://perfil.mercadolibre.com.uy/PPRADA2006;active;N/A;N/A;Usado;N/A;N/A;Hidráulica;Delantera;Sí;N/A;N/A;N/A;N/A;N/A;N/A;N/A;N/A;N/A;N/A;N/A;N/A;N/A;N/A;N/A;N/A;N/A;N/A;N/A;N/A;N/A;N/A;N/A;N/A;"2550 mm";"1.5 L";"42 L";N/A;N/A;N/A;N/A;N/A;N/A;N/A;N/A;N/A;N/A;N/A;N/A;N/A;N/A;N/A;N/A;N/A;N/A;N/A;N/A;N/A;N/A;N/A;N/A;N/A;N/A;N/A;N/A;N/A;N/A;N/A;N/A;N/A;N/A;Sí;Sí;N/A;N/A;N/A;N/A;N/A;N/A;N/A;N/A;N/A;N/A;"1475 mm";"4410 mm";N/A;N/A;N/A;N/A;5;"107 hp";N/A;N/A;4;"1700 mm";N/A;N/A;N/A;N/A;N/A;N/A;N/A;N/A;N/A;N/A;N/A;N/A;N/A;N/A;N/A;N/A;N/A;N/A;5;1.5;Nafta;Automática;Hatchback;"Autos y camionetas";N/A;N/A;N/A;N/A;N/A;N/A;UY;N/A;N/A;N/A;N/A;N/A;N/A;N/A;N/A;N/A;N/A;N/A;N/A;N/A;N/A;N/A;N/A;N/A;N/A;N/A;N/A;N/A;N/A;N/A;N/A;N/A;N/A;N/A;N/A;N/A;N/A;N/A;N/A;N/A;N/A;N/A;N/A;N/A;N/A;N/A;N/A;N/A;N/A;N/A;N/A;N/A;N/A;N/A;N/A;N/A;N/A;N/A;N/A;N/A;N/A;N/A;N/A;N/A;N/A;N/A;N/A;N/A;N/A;N/A;N/A;N/A;N/A;N/A;N/A;N/A;N/A;N/A;N/A;N/A;N/A;N/A;N/A;N/A;N/A;N/A;N/A;N/A;N/A;N/A;N/A;N/A;N/A;N/A;N/A;N/A;N/A;N/A;N/A;N/A;N/A;N/A;N/A;N/A;N/A;N/A;N/A;N/A;N/A;N/A;N/A;N/A;N/A;N/A;Sí;N/A;N/A;N/A;N/A;Sí;N/A;Sí
Toyota;Hilux;"2.7 Sr nafta 4x4";2016;"173000 km";;URCHOEGUIANICOLAS2022040719460;27500;;;;;Salto;https://auto.mercadolibre.com.uy/MLU-699719994-toyota-hilux-27-sr-nafta-4x4-_JM;N/A;;"Toyota Hilux 2.7 Sr Nafta 4x4";usd;Sí;free;false;N/A;N/A;http://perfil.mercadolibre.com.uy/URCHOEGUIANICOLAS2022040719460;active;N/A;N/A;Usado;N/A;N/A;Hidráulica;4x4;Sí;N/A;Sí;N/A;N/A;N/A;N/A;N/A;N/A;N/A;N/A;N/A;N/A;N/A;N/A;N/A;N/A;N/A;N/A;N/A;N/A;N/A;N/A;N/A;N/A;"2860 mm";"2.7 L";"80 L";5;N/A;N/A;N/A;N/A;N/A;N/A;N/A;N/A;N/A;N/A;N/A;N/A;N/A;N/A;N/A;N/A;N/A;N/A;N/A;N/A;N/A;N/A;N/A;N/A;N/A;N/A;N/A;N/A;N/A;N/A;N/A;N/A;N/A;N/A;N/A;N/A;N/A;N/A;N/A;N/A;N/A;N/A;N/A;N/A;N/A;"1860 mm";"5260 mm";N/A;N/A;N/A;N/A;5;"160 hp";Srv;N/A;4;"1855 mm";N/A;Sí;N/A;N/A;N/A;N/A;N/A;N/A;N/A;N/A;N/A;N/A;N/A;N/A;N/A;N/A;N/A;N/A;5;2.7;Nafta;Manual;Pick-Up;"Autos y camionetas";N/A;N/A;N/A;N/A;N/A;N/A;UY;N/A;N/A;N/A;N/A;N/A;N/A;N/A;N/A;N/A;N/A;N/A;N/A;N/A;N/A;N/A;N/A;N/A;N/A;N/A;N/A;N/A;N/A;N/A;N/A;N/A;N/A;N/A;N/A;N/A;N/A;N/A;N/A;N/A;N/A;N/A;N/A;N/A;N/A;N/A;N/A;N/A;N/A;N/A;N/A;N/A;N/A;N/A;N/A;N/A;N/A;N/A;N/A;N/A;N/A;N/A;N/A;N/A;N/A;N/A;N/A;N/A;N/A;N/A;N/A;N/A;N/A;N/A;N/A;N/A;N/A;N/A;N/A;N/A;N/A;N/A;N/A;N/A;N/A;N/A;N/A;N/A;N/A;N/A;N/A;N/A;N/A;N/A;N/A;N/A;N/A;N/A;N/A;N/A;N/A;N/A;N/A;N/A;N/A;N/A;N/A;N/A;N/A;N/A;N/A;N/A;Sí;N/A;Sí;N/A;N/A;N/A;Sí;Sí;N/A;N/A
Toyota;Corolla;"1.8 Gli";2010;"200000 km";;ALFONSOMATIAS20230102150453;12000;;;;;Casupa;https://auto.mercadolibre.com.uy/MLU-646724117-toyota-corolla-18-gli-_JM;N/A;;"Toyota Corolla 1.8 Gli";usd;Sí;free;false;N/A;N/A;http://perfil.mercadolibre.com.uy/ALFONSOMATIAS20230102150453;active;N/A;N/A;Usado;N/A;N/A;Eléctrica;Delantera;Sí;N/A;Sí;N/A;N/A;N/A;N/A;N/A;N/A;N/A;N/A;N/A;N/A;N/A;N/A;N/A;N/A;N/A;N/A;N/A;N/A;N/A;N/A;N/A;N/A;"2600 mm";"1.8 L";"55 L";5;N/A;N/A;N/A;N/A;N/A;N/A;N/A;N/A;N/A;N/A;N/A;N/A;N/A;N/A;N/A;N/A;N/A;N/A;N/A;N/A;N/A;N/A;N/A;N/A;N/A;N/A;N/A;N/A;N/A;N/A;N/A;N/A;N/A;N/A;N/A;N/A;N/A;N/A;N/A;N/A;N/A;N/A;N/A;N/A;N/A;"1485 mm";"4530 mm";N/A;N/A;N/A;N/A;5;"136 hp";Xli;N/A;4;"1760 mm";"13.5 km/l";N/A;N/A;N/A;N/A;N/A;N/A;Sí;N/A;N/A;N/A;N/A;N/A;N/A;N/A;N/A;N/A;N/A;4;1.8;Nafta;Manual;Sedán;"Autos y camionetas";N/A;N/A;N/A;N/A;N/A;N/A;UY;N/A;N/A;N/A;N/A;N/A;N/A;N/A;N/A;N/A;N/A;N/A;N/A;N/A;N/A;N/A;N/A;N/A;N/A;N/A;N/A;N/A;N/A;N/A;N/A;N/A;N/A;N/A;N/A;N/A;N/A;N/A;N/A;N/A;N/A;N/A;N/A;N/A;N/A;N/A;N/A;N/A;N/A;N/A;N/A;N/A;N/A;N/A;N/A;N/A;N/A;N/A;N/A;N/A;N/A;N/A;N/A;N/A;N/A;N/A;N/A;N/A;N/A;N/A;N/A;N/A;N/A;N/A;N/A;N/A;N/A;N/A;N/A;N/A;N/A;N/A;N/A;N/A;N/A;N/A;N/A;N/A;N/A;N/A;N/A;N/A;N/A;N/A;N/A;N/A;N/A;N/A;N/A;N/A;N/A;N/A;N/A;N/A;N/A;N/A;N/A;N/A;N/A;N/A;N/A;N/A;N/A;N/A;Sí;N/A;N/A;N/A;N/A;N/A;N/A;N/A
Toyota;Lexus;Full;1999;"280000 km";;ROCA4937684;9000;;;;;Unión;https://auto.mercadolibre.com.uy/MLU-646396671-toyota-lexus-full-_JM;N/A;;"Toyota  Lexus  Full";USD;No;free;false;N/A;N/A;http://perfil.mercadolibre.com.uy/ROCA4937684;active;N/A;N/A;Usado;N/A;N/A;N/A;N/A;N/A;N/A;N/A;N/A;N/A;N/A;N/A;N/A;N/A;N/A;N/A;N/A;N/A;N/A;N/A;N/A;N/A;N/A;N/A;N/A;N/A;N/A;N/A;N/A;N/A;N/A;N/A;N/A;N/A;N/A;N/A;N/A;N/A;N/A;N/A;N/A;N/A;N/A;N/A;N/A;N/A;N/A;N/A;N/A;N/A;N/A;N/A;N/A;N/A;N/A;N/A;N/A;N/A;N/A;N/A;N/A;N/A;N/A;N/A;N/A;N/A;N/A;N/A;N/A;N/A;N/A;N/A;N/A;N/A;N/A;N/A;N/A;N/A;N/A;N/A;N/A;N/A;N/A;N/A;N/A;N/A;N/A;N/A;N/A;N/A;N/A;N/A;N/A;N/A;N/A;N/A;N/A;N/A;N/A;N/A;N/A;N/A;N/A;N/A;N/A;N/A;N/A;N/A;N/A;4;N/A;Nafta;N/A;N/A;"Autos y camionetas";N/A;N/A;N/A;N/A;N/A;N/A;N/A;N/A;N/A;N/A;N/A;N/A;N/A;N/A;N/A;N/A;N/A;N/A;N/A;N/A;N/A;N/A;N/A;N/A;N/A;N/A;N/A;N/A;N/A;N/A;N/A;N/A;N/A;N/A;N/A;N/A;N/A;N/A;N/A;N/A;N/A;N/A;N/A;N/A;N/A;N/A;N/A;N/A;N/A;N/A;N/A;N/A;N/A;N/A;N/A;N/A;N/A;N/A;N/A;N/A;N/A;N/A;N/A;N/A;N/A;N/A;N/A;N/A;N/A;N/A;N/A;N/A;N/A;N/A;N/A;N/A;N/A;N/A;N/A;N/A;N/A;N/A;N/A;N/A;N/A;N/A;N/A;N/A;N/A;N/A;N/A;N/A;N/A;N/A;N/A;N/A;N/A;N/A;N/A;N/A;N/A;N/A;N/A;N/A;N/A;N/A;N/A;N/A;N/A;N/A;N/A;N/A;N/A;N/A;N/A;N/A;N/A;N/A;N/A;N/A;N/A;N/A
Toyota;Tercel;1.3cc;1999;"255000 km";;MFBF1;5300;;;;;"Nueva Helvecia";https://auto.mercadolibre.com.uy/MLU-701580488-toyota-tercel-13cc-_JM;N/A;;"Toyota Tercel 1.3cc";USD;No;free;false;N/A;N/A;http://perfil.mercadolibre.com.uy/MFBF1;active;N/A;N/A;Usado;N/A;N/A;N/A;N/A;N/A;N/A;N/A;N/A;N/A;N/A;N/A;N/A;N/A;N/A;N/A;N/A;N/A;N/A;N/A;N/A;N/A;N/A;N/A;N/A;N/A;N/A;N/A;N/A;N/A;N/A;N/A;N/A;N/A;N/A;N/A;N/A;N/A;N/A;N/A;N/A;N/A;N/A;N/A;N/A;N/A;N/A;N/A;N/A;N/A;N/A;N/A;N/A;N/A;N/A;N/A;N/A;N/A;N/A;N/A;N/A;N/A;N/A;N/A;N/A;N/A;N/A;N/A;N/A;N/A;N/A;N/A;N/A;N/A;N/A;N/A;N/A;N/A;N/A;N/A;N/A;N/A;N/A;N/A;N/A;N/A;N/A;N/A;N/A;N/A;N/A;N/A;N/A;N/A;N/A;N/A;N/A;N/A;N/A;N/A;N/A;N/A;N/A;N/A;N/A;N/A;N/A;N/A;N/A;4;N/A;Nafta;N/A;N/A;"Autos y camionetas";N/A;N/A;N/A;N/A;N/A;N/A;N/A;N/A;N/A;N/A;N/A;N/A;N/A;N/A;N/A;N/A;N/A;N/A;N/A;N/A;N/A;N/A;N/A;N/A;N/A;N/A;N/A;N/A;N/A;N/A;N/A;N/A;N/A;N/A;N/A;N/A;N/A;N/A;N/A;N/A;N/A;N/A;N/A;N/A;N/A;N/A;N/A;N/A;N/A;N/A;N/A;N/A;N/A;N/A;N/A;N/A;N/A;N/A;N/A;N/A;N/A;N/A;N/A;N/A;N/A;N/A;N/A;N/A;N/A;N/A;N/A;N/A;N/A;N/A;N/A;N/A;N/A;N/A;N/A;N/A;N/A;N/A;N/A;N/A;N/A;N/A;N/A;N/A;N/A;N/A;N/A;N/A;N/A;N/A;N/A;N/A;N/A;N/A;N/A;N/A;N/A;N/A;N/A;N/A;N/A;N/A;N/A;N/A;N/A;N/A;N/A;N/A;N/A;N/A;N/A;N/A;N/A;N/A;N/A;N/A;N/A;N/A
Toyota;Hilux;Srv;2009;"310000 km";;GABYBLANQUITO;27500;;;;;"Las Piedras";https://auto.mercadolibre.com.uy/MLU-645988037-toyota-hilux-srv-_JM;N/A;;"Toyota Hilux Srv";USD;Sí;free;false;N/A;N/A;http://perfil.mercadolibre.com.uy/GABYBLANQUITO;active;N/A;N/A;Usado;N/A;N/A;N/A;N/A;N/A;N/A;N/A;N/A;N/A;N/A;N/A;N/A;N/A;N/A;N/A;N/A;N/A;N/A;N/A;N/A;N/A;N/A;N/A;N/A;N/A;N/A;N/A;N/A;N/A;N/A;N/A;N/A;N/A;N/A;N/A;N/A;N/A;N/A;N/A;N/A;N/A;N/A;N/A;N/A;N/A;N/A;N/A;N/A;N/A;N/A;N/A;N/A;N/A;N/A;N/A;N/A;N/A;N/A;N/A;N/A;N/A;N/A;N/A;N/A;N/A;N/A;N/A;N/A;N/A;N/A;N/A;N/A;N/A;N/A;N/A;N/A;N/A;N/A;N/A;N/A;N/A;N/A;N/A;N/A;N/A;N/A;N/A;N/A;N/A;N/A;N/A;N/A;N/A;N/A;N/A;N/A;N/A;N/A;N/A;N/A;N/A;N/A;N/A;N/A;N/A;N/A;N/A;N/A;4;N/A;Diésel;N/A;N/A;"Autos y camionetas";N/A;N/A;N/A;N/A;N/A;N/A;N/A;N/A;N/A;N/A;N/A;N/A;N/A;N/A;N/A;N/A;N/A;N/A;N/A;N/A;N/A;N/A;N/A;N/A;N/A;N/A;N/A;N/A;N/A;N/A;N/A;N/A;N/A;N/A;N/A;N/A;N/A;N/A;N/A;N/A;N/A;N/A;N/A;N/A;N/A;N/A;N/A;N/A;N/A;N/A;N/A;N/A;N/A;N/A;N/A;N/A;N/A;N/A;N/A;N/A;N/A;N/A;N/A;N/A;N/A;N/A;N/A;N/A;N/A;N/A;N/A;N/A;N/A;N/A;N/A;N/A;N/A;N/A;N/A;N/A;N/A;N/A;N/A;N/A;N/A;N/A;N/A;N/A;N/A;N/A;N/A;N/A;N/A;N/A;N/A;N/A;N/A;N/A;N/A;N/A;N/A;N/A;N/A;N/A;N/A;N/A;N/A;N/A;N/A;N/A;N/A;N/A;N/A;N/A;N/A;N/A;N/A;N/A;N/A;N/A;N/A;N/A
Toyota;Previa;Minivan;1999;"260000 km";;MARCELOPRADINI;6000;;;;;Belvedere;https://auto.mercadolibre.com.uy/MLU-646117851-toyota-previa-minivan-_JM;N/A;;"Toyota Previa Minivan ";USD;No;free;false;N/A;N/A;http://perfil.mercadolibre.com.uy/MARCELOPRADINI;active;N/A;N/A;Usado;N/A;N/A;N/A;N/A;N/A;N/A;N/A;N/A;N/A;N/A;N/A;N/A;N/A;N/A;N/A;N/A;N/A;N/A;N/A;N/A;N/A;N/A;N/A;N/A;N/A;N/A;N/A;N/A;N/A;N/A;N/A;N/A;N/A;N/A;N/A;N/A;N/A;N/A;N/A;N/A;N/A;N/A;N/A;N/A;N/A;N/A;N/A;N/A;N/A;N/A;N/A;N/A;N/A;N/A;N/A;N/A;N/A;N/A;N/A;N/A;N/A;N/A;N/A;N/A;N/A;N/A;N/A;N/A;N/A;N/A;N/A;N/A;N/A;N/A;N/A;N/A;N/A;N/A;N/A;N/A;N/A;N/A;N/A;N/A;N/A;N/A;N/A;N/A;N/A;N/A;N/A;N/A;N/A;N/A;N/A;N/A;N/A;N/A;N/A;N/A;N/A;N/A;N/A;N/A;N/A;N/A;N/A;N/A;4;N/A;Nafta;N/A;N/A;"Autos y camionetas";N/A;N/A;N/A;N/A;N/A;N/A;N/A;N/A;N/A;N/A;N/A;N/A;N/A;N/A;N/A;N/A;N/A;N/A;N/A;N/A;N/A;N/A;N/A;N/A;N/A;N/A;N/A;N/A;N/A;N/A;N/A;N/A;N/A;N/A;N/A;N/A;N/A;N/A;N/A;N/A;N/A;N/A;N/A;N/A;N/A;N/A;N/A;N/A;N/A;N/A;N/A;N/A;N/A;N/A;N/A;N/A;N/A;N/A;N/A;N/A;N/A;N/A;N/A;N/A;N/A;N/A;N/A;N/A;N/A;N/A;N/A;N/A;N/A;N/A;N/A;N/A;N/A;N/A;N/A;N/A;N/A;N/A;N/A;N/A;N/A;N/A;N/A;N/A;N/A;N/A;N/A;N/A;N/A;N/A;N/A;N/A;N/A;N/A;N/A;N/A;N/A;N/A;N/A;N/A;N/A;N/A;N/A;N/A;N/A;N/A;N/A;N/A;N/A;N/A;N/A;N/A;N/A;N/A;N/A;N/A;N/A;N/A
Toyota;Hilux;"2.5 Cd Dx Pack Tdi 120cv 4x4 - C3";2016;"280000 km";;VEMA2418342;34900;;;;;Buceo;https://auto.mercadolibre.com.uy/MLU-645849895-toyota-hilux-2016-25-cd-dx-pack-tdi-120cv-4x4-c3-_JM;N/A;;"Toyota Hilux 2016 2.5 Cd Dx Pack Tdi 120cv 4x4 - C3";usd;Sí;free;false;N/A;N/A;http://perfil.mercadolibre.com.uy/VEMA2418342;active;N/A;N/A;Usado;N/A;N/A;Hidráulica;4x4;Sí;N/A;Sí;N/A;N/A;N/A;N/A;N/A;N/A;N/A;N/A;N/A;N/A;N/A;N/A;N/A;N/A;N/A;N/A;N/A;N/A;N/A;N/A;N/A;N/A;"2860 mm";"2.5 L";"80 L";5;N/A;N/A;N/A;N/A;N/A;N/A;N/A;N/A;N/A;N/A;N/A;N/A;N/A;N/A;N/A;N/A;N/A;N/A;N/A;N/A;N/A;N/A;N/A;N/A;N/A;N/A;N/A;N/A;N/A;N/A;N/A;N/A;N/A;N/A;N/A;N/A;N/A;N/A;N/A;N/A;N/A;N/A;N/A;N/A;N/A;"1850 mm";"5260 mm";N/A;N/A;N/A;N/A;5;"120 hp";Dx;N/A;4;"1855 mm";N/A;N/A;N/A;N/A;N/A;N/A;N/A;N/A;N/A;N/A;N/A;N/A;N/A;N/A;N/A;N/A;N/A;N/A;4;2.5;Diésel;Manual;Pick-Up;"Autos y camionetas";N/A;N/A;N/A;N/A;N/A;N/A;UY;N/A;N/A;N/A;N/A;N/A;N/A;N/A;N/A;N/A;N/A;N/A;N/A;N/A;N/A;N/A;N/A;N/A;N/A;N/A;N/A;N/A;N/A;N/A;N/A;N/A;N/A;N/A;N/A;N/A;N/A;N/A;N/A;N/A;N/A;N/A;N/A;N/A;N/A;N/A;N/A;N/A;N/A;N/A;N/A;N/A;N/A;N/A;N/A;N/A;N/A;N/A;N/A;N/A;N/A;N/A;N/A;N/A;N/A;N/A;N/A;N/A;N/A;N/A;N/A;N/A;N/A;N/A;N/A;N/A;N/A;N/A;N/A;N/A;N/A;N/A;N/A;N/A;N/A;N/A;N/A;N/A;N/A;N/A;N/A;N/A;N/A;N/A;N/A;N/A;N/A;N/A;N/A;N/A;N/A;N/A;N/A;N/A;N/A;N/A;N/A;N/A;N/A;N/A;N/A;N/A;Sí;N/A;Sí;N/A;N/A;N/A;N/A;Sí;N/A;N/A
Toyota;Hilux;"3.0 Tdi Srv Cab Doble At 4x4 Cuero";2008;"280000 km";;NUMA604686;29300;;;;;Vichadero;https://auto.mercadolibre.com.uy/MLU-646573197-toyota-hilux-2008-30-tdi-srv-cab-doble-at-4x4-cuero-_JM;N/A;;"Toyota Hilux 2008 3.0 Tdi Srv Cab Doble At 4x4 Cuero";usd;Sí;free;false;N/A;N/A;http://perfil.mercadolibre.com.uy/NUMA604686;active;N/A;N/A;Usado;N/A;N/A;Hidráulica;4x4;Sí;N/A;Sí;N/A;N/A;N/A;N/A;N/A;Sí;N/A;N/A;N/A;N/A;N/A;N/A;N/A;N/A;N/A;N/A;N/A;N/A;N/A;N/A;N/A;N/A;"2860 mm";"3 L";"80 L";4;N/A;N/A;N/A;N/A;N/A;N/A;N/A;N/A;N/A;N/A;N/A;N/A;N/A;N/A;N/A;N/A;N/A;N/A;N/A;N/A;N/A;N/A;N/A;N/A;N/A;N/A;N/A;N/A;N/A;N/A;N/A;N/A;N/A;Sí;Sí;N/A;N/A;N/A;N/A;N/A;N/A;N/A;N/A;N/A;N/A;"1820 mm";"5255 mm";N/A;N/A;N/A;N/A;5;"163 hp";Srv;N/A;4;"1855 mm";N/A;Sí;N/A;N/A;Sí;N/A;N/A;Sí;N/A;N/A;N/A;N/A;N/A;N/A;N/A;N/A;N/A;N/A;4;3.0;Diésel;Automática;Pick-Up;"Autos y camionetas";N/A;N/A;N/A;N/A;N/A;N/A;UY;N/A;N/A;N/A;N/A;N/A;N/A;N/A;N/A;N/A;N/A;N/A;N/A;N/A;N/A;N/A;N/A;N/A;N/A;N/A;N/A;N/A;N/A;N/A;N/A;N/A;N/A;N/A;N/A;N/A;N/A;N/A;N/A;N/A;N/A;N/A;N/A;N/A;N/A;N/A;N/A;N/A;N/A;N/A;N/A;N/A;N/A;N/A;N/A;N/A;N/A;N/A;N/A;N/A;N/A;N/A;N/A;N/A;N/A;N/A;N/A;N/A;N/A;N/A;N/A;N/A;N/A;N/A;N/A;N/A;N/A;N/A;N/A;N/A;N/A;N/A;N/A;N/A;N/A;N/A;N/A;N/A;N/A;N/A;N/A;N/A;N/A;N/A;N/A;N/A;N/A;N/A;N/A;N/A;N/A;N/A;N/A;N/A;N/A;N/A;N/A;N/A;N/A;No;N/A;N/A;Sí;N/A;Sí;N/A;N/A;N/A;N/A;N/A;N/A;N/A
Toyota;"Corolla Hybrid";"1.8 Se-G Cvt";2023;"45000 km";;COJU9515908;33500;;;;;"Punta del Este";https://auto.mercadolibre.com.uy/MLU-646830165-toyota-corolla-hibrido-seg-_JM;N/A;;"Toyota Corolla Híbrido Seg";USD;Sí;free;false;N/A;N/A;http://perfil.mercadolibre.com.uy/COJU9515908;active;N/A;N/A;Usado;Blanco;Sí;Asistida;Delantera;Sí;Sí;N/A;N/A;N/A;Sí;N/A;N/A;Sí;N/A;N/A;Sí;Sí;N/A;No;N/A;N/A;N/A;N/A;N/A;N/A;N/A;N/A;N/A;N/A;N/A;N/A;N/A;N/A;N/A;N/A;N/A;N/A;N/A;Sí;N/A;N/A;N/A;N/A;N/A;N/A;N/A;N/A;N/A;N/A;N/A;N/A;N/A;N/A;N/A;N/A;N/A;N/A;N/A;N/A;N/A;N/A;N/A;No;N/A;N/A;N/A;N/A;N/A;N/A;N/A;N/A;N/A;N/A;N/A;N/A;N/A;N/A;N/A;N/A;N/A;N/A;N/A;N/A;N/A;N/A;N/A;N/A;N/A;N/A;N/A;N/A;Sí;N/A;Sí;Sí;N/A;Sí;Sí;N/A;No;N/A;N/A;N/A;N/A;N/A;N/A;Sí;"Lun a vier 9-18";5;1.8;Híbrido;Automática;Sedán;"Autos y camionetas";N/A;N/A;N/A;N/A;N/A;N/A;N/A;N/A;N/A;N/A;N/A;N/A;N/A;N/A;N/A;N/A;N/A;N/A;N/A;N/A;N/A;N/A;N/A;N/A;Sí;N/A;N/A;N/A;N/A;N/A;N/A;N/A;N/A;N/A;N/A;N/A;N/A;N/A;N/A;N/A;N/A;N/A;N/A;N/A;N/A;N/A;N/A;N/A;N/A;N/A;N/A;N/A;N/A;N/A;N/A;N/A;N/A;N/A;N/A;N/A;N/A;N/A;N/A;N/A;N/A;N/A;N/A;N/A;N/A;N/A;N/A;N/A;N/A;N/A;N/A;N/A;N/A;N/A;N/A;N/A;N/A;N/A;N/A;N/A;N/A;N/A;N/A;N/A;N/A;N/A;N/A;N/A;N/A;N/A;N/A;N/A;Sí;Sí;Sí;N/A;Sí;N/A;N/A;N/A;N/A;Sí;Sí;Sí;Sí;N/A;N/A;Sí;Sí;Sí;Sí;N/A;Sí;N/A;N/A;N/A;N/A;N/A
Toyota;Hilux;2.5;2006;"1000 km";;VENDEFER;19800;;;;;Cordón;https://auto.mercadolibre.com.uy/MLU-701537968-toyota-hilux-4x2-turbo-diesel-25-ano-2006-_JM;N/A;;"Toyota Hilux 4x2 Turbo Diesel 2.5  Año 2006";USD;No;free;false;N/A;N/A;http://perfil.mercadolibre.com.uy/VENDEFER;active;N/A;N/A;Usado;Gris;No;Hidráulica;Trasera;Sí;Sí;N/A;N/A;N/A;No;N/A;N/A;No;N/A;N/A;No;Sí;N/A;No;N/A;N/A;N/A;N/A;N/A;N/A;N/A;N/A;N/A;N/A;N/A;N/A;N/A;N/A;N/A;N/A;N/A;N/A;N/A;No;N/A;N/A;N/A;N/A;N/A;N/A;N/A;N/A;N/A;N/A;N/A;N/A;N/A;N/A;N/A;N/A;N/A;N/A;N/A;N/A;N/A;N/A;N/A;No;N/A;N/A;N/A;N/A;N/A;N/A;N/A;N/A;N/A;N/A;N/A;N/A;N/A;N/A;N/A;N/A;N/A;N/A;N/A;N/A;N/A;N/A;N/A;N/A;N/A;N/A;N/A;N/A;No;N/A;No;Sí;N/A;Sí;Sí;N/A;No;N/A;N/A;No;Sí;N/A;N/A;No;N/A;4;"2.5 TD";Diésel;Manual;Pick-Up;"Autos y camionetas";No;N/A;N/A;N/A;No;N/A;N/A;N/A;No;N/A;Sí;N/A;N/A;N/A;N/A;N/A;N/A;N/A;N/A;N/A;N/A;N/A;N/A;N/A;No;N/A;N/A;N/A;N/A;N/A;N/A;N/A;N/A;N/A;N/A;N/A;N/A;N/A;N/A;N/A;N/A;N/A;N/A;No;N/A;N/A;N/A;N/A;N/A;N/A;N/A;N/A;N/A;N/A;N/A;N/A;N/A;N/A;N/A;N/A;N/A;No;Sí;N/A;N/A;N/A;N/A;N/A;N/A;N/A;N/A;N/A;N/A;N/A;N/A;N/A;N/A;N/A;N/A;N/A;N/A;N/A;N/A;N/A;N/A;N/A;N/A;N/A;N/A;N/A;N/A;N/A;N/A;N/A;N/A;No;Sí;Sí;Sí;N/A;No;N/A;N/A;N/A;N/A;No;No;No;Sí;N/A;N/A;Sí;No;Sí;Sí;Sí;No;Sí;No;No;N/A;Sí
Toyota;Etios;"1.5 Sedan X";2017;"420000 km";;ELTAVO120;8600;;;;;Candil;https://auto.mercadolibre.com.uy/MLU-701516584-toyota-etios-15-sedan-x-_JM;N/A;;"Toyota Etios 1.5 Sedan X";usd;Sí;free;false;N/A;N/A;http://perfil.mercadolibre.com.uy/ELTAVO120;active;N/A;N/A;Usado;Blanco;No;Eléctrica;Delantera;Sí;Sí;N/A;N/A;N/A;N/A;N/A;N/A;No;N/A;N/A;No;Sí;N/A;Sí;N/A;N/A;N/A;N/A;N/A;N/A;N/A;N/A;N/A;N/A;"2460 mm";"1.5 L";"45 L";5;N/A;N/A;N/A;N/A;N/A;Sí;N/A;N/A;N/A;N/A;N/A;N/A;N/A;N/A;N/A;N/A;N/A;N/A;N/A;N/A;N/A;N/A;N/A;N/A;N/A;N/A;N/A;N/A;N/A;No;N/A;N/A;N/A;N/A;N/A;N/A;N/A;N/A;N/A;N/A;N/A;N/A;N/A;N/A;N/A;"1510 mm";"4265 mm";N/A;N/A;N/A;N/A;5;"90 hp";X;N/A;4;"1695 mm";"13.8 km/l";No;N/A;Sí;Sí;N/A;Sí;Sí;N/A;No;N/A;"12.4 km/l";No;No;N/A;N/A;No;"Las 24 horas";4;1.5;Nafta;Manual;Sedán;"Autos y camionetas";N/A;N/A;N/A;N/A;N/A;N/A;UY;N/A;N/A;N/A;N/A;N/A;N/A;N/A;N/A;N/A;N/A;N/A;N/A;N/A;N/A;N/A;N/A;N/A;Sí;N/A;N/A;N/A;N/A;N/A;N/A;N/A;N/A;N/A;N/A;N/A;N/A;N/A;N/A;N/A;N/A;N/A;N/A;N/A;N/A;N/A;N/A;N/A;N/A;N/A;N/A;N/A;N/A;N/A;N/A;N/A;N/A;N/A;N/A;N/A;N/A;N/A;N/A;N/A;N/A;N/A;N/A;N/A;N/A;N/A;N/A;N/A;N/A;N/A;N/A;N/A;N/A;N/A;N/A;N/A;N/A;N/A;N/A;N/A;N/A;N/A;N/A;N/A;N/A;N/A;N/A;N/A;N/A;N/A;N/A;No;Sí;No;Sí;N/A;Sí;N/A;N/A;N/A;N/A;Sí;No;No;Sí;N/A;N/A;No;No;Sí;Sí;Sí;Sí;No;Sí;Sí;N/A;Sí
Toyota;Prius;"1.5 C Hibrido At";2019;"58000 km";;TUINMUEBLE2011;20000;;;;;Carrasco;https://auto.mercadolibre.com.uy/MLU-646734397-toyota-prius-15-c-hibrido-at-_JM;N/A;;"Toyota Prius 1.5 C Hibrido At";usd;Sí;free;false;N/A;N/A;http://perfil.mercadolibre.com.uy/TUINMUEBLE2011;active;N/A;N/A;Usado;Blanco;Sí;Hidráulica;Delantera;Sí;N/A;N/A;N/A;N/A;N/A;N/A;N/A;N/A;N/A;N/A;N/A;N/A;N/A;N/A;N/A;N/A;N/A;N/A;N/A;N/A;N/A;N/A;N/A;N/A;"2700 mm";"1.5 L";"43 L";N/A;N/A;N/A;N/A;N/A;N/A;N/A;N/A;N/A;N/A;N/A;N/A;N/A;N/A;N/A;N/A;N/A;N/A;N/A;N/A;N/A;N/A;N/A;N/A;N/A;N/A;N/A;N/A;N/A;N/A;N/A;N/A;N/A;N/A;N/A;N/A;N/A;N/A;N/A;N/A;N/A;N/A;N/A;N/A;N/A;N/A;"1490 mm";"4540 mm";N/A;N/A;N/A;N/A;5;"36 hp";N/A;N/A;4;"1760 mm";N/A;N/A;N/A;N/A;N/A;N/A;N/A;Sí;N/A;N/A;N/A;N/A;N/A;N/A;N/A;N/A;N/A;N/A;5;1.5;Híbrido;Automática;Hatchback;"Autos y camionetas";N/A;N/A;N/A;N/A;N/A;N/A;UY;N/A;N/A;N/A;N/A;N/A;N/A;N/A;N/A;N/A;N/A;N/A;N/A;N/A;N/A;N/A;N/A;N/A;N/A;N/A;N/A;N/A;N/A;N/A;N/A;N/A;N/A;N/A;N/A;N/A;N/A;N/A;N/A;N/A;N/A;N/A;N/A;N/A;N/A;N/A;N/A;N/A;N/A;N/A;N/A;N/A;N/A;N/A;N/A;N/A;N/A;N/A;N/A;N/A;N/A;N/A;N/A;N/A;N/A;N/A;N/A;N/A;N/A;N/A;N/A;N/A;N/A;N/A;N/A;N/A;N/A;N/A;N/A;N/A;N/A;N/A;N/A;N/A;N/A;N/A;N/A;N/A;N/A;N/A;N/A;N/A;N/A;N/A;N/A;N/A;N/A;N/A;N/A;N/A;N/A;N/A;N/A;N/A;N/A;N/A;N/A;N/A;N/A;N/A;N/A;N/A;Sí;N/A;Sí;N/A;N/A;N/A;N/A;Sí;N/A;Sí
Toyota;"Corolla Hybrid";"1.8 Se-G Cvt";2021;"40000 km";;DRIVERMAN;32000;;;;;Pocitos;https://auto.mercadolibre.com.uy/MLU-701415152-toyota-corolla-hybrido-dueno-vende-_JM;N/A;;"Toyota Corolla Hybrido Dueño Vende.";usd;Sí;free;false;N/A;N/A;http://perfil.mercadolibre.com.uy/DRIVERMAN;active;N/A;N/A;Usado;Plateado;N/A;Eléctrica;Delantera;Sí;N/A;N/A;N/A;N/A;N/A;N/A;N/A;N/A;N/A;N/A;N/A;N/A;N/A;N/A;N/A;N/A;N/A;N/A;N/A;N/A;N/A;N/A;N/A;N/A;"2700 mm";"1.8 L";"43 L";N/A;N/A;N/A;N/A;N/A;N/A;N/A;N/A;N/A;N/A;N/A;N/A;N/A;N/A;N/A;N/A;N/A;N/A;N/A;N/A;N/A;N/A;N/A;N/A;N/A;N/A;N/A;N/A;N/A;N/A;N/A;N/A;N/A;N/A;N/A;N/A;N/A;N/A;N/A;N/A;N/A;N/A;N/A;N/A;N/A;N/A;"1440 mm";"4630 mm";N/A;N/A;N/A;N/A;5;"122 hp";Se-g;N/A;4;"1775 mm";"13.5 km/l";Sí;N/A;N/A;N/A;N/A;N/A;N/A;N/A;N/A;N/A;N/A;N/A;N/A;N/A;N/A;N/A;N/A;4;1.8;Híbrido;Automática;Sedán;"Autos y camionetas";N/A;N/A;N/A;N/A;N/A;N/A;UY;N/A;N/A;N/A;N/A;N/A;N/A;N/A;N/A;N/A;N/A;N/A;N/A;N/A;N/A;N/A;N/A;N/A;N/A;N/A;N/A;N/A;N/A;N/A;N/A;N/A;N/A;N/A;N/A;N/A;N/A;N/A;N/A;N/A;N/A;N/A;N/A;N/A;N/A;N/A;N/A;N/A;N/A;N/A;N/A;N/A;N/A;N/A;N/A;N/A;N/A;N/A;N/A;N/A;N/A;N/A;N/A;N/A;N/A;N/A;N/A;N/A;N/A;N/A;N/A;N/A;N/A;N/A;N/A;N/A;N/A;N/A;N/A;N/A;N/A;N/A;N/A;N/A;N/A;N/A;N/A;N/A;N/A;N/A;N/A;N/A;N/A;N/A;N/A;N/A;N/A;N/A;N/A;N/A;N/A;N/A;N/A;N/A;N/A;N/A;N/A;N/A;N/A;N/A;N/A;N/A;N/A;N/A;Sí;N/A;N/A;Sí;Sí;N/A;N/A;N/A
Toyota;"Corolla Hybrid";"1.8 Xei Cvt";2021;"89000 km";;CAJU4311367;33700;;;;;"José Batlle y Ordoñez";https://auto.mercadolibre.com.uy/MLU-701211104-toyota-corolla-hybrid-2021-18-xei-cvt-_JM;N/A;;"Toyota Corolla Hybrid 2021 1.8 Xei Cvt";usd;Sí;free;false;N/A;N/A;http://perfil.mercadolibre.com.uy/CAJU4311367;active;N/A;N/A;Usado;N/A;N/A;Eléctrica;Delantera;Sí;N/A;Sí;N/A;N/A;N/A;N/A;N/A;N/A;N/A;N/A;N/A;N/A;N/A;N/A;N/A;N/A;N/A;N/A;N/A;N/A;N/A;N/A;N/A;N/A;"2700 mm";"1.8 L";"43 L";N/A;N/A;N/A;N/A;N/A;N/A;N/A;N/A;N/A;N/A;N/A;N/A;N/A;N/A;N/A;N/A;N/A;N/A;N/A;N/A;N/A;N/A;N/A;N/A;N/A;N/A;N/A;N/A;N/A;N/A;N/A;N/A;N/A;N/A;N/A;N/A;N/A;N/A;N/A;N/A;N/A;N/A;N/A;N/A;N/A;N/A;"1440 mm";"4630 mm";N/A;N/A;N/A;N/A;5;"122 hp";Xei;N/A;4;"1775 mm";"13.5 km/l";N/A;N/A;N/A;N/A;N/A;N/A;N/A;N/A;N/A;N/A;N/A;N/A;N/A;N/A;N/A;N/A;N/A;4;1.8;Híbrido;Automática;Sedán;"Autos y camionetas";N/A;N/A;N/A;N/A;N/A;N/A;UY;N/A;N/A;N/A;N/A;N/A;N/A;N/A;N/A;N/A;N/A;N/A;N/A;N/A;N/A;N/A;N/A;N/A;N/A;N/A;N/A;N/A;N/A;N/A;N/A;N/A;N/A;N/A;N/A;N/A;N/A;N/A;N/A;N/A;N/A;N/A;N/A;N/A;N/A;N/A;N/A;N/A;N/A;N/A;N/A;N/A;N/A;N/A;N/A;N/A;N/A;N/A;N/A;N/A;N/A;N/A;N/A;N/A;N/A;N/A;N/A;N/A;N/A;N/A;N/A;N/A;N/A;N/A;N/A;N/A;N/A;N/A;N/A;N/A;N/A;N/A;N/A;N/A;N/A;N/A;N/A;N/A;N/A;N/A;N/A;N/A;N/A;N/A;N/A;N/A;N/A;N/A;N/A;N/A;N/A;N/A;N/A;N/A;N/A;N/A;N/A;N/A;N/A;N/A;N/A;N/A;Sí;N/A;Sí;N/A;N/A;N/A;Sí;Sí;N/A;N/A
Toyota;Hilux;"Doble Cabina";2003;"390000 km";;LIENDOEDUARDO20230726193055;800000;;;;;"Villa Ansina";https://auto.mercadolibre.com.uy/MLU-700532954-toyota-hilux-diesel-doble-cabina-_JM;N/A;;"Toyota Hilux Diesel Doble Cabina";usd;No;free;false;N/A;N/A;http://perfil.mercadolibre.com.uy/LIENDOEDUARDO20230726193055;active;N/A;N/A;Usado;Blanco;N/A;N/A;4x2;Sí;N/A;N/A;N/A;N/A;N/A;N/A;N/A;N/A;N/A;N/A;N/A;N/A;N/A;N/A;N/A;N/A;N/A;N/A;N/A;N/A;N/A;N/A;N/A;N/A;"2860 mm";"3 L";"65 L";5;N/A;N/A;N/A;N/A;N/A;N/A;N/A;N/A;N/A;N/A;N/A;N/A;N/A;N/A;N/A;N/A;N/A;N/A;N/A;N/A;N/A;N/A;N/A;N/A;N/A;N/A;N/A;N/A;N/A;N/A;N/A;N/A;N/A;N/A;N/A;N/A;N/A;N/A;N/A;N/A;N/A;N/A;N/A;N/A;N/A;"1730 mm";"4895 mm";N/A;N/A;N/A;N/A;3;"125 hp";Dx;N/A;2;"1690 mm";N/A;N/A;N/A;N/A;N/A;N/A;N/A;N/A;N/A;N/A;N/A;N/A;N/A;N/A;N/A;N/A;N/A;N/A;5;3.0;Diésel;Manual;Pick-Up;"Autos y camionetas";N/A;N/A;N/A;N/A;N/A;N/A;UY;N/A;N/A;N/A;N/A;N/A;N/A;N/A;N/A;N/A;N/A;N/A;N/A;N/A;N/A;N/A;N/A;N/A;N/A;N/A;N/A;N/A;N/A;N/A;N/A;N/A;N/A;N/A;N/A;N/A;N/A;N/A;N/A;N/A;N/A;N/A;N/A;N/A;N/A;N/A;N/A;N/A;N/A;N/A;N/A;N/A;N/A;N/A;N/A;N/A;N/A;N/A;N/A;N/A;N/A;N/A;N/A;N/A;N/A;N/A;N/A;N/A;N/A;N/A;N/A;N/A;N/A;N/A;N/A;N/A;N/A;N/A;N/A;N/A;N/A;N/A;N/A;N/A;N/A;N/A;N/A;N/A;N/A;N/A;N/A;N/A;N/A;N/A;N/A;N/A;N/A;N/A;N/A;N/A;N/A;N/A;N/A;N/A;N/A;N/A;N/A;N/A;N/A;N/A;N/A;N/A;N/A;N/A;Sí;N/A;N/A;N/A;N/A;N/A;N/A;N/A
Toyota;Corolla;2.0;2006;"260000 km";;HFDISTRI;8500;;;;;Tacuarembó;https://auto.mercadolibre.com.uy/MLU-646648543-corolla-diesel-_JM;N/A;;"Corolla Diesel";USD;No;free;false;N/A;N/A;http://perfil.mercadolibre.com.uy/HFDISTRI;active;N/A;N/A;Usado;Gris;N/A;Hidráulica;N/A;N/A;N/A;N/A;N/A;N/A;N/A;N/A;N/A;N/A;N/A;N/A;N/A;N/A;N/A;N/A;N/A;N/A;N/A;N/A;N/A;N/A;N/A;N/A;N/A;N/A;N/A;N/A;N/A;N/A;N/A;N/A;N/A;N/A;N/A;N/A;N/A;N/A;N/A;N/A;N/A;N/A;N/A;N/A;N/A;N/A;N/A;N/A;N/A;N/A;N/A;N/A;N/A;N/A;N/A;N/A;N/A;N/A;N/A;N/A;N/A;N/A;N/A;N/A;N/A;N/A;N/A;N/A;N/A;N/A;N/A;N/A;N/A;N/A;N/A;N/A;N/A;N/A;N/A;N/A;N/A;N/A;N/A;N/A;N/A;N/A;N/A;N/A;N/A;N/A;N/A;N/A;N/A;N/A;N/A;N/A;N/A;N/A;N/A;N/A;N/A;N/A;N/A;N/A;N/A;4;N/A;Diésel;N/A;Sedán;"Autos y camionetas";N/A;N/A;N/A;N/A;N/A;N/A;N/A;N/A;N/A;N/A;N/A;N/A;N/A;N/A;N/A;N/A;N/A;N/A;N/A;N/A;N/A;N/A;N/A;N/A;N/A;N/A;N/A;N/A;N/A;N/A;N/A;N/A;N/A;N/A;N/A;N/A;N/A;N/A;N/A;N/A;N/A;N/A;N/A;N/A;N/A;N/A;N/A;N/A;N/A;N/A;N/A;N/A;N/A;N/A;N/A;N/A;N/A;N/A;N/A;N/A;N/A;N/A;N/A;N/A;N/A;N/A;N/A;N/A;N/A;N/A;N/A;N/A;N/A;N/A;N/A;N/A;N/A;N/A;N/A;N/A;N/A;N/A;N/A;N/A;N/A;N/A;N/A;N/A;N/A;N/A;N/A;N/A;N/A;N/A;N/A;N/A;N/A;N/A;N/A;N/A;N/A;N/A;N/A;N/A;N/A;N/A;N/A;N/A;N/A;N/A;N/A;N/A;N/A;N/A;N/A;N/A;N/A;N/A;N/A;N/A;N/A;N/A
Toyota;Tercel;1.5;1999;"304995 km";;GAHE3489253;3200;;;;;N/A;https://auto.mercadolibre.com.uy/MLU-698767104-vendo-toyota-tercel-15-inyeccion-_JM;N/A;;"Vendo Toyota Tercel 1.5 Inyección";USD;No;free;false;N/A;N/A;http://perfil.mercadolibre.com.uy/GAHE3489253;active;N/A;N/A;Usado;Celeste;No;Mecánica;N/A;N/A;N/A;N/A;N/A;N/A;N/A;N/A;N/A;N/A;N/A;N/A;N/A;N/A;N/A;N/A;N/A;N/A;N/A;N/A;N/A;N/A;N/A;N/A;N/A;N/A;N/A;N/A;N/A;N/A;N/A;N/A;N/A;N/A;N/A;N/A;N/A;N/A;N/A;N/A;N/A;N/A;N/A;N/A;N/A;N/A;N/A;N/A;N/A;N/A;N/A;N/A;N/A;N/A;N/A;N/A;N/A;N/A;N/A;N/A;N/A;N/A;N/A;N/A;N/A;N/A;N/A;N/A;N/A;N/A;N/A;N/A;N/A;N/A;N/A;N/A;N/A;N/A;N/A;N/A;N/A;N/A;N/A;N/A;N/A;N/A;N/A;N/A;N/A;N/A;N/A;N/A;N/A;N/A;N/A;N/A;N/A;N/A;N/A;N/A;N/A;N/A;N/A;N/A;N/A;5;1.5;Nafta;Manual;Sedán;"Autos y camionetas";N/A;N/A;N/A;N/A;N/A;N/A;N/A;N/A;N/A;N/A;N/A;N/A;N/A;N/A;N/A;N/A;N/A;N/A;N/A;N/A;N/A;N/A;N/A;N/A;N/A;N/A;N/A;N/A;N/A;N/A;N/A;N/A;N/A;N/A;N/A;N/A;N/A;N/A;N/A;N/A;N/A;N/A;N/A;N/A;N/A;N/A;N/A;N/A;N/A;N/A;N/A;N/A;N/A;N/A;N/A;N/A;N/A;N/A;N/A;N/A;N/A;N/A;N/A;N/A;N/A;N/A;N/A;N/A;N/A;N/A;N/A;N/A;N/A;N/A;N/A;N/A;N/A;N/A;N/A;N/A;N/A;N/A;N/A;N/A;N/A;N/A;N/A;N/A;N/A;N/A;N/A;N/A;N/A;N/A;N/A;N/A;N/A;N/A;N/A;N/A;N/A;N/A;N/A;N/A;N/A;N/A;N/A;N/A;N/A;N/A;N/A;N/A;N/A;N/A;N/A;N/A;N/A;N/A;N/A;N/A;N/A;N/A
Toyota;Hilux;"2.4 D/cab 4x2 D";1992;"300083 km";;MANA4879314;9000;;;;;Artigas;https://auto.mercadolibre.com.uy/MLU-698276828-toyota-hilux-1992-24-dcab-4x2-d-_JM;N/A;;"Toyota Hilux 1992 2.4 D/cab 4x2 D";usd;No;free;false;N/A;N/A;http://perfil.mercadolibre.com.uy/MANA4879314;active;N/A;N/A;Usado;N/A;N/A;N/A;4x2;Sí;N/A;N/A;N/A;N/A;N/A;N/A;N/A;N/A;N/A;N/A;N/A;N/A;N/A;N/A;N/A;N/A;N/A;N/A;N/A;N/A;N/A;N/A;N/A;N/A;"3085 mm";"2.4 L";"80 L";5;N/A;N/A;N/A;N/A;N/A;N/A;N/A;N/A;N/A;N/A;N/A;N/A;N/A;N/A;N/A;N/A;N/A;N/A;N/A;N/A;N/A;N/A;N/A;N/A;N/A;N/A;N/A;N/A;N/A;N/A;N/A;N/A;N/A;N/A;N/A;N/A;N/A;N/A;N/A;N/A;N/A;N/A;N/A;N/A;N/A;"1860 mm";"5260 mm";N/A;N/A;N/A;N/A;5;"150 hp";N/A;N/A;4;"1835 mm";"8.2 km/l";N/A;N/A;N/A;N/A;N/A;N/A;N/A;N/A;N/A;N/A;"6.3 km/l";N/A;N/A;N/A;N/A;N/A;N/A;4;2.4;Diésel;Manual;Pick-Up;"Autos y camionetas";N/A;N/A;N/A;N/A;N/A;N/A;UY;N/A;N/A;N/A;N/A;N/A;N/A;N/A;N/A;N/A;N/A;N/A;N/A;N/A;N/A;N/A;N/A;N/A;N/A;N/A;N/A;N/A;N/A;N/A;N/A;N/A;N/A;N/A;N/A;N/A;N/A;N/A;N/A;N/A;N/A;N/A;N/A;N/A;N/A;N/A;N/A;N/A;N/A;N/A;N/A;N/A;N/A;N/A;N/A;N/A;N/A;N/A;N/A;N/A;N/A;N/A;N/A;N/A;N/A;N/A;N/A;N/A;N/A;N/A;N/A;N/A;N/A;N/A;N/A;N/A;N/A;N/A;N/A;N/A;N/A;N/A;N/A;N/A;N/A;N/A;N/A;N/A;N/A;N/A;N/A;N/A;N/A;N/A;N/A;N/A;N/A;N/A;N/A;N/A;N/A;N/A;N/A;N/A;N/A;N/A;N/A;N/A;N/A;N/A;N/A;N/A;N/A;N/A;N/A;N/A;N/A;N/A;N/A;N/A;N/A;N/A
Toyota;Prius;"1.5 C Hibrido At";2018;"57000 km";;MARIOLONIETTO;22000;;;;;N/A;https://auto.mercadolibre.com.uy/MLU-697820252-toyota-prius-15-c-hibrido-at-_JM;N/A;;"Toyota Prius 1.5 C Hibrido At";usd;Sí;free;false;N/A;N/A;http://perfil.mercadolibre.com.uy/MARIOLONIETTO;active;N/A;N/A;Usado;Blanco;Sí;Hidráulica;Delantera;Sí;Sí;N/A;N/A;N/A;Sí;N/A;N/A;N/A;N/A;N/A;Sí;Sí;N/A;N/A;N/A;N/A;N/A;N/A;N/A;N/A;N/A;N/A;N/A;N/A;"2700 mm";"1.5 L";"43 L";N/A;N/A;N/A;N/A;N/A;N/A;Sí;N/A;N/A;N/A;N/A;N/A;N/A;N/A;N/A;N/A;N/A;N/A;N/A;N/A;N/A;N/A;N/A;N/A;N/A;N/A;N/A;N/A;N/A;N/A;No;N/A;N/A;N/A;Sí;Sí;N/A;N/A;N/A;N/A;N/A;N/A;N/A;N/A;N/A;N/A;"1490 mm";"4540 mm";N/A;N/A;N/A;N/A;5;"36 hp";N/A;N/A;4;"1760 mm";N/A;Sí;N/A;Sí;Sí;N/A;Sí;Sí;N/A;No;N/A;N/A;N/A;No;N/A;N/A;Sí;N/A;5;1.5;Híbrido;Automática;Hatchback;"Autos y camionetas";N/A;N/A;N/A;N/A;N/A;N/A;UY;N/A;N/A;N/A;N/A;N/A;N/A;N/A;N/A;N/A;N/A;N/A;N/A;N/A;N/A;N/A;N/A;N/A;Sí;N/A;N/A;N/A;N/A;N/A;N/A;N/A;N/A;N/A;N/A;N/A;N/A;N/A;N/A;N/A;N/A;N/A;N/A;Sí;N/A;N/A;N/A;N/A;N/A;N/A;N/A;N/A;N/A;N/A;N/A;N/A;N/A;N/A;N/A;N/A;N/A;No;N/A;N/A;N/A;N/A;N/A;N/A;N/A;N/A;N/A;N/A;N/A;N/A;N/A;N/A;N/A;N/A;N/A;N/A;N/A;N/A;N/A;N/A;N/A;N/A;N/A;N/A;N/A;N/A;N/A;N/A;N/A;N/A;N/A;Sí;Sí;Sí;Sí;N/A;Sí;N/A;N/A;N/A;N/A;Sí;No;Sí;Sí;N/A;N/A;Sí;Sí;Sí;Sí;Sí;Sí;Sí;Sí;Sí;N/A;Sí
Toyota;Hilux;"3.0 Tdi Sr Cab Doble 4x2 Doble Airbag";2010;"350000 km";;MAXI892013;29500;;;;;"Barros Blancos";https://auto.mercadolibre.com.uy/MLU-698424906-toyota-hilux-30-tdi-sr-cab-doble-4x2-doble-airbag-_JM;N/A;;"Toyota Hilux 3.0 Tdi Sr Cab Doble 4x2 Doble Airbag";usd;Sí;free;false;N/A;N/A;http://perfil.mercadolibre.com.uy/MAXI892013;active;N/A;N/A;Usado;Negro;No;Hidráulica;4x2;Sí;N/A;Sí;N/A;N/A;N/A;N/A;N/A;N/A;N/A;N/A;N/A;N/A;N/A;N/A;N/A;N/A;N/A;N/A;N/A;N/A;N/A;N/A;N/A;N/A;"2860 mm";"3 L";"80 L";5;N/A;N/A;N/A;N/A;N/A;N/A;N/A;N/A;N/A;N/A;N/A;N/A;N/A;N/A;N/A;N/A;N/A;N/A;N/A;N/A;N/A;N/A;N/A;N/A;N/A;N/A;N/A;N/A;N/A;N/A;N/A;N/A;N/A;N/A;N/A;N/A;N/A;N/A;N/A;N/A;N/A;N/A;N/A;N/A;N/A;"1820 mm";"5255 mm";N/A;N/A;N/A;N/A;5;"163 hp";Sr;N/A;4;"1855 mm";N/A;N/A;N/A;N/A;N/A;N/A;N/A;N/A;N/A;N/A;N/A;N/A;N/A;N/A;N/A;N/A;N/A;N/A;4;3.0;Diésel;Manual;Pick-Up;"Autos y camionetas";N/A;N/A;N/A;N/A;N/A;N/A;UY;N/A;N/A;N/A;N/A;N/A;N/A;N/A;N/A;N/A;N/A;N/A;N/A;N/A;N/A;N/A;N/A;N/A;N/A;N/A;N/A;N/A;N/A;N/A;N/A;N/A;N/A;N/A;N/A;N/A;N/A;N/A;N/A;N/A;N/A;N/A;N/A;N/A;N/A;N/A;N/A;N/A;N/A;N/A;N/A;N/A;N/A;N/A;N/A;N/A;N/A;N/A;N/A;N/A;N/A;N/A;N/A;N/A;N/A;N/A;N/A;N/A;N/A;N/A;N/A;N/A;N/A;N/A;N/A;N/A;N/A;N/A;N/A;N/A;N/A;N/A;N/A;N/A;N/A;N/A;N/A;N/A;N/A;N/A;N/A;N/A;N/A;N/A;N/A;N/A;N/A;N/A;N/A;N/A;N/A;N/A;N/A;N/A;N/A;N/A;N/A;N/A;N/A;N/A;N/A;N/A;N/A;N/A;Sí;N/A;N/A;N/A;N/A;N/A;N/A;N/A
Toyota;Corolla;"1.6 GLI EX.FULL";2009;"207000 km";;CECILIAPASCAL;11900;;;;;Maldonado;https://auto.mercadolibre.com.uy/MLU-701594306-toyota-corolla-xli-exfull-_JM;N/A;;"Toyota Corolla Xli Ex.full";USD;Sí;free;false;N/A;N/A;http://perfil.mercadolibre.com.uy/CECILIAPASCAL;active;N/A;N/A;Usado;Blanco;N/A;N/A;N/A;N/A;N/A;N/A;N/A;N/A;N/A;N/A;N/A;N/A;N/A;N/A;N/A;N/A;N/A;N/A;N/A;N/A;N/A;N/A;N/A;N/A;N/A;N/A;N/A;N/A;N/A;N/A;N/A;N/A;N/A;N/A;N/A;N/A;N/A;N/A;N/A;N/A;N/A;N/A;N/A;N/A;N/A;N/A;N/A;N/A;N/A;N/A;N/A;N/A;N/A;N/A;N/A;N/A;N/A;N/A;N/A;N/A;N/A;N/A;N/A;N/A;N/A;N/A;N/A;N/A;N/A;N/A;N/A;N/A;N/A;N/A;N/A;N/A;N/A;N/A;N/A;N/A;N/A;N/A;N/A;N/A;N/A;N/A;N/A;N/A;N/A;N/A;N/A;N/A;N/A;N/A;N/A;N/A;N/A;N/A;N/A;N/A;N/A;N/A;N/A;N/A;N/A;N/A;N/A;5;N/A;Nafta;N/A;N/A;"Autos y camionetas";N/A;N/A;N/A;N/A;N/A;N/A;N/A;N/A;N/A;N/A;N/A;N/A;N/A;N/A;N/A;N/A;N/A;N/A;N/A;N/A;N/A;N/A;N/A;N/A;N/A;N/A;N/A;N/A;N/A;N/A;N/A;N/A;N/A;N/A;N/A;N/A;N/A;N/A;N/A;N/A;N/A;N/A;N/A;N/A;N/A;N/A;N/A;N/A;N/A;N/A;N/A;N/A;N/A;N/A;N/A;N/A;N/A;N/A;N/A;N/A;N/A;N/A;N/A;N/A;N/A;N/A;N/A;N/A;N/A;N/A;N/A;N/A;N/A;N/A;N/A;N/A;N/A;N/A;N/A;N/A;N/A;N/A;N/A;N/A;N/A;N/A;N/A;N/A;N/A;N/A;N/A;N/A;N/A;N/A;N/A;N/A;N/A;N/A;N/A;N/A;N/A;N/A;N/A;N/A;N/A;N/A;N/A;N/A;N/A;N/A;N/A;N/A;N/A;N/A;N/A;N/A;N/A;N/A;N/A;N/A;N/A;N/A
Toyota;Hilux;"2.7 Cd Srv Vvti 4x2 - A3";2015;"160000 km";;CUEVASDONKAN;20000;;;;;Cardona;https://auto.mercadolibre.com.uy/MLU-701279302-toyota-hilux-27-cd-srv-vvti-4x2-a3-_JM;N/A;;"Toyota Hilux 2.7 Cd Srv Vvti 4x2 - A3";usd;Sí;free;false;N/A;N/A;http://perfil.mercadolibre.com.uy/CUEVASDONKAN;active;N/A;N/A;Usado;Gris;No;Hidráulica;4x2;Sí;N/A;Sí;N/A;N/A;N/A;N/A;N/A;N/A;N/A;N/A;N/A;N/A;N/A;N/A;N/A;N/A;N/A;N/A;N/A;N/A;N/A;N/A;N/A;N/A;"2860 mm";"2.7 L";"80 L";5;N/A;N/A;N/A;N/A;N/A;N/A;N/A;N/A;N/A;N/A;N/A;N/A;N/A;N/A;N/A;N/A;N/A;N/A;N/A;N/A;N/A;N/A;N/A;N/A;N/A;N/A;N/A;N/A;N/A;N/A;N/A;N/A;N/A;N/A;N/A;N/A;N/A;N/A;N/A;N/A;N/A;N/A;N/A;N/A;N/A;"1860 mm";"5260 mm";N/A;N/A;N/A;N/A;5;"160 hp";Srv;N/A;4;"1855 mm";N/A;Sí;N/A;N/A;N/A;N/A;N/A;N/A;N/A;N/A;N/A;N/A;N/A;N/A;N/A;N/A;N/A;N/A;4;2.7;Nafta;Manual;Pick-Up;"Autos y camionetas";N/A;N/A;N/A;N/A;N/A;N/A;UY;N/A;N/A;N/A;N/A;N/A;N/A;N/A;N/A;N/A;N/A;N/A;N/A;N/A;N/A;N/A;N/A;N/A;N/A;N/A;N/A;N/A;N/A;N/A;N/A;N/A;N/A;N/A;N/A;N/A;N/A;N/A;N/A;N/A;N/A;N/A;N/A;N/A;N/A;N/A;N/A;N/A;N/A;N/A;N/A;N/A;N/A;N/A;N/A;N/A;N/A;N/A;N/A;N/A;N/A;N/A;N/A;N/A;N/A;N/A;N/A;N/A;N/A;N/A;N/A;N/A;N/A;N/A;N/A;N/A;N/A;N/A;N/A;N/A;N/A;N/A;N/A;N/A;N/A;N/A;N/A;N/A;N/A;N/A;N/A;N/A;N/A;N/A;N/A;N/A;N/A;N/A;N/A;N/A;N/A;N/A;N/A;N/A;N/A;N/A;N/A;N/A;N/A;N/A;N/A;N/A;Sí;N/A;Sí;N/A;N/A;N/A;Sí;Sí;N/A;N/A
Toyota;Hilux;"2.8 D/cab 4x4 Srv";2019;"280000 km";;JOAQUINCOITINHO;52000;;;;;Mercedes;https://auto.mercadolibre.com.uy/MLU-701184154-toyota-hilux-2019-28-dcab-4x4-srv-_JM;N/A;;"Toyota Hilux 2019 2.8 D/cab 4x4 Srv";usd;Sí;free;false;N/A;N/A;http://perfil.mercadolibre.com.uy/JOAQUINCOITINHO;active;N/A;N/A;Usado;N/A;N/A;N/A;4x4;Sí;N/A;N/A;N/A;N/A;N/A;N/A;N/A;N/A;N/A;N/A;N/A;N/A;N/A;N/A;N/A;N/A;N/A;N/A;N/A;N/A;N/A;N/A;N/A;N/A;"2860 mm";"2.8 L";"65 L";5;N/A;N/A;N/A;N/A;N/A;N/A;N/A;N/A;N/A;N/A;N/A;N/A;N/A;N/A;N/A;N/A;N/A;N/A;N/A;N/A;N/A;N/A;N/A;N/A;N/A;N/A;N/A;N/A;N/A;N/A;N/A;N/A;N/A;N/A;N/A;N/A;N/A;N/A;N/A;N/A;N/A;N/A;N/A;N/A;N/A;"1805 mm";"4850 mm";N/A;N/A;N/A;N/A;5;"177 hp";Srv;N/A;2;"1630 mm";N/A;N/A;N/A;N/A;N/A;N/A;N/A;N/A;N/A;N/A;N/A;N/A;N/A;N/A;N/A;N/A;N/A;N/A;4;2.8;Diésel;Manual;Pick-Up;"Autos y camionetas";N/A;N/A;N/A;N/A;N/A;N/A;UY;N/A;N/A;N/A;N/A;N/A;N/A;N/A;N/A;N/A;N/A;N/A;N/A;N/A;N/A;N/A;N/A;N/A;N/A;N/A;N/A;N/A;N/A;N/A;N/A;N/A;N/A;N/A;N/A;N/A;N/A;N/A;N/A;N/A;N/A;N/A;N/A;N/A;N/A;N/A;N/A;N/A;N/A;N/A;N/A;N/A;N/A;N/A;N/A;N/A;N/A;N/A;N/A;N/A;N/A;N/A;N/A;N/A;N/A;N/A;N/A;N/A;N/A;N/A;N/A;N/A;N/A;N/A;N/A;N/A;N/A;N/A;N/A;N/A;N/A;N/A;N/A;N/A;N/A;N/A;N/A;N/A;N/A;N/A;N/A;N/A;N/A;N/A;N/A;N/A;N/A;N/A;N/A;N/A;N/A;N/A;N/A;N/A;N/A;N/A;N/A;N/A;N/A;N/A;N/A;N/A;N/A;N/A;Sí;N/A;N/A;N/A;N/A;N/A;N/A;N/A
Toyota;RAV4;"2.4 4x2 manual";2012;"290000 km";;QUIROGAM2011;15000;;;;;Young;https://auto.mercadolibre.com.uy/MLU-646571757-toyota-rav4-24-4x2-manual-_JM;N/A;;"Toyota Rav4 2.4 4x2 Manual";usd;Sí;free;false;N/A;N/A;http://perfil.mercadolibre.com.uy/QUIROGAM2011;active;N/A;N/A;Usado;N/A;N/A;Asistida;4x2;Sí;N/A;Sí;N/A;N/A;N/A;N/A;N/A;N/A;N/A;N/A;N/A;N/A;N/A;N/A;N/A;N/A;N/A;N/A;N/A;N/A;N/A;N/A;N/A;N/A;"2660 mm";"2.4 L";"60 L";4;N/A;N/A;N/A;N/A;N/A;N/A;N/A;N/A;N/A;Sí;N/A;N/A;N/A;N/A;N/A;N/A;N/A;N/A;N/A;N/A;N/A;N/A;N/A;N/A;N/A;N/A;N/A;N/A;N/A;N/A;N/A;N/A;N/A;Sí;Sí;N/A;N/A;N/A;N/A;N/A;N/A;N/A;N/A;N/A;N/A;"1685 mm";"4625 mm";N/A;N/A;N/A;N/A;5;"170 hp";N/A;N/A;4;"1815 mm";N/A;N/A;N/A;N/A;Sí;N/A;N/A;N/A;N/A;N/A;N/A;N/A;N/A;N/A;N/A;N/A;N/A;N/A;5;2.4;Nafta;Automática;SUV;"Autos y camionetas";N/A;N/A;N/A;N/A;N/A;N/A;UY;N/A;N/A;N/A;N/A;N/A;N/A;N/A;N/A;N/A;N/A;N/A;N/A;N/A;N/A;N/A;N/A;N/A;N/A;N/A;N/A;N/A;N/A;N/A;N/A;N/A;N/A;N/A;N/A;N/A;N/A;N/A;N/A;N/A;N/A;N/A;N/A;N/A;N/A;N/A;N/A;N/A;N/A;N/A;N/A;N/A;N/A;N/A;N/A;N/A;N/A;N/A;N/A;N/A;N/A;N/A;N/A;N/A;N/A;N/A;N/A;N/A;N/A;N/A;N/A;N/A;N/A;N/A;N/A;N/A;N/A;N/A;N/A;N/A;N/A;N/A;N/A;N/A;N/A;N/A;N/A;N/A;N/A;N/A;N/A;N/A;N/A;N/A;N/A;N/A;N/A;N/A;N/A;N/A;N/A;N/A;N/A;N/A;N/A;N/A;N/A;N/A;N/A;N/A;N/A;N/A;N/A;N/A;Sí;N/A;N/A;N/A;N/A;Sí;N/A;N/A
Toyota;Corolla;"1.8 XL DIESEL";1990;"521000 km";;RISTASAMIRA20230630220639;5800;;;;;"San José de Mayo";https://auto.mercadolibre.com.uy/MLU-699983890-toyota-corolla-xl-diesel-_JM;N/A;;"Toyota Corolla Xl Diesel";USD;No;free;false;N/A;N/A;http://perfil.mercadolibre.com.uy/RISTASAMIRA20230630220639;active;N/A;N/A;Usado;Blanco;N/A;Hidráulica;N/A;N/A;N/A;N/A;N/A;N/A;N/A;N/A;N/A;N/A;N/A;N/A;N/A;N/A;N/A;N/A;N/A;N/A;N/A;N/A;N/A;N/A;N/A;N/A;N/A;N/A;N/A;N/A;N/A;N/A;N/A;N/A;N/A;N/A;N/A;N/A;N/A;N/A;N/A;N/A;N/A;N/A;N/A;N/A;N/A;N/A;N/A;N/A;N/A;N/A;N/A;N/A;N/A;N/A;N/A;N/A;N/A;N/A;N/A;N/A;N/A;N/A;N/A;N/A;N/A;N/A;N/A;N/A;N/A;N/A;N/A;N/A;N/A;N/A;N/A;N/A;N/A;N/A;N/A;N/A;N/A;N/A;N/A;N/A;N/A;N/A;N/A;N/A;N/A;N/A;N/A;N/A;N/A;N/A;N/A;N/A;N/A;N/A;N/A;N/A;N/A;N/A;N/A;N/A;N/A;4;1.8;Diésel;Manual;N/A;"Autos y camionetas";N/A;N/A;N/A;N/A;N/A;N/A;N/A;N/A;N/A;N/A;N/A;N/A;N/A;N/A;N/A;N/A;N/A;N/A;N/A;N/A;N/A;N/A;N/A;N/A;N/A;N/A;N/A;N/A;N/A;N/A;N/A;N/A;N/A;N/A;N/A;N/A;N/A;N/A;N/A;N/A;N/A;N/A;N/A;N/A;N/A;N/A;N/A;N/A;N/A;N/A;N/A;N/A;N/A;N/A;N/A;N/A;N/A;N/A;N/A;N/A;N/A;N/A;N/A;N/A;N/A;N/A;N/A;N/A;N/A;N/A;N/A;N/A;N/A;N/A;N/A;N/A;N/A;N/A;N/A;N/A;N/A;N/A;N/A;N/A;N/A;N/A;N/A;N/A;N/A;N/A;N/A;N/A;N/A;N/A;N/A;N/A;N/A;N/A;N/A;N/A;N/A;N/A;N/A;N/A;N/A;N/A;N/A;N/A;N/A;N/A;N/A;N/A;N/A;N/A;N/A;N/A;N/A;N/A;N/A;N/A;N/A;N/A
Toyota;Hilux;"3.0 Tdi Srv Cab Doble 4x2 Cuero";2011;"3 km";;GONZALEZJUANMANUEL32;30900;;;;;"La Barra";https://auto.mercadolibre.com.uy/MLU-701794354-toyota-hilux-2011-30-tdi-srv-cab-doble-4x2-cuero-_JM;N/A;;"Toyota Hilux 2011 3.0 Tdi Srv Cab Doble 4x2 Cuero";usd;Sí;free;false;N/A;N/A;http://perfil.mercadolibre.com.uy/GONZALEZJUANMANUEL32;active;N/A;N/A;Usado;N/A;N/A;Hidráulica;4x2;Sí;N/A;Sí;N/A;N/A;N/A;N/A;N/A;N/A;N/A;N/A;N/A;N/A;N/A;N/A;N/A;N/A;N/A;N/A;N/A;N/A;N/A;N/A;N/A;N/A;"2860 mm";"3 L";"80 L";5;N/A;N/A;N/A;N/A;N/A;N/A;N/A;N/A;N/A;N/A;N/A;N/A;N/A;N/A;N/A;N/A;N/A;N/A;N/A;N/A;N/A;N/A;N/A;N/A;N/A;N/A;N/A;N/A;N/A;N/A;N/A;N/A;N/A;N/A;N/A;N/A;N/A;N/A;N/A;N/A;N/A;N/A;N/A;N/A;N/A;"1820 mm";"5255 mm";N/A;N/A;N/A;N/A;5;"163 hp";Srv;N/A;4;"1855 mm";N/A;N/A;N/A;N/A;N/A;N/A;N/A;Sí;N/A;N/A;N/A;N/A;N/A;N/A;N/A;N/A;N/A;N/A;4;3.0;Diésel;Manual;Pick-Up;"Autos y camionetas";N/A;N/A;N/A;N/A;N/A;N/A;UY;N/A;N/A;N/A;N/A;N/A;N/A;N/A;N/A;N/A;N/A;N/A;N/A;N/A;N/A;N/A;N/A;N/A;N/A;N/A;N/A;N/A;N/A;N/A;N/A;N/A;N/A;N/A;N/A;N/A;N/A;N/A;N/A;N/A;N/A;N/A;N/A;N/A;N/A;N/A;N/A;N/A;N/A;N/A;N/A;N/A;N/A;N/A;N/A;N/A;N/A;N/A;N/A;N/A;N/A;N/A;N/A;N/A;N/A;N/A;N/A;N/A;N/A;N/A;N/A;N/A;N/A;N/A;N/A;N/A;N/A;N/A;N/A;N/A;N/A;N/A;N/A;N/A;N/A;N/A;N/A;N/A;N/A;N/A;N/A;N/A;N/A;N/A;N/A;N/A;N/A;N/A;N/A;N/A;N/A;N/A;N/A;N/A;N/A;N/A;N/A;N/A;N/A;N/A;N/A;N/A;Sí;N/A;Sí;N/A;N/A;N/A;N/A;N/A;N/A;N/A
Toyota;4Runner;Limited;2013;"230000 km";;FLOPEDRO;36000;;;;;Rosario;https://auto.mercadolibre.com.uy/MLU-697858514-toyota-4runner-limited-_JM;N/A;;"Toyota 4runner Limited";USD;Sí;free;false;N/A;N/A;http://perfil.mercadolibre.com.uy/FLOPEDRO;active;N/A;N/A;Usado;N/A;N/A;N/A;N/A;N/A;N/A;N/A;N/A;N/A;N/A;N/A;N/A;N/A;N/A;N/A;N/A;N/A;N/A;N/A;N/A;N/A;N/A;N/A;N/A;N/A;N/A;N/A;N/A;N/A;N/A;N/A;N/A;N/A;N/A;N/A;N/A;N/A;N/A;N/A;N/A;N/A;N/A;N/A;N/A;N/A;N/A;N/A;N/A;N/A;N/A;N/A;N/A;N/A;N/A;N/A;N/A;N/A;N/A;N/A;N/A;N/A;N/A;N/A;N/A;N/A;N/A;N/A;N/A;N/A;N/A;N/A;N/A;N/A;N/A;N/A;N/A;N/A;N/A;N/A;N/A;N/A;N/A;N/A;N/A;N/A;N/A;N/A;N/A;N/A;N/A;N/A;N/A;N/A;N/A;N/A;N/A;N/A;N/A;N/A;N/A;N/A;N/A;N/A;N/A;N/A;N/A;N/A;N/A;5;N/A;Nafta;N/A;N/A;"Autos y camionetas";N/A;N/A;N/A;N/A;N/A;N/A;N/A;N/A;N/A;N/A;N/A;N/A;N/A;N/A;N/A;N/A;N/A;N/A;N/A;N/A;N/A;N/A;N/A;N/A;N/A;N/A;N/A;N/A;N/A;N/A;N/A;N/A;N/A;N/A;N/A;N/A;N/A;N/A;N/A;N/A;N/A;N/A;N/A;N/A;N/A;N/A;N/A;N/A;N/A;N/A;N/A;N/A;N/A;N/A;N/A;N/A;N/A;N/A;N/A;N/A;N/A;N/A;N/A;N/A;N/A;N/A;N/A;N/A;N/A;N/A;N/A;N/A;N/A;N/A;N/A;N/A;N/A;N/A;N/A;N/A;N/A;N/A;N/A;N/A;N/A;N/A;N/A;N/A;N/A;N/A;N/A;N/A;N/A;N/A;N/A;N/A;N/A;N/A;N/A;N/A;N/A;N/A;N/A;N/A;N/A;N/A;N/A;N/A;N/A;N/A;N/A;N/A;N/A;N/A;N/A;N/A;N/A;N/A;N/A;N/A;N/A;N/A
Toyota;Hilux;"3.0 srv  D/cab 2x4";2007;"420000 km";;FELALINDE;24000;;;;;Young;https://auto.mercadolibre.com.uy/MLU-699630870-toyota-hilux-30-doble-cabina-_JM;N/A;;"Toyota Hilux 3.0. Doble Cabina";usd;No;free;false;N/A;N/A;http://perfil.mercadolibre.com.uy/FELALINDE;active;N/A;N/A;Usado;Marrón;No;Asistida;Trasera;Sí;Sí;N/A;N/A;N/A;No;N/A;N/A;No;N/A;N/A;No;Sí;N/A;No;N/A;N/A;N/A;N/A;N/A;N/A;N/A;N/A;N/A;N/A;"2860 mm";"3 L";"65 L";5;N/A;N/A;N/A;N/A;N/A;No;N/A;N/A;N/A;N/A;N/A;N/A;N/A;N/A;N/A;N/A;N/A;N/A;N/A;N/A;N/A;N/A;N/A;N/A;N/A;N/A;N/A;N/A;N/A;No;N/A;N/A;N/A;N/A;N/A;N/A;N/A;N/A;N/A;N/A;N/A;N/A;N/A;N/A;N/A;"1730 mm";"4895 mm";N/A;N/A;N/A;N/A;3;"125 hp";Srv;N/A;2;"1690 mm";N/A;No;N/A;No;Sí;N/A;Sí;No;N/A;No;N/A;N/A;No;Sí;N/A;N/A;No;N/A;4;3.0;Diésel;Manual;Pick-Up;"Autos y camionetas";No;N/A;N/A;N/A;N/A;N/A;UY;N/A;No;N/A;N/A;N/A;N/A;N/A;N/A;N/A;N/A;N/A;N/A;N/A;N/A;N/A;N/A;N/A;Sí;N/A;N/A;N/A;N/A;N/A;N/A;N/A;N/A;N/A;N/A;N/A;N/A;N/A;N/A;N/A;N/A;N/A;N/A;N/A;N/A;N/A;N/A;N/A;N/A;N/A;N/A;N/A;N/A;N/A;N/A;N/A;N/A;N/A;N/A;N/A;N/A;N/A;No;N/A;N/A;N/A;N/A;N/A;N/A;N/A;N/A;N/A;N/A;N/A;N/A;N/A;N/A;N/A;N/A;N/A;N/A;N/A;N/A;N/A;N/A;N/A;N/A;N/A;N/A;N/A;N/A;N/A;N/A;N/A;N/A;No;Sí;Sí;Sí;N/A;Sí;N/A;N/A;N/A;N/A;Sí;No;No;Sí;N/A;N/A;No;No;Sí;Sí;Sí;No;Sí;No;Sí;N/A;Sí
Toyota;RAV4;"2.5 Limited 4x4 At";2019;"86000 km";;MONTENEGRORAFAEL98;40500;;;;;Pando;https://auto.mercadolibre.com.uy/MLU-646826251-toyota-rav4-25-limited-_JM;N/A;;"Toyota Rav4 2.5 Limited";usd;Sí;free;false;N/A;N/A;http://perfil.mercadolibre.com.uy/MONTENEGRORAFAEL98;active;N/A;N/A;Usado;N/A;N/A;Eléctrica;4x4;Sí;N/A;Sí;N/A;N/A;N/A;N/A;N/A;Sí;N/A;N/A;N/A;N/A;N/A;N/A;N/A;N/A;N/A;N/A;N/A;N/A;N/A;N/A;N/A;N/A;"2660 mm";"2.5 L";"60 L";6;N/A;N/A;N/A;N/A;N/A;N/A;N/A;N/A;N/A;N/A;N/A;N/A;N/A;N/A;N/A;N/A;N/A;N/A;N/A;N/A;N/A;N/A;N/A;N/A;N/A;N/A;N/A;N/A;N/A;N/A;N/A;N/A;N/A;N/A;N/A;Sí;N/A;N/A;N/A;N/A;N/A;N/A;N/A;N/A;N/A;"1715 mm";"4570 mm";N/A;N/A;N/A;N/A;5;"180 hp";Limited;N/A;4;"1845 mm";N/A;Sí;N/A;N/A;N/A;N/A;N/A;N/A;N/A;Sí;N/A;N/A;N/A;N/A;N/A;N/A;N/A;N/A;5;2.5;Nafta;Automática;SUV;"Autos y camionetas";N/A;N/A;N/A;N/A;N/A;N/A;UY;N/A;N/A;N/A;N/A;N/A;N/A;N/A;N/A;N/A;N/A;N/A;N/A;N/A;N/A;N/A;N/A;N/A;N/A;N/A;N/A;N/A;N/A;N/A;N/A;N/A;N/A;N/A;N/A;N/A;N/A;N/A;N/A;N/A;N/A;N/A;N/A;N/A;N/A;N/A;N/A;N/A;N/A;N/A;N/A;N/A;N/A;N/A;N/A;N/A;N/A;N/A;N/A;N/A;N/A;N/A;N/A;N/A;N/A;N/A;N/A;N/A;N/A;N/A;N/A;N/A;N/A;N/A;N/A;N/A;N/A;N/A;N/A;N/A;N/A;N/A;N/A;N/A;N/A;N/A;N/A;N/A;N/A;N/A;N/A;N/A;N/A;N/A;N/A;N/A;N/A;N/A;N/A;N/A;N/A;N/A;N/A;N/A;N/A;N/A;N/A;N/A;N/A;N/A;N/A;N/A;Sí;N/A;Sí;N/A;N/A;N/A;N/A;Sí;N/A;N/A
Toyota;RAV4;"2.5 4x4 Vx 6at";2016;"150000 km";;JPVILLA25;32500;;;;;"Brazo Oriental";https://auto.mercadolibre.com.uy/MLU-646642717-toyota-rav4-2016-25-4x4-vx-6at-_JM;N/A;;"Toyota Rav4 2016 2.5 4x4 Vx 6at";usd;Sí;free;false;N/A;N/A;http://perfil.mercadolibre.com.uy/JPVILLA25;active;N/A;N/A;Usado;N/A;N/A;Eléctrica;4x4;Sí;N/A;Sí;N/A;N/A;N/A;N/A;N/A;Sí;N/A;N/A;N/A;N/A;N/A;N/A;N/A;N/A;N/A;N/A;N/A;N/A;N/A;N/A;N/A;N/A;"2660 mm";"2.5 L";"60 L";6;N/A;N/A;N/A;N/A;N/A;N/A;N/A;N/A;N/A;N/A;N/A;N/A;N/A;N/A;N/A;N/A;N/A;N/A;N/A;N/A;N/A;N/A;N/A;N/A;N/A;N/A;N/A;N/A;N/A;N/A;N/A;N/A;N/A;N/A;N/A;Sí;N/A;N/A;N/A;N/A;N/A;N/A;N/A;N/A;N/A;"1715 mm";"4570 mm";N/A;N/A;N/A;N/A;5;"180 hp";Vx;N/A;4;"1845 mm";N/A;Sí;N/A;N/A;N/A;N/A;N/A;N/A;N/A;Sí;N/A;N/A;N/A;N/A;N/A;N/A;N/A;N/A;5;2.5;Nafta;Automática;SUV;"Autos y camionetas";N/A;N/A;N/A;N/A;N/A;N/A;UY;N/A;N/A;N/A;N/A;N/A;N/A;N/A;N/A;N/A;N/A;N/A;N/A;N/A;N/A;N/A;N/A;N/A;N/A;N/A;N/A;N/A;N/A;N/A;N/A;N/A;N/A;N/A;N/A;N/A;N/A;N/A;N/A;N/A;N/A;N/A;N/A;N/A;N/A;N/A;N/A;N/A;N/A;N/A;N/A;N/A;N/A;N/A;N/A;N/A;N/A;N/A;N/A;N/A;N/A;N/A;N/A;N/A;N/A;N/A;N/A;N/A;N/A;N/A;N/A;N/A;N/A;N/A;N/A;N/A;N/A;N/A;N/A;N/A;N/A;N/A;N/A;N/A;N/A;N/A;N/A;N/A;N/A;N/A;N/A;N/A;N/A;N/A;N/A;N/A;N/A;N/A;N/A;N/A;N/A;N/A;N/A;N/A;N/A;N/A;N/A;N/A;N/A;N/A;N/A;N/A;Sí;N/A;Sí;N/A;N/A;N/A;N/A;Sí;N/A;N/A
Toyota;Starlet;1981;1999;"1 km";;JIMENA_24;30000;;;;;Paysandú;https://auto.mercadolibre.com.uy/MLU-697449374-toyota-starlet-1981-_JM;N/A;;"Toyota Starlet  1981";UYU;No;free;false;N/A;N/A;http://perfil.mercadolibre.com.uy/JIMENA_24;active;N/A;N/A;Usado;N/A;N/A;N/A;N/A;N/A;N/A;N/A;N/A;N/A;N/A;N/A;N/A;N/A;N/A;N/A;N/A;N/A;N/A;N/A;N/A;N/A;N/A;N/A;N/A;N/A;N/A;N/A;N/A;N/A;N/A;N/A;N/A;N/A;N/A;N/A;N/A;N/A;N/A;N/A;N/A;N/A;N/A;N/A;N/A;N/A;N/A;N/A;N/A;N/A;N/A;N/A;N/A;N/A;N/A;N/A;N/A;N/A;N/A;N/A;N/A;N/A;N/A;N/A;N/A;N/A;N/A;N/A;N/A;N/A;N/A;N/A;N/A;N/A;N/A;N/A;N/A;N/A;N/A;N/A;N/A;N/A;N/A;N/A;N/A;N/A;N/A;N/A;N/A;N/A;N/A;N/A;N/A;N/A;N/A;N/A;N/A;N/A;N/A;N/A;N/A;N/A;N/A;N/A;N/A;N/A;N/A;N/A;N/A;5;N/A;Nafta;N/A;N/A;"Autos y camionetas";N/A;N/A;N/A;N/A;N/A;N/A;N/A;N/A;N/A;N/A;N/A;N/A;N/A;N/A;N/A;N/A;N/A;N/A;N/A;N/A;N/A;N/A;N/A;N/A;N/A;N/A;N/A;N/A;N/A;N/A;N/A;N/A;N/A;N/A;N/A;N/A;N/A;N/A;N/A;N/A;N/A;N/A;N/A;N/A;N/A;N/A;N/A;N/A;N/A;N/A;N/A;N/A;N/A;N/A;N/A;N/A;N/A;N/A;N/A;N/A;N/A;N/A;N/A;N/A;N/A;N/A;N/A;N/A;N/A;N/A;N/A;N/A;N/A;N/A;N/A;N/A;N/A;N/A;N/A;N/A;N/A;N/A;N/A;N/A;N/A;N/A;N/A;N/A;N/A;N/A;N/A;N/A;N/A;N/A;N/A;N/A;N/A;N/A;N/A;N/A;N/A;N/A;N/A;N/A;N/A;N/A;N/A;N/A;N/A;N/A;N/A;N/A;N/A;N/A;N/A;N/A;N/A;N/A;N/A;N/A;N/A;N/A
Toyota;Hilux;"3.0 D/cab 4x4 Srv";2002;"440000 km";;PUIGFEDERICO75;19700;;;;;"Sarand¿ del Yi";https://auto.mercadolibre.com.uy/MLU-646736871-toyota-hilux-30-dcab-4x4-srv-_JM;N/A;;"Toyota Hilux 3.0 D/cab 4x4 Srv";usd;No;free;false;N/A;N/A;http://perfil.mercadolibre.com.uy/PUIGFEDERICO75;active;N/A;N/A;Usado;Blanco;No;N/A;4x4;Sí;N/A;N/A;N/A;N/A;N/A;N/A;N/A;N/A;N/A;N/A;N/A;N/A;N/A;N/A;N/A;N/A;N/A;N/A;N/A;N/A;N/A;N/A;N/A;N/A;"2860 mm";"3 L";"65 L";5;N/A;N/A;N/A;N/A;N/A;N/A;N/A;N/A;N/A;N/A;N/A;N/A;N/A;N/A;N/A;N/A;N/A;N/A;N/A;N/A;N/A;N/A;N/A;N/A;N/A;N/A;N/A;N/A;N/A;N/A;N/A;N/A;N/A;N/A;N/A;N/A;N/A;N/A;N/A;N/A;N/A;N/A;N/A;N/A;N/A;"1730 mm";"4895 mm";N/A;N/A;N/A;N/A;3;"125 hp";Srv;N/A;2;"1690 mm";N/A;N/A;N/A;N/A;N/A;N/A;N/A;N/A;N/A;N/A;N/A;N/A;N/A;N/A;N/A;N/A;N/A;N/A;4;3.0;Diésel;Manual;Pick-Up;"Autos y camionetas";N/A;N/A;N/A;N/A;N/A;N/A;UY;N/A;N/A;N/A;N/A;N/A;N/A;N/A;N/A;N/A;N/A;N/A;N/A;N/A;N/A;N/A;N/A;N/A;N/A;N/A;N/A;N/A;N/A;N/A;N/A;N/A;N/A;N/A;N/A;N/A;N/A;N/A;N/A;N/A;N/A;N/A;N/A;N/A;N/A;N/A;N/A;N/A;N/A;N/A;N/A;N/A;N/A;N/A;N/A;N/A;N/A;N/A;N/A;N/A;N/A;N/A;N/A;N/A;N/A;N/A;N/A;N/A;N/A;N/A;N/A;N/A;N/A;N/A;N/A;N/A;N/A;N/A;N/A;N/A;N/A;N/A;N/A;N/A;N/A;N/A;N/A;N/A;N/A;N/A;N/A;N/A;N/A;N/A;N/A;N/A;N/A;N/A;N/A;N/A;N/A;N/A;N/A;N/A;N/A;N/A;N/A;N/A;N/A;N/A;N/A;N/A;N/A;N/A;Sí;N/A;N/A;N/A;N/A;N/A;N/A;N/A
Toyota;Prius;"1.5 C Hibrido At";2018;"32000 km";;CES191;20900;;;;;Paysandú;https://auto.mercadolibre.com.uy/MLU-699698086-toyota-_JM;N/A;;Toyota;usd;Sí;free;false;N/A;N/A;http://perfil.mercadolibre.com.uy/CES191;active;N/A;N/A;Usado;Blanco;N/A;Hidráulica;Delantera;Sí;N/A;N/A;N/A;N/A;N/A;N/A;N/A;N/A;N/A;N/A;N/A;N/A;N/A;N/A;N/A;N/A;N/A;N/A;N/A;N/A;N/A;N/A;N/A;N/A;"2700 mm";"1.5 L";"43 L";N/A;N/A;N/A;N/A;N/A;N/A;N/A;N/A;N/A;N/A;N/A;N/A;N/A;N/A;N/A;N/A;N/A;N/A;N/A;N/A;N/A;N/A;N/A;N/A;N/A;N/A;N/A;N/A;N/A;N/A;N/A;N/A;N/A;N/A;Sí;Sí;N/A;N/A;N/A;N/A;N/A;N/A;N/A;N/A;N/A;N/A;"1490 mm";"4540 mm";N/A;N/A;N/A;N/A;5;"36 hp";N/A;N/A;4;"1760 mm";N/A;N/A;N/A;N/A;N/A;N/A;N/A;Sí;N/A;N/A;N/A;N/A;N/A;N/A;N/A;N/A;N/A;N/A;5;1.5;Híbrido;Automática;Hatchback;"Autos y camionetas";N/A;N/A;N/A;N/A;N/A;N/A;UY;N/A;N/A;N/A;N/A;N/A;N/A;N/A;N/A;N/A;N/A;N/A;N/A;N/A;N/A;N/A;N/A;N/A;N/A;N/A;N/A;N/A;N/A;N/A;N/A;N/A;N/A;N/A;N/A;N/A;N/A;N/A;N/A;N/A;N/A;N/A;N/A;N/A;N/A;N/A;N/A;N/A;N/A;N/A;N/A;N/A;N/A;N/A;N/A;N/A;N/A;N/A;N/A;N/A;N/A;N/A;N/A;N/A;N/A;N/A;N/A;N/A;N/A;N/A;N/A;N/A;N/A;N/A;N/A;N/A;N/A;N/A;N/A;N/A;N/A;N/A;N/A;N/A;N/A;N/A;N/A;N/A;N/A;N/A;N/A;N/A;N/A;N/A;N/A;N/A;N/A;N/A;N/A;N/A;N/A;N/A;N/A;N/A;N/A;N/A;N/A;N/A;N/A;N/A;N/A;N/A;Sí;N/A;Sí;N/A;N/A;N/A;N/A;Sí;N/A;Sí
Toyota;Hilux;"2.7 D.cab. Srv";2023;"28000 km";;SANPA80;34500;;;;;Buceo;https://auto.mercadolibre.com.uy/MLU-699964116-toyota-hilux-27-dcab-srv-_JM;N/A;;"Toyota Hilux 2.7 D.cab. Srv";usd;Sí;free;false;N/A;N/A;http://perfil.mercadolibre.com.uy/SANPA80;active;N/A;N/A;Usado;Blanco;Sí;Hidráulica;4x2;Sí;N/A;Sí;N/A;N/A;N/A;N/A;N/A;N/A;N/A;N/A;N/A;N/A;N/A;N/A;N/A;N/A;N/A;N/A;N/A;N/A;N/A;N/A;N/A;N/A;"2860 mm";"2.7 L";"80 L";5;N/A;N/A;N/A;N/A;N/A;N/A;N/A;N/A;N/A;Sí;N/A;N/A;N/A;N/A;N/A;N/A;N/A;N/A;N/A;N/A;N/A;N/A;N/A;N/A;N/A;N/A;N/A;N/A;N/A;N/A;N/A;N/A;N/A;Sí;N/A;N/A;N/A;N/A;N/A;N/A;N/A;N/A;N/A;N/A;N/A;"1850 mm";"5260 mm";N/A;N/A;N/A;N/A;5;"177 hp";Srv;N/A;2;"1855 mm";N/A;Sí;N/A;N/A;N/A;N/A;N/A;N/A;N/A;N/A;N/A;N/A;N/A;N/A;N/A;N/A;N/A;N/A;4;2.7;Nafta;Manual;Pick-Up;"Autos y camionetas";N/A;N/A;N/A;N/A;N/A;N/A;UY;N/A;N/A;N/A;N/A;N/A;N/A;N/A;N/A;N/A;N/A;N/A;N/A;N/A;N/A;N/A;N/A;N/A;N/A;N/A;N/A;N/A;N/A;N/A;N/A;N/A;N/A;N/A;N/A;N/A;N/A;N/A;N/A;N/A;N/A;N/A;N/A;N/A;N/A;N/A;N/A;N/A;N/A;N/A;N/A;N/A;N/A;N/A;N/A;N/A;N/A;N/A;N/A;N/A;N/A;N/A;N/A;N/A;N/A;N/A;N/A;N/A;N/A;N/A;N/A;N/A;N/A;N/A;N/A;N/A;N/A;N/A;N/A;N/A;N/A;N/A;N/A;N/A;N/A;N/A;N/A;N/A;N/A;N/A;N/A;N/A;N/A;N/A;N/A;N/A;N/A;N/A;N/A;N/A;N/A;N/A;N/A;N/A;N/A;N/A;N/A;N/A;N/A;N/A;N/A;N/A;Sí;N/A;Sí;N/A;N/A;N/A;Sí;Sí;N/A;N/A
Toyota;Etios;"1.5 Sedan X";2017;"460000 km";;RECARTETEDDY;6600;;;;;"Las Piedras";https://auto.mercadolibre.com.uy/MLU-697702240-toyota-etios-15-sedan-x-_JM;N/A;;"Toyota Etios 1.5 Sedan X";usd;Sí;free;false;N/A;N/A;http://perfil.mercadolibre.com.uy/RECARTETEDDY;active;N/A;N/A;Usado;Blanco;Sí;Eléctrica;Delantera;Sí;Sí;N/A;N/A;N/A;No;N/A;N/A;No;N/A;N/A;No;Sí;N/A;No;N/A;N/A;N/A;N/A;N/A;N/A;N/A;N/A;N/A;N/A;"2460 mm";"1.5 L";"45 L";5;N/A;N/A;N/A;N/A;N/A;No;N/A;N/A;N/A;N/A;N/A;N/A;N/A;N/A;N/A;N/A;N/A;N/A;N/A;N/A;N/A;N/A;N/A;N/A;N/A;N/A;N/A;N/A;N/A;No;N/A;N/A;N/A;N/A;N/A;N/A;N/A;N/A;N/A;N/A;N/A;N/A;N/A;N/A;N/A;"1510 mm";"4265 mm";N/A;N/A;N/A;N/A;5;"90 hp";X;N/A;4;"1695 mm";"13.8 km/l";No;N/A;Sí;Sí;N/A;Sí;Sí;N/A;No;N/A;"12.4 km/l";Sí;Sí;N/A;N/A;Sí;"Cualquier horario";4;1.5;Nafta;Manual;Sedán;"Autos y camionetas";N/A;N/A;N/A;N/A;N/A;N/A;UY;N/A;N/A;N/A;N/A;N/A;N/A;N/A;N/A;N/A;N/A;N/A;N/A;N/A;N/A;N/A;N/A;N/A;No;N/A;N/A;N/A;N/A;N/A;N/A;N/A;N/A;N/A;N/A;N/A;N/A;N/A;N/A;N/A;N/A;N/A;N/A;N/A;N/A;N/A;N/A;N/A;N/A;N/A;N/A;N/A;N/A;N/A;N/A;N/A;N/A;N/A;N/A;N/A;N/A;N/A;N/A;N/A;N/A;N/A;N/A;N/A;N/A;N/A;N/A;N/A;N/A;N/A;N/A;N/A;N/A;N/A;N/A;N/A;N/A;N/A;N/A;N/A;N/A;N/A;N/A;N/A;N/A;N/A;N/A;N/A;N/A;N/A;N/A;No;Sí;No;No;N/A;Sí;N/A;N/A;N/A;N/A;Sí;No;No;Sí;N/A;N/A;Sí;No;Sí;Sí;Sí;Sí;Sí;No;Sí;N/A;Sí
Toyota;Prius;"1.5 C Hibrido At";2019;"172000 km";;AC20240721170912;15700;;;;;"Pajas Blancas";https://auto.mercadolibre.com.uy/MLU-699992342-toyota-prius-_JM;N/A;;"Toyota Prius";usd;Sí;free;false;N/A;N/A;http://perfil.mercadolibre.com.uy/AC20240721170912;active;N/A;N/A;Usado;Azul;N/A;Hidráulica;Delantera;Sí;N/A;N/A;N/A;N/A;N/A;N/A;N/A;N/A;N/A;N/A;N/A;N/A;N/A;N/A;N/A;N/A;N/A;N/A;N/A;N/A;N/A;N/A;N/A;N/A;"2700 mm";"1.5 L";"43 L";N/A;N/A;N/A;N/A;N/A;N/A;N/A;N/A;N/A;N/A;N/A;N/A;N/A;N/A;N/A;N/A;N/A;N/A;N/A;N/A;N/A;N/A;N/A;N/A;N/A;N/A;N/A;N/A;N/A;N/A;N/A;N/A;N/A;N/A;Sí;Sí;N/A;N/A;N/A;N/A;N/A;N/A;N/A;N/A;N/A;N/A;"1490 mm";"4540 mm";N/A;N/A;N/A;N/A;5;"36 hp";N/A;N/A;4;"1760 mm";N/A;N/A;N/A;N/A;N/A;N/A;N/A;Sí;N/A;N/A;N/A;N/A;N/A;N/A;N/A;N/A;N/A;N/A;5;1.5;Híbrido;Automática;Hatchback;"Autos y camionetas";N/A;N/A;N/A;N/A;N/A;N/A;UY;N/A;N/A;N/A;N/A;N/A;N/A;N/A;N/A;N/A;N/A;N/A;N/A;N/A;N/A;N/A;N/A;N/A;N/A;N/A;N/A;N/A;N/A;N/A;N/A;N/A;N/A;N/A;N/A;N/A;N/A;N/A;N/A;N/A;N/A;N/A;N/A;N/A;N/A;N/A;N/A;N/A;N/A;N/A;N/A;N/A;N/A;N/A;N/A;N/A;N/A;N/A;N/A;N/A;N/A;N/A;N/A;N/A;N/A;N/A;N/A;N/A;N/A;N/A;N/A;N/A;N/A;N/A;N/A;N/A;N/A;N/A;N/A;N/A;N/A;N/A;N/A;N/A;N/A;N/A;N/A;N/A;N/A;N/A;N/A;N/A;N/A;N/A;N/A;N/A;N/A;N/A;N/A;N/A;N/A;N/A;N/A;N/A;N/A;N/A;N/A;N/A;N/A;N/A;N/A;N/A;Sí;N/A;Sí;N/A;N/A;N/A;N/A;Sí;N/A;Sí
Toyota;Corolla;"1.8 Xei Mt Pack";2011;"216000 km";;EUROCCA;16000;;;;;Shangrilá;https://auto.mercadolibre.com.uy/MLU-646715329-toyota-corolla-18-xei-mt-pack-_JM;N/A;;"Toyota Corolla 1.8 Xei Mt Pack";usd;Sí;free;false;N/A;N/A;http://perfil.mercadolibre.com.uy/EUROCCA;active;N/A;N/A;Usado;Gris;No;Eléctrica;Delantera;Sí;N/A;Sí;N/A;N/A;N/A;N/A;N/A;N/A;N/A;N/A;N/A;N/A;N/A;N/A;N/A;N/A;N/A;N/A;N/A;N/A;N/A;N/A;N/A;N/A;"2600 mm";"1.8 L";"55 L";5;N/A;N/A;N/A;N/A;N/A;N/A;N/A;N/A;N/A;N/A;N/A;N/A;N/A;N/A;N/A;N/A;N/A;N/A;N/A;N/A;N/A;N/A;N/A;N/A;N/A;N/A;N/A;N/A;N/A;N/A;N/A;N/A;N/A;N/A;N/A;N/A;N/A;N/A;N/A;N/A;N/A;N/A;N/A;N/A;N/A;"1485 mm";"4530 mm";N/A;N/A;N/A;N/A;5;"136 hp";Xei;N/A;4;"1760 mm";"13.5 km/l";N/A;N/A;N/A;N/A;N/A;N/A;Sí;N/A;N/A;N/A;N/A;N/A;N/A;N/A;N/A;N/A;"Todo el dia";4;1.8;Nafta;Manual;Sedán;"Autos y camionetas";N/A;N/A;N/A;N/A;N/A;N/A;UY;N/A;N/A;N/A;N/A;N/A;N/A;N/A;N/A;N/A;N/A;N/A;N/A;N/A;N/A;N/A;N/A;N/A;N/A;N/A;N/A;N/A;N/A;N/A;N/A;N/A;N/A;N/A;N/A;N/A;N/A;N/A;N/A;N/A;N/A;N/A;N/A;N/A;N/A;N/A;N/A;N/A;N/A;N/A;N/A;N/A;N/A;N/A;N/A;N/A;N/A;N/A;N/A;N/A;N/A;N/A;N/A;N/A;N/A;N/A;N/A;N/A;N/A;N/A;N/A;N/A;N/A;N/A;N/A;N/A;N/A;N/A;N/A;N/A;N/A;N/A;N/A;N/A;N/A;N/A;N/A;N/A;N/A;N/A;N/A;N/A;N/A;N/A;N/A;N/A;N/A;N/A;N/A;N/A;N/A;N/A;N/A;N/A;N/A;N/A;N/A;N/A;N/A;N/A;N/A;N/A;Sí;N/A;Sí;N/A;N/A;N/A;N/A;N/A;N/A;N/A
Toyota;Tercel;1.3;1993;"200000 km";;DEEZ440705;2000;;;;;Tarariras;https://auto.mercadolibre.com.uy/MLU-701469464-toyota-tercel-13-_JM;N/A;;"Toyota Tercel 1.3";usd;No;free;false;N/A;N/A;http://perfil.mercadolibre.com.uy/DEEZ440705;active;N/A;N/A;Usado;Rojo;N/A;Mecánica;Delantera;Sí;N/A;N/A;N/A;N/A;N/A;N/A;N/A;N/A;N/A;N/A;N/A;N/A;N/A;N/A;N/A;N/A;N/A;N/A;N/A;N/A;N/A;N/A;N/A;N/A;"2380 mm";"1.3 L";"45 L";4;N/A;N/A;N/A;N/A;N/A;N/A;N/A;N/A;N/A;N/A;N/A;N/A;N/A;N/A;N/A;N/A;N/A;N/A;N/A;N/A;N/A;N/A;N/A;N/A;N/A;N/A;N/A;N/A;N/A;N/A;N/A;N/A;N/A;N/A;N/A;N/A;N/A;N/A;N/A;N/A;N/A;N/A;N/A;N/A;N/A;"1365 mm";"3930 mm";N/A;N/A;N/A;N/A;5;"93 hp";N/A;N/A;4;"1645 mm";N/A;N/A;N/A;N/A;N/A;N/A;N/A;N/A;N/A;N/A;N/A;N/A;N/A;N/A;N/A;N/A;N/A;N/A;4;1.3;Nafta;Manual;Sedán;"Autos y camionetas";N/A;N/A;N/A;N/A;N/A;N/A;UY;N/A;N/A;N/A;N/A;N/A;N/A;N/A;N/A;N/A;N/A;N/A;N/A;N/A;N/A;N/A;N/A;N/A;N/A;N/A;N/A;N/A;N/A;N/A;N/A;N/A;N/A;N/A;N/A;N/A;N/A;N/A;N/A;N/A;N/A;N/A;N/A;N/A;N/A;N/A;N/A;N/A;N/A;N/A;N/A;N/A;N/A;N/A;N/A;N/A;N/A;N/A;N/A;N/A;N/A;N/A;N/A;N/A;N/A;N/A;N/A;N/A;N/A;N/A;N/A;N/A;N/A;N/A;N/A;N/A;N/A;N/A;N/A;N/A;N/A;N/A;N/A;N/A;N/A;N/A;N/A;N/A;N/A;N/A;N/A;N/A;N/A;N/A;N/A;N/A;N/A;N/A;N/A;N/A;N/A;N/A;N/A;N/A;N/A;N/A;N/A;N/A;N/A;N/A;N/A;N/A;N/A;N/A;N/A;N/A;N/A;N/A;N/A;N/A;N/A;N/A
Toyota;Tercel;1.3;1995;"197000 km";;PEFL4613647;5700;;;;;"San Carlos";https://auto.mercadolibre.com.uy/MLU-646572061-toyota-tercel-1995-13-_JM;N/A;;"Toyota Tercel 1995 1.3";usd;No;free;false;N/A;N/A;http://perfil.mercadolibre.com.uy/PEFL4613647;active;N/A;N/A;Usado;N/A;N/A;N/A;Delantera;Sí;N/A;N/A;N/A;N/A;N/A;N/A;N/A;N/A;N/A;N/A;N/A;N/A;N/A;N/A;N/A;N/A;N/A;N/A;N/A;N/A;N/A;N/A;N/A;N/A;"2380 mm";"1.3 L";"45 L";4;N/A;N/A;N/A;N/A;N/A;N/A;N/A;N/A;N/A;N/A;N/A;N/A;N/A;N/A;N/A;N/A;N/A;N/A;N/A;N/A;N/A;N/A;N/A;N/A;N/A;N/A;N/A;N/A;N/A;N/A;N/A;N/A;N/A;N/A;N/A;N/A;N/A;N/A;N/A;N/A;N/A;N/A;N/A;N/A;N/A;"1365 mm";"3930 mm";N/A;N/A;N/A;N/A;5;"93 hp";N/A;N/A;4;"1645 mm";N/A;N/A;N/A;N/A;N/A;N/A;N/A;N/A;N/A;N/A;N/A;N/A;N/A;N/A;N/A;N/A;N/A;N/A;4;1.3;Nafta;Manual;Sedán;"Autos y camionetas";N/A;N/A;N/A;N/A;N/A;N/A;UY;N/A;N/A;N/A;N/A;N/A;N/A;N/A;N/A;N/A;N/A;N/A;N/A;N/A;N/A;N/A;N/A;N/A;N/A;N/A;N/A;N/A;N/A;N/A;N/A;N/A;N/A;N/A;N/A;N/A;N/A;N/A;N/A;N/A;N/A;N/A;N/A;N/A;N/A;N/A;N/A;N/A;N/A;N/A;N/A;N/A;N/A;N/A;N/A;N/A;N/A;N/A;N/A;N/A;N/A;N/A;N/A;N/A;N/A;N/A;N/A;N/A;N/A;N/A;N/A;N/A;N/A;N/A;N/A;N/A;N/A;N/A;N/A;N/A;N/A;N/A;N/A;N/A;N/A;N/A;N/A;N/A;N/A;N/A;N/A;N/A;N/A;N/A;N/A;N/A;N/A;N/A;N/A;N/A;N/A;N/A;N/A;N/A;N/A;N/A;N/A;N/A;N/A;N/A;N/A;N/A;N/A;N/A;N/A;N/A;N/A;N/A;N/A;N/A;N/A;N/A
Toyota;Yaris;Hb;2000;"120000 km";;FEGA8195672;5000;;;;;Minas;https://auto.mercadolibre.com.uy/MLU-646364311-vidrios-electricos-y-muy-completo-el-audio-_JM;N/A;;"Vidrios Eléctricos Y Muy Completo El Audio";USD;No;free;false;N/A;N/A;http://perfil.mercadolibre.com.uy/FEGA8195672;active;N/A;N/A;Usado;Naranja;No;Asistida;N/A;Sí;Sí;N/A;N/A;N/A;N/A;N/A;N/A;N/A;N/A;N/A;N/A;Sí;N/A;N/A;N/A;N/A;N/A;N/A;N/A;N/A;N/A;N/A;N/A;N/A;N/A;N/A;N/A;N/A;N/A;N/A;N/A;N/A;N/A;N/A;N/A;N/A;N/A;N/A;N/A;N/A;N/A;N/A;N/A;N/A;N/A;N/A;N/A;N/A;N/A;N/A;N/A;N/A;N/A;N/A;N/A;N/A;N/A;N/A;N/A;N/A;N/A;N/A;N/A;N/A;N/A;N/A;N/A;N/A;N/A;N/A;N/A;N/A;N/A;N/A;N/A;N/A;N/A;N/A;N/A;N/A;N/A;N/A;N/A;N/A;N/A;N/A;N/A;N/A;N/A;N/A;N/A;N/A;N/A;N/A;N/A;N/A;N/A;N/A;N/A;N/A;N/A;N/A;N/A;5;1.5;Nafta;Manual;Hatchback;"Autos y camionetas";N/A;N/A;N/A;N/A;N/A;N/A;N/A;N/A;N/A;N/A;N/A;N/A;N/A;N/A;N/A;N/A;N/A;N/A;N/A;N/A;N/A;N/A;N/A;N/A;N/A;N/A;N/A;N/A;N/A;N/A;N/A;N/A;N/A;N/A;N/A;N/A;N/A;N/A;N/A;N/A;N/A;N/A;N/A;N/A;N/A;N/A;N/A;N/A;N/A;N/A;N/A;N/A;N/A;N/A;N/A;N/A;N/A;N/A;N/A;N/A;N/A;N/A;N/A;N/A;N/A;N/A;N/A;N/A;N/A;N/A;N/A;N/A;N/A;N/A;N/A;N/A;N/A;N/A;N/A;N/A;N/A;N/A;N/A;N/A;N/A;N/A;N/A;N/A;N/A;N/A;N/A;N/A;N/A;N/A;N/A;N/A;N/A;Sí;Sí;N/A;N/A;N/A;N/A;N/A;N/A;N/A;N/A;N/A;N/A;N/A;N/A;N/A;N/A;N/A;Sí;Sí;Sí;N/A;Sí;Sí;N/A;Sí
Toyota;Corolla;"1.8 Se-g At 136cv";2013;"124000 km";;SANCHEZDARIO63;17000;;;;;Tacuarembó;https://auto.mercadolibre.com.uy/MLU-646819733-toyota-corolla-18-se-g-at-136cv-_JM;N/A;;"Toyota Corolla 1.8 Se-g At 136cv";usd;Sí;free;false;N/A;N/A;http://perfil.mercadolibre.com.uy/SANCHEZDARIO63;active;N/A;N/A;Usado;Gris;No;Eléctrica;Delantera;Sí;N/A;Sí;N/A;N/A;Sí;N/A;N/A;N/A;N/A;N/A;N/A;Sí;N/A;Sí;N/A;N/A;N/A;N/A;N/A;N/A;N/A;N/A;N/A;N/A;"2600 mm";"1.8 L";"57 L";4;N/A;N/A;N/A;N/A;N/A;No;N/A;N/A;N/A;Sí;N/A;N/A;N/A;N/A;N/A;N/A;N/A;N/A;N/A;N/A;N/A;N/A;N/A;N/A;N/A;N/A;N/A;N/A;N/A;N/A;N/A;N/A;N/A;Sí;Sí;N/A;N/A;N/A;N/A;N/A;N/A;N/A;N/A;N/A;N/A;"1465 mm";"4540 mm";N/A;N/A;N/A;N/A;5;"136 hp";Se-g;N/A;4;"1760 mm";"13.5 km/l";No;N/A;Sí;Sí;N/A;No;Sí;N/A;Sí;Sí;N/A;N/A;N/A;N/A;N/A;N/A;N/A;4;1.8;Nafta;Automática;Sedán;"Autos y camionetas";N/A;N/A;N/A;N/A;N/A;N/A;UY;N/A;N/A;N/A;N/A;N/A;N/A;N/A;N/A;N/A;N/A;N/A;N/A;N/A;N/A;N/A;N/A;N/A;N/A;N/A;N/A;N/A;N/A;N/A;N/A;N/A;N/A;N/A;N/A;N/A;N/A;N/A;N/A;N/A;N/A;N/A;N/A;N/A;N/A;N/A;N/A;N/A;N/A;N/A;N/A;N/A;N/A;N/A;N/A;N/A;N/A;N/A;N/A;N/A;N/A;N/A;N/A;N/A;N/A;N/A;N/A;N/A;N/A;N/A;N/A;N/A;N/A;N/A;N/A;N/A;N/A;N/A;N/A;N/A;N/A;N/A;N/A;N/A;N/A;N/A;N/A;N/A;N/A;N/A;N/A;N/A;N/A;N/A;N/A;N/A;N/A;N/A;Sí;N/A;N/A;N/A;N/A;N/A;N/A;N/A;Sí;N/A;N/A;N/A;N/A;N/A;Sí;N/A;Sí;Sí;No;Sí;N/A;Sí;N/A;N/A
Toyota;Corolla;"2.0 D XLI";2014;"1 km";;PACHON15;9700;;;;;N/A;https://auto.mercadolibre.com.uy/MLU-645949527-toyota-corolla-20-d-xli-_JM;N/A;;"Toyota Corolla 2.0 D Xli";USD;Sí;free;false;N/A;N/A;http://perfil.mercadolibre.com.uy/PACHON15;active;N/A;N/A;Usado;N/A;N/A;N/A;N/A;N/A;N/A;N/A;N/A;N/A;N/A;N/A;N/A;N/A;N/A;N/A;N/A;N/A;N/A;N/A;N/A;N/A;N/A;N/A;N/A;N/A;N/A;N/A;N/A;N/A;N/A;N/A;N/A;N/A;N/A;N/A;N/A;N/A;N/A;N/A;N/A;N/A;N/A;N/A;N/A;N/A;N/A;N/A;N/A;N/A;N/A;N/A;N/A;N/A;N/A;N/A;N/A;N/A;N/A;N/A;N/A;N/A;N/A;N/A;N/A;N/A;N/A;N/A;N/A;N/A;N/A;N/A;N/A;N/A;N/A;N/A;N/A;N/A;N/A;N/A;N/A;N/A;N/A;N/A;N/A;N/A;N/A;N/A;N/A;N/A;N/A;N/A;N/A;N/A;N/A;N/A;N/A;N/A;N/A;N/A;N/A;N/A;N/A;N/A;N/A;N/A;N/A;N/A;N/A;4;N/A;Diésel;N/A;N/A;"Autos y camionetas";N/A;N/A;N/A;N/A;N/A;N/A;N/A;N/A;N/A;N/A;N/A;N/A;N/A;N/A;N/A;N/A;N/A;N/A;N/A;N/A;N/A;N/A;N/A;N/A;N/A;N/A;N/A;N/A;N/A;N/A;N/A;N/A;N/A;N/A;N/A;N/A;N/A;N/A;N/A;N/A;N/A;N/A;N/A;N/A;N/A;N/A;N/A;N/A;N/A;N/A;N/A;N/A;N/A;N/A;N/A;N/A;N/A;N/A;N/A;N/A;N/A;N/A;N/A;N/A;N/A;N/A;N/A;N/A;N/A;N/A;N/A;N/A;N/A;N/A;N/A;N/A;N/A;N/A;N/A;N/A;N/A;N/A;N/A;N/A;N/A;N/A;N/A;N/A;N/A;N/A;N/A;N/A;N/A;N/A;N/A;N/A;N/A;N/A;N/A;N/A;N/A;N/A;N/A;N/A;N/A;N/A;N/A;N/A;N/A;N/A;N/A;N/A;N/A;N/A;N/A;N/A;N/A;N/A;N/A;N/A;N/A;N/A
Toyota;Hilux;"3.0 Tdi Srv Cab Doble 4x2 (2009)";2010;"209336 km";;JUJOPE_DRU;34000;;;;;Pando;https://auto.mercadolibre.com.uy/MLU-699694096-toyota-hilux-30d-_JM;N/A;;"Toyota Hilux 3.0d ";usd;Sí;free;false;N/A;N/A;http://perfil.mercadolibre.com.uy/JUJOPE_DRU;active;N/A;N/A;Usado;Azul;N/A;Hidráulica;4x2;Sí;N/A;Sí;N/A;N/A;N/A;N/A;N/A;N/A;N/A;N/A;N/A;N/A;N/A;N/A;N/A;N/A;N/A;N/A;N/A;N/A;N/A;N/A;N/A;N/A;"2860 mm";"3 L";"80 L";5;N/A;N/A;N/A;N/A;N/A;N/A;N/A;N/A;N/A;N/A;N/A;N/A;N/A;N/A;N/A;N/A;N/A;N/A;N/A;N/A;N/A;N/A;N/A;N/A;N/A;N/A;N/A;N/A;N/A;N/A;N/A;N/A;N/A;N/A;N/A;N/A;N/A;N/A;N/A;N/A;N/A;N/A;N/A;N/A;N/A;"1820 mm";"5255 mm";N/A;N/A;N/A;N/A;5;"163 hp";Srv;N/A;4;"1855 mm";N/A;No;N/A;N/A;N/A;N/A;N/A;Sí;N/A;N/A;N/A;N/A;N/A;N/A;N/A;N/A;N/A;"Lunes a Viernes 10 a 20 horas";4;3.0;Diésel;Manual;Pick-Up;"Autos y camionetas";N/A;N/A;N/A;N/A;N/A;N/A;UY;N/A;N/A;N/A;N/A;N/A;N/A;N/A;N/A;N/A;N/A;N/A;N/A;N/A;N/A;N/A;N/A;N/A;N/A;N/A;N/A;N/A;N/A;N/A;N/A;N/A;N/A;N/A;N/A;N/A;N/A;N/A;N/A;N/A;N/A;N/A;N/A;N/A;N/A;N/A;N/A;N/A;N/A;N/A;N/A;N/A;N/A;N/A;N/A;N/A;N/A;N/A;N/A;N/A;N/A;N/A;N/A;N/A;N/A;N/A;N/A;N/A;N/A;N/A;N/A;N/A;N/A;N/A;N/A;N/A;N/A;N/A;N/A;N/A;N/A;N/A;N/A;N/A;N/A;N/A;N/A;N/A;N/A;N/A;N/A;N/A;N/A;N/A;N/A;N/A;N/A;N/A;N/A;N/A;N/A;N/A;N/A;N/A;N/A;N/A;N/A;N/A;N/A;N/A;N/A;N/A;Sí;N/A;Sí;N/A;N/A;N/A;N/A;N/A;N/A;N/A
Toyota;Hilux;"2.4 P.up T.diesel Dx";2018;"125214 km";;FELIX2107;37900;;;;;"Treinta y Tres";https://auto.mercadolibre.com.uy/MLU-699194992-toyota-hilux-24-pup-tdiesel-dx-_JM;N/A;;"Toyota Hilux 2.4 P.up T.diesel Dx";usd;Sí;free;false;N/A;N/A;http://perfil.mercadolibre.com.uy/FELIX2107;active;N/A;N/A;Usado;Blanco;No;Hidráulica;4x2;Sí;Sí;N/A;N/A;N/A;No;N/A;N/A;No;N/A;N/A;No;Sí;N/A;No;N/A;N/A;N/A;N/A;N/A;N/A;N/A;N/A;N/A;N/A;"2860 mm";"2.4 L";"80 L";5;N/A;N/A;N/A;N/A;N/A;No;N/A;N/A;N/A;N/A;N/A;N/A;N/A;N/A;N/A;N/A;N/A;N/A;N/A;N/A;N/A;N/A;N/A;N/A;N/A;N/A;N/A;N/A;N/A;No;N/A;N/A;N/A;N/A;N/A;N/A;N/A;N/A;N/A;N/A;N/A;N/A;N/A;N/A;N/A;"1850 mm";"5260 mm";N/A;N/A;N/A;N/A;5;"150 hp";Dx;N/A;4;"1855 mm";"8.2 km/l";No;N/A;Sí;Sí;N/A;Sí;No;N/A;No;N/A;"6.3 km/l";No;Sí;N/A;N/A;No;"Todo el dia";4;2.4;Diésel;Manual;Pick-Up;"Autos y camionetas";No;N/A;N/A;N/A;No;N/A;UY;N/A;Sí;N/A;No;N/A;N/A;N/A;N/A;N/A;N/A;N/A;N/A;N/A;N/A;N/A;N/A;N/A;Sí;N/A;N/A;N/A;N/A;N/A;N/A;N/A;N/A;N/A;N/A;N/A;N/A;N/A;N/A;N/A;N/A;N/A;N/A;No;N/A;N/A;N/A;N/A;N/A;N/A;N/A;N/A;N/A;N/A;N/A;N/A;N/A;N/A;N/A;N/A;N/A;No;Sí;N/A;N/A;N/A;N/A;N/A;N/A;N/A;N/A;N/A;N/A;N/A;N/A;N/A;N/A;N/A;N/A;N/A;N/A;N/A;N/A;N/A;N/A;N/A;N/A;N/A;N/A;N/A;N/A;N/A;N/A;N/A;N/A;Sí;Sí;No;Sí;N/A;Sí;N/A;N/A;N/A;N/A;Sí;No;No;Sí;N/A;N/A;N/A;Sí;Sí;Sí;Sí;Sí;No;No;Sí;N/A;Sí
Toyota;Yaris;"1.5 Hb Core 5vel Aa Mt";2009;"160000 km";;GERARDOCORBO;9500;;;;;"Nuevo Berlín";https://auto.mercadolibre.com.uy/MLU-700546812-toyota-yaris-2009-15-hb-core-5vel-aa-mt-_JM;N/A;;"Toyota Yaris 2009 1.5 Hb Core 5vel Aa Mt";usd;Sí;free;false;N/A;N/A;http://perfil.mercadolibre.com.uy/GERARDOCORBO;active;N/A;N/A;Usado;N/A;N/A;Hidráulica;Delantera;Sí;N/A;N/A;N/A;N/A;N/A;N/A;N/A;N/A;N/A;N/A;N/A;N/A;N/A;N/A;N/A;N/A;N/A;N/A;N/A;N/A;N/A;N/A;N/A;N/A;N/A;"1.5 L";N/A;N/A;N/A;N/A;N/A;N/A;N/A;N/A;N/A;N/A;N/A;N/A;N/A;N/A;N/A;N/A;N/A;N/A;N/A;N/A;N/A;N/A;N/A;N/A;N/A;N/A;N/A;N/A;N/A;N/A;N/A;N/A;N/A;N/A;N/A;N/A;N/A;N/A;N/A;N/A;N/A;N/A;N/A;N/A;N/A;N/A;N/A;N/A;N/A;N/A;N/A;N/A;N/A;5;N/A;Core;N/A;N/A;N/A;N/A;N/A;N/A;N/A;N/A;N/A;N/A;N/A;N/A;N/A;N/A;N/A;N/A;N/A;N/A;N/A;N/A;N/A;5;1.5;Nafta;Manual;Hatchback;"Autos y camionetas";N/A;N/A;N/A;N/A;N/A;N/A;UY;N/A;N/A;N/A;N/A;N/A;N/A;N/A;N/A;N/A;N/A;N/A;N/A;N/A;N/A;N/A;N/A;N/A;N/A;N/A;N/A;N/A;N/A;N/A;N/A;N/A;N/A;N/A;N/A;N/A;N/A;N/A;N/A;N/A;N/A;N/A;N/A;N/A;N/A;N/A;N/A;N/A;N/A;N/A;N/A;N/A;N/A;N/A;N/A;N/A;N/A;N/A;N/A;N/A;N/A;N/A;N/A;N/A;N/A;N/A;N/A;N/A;N/A;N/A;N/A;N/A;N/A;N/A;N/A;N/A;N/A;N/A;N/A;N/A;N/A;N/A;N/A;N/A;N/A;N/A;N/A;N/A;N/A;N/A;N/A;N/A;N/A;N/A;N/A;N/A;N/A;N/A;N/A;N/A;N/A;N/A;N/A;N/A;N/A;N/A;N/A;N/A;N/A;N/A;N/A;N/A;N/A;N/A;Sí;N/A;N/A;N/A;N/A;N/A;N/A;N/A
Toyota;Prius;"1.5 C Hibrido At";2018;"123000 km";;RAVOTTOFRANCO;16500;;;;;"Tres Cruces";https://auto.mercadolibre.com.uy/MLU-701629412-toyota-prius-2018-15-c-hibrido-at-_JM;N/A;;"Toyota Prius 2018 1.5 C Hibrido At";usd;Sí;free;false;N/A;N/A;http://perfil.mercadolibre.com.uy/RAVOTTOFRANCO;active;N/A;N/A;Usado;N/A;N/A;Hidráulica;Delantera;Sí;N/A;N/A;N/A;N/A;N/A;N/A;N/A;N/A;N/A;N/A;N/A;N/A;N/A;N/A;N/A;N/A;N/A;N/A;N/A;N/A;N/A;N/A;N/A;N/A;"2700 mm";"1.5 L";"43 L";N/A;N/A;N/A;N/A;N/A;N/A;N/A;N/A;N/A;N/A;N/A;N/A;N/A;N/A;N/A;N/A;N/A;N/A;N/A;N/A;N/A;N/A;N/A;N/A;N/A;N/A;N/A;N/A;N/A;N/A;N/A;N/A;N/A;N/A;Sí;Sí;N/A;N/A;N/A;N/A;N/A;N/A;N/A;N/A;N/A;N/A;"1490 mm";"4540 mm";N/A;N/A;N/A;N/A;5;"36 hp";N/A;N/A;4;"1760 mm";N/A;N/A;N/A;N/A;N/A;N/A;N/A;Sí;N/A;N/A;N/A;N/A;N/A;N/A;N/A;N/A;N/A;N/A;5;1.5;Híbrido;Automática;Hatchback;"Autos y camionetas";N/A;N/A;N/A;N/A;N/A;N/A;UY;N/A;N/A;N/A;N/A;N/A;N/A;N/A;N/A;N/A;N/A;N/A;N/A;N/A;N/A;N/A;N/A;N/A;N/A;N/A;N/A;N/A;N/A;N/A;N/A;N/A;N/A;N/A;N/A;N/A;N/A;N/A;N/A;N/A;N/A;N/A;N/A;N/A;N/A;N/A;N/A;N/A;N/A;N/A;N/A;N/A;N/A;N/A;N/A;N/A;N/A;N/A;N/A;N/A;N/A;N/A;N/A;N/A;N/A;N/A;N/A;N/A;N/A;N/A;N/A;N/A;N/A;N/A;N/A;N/A;N/A;N/A;N/A;N/A;N/A;N/A;N/A;N/A;N/A;N/A;N/A;N/A;N/A;N/A;N/A;N/A;N/A;N/A;N/A;N/A;N/A;N/A;N/A;N/A;N/A;N/A;N/A;N/A;N/A;N/A;N/A;N/A;N/A;N/A;N/A;N/A;Sí;N/A;Sí;N/A;N/A;N/A;N/A;Sí;N/A;Sí
Toyota;Hilux;"Srv 4x2 nafta";2016;"190000 km";;LEMA9371498;27500;;;;;Melo;https://auto.mercadolibre.com.uy/MLU-701762804-toyota-hilux-_JM;N/A;;"Toyota Hilux";usd;Sí;free;false;N/A;N/A;http://perfil.mercadolibre.com.uy/LEMA9371498;active;N/A;N/A;Usado;Gris;N/A;Hidráulica;Trasera;Sí;N/A;Sí;N/A;N/A;N/A;N/A;N/A;N/A;N/A;N/A;N/A;N/A;N/A;N/A;N/A;N/A;N/A;N/A;N/A;N/A;N/A;N/A;N/A;N/A;"2860 mm";"2.7 L";"80 L";5;N/A;N/A;N/A;N/A;N/A;N/A;N/A;N/A;N/A;N/A;N/A;N/A;N/A;N/A;N/A;N/A;N/A;N/A;N/A;N/A;N/A;N/A;N/A;N/A;N/A;N/A;N/A;N/A;N/A;N/A;N/A;N/A;N/A;N/A;N/A;N/A;N/A;N/A;N/A;N/A;N/A;N/A;N/A;N/A;N/A;"1860 mm";"5260 mm";N/A;N/A;N/A;N/A;5;"160 hp";Srv;N/A;4;"1855 mm";N/A;Sí;N/A;N/A;N/A;N/A;N/A;N/A;N/A;N/A;N/A;N/A;N/A;N/A;N/A;N/A;N/A;N/A;4;2.5;Nafta;Manual;Pick-Up;"Autos y camionetas";N/A;N/A;N/A;N/A;N/A;N/A;UY;N/A;N/A;N/A;N/A;N/A;N/A;N/A;N/A;N/A;N/A;N/A;N/A;N/A;N/A;N/A;N/A;N/A;N/A;N/A;N/A;N/A;N/A;N/A;N/A;N/A;N/A;N/A;N/A;N/A;N/A;N/A;N/A;N/A;N/A;N/A;N/A;N/A;N/A;N/A;N/A;N/A;N/A;N/A;N/A;N/A;N/A;N/A;N/A;N/A;N/A;N/A;N/A;N/A;N/A;N/A;N/A;N/A;N/A;N/A;N/A;N/A;N/A;N/A;N/A;N/A;N/A;N/A;N/A;N/A;N/A;N/A;N/A;N/A;N/A;N/A;N/A;N/A;N/A;N/A;N/A;N/A;N/A;N/A;N/A;N/A;N/A;N/A;N/A;N/A;N/A;N/A;N/A;N/A;N/A;N/A;N/A;N/A;N/A;N/A;N/A;N/A;N/A;N/A;N/A;N/A;Sí;N/A;Sí;N/A;N/A;N/A;Sí;Sí;N/A;N/A
Toyota;Hilux;"2.5 Cab Doble 4x2";2010;"400000 km";;GONZALOSARNI;25000;;;;;Maldonado;https://auto.mercadolibre.com.uy/MLU-701175824-toyota-hilux-2010-25-cab-doble-4x2-_JM;N/A;;"Toyota Hilux 2010 2.5 Cab Doble 4x2";usd;Sí;free;false;N/A;N/A;http://perfil.mercadolibre.com.uy/GONZALOSARNI;active;N/A;N/A;Usado;N/A;N/A;Hidráulica;4x2;Sí;N/A;N/A;N/A;N/A;N/A;N/A;N/A;N/A;N/A;N/A;N/A;N/A;N/A;N/A;N/A;N/A;N/A;N/A;N/A;N/A;N/A;N/A;N/A;N/A;"2860 mm";"2.5 L";"80 L";5;N/A;N/A;N/A;N/A;N/A;N/A;N/A;N/A;N/A;N/A;N/A;N/A;N/A;N/A;N/A;N/A;N/A;N/A;N/A;N/A;N/A;N/A;N/A;N/A;N/A;N/A;N/A;N/A;N/A;N/A;N/A;N/A;N/A;N/A;N/A;N/A;N/A;N/A;N/A;N/A;N/A;N/A;N/A;N/A;N/A;"1820 mm";"5255 mm";N/A;N/A;N/A;N/A;5;"102 hp";N/A;N/A;4;"1855 mm";N/A;N/A;N/A;N/A;N/A;N/A;N/A;N/A;N/A;N/A;N/A;N/A;N/A;N/A;N/A;N/A;N/A;N/A;4;2.5;Diésel;Manual;Pick-Up;"Autos y camionetas";N/A;N/A;N/A;N/A;N/A;N/A;UY;N/A;N/A;N/A;N/A;N/A;N/A;N/A;N/A;N/A;N/A;N/A;N/A;N/A;N/A;N/A;N/A;N/A;N/A;N/A;N/A;N/A;N/A;N/A;N/A;N/A;N/A;N/A;N/A;N/A;N/A;N/A;N/A;N/A;N/A;N/A;N/A;N/A;N/A;N/A;N/A;N/A;N/A;N/A;N/A;N/A;N/A;N/A;N/A;N/A;N/A;N/A;N/A;N/A;N/A;N/A;N/A;N/A;N/A;N/A;N/A;N/A;N/A;N/A;N/A;N/A;N/A;N/A;N/A;N/A;N/A;N/A;N/A;N/A;N/A;N/A;N/A;N/A;N/A;N/A;N/A;N/A;N/A;N/A;N/A;N/A;N/A;N/A;N/A;N/A;N/A;N/A;N/A;N/A;N/A;N/A;N/A;N/A;N/A;N/A;N/A;N/A;N/A;N/A;N/A;N/A;N/A;N/A;Sí;N/A;N/A;N/A;N/A;N/A;N/A;N/A
Toyota;Hilux;"2.7 Cd Srv Vvti 4x4 - A3";2015;"220000 km";;ROJO8892792;21000;;;;;Melo;https://auto.mercadolibre.com.uy/MLU-700758878-toyota-hilux-27-cd-srv-vvti-4x4-a3-_JM;N/A;;"Toyota Hilux 2.7 Cd Srv Vvti 4x4 - A3";usd;Sí;free;false;N/A;N/A;http://perfil.mercadolibre.com.uy/ROJO8892792;active;N/A;N/A;Usado;Gris;No;Hidráulica;4x4;Sí;Sí;Sí;N/A;N/A;N/A;N/A;N/A;N/A;N/A;N/A;N/A;Sí;N/A;N/A;N/A;N/A;N/A;N/A;N/A;N/A;N/A;N/A;N/A;N/A;"2860 mm";"2.7 L";"80 L";5;N/A;N/A;N/A;N/A;N/A;N/A;N/A;N/A;N/A;N/A;N/A;N/A;N/A;N/A;N/A;N/A;N/A;N/A;N/A;N/A;N/A;N/A;N/A;N/A;N/A;N/A;N/A;N/A;N/A;N/A;N/A;N/A;N/A;N/A;N/A;N/A;N/A;N/A;N/A;N/A;N/A;N/A;N/A;N/A;N/A;"1860 mm";"5260 mm";N/A;N/A;N/A;N/A;5;"160 hp";Srv;N/A;4;"1855 mm";N/A;Sí;N/A;N/A;Sí;N/A;Sí;N/A;N/A;N/A;N/A;N/A;N/A;N/A;N/A;N/A;N/A;N/A;4;2.7;Nafta;Manual;Pick-Up;"Autos y camionetas";N/A;N/A;N/A;N/A;N/A;N/A;UY;N/A;N/A;N/A;N/A;N/A;N/A;N/A;N/A;N/A;N/A;N/A;N/A;N/A;N/A;N/A;N/A;N/A;Sí;N/A;N/A;N/A;N/A;N/A;N/A;N/A;N/A;N/A;N/A;N/A;N/A;N/A;N/A;N/A;N/A;N/A;N/A;N/A;N/A;N/A;N/A;N/A;N/A;N/A;N/A;N/A;N/A;N/A;N/A;N/A;N/A;N/A;N/A;N/A;N/A;N/A;N/A;N/A;N/A;N/A;N/A;N/A;N/A;N/A;N/A;N/A;N/A;N/A;N/A;N/A;N/A;N/A;N/A;N/A;N/A;N/A;N/A;N/A;N/A;N/A;N/A;N/A;N/A;N/A;N/A;N/A;N/A;N/A;N/A;N/A;Sí;Sí;N/A;N/A;Sí;N/A;N/A;N/A;N/A;Sí;N/A;N/A;Sí;N/A;N/A;N/A;Sí;N/A;Sí;Sí;Sí;Sí;Sí;Sí;N/A;Sí
Toyota;Corolla;"2.0 turbo diesel";2006;"254000 km";;TATOTER;12000;;;;;Minas;https://auto.mercadolibre.com.uy/MLU-698418518-toyota-corolla-20-turbo-diesel-_JM;N/A;;"Toyota Corolla 2.0 Turbo Diesel";USD;No;free;false;N/A;N/A;http://perfil.mercadolibre.com.uy/TATOTER;active;N/A;N/A;Usado;N/A;N/A;N/A;N/A;N/A;N/A;N/A;N/A;N/A;N/A;N/A;N/A;N/A;N/A;N/A;N/A;N/A;N/A;N/A;N/A;N/A;N/A;N/A;N/A;N/A;N/A;N/A;N/A;N/A;N/A;N/A;N/A;N/A;N/A;N/A;N/A;N/A;N/A;N/A;N/A;N/A;N/A;N/A;N/A;N/A;N/A;N/A;N/A;N/A;N/A;N/A;N/A;N/A;N/A;N/A;N/A;N/A;N/A;N/A;N/A;N/A;N/A;N/A;N/A;N/A;N/A;N/A;N/A;N/A;N/A;N/A;N/A;N/A;N/A;N/A;N/A;N/A;N/A;N/A;N/A;N/A;N/A;N/A;N/A;N/A;N/A;N/A;N/A;N/A;N/A;N/A;N/A;N/A;N/A;N/A;N/A;N/A;N/A;N/A;N/A;N/A;N/A;N/A;N/A;N/A;N/A;N/A;N/A;4;N/A;Diésel;N/A;N/A;"Autos y camionetas";N/A;N/A;N/A;N/A;N/A;N/A;N/A;N/A;N/A;N/A;N/A;N/A;N/A;N/A;N/A;N/A;N/A;N/A;N/A;N/A;N/A;N/A;N/A;N/A;N/A;N/A;N/A;N/A;N/A;N/A;N/A;N/A;N/A;N/A;N/A;N/A;N/A;N/A;N/A;N/A;N/A;N/A;N/A;N/A;N/A;N/A;N/A;N/A;N/A;N/A;N/A;N/A;N/A;N/A;N/A;N/A;N/A;N/A;N/A;N/A;N/A;N/A;N/A;N/A;N/A;N/A;N/A;N/A;N/A;N/A;N/A;N/A;N/A;N/A;N/A;N/A;N/A;N/A;N/A;N/A;N/A;N/A;N/A;N/A;N/A;N/A;N/A;N/A;N/A;N/A;N/A;N/A;N/A;N/A;N/A;N/A;N/A;N/A;N/A;N/A;N/A;N/A;N/A;N/A;N/A;N/A;N/A;N/A;N/A;N/A;N/A;N/A;N/A;N/A;N/A;N/A;N/A;N/A;N/A;N/A;N/A;N/A
Toyota;Hilux;"3.0 Cd Srv Tdi 171cv 4x2";2012;"384000 km";;CAGO8624824;30000;;;;;Piriápolis;https://auto.mercadolibre.com.uy/MLU-645834713-toyota-hilux-30-cd-srv-tdi-171cv-4x2-_JM;N/A;;"Toyota Hilux 3.0 Cd Srv Tdi 171cv 4x2";usd;Sí;free;false;N/A;N/A;http://perfil.mercadolibre.com.uy/CAGO8624824;active;N/A;N/A;Usado;Gris;N/A;Hidráulica;4x2;Sí;N/A;Sí;N/A;N/A;N/A;N/A;N/A;N/A;N/A;N/A;N/A;N/A;N/A;N/A;N/A;N/A;N/A;N/A;N/A;N/A;N/A;N/A;N/A;N/A;"2860 mm";"3 L";"80 L";5;N/A;N/A;N/A;N/A;N/A;N/A;N/A;N/A;N/A;N/A;N/A;N/A;N/A;N/A;N/A;N/A;N/A;N/A;N/A;N/A;N/A;N/A;N/A;N/A;N/A;N/A;N/A;N/A;N/A;N/A;N/A;N/A;N/A;N/A;N/A;N/A;N/A;N/A;N/A;N/A;N/A;N/A;N/A;N/A;N/A;"1860 mm";"5260 mm";N/A;N/A;N/A;N/A;5;"171 hp";Srv;N/A;4;"1855 mm";N/A;N/A;N/A;N/A;N/A;N/A;N/A;Sí;N/A;N/A;N/A;N/A;N/A;N/A;N/A;N/A;N/A;N/A;4;3.0;Diésel;Manual;Pick-Up;"Autos y camionetas";N/A;N/A;N/A;N/A;N/A;N/A;UY;N/A;N/A;N/A;N/A;N/A;N/A;N/A;N/A;N/A;N/A;N/A;N/A;N/A;N/A;N/A;N/A;N/A;N/A;N/A;N/A;N/A;N/A;N/A;N/A;N/A;N/A;N/A;N/A;N/A;N/A;N/A;N/A;N/A;N/A;N/A;N/A;N/A;N/A;N/A;N/A;N/A;N/A;N/A;N/A;N/A;N/A;N/A;N/A;N/A;N/A;N/A;N/A;N/A;N/A;N/A;N/A;N/A;N/A;N/A;N/A;N/A;N/A;N/A;N/A;N/A;N/A;N/A;N/A;N/A;N/A;N/A;N/A;N/A;N/A;N/A;N/A;N/A;N/A;N/A;N/A;N/A;N/A;N/A;N/A;N/A;N/A;N/A;N/A;N/A;N/A;N/A;N/A;N/A;N/A;N/A;N/A;N/A;N/A;N/A;N/A;N/A;N/A;N/A;N/A;N/A;Sí;N/A;Sí;N/A;N/A;N/A;N/A;Sí;N/A;N/A
Toyota;Tercel;1.5;1997;"278000 km";;NORDESTE24;5000;;;;;Tarariras;https://auto.mercadolibre.com.uy/MLU-698225248-toyota-tercel-15-_JM;N/A;;"Toyota Tercel 1.5";usd;No;free;false;N/A;N/A;http://perfil.mercadolibre.com.uy/NORDESTE24;active;N/A;N/A;Usado;Celeste;Sí;Mecánica;Delantera;Sí;N/A;N/A;N/A;N/A;N/A;N/A;N/A;N/A;N/A;N/A;N/A;N/A;N/A;N/A;N/A;N/A;N/A;N/A;N/A;N/A;N/A;N/A;N/A;N/A;"2380 mm";"1.5 L";"45 L";5;N/A;N/A;N/A;N/A;N/A;N/A;N/A;N/A;N/A;N/A;N/A;N/A;N/A;N/A;N/A;N/A;N/A;N/A;N/A;N/A;N/A;N/A;N/A;N/A;N/A;N/A;N/A;N/A;N/A;N/A;N/A;N/A;N/A;N/A;N/A;N/A;N/A;N/A;N/A;N/A;N/A;N/A;N/A;N/A;N/A;"1365 mm";"3930 mm";N/A;N/A;N/A;N/A;5;"93 hp";N/A;N/A;4;"1645 mm";N/A;No;N/A;N/A;N/A;N/A;No;No;N/A;N/A;N/A;N/A;N/A;N/A;N/A;N/A;N/A;"Todo día";4;1.5;Diésel;Manual;Sedán;"Autos y camionetas";No;N/A;N/A;N/A;No;N/A;UY;N/A;No;N/A;N/A;N/A;N/A;N/A;N/A;N/A;N/A;N/A;N/A;N/A;N/A;N/A;N/A;N/A;N/A;N/A;N/A;N/A;N/A;N/A;N/A;N/A;N/A;N/A;N/A;N/A;N/A;N/A;N/A;N/A;N/A;N/A;N/A;No;N/A;N/A;N/A;N/A;N/A;N/A;N/A;N/A;N/A;N/A;N/A;N/A;N/A;N/A;N/A;N/A;N/A;N/A;Sí;N/A;N/A;N/A;N/A;N/A;N/A;N/A;N/A;N/A;N/A;N/A;N/A;N/A;N/A;N/A;N/A;N/A;N/A;N/A;N/A;N/A;N/A;N/A;N/A;N/A;N/A;N/A;N/A;N/A;N/A;N/A;N/A;N/A;N/A;N/A;N/A;N/A;N/A;N/A;N/A;N/A;N/A;N/A;N/A;N/A;N/A;N/A;N/A;N/A;N/A;N/A;N/A;N/A;N/A;N/A;N/A;N/A;N/A;N/A
Toyota;Hilux;"3.0 Cd Sr Tdi 171cv 4x2 - B3";2016;"260000 km";;"SERGIO ARRIVI";37000;;;;;Tarariras;https://auto.mercadolibre.com.uy/MLU-645977731-toyota-hilux-2016-30-cd-sr-tdi-171cv-4x2-b3-_JM;N/A;;"Toyota Hilux 2016 3.0 Cd Sr Tdi 171cv 4x2 - B3";usd;Sí;free;false;N/A;N/A;http://perfil.mercadolibre.com.uy/SERGIO+ARRIVI;active;N/A;N/A;Usado;N/A;N/A;Hidráulica;4x2;Sí;N/A;Sí;N/A;N/A;N/A;N/A;N/A;N/A;N/A;N/A;N/A;N/A;N/A;N/A;N/A;N/A;N/A;N/A;N/A;N/A;N/A;N/A;N/A;N/A;"2860 mm";"3 L";"80 L";5;N/A;N/A;N/A;N/A;N/A;N/A;N/A;N/A;N/A;N/A;N/A;N/A;N/A;N/A;N/A;N/A;N/A;N/A;N/A;N/A;N/A;N/A;N/A;N/A;N/A;N/A;N/A;N/A;N/A;N/A;N/A;N/A;N/A;N/A;N/A;N/A;N/A;N/A;N/A;N/A;N/A;N/A;N/A;N/A;N/A;"1860 mm";"5260 mm";N/A;N/A;N/A;N/A;5;"171 hp";Sr;N/A;4;"1855 mm";N/A;N/A;N/A;N/A;N/A;N/A;N/A;N/A;N/A;N/A;N/A;N/A;N/A;N/A;N/A;N/A;N/A;N/A;4;3.0;Diésel;Manual;Pick-Up;"Autos y camionetas";N/A;N/A;N/A;N/A;N/A;N/A;UY;N/A;N/A;N/A;N/A;N/A;N/A;N/A;N/A;N/A;N/A;N/A;N/A;N/A;N/A;N/A;N/A;N/A;N/A;N/A;N/A;N/A;N/A;N/A;N/A;N/A;N/A;N/A;N/A;N/A;N/A;N/A;N/A;N/A;N/A;N/A;N/A;N/A;N/A;N/A;N/A;N/A;N/A;N/A;N/A;N/A;N/A;N/A;N/A;N/A;N/A;N/A;N/A;N/A;N/A;N/A;N/A;N/A;N/A;N/A;N/A;N/A;N/A;N/A;N/A;N/A;N/A;N/A;N/A;N/A;N/A;N/A;N/A;N/A;N/A;N/A;N/A;N/A;N/A;N/A;N/A;N/A;N/A;N/A;N/A;N/A;N/A;N/A;N/A;N/A;N/A;N/A;N/A;N/A;N/A;N/A;N/A;N/A;N/A;N/A;N/A;N/A;N/A;N/A;N/A;N/A;Sí;N/A;Sí;N/A;N/A;N/A;Sí;Sí;N/A;N/A
Toyota;Hilux;"2.8 DIÉSEL D/CABINA SRV 4x4 PLUS AUTOMÁTICA";2019;"254524 km";;TECNO.FOX;46900;;;;;"Ciudad de la Costa";https://auto.mercadolibre.com.uy/MLU-645792613-toyota-hilux-excelente-estado-_JM;N/A;;"Toyota Hilux Excelente Estado.";usd;Sí;free;false;N/A;N/A;http://perfil.mercadolibre.com.uy/TECNO.FOX;active;N/A;N/A;Usado;Gris;Sí;Hidráulica;4x4;Sí;Sí;N/A;N/A;N/A;N/A;N/A;N/A;Sí;N/A;N/A;Sí;Sí;N/A;N/A;N/A;N/A;N/A;N/A;N/A;N/A;N/A;N/A;N/A;N/A;"2860 mm";"2.8 L";"65 L";5;N/A;N/A;N/A;N/A;N/A;Sí;N/A;N/A;N/A;N/A;N/A;N/A;N/A;N/A;N/A;N/A;N/A;N/A;N/A;N/A;N/A;N/A;N/A;N/A;N/A;N/A;N/A;N/A;N/A;N/A;N/A;N/A;N/A;N/A;N/A;N/A;N/A;N/A;N/A;N/A;N/A;N/A;N/A;N/A;N/A;"1805 mm";"4850 mm";N/A;N/A;N/A;N/A;5;"177 hp";Dlx;N/A;2;"1630 mm";N/A;Sí;N/A;Sí;Sí;N/A;Sí;Sí;N/A;N/A;N/A;N/A;No;N/A;N/A;N/A;N/A;N/A;5;2.8;Diésel;Automática;Pick-Up;"Autos y camionetas";N/A;N/A;N/A;N/A;N/A;N/A;UY;N/A;N/A;N/A;N/A;N/A;N/A;N/A;N/A;N/A;N/A;N/A;N/A;N/A;N/A;N/A;N/A;N/A;Sí;N/A;N/A;N/A;N/A;N/A;N/A;N/A;N/A;N/A;N/A;N/A;N/A;N/A;N/A;N/A;N/A;N/A;N/A;N/A;N/A;N/A;N/A;N/A;N/A;N/A;N/A;N/A;N/A;N/A;N/A;N/A;N/A;N/A;N/A;N/A;N/A;N/A;N/A;N/A;N/A;N/A;N/A;N/A;N/A;N/A;N/A;N/A;N/A;N/A;N/A;N/A;N/A;N/A;N/A;N/A;N/A;N/A;N/A;N/A;N/A;N/A;N/A;N/A;N/A;N/A;N/A;N/A;N/A;N/A;N/A;N/A;Sí;Sí;Sí;N/A;Sí;N/A;N/A;N/A;N/A;Sí;N/A;Sí;Sí;N/A;N/A;N/A;Sí;N/A;Sí;Sí;Sí;Sí;Sí;Sí;N/A;Sí
Toyota;Hilux;"2.4 D.cab. T.dsl Dx";2018;"133000 km";;AZULU2008;45000;;;;;Maldonado;https://auto.mercadolibre.com.uy/MLU-646010423-toyota-hilux-24-dcab-tdsl-dx-_JM;N/A;;"Toyota Hilux 2.4 D.cab. T.dsl Dx";usd;Sí;free;false;N/A;N/A;http://perfil.mercadolibre.com.uy/AZULU2008;active;N/A;N/A;Usado;Blanco;No;Hidráulica;4x2;Sí;N/A;Sí;N/A;N/A;N/A;N/A;N/A;N/A;N/A;N/A;N/A;N/A;N/A;N/A;N/A;N/A;N/A;N/A;N/A;N/A;N/A;N/A;N/A;N/A;"2860 mm";"2.4 L";"80 L";5;N/A;N/A;N/A;N/A;N/A;N/A;N/A;N/A;N/A;N/A;N/A;N/A;N/A;N/A;N/A;N/A;N/A;N/A;N/A;N/A;N/A;N/A;N/A;N/A;N/A;N/A;N/A;N/A;N/A;N/A;N/A;N/A;N/A;N/A;N/A;N/A;N/A;N/A;N/A;N/A;N/A;N/A;N/A;N/A;N/A;"1850 mm";"5260 mm";N/A;N/A;N/A;N/A;5;"150 hp";Dx;N/A;4;"1855 mm";"8.2 km/l";No;N/A;N/A;N/A;N/A;No;Sí;N/A;N/A;N/A;"6.3 km/l";N/A;N/A;N/A;N/A;N/A;N/A;4;2.4;Diésel;Manual;Pick-Up;"Autos y camionetas";N/A;N/A;N/A;N/A;N/A;N/A;UY;N/A;N/A;N/A;N/A;N/A;N/A;N/A;N/A;N/A;N/A;N/A;N/A;N/A;N/A;N/A;N/A;N/A;N/A;N/A;N/A;N/A;N/A;N/A;N/A;N/A;N/A;N/A;N/A;N/A;N/A;N/A;N/A;N/A;N/A;N/A;N/A;N/A;N/A;N/A;N/A;N/A;N/A;N/A;N/A;N/A;N/A;N/A;N/A;N/A;N/A;N/A;N/A;N/A;N/A;N/A;N/A;N/A;N/A;N/A;N/A;N/A;N/A;N/A;N/A;N/A;N/A;N/A;N/A;N/A;N/A;N/A;N/A;N/A;N/A;N/A;N/A;N/A;N/A;N/A;N/A;N/A;N/A;N/A;N/A;N/A;N/A;N/A;N/A;N/A;N/A;N/A;N/A;N/A;N/A;N/A;N/A;N/A;N/A;N/A;N/A;N/A;N/A;N/A;N/A;N/A;Sí;N/A;Sí;N/A;N/A;N/A;N/A;Sí;N/A;N/A
Toyota;Hilux;"2.5 Cs Dx Tdi 120cv 4x2";2012;"270000 km";;MATTIN1411;29500;;;;;Pinares;https://auto.mercadolibre.com.uy/MLU-697561792-toyota-hilux-2012-25-cs-dx-tdi-120cv-4x2-_JM;N/A;;"Toyota Hilux 2012 2.5 Cs Dx Tdi 120cv 4x2";usd;Sí;free;false;N/A;N/A;http://perfil.mercadolibre.com.uy/MATTIN1411;active;N/A;N/A;Usado;N/A;N/A;Hidráulica;4x2;Sí;N/A;N/A;N/A;N/A;N/A;N/A;N/A;N/A;N/A;N/A;N/A;N/A;N/A;N/A;N/A;N/A;N/A;N/A;N/A;N/A;N/A;N/A;N/A;N/A;"2860 mm";"2.5 L";"80 L";5;N/A;N/A;N/A;N/A;N/A;N/A;N/A;N/A;N/A;N/A;N/A;N/A;N/A;N/A;N/A;N/A;N/A;N/A;N/A;N/A;N/A;N/A;N/A;N/A;N/A;N/A;N/A;N/A;N/A;N/A;N/A;N/A;N/A;N/A;N/A;N/A;N/A;N/A;N/A;N/A;N/A;N/A;N/A;N/A;N/A;"1795 mm";"5260 mm";N/A;N/A;N/A;N/A;3;"120 hp";Dx;N/A;4;"1855 mm";N/A;N/A;N/A;N/A;N/A;N/A;N/A;N/A;N/A;N/A;N/A;N/A;N/A;N/A;N/A;N/A;N/A;N/A;4;2.5;Diésel;Manual;Pick-Up;"Autos y camionetas";N/A;N/A;N/A;N/A;N/A;N/A;UY;N/A;N/A;N/A;N/A;N/A;N/A;N/A;N/A;N/A;N/A;N/A;N/A;N/A;N/A;N/A;N/A;N/A;N/A;N/A;N/A;N/A;N/A;N/A;N/A;N/A;N/A;N/A;N/A;N/A;N/A;N/A;N/A;N/A;N/A;N/A;N/A;N/A;N/A;N/A;N/A;N/A;N/A;N/A;N/A;N/A;N/A;N/A;N/A;N/A;N/A;N/A;N/A;N/A;N/A;N/A;N/A;N/A;N/A;N/A;N/A;N/A;N/A;N/A;N/A;N/A;N/A;N/A;N/A;N/A;N/A;N/A;N/A;N/A;N/A;N/A;N/A;N/A;N/A;N/A;N/A;N/A;N/A;N/A;N/A;N/A;N/A;N/A;N/A;N/A;N/A;N/A;N/A;N/A;N/A;N/A;N/A;N/A;N/A;N/A;N/A;N/A;N/A;N/A;N/A;N/A;N/A;N/A;Sí;N/A;N/A;N/A;N/A;N/A;N/A;N/A
Toyota;Hilux;"2.7 doble cabina";2010;"224000 km";;ROVE9563381;18500;;;;;Paysandú;https://auto.mercadolibre.com.uy/MLU-701439692-toyota-27-hilux-ano-2010-_JM;N/A;;"Toyota 2.7, Hilux Año 2010.";USD;Sí;free;false;N/A;N/A;http://perfil.mercadolibre.com.uy/ROVE9563381;active;N/A;N/A;Usado;Blanco;No;N/A;N/A;N/A;N/A;N/A;N/A;N/A;N/A;N/A;N/A;N/A;N/A;N/A;N/A;N/A;N/A;N/A;N/A;N/A;N/A;N/A;N/A;N/A;N/A;N/A;N/A;N/A;N/A;N/A;N/A;N/A;N/A;N/A;N/A;N/A;N/A;N/A;N/A;N/A;N/A;N/A;N/A;N/A;N/A;N/A;N/A;N/A;N/A;N/A;N/A;N/A;N/A;N/A;N/A;N/A;N/A;N/A;N/A;N/A;N/A;N/A;N/A;N/A;N/A;N/A;N/A;N/A;N/A;N/A;N/A;N/A;N/A;N/A;N/A;N/A;N/A;N/A;N/A;N/A;N/A;N/A;N/A;N/A;N/A;N/A;N/A;N/A;N/A;N/A;N/A;N/A;N/A;N/A;N/A;N/A;N/A;N/A;N/A;N/A;N/A;N/A;N/A;N/A;N/A;N/A;N/A;4;N/A;Nafta;N/A;N/A;"Autos y camionetas";N/A;N/A;N/A;N/A;N/A;N/A;N/A;N/A;N/A;N/A;N/A;N/A;N/A;N/A;N/A;N/A;N/A;N/A;N/A;N/A;N/A;N/A;N/A;N/A;N/A;N/A;N/A;N/A;N/A;N/A;N/A;N/A;N/A;N/A;N/A;N/A;N/A;N/A;N/A;N/A;N/A;N/A;N/A;N/A;N/A;N/A;N/A;N/A;N/A;N/A;N/A;N/A;N/A;N/A;N/A;N/A;N/A;N/A;N/A;N/A;N/A;N/A;N/A;N/A;N/A;N/A;N/A;N/A;N/A;N/A;N/A;N/A;N/A;N/A;N/A;N/A;N/A;N/A;N/A;N/A;N/A;N/A;N/A;N/A;N/A;N/A;N/A;N/A;N/A;N/A;N/A;N/A;N/A;N/A;N/A;N/A;N/A;N/A;N/A;N/A;N/A;N/A;N/A;N/A;N/A;N/A;N/A;N/A;N/A;N/A;N/A;N/A;N/A;N/A;N/A;N/A;N/A;N/A;N/A;N/A;N/A;N/A
Toyota;Hilux;"2.7 D.cab. Srv";2021;"92000 km";;"RFA S.R.L.";32000;;;;;Salto;https://auto.mercadolibre.com.uy/MLU-701386770-toyota-hilux-sr-4x2-nafta-_JM;N/A;;"Toyota Hilux Sr 4x2 Nafta";usd;Sí;free;false;N/A;N/A;http://perfil.mercadolibre.com.uy/RFA+S.R.L.;active;N/A;N/A;Usado;Plateado;N/A;Hidráulica;4x2;Sí;N/A;Sí;N/A;N/A;N/A;N/A;N/A;N/A;N/A;N/A;N/A;N/A;N/A;N/A;N/A;N/A;N/A;N/A;N/A;N/A;N/A;N/A;N/A;N/A;"2860 mm";"2.7 L";"80 L";5;N/A;N/A;N/A;N/A;N/A;N/A;N/A;N/A;N/A;N/A;N/A;N/A;N/A;N/A;N/A;N/A;N/A;N/A;N/A;N/A;N/A;N/A;N/A;N/A;N/A;N/A;N/A;N/A;N/A;N/A;N/A;N/A;N/A;N/A;N/A;N/A;N/A;N/A;N/A;N/A;N/A;N/A;N/A;N/A;N/A;"1850 mm";"5260 mm";N/A;N/A;N/A;N/A;5;"177 hp";Srv;N/A;2;"1855 mm";N/A;Sí;N/A;N/A;N/A;N/A;N/A;N/A;N/A;N/A;N/A;N/A;N/A;N/A;N/A;N/A;N/A;N/A;4;2.7;Nafta;Manual;Pick-Up;"Autos y camionetas";N/A;N/A;N/A;N/A;N/A;N/A;UY;N/A;N/A;N/A;N/A;N/A;N/A;N/A;N/A;N/A;N/A;N/A;N/A;N/A;N/A;N/A;N/A;N/A;N/A;N/A;N/A;N/A;N/A;N/A;N/A;N/A;N/A;N/A;N/A;N/A;N/A;N/A;N/A;N/A;N/A;N/A;N/A;N/A;N/A;N/A;N/A;N/A;N/A;N/A;N/A;N/A;N/A;N/A;N/A;N/A;N/A;N/A;N/A;N/A;N/A;N/A;N/A;N/A;N/A;N/A;N/A;N/A;N/A;N/A;N/A;N/A;N/A;N/A;N/A;N/A;N/A;N/A;N/A;N/A;N/A;N/A;N/A;N/A;N/A;N/A;N/A;N/A;N/A;N/A;N/A;N/A;N/A;N/A;N/A;N/A;N/A;N/A;N/A;N/A;N/A;N/A;N/A;N/A;N/A;N/A;N/A;N/A;N/A;N/A;N/A;N/A;Sí;N/A;Sí;N/A;N/A;N/A;Sí;Sí;N/A;N/A
Toyota;Yaris;"1.5 Hb 5vel Aa Mt";2002;"190000 km";;BEMA1412858;6999;;;;;Canelones;https://auto.mercadolibre.com.uy/MLU-699490872-toyota-yaris-15-hb-5vel-aa-mt-_JM;N/A;;"Toyota Yaris 1.5 Hb 5vel Aa Mt";usd;No;free;false;N/A;N/A;http://perfil.mercadolibre.com.uy/BEMA1412858;active;N/A;N/A;Usado;Blanco;No;Hidráulica;Delantera;Sí;N/A;N/A;N/A;N/A;N/A;N/A;N/A;N/A;N/A;N/A;N/A;N/A;N/A;N/A;N/A;N/A;N/A;N/A;N/A;N/A;N/A;N/A;N/A;N/A;N/A;"1.5 L";N/A;N/A;N/A;N/A;N/A;N/A;N/A;N/A;N/A;N/A;N/A;N/A;N/A;N/A;N/A;N/A;N/A;N/A;N/A;N/A;N/A;N/A;N/A;N/A;N/A;N/A;N/A;N/A;N/A;N/A;N/A;N/A;N/A;N/A;N/A;N/A;N/A;N/A;N/A;N/A;N/A;N/A;N/A;N/A;N/A;N/A;N/A;N/A;N/A;N/A;N/A;N/A;N/A;5;N/A;N/A;N/A;N/A;N/A;N/A;N/A;N/A;N/A;N/A;N/A;N/A;N/A;N/A;N/A;N/A;N/A;N/A;N/A;N/A;N/A;N/A;N/A;5;1.5;Nafta;Manual;Hatchback;"Autos y camionetas";N/A;N/A;N/A;N/A;N/A;N/A;UY;N/A;N/A;N/A;N/A;N/A;N/A;N/A;N/A;N/A;N/A;N/A;N/A;N/A;N/A;N/A;N/A;N/A;N/A;N/A;N/A;N/A;N/A;N/A;N/A;N/A;N/A;N/A;N/A;N/A;N/A;N/A;N/A;N/A;N/A;N/A;N/A;N/A;N/A;N/A;N/A;N/A;N/A;N/A;N/A;N/A;N/A;N/A;N/A;N/A;N/A;N/A;N/A;N/A;N/A;N/A;N/A;N/A;N/A;N/A;N/A;N/A;N/A;N/A;N/A;N/A;N/A;N/A;N/A;N/A;N/A;N/A;N/A;N/A;N/A;N/A;N/A;N/A;N/A;N/A;N/A;N/A;N/A;N/A;N/A;N/A;N/A;N/A;N/A;N/A;N/A;N/A;N/A;N/A;N/A;N/A;N/A;N/A;N/A;N/A;N/A;N/A;N/A;N/A;N/A;N/A;N/A;N/A;Sí;N/A;N/A;N/A;N/A;N/A;N/A;N/A
Toyota;Tercel;1.3;1995;"175000 km";;JOMAFECO1950;1000;;;;;"Puerto Buceo";https://auto.mercadolibre.com.uy/MLU-698700840-toyota-tercel-1995-13-_JM;N/A;;"Toyota Tercel 1995 1.3";usd;No;free;false;N/A;N/A;http://perfil.mercadolibre.com.uy/JOMAFECO1950;active;N/A;N/A;Usado;N/A;N/A;N/A;Delantera;Sí;N/A;N/A;N/A;N/A;N/A;N/A;N/A;N/A;N/A;N/A;N/A;N/A;N/A;N/A;N/A;N/A;N/A;N/A;N/A;N/A;N/A;N/A;N/A;N/A;"2380 mm";"1.3 L";"45 L";4;N/A;N/A;N/A;N/A;N/A;N/A;N/A;N/A;N/A;N/A;N/A;N/A;N/A;N/A;N/A;N/A;N/A;N/A;N/A;N/A;N/A;N/A;N/A;N/A;N/A;N/A;N/A;N/A;N/A;N/A;N/A;N/A;N/A;N/A;N/A;N/A;N/A;N/A;N/A;N/A;N/A;N/A;N/A;N/A;N/A;"1365 mm";"3930 mm";N/A;N/A;N/A;N/A;5;"93 hp";N/A;N/A;4;"1645 mm";N/A;N/A;N/A;N/A;N/A;N/A;N/A;N/A;N/A;N/A;N/A;N/A;N/A;N/A;N/A;N/A;N/A;N/A;4;1.3;Nafta;Manual;Sedán;"Autos y camionetas";N/A;N/A;N/A;N/A;N/A;N/A;UY;N/A;N/A;N/A;N/A;N/A;N/A;N/A;N/A;N/A;N/A;N/A;N/A;N/A;N/A;N/A;N/A;N/A;N/A;N/A;N/A;N/A;N/A;N/A;N/A;N/A;N/A;N/A;N/A;N/A;N/A;N/A;N/A;N/A;N/A;N/A;N/A;N/A;N/A;N/A;N/A;N/A;N/A;N/A;N/A;N/A;N/A;N/A;N/A;N/A;N/A;N/A;N/A;N/A;N/A;N/A;N/A;N/A;N/A;N/A;N/A;N/A;N/A;N/A;N/A;N/A;N/A;N/A;N/A;N/A;N/A;N/A;N/A;N/A;N/A;N/A;N/A;N/A;N/A;N/A;N/A;N/A;N/A;N/A;N/A;N/A;N/A;N/A;N/A;N/A;N/A;N/A;N/A;N/A;N/A;N/A;N/A;N/A;N/A;N/A;N/A;N/A;N/A;N/A;N/A;N/A;N/A;N/A;N/A;N/A;N/A;N/A;N/A;N/A;N/A;N/A
Toyota;Starlet;1.0;1999;"11111 km";;NATALIEVIACAVA;3500;;;;;"Médanos de Solymar";https://auto.mercadolibre.com.uy/MLU-698264318-toyota-starlet-_JM;N/A;;"Toyota Starlet";USD;No;free;false;N/A;N/A;http://perfil.mercadolibre.com.uy/NATALIEVIACAVA;active;N/A;N/A;Usado;Azul;N/A;N/A;N/A;N/A;N/A;N/A;N/A;N/A;N/A;N/A;N/A;N/A;N/A;N/A;N/A;N/A;N/A;N/A;N/A;N/A;N/A;N/A;N/A;N/A;N/A;N/A;N/A;N/A;N/A;N/A;N/A;N/A;N/A;N/A;N/A;N/A;N/A;N/A;N/A;N/A;N/A;N/A;N/A;N/A;N/A;N/A;N/A;N/A;N/A;N/A;N/A;N/A;N/A;N/A;N/A;N/A;N/A;N/A;N/A;N/A;N/A;N/A;N/A;N/A;N/A;N/A;N/A;N/A;N/A;N/A;N/A;N/A;N/A;N/A;N/A;N/A;N/A;N/A;N/A;N/A;N/A;N/A;N/A;N/A;N/A;N/A;N/A;N/A;N/A;N/A;N/A;N/A;N/A;N/A;N/A;N/A;N/A;N/A;N/A;N/A;N/A;N/A;N/A;N/A;N/A;N/A;N/A;3;N/A;Nafta;N/A;N/A;"Autos y camionetas";N/A;N/A;N/A;N/A;N/A;N/A;N/A;N/A;N/A;N/A;N/A;N/A;N/A;N/A;N/A;N/A;N/A;N/A;N/A;N/A;N/A;N/A;N/A;N/A;N/A;N/A;N/A;N/A;N/A;N/A;N/A;N/A;N/A;N/A;N/A;N/A;N/A;N/A;N/A;N/A;N/A;N/A;N/A;N/A;N/A;N/A;N/A;N/A;N/A;N/A;N/A;N/A;N/A;N/A;N/A;N/A;N/A;N/A;N/A;N/A;N/A;N/A;N/A;N/A;N/A;N/A;N/A;N/A;N/A;N/A;N/A;N/A;N/A;N/A;N/A;N/A;N/A;N/A;N/A;N/A;N/A;N/A;N/A;N/A;N/A;N/A;N/A;N/A;N/A;N/A;N/A;N/A;N/A;N/A;N/A;N/A;N/A;N/A;N/A;N/A;N/A;N/A;N/A;N/A;N/A;N/A;N/A;N/A;N/A;N/A;N/A;N/A;N/A;N/A;N/A;N/A;N/A;N/A;N/A;N/A;N/A;N/A
Toyota;Corolla;"1.8 Xei Cvt Pack 140cv";2017;"149900 km";;JWMG2006;20700;;;;;"Carrasco Norte";https://auto.mercadolibre.com.uy/MLU-697766822-toyota-corolla-18-xei-pack-_JM;N/A;;"Toyota Corolla 1.8 Xei Pack";usd;Sí;free;false;N/A;N/A;http://perfil.mercadolibre.com.uy/JWMG2006;active;N/A;N/A;Usado;Gris;N/A;Eléctrica;Delantera;Sí;Sí;N/A;N/A;N/A;N/A;N/A;N/A;Sí;N/A;N/A;No;Sí;N/A;Sí;N/A;N/A;N/A;N/A;N/A;N/A;N/A;N/A;N/A;N/A;"2700 mm";"1.8 L";"57 L";7;N/A;N/A;N/A;N/A;N/A;Sí;N/A;N/A;N/A;N/A;N/A;N/A;N/A;N/A;N/A;N/A;N/A;N/A;N/A;N/A;N/A;N/A;N/A;N/A;N/A;N/A;N/A;N/A;N/A;N/A;N/A;N/A;N/A;N/A;N/A;N/A;N/A;N/A;N/A;N/A;N/A;N/A;N/A;N/A;N/A;"1460 mm";"4620 mm";N/A;N/A;N/A;N/A;5;"140 hp";Xei;N/A;4;"1775 mm";"13.5 km/l";Sí;N/A;Sí;Sí;N/A;N/A;Sí;N/A;N/A;N/A;N/A;N/A;No;N/A;N/A;N/A;"de 10 a 20hs";4;1.8;Nafta;Automática;Sedán;"Autos y camionetas";N/A;N/A;N/A;N/A;N/A;N/A;UY;N/A;N/A;N/A;N/A;N/A;N/A;N/A;N/A;N/A;N/A;N/A;N/A;N/A;N/A;N/A;N/A;N/A;Sí;N/A;N/A;N/A;N/A;N/A;N/A;N/A;N/A;N/A;N/A;N/A;N/A;N/A;N/A;N/A;N/A;N/A;N/A;N/A;N/A;N/A;N/A;N/A;N/A;N/A;N/A;N/A;N/A;N/A;N/A;N/A;N/A;N/A;N/A;N/A;N/A;N/A;N/A;N/A;N/A;N/A;N/A;N/A;N/A;N/A;N/A;N/A;N/A;N/A;N/A;N/A;N/A;N/A;N/A;N/A;N/A;N/A;N/A;N/A;N/A;N/A;N/A;N/A;N/A;N/A;N/A;N/A;N/A;N/A;N/A;N/A;Sí;Sí;Sí;N/A;Sí;N/A;N/A;N/A;N/A;Sí;N/A;Sí;Sí;N/A;N/A;Sí;Sí;Sí;Sí;Sí;Sí;Sí;Sí;Sí;N/A;Sí
Toyota;Hilux;"3.0 D/cab 4x4 Srv Lim P/4";2007;"404148 km";;NICOLEERNAUEGUEZ;28500;;;;;"Ciudad Vieja";https://auto.mercadolibre.com.uy/MLU-701596020-toyota-hilux-30-dcab-4x4-srv-lim-p4-_JM;N/A;;"Toyota Hilux 3.0 D/cab 4x4 Srv Lim P/4";usd;No;free;false;N/A;N/A;http://perfil.mercadolibre.com.uy/NICOLEERNAUEGUEZ;active;N/A;N/A;Usado;Plateado;N/A;Hidráulica;4x4;Sí;N/A;N/A;N/A;N/A;N/A;N/A;N/A;N/A;N/A;N/A;N/A;N/A;N/A;N/A;N/A;N/A;N/A;N/A;N/A;N/A;N/A;N/A;N/A;N/A;"2860 mm";"3 L";"65 L";5;N/A;N/A;N/A;N/A;N/A;N/A;N/A;N/A;N/A;N/A;N/A;N/A;N/A;N/A;N/A;N/A;N/A;N/A;N/A;N/A;N/A;N/A;N/A;N/A;N/A;N/A;N/A;N/A;N/A;N/A;N/A;N/A;N/A;N/A;N/A;N/A;N/A;N/A;N/A;N/A;N/A;N/A;N/A;N/A;N/A;"1730 mm";"4895 mm";N/A;N/A;N/A;N/A;3;"125 hp";Srv;N/A;2;"1690 mm";N/A;N/A;N/A;N/A;N/A;N/A;N/A;N/A;N/A;N/A;N/A;N/A;N/A;N/A;N/A;N/A;N/A;N/A;4;3.0;Diésel;Manual;Pick-Up;"Autos y camionetas";N/A;N/A;N/A;N/A;N/A;N/A;UY;N/A;N/A;N/A;N/A;N/A;N/A;N/A;N/A;N/A;N/A;N/A;N/A;N/A;N/A;N/A;N/A;N/A;N/A;N/A;N/A;N/A;N/A;N/A;N/A;N/A;N/A;N/A;N/A;N/A;N/A;N/A;N/A;N/A;N/A;N/A;N/A;N/A;N/A;N/A;N/A;N/A;N/A;N/A;N/A;N/A;N/A;N/A;N/A;N/A;N/A;N/A;N/A;N/A;N/A;N/A;N/A;N/A;N/A;N/A;N/A;N/A;N/A;N/A;N/A;N/A;N/A;N/A;N/A;N/A;N/A;N/A;N/A;N/A;N/A;N/A;N/A;N/A;N/A;N/A;N/A;N/A;N/A;N/A;N/A;N/A;N/A;N/A;N/A;N/A;N/A;N/A;N/A;N/A;N/A;N/A;N/A;N/A;N/A;N/A;N/A;N/A;N/A;N/A;N/A;N/A;N/A;N/A;Sí;N/A;N/A;N/A;N/A;N/A;N/A;N/A
Toyota;Hilux;"3.0 Tdi Srv Cab Doble 4x2 (2009)";2009;"315000 km";;LUCIANODIANESI;26500;;;;;"Sarandí Grande";https://auto.mercadolibre.com.uy/MLU-701301958-toyota-hilux-2009-30-tdi-srv-cab-doble-4x2-2009-_JM;N/A;;"Toyota Hilux 2009 3.0 Tdi Srv Cab Doble 4x2 (2009)";usd;Sí;free;false;N/A;N/A;http://perfil.mercadolibre.com.uy/LUCIANODIANESI;active;N/A;N/A;Usado;N/A;N/A;Hidráulica;4x2;Sí;N/A;Sí;N/A;N/A;N/A;N/A;N/A;N/A;N/A;N/A;N/A;N/A;N/A;N/A;N/A;N/A;N/A;N/A;N/A;N/A;N/A;N/A;N/A;N/A;"2860 mm";"3 L";"80 L";5;N/A;N/A;N/A;N/A;N/A;N/A;N/A;N/A;N/A;N/A;N/A;N/A;N/A;N/A;N/A;N/A;N/A;N/A;N/A;N/A;N/A;N/A;N/A;N/A;N/A;N/A;N/A;N/A;N/A;N/A;N/A;N/A;N/A;N/A;N/A;N/A;N/A;N/A;N/A;N/A;N/A;N/A;N/A;N/A;N/A;"1820 mm";"5255 mm";N/A;N/A;N/A;N/A;5;"163 hp";Srv;N/A;4;"1855 mm";N/A;N/A;N/A;N/A;N/A;N/A;N/A;Sí;N/A;N/A;N/A;N/A;N/A;N/A;N/A;N/A;N/A;N/A;4;3.0;Diésel;Manual;Pick-Up;"Autos y camionetas";N/A;N/A;N/A;N/A;N/A;N/A;UY;N/A;N/A;N/A;N/A;N/A;N/A;N/A;N/A;N/A;N/A;N/A;N/A;N/A;N/A;N/A;N/A;N/A;N/A;N/A;N/A;N/A;N/A;N/A;N/A;N/A;N/A;N/A;N/A;N/A;N/A;N/A;N/A;N/A;N/A;N/A;N/A;N/A;N/A;N/A;N/A;N/A;N/A;N/A;N/A;N/A;N/A;N/A;N/A;N/A;N/A;N/A;N/A;N/A;N/A;N/A;N/A;N/A;N/A;N/A;N/A;N/A;N/A;N/A;N/A;N/A;N/A;N/A;N/A;N/A;N/A;N/A;N/A;N/A;N/A;N/A;N/A;N/A;N/A;N/A;N/A;N/A;N/A;N/A;N/A;N/A;N/A;N/A;N/A;N/A;N/A;N/A;N/A;N/A;N/A;N/A;N/A;N/A;N/A;N/A;N/A;N/A;N/A;N/A;N/A;N/A;Sí;N/A;Sí;N/A;N/A;N/A;N/A;N/A;N/A;N/A
Toyota;Hilux;"3.0 Tdi Sr Cab Doble 4x2 Doble Airbag";2008;"350000 km";;EROILGUMERSINDOBARRERASEGOV;27500;;;;;"Barros Blancos";https://auto.mercadolibre.com.uy/MLU-645857323-toyota-hilux-2008-30-tdi-sr-cab-doble-4x2-doble-airbag-_JM;N/A;;"Toyota Hilux 2008 3.0 Tdi Sr Cab Doble 4x2 Doble Airbag";usd;Sí;free;false;N/A;N/A;http://perfil.mercadolibre.com.uy/EROILGUMERSINDOBARRERASEGOV;active;N/A;N/A;Usado;N/A;N/A;Hidráulica;4x2;Sí;N/A;Sí;N/A;N/A;N/A;N/A;N/A;N/A;N/A;N/A;N/A;N/A;N/A;N/A;N/A;N/A;N/A;N/A;N/A;N/A;N/A;N/A;N/A;N/A;"2860 mm";"3 L";"80 L";5;N/A;N/A;N/A;N/A;N/A;N/A;N/A;N/A;N/A;N/A;N/A;N/A;N/A;N/A;N/A;N/A;N/A;N/A;N/A;N/A;N/A;N/A;N/A;N/A;N/A;N/A;N/A;N/A;N/A;N/A;N/A;N/A;N/A;N/A;N/A;N/A;N/A;N/A;N/A;N/A;N/A;N/A;N/A;N/A;N/A;"1820 mm";"5255 mm";N/A;N/A;N/A;N/A;5;"163 hp";Sr;N/A;4;"1855 mm";N/A;N/A;N/A;N/A;N/A;N/A;N/A;N/A;N/A;N/A;N/A;N/A;N/A;N/A;N/A;N/A;N/A;N/A;4;3.0;Diésel;Manual;Pick-Up;"Autos y camionetas";N/A;N/A;N/A;N/A;N/A;N/A;UY;N/A;N/A;N/A;N/A;N/A;N/A;N/A;N/A;N/A;N/A;N/A;N/A;N/A;N/A;N/A;N/A;N/A;N/A;N/A;N/A;N/A;N/A;N/A;N/A;N/A;N/A;N/A;N/A;N/A;N/A;N/A;N/A;N/A;N/A;N/A;N/A;N/A;N/A;N/A;N/A;N/A;N/A;N/A;N/A;N/A;N/A;N/A;N/A;N/A;N/A;N/A;N/A;N/A;N/A;N/A;N/A;N/A;N/A;N/A;N/A;N/A;N/A;N/A;N/A;N/A;N/A;N/A;N/A;N/A;N/A;N/A;N/A;N/A;N/A;N/A;N/A;N/A;N/A;N/A;N/A;N/A;N/A;N/A;N/A;N/A;N/A;N/A;N/A;N/A;N/A;N/A;N/A;N/A;N/A;N/A;N/A;N/A;N/A;N/A;N/A;N/A;N/A;N/A;N/A;N/A;N/A;N/A;Sí;N/A;N/A;N/A;N/A;N/A;N/A;N/A
Toyota;Corolla;"Gli 1.6";2012;"97000 km";;SFP1990;14700;;;;;"Punta Carretas";https://auto.mercadolibre.com.uy/MLU-701748150-97000-km-services-oficiales-ningun-choque-japones-2do-d-_JM;N/A;;"97.000 Km. Services Oficiales. Ningún Choque. Japonés. 2do D";USD;Sí;free;false;N/A;N/A;http://perfil.mercadolibre.com.uy/SFP1990;active;N/A;N/A;Usado;Plateado;No;Hidráulica;Delantera;N/A;N/A;N/A;N/A;N/A;N/A;N/A;N/A;N/A;N/A;N/A;N/A;N/A;N/A;N/A;N/A;N/A;N/A;N/A;N/A;N/A;N/A;N/A;N/A;N/A;N/A;N/A;N/A;N/A;N/A;N/A;N/A;N/A;N/A;N/A;N/A;N/A;N/A;N/A;N/A;N/A;N/A;N/A;N/A;N/A;N/A;N/A;N/A;N/A;N/A;N/A;N/A;N/A;N/A;N/A;N/A;N/A;N/A;N/A;N/A;N/A;N/A;N/A;N/A;N/A;N/A;N/A;N/A;N/A;N/A;N/A;N/A;N/A;N/A;N/A;N/A;N/A;N/A;N/A;N/A;N/A;N/A;N/A;N/A;N/A;N/A;N/A;N/A;N/A;N/A;N/A;N/A;N/A;N/A;N/A;N/A;N/A;N/A;N/A;N/A;N/A;N/A;N/A;N/A;5;1.6;Nafta;Manual;Sedán;"Autos y camionetas";N/A;N/A;N/A;N/A;N/A;N/A;N/A;N/A;N/A;N/A;N/A;N/A;N/A;N/A;N/A;N/A;N/A;N/A;N/A;N/A;N/A;N/A;N/A;N/A;N/A;N/A;N/A;N/A;N/A;N/A;N/A;N/A;N/A;N/A;N/A;N/A;N/A;N/A;N/A;N/A;N/A;N/A;N/A;N/A;N/A;N/A;N/A;N/A;N/A;N/A;N/A;N/A;N/A;N/A;N/A;N/A;N/A;N/A;N/A;N/A;N/A;N/A;N/A;N/A;N/A;N/A;N/A;N/A;N/A;N/A;N/A;N/A;N/A;N/A;N/A;N/A;N/A;N/A;N/A;N/A;N/A;N/A;N/A;N/A;N/A;N/A;N/A;N/A;N/A;N/A;N/A;N/A;N/A;N/A;N/A;N/A;N/A;N/A;N/A;N/A;N/A;N/A;N/A;N/A;N/A;N/A;N/A;N/A;N/A;N/A;N/A;N/A;N/A;N/A;N/A;N/A;N/A;N/A;N/A;N/A;N/A;N/A
Toyota;Hilux;"2.4 D/cab 4x2 D";1997;"350000 km";;MARTINJUANI;12000;;;;;Colón;https://auto.mercadolibre.com.uy/MLU-646797299-toyota-hilux-1997-24-dcab-4x2-d-_JM;N/A;;"Toyota Hilux 1997 2.4 D/cab 4x2 D";usd;No;free;false;N/A;N/A;http://perfil.mercadolibre.com.uy/MARTINJUANI;active;N/A;N/A;Usado;N/A;N/A;N/A;4x2;Sí;N/A;N/A;N/A;N/A;N/A;N/A;N/A;N/A;N/A;N/A;N/A;N/A;N/A;N/A;N/A;N/A;N/A;N/A;N/A;N/A;N/A;N/A;N/A;N/A;"3085 mm";"2.4 L";"80 L";5;N/A;N/A;N/A;N/A;N/A;N/A;N/A;N/A;N/A;N/A;N/A;N/A;N/A;N/A;N/A;N/A;N/A;N/A;N/A;N/A;N/A;N/A;N/A;N/A;N/A;N/A;N/A;N/A;N/A;N/A;N/A;N/A;N/A;N/A;N/A;N/A;N/A;N/A;N/A;N/A;N/A;N/A;N/A;N/A;N/A;"1860 mm";"5260 mm";N/A;N/A;N/A;N/A;5;"150 hp";N/A;N/A;4;"1835 mm";"8.2 km/l";N/A;N/A;N/A;N/A;N/A;N/A;N/A;N/A;N/A;N/A;"6.3 km/l";N/A;N/A;N/A;N/A;N/A;N/A;4;2.4;Diésel;Manual;Pick-Up;"Autos y camionetas";N/A;N/A;N/A;N/A;N/A;N/A;UY;N/A;N/A;N/A;N/A;N/A;N/A;N/A;N/A;N/A;N/A;N/A;N/A;N/A;N/A;N/A;N/A;N/A;N/A;N/A;N/A;N/A;N/A;N/A;N/A;N/A;N/A;N/A;N/A;N/A;N/A;N/A;N/A;N/A;N/A;N/A;N/A;N/A;N/A;N/A;N/A;N/A;N/A;N/A;N/A;N/A;N/A;N/A;N/A;N/A;N/A;N/A;N/A;N/A;N/A;N/A;N/A;N/A;N/A;N/A;N/A;N/A;N/A;N/A;N/A;N/A;N/A;N/A;N/A;N/A;N/A;N/A;N/A;N/A;N/A;N/A;N/A;N/A;N/A;N/A;N/A;N/A;N/A;N/A;N/A;N/A;N/A;N/A;N/A;N/A;N/A;N/A;N/A;N/A;N/A;N/A;N/A;N/A;N/A;N/A;N/A;N/A;N/A;N/A;N/A;N/A;N/A;N/A;N/A;N/A;N/A;N/A;N/A;N/A;N/A;N/A
Toyota;Rush;Automática;2019;"91000 km";;SERF1981;21500;;;;;"Santa Clara De Olimar";https://auto.mercadolibre.com.uy/MLU-646715123-toyota-rush-automatica-_JM;N/A;;"Toyota Rush Automática";USD;Sí;free;false;N/A;N/A;http://perfil.mercadolibre.com.uy/SERF1981;active;N/A;N/A;Usado;Verde;Sí;Hidráulica;N/A;N/A;N/A;N/A;N/A;N/A;N/A;N/A;N/A;N/A;N/A;N/A;N/A;N/A;N/A;N/A;N/A;N/A;N/A;N/A;N/A;N/A;N/A;N/A;N/A;N/A;N/A;N/A;N/A;N/A;N/A;N/A;N/A;N/A;N/A;N/A;N/A;N/A;N/A;N/A;N/A;N/A;N/A;N/A;N/A;N/A;N/A;N/A;N/A;N/A;N/A;N/A;N/A;N/A;N/A;N/A;N/A;N/A;N/A;N/A;N/A;N/A;N/A;N/A;N/A;N/A;N/A;N/A;N/A;N/A;N/A;N/A;N/A;N/A;N/A;N/A;N/A;N/A;N/A;N/A;N/A;N/A;N/A;N/A;N/A;N/A;N/A;N/A;N/A;N/A;N/A;N/A;N/A;N/A;N/A;N/A;N/A;N/A;N/A;N/A;N/A;N/A;N/A;N/A;N/A;5;N/A;Nafta;N/A;SUV;"Autos y camionetas";N/A;N/A;N/A;N/A;N/A;N/A;N/A;N/A;No;N/A;N/A;N/A;N/A;N/A;N/A;N/A;N/A;N/A;N/A;N/A;N/A;N/A;N/A;N/A;N/A;N/A;N/A;N/A;N/A;N/A;N/A;N/A;N/A;N/A;N/A;N/A;N/A;N/A;N/A;N/A;N/A;N/A;N/A;N/A;N/A;N/A;N/A;N/A;N/A;N/A;N/A;N/A;N/A;N/A;N/A;N/A;N/A;N/A;N/A;N/A;N/A;N/A;N/A;N/A;N/A;N/A;N/A;N/A;N/A;N/A;N/A;N/A;N/A;N/A;N/A;N/A;N/A;N/A;N/A;N/A;N/A;N/A;N/A;N/A;N/A;N/A;N/A;N/A;N/A;N/A;N/A;N/A;N/A;N/A;N/A;N/A;N/A;N/A;N/A;N/A;N/A;N/A;N/A;N/A;N/A;N/A;N/A;N/A;N/A;N/A;N/A;N/A;N/A;N/A;N/A;N/A;N/A;N/A;N/A;N/A;N/A;N/A
Toyota;Corolla;"1.8 Xei Mt";2009;"150000 km";;RONE4983842;12500;;;;;Paysandú;https://auto.mercadolibre.com.uy/MLU-701186812-toyota-corolla-18-xei-mt-_JM;N/A;;"Toyota Corolla 1.8 Xei Mt";usd;Sí;free;false;N/A;N/A;http://perfil.mercadolibre.com.uy/RONE4983842;active;N/A;N/A;Usado;Gris;No;Hidráulica;Delantera;Sí;Sí;Sí;N/A;N/A;Sí;N/A;N/A;No;N/A;N/A;No;Sí;N/A;Sí;N/A;N/A;N/A;N/A;N/A;N/A;N/A;N/A;N/A;N/A;"2600 mm";"1.8 L";"55 L";5;N/A;N/A;N/A;N/A;N/A;Sí;N/A;N/A;N/A;N/A;N/A;N/A;N/A;N/A;N/A;N/A;N/A;N/A;N/A;N/A;N/A;N/A;N/A;N/A;N/A;N/A;N/A;N/A;N/A;N/A;N/A;N/A;N/A;N/A;N/A;N/A;N/A;N/A;N/A;N/A;N/A;N/A;N/A;N/A;N/A;"1485 mm";"4530 mm";N/A;N/A;N/A;N/A;5;"136 hp";Xei;N/A;4;"1760 mm";"13.5 km/l";Sí;N/A;Sí;Sí;N/A;Sí;Sí;N/A;N/A;N/A;N/A;Sí;N/A;N/A;N/A;N/A;N/A;5;1.8;Nafta;Manual;Sedán;"Autos y camionetas";N/A;N/A;N/A;N/A;N/A;N/A;UY;N/A;N/A;N/A;N/A;N/A;N/A;N/A;N/A;N/A;N/A;N/A;N/A;N/A;N/A;N/A;N/A;N/A;N/A;N/A;N/A;N/A;N/A;N/A;N/A;N/A;N/A;N/A;N/A;N/A;N/A;N/A;N/A;N/A;N/A;N/A;N/A;N/A;N/A;N/A;N/A;N/A;N/A;N/A;N/A;N/A;N/A;N/A;N/A;N/A;N/A;N/A;N/A;N/A;N/A;N/A;N/A;N/A;N/A;N/A;N/A;N/A;N/A;N/A;N/A;N/A;N/A;N/A;N/A;N/A;N/A;N/A;N/A;N/A;N/A;N/A;N/A;N/A;N/A;N/A;N/A;N/A;N/A;N/A;N/A;N/A;N/A;N/A;N/A;Sí;Sí;Sí;N/A;N/A;Sí;N/A;N/A;N/A;N/A;Sí;No;N/A;N/A;N/A;N/A;Sí;Sí;N/A;Sí;Sí;N/A;Sí;No;N/A;N/A;N/A
Toyota;Hilux;"2.5 Cd Dx Pack Tdi 120cv 4x4";2013;"400000 km";;JOPEPUCHET;25000;;;;;Rocha;https://auto.mercadolibre.com.uy/MLU-646242919-toyota-hilux-25-cd-dx-pack-tdi-120cv-4x4-_JM;N/A;;"Toyota Hilux 2.5 Cd Dx Pack Tdi 120cv 4x4";usd;Sí;free;false;N/A;N/A;http://perfil.mercadolibre.com.uy/JOPEPUCHET;active;N/A;N/A;Usado;Negro;Sí;Hidráulica;4x4;Sí;N/A;N/A;N/A;N/A;N/A;N/A;N/A;N/A;N/A;N/A;N/A;N/A;N/A;N/A;N/A;N/A;N/A;N/A;N/A;N/A;N/A;N/A;N/A;N/A;"2860 mm";"2.5 L";"80 L";5;N/A;N/A;N/A;N/A;N/A;N/A;N/A;N/A;N/A;N/A;N/A;N/A;N/A;N/A;N/A;N/A;N/A;N/A;N/A;N/A;N/A;N/A;N/A;N/A;N/A;N/A;N/A;N/A;N/A;N/A;N/A;N/A;N/A;N/A;N/A;N/A;N/A;N/A;N/A;N/A;N/A;N/A;N/A;N/A;N/A;"1850 mm";"5260 mm";N/A;N/A;N/A;N/A;5;"120 hp";Dx;N/A;4;"1855 mm";N/A;N/A;N/A;N/A;Sí;N/A;N/A;N/A;N/A;N/A;N/A;N/A;N/A;N/A;N/A;N/A;N/A;N/A;4;2.5;Diésel;Manual;Pick-Up;"Autos y camionetas";N/A;N/A;N/A;N/A;N/A;N/A;UY;N/A;N/A;N/A;N/A;N/A;N/A;N/A;N/A;N/A;N/A;N/A;N/A;N/A;N/A;N/A;N/A;N/A;N/A;N/A;N/A;N/A;N/A;N/A;N/A;N/A;N/A;N/A;N/A;N/A;N/A;N/A;N/A;N/A;N/A;N/A;N/A;N/A;N/A;N/A;N/A;N/A;N/A;N/A;N/A;N/A;N/A;N/A;N/A;N/A;N/A;N/A;N/A;N/A;N/A;N/A;N/A;N/A;N/A;N/A;N/A;N/A;N/A;N/A;N/A;N/A;N/A;N/A;N/A;N/A;N/A;N/A;N/A;N/A;N/A;N/A;N/A;N/A;N/A;N/A;N/A;N/A;N/A;N/A;N/A;N/A;N/A;N/A;N/A;N/A;N/A;N/A;N/A;N/A;N/A;N/A;N/A;N/A;N/A;N/A;N/A;N/A;N/A;N/A;N/A;N/A;Sí;N/A;Sí;N/A;N/A;N/A;N/A;Sí;N/A;N/A
Toyota;Hilux;"3.0 D/cab 4x4 Srv Lim P/2";2006;"358291 km";;CINTHIA1019;25000;;;;;Maldonado;https://auto.mercadolibre.com.uy/MLU-701604258-toyota-hilux-30-srv-tdi-4x2-full-_JM;N/A;;"Toyota Hilux 3.0 Srv Tdi 4x2 Full";usd;No;free;false;N/A;N/A;http://perfil.mercadolibre.com.uy/CINTHIA1019;active;N/A;N/A;Usado;N/A;N/A;N/A;4x4;Sí;N/A;N/A;N/A;N/A;N/A;N/A;N/A;N/A;N/A;N/A;N/A;N/A;N/A;N/A;N/A;N/A;N/A;N/A;N/A;N/A;N/A;N/A;N/A;N/A;"2860 mm";"3 L";"65 L";5;N/A;N/A;N/A;N/A;N/A;N/A;N/A;N/A;N/A;N/A;N/A;N/A;N/A;N/A;N/A;N/A;N/A;N/A;N/A;N/A;N/A;N/A;N/A;N/A;N/A;N/A;N/A;N/A;N/A;N/A;N/A;N/A;N/A;N/A;N/A;N/A;N/A;N/A;N/A;N/A;N/A;N/A;N/A;N/A;N/A;"1730 mm";"4895 mm";N/A;N/A;N/A;N/A;3;"125 hp";Srv;N/A;2;"1690 mm";N/A;N/A;N/A;N/A;N/A;N/A;N/A;N/A;N/A;N/A;N/A;N/A;N/A;N/A;N/A;N/A;N/A;N/A;4;3.0;Diésel;Manual;Pick-Up;"Autos y camionetas";N/A;N/A;N/A;N/A;N/A;N/A;UY;N/A;N/A;N/A;N/A;N/A;N/A;N/A;N/A;N/A;N/A;N/A;N/A;N/A;N/A;N/A;N/A;N/A;N/A;N/A;N/A;N/A;N/A;N/A;N/A;N/A;N/A;N/A;N/A;N/A;N/A;N/A;N/A;N/A;N/A;N/A;N/A;N/A;N/A;N/A;N/A;N/A;N/A;N/A;N/A;N/A;N/A;N/A;N/A;N/A;N/A;N/A;N/A;N/A;N/A;N/A;N/A;N/A;N/A;N/A;N/A;N/A;N/A;N/A;N/A;N/A;N/A;N/A;N/A;N/A;N/A;N/A;N/A;N/A;N/A;N/A;N/A;N/A;N/A;N/A;N/A;N/A;N/A;N/A;N/A;N/A;N/A;N/A;N/A;N/A;N/A;N/A;N/A;N/A;N/A;N/A;N/A;N/A;N/A;N/A;N/A;N/A;N/A;N/A;N/A;N/A;N/A;N/A;Sí;N/A;N/A;N/A;N/A;N/A;N/A;N/A
Toyota;81;starlet;1999;"71500 km";;CHR_KNU;7500;;;;;"Nueva Helvecia";https://auto.mercadolibre.com.uy/MLU-646809975-toyota-toyota-starlet-81-starlet-dl-_JM;N/A;;"Toyota Toyota Starlet 81 Starlet Dl";USD;No;free;false;N/A;N/A;http://perfil.mercadolibre.com.uy/CHR_KNU;active;N/A;N/A;Usado;N/A;N/A;N/A;N/A;N/A;N/A;N/A;N/A;N/A;N/A;N/A;N/A;N/A;N/A;N/A;N/A;N/A;N/A;N/A;N/A;N/A;N/A;N/A;N/A;N/A;N/A;N/A;N/A;N/A;N/A;N/A;N/A;N/A;N/A;N/A;N/A;N/A;N/A;N/A;N/A;N/A;N/A;N/A;N/A;N/A;N/A;N/A;N/A;N/A;N/A;N/A;N/A;N/A;N/A;N/A;N/A;N/A;N/A;N/A;N/A;N/A;N/A;N/A;N/A;N/A;N/A;N/A;N/A;N/A;N/A;N/A;N/A;N/A;N/A;N/A;N/A;N/A;N/A;N/A;N/A;N/A;N/A;N/A;N/A;N/A;N/A;N/A;N/A;N/A;N/A;N/A;N/A;N/A;N/A;N/A;N/A;N/A;N/A;N/A;N/A;N/A;N/A;N/A;N/A;N/A;N/A;N/A;N/A;5;N/A;Nafta;N/A;N/A;"Autos y camionetas";N/A;N/A;N/A;N/A;N/A;N/A;N/A;N/A;N/A;N/A;N/A;N/A;N/A;N/A;N/A;N/A;N/A;N/A;N/A;N/A;N/A;N/A;N/A;N/A;N/A;N/A;N/A;N/A;N/A;N/A;N/A;N/A;N/A;N/A;N/A;N/A;N/A;N/A;N/A;N/A;N/A;N/A;N/A;N/A;N/A;N/A;N/A;N/A;N/A;N/A;N/A;N/A;N/A;N/A;N/A;N/A;N/A;N/A;N/A;N/A;N/A;N/A;N/A;N/A;N/A;N/A;N/A;N/A;N/A;N/A;N/A;N/A;N/A;N/A;N/A;N/A;N/A;N/A;N/A;N/A;N/A;N/A;N/A;N/A;N/A;N/A;N/A;N/A;N/A;N/A;N/A;N/A;N/A;N/A;N/A;N/A;N/A;N/A;N/A;N/A;N/A;N/A;N/A;N/A;N/A;N/A;N/A;N/A;N/A;N/A;N/A;N/A;N/A;N/A;N/A;N/A;N/A;N/A;N/A;N/A;N/A;N/A
Toyota;Hilux;"2.5 4x2";2007;"345000 km";;FERNANDOGABRIELMARTINDIAZ;21000;;;;;Quebracho;https://auto.mercadolibre.com.uy/MLU-646691413-toyota-hilux-turbo-diesel-d4d25-_JM;N/A;;"Toyota Hilux Turbo Diesel D_4d..2.5..";USD;No;free;false;N/A;N/A;http://perfil.mercadolibre.com.uy/FERNANDOGABRIELMARTINDIAZ;active;N/A;N/A;Usado;Marrón;No;Asistida;4x2;N/A;N/A;N/A;N/A;N/A;N/A;N/A;N/A;N/A;N/A;N/A;N/A;N/A;N/A;N/A;N/A;N/A;N/A;N/A;N/A;N/A;N/A;N/A;N/A;N/A;N/A;N/A;N/A;N/A;N/A;N/A;N/A;N/A;N/A;N/A;N/A;N/A;N/A;N/A;N/A;N/A;N/A;N/A;N/A;N/A;N/A;N/A;N/A;N/A;N/A;N/A;N/A;N/A;N/A;N/A;N/A;N/A;N/A;N/A;N/A;N/A;N/A;N/A;N/A;N/A;N/A;N/A;N/A;N/A;N/A;N/A;N/A;N/A;N/A;N/A;N/A;N/A;N/A;N/A;N/A;N/A;N/A;N/A;N/A;N/A;N/A;N/A;No;N/A;N/A;N/A;N/A;No;No;N/A;N/A;N/A;N/A;N/A;N/A;N/A;N/A;N/A;N/A;4;"Toyota 2kD.";Diésel;Manual;Pick-Up;"Autos y camionetas";N/A;N/A;N/A;N/A;N/A;N/A;N/A;N/A;N/A;N/A;N/A;N/A;N/A;N/A;N/A;N/A;N/A;N/A;N/A;N/A;N/A;N/A;N/A;N/A;N/A;N/A;N/A;N/A;N/A;N/A;N/A;N/A;N/A;N/A;N/A;N/A;N/A;N/A;N/A;N/A;N/A;N/A;N/A;N/A;N/A;N/A;N/A;N/A;N/A;N/A;N/A;N/A;N/A;N/A;N/A;N/A;N/A;N/A;N/A;N/A;N/A;N/A;N/A;N/A;N/A;N/A;N/A;N/A;N/A;N/A;N/A;N/A;N/A;N/A;N/A;N/A;N/A;N/A;N/A;N/A;N/A;N/A;N/A;N/A;N/A;N/A;N/A;N/A;N/A;N/A;N/A;N/A;N/A;N/A;N/A;N/A;N/A;N/A;N/A;N/A;N/A;N/A;N/A;N/A;N/A;N/A;N/A;N/A;N/A;N/A;N/A;N/A;N/A;N/A;N/A;N/A;N/A;N/A;N/A;N/A;N/A;N/A
Toyota;Prius;"1.5 C Hibrido At";2018;"75000 km";;BINBASH_UY;22600;;;;;"Malvin Norte";https://auto.mercadolibre.com.uy/MLU-697846142-toyota-prius-c-_JM;N/A;;"Toyota Prius C";usd;Sí;free;false;N/A;N/A;http://perfil.mercadolibre.com.uy/BINBASH_UY;active;N/A;N/A;Usado;Blanco;N/A;Hidráulica;Delantera;Sí;N/A;N/A;N/A;N/A;N/A;N/A;N/A;N/A;N/A;N/A;N/A;N/A;N/A;N/A;N/A;N/A;N/A;N/A;N/A;N/A;N/A;N/A;N/A;N/A;"2700 mm";"1.5 L";"43 L";N/A;N/A;N/A;N/A;N/A;N/A;N/A;N/A;N/A;N/A;N/A;N/A;N/A;N/A;N/A;N/A;N/A;N/A;N/A;N/A;N/A;N/A;N/A;N/A;N/A;N/A;N/A;N/A;N/A;N/A;N/A;N/A;N/A;N/A;Sí;Sí;N/A;N/A;N/A;N/A;N/A;N/A;N/A;N/A;N/A;N/A;"1490 mm";"4540 mm";N/A;N/A;N/A;N/A;5;"36 hp";N/A;N/A;4;"1760 mm";N/A;N/A;N/A;N/A;N/A;N/A;N/A;Sí;N/A;N/A;N/A;N/A;N/A;N/A;N/A;N/A;N/A;N/A;5;1.5;Híbrido;Automática;Hatchback;"Autos y camionetas";N/A;N/A;N/A;N/A;N/A;N/A;UY;N/A;N/A;N/A;N/A;N/A;N/A;N/A;N/A;N/A;N/A;N/A;N/A;N/A;N/A;N/A;N/A;N/A;N/A;N/A;N/A;N/A;N/A;N/A;N/A;N/A;N/A;N/A;N/A;N/A;N/A;N/A;N/A;N/A;N/A;N/A;N/A;N/A;N/A;N/A;N/A;N/A;N/A;N/A;N/A;N/A;N/A;N/A;N/A;N/A;N/A;N/A;N/A;N/A;N/A;N/A;N/A;N/A;N/A;N/A;N/A;N/A;N/A;N/A;N/A;N/A;N/A;N/A;N/A;N/A;N/A;N/A;N/A;N/A;N/A;N/A;N/A;N/A;N/A;N/A;N/A;N/A;N/A;N/A;N/A;N/A;N/A;N/A;N/A;N/A;N/A;N/A;N/A;N/A;N/A;N/A;N/A;N/A;N/A;N/A;N/A;N/A;N/A;N/A;N/A;N/A;Sí;N/A;Sí;N/A;N/A;N/A;N/A;Sí;N/A;Sí
Toyota;Estarlet;1.3;1999;"200000 km";;BAPA7994089;30000;;;;;"Barros Blancos";https://auto.mercadolibre.com.uy/MLU-701712900-toyota-estarlet-1981motor-1000-_JM;N/A;;"Toyota Estarlet 1981..motor 1000";UYU;No;free;false;N/A;N/A;http://perfil.mercadolibre.com.uy/BAPA7994089;active;N/A;N/A;Usado;Azul;N/A;Mecánica;Delantera;N/A;N/A;N/A;N/A;N/A;N/A;N/A;N/A;N/A;N/A;N/A;N/A;N/A;N/A;N/A;N/A;N/A;N/A;N/A;N/A;N/A;N/A;N/A;N/A;N/A;N/A;N/A;N/A;N/A;N/A;N/A;N/A;N/A;N/A;N/A;N/A;N/A;N/A;N/A;N/A;N/A;N/A;N/A;N/A;N/A;N/A;N/A;N/A;N/A;N/A;N/A;N/A;N/A;N/A;N/A;N/A;N/A;N/A;N/A;N/A;N/A;N/A;N/A;N/A;N/A;N/A;N/A;N/A;N/A;N/A;N/A;N/A;N/A;N/A;N/A;N/A;N/A;N/A;N/A;N/A;N/A;N/A;N/A;N/A;N/A;N/A;N/A;N/A;N/A;N/A;N/A;N/A;N/A;N/A;N/A;N/A;N/A;N/A;N/A;N/A;N/A;N/A;N/A;"08  a.      22.00";2;N/A;Nafta;N/A;N/A;"Autos y camionetas";N/A;N/A;N/A;N/A;N/A;N/A;N/A;N/A;N/A;N/A;N/A;N/A;N/A;N/A;N/A;N/A;N/A;N/A;N/A;N/A;N/A;N/A;N/A;N/A;N/A;N/A;N/A;N/A;N/A;N/A;N/A;N/A;N/A;N/A;N/A;N/A;N/A;N/A;N/A;N/A;N/A;N/A;N/A;N/A;N/A;N/A;N/A;N/A;N/A;N/A;N/A;N/A;N/A;N/A;N/A;N/A;N/A;N/A;N/A;N/A;N/A;N/A;N/A;N/A;N/A;N/A;N/A;N/A;N/A;N/A;N/A;N/A;N/A;N/A;N/A;N/A;N/A;N/A;N/A;N/A;N/A;N/A;N/A;N/A;N/A;N/A;N/A;N/A;N/A;N/A;N/A;N/A;N/A;N/A;N/A;N/A;N/A;N/A;N/A;N/A;N/A;N/A;N/A;N/A;N/A;N/A;N/A;N/A;N/A;N/A;N/A;N/A;N/A;N/A;N/A;N/A;N/A;N/A;N/A;N/A;N/A;N/A
Toyota;Yaris;"1.5 Hb 5vel Mt";2000;"250000 km";;CYN_MOURINO;10500;;;;;Trinidad;https://auto.mercadolibre.com.uy/MLU-645825901-toyota-yaris-2000-15-hb-5vel-mt-_JM;N/A;;"Toyota Yaris 2000 1.5 Hb 5vel Mt";usd;No;free;false;N/A;N/A;http://perfil.mercadolibre.com.uy/CYN_MOURINO;active;N/A;N/A;Usado;N/A;N/A;Hidráulica;Delantera;Sí;N/A;N/A;N/A;N/A;N/A;N/A;N/A;N/A;N/A;N/A;N/A;N/A;N/A;N/A;N/A;N/A;N/A;N/A;N/A;N/A;N/A;N/A;N/A;N/A;N/A;"1.5 L";N/A;N/A;N/A;N/A;N/A;N/A;N/A;N/A;N/A;N/A;N/A;N/A;N/A;N/A;N/A;N/A;N/A;N/A;N/A;N/A;N/A;N/A;N/A;N/A;N/A;N/A;N/A;N/A;N/A;N/A;N/A;N/A;N/A;N/A;N/A;N/A;N/A;N/A;N/A;N/A;N/A;N/A;N/A;N/A;N/A;N/A;N/A;N/A;N/A;N/A;N/A;N/A;N/A;5;N/A;N/A;N/A;N/A;N/A;N/A;N/A;N/A;N/A;N/A;N/A;N/A;N/A;N/A;N/A;N/A;N/A;N/A;N/A;N/A;N/A;N/A;N/A;5;1.5;Nafta;Manual;Hatchback;"Autos y camionetas";N/A;N/A;N/A;N/A;N/A;N/A;UY;N/A;N/A;N/A;N/A;N/A;N/A;N/A;N/A;N/A;N/A;N/A;N/A;N/A;N/A;N/A;N/A;N/A;N/A;N/A;N/A;N/A;N/A;N/A;N/A;N/A;N/A;N/A;N/A;N/A;N/A;N/A;N/A;N/A;N/A;N/A;N/A;N/A;N/A;N/A;N/A;N/A;N/A;N/A;N/A;N/A;N/A;N/A;N/A;N/A;N/A;N/A;N/A;N/A;N/A;N/A;N/A;N/A;N/A;N/A;N/A;N/A;N/A;N/A;N/A;N/A;N/A;N/A;N/A;N/A;N/A;N/A;N/A;N/A;N/A;N/A;N/A;N/A;N/A;N/A;N/A;N/A;N/A;N/A;N/A;N/A;N/A;N/A;N/A;N/A;N/A;N/A;N/A;N/A;N/A;N/A;N/A;N/A;N/A;N/A;N/A;N/A;N/A;N/A;N/A;N/A;N/A;N/A;Sí;N/A;N/A;N/A;N/A;N/A;N/A;N/A
Toyota;"Hilux Pick-Up";"2.5 Cd Dx Pack Tdi 120cv 4x4";2018;"170000 km";;GALARRAGAIGNACIO20230311043512;37000;;;;;Tacuarembó;https://auto.mercadolibre.com.uy/MLU-700443384-hilux-_JM;N/A;;Hilux;USD;Sí;free;false;N/A;N/A;http://perfil.mercadolibre.com.uy/GALARRAGAIGNACIO20230311043512;active;N/A;N/A;Usado;Blanco;Sí;Hidráulica;4x4;N/A;N/A;N/A;N/A;N/A;N/A;N/A;N/A;N/A;N/A;N/A;N/A;N/A;N/A;N/A;N/A;N/A;N/A;N/A;N/A;N/A;N/A;N/A;N/A;N/A;N/A;N/A;N/A;N/A;N/A;N/A;N/A;N/A;N/A;N/A;N/A;N/A;N/A;N/A;N/A;N/A;N/A;N/A;N/A;N/A;N/A;N/A;N/A;N/A;N/A;N/A;N/A;N/A;N/A;N/A;N/A;N/A;N/A;N/A;N/A;N/A;N/A;N/A;N/A;N/A;N/A;N/A;N/A;N/A;N/A;N/A;N/A;N/A;N/A;N/A;N/A;N/A;N/A;N/A;N/A;N/A;N/A;N/A;N/A;N/A;N/A;N/A;N/A;N/A;N/A;N/A;N/A;N/A;N/A;N/A;N/A;N/A;N/A;N/A;N/A;N/A;N/A;N/A;N/A;2;2:4;Diésel;Manual;Pick-Up;"Autos y camionetas";N/A;N/A;N/A;N/A;N/A;N/A;N/A;N/A;N/A;N/A;N/A;N/A;N/A;N/A;N/A;N/A;N/A;N/A;N/A;N/A;N/A;N/A;N/A;N/A;N/A;N/A;N/A;N/A;N/A;N/A;N/A;N/A;N/A;N/A;N/A;N/A;N/A;N/A;N/A;N/A;N/A;N/A;N/A;N/A;N/A;N/A;N/A;N/A;N/A;N/A;N/A;N/A;N/A;N/A;N/A;N/A;N/A;N/A;N/A;N/A;N/A;N/A;N/A;N/A;N/A;N/A;N/A;N/A;N/A;N/A;N/A;N/A;N/A;N/A;N/A;N/A;N/A;N/A;N/A;N/A;N/A;N/A;N/A;N/A;N/A;N/A;N/A;N/A;N/A;N/A;N/A;N/A;N/A;N/A;N/A;N/A;N/A;N/A;N/A;N/A;N/A;N/A;N/A;N/A;N/A;N/A;N/A;N/A;N/A;N/A;N/A;N/A;N/A;N/A;N/A;N/A;N/A;N/A;N/A;N/A;N/A;N/A
