Marca;Modelo;Versión;Año;Km;"Ficha Of.";Dueños;"Precio Vta";Min;Max;"Val Mercado";Márgen;Ubicación;Link;Cel;Part/Autom;Titulo;Moneda;Financiable;Type;"Acepta MercadoPago";"Fecha de Registro";Puntos;Perfil;Status;"Gestión administrativa";"Doble tracción";"Condición del ítem";Color;"Único dueño";Dirección;"Control de tracción";"Aire acondicionado";"Cierre centralizado de puertas";"Control eléctrico para los retrovisores";"Asientos eléctricos";GPS;"Faros con regulación automática";"Apoya cabeza en asientos traseros";"Asiento conductor regulable en altura";"Tapizado de cuero";"Sensor de luz";"Paragolpes pintados";"Sensor de estacionamiento";"Cristales eléctricos";"Respaldo trasero";"Apertura remota de baúl";"Aceleración alcohol";"Aceleración diesel";"Aceleración nafta";"Autonomía con alcohol";"Autonomía con diesel";"Autonomía con nafta";"Consumo promedio alcohol";"Consumo promedio diesel";"Consumo promedio nafta";Cilindros;"Distancia entre ejes";Cilindrada;"Capacidad del tanque";"Numero de velocidades";"Color de engomado";"Tablero con detalles en aluminio";"Android auto";"Apple CarPlay";"Tracción ASR";"Cierre automático de vidrios";"Asiento trasero con apoyabrazo central";"Tablero con detalles cromados";"Manijas externas de puertas cromadas";"Posavasos en apoyabrazos central trasero";"Asiento trasero con respaldo bipartido";"Asiento delantero conductor con regulación eléctrica de la inclinación del respaldo";"Asiento delantero pasajero con regulación eléctrica de la inclinación del respaldo";"Asiento delantero pasajero con regulación eléctrica de altura";"Asiento delantero conductor con regulación eléctrica longitudinal";"Asiento delantero pasajero con regulación eléctrica longitudinal";"Asiento delantero conductor con regulación eléctrica de inclinación";"Asiento delantero pasajero con regulación eléctrica de inclinación";"Asiento delantero integral bipartido";"Asiento delantero integral";"Sensor delantero de distancia para estacionamiento";"Asientos delanteros calefaccionados";"Asiento acompañante regulable en altura";"Regulación de altura del volante";"Asientos delanteros individuales";"Sistema ISOFIX";"Asiento trasero con regulación longitudinal";"Regulación longitudinal del volante";"Tiene licencia";"Porta equipaje en techo";Pintado;"Paragolpe delantero del color del vehículo";"Paragolpe trasero del color del vehículo";"Levantavidrios eléctricos delanteros";"Levantavidrios eléctricos traseros";"Sensor trasero de distancia para estacionamiento";"Apertura remota de puertas";"Airbag laterales delanteros";"Airbag laterales traseros";"Tablero con detalles en color especial";"Paragolpe trasero pintados de color especial";"Paragolpe delantero pintados de color especial";"Volante revestido en cuero";Taximetro;"Tablero con detalles en madera";Altura;Largo;Baúl;"Velocidad máxima con alcohol";"Velocidad máxima con diesel";"Velocidad máxima con nafta";"Capacidad de personas";Potencia;Versiones;"Detalle transmisión";"Válvulas por cilindro";Ancho;"Consumo medio en ciudad";"Piloto automático";"Aviso de punto ciego";Climatizador;"Porta vasos";"Control de velocidad crucero";"Alarma de luces encendidas";"Computadora de abordo";"Asiento trasero rebatible";"Techo solar eléctrico retráctil";"Faros de xenón";"Consumo medio en ruta";"Defensa delantera";"Soporte para rueda de auxilio";"Capota marítima";"Cobertor de caja";"Limpia/lava luneta";"Horario de contacto";Puertas;Motor;"Tipo de combustible";Transmisión;"Tipo de carrocería";"Tipo de vehículo";"Entrega a domicilio";"Tapizado de tela";"Tapizado de semicuero";"Inspección vehicular";"Test drive a domicilio";"Vehículo asegurado";Mercado;"Documentación en casa";"Acepta permuta";"Sanitiza el vehículo";"Tours virtuales";"Sensor de cambio de carril activo";"Aire acondicionado con control automático de la temperatura";"Aire acondicionado con controles individuales";"Rueda de auxilio de aleación";"Apoyabrazos entre los asientos delanteros";"Amplificador de audio";"Aire acondicionado automático con controles individuales";"Aire acondicionado automático con controles individuales del/tras (3 zonas)";"Aire acondicionado automático con controles individuales del/tras (4 zonas)";"Aire acondicionado automático con controles individuales delanteros/traseros";"Sistema de estacionamiento automático";"Destrabamiento automático de puertas en caso de accidente";"Accionamiento de luces auxiliares en caso de frenado brusco";"Cámara de retroceso";"Tapa de caja";"Viva-voz con sistema bluetooth";Blu-ray;"Llantas de aleación cromadas";"Manija de puertas cromadas";"Paragolpes delantero cromado";"Paragolpes trasero cromado";"Sistema de control de frenado en curva (CBC)";"Protector de cárter";"LCD en panel de instrumentos";"Con faros diurnos LED";"Apoyabrazos conductor";"Asiento del conductor con regulación eléctrica de altura";"Con modo Eco";"Espejo retrovisor interno electro crómico";"Motor con tecnología de reducción de emisiones (Efficiency)";"Espejos externos con inclinación automática en marcha atrás";"Espejos retrovisores externos rebatibles eléctricamente";"Con garantía de fábrica";"Apoyabrazos delanteros individuales";"LCD en respaldo asiento delantero";"Protector de tanque de combustible";"Cambio de marchas en el volante";"Teléfono celular manos libres";"Faros con encendido en caso de lluvia";"Faros con accionamiento automático-encendido";"Limpiador de faros";"Lavador de faros";"Sensor de cambio de carril";"LCD entre asientos delanteros";"LCD para asientos traseros";"Con faros de neblina LED";"Con faros delanteros LED";"Con faros traseros LED";"Llantas de lujo";"Vidrios manuales";"Con garantía mecánica";"Precio negociable";Estribos;"Llantas nuevas";"Luces exploradoras";"IPVA pago";"Manija de puertas en color del vehículo";"LCD en panel";"Techo de vidrio panorámico";"Techo solar panorámico";"Sensor de estacionamiento por cámara delantera";"Sensor de estacionamiento por cámara trasera";"Sistema de estacionamiento con gráficos";"Asiento del pasajero con regulación eléctrica de altura";"Cinturones de seguridad delanteros retráctiles";"Cinturones de seguridad delanteros retráctiles con regulación eléctrica de altura";"Cinturones de seguridad delanteros retráctiles con regulación de altura";"Cinturones de seguridad traseros retráctiles";"Cinturones de seguridad traseros retráctiles con regulación eléctrica de altura";"Cinturones de seguridad traseros retráctiles con regulación de altura";"LCD en techo";"Films de seguridad";"Techo solar sky window";"Llantas de aleación en color especial";"Manija de puertas en color especial";Alerón;"Rueda de auxilio de acero";"Llantas de acero";"Revisión tecnomecánica";"Rueda de auxilio temporal";"Tercera fila";"LCD con sistema touch screen";"Sistema de GPS con indicación por voz";"Sistema de comando de voz";Blindado;"Frenos ABS";Alarma;"Llantas de aleación";"Airbag de cortina";"Airbag conductor";"Repartidor electrónico de fuerza de frenado";"Sistema de bloqueo de encendido";"Faros antiniebla";"Faros antinieblas delanteros";"Airbag para conductor y pasajero";"Sensor de lluvia";"Faros antinieblas traseros";"Desempañador trasero";"Barra anti vuelco";"Airbag laterales";"Control de estabilidad";"Comando remoto para radio en el volante";"Tercera luz de freno led";AM/FM;"Entrada auxiliar";Bluetooth;CD;DVD;"Reproductor de MP3";"Tarjeta SD";"Entrada USB"
Hyundai;"Santa Fe";"3.3 GLS 4 WS AT";2013;"155284 km";;"KM0 MOTORS";19800;;;;;"Aeropuerto Internacional De Carrasco";https://auto.mercadolibre.com.uy/MLU-704745924-hyundai-santa-fe-_JM;N/A;;"Hyundai Santa Fe";USD;Sí;gold_premium;false;N/A;N/A;http://perfil.mercadolibre.com.uy/KM0+MOTORS;active;N/A;N/A;Usado;Negro;N/A;Asistida;4x4;N/A;Sí;N/A;N/A;N/A;Sí;N/A;N/A;Sí;N/A;N/A;N/A;Sí;N/A;N/A;N/A;N/A;N/A;N/A;N/A;N/A;N/A;N/A;N/A;N/A;N/A;N/A;N/A;N/A;N/A;N/A;N/A;N/A;N/A;N/A;N/A;N/A;N/A;N/A;N/A;N/A;N/A;N/A;N/A;N/A;N/A;N/A;N/A;N/A;N/A;N/A;N/A;N/A;N/A;N/A;N/A;N/A;N/A;N/A;N/A;N/A;N/A;N/A;N/A;N/A;N/A;N/A;N/A;N/A;N/A;N/A;N/A;N/A;N/A;N/A;N/A;N/A;N/A;N/A;N/A;N/A;N/A;N/A;N/A;N/A;N/A;N/A;Sí;N/A;Sí;Sí;N/A;Sí;Sí;N/A;Sí;N/A;N/A;Sí;N/A;N/A;N/A;Sí;N/A;5;3.3;Nafta;"Automática secuencial";SUV;"Autos y camionetas";N/A;N/A;N/A;N/A;N/A;N/A;N/A;N/A;Sí;N/A;N/A;N/A;N/A;N/A;N/A;N/A;N/A;N/A;N/A;N/A;N/A;N/A;N/A;N/A;N/A;N/A;N/A;N/A;N/A;N/A;N/A;N/A;N/A;N/A;N/A;N/A;N/A;N/A;N/A;N/A;N/A;N/A;N/A;N/A;N/A;N/A;N/A;N/A;N/A;N/A;N/A;N/A;N/A;N/A;N/A;N/A;N/A;N/A;N/A;N/A;N/A;N/A;N/A;N/A;N/A;N/A;N/A;N/A;N/A;N/A;N/A;N/A;N/A;N/A;N/A;N/A;N/A;N/A;N/A;N/A;N/A;N/A;N/A;N/A;N/A;N/A;N/A;N/A;N/A;N/A;N/A;N/A;N/A;N/A;N/A;N/A;Sí;Sí;Sí;N/A;Sí;N/A;N/A;N/A;N/A;Sí;Sí;Sí;Sí;N/A;N/A;Sí;Sí;Sí;Sí;N/A;N/A;N/A;N/A;Sí;N/A;Sí
Hyundai;Tucson;"2.0 16v";2017;"81848 km";;"KM0 MOTORS";20900;;;;;"Aeropuerto Internacional De Carrasco";https://auto.mercadolibre.com.uy/MLU-704771306-hyundai-tucson-_JM;N/A;;"Hyundai Tucson";usd;Sí;gold_premium;false;N/A;N/A;http://perfil.mercadolibre.com.uy/KM0+MOTORS;active;N/A;N/A;Usado;Blanco;N/A;Hidráulica;4x2;Sí;N/A;Sí;N/A;N/A;N/A;N/A;N/A;N/A;N/A;N/A;N/A;N/A;N/A;N/A;N/A;N/A;N/A;N/A;N/A;N/A;N/A;N/A;N/A;N/A;"2630 mm";"2 L";"58 L";6;N/A;N/A;N/A;N/A;N/A;N/A;N/A;N/A;N/A;N/A;N/A;N/A;N/A;N/A;N/A;N/A;N/A;N/A;N/A;N/A;N/A;N/A;N/A;N/A;N/A;N/A;N/A;N/A;N/A;N/A;N/A;Sí;N/A;N/A;N/A;N/A;N/A;N/A;N/A;N/A;N/A;Sí;N/A;N/A;N/A;"1655 mm";"4410 mm";N/A;N/A;N/A;N/A;5;"154 hp";N/A;N/A;4;"1830 mm";N/A;N/A;N/A;N/A;N/A;N/A;N/A;N/A;N/A;N/A;Sí;"8.3 km/l";N/A;N/A;N/A;N/A;N/A;N/A;5;2.0;Nafta;Manual;SUV;"Autos y camionetas";N/A;N/A;N/A;N/A;N/A;N/A;UY;N/A;N/A;N/A;N/A;N/A;N/A;N/A;N/A;N/A;N/A;N/A;N/A;N/A;N/A;N/A;N/A;N/A;N/A;N/A;N/A;N/A;N/A;N/A;N/A;N/A;N/A;N/A;N/A;N/A;N/A;N/A;N/A;N/A;N/A;N/A;N/A;N/A;N/A;N/A;N/A;N/A;N/A;N/A;N/A;N/A;N/A;N/A;N/A;N/A;N/A;N/A;N/A;N/A;N/A;N/A;N/A;N/A;N/A;N/A;N/A;N/A;N/A;N/A;N/A;N/A;N/A;N/A;N/A;N/A;N/A;N/A;N/A;N/A;N/A;N/A;N/A;N/A;N/A;N/A;N/A;N/A;N/A;N/A;N/A;N/A;N/A;N/A;N/A;N/A;Sí;N/A;Sí;N/A;N/A;N/A;N/A;N/A;N/A;Sí;N/A;N/A;N/A;Sí;N/A;N/A;N/A;N/A;N/A;N/A;N/A;N/A;N/A;N/A;N/A;N/A
Hyundai;Creta;"GL Sport 1.6 Extra Full";2016;"76489 km";;MOTORLIDER.;18490;;;;;"Barra de Carrasco";https://auto.mercadolibre.com.uy/MLU-704632036-hyundai-creta-gl-sport-16-extra-full-permuta-financia-_JM;N/A;;"Hyundai Creta Gl Sport 1.6 Extra Full| Permuta / Financia";USD;Sí;gold_premium;false;N/A;N/A;http://perfil.mercadolibre.com.uy/MOTORLIDER.;active;N/A;N/A;Usado;Blanco;N/A;Asistida;Delantera;Sí;N/A;N/A;N/A;N/A;N/A;N/A;Sí;N/A;N/A;N/A;N/A;N/A;N/A;N/A;N/A;N/A;N/A;N/A;N/A;N/A;N/A;N/A;N/A;N/A;N/A;"1591 cc";N/A;6;N/A;N/A;N/A;N/A;N/A;N/A;N/A;N/A;N/A;N/A;N/A;N/A;N/A;N/A;N/A;N/A;N/A;N/A;N/A;N/A;N/A;N/A;N/A;N/A;N/A;Sí;N/A;N/A;N/A;N/A;N/A;N/A;N/A;N/A;N/A;N/A;N/A;N/A;N/A;N/A;N/A;N/A;N/A;N/A;N/A;N/A;N/A;N/A;N/A;N/A;N/A;N/A;"123 hp";Gl;N/A;N/A;N/A;"12 km/l";N/A;N/A;N/A;N/A;N/A;N/A;Sí;Sí;N/A;N/A;"14 km/l";N/A;N/A;N/A;N/A;N/A;"Lun. a Vie. de 9 a 18:30 hs. Sáb. de 9 a 13 hs.";5;1.6;Nafta;Manual;SUV;"Autos y camionetas";No;N/A;N/A;N/A;No;N/A;N/A;No;Sí;No;No;N/A;N/A;N/A;N/A;N/A;N/A;N/A;N/A;N/A;N/A;N/A;N/A;N/A;N/A;N/A;N/A;N/A;N/A;N/A;N/A;N/A;N/A;N/A;N/A;N/A;N/A;N/A;N/A;N/A;N/A;N/A;N/A;N/A;N/A;N/A;N/A;N/A;N/A;N/A;N/A;N/A;N/A;N/A;N/A;N/A;N/A;N/A;N/A;N/A;N/A;N/A;No;N/A;N/A;N/A;N/A;N/A;N/A;N/A;N/A;N/A;N/A;N/A;N/A;N/A;N/A;N/A;N/A;N/A;N/A;N/A;N/A;N/A;N/A;N/A;N/A;N/A;N/A;N/A;N/A;N/A;N/A;N/A;N/A;N/A;Sí;N/A;N/A;N/A;Sí;N/A;N/A;N/A;Sí;Sí;N/A;N/A;N/A;N/A;N/A;N/A;N/A;N/A;Sí;Sí;N/A;N/A;N/A;Sí;N/A;Sí
Hyundai;"Grand i10";"GLS 1.25 Sedan Extra Full";2015;"130250 km";;MOTORLIDER.;12890;;;;;"Barra de Carrasco";https://auto.mercadolibre.com.uy/MLU-704532580-hyundai-grand-i10-gls-125-extra-full-permuta-financia-_JM;N/A;;"Hyundai Grand I10 Gls 1.25 Extra Full | Permuta / Financia";USD;Sí;gold_premium;false;N/A;N/A;http://perfil.mercadolibre.com.uy/MOTORLIDER.;active;N/A;N/A;Usado;Bordó;N/A;Asistida;Delantera;Sí;Sí;Sí;N/A;N/A;N/A;Sí;Sí;N/A;N/A;N/A;Sí;Sí;N/A;Sí;N/A;N/A;N/A;N/A;N/A;N/A;N/A;N/A;N/A;N/A;N/A;"1240 cc";N/A;5;N/A;N/A;N/A;N/A;N/A;N/A;Sí;N/A;N/A;N/A;N/A;N/A;N/A;N/A;N/A;N/A;N/A;N/A;N/A;N/A;N/A;N/A;N/A;Sí;N/A;Sí;N/A;N/A;N/A;N/A;N/A;N/A;N/A;N/A;N/A;N/A;Sí;N/A;N/A;N/A;N/A;N/A;N/A;N/A;N/A;N/A;N/A;N/A;N/A;N/A;N/A;N/A;"86 hp";Gls;N/A;N/A;N/A;"16 km/l";N/A;N/A;N/A;Sí;N/A;Sí;Sí;Sí;N/A;N/A;"18 km/l";N/A;N/A;N/A;N/A;N/A;"Lun. a Vie. de 9 a 18:30 hs. Sáb. de 9 a 13 hs.";4;1.2;Nafta;Manual;Sedán;"Autos y camionetas";No;N/A;N/A;N/A;No;N/A;N/A;No;Sí;No;No;N/A;N/A;N/A;N/A;N/A;N/A;N/A;N/A;N/A;N/A;N/A;N/A;N/A;Sí;N/A;N/A;N/A;N/A;N/A;N/A;N/A;N/A;N/A;N/A;N/A;N/A;N/A;N/A;N/A;N/A;N/A;N/A;N/A;N/A;N/A;N/A;N/A;N/A;N/A;N/A;N/A;N/A;N/A;N/A;N/A;N/A;N/A;N/A;N/A;N/A;N/A;No;N/A;N/A;N/A;N/A;N/A;N/A;N/A;N/A;N/A;N/A;N/A;N/A;N/A;N/A;N/A;N/A;N/A;N/A;N/A;N/A;N/A;N/A;N/A;N/A;N/A;N/A;N/A;N/A;N/A;N/A;N/A;N/A;N/A;Sí;Sí;Sí;N/A;Sí;N/A;Sí;N/A;Sí;Sí;N/A;N/A;N/A;N/A;N/A;N/A;N/A;N/A;Sí;Sí;Sí;Sí;N/A;N/A;Sí;Sí
Hyundai;"Kona Hybrid";"1.6 Gdi Limited";2023;"27000 km";;NACHOLOP91;36500;;;;;Dolores;https://auto.mercadolibre.com.uy/MLU-704525290-hyundai-kona-hybrid-_JM;N/A;;"Hyundai Kona Hybrid";usd;Sí;gold_premium;false;N/A;N/A;http://perfil.mercadolibre.com.uy/NACHOLOP91;active;N/A;N/A;Usado;Gris;Sí;N/A;Delantera;Sí;Sí;N/A;N/A;N/A;Sí;N/A;N/A;Sí;N/A;N/A;Sí;Sí;N/A;Sí;N/A;N/A;N/A;N/A;N/A;N/A;N/A;N/A;N/A;N/A;"2660 mm";"1.6 L";"38 L";N/A;N/A;N/A;N/A;N/A;N/A;Sí;N/A;N/A;N/A;N/A;N/A;N/A;N/A;N/A;N/A;N/A;N/A;N/A;N/A;N/A;N/A;N/A;N/A;N/A;N/A;N/A;N/A;N/A;N/A;N/A;N/A;N/A;N/A;N/A;N/A;N/A;N/A;N/A;N/A;N/A;N/A;N/A;N/A;N/A;N/A;"1575 mm";"4355 mm";N/A;N/A;N/A;N/A;5;"105 hp";Limited;N/A;4;"1825 mm";N/A;N/A;N/A;Sí;Sí;N/A;Sí;Sí;N/A;Sí;N/A;N/A;N/A;N/A;N/A;N/A;Sí;"24 horas";5;1.6;Híbrido;Automática;SUV;"Autos y camionetas";N/A;N/A;N/A;N/A;N/A;N/A;UY;N/A;Sí;N/A;N/A;N/A;N/A;N/A;N/A;N/A;N/A;N/A;N/A;N/A;N/A;N/A;N/A;N/A;Sí;N/A;N/A;N/A;N/A;N/A;N/A;N/A;N/A;N/A;N/A;N/A;N/A;N/A;N/A;N/A;N/A;N/A;N/A;Sí;N/A;N/A;N/A;N/A;N/A;N/A;N/A;N/A;N/A;N/A;N/A;N/A;N/A;N/A;N/A;N/A;N/A;Sí;N/A;N/A;N/A;N/A;N/A;N/A;N/A;N/A;N/A;N/A;N/A;N/A;N/A;N/A;N/A;N/A;N/A;N/A;N/A;N/A;N/A;N/A;N/A;N/A;N/A;N/A;N/A;N/A;N/A;N/A;N/A;N/A;N/A;N/A;Sí;Sí;Sí;N/A;Sí;N/A;N/A;N/A;N/A;Sí;Sí;Sí;Sí;N/A;N/A;Sí;Sí;Sí;Sí;Sí;Sí;Sí;N/A;Sí;N/A;Sí
Hyundai;Creta;"Gl Sport";2017;"63200 km";;"MOTORLAND BARRACARRASCO";17690;;;;;Shangrilá;https://auto.mercadolibre.com.uy/MLU-703989420-hyundai-creta-gl-sport-motorland-permuto-financio-_JM;N/A;;"Hyundai Creta Gl Sport - Motorland Permuto / Financio";USD;Sí;gold_premium;false;N/A;N/A;http://perfil.mercadolibre.com.uy/MOTORLAND+BARRACARRASCO;active;N/A;N/A;Usado;Rojo;N/A;Hidráulica;N/A;Sí;Sí;Sí;N/A;N/A;N/A;Sí;Sí;N/A;N/A;Sí;Sí;Sí;N/A;N/A;N/A;N/A;N/A;N/A;N/A;N/A;N/A;N/A;N/A;N/A;N/A;"1600 cc";N/A;6;N/A;N/A;N/A;N/A;Sí;N/A;N/A;N/A;N/A;N/A;N/A;N/A;N/A;N/A;N/A;N/A;N/A;N/A;N/A;N/A;N/A;N/A;N/A;Sí;N/A;Sí;N/A;N/A;N/A;N/A;N/A;N/A;N/A;N/A;N/A;N/A;N/A;N/A;N/A;N/A;N/A;N/A;N/A;N/A;N/A;N/A;N/A;N/A;N/A;N/A;N/A;N/A;"123 hp";Gl;N/A;N/A;N/A;"11 km/l";N/A;N/A;N/A;Sí;N/A;Sí;N/A;N/A;N/A;N/A;"14 km/l";N/A;N/A;N/A;N/A;Sí;"Lunes a viernes de 09:30 a 18:30 y sábados de 09 a 13 hs.";5;1.6;Nafta;Manual;SUV;"Autos y camionetas";No;N/A;N/A;N/A;No;N/A;N/A;No;Sí;No;No;N/A;N/A;N/A;N/A;N/A;N/A;N/A;N/A;N/A;N/A;N/A;N/A;N/A;N/A;N/A;N/A;N/A;N/A;N/A;N/A;N/A;N/A;N/A;N/A;N/A;N/A;N/A;N/A;N/A;N/A;N/A;N/A;N/A;N/A;N/A;N/A;N/A;N/A;N/A;N/A;N/A;N/A;N/A;N/A;N/A;N/A;N/A;N/A;N/A;N/A;N/A;No;N/A;N/A;N/A;N/A;N/A;N/A;N/A;N/A;N/A;N/A;N/A;N/A;N/A;N/A;N/A;N/A;N/A;N/A;N/A;N/A;N/A;N/A;N/A;N/A;N/A;N/A;N/A;N/A;N/A;N/A;N/A;N/A;N/A;Sí;Sí;N/A;N/A;Sí;N/A;N/A;N/A;Sí;Sí;N/A;N/A;N/A;N/A;N/A;N/A;N/A;N/A;Sí;Sí;Sí;N/A;N/A;Sí;N/A;Sí
Hyundai;Tucson;"2.0 Gl 5mt 2wd";2016;"87542 km";;SHOPPINGDEAUTOS03;19490;;;;;Carrasco;https://auto.mercadolibre.com.uy/MLU-703852946-hyundai-tucson-20-gl-value-mt-suv-2016-_JM;N/A;;"Hyundai Tucson 2.0 Gl Value Mt Suv 2016";$(uy);Sí;gold_premium;false;N/A;N/A;http://perfil.mercadolibre.com.uy/SHOPPINGDEAUTOS03;active;N/A;N/A;Usado;Blanco;No;Asistida;Delantera;Sí;Sí;Sí;No;No;No;Sí;Sí;No;No;Sí;No;Sí;N/A;Sí;N/A;N/A;N/A;N/A;N/A;N/A;N/A;N/A;N/A;N/A;"2630 mm";"2 L";"58 L";5;N/A;N/A;No;No;N/A;No;Sí;N/A;N/A;N/A;N/A;N/A;N/A;N/A;N/A;N/A;N/A;N/A;N/A;N/A;N/A;No;No;No;N/A;Sí;N/A;No;N/A;Sí;N/A;Sí;N/A;N/A;N/A;N/A;Sí;N/A;N/A;N/A;N/A;Sí;No;N/A;N/A;"1655 mm";"4410 mm";N/A;N/A;N/A;N/A;5;N/A;"TUCSON GL";N/A;4;"1830 mm";"9.8 km/l";No;No;Sí;Sí;No;Sí;Sí;Sí;No;No;"6.1 km/l";No;No;N/A;N/A;Sí;"Lunes a Lunes de 10 a 20 horas.";5;2.0;Nafta;Manual;SUV;"Autos y camionetas";No;N/A;N/A;N/A;No;N/A;UY;N/A;Sí;N/A;No;N/A;N/A;N/A;N/A;N/A;N/A;N/A;N/A;N/A;N/A;N/A;N/A;N/A;Sí;N/A;N/A;N/A;N/A;N/A;N/A;N/A;N/A;N/A;N/A;N/A;N/A;N/A;N/A;N/A;N/A;N/A;N/A;No;N/A;N/A;N/A;N/A;N/A;N/A;N/A;N/A;N/A;N/A;N/A;N/A;N/A;N/A;N/A;N/A;N/A;Sí;Sí;N/A;N/A;N/A;N/A;N/A;N/A;N/A;No;No;No;N/A;N/A;N/A;N/A;N/A;N/A;N/A;N/A;N/A;N/A;N/A;N/A;N/A;N/A;N/A;N/A;N/A;N/A;N/A;N/A;N/A;N/A;No;Sí;Sí;Sí;No;No;No;Sí;N/A;Sí;Sí;No;Sí;No;Sí;No;Sí;Sí;Sí;Sí;Sí;Sí;Sí;No;No;No;Sí
Hyundai;HB20;"1.0 Comfort Mt";2022;"87642 km";;SHOPPINGDEAUTOS;16900;;;;;Centro;https://auto.mercadolibre.com.uy/MLU-703317138-hyundai-new-hb20-sedan-10-premium-auto-usado-kreatory-2022-_JM;N/A;;"Hyundai New Hb20 Sedan 1.0 Premium Auto Usado Kreatory 2022";$(uy);Sí;gold_premium;false;N/A;N/A;http://perfil.mercadolibre.com.uy/SHOPPINGDEAUTOS;active;N/A;N/A;Usado;"GRIS PLATA";Sí;Asistida;Delantera;Sí;Sí;Sí;No;No;No;Sí;Sí;No;No;No;No;Sí;N/A;No;N/A;N/A;N/A;N/A;N/A;N/A;N/A;N/A;N/A;N/A;"2500 mm";"1 L";"50 L";6;N/A;N/A;No;No;N/A;No;No;N/A;N/A;N/A;N/A;N/A;N/A;N/A;N/A;N/A;N/A;N/A;N/A;N/A;N/A;No;No;Sí;N/A;Sí;N/A;Sí;N/A;No;N/A;N/A;N/A;Sí;Sí;N/A;Sí;N/A;N/A;N/A;N/A;N/A;No;N/A;N/A;"1470 mm";"3920 mm";N/A;N/A;N/A;N/A;5;N/A;HB20;N/A;4;"1680 mm";N/A;No;No;No;Sí;No;No;Sí;Sí;No;No;"13.8 km/l";No;No;N/A;N/A;Sí;"Lunes a Lunes de 10 a 20 horas.";5;1.0;Nafta;Manual;Sedán;"Autos y camionetas";No;N/A;N/A;N/A;No;N/A;UY;N/A;Sí;N/A;No;N/A;N/A;N/A;N/A;N/A;N/A;N/A;N/A;N/A;N/A;N/A;N/A;N/A;No;N/A;N/A;N/A;N/A;N/A;N/A;N/A;N/A;N/A;N/A;N/A;N/A;N/A;N/A;N/A;N/A;N/A;N/A;No;N/A;N/A;N/A;N/A;N/A;N/A;N/A;N/A;N/A;N/A;N/A;N/A;N/A;N/A;N/A;N/A;N/A;Sí;Sí;N/A;N/A;N/A;N/A;N/A;N/A;N/A;No;No;No;N/A;N/A;N/A;N/A;N/A;N/A;N/A;N/A;N/A;N/A;N/A;N/A;N/A;N/A;N/A;N/A;N/A;N/A;N/A;N/A;N/A;N/A;No;Sí;No;No;No;Sí;Sí;No;N/A;No;Sí;No;No;No;N/A;Sí;Sí;No;No;Sí;No;Sí;No;No;Sí;No;Sí
Hyundai;HB20;"Comfort 1.0 Hatch Extra Full";2023;"47902 km";;MOTORLIDER.;16490;;;;;"Barra de Carrasco";https://auto.mercadolibre.com.uy/MLU-703251432-hyundai-hb20-comfort-10-extra-full-permuta-financia-_JM;N/A;;"Hyundai Hb20 Comfort 1.0 Extra Full| Permuta / Financia";usd;Sí;gold_premium;false;N/A;N/A;http://perfil.mercadolibre.com.uy/MOTORLIDER.;active;N/A;N/A;Usado;"Gris oscuro";Sí;Asistida;Delantera;Sí;Sí;N/A;N/A;N/A;N/A;Sí;Sí;N/A;N/A;N/A;N/A;Sí;N/A;N/A;N/A;N/A;N/A;N/A;N/A;N/A;N/A;N/A;N/A;N/A;N/A;"998 cc";N/A;5;N/A;N/A;N/A;N/A;Sí;N/A;N/A;N/A;N/A;N/A;N/A;N/A;N/A;N/A;N/A;N/A;N/A;N/A;N/A;N/A;N/A;N/A;N/A;Sí;N/A;Sí;N/A;Sí;N/A;N/A;N/A;N/A;N/A;N/A;N/A;N/A;Sí;N/A;N/A;N/A;N/A;N/A;N/A;N/A;N/A;N/A;N/A;N/A;N/A;N/A;N/A;N/A;"80 hp";Comfort;N/A;N/A;N/A;"16 km/l";N/A;N/A;N/A;N/A;N/A;N/A;Sí;Sí;N/A;N/A;"20 km/l";N/A;N/A;N/A;N/A;Sí;"Lun. a Vie. de 9 a 18:30 hs. Sáb. de 9 a 13 hs.";5;1.0;Nafta;Manual;Hatchback;"Autos y camionetas";No;N/A;N/A;N/A;No;N/A;UY;No;Sí;No;No;N/A;N/A;N/A;N/A;N/A;N/A;N/A;N/A;N/A;N/A;N/A;N/A;N/A;N/A;N/A;N/A;N/A;N/A;N/A;N/A;N/A;N/A;N/A;N/A;N/A;N/A;N/A;N/A;N/A;N/A;N/A;N/A;N/A;N/A;N/A;N/A;N/A;N/A;N/A;N/A;N/A;N/A;N/A;N/A;N/A;N/A;N/A;N/A;N/A;N/A;N/A;No;N/A;N/A;N/A;N/A;N/A;N/A;N/A;N/A;N/A;N/A;N/A;N/A;N/A;N/A;N/A;N/A;N/A;N/A;N/A;N/A;N/A;N/A;N/A;N/A;N/A;N/A;N/A;N/A;N/A;N/A;N/A;N/A;N/A;Sí;N/A;N/A;N/A;Sí;Sí;N/A;N/A;N/A;Sí;N/A;N/A;N/A;N/A;Sí;Sí;Sí;N/A;Sí;N/A;Sí;N/A;N/A;Sí;N/A;Sí
Hyundai;Tucson;2.0;2016;"95013 km";;SHOPPINGDEAUTOS03;20900;;;;;Carrasco;https://auto.mercadolibre.com.uy/MLU-703066888-tucson-20-gls-full-ano-2016-_JM;N/A;;"Tucson 2.0 Gls Full Año 2016";$(uy);Sí;gold_premium;false;N/A;N/A;http://perfil.mercadolibre.com.uy/SHOPPINGDEAUTOS03;active;N/A;N/A;Usado;Azul;No;Hidráulica;N/A;Sí;Sí;Sí;No;No;No;Sí;Sí;Sí;No;Sí;No;Sí;N/A;Sí;N/A;N/A;N/A;N/A;N/A;N/A;N/A;N/A;N/A;N/A;"2630 mm";"2 L";"58 L";6;N/A;N/A;No;No;N/A;Sí;Sí;N/A;N/A;N/A;N/A;N/A;N/A;N/A;N/A;N/A;N/A;N/A;N/A;N/A;N/A;No;No;No;N/A;Sí;N/A;Sí;N/A;No;N/A;Sí;N/A;N/A;N/A;N/A;Sí;N/A;N/A;N/A;N/A;Sí;No;N/A;N/A;"1655 mm";"4410 mm";N/A;N/A;N/A;N/A;5;N/A;TUCSON;N/A;4;"1830 mm";N/A;No;No;Sí;Sí;No;Sí;Sí;Sí;No;No;"9.1 km/l";No;No;N/A;N/A;Sí;"Lunes a Lunes de 10 a 20 horas.";5;2.0;Nafta;Automática;SUV;"Autos y camionetas";No;N/A;N/A;N/A;No;N/A;UY;N/A;Sí;N/A;No;N/A;N/A;N/A;N/A;N/A;N/A;N/A;N/A;N/A;N/A;N/A;N/A;N/A;Sí;N/A;N/A;N/A;N/A;N/A;N/A;N/A;N/A;N/A;N/A;N/A;N/A;N/A;N/A;N/A;N/A;N/A;N/A;No;N/A;N/A;N/A;N/A;N/A;N/A;N/A;N/A;N/A;N/A;N/A;N/A;N/A;N/A;N/A;N/A;N/A;Sí;Sí;N/A;N/A;N/A;N/A;N/A;N/A;N/A;No;No;No;N/A;N/A;N/A;N/A;N/A;N/A;N/A;N/A;N/A;N/A;N/A;N/A;N/A;N/A;N/A;N/A;N/A;N/A;N/A;N/A;N/A;N/A;No;Sí;Sí;Sí;No;No;No;Sí;N/A;Sí;Sí;No;Sí;No;Sí;No;Sí;No;Sí;Sí;Sí;Sí;Sí;No;No;No;Sí
Hyundai;Accent;"1.5 Gls 4dr";1997;"214068 km";;"FIANCAR CARRASCO";4990;;;;;Carrasco;https://auto.mercadolibre.com.uy/MLU-703105678-hyundai-accent-15-gls-12v-1997-_JM;N/A;;"Hyundai Accent 1.5 Gls 12v 1997";$(uy);No;gold_premium;false;N/A;N/A;http://perfil.mercadolibre.com.uy/FIANCAR+CARRASCO;active;N/A;N/A;Usado;Azul;No;Mecánica;Delantera;Sí;Sí;No;No;No;No;Sí;No;No;No;Sí;No;No;N/A;No;N/A;N/A;N/A;N/A;N/A;N/A;N/A;N/A;N/A;N/A;"2400 mm";"1500 cc";"45 L";5;N/A;N/A;No;No;N/A;No;No;N/A;N/A;N/A;N/A;N/A;N/A;N/A;N/A;N/A;N/A;N/A;N/A;N/A;N/A;No;No;No;N/A;No;N/A;No;N/A;No;N/A;N/A;N/A;N/A;N/A;N/A;Sí;N/A;N/A;N/A;N/A;N/A;No;N/A;N/A;"1394 mm";"4117 mm";N/A;N/A;N/A;N/A;5;N/A;Gls;N/A;3;"1620 mm";N/A;No;No;No;Sí;No;No;No;No;No;No;N/A;No;No;N/A;N/A;No;"Lunes a Viernes de 10 a 18.45 horas.";4;1.5;Nafta;Manual;Sedán;"Autos y camionetas";No;N/A;N/A;N/A;No;N/A;UY;N/A;Sí;N/A;No;N/A;N/A;N/A;N/A;N/A;N/A;N/A;N/A;N/A;N/A;N/A;N/A;N/A;No;N/A;N/A;N/A;N/A;N/A;N/A;N/A;N/A;N/A;N/A;N/A;N/A;N/A;N/A;N/A;N/A;N/A;N/A;No;N/A;N/A;N/A;N/A;N/A;N/A;N/A;N/A;N/A;N/A;N/A;N/A;N/A;N/A;N/A;N/A;N/A;Sí;Sí;N/A;N/A;N/A;N/A;N/A;N/A;N/A;No;No;No;N/A;N/A;N/A;N/A;N/A;N/A;N/A;N/A;N/A;N/A;N/A;N/A;N/A;N/A;N/A;N/A;N/A;N/A;N/A;N/A;N/A;N/A;No;No;Sí;No;No;No;No;No;N/A;No;No;No;No;No;N/A;No;No;No;Sí;Sí;Sí;No;Sí;No;No;No;Sí
Hyundai;i10;"GLS  1.1 Con Alarma y Bloqueo";2014;"140101 km";;MOTORLIDER.;8990;;;;;"Barra de Carrasco";https://auto.mercadolibre.com.uy/MLU-647149013-hyundai-i10-gls-11-permuta-financia-_JM;N/A;;"Hyundai I10 Gls 1.1| Permuta / Financia";USD;Sí;gold_premium;false;N/A;N/A;http://perfil.mercadolibre.com.uy/MOTORLIDER.;active;N/A;N/A;Usado;"Gris oscuro";N/A;Hidráulica;Delantera;N/A;N/A;N/A;N/A;N/A;N/A;Sí;N/A;N/A;N/A;N/A;N/A;N/A;N/A;N/A;N/A;N/A;N/A;N/A;N/A;N/A;N/A;N/A;N/A;N/A;N/A;"1086 cc";N/A;5;N/A;N/A;N/A;N/A;N/A;N/A;N/A;N/A;N/A;N/A;N/A;N/A;N/A;N/A;N/A;N/A;N/A;N/A;N/A;N/A;N/A;N/A;N/A;N/A;N/A;N/A;N/A;N/A;N/A;N/A;N/A;N/A;N/A;N/A;N/A;N/A;N/A;N/A;N/A;N/A;N/A;N/A;N/A;N/A;N/A;N/A;N/A;N/A;N/A;N/A;N/A;N/A;"69 hp";Gls;N/A;N/A;N/A;"16 km/l";N/A;N/A;N/A;Sí;N/A;N/A;N/A;N/A;N/A;N/A;"18 km/l";N/A;N/A;N/A;N/A;Sí;"Lun. a Vie. de 9 a 18:30 hs. Sáb. de 9 a 13 hs.";5;1.1;Nafta;Manual;Hatchback;"Autos y camionetas";No;N/A;N/A;N/A;No;N/A;N/A;No;Sí;No;No;N/A;N/A;N/A;N/A;N/A;N/A;N/A;N/A;N/A;N/A;N/A;N/A;N/A;N/A;N/A;N/A;N/A;N/A;N/A;N/A;N/A;N/A;N/A;N/A;N/A;N/A;N/A;N/A;N/A;N/A;N/A;N/A;N/A;N/A;N/A;N/A;N/A;N/A;N/A;N/A;N/A;N/A;N/A;N/A;N/A;N/A;N/A;N/A;N/A;N/A;N/A;No;N/A;N/A;N/A;N/A;N/A;N/A;N/A;N/A;N/A;N/A;N/A;N/A;N/A;N/A;N/A;N/A;N/A;N/A;N/A;N/A;N/A;N/A;N/A;N/A;N/A;N/A;N/A;N/A;N/A;N/A;N/A;N/A;N/A;N/A;N/A;N/A;N/A;N/A;N/A;N/A;N/A;N/A;N/A;N/A;N/A;N/A;N/A;N/A;N/A;N/A;N/A;Sí;N/A;N/A;N/A;N/A;Sí;N/A;N/A
Hyundai;"Grand i10";"GL 1.25 Extra Full";2018;"72766 km";;MOTORLIDER.;14490;;;;;"Barra de Carrasco";https://auto.mercadolibre.com.uy/MLU-647146933-hyundai-grand-i10-gl-125-extra-full-permuta-financia-_JM;N/A;;"Hyundai Grand I10 Gl 1.25 Extra Full| Permuta / Financia";USD;Sí;gold_premium;false;N/A;N/A;http://perfil.mercadolibre.com.uy/MOTORLIDER.;active;N/A;N/A;Usado;Plateado;Sí;Eléctrica;Delantera;Sí;Sí;Sí;N/A;N/A;N/A;Sí;N/A;N/A;N/A;N/A;N/A;Sí;N/A;N/A;N/A;N/A;N/A;N/A;N/A;N/A;N/A;N/A;N/A;N/A;N/A;"1247 cc";N/A;5;N/A;N/A;N/A;N/A;N/A;N/A;N/A;N/A;N/A;N/A;N/A;N/A;N/A;N/A;N/A;N/A;N/A;N/A;N/A;N/A;N/A;N/A;N/A;Sí;N/A;N/A;N/A;N/A;N/A;N/A;N/A;N/A;N/A;N/A;N/A;N/A;Sí;N/A;N/A;N/A;N/A;N/A;N/A;N/A;N/A;N/A;N/A;N/A;N/A;N/A;N/A;N/A;"66 hp";N/A;N/A;N/A;N/A;"16 km/l";N/A;N/A;N/A;Sí;N/A;N/A;N/A;Sí;N/A;N/A;"18 km/l";N/A;N/A;N/A;N/A;Sí;"Lun. a Vie. de 9 a 18:30 hs. Sáb. de 9 a 13 hs.";5;1.2;Nafta;Manual;Hatchback;"Autos y camionetas";No;N/A;N/A;N/A;No;N/A;N/A;No;Sí;No;No;N/A;N/A;N/A;N/A;N/A;N/A;N/A;N/A;N/A;N/A;N/A;N/A;N/A;N/A;N/A;N/A;N/A;N/A;N/A;N/A;N/A;N/A;N/A;N/A;N/A;N/A;N/A;N/A;N/A;N/A;N/A;N/A;N/A;N/A;N/A;N/A;N/A;N/A;N/A;N/A;N/A;N/A;N/A;N/A;N/A;N/A;N/A;N/A;N/A;N/A;N/A;Sí;N/A;N/A;N/A;N/A;N/A;N/A;N/A;N/A;N/A;N/A;N/A;N/A;N/A;N/A;N/A;N/A;N/A;N/A;N/A;N/A;N/A;N/A;N/A;N/A;N/A;N/A;N/A;N/A;N/A;Sí;N/A;N/A;N/A;Sí;N/A;N/A;N/A;Sí;N/A;N/A;N/A;Sí;Sí;N/A;N/A;N/A;N/A;N/A;N/A;Sí;N/A;Sí;Sí;Sí;Sí;N/A;Sí;Sí;Sí
Hyundai;HB20S;"1.6 Premium 4p";2021;"62250 km";;"GRUPO FIANCAR-0KM";19000;;;;;Carrasco;https://auto.mercadolibre.com.uy/MLU-702805684-hyundai-hb20-s-16-mt-premium-2021-_JM;N/A;;"Hyundai Hb20 S 1.6 Mt Premium 2021";$(uy);Sí;gold_premium;false;N/A;N/A;http://perfil.mercadolibre.com.uy/GRUPO+FIANCAR-0KM;active;N/A;N/A;Usado;"GRIS PLATA";No;Asistida;N/A;Sí;Sí;Sí;No;No;No;Sí;Sí;No;No;Sí;No;Sí;N/A;Sí;N/A;N/A;N/A;N/A;N/A;N/A;N/A;N/A;N/A;N/A;"2500 mm";"1.6 L";"50 L";6;N/A;N/A;No;No;N/A;No;No;N/A;N/A;N/A;N/A;N/A;N/A;N/A;N/A;N/A;N/A;N/A;N/A;N/A;N/A;No;No;Sí;N/A;Sí;N/A;No;N/A;No;N/A;N/A;N/A;Sí;Sí;N/A;Sí;N/A;N/A;N/A;N/A;N/A;Sí;N/A;N/A;"1470 mm";"4230 mm";N/A;N/A;N/A;N/A;5;N/A;Premium;N/A;4;"1680 mm";N/A;No;No;No;Sí;No;No;Sí;Sí;No;No;"14 km/l";No;No;N/A;N/A;No;"Lunes a Viernes de 10 a 18.45 horas.";4;1.6;Nafta;Manual;Sedán;"Autos y camionetas";No;N/A;N/A;N/A;No;N/A;UY;N/A;Sí;N/A;No;N/A;N/A;N/A;N/A;N/A;N/A;N/A;N/A;N/A;N/A;N/A;N/A;N/A;No;N/A;N/A;N/A;N/A;N/A;N/A;N/A;N/A;N/A;N/A;N/A;N/A;N/A;N/A;N/A;N/A;N/A;N/A;No;N/A;N/A;N/A;N/A;N/A;N/A;N/A;N/A;N/A;N/A;N/A;N/A;N/A;N/A;N/A;N/A;N/A;Sí;Sí;N/A;N/A;N/A;N/A;N/A;N/A;N/A;No;No;No;N/A;N/A;N/A;N/A;N/A;N/A;N/A;N/A;N/A;N/A;N/A;N/A;N/A;N/A;N/A;N/A;N/A;N/A;N/A;N/A;N/A;N/A;No;Sí;No;Sí;No;No;No;No;N/A;Sí;Sí;No;Sí;No;N/A;No;No;Sí;Sí;Sí;Sí;Sí;No;No;No;No;Sí
Hyundai;HB20;"1.0 Comfort Mt";2021;"45253 km";;SHOPPINGDEAUTOS;16900;;;;;Centro;https://auto.mercadolibre.com.uy/MLU-702718960-hyundai-new-hb20-10-ano-2021-_JM;N/A;;"Hyundai New Hb20 1.0 Año 2021";$(uy);Sí;gold_premium;false;N/A;N/A;http://perfil.mercadolibre.com.uy/SHOPPINGDEAUTOS;active;N/A;N/A;Usado;"GRIS PLATA";Sí;Asistida;Delantera;Sí;Sí;Sí;No;No;No;Sí;Sí;No;No;No;No;Sí;N/A;No;N/A;N/A;N/A;N/A;N/A;N/A;N/A;N/A;N/A;N/A;"2500 mm";"1 L";"50 L";6;N/A;N/A;No;No;N/A;No;No;N/A;N/A;N/A;N/A;N/A;N/A;N/A;N/A;N/A;N/A;N/A;N/A;N/A;N/A;No;No;Sí;N/A;Sí;N/A;Sí;N/A;No;N/A;N/A;N/A;Sí;Sí;N/A;Sí;N/A;N/A;N/A;N/A;N/A;No;N/A;N/A;"1470 mm";"3920 mm";N/A;N/A;N/A;N/A;5;N/A;HB20;N/A;4;"1680 mm";N/A;No;No;No;Sí;No;No;Sí;Sí;No;No;"13.8 km/l";No;No;N/A;N/A;Sí;"Lunes a Lunes de 10 a 20 horas.";5;1.0;Nafta;Manual;Sedán;"Autos y camionetas";No;N/A;N/A;N/A;No;N/A;UY;N/A;Sí;N/A;No;N/A;N/A;N/A;N/A;N/A;N/A;N/A;N/A;N/A;N/A;N/A;N/A;N/A;No;N/A;N/A;N/A;N/A;N/A;N/A;N/A;N/A;N/A;N/A;N/A;N/A;N/A;N/A;N/A;N/A;N/A;N/A;No;N/A;N/A;N/A;N/A;N/A;N/A;N/A;N/A;N/A;N/A;N/A;N/A;N/A;N/A;N/A;N/A;N/A;Sí;Sí;N/A;N/A;N/A;N/A;N/A;N/A;N/A;No;No;No;N/A;N/A;N/A;N/A;N/A;N/A;N/A;N/A;N/A;N/A;N/A;N/A;N/A;N/A;N/A;N/A;N/A;N/A;N/A;N/A;N/A;N/A;No;Sí;No;No;No;Sí;Sí;No;N/A;No;Sí;No;No;No;N/A;Sí;Sí;No;No;Sí;No;Sí;No;No;Sí;No;Sí
Hyundai;HB20;"Premium HATCH EXTRA FULL";2022;"51358 km";;VIPERCARAUTOMOVILES_5;15900;;;;;"Brazo Oriental";https://auto.mercadolibre.com.uy/MLU-702536414-hyundai-hb20-premium-hatch-extra-full-10-2022-impecable-_JM;N/A;;"Hyundai Hb20 Premium Hatch Extra Full 1.0 2022 Impecable!";USD;Sí;gold_premium;false;N/A;N/A;http://perfil.mercadolibre.com.uy/VIPERCARAUTOMOVILES_5;active;N/A;N/A;Usado;Rojo;Sí;Eléctrica;N/A;Sí;Sí;Sí;N/A;N/A;N/A;Sí;Sí;N/A;N/A;Sí;Sí;Sí;N/A;Sí;N/A;N/A;N/A;N/A;N/A;N/A;N/A;N/A;N/A;N/A;N/A;"998 cc";N/A;5;N/A;N/A;N/A;N/A;N/A;N/A;N/A;N/A;N/A;N/A;N/A;N/A;N/A;N/A;N/A;N/A;N/A;N/A;N/A;N/A;N/A;N/A;N/A;Sí;N/A;Sí;N/A;N/A;N/A;N/A;N/A;N/A;N/A;N/A;N/A;N/A;Sí;N/A;N/A;N/A;N/A;N/A;N/A;N/A;N/A;N/A;N/A;N/A;N/A;N/A;N/A;N/A;"80 hp";Premium;N/A;N/A;N/A;"14 km/l";N/A;N/A;N/A;Sí;N/A;Sí;Sí;N/A;N/A;N/A;"18 km/l";N/A;N/A;N/A;N/A;Sí;"Lun a Vie de 9 a 12:30 y de 13:30 a 19. Sáb de 9 a 13 hs.";5;1.0;Nafta;Manual;Hatchback;"Autos y camionetas";No;N/A;N/A;N/A;No;N/A;N/A;No;Sí;No;No;N/A;N/A;N/A;N/A;N/A;N/A;N/A;N/A;N/A;N/A;N/A;N/A;N/A;Sí;N/A;N/A;N/A;N/A;N/A;N/A;N/A;N/A;N/A;N/A;N/A;N/A;N/A;N/A;N/A;N/A;N/A;N/A;N/A;N/A;N/A;N/A;N/A;N/A;N/A;N/A;N/A;N/A;N/A;N/A;N/A;N/A;N/A;N/A;N/A;N/A;N/A;No;N/A;N/A;N/A;N/A;N/A;N/A;N/A;N/A;N/A;N/A;N/A;N/A;N/A;N/A;N/A;N/A;N/A;N/A;N/A;N/A;N/A;N/A;N/A;N/A;N/A;N/A;N/A;N/A;N/A;Sí;N/A;N/A;N/A;Sí;Sí;Sí;N/A;Sí;N/A;N/A;N/A;Sí;Sí;Sí;N/A;N/A;N/A;N/A;Sí;Sí;N/A;Sí;N/A;Sí;N/A;N/A;N/A;N/A;Sí
Hyundai;H1;"5 pasajeros";2019;"158000 km";;"MOTORLAND BARRACARRASCO";25490;;;;;Shangrilá;https://auto.mercadolibre.com.uy/MLU-702269582-hyundai-h-1-5-pasajeros-motorland-permuto-financio-_JM;N/A;;"Hyundai H-1 5 Pasajeros - Motorland Permuto / Financio";USD;Sí;gold_premium;false;N/A;N/A;http://perfil.mercadolibre.com.uy/MOTORLAND+BARRACARRASCO;active;N/A;N/A;Usado;Blanco;Sí;Hidráulica;N/A;Sí;Sí;Sí;N/A;N/A;N/A;N/A;N/A;N/A;N/A;N/A;N/A;Sí;N/A;N/A;N/A;N/A;N/A;N/A;N/A;N/A;N/A;N/A;N/A;N/A;N/A;"2500 cc";N/A;5;N/A;N/A;N/A;N/A;N/A;N/A;N/A;N/A;N/A;N/A;N/A;N/A;N/A;N/A;N/A;N/A;N/A;N/A;N/A;N/A;N/A;N/A;N/A;N/A;N/A;N/A;N/A;N/A;N/A;N/A;N/A;N/A;N/A;N/A;N/A;N/A;Sí;N/A;N/A;N/A;N/A;N/A;N/A;N/A;N/A;N/A;N/A;N/A;N/A;N/A;N/A;N/A;"136 hp";N/A;N/A;N/A;N/A;"10 km/l";N/A;N/A;N/A;Sí;N/A;Sí;Sí;N/A;N/A;N/A;"13 km/l";N/A;N/A;N/A;N/A;Sí;"Lunes a viernes de 09:30 a 18:30 y sábados de 09 a 13 hs.";5;2.5;Diésel;Manual;Minivan;"Autos y camionetas";No;N/A;N/A;N/A;No;N/A;N/A;No;Sí;No;No;N/A;N/A;N/A;N/A;N/A;N/A;N/A;N/A;N/A;N/A;N/A;N/A;N/A;N/A;N/A;N/A;N/A;N/A;N/A;N/A;N/A;N/A;N/A;N/A;N/A;N/A;N/A;N/A;N/A;N/A;N/A;N/A;N/A;N/A;N/A;N/A;N/A;N/A;N/A;N/A;N/A;N/A;N/A;N/A;N/A;N/A;N/A;N/A;N/A;N/A;N/A;No;N/A;N/A;N/A;N/A;N/A;N/A;N/A;N/A;N/A;N/A;N/A;N/A;N/A;N/A;N/A;N/A;N/A;N/A;N/A;N/A;N/A;N/A;N/A;N/A;N/A;N/A;N/A;N/A;N/A;N/A;N/A;N/A;N/A;Sí;N/A;N/A;N/A;Sí;N/A;N/A;N/A;N/A;Sí;N/A;N/A;N/A;N/A;N/A;N/A;N/A;N/A;Sí;Sí;N/A;N/A;N/A;Sí;N/A;Sí
Hyundai;HB20;"Premium 1.0 Hatch Extra Full";2022;"95655 km";;MOTORLIDER.;15990;;;;;"Barra de Carrasco";https://auto.mercadolibre.com.uy/MLU-702307664-hyundai-hb20-premium-10-hatch-ext-full-permuta-financia-_JM;N/A;;"Hyundai Hb20 Premium 1.0 Hatch Ext. Full| Permuta / Financia";usd;Sí;gold_premium;false;N/A;N/A;http://perfil.mercadolibre.com.uy/MOTORLIDER.;active;N/A;N/A;Usado;Plateado;N/A;Eléctrica;Delantera;Sí;Sí;Sí;N/A;N/A;N/A;Sí;N/A;N/A;N/A;N/A;Sí;Sí;N/A;N/A;N/A;N/A;N/A;N/A;N/A;N/A;N/A;N/A;N/A;N/A;N/A;"999 cc";N/A;5;N/A;N/A;Sí;Sí;N/A;N/A;N/A;N/A;N/A;N/A;N/A;N/A;N/A;N/A;N/A;N/A;N/A;N/A;N/A;N/A;N/A;N/A;N/A;Sí;N/A;N/A;N/A;N/A;N/A;N/A;N/A;N/A;N/A;N/A;N/A;N/A;Sí;N/A;N/A;N/A;N/A;N/A;Sí;N/A;N/A;N/A;N/A;N/A;N/A;N/A;N/A;N/A;"80 hp";Premium;N/A;N/A;N/A;"16 km/l";N/A;N/A;N/A;Sí;N/A;N/A;N/A;Sí;N/A;N/A;"18 km/l";N/A;N/A;N/A;N/A;N/A;"Lun. a Vie. de 9 a 18:30 hs. Sáb. de 9 a 13 hs.";5;1.0;Nafta;Manual;Hatchback;"Autos y camionetas";No;N/A;N/A;N/A;No;N/A;UY;No;Sí;No;No;N/A;N/A;N/A;N/A;N/A;N/A;N/A;N/A;N/A;N/A;N/A;N/A;N/A;Sí;N/A;N/A;N/A;N/A;N/A;N/A;N/A;N/A;N/A;N/A;N/A;N/A;N/A;N/A;N/A;N/A;N/A;N/A;N/A;N/A;N/A;N/A;N/A;N/A;N/A;N/A;N/A;N/A;N/A;N/A;N/A;N/A;N/A;N/A;N/A;N/A;N/A;Sí;N/A;N/A;N/A;N/A;N/A;N/A;N/A;N/A;N/A;N/A;N/A;N/A;N/A;N/A;N/A;N/A;N/A;N/A;N/A;N/A;N/A;N/A;N/A;N/A;N/A;N/A;N/A;N/A;N/A;Sí;N/A;N/A;N/A;Sí;N/A;Sí;N/A;Sí;Sí;N/A;N/A;Sí;Sí;Sí;N/A;N/A;N/A;Sí;Sí;Sí;N/A;Sí;N/A;Sí;N/A;N/A;Sí;N/A;Sí
Hyundai;HB20;"Hb20 Sedan Premium";2025;"9800 km";;"ALONSO AUTOMOVILES";19500;;;;;"Las Piedras";https://auto.mercadolibre.com.uy/MLU-702040982-hyundai-hb20-10-sedan-premium-_JM;N/A;;"Hyundai Hb20 1.0 Sedan Premium ";USD;Sí;gold_premium;false;N/A;N/A;http://perfil.mercadolibre.com.uy/ALONSO+AUTOMOVILES;active;N/A;N/A;Usado;Gris;Sí;Eléctrica;N/A;Sí;Sí;N/A;N/A;N/A;Sí;N/A;N/A;N/A;N/A;N/A;Sí;Sí;N/A;Sí;N/A;N/A;N/A;N/A;N/A;N/A;N/A;N/A;N/A;N/A;N/A;N/A;N/A;N/A;N/A;N/A;N/A;N/A;N/A;Sí;N/A;N/A;N/A;N/A;N/A;N/A;N/A;N/A;N/A;N/A;N/A;N/A;N/A;N/A;N/A;N/A;N/A;N/A;N/A;N/A;N/A;N/A;N/A;N/A;N/A;N/A;N/A;N/A;N/A;N/A;N/A;N/A;N/A;N/A;N/A;N/A;N/A;N/A;N/A;N/A;N/A;N/A;N/A;N/A;N/A;N/A;N/A;N/A;N/A;N/A;N/A;N/A;N/A;N/A;N/A;Sí;N/A;N/A;N/A;N/A;N/A;N/A;N/A;N/A;N/A;N/A;N/A;Sí;N/A;4;1.0;Nafta;Manual;Sedán;"Autos y camionetas";N/A;N/A;N/A;N/A;N/A;N/A;N/A;N/A;Sí;N/A;N/A;N/A;N/A;N/A;N/A;N/A;N/A;N/A;N/A;N/A;N/A;N/A;N/A;N/A;Sí;N/A;N/A;N/A;N/A;N/A;N/A;N/A;N/A;N/A;N/A;N/A;N/A;N/A;N/A;N/A;N/A;N/A;N/A;Sí;N/A;N/A;N/A;N/A;N/A;N/A;N/A;N/A;N/A;N/A;N/A;N/A;N/A;N/A;N/A;N/A;N/A;Sí;N/A;N/A;N/A;N/A;N/A;N/A;N/A;N/A;N/A;N/A;N/A;N/A;N/A;N/A;N/A;N/A;N/A;N/A;N/A;N/A;N/A;N/A;N/A;N/A;N/A;N/A;N/A;N/A;N/A;N/A;N/A;N/A;N/A;N/A;Sí;Sí;Sí;N/A;Sí;N/A;N/A;N/A;N/A;Sí;Sí;Sí;Sí;N/A;N/A;Sí;Sí;Sí;Sí;Sí;Sí;Sí;Sí;Sí;N/A;Sí
Hyundai;i10;"1.2 Gls Seguridad L At";2015;"70269 km";;"KM0 MOTORS";9800;;;;;"Aeropuerto Internacional De Carrasco";https://auto.mercadolibre.com.uy/MLU-701405960-hyundai-i-10-_JM;N/A;;"Hyundai I 10";usd;Sí;gold_premium;false;N/A;N/A;http://perfil.mercadolibre.com.uy/KM0+MOTORS;active;N/A;N/A;Usado;Negro;N/A;Hidráulica;Delantera;Sí;N/A;Sí;N/A;N/A;N/A;N/A;N/A;N/A;N/A;N/A;N/A;N/A;N/A;N/A;N/A;N/A;N/A;N/A;N/A;N/A;N/A;N/A;N/A;N/A;"2385 mm";"1.2 L";"35 L";4;N/A;N/A;N/A;N/A;Sí;N/A;N/A;N/A;N/A;N/A;N/A;N/A;N/A;N/A;N/A;N/A;N/A;N/A;N/A;N/A;N/A;N/A;N/A;N/A;N/A;N/A;N/A;N/A;N/A;N/A;N/A;Sí;N/A;Sí;N/A;N/A;N/A;N/A;N/A;N/A;N/A;Sí;N/A;N/A;N/A;"1540 mm";"3565 mm";N/A;N/A;N/A;N/A;5;"85 hp";Gls;N/A;4;"1660 mm";N/A;N/A;N/A;N/A;N/A;N/A;N/A;N/A;N/A;N/A;N/A;N/A;N/A;N/A;N/A;N/A;N/A;N/A;5;1.2;Nafta;Automática;Hatchback;"Autos y camionetas";N/A;N/A;N/A;N/A;N/A;N/A;UY;N/A;N/A;N/A;N/A;N/A;N/A;N/A;N/A;N/A;N/A;N/A;N/A;N/A;N/A;N/A;N/A;N/A;N/A;N/A;N/A;N/A;N/A;N/A;N/A;N/A;N/A;N/A;N/A;N/A;N/A;N/A;N/A;N/A;N/A;N/A;N/A;N/A;N/A;N/A;N/A;N/A;N/A;N/A;N/A;N/A;N/A;N/A;N/A;N/A;N/A;N/A;N/A;N/A;N/A;N/A;N/A;N/A;N/A;N/A;N/A;N/A;N/A;N/A;N/A;N/A;N/A;N/A;N/A;N/A;N/A;N/A;N/A;N/A;N/A;N/A;N/A;N/A;N/A;N/A;N/A;N/A;N/A;N/A;N/A;N/A;N/A;N/A;N/A;N/A;Sí;N/A;Sí;N/A;N/A;N/A;N/A;N/A;N/A;N/A;N/A;N/A;N/A;Sí;N/A;N/A;N/A;N/A;N/A;N/A;N/A;N/A;N/A;N/A;N/A;N/A
Hyundai;HB20;"1.0 Comfort Mt";2022;"77554 km";;SHOPPINGDEAUTOS02;17500;;;;;Carrasco;https://auto.mercadolibre.com.uy/MLU-701275762-hyundai-new-hb20-sedan-10-_JM;N/A;;"Hyundai New Hb20 Sedan 1.0";$(uy);Sí;gold_premium;false;N/A;N/A;http://perfil.mercadolibre.com.uy/SHOPPINGDEAUTOS02;active;N/A;N/A;Usado;"GRIS PLATA";Sí;Asistida;Delantera;Sí;Sí;Sí;No;No;No;Sí;Sí;No;No;No;No;Sí;N/A;No;N/A;N/A;N/A;N/A;N/A;N/A;N/A;N/A;N/A;N/A;"2500 mm";"1 L";"50 L";6;N/A;N/A;No;No;N/A;No;No;N/A;N/A;N/A;N/A;N/A;N/A;N/A;N/A;N/A;N/A;N/A;N/A;N/A;N/A;No;No;Sí;N/A;Sí;N/A;Sí;N/A;No;N/A;N/A;N/A;Sí;Sí;N/A;Sí;N/A;N/A;N/A;N/A;N/A;No;N/A;N/A;"1470 mm";"3920 mm";N/A;N/A;N/A;N/A;5;N/A;HB20;N/A;4;"1680 mm";N/A;No;No;No;Sí;No;No;Sí;Sí;No;No;"13.8 km/l";No;No;N/A;N/A;Sí;"Lunes a Lunes de 10 a 20 horas.";5;1.0;Nafta;Manual;Sedán;"Autos y camionetas";No;N/A;N/A;N/A;No;N/A;UY;N/A;Sí;N/A;No;N/A;N/A;N/A;N/A;N/A;N/A;N/A;N/A;N/A;N/A;N/A;N/A;N/A;No;N/A;N/A;N/A;N/A;N/A;N/A;N/A;N/A;N/A;N/A;N/A;N/A;N/A;N/A;N/A;N/A;N/A;N/A;No;N/A;N/A;N/A;N/A;N/A;N/A;N/A;N/A;N/A;N/A;N/A;N/A;N/A;N/A;N/A;N/A;N/A;Sí;Sí;N/A;N/A;N/A;N/A;N/A;N/A;N/A;No;No;No;N/A;N/A;N/A;N/A;N/A;N/A;N/A;N/A;N/A;N/A;N/A;N/A;N/A;N/A;N/A;N/A;N/A;N/A;N/A;N/A;N/A;N/A;No;Sí;No;No;No;Sí;Sí;No;N/A;No;Sí;No;No;No;N/A;Sí;Sí;Sí;No;Sí;No;Sí;No;No;Sí;No;Sí
Hyundai;Creta;"1.6 Limited Premium";2022;"115158 km";;SHOPPINGDEAUTOS02;22900;;;;;Carrasco;https://auto.mercadolibre.com.uy/MLU-700845492-hyundai-creta-limited-premium-16-mt-2022-_JM;N/A;;"Hyundai Creta Limited Premium 1.6 Mt  2022";$(uy);Sí;gold_premium;false;N/A;N/A;http://perfil.mercadolibre.com.uy/SHOPPINGDEAUTOS02;active;N/A;N/A;Usado;Negro;No;Hidráulica;Delantera;Sí;No;Sí;No;No;No;No;No;No;No;No;Sí;Sí;N/A;No;N/A;N/A;N/A;N/A;N/A;N/A;N/A;N/A;N/A;N/A;"2590 mm";"1.6 L";"58 L";5;N/A;N/A;No;No;N/A;No;Sí;N/A;N/A;N/A;N/A;N/A;N/A;N/A;N/A;N/A;N/A;N/A;N/A;N/A;N/A;No;No;No;N/A;Sí;N/A;No;N/A;No;N/A;N/A;N/A;Sí;Sí;N/A;No;N/A;N/A;N/A;N/A;N/A;No;N/A;N/A;"1635 mm";"4440 mm";N/A;N/A;N/A;N/A;5;N/A;N/A;N/A;4;"1898 mm";N/A;No;Sí;No;Sí;No;Sí;Sí;No;No;No;N/A;No;No;N/A;N/A;Sí;"Lunes a Lunes de 10 a 20 horas.";5;1.0;Nafta;Manual;SUV;"Autos y camionetas";No;N/A;N/A;N/A;No;N/A;UY;N/A;Sí;N/A;No;N/A;N/A;N/A;N/A;N/A;N/A;N/A;N/A;N/A;N/A;N/A;N/A;N/A;Sí;N/A;N/A;N/A;N/A;N/A;N/A;N/A;N/A;N/A;N/A;N/A;N/A;N/A;N/A;N/A;N/A;N/A;N/A;No;N/A;N/A;N/A;N/A;N/A;N/A;N/A;N/A;N/A;N/A;N/A;N/A;N/A;N/A;N/A;N/A;N/A;Sí;No;N/A;N/A;N/A;N/A;N/A;N/A;N/A;No;No;No;N/A;N/A;N/A;N/A;N/A;N/A;N/A;N/A;N/A;N/A;N/A;N/A;N/A;N/A;N/A;N/A;N/A;N/A;N/A;N/A;N/A;N/A;No;Sí;Sí;Sí;No;No;Sí;No;N/A;Sí;Sí;No;Sí;No;N/A;No;Sí;Sí;No;Sí;Sí;Sí;No;No;No;No;No
Hyundai;Tucson;"2.0 Gl 154cv 6at 2wd";2016;"118547 km";;SHOPPINGDEAUTOS03;21900;;;;;Carrasco;https://auto.mercadolibre.com.uy/MLU-700746494-hyundai-tucson-20-gl-value-4x2-at-suv-2016-_JM;N/A;;"Hyundai Tucson 2.0 Gl Value 4x2 At Suv 2016";$(uy);Sí;gold_premium;false;N/A;N/A;http://perfil.mercadolibre.com.uy/SHOPPINGDEAUTOS03;active;N/A;N/A;Usado;Blanco;No;Hidráulica;4x2;Sí;Sí;Sí;No;No;No;Sí;Sí;No;No;Sí;No;Sí;N/A;Sí;N/A;N/A;N/A;N/A;N/A;N/A;N/A;N/A;N/A;N/A;"2630 mm";"2 L";"58 L";6;N/A;N/A;No;No;N/A;Sí;Sí;N/A;N/A;N/A;N/A;N/A;N/A;N/A;N/A;N/A;N/A;N/A;N/A;N/A;N/A;No;No;No;N/A;Sí;N/A;Sí;N/A;No;N/A;Sí;N/A;N/A;N/A;N/A;Sí;N/A;N/A;N/A;N/A;Sí;No;N/A;N/A;"1655 mm";"4410 mm";N/A;N/A;N/A;N/A;5;"166 hp";TUCSON;N/A;4;"1830 mm";"10.4 km/l";No;No;Sí;Sí;No;Sí;Sí;Sí;No;No;"6.4 km/l";No;No;N/A;N/A;Sí;"Lunes a Lunes de 10 a 20 horas.";5;2.0;Nafta;Automática;SUV;"Autos y camionetas";No;N/A;N/A;N/A;No;N/A;UY;N/A;Sí;N/A;No;N/A;N/A;N/A;N/A;N/A;N/A;N/A;N/A;N/A;N/A;N/A;N/A;N/A;Sí;N/A;N/A;N/A;N/A;N/A;N/A;N/A;N/A;N/A;N/A;N/A;N/A;N/A;N/A;N/A;N/A;N/A;N/A;No;N/A;N/A;N/A;N/A;N/A;N/A;N/A;N/A;N/A;N/A;N/A;N/A;N/A;N/A;N/A;N/A;N/A;Sí;Sí;N/A;N/A;N/A;N/A;N/A;N/A;N/A;No;No;No;N/A;N/A;N/A;N/A;N/A;N/A;N/A;N/A;N/A;N/A;N/A;N/A;N/A;N/A;N/A;N/A;N/A;N/A;N/A;N/A;N/A;N/A;No;Sí;Sí;Sí;No;No;No;Sí;N/A;Sí;Sí;No;Sí;No;Sí;No;Sí;Sí;Sí;Sí;Sí;Sí;Sí;No;No;No;Sí
Hyundai;Tucson;"1.6t Gdi Gl Value At";2018;"116325 km";;SHOPPINGDEAUTOS01;27900;;;;;Carrasco;https://auto.mercadolibre.com.uy/MLU-699988990-hyundai-tucson-16-value-at-_JM;N/A;;"Hyundai Tucson 1.6 Value At";$(uy);Sí;gold_premium;false;N/A;N/A;http://perfil.mercadolibre.com.uy/SHOPPINGDEAUTOS01;active;N/A;N/A;Usado;BORDEAU;No;Hidráulica;Delantera;Sí;Sí;Sí;No;No;No;Sí;Sí;No;No;No;Sí;Sí;N/A;Sí;N/A;N/A;N/A;N/A;N/A;N/A;N/A;N/A;N/A;N/A;"2670 mm";"2000 cc";"62 L";7;N/A;N/A;No;No;N/A;Sí;No;N/A;N/A;N/A;N/A;N/A;N/A;N/A;N/A;N/A;N/A;N/A;N/A;N/A;N/A;No;No;Sí;N/A;Sí;N/A;No;N/A;No;N/A;N/A;N/A;N/A;N/A;N/A;Sí;N/A;N/A;N/A;N/A;N/A;Sí;N/A;N/A;"1660 mm";"4475 mm";N/A;N/A;N/A;N/A;5;N/A;TUCSON;N/A;4;"1850 mm";N/A;No;No;No;Sí;Sí;Sí;Sí;Sí;No;Sí;N/A;No;No;N/A;N/A;Sí;"Lunes a Lunes de 10 a 20 horas.";5;2.0;Nafta;Automática;SUV;"Autos y camionetas";No;N/A;N/A;N/A;No;N/A;UY;N/A;Sí;N/A;No;N/A;N/A;N/A;N/A;N/A;N/A;N/A;N/A;N/A;N/A;N/A;N/A;N/A;Sí;N/A;N/A;N/A;N/A;N/A;N/A;N/A;N/A;N/A;N/A;N/A;N/A;N/A;N/A;N/A;N/A;N/A;N/A;No;N/A;N/A;N/A;N/A;N/A;N/A;N/A;N/A;N/A;N/A;N/A;N/A;N/A;N/A;N/A;N/A;N/A;Sí;No;N/A;N/A;N/A;N/A;N/A;N/A;N/A;No;No;No;N/A;N/A;N/A;N/A;N/A;N/A;N/A;N/A;N/A;N/A;N/A;N/A;N/A;N/A;N/A;N/A;N/A;N/A;N/A;N/A;N/A;N/A;No;Sí;Sí;Sí;Sí;Sí;Sí;Sí;N/A;Sí;Sí;No;Sí;No;N/A;Sí;Sí;No;No;Sí;Sí;Sí;No;No;Sí;No;Sí
Hyundai;Ioniq;"1.6 Gdi Hibrido At 5p";2018;"67457 km";;SHOPPINGDEAUTOS;22900;;;;;Centro;https://auto.mercadolibre.com.uy/MLU-699962760-hyundai-ioniq-16-hibrido-at-5p-2018-_JM;N/A;;"Hyundai Ioniq 1.6 Hibrido At 5p 2018";$(uy);Sí;gold_premium;false;N/A;N/A;http://perfil.mercadolibre.com.uy/SHOPPINGDEAUTOS;active;N/A;N/A;Usado;Blanco;No;Hidráulica;Delantera;Sí;Sí;Sí;No;Sí;No;Sí;Sí;No;No;Sí;Sí;Sí;N/A;No;N/A;N/A;N/A;N/A;N/A;N/A;N/A;N/A;N/A;N/A;"2440 mm";"1.6 L";"45 L";5;N/A;N/A;No;No;N/A;No;Sí;N/A;N/A;N/A;N/A;N/A;N/A;N/A;N/A;N/A;N/A;N/A;N/A;N/A;N/A;No;No;Sí;N/A;Sí;N/A;No;N/A;No;N/A;N/A;N/A;N/A;N/A;N/A;Sí;N/A;N/A;N/A;N/A;N/A;No;N/A;N/A;"1395 mm";"4235 mm";N/A;N/A;N/A;N/A;5;N/A;N/A;N/A;3;"1670 mm";"7.2 km/l";No;Sí;Sí;Sí;Sí;No;No;No;No;No;"4.5 km/l";No;No;N/A;N/A;Sí;"Lunes a Lunes de 10 a 20 horas.";5;1.6;Híbrido;Automática;Hatchback;"Autos y camionetas";No;N/A;N/A;N/A;No;N/A;UY;N/A;Sí;N/A;No;N/A;N/A;N/A;N/A;N/A;N/A;N/A;N/A;N/A;N/A;N/A;N/A;N/A;Sí;N/A;N/A;N/A;N/A;N/A;N/A;N/A;N/A;N/A;N/A;N/A;N/A;N/A;N/A;N/A;N/A;N/A;N/A;No;N/A;N/A;N/A;N/A;N/A;N/A;N/A;N/A;N/A;N/A;N/A;N/A;N/A;N/A;N/A;N/A;N/A;No;No;N/A;N/A;N/A;N/A;N/A;N/A;N/A;No;Sí;Sí;N/A;N/A;N/A;N/A;N/A;N/A;N/A;N/A;N/A;N/A;N/A;N/A;N/A;N/A;N/A;N/A;N/A;N/A;N/A;N/A;N/A;N/A;No;Sí;Sí;Sí;No;No;Sí;Sí;N/A;No;Sí;No;Sí;No;N/A;No;Sí;Sí;No;Sí;Sí;Sí;No;No;No;No;Sí
Hyundai;HB20S;"Comfort Plus";2017;"118763 km";;"MOTORLAND URUGUAY";13500;;;;;Shangrilá;https://auto.mercadolibre.com.uy/MLU-645824065-hyundai-hb20s-comfort-plus-motorland-permuto-financio-_JM;N/A;;"Hyundai Hb20s Comfort Plus - Motorland Permuto / Financio";usd;Sí;gold_premium;false;N/A;N/A;http://perfil.mercadolibre.com.uy/MOTORLAND+URUGUAY;active;N/A;N/A;Usado;Plateado;N/A;Hidráulica;N/A;Sí;Sí;Sí;N/A;N/A;N/A;N/A;N/A;N/A;N/A;Sí;N/A;Sí;N/A;N/A;N/A;N/A;N/A;N/A;N/A;N/A;N/A;N/A;N/A;N/A;N/A;"1600 cc";N/A;6;N/A;N/A;N/A;N/A;N/A;N/A;N/A;N/A;N/A;N/A;N/A;N/A;N/A;N/A;N/A;N/A;N/A;N/A;N/A;N/A;N/A;N/A;N/A;N/A;N/A;N/A;N/A;N/A;N/A;N/A;N/A;N/A;N/A;N/A;N/A;N/A;N/A;N/A;N/A;N/A;N/A;N/A;N/A;N/A;N/A;N/A;N/A;N/A;N/A;N/A;N/A;N/A;"122 hp";"Comfort Plus";N/A;N/A;N/A;"12 km/l";N/A;N/A;N/A;Sí;N/A;Sí;N/A;N/A;N/A;N/A;"15 km/l";N/A;N/A;N/A;N/A;N/A;"Lunes a viernes de 09:30 a 18:30 y sábados de 09 a 13 hs.";4;1.6;Nafta;Manual;Sedán;"Autos y camionetas";No;N/A;N/A;N/A;No;N/A;UY;No;Sí;No;No;N/A;N/A;N/A;N/A;N/A;N/A;N/A;N/A;N/A;N/A;N/A;N/A;N/A;N/A;N/A;N/A;N/A;N/A;N/A;N/A;N/A;N/A;N/A;N/A;N/A;N/A;N/A;N/A;N/A;N/A;N/A;N/A;N/A;N/A;N/A;N/A;N/A;N/A;N/A;N/A;N/A;N/A;N/A;N/A;N/A;N/A;N/A;N/A;N/A;N/A;N/A;No;N/A;N/A;N/A;N/A;N/A;N/A;N/A;N/A;N/A;N/A;N/A;N/A;N/A;N/A;N/A;N/A;N/A;N/A;N/A;N/A;N/A;N/A;N/A;N/A;N/A;N/A;N/A;N/A;N/A;N/A;N/A;N/A;N/A;Sí;N/A;N/A;N/A;Sí;N/A;N/A;N/A;N/A;Sí;N/A;N/A;N/A;N/A;N/A;N/A;N/A;N/A;Sí;Sí;N/A;Sí;N/A;Sí;N/A;N/A
Hyundai;HB20S;"Comfort Plus";2018;"92000 km";;"MOTORLAND BARRACARRASCO";13590;;;;;Shangrilá;https://auto.mercadolibre.com.uy/MLU-697820272-hyundai-hb20s-comfort-plus-motorland-permuto-financio-_JM;N/A;;"Hyundai Hb20s Comfort Plus - Motorland Permuto / Financio";usd;Sí;gold_premium;false;N/A;N/A;http://perfil.mercadolibre.com.uy/MOTORLAND+BARRACARRASCO;active;N/A;N/A;Usado;Blanco;N/A;Hidráulica;N/A;Sí;Sí;Sí;N/A;N/A;N/A;N/A;N/A;N/A;N/A;Sí;N/A;Sí;N/A;N/A;N/A;N/A;N/A;N/A;N/A;N/A;N/A;N/A;N/A;N/A;N/A;"1600 cc";N/A;6;N/A;N/A;N/A;N/A;N/A;N/A;N/A;N/A;N/A;N/A;N/A;N/A;N/A;N/A;N/A;N/A;N/A;N/A;N/A;N/A;N/A;N/A;N/A;N/A;N/A;N/A;N/A;N/A;N/A;N/A;N/A;N/A;N/A;N/A;N/A;N/A;N/A;N/A;N/A;N/A;N/A;N/A;N/A;N/A;N/A;N/A;N/A;N/A;N/A;N/A;N/A;N/A;"122 hp";"Comfort Plus";N/A;N/A;N/A;"12 km/l";N/A;N/A;N/A;Sí;N/A;Sí;N/A;N/A;N/A;N/A;"15 km/l";N/A;N/A;N/A;N/A;N/A;"Lunes a viernes de 09:30 a 18:30 y sábados de 09 a 13 hs.";4;1.6;Nafta;Manual;Sedán;"Autos y camionetas";No;N/A;N/A;N/A;No;N/A;UY;No;Sí;No;No;N/A;N/A;N/A;N/A;N/A;N/A;N/A;N/A;N/A;N/A;N/A;N/A;N/A;N/A;N/A;N/A;N/A;N/A;N/A;N/A;N/A;N/A;N/A;N/A;N/A;N/A;N/A;N/A;N/A;N/A;N/A;N/A;N/A;N/A;N/A;N/A;N/A;N/A;N/A;N/A;N/A;N/A;N/A;N/A;N/A;N/A;N/A;N/A;N/A;N/A;N/A;No;N/A;N/A;N/A;N/A;N/A;N/A;N/A;N/A;N/A;N/A;N/A;N/A;N/A;N/A;N/A;N/A;N/A;N/A;N/A;N/A;N/A;N/A;N/A;N/A;N/A;N/A;N/A;N/A;N/A;N/A;N/A;N/A;N/A;Sí;N/A;N/A;N/A;Sí;N/A;N/A;N/A;N/A;Sí;N/A;N/A;N/A;N/A;N/A;N/A;N/A;N/A;Sí;Sí;N/A;Sí;N/A;Sí;N/A;N/A
Hyundai;Tucson;"2.0 Gl 154cv 6at 2wd";2016;"125000 km";;CREDIAUTOAUTOMOVILES;20990;;;;;Malvin;https://auto.mercadolibre.com.uy/MLU-696442290-hyundai-tucson-20-gl-at-sport-financio-100-en-60-cuotas-_JM;N/A;;"Hyundai Tucson 2.0 Gl At Sport Financio 100% En 60 Cuotas";usd;Sí;gold_premium;false;N/A;N/A;http://perfil.mercadolibre.com.uy/CREDIAUTOAUTOMOVILES;active;N/A;N/A;Usado;Rojo;N/A;Hidráulica;4x2;Sí;N/A;Sí;N/A;N/A;N/A;N/A;N/A;N/A;N/A;N/A;N/A;Sí;N/A;N/A;N/A;N/A;N/A;N/A;N/A;N/A;N/A;N/A;N/A;N/A;"2630 mm";"2 L";"58 L";6;N/A;N/A;N/A;N/A;N/A;N/A;N/A;N/A;N/A;N/A;N/A;N/A;N/A;N/A;N/A;N/A;N/A;N/A;N/A;N/A;N/A;N/A;N/A;N/A;N/A;N/A;N/A;N/A;N/A;Sí;N/A;Sí;N/A;N/A;N/A;N/A;N/A;N/A;N/A;N/A;N/A;Sí;N/A;N/A;N/A;"1655 mm";"4410 mm";N/A;N/A;N/A;N/A;5;"166 hp";Gl;N/A;4;"1830 mm";"10.4 km/l";N/A;N/A;N/A;Sí;N/A;N/A;N/A;N/A;N/A;Sí;"6.4 km/l";N/A;N/A;N/A;N/A;N/A;"Lunes a Viernes de 10 a 13hs y de 14 a 18hs Sabados de 10 a 14hs";5;2.0;Nafta;Automática;SUV;"Autos y camionetas";N/A;N/A;N/A;N/A;N/A;N/A;UY;N/A;Sí;N/A;Sí;N/A;N/A;N/A;N/A;N/A;N/A;N/A;N/A;N/A;N/A;N/A;N/A;N/A;N/A;N/A;N/A;N/A;N/A;N/A;N/A;N/A;N/A;N/A;N/A;N/A;N/A;N/A;N/A;N/A;N/A;N/A;N/A;N/A;N/A;N/A;N/A;N/A;N/A;N/A;N/A;N/A;N/A;N/A;N/A;N/A;N/A;N/A;N/A;N/A;N/A;N/A;N/A;N/A;N/A;N/A;N/A;N/A;N/A;N/A;N/A;N/A;N/A;N/A;N/A;N/A;N/A;N/A;N/A;N/A;N/A;N/A;N/A;N/A;N/A;N/A;N/A;N/A;N/A;N/A;N/A;N/A;N/A;N/A;N/A;N/A;Sí;N/A;Sí;N/A;Sí;N/A;N/A;N/A;N/A;Sí;N/A;N/A;Sí;Sí;N/A;N/A;N/A;Sí;Sí;Sí;N/A;N/A;N/A;Sí;N/A;Sí
Hyundai;Tucson;"HIBRIDA LIMITED FL";2025;"0 km";;"OLIVA AUTOMOTORES";59990;;;;;Malvin;https://auto.mercadolibre.com.uy/MLU-695632236-nueva-hyundai-tucson-hibrida-hev-limited-fl-2025-0km-_JM;N/A;;"Nueva Hyundai Tucson Hibrida (hev) Limited Fl 2025 0km";USD;Sí;gold_premium;false;N/A;N/A;http://perfil.mercadolibre.com.uy/OLIVA+AUTOMOTORES;active;N/A;N/A;Nuevo;Plateado;N/A;Eléctrica;Delantera;N/A;N/A;N/A;N/A;N/A;N/A;N/A;N/A;Sí;N/A;N/A;Sí;N/A;N/A;Sí;N/A;N/A;N/A;N/A;N/A;N/A;N/A;N/A;N/A;N/A;"2755 mm";"1600 cc";N/A;6;N/A;N/A;N/A;N/A;N/A;N/A;N/A;N/A;N/A;N/A;N/A;N/A;N/A;N/A;N/A;N/A;N/A;N/A;N/A;N/A;N/A;N/A;N/A;N/A;N/A;N/A;N/A;N/A;N/A;N/A;N/A;N/A;N/A;N/A;N/A;N/A;N/A;N/A;N/A;N/A;N/A;N/A;N/A;N/A;N/A;"1655 mm";"4630 mm";"592 L";N/A;N/A;N/A;N/A;"230 hp";Limited;N/A;N/A;"1865 mm";"18 km/l";N/A;N/A;N/A;N/A;N/A;Sí;Sí;N/A;N/A;N/A;"18 km/l";Sí;N/A;N/A;N/A;N/A;"Lun. a Vie. de 9 a 18.30 hs. Sáb. de 10 a 13 hs.";5;1.6;Híbrido;"Automática secuencial";SUV;"Autos y camionetas";No;N/A;N/A;N/A;No;N/A;N/A;No;Sí;No;No;N/A;N/A;N/A;N/A;N/A;N/A;N/A;N/A;N/A;N/A;N/A;N/A;N/A;N/A;N/A;N/A;N/A;N/A;N/A;N/A;N/A;N/A;N/A;N/A;N/A;N/A;N/A;N/A;N/A;N/A;N/A;N/A;Sí;N/A;N/A;N/A;N/A;N/A;N/A;N/A;N/A;N/A;N/A;N/A;N/A;N/A;N/A;N/A;N/A;N/A;Sí;No;N/A;N/A;N/A;N/A;N/A;N/A;N/A;N/A;N/A;N/A;N/A;N/A;N/A;N/A;N/A;N/A;N/A;N/A;N/A;N/A;N/A;N/A;N/A;N/A;N/A;N/A;N/A;N/A;N/A;N/A;N/A;N/A;N/A;Sí;Sí;Sí;N/A;N/A;N/A;N/A;N/A;N/A;N/A;N/A;N/A;N/A;N/A;N/A;N/A;N/A;N/A;N/A;N/A;Sí;N/A;N/A;N/A;N/A;N/A
Hyundai;Tucson;"GLS Safe 2.0 AT Extra Full";2016;"161524 km";;MOTORLIDER.;21490;;;;;"Barra de Carrasco";https://auto.mercadolibre.com.uy/MLU-645045363-hyundai-tucson-gls-safe-20-at-permuta-financia-_JM;N/A;;"Hyundai Tucson Gls Safe 2.0 At | Permuta / Financia";USD;Sí;gold_premium;false;N/A;N/A;http://perfil.mercadolibre.com.uy/MOTORLIDER.;active;N/A;N/A;Usado;Blanco;N/A;Hidráulica;Delantera;Sí;Sí;Sí;N/A;N/A;N/A;Sí;Sí;N/A;N/A;N/A;Sí;Sí;N/A;Sí;N/A;N/A;N/A;N/A;N/A;N/A;N/A;N/A;N/A;N/A;N/A;"2000 cc";N/A;6;N/A;N/A;N/A;N/A;Sí;Sí;N/A;N/A;N/A;N/A;N/A;N/A;N/A;N/A;N/A;N/A;N/A;N/A;N/A;N/A;N/A;N/A;N/A;Sí;N/A;Sí;N/A;N/A;N/A;N/A;N/A;N/A;N/A;N/A;N/A;N/A;Sí;N/A;N/A;N/A;N/A;N/A;Sí;N/A;N/A;N/A;N/A;N/A;N/A;N/A;N/A;N/A;"141 hp";N/A;N/A;N/A;N/A;"10 km/l";N/A;N/A;N/A;Sí;Sí;Sí;Sí;Sí;N/A;Sí;"14 km/l";N/A;N/A;N/A;N/A;Sí;"Lun. a Vie. de 9 a 18:30 hs. Sáb. de 9 a 13 hs.";5;2.0;Nafta;Automática;SUV;"Autos y camionetas";No;N/A;N/A;N/A;No;N/A;N/A;No;Sí;No;No;N/A;N/A;N/A;N/A;N/A;N/A;N/A;N/A;N/A;N/A;N/A;N/A;N/A;Sí;N/A;N/A;N/A;N/A;N/A;N/A;N/A;N/A;N/A;N/A;Sí;N/A;N/A;N/A;N/A;N/A;N/A;N/A;N/A;N/A;N/A;N/A;N/A;N/A;N/A;N/A;N/A;N/A;N/A;N/A;N/A;N/A;N/A;N/A;N/A;N/A;N/A;Sí;N/A;N/A;N/A;N/A;N/A;N/A;N/A;N/A;N/A;N/A;N/A;N/A;N/A;N/A;N/A;N/A;N/A;N/A;N/A;N/A;N/A;N/A;N/A;N/A;N/A;N/A;N/A;N/A;N/A;N/A;N/A;N/A;N/A;Sí;Sí;Sí;Sí;Sí;Sí;Sí;N/A;Sí;Sí;N/A;Sí;N/A;N/A;Sí;Sí;Sí;N/A;Sí;Sí;Sí;N/A;N/A;Sí;N/A;Sí
Hyundai;HB20S;"Comfort Extra Full";2022;"77768 km";;MOTORLIDER.;15490;;;;;"Barra de Carrasco";https://auto.mercadolibre.com.uy/MLU-644974203-hyundai-hb20s-comfort-extra-full-10-permuta-financia-_JM;N/A;;"Hyundai Hb20s Comfort Extra Full 1.0| Permuta / Financia";usd;Sí;gold_premium;false;N/A;N/A;http://perfil.mercadolibre.com.uy/MOTORLIDER.;active;N/A;N/A;Usado;Blanco;Sí;Hidráulica;Delantera;Sí;N/A;N/A;N/A;N/A;N/A;N/A;N/A;N/A;N/A;N/A;N/A;Sí;N/A;N/A;N/A;N/A;N/A;N/A;N/A;N/A;N/A;N/A;N/A;N/A;N/A;"998 cc";N/A;6;N/A;N/A;N/A;N/A;N/A;N/A;N/A;N/A;N/A;N/A;N/A;N/A;N/A;N/A;N/A;N/A;N/A;N/A;N/A;N/A;N/A;N/A;N/A;Sí;N/A;Sí;N/A;N/A;N/A;N/A;N/A;N/A;N/A;N/A;N/A;N/A;Sí;N/A;N/A;N/A;N/A;N/A;N/A;N/A;N/A;N/A;N/A;N/A;N/A;N/A;N/A;N/A;"80 hp";Comfort;N/A;N/A;N/A;"16 km/l";N/A;N/A;N/A;Sí;N/A;Sí;N/A;Sí;N/A;N/A;"18 km/l";N/A;N/A;N/A;N/A;N/A;"Lun. a Vie. de 9 a 18:30 hs. Sáb. de 9 a 13 hs.";4;1.0;Nafta;Manual;Sedán;"Autos y camionetas";No;N/A;N/A;N/A;No;N/A;UY;No;Sí;No;No;N/A;N/A;N/A;N/A;N/A;N/A;N/A;N/A;N/A;N/A;N/A;N/A;N/A;N/A;N/A;N/A;N/A;N/A;N/A;N/A;N/A;N/A;N/A;N/A;N/A;N/A;N/A;N/A;N/A;N/A;N/A;N/A;N/A;N/A;N/A;N/A;N/A;N/A;N/A;N/A;N/A;N/A;N/A;N/A;N/A;N/A;N/A;N/A;N/A;N/A;N/A;Sí;N/A;N/A;N/A;N/A;N/A;N/A;N/A;N/A;N/A;N/A;N/A;N/A;N/A;N/A;N/A;N/A;N/A;N/A;N/A;N/A;N/A;N/A;N/A;N/A;N/A;N/A;N/A;N/A;N/A;Sí;N/A;N/A;N/A;Sí;N/A;N/A;N/A;Sí;Sí;N/A;N/A;N/A;Sí;N/A;N/A;N/A;N/A;N/A;N/A;N/A;N/A;N/A;Sí;Sí;N/A;N/A;Sí;N/A;Sí
Hyundai;HB20;"HATCH 1.6 PREMIUM MT - AT";2025;"0 km";;"OLIVA AUTOMOTORES";24990;;;;;Malvin;https://auto.mercadolibre.com.uy/MLU-644974113-hyundai-hb20-hatch-16-premium-mt-at-16-2025-0km-_JM;N/A;;"Hyundai Hb20 Hatch 1.6 Premium Mt - At 1.6 2025 0km";USD;Sí;gold_premium;false;N/A;N/A;http://perfil.mercadolibre.com.uy/OLIVA+AUTOMOTORES;active;N/A;N/A;Nuevo;Azul;N/A;Eléctrica;Delantera;Sí;Sí;Sí;N/A;N/A;N/A;N/A;N/A;N/A;N/A;N/A;Sí;Sí;N/A;N/A;N/A;N/A;N/A;N/A;N/A;N/A;N/A;N/A;N/A;N/A;N/A;"1600 cc";N/A;6;N/A;N/A;N/A;N/A;N/A;Sí;N/A;N/A;N/A;N/A;N/A;N/A;N/A;N/A;N/A;N/A;N/A;N/A;N/A;N/A;N/A;N/A;N/A;N/A;N/A;N/A;N/A;N/A;N/A;N/A;N/A;N/A;N/A;N/A;N/A;N/A;N/A;N/A;N/A;N/A;N/A;N/A;N/A;N/A;N/A;N/A;N/A;"300 L";N/A;N/A;N/A;N/A;"123 hp";Premium;N/A;N/A;N/A;"14 km/l";N/A;N/A;N/A;Sí;N/A;N/A;Sí;Sí;N/A;N/A;"18 km/l";N/A;N/A;N/A;N/A;Sí;"Lun. a Vie. de 9 a 18.30 hs. Sáb. de 10 a 13 hs.";5;1.6;Nafta;"Automática secuencial";Hatchback;"Autos y camionetas";No;N/A;N/A;N/A;No;N/A;N/A;No;Sí;No;No;N/A;N/A;N/A;N/A;N/A;N/A;N/A;N/A;N/A;N/A;N/A;N/A;N/A;N/A;N/A;N/A;N/A;N/A;N/A;N/A;N/A;N/A;N/A;N/A;N/A;N/A;N/A;N/A;N/A;N/A;N/A;N/A;Sí;N/A;N/A;N/A;N/A;N/A;N/A;N/A;N/A;N/A;N/A;N/A;N/A;N/A;N/A;N/A;N/A;N/A;Sí;No;N/A;N/A;N/A;N/A;N/A;N/A;N/A;N/A;N/A;N/A;N/A;N/A;N/A;N/A;N/A;N/A;N/A;N/A;N/A;N/A;N/A;N/A;N/A;N/A;N/A;N/A;N/A;N/A;N/A;N/A;N/A;N/A;N/A;Sí;Sí;Sí;N/A;N/A;N/A;N/A;N/A;N/A;Sí;N/A;N/A;N/A;N/A;N/A;N/A;Sí;N/A;N/A;N/A;Sí;N/A;N/A;Sí;N/A;Sí
Hyundai;HB20;"HATCH 1.6 UNIQUE AT";2025;"0 km";;"OLIVA AUTOMOTORES";27990;;;;;Malvin;https://auto.mercadolibre.com.uy/MLU-644960951-hyundai-hb20-hatch-16-unique-at-16-2025-0km-_JM;N/A;;"Hyundai Hb20 Hatch 1.6 Unique At 1.6 2025 0km";USD;Sí;gold_premium;false;N/A;N/A;http://perfil.mercadolibre.com.uy/OLIVA+AUTOMOTORES;active;N/A;N/A;Nuevo;Azul;N/A;Eléctrica;Delantera;Sí;Sí;Sí;N/A;N/A;N/A;N/A;N/A;Sí;N/A;N/A;N/A;Sí;N/A;N/A;N/A;N/A;N/A;N/A;N/A;N/A;N/A;N/A;N/A;N/A;N/A;"1600 cc";N/A;6;N/A;N/A;N/A;N/A;N/A;Sí;N/A;N/A;N/A;N/A;N/A;N/A;N/A;N/A;N/A;N/A;N/A;N/A;N/A;N/A;N/A;N/A;N/A;N/A;N/A;N/A;N/A;N/A;N/A;N/A;N/A;N/A;N/A;N/A;N/A;N/A;N/A;N/A;N/A;N/A;N/A;N/A;N/A;N/A;N/A;N/A;N/A;"300 L";N/A;N/A;N/A;N/A;"123 hp";Unique;N/A;N/A;N/A;"14 km/l";N/A;N/A;Sí;Sí;N/A;Sí;Sí;Sí;N/A;N/A;"18 km/l";N/A;N/A;N/A;N/A;Sí;"Lun. a Vie. de 9 a 18.30 hs. Sáb. de 10 a 13 hs.";5;1.6;Nafta;"Automática secuencial";Hatchback;"Autos y camionetas";No;N/A;N/A;N/A;No;N/A;N/A;No;Sí;No;No;N/A;N/A;N/A;N/A;N/A;N/A;N/A;N/A;N/A;N/A;N/A;N/A;N/A;N/A;N/A;N/A;N/A;N/A;N/A;N/A;N/A;N/A;N/A;N/A;N/A;N/A;N/A;N/A;N/A;N/A;N/A;N/A;Sí;N/A;N/A;N/A;N/A;N/A;N/A;N/A;N/A;N/A;N/A;N/A;N/A;N/A;N/A;N/A;N/A;N/A;Sí;No;N/A;N/A;N/A;N/A;N/A;N/A;N/A;N/A;N/A;N/A;N/A;N/A;N/A;N/A;N/A;N/A;N/A;N/A;N/A;N/A;N/A;N/A;N/A;N/A;N/A;N/A;N/A;N/A;N/A;N/A;N/A;N/A;N/A;Sí;Sí;Sí;N/A;N/A;N/A;N/A;N/A;N/A;Sí;N/A;N/A;N/A;N/A;N/A;Sí;Sí;N/A;N/A;N/A;Sí;N/A;N/A;Sí;N/A;Sí
Hyundai;HB20;"SEDAN 1.0 PREMIUM";2025;"0 km";;"OLIVA AUTOMOTORES";20990;;;;;Malvin;https://auto.mercadolibre.com.uy/MLU-695174256-hyundai-hb20-sedan-10-premium-10-2025-0km-_JM;N/A;;"Hyundai Hb20 Sedan 1.0 Premium 1.0 2025 0km";USD;Sí;gold_premium;false;N/A;N/A;http://perfil.mercadolibre.com.uy/OLIVA+AUTOMOTORES;active;N/A;N/A;Nuevo;Azul;N/A;Eléctrica;Delantera;Sí;N/A;Sí;N/A;N/A;N/A;N/A;N/A;N/A;N/A;N/A;Sí;Sí;N/A;N/A;N/A;N/A;N/A;N/A;N/A;N/A;N/A;N/A;N/A;N/A;N/A;"1000 cc";N/A;5;N/A;N/A;N/A;N/A;N/A;N/A;N/A;N/A;N/A;N/A;N/A;N/A;N/A;N/A;N/A;N/A;N/A;N/A;N/A;N/A;N/A;N/A;N/A;N/A;N/A;N/A;N/A;N/A;N/A;N/A;N/A;N/A;N/A;N/A;N/A;N/A;N/A;N/A;N/A;N/A;N/A;N/A;N/A;N/A;N/A;N/A;N/A;"480 L";N/A;N/A;N/A;N/A;"80 hp";Premium;N/A;N/A;N/A;"16 km/l";N/A;N/A;N/A;Sí;N/A;N/A;Sí;Sí;N/A;N/A;"20 km/l";N/A;N/A;N/A;N/A;N/A;"Lun. a Vie. de 9 a 18.30 hs. Sáb. de 10 a 13 hs.";4;1.0;Nafta;Manual;Sedán;"Autos y camionetas";No;N/A;N/A;N/A;No;N/A;N/A;No;Sí;No;No;N/A;N/A;N/A;N/A;N/A;N/A;N/A;N/A;N/A;N/A;N/A;N/A;N/A;N/A;N/A;N/A;N/A;N/A;N/A;N/A;N/A;N/A;N/A;N/A;N/A;N/A;N/A;N/A;N/A;N/A;N/A;N/A;Sí;N/A;N/A;N/A;N/A;N/A;N/A;N/A;N/A;N/A;N/A;N/A;N/A;N/A;N/A;N/A;N/A;N/A;Sí;No;N/A;N/A;N/A;N/A;N/A;N/A;N/A;N/A;N/A;N/A;N/A;N/A;N/A;N/A;N/A;N/A;N/A;N/A;N/A;N/A;N/A;N/A;N/A;N/A;N/A;N/A;N/A;N/A;N/A;N/A;N/A;N/A;N/A;Sí;Sí;Sí;N/A;N/A;N/A;N/A;N/A;N/A;Sí;N/A;N/A;N/A;N/A;N/A;Sí;Sí;N/A;N/A;N/A;Sí;N/A;N/A;Sí;N/A;Sí
Hyundai;HB20;"HATCH 1.0 PREMIUM";2025;"0 km";;"OLIVA AUTOMOTORES";19990;;;;;Malvin;https://auto.mercadolibre.com.uy/MLU-695213548-hyundai-hb20-hatch-10-premium-10-2025-0km-_JM;N/A;;"Hyundai Hb20 Hatch 1.0 Premium 1.0 2025 0km";USD;Sí;gold_premium;false;N/A;N/A;http://perfil.mercadolibre.com.uy/OLIVA+AUTOMOTORES;active;N/A;N/A;Nuevo;Azul;N/A;Eléctrica;Delantera;Sí;N/A;Sí;N/A;N/A;N/A;N/A;N/A;N/A;N/A;N/A;N/A;N/A;N/A;N/A;N/A;N/A;N/A;N/A;N/A;N/A;N/A;N/A;N/A;N/A;N/A;"1000 cc";N/A;5;N/A;N/A;N/A;N/A;N/A;N/A;N/A;N/A;N/A;N/A;N/A;N/A;N/A;N/A;N/A;N/A;N/A;N/A;N/A;N/A;N/A;N/A;N/A;N/A;N/A;N/A;N/A;N/A;N/A;N/A;N/A;N/A;N/A;N/A;N/A;N/A;N/A;N/A;N/A;N/A;N/A;N/A;N/A;N/A;N/A;N/A;N/A;"300 L";N/A;N/A;N/A;N/A;"80 hp";Premium;N/A;N/A;N/A;"16 km/l";N/A;N/A;N/A;Sí;N/A;Sí;Sí;Sí;N/A;N/A;"20 km/l";N/A;N/A;N/A;N/A;N/A;"Lun. a Vie. de 9 a 18.30 hs. Sáb. de 10 a 13 hs.";5;1.0;Nafta;Manual;Hatchback;"Autos y camionetas";No;N/A;N/A;N/A;No;N/A;N/A;No;Sí;No;No;N/A;N/A;N/A;N/A;N/A;N/A;N/A;N/A;N/A;N/A;N/A;N/A;N/A;N/A;N/A;N/A;N/A;N/A;N/A;N/A;N/A;N/A;N/A;N/A;N/A;N/A;N/A;N/A;N/A;N/A;N/A;N/A;Sí;N/A;N/A;N/A;N/A;N/A;N/A;N/A;N/A;N/A;N/A;N/A;N/A;N/A;N/A;N/A;N/A;N/A;Sí;No;N/A;N/A;N/A;N/A;N/A;N/A;N/A;N/A;N/A;N/A;N/A;N/A;N/A;N/A;N/A;N/A;N/A;N/A;N/A;N/A;N/A;N/A;N/A;N/A;N/A;N/A;N/A;N/A;N/A;N/A;N/A;N/A;N/A;Sí;Sí;Sí;N/A;N/A;N/A;N/A;N/A;N/A;N/A;N/A;N/A;N/A;N/A;N/A;N/A;Sí;N/A;N/A;N/A;Sí;N/A;N/A;Sí;N/A;Sí
Hyundai;HB20;"HATCH 1.6 PREMIUM MT - AT";2025;"0 km";;"OLIVA AUTOMOTORES";22990;;;;;Malvin;https://auto.mercadolibre.com.uy/MLU-695199716-hyundai-hb20-hatch-16-premium-mt-at-16-2025-0km-_JM;N/A;;"Hyundai Hb20 Hatch 1.6 Premium Mt - At 1.6 2025 0km";USD;Sí;gold_premium;false;N/A;N/A;http://perfil.mercadolibre.com.uy/OLIVA+AUTOMOTORES;active;N/A;N/A;Nuevo;Azul;N/A;Eléctrica;Delantera;Sí;Sí;Sí;N/A;N/A;N/A;N/A;N/A;N/A;N/A;N/A;Sí;N/A;N/A;N/A;N/A;N/A;N/A;N/A;N/A;N/A;N/A;N/A;N/A;N/A;N/A;"1600 cc";N/A;6;N/A;N/A;N/A;N/A;Sí;Sí;N/A;N/A;N/A;N/A;N/A;N/A;N/A;N/A;N/A;N/A;N/A;N/A;N/A;N/A;N/A;N/A;N/A;N/A;N/A;N/A;N/A;N/A;N/A;N/A;N/A;N/A;N/A;N/A;N/A;N/A;N/A;N/A;N/A;N/A;N/A;N/A;N/A;N/A;N/A;N/A;N/A;N/A;N/A;N/A;N/A;N/A;"123 hp";Premium;N/A;N/A;N/A;"16 km/l";N/A;N/A;N/A;Sí;N/A;N/A;Sí;Sí;N/A;N/A;"18 km/l";N/A;N/A;N/A;N/A;Sí;"Lun. a Vie. de 9 a 18.30 hs. Sáb. de 10 a 13 hs.";5;1.6;Nafta;Manual;Hatchback;"Autos y camionetas";No;N/A;N/A;N/A;No;N/A;N/A;No;Sí;No;No;N/A;N/A;N/A;N/A;N/A;N/A;N/A;N/A;N/A;N/A;N/A;N/A;N/A;N/A;N/A;N/A;N/A;N/A;N/A;N/A;N/A;N/A;N/A;N/A;N/A;N/A;N/A;N/A;N/A;N/A;N/A;N/A;Sí;N/A;N/A;N/A;N/A;N/A;N/A;N/A;N/A;N/A;N/A;N/A;N/A;N/A;N/A;N/A;N/A;N/A;Sí;No;N/A;N/A;N/A;N/A;N/A;N/A;N/A;N/A;N/A;N/A;N/A;N/A;N/A;N/A;N/A;N/A;N/A;N/A;N/A;N/A;N/A;N/A;N/A;N/A;N/A;N/A;N/A;N/A;N/A;N/A;N/A;N/A;N/A;Sí;N/A;Sí;Sí;Sí;N/A;N/A;N/A;N/A;Sí;N/A;N/A;N/A;N/A;Sí;Sí;Sí;N/A;N/A;N/A;Sí;N/A;N/A;Sí;N/A;Sí
Hyundai;HB20;"SEDAN 1.0 COMFORT";2025;"0 km";;"OLIVA AUTOMOTORES";18990;;;;;Malvin;https://auto.mercadolibre.com.uy/MLU-695277418-hyundai-hb20-sedan-10-comfort-10-2025-0km-_JM;N/A;;"Hyundai Hb20 Sedan 1.0 Comfort 1.0 2025 0km";USD;Sí;gold_premium;false;N/A;N/A;http://perfil.mercadolibre.com.uy/OLIVA+AUTOMOTORES;active;N/A;N/A;Nuevo;Plateado;N/A;Eléctrica;Delantera;Sí;Sí;Sí;N/A;N/A;N/A;N/A;N/A;N/A;N/A;N/A;N/A;Sí;N/A;Sí;N/A;N/A;N/A;N/A;N/A;N/A;N/A;N/A;N/A;N/A;N/A;"1000 cc";N/A;6;N/A;N/A;N/A;N/A;Sí;N/A;N/A;N/A;N/A;N/A;N/A;N/A;N/A;N/A;N/A;N/A;N/A;N/A;N/A;N/A;N/A;N/A;N/A;N/A;N/A;N/A;N/A;N/A;N/A;N/A;N/A;N/A;N/A;N/A;N/A;N/A;N/A;N/A;N/A;N/A;N/A;N/A;N/A;N/A;N/A;N/A;N/A;"190 L";N/A;N/A;N/A;N/A;"80 hp";Comfort;N/A;N/A;N/A;"16 km/l";N/A;N/A;N/A;Sí;N/A;N/A;Sí;Sí;N/A;N/A;"20 km/l";N/A;N/A;N/A;N/A;N/A;"Lun. a Vie. de 9 a 18.30 hs. Sáb. de 10 a 13 hs.";5;1.0;Nafta;Manual;Sedán;"Autos y camionetas";No;N/A;N/A;N/A;No;N/A;N/A;No;Sí;No;No;N/A;N/A;N/A;N/A;N/A;N/A;N/A;N/A;N/A;N/A;N/A;N/A;N/A;N/A;N/A;N/A;N/A;N/A;N/A;N/A;N/A;N/A;N/A;N/A;N/A;N/A;N/A;N/A;N/A;N/A;N/A;N/A;Sí;N/A;N/A;N/A;N/A;N/A;N/A;N/A;N/A;N/A;N/A;N/A;N/A;N/A;N/A;N/A;N/A;N/A;Sí;No;N/A;N/A;N/A;N/A;N/A;N/A;N/A;N/A;N/A;N/A;N/A;N/A;N/A;N/A;N/A;N/A;N/A;N/A;N/A;N/A;N/A;N/A;N/A;N/A;N/A;N/A;N/A;N/A;N/A;N/A;N/A;N/A;N/A;Sí;Sí;N/A;Sí;Sí;N/A;N/A;N/A;N/A;Sí;N/A;N/A;N/A;N/A;Sí;Sí;Sí;N/A;N/A;N/A;Sí;N/A;N/A;Sí;N/A;Sí
Hyundai;HB20;"SEDAN 1.6 MT - AT";2025;"0 km";;"OLIVA AUTOMOTORES";23990;;;;;Malvin;https://auto.mercadolibre.com.uy/MLU-695199600-hyundai-hb20-sedan-16-mt-at-16-2025-0km-_JM;N/A;;"Hyundai Hb20 Sedan 1.6 Mt - At 1.6 2025 0km";USD;Sí;gold_premium;false;N/A;N/A;http://perfil.mercadolibre.com.uy/OLIVA+AUTOMOTORES;active;N/A;N/A;Nuevo;"Gris oscuro";N/A;Eléctrica;Delantera;Sí;Sí;Sí;N/A;N/A;N/A;N/A;N/A;N/A;N/A;N/A;Sí;Sí;N/A;Sí;N/A;N/A;N/A;N/A;N/A;N/A;N/A;N/A;N/A;N/A;N/A;"1600 cc";N/A;6;N/A;N/A;N/A;N/A;N/A;Sí;N/A;N/A;N/A;N/A;N/A;N/A;N/A;N/A;N/A;N/A;N/A;N/A;N/A;N/A;N/A;N/A;N/A;N/A;N/A;N/A;N/A;N/A;N/A;N/A;N/A;N/A;N/A;N/A;N/A;N/A;N/A;N/A;N/A;N/A;N/A;N/A;N/A;N/A;N/A;N/A;N/A;"480 L";N/A;N/A;N/A;N/A;"123 hp";N/A;N/A;N/A;N/A;"14 km/l";N/A;N/A;N/A;Sí;N/A;Sí;Sí;Sí;N/A;N/A;"18 km/l";N/A;N/A;N/A;N/A;N/A;"Lun. a Vie. de 9 a 18.30 hs. Sáb. de 10 a 13 hs.";4;1.6;Nafta;"Automática secuencial";Hatchback;"Autos y camionetas";No;N/A;N/A;N/A;No;N/A;N/A;No;Sí;No;No;N/A;N/A;N/A;N/A;N/A;N/A;N/A;N/A;N/A;N/A;N/A;N/A;N/A;N/A;N/A;N/A;N/A;N/A;N/A;N/A;N/A;N/A;N/A;N/A;N/A;N/A;N/A;N/A;N/A;N/A;N/A;N/A;Sí;N/A;N/A;N/A;N/A;N/A;N/A;N/A;N/A;N/A;N/A;N/A;N/A;N/A;N/A;N/A;N/A;N/A;Sí;No;N/A;N/A;N/A;N/A;N/A;N/A;N/A;N/A;N/A;N/A;N/A;N/A;N/A;N/A;N/A;N/A;N/A;N/A;N/A;N/A;N/A;N/A;N/A;N/A;N/A;N/A;N/A;N/A;N/A;N/A;N/A;N/A;N/A;Sí;Sí;Sí;N/A;N/A;N/A;N/A;N/A;N/A;Sí;N/A;N/A;N/A;N/A;N/A;Sí;Sí;N/A;N/A;N/A;Sí;N/A;N/A;Sí;N/A;Sí
Hyundai;"Kona Hybrid";"1.6 Gdi Limited";2024;"3500 km";;"USADOS FIDOCAR";43890;;;;;Centro;https://auto.mercadolibre.com.uy/MLU-695199288-hyundai-kona-_JM;N/A;;"Hyundai Kona";usd;Sí;gold_premium;false;N/A;N/A;http://perfil.mercadolibre.com.uy/USADOS+FIDOCAR;active;N/A;N/A;Usado;Negro;N/A;N/A;Delantera;N/A;N/A;N/A;N/A;N/A;N/A;N/A;N/A;N/A;N/A;N/A;N/A;N/A;N/A;N/A;N/A;N/A;N/A;N/A;N/A;N/A;N/A;N/A;N/A;N/A;"2660 mm";"1.6 L";"38 L";N/A;N/A;N/A;N/A;N/A;N/A;N/A;N/A;N/A;N/A;N/A;N/A;N/A;N/A;N/A;N/A;N/A;N/A;N/A;N/A;N/A;N/A;N/A;N/A;N/A;N/A;N/A;N/A;N/A;N/A;N/A;N/A;N/A;N/A;N/A;N/A;N/A;N/A;N/A;N/A;N/A;N/A;N/A;N/A;N/A;N/A;"1575 mm";"4355 mm";N/A;N/A;N/A;N/A;5;"105 hp";Limited;N/A;4;"1825 mm";N/A;N/A;N/A;N/A;N/A;N/A;N/A;N/A;N/A;N/A;N/A;N/A;N/A;N/A;N/A;N/A;N/A;"Lunes a Viernes de 9:00 a 18:00 - Sábados y Domingos de 10:00 a 17:00";5;1.6;Híbrido;Automática;SUV;"Autos y camionetas";N/A;N/A;N/A;N/A;N/A;N/A;UY;N/A;N/A;N/A;N/A;N/A;N/A;N/A;N/A;N/A;N/A;N/A;N/A;N/A;N/A;N/A;N/A;N/A;N/A;N/A;N/A;N/A;N/A;N/A;N/A;N/A;N/A;N/A;N/A;N/A;N/A;N/A;N/A;N/A;N/A;N/A;N/A;N/A;N/A;N/A;N/A;N/A;N/A;N/A;N/A;N/A;N/A;N/A;N/A;N/A;N/A;N/A;N/A;N/A;N/A;N/A;N/A;N/A;N/A;N/A;N/A;N/A;N/A;N/A;N/A;N/A;N/A;N/A;N/A;N/A;N/A;N/A;N/A;N/A;N/A;N/A;N/A;N/A;N/A;N/A;N/A;N/A;N/A;N/A;N/A;N/A;N/A;N/A;N/A;N/A;N/A;N/A;N/A;N/A;N/A;N/A;N/A;N/A;N/A;N/A;N/A;N/A;N/A;N/A;N/A;N/A;N/A;N/A;N/A;N/A;N/A;N/A;N/A;N/A;N/A;N/A
Hyundai;H1;"2.4 Grand Starex Furgon 2.4 Full 2abag Abs";2022;"100000 km";;"USADOS FIDOCAR";32490;;;;;Centro;https://auto.mercadolibre.com.uy/MLU-695111692-hyundai-h1-sataria-_JM;N/A;;"Hyundai H1 Sataria";usd;Sí;gold_premium;false;N/A;N/A;http://perfil.mercadolibre.com.uy/USADOS+FIDOCAR;active;N/A;N/A;Usado;Blanco;N/A;N/A;Trasera;N/A;N/A;Sí;N/A;N/A;N/A;N/A;N/A;N/A;N/A;N/A;N/A;N/A;N/A;N/A;N/A;N/A;N/A;N/A;N/A;N/A;N/A;N/A;N/A;N/A;"3201 mm";"2.4 L";"75 L";6;N/A;N/A;N/A;N/A;N/A;N/A;N/A;N/A;N/A;N/A;N/A;N/A;N/A;N/A;N/A;N/A;N/A;N/A;N/A;N/A;N/A;N/A;N/A;N/A;N/A;N/A;N/A;N/A;N/A;N/A;N/A;Sí;N/A;N/A;N/A;N/A;N/A;N/A;N/A;N/A;N/A;Sí;N/A;N/A;N/A;"1925 mm";"5125 mm";N/A;N/A;N/A;N/A;12;"175 hp";N/A;N/A;4;"1920 mm";N/A;N/A;N/A;N/A;N/A;N/A;N/A;N/A;N/A;N/A;Sí;N/A;N/A;N/A;N/A;N/A;N/A;"Lunes a Viernes de 9:00 a 18:00 - Sábados y Domingos de 10:00 a 17:00";4;2.4;Nafta;Manual;N/A;"Autos y camionetas";N/A;N/A;N/A;N/A;N/A;N/A;UY;N/A;N/A;N/A;N/A;N/A;N/A;N/A;N/A;N/A;N/A;N/A;N/A;N/A;N/A;N/A;N/A;N/A;N/A;N/A;N/A;N/A;N/A;N/A;N/A;N/A;N/A;N/A;N/A;N/A;N/A;N/A;N/A;N/A;N/A;N/A;N/A;N/A;N/A;N/A;N/A;N/A;N/A;N/A;N/A;N/A;N/A;N/A;N/A;N/A;N/A;N/A;N/A;N/A;N/A;N/A;N/A;N/A;N/A;N/A;N/A;N/A;N/A;N/A;N/A;N/A;N/A;N/A;N/A;N/A;N/A;N/A;N/A;N/A;N/A;N/A;N/A;N/A;N/A;N/A;N/A;N/A;N/A;N/A;N/A;N/A;N/A;N/A;N/A;N/A;Sí;N/A;Sí;N/A;Sí;Sí;N/A;N/A;N/A;Sí;N/A;N/A;N/A;Sí;N/A;Sí;Sí;N/A;N/A;N/A;N/A;N/A;N/A;N/A;N/A;N/A
Hyundai;Tucson;"1.6 T hibrida";2024;"0 km";;KONIFANSAHERNANDEZ;59990;;;;;"Colonia del Sacramento";https://auto.mercadolibre.com.uy/MLU-676511516-hyundai-tucson-16-t-hibrida-_JM;N/A;;"Hyundai Tucson 1.6 T Hibrida";USD;Sí;gold_premium;false;N/A;N/A;http://perfil.mercadolibre.com.uy/KONIFANSAHERNANDEZ;active;N/A;N/A;Nuevo;Azul;N/A;Asistida;4x2;Sí;N/A;N/A;N/A;N/A;N/A;N/A;N/A;N/A;N/A;N/A;N/A;Sí;N/A;N/A;N/A;N/A;N/A;N/A;N/A;N/A;N/A;N/A;N/A;N/A;N/A;N/A;N/A;N/A;N/A;N/A;N/A;N/A;N/A;N/A;N/A;N/A;N/A;N/A;N/A;N/A;N/A;N/A;N/A;N/A;N/A;N/A;N/A;N/A;N/A;N/A;N/A;N/A;N/A;N/A;N/A;N/A;N/A;N/A;N/A;N/A;N/A;N/A;N/A;N/A;N/A;N/A;N/A;N/A;N/A;N/A;N/A;N/A;N/A;N/A;N/A;N/A;N/A;N/A;N/A;N/A;N/A;N/A;N/A;N/A;N/A;N/A;N/A;N/A;N/A;Sí;N/A;N/A;N/A;N/A;N/A;N/A;N/A;N/A;N/A;N/A;N/A;N/A;"Lunes a Viernes de 8a.m.–12p.m., 2–6p.m";5;1.6;Híbrido;Automática;SUV;"Autos y camionetas";N/A;N/A;N/A;N/A;N/A;N/A;N/A;N/A;N/A;N/A;N/A;N/A;N/A;N/A;N/A;N/A;N/A;N/A;N/A;N/A;N/A;N/A;N/A;N/A;N/A;N/A;N/A;N/A;N/A;N/A;N/A;N/A;N/A;N/A;N/A;N/A;N/A;N/A;N/A;N/A;N/A;N/A;N/A;N/A;N/A;N/A;N/A;N/A;N/A;N/A;N/A;N/A;N/A;N/A;N/A;N/A;N/A;N/A;N/A;N/A;N/A;N/A;N/A;N/A;N/A;N/A;N/A;N/A;N/A;N/A;N/A;N/A;N/A;N/A;N/A;N/A;N/A;N/A;N/A;N/A;N/A;N/A;N/A;N/A;N/A;N/A;N/A;N/A;N/A;N/A;N/A;N/A;N/A;N/A;N/A;N/A;N/A;N/A;N/A;N/A;N/A;N/A;N/A;N/A;N/A;N/A;N/A;N/A;N/A;N/A;N/A;N/A;N/A;N/A;N/A;N/A;Sí;N/A;N/A;N/A;N/A;N/A
Hyundai;Kona;SAFE;2025;"0 km";;HYUNDAIPUNTADELESTE;41990;;;;;Maldonado;https://auto.mercadolibre.com.uy/MLU-672464734-hyundai-kona-safe-hibrid-_JM;N/A;;"Hyundai Kona Safe Hibrid ";USD;Sí;gold_premium;false;N/A;N/A;http://perfil.mercadolibre.com.uy/HYUNDAIPUNTADELESTE;active;N/A;N/A;Nuevo;Gris;N/A;Eléctrica;Integral;Sí;Sí;N/A;N/A;N/A;Sí;N/A;N/A;No;N/A;N/A;Sí;Sí;N/A;No;N/A;N/A;N/A;N/A;N/A;N/A;N/A;N/A;N/A;N/A;N/A;N/A;N/A;N/A;N/A;N/A;N/A;N/A;N/A;Sí;N/A;N/A;N/A;N/A;N/A;N/A;N/A;N/A;N/A;N/A;N/A;N/A;N/A;N/A;N/A;N/A;N/A;N/A;N/A;N/A;N/A;N/A;N/A;No;N/A;N/A;N/A;N/A;N/A;N/A;N/A;N/A;N/A;N/A;N/A;N/A;N/A;N/A;N/A;N/A;N/A;N/A;N/A;N/A;N/A;N/A;N/A;N/A;N/A;N/A;N/A;N/A;Sí;N/A;Sí;Sí;N/A;Sí;Sí;N/A;No;N/A;N/A;Sí;No;N/A;N/A;No;"LUNES A SABADOS 9:30 A 19:30";5;1.6;Híbrido;Automática;SUV;"Autos y camionetas";No;N/A;N/A;N/A;No;N/A;N/A;N/A;Sí;N/A;No;N/A;N/A;N/A;N/A;N/A;N/A;N/A;N/A;N/A;N/A;N/A;N/A;N/A;Sí;N/A;N/A;N/A;N/A;N/A;N/A;N/A;N/A;N/A;N/A;N/A;N/A;N/A;N/A;N/A;N/A;N/A;N/A;Sí;N/A;N/A;N/A;N/A;N/A;N/A;N/A;N/A;N/A;N/A;N/A;N/A;N/A;N/A;N/A;N/A;N/A;Sí;No;N/A;N/A;N/A;N/A;N/A;N/A;N/A;N/A;N/A;N/A;N/A;N/A;N/A;N/A;N/A;N/A;N/A;N/A;N/A;N/A;N/A;N/A;N/A;N/A;N/A;N/A;N/A;N/A;N/A;N/A;N/A;N/A;No;Sí;Sí;Sí;N/A;Sí;N/A;N/A;N/A;N/A;Sí;Sí;Sí;Sí;N/A;N/A;Sí;Sí;Sí;Sí;Sí;Sí;No;No;Sí;N/A;Sí
Hyundai;Ioniq;"EV SAFE Y LIMITED";2025;"0 km";;"OLIVA AUTOMOTORES";54990;;;;;Malvin;https://auto.mercadolibre.com.uy/MLU-637333365-hyundai-ioniq-ev-safe-y-limited-2025-0km-_JM;N/A;;"Hyundai Ioniq Ev Safe Y Limited 2025 0km";USD;Sí;gold_premium;false;N/A;N/A;http://perfil.mercadolibre.com.uy/OLIVA+AUTOMOTORES;active;N/A;N/A;Nuevo;Plateado;N/A;Eléctrica;Trasera;Sí;N/A;N/A;N/A;N/A;N/A;N/A;N/A;N/A;N/A;N/A;Sí;Sí;N/A;N/A;N/A;N/A;N/A;N/A;N/A;N/A;N/A;N/A;N/A;N/A;N/A;N/A;N/A;N/A;N/A;N/A;N/A;N/A;N/A;N/A;N/A;N/A;N/A;N/A;N/A;N/A;N/A;N/A;N/A;N/A;N/A;N/A;N/A;N/A;N/A;N/A;N/A;N/A;N/A;N/A;N/A;N/A;N/A;N/A;N/A;N/A;N/A;N/A;N/A;N/A;N/A;N/A;N/A;N/A;N/A;N/A;N/A;N/A;N/A;N/A;N/A;N/A;N/A;N/A;N/A;N/A;"150 kW";N/A;N/A;N/A;N/A;N/A;N/A;N/A;N/A;N/A;N/A;Sí;Sí;N/A;N/A;N/A;N/A;N/A;N/A;N/A;N/A;N/A;"Lun. a Vie. de 9 a 18.30 hs. Sáb. de 10 a 13 hs.";5;N/A;Eléctrico;Automática;SUV;"Autos y camionetas";No;N/A;N/A;N/A;No;N/A;N/A;No;Sí;No;No;N/A;N/A;N/A;N/A;N/A;N/A;N/A;N/A;N/A;N/A;N/A;N/A;N/A;N/A;N/A;N/A;N/A;N/A;N/A;N/A;N/A;N/A;N/A;N/A;N/A;N/A;N/A;N/A;N/A;N/A;N/A;N/A;Sí;N/A;N/A;N/A;N/A;N/A;N/A;N/A;N/A;N/A;N/A;N/A;N/A;N/A;N/A;N/A;N/A;N/A;Sí;No;N/A;N/A;N/A;N/A;N/A;N/A;N/A;N/A;N/A;N/A;N/A;N/A;N/A;N/A;N/A;N/A;N/A;N/A;N/A;N/A;N/A;N/A;N/A;N/A;N/A;N/A;N/A;N/A;N/A;N/A;N/A;N/A;N/A;Sí;Sí;Sí;N/A;N/A;N/A;N/A;N/A;N/A;N/A;N/A;N/A;N/A;N/A;N/A;Sí;N/A;N/A;N/A;N/A;Sí;N/A;N/A;N/A;N/A;N/A
Hyundai;Creta;"1.0T Limited";2024;"0 km";;"ZUCCHINO MOTORS";35490;;;;;"Tres Cruces";https://auto.mercadolibre.com.uy/MLU-672426568-hyundai-creta-limited-10t-zucchino-motors-_JM;N/A;;"Hyundai Creta Limited 1.0t | Zucchino Motors";usd;Sí;gold_premium;false;N/A;N/A;http://perfil.mercadolibre.com.uy/ZUCCHINO+MOTORS;active;N/A;N/A;Nuevo;Azul;N/A;Eléctrica;Delantera;Sí;Sí;Sí;N/A;N/A;Sí;N/A;N/A;Sí;N/A;N/A;Sí;Sí;N/A;Sí;N/A;N/A;N/A;N/A;N/A;N/A;N/A;N/A;N/A;N/A;"2590 mm";"1.6 L";"58 L";5;N/A;N/A;N/A;N/A;N/A;Sí;N/A;N/A;N/A;N/A;N/A;N/A;N/A;N/A;N/A;N/A;N/A;N/A;N/A;N/A;N/A;N/A;N/A;N/A;N/A;N/A;N/A;N/A;N/A;Sí;N/A;N/A;N/A;Sí;Sí;N/A;N/A;N/A;N/A;N/A;N/A;N/A;N/A;N/A;N/A;"1635 mm";"4440 mm";N/A;N/A;N/A;N/A;5;"163 hp";"Limited Gls";N/A;4;"1898 mm";N/A;Sí;N/A;Sí;Sí;N/A;Sí;Sí;N/A;Sí;N/A;N/A;No;No;N/A;N/A;Sí;"Lunes a Viernes de 8 a 19hs";5;1.0T;Nafta;"Automática secuencial";SUV;"Autos y camionetas";Sí;N/A;N/A;N/A;Sí;N/A;UY;N/A;Sí;N/A;Sí;N/A;N/A;N/A;N/A;N/A;N/A;N/A;N/A;N/A;N/A;N/A;N/A;N/A;Sí;N/A;N/A;N/A;N/A;N/A;N/A;N/A;N/A;N/A;N/A;N/A;N/A;N/A;N/A;N/A;N/A;N/A;N/A;Sí;N/A;N/A;N/A;N/A;N/A;N/A;N/A;N/A;N/A;N/A;N/A;N/A;N/A;N/A;N/A;N/A;N/A;Sí;No;N/A;N/A;N/A;N/A;N/A;N/A;N/A;N/A;N/A;N/A;N/A;N/A;N/A;N/A;N/A;N/A;N/A;N/A;N/A;N/A;N/A;N/A;N/A;N/A;N/A;N/A;N/A;N/A;N/A;N/A;N/A;N/A;No;Sí;Sí;Sí;N/A;Sí;N/A;N/A;N/A;N/A;Sí;Sí;Sí;Sí;N/A;N/A;Sí;Sí;Sí;Sí;No;Sí;No;No;Sí;N/A;Sí
Hyundai;Ioniq;"EV SAFE Y LIMITED";2025;"0 km";;"OLIVA AUTOMOTORES";69990;;;;;Malvin;https://auto.mercadolibre.com.uy/MLU-669445750-hyundai-ioniq-ev-safe-y-limited-2025-0km-_JM;N/A;;"Hyundai Ioniq Ev Safe Y Limited 2025 0km";USD;Sí;gold_premium;false;N/A;N/A;http://perfil.mercadolibre.com.uy/OLIVA+AUTOMOTORES;active;N/A;N/A;Nuevo;"Gris oscuro";N/A;Eléctrica;Trasera;Sí;N/A;N/A;N/A;N/A;N/A;N/A;N/A;Sí;N/A;N/A;Sí;N/A;N/A;Sí;N/A;N/A;N/A;N/A;N/A;N/A;N/A;N/A;N/A;N/A;N/A;N/A;N/A;N/A;N/A;N/A;N/A;N/A;N/A;N/A;N/A;N/A;N/A;N/A;N/A;N/A;N/A;N/A;N/A;N/A;N/A;N/A;N/A;N/A;N/A;N/A;N/A;N/A;N/A;N/A;N/A;N/A;N/A;N/A;N/A;N/A;N/A;N/A;N/A;N/A;N/A;N/A;N/A;N/A;N/A;N/A;N/A;N/A;N/A;N/A;N/A;N/A;N/A;N/A;N/A;N/A;"150 kW";N/A;N/A;N/A;N/A;N/A;N/A;N/A;Sí;Sí;N/A;Sí;Sí;N/A;Sí;N/A;N/A;Sí;N/A;N/A;N/A;N/A;"Lun. a Vie. de 9 a 18.30 hs. Sáb. de 10 a 13 hs.";5;N/A;Eléctrico;Automática;SUV;"Autos y camionetas";No;N/A;N/A;N/A;No;N/A;N/A;No;Sí;No;No;N/A;N/A;N/A;N/A;N/A;N/A;N/A;N/A;N/A;N/A;N/A;N/A;N/A;N/A;N/A;N/A;N/A;N/A;N/A;N/A;N/A;N/A;N/A;N/A;N/A;N/A;N/A;N/A;N/A;N/A;N/A;N/A;Sí;N/A;N/A;N/A;N/A;N/A;N/A;N/A;N/A;N/A;N/A;N/A;N/A;N/A;N/A;N/A;N/A;N/A;Sí;No;N/A;N/A;N/A;N/A;N/A;N/A;N/A;N/A;N/A;N/A;N/A;N/A;N/A;N/A;N/A;N/A;N/A;N/A;N/A;N/A;N/A;N/A;N/A;N/A;N/A;N/A;N/A;N/A;N/A;N/A;N/A;N/A;N/A;Sí;Sí;Sí;N/A;Sí;N/A;N/A;N/A;N/A;N/A;Sí;N/A;N/A;N/A;N/A;N/A;N/A;N/A;N/A;N/A;Sí;N/A;N/A;N/A;N/A;N/A
Hyundai;"Nueva Hyundai Kona";"Limited - HEV";2024;"0 km";;"HYUNDAI RUTA";46990;;;;;Centro;https://auto.mercadolibre.com.uy/MLU-668662118-nueva-hyundai-kona-hibrida-limited-2024-_JM;N/A;;"Nueva Hyundai Kona Hibrida Limited 2024";USD;Sí;gold_premium;false;N/A;N/A;http://perfil.mercadolibre.com.uy/HYUNDAI+RUTA;active;N/A;N/A;Nuevo;Gris;N/A;Eléctrica;Delantera;Sí;Sí;N/A;N/A;N/A;Sí;N/A;N/A;Sí;N/A;N/A;Sí;Sí;N/A;Sí;N/A;N/A;N/A;N/A;N/A;N/A;N/A;N/A;N/A;N/A;N/A;N/A;N/A;N/A;N/A;N/A;N/A;N/A;N/A;Sí;N/A;N/A;N/A;N/A;N/A;N/A;N/A;N/A;N/A;N/A;N/A;N/A;N/A;N/A;N/A;N/A;N/A;N/A;N/A;N/A;N/A;N/A;N/A;N/A;N/A;N/A;N/A;N/A;N/A;N/A;N/A;N/A;N/A;N/A;N/A;N/A;N/A;N/A;N/A;N/A;N/A;N/A;N/A;N/A;N/A;N/A;N/A;N/A;N/A;N/A;N/A;N/A;N/A;N/A;Sí;Sí;N/A;Sí;Sí;N/A;Sí;N/A;N/A;N/A;N/A;N/A;N/A;Sí;"Lunes a Viernes de 9:00 a 18:00 - Sábados y Domingos de 10:00 a 17:00";5;"1.6 GDi + 32kW";Híbrido;Automática;Crossover;"Autos y camionetas";N/A;N/A;N/A;N/A;Sí;N/A;N/A;N/A;Sí;N/A;Sí;N/A;N/A;N/A;N/A;N/A;N/A;N/A;N/A;N/A;N/A;N/A;N/A;N/A;Sí;N/A;N/A;N/A;N/A;N/A;N/A;N/A;N/A;N/A;N/A;N/A;N/A;N/A;N/A;N/A;N/A;N/A;N/A;Sí;N/A;N/A;N/A;N/A;N/A;N/A;N/A;N/A;N/A;N/A;N/A;N/A;N/A;N/A;N/A;N/A;N/A;Sí;N/A;N/A;N/A;N/A;N/A;N/A;N/A;N/A;N/A;N/A;N/A;N/A;N/A;N/A;N/A;N/A;N/A;N/A;N/A;N/A;N/A;N/A;N/A;N/A;N/A;N/A;N/A;N/A;N/A;N/A;N/A;N/A;N/A;N/A;Sí;N/A;Sí;N/A;Sí;N/A;N/A;N/A;N/A;Sí;Sí;Sí;Sí;N/A;N/A;Sí;Sí;Sí;N/A;N/A;Sí;N/A;N/A;N/A;N/A;Sí
Hyundai;Creta;"1.0 Turbo Limited";2023;"0 km";;"HYUNDAI RUTA";35490;;;;;Centro;https://auto.mercadolibre.com.uy/MLU-645272145-new-creta-limited-10t-automatica-2024-_JM;N/A;;"New Creta Limited 1.0t Automatica 2024";usd;Sí;gold_premium;false;N/A;N/A;http://perfil.mercadolibre.com.uy/HYUNDAI+RUTA;active;N/A;N/A;Nuevo;Azul;N/A;Eléctrica;Delantera;Sí;Sí;N/A;N/A;N/A;N/A;N/A;N/A;Sí;N/A;N/A;N/A;Sí;N/A;N/A;N/A;N/A;N/A;N/A;N/A;N/A;N/A;N/A;N/A;N/A;"2610 mm";"1 L";"50 L";6;N/A;N/A;N/A;N/A;N/A;Sí;N/A;N/A;N/A;N/A;N/A;N/A;N/A;N/A;N/A;N/A;N/A;N/A;N/A;N/A;N/A;N/A;N/A;N/A;N/A;N/A;N/A;N/A;N/A;N/A;N/A;N/A;N/A;N/A;N/A;N/A;N/A;N/A;N/A;N/A;N/A;N/A;N/A;N/A;N/A;"1635 mm";"4290 mm";N/A;N/A;N/A;N/A;5;"120 hp";Limited;N/A;4;"1790 mm";N/A;N/A;N/A;Sí;Sí;N/A;N/A;Sí;N/A;Sí;N/A;N/A;N/A;N/A;N/A;N/A;Sí;"Lunes a Viernes de 9:00 a 18:00 - Sábados y Domingos de 10:00 a 17:00";5;"1.0 Turbo";Nafta;Automática;SUV;"Autos y camionetas";N/A;N/A;N/A;N/A;N/A;N/A;UY;N/A;Sí;N/A;N/A;N/A;N/A;N/A;N/A;N/A;N/A;N/A;N/A;N/A;N/A;N/A;N/A;N/A;Sí;N/A;N/A;N/A;N/A;N/A;N/A;N/A;N/A;N/A;N/A;N/A;N/A;N/A;N/A;N/A;N/A;N/A;N/A;Sí;N/A;N/A;N/A;N/A;N/A;N/A;N/A;N/A;N/A;N/A;N/A;N/A;N/A;N/A;N/A;N/A;N/A;Sí;N/A;N/A;N/A;N/A;N/A;N/A;N/A;N/A;N/A;N/A;N/A;N/A;N/A;N/A;N/A;N/A;N/A;N/A;N/A;N/A;N/A;N/A;N/A;N/A;N/A;N/A;N/A;N/A;N/A;N/A;N/A;N/A;N/A;N/A;N/A;N/A;Sí;N/A;N/A;N/A;N/A;N/A;N/A;N/A;N/A;Sí;Sí;N/A;N/A;Sí;Sí;Sí;Sí;N/A;Sí;N/A;N/A;Sí;N/A;Sí
Hyundai;HB20;"1.0 Premium Mt";2023;"0 km";;"HYUNDAI RUTA";19990;;;;;Centro;https://auto.mercadolibre.com.uy/MLU-694014534-nuevo-hb20-10-premium-2024-_JM;N/A;;"Nuevo Hb20 1.0 Premium 2024 ";usd;Sí;gold_premium;false;N/A;N/A;http://perfil.mercadolibre.com.uy/HYUNDAI+RUTA;active;N/A;N/A;Nuevo;Blanco;N/A;Hidráulica;Delantera;Sí;N/A;Sí;N/A;N/A;N/A;N/A;N/A;N/A;N/A;N/A;N/A;N/A;N/A;N/A;N/A;N/A;N/A;N/A;N/A;N/A;N/A;N/A;N/A;N/A;"2500 mm";"1 L";"50 L";6;N/A;N/A;N/A;N/A;N/A;N/A;N/A;N/A;N/A;N/A;N/A;N/A;N/A;N/A;N/A;N/A;N/A;N/A;N/A;N/A;N/A;N/A;N/A;N/A;N/A;N/A;N/A;N/A;N/A;N/A;N/A;N/A;N/A;Sí;Sí;N/A;N/A;N/A;N/A;N/A;N/A;N/A;N/A;N/A;N/A;"1470 mm";"3920 mm";N/A;N/A;N/A;N/A;5;"80 hp";N/A;N/A;4;"1680 mm";N/A;N/A;N/A;N/A;Sí;N/A;N/A;Sí;Sí;N/A;N/A;"13.8 km/l";N/A;N/A;N/A;N/A;N/A;"Lunes a Viernes de 9:00 a 18:00 - Sábados y Domingos de 10:00 a 17:00";5;1.0;Nafta;Manual;Hatchback;"Autos y camionetas";N/A;N/A;N/A;N/A;N/A;N/A;UY;N/A;N/A;N/A;N/A;N/A;N/A;N/A;N/A;N/A;N/A;N/A;N/A;N/A;N/A;N/A;N/A;N/A;N/A;N/A;N/A;N/A;N/A;N/A;N/A;N/A;N/A;N/A;N/A;N/A;N/A;N/A;N/A;N/A;N/A;N/A;N/A;N/A;N/A;N/A;N/A;N/A;N/A;N/A;N/A;N/A;N/A;N/A;N/A;N/A;N/A;N/A;N/A;N/A;N/A;N/A;N/A;N/A;N/A;N/A;N/A;N/A;N/A;N/A;N/A;N/A;N/A;N/A;N/A;N/A;N/A;N/A;N/A;N/A;N/A;N/A;N/A;N/A;N/A;N/A;N/A;N/A;N/A;N/A;N/A;N/A;N/A;N/A;N/A;N/A;N/A;N/A;N/A;N/A;N/A;N/A;N/A;N/A;N/A;N/A;N/A;N/A;N/A;N/A;N/A;N/A;Sí;N/A;N/A;N/A;Sí;N/A;N/A;Sí;N/A;Sí
Hyundai;HB20;"1.6 Premium 5p";2023;"0 km";;"HYUNDAI RUTA";22990;;;;;Centro;https://auto.mercadolibre.com.uy/MLU-694053650-hb20-hatch-16-premium-2023-_JM;N/A;;"Hb20 Hatch 1.6 Premium 2023";usd;Sí;gold_premium;false;N/A;N/A;http://perfil.mercadolibre.com.uy/HYUNDAI+RUTA;active;N/A;N/A;Nuevo;Rojo;N/A;Hidráulica;Delantera;Sí;N/A;Sí;N/A;N/A;N/A;N/A;N/A;N/A;N/A;N/A;N/A;N/A;N/A;N/A;N/A;N/A;N/A;N/A;N/A;N/A;N/A;N/A;N/A;N/A;"2500 mm";"1.6 L";"50 L";6;N/A;N/A;N/A;N/A;N/A;N/A;N/A;N/A;N/A;N/A;N/A;N/A;N/A;N/A;N/A;N/A;N/A;N/A;N/A;N/A;N/A;N/A;N/A;N/A;N/A;N/A;N/A;N/A;N/A;N/A;N/A;N/A;N/A;Sí;Sí;N/A;N/A;N/A;N/A;N/A;N/A;N/A;N/A;N/A;N/A;"1470 mm";"3920 mm";N/A;N/A;N/A;N/A;5;"123 hp";Premium;N/A;4;"1680 mm";N/A;N/A;N/A;N/A;Sí;N/A;N/A;Sí;Sí;N/A;N/A;"13.8 km/l";N/A;N/A;N/A;N/A;N/A;"Lunes a Viernes de 9:00 a 18:00 - Sábados y Domingos de 10:00 a 17:00";5;1.6;Nafta;Manual;Hatchback;"Autos y camionetas";N/A;N/A;N/A;N/A;N/A;N/A;UY;N/A;N/A;N/A;N/A;N/A;N/A;N/A;N/A;N/A;N/A;N/A;N/A;N/A;N/A;N/A;N/A;N/A;N/A;N/A;N/A;N/A;N/A;N/A;N/A;N/A;N/A;N/A;N/A;N/A;N/A;N/A;N/A;N/A;N/A;N/A;N/A;N/A;N/A;N/A;N/A;N/A;N/A;N/A;N/A;N/A;N/A;N/A;N/A;N/A;N/A;N/A;N/A;N/A;N/A;N/A;N/A;N/A;N/A;N/A;N/A;N/A;N/A;N/A;N/A;N/A;N/A;N/A;N/A;N/A;N/A;N/A;N/A;N/A;N/A;N/A;N/A;N/A;N/A;N/A;N/A;N/A;N/A;N/A;N/A;N/A;N/A;N/A;N/A;N/A;N/A;N/A;N/A;N/A;N/A;N/A;N/A;N/A;N/A;N/A;N/A;N/A;N/A;N/A;N/A;N/A;Sí;N/A;N/A;N/A;Sí;N/A;N/A;Sí;N/A;Sí
Hyundai;HB20;"1.0 Comfort Mt";2023;"1 km";;"HYUNDAI RUTA";16990;;;;;Centro;https://auto.mercadolibre.com.uy/MLU-694027656-hyundai-hb20-2023-_JM;N/A;;"Hyundai Hb20 2023";usd;Sí;gold_premium;false;N/A;N/A;http://perfil.mercadolibre.com.uy/HYUNDAI+RUTA;active;N/A;N/A;Usado;Dorado;N/A;Hidráulica;Delantera;Sí;N/A;Sí;N/A;N/A;N/A;N/A;N/A;N/A;N/A;N/A;N/A;N/A;N/A;N/A;N/A;N/A;N/A;N/A;N/A;N/A;N/A;N/A;N/A;N/A;"2500 mm";"1 L";"50 L";6;N/A;N/A;N/A;N/A;N/A;N/A;N/A;N/A;N/A;N/A;N/A;N/A;N/A;N/A;N/A;N/A;N/A;N/A;N/A;N/A;N/A;N/A;N/A;N/A;N/A;N/A;N/A;N/A;N/A;N/A;N/A;N/A;N/A;Sí;Sí;N/A;N/A;N/A;N/A;N/A;N/A;N/A;N/A;N/A;N/A;"1470 mm";"3920 mm";N/A;N/A;N/A;N/A;5;"101 hp";N/A;N/A;4;"1680 mm";N/A;N/A;N/A;N/A;Sí;N/A;N/A;Sí;Sí;N/A;N/A;"13.8 km/l";N/A;N/A;N/A;N/A;N/A;"Lunes a Viernes de 9:00 a 18:00 - Sábados y Domingos de 10:00 a 17:00";5;1.0;Nafta;Manual;Hatchback;"Autos y camionetas";N/A;N/A;N/A;N/A;N/A;N/A;UY;N/A;N/A;N/A;N/A;N/A;N/A;N/A;N/A;N/A;N/A;N/A;N/A;N/A;N/A;N/A;N/A;N/A;N/A;N/A;N/A;N/A;N/A;N/A;N/A;N/A;N/A;N/A;N/A;N/A;N/A;N/A;N/A;N/A;N/A;N/A;N/A;N/A;N/A;N/A;N/A;N/A;N/A;N/A;N/A;N/A;N/A;N/A;N/A;N/A;N/A;N/A;N/A;N/A;N/A;N/A;N/A;N/A;N/A;N/A;N/A;N/A;N/A;N/A;N/A;N/A;N/A;N/A;N/A;N/A;N/A;N/A;N/A;N/A;N/A;N/A;N/A;N/A;N/A;N/A;N/A;N/A;N/A;N/A;N/A;N/A;N/A;N/A;N/A;N/A;N/A;N/A;N/A;N/A;N/A;N/A;N/A;N/A;N/A;N/A;N/A;N/A;N/A;N/A;N/A;N/A;Sí;N/A;N/A;N/A;Sí;N/A;N/A;Sí;N/A;Sí
Hyundai;HB20;"SEDAN 1.6 MT - AT";2025;"0 km";;"OLIVA AUTOMOTORES";25990;;;;;Malvin;https://auto.mercadolibre.com.uy/MLU-695290048-hyundai-hb20-sedan-16-mt-at-16-2025-0km-_JM;N/A;;"Hyundai Hb20 Sedan 1.6 Mt - At 1.6 2025 0km";usd;Sí;gold_premium;false;N/A;N/A;http://perfil.mercadolibre.com.uy/OLIVA+AUTOMOTORES;active;N/A;N/A;Nuevo;Plateado;N/A;Eléctrica;Delantera;Sí;N/A;Sí;N/A;N/A;N/A;N/A;N/A;N/A;N/A;N/A;N/A;Sí;N/A;N/A;N/A;N/A;N/A;N/A;N/A;N/A;N/A;N/A;N/A;N/A;N/A;"1600 cc";N/A;6;N/A;N/A;N/A;N/A;N/A;N/A;N/A;N/A;N/A;N/A;N/A;N/A;N/A;N/A;N/A;N/A;N/A;N/A;N/A;N/A;N/A;N/A;N/A;N/A;N/A;N/A;N/A;N/A;N/A;Sí;N/A;N/A;N/A;N/A;N/A;N/A;N/A;N/A;N/A;N/A;N/A;N/A;N/A;N/A;N/A;N/A;N/A;"480 L";N/A;N/A;N/A;N/A;"123 hp";N/A;N/A;N/A;N/A;"20 km/l";N/A;N/A;N/A;Sí;N/A;N/A;Sí;Sí;N/A;N/A;"18 km/l";N/A;N/A;N/A;N/A;N/A;"Lun. a Vie. de 9 a 18.30 hs. Sáb. de 10 a 13 hs.";4;1.6;Nafta;"Automática secuencial";Sedán;"Autos y camionetas";No;N/A;N/A;N/A;No;N/A;UY;No;Sí;No;No;N/A;N/A;N/A;N/A;N/A;N/A;N/A;N/A;N/A;N/A;N/A;N/A;N/A;N/A;N/A;N/A;N/A;N/A;N/A;N/A;N/A;N/A;N/A;N/A;N/A;N/A;N/A;N/A;N/A;N/A;N/A;N/A;Sí;N/A;N/A;N/A;N/A;N/A;N/A;N/A;N/A;N/A;N/A;N/A;N/A;N/A;N/A;N/A;N/A;N/A;Sí;No;N/A;N/A;N/A;N/A;N/A;N/A;N/A;N/A;N/A;N/A;N/A;N/A;N/A;N/A;N/A;N/A;N/A;N/A;N/A;N/A;N/A;N/A;N/A;N/A;N/A;N/A;N/A;N/A;N/A;N/A;N/A;N/A;N/A;Sí;Sí;N/A;N/A;N/A;N/A;N/A;N/A;N/A;Sí;N/A;N/A;N/A;N/A;N/A;Sí;Sí;N/A;N/A;N/A;Sí;N/A;N/A;Sí;N/A;Sí
Hyundai;HB20;"HATCH 1.0 COMFORT BLACK EDITION";2025;"0 km";;"OLIVA AUTOMOTORES";18490;;;;;Malvin;https://auto.mercadolibre.com.uy/MLU-695277540-hyundai-hb20-hatch-10-comfort-black-edition-10-2025-0km-_JM;N/A;;"Hyundai Hb20 Hatch 1.0 Comfort Black Edition 1.0 2025 0km";USD;Sí;gold_premium;false;N/A;N/A;http://perfil.mercadolibre.com.uy/OLIVA+AUTOMOTORES;active;N/A;N/A;Nuevo;Plateado;N/A;Eléctrica;Delantera;N/A;N/A;N/A;N/A;N/A;N/A;N/A;N/A;N/A;N/A;N/A;N/A;N/A;N/A;N/A;N/A;N/A;N/A;N/A;N/A;N/A;N/A;N/A;N/A;N/A;N/A;"1000 cc";N/A;5;N/A;N/A;N/A;N/A;N/A;N/A;N/A;N/A;N/A;N/A;N/A;N/A;N/A;N/A;N/A;N/A;N/A;N/A;N/A;N/A;N/A;N/A;N/A;N/A;N/A;N/A;N/A;N/A;N/A;N/A;N/A;N/A;N/A;N/A;N/A;N/A;N/A;N/A;N/A;N/A;N/A;N/A;N/A;N/A;N/A;N/A;N/A;"300 L";N/A;N/A;N/A;N/A;"80 hp";Comfort;N/A;N/A;N/A;"20 km/l";N/A;N/A;N/A;N/A;N/A;N/A;N/A;N/A;N/A;N/A;"16 km/l";N/A;N/A;N/A;N/A;N/A;"Lun. a Vie. de 9 a 18.30 hs. Sáb. de 10 a 13 hs.";5;1.0;Nafta;Manual;Hatchback;"Autos y camionetas";No;N/A;N/A;N/A;No;N/A;N/A;No;Sí;No;No;N/A;N/A;N/A;N/A;N/A;N/A;N/A;N/A;N/A;N/A;N/A;N/A;N/A;N/A;N/A;N/A;N/A;N/A;N/A;N/A;N/A;N/A;N/A;N/A;N/A;N/A;N/A;N/A;N/A;N/A;N/A;N/A;Sí;N/A;N/A;N/A;N/A;N/A;N/A;N/A;N/A;N/A;N/A;N/A;N/A;N/A;N/A;N/A;N/A;N/A;Sí;No;N/A;N/A;N/A;N/A;N/A;N/A;N/A;N/A;N/A;N/A;N/A;N/A;N/A;N/A;N/A;N/A;N/A;N/A;N/A;N/A;N/A;N/A;N/A;N/A;N/A;N/A;N/A;N/A;N/A;N/A;N/A;N/A;N/A;N/A;N/A;N/A;N/A;N/A;N/A;N/A;N/A;N/A;N/A;N/A;N/A;N/A;N/A;N/A;N/A;N/A;N/A;N/A;N/A;N/A;N/A;N/A;N/A;N/A;N/A
Hyundai;"Kona Electric";"0.0 Limited Standard Range";2024;"0 km";;"HYUNDAI RUTA";49990;;;;;Centro;https://auto.mercadolibre.com.uy/MLU-640932733-nueva-kona-electrica-ev-_JM;N/A;;"Nueva Kona Electrica - Ev";usd;Sí;gold_premium;false;N/A;N/A;http://perfil.mercadolibre.com.uy/HYUNDAI+RUTA;active;N/A;N/A;Nuevo;Blanco;N/A;N/A;Delantera;N/A;N/A;N/A;N/A;N/A;N/A;N/A;N/A;N/A;N/A;N/A;N/A;N/A;N/A;N/A;N/A;N/A;N/A;N/A;N/A;N/A;N/A;N/A;N/A;N/A;"2660 mm";"0 L";N/A;1;N/A;N/A;N/A;N/A;N/A;N/A;N/A;N/A;N/A;N/A;N/A;N/A;N/A;N/A;N/A;N/A;N/A;N/A;N/A;N/A;N/A;N/A;N/A;N/A;N/A;N/A;N/A;N/A;N/A;N/A;N/A;N/A;N/A;N/A;N/A;N/A;N/A;N/A;N/A;N/A;N/A;N/A;N/A;N/A;N/A;"1575 mm";"4355 mm";N/A;N/A;N/A;N/A;5;"133 hp";Limited;N/A;N/A;"1825 mm";N/A;N/A;N/A;N/A;N/A;N/A;N/A;N/A;N/A;N/A;N/A;N/A;N/A;N/A;N/A;N/A;N/A;"Lunes a Viernes de 9:00 a 18:00 - Sábados y Domingos de 10:00 a 17:00";5;0.0;Eléctrico;Automática;SUV;"Autos y camionetas";N/A;N/A;N/A;N/A;N/A;N/A;UY;N/A;N/A;N/A;N/A;N/A;N/A;N/A;N/A;N/A;N/A;N/A;N/A;N/A;N/A;N/A;N/A;N/A;N/A;N/A;N/A;N/A;N/A;N/A;N/A;N/A;N/A;N/A;N/A;N/A;N/A;N/A;N/A;N/A;N/A;N/A;N/A;N/A;N/A;N/A;N/A;N/A;N/A;N/A;N/A;N/A;N/A;N/A;N/A;N/A;N/A;N/A;N/A;N/A;N/A;N/A;N/A;N/A;N/A;N/A;N/A;N/A;N/A;N/A;N/A;N/A;N/A;N/A;N/A;N/A;N/A;N/A;N/A;N/A;N/A;N/A;N/A;N/A;N/A;N/A;N/A;N/A;N/A;N/A;N/A;N/A;N/A;N/A;N/A;N/A;N/A;N/A;N/A;N/A;N/A;N/A;N/A;N/A;N/A;N/A;N/A;N/A;N/A;N/A;N/A;N/A;N/A;N/A;N/A;N/A;N/A;N/A;N/A;N/A;N/A;N/A
Hyundai;Creta;"1.0T Safe AT";2024;"0 km";;"ZUCCHINO MOTORS";30990;;;;;"Tres Cruces";https://auto.mercadolibre.com.uy/MLU-672387578-hyundai-creta-safe-at-10t-zucchino-motors-_JM;N/A;;"Hyundai Creta Safe At 1.0t | Zucchino Motors";USD;Sí;gold_premium;false;N/A;N/A;http://perfil.mercadolibre.com.uy/ZUCCHINO+MOTORS;active;N/A;N/A;Nuevo;Azul;N/A;Eléctrica;Delantera;Sí;Sí;N/A;N/A;N/A;Sí;N/A;N/A;No;N/A;N/A;Sí;Sí;N/A;Sí;N/A;N/A;N/A;N/A;N/A;N/A;N/A;N/A;N/A;N/A;N/A;N/A;N/A;N/A;N/A;N/A;N/A;N/A;N/A;Sí;N/A;N/A;N/A;N/A;N/A;N/A;N/A;N/A;N/A;N/A;N/A;N/A;N/A;N/A;N/A;N/A;N/A;N/A;N/A;N/A;N/A;N/A;N/A;Sí;N/A;N/A;N/A;N/A;N/A;N/A;N/A;N/A;N/A;N/A;N/A;N/A;N/A;N/A;N/A;N/A;N/A;N/A;N/A;N/A;N/A;N/A;N/A;N/A;N/A;N/A;N/A;N/A;Sí;N/A;Sí;Sí;N/A;Sí;Sí;N/A;No;N/A;N/A;No;No;N/A;N/A;Sí;"Lunes a Viernes de 8 a 19hs";5;1.0T;Nafta;"Automática secuencial";SUV;"Autos y camionetas";Sí;N/A;N/A;N/A;Sí;N/A;N/A;N/A;Sí;N/A;Sí;N/A;N/A;N/A;N/A;N/A;N/A;N/A;N/A;N/A;N/A;N/A;N/A;N/A;Sí;N/A;N/A;N/A;N/A;N/A;N/A;N/A;N/A;N/A;N/A;N/A;N/A;N/A;N/A;N/A;N/A;N/A;N/A;Sí;N/A;N/A;N/A;N/A;N/A;N/A;N/A;N/A;N/A;N/A;N/A;N/A;N/A;N/A;N/A;N/A;N/A;Sí;No;N/A;N/A;N/A;N/A;N/A;N/A;N/A;N/A;N/A;N/A;N/A;N/A;N/A;N/A;N/A;N/A;N/A;N/A;N/A;N/A;N/A;N/A;N/A;N/A;N/A;N/A;N/A;N/A;N/A;N/A;N/A;N/A;No;Sí;Sí;Sí;N/A;Sí;N/A;N/A;N/A;N/A;Sí;No;Sí;Sí;N/A;N/A;Sí;Sí;Sí;Sí;No;Sí;No;No;Sí;N/A;Sí
Hyundai;"Kona Híbrida";Limited;2024;"0 km";;"ZUCCHINO MOTORS";46990;;;;;"Tres Cruces";https://auto.mercadolibre.com.uy/MLU-672296600-hyundai-kona-limited-hibrida-zucchino-motors-_JM;N/A;;"Hyundai Kona Limited Híbrida | Zucchino Motors";USD;Sí;gold_premium;false;N/A;N/A;http://perfil.mercadolibre.com.uy/ZUCCHINO+MOTORS;active;N/A;N/A;Nuevo;Gris;N/A;Eléctrica;Delantera;Sí;Sí;N/A;N/A;N/A;Sí;N/A;N/A;Sí;N/A;N/A;Sí;Sí;N/A;Sí;N/A;N/A;N/A;N/A;N/A;N/A;N/A;N/A;N/A;N/A;N/A;N/A;N/A;N/A;N/A;N/A;N/A;N/A;N/A;Sí;N/A;N/A;N/A;N/A;N/A;N/A;N/A;N/A;N/A;N/A;N/A;N/A;N/A;N/A;N/A;N/A;N/A;N/A;N/A;N/A;N/A;N/A;N/A;Sí;N/A;N/A;N/A;N/A;N/A;N/A;N/A;N/A;N/A;N/A;N/A;N/A;N/A;N/A;N/A;N/A;N/A;N/A;N/A;N/A;N/A;N/A;N/A;N/A;N/A;N/A;N/A;N/A;Sí;N/A;Sí;Sí;N/A;Sí;Sí;N/A;Sí;N/A;N/A;No;No;N/A;N/A;Sí;"Lunes a Viernes de 8 a 19hs";5;1.6;Híbrido;"Automática secuencial";SUV;"Autos y camionetas";Sí;N/A;N/A;N/A;Sí;N/A;N/A;N/A;Sí;N/A;Sí;N/A;N/A;N/A;N/A;N/A;N/A;N/A;N/A;N/A;N/A;N/A;N/A;N/A;Sí;N/A;N/A;N/A;N/A;N/A;N/A;N/A;N/A;N/A;N/A;N/A;N/A;N/A;N/A;N/A;N/A;N/A;N/A;Sí;N/A;N/A;N/A;N/A;N/A;N/A;N/A;N/A;N/A;N/A;N/A;N/A;N/A;N/A;N/A;N/A;N/A;Sí;No;N/A;N/A;N/A;N/A;N/A;N/A;N/A;N/A;N/A;N/A;N/A;N/A;N/A;N/A;N/A;N/A;N/A;N/A;N/A;N/A;N/A;N/A;N/A;N/A;N/A;N/A;N/A;N/A;N/A;N/A;N/A;N/A;No;Sí;Sí;Sí;N/A;Sí;N/A;N/A;N/A;N/A;Sí;Sí;Sí;Sí;N/A;N/A;Sí;Sí;Sí;Sí;No;Sí;No;No;Sí;N/A;Sí
Hyundai;HB20S;"1.6 Premium 4p";2024;"0 km";;"ZUCCHINO MOTORS";23990;;;;;"Tres Cruces";https://auto.mercadolibre.com.uy/MLU-637166739-hyundai-hb20s-16-premium-mt-zucchino-motors-_JM;N/A;;"Hyundai Hb20s 1.6 Premium Mt | Zucchino Motors";usd;Sí;gold_premium;false;N/A;N/A;http://perfil.mercadolibre.com.uy/ZUCCHINO+MOTORS;active;N/A;N/A;Nuevo;Gris;N/A;Hidráulica;Delantera;Sí;N/A;Sí;N/A;N/A;N/A;N/A;N/A;N/A;N/A;N/A;N/A;N/A;N/A;N/A;N/A;N/A;N/A;N/A;N/A;N/A;N/A;N/A;N/A;N/A;"2500 mm";"1.6 L";"50 L";6;N/A;N/A;N/A;N/A;N/A;N/A;N/A;N/A;N/A;N/A;N/A;N/A;N/A;N/A;N/A;N/A;N/A;N/A;N/A;N/A;N/A;N/A;N/A;N/A;N/A;N/A;N/A;N/A;N/A;N/A;N/A;N/A;N/A;Sí;Sí;N/A;N/A;N/A;N/A;N/A;N/A;N/A;N/A;N/A;N/A;"1470 mm";"4230 mm";N/A;N/A;N/A;N/A;5;"123 hp";Premium;N/A;4;"1680 mm";N/A;N/A;N/A;N/A;Sí;N/A;N/A;Sí;Sí;N/A;N/A;"14 km/l";N/A;N/A;N/A;N/A;N/A;"Lunes a Viernes de 8 a 19hs";4;1.6;Nafta;Manual;Sedán;"Autos y camionetas";N/A;N/A;N/A;N/A;N/A;N/A;UY;N/A;N/A;N/A;N/A;N/A;N/A;N/A;N/A;N/A;N/A;N/A;N/A;N/A;N/A;N/A;N/A;N/A;N/A;N/A;N/A;N/A;N/A;N/A;N/A;N/A;N/A;N/A;N/A;N/A;N/A;N/A;N/A;N/A;N/A;N/A;N/A;N/A;N/A;N/A;N/A;N/A;N/A;N/A;N/A;N/A;N/A;N/A;N/A;N/A;N/A;N/A;N/A;N/A;N/A;N/A;N/A;N/A;N/A;N/A;N/A;N/A;N/A;N/A;N/A;N/A;N/A;N/A;N/A;N/A;N/A;N/A;N/A;N/A;N/A;N/A;N/A;N/A;N/A;N/A;N/A;N/A;N/A;N/A;N/A;N/A;N/A;N/A;N/A;N/A;N/A;N/A;N/A;N/A;N/A;N/A;N/A;N/A;N/A;N/A;N/A;N/A;N/A;N/A;N/A;N/A;Sí;N/A;N/A;N/A;Sí;N/A;N/A;Sí;N/A;Sí
Hyundai;HB20S;"1.0 Premium Mt";2024;"0 km";;"ZUCCHINO MOTORS";20990;;;;;"Tres Cruces";https://auto.mercadolibre.com.uy/MLU-637204709-hyundai-hb20s-10-premium-zucchino-motors-_JM;N/A;;"Hyundai Hb20s 1.0 Premium | Zucchino Motors";usd;Sí;gold_premium;false;N/A;N/A;http://perfil.mercadolibre.com.uy/ZUCCHINO+MOTORS;active;N/A;N/A;Nuevo;Gris;N/A;Hidráulica;Delantera;Sí;Sí;N/A;N/A;N/A;Sí;N/A;N/A;No;N/A;N/A;Sí;Sí;N/A;Sí;N/A;N/A;N/A;N/A;N/A;N/A;N/A;N/A;N/A;N/A;"2500 mm";"1 L";"50 L";5;N/A;N/A;N/A;N/A;N/A;Sí;N/A;N/A;N/A;N/A;N/A;N/A;N/A;N/A;N/A;N/A;N/A;N/A;N/A;N/A;N/A;N/A;N/A;N/A;N/A;N/A;N/A;N/A;N/A;No;N/A;N/A;N/A;Sí;Sí;N/A;N/A;N/A;N/A;N/A;N/A;N/A;N/A;N/A;N/A;"1500 mm";"4200 mm";N/A;N/A;N/A;N/A;5;"80 hp";Comfort;N/A;4;"1680 mm";N/A;No;N/A;No;Sí;N/A;Sí;Sí;Sí;No;N/A;"12.8 km/l";No;No;N/A;N/A;No;"Lunes a Viernes de 8 a 19hs";4;1.0;Nafta;Manual;Sedán;"Autos y camionetas";Sí;N/A;N/A;N/A;Sí;N/A;UY;N/A;Sí;N/A;Sí;N/A;N/A;N/A;N/A;N/A;N/A;N/A;N/A;N/A;N/A;N/A;N/A;N/A;Sí;N/A;N/A;N/A;N/A;N/A;N/A;N/A;N/A;N/A;N/A;N/A;N/A;N/A;N/A;N/A;N/A;N/A;N/A;Sí;N/A;N/A;N/A;N/A;N/A;N/A;N/A;N/A;N/A;N/A;N/A;N/A;N/A;N/A;N/A;N/A;N/A;Sí;No;N/A;N/A;N/A;N/A;N/A;N/A;N/A;N/A;N/A;N/A;N/A;N/A;N/A;N/A;N/A;N/A;N/A;N/A;N/A;N/A;N/A;N/A;N/A;N/A;N/A;N/A;N/A;N/A;N/A;N/A;N/A;N/A;No;Sí;Sí;Sí;N/A;Sí;N/A;N/A;N/A;N/A;Sí;No;Sí;Sí;N/A;N/A;Sí;Sí;Sí;Sí;No;Sí;No;No;Sí;N/A;Sí
Hyundai;"Ioniq 5";"Limited Long Range RWD - Electrico - EV";2024;"0 km";;"HYUNDAI RUTA";70990;;;;;Centro;https://auto.mercadolibre.com.uy/MLU-670758920-hyundai-ioniq-5-limited-long-range-rwd-_JM;N/A;;"Hyundai Ioniq 5 Limited Long Range Rwd";USD;Sí;gold_premium;false;N/A;N/A;http://perfil.mercadolibre.com.uy/HYUNDAI+RUTA;active;N/A;N/A;Nuevo;Gris;N/A;Eléctrica;Trasera;Sí;Sí;N/A;N/A;N/A;Sí;N/A;N/A;Sí;N/A;N/A;Sí;Sí;N/A;Sí;N/A;N/A;N/A;N/A;N/A;N/A;N/A;N/A;N/A;N/A;N/A;N/A;N/A;N/A;N/A;N/A;N/A;N/A;N/A;Sí;N/A;N/A;N/A;N/A;N/A;N/A;N/A;N/A;N/A;N/A;N/A;N/A;N/A;N/A;N/A;N/A;N/A;N/A;N/A;N/A;N/A;N/A;N/A;N/A;N/A;N/A;N/A;N/A;N/A;N/A;N/A;N/A;N/A;N/A;N/A;N/A;N/A;N/A;N/A;N/A;N/A;N/A;N/A;N/A;N/A;N/A;N/A;N/A;N/A;N/A;N/A;N/A;Sí;N/A;Sí;Sí;N/A;Sí;Sí;N/A;Sí;N/A;N/A;Sí;N/A;N/A;N/A;Sí;"Lunes a Viernes de 9:00 a 18:00 - Sábados y Domingos de 10:00 a 17:00";5;"168 kW (228 cv)";Eléctrico;Automática;Hatchback;"Autos y camionetas";N/A;N/A;N/A;N/A;N/A;N/A;N/A;N/A;Sí;N/A;Sí;N/A;N/A;N/A;N/A;N/A;N/A;N/A;N/A;N/A;N/A;N/A;N/A;N/A;Sí;N/A;N/A;N/A;N/A;N/A;N/A;N/A;N/A;N/A;N/A;N/A;N/A;N/A;N/A;N/A;N/A;N/A;N/A;Sí;N/A;N/A;N/A;N/A;N/A;N/A;N/A;N/A;N/A;N/A;N/A;N/A;N/A;N/A;N/A;N/A;N/A;Sí;N/A;N/A;N/A;N/A;N/A;N/A;N/A;N/A;N/A;N/A;N/A;N/A;N/A;N/A;N/A;N/A;N/A;N/A;N/A;N/A;N/A;N/A;N/A;N/A;N/A;N/A;N/A;N/A;N/A;N/A;N/A;N/A;N/A;N/A;Sí;Sí;Sí;N/A;Sí;N/A;N/A;N/A;N/A;Sí;Sí;Sí;Sí;N/A;N/A;Sí;Sí;Sí;Sí;N/A;Sí;N/A;N/A;Sí;N/A;Sí
Hyundai;"Ioniq 5";"Safe Long Range - Electrico - EV";2024;"0 km";;"HYUNDAI RUTA";58990;;;;;Centro;https://auto.mercadolibre.com.uy/MLU-670688098-hyundai-ioniq-5-safe-long-range-rwd-_JM;N/A;;"Hyundai Ioniq 5 Safe Long Range Rwd ";USD;Sí;gold_premium;false;N/A;N/A;http://perfil.mercadolibre.com.uy/HYUNDAI+RUTA;active;N/A;N/A;Nuevo;Gris;N/A;Eléctrica;Trasera;Sí;Sí;N/A;N/A;N/A;Sí;N/A;N/A;No;N/A;N/A;Sí;Sí;N/A;No;N/A;N/A;N/A;N/A;N/A;N/A;N/A;N/A;N/A;N/A;N/A;N/A;N/A;N/A;N/A;N/A;N/A;N/A;N/A;Sí;N/A;N/A;N/A;N/A;N/A;N/A;N/A;N/A;N/A;N/A;N/A;N/A;N/A;N/A;N/A;N/A;N/A;N/A;N/A;N/A;N/A;N/A;N/A;No;N/A;N/A;N/A;N/A;N/A;N/A;N/A;N/A;N/A;N/A;N/A;N/A;N/A;N/A;N/A;N/A;N/A;N/A;N/A;N/A;N/A;N/A;N/A;N/A;N/A;N/A;N/A;N/A;No;N/A;Sí;Sí;N/A;Sí;Sí;N/A;No;N/A;N/A;Sí;No;N/A;N/A;Sí;"Lunes a Viernes de 9:00 a 18:00 - Sábados y Domingos de 10:00 a 17:00";5;"168 kW (228 cv)";Eléctrico;"Automática secuencial";Hatchback;"Autos y camionetas";N/A;N/A;N/A;N/A;N/A;N/A;N/A;N/A;Sí;N/A;Sí;N/A;N/A;N/A;N/A;N/A;N/A;N/A;N/A;N/A;N/A;N/A;N/A;N/A;Sí;N/A;N/A;N/A;N/A;N/A;N/A;N/A;N/A;N/A;N/A;N/A;N/A;N/A;N/A;N/A;N/A;N/A;N/A;Sí;N/A;N/A;N/A;N/A;N/A;N/A;N/A;N/A;N/A;N/A;N/A;N/A;N/A;N/A;N/A;N/A;N/A;Sí;N/A;N/A;N/A;N/A;N/A;N/A;N/A;N/A;N/A;N/A;N/A;N/A;N/A;N/A;N/A;N/A;N/A;N/A;N/A;N/A;N/A;N/A;N/A;N/A;N/A;N/A;N/A;N/A;N/A;N/A;N/A;N/A;N/A;N/A;Sí;N/A;Sí;N/A;Sí;N/A;N/A;N/A;N/A;Sí;Sí;Sí;Sí;N/A;N/A;Sí;Sí;Sí;Sí;Sí;Sí;No;No;Sí;N/A;Sí
Hyundai;"Nueva Kona";Safe;2024;"0 km";;"HYUNDAI RUTA";41990;;;;;Centro;https://auto.mercadolibre.com.uy/MLU-701889696-nueva-hyundai-kona-hibrida-safe-2024-_JM;N/A;;"Nueva Hyundai Kona Hibrida Safe 2024";USD;Sí;gold_premium;false;N/A;N/A;http://perfil.mercadolibre.com.uy/HYUNDAI+RUTA;active;N/A;N/A;Nuevo;Verde;N/A;Eléctrica;Delantera;Sí;Sí;N/A;N/A;N/A;Sí;N/A;N/A;N/A;N/A;N/A;Sí;Sí;N/A;N/A;N/A;N/A;N/A;N/A;N/A;N/A;N/A;N/A;N/A;N/A;N/A;N/A;N/A;N/A;N/A;N/A;N/A;N/A;N/A;Sí;N/A;N/A;N/A;N/A;N/A;N/A;N/A;N/A;N/A;N/A;N/A;N/A;N/A;N/A;N/A;N/A;N/A;N/A;N/A;N/A;N/A;N/A;N/A;N/A;N/A;N/A;N/A;N/A;N/A;N/A;N/A;N/A;N/A;N/A;N/A;N/A;N/A;N/A;N/A;N/A;N/A;N/A;N/A;N/A;N/A;N/A;N/A;N/A;N/A;N/A;N/A;N/A;N/A;N/A;Sí;Sí;N/A;Sí;Sí;N/A;N/A;N/A;N/A;N/A;N/A;N/A;N/A;N/A;"Lunes a Viernes de 9:00 a 18:00 - Sábados y Domingos de 10:00 a 17:00";5;"1.6 GDi + 32kW";Híbrido;Automática;Crossover;"Autos y camionetas";N/A;N/A;N/A;N/A;N/A;N/A;N/A;N/A;Sí;N/A;N/A;N/A;N/A;N/A;N/A;N/A;N/A;N/A;N/A;N/A;N/A;N/A;N/A;N/A;Sí;N/A;N/A;N/A;N/A;N/A;N/A;N/A;N/A;N/A;N/A;N/A;N/A;N/A;N/A;N/A;N/A;N/A;N/A;Sí;N/A;N/A;N/A;N/A;N/A;N/A;N/A;N/A;N/A;N/A;N/A;N/A;N/A;N/A;N/A;N/A;N/A;N/A;N/A;N/A;N/A;N/A;N/A;N/A;N/A;N/A;N/A;N/A;N/A;N/A;N/A;N/A;N/A;N/A;N/A;N/A;N/A;N/A;N/A;N/A;N/A;N/A;N/A;N/A;N/A;N/A;N/A;N/A;N/A;N/A;N/A;N/A;Sí;N/A;Sí;N/A;Sí;N/A;N/A;N/A;N/A;Sí;Sí;Sí;Sí;N/A;N/A;Sí;N/A;Sí;Sí;Sí;Sí;N/A;N/A;Sí;N/A;Sí
Hyundai;HB20S;"1.0 Premium Mt";2023;"0 km";;"HYUNDAI RUTA";20990;;;;;Centro;https://auto.mercadolibre.com.uy/MLU-693988718-hyundai-hb20-sedan-10-premium-2024-_JM;N/A;;"Hyundai Hb20 Sedan 1.0 Premium 2024";usd;Sí;gold_premium;false;N/A;N/A;http://perfil.mercadolibre.com.uy/HYUNDAI+RUTA;active;N/A;N/A;Nuevo;Azul;N/A;Hidráulica;Delantera;Sí;N/A;N/A;N/A;N/A;N/A;N/A;N/A;N/A;N/A;N/A;N/A;N/A;N/A;N/A;N/A;N/A;N/A;N/A;N/A;N/A;N/A;N/A;N/A;N/A;"2500 mm";"1 L";"50 L";5;N/A;N/A;N/A;N/A;N/A;N/A;N/A;N/A;N/A;N/A;N/A;N/A;N/A;N/A;N/A;N/A;N/A;N/A;N/A;N/A;N/A;N/A;N/A;N/A;N/A;N/A;N/A;N/A;N/A;N/A;N/A;N/A;N/A;Sí;Sí;N/A;N/A;N/A;N/A;N/A;N/A;N/A;N/A;N/A;N/A;"1500 mm";"4200 mm";N/A;N/A;N/A;N/A;5;"80 hp";Comfort;N/A;4;"1680 mm";N/A;N/A;N/A;N/A;Sí;N/A;N/A;Sí;Sí;N/A;N/A;"12.8 km/l";N/A;N/A;N/A;N/A;N/A;"Lunes a Viernes de 9:00 a 18:00 - Sábados y Domingos de 10:00 a 17:00";4;1.0;Nafta;Manual;Sedán;"Autos y camionetas";N/A;N/A;N/A;N/A;N/A;N/A;UY;N/A;N/A;N/A;N/A;N/A;N/A;N/A;N/A;N/A;N/A;N/A;N/A;N/A;N/A;N/A;N/A;N/A;N/A;N/A;N/A;N/A;N/A;N/A;N/A;N/A;N/A;N/A;N/A;N/A;N/A;N/A;N/A;N/A;N/A;N/A;N/A;N/A;N/A;N/A;N/A;N/A;N/A;N/A;N/A;N/A;N/A;N/A;N/A;N/A;N/A;N/A;N/A;N/A;N/A;N/A;N/A;N/A;N/A;N/A;N/A;N/A;N/A;N/A;N/A;N/A;N/A;N/A;N/A;N/A;N/A;N/A;N/A;N/A;N/A;N/A;N/A;N/A;N/A;N/A;N/A;N/A;N/A;N/A;N/A;N/A;N/A;N/A;N/A;N/A;N/A;N/A;N/A;N/A;N/A;N/A;N/A;N/A;N/A;N/A;N/A;N/A;N/A;N/A;N/A;N/A;Sí;N/A;N/A;N/A;Sí;N/A;N/A;Sí;N/A;Sí
Hyundai;HB20S;"1.0 Comfort Sedan";2024;"0 km";;"HYUNDAI RUTA";18990;;;;;Centro;https://auto.mercadolibre.com.uy/MLU-694117650-nuevo-hb20s-2024-10-comfort-sedan-_JM;N/A;;"Nuevo Hb20s 2024 1.0 Comfort Sedan";USD;Sí;gold_premium;false;N/A;N/A;http://perfil.mercadolibre.com.uy/HYUNDAI+RUTA;active;N/A;N/A;Nuevo;Blanco;N/A;Eléctrica;Delantera;Sí;Sí;N/A;N/A;N/A;N/A;N/A;N/A;N/A;N/A;N/A;N/A;Sí;N/A;N/A;N/A;N/A;N/A;N/A;N/A;N/A;N/A;N/A;N/A;N/A;N/A;N/A;N/A;N/A;N/A;N/A;N/A;N/A;N/A;Sí;N/A;N/A;N/A;N/A;N/A;N/A;N/A;N/A;N/A;N/A;N/A;N/A;N/A;N/A;N/A;N/A;N/A;N/A;N/A;N/A;N/A;N/A;N/A;N/A;N/A;N/A;N/A;N/A;N/A;N/A;N/A;N/A;N/A;N/A;N/A;N/A;N/A;N/A;N/A;N/A;N/A;N/A;N/A;N/A;N/A;N/A;N/A;N/A;N/A;N/A;N/A;N/A;N/A;N/A;N/A;Sí;N/A;N/A;N/A;N/A;N/A;N/A;N/A;N/A;N/A;N/A;N/A;N/A;"Lunes a Viernes de 9:00 a 18:00 - Sábados y Domingos de 10:00 a 17:00";5;1.0;Nafta;Manual;Sedán;"Autos y camionetas";N/A;N/A;N/A;N/A;N/A;N/A;N/A;N/A;Sí;N/A;N/A;N/A;N/A;N/A;N/A;N/A;N/A;N/A;N/A;N/A;N/A;N/A;N/A;N/A;N/A;N/A;N/A;N/A;N/A;N/A;N/A;N/A;N/A;N/A;N/A;N/A;N/A;N/A;N/A;N/A;N/A;N/A;N/A;Sí;N/A;N/A;N/A;N/A;N/A;N/A;N/A;N/A;N/A;N/A;N/A;N/A;N/A;N/A;N/A;N/A;N/A;Sí;N/A;N/A;N/A;N/A;N/A;N/A;N/A;N/A;N/A;N/A;N/A;N/A;N/A;N/A;N/A;N/A;N/A;N/A;N/A;N/A;N/A;N/A;N/A;N/A;N/A;N/A;N/A;N/A;N/A;N/A;N/A;N/A;N/A;N/A;Sí;N/A;N/A;N/A;Sí;N/A;N/A;N/A;N/A;Sí;N/A;Sí;Sí;N/A;N/A;Sí;Sí;Sí;Sí;N/A;Sí;N/A;N/A;N/A;N/A;Sí
Hyundai;HB20;"1.6 Unique 5p";2023;"0 km";;"HYUNDAI RUTA";25990;;;;;Centro;https://auto.mercadolibre.com.uy/MLU-694001620-nuevo-hb20-unique-16-2024-_JM;N/A;;"Nuevo Hb20 Unique 1.6 2024";usd;Sí;gold_premium;false;N/A;N/A;http://perfil.mercadolibre.com.uy/HYUNDAI+RUTA;active;N/A;N/A;Nuevo;Blanco;N/A;Hidráulica;Delantera;Sí;N/A;Sí;N/A;N/A;N/A;N/A;N/A;N/A;N/A;N/A;N/A;N/A;N/A;N/A;N/A;N/A;N/A;N/A;N/A;N/A;N/A;N/A;N/A;N/A;"2500 mm";"1.6 L";"50 L";6;N/A;N/A;N/A;N/A;N/A;N/A;N/A;N/A;N/A;N/A;N/A;N/A;N/A;N/A;N/A;N/A;N/A;N/A;N/A;N/A;N/A;N/A;N/A;N/A;N/A;N/A;N/A;N/A;N/A;N/A;N/A;N/A;N/A;Sí;Sí;N/A;N/A;N/A;N/A;N/A;N/A;N/A;N/A;N/A;N/A;"1470 mm";"3920 mm";N/A;N/A;N/A;N/A;5;"123 hp";Unique;N/A;4;"1680 mm";N/A;N/A;N/A;N/A;Sí;N/A;N/A;Sí;Sí;N/A;N/A;"13.8 km/l";N/A;N/A;N/A;N/A;N/A;"Lunes a Viernes de 9:00 a 18:00 - Sábados y Domingos de 10:00 a 17:00";5;1.6;Nafta;Manual;Hatchback;"Autos y camionetas";N/A;N/A;N/A;N/A;N/A;N/A;UY;N/A;N/A;N/A;N/A;N/A;N/A;N/A;N/A;N/A;N/A;N/A;N/A;N/A;N/A;N/A;N/A;N/A;N/A;N/A;N/A;N/A;N/A;N/A;N/A;N/A;N/A;N/A;N/A;N/A;N/A;N/A;N/A;N/A;N/A;N/A;N/A;N/A;N/A;N/A;N/A;N/A;N/A;N/A;N/A;N/A;N/A;N/A;N/A;N/A;N/A;N/A;N/A;N/A;N/A;N/A;N/A;N/A;N/A;N/A;N/A;N/A;N/A;N/A;N/A;N/A;N/A;N/A;N/A;N/A;N/A;N/A;N/A;N/A;N/A;N/A;N/A;N/A;N/A;N/A;N/A;N/A;N/A;N/A;N/A;N/A;N/A;N/A;N/A;N/A;N/A;N/A;N/A;N/A;N/A;N/A;N/A;N/A;N/A;N/A;N/A;N/A;N/A;N/A;N/A;N/A;Sí;N/A;N/A;N/A;Sí;N/A;N/A;Sí;N/A;Sí
Hyundai;HB20;"1.0 Premium Mt";2021;"64000 km";;CREDIAUTOAUTOMOVILES;16490;;;;;Malvin;https://auto.mercadolibre.com.uy/MLU-702980380-hyundai-hb20-premium-10-financio-100-en-60-cuotas-_JM;N/A;;"Hyundai Hb20 Premium 1.0 Financio 100% En 60 Cuotas";usd;Sí;gold_premium;false;N/A;N/A;http://perfil.mercadolibre.com.uy/CREDIAUTOAUTOMOVILES;active;N/A;N/A;Usado;Blanco;Sí;Hidráulica;Delantera;Sí;N/A;Sí;N/A;N/A;N/A;N/A;N/A;N/A;N/A;N/A;N/A;Sí;N/A;N/A;N/A;N/A;N/A;N/A;N/A;N/A;N/A;N/A;N/A;N/A;"2500 mm";"1 L";"50 L";6;N/A;N/A;N/A;N/A;N/A;N/A;N/A;N/A;N/A;N/A;N/A;N/A;N/A;N/A;N/A;N/A;N/A;N/A;N/A;N/A;N/A;N/A;N/A;N/A;N/A;N/A;N/A;N/A;N/A;N/A;N/A;N/A;N/A;Sí;Sí;N/A;N/A;N/A;N/A;N/A;N/A;N/A;N/A;N/A;N/A;"1470 mm";"3920 mm";N/A;N/A;N/A;N/A;5;"80 hp";N/A;N/A;4;"1680 mm";N/A;N/A;N/A;N/A;Sí;N/A;N/A;Sí;Sí;N/A;N/A;"13.8 km/l";N/A;N/A;N/A;N/A;Sí;"Lunes a Viernes de 10 a 13hs y de 14 a 18hs Sabados de 10 a 14hs";5;1.0;Nafta;Manual;Hatchback;"Autos y camionetas";N/A;N/A;N/A;N/A;N/A;N/A;UY;N/A;Sí;N/A;Sí;N/A;N/A;N/A;N/A;N/A;N/A;N/A;N/A;N/A;N/A;N/A;N/A;N/A;Sí;N/A;N/A;N/A;N/A;N/A;N/A;N/A;N/A;N/A;N/A;N/A;N/A;N/A;N/A;N/A;N/A;N/A;N/A;N/A;N/A;N/A;N/A;N/A;N/A;N/A;N/A;N/A;N/A;N/A;N/A;N/A;N/A;N/A;N/A;N/A;N/A;N/A;N/A;N/A;N/A;N/A;N/A;N/A;N/A;N/A;N/A;N/A;N/A;N/A;N/A;N/A;N/A;N/A;N/A;N/A;N/A;N/A;N/A;N/A;N/A;N/A;N/A;N/A;N/A;N/A;N/A;N/A;N/A;N/A;N/A;N/A;Sí;N/A;Sí;N/A;Sí;N/A;N/A;N/A;N/A;Sí;N/A;N/A;Sí;N/A;N/A;N/A;Sí;Sí;Sí;N/A;Sí;N/A;N/A;Sí;N/A;Sí
Hyundai;HB20;"HATCH 1.0 COMFORT";2025;"0 km";;"OLIVA AUTOMOTORES";16990;;;;;Malvin;https://auto.mercadolibre.com.uy/MLU-695238284-hyundai-hb20-hatch-10-comfort-10-2025-0km-_JM;N/A;;"Hyundai Hb20 Hatch 1.0 Comfort 1.0 2025 0km";USD;Sí;gold_premium;false;N/A;N/A;http://perfil.mercadolibre.com.uy/OLIVA+AUTOMOTORES;active;N/A;N/A;Nuevo;Plateado;N/A;Eléctrica;Delantera;Sí;Sí;Sí;N/A;N/A;N/A;N/A;N/A;N/A;N/A;N/A;N/A;Sí;N/A;N/A;N/A;N/A;N/A;N/A;N/A;N/A;N/A;N/A;N/A;N/A;"2530 mm";"1000 cc";N/A;5;N/A;N/A;N/A;N/A;N/A;N/A;N/A;N/A;N/A;N/A;N/A;N/A;N/A;N/A;N/A;N/A;N/A;N/A;N/A;N/A;N/A;N/A;N/A;N/A;N/A;N/A;N/A;N/A;N/A;N/A;N/A;N/A;N/A;N/A;N/A;N/A;N/A;N/A;N/A;N/A;N/A;N/A;N/A;N/A;N/A;"1470 mm";"4030 mm";"300 L";N/A;N/A;N/A;N/A;"80 hp";Comfort;N/A;N/A;"1720 mm";"16 km/l";N/A;N/A;N/A;Sí;N/A;Sí;Sí;Sí;N/A;N/A;"20 km/l";N/A;N/A;N/A;N/A;Sí;"Lun. a Vie. de 9 a 18.30 hs. Sáb. de 10 a 13 hs.";5;1.0;Nafta;Manual;Hatchback;"Autos y camionetas";No;N/A;N/A;N/A;No;N/A;N/A;No;Sí;No;No;N/A;N/A;N/A;N/A;N/A;N/A;N/A;N/A;N/A;N/A;N/A;N/A;N/A;N/A;N/A;N/A;N/A;N/A;N/A;N/A;N/A;N/A;N/A;N/A;N/A;N/A;N/A;N/A;N/A;N/A;N/A;N/A;Sí;N/A;N/A;N/A;N/A;N/A;N/A;N/A;N/A;N/A;N/A;N/A;N/A;N/A;N/A;N/A;N/A;N/A;Sí;No;N/A;N/A;N/A;N/A;N/A;N/A;N/A;N/A;N/A;N/A;N/A;N/A;N/A;N/A;N/A;N/A;N/A;N/A;N/A;N/A;N/A;N/A;N/A;N/A;N/A;N/A;N/A;N/A;N/A;N/A;N/A;N/A;N/A;Sí;N/A;N/A;N/A;N/A;N/A;N/A;N/A;N/A;Sí;N/A;N/A;N/A;N/A;N/A;Sí;Sí;N/A;N/A;N/A;Sí;N/A;N/A;Sí;N/A;Sí
Hyundai;"TUCSON LIMITED";"HYBRID - HEV";2023;"0 km";;"HYUNDAI RUTA";59990;;;;;Centro;https://auto.mercadolibre.com.uy/MLU-668224360-hyundai-tucson-limited-hybrid-suv-hev-_JM;N/A;;"Hyundai Tucson Limited Hybrid - Suv Hev";USD;Sí;gold_premium;false;N/A;N/A;http://perfil.mercadolibre.com.uy/HYUNDAI+RUTA;active;N/A;N/A;Nuevo;Blanco;N/A;Eléctrica;Delantera;Sí;Sí;N/A;N/A;N/A;Sí;N/A;N/A;Sí;N/A;N/A;Sí;Sí;N/A;Sí;N/A;N/A;N/A;N/A;N/A;N/A;N/A;N/A;N/A;N/A;N/A;N/A;N/A;N/A;N/A;N/A;N/A;N/A;N/A;Sí;N/A;N/A;N/A;N/A;N/A;N/A;N/A;N/A;N/A;N/A;N/A;N/A;N/A;N/A;N/A;N/A;N/A;N/A;N/A;N/A;N/A;N/A;N/A;Sí;N/A;N/A;N/A;N/A;N/A;N/A;N/A;N/A;N/A;N/A;N/A;N/A;N/A;N/A;N/A;N/A;N/A;N/A;N/A;N/A;N/A;N/A;N/A;N/A;N/A;N/A;N/A;N/A;N/A;N/A;Sí;Sí;N/A;N/A;N/A;N/A;Sí;N/A;N/A;Sí;Sí;N/A;N/A;Sí;"L a V de 9 a 18:30 y S de 10 a 17";5;"1.6 litros turbo";Híbrido;Automática;SUV;"Autos y camionetas";Sí;N/A;N/A;N/A;N/A;N/A;N/A;N/A;Sí;N/A;N/A;N/A;N/A;N/A;N/A;N/A;N/A;N/A;N/A;N/A;N/A;N/A;N/A;N/A;Sí;N/A;N/A;N/A;N/A;N/A;N/A;N/A;N/A;N/A;N/A;N/A;N/A;N/A;N/A;N/A;N/A;N/A;N/A;Sí;N/A;N/A;N/A;N/A;N/A;N/A;N/A;N/A;N/A;N/A;N/A;N/A;N/A;N/A;N/A;N/A;N/A;Sí;N/A;N/A;N/A;N/A;N/A;N/A;N/A;N/A;N/A;N/A;N/A;N/A;N/A;N/A;N/A;N/A;N/A;N/A;N/A;N/A;N/A;N/A;N/A;N/A;N/A;N/A;N/A;N/A;N/A;N/A;N/A;N/A;N/A;N/A;Sí;No;Sí;N/A;Sí;N/A;N/A;N/A;N/A;Sí;Sí;Sí;Sí;N/A;N/A;Sí;Sí;Sí;Sí;N/A;Sí;N/A;N/A;Sí;N/A;Sí
Hyundai;HB20;"1.0 Comfort Mt";2022;"48000 km";;"AMAYAMOTORS S.A.S";14900;;;;;Pocitos;https://auto.mercadolibre.com.uy/MLU-704329658-hyundai-hb-20s-amaya-pocitos-_JM;N/A;;"Hyundai Hb 20s Amaya Pocitos";usd;Sí;gold_premium;false;N/A;N/A;http://perfil.mercadolibre.com.uy/AMAYAMOTORS+S.A.S;active;N/A;N/A;Usado;Gris;Sí;Hidráulica;Delantera;Sí;Sí;Sí;N/A;N/A;No;N/A;N/A;No;N/A;N/A;No;Sí;N/A;Sí;N/A;N/A;N/A;N/A;N/A;N/A;N/A;N/A;N/A;N/A;"2500 mm";"1 L";"50 L";6;N/A;N/A;N/A;N/A;N/A;Sí;N/A;N/A;N/A;N/A;N/A;N/A;N/A;N/A;N/A;N/A;N/A;N/A;N/A;N/A;N/A;N/A;N/A;N/A;N/A;N/A;N/A;N/A;N/A;No;N/A;N/A;N/A;Sí;Sí;N/A;N/A;N/A;N/A;N/A;N/A;N/A;N/A;N/A;N/A;"1470 mm";"3920 mm";N/A;N/A;N/A;N/A;5;"101 hp";N/A;N/A;4;"1680 mm";N/A;No;N/A;Sí;Sí;N/A;Sí;Sí;Sí;No;N/A;"13.8 km/l";No;No;N/A;N/A;No;"DE 9 A 18:30 HORAS";5;1.0;Nafta;Manual;Hatchback;"Autos y camionetas";Sí;N/A;N/A;N/A;No;N/A;UY;N/A;Sí;N/A;Sí;N/A;N/A;N/A;N/A;N/A;N/A;N/A;N/A;N/A;N/A;N/A;N/A;N/A;No;N/A;N/A;N/A;N/A;N/A;N/A;N/A;N/A;N/A;N/A;N/A;N/A;N/A;N/A;N/A;N/A;N/A;N/A;No;N/A;N/A;N/A;N/A;N/A;N/A;N/A;N/A;N/A;N/A;N/A;N/A;N/A;N/A;N/A;N/A;N/A;No;No;N/A;N/A;N/A;N/A;N/A;N/A;N/A;N/A;N/A;N/A;N/A;N/A;N/A;N/A;N/A;N/A;N/A;N/A;N/A;N/A;N/A;N/A;N/A;N/A;N/A;N/A;N/A;N/A;N/A;N/A;N/A;N/A;No;Sí;Sí;No;N/A;Sí;N/A;N/A;N/A;N/A;Sí;No;Sí;Sí;N/A;N/A;No;Sí;Sí;Sí;Sí;Sí;No;No;Sí;N/A;Sí
Hyundai;HB20S;"1.0 Premium Mt";2022;"48000 km";;"AMAYAMOTORS S.A.S";14900;;;;;Pocitos;https://auto.mercadolibre.com.uy/MLU-704244950-hyundai-hb-20-amaya-pocitos-_JM;N/A;;"Hyundai Hb 20 Amaya Pocitos";usd;Sí;gold_premium;false;N/A;N/A;http://perfil.mercadolibre.com.uy/AMAYAMOTORS+S.A.S;active;N/A;N/A;Usado;Gris;Sí;Hidráulica;Delantera;Sí;Sí;N/A;N/A;N/A;No;N/A;N/A;No;N/A;N/A;Sí;Sí;N/A;Sí;N/A;N/A;N/A;N/A;N/A;N/A;N/A;N/A;N/A;N/A;"2500 mm";"1 L";"50 L";5;N/A;N/A;N/A;N/A;N/A;Sí;N/A;N/A;N/A;N/A;N/A;N/A;N/A;N/A;N/A;N/A;N/A;N/A;N/A;N/A;N/A;N/A;N/A;N/A;N/A;N/A;N/A;N/A;N/A;No;N/A;N/A;N/A;Sí;Sí;N/A;N/A;N/A;N/A;N/A;N/A;N/A;N/A;N/A;N/A;"1500 mm";"4200 mm";N/A;N/A;N/A;N/A;5;"80 hp";Comfort;N/A;4;"1680 mm";N/A;No;N/A;Sí;Sí;N/A;Sí;Sí;Sí;No;N/A;"12.8 km/l";No;No;N/A;N/A;No;"DE 9 A 18:30 HORAS";4;1.0;Nafta;Manual;Sedán;"Autos y camionetas";Sí;N/A;N/A;N/A;No;N/A;UY;N/A;Sí;N/A;Sí;N/A;N/A;N/A;N/A;N/A;N/A;N/A;N/A;N/A;N/A;N/A;N/A;N/A;No;N/A;N/A;N/A;N/A;N/A;N/A;N/A;N/A;N/A;N/A;N/A;N/A;N/A;N/A;N/A;N/A;N/A;N/A;No;N/A;N/A;N/A;N/A;N/A;N/A;N/A;N/A;N/A;N/A;N/A;N/A;N/A;N/A;N/A;N/A;N/A;No;No;N/A;N/A;N/A;N/A;N/A;N/A;N/A;N/A;N/A;N/A;N/A;N/A;N/A;N/A;N/A;N/A;N/A;N/A;N/A;N/A;N/A;N/A;N/A;N/A;N/A;N/A;N/A;N/A;N/A;N/A;N/A;N/A;No;Sí;Sí;No;N/A;Sí;N/A;N/A;N/A;N/A;Sí;No;Sí;Sí;N/A;N/A;Sí;Sí;Sí;Sí;Sí;Sí;No;No;Sí;N/A;Sí
Hyundai;HB20;"1.6 Premium 5p";2022;"110000 km";;CARLINEAUTOMÓVILES;15990;;;;;Malvin;https://auto.mercadolibre.com.uy/MLU-704122204-hyundai-hb20-16-premium-_JM;N/A;;"Hyundai Hb20 1.6 Premium";usd;Sí;gold_premium;false;N/A;N/A;http://perfil.mercadolibre.com.uy/CARLINEAUTOM%C3%93VILES;active;N/A;N/A;Usado;Blanco;N/A;Hidráulica;Delantera;Sí;N/A;Sí;N/A;N/A;N/A;N/A;N/A;N/A;N/A;N/A;N/A;N/A;N/A;N/A;N/A;N/A;N/A;N/A;N/A;N/A;N/A;N/A;N/A;N/A;"2500 mm";"1.6 L";"50 L";6;N/A;N/A;N/A;N/A;N/A;N/A;N/A;N/A;N/A;N/A;N/A;N/A;N/A;N/A;N/A;N/A;N/A;N/A;N/A;N/A;N/A;N/A;N/A;N/A;N/A;N/A;N/A;N/A;N/A;N/A;N/A;N/A;N/A;Sí;Sí;N/A;N/A;N/A;N/A;N/A;N/A;N/A;N/A;N/A;N/A;"1470 mm";"3920 mm";N/A;N/A;N/A;N/A;5;"123 hp";Premium;N/A;4;"1680 mm";N/A;N/A;N/A;N/A;Sí;N/A;N/A;Sí;Sí;N/A;N/A;"13.8 km/l";N/A;N/A;N/A;N/A;N/A;N/A;5;1.6;Nafta;Manual;Hatchback;"Autos y camionetas";N/A;N/A;N/A;N/A;N/A;N/A;UY;N/A;N/A;N/A;N/A;N/A;N/A;N/A;N/A;N/A;N/A;N/A;N/A;N/A;N/A;N/A;N/A;N/A;N/A;N/A;N/A;N/A;N/A;N/A;N/A;N/A;N/A;N/A;N/A;N/A;N/A;N/A;N/A;N/A;N/A;N/A;N/A;N/A;N/A;N/A;N/A;N/A;N/A;N/A;N/A;N/A;N/A;N/A;N/A;N/A;N/A;N/A;N/A;N/A;N/A;N/A;N/A;N/A;N/A;N/A;N/A;N/A;N/A;N/A;N/A;N/A;N/A;N/A;N/A;N/A;N/A;N/A;N/A;N/A;N/A;N/A;N/A;N/A;N/A;N/A;N/A;N/A;N/A;N/A;N/A;N/A;N/A;N/A;N/A;N/A;N/A;N/A;N/A;N/A;N/A;N/A;N/A;N/A;N/A;N/A;N/A;N/A;N/A;N/A;N/A;N/A;Sí;N/A;N/A;N/A;Sí;N/A;N/A;Sí;N/A;Sí
Hyundai;HB20;"1.0 Comfort Mt";2022;"47000 km";;"AMAYAMOTORS S.A.S";14900;;;;;Pocitos;https://auto.mercadolibre.com.uy/MLU-703958430-hyundai-hb-20-amaya-pocitos-_JM;N/A;;"Hyundai Hb 20 Amaya Pocitos ";usd;Sí;gold_premium;false;N/A;N/A;http://perfil.mercadolibre.com.uy/AMAYAMOTORS+S.A.S;active;N/A;N/A;Usado;Blanco;Sí;Hidráulica;Delantera;Sí;Sí;Sí;N/A;N/A;No;N/A;N/A;No;N/A;N/A;No;Sí;N/A;Sí;N/A;N/A;N/A;N/A;N/A;N/A;N/A;N/A;N/A;N/A;"2500 mm";"1 L";"50 L";6;N/A;N/A;N/A;N/A;N/A;Sí;N/A;N/A;N/A;N/A;N/A;N/A;N/A;N/A;N/A;N/A;N/A;N/A;N/A;N/A;N/A;N/A;N/A;N/A;N/A;N/A;N/A;N/A;N/A;No;N/A;N/A;N/A;Sí;Sí;N/A;N/A;N/A;N/A;N/A;N/A;N/A;N/A;N/A;N/A;"1470 mm";"3920 mm";N/A;N/A;N/A;N/A;5;"101 hp";N/A;N/A;4;"1680 mm";N/A;No;N/A;Sí;Sí;N/A;Sí;Sí;Sí;No;N/A;"13.8 km/l";No;No;N/A;N/A;Sí;"DE 9 A 18:30 HORAS";5;1.0;Nafta;Manual;Hatchback;"Autos y camionetas";Sí;N/A;N/A;N/A;No;N/A;UY;N/A;Sí;N/A;Sí;N/A;N/A;N/A;N/A;N/A;N/A;N/A;N/A;N/A;N/A;N/A;N/A;N/A;No;N/A;N/A;N/A;N/A;N/A;N/A;N/A;N/A;N/A;N/A;N/A;N/A;N/A;N/A;N/A;N/A;N/A;N/A;No;N/A;N/A;N/A;N/A;N/A;N/A;N/A;N/A;N/A;N/A;N/A;N/A;N/A;N/A;N/A;N/A;N/A;No;Sí;N/A;N/A;N/A;N/A;N/A;N/A;N/A;N/A;N/A;N/A;N/A;N/A;N/A;N/A;N/A;N/A;N/A;N/A;N/A;N/A;N/A;N/A;N/A;N/A;N/A;N/A;N/A;N/A;N/A;N/A;N/A;N/A;No;Sí;Sí;No;N/A;Sí;N/A;N/A;N/A;N/A;Sí;No;No;Sí;N/A;N/A;No;Sí;Sí;Sí;Sí;Sí;No;No;Sí;N/A;Sí
Hyundai;H1;Furgon;2018;"115000 km";;"AUTOLAND VW";24900;;;;;Canelones;https://auto.mercadolibre.com.uy/MLU-703860744-hyundai-h-1-furgon-25-2018-impecable-autoland-_JM;N/A;;"Hyundai H-1 Furgon 2.5 2018 Impecable! - Autoland";USD;Sí;gold_premium;false;N/A;N/A;http://perfil.mercadolibre.com.uy/AUTOLAND+VW;active;N/A;N/A;Usado;Blanco;Sí;Hidráulica;N/A;Sí;N/A;N/A;N/A;N/A;N/A;Sí;Sí;N/A;N/A;N/A;N/A;N/A;N/A;N/A;N/A;N/A;N/A;N/A;N/A;N/A;N/A;N/A;N/A;N/A;N/A;"2500 cc";N/A;6;N/A;N/A;N/A;N/A;N/A;N/A;N/A;N/A;N/A;N/A;N/A;N/A;N/A;N/A;N/A;N/A;N/A;N/A;N/A;N/A;N/A;N/A;N/A;N/A;N/A;N/A;N/A;N/A;N/A;N/A;N/A;N/A;N/A;N/A;N/A;N/A;N/A;N/A;N/A;N/A;N/A;N/A;N/A;N/A;N/A;N/A;N/A;N/A;N/A;N/A;N/A;N/A;N/A;N/A;N/A;N/A;N/A;N/A;N/A;N/A;N/A;Sí;N/A;Sí;N/A;Sí;N/A;N/A;N/A;N/A;N/A;N/A;N/A;N/A;"Lun. a Vie. de 9 a 18 hs";5;2.5;Diésel;Manual;Furgón;"Autos y camionetas";No;N/A;N/A;N/A;No;N/A;N/A;No;Sí;No;No;N/A;N/A;N/A;N/A;N/A;N/A;N/A;N/A;N/A;N/A;N/A;N/A;N/A;N/A;N/A;N/A;N/A;N/A;N/A;N/A;N/A;N/A;N/A;N/A;N/A;N/A;N/A;N/A;N/A;N/A;N/A;N/A;N/A;N/A;N/A;N/A;N/A;N/A;N/A;N/A;N/A;N/A;N/A;N/A;N/A;N/A;N/A;N/A;N/A;N/A;N/A;No;N/A;N/A;N/A;N/A;N/A;N/A;N/A;N/A;N/A;N/A;N/A;N/A;N/A;N/A;N/A;N/A;N/A;N/A;N/A;N/A;N/A;N/A;N/A;N/A;N/A;N/A;N/A;N/A;N/A;N/A;N/A;N/A;N/A;Sí;Sí;Sí;N/A;Sí;N/A;Sí;N/A;N/A;Sí;N/A;N/A;N/A;N/A;N/A;Sí;N/A;N/A;Sí;N/A;Sí;N/A;N/A;Sí;N/A;N/A
Hyundai;"Tucson Hybrid";"Suv - Hev";2025;"0 km";;"HYUNDAI RUTA";59990;;;;;Centro;https://auto.mercadolibre.com.uy/MLU-645629989-nueva-hyundai-tucson-limited-hibrida-suv-hev-_JM;N/A;;"Nueva Hyundai Tucson Limited Hibrida - Suv Hev";USD;Sí;gold_premium;false;N/A;N/A;http://perfil.mercadolibre.com.uy/HYUNDAI+RUTA;active;N/A;N/A;Nuevo;Negro;N/A;Eléctrica;Delantera;Sí;Sí;N/A;N/A;N/A;Sí;N/A;N/A;Sí;N/A;N/A;Sí;Sí;N/A;Sí;N/A;N/A;N/A;N/A;N/A;N/A;N/A;N/A;N/A;N/A;N/A;N/A;N/A;N/A;N/A;N/A;N/A;N/A;N/A;Sí;N/A;N/A;N/A;N/A;N/A;N/A;N/A;N/A;N/A;N/A;N/A;N/A;N/A;N/A;N/A;N/A;N/A;N/A;N/A;N/A;N/A;N/A;N/A;Sí;N/A;N/A;N/A;N/A;N/A;N/A;N/A;N/A;N/A;N/A;N/A;N/A;N/A;N/A;N/A;N/A;N/A;N/A;N/A;N/A;N/A;N/A;N/A;N/A;N/A;N/A;N/A;N/A;No;N/A;Sí;Sí;N/A;Sí;Sí;N/A;Sí;N/A;N/A;Sí;No;N/A;N/A;Sí;"Lunes a Viernes de 9:00 a 18:00 y fines de semana de 10:00 a 17:00";4;1.6T;Híbrido;Automática;SUV;"Autos y camionetas";N/A;N/A;N/A;N/A;Sí;N/A;N/A;N/A;Sí;N/A;Sí;N/A;N/A;N/A;N/A;N/A;N/A;N/A;N/A;N/A;N/A;N/A;N/A;N/A;Sí;N/A;N/A;N/A;N/A;N/A;N/A;N/A;N/A;N/A;N/A;N/A;N/A;N/A;N/A;N/A;N/A;N/A;N/A;Sí;N/A;N/A;N/A;N/A;N/A;N/A;N/A;N/A;N/A;N/A;N/A;N/A;N/A;N/A;N/A;N/A;N/A;Sí;N/A;N/A;N/A;N/A;N/A;N/A;N/A;N/A;N/A;N/A;N/A;N/A;N/A;N/A;N/A;N/A;N/A;N/A;N/A;N/A;N/A;N/A;N/A;N/A;N/A;N/A;N/A;N/A;N/A;N/A;N/A;N/A;N/A;N/A;Sí;Sí;Sí;N/A;Sí;N/A;N/A;N/A;N/A;Sí;Sí;Sí;Sí;N/A;N/A;Sí;Sí;Sí;Sí;Sí;Sí;No;No;Sí;N/A;Sí
Hyundai;HB20;"comfort 1.0";2025;"0 km";;DUSOLLOSRL;16990;;;;;"Parque Rodó";https://auto.mercadolibre.com.uy/MLU-696778412-hyundai-hb20-comfort-10-_JM;N/A;;"Hyundai Hb20 Comfort 1.0";USD;Sí;gold_premium;false;N/A;N/A;http://perfil.mercadolibre.com.uy/DUSOLLOSRL;active;N/A;N/A;Nuevo;N/A;N/A;Eléctrica;Delantera;Sí;Sí;N/A;N/A;N/A;N/A;N/A;N/A;N/A;N/A;N/A;N/A;Sí;N/A;N/A;N/A;N/A;N/A;N/A;N/A;N/A;N/A;N/A;N/A;N/A;N/A;N/A;N/A;N/A;N/A;N/A;N/A;N/A;N/A;N/A;N/A;N/A;N/A;N/A;N/A;N/A;N/A;N/A;N/A;N/A;N/A;N/A;N/A;N/A;N/A;N/A;N/A;N/A;N/A;N/A;N/A;N/A;N/A;N/A;N/A;N/A;N/A;N/A;N/A;N/A;N/A;N/A;N/A;N/A;N/A;N/A;N/A;N/A;N/A;N/A;N/A;N/A;N/A;N/A;N/A;N/A;N/A;N/A;N/A;N/A;N/A;N/A;Sí;N/A;N/A;Sí;N/A;N/A;Sí;N/A;N/A;N/A;N/A;N/A;N/A;N/A;N/A;N/A;N/A;5;N/A;Nafta;Manual;Hatchback;"Autos y camionetas";N/A;N/A;N/A;N/A;N/A;N/A;N/A;N/A;Sí;N/A;N/A;N/A;N/A;N/A;N/A;N/A;N/A;N/A;N/A;N/A;N/A;N/A;N/A;N/A;N/A;N/A;N/A;N/A;N/A;N/A;N/A;N/A;N/A;N/A;N/A;N/A;N/A;N/A;N/A;N/A;N/A;N/A;N/A;Sí;N/A;N/A;N/A;N/A;N/A;N/A;N/A;N/A;N/A;N/A;N/A;N/A;N/A;N/A;N/A;N/A;N/A;Sí;N/A;N/A;N/A;N/A;N/A;N/A;N/A;N/A;N/A;N/A;N/A;N/A;N/A;N/A;N/A;N/A;N/A;N/A;N/A;N/A;N/A;N/A;N/A;N/A;N/A;N/A;N/A;N/A;N/A;N/A;N/A;N/A;N/A;N/A;Sí;N/A;N/A;N/A;Sí;N/A;N/A;N/A;N/A;Sí;Sí;N/A;Sí;N/A;N/A;Sí;Sí;Sí;N/A;N/A;N/A;N/A;N/A;N/A;N/A;N/A
Hyundai;"Tucson Hybrid";"Limited Fl";2025;"0 km";;DUSOLLOSRL;59990;;;;;"Parque Rodó";https://auto.mercadolibre.com.uy/MLU-696777714-hyundai-tucson-hybrid-limited-fl-_JM;N/A;;"Hyundai Tucson Hybrid Limited Fl";USD;Sí;gold_premium;false;N/A;N/A;http://perfil.mercadolibre.com.uy/DUSOLLOSRL;active;N/A;N/A;Nuevo;N/A;N/A;Eléctrica;4x2;Sí;Sí;N/A;N/A;N/A;N/A;N/A;N/A;Sí;N/A;N/A;Sí;Sí;N/A;Sí;N/A;N/A;N/A;N/A;N/A;N/A;N/A;N/A;N/A;N/A;N/A;N/A;N/A;N/A;N/A;N/A;N/A;N/A;N/A;Sí;N/A;N/A;N/A;N/A;N/A;N/A;N/A;N/A;N/A;N/A;N/A;N/A;N/A;N/A;N/A;N/A;N/A;N/A;N/A;N/A;N/A;N/A;N/A;N/A;N/A;N/A;N/A;N/A;N/A;N/A;N/A;N/A;N/A;N/A;N/A;N/A;N/A;N/A;N/A;N/A;N/A;N/A;N/A;N/A;N/A;N/A;N/A;N/A;N/A;N/A;N/A;N/A;Sí;N/A;Sí;Sí;N/A;Sí;Sí;N/A;Sí;N/A;N/A;N/A;N/A;N/A;N/A;Sí;N/A;5;"1.6T + eléctrico 230 cv";Híbrido;Automática;SUV;"Autos y camionetas";N/A;N/A;N/A;N/A;N/A;N/A;N/A;N/A;Sí;N/A;N/A;N/A;N/A;N/A;N/A;N/A;N/A;N/A;N/A;N/A;N/A;N/A;N/A;N/A;Sí;N/A;N/A;N/A;N/A;N/A;N/A;N/A;N/A;N/A;N/A;N/A;N/A;N/A;N/A;N/A;N/A;N/A;N/A;Sí;N/A;N/A;N/A;N/A;N/A;N/A;N/A;N/A;N/A;N/A;N/A;N/A;N/A;N/A;N/A;N/A;N/A;Sí;N/A;N/A;N/A;N/A;N/A;N/A;N/A;N/A;N/A;N/A;N/A;N/A;N/A;N/A;N/A;N/A;N/A;N/A;N/A;N/A;N/A;N/A;N/A;N/A;N/A;N/A;N/A;N/A;N/A;N/A;N/A;N/A;N/A;N/A;Sí;Sí;Sí;N/A;Sí;N/A;N/A;N/A;N/A;Sí;Sí;Sí;Sí;N/A;N/A;Sí;Sí;Sí;Sí;Sí;Sí;N/A;N/A;N/A;N/A;Sí
Hyundai;"Tucson Hybrid";"Limited HEV";2025;"0 km";;"ZUCCHINO MOTORS";59990;;;;;"Tres Cruces";https://auto.mercadolibre.com.uy/MLU-696578724-hyundai-tucson-hibrida-2025-zucchino-motors-_JM;N/A;;"Hyundai Tucson Hibrida 2025 | Zucchino Motors";USD;Sí;gold_premium;false;N/A;N/A;http://perfil.mercadolibre.com.uy/ZUCCHINO+MOTORS;active;N/A;N/A;Nuevo;Blanco;N/A;Asistida;Delantera;Sí;Sí;N/A;N/A;N/A;Sí;N/A;N/A;Sí;N/A;N/A;Sí;Sí;N/A;Sí;N/A;N/A;N/A;N/A;N/A;N/A;N/A;N/A;N/A;N/A;N/A;N/A;N/A;N/A;N/A;N/A;N/A;N/A;N/A;Sí;N/A;N/A;N/A;N/A;N/A;N/A;N/A;N/A;N/A;N/A;N/A;N/A;N/A;N/A;N/A;N/A;N/A;N/A;N/A;N/A;N/A;N/A;N/A;Sí;N/A;N/A;N/A;N/A;N/A;N/A;N/A;N/A;N/A;N/A;N/A;N/A;N/A;N/A;N/A;N/A;N/A;N/A;N/A;N/A;N/A;N/A;N/A;N/A;N/A;N/A;N/A;N/A;Sí;N/A;Sí;Sí;N/A;Sí;Sí;N/A;Sí;N/A;N/A;No;No;N/A;N/A;Sí;"Lunes a Viernes de 8 a 19hs";5;1.6T;Híbrido;"Automática secuencial";SUV;"Autos y camionetas";Sí;N/A;N/A;N/A;Sí;N/A;N/A;N/A;Sí;N/A;Sí;N/A;N/A;N/A;N/A;N/A;N/A;N/A;N/A;N/A;N/A;N/A;N/A;N/A;Sí;N/A;N/A;N/A;N/A;N/A;N/A;N/A;N/A;N/A;N/A;N/A;N/A;N/A;N/A;N/A;N/A;N/A;N/A;Sí;N/A;N/A;N/A;N/A;N/A;N/A;N/A;N/A;N/A;N/A;N/A;N/A;N/A;N/A;N/A;N/A;N/A;Sí;No;N/A;N/A;N/A;N/A;N/A;N/A;N/A;N/A;N/A;N/A;N/A;N/A;N/A;N/A;N/A;N/A;N/A;N/A;N/A;N/A;N/A;N/A;N/A;N/A;N/A;N/A;N/A;N/A;N/A;N/A;N/A;N/A;Sí;Sí;Sí;Sí;N/A;Sí;N/A;N/A;N/A;N/A;Sí;Sí;Sí;Sí;N/A;N/A;Sí;Sí;Sí;Sí;No;Sí;No;No;Sí;N/A;Sí
Hyundai;"Santa Fe";"3.5 Limited";2021;"35000 km";;"USADOS FIDOCAR";62000;;;;;Centro;https://auto.mercadolibre.com.uy/MLU-644763459-hyundai-santa-fe-35-limited-facelift-2022-_JM;N/A;;"Hyundai Santa Fe 3.5 Limited Facelift 2022";USD;Sí;gold_premium;false;N/A;N/A;http://perfil.mercadolibre.com.uy/USADOS+FIDOCAR;active;N/A;N/A;Usado;Blanco;No;Eléctrica;4x4;Sí;Sí;N/A;N/A;N/A;Sí;N/A;N/A;Sí;N/A;N/A;Sí;Sí;N/A;Sí;N/A;N/A;N/A;N/A;N/A;N/A;N/A;N/A;N/A;N/A;N/A;N/A;N/A;N/A;N/A;N/A;N/A;N/A;N/A;Sí;N/A;N/A;N/A;N/A;N/A;N/A;N/A;N/A;N/A;N/A;N/A;N/A;N/A;N/A;N/A;N/A;N/A;N/A;N/A;N/A;N/A;N/A;N/A;No;N/A;N/A;N/A;N/A;N/A;N/A;N/A;N/A;N/A;N/A;N/A;N/A;N/A;N/A;N/A;N/A;N/A;N/A;N/A;N/A;N/A;N/A;N/A;N/A;N/A;N/A;N/A;N/A;No;N/A;Sí;Sí;N/A;Sí;Sí;N/A;No;N/A;N/A;Sí;Sí;N/A;N/A;N/A;"Lunes a Viernes de 9:00 a 18:00";5;3.5;Nafta;Automática;SUV;"Autos y camionetas";N/A;N/A;N/A;N/A;N/A;N/A;N/A;N/A;Sí;N/A;N/A;N/A;N/A;N/A;N/A;N/A;N/A;N/A;N/A;N/A;N/A;N/A;N/A;N/A;Sí;N/A;N/A;N/A;N/A;N/A;N/A;N/A;N/A;N/A;N/A;N/A;N/A;N/A;N/A;N/A;N/A;N/A;N/A;Sí;N/A;N/A;N/A;N/A;N/A;N/A;N/A;N/A;N/A;N/A;N/A;N/A;N/A;N/A;N/A;N/A;N/A;Sí;N/A;N/A;N/A;N/A;N/A;N/A;N/A;N/A;N/A;N/A;N/A;N/A;N/A;N/A;N/A;N/A;N/A;N/A;N/A;N/A;N/A;N/A;N/A;N/A;N/A;N/A;N/A;N/A;N/A;N/A;N/A;N/A;N/A;No;Sí;Sí;Sí;N/A;Sí;N/A;N/A;N/A;N/A;Sí;Sí;Sí;Sí;N/A;N/A;Sí;Sí;Sí;Sí;Sí;Sí;N/A;No;Sí;N/A;Sí
Hyundai;HB20S;"1.6 Premium At";2024;"0 km";;"ZUCCHINO MOTORS";25990;;;;;"Tres Cruces";https://auto.mercadolibre.com.uy/MLU-672361540-hyundai-hb20s-16-premium-at-zucchino-motors-_JM;N/A;;"Hyundai Hb20s 1.6 Premium At | Zucchino Motors";USD;Sí;gold_premium;false;N/A;N/A;http://perfil.mercadolibre.com.uy/ZUCCHINO+MOTORS;active;N/A;N/A;Nuevo;Gris;N/A;Eléctrica;Delantera;Sí;Sí;N/A;N/A;N/A;No;N/A;N/A;No;N/A;N/A;Sí;Sí;N/A;Sí;N/A;N/A;N/A;N/A;N/A;N/A;N/A;N/A;N/A;N/A;N/A;N/A;N/A;N/A;N/A;N/A;N/A;N/A;N/A;Sí;N/A;N/A;N/A;N/A;N/A;N/A;N/A;N/A;N/A;N/A;N/A;N/A;N/A;N/A;N/A;N/A;N/A;N/A;N/A;N/A;N/A;N/A;N/A;No;N/A;N/A;N/A;N/A;N/A;N/A;N/A;N/A;N/A;N/A;N/A;N/A;N/A;N/A;N/A;N/A;N/A;N/A;N/A;N/A;N/A;N/A;N/A;N/A;N/A;N/A;N/A;N/A;Sí;N/A;No;Sí;N/A;Sí;Sí;N/A;No;N/A;N/A;No;No;N/A;N/A;No;"Lunes a Viernes de 8 a 19hs";4;1.6;Nafta;Automática;Sedán;"Autos y camionetas";Sí;N/A;N/A;N/A;Sí;N/A;N/A;N/A;Sí;N/A;Sí;N/A;N/A;N/A;N/A;N/A;N/A;N/A;N/A;N/A;N/A;N/A;N/A;N/A;Sí;N/A;N/A;N/A;N/A;N/A;N/A;N/A;N/A;N/A;N/A;N/A;N/A;N/A;N/A;N/A;N/A;N/A;N/A;Sí;N/A;N/A;N/A;N/A;N/A;N/A;N/A;N/A;N/A;N/A;N/A;N/A;N/A;N/A;N/A;N/A;N/A;Sí;No;N/A;N/A;N/A;N/A;N/A;N/A;N/A;N/A;N/A;N/A;N/A;N/A;N/A;N/A;N/A;N/A;N/A;N/A;N/A;N/A;N/A;N/A;N/A;N/A;N/A;N/A;N/A;N/A;N/A;N/A;N/A;N/A;No;Sí;Sí;Sí;N/A;Sí;N/A;N/A;N/A;N/A;Sí;No;Sí;Sí;N/A;N/A;Sí;Sí;Sí;Sí;No;Sí;No;No;Sí;N/A;Sí
Hyundai;Tucson;"1.6t Gdi Gl Value At";2019;"78000 km";;BAUIRE;25900;;;;;Pocitos;https://auto.mercadolibre.com.uy/MLU-703330368-hyundai-tucson-_JM;N/A;;"Hyundai Tucson";usd;Sí;gold_premium;false;N/A;N/A;http://perfil.mercadolibre.com.uy/BAUIRE;active;N/A;N/A;Usado;Plateado;Sí;Hidráulica;4x2;Sí;N/A;N/A;N/A;N/A;N/A;N/A;N/A;N/A;N/A;N/A;N/A;N/A;N/A;N/A;N/A;N/A;N/A;N/A;N/A;N/A;N/A;N/A;N/A;N/A;"2670 mm";"1.6 L";"62 L";7;N/A;N/A;N/A;N/A;N/A;N/A;N/A;N/A;N/A;N/A;N/A;N/A;N/A;N/A;N/A;N/A;N/A;N/A;N/A;N/A;N/A;N/A;N/A;N/A;N/A;N/A;N/A;N/A;N/A;N/A;N/A;N/A;N/A;N/A;N/A;N/A;N/A;N/A;N/A;N/A;N/A;N/A;N/A;N/A;N/A;"1660 mm";"4475 mm";N/A;N/A;N/A;N/A;5;"132 hp";N/A;N/A;4;"1850 mm";N/A;N/A;N/A;N/A;N/A;N/A;Sí;Sí;N/A;N/A;N/A;N/A;N/A;N/A;N/A;N/A;N/A;N/A;5;1.6;Nafta;Automática;SUV;"Autos y camionetas";N/A;N/A;N/A;N/A;N/A;N/A;UY;N/A;Sí;N/A;N/A;N/A;N/A;N/A;N/A;N/A;N/A;N/A;N/A;N/A;N/A;N/A;N/A;N/A;N/A;N/A;N/A;N/A;N/A;N/A;N/A;N/A;N/A;N/A;N/A;N/A;N/A;N/A;N/A;N/A;N/A;N/A;N/A;N/A;N/A;N/A;N/A;N/A;N/A;N/A;N/A;N/A;N/A;N/A;N/A;N/A;N/A;N/A;N/A;N/A;N/A;N/A;N/A;N/A;N/A;N/A;N/A;N/A;N/A;N/A;N/A;N/A;N/A;N/A;N/A;N/A;N/A;N/A;N/A;N/A;N/A;N/A;N/A;N/A;N/A;N/A;N/A;N/A;N/A;N/A;N/A;N/A;N/A;N/A;N/A;N/A;Sí;N/A;N/A;N/A;N/A;N/A;N/A;N/A;N/A;Sí;N/A;N/A;N/A;N/A;N/A;N/A;N/A;N/A;N/A;N/A;N/A;N/A;N/A;N/A;N/A;N/A
Hyundai;HB20;"HATCH 1.0 COMFORT";2025;"0 km";;"OLIVA AUTOMOTORES";16990;;;;;Malvin;https://auto.mercadolibre.com.uy/MLU-695238658-hyundai-hb20-hatch-10-comfort-10-2025-0km-_JM;N/A;;"Hyundai Hb20 Hatch 1.0 Comfort 1.0 2025 0km";USD;Sí;gold_premium;false;N/A;N/A;http://perfil.mercadolibre.com.uy/OLIVA+AUTOMOTORES;active;N/A;N/A;Nuevo;Blanco;N/A;Eléctrica;Delantera;Sí;N/A;N/A;N/A;N/A;N/A;N/A;N/A;N/A;N/A;N/A;N/A;N/A;N/A;N/A;N/A;N/A;N/A;N/A;N/A;N/A;N/A;N/A;N/A;N/A;N/A;"1000 cc";N/A;6;N/A;N/A;N/A;N/A;Sí;N/A;N/A;N/A;N/A;N/A;N/A;N/A;N/A;N/A;N/A;N/A;N/A;N/A;N/A;N/A;N/A;N/A;N/A;Sí;N/A;Sí;N/A;Sí;N/A;N/A;N/A;N/A;N/A;N/A;N/A;N/A;N/A;N/A;N/A;N/A;N/A;N/A;N/A;N/A;N/A;N/A;N/A;"300 L";N/A;N/A;N/A;N/A;"80 hp";Comfort;N/A;N/A;N/A;"16 km/l";N/A;N/A;N/A;Sí;N/A;N/A;Sí;Sí;N/A;N/A;"20 km/l";N/A;N/A;N/A;N/A;Sí;"Lun. a Vie. de 9 a 18.30 hs. Sáb. de 10 a 13 hs.";5;1.0;Nafta;Manual;Hatchback;"Autos y camionetas";No;N/A;N/A;N/A;No;N/A;N/A;No;Sí;No;No;N/A;N/A;N/A;N/A;N/A;N/A;N/A;N/A;N/A;N/A;N/A;N/A;N/A;N/A;N/A;N/A;N/A;N/A;N/A;N/A;N/A;N/A;N/A;N/A;N/A;N/A;N/A;N/A;N/A;N/A;N/A;N/A;Sí;N/A;N/A;N/A;N/A;N/A;N/A;N/A;N/A;N/A;N/A;N/A;N/A;N/A;N/A;N/A;N/A;N/A;Sí;No;N/A;N/A;N/A;N/A;N/A;N/A;N/A;N/A;N/A;N/A;N/A;N/A;N/A;N/A;N/A;N/A;N/A;N/A;N/A;N/A;N/A;N/A;N/A;N/A;N/A;N/A;N/A;N/A;N/A;N/A;N/A;N/A;N/A;Sí;N/A;N/A;Sí;Sí;N/A;Sí;N/A;N/A;Sí;N/A;N/A;N/A;N/A;Sí;Sí;Sí;N/A;N/A;N/A;Sí;N/A;N/A;Sí;N/A;Sí
Hyundai;"Grand Santa Fé";"3.3 Premium Gls 7as Gps";2022;"35000 km";;"USADOS FIDOCAR";59890;;;;;Centro;https://auto.mercadolibre.com.uy/MLU-694002342-hyundai-santa-fe-_JM;N/A;;"Hyundai Santa Fe";usd;Sí;gold_premium;false;N/A;N/A;http://perfil.mercadolibre.com.uy/USADOS+FIDOCAR;active;N/A;N/A;Usado;Gris;N/A;N/A;4x4;Sí;N/A;N/A;N/A;N/A;N/A;N/A;N/A;N/A;N/A;N/A;N/A;N/A;N/A;N/A;N/A;N/A;N/A;N/A;N/A;N/A;N/A;N/A;N/A;N/A;"2800 mm";"3.3 L";"64 L";6;N/A;N/A;N/A;N/A;N/A;N/A;N/A;N/A;N/A;N/A;N/A;N/A;N/A;N/A;N/A;N/A;N/A;N/A;N/A;N/A;N/A;N/A;N/A;N/A;N/A;N/A;N/A;N/A;N/A;N/A;N/A;N/A;N/A;N/A;N/A;N/A;N/A;N/A;N/A;N/A;N/A;N/A;N/A;N/A;N/A;"1680 mm";"4690 mm";N/A;N/A;N/A;N/A;7;"290 hp";Premium;N/A;4;"1885 mm";N/A;N/A;N/A;N/A;N/A;N/A;N/A;N/A;N/A;N/A;N/A;N/A;N/A;N/A;N/A;N/A;N/A;"Lunes a Viernes de 9 a 18hs , Sábados y Domingos de 10 a 17hs";5;3.3;Nafta;Automática;SUV;"Autos y camionetas";N/A;N/A;N/A;N/A;N/A;N/A;UY;N/A;N/A;N/A;N/A;N/A;N/A;N/A;N/A;N/A;N/A;N/A;N/A;N/A;N/A;N/A;N/A;N/A;N/A;N/A;N/A;N/A;N/A;N/A;N/A;N/A;N/A;N/A;N/A;N/A;N/A;N/A;N/A;N/A;N/A;N/A;N/A;N/A;N/A;N/A;N/A;N/A;N/A;N/A;N/A;N/A;N/A;N/A;N/A;N/A;N/A;N/A;N/A;N/A;N/A;N/A;N/A;N/A;N/A;N/A;N/A;N/A;N/A;N/A;N/A;N/A;N/A;N/A;N/A;N/A;N/A;N/A;N/A;N/A;N/A;N/A;N/A;N/A;N/A;N/A;N/A;N/A;N/A;N/A;N/A;N/A;N/A;N/A;N/A;N/A;Sí;N/A;N/A;N/A;N/A;N/A;N/A;N/A;N/A;Sí;N/A;N/A;N/A;N/A;N/A;N/A;N/A;N/A;N/A;N/A;N/A;N/A;N/A;N/A;N/A;N/A
Hyundai;Sonata;Hybrido;2017;"150000 km";;"USADOS FIDOCAR";22890;;;;;Centro;https://auto.mercadolibre.com.uy/MLU-697400248-hyundai-sonata-2017-_JM;N/A;;"Hyundai Sonata 2017 ";USD;Sí;gold_premium;false;N/A;N/A;http://perfil.mercadolibre.com.uy/USADOS+FIDOCAR;active;N/A;N/A;Usado;Gris;N/A;Eléctrica;Delantera;N/A;N/A;N/A;N/A;N/A;N/A;N/A;N/A;N/A;N/A;N/A;N/A;N/A;N/A;N/A;N/A;N/A;N/A;N/A;N/A;N/A;N/A;N/A;N/A;N/A;N/A;N/A;N/A;N/A;N/A;N/A;N/A;N/A;N/A;N/A;N/A;N/A;N/A;N/A;N/A;N/A;N/A;N/A;N/A;N/A;N/A;N/A;N/A;N/A;N/A;N/A;N/A;N/A;N/A;N/A;N/A;N/A;N/A;N/A;N/A;N/A;N/A;N/A;N/A;N/A;N/A;N/A;N/A;N/A;N/A;N/A;N/A;N/A;N/A;N/A;N/A;N/A;N/A;N/A;N/A;N/A;N/A;N/A;N/A;N/A;N/A;N/A;N/A;N/A;N/A;N/A;N/A;N/A;N/A;N/A;N/A;N/A;N/A;N/A;N/A;N/A;N/A;N/A;"Lunes a Viernes de 10 a 18hs";5;2.0;Híbrido;Automática;Sedán;"Autos y camionetas";N/A;N/A;N/A;N/A;N/A;N/A;N/A;N/A;N/A;N/A;N/A;N/A;N/A;N/A;N/A;N/A;N/A;N/A;N/A;N/A;N/A;N/A;N/A;N/A;N/A;N/A;N/A;N/A;N/A;N/A;N/A;N/A;N/A;N/A;N/A;N/A;N/A;N/A;N/A;N/A;N/A;N/A;N/A;N/A;N/A;N/A;N/A;N/A;N/A;N/A;N/A;N/A;N/A;N/A;N/A;N/A;N/A;N/A;N/A;N/A;N/A;N/A;N/A;N/A;N/A;N/A;N/A;N/A;N/A;N/A;N/A;N/A;N/A;N/A;N/A;N/A;N/A;N/A;N/A;N/A;N/A;N/A;N/A;N/A;N/A;N/A;N/A;N/A;N/A;N/A;N/A;N/A;N/A;N/A;N/A;N/A;N/A;N/A;N/A;N/A;N/A;N/A;N/A;N/A;N/A;N/A;N/A;N/A;N/A;N/A;N/A;N/A;N/A;N/A;N/A;N/A;N/A;N/A;N/A;N/A;N/A;N/A
Hyundai;Tucson;HIBRIDA;2024;"0 km";;"HORACIO BARREIRO";59990;;;;;"Las Piedras";https://auto.mercadolibre.com.uy/MLU-637266673-hyundai-tucson-hibrida-16-2024-0km-_JM;N/A;;"Hyundai Tucson Hibrida 1.6 2024 0km";USD;Sí;gold_premium;false;N/A;N/A;http://perfil.mercadolibre.com.uy/HORACIO+BARREIRO;active;N/A;N/A;Nuevo;Plateado;N/A;Hidráulica;N/A;Sí;Sí;Sí;Sí;Sí;N/A;Sí;Sí;Sí;N/A;N/A;Sí;Sí;N/A;Sí;N/A;N/A;N/A;N/A;N/A;N/A;N/A;N/A;N/A;N/A;N/A;"1600 cc";N/A;6;N/A;N/A;Sí;Sí;Sí;Sí;Sí;N/A;N/A;N/A;N/A;N/A;N/A;N/A;N/A;N/A;N/A;N/A;N/A;N/A;N/A;N/A;N/A;Sí;N/A;Sí;N/A;Sí;N/A;N/A;N/A;N/A;N/A;N/A;N/A;N/A;N/A;N/A;N/A;N/A;N/A;N/A;Sí;N/A;N/A;N/A;N/A;N/A;N/A;N/A;N/A;N/A;"223 hp";N/A;N/A;N/A;N/A;N/A;N/A;N/A;Sí;Sí;Sí;Sí;Sí;N/A;Sí;N/A;N/A;N/A;N/A;N/A;N/A;Sí;"Lunes a Sábados de 8 a 19 hs.";5;1.6;Híbrido;Automática;SUV;"Autos y camionetas";No;N/A;N/A;N/A;No;N/A;N/A;No;Sí;No;No;N/A;N/A;N/A;N/A;N/A;N/A;N/A;N/A;N/A;N/A;N/A;N/A;N/A;Sí;N/A;N/A;N/A;N/A;N/A;N/A;N/A;N/A;N/A;N/A;N/A;N/A;N/A;N/A;N/A;N/A;N/A;N/A;Sí;N/A;N/A;N/A;N/A;N/A;N/A;N/A;N/A;N/A;N/A;N/A;N/A;N/A;N/A;N/A;N/A;N/A;Sí;No;N/A;N/A;N/A;N/A;N/A;N/A;N/A;N/A;N/A;N/A;N/A;N/A;N/A;N/A;N/A;N/A;N/A;N/A;N/A;N/A;N/A;N/A;N/A;N/A;N/A;N/A;N/A;N/A;N/A;N/A;N/A;N/A;N/A;Sí;Sí;Sí;Sí;Sí;Sí;Sí;N/A;Sí;Sí;Sí;Sí;N/A;N/A;Sí;Sí;N/A;Sí;Sí;Sí;Sí;N/A;N/A;N/A;N/A;Sí
Hyundai;HB20;"1.6 Premium 5p";2024;"0 km";;"ZUCCHINO MOTORS";22990;;;;;"Tres Cruces";https://auto.mercadolibre.com.uy/MLU-672277680-hyundai-hb20-16-premium-mt-zucchino-motors-_JM;N/A;;"Hyundai Hb20 1.6 Premium Mt | Zucchino Motors";usd;Sí;gold_premium;false;N/A;N/A;http://perfil.mercadolibre.com.uy/ZUCCHINO+MOTORS;active;N/A;N/A;Nuevo;Blanco;N/A;Hidráulica;Delantera;Sí;N/A;Sí;N/A;N/A;N/A;N/A;N/A;N/A;N/A;N/A;N/A;N/A;N/A;N/A;N/A;N/A;N/A;N/A;N/A;N/A;N/A;N/A;N/A;N/A;"2500 mm";"1.6 L";"50 L";6;N/A;N/A;N/A;N/A;N/A;N/A;N/A;N/A;N/A;N/A;N/A;N/A;N/A;N/A;N/A;N/A;N/A;N/A;N/A;N/A;N/A;N/A;N/A;N/A;N/A;N/A;N/A;N/A;N/A;N/A;N/A;N/A;N/A;Sí;Sí;N/A;N/A;N/A;N/A;N/A;N/A;N/A;N/A;N/A;N/A;"1470 mm";"3920 mm";N/A;N/A;N/A;N/A;5;"123 hp";Premium;N/A;4;"1680 mm";N/A;N/A;N/A;N/A;Sí;N/A;N/A;Sí;Sí;N/A;N/A;"13.8 km/l";N/A;N/A;N/A;N/A;N/A;"Lunes a Viernes 8 a 19hs";5;1.6;Nafta;Manual;Hatchback;"Autos y camionetas";N/A;N/A;N/A;N/A;N/A;N/A;UY;N/A;N/A;N/A;N/A;N/A;N/A;N/A;N/A;N/A;N/A;N/A;N/A;N/A;N/A;N/A;N/A;N/A;N/A;N/A;N/A;N/A;N/A;N/A;N/A;N/A;N/A;N/A;N/A;N/A;N/A;N/A;N/A;N/A;N/A;N/A;N/A;N/A;N/A;N/A;N/A;N/A;N/A;N/A;N/A;N/A;N/A;N/A;N/A;N/A;N/A;N/A;N/A;N/A;N/A;N/A;N/A;N/A;N/A;N/A;N/A;N/A;N/A;N/A;N/A;N/A;N/A;N/A;N/A;N/A;N/A;N/A;N/A;N/A;N/A;N/A;N/A;N/A;N/A;N/A;N/A;N/A;N/A;N/A;N/A;N/A;N/A;N/A;N/A;N/A;N/A;N/A;N/A;N/A;N/A;N/A;N/A;N/A;N/A;N/A;N/A;N/A;N/A;N/A;N/A;N/A;Sí;N/A;N/A;N/A;Sí;N/A;N/A;Sí;N/A;Sí
Hyundai;HB20;"1.0 Premium Mt";2024;"0 km";;"ZUCCHINO MOTORS";19990;;;;;"Tres Cruces";https://auto.mercadolibre.com.uy/MLU-637179121-hyundai-hb20-10-premium-zucchino-motors-_JM;N/A;;"Hyundai Hb20 1.0 Premium | Zucchino Motors";usd;Sí;gold_premium;false;N/A;N/A;http://perfil.mercadolibre.com.uy/ZUCCHINO+MOTORS;active;N/A;N/A;Nuevo;Rojo;N/A;Hidráulica;Delantera;Sí;N/A;Sí;N/A;N/A;N/A;N/A;N/A;N/A;N/A;N/A;N/A;N/A;N/A;N/A;N/A;N/A;N/A;N/A;N/A;N/A;N/A;N/A;N/A;N/A;"2500 mm";"1 L";"50 L";6;N/A;N/A;N/A;N/A;N/A;N/A;N/A;N/A;N/A;N/A;N/A;N/A;N/A;N/A;N/A;N/A;N/A;N/A;N/A;N/A;N/A;N/A;N/A;N/A;N/A;N/A;N/A;N/A;N/A;N/A;N/A;N/A;N/A;Sí;Sí;N/A;N/A;N/A;N/A;N/A;N/A;N/A;N/A;N/A;N/A;"1470 mm";"3920 mm";N/A;N/A;N/A;N/A;5;"80 hp";N/A;N/A;4;"1680 mm";N/A;N/A;N/A;N/A;Sí;N/A;N/A;Sí;Sí;N/A;N/A;"13.8 km/l";N/A;N/A;N/A;N/A;N/A;"Lunes a Viernes de 8 a 19hs";5;1.0;Nafta;Manual;Hatchback;"Autos y camionetas";N/A;N/A;N/A;N/A;N/A;N/A;UY;N/A;N/A;N/A;N/A;N/A;N/A;N/A;N/A;N/A;N/A;N/A;N/A;N/A;N/A;N/A;N/A;N/A;N/A;N/A;N/A;N/A;N/A;N/A;N/A;N/A;N/A;N/A;N/A;N/A;N/A;N/A;N/A;N/A;N/A;N/A;N/A;N/A;N/A;N/A;N/A;N/A;N/A;N/A;N/A;N/A;N/A;N/A;N/A;N/A;N/A;N/A;N/A;N/A;N/A;N/A;N/A;N/A;N/A;N/A;N/A;N/A;N/A;N/A;N/A;N/A;N/A;N/A;N/A;N/A;N/A;N/A;N/A;N/A;N/A;N/A;N/A;N/A;N/A;N/A;N/A;N/A;N/A;N/A;N/A;N/A;N/A;N/A;N/A;N/A;N/A;N/A;N/A;N/A;N/A;N/A;N/A;N/A;N/A;N/A;N/A;N/A;N/A;N/A;N/A;N/A;Sí;N/A;N/A;N/A;Sí;N/A;N/A;Sí;N/A;Sí
Hyundai;HB20;"HATCH 1.0 COMFORT";2025;"0 km";;"OLIVA AUTOMOTORES";16990;;;;;Malvin;https://auto.mercadolibre.com.uy/MLU-695761612-hyundai-hb20-hatch-10-comfort-10-2025-0km-_JM;N/A;;"Hyundai Hb20 Hatch 1.0 Comfort 1.0 2025 0km";USD;Sí;gold_premium;false;N/A;N/A;http://perfil.mercadolibre.com.uy/OLIVA+AUTOMOTORES;active;N/A;N/A;Nuevo;"Gris oscuro";N/A;Eléctrica;Delantera;Sí;N/A;N/A;N/A;N/A;N/A;N/A;N/A;N/A;N/A;N/A;N/A;N/A;N/A;N/A;N/A;N/A;N/A;N/A;N/A;N/A;N/A;N/A;N/A;N/A;N/A;"1000 cc";N/A;6;N/A;N/A;N/A;N/A;Sí;N/A;N/A;N/A;N/A;N/A;N/A;N/A;N/A;N/A;N/A;N/A;N/A;N/A;N/A;N/A;N/A;N/A;N/A;Sí;N/A;Sí;N/A;Sí;N/A;N/A;N/A;N/A;N/A;N/A;N/A;N/A;N/A;N/A;N/A;N/A;N/A;N/A;N/A;N/A;N/A;N/A;N/A;"300 L";N/A;N/A;N/A;N/A;"80 hp";Comfort;N/A;N/A;N/A;"16 km/l";N/A;N/A;N/A;Sí;N/A;N/A;Sí;Sí;N/A;N/A;"20 km/l";N/A;N/A;N/A;N/A;Sí;"Lun. a Vie. de 9 a 18.30 hs. Sáb. de 10 a 13 hs.";5;1.0;Nafta;Manual;Hatchback;"Autos y camionetas";No;N/A;N/A;N/A;No;N/A;N/A;No;Sí;No;No;N/A;N/A;N/A;N/A;N/A;N/A;N/A;N/A;N/A;N/A;N/A;N/A;N/A;N/A;N/A;N/A;N/A;N/A;N/A;N/A;N/A;N/A;N/A;N/A;N/A;N/A;N/A;N/A;N/A;N/A;N/A;N/A;Sí;N/A;N/A;N/A;N/A;N/A;N/A;N/A;N/A;N/A;N/A;N/A;N/A;N/A;N/A;N/A;N/A;N/A;Sí;No;N/A;N/A;N/A;N/A;N/A;N/A;N/A;N/A;N/A;N/A;N/A;N/A;N/A;N/A;N/A;N/A;N/A;N/A;N/A;N/A;N/A;N/A;N/A;N/A;N/A;N/A;N/A;N/A;N/A;N/A;N/A;N/A;N/A;Sí;N/A;N/A;Sí;Sí;N/A;Sí;N/A;N/A;Sí;N/A;N/A;N/A;N/A;Sí;Sí;Sí;N/A;N/A;N/A;Sí;N/A;N/A;Sí;N/A;Sí
Hyundai;H1;"2.4 Grand Starex Minibus 12as";2020;"120000 km";;"KM0 MOTORS";33000;;;;;"Aeropuerto Internacional De Carrasco";https://auto.mercadolibre.com.uy/MLU-693929944-hyundai-h1-2020-27-grand-starex-minibus-12as-_JM;N/A;;"Hyundai H1 2020 2.7 Grand Starex Minibus 12as";usd;Sí;gold_premium;false;N/A;N/A;http://perfil.mercadolibre.com.uy/KM0+MOTORS;active;N/A;N/A;Usado;Blanco;N/A;N/A;Trasera;N/A;N/A;Sí;N/A;N/A;N/A;N/A;N/A;N/A;N/A;N/A;N/A;N/A;N/A;N/A;N/A;N/A;N/A;N/A;N/A;N/A;N/A;N/A;N/A;N/A;"3201 mm";"2.4 L";"75 L";6;N/A;N/A;N/A;N/A;N/A;N/A;N/A;N/A;N/A;N/A;N/A;N/A;N/A;N/A;N/A;N/A;N/A;N/A;N/A;N/A;N/A;N/A;N/A;N/A;N/A;N/A;N/A;N/A;N/A;N/A;N/A;Sí;N/A;N/A;N/A;N/A;N/A;N/A;N/A;N/A;N/A;Sí;N/A;N/A;N/A;"1925 mm";"5125 mm";N/A;N/A;N/A;N/A;12;"175 hp";N/A;N/A;4;"1920 mm";N/A;N/A;N/A;N/A;N/A;N/A;N/A;N/A;N/A;N/A;Sí;N/A;N/A;N/A;N/A;N/A;N/A;N/A;4;2.4;Diésel;Manual;N/A;"Autos y camionetas";N/A;N/A;N/A;N/A;N/A;N/A;UY;N/A;N/A;N/A;N/A;N/A;N/A;N/A;N/A;N/A;N/A;N/A;N/A;N/A;N/A;N/A;N/A;N/A;N/A;N/A;N/A;N/A;N/A;N/A;N/A;N/A;N/A;N/A;N/A;N/A;N/A;N/A;N/A;N/A;N/A;N/A;N/A;N/A;N/A;N/A;N/A;N/A;N/A;N/A;N/A;N/A;N/A;N/A;N/A;N/A;N/A;N/A;N/A;N/A;N/A;N/A;N/A;N/A;N/A;N/A;N/A;N/A;N/A;N/A;N/A;N/A;N/A;N/A;N/A;N/A;N/A;N/A;N/A;N/A;N/A;N/A;N/A;N/A;N/A;N/A;N/A;N/A;N/A;N/A;N/A;N/A;N/A;N/A;N/A;N/A;Sí;N/A;Sí;N/A;Sí;Sí;N/A;N/A;N/A;Sí;N/A;N/A;N/A;Sí;N/A;Sí;Sí;N/A;N/A;N/A;N/A;N/A;N/A;N/A;N/A;N/A
Hyundai;Creta;"1.0 T-Gdi Limited At";2024;"0 km";;DUSOLLOSRL;35490;;;;;"Parque Rodó";https://auto.mercadolibre.com.uy/MLU-680128858-hyundai-creta-_JM;N/A;;"Hyundai Creta";usd;Sí;gold_premium;false;N/A;N/A;http://perfil.mercadolibre.com.uy/DUSOLLOSRL;active;N/A;N/A;Nuevo;Blanco;N/A;N/A;4x2;N/A;N/A;N/A;N/A;N/A;N/A;N/A;N/A;N/A;N/A;N/A;N/A;N/A;N/A;N/A;N/A;N/A;N/A;N/A;N/A;N/A;N/A;N/A;N/A;N/A;"2610 mm";"1 L";"50 L";6;N/A;N/A;N/A;N/A;N/A;N/A;N/A;N/A;N/A;N/A;N/A;N/A;N/A;N/A;N/A;N/A;N/A;N/A;N/A;N/A;N/A;N/A;N/A;N/A;N/A;N/A;N/A;N/A;N/A;N/A;N/A;N/A;N/A;N/A;N/A;N/A;N/A;N/A;N/A;N/A;N/A;N/A;N/A;N/A;N/A;"1635 mm";"4290 mm";N/A;N/A;N/A;N/A;5;"120 hp";Limited;N/A;4;"1790 mm";N/A;N/A;N/A;N/A;N/A;N/A;N/A;N/A;N/A;N/A;N/A;N/A;N/A;N/A;N/A;N/A;N/A;N/A;5;1.0;Nafta;Automática;SUV;"Autos y camionetas";N/A;N/A;N/A;N/A;N/A;N/A;UY;N/A;N/A;N/A;N/A;N/A;N/A;N/A;N/A;N/A;N/A;N/A;N/A;N/A;N/A;N/A;N/A;N/A;N/A;N/A;N/A;N/A;N/A;N/A;N/A;N/A;N/A;N/A;N/A;N/A;N/A;N/A;N/A;N/A;N/A;N/A;N/A;N/A;N/A;N/A;N/A;N/A;N/A;N/A;N/A;N/A;N/A;N/A;N/A;N/A;N/A;N/A;N/A;N/A;N/A;N/A;N/A;N/A;N/A;N/A;N/A;N/A;N/A;N/A;N/A;N/A;N/A;N/A;N/A;N/A;N/A;N/A;N/A;N/A;N/A;N/A;N/A;N/A;N/A;N/A;N/A;N/A;N/A;N/A;N/A;N/A;N/A;N/A;N/A;N/A;N/A;N/A;N/A;N/A;N/A;N/A;N/A;N/A;N/A;N/A;N/A;N/A;N/A;N/A;N/A;N/A;N/A;N/A;N/A;N/A;N/A;N/A;N/A;N/A;N/A;N/A
Hyundai;"Kona Híbrida";Safe;2024;"0 km";;"ZUCCHINO MOTORS";41990;;;;;"Tres Cruces";https://auto.mercadolibre.com.uy/MLU-672322576-hyundai-kona-safe-hibrida-zucchino-motors-_JM;N/A;;"Hyundai Kona Safe Híbrida | Zucchino Motors";usd;Sí;gold_premium;false;N/A;N/A;http://perfil.mercadolibre.com.uy/ZUCCHINO+MOTORS;active;N/A;N/A;Nuevo;Verde;N/A;Eléctrica;Delantera;Sí;Sí;N/A;N/A;N/A;Sí;N/A;N/A;No;N/A;N/A;Sí;Sí;N/A;Sí;N/A;N/A;N/A;N/A;N/A;N/A;N/A;N/A;N/A;N/A;"2660 mm";"1.6 L";"38 L";N/A;N/A;N/A;N/A;N/A;N/A;No;N/A;N/A;N/A;N/A;N/A;N/A;N/A;N/A;N/A;N/A;N/A;N/A;N/A;N/A;N/A;N/A;N/A;N/A;N/A;N/A;N/A;N/A;N/A;Sí;N/A;N/A;N/A;N/A;N/A;N/A;N/A;N/A;N/A;N/A;N/A;N/A;N/A;N/A;N/A;"1575 mm";"4355 mm";N/A;N/A;N/A;N/A;5;"105 hp";Safe;N/A;4;"1825 mm";N/A;Sí;N/A;Sí;Sí;N/A;Sí;Sí;N/A;No;N/A;N/A;No;No;N/A;N/A;Sí;"Lunes a Viernes de 8 a 19hs";5;1.6;Híbrido;"Automática secuencial";SUV;"Autos y camionetas";Sí;N/A;N/A;N/A;Sí;N/A;UY;N/A;Sí;N/A;Sí;N/A;N/A;N/A;N/A;N/A;N/A;N/A;N/A;N/A;N/A;N/A;N/A;N/A;Sí;N/A;N/A;N/A;N/A;N/A;N/A;N/A;N/A;N/A;N/A;N/A;N/A;N/A;N/A;N/A;N/A;N/A;N/A;Sí;N/A;N/A;N/A;N/A;N/A;N/A;N/A;N/A;N/A;N/A;N/A;N/A;N/A;N/A;N/A;N/A;N/A;Sí;No;N/A;N/A;N/A;N/A;N/A;N/A;N/A;N/A;N/A;N/A;N/A;N/A;N/A;N/A;N/A;N/A;N/A;N/A;N/A;N/A;N/A;N/A;N/A;N/A;N/A;N/A;N/A;N/A;N/A;N/A;N/A;N/A;No;Sí;Sí;Sí;N/A;Sí;N/A;N/A;N/A;N/A;Sí;Sí;Sí;Sí;N/A;N/A;Sí;Sí;Sí;Sí;No;Sí;No;No;Sí;N/A;Sí
Hyundai;HB20;"1.6 Premium At 5p";2024;"0 km";;"ZUCCHINO MOTORS";24990;;;;;"Tres Cruces";https://auto.mercadolibre.com.uy/MLU-672322540-hyundai-hb20-16-premium-at-zucchino-motors-_JM;N/A;;"Hyundai Hb20 1.6 Premium At | Zucchino Motors";usd;Sí;gold_premium;false;N/A;N/A;http://perfil.mercadolibre.com.uy/ZUCCHINO+MOTORS;active;N/A;N/A;Nuevo;Blanco;N/A;Hidráulica;Delantera;Sí;N/A;Sí;N/A;N/A;N/A;N/A;N/A;N/A;N/A;N/A;N/A;N/A;N/A;N/A;N/A;N/A;N/A;N/A;N/A;N/A;N/A;N/A;N/A;N/A;"2500 mm";"1.6 L";"50 L";6;N/A;N/A;N/A;N/A;N/A;N/A;N/A;N/A;N/A;N/A;N/A;N/A;N/A;N/A;N/A;N/A;N/A;N/A;N/A;N/A;N/A;N/A;N/A;N/A;N/A;N/A;N/A;N/A;N/A;N/A;N/A;N/A;N/A;Sí;Sí;N/A;N/A;N/A;N/A;N/A;N/A;N/A;N/A;N/A;N/A;"1470 mm";"3920 mm";N/A;N/A;N/A;N/A;5;"123 hp";Premium;N/A;4;"1680 mm";N/A;N/A;N/A;N/A;Sí;N/A;N/A;Sí;Sí;N/A;N/A;"13.8 km/l";N/A;N/A;N/A;N/A;N/A;"Lunes a Viernes de 8 a 19hs";5;1.6;Nafta;Automática;Hatchback;"Autos y camionetas";N/A;N/A;N/A;N/A;N/A;N/A;UY;N/A;N/A;N/A;N/A;N/A;N/A;N/A;N/A;N/A;N/A;N/A;N/A;N/A;N/A;N/A;N/A;N/A;N/A;N/A;N/A;N/A;N/A;N/A;N/A;N/A;N/A;N/A;N/A;N/A;N/A;N/A;N/A;N/A;N/A;N/A;N/A;N/A;N/A;N/A;N/A;N/A;N/A;N/A;N/A;N/A;N/A;N/A;N/A;N/A;N/A;N/A;N/A;N/A;N/A;N/A;N/A;N/A;N/A;N/A;N/A;N/A;N/A;N/A;N/A;N/A;N/A;N/A;N/A;N/A;N/A;N/A;N/A;N/A;N/A;N/A;N/A;N/A;N/A;N/A;N/A;N/A;N/A;N/A;N/A;N/A;N/A;N/A;N/A;N/A;N/A;N/A;N/A;N/A;N/A;N/A;N/A;N/A;N/A;N/A;N/A;N/A;N/A;N/A;N/A;N/A;Sí;N/A;N/A;N/A;Sí;N/A;N/A;Sí;N/A;Sí
Hyundai;HB20;"1.6 Comfort Plus 5p";2017;"103700 km";;AUTOMOVILESCONCORDE;13290;;;;;Cordón;https://auto.mercadolibre.com.uy/MLU-703852660-hyundai-hb20-16-_JM;N/A;;"Hyundai  Hb20 1.6";usd;Sí;gold_premium;false;N/A;N/A;http://perfil.mercadolibre.com.uy/AUTOMOVILESCONCORDE;active;N/A;N/A;Usado;Gris;N/A;Hidráulica;Delantera;Sí;N/A;Sí;N/A;N/A;N/A;N/A;N/A;N/A;N/A;N/A;N/A;N/A;N/A;N/A;N/A;N/A;N/A;N/A;N/A;N/A;N/A;N/A;N/A;N/A;"2500 mm";"1.6 L";"50 L";6;N/A;N/A;N/A;N/A;N/A;N/A;N/A;N/A;N/A;N/A;N/A;N/A;N/A;N/A;N/A;N/A;N/A;N/A;N/A;N/A;N/A;N/A;N/A;N/A;N/A;N/A;N/A;N/A;N/A;N/A;N/A;N/A;N/A;Sí;Sí;N/A;N/A;N/A;N/A;N/A;N/A;N/A;N/A;N/A;N/A;"1470 mm";"3920 mm";N/A;N/A;N/A;N/A;5;"122 hp";"Comfort Plus";N/A;4;"1680 mm";N/A;N/A;N/A;N/A;Sí;N/A;N/A;Sí;Sí;N/A;N/A;"13.8 km/l";N/A;N/A;N/A;N/A;N/A;N/A;5;1.6;Nafta;Manual;Hatchback;"Autos y camionetas";N/A;N/A;N/A;N/A;N/A;N/A;UY;N/A;N/A;N/A;N/A;N/A;N/A;N/A;N/A;N/A;N/A;N/A;N/A;N/A;N/A;N/A;N/A;N/A;N/A;N/A;N/A;N/A;N/A;N/A;N/A;N/A;N/A;N/A;N/A;N/A;N/A;N/A;N/A;N/A;N/A;N/A;N/A;N/A;N/A;N/A;N/A;N/A;N/A;N/A;N/A;N/A;N/A;N/A;N/A;N/A;N/A;N/A;N/A;N/A;N/A;N/A;N/A;N/A;N/A;N/A;N/A;N/A;N/A;N/A;N/A;N/A;N/A;N/A;N/A;N/A;N/A;N/A;N/A;N/A;N/A;N/A;N/A;N/A;N/A;N/A;N/A;N/A;N/A;N/A;N/A;N/A;N/A;N/A;N/A;N/A;N/A;N/A;N/A;N/A;N/A;N/A;N/A;N/A;N/A;N/A;N/A;N/A;N/A;N/A;N/A;N/A;Sí;N/A;N/A;N/A;Sí;N/A;N/A;Sí;N/A;Sí
Hyundai;HB20S;"1.6 Premium 4p";2023;"0 km";;"HYUNDAI RUTA";23990;;;;;Centro;https://auto.mercadolibre.com.uy/MLU-694130594-hyundai-hb20s-2024-16-premium-_JM;N/A;;"Hyundai Hb20s 2024 1.6 Premium ";usd;Sí;gold_premium;false;N/A;N/A;http://perfil.mercadolibre.com.uy/HYUNDAI+RUTA;active;N/A;N/A;Nuevo;Blanco;N/A;Hidráulica;Delantera;Sí;N/A;Sí;N/A;N/A;N/A;N/A;N/A;N/A;N/A;N/A;N/A;N/A;N/A;N/A;N/A;N/A;N/A;N/A;N/A;N/A;N/A;N/A;N/A;N/A;"2500 mm";"1.6 L";"50 L";6;N/A;N/A;N/A;N/A;N/A;N/A;N/A;N/A;N/A;N/A;N/A;N/A;N/A;N/A;N/A;N/A;N/A;N/A;N/A;N/A;N/A;N/A;N/A;N/A;N/A;N/A;N/A;N/A;N/A;N/A;N/A;N/A;N/A;Sí;Sí;N/A;N/A;N/A;N/A;N/A;N/A;N/A;N/A;N/A;N/A;"1470 mm";"4230 mm";N/A;N/A;N/A;N/A;5;"123 hp";Premium;N/A;4;"1680 mm";N/A;N/A;N/A;N/A;Sí;N/A;N/A;Sí;Sí;N/A;N/A;"14 km/l";N/A;N/A;N/A;N/A;N/A;"Lunes a Viernes de 9:00 a 18:00 - Sábados y Domingos de 10:00 a 17:00";4;1.6;Nafta;Manual;Sedán;"Autos y camionetas";N/A;N/A;N/A;N/A;N/A;N/A;UY;N/A;N/A;N/A;N/A;N/A;N/A;N/A;N/A;N/A;N/A;N/A;N/A;N/A;N/A;N/A;N/A;N/A;N/A;N/A;N/A;N/A;N/A;N/A;N/A;N/A;N/A;N/A;N/A;N/A;N/A;N/A;N/A;N/A;N/A;N/A;N/A;N/A;N/A;N/A;N/A;N/A;N/A;N/A;N/A;N/A;N/A;N/A;N/A;N/A;N/A;N/A;N/A;N/A;N/A;N/A;N/A;N/A;N/A;N/A;N/A;N/A;N/A;N/A;N/A;N/A;N/A;N/A;N/A;N/A;N/A;N/A;N/A;N/A;N/A;N/A;N/A;N/A;N/A;N/A;N/A;N/A;N/A;N/A;N/A;N/A;N/A;N/A;N/A;N/A;N/A;N/A;N/A;N/A;N/A;N/A;N/A;N/A;N/A;N/A;N/A;N/A;N/A;N/A;N/A;N/A;Sí;N/A;N/A;N/A;Sí;N/A;N/A;Sí;N/A;Sí
Hyundai;"Kona Hybrid";"1.6 Gdi Safe";2024;"27000 km";;PAKAUTOMOVILES;38500;;;;;Malvin;https://auto.mercadolibre.com.uy/MLU-704633722-hyundai-new-kona-hev-safe-_JM;N/A;;"Hyundai New Kona Hev Safe ";usd;Sí;gold_premium;false;N/A;N/A;http://perfil.mercadolibre.com.uy/PAKAUTOMOVILES;active;N/A;N/A;Usado;Verde;N/A;N/A;Delantera;N/A;N/A;N/A;N/A;N/A;N/A;N/A;N/A;N/A;N/A;N/A;N/A;N/A;N/A;N/A;N/A;N/A;N/A;N/A;N/A;N/A;N/A;N/A;N/A;N/A;"2660 mm";"1.6 L";"38 L";N/A;N/A;N/A;N/A;N/A;N/A;N/A;N/A;N/A;N/A;N/A;N/A;N/A;N/A;N/A;N/A;N/A;N/A;N/A;N/A;N/A;N/A;N/A;N/A;N/A;N/A;N/A;N/A;N/A;N/A;N/A;N/A;N/A;N/A;N/A;N/A;N/A;N/A;N/A;N/A;N/A;N/A;N/A;N/A;N/A;N/A;"1575 mm";"4355 mm";N/A;N/A;N/A;N/A;5;"105 hp";Safe;N/A;4;"1825 mm";N/A;N/A;N/A;N/A;N/A;N/A;N/A;N/A;N/A;N/A;N/A;N/A;N/A;N/A;N/A;N/A;N/A;N/A;5;1.6;Híbrido;Automática;SUV;"Autos y camionetas";N/A;N/A;N/A;N/A;N/A;N/A;UY;N/A;N/A;N/A;N/A;N/A;N/A;N/A;N/A;N/A;N/A;N/A;N/A;N/A;N/A;N/A;N/A;N/A;N/A;N/A;N/A;N/A;N/A;N/A;N/A;N/A;N/A;N/A;N/A;N/A;N/A;N/A;N/A;N/A;N/A;N/A;N/A;N/A;N/A;N/A;N/A;N/A;N/A;N/A;N/A;N/A;N/A;N/A;N/A;N/A;N/A;N/A;N/A;N/A;N/A;N/A;N/A;N/A;N/A;N/A;N/A;N/A;N/A;N/A;N/A;N/A;N/A;N/A;N/A;N/A;N/A;N/A;N/A;N/A;N/A;N/A;N/A;N/A;N/A;N/A;N/A;N/A;N/A;N/A;N/A;N/A;N/A;N/A;N/A;N/A;N/A;N/A;N/A;N/A;N/A;N/A;N/A;N/A;N/A;N/A;N/A;N/A;N/A;N/A;N/A;N/A;N/A;N/A;N/A;N/A;N/A;N/A;N/A;N/A;N/A;N/A
Hyundai;Creta;"GSB AUTOMATICA UN DUEÑO C/FICHA PERMUTO FINANCIO DIRECTO";2019;"60000 km";;"POMBO NOVO_AUTOMOVILES";21900;;;;;Malvin;https://auto.mercadolibre.com.uy/MLU-704473272-hyundai-creta-gsb-automatica-2019-60000km-_JM;N/A;;"Hyundai Creta Gsb Automatica 2019 60.000km ";USD;Sí;gold_premium;false;N/A;N/A;http://perfil.mercadolibre.com.uy/POMBO+NOVO_AUTOMOVILES;active;N/A;N/A;Usado;Rojo;Sí;Hidráulica;Trasera;Sí;Sí;N/A;N/A;N/A;No;N/A;N/A;No;N/A;N/A;Sí;Sí;N/A;Sí;N/A;N/A;N/A;N/A;N/A;N/A;N/A;N/A;N/A;N/A;N/A;N/A;N/A;N/A;N/A;N/A;N/A;N/A;N/A;Sí;N/A;N/A;N/A;N/A;N/A;N/A;N/A;N/A;N/A;N/A;N/A;N/A;N/A;N/A;N/A;N/A;N/A;N/A;N/A;N/A;N/A;N/A;N/A;Sí;N/A;N/A;N/A;N/A;N/A;N/A;N/A;N/A;N/A;N/A;N/A;N/A;N/A;N/A;N/A;N/A;N/A;N/A;N/A;N/A;N/A;N/A;N/A;N/A;N/A;N/A;N/A;N/A;Sí;N/A;No;Sí;N/A;Sí;Sí;N/A;No;N/A;N/A;No;No;N/A;N/A;Sí;"LUNES A VIERNES 11:00 A 18:00";5;"1.6 16v";Nafta;Automática;SUV;"Autos y camionetas";Sí;N/A;N/A;N/A;No;N/A;N/A;N/A;Sí;N/A;Sí;N/A;N/A;N/A;N/A;N/A;N/A;N/A;N/A;N/A;N/A;N/A;N/A;N/A;Sí;N/A;N/A;N/A;N/A;N/A;N/A;N/A;N/A;N/A;N/A;N/A;N/A;N/A;N/A;N/A;N/A;N/A;N/A;No;N/A;N/A;N/A;N/A;N/A;N/A;N/A;N/A;N/A;N/A;N/A;N/A;N/A;N/A;N/A;N/A;N/A;No;No;N/A;N/A;N/A;N/A;N/A;N/A;N/A;N/A;N/A;N/A;N/A;N/A;N/A;N/A;N/A;N/A;N/A;N/A;N/A;N/A;N/A;N/A;N/A;N/A;N/A;N/A;N/A;N/A;N/A;N/A;N/A;N/A;No;Sí;Sí;Sí;N/A;Sí;N/A;N/A;N/A;N/A;Sí;No;Sí;Sí;N/A;N/A;Sí;Sí;Sí;Sí;Sí;Sí;Sí;Sí;Sí;N/A;Sí
Hyundai;Ioniq;"GLS 1.6 HIBRIDO";2018;"124000 km";;"BIELCAR AUTOMOVILES";21990;;;;;"Tres Cruces";https://auto.mercadolibre.com.uy/MLU-703511114-hyundai-ioniq-gls-16-hibrido-excelente-estado-_JM;N/A;;"Hyundai Ioniq Gls 1.6 Hibrido Excelente Estado";usd;Sí;gold_premium;false;N/A;N/A;http://perfil.mercadolibre.com.uy/BIELCAR+AUTOMOVILES;active;N/A;N/A;Usado;Blanco;N/A;Eléctrica;N/A;Sí;Sí;Sí;Sí;N/A;N/A;Sí;Sí;Sí;Sí;Sí;Sí;Sí;N/A;N/A;N/A;N/A;N/A;N/A;N/A;N/A;N/A;N/A;N/A;N/A;N/A;"1582 cc";N/A;6;N/A;N/A;N/A;N/A;Sí;N/A;Sí;N/A;N/A;N/A;N/A;N/A;N/A;N/A;N/A;N/A;N/A;N/A;N/A;N/A;N/A;N/A;N/A;Sí;N/A;Sí;N/A;Sí;N/A;N/A;N/A;N/A;N/A;N/A;N/A;N/A;Sí;N/A;N/A;N/A;N/A;N/A;Sí;N/A;N/A;N/A;N/A;N/A;N/A;N/A;N/A;N/A;"141 hp";N/A;N/A;N/A;N/A;N/A;N/A;N/A;Sí;Sí;Sí;Sí;Sí;Sí;Sí;Sí;N/A;N/A;N/A;N/A;N/A;Sí;"Lunes a Viernes de 9:30 a 19 horas";5;1.6;Nafta;"Automática secuencial";Sedán;"Autos y camionetas";No;N/A;N/A;N/A;No;N/A;UY;No;Sí;No;No;N/A;N/A;N/A;N/A;N/A;N/A;N/A;N/A;N/A;N/A;N/A;N/A;N/A;N/A;N/A;N/A;N/A;N/A;N/A;N/A;N/A;N/A;N/A;N/A;N/A;N/A;N/A;N/A;N/A;N/A;N/A;N/A;N/A;N/A;N/A;N/A;N/A;N/A;N/A;N/A;N/A;N/A;N/A;N/A;N/A;N/A;N/A;N/A;N/A;N/A;N/A;No;N/A;N/A;N/A;N/A;N/A;N/A;N/A;N/A;N/A;N/A;N/A;N/A;N/A;N/A;N/A;N/A;N/A;N/A;N/A;N/A;N/A;N/A;N/A;N/A;N/A;N/A;N/A;N/A;N/A;N/A;N/A;N/A;N/A;Sí;Sí;Sí;Sí;Sí;Sí;Sí;N/A;Sí;Sí;Sí;Sí;N/A;N/A;Sí;Sí;Sí;N/A;Sí;N/A;Sí;Sí;N/A;Sí;N/A;Sí
Hyundai;HB20;"1.0 Comfort Mt";2022;"42000 km";;CREDIAUTOAUTOMOVILES;15490;;;;;Malvin;https://auto.mercadolibre.com.uy/MLU-703185754-hyundai-hb20-10-comfort-10-financio-100-en-60-cuotas-_JM;N/A;;"Hyundai Hb20 1.0 Comfort 1.0 Financio 100% En 60 Cuotas ";usd;Sí;gold_premium;false;N/A;N/A;http://perfil.mercadolibre.com.uy/CREDIAUTOAUTOMOVILES;active;N/A;N/A;Usado;Plateado;N/A;Hidráulica;Delantera;Sí;N/A;Sí;N/A;N/A;N/A;N/A;N/A;N/A;N/A;N/A;Sí;Sí;N/A;N/A;N/A;N/A;N/A;N/A;N/A;N/A;N/A;N/A;N/A;N/A;"2500 mm";"1 L";"50 L";6;N/A;N/A;N/A;N/A;N/A;N/A;N/A;N/A;N/A;N/A;N/A;N/A;N/A;N/A;N/A;N/A;N/A;N/A;N/A;N/A;N/A;N/A;N/A;N/A;N/A;N/A;N/A;N/A;N/A;N/A;N/A;N/A;N/A;Sí;Sí;N/A;N/A;N/A;N/A;N/A;N/A;N/A;N/A;N/A;N/A;"1470 mm";"3920 mm";N/A;N/A;N/A;N/A;5;"101 hp";N/A;N/A;4;"1680 mm";N/A;N/A;N/A;N/A;Sí;N/A;N/A;Sí;Sí;N/A;N/A;"13.8 km/l";N/A;N/A;N/A;N/A;Sí;"Lunes a Viernes de 10 a 13hs y de 14 a 18hs Sabados de 10 a 14hs";5;1.0;Nafta;Manual;Hatchback;"Autos y camionetas";N/A;N/A;N/A;N/A;N/A;N/A;UY;N/A;Sí;N/A;Sí;N/A;N/A;N/A;N/A;N/A;N/A;N/A;N/A;N/A;N/A;N/A;N/A;N/A;N/A;N/A;N/A;N/A;N/A;N/A;N/A;N/A;N/A;N/A;N/A;N/A;N/A;N/A;N/A;N/A;N/A;N/A;N/A;N/A;N/A;N/A;N/A;N/A;N/A;N/A;N/A;N/A;N/A;N/A;N/A;N/A;N/A;N/A;N/A;N/A;N/A;N/A;N/A;N/A;N/A;N/A;N/A;N/A;N/A;N/A;N/A;N/A;N/A;N/A;N/A;N/A;N/A;N/A;N/A;N/A;N/A;N/A;N/A;N/A;N/A;N/A;N/A;N/A;N/A;N/A;N/A;N/A;N/A;N/A;N/A;N/A;Sí;N/A;N/A;N/A;Sí;N/A;N/A;N/A;N/A;Sí;N/A;Sí;Sí;N/A;N/A;N/A;Sí;Sí;Sí;Sí;Sí;N/A;N/A;Sí;N/A;Sí
Hyundai;Tucson;"2.0 Gl 5mt 2wd";2011;"176000 km";;GG20241128141244;14990;;;;;"Aeropuerto Internacional De Carrasco";https://auto.mercadolibre.com.uy/MLU-703063200-hyundai-tucson-20-mt-gl-motors-financiamos-100-en-pesos-_JM;N/A;;"Hyundai Tucson 2.0 Mt (gl Motors) Financiamos 100% En Pesos";usd;Sí;gold_premium;false;N/A;N/A;http://perfil.mercadolibre.com.uy/GG20241128141244;active;N/A;N/A;Usado;Gris;N/A;Hidráulica;4x2;Sí;N/A;Sí;N/A;N/A;N/A;N/A;N/A;N/A;N/A;N/A;N/A;N/A;N/A;N/A;N/A;N/A;N/A;N/A;N/A;N/A;N/A;N/A;N/A;N/A;"2630 mm";"2 L";"58 L";5;N/A;N/A;N/A;N/A;N/A;N/A;N/A;N/A;N/A;N/A;N/A;N/A;N/A;N/A;N/A;N/A;N/A;N/A;N/A;N/A;N/A;N/A;N/A;N/A;N/A;N/A;N/A;N/A;N/A;N/A;N/A;Sí;N/A;N/A;N/A;N/A;N/A;N/A;N/A;N/A;N/A;Sí;N/A;N/A;N/A;"1655 mm";"4410 mm";N/A;N/A;N/A;N/A;5;"166 hp";Gl;N/A;4;"1830 mm";"9.8 km/l";N/A;N/A;N/A;N/A;N/A;N/A;N/A;N/A;N/A;Sí;"6.1 km/l";N/A;N/A;N/A;N/A;N/A;"Lunes a Viernes de 9:00 a 18:30 / Sabados de 10:00 a 13:00";5;2.0;Nafta;Manual;SUV;"Autos y camionetas";N/A;N/A;N/A;N/A;N/A;N/A;UY;N/A;N/A;N/A;N/A;N/A;N/A;N/A;N/A;N/A;N/A;N/A;N/A;N/A;N/A;N/A;N/A;N/A;N/A;N/A;N/A;N/A;N/A;N/A;N/A;N/A;N/A;N/A;N/A;N/A;N/A;N/A;N/A;N/A;N/A;N/A;N/A;N/A;N/A;N/A;N/A;N/A;N/A;N/A;N/A;N/A;N/A;N/A;N/A;N/A;N/A;N/A;N/A;N/A;N/A;N/A;N/A;N/A;N/A;N/A;N/A;N/A;N/A;N/A;N/A;N/A;N/A;N/A;N/A;N/A;N/A;N/A;N/A;N/A;N/A;N/A;N/A;N/A;N/A;N/A;N/A;N/A;N/A;N/A;N/A;N/A;N/A;N/A;N/A;N/A;Sí;N/A;Sí;N/A;N/A;N/A;N/A;N/A;N/A;N/A;N/A;N/A;N/A;Sí;N/A;N/A;N/A;N/A;N/A;N/A;N/A;N/A;N/A;N/A;N/A;N/A
Hyundai;Accent;"1.5 Gls Mt";2012;"138000 km";;GLMOTORS3;10990;;;;;Cerrito;https://auto.mercadolibre.com.uy/MLU-702276484-hyundai-accent-gl-gl-motors-financiamos-100-en-pesos-_JM;N/A;;"Hyundai Accent Gl ((gl Motors)) Financiamos 100% En Pesos ";usd;Sí;gold_premium;false;N/A;N/A;http://perfil.mercadolibre.com.uy/GLMOTORS3;active;N/A;N/A;Usado;Plateado;N/A;Hidráulica;Delantera;Sí;N/A;N/A;N/A;N/A;N/A;N/A;N/A;N/A;N/A;N/A;N/A;N/A;N/A;N/A;N/A;N/A;N/A;N/A;N/A;N/A;N/A;N/A;N/A;N/A;"2440 mm";"1.5 L";"45 L";5;N/A;N/A;N/A;N/A;N/A;N/A;N/A;N/A;N/A;N/A;N/A;N/A;N/A;N/A;N/A;N/A;N/A;N/A;N/A;N/A;N/A;N/A;N/A;N/A;N/A;N/A;N/A;N/A;N/A;N/A;N/A;N/A;N/A;N/A;N/A;N/A;N/A;N/A;N/A;N/A;N/A;N/A;N/A;N/A;N/A;"1395 mm";"4235 mm";N/A;N/A;N/A;N/A;5;"92 hp";Gls;N/A;3;"1670 mm";"7.2 km/l";N/A;N/A;N/A;N/A;N/A;N/A;N/A;N/A;N/A;N/A;"4.5 km/l";N/A;N/A;N/A;N/A;N/A;N/A;4;1.5;Nafta;Manual;Sedán;"Autos y camionetas";N/A;N/A;N/A;N/A;N/A;N/A;UY;N/A;N/A;N/A;N/A;N/A;N/A;N/A;N/A;N/A;N/A;N/A;N/A;N/A;N/A;N/A;N/A;N/A;N/A;N/A;N/A;N/A;N/A;N/A;N/A;N/A;N/A;N/A;N/A;N/A;N/A;N/A;N/A;N/A;N/A;N/A;N/A;N/A;N/A;N/A;N/A;N/A;N/A;N/A;N/A;N/A;N/A;N/A;N/A;N/A;N/A;N/A;N/A;N/A;N/A;N/A;N/A;N/A;N/A;N/A;N/A;N/A;N/A;N/A;N/A;N/A;N/A;N/A;N/A;N/A;N/A;N/A;N/A;N/A;N/A;N/A;N/A;N/A;N/A;N/A;N/A;N/A;N/A;N/A;N/A;N/A;N/A;N/A;N/A;N/A;Sí;N/A;N/A;N/A;N/A;N/A;N/A;N/A;N/A;N/A;N/A;N/A;N/A;N/A;N/A;N/A;N/A;N/A;N/A;N/A;N/A;N/A;N/A;N/A;N/A;N/A
Hyundai;Tucson;"2.0 Gl 6at 2wd";2016;"111200 km";;AUGO152616;21900;;;;;"Lomas de Solymar";https://auto.mercadolibre.com.uy/MLU-701993366-hyundai-tucson-20-gls-safe-2016-permuto-financio-100-_JM;N/A;;"Hyundai Tucson 2.0 Gls Safe 2016 Permuto Financio 100%";usd;Sí;gold_premium;false;N/A;N/A;http://perfil.mercadolibre.com.uy/AUGO152616;active;N/A;N/A;Usado;Negro;N/A;Hidráulica;4x2;Sí;Sí;Sí;N/A;N/A;N/A;N/A;N/A;N/A;N/A;N/A;Sí;Sí;N/A;N/A;N/A;N/A;N/A;N/A;N/A;N/A;N/A;N/A;N/A;N/A;"2630 mm";"2 L";"58 L";6;N/A;N/A;N/A;N/A;N/A;N/A;N/A;N/A;N/A;N/A;N/A;N/A;N/A;N/A;N/A;N/A;N/A;N/A;N/A;N/A;N/A;N/A;N/A;N/A;N/A;N/A;N/A;N/A;N/A;N/A;N/A;Sí;N/A;N/A;N/A;N/A;N/A;N/A;N/A;N/A;N/A;Sí;N/A;N/A;N/A;"1655 mm";"4410 mm";N/A;N/A;N/A;N/A;5;"166 hp";Gl;N/A;4;"1830 mm";"10.4 km/l";Sí;N/A;Sí;Sí;N/A;Sí;Sí;N/A;N/A;Sí;"6.4 km/l";N/A;N/A;N/A;N/A;Sí;N/A;5;2.0;Nafta;Automática;SUV;"Autos y camionetas";N/A;N/A;N/A;N/A;N/A;N/A;UY;N/A;Sí;N/A;Sí;N/A;N/A;N/A;N/A;N/A;N/A;N/A;N/A;N/A;N/A;N/A;N/A;N/A;Sí;N/A;N/A;N/A;N/A;N/A;N/A;N/A;N/A;N/A;N/A;N/A;N/A;N/A;N/A;N/A;N/A;N/A;N/A;N/A;N/A;N/A;N/A;N/A;N/A;N/A;N/A;N/A;N/A;N/A;N/A;N/A;N/A;N/A;N/A;N/A;N/A;Sí;N/A;N/A;N/A;N/A;N/A;N/A;N/A;N/A;N/A;N/A;N/A;N/A;N/A;N/A;N/A;N/A;N/A;N/A;N/A;N/A;N/A;N/A;N/A;N/A;N/A;N/A;N/A;N/A;N/A;N/A;N/A;N/A;N/A;N/A;Sí;Sí;Sí;N/A;N/A;N/A;N/A;N/A;N/A;Sí;Sí;Sí;Sí;Sí;N/A;Sí;Sí;Sí;Sí;Sí;Sí;N/A;N/A;Sí;N/A;N/A
Hyundai;Staria;"Furgon Diesel";2021;"77000 km";;"USADOS FIDOCAR";33890;;;;;Centro;https://auto.mercadolibre.com.uy/MLU-644147237-hyundai-staria-_JM;N/A;;"Hyundai Staria ";USD;Sí;gold_premium;false;N/A;N/A;http://perfil.mercadolibre.com.uy/USADOS+FIDOCAR;active;N/A;N/A;Usado;Blanco;N/A;Eléctrica;4x2;N/A;N/A;N/A;N/A;N/A;N/A;N/A;N/A;N/A;N/A;N/A;N/A;N/A;N/A;N/A;N/A;N/A;N/A;N/A;N/A;N/A;N/A;N/A;N/A;N/A;N/A;N/A;N/A;N/A;N/A;N/A;N/A;N/A;N/A;N/A;N/A;N/A;N/A;N/A;N/A;N/A;N/A;N/A;N/A;N/A;N/A;N/A;N/A;N/A;N/A;N/A;N/A;N/A;N/A;N/A;N/A;N/A;N/A;N/A;N/A;N/A;N/A;N/A;N/A;N/A;N/A;N/A;N/A;N/A;N/A;N/A;N/A;N/A;N/A;N/A;N/A;N/A;N/A;N/A;N/A;N/A;N/A;N/A;N/A;N/A;N/A;N/A;N/A;N/A;N/A;N/A;N/A;N/A;N/A;N/A;N/A;N/A;N/A;N/A;N/A;N/A;N/A;N/A;"Lunes a Viernes de 10 a 18hs";5;2.2;Diésel;Manual;Furgón;"Autos y camionetas";N/A;N/A;N/A;N/A;N/A;N/A;N/A;N/A;N/A;N/A;N/A;N/A;N/A;N/A;N/A;N/A;N/A;N/A;N/A;N/A;N/A;N/A;N/A;N/A;N/A;N/A;N/A;N/A;N/A;N/A;N/A;N/A;N/A;N/A;N/A;N/A;N/A;N/A;N/A;N/A;N/A;N/A;N/A;N/A;N/A;N/A;N/A;N/A;N/A;N/A;N/A;N/A;N/A;N/A;N/A;N/A;N/A;N/A;N/A;N/A;N/A;N/A;N/A;N/A;N/A;N/A;N/A;N/A;N/A;N/A;N/A;N/A;N/A;N/A;N/A;N/A;N/A;N/A;N/A;N/A;N/A;N/A;N/A;N/A;N/A;N/A;N/A;N/A;N/A;N/A;N/A;N/A;N/A;N/A;N/A;N/A;N/A;N/A;N/A;N/A;N/A;N/A;N/A;N/A;N/A;N/A;N/A;N/A;N/A;N/A;N/A;N/A;N/A;N/A;N/A;N/A;N/A;N/A;N/A;N/A;N/A;N/A
Hyundai;"Ioniq 5";"0.0 Safe Long Range Rwd At";2024;"0 km";;"ZUCCHINO MOTORS";58990;;;;;"Tres Cruces";https://auto.mercadolibre.com.uy/MLU-687057714-hyundai-ioniq-5-safe-_JM;N/A;;"Hyundai Ioniq 5 Safe";usd;Sí;gold_premium;false;N/A;N/A;http://perfil.mercadolibre.com.uy/ZUCCHINO+MOTORS;active;N/A;N/A;Nuevo;Plateado;N/A;N/A;Trasera;N/A;N/A;N/A;N/A;N/A;N/A;N/A;N/A;N/A;N/A;N/A;N/A;N/A;N/A;N/A;N/A;N/A;N/A;N/A;N/A;N/A;N/A;N/A;N/A;N/A;"3000 mm";"0 L";N/A;N/A;N/A;N/A;N/A;N/A;N/A;N/A;N/A;N/A;N/A;N/A;N/A;N/A;N/A;N/A;N/A;N/A;N/A;N/A;N/A;N/A;N/A;N/A;N/A;N/A;N/A;N/A;N/A;N/A;N/A;N/A;N/A;N/A;N/A;N/A;N/A;N/A;N/A;N/A;N/A;N/A;N/A;N/A;N/A;N/A;N/A;"1604 mm";"4635 mm";N/A;N/A;N/A;N/A;5;"228 hp";Safe;N/A;N/A;"1890 mm";N/A;N/A;N/A;N/A;N/A;N/A;N/A;N/A;N/A;N/A;N/A;N/A;N/A;N/A;N/A;N/A;N/A;"Lunes a Viernes de 8 a 19hs";5;0.0;Eléctrico;Automática;Hatchback;"Autos y camionetas";N/A;N/A;N/A;N/A;N/A;N/A;UY;N/A;N/A;N/A;N/A;N/A;N/A;N/A;N/A;N/A;N/A;N/A;N/A;N/A;N/A;N/A;N/A;N/A;N/A;N/A;N/A;N/A;N/A;N/A;N/A;N/A;N/A;N/A;N/A;N/A;N/A;N/A;N/A;N/A;N/A;N/A;N/A;N/A;N/A;N/A;N/A;N/A;N/A;N/A;N/A;N/A;N/A;N/A;N/A;N/A;N/A;N/A;N/A;N/A;N/A;N/A;N/A;N/A;N/A;N/A;N/A;N/A;N/A;N/A;N/A;N/A;N/A;N/A;N/A;N/A;N/A;N/A;N/A;N/A;N/A;N/A;N/A;N/A;N/A;N/A;N/A;N/A;N/A;N/A;N/A;N/A;N/A;N/A;N/A;N/A;N/A;N/A;N/A;N/A;N/A;N/A;N/A;N/A;N/A;N/A;N/A;N/A;N/A;N/A;N/A;N/A;N/A;N/A;N/A;N/A;N/A;N/A;N/A;N/A;N/A;N/A
Hyundai;Creta;"1.0 T-Gdi Safe At";2024;"0 km";;DUSOLLOSRL;30990;;;;;"Parque Rodó";https://auto.mercadolibre.com.uy/MLU-640294915-hyundai-creta-_JM;N/A;;"Hyundai Creta";usd;Sí;gold_premium;false;N/A;N/A;http://perfil.mercadolibre.com.uy/DUSOLLOSRL;active;N/A;N/A;Nuevo;Blanco;N/A;N/A;4x2;N/A;N/A;N/A;N/A;N/A;N/A;N/A;N/A;N/A;N/A;N/A;N/A;N/A;N/A;N/A;N/A;N/A;N/A;N/A;N/A;N/A;N/A;N/A;N/A;N/A;"2610 mm";"1 L";"50 L";6;N/A;N/A;N/A;N/A;N/A;N/A;N/A;N/A;N/A;N/A;N/A;N/A;N/A;N/A;N/A;N/A;N/A;N/A;N/A;N/A;N/A;N/A;N/A;N/A;N/A;N/A;N/A;N/A;N/A;N/A;N/A;N/A;N/A;N/A;N/A;N/A;N/A;N/A;N/A;N/A;N/A;N/A;N/A;N/A;N/A;"1635 mm";"4290 mm";N/A;N/A;N/A;N/A;5;"120 hp";Safe;N/A;4;"1790 mm";N/A;N/A;N/A;N/A;N/A;N/A;N/A;N/A;N/A;N/A;N/A;N/A;N/A;N/A;N/A;N/A;N/A;N/A;5;1.0;Nafta;Automática;SUV;"Autos y camionetas";N/A;N/A;N/A;N/A;N/A;N/A;UY;N/A;N/A;N/A;N/A;N/A;N/A;N/A;N/A;N/A;N/A;N/A;N/A;N/A;N/A;N/A;N/A;N/A;N/A;N/A;N/A;N/A;N/A;N/A;N/A;N/A;N/A;N/A;N/A;N/A;N/A;N/A;N/A;N/A;N/A;N/A;N/A;N/A;N/A;N/A;N/A;N/A;N/A;N/A;N/A;N/A;N/A;N/A;N/A;N/A;N/A;N/A;N/A;N/A;N/A;N/A;N/A;N/A;N/A;N/A;N/A;N/A;N/A;N/A;N/A;N/A;N/A;N/A;N/A;N/A;N/A;N/A;N/A;N/A;N/A;N/A;N/A;N/A;N/A;N/A;N/A;N/A;N/A;N/A;N/A;N/A;N/A;N/A;N/A;N/A;N/A;N/A;N/A;N/A;N/A;N/A;N/A;N/A;N/A;N/A;N/A;N/A;N/A;N/A;N/A;N/A;N/A;N/A;N/A;N/A;N/A;N/A;N/A;N/A;N/A;N/A
Hyundai;"ioniq 5 eléctrico";"ioniq 5 eléctrico";2024;"0 km";;DUSOLLOSRL;58990;;;;;"Parque Rodó";https://auto.mercadolibre.com.uy/MLU-680052006-hyundai-ioniq-5-electrico-ioniq-5-electrico-_JM;N/A;;"Hyundai Ioniq 5 Eléctrico Ioniq 5 Eléctrico";USD;Sí;gold_premium;false;N/A;N/A;http://perfil.mercadolibre.com.uy/DUSOLLOSRL;active;N/A;N/A;Nuevo;Gris;N/A;Eléctrica;Delantera;N/A;N/A;N/A;N/A;N/A;N/A;N/A;N/A;N/A;N/A;N/A;N/A;N/A;N/A;N/A;N/A;N/A;N/A;N/A;N/A;N/A;N/A;N/A;N/A;N/A;N/A;N/A;N/A;N/A;N/A;N/A;N/A;N/A;N/A;N/A;N/A;N/A;N/A;N/A;N/A;N/A;N/A;N/A;N/A;N/A;N/A;N/A;N/A;N/A;N/A;N/A;N/A;N/A;N/A;N/A;N/A;N/A;N/A;N/A;N/A;N/A;N/A;N/A;N/A;N/A;N/A;N/A;N/A;N/A;N/A;N/A;N/A;N/A;N/A;N/A;N/A;N/A;N/A;N/A;N/A;N/A;N/A;N/A;N/A;N/A;N/A;N/A;N/A;N/A;N/A;N/A;N/A;N/A;N/A;N/A;N/A;N/A;N/A;N/A;N/A;N/A;N/A;N/A;N/A;5;"motor eléctrico 168 kw 228 hp";Eléctrico;Automática;Crossover;"Autos y camionetas";N/A;N/A;N/A;N/A;N/A;N/A;N/A;N/A;N/A;N/A;N/A;N/A;N/A;N/A;N/A;N/A;N/A;N/A;N/A;N/A;N/A;N/A;N/A;N/A;N/A;N/A;N/A;N/A;N/A;N/A;N/A;N/A;N/A;N/A;N/A;N/A;N/A;N/A;N/A;N/A;N/A;N/A;N/A;N/A;N/A;N/A;N/A;N/A;N/A;N/A;N/A;N/A;N/A;N/A;N/A;N/A;N/A;N/A;N/A;N/A;N/A;N/A;N/A;N/A;N/A;N/A;N/A;N/A;N/A;N/A;N/A;N/A;N/A;N/A;N/A;N/A;N/A;N/A;N/A;N/A;N/A;N/A;N/A;N/A;N/A;N/A;N/A;N/A;N/A;N/A;N/A;N/A;N/A;N/A;N/A;N/A;N/A;N/A;N/A;N/A;N/A;N/A;N/A;N/A;N/A;N/A;N/A;N/A;N/A;N/A;N/A;N/A;N/A;N/A;N/A;N/A;N/A;N/A;N/A;N/A;N/A;N/A
Hyundai;HB20S;"1.6 Unique At 4p";2024;"0 km";;"ZUCCHINO MOTORS";27990;;;;;"Tres Cruces";https://auto.mercadolibre.com.uy/MLU-672335514-hyundai-hb20-16-unique-at-zucchino-motors-_JM;N/A;;"Hyundai Hb20 1.6 Unique At | Zucchino Motors";usd;Sí;gold_premium;false;N/A;N/A;http://perfil.mercadolibre.com.uy/ZUCCHINO+MOTORS;active;N/A;N/A;Nuevo;Plateado;N/A;Hidráulica;Delantera;Sí;N/A;Sí;N/A;N/A;N/A;N/A;N/A;N/A;N/A;N/A;N/A;N/A;N/A;N/A;N/A;N/A;N/A;N/A;N/A;N/A;N/A;N/A;N/A;N/A;"2500 mm";"1.6 L";"50 L";6;N/A;N/A;N/A;N/A;N/A;N/A;N/A;N/A;N/A;N/A;N/A;N/A;N/A;N/A;N/A;N/A;N/A;N/A;N/A;N/A;N/A;N/A;N/A;N/A;N/A;N/A;N/A;N/A;N/A;N/A;N/A;N/A;N/A;Sí;Sí;N/A;N/A;N/A;N/A;N/A;N/A;N/A;N/A;N/A;N/A;"1470 mm";"4230 mm";N/A;N/A;N/A;N/A;5;"123 hp";Unique;N/A;4;"1680 mm";N/A;N/A;N/A;N/A;Sí;N/A;N/A;Sí;Sí;N/A;N/A;"14 km/l";N/A;N/A;N/A;N/A;N/A;"Lunes a Viernes de 8 a 19hs";4;1.6;Nafta;Automática;Sedán;"Autos y camionetas";N/A;N/A;N/A;N/A;N/A;N/A;UY;N/A;N/A;N/A;N/A;N/A;N/A;N/A;N/A;N/A;N/A;N/A;N/A;N/A;N/A;N/A;N/A;N/A;N/A;N/A;N/A;N/A;N/A;N/A;N/A;N/A;N/A;N/A;N/A;N/A;N/A;N/A;N/A;N/A;N/A;N/A;N/A;N/A;N/A;N/A;N/A;N/A;N/A;N/A;N/A;N/A;N/A;N/A;N/A;N/A;N/A;N/A;N/A;N/A;N/A;N/A;N/A;N/A;N/A;N/A;N/A;N/A;N/A;N/A;N/A;N/A;N/A;N/A;N/A;N/A;N/A;N/A;N/A;N/A;N/A;N/A;N/A;N/A;N/A;N/A;N/A;N/A;N/A;N/A;N/A;N/A;N/A;N/A;N/A;N/A;N/A;N/A;N/A;N/A;N/A;N/A;N/A;N/A;N/A;N/A;N/A;N/A;N/A;N/A;N/A;N/A;Sí;N/A;N/A;N/A;Sí;N/A;N/A;Sí;N/A;Sí
Hyundai;HB20;Comfortline;2022;"77720 km";;"AUTOLAND VW";14890;;;;;Canelones;https://auto.mercadolibre.com.uy/MLU-703522592-hyundai-hb20-comfortline-10-2022-impecable-autoland-_JM;N/A;;"Hyundai Hb20 Comfortline 1.0 2022 Impecable! - Autoland";usd;Sí;gold_premium;false;N/A;N/A;http://perfil.mercadolibre.com.uy/AUTOLAND+VW;active;N/A;N/A;Usado;Plateado;Sí;Asistida;N/A;Sí;N/A;N/A;N/A;N/A;N/A;Sí;Sí;N/A;N/A;N/A;N/A;Sí;N/A;N/A;N/A;N/A;N/A;N/A;N/A;N/A;N/A;N/A;N/A;N/A;N/A;"1000 cc";N/A;5;N/A;N/A;N/A;N/A;N/A;N/A;N/A;N/A;N/A;N/A;N/A;N/A;N/A;N/A;N/A;N/A;N/A;N/A;N/A;N/A;N/A;N/A;N/A;N/A;N/A;Sí;N/A;N/A;N/A;N/A;N/A;N/A;N/A;N/A;N/A;N/A;N/A;N/A;N/A;N/A;N/A;N/A;N/A;N/A;N/A;N/A;N/A;N/A;N/A;N/A;N/A;N/A;N/A;Comfort;N/A;N/A;N/A;"16 km/l";N/A;N/A;N/A;Sí;N/A;Sí;Sí;N/A;N/A;N/A;"18 km/l";N/A;N/A;N/A;N/A;Sí;"Lun. a Vie. de 9 a 18 hs";5;1.0;Nafta;Manual;Hatchback;"Autos y camionetas";No;N/A;N/A;N/A;No;N/A;UY;No;Sí;No;No;N/A;N/A;N/A;N/A;N/A;N/A;N/A;N/A;N/A;N/A;N/A;N/A;N/A;N/A;N/A;N/A;N/A;N/A;N/A;N/A;N/A;N/A;N/A;N/A;N/A;N/A;N/A;N/A;N/A;N/A;N/A;N/A;N/A;N/A;N/A;N/A;N/A;N/A;N/A;N/A;N/A;N/A;N/A;N/A;N/A;N/A;N/A;N/A;N/A;N/A;N/A;No;N/A;N/A;N/A;N/A;N/A;N/A;N/A;N/A;N/A;N/A;N/A;N/A;N/A;N/A;N/A;N/A;N/A;N/A;N/A;N/A;N/A;N/A;N/A;N/A;N/A;N/A;N/A;N/A;N/A;N/A;N/A;N/A;N/A;Sí;N/A;N/A;N/A;Sí;N/A;Sí;N/A;N/A;Sí;N/A;N/A;N/A;N/A;N/A;Sí;Sí;N/A;Sí;Sí;Sí;N/A;N/A;Sí;N/A;Sí
Hyundai;HB20;"1.6 Comfort Plus 5p";2018;"120000 km";;CARLINEAUTOMÓVILES;12500;;;;;Malvin;https://auto.mercadolibre.com.uy/MLU-702925648-hyundai-hb20-16-comfort-plus-_JM;N/A;;"Hyundai Hb20 1.6 Comfort Plus";usd;Sí;gold_premium;false;N/A;N/A;http://perfil.mercadolibre.com.uy/CARLINEAUTOM%C3%93VILES;active;N/A;N/A;Usado;Gris;N/A;Hidráulica;Delantera;Sí;N/A;Sí;N/A;N/A;N/A;N/A;N/A;N/A;N/A;N/A;N/A;N/A;N/A;N/A;N/A;N/A;N/A;N/A;N/A;N/A;N/A;N/A;N/A;N/A;"2500 mm";"1.6 L";"50 L";6;N/A;N/A;N/A;N/A;N/A;N/A;N/A;N/A;N/A;N/A;N/A;N/A;N/A;N/A;N/A;N/A;N/A;N/A;N/A;N/A;N/A;N/A;N/A;N/A;N/A;N/A;N/A;N/A;N/A;N/A;N/A;N/A;N/A;Sí;Sí;N/A;N/A;N/A;N/A;N/A;N/A;N/A;N/A;N/A;N/A;"1470 mm";"3920 mm";N/A;N/A;N/A;N/A;5;"122 hp";"Comfort Plus";N/A;4;"1680 mm";N/A;N/A;N/A;N/A;Sí;N/A;N/A;Sí;Sí;N/A;N/A;"13.8 km/l";N/A;N/A;N/A;N/A;N/A;N/A;5;1.6;Nafta;Manual;Hatchback;"Autos y camionetas";N/A;N/A;N/A;N/A;N/A;N/A;UY;N/A;N/A;N/A;N/A;N/A;N/A;N/A;N/A;N/A;N/A;N/A;N/A;N/A;N/A;N/A;N/A;N/A;N/A;N/A;N/A;N/A;N/A;N/A;N/A;N/A;N/A;N/A;N/A;N/A;N/A;N/A;N/A;N/A;N/A;N/A;N/A;N/A;N/A;N/A;N/A;N/A;N/A;N/A;N/A;N/A;N/A;N/A;N/A;N/A;N/A;N/A;N/A;N/A;N/A;N/A;N/A;N/A;N/A;N/A;N/A;N/A;N/A;N/A;N/A;N/A;N/A;N/A;N/A;N/A;N/A;N/A;N/A;N/A;N/A;N/A;N/A;N/A;N/A;N/A;N/A;N/A;N/A;N/A;N/A;N/A;N/A;N/A;N/A;N/A;N/A;N/A;N/A;N/A;N/A;N/A;N/A;N/A;N/A;N/A;N/A;N/A;N/A;N/A;N/A;N/A;Sí;N/A;N/A;N/A;Sí;N/A;N/A;Sí;N/A;Sí
Hyundai;HB20;"1.6 Comfort Plus 5p";2017;"129000 km";;PAKAUTOMOVILES;13750;;;;;Malvin;https://auto.mercadolibre.com.uy/MLU-701581574-hyundai-hb20-16-confort-plus-_JM;N/A;;"Hyundai Hb20 1.6 Confort Plus";usd;Sí;gold_premium;false;N/A;N/A;http://perfil.mercadolibre.com.uy/PAKAUTOMOVILES;active;N/A;N/A;Usado;Gris;N/A;Hidráulica;Delantera;Sí;N/A;Sí;N/A;N/A;N/A;N/A;N/A;N/A;N/A;N/A;N/A;N/A;N/A;N/A;N/A;N/A;N/A;N/A;N/A;N/A;N/A;N/A;N/A;N/A;"2500 mm";"1.6 L";"50 L";6;N/A;N/A;N/A;N/A;N/A;N/A;N/A;N/A;N/A;N/A;N/A;N/A;N/A;N/A;N/A;N/A;N/A;N/A;N/A;N/A;N/A;N/A;N/A;N/A;N/A;N/A;N/A;N/A;N/A;N/A;N/A;N/A;N/A;Sí;Sí;N/A;N/A;N/A;N/A;N/A;N/A;N/A;N/A;N/A;N/A;"1470 mm";"3920 mm";N/A;N/A;N/A;N/A;5;"122 hp";"Comfort Plus";N/A;4;"1680 mm";N/A;N/A;N/A;N/A;Sí;N/A;N/A;Sí;Sí;N/A;N/A;"13.8 km/l";N/A;N/A;N/A;N/A;N/A;N/A;5;1.6;Nafta;Manual;Hatchback;"Autos y camionetas";N/A;N/A;N/A;N/A;N/A;N/A;UY;N/A;Sí;N/A;Sí;N/A;N/A;N/A;N/A;N/A;N/A;N/A;N/A;N/A;N/A;N/A;N/A;N/A;N/A;N/A;N/A;N/A;N/A;N/A;N/A;N/A;N/A;N/A;N/A;N/A;N/A;N/A;N/A;N/A;N/A;N/A;N/A;N/A;N/A;N/A;N/A;N/A;N/A;N/A;N/A;N/A;N/A;N/A;N/A;N/A;N/A;N/A;N/A;N/A;N/A;N/A;N/A;N/A;N/A;N/A;N/A;N/A;N/A;N/A;N/A;N/A;N/A;N/A;N/A;N/A;N/A;N/A;N/A;N/A;N/A;N/A;N/A;N/A;N/A;N/A;N/A;N/A;N/A;N/A;N/A;N/A;N/A;N/A;N/A;N/A;N/A;N/A;N/A;N/A;N/A;N/A;N/A;N/A;N/A;N/A;N/A;N/A;N/A;N/A;N/A;N/A;Sí;N/A;N/A;N/A;Sí;N/A;N/A;Sí;N/A;Sí
Hyundai;"Tucson Hybrid";"Hybrid Fl";2025;"0 km";;DUSOLLOSRL;59990;;;;;"Parque Rodó";https://auto.mercadolibre.com.uy/MLU-697351000-hyundai-tucson-hybrid-hybrid-fl-_JM;N/A;;"Hyundai Tucson Hybrid Hybrid Fl";USD;Sí;gold_premium;false;N/A;N/A;http://perfil.mercadolibre.com.uy/DUSOLLOSRL;active;N/A;N/A;Nuevo;N/A;N/A;Eléctrica;4x2;N/A;N/A;N/A;N/A;N/A;N/A;N/A;N/A;N/A;N/A;N/A;N/A;N/A;N/A;N/A;N/A;N/A;N/A;N/A;N/A;N/A;N/A;N/A;N/A;N/A;N/A;N/A;N/A;N/A;N/A;N/A;N/A;N/A;N/A;N/A;N/A;N/A;N/A;N/A;N/A;N/A;N/A;N/A;N/A;N/A;N/A;N/A;N/A;N/A;N/A;N/A;N/A;N/A;N/A;N/A;N/A;N/A;N/A;N/A;N/A;N/A;N/A;N/A;N/A;N/A;N/A;N/A;N/A;N/A;N/A;N/A;N/A;N/A;N/A;N/A;N/A;N/A;N/A;N/A;N/A;N/A;N/A;N/A;N/A;N/A;N/A;N/A;N/A;N/A;N/A;N/A;N/A;N/A;N/A;N/A;N/A;N/A;N/A;N/A;N/A;N/A;N/A;N/A;N/A;5;"1.6T + eléctrico 230 cv";Híbrido;Automática;SUV;"Autos y camionetas";N/A;N/A;N/A;N/A;N/A;N/A;N/A;N/A;N/A;N/A;N/A;N/A;N/A;N/A;N/A;N/A;N/A;N/A;N/A;N/A;N/A;N/A;N/A;N/A;N/A;N/A;N/A;N/A;N/A;N/A;N/A;N/A;N/A;N/A;N/A;N/A;N/A;N/A;N/A;N/A;N/A;N/A;N/A;N/A;N/A;N/A;N/A;N/A;N/A;N/A;N/A;N/A;N/A;N/A;N/A;N/A;N/A;N/A;N/A;N/A;N/A;N/A;N/A;N/A;N/A;N/A;N/A;N/A;N/A;N/A;N/A;N/A;N/A;N/A;N/A;N/A;N/A;N/A;N/A;N/A;N/A;N/A;N/A;N/A;N/A;N/A;N/A;N/A;N/A;N/A;N/A;N/A;N/A;N/A;N/A;N/A;N/A;N/A;N/A;N/A;N/A;N/A;N/A;N/A;N/A;N/A;N/A;N/A;N/A;N/A;N/A;N/A;N/A;N/A;N/A;N/A;N/A;N/A;N/A;N/A;N/A;N/A
Hyundai;"Grand i10";"1.2 Gls Seg 87cv Mt";2015;"140000 km";;AUGO152616;11900;;;;;"Lomas de Solymar";https://auto.mercadolibre.com.uy/MLU-704354696-hyundai-grand-i10-12-2015-gls-permuto-financio-100-_JM;N/A;;"Hyundai Grand I10 1.2 2015 Gls Permuto Financio 100%";usd;Sí;gold_premium;false;N/A;N/A;http://perfil.mercadolibre.com.uy/AUGO152616;active;N/A;N/A;Usado;Plateado;N/A;Hidráulica;Delantera;Sí;Sí;Sí;N/A;N/A;N/A;N/A;N/A;N/A;N/A;N/A;N/A;Sí;N/A;N/A;N/A;N/A;N/A;N/A;N/A;N/A;N/A;N/A;N/A;N/A;"2425 mm";"1.2 L";"43 L";5;N/A;N/A;N/A;N/A;Sí;N/A;N/A;N/A;N/A;N/A;N/A;N/A;N/A;N/A;N/A;N/A;N/A;N/A;N/A;N/A;N/A;N/A;N/A;N/A;N/A;N/A;N/A;N/A;N/A;N/A;N/A;Sí;N/A;Sí;N/A;N/A;N/A;N/A;N/A;N/A;N/A;Sí;N/A;N/A;N/A;"1505 mm";"3765 mm";N/A;N/A;N/A;N/A;5;"87 hp";Gls;N/A;4;"1660 mm";N/A;N/A;N/A;N/A;N/A;N/A;Sí;N/A;N/A;N/A;N/A;N/A;N/A;N/A;N/A;N/A;N/A;N/A;5;1.2;Nafta;Manual;Hatchback;"Autos y camionetas";N/A;N/A;N/A;N/A;N/A;N/A;UY;N/A;Sí;N/A;Sí;N/A;N/A;N/A;N/A;N/A;N/A;N/A;N/A;N/A;N/A;N/A;N/A;N/A;N/A;N/A;N/A;N/A;N/A;N/A;N/A;N/A;N/A;N/A;N/A;N/A;N/A;N/A;N/A;N/A;N/A;N/A;N/A;N/A;N/A;N/A;N/A;N/A;N/A;N/A;N/A;N/A;N/A;N/A;N/A;N/A;N/A;N/A;N/A;N/A;N/A;Sí;N/A;N/A;N/A;N/A;N/A;N/A;N/A;N/A;N/A;N/A;N/A;N/A;N/A;N/A;N/A;N/A;N/A;N/A;N/A;N/A;N/A;N/A;N/A;N/A;N/A;N/A;N/A;N/A;N/A;N/A;N/A;N/A;N/A;N/A;Sí;Sí;Sí;N/A;N/A;N/A;N/A;N/A;N/A;Sí;N/A;Sí;Sí;Sí;N/A;N/A;Sí;Sí;Sí;Sí;Sí;N/A;N/A;N/A;N/A;N/A
Hyundai;HB20;"1.0 Premium Mt";2024;"0 km";;DUSOLLOSRL;19990;;;;;"Parque Rodó";https://auto.mercadolibre.com.uy/MLU-680116110-hyundai-hb20-_JM;N/A;;"Hyundai Hb20";usd;Sí;gold_premium;false;N/A;N/A;http://perfil.mercadolibre.com.uy/DUSOLLOSRL;active;N/A;N/A;Nuevo;Blanco;N/A;Hidráulica;Delantera;Sí;N/A;Sí;N/A;N/A;N/A;N/A;N/A;N/A;N/A;N/A;N/A;N/A;N/A;N/A;N/A;N/A;N/A;N/A;N/A;N/A;N/A;N/A;N/A;N/A;"2500 mm";"1 L";"50 L";6;N/A;N/A;N/A;N/A;N/A;N/A;N/A;N/A;N/A;N/A;N/A;N/A;N/A;N/A;N/A;N/A;N/A;N/A;N/A;N/A;N/A;N/A;N/A;N/A;N/A;N/A;N/A;N/A;N/A;N/A;N/A;N/A;N/A;Sí;Sí;N/A;N/A;N/A;N/A;N/A;N/A;N/A;N/A;N/A;N/A;"1470 mm";"3920 mm";N/A;N/A;N/A;N/A;5;"80 hp";N/A;N/A;4;"1680 mm";N/A;N/A;N/A;N/A;Sí;N/A;N/A;Sí;Sí;N/A;N/A;"13.8 km/l";N/A;N/A;N/A;N/A;N/A;N/A;5;1.0;Nafta;Manual;Hatchback;"Autos y camionetas";N/A;N/A;N/A;N/A;N/A;N/A;UY;N/A;N/A;N/A;N/A;N/A;N/A;N/A;N/A;N/A;N/A;N/A;N/A;N/A;N/A;N/A;N/A;N/A;N/A;N/A;N/A;N/A;N/A;N/A;N/A;N/A;N/A;N/A;N/A;N/A;N/A;N/A;N/A;N/A;N/A;N/A;N/A;N/A;N/A;N/A;N/A;N/A;N/A;N/A;N/A;N/A;N/A;N/A;N/A;N/A;N/A;N/A;N/A;N/A;N/A;N/A;N/A;N/A;N/A;N/A;N/A;N/A;N/A;N/A;N/A;N/A;N/A;N/A;N/A;N/A;N/A;N/A;N/A;N/A;N/A;N/A;N/A;N/A;N/A;N/A;N/A;N/A;N/A;N/A;N/A;N/A;N/A;N/A;N/A;N/A;N/A;N/A;N/A;N/A;N/A;N/A;N/A;N/A;N/A;N/A;N/A;N/A;N/A;N/A;N/A;N/A;Sí;N/A;N/A;N/A;Sí;N/A;N/A;Sí;N/A;Sí
Hyundai;Ioniq;"1.6 Gdi Hibrido At 5p";2018;"150000 km";;"GL MOTORS.AUTOMOTORA";20990;;;;;"Brazo Oriental";https://auto.mercadolibre.com.uy/MLU-704163024-hyundai-ioniq-hibrido-gl-motors-financiamos-100-en--_JM;N/A;;"Hyundai Ioniq Hibrido ((gl Motors)) Financiamos 100% En $";usd;Sí;gold_premium;false;N/A;N/A;http://perfil.mercadolibre.com.uy/GL+MOTORS.AUTOMOTORA;active;N/A;N/A;Usado;Gris;N/A;Hidráulica;Delantera;Sí;N/A;N/A;N/A;N/A;N/A;N/A;N/A;N/A;N/A;N/A;N/A;N/A;N/A;N/A;N/A;N/A;N/A;N/A;N/A;N/A;N/A;N/A;N/A;N/A;"2440 mm";"1.6 L";"45 L";5;N/A;N/A;N/A;N/A;N/A;N/A;N/A;N/A;N/A;N/A;N/A;N/A;N/A;N/A;N/A;N/A;N/A;N/A;N/A;N/A;N/A;N/A;N/A;N/A;N/A;N/A;N/A;N/A;N/A;N/A;N/A;N/A;N/A;N/A;N/A;N/A;N/A;N/A;N/A;N/A;N/A;N/A;N/A;N/A;N/A;"1395 mm";"4235 mm";N/A;N/A;N/A;N/A;5;"92 hp";N/A;N/A;3;"1670 mm";"7.2 km/l";N/A;N/A;N/A;N/A;N/A;N/A;N/A;N/A;N/A;N/A;"4.5 km/l";N/A;N/A;N/A;N/A;N/A;N/A;5;1.6;Híbrido;Automática;Hatchback;"Autos y camionetas";N/A;N/A;N/A;N/A;N/A;N/A;UY;N/A;N/A;N/A;N/A;N/A;N/A;N/A;N/A;N/A;N/A;N/A;N/A;N/A;N/A;N/A;N/A;N/A;N/A;N/A;N/A;N/A;N/A;N/A;N/A;N/A;N/A;N/A;N/A;N/A;N/A;N/A;N/A;N/A;N/A;N/A;N/A;N/A;N/A;N/A;N/A;N/A;N/A;N/A;N/A;N/A;N/A;N/A;N/A;N/A;N/A;N/A;N/A;N/A;N/A;N/A;N/A;N/A;N/A;N/A;N/A;N/A;N/A;N/A;N/A;N/A;N/A;N/A;N/A;N/A;N/A;N/A;N/A;N/A;N/A;N/A;N/A;N/A;N/A;N/A;N/A;N/A;N/A;N/A;N/A;N/A;N/A;N/A;N/A;N/A;Sí;N/A;N/A;N/A;N/A;N/A;N/A;N/A;N/A;N/A;N/A;N/A;N/A;N/A;N/A;N/A;N/A;N/A;N/A;N/A;N/A;N/A;N/A;N/A;N/A;N/A
Hyundai;Tucson;"2.0 Gl 6at 2wd";2011;"130000 km";;GLMOTORSAUTOMOTORA;14990;;;;;"Brazo Oriental";https://auto.mercadolibre.com.uy/MLU-703746608-hyundai-tucson-at-gl-motors-financiamos-100-en-pesos-_JM;N/A;;"Hyundai Tucson At ((gl Motors)) Financiamos 100% En Pesos ";usd;Sí;gold_premium;false;N/A;N/A;http://perfil.mercadolibre.com.uy/GLMOTORSAUTOMOTORA;active;N/A;N/A;Usado;Blanco;N/A;Hidráulica;4x2;Sí;N/A;Sí;N/A;N/A;N/A;N/A;N/A;N/A;N/A;N/A;N/A;N/A;N/A;N/A;N/A;N/A;N/A;N/A;N/A;N/A;N/A;N/A;N/A;N/A;"2630 mm";"2 L";"58 L";6;N/A;N/A;N/A;N/A;N/A;N/A;N/A;N/A;N/A;N/A;N/A;N/A;N/A;N/A;N/A;N/A;N/A;N/A;N/A;N/A;N/A;N/A;N/A;N/A;N/A;N/A;N/A;N/A;N/A;N/A;N/A;Sí;N/A;N/A;N/A;N/A;N/A;N/A;N/A;N/A;N/A;Sí;N/A;N/A;N/A;"1655 mm";"4410 mm";N/A;N/A;N/A;N/A;5;"166 hp";Gl;N/A;4;"1830 mm";"10.4 km/l";N/A;N/A;N/A;N/A;N/A;N/A;N/A;N/A;N/A;Sí;"6.4 km/l";N/A;N/A;N/A;N/A;N/A;N/A;5;2.0;Nafta;Automática;SUV;"Autos y camionetas";N/A;N/A;N/A;N/A;N/A;N/A;UY;N/A;N/A;N/A;N/A;N/A;N/A;N/A;N/A;N/A;N/A;N/A;N/A;N/A;N/A;N/A;N/A;N/A;N/A;N/A;N/A;N/A;N/A;N/A;N/A;N/A;N/A;N/A;N/A;N/A;N/A;N/A;N/A;N/A;N/A;N/A;N/A;N/A;N/A;N/A;N/A;N/A;N/A;N/A;N/A;N/A;N/A;N/A;N/A;N/A;N/A;N/A;N/A;N/A;N/A;N/A;N/A;N/A;N/A;N/A;N/A;N/A;N/A;N/A;N/A;N/A;N/A;N/A;N/A;N/A;N/A;N/A;N/A;N/A;N/A;N/A;N/A;N/A;N/A;N/A;N/A;N/A;N/A;N/A;N/A;N/A;N/A;N/A;N/A;N/A;Sí;N/A;Sí;N/A;N/A;N/A;N/A;N/A;N/A;N/A;N/A;N/A;N/A;Sí;N/A;N/A;N/A;N/A;N/A;N/A;N/A;N/A;N/A;N/A;N/A;N/A
Hyundai;Elantra;"1.6 Gls";2015;"135000 km";;"GL MOTORS.AUTOMOTORA";14990;;;;;"Brazo Oriental";https://auto.mercadolibre.com.uy/MLU-703121524-hyundai-elantra-gl-motors-financiamos-100-en-pesos-_JM;N/A;;"Hyundai Elantra ((gl Motors)) Financiamos 100% En Pesos ";usd;Sí;gold_premium;false;N/A;N/A;http://perfil.mercadolibre.com.uy/GL+MOTORS.AUTOMOTORA;active;N/A;N/A;Usado;Dorado;N/A;Hidráulica;Delantera;N/A;N/A;N/A;N/A;N/A;N/A;N/A;N/A;N/A;N/A;N/A;N/A;N/A;N/A;N/A;N/A;N/A;N/A;N/A;N/A;N/A;N/A;N/A;N/A;N/A;"2700 mm";"1.6 L";"55 L";4;N/A;N/A;N/A;N/A;N/A;N/A;N/A;N/A;N/A;N/A;N/A;N/A;N/A;N/A;N/A;N/A;N/A;N/A;N/A;N/A;N/A;N/A;N/A;N/A;N/A;N/A;N/A;N/A;N/A;N/A;N/A;N/A;N/A;N/A;N/A;N/A;N/A;N/A;N/A;N/A;N/A;N/A;N/A;N/A;N/A;"1445 mm";"4530 mm";N/A;N/A;N/A;N/A;5;"114 hp";Gls;N/A;4;"1775 mm";"12.9 km/l";N/A;N/A;N/A;N/A;N/A;N/A;N/A;N/A;N/A;N/A;"6.7 km/l";N/A;N/A;N/A;N/A;N/A;N/A;4;1.6;Nafta;Manual;Sedán;"Autos y camionetas";N/A;N/A;N/A;N/A;N/A;N/A;UY;N/A;N/A;N/A;N/A;N/A;N/A;N/A;N/A;N/A;N/A;N/A;N/A;N/A;N/A;N/A;N/A;N/A;N/A;N/A;N/A;N/A;N/A;N/A;N/A;N/A;N/A;N/A;N/A;N/A;N/A;N/A;N/A;N/A;N/A;N/A;N/A;N/A;N/A;N/A;N/A;N/A;N/A;N/A;N/A;N/A;N/A;N/A;N/A;N/A;N/A;N/A;N/A;N/A;N/A;N/A;N/A;N/A;N/A;N/A;N/A;N/A;N/A;N/A;N/A;N/A;N/A;N/A;N/A;N/A;N/A;N/A;N/A;N/A;N/A;N/A;N/A;N/A;N/A;N/A;N/A;N/A;N/A;N/A;N/A;N/A;N/A;N/A;N/A;N/A;Sí;N/A;N/A;N/A;N/A;N/A;N/A;N/A;N/A;N/A;N/A;N/A;N/A;N/A;N/A;N/A;N/A;N/A;N/A;N/A;N/A;N/A;N/A;N/A;N/A;N/A
Hyundai;Tucson;"2.0 Gl 6at 2wd";2016;"123000 km";;GG20241128141244;19990;;;;;"Aeropuerto Internacional De Carrasco";https://auto.mercadolibre.com.uy/MLU-703014008-hyundai-tucson-gl-at-gl-motors-financiamos-100-en-pesos-_JM;N/A;;"Hyundai Tucson Gl At ((gl Motors)) Financiamos 100% En Pesos";usd;Sí;gold_premium;false;N/A;N/A;http://perfil.mercadolibre.com.uy/GG20241128141244;active;N/A;N/A;Usado;Azul;N/A;Hidráulica;4x2;Sí;N/A;Sí;N/A;N/A;N/A;N/A;N/A;N/A;N/A;N/A;N/A;N/A;N/A;N/A;N/A;N/A;N/A;N/A;N/A;N/A;N/A;N/A;N/A;N/A;"2630 mm";"2 L";"58 L";6;N/A;N/A;N/A;N/A;N/A;N/A;N/A;N/A;N/A;N/A;N/A;N/A;N/A;N/A;N/A;N/A;N/A;N/A;N/A;N/A;N/A;N/A;N/A;N/A;N/A;N/A;N/A;N/A;N/A;N/A;N/A;Sí;N/A;N/A;N/A;N/A;N/A;N/A;N/A;N/A;N/A;Sí;N/A;N/A;N/A;"1655 mm";"4410 mm";N/A;N/A;N/A;N/A;5;"166 hp";Gl;N/A;4;"1830 mm";"10.4 km/l";N/A;N/A;N/A;N/A;N/A;N/A;N/A;N/A;N/A;Sí;"6.4 km/l";N/A;N/A;N/A;N/A;N/A;"Lunes a Viernes de 9:00 a 18:30 / Sabados de 10:00 a 13:00";5;2.0;Nafta;Automática;SUV;"Autos y camionetas";N/A;N/A;N/A;N/A;N/A;N/A;UY;N/A;N/A;N/A;N/A;N/A;N/A;N/A;N/A;N/A;N/A;N/A;N/A;N/A;N/A;N/A;N/A;N/A;N/A;N/A;N/A;N/A;N/A;N/A;N/A;N/A;N/A;N/A;N/A;N/A;N/A;N/A;N/A;N/A;N/A;N/A;N/A;N/A;N/A;N/A;N/A;N/A;N/A;N/A;N/A;N/A;N/A;N/A;N/A;N/A;N/A;N/A;N/A;N/A;N/A;N/A;N/A;N/A;N/A;N/A;N/A;N/A;N/A;N/A;N/A;N/A;N/A;N/A;N/A;N/A;N/A;N/A;N/A;N/A;N/A;N/A;N/A;N/A;N/A;N/A;N/A;N/A;N/A;N/A;N/A;N/A;N/A;N/A;N/A;N/A;Sí;N/A;Sí;N/A;N/A;N/A;N/A;N/A;N/A;Sí;N/A;N/A;N/A;Sí;N/A;N/A;N/A;N/A;N/A;N/A;N/A;N/A;N/A;N/A;N/A;N/A
Hyundai;Accent;"1.5 Gls Mt";2009;"195000 km";;"GL MOTORS.AUTOMOTORA";8990;;;;;"Brazo Oriental";https://auto.mercadolibre.com.uy/MLU-701224694-hyundai-accent-nafta-gl-motors-financiamos-100-en-pesos-_JM;N/A;;"Hyundai Accent Nafta ((gl Motors)) Financiamos 100% En Pesos";usd;Sí;gold_premium;false;N/A;N/A;http://perfil.mercadolibre.com.uy/GL+MOTORS.AUTOMOTORA;active;N/A;N/A;Usado;Blanco;N/A;Hidráulica;Delantera;Sí;N/A;N/A;N/A;N/A;N/A;N/A;N/A;N/A;N/A;N/A;N/A;N/A;N/A;N/A;N/A;N/A;N/A;N/A;N/A;N/A;N/A;N/A;N/A;N/A;"2440 mm";"1.5 L";"45 L";5;N/A;N/A;N/A;N/A;N/A;N/A;N/A;N/A;N/A;N/A;N/A;N/A;N/A;N/A;N/A;N/A;N/A;N/A;N/A;N/A;N/A;N/A;N/A;N/A;N/A;N/A;N/A;N/A;N/A;N/A;N/A;N/A;N/A;N/A;N/A;N/A;N/A;N/A;N/A;N/A;N/A;N/A;N/A;N/A;N/A;"1395 mm";"4235 mm";N/A;N/A;N/A;N/A;5;"92 hp";Gls;N/A;3;"1670 mm";"7.2 km/l";N/A;N/A;N/A;N/A;N/A;N/A;N/A;N/A;N/A;N/A;"4.5 km/l";N/A;N/A;N/A;N/A;N/A;N/A;4;1.5;Nafta;Manual;Sedán;"Autos y camionetas";N/A;N/A;N/A;N/A;N/A;N/A;UY;N/A;N/A;N/A;N/A;N/A;N/A;N/A;N/A;N/A;N/A;N/A;N/A;N/A;N/A;N/A;N/A;N/A;N/A;N/A;N/A;N/A;N/A;N/A;N/A;N/A;N/A;N/A;N/A;N/A;N/A;N/A;N/A;N/A;N/A;N/A;N/A;N/A;N/A;N/A;N/A;N/A;N/A;N/A;N/A;N/A;N/A;N/A;N/A;N/A;N/A;N/A;N/A;N/A;N/A;N/A;N/A;N/A;N/A;N/A;N/A;N/A;N/A;N/A;N/A;N/A;N/A;N/A;N/A;N/A;N/A;N/A;N/A;N/A;N/A;N/A;N/A;N/A;N/A;N/A;N/A;N/A;N/A;N/A;N/A;N/A;N/A;N/A;N/A;N/A;Sí;N/A;N/A;N/A;N/A;N/A;N/A;N/A;N/A;N/A;N/A;N/A;N/A;N/A;N/A;N/A;N/A;N/A;N/A;N/A;N/A;N/A;N/A;N/A;N/A;N/A
Hyundai;"Vera Cruz";3.6;2009;"207000 km";;"AUTOMOTORA CANEPAS";12200;;;;;Pando;https://auto.mercadolibre.com.uy/MLU-701208742-hyundai-veracruz-_JM;N/A;;"Hyundai Veracruz";USD;Sí;gold_premium;false;N/A;N/A;http://perfil.mercadolibre.com.uy/AUTOMOTORA+CANEPAS;active;N/A;N/A;Usado;Plateado;N/A;Hidráulica;Delantera;Sí;Sí;N/A;N/A;N/A;N/A;N/A;N/A;Sí;N/A;N/A;N/A;Sí;N/A;Sí;N/A;N/A;N/A;N/A;N/A;N/A;N/A;N/A;N/A;N/A;N/A;N/A;N/A;N/A;N/A;N/A;N/A;N/A;N/A;N/A;N/A;N/A;N/A;N/A;N/A;N/A;N/A;N/A;N/A;N/A;N/A;N/A;N/A;N/A;N/A;N/A;N/A;N/A;N/A;N/A;N/A;N/A;N/A;N/A;N/A;N/A;N/A;N/A;N/A;N/A;N/A;N/A;N/A;N/A;N/A;N/A;N/A;N/A;N/A;N/A;N/A;N/A;N/A;N/A;N/A;N/A;N/A;N/A;N/A;N/A;N/A;N/A;Sí;N/A;N/A;Sí;N/A;Sí;Sí;N/A;Sí;N/A;N/A;N/A;N/A;N/A;N/A;Sí;N/A;5;3.6;Nafta;Automática;SUV;"Autos y camionetas";Sí;N/A;N/A;N/A;Sí;N/A;N/A;N/A;Sí;N/A;Sí;N/A;N/A;N/A;N/A;N/A;N/A;N/A;N/A;N/A;N/A;N/A;N/A;N/A;N/A;N/A;N/A;N/A;N/A;N/A;N/A;N/A;N/A;N/A;N/A;N/A;N/A;N/A;N/A;N/A;N/A;N/A;N/A;N/A;N/A;N/A;N/A;N/A;N/A;N/A;N/A;N/A;N/A;N/A;N/A;N/A;N/A;N/A;N/A;N/A;N/A;N/A;N/A;N/A;N/A;N/A;N/A;N/A;N/A;N/A;N/A;N/A;N/A;N/A;N/A;N/A;N/A;N/A;N/A;N/A;N/A;N/A;N/A;N/A;N/A;N/A;N/A;N/A;N/A;N/A;N/A;N/A;N/A;N/A;N/A;N/A;Sí;Sí;Sí;N/A;Sí;N/A;N/A;N/A;N/A;Sí;N/A;Sí;Sí;N/A;N/A;Sí;Sí;Sí;Sí;Sí;Sí;Sí;N/A;Sí;N/A;Sí
Hyundai;HB20;"1.0 Premium Mt";2022;"60000 km";;"GL MOTORS.AUTOMOTORA";16990;;;;;"Brazo Oriental";https://auto.mercadolibre.com.uy/MLU-699754794-hyundai-hb20-10-premium-gl-motors-financiamos-100-en--_JM;N/A;;"Hyundai Hb20 1.0 Premium ((gl Motors)) Financiamos 100% En $";usd;Sí;gold_premium;false;N/A;N/A;http://perfil.mercadolibre.com.uy/GL+MOTORS.AUTOMOTORA;active;N/A;N/A;Usado;Blanco;N/A;Hidráulica;Delantera;Sí;N/A;Sí;N/A;N/A;N/A;N/A;N/A;N/A;N/A;N/A;N/A;N/A;N/A;N/A;N/A;N/A;N/A;N/A;N/A;N/A;N/A;N/A;N/A;N/A;"2500 mm";"1 L";"50 L";6;N/A;N/A;N/A;N/A;N/A;N/A;N/A;N/A;N/A;N/A;N/A;N/A;N/A;N/A;N/A;N/A;N/A;N/A;N/A;N/A;N/A;N/A;N/A;N/A;N/A;N/A;N/A;N/A;N/A;N/A;N/A;N/A;N/A;Sí;Sí;N/A;N/A;N/A;N/A;N/A;N/A;N/A;N/A;N/A;N/A;"1470 mm";"3920 mm";N/A;N/A;N/A;N/A;5;"80 hp";N/A;N/A;4;"1680 mm";N/A;N/A;N/A;N/A;Sí;N/A;N/A;Sí;Sí;N/A;N/A;"13.8 km/l";N/A;N/A;N/A;N/A;N/A;N/A;5;1.0;Nafta;Manual;Hatchback;"Autos y camionetas";N/A;N/A;N/A;N/A;N/A;N/A;UY;N/A;N/A;N/A;N/A;N/A;N/A;N/A;N/A;N/A;N/A;N/A;N/A;N/A;N/A;N/A;N/A;N/A;N/A;N/A;N/A;N/A;N/A;N/A;N/A;N/A;N/A;N/A;N/A;N/A;N/A;N/A;N/A;N/A;N/A;N/A;N/A;N/A;N/A;N/A;N/A;N/A;N/A;N/A;N/A;N/A;N/A;N/A;N/A;N/A;N/A;N/A;N/A;N/A;N/A;N/A;N/A;N/A;N/A;N/A;N/A;N/A;N/A;N/A;N/A;N/A;N/A;N/A;N/A;N/A;N/A;N/A;N/A;N/A;N/A;N/A;N/A;N/A;N/A;N/A;N/A;N/A;N/A;N/A;N/A;N/A;N/A;N/A;N/A;N/A;N/A;N/A;N/A;N/A;N/A;N/A;N/A;N/A;N/A;N/A;N/A;N/A;N/A;N/A;N/A;N/A;Sí;N/A;N/A;N/A;Sí;N/A;N/A;Sí;N/A;Sí
Hyundai;HB20;"1.0 Comfort Mt";2022;"49000 km";;CREDIAUTOAUTOMOVILES;15490;;;;;Malvin;https://auto.mercadolibre.com.uy/MLU-645823995-hyundai-hb20-comfort-10-financio-100-en-60-cuotas-_JM;N/A;;"Hyundai Hb20 Comfort 1.0 Financio 100% En 60 Cuotas ";usd;Sí;gold_premium;false;N/A;N/A;http://perfil.mercadolibre.com.uy/CREDIAUTOAUTOMOVILES;active;N/A;N/A;Usado;Plateado;N/A;Hidráulica;Delantera;Sí;N/A;Sí;N/A;N/A;N/A;N/A;N/A;N/A;N/A;N/A;N/A;Sí;N/A;N/A;N/A;N/A;N/A;N/A;N/A;N/A;N/A;N/A;N/A;N/A;"2500 mm";"1 L";"50 L";6;N/A;N/A;N/A;N/A;N/A;N/A;N/A;N/A;N/A;N/A;N/A;N/A;N/A;N/A;N/A;N/A;N/A;N/A;N/A;N/A;N/A;N/A;N/A;N/A;N/A;N/A;N/A;N/A;N/A;N/A;N/A;N/A;N/A;Sí;Sí;N/A;N/A;N/A;N/A;N/A;N/A;N/A;N/A;N/A;N/A;"1470 mm";"3920 mm";N/A;N/A;N/A;N/A;5;"101 hp";N/A;N/A;4;"1680 mm";N/A;N/A;N/A;N/A;Sí;N/A;N/A;Sí;Sí;N/A;N/A;"13.8 km/l";N/A;N/A;N/A;N/A;Sí;"Lunes a Viernes de 10 a 13hs y de 14 a 18hs Sabados de 10 a 14hs";5;1.0;Nafta;Manual;Hatchback;"Autos y camionetas";N/A;N/A;N/A;N/A;N/A;N/A;UY;N/A;Sí;N/A;Sí;N/A;N/A;N/A;N/A;N/A;N/A;N/A;N/A;N/A;N/A;N/A;N/A;N/A;N/A;N/A;N/A;N/A;N/A;N/A;N/A;N/A;N/A;N/A;N/A;N/A;N/A;N/A;N/A;N/A;N/A;N/A;N/A;N/A;N/A;N/A;N/A;N/A;N/A;N/A;N/A;N/A;N/A;N/A;N/A;N/A;N/A;N/A;N/A;N/A;N/A;N/A;N/A;N/A;N/A;N/A;N/A;N/A;N/A;N/A;N/A;N/A;N/A;N/A;N/A;N/A;N/A;N/A;N/A;N/A;N/A;N/A;N/A;N/A;N/A;N/A;N/A;N/A;N/A;N/A;N/A;N/A;N/A;N/A;N/A;N/A;Sí;N/A;N/A;N/A;Sí;N/A;N/A;N/A;N/A;Sí;N/A;N/A;Sí;N/A;N/A;N/A;Sí;Sí;Sí;Sí;Sí;N/A;N/A;Sí;N/A;Sí
Hyundai;Tucson;"2.0 Gl 5mt 2wd";2011;"170000 km";;"GL MOTORS.AUTOMOTORA";14990;;;;;"Brazo Oriental";https://auto.mercadolibre.com.uy/MLU-645630903-hyundai-tucson-mt-gl-motors-financiamos-100-en-pesos-_JM;N/A;;"Hyundai Tucson Mt ((gl Motors)) Financiamos 100% En Pesos ";usd;Sí;gold_premium;false;N/A;N/A;http://perfil.mercadolibre.com.uy/GL+MOTORS.AUTOMOTORA;active;N/A;N/A;Usado;Plateado;N/A;Hidráulica;4x2;Sí;N/A;Sí;N/A;N/A;N/A;N/A;N/A;N/A;N/A;N/A;N/A;N/A;N/A;N/A;N/A;N/A;N/A;N/A;N/A;N/A;N/A;N/A;N/A;N/A;"2630 mm";"2 L";"58 L";5;N/A;N/A;N/A;N/A;N/A;N/A;N/A;N/A;N/A;N/A;N/A;N/A;N/A;N/A;N/A;N/A;N/A;N/A;N/A;N/A;N/A;N/A;N/A;N/A;N/A;N/A;N/A;N/A;N/A;N/A;N/A;Sí;N/A;N/A;N/A;N/A;N/A;N/A;N/A;N/A;N/A;Sí;N/A;N/A;N/A;"1655 mm";"4410 mm";N/A;N/A;N/A;N/A;5;"166 hp";Gl;N/A;4;"1830 mm";"9.8 km/l";N/A;N/A;N/A;N/A;N/A;N/A;N/A;N/A;N/A;Sí;"6.1 km/l";N/A;N/A;N/A;N/A;N/A;N/A;5;2.0;Nafta;Manual;SUV;"Autos y camionetas";N/A;N/A;N/A;N/A;N/A;N/A;UY;N/A;N/A;N/A;N/A;N/A;N/A;N/A;N/A;N/A;N/A;N/A;N/A;N/A;N/A;N/A;N/A;N/A;N/A;N/A;N/A;N/A;N/A;N/A;N/A;N/A;N/A;N/A;N/A;N/A;N/A;N/A;N/A;N/A;N/A;N/A;N/A;N/A;N/A;N/A;N/A;N/A;N/A;N/A;N/A;N/A;N/A;N/A;N/A;N/A;N/A;N/A;N/A;N/A;N/A;N/A;N/A;N/A;N/A;N/A;N/A;N/A;N/A;N/A;N/A;N/A;N/A;N/A;N/A;N/A;N/A;N/A;N/A;N/A;N/A;N/A;N/A;N/A;N/A;N/A;N/A;N/A;N/A;N/A;N/A;N/A;N/A;N/A;N/A;N/A;Sí;N/A;Sí;N/A;N/A;N/A;N/A;N/A;N/A;N/A;N/A;N/A;N/A;Sí;N/A;N/A;N/A;N/A;N/A;N/A;N/A;N/A;N/A;N/A;N/A;N/A
Hyundai;HB20;"Comfort 1.0";2025;"0 km";;DUSOLLOSRL;16990;;;;;"Parque Rodó";https://auto.mercadolibre.com.uy/MLU-696711302-hyundai-hb20-comfort-10-_JM;N/A;;"Hyundai Hb20 Comfort 1.0";USD;Sí;gold_premium;false;N/A;N/A;http://perfil.mercadolibre.com.uy/DUSOLLOSRL;active;N/A;N/A;Nuevo;N/A;N/A;Eléctrica;Delantera;Sí;Sí;N/A;N/A;N/A;N/A;N/A;N/A;N/A;N/A;N/A;N/A;Sí;N/A;N/A;N/A;N/A;N/A;N/A;N/A;N/A;N/A;N/A;N/A;N/A;N/A;N/A;N/A;N/A;N/A;N/A;N/A;N/A;N/A;N/A;N/A;N/A;N/A;N/A;N/A;N/A;N/A;N/A;N/A;N/A;N/A;N/A;N/A;N/A;N/A;N/A;N/A;N/A;N/A;N/A;N/A;N/A;N/A;N/A;N/A;N/A;N/A;N/A;N/A;N/A;N/A;N/A;N/A;N/A;N/A;N/A;N/A;N/A;N/A;N/A;N/A;N/A;N/A;N/A;N/A;N/A;N/A;N/A;N/A;N/A;N/A;N/A;Sí;N/A;N/A;Sí;N/A;N/A;Sí;N/A;N/A;N/A;N/A;N/A;N/A;N/A;N/A;N/A;N/A;5;1.0;Nafta;Manual;Hatchback;"Autos y camionetas";N/A;N/A;N/A;N/A;N/A;N/A;N/A;N/A;Sí;N/A;N/A;N/A;N/A;N/A;N/A;N/A;N/A;N/A;N/A;N/A;N/A;N/A;N/A;N/A;N/A;N/A;N/A;N/A;N/A;N/A;N/A;N/A;N/A;N/A;N/A;N/A;N/A;N/A;N/A;N/A;N/A;N/A;N/A;Sí;N/A;N/A;N/A;N/A;N/A;N/A;N/A;N/A;N/A;N/A;N/A;N/A;N/A;N/A;N/A;N/A;N/A;Sí;N/A;N/A;N/A;N/A;N/A;N/A;N/A;N/A;N/A;N/A;N/A;N/A;N/A;N/A;N/A;N/A;N/A;N/A;N/A;N/A;N/A;N/A;N/A;N/A;N/A;N/A;N/A;N/A;N/A;N/A;N/A;N/A;N/A;N/A;Sí;N/A;N/A;N/A;Sí;N/A;N/A;N/A;N/A;Sí;N/A;N/A;Sí;N/A;N/A;Sí;Sí;N/A;Sí;Sí;Sí;N/A;N/A;N/A;N/A;Sí
Hyundai;HB20;"1.0 Comfort Mt";2024;"0 km";;"ZUCCHINO MOTORS";16990;;;;;"Tres Cruces";https://auto.mercadolibre.com.uy/MLU-672277668-hyundai-hb20-10-comfort-zucchino-motors-_JM;N/A;;"Hyundai Hb20 1.0 Comfort | Zucchino Motors";usd;Sí;gold_premium;false;N/A;N/A;http://perfil.mercadolibre.com.uy/ZUCCHINO+MOTORS;active;N/A;N/A;Nuevo;Blanco;N/A;Hidráulica;Delantera;Sí;N/A;Sí;N/A;N/A;N/A;N/A;N/A;N/A;N/A;N/A;N/A;N/A;N/A;N/A;N/A;N/A;N/A;N/A;N/A;N/A;N/A;N/A;N/A;N/A;"2500 mm";"1 L";"50 L";6;N/A;N/A;N/A;N/A;N/A;N/A;N/A;N/A;N/A;N/A;N/A;N/A;N/A;N/A;N/A;N/A;N/A;N/A;N/A;N/A;N/A;N/A;N/A;N/A;N/A;N/A;N/A;N/A;N/A;N/A;N/A;N/A;N/A;Sí;Sí;N/A;N/A;N/A;N/A;N/A;N/A;N/A;N/A;N/A;N/A;"1470 mm";"3920 mm";N/A;N/A;N/A;N/A;5;"101 hp";N/A;N/A;4;"1680 mm";N/A;N/A;N/A;N/A;Sí;N/A;N/A;Sí;Sí;N/A;N/A;"13.8 km/l";N/A;N/A;N/A;N/A;N/A;"Lunes a Viernes 8 a 19hs";5;1.0;Nafta;Manual;Hatchback;"Autos y camionetas";N/A;N/A;N/A;N/A;N/A;N/A;UY;N/A;N/A;N/A;N/A;N/A;N/A;N/A;N/A;N/A;N/A;N/A;N/A;N/A;N/A;N/A;N/A;N/A;N/A;N/A;N/A;N/A;N/A;N/A;N/A;N/A;N/A;N/A;N/A;N/A;N/A;N/A;N/A;N/A;N/A;N/A;N/A;N/A;N/A;N/A;N/A;N/A;N/A;N/A;N/A;N/A;N/A;N/A;N/A;N/A;N/A;N/A;N/A;N/A;N/A;N/A;N/A;N/A;N/A;N/A;N/A;N/A;N/A;N/A;N/A;N/A;N/A;N/A;N/A;N/A;N/A;N/A;N/A;N/A;N/A;N/A;N/A;N/A;N/A;N/A;N/A;N/A;N/A;N/A;N/A;N/A;N/A;N/A;N/A;N/A;N/A;N/A;N/A;N/A;N/A;N/A;N/A;N/A;N/A;N/A;N/A;N/A;N/A;N/A;N/A;N/A;Sí;N/A;N/A;N/A;Sí;N/A;N/A;Sí;N/A;Sí
Hyundai;Kona;Safe;2024;"0 km";;DUSOLLOSRL;41990;;;;;"Parque Rodó";https://auto.mercadolibre.com.uy/MLU-680012986-hyundai-kona-hibrida-safe-2024-_JM;N/A;;"Hyundai Kona Híbrida Safe 2024";USD;Sí;gold_premium;false;N/A;N/A;http://perfil.mercadolibre.com.uy/DUSOLLOSRL;active;N/A;N/A;Nuevo;N/A;N/A;Eléctrica;N/A;Sí;Sí;N/A;N/A;N/A;Sí;N/A;N/A;N/A;N/A;N/A;Sí;Sí;N/A;Sí;N/A;N/A;N/A;N/A;N/A;N/A;N/A;N/A;N/A;N/A;N/A;N/A;N/A;N/A;N/A;N/A;N/A;N/A;N/A;Sí;N/A;N/A;N/A;N/A;N/A;N/A;N/A;N/A;N/A;N/A;N/A;N/A;N/A;N/A;N/A;N/A;N/A;N/A;N/A;N/A;N/A;N/A;N/A;N/A;N/A;N/A;N/A;N/A;N/A;N/A;N/A;N/A;N/A;N/A;N/A;N/A;N/A;N/A;N/A;N/A;N/A;N/A;N/A;N/A;N/A;N/A;N/A;N/A;N/A;N/A;N/A;N/A;N/A;N/A;Sí;Sí;N/A;N/A;Sí;N/A;N/A;N/A;N/A;N/A;N/A;N/A;N/A;N/A;N/A;5;1.6;Híbrido;"Automática secuencial";SUV;"Autos y camionetas";N/A;N/A;N/A;N/A;N/A;N/A;N/A;N/A;Sí;N/A;N/A;N/A;N/A;N/A;N/A;N/A;N/A;N/A;N/A;N/A;N/A;N/A;N/A;N/A;Sí;N/A;N/A;N/A;N/A;N/A;N/A;N/A;N/A;N/A;N/A;N/A;N/A;N/A;N/A;N/A;N/A;N/A;N/A;Sí;N/A;N/A;N/A;N/A;N/A;N/A;N/A;N/A;N/A;N/A;N/A;N/A;N/A;N/A;N/A;N/A;N/A;Sí;N/A;N/A;N/A;N/A;N/A;N/A;N/A;N/A;N/A;N/A;N/A;N/A;N/A;N/A;N/A;N/A;N/A;N/A;N/A;N/A;N/A;N/A;N/A;N/A;N/A;N/A;N/A;N/A;N/A;N/A;N/A;N/A;N/A;N/A;Sí;Sí;Sí;N/A;Sí;N/A;N/A;N/A;N/A;Sí;Sí;Sí;Sí;N/A;N/A;Sí;Sí;Sí;Sí;Sí;Sí;N/A;N/A;N/A;N/A;Sí
Hyundai;Tucson;"2.0 Gl Sport At";2018;"100000 km";;"GL MOTORS.AUTOMOTORA";21990;;;;;"Brazo Oriental";https://auto.mercadolibre.com.uy/MLU-646921833-hyundai-tucson-at-gl-motors-financiamos-100-en-pesos-_JM;N/A;;"Hyundai Tucson At ((gl Motors)) Financiamos 100% En Pesos";usd;Sí;gold_premium;false;N/A;N/A;http://perfil.mercadolibre.com.uy/GL+MOTORS.AUTOMOTORA;active;N/A;N/A;Usado;Blanco;N/A;Hidráulica;4x2;Sí;N/A;Sí;N/A;N/A;N/A;N/A;N/A;N/A;N/A;N/A;N/A;N/A;N/A;N/A;N/A;N/A;N/A;N/A;N/A;N/A;N/A;N/A;N/A;N/A;"2630 mm";"2 L";"58 L";6;N/A;N/A;N/A;N/A;N/A;N/A;N/A;N/A;N/A;N/A;N/A;N/A;N/A;N/A;N/A;N/A;N/A;N/A;N/A;N/A;N/A;N/A;N/A;N/A;N/A;N/A;N/A;N/A;N/A;N/A;N/A;Sí;N/A;N/A;N/A;N/A;N/A;N/A;N/A;N/A;N/A;Sí;N/A;N/A;N/A;"1655 mm";"4410 mm";N/A;N/A;N/A;N/A;5;"166 hp";N/A;N/A;4;"1830 mm";"10.4 km/l";N/A;N/A;N/A;N/A;N/A;N/A;N/A;N/A;N/A;Sí;"6.4 km/l";N/A;N/A;N/A;N/A;N/A;N/A;5;2.0;Nafta;Automática;SUV;"Autos y camionetas";N/A;N/A;N/A;N/A;N/A;N/A;UY;N/A;N/A;N/A;N/A;N/A;N/A;N/A;N/A;N/A;N/A;N/A;N/A;N/A;N/A;N/A;N/A;N/A;N/A;N/A;N/A;N/A;N/A;N/A;N/A;N/A;N/A;N/A;N/A;N/A;N/A;N/A;N/A;N/A;N/A;N/A;N/A;N/A;N/A;N/A;N/A;N/A;N/A;N/A;N/A;N/A;N/A;N/A;N/A;N/A;N/A;N/A;N/A;N/A;N/A;N/A;N/A;N/A;N/A;N/A;N/A;N/A;N/A;N/A;N/A;N/A;N/A;N/A;N/A;N/A;N/A;N/A;N/A;N/A;N/A;N/A;N/A;N/A;N/A;N/A;N/A;N/A;N/A;N/A;N/A;N/A;N/A;N/A;N/A;N/A;Sí;N/A;Sí;N/A;N/A;N/A;N/A;N/A;N/A;Sí;N/A;N/A;N/A;Sí;N/A;N/A;N/A;N/A;N/A;N/A;N/A;N/A;N/A;N/A;N/A;N/A
Hyundai;HB20;"Premium 1.6";2025;"0 km";;DUSOLLOSRL;22990;;;;;"Parque Rodó";https://auto.mercadolibre.com.uy/MLU-701145670-hyundai-hb20-premium-16-_JM;N/A;;"Hyundai Hb20 Premium 1.6";USD;Sí;gold_premium;false;N/A;N/A;http://perfil.mercadolibre.com.uy/DUSOLLOSRL;active;N/A;N/A;Nuevo;N/A;N/A;Eléctrica;N/A;N/A;Sí;N/A;N/A;N/A;N/A;N/A;N/A;N/A;N/A;N/A;Sí;N/A;N/A;N/A;N/A;N/A;N/A;N/A;N/A;N/A;N/A;N/A;N/A;N/A;N/A;N/A;N/A;N/A;N/A;N/A;N/A;N/A;N/A;N/A;N/A;N/A;N/A;N/A;N/A;N/A;N/A;N/A;N/A;N/A;N/A;N/A;N/A;N/A;N/A;N/A;N/A;N/A;N/A;N/A;N/A;N/A;N/A;N/A;N/A;N/A;N/A;N/A;N/A;N/A;N/A;N/A;N/A;N/A;N/A;N/A;N/A;N/A;N/A;N/A;N/A;N/A;N/A;N/A;N/A;N/A;N/A;N/A;N/A;N/A;N/A;N/A;N/A;N/A;N/A;N/A;N/A;N/A;Sí;N/A;N/A;N/A;N/A;N/A;N/A;N/A;N/A;N/A;N/A;5;1.6;Nafta;Manual;Hatchback;"Autos y camionetas";N/A;N/A;N/A;N/A;N/A;N/A;N/A;N/A;N/A;N/A;N/A;N/A;N/A;N/A;N/A;N/A;N/A;N/A;N/A;N/A;N/A;N/A;N/A;N/A;Sí;N/A;N/A;N/A;N/A;N/A;N/A;N/A;N/A;N/A;N/A;N/A;N/A;N/A;N/A;N/A;N/A;N/A;N/A;N/A;N/A;N/A;N/A;N/A;N/A;N/A;N/A;N/A;N/A;N/A;N/A;N/A;N/A;N/A;N/A;N/A;N/A;N/A;N/A;N/A;N/A;N/A;N/A;N/A;N/A;N/A;N/A;N/A;N/A;N/A;N/A;N/A;N/A;N/A;N/A;N/A;N/A;N/A;N/A;N/A;N/A;N/A;N/A;N/A;N/A;N/A;N/A;N/A;N/A;N/A;N/A;N/A;Sí;Sí;N/A;N/A;Sí;N/A;N/A;N/A;N/A;Sí;Sí;N/A;Sí;N/A;N/A;Sí;N/A;Sí;N/A;N/A;N/A;N/A;N/A;N/A;N/A;N/A
Hyundai;"Grand i10";"1.2 Gls Seg 87cv Mt";2015;"130000 km";;GLMOTORS3;11990;;;;;Cerrito;https://auto.mercadolibre.com.uy/MLU-698194664-hyundai-grand-i10-12-gl-motors-financiamos-100-en--_JM;N/A;;"Hyundai Grand I10 1.2 ((gl Motors)) Financiamos 100% En $";usd;Sí;gold_premium;false;N/A;N/A;http://perfil.mercadolibre.com.uy/GLMOTORS3;active;N/A;N/A;Usado;Gris;N/A;Hidráulica;Delantera;Sí;N/A;Sí;N/A;N/A;N/A;N/A;N/A;N/A;N/A;N/A;N/A;N/A;N/A;N/A;N/A;N/A;N/A;N/A;N/A;N/A;N/A;N/A;N/A;N/A;"2425 mm";"1.2 L";"43 L";5;N/A;N/A;N/A;N/A;Sí;N/A;N/A;N/A;N/A;N/A;N/A;N/A;N/A;N/A;N/A;N/A;N/A;N/A;N/A;N/A;N/A;N/A;N/A;N/A;N/A;N/A;N/A;N/A;N/A;N/A;N/A;Sí;N/A;Sí;N/A;N/A;N/A;N/A;N/A;N/A;N/A;Sí;N/A;N/A;N/A;"1505 mm";"3765 mm";N/A;N/A;N/A;N/A;5;"87 hp";Gls;N/A;4;"1660 mm";N/A;N/A;N/A;N/A;N/A;N/A;N/A;N/A;N/A;N/A;N/A;N/A;N/A;N/A;N/A;N/A;N/A;N/A;5;1.2;Nafta;Manual;Hatchback;"Autos y camionetas";N/A;N/A;N/A;N/A;N/A;N/A;UY;N/A;N/A;N/A;N/A;N/A;N/A;N/A;N/A;N/A;N/A;N/A;N/A;N/A;N/A;N/A;N/A;N/A;N/A;N/A;N/A;N/A;N/A;N/A;N/A;N/A;N/A;N/A;N/A;N/A;N/A;N/A;N/A;N/A;N/A;N/A;N/A;N/A;N/A;N/A;N/A;N/A;N/A;N/A;N/A;N/A;N/A;N/A;N/A;N/A;N/A;N/A;N/A;N/A;N/A;N/A;N/A;N/A;N/A;N/A;N/A;N/A;N/A;N/A;N/A;N/A;N/A;N/A;N/A;N/A;N/A;N/A;N/A;N/A;N/A;N/A;N/A;N/A;N/A;N/A;N/A;N/A;N/A;N/A;N/A;N/A;N/A;N/A;N/A;N/A;Sí;N/A;Sí;N/A;N/A;N/A;N/A;N/A;N/A;N/A;N/A;N/A;N/A;Sí;N/A;N/A;N/A;N/A;N/A;N/A;N/A;N/A;N/A;N/A;N/A;N/A
Hyundai;Eon;"0.8 Extra Full";2014;"122000 km";;MAVILUBOMBILLAS;9500;;;;;Buceo;https://auto.mercadolibre.com.uy/MLU-704772964-hyundai-eon-_JM;N/A;;"Hyundai Eon ";usd;Sí;gold_premium;false;N/A;N/A;http://perfil.mercadolibre.com.uy/MAVILUBOMBILLAS;active;N/A;N/A;Usado;Blanco;N/A;Hidráulica;Delantera;Sí;Sí;Sí;N/A;N/A;N/A;N/A;N/A;Sí;N/A;N/A;N/A;Sí;N/A;Sí;N/A;N/A;N/A;N/A;N/A;N/A;N/A;N/A;N/A;N/A;"2385 mm";"0.8 L";"35 L";5;N/A;N/A;N/A;N/A;N/A;N/A;N/A;N/A;N/A;N/A;N/A;N/A;N/A;N/A;N/A;N/A;N/A;N/A;N/A;N/A;N/A;N/A;N/A;N/A;N/A;N/A;N/A;N/A;N/A;N/A;N/A;N/A;N/A;Sí;N/A;N/A;N/A;N/A;N/A;N/A;N/A;N/A;N/A;N/A;N/A;"1540 mm";"3585 mm";N/A;N/A;N/A;N/A;5;"85 hp";Gls;N/A;4;"1660 mm";N/A;N/A;N/A;N/A;Sí;N/A;N/A;N/A;N/A;N/A;N/A;N/A;N/A;N/A;N/A;N/A;N/A;N/A;5;0.8;Nafta;Manual;Hatchback;"Autos y camionetas";N/A;N/A;N/A;N/A;N/A;N/A;UY;N/A;N/A;N/A;N/A;N/A;N/A;N/A;N/A;N/A;N/A;N/A;N/A;N/A;N/A;N/A;N/A;N/A;N/A;N/A;N/A;N/A;N/A;N/A;N/A;N/A;N/A;N/A;N/A;N/A;N/A;N/A;N/A;N/A;N/A;N/A;N/A;N/A;N/A;N/A;N/A;N/A;N/A;N/A;N/A;N/A;N/A;N/A;N/A;N/A;N/A;N/A;N/A;N/A;N/A;N/A;N/A;N/A;N/A;N/A;N/A;N/A;N/A;N/A;N/A;N/A;N/A;N/A;N/A;N/A;N/A;N/A;N/A;N/A;N/A;N/A;N/A;N/A;N/A;N/A;N/A;N/A;N/A;N/A;N/A;N/A;N/A;N/A;N/A;N/A;N/A;Sí;N/A;N/A;Sí;N/A;N/A;N/A;N/A;N/A;N/A;Sí;N/A;Sí;N/A;N/A;N/A;Sí;Sí;Sí;Sí;N/A;N/A;N/A;N/A;Sí
Hyundai;"Tucson Hybrid";"Limited Fl";2025;"0 km";;DUSOLLOSRL;59990;;;;;"Parque Rodó";https://auto.mercadolibre.com.uy/MLU-696558804-hyundai-tucson-hybrid-limited-fl-_JM;N/A;;"Hyundai Tucson Hybrid Limited Fl";USD;Sí;gold_premium;false;N/A;N/A;http://perfil.mercadolibre.com.uy/DUSOLLOSRL;active;N/A;N/A;Nuevo;N/A;N/A;Eléctrica;4x2;Sí;Sí;N/A;N/A;N/A;Sí;N/A;N/A;Sí;N/A;N/A;Sí;Sí;N/A;Sí;N/A;N/A;N/A;N/A;N/A;N/A;N/A;N/A;N/A;N/A;N/A;N/A;N/A;N/A;N/A;N/A;N/A;N/A;N/A;Sí;N/A;N/A;N/A;N/A;N/A;N/A;N/A;N/A;N/A;N/A;N/A;N/A;N/A;N/A;N/A;N/A;N/A;N/A;N/A;N/A;N/A;N/A;N/A;N/A;N/A;N/A;N/A;N/A;N/A;N/A;N/A;N/A;N/A;N/A;N/A;N/A;N/A;N/A;N/A;N/A;N/A;N/A;N/A;N/A;N/A;N/A;N/A;N/A;N/A;N/A;N/A;N/A;Sí;N/A;Sí;Sí;N/A;Sí;Sí;N/A;Sí;N/A;N/A;N/A;N/A;N/A;N/A;Sí;N/A;5;"1.6T + eléctrico 230 cv";Híbrido;Automática;SUV;"Autos y camionetas";N/A;N/A;N/A;N/A;N/A;N/A;N/A;N/A;Sí;N/A;N/A;N/A;N/A;N/A;N/A;N/A;N/A;N/A;N/A;N/A;N/A;N/A;N/A;N/A;Sí;N/A;N/A;N/A;N/A;N/A;N/A;N/A;N/A;N/A;N/A;N/A;N/A;N/A;N/A;N/A;N/A;N/A;N/A;Sí;N/A;N/A;N/A;N/A;N/A;N/A;N/A;N/A;N/A;N/A;N/A;N/A;N/A;N/A;N/A;N/A;N/A;Sí;N/A;N/A;N/A;N/A;N/A;N/A;N/A;N/A;N/A;N/A;N/A;N/A;N/A;N/A;N/A;N/A;N/A;N/A;N/A;N/A;N/A;N/A;N/A;N/A;N/A;N/A;N/A;N/A;N/A;N/A;N/A;N/A;N/A;N/A;Sí;Sí;Sí;N/A;Sí;N/A;N/A;N/A;N/A;Sí;Sí;Sí;Sí;N/A;N/A;Sí;Sí;Sí;Sí;Sí;Sí;N/A;N/A;N/A;N/A;Sí
Hyundai;HB20;"1.0 Comfort Mt";2022;"39000 km";;CC20240910172812;14990;;;;;N/A;https://auto.mercadolibre.com.uy/MLU-646955119-hyundai-hb20-comfort-10-2022-permuto-financio-_JM;N/A;;"Hyundai Hb20 Comfort 1.0 2022 Permuto / Financio";usd;Sí;gold_premium;false;N/A;N/A;http://perfil.mercadolibre.com.uy/CC20240910172812;active;N/A;N/A;Usado;Gris;N/A;Hidráulica;Delantera;Sí;N/A;Sí;N/A;N/A;N/A;N/A;N/A;N/A;N/A;N/A;N/A;N/A;N/A;N/A;N/A;N/A;N/A;N/A;N/A;N/A;N/A;N/A;N/A;N/A;"2500 mm";"1 L";"50 L";6;N/A;N/A;N/A;N/A;N/A;N/A;N/A;N/A;N/A;N/A;N/A;N/A;N/A;N/A;N/A;N/A;N/A;N/A;N/A;N/A;N/A;N/A;N/A;N/A;N/A;N/A;N/A;N/A;N/A;N/A;N/A;N/A;N/A;Sí;Sí;N/A;N/A;N/A;N/A;N/A;N/A;N/A;N/A;N/A;N/A;"1470 mm";"3920 mm";N/A;N/A;N/A;N/A;5;"101 hp";N/A;N/A;4;"1680 mm";N/A;N/A;N/A;N/A;Sí;N/A;N/A;Sí;Sí;N/A;N/A;"13.8 km/l";N/A;N/A;N/A;N/A;N/A;"Todos los días";5;1.0;Nafta;Manual;Hatchback;"Autos y camionetas";N/A;N/A;N/A;N/A;N/A;N/A;UY;N/A;N/A;N/A;N/A;N/A;N/A;N/A;N/A;N/A;N/A;N/A;N/A;N/A;N/A;N/A;N/A;N/A;N/A;N/A;N/A;N/A;N/A;N/A;N/A;N/A;N/A;N/A;N/A;N/A;N/A;N/A;N/A;N/A;N/A;N/A;N/A;N/A;N/A;N/A;N/A;N/A;N/A;N/A;N/A;N/A;N/A;N/A;N/A;N/A;N/A;N/A;N/A;N/A;N/A;N/A;N/A;N/A;N/A;N/A;N/A;N/A;N/A;N/A;N/A;N/A;N/A;N/A;N/A;N/A;N/A;N/A;N/A;N/A;N/A;N/A;N/A;N/A;N/A;N/A;N/A;N/A;N/A;N/A;N/A;N/A;N/A;N/A;N/A;N/A;N/A;N/A;N/A;N/A;N/A;N/A;N/A;N/A;N/A;N/A;N/A;N/A;N/A;N/A;N/A;N/A;Sí;N/A;N/A;N/A;Sí;N/A;N/A;Sí;N/A;Sí
Hyundai;Tucson;"2.0 Gl 6at 2wd";2011;"150000 km";;GLMOTORSAUTOMOTORA;15990;;;;;"Brazo Oriental";https://auto.mercadolibre.com.uy/MLU-691602180-hyundai-tucson-at-gl-motors-financiamos-100-en-pesos-_JM;N/A;;"Hyundai Tucson At ((gl Motors)) Financiamos 100% En Pesos ";usd;Sí;gold_premium;false;N/A;N/A;http://perfil.mercadolibre.com.uy/GLMOTORSAUTOMOTORA;active;N/A;N/A;Usado;Negro;N/A;Hidráulica;4x2;Sí;N/A;Sí;N/A;N/A;N/A;N/A;N/A;N/A;N/A;N/A;N/A;N/A;N/A;N/A;N/A;N/A;N/A;N/A;N/A;N/A;N/A;N/A;N/A;N/A;"2630 mm";"2 L";"58 L";6;N/A;N/A;N/A;N/A;N/A;N/A;N/A;N/A;N/A;N/A;N/A;N/A;N/A;N/A;N/A;N/A;N/A;N/A;N/A;N/A;N/A;N/A;N/A;N/A;N/A;N/A;N/A;N/A;N/A;N/A;N/A;Sí;N/A;N/A;N/A;N/A;N/A;N/A;N/A;N/A;N/A;Sí;N/A;N/A;N/A;"1655 mm";"4410 mm";N/A;N/A;N/A;N/A;5;"166 hp";Gl;N/A;4;"1830 mm";"10.4 km/l";N/A;N/A;N/A;N/A;N/A;N/A;N/A;N/A;N/A;Sí;"6.4 km/l";N/A;N/A;N/A;N/A;N/A;N/A;5;2.0;Nafta;Automática;SUV;"Autos y camionetas";N/A;N/A;N/A;N/A;N/A;N/A;UY;N/A;N/A;N/A;N/A;N/A;N/A;N/A;N/A;N/A;N/A;N/A;N/A;N/A;N/A;N/A;N/A;N/A;N/A;N/A;N/A;N/A;N/A;N/A;N/A;N/A;N/A;N/A;N/A;N/A;N/A;N/A;N/A;N/A;N/A;N/A;N/A;N/A;N/A;N/A;N/A;N/A;N/A;N/A;N/A;N/A;N/A;N/A;N/A;N/A;N/A;N/A;N/A;N/A;N/A;N/A;N/A;N/A;N/A;N/A;N/A;N/A;N/A;N/A;N/A;N/A;N/A;N/A;N/A;N/A;N/A;N/A;N/A;N/A;N/A;N/A;N/A;N/A;N/A;N/A;N/A;N/A;N/A;N/A;N/A;N/A;N/A;N/A;N/A;N/A;Sí;N/A;Sí;N/A;N/A;N/A;N/A;N/A;N/A;N/A;N/A;N/A;N/A;Sí;N/A;N/A;N/A;N/A;N/A;N/A;N/A;N/A;N/A;N/A;N/A;N/A
Hyundai;HB20S;"1.0 Comfort";2024;"0 km";;"ZUCCHINO MOTORS";18990;;;;;"Tres Cruces";https://auto.mercadolibre.com.uy/MLU-637251515-hyundai-hb20s-10-comfort-zucchino-motors-_JM;N/A;;"Hyundai Hb20s 1.0 Comfort | Zucchino Motors";USD;Sí;gold_premium;false;N/A;N/A;http://perfil.mercadolibre.com.uy/ZUCCHINO+MOTORS;active;N/A;N/A;Nuevo;Azul;N/A;Eléctrica;Delantera;Sí;Sí;N/A;N/A;N/A;No;N/A;N/A;No;N/A;N/A;No;Sí;N/A;Sí;N/A;N/A;N/A;N/A;N/A;N/A;N/A;N/A;N/A;N/A;N/A;N/A;N/A;N/A;N/A;N/A;N/A;N/A;N/A;Sí;N/A;N/A;N/A;N/A;N/A;N/A;N/A;N/A;N/A;N/A;N/A;N/A;N/A;N/A;N/A;N/A;N/A;N/A;N/A;N/A;N/A;N/A;N/A;No;N/A;N/A;N/A;N/A;N/A;N/A;N/A;N/A;N/A;N/A;N/A;N/A;N/A;N/A;N/A;N/A;N/A;N/A;N/A;N/A;N/A;N/A;N/A;N/A;N/A;N/A;N/A;N/A;No;N/A;Sí;Sí;N/A;Sí;Sí;N/A;No;N/A;N/A;No;No;N/A;N/A;No;"Lunes a Viernes 8 a 19hs";4;1.0;Nafta;Manual;Sedán;"Autos y camionetas";Sí;N/A;N/A;N/A;Sí;N/A;N/A;N/A;Sí;N/A;Sí;N/A;N/A;N/A;N/A;N/A;N/A;N/A;N/A;N/A;N/A;N/A;N/A;N/A;No;N/A;N/A;N/A;N/A;N/A;N/A;N/A;N/A;N/A;N/A;N/A;N/A;N/A;N/A;N/A;N/A;N/A;N/A;Sí;N/A;N/A;N/A;N/A;N/A;N/A;N/A;N/A;N/A;N/A;N/A;N/A;N/A;N/A;N/A;N/A;N/A;Sí;No;N/A;N/A;N/A;N/A;N/A;N/A;N/A;N/A;N/A;N/A;N/A;N/A;N/A;N/A;N/A;N/A;N/A;N/A;N/A;N/A;N/A;N/A;N/A;N/A;N/A;N/A;N/A;N/A;N/A;N/A;N/A;N/A;No;Sí;Sí;No;N/A;Sí;N/A;N/A;N/A;N/A;Sí;No;Sí;Sí;N/A;N/A;Sí;Sí;Sí;Sí;No;Sí;No;No;Sí;N/A;Sí
Hyundai;HB20;"1.6 Comfort Plus 5p";2019;"70000 km";;"KM0 MOTORS";14800;;;;;"Aeropuerto Internacional De Carrasco";https://auto.mercadolibre.com.uy/MLU-692532644-hyundai-hb20-2017-16-comfort-plus-5p-_JM;N/A;;"Hyundai Hb20 2017 1.6 Comfort Plus 5p";usd;Sí;gold_premium;false;N/A;N/A;http://perfil.mercadolibre.com.uy/KM0+MOTORS;active;N/A;N/A;Usado;Blanco;Sí;Hidráulica;Delantera;Sí;Sí;Sí;N/A;N/A;N/A;N/A;N/A;N/A;N/A;N/A;Sí;N/A;N/A;N/A;N/A;N/A;N/A;N/A;N/A;N/A;N/A;N/A;N/A;N/A;"2500 mm";"1.6 L";"50 L";6;N/A;N/A;N/A;N/A;N/A;N/A;N/A;N/A;N/A;N/A;N/A;N/A;N/A;N/A;N/A;N/A;N/A;N/A;N/A;N/A;N/A;N/A;N/A;N/A;N/A;N/A;N/A;N/A;N/A;N/A;N/A;N/A;N/A;Sí;Sí;N/A;N/A;N/A;N/A;N/A;N/A;N/A;N/A;N/A;N/A;"1470 mm";"3920 mm";N/A;N/A;N/A;N/A;5;"122 hp";"Comfort Plus";N/A;4;"1680 mm";N/A;N/A;N/A;N/A;Sí;N/A;Sí;Sí;Sí;N/A;N/A;"13.8 km/l";Sí;N/A;N/A;N/A;Sí;N/A;5;1.6;Nafta;Manual;Hatchback;"Autos y camionetas";N/A;N/A;N/A;N/A;N/A;N/A;UY;N/A;Sí;N/A;N/A;N/A;N/A;N/A;N/A;N/A;N/A;N/A;N/A;N/A;N/A;N/A;N/A;N/A;Sí;N/A;N/A;N/A;N/A;N/A;N/A;N/A;N/A;N/A;N/A;N/A;N/A;N/A;N/A;N/A;N/A;N/A;N/A;N/A;N/A;N/A;N/A;N/A;N/A;N/A;N/A;N/A;N/A;N/A;N/A;N/A;N/A;N/A;N/A;N/A;N/A;N/A;N/A;N/A;N/A;N/A;N/A;N/A;N/A;N/A;N/A;N/A;N/A;N/A;N/A;N/A;N/A;N/A;N/A;N/A;N/A;N/A;N/A;N/A;N/A;N/A;N/A;N/A;N/A;N/A;N/A;N/A;N/A;N/A;N/A;N/A;Sí;N/A;Sí;N/A;Sí;N/A;N/A;N/A;N/A;Sí;Sí;N/A;Sí;N/A;N/A;Sí;Sí;Sí;N/A;N/A;Sí;N/A;N/A;Sí;N/A;Sí
Hyundai;HB20;"sedan premium 1.6";2025;"0 km";;DUSOLLOSRL;23990;;;;;"Parque Rodó";https://auto.mercadolibre.com.uy/MLU-701262510-hyundai-hb20-sedan-premium-16-_JM;N/A;;"Hyundai Hb20 Sedan Premium 1.6";USD;Sí;gold_premium;false;N/A;N/A;http://perfil.mercadolibre.com.uy/DUSOLLOSRL;active;N/A;N/A;Nuevo;N/A;N/A;Eléctrica;N/A;N/A;Sí;N/A;N/A;N/A;N/A;N/A;N/A;N/A;N/A;N/A;Sí;N/A;N/A;N/A;N/A;N/A;N/A;N/A;N/A;N/A;N/A;N/A;N/A;N/A;N/A;N/A;N/A;N/A;N/A;N/A;N/A;N/A;N/A;N/A;N/A;N/A;N/A;N/A;N/A;N/A;N/A;N/A;N/A;N/A;N/A;N/A;N/A;N/A;N/A;N/A;N/A;N/A;N/A;N/A;N/A;N/A;N/A;N/A;N/A;N/A;N/A;N/A;N/A;N/A;N/A;N/A;N/A;N/A;N/A;N/A;N/A;N/A;N/A;N/A;N/A;N/A;N/A;N/A;N/A;N/A;N/A;N/A;N/A;N/A;N/A;N/A;N/A;N/A;N/A;N/A;N/A;N/A;Sí;N/A;N/A;N/A;N/A;N/A;N/A;N/A;N/A;N/A;N/A;4;1.6;Nafta;Manual;Sedán;"Autos y camionetas";N/A;N/A;N/A;N/A;N/A;N/A;N/A;N/A;N/A;N/A;N/A;N/A;N/A;N/A;N/A;N/A;N/A;N/A;N/A;N/A;N/A;N/A;N/A;N/A;Sí;N/A;N/A;N/A;N/A;N/A;N/A;N/A;N/A;N/A;N/A;N/A;N/A;N/A;N/A;N/A;N/A;N/A;N/A;N/A;N/A;N/A;N/A;N/A;N/A;N/A;N/A;N/A;N/A;N/A;N/A;N/A;N/A;N/A;N/A;N/A;N/A;N/A;N/A;N/A;N/A;N/A;N/A;N/A;N/A;N/A;N/A;N/A;N/A;N/A;N/A;N/A;N/A;N/A;N/A;N/A;N/A;N/A;N/A;N/A;N/A;N/A;N/A;N/A;N/A;N/A;N/A;N/A;N/A;N/A;N/A;N/A;N/A;N/A;N/A;N/A;Sí;N/A;N/A;N/A;N/A;Sí;Sí;N/A;Sí;N/A;N/A;Sí;N/A;Sí;N/A;N/A;N/A;N/A;N/A;N/A;N/A;N/A
Hyundai;"Grand i10";"1.2 Gls Seg 87cv Mt";2015;"85293 km";;"KM0 MOTORS";11800;;;;;"Aeropuerto Internacional De Carrasco";https://auto.mercadolibre.com.uy/MLU-699988988-hyundai-grand-i10-_JM;N/A;;"Hyundai  Grand I10";usd;Sí;gold_premium;false;N/A;N/A;http://perfil.mercadolibre.com.uy/KM0+MOTORS;active;N/A;N/A;Usado;Rojo;N/A;Hidráulica;Delantera;Sí;N/A;Sí;N/A;N/A;N/A;N/A;N/A;N/A;N/A;N/A;N/A;N/A;N/A;N/A;N/A;N/A;N/A;N/A;N/A;N/A;N/A;N/A;N/A;N/A;"2425 mm";"1.2 L";"43 L";5;N/A;N/A;N/A;N/A;Sí;N/A;N/A;N/A;N/A;N/A;N/A;N/A;N/A;N/A;N/A;N/A;N/A;N/A;N/A;N/A;N/A;N/A;N/A;N/A;N/A;N/A;N/A;N/A;N/A;N/A;N/A;Sí;N/A;Sí;N/A;N/A;N/A;N/A;N/A;N/A;N/A;Sí;N/A;N/A;N/A;"1505 mm";"3765 mm";N/A;N/A;N/A;N/A;5;"87 hp";Gls;N/A;4;"1660 mm";N/A;N/A;N/A;N/A;N/A;N/A;N/A;N/A;N/A;N/A;N/A;N/A;N/A;N/A;N/A;N/A;N/A;N/A;5;1.2;Nafta;Manual;Hatchback;"Autos y camionetas";N/A;N/A;N/A;N/A;N/A;N/A;UY;N/A;N/A;N/A;N/A;N/A;N/A;N/A;N/A;N/A;N/A;N/A;N/A;N/A;N/A;N/A;N/A;N/A;N/A;N/A;N/A;N/A;N/A;N/A;N/A;N/A;N/A;N/A;N/A;N/A;N/A;N/A;N/A;N/A;N/A;N/A;N/A;N/A;N/A;N/A;N/A;N/A;N/A;N/A;N/A;N/A;N/A;N/A;N/A;N/A;N/A;N/A;N/A;N/A;N/A;N/A;N/A;N/A;N/A;N/A;N/A;N/A;N/A;N/A;N/A;N/A;N/A;N/A;N/A;N/A;N/A;N/A;N/A;N/A;N/A;N/A;N/A;N/A;N/A;N/A;N/A;N/A;N/A;N/A;N/A;N/A;N/A;N/A;N/A;N/A;Sí;N/A;Sí;N/A;N/A;N/A;N/A;N/A;N/A;N/A;N/A;N/A;N/A;Sí;N/A;N/A;N/A;N/A;N/A;N/A;N/A;N/A;N/A;N/A;N/A;N/A
Hyundai;Accent;"1.4 Cvvt Gl Full Sedan";2016;"85000 km";;"AUTOMOTORA CANEPAS";14900;;;;;Pando;https://auto.mercadolibre.com.uy/MLU-699183596-hyundai-accent-gl-_JM;N/A;;"Hyundai Accent Gl";usd;Sí;gold_premium;false;N/A;N/A;http://perfil.mercadolibre.com.uy/AUTOMOTORA+CANEPAS;active;N/A;N/A;Usado;Blanco;N/A;N/A;Delantera;N/A;N/A;N/A;N/A;N/A;N/A;N/A;N/A;N/A;N/A;N/A;N/A;N/A;N/A;N/A;N/A;N/A;N/A;N/A;N/A;N/A;N/A;N/A;N/A;N/A;"2570 mm";"1.4 L";"43 L";6;N/A;N/A;N/A;N/A;N/A;N/A;N/A;N/A;N/A;N/A;N/A;N/A;N/A;N/A;N/A;N/A;N/A;N/A;N/A;N/A;N/A;N/A;N/A;N/A;N/A;N/A;N/A;N/A;N/A;N/A;N/A;N/A;N/A;N/A;N/A;N/A;N/A;N/A;N/A;N/A;N/A;N/A;N/A;N/A;N/A;"1450 mm";"4370 mm";N/A;N/A;N/A;N/A;5;"108 hp";Gl;N/A;4;"1700 mm";N/A;N/A;N/A;N/A;N/A;N/A;N/A;N/A;N/A;N/A;N/A;N/A;N/A;N/A;N/A;N/A;N/A;N/A;4;1.4;Nafta;Manual;Sedán;"Autos y camionetas";N/A;N/A;N/A;N/A;N/A;N/A;UY;N/A;N/A;N/A;N/A;N/A;N/A;N/A;N/A;N/A;N/A;N/A;N/A;N/A;N/A;N/A;N/A;N/A;N/A;N/A;N/A;N/A;N/A;N/A;N/A;N/A;N/A;N/A;N/A;N/A;N/A;N/A;N/A;N/A;N/A;N/A;N/A;N/A;N/A;N/A;N/A;N/A;N/A;N/A;N/A;N/A;N/A;N/A;N/A;N/A;N/A;N/A;N/A;N/A;N/A;N/A;N/A;N/A;N/A;N/A;N/A;N/A;N/A;N/A;N/A;N/A;N/A;N/A;N/A;N/A;N/A;N/A;N/A;N/A;N/A;N/A;N/A;N/A;N/A;N/A;N/A;N/A;N/A;N/A;N/A;N/A;N/A;N/A;N/A;N/A;N/A;N/A;N/A;N/A;N/A;N/A;N/A;N/A;N/A;N/A;N/A;N/A;N/A;N/A;N/A;N/A;N/A;N/A;N/A;N/A;N/A;N/A;N/A;N/A;N/A;N/A
Hyundai;"Grand i10";1.0;2015;"68000 km";;CC20240910172812;11390;;;;;N/A;https://auto.mercadolibre.com.uy/MLU-646967761-hyundai-grand-i10-gl-super-full-2015-permuto-financio-_JM;N/A;;"Hyundai Grand I10 Gl Super Full 2015 Permuto / Financio";USD;Sí;gold_premium;false;N/A;N/A;http://perfil.mercadolibre.com.uy/CC20240910172812;active;N/A;N/A;Usado;Rojo;N/A;Hidráulica;N/A;N/A;N/A;N/A;N/A;N/A;N/A;N/A;N/A;N/A;N/A;N/A;N/A;N/A;N/A;N/A;N/A;N/A;N/A;N/A;N/A;N/A;N/A;N/A;N/A;N/A;N/A;N/A;N/A;N/A;N/A;N/A;N/A;N/A;N/A;N/A;N/A;N/A;N/A;N/A;N/A;N/A;N/A;N/A;N/A;N/A;N/A;N/A;N/A;N/A;N/A;N/A;N/A;N/A;N/A;N/A;N/A;N/A;N/A;N/A;N/A;N/A;N/A;N/A;N/A;N/A;N/A;N/A;N/A;N/A;N/A;N/A;N/A;N/A;N/A;N/A;N/A;N/A;N/A;N/A;N/A;N/A;N/A;N/A;N/A;N/A;N/A;N/A;N/A;N/A;N/A;N/A;N/A;N/A;N/A;N/A;N/A;N/A;N/A;N/A;N/A;N/A;N/A;N/A;"Todos los días";5;1.0;Nafta;Manual;N/A;"Autos y camionetas";N/A;N/A;N/A;N/A;N/A;N/A;N/A;N/A;N/A;N/A;N/A;N/A;N/A;N/A;N/A;N/A;N/A;N/A;N/A;N/A;N/A;N/A;N/A;N/A;N/A;N/A;N/A;N/A;N/A;N/A;N/A;N/A;N/A;N/A;N/A;N/A;N/A;N/A;N/A;N/A;N/A;N/A;N/A;N/A;N/A;N/A;N/A;N/A;N/A;N/A;N/A;N/A;N/A;N/A;N/A;N/A;N/A;N/A;N/A;N/A;N/A;N/A;N/A;N/A;N/A;N/A;N/A;N/A;N/A;N/A;N/A;N/A;N/A;N/A;N/A;N/A;N/A;N/A;N/A;N/A;N/A;N/A;N/A;N/A;N/A;N/A;N/A;N/A;N/A;N/A;N/A;N/A;N/A;N/A;N/A;N/A;N/A;N/A;N/A;N/A;N/A;N/A;N/A;N/A;N/A;N/A;N/A;N/A;N/A;N/A;N/A;N/A;N/A;N/A;N/A;N/A;N/A;N/A;N/A;N/A;N/A;N/A
Hyundai;Accent;"1.5 Gls Mt";2014;"125000 km";;"POMBO NOVO_AUTOMOVILES";12500;;;;;Malvin;https://auto.mercadolibre.com.uy/MLU-644016213-hyundai-accent-14-gls-super-full-financio-permuto-_JM;N/A;;"Hyundai Accent 1.4 Gls Super Full Financio Permuto";usd;Sí;gold_premium;false;N/A;N/A;http://perfil.mercadolibre.com.uy/POMBO+NOVO_AUTOMOVILES;active;N/A;N/A;Usado;Gris;N/A;Hidráulica;Delantera;Sí;N/A;N/A;N/A;N/A;N/A;N/A;N/A;N/A;N/A;N/A;N/A;N/A;N/A;N/A;N/A;N/A;N/A;N/A;N/A;N/A;N/A;N/A;N/A;N/A;"2440 mm";"1.5 L";"45 L";5;N/A;N/A;N/A;N/A;N/A;N/A;N/A;N/A;N/A;N/A;N/A;N/A;N/A;N/A;N/A;N/A;N/A;N/A;N/A;N/A;N/A;N/A;N/A;N/A;N/A;N/A;N/A;N/A;N/A;N/A;N/A;N/A;N/A;N/A;N/A;N/A;N/A;N/A;N/A;N/A;N/A;N/A;N/A;N/A;N/A;"1395 mm";"4235 mm";N/A;N/A;N/A;N/A;5;"92 hp";Gls;N/A;3;"1670 mm";"7.2 km/l";N/A;N/A;N/A;N/A;N/A;N/A;N/A;N/A;N/A;N/A;"4.5 km/l";N/A;N/A;N/A;N/A;N/A;"LUNES A VIERNES PREVIA COORDINACION";4;1.5;Nafta;Manual;Sedán;"Autos y camionetas";N/A;N/A;N/A;N/A;N/A;N/A;UY;N/A;N/A;N/A;N/A;N/A;N/A;N/A;N/A;N/A;N/A;N/A;N/A;N/A;N/A;N/A;N/A;N/A;N/A;N/A;N/A;N/A;N/A;N/A;N/A;N/A;N/A;N/A;N/A;N/A;N/A;N/A;N/A;N/A;N/A;N/A;N/A;N/A;N/A;N/A;N/A;N/A;N/A;N/A;N/A;N/A;N/A;N/A;N/A;N/A;N/A;N/A;N/A;N/A;N/A;N/A;N/A;N/A;N/A;N/A;N/A;N/A;N/A;N/A;N/A;N/A;N/A;N/A;N/A;N/A;N/A;N/A;N/A;N/A;N/A;N/A;N/A;N/A;N/A;N/A;N/A;N/A;N/A;N/A;N/A;N/A;N/A;N/A;N/A;N/A;Sí;N/A;N/A;N/A;N/A;N/A;N/A;N/A;N/A;N/A;N/A;N/A;N/A;N/A;N/A;N/A;N/A;N/A;N/A;N/A;N/A;N/A;N/A;N/A;N/A;N/A
Hyundai;Ioniq;"1.6 Gdi Hibrido At 5p";2021;"74000 km";;EFINEGOCIOS;27500;;;;;"Brazo Oriental";https://auto.mercadolibre.com.uy/MLU-694752304-hyundai-ioniq-hibrido-_JM;N/A;;"Hyundai Ioniq Hibrido";usd;Sí;gold_premium;false;N/A;N/A;http://perfil.mercadolibre.com.uy/EFINEGOCIOS;active;N/A;N/A;Usado;Gris;N/A;N/A;Delantera;Sí;N/A;N/A;N/A;N/A;N/A;N/A;N/A;N/A;N/A;N/A;N/A;N/A;N/A;N/A;N/A;N/A;N/A;N/A;N/A;N/A;N/A;N/A;N/A;N/A;"2440 mm";"1.6 L";"45 L";5;N/A;N/A;N/A;N/A;N/A;N/A;N/A;N/A;N/A;N/A;N/A;N/A;N/A;N/A;N/A;N/A;N/A;N/A;N/A;N/A;N/A;N/A;N/A;N/A;N/A;N/A;N/A;N/A;N/A;N/A;N/A;N/A;N/A;N/A;N/A;N/A;N/A;N/A;N/A;N/A;N/A;N/A;N/A;N/A;N/A;"1395 mm";"4235 mm";N/A;N/A;N/A;N/A;5;"92 hp";N/A;N/A;3;"1670 mm";"7.2 km/l";N/A;N/A;N/A;N/A;N/A;N/A;N/A;N/A;N/A;N/A;"4.5 km/l";N/A;N/A;N/A;N/A;N/A;N/A;5;1.6;Híbrido;Automática;Hatchback;"Autos y camionetas";N/A;N/A;N/A;N/A;N/A;N/A;UY;N/A;N/A;N/A;N/A;N/A;N/A;N/A;N/A;N/A;N/A;N/A;N/A;N/A;N/A;N/A;N/A;N/A;N/A;N/A;N/A;N/A;N/A;N/A;N/A;N/A;N/A;N/A;N/A;N/A;N/A;N/A;N/A;N/A;N/A;N/A;N/A;N/A;N/A;N/A;N/A;N/A;N/A;N/A;N/A;N/A;N/A;N/A;N/A;N/A;N/A;N/A;N/A;N/A;N/A;N/A;N/A;N/A;N/A;N/A;N/A;N/A;N/A;N/A;N/A;N/A;N/A;N/A;N/A;N/A;N/A;N/A;N/A;N/A;N/A;N/A;N/A;N/A;N/A;N/A;N/A;N/A;N/A;N/A;N/A;N/A;N/A;N/A;N/A;N/A;Sí;N/A;N/A;N/A;N/A;N/A;N/A;N/A;N/A;N/A;N/A;N/A;N/A;N/A;N/A;N/A;N/A;N/A;N/A;N/A;N/A;N/A;N/A;N/A;N/A;N/A
Hyundai;HB20S;"1.0 Premium Mt";2024;"0 km";;DUSOLLOSRL;20990;;;;;"Parque Rodó";https://auto.mercadolibre.com.uy/MLU-640230101-hyundai-hb20-_JM;N/A;;"Hyundai Hb20";usd;Sí;gold_premium;false;N/A;N/A;http://perfil.mercadolibre.com.uy/DUSOLLOSRL;active;N/A;N/A;Nuevo;Blanco;N/A;Hidráulica;Delantera;Sí;N/A;N/A;N/A;N/A;N/A;N/A;N/A;N/A;N/A;N/A;N/A;N/A;N/A;N/A;N/A;N/A;N/A;N/A;N/A;N/A;N/A;N/A;N/A;N/A;"2500 mm";"1 L";"50 L";5;N/A;N/A;N/A;N/A;N/A;N/A;N/A;N/A;N/A;N/A;N/A;N/A;N/A;N/A;N/A;N/A;N/A;N/A;N/A;N/A;N/A;N/A;N/A;N/A;N/A;N/A;N/A;N/A;N/A;N/A;N/A;N/A;N/A;Sí;Sí;N/A;N/A;N/A;N/A;N/A;N/A;N/A;N/A;N/A;N/A;"1500 mm";"4200 mm";N/A;N/A;N/A;N/A;5;"80 hp";Comfort;N/A;4;"1680 mm";N/A;N/A;N/A;N/A;Sí;N/A;N/A;Sí;Sí;N/A;N/A;"12.8 km/l";N/A;N/A;N/A;N/A;N/A;N/A;4;1.0;Nafta;Manual;Sedán;"Autos y camionetas";N/A;N/A;N/A;N/A;N/A;N/A;UY;N/A;N/A;N/A;N/A;N/A;N/A;N/A;N/A;N/A;N/A;N/A;N/A;N/A;N/A;N/A;N/A;N/A;N/A;N/A;N/A;N/A;N/A;N/A;N/A;N/A;N/A;N/A;N/A;N/A;N/A;N/A;N/A;N/A;N/A;N/A;N/A;N/A;N/A;N/A;N/A;N/A;N/A;N/A;N/A;N/A;N/A;N/A;N/A;N/A;N/A;N/A;N/A;N/A;N/A;N/A;N/A;N/A;N/A;N/A;N/A;N/A;N/A;N/A;N/A;N/A;N/A;N/A;N/A;N/A;N/A;N/A;N/A;N/A;N/A;N/A;N/A;N/A;N/A;N/A;N/A;N/A;N/A;N/A;N/A;N/A;N/A;N/A;N/A;N/A;N/A;N/A;N/A;N/A;N/A;N/A;N/A;N/A;N/A;N/A;N/A;N/A;N/A;N/A;N/A;N/A;Sí;N/A;N/A;N/A;Sí;N/A;N/A;Sí;N/A;Sí
Hyundai;HB20;"1.0 Premium Mt";2021;"99000 km";;"USADOS FIDOCAR";14890;;;;;Centro;https://auto.mercadolibre.com.uy/MLU-644082623-hyundai-hb20-_JM;N/A;;"Hyundai Hb20";usd;Sí;gold_premium;false;N/A;N/A;http://perfil.mercadolibre.com.uy/USADOS+FIDOCAR;active;N/A;N/A;Usado;Negro;N/A;Hidráulica;Delantera;Sí;N/A;Sí;N/A;N/A;N/A;N/A;N/A;N/A;N/A;N/A;N/A;N/A;N/A;N/A;N/A;N/A;N/A;N/A;N/A;N/A;N/A;N/A;N/A;N/A;"2500 mm";"1 L";"50 L";6;N/A;N/A;N/A;N/A;N/A;N/A;N/A;N/A;N/A;N/A;N/A;N/A;N/A;N/A;N/A;N/A;N/A;N/A;N/A;N/A;N/A;N/A;N/A;N/A;N/A;N/A;N/A;N/A;N/A;N/A;N/A;N/A;N/A;Sí;Sí;N/A;N/A;N/A;N/A;N/A;N/A;N/A;N/A;N/A;N/A;"1470 mm";"3920 mm";N/A;N/A;N/A;N/A;5;"80 hp";N/A;N/A;4;"1680 mm";N/A;N/A;N/A;N/A;Sí;N/A;N/A;Sí;Sí;N/A;N/A;"13.8 km/l";N/A;N/A;N/A;N/A;N/A;"Lunes a Viernes de 10 a 18hs";5;1.0;Nafta;Manual;Hatchback;"Autos y camionetas";N/A;N/A;N/A;N/A;N/A;N/A;UY;N/A;N/A;N/A;N/A;N/A;N/A;N/A;N/A;N/A;N/A;N/A;N/A;N/A;N/A;N/A;N/A;N/A;N/A;N/A;N/A;N/A;N/A;N/A;N/A;N/A;N/A;N/A;N/A;N/A;N/A;N/A;N/A;N/A;N/A;N/A;N/A;N/A;N/A;N/A;N/A;N/A;N/A;N/A;N/A;N/A;N/A;N/A;N/A;N/A;N/A;N/A;N/A;N/A;N/A;N/A;N/A;N/A;N/A;N/A;N/A;N/A;N/A;N/A;N/A;N/A;N/A;N/A;N/A;N/A;N/A;N/A;N/A;N/A;N/A;N/A;N/A;N/A;N/A;N/A;N/A;N/A;N/A;N/A;N/A;N/A;N/A;N/A;N/A;N/A;N/A;N/A;N/A;N/A;N/A;N/A;N/A;N/A;N/A;N/A;N/A;N/A;N/A;N/A;N/A;N/A;Sí;N/A;N/A;N/A;Sí;N/A;N/A;Sí;N/A;Sí
Hyundai;Tucson;"2.0 Gl 6at 2wd";2011;"170000 km";;GLMOTORS3;14990;;;;;Cerrito;https://auto.mercadolibre.com.uy/MLU-700533026-hyundai-tucson-20-at-gl-motors-financiamos-100-en-pesos-_JM;N/A;;"Hyundai Tucson 2.0 At (gl Motors) Financiamos 100% En Pesos";usd;Sí;gold_premium;false;N/A;N/A;http://perfil.mercadolibre.com.uy/GLMOTORS3;active;N/A;N/A;Usado;Gris;N/A;Hidráulica;4x2;Sí;N/A;Sí;N/A;N/A;N/A;N/A;N/A;N/A;N/A;N/A;N/A;N/A;N/A;N/A;N/A;N/A;N/A;N/A;N/A;N/A;N/A;N/A;N/A;N/A;"2630 mm";"2 L";"58 L";6;N/A;N/A;N/A;N/A;N/A;N/A;N/A;N/A;N/A;N/A;N/A;N/A;N/A;N/A;N/A;N/A;N/A;N/A;N/A;N/A;N/A;N/A;N/A;N/A;N/A;N/A;N/A;N/A;N/A;N/A;N/A;Sí;N/A;N/A;N/A;N/A;N/A;N/A;N/A;N/A;N/A;Sí;N/A;N/A;N/A;"1655 mm";"4410 mm";N/A;N/A;N/A;N/A;5;"166 hp";Gl;N/A;4;"1830 mm";"10.4 km/l";N/A;N/A;N/A;N/A;N/A;N/A;N/A;N/A;N/A;Sí;"6.4 km/l";N/A;N/A;N/A;N/A;N/A;"lunes a viernes de 9 a 18:30 sábados de 10 a 13 hs";5;2.0;Nafta;Automática;SUV;"Autos y camionetas";N/A;N/A;N/A;N/A;N/A;N/A;UY;N/A;N/A;N/A;N/A;N/A;N/A;N/A;N/A;N/A;N/A;N/A;N/A;N/A;N/A;N/A;N/A;N/A;N/A;N/A;N/A;N/A;N/A;N/A;N/A;N/A;N/A;N/A;N/A;N/A;N/A;N/A;N/A;N/A;N/A;N/A;N/A;N/A;N/A;N/A;N/A;N/A;N/A;N/A;N/A;N/A;N/A;N/A;N/A;N/A;N/A;N/A;N/A;N/A;N/A;N/A;N/A;N/A;N/A;N/A;N/A;N/A;N/A;N/A;N/A;N/A;N/A;N/A;N/A;N/A;N/A;N/A;N/A;N/A;N/A;N/A;N/A;N/A;N/A;N/A;N/A;N/A;N/A;N/A;N/A;N/A;N/A;N/A;N/A;N/A;Sí;N/A;Sí;N/A;N/A;N/A;N/A;N/A;N/A;N/A;N/A;N/A;N/A;Sí;N/A;N/A;N/A;N/A;N/A;N/A;N/A;N/A;N/A;N/A;N/A;N/A
Hyundai;Tucson;"2.0 Gl 5mt 2wd";2013;"186000 km";;GLMOTORS3;14990;;;;;Cerrito;https://auto.mercadolibre.com.uy/MLU-700546026-hyundai-tucson-20-gl-motors-financiamos-100-en-pesos-_JM;N/A;;"Hyundai Tucson 2.0 ((gl Motors)) Financiamos 100% En Pesos";usd;Sí;gold_premium;false;N/A;N/A;http://perfil.mercadolibre.com.uy/GLMOTORS3;active;N/A;N/A;Usado;Gris;N/A;Hidráulica;4x2;Sí;N/A;Sí;N/A;N/A;N/A;N/A;N/A;N/A;N/A;N/A;N/A;N/A;N/A;N/A;N/A;N/A;N/A;N/A;N/A;N/A;N/A;N/A;N/A;N/A;"2630 mm";"2 L";"58 L";5;N/A;N/A;N/A;N/A;N/A;N/A;N/A;N/A;N/A;N/A;N/A;N/A;N/A;N/A;N/A;N/A;N/A;N/A;N/A;N/A;N/A;N/A;N/A;N/A;N/A;N/A;N/A;N/A;N/A;N/A;N/A;Sí;N/A;N/A;N/A;N/A;N/A;N/A;N/A;N/A;N/A;Sí;N/A;N/A;N/A;"1655 mm";"4410 mm";N/A;N/A;N/A;N/A;5;"166 hp";Gl;N/A;4;"1830 mm";"9.8 km/l";N/A;N/A;N/A;N/A;N/A;N/A;N/A;N/A;N/A;Sí;"6.1 km/l";N/A;N/A;N/A;N/A;N/A;"lunes a viernes de 9 a 18:30 sábados de 10 a 13 hs";5;2.0;Nafta;Manual;SUV;"Autos y camionetas";N/A;N/A;N/A;N/A;N/A;N/A;UY;N/A;N/A;N/A;N/A;N/A;N/A;N/A;N/A;N/A;N/A;N/A;N/A;N/A;N/A;N/A;N/A;N/A;N/A;N/A;N/A;N/A;N/A;N/A;N/A;N/A;N/A;N/A;N/A;N/A;N/A;N/A;N/A;N/A;N/A;N/A;N/A;N/A;N/A;N/A;N/A;N/A;N/A;N/A;N/A;N/A;N/A;N/A;N/A;N/A;N/A;N/A;N/A;N/A;N/A;N/A;N/A;N/A;N/A;N/A;N/A;N/A;N/A;N/A;N/A;N/A;N/A;N/A;N/A;N/A;N/A;N/A;N/A;N/A;N/A;N/A;N/A;N/A;N/A;N/A;N/A;N/A;N/A;N/A;N/A;N/A;N/A;N/A;N/A;N/A;Sí;N/A;Sí;N/A;N/A;N/A;N/A;N/A;N/A;N/A;N/A;N/A;N/A;Sí;N/A;N/A;N/A;N/A;N/A;N/A;N/A;N/A;N/A;N/A;N/A;N/A
Hyundai;HB20;"1.0 Premium Mt";2022;"55000 km";;"USADOS FIDOCAR";15890;;;;;Centro;https://auto.mercadolibre.com.uy/MLU-644121685-hyundai-hb20-2022-_JM;N/A;;"Hyundai Hb20 2022 ";usd;Sí;gold_premium;false;N/A;N/A;http://perfil.mercadolibre.com.uy/USADOS+FIDOCAR;active;N/A;N/A;Usado;Gris;N/A;Hidráulica;Delantera;Sí;N/A;Sí;N/A;N/A;N/A;N/A;N/A;N/A;N/A;N/A;N/A;N/A;N/A;N/A;N/A;N/A;N/A;N/A;N/A;N/A;N/A;N/A;N/A;N/A;"2500 mm";"1 L";"50 L";6;N/A;N/A;N/A;N/A;N/A;N/A;N/A;N/A;N/A;N/A;N/A;N/A;N/A;N/A;N/A;N/A;N/A;N/A;N/A;N/A;N/A;N/A;N/A;N/A;N/A;N/A;N/A;N/A;N/A;N/A;N/A;N/A;N/A;Sí;Sí;N/A;N/A;N/A;N/A;N/A;N/A;N/A;N/A;N/A;N/A;"1470 mm";"3920 mm";N/A;N/A;N/A;N/A;5;"80 hp";N/A;N/A;4;"1680 mm";N/A;N/A;N/A;N/A;Sí;N/A;N/A;Sí;Sí;N/A;N/A;"13.8 km/l";N/A;N/A;N/A;N/A;N/A;"Lunes a Viernes de 10 a 18hs";5;1.0;Nafta;Manual;Hatchback;"Autos y camionetas";N/A;N/A;N/A;N/A;N/A;N/A;UY;N/A;N/A;N/A;N/A;N/A;N/A;N/A;N/A;N/A;N/A;N/A;N/A;N/A;N/A;N/A;N/A;N/A;N/A;N/A;N/A;N/A;N/A;N/A;N/A;N/A;N/A;N/A;N/A;N/A;N/A;N/A;N/A;N/A;N/A;N/A;N/A;N/A;N/A;N/A;N/A;N/A;N/A;N/A;N/A;N/A;N/A;N/A;N/A;N/A;N/A;N/A;N/A;N/A;N/A;N/A;N/A;N/A;N/A;N/A;N/A;N/A;N/A;N/A;N/A;N/A;N/A;N/A;N/A;N/A;N/A;N/A;N/A;N/A;N/A;N/A;N/A;N/A;N/A;N/A;N/A;N/A;N/A;N/A;N/A;N/A;N/A;N/A;N/A;N/A;N/A;N/A;N/A;N/A;N/A;N/A;N/A;N/A;N/A;N/A;N/A;N/A;N/A;N/A;N/A;N/A;Sí;N/A;N/A;N/A;Sí;N/A;N/A;Sí;N/A;Sí
Hyundai;Atos;"1.0 Premium";2020;"77000 km";;EFINEGOCIOS;12500;;;;;"Brazo Oriental";https://auto.mercadolibre.com.uy/MLU-703146916-hyundai-atos-_JM;N/A;;"Hyundai Atos";usd;Sí;gold_premium;false;N/A;N/A;http://perfil.mercadolibre.com.uy/EFINEGOCIOS;active;N/A;N/A;Usado;Gris;N/A;Hidráulica;Delantera;Sí;N/A;N/A;N/A;N/A;N/A;N/A;N/A;N/A;N/A;N/A;N/A;N/A;N/A;N/A;N/A;N/A;N/A;N/A;N/A;N/A;N/A;N/A;N/A;N/A;"2774 mm";"1 L";"35 L";5;N/A;N/A;N/A;N/A;N/A;N/A;N/A;N/A;N/A;N/A;N/A;N/A;N/A;N/A;N/A;N/A;N/A;N/A;N/A;N/A;N/A;N/A;N/A;N/A;N/A;N/A;N/A;N/A;N/A;N/A;N/A;Sí;N/A;Sí;Sí;N/A;N/A;N/A;N/A;N/A;N/A;N/A;N/A;N/A;N/A;"1570 mm";"3565 mm";N/A;N/A;N/A;N/A;4;"66 hp";Premium;N/A;3;"1891 mm";N/A;N/A;N/A;N/A;Sí;N/A;N/A;N/A;N/A;N/A;N/A;N/A;N/A;N/A;N/A;N/A;N/A;N/A;5;1.0;Nafta;Manual;Hatchback;"Autos y camionetas";N/A;N/A;N/A;N/A;N/A;N/A;UY;N/A;N/A;N/A;N/A;N/A;N/A;N/A;N/A;N/A;N/A;N/A;N/A;N/A;N/A;N/A;N/A;N/A;N/A;N/A;N/A;N/A;N/A;N/A;N/A;N/A;N/A;N/A;N/A;N/A;N/A;N/A;N/A;N/A;N/A;N/A;N/A;N/A;N/A;N/A;N/A;N/A;N/A;N/A;N/A;N/A;N/A;N/A;N/A;N/A;N/A;N/A;N/A;N/A;N/A;N/A;N/A;N/A;N/A;N/A;N/A;N/A;N/A;N/A;N/A;N/A;N/A;N/A;N/A;N/A;N/A;N/A;N/A;N/A;N/A;N/A;N/A;N/A;N/A;N/A;N/A;N/A;N/A;N/A;N/A;N/A;N/A;N/A;N/A;N/A;Sí;N/A;Sí;N/A;N/A;N/A;N/A;Sí;N/A;N/A;N/A;N/A;N/A;N/A;N/A;N/A;N/A;N/A;N/A;N/A;N/A;N/A;N/A;N/A;N/A;N/A
Hyundai;HB20S;"1.6 Comfort 4p";2022;"80000 km";;"AUTOMOTORA CANEPAS";16900;;;;;Pando;https://auto.mercadolibre.com.uy/MLU-704237892-hyundai-hb20s-_JM;N/A;;"Hyundai Hb20s";usd;Sí;gold_premium;false;N/A;N/A;http://perfil.mercadolibre.com.uy/AUTOMOTORA+CANEPAS;active;N/A;N/A;Usado;Blanco;N/A;Hidráulica;Delantera;Sí;N/A;N/A;N/A;N/A;N/A;N/A;N/A;N/A;N/A;N/A;N/A;N/A;N/A;N/A;N/A;N/A;N/A;N/A;N/A;N/A;N/A;N/A;N/A;N/A;"2500 mm";"1.6 L";"50 L";5;N/A;N/A;N/A;N/A;N/A;N/A;N/A;N/A;N/A;N/A;N/A;N/A;N/A;N/A;N/A;N/A;N/A;N/A;N/A;N/A;N/A;N/A;N/A;N/A;N/A;N/A;N/A;N/A;N/A;N/A;N/A;N/A;N/A;Sí;Sí;N/A;N/A;N/A;N/A;N/A;N/A;N/A;N/A;N/A;N/A;"1500 mm";"4200 mm";N/A;N/A;N/A;N/A;5;"123 hp";Comfort;N/A;4;"1680 mm";N/A;N/A;N/A;N/A;Sí;N/A;N/A;Sí;Sí;N/A;N/A;"12.8 km/l";N/A;N/A;N/A;N/A;N/A;N/A;4;1.6;Nafta;Manual;Sedán;"Autos y camionetas";N/A;N/A;N/A;N/A;N/A;N/A;UY;N/A;N/A;N/A;N/A;N/A;N/A;N/A;N/A;N/A;N/A;N/A;N/A;N/A;N/A;N/A;N/A;N/A;N/A;N/A;N/A;N/A;N/A;N/A;N/A;N/A;N/A;N/A;N/A;N/A;N/A;N/A;N/A;N/A;N/A;N/A;N/A;N/A;N/A;N/A;N/A;N/A;N/A;N/A;N/A;N/A;N/A;N/A;N/A;N/A;N/A;N/A;N/A;N/A;N/A;N/A;N/A;N/A;N/A;N/A;N/A;N/A;N/A;N/A;N/A;N/A;N/A;N/A;N/A;N/A;N/A;N/A;N/A;N/A;N/A;N/A;N/A;N/A;N/A;N/A;N/A;N/A;N/A;N/A;N/A;N/A;N/A;N/A;N/A;N/A;N/A;N/A;N/A;N/A;N/A;N/A;N/A;N/A;N/A;N/A;N/A;N/A;N/A;N/A;N/A;N/A;Sí;N/A;N/A;N/A;Sí;N/A;N/A;Sí;N/A;Sí
Hyundai;Creta;"1.0 T-Gdi Safe At";2023;"11900 km";;HJDECIA;27500;;;;;Pocitos;https://auto.mercadolibre.com.uy/MLU-647287017-hyundai-creta-10t-safe-automatica-_JM;N/A;;"Hyundai Creta 1.0t Safe Automática";usd;Sí;gold_premium;false;N/A;N/A;http://perfil.mercadolibre.com.uy/HJDECIA;active;N/A;N/A;Usado;Gris;N/A;N/A;4x2;Sí;Sí;N/A;N/A;N/A;N/A;N/A;N/A;N/A;N/A;N/A;Sí;Sí;N/A;N/A;N/A;N/A;N/A;N/A;N/A;N/A;N/A;N/A;N/A;N/A;"2610 mm";"1 L";"50 L";6;N/A;N/A;N/A;N/A;N/A;Sí;N/A;N/A;N/A;N/A;N/A;N/A;N/A;N/A;N/A;N/A;N/A;N/A;N/A;N/A;N/A;N/A;N/A;N/A;N/A;N/A;N/A;N/A;N/A;N/A;N/A;N/A;N/A;N/A;N/A;N/A;N/A;N/A;N/A;N/A;N/A;N/A;N/A;N/A;N/A;"1635 mm";"4290 mm";N/A;N/A;N/A;N/A;5;"120 hp";Safe;N/A;4;"1790 mm";N/A;N/A;N/A;Sí;Sí;N/A;N/A;N/A;N/A;N/A;N/A;N/A;N/A;N/A;N/A;N/A;Sí;"Lunes a Viernes de 9 a 20 hs";5;1.0;Nafta;Automática;SUV;"Autos y camionetas";N/A;N/A;N/A;N/A;N/A;N/A;UY;N/A;N/A;N/A;N/A;N/A;N/A;N/A;N/A;N/A;N/A;N/A;N/A;N/A;N/A;N/A;N/A;N/A;Sí;N/A;N/A;N/A;N/A;N/A;N/A;N/A;N/A;N/A;N/A;N/A;N/A;N/A;N/A;N/A;N/A;N/A;N/A;N/A;N/A;N/A;N/A;N/A;N/A;N/A;N/A;N/A;N/A;N/A;N/A;N/A;N/A;N/A;N/A;N/A;N/A;N/A;N/A;N/A;N/A;N/A;N/A;N/A;N/A;N/A;N/A;N/A;N/A;N/A;N/A;N/A;N/A;N/A;N/A;N/A;N/A;N/A;N/A;N/A;N/A;N/A;N/A;N/A;N/A;N/A;N/A;N/A;N/A;N/A;N/A;N/A;Sí;N/A;Sí;N/A;Sí;N/A;N/A;N/A;N/A;Sí;N/A;N/A;Sí;N/A;N/A;Sí;Sí;N/A;Sí;Sí;Sí;N/A;N/A;N/A;N/A;Sí
Hyundai;"Santa Fe";"2.4 Seguridad 7as 6at 2wd";2015;"115000 km";;LATORREWILSON40;20900;;;;;Trinidad;https://auto.mercadolibre.com.uy/MLU-704769188-hyundai-santa-fe-24-seguridad-7as-6at-2wd-_JM;N/A;;"Hyundai Santa Fe 2.4 Seguridad 7as 6at 2wd";usd;Sí;gold_premium;false;N/A;N/A;http://perfil.mercadolibre.com.uy/LATORREWILSON40;active;N/A;N/A;Usado;Rojo;N/A;Hidráulica;4x2;Sí;Sí;Sí;N/A;N/A;Sí;N/A;N/A;Sí;N/A;N/A;Sí;Sí;N/A;Sí;N/A;N/A;N/A;N/A;N/A;N/A;N/A;N/A;N/A;N/A;"2700 mm";"2.4 L";"75 L";6;N/A;N/A;N/A;N/A;N/A;N/A;N/A;N/A;N/A;N/A;N/A;N/A;N/A;N/A;N/A;N/A;N/A;N/A;N/A;N/A;N/A;N/A;N/A;N/A;N/A;N/A;N/A;N/A;N/A;Sí;N/A;Sí;N/A;N/A;N/A;N/A;N/A;N/A;N/A;N/A;N/A;Sí;N/A;N/A;N/A;"1795 mm";"4675 mm";N/A;N/A;N/A;N/A;5;"176 hp";N/A;N/A;4;"1890 mm";N/A;N/A;N/A;Sí;Sí;N/A;Sí;Sí;N/A;N/A;Sí;N/A;No;N/A;N/A;N/A;Sí;N/A;5;2.4;Nafta;Automática;SUV;"Autos y camionetas";N/A;N/A;N/A;N/A;N/A;N/A;UY;N/A;N/A;N/A;N/A;N/A;N/A;N/A;N/A;N/A;N/A;N/A;N/A;N/A;N/A;N/A;N/A;N/A;Sí;N/A;N/A;N/A;N/A;N/A;N/A;N/A;N/A;N/A;N/A;N/A;N/A;N/A;N/A;N/A;N/A;N/A;N/A;N/A;N/A;N/A;N/A;N/A;N/A;N/A;N/A;N/A;N/A;N/A;N/A;N/A;N/A;N/A;N/A;N/A;N/A;N/A;N/A;N/A;N/A;N/A;N/A;N/A;N/A;N/A;N/A;N/A;N/A;N/A;N/A;N/A;N/A;N/A;N/A;N/A;N/A;N/A;N/A;N/A;N/A;N/A;N/A;N/A;N/A;N/A;N/A;N/A;N/A;N/A;N/A;N/A;Sí;Sí;Sí;N/A;Sí;N/A;N/A;N/A;N/A;Sí;No;Sí;Sí;N/A;N/A;Sí;Sí;Sí;Sí;Sí;Sí;N/A;N/A;Sí;N/A;Sí
Hyundai;Kona;Limited;2024;"5000 km";;"OLIVA AUTOMOTORES";42900;;;;;Malvin;https://auto.mercadolibre.com.uy/MLU-704523916-hyundai-kona-limited-16-2024-igual-a-nuevo-_JM;N/A;;"Hyundai Kona Limited 1.6 2024 Igual A Nuevo";USD;Sí;gold_premium;false;N/A;N/A;http://perfil.mercadolibre.com.uy/OLIVA+AUTOMOTORES;active;N/A;N/A;Usado;Blanco;Sí;Eléctrica;Delantera;N/A;N/A;N/A;N/A;N/A;N/A;N/A;N/A;N/A;N/A;N/A;N/A;N/A;N/A;N/A;N/A;N/A;N/A;N/A;N/A;N/A;N/A;N/A;N/A;N/A;N/A;"1600 cc";N/A;6;N/A;N/A;N/A;N/A;N/A;N/A;N/A;N/A;N/A;N/A;N/A;N/A;N/A;N/A;N/A;N/A;N/A;N/A;N/A;N/A;N/A;N/A;N/A;N/A;N/A;N/A;N/A;N/A;N/A;N/A;N/A;N/A;N/A;N/A;N/A;N/A;N/A;N/A;N/A;N/A;N/A;N/A;N/A;N/A;N/A;N/A;N/A;N/A;N/A;N/A;N/A;N/A;"144 hp";N/A;N/A;N/A;N/A;"23 km/l";N/A;N/A;N/A;N/A;N/A;N/A;N/A;N/A;N/A;N/A;"20 km/l";N/A;N/A;N/A;N/A;N/A;"Lun. a Vie. de 9 a 18.30 hs. Sáb. de 10 a 13 hs.";5;1.6;Híbrido;"Automática secuencial";SUV;"Autos y camionetas";No;N/A;N/A;N/A;No;N/A;N/A;No;Sí;No;No;N/A;N/A;N/A;N/A;N/A;N/A;N/A;N/A;N/A;N/A;N/A;N/A;N/A;N/A;N/A;N/A;N/A;N/A;N/A;N/A;N/A;N/A;N/A;N/A;N/A;N/A;N/A;N/A;N/A;N/A;N/A;N/A;N/A;N/A;N/A;N/A;N/A;N/A;N/A;N/A;N/A;N/A;N/A;N/A;N/A;N/A;N/A;N/A;N/A;N/A;Sí;No;N/A;N/A;N/A;N/A;N/A;N/A;N/A;N/A;N/A;N/A;N/A;N/A;N/A;N/A;N/A;N/A;N/A;N/A;N/A;N/A;N/A;N/A;N/A;N/A;N/A;N/A;N/A;N/A;N/A;N/A;N/A;N/A;N/A;N/A;N/A;N/A;N/A;N/A;N/A;N/A;N/A;N/A;N/A;N/A;N/A;N/A;N/A;N/A;N/A;N/A;N/A;N/A;N/A;N/A;N/A;N/A;N/A;N/A;N/A
Hyundai;Ioniq;Full;2018;"92000 km";;"OLIVA AUTOMOTORES";20990;;;;;Malvin;https://auto.mercadolibre.com.uy/MLU-702471274-hyundai-ioniq-full-16-2018-igual-a-nuevo-_JM;N/A;;"Hyundai Ioniq Full 1.6 2018 Igual A Nuevo";USD;Sí;gold_premium;false;N/A;N/A;http://perfil.mercadolibre.com.uy/OLIVA+AUTOMOTORES;active;N/A;N/A;Usado;Plateado;Sí;Eléctrica;Delantera;Sí;Sí;Sí;N/A;N/A;N/A;Sí;N/A;N/A;N/A;N/A;N/A;Sí;N/A;Sí;N/A;N/A;N/A;N/A;N/A;N/A;N/A;N/A;N/A;N/A;N/A;"1600 cc";N/A;5;N/A;N/A;N/A;N/A;Sí;N/A;N/A;N/A;N/A;N/A;N/A;N/A;N/A;N/A;N/A;N/A;N/A;N/A;N/A;N/A;N/A;N/A;N/A;N/A;N/A;Sí;N/A;N/A;N/A;N/A;N/A;N/A;N/A;N/A;N/A;N/A;Sí;N/A;N/A;N/A;N/A;N/A;N/A;N/A;N/A;N/A;N/A;N/A;N/A;N/A;N/A;N/A;N/A;N/A;N/A;N/A;N/A;"22 km/l";N/A;N/A;N/A;N/A;Sí;Sí;Sí;N/A;N/A;N/A;"20 km/l";N/A;N/A;N/A;N/A;N/A;"Lun. a Vie. de 9 a 18.30 hs. Sáb. de 10 a 13 hs.";4;1.6;Híbrido;"Automática secuencial";Sedán;"Autos y camionetas";No;N/A;N/A;N/A;No;N/A;N/A;No;Sí;No;No;N/A;N/A;N/A;N/A;N/A;N/A;N/A;N/A;N/A;N/A;N/A;N/A;N/A;Sí;N/A;N/A;N/A;N/A;N/A;N/A;N/A;N/A;N/A;N/A;N/A;N/A;N/A;N/A;N/A;N/A;N/A;N/A;N/A;N/A;N/A;N/A;N/A;N/A;N/A;N/A;N/A;N/A;N/A;N/A;N/A;N/A;N/A;N/A;N/A;N/A;N/A;No;N/A;N/A;N/A;N/A;N/A;N/A;N/A;N/A;N/A;N/A;N/A;N/A;N/A;N/A;N/A;N/A;N/A;N/A;N/A;N/A;N/A;N/A;N/A;N/A;N/A;N/A;N/A;N/A;N/A;Sí;N/A;N/A;N/A;Sí;Sí;N/A;Sí;Sí;Sí;Sí;N/A;Sí;Sí;N/A;N/A;N/A;N/A;Sí;Sí;N/A;N/A;Sí;N/A;Sí;N/A;N/A;Sí;N/A;N/A
Hyundai;Creta;"1.6 Gl Limited";2017;"80000 km";;LATORREWILSON40;19900;;;;;Trinidad;https://auto.mercadolibre.com.uy/MLU-701589120-creta-limited-aut-_JM;N/A;;"Creta Limited Aut";usd;Sí;gold_premium;false;N/A;N/A;http://perfil.mercadolibre.com.uy/LATORREWILSON40;active;N/A;N/A;Usado;Gris;Sí;Hidráulica;4x2;Sí;Sí;Sí;N/A;N/A;Sí;N/A;N/A;No;N/A;N/A;Sí;Sí;N/A;Sí;N/A;N/A;N/A;N/A;N/A;N/A;N/A;N/A;N/A;N/A;"2590 mm";"1.6 L";"58 L";5;N/A;N/A;N/A;N/A;Sí;Sí;N/A;N/A;N/A;N/A;N/A;N/A;N/A;N/A;N/A;N/A;N/A;N/A;N/A;N/A;N/A;N/A;N/A;N/A;N/A;N/A;N/A;N/A;N/A;No;N/A;Sí;Sí;Sí;Sí;N/A;N/A;N/A;N/A;N/A;N/A;N/A;N/A;N/A;N/A;"1635 mm";"4440 mm";N/A;N/A;N/A;N/A;5;"163 hp";Gl;N/A;4;"1898 mm";N/A;No;N/A;Sí;Sí;N/A;Sí;Sí;N/A;No;N/A;N/A;No;No;N/A;N/A;Sí;N/A;4;1.6;Nafta;Automática;SUV;"Autos y camionetas";N/A;N/A;N/A;N/A;N/A;N/A;UY;N/A;N/A;N/A;N/A;N/A;N/A;N/A;N/A;N/A;N/A;N/A;N/A;N/A;N/A;N/A;N/A;N/A;Sí;N/A;N/A;N/A;N/A;N/A;N/A;N/A;N/A;N/A;N/A;N/A;N/A;N/A;N/A;N/A;N/A;N/A;N/A;N/A;N/A;N/A;N/A;N/A;N/A;N/A;N/A;N/A;N/A;N/A;N/A;N/A;N/A;N/A;N/A;N/A;N/A;N/A;N/A;N/A;N/A;N/A;N/A;N/A;N/A;N/A;N/A;N/A;N/A;N/A;N/A;N/A;N/A;N/A;N/A;N/A;N/A;N/A;N/A;N/A;N/A;N/A;N/A;N/A;N/A;N/A;N/A;N/A;N/A;N/A;N/A;Sí;Sí;Sí;No;N/A;Sí;N/A;N/A;Sí;N/A;Sí;No;Sí;Sí;N/A;N/A;Sí;Sí;Sí;Sí;Sí;Sí;No;No;Sí;N/A;Sí
Hyundai;Ioniq;"5 LIMITED RWD";2025;"5000 km";;"OLIVA AUTOMOTORES";63990;;;;;Malvin;https://auto.mercadolibre.com.uy/MLU-698352920-hyundai-ioniq-5-limited-rwd-2025-igual-a-nuevo-_JM;N/A;;"Hyundai Ioniq 5 Limited Rwd 2025 Igual A Nuevo";USD;Sí;gold_premium;false;N/A;N/A;http://perfil.mercadolibre.com.uy/OLIVA+AUTOMOTORES;active;N/A;N/A;Usado;"Gris oscuro";Sí;Eléctrica;Trasera;Sí;N/A;N/A;N/A;N/A;N/A;N/A;N/A;Sí;N/A;N/A;Sí;N/A;N/A;Sí;N/A;N/A;N/A;N/A;N/A;N/A;N/A;N/A;N/A;N/A;N/A;N/A;N/A;N/A;N/A;N/A;N/A;N/A;N/A;N/A;N/A;N/A;N/A;N/A;N/A;N/A;N/A;N/A;N/A;N/A;N/A;N/A;N/A;N/A;N/A;N/A;N/A;N/A;N/A;N/A;N/A;N/A;N/A;N/A;N/A;N/A;N/A;N/A;N/A;N/A;N/A;N/A;N/A;N/A;N/A;N/A;N/A;N/A;N/A;N/A;N/A;"531 L";N/A;N/A;N/A;N/A;"150 kW";N/A;N/A;N/A;N/A;N/A;N/A;N/A;Sí;Sí;N/A;Sí;Sí;N/A;Sí;N/A;N/A;Sí;N/A;N/A;N/A;N/A;"Lun. a Vie. de 9 a 18.30 hs. Sáb. de 10 a 13 hs.";5;N/A;Eléctrico;Automática;SUV;"Autos y camionetas";No;N/A;N/A;N/A;No;N/A;N/A;No;Sí;No;No;N/A;N/A;N/A;N/A;N/A;N/A;N/A;N/A;N/A;N/A;N/A;N/A;N/A;N/A;N/A;N/A;N/A;N/A;N/A;N/A;N/A;N/A;N/A;N/A;N/A;N/A;N/A;N/A;N/A;N/A;N/A;N/A;N/A;N/A;N/A;N/A;N/A;N/A;N/A;N/A;N/A;N/A;N/A;N/A;N/A;N/A;N/A;N/A;N/A;N/A;Sí;No;N/A;N/A;N/A;N/A;N/A;N/A;N/A;N/A;N/A;N/A;N/A;N/A;N/A;N/A;N/A;N/A;N/A;N/A;N/A;N/A;N/A;N/A;N/A;N/A;N/A;N/A;N/A;N/A;N/A;N/A;N/A;N/A;N/A;Sí;Sí;Sí;N/A;Sí;N/A;N/A;N/A;N/A;N/A;Sí;N/A;N/A;N/A;N/A;N/A;N/A;N/A;N/A;N/A;Sí;N/A;N/A;N/A;N/A;N/A
Hyundai;HB20S;"1.6 Unique At 4p";2023;"50000 km";;LATORREWILSON40;21990;;;;;Trinidad;https://auto.mercadolibre.com.uy/MLU-701885058-hyundai-hb20s-16-unique-at-4p-_JM;N/A;;"Hyundai Hb20s 1.6 Unique At 4p";usd;Sí;gold_premium;false;N/A;N/A;http://perfil.mercadolibre.com.uy/LATORREWILSON40;active;N/A;N/A;Usado;Blanco;Sí;Hidráulica;Delantera;Sí;Sí;Sí;N/A;N/A;Sí;N/A;N/A;No;N/A;N/A;Sí;Sí;N/A;Sí;N/A;N/A;N/A;N/A;N/A;N/A;N/A;N/A;N/A;N/A;"2500 mm";"1.6 L";"50 L";6;N/A;N/A;N/A;N/A;N/A;Sí;N/A;N/A;N/A;N/A;N/A;N/A;N/A;N/A;N/A;N/A;N/A;N/A;N/A;N/A;N/A;N/A;N/A;N/A;N/A;N/A;N/A;N/A;N/A;Sí;N/A;N/A;N/A;Sí;Sí;N/A;N/A;N/A;N/A;N/A;N/A;N/A;N/A;N/A;N/A;"1470 mm";"4230 mm";N/A;N/A;N/A;N/A;5;"123 hp";Unique;N/A;4;"1680 mm";N/A;N/A;N/A;Sí;Sí;N/A;Sí;Sí;Sí;No;N/A;"14 km/l";No;Sí;N/A;N/A;Sí;N/A;4;1.6;Nafta;Automática;Sedán;"Autos y camionetas";N/A;N/A;N/A;N/A;N/A;N/A;UY;N/A;N/A;N/A;N/A;N/A;N/A;N/A;N/A;N/A;N/A;N/A;N/A;N/A;N/A;N/A;N/A;N/A;Sí;N/A;N/A;N/A;N/A;N/A;N/A;N/A;N/A;N/A;N/A;N/A;N/A;N/A;N/A;N/A;N/A;N/A;N/A;N/A;N/A;N/A;N/A;N/A;N/A;N/A;N/A;N/A;N/A;N/A;N/A;N/A;N/A;N/A;N/A;N/A;N/A;N/A;N/A;N/A;N/A;N/A;N/A;N/A;N/A;N/A;N/A;N/A;N/A;N/A;N/A;N/A;N/A;N/A;N/A;N/A;N/A;N/A;N/A;N/A;N/A;N/A;N/A;N/A;N/A;N/A;N/A;N/A;N/A;N/A;N/A;Sí;Sí;Sí;Sí;N/A;Sí;N/A;N/A;N/A;N/A;Sí;Sí;Sí;Sí;N/A;N/A;Sí;Sí;Sí;Sí;Sí;Sí;No;No;Sí;N/A;Sí
Hyundai;HB20;"SEDAN 1.6 UNIQUE AT";2025;"0 km";;"OLIVA AUTOMOTORES";28990;;;;;Malvin;https://auto.mercadolibre.com.uy/MLU-697295122-hyundai-hb20-sedan-16-unique-at-16-2025-0km-_JM;N/A;;"Hyundai Hb20 Sedan 1.6 Unique At 1.6 2025 0km";USD;Sí;gold_premium;false;N/A;N/A;http://perfil.mercadolibre.com.uy/OLIVA+AUTOMOTORES;active;N/A;N/A;Nuevo;"Gris oscuro";N/A;Eléctrica;Delantera;Sí;Sí;Sí;N/A;Sí;N/A;Sí;N/A;Sí;Sí;N/A;Sí;Sí;N/A;Sí;N/A;N/A;N/A;N/A;N/A;N/A;N/A;N/A;N/A;N/A;"2500 mm";"1600 cc";N/A;6;N/A;N/A;N/A;N/A;Sí;Sí;N/A;N/A;N/A;N/A;N/A;N/A;N/A;N/A;N/A;N/A;N/A;N/A;N/A;N/A;N/A;N/A;N/A;Sí;N/A;Sí;N/A;Sí;N/A;N/A;N/A;N/A;N/A;N/A;N/A;N/A;N/A;N/A;N/A;N/A;N/A;N/A;Sí;N/A;N/A;"1470 mm";"3920 mm";"480 L";N/A;N/A;N/A;N/A;"123 hp";Unique;N/A;N/A;"1680 mm";"14 km/l";N/A;N/A;Sí;Sí;Sí;N/A;Sí;Sí;N/A;N/A;"18 km/l";N/A;N/A;N/A;N/A;N/A;"Lun. a Vie. de 9 a 18.30 hs. Sáb. de 10 a 13 hs.";4;1.6;Nafta;"Automática secuencial";Sedán;"Autos y camionetas";No;N/A;N/A;N/A;No;N/A;N/A;No;Sí;No;No;N/A;N/A;N/A;N/A;N/A;N/A;N/A;N/A;N/A;N/A;N/A;N/A;N/A;Sí;N/A;N/A;N/A;N/A;N/A;N/A;N/A;N/A;N/A;N/A;Sí;N/A;N/A;N/A;N/A;N/A;N/A;N/A;Sí;N/A;N/A;N/A;N/A;N/A;N/A;N/A;N/A;N/A;Sí;N/A;N/A;N/A;N/A;Sí;N/A;N/A;Sí;No;N/A;N/A;N/A;N/A;N/A;N/A;N/A;N/A;N/A;N/A;N/A;N/A;N/A;N/A;N/A;N/A;N/A;N/A;N/A;N/A;N/A;N/A;N/A;N/A;N/A;N/A;N/A;N/A;N/A;N/A;N/A;N/A;N/A;Sí;Sí;Sí;Sí;Sí;Sí;Sí;N/A;Sí;Sí;Sí;Sí;N/A;N/A;Sí;Sí;Sí;N/A;N/A;N/A;Sí;N/A;Sí;Sí;N/A;Sí
Hyundai;Tucson;"HIBRIDA LIMITED FL";2025;"0 km";;"OLIVA AUTOMOTORES";59990;;;;;Malvin;https://auto.mercadolibre.com.uy/MLU-697191802-nueva-hyundai-tucson-hibrida-hev-limited-fl-2025-0km-_JM;N/A;;"Nueva Hyundai Tucson Hibrida (hev) Limited Fl 2025 0km";USD;Sí;gold_premium;false;N/A;N/A;http://perfil.mercadolibre.com.uy/OLIVA+AUTOMOTORES;active;N/A;N/A;Nuevo;Blanco;N/A;Eléctrica;Delantera;N/A;N/A;N/A;N/A;N/A;N/A;N/A;N/A;Sí;N/A;N/A;Sí;N/A;N/A;Sí;N/A;N/A;N/A;N/A;N/A;N/A;N/A;N/A;N/A;N/A;"2755 mm";"1600 cc";N/A;6;N/A;N/A;N/A;N/A;N/A;N/A;N/A;N/A;N/A;N/A;N/A;N/A;N/A;N/A;N/A;N/A;N/A;N/A;N/A;N/A;N/A;N/A;N/A;N/A;N/A;N/A;N/A;N/A;N/A;N/A;N/A;N/A;N/A;N/A;N/A;N/A;N/A;N/A;N/A;N/A;N/A;N/A;N/A;N/A;N/A;"1655 mm";"4630 mm";"592 L";N/A;N/A;N/A;N/A;"230 hp";Limited;N/A;N/A;"1865 mm";"18 km/l";N/A;N/A;N/A;N/A;N/A;Sí;Sí;N/A;N/A;N/A;"18 km/l";Sí;N/A;N/A;N/A;N/A;"Lun. a Vie. de 9 a 18.30 hs. Sáb. de 10 a 13 hs.";5;1.6;Híbrido;"Automática secuencial";SUV;"Autos y camionetas";No;N/A;N/A;N/A;No;N/A;N/A;No;Sí;No;No;N/A;N/A;N/A;N/A;N/A;N/A;N/A;N/A;N/A;N/A;N/A;N/A;N/A;N/A;N/A;N/A;N/A;N/A;N/A;N/A;N/A;N/A;N/A;N/A;N/A;N/A;N/A;N/A;N/A;N/A;N/A;N/A;Sí;N/A;N/A;N/A;N/A;N/A;N/A;N/A;N/A;N/A;N/A;N/A;N/A;N/A;N/A;N/A;N/A;N/A;Sí;No;N/A;N/A;N/A;N/A;N/A;N/A;N/A;N/A;N/A;N/A;N/A;N/A;N/A;N/A;N/A;N/A;N/A;N/A;N/A;N/A;N/A;N/A;N/A;N/A;N/A;N/A;N/A;N/A;N/A;N/A;N/A;N/A;N/A;Sí;Sí;Sí;N/A;N/A;N/A;N/A;N/A;N/A;N/A;N/A;N/A;N/A;N/A;N/A;N/A;N/A;N/A;N/A;N/A;Sí;N/A;N/A;N/A;N/A;N/A
Hyundai;H100;Diesel;2009;"269000 km";;CHIESASEBASTIAN20220331114217;18000;;;;;Abayubá;https://auto.mercadolibre.com.uy/MLU-702930636-hyundai-h100-diesel-_JM;N/A;;"Hyundai H100 Diesel ";USD;Sí;gold_premium;false;N/A;N/A;http://perfil.mercadolibre.com.uy/CHIESASEBASTIAN20220331114217;active;N/A;N/A;Usado;N/A;N/A;N/A;N/A;N/A;N/A;N/A;N/A;N/A;N/A;N/A;N/A;N/A;N/A;N/A;N/A;N/A;N/A;N/A;N/A;N/A;N/A;N/A;N/A;N/A;N/A;N/A;N/A;N/A;N/A;N/A;N/A;N/A;N/A;N/A;N/A;N/A;N/A;N/A;N/A;N/A;N/A;N/A;N/A;N/A;N/A;N/A;N/A;N/A;N/A;N/A;N/A;N/A;N/A;N/A;N/A;N/A;N/A;N/A;N/A;N/A;N/A;N/A;N/A;N/A;N/A;N/A;N/A;N/A;N/A;N/A;N/A;N/A;N/A;N/A;N/A;N/A;N/A;N/A;N/A;N/A;N/A;N/A;N/A;N/A;N/A;N/A;N/A;N/A;N/A;N/A;N/A;N/A;N/A;N/A;N/A;N/A;N/A;N/A;N/A;N/A;N/A;N/A;N/A;N/A;N/A;N/A;N/A;2;N/A;Diésel;N/A;N/A;"Autos y camionetas";N/A;N/A;N/A;N/A;N/A;N/A;N/A;N/A;N/A;N/A;N/A;N/A;N/A;N/A;N/A;N/A;N/A;N/A;N/A;N/A;N/A;N/A;N/A;N/A;N/A;N/A;N/A;N/A;N/A;N/A;N/A;N/A;N/A;N/A;N/A;N/A;N/A;N/A;N/A;N/A;N/A;N/A;N/A;N/A;N/A;N/A;N/A;N/A;N/A;N/A;N/A;N/A;N/A;N/A;N/A;N/A;N/A;N/A;N/A;N/A;N/A;N/A;N/A;N/A;N/A;N/A;N/A;N/A;N/A;N/A;N/A;N/A;N/A;N/A;N/A;N/A;N/A;N/A;N/A;N/A;N/A;N/A;N/A;N/A;N/A;N/A;N/A;N/A;N/A;N/A;N/A;N/A;N/A;N/A;N/A;N/A;N/A;N/A;N/A;N/A;N/A;N/A;N/A;N/A;N/A;N/A;N/A;N/A;N/A;N/A;N/A;N/A;N/A;N/A;N/A;N/A;N/A;N/A;N/A;N/A;N/A;N/A
Hyundai;H1;"H1 STARIA FURGONES";2025;"0 km";;"OLIVA AUTOMOTORES";35163;;;;;Malvin;https://auto.mercadolibre.com.uy/MLU-645012747-hyundai-h-1-h1-staria-furgones-22-2025-0km-_JM;N/A;;"Hyundai H-1 H1 Staria Furgones 2.2 2025 0km";USD;Sí;gold_premium;false;N/A;N/A;http://perfil.mercadolibre.com.uy/OLIVA+AUTOMOTORES;active;N/A;N/A;Nuevo;"Gris oscuro";N/A;Eléctrica;Delantera;Sí;N/A;Sí;N/A;N/A;N/A;N/A;N/A;N/A;N/A;N/A;N/A;N/A;N/A;N/A;N/A;N/A;N/A;N/A;N/A;N/A;N/A;N/A;N/A;N/A;"3201 mm";"2200 cc";N/A;6;N/A;N/A;N/A;N/A;N/A;N/A;N/A;N/A;N/A;N/A;N/A;N/A;N/A;N/A;N/A;N/A;N/A;N/A;N/A;N/A;N/A;N/A;N/A;N/A;N/A;N/A;N/A;N/A;N/A;N/A;N/A;N/A;N/A;N/A;N/A;N/A;N/A;N/A;N/A;N/A;N/A;N/A;N/A;N/A;N/A;"1925 mm";"5125 mm";N/A;N/A;N/A;N/A;N/A;"170 hp";N/A;N/A;N/A;"1920 mm";"12 km/l";N/A;N/A;N/A;N/A;N/A;N/A;Sí;N/A;N/A;Sí;"14 km/l";N/A;N/A;N/A;N/A;Sí;"Lun. a Vie. de 9 a 18.30 hs. Sáb. de 10 a 13 hs.";5;2.2;Diésel;Manual;Furgón;"Autos y camionetas";No;N/A;N/A;N/A;No;N/A;N/A;No;Sí;No;No;N/A;N/A;N/A;N/A;N/A;N/A;N/A;N/A;N/A;N/A;N/A;N/A;N/A;N/A;N/A;N/A;N/A;N/A;N/A;N/A;N/A;N/A;N/A;N/A;N/A;N/A;N/A;N/A;N/A;N/A;N/A;N/A;Sí;N/A;N/A;N/A;N/A;N/A;N/A;N/A;N/A;N/A;N/A;N/A;N/A;N/A;N/A;N/A;N/A;N/A;Sí;No;N/A;N/A;N/A;N/A;N/A;N/A;N/A;N/A;N/A;N/A;N/A;N/A;N/A;N/A;N/A;N/A;N/A;N/A;N/A;N/A;N/A;N/A;N/A;N/A;N/A;N/A;N/A;N/A;N/A;N/A;N/A;N/A;N/A;Sí;Sí;Sí;N/A;Sí;Sí;N/A;N/A;N/A;Sí;N/A;N/A;N/A;Sí;N/A;Sí;Sí;N/A;N/A;N/A;Sí;N/A;N/A;N/A;N/A;N/A
Hyundai;Ioniq;"5 EV SAFE";2024;"5500 km";;"OLIVA AUTOMOTORES";49900;;;;;Malvin;https://auto.mercadolibre.com.uy/MLU-645025645-hyundai-ioniq-5-ev-safe-2024-igual-a-nuevo-_JM;N/A;;"Hyundai Ioniq 5 Ev Safe 2024 Igual A Nuevo";USD;Sí;gold_premium;false;N/A;N/A;http://perfil.mercadolibre.com.uy/OLIVA+AUTOMOTORES;active;N/A;N/A;Usado;Plateado;Sí;Eléctrica;Trasera;N/A;N/A;N/A;N/A;N/A;N/A;N/A;N/A;N/A;N/A;N/A;N/A;N/A;N/A;N/A;N/A;N/A;N/A;N/A;N/A;N/A;N/A;N/A;N/A;N/A;"3000 mm";N/A;N/A;N/A;N/A;N/A;N/A;N/A;N/A;N/A;N/A;N/A;N/A;N/A;N/A;N/A;N/A;N/A;N/A;N/A;N/A;N/A;N/A;N/A;N/A;N/A;N/A;N/A;N/A;N/A;N/A;N/A;N/A;N/A;N/A;N/A;N/A;N/A;N/A;N/A;N/A;N/A;N/A;N/A;N/A;N/A;N/A;N/A;N/A;"1604 mm";"4635 mm";N/A;N/A;N/A;N/A;N/A;"228 kW";N/A;N/A;N/A;"1890 mm";N/A;N/A;N/A;N/A;N/A;N/A;N/A;N/A;N/A;N/A;N/A;N/A;N/A;N/A;N/A;N/A;N/A;"Lun. a Vie. de 9 a 18.30 hs. Sáb. de 10 a 13 hs.";5;N/A;Eléctrico;Automática;SUV;"Autos y camionetas";No;N/A;N/A;N/A;No;N/A;N/A;No;Sí;No;No;N/A;N/A;N/A;N/A;N/A;N/A;N/A;N/A;N/A;N/A;N/A;N/A;N/A;N/A;N/A;N/A;N/A;N/A;N/A;N/A;N/A;N/A;N/A;N/A;N/A;N/A;N/A;N/A;N/A;N/A;N/A;N/A;N/A;N/A;N/A;N/A;N/A;N/A;N/A;N/A;N/A;N/A;N/A;N/A;N/A;N/A;N/A;N/A;N/A;N/A;Sí;No;N/A;N/A;N/A;N/A;N/A;N/A;N/A;N/A;N/A;N/A;N/A;N/A;N/A;N/A;N/A;N/A;N/A;N/A;N/A;N/A;N/A;N/A;N/A;N/A;N/A;N/A;N/A;N/A;N/A;N/A;N/A;N/A;N/A;N/A;N/A;N/A;N/A;N/A;N/A;N/A;N/A;N/A;N/A;N/A;N/A;N/A;N/A;N/A;N/A;N/A;N/A;N/A;N/A;N/A;N/A;N/A;N/A;N/A;N/A
Hyundai;H1;"Staria MINIBUS 2.2 D 10 Pax";2025;"0 km";;"OLIVA AUTOMOTORES";45900;;;;;Malvin;https://auto.mercadolibre.com.uy/MLU-695226590-hyundai-h-1-staria-minibus-22-d-10-pax-22-2025-0km-_JM;N/A;;"Hyundai H-1 Staria Minibus 2.2 D 10 Pax 2.2 2025 0km";USD;Sí;gold_premium;false;N/A;N/A;http://perfil.mercadolibre.com.uy/OLIVA+AUTOMOTORES;active;N/A;N/A;Nuevo;Plateado;N/A;Eléctrica;Delantera;Sí;N/A;N/A;N/A;N/A;N/A;N/A;N/A;N/A;N/A;N/A;N/A;Sí;N/A;N/A;N/A;N/A;N/A;N/A;N/A;N/A;N/A;N/A;N/A;N/A;N/A;"2200 cc";N/A;N/A;N/A;N/A;N/A;N/A;N/A;N/A;N/A;N/A;N/A;N/A;N/A;N/A;N/A;N/A;N/A;N/A;N/A;N/A;N/A;N/A;N/A;N/A;N/A;N/A;N/A;N/A;N/A;N/A;N/A;N/A;N/A;N/A;N/A;N/A;N/A;N/A;N/A;N/A;N/A;N/A;N/A;N/A;N/A;N/A;N/A;N/A;N/A;N/A;N/A;N/A;N/A;N/A;"170 hp";N/A;N/A;N/A;N/A;"12 km/l";N/A;N/A;N/A;N/A;N/A;N/A;Sí;N/A;N/A;N/A;"15 km/l";N/A;N/A;N/A;N/A;Sí;"Lun. a Vie. de 9 a 18.30 hs. Sáb. de 10 a 13 hs.";5;2.2;Diésel;Manual;Minivan;"Autos y camionetas";No;N/A;N/A;N/A;No;N/A;N/A;No;Sí;No;No;N/A;N/A;N/A;N/A;N/A;N/A;N/A;N/A;N/A;N/A;N/A;N/A;N/A;N/A;N/A;N/A;N/A;N/A;N/A;N/A;N/A;N/A;N/A;N/A;N/A;N/A;N/A;N/A;N/A;N/A;N/A;N/A;Sí;N/A;N/A;N/A;N/A;N/A;N/A;N/A;N/A;N/A;N/A;N/A;N/A;N/A;N/A;N/A;N/A;N/A;Sí;No;N/A;N/A;N/A;N/A;N/A;N/A;N/A;N/A;N/A;N/A;N/A;N/A;N/A;N/A;N/A;N/A;N/A;N/A;N/A;N/A;N/A;N/A;N/A;N/A;N/A;N/A;N/A;N/A;N/A;N/A;N/A;N/A;N/A;Sí;N/A;N/A;N/A;N/A;N/A;N/A;N/A;N/A;Sí;N/A;N/A;N/A;N/A;N/A;Sí;N/A;N/A;N/A;N/A;Sí;N/A;N/A;N/A;N/A;Sí
Hyundai;Kona;"EV LIMITED";2025;"0 km";;"OLIVA AUTOMOTORES";49990;;;;;Malvin;https://auto.mercadolibre.com.uy/MLU-695174034-hyundai-kona-ev-limited-2025-0km-_JM;N/A;;"Hyundai Kona Ev Limited 2025 0km";USD;Sí;gold_premium;false;N/A;N/A;http://perfil.mercadolibre.com.uy/OLIVA+AUTOMOTORES;active;N/A;N/A;Nuevo;Blanco;N/A;Eléctrica;Delantera;Sí;N/A;N/A;N/A;N/A;N/A;N/A;N/A;Sí;N/A;N/A;Sí;Sí;N/A;N/A;N/A;N/A;N/A;N/A;N/A;N/A;N/A;N/A;N/A;N/A;N/A;N/A;N/A;N/A;N/A;N/A;N/A;N/A;N/A;N/A;N/A;N/A;N/A;N/A;N/A;N/A;N/A;N/A;N/A;N/A;N/A;N/A;N/A;N/A;N/A;N/A;N/A;N/A;N/A;N/A;N/A;N/A;N/A;N/A;N/A;N/A;N/A;N/A;N/A;N/A;N/A;N/A;N/A;N/A;N/A;N/A;N/A;N/A;N/A;N/A;N/A;"435 L";N/A;N/A;N/A;N/A;"100 kW";N/A;N/A;N/A;N/A;N/A;N/A;N/A;N/A;N/A;N/A;Sí;Sí;N/A;N/A;N/A;N/A;Sí;N/A;N/A;N/A;N/A;"Lun. a Vie. de 9 a 18.30 hs. Sáb. de 10 a 13 hs.";5;N/A;Eléctrico;Automática;SUV;"Autos y camionetas";No;N/A;N/A;N/A;No;N/A;N/A;No;Sí;No;No;N/A;N/A;N/A;N/A;N/A;N/A;N/A;N/A;N/A;N/A;N/A;N/A;N/A;N/A;N/A;N/A;N/A;N/A;N/A;N/A;N/A;N/A;N/A;N/A;N/A;N/A;N/A;N/A;N/A;N/A;N/A;N/A;Sí;N/A;N/A;N/A;N/A;N/A;N/A;N/A;N/A;N/A;N/A;N/A;N/A;N/A;N/A;N/A;N/A;N/A;Sí;No;N/A;N/A;N/A;N/A;N/A;N/A;N/A;N/A;N/A;N/A;N/A;N/A;N/A;N/A;N/A;N/A;N/A;N/A;N/A;N/A;N/A;N/A;N/A;N/A;N/A;N/A;N/A;N/A;N/A;N/A;N/A;N/A;N/A;Sí;Sí;Sí;N/A;Sí;N/A;N/A;N/A;N/A;N/A;N/A;N/A;N/A;N/A;N/A;N/A;N/A;N/A;N/A;N/A;Sí;N/A;N/A;N/A;N/A;N/A
Hyundai;H1;"MINIBUS NAFTA AUTOMATICA";2025;"0 km";;"OLIVA AUTOMOTORES";41712;;;;;Malvin;https://auto.mercadolibre.com.uy/MLU-695173574-hyundai-h-1-minibus-nafta-automatica-35-2025-0km-_JM;N/A;;"Hyundai H-1 Minibus Nafta Automatica 3.5 2025 0km";USD;Sí;gold_premium;false;N/A;N/A;http://perfil.mercadolibre.com.uy/OLIVA+AUTOMOTORES;active;N/A;N/A;Nuevo;Plateado;N/A;Eléctrica;Delantera;Sí;N/A;N/A;N/A;N/A;N/A;N/A;N/A;N/A;N/A;N/A;N/A;N/A;N/A;N/A;N/A;N/A;N/A;N/A;N/A;N/A;N/A;N/A;N/A;N/A;N/A;"3500 cc";N/A;8;N/A;N/A;N/A;N/A;N/A;N/A;N/A;N/A;N/A;N/A;N/A;N/A;N/A;N/A;N/A;N/A;N/A;N/A;N/A;N/A;N/A;N/A;N/A;N/A;N/A;N/A;N/A;N/A;N/A;N/A;N/A;N/A;N/A;N/A;N/A;N/A;N/A;N/A;N/A;N/A;N/A;N/A;N/A;N/A;N/A;N/A;N/A;N/A;N/A;N/A;N/A;N/A;"272 hp";N/A;N/A;N/A;N/A;"8 km/l";N/A;N/A;N/A;N/A;N/A;N/A;N/A;N/A;N/A;N/A;"10 km/l";N/A;N/A;N/A;N/A;Sí;"Lun. a Vie. de 9 a 18.30 hs. Sáb. de 10 a 13 hs.";5;3.5;Nafta;Automática;Minivan;"Autos y camionetas";No;N/A;N/A;N/A;No;N/A;N/A;No;Sí;No;No;N/A;N/A;N/A;N/A;N/A;N/A;N/A;N/A;N/A;N/A;N/A;N/A;N/A;N/A;N/A;N/A;N/A;N/A;N/A;N/A;N/A;N/A;N/A;N/A;N/A;N/A;N/A;N/A;N/A;N/A;N/A;N/A;Sí;N/A;N/A;N/A;N/A;N/A;N/A;N/A;N/A;N/A;N/A;N/A;N/A;N/A;N/A;N/A;N/A;N/A;Sí;No;N/A;N/A;N/A;N/A;N/A;N/A;N/A;N/A;N/A;N/A;N/A;N/A;N/A;N/A;N/A;N/A;N/A;N/A;N/A;N/A;N/A;N/A;N/A;N/A;N/A;N/A;N/A;N/A;N/A;N/A;N/A;N/A;N/A;Sí;Sí;Sí;N/A;N/A;N/A;N/A;N/A;N/A;N/A;N/A;N/A;N/A;N/A;N/A;N/A;N/A;N/A;N/A;N/A;Sí;N/A;N/A;N/A;N/A;N/A
Hyundai;Kona;"HIBRIDA SAFE";2025;"0 km";;"OLIVA AUTOMOTORES";41990;;;;;Malvin;https://auto.mercadolibre.com.uy/MLU-695199680-hyundai-kona-hibrida-safe-16-2025-0km-_JM;N/A;;"Hyundai Kona Hibrida Safe 1.6 2025 0km";USD;Sí;gold_premium;false;N/A;N/A;http://perfil.mercadolibre.com.uy/OLIVA+AUTOMOTORES;active;N/A;N/A;Nuevo;"Gris oscuro";N/A;Eléctrica;Delantera;N/A;Sí;N/A;N/A;N/A;N/A;N/A;N/A;N/A;N/A;N/A;Sí;Sí;N/A;N/A;N/A;N/A;N/A;N/A;N/A;N/A;N/A;N/A;N/A;N/A;N/A;"1600 cc";N/A;6;N/A;N/A;N/A;N/A;N/A;N/A;N/A;N/A;N/A;N/A;N/A;N/A;N/A;N/A;N/A;N/A;N/A;N/A;N/A;N/A;N/A;N/A;N/A;N/A;N/A;N/A;N/A;N/A;N/A;N/A;N/A;N/A;N/A;N/A;N/A;N/A;N/A;N/A;N/A;N/A;N/A;N/A;N/A;N/A;N/A;N/A;N/A;"435 L";N/A;N/A;N/A;N/A;"140 hp";N/A;N/A;N/A;N/A;"22 km/l";N/A;N/A;Sí;N/A;N/A;Sí;Sí;N/A;N/A;N/A;"22 km/l";Sí;N/A;N/A;N/A;Sí;"Lun. a Vie. de 9 a 18.30 hs. Sáb. de 10 a 13 hs.";5;1.6;Híbrido;Automática;SUV;"Autos y camionetas";No;N/A;N/A;N/A;No;N/A;N/A;No;Sí;No;No;N/A;N/A;N/A;N/A;N/A;N/A;N/A;N/A;N/A;N/A;N/A;N/A;N/A;N/A;N/A;N/A;N/A;N/A;N/A;N/A;N/A;N/A;N/A;N/A;N/A;N/A;N/A;N/A;N/A;N/A;N/A;N/A;Sí;N/A;N/A;N/A;N/A;N/A;N/A;N/A;N/A;N/A;N/A;N/A;N/A;N/A;N/A;N/A;N/A;N/A;Sí;No;N/A;N/A;N/A;N/A;N/A;N/A;N/A;N/A;N/A;N/A;N/A;N/A;N/A;N/A;N/A;N/A;N/A;N/A;N/A;N/A;N/A;N/A;N/A;N/A;N/A;N/A;N/A;N/A;N/A;N/A;N/A;N/A;N/A;Sí;Sí;Sí;N/A;Sí;N/A;N/A;N/A;N/A;N/A;N/A;N/A;N/A;N/A;N/A;Sí;N/A;N/A;N/A;N/A;Sí;N/A;N/A;N/A;N/A;N/A
Hyundai;Kona;"HIBRIDA LIMITED";2025;"0 km";;"OLIVA AUTOMOTORES";46990;;;;;Malvin;https://auto.mercadolibre.com.uy/MLU-695251718-hyundai-kona-hibrida-limited-16-2025-0km-_JM;N/A;;"Hyundai Kona Hibrida Limited 1.6 2025 0km";USD;Sí;gold_premium;false;N/A;N/A;http://perfil.mercadolibre.com.uy/OLIVA+AUTOMOTORES;active;N/A;N/A;Nuevo;Plateado;N/A;Eléctrica;Delantera;N/A;N/A;N/A;N/A;N/A;N/A;N/A;N/A;N/A;N/A;N/A;N/A;N/A;N/A;N/A;N/A;N/A;N/A;N/A;N/A;N/A;N/A;N/A;N/A;N/A;N/A;"1600 cc";N/A;6;N/A;N/A;N/A;N/A;N/A;N/A;N/A;N/A;N/A;N/A;N/A;N/A;N/A;N/A;N/A;N/A;N/A;N/A;N/A;N/A;N/A;N/A;N/A;N/A;N/A;N/A;N/A;N/A;N/A;N/A;N/A;N/A;N/A;N/A;N/A;N/A;N/A;N/A;N/A;N/A;N/A;N/A;N/A;N/A;N/A;N/A;N/A;"435 L";N/A;N/A;N/A;N/A;"140 hp";N/A;N/A;N/A;N/A;"22 km/l";N/A;N/A;N/A;N/A;N/A;N/A;N/A;N/A;N/A;N/A;"22 km/l";N/A;N/A;N/A;N/A;N/A;"Lun. a Vie. de 9 a 18.30 hs. Sáb. de 10 a 13 hs.";5;1.6;Híbrido;Automática;SUV;"Autos y camionetas";No;N/A;N/A;N/A;No;N/A;N/A;No;Sí;No;No;N/A;N/A;N/A;N/A;N/A;N/A;N/A;N/A;N/A;N/A;N/A;N/A;N/A;N/A;N/A;N/A;N/A;N/A;N/A;N/A;N/A;N/A;N/A;N/A;N/A;N/A;N/A;N/A;N/A;N/A;N/A;N/A;Sí;N/A;N/A;N/A;N/A;N/A;N/A;N/A;N/A;N/A;N/A;N/A;N/A;N/A;N/A;N/A;N/A;N/A;Sí;No;N/A;N/A;N/A;N/A;N/A;N/A;N/A;N/A;N/A;N/A;N/A;N/A;N/A;N/A;N/A;N/A;N/A;N/A;N/A;N/A;N/A;N/A;N/A;N/A;N/A;N/A;N/A;N/A;N/A;N/A;N/A;N/A;N/A;N/A;N/A;N/A;N/A;N/A;N/A;N/A;N/A;N/A;N/A;N/A;N/A;N/A;N/A;N/A;N/A;N/A;N/A;N/A;N/A;N/A;N/A;N/A;N/A;N/A;N/A
Hyundai;Ioniq;5;2025;"0 km";;"HORACIO BARREIRO";70990;;;;;"Las Piedras";https://auto.mercadolibre.com.uy/MLU-704199554-hyundai-ioniq-5-2025-0km-_JM;N/A;;"Hyundai Ioniq 5 2025 0km";USD;Sí;gold_premium;false;N/A;N/A;http://perfil.mercadolibre.com.uy/HORACIO+BARREIRO;active;N/A;N/A;Nuevo;Blanco;N/A;Eléctrica;N/A;Sí;Sí;Sí;Sí;N/A;N/A;Sí;Sí;Sí;Sí;N/A;Sí;Sí;N/A;Sí;N/A;N/A;N/A;N/A;N/A;N/A;N/A;N/A;N/A;N/A;N/A;N/A;N/A;N/A;N/A;N/A;Sí;Sí;Sí;Sí;N/A;N/A;N/A;N/A;N/A;N/A;N/A;N/A;N/A;N/A;N/A;N/A;N/A;N/A;N/A;N/A;N/A;Sí;N/A;Sí;N/A;N/A;N/A;N/A;N/A;N/A;N/A;N/A;N/A;N/A;Sí;N/A;N/A;N/A;N/A;N/A;Sí;N/A;N/A;N/A;N/A;N/A;N/A;N/A;N/A;N/A;N/A;N/A;N/A;N/A;N/A;N/A;N/A;N/A;Sí;Sí;Sí;Sí;Sí;N/A;Sí;N/A;N/A;N/A;Sí;N/A;N/A;Sí;"Lunes a Sábados de 8 a 19 hs.";5;N/A;Eléctrico;Automática;SUV;"Autos y camionetas";No;N/A;N/A;N/A;No;N/A;N/A;No;Sí;No;No;N/A;N/A;N/A;N/A;N/A;N/A;N/A;N/A;N/A;N/A;N/A;N/A;N/A;N/A;N/A;N/A;N/A;N/A;N/A;N/A;N/A;N/A;N/A;N/A;N/A;N/A;N/A;N/A;N/A;N/A;N/A;N/A;Sí;N/A;N/A;N/A;N/A;N/A;N/A;N/A;N/A;N/A;N/A;N/A;N/A;N/A;N/A;N/A;N/A;N/A;Sí;No;N/A;N/A;N/A;N/A;N/A;N/A;N/A;N/A;N/A;N/A;N/A;N/A;N/A;N/A;N/A;N/A;N/A;N/A;N/A;N/A;N/A;N/A;N/A;N/A;N/A;N/A;N/A;N/A;N/A;N/A;N/A;N/A;N/A;Sí;Sí;Sí;Sí;Sí;Sí;N/A;N/A;Sí;Sí;Sí;Sí;N/A;N/A;Sí;Sí;Sí;N/A;Sí;Sí;Sí;N/A;N/A;N/A;N/A;Sí
Hyundai;H1;"MINIBUS AT  2.2D EXTRAFULL";2025;"0 km";;"OLIVA AUTOMOTORES";48900;;;;;Malvin;https://auto.mercadolibre.com.uy/MLU-690315270-hyundai-h-1-minibus-at-22d-extrafull-22-2025-0km-_JM;N/A;;"Hyundai H-1 Minibus At 2.2d Extrafull 2.2 2025 0km";USD;Sí;gold_premium;false;N/A;N/A;http://perfil.mercadolibre.com.uy/OLIVA+AUTOMOTORES;active;N/A;N/A;Nuevo;Negro;N/A;Eléctrica;Delantera;N/A;N/A;N/A;N/A;N/A;N/A;N/A;N/A;N/A;N/A;N/A;N/A;N/A;N/A;N/A;N/A;N/A;N/A;N/A;N/A;N/A;N/A;N/A;N/A;N/A;N/A;"2200 cc";N/A;8;N/A;N/A;N/A;N/A;N/A;N/A;N/A;N/A;N/A;N/A;N/A;N/A;N/A;N/A;N/A;N/A;N/A;N/A;N/A;N/A;N/A;N/A;N/A;N/A;N/A;N/A;N/A;N/A;N/A;N/A;N/A;N/A;N/A;N/A;N/A;N/A;N/A;N/A;N/A;N/A;N/A;N/A;N/A;N/A;N/A;N/A;N/A;N/A;N/A;N/A;N/A;N/A;"170 hp";N/A;N/A;N/A;N/A;"12 km/l";N/A;N/A;N/A;N/A;N/A;N/A;N/A;N/A;N/A;N/A;"14 km/l";N/A;N/A;N/A;N/A;N/A;"Lun. a Vie. de 9 a 18.30 hs. Sáb. de 10 a 13 hs.";5;2.2;Diésel;Automática;Minivan;"Autos y camionetas";No;N/A;N/A;N/A;No;N/A;N/A;No;Sí;No;No;N/A;N/A;N/A;N/A;N/A;N/A;N/A;N/A;N/A;N/A;N/A;N/A;N/A;N/A;N/A;N/A;N/A;N/A;N/A;N/A;N/A;N/A;N/A;N/A;N/A;N/A;N/A;N/A;N/A;N/A;N/A;N/A;Sí;N/A;N/A;N/A;N/A;N/A;N/A;N/A;N/A;N/A;N/A;N/A;N/A;N/A;N/A;N/A;N/A;N/A;Sí;No;N/A;N/A;N/A;N/A;N/A;N/A;N/A;N/A;N/A;N/A;N/A;N/A;N/A;N/A;N/A;N/A;N/A;N/A;N/A;N/A;N/A;N/A;N/A;N/A;N/A;N/A;N/A;N/A;N/A;N/A;N/A;N/A;N/A;N/A;N/A;N/A;N/A;N/A;N/A;N/A;N/A;N/A;N/A;N/A;N/A;N/A;N/A;N/A;N/A;N/A;N/A;N/A;N/A;N/A;N/A;N/A;N/A;N/A;N/A
Hyundai;Ioniq;"1.6 Gdi Hibrido At 5p";2020;"56000 km";;"ENRIQUE SHAW_AUTOMOVILES";24900;;;;;"Empalme Nicolich";https://auto.mercadolibre.com.uy/MLU-704258026-hyundai-ioniq-16-gdi-hibrido-at-5p-_JM;N/A;;"Hyundai Ioniq 1.6 Gdi Hibrido At 5p";usd;Sí;gold_premium;false;N/A;N/A;http://perfil.mercadolibre.com.uy/ENRIQUE+SHAW_AUTOMOVILES;active;N/A;N/A;Usado;Gris;No;Eléctrica;Delantera;Sí;Sí;N/A;N/A;N/A;Sí;N/A;N/A;N/A;N/A;N/A;Sí;Sí;N/A;N/A;N/A;N/A;N/A;N/A;N/A;N/A;N/A;N/A;N/A;N/A;"2440 mm";"1.6 L";"45 L";5;N/A;N/A;N/A;N/A;N/A;Sí;N/A;N/A;N/A;N/A;N/A;N/A;N/A;N/A;N/A;N/A;N/A;N/A;N/A;N/A;N/A;N/A;N/A;N/A;N/A;N/A;N/A;N/A;N/A;N/A;N/A;N/A;N/A;N/A;N/A;N/A;N/A;N/A;N/A;N/A;N/A;N/A;N/A;N/A;N/A;"1395 mm";"4235 mm";N/A;N/A;N/A;N/A;5;"92 hp";N/A;N/A;3;"1670 mm";"7.2 km/l";Sí;N/A;Sí;Sí;N/A;Sí;Sí;N/A;N/A;N/A;"4.5 km/l";N/A;N/A;N/A;N/A;N/A;"LUNES A VIERNES DE 9:30 A 13 Y 14:30 A 18:30 HRS. SABADOS DE 10-13 HRS";5;1.6;Híbrido;Automática;Hatchback;"Autos y camionetas";N/A;N/A;N/A;N/A;N/A;N/A;UY;N/A;Sí;N/A;Sí;N/A;N/A;N/A;N/A;N/A;N/A;N/A;N/A;N/A;N/A;N/A;N/A;N/A;Sí;N/A;N/A;N/A;N/A;N/A;N/A;N/A;N/A;N/A;N/A;N/A;N/A;N/A;N/A;N/A;N/A;N/A;N/A;N/A;N/A;N/A;N/A;N/A;N/A;N/A;N/A;N/A;N/A;N/A;N/A;N/A;N/A;N/A;N/A;N/A;N/A;N/A;N/A;N/A;N/A;N/A;N/A;N/A;N/A;N/A;N/A;N/A;N/A;N/A;N/A;N/A;N/A;N/A;N/A;N/A;N/A;N/A;N/A;N/A;N/A;N/A;N/A;N/A;N/A;N/A;N/A;N/A;N/A;N/A;N/A;N/A;Sí;Sí;Sí;N/A;Sí;N/A;N/A;N/A;N/A;Sí;Sí;Sí;Sí;N/A;N/A;Sí;Sí;Sí;Sí;Sí;Sí;Sí;N/A;N/A;N/A;N/A
Hyundai;HB20;"1.0 Comfort Mt";2025;"0 km";;"SEBACARS AUTOMÓVILES";16990;;;;;Cardona;https://auto.mercadolibre.com.uy/MLU-703653934-hyundai-hb20-10-comfort-mt-_JM;N/A;;"Hyundai Hb20 1.0 Comfort Mt";USD;Sí;gold_premium;false;N/A;N/A;http://perfil.mercadolibre.com.uy/SEBACARS+AUTOM%C3%93VILES;active;N/A;N/A;Nuevo;Gris;Sí;Hidráulica;Delantera;N/A;N/A;N/A;N/A;N/A;N/A;N/A;N/A;N/A;N/A;N/A;N/A;N/A;N/A;N/A;N/A;N/A;N/A;N/A;N/A;N/A;N/A;N/A;N/A;N/A;N/A;N/A;N/A;N/A;N/A;N/A;N/A;N/A;N/A;N/A;N/A;N/A;N/A;N/A;N/A;N/A;N/A;N/A;N/A;N/A;N/A;N/A;N/A;N/A;N/A;N/A;N/A;N/A;N/A;N/A;N/A;N/A;N/A;N/A;N/A;N/A;N/A;N/A;N/A;N/A;N/A;N/A;N/A;N/A;N/A;N/A;N/A;N/A;N/A;N/A;N/A;N/A;N/A;N/A;N/A;N/A;N/A;N/A;N/A;N/A;N/A;N/A;N/A;N/A;N/A;N/A;N/A;N/A;N/A;N/A;N/A;N/A;N/A;N/A;N/A;N/A;N/A;N/A;"Lunes a sábados de 9-22 hs";4;1.0;Nafta;Manual;Hatchback;"Autos y camionetas";N/A;N/A;N/A;N/A;N/A;N/A;N/A;N/A;N/A;N/A;N/A;N/A;N/A;N/A;N/A;N/A;N/A;N/A;N/A;N/A;N/A;N/A;N/A;N/A;N/A;N/A;N/A;N/A;N/A;N/A;N/A;N/A;N/A;N/A;N/A;N/A;N/A;N/A;N/A;N/A;N/A;N/A;N/A;N/A;N/A;N/A;N/A;N/A;N/A;N/A;N/A;N/A;N/A;N/A;N/A;N/A;N/A;N/A;N/A;N/A;N/A;N/A;N/A;N/A;N/A;N/A;N/A;N/A;N/A;N/A;N/A;N/A;N/A;N/A;N/A;N/A;N/A;N/A;N/A;N/A;N/A;N/A;N/A;N/A;N/A;N/A;N/A;N/A;N/A;N/A;N/A;N/A;N/A;N/A;N/A;N/A;N/A;N/A;N/A;N/A;N/A;N/A;N/A;N/A;N/A;N/A;N/A;N/A;N/A;N/A;N/A;N/A;N/A;N/A;N/A;N/A;N/A;N/A;N/A;N/A;N/A;N/A
Hyundai;Tucson;"2.0 Gl 6at 2wd";2013;"123000 km";;CASTRILLONGABRIEL2023080700022;14900;;;;;"Bella Vista";https://auto.mercadolibre.com.uy/MLU-702273254-hyundai-tucson-20-gl-6at-2wd-_JM;N/A;;"Hyundai Tucson 2.0 Gl 6at 2wd";usd;Sí;gold_premium;false;N/A;N/A;http://perfil.mercadolibre.com.uy/CASTRILLONGABRIEL2023080700022;active;N/A;N/A;Usado;Rojo;No;Hidráulica;4x2;Sí;Sí;Sí;N/A;N/A;Sí;N/A;N/A;No;N/A;N/A;Sí;Sí;N/A;Sí;N/A;N/A;N/A;N/A;N/A;N/A;N/A;N/A;N/A;N/A;"2630 mm";"2 L";"58 L";6;N/A;N/A;N/A;N/A;N/A;Sí;N/A;N/A;N/A;N/A;N/A;N/A;N/A;N/A;N/A;N/A;N/A;N/A;N/A;N/A;N/A;N/A;N/A;N/A;N/A;N/A;N/A;N/A;N/A;No;N/A;Sí;N/A;N/A;N/A;N/A;N/A;N/A;N/A;N/A;N/A;Sí;N/A;N/A;N/A;"1655 mm";"4410 mm";N/A;N/A;N/A;N/A;5;"166 hp";Gl;N/A;4;"1830 mm";"10.4 km/l";No;N/A;Sí;Sí;N/A;Sí;Sí;N/A;No;Sí;"6.4 km/l";No;Sí;N/A;N/A;Sí;"De 8 a 21";5;2.0;Nafta;Automática;SUV;"Autos y camionetas";Sí;N/A;N/A;N/A;Sí;N/A;UY;N/A;Sí;N/A;Sí;N/A;N/A;N/A;N/A;N/A;N/A;N/A;N/A;N/A;N/A;N/A;N/A;N/A;Sí;N/A;N/A;N/A;N/A;N/A;N/A;N/A;N/A;N/A;N/A;N/A;N/A;N/A;N/A;N/A;N/A;N/A;N/A;No;N/A;N/A;N/A;N/A;N/A;N/A;N/A;N/A;N/A;N/A;N/A;N/A;N/A;N/A;N/A;N/A;N/A;Sí;Sí;N/A;N/A;N/A;N/A;N/A;N/A;N/A;N/A;N/A;N/A;N/A;N/A;N/A;N/A;N/A;N/A;N/A;N/A;N/A;N/A;N/A;N/A;N/A;N/A;N/A;N/A;N/A;N/A;N/A;N/A;N/A;N/A;No;Sí;Sí;Sí;N/A;Sí;N/A;N/A;N/A;N/A;Sí;Sí;Sí;Sí;Sí;N/A;Sí;Sí;Sí;Sí;Sí;Sí;No;No;Sí;N/A;Sí
Hyundai;H1;"2.2 DIESEL MT";2022;"56000 km";;"OLIVA AUTOMOTORES";34900;;;;;Malvin;https://auto.mercadolibre.com.uy/MLU-701185724-hyundai-h-1-22-diesel-mt-2022-igual-a-nuevo-_JM;N/A;;"Hyundai H-1 2.2 Diesel Mt 2022 Igual A Nuevo";USD;Sí;gold_premium;false;N/A;N/A;http://perfil.mercadolibre.com.uy/OLIVA+AUTOMOTORES;active;N/A;N/A;Usado;Blanco;Sí;Eléctrica;Delantera;Sí;N/A;Sí;N/A;N/A;N/A;N/A;N/A;Sí;N/A;N/A;N/A;Sí;N/A;N/A;N/A;N/A;N/A;N/A;N/A;N/A;N/A;N/A;N/A;N/A;N/A;N/A;N/A;5;N/A;N/A;N/A;N/A;Sí;N/A;N/A;N/A;N/A;N/A;N/A;N/A;N/A;N/A;N/A;N/A;N/A;N/A;N/A;N/A;N/A;N/A;N/A;N/A;N/A;N/A;N/A;N/A;N/A;N/A;N/A;N/A;N/A;N/A;N/A;N/A;Sí;N/A;N/A;N/A;N/A;N/A;N/A;N/A;N/A;N/A;N/A;N/A;N/A;N/A;N/A;N/A;N/A;N/A;N/A;N/A;N/A;N/A;N/A;N/A;N/A;N/A;N/A;N/A;Sí;N/A;N/A;N/A;N/A;N/A;N/A;N/A;N/A;Sí;"Lun. a Vie. de 9 a 18.30 hs. Sáb. de 10 a 13 hs.";3;N/A;Diésel;Manual;Furgón;"Autos y camionetas";No;N/A;N/A;N/A;No;N/A;N/A;No;Sí;No;No;N/A;N/A;N/A;N/A;N/A;N/A;N/A;N/A;N/A;N/A;N/A;N/A;N/A;N/A;N/A;N/A;N/A;N/A;N/A;N/A;N/A;N/A;N/A;N/A;N/A;N/A;N/A;N/A;N/A;N/A;N/A;N/A;N/A;N/A;N/A;N/A;N/A;N/A;N/A;N/A;N/A;N/A;N/A;N/A;N/A;N/A;N/A;N/A;N/A;N/A;Sí;No;N/A;N/A;N/A;N/A;N/A;N/A;N/A;N/A;N/A;N/A;N/A;N/A;N/A;N/A;N/A;N/A;N/A;N/A;N/A;N/A;N/A;N/A;N/A;N/A;N/A;N/A;N/A;N/A;N/A;N/A;N/A;N/A;N/A;Sí;Sí;N/A;N/A;Sí;N/A;Sí;N/A;Sí;Sí;N/A;N/A;N/A;N/A;Sí;Sí;N/A;N/A;Sí;N/A;Sí;N/A;N/A;Sí;N/A;N/A
Hyundai;HB20;"HATCH 1.0 COMFORT BLACK EDITION";2025;"0 km";;"OLIVA AUTOMOTORES";18490;;;;;Malvin;https://auto.mercadolibre.com.uy/MLU-645298305-hyundai-hb20-hatch-10-comfort-black-edition-10-2025-0km-_JM;N/A;;"Hyundai Hb20 Hatch 1.0 Comfort Black Edition 1.0 2025 0km";USD;Sí;gold_premium;false;N/A;N/A;http://perfil.mercadolibre.com.uy/OLIVA+AUTOMOTORES;active;N/A;N/A;Nuevo;Negro;N/A;Eléctrica;Delantera;N/A;N/A;N/A;N/A;N/A;N/A;N/A;N/A;N/A;N/A;N/A;N/A;N/A;N/A;N/A;N/A;N/A;N/A;N/A;N/A;N/A;N/A;N/A;N/A;N/A;N/A;"1000 cc";N/A;5;N/A;N/A;N/A;N/A;N/A;N/A;N/A;N/A;N/A;N/A;N/A;N/A;N/A;N/A;N/A;N/A;N/A;N/A;N/A;N/A;N/A;N/A;N/A;N/A;N/A;N/A;N/A;N/A;N/A;N/A;N/A;N/A;N/A;N/A;N/A;N/A;N/A;N/A;N/A;N/A;N/A;N/A;N/A;N/A;N/A;N/A;N/A;"300 L";N/A;N/A;N/A;N/A;"80 hp";Comfort;N/A;N/A;N/A;"20 km/l";N/A;N/A;N/A;N/A;N/A;N/A;N/A;N/A;N/A;N/A;"16 km/l";N/A;N/A;N/A;N/A;N/A;"Lun. a Vie. de 9 a 18.30 hs. Sáb. de 10 a 13 hs.";5;1.0;Nafta;Manual;Hatchback;"Autos y camionetas";No;N/A;N/A;N/A;No;N/A;N/A;No;Sí;No;No;N/A;N/A;N/A;N/A;N/A;N/A;N/A;N/A;N/A;N/A;N/A;N/A;N/A;N/A;N/A;N/A;N/A;N/A;N/A;N/A;N/A;N/A;N/A;N/A;N/A;N/A;N/A;N/A;N/A;N/A;N/A;N/A;Sí;N/A;N/A;N/A;N/A;N/A;N/A;N/A;N/A;N/A;N/A;N/A;N/A;N/A;N/A;N/A;N/A;N/A;Sí;No;N/A;N/A;N/A;N/A;N/A;N/A;N/A;N/A;N/A;N/A;N/A;N/A;N/A;N/A;N/A;N/A;N/A;N/A;N/A;N/A;N/A;N/A;N/A;N/A;N/A;N/A;N/A;N/A;N/A;N/A;N/A;N/A;N/A;N/A;N/A;N/A;N/A;N/A;N/A;N/A;N/A;N/A;N/A;N/A;N/A;N/A;N/A;N/A;N/A;N/A;N/A;N/A;N/A;N/A;N/A;N/A;N/A;N/A;N/A
Hyundai;Creta;"1.0 TURBO LIMITED AT";2025;"0 km";;"OLIVA AUTOMOTORES";35490;;;;;Malvin;https://auto.mercadolibre.com.uy/MLU-695264632-hyundai-creta-10-turbo-limited-at-10-2025-0km-_JM;N/A;;"Hyundai Creta 1.0 Turbo Limited At 1.0 2025 0km";USD;Sí;gold_premium;false;N/A;N/A;http://perfil.mercadolibre.com.uy/OLIVA+AUTOMOTORES;active;N/A;N/A;Nuevo;Azul;N/A;Eléctrica;Delantera;N/A;Sí;Sí;N/A;Sí;N/A;Sí;Sí;Sí;N/A;N/A;Sí;Sí;N/A;Sí;N/A;N/A;N/A;N/A;N/A;N/A;N/A;N/A;N/A;N/A;"1610 mm";"1000 cc";N/A;6;N/A;N/A;Sí;Sí;Sí;N/A;N/A;N/A;N/A;N/A;N/A;N/A;N/A;N/A;N/A;N/A;N/A;N/A;N/A;N/A;N/A;N/A;N/A;Sí;N/A;Sí;N/A;Sí;N/A;Sí;N/A;N/A;N/A;N/A;N/A;N/A;Sí;N/A;N/A;N/A;N/A;N/A;Sí;N/A;N/A;"1635 mm";"4300 mm";"420 L";N/A;N/A;N/A;N/A;"120 hp";Limited;N/A;N/A;"1790 mm";"13 km/l";N/A;N/A;Sí;N/A;Sí;Sí;Sí;Sí;Sí;N/A;"15 km/l";N/A;N/A;N/A;N/A;Sí;"Lun. a Vie. de 9 a 18.30 hs. Sáb. de 10 a 13 hs.";5;1.0;Nafta;"Automática secuencial";SUV;"Autos y camionetas";No;N/A;N/A;N/A;No;N/A;N/A;No;Sí;No;No;N/A;N/A;N/A;N/A;N/A;N/A;N/A;N/A;N/A;N/A;N/A;N/A;N/A;Sí;N/A;N/A;N/A;N/A;N/A;N/A;N/A;N/A;N/A;N/A;Sí;N/A;N/A;N/A;N/A;N/A;N/A;N/A;Sí;N/A;N/A;N/A;N/A;N/A;N/A;N/A;N/A;N/A;Sí;N/A;N/A;N/A;Sí;Sí;N/A;N/A;Sí;No;N/A;N/A;N/A;N/A;N/A;N/A;N/A;Sí;N/A;N/A;N/A;N/A;N/A;N/A;N/A;N/A;N/A;N/A;N/A;N/A;N/A;N/A;N/A;N/A;N/A;N/A;N/A;N/A;N/A;Sí;N/A;N/A;N/A;Sí;Sí;Sí;Sí;Sí;Sí;Sí;N/A;Sí;Sí;Sí;Sí;N/A;N/A;Sí;Sí;Sí;N/A;Sí;N/A;Sí;N/A;N/A;N/A;N/A;Sí
Hyundai;HB20;"1.6 Premium At 5p";2022;"28900 km";;LUISDUDOY;20800;;;;;Mercedes;https://auto.mercadolibre.com.uy/MLU-704434654-hyundai-hb20-16-premium-at-5p-_JM;N/A;;"Hyundai Hb20 1.6 Premium At 5p";usd;Sí;gold_premium;false;N/A;N/A;http://perfil.mercadolibre.com.uy/LUISDUDOY;active;N/A;N/A;Usado;Gris;Sí;Hidráulica;Delantera;Sí;Sí;Sí;N/A;N/A;No;N/A;N/A;No;N/A;N/A;Sí;Sí;N/A;No;N/A;N/A;N/A;N/A;N/A;N/A;N/A;N/A;N/A;N/A;"2500 mm";"1.6 L";"50 L";6;N/A;N/A;N/A;N/A;N/A;Sí;N/A;N/A;N/A;N/A;N/A;N/A;N/A;N/A;N/A;N/A;N/A;N/A;N/A;N/A;N/A;N/A;N/A;N/A;N/A;N/A;N/A;N/A;N/A;No;N/A;N/A;N/A;Sí;Sí;N/A;N/A;N/A;N/A;N/A;N/A;N/A;N/A;N/A;N/A;"1470 mm";"3920 mm";N/A;N/A;N/A;N/A;5;"123 hp";Premium;N/A;4;"1680 mm";N/A;Sí;N/A;No;Sí;N/A;Sí;Sí;Sí;No;N/A;"13.8 km/l";No;No;N/A;N/A;Sí;"Todos los días de 8  hs a 20 hs";5;1.6;Nafta;Automática;Hatchback;"Autos y camionetas";N/A;N/A;N/A;N/A;N/A;N/A;UY;N/A;N/A;N/A;N/A;N/A;N/A;N/A;N/A;N/A;N/A;N/A;N/A;N/A;N/A;N/A;N/A;N/A;Sí;N/A;N/A;N/A;N/A;N/A;N/A;N/A;N/A;N/A;N/A;N/A;N/A;N/A;N/A;N/A;N/A;N/A;N/A;N/A;N/A;N/A;N/A;N/A;N/A;N/A;N/A;N/A;N/A;N/A;N/A;N/A;N/A;N/A;N/A;N/A;N/A;N/A;N/A;N/A;N/A;N/A;N/A;N/A;N/A;N/A;N/A;N/A;N/A;N/A;N/A;N/A;N/A;N/A;N/A;N/A;N/A;N/A;N/A;N/A;N/A;N/A;N/A;N/A;N/A;N/A;N/A;N/A;N/A;N/A;N/A;No;Sí;Sí;Sí;N/A;Sí;N/A;N/A;N/A;N/A;Sí;No;No;Sí;N/A;N/A;Sí;Sí;Sí;Sí;Sí;Sí;No;No;Sí;N/A;Sí
Hyundai;Creta;"1.0 T-Gdi Safe At";2024;"0 km";;"HYUNDAI RUTA";30990;;;;;Centro;https://auto.mercadolibre.com.uy/MLU-704002480-hyundai-creta-10-turbo-safe-at-_JM;N/A;;"Hyundai Creta 1.0 Turbo Safe At";usd;Sí;gold_premium;false;N/A;N/A;http://perfil.mercadolibre.com.uy/HYUNDAI+RUTA;active;N/A;N/A;Nuevo;Negro;N/A;N/A;4x2;Sí;Sí;N/A;N/A;N/A;Sí;N/A;N/A;No;N/A;N/A;Sí;Sí;N/A;Sí;N/A;N/A;N/A;N/A;N/A;N/A;N/A;N/A;N/A;N/A;"2610 mm";"1 L";"50 L";6;N/A;N/A;N/A;N/A;N/A;Sí;N/A;N/A;N/A;N/A;N/A;N/A;N/A;N/A;N/A;N/A;N/A;N/A;N/A;N/A;N/A;N/A;N/A;N/A;N/A;N/A;N/A;N/A;N/A;N/A;N/A;N/A;N/A;N/A;N/A;N/A;N/A;N/A;N/A;N/A;N/A;N/A;N/A;N/A;N/A;"1635 mm";"4290 mm";N/A;N/A;N/A;N/A;5;"120 hp";Safe;N/A;4;"1790 mm";N/A;N/A;N/A;N/A;Sí;N/A;Sí;Sí;N/A;N/A;N/A;N/A;Sí;N/A;N/A;N/A;N/A;"Lunes a Viernes de 9:00 a 18:00 y fines de semana de 10 a 17hs.";5;1.0;Nafta;Automática;SUV;"Autos y camionetas";N/A;N/A;N/A;N/A;Sí;N/A;UY;N/A;Sí;N/A;Sí;N/A;N/A;N/A;N/A;N/A;N/A;N/A;N/A;N/A;N/A;N/A;N/A;N/A;Sí;N/A;N/A;N/A;N/A;N/A;N/A;N/A;N/A;N/A;N/A;N/A;N/A;N/A;N/A;N/A;N/A;N/A;N/A;Sí;N/A;N/A;N/A;N/A;N/A;N/A;N/A;N/A;N/A;N/A;N/A;N/A;N/A;N/A;N/A;N/A;N/A;Sí;No;N/A;N/A;N/A;N/A;N/A;N/A;N/A;N/A;N/A;N/A;N/A;N/A;N/A;N/A;N/A;N/A;N/A;N/A;N/A;N/A;N/A;N/A;N/A;N/A;N/A;N/A;N/A;N/A;N/A;N/A;N/A;N/A;No;Sí;Sí;N/A;N/A;Sí;N/A;N/A;N/A;N/A;Sí;Sí;N/A;N/A;N/A;N/A;Sí;N/A;Sí;Sí;N/A;Sí;N/A;N/A;N/A;N/A;Sí
Hyundai;HB20;"1.0 Premium Mt";2025;"0 km";;"SEBACARS AUTOMÓVILES";19990;;;;;Cardona;https://auto.mercadolibre.com.uy/MLU-703679928-hyundai-hb20-10-premium-mt-_JM;N/A;;"Hyundai Hb20 1.0 Premium Mt";USD;Sí;gold_premium;false;N/A;N/A;http://perfil.mercadolibre.com.uy/SEBACARS+AUTOM%C3%93VILES;active;N/A;N/A;Nuevo;Dorado;Sí;Hidráulica;Delantera;N/A;N/A;N/A;N/A;N/A;N/A;N/A;N/A;N/A;N/A;N/A;N/A;N/A;N/A;N/A;N/A;N/A;N/A;N/A;N/A;N/A;N/A;N/A;N/A;N/A;N/A;N/A;N/A;N/A;N/A;N/A;N/A;N/A;N/A;N/A;N/A;N/A;N/A;N/A;N/A;N/A;N/A;N/A;N/A;N/A;N/A;N/A;N/A;N/A;N/A;N/A;N/A;N/A;N/A;N/A;N/A;N/A;N/A;N/A;N/A;N/A;N/A;N/A;N/A;N/A;N/A;N/A;N/A;N/A;N/A;N/A;N/A;N/A;N/A;N/A;N/A;N/A;N/A;N/A;N/A;N/A;N/A;N/A;N/A;N/A;N/A;N/A;N/A;N/A;N/A;N/A;N/A;N/A;N/A;N/A;N/A;N/A;N/A;N/A;N/A;N/A;N/A;N/A;"Lunes a sábados de 9-22 hs";4;1.0;Nafta;Manual;Hatchback;"Autos y camionetas";N/A;N/A;N/A;N/A;N/A;N/A;N/A;N/A;N/A;N/A;N/A;N/A;N/A;N/A;N/A;N/A;N/A;N/A;N/A;N/A;N/A;N/A;N/A;N/A;N/A;N/A;N/A;N/A;N/A;N/A;N/A;N/A;N/A;N/A;N/A;N/A;N/A;N/A;N/A;N/A;N/A;N/A;N/A;N/A;N/A;N/A;N/A;N/A;N/A;N/A;N/A;N/A;N/A;N/A;N/A;N/A;N/A;N/A;N/A;N/A;N/A;N/A;N/A;N/A;N/A;N/A;N/A;N/A;N/A;N/A;N/A;N/A;N/A;N/A;N/A;N/A;N/A;N/A;N/A;N/A;N/A;N/A;N/A;N/A;N/A;N/A;N/A;N/A;N/A;N/A;N/A;N/A;N/A;N/A;N/A;N/A;N/A;N/A;N/A;N/A;N/A;N/A;N/A;N/A;N/A;N/A;N/A;N/A;N/A;N/A;N/A;N/A;N/A;N/A;N/A;N/A;N/A;N/A;N/A;N/A;N/A;N/A
Hyundai;Creta;"Safe AT";2023;"28490 km";;"MOTORLAND BARRACARRASCO";27990;;;;;Shangrilá;https://auto.mercadolibre.com.uy/MLU-701963234-hyundai-creta-safe-at-10-2023-motorland-financio-_JM;N/A;;"Hyundai Creta Safe At 1.0 2023  - Motorland / Financio";usd;Sí;gold_premium;false;N/A;N/A;http://perfil.mercadolibre.com.uy/MOTORLAND+BARRACARRASCO;active;N/A;N/A;Usado;N/A;Sí;Hidráulica;N/A;Sí;Sí;Sí;N/A;N/A;N/A;Sí;Sí;N/A;N/A;Sí;Sí;Sí;N/A;N/A;N/A;N/A;N/A;N/A;N/A;N/A;N/A;N/A;N/A;N/A;N/A;"1000 cc";N/A;6;N/A;N/A;Sí;N/A;Sí;Sí;N/A;N/A;N/A;N/A;N/A;N/A;N/A;N/A;N/A;N/A;N/A;N/A;N/A;N/A;N/A;N/A;N/A;Sí;N/A;Sí;N/A;N/A;N/A;N/A;N/A;N/A;N/A;N/A;N/A;N/A;Sí;N/A;N/A;N/A;N/A;N/A;Sí;N/A;N/A;N/A;N/A;N/A;N/A;N/A;N/A;N/A;"123 hp";Safe;N/A;N/A;N/A;"13 km/l";N/A;N/A;N/A;Sí;Sí;Sí;Sí;N/A;N/A;N/A;"15 km/l";N/A;N/A;N/A;N/A;Sí;"Lunes a viernes de 09:30 a 18:30 y sábados de 09 a 13 hs.";5;1.0;Nafta;Automática;SUV;"Autos y camionetas";No;N/A;N/A;N/A;No;N/A;UY;No;Sí;No;No;N/A;N/A;N/A;N/A;N/A;N/A;N/A;N/A;N/A;N/A;N/A;N/A;N/A;N/A;N/A;N/A;N/A;N/A;N/A;N/A;N/A;N/A;N/A;N/A;N/A;N/A;N/A;N/A;N/A;N/A;N/A;N/A;N/A;N/A;N/A;N/A;N/A;N/A;N/A;N/A;N/A;N/A;N/A;N/A;N/A;N/A;N/A;N/A;N/A;N/A;Sí;No;N/A;N/A;N/A;N/A;N/A;N/A;N/A;N/A;N/A;N/A;N/A;N/A;N/A;N/A;N/A;N/A;N/A;N/A;N/A;N/A;N/A;N/A;N/A;N/A;N/A;N/A;N/A;N/A;N/A;N/A;N/A;N/A;N/A;Sí;Sí;Sí;Sí;Sí;Sí;Sí;N/A;Sí;Sí;Sí;Sí;N/A;N/A;Sí;Sí;N/A;N/A;Sí;Sí;Sí;N/A;N/A;Sí;N/A;Sí
Hyundai;Creta;"1.0 T-Gdi Safe At";2024;"3000 km";;"OLIVA AUTOMOTORES";29500;;;;;Malvin;https://auto.mercadolibre.com.uy/MLU-701442906-hyundai-creta-10-t-gdi-safe-at-10-2024-igual-a-nuevo-_JM;N/A;;"Hyundai Creta 1.0 T-gdi Safe At 1.0 2024 Igual A Nuevo";usd;Sí;gold_premium;false;N/A;N/A;http://perfil.mercadolibre.com.uy/OLIVA+AUTOMOTORES;active;N/A;N/A;Usado;"Gris oscuro";Sí;Eléctrica;4x2;N/A;N/A;Sí;N/A;N/A;N/A;Sí;N/A;N/A;N/A;N/A;Sí;Sí;N/A;N/A;N/A;N/A;N/A;N/A;N/A;N/A;N/A;N/A;N/A;N/A;"2610 mm";"1000 cc";N/A;6;N/A;N/A;Sí;Sí;Sí;Sí;Sí;N/A;N/A;N/A;N/A;N/A;N/A;N/A;N/A;N/A;N/A;N/A;N/A;N/A;N/A;N/A;N/A;Sí;N/A;Sí;N/A;Sí;N/A;Sí;N/A;N/A;N/A;N/A;N/A;N/A;Sí;N/A;N/A;N/A;N/A;N/A;N/A;N/A;N/A;"1635 mm";"4290 mm";"430 L";N/A;N/A;N/A;N/A;"120 hp";Safe;N/A;N/A;"1790 mm";"13 km/l";N/A;N/A;Sí;N/A;Sí;N/A;Sí;Sí;N/A;N/A;"15 km/l";N/A;N/A;N/A;N/A;Sí;"Lun. a Vie. de 9 a 18.30 hs. Sáb. de 10 a 13 hs.";5;1.0;Nafta;Automática;SUV;"Autos y camionetas";No;N/A;N/A;N/A;No;N/A;UY;No;Sí;No;No;N/A;N/A;N/A;N/A;N/A;N/A;N/A;N/A;N/A;N/A;N/A;N/A;N/A;Sí;N/A;N/A;N/A;N/A;N/A;N/A;N/A;N/A;N/A;N/A;Sí;N/A;N/A;N/A;N/A;N/A;N/A;N/A;N/A;N/A;N/A;N/A;N/A;N/A;N/A;N/A;N/A;N/A;N/A;N/A;N/A;N/A;N/A;Sí;N/A;N/A;Sí;No;N/A;N/A;N/A;N/A;N/A;N/A;N/A;N/A;N/A;N/A;N/A;N/A;N/A;N/A;N/A;N/A;N/A;N/A;N/A;N/A;N/A;N/A;N/A;N/A;N/A;N/A;N/A;N/A;N/A;Sí;N/A;N/A;N/A;Sí;Sí;Sí;Sí;Sí;Sí;Sí;N/A;N/A;Sí;N/A;N/A;N/A;N/A;Sí;Sí;Sí;N/A;N/A;N/A;Sí;N/A;N/A;N/A;N/A;Sí
Hyundai;"H1 / 12 pasajeros";"Hyundai H1 MBUS 2.4";2016;"103000 km";;"SEEL 1";23000;;;;;Maldonado;https://auto.mercadolibre.com.uy/MLU-647476159-hyundai-h1-12-pasajeros-hyundai-h1-mbus-24-_JM;N/A;;"Hyundai H1 / 12 Pasajeros Hyundai H1 Mbus 2.4";USD;Sí;gold_premium;false;N/A;N/A;http://perfil.mercadolibre.com.uy/SEEL+1;active;N/A;N/A;Usado;N/A;N/A;N/A;N/A;N/A;N/A;N/A;N/A;N/A;N/A;N/A;N/A;N/A;N/A;N/A;N/A;N/A;N/A;N/A;N/A;N/A;N/A;N/A;N/A;N/A;N/A;N/A;N/A;N/A;N/A;N/A;N/A;N/A;N/A;N/A;N/A;N/A;N/A;N/A;N/A;N/A;N/A;N/A;N/A;N/A;N/A;N/A;N/A;N/A;N/A;N/A;N/A;N/A;N/A;N/A;N/A;N/A;N/A;N/A;N/A;N/A;N/A;N/A;N/A;N/A;N/A;N/A;N/A;N/A;N/A;N/A;N/A;N/A;N/A;N/A;N/A;N/A;N/A;N/A;N/A;N/A;N/A;N/A;N/A;N/A;N/A;N/A;N/A;N/A;N/A;N/A;N/A;N/A;N/A;N/A;N/A;N/A;N/A;N/A;N/A;N/A;N/A;N/A;N/A;N/A;N/A;N/A;N/A;5;N/A;Nafta;N/A;N/A;"Autos y camionetas";N/A;N/A;N/A;N/A;N/A;N/A;N/A;N/A;N/A;N/A;N/A;N/A;N/A;N/A;N/A;N/A;N/A;N/A;N/A;N/A;N/A;N/A;N/A;N/A;N/A;N/A;N/A;N/A;N/A;N/A;N/A;N/A;N/A;N/A;N/A;N/A;N/A;N/A;N/A;N/A;N/A;N/A;N/A;N/A;N/A;N/A;N/A;N/A;N/A;N/A;N/A;N/A;N/A;N/A;N/A;N/A;N/A;N/A;N/A;N/A;N/A;N/A;N/A;N/A;N/A;N/A;N/A;N/A;N/A;N/A;N/A;N/A;N/A;N/A;N/A;N/A;N/A;N/A;N/A;N/A;N/A;N/A;N/A;N/A;N/A;N/A;N/A;N/A;N/A;N/A;N/A;N/A;N/A;N/A;N/A;N/A;N/A;N/A;N/A;N/A;N/A;N/A;N/A;N/A;N/A;N/A;N/A;N/A;N/A;N/A;N/A;N/A;N/A;N/A;N/A;N/A;N/A;N/A;N/A;N/A;N/A;N/A
Hyundai;H1;"2.5 Premium 1 170cv At";2015;"397000 km";;ALFLOLOL;23500;;;;;Prado;https://auto.mercadolibre.com.uy/MLU-704746122-diesel-rural-7pasajeros-2018-manual-caireairbagvidrioselect-_JM;N/A;;"Diesel Rural 7pasajeros 2018 Manual C/aireairbagvidrioselect";usd;Sí;gold_premium;false;N/A;N/A;http://perfil.mercadolibre.com.uy/ALFLOLOL;active;N/A;N/A;Usado;Blanco;N/A;Hidráulica;Trasera;N/A;Sí;Sí;N/A;N/A;Sí;N/A;N/A;N/A;N/A;N/A;N/A;N/A;N/A;N/A;N/A;N/A;N/A;N/A;N/A;N/A;N/A;N/A;N/A;N/A;"3201 mm";"2.5 L";"75 L";6;N/A;N/A;N/A;N/A;N/A;N/A;N/A;N/A;N/A;N/A;N/A;N/A;N/A;N/A;N/A;N/A;N/A;N/A;N/A;N/A;N/A;N/A;N/A;N/A;N/A;N/A;N/A;N/A;N/A;N/A;N/A;Sí;N/A;N/A;N/A;N/A;N/A;N/A;N/A;N/A;N/A;Sí;N/A;N/A;N/A;"1925 mm";"5125 mm";N/A;N/A;N/A;N/A;12;"170 hp";Premium;N/A;4;"1920 mm";"10.9 km/l";Sí;N/A;N/A;N/A;N/A;Sí;Sí;N/A;N/A;Sí;"7.1 km/l";N/A;N/A;N/A;N/A;N/A;"todo el dia";5;2.5;Diésel;Automática;SUV;"Autos y camionetas";N/A;N/A;N/A;N/A;N/A;N/A;UY;N/A;N/A;N/A;N/A;N/A;N/A;N/A;N/A;N/A;N/A;N/A;N/A;N/A;N/A;N/A;N/A;N/A;N/A;N/A;N/A;N/A;N/A;N/A;N/A;N/A;N/A;N/A;N/A;N/A;N/A;N/A;N/A;N/A;N/A;N/A;N/A;N/A;N/A;N/A;N/A;N/A;N/A;N/A;N/A;N/A;N/A;N/A;N/A;N/A;N/A;N/A;N/A;N/A;N/A;N/A;N/A;N/A;N/A;N/A;N/A;N/A;N/A;N/A;N/A;N/A;N/A;N/A;N/A;N/A;N/A;N/A;N/A;N/A;N/A;N/A;N/A;N/A;N/A;N/A;N/A;N/A;N/A;N/A;N/A;N/A;N/A;N/A;N/A;N/A;Sí;N/A;Sí;N/A;Sí;Sí;N/A;N/A;N/A;Sí;Sí;Sí;Sí;Sí;N/A;Sí;Sí;Sí;N/A;N/A;N/A;N/A;N/A;N/A;N/A;N/A
Hyundai;Tucson;"1.6T + eléctrico";2024;"0 km";;HYUNDAIPUNTADELESTE;59990;;;;;Maldonado;https://auto.mercadolibre.com.uy/MLU-672062748-hyundai-new-tucson-hibrida-_JM;N/A;;"Hyundai New Tucson Hibrida ";USD;Sí;gold_premium;false;N/A;N/A;http://perfil.mercadolibre.com.uy/HYUNDAIPUNTADELESTE;active;N/A;N/A;Nuevo;Gris;N/A;Eléctrica;4x2;Sí;Sí;N/A;N/A;N/A;Sí;N/A;N/A;Sí;N/A;N/A;Sí;Sí;N/A;Sí;N/A;N/A;N/A;N/A;N/A;N/A;N/A;N/A;N/A;N/A;N/A;N/A;N/A;N/A;N/A;N/A;N/A;N/A;N/A;Sí;N/A;N/A;N/A;N/A;N/A;N/A;N/A;N/A;N/A;N/A;N/A;N/A;N/A;N/A;N/A;N/A;N/A;N/A;N/A;N/A;N/A;N/A;N/A;No;N/A;N/A;N/A;N/A;N/A;N/A;N/A;N/A;N/A;N/A;N/A;N/A;N/A;N/A;N/A;N/A;N/A;N/A;N/A;N/A;N/A;N/A;N/A;N/A;N/A;N/A;N/A;N/A;No;N/A;Sí;Sí;N/A;Sí;Sí;N/A;Sí;N/A;N/A;Sí;Sí;N/A;N/A;Sí;"LUNES A SABADO DE 9:30 A 19:30";5;"1.6t + eléctrico";Híbrido;Automática;SUV;"Autos y camionetas";No;N/A;N/A;N/A;No;N/A;N/A;N/A;Sí;N/A;No;N/A;N/A;N/A;N/A;N/A;N/A;N/A;N/A;N/A;N/A;N/A;N/A;N/A;Sí;N/A;N/A;N/A;N/A;N/A;N/A;N/A;N/A;N/A;N/A;N/A;N/A;N/A;N/A;N/A;N/A;N/A;N/A;Sí;N/A;N/A;N/A;N/A;N/A;N/A;N/A;N/A;N/A;N/A;N/A;N/A;N/A;N/A;N/A;N/A;N/A;Sí;No;N/A;N/A;N/A;N/A;N/A;N/A;N/A;N/A;N/A;N/A;N/A;N/A;N/A;N/A;N/A;N/A;N/A;N/A;N/A;N/A;N/A;N/A;N/A;N/A;N/A;N/A;N/A;N/A;N/A;N/A;N/A;N/A;No;Sí;Sí;Sí;N/A;Sí;N/A;N/A;N/A;N/A;Sí;Sí;Sí;Sí;N/A;N/A;Sí;Sí;Sí;Sí;Sí;Sí;No;No;Sí;N/A;Sí
Hyundai;Creta;"Safe AT";2023;"28020 km";;"MOTORLAND BARRACARRASCO";27990;;;;;Shangrilá;https://auto.mercadolibre.com.uy/MLU-701989148-hyundai-creta-safe-at-10-2023-motorland-financio-_JM;N/A;;"Hyundai Creta Safe At 1.0 2023  - Motorland / Financio";usd;Sí;gold_premium;false;N/A;N/A;http://perfil.mercadolibre.com.uy/MOTORLAND+BARRACARRASCO;active;N/A;N/A;Usado;Blanco;Sí;Hidráulica;N/A;Sí;Sí;Sí;N/A;N/A;N/A;Sí;Sí;N/A;N/A;Sí;Sí;Sí;N/A;Sí;N/A;N/A;N/A;N/A;N/A;N/A;N/A;N/A;N/A;N/A;N/A;"1000 cc";N/A;6;N/A;N/A;Sí;N/A;Sí;Sí;N/A;N/A;N/A;N/A;N/A;N/A;N/A;N/A;N/A;N/A;N/A;N/A;N/A;N/A;N/A;Sí;N/A;Sí;N/A;Sí;N/A;N/A;N/A;N/A;N/A;N/A;N/A;N/A;N/A;N/A;Sí;N/A;N/A;N/A;N/A;N/A;Sí;N/A;N/A;N/A;N/A;N/A;N/A;N/A;N/A;N/A;"123 hp";Safe;N/A;N/A;N/A;"13 km/l";N/A;N/A;N/A;Sí;N/A;Sí;Sí;Sí;N/A;N/A;"15 km/l";N/A;N/A;N/A;N/A;Sí;"Lunes a viernes de 09:30 a 18:30 y sábados de 09 a 13 hs.";5;1.0;Nafta;Automática;SUV;"Autos y camionetas";No;N/A;N/A;N/A;No;N/A;UY;No;Sí;No;No;N/A;N/A;N/A;N/A;N/A;N/A;N/A;N/A;N/A;N/A;N/A;N/A;N/A;N/A;N/A;N/A;N/A;N/A;N/A;N/A;N/A;N/A;N/A;N/A;N/A;N/A;N/A;N/A;N/A;N/A;N/A;N/A;N/A;N/A;N/A;N/A;N/A;N/A;N/A;N/A;N/A;N/A;N/A;N/A;N/A;N/A;N/A;N/A;N/A;N/A;N/A;No;N/A;N/A;N/A;N/A;N/A;N/A;N/A;N/A;N/A;N/A;N/A;N/A;N/A;N/A;N/A;N/A;N/A;N/A;N/A;N/A;N/A;N/A;N/A;N/A;N/A;N/A;N/A;N/A;N/A;N/A;N/A;N/A;N/A;Sí;Sí;Sí;Sí;Sí;Sí;Sí;N/A;Sí;Sí;Sí;Sí;N/A;N/A;Sí;Sí;Sí;N/A;Sí;Sí;Sí;N/A;N/A;Sí;N/A;Sí
Hyundai;Accent;"i25 1.4 GL";2012;"180000 km";;SEBASTIANDURAN304;11200;;;;;Carrasco;https://auto.mercadolibre.com.uy/MLU-704782260-hyundai-accent-accent-i25-14-gl-_JM;N/A;;"Hyundai Accent Accent I25 1.4 Gl";USD;Sí;gold_premium;false;N/A;N/A;http://perfil.mercadolibre.com.uy/SEBASTIANDURAN304;active;N/A;N/A;Usado;N/A;N/A;N/A;N/A;N/A;N/A;N/A;N/A;N/A;N/A;N/A;N/A;N/A;N/A;N/A;N/A;N/A;N/A;N/A;N/A;N/A;N/A;N/A;N/A;N/A;N/A;N/A;N/A;N/A;N/A;N/A;N/A;N/A;N/A;N/A;N/A;N/A;N/A;N/A;N/A;N/A;N/A;N/A;N/A;N/A;N/A;N/A;N/A;N/A;N/A;N/A;N/A;N/A;N/A;N/A;N/A;N/A;N/A;N/A;N/A;N/A;N/A;N/A;N/A;N/A;N/A;N/A;N/A;N/A;N/A;N/A;N/A;N/A;N/A;N/A;N/A;N/A;N/A;N/A;N/A;N/A;N/A;N/A;N/A;N/A;N/A;N/A;N/A;N/A;N/A;N/A;N/A;N/A;N/A;N/A;N/A;N/A;N/A;N/A;N/A;N/A;N/A;N/A;N/A;N/A;N/A;N/A;N/A;5;N/A;Nafta;N/A;N/A;"Autos y camionetas";N/A;N/A;N/A;N/A;N/A;N/A;N/A;N/A;N/A;N/A;N/A;N/A;N/A;N/A;N/A;N/A;N/A;N/A;N/A;N/A;N/A;N/A;N/A;N/A;N/A;N/A;N/A;N/A;N/A;N/A;N/A;N/A;N/A;N/A;N/A;N/A;N/A;N/A;N/A;N/A;N/A;N/A;N/A;N/A;N/A;N/A;N/A;N/A;N/A;N/A;N/A;N/A;N/A;N/A;N/A;N/A;N/A;N/A;N/A;N/A;N/A;N/A;N/A;N/A;N/A;N/A;N/A;N/A;N/A;N/A;N/A;N/A;N/A;N/A;N/A;N/A;N/A;N/A;N/A;N/A;N/A;N/A;N/A;N/A;N/A;N/A;N/A;N/A;N/A;N/A;N/A;N/A;N/A;N/A;N/A;N/A;N/A;N/A;N/A;N/A;N/A;N/A;N/A;N/A;N/A;N/A;N/A;N/A;N/A;N/A;N/A;N/A;N/A;N/A;N/A;N/A;N/A;N/A;N/A;N/A;N/A;N/A
Hyundai;Veracruz;"3.8 Gls Premium 7as L V6 At";2009;"212000 km";;BIG_DANI;15900;;;;;"Carrasco Norte";https://auto.mercadolibre.com.uy/MLU-703458728-hyundai-veracruz-v6-gls-premium-7pas-4x4-_JM;N/A;;"Hyundai Veracruz V6 Gls Premium 7pas. 4x4";usd;Sí;gold_premium;false;N/A;N/A;http://perfil.mercadolibre.com.uy/BIG_DANI;active;N/A;N/A;Usado;Negro;No;Hidráulica;4x4;Sí;Sí;Sí;N/A;N/A;Sí;N/A;N/A;Sí;N/A;N/A;Sí;Sí;N/A;Sí;N/A;N/A;N/A;N/A;N/A;N/A;N/A;N/A;N/A;N/A;"2805 mm";"3.8 L";"78 L";6;N/A;N/A;N/A;N/A;Sí;No;N/A;N/A;N/A;Sí;N/A;N/A;N/A;N/A;N/A;N/A;N/A;N/A;N/A;N/A;N/A;N/A;N/A;N/A;N/A;N/A;N/A;N/A;N/A;Sí;N/A;Sí;Sí;Sí;Sí;Sí;N/A;Sí;N/A;N/A;N/A;N/A;N/A;N/A;N/A;"1750 mm";"4840 mm";N/A;N/A;N/A;N/A;7;"260 hp";"Gls Premium";N/A;4;"1938 mm";"14.7 km/l";Sí;N/A;Sí;Sí;N/A;Sí;Sí;N/A;Sí;Sí;"10.7 km/l";No;Sí;N/A;N/A;Sí;N/A;5;3.8;Nafta;Automática;SUV;"Autos y camionetas";No;N/A;N/A;N/A;No;N/A;UY;N/A;Sí;N/A;No;N/A;N/A;N/A;N/A;N/A;N/A;N/A;N/A;N/A;N/A;N/A;N/A;N/A;Sí;N/A;N/A;N/A;N/A;N/A;N/A;N/A;N/A;N/A;N/A;N/A;N/A;N/A;N/A;N/A;N/A;N/A;N/A;No;N/A;N/A;N/A;N/A;N/A;N/A;N/A;N/A;N/A;N/A;N/A;N/A;N/A;N/A;N/A;N/A;N/A;No;Sí;N/A;N/A;N/A;N/A;N/A;N/A;N/A;N/A;N/A;N/A;N/A;N/A;N/A;N/A;N/A;N/A;N/A;N/A;N/A;N/A;N/A;N/A;N/A;N/A;N/A;N/A;N/A;N/A;N/A;N/A;N/A;N/A;No;Sí;Sí;Sí;N/A;Sí;N/A;N/A;Sí;N/A;Sí;Sí;Sí;Sí;N/A;N/A;Sí;Sí;Sí;Sí;Sí;Sí;No;No;Sí;N/A;Sí
Hyundai;HB20;HB20;2023;"0 km";;"HORACIO BARREIRO";19990;;;;;"Las Piedras";https://auto.mercadolibre.com.uy/MLU-692899460-hyundai-hb20-hb20-10-2023-0km-_JM;N/A;;"Hyundai Hb20 Hb20 1.0 2023 0km";USD;Sí;gold_premium;false;N/A;N/A;http://perfil.mercadolibre.com.uy/HORACIO+BARREIRO;active;N/A;N/A;Nuevo;N/A;N/A;Eléctrica;N/A;Sí;N/A;Sí;N/A;N/A;N/A;N/A;Sí;N/A;N/A;N/A;Sí;Sí;N/A;Sí;N/A;N/A;N/A;N/A;N/A;N/A;N/A;N/A;N/A;N/A;N/A;"1000 cc";N/A;N/A;N/A;N/A;Sí;Sí;Sí;N/A;N/A;N/A;N/A;N/A;N/A;N/A;N/A;N/A;N/A;N/A;N/A;N/A;N/A;N/A;N/A;N/A;N/A;Sí;N/A;Sí;N/A;Sí;N/A;N/A;N/A;N/A;N/A;N/A;N/A;N/A;Sí;N/A;N/A;N/A;N/A;N/A;Sí;N/A;N/A;N/A;N/A;N/A;N/A;N/A;N/A;N/A;"80 hp";N/A;N/A;N/A;N/A;N/A;N/A;N/A;Sí;Sí;Sí;Sí;Sí;N/A;N/A;N/A;N/A;N/A;N/A;N/A;N/A;Sí;"Lunes a Sábados de 8 a 19 hs.";4;1.0;Nafta;Manual;Hatchback;"Autos y camionetas";No;N/A;N/A;N/A;No;N/A;N/A;No;Sí;No;No;N/A;N/A;N/A;N/A;N/A;N/A;N/A;N/A;N/A;N/A;N/A;N/A;N/A;N/A;N/A;N/A;N/A;N/A;N/A;N/A;N/A;N/A;N/A;N/A;N/A;N/A;N/A;N/A;N/A;N/A;N/A;N/A;Sí;N/A;N/A;N/A;N/A;N/A;N/A;N/A;N/A;N/A;N/A;N/A;N/A;N/A;N/A;N/A;N/A;N/A;Sí;No;N/A;N/A;N/A;N/A;N/A;N/A;N/A;N/A;N/A;N/A;N/A;N/A;N/A;N/A;N/A;N/A;N/A;N/A;N/A;N/A;N/A;N/A;N/A;N/A;N/A;N/A;N/A;N/A;N/A;N/A;N/A;N/A;N/A;Sí;N/A;Sí;Sí;Sí;N/A;Sí;N/A;Sí;Sí;N/A;N/A;N/A;N/A;Sí;Sí;N/A;N/A;Sí;Sí;Sí;N/A;N/A;Sí;N/A;Sí
Hyundai;Accent;"Liquido al primero 5990";2017;"762000 km";;CHARLESREBOLLO2009;5990;;;;;Rivera;https://auto.mercadolibre.com.uy/MLU-703223578-hyundai-accent-oportunidad-ex-taxi-al-dia--_JM;N/A;;"Hyundai Accent Oportunidad ! Ex Taxi Al Día !";USD;Sí;gold_premium;false;N/A;N/A;http://perfil.mercadolibre.com.uy/CHARLESREBOLLO2009;active;N/A;N/A;Usado;Blanco;N/A;N/A;N/A;N/A;N/A;N/A;N/A;N/A;N/A;N/A;N/A;N/A;N/A;N/A;N/A;N/A;N/A;N/A;N/A;N/A;N/A;N/A;N/A;N/A;N/A;N/A;N/A;N/A;N/A;N/A;N/A;N/A;N/A;N/A;N/A;N/A;N/A;N/A;N/A;N/A;N/A;N/A;N/A;N/A;N/A;N/A;N/A;N/A;N/A;N/A;N/A;N/A;N/A;N/A;N/A;N/A;N/A;N/A;N/A;N/A;N/A;N/A;N/A;N/A;N/A;N/A;N/A;N/A;N/A;N/A;N/A;N/A;N/A;N/A;N/A;N/A;N/A;N/A;N/A;N/A;N/A;N/A;N/A;N/A;N/A;N/A;N/A;N/A;N/A;N/A;N/A;N/A;N/A;N/A;N/A;N/A;N/A;N/A;N/A;N/A;N/A;N/A;N/A;N/A;N/A;N/A;N/A;4;N/A;Diésel;N/A;N/A;"Autos y camionetas";N/A;N/A;N/A;N/A;N/A;N/A;N/A;N/A;N/A;N/A;N/A;N/A;N/A;N/A;N/A;N/A;N/A;N/A;N/A;N/A;N/A;N/A;N/A;N/A;N/A;N/A;N/A;N/A;N/A;N/A;N/A;N/A;N/A;N/A;N/A;N/A;N/A;N/A;N/A;N/A;N/A;N/A;N/A;N/A;N/A;N/A;N/A;N/A;N/A;N/A;N/A;N/A;N/A;N/A;N/A;N/A;N/A;N/A;N/A;N/A;N/A;N/A;N/A;N/A;N/A;N/A;N/A;N/A;N/A;N/A;N/A;N/A;N/A;N/A;N/A;N/A;N/A;N/A;N/A;N/A;N/A;N/A;N/A;N/A;N/A;N/A;N/A;N/A;N/A;N/A;N/A;N/A;N/A;N/A;N/A;N/A;N/A;N/A;N/A;N/A;N/A;N/A;N/A;N/A;N/A;N/A;N/A;N/A;N/A;N/A;N/A;N/A;N/A;N/A;N/A;N/A;N/A;N/A;N/A;N/A;N/A;N/A
Hyundai;HB20S;"1.0 Comfort Mt";2022;"34800 km";;NEWMASTERCARS;15990;;;;;"Aires Puros";https://auto.mercadolibre.com.uy/MLU-703510536-hyundai-hb20-10-comfort-sedan-hb20s-_JM;N/A;;"Hyundai Hb20 1.0 Comfort Sedan Hb20s";USD;Sí;gold_premium;false;N/A;N/A;http://perfil.mercadolibre.com.uy/NEWMASTERCARS;active;N/A;N/A;Usado;Gris;Sí;Eléctrica;Delantera;Sí;Sí;N/A;N/A;N/A;No;N/A;N/A;No;N/A;N/A;No;Sí;N/A;Sí;N/A;N/A;N/A;N/A;N/A;N/A;N/A;N/A;N/A;N/A;N/A;N/A;N/A;N/A;N/A;N/A;N/A;N/A;N/A;No;N/A;N/A;N/A;N/A;N/A;N/A;N/A;N/A;N/A;N/A;N/A;N/A;N/A;N/A;N/A;N/A;N/A;N/A;N/A;N/A;N/A;N/A;N/A;No;N/A;N/A;N/A;N/A;N/A;N/A;N/A;N/A;N/A;N/A;N/A;N/A;N/A;N/A;N/A;N/A;N/A;N/A;N/A;N/A;N/A;N/A;N/A;N/A;N/A;N/A;N/A;N/A;No;N/A;No;Sí;N/A;Sí;Sí;N/A;No;N/A;N/A;No;No;N/A;N/A;No;"8 a 22 hs";4;1.0;Nafta;Manual;Sedán;"Autos y camionetas";N/A;N/A;N/A;N/A;N/A;N/A;N/A;N/A;N/A;N/A;N/A;N/A;N/A;N/A;N/A;N/A;N/A;N/A;N/A;N/A;N/A;N/A;N/A;N/A;No;N/A;N/A;N/A;N/A;N/A;N/A;N/A;N/A;N/A;N/A;N/A;N/A;N/A;N/A;N/A;N/A;N/A;N/A;N/A;N/A;N/A;N/A;N/A;N/A;N/A;N/A;N/A;N/A;N/A;N/A;N/A;N/A;N/A;N/A;N/A;N/A;N/A;N/A;N/A;N/A;N/A;N/A;N/A;N/A;N/A;N/A;N/A;N/A;N/A;N/A;N/A;N/A;N/A;N/A;N/A;N/A;N/A;N/A;N/A;N/A;N/A;N/A;N/A;N/A;N/A;N/A;N/A;N/A;N/A;N/A;Sí;Sí;Sí;No;N/A;Sí;N/A;N/A;N/A;N/A;Sí;No;Sí;Sí;N/A;N/A;Sí;Sí;Sí;Sí;Sí;Sí;No;No;Sí;N/A;Sí
Hyundai;Creta;"1.0 TURBO SAFE AT";2025;"0 km";;"OLIVA AUTOMOTORES";30990;;;;;Malvin;https://auto.mercadolibre.com.uy/MLU-695791546-hyundai-creta-10-turbo-safe-at-10-2025-0km-_JM;N/A;;"Hyundai Creta 1.0 Turbo Safe At 1.0 2025 0km";USD;Sí;gold_premium;false;N/A;N/A;http://perfil.mercadolibre.com.uy/OLIVA+AUTOMOTORES;active;N/A;N/A;Nuevo;Blanco;N/A;Eléctrica;Delantera;Sí;Sí;Sí;N/A;N/A;N/A;N/A;Sí;N/A;N/A;N/A;Sí;Sí;N/A;N/A;N/A;N/A;N/A;N/A;N/A;N/A;N/A;N/A;N/A;N/A;"2610 mm";"1000 cc";N/A;N/A;N/A;N/A;N/A;N/A;N/A;Sí;N/A;N/A;N/A;N/A;N/A;N/A;N/A;N/A;N/A;N/A;N/A;N/A;N/A;N/A;N/A;N/A;N/A;Sí;N/A;N/A;N/A;N/A;N/A;N/A;N/A;N/A;N/A;N/A;N/A;N/A;N/A;N/A;N/A;N/A;N/A;N/A;N/A;N/A;N/A;"1635 mm";"4300 mm";"422 L";N/A;N/A;N/A;N/A;"120 hp";Safe;N/A;N/A;"1790 mm";"13 km/l";N/A;N/A;Sí;N/A;N/A;N/A;Sí;Sí;N/A;N/A;"15 km/l";N/A;N/A;N/A;N/A;Sí;"Lun. a Vie. de 9 a 18.30 hs. Sáb. de 10 a 13 hs.";5;1.0;Nafta;"Automática secuencial";SUV;"Autos y camionetas";No;N/A;N/A;N/A;No;N/A;N/A;No;Sí;No;No;N/A;N/A;N/A;N/A;N/A;N/A;N/A;N/A;N/A;N/A;N/A;N/A;N/A;N/A;N/A;N/A;N/A;N/A;N/A;N/A;N/A;N/A;N/A;N/A;N/A;N/A;N/A;N/A;N/A;N/A;N/A;N/A;Sí;N/A;N/A;N/A;N/A;N/A;N/A;N/A;N/A;N/A;N/A;N/A;N/A;N/A;N/A;N/A;N/A;N/A;Sí;No;N/A;N/A;N/A;N/A;N/A;N/A;N/A;N/A;N/A;N/A;N/A;N/A;N/A;N/A;N/A;N/A;N/A;N/A;N/A;N/A;N/A;N/A;N/A;N/A;N/A;N/A;N/A;N/A;N/A;N/A;N/A;N/A;N/A;Sí;Sí;Sí;Sí;N/A;Sí;Sí;N/A;Sí;Sí;N/A;N/A;N/A;N/A;Sí;Sí;Sí;N/A;N/A;N/A;Sí;N/A;N/A;N/A;N/A;Sí
Hyundai;HB20;"1.0 Comfort Mt";2021;"30000 km";;MORAN_AUTOMOVILES;15500;;;;;Malvin;https://auto.mercadolibre.com.uy/MLU-703807904-hyundai-hb20-2021-10-comfort-mt-_JM;N/A;;"Hyundai Hb20 2021 1.0 Comfort Mt";usd;Sí;gold_premium;false;N/A;N/A;http://perfil.mercadolibre.com.uy/MORAN_AUTOMOVILES;active;N/A;N/A;Usado;N/A;N/A;Hidráulica;Delantera;Sí;N/A;Sí;N/A;N/A;N/A;N/A;N/A;N/A;N/A;N/A;N/A;N/A;N/A;N/A;N/A;N/A;N/A;N/A;N/A;N/A;N/A;N/A;N/A;N/A;"2500 mm";"1 L";"50 L";6;N/A;N/A;N/A;N/A;N/A;N/A;N/A;N/A;N/A;N/A;N/A;N/A;N/A;N/A;N/A;N/A;N/A;N/A;N/A;N/A;N/A;N/A;N/A;N/A;N/A;N/A;N/A;N/A;N/A;N/A;N/A;N/A;N/A;Sí;Sí;N/A;N/A;N/A;N/A;N/A;N/A;N/A;N/A;N/A;N/A;"1470 mm";"3920 mm";N/A;N/A;N/A;N/A;5;"101 hp";N/A;N/A;4;"1680 mm";N/A;N/A;N/A;N/A;Sí;N/A;N/A;Sí;Sí;N/A;N/A;"13.8 km/l";N/A;N/A;N/A;N/A;N/A;N/A;5;1.0;Nafta;Manual;Hatchback;"Autos y camionetas";N/A;N/A;N/A;N/A;N/A;N/A;UY;N/A;N/A;N/A;N/A;N/A;N/A;N/A;N/A;N/A;N/A;N/A;N/A;N/A;N/A;N/A;N/A;N/A;N/A;N/A;N/A;N/A;N/A;N/A;N/A;N/A;N/A;N/A;N/A;N/A;N/A;N/A;N/A;N/A;N/A;N/A;N/A;N/A;N/A;N/A;N/A;N/A;N/A;N/A;N/A;N/A;N/A;N/A;N/A;N/A;N/A;N/A;N/A;N/A;N/A;N/A;N/A;N/A;N/A;N/A;N/A;N/A;N/A;N/A;N/A;N/A;N/A;N/A;N/A;N/A;N/A;N/A;N/A;N/A;N/A;N/A;N/A;N/A;N/A;N/A;N/A;N/A;N/A;N/A;N/A;N/A;N/A;N/A;N/A;N/A;N/A;N/A;N/A;N/A;N/A;N/A;N/A;N/A;N/A;N/A;N/A;N/A;N/A;N/A;N/A;N/A;Sí;N/A;N/A;N/A;Sí;N/A;N/A;Sí;N/A;Sí
Hyundai;H1;"2.5 Grand Starex Furgon 2.5 Diesel";2020;"110000 km";;"VOITURET AUTOMOVILES";29900;;;;;"Barra de Carrasco";https://auto.mercadolibre.com.uy/MLU-698648040-hyundai-h1-25-grand-starex-12p-25-diesel-_JM;N/A;;"Hyundai H1 2.5 Grand Starex 12p 2.5 Diesel";usd;Sí;gold_premium;false;N/A;N/A;http://perfil.mercadolibre.com.uy/VOITURET+AUTOMOVILES;active;N/A;N/A;Usado;Blanco;N/A;Hidráulica;Trasera;N/A;N/A;Sí;N/A;N/A;N/A;N/A;N/A;N/A;N/A;N/A;N/A;N/A;N/A;N/A;N/A;N/A;N/A;N/A;N/A;N/A;N/A;N/A;N/A;N/A;"3201 mm";"2.5 L";"75 L";6;N/A;N/A;N/A;N/A;N/A;N/A;N/A;N/A;N/A;N/A;N/A;N/A;N/A;N/A;N/A;N/A;N/A;N/A;N/A;N/A;N/A;N/A;N/A;N/A;N/A;N/A;N/A;N/A;N/A;N/A;N/A;Sí;N/A;N/A;N/A;N/A;N/A;N/A;N/A;N/A;N/A;Sí;N/A;N/A;N/A;"1925 mm";"5125 mm";N/A;N/A;N/A;N/A;12;"170 hp";N/A;N/A;4;"1920 mm";"10.9 km/l";N/A;N/A;N/A;N/A;N/A;N/A;N/A;N/A;N/A;Sí;"7.1 km/l";N/A;N/A;N/A;N/A;N/A;"Lunes a Viernes de 9 a 13 y 14 a 18:30, Sábados de 10 a 13";4;2.5;Diésel;Manual;N/A;"Autos y camionetas";N/A;N/A;N/A;N/A;N/A;N/A;UY;N/A;N/A;N/A;N/A;N/A;N/A;N/A;N/A;N/A;N/A;N/A;N/A;N/A;N/A;N/A;N/A;N/A;N/A;N/A;N/A;N/A;N/A;N/A;N/A;N/A;N/A;N/A;N/A;N/A;N/A;N/A;N/A;N/A;N/A;N/A;N/A;N/A;N/A;N/A;N/A;N/A;N/A;N/A;N/A;N/A;N/A;N/A;N/A;N/A;N/A;N/A;N/A;N/A;N/A;N/A;N/A;N/A;N/A;N/A;N/A;N/A;N/A;N/A;N/A;N/A;N/A;N/A;N/A;N/A;N/A;N/A;N/A;N/A;N/A;N/A;N/A;N/A;N/A;N/A;N/A;N/A;N/A;N/A;N/A;N/A;N/A;N/A;N/A;N/A;Sí;N/A;Sí;N/A;Sí;Sí;N/A;N/A;N/A;Sí;N/A;N/A;N/A;Sí;N/A;Sí;Sí;N/A;N/A;N/A;N/A;N/A;N/A;N/A;N/A;N/A
Hyundai;Tucson;"2.0 Gl 6at 2wd";2013;"168000 km";;"CHELO 5442";15900;;;;;"Barra de Carrasco";https://auto.mercadolibre.com.uy/MLU-647376093-hyundai-tucson-20-gl-6at-2wd-_JM;N/A;;"Hyundai Tucson 2.0 Gl 6at 2wd";usd;Sí;gold_premium;false;N/A;N/A;http://perfil.mercadolibre.com.uy/CHELO+5442;active;N/A;N/A;Usado;Azul;N/A;Hidráulica;4x2;Sí;Sí;Sí;N/A;N/A;Sí;N/A;N/A;No;N/A;N/A;Sí;Sí;N/A;No;N/A;N/A;N/A;N/A;N/A;N/A;N/A;N/A;N/A;N/A;"2630 mm";"2 L";"58 L";6;N/A;N/A;N/A;N/A;N/A;Sí;N/A;N/A;N/A;N/A;N/A;N/A;N/A;N/A;N/A;N/A;N/A;N/A;N/A;N/A;N/A;N/A;N/A;N/A;N/A;N/A;N/A;N/A;N/A;N/A;N/A;Sí;N/A;N/A;N/A;N/A;N/A;N/A;N/A;N/A;N/A;Sí;N/A;N/A;N/A;"1655 mm";"4410 mm";N/A;N/A;N/A;N/A;5;"166 hp";Gl;N/A;4;"1830 mm";"10.4 km/l";N/A;N/A;Sí;Sí;N/A;Sí;Sí;N/A;Sí;Sí;"6.4 km/l";N/A;Sí;N/A;N/A;Sí;N/A;5;2.0;Nafta;Automática;SUV;"Autos y camionetas";N/A;N/A;N/A;N/A;N/A;N/A;UY;N/A;Sí;N/A;N/A;N/A;N/A;N/A;N/A;N/A;N/A;N/A;N/A;N/A;N/A;N/A;N/A;N/A;Sí;N/A;N/A;N/A;N/A;N/A;N/A;N/A;N/A;N/A;N/A;N/A;N/A;N/A;N/A;N/A;N/A;N/A;N/A;N/A;N/A;N/A;N/A;N/A;N/A;N/A;N/A;N/A;N/A;N/A;N/A;N/A;N/A;N/A;N/A;N/A;N/A;N/A;N/A;N/A;N/A;N/A;N/A;N/A;N/A;N/A;N/A;N/A;N/A;N/A;N/A;N/A;N/A;N/A;N/A;N/A;N/A;N/A;N/A;N/A;N/A;N/A;N/A;N/A;N/A;N/A;N/A;N/A;N/A;N/A;N/A;N/A;Sí;Sí;Sí;N/A;Sí;N/A;N/A;N/A;N/A;Sí;Sí;Sí;Sí;Sí;N/A;Sí;Sí;N/A;Sí;Sí;Sí;No;No;Sí;N/A;Sí
Hyundai;HB20;"1.0 Premium Mt";2022;"13800 km";;MORAN_AUTOMOVILES;17200;;;;;Malvin;https://auto.mercadolibre.com.uy/MLU-647118137-hyundai-hb20-10-premium-mt-_JM;N/A;;"Hyundai Hb20 1.0 Premium Mt";usd;Sí;gold_premium;false;N/A;N/A;http://perfil.mercadolibre.com.uy/MORAN_AUTOMOVILES;active;N/A;N/A;Usado;Gris;Sí;Hidráulica;Delantera;Sí;Sí;Sí;N/A;N/A;Sí;N/A;N/A;N/A;N/A;N/A;Sí;Sí;N/A;Sí;N/A;N/A;N/A;N/A;N/A;N/A;N/A;N/A;N/A;N/A;"2500 mm";"1 L";"50 L";6;N/A;N/A;N/A;N/A;N/A;Sí;N/A;N/A;N/A;N/A;N/A;N/A;N/A;N/A;N/A;N/A;N/A;N/A;N/A;N/A;N/A;N/A;N/A;N/A;N/A;N/A;N/A;N/A;N/A;N/A;N/A;N/A;N/A;Sí;Sí;N/A;N/A;N/A;N/A;N/A;N/A;N/A;N/A;N/A;N/A;"1470 mm";"3920 mm";N/A;N/A;N/A;N/A;5;"80 hp";N/A;N/A;4;"1680 mm";N/A;N/A;N/A;N/A;Sí;N/A;N/A;Sí;Sí;N/A;N/A;"13.8 km/l";N/A;Sí;N/A;N/A;Sí;N/A;5;1.0;Nafta;Manual;Hatchback;"Autos y camionetas";N/A;N/A;N/A;N/A;N/A;N/A;UY;N/A;Sí;N/A;N/A;N/A;N/A;N/A;N/A;N/A;N/A;N/A;N/A;N/A;N/A;N/A;N/A;N/A;Sí;N/A;N/A;N/A;N/A;N/A;N/A;N/A;N/A;N/A;N/A;N/A;N/A;N/A;N/A;N/A;N/A;N/A;N/A;N/A;N/A;N/A;N/A;N/A;N/A;N/A;N/A;N/A;N/A;N/A;N/A;N/A;N/A;N/A;N/A;N/A;N/A;N/A;N/A;N/A;N/A;N/A;N/A;N/A;N/A;N/A;N/A;N/A;N/A;N/A;N/A;N/A;N/A;N/A;N/A;N/A;N/A;N/A;N/A;N/A;N/A;N/A;N/A;N/A;N/A;N/A;N/A;N/A;N/A;N/A;N/A;N/A;Sí;Sí;Sí;N/A;Sí;N/A;N/A;N/A;N/A;Sí;Sí;Sí;Sí;N/A;N/A;Sí;Sí;Sí;Sí;Sí;Sí;Sí;Sí;Sí;N/A;Sí
Hyundai;HB20;"1.6 Comfort 5p";2020;"91000 km";;OVOV5414539;14900;;;;;"La Comercial";https://auto.mercadolibre.com.uy/MLU-702953116-hyundai-hb-20-_JM;N/A;;"Hyundai Hb 20 ";usd;Sí;gold_premium;false;N/A;N/A;http://perfil.mercadolibre.com.uy/OVOV5414539;active;N/A;N/A;Usado;Azul;N/A;Hidráulica;Delantera;Sí;N/A;Sí;N/A;N/A;N/A;N/A;N/A;N/A;N/A;N/A;N/A;N/A;N/A;N/A;N/A;N/A;N/A;N/A;N/A;N/A;N/A;N/A;N/A;N/A;"2500 mm";"1.6 L";"50 L";6;N/A;N/A;N/A;N/A;N/A;N/A;N/A;N/A;N/A;N/A;N/A;N/A;N/A;N/A;N/A;N/A;N/A;N/A;N/A;N/A;N/A;N/A;N/A;N/A;N/A;N/A;N/A;N/A;N/A;N/A;N/A;N/A;N/A;Sí;Sí;N/A;N/A;N/A;N/A;N/A;N/A;N/A;N/A;N/A;N/A;"1470 mm";"3920 mm";N/A;N/A;N/A;N/A;5;"123 hp";Comfort;N/A;4;"1680 mm";N/A;N/A;N/A;N/A;Sí;N/A;N/A;Sí;Sí;N/A;N/A;"13.8 km/l";N/A;N/A;N/A;N/A;N/A;N/A;5;1.6;Nafta;Manual;Hatchback;"Autos y camionetas";N/A;N/A;N/A;N/A;N/A;N/A;UY;N/A;N/A;N/A;N/A;N/A;N/A;N/A;N/A;N/A;N/A;N/A;N/A;N/A;N/A;N/A;N/A;N/A;N/A;N/A;N/A;N/A;N/A;N/A;N/A;N/A;N/A;N/A;N/A;N/A;N/A;N/A;N/A;N/A;N/A;N/A;N/A;N/A;N/A;N/A;N/A;N/A;N/A;N/A;N/A;N/A;N/A;N/A;N/A;N/A;N/A;N/A;N/A;N/A;N/A;N/A;N/A;N/A;N/A;N/A;N/A;N/A;N/A;N/A;N/A;N/A;N/A;N/A;N/A;N/A;N/A;N/A;N/A;N/A;N/A;N/A;N/A;N/A;N/A;N/A;N/A;N/A;N/A;N/A;N/A;N/A;N/A;N/A;N/A;N/A;N/A;N/A;N/A;N/A;N/A;N/A;N/A;N/A;N/A;N/A;N/A;N/A;N/A;N/A;N/A;N/A;Sí;N/A;N/A;N/A;Sí;N/A;N/A;Sí;N/A;Sí
Hyundai;Excel;"1.5 Gls 4dr";1995;"180000 km";;RE20241019155423;3700;;;;;N/A;https://auto.mercadolibre.com.uy/MLU-702790292-hyundai-excel-15-gls-4dr-_JM;N/A;;"Hyundai Excel 1.5 Gls 4dr";usd;No;gold_premium;false;N/A;N/A;http://perfil.mercadolibre.com.uy/RE20241019155423;active;N/A;N/A;Usado;Gris;N/A;Hidráulica;Delantera;N/A;N/A;N/A;N/A;N/A;N/A;N/A;N/A;N/A;N/A;N/A;N/A;N/A;N/A;N/A;N/A;N/A;N/A;N/A;N/A;N/A;N/A;N/A;N/A;N/A;"2383 mm";"1.5 L";"45 L";5;N/A;N/A;N/A;N/A;N/A;N/A;N/A;N/A;N/A;N/A;N/A;N/A;N/A;N/A;N/A;N/A;N/A;N/A;N/A;N/A;N/A;N/A;N/A;N/A;N/A;N/A;N/A;N/A;N/A;N/A;N/A;N/A;N/A;N/A;N/A;N/A;N/A;N/A;N/A;N/A;N/A;N/A;N/A;N/A;N/A;"1380 mm";"4280 mm";N/A;N/A;N/A;N/A;5;"77 hp";Gls;N/A;2;"1610 mm";"11 km/l";N/A;N/A;N/A;N/A;N/A;N/A;N/A;N/A;N/A;N/A;"7.6 km/l";N/A;N/A;N/A;N/A;N/A;Todo;4;1.5;Nafta;Manual;Sedán;"Autos y camionetas";N/A;N/A;N/A;N/A;N/A;N/A;UY;N/A;N/A;N/A;N/A;N/A;N/A;N/A;N/A;N/A;N/A;N/A;N/A;N/A;N/A;N/A;N/A;N/A;N/A;N/A;N/A;N/A;N/A;N/A;N/A;N/A;N/A;N/A;N/A;N/A;N/A;N/A;N/A;N/A;N/A;N/A;N/A;N/A;N/A;N/A;N/A;N/A;N/A;N/A;N/A;N/A;N/A;N/A;N/A;N/A;N/A;N/A;N/A;N/A;N/A;N/A;N/A;N/A;N/A;N/A;N/A;N/A;N/A;N/A;N/A;N/A;N/A;N/A;N/A;N/A;N/A;N/A;N/A;N/A;N/A;N/A;N/A;N/A;N/A;N/A;N/A;N/A;N/A;N/A;N/A;N/A;N/A;N/A;N/A;N/A;Sí;N/A;N/A;N/A;N/A;N/A;N/A;N/A;N/A;N/A;N/A;N/A;N/A;N/A;N/A;N/A;N/A;N/A;N/A;N/A;N/A;N/A;N/A;N/A;N/A;N/A
Hyundai;HB20;"1.6 Comfort Plus 5p";2017;"118000 km";;OVOV5414539;13200;;;;;"La Comercial";https://auto.mercadolibre.com.uy/MLU-701615936-hyundai-hb-20-_JM;N/A;;"Hyundai Hb 20 ";usd;Sí;gold_premium;false;N/A;N/A;http://perfil.mercadolibre.com.uy/OVOV5414539;active;N/A;N/A;Usado;Gris;N/A;Hidráulica;Delantera;Sí;N/A;Sí;N/A;N/A;N/A;N/A;N/A;N/A;N/A;N/A;N/A;N/A;N/A;N/A;N/A;N/A;N/A;N/A;N/A;N/A;N/A;N/A;N/A;N/A;"2500 mm";"1.6 L";"50 L";6;N/A;N/A;N/A;N/A;N/A;N/A;N/A;N/A;N/A;N/A;N/A;N/A;N/A;N/A;N/A;N/A;N/A;N/A;N/A;N/A;N/A;N/A;N/A;N/A;N/A;N/A;N/A;N/A;N/A;N/A;N/A;N/A;N/A;Sí;Sí;N/A;N/A;N/A;N/A;N/A;N/A;N/A;N/A;N/A;N/A;"1470 mm";"3920 mm";N/A;N/A;N/A;N/A;5;"122 hp";"Comfort Plus";N/A;4;"1680 mm";N/A;N/A;N/A;N/A;Sí;N/A;N/A;Sí;Sí;N/A;N/A;"13.8 km/l";N/A;N/A;N/A;N/A;N/A;N/A;5;1.6;Nafta;Manual;Hatchback;"Autos y camionetas";N/A;N/A;N/A;N/A;N/A;N/A;UY;N/A;N/A;N/A;N/A;N/A;N/A;N/A;N/A;N/A;N/A;N/A;N/A;N/A;N/A;N/A;N/A;N/A;N/A;N/A;N/A;N/A;N/A;N/A;N/A;N/A;N/A;N/A;N/A;N/A;N/A;N/A;N/A;N/A;N/A;N/A;N/A;N/A;N/A;N/A;N/A;N/A;N/A;N/A;N/A;N/A;N/A;N/A;N/A;N/A;N/A;N/A;N/A;N/A;N/A;N/A;N/A;N/A;N/A;N/A;N/A;N/A;N/A;N/A;N/A;N/A;N/A;N/A;N/A;N/A;N/A;N/A;N/A;N/A;N/A;N/A;N/A;N/A;N/A;N/A;N/A;N/A;N/A;N/A;N/A;N/A;N/A;N/A;N/A;N/A;N/A;N/A;N/A;N/A;N/A;N/A;N/A;N/A;N/A;N/A;N/A;N/A;N/A;N/A;N/A;N/A;Sí;N/A;N/A;N/A;Sí;N/A;N/A;Sí;N/A;Sí
Hyundai;HB20S;"Premium 1.6";2023;"37000 km";;JPAUTOMVILES;19900;;;;;Paysandú;https://auto.mercadolibre.com.uy/MLU-699187374-hyundai-hb20s-premium-16-_JM;N/A;;"Hyundai Hb20s Premium 1.6";usd;Sí;gold_premium;false;N/A;N/A;http://perfil.mercadolibre.com.uy/JPAUTOMVILES;active;N/A;N/A;Usado;N/A;N/A;Hidráulica;Delantera;Sí;N/A;Sí;N/A;N/A;N/A;N/A;N/A;N/A;N/A;N/A;N/A;N/A;N/A;N/A;N/A;N/A;N/A;N/A;N/A;N/A;N/A;N/A;N/A;N/A;"2500 mm";"1.6 L";"50 L";6;N/A;N/A;N/A;N/A;N/A;N/A;N/A;N/A;N/A;N/A;N/A;N/A;N/A;N/A;N/A;N/A;N/A;N/A;N/A;N/A;N/A;N/A;N/A;N/A;N/A;N/A;N/A;N/A;N/A;N/A;N/A;N/A;N/A;Sí;Sí;N/A;N/A;N/A;N/A;N/A;N/A;N/A;N/A;N/A;N/A;"1470 mm";"4230 mm";N/A;N/A;N/A;N/A;5;"123 hp";Premium;N/A;4;"1680 mm";N/A;N/A;N/A;N/A;Sí;N/A;N/A;Sí;Sí;N/A;N/A;"14 km/l";N/A;N/A;N/A;N/A;N/A;N/A;4;1.6;Nafta;Manual;Sedán;"Autos y camionetas";N/A;N/A;N/A;N/A;N/A;N/A;UY;N/A;N/A;N/A;N/A;N/A;N/A;N/A;N/A;N/A;N/A;N/A;N/A;N/A;N/A;N/A;N/A;N/A;N/A;N/A;N/A;N/A;N/A;N/A;N/A;N/A;N/A;N/A;N/A;N/A;N/A;N/A;N/A;N/A;N/A;N/A;N/A;N/A;N/A;N/A;N/A;N/A;N/A;N/A;N/A;N/A;N/A;N/A;N/A;N/A;N/A;N/A;N/A;N/A;N/A;N/A;N/A;N/A;N/A;N/A;N/A;N/A;N/A;N/A;N/A;N/A;N/A;N/A;N/A;N/A;N/A;N/A;N/A;N/A;N/A;N/A;N/A;N/A;N/A;N/A;N/A;N/A;N/A;N/A;N/A;N/A;N/A;N/A;N/A;N/A;N/A;N/A;N/A;N/A;N/A;N/A;N/A;N/A;N/A;N/A;N/A;N/A;N/A;N/A;N/A;N/A;Sí;N/A;N/A;N/A;Sí;N/A;N/A;Sí;N/A;Sí
Hyundai;HB20;"1.0 Premium Mt";2024;"40000 km";;"MARIÑO SPORT";17700;;;;;Pocitos;https://auto.mercadolibre.com.uy/MLU-698684166-hyundai-hb20-2024-10-premium-mt-_JM;N/A;;"Hyundai Hb20 2024 1.0 Premium Mt";usd;Sí;gold_premium;false;N/A;N/A;http://perfil.mercadolibre.com.uy/MARI%C3%91O+SPORT;active;N/A;N/A;Usado;N/A;N/A;Hidráulica;Delantera;Sí;N/A;Sí;N/A;N/A;N/A;N/A;N/A;N/A;N/A;N/A;N/A;N/A;N/A;N/A;N/A;N/A;N/A;N/A;N/A;N/A;N/A;N/A;N/A;N/A;"2500 mm";"1 L";"50 L";6;N/A;N/A;N/A;N/A;N/A;N/A;N/A;N/A;N/A;N/A;N/A;N/A;N/A;N/A;N/A;N/A;N/A;N/A;N/A;N/A;N/A;N/A;N/A;N/A;N/A;N/A;N/A;N/A;N/A;N/A;N/A;N/A;N/A;Sí;Sí;N/A;N/A;N/A;N/A;N/A;N/A;N/A;N/A;N/A;N/A;"1470 mm";"3920 mm";N/A;N/A;N/A;N/A;5;"80 hp";N/A;N/A;4;"1680 mm";N/A;N/A;N/A;N/A;Sí;N/A;N/A;Sí;Sí;N/A;N/A;"13.8 km/l";N/A;N/A;N/A;N/A;N/A;N/A;5;1.0;Nafta;Manual;Hatchback;"Autos y camionetas";N/A;N/A;N/A;N/A;N/A;N/A;UY;N/A;N/A;N/A;N/A;N/A;N/A;N/A;N/A;N/A;N/A;N/A;N/A;N/A;N/A;N/A;N/A;N/A;N/A;N/A;N/A;N/A;N/A;N/A;N/A;N/A;N/A;N/A;N/A;N/A;N/A;N/A;N/A;N/A;N/A;N/A;N/A;N/A;N/A;N/A;N/A;N/A;N/A;N/A;N/A;N/A;N/A;N/A;N/A;N/A;N/A;N/A;N/A;N/A;N/A;N/A;N/A;N/A;N/A;N/A;N/A;N/A;N/A;N/A;N/A;N/A;N/A;N/A;N/A;N/A;N/A;N/A;N/A;N/A;N/A;N/A;N/A;N/A;N/A;N/A;N/A;N/A;N/A;N/A;N/A;N/A;N/A;N/A;N/A;N/A;N/A;N/A;N/A;N/A;N/A;N/A;N/A;N/A;N/A;N/A;N/A;N/A;N/A;N/A;N/A;N/A;Sí;N/A;N/A;N/A;Sí;N/A;N/A;Sí;N/A;Sí
Hyundai;Tucson;"2.0 Gl 5mt 2wd";2012;"146700 km";;"MARIÑO SPORT";14300;;;;;Pocitos;https://auto.mercadolibre.com.uy/MLU-645797375-hyundai-tucson-2012-20-gl-5mt-2wd-_JM;N/A;;"Hyundai Tucson 2012 2.0 Gl 5mt 2wd";usd;Sí;gold_premium;false;N/A;N/A;http://perfil.mercadolibre.com.uy/MARI%C3%91O+SPORT;active;N/A;N/A;Usado;N/A;N/A;Hidráulica;4x2;Sí;N/A;Sí;N/A;N/A;N/A;N/A;N/A;N/A;N/A;N/A;N/A;N/A;N/A;N/A;N/A;N/A;N/A;N/A;N/A;N/A;N/A;N/A;N/A;N/A;"2630 mm";"2 L";"58 L";5;N/A;N/A;N/A;N/A;N/A;N/A;N/A;N/A;N/A;N/A;N/A;N/A;N/A;N/A;N/A;N/A;N/A;N/A;N/A;N/A;N/A;N/A;N/A;N/A;N/A;N/A;N/A;N/A;N/A;N/A;N/A;Sí;N/A;N/A;N/A;N/A;N/A;N/A;N/A;N/A;N/A;Sí;N/A;N/A;N/A;"1655 mm";"4410 mm";N/A;N/A;N/A;N/A;5;"166 hp";Gl;N/A;4;"1830 mm";"9.8 km/l";N/A;N/A;N/A;N/A;N/A;N/A;N/A;N/A;N/A;Sí;"6.1 km/l";N/A;N/A;N/A;N/A;N/A;N/A;5;2.0;Nafta;Manual;SUV;"Autos y camionetas";N/A;N/A;N/A;N/A;N/A;N/A;UY;N/A;N/A;N/A;N/A;N/A;N/A;N/A;N/A;N/A;N/A;N/A;N/A;N/A;N/A;N/A;N/A;N/A;N/A;N/A;N/A;N/A;N/A;N/A;N/A;N/A;N/A;N/A;N/A;N/A;N/A;N/A;N/A;N/A;N/A;N/A;N/A;N/A;N/A;N/A;N/A;N/A;N/A;N/A;N/A;N/A;N/A;N/A;N/A;N/A;N/A;N/A;N/A;N/A;N/A;N/A;N/A;N/A;N/A;N/A;N/A;N/A;N/A;N/A;N/A;N/A;N/A;N/A;N/A;N/A;N/A;N/A;N/A;N/A;N/A;N/A;N/A;N/A;N/A;N/A;N/A;N/A;N/A;N/A;N/A;N/A;N/A;N/A;N/A;N/A;Sí;N/A;Sí;N/A;N/A;N/A;N/A;N/A;N/A;N/A;N/A;N/A;N/A;Sí;N/A;N/A;N/A;N/A;N/A;N/A;N/A;N/A;N/A;N/A;N/A;N/A
Hyundai;Tucson;"2.0 Gl 6at 2wd";2011;"139000 km";;FFPAT;15620;;;;;Pocitos;https://auto.mercadolibre.com.uy/MLU-703018408-hyundai-tucson-automatica-extra-full-_JM;N/A;;"Hyundai Tucson Automática Extra Full";usd;Sí;gold_premium;false;N/A;N/A;http://perfil.mercadolibre.com.uy/FFPAT;active;N/A;N/A;Usado;Negro;N/A;Hidráulica;4x2;Sí;N/A;Sí;N/A;N/A;N/A;N/A;N/A;N/A;N/A;N/A;N/A;N/A;N/A;N/A;N/A;N/A;N/A;N/A;N/A;N/A;N/A;N/A;N/A;N/A;"2630 mm";"2 L";"58 L";6;N/A;N/A;N/A;N/A;N/A;N/A;N/A;N/A;N/A;N/A;N/A;N/A;N/A;N/A;N/A;N/A;N/A;N/A;N/A;N/A;N/A;N/A;N/A;N/A;N/A;N/A;N/A;N/A;N/A;N/A;N/A;Sí;N/A;N/A;N/A;N/A;N/A;N/A;N/A;N/A;N/A;Sí;N/A;N/A;N/A;"1655 mm";"4410 mm";N/A;N/A;N/A;N/A;5;"166 hp";Gl;N/A;4;"1830 mm";"10.4 km/l";N/A;N/A;N/A;N/A;N/A;N/A;N/A;N/A;N/A;Sí;"6.4 km/l";N/A;N/A;N/A;N/A;N/A;"08 A 22";5;2.0;Nafta;Automática;SUV;"Autos y camionetas";N/A;N/A;N/A;N/A;N/A;N/A;UY;N/A;N/A;N/A;N/A;N/A;N/A;N/A;N/A;N/A;N/A;N/A;N/A;N/A;N/A;N/A;N/A;N/A;N/A;N/A;N/A;N/A;N/A;N/A;N/A;N/A;N/A;N/A;N/A;N/A;N/A;N/A;N/A;N/A;N/A;N/A;N/A;N/A;N/A;N/A;N/A;N/A;N/A;N/A;N/A;N/A;N/A;N/A;N/A;N/A;N/A;N/A;N/A;N/A;N/A;N/A;N/A;N/A;N/A;N/A;N/A;N/A;N/A;N/A;N/A;N/A;N/A;N/A;N/A;N/A;N/A;N/A;N/A;N/A;N/A;N/A;N/A;N/A;N/A;N/A;N/A;N/A;N/A;N/A;N/A;N/A;N/A;N/A;N/A;N/A;Sí;N/A;Sí;N/A;N/A;N/A;N/A;N/A;N/A;N/A;N/A;N/A;N/A;Sí;N/A;N/A;N/A;N/A;N/A;N/A;N/A;N/A;N/A;N/A;N/A;N/A
Hyundai;Accent;"GLS mt hatch";2014;"140000 km";;M32023;11900;;;;;"Brazo Oriental";https://auto.mercadolibre.com.uy/MLU-647237533-hyundai-accent-gls-mt-hatch-_JM;N/A;;"Hyundai Accent Gls Mt Hatch";USD;Sí;gold_premium;false;N/A;N/A;http://perfil.mercadolibre.com.uy/M32023;active;N/A;N/A;Usado;N/A;N/A;N/A;N/A;N/A;N/A;N/A;N/A;N/A;N/A;N/A;N/A;N/A;N/A;N/A;N/A;N/A;N/A;N/A;N/A;N/A;N/A;N/A;N/A;N/A;N/A;N/A;N/A;N/A;N/A;N/A;N/A;N/A;N/A;N/A;N/A;N/A;N/A;N/A;N/A;N/A;N/A;N/A;N/A;N/A;N/A;N/A;N/A;N/A;N/A;N/A;N/A;N/A;N/A;N/A;N/A;N/A;N/A;N/A;N/A;N/A;N/A;N/A;N/A;N/A;N/A;N/A;N/A;N/A;N/A;N/A;N/A;N/A;N/A;N/A;N/A;N/A;N/A;N/A;N/A;N/A;N/A;N/A;N/A;N/A;N/A;N/A;N/A;N/A;N/A;N/A;N/A;N/A;N/A;N/A;N/A;N/A;N/A;N/A;N/A;N/A;N/A;N/A;N/A;N/A;N/A;N/A;N/A;5;N/A;Nafta;N/A;N/A;"Autos y camionetas";N/A;N/A;N/A;N/A;N/A;N/A;N/A;N/A;N/A;N/A;N/A;N/A;N/A;N/A;N/A;N/A;N/A;N/A;N/A;N/A;N/A;N/A;N/A;N/A;N/A;N/A;N/A;N/A;N/A;N/A;N/A;N/A;N/A;N/A;N/A;N/A;N/A;N/A;N/A;N/A;N/A;N/A;N/A;N/A;N/A;N/A;N/A;N/A;N/A;N/A;N/A;N/A;N/A;N/A;N/A;N/A;N/A;N/A;N/A;N/A;N/A;N/A;N/A;N/A;N/A;N/A;N/A;N/A;N/A;N/A;N/A;N/A;N/A;N/A;N/A;N/A;N/A;N/A;N/A;N/A;N/A;N/A;N/A;N/A;N/A;N/A;N/A;N/A;N/A;N/A;N/A;N/A;N/A;N/A;N/A;N/A;N/A;N/A;N/A;N/A;N/A;N/A;N/A;N/A;N/A;N/A;N/A;N/A;N/A;N/A;N/A;N/A;N/A;N/A;N/A;N/A;N/A;N/A;N/A;N/A;N/A;N/A
Hyundai;H1;"2.4 GSTAREX FURGÓN";2015;"330000 km";;AUTOMUNDO2020;11990;;;;;Malvin;https://auto.mercadolibre.com.uy/MLU-702333654-hyundai-h1-24-gstarex-furgon-_JM;N/A;;"Hyundai H1 2.4 Gstarex Furgón";USD;Sí;gold_premium;false;N/A;N/A;http://perfil.mercadolibre.com.uy/AUTOMUNDO2020;active;N/A;N/A;Usado;Blanco;N/A;Hidráulica;Delantera;N/A;N/A;N/A;N/A;N/A;N/A;N/A;N/A;N/A;N/A;N/A;N/A;N/A;N/A;N/A;N/A;N/A;N/A;N/A;N/A;N/A;N/A;N/A;N/A;N/A;N/A;N/A;N/A;N/A;N/A;N/A;N/A;N/A;N/A;N/A;N/A;N/A;N/A;N/A;N/A;N/A;N/A;N/A;N/A;N/A;N/A;N/A;N/A;N/A;N/A;N/A;N/A;N/A;N/A;N/A;N/A;N/A;N/A;N/A;N/A;N/A;N/A;N/A;N/A;N/A;N/A;N/A;N/A;N/A;N/A;N/A;N/A;N/A;N/A;N/A;N/A;N/A;N/A;N/A;N/A;N/A;N/A;N/A;N/A;N/A;N/A;N/A;N/A;N/A;N/A;N/A;N/A;N/A;N/A;N/A;N/A;N/A;N/A;N/A;N/A;N/A;N/A;N/A;N/A;3;2.4;Nafta;Manual;Minivan;"Autos y camionetas";N/A;N/A;N/A;N/A;N/A;N/A;N/A;N/A;N/A;N/A;N/A;N/A;N/A;N/A;N/A;N/A;N/A;N/A;N/A;N/A;N/A;N/A;N/A;N/A;N/A;N/A;N/A;N/A;N/A;N/A;N/A;N/A;N/A;N/A;N/A;N/A;N/A;N/A;N/A;N/A;N/A;N/A;N/A;N/A;N/A;N/A;N/A;N/A;N/A;N/A;N/A;N/A;N/A;N/A;N/A;N/A;N/A;N/A;N/A;N/A;N/A;N/A;N/A;N/A;N/A;N/A;N/A;N/A;N/A;N/A;N/A;N/A;N/A;N/A;N/A;N/A;N/A;N/A;N/A;N/A;N/A;N/A;N/A;N/A;N/A;N/A;N/A;N/A;N/A;N/A;N/A;N/A;N/A;N/A;N/A;N/A;N/A;N/A;N/A;N/A;N/A;N/A;N/A;N/A;N/A;N/A;N/A;N/A;N/A;N/A;N/A;N/A;N/A;N/A;N/A;N/A;N/A;N/A;N/A;N/A;N/A;N/A
Hyundai;HB20;"1.0 Comfort Mt";2023;"65000 km";;RCA1;13200;;;;;Solymar;https://auto.mercadolibre.com.uy/MLU-702092536-hyundai-hb20-2023-10-comfort-mt-_JM;N/A;;"Hyundai Hb20 2023 1.0 Comfort Mt";usd;Sí;gold_premium;false;N/A;N/A;http://perfil.mercadolibre.com.uy/RCA1;active;N/A;N/A;Usado;N/A;N/A;Hidráulica;Delantera;Sí;N/A;Sí;N/A;N/A;N/A;N/A;N/A;N/A;N/A;N/A;N/A;N/A;N/A;N/A;N/A;N/A;N/A;N/A;N/A;N/A;N/A;N/A;N/A;N/A;"2500 mm";"1 L";"50 L";6;N/A;N/A;N/A;N/A;N/A;N/A;N/A;N/A;N/A;N/A;N/A;N/A;N/A;N/A;N/A;N/A;N/A;N/A;N/A;N/A;N/A;N/A;N/A;N/A;N/A;N/A;N/A;N/A;N/A;N/A;N/A;N/A;N/A;Sí;Sí;N/A;N/A;N/A;N/A;N/A;N/A;N/A;N/A;N/A;N/A;"1470 mm";"3920 mm";N/A;N/A;N/A;N/A;5;"101 hp";N/A;N/A;4;"1680 mm";N/A;N/A;N/A;N/A;Sí;N/A;N/A;Sí;Sí;N/A;N/A;"13.8 km/l";N/A;N/A;N/A;N/A;N/A;N/A;5;1.0;Nafta;Manual;Hatchback;"Autos y camionetas";N/A;N/A;N/A;N/A;N/A;N/A;UY;N/A;N/A;N/A;N/A;N/A;N/A;N/A;N/A;N/A;N/A;N/A;N/A;N/A;N/A;N/A;N/A;N/A;N/A;N/A;N/A;N/A;N/A;N/A;N/A;N/A;N/A;N/A;N/A;N/A;N/A;N/A;N/A;N/A;N/A;N/A;N/A;N/A;N/A;N/A;N/A;N/A;N/A;N/A;N/A;N/A;N/A;N/A;N/A;N/A;N/A;N/A;N/A;N/A;N/A;N/A;N/A;N/A;N/A;N/A;N/A;N/A;N/A;N/A;N/A;N/A;N/A;N/A;N/A;N/A;N/A;N/A;N/A;N/A;N/A;N/A;N/A;N/A;N/A;N/A;N/A;N/A;N/A;N/A;N/A;N/A;N/A;N/A;N/A;N/A;N/A;N/A;N/A;N/A;N/A;N/A;N/A;N/A;N/A;N/A;N/A;N/A;N/A;N/A;N/A;N/A;Sí;N/A;N/A;N/A;Sí;N/A;N/A;Sí;N/A;Sí
Hyundai;i10;"1.1 Gls Mt";2012;"125000 km";;LEONARDO.32;8500;;;;;Carrasco;https://auto.mercadolibre.com.uy/MLU-647126663-hyundai-i10-11-gls-mt-_JM;N/A;;"Hyundai I10 1.1 Gls Mt";usd;Sí;gold_premium;false;N/A;N/A;http://perfil.mercadolibre.com.uy/LEONARDO.32;active;N/A;N/A;Usado;Gris;N/A;Asistida;Delantera;Sí;Sí;N/A;N/A;N/A;N/A;N/A;N/A;N/A;N/A;N/A;N/A;Sí;N/A;N/A;N/A;N/A;N/A;N/A;N/A;N/A;N/A;N/A;N/A;N/A;"2380 mm";"1.1 L";"35 L";5;N/A;N/A;N/A;N/A;N/A;N/A;N/A;N/A;N/A;N/A;N/A;N/A;N/A;N/A;N/A;N/A;N/A;N/A;N/A;N/A;N/A;N/A;N/A;N/A;N/A;N/A;N/A;N/A;N/A;N/A;N/A;N/A;N/A;N/A;N/A;N/A;N/A;N/A;N/A;N/A;N/A;N/A;N/A;N/A;N/A;"1550 mm";"3585 mm";N/A;N/A;N/A;N/A;5;"69 hp";Gls;N/A;4;"1595 mm";N/A;N/A;N/A;N/A;N/A;N/A;Sí;N/A;N/A;N/A;N/A;N/A;N/A;N/A;N/A;N/A;N/A;N/A;5;1.1;Nafta;Manual;Hatchback;"Autos y camionetas";N/A;N/A;N/A;N/A;N/A;N/A;UY;N/A;N/A;N/A;N/A;N/A;N/A;N/A;N/A;N/A;N/A;N/A;N/A;N/A;N/A;N/A;N/A;N/A;N/A;N/A;N/A;N/A;N/A;N/A;N/A;N/A;N/A;N/A;N/A;N/A;N/A;N/A;N/A;N/A;N/A;N/A;N/A;N/A;N/A;N/A;N/A;N/A;N/A;N/A;N/A;N/A;N/A;N/A;N/A;N/A;N/A;N/A;N/A;N/A;N/A;N/A;N/A;N/A;N/A;N/A;N/A;N/A;N/A;N/A;N/A;N/A;N/A;N/A;N/A;N/A;N/A;N/A;N/A;N/A;N/A;N/A;N/A;N/A;N/A;N/A;N/A;N/A;N/A;N/A;N/A;N/A;N/A;N/A;N/A;N/A;N/A;Sí;N/A;N/A;N/A;N/A;N/A;N/A;N/A;N/A;N/A;Sí;Sí;N/A;N/A;N/A;N/A;Sí;Sí;No;N/A;N/A;N/A;Sí;N/A;Sí
Hyundai;"Grand i10";"Gls 1.2 Sedan";2015;"118000 km";;"BIELCAR AUTOMOVILES";11990;;;;;"Tres Cruces";https://auto.mercadolibre.com.uy/MLU-701173908-hyundai-grand-i10-gls-12-sedan-excelente-estado-_JM;N/A;;"Hyundai Grand I10 Gls 1.2 Sedan Excelente Estado";usd;Sí;gold_premium;false;N/A;N/A;http://perfil.mercadolibre.com.uy/BIELCAR+AUTOMOVILES;active;N/A;N/A;Usado;"Gris oscuro";N/A;Hidráulica;N/A;Sí;Sí;Sí;N/A;N/A;N/A;N/A;N/A;N/A;N/A;N/A;N/A;Sí;N/A;N/A;N/A;N/A;N/A;N/A;N/A;N/A;N/A;N/A;N/A;N/A;N/A;"1200 cc";N/A;5;N/A;N/A;N/A;N/A;N/A;N/A;N/A;N/A;N/A;N/A;N/A;N/A;N/A;N/A;N/A;N/A;N/A;N/A;N/A;N/A;N/A;N/A;N/A;Sí;N/A;N/A;N/A;N/A;N/A;N/A;N/A;N/A;N/A;N/A;N/A;N/A;Sí;N/A;N/A;N/A;N/A;N/A;N/A;N/A;N/A;N/A;N/A;N/A;N/A;N/A;N/A;N/A;N/A;Gls;N/A;N/A;N/A;N/A;N/A;N/A;N/A;N/A;N/A;Sí;Sí;Sí;N/A;N/A;N/A;N/A;N/A;N/A;N/A;N/A;"Lunes a Viernes de 9:30 a 19 horas";5;1.2;Nafta;Manual;Sedán;"Autos y camionetas";No;N/A;N/A;N/A;No;N/A;UY;No;Sí;No;No;N/A;N/A;N/A;N/A;N/A;N/A;N/A;N/A;N/A;N/A;N/A;N/A;N/A;N/A;N/A;N/A;N/A;N/A;N/A;N/A;N/A;N/A;N/A;N/A;N/A;N/A;N/A;N/A;N/A;N/A;N/A;N/A;N/A;N/A;N/A;N/A;N/A;N/A;N/A;N/A;N/A;N/A;N/A;N/A;N/A;N/A;N/A;N/A;N/A;N/A;N/A;No;N/A;N/A;N/A;N/A;N/A;N/A;N/A;N/A;N/A;N/A;N/A;N/A;N/A;N/A;N/A;N/A;N/A;N/A;N/A;N/A;N/A;N/A;N/A;N/A;N/A;N/A;N/A;N/A;N/A;N/A;N/A;N/A;N/A;Sí;Sí;N/A;N/A;Sí;N/A;N/A;N/A;Sí;Sí;N/A;N/A;N/A;N/A;N/A;N/A;N/A;N/A;Sí;N/A;Sí;N/A;N/A;N/A;N/A;N/A
Hyundai;Creta;"1.6 Gl";2017;"115000 km";;AR20240805101313;17900;;;;;N/A;https://auto.mercadolibre.com.uy/MLU-703236554-oportunidad-hyundai-creta-igual-a-nueva-permuto-financio-_JM;N/A;;"Oportunidad! Hyundai Creta Igual A Nueva! Permuto-financio!";usd;Sí;gold_premium;false;N/A;N/A;http://perfil.mercadolibre.com.uy/AR20240805101313;active;N/A;N/A;Usado;Gris;N/A;Eléctrica;4x2;Sí;Sí;Sí;N/A;N/A;N/A;N/A;N/A;N/A;N/A;N/A;N/A;Sí;N/A;N/A;N/A;N/A;N/A;N/A;N/A;N/A;N/A;N/A;N/A;N/A;"2590 mm";"1.6 L";"58 L";5;N/A;N/A;N/A;N/A;Sí;N/A;N/A;N/A;N/A;N/A;N/A;N/A;N/A;N/A;N/A;N/A;N/A;N/A;N/A;N/A;N/A;N/A;N/A;N/A;N/A;N/A;N/A;N/A;N/A;Sí;N/A;Sí;Sí;Sí;Sí;N/A;N/A;N/A;N/A;N/A;N/A;N/A;N/A;N/A;N/A;"1635 mm";"4440 mm";N/A;N/A;N/A;N/A;5;"163 hp";Gl;N/A;4;"1898 mm";N/A;N/A;N/A;Sí;Sí;N/A;Sí;Sí;N/A;N/A;N/A;N/A;Sí;Sí;N/A;N/A;Sí;24/7;5;1.6;Nafta;Manual;SUV;"Autos y camionetas";N/A;N/A;N/A;N/A;N/A;N/A;UY;N/A;N/A;N/A;N/A;N/A;N/A;N/A;N/A;N/A;N/A;N/A;N/A;N/A;N/A;N/A;N/A;N/A;N/A;N/A;N/A;N/A;N/A;N/A;N/A;N/A;N/A;N/A;N/A;N/A;N/A;N/A;N/A;N/A;N/A;N/A;N/A;N/A;N/A;N/A;N/A;N/A;N/A;N/A;N/A;N/A;N/A;N/A;N/A;N/A;N/A;N/A;N/A;N/A;N/A;N/A;N/A;N/A;N/A;N/A;N/A;N/A;N/A;N/A;N/A;N/A;N/A;N/A;N/A;N/A;N/A;N/A;N/A;N/A;N/A;N/A;N/A;N/A;N/A;N/A;N/A;N/A;N/A;N/A;N/A;N/A;N/A;N/A;N/A;N/A;Sí;Sí;Sí;N/A;Sí;N/A;N/A;Sí;N/A;Sí;N/A;Sí;Sí;N/A;N/A;Sí;Sí;Sí;N/A;N/A;N/A;N/A;N/A;Sí;N/A;N/A
Hyundai;Tucson;"2.0 Gl 6at 2wd";2012;"159000 km";;JPAUTOMVILES;17900;;;;;Paysandú;https://auto.mercadolibre.com.uy/MLU-691524442-hyundai-tucson-2012-20-gl-6at-2wd-_JM;N/A;;"Hyundai Tucson 2012 2.0 Gl 6at 2wd";usd;Sí;gold_premium;false;N/A;N/A;http://perfil.mercadolibre.com.uy/JPAUTOMVILES;active;N/A;N/A;Usado;N/A;N/A;Hidráulica;4x2;Sí;N/A;Sí;N/A;N/A;N/A;N/A;N/A;N/A;N/A;N/A;N/A;N/A;N/A;N/A;N/A;N/A;N/A;N/A;N/A;N/A;N/A;N/A;N/A;N/A;"2630 mm";"2 L";"58 L";6;N/A;N/A;N/A;N/A;N/A;N/A;N/A;N/A;N/A;N/A;N/A;N/A;N/A;N/A;N/A;N/A;N/A;N/A;N/A;N/A;N/A;N/A;N/A;N/A;N/A;N/A;N/A;N/A;N/A;N/A;N/A;Sí;N/A;N/A;N/A;N/A;N/A;N/A;N/A;N/A;N/A;Sí;N/A;N/A;N/A;"1655 mm";"4410 mm";N/A;N/A;N/A;N/A;5;"166 hp";Gl;N/A;4;"1830 mm";"10.4 km/l";N/A;N/A;N/A;N/A;N/A;N/A;N/A;N/A;N/A;Sí;"6.4 km/l";N/A;N/A;N/A;N/A;N/A;N/A;5;2.0;Nafta;Automática;SUV;"Autos y camionetas";N/A;N/A;N/A;N/A;N/A;N/A;UY;N/A;N/A;N/A;N/A;N/A;N/A;N/A;N/A;N/A;N/A;N/A;N/A;N/A;N/A;N/A;N/A;N/A;N/A;N/A;N/A;N/A;N/A;N/A;N/A;N/A;N/A;N/A;N/A;N/A;N/A;N/A;N/A;N/A;N/A;N/A;N/A;N/A;N/A;N/A;N/A;N/A;N/A;N/A;N/A;N/A;N/A;N/A;N/A;N/A;N/A;N/A;N/A;N/A;N/A;N/A;N/A;N/A;N/A;N/A;N/A;N/A;N/A;N/A;N/A;N/A;N/A;N/A;N/A;N/A;N/A;N/A;N/A;N/A;N/A;N/A;N/A;N/A;N/A;N/A;N/A;N/A;N/A;N/A;N/A;N/A;N/A;N/A;N/A;N/A;Sí;N/A;Sí;N/A;N/A;N/A;N/A;N/A;N/A;N/A;N/A;N/A;N/A;Sí;N/A;N/A;N/A;N/A;N/A;N/A;N/A;N/A;N/A;N/A;N/A;N/A
Hyundai;Tucson;"2.0 Gl 6at 2wd";2012;"98000 km";;MAT1799;15000;;;;;"Sarandí Grande";https://auto.mercadolibre.com.uy/MLU-701819852-hyundai-tucson-2012-20-gl-6at-2wd-_JM;N/A;;"Hyundai Tucson 2012 2.0 Gl 6at 2wd";usd;Sí;gold_premium;false;N/A;N/A;http://perfil.mercadolibre.com.uy/MAT1799;active;N/A;N/A;Usado;N/A;N/A;Hidráulica;4x2;Sí;N/A;Sí;N/A;N/A;N/A;N/A;N/A;N/A;N/A;N/A;N/A;N/A;N/A;N/A;N/A;N/A;N/A;N/A;N/A;N/A;N/A;N/A;N/A;N/A;"2630 mm";"2 L";"58 L";6;N/A;N/A;N/A;N/A;N/A;N/A;N/A;N/A;N/A;N/A;N/A;N/A;N/A;N/A;N/A;N/A;N/A;N/A;N/A;N/A;N/A;N/A;N/A;N/A;N/A;N/A;N/A;N/A;N/A;N/A;N/A;Sí;N/A;N/A;N/A;N/A;N/A;N/A;N/A;N/A;N/A;Sí;N/A;N/A;N/A;"1655 mm";"4410 mm";N/A;N/A;N/A;N/A;5;"166 hp";Gl;N/A;4;"1830 mm";"10.4 km/l";N/A;N/A;N/A;N/A;N/A;N/A;N/A;N/A;N/A;Sí;"6.4 km/l";N/A;N/A;N/A;N/A;N/A;N/A;5;2.0;Nafta;Automática;SUV;"Autos y camionetas";N/A;N/A;N/A;N/A;N/A;N/A;UY;N/A;N/A;N/A;N/A;N/A;N/A;N/A;N/A;N/A;N/A;N/A;N/A;N/A;N/A;N/A;N/A;N/A;N/A;N/A;N/A;N/A;N/A;N/A;N/A;N/A;N/A;N/A;N/A;N/A;N/A;N/A;N/A;N/A;N/A;N/A;N/A;N/A;N/A;N/A;N/A;N/A;N/A;N/A;N/A;N/A;N/A;N/A;N/A;N/A;N/A;N/A;N/A;N/A;N/A;N/A;N/A;N/A;N/A;N/A;N/A;N/A;N/A;N/A;N/A;N/A;N/A;N/A;N/A;N/A;N/A;N/A;N/A;N/A;N/A;N/A;N/A;N/A;N/A;N/A;N/A;N/A;N/A;N/A;N/A;N/A;N/A;N/A;N/A;N/A;Sí;N/A;Sí;N/A;N/A;N/A;N/A;N/A;N/A;N/A;N/A;N/A;N/A;Sí;N/A;N/A;N/A;N/A;N/A;N/A;N/A;N/A;N/A;N/A;N/A;N/A
Hyundai;HB20S;"1.6 Sport 4p";2019;"99000 km";;"MARIÑO SPORT";14990;;;;;Pocitos;https://auto.mercadolibre.com.uy/MLU-645047065-hyundai-hb20s-2019-16-sport-4p-_JM;N/A;;"Hyundai Hb20s 2019 1.6 Sport 4p";usd;Sí;gold_premium;false;N/A;N/A;http://perfil.mercadolibre.com.uy/MARI%C3%91O+SPORT;active;N/A;N/A;Usado;N/A;N/A;Hidráulica;Delantera;Sí;N/A;Sí;N/A;N/A;N/A;N/A;N/A;N/A;N/A;N/A;N/A;N/A;N/A;N/A;N/A;N/A;N/A;N/A;N/A;N/A;N/A;N/A;N/A;N/A;"2500 mm";"1.6 L";"50 L";6;N/A;N/A;N/A;N/A;N/A;N/A;N/A;N/A;N/A;N/A;N/A;N/A;N/A;N/A;N/A;N/A;N/A;N/A;N/A;N/A;N/A;N/A;N/A;N/A;N/A;N/A;N/A;N/A;N/A;N/A;N/A;N/A;N/A;Sí;Sí;N/A;N/A;N/A;N/A;N/A;N/A;N/A;N/A;N/A;N/A;"1470 mm";"4230 mm";N/A;N/A;N/A;N/A;5;"122 hp";Sport;N/A;4;"1680 mm";N/A;N/A;N/A;N/A;Sí;N/A;N/A;Sí;Sí;N/A;N/A;"14 km/l";N/A;N/A;N/A;N/A;N/A;N/A;4;1.6;Nafta;Manual;Sedán;"Autos y camionetas";N/A;N/A;N/A;N/A;N/A;N/A;UY;N/A;N/A;N/A;N/A;N/A;N/A;N/A;N/A;N/A;N/A;N/A;N/A;N/A;N/A;N/A;N/A;N/A;N/A;N/A;N/A;N/A;N/A;N/A;N/A;N/A;N/A;N/A;N/A;N/A;N/A;N/A;N/A;N/A;N/A;N/A;N/A;N/A;N/A;N/A;N/A;N/A;N/A;N/A;N/A;N/A;N/A;N/A;N/A;N/A;N/A;N/A;N/A;N/A;N/A;N/A;N/A;N/A;N/A;N/A;N/A;N/A;N/A;N/A;N/A;N/A;N/A;N/A;N/A;N/A;N/A;N/A;N/A;N/A;N/A;N/A;N/A;N/A;N/A;N/A;N/A;N/A;N/A;N/A;N/A;N/A;N/A;N/A;N/A;N/A;N/A;N/A;N/A;N/A;N/A;N/A;N/A;N/A;N/A;N/A;N/A;N/A;N/A;N/A;N/A;N/A;Sí;N/A;N/A;N/A;Sí;N/A;N/A;Sí;N/A;Sí
Hyundai;HB20S;"COMFORT SEDAN 1.0";2024;"0 km";;DUSOLLOSRL;18990;;;;;"Parque Rodó";https://auto.mercadolibre.com.uy/MLU-640204419-hyundai-hb20-_JM;N/A;;"Hyundai Hb20";USD;Sí;gold_premium;false;N/A;N/A;http://perfil.mercadolibre.com.uy/DUSOLLOSRL;active;N/A;N/A;Nuevo;Blanco;N/A;Eléctrica;Delantera;Sí;Sí;N/A;N/A;N/A;N/A;N/A;N/A;N/A;N/A;N/A;N/A;Sí;N/A;Sí;N/A;N/A;N/A;N/A;N/A;N/A;N/A;N/A;N/A;N/A;N/A;N/A;N/A;N/A;N/A;N/A;N/A;N/A;N/A;Sí;N/A;N/A;N/A;N/A;N/A;N/A;N/A;N/A;N/A;N/A;N/A;N/A;N/A;N/A;N/A;N/A;N/A;N/A;N/A;N/A;N/A;N/A;N/A;N/A;N/A;N/A;N/A;N/A;N/A;N/A;N/A;N/A;N/A;N/A;N/A;N/A;N/A;N/A;N/A;N/A;N/A;N/A;N/A;N/A;N/A;N/A;N/A;N/A;N/A;N/A;N/A;N/A;Sí;N/A;N/A;N/A;N/A;N/A;Sí;N/A;N/A;N/A;N/A;N/A;N/A;N/A;N/A;N/A;N/A;4;1.0;Nafta;Manual;Sedán;"Autos y camionetas";N/A;N/A;N/A;N/A;N/A;N/A;N/A;N/A;Sí;N/A;N/A;N/A;N/A;N/A;N/A;N/A;N/A;N/A;N/A;N/A;N/A;N/A;N/A;N/A;N/A;N/A;N/A;N/A;N/A;N/A;N/A;N/A;N/A;N/A;N/A;N/A;N/A;N/A;N/A;N/A;N/A;N/A;N/A;Sí;N/A;N/A;N/A;N/A;N/A;N/A;N/A;N/A;N/A;N/A;N/A;N/A;N/A;N/A;N/A;N/A;N/A;Sí;N/A;N/A;N/A;N/A;N/A;N/A;N/A;N/A;N/A;N/A;N/A;N/A;N/A;N/A;N/A;N/A;N/A;N/A;N/A;N/A;N/A;N/A;N/A;N/A;N/A;N/A;N/A;N/A;N/A;N/A;N/A;N/A;N/A;N/A;Sí;N/A;N/A;N/A;Sí;N/A;N/A;N/A;N/A;Sí;Sí;N/A;Sí;N/A;N/A;Sí;Sí;Sí;Sí;Sí;Sí;N/A;N/A;N/A;N/A;Sí
Hyundai;Elantra;"Elantra 1.8 gls";2011;"129500 km";;SGIMENEZ5090;12000;;;;;Salto;https://auto.mercadolibre.com.uy/MLU-702217728-hyundai-elantra-elantra-18-gls-_JM;N/A;;"Hyundai Elantra Elantra 1.8 Gls ";USD;Sí;gold_premium;false;N/A;N/A;http://perfil.mercadolibre.com.uy/SGIMENEZ5090;active;N/A;N/A;Usado;N/A;N/A;N/A;N/A;N/A;N/A;N/A;N/A;N/A;N/A;N/A;N/A;N/A;N/A;N/A;N/A;N/A;N/A;N/A;N/A;N/A;N/A;N/A;N/A;N/A;N/A;N/A;N/A;N/A;N/A;N/A;N/A;N/A;N/A;N/A;N/A;N/A;N/A;N/A;N/A;N/A;N/A;N/A;N/A;N/A;N/A;N/A;N/A;N/A;N/A;N/A;N/A;N/A;N/A;N/A;N/A;N/A;N/A;N/A;N/A;N/A;N/A;N/A;N/A;N/A;N/A;N/A;N/A;N/A;N/A;N/A;N/A;N/A;N/A;N/A;N/A;N/A;N/A;N/A;N/A;N/A;N/A;N/A;N/A;N/A;N/A;N/A;N/A;N/A;N/A;N/A;N/A;N/A;N/A;N/A;N/A;N/A;N/A;N/A;N/A;N/A;N/A;N/A;N/A;N/A;N/A;N/A;N/A;4;N/A;Nafta;N/A;N/A;"Autos y camionetas";N/A;N/A;N/A;N/A;N/A;N/A;N/A;N/A;N/A;N/A;N/A;N/A;N/A;N/A;N/A;N/A;N/A;N/A;N/A;N/A;N/A;N/A;N/A;N/A;N/A;N/A;N/A;N/A;N/A;N/A;N/A;N/A;N/A;N/A;N/A;N/A;N/A;N/A;N/A;N/A;N/A;N/A;N/A;N/A;N/A;N/A;N/A;N/A;N/A;N/A;N/A;N/A;N/A;N/A;N/A;N/A;N/A;N/A;N/A;N/A;N/A;N/A;N/A;N/A;N/A;N/A;N/A;N/A;N/A;N/A;N/A;N/A;N/A;N/A;N/A;N/A;N/A;N/A;N/A;N/A;N/A;N/A;N/A;N/A;N/A;N/A;N/A;N/A;N/A;N/A;N/A;N/A;N/A;N/A;N/A;N/A;N/A;N/A;N/A;N/A;N/A;N/A;N/A;N/A;N/A;N/A;N/A;N/A;N/A;N/A;N/A;N/A;N/A;N/A;N/A;N/A;N/A;N/A;N/A;N/A;N/A;N/A
Hyundai;HB20;"1.0 Comfort Mt";2021;"30000 km";;MORAN_AUTOMOVILES;15500;;;;;Malvin;https://auto.mercadolibre.com.uy/MLU-647455061-hyundai-hb20-10-comfort-mt-_JM;N/A;;"Hyundai Hb20 1.0 Comfort Mt";usd;Sí;gold_premium;false;N/A;N/A;http://perfil.mercadolibre.com.uy/MORAN_AUTOMOVILES;active;N/A;N/A;Usado;Blanco;Sí;Hidráulica;Delantera;Sí;Sí;Sí;N/A;N/A;Sí;N/A;N/A;N/A;N/A;N/A;N/A;Sí;N/A;Sí;N/A;N/A;N/A;N/A;N/A;N/A;N/A;N/A;N/A;N/A;"2500 mm";"1 L";"50 L";6;N/A;N/A;N/A;N/A;N/A;N/A;N/A;N/A;N/A;N/A;N/A;N/A;N/A;N/A;N/A;N/A;N/A;N/A;N/A;N/A;N/A;N/A;N/A;N/A;N/A;N/A;N/A;N/A;N/A;N/A;N/A;N/A;N/A;Sí;Sí;N/A;N/A;N/A;N/A;N/A;N/A;N/A;N/A;N/A;N/A;"1470 mm";"3920 mm";N/A;N/A;N/A;N/A;5;"101 hp";N/A;N/A;4;"1680 mm";N/A;N/A;N/A;N/A;Sí;N/A;Sí;Sí;Sí;N/A;N/A;"13.8 km/l";Sí;Sí;N/A;N/A;N/A;N/A;5;1.0;Nafta;Manual;Hatchback;"Autos y camionetas";N/A;N/A;N/A;N/A;N/A;N/A;UY;N/A;Sí;N/A;N/A;N/A;N/A;N/A;N/A;N/A;N/A;N/A;N/A;N/A;N/A;N/A;N/A;N/A;N/A;N/A;N/A;N/A;N/A;N/A;N/A;N/A;N/A;N/A;N/A;N/A;N/A;N/A;N/A;N/A;N/A;N/A;N/A;N/A;N/A;N/A;N/A;N/A;N/A;N/A;N/A;N/A;N/A;N/A;N/A;N/A;N/A;N/A;N/A;N/A;N/A;N/A;N/A;N/A;N/A;N/A;N/A;N/A;N/A;N/A;N/A;N/A;N/A;N/A;N/A;N/A;N/A;N/A;N/A;N/A;N/A;N/A;N/A;N/A;N/A;N/A;N/A;N/A;N/A;N/A;N/A;N/A;N/A;N/A;N/A;N/A;Sí;Sí;Sí;N/A;Sí;N/A;N/A;N/A;N/A;Sí;Sí;Sí;Sí;N/A;N/A;N/A;Sí;Sí;Sí;Sí;Sí;N/A;N/A;Sí;N/A;Sí
Hyundai;Veloster;"1.6 130cv At";2012;"150000 km";;GZO_;17600;;;;;Malvin;https://auto.mercadolibre.com.uy/MLU-703923708-hyundai-veloster-16-130cv-at-_JM;N/A;;"Hyundai Veloster 1.6 130cv At";usd;Sí;gold_premium;false;N/A;N/A;http://perfil.mercadolibre.com.uy/GZO_;active;N/A;N/A;Usado;Azul;N/A;Hidráulica;Delantera;Sí;Sí;Sí;N/A;N/A;Sí;N/A;N/A;Sí;N/A;N/A;Sí;Sí;N/A;Sí;N/A;N/A;N/A;N/A;N/A;N/A;N/A;N/A;N/A;N/A;"2650 mm";"1.6 L";"50 L";6;N/A;N/A;N/A;N/A;N/A;N/A;N/A;N/A;N/A;N/A;N/A;N/A;N/A;N/A;N/A;N/A;N/A;N/A;N/A;N/A;N/A;N/A;N/A;N/A;N/A;N/A;N/A;N/A;N/A;N/A;N/A;Sí;N/A;N/A;N/A;N/A;N/A;N/A;N/A;N/A;N/A;Sí;N/A;N/A;N/A;"1399 mm";"4220 mm";N/A;N/A;N/A;N/A;4;"130 hp";N/A;N/A;4;"1790 mm";N/A;Sí;N/A;Sí;Sí;N/A;Sí;Sí;N/A;Sí;N/A;N/A;N/A;N/A;N/A;N/A;Sí;"L a D de 9 a 19 hs";2;1.6;Nafta;Automática;Coupé;"Autos y camionetas";N/A;N/A;N/A;N/A;N/A;N/A;UY;N/A;No;N/A;N/A;N/A;N/A;N/A;N/A;N/A;N/A;N/A;N/A;N/A;N/A;N/A;N/A;N/A;Sí;N/A;N/A;N/A;N/A;N/A;N/A;N/A;N/A;N/A;N/A;N/A;N/A;N/A;N/A;N/A;N/A;N/A;N/A;N/A;N/A;N/A;N/A;N/A;N/A;N/A;N/A;N/A;N/A;N/A;N/A;N/A;N/A;N/A;N/A;N/A;N/A;N/A;N/A;N/A;N/A;N/A;N/A;N/A;N/A;N/A;N/A;N/A;N/A;N/A;N/A;N/A;N/A;N/A;N/A;N/A;N/A;N/A;N/A;N/A;N/A;N/A;N/A;N/A;N/A;N/A;N/A;N/A;N/A;N/A;N/A;N/A;Sí;N/A;Sí;N/A;Sí;N/A;N/A;N/A;N/A;Sí;N/A;Sí;Sí;Sí;N/A;Sí;Sí;Sí;Sí;Sí;Sí;Sí;Sí;Sí;N/A;Sí
Hyundai;Tucson;"2.0 Gl 5mt 2wd";2012;"220000 km";;CARRI657;13500;;;;;Pocitos;https://auto.mercadolibre.com.uy/MLU-647274405-hyundai-tucson-20-gl-5mt-2wd-_JM;N/A;;"Hyundai Tucson 2.0 Gl 5mt 2wd";usd;Sí;gold_premium;false;N/A;N/A;http://perfil.mercadolibre.com.uy/CARRI657;active;N/A;N/A;Usado;Celeste;N/A;Hidráulica;4x2;Sí;N/A;Sí;N/A;N/A;N/A;N/A;N/A;N/A;N/A;N/A;N/A;N/A;N/A;N/A;N/A;N/A;N/A;N/A;N/A;N/A;N/A;N/A;N/A;N/A;"2630 mm";"2 L";"58 L";5;N/A;N/A;N/A;N/A;N/A;N/A;N/A;N/A;N/A;N/A;N/A;N/A;N/A;N/A;N/A;N/A;N/A;N/A;N/A;N/A;N/A;N/A;N/A;N/A;N/A;N/A;N/A;N/A;N/A;N/A;N/A;Sí;N/A;N/A;N/A;N/A;N/A;N/A;N/A;N/A;N/A;Sí;N/A;N/A;N/A;"1655 mm";"4410 mm";N/A;N/A;N/A;N/A;5;"166 hp";Gl;N/A;4;"1830 mm";"9.8 km/l";N/A;N/A;N/A;N/A;N/A;N/A;N/A;N/A;N/A;Sí;"6.1 km/l";N/A;N/A;N/A;N/A;N/A;N/A;5;2.0;Nafta;Manual;SUV;"Autos y camionetas";N/A;N/A;N/A;N/A;N/A;N/A;UY;N/A;Sí;N/A;N/A;N/A;N/A;N/A;N/A;N/A;N/A;N/A;N/A;N/A;N/A;N/A;N/A;N/A;N/A;N/A;N/A;N/A;N/A;N/A;N/A;N/A;N/A;N/A;N/A;N/A;N/A;N/A;N/A;N/A;N/A;N/A;N/A;N/A;N/A;N/A;N/A;N/A;N/A;N/A;N/A;N/A;N/A;N/A;N/A;N/A;N/A;N/A;N/A;N/A;N/A;N/A;Sí;N/A;N/A;N/A;N/A;N/A;N/A;N/A;N/A;N/A;N/A;N/A;N/A;N/A;N/A;N/A;N/A;N/A;N/A;N/A;N/A;N/A;N/A;N/A;N/A;N/A;N/A;N/A;N/A;N/A;N/A;N/A;N/A;N/A;Sí;N/A;Sí;N/A;N/A;N/A;N/A;N/A;N/A;N/A;N/A;N/A;N/A;Sí;N/A;N/A;N/A;N/A;N/A;N/A;N/A;N/A;N/A;N/A;N/A;N/A
Hyundai;Sonata;"Hibrido, super full";2019;"121000 km";;AFFARACOSTANEGOCIOSINMOBILIAR;31500;;;;;"Colonia del Sacramento";https://auto.mercadolibre.com.uy/MLU-702495712-hyundai-sonata-20-hibrido-ano-2019-_JM;N/A;;"Hyundai Sonata 2.0 Hibrido Año 2019";USD;No;gold_premium;false;N/A;N/A;http://perfil.mercadolibre.com.uy/AFFARACOSTANEGOCIOSINMOBILIAR;active;N/A;N/A;Usado;Blanco;N/A;Eléctrica;Delantera;Sí;Sí;N/A;N/A;N/A;No;N/A;N/A;Sí;N/A;N/A;Sí;Sí;N/A;Sí;N/A;N/A;N/A;N/A;N/A;N/A;N/A;N/A;N/A;N/A;N/A;N/A;N/A;N/A;N/A;N/A;N/A;N/A;N/A;No;N/A;N/A;N/A;N/A;N/A;N/A;N/A;N/A;N/A;N/A;N/A;N/A;N/A;N/A;N/A;N/A;N/A;N/A;N/A;N/A;N/A;N/A;N/A;No;N/A;N/A;N/A;N/A;N/A;N/A;N/A;N/A;N/A;N/A;N/A;N/A;N/A;N/A;N/A;N/A;N/A;N/A;N/A;N/A;N/A;N/A;N/A;N/A;N/A;N/A;N/A;N/A;No;N/A;Sí;Sí;N/A;Sí;Sí;N/A;Sí;N/A;N/A;Sí;No;N/A;N/A;No;N/A;4;2.0;Híbrido;Automática;Sedán;"Autos y camionetas";N/A;N/A;N/A;N/A;N/A;N/A;N/A;N/A;N/A;N/A;N/A;N/A;N/A;N/A;N/A;N/A;N/A;N/A;N/A;N/A;N/A;N/A;N/A;N/A;Sí;N/A;N/A;N/A;N/A;N/A;N/A;N/A;N/A;N/A;N/A;N/A;N/A;N/A;N/A;N/A;N/A;N/A;N/A;N/A;N/A;N/A;N/A;N/A;N/A;N/A;N/A;N/A;N/A;N/A;N/A;N/A;N/A;N/A;N/A;N/A;N/A;N/A;N/A;N/A;N/A;N/A;N/A;N/A;N/A;N/A;N/A;N/A;N/A;N/A;N/A;N/A;N/A;N/A;N/A;N/A;N/A;N/A;N/A;N/A;N/A;N/A;N/A;N/A;N/A;N/A;N/A;N/A;N/A;N/A;N/A;No;Sí;Sí;Sí;N/A;Sí;N/A;N/A;N/A;N/A;Sí;Sí;Sí;Sí;N/A;N/A;Sí;Sí;Sí;Sí;Sí;Sí;Sí;No;Sí;N/A;Sí
Hyundai;Elantra;"NEW ELANTRA M/T";2019;"98000 km";;M32023;18500;;;;;"Brazo Oriental";https://auto.mercadolibre.com.uy/MLU-701789150-hyundai-elantra-new-elantra-mt-_JM;N/A;;"Hyundai Elantra New Elantra M/t";USD;Sí;gold_premium;false;N/A;N/A;http://perfil.mercadolibre.com.uy/M32023;active;N/A;N/A;Usado;N/A;N/A;N/A;N/A;N/A;N/A;N/A;N/A;N/A;N/A;N/A;N/A;N/A;N/A;N/A;N/A;N/A;N/A;N/A;N/A;N/A;N/A;N/A;N/A;N/A;N/A;N/A;N/A;N/A;N/A;N/A;N/A;N/A;N/A;N/A;N/A;N/A;N/A;N/A;N/A;N/A;N/A;N/A;N/A;N/A;N/A;N/A;N/A;N/A;N/A;N/A;N/A;N/A;N/A;N/A;N/A;N/A;N/A;N/A;N/A;N/A;N/A;N/A;N/A;N/A;N/A;N/A;N/A;N/A;N/A;N/A;N/A;N/A;N/A;N/A;N/A;N/A;N/A;N/A;N/A;N/A;N/A;N/A;N/A;N/A;N/A;N/A;N/A;N/A;N/A;N/A;N/A;N/A;N/A;N/A;N/A;N/A;N/A;N/A;N/A;N/A;N/A;N/A;N/A;N/A;N/A;N/A;N/A;4;N/A;Nafta;N/A;N/A;"Autos y camionetas";N/A;N/A;N/A;N/A;N/A;N/A;N/A;N/A;N/A;N/A;N/A;N/A;N/A;N/A;N/A;N/A;N/A;N/A;N/A;N/A;N/A;N/A;N/A;N/A;N/A;N/A;N/A;N/A;N/A;N/A;N/A;N/A;N/A;N/A;N/A;N/A;N/A;N/A;N/A;N/A;N/A;N/A;N/A;N/A;N/A;N/A;N/A;N/A;N/A;N/A;N/A;N/A;N/A;N/A;N/A;N/A;N/A;N/A;N/A;N/A;N/A;N/A;N/A;N/A;N/A;N/A;N/A;N/A;N/A;N/A;N/A;N/A;N/A;N/A;N/A;N/A;N/A;N/A;N/A;N/A;N/A;N/A;N/A;N/A;N/A;N/A;N/A;N/A;N/A;N/A;N/A;N/A;N/A;N/A;N/A;N/A;N/A;N/A;N/A;N/A;N/A;N/A;N/A;N/A;N/A;N/A;N/A;N/A;N/A;N/A;N/A;N/A;N/A;N/A;N/A;N/A;N/A;N/A;N/A;N/A;N/A;N/A
Hyundai;Tucson;"2.4 Limited 4x4 At";2012;"90000 km";;QUMIR;18900;;;;;"Punta del Este";https://auto.mercadolibre.com.uy/MLU-702445394-hyundai-tucson-24-limited-4x4-at-_JM;N/A;;"Hyundai Tucson 2.4 Limited 4x4 At";USD;Sí;gold_premium;false;N/A;N/A;http://perfil.mercadolibre.com.uy/QUMIR;active;N/A;N/A;Usado;N/A;N/A;Hidráulica;4x4;Sí;Sí;N/A;N/A;N/A;Sí;N/A;N/A;Sí;N/A;N/A;N/A;Sí;N/A;Sí;N/A;N/A;N/A;N/A;N/A;N/A;N/A;N/A;N/A;N/A;N/A;N/A;N/A;N/A;N/A;N/A;N/A;N/A;N/A;N/A;N/A;N/A;N/A;N/A;N/A;N/A;N/A;N/A;N/A;N/A;N/A;N/A;N/A;N/A;N/A;N/A;N/A;N/A;N/A;N/A;N/A;N/A;N/A;N/A;N/A;N/A;N/A;N/A;N/A;N/A;N/A;N/A;N/A;N/A;N/A;N/A;N/A;N/A;N/A;N/A;N/A;N/A;N/A;N/A;N/A;N/A;N/A;N/A;N/A;N/A;N/A;N/A;N/A;N/A;Sí;N/A;N/A;N/A;N/A;N/A;Sí;N/A;N/A;N/A;N/A;N/A;N/A;Sí;N/A;5;2.4;Nafta;Automática;SUV;"Autos y camionetas";N/A;N/A;N/A;N/A;N/A;N/A;N/A;N/A;N/A;N/A;N/A;N/A;N/A;N/A;N/A;N/A;N/A;N/A;N/A;N/A;N/A;N/A;N/A;N/A;Sí;N/A;N/A;N/A;N/A;N/A;N/A;N/A;N/A;N/A;N/A;N/A;N/A;N/A;N/A;N/A;N/A;N/A;N/A;N/A;N/A;N/A;N/A;N/A;N/A;N/A;N/A;N/A;N/A;N/A;N/A;N/A;N/A;N/A;N/A;N/A;N/A;N/A;N/A;N/A;N/A;N/A;N/A;N/A;N/A;N/A;N/A;N/A;N/A;N/A;N/A;N/A;N/A;N/A;N/A;N/A;N/A;N/A;N/A;N/A;N/A;N/A;N/A;N/A;N/A;N/A;N/A;N/A;N/A;N/A;N/A;N/A;Sí;N/A;Sí;N/A;Sí;N/A;N/A;N/A;N/A;Sí;N/A;Sí;Sí;N/A;N/A;Sí;Sí;Sí;Sí;Sí;N/A;Sí;N/A;Sí;N/A;Sí
Hyundai;Tucson;"2.0 Gl 6at 2wd";2011;"150000 km";;AR20240805101313;13490;;;;;N/A;https://auto.mercadolibre.com.uy/MLU-701899162-oportunidad-hyundai-tucson-extra-full-igual-a-nueva-_JM;N/A;;"Oportunidad!!! Hyundai Tucson Extra Full Igual A Nueva!";usd;Sí;gold_premium;false;N/A;N/A;http://perfil.mercadolibre.com.uy/AR20240805101313;active;N/A;N/A;Usado;Negro;N/A;Hidráulica;4x2;Sí;N/A;Sí;N/A;N/A;N/A;N/A;N/A;N/A;N/A;N/A;N/A;N/A;N/A;N/A;N/A;N/A;N/A;N/A;N/A;N/A;N/A;N/A;N/A;N/A;"2630 mm";"2 L";"58 L";6;N/A;N/A;N/A;N/A;N/A;N/A;N/A;N/A;N/A;N/A;N/A;N/A;N/A;N/A;N/A;N/A;N/A;N/A;N/A;N/A;N/A;N/A;N/A;N/A;N/A;N/A;N/A;N/A;N/A;N/A;N/A;Sí;N/A;N/A;N/A;N/A;N/A;N/A;N/A;N/A;N/A;Sí;N/A;N/A;N/A;"1655 mm";"4410 mm";N/A;N/A;N/A;N/A;5;"166 hp";Gl;N/A;4;"1830 mm";"10.4 km/l";N/A;N/A;N/A;N/A;N/A;N/A;N/A;N/A;N/A;Sí;"6.4 km/l";N/A;N/A;N/A;N/A;N/A;24/7;5;2.0;Nafta;Automática;SUV;"Autos y camionetas";N/A;N/A;N/A;N/A;N/A;N/A;UY;N/A;N/A;N/A;N/A;N/A;N/A;N/A;N/A;N/A;N/A;N/A;N/A;N/A;N/A;N/A;N/A;N/A;N/A;N/A;N/A;N/A;N/A;N/A;N/A;N/A;N/A;N/A;N/A;N/A;N/A;N/A;N/A;N/A;N/A;N/A;N/A;N/A;N/A;N/A;N/A;N/A;N/A;N/A;N/A;N/A;N/A;N/A;N/A;N/A;N/A;N/A;N/A;N/A;N/A;N/A;N/A;N/A;N/A;N/A;N/A;N/A;N/A;N/A;N/A;N/A;N/A;N/A;N/A;N/A;N/A;N/A;N/A;N/A;N/A;N/A;N/A;N/A;N/A;N/A;N/A;N/A;N/A;N/A;N/A;N/A;N/A;N/A;N/A;N/A;Sí;N/A;Sí;N/A;N/A;N/A;N/A;N/A;N/A;N/A;N/A;N/A;N/A;Sí;N/A;N/A;N/A;N/A;N/A;N/A;N/A;N/A;N/A;N/A;N/A;N/A
Hyundai;i10;Automatico;2012;"167000 km";;"MARIÑO SPORT";9990;;;;;Pocitos;https://auto.mercadolibre.com.uy/MLU-696873630-hyundai-i10-_JM;N/A;;"Hyundai I10";USD;Sí;gold_premium;false;N/A;N/A;http://perfil.mercadolibre.com.uy/MARI%C3%91O+SPORT;active;N/A;N/A;Usado;Negro;No;Asistida;Delantera;Sí;Sí;N/A;N/A;N/A;No;N/A;N/A;No;N/A;N/A;No;Sí;N/A;No;N/A;N/A;N/A;N/A;N/A;N/A;N/A;N/A;N/A;N/A;N/A;N/A;N/A;N/A;N/A;N/A;N/A;N/A;N/A;No;N/A;N/A;N/A;N/A;N/A;N/A;N/A;N/A;N/A;N/A;N/A;N/A;N/A;N/A;N/A;N/A;N/A;N/A;N/A;N/A;N/A;N/A;N/A;No;N/A;N/A;N/A;N/A;N/A;N/A;N/A;N/A;N/A;N/A;N/A;N/A;N/A;N/A;N/A;N/A;N/A;N/A;N/A;N/A;N/A;N/A;N/A;N/A;N/A;N/A;N/A;N/A;No;N/A;No;No;N/A;Sí;No;N/A;No;N/A;N/A;No;No;N/A;N/A;Sí;N/A;5;1.1;Nafta;Automática;N/A;"Autos y camionetas";Sí;N/A;N/A;N/A;No;N/A;N/A;N/A;Sí;N/A;No;N/A;N/A;N/A;N/A;N/A;N/A;N/A;N/A;N/A;N/A;N/A;N/A;N/A;No;N/A;N/A;N/A;N/A;N/A;N/A;N/A;N/A;N/A;N/A;N/A;N/A;N/A;N/A;N/A;N/A;N/A;N/A;No;N/A;N/A;N/A;N/A;N/A;N/A;N/A;N/A;N/A;N/A;N/A;N/A;N/A;N/A;N/A;N/A;N/A;No;Sí;N/A;N/A;N/A;No;N/A;N/A;N/A;N/A;N/A;N/A;N/A;N/A;N/A;N/A;N/A;N/A;N/A;N/A;N/A;N/A;N/A;N/A;N/A;N/A;N/A;N/A;N/A;N/A;N/A;N/A;N/A;N/A;No;No;Sí;No;N/A;No;N/A;N/A;N/A;N/A;No;No;Sí;Sí;N/A;N/A;No;No;No;Sí;Sí;Sí;No;No;Sí;N/A;Sí
Hyundai;Kona;Safe;2024;"0 km";;DUSOLLOSRL;41990;;;;;"Parque Rodó";https://auto.mercadolibre.com.uy/MLU-679999962-hyundai-kona-hibrida-16-safe-limited-_JM;N/A;;"Hyundai Kona Híbrida 1.6 Safe-limited";USD;Sí;gold_premium;false;N/A;N/A;http://perfil.mercadolibre.com.uy/DUSOLLOSRL;active;N/A;N/A;Nuevo;N/A;N/A;N/A;N/A;N/A;N/A;N/A;N/A;N/A;N/A;N/A;N/A;N/A;N/A;N/A;N/A;N/A;N/A;N/A;N/A;N/A;N/A;N/A;N/A;N/A;N/A;N/A;N/A;N/A;N/A;N/A;N/A;N/A;N/A;N/A;N/A;N/A;N/A;N/A;N/A;N/A;N/A;N/A;N/A;N/A;N/A;N/A;N/A;N/A;N/A;N/A;N/A;N/A;N/A;N/A;N/A;N/A;N/A;N/A;N/A;N/A;N/A;N/A;N/A;N/A;N/A;N/A;N/A;N/A;N/A;N/A;N/A;N/A;N/A;N/A;N/A;N/A;N/A;N/A;N/A;N/A;N/A;N/A;N/A;N/A;N/A;N/A;N/A;N/A;N/A;N/A;N/A;N/A;N/A;N/A;N/A;N/A;N/A;N/A;N/A;N/A;N/A;N/A;N/A;N/A;N/A;N/A;N/A;5;N/A;Híbrido/Nafta;N/A;N/A;"Autos y camionetas";N/A;N/A;N/A;N/A;N/A;N/A;N/A;N/A;N/A;N/A;N/A;N/A;N/A;N/A;N/A;N/A;N/A;N/A;N/A;N/A;N/A;N/A;N/A;N/A;N/A;N/A;N/A;N/A;N/A;N/A;N/A;N/A;N/A;N/A;N/A;N/A;N/A;N/A;N/A;N/A;N/A;N/A;N/A;N/A;N/A;N/A;N/A;N/A;N/A;N/A;N/A;N/A;N/A;N/A;N/A;N/A;N/A;N/A;N/A;N/A;N/A;N/A;N/A;N/A;N/A;N/A;N/A;N/A;N/A;N/A;N/A;N/A;N/A;N/A;N/A;N/A;N/A;N/A;N/A;N/A;N/A;N/A;N/A;N/A;N/A;N/A;N/A;N/A;N/A;N/A;N/A;N/A;N/A;N/A;N/A;N/A;N/A;N/A;N/A;N/A;N/A;N/A;N/A;N/A;N/A;N/A;N/A;N/A;N/A;N/A;N/A;N/A;N/A;N/A;N/A;N/A;N/A;N/A;N/A;N/A;N/A;N/A
Hyundai;Creta;"1.0 T-Gdi Safe Mt";2023;"17000 km";;BAGO20240502065239;27500;;;;;Montevideo;https://auto.mercadolibre.com.uy/MLU-704758144-hyundai-creta-10-t-gdi-safe-mt-_JM;N/A;;"Hyundai Creta 1.0 T-gdi Safe Mt";usd;Sí;gold_premium;false;N/A;N/A;http://perfil.mercadolibre.com.uy/BAGO20240502065239;active;N/A;N/A;Usado;Gris;Sí;Eléctrica;4x2;Sí;Sí;N/A;N/A;N/A;N/A;N/A;N/A;N/A;N/A;N/A;Sí;Sí;N/A;Sí;N/A;N/A;N/A;N/A;N/A;N/A;N/A;N/A;N/A;N/A;"2610 mm";"1 L";"50 L";6;N/A;N/A;N/A;N/A;N/A;Sí;N/A;N/A;N/A;N/A;N/A;N/A;N/A;N/A;N/A;N/A;N/A;N/A;N/A;N/A;N/A;N/A;N/A;N/A;N/A;N/A;N/A;N/A;N/A;N/A;N/A;N/A;N/A;N/A;N/A;N/A;N/A;N/A;N/A;N/A;N/A;N/A;N/A;N/A;N/A;"1635 mm";"4290 mm";N/A;N/A;N/A;N/A;5;"120 hp";Safe;N/A;4;"1790 mm";N/A;N/A;N/A;Sí;Sí;N/A;Sí;Sí;N/A;N/A;N/A;N/A;N/A;N/A;N/A;N/A;Sí;N/A;5;1.0;Nafta;Manual;SUV;"Autos y camionetas";N/A;N/A;N/A;N/A;N/A;N/A;UY;N/A;No;N/A;N/A;N/A;N/A;N/A;N/A;N/A;N/A;N/A;N/A;N/A;N/A;N/A;N/A;N/A;Sí;N/A;N/A;N/A;N/A;N/A;N/A;N/A;N/A;N/A;N/A;N/A;N/A;N/A;N/A;N/A;N/A;N/A;N/A;Sí;N/A;N/A;N/A;N/A;N/A;N/A;N/A;N/A;N/A;N/A;N/A;N/A;N/A;N/A;N/A;N/A;N/A;N/A;Sí;N/A;N/A;N/A;N/A;N/A;N/A;N/A;N/A;N/A;N/A;N/A;N/A;N/A;N/A;N/A;N/A;N/A;N/A;N/A;N/A;N/A;N/A;N/A;N/A;N/A;N/A;N/A;N/A;N/A;N/A;N/A;N/A;N/A;Sí;Sí;Sí;N/A;Sí;N/A;N/A;N/A;N/A;Sí;Sí;N/A;Sí;N/A;N/A;Sí;Sí;Sí;Sí;Sí;Sí;N/A;N/A;N/A;N/A;N/A
Hyundai;Tucson;"1.6t Gdi Limited Techo At";2022;"26000 km";;CUATRI42;48000;;;;;Maldonado;https://auto.mercadolibre.com.uy/MLU-647430005-hyundai-tucson-16t-gdi-limited-techo-at-_JM;N/A;;"Hyundai Tucson 1.6t Gdi Limited Techo At";usd;Sí;gold_premium;false;N/A;N/A;http://perfil.mercadolibre.com.uy/CUATRI42;active;N/A;N/A;Usado;Negro;N/A;Eléctrica;4x2;Sí;Sí;N/A;N/A;N/A;Sí;N/A;N/A;Sí;N/A;N/A;Sí;Sí;N/A;Sí;N/A;N/A;N/A;N/A;N/A;N/A;N/A;N/A;N/A;N/A;"2670 mm";"1.6 L";"62 L";7;N/A;N/A;N/A;N/A;N/A;Sí;N/A;N/A;N/A;N/A;N/A;N/A;N/A;N/A;N/A;N/A;N/A;N/A;N/A;N/A;N/A;N/A;N/A;N/A;N/A;N/A;N/A;N/A;N/A;N/A;N/A;N/A;N/A;N/A;N/A;N/A;N/A;N/A;N/A;N/A;N/A;N/A;N/A;N/A;N/A;"1660 mm";"4475 mm";N/A;N/A;N/A;N/A;5;"132 hp";N/A;N/A;4;"1850 mm";N/A;Sí;N/A;Sí;Sí;N/A;Sí;Sí;N/A;Sí;N/A;N/A;Sí;N/A;N/A;N/A;Sí;N/A;5;1.6;Nafta;Automática;SUV;"Autos y camionetas";N/A;N/A;N/A;N/A;N/A;N/A;UY;N/A;N/A;N/A;N/A;N/A;N/A;N/A;N/A;N/A;N/A;N/A;N/A;N/A;N/A;N/A;N/A;N/A;Sí;N/A;N/A;N/A;N/A;N/A;N/A;N/A;N/A;N/A;N/A;N/A;N/A;N/A;N/A;N/A;N/A;N/A;N/A;N/A;N/A;N/A;N/A;N/A;N/A;N/A;N/A;N/A;N/A;N/A;N/A;N/A;N/A;N/A;N/A;N/A;N/A;N/A;N/A;N/A;N/A;N/A;N/A;N/A;N/A;N/A;N/A;N/A;N/A;N/A;N/A;N/A;N/A;N/A;N/A;N/A;N/A;N/A;N/A;N/A;N/A;N/A;N/A;N/A;N/A;N/A;N/A;N/A;N/A;N/A;N/A;No;Sí;Sí;Sí;N/A;Sí;N/A;N/A;N/A;N/A;Sí;Sí;Sí;Sí;N/A;N/A;Sí;Sí;Sí;N/A;N/A;N/A;N/A;N/A;N/A;N/A;N/A
Hyundai;i10;"1.1 GLS A/C AT";2014;"23000 km";;MAMA5626988;13400;;;;;N/A;https://auto.mercadolibre.com.uy/MLU-703114886-hyundai-i10-automatico-11-gls-ac-at-impecable-_JM;N/A;;"Hyundai I10 Automatico 1.1 Gls A/c At Impecable";USD;Sí;gold_premium;false;N/A;N/A;http://perfil.mercadolibre.com.uy/MAMA5626988;active;N/A;N/A;Usado;Rojo;Sí;Asistida;N/A;Sí;Sí;N/A;N/A;N/A;N/A;N/A;N/A;N/A;N/A;N/A;Sí;Sí;N/A;No;N/A;N/A;N/A;N/A;N/A;N/A;N/A;N/A;N/A;N/A;N/A;N/A;N/A;N/A;N/A;N/A;N/A;N/A;N/A;Sí;N/A;N/A;N/A;N/A;N/A;N/A;N/A;N/A;N/A;N/A;N/A;N/A;N/A;N/A;N/A;N/A;N/A;N/A;N/A;N/A;N/A;N/A;N/A;N/A;N/A;N/A;N/A;N/A;N/A;N/A;N/A;N/A;N/A;N/A;N/A;N/A;N/A;N/A;N/A;N/A;N/A;N/A;N/A;N/A;N/A;N/A;N/A;N/A;N/A;N/A;N/A;N/A;N/A;N/A;N/A;N/A;N/A;Sí;No;N/A;N/A;N/A;N/A;N/A;Sí;N/A;N/A;Sí;Full;5;1.1;Nafta;Automática;Sedán;"Autos y camionetas";N/A;N/A;N/A;N/A;N/A;N/A;N/A;N/A;N/A;N/A;N/A;N/A;N/A;N/A;N/A;N/A;N/A;N/A;N/A;N/A;N/A;N/A;N/A;N/A;N/A;N/A;N/A;N/A;N/A;N/A;N/A;N/A;N/A;N/A;N/A;N/A;N/A;N/A;N/A;N/A;N/A;N/A;N/A;N/A;N/A;N/A;N/A;N/A;N/A;N/A;N/A;N/A;N/A;N/A;N/A;N/A;N/A;N/A;N/A;N/A;N/A;No;N/A;N/A;N/A;N/A;N/A;N/A;N/A;N/A;N/A;N/A;N/A;N/A;N/A;N/A;N/A;N/A;N/A;N/A;N/A;N/A;N/A;N/A;N/A;N/A;N/A;N/A;N/A;N/A;N/A;N/A;N/A;N/A;N/A;No;Sí;Sí;N/A;N/A;N/A;N/A;N/A;N/A;N/A;N/A;N/A;Sí;Sí;N/A;N/A;N/A;N/A;N/A;Sí;Sí;Sí;No;No;Sí;N/A;Sí
Hyundai;HB20;"1.0 Premium Mt";2022;"30000 km";;GALLE_LAGOMAR;16400;;;;;Prado;https://auto.mercadolibre.com.uy/MLU-703043034-hyundai-hb20-10-premium-mt-_JM;N/A;;"Hyundai Hb20 1.0 Premium Mt";usd;Sí;gold_premium;false;N/A;N/A;http://perfil.mercadolibre.com.uy/GALLE_LAGOMAR;active;N/A;N/A;Usado;Gris;N/A;Hidráulica;Delantera;Sí;N/A;Sí;N/A;N/A;N/A;N/A;N/A;N/A;N/A;N/A;N/A;N/A;N/A;N/A;N/A;N/A;N/A;N/A;N/A;N/A;N/A;N/A;N/A;N/A;"2500 mm";"1 L";"50 L";6;N/A;N/A;N/A;N/A;N/A;N/A;N/A;N/A;N/A;N/A;N/A;N/A;N/A;N/A;N/A;N/A;N/A;N/A;N/A;N/A;N/A;N/A;N/A;N/A;N/A;N/A;N/A;N/A;N/A;N/A;N/A;N/A;N/A;Sí;Sí;N/A;N/A;N/A;N/A;N/A;N/A;N/A;N/A;N/A;N/A;"1470 mm";"3920 mm";N/A;N/A;N/A;N/A;5;"80 hp";N/A;N/A;4;"1680 mm";N/A;N/A;N/A;N/A;Sí;N/A;N/A;Sí;Sí;N/A;N/A;"13.8 km/l";N/A;N/A;N/A;N/A;N/A;N/A;5;1.0;Nafta;Manual;Hatchback;"Autos y camionetas";N/A;N/A;N/A;N/A;N/A;N/A;UY;N/A;N/A;N/A;N/A;N/A;N/A;N/A;N/A;N/A;N/A;N/A;N/A;N/A;N/A;N/A;N/A;N/A;N/A;N/A;N/A;N/A;N/A;N/A;N/A;N/A;N/A;N/A;N/A;N/A;N/A;N/A;N/A;N/A;N/A;N/A;N/A;N/A;N/A;N/A;N/A;N/A;N/A;N/A;N/A;N/A;N/A;N/A;N/A;N/A;N/A;N/A;N/A;N/A;N/A;N/A;N/A;N/A;N/A;N/A;N/A;N/A;N/A;N/A;N/A;N/A;N/A;N/A;N/A;N/A;N/A;N/A;N/A;N/A;N/A;N/A;N/A;N/A;N/A;N/A;N/A;N/A;N/A;N/A;N/A;N/A;N/A;N/A;N/A;N/A;N/A;N/A;N/A;N/A;N/A;N/A;N/A;N/A;N/A;N/A;N/A;N/A;N/A;N/A;N/A;N/A;Sí;N/A;N/A;N/A;Sí;N/A;N/A;Sí;N/A;Sí
Hyundai;H1;"2.5 Grand Starex Furgon 2.5 Diesel";2019;"188000 km";;QUIQUELOLO;25900;;;;;Centro;https://auto.mercadolibre.com.uy/MLU-702705422-hyundai-h1-25-diesel-grand-starex-8-pasajeros-2019-dta-iva-_JM;N/A;;"Hyundai H1  2.5 Diesel Grand Starex 8 Pasajeros 2019 Dta Iva";usd;Sí;gold_premium;false;N/A;N/A;http://perfil.mercadolibre.com.uy/QUIQUELOLO;active;N/A;N/A;Usado;Gris;N/A;Hidráulica;Trasera;N/A;N/A;Sí;N/A;N/A;N/A;N/A;N/A;N/A;N/A;N/A;N/A;N/A;N/A;N/A;N/A;N/A;N/A;N/A;N/A;N/A;N/A;N/A;N/A;N/A;"3201 mm";"2.5 L";"75 L";6;N/A;N/A;N/A;N/A;N/A;N/A;N/A;N/A;N/A;N/A;N/A;N/A;N/A;N/A;N/A;N/A;N/A;N/A;N/A;N/A;N/A;N/A;N/A;N/A;N/A;N/A;N/A;N/A;N/A;N/A;N/A;Sí;N/A;N/A;N/A;N/A;N/A;N/A;N/A;N/A;N/A;Sí;N/A;N/A;N/A;"1925 mm";"5125 mm";N/A;N/A;N/A;N/A;12;"170 hp";N/A;N/A;4;"1920 mm";"10.9 km/l";N/A;N/A;N/A;N/A;N/A;N/A;N/A;N/A;N/A;Sí;"7.1 km/l";N/A;N/A;N/A;N/A;N/A;N/A;4;2.5;Diésel;Manual;N/A;"Autos y camionetas";N/A;N/A;N/A;N/A;N/A;N/A;UY;N/A;N/A;N/A;N/A;N/A;N/A;N/A;N/A;N/A;N/A;N/A;N/A;N/A;N/A;N/A;N/A;N/A;N/A;N/A;N/A;N/A;N/A;N/A;N/A;N/A;N/A;N/A;N/A;N/A;N/A;N/A;N/A;N/A;N/A;N/A;N/A;N/A;N/A;N/A;N/A;N/A;N/A;N/A;N/A;N/A;N/A;N/A;N/A;N/A;N/A;N/A;N/A;N/A;N/A;N/A;N/A;N/A;N/A;N/A;N/A;N/A;N/A;N/A;N/A;N/A;N/A;N/A;N/A;N/A;N/A;N/A;N/A;N/A;N/A;N/A;N/A;N/A;N/A;N/A;N/A;N/A;N/A;N/A;N/A;N/A;N/A;N/A;N/A;N/A;Sí;N/A;Sí;N/A;Sí;Sí;N/A;N/A;N/A;Sí;N/A;N/A;N/A;Sí;N/A;Sí;Sí;N/A;N/A;N/A;N/A;N/A;N/A;N/A;N/A;N/A
Hyundai;HB20;"1.6 Sport 5p";2018;"72249 km";;ALEBARCELO175;14390;;;;;Buceo;https://auto.mercadolibre.com.uy/MLU-646775459-hyundai-hb20-2018-16-sport-5p-_JM;N/A;;"Hyundai Hb20 2018 1.6 Sport 5p";usd;Sí;gold_premium;false;N/A;N/A;http://perfil.mercadolibre.com.uy/ALEBARCELO175;active;N/A;N/A;Usado;N/A;N/A;Hidráulica;Delantera;Sí;N/A;Sí;N/A;N/A;N/A;N/A;N/A;N/A;N/A;N/A;N/A;N/A;N/A;N/A;N/A;N/A;N/A;N/A;N/A;N/A;N/A;N/A;N/A;N/A;"2500 mm";"1.6 L";"50 L";6;N/A;N/A;N/A;N/A;N/A;N/A;N/A;N/A;N/A;N/A;N/A;N/A;N/A;N/A;N/A;N/A;N/A;N/A;N/A;N/A;N/A;N/A;N/A;N/A;N/A;N/A;N/A;N/A;N/A;N/A;N/A;N/A;N/A;Sí;Sí;N/A;N/A;N/A;N/A;N/A;N/A;N/A;N/A;N/A;N/A;"1470 mm";"3920 mm";N/A;N/A;N/A;N/A;5;"122 hp";Sport;N/A;4;"1680 mm";N/A;N/A;N/A;N/A;Sí;N/A;N/A;Sí;Sí;N/A;N/A;"13.8 km/l";N/A;N/A;N/A;N/A;N/A;N/A;5;1.6;Nafta;Manual;Hatchback;"Autos y camionetas";N/A;N/A;N/A;N/A;N/A;N/A;UY;N/A;N/A;N/A;N/A;N/A;N/A;N/A;N/A;N/A;N/A;N/A;N/A;N/A;N/A;N/A;N/A;N/A;N/A;N/A;N/A;N/A;N/A;N/A;N/A;N/A;N/A;N/A;N/A;N/A;N/A;N/A;N/A;N/A;N/A;N/A;N/A;N/A;N/A;N/A;N/A;N/A;N/A;N/A;N/A;N/A;N/A;N/A;N/A;N/A;N/A;N/A;N/A;N/A;N/A;N/A;N/A;N/A;N/A;N/A;N/A;N/A;N/A;N/A;N/A;N/A;N/A;N/A;N/A;N/A;N/A;N/A;N/A;N/A;N/A;N/A;N/A;N/A;N/A;N/A;N/A;N/A;N/A;N/A;N/A;N/A;N/A;N/A;N/A;N/A;N/A;N/A;N/A;N/A;N/A;N/A;N/A;N/A;N/A;N/A;N/A;N/A;N/A;N/A;N/A;N/A;Sí;N/A;N/A;N/A;Sí;N/A;N/A;Sí;N/A;Sí
Hyundai;Creta;"1.0 T-Gdi Safe At";2022;"16000 km";;FABCASTELL;28000;;;;;Centro;https://auto.mercadolibre.com.uy/MLU-703511972-hyundai-creta-10-t-gdi-safe-at-unico-dueno-_JM;N/A;;"Hyundai Creta 1.0 T-gdi Safe At (único Dueño)";usd;Sí;gold_premium;false;N/A;N/A;http://perfil.mercadolibre.com.uy/FABCASTELL;active;N/A;N/A;Usado;Blanco;Sí;Asistida;4x2;Sí;Sí;N/A;N/A;N/A;Sí;N/A;N/A;N/A;N/A;N/A;Sí;Sí;N/A;Sí;N/A;N/A;N/A;N/A;N/A;N/A;N/A;N/A;N/A;N/A;"2610 mm";"1 L";"50 L";6;N/A;N/A;N/A;N/A;N/A;No;N/A;N/A;N/A;N/A;N/A;N/A;N/A;N/A;N/A;N/A;N/A;N/A;N/A;N/A;N/A;N/A;N/A;N/A;N/A;N/A;N/A;N/A;N/A;No;N/A;N/A;N/A;N/A;N/A;N/A;N/A;N/A;N/A;N/A;N/A;N/A;N/A;N/A;N/A;"1635 mm";"4290 mm";N/A;N/A;N/A;N/A;5;"120 hp";Safe;N/A;4;"1790 mm";N/A;N/A;N/A;Sí;Sí;N/A;Sí;Sí;N/A;No;N/A;N/A;Sí;No;N/A;N/A;No;N/A;5;1.0;Nafta;Automática;SUV;"Autos y camionetas";Sí;N/A;N/A;N/A;No;N/A;UY;N/A;No;N/A;N/A;N/A;N/A;N/A;N/A;N/A;N/A;N/A;N/A;N/A;N/A;N/A;N/A;N/A;Sí;N/A;N/A;N/A;N/A;N/A;N/A;N/A;N/A;N/A;N/A;N/A;N/A;N/A;N/A;N/A;N/A;N/A;N/A;Sí;N/A;N/A;N/A;N/A;N/A;N/A;N/A;N/A;N/A;N/A;N/A;N/A;N/A;N/A;N/A;N/A;N/A;Sí;N/A;N/A;N/A;N/A;N/A;N/A;N/A;N/A;N/A;N/A;N/A;N/A;N/A;N/A;N/A;N/A;N/A;N/A;N/A;N/A;N/A;N/A;N/A;N/A;N/A;N/A;N/A;N/A;N/A;N/A;N/A;N/A;N/A;No;Sí;Sí;Sí;N/A;Sí;N/A;N/A;N/A;N/A;Sí;Sí;Sí;Sí;N/A;N/A;Sí;Sí;Sí;Sí;Sí;Sí;N/A;N/A;Sí;N/A;Sí
Hyundai;Creta;"1.6 Gl";2016;"120000 km";;LENI1761900;18890;;;;;Carrasco;https://auto.mercadolibre.com.uy/MLU-703654802-hyundai-creta-16-gls-limited-_JM;N/A;;"Hyundai Creta 1.6 Gls Limited";usd;Sí;gold_premium;false;N/A;N/A;http://perfil.mercadolibre.com.uy/LENI1761900;active;N/A;N/A;Usado;Gris;Sí;Eléctrica;4x2;Sí;Sí;Sí;N/A;N/A;No;N/A;N/A;No;N/A;N/A;No;Sí;N/A;Sí;N/A;N/A;N/A;N/A;N/A;N/A;N/A;N/A;N/A;N/A;"2590 mm";"1.6 L";"58 L";5;N/A;N/A;N/A;N/A;Sí;No;N/A;N/A;N/A;N/A;N/A;N/A;N/A;N/A;N/A;N/A;N/A;N/A;N/A;N/A;N/A;N/A;N/A;N/A;N/A;N/A;N/A;N/A;N/A;Sí;N/A;Sí;Sí;Sí;Sí;N/A;N/A;N/A;N/A;N/A;N/A;N/A;N/A;N/A;N/A;"1635 mm";"4440 mm";N/A;N/A;N/A;N/A;5;"163 hp";Gl;N/A;4;"1898 mm";N/A;Sí;N/A;No;Sí;N/A;Sí;Sí;N/A;No;N/A;N/A;Sí;No;N/A;N/A;Sí;24HS;5;1.6;Nafta;Manual;SUV;"Autos y camionetas";Sí;N/A;N/A;N/A;Sí;N/A;UY;N/A;No;N/A;No;N/A;N/A;N/A;N/A;N/A;N/A;N/A;N/A;N/A;N/A;N/A;N/A;N/A;No;N/A;N/A;N/A;N/A;N/A;N/A;N/A;N/A;N/A;N/A;N/A;N/A;N/A;N/A;N/A;N/A;N/A;N/A;No;N/A;N/A;N/A;N/A;N/A;N/A;N/A;N/A;N/A;N/A;N/A;N/A;N/A;N/A;N/A;N/A;N/A;No;Sí;N/A;N/A;N/A;N/A;N/A;N/A;N/A;N/A;N/A;N/A;N/A;N/A;N/A;N/A;N/A;N/A;N/A;N/A;N/A;N/A;N/A;N/A;N/A;N/A;N/A;N/A;N/A;N/A;N/A;N/A;N/A;N/A;No;Sí;Sí;Sí;N/A;Sí;N/A;N/A;Sí;N/A;Sí;No;No;Sí;N/A;N/A;Sí;Sí;Sí;Sí;Sí;Sí;Sí;No;Sí;N/A;Sí
Hyundai;Creta;"1.6 Limited Premium At";2018;"129000 km";;"VOITURET AUTOMOVILES";18900;;;;;"Barra de Carrasco";https://auto.mercadolibre.com.uy/MLU-694972574-hyundai-creta-2018-16-limited-premium-at-_JM;N/A;;"Hyundai Creta 2018 1.6 Limited Premium At";usd;Sí;gold_premium;false;N/A;N/A;http://perfil.mercadolibre.com.uy/VOITURET+AUTOMOVILES;active;N/A;N/A;Usado;Blanco;N/A;Eléctrica;4x2;N/A;N/A;Sí;N/A;N/A;N/A;N/A;N/A;N/A;N/A;N/A;N/A;N/A;N/A;N/A;N/A;N/A;N/A;N/A;N/A;N/A;N/A;N/A;N/A;N/A;"2590 mm";"1.6 L";"58 L";5;N/A;N/A;N/A;N/A;N/A;N/A;N/A;N/A;N/A;N/A;N/A;N/A;N/A;N/A;N/A;N/A;N/A;N/A;N/A;N/A;N/A;N/A;N/A;N/A;N/A;N/A;N/A;N/A;N/A;N/A;N/A;N/A;N/A;Sí;Sí;N/A;N/A;N/A;N/A;N/A;N/A;N/A;N/A;N/A;N/A;"1635 mm";"4440 mm";N/A;N/A;N/A;N/A;5;"163 hp";"Limited Premium";N/A;4;"1898 mm";N/A;N/A;N/A;N/A;Sí;N/A;N/A;Sí;N/A;N/A;N/A;N/A;N/A;N/A;N/A;N/A;N/A;N/A;5;1.6;Nafta;Automática;SUV;"Autos y camionetas";N/A;N/A;N/A;N/A;N/A;N/A;UY;N/A;N/A;N/A;N/A;N/A;N/A;N/A;N/A;N/A;N/A;N/A;N/A;N/A;N/A;N/A;N/A;N/A;N/A;N/A;N/A;N/A;N/A;N/A;N/A;N/A;N/A;N/A;N/A;N/A;N/A;N/A;N/A;N/A;N/A;N/A;N/A;N/A;N/A;N/A;N/A;N/A;N/A;N/A;N/A;N/A;N/A;N/A;N/A;N/A;N/A;N/A;N/A;N/A;N/A;N/A;N/A;N/A;N/A;N/A;N/A;N/A;N/A;N/A;N/A;N/A;N/A;N/A;N/A;N/A;N/A;N/A;N/A;N/A;N/A;N/A;N/A;N/A;N/A;N/A;N/A;N/A;N/A;N/A;N/A;N/A;N/A;N/A;N/A;N/A;N/A;N/A;N/A;N/A;N/A;N/A;N/A;N/A;N/A;N/A;N/A;N/A;N/A;N/A;N/A;N/A;Sí;N/A;N/A;N/A;N/A;N/A;N/A;Sí;N/A;N/A
Hyundai;HB20;"1.6 Comfort Plus 5p";2018;"92000 km";;GARAGEDGM20231128113016;13990;;;;;"Malvin Norte";https://auto.mercadolibre.com.uy/MLU-704224670-hyundai-hb20-2018-16-comfort-plus-5p-_JM;N/A;;"Hyundai Hb20 2018 1.6 Comfort Plus 5p";usd;Sí;gold_premium;false;N/A;N/A;http://perfil.mercadolibre.com.uy/GARAGEDGM20231128113016;active;N/A;N/A;Usado;N/A;N/A;Hidráulica;Delantera;Sí;N/A;Sí;N/A;N/A;N/A;N/A;N/A;N/A;N/A;N/A;N/A;N/A;N/A;N/A;N/A;N/A;N/A;N/A;N/A;N/A;N/A;N/A;N/A;N/A;"2500 mm";"1.6 L";"50 L";6;N/A;N/A;N/A;N/A;N/A;N/A;N/A;N/A;N/A;N/A;N/A;N/A;N/A;N/A;N/A;N/A;N/A;N/A;N/A;N/A;N/A;N/A;N/A;N/A;N/A;N/A;N/A;N/A;N/A;N/A;N/A;N/A;N/A;Sí;Sí;N/A;N/A;N/A;N/A;N/A;N/A;N/A;N/A;N/A;N/A;"1470 mm";"3920 mm";N/A;N/A;N/A;N/A;5;"122 hp";"Comfort Plus";N/A;4;"1680 mm";N/A;N/A;N/A;N/A;Sí;N/A;N/A;Sí;Sí;N/A;N/A;"13.8 km/l";N/A;N/A;N/A;N/A;N/A;N/A;5;1.6;Nafta;Manual;Hatchback;"Autos y camionetas";N/A;N/A;N/A;N/A;N/A;N/A;UY;N/A;N/A;N/A;N/A;N/A;N/A;N/A;N/A;N/A;N/A;N/A;N/A;N/A;N/A;N/A;N/A;N/A;N/A;N/A;N/A;N/A;N/A;N/A;N/A;N/A;N/A;N/A;N/A;N/A;N/A;N/A;N/A;N/A;N/A;N/A;N/A;N/A;N/A;N/A;N/A;N/A;N/A;N/A;N/A;N/A;N/A;N/A;N/A;N/A;N/A;N/A;N/A;N/A;N/A;N/A;N/A;N/A;N/A;N/A;N/A;N/A;N/A;N/A;N/A;N/A;N/A;N/A;N/A;N/A;N/A;N/A;N/A;N/A;N/A;N/A;N/A;N/A;N/A;N/A;N/A;N/A;N/A;N/A;N/A;N/A;N/A;N/A;N/A;N/A;N/A;N/A;N/A;N/A;N/A;N/A;N/A;N/A;N/A;N/A;N/A;N/A;N/A;N/A;N/A;N/A;Sí;N/A;N/A;N/A;Sí;N/A;N/A;Sí;N/A;Sí
Hyundai;HB20;"1.6 Comfort Plus 5p";2018;"76000 km";;GARAGEDGM20231128113016;14290;;;;;"Malvin Norte";https://auto.mercadolibre.com.uy/MLU-646947391-hyundai-hb20-2018-16-comfort-plus-5p-_JM;N/A;;"Hyundai Hb20 2018 1.6 Comfort Plus 5p";usd;Sí;gold_premium;false;N/A;N/A;http://perfil.mercadolibre.com.uy/GARAGEDGM20231128113016;active;N/A;N/A;Usado;N/A;N/A;Hidráulica;Delantera;Sí;N/A;Sí;N/A;N/A;N/A;N/A;N/A;N/A;N/A;N/A;N/A;N/A;N/A;N/A;N/A;N/A;N/A;N/A;N/A;N/A;N/A;N/A;N/A;N/A;"2500 mm";"1.6 L";"50 L";6;N/A;N/A;N/A;N/A;N/A;N/A;N/A;N/A;N/A;N/A;N/A;N/A;N/A;N/A;N/A;N/A;N/A;N/A;N/A;N/A;N/A;N/A;N/A;N/A;N/A;N/A;N/A;N/A;N/A;N/A;N/A;N/A;N/A;Sí;Sí;N/A;N/A;N/A;N/A;N/A;N/A;N/A;N/A;N/A;N/A;"1470 mm";"3920 mm";N/A;N/A;N/A;N/A;5;"122 hp";"Comfort Plus";N/A;4;"1680 mm";N/A;N/A;N/A;N/A;Sí;N/A;N/A;Sí;Sí;N/A;N/A;"13.8 km/l";N/A;N/A;N/A;N/A;N/A;N/A;5;1.6;Nafta;Manual;Hatchback;"Autos y camionetas";N/A;N/A;N/A;N/A;N/A;N/A;UY;N/A;N/A;N/A;N/A;N/A;N/A;N/A;N/A;N/A;N/A;N/A;N/A;N/A;N/A;N/A;N/A;N/A;N/A;N/A;N/A;N/A;N/A;N/A;N/A;N/A;N/A;N/A;N/A;N/A;N/A;N/A;N/A;N/A;N/A;N/A;N/A;N/A;N/A;N/A;N/A;N/A;N/A;N/A;N/A;N/A;N/A;N/A;N/A;N/A;N/A;N/A;N/A;N/A;N/A;N/A;N/A;N/A;N/A;N/A;N/A;N/A;N/A;N/A;N/A;N/A;N/A;N/A;N/A;N/A;N/A;N/A;N/A;N/A;N/A;N/A;N/A;N/A;N/A;N/A;N/A;N/A;N/A;N/A;N/A;N/A;N/A;N/A;N/A;N/A;N/A;N/A;N/A;N/A;N/A;N/A;N/A;N/A;N/A;N/A;N/A;N/A;N/A;N/A;N/A;N/A;Sí;N/A;N/A;N/A;Sí;N/A;N/A;Sí;N/A;Sí
Hyundai;Tucson;"1.6 Tgdi Tct";2017;"147861 km";;LASALVIADANIEL20231020092608;24450;;;;;"La Comercial";https://auto.mercadolibre.com.uy/MLU-703914252-hyundai-tucson-16-turbo-tgdi-safe-full-automatica-2017-_JM;N/A;;"Hyundai Tucson 1.6 Turbo Tgdi Safe Full Automática 2017";usd;Sí;gold_premium;false;N/A;N/A;http://perfil.mercadolibre.com.uy/LASALVIADANIEL20231020092608;active;N/A;N/A;Usado;Blanco;Sí;Hidráulica;4x2;Sí;Sí;N/A;N/A;N/A;Sí;N/A;N/A;N/A;N/A;N/A;Sí;N/A;N/A;N/A;N/A;N/A;N/A;N/A;N/A;N/A;N/A;N/A;N/A;N/A;"2670 mm";"1.6 L";"62 L";7;N/A;N/A;N/A;N/A;N/A;Sí;N/A;N/A;N/A;N/A;N/A;N/A;N/A;N/A;N/A;N/A;N/A;N/A;N/A;N/A;N/A;N/A;N/A;N/A;N/A;N/A;N/A;N/A;N/A;N/A;N/A;N/A;N/A;N/A;N/A;N/A;N/A;N/A;N/A;N/A;N/A;N/A;N/A;N/A;N/A;"1660 mm";"4475 mm";N/A;N/A;N/A;N/A;5;"132 hp";N/A;N/A;4;"1850 mm";N/A;N/A;N/A;N/A;Sí;N/A;N/A;Sí;N/A;N/A;N/A;N/A;N/A;N/A;N/A;N/A;Sí;N/A;5;1.6;Nafta;Automática;Hatchback;"Autos y camionetas";N/A;N/A;N/A;N/A;N/A;N/A;UY;N/A;Sí;N/A;N/A;N/A;N/A;N/A;N/A;N/A;N/A;N/A;N/A;N/A;N/A;N/A;N/A;N/A;Sí;N/A;N/A;N/A;N/A;N/A;N/A;N/A;N/A;N/A;N/A;N/A;N/A;N/A;N/A;N/A;N/A;N/A;N/A;N/A;N/A;N/A;N/A;N/A;N/A;N/A;N/A;N/A;N/A;N/A;N/A;N/A;N/A;N/A;N/A;N/A;N/A;N/A;Sí;N/A;N/A;N/A;N/A;N/A;N/A;N/A;N/A;N/A;N/A;N/A;N/A;N/A;N/A;N/A;N/A;N/A;N/A;N/A;N/A;N/A;N/A;N/A;N/A;N/A;N/A;N/A;N/A;N/A;N/A;N/A;N/A;N/A;Sí;N/A;Sí;N/A;N/A;N/A;N/A;N/A;N/A;Sí;N/A;N/A;Sí;N/A;N/A;Sí;Sí;Sí;Sí;Sí;Sí;N/A;N/A;Sí;N/A;Sí
Hyundai;Tucson;"1.6t Gdi Sport At";2020;"60000 km";;BENELLIIGNACIO;34900;;;;;Pocitos;https://auto.mercadolibre.com.uy/MLU-703353528-hyundai-tucson-16t-gdi-sport-at-_JM;N/A;;"Hyundai Tucson 1.6t Gdi Sport At";usd;Sí;gold_premium;false;N/A;N/A;http://perfil.mercadolibre.com.uy/BENELLIIGNACIO;active;N/A;N/A;Usado;Negro;Sí;Eléctrica;4x2;Sí;N/A;N/A;N/A;N/A;N/A;N/A;N/A;N/A;N/A;N/A;N/A;N/A;N/A;N/A;N/A;N/A;N/A;N/A;N/A;N/A;N/A;N/A;N/A;N/A;"2670 mm";"1.6 L";"62 L";7;N/A;N/A;N/A;N/A;N/A;N/A;N/A;N/A;N/A;N/A;N/A;N/A;N/A;N/A;N/A;N/A;N/A;N/A;N/A;N/A;N/A;N/A;N/A;N/A;N/A;N/A;N/A;N/A;N/A;N/A;N/A;N/A;N/A;N/A;N/A;N/A;N/A;N/A;N/A;N/A;N/A;N/A;N/A;N/A;N/A;"1660 mm";"4475 mm";N/A;N/A;N/A;N/A;5;"132 hp";N/A;N/A;4;"1850 mm";N/A;N/A;N/A;N/A;N/A;N/A;N/A;N/A;N/A;N/A;N/A;N/A;N/A;N/A;N/A;N/A;N/A;N/A;5;1.6;Nafta;Automática;SUV;"Autos y camionetas";N/A;N/A;N/A;N/A;N/A;N/A;UY;N/A;N/A;N/A;N/A;N/A;N/A;N/A;N/A;N/A;N/A;N/A;N/A;N/A;N/A;N/A;N/A;N/A;N/A;N/A;N/A;N/A;N/A;N/A;N/A;N/A;N/A;N/A;N/A;N/A;N/A;N/A;N/A;N/A;N/A;N/A;N/A;N/A;N/A;N/A;N/A;N/A;N/A;N/A;N/A;N/A;N/A;N/A;N/A;N/A;N/A;N/A;N/A;N/A;N/A;N/A;N/A;N/A;N/A;N/A;N/A;N/A;N/A;N/A;N/A;N/A;N/A;N/A;N/A;N/A;N/A;N/A;N/A;N/A;N/A;N/A;N/A;N/A;N/A;N/A;N/A;N/A;N/A;N/A;N/A;N/A;N/A;N/A;N/A;N/A;Sí;N/A;N/A;N/A;N/A;N/A;N/A;N/A;N/A;Sí;N/A;N/A;N/A;N/A;N/A;N/A;N/A;N/A;N/A;N/A;N/A;N/A;N/A;N/A;N/A;N/A
Hyundai;HB20S;"1.6 Comfort Plus 4p";2018;"92000 km";;GARAGEDGM20231128113016;13990;;;;;"Malvin Norte";https://auto.mercadolibre.com.uy/MLU-701807548-hyundai-hb20s-2018-16-comfort-plus-4p-_JM;N/A;;"Hyundai Hb20s 2018 1.6 Comfort Plus 4p";usd;Sí;gold_premium;false;N/A;N/A;http://perfil.mercadolibre.com.uy/GARAGEDGM20231128113016;active;N/A;N/A;Usado;N/A;N/A;Hidráulica;Delantera;Sí;N/A;N/A;N/A;N/A;N/A;N/A;N/A;N/A;N/A;N/A;N/A;N/A;N/A;N/A;N/A;N/A;N/A;N/A;N/A;N/A;N/A;N/A;N/A;N/A;"2500 mm";"1.6 L";"50 L";5;N/A;N/A;N/A;N/A;N/A;N/A;N/A;N/A;N/A;N/A;N/A;N/A;N/A;N/A;N/A;N/A;N/A;N/A;N/A;N/A;N/A;N/A;N/A;N/A;N/A;N/A;N/A;N/A;N/A;N/A;N/A;N/A;N/A;Sí;Sí;N/A;N/A;N/A;N/A;N/A;N/A;N/A;N/A;N/A;N/A;"1500 mm";"4200 mm";N/A;N/A;N/A;N/A;5;"122 hp";"Comfort Plus";N/A;4;"1680 mm";N/A;N/A;N/A;N/A;Sí;N/A;N/A;Sí;Sí;N/A;N/A;"12.8 km/l";N/A;N/A;N/A;N/A;N/A;N/A;4;1.6;Nafta;Manual;Sedán;"Autos y camionetas";N/A;N/A;N/A;N/A;N/A;N/A;UY;N/A;N/A;N/A;N/A;N/A;N/A;N/A;N/A;N/A;N/A;N/A;N/A;N/A;N/A;N/A;N/A;N/A;N/A;N/A;N/A;N/A;N/A;N/A;N/A;N/A;N/A;N/A;N/A;N/A;N/A;N/A;N/A;N/A;N/A;N/A;N/A;N/A;N/A;N/A;N/A;N/A;N/A;N/A;N/A;N/A;N/A;N/A;N/A;N/A;N/A;N/A;N/A;N/A;N/A;N/A;N/A;N/A;N/A;N/A;N/A;N/A;N/A;N/A;N/A;N/A;N/A;N/A;N/A;N/A;N/A;N/A;N/A;N/A;N/A;N/A;N/A;N/A;N/A;N/A;N/A;N/A;N/A;N/A;N/A;N/A;N/A;N/A;N/A;N/A;N/A;N/A;N/A;N/A;N/A;N/A;N/A;N/A;N/A;N/A;N/A;N/A;N/A;N/A;N/A;N/A;Sí;N/A;N/A;N/A;Sí;N/A;N/A;Sí;N/A;Sí
Hyundai;HB20;"1.0 Premium Mt";2023;"45000 km";;MAXIDZVENTAS;16400;;;;;Sauce;https://auto.mercadolibre.com.uy/MLU-703811152-hyundai-hb20-10-premium-mt-_JM;N/A;;"Hyundai Hb20 1.0 Premium Mt";usd;Sí;gold_premium;false;N/A;N/A;http://perfil.mercadolibre.com.uy/MAXIDZVENTAS;active;N/A;N/A;Usado;Gris;Sí;Hidráulica;Delantera;Sí;Sí;Sí;N/A;N/A;N/A;N/A;N/A;N/A;N/A;N/A;Sí;Sí;N/A;N/A;N/A;N/A;N/A;N/A;N/A;N/A;N/A;N/A;N/A;N/A;"2500 mm";"1 L";"50 L";6;N/A;N/A;N/A;N/A;N/A;N/A;N/A;N/A;N/A;N/A;N/A;N/A;N/A;N/A;N/A;N/A;N/A;N/A;N/A;N/A;N/A;N/A;N/A;N/A;N/A;N/A;N/A;N/A;N/A;N/A;N/A;N/A;N/A;Sí;Sí;N/A;N/A;N/A;N/A;N/A;N/A;N/A;N/A;N/A;N/A;"1470 mm";"3920 mm";N/A;N/A;N/A;N/A;5;"80 hp";N/A;N/A;4;"1680 mm";N/A;N/A;N/A;N/A;Sí;N/A;Sí;Sí;Sí;N/A;N/A;"13.8 km/l";N/A;N/A;N/A;N/A;Sí;N/A;5;1.0;Nafta;Manual;Hatchback;"Autos y camionetas";N/A;N/A;N/A;N/A;N/A;N/A;UY;N/A;N/A;N/A;N/A;N/A;N/A;N/A;N/A;N/A;N/A;N/A;N/A;N/A;N/A;N/A;N/A;N/A;Sí;N/A;N/A;N/A;N/A;N/A;N/A;N/A;N/A;N/A;N/A;N/A;N/A;N/A;N/A;N/A;N/A;N/A;N/A;N/A;N/A;N/A;N/A;N/A;N/A;N/A;N/A;N/A;N/A;N/A;N/A;N/A;N/A;N/A;N/A;N/A;N/A;N/A;N/A;N/A;N/A;N/A;N/A;N/A;N/A;N/A;N/A;N/A;N/A;N/A;N/A;N/A;N/A;N/A;N/A;N/A;N/A;N/A;N/A;N/A;N/A;N/A;N/A;N/A;N/A;N/A;N/A;N/A;N/A;N/A;N/A;N/A;Sí;Sí;Sí;N/A;Sí;N/A;N/A;N/A;N/A;Sí;N/A;N/A;Sí;N/A;N/A;Sí;Sí;Sí;Sí;N/A;Sí;N/A;N/A;Sí;N/A;Sí
Hyundai;Tucson;"1.6T Gdi Safe 2Wd At";2023;"20114 km";;PANANIN;38900;;;;;Buceo;https://auto.mercadolibre.com.uy/MLU-703683326-hyundai-tucson-16t-gdi-safe-2wd-at-_JM;N/A;;"Hyundai Tucson 1.6t Gdi Safe 2wd At";usd;Sí;gold_premium;false;N/A;N/A;http://perfil.mercadolibre.com.uy/PANANIN;active;N/A;N/A;Usado;Gris;Sí;Asistida;Delantera;Sí;Sí;N/A;N/A;N/A;Sí;N/A;N/A;Sí;N/A;N/A;Sí;Sí;N/A;No;N/A;N/A;N/A;N/A;N/A;N/A;N/A;N/A;N/A;N/A;"2755 mm";"1.6 L";"54 L";7;N/A;N/A;N/A;N/A;N/A;Sí;N/A;N/A;N/A;N/A;N/A;N/A;N/A;N/A;N/A;N/A;N/A;N/A;N/A;N/A;N/A;N/A;N/A;N/A;N/A;N/A;N/A;N/A;N/A;No;N/A;N/A;N/A;N/A;N/A;N/A;N/A;N/A;N/A;N/A;N/A;N/A;N/A;N/A;N/A;"1665 mm";"4630 mm";N/A;N/A;N/A;N/A;5;"180 hp";Safe;N/A;4;"1865 mm";N/A;Sí;N/A;Sí;Sí;N/A;N/A;Sí;N/A;No;N/A;N/A;N/A;No;N/A;N/A;Sí;"Lunes a viernes de 9 a 17 horas";5;1.6;Nafta;Automática;SUV;"Autos y camionetas";No;N/A;N/A;N/A;No;N/A;UY;N/A;No;N/A;No;N/A;N/A;N/A;N/A;N/A;N/A;N/A;N/A;N/A;N/A;N/A;N/A;N/A;Sí;N/A;N/A;N/A;N/A;N/A;N/A;N/A;N/A;N/A;N/A;N/A;N/A;N/A;N/A;N/A;N/A;N/A;N/A;Sí;N/A;N/A;N/A;N/A;N/A;N/A;N/A;N/A;N/A;N/A;N/A;N/A;N/A;N/A;N/A;N/A;N/A;Sí;N/A;N/A;N/A;N/A;N/A;N/A;N/A;N/A;N/A;N/A;N/A;N/A;N/A;N/A;N/A;N/A;N/A;N/A;N/A;N/A;N/A;N/A;N/A;N/A;N/A;N/A;N/A;N/A;N/A;N/A;N/A;N/A;N/A;No;Sí;Sí;Sí;N/A;Sí;N/A;N/A;N/A;N/A;Sí;Sí;Sí;Sí;N/A;N/A;Sí;Sí;Sí;Sí;Sí;Sí;No;No;Sí;N/A;Sí
Hyundai;Tucson;"1.6t Gdi Sport At";2019;"118000 km";;AMMA5044137;29900;;;;;Rocha;https://auto.mercadolibre.com.uy/MLU-703237376-hyundai-tucson-16t-gdi-sport-at-_JM;N/A;;"Hyundai Tucson 1.6t Gdi Sport At";usd;Sí;gold_premium;false;N/A;N/A;http://perfil.mercadolibre.com.uy/AMMA5044137;active;N/A;N/A;Usado;Gris;Sí;Hidráulica;4x2;Sí;N/A;N/A;N/A;N/A;N/A;N/A;N/A;N/A;N/A;N/A;N/A;N/A;N/A;N/A;N/A;N/A;N/A;N/A;N/A;N/A;N/A;N/A;N/A;N/A;"2670 mm";"1.6 L";"62 L";7;N/A;N/A;N/A;N/A;N/A;N/A;N/A;N/A;N/A;N/A;N/A;N/A;N/A;N/A;N/A;N/A;N/A;N/A;N/A;N/A;N/A;N/A;N/A;N/A;N/A;N/A;N/A;N/A;N/A;N/A;N/A;N/A;N/A;N/A;N/A;N/A;N/A;N/A;N/A;N/A;N/A;N/A;N/A;N/A;N/A;"1660 mm";"4475 mm";N/A;N/A;N/A;N/A;5;"132 hp";N/A;N/A;4;"1850 mm";N/A;N/A;N/A;N/A;N/A;N/A;N/A;N/A;N/A;N/A;N/A;N/A;N/A;N/A;N/A;N/A;N/A;N/A;5;1.6;Nafta;Automática;SUV;"Autos y camionetas";N/A;N/A;N/A;N/A;N/A;N/A;UY;N/A;N/A;N/A;N/A;N/A;N/A;N/A;N/A;N/A;N/A;N/A;N/A;N/A;N/A;N/A;N/A;N/A;N/A;N/A;N/A;N/A;N/A;N/A;N/A;N/A;N/A;N/A;N/A;N/A;N/A;N/A;N/A;N/A;N/A;N/A;N/A;N/A;N/A;N/A;N/A;N/A;N/A;N/A;N/A;N/A;N/A;N/A;N/A;N/A;N/A;N/A;N/A;N/A;N/A;N/A;N/A;N/A;N/A;N/A;N/A;N/A;N/A;N/A;N/A;N/A;N/A;N/A;N/A;N/A;N/A;N/A;N/A;N/A;N/A;N/A;N/A;N/A;N/A;N/A;N/A;N/A;N/A;N/A;N/A;N/A;N/A;N/A;N/A;N/A;Sí;N/A;N/A;N/A;N/A;N/A;N/A;N/A;N/A;Sí;N/A;N/A;N/A;N/A;N/A;N/A;N/A;N/A;N/A;N/A;N/A;N/A;N/A;N/A;N/A;N/A
Hyundai;H100;"2.0 Van";2000;"37500 km";;99MAURICIO;12500;;;;;"Aires Puros";https://auto.mercadolibre.com.uy/MLU-647114541-hyundai-h100-_JM;N/A;;"Hyundai H100";USD;No;gold_premium;false;N/A;N/A;http://perfil.mercadolibre.com.uy/99MAURICIO;active;N/A;N/A;Usado;Blanco;N/A;Hidráulica;Trasera;N/A;N/A;N/A;N/A;N/A;N/A;N/A;N/A;N/A;N/A;N/A;N/A;N/A;N/A;N/A;N/A;N/A;N/A;N/A;N/A;N/A;N/A;N/A;N/A;N/A;N/A;N/A;N/A;N/A;N/A;N/A;N/A;N/A;N/A;N/A;N/A;N/A;N/A;N/A;N/A;N/A;N/A;N/A;N/A;N/A;N/A;N/A;N/A;N/A;N/A;N/A;N/A;N/A;N/A;N/A;N/A;N/A;N/A;N/A;N/A;N/A;N/A;N/A;N/A;N/A;N/A;N/A;N/A;N/A;N/A;N/A;N/A;N/A;N/A;N/A;N/A;N/A;N/A;N/A;N/A;N/A;N/A;N/A;N/A;N/A;N/A;N/A;N/A;N/A;N/A;N/A;N/A;N/A;N/A;N/A;N/A;N/A;N/A;N/A;N/A;N/A;N/A;N/A;N/A;3;2.0;Nafta;Manual;Minivan;"Autos y camionetas";N/A;N/A;N/A;N/A;N/A;N/A;N/A;N/A;N/A;N/A;N/A;N/A;N/A;N/A;N/A;N/A;N/A;N/A;N/A;N/A;N/A;N/A;N/A;N/A;N/A;N/A;N/A;N/A;N/A;N/A;N/A;N/A;N/A;N/A;N/A;N/A;N/A;N/A;N/A;N/A;N/A;N/A;N/A;N/A;N/A;N/A;N/A;N/A;N/A;N/A;N/A;N/A;N/A;N/A;N/A;N/A;N/A;N/A;N/A;N/A;N/A;N/A;N/A;N/A;N/A;N/A;N/A;N/A;N/A;N/A;N/A;N/A;N/A;N/A;N/A;N/A;N/A;N/A;N/A;N/A;N/A;N/A;N/A;N/A;N/A;N/A;N/A;N/A;N/A;N/A;N/A;N/A;N/A;N/A;N/A;N/A;N/A;N/A;N/A;N/A;N/A;N/A;N/A;N/A;N/A;N/A;N/A;N/A;N/A;N/A;N/A;N/A;N/A;N/A;N/A;N/A;N/A;N/A;N/A;N/A;N/A;N/A
Hyundai;Tucson;"1.6t safe at";2018;"48000 km";;DUSOLLOSRL;30900;;;;;"Parque Rodó";https://auto.mercadolibre.com.uy/MLU-701433300-hyundai-tucson-_JM;N/A;;"Hyundai Tucson";usd;Sí;gold_premium;false;N/A;N/A;http://perfil.mercadolibre.com.uy/DUSOLLOSRL;active;N/A;N/A;Usado;Blanco;Sí;Eléctrica;4x2;Sí;N/A;N/A;N/A;N/A;N/A;N/A;N/A;N/A;N/A;N/A;N/A;N/A;N/A;N/A;N/A;N/A;N/A;N/A;N/A;N/A;N/A;N/A;N/A;N/A;"2670 mm";"1.6 L";"62 L";7;N/A;N/A;N/A;N/A;N/A;N/A;N/A;N/A;N/A;N/A;N/A;N/A;N/A;N/A;N/A;N/A;N/A;N/A;N/A;N/A;N/A;N/A;N/A;N/A;N/A;N/A;N/A;N/A;N/A;N/A;N/A;N/A;N/A;N/A;N/A;N/A;N/A;N/A;N/A;N/A;N/A;N/A;N/A;N/A;N/A;"1660 mm";"4475 mm";N/A;N/A;N/A;N/A;5;"132 hp";N/A;N/A;4;"1850 mm";N/A;N/A;N/A;N/A;N/A;N/A;N/A;N/A;N/A;N/A;N/A;N/A;N/A;N/A;N/A;N/A;N/A;N/A;5;"1.6 turbo";Nafta;Automática;SUV;"Autos y camionetas";N/A;N/A;N/A;N/A;N/A;N/A;UY;N/A;N/A;N/A;N/A;N/A;N/A;N/A;N/A;N/A;N/A;N/A;N/A;N/A;N/A;N/A;N/A;N/A;N/A;N/A;N/A;N/A;N/A;N/A;N/A;N/A;N/A;N/A;N/A;N/A;N/A;N/A;N/A;N/A;N/A;N/A;N/A;N/A;N/A;N/A;N/A;N/A;N/A;N/A;N/A;N/A;N/A;N/A;N/A;N/A;N/A;N/A;N/A;N/A;N/A;N/A;N/A;N/A;N/A;N/A;N/A;N/A;N/A;N/A;N/A;N/A;N/A;N/A;N/A;N/A;N/A;N/A;N/A;N/A;N/A;N/A;N/A;N/A;N/A;N/A;N/A;N/A;N/A;N/A;N/A;N/A;N/A;N/A;N/A;N/A;Sí;N/A;N/A;N/A;N/A;N/A;N/A;N/A;N/A;Sí;N/A;N/A;N/A;N/A;N/A;N/A;N/A;N/A;N/A;N/A;N/A;N/A;N/A;N/A;N/A;N/A
Hyundai;i10;"1.1 GLS MT";2014;"180000 km";;REGE1754627;8300;;;;;Palermo;https://auto.mercadolibre.com.uy/MLU-704631892-hyundai-i10-gls-_JM;N/A;;"Hyundai I10 Gls";USD;Sí;gold_premium;false;N/A;N/A;http://perfil.mercadolibre.com.uy/REGE1754627;active;N/A;N/A;Usado;Negro;N/A;Hidráulica;Delantera;Sí;N/A;N/A;N/A;N/A;N/A;N/A;N/A;N/A;N/A;N/A;N/A;Sí;N/A;N/A;N/A;N/A;N/A;N/A;N/A;N/A;N/A;N/A;N/A;N/A;N/A;N/A;N/A;N/A;N/A;N/A;N/A;N/A;N/A;N/A;N/A;N/A;N/A;N/A;N/A;N/A;N/A;N/A;N/A;N/A;N/A;N/A;N/A;N/A;N/A;N/A;N/A;N/A;N/A;N/A;N/A;N/A;N/A;N/A;N/A;N/A;N/A;N/A;N/A;N/A;N/A;N/A;N/A;N/A;N/A;N/A;N/A;N/A;N/A;N/A;N/A;N/A;N/A;N/A;N/A;N/A;N/A;N/A;N/A;N/A;N/A;N/A;N/A;N/A;N/A;N/A;N/A;N/A;N/A;N/A;N/A;N/A;N/A;N/A;N/A;N/A;N/A;N/A;"24 Hrs";5;1.1;Nafta;Manual;N/A;"Autos y camionetas";N/A;N/A;N/A;N/A;N/A;N/A;N/A;N/A;N/A;N/A;N/A;N/A;N/A;N/A;N/A;N/A;N/A;N/A;N/A;N/A;N/A;N/A;N/A;N/A;N/A;N/A;N/A;N/A;N/A;N/A;N/A;N/A;N/A;N/A;N/A;N/A;N/A;N/A;N/A;N/A;N/A;N/A;N/A;N/A;N/A;N/A;N/A;N/A;N/A;N/A;N/A;N/A;N/A;N/A;N/A;N/A;N/A;N/A;N/A;N/A;N/A;N/A;N/A;N/A;N/A;N/A;N/A;N/A;N/A;N/A;N/A;N/A;N/A;N/A;N/A;N/A;N/A;N/A;N/A;N/A;N/A;N/A;N/A;N/A;N/A;N/A;N/A;N/A;N/A;N/A;N/A;N/A;N/A;N/A;N/A;N/A;N/A;N/A;N/A;N/A;N/A;N/A;N/A;N/A;N/A;N/A;N/A;N/A;N/A;N/A;N/A;N/A;N/A;N/A;Sí;Sí;Sí;N/A;N/A;Sí;N/A;Sí
Hyundai;H1;"2.5 1 170cv Mt";2011;"185000 km";;ANGKOR-VAT;19500;;;;;Centro;https://auto.mercadolibre.com.uy/MLU-703458350-hyundai-h1-tci-12-asientos-minibus-acepta-permuta-hasta-50-_JM;N/A;;"Hyundai H1 Tci 12 Asientos Minibus Acepta Permuta  Hasta 50%";usd;Sí;gold_premium;false;N/A;N/A;http://perfil.mercadolibre.com.uy/ANGKOR-VAT;active;N/A;N/A;Usado;Blanco;N/A;Hidráulica;Delantera;No;No;Sí;N/A;N/A;Sí;N/A;N/A;No;N/A;N/A;No;Sí;N/A;No;N/A;N/A;N/A;N/A;N/A;N/A;N/A;N/A;N/A;N/A;"3201 mm";"2.5 L";"75 L";5;N/A;N/A;N/A;N/A;N/A;No;N/A;N/A;N/A;N/A;N/A;N/A;N/A;N/A;N/A;N/A;N/A;N/A;N/A;N/A;N/A;N/A;N/A;N/A;N/A;N/A;N/A;N/A;N/A;No;N/A;Sí;N/A;Sí;N/A;Sí;N/A;N/A;N/A;N/A;N/A;No;N/A;N/A;N/A;"1925 mm";"5125 mm";N/A;N/A;N/A;N/A;12;"170 hp";N/A;N/A;4;"1920 mm";"10.9 km/l";No;N/A;No;Sí;N/A;No;No;N/A;No;N/A;"7.1 km/l";Sí;No;N/A;N/A;Sí;N/A;4;2.5;Diésel;Manual;SUV;"Autos y camionetas";N/A;N/A;N/A;N/A;N/A;N/A;UY;N/A;N/A;N/A;N/A;N/A;N/A;N/A;N/A;N/A;N/A;N/A;N/A;N/A;N/A;N/A;N/A;N/A;Sí;N/A;N/A;N/A;N/A;N/A;N/A;N/A;N/A;N/A;N/A;N/A;N/A;N/A;N/A;N/A;N/A;N/A;N/A;N/A;N/A;N/A;N/A;N/A;N/A;N/A;N/A;N/A;N/A;N/A;N/A;N/A;N/A;N/A;N/A;N/A;N/A;N/A;N/A;N/A;N/A;N/A;N/A;N/A;N/A;N/A;N/A;N/A;N/A;N/A;N/A;N/A;N/A;N/A;N/A;N/A;N/A;N/A;N/A;N/A;N/A;N/A;N/A;N/A;N/A;N/A;N/A;N/A;N/A;N/A;N/A;No;No;No;No;N/A;No;N/A;N/A;Sí;N/A;No;No;No;Sí;N/A;N/A;No;No;No;No;No;No;No;No;No;N/A;No
Hyundai;Accent;"1.5 Gls Mt";2012;"144500 km";;ENRIQUEMASPOLE;10300;;;;;Cordón;https://auto.mercadolibre.com.uy/MLU-702263362-hyundai-accent-i25-gl-14-nafta-sedan-4-puertas-con-pantalla-_JM;N/A;;"Hyundai Accent I25 Gl 1.4 Nafta Sedan 4 Puertas Con Pantalla";usd;Sí;gold_premium;false;N/A;N/A;http://perfil.mercadolibre.com.uy/ENRIQUEMASPOLE;active;N/A;N/A;Usado;Blanco;N/A;Hidráulica;Delantera;Sí;Sí;N/A;N/A;N/A;N/A;N/A;N/A;No;N/A;N/A;Sí;Sí;N/A;No;N/A;N/A;N/A;N/A;N/A;N/A;N/A;N/A;N/A;N/A;"2440 mm";"1.5 L";"45 L";5;N/A;N/A;N/A;N/A;N/A;No;N/A;N/A;N/A;N/A;N/A;N/A;N/A;N/A;N/A;N/A;N/A;N/A;N/A;N/A;N/A;N/A;N/A;N/A;N/A;N/A;N/A;N/A;N/A;No;N/A;N/A;N/A;N/A;N/A;N/A;N/A;N/A;N/A;N/A;N/A;N/A;N/A;N/A;N/A;"1395 mm";"4235 mm";N/A;N/A;N/A;N/A;5;"92 hp";Gls;N/A;3;"1670 mm";"7.2 km/l";N/A;N/A;Sí;Sí;N/A;N/A;N/A;N/A;No;N/A;"4.5 km/l";N/A;No;N/A;N/A;No;"de 9 a 20 hrs";4;1.5;Nafta;Manual;Sedán;"Autos y camionetas";N/A;N/A;N/A;N/A;N/A;N/A;UY;N/A;N/A;N/A;N/A;N/A;N/A;N/A;N/A;N/A;N/A;N/A;N/A;N/A;N/A;N/A;N/A;N/A;Sí;N/A;N/A;N/A;N/A;N/A;N/A;N/A;N/A;N/A;N/A;N/A;N/A;N/A;N/A;N/A;N/A;N/A;N/A;N/A;N/A;N/A;N/A;N/A;N/A;N/A;N/A;N/A;N/A;N/A;N/A;N/A;N/A;N/A;N/A;N/A;N/A;N/A;N/A;N/A;N/A;N/A;N/A;N/A;N/A;N/A;N/A;N/A;N/A;N/A;N/A;N/A;N/A;N/A;N/A;N/A;N/A;N/A;N/A;N/A;N/A;N/A;N/A;N/A;N/A;N/A;N/A;N/A;N/A;N/A;N/A;N/A;Sí;Sí;No;N/A;N/A;N/A;N/A;N/A;N/A;N/A;N/A;N/A;Sí;N/A;N/A;Sí;No;Sí;Sí;Sí;Sí;No;No;Sí;N/A;Sí
Hyundai;Atos;"1.0 Premium";2020;"63000 km";;MAWI6062818;11990;;;;;Aguada;https://auto.mercadolibre.com.uy/MLU-703616588-hyundai-atos-2020-10-premium-_JM;N/A;;"Hyundai Atos 2020 1.0 Premium";usd;Sí;gold_premium;false;N/A;N/A;http://perfil.mercadolibre.com.uy/MAWI6062818;active;N/A;N/A;Usado;N/A;N/A;Hidráulica;Delantera;Sí;N/A;N/A;N/A;N/A;N/A;N/A;N/A;N/A;N/A;N/A;N/A;N/A;N/A;N/A;N/A;N/A;N/A;N/A;N/A;N/A;N/A;N/A;N/A;N/A;"2774 mm";"1 L";"35 L";5;N/A;N/A;N/A;N/A;N/A;N/A;N/A;N/A;N/A;N/A;N/A;N/A;N/A;N/A;N/A;N/A;N/A;N/A;N/A;N/A;N/A;N/A;N/A;N/A;N/A;N/A;N/A;N/A;N/A;N/A;N/A;Sí;N/A;Sí;Sí;N/A;N/A;N/A;N/A;N/A;N/A;N/A;N/A;N/A;N/A;"1570 mm";"3565 mm";N/A;N/A;N/A;N/A;4;"66 hp";Premium;N/A;3;"1891 mm";N/A;N/A;N/A;N/A;Sí;N/A;N/A;N/A;N/A;N/A;N/A;N/A;N/A;N/A;N/A;N/A;N/A;N/A;5;1.0;Nafta;Manual;Hatchback;"Autos y camionetas";N/A;N/A;N/A;N/A;N/A;N/A;UY;N/A;N/A;N/A;N/A;N/A;N/A;N/A;N/A;N/A;N/A;N/A;N/A;N/A;N/A;N/A;N/A;N/A;N/A;N/A;N/A;N/A;N/A;N/A;N/A;N/A;N/A;N/A;N/A;N/A;N/A;N/A;N/A;N/A;N/A;N/A;N/A;N/A;N/A;N/A;N/A;N/A;N/A;N/A;N/A;N/A;N/A;N/A;N/A;N/A;N/A;N/A;N/A;N/A;N/A;N/A;N/A;N/A;N/A;N/A;N/A;N/A;N/A;N/A;N/A;N/A;N/A;N/A;N/A;N/A;N/A;N/A;N/A;N/A;N/A;N/A;N/A;N/A;N/A;N/A;N/A;N/A;N/A;N/A;N/A;N/A;N/A;N/A;N/A;N/A;Sí;N/A;Sí;N/A;N/A;N/A;N/A;Sí;N/A;N/A;N/A;N/A;N/A;N/A;N/A;N/A;N/A;N/A;N/A;N/A;N/A;N/A;N/A;N/A;N/A;N/A
Hyundai;Accent;"SEDAN 4 PUERTAS";1999;"107000 km";;DEAVILAGABRIELA;4900;;;;;"La Blanqueada";https://auto.mercadolibre.com.uy/MLU-703119198-hyundai-accent-13-1995-nuevo-de-todo-us-2450-y-cedula-pto-_JM;N/A;;"Hyundai Accent 1.3 1995 Nuevo De Todo U$s 2450 Y Cedula Pto";USD;No;gold_premium;false;N/A;N/A;http://perfil.mercadolibre.com.uy/DEAVILAGABRIELA;active;N/A;N/A;Usado;Verde;N/A;N/A;N/A;N/A;N/A;N/A;N/A;N/A;N/A;N/A;N/A;N/A;N/A;N/A;N/A;N/A;N/A;N/A;N/A;N/A;N/A;N/A;N/A;N/A;N/A;N/A;N/A;N/A;N/A;N/A;N/A;N/A;N/A;N/A;N/A;N/A;N/A;N/A;N/A;N/A;N/A;N/A;N/A;N/A;N/A;N/A;N/A;N/A;N/A;N/A;N/A;N/A;N/A;N/A;N/A;N/A;N/A;N/A;N/A;N/A;N/A;N/A;N/A;N/A;N/A;N/A;N/A;N/A;N/A;N/A;N/A;N/A;N/A;N/A;N/A;N/A;N/A;N/A;N/A;N/A;N/A;N/A;N/A;N/A;N/A;N/A;N/A;N/A;N/A;N/A;N/A;N/A;N/A;N/A;N/A;N/A;N/A;N/A;N/A;N/A;N/A;N/A;N/A;N/A;N/A;N/A;"24 HORAS";4;1300;Nafta;Manual;N/A;"Autos y camionetas";N/A;N/A;N/A;N/A;N/A;N/A;N/A;N/A;N/A;N/A;N/A;N/A;N/A;N/A;N/A;N/A;N/A;N/A;N/A;N/A;N/A;N/A;N/A;N/A;N/A;N/A;N/A;N/A;N/A;N/A;N/A;N/A;N/A;N/A;N/A;N/A;N/A;N/A;N/A;N/A;N/A;N/A;N/A;N/A;N/A;N/A;N/A;N/A;N/A;N/A;N/A;N/A;N/A;N/A;N/A;N/A;N/A;N/A;N/A;N/A;N/A;N/A;N/A;N/A;N/A;N/A;N/A;N/A;N/A;N/A;N/A;N/A;N/A;N/A;N/A;N/A;N/A;N/A;N/A;N/A;N/A;N/A;N/A;N/A;N/A;N/A;N/A;N/A;N/A;N/A;N/A;N/A;N/A;N/A;N/A;N/A;N/A;N/A;N/A;N/A;N/A;N/A;N/A;N/A;N/A;N/A;N/A;N/A;N/A;N/A;N/A;N/A;N/A;N/A;N/A;N/A;N/A;N/A;N/A;N/A;N/A;N/A
Hyundai;Tucson;"2.0 Gls Premium 6at 4wd";2012;"175000 km";;JUANEL333;17000;;;;;Sayago;https://auto.mercadolibre.com.uy/MLU-702232120-hyundai-tucson-2012-20-gls-premium-6at-4wd-_JM;N/A;;"Hyundai Tucson 2012 2.0 Gls Premium 6at 4wd";usd;Sí;gold_premium;false;N/A;N/A;http://perfil.mercadolibre.com.uy/JUANEL333;active;N/A;N/A;Usado;N/A;N/A;Hidráulica;4x4;N/A;N/A;Sí;N/A;N/A;N/A;N/A;N/A;N/A;N/A;N/A;N/A;N/A;N/A;N/A;N/A;N/A;N/A;N/A;N/A;N/A;N/A;N/A;N/A;N/A;"2630 mm";"2 L";"58 L";6;N/A;N/A;N/A;N/A;N/A;N/A;N/A;N/A;N/A;N/A;N/A;N/A;N/A;N/A;N/A;N/A;N/A;N/A;N/A;N/A;N/A;N/A;N/A;N/A;N/A;N/A;N/A;N/A;N/A;N/A;N/A;Sí;N/A;N/A;N/A;N/A;N/A;N/A;N/A;N/A;N/A;Sí;N/A;N/A;N/A;"1655 mm";"4410 mm";N/A;N/A;N/A;N/A;5;"154 hp";"Gls Premium";N/A;4;"1830 mm";N/A;N/A;N/A;N/A;Sí;N/A;N/A;N/A;N/A;N/A;Sí;N/A;N/A;N/A;N/A;N/A;N/A;N/A;5;2.0;Nafta;Automática;SUV;"Autos y camionetas";N/A;N/A;N/A;N/A;N/A;N/A;UY;N/A;N/A;N/A;N/A;N/A;N/A;N/A;N/A;N/A;N/A;N/A;N/A;N/A;N/A;N/A;N/A;N/A;N/A;N/A;N/A;N/A;N/A;N/A;N/A;N/A;N/A;N/A;N/A;N/A;N/A;N/A;N/A;N/A;N/A;N/A;N/A;N/A;N/A;N/A;N/A;N/A;N/A;N/A;N/A;N/A;N/A;N/A;N/A;N/A;N/A;N/A;N/A;N/A;N/A;N/A;N/A;N/A;N/A;N/A;N/A;N/A;N/A;N/A;N/A;N/A;N/A;N/A;N/A;N/A;N/A;N/A;N/A;N/A;N/A;N/A;N/A;N/A;N/A;N/A;N/A;N/A;N/A;N/A;N/A;N/A;N/A;N/A;N/A;N/A;Sí;N/A;Sí;N/A;N/A;N/A;N/A;N/A;N/A;N/A;N/A;N/A;N/A;Sí;N/A;Sí;N/A;N/A;N/A;N/A;N/A;N/A;N/A;N/A;N/A;N/A
Hyundai;H350;"12000 y CUOTAS";2016;"442000 km";;"VIPERCAR AUTOMOVILES_4";24508;;;;;"Brazo Oriental";https://auto.mercadolibre.com.uy/MLU-704666578-hyundai-h350-12000-y-cuotas-25-2016-impecable-_JM;N/A;;"Hyundai H350 12000 Y Cuotas 2.5 2016 Impecable!";USD;Sí;gold_premium;false;N/A;N/A;http://perfil.mercadolibre.com.uy/VIPERCAR+AUTOMOVILES_4;active;N/A;N/A;Usado;Blanco;N/A;Hidráulica;N/A;Sí;N/A;N/A;N/A;N/A;N/A;N/A;N/A;N/A;N/A;N/A;N/A;Sí;N/A;N/A;N/A;N/A;N/A;N/A;N/A;N/A;N/A;N/A;N/A;N/A;N/A;"2500 cc";N/A;6;N/A;N/A;N/A;N/A;N/A;N/A;N/A;N/A;N/A;N/A;N/A;N/A;N/A;N/A;N/A;N/A;N/A;N/A;N/A;N/A;N/A;N/A;N/A;N/A;N/A;N/A;N/A;N/A;N/A;N/A;N/A;N/A;N/A;N/A;N/A;N/A;N/A;N/A;N/A;N/A;N/A;N/A;N/A;N/A;N/A;N/A;N/A;N/A;N/A;N/A;N/A;N/A;N/A;N/A;N/A;N/A;N/A;N/A;N/A;N/A;N/A;N/A;N/A;N/A;N/A;N/A;N/A;N/A;N/A;N/A;N/A;N/A;N/A;N/A;"Lun a Vie de 9 a 12:30 y de 13:30 a 19. Sáb de 9 a 13 hs.";4;2.5;Diésel;Manual;Furgón;"Autos y camionetas";No;N/A;N/A;N/A;No;N/A;N/A;No;Sí;No;No;N/A;N/A;N/A;N/A;N/A;N/A;N/A;N/A;N/A;N/A;N/A;N/A;N/A;N/A;N/A;N/A;N/A;N/A;N/A;N/A;N/A;N/A;N/A;N/A;N/A;N/A;N/A;N/A;N/A;N/A;N/A;N/A;N/A;N/A;N/A;N/A;N/A;N/A;N/A;N/A;N/A;N/A;N/A;N/A;N/A;N/A;N/A;N/A;N/A;N/A;N/A;No;N/A;N/A;N/A;N/A;N/A;N/A;N/A;N/A;N/A;N/A;N/A;N/A;N/A;N/A;N/A;N/A;N/A;N/A;N/A;N/A;N/A;N/A;N/A;N/A;N/A;N/A;N/A;N/A;N/A;N/A;N/A;N/A;N/A;Sí;N/A;N/A;N/A;Sí;Sí;N/A;N/A;Sí;Sí;N/A;Sí;N/A;N/A;N/A;N/A;N/A;N/A;Sí;N/A;N/A;N/A;N/A;N/A;N/A;Sí
Hyundai;"Grand i10";"1.2 Gls Seg 87cv Mt";2015;"110000 km";;GUIDRE23;10890;;;;;Sayago;https://auto.mercadolibre.com.uy/MLU-704294028-hyundai-grand-i10-_JM;N/A;;"Hyundai Grand I10";usd;Sí;gold_premium;false;N/A;N/A;http://perfil.mercadolibre.com.uy/GUIDRE23;active;N/A;N/A;Usado;Azul;N/A;Hidráulica;Delantera;Sí;N/A;Sí;N/A;N/A;N/A;N/A;N/A;N/A;N/A;N/A;N/A;N/A;N/A;N/A;N/A;N/A;N/A;N/A;N/A;N/A;N/A;N/A;N/A;N/A;"2425 mm";"1.2 L";"43 L";5;N/A;N/A;N/A;N/A;Sí;N/A;N/A;N/A;N/A;N/A;N/A;N/A;N/A;N/A;N/A;N/A;N/A;N/A;N/A;N/A;N/A;N/A;N/A;N/A;N/A;N/A;N/A;N/A;N/A;N/A;N/A;Sí;N/A;Sí;N/A;N/A;N/A;N/A;N/A;N/A;N/A;Sí;N/A;N/A;N/A;"1505 mm";"3765 mm";N/A;N/A;N/A;N/A;5;"87 hp";Gls;N/A;4;"1660 mm";N/A;N/A;N/A;N/A;N/A;N/A;N/A;N/A;N/A;N/A;N/A;N/A;N/A;N/A;N/A;N/A;N/A;N/A;5;1.2;Nafta;Manual;Hatchback;"Autos y camionetas";N/A;N/A;N/A;N/A;N/A;N/A;UY;N/A;N/A;N/A;N/A;N/A;N/A;N/A;N/A;N/A;N/A;N/A;N/A;N/A;N/A;N/A;N/A;N/A;N/A;N/A;N/A;N/A;N/A;N/A;N/A;N/A;N/A;N/A;N/A;N/A;N/A;N/A;N/A;N/A;N/A;N/A;N/A;N/A;N/A;N/A;N/A;N/A;N/A;N/A;N/A;N/A;N/A;N/A;N/A;N/A;N/A;N/A;N/A;N/A;N/A;N/A;N/A;N/A;N/A;N/A;N/A;N/A;N/A;N/A;N/A;N/A;N/A;N/A;N/A;N/A;N/A;N/A;N/A;N/A;N/A;N/A;N/A;N/A;N/A;N/A;N/A;N/A;N/A;N/A;N/A;N/A;N/A;N/A;N/A;N/A;Sí;N/A;Sí;N/A;N/A;N/A;N/A;N/A;N/A;N/A;N/A;N/A;N/A;Sí;N/A;N/A;N/A;N/A;N/A;N/A;N/A;N/A;N/A;N/A;N/A;N/A
Hyundai;Accent;"1.4 2 PUERTAS";2008;"200000 km";;ALEJANDROTORRES792;7950;;;;;Cordón;https://auto.mercadolibre.com.uy/MLU-703805456-hyundai-accent-14-coupe-_JM;N/A;;"Hyundai Accent 1.4 Coupe";USD;Sí;gold_premium;false;N/A;N/A;http://perfil.mercadolibre.com.uy/ALEJANDROTORRES792;active;N/A;N/A;Usado;Azul;No;Hidráulica;Delantera;Sí;Sí;N/A;N/A;N/A;N/A;N/A;N/A;N/A;N/A;N/A;N/A;Sí;N/A;N/A;N/A;N/A;N/A;N/A;N/A;N/A;N/A;N/A;N/A;N/A;N/A;N/A;N/A;N/A;N/A;N/A;N/A;N/A;N/A;N/A;N/A;N/A;N/A;N/A;N/A;N/A;N/A;N/A;N/A;N/A;N/A;N/A;N/A;N/A;N/A;N/A;N/A;N/A;N/A;N/A;N/A;N/A;N/A;N/A;N/A;N/A;N/A;N/A;N/A;N/A;N/A;N/A;N/A;N/A;N/A;N/A;N/A;N/A;N/A;N/A;N/A;N/A;N/A;N/A;N/A;N/A;N/A;N/A;N/A;N/A;N/A;N/A;N/A;N/A;N/A;N/A;N/A;Sí;N/A;N/A;N/A;N/A;N/A;N/A;N/A;N/A;N/A;Sí;N/A;3;1400;Nafta;Manual;Coupé;"Autos y camionetas";N/A;N/A;N/A;N/A;N/A;N/A;N/A;N/A;Sí;N/A;N/A;N/A;N/A;N/A;N/A;N/A;N/A;N/A;N/A;N/A;N/A;N/A;N/A;N/A;N/A;N/A;N/A;N/A;N/A;N/A;N/A;N/A;N/A;N/A;N/A;N/A;N/A;N/A;N/A;N/A;N/A;N/A;N/A;N/A;N/A;N/A;N/A;N/A;N/A;N/A;N/A;N/A;N/A;N/A;N/A;N/A;N/A;N/A;N/A;N/A;N/A;N/A;N/A;N/A;N/A;N/A;N/A;N/A;N/A;N/A;N/A;N/A;N/A;N/A;N/A;N/A;N/A;N/A;N/A;N/A;N/A;N/A;N/A;N/A;N/A;N/A;N/A;N/A;N/A;N/A;N/A;N/A;N/A;N/A;N/A;N/A;N/A;Sí;Sí;N/A;N/A;N/A;N/A;N/A;N/A;N/A;N/A;Sí;Sí;N/A;N/A;N/A;N/A;N/A;Sí;N/A;N/A;Sí;N/A;Sí;N/A;N/A
Hyundai;H1;"2.5 Grand Starex Furgon 2.5 Diesel";2021;"63000 km";;COTIPLAS-ALMAFE.SRL;29900;;;;;"Fraile Muerto";https://auto.mercadolibre.com.uy/MLU-703618048-hyundai-h1-25-grand-starex-furgon-25-diesel-_JM;N/A;;"Hyundai H1 2.5 Grand Starex Furgon 2.5 Diesel";usd;Sí;gold_premium;false;N/A;N/A;http://perfil.mercadolibre.com.uy/COTIPLAS-ALMAFE.SRL;active;N/A;N/A;Usado;Gris;Sí;Hidráulica;Trasera;Sí;N/A;Sí;N/A;N/A;N/A;N/A;N/A;N/A;N/A;N/A;N/A;Sí;N/A;N/A;N/A;N/A;N/A;N/A;N/A;N/A;N/A;N/A;N/A;N/A;"3201 mm";"2.5 L";"75 L";6;N/A;N/A;N/A;N/A;N/A;N/A;N/A;N/A;N/A;N/A;N/A;N/A;N/A;N/A;N/A;N/A;N/A;N/A;N/A;N/A;N/A;N/A;N/A;N/A;N/A;N/A;N/A;N/A;N/A;N/A;N/A;Sí;N/A;N/A;N/A;N/A;N/A;N/A;N/A;N/A;N/A;Sí;N/A;N/A;N/A;"1925 mm";"5125 mm";N/A;N/A;N/A;N/A;12;"170 hp";N/A;N/A;4;"1920 mm";"10.9 km/l";N/A;N/A;N/A;N/A;N/A;N/A;N/A;N/A;N/A;Sí;"7.1 km/l";N/A;N/A;N/A;N/A;N/A;N/A;4;2.5;Diésel;Manual;Furgón;"Autos y camionetas";Sí;N/A;N/A;N/A;N/A;N/A;UY;N/A;No;N/A;N/A;N/A;N/A;N/A;N/A;N/A;N/A;N/A;N/A;N/A;N/A;N/A;N/A;N/A;N/A;N/A;N/A;N/A;N/A;N/A;N/A;N/A;N/A;N/A;N/A;N/A;N/A;N/A;N/A;N/A;N/A;N/A;N/A;N/A;N/A;N/A;N/A;N/A;N/A;N/A;N/A;N/A;N/A;N/A;N/A;N/A;N/A;N/A;N/A;N/A;N/A;N/A;N/A;N/A;N/A;N/A;N/A;N/A;N/A;N/A;N/A;N/A;N/A;N/A;N/A;N/A;N/A;N/A;N/A;N/A;N/A;N/A;N/A;N/A;N/A;N/A;N/A;N/A;N/A;N/A;N/A;N/A;N/A;N/A;N/A;N/A;Sí;N/A;Sí;N/A;Sí;Sí;N/A;N/A;N/A;Sí;N/A;N/A;N/A;Sí;N/A;Sí;Sí;N/A;N/A;N/A;N/A;N/A;N/A;N/A;N/A;N/A
Hyundai;"Santa Fe";"2.4 Gls Llan 19 5p At";2022;"7000 km";;JPAROD;55500;;;;;"El Pinar";https://auto.mercadolibre.com.uy/MLU-646420117-hyundai-santa-fe-24-gls-llan-19-5p-at-_JM;N/A;;"Hyundai Santa Fe 2.4 Gls Llan 19 5p At";usd;Sí;gold_premium;false;N/A;N/A;http://perfil.mercadolibre.com.uy/JPAROD;active;N/A;N/A;Usado;Gris;No;Asistida;4x2;Sí;Sí;Sí;N/A;N/A;Sí;N/A;N/A;Sí;N/A;N/A;Sí;Sí;N/A;Sí;N/A;N/A;N/A;N/A;N/A;N/A;N/A;N/A;N/A;N/A;"2700 mm";"2.4 L";"75 L";6;N/A;N/A;N/A;N/A;N/A;Sí;N/A;N/A;N/A;N/A;N/A;N/A;N/A;N/A;N/A;N/A;N/A;N/A;N/A;N/A;N/A;N/A;N/A;N/A;N/A;N/A;N/A;N/A;N/A;No;N/A;N/A;N/A;N/A;N/A;N/A;N/A;N/A;N/A;N/A;N/A;N/A;N/A;N/A;N/A;"1795 mm";"4675 mm";N/A;N/A;N/A;N/A;5;"176 hp";Gls;N/A;4;"1890 mm";N/A;Sí;N/A;Sí;Sí;N/A;Sí;Sí;N/A;Sí;Sí;N/A;Sí;No;N/A;N/A;Sí;N/A;5;2.4;Nafta;Automática;SUV;"Autos y camionetas";N/A;N/A;N/A;N/A;N/A;N/A;UY;N/A;N/A;N/A;N/A;N/A;N/A;N/A;N/A;N/A;N/A;N/A;N/A;N/A;N/A;N/A;N/A;N/A;Sí;N/A;N/A;N/A;N/A;N/A;N/A;N/A;N/A;N/A;N/A;N/A;N/A;N/A;N/A;N/A;N/A;N/A;N/A;N/A;N/A;N/A;N/A;N/A;N/A;N/A;N/A;N/A;N/A;N/A;N/A;N/A;N/A;N/A;N/A;N/A;N/A;N/A;N/A;N/A;N/A;N/A;N/A;N/A;N/A;N/A;N/A;N/A;N/A;N/A;N/A;N/A;N/A;N/A;N/A;N/A;N/A;N/A;N/A;N/A;N/A;N/A;N/A;N/A;N/A;N/A;N/A;N/A;N/A;N/A;N/A;No;Sí;Sí;Sí;N/A;Sí;N/A;N/A;N/A;N/A;Sí;Sí;Sí;Sí;N/A;N/A;Sí;Sí;Sí;Sí;Sí;Sí;Sí;No;Sí;N/A;Sí
Hyundai;HB20S;"1.0 Premium Mt";2024;"10000 km";;SEBCOCO;17990;;;;;Pocitos;https://auto.mercadolibre.com.uy/MLU-647417535-hyundai-hb20s-2024-10-premium-mt-_JM;N/A;;"Hyundai Hb20s 2024 1.0 Premium Mt";usd;Sí;gold_premium;false;N/A;N/A;http://perfil.mercadolibre.com.uy/SEBCOCO;active;N/A;N/A;Usado;N/A;N/A;Hidráulica;Delantera;Sí;N/A;N/A;N/A;N/A;N/A;N/A;N/A;N/A;N/A;N/A;N/A;N/A;N/A;N/A;N/A;N/A;N/A;N/A;N/A;N/A;N/A;N/A;N/A;N/A;"2500 mm";"1 L";"50 L";5;N/A;N/A;N/A;N/A;N/A;N/A;N/A;N/A;N/A;N/A;N/A;N/A;N/A;N/A;N/A;N/A;N/A;N/A;N/A;N/A;N/A;N/A;N/A;N/A;N/A;N/A;N/A;N/A;N/A;N/A;N/A;N/A;N/A;Sí;Sí;N/A;N/A;N/A;N/A;N/A;N/A;N/A;N/A;N/A;N/A;"1500 mm";"4200 mm";N/A;N/A;N/A;N/A;5;"80 hp";Comfort;N/A;4;"1680 mm";N/A;N/A;N/A;N/A;Sí;N/A;N/A;Sí;Sí;N/A;N/A;"12.8 km/l";N/A;N/A;N/A;N/A;N/A;N/A;4;1.0;Nafta;Manual;Sedán;"Autos y camionetas";N/A;N/A;N/A;N/A;N/A;N/A;UY;N/A;N/A;N/A;N/A;N/A;N/A;N/A;N/A;N/A;N/A;N/A;N/A;N/A;N/A;N/A;N/A;N/A;N/A;N/A;N/A;N/A;N/A;N/A;N/A;N/A;N/A;N/A;N/A;N/A;N/A;N/A;N/A;N/A;N/A;N/A;N/A;N/A;N/A;N/A;N/A;N/A;N/A;N/A;N/A;N/A;N/A;N/A;N/A;N/A;N/A;N/A;N/A;N/A;N/A;N/A;N/A;N/A;N/A;N/A;N/A;N/A;N/A;N/A;N/A;N/A;N/A;N/A;N/A;N/A;N/A;N/A;N/A;N/A;N/A;N/A;N/A;N/A;N/A;N/A;N/A;N/A;N/A;N/A;N/A;N/A;N/A;N/A;N/A;N/A;N/A;N/A;N/A;N/A;N/A;N/A;N/A;N/A;N/A;N/A;N/A;N/A;N/A;N/A;N/A;N/A;Sí;N/A;N/A;N/A;Sí;N/A;N/A;Sí;N/A;Sí
Hyundai;H350;"150 eVGT";2016;"350000 km";;PEREZMARTIN73;22000;;;;;Durazno;https://auto.mercadolibre.com.uy/MLU-702341322-hyundai-h350-150-evgt-_JM;N/A;;"Hyundai H350 150 Evgt";USD;Sí;gold_premium;false;N/A;N/A;http://perfil.mercadolibre.com.uy/PEREZMARTIN73;active;N/A;N/A;Usado;N/A;N/A;N/A;N/A;N/A;N/A;N/A;N/A;N/A;N/A;N/A;N/A;N/A;N/A;N/A;N/A;N/A;N/A;N/A;N/A;N/A;N/A;N/A;N/A;N/A;N/A;N/A;N/A;N/A;N/A;N/A;N/A;N/A;N/A;N/A;N/A;N/A;N/A;N/A;N/A;N/A;N/A;N/A;N/A;N/A;N/A;N/A;N/A;N/A;N/A;N/A;N/A;N/A;N/A;N/A;N/A;N/A;N/A;N/A;N/A;N/A;N/A;N/A;N/A;N/A;N/A;N/A;N/A;N/A;N/A;N/A;N/A;N/A;N/A;N/A;N/A;N/A;N/A;N/A;N/A;N/A;N/A;N/A;N/A;N/A;N/A;N/A;N/A;N/A;N/A;N/A;N/A;N/A;N/A;N/A;N/A;N/A;N/A;N/A;N/A;N/A;N/A;N/A;N/A;N/A;N/A;N/A;N/A;4;N/A;Diésel;N/A;N/A;"Autos y camionetas";N/A;N/A;N/A;N/A;N/A;N/A;N/A;N/A;N/A;N/A;N/A;N/A;N/A;N/A;N/A;N/A;N/A;N/A;N/A;N/A;N/A;N/A;N/A;N/A;N/A;N/A;N/A;N/A;N/A;N/A;N/A;N/A;N/A;N/A;N/A;N/A;N/A;N/A;N/A;N/A;N/A;N/A;N/A;N/A;N/A;N/A;N/A;N/A;N/A;N/A;N/A;N/A;N/A;N/A;N/A;N/A;N/A;N/A;N/A;N/A;N/A;N/A;N/A;N/A;N/A;N/A;N/A;N/A;N/A;N/A;N/A;N/A;N/A;N/A;N/A;N/A;N/A;N/A;N/A;N/A;N/A;N/A;N/A;N/A;N/A;N/A;N/A;N/A;N/A;N/A;N/A;N/A;N/A;N/A;N/A;N/A;N/A;N/A;N/A;N/A;N/A;N/A;N/A;N/A;N/A;N/A;N/A;N/A;N/A;N/A;N/A;N/A;N/A;N/A;N/A;N/A;N/A;N/A;N/A;N/A;N/A;N/A
Hyundai;Creta;"1.6 GLS Limited";2017;"112000 km";;ARSEX;16500;;;;;Centro;https://auto.mercadolibre.com.uy/MLU-704227278-hyundai-creta-16-limited-premium-_JM;N/A;;"Hyundai Creta 1.6 Limited Premium";usd;Sí;gold_premium;false;N/A;N/A;http://perfil.mercadolibre.com.uy/ARSEX;active;N/A;N/A;Usado;Negro;No;Asistida;4x2;Sí;Sí;Sí;N/A;N/A;N/A;N/A;N/A;Sí;N/A;N/A;N/A;Sí;N/A;N/A;N/A;N/A;N/A;N/A;N/A;N/A;N/A;N/A;N/A;N/A;"2590 mm";"1.6 L";"58 L";5;N/A;N/A;N/A;N/A;Sí;N/A;N/A;N/A;N/A;N/A;N/A;N/A;N/A;N/A;N/A;N/A;N/A;N/A;N/A;N/A;N/A;N/A;N/A;N/A;N/A;N/A;N/A;N/A;N/A;N/A;N/A;Sí;Sí;Sí;Sí;N/A;N/A;N/A;N/A;N/A;N/A;N/A;N/A;N/A;N/A;"1635 mm";"4440 mm";N/A;N/A;N/A;N/A;5;"163 hp";Gl;N/A;4;"1898 mm";N/A;N/A;N/A;N/A;Sí;N/A;Sí;Sí;N/A;N/A;N/A;N/A;N/A;N/A;N/A;N/A;N/A;"De 9 a 20 horas";5;1.6;Nafta;Manual;SUV;"Autos y camionetas";N/A;N/A;N/A;N/A;N/A;N/A;UY;N/A;N/A;N/A;N/A;N/A;N/A;N/A;N/A;N/A;N/A;N/A;N/A;N/A;N/A;N/A;N/A;N/A;N/A;N/A;N/A;N/A;N/A;N/A;N/A;N/A;N/A;N/A;N/A;N/A;N/A;N/A;N/A;N/A;N/A;N/A;N/A;N/A;N/A;N/A;N/A;N/A;N/A;N/A;N/A;N/A;N/A;N/A;N/A;N/A;N/A;N/A;N/A;N/A;N/A;N/A;N/A;N/A;N/A;N/A;N/A;N/A;N/A;N/A;N/A;N/A;N/A;N/A;N/A;N/A;N/A;N/A;N/A;N/A;N/A;N/A;N/A;N/A;N/A;N/A;N/A;N/A;N/A;N/A;N/A;N/A;N/A;N/A;N/A;N/A;Sí;Sí;Sí;N/A;Sí;N/A;N/A;Sí;N/A;Sí;N/A;N/A;Sí;N/A;N/A;Sí;Sí;Sí;Sí;Sí;Sí;Sí;N/A;Sí;N/A;N/A
Hyundai;H1;"Starex Furgon corto";2005;"204080 km";;GCASTROMAN;12000;;;;;Buceo;https://auto.mercadolibre.com.uy/MLU-703236506-hyundai-h1-starex-furgon-corto-_JM;N/A;;"Hyundai H1 Starex Furgon Corto ";USD;No;gold_premium;false;N/A;N/A;http://perfil.mercadolibre.com.uy/GCASTROMAN;active;N/A;N/A;Usado;N/A;N/A;N/A;N/A;N/A;N/A;N/A;N/A;N/A;N/A;N/A;N/A;N/A;N/A;N/A;N/A;N/A;N/A;N/A;N/A;N/A;N/A;N/A;N/A;N/A;N/A;N/A;N/A;N/A;N/A;N/A;N/A;N/A;N/A;N/A;N/A;N/A;N/A;N/A;N/A;N/A;N/A;N/A;N/A;N/A;N/A;N/A;N/A;N/A;N/A;N/A;N/A;N/A;N/A;N/A;N/A;N/A;N/A;N/A;N/A;N/A;N/A;N/A;N/A;N/A;N/A;N/A;N/A;N/A;N/A;N/A;N/A;N/A;N/A;N/A;N/A;N/A;N/A;N/A;N/A;N/A;N/A;N/A;N/A;N/A;N/A;N/A;N/A;N/A;N/A;N/A;N/A;N/A;N/A;N/A;N/A;N/A;N/A;N/A;N/A;N/A;N/A;N/A;N/A;N/A;N/A;N/A;N/A;4;N/A;Diésel;N/A;N/A;"Autos y camionetas";N/A;N/A;N/A;N/A;N/A;N/A;N/A;N/A;N/A;N/A;N/A;N/A;N/A;N/A;N/A;N/A;N/A;N/A;N/A;N/A;N/A;N/A;N/A;N/A;N/A;N/A;N/A;N/A;N/A;N/A;N/A;N/A;N/A;N/A;N/A;N/A;N/A;N/A;N/A;N/A;N/A;N/A;N/A;N/A;N/A;N/A;N/A;N/A;N/A;N/A;N/A;N/A;N/A;N/A;N/A;N/A;N/A;N/A;N/A;N/A;N/A;N/A;N/A;N/A;N/A;N/A;N/A;N/A;N/A;N/A;N/A;N/A;N/A;N/A;N/A;N/A;N/A;N/A;N/A;N/A;N/A;N/A;N/A;N/A;N/A;N/A;N/A;N/A;N/A;N/A;N/A;N/A;N/A;N/A;N/A;N/A;N/A;N/A;N/A;N/A;N/A;N/A;N/A;N/A;N/A;N/A;N/A;N/A;N/A;N/A;N/A;N/A;N/A;N/A;N/A;N/A;N/A;N/A;N/A;N/A;N/A;N/A
Hyundai;"Santa Fe";"2.4 Seguridad 7as 6at 2wd";2017;"55000 km";;PAMA8174233;27500;;;;;Maldonado;https://auto.mercadolibre.com.uy/MLU-702806986-hyundai-santa-fe-24-seguridad-7as-6at-2wd-_JM;N/A;;"Hyundai Santa Fe 2.4 Seguridad 7as 6at 2wd";usd;Sí;gold_premium;false;N/A;N/A;http://perfil.mercadolibre.com.uy/PAMA8174233;active;N/A;N/A;Usado;Verde;N/A;Hidráulica;4x2;Sí;N/A;Sí;N/A;N/A;N/A;N/A;N/A;N/A;N/A;N/A;N/A;N/A;N/A;N/A;N/A;N/A;N/A;N/A;N/A;N/A;N/A;N/A;N/A;N/A;"2700 mm";"2.4 L";"75 L";6;N/A;N/A;N/A;N/A;N/A;N/A;N/A;N/A;N/A;N/A;N/A;N/A;N/A;N/A;N/A;N/A;N/A;N/A;N/A;N/A;N/A;N/A;N/A;N/A;N/A;N/A;N/A;N/A;N/A;Sí;N/A;Sí;N/A;N/A;N/A;N/A;N/A;N/A;N/A;N/A;N/A;Sí;N/A;N/A;N/A;"1795 mm";"4675 mm";N/A;N/A;N/A;N/A;5;"176 hp";N/A;N/A;4;"1890 mm";N/A;N/A;N/A;N/A;N/A;N/A;N/A;N/A;N/A;N/A;Sí;N/A;N/A;N/A;N/A;N/A;N/A;"8 a 23";5;2.4;Nafta;Automática;SUV;"Autos y camionetas";N/A;N/A;N/A;N/A;N/A;N/A;UY;N/A;N/A;N/A;N/A;N/A;N/A;N/A;N/A;N/A;N/A;N/A;N/A;N/A;N/A;N/A;N/A;N/A;N/A;N/A;N/A;N/A;N/A;N/A;N/A;N/A;N/A;N/A;N/A;N/A;N/A;N/A;N/A;N/A;N/A;N/A;N/A;N/A;N/A;N/A;N/A;N/A;N/A;N/A;N/A;N/A;N/A;N/A;N/A;N/A;N/A;N/A;N/A;N/A;N/A;N/A;N/A;N/A;N/A;N/A;N/A;N/A;N/A;N/A;N/A;N/A;N/A;N/A;N/A;N/A;N/A;N/A;N/A;N/A;N/A;N/A;N/A;N/A;N/A;N/A;N/A;N/A;N/A;N/A;N/A;N/A;N/A;N/A;N/A;N/A;Sí;N/A;Sí;N/A;N/A;N/A;N/A;N/A;N/A;Sí;N/A;N/A;N/A;N/A;N/A;N/A;N/A;Sí;N/A;N/A;N/A;N/A;N/A;N/A;N/A;N/A
Hyundai;HB20;"1.0 Premium Mt";2022;"74000 km";;DUSOLLOSRL;15900;;;;;"Parque Rodó";https://auto.mercadolibre.com.uy/MLU-696918674-hyundai-hb20-2022-10-premium-mt-_JM;N/A;;"Hyundai Hb20 2022 1.0 Premium Mt";usd;Sí;gold_premium;false;N/A;N/A;http://perfil.mercadolibre.com.uy/DUSOLLOSRL;active;N/A;N/A;Usado;N/A;N/A;Hidráulica;Delantera;Sí;N/A;Sí;N/A;N/A;N/A;N/A;N/A;N/A;N/A;N/A;N/A;N/A;N/A;N/A;N/A;N/A;N/A;N/A;N/A;N/A;N/A;N/A;N/A;N/A;"2500 mm";"1 L";"50 L";6;N/A;N/A;N/A;N/A;N/A;N/A;N/A;N/A;N/A;N/A;N/A;N/A;N/A;N/A;N/A;N/A;N/A;N/A;N/A;N/A;N/A;N/A;N/A;N/A;N/A;N/A;N/A;N/A;N/A;N/A;N/A;N/A;N/A;Sí;Sí;N/A;N/A;N/A;N/A;N/A;N/A;N/A;N/A;N/A;N/A;"1470 mm";"3920 mm";N/A;N/A;N/A;N/A;5;"80 hp";N/A;N/A;4;"1680 mm";N/A;N/A;N/A;N/A;Sí;N/A;N/A;Sí;Sí;N/A;N/A;"13.8 km/l";N/A;N/A;N/A;N/A;N/A;N/A;5;1.0;Nafta;Manual;Hatchback;"Autos y camionetas";N/A;N/A;N/A;N/A;N/A;N/A;UY;N/A;N/A;N/A;N/A;N/A;N/A;N/A;N/A;N/A;N/A;N/A;N/A;N/A;N/A;N/A;N/A;N/A;N/A;N/A;N/A;N/A;N/A;N/A;N/A;N/A;N/A;N/A;N/A;N/A;N/A;N/A;N/A;N/A;N/A;N/A;N/A;N/A;N/A;N/A;N/A;N/A;N/A;N/A;N/A;N/A;N/A;N/A;N/A;N/A;N/A;N/A;N/A;N/A;N/A;N/A;N/A;N/A;N/A;N/A;N/A;N/A;N/A;N/A;N/A;N/A;N/A;N/A;N/A;N/A;N/A;N/A;N/A;N/A;N/A;N/A;N/A;N/A;N/A;N/A;N/A;N/A;N/A;N/A;N/A;N/A;N/A;N/A;N/A;N/A;N/A;N/A;N/A;N/A;N/A;N/A;N/A;N/A;N/A;N/A;N/A;N/A;N/A;N/A;N/A;N/A;Sí;N/A;N/A;N/A;Sí;N/A;N/A;Sí;N/A;Sí
Hyundai;Tucson;"2.0 Gl 6at 2wd";2013;"168000 km";;SCHWARTZEMAR;13900;;;;;Cordón;https://auto.mercadolibre.com.uy/MLU-703925672-oportunidad-hyundai-tucson-automatica-6ta-igual-a-nueva-_JM;N/A;;"Oportunidad!! Hyundai Tucson Automática 6ta! Igual A Nueva!!";usd;Sí;gold_premium;false;N/A;N/A;http://perfil.mercadolibre.com.uy/SCHWARTZEMAR;active;N/A;N/A;Usado;Negro;N/A;Hidráulica;4x2;Sí;N/A;Sí;N/A;N/A;N/A;N/A;N/A;N/A;N/A;N/A;N/A;N/A;N/A;N/A;N/A;N/A;N/A;N/A;N/A;N/A;N/A;N/A;N/A;N/A;"2630 mm";"2 L";"58 L";6;N/A;N/A;N/A;N/A;N/A;N/A;N/A;N/A;N/A;N/A;N/A;N/A;N/A;N/A;N/A;N/A;N/A;N/A;N/A;N/A;N/A;N/A;N/A;N/A;N/A;N/A;N/A;N/A;N/A;N/A;N/A;Sí;N/A;N/A;N/A;N/A;N/A;N/A;N/A;N/A;N/A;Sí;N/A;N/A;N/A;"1655 mm";"4410 mm";N/A;N/A;N/A;N/A;5;"166 hp";Gl;N/A;4;"1830 mm";"10.4 km/l";N/A;N/A;N/A;N/A;N/A;N/A;N/A;N/A;N/A;Sí;"6.4 km/l";N/A;N/A;N/A;N/A;N/A;24/7;5;2.0;Nafta;Automática;SUV;"Autos y camionetas";N/A;N/A;N/A;N/A;N/A;N/A;UY;N/A;N/A;N/A;N/A;N/A;N/A;N/A;N/A;N/A;N/A;N/A;N/A;N/A;N/A;N/A;N/A;N/A;N/A;N/A;N/A;N/A;N/A;N/A;N/A;N/A;N/A;N/A;N/A;N/A;N/A;N/A;N/A;N/A;N/A;N/A;N/A;N/A;N/A;N/A;N/A;N/A;N/A;N/A;N/A;N/A;N/A;N/A;N/A;N/A;N/A;N/A;N/A;N/A;N/A;N/A;N/A;N/A;N/A;N/A;N/A;N/A;N/A;N/A;N/A;N/A;N/A;N/A;N/A;N/A;N/A;N/A;N/A;N/A;N/A;N/A;N/A;N/A;N/A;N/A;N/A;N/A;N/A;N/A;N/A;N/A;N/A;N/A;N/A;N/A;Sí;N/A;Sí;N/A;N/A;N/A;N/A;N/A;N/A;N/A;N/A;N/A;N/A;Sí;N/A;N/A;N/A;N/A;N/A;N/A;N/A;N/A;N/A;N/A;N/A;N/A
Hyundai;Accent;"Sedan 1.4 nafta";2012;"210000 km";;GABRIELALEJANDROBARNALESCAMB;11200;;;;;"Las Piedras";https://auto.mercadolibre.com.uy/MLU-704769582-hyundai-accent-sedan-_JM;N/A;;"Hyundai Accent Sedan";USD;Sí;gold_premium;false;N/A;N/A;http://perfil.mercadolibre.com.uy/GABRIELALEJANDROBARNALESCAMB;active;N/A;N/A;Usado;Rojo;No;Eléctrica;Delantera;Sí;Sí;N/A;N/A;N/A;N/A;N/A;N/A;N/A;N/A;N/A;N/A;Sí;N/A;Sí;N/A;N/A;N/A;N/A;N/A;N/A;N/A;N/A;N/A;N/A;N/A;N/A;N/A;N/A;N/A;N/A;N/A;N/A;N/A;N/A;N/A;N/A;N/A;N/A;N/A;N/A;N/A;N/A;N/A;N/A;N/A;N/A;N/A;N/A;N/A;N/A;N/A;N/A;N/A;N/A;N/A;N/A;N/A;N/A;N/A;N/A;N/A;N/A;N/A;N/A;N/A;N/A;N/A;N/A;N/A;N/A;N/A;N/A;N/A;N/A;N/A;N/A;N/A;N/A;N/A;N/A;N/A;N/A;N/A;N/A;N/A;N/A;N/A;N/A;Sí;Sí;N/A;N/A;N/A;N/A;N/A;N/A;N/A;N/A;N/A;N/A;N/A;N/A;N/A;4;"Nafta 1.4 cc";Nafta;Manual;Sedán;"Autos y camionetas";N/A;N/A;N/A;N/A;N/A;N/A;N/A;N/A;No;N/A;N/A;N/A;N/A;N/A;N/A;N/A;N/A;N/A;N/A;N/A;N/A;N/A;N/A;N/A;N/A;N/A;N/A;N/A;N/A;N/A;N/A;N/A;N/A;N/A;N/A;N/A;N/A;N/A;N/A;N/A;N/A;N/A;N/A;N/A;N/A;N/A;N/A;N/A;N/A;N/A;N/A;N/A;N/A;N/A;N/A;N/A;N/A;N/A;N/A;N/A;N/A;N/A;N/A;N/A;N/A;N/A;N/A;N/A;N/A;N/A;N/A;N/A;N/A;N/A;N/A;N/A;N/A;N/A;N/A;N/A;N/A;N/A;N/A;N/A;N/A;N/A;N/A;N/A;N/A;N/A;N/A;N/A;N/A;N/A;N/A;N/A;N/A;Sí;N/A;N/A;N/A;N/A;N/A;N/A;N/A;N/A;N/A;N/A;Sí;N/A;N/A;N/A;N/A;Sí;Sí;Sí;Sí;N/A;N/A;Sí;N/A;Sí
Hyundai;H1;"2.5 Diesel";2014;"271963 km";;PABLOPEREZ1989;18000;;;;;"Jacinto Vera";https://auto.mercadolibre.com.uy/MLU-702924712-hyundai-h1-motor-25-diesel-para-9-pasajeros-_JM;N/A;;"Hyundai H1 Motor 2.5 Diesel Para 9 Pasajeros";USD;Sí;gold_premium;false;N/A;N/A;http://perfil.mercadolibre.com.uy/PABLOPEREZ1989;active;N/A;N/A;Usado;Blanco;Sí;Hidráulica;Trasera;N/A;N/A;N/A;N/A;N/A;N/A;N/A;N/A;No;N/A;N/A;N/A;N/A;N/A;N/A;N/A;N/A;N/A;N/A;N/A;N/A;N/A;N/A;N/A;N/A;N/A;N/A;N/A;N/A;N/A;N/A;N/A;N/A;N/A;N/A;N/A;N/A;N/A;N/A;N/A;N/A;N/A;N/A;N/A;N/A;N/A;N/A;N/A;N/A;N/A;N/A;N/A;N/A;N/A;N/A;N/A;N/A;N/A;N/A;N/A;N/A;N/A;N/A;N/A;N/A;N/A;N/A;N/A;N/A;N/A;N/A;N/A;N/A;N/A;N/A;N/A;N/A;N/A;N/A;N/A;N/A;N/A;N/A;N/A;N/A;N/A;N/A;N/A;N/A;N/A;N/A;N/A;N/A;N/A;N/A;N/A;N/A;N/A;N/A;N/A;N/A;N/A;N/A;N/A;5;2.5;Diésel;Manual;Minivan;"Autos y camionetas";N/A;N/A;N/A;N/A;N/A;N/A;N/A;N/A;N/A;N/A;N/A;N/A;N/A;N/A;N/A;N/A;N/A;N/A;N/A;N/A;N/A;N/A;N/A;N/A;N/A;N/A;N/A;N/A;N/A;N/A;N/A;N/A;N/A;N/A;N/A;N/A;N/A;N/A;N/A;N/A;N/A;N/A;N/A;N/A;N/A;N/A;N/A;N/A;N/A;N/A;N/A;N/A;N/A;N/A;N/A;N/A;N/A;N/A;N/A;N/A;N/A;N/A;N/A;N/A;N/A;N/A;N/A;N/A;N/A;N/A;N/A;N/A;N/A;N/A;N/A;N/A;N/A;N/A;N/A;N/A;N/A;N/A;N/A;N/A;N/A;N/A;N/A;N/A;N/A;N/A;N/A;N/A;N/A;N/A;N/A;N/A;N/A;N/A;N/A;N/A;N/A;N/A;N/A;N/A;N/A;N/A;N/A;N/A;N/A;N/A;N/A;N/A;N/A;N/A;N/A;N/A;N/A;N/A;N/A;N/A;N/A;N/A
Hyundai;HB20;"1.6 Comfort Plus 5p";2018;"130000 km";;COCHESDELESTE;12900;;;;;"Punta del Este";https://auto.mercadolibre.com.uy/MLU-702887044-hyundai-hb20-16-comfort-plus-5p-_JM;N/A;;"Hyundai Hb20 1.6 Comfort Plus 5p";usd;Sí;gold_premium;false;N/A;N/A;http://perfil.mercadolibre.com.uy/COCHESDELESTE;active;N/A;N/A;Usado;Blanco;Sí;Hidráulica;Delantera;Sí;N/A;Sí;N/A;N/A;N/A;N/A;N/A;N/A;N/A;N/A;N/A;N/A;N/A;N/A;N/A;N/A;N/A;N/A;N/A;N/A;N/A;N/A;N/A;N/A;"2500 mm";"1.6 L";"50 L";6;N/A;N/A;N/A;N/A;N/A;N/A;N/A;N/A;N/A;N/A;N/A;N/A;N/A;N/A;N/A;N/A;N/A;N/A;N/A;N/A;N/A;N/A;N/A;N/A;N/A;N/A;N/A;N/A;N/A;N/A;N/A;N/A;N/A;Sí;Sí;N/A;N/A;N/A;N/A;N/A;N/A;N/A;N/A;N/A;N/A;"1470 mm";"3920 mm";N/A;N/A;N/A;N/A;5;"122 hp";"Comfort Plus";N/A;4;"1680 mm";N/A;N/A;N/A;N/A;Sí;N/A;N/A;Sí;Sí;N/A;N/A;"13.8 km/l";N/A;N/A;N/A;N/A;N/A;"Lunes a viernes de 9:30 a 18:00 y sábados de 9:30 a 13:00";5;1.6;Nafta;Manual;Hatchback;"Autos y camionetas";N/A;N/A;N/A;N/A;N/A;N/A;UY;N/A;Sí;N/A;N/A;N/A;N/A;N/A;N/A;N/A;N/A;N/A;N/A;N/A;N/A;N/A;N/A;N/A;N/A;N/A;N/A;N/A;N/A;N/A;N/A;N/A;N/A;N/A;N/A;N/A;N/A;N/A;N/A;N/A;N/A;N/A;N/A;N/A;N/A;N/A;N/A;N/A;N/A;N/A;N/A;N/A;N/A;N/A;N/A;N/A;N/A;N/A;N/A;N/A;N/A;N/A;N/A;N/A;N/A;N/A;N/A;N/A;N/A;N/A;N/A;N/A;N/A;N/A;N/A;N/A;N/A;N/A;N/A;N/A;N/A;N/A;N/A;N/A;N/A;N/A;N/A;N/A;N/A;N/A;N/A;N/A;N/A;N/A;N/A;N/A;N/A;N/A;N/A;N/A;N/A;N/A;N/A;N/A;N/A;N/A;N/A;N/A;N/A;N/A;N/A;N/A;Sí;N/A;N/A;N/A;Sí;N/A;N/A;Sí;N/A;Sí
Hyundai;i10;"1.2 Gls Seguridad L Mt";2014;"101000 km";;CELULARESURUGUAY;9500;;;;;"Pocitos Nuevo";https://auto.mercadolibre.com.uy/MLU-702219698-hyundai-i10-11-gls-ac-abag-abs-_JM;N/A;;"Hyundai I10 1.1 Gls A/c Abag Abs";usd;Sí;gold_premium;false;N/A;N/A;http://perfil.mercadolibre.com.uy/CELULARESURUGUAY;active;N/A;N/A;Usado;Dorado;No;Hidráulica;Delantera;Sí;N/A;Sí;N/A;N/A;N/A;N/A;N/A;N/A;N/A;N/A;N/A;N/A;N/A;N/A;N/A;N/A;N/A;N/A;N/A;N/A;N/A;N/A;N/A;N/A;"2385 mm";"1.2 L";"35 L";5;N/A;N/A;N/A;N/A;Sí;N/A;N/A;N/A;N/A;N/A;N/A;N/A;N/A;N/A;N/A;N/A;N/A;N/A;N/A;N/A;N/A;N/A;N/A;N/A;N/A;N/A;N/A;N/A;N/A;N/A;N/A;Sí;N/A;Sí;N/A;N/A;N/A;N/A;N/A;N/A;N/A;Sí;N/A;N/A;N/A;"1540 mm";"3585 mm";N/A;N/A;N/A;N/A;5;"85 hp";Gls;N/A;4;"1660 mm";N/A;No;N/A;N/A;N/A;N/A;No;No;N/A;N/A;N/A;N/A;N/A;N/A;N/A;N/A;N/A;N/A;5;1.2;Nafta;Manual;Hatchback;"Autos y camionetas";N/A;N/A;N/A;N/A;N/A;N/A;UY;N/A;N/A;N/A;N/A;N/A;N/A;N/A;N/A;N/A;N/A;N/A;N/A;N/A;N/A;N/A;N/A;N/A;N/A;N/A;N/A;N/A;N/A;N/A;N/A;N/A;N/A;N/A;N/A;N/A;N/A;N/A;N/A;N/A;N/A;N/A;N/A;N/A;N/A;N/A;N/A;N/A;N/A;N/A;N/A;N/A;N/A;N/A;N/A;N/A;N/A;N/A;N/A;N/A;N/A;N/A;N/A;N/A;N/A;N/A;N/A;N/A;N/A;N/A;N/A;N/A;N/A;N/A;N/A;N/A;N/A;N/A;N/A;N/A;N/A;N/A;N/A;N/A;N/A;N/A;N/A;N/A;N/A;N/A;N/A;N/A;N/A;N/A;N/A;N/A;Sí;N/A;Sí;N/A;N/A;N/A;N/A;N/A;N/A;N/A;N/A;N/A;N/A;Sí;N/A;N/A;N/A;N/A;Sí;Sí;Sí;Sí;N/A;Sí;N/A;Sí
Hyundai;"Grand i10";Sedan;2018;"95000 km";;JUANJOSESENDOYA;11500;;;;;"Flor de Maroñas";https://auto.mercadolibre.com.uy/MLU-701544628-automatico-_JM;N/A;;Automatico;USD;Sí;gold_premium;false;N/A;N/A;http://perfil.mercadolibre.com.uy/JUANJOSESENDOYA;active;N/A;N/A;Usado;Gris;N/A;N/A;N/A;N/A;N/A;N/A;N/A;N/A;N/A;N/A;N/A;N/A;N/A;N/A;N/A;N/A;N/A;N/A;N/A;N/A;N/A;N/A;N/A;N/A;N/A;N/A;N/A;N/A;N/A;N/A;N/A;N/A;N/A;N/A;N/A;N/A;N/A;N/A;N/A;N/A;N/A;N/A;N/A;N/A;N/A;N/A;N/A;N/A;N/A;N/A;N/A;N/A;N/A;N/A;N/A;N/A;N/A;N/A;N/A;N/A;N/A;N/A;N/A;N/A;N/A;N/A;N/A;N/A;N/A;N/A;N/A;N/A;N/A;N/A;N/A;N/A;N/A;N/A;N/A;N/A;N/A;N/A;N/A;N/A;N/A;N/A;N/A;N/A;N/A;N/A;N/A;N/A;N/A;N/A;N/A;N/A;N/A;N/A;N/A;N/A;N/A;N/A;N/A;N/A;N/A;N/A;N/A;4;N/A;Nafta;N/A;N/A;"Autos y camionetas";N/A;N/A;N/A;N/A;N/A;N/A;N/A;N/A;N/A;N/A;N/A;N/A;N/A;N/A;N/A;N/A;N/A;N/A;N/A;N/A;N/A;N/A;N/A;N/A;N/A;N/A;N/A;N/A;N/A;N/A;N/A;N/A;N/A;N/A;N/A;N/A;N/A;N/A;N/A;N/A;N/A;N/A;N/A;N/A;N/A;N/A;N/A;N/A;N/A;N/A;N/A;N/A;N/A;N/A;N/A;N/A;N/A;N/A;N/A;N/A;N/A;N/A;N/A;N/A;N/A;N/A;N/A;N/A;N/A;N/A;N/A;N/A;N/A;N/A;N/A;N/A;N/A;N/A;N/A;N/A;N/A;N/A;N/A;N/A;N/A;N/A;N/A;N/A;N/A;N/A;N/A;N/A;N/A;N/A;N/A;N/A;N/A;N/A;N/A;N/A;N/A;N/A;N/A;N/A;N/A;N/A;N/A;N/A;N/A;N/A;N/A;N/A;N/A;N/A;N/A;N/A;N/A;N/A;N/A;N/A;N/A;N/A
Hyundai;Accent;"1.4 Cvvt Super Full Limited Sedan";2016;"180000 km";;WPHAMMER;13000;;;;;Cordón;https://auto.mercadolibre.com.uy/MLU-701591712-hyundai-accent-14-cvvt-super-full-limited-sedan-_JM;N/A;;"Hyundai Accent 1.4 Cvvt Super Full Limited Sedan";usd;Sí;gold_premium;false;N/A;N/A;http://perfil.mercadolibre.com.uy/WPHAMMER;active;N/A;N/A;Usado;Gris;Sí;Asistida;Delantera;Sí;Sí;N/A;N/A;N/A;Sí;N/A;N/A;No;N/A;N/A;Sí;Sí;N/A;Sí;N/A;N/A;N/A;N/A;N/A;N/A;N/A;N/A;N/A;N/A;"2570 mm";"1.4 L";"43 L";6;N/A;N/A;N/A;N/A;N/A;Sí;N/A;N/A;N/A;N/A;N/A;N/A;N/A;N/A;N/A;N/A;N/A;N/A;N/A;N/A;N/A;N/A;N/A;N/A;N/A;N/A;N/A;N/A;N/A;Sí;N/A;N/A;N/A;N/A;N/A;N/A;N/A;N/A;N/A;N/A;N/A;N/A;N/A;N/A;N/A;"1450 mm";"4370 mm";N/A;N/A;N/A;N/A;5;"108 hp";"Super Full Limited";N/A;4;"1700 mm";N/A;Sí;N/A;Sí;Sí;N/A;Sí;Sí;N/A;Sí;N/A;N/A;Sí;Sí;N/A;N/A;Sí;"Todo el día";4;1.4;Nafta;Manual;Sedán;"Autos y camionetas";N/A;N/A;N/A;N/A;N/A;N/A;UY;N/A;N/A;N/A;N/A;N/A;N/A;N/A;N/A;N/A;N/A;N/A;N/A;N/A;N/A;N/A;N/A;N/A;No;N/A;N/A;N/A;N/A;N/A;N/A;N/A;N/A;N/A;N/A;N/A;N/A;N/A;N/A;N/A;N/A;N/A;N/A;N/A;N/A;N/A;N/A;N/A;N/A;N/A;N/A;N/A;N/A;N/A;N/A;N/A;N/A;N/A;N/A;N/A;N/A;N/A;N/A;N/A;N/A;N/A;N/A;N/A;N/A;N/A;N/A;N/A;N/A;N/A;N/A;N/A;N/A;N/A;N/A;N/A;N/A;N/A;N/A;N/A;N/A;N/A;N/A;N/A;N/A;N/A;N/A;N/A;N/A;N/A;N/A;No;Sí;Sí;Sí;N/A;Sí;N/A;N/A;N/A;N/A;Sí;Sí;Sí;Sí;N/A;N/A;Sí;Sí;Sí;Sí;Sí;Sí;Sí;Sí;Sí;N/A;Sí
Hyundai;Accent;"1.4 Gl Super Full Sedan";2017;"124000 km";;GAM7016628;13600;;;;;"Nuevo París";https://auto.mercadolibre.com.uy/MLU-701575980-hyundai-accent-14-gl-super-full-sedan-_JM;N/A;;"Hyundai Accent 1.4 Gl Super Full Sedan";usd;Sí;gold_premium;false;N/A;N/A;http://perfil.mercadolibre.com.uy/GAM7016628;active;N/A;N/A;Usado;Azul;No;Hidráulica;Delantera;Sí;Sí;N/A;N/A;N/A;N/A;N/A;N/A;No;N/A;N/A;N/A;Sí;N/A;Sí;N/A;N/A;N/A;N/A;N/A;N/A;N/A;N/A;N/A;N/A;"2570 mm";"1.4 L";"43 L";6;N/A;N/A;N/A;N/A;N/A;Sí;N/A;N/A;N/A;N/A;N/A;N/A;N/A;N/A;N/A;N/A;N/A;N/A;N/A;N/A;N/A;N/A;N/A;N/A;N/A;N/A;N/A;N/A;N/A;N/A;N/A;N/A;N/A;N/A;N/A;N/A;N/A;N/A;N/A;N/A;N/A;N/A;N/A;N/A;N/A;"1450 mm";"4370 mm";N/A;N/A;N/A;N/A;5;"108 hp";Gl;N/A;4;"1700 mm";N/A;No;N/A;N/A;Sí;N/A;No;No;N/A;N/A;N/A;N/A;N/A;N/A;N/A;N/A;N/A;N/A;4;1.4;Nafta;Manual;Sedán;"Autos y camionetas";N/A;N/A;N/A;N/A;N/A;N/A;UY;N/A;Sí;N/A;N/A;N/A;N/A;N/A;N/A;N/A;N/A;N/A;N/A;N/A;N/A;N/A;N/A;N/A;N/A;N/A;N/A;N/A;N/A;N/A;N/A;N/A;N/A;N/A;N/A;N/A;N/A;N/A;N/A;N/A;N/A;N/A;N/A;N/A;N/A;N/A;N/A;N/A;N/A;N/A;N/A;N/A;N/A;N/A;N/A;N/A;N/A;N/A;N/A;N/A;N/A;N/A;N/A;N/A;N/A;N/A;N/A;N/A;N/A;N/A;N/A;N/A;N/A;N/A;N/A;N/A;N/A;N/A;N/A;N/A;N/A;N/A;N/A;N/A;N/A;N/A;N/A;N/A;N/A;N/A;N/A;N/A;N/A;N/A;N/A;N/A;Sí;Sí;Sí;N/A;N/A;N/A;N/A;N/A;N/A;Sí;N/A;N/A;Sí;N/A;N/A;N/A;Sí;Sí;Sí;Sí;Sí;N/A;N/A;N/A;N/A;Sí
Hyundai;HB20S;"1.6 Sport 4p";2017;"79500 km";;FEDERICOSARRAUTE;11900;;;;;"Médanos de Solymar";https://auto.mercadolibre.com.uy/MLU-704217432-hyundai-hb20s-16-sport-4p-_JM;N/A;;"Hyundai Hb20s 1.6 Sport 4p";usd;Sí;gold_premium;false;N/A;N/A;http://perfil.mercadolibre.com.uy/FEDERICOSARRAUTE;active;N/A;N/A;Usado;Blanco;No;Hidráulica;Delantera;Sí;Sí;Sí;N/A;N/A;N/A;N/A;N/A;No;N/A;N/A;N/A;Sí;N/A;N/A;N/A;N/A;N/A;N/A;N/A;N/A;N/A;N/A;N/A;N/A;"2500 mm";"1.6 L";"50 L";6;N/A;N/A;N/A;N/A;N/A;No;N/A;N/A;N/A;N/A;N/A;N/A;N/A;N/A;N/A;N/A;N/A;N/A;N/A;N/A;N/A;N/A;N/A;N/A;N/A;N/A;N/A;N/A;N/A;No;N/A;N/A;N/A;Sí;Sí;N/A;N/A;N/A;N/A;N/A;N/A;N/A;N/A;N/A;N/A;"1470 mm";"4230 mm";N/A;N/A;N/A;N/A;5;"122 hp";Sport;N/A;4;"1680 mm";N/A;No;N/A;Sí;Sí;N/A;Sí;Sí;Sí;No;N/A;"12.6 km/l";Sí;N/A;N/A;N/A;N/A;"Full time";4;1.6;Nafta;Manual;Sedán;"Autos y camionetas";N/A;N/A;N/A;N/A;N/A;N/A;UY;N/A;N/A;N/A;N/A;N/A;N/A;N/A;N/A;N/A;N/A;N/A;N/A;N/A;N/A;N/A;N/A;N/A;N/A;N/A;N/A;N/A;N/A;N/A;N/A;N/A;N/A;N/A;N/A;N/A;N/A;N/A;N/A;N/A;N/A;N/A;N/A;N/A;N/A;N/A;N/A;N/A;N/A;N/A;N/A;N/A;N/A;N/A;N/A;N/A;N/A;N/A;N/A;N/A;N/A;N/A;N/A;N/A;N/A;N/A;N/A;N/A;N/A;N/A;N/A;N/A;N/A;N/A;N/A;N/A;N/A;N/A;N/A;N/A;N/A;N/A;N/A;N/A;N/A;N/A;N/A;N/A;N/A;N/A;N/A;N/A;N/A;N/A;N/A;No;Sí;No;Sí;N/A;Sí;N/A;N/A;N/A;N/A;Sí;N/A;N/A;Sí;N/A;N/A;N/A;Sí;Sí;Sí;Sí;Sí;No;No;Sí;N/A;Sí
Hyundai;Tucson;"2.0 Gl 5mt 2wd";2010;"100000 km";;MA20240823061409;13800;;;;;"Colonia del Sacramento";https://auto.mercadolibre.com.uy/MLU-704519940-hyundai-tucson-20-gl-5mt-2wd-_JM;N/A;;"Hyundai Tucson 2.0 Gl 5mt 2wd";usd;Sí;gold_premium;false;N/A;N/A;http://perfil.mercadolibre.com.uy/MA20240823061409;active;N/A;N/A;Usado;Negro;No;Hidráulica;4x2;Sí;Sí;Sí;N/A;N/A;N/A;N/A;N/A;N/A;N/A;N/A;Sí;Sí;N/A;N/A;N/A;N/A;N/A;N/A;N/A;N/A;N/A;N/A;N/A;N/A;"2630 mm";"2 L";"58 L";5;N/A;N/A;N/A;N/A;N/A;N/A;N/A;N/A;N/A;N/A;N/A;N/A;N/A;N/A;N/A;N/A;N/A;N/A;N/A;N/A;N/A;N/A;N/A;N/A;N/A;N/A;N/A;N/A;N/A;N/A;N/A;Sí;N/A;N/A;N/A;N/A;N/A;N/A;N/A;N/A;N/A;Sí;N/A;N/A;N/A;"1655 mm";"4410 mm";N/A;N/A;N/A;N/A;5;"166 hp";Gl;N/A;4;"1830 mm";"9.8 km/l";No;N/A;Sí;Sí;N/A;Sí;Sí;N/A;N/A;Sí;"6.1 km/l";N/A;N/A;N/A;N/A;Sí;N/A;5;2.0;Nafta;Manual;SUV;"Autos y camionetas";N/A;N/A;N/A;N/A;N/A;N/A;UY;N/A;N/A;N/A;N/A;N/A;N/A;N/A;N/A;N/A;N/A;N/A;N/A;N/A;N/A;N/A;N/A;N/A;N/A;N/A;N/A;N/A;N/A;N/A;N/A;N/A;N/A;N/A;N/A;N/A;N/A;N/A;N/A;N/A;N/A;N/A;N/A;N/A;N/A;N/A;N/A;N/A;N/A;N/A;N/A;N/A;N/A;N/A;N/A;N/A;N/A;N/A;N/A;N/A;N/A;N/A;N/A;N/A;N/A;N/A;N/A;N/A;N/A;N/A;N/A;N/A;N/A;N/A;N/A;N/A;N/A;N/A;N/A;N/A;N/A;N/A;N/A;N/A;N/A;N/A;N/A;N/A;N/A;N/A;N/A;N/A;N/A;N/A;N/A;N/A;Sí;Sí;Sí;N/A;Sí;N/A;N/A;N/A;N/A;Sí;Sí;N/A;Sí;Sí;N/A;Sí;Sí;Sí;Sí;Sí;N/A;Sí;N/A;Sí;N/A;Sí
Hyundai;H1;"2.5 Premium 1 170cv Mt";2011;"260000 km";;JAVIERRODRGUEZ071;17500;;;;;Centro;https://auto.mercadolibre.com.uy/MLU-647153569-hyundai-h1-25-premium-1-170cv-mt-_JM;N/A;;"Hyundai H1 2.5 Premium 1 170cv Mt";usd;Sí;gold_premium;false;N/A;N/A;http://perfil.mercadolibre.com.uy/JAVIERRODRGUEZ071;active;N/A;N/A;Usado;Gris;No;Hidráulica;Trasera;Sí;N/A;Sí;N/A;N/A;N/A;N/A;N/A;N/A;N/A;N/A;N/A;Sí;N/A;N/A;N/A;N/A;N/A;N/A;N/A;N/A;N/A;N/A;N/A;N/A;"3201 mm";"2.5 L";"75 L";6;N/A;N/A;N/A;N/A;N/A;N/A;N/A;N/A;N/A;N/A;N/A;N/A;N/A;N/A;N/A;N/A;N/A;N/A;N/A;N/A;N/A;N/A;N/A;N/A;N/A;N/A;N/A;N/A;N/A;N/A;N/A;Sí;N/A;N/A;N/A;N/A;N/A;N/A;N/A;N/A;N/A;Sí;N/A;N/A;N/A;"1925 mm";"5125 mm";N/A;N/A;N/A;N/A;12;"170 hp";Premium;N/A;4;"1920 mm";"10.9 km/l";N/A;N/A;N/A;Sí;N/A;N/A;N/A;N/A;N/A;Sí;"7.1 km/l";N/A;N/A;N/A;N/A;N/A;Siempre;4;2.5;Diésel;Manual;SUV;"Autos y camionetas";N/A;N/A;N/A;N/A;N/A;N/A;UY;N/A;N/A;N/A;N/A;N/A;N/A;N/A;N/A;N/A;N/A;N/A;N/A;N/A;N/A;N/A;N/A;N/A;N/A;N/A;N/A;N/A;N/A;N/A;N/A;N/A;N/A;N/A;N/A;N/A;N/A;N/A;N/A;N/A;N/A;N/A;N/A;N/A;N/A;N/A;N/A;N/A;N/A;N/A;N/A;N/A;N/A;N/A;N/A;N/A;N/A;N/A;N/A;N/A;N/A;N/A;N/A;N/A;N/A;N/A;N/A;N/A;N/A;N/A;N/A;N/A;N/A;N/A;N/A;N/A;N/A;N/A;N/A;N/A;N/A;N/A;N/A;N/A;N/A;N/A;N/A;N/A;N/A;N/A;N/A;N/A;N/A;N/A;N/A;N/A;Sí;N/A;Sí;N/A;Sí;Sí;N/A;N/A;N/A;N/A;N/A;N/A;N/A;Sí;N/A;Sí;Sí;N/A;N/A;N/A;N/A;N/A;N/A;N/A;N/A;N/A
Hyundai;Elantra;"1.8 Gls 6at Seguridad Premium";2013;"146000 km";;"BOBY 2_MF";14300;;;;;"Nueva Palmira";https://auto.mercadolibre.com.uy/MLU-702230848-hyundai-elantra-2013-18-gls-6at-seguridad-premium-_JM;N/A;;"Hyundai Elantra 2013 1.8 Gls 6at Seguridad Premium";usd;Sí;gold_premium;false;N/A;N/A;http://perfil.mercadolibre.com.uy/BOBY+2_MF;active;N/A;N/A;Usado;N/A;N/A;Hidráulica;Delantera;Sí;N/A;Sí;N/A;N/A;N/A;N/A;N/A;N/A;N/A;N/A;N/A;N/A;N/A;N/A;N/A;N/A;N/A;N/A;N/A;N/A;N/A;N/A;N/A;N/A;"2857 mm";"1.8 L";"49 L";6;N/A;N/A;N/A;N/A;N/A;N/A;N/A;N/A;N/A;N/A;N/A;N/A;N/A;N/A;N/A;N/A;N/A;N/A;N/A;N/A;N/A;N/A;N/A;N/A;N/A;N/A;N/A;N/A;N/A;N/A;N/A;Sí;N/A;N/A;N/A;N/A;N/A;N/A;N/A;N/A;N/A;Sí;N/A;N/A;N/A;"1445 mm";"4530 mm";N/A;N/A;N/A;N/A;5;"150 hp";Gls;N/A;4;"1898 mm";N/A;N/A;N/A;N/A;N/A;N/A;N/A;N/A;N/A;N/A;N/A;N/A;N/A;N/A;N/A;N/A;N/A;N/A;4;1.8;Nafta;Automática;Sedán;"Autos y camionetas";N/A;N/A;N/A;N/A;N/A;N/A;UY;N/A;N/A;N/A;N/A;N/A;N/A;N/A;N/A;N/A;N/A;N/A;N/A;N/A;N/A;N/A;N/A;N/A;N/A;N/A;N/A;N/A;N/A;N/A;N/A;N/A;N/A;N/A;N/A;N/A;N/A;N/A;N/A;N/A;N/A;N/A;N/A;N/A;N/A;N/A;N/A;N/A;N/A;N/A;N/A;N/A;N/A;N/A;N/A;N/A;N/A;N/A;N/A;N/A;N/A;N/A;N/A;N/A;N/A;N/A;N/A;N/A;N/A;N/A;N/A;N/A;N/A;N/A;N/A;N/A;N/A;N/A;N/A;N/A;N/A;N/A;N/A;N/A;N/A;N/A;N/A;N/A;N/A;N/A;N/A;N/A;N/A;N/A;N/A;N/A;Sí;N/A;Sí;N/A;N/A;N/A;N/A;N/A;N/A;N/A;N/A;N/A;N/A;Sí;N/A;N/A;N/A;N/A;N/A;N/A;N/A;N/A;N/A;N/A;N/A;N/A
Hyundai;H350;"2.5 Solati";2022;"0 km";;"CAMIONES HYUNDAI";52900;;;;;Centro;https://auto.mercadolibre.com.uy/MLU-701221830-hyundai-h-350-solatri-furgon-_JM;N/A;;"Hyundai H 350 Solatri  Furgon ";usd;Sí;gold_premium;false;N/A;N/A;http://perfil.mercadolibre.com.uy/CAMIONES+HYUNDAI;active;N/A;N/A;Nuevo;Blanco;N/A;N/A;4x2;Sí;Sí;Sí;No;No;Sí;No;Sí;No;No;No;No;Sí;No;No;N/A;N/A;N/A;N/A;N/A;N/A;N/A;N/A;N/A;N/A;"2640 mm";"2.5 L";"65 L";6;N/A;N/A;N/A;N/A;N/A;No;N/A;N/A;N/A;N/A;N/A;N/A;N/A;N/A;N/A;N/A;N/A;N/A;N/A;N/A;N/A;N/A;N/A;Sí;N/A;N/A;N/A;N/A;N/A;No;N/A;N/A;N/A;N/A;N/A;N/A;N/A;N/A;N/A;N/A;N/A;N/A;N/A;N/A;N/A;"1965 mm";"4795 mm";N/A;N/A;N/A;N/A;3;"73 hp";N/A;N/A;2;"1740 mm";N/A;Sí;N/A;Sí;Sí;N/A;Sí;Sí;No;No;No;N/A;No;Sí;No;No;No;"Lunes a viernes de 8:30 a 18:15";2;2.5;Diésel;Manual;Hatchback;"Autos y camionetas";No;N/A;N/A;N/A;No;N/A;UY;No;Sí;No;Sí;N/A;N/A;N/A;N/A;N/A;N/A;N/A;N/A;N/A;N/A;N/A;N/A;N/A;N/A;N/A;N/A;N/A;N/A;N/A;N/A;N/A;N/A;N/A;N/A;N/A;N/A;N/A;N/A;N/A;N/A;N/A;N/A;Sí;N/A;N/A;N/A;N/A;N/A;N/A;N/A;N/A;N/A;N/A;N/A;N/A;N/A;N/A;N/A;N/A;N/A;N/A;Sí;N/A;N/A;N/A;N/A;N/A;N/A;N/A;N/A;N/A;N/A;N/A;N/A;N/A;N/A;N/A;N/A;N/A;N/A;N/A;N/A;N/A;N/A;N/A;N/A;N/A;N/A;N/A;N/A;N/A;N/A;N/A;N/A;No;Sí;No;No;No;Sí;Sí;Sí;N/A;Sí;Sí;Sí;Sí;No;No;No;Sí;Sí;Sí;Sí;Sí;Sí;No;No;Sí;No;Sí
Hyundai;Elantra;"1.8 Gls";1998;"412000 km";;PEREZG1622;3500;;;;;Reducto;https://auto.mercadolibre.com.uy/MLU-647524145-hyundai-elantra-1998-18-gls-_JM;N/A;;"Hyundai Elantra 1998 1.8 Gls";usd;No;gold_premium;false;N/A;N/A;http://perfil.mercadolibre.com.uy/PEREZG1622;active;N/A;N/A;Usado;N/A;N/A;Hidráulica;Delantera;N/A;N/A;N/A;N/A;N/A;N/A;N/A;N/A;N/A;N/A;N/A;N/A;N/A;N/A;N/A;N/A;N/A;N/A;N/A;N/A;N/A;N/A;N/A;N/A;N/A;"2857 mm";"1.8 L";"49 L";5;N/A;N/A;N/A;N/A;N/A;N/A;N/A;N/A;N/A;N/A;N/A;N/A;N/A;N/A;N/A;N/A;N/A;N/A;N/A;N/A;N/A;N/A;N/A;N/A;N/A;N/A;N/A;N/A;N/A;N/A;N/A;N/A;N/A;N/A;N/A;N/A;N/A;N/A;N/A;N/A;N/A;N/A;N/A;N/A;N/A;"1445 mm";"4530 mm";N/A;N/A;N/A;N/A;5;"128 hp";Gls;N/A;4;"1898 mm";"10.8 km/l";N/A;N/A;N/A;N/A;N/A;N/A;N/A;N/A;N/A;N/A;"7.2 km/l";N/A;N/A;N/A;N/A;N/A;N/A;4;1.8;Nafta;Manual;Sedán;"Autos y camionetas";N/A;N/A;N/A;N/A;N/A;N/A;UY;N/A;N/A;N/A;N/A;N/A;N/A;N/A;N/A;N/A;N/A;N/A;N/A;N/A;N/A;N/A;N/A;N/A;N/A;N/A;N/A;N/A;N/A;N/A;N/A;N/A;N/A;N/A;N/A;N/A;N/A;N/A;N/A;N/A;N/A;N/A;N/A;N/A;N/A;N/A;N/A;N/A;N/A;N/A;N/A;N/A;N/A;N/A;N/A;N/A;N/A;N/A;N/A;N/A;N/A;N/A;N/A;N/A;N/A;N/A;N/A;N/A;N/A;N/A;N/A;N/A;N/A;N/A;N/A;N/A;N/A;N/A;N/A;N/A;N/A;N/A;N/A;N/A;N/A;N/A;N/A;N/A;N/A;N/A;N/A;N/A;N/A;N/A;N/A;N/A;Sí;N/A;N/A;N/A;N/A;N/A;N/A;N/A;N/A;N/A;N/A;N/A;N/A;N/A;N/A;N/A;N/A;N/A;N/A;N/A;N/A;N/A;N/A;N/A;N/A;N/A
Hyundai;"Grand i10";"1.0 G3lA";2015;"139000 km";;FIGUERONOSCAR;9500;;;;;"La Blanqueada";https://auto.mercadolibre.com.uy/MLU-704343088-direccion-airevidrios-_JM;N/A;;"Dirección, Aire,vidrios";USD;Sí;gold_premium;false;N/A;N/A;http://perfil.mercadolibre.com.uy/FIGUERONOSCAR;active;N/A;N/A;Usado;Gris;No;Asistida;Delantera;N/A;N/A;N/A;N/A;N/A;N/A;N/A;N/A;N/A;N/A;N/A;N/A;N/A;N/A;N/A;N/A;N/A;N/A;N/A;N/A;N/A;N/A;N/A;N/A;N/A;N/A;N/A;N/A;N/A;N/A;N/A;N/A;N/A;N/A;N/A;N/A;N/A;N/A;N/A;N/A;N/A;N/A;N/A;N/A;N/A;N/A;N/A;N/A;N/A;N/A;N/A;N/A;N/A;N/A;N/A;N/A;N/A;N/A;N/A;N/A;N/A;N/A;N/A;N/A;N/A;N/A;N/A;N/A;N/A;N/A;N/A;N/A;N/A;N/A;N/A;N/A;N/A;N/A;N/A;N/A;N/A;N/A;N/A;N/A;N/A;N/A;N/A;N/A;N/A;N/A;N/A;N/A;N/A;N/A;N/A;N/A;N/A;N/A;N/A;N/A;N/A;N/A;N/A;N/A;5;1.0;Nafta;Semiautomática;N/A;"Autos y camionetas";N/A;N/A;N/A;N/A;N/A;N/A;N/A;N/A;N/A;N/A;N/A;N/A;N/A;N/A;N/A;N/A;N/A;N/A;N/A;N/A;N/A;N/A;N/A;N/A;N/A;N/A;N/A;N/A;N/A;N/A;N/A;N/A;N/A;N/A;N/A;N/A;N/A;N/A;N/A;N/A;N/A;N/A;N/A;N/A;N/A;N/A;N/A;N/A;N/A;N/A;N/A;N/A;N/A;N/A;N/A;N/A;N/A;N/A;N/A;N/A;N/A;N/A;N/A;N/A;N/A;N/A;N/A;N/A;N/A;N/A;N/A;N/A;N/A;N/A;N/A;N/A;N/A;N/A;N/A;N/A;N/A;N/A;N/A;N/A;N/A;N/A;N/A;N/A;N/A;N/A;N/A;N/A;N/A;N/A;N/A;N/A;N/A;N/A;N/A;N/A;N/A;N/A;N/A;N/A;N/A;N/A;N/A;N/A;N/A;N/A;N/A;N/A;N/A;N/A;N/A;N/A;N/A;N/A;N/A;N/A;N/A;N/A
Hyundai;i10;"GLS STD 1.100";2011;"220000 km";;"LEONARDO ZIMMER";8200;;;;;"Las Piedras";https://auto.mercadolibre.com.uy/MLU-704243944-buen-estado-_JM;N/A;;"Buen Estado";USD;Sí;gold_premium;false;N/A;N/A;http://perfil.mercadolibre.com.uy/LEONARDO+ZIMMER;active;N/A;N/A;Usado;Gris;Sí;Asistida;Delantera;N/A;N/A;N/A;N/A;N/A;N/A;N/A;N/A;N/A;N/A;N/A;N/A;N/A;N/A;N/A;N/A;N/A;N/A;N/A;N/A;N/A;N/A;N/A;N/A;N/A;N/A;N/A;N/A;N/A;N/A;N/A;N/A;N/A;N/A;N/A;N/A;N/A;N/A;N/A;N/A;N/A;N/A;N/A;N/A;N/A;N/A;N/A;N/A;N/A;N/A;N/A;N/A;N/A;N/A;N/A;N/A;N/A;N/A;N/A;N/A;N/A;N/A;N/A;N/A;N/A;N/A;N/A;N/A;N/A;N/A;N/A;N/A;N/A;N/A;N/A;N/A;N/A;N/A;N/A;N/A;N/A;N/A;N/A;N/A;N/A;N/A;N/A;N/A;N/A;N/A;N/A;N/A;N/A;N/A;N/A;N/A;N/A;N/A;N/A;N/A;N/A;N/A;N/A;N/A;4;1.100;Nafta;N/A;N/A;"Autos y camionetas";N/A;N/A;N/A;N/A;N/A;N/A;N/A;N/A;N/A;N/A;N/A;N/A;N/A;N/A;N/A;N/A;N/A;N/A;N/A;N/A;N/A;N/A;N/A;N/A;N/A;N/A;N/A;N/A;N/A;N/A;N/A;N/A;N/A;N/A;N/A;N/A;N/A;N/A;N/A;N/A;N/A;N/A;N/A;N/A;N/A;N/A;N/A;N/A;N/A;N/A;N/A;N/A;N/A;N/A;N/A;N/A;N/A;N/A;N/A;N/A;N/A;N/A;N/A;N/A;N/A;N/A;N/A;N/A;N/A;N/A;N/A;N/A;N/A;N/A;N/A;N/A;N/A;N/A;N/A;N/A;N/A;N/A;N/A;N/A;N/A;N/A;N/A;N/A;N/A;N/A;N/A;N/A;N/A;N/A;N/A;N/A;N/A;N/A;N/A;N/A;N/A;N/A;N/A;N/A;N/A;N/A;N/A;N/A;N/A;N/A;N/A;N/A;N/A;N/A;N/A;N/A;N/A;N/A;N/A;N/A;N/A;N/A
Hyundai;"Santa Fe";"3.5 Limited 4x4 At";2022;"99000 km";;MARIACHINAZZO;50000;;;;;Paysandú;https://auto.mercadolibre.com.uy/MLU-702448442-excelente-vehiculo-impecable-estado-garantia-hasta-2027-_JM;N/A;;"Excelente Vehículo, Impecable Estado. Garantía Hasta 2027.";USD;Sí;gold_premium;false;N/A;N/A;http://perfil.mercadolibre.com.uy/MARIACHINAZZO;active;N/A;N/A;Usado;Blanco;Sí;N/A;4x4;Sí;Sí;N/A;N/A;N/A;Sí;N/A;N/A;Sí;N/A;N/A;Sí;Sí;N/A;Sí;N/A;N/A;N/A;N/A;N/A;N/A;N/A;N/A;N/A;N/A;N/A;N/A;N/A;N/A;N/A;N/A;N/A;N/A;N/A;No;N/A;N/A;N/A;N/A;N/A;N/A;N/A;N/A;N/A;N/A;N/A;N/A;N/A;N/A;N/A;N/A;N/A;N/A;N/A;N/A;N/A;N/A;N/A;N/A;N/A;N/A;N/A;N/A;N/A;N/A;N/A;N/A;N/A;N/A;N/A;N/A;N/A;N/A;N/A;N/A;N/A;N/A;N/A;N/A;N/A;N/A;N/A;N/A;N/A;N/A;N/A;N/A;Sí;N/A;Sí;Sí;N/A;Sí;Sí;N/A;Sí;N/A;N/A;N/A;N/A;N/A;N/A;N/A;N/A;5;3.5;Nafta;"Automática secuencial";Off-Road;"Autos y camionetas";No;N/A;N/A;N/A;No;N/A;N/A;N/A;No;N/A;Sí;N/A;N/A;N/A;N/A;N/A;N/A;N/A;N/A;N/A;N/A;N/A;N/A;N/A;Sí;N/A;N/A;N/A;N/A;N/A;N/A;N/A;N/A;N/A;N/A;N/A;N/A;N/A;N/A;N/A;N/A;N/A;N/A;Sí;N/A;N/A;N/A;N/A;N/A;N/A;N/A;N/A;N/A;N/A;N/A;N/A;N/A;N/A;N/A;N/A;N/A;Sí;No;N/A;N/A;N/A;N/A;N/A;N/A;N/A;N/A;N/A;N/A;N/A;N/A;N/A;N/A;N/A;N/A;N/A;N/A;N/A;N/A;N/A;N/A;N/A;N/A;N/A;N/A;N/A;N/A;N/A;N/A;N/A;N/A;Sí;Sí;Sí;Sí;N/A;Sí;N/A;N/A;N/A;N/A;Sí;Sí;N/A;Sí;N/A;N/A;Sí;Sí;Sí;Sí;Sí;Sí;No;N/A;Sí;N/A;Sí
Hyundai;HB20S;"1.6 Comfort Plus 4p";2016;"123000 km";;CAAD9804427;12000;;;;;Palermo;https://auto.mercadolibre.com.uy/MLU-647586523-hyundai-hb20s-2016-16-comfort-plus-4p-_JM;N/A;;"Hyundai Hb20s 2016 1.6 Comfort Plus 4p";usd;Sí;gold_premium;false;N/A;N/A;http://perfil.mercadolibre.com.uy/CAAD9804427;active;N/A;N/A;Usado;N/A;N/A;Hidráulica;Delantera;Sí;N/A;N/A;N/A;N/A;N/A;N/A;N/A;N/A;N/A;N/A;N/A;N/A;N/A;N/A;N/A;N/A;N/A;N/A;N/A;N/A;N/A;N/A;N/A;N/A;"2500 mm";"1.6 L";"50 L";5;N/A;N/A;N/A;N/A;N/A;N/A;N/A;N/A;N/A;N/A;N/A;N/A;N/A;N/A;N/A;N/A;N/A;N/A;N/A;N/A;N/A;N/A;N/A;N/A;N/A;N/A;N/A;N/A;N/A;N/A;N/A;N/A;N/A;Sí;Sí;N/A;N/A;N/A;N/A;N/A;N/A;N/A;N/A;N/A;N/A;"1500 mm";"4200 mm";N/A;N/A;N/A;N/A;5;"122 hp";"Comfort Plus";N/A;4;"1680 mm";N/A;N/A;N/A;N/A;Sí;N/A;N/A;Sí;Sí;N/A;N/A;"12.8 km/l";N/A;N/A;N/A;N/A;N/A;N/A;4;1.6;Nafta;Manual;Sedán;"Autos y camionetas";N/A;N/A;N/A;N/A;N/A;N/A;UY;N/A;N/A;N/A;N/A;N/A;N/A;N/A;N/A;N/A;N/A;N/A;N/A;N/A;N/A;N/A;N/A;N/A;N/A;N/A;N/A;N/A;N/A;N/A;N/A;N/A;N/A;N/A;N/A;N/A;N/A;N/A;N/A;N/A;N/A;N/A;N/A;N/A;N/A;N/A;N/A;N/A;N/A;N/A;N/A;N/A;N/A;N/A;N/A;N/A;N/A;N/A;N/A;N/A;N/A;N/A;N/A;N/A;N/A;N/A;N/A;N/A;N/A;N/A;N/A;N/A;N/A;N/A;N/A;N/A;N/A;N/A;N/A;N/A;N/A;N/A;N/A;N/A;N/A;N/A;N/A;N/A;N/A;N/A;N/A;N/A;N/A;N/A;N/A;N/A;N/A;N/A;N/A;N/A;N/A;N/A;N/A;N/A;N/A;N/A;N/A;N/A;N/A;N/A;N/A;N/A;Sí;N/A;N/A;N/A;Sí;N/A;N/A;Sí;N/A;Sí
Hyundai;HB20;"1.0 Comfort Mt";2022;"61000 km";;FELIPEBUYSAN;14400;;;;;Centro;https://auto.mercadolibre.com.uy/MLU-701143666-hyundai-hb20-2022-10-comfort-mt-_JM;N/A;;"Hyundai Hb20 2022 1.0 Comfort Mt";usd;Sí;gold_premium;false;N/A;N/A;http://perfil.mercadolibre.com.uy/FELIPEBUYSAN;active;N/A;N/A;Usado;N/A;N/A;Hidráulica;Delantera;Sí;N/A;Sí;N/A;N/A;N/A;N/A;N/A;N/A;N/A;N/A;N/A;N/A;N/A;N/A;N/A;N/A;N/A;N/A;N/A;N/A;N/A;N/A;N/A;N/A;"2500 mm";"1 L";"50 L";6;N/A;N/A;N/A;N/A;N/A;N/A;N/A;N/A;N/A;N/A;N/A;N/A;N/A;N/A;N/A;N/A;N/A;N/A;N/A;N/A;N/A;N/A;N/A;N/A;N/A;N/A;N/A;N/A;N/A;N/A;N/A;N/A;N/A;Sí;Sí;N/A;N/A;N/A;N/A;N/A;N/A;N/A;N/A;N/A;N/A;"1470 mm";"3920 mm";N/A;N/A;N/A;N/A;5;"101 hp";N/A;N/A;4;"1680 mm";N/A;N/A;N/A;N/A;Sí;N/A;N/A;Sí;Sí;N/A;N/A;"13.8 km/l";N/A;N/A;N/A;N/A;N/A;N/A;5;1.0;Nafta;Manual;Hatchback;"Autos y camionetas";N/A;N/A;N/A;N/A;N/A;N/A;UY;N/A;N/A;N/A;N/A;N/A;N/A;N/A;N/A;N/A;N/A;N/A;N/A;N/A;N/A;N/A;N/A;N/A;N/A;N/A;N/A;N/A;N/A;N/A;N/A;N/A;N/A;N/A;N/A;N/A;N/A;N/A;N/A;N/A;N/A;N/A;N/A;N/A;N/A;N/A;N/A;N/A;N/A;N/A;N/A;N/A;N/A;N/A;N/A;N/A;N/A;N/A;N/A;N/A;N/A;N/A;N/A;N/A;N/A;N/A;N/A;N/A;N/A;N/A;N/A;N/A;N/A;N/A;N/A;N/A;N/A;N/A;N/A;N/A;N/A;N/A;N/A;N/A;N/A;N/A;N/A;N/A;N/A;N/A;N/A;N/A;N/A;N/A;N/A;N/A;N/A;N/A;N/A;N/A;N/A;N/A;N/A;N/A;N/A;N/A;N/A;N/A;N/A;N/A;N/A;N/A;Sí;N/A;N/A;N/A;Sí;N/A;N/A;Sí;N/A;Sí
Hyundai;HB20;"1.6 Premium At 5p";2020;"130000 km";;"CLASEA AUTOMOVILES";17900;;;;;"Empalme Nicolich";https://auto.mercadolibre.com.uy/MLU-700623558-hyundai-hb20-16-premium-at-5p-_JM;N/A;;"Hyundai Hb20 1.6 Premium At 5p";usd;Sí;gold_premium;false;N/A;N/A;http://perfil.mercadolibre.com.uy/CLASEA+AUTOMOVILES;active;N/A;N/A;Usado;Azul;N/A;Hidráulica;Delantera;Sí;N/A;Sí;N/A;N/A;N/A;N/A;N/A;N/A;N/A;N/A;N/A;N/A;N/A;N/A;N/A;N/A;N/A;N/A;N/A;N/A;N/A;N/A;N/A;N/A;"2500 mm";"1.6 L";"50 L";6;N/A;N/A;N/A;N/A;N/A;N/A;N/A;N/A;N/A;N/A;N/A;N/A;N/A;N/A;N/A;N/A;N/A;N/A;N/A;N/A;N/A;N/A;N/A;N/A;N/A;N/A;N/A;N/A;N/A;N/A;N/A;N/A;N/A;Sí;Sí;N/A;N/A;N/A;N/A;N/A;N/A;N/A;N/A;N/A;N/A;"1470 mm";"3920 mm";N/A;N/A;N/A;N/A;5;"123 hp";Premium;N/A;4;"1680 mm";N/A;N/A;N/A;N/A;Sí;N/A;N/A;Sí;Sí;N/A;N/A;"13.8 km/l";N/A;N/A;N/A;N/A;N/A;N/A;5;1.6;Nafta;Automática;Hatchback;"Autos y camionetas";N/A;N/A;N/A;N/A;N/A;N/A;UY;N/A;N/A;N/A;N/A;N/A;N/A;N/A;N/A;N/A;N/A;N/A;N/A;N/A;N/A;N/A;N/A;N/A;N/A;N/A;N/A;N/A;N/A;N/A;N/A;N/A;N/A;N/A;N/A;N/A;N/A;N/A;N/A;N/A;N/A;N/A;N/A;N/A;N/A;N/A;N/A;N/A;N/A;N/A;N/A;N/A;N/A;N/A;N/A;N/A;N/A;N/A;N/A;N/A;N/A;N/A;N/A;N/A;N/A;N/A;N/A;N/A;N/A;N/A;N/A;N/A;N/A;N/A;N/A;N/A;N/A;N/A;N/A;N/A;N/A;N/A;N/A;N/A;N/A;N/A;N/A;N/A;N/A;N/A;N/A;N/A;N/A;N/A;N/A;N/A;N/A;N/A;N/A;N/A;N/A;N/A;N/A;N/A;N/A;N/A;N/A;N/A;N/A;N/A;N/A;N/A;Sí;N/A;N/A;N/A;Sí;N/A;N/A;Sí;N/A;Sí
Hyundai;H1;"2.5 Premium 1 170cv";2017;"165000 km";;RODOLFO!!;25900;;;;;"La Comercial";https://auto.mercadolibre.com.uy/MLU-703653886-hyundai-h1-2017-25-premium-1-170cv-_JM;N/A;;"Hyundai H1 2017 2.5 Premium 1 170cv";usd;Sí;gold_premium;false;N/A;N/A;http://perfil.mercadolibre.com.uy/RODOLFO%21%21;active;N/A;N/A;Usado;N/A;N/A;Hidráulica;Trasera;N/A;N/A;Sí;N/A;N/A;N/A;N/A;N/A;N/A;N/A;N/A;N/A;N/A;N/A;N/A;N/A;N/A;N/A;N/A;N/A;N/A;N/A;N/A;N/A;N/A;"3201 mm";"2.5 L";"75 L";6;N/A;N/A;N/A;N/A;N/A;N/A;N/A;N/A;N/A;N/A;N/A;N/A;N/A;N/A;N/A;N/A;N/A;N/A;N/A;N/A;N/A;N/A;N/A;N/A;N/A;N/A;N/A;N/A;N/A;N/A;N/A;Sí;N/A;N/A;N/A;N/A;N/A;N/A;N/A;N/A;N/A;Sí;N/A;N/A;N/A;"1925 mm";"5125 mm";N/A;N/A;N/A;N/A;12;"170 hp";Premium;N/A;4;"1920 mm";"10.9 km/l";N/A;N/A;N/A;N/A;N/A;N/A;N/A;N/A;N/A;Sí;"7.1 km/l";N/A;N/A;N/A;N/A;N/A;N/A;4;2.5;Diésel;Manual;SUV;"Autos y camionetas";N/A;N/A;N/A;N/A;N/A;N/A;UY;N/A;N/A;N/A;N/A;N/A;N/A;N/A;N/A;N/A;N/A;N/A;N/A;N/A;N/A;N/A;N/A;N/A;N/A;N/A;N/A;N/A;N/A;N/A;N/A;N/A;N/A;N/A;N/A;N/A;N/A;N/A;N/A;N/A;N/A;N/A;N/A;N/A;N/A;N/A;N/A;N/A;N/A;N/A;N/A;N/A;N/A;N/A;N/A;N/A;N/A;N/A;N/A;N/A;N/A;N/A;N/A;N/A;N/A;N/A;N/A;N/A;N/A;N/A;N/A;N/A;N/A;N/A;N/A;N/A;N/A;N/A;N/A;N/A;N/A;N/A;N/A;N/A;N/A;N/A;N/A;N/A;N/A;N/A;N/A;N/A;N/A;N/A;N/A;N/A;Sí;N/A;Sí;N/A;Sí;Sí;N/A;N/A;N/A;Sí;N/A;N/A;N/A;Sí;N/A;Sí;Sí;N/A;N/A;N/A;N/A;N/A;N/A;N/A;N/A;N/A
Hyundai;Elantra;"1.8 Gls 6mt Seguridad Premium";2013;"129000 km";;VALLARINOARZUAGA;12900;;;;;"Ciudad de la Costa";https://auto.mercadolibre.com.uy/MLU-647482663-hyundai-elantra-2013-18-gls-6mt-seguridad-premium-_JM;N/A;;"Hyundai Elantra 2013 1.8 Gls 6mt Seguridad Premium";usd;Sí;gold_premium;false;N/A;N/A;http://perfil.mercadolibre.com.uy/VALLARINOARZUAGA;active;N/A;N/A;Usado;N/A;N/A;Hidráulica;Delantera;Sí;N/A;Sí;N/A;N/A;N/A;N/A;N/A;N/A;N/A;N/A;N/A;N/A;N/A;N/A;N/A;N/A;N/A;N/A;N/A;N/A;N/A;N/A;N/A;N/A;"2857 mm";"1.8 L";"49 L";6;N/A;N/A;N/A;N/A;N/A;N/A;N/A;N/A;N/A;N/A;N/A;N/A;N/A;N/A;N/A;N/A;N/A;N/A;N/A;N/A;N/A;N/A;N/A;N/A;N/A;N/A;N/A;N/A;N/A;N/A;N/A;Sí;N/A;N/A;N/A;N/A;N/A;N/A;N/A;N/A;N/A;Sí;N/A;N/A;N/A;"1445 mm";"4530 mm";N/A;N/A;N/A;N/A;5;"150 hp";Gls;N/A;4;"1898 mm";N/A;N/A;N/A;N/A;N/A;N/A;N/A;N/A;N/A;N/A;N/A;N/A;N/A;N/A;N/A;N/A;N/A;N/A;4;1.8;Nafta;Manual;Sedán;"Autos y camionetas";N/A;N/A;N/A;N/A;N/A;N/A;UY;N/A;N/A;N/A;N/A;N/A;N/A;N/A;N/A;N/A;N/A;N/A;N/A;N/A;N/A;N/A;N/A;N/A;N/A;N/A;N/A;N/A;N/A;N/A;N/A;N/A;N/A;N/A;N/A;N/A;N/A;N/A;N/A;N/A;N/A;N/A;N/A;N/A;N/A;N/A;N/A;N/A;N/A;N/A;N/A;N/A;N/A;N/A;N/A;N/A;N/A;N/A;N/A;N/A;N/A;N/A;N/A;N/A;N/A;N/A;N/A;N/A;N/A;N/A;N/A;N/A;N/A;N/A;N/A;N/A;N/A;N/A;N/A;N/A;N/A;N/A;N/A;N/A;N/A;N/A;N/A;N/A;N/A;N/A;N/A;N/A;N/A;N/A;N/A;N/A;Sí;N/A;Sí;N/A;N/A;N/A;N/A;N/A;N/A;N/A;N/A;N/A;N/A;Sí;N/A;N/A;N/A;N/A;N/A;N/A;N/A;N/A;N/A;N/A;N/A;N/A
Hyundai;H1;"2.5 Grand Starex 12 pasajeros 2.5 Diesel";2020;"102750 km";;JESUS-URU;33900;;;;;"Paso de las Duranas";https://auto.mercadolibre.com.uy/MLU-702809152-hyundai-h1-25-diesel-12-pasajeros-con-muchos-extras-_JM;N/A;;"Hyundai H1 2.5 Diesel  12 Pasajeros Con Muchos Extras";usd;Sí;gold_premium;false;N/A;N/A;http://perfil.mercadolibre.com.uy/JESUS-URU;active;N/A;N/A;Usado;Blanco;No;Hidráulica;Trasera;N/A;N/A;Sí;N/A;N/A;N/A;N/A;N/A;N/A;N/A;N/A;N/A;N/A;N/A;N/A;N/A;N/A;N/A;N/A;N/A;N/A;N/A;N/A;N/A;N/A;"3201 mm";"2.5 L";"75 L";6;N/A;N/A;N/A;N/A;N/A;N/A;N/A;N/A;N/A;N/A;N/A;N/A;N/A;N/A;N/A;N/A;N/A;N/A;N/A;N/A;N/A;N/A;N/A;N/A;N/A;N/A;N/A;N/A;N/A;N/A;N/A;Sí;N/A;N/A;N/A;N/A;N/A;N/A;N/A;N/A;N/A;Sí;N/A;N/A;N/A;"1925 mm";"5125 mm";N/A;N/A;N/A;N/A;12;"170 hp";N/A;N/A;4;"1920 mm";"10.9 km/l";N/A;N/A;N/A;N/A;N/A;N/A;N/A;N/A;N/A;Sí;"7.1 km/l";N/A;N/A;N/A;N/A;N/A;"De 10 a 22 hs";5;2.5;Diésel;Manual;Minivan;"Autos y camionetas";N/A;N/A;N/A;N/A;N/A;N/A;UY;N/A;N/A;N/A;N/A;N/A;N/A;N/A;N/A;N/A;N/A;N/A;N/A;N/A;N/A;N/A;N/A;N/A;N/A;N/A;N/A;N/A;N/A;N/A;N/A;N/A;N/A;N/A;N/A;N/A;N/A;N/A;N/A;N/A;N/A;N/A;N/A;N/A;N/A;N/A;N/A;N/A;N/A;N/A;N/A;N/A;N/A;N/A;N/A;N/A;N/A;N/A;N/A;N/A;N/A;N/A;N/A;N/A;N/A;N/A;N/A;N/A;N/A;N/A;N/A;N/A;N/A;N/A;N/A;N/A;N/A;N/A;N/A;N/A;N/A;N/A;N/A;N/A;N/A;N/A;N/A;N/A;N/A;N/A;N/A;N/A;N/A;N/A;N/A;N/A;Sí;N/A;Sí;N/A;Sí;Sí;N/A;N/A;N/A;Sí;N/A;N/A;N/A;Sí;N/A;Sí;Sí;N/A;N/A;N/A;N/A;N/A;N/A;N/A;N/A;N/A
Hyundai;HB20;"1.0 Comfort Mt";2022;"77000 km";;DUSOLLOSRL;14900;;;;;"Parque Rodó";https://auto.mercadolibre.com.uy/MLU-694284886-hyundai-hb20-2022-10-comfort-mt-_JM;N/A;;"Hyundai Hb20 2022 1.0 Comfort Mt";usd;Sí;gold_premium;false;N/A;N/A;http://perfil.mercadolibre.com.uy/DUSOLLOSRL;active;N/A;N/A;Usado;N/A;N/A;Hidráulica;Delantera;Sí;N/A;Sí;N/A;N/A;N/A;N/A;N/A;N/A;N/A;N/A;N/A;N/A;N/A;N/A;N/A;N/A;N/A;N/A;N/A;N/A;N/A;N/A;N/A;N/A;"2500 mm";"1 L";"50 L";6;N/A;N/A;N/A;N/A;N/A;N/A;N/A;N/A;N/A;N/A;N/A;N/A;N/A;N/A;N/A;N/A;N/A;N/A;N/A;N/A;N/A;N/A;N/A;N/A;N/A;N/A;N/A;N/A;N/A;N/A;N/A;N/A;N/A;Sí;Sí;N/A;N/A;N/A;N/A;N/A;N/A;N/A;N/A;N/A;N/A;"1470 mm";"3920 mm";N/A;N/A;N/A;N/A;5;"101 hp";N/A;N/A;4;"1680 mm";N/A;N/A;N/A;N/A;Sí;N/A;N/A;Sí;Sí;N/A;N/A;"13.8 km/l";N/A;N/A;N/A;N/A;N/A;N/A;5;1.0;Nafta;Manual;Hatchback;"Autos y camionetas";N/A;N/A;N/A;N/A;N/A;N/A;UY;N/A;N/A;N/A;N/A;N/A;N/A;N/A;N/A;N/A;N/A;N/A;N/A;N/A;N/A;N/A;N/A;N/A;N/A;N/A;N/A;N/A;N/A;N/A;N/A;N/A;N/A;N/A;N/A;N/A;N/A;N/A;N/A;N/A;N/A;N/A;N/A;N/A;N/A;N/A;N/A;N/A;N/A;N/A;N/A;N/A;N/A;N/A;N/A;N/A;N/A;N/A;N/A;N/A;N/A;N/A;N/A;N/A;N/A;N/A;N/A;N/A;N/A;N/A;N/A;N/A;N/A;N/A;N/A;N/A;N/A;N/A;N/A;N/A;N/A;N/A;N/A;N/A;N/A;N/A;N/A;N/A;N/A;N/A;N/A;N/A;N/A;N/A;N/A;N/A;N/A;N/A;N/A;N/A;N/A;N/A;N/A;N/A;N/A;N/A;N/A;N/A;N/A;N/A;N/A;N/A;Sí;N/A;N/A;N/A;Sí;N/A;N/A;Sí;N/A;Sí
Hyundai;HB20;"1.0 Comfort Mt";2023;"53000 km";;MA20241209214552;14900;;;;;Pando;https://auto.mercadolibre.com.uy/MLU-704346448-hyundai-hd20-1000cc-unico-dueno-53000km-lamina-seguridad-_JM;N/A;;"Hyundai Hd20 1000cc Único Dueño 53000km.  Lamina Seguridad";usd;Sí;gold_premium;false;N/A;N/A;http://perfil.mercadolibre.com.uy/MA20241209214552;active;N/A;N/A;Usado;Gris;N/A;Hidráulica;Delantera;Sí;N/A;Sí;N/A;N/A;N/A;N/A;N/A;N/A;N/A;N/A;N/A;N/A;N/A;N/A;N/A;N/A;N/A;N/A;N/A;N/A;N/A;N/A;N/A;N/A;"2500 mm";"1 L";"50 L";6;N/A;N/A;N/A;N/A;N/A;N/A;N/A;N/A;N/A;N/A;N/A;N/A;N/A;N/A;N/A;N/A;N/A;N/A;N/A;N/A;N/A;N/A;N/A;N/A;N/A;N/A;N/A;N/A;N/A;N/A;N/A;N/A;N/A;Sí;Sí;N/A;N/A;N/A;N/A;N/A;N/A;N/A;N/A;N/A;N/A;"1470 mm";"3920 mm";N/A;N/A;N/A;N/A;5;"101 hp";N/A;N/A;4;"1680 mm";N/A;N/A;N/A;N/A;Sí;N/A;N/A;Sí;Sí;N/A;N/A;"13.8 km/l";N/A;N/A;N/A;N/A;N/A;"Después de las12am";5;1.0;Nafta;Manual;Hatchback;"Autos y camionetas";N/A;N/A;N/A;N/A;N/A;N/A;UY;N/A;N/A;N/A;N/A;N/A;N/A;N/A;N/A;N/A;N/A;N/A;N/A;N/A;N/A;N/A;N/A;N/A;N/A;N/A;N/A;N/A;N/A;N/A;N/A;N/A;N/A;N/A;N/A;N/A;N/A;N/A;N/A;N/A;N/A;N/A;N/A;N/A;N/A;N/A;N/A;N/A;N/A;N/A;N/A;N/A;N/A;N/A;N/A;N/A;N/A;N/A;N/A;N/A;N/A;N/A;N/A;N/A;N/A;N/A;N/A;N/A;N/A;N/A;N/A;N/A;N/A;N/A;N/A;N/A;N/A;N/A;N/A;N/A;N/A;N/A;N/A;N/A;N/A;N/A;N/A;N/A;N/A;N/A;N/A;N/A;N/A;N/A;N/A;N/A;N/A;N/A;N/A;N/A;N/A;N/A;N/A;N/A;N/A;N/A;N/A;N/A;N/A;N/A;N/A;N/A;Sí;N/A;N/A;N/A;Sí;N/A;N/A;Sí;N/A;Sí
Hyundai;HB20S;"1.6 Comfort Plus 4p";2017;"150000 km";;"NETA3D MALDONADO";14500;;;;;Pinares;https://auto.mercadolibre.com.uy/MLU-702992186-hyundai-hb20s-16-comfort-plus-4p-_JM;N/A;;"Hyundai Hb20s 1.6 Comfort Plus 4p";usd;Sí;gold_premium;false;N/A;N/A;http://perfil.mercadolibre.com.uy/NETA3D+MALDONADO;active;N/A;N/A;Usado;Plateado;Sí;Hidráulica;Delantera;Sí;N/A;N/A;N/A;N/A;N/A;N/A;N/A;No;N/A;N/A;No;Sí;N/A;Sí;N/A;N/A;N/A;N/A;N/A;N/A;N/A;N/A;N/A;N/A;"2500 mm";"1.6 L";"50 L";5;N/A;N/A;N/A;N/A;N/A;No;N/A;N/A;N/A;N/A;N/A;N/A;N/A;N/A;N/A;N/A;N/A;N/A;N/A;N/A;N/A;N/A;N/A;N/A;N/A;N/A;N/A;N/A;N/A;N/A;N/A;N/A;N/A;Sí;Sí;N/A;N/A;N/A;N/A;N/A;N/A;N/A;N/A;N/A;N/A;"1500 mm";"4200 mm";N/A;N/A;N/A;N/A;5;"122 hp";"Comfort Plus";N/A;4;"1680 mm";N/A;N/A;N/A;No;Sí;N/A;N/A;Sí;Sí;N/A;N/A;"12.8 km/l";Sí;N/A;N/A;N/A;N/A;N/A;4;1.6;Nafta;Manual;Sedán;"Autos y camionetas";No;N/A;N/A;N/A;No;N/A;UY;N/A;No;N/A;No;N/A;N/A;N/A;N/A;N/A;N/A;N/A;N/A;N/A;N/A;N/A;N/A;N/A;N/A;N/A;N/A;N/A;N/A;N/A;N/A;N/A;N/A;N/A;N/A;N/A;N/A;N/A;N/A;N/A;N/A;N/A;N/A;No;N/A;N/A;N/A;N/A;N/A;N/A;N/A;N/A;N/A;N/A;N/A;N/A;N/A;N/A;N/A;N/A;N/A;No;N/A;N/A;N/A;N/A;N/A;N/A;N/A;N/A;N/A;N/A;N/A;N/A;N/A;N/A;N/A;N/A;N/A;N/A;N/A;N/A;N/A;N/A;N/A;N/A;N/A;N/A;N/A;N/A;N/A;N/A;N/A;N/A;N/A;N/A;Sí;Sí;N/A;N/A;Sí;N/A;N/A;N/A;N/A;Sí;No;No;Sí;N/A;N/A;N/A;Sí;N/A;Sí;Sí;Sí;No;No;Sí;N/A;Sí
Hyundai;H1;"2.5 Premium 1 170cv Mt";2009;"255000 km";;FER_MENDIZABAL2010;14800;;;;;"Solís de Mataojo";https://auto.mercadolibre.com.uy/MLU-702422632-hyundai-h1-25-premium-1-170cv-mt-_JM;N/A;;"Hyundai H1 2.5 Premium 1 170cv Mt";usd;Sí;gold_premium;false;N/A;N/A;http://perfil.mercadolibre.com.uy/FER_MENDIZABAL2010;active;N/A;N/A;Usado;Blanco;No;Hidráulica;Trasera;N/A;N/A;Sí;N/A;N/A;N/A;N/A;N/A;N/A;N/A;N/A;N/A;N/A;N/A;N/A;N/A;N/A;N/A;N/A;N/A;N/A;N/A;N/A;N/A;N/A;"3201 mm";"2.5 L";"75 L";6;N/A;N/A;N/A;N/A;N/A;N/A;N/A;N/A;N/A;N/A;N/A;N/A;N/A;N/A;N/A;N/A;N/A;N/A;N/A;N/A;N/A;N/A;N/A;N/A;N/A;N/A;N/A;N/A;N/A;N/A;N/A;Sí;N/A;N/A;N/A;N/A;N/A;N/A;N/A;N/A;N/A;Sí;N/A;N/A;N/A;"1925 mm";"5125 mm";N/A;N/A;N/A;N/A;12;"170 hp";Premium;N/A;4;"1920 mm";"10.9 km/l";No;N/A;N/A;N/A;N/A;Sí;No;N/A;N/A;Sí;"7.1 km/l";N/A;N/A;N/A;N/A;N/A;"9 a 18hrs";4;2.5;Diésel;Manual;SUV;"Autos y camionetas";N/A;N/A;N/A;N/A;N/A;N/A;UY;N/A;N/A;N/A;N/A;N/A;N/A;N/A;N/A;N/A;N/A;N/A;N/A;N/A;N/A;N/A;N/A;N/A;N/A;N/A;N/A;N/A;N/A;N/A;N/A;N/A;N/A;N/A;N/A;N/A;N/A;N/A;N/A;N/A;N/A;N/A;N/A;N/A;N/A;N/A;N/A;N/A;N/A;N/A;N/A;N/A;N/A;N/A;N/A;N/A;N/A;N/A;N/A;N/A;N/A;N/A;N/A;N/A;N/A;N/A;N/A;N/A;N/A;N/A;N/A;N/A;N/A;N/A;N/A;N/A;N/A;N/A;N/A;N/A;N/A;N/A;N/A;N/A;N/A;N/A;N/A;N/A;N/A;N/A;N/A;N/A;N/A;N/A;N/A;N/A;Sí;Sí;Sí;N/A;Sí;Sí;N/A;N/A;N/A;N/A;N/A;N/A;N/A;Sí;N/A;Sí;Sí;N/A;N/A;N/A;N/A;N/A;N/A;N/A;N/A;N/A
Hyundai;Tucson;"2.0 Gl 154cv 6mt 2wd";2016;"105000 km";;ACFE4788704;20900;;;;;Centro;https://auto.mercadolibre.com.uy/MLU-701803506-hyundai-tucson-20-gl-154cv-6mt-2wd-_JM;N/A;;"Hyundai Tucson 2.0 Gl 154cv 6mt 2wd";usd;Sí;gold_premium;false;N/A;N/A;http://perfil.mercadolibre.com.uy/ACFE4788704;active;N/A;N/A;Usado;Rojo;No;Eléctrica;4x2;Sí;N/A;Sí;N/A;N/A;N/A;N/A;N/A;N/A;N/A;N/A;N/A;N/A;N/A;N/A;N/A;N/A;N/A;N/A;N/A;N/A;N/A;N/A;N/A;N/A;"2630 mm";"2 L";"58 L";6;N/A;N/A;N/A;N/A;N/A;N/A;N/A;N/A;N/A;N/A;N/A;N/A;N/A;N/A;N/A;N/A;N/A;N/A;N/A;N/A;N/A;N/A;N/A;N/A;N/A;N/A;N/A;N/A;N/A;N/A;N/A;Sí;N/A;N/A;N/A;N/A;N/A;N/A;N/A;N/A;N/A;Sí;N/A;N/A;N/A;"1655 mm";"4410 mm";N/A;N/A;N/A;N/A;5;"154 hp";Gl;N/A;4;"1830 mm";N/A;No;N/A;N/A;N/A;N/A;Sí;Sí;N/A;N/A;Sí;"9.1 km/l";N/A;N/A;N/A;N/A;N/A;N/A;5;2.0;Nafta;Manual;SUV;"Autos y camionetas";N/A;N/A;N/A;N/A;N/A;N/A;UY;N/A;N/A;N/A;N/A;N/A;N/A;N/A;N/A;N/A;N/A;N/A;N/A;N/A;N/A;N/A;N/A;N/A;N/A;N/A;N/A;N/A;N/A;N/A;N/A;N/A;N/A;N/A;N/A;N/A;N/A;N/A;N/A;N/A;N/A;N/A;N/A;N/A;N/A;N/A;N/A;N/A;N/A;N/A;N/A;N/A;N/A;N/A;N/A;N/A;N/A;N/A;N/A;N/A;N/A;N/A;N/A;N/A;N/A;N/A;N/A;N/A;N/A;N/A;N/A;N/A;N/A;N/A;N/A;N/A;N/A;N/A;N/A;N/A;N/A;N/A;N/A;N/A;N/A;N/A;N/A;N/A;N/A;N/A;N/A;N/A;N/A;N/A;N/A;N/A;Sí;N/A;Sí;N/A;N/A;N/A;N/A;N/A;N/A;Sí;N/A;N/A;N/A;Sí;N/A;N/A;N/A;N/A;N/A;N/A;N/A;N/A;N/A;N/A;N/A;N/A
Hyundai;"Grand i10";"1.0 Gl";2015;"148000 km";;CAR2616;10500;;;;;Aguada;https://auto.mercadolibre.com.uy/MLU-703705540-hyundai-grand-i10-2015-permuto-facilidades-_JM;N/A;;"Hyundai Grand I10 2015 Permuto Facilidades";USD;Sí;gold_premium;false;N/A;N/A;http://perfil.mercadolibre.com.uy/CAR2616;active;N/A;N/A;Usado;Gris;N/A;Hidráulica;N/A;Sí;N/A;N/A;N/A;N/A;N/A;N/A;N/A;N/A;N/A;N/A;N/A;N/A;N/A;N/A;N/A;N/A;N/A;N/A;N/A;N/A;N/A;N/A;N/A;N/A;N/A;N/A;N/A;N/A;N/A;N/A;N/A;N/A;N/A;N/A;N/A;N/A;N/A;N/A;N/A;N/A;N/A;N/A;N/A;N/A;N/A;N/A;N/A;N/A;N/A;N/A;N/A;N/A;N/A;N/A;N/A;N/A;N/A;N/A;N/A;N/A;N/A;N/A;N/A;N/A;N/A;N/A;N/A;N/A;N/A;N/A;N/A;N/A;N/A;N/A;N/A;N/A;N/A;N/A;N/A;N/A;N/A;N/A;N/A;N/A;N/A;N/A;N/A;N/A;N/A;N/A;N/A;Sí;N/A;N/A;N/A;N/A;N/A;N/A;N/A;N/A;N/A;Sí;N/A;5;1.0;Nafta;Manual;Hatchback;"Autos y camionetas";N/A;N/A;N/A;N/A;N/A;N/A;N/A;N/A;N/A;N/A;N/A;N/A;N/A;N/A;N/A;N/A;N/A;N/A;N/A;N/A;N/A;N/A;N/A;N/A;N/A;N/A;N/A;N/A;N/A;N/A;N/A;N/A;N/A;N/A;N/A;N/A;N/A;N/A;N/A;N/A;N/A;N/A;N/A;N/A;N/A;N/A;N/A;N/A;N/A;N/A;N/A;N/A;N/A;N/A;N/A;N/A;N/A;N/A;N/A;N/A;N/A;N/A;N/A;N/A;N/A;N/A;N/A;N/A;N/A;N/A;N/A;N/A;N/A;N/A;N/A;N/A;N/A;N/A;N/A;N/A;N/A;N/A;N/A;N/A;N/A;N/A;N/A;N/A;N/A;N/A;N/A;N/A;N/A;N/A;N/A;N/A;Sí;N/A;N/A;N/A;Sí;N/A;N/A;N/A;N/A;Sí;N/A;N/A;Sí;N/A;N/A;N/A;N/A;N/A;Sí;N/A;N/A;N/A;N/A;Sí;N/A;N/A
Hyundai;Tucson;"2.0 Gl 6at 2wd";2012;"148000 km";;BERNAALE;13990;;;;;Carrasco;https://auto.mercadolibre.com.uy/MLU-646825125-hyundai-tucson-20-gl-automatica-_JM;N/A;;"Hyundai Tucson 2.0 Gl Automática";usd;Sí;gold_premium;false;N/A;N/A;http://perfil.mercadolibre.com.uy/BERNAALE;active;N/A;N/A;Usado;Blanco;N/A;Hidráulica;4x2;Sí;N/A;Sí;N/A;N/A;N/A;N/A;N/A;N/A;N/A;N/A;N/A;N/A;N/A;N/A;N/A;N/A;N/A;N/A;N/A;N/A;N/A;N/A;N/A;N/A;"2630 mm";"2 L";"58 L";6;N/A;N/A;N/A;N/A;N/A;N/A;N/A;N/A;N/A;N/A;N/A;N/A;N/A;N/A;N/A;N/A;N/A;N/A;N/A;N/A;N/A;N/A;N/A;N/A;N/A;N/A;N/A;N/A;N/A;N/A;N/A;Sí;N/A;N/A;N/A;N/A;N/A;N/A;N/A;N/A;N/A;Sí;N/A;N/A;N/A;"1655 mm";"4410 mm";N/A;N/A;N/A;N/A;5;"166 hp";Gl;N/A;4;"1830 mm";"10.4 km/l";N/A;N/A;N/A;N/A;N/A;N/A;N/A;N/A;N/A;Sí;"6.4 km/l";N/A;N/A;N/A;N/A;N/A;N/A;5;2.0;Nafta;Automática;SUV;"Autos y camionetas";N/A;N/A;N/A;N/A;N/A;N/A;UY;N/A;N/A;N/A;N/A;N/A;N/A;N/A;N/A;N/A;N/A;N/A;N/A;N/A;N/A;N/A;N/A;N/A;N/A;N/A;N/A;N/A;N/A;N/A;N/A;N/A;N/A;N/A;N/A;N/A;N/A;N/A;N/A;N/A;N/A;N/A;N/A;N/A;N/A;N/A;N/A;N/A;N/A;N/A;N/A;N/A;N/A;N/A;N/A;N/A;N/A;N/A;N/A;N/A;N/A;N/A;N/A;N/A;N/A;N/A;N/A;N/A;N/A;N/A;N/A;N/A;N/A;N/A;N/A;N/A;N/A;N/A;N/A;N/A;N/A;N/A;N/A;N/A;N/A;N/A;N/A;N/A;N/A;N/A;N/A;N/A;N/A;N/A;N/A;N/A;Sí;N/A;Sí;N/A;N/A;N/A;N/A;N/A;N/A;N/A;N/A;N/A;N/A;Sí;N/A;N/A;N/A;N/A;N/A;N/A;N/A;N/A;N/A;N/A;N/A;N/A
Hyundai;Veloster;"1.6 130cv At";2014;"110000 km";;HERNANDEZALEJANDRO88;23000;;;;;"San José de Mayo";https://auto.mercadolibre.com.uy/MLU-704120532-hyundai-veloster-2014-16-130cv-at-_JM;N/A;;"Hyundai Veloster 2014 1.6 130cv At";usd;Sí;gold_premium;false;N/A;N/A;http://perfil.mercadolibre.com.uy/HERNANDEZALEJANDRO88;active;N/A;N/A;Usado;N/A;N/A;Hidráulica;Delantera;N/A;N/A;Sí;N/A;N/A;N/A;N/A;N/A;N/A;N/A;Sí;N/A;N/A;N/A;N/A;N/A;N/A;N/A;N/A;N/A;N/A;N/A;N/A;N/A;N/A;"2650 mm";"1.6 L";"50 L";6;N/A;N/A;N/A;N/A;N/A;N/A;N/A;N/A;N/A;N/A;N/A;N/A;N/A;N/A;N/A;N/A;N/A;N/A;N/A;N/A;N/A;N/A;N/A;N/A;N/A;N/A;N/A;N/A;N/A;N/A;N/A;Sí;N/A;N/A;N/A;N/A;N/A;N/A;N/A;N/A;N/A;Sí;N/A;N/A;N/A;"1399 mm";"4220 mm";N/A;N/A;N/A;N/A;4;"130 hp";N/A;N/A;4;"1790 mm";N/A;N/A;N/A;N/A;Sí;N/A;N/A;N/A;N/A;N/A;N/A;N/A;N/A;N/A;N/A;N/A;N/A;N/A;2;1.6;Nafta;Automática;Coupé;"Autos y camionetas";N/A;N/A;N/A;N/A;N/A;N/A;UY;N/A;N/A;N/A;N/A;N/A;N/A;N/A;N/A;N/A;N/A;N/A;N/A;N/A;N/A;N/A;N/A;N/A;N/A;N/A;N/A;N/A;N/A;N/A;N/A;N/A;N/A;N/A;N/A;N/A;N/A;N/A;N/A;N/A;N/A;N/A;N/A;N/A;N/A;N/A;N/A;N/A;N/A;N/A;N/A;N/A;N/A;N/A;N/A;N/A;N/A;N/A;N/A;N/A;N/A;N/A;N/A;N/A;N/A;N/A;N/A;N/A;N/A;N/A;N/A;N/A;N/A;N/A;N/A;N/A;N/A;N/A;N/A;N/A;N/A;N/A;N/A;N/A;N/A;N/A;N/A;N/A;N/A;N/A;N/A;N/A;N/A;N/A;N/A;N/A;Sí;N/A;Sí;N/A;N/A;N/A;N/A;N/A;N/A;N/A;N/A;N/A;N/A;Sí;N/A;N/A;N/A;N/A;N/A;N/A;N/A;N/A;N/A;N/A;N/A;N/A
Hyundai;i10;"1.1 Gl";2010;"142000 km";;FERJUAN19889;7000;;;;;"José Pedro Varela";https://auto.mercadolibre.com.uy/MLU-704819686-hyundai-i10-_JM;N/A;;"Hyundai I10";USD;Sí;gold_premium;false;N/A;N/A;http://perfil.mercadolibre.com.uy/FERJUAN19889;active;N/A;N/A;Usado;Blanco;No;Hidráulica;Delantera;Sí;N/A;N/A;N/A;N/A;N/A;N/A;N/A;N/A;N/A;N/A;N/A;N/A;N/A;N/A;N/A;N/A;N/A;N/A;N/A;N/A;N/A;N/A;N/A;N/A;N/A;N/A;N/A;N/A;N/A;N/A;N/A;N/A;N/A;N/A;N/A;N/A;N/A;N/A;N/A;N/A;N/A;N/A;N/A;N/A;N/A;N/A;N/A;N/A;N/A;N/A;N/A;N/A;N/A;N/A;N/A;N/A;N/A;N/A;N/A;N/A;N/A;N/A;N/A;N/A;N/A;N/A;N/A;N/A;N/A;N/A;N/A;N/A;N/A;N/A;N/A;N/A;N/A;N/A;N/A;N/A;N/A;N/A;N/A;N/A;N/A;N/A;No;N/A;N/A;N/A;N/A;No;N/A;N/A;N/A;N/A;N/A;N/A;N/A;N/A;N/A;N/A;N/A;4;1100;Nafta;Manual;Sedán;"Autos y camionetas";N/A;N/A;N/A;N/A;N/A;N/A;N/A;N/A;N/A;N/A;N/A;N/A;N/A;N/A;N/A;N/A;N/A;N/A;N/A;N/A;N/A;N/A;N/A;N/A;N/A;N/A;N/A;N/A;N/A;N/A;N/A;N/A;N/A;N/A;N/A;N/A;N/A;N/A;N/A;N/A;N/A;N/A;N/A;N/A;N/A;N/A;N/A;N/A;N/A;N/A;N/A;N/A;N/A;N/A;N/A;N/A;N/A;N/A;N/A;N/A;N/A;N/A;N/A;N/A;N/A;N/A;N/A;N/A;N/A;N/A;N/A;N/A;N/A;N/A;N/A;N/A;N/A;N/A;N/A;N/A;N/A;N/A;N/A;N/A;N/A;N/A;N/A;N/A;N/A;N/A;N/A;N/A;N/A;N/A;N/A;N/A;Sí;N/A;N/A;N/A;Sí;N/A;N/A;N/A;N/A;N/A;N/A;N/A;Sí;N/A;N/A;N/A;N/A;Sí;N/A;Sí;Sí;N/A;N/A;Sí;N/A;Sí
Hyundai;I30;"1.6 full tm";2016;"102000 km";;BOCA178049;15000;;;;;"Ciudad de la Costa";https://auto.mercadolibre.com.uy/MLU-703163668-hyundai-i30-_JM;N/A;;"Hyundai I30";USD;Sí;gold_premium;false;N/A;N/A;http://perfil.mercadolibre.com.uy/BOCA178049;active;N/A;N/A;Usado;Blanco;No;N/A;N/A;Sí;Sí;N/A;N/A;N/A;Sí;N/A;N/A;No;N/A;N/A;No;Sí;N/A;No;N/A;N/A;N/A;N/A;N/A;N/A;N/A;N/A;N/A;N/A;N/A;N/A;N/A;N/A;N/A;N/A;N/A;N/A;N/A;N/A;N/A;N/A;N/A;N/A;N/A;N/A;N/A;N/A;N/A;N/A;N/A;N/A;N/A;N/A;N/A;N/A;N/A;N/A;N/A;N/A;N/A;N/A;N/A;No;N/A;N/A;N/A;N/A;N/A;N/A;N/A;N/A;N/A;N/A;N/A;N/A;N/A;N/A;N/A;N/A;N/A;N/A;N/A;N/A;N/A;N/A;N/A;N/A;N/A;N/A;N/A;N/A;No;N/A;N/A;Sí;N/A;No;Sí;N/A;N/A;N/A;N/A;Sí;Sí;N/A;N/A;Sí;"Lunes a domingo de 9 a 22 hrs";5;1.6;Nafta;Manual;Hatchback;"Autos y camionetas";N/A;N/A;N/A;N/A;N/A;N/A;N/A;N/A;No;N/A;N/A;N/A;N/A;N/A;N/A;N/A;N/A;N/A;N/A;N/A;N/A;N/A;N/A;N/A;Sí;N/A;N/A;N/A;N/A;N/A;N/A;N/A;N/A;N/A;N/A;N/A;N/A;N/A;N/A;N/A;N/A;N/A;N/A;No;N/A;N/A;N/A;N/A;N/A;N/A;N/A;N/A;N/A;N/A;N/A;N/A;N/A;N/A;N/A;N/A;N/A;N/A;Sí;N/A;N/A;N/A;N/A;N/A;N/A;N/A;N/A;N/A;N/A;N/A;N/A;N/A;N/A;N/A;N/A;N/A;N/A;N/A;N/A;N/A;N/A;N/A;N/A;N/A;N/A;N/A;N/A;N/A;N/A;N/A;N/A;No;Sí;Sí;Sí;N/A;Sí;N/A;N/A;N/A;N/A;Sí;No;N/A;Sí;N/A;N/A;N/A;Sí;Sí;Sí;Sí;Sí;Sí;N/A;N/A;N/A;Sí
Hyundai;Creta;"1.6 Sport Gl";2022;"45000 km";;ALVAROMARTINEZ457;22100;;;;;"Punta Gorda";https://auto.mercadolibre.com.uy/MLU-647152099-hyundai-creta-16-sport-gl-_JM;N/A;;"Hyundai Creta 1.6 Sport Gl";usd;Sí;gold_premium;false;N/A;N/A;http://perfil.mercadolibre.com.uy/ALVAROMARTINEZ457;active;N/A;N/A;Usado;Plateado;N/A;Eléctrica;4x2;Sí;Sí;Sí;N/A;N/A;N/A;N/A;N/A;N/A;N/A;N/A;N/A;Sí;N/A;N/A;N/A;N/A;N/A;N/A;N/A;N/A;N/A;N/A;N/A;N/A;"2590 mm";"1.6 L";"58 L";5;N/A;N/A;N/A;N/A;N/A;N/A;N/A;N/A;N/A;N/A;N/A;N/A;N/A;N/A;N/A;N/A;N/A;N/A;N/A;N/A;N/A;N/A;N/A;N/A;N/A;N/A;N/A;N/A;N/A;N/A;N/A;N/A;N/A;Sí;Sí;N/A;N/A;N/A;N/A;N/A;N/A;N/A;N/A;N/A;N/A;"1635 mm";"4440 mm";N/A;N/A;N/A;N/A;5;"163 hp";"Sport Gl";N/A;4;"1898 mm";N/A;Sí;N/A;N/A;Sí;N/A;N/A;Sí;N/A;N/A;N/A;N/A;N/A;N/A;N/A;N/A;Sí;N/A;5;1.6;Nafta;Manual;SUV;"Autos y camionetas";N/A;N/A;N/A;N/A;N/A;N/A;UY;N/A;N/A;N/A;N/A;N/A;N/A;N/A;N/A;N/A;N/A;N/A;N/A;N/A;N/A;N/A;N/A;N/A;N/A;N/A;N/A;N/A;N/A;N/A;N/A;N/A;N/A;N/A;N/A;N/A;N/A;N/A;N/A;N/A;N/A;N/A;N/A;N/A;N/A;N/A;N/A;N/A;N/A;N/A;N/A;N/A;N/A;N/A;N/A;N/A;N/A;N/A;N/A;N/A;N/A;N/A;N/A;N/A;N/A;N/A;N/A;N/A;N/A;N/A;N/A;N/A;N/A;N/A;N/A;N/A;N/A;N/A;N/A;N/A;N/A;N/A;N/A;N/A;N/A;N/A;N/A;N/A;N/A;N/A;N/A;N/A;N/A;N/A;N/A;N/A;Sí;Sí;N/A;N/A;Sí;N/A;N/A;N/A;N/A;Sí;N/A;N/A;Sí;N/A;N/A;Sí;Sí;Sí;Sí;Sí;Sí;N/A;N/A;Sí;N/A;Sí
Hyundai;H1;"2.5 1 170cv Mt";2014;"75000 km";;DAMONTENICOLAS20220215002949;18500;;;;;"La Blanqueada";https://auto.mercadolibre.com.uy/MLU-702743372-hyundai-h1-2014-25-1-170cv-mt-_JM;N/A;;"Hyundai H1 2014 2.5 1 170cv Mt";usd;Sí;gold_premium;false;N/A;N/A;http://perfil.mercadolibre.com.uy/DAMONTENICOLAS20220215002949;active;N/A;N/A;Usado;N/A;N/A;Hidráulica;Trasera;N/A;N/A;Sí;N/A;N/A;N/A;N/A;N/A;N/A;N/A;N/A;N/A;N/A;N/A;N/A;N/A;N/A;N/A;N/A;N/A;N/A;N/A;N/A;N/A;N/A;"3201 mm";"2.5 L";"75 L";6;N/A;N/A;N/A;N/A;N/A;N/A;N/A;N/A;N/A;N/A;N/A;N/A;N/A;N/A;N/A;N/A;N/A;N/A;N/A;N/A;N/A;N/A;N/A;N/A;N/A;N/A;N/A;N/A;N/A;N/A;N/A;Sí;N/A;N/A;N/A;N/A;N/A;N/A;N/A;N/A;N/A;Sí;N/A;N/A;N/A;"1925 mm";"5125 mm";N/A;N/A;N/A;N/A;12;"170 hp";N/A;N/A;4;"1920 mm";"10.9 km/l";N/A;N/A;N/A;N/A;N/A;N/A;N/A;N/A;N/A;Sí;"7.1 km/l";N/A;N/A;N/A;N/A;N/A;N/A;4;2.5;Diésel;Manual;SUV;"Autos y camionetas";N/A;N/A;N/A;N/A;N/A;N/A;UY;N/A;N/A;N/A;N/A;N/A;N/A;N/A;N/A;N/A;N/A;N/A;N/A;N/A;N/A;N/A;N/A;N/A;N/A;N/A;N/A;N/A;N/A;N/A;N/A;N/A;N/A;N/A;N/A;N/A;N/A;N/A;N/A;N/A;N/A;N/A;N/A;N/A;N/A;N/A;N/A;N/A;N/A;N/A;N/A;N/A;N/A;N/A;N/A;N/A;N/A;N/A;N/A;N/A;N/A;N/A;N/A;N/A;N/A;N/A;N/A;N/A;N/A;N/A;N/A;N/A;N/A;N/A;N/A;N/A;N/A;N/A;N/A;N/A;N/A;N/A;N/A;N/A;N/A;N/A;N/A;N/A;N/A;N/A;N/A;N/A;N/A;N/A;N/A;N/A;Sí;N/A;Sí;N/A;Sí;Sí;N/A;N/A;N/A;N/A;N/A;N/A;N/A;Sí;N/A;Sí;Sí;N/A;N/A;N/A;N/A;N/A;N/A;N/A;N/A;N/A
Hyundai;"Grand i10";"1.2 Gls Seg 87cv Mt";2015;"90000 km";;CBVAROSAN;8000;;;;;"Aires Puros";https://auto.mercadolibre.com.uy/MLU-704755392-hyundai-grand-i10-2015-12-gls-seg-87cv-mt-_JM;N/A;;"Hyundai Grand I10 2015 1.2 Gls Seg 87cv Mt";usd;Sí;gold_premium;false;N/A;N/A;http://perfil.mercadolibre.com.uy/CBVAROSAN;active;N/A;N/A;Usado;N/A;N/A;Hidráulica;Delantera;Sí;N/A;Sí;N/A;N/A;N/A;N/A;N/A;N/A;N/A;N/A;N/A;N/A;N/A;N/A;N/A;N/A;N/A;N/A;N/A;N/A;N/A;N/A;N/A;N/A;"2425 mm";"1.2 L";"43 L";5;N/A;N/A;N/A;N/A;Sí;N/A;N/A;N/A;N/A;N/A;N/A;N/A;N/A;N/A;N/A;N/A;N/A;N/A;N/A;N/A;N/A;N/A;N/A;N/A;N/A;N/A;N/A;N/A;N/A;N/A;N/A;Sí;N/A;Sí;N/A;N/A;N/A;N/A;N/A;N/A;N/A;Sí;N/A;N/A;N/A;"1505 mm";"3765 mm";N/A;N/A;N/A;N/A;5;"87 hp";Gls;N/A;4;"1660 mm";N/A;N/A;N/A;N/A;N/A;N/A;N/A;N/A;N/A;N/A;N/A;N/A;N/A;N/A;N/A;N/A;N/A;N/A;5;1.2;Nafta;Manual;Hatchback;"Autos y camionetas";N/A;N/A;N/A;N/A;N/A;N/A;UY;N/A;N/A;N/A;N/A;N/A;N/A;N/A;N/A;N/A;N/A;N/A;N/A;N/A;N/A;N/A;N/A;N/A;N/A;N/A;N/A;N/A;N/A;N/A;N/A;N/A;N/A;N/A;N/A;N/A;N/A;N/A;N/A;N/A;N/A;N/A;N/A;N/A;N/A;N/A;N/A;N/A;N/A;N/A;N/A;N/A;N/A;N/A;N/A;N/A;N/A;N/A;N/A;N/A;N/A;N/A;N/A;N/A;N/A;N/A;N/A;N/A;N/A;N/A;N/A;N/A;N/A;N/A;N/A;N/A;N/A;N/A;N/A;N/A;N/A;N/A;N/A;N/A;N/A;N/A;N/A;N/A;N/A;N/A;N/A;N/A;N/A;N/A;N/A;N/A;Sí;N/A;Sí;N/A;N/A;N/A;N/A;N/A;N/A;N/A;N/A;N/A;N/A;Sí;N/A;N/A;N/A;N/A;N/A;N/A;N/A;N/A;N/A;N/A;N/A;N/A
Hyundai;i10;"1.2 Gls Seguridad L Mt";2014;"122000 km";;NELBU2012;8200;;;;;"Parque Miramar";https://auto.mercadolibre.com.uy/MLU-704742644-hyundai-i10-12-gls-seguridad-l-mt-_JM;N/A;;"Hyundai I10 1.2 Gls Seguridad L Mt";usd;Sí;gold_premium;false;N/A;N/A;http://perfil.mercadolibre.com.uy/NELBU2012;active;N/A;N/A;Usado;Blanco;No;Hidráulica;Delantera;Sí;Sí;Sí;N/A;N/A;N/A;N/A;N/A;N/A;N/A;N/A;N/A;Sí;N/A;N/A;N/A;N/A;N/A;N/A;N/A;N/A;N/A;N/A;N/A;N/A;"2385 mm";"1.2 L";"35 L";5;N/A;N/A;N/A;N/A;Sí;N/A;N/A;N/A;N/A;N/A;N/A;N/A;N/A;N/A;N/A;N/A;N/A;N/A;N/A;N/A;N/A;N/A;N/A;N/A;N/A;N/A;N/A;N/A;N/A;N/A;N/A;Sí;N/A;Sí;N/A;N/A;N/A;N/A;N/A;N/A;N/A;Sí;N/A;N/A;N/A;"1540 mm";"3585 mm";N/A;N/A;N/A;N/A;5;"85 hp";Gls;N/A;4;"1660 mm";N/A;No;N/A;N/A;N/A;N/A;Sí;No;N/A;Sí;N/A;N/A;N/A;N/A;N/A;N/A;N/A;N/A;5;1.2;Nafta;Manual;Hatchback;"Autos y camionetas";N/A;N/A;N/A;N/A;N/A;N/A;UY;N/A;N/A;N/A;N/A;N/A;N/A;N/A;N/A;N/A;N/A;N/A;N/A;N/A;N/A;N/A;N/A;N/A;N/A;N/A;N/A;N/A;N/A;N/A;N/A;N/A;N/A;N/A;N/A;N/A;N/A;N/A;N/A;N/A;N/A;N/A;N/A;N/A;N/A;N/A;N/A;N/A;N/A;N/A;N/A;N/A;N/A;N/A;N/A;N/A;N/A;N/A;N/A;N/A;N/A;N/A;N/A;N/A;N/A;N/A;N/A;N/A;N/A;N/A;N/A;N/A;N/A;N/A;N/A;N/A;N/A;N/A;N/A;N/A;N/A;N/A;N/A;N/A;N/A;N/A;N/A;N/A;N/A;N/A;N/A;N/A;N/A;N/A;N/A;N/A;Sí;N/A;Sí;N/A;N/A;N/A;N/A;N/A;N/A;N/A;N/A;N/A;Sí;Sí;N/A;N/A;N/A;Sí;N/A;N/A;N/A;N/A;N/A;N/A;N/A;N/A
Hyundai;"Grand i10";"1.2 Gls Seg 87cv Mt";2015;"100000 km";;VARELAANDRES20230619083007;10500;;;;;Malvin;https://auto.mercadolibre.com.uy/MLU-704343166-hyundai-grand-i10-gls-12-2014-_JM;N/A;;"Hyundai Grand I10 Gls 1.2 2014";usd;Sí;gold_premium;false;N/A;N/A;http://perfil.mercadolibre.com.uy/VARELAANDRES20230619083007;active;N/A;N/A;Usado;Gris;N/A;Hidráulica;Delantera;Sí;N/A;Sí;N/A;N/A;N/A;N/A;N/A;N/A;N/A;N/A;N/A;N/A;N/A;N/A;N/A;N/A;N/A;N/A;N/A;N/A;N/A;N/A;N/A;N/A;"2425 mm";"1.2 L";"43 L";5;N/A;N/A;N/A;N/A;Sí;N/A;N/A;N/A;N/A;N/A;N/A;N/A;N/A;N/A;N/A;N/A;N/A;N/A;N/A;N/A;N/A;N/A;N/A;N/A;N/A;N/A;N/A;N/A;N/A;N/A;N/A;Sí;N/A;Sí;N/A;N/A;N/A;N/A;N/A;N/A;N/A;Sí;N/A;N/A;N/A;"1505 mm";"3765 mm";N/A;N/A;N/A;N/A;5;"87 hp";Gls;N/A;4;"1660 mm";N/A;N/A;N/A;N/A;N/A;N/A;N/A;N/A;N/A;N/A;N/A;N/A;N/A;N/A;N/A;N/A;N/A;"24 hrs";5;1.2;Nafta;Manual;Hatchback;"Autos y camionetas";N/A;N/A;N/A;N/A;N/A;N/A;UY;N/A;N/A;N/A;N/A;N/A;N/A;N/A;N/A;N/A;N/A;N/A;N/A;N/A;N/A;N/A;N/A;N/A;N/A;N/A;N/A;N/A;N/A;N/A;N/A;N/A;N/A;N/A;N/A;N/A;N/A;N/A;N/A;N/A;N/A;N/A;N/A;N/A;N/A;N/A;N/A;N/A;N/A;N/A;N/A;N/A;N/A;N/A;N/A;N/A;N/A;N/A;N/A;N/A;N/A;N/A;N/A;N/A;N/A;N/A;N/A;N/A;N/A;N/A;N/A;N/A;N/A;N/A;N/A;N/A;N/A;N/A;N/A;N/A;N/A;N/A;N/A;N/A;N/A;N/A;N/A;N/A;N/A;N/A;N/A;N/A;N/A;N/A;N/A;N/A;Sí;N/A;Sí;N/A;N/A;N/A;N/A;N/A;N/A;N/A;N/A;N/A;N/A;Sí;N/A;N/A;N/A;N/A;N/A;N/A;N/A;N/A;N/A;N/A;N/A;N/A
Hyundai;i10;"1.1L GL súper Full";2016;"24000 km";;JPSINST;12800;;;;;"Malvin Norte";https://auto.mercadolibre.com.uy/MLU-704238894-oportunidad-igual-a-nuevo-con-solo-24000km-_JM;N/A;;"Oportunidad, Igual A Nuevo Con Solo 24000km.";USD;Sí;gold_premium;false;N/A;N/A;http://perfil.mercadolibre.com.uy/JPSINST;active;N/A;N/A;Usado;Rojo;N/A;Hidráulica;N/A;N/A;N/A;N/A;N/A;N/A;N/A;N/A;N/A;N/A;N/A;N/A;N/A;N/A;N/A;N/A;N/A;N/A;N/A;N/A;N/A;N/A;N/A;N/A;N/A;N/A;N/A;N/A;N/A;N/A;N/A;N/A;N/A;N/A;N/A;N/A;N/A;N/A;N/A;N/A;N/A;N/A;N/A;N/A;N/A;N/A;N/A;N/A;N/A;N/A;N/A;N/A;N/A;N/A;N/A;N/A;N/A;N/A;N/A;N/A;N/A;N/A;N/A;N/A;N/A;N/A;N/A;N/A;N/A;N/A;N/A;N/A;N/A;N/A;N/A;N/A;N/A;N/A;N/A;N/A;N/A;N/A;N/A;N/A;N/A;N/A;N/A;N/A;N/A;N/A;N/A;N/A;N/A;N/A;N/A;N/A;N/A;N/A;N/A;N/A;N/A;N/A;N/A;N/A;N/A;5;N/A;Nafta;Manual;N/A;"Autos y camionetas";N/A;N/A;N/A;N/A;N/A;N/A;N/A;N/A;N/A;N/A;N/A;N/A;N/A;N/A;N/A;N/A;N/A;N/A;N/A;N/A;N/A;N/A;N/A;N/A;N/A;N/A;N/A;N/A;N/A;N/A;N/A;N/A;N/A;N/A;N/A;N/A;N/A;N/A;N/A;N/A;N/A;N/A;N/A;N/A;N/A;N/A;N/A;N/A;N/A;N/A;N/A;N/A;N/A;N/A;N/A;N/A;N/A;N/A;N/A;N/A;N/A;N/A;N/A;N/A;N/A;N/A;N/A;N/A;N/A;N/A;N/A;N/A;N/A;N/A;N/A;N/A;N/A;N/A;N/A;N/A;N/A;N/A;N/A;N/A;N/A;N/A;N/A;N/A;N/A;N/A;N/A;N/A;N/A;N/A;N/A;N/A;N/A;N/A;N/A;N/A;N/A;N/A;N/A;N/A;N/A;N/A;N/A;N/A;N/A;N/A;N/A;N/A;N/A;N/A;N/A;N/A;N/A;N/A;N/A;N/A;N/A;N/A
Hyundai;Tucson;"2.0 Gl 5mt 2wd";2012;"165000 km";;RIZZUJUAN20230530163408;450000;;;;;"La Blanqueada";https://auto.mercadolibre.com.uy/MLU-703798490-hyundai-tucson-_JM;N/A;;"Hyundai Tucson";usd;No;gold_premium;false;N/A;N/A;http://perfil.mercadolibre.com.uy/RIZZUJUAN20230530163408;active;N/A;N/A;Usado;Gris;N/A;Hidráulica;4x2;Sí;N/A;Sí;N/A;N/A;N/A;N/A;N/A;N/A;N/A;N/A;N/A;N/A;N/A;N/A;N/A;N/A;N/A;N/A;N/A;N/A;N/A;N/A;N/A;N/A;"2630 mm";"2 L";"58 L";5;N/A;N/A;N/A;N/A;N/A;N/A;N/A;N/A;N/A;N/A;N/A;N/A;N/A;N/A;N/A;N/A;N/A;N/A;N/A;N/A;N/A;N/A;N/A;N/A;N/A;N/A;N/A;N/A;N/A;N/A;N/A;Sí;N/A;N/A;N/A;N/A;N/A;N/A;N/A;N/A;N/A;Sí;N/A;N/A;N/A;"1655 mm";"4410 mm";N/A;N/A;N/A;N/A;5;"166 hp";Gl;N/A;4;"1830 mm";"9.8 km/l";N/A;N/A;N/A;N/A;N/A;N/A;N/A;N/A;N/A;Sí;"6.1 km/l";N/A;N/A;N/A;N/A;N/A;N/A;5;2.0;Nafta;Manual;SUV;"Autos y camionetas";N/A;N/A;N/A;N/A;N/A;N/A;UY;N/A;N/A;N/A;N/A;N/A;N/A;N/A;N/A;N/A;N/A;N/A;N/A;N/A;N/A;N/A;N/A;N/A;N/A;N/A;N/A;N/A;N/A;N/A;N/A;N/A;N/A;N/A;N/A;N/A;N/A;N/A;N/A;N/A;N/A;N/A;N/A;N/A;N/A;N/A;N/A;N/A;N/A;N/A;N/A;N/A;N/A;N/A;N/A;N/A;N/A;N/A;N/A;N/A;N/A;N/A;N/A;N/A;N/A;N/A;N/A;N/A;N/A;N/A;N/A;N/A;N/A;N/A;N/A;N/A;N/A;N/A;N/A;N/A;N/A;N/A;N/A;N/A;N/A;N/A;N/A;N/A;N/A;N/A;N/A;N/A;N/A;N/A;N/A;N/A;Sí;N/A;Sí;N/A;N/A;N/A;N/A;N/A;N/A;N/A;N/A;N/A;N/A;Sí;N/A;N/A;N/A;N/A;N/A;N/A;N/A;N/A;N/A;N/A;N/A;N/A
Hyundai;HB20;"1.6 Comfort Plus 5p";2018;"110000 km";;JUANEDUARDODELEN;12700;;;;;Libertad;https://auto.mercadolibre.com.uy/MLU-703080998-hyundai-hb20-16-comfort-plus-5p-_JM;N/A;;"Hyundai Hb20 1.6 Comfort Plus 5p";usd;Sí;gold_premium;false;N/A;N/A;http://perfil.mercadolibre.com.uy/JUANEDUARDODELEN;active;N/A;N/A;Usado;Gris;N/A;Hidráulica;Delantera;Sí;Sí;Sí;N/A;N/A;N/A;N/A;N/A;N/A;N/A;N/A;N/A;Sí;N/A;Sí;N/A;N/A;N/A;N/A;N/A;N/A;N/A;N/A;N/A;N/A;"2500 mm";"1.6 L";"50 L";6;N/A;N/A;N/A;N/A;N/A;N/A;N/A;N/A;N/A;N/A;N/A;N/A;N/A;N/A;N/A;N/A;N/A;N/A;N/A;N/A;N/A;N/A;N/A;N/A;N/A;N/A;N/A;N/A;N/A;N/A;N/A;N/A;N/A;Sí;Sí;N/A;N/A;N/A;N/A;N/A;N/A;N/A;N/A;N/A;N/A;"1470 mm";"3920 mm";N/A;N/A;N/A;N/A;5;"122 hp";"Comfort Plus";N/A;4;"1680 mm";N/A;No;N/A;N/A;Sí;N/A;Sí;Sí;Sí;N/A;N/A;"13.8 km/l";N/A;N/A;N/A;N/A;N/A;N/A;5;1.6;Nafta;Manual;Hatchback;"Autos y camionetas";N/A;N/A;N/A;N/A;N/A;N/A;UY;N/A;N/A;N/A;N/A;N/A;N/A;N/A;N/A;N/A;N/A;N/A;N/A;N/A;N/A;N/A;N/A;N/A;Sí;N/A;N/A;N/A;N/A;N/A;N/A;N/A;N/A;N/A;N/A;N/A;N/A;N/A;N/A;N/A;N/A;N/A;N/A;N/A;N/A;N/A;N/A;N/A;N/A;N/A;N/A;N/A;N/A;N/A;N/A;N/A;N/A;N/A;N/A;N/A;N/A;N/A;N/A;N/A;N/A;N/A;N/A;N/A;N/A;N/A;N/A;N/A;N/A;N/A;N/A;N/A;N/A;N/A;N/A;N/A;N/A;N/A;N/A;N/A;N/A;N/A;N/A;N/A;N/A;N/A;N/A;N/A;N/A;N/A;N/A;N/A;Sí;Sí;N/A;N/A;Sí;N/A;N/A;N/A;N/A;Sí;N/A;N/A;Sí;N/A;N/A;N/A;Sí;Sí;N/A;N/A;Sí;N/A;N/A;Sí;N/A;Sí
Hyundai;Accent;ACCENT;2019;"304000 km";;"VENTAS CARRICA";7900;;;;;"Jacinto Vera";https://auto.mercadolibre.com.uy/MLU-703925638-hyundai-accent-accent-_JM;N/A;;"Hyundai Accent Accent";USD;Sí;gold_premium;false;N/A;N/A;http://perfil.mercadolibre.com.uy/VENTAS+CARRICA;active;N/A;N/A;Usado;N/A;N/A;N/A;N/A;N/A;N/A;N/A;N/A;N/A;N/A;N/A;N/A;N/A;N/A;N/A;N/A;N/A;N/A;N/A;N/A;N/A;N/A;N/A;N/A;N/A;N/A;N/A;N/A;N/A;N/A;N/A;N/A;N/A;N/A;N/A;N/A;N/A;N/A;N/A;N/A;N/A;N/A;N/A;N/A;N/A;N/A;N/A;N/A;N/A;N/A;N/A;N/A;N/A;N/A;N/A;N/A;N/A;N/A;N/A;N/A;N/A;N/A;N/A;N/A;N/A;N/A;N/A;N/A;N/A;N/A;N/A;N/A;N/A;N/A;N/A;N/A;N/A;N/A;N/A;N/A;N/A;N/A;N/A;N/A;N/A;N/A;N/A;N/A;N/A;N/A;N/A;N/A;N/A;N/A;N/A;N/A;N/A;N/A;N/A;N/A;N/A;N/A;N/A;N/A;N/A;N/A;N/A;N/A;4;N/A;Diésel;N/A;N/A;"Autos y camionetas";N/A;N/A;N/A;N/A;N/A;N/A;N/A;N/A;N/A;N/A;N/A;N/A;N/A;N/A;N/A;N/A;N/A;N/A;N/A;N/A;N/A;N/A;N/A;N/A;N/A;N/A;N/A;N/A;N/A;N/A;N/A;N/A;N/A;N/A;N/A;N/A;N/A;N/A;N/A;N/A;N/A;N/A;N/A;N/A;N/A;N/A;N/A;N/A;N/A;N/A;N/A;N/A;N/A;N/A;N/A;N/A;N/A;N/A;N/A;N/A;N/A;N/A;N/A;N/A;N/A;N/A;N/A;N/A;N/A;N/A;N/A;N/A;N/A;N/A;N/A;N/A;N/A;N/A;N/A;N/A;N/A;N/A;N/A;N/A;N/A;N/A;N/A;N/A;N/A;N/A;N/A;N/A;N/A;N/A;N/A;N/A;N/A;N/A;N/A;N/A;N/A;N/A;N/A;N/A;N/A;N/A;N/A;N/A;N/A;N/A;N/A;N/A;N/A;N/A;N/A;N/A;N/A;N/A;N/A;N/A;N/A;N/A
Hyundai;HB20;"1.6 Comfort Plus 5p";2018;"39700 km";;BUFA1486684;14000;;;;;Florida;https://auto.mercadolibre.com.uy/MLU-703250122-hyundai-hb20-16-comfort-plus-5p-_JM;N/A;;"Hyundai Hb20 1.6 Comfort Plus 5p";usd;Sí;gold_premium;false;N/A;N/A;http://perfil.mercadolibre.com.uy/BUFA1486684;active;N/A;N/A;Usado;Blanco;Sí;Hidráulica;Delantera;Sí;N/A;Sí;N/A;N/A;N/A;N/A;N/A;N/A;N/A;N/A;N/A;N/A;N/A;N/A;N/A;N/A;N/A;N/A;N/A;N/A;N/A;N/A;N/A;N/A;"2500 mm";"1.6 L";"50 L";6;N/A;N/A;N/A;N/A;N/A;N/A;N/A;N/A;N/A;N/A;N/A;N/A;N/A;N/A;N/A;N/A;N/A;N/A;N/A;N/A;N/A;N/A;N/A;N/A;N/A;N/A;N/A;N/A;N/A;N/A;N/A;N/A;N/A;Sí;Sí;N/A;N/A;N/A;N/A;N/A;N/A;N/A;N/A;N/A;N/A;"1470 mm";"3920 mm";N/A;N/A;N/A;N/A;5;"122 hp";"Comfort Plus";N/A;4;"1680 mm";N/A;N/A;N/A;N/A;Sí;N/A;N/A;Sí;Sí;N/A;N/A;"13.8 km/l";N/A;N/A;N/A;N/A;N/A;N/A;5;1.6;Nafta;Manual;Hatchback;"Autos y camionetas";N/A;N/A;N/A;N/A;N/A;N/A;UY;N/A;N/A;N/A;N/A;N/A;N/A;N/A;N/A;N/A;N/A;N/A;N/A;N/A;N/A;N/A;N/A;N/A;N/A;N/A;N/A;N/A;N/A;N/A;N/A;N/A;N/A;N/A;N/A;N/A;N/A;N/A;N/A;N/A;N/A;N/A;N/A;N/A;N/A;N/A;N/A;N/A;N/A;N/A;N/A;N/A;N/A;N/A;N/A;N/A;N/A;N/A;N/A;N/A;N/A;N/A;N/A;N/A;N/A;N/A;N/A;N/A;N/A;N/A;N/A;N/A;N/A;N/A;N/A;N/A;N/A;N/A;N/A;N/A;N/A;N/A;N/A;N/A;N/A;N/A;N/A;N/A;N/A;N/A;N/A;N/A;N/A;N/A;N/A;N/A;N/A;N/A;N/A;N/A;N/A;N/A;N/A;N/A;N/A;N/A;N/A;N/A;N/A;N/A;N/A;N/A;Sí;N/A;N/A;N/A;Sí;N/A;N/A;Sí;N/A;Sí
Hyundai;HB20S;"1.6 Comfort Plus 4p";2018;"78000 km";;DOLOREÑO2004;13000;;;;;Dolores;https://auto.mercadolibre.com.uy/MLU-700467880-hyundai-hb20s-2018-16-comfort-plus-4p-_JM;N/A;;"Hyundai Hb20s 2018 1.6 Comfort Plus 4p";usd;Sí;gold_premium;false;N/A;N/A;http://perfil.mercadolibre.com.uy/DOLORE%C3%91O2004;active;N/A;N/A;Usado;N/A;N/A;Hidráulica;Delantera;Sí;N/A;N/A;N/A;N/A;N/A;N/A;N/A;N/A;N/A;N/A;N/A;N/A;N/A;N/A;N/A;N/A;N/A;N/A;N/A;N/A;N/A;N/A;N/A;N/A;"2500 mm";"1.6 L";"50 L";5;N/A;N/A;N/A;N/A;N/A;N/A;N/A;N/A;N/A;N/A;N/A;N/A;N/A;N/A;N/A;N/A;N/A;N/A;N/A;N/A;N/A;N/A;N/A;N/A;N/A;N/A;N/A;N/A;N/A;N/A;N/A;N/A;N/A;Sí;Sí;N/A;N/A;N/A;N/A;N/A;N/A;N/A;N/A;N/A;N/A;"1500 mm";"4200 mm";N/A;N/A;N/A;N/A;5;"122 hp";"Comfort Plus";N/A;4;"1680 mm";N/A;N/A;N/A;N/A;Sí;N/A;N/A;Sí;Sí;N/A;N/A;"12.8 km/l";N/A;N/A;N/A;N/A;N/A;N/A;4;1.6;Nafta;Manual;Sedán;"Autos y camionetas";N/A;N/A;N/A;N/A;N/A;N/A;UY;N/A;N/A;N/A;N/A;N/A;N/A;N/A;N/A;N/A;N/A;N/A;N/A;N/A;N/A;N/A;N/A;N/A;N/A;N/A;N/A;N/A;N/A;N/A;N/A;N/A;N/A;N/A;N/A;N/A;N/A;N/A;N/A;N/A;N/A;N/A;N/A;N/A;N/A;N/A;N/A;N/A;N/A;N/A;N/A;N/A;N/A;N/A;N/A;N/A;N/A;N/A;N/A;N/A;N/A;N/A;N/A;N/A;N/A;N/A;N/A;N/A;N/A;N/A;N/A;N/A;N/A;N/A;N/A;N/A;N/A;N/A;N/A;N/A;N/A;N/A;N/A;N/A;N/A;N/A;N/A;N/A;N/A;N/A;N/A;N/A;N/A;N/A;N/A;N/A;N/A;N/A;N/A;N/A;N/A;N/A;N/A;N/A;N/A;N/A;N/A;N/A;N/A;N/A;N/A;N/A;Sí;N/A;N/A;N/A;Sí;N/A;N/A;Sí;N/A;Sí
Hyundai;Tucson;"2.0 Gl 154cv 6at 2wd";2016;"145000 km";;DISE858188;19700;;;;;"Barra de Carrasco";https://auto.mercadolibre.com.uy/MLU-703405704-hyundai-tucson-gl-20-_JM;N/A;;"Hyundai Tucson Gl 2.0";usd;Sí;gold_premium;false;N/A;N/A;http://perfil.mercadolibre.com.uy/DISE858188;active;N/A;N/A;Usado;Gris;N/A;Hidráulica;4x2;Sí;N/A;Sí;N/A;N/A;N/A;N/A;N/A;N/A;N/A;N/A;N/A;N/A;N/A;N/A;N/A;N/A;N/A;N/A;N/A;N/A;N/A;N/A;N/A;N/A;"2630 mm";"2 L";"58 L";6;N/A;N/A;N/A;N/A;N/A;N/A;N/A;N/A;N/A;N/A;N/A;N/A;N/A;N/A;N/A;N/A;N/A;N/A;N/A;N/A;N/A;N/A;N/A;N/A;N/A;N/A;N/A;N/A;N/A;N/A;N/A;Sí;N/A;N/A;N/A;N/A;N/A;N/A;N/A;N/A;N/A;Sí;N/A;N/A;N/A;"1655 mm";"4410 mm";N/A;N/A;N/A;N/A;5;"166 hp";Gl;N/A;4;"1830 mm";"10.4 km/l";N/A;N/A;N/A;N/A;N/A;N/A;N/A;N/A;N/A;Sí;"6.4 km/l";N/A;N/A;N/A;N/A;N/A;N/A;5;2.0;Nafta;Automática;SUV;"Autos y camionetas";N/A;N/A;N/A;N/A;N/A;N/A;UY;N/A;N/A;N/A;N/A;N/A;N/A;N/A;N/A;N/A;N/A;N/A;N/A;N/A;N/A;N/A;N/A;N/A;N/A;N/A;N/A;N/A;N/A;N/A;N/A;N/A;N/A;N/A;N/A;N/A;N/A;N/A;N/A;N/A;N/A;N/A;N/A;N/A;N/A;N/A;N/A;N/A;N/A;N/A;N/A;N/A;N/A;N/A;N/A;N/A;N/A;N/A;N/A;N/A;N/A;N/A;N/A;N/A;N/A;N/A;N/A;N/A;N/A;N/A;N/A;N/A;N/A;N/A;N/A;N/A;N/A;N/A;N/A;N/A;N/A;N/A;N/A;N/A;N/A;N/A;N/A;N/A;N/A;N/A;N/A;N/A;N/A;N/A;N/A;N/A;Sí;N/A;Sí;N/A;N/A;N/A;N/A;N/A;N/A;Sí;N/A;N/A;N/A;Sí;N/A;N/A;N/A;N/A;N/A;N/A;N/A;N/A;N/A;N/A;N/A;N/A
Hyundai;HB20;"1.0 Comfort Mt";2024;"1800 km";;"EL SEBA126";17990;;;;;montevideo;https://auto.mercadolibre.com.uy/MLU-701897684-hyundai-hb20s-10-comfort-mt-_JM;N/A;;"Hyundai Hb20s 1.0 Comfort Mt";usd;Sí;gold_premium;false;N/A;N/A;http://perfil.mercadolibre.com.uy/EL+SEBA126;active;N/A;N/A;Usado;N/A;N/A;Hidráulica;Delantera;Sí;N/A;Sí;N/A;N/A;N/A;N/A;N/A;N/A;N/A;N/A;N/A;N/A;N/A;N/A;N/A;N/A;N/A;N/A;N/A;N/A;N/A;N/A;N/A;N/A;"2500 mm";"1 L";"50 L";6;N/A;N/A;N/A;N/A;N/A;N/A;N/A;N/A;N/A;N/A;N/A;N/A;N/A;N/A;N/A;N/A;N/A;N/A;N/A;N/A;N/A;N/A;N/A;N/A;N/A;N/A;N/A;N/A;N/A;N/A;N/A;N/A;N/A;Sí;Sí;N/A;N/A;N/A;N/A;N/A;N/A;N/A;N/A;N/A;N/A;"1470 mm";"3920 mm";N/A;N/A;N/A;N/A;5;"101 hp";N/A;N/A;4;"1680 mm";N/A;N/A;N/A;N/A;Sí;N/A;N/A;Sí;Sí;N/A;N/A;"13.8 km/l";N/A;N/A;N/A;N/A;N/A;N/A;5;1.0;Nafta;Manual;Hatchback;"Autos y camionetas";N/A;N/A;N/A;N/A;N/A;N/A;UY;N/A;N/A;N/A;N/A;N/A;N/A;N/A;N/A;N/A;N/A;N/A;N/A;N/A;N/A;N/A;N/A;N/A;N/A;N/A;N/A;N/A;N/A;N/A;N/A;N/A;N/A;N/A;N/A;N/A;N/A;N/A;N/A;N/A;N/A;N/A;N/A;N/A;N/A;N/A;N/A;N/A;N/A;N/A;N/A;N/A;N/A;N/A;N/A;N/A;N/A;N/A;N/A;N/A;N/A;N/A;N/A;N/A;N/A;N/A;N/A;N/A;N/A;N/A;N/A;N/A;N/A;N/A;N/A;N/A;N/A;N/A;N/A;N/A;N/A;N/A;N/A;N/A;N/A;N/A;N/A;N/A;N/A;N/A;N/A;N/A;N/A;N/A;N/A;N/A;N/A;N/A;N/A;N/A;N/A;N/A;N/A;N/A;N/A;N/A;N/A;N/A;N/A;N/A;N/A;N/A;Sí;N/A;N/A;N/A;Sí;N/A;N/A;Sí;N/A;Sí
Hyundai;"Grand i10";-;2016;"138000 km";;"AUTOPLUS SRL";11900;;;;;Pando;https://auto.mercadolibre.com.uy/MLU-644522897-hyundai-grand-i10-10-2016-impecable-_JM;N/A;;"Hyundai Grand I10 1.0 2016 Impecable!";usd;Sí;gold_premium;false;N/A;N/A;http://perfil.mercadolibre.com.uy/AUTOPLUS+SRL;active;N/A;N/A;Usado;Azul;N/A;Hidráulica;N/A;Sí;Sí;Sí;N/A;N/A;N/A;N/A;N/A;N/A;N/A;Sí;N/A;Sí;N/A;N/A;N/A;N/A;N/A;N/A;N/A;N/A;N/A;N/A;N/A;N/A;N/A;"1000 cc";N/A;5;N/A;N/A;N/A;N/A;N/A;N/A;N/A;N/A;N/A;N/A;N/A;N/A;N/A;N/A;N/A;N/A;N/A;N/A;N/A;N/A;N/A;N/A;N/A;N/A;N/A;Sí;N/A;N/A;N/A;N/A;N/A;N/A;N/A;N/A;N/A;N/A;N/A;N/A;N/A;N/A;N/A;N/A;N/A;N/A;N/A;N/A;N/A;N/A;N/A;N/A;N/A;N/A;N/A;N/A;N/A;N/A;N/A;N/A;N/A;N/A;N/A;N/A;N/A;N/A;Sí;N/A;N/A;N/A;N/A;N/A;N/A;N/A;N/A;N/A;"Lun a Vie 8:30 a 12:30 y 14 a 18:30hs. Sáb. 8:30 a 12:30hs.";4;1.0;Nafta;Manual;Hatchback;"Autos y camionetas";No;N/A;N/A;N/A;No;N/A;UY;No;Sí;No;No;N/A;N/A;N/A;N/A;N/A;N/A;N/A;N/A;N/A;N/A;N/A;N/A;N/A;N/A;N/A;N/A;N/A;N/A;N/A;N/A;N/A;N/A;N/A;N/A;N/A;N/A;N/A;N/A;N/A;N/A;N/A;N/A;N/A;N/A;N/A;N/A;N/A;N/A;N/A;N/A;N/A;N/A;N/A;N/A;N/A;N/A;N/A;N/A;N/A;N/A;N/A;No;N/A;N/A;N/A;N/A;N/A;N/A;N/A;N/A;N/A;N/A;N/A;N/A;N/A;N/A;N/A;N/A;N/A;N/A;N/A;N/A;N/A;N/A;N/A;N/A;N/A;N/A;N/A;N/A;N/A;N/A;N/A;N/A;N/A;Sí;N/A;Sí;N/A;Sí;N/A;Sí;N/A;Sí;Sí;N/A;Sí;N/A;N/A;N/A;N/A;N/A;N/A;Sí;Sí;N/A;N/A;N/A;N/A;N/A;Sí
Hyundai;i10;Gl;2015;"89315 km";;"CARPER USADOS";11990;;;;;"Jacinto Vera";https://auto.mercadolibre.com.uy/MLU-645813581-hyundai-grand-i10-gl-c64644-_JM;N/A;;"Hyundai Grand I10 Gl C/64644";USD;Sí;gold_premium;false;N/A;N/A;http://perfil.mercadolibre.com.uy/CARPER+USADOS;active;N/A;N/A;Usado;Plateado;Sí;Hidráulica;N/A;N/A;N/A;N/A;N/A;N/A;N/A;N/A;N/A;N/A;N/A;N/A;N/A;N/A;N/A;N/A;N/A;N/A;N/A;N/A;N/A;N/A;N/A;N/A;N/A;N/A;N/A;N/A;N/A;N/A;N/A;N/A;N/A;N/A;N/A;N/A;N/A;N/A;N/A;N/A;N/A;N/A;N/A;N/A;N/A;N/A;N/A;N/A;N/A;N/A;N/A;N/A;N/A;N/A;N/A;N/A;N/A;N/A;N/A;N/A;N/A;N/A;N/A;N/A;N/A;N/A;N/A;N/A;N/A;N/A;N/A;N/A;N/A;N/A;N/A;N/A;N/A;N/A;N/A;N/A;N/A;N/A;N/A;N/A;N/A;N/A;N/A;N/A;N/A;N/A;N/A;N/A;N/A;N/A;N/A;N/A;N/A;N/A;N/A;N/A;N/A;N/A;N/A;N/A;N/A;5;1000;Nafta;Manual;Hatchback;"Autos y camionetas";N/A;N/A;N/A;N/A;N/A;N/A;N/A;N/A;Sí;N/A;N/A;N/A;N/A;N/A;N/A;N/A;N/A;N/A;N/A;N/A;N/A;N/A;N/A;N/A;N/A;N/A;N/A;N/A;N/A;N/A;N/A;N/A;N/A;N/A;N/A;N/A;N/A;N/A;N/A;N/A;N/A;N/A;N/A;N/A;N/A;N/A;N/A;N/A;N/A;N/A;N/A;N/A;N/A;N/A;N/A;N/A;N/A;N/A;N/A;N/A;N/A;N/A;N/A;N/A;N/A;N/A;N/A;N/A;N/A;N/A;N/A;N/A;N/A;N/A;N/A;N/A;N/A;N/A;N/A;N/A;N/A;N/A;N/A;N/A;N/A;N/A;N/A;N/A;N/A;N/A;N/A;N/A;N/A;N/A;N/A;N/A;N/A;N/A;N/A;N/A;N/A;N/A;N/A;N/A;N/A;N/A;N/A;N/A;N/A;N/A;N/A;N/A;N/A;N/A;N/A;N/A;N/A;N/A;N/A;N/A;N/A;N/A
Hyundai;i10;Gl;2014;"169492 km";;CARPERUSADOS;9290;;;;;"La Blanqueada";https://auto.mercadolibre.com.uy/MLU-694182484-hyundai-grand-i10-gl-10-c64594-_JM;N/A;;"Hyundai Grand I10 Gl 1.0 C/64594";USD;Sí;gold_premium;false;N/A;N/A;http://perfil.mercadolibre.com.uy/CARPERUSADOS;active;N/A;N/A;Usado;Plateado;N/A;Hidráulica;N/A;N/A;N/A;N/A;N/A;N/A;N/A;N/A;N/A;N/A;N/A;N/A;N/A;N/A;N/A;N/A;N/A;N/A;N/A;N/A;N/A;N/A;N/A;N/A;N/A;N/A;N/A;N/A;N/A;N/A;N/A;N/A;N/A;N/A;N/A;N/A;N/A;N/A;N/A;N/A;N/A;N/A;N/A;N/A;N/A;N/A;N/A;N/A;N/A;N/A;N/A;N/A;N/A;N/A;N/A;N/A;N/A;N/A;N/A;N/A;N/A;N/A;N/A;N/A;N/A;N/A;N/A;N/A;N/A;N/A;N/A;N/A;N/A;N/A;N/A;N/A;N/A;N/A;N/A;N/A;N/A;N/A;N/A;N/A;N/A;N/A;N/A;N/A;N/A;N/A;N/A;N/A;N/A;N/A;N/A;N/A;N/A;N/A;N/A;N/A;N/A;N/A;N/A;N/A;N/A;5;1.0;Nafta;Manual;Hatchback;"Autos y camionetas";N/A;N/A;N/A;N/A;N/A;N/A;N/A;N/A;Sí;N/A;N/A;N/A;N/A;N/A;N/A;N/A;N/A;N/A;N/A;N/A;N/A;N/A;N/A;N/A;N/A;N/A;N/A;N/A;N/A;N/A;N/A;N/A;N/A;N/A;N/A;N/A;N/A;N/A;N/A;N/A;N/A;N/A;N/A;N/A;N/A;N/A;N/A;N/A;N/A;N/A;N/A;N/A;N/A;N/A;N/A;N/A;N/A;N/A;N/A;N/A;N/A;N/A;N/A;N/A;N/A;N/A;N/A;N/A;N/A;N/A;N/A;N/A;N/A;N/A;N/A;N/A;N/A;N/A;N/A;N/A;N/A;N/A;N/A;N/A;N/A;N/A;N/A;N/A;N/A;N/A;N/A;N/A;N/A;N/A;N/A;N/A;N/A;N/A;N/A;N/A;N/A;N/A;N/A;N/A;N/A;N/A;N/A;N/A;N/A;N/A;N/A;N/A;N/A;N/A;N/A;N/A;N/A;N/A;N/A;N/A;N/A;N/A
Hyundai;i10;"1.2 Gls Seguridad L Mt";2016;"97000 km";;MARZORATTI_B;9500;;;;;Unión;https://auto.mercadolibre.com.uy/MLU-647169287-hyundai-i10-2016-11-full-gls-ultima-version-unico-dueno-_JM;N/A;;"Hyundai I10 2016 1.1 Full Gls Última Versión, Único Dueño!! ";usd;Sí;gold_premium;false;N/A;N/A;http://perfil.mercadolibre.com.uy/MARZORATTI_B;active;N/A;N/A;Usado;Gris;N/A;Hidráulica;Delantera;Sí;N/A;Sí;N/A;N/A;N/A;N/A;N/A;N/A;N/A;N/A;N/A;N/A;N/A;N/A;N/A;N/A;N/A;N/A;N/A;N/A;N/A;N/A;N/A;N/A;"2385 mm";"1.2 L";"35 L";5;N/A;N/A;N/A;N/A;Sí;N/A;N/A;N/A;N/A;N/A;N/A;N/A;N/A;N/A;N/A;N/A;N/A;N/A;N/A;N/A;N/A;N/A;N/A;N/A;N/A;N/A;N/A;N/A;N/A;N/A;N/A;Sí;N/A;Sí;N/A;N/A;N/A;N/A;N/A;N/A;N/A;Sí;N/A;N/A;N/A;"1540 mm";"3585 mm";N/A;N/A;N/A;N/A;5;"85 hp";Gls;N/A;4;"1660 mm";N/A;N/A;N/A;N/A;N/A;N/A;N/A;N/A;N/A;N/A;N/A;N/A;N/A;N/A;N/A;N/A;N/A;N/A;5;1.2;Nafta;Manual;Hatchback;"Autos y camionetas";N/A;N/A;N/A;N/A;N/A;N/A;UY;N/A;N/A;N/A;N/A;N/A;N/A;N/A;N/A;N/A;N/A;N/A;N/A;N/A;N/A;N/A;N/A;N/A;N/A;N/A;N/A;N/A;N/A;N/A;N/A;N/A;N/A;N/A;N/A;N/A;N/A;N/A;N/A;N/A;N/A;N/A;N/A;N/A;N/A;N/A;N/A;N/A;N/A;N/A;N/A;N/A;N/A;N/A;N/A;N/A;N/A;N/A;N/A;N/A;N/A;N/A;N/A;N/A;N/A;N/A;N/A;N/A;N/A;N/A;N/A;N/A;N/A;N/A;N/A;N/A;N/A;N/A;N/A;N/A;N/A;N/A;N/A;N/A;N/A;N/A;N/A;N/A;N/A;N/A;N/A;N/A;N/A;N/A;N/A;N/A;Sí;N/A;Sí;N/A;N/A;N/A;N/A;N/A;N/A;N/A;N/A;N/A;N/A;Sí;N/A;N/A;N/A;N/A;N/A;N/A;N/A;N/A;N/A;N/A;N/A;N/A
Hyundai;HB20;"1.0 Comfort Mt";2022;"83400 km";;ALMADAJOSE20230628185008;15300;;;;;Atahualpa;https://auto.mercadolibre.com.uy/MLU-704249144-hyundai-hb20-10-comfort-mt-_JM;N/A;;"Hyundai Hb20 1.0 Comfort Mt";usd;Sí;gold_premium;false;N/A;N/A;http://perfil.mercadolibre.com.uy/ALMADAJOSE20230628185008;active;N/A;N/A;Usado;Gris;Sí;Hidráulica;Delantera;Sí;Sí;Sí;N/A;N/A;Sí;N/A;N/A;N/A;N/A;N/A;N/A;Sí;N/A;Sí;N/A;N/A;N/A;N/A;N/A;N/A;N/A;N/A;N/A;N/A;"2500 mm";"1 L";"50 L";6;N/A;N/A;N/A;N/A;N/A;N/A;N/A;N/A;N/A;N/A;N/A;N/A;N/A;N/A;N/A;N/A;N/A;N/A;N/A;N/A;N/A;N/A;N/A;N/A;N/A;N/A;N/A;N/A;N/A;N/A;N/A;N/A;N/A;Sí;Sí;N/A;N/A;N/A;N/A;N/A;N/A;N/A;N/A;N/A;N/A;"1470 mm";"3920 mm";N/A;N/A;N/A;N/A;5;"101 hp";N/A;N/A;4;"1680 mm";N/A;N/A;N/A;N/A;Sí;N/A;N/A;Sí;Sí;N/A;N/A;"13.8 km/l";N/A;N/A;N/A;N/A;N/A;N/A;5;1.0;Nafta;Manual;Hatchback;"Autos y camionetas";N/A;N/A;N/A;N/A;N/A;N/A;UY;N/A;N/A;N/A;N/A;N/A;N/A;N/A;N/A;N/A;N/A;N/A;N/A;N/A;N/A;N/A;N/A;N/A;N/A;N/A;N/A;N/A;N/A;N/A;N/A;N/A;N/A;N/A;N/A;N/A;N/A;N/A;N/A;N/A;N/A;N/A;N/A;N/A;N/A;N/A;N/A;N/A;N/A;N/A;N/A;N/A;N/A;N/A;N/A;N/A;N/A;N/A;N/A;N/A;N/A;N/A;N/A;N/A;N/A;N/A;N/A;N/A;N/A;N/A;N/A;N/A;N/A;N/A;N/A;N/A;N/A;N/A;N/A;N/A;N/A;N/A;N/A;N/A;N/A;N/A;N/A;N/A;N/A;N/A;N/A;N/A;N/A;N/A;N/A;N/A;Sí;Sí;N/A;N/A;Sí;N/A;N/A;N/A;N/A;Sí;N/A;N/A;Sí;N/A;N/A;Sí;Sí;Sí;Sí;Sí;Sí;N/A;N/A;Sí;N/A;Sí
Hyundai;HB20;"1.6 Comfort Plus 5p";2017;"112000 km";;VIERADIEGO14;13500;;;;;"Treinta y Tres";https://auto.mercadolibre.com.uy/MLU-703524884-hyundai-hb20-16-comfort-plus-5p-_JM;N/A;;"Hyundai Hb20 1.6 Comfort Plus 5p";usd;Sí;gold_premium;false;N/A;N/A;http://perfil.mercadolibre.com.uy/VIERADIEGO14;active;N/A;N/A;Usado;Blanco;N/A;Hidráulica;Delantera;Sí;Sí;Sí;N/A;N/A;N/A;N/A;N/A;N/A;N/A;N/A;N/A;Sí;N/A;Sí;N/A;N/A;N/A;N/A;N/A;N/A;N/A;N/A;N/A;N/A;"2500 mm";"1.6 L";"50 L";6;N/A;N/A;N/A;N/A;N/A;N/A;N/A;N/A;N/A;N/A;N/A;N/A;N/A;N/A;N/A;N/A;N/A;N/A;N/A;N/A;N/A;N/A;N/A;N/A;N/A;N/A;N/A;N/A;N/A;N/A;N/A;N/A;N/A;Sí;Sí;N/A;N/A;N/A;N/A;N/A;N/A;N/A;N/A;N/A;N/A;"1470 mm";"3920 mm";N/A;N/A;N/A;N/A;5;"122 hp";"Comfort Plus";N/A;4;"1680 mm";N/A;N/A;N/A;N/A;Sí;N/A;N/A;Sí;Sí;N/A;N/A;"13.8 km/l";N/A;N/A;N/A;N/A;Sí;N/A;5;1.6;Nafta;Manual;Hatchback;"Autos y camionetas";N/A;N/A;N/A;N/A;N/A;N/A;UY;N/A;N/A;N/A;N/A;N/A;N/A;N/A;N/A;N/A;N/A;N/A;N/A;N/A;N/A;N/A;N/A;N/A;N/A;N/A;N/A;N/A;N/A;N/A;N/A;N/A;N/A;N/A;N/A;N/A;N/A;N/A;N/A;N/A;N/A;N/A;N/A;N/A;N/A;N/A;N/A;N/A;N/A;N/A;N/A;N/A;N/A;N/A;N/A;N/A;N/A;N/A;N/A;N/A;N/A;N/A;N/A;N/A;N/A;N/A;N/A;N/A;N/A;N/A;N/A;N/A;N/A;N/A;N/A;N/A;N/A;N/A;N/A;N/A;N/A;N/A;N/A;N/A;N/A;N/A;N/A;N/A;N/A;N/A;N/A;N/A;N/A;N/A;N/A;N/A;Sí;Sí;N/A;N/A;N/A;N/A;N/A;N/A;N/A;Sí;N/A;N/A;Sí;N/A;N/A;N/A;Sí;Sí;Sí;Sí;Sí;N/A;Sí;Sí;N/A;Sí
Hyundai;Tucson;"1.6t Gdi Limited Techo At";2018;"96000 km";;"VENTASUY 2020";28990;;;;;Centro;https://auto.mercadolibre.com.uy/MLU-703158884-hyundai-tucson-16t-gdi-limited-techo-at-_JM;N/A;;"Hyundai Tucson 1.6t Gdi Limited Techo At";usd;Sí;gold_premium;false;N/A;N/A;http://perfil.mercadolibre.com.uy/VENTASUY+2020;active;N/A;N/A;Usado;Gris;Sí;Hidráulica;4x2;Sí;Sí;N/A;N/A;N/A;Sí;N/A;N/A;N/A;N/A;N/A;Sí;Sí;N/A;Sí;N/A;N/A;N/A;N/A;N/A;N/A;N/A;N/A;N/A;N/A;"2670 mm";"1.6 L";"62 L";7;N/A;N/A;N/A;N/A;N/A;Sí;N/A;N/A;N/A;N/A;N/A;N/A;N/A;N/A;N/A;N/A;N/A;N/A;N/A;N/A;N/A;N/A;N/A;N/A;N/A;N/A;N/A;N/A;N/A;N/A;N/A;N/A;N/A;N/A;N/A;N/A;N/A;N/A;N/A;N/A;N/A;N/A;N/A;N/A;N/A;"1660 mm";"4475 mm";N/A;N/A;N/A;N/A;5;"132 hp";N/A;N/A;4;"1850 mm";N/A;Sí;N/A;Sí;N/A;N/A;Sí;Sí;N/A;Sí;N/A;N/A;Sí;N/A;N/A;N/A;Sí;"Lunes a viernes de 10 a 19hs";5;1.6;Nafta;Automática;SUV;"Autos y camionetas";N/A;N/A;N/A;N/A;N/A;N/A;UY;N/A;N/A;N/A;N/A;N/A;N/A;N/A;N/A;N/A;N/A;N/A;N/A;N/A;N/A;N/A;N/A;N/A;Sí;N/A;N/A;N/A;N/A;N/A;N/A;N/A;N/A;N/A;N/A;N/A;N/A;N/A;N/A;N/A;N/A;N/A;N/A;N/A;N/A;N/A;N/A;N/A;N/A;N/A;N/A;N/A;N/A;N/A;N/A;N/A;N/A;N/A;N/A;N/A;N/A;N/A;N/A;N/A;N/A;N/A;N/A;N/A;N/A;N/A;N/A;N/A;N/A;N/A;N/A;N/A;N/A;N/A;N/A;N/A;N/A;N/A;N/A;N/A;N/A;N/A;N/A;N/A;N/A;N/A;N/A;N/A;N/A;N/A;N/A;N/A;Sí;Sí;Sí;N/A;Sí;N/A;N/A;N/A;N/A;Sí;Sí;Sí;Sí;N/A;N/A;Sí;Sí;Sí;Sí;Sí;Sí;N/A;N/A;N/A;N/A;Sí
Hyundai;Accent;"TURBO DIESEL";2019;"472000 km";;GORO8065809;7600;;;;;"Brazo Oriental";https://auto.mercadolibre.com.uy/MLU-702792306-accent-crdi-_JM;N/A;;"Accent Crdi";USD;Sí;gold_premium;false;N/A;N/A;http://perfil.mercadolibre.com.uy/GORO8065809;active;N/A;N/A;Usado;Gris;Sí;Eléctrica;Delantera;Sí;N/A;N/A;N/A;N/A;N/A;N/A;N/A;N/A;N/A;N/A;N/A;Sí;N/A;Sí;N/A;N/A;N/A;N/A;N/A;N/A;N/A;N/A;N/A;N/A;N/A;N/A;N/A;N/A;N/A;N/A;N/A;N/A;N/A;N/A;N/A;N/A;N/A;N/A;N/A;N/A;N/A;N/A;N/A;N/A;N/A;N/A;N/A;N/A;N/A;N/A;N/A;N/A;N/A;N/A;N/A;N/A;N/A;N/A;N/A;N/A;N/A;N/A;N/A;N/A;N/A;N/A;N/A;N/A;N/A;N/A;N/A;N/A;N/A;N/A;N/A;N/A;N/A;N/A;N/A;N/A;N/A;N/A;N/A;N/A;N/A;N/A;N/A;N/A;Sí;Sí;N/A;Sí;Sí;N/A;N/A;N/A;N/A;N/A;N/A;N/A;N/A;N/A;N/A;4;"1.6 turbo diesel";Diésel;Manual;Sedán;"Autos y camionetas";N/A;N/A;N/A;N/A;N/A;N/A;N/A;N/A;N/A;N/A;N/A;N/A;N/A;N/A;N/A;N/A;N/A;N/A;N/A;N/A;N/A;N/A;N/A;N/A;N/A;N/A;N/A;N/A;N/A;N/A;N/A;N/A;N/A;N/A;N/A;N/A;N/A;N/A;N/A;N/A;N/A;N/A;N/A;N/A;N/A;N/A;N/A;N/A;N/A;N/A;N/A;N/A;N/A;N/A;N/A;N/A;N/A;N/A;N/A;N/A;N/A;N/A;N/A;N/A;N/A;N/A;N/A;N/A;N/A;N/A;N/A;N/A;N/A;N/A;N/A;N/A;N/A;N/A;N/A;N/A;N/A;N/A;N/A;N/A;N/A;N/A;N/A;N/A;N/A;N/A;N/A;N/A;N/A;N/A;N/A;N/A;Sí;Sí;Sí;N/A;Sí;N/A;N/A;N/A;N/A;Sí;N/A;Sí;Sí;N/A;N/A;Sí;N/A;Sí;Sí;Sí;Sí;Sí;N/A;Sí;N/A;Sí
Hyundai;i20;"1.4 Active Gl Super Full 5p";2016;"112000 km";;SEBASTINPUPPO;14300;;;;;Centro;https://auto.mercadolibre.com.uy/MLU-702406602-hyundai-i20-active-super-full-_JM;N/A;;"Hyundai I20 Active Super Full";USD;Sí;gold_premium;false;N/A;N/A;http://perfil.mercadolibre.com.uy/SEBASTINPUPPO;active;N/A;N/A;Usado;Gris;N/A;N/A;N/A;N/A;N/A;N/A;N/A;N/A;N/A;N/A;N/A;N/A;N/A;N/A;N/A;N/A;N/A;N/A;N/A;N/A;N/A;N/A;N/A;N/A;N/A;N/A;N/A;N/A;N/A;N/A;N/A;N/A;N/A;N/A;N/A;N/A;N/A;N/A;N/A;N/A;N/A;N/A;N/A;N/A;N/A;N/A;N/A;N/A;N/A;N/A;N/A;N/A;N/A;N/A;N/A;N/A;N/A;N/A;N/A;N/A;N/A;N/A;N/A;N/A;N/A;N/A;N/A;N/A;N/A;N/A;N/A;N/A;N/A;N/A;N/A;N/A;N/A;N/A;N/A;N/A;N/A;N/A;N/A;N/A;N/A;N/A;N/A;N/A;N/A;N/A;N/A;N/A;N/A;N/A;N/A;N/A;N/A;N/A;N/A;N/A;N/A;N/A;N/A;N/A;N/A;N/A;N/A;5;N/A;Nafta;N/A;N/A;"Autos y camionetas";N/A;N/A;N/A;N/A;N/A;N/A;N/A;N/A;N/A;N/A;N/A;N/A;N/A;N/A;N/A;N/A;N/A;N/A;N/A;N/A;N/A;N/A;N/A;N/A;N/A;N/A;N/A;N/A;N/A;N/A;N/A;N/A;N/A;N/A;N/A;N/A;N/A;N/A;N/A;N/A;N/A;N/A;N/A;N/A;N/A;N/A;N/A;N/A;N/A;N/A;N/A;N/A;N/A;N/A;N/A;N/A;N/A;N/A;N/A;N/A;N/A;N/A;N/A;N/A;N/A;N/A;N/A;N/A;N/A;N/A;N/A;N/A;N/A;N/A;N/A;N/A;N/A;N/A;N/A;N/A;N/A;N/A;N/A;N/A;N/A;N/A;N/A;N/A;N/A;N/A;N/A;N/A;N/A;N/A;N/A;N/A;N/A;N/A;N/A;N/A;N/A;N/A;N/A;N/A;N/A;N/A;N/A;N/A;N/A;N/A;N/A;N/A;N/A;N/A;N/A;N/A;N/A;N/A;N/A;N/A;N/A;N/A
Hyundai;HB20;"1.0 Comfort Mt";2023;"80000 km";;ZELMARGUSTAVO;13900;;;;;Cordón;https://auto.mercadolibre.com.uy/MLU-647535313-hyundai-hb20-10-comfort-mt-_JM;N/A;;"Hyundai Hb20 1.0 Comfort Mt";usd;Sí;gold_premium;false;N/A;N/A;http://perfil.mercadolibre.com.uy/ZELMARGUSTAVO;active;N/A;N/A;Usado;Plateado;N/A;Hidráulica;Delantera;Sí;N/A;Sí;N/A;N/A;N/A;N/A;N/A;N/A;N/A;N/A;N/A;N/A;N/A;N/A;N/A;N/A;N/A;N/A;N/A;N/A;N/A;N/A;N/A;N/A;"2500 mm";"1 L";"50 L";6;N/A;N/A;N/A;N/A;N/A;N/A;N/A;N/A;N/A;N/A;N/A;N/A;N/A;N/A;N/A;N/A;N/A;N/A;N/A;N/A;N/A;N/A;N/A;N/A;N/A;N/A;N/A;N/A;N/A;N/A;N/A;N/A;N/A;Sí;Sí;N/A;N/A;N/A;N/A;N/A;N/A;N/A;N/A;N/A;N/A;"1470 mm";"3920 mm";N/A;N/A;N/A;N/A;5;"101 hp";N/A;N/A;4;"1680 mm";N/A;N/A;N/A;N/A;Sí;N/A;N/A;Sí;Sí;N/A;N/A;"13.8 km/l";N/A;N/A;N/A;N/A;N/A;N/A;5;1.0;Nafta;Manual;Hatchback;"Autos y camionetas";N/A;N/A;N/A;N/A;N/A;N/A;UY;N/A;N/A;N/A;N/A;N/A;N/A;N/A;N/A;N/A;N/A;N/A;N/A;N/A;N/A;N/A;N/A;N/A;N/A;N/A;N/A;N/A;N/A;N/A;N/A;N/A;N/A;N/A;N/A;N/A;N/A;N/A;N/A;N/A;N/A;N/A;N/A;N/A;N/A;N/A;N/A;N/A;N/A;N/A;N/A;N/A;N/A;N/A;N/A;N/A;N/A;N/A;N/A;N/A;N/A;N/A;N/A;N/A;N/A;N/A;N/A;N/A;N/A;N/A;N/A;N/A;N/A;N/A;N/A;N/A;N/A;N/A;N/A;N/A;N/A;N/A;N/A;N/A;N/A;N/A;N/A;N/A;N/A;N/A;N/A;N/A;N/A;N/A;N/A;N/A;N/A;N/A;N/A;N/A;N/A;N/A;N/A;N/A;N/A;N/A;N/A;N/A;N/A;N/A;N/A;N/A;Sí;N/A;N/A;N/A;Sí;N/A;N/A;Sí;N/A;Sí
Hyundai;HB20;"SEDAN 1.6 PREMIUM EXTRA FULL";2023;"61400 km";;JORGE.INGOLD.AUTOMOVILES;17900;;;;;"Nueva Helvecia";https://auto.mercadolibre.com.uy/MLU-697045806-hyundai-hb20-sedan-16-extra-full-2023-_JM;N/A;;"Hyundai Hb20 Sedan 1.6 Extra Full 2023";usd;Sí;gold_premium;false;N/A;N/A;http://perfil.mercadolibre.com.uy/JORGE.INGOLD.AUTOMOVILES;active;N/A;N/A;Usado;Blanco;N/A;Hidráulica;Delantera;Sí;Sí;Sí;N/A;N/A;N/A;N/A;N/A;N/A;N/A;N/A;Sí;Sí;N/A;Sí;N/A;N/A;N/A;N/A;N/A;N/A;N/A;N/A;N/A;N/A;"2500 mm";"1.6 L";"50 L";6;N/A;N/A;N/A;N/A;N/A;N/A;N/A;N/A;N/A;N/A;N/A;N/A;N/A;N/A;N/A;N/A;N/A;N/A;N/A;N/A;N/A;N/A;N/A;N/A;N/A;N/A;N/A;N/A;N/A;N/A;N/A;N/A;N/A;Sí;Sí;N/A;N/A;N/A;N/A;N/A;N/A;N/A;N/A;N/A;N/A;"1470 mm";"3920 mm";N/A;N/A;N/A;N/A;5;"123 hp";Premium;N/A;4;"1680 mm";N/A;N/A;N/A;N/A;Sí;N/A;Sí;Sí;Sí;N/A;N/A;"13.8 km/l";N/A;N/A;N/A;N/A;N/A;"Lunes a Viernes de 8:00 a 12:00 y de 14:00 a 18:00. Sábados de 8:00 a 12:00";5;1.6;Nafta;Manual;Sedán;"Autos y camionetas";N/A;N/A;N/A;N/A;N/A;N/A;UY;N/A;N/A;N/A;N/A;N/A;N/A;N/A;N/A;N/A;N/A;N/A;N/A;N/A;N/A;N/A;N/A;N/A;N/A;N/A;N/A;N/A;N/A;N/A;N/A;N/A;N/A;N/A;N/A;N/A;N/A;N/A;N/A;N/A;N/A;N/A;N/A;N/A;N/A;N/A;N/A;N/A;N/A;N/A;N/A;N/A;N/A;N/A;N/A;N/A;N/A;N/A;N/A;N/A;N/A;N/A;N/A;N/A;N/A;N/A;N/A;N/A;N/A;N/A;N/A;N/A;N/A;N/A;N/A;N/A;N/A;N/A;N/A;N/A;N/A;N/A;N/A;N/A;N/A;N/A;N/A;N/A;N/A;N/A;N/A;N/A;N/A;N/A;N/A;N/A;Sí;Sí;Sí;N/A;N/A;N/A;N/A;N/A;N/A;Sí;N/A;N/A;Sí;N/A;N/A;Sí;Sí;Sí;Sí;Sí;Sí;N/A;N/A;Sí;N/A;Sí
Hyundai;Accent;"1.4 Gl";2012;"132000 km";;"EL QUIQUEE";10500;;;;;Larrañaga;https://auto.mercadolibre.com.uy/MLU-704536970-hyundai-accent-_JM;N/A;;"Hyundai Accent";USD;Sí;gold_premium;false;N/A;N/A;http://perfil.mercadolibre.com.uy/EL+QUIQUEE;active;N/A;N/A;Usado;Negro;Sí;Hidráulica;Delantera;N/A;N/A;N/A;N/A;N/A;N/A;N/A;N/A;N/A;N/A;N/A;N/A;N/A;N/A;N/A;N/A;N/A;N/A;N/A;N/A;N/A;N/A;N/A;N/A;N/A;N/A;N/A;N/A;N/A;N/A;N/A;N/A;N/A;N/A;N/A;N/A;N/A;N/A;N/A;N/A;N/A;N/A;N/A;N/A;N/A;N/A;N/A;N/A;N/A;N/A;N/A;N/A;N/A;N/A;N/A;N/A;N/A;N/A;N/A;N/A;N/A;N/A;N/A;N/A;N/A;N/A;N/A;N/A;N/A;N/A;N/A;N/A;N/A;N/A;N/A;N/A;N/A;N/A;N/A;N/A;N/A;N/A;N/A;N/A;N/A;N/A;N/A;N/A;N/A;N/A;N/A;N/A;N/A;N/A;N/A;N/A;N/A;N/A;N/A;N/A;N/A;N/A;N/A;N/A;5;1.4;Nafta;Manual;Hatchback;"Autos y camionetas";N/A;N/A;N/A;N/A;N/A;N/A;N/A;N/A;N/A;N/A;N/A;N/A;N/A;N/A;N/A;N/A;N/A;N/A;N/A;N/A;N/A;N/A;N/A;N/A;N/A;N/A;N/A;N/A;N/A;N/A;N/A;N/A;N/A;N/A;N/A;N/A;N/A;N/A;N/A;N/A;N/A;N/A;N/A;N/A;N/A;N/A;N/A;N/A;N/A;N/A;N/A;N/A;N/A;N/A;N/A;N/A;N/A;N/A;N/A;N/A;N/A;N/A;N/A;N/A;N/A;N/A;N/A;N/A;N/A;N/A;N/A;N/A;N/A;N/A;N/A;N/A;N/A;N/A;N/A;N/A;N/A;N/A;N/A;N/A;N/A;N/A;N/A;N/A;N/A;N/A;N/A;N/A;N/A;N/A;N/A;N/A;N/A;N/A;N/A;N/A;N/A;N/A;N/A;N/A;N/A;N/A;N/A;N/A;N/A;N/A;N/A;N/A;N/A;N/A;N/A;N/A;N/A;N/A;N/A;N/A;N/A;N/A
Hyundai;Creta;"1.6 Limited Premium";2021;"70100 km";;GRAVINAVALERIA20220427130802;22600;;;;;Pocitos;https://auto.mercadolibre.com.uy/MLU-703852058-hyundai-creta-16-limited-premium-_JM;N/A;;"Hyundai Creta 1.6 Limited Premium";usd;Sí;gold_premium;false;N/A;N/A;http://perfil.mercadolibre.com.uy/GRAVINAVALERIA20220427130802;active;N/A;N/A;Usado;Plateado;N/A;Eléctrica;4x2;N/A;N/A;Sí;N/A;N/A;N/A;N/A;N/A;N/A;N/A;N/A;N/A;N/A;N/A;N/A;N/A;N/A;N/A;N/A;N/A;N/A;N/A;N/A;N/A;N/A;"2590 mm";"1.6 L";"58 L";5;N/A;N/A;N/A;N/A;N/A;N/A;N/A;N/A;N/A;N/A;N/A;N/A;N/A;N/A;N/A;N/A;N/A;N/A;N/A;N/A;N/A;N/A;N/A;N/A;N/A;N/A;N/A;N/A;N/A;N/A;N/A;N/A;N/A;Sí;Sí;N/A;N/A;N/A;N/A;N/A;N/A;N/A;N/A;N/A;N/A;"1635 mm";"4440 mm";N/A;N/A;N/A;N/A;5;"163 hp";"Limited Premium";N/A;4;"1898 mm";N/A;N/A;N/A;N/A;Sí;N/A;N/A;Sí;N/A;N/A;N/A;N/A;N/A;N/A;N/A;N/A;N/A;N/A;5;1.6;Nafta;Manual;SUV;"Autos y camionetas";N/A;N/A;N/A;N/A;N/A;N/A;UY;N/A;N/A;N/A;N/A;N/A;N/A;N/A;N/A;N/A;N/A;N/A;N/A;N/A;N/A;N/A;N/A;N/A;N/A;N/A;N/A;N/A;N/A;N/A;N/A;N/A;N/A;N/A;N/A;N/A;N/A;N/A;N/A;N/A;N/A;N/A;N/A;N/A;N/A;N/A;N/A;N/A;N/A;N/A;N/A;N/A;N/A;N/A;N/A;N/A;N/A;N/A;N/A;N/A;N/A;N/A;N/A;N/A;N/A;N/A;N/A;N/A;N/A;N/A;N/A;N/A;N/A;N/A;N/A;N/A;N/A;N/A;N/A;N/A;N/A;N/A;N/A;N/A;N/A;N/A;N/A;N/A;N/A;N/A;N/A;N/A;N/A;N/A;N/A;N/A;N/A;N/A;N/A;N/A;N/A;N/A;N/A;N/A;N/A;N/A;N/A;N/A;N/A;N/A;N/A;N/A;Sí;N/A;N/A;N/A;N/A;N/A;N/A;Sí;N/A;N/A
Hyundai;HB20;"1.6 Premium 5p";2022;"67864 km";;LUMA7749221;18500;;;;;"Parque Rodó";https://auto.mercadolibre.com.uy/MLU-647375747-hyundai-hb20-16-premium-5p-_JM;N/A;;"Hyundai Hb20 1.6 Premium 5p";usd;Sí;gold_premium;false;N/A;N/A;http://perfil.mercadolibre.com.uy/LUMA7749221;active;N/A;N/A;Usado;Rojo;Sí;Hidráulica;Delantera;Sí;Sí;Sí;N/A;N/A;N/A;N/A;N/A;N/A;N/A;N/A;N/A;Sí;N/A;Sí;N/A;N/A;N/A;N/A;N/A;N/A;N/A;N/A;N/A;N/A;"2500 mm";"1.6 L";"50 L";6;N/A;N/A;N/A;N/A;N/A;Sí;N/A;N/A;N/A;N/A;N/A;N/A;N/A;N/A;N/A;N/A;N/A;N/A;N/A;N/A;N/A;N/A;N/A;N/A;N/A;N/A;N/A;N/A;N/A;No;N/A;N/A;N/A;Sí;Sí;N/A;N/A;N/A;N/A;N/A;N/A;N/A;N/A;N/A;N/A;"1470 mm";"3920 mm";N/A;N/A;N/A;N/A;5;"123 hp";Premium;N/A;4;"1680 mm";N/A;No;N/A;N/A;Sí;N/A;N/A;Sí;Sí;N/A;N/A;"13.8 km/l";N/A;N/A;N/A;N/A;N/A;N/A;5;1.6;Nafta;Manual;Hatchback;"Autos y camionetas";No;N/A;N/A;N/A;No;N/A;UY;N/A;No;N/A;No;N/A;N/A;N/A;N/A;N/A;N/A;N/A;N/A;N/A;N/A;N/A;N/A;N/A;Sí;N/A;N/A;N/A;N/A;N/A;N/A;N/A;N/A;N/A;N/A;N/A;N/A;N/A;N/A;N/A;N/A;N/A;N/A;N/A;N/A;N/A;N/A;N/A;N/A;N/A;N/A;N/A;N/A;N/A;N/A;N/A;N/A;N/A;N/A;N/A;N/A;N/A;No;N/A;N/A;N/A;N/A;N/A;N/A;N/A;N/A;N/A;N/A;N/A;N/A;N/A;N/A;N/A;N/A;N/A;N/A;N/A;N/A;N/A;N/A;N/A;N/A;N/A;N/A;N/A;N/A;N/A;N/A;N/A;N/A;N/A;Sí;No;N/A;N/A;Sí;N/A;N/A;N/A;N/A;Sí;N/A;N/A;Sí;N/A;N/A;N/A;Sí;N/A;Sí;Sí;Sí;No;N/A;Sí;N/A;Sí
Hyundai;Accent;Full;2010;"178510 km";;"CARPER USADOS";8990;;;;;"Jacinto Vera";https://auto.mercadolibre.com.uy/MLU-645800351-hyundai-accent-14-c29725-_JM;N/A;;"Hyundai Accent 1.4 C/29725";USD;Sí;gold_premium;false;N/A;N/A;http://perfil.mercadolibre.com.uy/CARPER+USADOS;active;N/A;N/A;Usado;Negro;N/A;Hidráulica;N/A;N/A;N/A;N/A;N/A;N/A;N/A;N/A;N/A;N/A;N/A;N/A;N/A;N/A;N/A;N/A;N/A;N/A;N/A;N/A;N/A;N/A;N/A;N/A;N/A;N/A;N/A;N/A;N/A;N/A;N/A;N/A;N/A;N/A;N/A;N/A;N/A;N/A;N/A;N/A;N/A;N/A;N/A;N/A;N/A;N/A;N/A;N/A;N/A;N/A;N/A;N/A;N/A;N/A;N/A;N/A;N/A;N/A;N/A;N/A;N/A;N/A;N/A;N/A;N/A;N/A;N/A;N/A;N/A;N/A;N/A;N/A;N/A;N/A;N/A;N/A;N/A;N/A;N/A;N/A;N/A;N/A;N/A;N/A;N/A;N/A;N/A;N/A;N/A;N/A;N/A;N/A;N/A;N/A;N/A;N/A;N/A;N/A;N/A;N/A;N/A;N/A;N/A;N/A;N/A;5;1400;Nafta;Manual;Hatchback;"Autos y camionetas";N/A;N/A;N/A;N/A;N/A;N/A;N/A;N/A;Sí;N/A;N/A;N/A;N/A;N/A;N/A;N/A;N/A;N/A;N/A;N/A;N/A;N/A;N/A;N/A;N/A;N/A;N/A;N/A;N/A;N/A;N/A;N/A;N/A;N/A;N/A;N/A;N/A;N/A;N/A;N/A;N/A;N/A;N/A;N/A;N/A;N/A;N/A;N/A;N/A;N/A;N/A;N/A;N/A;N/A;N/A;N/A;N/A;N/A;N/A;N/A;N/A;N/A;N/A;N/A;N/A;N/A;N/A;N/A;N/A;N/A;N/A;N/A;N/A;N/A;N/A;N/A;N/A;N/A;N/A;N/A;N/A;N/A;N/A;N/A;N/A;N/A;N/A;N/A;N/A;N/A;N/A;N/A;N/A;N/A;N/A;N/A;N/A;N/A;N/A;N/A;N/A;N/A;N/A;N/A;N/A;N/A;N/A;N/A;N/A;N/A;N/A;N/A;N/A;N/A;N/A;N/A;N/A;N/A;N/A;N/A;N/A;N/A
Hyundai;HB20;"1.6 Unique 5p";2022;"34730 km";;CARPER.;22990;;;;;"Jacinto Vera";https://auto.mercadolibre.com.uy/MLU-695646936-hyundai-new-hb20-x-cross-16-c65138-_JM;N/A;;"Hyundai New Hb20 X Cross 1.6 C/65138";usd;Sí;gold_premium;false;N/A;N/A;http://perfil.mercadolibre.com.uy/CARPER.;active;N/A;N/A;Usado;Blanco;Sí;Hidráulica;Delantera;Sí;N/A;Sí;N/A;N/A;N/A;N/A;N/A;N/A;N/A;N/A;N/A;N/A;N/A;N/A;N/A;N/A;N/A;N/A;N/A;N/A;N/A;N/A;N/A;N/A;"2500 mm";"1.6 L";"50 L";6;N/A;N/A;N/A;N/A;N/A;N/A;N/A;N/A;N/A;N/A;N/A;N/A;N/A;N/A;N/A;N/A;N/A;N/A;N/A;N/A;N/A;N/A;N/A;N/A;N/A;N/A;N/A;N/A;N/A;N/A;N/A;N/A;N/A;Sí;Sí;N/A;N/A;N/A;N/A;N/A;N/A;N/A;N/A;N/A;N/A;"1470 mm";"3920 mm";N/A;N/A;N/A;N/A;5;"123 hp";Unique;N/A;4;"1680 mm";N/A;N/A;N/A;N/A;Sí;N/A;N/A;Sí;Sí;N/A;N/A;"13.8 km/l";N/A;N/A;N/A;N/A;N/A;N/A;5;1.6;Nafta;Manual;Hatchback;"Autos y camionetas";N/A;N/A;N/A;N/A;N/A;N/A;UY;N/A;Sí;N/A;N/A;N/A;N/A;N/A;N/A;N/A;N/A;N/A;N/A;N/A;N/A;N/A;N/A;N/A;N/A;N/A;N/A;N/A;N/A;N/A;N/A;N/A;N/A;N/A;N/A;N/A;N/A;N/A;N/A;N/A;N/A;N/A;N/A;N/A;N/A;N/A;N/A;N/A;N/A;N/A;N/A;N/A;N/A;N/A;N/A;N/A;N/A;N/A;N/A;N/A;N/A;N/A;N/A;N/A;N/A;N/A;N/A;N/A;N/A;N/A;N/A;N/A;N/A;N/A;N/A;N/A;N/A;N/A;N/A;N/A;N/A;N/A;N/A;N/A;N/A;N/A;N/A;N/A;N/A;N/A;N/A;N/A;N/A;N/A;N/A;N/A;N/A;N/A;N/A;N/A;N/A;N/A;N/A;N/A;N/A;N/A;N/A;N/A;N/A;N/A;N/A;N/A;Sí;N/A;N/A;N/A;Sí;N/A;N/A;Sí;N/A;Sí
Hyundai;Ioniq;"1.6 Gdi Hibrido At 5p";2018;"80427 km";;CARPERUSADOS;23590;;;;;"La Blanqueada";https://auto.mercadolibre.com.uy/MLU-645868345-hyundai-ionic-hynrid-at-c64961-_JM;N/A;;"Hyundai Ionic Hynrid At C/64961";usd;Sí;gold_premium;false;N/A;N/A;http://perfil.mercadolibre.com.uy/CARPERUSADOS;active;N/A;N/A;Usado;Blanco;N/A;Hidráulica;Delantera;Sí;N/A;N/A;N/A;N/A;N/A;N/A;N/A;N/A;N/A;N/A;N/A;N/A;N/A;N/A;N/A;N/A;N/A;N/A;N/A;N/A;N/A;N/A;N/A;N/A;"2440 mm";"1.6 L";"45 L";5;N/A;N/A;N/A;N/A;N/A;N/A;N/A;N/A;N/A;N/A;N/A;N/A;N/A;N/A;N/A;N/A;N/A;N/A;N/A;N/A;N/A;N/A;N/A;N/A;N/A;N/A;N/A;N/A;N/A;N/A;N/A;N/A;N/A;N/A;N/A;N/A;N/A;N/A;N/A;N/A;N/A;N/A;N/A;N/A;N/A;"1395 mm";"4235 mm";N/A;N/A;N/A;N/A;5;"92 hp";N/A;N/A;3;"1670 mm";"7.2 km/l";N/A;N/A;N/A;N/A;N/A;N/A;N/A;N/A;N/A;N/A;"4.5 km/l";N/A;N/A;N/A;N/A;N/A;N/A;5;1.6;Híbrido;Automática;Hatchback;"Autos y camionetas";N/A;N/A;N/A;N/A;N/A;N/A;UY;N/A;Sí;N/A;N/A;N/A;N/A;N/A;N/A;N/A;N/A;N/A;N/A;N/A;N/A;N/A;N/A;N/A;N/A;N/A;N/A;N/A;N/A;N/A;N/A;N/A;N/A;N/A;N/A;N/A;N/A;N/A;N/A;N/A;N/A;N/A;N/A;N/A;N/A;N/A;N/A;N/A;N/A;N/A;N/A;N/A;N/A;N/A;N/A;N/A;N/A;N/A;N/A;N/A;N/A;N/A;N/A;N/A;N/A;N/A;N/A;N/A;N/A;N/A;N/A;N/A;N/A;N/A;N/A;N/A;N/A;N/A;N/A;N/A;N/A;N/A;N/A;N/A;N/A;N/A;N/A;N/A;N/A;N/A;N/A;N/A;N/A;N/A;N/A;N/A;Sí;N/A;N/A;N/A;N/A;N/A;N/A;N/A;N/A;N/A;N/A;N/A;N/A;N/A;N/A;N/A;N/A;N/A;N/A;N/A;N/A;N/A;N/A;N/A;N/A;N/A
Hyundai;Creta;"1.6 Gl";2017;"123000 km";;BLDA14783;16500;;;;;Cordón;https://auto.mercadolibre.com.uy/MLU-704256896-hyundai-creta-16-gl-_JM;N/A;;"Hyundai Creta 1.6 Gl";usd;Sí;gold_premium;false;N/A;N/A;http://perfil.mercadolibre.com.uy/BLDA14783;active;N/A;N/A;Usado;Rojo;N/A;Eléctrica;4x2;N/A;N/A;Sí;N/A;N/A;N/A;N/A;N/A;N/A;N/A;N/A;N/A;N/A;N/A;N/A;N/A;N/A;N/A;N/A;N/A;N/A;N/A;N/A;N/A;N/A;"2590 mm";"1.6 L";"58 L";5;N/A;N/A;N/A;N/A;Sí;N/A;N/A;N/A;N/A;N/A;N/A;N/A;N/A;N/A;N/A;N/A;N/A;N/A;N/A;N/A;N/A;N/A;N/A;N/A;N/A;N/A;N/A;N/A;N/A;N/A;N/A;Sí;Sí;Sí;Sí;N/A;N/A;N/A;N/A;N/A;N/A;N/A;N/A;N/A;N/A;"1635 mm";"4440 mm";N/A;N/A;N/A;N/A;5;"163 hp";Gl;N/A;4;"1898 mm";N/A;No;N/A;N/A;Sí;N/A;Sí;Sí;N/A;N/A;N/A;N/A;N/A;N/A;N/A;N/A;N/A;N/A;5;1.6;Nafta;Manual;SUV;"Autos y camionetas";N/A;N/A;N/A;N/A;N/A;N/A;UY;N/A;N/A;N/A;N/A;N/A;N/A;N/A;N/A;N/A;N/A;N/A;N/A;N/A;N/A;N/A;N/A;N/A;N/A;N/A;N/A;N/A;N/A;N/A;N/A;N/A;N/A;N/A;N/A;N/A;N/A;N/A;N/A;N/A;N/A;N/A;N/A;N/A;N/A;N/A;N/A;N/A;N/A;N/A;N/A;N/A;N/A;N/A;N/A;N/A;N/A;N/A;N/A;N/A;N/A;N/A;N/A;N/A;N/A;N/A;N/A;N/A;N/A;N/A;N/A;N/A;N/A;N/A;N/A;N/A;N/A;N/A;N/A;N/A;N/A;N/A;N/A;N/A;N/A;N/A;N/A;N/A;N/A;N/A;N/A;N/A;N/A;N/A;N/A;N/A;Sí;Sí;Sí;N/A;N/A;N/A;N/A;Sí;N/A;Sí;N/A;N/A;N/A;N/A;N/A;Sí;Sí;N/A;N/A;N/A;N/A;N/A;N/A;Sí;N/A;N/A
Hyundai;H1;"2.5 Premium 1 170cv";2017;"400000 km";;MATIASABELLA1;24900;;;;;Malvin;https://auto.mercadolibre.com.uy/MLU-646823971-hyundai-h1-25-premium-1-170cv-_JM;N/A;;"Hyundai H1 2.5 Premium 1 170cv";usd;Sí;gold_premium;false;N/A;N/A;http://perfil.mercadolibre.com.uy/MATIASABELLA1;active;N/A;N/A;Usado;Blanco;No;Hidráulica;Trasera;Sí;Sí;Sí;N/A;N/A;Sí;N/A;N/A;No;N/A;N/A;No;Sí;N/A;Sí;N/A;N/A;N/A;N/A;N/A;N/A;N/A;N/A;N/A;N/A;"3201 mm";"2.5 L";"75 L";6;N/A;N/A;N/A;N/A;N/A;Sí;N/A;N/A;N/A;N/A;N/A;N/A;N/A;N/A;N/A;N/A;N/A;N/A;N/A;N/A;N/A;N/A;N/A;N/A;N/A;N/A;N/A;N/A;N/A;No;N/A;Sí;N/A;N/A;N/A;N/A;N/A;N/A;N/A;N/A;N/A;Sí;N/A;N/A;N/A;"1925 mm";"5125 mm";N/A;N/A;N/A;N/A;12;"170 hp";Premium;N/A;4;"1920 mm";"10.9 km/l";No;N/A;Sí;Sí;N/A;Sí;Sí;N/A;No;Sí;"7.1 km/l";No;Sí;N/A;N/A;Sí;N/A;4;2.5;Diésel;Manual;SUV;"Autos y camionetas";No;N/A;N/A;N/A;No;N/A;UY;N/A;Sí;N/A;No;N/A;N/A;N/A;N/A;N/A;N/A;N/A;N/A;N/A;N/A;N/A;N/A;N/A;No;N/A;N/A;N/A;N/A;N/A;N/A;N/A;N/A;N/A;N/A;N/A;N/A;N/A;N/A;N/A;N/A;N/A;N/A;No;N/A;N/A;N/A;N/A;N/A;N/A;N/A;N/A;N/A;N/A;N/A;N/A;N/A;N/A;N/A;N/A;N/A;Sí;Sí;N/A;N/A;N/A;N/A;N/A;N/A;N/A;N/A;N/A;N/A;N/A;N/A;N/A;N/A;N/A;N/A;N/A;N/A;N/A;N/A;N/A;N/A;N/A;N/A;N/A;N/A;N/A;N/A;N/A;N/A;N/A;N/A;No;Sí;Sí;Sí;N/A;Sí;Sí;N/A;N/A;N/A;Sí;No;Sí;Sí;Sí;N/A;Sí;Sí;Sí;Sí;Sí;Sí;Sí;No;Sí;N/A;Sí
Hyundai;HB20;"1.6 Comfort Plus 5p";2018;"112000 km";;ACALVO2408;13000;;;;;Buceo;https://auto.mercadolibre.com.uy/MLU-702280610-hyundai-hb20-16-comfort-plus-_JM;N/A;;"Hyundai Hb20 1.6 Comfort Plus";usd;Sí;gold_premium;false;N/A;N/A;http://perfil.mercadolibre.com.uy/ACALVO2408;active;N/A;N/A;Usado;Dorado;N/A;Hidráulica;Delantera;Sí;N/A;Sí;N/A;N/A;N/A;N/A;N/A;N/A;N/A;N/A;N/A;N/A;N/A;N/A;N/A;N/A;N/A;N/A;N/A;N/A;N/A;N/A;N/A;N/A;"2500 mm";"1.6 L";"50 L";6;N/A;N/A;N/A;N/A;N/A;N/A;N/A;N/A;N/A;N/A;N/A;N/A;N/A;N/A;N/A;N/A;N/A;N/A;N/A;N/A;N/A;N/A;N/A;N/A;N/A;N/A;N/A;N/A;N/A;N/A;N/A;N/A;N/A;Sí;Sí;N/A;N/A;N/A;N/A;N/A;N/A;N/A;N/A;N/A;N/A;"1470 mm";"3920 mm";N/A;N/A;N/A;N/A;5;"122 hp";"Comfort Plus";N/A;4;"1680 mm";N/A;N/A;N/A;N/A;Sí;N/A;N/A;Sí;Sí;N/A;N/A;"13.8 km/l";N/A;N/A;N/A;N/A;N/A;"L a S de 10:00 a 20:00";5;1.6;Nafta;Manual;Hatchback;"Autos y camionetas";N/A;N/A;N/A;N/A;N/A;N/A;UY;N/A;N/A;N/A;N/A;N/A;N/A;N/A;N/A;N/A;N/A;N/A;N/A;N/A;N/A;N/A;N/A;N/A;N/A;N/A;N/A;N/A;N/A;N/A;N/A;N/A;N/A;N/A;N/A;N/A;N/A;N/A;N/A;N/A;N/A;N/A;N/A;N/A;N/A;N/A;N/A;N/A;N/A;N/A;N/A;N/A;N/A;N/A;N/A;N/A;N/A;N/A;N/A;N/A;N/A;N/A;N/A;N/A;N/A;N/A;N/A;N/A;N/A;N/A;N/A;N/A;N/A;N/A;N/A;N/A;N/A;N/A;N/A;N/A;N/A;N/A;N/A;N/A;N/A;N/A;N/A;N/A;N/A;N/A;N/A;N/A;N/A;N/A;N/A;N/A;N/A;N/A;N/A;N/A;N/A;N/A;N/A;N/A;N/A;N/A;N/A;N/A;N/A;N/A;N/A;N/A;Sí;N/A;N/A;N/A;Sí;N/A;N/A;Sí;N/A;Sí
Hyundai;i10;"1.2 Full";2014;"159900 km";;BANA6136344;9300;;;;;Paysandú;https://auto.mercadolibre.com.uy/MLU-647524577-hyundai-i10-12-full-_JM;N/A;;"Hyundai I10 1.2 Full";usd;Sí;gold_premium;false;N/A;N/A;http://perfil.mercadolibre.com.uy/BANA6136344;active;N/A;N/A;Usado;Plateado;No;Hidráulica;Delantera;Sí;Sí;Sí;N/A;N/A;N/A;N/A;N/A;N/A;N/A;N/A;N/A;Sí;N/A;N/A;N/A;N/A;N/A;N/A;N/A;N/A;N/A;N/A;N/A;N/A;"2385 mm";"1.2 L";"35 L";4;N/A;N/A;N/A;N/A;Sí;N/A;N/A;N/A;N/A;N/A;N/A;N/A;N/A;N/A;N/A;N/A;N/A;N/A;N/A;N/A;N/A;N/A;N/A;N/A;N/A;N/A;N/A;N/A;N/A;N/A;N/A;Sí;N/A;Sí;N/A;N/A;N/A;N/A;N/A;N/A;N/A;Sí;N/A;N/A;N/A;"1540 mm";"3565 mm";N/A;N/A;N/A;N/A;5;"85 hp";Gls;N/A;4;"1660 mm";N/A;N/A;N/A;N/A;Sí;N/A;Sí;N/A;N/A;N/A;N/A;N/A;N/A;N/A;N/A;N/A;N/A;N/A;5;1.2;Nafta;Automática;Hatchback;"Autos y camionetas";N/A;N/A;N/A;N/A;N/A;N/A;UY;N/A;N/A;N/A;N/A;N/A;N/A;N/A;N/A;N/A;N/A;N/A;N/A;N/A;N/A;N/A;N/A;N/A;N/A;N/A;N/A;N/A;N/A;N/A;N/A;N/A;N/A;N/A;N/A;N/A;N/A;N/A;N/A;N/A;N/A;N/A;N/A;N/A;N/A;N/A;N/A;N/A;N/A;N/A;N/A;N/A;N/A;N/A;N/A;N/A;N/A;N/A;N/A;N/A;N/A;N/A;N/A;N/A;N/A;N/A;N/A;N/A;N/A;N/A;N/A;N/A;N/A;N/A;N/A;N/A;N/A;N/A;N/A;N/A;N/A;N/A;N/A;N/A;N/A;N/A;N/A;N/A;N/A;N/A;N/A;N/A;N/A;N/A;N/A;Sí;Sí;Sí;Sí;N/A;N/A;N/A;N/A;N/A;N/A;N/A;N/A;N/A;N/A;Sí;N/A;N/A;N/A;N/A;Sí;Sí;Sí;N/A;N/A;N/A;N/A;Sí
Hyundai;HB20;Sedan;2019;"74000 km";;PERTUS11;14500;;;;;Pocitos;https://auto.mercadolibre.com.uy/MLU-702716674-hyundai-hb20s-_JM;N/A;;"Hyundai Hb20s";USD;Sí;gold_premium;false;N/A;N/A;http://perfil.mercadolibre.com.uy/PERTUS11;active;N/A;N/A;Usado;Gris;Sí;Asistida;Delantera;Sí;Sí;N/A;N/A;N/A;No;N/A;N/A;No;N/A;N/A;No;Sí;N/A;Sí;N/A;N/A;N/A;N/A;N/A;N/A;N/A;N/A;N/A;N/A;N/A;N/A;N/A;N/A;N/A;N/A;N/A;N/A;N/A;No;N/A;N/A;N/A;N/A;N/A;N/A;N/A;N/A;N/A;N/A;N/A;N/A;N/A;N/A;N/A;N/A;N/A;N/A;N/A;N/A;N/A;N/A;N/A;No;N/A;N/A;N/A;N/A;N/A;N/A;N/A;N/A;N/A;N/A;N/A;N/A;N/A;N/A;N/A;N/A;N/A;N/A;N/A;N/A;N/A;N/A;N/A;N/A;N/A;N/A;N/A;N/A;No;N/A;No;Sí;N/A;No;Sí;N/A;No;N/A;N/A;No;Sí;N/A;N/A;No;N/A;4;"1.600 cc";Nafta;Manual;Sedán;"Autos y camionetas";No;N/A;N/A;N/A;No;N/A;N/A;N/A;No;N/A;No;N/A;N/A;N/A;N/A;N/A;N/A;N/A;N/A;N/A;N/A;N/A;N/A;N/A;No;N/A;N/A;N/A;N/A;N/A;N/A;N/A;N/A;N/A;N/A;N/A;N/A;N/A;N/A;N/A;N/A;N/A;N/A;No;N/A;N/A;N/A;N/A;N/A;N/A;N/A;N/A;N/A;N/A;N/A;N/A;N/A;N/A;N/A;N/A;N/A;Sí;Sí;N/A;N/A;N/A;N/A;N/A;N/A;N/A;N/A;N/A;N/A;N/A;N/A;N/A;N/A;N/A;N/A;N/A;N/A;N/A;N/A;N/A;N/A;N/A;N/A;N/A;N/A;N/A;N/A;N/A;N/A;N/A;N/A;No;Sí;Sí;No;N/A;Sí;N/A;N/A;N/A;N/A;Sí;No;Sí;Sí;N/A;N/A;Sí;Sí;Sí;Sí;Sí;Sí;No;No;Sí;N/A;Sí
Hyundai;I30;1.6;2014;"180000 km";;SILE8003744;13500;;;;;"Barros Blancos";https://auto.mercadolibre.com.uy/MLU-701899684-hyundai-i-30-16-gls-_JM;N/A;;"Hyundai I 30 1.6 Gls";USD;Sí;gold_premium;false;N/A;N/A;http://perfil.mercadolibre.com.uy/SILE8003744;active;N/A;N/A;Usado;Gris;No;Asistida;Delantera;N/A;N/A;N/A;N/A;N/A;N/A;N/A;N/A;N/A;N/A;N/A;N/A;N/A;N/A;N/A;N/A;N/A;N/A;N/A;N/A;N/A;N/A;N/A;N/A;N/A;N/A;N/A;N/A;N/A;N/A;N/A;N/A;N/A;N/A;N/A;N/A;N/A;N/A;N/A;N/A;N/A;N/A;N/A;N/A;N/A;N/A;N/A;N/A;N/A;N/A;N/A;N/A;N/A;N/A;N/A;N/A;N/A;N/A;N/A;N/A;N/A;N/A;N/A;N/A;N/A;N/A;N/A;N/A;N/A;N/A;N/A;N/A;N/A;N/A;N/A;N/A;N/A;N/A;N/A;N/A;N/A;N/A;N/A;N/A;N/A;N/A;N/A;No;N/A;N/A;N/A;N/A;Sí;Sí;N/A;N/A;N/A;N/A;N/A;N/A;N/A;N/A;N/A;N/A;5;1.6;Nafta;Manual;Coupé;"Autos y camionetas";N/A;N/A;N/A;N/A;N/A;N/A;N/A;N/A;N/A;N/A;N/A;N/A;N/A;N/A;N/A;N/A;N/A;N/A;N/A;N/A;N/A;N/A;N/A;N/A;N/A;N/A;N/A;N/A;N/A;N/A;N/A;N/A;N/A;N/A;N/A;N/A;N/A;N/A;N/A;N/A;N/A;N/A;N/A;N/A;N/A;N/A;N/A;N/A;N/A;N/A;N/A;N/A;N/A;N/A;N/A;N/A;N/A;N/A;N/A;N/A;N/A;N/A;N/A;N/A;N/A;N/A;N/A;N/A;N/A;N/A;N/A;N/A;N/A;N/A;N/A;N/A;N/A;N/A;N/A;N/A;N/A;N/A;N/A;N/A;N/A;N/A;N/A;N/A;N/A;N/A;N/A;N/A;N/A;N/A;N/A;N/A;Sí;Sí;N/A;N/A;N/A;N/A;N/A;N/A;N/A;Sí;N/A;N/A;N/A;N/A;N/A;N/A;N/A;N/A;N/A;N/A;N/A;N/A;N/A;N/A;N/A;N/A
Hyundai;H1;"2.5 TCI";2014;"140000 km";;ANDREATELLOJAC;22000;;;;;Tacuarembó;https://auto.mercadolibre.com.uy/MLU-704552060-hyundai-h1-25-diesel-_JM;N/A;;"Hyundai H1 2.5 Diésel";USD;Sí;gold_premium;false;N/A;N/A;http://perfil.mercadolibre.com.uy/ANDREATELLOJAC;active;N/A;N/A;Usado;Blanco;No;N/A;N/A;N/A;N/A;N/A;N/A;N/A;N/A;N/A;N/A;N/A;N/A;N/A;N/A;N/A;N/A;N/A;N/A;N/A;N/A;N/A;N/A;N/A;N/A;N/A;N/A;N/A;N/A;N/A;N/A;N/A;N/A;N/A;N/A;N/A;N/A;N/A;N/A;N/A;N/A;N/A;N/A;N/A;N/A;N/A;N/A;N/A;N/A;N/A;N/A;N/A;N/A;N/A;N/A;N/A;N/A;N/A;N/A;N/A;N/A;N/A;N/A;N/A;N/A;N/A;N/A;N/A;N/A;N/A;N/A;N/A;N/A;N/A;N/A;N/A;N/A;N/A;N/A;N/A;N/A;N/A;N/A;N/A;N/A;N/A;N/A;N/A;N/A;N/A;N/A;N/A;N/A;N/A;N/A;N/A;N/A;N/A;N/A;N/A;N/A;N/A;N/A;N/A;N/A;N/A;Disponible;5;2.5;Diésel;Manual;Minivan;"Autos y camionetas";N/A;N/A;N/A;N/A;N/A;N/A;N/A;N/A;N/A;N/A;N/A;N/A;N/A;N/A;N/A;N/A;N/A;N/A;N/A;N/A;N/A;N/A;N/A;N/A;N/A;N/A;N/A;N/A;N/A;N/A;N/A;N/A;N/A;N/A;N/A;N/A;N/A;N/A;N/A;N/A;N/A;N/A;N/A;N/A;N/A;N/A;N/A;N/A;N/A;N/A;N/A;N/A;N/A;N/A;N/A;N/A;N/A;N/A;N/A;N/A;N/A;N/A;Sí;N/A;N/A;N/A;N/A;N/A;N/A;N/A;N/A;N/A;N/A;N/A;N/A;N/A;N/A;N/A;N/A;N/A;N/A;N/A;N/A;N/A;N/A;N/A;N/A;N/A;N/A;N/A;N/A;N/A;N/A;N/A;N/A;N/A;N/A;N/A;N/A;N/A;N/A;N/A;N/A;N/A;N/A;N/A;N/A;N/A;N/A;N/A;N/A;N/A;N/A;N/A;N/A;N/A;N/A;N/A;N/A;N/A;N/A;N/A
Hyundai;"Grand i10";"1.0 Full";2015;"105000 km";;ALEJESKE;10000;;;;;"Tres Cruces";https://auto.mercadolibre.com.uy/MLU-703924104-10-muy-economico-ruedas-nuevas-bloqueo-y-alarma-_JM;N/A;;"1.0 Muy Económico, Ruedas Nuevas, Bloqueo Y Alarma";USD;Sí;gold_premium;false;N/A;N/A;http://perfil.mercadolibre.com.uy/ALEJESKE;active;N/A;N/A;Usado;Azul;No;Hidráulica;Delantera;Sí;Sí;N/A;N/A;N/A;No;N/A;N/A;No;N/A;N/A;No;Sí;N/A;No;N/A;N/A;N/A;N/A;N/A;N/A;N/A;N/A;N/A;N/A;N/A;N/A;N/A;N/A;N/A;N/A;N/A;N/A;N/A;No;N/A;N/A;N/A;N/A;N/A;N/A;N/A;N/A;N/A;N/A;N/A;N/A;N/A;N/A;N/A;N/A;N/A;N/A;N/A;N/A;N/A;N/A;N/A;No;N/A;N/A;N/A;N/A;N/A;N/A;N/A;N/A;N/A;N/A;N/A;N/A;N/A;N/A;N/A;N/A;N/A;N/A;N/A;N/A;N/A;N/A;N/A;N/A;N/A;N/A;N/A;N/A;No;N/A;No;Sí;N/A;Sí;Sí;N/A;No;N/A;N/A;No;N/A;N/A;N/A;Sí;N/A;5;1.0;Nafta;Manual;Hatchback;"Autos y camionetas";Sí;N/A;N/A;N/A;No;N/A;N/A;N/A;No;N/A;No;N/A;N/A;N/A;N/A;N/A;N/A;N/A;N/A;N/A;N/A;N/A;N/A;N/A;No;N/A;N/A;N/A;N/A;N/A;N/A;N/A;N/A;N/A;N/A;N/A;N/A;N/A;N/A;N/A;N/A;N/A;N/A;No;N/A;N/A;N/A;N/A;N/A;N/A;N/A;N/A;N/A;N/A;N/A;N/A;N/A;N/A;N/A;N/A;N/A;No;No;N/A;N/A;N/A;N/A;N/A;N/A;N/A;N/A;N/A;N/A;N/A;N/A;N/A;N/A;N/A;N/A;N/A;N/A;N/A;N/A;N/A;N/A;N/A;N/A;N/A;N/A;N/A;N/A;N/A;N/A;N/A;N/A;No;Sí;Sí;No;N/A;Sí;N/A;N/A;N/A;N/A;Sí;No;Sí;Sí;N/A;N/A;Sí;No;No;Sí;Sí;Sí;Sí;No;No;N/A;No
Hyundai;"Grand i10";"1.0 GL SUPER FULL";2015;"19000 km";;MARTYFER;12800;;;;;Colón;https://auto.mercadolibre.com.uy/MLU-703792214-hyundai-grand-i10-10-gl-super-full-19000km-de-fabrica-_JM;N/A;;"Hyundai Grand I10 1.0 Gl Súper Full 19.000km De Fábrica!";USD;Sí;gold_premium;false;N/A;N/A;http://perfil.mercadolibre.com.uy/MARTYFER;active;N/A;N/A;Usado;Rojo;N/A;Hidráulica;Delantera;Sí;Sí;N/A;N/A;N/A;N/A;N/A;N/A;N/A;N/A;N/A;Sí;Sí;N/A;Sí;N/A;N/A;N/A;N/A;N/A;N/A;N/A;N/A;N/A;N/A;N/A;N/A;N/A;N/A;N/A;N/A;N/A;N/A;N/A;N/A;N/A;N/A;N/A;N/A;N/A;N/A;N/A;N/A;N/A;N/A;N/A;N/A;N/A;N/A;N/A;N/A;N/A;N/A;N/A;N/A;N/A;N/A;N/A;N/A;N/A;N/A;N/A;N/A;N/A;N/A;N/A;N/A;N/A;N/A;N/A;N/A;N/A;N/A;N/A;N/A;N/A;N/A;N/A;N/A;N/A;N/A;N/A;N/A;N/A;N/A;N/A;N/A;N/A;N/A;N/A;Sí;N/A;Sí;Sí;N/A;N/A;N/A;N/A;N/A;N/A;N/A;N/A;N/A;N/A;4;"1.0 3 cilindros";Nafta;Manual;Hatchback;"Autos y camionetas";N/A;N/A;N/A;N/A;N/A;N/A;N/A;N/A;N/A;N/A;N/A;N/A;N/A;N/A;N/A;N/A;N/A;N/A;N/A;N/A;N/A;N/A;N/A;N/A;Sí;N/A;N/A;N/A;N/A;N/A;N/A;N/A;N/A;N/A;N/A;N/A;N/A;N/A;N/A;N/A;N/A;N/A;N/A;N/A;N/A;N/A;N/A;N/A;N/A;N/A;N/A;N/A;N/A;N/A;N/A;N/A;N/A;N/A;N/A;N/A;N/A;N/A;N/A;N/A;N/A;N/A;N/A;N/A;N/A;N/A;N/A;N/A;N/A;N/A;N/A;N/A;N/A;N/A;N/A;N/A;N/A;N/A;N/A;N/A;N/A;N/A;N/A;N/A;N/A;N/A;N/A;N/A;N/A;N/A;N/A;N/A;Sí;Sí;Sí;N/A;Sí;N/A;N/A;N/A;N/A;Sí;N/A;Sí;Sí;N/A;N/A;N/A;N/A;Sí;Sí;Sí;Sí;N/A;N/A;Sí;N/A;Sí
Hyundai;"Santa Fe";"2.4 Seguridad 7as 6at 2wd";2016;"140000 km";;EHFGABCDHACDGFBE;19500;;;;;Malvin;https://auto.mercadolibre.com.uy/MLU-647136007-hyundai-santa-fe-24-seguridad-5as-6at-2wd-_JM;N/A;;"Hyundai Santa Fe 2.4 Seguridad 5as 6at 2wd";usd;No;gold_premium;false;N/A;N/A;http://perfil.mercadolibre.com.uy/EHFGABCDHACDGFBE;active;N/A;N/A;Usado;Gris;Sí;Hidráulica;4x2;Sí;N/A;Sí;N/A;N/A;N/A;N/A;N/A;N/A;N/A;N/A;N/A;N/A;N/A;N/A;N/A;N/A;N/A;N/A;N/A;N/A;N/A;N/A;N/A;N/A;"2700 mm";"2.4 L";"75 L";6;N/A;N/A;N/A;N/A;N/A;N/A;N/A;N/A;N/A;N/A;N/A;N/A;N/A;N/A;N/A;N/A;N/A;N/A;N/A;N/A;N/A;N/A;N/A;N/A;N/A;N/A;N/A;N/A;N/A;Sí;N/A;Sí;N/A;N/A;N/A;N/A;N/A;N/A;N/A;N/A;N/A;Sí;N/A;N/A;N/A;"1795 mm";"4675 mm";N/A;N/A;N/A;N/A;5;"176 hp";N/A;N/A;4;"1890 mm";N/A;N/A;N/A;N/A;N/A;N/A;N/A;N/A;N/A;N/A;Sí;N/A;N/A;N/A;N/A;N/A;N/A;N/A;5;2.4;Nafta;Automática;SUV;"Autos y camionetas";N/A;N/A;N/A;N/A;N/A;N/A;UY;N/A;N/A;N/A;N/A;N/A;N/A;N/A;N/A;N/A;N/A;N/A;N/A;N/A;N/A;N/A;N/A;N/A;N/A;N/A;N/A;N/A;N/A;N/A;N/A;N/A;N/A;N/A;N/A;N/A;N/A;N/A;N/A;N/A;N/A;N/A;N/A;N/A;N/A;N/A;N/A;N/A;N/A;N/A;N/A;N/A;N/A;N/A;N/A;N/A;N/A;N/A;N/A;N/A;N/A;N/A;N/A;N/A;N/A;N/A;N/A;N/A;N/A;N/A;N/A;N/A;N/A;N/A;N/A;N/A;N/A;N/A;N/A;N/A;N/A;N/A;N/A;N/A;N/A;N/A;N/A;N/A;N/A;N/A;N/A;N/A;N/A;N/A;N/A;N/A;Sí;N/A;Sí;N/A;N/A;N/A;N/A;N/A;N/A;Sí;N/A;N/A;N/A;N/A;N/A;N/A;N/A;Sí;N/A;N/A;N/A;N/A;N/A;N/A;N/A;N/A
Hyundai;Creta;"1.0 T-Gdi Safe At";2024;"1 km";;MADADELE;30490;;;;;Malvin;https://auto.mercadolibre.com.uy/MLU-647130125-hyundai-creta-safe-_JM;N/A;;"Hyundai Creta Safe";usd;Sí;gold_premium;false;N/A;N/A;http://perfil.mercadolibre.com.uy/MADADELE;active;N/A;N/A;Usado;Gris;N/A;N/A;4x2;N/A;N/A;N/A;N/A;N/A;N/A;N/A;N/A;N/A;N/A;N/A;N/A;N/A;N/A;N/A;N/A;N/A;N/A;N/A;N/A;N/A;N/A;N/A;N/A;N/A;"2610 mm";"1 L";"50 L";6;N/A;N/A;N/A;N/A;N/A;N/A;N/A;N/A;N/A;N/A;N/A;N/A;N/A;N/A;N/A;N/A;N/A;N/A;N/A;N/A;N/A;N/A;N/A;N/A;N/A;N/A;N/A;N/A;N/A;N/A;N/A;N/A;N/A;N/A;N/A;N/A;N/A;N/A;N/A;N/A;N/A;N/A;N/A;N/A;N/A;"1635 mm";"4290 mm";N/A;N/A;N/A;N/A;5;"120 hp";Safe;N/A;4;"1790 mm";N/A;N/A;N/A;N/A;N/A;N/A;N/A;N/A;N/A;N/A;N/A;N/A;N/A;N/A;N/A;N/A;N/A;N/A;5;1.0;Nafta;Automática;SUV;"Autos y camionetas";N/A;N/A;N/A;N/A;N/A;N/A;UY;N/A;N/A;N/A;N/A;N/A;N/A;N/A;N/A;N/A;N/A;N/A;N/A;N/A;N/A;N/A;N/A;N/A;N/A;N/A;N/A;N/A;N/A;N/A;N/A;N/A;N/A;N/A;N/A;N/A;N/A;N/A;N/A;N/A;N/A;N/A;N/A;N/A;N/A;N/A;N/A;N/A;N/A;N/A;N/A;N/A;N/A;N/A;N/A;N/A;N/A;N/A;N/A;N/A;N/A;N/A;N/A;N/A;N/A;N/A;N/A;N/A;N/A;N/A;N/A;N/A;N/A;N/A;N/A;N/A;N/A;N/A;N/A;N/A;N/A;N/A;N/A;N/A;N/A;N/A;N/A;N/A;N/A;N/A;N/A;N/A;N/A;N/A;N/A;N/A;N/A;N/A;N/A;N/A;N/A;N/A;N/A;N/A;N/A;N/A;N/A;N/A;N/A;N/A;N/A;N/A;N/A;N/A;N/A;N/A;N/A;N/A;N/A;N/A;N/A;N/A
Hyundai;Tucson;"1.6 Tgdi Tct";2017;"252000 km";;CASTROMI70;19500;;;;;Carrasco;https://auto.mercadolibre.com.uy/MLU-702797358-hyundai-tucson-_JM;N/A;;"Hyundai Tucson";usd;Sí;gold_premium;false;N/A;N/A;http://perfil.mercadolibre.com.uy/CASTROMI70;active;N/A;N/A;Usado;Blanco;N/A;Hidráulica;4x2;Sí;N/A;N/A;N/A;N/A;N/A;N/A;N/A;No;N/A;N/A;N/A;Sí;N/A;Sí;N/A;N/A;N/A;N/A;N/A;N/A;N/A;N/A;N/A;N/A;"2670 mm";"1.6 L";"62 L";7;N/A;N/A;N/A;N/A;N/A;Sí;N/A;N/A;N/A;N/A;N/A;N/A;N/A;N/A;N/A;N/A;N/A;N/A;N/A;N/A;N/A;N/A;N/A;N/A;N/A;N/A;N/A;N/A;N/A;N/A;N/A;N/A;N/A;N/A;N/A;N/A;N/A;N/A;N/A;N/A;N/A;N/A;N/A;N/A;N/A;"1660 mm";"4475 mm";N/A;N/A;N/A;N/A;5;"132 hp";N/A;N/A;4;"1850 mm";N/A;N/A;N/A;N/A;Sí;N/A;Sí;N/A;N/A;N/A;N/A;N/A;N/A;Sí;N/A;N/A;Sí;"Todos los dias de 7 a 21";5;1.6;Nafta;Automática;Hatchback;"Autos y camionetas";N/A;N/A;N/A;N/A;N/A;N/A;UY;N/A;N/A;N/A;N/A;N/A;N/A;N/A;N/A;N/A;N/A;N/A;N/A;N/A;N/A;N/A;N/A;N/A;N/A;N/A;N/A;N/A;N/A;N/A;N/A;N/A;N/A;N/A;N/A;N/A;N/A;N/A;N/A;N/A;N/A;N/A;N/A;N/A;N/A;N/A;N/A;N/A;N/A;N/A;N/A;N/A;N/A;N/A;N/A;N/A;N/A;N/A;N/A;N/A;N/A;N/A;N/A;N/A;N/A;N/A;N/A;N/A;N/A;N/A;N/A;N/A;N/A;N/A;N/A;N/A;N/A;N/A;N/A;N/A;N/A;N/A;N/A;N/A;N/A;N/A;N/A;N/A;N/A;N/A;N/A;N/A;N/A;N/A;N/A;N/A;Sí;N/A;Sí;N/A;N/A;N/A;N/A;N/A;N/A;Sí;N/A;N/A;N/A;N/A;N/A;N/A;Sí;N/A;Sí;Sí;Sí;Sí;N/A;N/A;N/A;Sí
Hyundai;H1;"Grand Starex 2.4";2010;"144236 km";;JOSEDUARDOMAYOBRE;12900;;;;;Malvin;https://auto.mercadolibre.com.uy/MLU-701993462-furgon-5-puertas-_JM;N/A;;"Furgón 5 Puertas";USD;Sí;gold_premium;false;N/A;N/A;http://perfil.mercadolibre.com.uy/JOSEDUARDOMAYOBRE;active;N/A;N/A;Usado;Gris;Sí;Hidráulica;Delantera;N/A;N/A;N/A;N/A;N/A;N/A;N/A;N/A;N/A;N/A;N/A;N/A;N/A;N/A;N/A;N/A;N/A;N/A;N/A;N/A;N/A;N/A;N/A;N/A;N/A;N/A;N/A;N/A;N/A;N/A;N/A;N/A;N/A;N/A;N/A;N/A;N/A;N/A;N/A;N/A;N/A;N/A;N/A;N/A;N/A;N/A;N/A;N/A;N/A;N/A;N/A;N/A;N/A;N/A;N/A;N/A;N/A;N/A;N/A;N/A;N/A;N/A;N/A;N/A;N/A;N/A;N/A;N/A;N/A;N/A;N/A;N/A;N/A;N/A;N/A;N/A;N/A;N/A;N/A;N/A;N/A;N/A;N/A;N/A;N/A;N/A;N/A;N/A;N/A;N/A;N/A;N/A;N/A;N/A;N/A;N/A;N/A;N/A;N/A;N/A;N/A;N/A;N/A;N/A;5;2.4;Nafta;Manual;N/A;"Autos y camionetas";N/A;N/A;N/A;N/A;N/A;N/A;N/A;N/A;N/A;N/A;N/A;N/A;N/A;N/A;N/A;N/A;N/A;N/A;N/A;N/A;N/A;N/A;N/A;N/A;N/A;N/A;N/A;N/A;N/A;N/A;N/A;N/A;N/A;N/A;N/A;N/A;N/A;N/A;N/A;N/A;N/A;N/A;N/A;N/A;N/A;N/A;N/A;N/A;N/A;N/A;N/A;N/A;N/A;N/A;N/A;N/A;N/A;N/A;N/A;N/A;N/A;N/A;N/A;N/A;N/A;N/A;N/A;N/A;N/A;N/A;N/A;N/A;N/A;N/A;N/A;N/A;N/A;N/A;N/A;N/A;N/A;N/A;N/A;N/A;N/A;N/A;N/A;N/A;N/A;N/A;N/A;N/A;N/A;N/A;N/A;N/A;N/A;N/A;N/A;N/A;N/A;N/A;N/A;N/A;N/A;N/A;N/A;N/A;N/A;N/A;N/A;N/A;N/A;N/A;N/A;N/A;N/A;N/A;N/A;N/A;N/A;N/A
Hyundai;H1;Furgon;2011;"330000 km";;ELTURCO64;13990;;;;;Aguada;https://auto.mercadolibre.com.uy/MLU-647455807-hyundai-h1-turbo-diesel-25-_JM;N/A;;"Hyundai H1 Turbo Diesel 2.5";USD;Sí;gold_premium;false;N/A;N/A;http://perfil.mercadolibre.com.uy/ELTURCO64;active;N/A;N/A;Usado;Blanco;N/A;Hidráulica;Trasera;N/A;N/A;N/A;N/A;N/A;N/A;N/A;N/A;N/A;N/A;N/A;N/A;N/A;N/A;N/A;N/A;N/A;N/A;N/A;N/A;N/A;N/A;N/A;N/A;N/A;N/A;N/A;N/A;N/A;N/A;N/A;N/A;N/A;N/A;N/A;N/A;N/A;N/A;N/A;N/A;N/A;N/A;N/A;N/A;N/A;N/A;N/A;N/A;N/A;N/A;N/A;N/A;N/A;N/A;N/A;N/A;N/A;N/A;N/A;N/A;N/A;N/A;N/A;N/A;N/A;N/A;N/A;N/A;N/A;N/A;N/A;N/A;N/A;N/A;N/A;N/A;N/A;N/A;N/A;N/A;N/A;N/A;N/A;N/A;N/A;N/A;N/A;No;N/A;N/A;N/A;N/A;No;No;N/A;N/A;N/A;N/A;N/A;N/A;N/A;N/A;N/A;"10 a 23 hs.";2;"2.5 TURBO DIESEL";Diésel;Manual;Furgón;"Autos y camionetas";N/A;N/A;N/A;N/A;N/A;N/A;N/A;N/A;N/A;N/A;N/A;N/A;N/A;N/A;N/A;N/A;N/A;N/A;N/A;N/A;N/A;N/A;N/A;N/A;N/A;N/A;N/A;N/A;N/A;N/A;N/A;N/A;N/A;N/A;N/A;N/A;N/A;N/A;N/A;N/A;N/A;N/A;N/A;N/A;N/A;N/A;N/A;N/A;N/A;N/A;N/A;N/A;N/A;N/A;N/A;N/A;N/A;N/A;N/A;N/A;N/A;N/A;N/A;N/A;N/A;N/A;N/A;N/A;N/A;N/A;N/A;N/A;N/A;N/A;N/A;N/A;N/A;N/A;N/A;N/A;N/A;N/A;N/A;N/A;N/A;N/A;N/A;N/A;N/A;N/A;N/A;N/A;N/A;N/A;N/A;N/A;N/A;N/A;N/A;N/A;N/A;N/A;N/A;N/A;N/A;N/A;N/A;N/A;N/A;N/A;N/A;N/A;N/A;N/A;N/A;N/A;N/A;N/A;N/A;N/A;N/A;N/A
Hyundai;HB20;"1.0 Comfort Mt";2022;"38000 km";;TÙ-MEJOR-COMPRA;12900;;;;;Colón;https://auto.mercadolibre.com.uy/MLU-703262834-hyundai-hb20-10-comfort-mt-_JM;N/A;;"Hyundai Hb20 1.0 Comfort Mt";usd;Sí;gold_premium;false;N/A;N/A;http://perfil.mercadolibre.com.uy/T%C3%99-MEJOR-COMPRA;active;N/A;N/A;Usado;Azul;Sí;Hidráulica;Delantera;Sí;Sí;Sí;N/A;N/A;N/A;N/A;N/A;N/A;N/A;N/A;N/A;Sí;N/A;Sí;N/A;N/A;N/A;N/A;N/A;N/A;N/A;N/A;N/A;N/A;"2500 mm";"1 L";"50 L";6;N/A;N/A;N/A;N/A;N/A;N/A;N/A;N/A;N/A;N/A;N/A;N/A;N/A;N/A;N/A;N/A;N/A;N/A;N/A;N/A;N/A;N/A;N/A;N/A;N/A;N/A;N/A;N/A;N/A;N/A;N/A;N/A;N/A;Sí;Sí;N/A;N/A;N/A;N/A;N/A;N/A;N/A;N/A;N/A;N/A;"1470 mm";"3920 mm";N/A;N/A;N/A;N/A;5;"101 hp";N/A;N/A;4;"1680 mm";N/A;N/A;N/A;N/A;Sí;N/A;Sí;Sí;Sí;N/A;N/A;"13.8 km/l";N/A;N/A;N/A;N/A;Sí;N/A;5;1.0;Nafta;Manual;Hatchback;"Autos y camionetas";N/A;N/A;N/A;N/A;N/A;N/A;UY;N/A;Sí;N/A;N/A;N/A;N/A;N/A;N/A;N/A;N/A;N/A;N/A;N/A;N/A;N/A;N/A;N/A;N/A;N/A;N/A;N/A;N/A;N/A;N/A;N/A;N/A;N/A;N/A;N/A;N/A;N/A;N/A;N/A;N/A;N/A;N/A;N/A;N/A;N/A;N/A;N/A;N/A;N/A;N/A;N/A;N/A;N/A;N/A;N/A;N/A;N/A;N/A;N/A;N/A;N/A;N/A;N/A;N/A;N/A;N/A;N/A;N/A;N/A;N/A;N/A;N/A;N/A;N/A;N/A;N/A;N/A;N/A;N/A;N/A;N/A;N/A;N/A;N/A;N/A;N/A;N/A;N/A;N/A;N/A;N/A;N/A;N/A;N/A;N/A;Sí;N/A;N/A;N/A;Sí;N/A;N/A;N/A;N/A;Sí;N/A;Sí;Sí;N/A;N/A;Sí;Sí;Sí;Sí;Sí;Sí;N/A;N/A;Sí;N/A;Sí
Hyundai;Tucson;1.6;2013;"150000 km";;LOMO9616865;12000;;;;;N/A;https://auto.mercadolibre.com.uy/MLU-704320726-excelente-estado-solo-uso-familiar-vendo-no-permuto-_JM;N/A;;"Excelente Estado. Solo Uso Familiar. Vendo. No Permuto";USD;Sí;gold_premium;false;N/A;N/A;http://perfil.mercadolibre.com.uy/LOMO9616865;active;N/A;N/A;Usado;Gris;Sí;Hidráulica;4x2;N/A;N/A;N/A;N/A;N/A;N/A;N/A;N/A;N/A;N/A;N/A;N/A;N/A;N/A;N/A;N/A;N/A;N/A;N/A;N/A;N/A;N/A;N/A;N/A;N/A;N/A;N/A;N/A;N/A;N/A;N/A;N/A;N/A;N/A;N/A;N/A;N/A;N/A;N/A;N/A;N/A;N/A;N/A;N/A;N/A;N/A;N/A;N/A;N/A;N/A;N/A;N/A;N/A;N/A;N/A;N/A;N/A;N/A;N/A;N/A;N/A;N/A;N/A;N/A;N/A;N/A;N/A;N/A;N/A;N/A;N/A;N/A;N/A;N/A;N/A;N/A;N/A;N/A;N/A;N/A;N/A;N/A;N/A;N/A;N/A;N/A;N/A;No;N/A;N/A;N/A;N/A;Sí;No;N/A;N/A;N/A;N/A;N/A;N/A;N/A;N/A;N/A;"8 a 12. 15 a 21. Solo mensajes";5;1.6;Nafta;Manual;Rural;"Autos y camionetas";N/A;N/A;N/A;N/A;N/A;N/A;N/A;N/A;N/A;N/A;N/A;N/A;N/A;N/A;N/A;N/A;N/A;N/A;N/A;N/A;N/A;N/A;N/A;N/A;N/A;N/A;N/A;N/A;N/A;N/A;N/A;N/A;N/A;N/A;N/A;N/A;N/A;N/A;N/A;N/A;N/A;N/A;N/A;N/A;N/A;N/A;N/A;N/A;N/A;N/A;N/A;N/A;N/A;N/A;N/A;N/A;N/A;N/A;N/A;N/A;N/A;N/A;N/A;N/A;N/A;N/A;N/A;N/A;N/A;N/A;N/A;N/A;N/A;N/A;N/A;N/A;N/A;N/A;N/A;N/A;N/A;N/A;N/A;N/A;N/A;N/A;N/A;N/A;N/A;N/A;N/A;N/A;N/A;N/A;N/A;N/A;N/A;N/A;N/A;N/A;N/A;N/A;N/A;N/A;N/A;N/A;N/A;N/A;N/A;N/A;N/A;N/A;N/A;N/A;N/A;N/A;N/A;N/A;N/A;N/A;N/A;N/A
Hyundai;H100;"Camioneta utilitaria gasoil";1999;"111111 km";;IVIS_023;7900;;;;;Maldonado;https://auto.mercadolibre.com.uy/MLU-704152408-camioneta-h-100-al-dia-180-c-mas-aprox-1500-kg-de-carga-_JM;N/A;;"Camioneta H 100. Al Día.  180 C Más Aprox. 1500 Kg De Carga";USD;No;gold_premium;false;N/A;N/A;http://perfil.mercadolibre.com.uy/IVIS_023;active;N/A;N/A;Usado;Blanco;No;Asistida;Trasera;N/A;N/A;N/A;N/A;N/A;N/A;N/A;N/A;N/A;N/A;N/A;N/A;N/A;N/A;N/A;N/A;N/A;N/A;N/A;N/A;N/A;N/A;N/A;N/A;N/A;N/A;N/A;N/A;N/A;N/A;N/A;N/A;N/A;N/A;N/A;N/A;N/A;N/A;N/A;N/A;N/A;N/A;N/A;N/A;N/A;N/A;N/A;N/A;N/A;N/A;N/A;N/A;N/A;N/A;N/A;N/A;N/A;N/A;N/A;N/A;N/A;N/A;N/A;N/A;N/A;N/A;N/A;N/A;N/A;N/A;N/A;N/A;N/A;N/A;N/A;N/A;N/A;N/A;N/A;N/A;N/A;N/A;N/A;N/A;N/A;N/A;N/A;N/A;N/A;N/A;N/A;N/A;N/A;N/A;N/A;N/A;N/A;N/A;N/A;N/A;N/A;N/A;N/A;"9 a 18";2;2.0;Diésel;Manual;"Light Truck";"Autos y camionetas";N/A;N/A;N/A;N/A;N/A;N/A;N/A;N/A;N/A;N/A;N/A;N/A;N/A;N/A;N/A;N/A;N/A;N/A;N/A;N/A;N/A;N/A;N/A;N/A;N/A;N/A;N/A;N/A;N/A;N/A;N/A;N/A;N/A;N/A;N/A;N/A;N/A;N/A;N/A;N/A;N/A;N/A;N/A;N/A;N/A;N/A;N/A;N/A;N/A;N/A;N/A;N/A;N/A;N/A;N/A;N/A;N/A;N/A;N/A;N/A;N/A;N/A;N/A;N/A;N/A;N/A;N/A;N/A;N/A;N/A;N/A;N/A;N/A;N/A;N/A;N/A;N/A;N/A;N/A;N/A;N/A;N/A;N/A;N/A;N/A;N/A;N/A;N/A;N/A;N/A;N/A;N/A;N/A;N/A;N/A;N/A;N/A;N/A;N/A;N/A;N/A;N/A;N/A;N/A;N/A;N/A;N/A;N/A;N/A;N/A;N/A;N/A;N/A;N/A;N/A;N/A;N/A;N/A;N/A;N/A;N/A;N/A
Hyundai;HB20;"1.0 Premium Mt";2021;"33200 km";;JAVIER258731;16500;;;;;"Jacinto Vera";https://auto.mercadolibre.com.uy/MLU-647562521-hyundai-hb20-10-premium-mt-_JM;N/A;;"Hyundai Hb20 1.0 Premium Mt";usd;Sí;gold_premium;false;N/A;N/A;http://perfil.mercadolibre.com.uy/JAVIER258731;active;N/A;N/A;Usado;Blanco;Sí;Hidráulica;Delantera;Sí;Sí;Sí;N/A;N/A;No;N/A;N/A;No;N/A;N/A;Sí;Sí;N/A;Sí;N/A;N/A;N/A;N/A;N/A;N/A;N/A;N/A;N/A;N/A;"2500 mm";"1 L";"50 L";6;N/A;N/A;N/A;N/A;N/A;No;N/A;N/A;N/A;N/A;N/A;N/A;N/A;N/A;N/A;N/A;N/A;N/A;N/A;N/A;N/A;N/A;N/A;N/A;N/A;N/A;N/A;N/A;N/A;No;N/A;N/A;N/A;Sí;Sí;N/A;N/A;N/A;N/A;N/A;N/A;N/A;N/A;N/A;N/A;"1470 mm";"3920 mm";N/A;N/A;N/A;N/A;5;"80 hp";N/A;N/A;4;"1680 mm";N/A;N/A;N/A;No;Sí;N/A;Sí;Sí;Sí;No;N/A;"13.8 km/l";Sí;No;N/A;N/A;Sí;N/A;5;1.0;Nafta;Manual;Hatchback;"Autos y camionetas";N/A;N/A;N/A;N/A;N/A;N/A;UY;N/A;No;N/A;N/A;N/A;N/A;N/A;N/A;N/A;N/A;N/A;N/A;N/A;N/A;N/A;N/A;N/A;Sí;N/A;N/A;N/A;N/A;N/A;N/A;N/A;N/A;N/A;N/A;N/A;N/A;N/A;N/A;N/A;N/A;N/A;N/A;N/A;N/A;N/A;N/A;N/A;N/A;N/A;N/A;N/A;N/A;N/A;N/A;N/A;N/A;N/A;N/A;N/A;N/A;N/A;N/A;N/A;N/A;N/A;N/A;N/A;N/A;N/A;N/A;N/A;N/A;N/A;N/A;N/A;N/A;N/A;N/A;N/A;N/A;N/A;N/A;N/A;N/A;N/A;N/A;N/A;N/A;N/A;N/A;N/A;N/A;N/A;N/A;No;Sí;No;Sí;N/A;Sí;N/A;N/A;N/A;N/A;Sí;No;No;Sí;N/A;N/A;Sí;Sí;Sí;Sí;Sí;Sí;No;No;Sí;N/A;Sí
Hyundai;HB20;"1.6 Comfort Plus 5p";2017;"106000 km";;CAR2616;13500;;;;;Aguada;https://auto.mercadolibre.com.uy/MLU-647159549-hyundai-hb20-16-comfort-plus-5p-_JM;N/A;;"Hyundai Hb20 1.6 Comfort Plus 5p";usd;Sí;gold_premium;false;N/A;N/A;http://perfil.mercadolibre.com.uy/CAR2616;active;N/A;N/A;Usado;Gris;N/A;Hidráulica;Delantera;Sí;N/A;Sí;N/A;N/A;N/A;N/A;N/A;N/A;N/A;N/A;N/A;Sí;N/A;N/A;N/A;N/A;N/A;N/A;N/A;N/A;N/A;N/A;N/A;N/A;"2500 mm";"1.6 L";"50 L";6;N/A;N/A;N/A;N/A;N/A;N/A;N/A;N/A;N/A;N/A;N/A;N/A;N/A;N/A;N/A;N/A;N/A;N/A;N/A;N/A;N/A;N/A;N/A;N/A;N/A;N/A;N/A;N/A;N/A;N/A;N/A;N/A;N/A;Sí;Sí;N/A;N/A;N/A;N/A;N/A;N/A;N/A;N/A;N/A;N/A;"1470 mm";"3920 mm";N/A;N/A;N/A;N/A;5;"122 hp";"Comfort Plus";N/A;4;"1680 mm";N/A;N/A;N/A;N/A;Sí;N/A;Sí;Sí;Sí;N/A;N/A;"13.8 km/l";N/A;N/A;N/A;N/A;Sí;N/A;5;1.6;Nafta;Manual;Hatchback;"Autos y camionetas";N/A;N/A;N/A;N/A;N/A;N/A;UY;N/A;N/A;N/A;N/A;N/A;N/A;N/A;N/A;N/A;N/A;N/A;N/A;N/A;N/A;N/A;N/A;N/A;N/A;N/A;N/A;N/A;N/A;N/A;N/A;N/A;N/A;N/A;N/A;N/A;N/A;N/A;N/A;N/A;N/A;N/A;N/A;N/A;N/A;N/A;N/A;N/A;N/A;N/A;N/A;N/A;N/A;N/A;N/A;N/A;N/A;N/A;N/A;N/A;N/A;N/A;N/A;N/A;N/A;N/A;N/A;N/A;N/A;N/A;N/A;N/A;N/A;N/A;N/A;N/A;N/A;N/A;N/A;N/A;N/A;N/A;N/A;N/A;N/A;N/A;N/A;N/A;N/A;N/A;N/A;N/A;N/A;N/A;N/A;N/A;Sí;Sí;N/A;N/A;Sí;N/A;N/A;N/A;N/A;Sí;N/A;N/A;Sí;N/A;N/A;N/A;Sí;N/A;Sí;Sí;Sí;N/A;N/A;Sí;N/A;Sí
Hyundai;Veloster;"1.6 130cv At";2012;"91000 km";;GASLAMA319;18500;;;;;Pocitos;https://auto.mercadolibre.com.uy/MLU-702678762-hyundai-veloster-_JM;N/A;;"Hyundai Veloster";usd;Sí;gold_premium;false;N/A;N/A;http://perfil.mercadolibre.com.uy/GASLAMA319;active;N/A;N/A;Usado;Rojo;N/A;Hidráulica;Delantera;N/A;N/A;Sí;N/A;N/A;N/A;N/A;N/A;N/A;N/A;Sí;N/A;N/A;N/A;N/A;N/A;N/A;N/A;N/A;N/A;N/A;N/A;N/A;N/A;N/A;"2650 mm";"1.6 L";"50 L";6;N/A;N/A;N/A;N/A;N/A;N/A;N/A;N/A;N/A;N/A;N/A;N/A;N/A;N/A;N/A;N/A;N/A;N/A;N/A;N/A;N/A;N/A;N/A;N/A;N/A;N/A;N/A;N/A;N/A;N/A;N/A;Sí;N/A;N/A;N/A;N/A;N/A;N/A;N/A;N/A;N/A;Sí;N/A;N/A;N/A;"1399 mm";"4220 mm";N/A;N/A;N/A;N/A;4;"130 hp";N/A;N/A;4;"1790 mm";N/A;N/A;N/A;N/A;Sí;N/A;N/A;N/A;N/A;N/A;N/A;N/A;N/A;N/A;N/A;N/A;N/A;N/A;2;1.6;Nafta;Automática;Coupé;"Autos y camionetas";N/A;N/A;N/A;N/A;N/A;N/A;UY;N/A;N/A;N/A;N/A;N/A;N/A;N/A;N/A;N/A;N/A;N/A;N/A;N/A;N/A;N/A;N/A;N/A;N/A;N/A;N/A;N/A;N/A;N/A;N/A;N/A;N/A;N/A;N/A;N/A;N/A;N/A;N/A;N/A;N/A;N/A;N/A;N/A;N/A;N/A;N/A;N/A;N/A;N/A;N/A;N/A;N/A;N/A;N/A;N/A;N/A;N/A;N/A;N/A;N/A;N/A;N/A;N/A;N/A;N/A;N/A;N/A;N/A;N/A;N/A;N/A;N/A;N/A;N/A;N/A;N/A;N/A;N/A;N/A;N/A;N/A;N/A;N/A;N/A;N/A;N/A;N/A;N/A;N/A;N/A;N/A;N/A;N/A;N/A;N/A;Sí;N/A;Sí;N/A;N/A;N/A;N/A;N/A;N/A;N/A;N/A;N/A;N/A;Sí;N/A;N/A;N/A;N/A;N/A;N/A;N/A;N/A;N/A;N/A;N/A;N/A
Hyundai;Tucson;"1.6t Gdi Limited Techo At";2023;"12000 km";;LIFENIRSA;48500;;;;;"La Comercial";https://auto.mercadolibre.com.uy/MLU-701641916-hyundai-tucson-limited-nafta-2023-12000-kms-_JM;N/A;;"Hyundai Tucson Limited Nafta 2023 - 12.000 Kms";usd;Sí;gold_premium;false;N/A;N/A;http://perfil.mercadolibre.com.uy/LIFENIRSA;active;N/A;N/A;Usado;Azul;N/A;N/A;4x2;Sí;N/A;N/A;N/A;N/A;N/A;N/A;N/A;N/A;N/A;N/A;N/A;N/A;N/A;N/A;N/A;N/A;N/A;N/A;N/A;N/A;N/A;N/A;N/A;N/A;"2670 mm";"1.6 L";"62 L";7;N/A;N/A;N/A;N/A;N/A;N/A;N/A;N/A;N/A;N/A;N/A;N/A;N/A;N/A;N/A;N/A;N/A;N/A;N/A;N/A;N/A;N/A;N/A;N/A;N/A;N/A;N/A;N/A;N/A;N/A;N/A;N/A;N/A;N/A;N/A;N/A;N/A;N/A;N/A;N/A;N/A;N/A;N/A;N/A;N/A;"1660 mm";"4475 mm";N/A;N/A;N/A;N/A;5;"132 hp";N/A;N/A;4;"1850 mm";N/A;N/A;N/A;N/A;N/A;N/A;N/A;N/A;N/A;N/A;N/A;N/A;N/A;N/A;N/A;N/A;N/A;N/A;5;1.6;Nafta;Automática;SUV;"Autos y camionetas";N/A;N/A;N/A;N/A;N/A;N/A;UY;N/A;N/A;N/A;N/A;N/A;N/A;N/A;N/A;N/A;N/A;N/A;N/A;N/A;N/A;N/A;N/A;N/A;N/A;N/A;N/A;N/A;N/A;N/A;N/A;N/A;N/A;N/A;N/A;N/A;N/A;N/A;N/A;N/A;N/A;N/A;N/A;N/A;N/A;N/A;N/A;N/A;N/A;N/A;N/A;N/A;N/A;N/A;N/A;N/A;N/A;N/A;N/A;N/A;N/A;N/A;N/A;N/A;N/A;N/A;N/A;N/A;N/A;N/A;N/A;N/A;N/A;N/A;N/A;N/A;N/A;N/A;N/A;N/A;N/A;N/A;N/A;N/A;N/A;N/A;N/A;N/A;N/A;N/A;N/A;N/A;N/A;N/A;N/A;N/A;Sí;N/A;N/A;N/A;N/A;N/A;N/A;N/A;N/A;Sí;N/A;N/A;N/A;N/A;N/A;N/A;N/A;N/A;N/A;N/A;N/A;N/A;N/A;N/A;N/A;N/A
Hyundai;HB20;"1.6 Comfort Plus 5p";2019;"64000 km";;TÙ-MEJOR-COMPRA;8000;;;;;Colón;https://auto.mercadolibre.com.uy/MLU-702436636-hyundai-hb20-16-comfort-plus-5p-_JM;N/A;;"Hyundai Hb20 1.6 Comfort Plus 5p";usd;Sí;gold_premium;false;N/A;N/A;http://perfil.mercadolibre.com.uy/T%C3%99-MEJOR-COMPRA;active;N/A;N/A;Usado;Blanco;Sí;Hidráulica;Delantera;Sí;Sí;Sí;N/A;N/A;N/A;N/A;N/A;N/A;N/A;N/A;N/A;Sí;N/A;N/A;N/A;N/A;N/A;N/A;N/A;N/A;N/A;N/A;N/A;N/A;"2500 mm";"1.6 L";"50 L";6;N/A;N/A;N/A;N/A;N/A;N/A;N/A;N/A;N/A;N/A;N/A;N/A;N/A;N/A;N/A;N/A;N/A;N/A;N/A;N/A;N/A;N/A;N/A;N/A;N/A;N/A;N/A;N/A;N/A;N/A;N/A;N/A;N/A;Sí;Sí;N/A;N/A;N/A;N/A;N/A;N/A;N/A;N/A;N/A;N/A;"1470 mm";"3920 mm";N/A;N/A;N/A;N/A;5;"122 hp";"Comfort Plus";N/A;4;"1680 mm";N/A;N/A;N/A;N/A;Sí;N/A;Sí;Sí;Sí;N/A;N/A;"13.8 km/l";N/A;N/A;N/A;N/A;Sí;N/A;5;1.6;Nafta;Manual;Hatchback;"Autos y camionetas";N/A;N/A;N/A;N/A;N/A;N/A;UY;N/A;Sí;N/A;N/A;N/A;N/A;N/A;N/A;N/A;N/A;N/A;N/A;N/A;N/A;N/A;N/A;N/A;N/A;N/A;N/A;N/A;N/A;N/A;N/A;N/A;N/A;N/A;N/A;N/A;N/A;N/A;N/A;N/A;N/A;N/A;N/A;N/A;N/A;N/A;N/A;N/A;N/A;N/A;N/A;N/A;N/A;N/A;N/A;N/A;N/A;N/A;N/A;N/A;N/A;N/A;N/A;N/A;N/A;N/A;N/A;N/A;N/A;N/A;N/A;N/A;N/A;N/A;N/A;N/A;N/A;N/A;N/A;N/A;N/A;N/A;N/A;N/A;N/A;N/A;N/A;N/A;N/A;N/A;N/A;N/A;N/A;N/A;N/A;N/A;Sí;N/A;N/A;N/A;Sí;N/A;N/A;N/A;N/A;Sí;N/A;N/A;Sí;N/A;N/A;N/A;Sí;N/A;Sí;Sí;Sí;N/A;N/A;Sí;N/A;Sí
Hyundai;H1;"2.5 Premium 1 170cv Mt";2013;"208000 km";;PAOLA9856;14900;;;;;"La Comercial";https://auto.mercadolibre.com.uy/MLU-702278886-hyundai-h-1-grand-starex-2013-diesel-2500-cc-_JM;N/A;;"Hyundai H-1 Grand Starex 2013 ! Diesel. 2500 Cc";usd;Sí;gold_premium;false;N/A;N/A;http://perfil.mercadolibre.com.uy/PAOLA9856;active;N/A;N/A;Usado;Blanco;N/A;Hidráulica;Trasera;N/A;N/A;Sí;N/A;N/A;N/A;N/A;N/A;N/A;N/A;N/A;N/A;N/A;N/A;N/A;N/A;N/A;N/A;N/A;N/A;N/A;N/A;N/A;N/A;N/A;"3201 mm";"2.5 L";"75 L";6;N/A;N/A;N/A;N/A;N/A;N/A;N/A;N/A;N/A;N/A;N/A;N/A;N/A;N/A;N/A;N/A;N/A;N/A;N/A;N/A;N/A;N/A;N/A;N/A;N/A;N/A;N/A;N/A;N/A;N/A;N/A;Sí;N/A;N/A;N/A;N/A;N/A;N/A;N/A;N/A;N/A;Sí;N/A;N/A;N/A;"1925 mm";"5125 mm";N/A;N/A;N/A;N/A;12;"170 hp";Premium;N/A;4;"1920 mm";"10.9 km/l";N/A;N/A;N/A;N/A;N/A;N/A;N/A;N/A;N/A;Sí;"7.1 km/l";N/A;N/A;N/A;N/A;N/A;N/A;4;2.5;Diésel;Manual;SUV;"Autos y camionetas";N/A;N/A;N/A;N/A;N/A;N/A;UY;N/A;N/A;N/A;N/A;N/A;N/A;N/A;N/A;N/A;N/A;N/A;N/A;N/A;N/A;N/A;N/A;N/A;N/A;N/A;N/A;N/A;N/A;N/A;N/A;N/A;N/A;N/A;N/A;N/A;N/A;N/A;N/A;N/A;N/A;N/A;N/A;N/A;N/A;N/A;N/A;N/A;N/A;N/A;N/A;N/A;N/A;N/A;N/A;N/A;N/A;N/A;N/A;N/A;N/A;N/A;N/A;N/A;N/A;N/A;N/A;N/A;N/A;N/A;N/A;N/A;N/A;N/A;N/A;N/A;N/A;N/A;N/A;N/A;N/A;N/A;N/A;N/A;N/A;N/A;N/A;N/A;N/A;N/A;N/A;N/A;N/A;N/A;N/A;N/A;Sí;N/A;Sí;N/A;Sí;Sí;N/A;N/A;N/A;N/A;N/A;N/A;N/A;Sí;N/A;Sí;Sí;N/A;N/A;N/A;N/A;N/A;N/A;N/A;N/A;N/A
Hyundai;Eon;Gls;2014;"70000 km";;AEROCAR2013;9490;;;;;Carrasco;https://auto.mercadolibre.com.uy/MLU-704187170-hyundai-eon-gls-08-2014-impecable-interauto-_JM;N/A;;"Hyundai Eon Gls 0.8 2014 Impecable! Interauto";usd;Sí;gold;false;N/A;N/A;http://perfil.mercadolibre.com.uy/AEROCAR2013;active;N/A;N/A;Usado;Negro;N/A;Asistida;Delantera;Sí;N/A;N/A;N/A;N/A;N/A;N/A;N/A;N/A;N/A;Sí;N/A;Sí;N/A;N/A;N/A;N/A;N/A;N/A;N/A;N/A;N/A;N/A;N/A;N/A;N/A;"800 cc";N/A;5;N/A;N/A;N/A;N/A;N/A;N/A;N/A;N/A;N/A;N/A;N/A;N/A;N/A;N/A;N/A;N/A;N/A;N/A;N/A;N/A;N/A;N/A;N/A;Sí;N/A;N/A;N/A;N/A;N/A;N/A;N/A;N/A;N/A;N/A;N/A;N/A;N/A;N/A;N/A;N/A;N/A;N/A;N/A;N/A;N/A;N/A;N/A;N/A;N/A;N/A;N/A;N/A;N/A;Gls;N/A;N/A;N/A;"17 km/l";N/A;N/A;N/A;N/A;N/A;N/A;N/A;N/A;N/A;N/A;"20 km/l";N/A;N/A;N/A;N/A;N/A;"Lunes a Domingo de 9 a 18:30 hs";5;0.8;Nafta;Manual;Hatchback;"Autos y camionetas";No;N/A;N/A;N/A;No;N/A;UY;No;Sí;No;No;N/A;N/A;N/A;N/A;N/A;N/A;N/A;N/A;N/A;N/A;N/A;N/A;N/A;N/A;N/A;N/A;N/A;N/A;N/A;N/A;N/A;N/A;N/A;N/A;N/A;N/A;N/A;N/A;N/A;N/A;N/A;N/A;N/A;N/A;N/A;N/A;N/A;N/A;N/A;N/A;N/A;N/A;N/A;N/A;N/A;N/A;N/A;N/A;N/A;N/A;N/A;No;N/A;N/A;N/A;N/A;N/A;N/A;N/A;N/A;N/A;N/A;N/A;N/A;N/A;N/A;N/A;N/A;N/A;N/A;N/A;N/A;N/A;N/A;N/A;N/A;N/A;N/A;N/A;N/A;N/A;N/A;N/A;N/A;N/A;N/A;N/A;N/A;N/A;N/A;N/A;N/A;N/A;N/A;N/A;N/A;N/A;N/A;N/A;N/A;N/A;N/A;N/A;Sí;N/A;N/A;N/A;N/A;N/A;N/A;N/A
Hyundai;Creta;"New SAFE Turbo MT";2023;"23166 km";;D.MORALESAUTOMOTORES;26900;;;;;"San Jacinto";https://auto.mercadolibre.com.uy/MLU-703434198-hyundai-creta-new-safe-turbo-mt-10-2023-impecable-_JM;N/A;;"Hyundai Creta New Safe Turbo Mt 1.0 2023 Impecable!";usd;Sí;gold;false;N/A;N/A;http://perfil.mercadolibre.com.uy/D.MORALESAUTOMOTORES;active;N/A;N/A;Usado;"Gris oscuro";Sí;Eléctrica;N/A;Sí;Sí;Sí;N/A;Sí;N/A;Sí;N/A;N/A;N/A;N/A;N/A;Sí;N/A;Sí;N/A;N/A;N/A;N/A;N/A;N/A;N/A;N/A;N/A;N/A;N/A;"1000 cc";N/A;6;N/A;N/A;N/A;N/A;N/A;N/A;N/A;N/A;N/A;N/A;N/A;N/A;N/A;N/A;N/A;N/A;N/A;N/A;N/A;N/A;N/A;N/A;N/A;N/A;N/A;Sí;N/A;N/A;N/A;N/A;N/A;N/A;N/A;N/A;N/A;N/A;N/A;N/A;N/A;N/A;N/A;N/A;N/A;N/A;N/A;N/A;N/A;N/A;N/A;N/A;N/A;N/A;"120 hp";Safe;N/A;N/A;N/A;N/A;N/A;N/A;N/A;N/A;N/A;N/A;N/A;N/A;N/A;N/A;N/A;N/A;N/A;N/A;N/A;Sí;"Lun. a Vie. de 9 a 18:30 hs. Sáb. de 9 a 12:30 hs";5;1.0;Nafta;Manual;SUV;"Autos y camionetas";No;N/A;N/A;N/A;No;N/A;UY;No;Sí;No;No;N/A;N/A;N/A;N/A;N/A;N/A;N/A;N/A;N/A;N/A;N/A;N/A;N/A;Sí;N/A;N/A;N/A;N/A;N/A;N/A;N/A;N/A;N/A;N/A;N/A;N/A;N/A;N/A;N/A;N/A;N/A;N/A;N/A;N/A;N/A;N/A;N/A;N/A;N/A;N/A;N/A;N/A;N/A;N/A;N/A;N/A;N/A;N/A;N/A;N/A;Sí;No;N/A;N/A;N/A;N/A;N/A;N/A;N/A;N/A;N/A;N/A;N/A;N/A;N/A;N/A;N/A;N/A;N/A;N/A;N/A;N/A;N/A;N/A;N/A;N/A;N/A;N/A;N/A;N/A;N/A;Sí;N/A;N/A;N/A;Sí;N/A;Sí;Sí;Sí;N/A;N/A;N/A;Sí;Sí;N/A;Sí;N/A;N/A;Sí;Sí;Sí;N/A;Sí;N/A;Sí;N/A;N/A;N/A;N/A;N/A
Hyundai;Creta;"GL SPORT 1.6 MANUAL - DESCUENTA IVA";2022;"54000 km";;"AG AUTOMOVILES.";21990;;;;;Pocitos;https://auto.mercadolibre.com.uy/MLU-703146590-hyundai-creta-gl-sport-16-manual-descuenta-iva-2022-_JM;N/A;;"Hyundai Creta Gl Sport 1.6 Manual - Descuenta Iva 2022";usd;Sí;gold;false;N/A;N/A;http://perfil.mercadolibre.com.uy/AG+AUTOMOVILES.;active;N/A;N/A;Usado;Azul;Sí;Asistida;N/A;Sí;Sí;Sí;N/A;N/A;N/A;Sí;Sí;N/A;N/A;Sí;N/A;Sí;N/A;Sí;N/A;N/A;N/A;N/A;N/A;N/A;N/A;N/A;N/A;N/A;N/A;"1600 cc";N/A;5;N/A;N/A;N/A;N/A;Sí;Sí;N/A;N/A;N/A;N/A;N/A;N/A;N/A;N/A;N/A;N/A;N/A;N/A;N/A;N/A;N/A;N/A;N/A;Sí;N/A;Sí;N/A;Sí;N/A;N/A;N/A;N/A;N/A;N/A;N/A;N/A;Sí;N/A;N/A;N/A;N/A;N/A;Sí;N/A;N/A;N/A;N/A;N/A;N/A;N/A;N/A;N/A;"123 hp";Gl;N/A;N/A;N/A;"12 km/l";N/A;N/A;N/A;Sí;Sí;Sí;Sí;Sí;N/A;N/A;"17 km/l";N/A;N/A;N/A;N/A;Sí;"Lunes a Viernes de 9 a 17 hs.";5;1.6;Nafta;Manual;SUV;"Autos y camionetas";No;N/A;N/A;N/A;No;N/A;UY;No;Sí;No;No;N/A;N/A;N/A;N/A;N/A;N/A;N/A;N/A;N/A;N/A;N/A;N/A;N/A;N/A;N/A;N/A;N/A;N/A;N/A;N/A;N/A;N/A;N/A;N/A;N/A;N/A;N/A;N/A;N/A;N/A;N/A;N/A;N/A;N/A;N/A;N/A;N/A;N/A;N/A;N/A;N/A;N/A;N/A;N/A;N/A;N/A;N/A;N/A;N/A;N/A;N/A;No;N/A;N/A;N/A;N/A;N/A;N/A;N/A;N/A;N/A;N/A;N/A;N/A;N/A;N/A;N/A;N/A;N/A;N/A;N/A;N/A;N/A;N/A;N/A;N/A;N/A;N/A;N/A;N/A;N/A;N/A;N/A;N/A;N/A;Sí;Sí;N/A;N/A;Sí;Sí;Sí;N/A;N/A;Sí;N/A;Sí;N/A;N/A;N/A;Sí;Sí;N/A;Sí;Sí;Sí;N/A;N/A;Sí;N/A;Sí
Hyundai;HB20;Comfort;2019;"33129 km";;SILCA_2;14900;;;;;"Tres Cruces";https://auto.mercadolibre.com.uy/MLU-702758898-hyundai-hb20-comfort-plus-16-2019-_JM;N/A;;"Hyundai Hb20 Comfort Plus 1.6 2019";usd;Sí;gold;false;N/A;N/A;http://perfil.mercadolibre.com.uy/SILCA_2;active;N/A;N/A;Usado;Blanco;Sí;Hidráulica;N/A;Sí;Sí;Sí;N/A;N/A;N/A;N/A;N/A;N/A;N/A;N/A;N/A;Sí;N/A;Sí;N/A;N/A;N/A;N/A;N/A;N/A;N/A;N/A;N/A;N/A;N/A;"1600 cc";N/A;6;N/A;N/A;N/A;N/A;N/A;N/A;N/A;N/A;N/A;N/A;N/A;N/A;N/A;N/A;N/A;N/A;N/A;N/A;N/A;N/A;N/A;N/A;N/A;N/A;N/A;N/A;N/A;N/A;N/A;N/A;N/A;N/A;N/A;N/A;N/A;N/A;Sí;N/A;N/A;N/A;N/A;N/A;N/A;N/A;N/A;N/A;N/A;N/A;N/A;N/A;N/A;N/A;N/A;Comfort;N/A;N/A;N/A;N/A;N/A;N/A;N/A;N/A;N/A;N/A;N/A;N/A;N/A;N/A;N/A;N/A;N/A;N/A;N/A;Sí;"Lun. a Vie. de 9 a 19:00 hs. Sáb. de 10 a 13:30 hs";5;1.6;Nafta;Manual;Hatchback;"Autos y camionetas";No;N/A;N/A;N/A;No;N/A;UY;No;Sí;No;No;N/A;N/A;N/A;N/A;N/A;N/A;N/A;N/A;N/A;N/A;N/A;N/A;N/A;N/A;N/A;N/A;N/A;N/A;N/A;N/A;N/A;N/A;N/A;N/A;N/A;N/A;N/A;N/A;N/A;N/A;N/A;N/A;N/A;N/A;N/A;N/A;N/A;N/A;N/A;N/A;N/A;N/A;N/A;N/A;N/A;N/A;N/A;N/A;N/A;N/A;N/A;No;N/A;N/A;N/A;N/A;N/A;N/A;N/A;N/A;N/A;N/A;N/A;N/A;N/A;N/A;N/A;N/A;N/A;N/A;N/A;N/A;N/A;N/A;N/A;N/A;N/A;N/A;N/A;N/A;N/A;N/A;N/A;N/A;N/A;Sí;N/A;Sí;N/A;Sí;N/A;N/A;N/A;N/A;Sí;N/A;N/A;N/A;N/A;N/A;N/A;N/A;N/A;Sí;N/A;Sí;N/A;N/A;N/A;N/A;N/A
Hyundai;HB20;"1.0 Comfort 2025  100% FINANCIO $17.000 60 MESES";2024;"0 km";;KORUCAR_AUTOMOVILES;16990;;;;;Unión;https://auto.mercadolibre.com.uy/MLU-645656315-hyundai-hb20-10comfort-2025-100-financio-17000-60-meses-_JM;N/A;;"Hyundai Hb20 1.0comfort 2025 100% Financio $17.000 60 Meses ";usd;Sí;gold;false;N/A;N/A;http://perfil.mercadolibre.com.uy/KORUCAR_AUTOMOVILES;active;N/A;N/A;Nuevo;"Gris oscuro";N/A;Hidráulica;Delantera;Sí;Sí;Sí;N/A;N/A;N/A;Sí;Sí;N/A;N/A;Sí;N/A;Sí;N/A;N/A;N/A;N/A;N/A;N/A;N/A;N/A;N/A;N/A;N/A;N/A;N/A;"1000 cc";N/A;6;N/A;N/A;Sí;Sí;N/A;N/A;N/A;N/A;N/A;N/A;N/A;N/A;N/A;N/A;N/A;N/A;N/A;N/A;N/A;N/A;N/A;N/A;N/A;Sí;N/A;Sí;N/A;N/A;N/A;N/A;N/A;N/A;N/A;N/A;N/A;N/A;Sí;N/A;N/A;N/A;N/A;N/A;N/A;N/A;N/A;N/A;N/A;N/A;N/A;N/A;N/A;N/A;"101 hp";Comfort;N/A;N/A;N/A;"17 km/l";N/A;N/A;N/A;Sí;Sí;Sí;Sí;Sí;N/A;N/A;"19 km/l";N/A;N/A;N/A;N/A;Sí;"Lun. a Vie. de 9 a 18 hs. Sáb. de 9 a 13 hs.";5;1.0;Nafta;Manual;Hatchback;"Autos y camionetas";No;N/A;N/A;N/A;No;N/A;UY;No;Sí;No;No;N/A;N/A;N/A;N/A;N/A;N/A;N/A;N/A;N/A;N/A;N/A;N/A;N/A;N/A;N/A;N/A;N/A;N/A;N/A;N/A;N/A;N/A;N/A;N/A;N/A;N/A;N/A;N/A;N/A;N/A;N/A;N/A;Sí;N/A;N/A;N/A;N/A;N/A;N/A;N/A;N/A;N/A;N/A;N/A;N/A;N/A;N/A;N/A;N/A;N/A;Sí;No;N/A;N/A;N/A;N/A;N/A;N/A;N/A;N/A;N/A;N/A;N/A;N/A;N/A;N/A;N/A;N/A;N/A;N/A;N/A;N/A;N/A;N/A;N/A;N/A;N/A;N/A;N/A;N/A;N/A;Sí;N/A;N/A;N/A;Sí;N/A;N/A;Sí;Sí;Sí;Sí;N/A;N/A;Sí;N/A;N/A;N/A;N/A;N/A;Sí;Sí;N/A;Sí;Sí;Sí;N/A;N/A;Sí;N/A;Sí
Hyundai;"Grand i10";"1.2 U/D 2015 USD6.000+ 36 CUOTAS DE $9.000";2015;"70000 km";;KORUCAR_AUTOMOVILES;11990;;;;;Unión;https://auto.mercadolibre.com.uy/MLU-701392844-hyundai-grand-i10-12-ud-2015-usd600036-cuotas-de-9000-_JM;N/A;;"Hyundai Grand I10 1.2 U/d 2015 Usd6.000+36 Cuotas De $9.000 ";usd;Sí;gold;false;N/A;N/A;http://perfil.mercadolibre.com.uy/KORUCAR_AUTOMOVILES;active;N/A;N/A;Usado;Negro;Sí;Hidráulica;Delantera;Sí;Sí;Sí;N/A;N/A;N/A;Sí;Sí;N/A;N/A;Sí;Sí;Sí;N/A;Sí;N/A;N/A;N/A;N/A;N/A;N/A;N/A;N/A;N/A;N/A;N/A;"1200 cc";N/A;5;N/A;N/A;N/A;N/A;Sí;N/A;N/A;N/A;N/A;N/A;N/A;N/A;N/A;N/A;N/A;N/A;N/A;N/A;N/A;N/A;N/A;N/A;N/A;Sí;N/A;Sí;N/A;N/A;N/A;N/A;N/A;N/A;N/A;N/A;N/A;N/A;N/A;N/A;N/A;N/A;N/A;N/A;N/A;N/A;N/A;N/A;N/A;N/A;N/A;N/A;N/A;N/A;"87 hp";N/A;N/A;N/A;N/A;"15 km/l";N/A;N/A;N/A;Sí;N/A;Sí;Sí;N/A;N/A;N/A;"17 km/l";N/A;N/A;N/A;N/A;Sí;"Lun. a Vie. de 9 a 18 hs. Sáb. de 9 a 13 hs.";5;1.2;Nafta;Manual;Hatchback;"Autos y camionetas";No;N/A;N/A;N/A;No;N/A;UY;No;Sí;No;No;N/A;N/A;N/A;N/A;N/A;N/A;N/A;N/A;N/A;N/A;N/A;N/A;N/A;N/A;N/A;N/A;N/A;N/A;N/A;N/A;N/A;N/A;N/A;N/A;N/A;N/A;N/A;N/A;N/A;N/A;N/A;N/A;N/A;N/A;N/A;N/A;N/A;N/A;N/A;N/A;N/A;N/A;N/A;N/A;N/A;N/A;N/A;N/A;N/A;N/A;N/A;No;N/A;N/A;N/A;N/A;N/A;N/A;N/A;N/A;N/A;N/A;N/A;N/A;N/A;N/A;N/A;N/A;N/A;N/A;N/A;N/A;N/A;N/A;N/A;N/A;N/A;N/A;N/A;N/A;N/A;N/A;N/A;N/A;N/A;Sí;Sí;Sí;N/A;Sí;N/A;Sí;N/A;N/A;Sí;N/A;N/A;N/A;Sí;N/A;N/A;Sí;N/A;Sí;Sí;Sí;N/A;N/A;Sí;N/A;Sí
Hyundai;Tucson;"2011 2.0 E/FULL USD8.000+CUOTAS FINANCIO";2012;"125000 km";;KORUCAR_AUTOMOVILES;14490;;;;;Unión;https://auto.mercadolibre.com.uy/MLU-701429508-hyundai-tucson-2011-20-efull-usd8000cuotas-financio-_JM;N/A;;"Hyundai Tucson 2011 2.0 E/full Usd8.000+cuotas Financio ";usd;Sí;gold;false;N/A;N/A;http://perfil.mercadolibre.com.uy/KORUCAR_AUTOMOVILES;active;N/A;N/A;Usado;Blanco;N/A;Hidráulica;4x4;Sí;Sí;Sí;N/A;N/A;N/A;Sí;Sí;N/A;N/A;Sí;Sí;Sí;N/A;Sí;N/A;N/A;N/A;N/A;N/A;N/A;N/A;N/A;N/A;N/A;N/A;"2000 cc";N/A;5;N/A;N/A;N/A;N/A;Sí;N/A;N/A;N/A;N/A;N/A;N/A;N/A;N/A;N/A;N/A;N/A;N/A;N/A;N/A;N/A;N/A;N/A;N/A;Sí;N/A;Sí;N/A;N/A;N/A;N/A;N/A;N/A;N/A;N/A;N/A;N/A;Sí;N/A;N/A;N/A;N/A;N/A;N/A;N/A;N/A;N/A;N/A;N/A;N/A;N/A;N/A;N/A;"166 hp";N/A;N/A;N/A;N/A;"11 km/l";N/A;N/A;N/A;Sí;N/A;Sí;Sí;N/A;N/A;Sí;"13 km/l";N/A;N/A;N/A;N/A;N/A;"Lun. a Vie. de 9 a 18 hs. Sáb. de 9 a 13 hs.";5;2.0;Nafta;Manual;SUV;"Autos y camionetas";No;N/A;N/A;N/A;No;N/A;UY;No;Sí;No;No;N/A;N/A;N/A;N/A;N/A;N/A;N/A;N/A;N/A;N/A;N/A;N/A;N/A;N/A;N/A;N/A;N/A;N/A;N/A;N/A;N/A;N/A;N/A;N/A;N/A;N/A;N/A;N/A;N/A;N/A;N/A;N/A;N/A;N/A;N/A;N/A;N/A;N/A;N/A;N/A;N/A;N/A;N/A;N/A;N/A;N/A;N/A;N/A;N/A;N/A;N/A;No;N/A;N/A;N/A;N/A;N/A;N/A;N/A;N/A;N/A;N/A;N/A;N/A;N/A;N/A;N/A;N/A;N/A;N/A;N/A;N/A;N/A;N/A;N/A;N/A;N/A;N/A;N/A;N/A;N/A;Sí;N/A;N/A;N/A;Sí;N/A;Sí;N/A;Sí;Sí;Sí;N/A;Sí;Sí;N/A;Sí;N/A;Sí;N/A;Sí;Sí;N/A;Sí;Sí;Sí;N/A;N/A;Sí;N/A;Sí
Hyundai;HB20;Confort;2024;"6122 km";;D.MORALESAUTOMOTORES;17500;;;;;"San Jacinto";https://auto.mercadolibre.com.uy/MLU-647107991-hyundai-hb20-confort-10-2024-impecable-_JM;N/A;;"Hyundai Hb20 Confort 1.0 2024 Impecable!";usd;Sí;gold;false;N/A;N/A;http://perfil.mercadolibre.com.uy/D.MORALESAUTOMOTORES;active;N/A;N/A;Usado;"Gris oscuro";N/A;Hidráulica;Trasera;Sí;Sí;Sí;N/A;N/A;N/A;Sí;N/A;N/A;N/A;N/A;N/A;Sí;N/A;N/A;N/A;N/A;N/A;N/A;N/A;N/A;N/A;N/A;N/A;N/A;N/A;"1000 cc";N/A;5;N/A;N/A;N/A;N/A;N/A;N/A;N/A;N/A;N/A;N/A;N/A;N/A;N/A;N/A;N/A;N/A;N/A;N/A;N/A;N/A;N/A;N/A;N/A;N/A;N/A;N/A;N/A;N/A;N/A;N/A;N/A;N/A;N/A;N/A;N/A;N/A;N/A;N/A;N/A;N/A;N/A;N/A;N/A;N/A;N/A;N/A;N/A;N/A;N/A;N/A;N/A;N/A;N/A;N/A;N/A;N/A;N/A;N/A;N/A;N/A;N/A;N/A;N/A;N/A;N/A;N/A;N/A;N/A;N/A;N/A;N/A;N/A;N/A;N/A;"Lun. a Vie. de 9 a 18:30 hs. Sáb. de 9 a 12:30 hs";4;1.0;Nafta;Manual;Hatchback;"Autos y camionetas";No;N/A;N/A;N/A;No;N/A;UY;No;Sí;No;No;N/A;N/A;N/A;N/A;N/A;N/A;N/A;N/A;N/A;N/A;N/A;N/A;N/A;N/A;N/A;N/A;N/A;N/A;N/A;N/A;N/A;N/A;N/A;N/A;N/A;N/A;N/A;N/A;N/A;N/A;N/A;N/A;Sí;N/A;N/A;N/A;N/A;N/A;N/A;N/A;N/A;N/A;N/A;N/A;N/A;N/A;N/A;N/A;N/A;N/A;Sí;No;N/A;N/A;N/A;N/A;N/A;N/A;N/A;N/A;N/A;N/A;N/A;N/A;N/A;N/A;N/A;N/A;N/A;N/A;N/A;N/A;N/A;N/A;N/A;N/A;N/A;N/A;N/A;N/A;N/A;N/A;N/A;N/A;N/A;Sí;N/A;N/A;N/A;Sí;N/A;N/A;N/A;Sí;Sí;N/A;Sí;N/A;N/A;N/A;N/A;N/A;N/A;Sí;N/A;N/A;N/A;N/A;N/A;N/A;N/A
Hyundai;Tucson;"2.0 4x2";2007;"200000 km";;ISSOGARAGE;9900;;;;;Carrasco;https://auto.mercadolibre.com.uy/MLU-702339150-hyundai-tucson-2007-20-4x2-_JM;N/A;;"Hyundai Tucson 2007 2.0 4x2";usd;No;gold;false;N/A;N/A;http://perfil.mercadolibre.com.uy/ISSOGARAGE;active;N/A;N/A;Usado;Gris;No;Hidráulica;4x2;Sí;Sí;N/A;N/A;N/A;Sí;N/A;N/A;No;N/A;N/A;No;Sí;N/A;No;N/A;N/A;N/A;N/A;N/A;N/A;N/A;N/A;N/A;N/A;"2630 mm";"2 L";"58 L";N/A;N/A;N/A;N/A;N/A;N/A;No;N/A;N/A;N/A;N/A;N/A;N/A;N/A;N/A;N/A;N/A;N/A;N/A;N/A;N/A;N/A;N/A;N/A;N/A;N/A;N/A;N/A;N/A;N/A;Sí;N/A;N/A;N/A;N/A;N/A;N/A;N/A;N/A;N/A;N/A;N/A;N/A;N/A;N/A;N/A;"1730 mm";"4325 mm";N/A;N/A;N/A;N/A;5;"184 hp";N/A;N/A;4;"1830 mm";"16.1 km/l";No;N/A;Sí;Sí;N/A;Sí;Sí;N/A;No;N/A;"8.7 km/l";No;Sí;N/A;N/A;Sí;"Lun a Vie 9 a 18:30 - Sab 10 a 16 hs";5;2.0;Nafta;Manual;SUV;"Autos y camionetas";No;N/A;N/A;N/A;No;N/A;UY;N/A;Sí;N/A;Sí;N/A;N/A;N/A;N/A;N/A;N/A;N/A;N/A;N/A;N/A;N/A;N/A;N/A;No;N/A;N/A;N/A;N/A;N/A;N/A;N/A;N/A;N/A;N/A;N/A;N/A;N/A;N/A;N/A;N/A;N/A;N/A;No;N/A;N/A;N/A;N/A;N/A;N/A;N/A;N/A;N/A;N/A;N/A;N/A;N/A;N/A;N/A;N/A;N/A;No;Sí;N/A;N/A;N/A;N/A;N/A;N/A;N/A;N/A;N/A;N/A;N/A;N/A;N/A;N/A;N/A;N/A;N/A;N/A;N/A;N/A;N/A;N/A;N/A;N/A;N/A;N/A;N/A;N/A;N/A;N/A;N/A;N/A;No;Sí;Sí;Sí;N/A;Sí;N/A;N/A;N/A;N/A;Sí;No;Sí;Sí;N/A;N/A;Sí;No;Sí;Sí;Sí;No;Sí;No;No;N/A;No
Hyundai;Creta;"1.0 TURBO AT";2024;"0 km";;HYUNDAIPUNTADELESTE;35490;;;;;Maldonado;https://auto.mercadolibre.com.uy/MLU-672475514-hyundai-creta-limited-_JM;N/A;;"Hyundai Creta Limited ";USD;Sí;gold;false;N/A;N/A;http://perfil.mercadolibre.com.uy/HYUNDAIPUNTADELESTE;active;N/A;N/A;Nuevo;Gris;N/A;Eléctrica;4x2;Sí;Sí;N/A;N/A;N/A;Sí;N/A;N/A;Sí;N/A;N/A;Sí;Sí;N/A;No;N/A;N/A;N/A;N/A;N/A;N/A;N/A;N/A;N/A;N/A;N/A;N/A;N/A;N/A;N/A;N/A;N/A;N/A;N/A;Sí;N/A;N/A;N/A;N/A;N/A;N/A;N/A;N/A;N/A;N/A;N/A;N/A;N/A;N/A;N/A;N/A;N/A;N/A;N/A;N/A;N/A;N/A;N/A;No;N/A;N/A;N/A;N/A;N/A;N/A;N/A;N/A;N/A;N/A;N/A;N/A;N/A;N/A;N/A;N/A;N/A;N/A;N/A;N/A;N/A;N/A;N/A;N/A;N/A;N/A;N/A;N/A;No;N/A;Sí;Sí;N/A;Sí;Sí;N/A;Sí;N/A;N/A;Sí;No;N/A;N/A;No;"LUNES A SABADO DE 9:30 A 19:30";5;1.0T;Nafta;Automática;SUV;"Autos y camionetas";No;N/A;N/A;N/A;No;N/A;N/A;N/A;Sí;N/A;No;N/A;N/A;N/A;N/A;N/A;N/A;N/A;N/A;N/A;N/A;N/A;N/A;N/A;Sí;N/A;N/A;N/A;N/A;N/A;N/A;N/A;N/A;N/A;N/A;N/A;N/A;N/A;N/A;N/A;N/A;N/A;N/A;Sí;N/A;N/A;N/A;N/A;N/A;N/A;N/A;N/A;N/A;N/A;N/A;N/A;N/A;N/A;N/A;N/A;N/A;Sí;No;N/A;N/A;N/A;N/A;N/A;N/A;N/A;N/A;N/A;N/A;N/A;N/A;N/A;N/A;N/A;N/A;N/A;N/A;N/A;N/A;N/A;N/A;N/A;N/A;N/A;N/A;N/A;N/A;N/A;N/A;N/A;N/A;No;Sí;Sí;Sí;N/A;Sí;N/A;N/A;N/A;N/A;Sí;No;No;Sí;N/A;N/A;Sí;Sí;Sí;Sí;Sí;Sí;No;No;Sí;N/A;Sí
Hyundai;HB20;"S CONFORT";2019;"145878 km";;D.MORALESAUTOMOTORES;14900;;;;;"San Jacinto";https://auto.mercadolibre.com.uy/MLU-702084166-hyundai-hb20-s-confort-16-2019-muy-buen-estado-_JM;N/A;;"Hyundai Hb20 S Confort 1.6 2019 Muy Buen Estado!";usd;Sí;gold;false;N/A;N/A;http://perfil.mercadolibre.com.uy/D.MORALESAUTOMOTORES;active;N/A;N/A;Usado;Blanco;N/A;Hidráulica;Trasera;Sí;Sí;Sí;N/A;N/A;N/A;Sí;N/A;N/A;N/A;N/A;N/A;Sí;N/A;N/A;N/A;N/A;N/A;N/A;N/A;N/A;N/A;N/A;N/A;N/A;N/A;"1600 cc";N/A;5;N/A;N/A;N/A;N/A;N/A;N/A;N/A;N/A;N/A;N/A;N/A;N/A;N/A;N/A;N/A;N/A;N/A;N/A;N/A;N/A;N/A;N/A;N/A;N/A;N/A;N/A;N/A;N/A;N/A;N/A;N/A;N/A;N/A;N/A;N/A;N/A;N/A;N/A;N/A;N/A;N/A;N/A;N/A;N/A;N/A;N/A;N/A;N/A;N/A;N/A;N/A;N/A;N/A;N/A;N/A;N/A;N/A;N/A;N/A;N/A;N/A;N/A;N/A;N/A;N/A;N/A;N/A;N/A;N/A;N/A;N/A;N/A;N/A;N/A;"Lun. a Vie. de 9 a 18:30 hs. Sáb. de 9 a 12:30 hs";4;1.6;Nafta;Manual;Hatchback;"Autos y camionetas";No;N/A;N/A;N/A;No;N/A;UY;No;Sí;No;No;N/A;N/A;N/A;N/A;N/A;N/A;N/A;N/A;N/A;N/A;N/A;N/A;N/A;Sí;N/A;N/A;N/A;N/A;N/A;N/A;N/A;N/A;N/A;N/A;N/A;N/A;N/A;N/A;N/A;N/A;N/A;N/A;N/A;N/A;N/A;N/A;N/A;N/A;N/A;N/A;N/A;N/A;N/A;N/A;N/A;N/A;N/A;N/A;N/A;N/A;N/A;No;N/A;N/A;N/A;N/A;N/A;N/A;N/A;N/A;N/A;N/A;N/A;N/A;N/A;N/A;N/A;N/A;N/A;N/A;N/A;N/A;N/A;N/A;N/A;N/A;N/A;N/A;N/A;N/A;N/A;N/A;N/A;N/A;N/A;Sí;N/A;N/A;N/A;Sí;N/A;N/A;N/A;Sí;Sí;N/A;Sí;N/A;N/A;N/A;N/A;N/A;N/A;Sí;N/A;Sí;N/A;N/A;N/A;N/A;N/A
Hyundai;HB20;"1.0 Comfort Mt";2022;"53000 km";;"AMAYAPUENTE VENTASJOSE";15300;;;;;"San José de Carrasco";https://auto.mercadolibre.com.uy/MLU-702795984-hyundai-hb20-10-comfort-mt-ano-2022-excelente-estado-_JM;N/A;;"Hyundai Hb20 1.0 Comfort Mt Año 2022 Excelente Estado";usd;Sí;gold;false;N/A;N/A;http://perfil.mercadolibre.com.uy/AMAYAPUENTE+VENTASJOSE;active;N/A;N/A;Usado;Plateado;N/A;Hidráulica;Delantera;Sí;N/A;Sí;N/A;N/A;N/A;N/A;N/A;N/A;N/A;N/A;N/A;N/A;N/A;N/A;N/A;N/A;N/A;N/A;N/A;N/A;N/A;N/A;N/A;N/A;"2500 mm";"1 L";"50 L";6;N/A;N/A;N/A;N/A;N/A;N/A;N/A;N/A;N/A;N/A;N/A;N/A;N/A;N/A;N/A;N/A;N/A;N/A;N/A;N/A;N/A;N/A;N/A;N/A;N/A;N/A;N/A;N/A;N/A;N/A;N/A;N/A;N/A;Sí;Sí;N/A;N/A;N/A;N/A;N/A;N/A;N/A;N/A;N/A;N/A;"1470 mm";"3920 mm";N/A;N/A;N/A;N/A;5;"101 hp";N/A;N/A;4;"1680 mm";N/A;N/A;N/A;N/A;Sí;N/A;N/A;Sí;Sí;N/A;N/A;"13.8 km/l";N/A;N/A;N/A;N/A;N/A;N/A;5;1.0;Nafta;Manual;Hatchback;"Autos y camionetas";N/A;N/A;N/A;N/A;N/A;N/A;UY;N/A;N/A;N/A;N/A;N/A;N/A;N/A;N/A;N/A;N/A;N/A;N/A;N/A;N/A;N/A;N/A;N/A;N/A;N/A;N/A;N/A;N/A;N/A;N/A;N/A;N/A;N/A;N/A;N/A;N/A;N/A;N/A;N/A;N/A;N/A;N/A;N/A;N/A;N/A;N/A;N/A;N/A;N/A;N/A;N/A;N/A;N/A;N/A;N/A;N/A;N/A;N/A;N/A;N/A;N/A;N/A;N/A;N/A;N/A;N/A;N/A;N/A;N/A;N/A;N/A;N/A;N/A;N/A;N/A;N/A;N/A;N/A;N/A;N/A;N/A;N/A;N/A;N/A;N/A;N/A;N/A;N/A;N/A;N/A;N/A;N/A;N/A;N/A;N/A;N/A;N/A;N/A;N/A;N/A;N/A;N/A;N/A;N/A;N/A;N/A;N/A;N/A;N/A;N/A;N/A;Sí;N/A;N/A;N/A;Sí;N/A;N/A;Sí;N/A;Sí
Hyundai;HB20;"1.6 Comfort Plus 5p";2019;"54000 km";;"AMAYAPUENTE VENTASJOSE";14900;;;;;"San José de Carrasco";https://auto.mercadolibre.com.uy/MLU-701455532-hyundai-hb20-16-comfort-plus-5p-excelente-estado-_JM;N/A;;"Hyundai Hb20 1.6 Comfort Plus 5p Excelente Estado";usd;Sí;gold;false;N/A;N/A;http://perfil.mercadolibre.com.uy/AMAYAPUENTE+VENTASJOSE;active;N/A;N/A;Usado;Blanco;N/A;Hidráulica;Delantera;Sí;N/A;Sí;N/A;N/A;N/A;N/A;N/A;N/A;N/A;N/A;N/A;N/A;N/A;N/A;N/A;N/A;N/A;N/A;N/A;N/A;N/A;N/A;N/A;N/A;"2500 mm";"1.6 L";"50 L";6;N/A;N/A;N/A;N/A;N/A;N/A;N/A;N/A;N/A;N/A;N/A;N/A;N/A;N/A;N/A;N/A;N/A;N/A;N/A;N/A;N/A;N/A;N/A;N/A;N/A;N/A;N/A;N/A;N/A;N/A;N/A;N/A;N/A;Sí;Sí;N/A;N/A;N/A;N/A;N/A;N/A;N/A;N/A;N/A;N/A;"1470 mm";"3920 mm";N/A;N/A;N/A;N/A;5;"122 hp";"Comfort Plus";N/A;4;"1680 mm";N/A;N/A;N/A;N/A;Sí;N/A;N/A;Sí;Sí;N/A;N/A;"13.8 km/l";N/A;N/A;N/A;N/A;N/A;"Atención permanente";5;1.6;Nafta;Manual;Hatchback;"Autos y camionetas";N/A;N/A;N/A;N/A;N/A;N/A;UY;N/A;N/A;N/A;N/A;N/A;N/A;N/A;N/A;N/A;N/A;N/A;N/A;N/A;N/A;N/A;N/A;N/A;N/A;N/A;N/A;N/A;N/A;N/A;N/A;N/A;N/A;N/A;N/A;N/A;N/A;N/A;N/A;N/A;N/A;N/A;N/A;N/A;N/A;N/A;N/A;N/A;N/A;N/A;N/A;N/A;N/A;N/A;N/A;N/A;N/A;N/A;N/A;N/A;N/A;N/A;N/A;N/A;N/A;N/A;N/A;N/A;N/A;N/A;N/A;N/A;N/A;N/A;N/A;N/A;N/A;N/A;N/A;N/A;N/A;N/A;N/A;N/A;N/A;N/A;N/A;N/A;N/A;N/A;N/A;N/A;N/A;N/A;N/A;N/A;N/A;N/A;N/A;N/A;N/A;N/A;N/A;N/A;N/A;N/A;N/A;N/A;N/A;N/A;N/A;N/A;Sí;N/A;N/A;N/A;Sí;N/A;N/A;Sí;N/A;Sí
Hyundai;Accent;"Gl E/FULL U/D 21 MILKM USD8.000 + 36 DE $8.000";2015;"21000 km";;KORUCAR_AUTOMOVILES;15800;;;;;Unión;https://auto.mercadolibre.com.uy/MLU-699525124-hyundai-accent-gl-efull-ud-21-milkm-usd800036-de-8000-_JM;N/A;;"Hyundai Accent Gl E/full U/d 21 Milkm Usd8.000+36 De $8.000 ";usd;Sí;gold;false;N/A;N/A;http://perfil.mercadolibre.com.uy/KORUCAR_AUTOMOVILES;active;N/A;N/A;Usado;Blanco;Sí;Hidráulica;Delantera;Sí;Sí;Sí;N/A;N/A;N/A;Sí;Sí;N/A;N/A;Sí;N/A;Sí;N/A;Sí;N/A;N/A;N/A;N/A;N/A;N/A;N/A;N/A;N/A;N/A;N/A;"1400 cc";N/A;6;N/A;N/A;N/A;N/A;N/A;N/A;N/A;N/A;N/A;N/A;N/A;N/A;N/A;N/A;N/A;N/A;N/A;N/A;N/A;N/A;N/A;N/A;N/A;Sí;N/A;Sí;N/A;N/A;N/A;N/A;N/A;N/A;N/A;N/A;N/A;N/A;Sí;N/A;N/A;N/A;N/A;N/A;N/A;N/A;N/A;N/A;N/A;N/A;N/A;N/A;N/A;N/A;"108 hp";Gl;N/A;N/A;N/A;"13 km/l";N/A;N/A;N/A;Sí;N/A;Sí;Sí;N/A;N/A;N/A;"15 km/l";N/A;N/A;N/A;N/A;Sí;"Lun. a Vie. de 9 a 18 hs. Sáb. de 9 a 13 hs.";4;1.4;Nafta;Automática;Hatchback;"Autos y camionetas";No;N/A;N/A;N/A;No;N/A;UY;No;Sí;No;No;N/A;N/A;N/A;N/A;N/A;N/A;N/A;N/A;N/A;N/A;N/A;N/A;N/A;N/A;N/A;N/A;N/A;N/A;N/A;N/A;N/A;N/A;N/A;N/A;N/A;N/A;N/A;N/A;N/A;N/A;N/A;N/A;N/A;N/A;N/A;N/A;N/A;N/A;N/A;N/A;N/A;N/A;N/A;N/A;N/A;N/A;N/A;N/A;N/A;N/A;N/A;No;N/A;N/A;N/A;N/A;N/A;N/A;N/A;N/A;N/A;N/A;N/A;N/A;N/A;N/A;N/A;N/A;N/A;N/A;N/A;N/A;N/A;N/A;N/A;N/A;N/A;N/A;N/A;N/A;N/A;N/A;N/A;N/A;N/A;Sí;N/A;Sí;N/A;Sí;Sí;Sí;N/A;Sí;Sí;N/A;Sí;N/A;N/A;Sí;N/A;Sí;N/A;Sí;Sí;Sí;N/A;N/A;Sí;N/A;Sí
Hyundai;HB20S;"1.0 Premium Mt";2023;"38000 km";;BRAGAJOSE20220505191744;17900;;;;;Maldonado;https://auto.mercadolibre.com.uy/MLU-647389755-hyundai-hb20s-_JM;N/A;;"Hyundai Hb20s";usd;Sí;gold;false;N/A;N/A;http://perfil.mercadolibre.com.uy/BRAGAJOSE20220505191744;active;N/A;N/A;Usado;Dorado;N/A;Hidráulica;Delantera;Sí;N/A;N/A;N/A;N/A;N/A;N/A;N/A;N/A;N/A;N/A;N/A;N/A;N/A;N/A;N/A;N/A;N/A;N/A;N/A;N/A;N/A;N/A;N/A;N/A;"2500 mm";"1 L";"50 L";5;N/A;N/A;N/A;N/A;N/A;N/A;N/A;N/A;N/A;N/A;N/A;N/A;N/A;N/A;N/A;N/A;N/A;N/A;N/A;N/A;N/A;N/A;N/A;N/A;N/A;N/A;N/A;N/A;N/A;N/A;N/A;N/A;N/A;Sí;Sí;N/A;N/A;N/A;N/A;N/A;N/A;N/A;N/A;N/A;N/A;"1500 mm";"4200 mm";N/A;N/A;N/A;N/A;5;"80 hp";Comfort;N/A;4;"1680 mm";N/A;N/A;N/A;N/A;Sí;N/A;N/A;Sí;Sí;N/A;N/A;"12.8 km/l";N/A;N/A;N/A;N/A;N/A;N/A;4;1.0;Nafta;Manual;Sedán;"Autos y camionetas";N/A;N/A;N/A;N/A;N/A;N/A;UY;N/A;N/A;N/A;N/A;N/A;N/A;N/A;N/A;N/A;N/A;N/A;N/A;N/A;N/A;N/A;N/A;N/A;N/A;N/A;N/A;N/A;N/A;N/A;N/A;N/A;N/A;N/A;N/A;N/A;N/A;N/A;N/A;N/A;N/A;N/A;N/A;N/A;N/A;N/A;N/A;N/A;N/A;N/A;N/A;N/A;N/A;N/A;N/A;N/A;N/A;N/A;N/A;N/A;N/A;N/A;N/A;N/A;N/A;N/A;N/A;N/A;N/A;N/A;N/A;N/A;N/A;N/A;N/A;N/A;N/A;N/A;N/A;N/A;N/A;N/A;N/A;N/A;N/A;N/A;N/A;N/A;N/A;N/A;N/A;N/A;N/A;N/A;N/A;N/A;N/A;N/A;N/A;N/A;N/A;N/A;N/A;N/A;N/A;N/A;N/A;N/A;N/A;N/A;N/A;N/A;Sí;N/A;N/A;N/A;Sí;N/A;N/A;Sí;N/A;Sí
Hyundai;HB20;"1.0 Comfort Mt";2022;"10300 km";;BRAGAJOSE20220505191744;16500;;;;;Maldonado;https://auto.mercadolibre.com.uy/MLU-702947400-hyundai-hb-20-_JM;N/A;;"Hyundai Hb 20";usd;Sí;gold;false;N/A;N/A;http://perfil.mercadolibre.com.uy/BRAGAJOSE20220505191744;active;N/A;N/A;Usado;Dorado;N/A;Hidráulica;Delantera;Sí;N/A;Sí;N/A;N/A;N/A;N/A;N/A;N/A;N/A;N/A;N/A;N/A;N/A;N/A;N/A;N/A;N/A;N/A;N/A;N/A;N/A;N/A;N/A;N/A;"2500 mm";"1 L";"50 L";6;N/A;N/A;N/A;N/A;N/A;N/A;N/A;N/A;N/A;N/A;N/A;N/A;N/A;N/A;N/A;N/A;N/A;N/A;N/A;N/A;N/A;N/A;N/A;N/A;N/A;N/A;N/A;N/A;N/A;N/A;N/A;N/A;N/A;Sí;Sí;N/A;N/A;N/A;N/A;N/A;N/A;N/A;N/A;N/A;N/A;"1470 mm";"3920 mm";N/A;N/A;N/A;N/A;5;"101 hp";N/A;N/A;4;"1680 mm";N/A;N/A;N/A;N/A;Sí;N/A;N/A;Sí;Sí;N/A;N/A;"13.8 km/l";N/A;N/A;N/A;N/A;N/A;N/A;5;1.0;Nafta;Manual;Hatchback;"Autos y camionetas";N/A;N/A;N/A;N/A;N/A;N/A;UY;N/A;N/A;N/A;N/A;N/A;N/A;N/A;N/A;N/A;N/A;N/A;N/A;N/A;N/A;N/A;N/A;N/A;N/A;N/A;N/A;N/A;N/A;N/A;N/A;N/A;N/A;N/A;N/A;N/A;N/A;N/A;N/A;N/A;N/A;N/A;N/A;N/A;N/A;N/A;N/A;N/A;N/A;N/A;N/A;N/A;N/A;N/A;N/A;N/A;N/A;N/A;N/A;N/A;N/A;N/A;N/A;N/A;N/A;N/A;N/A;N/A;N/A;N/A;N/A;N/A;N/A;N/A;N/A;N/A;N/A;N/A;N/A;N/A;N/A;N/A;N/A;N/A;N/A;N/A;N/A;N/A;N/A;N/A;N/A;N/A;N/A;N/A;N/A;N/A;N/A;N/A;N/A;N/A;N/A;N/A;N/A;N/A;N/A;N/A;N/A;N/A;N/A;N/A;N/A;N/A;Sí;N/A;N/A;N/A;Sí;N/A;N/A;Sí;N/A;Sí
Hyundai;Creta;"LIMTED AT TURBO";2024;"0 km";;"RIVEROAUTOMOTORES TACUAREMBÓ";35490;;;;;Tacuarembó;https://auto.mercadolibre.com.uy/MLU-701429912-hyundai-creta-limted-at-turbo-10-2024-0km-_JM;N/A;;"Hyundai Creta Limted At Turbo 1.0 2024 0km";usd;Sí;gold;false;N/A;N/A;http://perfil.mercadolibre.com.uy/RIVEROAUTOMOTORES+TACUAREMB%C3%93;active;N/A;N/A;Nuevo;Plateado;N/A;Eléctrica;N/A;N/A;Sí;Sí;Sí;N/A;N/A;Sí;Sí;Sí;Sí;Sí;Sí;Sí;N/A;N/A;N/A;N/A;N/A;N/A;N/A;N/A;N/A;N/A;N/A;N/A;N/A;"1000 cc";N/A;6;N/A;N/A;Sí;Sí;Sí;Sí;Sí;N/A;N/A;N/A;N/A;N/A;N/A;N/A;N/A;N/A;N/A;N/A;N/A;N/A;N/A;Sí;N/A;Sí;N/A;Sí;N/A;Sí;N/A;N/A;N/A;N/A;N/A;N/A;N/A;N/A;N/A;N/A;N/A;N/A;N/A;N/A;Sí;N/A;N/A;N/A;N/A;N/A;N/A;N/A;N/A;N/A;N/A;N/A;N/A;N/A;N/A;N/A;N/A;N/A;Sí;Sí;Sí;N/A;Sí;Sí;Sí;N/A;N/A;Sí;N/A;N/A;N/A;Sí;"Lun. a Vie. de 8 a 12 y de 14 a 19 hs. Sáb de 8 a 13 hs";5;1.0;Nafta;Automática;SUV;"Autos y camionetas";No;N/A;N/A;N/A;No;N/A;UY;No;Sí;No;No;N/A;N/A;N/A;N/A;N/A;N/A;N/A;N/A;N/A;N/A;N/A;N/A;N/A;N/A;N/A;N/A;N/A;N/A;N/A;N/A;N/A;N/A;N/A;N/A;N/A;N/A;N/A;N/A;N/A;N/A;N/A;N/A;Sí;N/A;N/A;N/A;N/A;N/A;N/A;N/A;N/A;N/A;N/A;N/A;N/A;N/A;N/A;N/A;N/A;N/A;Sí;No;N/A;N/A;N/A;N/A;N/A;N/A;N/A;N/A;N/A;N/A;N/A;N/A;N/A;N/A;N/A;N/A;N/A;N/A;N/A;N/A;N/A;N/A;N/A;N/A;N/A;N/A;N/A;N/A;N/A;N/A;N/A;N/A;N/A;Sí;Sí;Sí;Sí;Sí;Sí;Sí;N/A;Sí;Sí;Sí;Sí;N/A;N/A;Sí;Sí;Sí;N/A;Sí;Sí;Sí;N/A;N/A;N/A;N/A;Sí
Hyundai;Kona;safe;2024;"0 km";;"RIVEROAUTOMOTORES TACUAREMBÓ";41990;;;;;Tacuarembó;https://auto.mercadolibre.com.uy/MLU-635778131-hyundai-kona-safe-16-2024-0km-_JM;N/A;;"Hyundai Kona Safe 1.6 2024 0km";USD;Sí;gold;false;N/A;N/A;http://perfil.mercadolibre.com.uy/RIVEROAUTOMOTORES+TACUAREMB%C3%93;active;N/A;N/A;Nuevo;Negro;N/A;Eléctrica;N/A;Sí;N/A;Sí;N/A;N/A;N/A;Sí;Sí;N/A;Sí;Sí;Sí;Sí;N/A;N/A;N/A;N/A;N/A;N/A;N/A;N/A;N/A;N/A;N/A;N/A;N/A;"1600 cc";N/A;6;N/A;N/A;Sí;Sí;Sí;Sí;N/A;N/A;N/A;N/A;N/A;N/A;N/A;N/A;N/A;N/A;N/A;N/A;N/A;N/A;N/A;N/A;N/A;Sí;N/A;Sí;N/A;Sí;N/A;N/A;N/A;N/A;N/A;N/A;N/A;N/A;N/A;N/A;N/A;N/A;N/A;N/A;Sí;N/A;N/A;N/A;N/A;N/A;N/A;N/A;N/A;N/A;"141 hp";N/A;N/A;N/A;N/A;"23 km/l";N/A;N/A;Sí;N/A;Sí;N/A;Sí;Sí;N/A;N/A;"23 km/l";N/A;N/A;N/A;N/A;Sí;"Lun. a Vie. de 8 a 12 y de 14 a 19 hs. Sáb de 8 a 13 hs";5;1.6;Híbrido;Automática;SUV;"Autos y camionetas";No;N/A;N/A;N/A;No;N/A;N/A;No;Sí;No;No;N/A;N/A;N/A;N/A;N/A;N/A;N/A;N/A;N/A;N/A;N/A;N/A;N/A;Sí;N/A;N/A;N/A;N/A;N/A;N/A;N/A;N/A;N/A;N/A;N/A;N/A;N/A;N/A;N/A;N/A;N/A;N/A;Sí;N/A;N/A;N/A;N/A;N/A;N/A;N/A;N/A;N/A;N/A;N/A;N/A;N/A;N/A;N/A;N/A;N/A;Sí;No;N/A;N/A;N/A;N/A;N/A;N/A;N/A;N/A;N/A;N/A;N/A;N/A;N/A;N/A;N/A;N/A;N/A;N/A;N/A;N/A;N/A;N/A;N/A;N/A;N/A;N/A;N/A;N/A;N/A;N/A;N/A;N/A;N/A;Sí;Sí;Sí;Sí;Sí;Sí;Sí;N/A;Sí;Sí;N/A;Sí;N/A;N/A;Sí;Sí;Sí;N/A;Sí;N/A;Sí;N/A;N/A;N/A;N/A;Sí
Hyundai;Creta;"1.0 turbo Limited";2024;"0 km";;KONIFANSAHERNANDEZ;34990;;;;;"Colonia del Sacramento";https://auto.mercadolibre.com.uy/MLU-676576638-hyundai-creta-10-turbo-limited-_JM;N/A;;"Hyundai Creta 1.0 Turbo Limited";USD;Sí;gold;false;N/A;N/A;http://perfil.mercadolibre.com.uy/KONIFANSAHERNANDEZ;active;N/A;N/A;Nuevo;N/A;N/A;N/A;N/A;N/A;N/A;N/A;N/A;N/A;N/A;N/A;N/A;N/A;N/A;N/A;N/A;N/A;N/A;N/A;N/A;N/A;N/A;N/A;N/A;N/A;N/A;N/A;N/A;N/A;N/A;N/A;N/A;N/A;N/A;N/A;N/A;N/A;N/A;N/A;N/A;N/A;N/A;N/A;N/A;N/A;N/A;N/A;N/A;N/A;N/A;N/A;N/A;N/A;N/A;N/A;N/A;N/A;N/A;N/A;N/A;N/A;N/A;N/A;N/A;N/A;N/A;N/A;N/A;N/A;N/A;N/A;N/A;N/A;N/A;N/A;N/A;N/A;N/A;N/A;N/A;N/A;N/A;N/A;N/A;N/A;N/A;N/A;N/A;N/A;N/A;N/A;N/A;N/A;N/A;N/A;N/A;N/A;N/A;N/A;N/A;N/A;N/A;N/A;N/A;N/A;N/A;N/A;N/A;5;N/A;Nafta;N/A;N/A;"Autos y camionetas";N/A;N/A;N/A;N/A;N/A;N/A;N/A;N/A;N/A;N/A;N/A;N/A;N/A;N/A;N/A;N/A;N/A;N/A;N/A;N/A;N/A;N/A;N/A;N/A;N/A;N/A;N/A;N/A;N/A;N/A;N/A;N/A;N/A;N/A;N/A;N/A;N/A;N/A;N/A;N/A;N/A;N/A;N/A;N/A;N/A;N/A;N/A;N/A;N/A;N/A;N/A;N/A;N/A;N/A;N/A;N/A;N/A;N/A;N/A;N/A;N/A;N/A;N/A;N/A;N/A;N/A;N/A;N/A;N/A;N/A;N/A;N/A;N/A;N/A;N/A;N/A;N/A;N/A;N/A;N/A;N/A;N/A;N/A;N/A;N/A;N/A;N/A;N/A;N/A;N/A;N/A;N/A;N/A;N/A;N/A;N/A;N/A;N/A;N/A;N/A;N/A;N/A;N/A;N/A;N/A;N/A;N/A;N/A;N/A;N/A;N/A;N/A;N/A;N/A;N/A;N/A;N/A;N/A;N/A;N/A;N/A;N/A
Hyundai;HB20;"Premium At";2025;"0 km";;"RIVEROAUTOMOTORES TACUAREMBÓ";24990;;;;;Tacuarembó;https://auto.mercadolibre.com.uy/MLU-680111842-hyundai-hb20-premium-at-16-2025-0km-_JM;N/A;;"Hyundai Hb20 Premium At 1.6 2025 0km";usd;Sí;gold;false;N/A;N/A;http://perfil.mercadolibre.com.uy/RIVEROAUTOMOTORES+TACUAREMB%C3%93;active;N/A;N/A;Nuevo;Plateado;N/A;Eléctrica;N/A;Sí;N/A;Sí;N/A;N/A;N/A;Sí;N/A;N/A;Sí;N/A;Sí;Sí;N/A;N/A;N/A;N/A;N/A;N/A;N/A;N/A;N/A;N/A;N/A;N/A;N/A;"1600 cc";N/A;6;N/A;N/A;Sí;Sí;Sí;Sí;N/A;N/A;N/A;N/A;N/A;N/A;N/A;N/A;N/A;N/A;N/A;N/A;N/A;N/A;N/A;N/A;N/A;Sí;N/A;Sí;N/A;Sí;N/A;N/A;N/A;N/A;N/A;N/A;N/A;N/A;N/A;N/A;N/A;N/A;N/A;N/A;Sí;N/A;N/A;N/A;N/A;N/A;N/A;N/A;N/A;N/A;N/A;Premium;N/A;N/A;N/A;N/A;N/A;N/A;N/A;N/A;Sí;N/A;Sí;N/A;N/A;N/A;N/A;N/A;N/A;N/A;N/A;Sí;"Lun. a Vie. de 8 a 12 y de 14 a 19 hs. Sáb de 8 a 13 hs";5;1.6;Nafta;Automática;Hatchback;"Autos y camionetas";No;N/A;N/A;N/A;No;N/A;UY;No;Sí;No;No;N/A;N/A;N/A;N/A;N/A;N/A;N/A;N/A;N/A;N/A;N/A;N/A;N/A;Sí;N/A;N/A;N/A;N/A;N/A;N/A;N/A;N/A;N/A;N/A;N/A;N/A;N/A;N/A;N/A;N/A;N/A;N/A;Sí;N/A;N/A;N/A;N/A;N/A;N/A;N/A;N/A;N/A;N/A;N/A;N/A;N/A;N/A;N/A;N/A;N/A;Sí;No;N/A;N/A;N/A;N/A;N/A;N/A;N/A;N/A;N/A;N/A;N/A;N/A;N/A;N/A;N/A;N/A;N/A;N/A;N/A;N/A;N/A;N/A;N/A;N/A;N/A;N/A;N/A;N/A;N/A;N/A;N/A;N/A;N/A;Sí;Sí;Sí;Sí;Sí;N/A;N/A;N/A;Sí;Sí;N/A;N/A;N/A;N/A;Sí;Sí;Sí;N/A;Sí;N/A;Sí;N/A;N/A;N/A;N/A;Sí
Hyundai;Ioniq;SAFE;2024;"0 km";;HYUNDAIPUNTADELESTE;58990;;;;;Maldonado;https://auto.mercadolibre.com.uy/MLU-639860709-hyundai-ioniq-5-safe-_JM;N/A;;"Hyundai Ioniq 5 Safe ";USD;Sí;gold;false;N/A;N/A;http://perfil.mercadolibre.com.uy/HYUNDAIPUNTADELESTE;active;N/A;N/A;Nuevo;Gris;N/A;Eléctrica;4x2;Sí;Sí;N/A;N/A;N/A;Sí;N/A;N/A;No;N/A;N/A;Sí;Sí;N/A;No;N/A;N/A;N/A;N/A;N/A;N/A;N/A;N/A;N/A;N/A;N/A;N/A;N/A;N/A;N/A;N/A;N/A;N/A;N/A;Sí;N/A;N/A;N/A;N/A;N/A;N/A;N/A;N/A;N/A;N/A;N/A;N/A;N/A;N/A;N/A;N/A;N/A;N/A;N/A;N/A;N/A;N/A;N/A;No;N/A;N/A;N/A;N/A;N/A;N/A;N/A;N/A;N/A;N/A;N/A;N/A;N/A;N/A;N/A;N/A;N/A;N/A;N/A;N/A;N/A;N/A;N/A;N/A;N/A;N/A;N/A;N/A;No;N/A;Sí;Sí;N/A;Sí;Sí;N/A;No;N/A;N/A;Sí;No;N/A;N/A;No;"LUNES A SABADO DE 9:30 A 19:30";5;"168 KW (228 cv)";Eléctrico;Automática;SUV;"Autos y camionetas";No;N/A;N/A;N/A;No;N/A;N/A;N/A;Sí;N/A;No;N/A;N/A;N/A;N/A;N/A;N/A;N/A;N/A;N/A;N/A;N/A;N/A;N/A;Sí;N/A;N/A;N/A;N/A;N/A;N/A;N/A;N/A;N/A;N/A;N/A;N/A;N/A;N/A;N/A;N/A;N/A;N/A;Sí;N/A;N/A;N/A;N/A;N/A;N/A;N/A;N/A;N/A;N/A;N/A;N/A;N/A;N/A;N/A;N/A;N/A;Sí;No;N/A;N/A;N/A;N/A;N/A;N/A;N/A;N/A;N/A;N/A;N/A;N/A;N/A;N/A;N/A;N/A;N/A;N/A;N/A;N/A;N/A;N/A;N/A;N/A;N/A;N/A;N/A;N/A;N/A;N/A;N/A;N/A;No;Sí;Sí;Sí;N/A;Sí;N/A;N/A;N/A;N/A;Sí;Sí;Sí;Sí;N/A;N/A;Sí;Sí;Sí;Sí;Sí;Sí;No;No;Sí;N/A;Sí
Hyundai;"Kona Hybrid";"1.6 Gdi Safe";2024;"0 km";;KONIFANSAHERNANDEZ;41990;;;;;"Colonia del Sacramento";https://auto.mercadolibre.com.uy/MLU-680880922-hyundai-kona-hybrid-2023-16-gdi-safe-_JM;N/A;;"Hyundai Kona Hybrid 2023 1.6 Gdi Safe";usd;Sí;gold;false;N/A;N/A;http://perfil.mercadolibre.com.uy/KONIFANSAHERNANDEZ;active;N/A;N/A;Nuevo;Gris;N/A;N/A;Delantera;N/A;N/A;N/A;N/A;N/A;N/A;N/A;N/A;N/A;N/A;N/A;N/A;N/A;N/A;N/A;N/A;N/A;N/A;N/A;N/A;N/A;N/A;N/A;N/A;N/A;"2660 mm";"1.6 L";"38 L";N/A;N/A;N/A;N/A;N/A;N/A;N/A;N/A;N/A;N/A;N/A;N/A;N/A;N/A;N/A;N/A;N/A;N/A;N/A;N/A;N/A;N/A;N/A;N/A;N/A;N/A;N/A;N/A;N/A;N/A;N/A;N/A;N/A;N/A;N/A;N/A;N/A;N/A;N/A;N/A;N/A;N/A;N/A;N/A;N/A;N/A;"1575 mm";"4355 mm";N/A;N/A;N/A;N/A;5;"105 hp";Safe;N/A;4;"1825 mm";N/A;N/A;N/A;N/A;N/A;N/A;N/A;N/A;N/A;N/A;N/A;N/A;N/A;N/A;N/A;N/A;N/A;N/A;5;1.6;Híbrido;Automática;SUV;"Autos y camionetas";N/A;N/A;N/A;N/A;N/A;N/A;UY;N/A;N/A;N/A;N/A;N/A;N/A;N/A;N/A;N/A;N/A;N/A;N/A;N/A;N/A;N/A;N/A;N/A;N/A;N/A;N/A;N/A;N/A;N/A;N/A;N/A;N/A;N/A;N/A;N/A;N/A;N/A;N/A;N/A;N/A;N/A;N/A;N/A;N/A;N/A;N/A;N/A;N/A;N/A;N/A;N/A;N/A;N/A;N/A;N/A;N/A;N/A;N/A;N/A;N/A;N/A;N/A;N/A;N/A;N/A;N/A;N/A;N/A;N/A;N/A;N/A;N/A;N/A;N/A;N/A;N/A;N/A;N/A;N/A;N/A;N/A;N/A;N/A;N/A;N/A;N/A;N/A;N/A;N/A;N/A;N/A;N/A;N/A;N/A;N/A;N/A;N/A;N/A;N/A;N/A;N/A;N/A;N/A;N/A;N/A;N/A;N/A;N/A;N/A;N/A;N/A;N/A;N/A;N/A;N/A;N/A;N/A;N/A;N/A;N/A;N/A
Hyundai;HB20;"1.0 Comfort Mt";2024;"0 km";;HYUNDAIPUNTADELESTE;16990;;;;;Maldonado;https://auto.mercadolibre.com.uy/MLU-672596716-hyundai-hb20-confort-10-hatch-mt-2025-_JM;N/A;;"Hyundai Hb20 Confort 1.0 Hatch Mt 2025'";usd;Sí;gold;false;N/A;N/A;http://perfil.mercadolibre.com.uy/HYUNDAIPUNTADELESTE;active;N/A;N/A;Nuevo;Plateado;N/A;Hidráulica;Delantera;Sí;Sí;Sí;N/A;N/A;No;N/A;N/A;No;N/A;N/A;No;Sí;N/A;No;N/A;N/A;N/A;N/A;N/A;N/A;N/A;N/A;N/A;N/A;"2500 mm";"1 L";"50 L";6;N/A;N/A;N/A;N/A;N/A;No;N/A;N/A;N/A;N/A;N/A;N/A;N/A;N/A;N/A;N/A;N/A;N/A;N/A;N/A;N/A;N/A;N/A;N/A;N/A;N/A;N/A;N/A;N/A;No;N/A;N/A;N/A;Sí;Sí;N/A;N/A;N/A;N/A;N/A;N/A;N/A;N/A;N/A;N/A;"1470 mm";"3920 mm";N/A;N/A;N/A;N/A;5;"101 hp";N/A;N/A;4;"1680 mm";N/A;No;N/A;No;Sí;N/A;No;Sí;Sí;No;N/A;"13.8 km/l";Sí;No;N/A;N/A;No;"LUNES A SABADO 9:30 A 19:30";5;1.0;Nafta;Manual;Hatchback;"Autos y camionetas";No;N/A;N/A;N/A;No;N/A;UY;N/A;Sí;N/A;No;N/A;N/A;N/A;N/A;N/A;N/A;N/A;N/A;N/A;N/A;N/A;N/A;N/A;No;N/A;N/A;N/A;N/A;N/A;N/A;N/A;N/A;N/A;N/A;N/A;N/A;N/A;N/A;N/A;N/A;N/A;N/A;Sí;N/A;N/A;N/A;N/A;N/A;N/A;N/A;N/A;N/A;N/A;N/A;N/A;N/A;N/A;N/A;N/A;N/A;Sí;No;N/A;N/A;N/A;N/A;N/A;N/A;N/A;N/A;N/A;N/A;N/A;N/A;N/A;N/A;N/A;N/A;N/A;N/A;N/A;N/A;N/A;N/A;N/A;N/A;N/A;N/A;N/A;N/A;N/A;N/A;N/A;N/A;No;Sí;No;No;N/A;Sí;N/A;N/A;N/A;N/A;Sí;No;No;Sí;N/A;N/A;Sí;Sí;Sí;N/A;N/A;Sí;No;No;Sí;N/A;Sí
Hyundai;Creta;"1.6 Limited Premium";2018;"120000 km";;ROVELLAAUTOMOVILES;19490;;;;;Goes;https://auto.mercadolibre.com.uy/MLU-702861520-hyundai-creta-2018-extra-full-en-impecable-estado-vendo-_JM;N/A;;"Hyundai Creta 2018 Extra Full En Impecable Estado Vendo!!";usd;Sí;gold;false;N/A;N/A;http://perfil.mercadolibre.com.uy/ROVELLAAUTOMOVILES;active;N/A;N/A;Usado;Dorado;N/A;Eléctrica;4x2;N/A;N/A;Sí;N/A;N/A;N/A;N/A;N/A;N/A;N/A;N/A;N/A;N/A;N/A;N/A;N/A;N/A;N/A;N/A;N/A;N/A;N/A;N/A;N/A;N/A;"2590 mm";"1.6 L";"58 L";5;N/A;N/A;N/A;N/A;N/A;N/A;N/A;N/A;N/A;N/A;N/A;N/A;N/A;N/A;N/A;N/A;N/A;N/A;N/A;N/A;N/A;N/A;N/A;N/A;N/A;N/A;N/A;N/A;N/A;N/A;N/A;N/A;N/A;Sí;Sí;N/A;N/A;N/A;N/A;N/A;N/A;N/A;N/A;N/A;N/A;"1635 mm";"4440 mm";N/A;N/A;N/A;N/A;5;"163 hp";"Limited Premium";N/A;4;"1898 mm";N/A;N/A;N/A;N/A;Sí;N/A;N/A;Sí;N/A;N/A;N/A;N/A;N/A;N/A;N/A;N/A;N/A;"Lunes a viernes";5;1.6;Nafta;Manual;SUV;"Autos y camionetas";N/A;N/A;N/A;N/A;N/A;N/A;UY;N/A;N/A;N/A;N/A;N/A;N/A;N/A;N/A;N/A;N/A;N/A;N/A;N/A;N/A;N/A;N/A;N/A;N/A;N/A;N/A;N/A;N/A;N/A;N/A;N/A;N/A;N/A;N/A;N/A;N/A;N/A;N/A;N/A;N/A;N/A;N/A;N/A;N/A;N/A;N/A;N/A;N/A;N/A;N/A;N/A;N/A;N/A;N/A;N/A;N/A;N/A;N/A;N/A;N/A;N/A;N/A;N/A;N/A;N/A;N/A;N/A;N/A;N/A;N/A;N/A;N/A;N/A;N/A;N/A;N/A;N/A;N/A;N/A;N/A;N/A;N/A;N/A;N/A;N/A;N/A;N/A;N/A;N/A;N/A;N/A;N/A;N/A;N/A;N/A;N/A;N/A;N/A;N/A;N/A;N/A;N/A;N/A;N/A;N/A;N/A;N/A;N/A;N/A;N/A;N/A;Sí;N/A;N/A;N/A;N/A;N/A;N/A;Sí;N/A;N/A
Hyundai;HB20;"HB20 S 1.6";2020;"130000 km";;"ETCHENIQUE AUTOMÓVILES";14500;;;;;Centro;https://auto.mercadolibre.com.uy/MLU-702873740-hyundai-hb20-s-16-tope-de-gama-unico-dueno-excelente-estado-_JM;N/A;;"Hyundai Hb20 S 1.6 Tope De Gama Unico Dueño Excelente Estado";USD;Sí;gold;false;N/A;N/A;http://perfil.mercadolibre.com.uy/ETCHENIQUE+AUTOM%C3%93VILES;active;N/A;N/A;Usado;Gris;Sí;Hidráulica;Delantera;Sí;Sí;N/A;N/A;N/A;N/A;N/A;N/A;N/A;N/A;N/A;Sí;Sí;N/A;N/A;N/A;N/A;N/A;N/A;N/A;N/A;N/A;N/A;N/A;N/A;N/A;N/A;N/A;N/A;N/A;N/A;N/A;N/A;N/A;N/A;N/A;N/A;N/A;N/A;N/A;N/A;N/A;N/A;N/A;N/A;N/A;N/A;N/A;N/A;N/A;N/A;N/A;N/A;N/A;N/A;N/A;N/A;N/A;N/A;N/A;N/A;N/A;N/A;N/A;N/A;N/A;N/A;N/A;N/A;N/A;N/A;N/A;N/A;N/A;N/A;N/A;N/A;N/A;N/A;N/A;N/A;N/A;N/A;N/A;N/A;N/A;N/A;Sí;N/A;N/A;Sí;N/A;Sí;Sí;N/A;N/A;N/A;N/A;N/A;N/A;N/A;N/A;N/A;"Lunes a Viernes de 9:00 a 19:00 y Sábados de 9:00 a 13:00hs.";4;1.6;Nafta;"Automática secuencial";Sedán;"Autos y camionetas";N/A;N/A;N/A;N/A;N/A;N/A;N/A;N/A;Sí;N/A;N/A;N/A;N/A;N/A;N/A;N/A;N/A;N/A;N/A;N/A;N/A;N/A;N/A;N/A;Sí;N/A;N/A;N/A;N/A;N/A;N/A;N/A;N/A;N/A;N/A;N/A;N/A;N/A;N/A;N/A;N/A;N/A;N/A;N/A;N/A;N/A;N/A;N/A;N/A;N/A;N/A;N/A;N/A;N/A;N/A;N/A;N/A;N/A;N/A;N/A;N/A;N/A;N/A;N/A;N/A;N/A;N/A;N/A;N/A;N/A;N/A;N/A;N/A;N/A;N/A;N/A;N/A;N/A;N/A;N/A;N/A;N/A;N/A;N/A;N/A;N/A;N/A;N/A;N/A;N/A;N/A;N/A;N/A;N/A;N/A;N/A;Sí;N/A;Sí;N/A;Sí;N/A;N/A;N/A;N/A;Sí;N/A;N/A;N/A;N/A;N/A;Sí;Sí;N/A;Sí;N/A;Sí;N/A;N/A;Sí;N/A;Sí
Hyundai;HB20;"HB20 S";2020;"125000 km";;"ETCHENIQUE AUTOMÓVILES";14900;;;;;Centro;https://auto.mercadolibre.com.uy/MLU-702898822-hyundai-hb20-s-16-tope-de-gama-unico-dueno-excelente-estado-_JM;N/A;;"Hyundai Hb20 S 1.6 Tope De Gama Unico Dueño Excelente Estado";USD;Sí;gold;false;N/A;N/A;http://perfil.mercadolibre.com.uy/ETCHENIQUE+AUTOM%C3%93VILES;active;N/A;N/A;Usado;Gris;Sí;Hidráulica;Delantera;Sí;Sí;N/A;N/A;N/A;N/A;N/A;N/A;N/A;N/A;N/A;Sí;Sí;N/A;N/A;N/A;N/A;N/A;N/A;N/A;N/A;N/A;N/A;N/A;N/A;N/A;N/A;N/A;N/A;N/A;N/A;N/A;N/A;N/A;N/A;N/A;N/A;N/A;N/A;N/A;N/A;N/A;N/A;N/A;N/A;N/A;N/A;N/A;N/A;N/A;N/A;N/A;N/A;N/A;N/A;N/A;N/A;N/A;N/A;N/A;N/A;N/A;N/A;N/A;N/A;N/A;N/A;N/A;N/A;N/A;N/A;N/A;N/A;N/A;N/A;N/A;N/A;N/A;N/A;N/A;N/A;N/A;N/A;N/A;N/A;N/A;N/A;Sí;N/A;N/A;Sí;N/A;Sí;Sí;N/A;N/A;N/A;N/A;N/A;N/A;N/A;N/A;N/A;"Lunes a Viernes de 9:00 a 19:00 y Sábados de 9:00 a 13:00hs.";4;1.6;Nafta;"Automática secuencial";Sedán;"Autos y camionetas";N/A;N/A;N/A;N/A;N/A;N/A;N/A;N/A;Sí;N/A;N/A;N/A;N/A;N/A;N/A;N/A;N/A;N/A;N/A;N/A;N/A;N/A;N/A;N/A;Sí;N/A;N/A;N/A;N/A;N/A;N/A;N/A;N/A;N/A;N/A;N/A;N/A;N/A;N/A;N/A;N/A;N/A;N/A;N/A;N/A;N/A;N/A;N/A;N/A;N/A;N/A;N/A;N/A;N/A;N/A;N/A;N/A;N/A;N/A;N/A;N/A;N/A;N/A;N/A;N/A;N/A;N/A;N/A;N/A;N/A;N/A;N/A;N/A;N/A;N/A;N/A;N/A;N/A;N/A;N/A;N/A;N/A;N/A;N/A;N/A;N/A;N/A;N/A;N/A;N/A;N/A;N/A;N/A;N/A;N/A;N/A;Sí;N/A;Sí;N/A;Sí;N/A;N/A;N/A;N/A;Sí;N/A;N/A;N/A;N/A;N/A;Sí;Sí;N/A;Sí;N/A;Sí;N/A;N/A;Sí;N/A;Sí
Hyundai;Creta;"1.6 Limited Premium At";2018;"115000 km";;"ETCHENIQUE AUTOMÓVILES";19500;;;;;Centro;https://auto.mercadolibre.com.uy/MLU-696066018-hyundai-creta-16-at-unico-dueno-excelente-estado-_JM;N/A;;"Hyundai Creta 1.6 At Unico Dueño Excelente Estado";usd;Sí;gold;false;N/A;N/A;http://perfil.mercadolibre.com.uy/ETCHENIQUE+AUTOM%C3%93VILES;active;N/A;N/A;Usado;Rojo;Sí;Eléctrica;4x2;Sí;Sí;Sí;N/A;N/A;N/A;N/A;N/A;N/A;N/A;N/A;Sí;Sí;N/A;N/A;N/A;N/A;N/A;N/A;N/A;N/A;N/A;N/A;N/A;N/A;"2590 mm";"1.6 L";"58 L";5;N/A;N/A;N/A;N/A;N/A;N/A;N/A;N/A;N/A;N/A;N/A;N/A;N/A;N/A;N/A;N/A;N/A;N/A;N/A;N/A;N/A;N/A;N/A;N/A;N/A;N/A;N/A;N/A;N/A;N/A;N/A;N/A;N/A;Sí;Sí;N/A;N/A;N/A;N/A;N/A;N/A;N/A;N/A;N/A;N/A;"1635 mm";"4440 mm";N/A;N/A;N/A;N/A;5;"163 hp";"Limited Premium";N/A;4;"1898 mm";N/A;Sí;N/A;N/A;Sí;N/A;Sí;Sí;N/A;N/A;N/A;N/A;N/A;N/A;N/A;N/A;N/A;"Lunes a Viernes de 9:00 a 19:00 y Sábados de 9:00 a 13:00hs.";5;1.6;Nafta;Automática;SUV;"Autos y camionetas";N/A;N/A;N/A;N/A;N/A;N/A;UY;N/A;Sí;N/A;N/A;N/A;N/A;N/A;N/A;N/A;N/A;N/A;N/A;N/A;N/A;N/A;N/A;N/A;Sí;N/A;N/A;N/A;N/A;N/A;N/A;N/A;N/A;N/A;N/A;N/A;N/A;N/A;N/A;N/A;N/A;N/A;N/A;N/A;N/A;N/A;N/A;N/A;N/A;N/A;N/A;N/A;N/A;N/A;N/A;N/A;N/A;N/A;N/A;N/A;N/A;N/A;N/A;N/A;N/A;N/A;N/A;N/A;N/A;N/A;N/A;N/A;N/A;N/A;N/A;N/A;N/A;N/A;N/A;N/A;N/A;N/A;N/A;N/A;N/A;N/A;N/A;N/A;N/A;N/A;N/A;N/A;N/A;N/A;N/A;N/A;Sí;N/A;Sí;N/A;Sí;N/A;N/A;N/A;N/A;Sí;N/A;N/A;N/A;N/A;N/A;N/A;Sí;N/A;Sí;Sí;Sí;N/A;N/A;Sí;N/A;Sí
Hyundai;"Grand i10";"1.2 Gls Seg. 87cv At";2015;"120000 km";;BRAGAJOSE20220505191744;10500;;;;;Maldonado;https://auto.mercadolibre.com.uy/MLU-699661224-hyundai-grandi10-_JM;N/A;;"Hyundai Grandi10";usd;Sí;gold;false;N/A;N/A;http://perfil.mercadolibre.com.uy/BRAGAJOSE20220505191744;active;N/A;N/A;Usado;Celeste;N/A;Hidráulica;Delantera;Sí;N/A;Sí;N/A;N/A;N/A;N/A;N/A;N/A;N/A;N/A;N/A;N/A;N/A;N/A;N/A;N/A;N/A;N/A;N/A;N/A;N/A;N/A;N/A;N/A;"2425 mm";"1.2 L";"43 L";4;N/A;N/A;N/A;N/A;Sí;N/A;N/A;N/A;N/A;N/A;N/A;N/A;N/A;N/A;N/A;N/A;N/A;N/A;N/A;N/A;N/A;N/A;N/A;N/A;N/A;N/A;N/A;N/A;N/A;N/A;N/A;Sí;N/A;Sí;N/A;N/A;N/A;N/A;N/A;N/A;N/A;Sí;N/A;N/A;N/A;"1505 mm";"3765 mm";N/A;N/A;N/A;N/A;5;"87 hp";Gls;N/A;4;"1660 mm";N/A;N/A;N/A;N/A;N/A;N/A;N/A;N/A;N/A;N/A;N/A;N/A;N/A;N/A;N/A;N/A;N/A;N/A;5;1.2;Nafta;Automática;Hatchback;"Autos y camionetas";N/A;N/A;N/A;N/A;N/A;N/A;UY;N/A;N/A;N/A;N/A;N/A;N/A;N/A;N/A;N/A;N/A;N/A;N/A;N/A;N/A;N/A;N/A;N/A;N/A;N/A;N/A;N/A;N/A;N/A;N/A;N/A;N/A;N/A;N/A;N/A;N/A;N/A;N/A;N/A;N/A;N/A;N/A;N/A;N/A;N/A;N/A;N/A;N/A;N/A;N/A;N/A;N/A;N/A;N/A;N/A;N/A;N/A;N/A;N/A;N/A;N/A;N/A;N/A;N/A;N/A;N/A;N/A;N/A;N/A;N/A;N/A;N/A;N/A;N/A;N/A;N/A;N/A;N/A;N/A;N/A;N/A;N/A;N/A;N/A;N/A;N/A;N/A;N/A;N/A;N/A;N/A;N/A;N/A;N/A;N/A;Sí;N/A;Sí;N/A;N/A;N/A;N/A;N/A;N/A;N/A;N/A;N/A;N/A;Sí;N/A;N/A;N/A;N/A;N/A;N/A;N/A;N/A;N/A;N/A;N/A;N/A
Hyundai;HB20;"1.0 Comfort Mt";2022;"53000 km";;"AMAYA FABIANDASILVA";15300;;;;;"Barra de Carrasco";https://auto.mercadolibre.com.uy/MLU-702887516-hyundai-hb20-10-comfort-mt-_JM;N/A;;"Hyundai Hb20 1.0 Comfort Mt";usd;Sí;gold;false;N/A;N/A;http://perfil.mercadolibre.com.uy/AMAYA+FABIANDASILVA;active;N/A;N/A;Usado;Plateado;N/A;Hidráulica;Delantera;Sí;N/A;Sí;N/A;N/A;N/A;N/A;N/A;N/A;N/A;N/A;N/A;N/A;N/A;N/A;N/A;N/A;N/A;N/A;N/A;N/A;N/A;N/A;N/A;N/A;"2500 mm";"1 L";"50 L";6;N/A;N/A;N/A;N/A;N/A;N/A;N/A;N/A;N/A;N/A;N/A;N/A;N/A;N/A;N/A;N/A;N/A;N/A;N/A;N/A;N/A;N/A;N/A;N/A;N/A;N/A;N/A;N/A;N/A;N/A;N/A;N/A;N/A;Sí;Sí;N/A;N/A;N/A;N/A;N/A;N/A;N/A;N/A;N/A;N/A;"1470 mm";"3920 mm";N/A;N/A;N/A;N/A;5;"101 hp";N/A;N/A;4;"1680 mm";N/A;N/A;N/A;N/A;Sí;N/A;N/A;Sí;Sí;N/A;N/A;"13.8 km/l";N/A;N/A;N/A;N/A;N/A;"Lunes a Viernes de 9:30 a 18:30 Sábados de 9:30 a 13:30 Hrs";5;1.0;Nafta;Manual;Hatchback;"Autos y camionetas";N/A;N/A;N/A;N/A;N/A;N/A;UY;N/A;N/A;N/A;N/A;N/A;N/A;N/A;N/A;N/A;N/A;N/A;N/A;N/A;N/A;N/A;N/A;N/A;N/A;N/A;N/A;N/A;N/A;N/A;N/A;N/A;N/A;N/A;N/A;N/A;N/A;N/A;N/A;N/A;N/A;N/A;N/A;N/A;N/A;N/A;N/A;N/A;N/A;N/A;N/A;N/A;N/A;N/A;N/A;N/A;N/A;N/A;N/A;N/A;N/A;N/A;N/A;N/A;N/A;N/A;N/A;N/A;N/A;N/A;N/A;N/A;N/A;N/A;N/A;N/A;N/A;N/A;N/A;N/A;N/A;N/A;N/A;N/A;N/A;N/A;N/A;N/A;N/A;N/A;N/A;N/A;N/A;N/A;N/A;N/A;N/A;N/A;N/A;N/A;N/A;N/A;N/A;N/A;N/A;N/A;N/A;N/A;N/A;N/A;N/A;N/A;Sí;N/A;N/A;N/A;Sí;N/A;N/A;Sí;N/A;Sí
Hyundai;HB20;"1.6 Comfort Plus 5p";2019;"54000 km";;"AMAYA FABIANDASILVA";14900;;;;;"Barra de Carrasco";https://auto.mercadolibre.com.uy/MLU-701343420-hyundai-hb20-16-comfort-plus-5p-_JM;N/A;;"Hyundai Hb20 1.6 Comfort Plus 5p";usd;Sí;gold;false;N/A;N/A;http://perfil.mercadolibre.com.uy/AMAYA+FABIANDASILVA;active;N/A;N/A;Usado;Blanco;N/A;Hidráulica;Delantera;Sí;N/A;Sí;N/A;N/A;N/A;N/A;N/A;N/A;N/A;N/A;N/A;N/A;N/A;N/A;N/A;N/A;N/A;N/A;N/A;N/A;N/A;N/A;N/A;N/A;"2500 mm";"1.6 L";"50 L";6;N/A;N/A;N/A;N/A;N/A;N/A;N/A;N/A;N/A;N/A;N/A;N/A;N/A;N/A;N/A;N/A;N/A;N/A;N/A;N/A;N/A;N/A;N/A;N/A;N/A;N/A;N/A;N/A;N/A;N/A;N/A;N/A;N/A;Sí;Sí;N/A;N/A;N/A;N/A;N/A;N/A;N/A;N/A;N/A;N/A;"1470 mm";"3920 mm";N/A;N/A;N/A;N/A;5;"122 hp";"Comfort Plus";N/A;4;"1680 mm";N/A;N/A;N/A;N/A;Sí;N/A;N/A;Sí;Sí;N/A;N/A;"13.8 km/l";N/A;N/A;N/A;N/A;N/A;"Lunes a Viernes de 9:30 a 18:30 Sábados 9:30 a 13:30 hrs";5;1.6;Nafta;Manual;Hatchback;"Autos y camionetas";N/A;N/A;N/A;N/A;N/A;N/A;UY;N/A;N/A;N/A;N/A;N/A;N/A;N/A;N/A;N/A;N/A;N/A;N/A;N/A;N/A;N/A;N/A;N/A;N/A;N/A;N/A;N/A;N/A;N/A;N/A;N/A;N/A;N/A;N/A;N/A;N/A;N/A;N/A;N/A;N/A;N/A;N/A;N/A;N/A;N/A;N/A;N/A;N/A;N/A;N/A;N/A;N/A;N/A;N/A;N/A;N/A;N/A;N/A;N/A;N/A;N/A;N/A;N/A;N/A;N/A;N/A;N/A;N/A;N/A;N/A;N/A;N/A;N/A;N/A;N/A;N/A;N/A;N/A;N/A;N/A;N/A;N/A;N/A;N/A;N/A;N/A;N/A;N/A;N/A;N/A;N/A;N/A;N/A;N/A;N/A;N/A;N/A;N/A;N/A;N/A;N/A;N/A;N/A;N/A;N/A;N/A;N/A;N/A;N/A;N/A;N/A;Sí;N/A;N/A;N/A;Sí;N/A;N/A;Sí;N/A;Sí
Hyundai;"Kona Hybrid";"1.6 Gdi Safe";2023;"48000 km";;"AMAYA FABIANDASILVA";30900;;;;;"Barra de Carrasco";https://auto.mercadolibre.com.uy/MLU-695722738-hyundai-kona-hybrid-16-gdi-safe-_JM;N/A;;"Hyundai Kona Hybrid 1.6 Gdi Safe";usd;Sí;gold;false;N/A;N/A;http://perfil.mercadolibre.com.uy/AMAYA+FABIANDASILVA;active;N/A;N/A;Usado;Plateado;N/A;N/A;Delantera;N/A;N/A;N/A;N/A;N/A;N/A;N/A;N/A;N/A;N/A;N/A;N/A;N/A;N/A;N/A;N/A;N/A;N/A;N/A;N/A;N/A;N/A;N/A;N/A;N/A;"2660 mm";"1.6 L";"38 L";N/A;N/A;N/A;N/A;N/A;N/A;N/A;N/A;N/A;N/A;N/A;N/A;N/A;N/A;N/A;N/A;N/A;N/A;N/A;N/A;N/A;N/A;N/A;N/A;N/A;N/A;N/A;N/A;N/A;N/A;N/A;N/A;N/A;N/A;N/A;N/A;N/A;N/A;N/A;N/A;N/A;N/A;N/A;N/A;N/A;N/A;"1575 mm";"4355 mm";N/A;N/A;N/A;N/A;5;"105 hp";Safe;N/A;4;"1825 mm";N/A;N/A;N/A;N/A;N/A;N/A;N/A;N/A;N/A;N/A;N/A;N/A;N/A;N/A;N/A;N/A;N/A;"LUNES A VIERNES DE 9:30 A 18:30 SAB DE 9:30 A 13:30HRS";5;1.6;Híbrido;Automática;SUV;"Autos y camionetas";N/A;N/A;N/A;N/A;N/A;N/A;UY;N/A;N/A;N/A;N/A;N/A;N/A;N/A;N/A;N/A;N/A;N/A;N/A;N/A;N/A;N/A;N/A;N/A;N/A;N/A;N/A;N/A;N/A;N/A;N/A;N/A;N/A;N/A;N/A;N/A;N/A;N/A;N/A;N/A;N/A;N/A;N/A;N/A;N/A;N/A;N/A;N/A;N/A;N/A;N/A;N/A;N/A;N/A;N/A;N/A;N/A;N/A;N/A;N/A;N/A;N/A;N/A;N/A;N/A;N/A;N/A;N/A;N/A;N/A;N/A;N/A;N/A;N/A;N/A;N/A;N/A;N/A;N/A;N/A;N/A;N/A;N/A;N/A;N/A;N/A;N/A;N/A;N/A;N/A;N/A;N/A;N/A;N/A;N/A;N/A;N/A;N/A;N/A;N/A;N/A;N/A;N/A;N/A;N/A;N/A;N/A;N/A;N/A;N/A;N/A;N/A;N/A;N/A;N/A;N/A;N/A;N/A;N/A;N/A;N/A;N/A
Hyundai;Tucson;"1.6t Gdi Limited Techo At";2024;"0 km";;HYUNDAIPUNTADELESTE;59990;;;;;Maldonado;https://auto.mercadolibre.com.uy/MLU-671988018-hyundai-tucson-16-t-_JM;N/A;;"Hyundai Tucson 1.6 T";usd;Sí;gold;false;N/A;N/A;http://perfil.mercadolibre.com.uy/HYUNDAIPUNTADELESTE;active;N/A;N/A;Nuevo;Gris;N/A;N/A;4x2;Sí;Sí;N/A;N/A;N/A;Sí;N/A;N/A;Sí;N/A;N/A;Sí;Sí;N/A;Sí;N/A;N/A;N/A;N/A;N/A;N/A;N/A;N/A;N/A;N/A;"2670 mm";"1.6 L";"62 L";7;N/A;N/A;N/A;N/A;N/A;Sí;N/A;N/A;N/A;N/A;N/A;N/A;N/A;N/A;N/A;N/A;N/A;N/A;N/A;N/A;N/A;N/A;N/A;N/A;N/A;N/A;N/A;N/A;N/A;No;N/A;N/A;N/A;N/A;N/A;N/A;N/A;N/A;N/A;N/A;N/A;N/A;N/A;N/A;N/A;"1660 mm";"4475 mm";N/A;N/A;N/A;N/A;5;"132 hp";N/A;N/A;4;"1850 mm";N/A;No;N/A;Sí;Sí;N/A;Sí;Sí;N/A;Sí;N/A;N/A;Sí;No;N/A;N/A;Sí;"LUNES A SABADO DE 9:30 A 19:30";5;1.6;Nafta;Automática;SUV;"Autos y camionetas";No;N/A;N/A;N/A;No;N/A;UY;N/A;Sí;N/A;No;N/A;N/A;N/A;N/A;N/A;N/A;N/A;N/A;N/A;N/A;N/A;N/A;N/A;Sí;N/A;N/A;N/A;N/A;N/A;N/A;N/A;N/A;N/A;N/A;N/A;N/A;N/A;N/A;N/A;N/A;N/A;N/A;Sí;N/A;N/A;N/A;N/A;N/A;N/A;N/A;N/A;N/A;N/A;N/A;N/A;N/A;N/A;N/A;N/A;N/A;Sí;No;N/A;N/A;N/A;N/A;N/A;N/A;N/A;N/A;N/A;N/A;N/A;N/A;N/A;N/A;N/A;N/A;N/A;N/A;N/A;N/A;N/A;N/A;N/A;N/A;N/A;N/A;N/A;N/A;N/A;N/A;N/A;N/A;No;Sí;Sí;Sí;N/A;Sí;N/A;N/A;N/A;N/A;Sí;Sí;Sí;Sí;N/A;N/A;Sí;Sí;Sí;Sí;Sí;Sí;No;No;Sí;N/A;Sí
Hyundai;Ioniq;"IONIQ 5 100% ELÉCTRICO";2024;"0 km";;HYUNDAIPUNTADELESTE;70990;;;;;Maldonado;https://auto.mercadolibre.com.uy/MLU-675425772-hyundai-ioniq-5-limited-long-range-rwd-_JM;N/A;;"Hyundai Ioniq 5 Limited  Long Range Rwd";USD;Sí;gold;false;N/A;N/A;http://perfil.mercadolibre.com.uy/HYUNDAIPUNTADELESTE;active;N/A;N/A;Nuevo;Gris;N/A;Eléctrica;Trasera;Sí;Sí;N/A;N/A;N/A;Sí;N/A;N/A;Sí;N/A;N/A;Sí;Sí;N/A;Sí;N/A;N/A;N/A;N/A;N/A;N/A;N/A;N/A;N/A;N/A;N/A;N/A;N/A;N/A;N/A;N/A;N/A;N/A;N/A;Sí;N/A;N/A;N/A;N/A;N/A;N/A;N/A;N/A;N/A;N/A;N/A;N/A;N/A;N/A;N/A;N/A;N/A;N/A;N/A;N/A;N/A;N/A;N/A;No;N/A;N/A;N/A;N/A;N/A;N/A;N/A;N/A;N/A;N/A;N/A;N/A;N/A;N/A;N/A;N/A;N/A;N/A;N/A;N/A;N/A;N/A;N/A;N/A;N/A;N/A;N/A;N/A;Sí;N/A;Sí;Sí;N/A;Sí;Sí;N/A;Sí;N/A;N/A;Sí;No;N/A;N/A;Sí;"LUNES A SABADO DE 9:30 A 19:30";5;"168 KW (228 cv)";Eléctrico;Automática;Hatchback;"Autos y camionetas";Sí;N/A;N/A;N/A;No;N/A;N/A;N/A;Sí;N/A;No;N/A;N/A;N/A;N/A;N/A;N/A;N/A;N/A;N/A;N/A;N/A;N/A;N/A;Sí;N/A;N/A;N/A;N/A;N/A;N/A;N/A;N/A;N/A;N/A;N/A;N/A;N/A;N/A;N/A;N/A;N/A;N/A;Sí;N/A;N/A;N/A;N/A;N/A;N/A;N/A;N/A;N/A;N/A;N/A;N/A;N/A;N/A;N/A;N/A;N/A;Sí;No;N/A;N/A;N/A;N/A;N/A;N/A;N/A;N/A;N/A;N/A;N/A;N/A;N/A;N/A;N/A;N/A;N/A;N/A;N/A;N/A;N/A;N/A;N/A;N/A;N/A;N/A;N/A;N/A;N/A;N/A;N/A;N/A;No;Sí;Sí;Sí;N/A;Sí;N/A;N/A;N/A;N/A;Sí;Sí;Sí;Sí;N/A;N/A;Sí;Sí;Sí;Sí;Sí;Sí;No;No;Sí;N/A;Sí
Hyundai;"Tucson Hybrid";"FACELIFT FL 1.6+EV";2025;"0 km";;HYUNDAIPUNTADELESTE;59990;;;;;Maldonado;https://auto.mercadolibre.com.uy/MLU-696391516-hyundai-tucson-hibrid-facelift-2025-_JM;N/A;;"Hyundai Tucson Hibrid Facelift 2025";USD;Sí;gold;false;N/A;N/A;http://perfil.mercadolibre.com.uy/HYUNDAIPUNTADELESTE;active;N/A;N/A;Nuevo;Gris;N/A;Eléctrica;Delantera;Sí;Sí;N/A;N/A;N/A;Sí;N/A;N/A;Sí;N/A;N/A;Sí;Sí;N/A;Sí;N/A;N/A;N/A;N/A;N/A;N/A;N/A;N/A;N/A;N/A;N/A;N/A;N/A;N/A;N/A;N/A;N/A;N/A;N/A;Sí;N/A;N/A;N/A;N/A;N/A;N/A;N/A;N/A;N/A;N/A;N/A;N/A;N/A;N/A;N/A;N/A;N/A;N/A;N/A;N/A;N/A;N/A;N/A;No;N/A;N/A;N/A;N/A;N/A;N/A;N/A;N/A;N/A;N/A;N/A;N/A;N/A;N/A;N/A;N/A;N/A;N/A;N/A;N/A;N/A;N/A;N/A;N/A;N/A;N/A;N/A;N/A;No;N/A;Sí;Sí;N/A;Sí;Sí;N/A;Sí;N/A;N/A;No;Sí;N/A;N/A;Sí;"LUNES A SABADO DE 9:30 A 19:30";5;1.6+EV;Nafta;"Automática secuencial";SUV;"Autos y camionetas";No;N/A;N/A;N/A;No;N/A;N/A;N/A;Sí;N/A;No;N/A;N/A;N/A;N/A;N/A;N/A;N/A;N/A;N/A;N/A;N/A;N/A;N/A;Sí;N/A;N/A;N/A;N/A;N/A;N/A;N/A;N/A;N/A;N/A;N/A;N/A;N/A;N/A;N/A;N/A;N/A;N/A;Sí;N/A;N/A;N/A;N/A;N/A;N/A;N/A;N/A;N/A;N/A;N/A;N/A;N/A;N/A;N/A;N/A;N/A;Sí;No;N/A;N/A;N/A;N/A;N/A;N/A;N/A;N/A;N/A;N/A;N/A;N/A;N/A;N/A;N/A;N/A;N/A;N/A;N/A;N/A;N/A;N/A;N/A;N/A;N/A;N/A;N/A;N/A;N/A;N/A;N/A;N/A;No;Sí;Sí;Sí;N/A;Sí;N/A;N/A;N/A;N/A;Sí;Sí;No;Sí;N/A;N/A;Sí;Sí;Sí;Sí;Sí;Sí;No;No;No;N/A;Sí
Hyundai;Tucson;"2.0 Gl 6at 2wd";2011;"185000 km";;"AUTOMOTORA MARMOTORS";14500;;;;;"La Teja";https://auto.mercadolibre.com.uy/MLU-694739634-hyundai-tucson-2011-20-gl-6at-2wd-_JM;N/A;;"Hyundai Tucson 2011 2.0 Gl 6at 2wd";usd;Sí;gold;false;N/A;N/A;http://perfil.mercadolibre.com.uy/AUTOMOTORA+MARMOTORS;active;N/A;N/A;Usado;N/A;N/A;Hidráulica;4x2;Sí;N/A;Sí;N/A;N/A;N/A;N/A;N/A;N/A;N/A;N/A;N/A;N/A;N/A;N/A;N/A;N/A;N/A;N/A;N/A;N/A;N/A;N/A;N/A;N/A;"2630 mm";"2 L";"58 L";6;N/A;N/A;N/A;N/A;N/A;N/A;N/A;N/A;N/A;N/A;N/A;N/A;N/A;N/A;N/A;N/A;N/A;N/A;N/A;N/A;N/A;N/A;N/A;N/A;N/A;N/A;N/A;N/A;N/A;N/A;N/A;Sí;N/A;N/A;N/A;N/A;N/A;N/A;N/A;N/A;N/A;Sí;N/A;N/A;N/A;"1655 mm";"4410 mm";N/A;N/A;N/A;N/A;5;"166 hp";Gl;N/A;4;"1830 mm";"10.4 km/l";N/A;N/A;N/A;N/A;N/A;N/A;N/A;N/A;N/A;Sí;"6.4 km/l";N/A;N/A;N/A;N/A;N/A;N/A;5;2.0;Nafta;Automática;SUV;"Autos y camionetas";N/A;N/A;N/A;N/A;N/A;N/A;UY;N/A;N/A;N/A;N/A;N/A;N/A;N/A;N/A;N/A;N/A;N/A;N/A;N/A;N/A;N/A;N/A;N/A;N/A;N/A;N/A;N/A;N/A;N/A;N/A;N/A;N/A;N/A;N/A;N/A;N/A;N/A;N/A;N/A;N/A;N/A;N/A;N/A;N/A;N/A;N/A;N/A;N/A;N/A;N/A;N/A;N/A;N/A;N/A;N/A;N/A;N/A;N/A;N/A;N/A;N/A;N/A;N/A;N/A;N/A;N/A;N/A;N/A;N/A;N/A;N/A;N/A;N/A;N/A;N/A;N/A;N/A;N/A;N/A;N/A;N/A;N/A;N/A;N/A;N/A;N/A;N/A;N/A;N/A;N/A;N/A;N/A;N/A;N/A;N/A;Sí;N/A;Sí;N/A;N/A;N/A;N/A;N/A;N/A;N/A;N/A;N/A;N/A;Sí;N/A;N/A;N/A;N/A;N/A;N/A;N/A;N/A;N/A;N/A;N/A;N/A
Hyundai;Tucson;"HEV LIMITED";2025;"0 km";;LAGOMARAUTOMOVILES;59990;;;;;"Ciudad de la Costa";https://auto.mercadolibre.com.uy/MLU-701823616-hyundai-tucson-hev-limited-2025-lagomar-automoviles-_JM;N/A;;"Hyundai Tucson Hev Limited 2025 - Lagomar Automóviles";USD;Sí;gold;false;N/A;N/A;http://perfil.mercadolibre.com.uy/LAGOMARAUTOMOVILES;active;N/A;N/A;Nuevo;Plateado;N/A;Eléctrica;N/A;N/A;Sí;Sí;Sí;N/A;N/A;Sí;Sí;Sí;Sí;Sí;Sí;Sí;N/A;Sí;N/A;N/A;N/A;N/A;N/A;N/A;N/A;N/A;N/A;N/A;N/A;"1600 cc";N/A;6;N/A;N/A;Sí;Sí;Sí;Sí;Sí;N/A;N/A;N/A;N/A;N/A;N/A;N/A;N/A;N/A;N/A;N/A;N/A;N/A;N/A;Sí;N/A;Sí;N/A;Sí;N/A;Sí;N/A;Sí;N/A;N/A;N/A;N/A;N/A;N/A;Sí;N/A;N/A;N/A;N/A;N/A;Sí;N/A;N/A;N/A;N/A;N/A;N/A;N/A;N/A;N/A;"230 hp";Limited;N/A;N/A;N/A;N/A;N/A;N/A;Sí;Sí;Sí;Sí;Sí;Sí;Sí;Sí;N/A;N/A;N/A;N/A;N/A;Sí;"Lun. a Vie. 9:30 a 13 y 14 a 19 hs. Sáb. 9:30 a 13:30 hs.";5;1.6;Híbrido;"Automática secuencial";SUV;"Autos y camionetas";No;N/A;N/A;N/A;No;N/A;N/A;No;Sí;No;No;N/A;N/A;N/A;N/A;N/A;N/A;N/A;N/A;N/A;N/A;N/A;N/A;N/A;N/A;N/A;N/A;N/A;N/A;N/A;N/A;N/A;N/A;N/A;N/A;N/A;N/A;N/A;N/A;N/A;N/A;N/A;N/A;Sí;N/A;N/A;N/A;N/A;N/A;N/A;N/A;N/A;N/A;N/A;N/A;N/A;N/A;N/A;N/A;N/A;N/A;Sí;No;N/A;N/A;N/A;N/A;N/A;N/A;N/A;N/A;N/A;N/A;N/A;N/A;N/A;N/A;N/A;N/A;N/A;N/A;N/A;N/A;N/A;N/A;N/A;N/A;N/A;N/A;N/A;N/A;N/A;N/A;N/A;N/A;N/A;Sí;Sí;Sí;Sí;Sí;Sí;Sí;N/A;N/A;Sí;Sí;Sí;N/A;N/A;Sí;Sí;Sí;N/A;N/A;N/A;Sí;N/A;N/A;N/A;N/A;Sí
Hyundai;Veloster;"1.6 GLS SUPER FULL";2014;"107700 km";;ISAL7104739;19200;;;;;Buceo;https://auto.mercadolibre.com.uy/MLU-647394135-hyundai-veloster-16-gls-super-full-_JM;N/A;;"Hyundai Veloster 1.6 Gls Super Full";USD;Sí;gold;false;N/A;N/A;http://perfil.mercadolibre.com.uy/ISAL7104739;active;N/A;N/A;Usado;N/A;N/A;N/A;N/A;N/A;N/A;N/A;N/A;N/A;N/A;N/A;N/A;N/A;N/A;N/A;N/A;N/A;N/A;N/A;N/A;N/A;N/A;N/A;N/A;N/A;N/A;N/A;N/A;N/A;N/A;N/A;N/A;N/A;N/A;N/A;N/A;N/A;N/A;N/A;N/A;N/A;N/A;N/A;N/A;N/A;N/A;N/A;N/A;N/A;N/A;N/A;N/A;N/A;N/A;N/A;N/A;N/A;N/A;N/A;N/A;N/A;N/A;N/A;N/A;N/A;N/A;N/A;N/A;N/A;N/A;N/A;N/A;N/A;N/A;N/A;N/A;N/A;N/A;N/A;N/A;N/A;N/A;N/A;N/A;N/A;N/A;N/A;N/A;N/A;N/A;N/A;N/A;N/A;N/A;N/A;N/A;N/A;N/A;N/A;N/A;N/A;N/A;N/A;N/A;N/A;N/A;N/A;N/A;3;N/A;Nafta;N/A;N/A;"Autos y camionetas";N/A;N/A;N/A;N/A;N/A;N/A;N/A;N/A;N/A;N/A;N/A;N/A;N/A;N/A;N/A;N/A;N/A;N/A;N/A;N/A;N/A;N/A;N/A;N/A;N/A;N/A;N/A;N/A;N/A;N/A;N/A;N/A;N/A;N/A;N/A;N/A;N/A;N/A;N/A;N/A;N/A;N/A;N/A;N/A;N/A;N/A;N/A;N/A;N/A;N/A;N/A;N/A;N/A;N/A;N/A;N/A;N/A;N/A;N/A;N/A;N/A;N/A;N/A;N/A;N/A;N/A;N/A;N/A;N/A;N/A;N/A;N/A;N/A;N/A;N/A;N/A;N/A;N/A;N/A;N/A;N/A;N/A;N/A;N/A;N/A;N/A;N/A;N/A;N/A;N/A;N/A;N/A;N/A;N/A;N/A;N/A;N/A;N/A;N/A;N/A;N/A;N/A;N/A;N/A;N/A;N/A;N/A;N/A;N/A;N/A;N/A;N/A;N/A;N/A;N/A;N/A;N/A;N/A;N/A;N/A;N/A;N/A
Hyundai;HB20S;"1.6 Comfort At 4p";2021;"42000 km";;FEDE-2009;17900;;;;;"Tres Cruces";https://auto.mercadolibre.com.uy/MLU-696529386-hyundai-hb20s-2021-16-comfort-at-4p-_JM;N/A;;"Hyundai Hb20s 2021 1.6 Comfort At 4p";usd;Sí;gold;false;N/A;N/A;http://perfil.mercadolibre.com.uy/FEDE-2009;active;N/A;N/A;Usado;N/A;N/A;Hidráulica;Delantera;Sí;N/A;N/A;N/A;N/A;N/A;N/A;N/A;N/A;N/A;N/A;N/A;N/A;N/A;N/A;N/A;N/A;N/A;N/A;N/A;N/A;N/A;N/A;N/A;N/A;"2500 mm";"1.6 L";"50 L";5;N/A;N/A;N/A;N/A;N/A;N/A;N/A;N/A;N/A;N/A;N/A;N/A;N/A;N/A;N/A;N/A;N/A;N/A;N/A;N/A;N/A;N/A;N/A;N/A;N/A;N/A;N/A;N/A;N/A;N/A;N/A;N/A;N/A;Sí;Sí;N/A;N/A;N/A;N/A;N/A;N/A;N/A;N/A;N/A;N/A;"1500 mm";"4200 mm";N/A;N/A;N/A;N/A;5;"123 hp";Comfort;N/A;4;"1680 mm";N/A;N/A;N/A;N/A;Sí;N/A;N/A;Sí;Sí;N/A;N/A;"12.8 km/l";N/A;N/A;N/A;N/A;N/A;N/A;4;1.6;Nafta;Automática;Sedán;"Autos y camionetas";N/A;N/A;N/A;N/A;N/A;N/A;UY;N/A;N/A;N/A;N/A;N/A;N/A;N/A;N/A;N/A;N/A;N/A;N/A;N/A;N/A;N/A;N/A;N/A;N/A;N/A;N/A;N/A;N/A;N/A;N/A;N/A;N/A;N/A;N/A;N/A;N/A;N/A;N/A;N/A;N/A;N/A;N/A;N/A;N/A;N/A;N/A;N/A;N/A;N/A;N/A;N/A;N/A;N/A;N/A;N/A;N/A;N/A;N/A;N/A;N/A;N/A;N/A;N/A;N/A;N/A;N/A;N/A;N/A;N/A;N/A;N/A;N/A;N/A;N/A;N/A;N/A;N/A;N/A;N/A;N/A;N/A;N/A;N/A;N/A;N/A;N/A;N/A;N/A;N/A;N/A;N/A;N/A;N/A;N/A;N/A;N/A;N/A;N/A;N/A;N/A;N/A;N/A;N/A;N/A;N/A;N/A;N/A;N/A;N/A;N/A;N/A;Sí;N/A;N/A;N/A;Sí;N/A;N/A;Sí;N/A;Sí
Hyundai;HB20;"COMFORT 1.0 HATCH";2025;"0 km";;LAGOMARAUTOMOVILES;16990;;;;;"Ciudad de la Costa";https://auto.mercadolibre.com.uy/MLU-635818919-hyundai-hb20-comfort-10-2025-0km-lagomar-automoviles-_JM;N/A;;"Hyundai Hb20 Comfort 1.0 2025 0km - Lagomar Automóviles";USD;Sí;gold;false;N/A;N/A;http://perfil.mercadolibre.com.uy/LAGOMARAUTOMOVILES;active;N/A;N/A;Nuevo;Plateado;N/A;Eléctrica;N/A;Sí;Sí;N/A;N/A;N/A;N/A;Sí;Sí;N/A;N/A;Sí;N/A;Sí;N/A;N/A;N/A;N/A;N/A;N/A;N/A;N/A;N/A;N/A;N/A;N/A;N/A;"1000 cc";N/A;5;N/A;N/A;N/A;N/A;Sí;N/A;N/A;N/A;N/A;N/A;N/A;N/A;N/A;N/A;N/A;N/A;N/A;N/A;N/A;N/A;N/A;N/A;N/A;Sí;N/A;Sí;N/A;Sí;N/A;N/A;N/A;N/A;N/A;N/A;N/A;N/A;N/A;N/A;N/A;N/A;N/A;N/A;N/A;N/A;N/A;N/A;N/A;N/A;N/A;N/A;N/A;N/A;"80 hp";Comfort;N/A;N/A;N/A;N/A;N/A;N/A;N/A;Sí;Sí;Sí;Sí;Sí;N/A;N/A;N/A;N/A;N/A;N/A;N/A;Sí;"Lun. a Vie. 9:30 a 13 y 14 a 19 hs. Sáb. 9:30 a 13:30 hs.";5;1.0;Nafta;Manual;Hatchback;"Autos y camionetas";No;N/A;N/A;N/A;No;N/A;N/A;No;Sí;No;No;N/A;N/A;N/A;N/A;N/A;N/A;N/A;N/A;N/A;N/A;N/A;N/A;N/A;N/A;N/A;N/A;N/A;N/A;N/A;N/A;N/A;N/A;N/A;N/A;N/A;N/A;N/A;N/A;N/A;N/A;N/A;N/A;Sí;N/A;N/A;N/A;N/A;N/A;N/A;N/A;N/A;N/A;N/A;N/A;N/A;N/A;N/A;N/A;N/A;N/A;Sí;No;N/A;N/A;N/A;N/A;N/A;N/A;N/A;N/A;N/A;N/A;N/A;N/A;N/A;N/A;N/A;N/A;N/A;N/A;N/A;N/A;N/A;N/A;N/A;N/A;N/A;N/A;N/A;N/A;N/A;N/A;N/A;N/A;N/A;Sí;N/A;N/A;Sí;Sí;Sí;Sí;N/A;N/A;Sí;N/A;N/A;N/A;N/A;Sí;Sí;Sí;N/A;Sí;N/A;Sí;N/A;N/A;N/A;N/A;Sí
Hyundai;HB20;"PREMIUM 1.0";2024;"0 km";;"MINAS AUTOMOVILES.";19990;;;;;Minas;https://auto.mercadolibre.com.uy/MLU-696945478-hyundai-hb20-premium-10-2024-0km-minas-automoviles-_JM;N/A;;"Hyundai Hb20 Premium 1.0 2024 0km - Minas Automóviles";usd;Sí;gold;false;N/A;N/A;http://perfil.mercadolibre.com.uy/MINAS+AUTOMOVILES.;active;N/A;N/A;Nuevo;Rojo;N/A;Eléctrica;N/A;Sí;Sí;Sí;N/A;N/A;N/A;Sí;Sí;N/A;Sí;Sí;Sí;Sí;N/A;Sí;N/A;N/A;N/A;N/A;N/A;N/A;N/A;N/A;N/A;N/A;N/A;"1000 cc";N/A;5;N/A;N/A;Sí;Sí;Sí;Sí;N/A;N/A;N/A;N/A;N/A;N/A;N/A;N/A;N/A;N/A;N/A;N/A;N/A;N/A;N/A;N/A;N/A;Sí;N/A;Sí;N/A;Sí;N/A;N/A;N/A;N/A;N/A;N/A;N/A;N/A;Sí;N/A;N/A;N/A;N/A;N/A;Sí;N/A;N/A;N/A;N/A;N/A;N/A;N/A;N/A;N/A;"80 hp";Premium;N/A;N/A;N/A;"18 km/l";N/A;N/A;N/A;Sí;Sí;N/A;Sí;Sí;N/A;N/A;"20 km/l";N/A;N/A;N/A;N/A;Sí;"Lun. a Vie. de 9 a 12 y de 14 a 19 hs. Sáb. de 9 a 13 hs";5;1.0;Nafta;Manual;Hatchback;"Autos y camionetas";No;N/A;N/A;N/A;No;N/A;UY;No;Sí;No;No;N/A;N/A;N/A;N/A;N/A;N/A;N/A;N/A;N/A;N/A;N/A;N/A;N/A;N/A;N/A;N/A;N/A;N/A;N/A;N/A;N/A;N/A;N/A;N/A;N/A;N/A;N/A;N/A;N/A;N/A;N/A;N/A;Sí;N/A;N/A;N/A;N/A;N/A;N/A;N/A;N/A;N/A;N/A;N/A;N/A;N/A;N/A;N/A;N/A;N/A;Sí;No;N/A;N/A;N/A;N/A;N/A;N/A;N/A;N/A;N/A;N/A;N/A;N/A;N/A;N/A;N/A;N/A;N/A;N/A;N/A;N/A;N/A;N/A;N/A;N/A;N/A;N/A;N/A;N/A;N/A;N/A;N/A;N/A;N/A;Sí;Sí;Sí;Sí;Sí;Sí;Sí;N/A;Sí;Sí;N/A;Sí;N/A;N/A;Sí;Sí;Sí;N/A;Sí;N/A;Sí;N/A;N/A;N/A;N/A;Sí
Hyundai;HB20;"UNIQUE A/T";2024;"0 km";;LAGOMARAUTOMOVILES;27990;;;;;"Ciudad de la Costa";https://auto.mercadolibre.com.uy/MLU-696655524-hyundai-hb20-unique-at-2024-lagomar-automoviles-_JM;N/A;;"Hyundai Hb20 Unique A/t 2024  - Lagomar Automóviles";usd;Sí;gold;false;N/A;N/A;http://perfil.mercadolibre.com.uy/LAGOMARAUTOMOVILES;active;N/A;N/A;Nuevo;Azul;N/A;Eléctrica;N/A;N/A;Sí;Sí;N/A;N/A;N/A;Sí;Sí;Sí;Sí;Sí;Sí;Sí;N/A;Sí;N/A;N/A;N/A;N/A;N/A;N/A;N/A;N/A;N/A;N/A;N/A;"1600 cc";N/A;6;N/A;N/A;Sí;Sí;Sí;Sí;N/A;N/A;N/A;N/A;N/A;N/A;N/A;N/A;N/A;N/A;N/A;N/A;N/A;N/A;N/A;N/A;N/A;Sí;N/A;Sí;N/A;Sí;N/A;N/A;N/A;N/A;N/A;N/A;N/A;N/A;Sí;N/A;N/A;N/A;N/A;N/A;Sí;N/A;N/A;N/A;N/A;N/A;N/A;N/A;N/A;N/A;"123 hp";Unique;N/A;N/A;N/A;N/A;N/A;N/A;Sí;Sí;Sí;Sí;Sí;Sí;N/A;N/A;N/A;N/A;N/A;N/A;N/A;Sí;"Lun. a Vie. 9:30 a 13 y 14 a 19 hs. Sáb. 9:30 a 13:30 hs.";5;1.6;Nafta;"Automática secuencial";Hatchback;"Autos y camionetas";No;N/A;N/A;N/A;No;N/A;UY;No;Sí;No;No;N/A;N/A;N/A;N/A;N/A;N/A;N/A;N/A;N/A;N/A;N/A;N/A;N/A;N/A;N/A;N/A;N/A;N/A;N/A;N/A;N/A;N/A;N/A;N/A;N/A;N/A;N/A;N/A;N/A;N/A;N/A;N/A;Sí;N/A;N/A;N/A;N/A;N/A;N/A;N/A;N/A;N/A;N/A;N/A;N/A;N/A;N/A;N/A;N/A;N/A;Sí;No;N/A;N/A;N/A;N/A;N/A;N/A;N/A;N/A;N/A;N/A;N/A;N/A;N/A;N/A;N/A;N/A;N/A;N/A;N/A;N/A;N/A;N/A;N/A;N/A;N/A;N/A;N/A;N/A;N/A;N/A;N/A;N/A;N/A;Sí;Sí;Sí;Sí;Sí;Sí;Sí;N/A;Sí;Sí;N/A;N/A;N/A;N/A;Sí;Sí;Sí;N/A;Sí;N/A;Sí;N/A;N/A;N/A;N/A;Sí
Hyundai;HB20S;premium;2024;"0 km";;"MINAS AUTOMOVILES.";20990;;;;;Minas;https://auto.mercadolibre.com.uy/MLU-693402050-hyundai-hb20s-premium-10-2024-0km-minas-automoviles-_JM;N/A;;"Hyundai Hb20s Premium 1.0 2024 0km - Minas Automóviles";usd;Sí;gold;false;N/A;N/A;http://perfil.mercadolibre.com.uy/MINAS+AUTOMOVILES.;active;N/A;N/A;Nuevo;Blanco;N/A;Eléctrica;N/A;Sí;Sí;Sí;N/A;N/A;N/A;Sí;Sí;N/A;Sí;Sí;Sí;Sí;N/A;Sí;N/A;N/A;N/A;N/A;N/A;N/A;N/A;N/A;N/A;N/A;N/A;"1000 cc";N/A;5;N/A;N/A;Sí;Sí;Sí;Sí;N/A;N/A;N/A;N/A;N/A;N/A;N/A;N/A;N/A;N/A;N/A;N/A;N/A;N/A;N/A;N/A;N/A;Sí;N/A;Sí;N/A;Sí;N/A;N/A;N/A;N/A;N/A;N/A;N/A;N/A;Sí;N/A;N/A;N/A;N/A;N/A;Sí;N/A;N/A;N/A;N/A;N/A;N/A;N/A;N/A;N/A;"80 hp";Premium;N/A;N/A;N/A;"18 km/l";N/A;N/A;N/A;Sí;Sí;N/A;Sí;Sí;N/A;N/A;"20 km/l";N/A;N/A;N/A;N/A;N/A;"Lun. a Vie. de 9 a 12 y de 14 a 19 hs. Sáb. de 9 a 13 hs";4;1.0;Nafta;Manual;Sedán;"Autos y camionetas";No;N/A;N/A;N/A;No;N/A;UY;No;Sí;No;No;N/A;N/A;N/A;N/A;N/A;N/A;N/A;N/A;N/A;N/A;N/A;N/A;N/A;N/A;N/A;N/A;N/A;N/A;N/A;N/A;N/A;N/A;N/A;N/A;N/A;N/A;N/A;N/A;N/A;N/A;N/A;N/A;Sí;N/A;N/A;N/A;N/A;N/A;N/A;N/A;N/A;N/A;N/A;N/A;N/A;N/A;N/A;N/A;N/A;N/A;Sí;No;N/A;N/A;N/A;N/A;N/A;N/A;N/A;N/A;N/A;N/A;N/A;N/A;N/A;N/A;N/A;N/A;N/A;N/A;N/A;N/A;N/A;N/A;N/A;N/A;N/A;N/A;N/A;N/A;N/A;N/A;N/A;N/A;N/A;Sí;Sí;Sí;Sí;Sí;Sí;Sí;N/A;N/A;Sí;N/A;N/A;N/A;N/A;Sí;Sí;N/A;N/A;Sí;N/A;Sí;N/A;N/A;N/A;N/A;Sí
Hyundai;HB20;Comfort;2024;"0 km";;"MINAS AUTOMOVILES.";16990;;;;;Minas;https://auto.mercadolibre.com.uy/MLU-697377234-hyundai-hb20-comfort-10-2024-0km-minas-automoviles-_JM;N/A;;"Hyundai Hb20 Comfort 1.0 2024 0km - Minas Automóviles";usd;Sí;gold;false;N/A;N/A;http://perfil.mercadolibre.com.uy/MINAS+AUTOMOVILES.;active;N/A;N/A;Nuevo;Plateado;N/A;Eléctrica;N/A;Sí;Sí;N/A;N/A;N/A;N/A;Sí;N/A;N/A;Sí;Sí;N/A;Sí;N/A;N/A;N/A;N/A;N/A;N/A;N/A;N/A;N/A;N/A;N/A;N/A;N/A;"1000 cc";N/A;5;N/A;N/A;Sí;Sí;Sí;N/A;N/A;N/A;N/A;N/A;N/A;N/A;N/A;N/A;N/A;N/A;N/A;N/A;N/A;N/A;N/A;N/A;N/A;Sí;N/A;Sí;N/A;N/A;N/A;N/A;N/A;N/A;N/A;N/A;N/A;N/A;N/A;N/A;N/A;N/A;N/A;N/A;N/A;N/A;N/A;N/A;N/A;N/A;N/A;N/A;N/A;N/A;"80 hp";Comfort;N/A;N/A;N/A;"18 km/l";N/A;N/A;N/A;Sí;Sí;Sí;Sí;Sí;N/A;N/A;"20 km/l";N/A;N/A;N/A;N/A;Sí;"Lun. a Vie. de 9 a 12 y de 14 a 19 hs. Sáb. de 9 a 13 hs";5;1.0;Nafta;Manual;Hatchback;"Autos y camionetas";No;N/A;N/A;N/A;No;N/A;UY;No;Sí;No;No;N/A;N/A;N/A;N/A;N/A;N/A;N/A;N/A;N/A;N/A;N/A;N/A;N/A;N/A;N/A;N/A;N/A;N/A;N/A;N/A;N/A;N/A;N/A;N/A;N/A;N/A;N/A;N/A;N/A;N/A;N/A;N/A;Sí;N/A;N/A;N/A;N/A;N/A;N/A;N/A;N/A;N/A;N/A;N/A;N/A;N/A;N/A;N/A;N/A;N/A;Sí;No;N/A;N/A;N/A;N/A;N/A;N/A;N/A;N/A;N/A;N/A;N/A;N/A;N/A;N/A;N/A;N/A;N/A;N/A;N/A;N/A;N/A;N/A;N/A;N/A;N/A;N/A;N/A;N/A;N/A;N/A;N/A;N/A;N/A;Sí;N/A;N/A;Sí;Sí;Sí;Sí;N/A;N/A;Sí;N/A;Sí;N/A;N/A;N/A;Sí;N/A;N/A;Sí;N/A;Sí;N/A;N/A;N/A;N/A;Sí
Hyundai;"Santa Fe";"2.5 LIMITED EXTRAFULL";2024;"30000 km";;"GVILLASUSO PUNTA";59900;;;;;"Punta del Este";https://auto.mercadolibre.com.uy/MLU-704794350-hyundai-santa-fe-25-limited-extrafull-_JM;N/A;;"Hyundai Santa Fe 2.5 Limited Extrafull";USD;Sí;gold;false;N/A;N/A;http://perfil.mercadolibre.com.uy/GVILLASUSO+PUNTA;active;N/A;N/A;Usado;Gris;Sí;Eléctrica;Delantera;N/A;N/A;N/A;N/A;N/A;N/A;N/A;N/A;N/A;N/A;N/A;N/A;N/A;N/A;N/A;N/A;N/A;N/A;N/A;N/A;N/A;N/A;N/A;N/A;N/A;N/A;N/A;N/A;N/A;N/A;N/A;N/A;N/A;N/A;N/A;N/A;N/A;N/A;N/A;N/A;N/A;N/A;N/A;N/A;N/A;N/A;N/A;N/A;N/A;N/A;N/A;N/A;N/A;N/A;N/A;N/A;N/A;N/A;N/A;N/A;N/A;N/A;N/A;N/A;N/A;N/A;N/A;N/A;N/A;N/A;N/A;N/A;N/A;N/A;N/A;N/A;N/A;N/A;N/A;N/A;N/A;N/A;N/A;N/A;N/A;N/A;N/A;N/A;N/A;N/A;N/A;N/A;N/A;N/A;N/A;N/A;N/A;N/A;N/A;N/A;N/A;N/A;N/A;"Full time";5;2.5;Nafta;"Automática secuencial";SUV;"Autos y camionetas";N/A;N/A;N/A;N/A;N/A;N/A;N/A;N/A;Sí;N/A;N/A;N/A;N/A;N/A;N/A;N/A;N/A;N/A;N/A;N/A;N/A;N/A;N/A;N/A;N/A;N/A;N/A;N/A;N/A;N/A;N/A;N/A;N/A;N/A;N/A;N/A;N/A;N/A;N/A;N/A;N/A;N/A;N/A;N/A;N/A;N/A;N/A;N/A;N/A;N/A;N/A;N/A;N/A;N/A;N/A;N/A;N/A;N/A;N/A;N/A;N/A;N/A;N/A;N/A;N/A;N/A;N/A;N/A;N/A;N/A;N/A;N/A;N/A;N/A;N/A;N/A;N/A;N/A;N/A;N/A;N/A;N/A;N/A;N/A;N/A;N/A;N/A;N/A;N/A;N/A;N/A;N/A;N/A;N/A;N/A;N/A;N/A;N/A;N/A;N/A;N/A;N/A;N/A;N/A;N/A;N/A;N/A;N/A;N/A;N/A;N/A;N/A;N/A;N/A;N/A;N/A;N/A;N/A;N/A;N/A;N/A;N/A
Hyundai;Creta;Limited;2025;"0 km";;"MINAS AUTOMOVILES.";35490;;;;;Minas;https://auto.mercadolibre.com.uy/MLU-701653838-hyundai-creta-limited-10-2025-0km-minas-automoviles-_JM;N/A;;"Hyundai Creta Limited 1.0 2025 0km - Minas Automóviles";USD;Sí;gold;false;N/A;N/A;http://perfil.mercadolibre.com.uy/MINAS+AUTOMOVILES.;active;N/A;N/A;Nuevo;N/A;N/A;Eléctrica;N/A;Sí;Sí;Sí;Sí;Sí;N/A;Sí;Sí;Sí;Sí;Sí;Sí;Sí;N/A;Sí;N/A;N/A;N/A;N/A;N/A;N/A;N/A;N/A;N/A;N/A;N/A;"1000 cc";N/A;6;N/A;N/A;Sí;Sí;Sí;Sí;N/A;N/A;N/A;N/A;N/A;N/A;N/A;N/A;N/A;N/A;N/A;N/A;N/A;N/A;N/A;Sí;N/A;Sí;N/A;Sí;N/A;Sí;N/A;N/A;N/A;N/A;N/A;N/A;N/A;N/A;Sí;N/A;N/A;N/A;N/A;N/A;Sí;N/A;N/A;N/A;N/A;N/A;N/A;N/A;N/A;N/A;"120 hp";Limited;N/A;N/A;N/A;N/A;N/A;N/A;Sí;Sí;Sí;Sí;Sí;Sí;Sí;Sí;N/A;N/A;N/A;N/A;N/A;Sí;"Lun. a Vie. de 9 a 12 y de 14 a 19 hs. Sáb. de 9 a 13 hs";5;1.0;Nafta;"Automática secuencial";SUV;"Autos y camionetas";No;N/A;N/A;N/A;No;N/A;N/A;No;Sí;No;No;N/A;N/A;N/A;N/A;N/A;N/A;N/A;N/A;N/A;N/A;N/A;N/A;N/A;N/A;N/A;N/A;N/A;N/A;N/A;N/A;N/A;N/A;N/A;N/A;N/A;N/A;N/A;N/A;N/A;N/A;N/A;N/A;Sí;N/A;N/A;N/A;N/A;N/A;N/A;N/A;N/A;N/A;N/A;N/A;N/A;N/A;N/A;N/A;N/A;N/A;Sí;No;N/A;N/A;N/A;N/A;N/A;N/A;N/A;N/A;N/A;N/A;N/A;N/A;N/A;N/A;N/A;N/A;N/A;N/A;N/A;N/A;N/A;N/A;N/A;N/A;N/A;N/A;N/A;N/A;N/A;N/A;N/A;N/A;N/A;Sí;Sí;Sí;Sí;Sí;Sí;Sí;N/A;Sí;Sí;Sí;Sí;N/A;N/A;Sí;Sí;Sí;N/A;Sí;Sí;Sí;N/A;N/A;N/A;Sí;N/A
Hyundai;Tucson;"2.0 safe at";2016;"70000 km";;FEDE-2009;24900;;;;;"Tres Cruces";https://auto.mercadolibre.com.uy/MLU-700391032-hyundai-tucson-20-safe-at-_JM;N/A;;"Hyundai Tucson 2.0 Safe At";usd;Sí;gold;false;N/A;N/A;http://perfil.mercadolibre.com.uy/FEDE-2009;active;N/A;N/A;Usado;N/A;N/A;Hidráulica;4x4;Sí;N/A;Sí;N/A;N/A;N/A;N/A;N/A;N/A;N/A;N/A;N/A;N/A;N/A;N/A;N/A;N/A;N/A;N/A;N/A;N/A;N/A;N/A;N/A;N/A;"2630 mm";"2 L";"58 L";6;N/A;N/A;N/A;N/A;N/A;N/A;N/A;N/A;N/A;N/A;N/A;N/A;N/A;N/A;N/A;N/A;N/A;N/A;N/A;N/A;N/A;N/A;N/A;N/A;N/A;N/A;N/A;N/A;N/A;N/A;N/A;Sí;N/A;N/A;N/A;N/A;N/A;N/A;N/A;N/A;N/A;Sí;N/A;N/A;N/A;"1655 mm";"4410 mm";N/A;N/A;N/A;N/A;5;"154 hp";N/A;N/A;4;"1830 mm";N/A;N/A;N/A;N/A;N/A;N/A;N/A;N/A;N/A;N/A;Sí;"9.1 km/l";N/A;N/A;N/A;N/A;N/A;N/A;5;2.0;Nafta;Automática;SUV;"Autos y camionetas";N/A;N/A;N/A;N/A;N/A;N/A;UY;N/A;N/A;N/A;N/A;N/A;N/A;N/A;N/A;N/A;N/A;N/A;N/A;N/A;N/A;N/A;N/A;N/A;N/A;N/A;N/A;N/A;N/A;N/A;N/A;N/A;N/A;N/A;N/A;N/A;N/A;N/A;N/A;N/A;N/A;N/A;N/A;N/A;N/A;N/A;N/A;N/A;N/A;N/A;N/A;N/A;N/A;N/A;N/A;N/A;N/A;N/A;N/A;N/A;N/A;N/A;N/A;N/A;N/A;N/A;N/A;N/A;N/A;N/A;N/A;N/A;N/A;N/A;N/A;N/A;N/A;N/A;N/A;N/A;N/A;N/A;N/A;N/A;N/A;N/A;N/A;N/A;N/A;N/A;N/A;N/A;N/A;N/A;N/A;N/A;Sí;N/A;Sí;N/A;N/A;N/A;N/A;N/A;N/A;Sí;N/A;N/A;N/A;Sí;N/A;Sí;N/A;N/A;N/A;N/A;N/A;N/A;N/A;N/A;N/A;N/A
Hyundai;HB20S;"1.6 Comfort Plus 4p";2018;"140000 km";;"AMAYAPEUGEOT DELACOSTA";13190;;;;;Lagomar;https://auto.mercadolibre.com.uy/MLU-644219443-hyundai-hb-20-sedan-16-cc-_JM;N/A;;"Hyundai Hb 20 Sedán 1.6 Cc";usd;Sí;gold;false;N/A;N/A;http://perfil.mercadolibre.com.uy/AMAYAPEUGEOT+DELACOSTA;active;N/A;N/A;Usado;Gris;N/A;Hidráulica;Delantera;Sí;N/A;N/A;N/A;N/A;N/A;N/A;N/A;N/A;N/A;N/A;N/A;N/A;N/A;N/A;N/A;N/A;N/A;N/A;N/A;N/A;N/A;N/A;N/A;N/A;"2500 mm";"1.6 L";"50 L";5;N/A;N/A;N/A;N/A;N/A;N/A;N/A;N/A;N/A;N/A;N/A;N/A;N/A;N/A;N/A;N/A;N/A;N/A;N/A;N/A;N/A;N/A;N/A;N/A;N/A;N/A;N/A;N/A;N/A;N/A;N/A;N/A;N/A;Sí;Sí;N/A;N/A;N/A;N/A;N/A;N/A;N/A;N/A;N/A;N/A;"1500 mm";"4200 mm";N/A;N/A;N/A;N/A;5;"122 hp";"Comfort Plus";N/A;4;"1680 mm";N/A;N/A;N/A;N/A;Sí;N/A;N/A;Sí;Sí;N/A;N/A;"12.8 km/l";N/A;N/A;N/A;N/A;N/A;"L a v 9.00 a 18.00 y S 9.00 a 13.00";4;1.6;Nafta;Manual;Sedán;"Autos y camionetas";N/A;N/A;N/A;N/A;N/A;N/A;UY;N/A;N/A;N/A;N/A;N/A;N/A;N/A;N/A;N/A;N/A;N/A;N/A;N/A;N/A;N/A;N/A;N/A;N/A;N/A;N/A;N/A;N/A;N/A;N/A;N/A;N/A;N/A;N/A;N/A;N/A;N/A;N/A;N/A;N/A;N/A;N/A;N/A;N/A;N/A;N/A;N/A;N/A;N/A;N/A;N/A;N/A;N/A;N/A;N/A;N/A;N/A;N/A;N/A;N/A;N/A;N/A;N/A;N/A;N/A;N/A;N/A;N/A;N/A;N/A;N/A;N/A;N/A;N/A;N/A;N/A;N/A;N/A;N/A;N/A;N/A;N/A;N/A;N/A;N/A;N/A;N/A;N/A;N/A;N/A;N/A;N/A;N/A;N/A;N/A;N/A;N/A;N/A;N/A;N/A;N/A;N/A;N/A;N/A;N/A;N/A;N/A;N/A;N/A;N/A;N/A;Sí;N/A;N/A;N/A;Sí;N/A;N/A;Sí;N/A;Sí
Hyundai;"Santa Fe";"2.4 Gls Llan 19 5p At";2022;"32500 km";;AMAYAMOTORS;55900;;;;;Centro;https://auto.mercadolibre.com.uy/MLU-704523538-hyundai-santa-fe-extra-full-25-amaya-motors-_JM;N/A;;"Hyundai Santa Fe Extra Full 2.5 Amaya Motors ";usd;Sí;gold;false;N/A;N/A;http://perfil.mercadolibre.com.uy/AMAYAMOTORS;active;N/A;N/A;Usado;Blanco;Sí;N/A;4x2;Sí;Sí;Sí;N/A;N/A;Sí;N/A;N/A;Sí;N/A;N/A;Sí;Sí;N/A;Sí;N/A;N/A;N/A;N/A;N/A;N/A;N/A;N/A;N/A;N/A;"2700 mm";"2.4 L";"75 L";6;N/A;N/A;N/A;N/A;N/A;Sí;N/A;N/A;N/A;N/A;N/A;N/A;N/A;N/A;N/A;N/A;N/A;N/A;N/A;N/A;N/A;N/A;N/A;N/A;N/A;N/A;N/A;N/A;N/A;Sí;N/A;N/A;N/A;N/A;N/A;N/A;N/A;N/A;N/A;N/A;N/A;N/A;N/A;N/A;N/A;"1795 mm";"4675 mm";N/A;N/A;N/A;N/A;5;"176 hp";Gls;N/A;4;"1890 mm";N/A;N/A;N/A;Sí;Sí;N/A;Sí;Sí;N/A;Sí;Sí;N/A;N/A;N/A;N/A;N/A;Sí;N/A;5;2.4;Nafta;Automática;SUV;"Autos y camionetas";N/A;N/A;N/A;N/A;N/A;N/A;UY;N/A;Sí;N/A;N/A;N/A;N/A;N/A;N/A;N/A;N/A;N/A;N/A;N/A;N/A;N/A;N/A;N/A;Sí;N/A;N/A;N/A;N/A;N/A;N/A;N/A;N/A;N/A;N/A;N/A;N/A;N/A;N/A;N/A;N/A;N/A;N/A;N/A;N/A;N/A;N/A;N/A;N/A;N/A;N/A;N/A;N/A;N/A;N/A;N/A;N/A;N/A;N/A;N/A;N/A;Sí;Sí;N/A;N/A;N/A;N/A;N/A;N/A;N/A;N/A;N/A;N/A;N/A;N/A;N/A;N/A;N/A;N/A;N/A;N/A;N/A;N/A;N/A;N/A;N/A;N/A;N/A;N/A;N/A;N/A;N/A;N/A;N/A;N/A;N/A;Sí;Sí;Sí;N/A;Sí;N/A;N/A;N/A;N/A;Sí;Sí;Sí;Sí;N/A;N/A;Sí;Sí;Sí;Sí;Sí;Sí;N/A;N/A;Sí;N/A;Sí
Hyundai;Tucson;"2.0 Gl 154cv 6at 2wd";2015;"87000 km";;SOSAMARIO41;18900;;;;;Dolores;https://auto.mercadolibre.com.uy/MLU-703798330-hyundai-tucson-2015-20-gl-154cv-6at-2wd-_JM;N/A;;"Hyundai Tucson 2015 2.0 Gl 154cv 6at 2wd";usd;Sí;gold;false;N/A;N/A;http://perfil.mercadolibre.com.uy/SOSAMARIO41;active;N/A;N/A;Usado;N/A;N/A;Hidráulica;4x2;Sí;N/A;Sí;N/A;N/A;N/A;N/A;N/A;N/A;N/A;N/A;N/A;N/A;N/A;N/A;N/A;N/A;N/A;N/A;N/A;N/A;N/A;N/A;N/A;N/A;"2630 mm";"2 L";"58 L";6;N/A;N/A;N/A;N/A;N/A;N/A;N/A;N/A;N/A;N/A;N/A;N/A;N/A;N/A;N/A;N/A;N/A;N/A;N/A;N/A;N/A;N/A;N/A;N/A;N/A;N/A;N/A;N/A;N/A;N/A;N/A;Sí;N/A;N/A;N/A;N/A;N/A;N/A;N/A;N/A;N/A;Sí;N/A;N/A;N/A;"1655 mm";"4410 mm";N/A;N/A;N/A;N/A;5;"166 hp";Gl;N/A;4;"1830 mm";"10.4 km/l";N/A;N/A;N/A;N/A;N/A;N/A;N/A;N/A;N/A;Sí;"6.4 km/l";N/A;N/A;N/A;N/A;N/A;N/A;5;2.0;Nafta;Automática;SUV;"Autos y camionetas";N/A;N/A;N/A;N/A;N/A;N/A;UY;N/A;N/A;N/A;N/A;N/A;N/A;N/A;N/A;N/A;N/A;N/A;N/A;N/A;N/A;N/A;N/A;N/A;N/A;N/A;N/A;N/A;N/A;N/A;N/A;N/A;N/A;N/A;N/A;N/A;N/A;N/A;N/A;N/A;N/A;N/A;N/A;N/A;N/A;N/A;N/A;N/A;N/A;N/A;N/A;N/A;N/A;N/A;N/A;N/A;N/A;N/A;N/A;N/A;N/A;N/A;N/A;N/A;N/A;N/A;N/A;N/A;N/A;N/A;N/A;N/A;N/A;N/A;N/A;N/A;N/A;N/A;N/A;N/A;N/A;N/A;N/A;N/A;N/A;N/A;N/A;N/A;N/A;N/A;N/A;N/A;N/A;N/A;N/A;N/A;Sí;N/A;Sí;N/A;N/A;N/A;N/A;N/A;N/A;N/A;N/A;N/A;N/A;Sí;N/A;N/A;N/A;N/A;N/A;N/A;N/A;N/A;N/A;N/A;N/A;N/A
Hyundai;HB20;"1.0 Premium";2022;"87000 km";;GRITAUTOMOTORES;15990;;;;;Aguada;https://auto.mercadolibre.com.uy/MLU-702627200-hyundai-hb20-10-premium-10-2022-impecable-_JM;N/A;;"Hyundai Hb20 1.0 Premium 1.0 2022 Impecable!";usd;Sí;gold;false;N/A;N/A;http://perfil.mercadolibre.com.uy/GRITAUTOMOTORES;active;N/A;N/A;Usado;"Gris oscuro";Sí;Eléctrica;N/A;Sí;Sí;Sí;N/A;Sí;N/A;Sí;Sí;N/A;Sí;Sí;N/A;Sí;N/A;N/A;N/A;N/A;N/A;N/A;N/A;N/A;N/A;N/A;N/A;N/A;N/A;"1000 cc";N/A;5;N/A;N/A;Sí;Sí;N/A;N/A;N/A;N/A;N/A;N/A;N/A;N/A;N/A;N/A;N/A;N/A;N/A;N/A;N/A;N/A;N/A;N/A;N/A;N/A;N/A;Sí;N/A;N/A;N/A;N/A;N/A;N/A;N/A;N/A;N/A;N/A;Sí;N/A;N/A;N/A;N/A;N/A;N/A;N/A;N/A;N/A;N/A;N/A;N/A;N/A;N/A;N/A;N/A;Premium;N/A;N/A;N/A;"13 km/l";N/A;N/A;N/A;Sí;N/A;N/A;Sí;Sí;N/A;N/A;"18 km/l";N/A;N/A;N/A;N/A;Sí;"Lun. a Vie. de 9:30 a 18 hs. Sáb. de 9:30 a 14:30 hs";5;1.0;Nafta;Manual;Hatchback;"Autos y camionetas";No;N/A;N/A;N/A;No;N/A;UY;No;Sí;No;No;N/A;N/A;N/A;N/A;N/A;N/A;N/A;N/A;N/A;N/A;N/A;N/A;N/A;Sí;N/A;N/A;N/A;N/A;N/A;N/A;N/A;N/A;N/A;N/A;N/A;N/A;N/A;N/A;N/A;N/A;N/A;N/A;N/A;N/A;N/A;N/A;N/A;N/A;N/A;N/A;N/A;N/A;N/A;N/A;N/A;N/A;N/A;N/A;N/A;N/A;N/A;No;N/A;N/A;N/A;N/A;N/A;N/A;N/A;N/A;N/A;N/A;N/A;N/A;N/A;N/A;N/A;N/A;N/A;N/A;N/A;N/A;N/A;N/A;N/A;N/A;N/A;N/A;N/A;N/A;N/A;Sí;N/A;N/A;N/A;Sí;Sí;Sí;Sí;Sí;N/A;Sí;N/A;Sí;Sí;Sí;Sí;N/A;N/A;Sí;N/A;Sí;N/A;Sí;Sí;Sí;N/A;N/A;Sí;Sí;N/A
Hyundai;Tucson;"2.0 Mt";2011;"148000 km";;GRITAUTOMOTORES;13990;;;;;Aguada;https://auto.mercadolibre.com.uy/MLU-698661214-hyundai-tucson-20-mt-20-2011-impecable-_JM;N/A;;"Hyundai Tucson 2.0 Mt 2.0 2011 Impecable!";usd;Sí;gold;false;N/A;N/A;http://perfil.mercadolibre.com.uy/GRITAUTOMOTORES;active;N/A;N/A;Usado;Blanco;N/A;Hidráulica;N/A;Sí;Sí;Sí;N/A;N/A;N/A;Sí;Sí;N/A;N/A;Sí;N/A;Sí;N/A;Sí;N/A;N/A;N/A;N/A;N/A;N/A;N/A;N/A;N/A;N/A;N/A;"2000 cc";N/A;5;N/A;N/A;N/A;N/A;Sí;N/A;Sí;N/A;N/A;N/A;N/A;N/A;N/A;N/A;N/A;N/A;N/A;N/A;N/A;N/A;N/A;N/A;N/A;Sí;N/A;Sí;N/A;N/A;N/A;N/A;N/A;N/A;N/A;N/A;N/A;N/A;Sí;N/A;N/A;N/A;N/A;N/A;N/A;N/A;N/A;N/A;N/A;N/A;N/A;N/A;N/A;N/A;N/A;N/A;N/A;N/A;N/A;"10 km/l";N/A;N/A;N/A;Sí;N/A;N/A;N/A;Sí;N/A;N/A;"14 km/l";N/A;N/A;N/A;N/A;Sí;"Lun. a Vie. de 9:30 a 18 hs. Sáb. de 9:30 a 14:30 hs";4;2.0;Nafta;Manual;SUV;"Autos y camionetas";No;N/A;N/A;N/A;No;N/A;UY;No;Sí;No;No;N/A;N/A;N/A;N/A;N/A;N/A;N/A;N/A;N/A;N/A;N/A;N/A;N/A;N/A;N/A;N/A;N/A;N/A;N/A;N/A;N/A;N/A;N/A;N/A;N/A;N/A;N/A;N/A;N/A;N/A;N/A;N/A;N/A;N/A;N/A;N/A;N/A;N/A;N/A;N/A;N/A;N/A;N/A;N/A;N/A;N/A;N/A;N/A;N/A;N/A;N/A;No;N/A;N/A;N/A;N/A;N/A;N/A;N/A;N/A;N/A;N/A;N/A;N/A;N/A;N/A;N/A;N/A;N/A;N/A;N/A;N/A;N/A;N/A;N/A;N/A;N/A;N/A;N/A;N/A;N/A;N/A;N/A;N/A;N/A;Sí;Sí;Sí;N/A;Sí;N/A;N/A;N/A;Sí;Sí;N/A;Sí;N/A;N/A;N/A;N/A;Sí;N/A;Sí;Sí;N/A;Sí;N/A;Sí;Sí;N/A
Hyundai;Creta;"Safe A/T";2025;"0 km";;"MINAS AUTOMOVILES.";30990;;;;;Minas;https://auto.mercadolibre.com.uy/MLU-640752117-hyundai-creta-safe-at-10-2025-0km-minas-automoviles-_JM;N/A;;"Hyundai Creta Safe A/t 1.0 2025 0km - Minas Automóviles";usd;Sí;gold;false;N/A;N/A;http://perfil.mercadolibre.com.uy/MINAS+AUTOMOVILES.;active;N/A;N/A;Nuevo;Plateado;N/A;Eléctrica;N/A;N/A;Sí;Sí;N/A;N/A;N/A;Sí;Sí;N/A;Sí;N/A;Sí;Sí;N/A;Sí;N/A;N/A;N/A;N/A;N/A;N/A;N/A;N/A;N/A;N/A;N/A;"1000 cc";N/A;6;N/A;N/A;Sí;Sí;Sí;Sí;N/A;N/A;N/A;N/A;N/A;N/A;N/A;N/A;N/A;N/A;N/A;N/A;N/A;N/A;N/A;N/A;N/A;Sí;N/A;Sí;N/A;Sí;N/A;Sí;N/A;N/A;N/A;N/A;N/A;N/A;Sí;N/A;N/A;N/A;N/A;N/A;N/A;N/A;N/A;N/A;N/A;N/A;N/A;N/A;N/A;N/A;N/A;Safe;N/A;N/A;N/A;N/A;N/A;N/A;Sí;Sí;Sí;Sí;Sí;Sí;N/A;N/A;N/A;N/A;N/A;N/A;N/A;Sí;"Lun. a Vie. de 9 a 12 y de 14 a 19 hs. Sáb. de 9 a 13 hs";5;1.0;Nafta;"Automática secuencial";SUV;"Autos y camionetas";No;N/A;N/A;N/A;No;N/A;UY;No;Sí;No;No;N/A;N/A;N/A;N/A;N/A;N/A;N/A;N/A;N/A;N/A;N/A;N/A;N/A;N/A;N/A;N/A;N/A;N/A;N/A;N/A;N/A;N/A;N/A;N/A;N/A;N/A;N/A;N/A;N/A;N/A;N/A;N/A;Sí;N/A;N/A;N/A;N/A;N/A;N/A;N/A;N/A;N/A;N/A;N/A;N/A;N/A;N/A;N/A;N/A;N/A;Sí;No;N/A;N/A;N/A;N/A;N/A;N/A;N/A;N/A;N/A;N/A;N/A;N/A;N/A;N/A;N/A;N/A;N/A;N/A;N/A;N/A;N/A;N/A;N/A;N/A;N/A;N/A;N/A;N/A;N/A;N/A;N/A;N/A;N/A;Sí;Sí;Sí;Sí;Sí;Sí;Sí;N/A;Sí;Sí;N/A;N/A;N/A;N/A;Sí;Sí;Sí;N/A;Sí;N/A;Sí;N/A;N/A;N/A;N/A;Sí
Hyundai;Eon;"800 Gl";2014;"227498 km";;SILCALASPIEDRAS;7500;;;;;"La Comercial";https://auto.mercadolibre.com.uy/MLU-699198366-hyundai-eon-800-gl-2014-_JM;N/A;;"Hyundai Eon 800 Gl 2014 ";USD;Sí;gold;false;N/A;N/A;http://perfil.mercadolibre.com.uy/SILCALASPIEDRAS;active;N/A;N/A;Usado;Rojo;N/A;Mecánica;N/A;N/A;N/A;N/A;N/A;N/A;N/A;N/A;N/A;N/A;N/A;N/A;N/A;N/A;N/A;N/A;N/A;N/A;N/A;N/A;N/A;N/A;N/A;N/A;N/A;N/A;N/A;"800 cc";N/A;5;N/A;N/A;N/A;N/A;N/A;N/A;N/A;N/A;N/A;N/A;N/A;N/A;N/A;N/A;N/A;N/A;N/A;N/A;N/A;N/A;N/A;N/A;N/A;N/A;N/A;N/A;N/A;N/A;N/A;N/A;N/A;N/A;N/A;N/A;N/A;N/A;N/A;N/A;N/A;N/A;N/A;N/A;N/A;N/A;N/A;N/A;N/A;N/A;N/A;N/A;N/A;N/A;N/A;N/A;N/A;N/A;N/A;N/A;N/A;N/A;N/A;N/A;N/A;N/A;N/A;N/A;N/A;N/A;N/A;N/A;N/A;N/A;N/A;N/A;"Lun. a Vie. de 9 a 18 hs. Sáb. de 10 a 13 hs";5;0.8;Nafta;Manual;Hatchback;"Autos y camionetas";No;N/A;N/A;N/A;No;N/A;N/A;No;Sí;No;No;N/A;N/A;N/A;N/A;N/A;N/A;N/A;N/A;N/A;N/A;N/A;N/A;N/A;N/A;N/A;N/A;N/A;N/A;N/A;N/A;N/A;N/A;N/A;N/A;N/A;N/A;N/A;N/A;N/A;N/A;N/A;N/A;N/A;N/A;N/A;N/A;N/A;N/A;N/A;N/A;N/A;N/A;N/A;N/A;N/A;N/A;N/A;N/A;N/A;N/A;N/A;No;N/A;N/A;N/A;N/A;N/A;N/A;N/A;N/A;N/A;N/A;N/A;N/A;N/A;N/A;N/A;N/A;N/A;N/A;N/A;N/A;N/A;N/A;N/A;N/A;N/A;N/A;N/A;N/A;N/A;N/A;N/A;N/A;N/A;N/A;N/A;N/A;N/A;N/A;N/A;N/A;N/A;N/A;N/A;N/A;N/A;N/A;N/A;N/A;N/A;N/A;N/A;Sí;N/A;N/A;N/A;N/A;N/A;N/A;N/A
Hyundai;Ioniq;Hibrido;2020;"84097 km";;"HORACIO BARREIRO";29990;;;;;"Las Piedras";https://auto.mercadolibre.com.uy/MLU-704148148-hyundai-ioniq-hibrido-16-2020-excelente-estado-_JM;N/A;;"Hyundai Ioniq Hibrido 1.6 2020 Excelente Estado!";usd;Sí;gold;false;N/A;N/A;http://perfil.mercadolibre.com.uy/HORACIO+BARREIRO;active;N/A;N/A;Usado;Blanco;Sí;Eléctrica;N/A;Sí;Sí;Sí;N/A;N/A;N/A;Sí;Sí;N/A;Sí;N/A;Sí;Sí;N/A;Sí;N/A;N/A;N/A;N/A;N/A;N/A;N/A;N/A;N/A;N/A;N/A;"1600 cc";N/A;6;N/A;N/A;N/A;N/A;Sí;Sí;Sí;N/A;N/A;N/A;N/A;N/A;N/A;N/A;N/A;N/A;N/A;N/A;N/A;N/A;N/A;N/A;N/A;Sí;N/A;Sí;N/A;N/A;N/A;N/A;N/A;N/A;N/A;N/A;N/A;N/A;N/A;N/A;N/A;N/A;N/A;N/A;Sí;N/A;N/A;N/A;N/A;N/A;N/A;N/A;N/A;N/A;"141 hp";N/A;N/A;N/A;N/A;"20 km/l";N/A;N/A;Sí;Sí;Sí;Sí;Sí;Sí;N/A;N/A;"25 km/l";N/A;N/A;N/A;N/A;Sí;"Lunes a Sábados de 8 a 19 hs.";4;1.6;Híbrido;Automática;Sedán;"Autos y camionetas";No;N/A;N/A;N/A;No;N/A;UY;No;Sí;No;No;N/A;N/A;N/A;N/A;N/A;N/A;N/A;N/A;N/A;N/A;N/A;N/A;N/A;N/A;N/A;N/A;N/A;N/A;N/A;N/A;N/A;N/A;N/A;N/A;N/A;N/A;N/A;N/A;N/A;N/A;N/A;N/A;N/A;N/A;N/A;N/A;N/A;N/A;N/A;N/A;N/A;N/A;N/A;N/A;N/A;N/A;N/A;N/A;N/A;N/A;N/A;No;N/A;N/A;N/A;N/A;N/A;N/A;N/A;N/A;N/A;N/A;N/A;N/A;N/A;N/A;N/A;N/A;N/A;N/A;N/A;N/A;N/A;N/A;N/A;N/A;N/A;N/A;N/A;N/A;N/A;N/A;N/A;N/A;N/A;Sí;Sí;Sí;Sí;Sí;Sí;N/A;N/A;Sí;Sí;N/A;N/A;N/A;N/A;Sí;Sí;N/A;N/A;Sí;Sí;Sí;N/A;N/A;N/A;N/A;Sí
Hyundai;HB20;"1.0 Comfort Mt";2024;"20231 km";;NEDALCAR_AUTOMOVILES;17590;;;;;"Aeropuerto Internacional De Carrasco";https://auto.mercadolibre.com.uy/MLU-644001155-hyundai-hb20-2024-10-comfort-mt-_JM;N/A;;"Hyundai Hb20 2024 1.0 Comfort Mt";usd;Sí;gold;false;N/A;N/A;http://perfil.mercadolibre.com.uy/NEDALCAR_AUTOMOVILES;active;N/A;N/A;Usado;N/A;N/A;Hidráulica;Delantera;Sí;N/A;Sí;N/A;N/A;N/A;N/A;N/A;N/A;N/A;N/A;N/A;N/A;N/A;N/A;N/A;N/A;N/A;N/A;N/A;N/A;N/A;N/A;N/A;N/A;"2500 mm";"1 L";"50 L";6;N/A;N/A;N/A;N/A;N/A;N/A;N/A;N/A;N/A;N/A;N/A;N/A;N/A;N/A;N/A;N/A;N/A;N/A;N/A;N/A;N/A;N/A;N/A;N/A;N/A;N/A;N/A;N/A;N/A;N/A;N/A;N/A;N/A;Sí;Sí;N/A;N/A;N/A;N/A;N/A;N/A;N/A;N/A;N/A;N/A;"1470 mm";"3920 mm";N/A;N/A;N/A;N/A;5;"101 hp";N/A;N/A;4;"1680 mm";N/A;N/A;N/A;N/A;Sí;N/A;N/A;Sí;Sí;N/A;N/A;"13.8 km/l";N/A;N/A;N/A;N/A;N/A;N/A;5;1.0;Nafta;Manual;Hatchback;"Autos y camionetas";N/A;N/A;N/A;N/A;N/A;N/A;UY;N/A;N/A;N/A;N/A;N/A;N/A;N/A;N/A;N/A;N/A;N/A;N/A;N/A;N/A;N/A;N/A;N/A;N/A;N/A;N/A;N/A;N/A;N/A;N/A;N/A;N/A;N/A;N/A;N/A;N/A;N/A;N/A;N/A;N/A;N/A;N/A;N/A;N/A;N/A;N/A;N/A;N/A;N/A;N/A;N/A;N/A;N/A;N/A;N/A;N/A;N/A;N/A;N/A;N/A;N/A;N/A;N/A;N/A;N/A;N/A;N/A;N/A;N/A;N/A;N/A;N/A;N/A;N/A;N/A;N/A;N/A;N/A;N/A;N/A;N/A;N/A;N/A;N/A;N/A;N/A;N/A;N/A;N/A;N/A;N/A;N/A;N/A;N/A;N/A;N/A;N/A;N/A;N/A;N/A;N/A;N/A;N/A;N/A;N/A;N/A;N/A;N/A;N/A;N/A;N/A;Sí;N/A;N/A;N/A;Sí;N/A;N/A;Sí;N/A;Sí
Hyundai;Tucson;hibrida-hev-turbo;2025;"0 km";;"RIVEROAUTOMOTORES TACUAREMBÓ";59990;;;;;Tacuarembó;https://auto.mercadolibre.com.uy/MLU-668963160-hyundai-tucson-hibrida-hev-turbo-16-2025-0km-_JM;N/A;;"Hyundai Tucson Hibrida-hev-turbo 1.6 2025 0km";USD;Sí;gold;false;N/A;N/A;http://perfil.mercadolibre.com.uy/RIVEROAUTOMOTORES+TACUAREMB%C3%93;active;N/A;N/A;Nuevo;Blanco;N/A;Eléctrica;N/A;Sí;Sí;Sí;Sí;Sí;N/A;Sí;Sí;Sí;Sí;N/A;Sí;Sí;N/A;Sí;N/A;N/A;N/A;N/A;N/A;N/A;N/A;N/A;N/A;N/A;N/A;"1600 cc";N/A;6;N/A;N/A;Sí;Sí;Sí;Sí;Sí;N/A;N/A;N/A;N/A;N/A;N/A;N/A;N/A;N/A;N/A;N/A;N/A;N/A;N/A;Sí;N/A;Sí;N/A;Sí;N/A;Sí;N/A;N/A;N/A;N/A;N/A;N/A;N/A;N/A;N/A;N/A;N/A;N/A;N/A;N/A;Sí;N/A;N/A;N/A;N/A;N/A;N/A;N/A;N/A;N/A;N/A;N/A;N/A;N/A;N/A;N/A;N/A;N/A;Sí;Sí;Sí;Sí;Sí;Sí;Sí;N/A;N/A;N/A;N/A;N/A;N/A;Sí;"Lun. a Vie. de 8 a 12 y de 14 a 19 hs. Sáb de 8 a 13 hs";5;1.6;Híbrido;"Automática secuencial";SUV;"Autos y camionetas";No;N/A;N/A;N/A;No;N/A;N/A;No;Sí;No;No;N/A;N/A;N/A;N/A;N/A;N/A;N/A;N/A;N/A;N/A;N/A;N/A;N/A;Sí;N/A;N/A;N/A;N/A;N/A;N/A;N/A;N/A;N/A;N/A;N/A;N/A;N/A;N/A;N/A;N/A;N/A;N/A;Sí;N/A;N/A;N/A;N/A;N/A;N/A;N/A;N/A;N/A;N/A;N/A;N/A;N/A;N/A;N/A;N/A;N/A;Sí;No;N/A;N/A;N/A;N/A;N/A;N/A;N/A;N/A;N/A;N/A;N/A;N/A;N/A;N/A;N/A;N/A;N/A;N/A;N/A;N/A;N/A;N/A;N/A;N/A;N/A;N/A;N/A;N/A;N/A;N/A;N/A;N/A;N/A;Sí;Sí;Sí;Sí;Sí;Sí;Sí;N/A;Sí;Sí;Sí;Sí;N/A;N/A;Sí;Sí;Sí;N/A;Sí;Sí;Sí;N/A;N/A;Sí;N/A;Sí
Hyundai;Tucson;"1.6t Gdi Sport At";2018;"103000 km";;CARDEALERS.UY;27990;;;;;"La Blanqueada";https://auto.mercadolibre.com.uy/MLU-645954885-hyundai-tucson-2018-16t-gdi-sport-at-_JM;N/A;;"Hyundai Tucson 2018 1.6t Gdi Sport At";usd;Sí;gold;false;N/A;N/A;http://perfil.mercadolibre.com.uy/CARDEALERS.UY;active;N/A;N/A;Usado;N/A;N/A;Hidráulica;4x2;Sí;N/A;N/A;N/A;N/A;N/A;N/A;N/A;N/A;N/A;N/A;N/A;N/A;N/A;N/A;N/A;N/A;N/A;N/A;N/A;N/A;N/A;N/A;N/A;N/A;"2670 mm";"1.6 L";"62 L";7;N/A;N/A;N/A;N/A;N/A;N/A;N/A;N/A;N/A;N/A;N/A;N/A;N/A;N/A;N/A;N/A;N/A;N/A;N/A;N/A;N/A;N/A;N/A;N/A;N/A;N/A;N/A;N/A;N/A;N/A;N/A;N/A;N/A;N/A;N/A;N/A;N/A;N/A;N/A;N/A;N/A;N/A;N/A;N/A;N/A;"1660 mm";"4475 mm";N/A;N/A;N/A;N/A;5;"132 hp";N/A;N/A;4;"1850 mm";N/A;N/A;N/A;N/A;N/A;N/A;N/A;N/A;N/A;N/A;N/A;N/A;N/A;N/A;N/A;N/A;N/A;N/A;5;1.6;Nafta;Automática;SUV;"Autos y camionetas";N/A;N/A;N/A;N/A;N/A;N/A;UY;N/A;N/A;N/A;N/A;N/A;N/A;N/A;N/A;N/A;N/A;N/A;N/A;N/A;N/A;N/A;N/A;N/A;N/A;N/A;N/A;N/A;N/A;N/A;N/A;N/A;N/A;N/A;N/A;N/A;N/A;N/A;N/A;N/A;N/A;N/A;N/A;N/A;N/A;N/A;N/A;N/A;N/A;N/A;N/A;N/A;N/A;N/A;N/A;N/A;N/A;N/A;N/A;N/A;N/A;N/A;N/A;N/A;N/A;N/A;N/A;N/A;N/A;N/A;N/A;N/A;N/A;N/A;N/A;N/A;N/A;N/A;N/A;N/A;N/A;N/A;N/A;N/A;N/A;N/A;N/A;N/A;N/A;N/A;N/A;N/A;N/A;N/A;N/A;N/A;Sí;N/A;N/A;N/A;N/A;N/A;N/A;N/A;N/A;Sí;N/A;N/A;N/A;N/A;N/A;N/A;N/A;N/A;N/A;N/A;N/A;N/A;N/A;N/A;N/A;N/A
Hyundai;Accent;"CRDI TURBODISEL 1.6 FULL";2015;"545000 km";;DIAZGUSTAVONE20230812162520;8500;;;;;"El Pinar";https://auto.mercadolibre.com.uy/MLU-703696580-hyundai-accent-crdi-turbodisel-16-full-caja-de-6-velocidade-_JM;N/A;;"Hyundai Accent Crdi Turbodisel 1.6 Full Caja De 6 Velocidade";USD;Sí;gold;false;N/A;N/A;http://perfil.mercadolibre.com.uy/DIAZGUSTAVONE20230812162520;active;N/A;N/A;Usado;Blanco;No;Eléctrica;N/A;Sí;N/A;N/A;N/A;N/A;N/A;N/A;N/A;N/A;N/A;N/A;Sí;Sí;N/A;Sí;N/A;N/A;N/A;N/A;N/A;N/A;N/A;N/A;N/A;N/A;N/A;N/A;N/A;N/A;N/A;N/A;N/A;N/A;N/A;N/A;N/A;N/A;N/A;N/A;N/A;N/A;N/A;N/A;N/A;N/A;N/A;N/A;N/A;N/A;N/A;N/A;N/A;N/A;N/A;N/A;N/A;N/A;N/A;N/A;N/A;N/A;N/A;N/A;N/A;N/A;N/A;N/A;N/A;N/A;N/A;N/A;N/A;N/A;N/A;N/A;N/A;N/A;N/A;N/A;N/A;N/A;N/A;N/A;N/A;N/A;N/A;N/A;N/A;N/A;N/A;Sí;N/A;Sí;Sí;N/A;N/A;N/A;N/A;N/A;N/A;N/A;N/A;N/A;"Todo horario";5;"1.6 CRDI Turbodisel";Diésel;Manual;N/A;"Autos y camionetas";N/A;N/A;N/A;N/A;N/A;N/A;N/A;N/A;N/A;N/A;N/A;N/A;N/A;N/A;N/A;N/A;N/A;N/A;N/A;N/A;N/A;N/A;N/A;N/A;Sí;N/A;N/A;N/A;N/A;N/A;N/A;N/A;N/A;N/A;N/A;N/A;N/A;N/A;N/A;N/A;N/A;N/A;N/A;N/A;N/A;N/A;N/A;N/A;N/A;N/A;N/A;N/A;N/A;N/A;N/A;N/A;N/A;N/A;N/A;N/A;N/A;N/A;N/A;N/A;N/A;N/A;N/A;N/A;N/A;N/A;N/A;N/A;N/A;N/A;N/A;N/A;N/A;N/A;N/A;N/A;N/A;N/A;N/A;N/A;N/A;N/A;N/A;N/A;N/A;N/A;N/A;N/A;N/A;N/A;N/A;N/A;Sí;N/A;N/A;N/A;N/A;N/A;N/A;N/A;N/A;N/A;N/A;N/A;Sí;N/A;N/A;N/A;N/A;Sí;Sí;Sí;Sí;N/A;N/A;N/A;N/A;Sí
Hyundai;Creta;"1.6 Limited Premium At";2018;"75000 km";;ORSIAUTOMOVILESUY;20500;;;;;"Santa Lucía";https://auto.mercadolibre.com.uy/MLU-703705876-hyundai-creta-16-limited-premium-at-_JM;N/A;;"Hyundai Creta 1.6 Limited Premium At";usd;Sí;gold;false;N/A;N/A;http://perfil.mercadolibre.com.uy/ORSIAUTOMOVILESUY;active;N/A;N/A;Usado;Blanco;N/A;Eléctrica;4x2;Sí;Sí;Sí;N/A;N/A;Sí;N/A;N/A;N/A;N/A;N/A;N/A;Sí;N/A;Sí;N/A;N/A;N/A;N/A;N/A;N/A;N/A;N/A;N/A;N/A;"2590 mm";"1.6 L";"58 L";5;N/A;N/A;N/A;N/A;N/A;Sí;N/A;N/A;N/A;N/A;N/A;N/A;N/A;N/A;N/A;N/A;N/A;N/A;N/A;N/A;N/A;N/A;N/A;N/A;N/A;N/A;N/A;N/A;N/A;Sí;N/A;N/A;N/A;Sí;Sí;N/A;N/A;N/A;N/A;N/A;N/A;N/A;N/A;N/A;N/A;"1635 mm";"4440 mm";N/A;N/A;N/A;N/A;5;"163 hp";"Limited Premium";N/A;4;"1898 mm";N/A;Sí;N/A;Sí;Sí;N/A;Sí;Sí;N/A;N/A;N/A;N/A;Sí;N/A;N/A;N/A;Sí;"Lunes a Viernes de 8:00 a 12:00 Hs y de 14:00 a 18:30 Hs | Sábados de 9:00 a 12:00 Hs";5;1.6;Nafta;Automática;SUV;"Autos y camionetas";N/A;N/A;N/A;N/A;N/A;N/A;UY;N/A;Sí;N/A;N/A;N/A;N/A;N/A;N/A;N/A;N/A;N/A;N/A;N/A;N/A;N/A;N/A;N/A;Sí;N/A;N/A;N/A;N/A;N/A;N/A;N/A;N/A;N/A;N/A;N/A;N/A;N/A;N/A;N/A;N/A;N/A;N/A;N/A;N/A;N/A;N/A;N/A;N/A;N/A;N/A;N/A;N/A;N/A;N/A;N/A;N/A;N/A;N/A;N/A;N/A;N/A;N/A;N/A;N/A;N/A;N/A;N/A;N/A;N/A;N/A;N/A;N/A;N/A;N/A;N/A;N/A;N/A;N/A;N/A;N/A;N/A;N/A;N/A;N/A;N/A;N/A;N/A;N/A;N/A;N/A;N/A;N/A;N/A;N/A;N/A;Sí;Sí;Sí;N/A;Sí;N/A;N/A;N/A;N/A;Sí;Sí;Sí;Sí;N/A;N/A;Sí;Sí;Sí;Sí;Sí;Sí;Sí;N/A;Sí;N/A;Sí
Hyundai;HB20S;"1.0 Premium Mt";2021;"76000 km";;"EXPOAUTO AUTOMOVILES";15490;;;;;"Brazo Oriental";https://auto.mercadolibre.com.uy/MLU-703407886-hyundai-hb20s-10-premium-mt-_JM;N/A;;"Hyundai Hb20s 1.0 Premium Mt";usd;Sí;gold;false;N/A;N/A;http://perfil.mercadolibre.com.uy/EXPOAUTO+AUTOMOVILES;active;N/A;N/A;Usado;Gris;N/A;Hidráulica;Delantera;Sí;Sí;N/A;N/A;N/A;N/A;N/A;N/A;N/A;N/A;N/A;N/A;Sí;N/A;N/A;N/A;N/A;N/A;N/A;N/A;N/A;N/A;N/A;N/A;N/A;"2500 mm";"1 L";"50 L";5;N/A;N/A;N/A;N/A;N/A;N/A;N/A;N/A;N/A;N/A;N/A;N/A;N/A;N/A;N/A;N/A;N/A;N/A;N/A;N/A;N/A;N/A;N/A;N/A;N/A;N/A;N/A;N/A;N/A;N/A;N/A;N/A;N/A;Sí;Sí;N/A;N/A;N/A;N/A;N/A;N/A;N/A;N/A;N/A;N/A;"1500 mm";"4200 mm";N/A;N/A;N/A;N/A;5;"80 hp";Comfort;N/A;4;"1680 mm";N/A;N/A;N/A;N/A;Sí;N/A;Sí;Sí;Sí;N/A;N/A;"12.8 km/l";N/A;N/A;N/A;N/A;N/A;N/A;4;1.0;Nafta;Manual;Sedán;"Autos y camionetas";N/A;N/A;N/A;N/A;N/A;N/A;UY;N/A;N/A;N/A;N/A;N/A;N/A;N/A;N/A;N/A;N/A;N/A;N/A;N/A;N/A;N/A;N/A;N/A;Sí;N/A;N/A;N/A;N/A;N/A;N/A;N/A;N/A;N/A;N/A;N/A;N/A;N/A;N/A;N/A;N/A;N/A;N/A;N/A;N/A;N/A;N/A;N/A;N/A;N/A;N/A;N/A;N/A;N/A;N/A;N/A;N/A;N/A;N/A;N/A;N/A;N/A;N/A;N/A;N/A;N/A;N/A;N/A;N/A;N/A;N/A;N/A;N/A;N/A;N/A;N/A;N/A;N/A;N/A;N/A;N/A;N/A;N/A;N/A;N/A;N/A;N/A;N/A;N/A;N/A;N/A;N/A;N/A;N/A;N/A;N/A;Sí;Sí;Sí;N/A;Sí;N/A;N/A;N/A;N/A;Sí;N/A;Sí;Sí;N/A;N/A;Sí;Sí;N/A;Sí;Sí;Sí;N/A;N/A;Sí;N/A;Sí
Hyundai;HB20;"1.0 Comfort Mt";2022;"80291 km";;NEDALCAR_AUTOMOVILES;15490;;;;;"Aeropuerto Internacional De Carrasco";https://auto.mercadolibre.com.uy/MLU-696076702-hyundai-hb20-2022-10-comfort-mt-_JM;N/A;;"Hyundai Hb20 2022 1.0 Comfort Mt";usd;Sí;gold;false;N/A;N/A;http://perfil.mercadolibre.com.uy/NEDALCAR_AUTOMOVILES;active;N/A;N/A;Usado;N/A;N/A;Hidráulica;Delantera;Sí;N/A;Sí;N/A;N/A;N/A;N/A;N/A;N/A;N/A;N/A;N/A;N/A;N/A;N/A;N/A;N/A;N/A;N/A;N/A;N/A;N/A;N/A;N/A;N/A;"2500 mm";"1 L";"50 L";6;N/A;N/A;N/A;N/A;N/A;N/A;N/A;N/A;N/A;N/A;N/A;N/A;N/A;N/A;N/A;N/A;N/A;N/A;N/A;N/A;N/A;N/A;N/A;N/A;N/A;N/A;N/A;N/A;N/A;N/A;N/A;N/A;N/A;Sí;Sí;N/A;N/A;N/A;N/A;N/A;N/A;N/A;N/A;N/A;N/A;"1470 mm";"3920 mm";N/A;N/A;N/A;N/A;5;"101 hp";N/A;N/A;4;"1680 mm";N/A;N/A;N/A;N/A;Sí;N/A;N/A;Sí;Sí;N/A;N/A;"13.8 km/l";N/A;N/A;N/A;N/A;N/A;N/A;5;1.0;Nafta;Manual;Hatchback;"Autos y camionetas";N/A;N/A;N/A;N/A;N/A;N/A;UY;N/A;N/A;N/A;N/A;N/A;N/A;N/A;N/A;N/A;N/A;N/A;N/A;N/A;N/A;N/A;N/A;N/A;N/A;N/A;N/A;N/A;N/A;N/A;N/A;N/A;N/A;N/A;N/A;N/A;N/A;N/A;N/A;N/A;N/A;N/A;N/A;N/A;N/A;N/A;N/A;N/A;N/A;N/A;N/A;N/A;N/A;N/A;N/A;N/A;N/A;N/A;N/A;N/A;N/A;N/A;N/A;N/A;N/A;N/A;N/A;N/A;N/A;N/A;N/A;N/A;N/A;N/A;N/A;N/A;N/A;N/A;N/A;N/A;N/A;N/A;N/A;N/A;N/A;N/A;N/A;N/A;N/A;N/A;N/A;N/A;N/A;N/A;N/A;N/A;N/A;N/A;N/A;N/A;N/A;N/A;N/A;N/A;N/A;N/A;N/A;N/A;N/A;N/A;N/A;N/A;Sí;N/A;N/A;N/A;Sí;N/A;N/A;Sí;N/A;Sí
Hyundai;HB20;Full;2019;"80500 km";;"RIVEROAUTOMOTORES TACUAREMBÓ";14490;;;;;Tacuarembó;https://auto.mercadolibre.com.uy/MLU-692124938-hyundai-hb20-full-16-2019-impecable-_JM;N/A;;"Hyundai Hb20 Full 1.6 2019 Impecable!";USD;Sí;gold;false;N/A;N/A;http://perfil.mercadolibre.com.uy/RIVEROAUTOMOTORES+TACUAREMB%C3%93;active;N/A;N/A;Usado;Plateado;Sí;Eléctrica;N/A;Sí;N/A;N/A;N/A;N/A;N/A;Sí;N/A;N/A;N/A;N/A;N/A;Sí;N/A;N/A;N/A;N/A;N/A;N/A;N/A;N/A;N/A;N/A;N/A;N/A;N/A;"1600 cc";N/A;6;N/A;N/A;N/A;N/A;N/A;N/A;N/A;N/A;N/A;N/A;N/A;N/A;N/A;N/A;N/A;N/A;N/A;N/A;N/A;N/A;N/A;N/A;N/A;N/A;N/A;N/A;N/A;Sí;N/A;N/A;N/A;N/A;N/A;N/A;N/A;N/A;N/A;N/A;N/A;N/A;N/A;N/A;N/A;N/A;N/A;N/A;N/A;N/A;N/A;N/A;N/A;N/A;N/A;N/A;N/A;N/A;N/A;N/A;N/A;N/A;N/A;N/A;N/A;N/A;N/A;N/A;N/A;N/A;N/A;N/A;N/A;N/A;N/A;N/A;"Lun. a Vie. de 8 a 12 y de 14 a 19 hs. Sáb de 8 a 13 hs";5;1.6;Nafta;Manual;Hatchback;"Autos y camionetas";No;N/A;N/A;N/A;No;N/A;N/A;No;Sí;No;No;N/A;N/A;N/A;N/A;N/A;N/A;N/A;N/A;N/A;N/A;N/A;N/A;N/A;N/A;N/A;N/A;N/A;N/A;N/A;N/A;N/A;N/A;N/A;N/A;N/A;N/A;N/A;N/A;N/A;N/A;N/A;N/A;N/A;N/A;N/A;N/A;N/A;N/A;N/A;N/A;N/A;N/A;N/A;N/A;N/A;N/A;N/A;N/A;N/A;N/A;N/A;No;N/A;N/A;N/A;N/A;N/A;N/A;N/A;N/A;N/A;N/A;N/A;N/A;N/A;N/A;N/A;N/A;N/A;N/A;N/A;N/A;N/A;N/A;N/A;N/A;N/A;N/A;N/A;N/A;N/A;N/A;N/A;N/A;N/A;Sí;N/A;Sí;N/A;Sí;N/A;N/A;N/A;N/A;Sí;N/A;N/A;N/A;N/A;N/A;N/A;Sí;N/A;Sí;Sí;Sí;N/A;N/A;N/A;N/A;Sí
Hyundai;HB20;"1.6 Unique At 5p";2024;"0 km";;HYUNDAIPUNTADELESTE;27990;;;;;Maldonado;https://auto.mercadolibre.com.uy/MLU-672011724-hyundai-hb20-unique-16-at-2025-_JM;N/A;;"Hyundai Hb20 Unique 1.6 At, 2025'";usd;Sí;gold;false;N/A;N/A;http://perfil.mercadolibre.com.uy/HYUNDAIPUNTADELESTE;active;N/A;N/A;Nuevo;Blanco;N/A;Hidráulica;Delantera;Sí;Sí;Sí;N/A;N/A;Sí;N/A;N/A;Sí;N/A;N/A;Sí;Sí;N/A;No;N/A;N/A;N/A;N/A;N/A;N/A;N/A;N/A;N/A;N/A;"2500 mm";"1.6 L";"50 L";6;N/A;N/A;N/A;N/A;N/A;Sí;N/A;N/A;N/A;N/A;N/A;N/A;N/A;N/A;N/A;N/A;N/A;N/A;N/A;N/A;N/A;N/A;N/A;N/A;N/A;N/A;N/A;N/A;N/A;No;N/A;N/A;N/A;Sí;Sí;N/A;N/A;N/A;N/A;N/A;N/A;N/A;N/A;N/A;N/A;"1470 mm";"3920 mm";N/A;N/A;N/A;N/A;5;"123 hp";Unique;N/A;4;"1680 mm";N/A;No;N/A;Sí;Sí;N/A;No;Sí;Sí;No;N/A;"13.8 km/l";Sí;Sí;N/A;N/A;No;"LUNES A SABADO DE 9:30 A 19:30";5;1.6;Nafta;Automática;Hatchback;"Autos y camionetas";No;N/A;N/A;N/A;No;N/A;UY;N/A;Sí;N/A;No;N/A;N/A;N/A;N/A;N/A;N/A;N/A;N/A;N/A;N/A;N/A;N/A;N/A;Sí;N/A;N/A;N/A;N/A;N/A;N/A;N/A;N/A;N/A;N/A;N/A;N/A;N/A;N/A;N/A;N/A;N/A;N/A;Sí;N/A;N/A;N/A;N/A;N/A;N/A;N/A;N/A;N/A;N/A;N/A;N/A;N/A;N/A;N/A;N/A;N/A;Sí;No;N/A;N/A;N/A;N/A;N/A;N/A;N/A;N/A;N/A;N/A;N/A;N/A;N/A;N/A;N/A;N/A;N/A;N/A;N/A;N/A;N/A;N/A;N/A;N/A;N/A;N/A;N/A;N/A;N/A;N/A;N/A;N/A;No;Sí;Sí;Sí;N/A;Sí;N/A;N/A;N/A;N/A;Sí;No;No;Sí;N/A;N/A;Sí;Sí;Sí;Sí;Sí;Sí;No;No;Sí;N/A;Sí
Hyundai;Kona;SAFE;2024;"0 km";;"HORACIO BARREIRO";41990;;;;;"Las Piedras";https://auto.mercadolibre.com.uy/MLU-693224898-hyundai-kona-safe-16-2024-0km-_JM;N/A;;"Hyundai Kona Safe 1.6 2024 0km";USD;Sí;gold;false;N/A;N/A;http://perfil.mercadolibre.com.uy/HORACIO+BARREIRO;active;N/A;N/A;Nuevo;Blanco;N/A;Eléctrica;N/A;Sí;Sí;Sí;N/A;Sí;N/A;Sí;Sí;N/A;Sí;Sí;Sí;Sí;N/A;Sí;N/A;N/A;N/A;N/A;N/A;N/A;N/A;N/A;N/A;N/A;N/A;"1600 cc";N/A;6;N/A;N/A;Sí;Sí;Sí;Sí;Sí;N/A;N/A;N/A;N/A;N/A;N/A;N/A;N/A;N/A;N/A;N/A;N/A;N/A;N/A;N/A;N/A;Sí;N/A;Sí;N/A;Sí;N/A;N/A;N/A;N/A;N/A;N/A;N/A;N/A;Sí;N/A;N/A;N/A;N/A;N/A;Sí;N/A;N/A;N/A;N/A;N/A;N/A;N/A;N/A;N/A;"141 hp";N/A;N/A;N/A;N/A;N/A;N/A;N/A;Sí;Sí;Sí;Sí;Sí;Sí;N/A;Sí;N/A;N/A;Sí;N/A;N/A;Sí;"Lunes a Sábados de 8 a 19 hs.";4;1.6;Híbrido;Automática;SUV;"Autos y camionetas";No;N/A;N/A;N/A;No;N/A;N/A;No;Sí;No;No;N/A;N/A;N/A;N/A;N/A;N/A;N/A;N/A;N/A;N/A;N/A;N/A;N/A;N/A;N/A;N/A;N/A;N/A;N/A;N/A;N/A;N/A;N/A;N/A;N/A;N/A;N/A;N/A;N/A;N/A;N/A;N/A;Sí;N/A;N/A;N/A;N/A;N/A;N/A;N/A;N/A;N/A;N/A;N/A;N/A;N/A;N/A;N/A;N/A;N/A;Sí;No;N/A;N/A;N/A;N/A;N/A;N/A;N/A;N/A;N/A;N/A;N/A;N/A;N/A;N/A;N/A;N/A;N/A;N/A;N/A;N/A;N/A;N/A;N/A;N/A;N/A;N/A;N/A;N/A;N/A;N/A;N/A;N/A;N/A;Sí;Sí;Sí;Sí;Sí;Sí;N/A;N/A;N/A;Sí;Sí;Sí;N/A;N/A;Sí;Sí;N/A;N/A;Sí;Sí;Sí;N/A;N/A;N/A;N/A;Sí
Hyundai;Tucson;"gls limited 2.0";2016;"146265 km";;"RIVEROAUTOMOTORES TACUAREMBÓ";23990;;;;;Tacuarembó;https://auto.mercadolibre.com.uy/MLU-704806698-hyundai-tucson-gls-limited-20-20-2016-impecable-_JM;N/A;;"Hyundai Tucson Gls Limited 2.0 2.0 2016 Impecable!";USD;Sí;gold;false;N/A;N/A;http://perfil.mercadolibre.com.uy/RIVEROAUTOMOTORES+TACUAREMB%C3%93;active;N/A;N/A;Usado;Negro;N/A;Eléctrica;N/A;Sí;N/A;Sí;Sí;N/A;N/A;Sí;N/A;Sí;N/A;N/A;N/A;Sí;N/A;N/A;N/A;N/A;N/A;N/A;N/A;N/A;N/A;N/A;N/A;N/A;N/A;"2000 cc";N/A;6;N/A;N/A;N/A;N/A;Sí;Sí;N/A;N/A;N/A;N/A;N/A;N/A;N/A;N/A;N/A;N/A;N/A;N/A;N/A;N/A;N/A;N/A;N/A;Sí;N/A;Sí;N/A;Sí;N/A;N/A;N/A;N/A;N/A;N/A;N/A;N/A;N/A;N/A;N/A;N/A;N/A;N/A;Sí;N/A;N/A;N/A;N/A;N/A;N/A;N/A;N/A;N/A;N/A;N/A;N/A;N/A;N/A;N/A;N/A;N/A;N/A;N/A;N/A;N/A;Sí;N/A;Sí;N/A;N/A;N/A;N/A;N/A;N/A;Sí;"Lun. a Vie. de 8 a 12 y de 14 a 19 hs. Sáb de 8 a 13 hs";5;2.0;Nafta;Automática;SUV;"Autos y camionetas";No;N/A;N/A;N/A;No;N/A;N/A;No;Sí;No;No;N/A;N/A;N/A;N/A;N/A;N/A;N/A;N/A;N/A;N/A;N/A;N/A;N/A;Sí;N/A;N/A;N/A;N/A;N/A;N/A;N/A;N/A;N/A;N/A;N/A;N/A;N/A;N/A;N/A;N/A;N/A;N/A;N/A;N/A;N/A;N/A;N/A;N/A;N/A;N/A;N/A;N/A;N/A;N/A;N/A;N/A;N/A;N/A;N/A;N/A;N/A;No;N/A;N/A;N/A;N/A;N/A;N/A;N/A;N/A;N/A;N/A;N/A;N/A;N/A;N/A;N/A;N/A;N/A;N/A;N/A;N/A;N/A;N/A;N/A;N/A;N/A;N/A;N/A;N/A;N/A;N/A;N/A;N/A;N/A;Sí;Sí;Sí;N/A;Sí;N/A;N/A;N/A;Sí;Sí;N/A;Sí;N/A;N/A;Sí;Sí;Sí;N/A;Sí;Sí;Sí;N/A;N/A;N/A;N/A;Sí
Hyundai;Creta;Limited;2025;"0 km";;LEASINGCARSRL;35490;;;;;"San Jacinto";https://auto.mercadolibre.com.uy/MLU-704255086-hyundai-creta-limited-2025-0km-_JM;N/A;;"Hyundai Creta Limited 2025 0km";USD;Sí;gold;false;N/A;N/A;http://perfil.mercadolibre.com.uy/LEASINGCARSRL;active;N/A;N/A;Nuevo;N/A;N/A;Eléctrica;N/A;Sí;N/A;Sí;N/A;N/A;N/A;N/A;N/A;N/A;N/A;N/A;N/A;Sí;N/A;N/A;N/A;N/A;N/A;N/A;N/A;N/A;N/A;N/A;N/A;N/A;N/A;N/A;N/A;6;N/A;N/A;Sí;Sí;Sí;Sí;N/A;N/A;N/A;N/A;N/A;N/A;N/A;N/A;N/A;N/A;N/A;N/A;N/A;N/A;N/A;N/A;N/A;N/A;N/A;N/A;N/A;N/A;N/A;N/A;N/A;N/A;N/A;N/A;N/A;N/A;N/A;N/A;N/A;N/A;N/A;N/A;N/A;N/A;N/A;N/A;N/A;N/A;N/A;N/A;N/A;N/A;N/A;Limited;N/A;N/A;N/A;N/A;N/A;N/A;Sí;N/A;Sí;N/A;Sí;N/A;N/A;N/A;N/A;N/A;N/A;N/A;N/A;N/A;"Lunes a Viernes de 9 a 18 hs. - Sábados de 9 a 13 hs.";5;N/A;Nafta;"Automática secuencial";SUV;"Autos y camionetas";No;N/A;N/A;N/A;No;N/A;N/A;No;Sí;No;No;N/A;N/A;N/A;N/A;N/A;N/A;N/A;N/A;N/A;N/A;N/A;N/A;N/A;N/A;N/A;N/A;N/A;N/A;N/A;N/A;N/A;N/A;N/A;N/A;N/A;N/A;N/A;N/A;N/A;N/A;N/A;N/A;Sí;N/A;N/A;N/A;N/A;N/A;N/A;N/A;N/A;N/A;N/A;N/A;N/A;N/A;N/A;N/A;N/A;N/A;Sí;No;N/A;N/A;N/A;N/A;N/A;N/A;N/A;N/A;N/A;N/A;N/A;N/A;N/A;N/A;N/A;N/A;N/A;N/A;N/A;N/A;N/A;N/A;N/A;N/A;N/A;N/A;N/A;N/A;N/A;Sí;N/A;N/A;N/A;Sí;Sí;Sí;Sí;Sí;N/A;N/A;N/A;Sí;Sí;Sí;N/A;N/A;N/A;N/A;Sí;Sí;N/A;Sí;N/A;Sí;N/A;N/A;N/A;N/A;N/A
Hyundai;Tucson;"2.0 Gl 154cv 6mt 2wd";2015;"170000 km";;"GR AUTOMOVILES";19500;;;;;Tacuarembó;https://auto.mercadolibre.com.uy/MLU-646418623-hyundai-tucson-_JM;N/A;;"Hyundai Tucson";usd;Sí;gold;false;N/A;N/A;http://perfil.mercadolibre.com.uy/GR+AUTOMOVILES;active;N/A;N/A;Usado;Negro;N/A;Hidráulica;4x2;Sí;N/A;Sí;N/A;N/A;N/A;N/A;N/A;N/A;N/A;N/A;N/A;N/A;N/A;N/A;N/A;N/A;N/A;N/A;N/A;N/A;N/A;N/A;N/A;N/A;"2630 mm";"2 L";"58 L";6;N/A;N/A;N/A;N/A;N/A;N/A;N/A;N/A;N/A;N/A;N/A;N/A;N/A;N/A;N/A;N/A;N/A;N/A;N/A;N/A;N/A;N/A;N/A;N/A;N/A;N/A;N/A;N/A;N/A;N/A;N/A;Sí;N/A;N/A;N/A;N/A;N/A;N/A;N/A;N/A;N/A;Sí;N/A;N/A;N/A;"1655 mm";"4410 mm";N/A;N/A;N/A;N/A;5;"154 hp";Gl;N/A;4;"1830 mm";N/A;N/A;N/A;N/A;N/A;N/A;N/A;N/A;N/A;N/A;Sí;"9.1 km/l";N/A;N/A;N/A;N/A;N/A;N/A;5;2.0;Nafta;Manual;SUV;"Autos y camionetas";N/A;N/A;N/A;N/A;N/A;N/A;UY;N/A;N/A;N/A;N/A;N/A;N/A;N/A;N/A;N/A;N/A;N/A;N/A;N/A;N/A;N/A;N/A;N/A;N/A;N/A;N/A;N/A;N/A;N/A;N/A;N/A;N/A;N/A;N/A;N/A;N/A;N/A;N/A;N/A;N/A;N/A;N/A;N/A;N/A;N/A;N/A;N/A;N/A;N/A;N/A;N/A;N/A;N/A;N/A;N/A;N/A;N/A;N/A;N/A;N/A;N/A;N/A;N/A;N/A;N/A;N/A;N/A;N/A;N/A;N/A;N/A;N/A;N/A;N/A;N/A;N/A;N/A;N/A;N/A;N/A;N/A;N/A;N/A;N/A;N/A;N/A;N/A;N/A;N/A;N/A;N/A;N/A;N/A;N/A;N/A;Sí;N/A;Sí;N/A;N/A;N/A;N/A;N/A;N/A;N/A;N/A;N/A;N/A;Sí;N/A;N/A;N/A;N/A;N/A;N/A;N/A;N/A;N/A;N/A;N/A;N/A
Hyundai;i10;"1.1 Gls Mt";2011;"93000 km";;MEGACARS2374;8490;;;;;Aguada;https://auto.mercadolibre.com.uy/MLU-699459380-hyundai-i10-11-gls-mt-_JM;N/A;;"Hyundai I10 1.1 Gls Mt";USD;Sí;gold;false;N/A;N/A;http://perfil.mercadolibre.com.uy/MEGACARS2374;active;N/A;N/A;Usado;Negro;N/A;Hidráulica;N/A;Sí;N/A;N/A;N/A;N/A;N/A;N/A;N/A;N/A;N/A;N/A;N/A;Sí;N/A;N/A;N/A;N/A;N/A;N/A;N/A;N/A;N/A;N/A;N/A;N/A;N/A;N/A;N/A;N/A;N/A;N/A;N/A;N/A;N/A;N/A;N/A;N/A;N/A;N/A;N/A;N/A;N/A;N/A;N/A;N/A;N/A;N/A;N/A;N/A;N/A;N/A;N/A;N/A;N/A;N/A;N/A;N/A;N/A;N/A;N/A;N/A;N/A;N/A;N/A;N/A;N/A;N/A;N/A;N/A;N/A;N/A;N/A;N/A;N/A;N/A;N/A;N/A;N/A;N/A;N/A;N/A;N/A;N/A;N/A;N/A;N/A;N/A;N/A;N/A;N/A;Sí;N/A;Sí;Sí;N/A;N/A;N/A;N/A;N/A;N/A;N/A;N/A;Sí;"Lunes a Domingo 24hs";5;1.1;Nafta;Manual;Hatchback;"Autos y camionetas";N/A;N/A;N/A;N/A;N/A;N/A;N/A;N/A;Sí;N/A;N/A;N/A;N/A;N/A;N/A;N/A;N/A;N/A;N/A;N/A;N/A;N/A;N/A;N/A;N/A;N/A;N/A;N/A;N/A;N/A;N/A;N/A;N/A;N/A;N/A;N/A;N/A;N/A;N/A;N/A;N/A;N/A;N/A;N/A;N/A;N/A;N/A;N/A;N/A;N/A;N/A;N/A;N/A;N/A;N/A;N/A;N/A;N/A;N/A;N/A;N/A;N/A;Sí;N/A;N/A;N/A;N/A;N/A;N/A;N/A;N/A;N/A;N/A;N/A;N/A;N/A;N/A;N/A;N/A;N/A;N/A;N/A;N/A;N/A;N/A;N/A;N/A;N/A;N/A;N/A;N/A;N/A;N/A;N/A;N/A;N/A;Sí;N/A;N/A;N/A;Sí;N/A;N/A;N/A;N/A;Sí;N/A;N/A;N/A;N/A;N/A;N/A;Sí;N/A;Sí;N/A;Sí;N/A;N/A;N/A;N/A;Sí
Hyundai;HB20;"1.0 Premium Mt";2024;"40000 km";;CM20241215223722;17500;;;;;N/A;https://auto.mercadolibre.com.uy/MLU-647511507-hyundai-hb20-10-premium-mt-_JM;N/A;;"Hyundai Hb20 1.0 Premium Mt";usd;Sí;gold;false;N/A;N/A;http://perfil.mercadolibre.com.uy/CM20241215223722;active;N/A;N/A;Usado;Gris;N/A;Hidráulica;Delantera;Sí;N/A;Sí;N/A;N/A;N/A;N/A;N/A;N/A;N/A;N/A;N/A;N/A;N/A;N/A;N/A;N/A;N/A;N/A;N/A;N/A;N/A;N/A;N/A;N/A;"2500 mm";"1 L";"50 L";6;N/A;N/A;N/A;N/A;N/A;N/A;N/A;N/A;N/A;N/A;N/A;N/A;N/A;N/A;N/A;N/A;N/A;N/A;N/A;N/A;N/A;N/A;N/A;N/A;N/A;N/A;N/A;N/A;N/A;N/A;N/A;N/A;N/A;Sí;Sí;N/A;N/A;N/A;N/A;N/A;N/A;N/A;N/A;N/A;N/A;"1470 mm";"3920 mm";N/A;N/A;N/A;N/A;5;"80 hp";N/A;N/A;4;"1680 mm";N/A;N/A;N/A;N/A;Sí;N/A;N/A;Sí;Sí;N/A;N/A;"13.8 km/l";N/A;N/A;N/A;N/A;N/A;N/A;5;1.0;Nafta;Manual;Hatchback;"Autos y camionetas";N/A;N/A;N/A;N/A;N/A;N/A;UY;N/A;N/A;N/A;N/A;N/A;N/A;N/A;N/A;N/A;N/A;N/A;N/A;N/A;N/A;N/A;N/A;N/A;N/A;N/A;N/A;N/A;N/A;N/A;N/A;N/A;N/A;N/A;N/A;N/A;N/A;N/A;N/A;N/A;N/A;N/A;N/A;N/A;N/A;N/A;N/A;N/A;N/A;N/A;N/A;N/A;N/A;N/A;N/A;N/A;N/A;N/A;N/A;N/A;N/A;N/A;N/A;N/A;N/A;N/A;N/A;N/A;N/A;N/A;N/A;N/A;N/A;N/A;N/A;N/A;N/A;N/A;N/A;N/A;N/A;N/A;N/A;N/A;N/A;N/A;N/A;N/A;N/A;N/A;N/A;N/A;N/A;N/A;N/A;N/A;N/A;N/A;N/A;N/A;N/A;N/A;N/A;N/A;N/A;N/A;N/A;N/A;N/A;N/A;N/A;N/A;Sí;N/A;N/A;N/A;Sí;N/A;N/A;Sí;N/A;Sí
Hyundai;HB20;"1.0 Comfort Mt";2024;"0 km";;"ALEJANDROAUTOMOVILES TALA";16990;;;;;Tala;https://auto.mercadolibre.com.uy/MLU-703963470-hyundai-hb20-comfort-_JM;N/A;;"Hyundai Hb20 Comfort";usd;Sí;gold;false;N/A;N/A;http://perfil.mercadolibre.com.uy/ALEJANDROAUTOMOVILES+TALA;active;N/A;N/A;Nuevo;Gris;N/A;Hidráulica;Delantera;Sí;Sí;Sí;N/A;N/A;N/A;N/A;N/A;N/A;N/A;N/A;N/A;Sí;N/A;N/A;N/A;N/A;N/A;N/A;N/A;N/A;N/A;N/A;N/A;N/A;"2500 mm";"1 L";"50 L";6;N/A;N/A;N/A;N/A;N/A;N/A;N/A;N/A;N/A;N/A;N/A;N/A;N/A;N/A;N/A;N/A;N/A;N/A;N/A;N/A;N/A;N/A;N/A;N/A;N/A;N/A;N/A;N/A;N/A;N/A;N/A;N/A;N/A;Sí;Sí;N/A;N/A;N/A;N/A;N/A;N/A;N/A;N/A;N/A;N/A;"1470 mm";"3920 mm";N/A;N/A;N/A;N/A;5;"101 hp";N/A;N/A;4;"1680 mm";N/A;N/A;N/A;N/A;Sí;N/A;N/A;Sí;Sí;N/A;N/A;"13.8 km/l";N/A;N/A;N/A;N/A;N/A;N/A;5;1.0;Nafta;Manual;Hatchback;"Autos y camionetas";N/A;N/A;N/A;N/A;N/A;N/A;UY;N/A;Sí;N/A;N/A;N/A;N/A;N/A;N/A;N/A;N/A;N/A;N/A;N/A;N/A;N/A;N/A;N/A;N/A;N/A;N/A;N/A;N/A;N/A;N/A;N/A;N/A;N/A;N/A;N/A;N/A;N/A;N/A;N/A;N/A;N/A;N/A;Sí;N/A;N/A;N/A;N/A;N/A;N/A;N/A;N/A;N/A;N/A;N/A;N/A;N/A;N/A;N/A;N/A;N/A;N/A;N/A;N/A;N/A;N/A;N/A;N/A;N/A;N/A;N/A;N/A;N/A;N/A;N/A;N/A;N/A;N/A;N/A;N/A;N/A;N/A;N/A;N/A;N/A;N/A;N/A;N/A;N/A;N/A;N/A;N/A;N/A;N/A;N/A;N/A;N/A;N/A;N/A;N/A;Sí;N/A;N/A;N/A;N/A;Sí;N/A;N/A;N/A;N/A;N/A;N/A;Sí;N/A;Sí;N/A;Sí;N/A;N/A;Sí;N/A;Sí
Hyundai;Creta;"1.6 Gl";2016;"142000 km";;RVANZINI8;17500;;;;;Paysandú;https://auto.mercadolibre.com.uy/MLU-703344034-hyundai-creta-16-gl-_JM;N/A;;"Hyundai Creta 1.6 Gl";usd;Sí;gold;false;N/A;N/A;http://perfil.mercadolibre.com.uy/RVANZINI8;active;N/A;N/A;Usado;Plateado;No;Eléctrica;4x2;Sí;Sí;Sí;N/A;N/A;Sí;N/A;N/A;No;N/A;N/A;No;Sí;N/A;Sí;N/A;N/A;N/A;N/A;N/A;N/A;N/A;N/A;N/A;N/A;"2590 mm";"1.6 L";"58 L";5;N/A;N/A;N/A;N/A;Sí;No;N/A;N/A;N/A;N/A;N/A;N/A;N/A;N/A;N/A;N/A;N/A;N/A;N/A;N/A;N/A;N/A;N/A;N/A;N/A;N/A;N/A;N/A;N/A;No;N/A;Sí;Sí;Sí;Sí;N/A;N/A;N/A;N/A;N/A;N/A;N/A;N/A;N/A;N/A;"1635 mm";"4440 mm";N/A;N/A;N/A;N/A;5;"163 hp";Gl;N/A;4;"1898 mm";N/A;No;N/A;No;Sí;N/A;Sí;Sí;N/A;No;N/A;N/A;No;No;N/A;N/A;Sí;"Lunes a domingo de 8 a 23 hs";5;1.6;Nafta;Manual;SUV;"Autos y camionetas";No;N/A;N/A;N/A;No;N/A;UY;N/A;Sí;N/A;No;N/A;N/A;N/A;N/A;N/A;N/A;N/A;N/A;N/A;N/A;N/A;N/A;N/A;No;N/A;N/A;N/A;N/A;N/A;N/A;N/A;N/A;N/A;N/A;N/A;N/A;N/A;N/A;N/A;N/A;N/A;N/A;No;N/A;N/A;N/A;N/A;N/A;N/A;N/A;N/A;N/A;N/A;N/A;N/A;N/A;N/A;N/A;N/A;N/A;Sí;Sí;N/A;N/A;N/A;N/A;N/A;N/A;N/A;N/A;N/A;N/A;N/A;N/A;N/A;N/A;N/A;N/A;N/A;N/A;N/A;N/A;N/A;N/A;N/A;N/A;N/A;N/A;N/A;N/A;N/A;N/A;N/A;N/A;No;Sí;Sí;Sí;N/A;Sí;N/A;N/A;Sí;N/A;Sí;No;No;Sí;N/A;N/A;Sí;Sí;Sí;Sí;Sí;Sí;Sí;No;Sí;N/A;Sí
Hyundai;Creta;"Limited 1.0T";2025;"0 km";;LAGOMARAUTOMOVILES;35490;;;;;"Ciudad de la Costa";https://auto.mercadolibre.com.uy/MLU-702213578-hyundai-creta-limited-10t-2025-0km-lagomar-automoviles-_JM;N/A;;"Hyundai Creta Limited 1.0t 2025 0km - Lagomar Automóviles";usd;Sí;gold;false;N/A;N/A;http://perfil.mercadolibre.com.uy/LAGOMARAUTOMOVILES;active;N/A;N/A;Nuevo;"Gris oscuro";N/A;Eléctrica;N/A;Sí;Sí;Sí;N/A;Sí;N/A;Sí;Sí;Sí;Sí;Sí;Sí;Sí;N/A;Sí;N/A;N/A;N/A;N/A;N/A;N/A;N/A;N/A;N/A;N/A;N/A;"1000 cc";N/A;6;N/A;N/A;Sí;Sí;Sí;Sí;Sí;N/A;N/A;N/A;N/A;N/A;N/A;N/A;N/A;N/A;N/A;N/A;N/A;N/A;N/A;N/A;N/A;Sí;N/A;Sí;N/A;Sí;N/A;Sí;N/A;N/A;N/A;N/A;N/A;N/A;Sí;N/A;N/A;N/A;N/A;N/A;Sí;N/A;N/A;N/A;N/A;N/A;N/A;N/A;N/A;N/A;"120 hp";Limited;N/A;N/A;N/A;N/A;N/A;N/A;Sí;Sí;Sí;Sí;Sí;Sí;Sí;Sí;N/A;N/A;N/A;N/A;N/A;Sí;"Lun. a Vie. 9:30 a 13 y 14 a 19 hs. Sáb. 9:30 a 13:30 hs.";5;1.0;Nafta;"Automática secuencial";SUV;"Autos y camionetas";No;N/A;N/A;N/A;No;N/A;UY;No;Sí;No;No;N/A;N/A;N/A;N/A;N/A;N/A;N/A;N/A;N/A;N/A;N/A;N/A;N/A;N/A;N/A;N/A;N/A;N/A;N/A;N/A;N/A;N/A;N/A;N/A;N/A;N/A;N/A;N/A;N/A;N/A;N/A;N/A;Sí;N/A;N/A;N/A;N/A;N/A;N/A;N/A;N/A;N/A;N/A;N/A;N/A;N/A;N/A;N/A;N/A;N/A;Sí;No;N/A;N/A;N/A;N/A;N/A;N/A;N/A;N/A;N/A;N/A;N/A;N/A;N/A;N/A;N/A;N/A;N/A;N/A;N/A;N/A;N/A;N/A;N/A;N/A;N/A;N/A;N/A;N/A;N/A;N/A;N/A;N/A;N/A;Sí;Sí;Sí;Sí;Sí;Sí;Sí;N/A;Sí;Sí;N/A;N/A;N/A;N/A;Sí;Sí;Sí;N/A;Sí;Sí;Sí;N/A;N/A;N/A;N/A;N/A
Hyundai;HB20S;"1.6 Comfort Plus 4p";2019;"130000 km";;DIAMANTIS-CARS;13490;;;;;Malvin;https://auto.mercadolibre.com.uy/MLU-704797618-hyundai-hb20s-16-comfort-plus-4p-_JM;N/A;;"Hyundai Hb20s 1.6 Comfort Plus 4p";usd;Sí;gold;false;N/A;N/A;http://perfil.mercadolibre.com.uy/DIAMANTIS-CARS;active;N/A;N/A;Usado;Gris;N/A;Hidráulica;Delantera;Sí;N/A;N/A;N/A;N/A;N/A;N/A;N/A;N/A;N/A;N/A;N/A;N/A;N/A;N/A;N/A;N/A;N/A;N/A;N/A;N/A;N/A;N/A;N/A;N/A;"2500 mm";"1.6 L";"50 L";5;N/A;N/A;N/A;N/A;N/A;N/A;N/A;N/A;N/A;N/A;N/A;N/A;N/A;N/A;N/A;N/A;N/A;N/A;N/A;N/A;N/A;N/A;N/A;N/A;N/A;N/A;N/A;N/A;N/A;N/A;N/A;N/A;N/A;Sí;Sí;N/A;N/A;N/A;N/A;N/A;N/A;N/A;N/A;N/A;N/A;"1500 mm";"4200 mm";N/A;N/A;N/A;N/A;5;"122 hp";"Comfort Plus";N/A;4;"1680 mm";N/A;N/A;N/A;N/A;Sí;N/A;N/A;Sí;Sí;N/A;N/A;"12.8 km/l";N/A;N/A;N/A;N/A;N/A;N/A;4;1.6;Nafta;Manual;Sedán;"Autos y camionetas";N/A;N/A;N/A;N/A;N/A;N/A;UY;N/A;N/A;N/A;N/A;N/A;N/A;N/A;N/A;N/A;N/A;N/A;N/A;N/A;N/A;N/A;N/A;N/A;N/A;N/A;N/A;N/A;N/A;N/A;N/A;N/A;N/A;N/A;N/A;N/A;N/A;N/A;N/A;N/A;N/A;N/A;N/A;N/A;N/A;N/A;N/A;N/A;N/A;N/A;N/A;N/A;N/A;N/A;N/A;N/A;N/A;N/A;N/A;N/A;N/A;N/A;N/A;N/A;N/A;N/A;N/A;N/A;N/A;N/A;N/A;N/A;N/A;N/A;N/A;N/A;N/A;N/A;N/A;N/A;N/A;N/A;N/A;N/A;N/A;N/A;N/A;N/A;N/A;N/A;N/A;N/A;N/A;N/A;N/A;N/A;N/A;N/A;N/A;N/A;N/A;N/A;N/A;N/A;N/A;N/A;N/A;N/A;N/A;N/A;N/A;N/A;Sí;N/A;N/A;N/A;Sí;N/A;N/A;Sí;N/A;Sí
Hyundai;Hd20;Sedan;2022;"60000 km";;GORO6072467;16500;;;;;Unión;https://auto.mercadolibre.com.uy/MLU-704217258-hyundai-hd20-premium-_JM;N/A;;"Hyundai Hd20 Premium";USD;Sí;gold;false;N/A;N/A;http://perfil.mercadolibre.com.uy/GORO6072467;active;N/A;N/A;Usado;Azul;No;Asistida;Delantera;N/A;N/A;N/A;N/A;N/A;N/A;N/A;N/A;N/A;N/A;N/A;N/A;N/A;N/A;N/A;N/A;N/A;N/A;N/A;N/A;N/A;N/A;N/A;N/A;N/A;N/A;N/A;N/A;N/A;N/A;N/A;N/A;N/A;N/A;N/A;N/A;N/A;N/A;N/A;N/A;N/A;N/A;N/A;N/A;N/A;N/A;N/A;N/A;N/A;N/A;N/A;N/A;N/A;N/A;N/A;N/A;N/A;N/A;N/A;N/A;N/A;N/A;N/A;N/A;N/A;N/A;N/A;N/A;N/A;N/A;N/A;N/A;N/A;N/A;N/A;N/A;N/A;N/A;N/A;N/A;N/A;N/A;N/A;N/A;N/A;N/A;N/A;N/A;N/A;N/A;N/A;N/A;N/A;N/A;N/A;N/A;N/A;N/A;N/A;N/A;N/A;N/A;N/A;"Lunes a viernes 9 a 18 hs";5;1.0;Nafta;Manual;Sedán;"Autos y camionetas";N/A;N/A;N/A;N/A;N/A;N/A;N/A;N/A;N/A;N/A;N/A;N/A;N/A;N/A;N/A;N/A;N/A;N/A;N/A;N/A;N/A;N/A;N/A;N/A;N/A;N/A;N/A;N/A;N/A;N/A;N/A;N/A;N/A;N/A;N/A;N/A;N/A;N/A;N/A;N/A;N/A;N/A;N/A;N/A;N/A;N/A;N/A;N/A;N/A;N/A;N/A;N/A;N/A;N/A;N/A;N/A;N/A;N/A;N/A;N/A;N/A;N/A;N/A;N/A;N/A;N/A;N/A;N/A;N/A;N/A;N/A;N/A;N/A;N/A;N/A;N/A;N/A;N/A;N/A;N/A;N/A;N/A;N/A;N/A;N/A;N/A;N/A;N/A;N/A;N/A;N/A;N/A;N/A;N/A;N/A;N/A;N/A;N/A;N/A;N/A;N/A;N/A;N/A;N/A;N/A;N/A;N/A;N/A;N/A;N/A;N/A;N/A;N/A;N/A;N/A;N/A;N/A;N/A;N/A;N/A;N/A;N/A
Hyundai;Creta;"1.6 Limited Gls";2018;"82000 km";;MLEGORBURU2010;19200;;;;;"Parque Batlle";https://auto.mercadolibre.com.uy/MLU-703189044-hyundai-creta-16-limited-gls-_JM;N/A;;"Hyundai Creta 1.6 Limited Gls";usd;Sí;gold;false;N/A;N/A;http://perfil.mercadolibre.com.uy/MLEGORBURU2010;active;N/A;N/A;Usado;Blanco;Sí;Eléctrica;4x2;Sí;Sí;Sí;N/A;N/A;N/A;N/A;N/A;No;N/A;N/A;Sí;Sí;N/A;Sí;N/A;N/A;N/A;N/A;N/A;N/A;N/A;N/A;N/A;N/A;"2590 mm";"1.6 L";"58 L";5;N/A;N/A;N/A;N/A;N/A;N/A;N/A;N/A;N/A;N/A;N/A;N/A;N/A;N/A;N/A;N/A;N/A;N/A;N/A;N/A;N/A;N/A;N/A;N/A;N/A;N/A;N/A;N/A;N/A;N/A;N/A;N/A;N/A;Sí;Sí;N/A;N/A;N/A;N/A;N/A;N/A;N/A;N/A;N/A;N/A;"1635 mm";"4440 mm";N/A;N/A;N/A;N/A;5;"163 hp";"Limited Gls";N/A;4;"1898 mm";N/A;No;N/A;N/A;Sí;N/A;Sí;Sí;N/A;N/A;N/A;N/A;N/A;N/A;N/A;N/A;Sí;"A toda hora";5;1.6;Nafta;Manual;SUV;"Autos y camionetas";N/A;N/A;N/A;N/A;N/A;N/A;UY;N/A;No;N/A;N/A;N/A;N/A;N/A;N/A;N/A;N/A;N/A;N/A;N/A;N/A;N/A;N/A;N/A;Sí;N/A;N/A;N/A;N/A;N/A;N/A;N/A;N/A;N/A;N/A;N/A;N/A;N/A;N/A;N/A;N/A;N/A;N/A;Sí;N/A;N/A;N/A;N/A;N/A;N/A;N/A;N/A;N/A;N/A;N/A;N/A;N/A;N/A;N/A;N/A;N/A;N/A;Sí;N/A;N/A;N/A;N/A;N/A;N/A;N/A;N/A;N/A;N/A;N/A;N/A;N/A;N/A;N/A;N/A;N/A;N/A;N/A;N/A;N/A;N/A;N/A;N/A;N/A;N/A;N/A;N/A;N/A;N/A;N/A;N/A;Sí;Sí;Sí;Sí;N/A;N/A;N/A;N/A;N/A;N/A;Sí;N/A;Sí;Sí;N/A;N/A;N/A;Sí;Sí;Sí;Sí;Sí;N/A;N/A;Sí;N/A;Sí
Hyundai;Tucson;"2.0 Automática";2014;"92000 km";;"RENATOCONTI AUTOMOVILES";18900;;;;;"Parque Miramar";https://auto.mercadolibre.com.uy/MLU-699761208-hyundai-tucson-20-automatica-_JM;N/A;;"Hyundai Tucson 2.0 Automatica";USD;Sí;gold;false;N/A;N/A;http://perfil.mercadolibre.com.uy/RENATOCONTI+AUTOMOVILES;active;N/A;N/A;Usado;N/A;N/A;N/A;N/A;N/A;N/A;N/A;N/A;N/A;N/A;N/A;N/A;N/A;N/A;N/A;N/A;N/A;N/A;N/A;N/A;N/A;N/A;N/A;N/A;N/A;N/A;N/A;N/A;N/A;N/A;N/A;N/A;N/A;N/A;N/A;N/A;N/A;N/A;N/A;N/A;N/A;N/A;N/A;N/A;N/A;N/A;N/A;N/A;N/A;N/A;N/A;N/A;N/A;N/A;N/A;N/A;N/A;N/A;N/A;N/A;N/A;N/A;N/A;N/A;N/A;N/A;N/A;N/A;N/A;N/A;N/A;N/A;N/A;N/A;N/A;N/A;N/A;N/A;N/A;N/A;N/A;N/A;N/A;N/A;N/A;N/A;N/A;N/A;N/A;N/A;N/A;N/A;N/A;N/A;N/A;N/A;N/A;N/A;N/A;N/A;N/A;N/A;N/A;N/A;N/A;N/A;N/A;N/A;4;N/A;Nafta;N/A;N/A;"Autos y camionetas";N/A;N/A;N/A;N/A;N/A;N/A;N/A;N/A;N/A;N/A;N/A;N/A;N/A;N/A;N/A;N/A;N/A;N/A;N/A;N/A;N/A;N/A;N/A;N/A;N/A;N/A;N/A;N/A;N/A;N/A;N/A;N/A;N/A;N/A;N/A;N/A;N/A;N/A;N/A;N/A;N/A;N/A;N/A;N/A;N/A;N/A;N/A;N/A;N/A;N/A;N/A;N/A;N/A;N/A;N/A;N/A;N/A;N/A;N/A;N/A;N/A;N/A;N/A;N/A;N/A;N/A;N/A;N/A;N/A;N/A;N/A;N/A;N/A;N/A;N/A;N/A;N/A;N/A;N/A;N/A;N/A;N/A;N/A;N/A;N/A;N/A;N/A;N/A;N/A;N/A;N/A;N/A;N/A;N/A;N/A;N/A;N/A;N/A;N/A;N/A;N/A;N/A;N/A;N/A;N/A;N/A;N/A;N/A;N/A;N/A;N/A;N/A;N/A;N/A;N/A;N/A;N/A;N/A;N/A;N/A;N/A;N/A
Hyundai;"Santa Fe";"3.3 V6 270 HP 7 pzas Aut 4wd";2015;"189650 km";;PAB_BORRAZAS;23500;;;;;Carrasco;https://auto.mercadolibre.com.uy/MLU-703013694-hyundai-santa-fe-33-v6-270-hp-7-pzas-aut-4wd-_JM;N/A;;"Hyundai Santa Fe 3.3 V6 270 Hp 7 Pzas Aut. 4wd";USD;Sí;gold;false;N/A;N/A;http://perfil.mercadolibre.com.uy/PAB_BORRAZAS;active;N/A;N/A;Usado;Blanco;N/A;Hidráulica;4x4;Sí;Sí;N/A;N/A;N/A;N/A;N/A;N/A;Sí;N/A;N/A;Sí;Sí;N/A;Sí;N/A;N/A;N/A;N/A;N/A;N/A;N/A;N/A;N/A;N/A;N/A;N/A;N/A;N/A;N/A;N/A;N/A;N/A;N/A;Sí;N/A;N/A;N/A;N/A;N/A;N/A;N/A;N/A;N/A;N/A;N/A;N/A;N/A;N/A;N/A;N/A;N/A;N/A;N/A;N/A;N/A;N/A;N/A;N/A;N/A;N/A;N/A;N/A;N/A;N/A;N/A;N/A;N/A;N/A;N/A;N/A;N/A;N/A;N/A;N/A;N/A;N/A;N/A;N/A;N/A;N/A;N/A;N/A;N/A;N/A;N/A;N/A;Sí;N/A;N/A;Sí;N/A;Sí;Sí;N/A;Sí;N/A;N/A;Sí;Sí;N/A;N/A;Sí;"lunes a domingo 8 a 22";5;"3.3 V6 270HP";Nafta;Automática;SUV;"Autos y camionetas";N/A;N/A;N/A;N/A;N/A;N/A;N/A;N/A;N/A;N/A;N/A;N/A;N/A;N/A;N/A;N/A;N/A;N/A;N/A;N/A;N/A;N/A;N/A;N/A;Sí;N/A;N/A;N/A;N/A;N/A;N/A;N/A;N/A;N/A;N/A;N/A;N/A;N/A;N/A;N/A;N/A;N/A;N/A;N/A;N/A;N/A;N/A;N/A;N/A;N/A;N/A;N/A;N/A;N/A;N/A;N/A;N/A;N/A;N/A;N/A;N/A;N/A;N/A;N/A;N/A;N/A;N/A;N/A;N/A;N/A;N/A;N/A;N/A;N/A;N/A;N/A;N/A;N/A;N/A;N/A;N/A;N/A;N/A;N/A;N/A;N/A;N/A;N/A;N/A;N/A;N/A;N/A;N/A;N/A;N/A;N/A;Sí;Sí;Sí;N/A;Sí;N/A;N/A;N/A;N/A;Sí;N/A;N/A;Sí;N/A;N/A;Sí;Sí;Sí;Sí;Sí;Sí;N/A;N/A;N/A;N/A;Sí
Hyundai;"Grand i10";"GLS 1.2 full";2016;"146258 km";;VENDOAUTOSMARCELO;11900;;;;;"Paso de Carrasco";https://auto.mercadolibre.com.uy/MLU-702282190-hyundai-grand-i10-gls-12-full-12-2016-muy-buen-estado-_JM;N/A;;"Hyundai Grand I10 Gls 1.2 Full 1.2 2016 Muy Buen Estado!";USD;Sí;gold;false;N/A;N/A;http://perfil.mercadolibre.com.uy/VENDOAUTOSMARCELO;active;N/A;N/A;Usado;Bordó;Sí;Hidráulica;N/A;Sí;N/A;N/A;N/A;N/A;N/A;Sí;N/A;N/A;N/A;N/A;Sí;Sí;N/A;N/A;N/A;N/A;N/A;N/A;N/A;N/A;N/A;N/A;N/A;N/A;N/A;"1200 cc";N/A;5;N/A;N/A;N/A;N/A;N/A;N/A;Sí;N/A;N/A;N/A;N/A;N/A;N/A;N/A;N/A;N/A;N/A;N/A;N/A;N/A;N/A;N/A;N/A;Sí;N/A;Sí;N/A;N/A;N/A;N/A;N/A;N/A;N/A;N/A;N/A;N/A;N/A;N/A;N/A;N/A;N/A;N/A;N/A;N/A;N/A;N/A;N/A;N/A;N/A;N/A;N/A;N/A;"110 hp";Gls;N/A;N/A;N/A;"12 km/l";N/A;N/A;N/A;Sí;N/A;N/A;N/A;Sí;N/A;N/A;"16 km/l";N/A;N/A;N/A;N/A;N/A;"Lun. a Vie. de 8:30 a 18 hs. Sáb. de 9 a 13 hs.";4;1.2;Nafta;Manual;Sedán;"Autos y camionetas";No;N/A;N/A;N/A;No;N/A;N/A;No;Sí;No;No;N/A;N/A;N/A;N/A;N/A;N/A;N/A;N/A;N/A;N/A;N/A;N/A;N/A;N/A;N/A;N/A;N/A;N/A;N/A;N/A;N/A;N/A;N/A;N/A;N/A;N/A;N/A;N/A;N/A;N/A;N/A;N/A;N/A;N/A;N/A;N/A;N/A;N/A;N/A;N/A;N/A;N/A;N/A;N/A;N/A;N/A;N/A;N/A;N/A;N/A;Sí;No;N/A;N/A;N/A;N/A;N/A;N/A;N/A;N/A;N/A;N/A;N/A;N/A;N/A;N/A;N/A;N/A;N/A;N/A;N/A;N/A;N/A;N/A;N/A;N/A;N/A;N/A;N/A;N/A;N/A;N/A;N/A;N/A;N/A;Sí;Sí;Sí;N/A;Sí;N/A;Sí;N/A;Sí;Sí;N/A;Sí;N/A;N/A;N/A;N/A;N/A;N/A;Sí;Sí;Sí;N/A;N/A;N/A;N/A;Sí
Hyundai;HB20S;"SEDAN PREMIUM";2023;"0 km";;"HORACIO BARREIRO";20990;;;;;"Las Piedras";https://auto.mercadolibre.com.uy/MLU-651695452-hyundai-hb20s-sedan-premium-10-2023-0km-_JM;N/A;;"Hyundai Hb20s Sedan Premium 1.0 2023 0km";usd;Sí;gold;false;N/A;N/A;http://perfil.mercadolibre.com.uy/HORACIO+BARREIRO;active;N/A;N/A;Nuevo;N/A;N/A;Asistida;N/A;Sí;Sí;Sí;N/A;N/A;N/A;Sí;Sí;N/A;N/A;N/A;Sí;Sí;N/A;Sí;N/A;N/A;N/A;N/A;N/A;N/A;N/A;N/A;N/A;N/A;N/A;"1000 cc";N/A;N/A;N/A;N/A;Sí;Sí;Sí;Sí;N/A;N/A;N/A;N/A;N/A;N/A;N/A;N/A;N/A;N/A;N/A;N/A;N/A;N/A;N/A;N/A;N/A;Sí;N/A;Sí;N/A;Sí;N/A;N/A;N/A;N/A;N/A;N/A;N/A;N/A;Sí;N/A;N/A;N/A;N/A;N/A;Sí;N/A;N/A;N/A;N/A;N/A;N/A;N/A;N/A;N/A;"80 hp";Premium;N/A;N/A;N/A;N/A;N/A;N/A;Sí;Sí;Sí;Sí;Sí;N/A;N/A;N/A;N/A;N/A;N/A;N/A;N/A;N/A;"Lunes a Sábados de 8 a 19 hs.";4;1.0;Nafta;Manual;Sedán;"Autos y camionetas";No;N/A;N/A;N/A;No;N/A;UY;No;Sí;No;No;N/A;N/A;N/A;N/A;N/A;N/A;N/A;N/A;N/A;N/A;N/A;N/A;N/A;N/A;N/A;N/A;N/A;N/A;N/A;N/A;N/A;N/A;N/A;N/A;N/A;N/A;N/A;N/A;N/A;N/A;N/A;N/A;Sí;N/A;N/A;N/A;N/A;N/A;N/A;N/A;N/A;N/A;N/A;N/A;N/A;N/A;N/A;N/A;N/A;N/A;Sí;No;N/A;N/A;N/A;N/A;N/A;N/A;N/A;N/A;N/A;N/A;N/A;N/A;N/A;N/A;N/A;N/A;N/A;N/A;N/A;N/A;N/A;N/A;N/A;N/A;N/A;N/A;N/A;N/A;N/A;N/A;N/A;N/A;N/A;Sí;Sí;Sí;Sí;Sí;N/A;Sí;N/A;N/A;Sí;N/A;N/A;N/A;Sí;Sí;Sí;N/A;N/A;Sí;Sí;Sí;N/A;Sí;N/A;N/A;Sí
Hyundai;"Grand Santa Fé";"Hyundai santa fe GLS";2002;"151000 km";;VAJO3329936;14400;;;;;"Flor de Maroñas";https://auto.mercadolibre.com.uy/MLU-704550412-hyundai-grand-santa-fe-hyundai-santa-fe-gls-_JM;N/A;;"Hyundai Grand Santa Fé Hyundai Santa Fe Gls";USD;No;gold;false;N/A;N/A;http://perfil.mercadolibre.com.uy/VAJO3329936;active;N/A;N/A;Usado;N/A;N/A;N/A;N/A;N/A;N/A;N/A;N/A;N/A;N/A;N/A;N/A;N/A;N/A;N/A;N/A;N/A;N/A;N/A;N/A;N/A;N/A;N/A;N/A;N/A;N/A;N/A;N/A;N/A;N/A;N/A;N/A;N/A;N/A;N/A;N/A;N/A;N/A;N/A;N/A;N/A;N/A;N/A;N/A;N/A;N/A;N/A;N/A;N/A;N/A;N/A;N/A;N/A;N/A;N/A;N/A;N/A;N/A;N/A;N/A;N/A;N/A;N/A;N/A;N/A;N/A;N/A;N/A;N/A;N/A;N/A;N/A;N/A;N/A;N/A;N/A;N/A;N/A;N/A;N/A;N/A;N/A;N/A;N/A;N/A;N/A;N/A;N/A;N/A;N/A;N/A;N/A;N/A;N/A;N/A;N/A;N/A;N/A;N/A;N/A;N/A;N/A;N/A;N/A;N/A;N/A;N/A;N/A;5;N/A;Nafta;N/A;N/A;"Autos y camionetas";N/A;N/A;N/A;N/A;N/A;N/A;N/A;N/A;N/A;N/A;N/A;N/A;N/A;N/A;N/A;N/A;N/A;N/A;N/A;N/A;N/A;N/A;N/A;N/A;N/A;N/A;N/A;N/A;N/A;N/A;N/A;N/A;N/A;N/A;N/A;N/A;N/A;N/A;N/A;N/A;N/A;N/A;N/A;N/A;N/A;N/A;N/A;N/A;N/A;N/A;N/A;N/A;N/A;N/A;N/A;N/A;N/A;N/A;N/A;N/A;N/A;N/A;N/A;N/A;N/A;N/A;N/A;N/A;N/A;N/A;N/A;N/A;N/A;N/A;N/A;N/A;N/A;N/A;N/A;N/A;N/A;N/A;N/A;N/A;N/A;N/A;N/A;N/A;N/A;N/A;N/A;N/A;N/A;N/A;N/A;N/A;N/A;N/A;N/A;N/A;N/A;N/A;N/A;N/A;N/A;N/A;N/A;N/A;N/A;N/A;N/A;N/A;N/A;N/A;N/A;N/A;N/A;N/A;N/A;N/A;N/A;N/A
Hyundai;HB20;"1.0 Premium Mt";2024;"0 km";;HYUNDAIPUNTADELESTE;19990;;;;;Maldonado;https://auto.mercadolibre.com.uy/MLU-675360698-hyundai-hb20-premium-10-hatch-_JM;N/A;;"Hyundai Hb20 Premium 1.0 Hatch ";usd;Sí;gold;false;N/A;N/A;http://perfil.mercadolibre.com.uy/HYUNDAIPUNTADELESTE;active;N/A;N/A;Nuevo;Plateado;N/A;Hidráulica;Delantera;Sí;Sí;Sí;N/A;N/A;Sí;N/A;N/A;No;N/A;N/A;Sí;Sí;N/A;N/A;N/A;N/A;N/A;N/A;N/A;N/A;N/A;N/A;N/A;N/A;"2500 mm";"1 L";"50 L";6;N/A;N/A;N/A;N/A;N/A;Sí;N/A;N/A;N/A;N/A;N/A;N/A;N/A;N/A;N/A;N/A;N/A;N/A;N/A;N/A;N/A;N/A;N/A;N/A;N/A;N/A;N/A;N/A;N/A;No;N/A;N/A;N/A;Sí;Sí;N/A;N/A;N/A;N/A;N/A;N/A;N/A;N/A;N/A;N/A;"1470 mm";"3920 mm";N/A;N/A;N/A;N/A;5;"80 hp";N/A;N/A;4;"1680 mm";N/A;No;N/A;No;Sí;N/A;Sí;Sí;Sí;No;N/A;"13.8 km/l";Sí;Sí;N/A;N/A;No;"LUNES A SABADO DE 9:30 A 19:30";5;1.0;Nafta;Manual;Hatchback;"Autos y camionetas";Sí;N/A;N/A;N/A;No;N/A;UY;N/A;Sí;N/A;No;N/A;N/A;N/A;N/A;N/A;N/A;N/A;N/A;N/A;N/A;N/A;N/A;N/A;Sí;N/A;N/A;N/A;N/A;N/A;N/A;N/A;N/A;N/A;N/A;N/A;N/A;N/A;N/A;N/A;N/A;N/A;N/A;Sí;N/A;N/A;N/A;N/A;N/A;N/A;N/A;N/A;N/A;N/A;N/A;N/A;N/A;N/A;N/A;N/A;N/A;Sí;No;N/A;N/A;N/A;N/A;N/A;N/A;N/A;N/A;N/A;N/A;N/A;N/A;N/A;N/A;N/A;N/A;N/A;N/A;N/A;N/A;N/A;N/A;N/A;N/A;N/A;N/A;N/A;N/A;N/A;N/A;N/A;N/A;No;Sí;Sí;Sí;N/A;Sí;N/A;N/A;N/A;N/A;Sí;No;Sí;Sí;N/A;N/A;Sí;Sí;Sí;Sí;Sí;Sí;No;No;Sí;N/A;Sí
Hyundai;HB20;"1.0 Comfort Mt";2022;"34000 km";;"KIA CARRASCO";16490;;;;;"Barra de Carrasco";https://auto.mercadolibre.com.uy/MLU-701440986-hyundai-hb20-sedan-10-mt-ano-2022-_JM;N/A;;"Hyundai Hb20 Sedán 1.0 Mt Año 2022";usd;Sí;gold;false;N/A;N/A;http://perfil.mercadolibre.com.uy/KIA+CARRASCO;active;N/A;N/A;Usado;Gris;N/A;Hidráulica;Delantera;Sí;N/A;Sí;N/A;N/A;N/A;N/A;N/A;N/A;N/A;N/A;N/A;N/A;N/A;N/A;N/A;N/A;N/A;N/A;N/A;N/A;N/A;N/A;N/A;N/A;"2500 mm";"1 L";"50 L";6;N/A;N/A;N/A;N/A;N/A;N/A;N/A;N/A;N/A;N/A;N/A;N/A;N/A;N/A;N/A;N/A;N/A;N/A;N/A;N/A;N/A;N/A;N/A;N/A;N/A;N/A;N/A;N/A;N/A;N/A;N/A;N/A;N/A;Sí;Sí;N/A;N/A;N/A;N/A;N/A;N/A;N/A;N/A;N/A;N/A;"1470 mm";"3920 mm";N/A;N/A;N/A;N/A;5;"101 hp";N/A;N/A;4;"1680 mm";N/A;N/A;N/A;N/A;Sí;N/A;N/A;Sí;Sí;N/A;N/A;"13.8 km/l";N/A;N/A;N/A;N/A;N/A;"lunes a viernes de 9 a 18";5;1.0;Nafta;Manual;Hatchback;"Autos y camionetas";N/A;N/A;N/A;N/A;N/A;N/A;UY;N/A;N/A;N/A;N/A;N/A;N/A;N/A;N/A;N/A;N/A;N/A;N/A;N/A;N/A;N/A;N/A;N/A;N/A;N/A;N/A;N/A;N/A;N/A;N/A;N/A;N/A;N/A;N/A;N/A;N/A;N/A;N/A;N/A;N/A;N/A;N/A;N/A;N/A;N/A;N/A;N/A;N/A;N/A;N/A;N/A;N/A;N/A;N/A;N/A;N/A;N/A;N/A;N/A;N/A;N/A;N/A;N/A;N/A;N/A;N/A;N/A;N/A;N/A;N/A;N/A;N/A;N/A;N/A;N/A;N/A;N/A;N/A;N/A;N/A;N/A;N/A;N/A;N/A;N/A;N/A;N/A;N/A;N/A;N/A;N/A;N/A;N/A;N/A;N/A;N/A;N/A;N/A;N/A;N/A;N/A;N/A;N/A;N/A;N/A;N/A;N/A;N/A;N/A;N/A;N/A;Sí;N/A;N/A;N/A;Sí;N/A;N/A;Sí;N/A;Sí
Hyundai;Creta;"1.0 T-Gdi Safe At";2024;"0 km";;HYUNDAIPUNTADELESTE;30990;;;;;Maldonado;https://auto.mercadolibre.com.uy/MLU-701949556-hyundai-creta-safe-at-_JM;N/A;;"Hyundai Creta Safe At ";usd;Sí;gold;false;N/A;N/A;http://perfil.mercadolibre.com.uy/HYUNDAIPUNTADELESTE;active;N/A;N/A;Nuevo;Blanco;N/A;N/A;4x2;N/A;N/A;N/A;N/A;N/A;N/A;N/A;N/A;N/A;N/A;N/A;N/A;N/A;N/A;N/A;N/A;N/A;N/A;N/A;N/A;N/A;N/A;N/A;N/A;N/A;"2610 mm";"1 L";"50 L";6;N/A;N/A;N/A;N/A;N/A;N/A;N/A;N/A;N/A;N/A;N/A;N/A;N/A;N/A;N/A;N/A;N/A;N/A;N/A;N/A;N/A;N/A;N/A;N/A;N/A;N/A;N/A;N/A;N/A;N/A;N/A;N/A;N/A;N/A;N/A;N/A;N/A;N/A;N/A;N/A;N/A;N/A;N/A;N/A;N/A;"1635 mm";"4290 mm";N/A;N/A;N/A;N/A;5;"120 hp";Safe;N/A;4;"1790 mm";N/A;N/A;N/A;N/A;N/A;N/A;N/A;N/A;N/A;N/A;N/A;N/A;N/A;N/A;N/A;N/A;N/A;"LUNES A SABADO DE 9:30 A 19:30";5;1.0;Nafta;Automática;SUV;"Autos y camionetas";N/A;N/A;N/A;N/A;N/A;N/A;UY;N/A;N/A;N/A;N/A;N/A;N/A;N/A;N/A;N/A;N/A;N/A;N/A;N/A;N/A;N/A;N/A;N/A;N/A;N/A;N/A;N/A;N/A;N/A;N/A;N/A;N/A;N/A;N/A;N/A;N/A;N/A;N/A;N/A;N/A;N/A;N/A;N/A;N/A;N/A;N/A;N/A;N/A;N/A;N/A;N/A;N/A;N/A;N/A;N/A;N/A;N/A;N/A;N/A;N/A;N/A;N/A;N/A;N/A;N/A;N/A;N/A;N/A;N/A;N/A;N/A;N/A;N/A;N/A;N/A;N/A;N/A;N/A;N/A;N/A;N/A;N/A;N/A;N/A;N/A;N/A;N/A;N/A;N/A;N/A;N/A;N/A;N/A;N/A;N/A;N/A;N/A;N/A;N/A;N/A;N/A;N/A;N/A;N/A;N/A;N/A;N/A;N/A;N/A;N/A;N/A;N/A;N/A;N/A;N/A;N/A;N/A;N/A;N/A;N/A;N/A
Hyundai;Tucson;"2.0 16v";2017;"191000 km";;AMAYAMOTORS;18990;;;;;Centro;https://auto.mercadolibre.com.uy/MLU-693915768-hyundai-tucson-sport-automatica-nafta-amaya-motors-_JM;N/A;;"Hyundai Tucson Sport Automatica Nafta Amaya Motors ";usd;Sí;gold;false;N/A;N/A;http://perfil.mercadolibre.com.uy/AMAYAMOTORS;active;N/A;N/A;Usado;Blanco;Sí;Hidráulica;4x2;Sí;Sí;Sí;N/A;N/A;N/A;N/A;N/A;N/A;N/A;N/A;Sí;Sí;N/A;N/A;N/A;N/A;N/A;N/A;N/A;N/A;N/A;N/A;N/A;N/A;"2630 mm";"2 L";"58 L";6;N/A;N/A;N/A;N/A;N/A;N/A;N/A;N/A;N/A;N/A;N/A;N/A;N/A;N/A;N/A;N/A;N/A;N/A;N/A;N/A;N/A;N/A;N/A;N/A;N/A;N/A;N/A;N/A;N/A;N/A;N/A;Sí;N/A;N/A;N/A;N/A;N/A;N/A;N/A;N/A;N/A;Sí;N/A;N/A;N/A;"1655 mm";"4410 mm";N/A;N/A;N/A;N/A;5;"154 hp";N/A;N/A;4;"1830 mm";N/A;N/A;N/A;Sí;Sí;N/A;Sí;Sí;N/A;N/A;Sí;"8.3 km/l";N/A;N/A;N/A;N/A;Sí;N/A;5;2.0;Nafta;Manual;SUV;"Autos y camionetas";N/A;N/A;N/A;N/A;N/A;N/A;UY;N/A;Sí;N/A;N/A;N/A;N/A;N/A;N/A;N/A;N/A;N/A;N/A;N/A;N/A;N/A;N/A;N/A;N/A;N/A;N/A;N/A;N/A;N/A;N/A;N/A;N/A;N/A;N/A;N/A;N/A;N/A;N/A;N/A;N/A;N/A;N/A;N/A;N/A;N/A;N/A;N/A;N/A;N/A;N/A;N/A;N/A;N/A;N/A;N/A;N/A;N/A;N/A;N/A;N/A;Sí;Sí;N/A;N/A;N/A;N/A;N/A;N/A;N/A;N/A;N/A;N/A;N/A;N/A;N/A;N/A;N/A;N/A;N/A;N/A;N/A;N/A;N/A;N/A;N/A;N/A;N/A;N/A;N/A;N/A;N/A;N/A;N/A;N/A;N/A;Sí;Sí;Sí;N/A;Sí;N/A;N/A;N/A;N/A;Sí;N/A;N/A;Sí;Sí;N/A;Sí;Sí;N/A;Sí;N/A;Sí;N/A;N/A;N/A;N/A;Sí
Hyundai;"Grand i10";"1.2 Gls Seg 87cv Mt";2015;"83000 km";;RUTA924;12500;;;;;Rosario;https://auto.mercadolibre.com.uy/MLU-704768138-hyundai-grand-i10-12-gls-seg-87cv-mt-_JM;N/A;;"Hyundai Grand I10 1.2 Gls Seg 87cv Mt";usd;Sí;gold;false;N/A;N/A;http://perfil.mercadolibre.com.uy/RUTA924;active;N/A;N/A;Usado;Rojo;N/A;Hidráulica;Delantera;Sí;N/A;Sí;N/A;N/A;N/A;N/A;N/A;N/A;N/A;N/A;N/A;N/A;N/A;N/A;N/A;N/A;N/A;N/A;N/A;N/A;N/A;N/A;N/A;N/A;"2425 mm";"1.2 L";"43 L";5;N/A;N/A;N/A;N/A;Sí;N/A;N/A;N/A;N/A;N/A;N/A;N/A;N/A;N/A;N/A;N/A;N/A;N/A;N/A;N/A;N/A;N/A;N/A;N/A;N/A;N/A;N/A;N/A;N/A;N/A;N/A;Sí;N/A;Sí;N/A;N/A;N/A;N/A;N/A;N/A;N/A;Sí;N/A;N/A;N/A;"1505 mm";"3765 mm";N/A;N/A;N/A;N/A;5;"87 hp";Gls;N/A;4;"1660 mm";N/A;N/A;N/A;N/A;N/A;N/A;N/A;N/A;N/A;N/A;N/A;N/A;N/A;N/A;N/A;N/A;N/A;N/A;5;1.2;Nafta;Manual;Hatchback;"Autos y camionetas";N/A;N/A;N/A;N/A;N/A;N/A;UY;N/A;N/A;N/A;N/A;N/A;N/A;N/A;N/A;N/A;N/A;N/A;N/A;N/A;N/A;N/A;N/A;N/A;N/A;N/A;N/A;N/A;N/A;N/A;N/A;N/A;N/A;N/A;N/A;N/A;N/A;N/A;N/A;N/A;N/A;N/A;N/A;N/A;N/A;N/A;N/A;N/A;N/A;N/A;N/A;N/A;N/A;N/A;N/A;N/A;N/A;N/A;N/A;N/A;N/A;N/A;N/A;N/A;N/A;N/A;N/A;N/A;N/A;N/A;N/A;N/A;N/A;N/A;N/A;N/A;N/A;N/A;N/A;N/A;N/A;N/A;N/A;N/A;N/A;N/A;N/A;N/A;N/A;N/A;N/A;N/A;N/A;N/A;N/A;N/A;Sí;N/A;Sí;N/A;N/A;N/A;N/A;N/A;N/A;N/A;N/A;N/A;N/A;Sí;N/A;N/A;N/A;N/A;N/A;N/A;N/A;N/A;N/A;N/A;N/A;N/A
Hyundai;Coupe;"Hyundai Fx Coupé motor 2.0. Año 2000";2000;"215000 km";;TORO6220969;14500;;;;;"Sarandí Grande";https://auto.mercadolibre.com.uy/MLU-702307822-hyundai-fx-coupe-motor-20-ano-2000-_JM;N/A;;"Hyundai Fx Coupé Motor 2.0. Año 2000";USD;No;gold;false;N/A;N/A;http://perfil.mercadolibre.com.uy/TORO6220969;active;N/A;N/A;Usado;Azul;No;Hidráulica;Delantera;N/A;N/A;N/A;N/A;N/A;N/A;N/A;N/A;N/A;N/A;N/A;N/A;N/A;N/A;N/A;N/A;N/A;N/A;N/A;N/A;N/A;N/A;N/A;N/A;N/A;N/A;N/A;N/A;N/A;N/A;N/A;N/A;N/A;N/A;N/A;N/A;N/A;N/A;N/A;N/A;N/A;N/A;N/A;N/A;N/A;N/A;N/A;N/A;N/A;N/A;N/A;N/A;N/A;N/A;N/A;N/A;N/A;N/A;N/A;N/A;N/A;N/A;N/A;N/A;N/A;N/A;N/A;N/A;N/A;N/A;N/A;N/A;N/A;N/A;N/A;N/A;N/A;N/A;N/A;N/A;N/A;N/A;N/A;N/A;N/A;N/A;N/A;No;N/A;N/A;N/A;N/A;Sí;No;N/A;N/A;N/A;N/A;N/A;N/A;N/A;N/A;N/A;N/A;2;2.0;Nafta;Manual;Coupé;"Autos y camionetas";N/A;N/A;N/A;N/A;N/A;N/A;N/A;N/A;N/A;N/A;N/A;N/A;N/A;N/A;N/A;N/A;N/A;N/A;N/A;N/A;N/A;N/A;N/A;N/A;N/A;N/A;N/A;N/A;N/A;N/A;N/A;N/A;N/A;N/A;N/A;N/A;N/A;N/A;N/A;N/A;N/A;N/A;N/A;N/A;N/A;N/A;N/A;N/A;N/A;N/A;N/A;N/A;N/A;N/A;N/A;N/A;N/A;N/A;N/A;N/A;N/A;N/A;N/A;N/A;N/A;N/A;N/A;N/A;N/A;N/A;N/A;N/A;N/A;N/A;N/A;N/A;N/A;N/A;N/A;N/A;N/A;N/A;N/A;N/A;N/A;N/A;N/A;N/A;N/A;N/A;N/A;N/A;N/A;N/A;N/A;N/A;N/A;N/A;N/A;N/A;N/A;N/A;N/A;N/A;N/A;N/A;N/A;N/A;N/A;N/A;N/A;N/A;N/A;N/A;N/A;N/A;N/A;N/A;N/A;N/A;N/A;N/A
Hyundai;Accent;"1.5 Gls Mt";2013;"122000 km";;MARCELOVICOAUTOMOVILES;12300;;;;;Carmelo;https://auto.mercadolibre.com.uy/MLU-701816076-hyundai-accent-15-gls-mt-_JM;N/A;;"Hyundai Accent 1.5 Gls Mt";usd;Sí;gold;false;N/A;N/A;http://perfil.mercadolibre.com.uy/MARCELOVICOAUTOMOVILES;active;N/A;N/A;Usado;Blanco;No;Hidráulica;Delantera;Sí;N/A;N/A;N/A;N/A;N/A;N/A;N/A;N/A;N/A;N/A;N/A;N/A;N/A;N/A;N/A;N/A;N/A;N/A;N/A;N/A;N/A;N/A;N/A;N/A;"2440 mm";"1.5 L";"45 L";5;N/A;N/A;N/A;N/A;N/A;N/A;N/A;N/A;N/A;N/A;N/A;N/A;N/A;N/A;N/A;N/A;N/A;N/A;N/A;N/A;N/A;N/A;N/A;N/A;N/A;N/A;N/A;N/A;N/A;N/A;N/A;N/A;N/A;N/A;N/A;N/A;N/A;N/A;N/A;N/A;N/A;N/A;N/A;N/A;N/A;"1395 mm";"4235 mm";N/A;N/A;N/A;N/A;5;"92 hp";Gls;N/A;3;"1670 mm";"7.2 km/l";N/A;N/A;N/A;N/A;N/A;N/A;N/A;N/A;N/A;N/A;"4.5 km/l";N/A;N/A;N/A;N/A;N/A;N/A;4;1.5;Nafta;Manual;Sedán;"Autos y camionetas";N/A;N/A;N/A;N/A;N/A;N/A;UY;N/A;N/A;N/A;N/A;N/A;N/A;N/A;N/A;N/A;N/A;N/A;N/A;N/A;N/A;N/A;N/A;N/A;N/A;N/A;N/A;N/A;N/A;N/A;N/A;N/A;N/A;N/A;N/A;N/A;N/A;N/A;N/A;N/A;N/A;N/A;N/A;N/A;N/A;N/A;N/A;N/A;N/A;N/A;N/A;N/A;N/A;N/A;N/A;N/A;N/A;N/A;N/A;N/A;N/A;N/A;N/A;N/A;N/A;N/A;N/A;N/A;N/A;N/A;N/A;N/A;N/A;N/A;N/A;N/A;N/A;N/A;N/A;N/A;N/A;N/A;N/A;N/A;N/A;N/A;N/A;N/A;N/A;N/A;N/A;N/A;N/A;N/A;N/A;N/A;Sí;N/A;N/A;N/A;N/A;N/A;N/A;N/A;N/A;N/A;N/A;N/A;N/A;N/A;N/A;N/A;N/A;N/A;N/A;N/A;N/A;N/A;N/A;N/A;N/A;N/A
Hyundai;H1;"2.5 Premium 1 170cv";2017;"202940 km";;TORRENSNICO;23000;;;;;Salto;https://auto.mercadolibre.com.uy/MLU-704526730-hyundai-h1-25-premium-1-170cv-_JM;N/A;;"Hyundai H1 2.5 Premium 1 170cv";usd;Sí;gold;false;N/A;N/A;http://perfil.mercadolibre.com.uy/TORRENSNICO;active;N/A;N/A;Usado;Blanco;No;Hidráulica;Trasera;Sí;Sí;Sí;N/A;N/A;No;N/A;N/A;Sí;N/A;N/A;No;Sí;N/A;No;N/A;N/A;N/A;N/A;N/A;N/A;N/A;N/A;N/A;N/A;"3201 mm";"2.5 L";"75 L";6;N/A;N/A;N/A;N/A;N/A;No;N/A;N/A;N/A;N/A;N/A;N/A;N/A;N/A;N/A;N/A;N/A;N/A;N/A;N/A;N/A;N/A;N/A;N/A;N/A;N/A;N/A;N/A;N/A;Sí;N/A;Sí;N/A;N/A;N/A;N/A;N/A;N/A;N/A;N/A;N/A;Sí;N/A;N/A;N/A;"1925 mm";"5125 mm";N/A;N/A;N/A;N/A;12;"170 hp";Premium;N/A;4;"1920 mm";"10.9 km/l";No;N/A;Sí;Sí;N/A;No;No;N/A;No;Sí;"7.1 km/l";No;Sí;N/A;N/A;No;N/A;4;2.5;Diésel;Manual;SUV;"Autos y camionetas";No;N/A;N/A;N/A;N/A;N/A;UY;N/A;No;N/A;N/A;N/A;N/A;N/A;N/A;N/A;N/A;N/A;N/A;N/A;N/A;N/A;N/A;N/A;No;N/A;N/A;N/A;N/A;N/A;N/A;N/A;N/A;N/A;N/A;N/A;N/A;N/A;N/A;N/A;N/A;N/A;N/A;No;N/A;N/A;N/A;N/A;N/A;N/A;N/A;N/A;N/A;N/A;N/A;N/A;N/A;N/A;N/A;N/A;N/A;No;Sí;N/A;N/A;N/A;N/A;N/A;N/A;N/A;N/A;N/A;N/A;N/A;N/A;N/A;N/A;N/A;N/A;N/A;N/A;N/A;N/A;N/A;N/A;N/A;N/A;N/A;N/A;N/A;N/A;N/A;N/A;N/A;N/A;No;Sí;Sí;Sí;N/A;Sí;Sí;N/A;N/A;N/A;Sí;N/A;No;Sí;Sí;N/A;Sí;Sí;Sí;Sí;Sí;No;Sí;No;Sí;N/A;Sí
Hyundai;"Kona Hybrid";"1.6 Gdi Safe";2023;"5000 km";;PANANIN;35000;;;;;Buceo;https://auto.mercadolibre.com.uy/MLU-703328874-hyundai-kona-hybrid-16-gdi-safe-_JM;N/A;;"Hyundai Kona Hybrid 1.6 Gdi Safe";usd;Sí;gold;false;N/A;N/A;http://perfil.mercadolibre.com.uy/PANANIN;active;N/A;N/A;Usado;Gris;Sí;Asistida;Delantera;N/A;N/A;N/A;N/A;N/A;N/A;N/A;N/A;N/A;N/A;N/A;N/A;N/A;N/A;N/A;N/A;N/A;N/A;N/A;N/A;N/A;N/A;N/A;N/A;N/A;"2660 mm";"1.6 L";"38 L";N/A;N/A;N/A;N/A;N/A;N/A;N/A;N/A;N/A;N/A;N/A;N/A;N/A;N/A;N/A;N/A;N/A;N/A;N/A;N/A;N/A;N/A;N/A;N/A;N/A;N/A;N/A;N/A;N/A;N/A;N/A;N/A;N/A;N/A;N/A;N/A;N/A;N/A;N/A;N/A;N/A;N/A;N/A;N/A;N/A;N/A;"1575 mm";"4355 mm";N/A;N/A;N/A;N/A;5;"105 hp";Safe;N/A;4;"1825 mm";N/A;N/A;N/A;N/A;N/A;N/A;N/A;N/A;N/A;N/A;N/A;N/A;N/A;N/A;N/A;N/A;N/A;"Lunes a viernes de 9 a 17 horas";5;1.6;Híbrido;Automática;SUV;"Autos y camionetas";N/A;N/A;N/A;N/A;N/A;N/A;UY;N/A;N/A;N/A;N/A;N/A;N/A;N/A;N/A;N/A;N/A;N/A;N/A;N/A;N/A;N/A;N/A;N/A;N/A;N/A;N/A;N/A;N/A;N/A;N/A;N/A;N/A;N/A;N/A;N/A;N/A;N/A;N/A;N/A;N/A;N/A;N/A;N/A;N/A;N/A;N/A;N/A;N/A;N/A;N/A;N/A;N/A;N/A;N/A;N/A;N/A;N/A;N/A;N/A;N/A;N/A;N/A;N/A;N/A;N/A;N/A;N/A;N/A;N/A;N/A;N/A;N/A;N/A;N/A;N/A;N/A;N/A;N/A;N/A;N/A;N/A;N/A;N/A;N/A;N/A;N/A;N/A;N/A;N/A;N/A;N/A;N/A;N/A;N/A;N/A;N/A;N/A;N/A;N/A;N/A;N/A;N/A;N/A;N/A;N/A;N/A;N/A;N/A;N/A;N/A;N/A;N/A;N/A;N/A;N/A;N/A;N/A;N/A;N/A;N/A;N/A
Hyundai;HB20S;"1.0 Premium Mt";2022;"71820 km";;NEDALCAR_AUTOMOVILES;16490;;;;;"Aeropuerto Internacional De Carrasco";https://auto.mercadolibre.com.uy/MLU-696128512-hyundai-hb20s-2022-10-premium-mt-_JM;N/A;;"Hyundai Hb20s 2022 1.0 Premium Mt";usd;Sí;gold;false;N/A;N/A;http://perfil.mercadolibre.com.uy/NEDALCAR_AUTOMOVILES;active;N/A;N/A;Usado;N/A;N/A;Hidráulica;Delantera;Sí;N/A;N/A;N/A;N/A;N/A;N/A;N/A;N/A;N/A;N/A;N/A;N/A;N/A;N/A;N/A;N/A;N/A;N/A;N/A;N/A;N/A;N/A;N/A;N/A;"2500 mm";"1 L";"50 L";5;N/A;N/A;N/A;N/A;N/A;N/A;N/A;N/A;N/A;N/A;N/A;N/A;N/A;N/A;N/A;N/A;N/A;N/A;N/A;N/A;N/A;N/A;N/A;N/A;N/A;N/A;N/A;N/A;N/A;N/A;N/A;N/A;N/A;Sí;Sí;N/A;N/A;N/A;N/A;N/A;N/A;N/A;N/A;N/A;N/A;"1500 mm";"4200 mm";N/A;N/A;N/A;N/A;5;"80 hp";Comfort;N/A;4;"1680 mm";N/A;N/A;N/A;N/A;Sí;N/A;N/A;Sí;Sí;N/A;N/A;"12.8 km/l";N/A;N/A;N/A;N/A;N/A;N/A;4;1.0;Nafta;Manual;Sedán;"Autos y camionetas";N/A;N/A;N/A;N/A;N/A;N/A;UY;N/A;N/A;N/A;N/A;N/A;N/A;N/A;N/A;N/A;N/A;N/A;N/A;N/A;N/A;N/A;N/A;N/A;N/A;N/A;N/A;N/A;N/A;N/A;N/A;N/A;N/A;N/A;N/A;N/A;N/A;N/A;N/A;N/A;N/A;N/A;N/A;N/A;N/A;N/A;N/A;N/A;N/A;N/A;N/A;N/A;N/A;N/A;N/A;N/A;N/A;N/A;N/A;N/A;N/A;N/A;N/A;N/A;N/A;N/A;N/A;N/A;N/A;N/A;N/A;N/A;N/A;N/A;N/A;N/A;N/A;N/A;N/A;N/A;N/A;N/A;N/A;N/A;N/A;N/A;N/A;N/A;N/A;N/A;N/A;N/A;N/A;N/A;N/A;N/A;N/A;N/A;N/A;N/A;N/A;N/A;N/A;N/A;N/A;N/A;N/A;N/A;N/A;N/A;N/A;N/A;Sí;N/A;N/A;N/A;Sí;N/A;N/A;Sí;N/A;Sí
Hyundai;"Kona Electric";"0.0 Limited Standard Range";2024;"0 km";;KONIFANSAHERNANDEZ;49990;;;;;"Colonia del Sacramento";https://auto.mercadolibre.com.uy/MLU-692748674-kona-electrica-_JM;N/A;;"Kona Eléctrica ";usd;Sí;gold;false;N/A;N/A;http://perfil.mercadolibre.com.uy/KONIFANSAHERNANDEZ;active;N/A;N/A;Nuevo;Blanco;N/A;N/A;Delantera;N/A;N/A;N/A;N/A;N/A;N/A;N/A;N/A;N/A;N/A;N/A;N/A;N/A;N/A;N/A;N/A;N/A;N/A;N/A;N/A;N/A;N/A;N/A;N/A;N/A;"2660 mm";"0 L";N/A;1;N/A;N/A;N/A;N/A;N/A;N/A;N/A;N/A;N/A;N/A;N/A;N/A;N/A;N/A;N/A;N/A;N/A;N/A;N/A;N/A;N/A;N/A;N/A;N/A;N/A;N/A;N/A;N/A;N/A;N/A;N/A;N/A;N/A;N/A;N/A;N/A;N/A;N/A;N/A;N/A;N/A;N/A;N/A;N/A;N/A;"1575 mm";"4355 mm";N/A;N/A;N/A;N/A;5;"133 hp";Limited;N/A;N/A;"1825 mm";N/A;N/A;N/A;N/A;N/A;N/A;N/A;N/A;N/A;N/A;N/A;N/A;N/A;N/A;N/A;N/A;N/A;N/A;5;0.0;Eléctrico;Automática;SUV;"Autos y camionetas";N/A;N/A;N/A;N/A;N/A;N/A;UY;N/A;N/A;N/A;N/A;N/A;N/A;N/A;N/A;N/A;N/A;N/A;N/A;N/A;N/A;N/A;N/A;N/A;N/A;N/A;N/A;N/A;N/A;N/A;N/A;N/A;N/A;N/A;N/A;N/A;N/A;N/A;N/A;N/A;N/A;N/A;N/A;N/A;N/A;N/A;N/A;N/A;N/A;N/A;N/A;N/A;N/A;N/A;N/A;N/A;N/A;N/A;N/A;N/A;N/A;N/A;N/A;N/A;N/A;N/A;N/A;N/A;N/A;N/A;N/A;N/A;N/A;N/A;N/A;N/A;N/A;N/A;N/A;N/A;N/A;N/A;N/A;N/A;N/A;N/A;N/A;N/A;N/A;N/A;N/A;N/A;N/A;N/A;N/A;N/A;N/A;N/A;N/A;N/A;N/A;N/A;N/A;N/A;N/A;N/A;N/A;N/A;N/A;N/A;N/A;N/A;N/A;N/A;N/A;N/A;N/A;N/A;N/A;N/A;N/A;N/A
Hyundai;Kona;Hibrida;2024;"0 km";;"ALEJANDROAUTOMOVILES TALA";41990;;;;;Tala;https://auto.mercadolibre.com.uy/MLU-702782182-hyundai-kona-hibrida-_JM;N/A;;"Hyundai Kona Hibrida";USD;Sí;gold;false;N/A;N/A;http://perfil.mercadolibre.com.uy/ALEJANDROAUTOMOVILES+TALA;active;N/A;N/A;Nuevo;Rojo;N/A;Eléctrica;N/A;Sí;Sí;N/A;N/A;N/A;N/A;N/A;N/A;N/A;N/A;N/A;Sí;Sí;N/A;Sí;N/A;N/A;N/A;N/A;N/A;N/A;N/A;N/A;N/A;N/A;N/A;N/A;N/A;N/A;N/A;N/A;N/A;N/A;N/A;N/A;N/A;N/A;N/A;N/A;N/A;N/A;N/A;N/A;N/A;N/A;N/A;N/A;N/A;N/A;N/A;N/A;N/A;N/A;N/A;N/A;N/A;N/A;N/A;N/A;N/A;N/A;N/A;N/A;N/A;N/A;N/A;N/A;N/A;N/A;N/A;N/A;N/A;N/A;N/A;N/A;N/A;N/A;N/A;N/A;N/A;N/A;N/A;N/A;N/A;N/A;N/A;N/A;N/A;N/A;Sí;N/A;N/A;N/A;N/A;N/A;N/A;N/A;N/A;N/A;N/A;N/A;N/A;N/A;N/A;5;1.6;Híbrido;Automática;SUV;"Autos y camionetas";N/A;N/A;N/A;N/A;N/A;N/A;N/A;N/A;N/A;N/A;N/A;N/A;N/A;N/A;N/A;N/A;N/A;N/A;N/A;N/A;N/A;N/A;N/A;N/A;N/A;N/A;N/A;N/A;N/A;N/A;N/A;N/A;N/A;N/A;N/A;N/A;N/A;N/A;N/A;N/A;N/A;N/A;N/A;N/A;N/A;N/A;N/A;N/A;N/A;N/A;N/A;N/A;N/A;N/A;N/A;N/A;N/A;N/A;N/A;N/A;N/A;N/A;N/A;N/A;N/A;N/A;N/A;N/A;N/A;N/A;N/A;N/A;N/A;N/A;N/A;N/A;N/A;N/A;N/A;N/A;N/A;N/A;N/A;N/A;N/A;N/A;N/A;N/A;N/A;N/A;N/A;N/A;N/A;N/A;N/A;N/A;Sí;Sí;Sí;N/A;Sí;N/A;N/A;N/A;N/A;Sí;N/A;N/A;N/A;N/A;N/A;Sí;Sí;N/A;Sí;Sí;Sí;N/A;N/A;N/A;N/A;Sí
Hyundai;HB20;"1.0 Comfort Mt";2022;"29500 km";;AGUSTÍN-;15500;;;;;Malvin;https://auto.mercadolibre.com.uy/MLU-704294274-hyundai-hb20-10-comfort-mt-_JM;N/A;;"Hyundai Hb20 1.0 Comfort Mt";usd;Sí;gold;false;N/A;N/A;http://perfil.mercadolibre.com.uy/AGUST%C3%8DN-;active;N/A;N/A;Usado;Gris;Sí;Hidráulica;Delantera;Sí;N/A;Sí;N/A;N/A;N/A;N/A;N/A;N/A;N/A;N/A;N/A;N/A;N/A;N/A;N/A;N/A;N/A;N/A;N/A;N/A;N/A;N/A;N/A;N/A;"2500 mm";"1 L";"50 L";6;N/A;N/A;N/A;N/A;N/A;N/A;N/A;N/A;N/A;N/A;N/A;N/A;N/A;N/A;N/A;N/A;N/A;N/A;N/A;N/A;N/A;N/A;N/A;N/A;N/A;N/A;N/A;N/A;N/A;N/A;N/A;N/A;N/A;Sí;Sí;N/A;N/A;N/A;N/A;N/A;N/A;N/A;N/A;N/A;N/A;"1470 mm";"3920 mm";N/A;N/A;N/A;N/A;5;"101 hp";N/A;N/A;4;"1680 mm";N/A;N/A;N/A;N/A;Sí;N/A;N/A;Sí;Sí;N/A;N/A;"13.8 km/l";N/A;N/A;N/A;N/A;N/A;N/A;5;1.0;Nafta;Manual;Hatchback;"Autos y camionetas";N/A;N/A;N/A;N/A;N/A;N/A;UY;N/A;N/A;N/A;N/A;N/A;N/A;N/A;N/A;N/A;N/A;N/A;N/A;N/A;N/A;N/A;N/A;N/A;N/A;N/A;N/A;N/A;N/A;N/A;N/A;N/A;N/A;N/A;N/A;N/A;N/A;N/A;N/A;N/A;N/A;N/A;N/A;N/A;N/A;N/A;N/A;N/A;N/A;N/A;N/A;N/A;N/A;N/A;N/A;N/A;N/A;N/A;N/A;N/A;N/A;N/A;N/A;N/A;N/A;N/A;N/A;N/A;N/A;N/A;N/A;N/A;N/A;N/A;N/A;N/A;N/A;N/A;N/A;N/A;N/A;N/A;N/A;N/A;N/A;N/A;N/A;N/A;N/A;N/A;N/A;N/A;N/A;N/A;N/A;N/A;N/A;N/A;N/A;N/A;N/A;N/A;N/A;N/A;N/A;N/A;N/A;N/A;N/A;N/A;N/A;N/A;Sí;N/A;N/A;N/A;Sí;N/A;N/A;Sí;N/A;Sí
Hyundai;HB20;"1.6 Comfort 5p";2022;"144000 km";;"DELGADO REPUESTOS";15490;;;;;Rosario;https://auto.mercadolibre.com.uy/MLU-703857452-hyundai-hb20-16-_JM;N/A;;"Hyundai Hb20 1.6 ";usd;Sí;gold;false;N/A;N/A;http://perfil.mercadolibre.com.uy/DELGADO+REPUESTOS;active;N/A;N/A;Usado;Gris;N/A;Hidráulica;Delantera;Sí;N/A;Sí;N/A;N/A;N/A;N/A;N/A;N/A;N/A;N/A;N/A;N/A;N/A;N/A;N/A;N/A;N/A;N/A;N/A;N/A;N/A;N/A;N/A;N/A;"2500 mm";"1.6 L";"50 L";6;N/A;N/A;N/A;N/A;N/A;N/A;N/A;N/A;N/A;N/A;N/A;N/A;N/A;N/A;N/A;N/A;N/A;N/A;N/A;N/A;N/A;N/A;N/A;N/A;N/A;N/A;N/A;N/A;N/A;N/A;N/A;N/A;N/A;Sí;Sí;N/A;N/A;N/A;N/A;N/A;N/A;N/A;N/A;N/A;N/A;"1470 mm";"3920 mm";N/A;N/A;N/A;N/A;5;"123 hp";Comfort;N/A;4;"1680 mm";N/A;N/A;N/A;N/A;Sí;N/A;N/A;Sí;Sí;N/A;N/A;"13.8 km/l";N/A;N/A;N/A;N/A;N/A;"Lunes a Viernes de 8:00 a 12:00 y de 14:00 a 19:00 y los sabados de 8:00 a 12:30";5;1.6;Nafta;Manual;Hatchback;"Autos y camionetas";N/A;N/A;N/A;N/A;N/A;N/A;UY;N/A;N/A;N/A;N/A;N/A;N/A;N/A;N/A;N/A;N/A;N/A;N/A;N/A;N/A;N/A;N/A;N/A;N/A;N/A;N/A;N/A;N/A;N/A;N/A;N/A;N/A;N/A;N/A;N/A;N/A;N/A;N/A;N/A;N/A;N/A;N/A;N/A;N/A;N/A;N/A;N/A;N/A;N/A;N/A;N/A;N/A;N/A;N/A;N/A;N/A;N/A;N/A;N/A;N/A;N/A;N/A;N/A;N/A;N/A;N/A;N/A;N/A;N/A;N/A;N/A;N/A;N/A;N/A;N/A;N/A;N/A;N/A;N/A;N/A;N/A;N/A;N/A;N/A;N/A;N/A;N/A;N/A;N/A;N/A;N/A;N/A;N/A;N/A;N/A;N/A;N/A;N/A;N/A;N/A;N/A;N/A;N/A;N/A;N/A;N/A;N/A;N/A;N/A;N/A;N/A;Sí;N/A;N/A;N/A;Sí;N/A;N/A;Sí;N/A;Sí
Hyundai;Accent;"1.4 hatch";2009;"163000 km";;REWI5809283;7300;;;;;"Punta Rieles";https://auto.mercadolibre.com.uy/MLU-703999000-hyundai-accent-14-_JM;N/A;;"Hyundai Accent 1.4";USD;Sí;gold;false;N/A;N/A;http://perfil.mercadolibre.com.uy/REWI5809283;active;N/A;N/A;Usado;Blanco;N/A;N/A;Delantera;Sí;N/A;N/A;N/A;N/A;N/A;N/A;N/A;N/A;N/A;N/A;N/A;Sí;N/A;N/A;N/A;N/A;N/A;N/A;N/A;N/A;N/A;N/A;N/A;N/A;N/A;N/A;N/A;N/A;N/A;N/A;N/A;N/A;N/A;N/A;N/A;N/A;N/A;N/A;N/A;N/A;N/A;N/A;N/A;N/A;N/A;N/A;N/A;N/A;N/A;N/A;N/A;N/A;N/A;N/A;N/A;N/A;N/A;N/A;N/A;N/A;N/A;N/A;N/A;N/A;N/A;N/A;N/A;N/A;N/A;N/A;N/A;N/A;N/A;N/A;N/A;N/A;N/A;N/A;N/A;N/A;N/A;N/A;N/A;N/A;N/A;N/A;No;N/A;N/A;Sí;N/A;Sí;Sí;N/A;N/A;N/A;N/A;N/A;N/A;N/A;N/A;N/A;N/A;3;1.4;Nafta;Manual;Sedán;"Autos y camionetas";N/A;N/A;N/A;N/A;N/A;N/A;N/A;N/A;N/A;N/A;N/A;N/A;N/A;N/A;N/A;N/A;N/A;N/A;N/A;N/A;N/A;N/A;N/A;N/A;N/A;N/A;N/A;N/A;N/A;N/A;N/A;N/A;N/A;N/A;N/A;N/A;N/A;N/A;N/A;N/A;N/A;N/A;N/A;N/A;N/A;N/A;N/A;N/A;N/A;N/A;N/A;N/A;N/A;N/A;N/A;N/A;N/A;N/A;N/A;N/A;N/A;N/A;N/A;N/A;N/A;N/A;N/A;N/A;N/A;N/A;N/A;N/A;N/A;N/A;N/A;N/A;N/A;N/A;N/A;N/A;N/A;N/A;N/A;N/A;N/A;N/A;N/A;N/A;N/A;N/A;N/A;N/A;N/A;N/A;N/A;N/A;Sí;Sí;N/A;N/A;N/A;N/A;N/A;N/A;N/A;N/A;N/A;N/A;Sí;N/A;N/A;N/A;N/A;N/A;Sí;Sí;Sí;Sí;N/A;N/A;N/A;Sí
Hyundai;H1;"HYUNDAI H1 STARIA FURGÓN DIESEL";2024;"0 km";;LEASINGCARSRL;42900;;;;;"San Jacinto";https://auto.mercadolibre.com.uy/MLU-693400032-hyundai-h-1-furgon-turbo-2024-0km-_JM;N/A;;"Hyundai H-1 Furgón Turbo 2024 0km";usd;Sí;gold;false;N/A;N/A;http://perfil.mercadolibre.com.uy/LEASINGCARSRL;active;N/A;N/A;Nuevo;Blanco;N/A;Hidráulica;N/A;Sí;Sí;Sí;N/A;N/A;N/A;N/A;N/A;N/A;N/A;N/A;N/A;Sí;N/A;N/A;N/A;N/A;N/A;N/A;N/A;N/A;N/A;N/A;N/A;N/A;N/A;"2200 cc";N/A;6;N/A;N/A;N/A;N/A;Sí;N/A;N/A;N/A;N/A;N/A;N/A;N/A;N/A;N/A;N/A;N/A;N/A;N/A;N/A;N/A;N/A;N/A;N/A;N/A;N/A;N/A;N/A;N/A;N/A;N/A;N/A;N/A;N/A;N/A;N/A;N/A;N/A;N/A;N/A;N/A;N/A;N/A;N/A;N/A;N/A;N/A;N/A;N/A;N/A;N/A;N/A;N/A;"175 hp";N/A;N/A;N/A;N/A;N/A;N/A;N/A;N/A;N/A;N/A;N/A;N/A;N/A;N/A;N/A;N/A;N/A;N/A;N/A;N/A;N/A;"Lunes a Viernes de 9 a 18 hs. - Sábados de 9 a 13 hs.";5;2.2;Diésel;Manual;Furgón;"Autos y camionetas";No;N/A;N/A;N/A;No;N/A;UY;No;Sí;No;No;N/A;N/A;N/A;N/A;N/A;N/A;N/A;N/A;N/A;N/A;N/A;N/A;N/A;N/A;N/A;N/A;N/A;N/A;N/A;N/A;N/A;N/A;N/A;N/A;N/A;N/A;N/A;N/A;N/A;N/A;N/A;N/A;Sí;N/A;N/A;N/A;N/A;N/A;N/A;N/A;N/A;N/A;N/A;N/A;N/A;N/A;N/A;N/A;N/A;N/A;Sí;No;N/A;N/A;N/A;N/A;N/A;N/A;N/A;N/A;N/A;N/A;N/A;N/A;N/A;N/A;N/A;N/A;N/A;N/A;N/A;N/A;N/A;N/A;N/A;N/A;N/A;N/A;N/A;N/A;N/A;N/A;N/A;N/A;N/A;N/A;N/A;N/A;Sí;Sí;N/A;N/A;N/A;N/A;Sí;N/A;N/A;N/A;N/A;Sí;Sí;N/A;N/A;N/A;Sí;Sí;N/A;N/A;Sí;N/A;Sí
Hyundai;Tucson;"2.0 Gl 6at 2wd";2012;"120000 km";;DUNICARSADUNICARSA;17800;;;;;"Jacinto Vera";https://auto.mercadolibre.com.uy/MLU-704524556-hyundai-tucson-20-gl-6at-2wd-_JM;N/A;;"Hyundai Tucson 2.0 Gl 6at 2wd";usd;Sí;gold;false;N/A;N/A;http://perfil.mercadolibre.com.uy/DUNICARSADUNICARSA;active;N/A;N/A;Usado;Blanco;N/A;Hidráulica;4x2;Sí;Sí;Sí;N/A;N/A;N/A;N/A;N/A;Sí;N/A;N/A;N/A;Sí;N/A;N/A;N/A;N/A;N/A;N/A;N/A;N/A;N/A;N/A;N/A;N/A;"2630 mm";"2 L";"58 L";6;N/A;N/A;N/A;N/A;N/A;N/A;N/A;N/A;N/A;N/A;N/A;N/A;N/A;N/A;N/A;N/A;N/A;N/A;N/A;N/A;N/A;N/A;N/A;N/A;N/A;N/A;N/A;N/A;N/A;N/A;N/A;Sí;N/A;N/A;N/A;N/A;N/A;N/A;N/A;N/A;N/A;Sí;N/A;N/A;N/A;"1655 mm";"4410 mm";N/A;N/A;N/A;N/A;5;"166 hp";Gl;N/A;4;"1830 mm";"10.4 km/l";N/A;N/A;N/A;N/A;N/A;Sí;Sí;N/A;Sí;Sí;"6.4 km/l";N/A;N/A;N/A;N/A;Sí;N/A;5;2.0;Nafta;Automática;SUV;"Autos y camionetas";N/A;N/A;N/A;N/A;N/A;N/A;UY;N/A;Sí;N/A;N/A;N/A;N/A;N/A;N/A;N/A;N/A;N/A;N/A;N/A;N/A;N/A;N/A;N/A;N/A;N/A;N/A;N/A;N/A;N/A;N/A;N/A;N/A;N/A;N/A;N/A;N/A;N/A;N/A;N/A;N/A;N/A;N/A;N/A;N/A;N/A;N/A;N/A;N/A;N/A;N/A;N/A;N/A;N/A;N/A;N/A;N/A;N/A;N/A;N/A;N/A;N/A;N/A;N/A;N/A;N/A;N/A;N/A;N/A;N/A;N/A;N/A;N/A;N/A;N/A;N/A;N/A;N/A;N/A;N/A;N/A;N/A;N/A;N/A;N/A;N/A;N/A;N/A;N/A;N/A;N/A;N/A;N/A;N/A;N/A;N/A;Sí;Sí;Sí;N/A;N/A;N/A;N/A;N/A;N/A;Sí;N/A;Sí;Sí;Sí;N/A;N/A;Sí;Sí;Sí;Sí;N/A;N/A;N/A;N/A;N/A;Sí
Hyundai;HB20;Comfort;2024;"0 km";;LEASINGCARSRL;16990;;;;;"San Jacinto";https://auto.mercadolibre.com.uy/MLU-644693009-hyundai-hb20-comfort-2024-0km-_JM;N/A;;"Hyundai Hb20 Comfort 2024 0km";USD;Sí;gold;false;N/A;N/A;http://perfil.mercadolibre.com.uy/LEASINGCARSRL;active;N/A;N/A;Nuevo;Rojo;N/A;Eléctrica;N/A;Sí;N/A;N/A;N/A;N/A;N/A;N/A;N/A;N/A;N/A;N/A;N/A;Sí;N/A;N/A;N/A;N/A;N/A;N/A;N/A;N/A;N/A;N/A;N/A;N/A;N/A;"1000 cc";N/A;N/A;N/A;N/A;Sí;Sí;Sí;N/A;N/A;N/A;N/A;N/A;N/A;N/A;N/A;N/A;N/A;N/A;N/A;N/A;N/A;N/A;N/A;N/A;N/A;Sí;N/A;N/A;N/A;Sí;N/A;N/A;N/A;N/A;N/A;N/A;N/A;N/A;N/A;N/A;N/A;N/A;N/A;N/A;N/A;N/A;N/A;N/A;N/A;N/A;N/A;N/A;N/A;N/A;N/A;Comfort;N/A;N/A;N/A;N/A;N/A;N/A;N/A;Sí;N/A;N/A;Sí;N/A;N/A;N/A;N/A;N/A;N/A;N/A;N/A;N/A;"Lunes a Viernes de 9 a 18 hs. - Sábados de 9 a 13 hs.";5;1.0;Nafta;Manual;Hatchback;"Autos y camionetas";No;N/A;N/A;N/A;No;N/A;N/A;No;Sí;No;No;N/A;N/A;N/A;N/A;N/A;N/A;N/A;N/A;N/A;N/A;N/A;N/A;N/A;N/A;N/A;N/A;N/A;N/A;N/A;N/A;N/A;N/A;N/A;N/A;N/A;N/A;N/A;N/A;N/A;N/A;N/A;N/A;Sí;N/A;N/A;N/A;N/A;N/A;N/A;N/A;N/A;N/A;N/A;N/A;N/A;N/A;N/A;N/A;N/A;N/A;Sí;No;N/A;N/A;N/A;N/A;N/A;N/A;N/A;N/A;N/A;N/A;N/A;N/A;N/A;N/A;N/A;N/A;N/A;N/A;N/A;N/A;N/A;N/A;N/A;N/A;N/A;N/A;N/A;N/A;N/A;N/A;N/A;N/A;N/A;Sí;N/A;N/A;Sí;Sí;N/A;N/A;N/A;N/A;Sí;N/A;N/A;N/A;N/A;Sí;Sí;Sí;N/A;Sí;N/A;Sí;N/A;N/A;Sí;N/A;N/A
Hyundai;HB20;"1.6 Comfort 5p";2020;"46000 km";;SHOPCDV;15000;;;;;Centro;https://auto.mercadolibre.com.uy/MLU-704743364-hyundai-hb20-16-comfort-5p-_JM;N/A;;"Hyundai Hb20 1.6 Comfort 5p";usd;Sí;gold;false;N/A;N/A;http://perfil.mercadolibre.com.uy/SHOPCDV;active;N/A;N/A;Usado;Blanco;Sí;Hidráulica;Delantera;Sí;Sí;Sí;N/A;N/A;Sí;N/A;N/A;N/A;N/A;N/A;No;Sí;N/A;Sí;N/A;N/A;N/A;N/A;N/A;N/A;N/A;N/A;N/A;N/A;"2500 mm";"1.6 L";"50 L";6;N/A;N/A;N/A;N/A;N/A;Sí;N/A;N/A;N/A;N/A;N/A;N/A;N/A;N/A;N/A;N/A;N/A;N/A;N/A;N/A;N/A;N/A;N/A;N/A;N/A;N/A;N/A;N/A;N/A;N/A;N/A;N/A;N/A;Sí;Sí;N/A;N/A;N/A;N/A;N/A;N/A;N/A;N/A;N/A;N/A;"1470 mm";"3920 mm";N/A;N/A;N/A;N/A;5;"123 hp";Comfort;N/A;4;"1680 mm";N/A;No;N/A;Sí;Sí;N/A;Sí;Sí;Sí;N/A;N/A;"13.8 km/l";Sí;N/A;N/A;N/A;N/A;N/A;5;1.6;Nafta;Manual;Hatchback;"Autos y camionetas";N/A;N/A;N/A;N/A;N/A;N/A;UY;N/A;N/A;N/A;N/A;N/A;N/A;N/A;N/A;N/A;N/A;N/A;N/A;N/A;N/A;N/A;N/A;N/A;No;N/A;N/A;N/A;N/A;N/A;N/A;N/A;N/A;N/A;N/A;N/A;N/A;N/A;N/A;N/A;N/A;N/A;N/A;N/A;N/A;N/A;N/A;N/A;N/A;N/A;N/A;N/A;N/A;N/A;N/A;N/A;N/A;N/A;N/A;N/A;N/A;N/A;N/A;N/A;N/A;N/A;N/A;N/A;N/A;N/A;N/A;N/A;N/A;N/A;N/A;N/A;N/A;N/A;N/A;N/A;N/A;N/A;N/A;N/A;N/A;N/A;N/A;N/A;N/A;N/A;N/A;N/A;N/A;N/A;N/A;No;Sí;No;N/A;N/A;Sí;N/A;N/A;N/A;N/A;Sí;No;No;Sí;N/A;N/A;Sí;Sí;Sí;N/A;N/A;Sí;N/A;N/A;Sí;N/A;Sí
Hyundai;Tucson;2.0;2011;"189000 km";;FERRARODA382008;14000;;;;;"El Tesoro";https://auto.mercadolibre.com.uy/MLU-647404639-vendo-hyundai-tucson-2011-_JM;N/A;;"Vendo Hyundai Tucson , 2011";USD;Sí;gold;false;N/A;N/A;http://perfil.mercadolibre.com.uy/FERRARODA382008;active;N/A;N/A;Usado;Plateado;No;Asistida;4x2;Sí;Sí;N/A;N/A;N/A;N/A;N/A;N/A;No;N/A;N/A;N/A;Sí;N/A;No;N/A;N/A;N/A;N/A;N/A;N/A;N/A;N/A;N/A;N/A;N/A;N/A;N/A;N/A;N/A;N/A;N/A;N/A;N/A;Sí;N/A;N/A;N/A;N/A;N/A;N/A;N/A;N/A;N/A;N/A;N/A;N/A;N/A;N/A;N/A;N/A;N/A;N/A;N/A;N/A;N/A;N/A;N/A;No;N/A;N/A;N/A;N/A;N/A;N/A;N/A;N/A;N/A;N/A;N/A;N/A;N/A;N/A;N/A;N/A;N/A;N/A;N/A;N/A;N/A;N/A;N/A;N/A;N/A;N/A;N/A;N/A;No;N/A;No;Sí;N/A;Sí;No;N/A;No;N/A;N/A;N/A;Sí;N/A;N/A;Sí;N/A;5;2.0;Nafta;Manual;SUV;"Autos y camionetas";N/A;N/A;N/A;N/A;N/A;N/A;N/A;N/A;Sí;N/A;N/A;N/A;N/A;N/A;N/A;N/A;N/A;N/A;N/A;N/A;N/A;N/A;N/A;N/A;No;N/A;N/A;N/A;N/A;N/A;N/A;N/A;N/A;N/A;N/A;N/A;N/A;N/A;N/A;N/A;N/A;N/A;N/A;N/A;N/A;N/A;N/A;N/A;N/A;N/A;N/A;N/A;N/A;N/A;N/A;N/A;N/A;N/A;N/A;N/A;N/A;N/A;N/A;N/A;N/A;N/A;N/A;N/A;N/A;N/A;N/A;N/A;N/A;N/A;N/A;N/A;N/A;N/A;N/A;N/A;N/A;N/A;N/A;N/A;N/A;N/A;N/A;N/A;N/A;N/A;N/A;N/A;N/A;N/A;N/A;No;N/A;N/A;Sí;N/A;N/A;N/A;N/A;N/A;N/A;N/A;N/A;Sí;Sí;N/A;N/A;Sí;Sí;Sí;Sí;Sí;No;Sí;No;Sí;N/A;Sí
Hyundai;HB20;"1.6 Comfort Plus 5p";2019;"118000 km";;"RICHARD ALVARE";13490;;;;;Maldonado;https://auto.mercadolibre.com.uy/MLU-645857551-hyundai-hb20-2019-16-comfort-plus-5p-_JM;N/A;;"Hyundai Hb20 2019 1.6 Comfort Plus 5p";usd;Sí;gold;false;N/A;N/A;http://perfil.mercadolibre.com.uy/RICHARD+ALVARE;active;N/A;N/A;Usado;N/A;N/A;Hidráulica;Delantera;Sí;N/A;Sí;N/A;N/A;N/A;N/A;N/A;N/A;N/A;N/A;N/A;N/A;N/A;N/A;N/A;N/A;N/A;N/A;N/A;N/A;N/A;N/A;N/A;N/A;"2500 mm";"1.6 L";"50 L";6;N/A;N/A;N/A;N/A;N/A;N/A;N/A;N/A;N/A;N/A;N/A;N/A;N/A;N/A;N/A;N/A;N/A;N/A;N/A;N/A;N/A;N/A;N/A;N/A;N/A;N/A;N/A;N/A;N/A;N/A;N/A;N/A;N/A;Sí;Sí;N/A;N/A;N/A;N/A;N/A;N/A;N/A;N/A;N/A;N/A;"1470 mm";"3920 mm";N/A;N/A;N/A;N/A;5;"122 hp";"Comfort Plus";N/A;4;"1680 mm";N/A;N/A;N/A;N/A;Sí;N/A;N/A;Sí;Sí;N/A;N/A;"13.8 km/l";N/A;N/A;N/A;N/A;N/A;N/A;5;1.6;Nafta;Manual;Hatchback;"Autos y camionetas";N/A;N/A;N/A;N/A;N/A;N/A;UY;N/A;N/A;N/A;N/A;N/A;N/A;N/A;N/A;N/A;N/A;N/A;N/A;N/A;N/A;N/A;N/A;N/A;N/A;N/A;N/A;N/A;N/A;N/A;N/A;N/A;N/A;N/A;N/A;N/A;N/A;N/A;N/A;N/A;N/A;N/A;N/A;N/A;N/A;N/A;N/A;N/A;N/A;N/A;N/A;N/A;N/A;N/A;N/A;N/A;N/A;N/A;N/A;N/A;N/A;N/A;N/A;N/A;N/A;N/A;N/A;N/A;N/A;N/A;N/A;N/A;N/A;N/A;N/A;N/A;N/A;N/A;N/A;N/A;N/A;N/A;N/A;N/A;N/A;N/A;N/A;N/A;N/A;N/A;N/A;N/A;N/A;N/A;N/A;N/A;N/A;N/A;N/A;N/A;N/A;N/A;N/A;N/A;N/A;N/A;N/A;N/A;N/A;N/A;N/A;N/A;Sí;N/A;N/A;N/A;Sí;N/A;N/A;Sí;N/A;Sí
Hyundai;i10;"1.1 Gls Mt";2013;"130000 km";;JORGE.TUB.AUTOMOTORES;8800;;;;;"Jacinto Vera";https://auto.mercadolibre.com.uy/MLU-693631040-hyundai-i10-2013-muy-bueno-_JM;N/A;;"Hyundai I10 2013 Muy Bueno";usd;Sí;gold;false;N/A;N/A;http://perfil.mercadolibre.com.uy/JORGE.TUB.AUTOMOTORES;active;N/A;N/A;Usado;Blanco;N/A;N/A;Delantera;N/A;N/A;N/A;N/A;N/A;N/A;N/A;N/A;N/A;N/A;N/A;N/A;N/A;N/A;N/A;N/A;N/A;N/A;N/A;N/A;N/A;N/A;N/A;N/A;N/A;"2380 mm";"1.1 L";"35 L";5;N/A;N/A;N/A;N/A;N/A;N/A;N/A;N/A;N/A;N/A;N/A;N/A;N/A;N/A;N/A;N/A;N/A;N/A;N/A;N/A;N/A;N/A;N/A;N/A;N/A;N/A;N/A;N/A;N/A;N/A;N/A;N/A;N/A;N/A;N/A;N/A;N/A;N/A;N/A;N/A;N/A;N/A;N/A;N/A;N/A;"1550 mm";"3585 mm";N/A;N/A;N/A;N/A;5;"69 hp";Gls;N/A;4;"1595 mm";N/A;N/A;N/A;N/A;N/A;N/A;N/A;N/A;N/A;N/A;N/A;N/A;N/A;N/A;N/A;N/A;N/A;N/A;5;1.1;Nafta;Manual;Hatchback;"Autos y camionetas";N/A;N/A;N/A;N/A;N/A;N/A;UY;N/A;N/A;N/A;N/A;N/A;N/A;N/A;N/A;N/A;N/A;N/A;N/A;N/A;N/A;N/A;N/A;N/A;N/A;N/A;N/A;N/A;N/A;N/A;N/A;N/A;N/A;N/A;N/A;N/A;N/A;N/A;N/A;N/A;N/A;N/A;N/A;N/A;N/A;N/A;N/A;N/A;N/A;N/A;N/A;N/A;N/A;N/A;N/A;N/A;N/A;N/A;N/A;N/A;N/A;N/A;N/A;N/A;N/A;N/A;N/A;N/A;N/A;N/A;N/A;N/A;N/A;N/A;N/A;N/A;N/A;N/A;N/A;N/A;N/A;N/A;N/A;N/A;N/A;N/A;N/A;N/A;N/A;N/A;N/A;N/A;N/A;N/A;N/A;N/A;N/A;N/A;N/A;N/A;N/A;N/A;N/A;N/A;N/A;N/A;N/A;N/A;N/A;N/A;N/A;N/A;N/A;N/A;N/A;N/A;N/A;N/A;N/A;N/A;N/A;N/A
Hyundai;Accent;"1.6 Gl Full";2015;"600000 km";;NAN_MDS;7000;;;;;Lagomar;https://auto.mercadolibre.com.uy/MLU-702032266-hyundai-accent-16-gl-full-_JM;N/A;;"Hyundai Accent 1.6 Gl Full";USD;Sí;gold;false;N/A;N/A;http://perfil.mercadolibre.com.uy/NAN_MDS;active;N/A;N/A;Usado;N/A;N/A;N/A;N/A;N/A;N/A;N/A;N/A;N/A;N/A;N/A;N/A;N/A;N/A;N/A;N/A;N/A;N/A;N/A;N/A;N/A;N/A;N/A;N/A;N/A;N/A;N/A;N/A;N/A;N/A;N/A;N/A;N/A;N/A;N/A;N/A;N/A;N/A;N/A;N/A;N/A;N/A;N/A;N/A;N/A;N/A;N/A;N/A;N/A;N/A;N/A;N/A;N/A;N/A;N/A;N/A;N/A;N/A;N/A;N/A;N/A;N/A;N/A;N/A;N/A;N/A;N/A;N/A;N/A;N/A;N/A;N/A;N/A;N/A;N/A;N/A;N/A;N/A;N/A;N/A;N/A;N/A;N/A;N/A;N/A;N/A;N/A;N/A;N/A;N/A;N/A;N/A;N/A;N/A;N/A;N/A;N/A;N/A;N/A;N/A;N/A;N/A;N/A;N/A;N/A;N/A;N/A;N/A;5;N/A;Diésel;N/A;N/A;"Autos y camionetas";N/A;N/A;N/A;N/A;N/A;N/A;N/A;N/A;N/A;N/A;N/A;N/A;N/A;N/A;N/A;N/A;N/A;N/A;N/A;N/A;N/A;N/A;N/A;N/A;N/A;N/A;N/A;N/A;N/A;N/A;N/A;N/A;N/A;N/A;N/A;N/A;N/A;N/A;N/A;N/A;N/A;N/A;N/A;N/A;N/A;N/A;N/A;N/A;N/A;N/A;N/A;N/A;N/A;N/A;N/A;N/A;N/A;N/A;N/A;N/A;N/A;N/A;N/A;N/A;N/A;N/A;N/A;N/A;N/A;N/A;N/A;N/A;N/A;N/A;N/A;N/A;N/A;N/A;N/A;N/A;N/A;N/A;N/A;N/A;N/A;N/A;N/A;N/A;N/A;N/A;N/A;N/A;N/A;N/A;N/A;N/A;N/A;N/A;N/A;N/A;N/A;N/A;N/A;N/A;N/A;N/A;N/A;N/A;N/A;N/A;N/A;N/A;N/A;N/A;N/A;N/A;N/A;N/A;N/A;N/A;N/A;N/A
Hyundai;HB20;-;2022;"0 km";;LEASINGCARSRL;22990;;;;;"San Jacinto";https://auto.mercadolibre.com.uy/MLU-644680091-hyundai-hb20-2022-0km-_JM;N/A;;"Hyundai Hb20 2022 0km";USD;Sí;gold;false;N/A;N/A;http://perfil.mercadolibre.com.uy/LEASINGCARSRL;active;N/A;N/A;Nuevo;Blanco;N/A;Hidráulica;N/A;Sí;N/A;N/A;N/A;N/A;N/A;N/A;Sí;N/A;N/A;Sí;Sí;Sí;N/A;N/A;N/A;N/A;N/A;N/A;N/A;N/A;N/A;N/A;N/A;N/A;N/A;"1600 cc";N/A;5;N/A;N/A;Sí;Sí;Sí;N/A;N/A;N/A;N/A;N/A;N/A;N/A;N/A;N/A;N/A;N/A;N/A;N/A;N/A;N/A;N/A;N/A;N/A;Sí;N/A;N/A;N/A;Sí;N/A;N/A;N/A;N/A;N/A;N/A;N/A;N/A;N/A;N/A;N/A;N/A;N/A;N/A;N/A;N/A;N/A;N/A;N/A;N/A;N/A;N/A;N/A;N/A;N/A;N/A;N/A;N/A;N/A;N/A;N/A;N/A;N/A;N/A;N/A;Sí;N/A;N/A;N/A;N/A;N/A;N/A;N/A;N/A;N/A;N/A;"Lunes a Viernes de 9 a 18 hs. - Sábados de 9 a 13 hs.";5;1.6;Nafta;Manual;Hatchback;"Autos y camionetas";No;N/A;N/A;N/A;No;N/A;N/A;No;Sí;No;No;N/A;N/A;N/A;N/A;N/A;N/A;N/A;N/A;N/A;N/A;N/A;N/A;N/A;N/A;N/A;N/A;N/A;N/A;N/A;N/A;N/A;N/A;N/A;N/A;N/A;N/A;N/A;N/A;N/A;N/A;N/A;N/A;Sí;N/A;N/A;N/A;N/A;N/A;N/A;N/A;N/A;N/A;N/A;N/A;N/A;N/A;N/A;N/A;N/A;N/A;Sí;No;N/A;N/A;N/A;N/A;N/A;N/A;N/A;N/A;N/A;N/A;N/A;N/A;N/A;N/A;N/A;N/A;N/A;N/A;N/A;N/A;N/A;N/A;N/A;N/A;N/A;N/A;N/A;N/A;N/A;N/A;N/A;N/A;N/A;N/A;Sí;Sí;N/A;Sí;N/A;N/A;N/A;Sí;Sí;N/A;N/A;N/A;N/A;Sí;Sí;N/A;N/A;Sí;Sí;Sí;N/A;N/A;Sí;Sí;Sí
Hyundai;H1;"H1 STARIA Furgón Nafta";2024;"0 km";;LEASINGCARSRL;40900;;;;;"San Jacinto";https://auto.mercadolibre.com.uy/MLU-693412974-hyundai-h1-staria-furgon-2024-0km-_JM;N/A;;"Hyundai H1 Staria Furgón 2024 0km";USD;Sí;gold;false;N/A;N/A;http://perfil.mercadolibre.com.uy/LEASINGCARSRL;active;N/A;N/A;Nuevo;Blanco;N/A;Hidráulica;N/A;Sí;Sí;Sí;N/A;N/A;N/A;N/A;N/A;N/A;N/A;N/A;N/A;Sí;N/A;N/A;N/A;N/A;N/A;N/A;N/A;N/A;N/A;N/A;N/A;N/A;N/A;"3500 cc";N/A;8;N/A;N/A;N/A;N/A;Sí;N/A;N/A;N/A;N/A;N/A;N/A;N/A;N/A;N/A;N/A;N/A;N/A;N/A;N/A;N/A;N/A;N/A;N/A;N/A;N/A;N/A;N/A;N/A;N/A;N/A;N/A;N/A;N/A;N/A;N/A;N/A;N/A;N/A;N/A;N/A;N/A;N/A;N/A;N/A;N/A;N/A;N/A;N/A;N/A;N/A;N/A;N/A;N/A;N/A;N/A;N/A;N/A;N/A;N/A;N/A;N/A;N/A;N/A;N/A;N/A;N/A;N/A;N/A;N/A;N/A;N/A;N/A;N/A;N/A;"Lunes a Viernes de 9 a 18 hs. - Sábados de 9 a 13 hs.";5;3.5;Nafta;Automática;Furgón;"Autos y camionetas";No;N/A;N/A;N/A;No;N/A;N/A;No;Sí;No;No;N/A;N/A;N/A;N/A;N/A;N/A;N/A;N/A;N/A;N/A;N/A;N/A;N/A;N/A;N/A;N/A;N/A;N/A;N/A;N/A;N/A;N/A;N/A;N/A;N/A;N/A;N/A;N/A;N/A;N/A;N/A;N/A;Sí;N/A;N/A;N/A;N/A;N/A;N/A;N/A;N/A;N/A;N/A;N/A;N/A;N/A;N/A;N/A;N/A;N/A;Sí;No;N/A;N/A;N/A;N/A;N/A;N/A;N/A;N/A;N/A;N/A;N/A;N/A;N/A;N/A;N/A;N/A;N/A;N/A;N/A;N/A;N/A;N/A;N/A;N/A;N/A;N/A;N/A;N/A;N/A;N/A;N/A;N/A;N/A;N/A;N/A;N/A;Sí;Sí;N/A;N/A;N/A;N/A;Sí;N/A;N/A;N/A;N/A;Sí;Sí;N/A;N/A;N/A;Sí;Sí;N/A;N/A;Sí;N/A;Sí
Hyundai;Tucson;"2.0 GL 2WD MT";2010;"195000 km";;ARTUROMERELLO;13000;;;;;"La Comercial";https://auto.mercadolibre.com.uy/MLU-703041948-tucson-2010-muy-buen-estado-_JM;N/A;;"Tucson 2010 Muy Buen Estado";usd;Sí;gold;false;N/A;N/A;http://perfil.mercadolibre.com.uy/ARTUROMERELLO;active;N/A;N/A;Usado;Negro;N/A;Hidráulica;4x2;Sí;N/A;Sí;N/A;N/A;N/A;N/A;N/A;N/A;N/A;N/A;N/A;N/A;N/A;N/A;N/A;N/A;N/A;N/A;N/A;N/A;N/A;N/A;N/A;N/A;"2630 mm";"2 L";"58 L";5;N/A;N/A;N/A;N/A;N/A;N/A;N/A;N/A;N/A;N/A;N/A;N/A;N/A;N/A;N/A;N/A;N/A;N/A;N/A;N/A;N/A;N/A;N/A;N/A;N/A;N/A;N/A;N/A;N/A;N/A;N/A;Sí;N/A;N/A;N/A;N/A;N/A;N/A;N/A;N/A;N/A;Sí;N/A;N/A;N/A;"1655 mm";"4410 mm";N/A;N/A;N/A;N/A;5;"166 hp";Gl;N/A;4;"1830 mm";"9.8 km/l";No;N/A;N/A;N/A;N/A;Sí;N/A;N/A;N/A;Sí;"6.1 km/l";N/A;N/A;N/A;N/A;N/A;"el que gusten";5;2.0;Nafta;Manual;SUV;"Autos y camionetas";N/A;N/A;N/A;N/A;N/A;N/A;UY;N/A;N/A;N/A;N/A;N/A;N/A;N/A;N/A;N/A;N/A;N/A;N/A;N/A;N/A;N/A;N/A;N/A;N/A;N/A;N/A;N/A;N/A;N/A;N/A;N/A;N/A;N/A;N/A;N/A;N/A;N/A;N/A;N/A;N/A;N/A;N/A;N/A;N/A;N/A;N/A;N/A;N/A;N/A;N/A;N/A;N/A;N/A;N/A;N/A;N/A;N/A;N/A;N/A;N/A;N/A;N/A;N/A;N/A;N/A;N/A;N/A;N/A;N/A;N/A;N/A;N/A;N/A;N/A;N/A;N/A;N/A;N/A;N/A;N/A;N/A;N/A;N/A;N/A;N/A;N/A;N/A;N/A;N/A;N/A;N/A;N/A;N/A;N/A;N/A;Sí;N/A;Sí;N/A;N/A;N/A;N/A;N/A;N/A;N/A;N/A;N/A;N/A;Sí;N/A;N/A;N/A;N/A;N/A;N/A;N/A;N/A;N/A;N/A;N/A;N/A
Hyundai;H100;"2.5 Truck Dlx Porter";1998;"500000 km";;CARLO292011;200000;;;;;"Villa Biarritz";https://auto.mercadolibre.com.uy/MLU-704191654-hyundai-h100-25-truck-dlx-porter-_JM;N/A;;"Hyundai H100 2.5 Truck Dlx Porter";usd;No;gold;false;N/A;N/A;http://perfil.mercadolibre.com.uy/CARLO292011;active;N/A;N/A;Usado;Gris;N/A;Hidráulica;4x2;N/A;N/A;N/A;N/A;N/A;N/A;N/A;N/A;N/A;N/A;N/A;N/A;N/A;N/A;N/A;N/A;N/A;N/A;N/A;N/A;N/A;N/A;N/A;N/A;N/A;"2640 mm";"2.5 L";"65 L";6;N/A;N/A;N/A;N/A;N/A;N/A;N/A;N/A;N/A;N/A;N/A;N/A;N/A;N/A;N/A;N/A;N/A;N/A;N/A;N/A;N/A;N/A;N/A;N/A;N/A;N/A;N/A;N/A;N/A;N/A;N/A;N/A;N/A;N/A;N/A;N/A;N/A;N/A;N/A;N/A;N/A;N/A;N/A;N/A;N/A;"1965 mm";"4795 mm";N/A;N/A;N/A;N/A;3;"73 hp";Dlx;N/A;2;"1740 mm";N/A;N/A;N/A;N/A;N/A;N/A;N/A;N/A;N/A;N/A;N/A;N/A;N/A;N/A;N/A;N/A;N/A;N/A;2;2.5;Diésel;Manual;Pick-Up;"Autos y camionetas";N/A;N/A;N/A;N/A;N/A;N/A;UY;N/A;N/A;N/A;N/A;N/A;N/A;N/A;N/A;N/A;N/A;N/A;N/A;N/A;N/A;N/A;N/A;N/A;N/A;N/A;N/A;N/A;N/A;N/A;N/A;N/A;N/A;N/A;N/A;N/A;N/A;N/A;N/A;N/A;N/A;N/A;N/A;N/A;N/A;N/A;N/A;N/A;N/A;N/A;N/A;N/A;N/A;N/A;N/A;N/A;N/A;N/A;N/A;N/A;N/A;N/A;N/A;N/A;N/A;N/A;N/A;N/A;N/A;N/A;N/A;N/A;N/A;N/A;N/A;N/A;N/A;N/A;N/A;N/A;N/A;N/A;N/A;N/A;N/A;N/A;N/A;N/A;N/A;N/A;N/A;N/A;N/A;N/A;N/A;N/A;Sí;N/A;N/A;N/A;N/A;N/A;N/A;N/A;N/A;N/A;N/A;N/A;N/A;N/A;N/A;N/A;N/A;N/A;N/A;N/A;N/A;N/A;N/A;N/A;N/A;N/A
Hyundai;HB20;"1.0 Comfort";2025;"0 km";;LEASINGCARSRL;16990;;;;;"San Jacinto";https://auto.mercadolibre.com.uy/MLU-693125850-hyundai-hb20-10-comfort-2025-0km-_JM;N/A;;"Hyundai Hb20 1.0 Comfort 2025 0km";USD;Sí;gold;false;N/A;N/A;http://perfil.mercadolibre.com.uy/LEASINGCARSRL;active;N/A;N/A;Nuevo;Plateado;N/A;Hidráulica;N/A;Sí;N/A;N/A;N/A;N/A;N/A;Sí;Sí;N/A;N/A;N/A;N/A;Sí;N/A;N/A;N/A;N/A;N/A;N/A;N/A;N/A;N/A;N/A;N/A;N/A;N/A;"1000 cc";N/A;5;N/A;N/A;Sí;Sí;Sí;N/A;N/A;N/A;N/A;N/A;N/A;N/A;N/A;N/A;N/A;N/A;N/A;N/A;N/A;N/A;N/A;N/A;N/A;N/A;N/A;Sí;N/A;N/A;N/A;N/A;N/A;N/A;N/A;N/A;N/A;N/A;Sí;N/A;N/A;N/A;N/A;N/A;N/A;N/A;N/A;N/A;N/A;N/A;N/A;N/A;N/A;N/A;N/A;Comfort;N/A;N/A;N/A;N/A;N/A;N/A;N/A;N/A;Sí;Sí;Sí;Sí;N/A;N/A;N/A;N/A;N/A;N/A;N/A;Sí;"Lunes a Viernes de 9 a 18 hs. - Sábados de 9 a 13 hs.";5;1.0;Nafta;Manual;Hatchback;"Autos y camionetas";No;N/A;N/A;N/A;No;N/A;N/A;No;Sí;No;No;N/A;N/A;N/A;N/A;N/A;N/A;N/A;N/A;N/A;N/A;N/A;N/A;N/A;N/A;N/A;N/A;N/A;N/A;N/A;N/A;N/A;N/A;N/A;N/A;N/A;N/A;N/A;N/A;N/A;N/A;N/A;N/A;Sí;N/A;N/A;N/A;N/A;N/A;N/A;N/A;N/A;N/A;N/A;N/A;N/A;N/A;N/A;N/A;N/A;N/A;Sí;No;N/A;N/A;N/A;N/A;N/A;N/A;N/A;N/A;N/A;N/A;N/A;N/A;N/A;N/A;N/A;N/A;N/A;N/A;N/A;N/A;N/A;N/A;N/A;N/A;N/A;N/A;N/A;N/A;N/A;N/A;N/A;N/A;N/A;Sí;N/A;N/A;N/A;Sí;N/A;N/A;N/A;N/A;Sí;N/A;N/A;N/A;N/A;N/A;Sí;Sí;N/A;Sí;Sí;Sí;N/A;N/A;N/A;N/A;Sí
Hyundai;HB20;Premium;2025;"0 km";;LEASINGCARSRL;23990;;;;;"San Jacinto";https://auto.mercadolibre.com.uy/MLU-644654679-hyundai-hb20-premium-2025-0km-_JM;N/A;;"Hyundai Hb20 Premium 2025 0km";USD;Sí;gold;false;N/A;N/A;http://perfil.mercadolibre.com.uy/LEASINGCARSRL;active;N/A;N/A;Nuevo;Blanco;No;Hidráulica;N/A;Sí;Sí;Sí;N/A;N/A;N/A;Sí;Sí;N/A;N/A;N/A;N/A;Sí;N/A;Sí;N/A;N/A;N/A;N/A;N/A;N/A;N/A;N/A;N/A;N/A;N/A;"1600 cc";N/A;6;N/A;N/A;N/A;N/A;N/A;N/A;N/A;N/A;N/A;N/A;N/A;N/A;N/A;N/A;N/A;N/A;N/A;N/A;N/A;N/A;N/A;N/A;N/A;Sí;N/A;Sí;N/A;N/A;N/A;N/A;N/A;N/A;N/A;N/A;N/A;N/A;N/A;N/A;N/A;N/A;N/A;N/A;N/A;N/A;N/A;N/A;N/A;N/A;N/A;N/A;N/A;N/A;"123 hp";Premium;N/A;N/A;N/A;N/A;N/A;N/A;N/A;N/A;N/A;Sí;Sí;Sí;N/A;N/A;N/A;N/A;N/A;N/A;N/A;N/A;"Lunes a Viernes de 9 a 18 hs. - Sábados de 9 a 13 hs.";4;1.6;Nafta;Manual;Sedán;"Autos y camionetas";No;No;No;N/A;No;No;N/A;No;Sí;No;No;No;No;No;No;No;No;No;No;No;No;N/A;No;No;N/A;No;No;No;No;No;No;No;N/A;No;No;N/A;No;No;No;No;No;No;No;Sí;No;No;No;No;No;No;No;No;No;N/A;No;No;No;N/A;N/A;No;No;Sí;No;N/A;N/A;No;No;No;No;No;N/A;No;No;No;No;No;No;No;No;No;No;No;N/A;No;No;No;No;No;No;No;No;N/A;N/A;No;No;N/A;Sí;Sí;N/A;N/A;Sí;N/A;N/A;N/A;Sí;Sí;N/A;N/A;N/A;N/A;Sí;Sí;N/A;N/A;Sí;N/A;N/A;Sí;N/A;Sí;N/A;N/A
Hyundai;Creta;"1.0 T-Gdi Safe At";2023;"10700 km";;ELLINDODUR;28800;;;;;Durazno;https://auto.mercadolibre.com.uy/MLU-703080708-hyundai-creta-10-t-gdi-safe-at-_JM;N/A;;"Hyundai Creta 1.0 T-gdi Safe At";usd;Sí;gold;false;N/A;N/A;http://perfil.mercadolibre.com.uy/ELLINDODUR;active;N/A;N/A;Usado;Gris;Sí;Asistida;4x2;N/A;N/A;N/A;N/A;N/A;N/A;N/A;N/A;N/A;N/A;N/A;N/A;N/A;N/A;N/A;N/A;N/A;N/A;N/A;N/A;N/A;N/A;N/A;N/A;N/A;"2610 mm";"1 L";"50 L";6;N/A;N/A;N/A;N/A;N/A;N/A;N/A;N/A;N/A;N/A;N/A;N/A;N/A;N/A;N/A;N/A;N/A;N/A;N/A;N/A;N/A;N/A;N/A;N/A;N/A;N/A;N/A;N/A;N/A;N/A;N/A;N/A;N/A;N/A;N/A;N/A;N/A;N/A;N/A;N/A;N/A;N/A;N/A;N/A;N/A;"1635 mm";"4290 mm";N/A;N/A;N/A;N/A;5;"120 hp";Safe;N/A;4;"1790 mm";N/A;N/A;N/A;N/A;N/A;N/A;N/A;N/A;N/A;N/A;N/A;N/A;N/A;N/A;N/A;N/A;N/A;N/A;5;1.0;Nafta;Automática;SUV;"Autos y camionetas";N/A;N/A;N/A;N/A;N/A;N/A;UY;N/A;N/A;N/A;N/A;N/A;N/A;N/A;N/A;N/A;N/A;N/A;N/A;N/A;N/A;N/A;N/A;N/A;N/A;N/A;N/A;N/A;N/A;N/A;N/A;N/A;N/A;N/A;N/A;N/A;N/A;N/A;N/A;N/A;N/A;N/A;N/A;N/A;N/A;N/A;N/A;N/A;N/A;N/A;N/A;N/A;N/A;N/A;N/A;N/A;N/A;N/A;N/A;N/A;N/A;N/A;N/A;N/A;N/A;N/A;N/A;N/A;N/A;N/A;N/A;N/A;N/A;N/A;N/A;N/A;N/A;N/A;N/A;N/A;N/A;N/A;N/A;N/A;N/A;N/A;N/A;N/A;N/A;N/A;N/A;N/A;N/A;N/A;N/A;N/A;N/A;N/A;N/A;N/A;N/A;N/A;N/A;N/A;N/A;N/A;N/A;N/A;N/A;N/A;N/A;N/A;N/A;N/A;N/A;N/A;N/A;N/A;N/A;N/A;N/A;N/A
Hyundai;H1;"2.5 tdi g.starex";2004;"111111 km";;CR20241113095950;16000;;;;;N/A;https://auto.mercadolibre.com.uy/MLU-703077980-camioneta-h1-motor-recien-ajustado-sin-aire-acondicionado-_JM;N/A;;"Camioneta H1, Motor Recien Ajustado, Sin Aire Acondicionado";usd;No;gold;false;N/A;N/A;http://perfil.mercadolibre.com.uy/CR20241113095950;active;N/A;N/A;Usado;Blanco;N/A;Hidráulica;Trasera;Sí;N/A;N/A;N/A;N/A;N/A;N/A;N/A;N/A;N/A;N/A;N/A;N/A;N/A;N/A;N/A;N/A;N/A;N/A;N/A;N/A;N/A;N/A;N/A;N/A;"3201 mm";"2.5 L";"75 L";5;N/A;N/A;N/A;N/A;N/A;N/A;N/A;N/A;N/A;N/A;N/A;N/A;N/A;N/A;N/A;N/A;N/A;N/A;N/A;N/A;N/A;N/A;N/A;N/A;N/A;N/A;N/A;N/A;N/A;N/A;N/A;N/A;N/A;N/A;N/A;N/A;N/A;N/A;N/A;N/A;N/A;N/A;N/A;N/A;N/A;"1925 mm";"5125 mm";N/A;N/A;N/A;N/A;7;"100 hp";Hsv;N/A;4;"1920 mm";"12.3 km/l";N/A;N/A;N/A;N/A;N/A;N/A;N/A;N/A;N/A;N/A;"8.3 km/l";N/A;N/A;N/A;N/A;N/A;"8 a 20";5;2.5;Diésel;Manual;SUV;"Autos y camionetas";N/A;N/A;N/A;N/A;N/A;N/A;UY;N/A;N/A;N/A;N/A;N/A;N/A;N/A;N/A;N/A;N/A;N/A;N/A;N/A;N/A;N/A;N/A;N/A;N/A;N/A;N/A;N/A;N/A;N/A;N/A;N/A;N/A;N/A;N/A;N/A;N/A;N/A;N/A;N/A;N/A;N/A;N/A;N/A;N/A;N/A;N/A;N/A;N/A;N/A;N/A;N/A;N/A;N/A;N/A;N/A;N/A;N/A;N/A;N/A;N/A;N/A;N/A;N/A;N/A;N/A;N/A;N/A;N/A;N/A;N/A;N/A;N/A;N/A;N/A;N/A;N/A;N/A;N/A;N/A;N/A;N/A;N/A;N/A;N/A;N/A;N/A;N/A;N/A;N/A;N/A;N/A;N/A;N/A;N/A;N/A;Sí;N/A;N/A;N/A;N/A;N/A;N/A;N/A;N/A;N/A;N/A;N/A;N/A;N/A;N/A;N/A;N/A;N/A;N/A;N/A;N/A;N/A;N/A;N/A;N/A;N/A
Hyundai;HB20;"1.0 Comfort";2023;"0 km";;SRLLEASINGCAR;16990;;;;;"San Jacinto";https://auto.mercadolibre.com.uy/MLU-703683640-hyundai-hb20-10-comfort-2023-0km-_JM;N/A;;"Hyundai Hb20 1.0 Comfort 2023 0km";usd;Sí;gold;false;N/A;N/A;http://perfil.mercadolibre.com.uy/SRLLEASINGCAR;active;N/A;N/A;Nuevo;Azul;N/A;Hidráulica;N/A;Sí;N/A;N/A;N/A;N/A;N/A;Sí;Sí;N/A;N/A;N/A;N/A;Sí;N/A;N/A;N/A;N/A;N/A;N/A;N/A;N/A;N/A;N/A;N/A;N/A;N/A;"1000 cc";N/A;5;N/A;N/A;N/A;N/A;Sí;N/A;N/A;N/A;N/A;N/A;N/A;N/A;N/A;N/A;N/A;N/A;N/A;N/A;N/A;N/A;N/A;N/A;N/A;N/A;N/A;Sí;N/A;N/A;N/A;N/A;N/A;N/A;N/A;N/A;N/A;N/A;Sí;N/A;N/A;N/A;N/A;N/A;N/A;N/A;N/A;N/A;N/A;N/A;N/A;N/A;N/A;N/A;N/A;Comfort;N/A;N/A;N/A;N/A;N/A;N/A;N/A;N/A;Sí;Sí;N/A;Sí;N/A;N/A;N/A;N/A;N/A;N/A;N/A;Sí;"Lunes a Viernes de 9 a 18 hs. - Sábados de 9 a 13 hs.";5;1.0;Nafta;Manual;Hatchback;"Autos y camionetas";No;N/A;N/A;N/A;No;N/A;UY;No;Sí;No;No;N/A;N/A;N/A;N/A;N/A;N/A;N/A;N/A;N/A;N/A;N/A;N/A;N/A;N/A;N/A;N/A;N/A;N/A;N/A;N/A;N/A;N/A;N/A;N/A;N/A;N/A;N/A;N/A;N/A;N/A;N/A;N/A;Sí;N/A;N/A;N/A;N/A;N/A;N/A;N/A;N/A;N/A;N/A;N/A;N/A;N/A;N/A;N/A;N/A;N/A;Sí;No;N/A;N/A;N/A;N/A;N/A;N/A;N/A;N/A;N/A;N/A;N/A;N/A;N/A;N/A;N/A;N/A;N/A;N/A;N/A;N/A;N/A;N/A;N/A;N/A;N/A;N/A;N/A;N/A;N/A;N/A;N/A;N/A;N/A;Sí;N/A;N/A;N/A;Sí;N/A;N/A;N/A;N/A;Sí;N/A;N/A;N/A;N/A;Sí;Sí;N/A;N/A;Sí;Sí;Sí;N/A;N/A;N/A;N/A;Sí
Hyundai;HB20;premium;2025;"0 km";;LEASINGCARSRL;19990;;;;;"San Jacinto";https://auto.mercadolibre.com.uy/MLU-647417539-hyundai-hb20-premium-2025-0km-_JM;N/A;;"Hyundai Hb20 Premium 2025 0km";USD;Sí;gold;false;N/A;N/A;http://perfil.mercadolibre.com.uy/LEASINGCARSRL;active;N/A;N/A;Nuevo;Azul;N/A;Eléctrica;N/A;Sí;Sí;Sí;N/A;N/A;N/A;N/A;N/A;N/A;N/A;N/A;Sí;Sí;N/A;N/A;N/A;N/A;N/A;N/A;N/A;N/A;N/A;N/A;N/A;N/A;N/A;"1000 cc";N/A;N/A;N/A;N/A;N/A;N/A;Sí;N/A;N/A;N/A;N/A;N/A;N/A;N/A;N/A;N/A;N/A;N/A;N/A;N/A;N/A;N/A;N/A;N/A;N/A;N/A;N/A;N/A;N/A;N/A;N/A;N/A;N/A;N/A;N/A;N/A;N/A;N/A;N/A;N/A;N/A;N/A;N/A;N/A;N/A;N/A;N/A;N/A;N/A;N/A;N/A;N/A;N/A;N/A;N/A;Premium;N/A;N/A;N/A;N/A;N/A;N/A;N/A;N/A;Sí;N/A;N/A;N/A;N/A;N/A;N/A;N/A;N/A;N/A;N/A;N/A;"Lunes a Viernes de 9 a 18 hs. - Sábados de 9 a 13 hs.";4;1.0;Nafta;Manual;Hatchback;"Autos y camionetas";No;N/A;N/A;N/A;No;N/A;N/A;No;Sí;No;No;N/A;N/A;N/A;N/A;N/A;N/A;N/A;N/A;N/A;N/A;N/A;N/A;N/A;Sí;N/A;N/A;N/A;N/A;N/A;N/A;N/A;N/A;N/A;N/A;N/A;N/A;N/A;N/A;N/A;N/A;N/A;N/A;Sí;N/A;N/A;N/A;N/A;N/A;N/A;N/A;N/A;N/A;N/A;N/A;N/A;N/A;N/A;N/A;N/A;N/A;Sí;No;N/A;N/A;N/A;N/A;N/A;N/A;N/A;N/A;N/A;N/A;N/A;N/A;N/A;N/A;N/A;N/A;N/A;N/A;N/A;N/A;N/A;N/A;N/A;N/A;N/A;N/A;N/A;N/A;N/A;Sí;N/A;N/A;N/A;Sí;Sí;N/A;Sí;Sí;N/A;N/A;N/A;N/A;Sí;N/A;N/A;N/A;N/A;Sí;Sí;Sí;N/A;Sí;N/A;N/A;N/A;N/A;N/A;N/A;N/A
Hyundai;HB20;"1.0 Comfort Mt";2023;"45000 km";;IGCL4882105;14500;;;;;Sauce;https://auto.mercadolibre.com.uy/MLU-702046448-hyundai-hb20-10-comfort-mt-_JM;N/A;;"Hyundai Hb20 1.0 Comfort Mt";usd;Sí;gold;false;N/A;N/A;http://perfil.mercadolibre.com.uy/IGCL4882105;active;N/A;N/A;Usado;Gris;Sí;Hidráulica;Delantera;Sí;N/A;Sí;N/A;N/A;N/A;N/A;N/A;N/A;N/A;N/A;N/A;N/A;N/A;N/A;N/A;N/A;N/A;N/A;N/A;N/A;N/A;N/A;N/A;N/A;"2500 mm";"1 L";"50 L";6;N/A;N/A;N/A;N/A;N/A;N/A;N/A;N/A;N/A;N/A;N/A;N/A;N/A;N/A;N/A;N/A;N/A;N/A;N/A;N/A;N/A;N/A;N/A;N/A;N/A;N/A;N/A;N/A;N/A;N/A;N/A;N/A;N/A;Sí;Sí;N/A;N/A;N/A;N/A;N/A;N/A;N/A;N/A;N/A;N/A;"1470 mm";"3920 mm";N/A;N/A;N/A;N/A;5;"101 hp";N/A;N/A;4;"1680 mm";N/A;N/A;N/A;N/A;Sí;N/A;Sí;Sí;Sí;N/A;N/A;"13.8 km/l";N/A;N/A;N/A;N/A;N/A;"14 a 20";5;1.0;Nafta;Manual;Hatchback;"Autos y camionetas";N/A;N/A;N/A;N/A;N/A;N/A;UY;N/A;N/A;N/A;N/A;N/A;N/A;N/A;N/A;N/A;N/A;N/A;N/A;N/A;N/A;N/A;N/A;N/A;N/A;N/A;N/A;N/A;N/A;N/A;N/A;N/A;N/A;N/A;N/A;N/A;N/A;N/A;N/A;N/A;N/A;N/A;N/A;N/A;N/A;N/A;N/A;N/A;N/A;N/A;N/A;N/A;N/A;N/A;N/A;N/A;N/A;N/A;N/A;N/A;N/A;N/A;N/A;N/A;N/A;N/A;N/A;N/A;N/A;N/A;N/A;N/A;N/A;N/A;N/A;N/A;N/A;N/A;N/A;N/A;N/A;N/A;N/A;N/A;N/A;N/A;N/A;N/A;N/A;N/A;N/A;N/A;N/A;N/A;N/A;N/A;N/A;N/A;N/A;N/A;N/A;N/A;N/A;N/A;N/A;N/A;N/A;N/A;N/A;N/A;N/A;N/A;Sí;N/A;N/A;N/A;Sí;N/A;N/A;Sí;N/A;Sí
Hyundai;"Grand i10";"1.2 Gls Seg. 87cv At";2015;"126500 km";;OLKA456514;11990;;;;;Salinas;https://auto.mercadolibre.com.uy/MLU-702482512-hyundai-grand-i10-12-gls-seg-87cv-at-_JM;N/A;;"Hyundai Grand I10 1.2 Gls Seg. 87cv At";usd;Sí;gold;false;N/A;N/A;http://perfil.mercadolibre.com.uy/OLKA456514;active;N/A;N/A;Usado;Blanco;No;Hidráulica;Delantera;Sí;N/A;Sí;N/A;N/A;N/A;N/A;N/A;Sí;N/A;N/A;N/A;Sí;N/A;N/A;N/A;N/A;N/A;N/A;N/A;N/A;N/A;N/A;N/A;N/A;"2425 mm";"1.2 L";"43 L";4;N/A;N/A;N/A;N/A;Sí;N/A;N/A;N/A;N/A;N/A;N/A;N/A;N/A;N/A;N/A;N/A;N/A;N/A;N/A;N/A;N/A;N/A;N/A;N/A;N/A;N/A;N/A;N/A;N/A;N/A;N/A;Sí;N/A;Sí;N/A;N/A;N/A;N/A;N/A;N/A;N/A;Sí;N/A;N/A;N/A;"1505 mm";"3765 mm";N/A;N/A;N/A;N/A;5;"87 hp";Gls;N/A;4;"1660 mm";N/A;N/A;N/A;N/A;Sí;N/A;N/A;N/A;N/A;N/A;N/A;N/A;N/A;N/A;N/A;N/A;N/A;N/A;5;1.2;Nafta;Automática;Hatchback;"Autos y camionetas";N/A;N/A;N/A;N/A;N/A;N/A;UY;N/A;N/A;N/A;N/A;N/A;N/A;N/A;N/A;N/A;N/A;N/A;N/A;N/A;N/A;N/A;N/A;N/A;N/A;N/A;N/A;N/A;N/A;N/A;N/A;N/A;N/A;N/A;N/A;N/A;N/A;N/A;N/A;N/A;N/A;N/A;N/A;N/A;N/A;N/A;N/A;N/A;N/A;N/A;N/A;N/A;N/A;N/A;N/A;N/A;N/A;N/A;N/A;N/A;N/A;N/A;N/A;N/A;N/A;N/A;N/A;N/A;N/A;N/A;N/A;N/A;N/A;N/A;N/A;N/A;N/A;N/A;N/A;N/A;N/A;N/A;N/A;N/A;N/A;N/A;N/A;N/A;N/A;N/A;N/A;N/A;N/A;N/A;N/A;N/A;Sí;N/A;Sí;N/A;N/A;N/A;N/A;N/A;N/A;N/A;N/A;N/A;N/A;Sí;N/A;N/A;N/A;N/A;Sí;Sí;Sí;N/A;N/A;N/A;N/A;Sí
Hyundai;Tucson;Gl;2016;"133000 km";;AEROCAR_RAMBLA;20490;;;;;"Barra de Carrasco";https://auto.mercadolibre.com.uy/MLU-704368578-hyundai-tucson-gl-20-2016-impecable-aerocar-_JM;N/A;;"Hyundai Tucson Gl 2.0 2016 Impecable! Aerocar";USD;Sí;silver;false;N/A;N/A;http://perfil.mercadolibre.com.uy/AEROCAR_RAMBLA;active;N/A;N/A;Usado;Plateado;N/A;Hidráulica;N/A;Sí;Sí;N/A;N/A;N/A;N/A;Sí;Sí;N/A;N/A;N/A;N/A;Sí;N/A;N/A;N/A;N/A;N/A;N/A;N/A;N/A;N/A;N/A;N/A;N/A;N/A;"2000 cc";N/A;6;N/A;N/A;N/A;N/A;N/A;N/A;N/A;N/A;N/A;N/A;N/A;N/A;N/A;N/A;N/A;N/A;N/A;N/A;N/A;N/A;N/A;N/A;N/A;Sí;N/A;Sí;N/A;N/A;N/A;N/A;N/A;N/A;N/A;N/A;N/A;N/A;N/A;N/A;N/A;N/A;N/A;N/A;N/A;N/A;N/A;N/A;N/A;N/A;N/A;N/A;N/A;N/A;N/A;Gl;N/A;N/A;N/A;N/A;N/A;N/A;N/A;Sí;N/A;Sí;Sí;Sí;N/A;N/A;N/A;N/A;N/A;N/A;N/A;Sí;"Lun. a Vie. de 9 a 19 hs. Sáb. de 10 a 14 hs.";5;2.0;Nafta;Manual;SUV;"Autos y camionetas";No;N/A;N/A;N/A;No;N/A;N/A;No;Sí;No;No;N/A;N/A;N/A;N/A;N/A;N/A;N/A;N/A;N/A;N/A;N/A;N/A;N/A;N/A;N/A;N/A;N/A;N/A;N/A;N/A;N/A;N/A;N/A;N/A;N/A;N/A;N/A;N/A;N/A;N/A;N/A;N/A;N/A;N/A;N/A;N/A;N/A;N/A;N/A;N/A;N/A;N/A;N/A;N/A;N/A;N/A;N/A;N/A;N/A;N/A;N/A;No;N/A;N/A;N/A;N/A;N/A;N/A;N/A;N/A;N/A;N/A;N/A;N/A;N/A;N/A;N/A;N/A;N/A;N/A;N/A;N/A;N/A;N/A;N/A;N/A;N/A;N/A;N/A;N/A;N/A;N/A;N/A;N/A;N/A;Sí;Sí;Sí;N/A;Sí;N/A;N/A;N/A;Sí;Sí;N/A;N/A;N/A;N/A;N/A;N/A;Sí;N/A;Sí;Sí;Sí;N/A;N/A;N/A;N/A;Sí
Hyundai;Ioniq;-;2019;"92500 km";;VKSA2018;13450;;;;;Malvin;https://auto.mercadolibre.com.uy/MLU-703092028-hyundai-ioniq-16-2019-excelente-estado-_JM;N/A;;"Hyundai Ioniq 1.6 2019 Excelente Estado";usd;Sí;silver;false;N/A;N/A;http://perfil.mercadolibre.com.uy/VKSA2018;active;N/A;N/A;Usado;Plateado;N/A;Eléctrica;N/A;Sí;Sí;Sí;N/A;N/A;N/A;Sí;Sí;Sí;N/A;N/A;N/A;Sí;N/A;Sí;N/A;N/A;N/A;N/A;N/A;N/A;N/A;N/A;N/A;N/A;N/A;"1600 cc";N/A;N/A;N/A;N/A;N/A;N/A;Sí;N/A;N/A;N/A;N/A;N/A;N/A;N/A;N/A;N/A;N/A;N/A;N/A;N/A;N/A;N/A;N/A;N/A;N/A;Sí;N/A;Sí;N/A;N/A;N/A;N/A;N/A;N/A;N/A;N/A;N/A;N/A;Sí;N/A;N/A;N/A;N/A;N/A;Sí;N/A;N/A;N/A;N/A;N/A;N/A;N/A;N/A;N/A;N/A;N/A;N/A;N/A;N/A;N/A;N/A;N/A;N/A;Sí;N/A;Sí;Sí;Sí;N/A;N/A;N/A;N/A;N/A;N/A;N/A;N/A;"Lun. a Vie. de 10 a 17 hs. Sábados cerrado.";5;1.6;Híbrido;Automática;Sedán;"Autos y camionetas";No;N/A;N/A;N/A;No;N/A;UY;No;Sí;No;No;N/A;N/A;N/A;N/A;N/A;N/A;N/A;N/A;N/A;N/A;N/A;N/A;N/A;N/A;N/A;N/A;N/A;N/A;N/A;N/A;N/A;N/A;N/A;N/A;N/A;N/A;N/A;N/A;N/A;N/A;N/A;N/A;N/A;N/A;N/A;N/A;N/A;N/A;N/A;N/A;N/A;N/A;N/A;N/A;N/A;N/A;N/A;N/A;N/A;N/A;Sí;No;N/A;N/A;N/A;N/A;N/A;N/A;N/A;N/A;N/A;N/A;N/A;N/A;N/A;N/A;N/A;N/A;N/A;N/A;N/A;N/A;N/A;N/A;N/A;N/A;N/A;N/A;N/A;N/A;N/A;N/A;N/A;N/A;N/A;Sí;Sí;Sí;Sí;Sí;Sí;N/A;N/A;Sí;Sí;N/A;N/A;N/A;N/A;Sí;Sí;Sí;N/A;Sí;N/A;Sí;N/A;N/A;N/A;N/A;N/A
Hyundai;HB20;"1.6 Comfort Plus 5p";2017;"195000 km";;"LOPEZ MOTORS";12900;;;;;"Las Piedras";https://auto.mercadolibre.com.uy/MLU-647120925-hyundai-hb20-comfort-plus-_JM;N/A;;"Hyundai Hb20 Comfort Plus";usd;Sí;silver;false;N/A;N/A;http://perfil.mercadolibre.com.uy/LOPEZ+MOTORS;active;N/A;N/A;Usado;Azul;Sí;Hidráulica;Delantera;Sí;Sí;Sí;N/A;N/A;No;N/A;N/A;No;N/A;N/A;No;Sí;N/A;Sí;N/A;N/A;N/A;N/A;N/A;N/A;N/A;N/A;N/A;N/A;"2500 mm";"1.6 L";"50 L";6;N/A;N/A;N/A;N/A;N/A;No;N/A;N/A;N/A;N/A;N/A;N/A;N/A;N/A;N/A;N/A;N/A;N/A;N/A;N/A;N/A;N/A;N/A;N/A;N/A;N/A;N/A;N/A;N/A;No;N/A;N/A;N/A;Sí;Sí;N/A;N/A;N/A;N/A;N/A;N/A;N/A;N/A;N/A;N/A;"1470 mm";"3920 mm";N/A;N/A;N/A;N/A;5;"122 hp";"Comfort Plus";N/A;4;"1680 mm";N/A;No;N/A;No;Sí;N/A;Sí;Sí;Sí;No;N/A;"13.8 km/l";No;No;N/A;N/A;Sí;"De lunes a viernes de las 8:00 hs a 12:00 hs y de las 14:00 hs hasta las 18:00 hs...";5;1.6;Nafta;Manual;Hatchback;"Autos y camionetas";No;N/A;N/A;N/A;No;N/A;UY;N/A;Sí;N/A;No;N/A;N/A;N/A;N/A;N/A;N/A;N/A;N/A;N/A;N/A;N/A;N/A;N/A;No;N/A;N/A;N/A;N/A;N/A;N/A;N/A;N/A;N/A;N/A;N/A;N/A;N/A;N/A;N/A;N/A;N/A;N/A;No;N/A;N/A;N/A;N/A;N/A;N/A;N/A;N/A;N/A;N/A;N/A;N/A;N/A;N/A;N/A;N/A;N/A;No;No;N/A;N/A;N/A;N/A;N/A;N/A;N/A;N/A;N/A;N/A;N/A;N/A;N/A;N/A;N/A;N/A;N/A;N/A;N/A;N/A;N/A;N/A;N/A;N/A;N/A;N/A;N/A;N/A;N/A;N/A;N/A;N/A;No;Sí;Sí;No;N/A;Sí;N/A;N/A;N/A;N/A;Sí;No;Sí;Sí;N/A;N/A;No;Sí;Sí;Sí;Sí;Sí;Sí;No;Sí;N/A;Sí
Hyundai;HB20;premium;2022;"53000 km";;AEROCAR2023;16990;;;;;Malvin;https://auto.mercadolibre.com.uy/MLU-702237500-hyundai-hb20-premium-10-2022-impecable-aerocar-_JM;N/A;;"Hyundai Hb20 Premium 1.0 2022 Impecable! Aerocar";usd;Sí;silver;false;N/A;N/A;http://perfil.mercadolibre.com.uy/AEROCAR2023;active;N/A;N/A;Usado;Blanco;N/A;Eléctrica;N/A;Sí;Sí;Sí;N/A;Sí;N/A;Sí;Sí;N/A;Sí;Sí;Sí;Sí;N/A;Sí;N/A;N/A;N/A;N/A;N/A;N/A;N/A;N/A;N/A;N/A;N/A;"1000 cc";N/A;N/A;N/A;N/A;N/A;N/A;N/A;Sí;Sí;N/A;N/A;N/A;N/A;N/A;N/A;N/A;N/A;N/A;N/A;N/A;N/A;N/A;N/A;N/A;N/A;Sí;N/A;N/A;N/A;Sí;N/A;N/A;N/A;N/A;N/A;N/A;N/A;N/A;Sí;N/A;N/A;N/A;N/A;N/A;N/A;N/A;N/A;N/A;N/A;N/A;N/A;N/A;N/A;N/A;N/A;Premium;N/A;N/A;N/A;"18 km/l";N/A;N/A;Sí;Sí;N/A;Sí;N/A;Sí;N/A;N/A;"22 km/l";N/A;N/A;N/A;N/A;N/A;"Lun. a Vie. de 9 a 19 hs. Sáb. de 10 a 14 hs.";5;1.0;Nafta;Manual;Hatchback;"Autos y camionetas";No;N/A;N/A;N/A;No;N/A;UY;No;Sí;No;No;N/A;N/A;N/A;N/A;N/A;N/A;N/A;N/A;N/A;N/A;N/A;N/A;N/A;N/A;N/A;N/A;N/A;N/A;N/A;N/A;N/A;N/A;N/A;N/A;N/A;N/A;N/A;N/A;N/A;N/A;N/A;N/A;N/A;N/A;N/A;N/A;N/A;N/A;N/A;N/A;N/A;N/A;N/A;N/A;N/A;N/A;N/A;N/A;N/A;N/A;N/A;No;N/A;N/A;N/A;N/A;N/A;N/A;N/A;N/A;N/A;N/A;N/A;N/A;N/A;N/A;N/A;N/A;N/A;N/A;N/A;N/A;N/A;N/A;N/A;N/A;N/A;N/A;N/A;N/A;N/A;N/A;N/A;N/A;N/A;Sí;N/A;Sí;N/A;Sí;N/A;Sí;N/A;Sí;Sí;Sí;Sí;N/A;N/A;N/A;Sí;Sí;N/A;Sí;Sí;Sí;N/A;N/A;N/A;N/A;Sí
Hyundai;Accent;"Sedan 125 1.4 GL Full MT";2012;"120000 km";;AMAYAPUNTA;11900;;;;;"Punta del Este";https://auto.mercadolibre.com.uy/MLU-697836034-hyundai-accent-sedan-125-14-gl-full-mt-_JM;N/A;;"Hyundai Accent Sedan 125 1.4 Gl Full Mt";USD;Sí;silver;false;N/A;N/A;http://perfil.mercadolibre.com.uy/AMAYAPUNTA;active;N/A;N/A;Usado;Celeste;Sí;Hidráulica;Delantera;Sí;Sí;N/A;N/A;N/A;N/A;N/A;N/A;N/A;N/A;N/A;N/A;Sí;N/A;N/A;N/A;N/A;N/A;N/A;N/A;N/A;N/A;N/A;N/A;N/A;N/A;N/A;N/A;N/A;N/A;N/A;N/A;N/A;N/A;N/A;N/A;N/A;N/A;N/A;N/A;N/A;N/A;N/A;N/A;N/A;N/A;N/A;N/A;N/A;N/A;N/A;N/A;N/A;N/A;N/A;N/A;N/A;N/A;N/A;N/A;N/A;N/A;N/A;N/A;N/A;N/A;N/A;N/A;N/A;N/A;N/A;N/A;N/A;N/A;N/A;N/A;N/A;N/A;N/A;N/A;N/A;N/A;N/A;N/A;N/A;N/A;N/A;N/A;N/A;N/A;Sí;N/A;Sí;Sí;N/A;N/A;N/A;N/A;N/A;N/A;N/A;N/A;N/A;"De lunes a viernes de 10:00 a 19:00, sábados de 10:00 a 14:00.";4;1400cc;Nafta;Manual;Sedán;"Autos y camionetas";N/A;N/A;N/A;N/A;N/A;N/A;N/A;N/A;Sí;N/A;N/A;N/A;N/A;N/A;N/A;N/A;N/A;N/A;N/A;N/A;N/A;N/A;N/A;N/A;N/A;N/A;N/A;N/A;N/A;N/A;N/A;N/A;N/A;N/A;N/A;N/A;N/A;N/A;N/A;N/A;N/A;N/A;N/A;N/A;N/A;N/A;N/A;N/A;N/A;N/A;N/A;N/A;N/A;N/A;N/A;N/A;N/A;N/A;N/A;N/A;N/A;N/A;N/A;N/A;N/A;N/A;N/A;N/A;N/A;N/A;N/A;N/A;N/A;N/A;N/A;N/A;N/A;N/A;N/A;N/A;N/A;N/A;N/A;N/A;N/A;N/A;N/A;N/A;N/A;N/A;N/A;N/A;N/A;N/A;N/A;N/A;Sí;Sí;Sí;N/A;N/A;N/A;N/A;N/A;N/A;N/A;N/A;Sí;Sí;N/A;N/A;N/A;N/A;Sí;Sí;Sí;N/A;N/A;N/A;Sí;N/A;Sí
Hyundai;Tucson;-;2020;"75000 km";;INTERAUTO2024;27990;;;;;"Paso de Carrasco";https://auto.mercadolibre.com.uy/MLU-696906736-hyundai-tucson-20-2020-impecable-interauto-_JM;N/A;;"Hyundai Tucson 2.0 2020 Impecable! Interauto";usd;Sí;silver;false;N/A;N/A;http://perfil.mercadolibre.com.uy/INTERAUTO2024;active;N/A;N/A;Usado;Bordó;N/A;Hidráulica;N/A;Sí;Sí;Sí;N/A;N/A;N/A;Sí;Sí;N/A;N/A;Sí;Sí;Sí;N/A;Sí;N/A;N/A;N/A;N/A;N/A;N/A;N/A;N/A;N/A;N/A;N/A;"2000 cc";N/A;N/A;N/A;N/A;N/A;N/A;Sí;N/A;Sí;N/A;N/A;N/A;N/A;N/A;N/A;N/A;N/A;N/A;N/A;N/A;N/A;N/A;N/A;N/A;N/A;Sí;N/A;Sí;N/A;Sí;N/A;N/A;N/A;N/A;N/A;N/A;N/A;N/A;Sí;N/A;N/A;N/A;N/A;N/A;Sí;N/A;N/A;N/A;N/A;N/A;N/A;N/A;N/A;N/A;N/A;N/A;N/A;N/A;N/A;N/A;N/A;N/A;N/A;Sí;Sí;Sí;Sí;Sí;N/A;Sí;N/A;N/A;N/A;N/A;N/A;N/A;"Lunes a Domingo de 9 a 18:30 hs";5;2.0;Nafta;Automática;SUV;"Autos y camionetas";No;N/A;N/A;N/A;No;N/A;UY;No;Sí;No;No;N/A;N/A;N/A;N/A;N/A;N/A;N/A;N/A;N/A;N/A;N/A;N/A;N/A;N/A;N/A;N/A;N/A;N/A;N/A;N/A;N/A;N/A;N/A;N/A;N/A;N/A;N/A;N/A;N/A;N/A;N/A;N/A;N/A;N/A;N/A;N/A;N/A;N/A;N/A;N/A;N/A;N/A;N/A;N/A;N/A;N/A;N/A;N/A;N/A;N/A;N/A;No;N/A;N/A;N/A;N/A;N/A;N/A;N/A;N/A;N/A;N/A;N/A;N/A;N/A;N/A;N/A;N/A;N/A;N/A;N/A;N/A;N/A;N/A;N/A;N/A;N/A;N/A;N/A;N/A;N/A;N/A;N/A;N/A;N/A;Sí;Sí;Sí;Sí;Sí;Sí;Sí;N/A;Sí;Sí;N/A;Sí;N/A;N/A;Sí;Sí;Sí;N/A;Sí;Sí;Sí;N/A;Sí;Sí;Sí;Sí
Hyundai;Ioniq;Hibrido;2018;"133800 km";;HOMERO_DE_LEÓN;23490;;;;;Aguada;https://auto.mercadolibre.com.uy/MLU-696118032-hyundai-ioniq-hibrido-16-2018-impecable-_JM;N/A;;"Hyundai Ioniq Hibrido 1.6 2018 Impecable!";usd;Sí;silver;false;N/A;N/A;http://perfil.mercadolibre.com.uy/HOMERO_DE_LE%C3%93N;active;N/A;N/A;Usado;Blanco;Sí;Eléctrica;N/A;Sí;Sí;Sí;N/A;N/A;N/A;Sí;Sí;N/A;Sí;N/A;Sí;Sí;N/A;Sí;N/A;N/A;N/A;N/A;N/A;N/A;N/A;N/A;N/A;N/A;N/A;"1600 cc";N/A;6;N/A;N/A;N/A;N/A;Sí;Sí;Sí;N/A;N/A;N/A;N/A;N/A;N/A;N/A;N/A;N/A;N/A;N/A;N/A;N/A;N/A;N/A;N/A;Sí;N/A;Sí;N/A;Sí;N/A;N/A;N/A;N/A;N/A;N/A;N/A;N/A;N/A;N/A;N/A;N/A;N/A;N/A;Sí;N/A;N/A;N/A;N/A;N/A;N/A;N/A;N/A;N/A;"141 hp";N/A;N/A;N/A;N/A;"20 km/l";N/A;N/A;Sí;Sí;Sí;Sí;Sí;Sí;N/A;N/A;"25 km/l";N/A;N/A;N/A;N/A;N/A;"Lun. a Vie. de 10 a 18 hs. Sáb. de 9 a 13 hs.";5;1.6;Híbrido;"Automática secuencial";Hatchback;"Autos y camionetas";No;N/A;N/A;N/A;No;N/A;UY;No;Sí;No;No;N/A;N/A;N/A;N/A;N/A;N/A;N/A;N/A;N/A;N/A;N/A;N/A;N/A;N/A;N/A;N/A;N/A;N/A;N/A;N/A;N/A;N/A;N/A;N/A;N/A;N/A;N/A;N/A;N/A;N/A;N/A;N/A;N/A;N/A;N/A;N/A;N/A;N/A;N/A;N/A;N/A;N/A;N/A;N/A;N/A;N/A;N/A;N/A;N/A;N/A;N/A;No;N/A;N/A;N/A;N/A;N/A;N/A;N/A;N/A;N/A;N/A;N/A;N/A;N/A;N/A;N/A;N/A;N/A;N/A;N/A;N/A;N/A;N/A;N/A;N/A;N/A;N/A;N/A;N/A;N/A;N/A;N/A;N/A;N/A;Sí;Sí;Sí;Sí;Sí;Sí;N/A;N/A;Sí;Sí;N/A;N/A;N/A;N/A;Sí;Sí;Sí;N/A;Sí;Sí;Sí;N/A;N/A;N/A;N/A;Sí
Hyundai;HB20;"1.0 Premium";2022;"42500 km";;AEROCAR2023;16990;;;;;Malvin;https://auto.mercadolibre.com.uy/MLU-695633126-hyundai-hb20-10-premium-10-2022-impecable-aerocar-_JM;N/A;;"Hyundai Hb20 1.0 Premium 1.0 2022 Impecable! Aerocar";usd;Sí;silver;false;N/A;N/A;http://perfil.mercadolibre.com.uy/AEROCAR2023;active;N/A;N/A;Usado;Plateado;Sí;Eléctrica;N/A;Sí;Sí;Sí;N/A;Sí;N/A;Sí;N/A;N/A;N/A;N/A;N/A;Sí;N/A;N/A;N/A;N/A;N/A;N/A;N/A;N/A;N/A;N/A;N/A;N/A;N/A;"1000 cc";N/A;6;N/A;N/A;Sí;Sí;N/A;N/A;N/A;N/A;N/A;N/A;N/A;N/A;N/A;N/A;N/A;N/A;N/A;N/A;N/A;N/A;N/A;N/A;N/A;N/A;N/A;Sí;N/A;N/A;N/A;N/A;N/A;N/A;N/A;N/A;N/A;N/A;N/A;N/A;N/A;N/A;N/A;N/A;N/A;N/A;N/A;N/A;N/A;N/A;N/A;N/A;N/A;N/A;"78 hp";Premium;N/A;N/A;N/A;"17 km/l";N/A;N/A;N/A;Sí;N/A;Sí;Sí;Sí;N/A;N/A;"20 km/l";N/A;N/A;N/A;N/A;N/A;"Lun. a Vie. de 9 a 19 hs. Sáb. y Dom. de 10 a 18 hs.";5;1.0;Nafta;Manual;Hatchback;"Autos y camionetas";No;N/A;N/A;N/A;No;N/A;UY;No;Sí;No;No;N/A;N/A;N/A;N/A;N/A;N/A;N/A;N/A;N/A;N/A;N/A;N/A;N/A;N/A;N/A;N/A;N/A;N/A;N/A;N/A;N/A;N/A;N/A;N/A;N/A;N/A;N/A;N/A;N/A;N/A;N/A;N/A;N/A;N/A;N/A;N/A;N/A;N/A;N/A;N/A;N/A;N/A;N/A;N/A;N/A;N/A;N/A;N/A;N/A;N/A;N/A;No;N/A;N/A;N/A;N/A;N/A;N/A;N/A;N/A;N/A;N/A;N/A;N/A;N/A;N/A;N/A;N/A;N/A;N/A;N/A;N/A;N/A;N/A;N/A;N/A;N/A;N/A;N/A;N/A;N/A;N/A;N/A;N/A;N/A;Sí;N/A;Sí;N/A;Sí;N/A;Sí;N/A;Sí;Sí;N/A;N/A;N/A;N/A;Sí;N/A;Sí;N/A;N/A;Sí;Sí;N/A;N/A;N/A;N/A;Sí
Hyundai;HB20S;"CONFORT PLUS";2018;"136500 km";;AEROCAR2013;13990;;;;;Carrasco;https://auto.mercadolibre.com.uy/MLU-694172524-hyundai-hb20s-confort-plus-16-2018-impecable-interauto-_JM;N/A;;"Hyundai Hb20s Confort Plus 1.6 2018 Impecable! Interauto";usd;Sí;silver;false;N/A;N/A;http://perfil.mercadolibre.com.uy/AEROCAR2013;active;N/A;N/A;Usado;Dorado;N/A;Hidráulica;Delantera;Sí;Sí;Sí;N/A;N/A;N/A;Sí;N/A;N/A;N/A;Sí;N/A;Sí;N/A;Sí;N/A;N/A;N/A;N/A;N/A;N/A;N/A;N/A;N/A;N/A;N/A;"1600 cc";N/A;5;N/A;N/A;N/A;N/A;N/A;N/A;N/A;N/A;N/A;N/A;N/A;N/A;N/A;N/A;N/A;N/A;N/A;N/A;N/A;N/A;N/A;N/A;N/A;Sí;N/A;N/A;N/A;N/A;N/A;N/A;N/A;N/A;N/A;N/A;N/A;N/A;N/A;N/A;N/A;N/A;N/A;N/A;N/A;N/A;N/A;N/A;N/A;N/A;N/A;N/A;N/A;N/A;N/A;N/A;N/A;N/A;N/A;"14 km/l";N/A;N/A;N/A;Sí;N/A;Sí;Sí;N/A;N/A;Sí;"16 km/l";N/A;N/A;N/A;N/A;N/A;"Lunes a Domingo de 9 a 18:30 hs";4;1.6;Nafta;Manual;Sedán;"Autos y camionetas";No;N/A;N/A;N/A;No;N/A;UY;No;Sí;No;No;N/A;N/A;N/A;N/A;N/A;N/A;N/A;N/A;N/A;N/A;N/A;N/A;N/A;Sí;N/A;N/A;N/A;N/A;N/A;N/A;N/A;N/A;N/A;N/A;N/A;N/A;N/A;N/A;N/A;N/A;N/A;N/A;N/A;N/A;N/A;N/A;N/A;N/A;N/A;N/A;N/A;N/A;N/A;N/A;N/A;N/A;N/A;N/A;N/A;N/A;N/A;No;N/A;N/A;N/A;N/A;N/A;N/A;N/A;N/A;N/A;N/A;N/A;N/A;N/A;N/A;N/A;N/A;N/A;N/A;N/A;N/A;N/A;N/A;N/A;N/A;N/A;N/A;N/A;N/A;N/A;Sí;N/A;N/A;N/A;Sí;N/A;Sí;N/A;Sí;N/A;Sí;N/A;N/A;Sí;N/A;N/A;N/A;N/A;N/A;N/A;Sí;N/A;Sí;Sí;Sí;N/A;N/A;Sí;N/A;Sí
Hyundai;HB20;Premium;2023;"13000 km";;CLAUDIOS-MOTORS;18990;;;;;"San Jacinto";https://auto.mercadolibre.com.uy/MLU-692570400-hyundai-hb20-premium-16-2023-impecable-claudios-motors-_JM;N/A;;"Hyundai Hb20 Premium 1.6 2023 Impecable! - Claudio's Motors";usd;Sí;silver;false;N/A;N/A;http://perfil.mercadolibre.com.uy/CLAUDIOS-MOTORS;active;N/A;N/A;Usado;Blanco;Sí;Hidráulica;N/A;Sí;Sí;Sí;N/A;N/A;N/A;Sí;Sí;N/A;N/A;Sí;N/A;Sí;N/A;N/A;N/A;N/A;N/A;N/A;N/A;N/A;N/A;N/A;N/A;N/A;N/A;"1600 cc";N/A;6;N/A;N/A;Sí;Sí;Sí;Sí;N/A;N/A;N/A;N/A;N/A;N/A;N/A;N/A;N/A;N/A;N/A;N/A;N/A;N/A;N/A;N/A;N/A;Sí;N/A;Sí;N/A;Sí;N/A;N/A;N/A;N/A;N/A;N/A;N/A;N/A;N/A;N/A;N/A;N/A;N/A;N/A;N/A;N/A;N/A;N/A;N/A;N/A;N/A;N/A;N/A;N/A;"123 hp";Premium;N/A;N/A;N/A;"14 km/l";N/A;N/A;N/A;Sí;N/A;Sí;Sí;Sí;N/A;N/A;"16 km/l";N/A;N/A;N/A;N/A;Sí;"Lun. a Vie. de 9 a 13 y de 14 a 19 hs";5;1.6;Nafta;Manual;Hatchback;"Autos y camionetas";No;N/A;N/A;N/A;No;N/A;UY;No;Sí;No;No;N/A;N/A;N/A;N/A;N/A;N/A;N/A;N/A;N/A;N/A;N/A;N/A;N/A;Sí;N/A;N/A;N/A;N/A;N/A;N/A;N/A;N/A;N/A;N/A;N/A;N/A;N/A;N/A;N/A;N/A;N/A;N/A;N/A;N/A;N/A;N/A;N/A;N/A;N/A;N/A;N/A;N/A;N/A;N/A;N/A;N/A;N/A;N/A;N/A;N/A;Sí;No;N/A;N/A;N/A;N/A;N/A;N/A;N/A;N/A;N/A;N/A;N/A;N/A;N/A;N/A;N/A;N/A;N/A;N/A;N/A;N/A;N/A;N/A;N/A;N/A;N/A;N/A;N/A;N/A;N/A;Sí;N/A;N/A;N/A;Sí;Sí;Sí;N/A;Sí;Sí;Sí;N/A;Sí;Sí;N/A;N/A;N/A;N/A;Sí;Sí;Sí;N/A;Sí;Sí;Sí;N/A;N/A;N/A;N/A;Sí
Hyundai;HB20;PREMIUM;2022;"105000 km";;AEROCAR2013;15990;;;;;Carrasco;https://auto.mercadolibre.com.uy/MLU-647152375-hyundai-hb20-premium-10-2022-impecable-interauto-_JM;N/A;;"Hyundai Hb20 Premium 1.0 2022 Impecable! Interauto";usd;Sí;silver;false;N/A;N/A;http://perfil.mercadolibre.com.uy/AEROCAR2013;active;N/A;N/A;Usado;Azul;N/A;Hidráulica;N/A;Sí;Sí;Sí;N/A;N/A;N/A;N/A;Sí;N/A;N/A;Sí;Sí;Sí;N/A;Sí;N/A;N/A;N/A;N/A;N/A;N/A;N/A;N/A;N/A;N/A;N/A;"1000 cc";N/A;5;N/A;N/A;N/A;N/A;N/A;N/A;N/A;N/A;N/A;N/A;N/A;N/A;N/A;N/A;N/A;N/A;N/A;N/A;N/A;N/A;N/A;N/A;N/A;Sí;N/A;N/A;N/A;Sí;N/A;N/A;N/A;N/A;N/A;N/A;N/A;N/A;Sí;N/A;N/A;N/A;N/A;N/A;N/A;N/A;N/A;N/A;N/A;N/A;N/A;N/A;N/A;N/A;N/A;Premium;N/A;N/A;N/A;"15 km/l";N/A;N/A;N/A;Sí;Sí;Sí;Sí;Sí;N/A;N/A;"18 km/l";N/A;N/A;N/A;N/A;N/A;"Lunes a Domingo de 9 a 18:30 hs";5;1.0;Nafta;Manual;Hatchback;"Autos y camionetas";No;N/A;N/A;N/A;No;N/A;UY;No;Sí;No;No;N/A;N/A;N/A;N/A;N/A;N/A;N/A;N/A;N/A;N/A;N/A;N/A;N/A;N/A;N/A;N/A;N/A;N/A;N/A;N/A;N/A;N/A;N/A;N/A;N/A;N/A;N/A;N/A;N/A;N/A;N/A;N/A;N/A;N/A;N/A;N/A;N/A;N/A;N/A;N/A;N/A;N/A;N/A;N/A;N/A;N/A;N/A;N/A;N/A;N/A;N/A;No;N/A;N/A;N/A;N/A;N/A;N/A;N/A;N/A;N/A;N/A;N/A;N/A;N/A;N/A;N/A;N/A;N/A;N/A;N/A;N/A;N/A;N/A;N/A;N/A;N/A;N/A;N/A;N/A;N/A;N/A;N/A;N/A;N/A;Sí;Sí;Sí;N/A;Sí;N/A;N/A;N/A;Sí;Sí;N/A;Sí;N/A;N/A;N/A;N/A;N/A;N/A;Sí;Sí;Sí;N/A;N/A;Sí;Sí;Sí
Hyundai;HB20S;"COMFORT 1.0";2024;"0 km";;LAGOMARAUTOMOVILES;18990;;;;;"Ciudad de la Costa";https://auto.mercadolibre.com.uy/MLU-642522285-hyundai-hb20s-comfort-10-2024-lagomar-automoviles-_JM;N/A;;"Hyundai Hb20s Comfort 1.0 2024 - Lagomar Automóviles";USD;Sí;silver;false;N/A;N/A;http://perfil.mercadolibre.com.uy/LAGOMARAUTOMOVILES;active;N/A;N/A;Nuevo;Dorado;N/A;Eléctrica;N/A;Sí;Sí;Sí;N/A;N/A;N/A;Sí;Sí;N/A;Sí;Sí;N/A;Sí;N/A;Sí;N/A;N/A;N/A;N/A;N/A;N/A;N/A;N/A;N/A;N/A;N/A;"1000 cc";N/A;5;N/A;N/A;N/A;N/A;Sí;N/A;N/A;N/A;N/A;N/A;N/A;N/A;N/A;N/A;N/A;N/A;N/A;N/A;N/A;N/A;N/A;N/A;N/A;Sí;N/A;Sí;N/A;Sí;N/A;N/A;N/A;N/A;N/A;N/A;N/A;N/A;Sí;N/A;N/A;N/A;N/A;N/A;N/A;N/A;N/A;N/A;N/A;N/A;N/A;N/A;N/A;N/A;"80 hp";Comfort;N/A;N/A;N/A;N/A;N/A;N/A;N/A;Sí;Sí;N/A;Sí;Sí;N/A;N/A;N/A;N/A;N/A;N/A;N/A;N/A;"Lun. a Vie. 9:30 a 13 y 14 a 19 hs. Sáb. 9:30 a 13:30 hs.";4;1.0;Nafta;Manual;Sedán;"Autos y camionetas";No;N/A;N/A;N/A;No;N/A;N/A;No;Sí;No;No;N/A;N/A;N/A;N/A;N/A;N/A;N/A;N/A;N/A;N/A;N/A;N/A;N/A;N/A;N/A;N/A;N/A;N/A;N/A;N/A;N/A;N/A;N/A;N/A;N/A;N/A;N/A;N/A;N/A;N/A;N/A;N/A;Sí;N/A;N/A;N/A;N/A;N/A;N/A;N/A;N/A;N/A;N/A;N/A;N/A;N/A;N/A;N/A;N/A;N/A;Sí;No;N/A;N/A;N/A;N/A;N/A;N/A;N/A;N/A;N/A;N/A;N/A;N/A;N/A;N/A;N/A;N/A;N/A;N/A;N/A;N/A;N/A;N/A;N/A;N/A;N/A;N/A;N/A;N/A;N/A;N/A;N/A;N/A;N/A;Sí;Sí;N/A;Sí;Sí;Sí;Sí;N/A;N/A;Sí;N/A;N/A;N/A;N/A;Sí;Sí;Sí;N/A;Sí;N/A;Sí;N/A;N/A;N/A;N/A;Sí
Hyundai;HB20;"PREMIUM 1.0";2024;"0 km";;LAGOMARAUTOMOVILES;19990;;;;;"Ciudad de la Costa";https://auto.mercadolibre.com.uy/MLU-686428680-hyundai-hb20-premium-10-2024-lagomar-automoviles-_JM;N/A;;"Hyundai Hb20 Premium 1.0 2024 - Lagomar Automóviles";usd;Sí;silver;false;N/A;N/A;http://perfil.mercadolibre.com.uy/LAGOMARAUTOMOVILES;active;N/A;N/A;Nuevo;Blanco;N/A;Eléctrica;N/A;Sí;Sí;Sí;N/A;N/A;N/A;Sí;Sí;N/A;Sí;Sí;Sí;Sí;N/A;Sí;N/A;N/A;N/A;N/A;N/A;N/A;N/A;N/A;N/A;N/A;N/A;"1000 cc";N/A;5;N/A;N/A;Sí;Sí;Sí;Sí;N/A;N/A;N/A;N/A;N/A;N/A;N/A;N/A;N/A;N/A;N/A;N/A;N/A;N/A;N/A;N/A;N/A;Sí;N/A;Sí;N/A;Sí;N/A;N/A;N/A;N/A;N/A;N/A;N/A;N/A;Sí;N/A;N/A;N/A;N/A;N/A;Sí;N/A;N/A;N/A;N/A;N/A;N/A;N/A;N/A;N/A;"80 hp";Premium;N/A;N/A;N/A;N/A;N/A;N/A;N/A;Sí;Sí;Sí;Sí;Sí;N/A;N/A;N/A;N/A;N/A;N/A;N/A;Sí;"Lun. a Vie. 9:30 a 13 y 14 a 19 hs. Sáb. 9:30 a 13:30 hs.";5;1.0;Nafta;Manual;Hatchback;"Autos y camionetas";No;N/A;N/A;N/A;No;N/A;UY;No;Sí;No;No;N/A;N/A;N/A;N/A;N/A;N/A;N/A;N/A;N/A;N/A;N/A;N/A;N/A;N/A;N/A;N/A;N/A;N/A;N/A;N/A;N/A;N/A;N/A;N/A;N/A;N/A;N/A;N/A;N/A;N/A;N/A;N/A;Sí;N/A;N/A;N/A;N/A;N/A;N/A;N/A;N/A;N/A;N/A;N/A;N/A;N/A;N/A;N/A;N/A;N/A;Sí;No;N/A;N/A;N/A;N/A;N/A;N/A;N/A;N/A;N/A;N/A;N/A;N/A;N/A;N/A;N/A;N/A;N/A;N/A;N/A;N/A;N/A;N/A;N/A;N/A;N/A;N/A;N/A;N/A;N/A;N/A;N/A;N/A;N/A;Sí;Sí;Sí;Sí;Sí;Sí;Sí;N/A;N/A;Sí;N/A;N/A;N/A;N/A;Sí;Sí;Sí;N/A;Sí;N/A;Sí;N/A;N/A;N/A;N/A;Sí
Hyundai;Creta;"safe AT";2024;"0 km";;"RIVEROAUTOMOTORES TACUAREMBÓ";30990;;;;;Tacuarembó;https://auto.mercadolibre.com.uy/MLU-701442872-hyundai-creta-safe-at-10-2024-0km-_JM;N/A;;"Hyundai Creta Safe At 1.0 2024 0km";usd;Sí;silver;false;N/A;N/A;http://perfil.mercadolibre.com.uy/RIVEROAUTOMOTORES+TACUAREMB%C3%93;active;N/A;N/A;Nuevo;N/A;N/A;Eléctrica;N/A;Sí;N/A;Sí;N/A;N/A;N/A;Sí;Sí;N/A;N/A;Sí;Sí;Sí;N/A;N/A;N/A;N/A;N/A;N/A;N/A;N/A;N/A;N/A;N/A;N/A;N/A;"1000 cc";N/A;6;N/A;N/A;N/A;Sí;Sí;N/A;N/A;N/A;N/A;N/A;N/A;N/A;N/A;N/A;N/A;N/A;N/A;N/A;N/A;N/A;N/A;N/A;N/A;Sí;N/A;Sí;N/A;Sí;N/A;N/A;N/A;N/A;N/A;N/A;N/A;N/A;N/A;N/A;N/A;N/A;N/A;N/A;N/A;N/A;N/A;N/A;N/A;N/A;N/A;N/A;N/A;N/A;"120 hp";Safe;N/A;N/A;N/A;N/A;N/A;N/A;N/A;Sí;Sí;N/A;Sí;Sí;N/A;N/A;N/A;N/A;N/A;N/A;N/A;Sí;"Lun. a Vie. de 8 a 12 y de 14 a 19 hs. Sáb de 8 a 13 hs";5;1.0;Nafta;Automática;SUV;"Autos y camionetas";No;N/A;N/A;N/A;No;N/A;UY;No;Sí;No;No;N/A;N/A;N/A;N/A;N/A;N/A;N/A;N/A;N/A;N/A;N/A;N/A;N/A;Sí;N/A;N/A;N/A;N/A;N/A;N/A;N/A;N/A;N/A;N/A;N/A;N/A;N/A;N/A;N/A;N/A;N/A;N/A;Sí;N/A;N/A;N/A;N/A;N/A;N/A;N/A;N/A;N/A;N/A;N/A;N/A;N/A;N/A;N/A;N/A;N/A;Sí;No;N/A;N/A;N/A;N/A;N/A;N/A;N/A;N/A;N/A;N/A;N/A;N/A;N/A;N/A;N/A;N/A;N/A;N/A;N/A;N/A;N/A;N/A;N/A;N/A;N/A;N/A;N/A;N/A;N/A;N/A;N/A;N/A;N/A;Sí;N/A;Sí;Sí;Sí;N/A;Sí;N/A;Sí;Sí;N/A;Sí;N/A;N/A;Sí;Sí;N/A;N/A;Sí;Sí;Sí;N/A;N/A;N/A;N/A;Sí
Hyundai;HB20;"1.6.PREMIUM.EXTRAFULL/64000 KM/U/D SER. OF.";2021;"64000 km";;KORUCAR_AUTOMOVILES;17490;;;;;Unión;https://auto.mercadolibre.com.uy/MLU-647442453-hyundai-hb20-16premium2021ud-ser-ofuss-17490-_JM;N/A;;"Hyundai Hb20 1.6.premium.2021.u/d Ser. Of.uss 17490";USD;Sí;silver;false;N/A;N/A;http://perfil.mercadolibre.com.uy/KORUCAR_AUTOMOVILES;active;N/A;N/A;Usado;Rojo;Sí;Eléctrica;Delantera;Sí;Sí;Sí;N/A;N/A;N/A;Sí;N/A;N/A;Sí;N/A;Sí;Sí;N/A;Sí;N/A;N/A;N/A;N/A;N/A;N/A;N/A;N/A;N/A;N/A;N/A;"1600 cc";N/A;6;N/A;N/A;Sí;Sí;Sí;Sí;Sí;N/A;N/A;N/A;N/A;N/A;N/A;N/A;N/A;N/A;N/A;N/A;N/A;N/A;N/A;N/A;N/A;Sí;N/A;Sí;N/A;N/A;N/A;N/A;N/A;N/A;N/A;N/A;N/A;N/A;Sí;N/A;N/A;N/A;N/A;N/A;Sí;N/A;N/A;N/A;N/A;N/A;N/A;N/A;N/A;N/A;N/A;Premium;N/A;N/A;N/A;"15 km/l";N/A;N/A;Sí;Sí;N/A;Sí;Sí;N/A;N/A;Sí;"17 km/l";N/A;N/A;N/A;N/A;Sí;"Lun. a Vie. de 9 a 18 hs. Sáb. de 9 a 13 hs.";5;1.6;Nafta;Manual;Hatchback;"Autos y camionetas";No;N/A;N/A;N/A;No;N/A;N/A;No;Sí;No;No;N/A;N/A;N/A;N/A;N/A;N/A;N/A;N/A;N/A;N/A;N/A;N/A;N/A;Sí;N/A;N/A;N/A;N/A;N/A;N/A;N/A;N/A;N/A;N/A;N/A;N/A;N/A;N/A;N/A;N/A;N/A;N/A;N/A;N/A;N/A;N/A;N/A;N/A;N/A;N/A;N/A;N/A;N/A;N/A;N/A;N/A;N/A;N/A;N/A;N/A;Sí;No;N/A;N/A;N/A;N/A;N/A;N/A;N/A;N/A;N/A;N/A;N/A;N/A;N/A;N/A;N/A;N/A;N/A;N/A;N/A;N/A;N/A;N/A;N/A;N/A;N/A;N/A;N/A;N/A;N/A;Sí;N/A;N/A;N/A;Sí;Sí;Sí;Sí;Sí;Sí;Sí;N/A;Sí;Sí;Sí;Sí;N/A;N/A;Sí;Sí;Sí;N/A;Sí;Sí;N/A;N/A;N/A;N/A;N/A;Sí
Hyundai;"Kona Hybrid";"Hybrida safe";2022;"48000 km";;"AMAYAPUENTE VENTASJOSE";30900;;;;;"San José de Carrasco";https://auto.mercadolibre.com.uy/MLU-697376478-hyundai-kona-hybrid-safe-2022-unico-dueno-ficha-oficial-_JM;N/A;;"Hyundai Kona Hybrid  Safe 2022 Único Dueño Ficha Oficial";USD;Sí;silver;false;N/A;N/A;http://perfil.mercadolibre.com.uy/AMAYAPUENTE+VENTASJOSE;active;N/A;N/A;Usado;Gris;N/A;N/A;N/A;N/A;N/A;N/A;N/A;N/A;N/A;N/A;N/A;N/A;N/A;N/A;N/A;N/A;N/A;N/A;N/A;N/A;N/A;N/A;N/A;N/A;N/A;N/A;N/A;N/A;N/A;N/A;N/A;N/A;N/A;N/A;N/A;N/A;N/A;N/A;N/A;N/A;N/A;N/A;N/A;N/A;N/A;N/A;N/A;N/A;N/A;N/A;N/A;N/A;N/A;N/A;N/A;N/A;N/A;N/A;N/A;N/A;N/A;N/A;N/A;N/A;N/A;N/A;N/A;N/A;N/A;N/A;N/A;N/A;N/A;N/A;N/A;N/A;N/A;N/A;N/A;N/A;N/A;N/A;N/A;N/A;N/A;N/A;N/A;N/A;N/A;N/A;N/A;N/A;N/A;N/A;N/A;N/A;N/A;N/A;N/A;N/A;N/A;N/A;N/A;N/A;N/A;N/A;N/A;4;N/A;Híbrido;N/A;N/A;"Autos y camionetas";N/A;N/A;N/A;N/A;N/A;N/A;N/A;N/A;N/A;N/A;N/A;N/A;N/A;N/A;N/A;N/A;N/A;N/A;N/A;N/A;N/A;N/A;N/A;N/A;N/A;N/A;N/A;N/A;N/A;N/A;N/A;N/A;N/A;N/A;N/A;N/A;N/A;N/A;N/A;N/A;N/A;N/A;N/A;N/A;N/A;N/A;N/A;N/A;N/A;N/A;N/A;N/A;N/A;N/A;N/A;N/A;N/A;N/A;N/A;N/A;N/A;N/A;N/A;N/A;N/A;N/A;N/A;N/A;N/A;N/A;N/A;N/A;N/A;N/A;N/A;N/A;N/A;N/A;N/A;N/A;N/A;N/A;N/A;N/A;N/A;N/A;N/A;N/A;N/A;N/A;N/A;N/A;N/A;N/A;N/A;N/A;N/A;N/A;N/A;N/A;N/A;N/A;N/A;N/A;N/A;N/A;N/A;N/A;N/A;N/A;N/A;N/A;N/A;N/A;N/A;N/A;N/A;N/A;N/A;N/A;N/A;N/A
Hyundai;Creta;"1.6 Limited Gls";2018;"79000 km";;"VIDESOL S.A.";22800;;;;;"Colonia del Sacramento";https://auto.mercadolibre.com.uy/MLU-646946939-hyundai-creta-2018-16-limited-gls-_JM;N/A;;"Hyundai Creta 2018 1.6 Limited Gls";usd;Sí;silver;false;N/A;N/A;http://perfil.mercadolibre.com.uy/VIDESOL+S.A.;active;N/A;N/A;Usado;Rojo;N/A;Eléctrica;4x2;N/A;N/A;Sí;N/A;N/A;N/A;N/A;N/A;N/A;N/A;N/A;N/A;N/A;N/A;N/A;N/A;N/A;N/A;N/A;N/A;N/A;N/A;N/A;N/A;N/A;"2590 mm";"1.6 L";"58 L";5;N/A;N/A;N/A;N/A;N/A;N/A;N/A;N/A;N/A;N/A;N/A;N/A;N/A;N/A;N/A;N/A;N/A;N/A;N/A;N/A;N/A;N/A;N/A;N/A;N/A;N/A;N/A;N/A;N/A;N/A;N/A;N/A;N/A;Sí;Sí;N/A;N/A;N/A;N/A;N/A;N/A;N/A;N/A;N/A;N/A;"1635 mm";"4440 mm";N/A;N/A;N/A;N/A;5;"163 hp";"Limited Gls";N/A;4;"1898 mm";N/A;N/A;N/A;N/A;Sí;N/A;N/A;Sí;N/A;N/A;N/A;N/A;N/A;N/A;N/A;N/A;N/A;N/A;5;1.6;Nafta;Manual;SUV;"Autos y camionetas";N/A;N/A;N/A;N/A;N/A;N/A;UY;N/A;N/A;N/A;N/A;N/A;N/A;N/A;N/A;N/A;N/A;N/A;N/A;N/A;N/A;N/A;N/A;N/A;N/A;N/A;N/A;N/A;N/A;N/A;N/A;N/A;N/A;N/A;N/A;N/A;N/A;N/A;N/A;N/A;N/A;N/A;N/A;N/A;N/A;N/A;N/A;N/A;N/A;N/A;N/A;N/A;N/A;N/A;N/A;N/A;N/A;N/A;N/A;N/A;N/A;N/A;N/A;N/A;N/A;N/A;N/A;N/A;N/A;N/A;N/A;N/A;N/A;N/A;N/A;N/A;N/A;N/A;N/A;N/A;N/A;N/A;N/A;N/A;N/A;N/A;N/A;N/A;N/A;N/A;N/A;N/A;N/A;N/A;N/A;N/A;N/A;N/A;N/A;N/A;N/A;N/A;N/A;N/A;N/A;N/A;N/A;N/A;N/A;N/A;N/A;N/A;Sí;N/A;N/A;N/A;N/A;N/A;N/A;Sí;N/A;N/A
Hyundai;HB20;"1.0 Premium Mt";2023;"0 km";;APPOLONI-AUTOMOVILES;19990;;;;;"Nueva Helvecia";https://auto.mercadolibre.com.uy/MLU-701888326-hyundai-hb20-premium-permuta-financiacion-_JM;N/A;;"Hyundai Hb20 Premium - Permuta - Financiación";usd;Sí;silver;false;N/A;N/A;http://perfil.mercadolibre.com.uy/APPOLONI-AUTOMOVILES;active;N/A;N/A;Nuevo;Blanco;N/A;Hidráulica;Delantera;Sí;N/A;Sí;N/A;N/A;N/A;N/A;N/A;N/A;N/A;N/A;N/A;N/A;N/A;N/A;N/A;N/A;N/A;N/A;N/A;N/A;N/A;N/A;N/A;N/A;"2500 mm";"1 L";"50 L";6;N/A;N/A;N/A;N/A;N/A;N/A;N/A;N/A;N/A;N/A;N/A;N/A;N/A;N/A;N/A;N/A;N/A;N/A;N/A;N/A;N/A;N/A;N/A;N/A;N/A;N/A;N/A;N/A;N/A;N/A;N/A;N/A;N/A;Sí;Sí;N/A;N/A;N/A;N/A;N/A;N/A;N/A;N/A;N/A;N/A;"1470 mm";"3920 mm";N/A;N/A;N/A;N/A;5;"80 hp";N/A;N/A;4;"1680 mm";N/A;N/A;N/A;N/A;Sí;N/A;N/A;Sí;Sí;N/A;N/A;"13.8 km/l";N/A;N/A;N/A;N/A;N/A;"L - V 8:30 a 12:00 - 14:00 a 18:30. Sab. 8:30 a 12:30";5;1.0;Nafta;Manual;Hatchback;"Autos y camionetas";N/A;N/A;N/A;N/A;N/A;N/A;UY;N/A;N/A;N/A;N/A;N/A;N/A;N/A;N/A;N/A;N/A;N/A;N/A;N/A;N/A;N/A;N/A;N/A;N/A;N/A;N/A;N/A;N/A;N/A;N/A;N/A;N/A;N/A;N/A;N/A;N/A;N/A;N/A;N/A;N/A;N/A;N/A;N/A;N/A;N/A;N/A;N/A;N/A;N/A;N/A;N/A;N/A;N/A;N/A;N/A;N/A;N/A;N/A;N/A;N/A;N/A;N/A;N/A;N/A;N/A;N/A;N/A;N/A;N/A;N/A;N/A;N/A;N/A;N/A;N/A;N/A;N/A;N/A;N/A;N/A;N/A;N/A;N/A;N/A;N/A;N/A;N/A;N/A;N/A;N/A;N/A;N/A;N/A;N/A;N/A;N/A;N/A;N/A;N/A;N/A;N/A;N/A;N/A;N/A;N/A;N/A;N/A;N/A;N/A;N/A;N/A;Sí;N/A;N/A;N/A;Sí;N/A;N/A;Sí;N/A;Sí
Hyundai;Tucson;"2.0 Gl 6at 2wd";2016;"166492 km";;APPOLONI-AUTOMOVILES;23800;;;;;"Nueva Helvecia";https://auto.mercadolibre.com.uy/MLU-697346996-hyundai-tucson-permuta-financiacion-_JM;N/A;;"Hyundai Tucson - Permuta - Financiación";usd;Sí;silver;false;N/A;N/A;http://perfil.mercadolibre.com.uy/APPOLONI-AUTOMOVILES;active;N/A;N/A;Usado;Marrón;N/A;Hidráulica;4x2;Sí;N/A;Sí;N/A;N/A;N/A;N/A;N/A;N/A;N/A;N/A;N/A;N/A;N/A;N/A;N/A;N/A;N/A;N/A;N/A;N/A;N/A;N/A;N/A;N/A;"2630 mm";"2 L";"58 L";6;N/A;N/A;N/A;N/A;N/A;N/A;N/A;N/A;N/A;N/A;N/A;N/A;N/A;N/A;N/A;N/A;N/A;N/A;N/A;N/A;N/A;N/A;N/A;N/A;N/A;N/A;N/A;N/A;N/A;N/A;N/A;Sí;N/A;N/A;N/A;N/A;N/A;N/A;N/A;N/A;N/A;Sí;N/A;N/A;N/A;"1655 mm";"4410 mm";N/A;N/A;N/A;N/A;5;"166 hp";Gl;N/A;4;"1830 mm";"10.4 km/l";N/A;N/A;N/A;N/A;N/A;N/A;N/A;N/A;N/A;Sí;"6.4 km/l";N/A;N/A;N/A;N/A;N/A;"L - V 8:30 a 12:00 - 14:00 a 18:30. Sab. 8:30 a 12:30";5;2.0;Nafta;Automática;SUV;"Autos y camionetas";N/A;N/A;N/A;N/A;N/A;N/A;UY;N/A;N/A;N/A;N/A;N/A;N/A;N/A;N/A;N/A;N/A;N/A;N/A;N/A;N/A;N/A;N/A;N/A;N/A;N/A;N/A;N/A;N/A;N/A;N/A;N/A;N/A;N/A;N/A;N/A;N/A;N/A;N/A;N/A;N/A;N/A;N/A;N/A;N/A;N/A;N/A;N/A;N/A;N/A;N/A;N/A;N/A;N/A;N/A;N/A;N/A;N/A;N/A;N/A;N/A;N/A;N/A;N/A;N/A;N/A;N/A;N/A;N/A;N/A;N/A;N/A;N/A;N/A;N/A;N/A;N/A;N/A;N/A;N/A;N/A;N/A;N/A;N/A;N/A;N/A;N/A;N/A;N/A;N/A;N/A;N/A;N/A;N/A;N/A;N/A;Sí;N/A;Sí;N/A;N/A;N/A;N/A;N/A;N/A;Sí;N/A;N/A;N/A;Sí;N/A;N/A;N/A;N/A;N/A;N/A;N/A;N/A;N/A;N/A;N/A;N/A
Hyundai;"Grand i10";"gls full";2015;"115000 km";;INTERAUTO2024;12990;;;;;"Paso de Carrasco";https://auto.mercadolibre.com.uy/MLU-696867706-hyundai-grand-i10-gls-full-12-2015-impecable-interauto-_JM;N/A;;"Hyundai Grand I10 Gls Full 1.2 2015 Impecable! Interauto";USD;Sí;silver;false;N/A;N/A;http://perfil.mercadolibre.com.uy/INTERAUTO2024;active;N/A;N/A;Usado;Bordó;N/A;Hidráulica;Delantera;Sí;Sí;Sí;N/A;N/A;N/A;Sí;N/A;N/A;N/A;Sí;N/A;Sí;N/A;N/A;N/A;N/A;N/A;N/A;N/A;N/A;N/A;N/A;N/A;N/A;N/A;"1200 cc";N/A;5;N/A;N/A;N/A;N/A;N/A;N/A;Sí;N/A;N/A;N/A;N/A;N/A;N/A;N/A;N/A;N/A;N/A;N/A;N/A;N/A;N/A;N/A;N/A;Sí;N/A;Sí;N/A;N/A;N/A;N/A;N/A;N/A;N/A;N/A;N/A;N/A;Sí;N/A;N/A;N/A;N/A;N/A;N/A;N/A;N/A;N/A;N/A;N/A;N/A;N/A;N/A;N/A;N/A;Gls;N/A;N/A;N/A;"13 km/l";N/A;N/A;N/A;N/A;N/A;Sí;N/A;N/A;N/A;N/A;"16 km/l";N/A;N/A;N/A;N/A;N/A;"Lunes a Domingo de 9 a 18:30 hs";4;1.2;Nafta;Manual;Sedán;"Autos y camionetas";No;N/A;N/A;N/A;No;N/A;N/A;No;Sí;No;No;N/A;N/A;N/A;N/A;N/A;N/A;N/A;N/A;N/A;N/A;N/A;N/A;N/A;N/A;N/A;N/A;N/A;N/A;N/A;N/A;N/A;N/A;N/A;N/A;N/A;N/A;N/A;N/A;N/A;N/A;N/A;N/A;N/A;N/A;N/A;N/A;N/A;N/A;N/A;N/A;N/A;N/A;N/A;N/A;N/A;N/A;N/A;N/A;N/A;N/A;N/A;No;N/A;N/A;N/A;N/A;N/A;N/A;N/A;N/A;N/A;N/A;N/A;N/A;N/A;N/A;N/A;N/A;N/A;N/A;N/A;N/A;N/A;N/A;N/A;N/A;N/A;N/A;N/A;N/A;N/A;N/A;N/A;N/A;N/A;N/A;Sí;N/A;N/A;Sí;N/A;Sí;N/A;Sí;Sí;N/A;Sí;N/A;N/A;N/A;N/A;Sí;N/A;Sí;N/A;Sí;N/A;N/A;Sí;N/A;Sí
Hyundai;"Santa Fe";"3.3 GLS 4WD AT";2014;"194854 km";;APPOLONI-AUTOMOVILES;20800;;;;;"Nueva Helvecia";https://auto.mercadolibre.com.uy/MLU-703837232-hyundai-santa-fe-permuta-financiacion-_JM;N/A;;"Hyundai Santa Fe - Permuta - Financiación";USD;Sí;silver;false;N/A;N/A;http://perfil.mercadolibre.com.uy/APPOLONI-AUTOMOVILES;active;N/A;N/A;Usado;Blanco;No;Hidráulica;4x4;Sí;Sí;N/A;N/A;N/A;Sí;N/A;N/A;Sí;N/A;N/A;Sí;Sí;N/A;Sí;N/A;N/A;N/A;N/A;N/A;N/A;N/A;N/A;N/A;N/A;N/A;N/A;N/A;N/A;N/A;N/A;N/A;N/A;N/A;No;N/A;N/A;N/A;N/A;N/A;N/A;N/A;N/A;N/A;N/A;N/A;N/A;N/A;N/A;N/A;N/A;N/A;N/A;N/A;N/A;N/A;N/A;N/A;No;N/A;N/A;N/A;N/A;N/A;N/A;N/A;N/A;N/A;N/A;N/A;N/A;N/A;N/A;N/A;N/A;N/A;N/A;N/A;N/A;N/A;N/A;N/A;N/A;N/A;N/A;N/A;N/A;No;N/A;Sí;Sí;N/A;Sí;Sí;N/A;Sí;N/A;N/A;No;No;N/A;N/A;Sí;"L - V 8:30 a 12:00 - 14:00 a 18:30. Sab. 8:30 a 12:30";5;3.3;Nafta;"Automática secuencial";SUV;"Autos y camionetas";No;N/A;N/A;N/A;No;N/A;N/A;N/A;Sí;N/A;Sí;N/A;N/A;N/A;N/A;N/A;N/A;N/A;N/A;N/A;N/A;N/A;N/A;N/A;Sí;N/A;N/A;N/A;N/A;N/A;N/A;N/A;N/A;N/A;N/A;N/A;N/A;N/A;N/A;N/A;N/A;N/A;N/A;No;N/A;N/A;N/A;N/A;N/A;N/A;N/A;N/A;N/A;N/A;N/A;N/A;N/A;N/A;N/A;N/A;N/A;No;No;N/A;N/A;N/A;N/A;N/A;N/A;N/A;N/A;N/A;N/A;N/A;N/A;N/A;N/A;N/A;N/A;N/A;N/A;N/A;N/A;N/A;N/A;N/A;N/A;N/A;N/A;N/A;N/A;N/A;N/A;N/A;N/A;No;Sí;Sí;Sí;N/A;Sí;N/A;N/A;N/A;N/A;Sí;Sí;Sí;No;N/A;N/A;Sí;Sí;Sí;Sí;Sí;Sí;No;No;Sí;N/A;Sí
Hyundai;HB20S;"1.6 Sport 4p";2017;"165000 km";;ROBERTOMAZONDOAUTOMOVILES;14900;;;;;Rivera;https://auto.mercadolibre.com.uy/MLU-696068252-hyundai-hb20s-2017-16-sport-4p-_JM;N/A;;"Hyundai Hb20s 2017 1.6 Sport 4p";usd;Sí;silver;false;N/A;N/A;http://perfil.mercadolibre.com.uy/ROBERTOMAZONDOAUTOMOVILES;active;N/A;N/A;Usado;N/A;N/A;Hidráulica;Delantera;Sí;N/A;Sí;N/A;N/A;N/A;N/A;N/A;N/A;N/A;N/A;N/A;N/A;N/A;N/A;N/A;N/A;N/A;N/A;N/A;N/A;N/A;N/A;N/A;N/A;"2500 mm";"1.6 L";"50 L";6;N/A;N/A;N/A;N/A;N/A;N/A;N/A;N/A;N/A;N/A;N/A;N/A;N/A;N/A;N/A;N/A;N/A;N/A;N/A;N/A;N/A;N/A;N/A;N/A;N/A;N/A;N/A;N/A;N/A;N/A;N/A;N/A;N/A;Sí;Sí;N/A;N/A;N/A;N/A;N/A;N/A;N/A;N/A;N/A;N/A;"1470 mm";"4230 mm";N/A;N/A;N/A;N/A;5;"122 hp";Sport;N/A;4;"1680 mm";N/A;N/A;N/A;N/A;Sí;N/A;N/A;Sí;Sí;N/A;N/A;"12.6 km/l";N/A;N/A;N/A;N/A;N/A;N/A;4;1.6;Nafta;Manual;Sedán;"Autos y camionetas";N/A;N/A;N/A;N/A;N/A;N/A;UY;N/A;N/A;N/A;N/A;N/A;N/A;N/A;N/A;N/A;N/A;N/A;N/A;N/A;N/A;N/A;N/A;N/A;N/A;N/A;N/A;N/A;N/A;N/A;N/A;N/A;N/A;N/A;N/A;N/A;N/A;N/A;N/A;N/A;N/A;N/A;N/A;N/A;N/A;N/A;N/A;N/A;N/A;N/A;N/A;N/A;N/A;N/A;N/A;N/A;N/A;N/A;N/A;N/A;N/A;N/A;N/A;N/A;N/A;N/A;N/A;N/A;N/A;N/A;N/A;N/A;N/A;N/A;N/A;N/A;N/A;N/A;N/A;N/A;N/A;N/A;N/A;N/A;N/A;N/A;N/A;N/A;N/A;N/A;N/A;N/A;N/A;N/A;N/A;N/A;N/A;N/A;N/A;N/A;N/A;N/A;N/A;N/A;N/A;N/A;N/A;N/A;N/A;N/A;N/A;N/A;Sí;N/A;N/A;N/A;Sí;N/A;N/A;Sí;N/A;Sí
Hyundai;Tucson;"Hibrida Limited";2024;"0 km";;APPOLONI-AUTOMOVILES;59990;;;;;"Nueva Helvecia";https://auto.mercadolibre.com.uy/MLU-681883968-hyundai-tucson-hybrid-2024-permuta-financiacion-_JM;N/A;;"Hyundai Tucson Hybrid 2024 - Permuta - Financiación";USD;Sí;silver;false;N/A;N/A;http://perfil.mercadolibre.com.uy/APPOLONI-AUTOMOVILES;active;N/A;N/A;Nuevo;Gris;N/A;N/A;Delantera;Sí;Sí;N/A;N/A;N/A;Sí;N/A;N/A;Sí;N/A;N/A;Sí;Sí;N/A;Sí;N/A;N/A;N/A;N/A;N/A;N/A;N/A;N/A;N/A;N/A;N/A;N/A;N/A;N/A;N/A;N/A;N/A;N/A;N/A;Sí;N/A;N/A;N/A;N/A;N/A;N/A;N/A;N/A;N/A;N/A;N/A;N/A;N/A;N/A;N/A;N/A;N/A;N/A;N/A;N/A;N/A;N/A;N/A;No;N/A;N/A;N/A;N/A;N/A;N/A;N/A;N/A;N/A;N/A;N/A;N/A;N/A;N/A;N/A;N/A;N/A;N/A;N/A;N/A;N/A;N/A;N/A;N/A;N/A;N/A;N/A;N/A;Sí;N/A;Sí;Sí;N/A;Sí;Sí;N/A;Sí;N/A;N/A;No;No;N/A;N/A;Sí;"L - V 8:30 a 12:00 - 14:00 a 18:30. Sab. 8:30 a 12:30";5;"1.6 Turbo";Híbrido;"Automática secuencial";SUV;"Autos y camionetas";Sí;N/A;N/A;N/A;No;N/A;N/A;N/A;Sí;N/A;Sí;N/A;N/A;N/A;N/A;N/A;N/A;N/A;N/A;N/A;N/A;N/A;N/A;N/A;Sí;N/A;N/A;N/A;N/A;N/A;N/A;N/A;N/A;N/A;N/A;N/A;N/A;N/A;N/A;N/A;N/A;N/A;N/A;Sí;N/A;N/A;N/A;N/A;N/A;N/A;N/A;N/A;N/A;N/A;N/A;N/A;N/A;N/A;N/A;N/A;N/A;Sí;No;N/A;N/A;N/A;N/A;N/A;N/A;N/A;N/A;N/A;N/A;N/A;N/A;N/A;N/A;N/A;N/A;N/A;N/A;N/A;N/A;N/A;N/A;N/A;N/A;N/A;N/A;N/A;N/A;N/A;N/A;N/A;N/A;No;Sí;Sí;Sí;N/A;Sí;N/A;N/A;N/A;N/A;Sí;Sí;Sí;Sí;N/A;N/A;Sí;Sí;Sí;Sí;Sí;Sí;No;No;Sí;N/A;Sí
Hyundai;i10;-;2013;"193178 km";;D.MORALESAUTOMOTORES;8900;;;;;"San Jacinto";https://auto.mercadolibre.com.uy/MLU-646506547-hyundai-i10-10-2013-buen-estado-_JM;N/A;;"Hyundai I10 1.0 2013 Buen Estado!";usd;Sí;silver;false;N/A;N/A;http://perfil.mercadolibre.com.uy/D.MORALESAUTOMOTORES;active;N/A;N/A;Usado;Bordó;N/A;Hidráulica;Delantera;Sí;N/A;N/A;N/A;N/A;N/A;Sí;N/A;N/A;N/A;N/A;N/A;Sí;N/A;N/A;N/A;N/A;N/A;N/A;N/A;N/A;N/A;N/A;N/A;N/A;N/A;"1000 cc";N/A;5;N/A;N/A;N/A;N/A;N/A;N/A;N/A;N/A;N/A;N/A;N/A;N/A;N/A;N/A;N/A;N/A;N/A;N/A;N/A;N/A;N/A;N/A;N/A;N/A;N/A;N/A;N/A;N/A;N/A;N/A;N/A;N/A;N/A;N/A;N/A;N/A;N/A;N/A;N/A;N/A;N/A;N/A;N/A;N/A;N/A;N/A;N/A;N/A;N/A;N/A;N/A;N/A;N/A;N/A;N/A;N/A;N/A;N/A;N/A;N/A;N/A;N/A;N/A;N/A;N/A;N/A;N/A;N/A;N/A;N/A;N/A;N/A;N/A;Sí;"Lun. a Vie. de 9 a 18:30 hs. Sáb. de 9 a 12:30 hs";5;1.0;Nafta;Manual;Hatchback;"Autos y camionetas";No;N/A;N/A;N/A;No;N/A;UY;No;Sí;No;No;N/A;N/A;N/A;N/A;N/A;N/A;N/A;N/A;N/A;N/A;N/A;N/A;N/A;N/A;N/A;N/A;N/A;N/A;N/A;N/A;N/A;N/A;N/A;N/A;N/A;N/A;N/A;N/A;N/A;N/A;N/A;N/A;N/A;N/A;N/A;N/A;N/A;N/A;N/A;N/A;N/A;N/A;N/A;N/A;N/A;N/A;N/A;N/A;N/A;N/A;N/A;No;N/A;N/A;N/A;N/A;N/A;N/A;N/A;N/A;N/A;N/A;N/A;N/A;N/A;N/A;N/A;N/A;N/A;N/A;N/A;N/A;N/A;N/A;N/A;N/A;N/A;N/A;N/A;N/A;N/A;N/A;N/A;N/A;N/A;Sí;N/A;N/A;N/A;Sí;N/A;N/A;N/A;Sí;Sí;N/A;Sí;N/A;N/A;N/A;N/A;N/A;N/A;Sí;N/A;N/A;Sí;N/A;N/A;N/A;N/A
Hyundai;Ioniq;"1.6 Gdi Hibrido At 5p";2020;"57000 km";;"MASANTI AUTOMOVILES";27900;;;;;"Barros Blancos";https://auto.mercadolibre.com.uy/MLU-694345130-masanti-hyundai-ioniq-16-_JM;N/A;;"Masanti Hyundai Ioniq 1.6 ";usd;Sí;silver;false;N/A;N/A;http://perfil.mercadolibre.com.uy/MASANTI+AUTOMOVILES;active;N/A;N/A;Usado;Blanco;N/A;N/A;Delantera;Sí;N/A;N/A;N/A;N/A;N/A;N/A;N/A;N/A;N/A;N/A;N/A;N/A;N/A;N/A;N/A;N/A;N/A;N/A;N/A;N/A;N/A;N/A;N/A;N/A;"2440 mm";"1.6 L";"45 L";5;N/A;N/A;N/A;N/A;N/A;N/A;N/A;N/A;N/A;N/A;N/A;N/A;N/A;N/A;N/A;N/A;N/A;N/A;N/A;N/A;N/A;N/A;N/A;N/A;N/A;N/A;N/A;N/A;N/A;N/A;N/A;N/A;N/A;N/A;N/A;N/A;N/A;N/A;N/A;N/A;N/A;N/A;N/A;N/A;N/A;"1395 mm";"4235 mm";N/A;N/A;N/A;N/A;5;"92 hp";N/A;N/A;3;"1670 mm";"7.2 km/l";N/A;N/A;N/A;N/A;N/A;N/A;N/A;N/A;N/A;N/A;"4.5 km/l";N/A;N/A;N/A;N/A;N/A;N/A;4;1.6;Híbrido;Automática;Hatchback;"Autos y camionetas";N/A;N/A;N/A;N/A;N/A;N/A;UY;N/A;N/A;N/A;N/A;N/A;N/A;N/A;N/A;N/A;N/A;N/A;N/A;N/A;N/A;N/A;N/A;N/A;N/A;N/A;N/A;N/A;N/A;N/A;N/A;N/A;N/A;N/A;N/A;N/A;N/A;N/A;N/A;N/A;N/A;N/A;N/A;N/A;N/A;N/A;N/A;N/A;N/A;N/A;N/A;N/A;N/A;N/A;N/A;N/A;N/A;N/A;N/A;N/A;N/A;N/A;N/A;N/A;N/A;N/A;N/A;N/A;N/A;N/A;N/A;N/A;N/A;N/A;N/A;N/A;N/A;N/A;N/A;N/A;N/A;N/A;N/A;N/A;N/A;N/A;N/A;N/A;N/A;N/A;N/A;N/A;N/A;N/A;N/A;N/A;Sí;N/A;N/A;N/A;N/A;N/A;N/A;N/A;N/A;N/A;N/A;N/A;N/A;N/A;N/A;N/A;N/A;N/A;N/A;N/A;N/A;N/A;N/A;N/A;N/A;N/A
Hyundai;Creta;"1.6 Gl";2016;"120726 km";;APPOLONI-AUTOMOVILES;21500;;;;;"Nueva Helvecia";https://auto.mercadolibre.com.uy/MLU-644231365-hyundai-creta-permuta-financiacion-_JM;N/A;;"Hyundai Creta - Permuta - Financiación";usd;Sí;silver;false;N/A;N/A;http://perfil.mercadolibre.com.uy/APPOLONI-AUTOMOVILES;active;N/A;N/A;Usado;Blanco;N/A;Eléctrica;4x2;N/A;N/A;Sí;N/A;N/A;N/A;N/A;N/A;N/A;N/A;N/A;N/A;N/A;N/A;N/A;N/A;N/A;N/A;N/A;N/A;N/A;N/A;N/A;N/A;N/A;"2590 mm";"1.6 L";"58 L";5;N/A;N/A;N/A;N/A;Sí;N/A;N/A;N/A;N/A;N/A;N/A;N/A;N/A;N/A;N/A;N/A;N/A;N/A;N/A;N/A;N/A;N/A;N/A;N/A;N/A;N/A;N/A;N/A;N/A;N/A;N/A;Sí;Sí;Sí;Sí;N/A;N/A;N/A;N/A;N/A;N/A;N/A;N/A;N/A;N/A;"1635 mm";"4440 mm";N/A;N/A;N/A;N/A;5;"163 hp";Gl;N/A;4;"1898 mm";N/A;N/A;N/A;N/A;Sí;N/A;N/A;Sí;N/A;N/A;N/A;N/A;N/A;N/A;N/A;N/A;N/A;"L - V 8:30 a 12:00 14:00 a 18:30. Sab. 8:30 a 12:30";5;1.6;Nafta;Manual;SUV;"Autos y camionetas";N/A;N/A;N/A;N/A;N/A;N/A;UY;N/A;N/A;N/A;N/A;N/A;N/A;N/A;N/A;N/A;N/A;N/A;N/A;N/A;N/A;N/A;N/A;N/A;N/A;N/A;N/A;N/A;N/A;N/A;N/A;N/A;N/A;N/A;N/A;N/A;N/A;N/A;N/A;N/A;N/A;N/A;N/A;N/A;N/A;N/A;N/A;N/A;N/A;N/A;N/A;N/A;N/A;N/A;N/A;N/A;N/A;N/A;N/A;N/A;N/A;N/A;N/A;N/A;N/A;N/A;N/A;N/A;N/A;N/A;N/A;N/A;N/A;N/A;N/A;N/A;N/A;N/A;N/A;N/A;N/A;N/A;N/A;N/A;N/A;N/A;N/A;N/A;N/A;N/A;N/A;N/A;N/A;N/A;N/A;N/A;Sí;Sí;Sí;N/A;N/A;N/A;N/A;Sí;N/A;Sí;N/A;N/A;N/A;N/A;N/A;Sí;Sí;N/A;N/A;N/A;N/A;N/A;N/A;Sí;N/A;N/A
Hyundai;HB20;"1.0 Premium Mt";2022;"46000 km";;"HAUSSER MOTORS";16900;;;;;Rosario;https://auto.mercadolibre.com.uy/MLU-704733346-hyundai-hb20-10-premium-mt-_JM;N/A;;"Hyundai Hb20 1.0 Premium Mt";usd;Sí;silver;false;N/A;N/A;http://perfil.mercadolibre.com.uy/HAUSSER+MOTORS;active;N/A;N/A;Usado;Gris;Sí;Hidráulica;Delantera;Sí;N/A;Sí;N/A;N/A;N/A;N/A;N/A;N/A;N/A;N/A;N/A;Sí;N/A;N/A;N/A;N/A;N/A;N/A;N/A;N/A;N/A;N/A;N/A;N/A;"2500 mm";"1 L";"50 L";6;N/A;N/A;N/A;N/A;N/A;N/A;N/A;N/A;N/A;N/A;N/A;N/A;N/A;N/A;N/A;N/A;N/A;N/A;N/A;N/A;N/A;N/A;N/A;N/A;N/A;N/A;N/A;N/A;N/A;N/A;N/A;N/A;N/A;Sí;Sí;N/A;N/A;N/A;N/A;N/A;N/A;N/A;N/A;N/A;N/A;"1470 mm";"3920 mm";N/A;N/A;N/A;N/A;5;"80 hp";N/A;N/A;4;"1680 mm";N/A;N/A;N/A;N/A;Sí;N/A;N/A;Sí;Sí;N/A;N/A;"13.8 km/l";N/A;N/A;N/A;N/A;N/A;"Lun. A Vie. 8 a 12 y 14:30 a 19 hs. Sáb. 8:30 a 12:30 hs";5;1.0;Nafta;Manual;Hatchback;"Autos y camionetas";N/A;N/A;N/A;N/A;N/A;N/A;UY;N/A;N/A;N/A;N/A;N/A;N/A;N/A;N/A;N/A;N/A;N/A;N/A;N/A;N/A;N/A;N/A;N/A;Sí;N/A;N/A;N/A;N/A;N/A;N/A;N/A;N/A;N/A;N/A;N/A;N/A;N/A;N/A;N/A;N/A;N/A;N/A;N/A;N/A;N/A;N/A;N/A;N/A;N/A;N/A;N/A;N/A;N/A;N/A;N/A;N/A;N/A;N/A;N/A;N/A;N/A;N/A;N/A;N/A;N/A;N/A;N/A;N/A;N/A;N/A;N/A;N/A;N/A;N/A;N/A;N/A;N/A;N/A;N/A;N/A;N/A;N/A;N/A;N/A;N/A;N/A;N/A;N/A;N/A;N/A;N/A;N/A;N/A;N/A;N/A;Sí;N/A;Sí;N/A;Sí;N/A;N/A;N/A;N/A;Sí;N/A;N/A;N/A;N/A;N/A;N/A;Sí;N/A;Sí;N/A;Sí;N/A;N/A;Sí;N/A;Sí
Hyundai;HB20;"1.0 Comfort Mt";2022;"49000 km";;BRAGAJOSE20220505191744;15900;;;;;Maldonado;https://auto.mercadolibre.com.uy/MLU-697070314-hyunday-hb20-_JM;N/A;;"Hyunday Hb20";usd;Sí;silver;false;N/A;N/A;http://perfil.mercadolibre.com.uy/BRAGAJOSE20220505191744;active;N/A;N/A;Usado;Azul;N/A;Hidráulica;Delantera;Sí;N/A;Sí;N/A;N/A;N/A;N/A;N/A;N/A;N/A;N/A;N/A;N/A;N/A;N/A;N/A;N/A;N/A;N/A;N/A;N/A;N/A;N/A;N/A;N/A;"2500 mm";"1 L";"50 L";6;N/A;N/A;N/A;N/A;N/A;N/A;N/A;N/A;N/A;N/A;N/A;N/A;N/A;N/A;N/A;N/A;N/A;N/A;N/A;N/A;N/A;N/A;N/A;N/A;N/A;N/A;N/A;N/A;N/A;N/A;N/A;N/A;N/A;Sí;Sí;N/A;N/A;N/A;N/A;N/A;N/A;N/A;N/A;N/A;N/A;"1470 mm";"3920 mm";N/A;N/A;N/A;N/A;5;"101 hp";N/A;N/A;4;"1680 mm";N/A;N/A;N/A;N/A;Sí;N/A;N/A;Sí;Sí;N/A;N/A;"13.8 km/l";N/A;N/A;N/A;N/A;N/A;N/A;5;1.0;Nafta;Manual;Hatchback;"Autos y camionetas";N/A;N/A;N/A;N/A;N/A;N/A;UY;N/A;N/A;N/A;N/A;N/A;N/A;N/A;N/A;N/A;N/A;N/A;N/A;N/A;N/A;N/A;N/A;N/A;N/A;N/A;N/A;N/A;N/A;N/A;N/A;N/A;N/A;N/A;N/A;N/A;N/A;N/A;N/A;N/A;N/A;N/A;N/A;N/A;N/A;N/A;N/A;N/A;N/A;N/A;N/A;N/A;N/A;N/A;N/A;N/A;N/A;N/A;N/A;N/A;N/A;N/A;N/A;N/A;N/A;N/A;N/A;N/A;N/A;N/A;N/A;N/A;N/A;N/A;N/A;N/A;N/A;N/A;N/A;N/A;N/A;N/A;N/A;N/A;N/A;N/A;N/A;N/A;N/A;N/A;N/A;N/A;N/A;N/A;N/A;N/A;N/A;N/A;N/A;N/A;N/A;N/A;N/A;N/A;N/A;N/A;N/A;N/A;N/A;N/A;N/A;N/A;Sí;N/A;N/A;N/A;Sí;N/A;N/A;Sí;N/A;Sí
Hyundai;Ioniq;-;2020;"85000 km";;INTERAUTO2024;27990;;;;;"Paso de Carrasco";https://auto.mercadolibre.com.uy/MLU-647201389-hyundai-ioniq-16-2020-impecable-interauto-_JM;N/A;;"Hyundai Ioniq 1.6 2020 Impecable! Interauto";usd;Sí;silver;false;N/A;N/A;http://perfil.mercadolibre.com.uy/INTERAUTO2024;active;N/A;N/A;Usado;Blanco;N/A;Eléctrica;N/A;Sí;Sí;Sí;Sí;Sí;N/A;Sí;Sí;N/A;N/A;N/A;Sí;Sí;N/A;N/A;N/A;N/A;N/A;N/A;N/A;N/A;N/A;N/A;N/A;N/A;N/A;"1600 cc";N/A;6;N/A;N/A;Sí;Sí;Sí;Sí;Sí;N/A;N/A;N/A;N/A;N/A;N/A;N/A;N/A;N/A;N/A;N/A;N/A;N/A;N/A;Sí;N/A;Sí;N/A;Sí;N/A;N/A;N/A;N/A;N/A;N/A;N/A;N/A;N/A;N/A;N/A;N/A;N/A;N/A;N/A;N/A;Sí;N/A;N/A;N/A;N/A;N/A;N/A;N/A;N/A;N/A;N/A;N/A;N/A;N/A;N/A;"14 km/l";N/A;N/A;Sí;N/A;Sí;Sí;Sí;Sí;N/A;Sí;"16 km/l";N/A;N/A;N/A;N/A;N/A;"Lunes a Domingo de 9 a 18:30 hs";5;1.6;Nafta;Automática;Sedán;"Autos y camionetas";No;N/A;N/A;N/A;No;N/A;UY;No;Sí;No;No;N/A;N/A;N/A;N/A;N/A;N/A;N/A;N/A;N/A;N/A;N/A;N/A;N/A;N/A;N/A;N/A;N/A;N/A;N/A;N/A;N/A;N/A;N/A;N/A;N/A;N/A;N/A;N/A;N/A;N/A;N/A;N/A;N/A;N/A;N/A;N/A;N/A;N/A;N/A;N/A;N/A;N/A;N/A;N/A;N/A;N/A;N/A;N/A;N/A;N/A;N/A;No;N/A;N/A;N/A;N/A;N/A;N/A;N/A;N/A;N/A;N/A;N/A;N/A;N/A;N/A;N/A;N/A;N/A;N/A;N/A;N/A;N/A;N/A;N/A;N/A;N/A;N/A;N/A;N/A;N/A;N/A;N/A;N/A;N/A;Sí;Sí;Sí;N/A;Sí;Sí;N/A;N/A;Sí;Sí;N/A;N/A;N/A;N/A;N/A;N/A;N/A;N/A;Sí;Sí;Sí;N/A;N/A;Sí;Sí;Sí
Hyundai;HB20;"1.6 Premium 5p";2024;"0 km";;WOHLERAUTOMOVILES;22990;;;;;Florida;https://auto.mercadolibre.com.uy/MLU-670766020-hyundai-hb20-premium-16-manual-0km-entrega-inmediata-_JM;N/A;;"Hyundai Hb20 Premium 1.6 Manual 0km Entrega Inmediata!!!";usd;Sí;silver;false;N/A;N/A;http://perfil.mercadolibre.com.uy/WOHLERAUTOMOVILES;active;N/A;N/A;Nuevo;Dorado;N/A;Hidráulica;Delantera;Sí;Sí;Sí;N/A;N/A;No;N/A;N/A;No;N/A;N/A;Sí;Sí;N/A;Sí;N/A;N/A;N/A;N/A;N/A;N/A;N/A;N/A;N/A;N/A;"2500 mm";"1.6 L";"50 L";6;N/A;N/A;N/A;N/A;N/A;No;N/A;N/A;N/A;N/A;N/A;N/A;N/A;N/A;N/A;N/A;N/A;N/A;N/A;N/A;N/A;N/A;N/A;N/A;N/A;N/A;N/A;N/A;N/A;No;N/A;N/A;N/A;Sí;Sí;N/A;N/A;N/A;N/A;N/A;N/A;N/A;N/A;N/A;N/A;"1470 mm";"3920 mm";N/A;N/A;N/A;N/A;5;"123 hp";Premium;N/A;4;"1680 mm";N/A;Sí;N/A;Sí;Sí;N/A;Sí;Sí;Sí;No;N/A;"13.8 km/l";No;Sí;N/A;N/A;Sí;N/A;5;1.6;Nafta;Manual;Hatchback;"Autos y camionetas";Sí;N/A;N/A;N/A;No;N/A;UY;N/A;Sí;N/A;No;N/A;N/A;N/A;N/A;N/A;N/A;N/A;N/A;N/A;N/A;N/A;N/A;N/A;Sí;N/A;N/A;N/A;N/A;N/A;N/A;N/A;N/A;N/A;N/A;N/A;N/A;N/A;N/A;N/A;N/A;N/A;N/A;Sí;N/A;N/A;N/A;N/A;N/A;N/A;N/A;N/A;N/A;N/A;N/A;N/A;N/A;N/A;N/A;N/A;N/A;Sí;No;N/A;N/A;N/A;N/A;N/A;N/A;N/A;N/A;N/A;N/A;N/A;N/A;N/A;N/A;N/A;N/A;N/A;N/A;N/A;N/A;N/A;N/A;N/A;N/A;N/A;N/A;N/A;N/A;N/A;N/A;N/A;N/A;No;Sí;Sí;Sí;N/A;Sí;N/A;N/A;N/A;N/A;Sí;No;No;Sí;N/A;N/A;Sí;Sí;Sí;Sí;No;Sí;No;No;Sí;N/A;Sí
Hyundai;Tucson;"2.0 Gl 6at 2wd";2014;"172084 km";;APPOLONI-AUTOMOVILES;17500;;;;;"Nueva Helvecia";https://auto.mercadolibre.com.uy/MLU-645028643-hyundai-tucson-permuta-financiacion-_JM;N/A;;"Hyundai Tucson - Permuta - Financiación";usd;Sí;silver;false;N/A;N/A;http://perfil.mercadolibre.com.uy/APPOLONI-AUTOMOVILES;active;N/A;N/A;Usado;Gris;N/A;Hidráulica;4x2;Sí;N/A;Sí;N/A;N/A;N/A;N/A;N/A;N/A;N/A;N/A;N/A;N/A;N/A;N/A;N/A;N/A;N/A;N/A;N/A;N/A;N/A;N/A;N/A;N/A;"2630 mm";"2 L";"58 L";6;N/A;N/A;N/A;N/A;N/A;N/A;N/A;N/A;N/A;N/A;N/A;N/A;N/A;N/A;N/A;N/A;N/A;N/A;N/A;N/A;N/A;N/A;N/A;N/A;N/A;N/A;N/A;N/A;N/A;N/A;N/A;Sí;N/A;N/A;N/A;N/A;N/A;N/A;N/A;N/A;N/A;Sí;N/A;N/A;N/A;"1655 mm";"4410 mm";N/A;N/A;N/A;N/A;5;"166 hp";Gl;N/A;4;"1830 mm";"10.4 km/l";N/A;N/A;N/A;N/A;N/A;N/A;N/A;N/A;N/A;Sí;"6.4 km/l";N/A;N/A;N/A;N/A;N/A;"L - V 8:30 a 12:00 - 14:00 a 18:30. Sab. 8:30 a 12:30";5;2.0;Nafta;Automática;SUV;"Autos y camionetas";N/A;N/A;N/A;N/A;N/A;N/A;UY;N/A;N/A;N/A;N/A;N/A;N/A;N/A;N/A;N/A;N/A;N/A;N/A;N/A;N/A;N/A;N/A;N/A;N/A;N/A;N/A;N/A;N/A;N/A;N/A;N/A;N/A;N/A;N/A;N/A;N/A;N/A;N/A;N/A;N/A;N/A;N/A;N/A;N/A;N/A;N/A;N/A;N/A;N/A;N/A;N/A;N/A;N/A;N/A;N/A;N/A;N/A;N/A;N/A;N/A;N/A;N/A;N/A;N/A;N/A;N/A;N/A;N/A;N/A;N/A;N/A;N/A;N/A;N/A;N/A;N/A;N/A;N/A;N/A;N/A;N/A;N/A;N/A;N/A;N/A;N/A;N/A;N/A;N/A;N/A;N/A;N/A;N/A;N/A;N/A;Sí;N/A;Sí;N/A;N/A;N/A;N/A;N/A;N/A;N/A;N/A;N/A;N/A;Sí;N/A;N/A;N/A;N/A;N/A;N/A;N/A;N/A;N/A;N/A;N/A;N/A
Hyundai;HB20S;"Premium At";2024;"0 km";;LAGOMARAUTOMOVILES;25990;;;;;"Ciudad de la Costa";https://auto.mercadolibre.com.uy/MLU-644931755-hyundai-hb20s-premium-at-16-0km-lagomar-automoviles-_JM;N/A;;"Hyundai Hb20s Premium A/t 1.6 0km - Lagomar Automóviles";USD;Sí;silver;false;N/A;N/A;http://perfil.mercadolibre.com.uy/LAGOMARAUTOMOVILES;active;N/A;N/A;Nuevo;"Gris oscuro";N/A;Eléctrica;N/A;Sí;Sí;Sí;N/A;N/A;N/A;Sí;Sí;N/A;Sí;Sí;Sí;Sí;N/A;Sí;N/A;N/A;N/A;N/A;N/A;N/A;N/A;N/A;N/A;N/A;N/A;"1600 cc";N/A;6;N/A;N/A;Sí;Sí;Sí;Sí;N/A;N/A;N/A;N/A;N/A;N/A;N/A;N/A;N/A;N/A;N/A;N/A;N/A;N/A;N/A;N/A;N/A;Sí;N/A;Sí;N/A;Sí;N/A;N/A;N/A;N/A;N/A;N/A;N/A;N/A;Sí;N/A;N/A;N/A;N/A;N/A;Sí;N/A;N/A;N/A;N/A;N/A;N/A;N/A;N/A;N/A;"123 hp";Premium;N/A;N/A;N/A;N/A;N/A;N/A;N/A;Sí;Sí;N/A;Sí;Sí;N/A;N/A;N/A;N/A;N/A;N/A;N/A;N/A;"Lun. a Vie. 9:30 a 13 y 14 a 19 hs. Sáb. 9:30 a 13:30 hs.";4;1.6;Nafta;"Automática secuencial";Sedán;"Autos y camionetas";No;N/A;N/A;N/A;No;N/A;N/A;No;Sí;No;No;N/A;N/A;N/A;N/A;N/A;N/A;N/A;N/A;N/A;N/A;N/A;N/A;N/A;N/A;N/A;N/A;N/A;N/A;N/A;N/A;N/A;N/A;N/A;N/A;N/A;N/A;N/A;N/A;N/A;N/A;N/A;N/A;Sí;N/A;N/A;N/A;N/A;N/A;N/A;N/A;N/A;N/A;N/A;N/A;N/A;N/A;N/A;N/A;N/A;N/A;Sí;No;N/A;N/A;N/A;N/A;N/A;N/A;N/A;N/A;N/A;N/A;N/A;N/A;N/A;N/A;N/A;N/A;N/A;N/A;N/A;N/A;N/A;N/A;N/A;N/A;N/A;N/A;N/A;N/A;N/A;N/A;N/A;N/A;N/A;Sí;Sí;Sí;Sí;Sí;Sí;Sí;N/A;N/A;Sí;N/A;N/A;N/A;N/A;Sí;Sí;Sí;N/A;Sí;N/A;Sí;N/A;N/A;N/A;N/A;Sí
Hyundai;HB20;"1.6 Comfort Plus 5p";2017;"155000 km";;ROBERTOMAZONDOAUTOMOVILES;14990;;;;;Rivera;https://auto.mercadolibre.com.uy/MLU-698309582-hyundai-hb20-2017-16-comfort-plus-5p-_JM;N/A;;"Hyundai Hb20 2017 1.6 Comfort Plus 5p";usd;Sí;silver;false;N/A;N/A;http://perfil.mercadolibre.com.uy/ROBERTOMAZONDOAUTOMOVILES;active;N/A;N/A;Usado;Blanco;N/A;Hidráulica;Delantera;Sí;N/A;Sí;N/A;N/A;N/A;N/A;N/A;N/A;N/A;N/A;N/A;N/A;N/A;N/A;N/A;N/A;N/A;N/A;N/A;N/A;N/A;N/A;N/A;N/A;"2500 mm";"1.6 L";"50 L";6;N/A;N/A;N/A;N/A;N/A;N/A;N/A;N/A;N/A;N/A;N/A;N/A;N/A;N/A;N/A;N/A;N/A;N/A;N/A;N/A;N/A;N/A;N/A;N/A;N/A;N/A;N/A;N/A;N/A;N/A;N/A;N/A;N/A;Sí;Sí;N/A;N/A;N/A;N/A;N/A;N/A;N/A;N/A;N/A;N/A;"1470 mm";"3920 mm";N/A;N/A;N/A;N/A;5;"122 hp";"Comfort Plus";N/A;4;"1680 mm";N/A;N/A;N/A;N/A;Sí;N/A;N/A;Sí;Sí;N/A;N/A;"13.8 km/l";N/A;N/A;N/A;N/A;N/A;"de 9 a 21 hs";5;1.6;Nafta;Manual;Hatchback;"Autos y camionetas";N/A;N/A;N/A;N/A;N/A;N/A;UY;N/A;N/A;N/A;N/A;N/A;N/A;N/A;N/A;N/A;N/A;N/A;N/A;N/A;N/A;N/A;N/A;N/A;N/A;N/A;N/A;N/A;N/A;N/A;N/A;N/A;N/A;N/A;N/A;N/A;N/A;N/A;N/A;N/A;N/A;N/A;N/A;N/A;N/A;N/A;N/A;N/A;N/A;N/A;N/A;N/A;N/A;N/A;N/A;N/A;N/A;N/A;N/A;N/A;N/A;N/A;N/A;N/A;N/A;N/A;N/A;N/A;N/A;N/A;N/A;N/A;N/A;N/A;N/A;N/A;N/A;N/A;N/A;N/A;N/A;N/A;N/A;N/A;N/A;N/A;N/A;N/A;N/A;N/A;N/A;N/A;N/A;N/A;N/A;N/A;N/A;N/A;N/A;N/A;N/A;N/A;N/A;N/A;N/A;N/A;N/A;N/A;N/A;N/A;N/A;N/A;Sí;N/A;N/A;N/A;Sí;N/A;N/A;Sí;N/A;Sí
Hyundai;HB20;"1.0 Premium Mt";2024;"0 km";;WOHLERAUTOMOVILES;19990;;;;;Florida;https://auto.mercadolibre.com.uy/MLU-675663224-hyundai-new-hb20-premium-10-hatch-0km-entrega-inmediata-_JM;N/A;;"Hyundai New Hb20 Premium 1.0 Hatch 0km Entrega Inmediata!!!";usd;Sí;silver;false;N/A;N/A;http://perfil.mercadolibre.com.uy/WOHLERAUTOMOVILES;active;N/A;N/A;Nuevo;Dorado;N/A;Hidráulica;Delantera;Sí;Sí;Sí;N/A;N/A;No;N/A;N/A;No;N/A;N/A;Sí;Sí;N/A;Sí;N/A;N/A;N/A;N/A;N/A;N/A;N/A;N/A;N/A;N/A;"2500 mm";"1 L";"50 L";6;N/A;N/A;N/A;N/A;N/A;No;N/A;N/A;N/A;N/A;N/A;N/A;N/A;N/A;N/A;N/A;N/A;N/A;N/A;N/A;N/A;N/A;N/A;N/A;N/A;N/A;N/A;N/A;N/A;No;N/A;N/A;N/A;Sí;Sí;N/A;N/A;N/A;N/A;N/A;N/A;N/A;N/A;N/A;N/A;"1470 mm";"3920 mm";N/A;N/A;N/A;N/A;5;"80 hp";N/A;N/A;4;"1680 mm";N/A;Sí;N/A;No;Sí;N/A;Sí;Sí;Sí;No;N/A;"13.8 km/l";No;Sí;N/A;N/A;Sí;N/A;5;1.0;Nafta;Manual;Hatchback;"Autos y camionetas";Sí;N/A;N/A;N/A;No;N/A;UY;N/A;Sí;N/A;Sí;N/A;N/A;N/A;N/A;N/A;N/A;N/A;N/A;N/A;N/A;N/A;N/A;N/A;Sí;N/A;N/A;N/A;N/A;N/A;N/A;N/A;N/A;N/A;N/A;N/A;N/A;N/A;N/A;N/A;N/A;N/A;N/A;Sí;N/A;N/A;N/A;N/A;N/A;N/A;N/A;N/A;N/A;N/A;N/A;N/A;N/A;N/A;N/A;N/A;N/A;Sí;No;N/A;N/A;N/A;N/A;N/A;N/A;N/A;N/A;N/A;N/A;N/A;N/A;N/A;N/A;N/A;N/A;N/A;N/A;N/A;N/A;N/A;N/A;N/A;N/A;N/A;N/A;N/A;N/A;N/A;N/A;N/A;N/A;No;Sí;Sí;Sí;N/A;Sí;N/A;N/A;N/A;N/A;Sí;No;No;Sí;N/A;N/A;Sí;Sí;Sí;Sí;No;Sí;No;No;Sí;N/A;Sí
Hyundai;Creta;"1.0T Limited AT";2024;"0 km";;WOHLERAUTOMOVILES;35490;;;;;Florida;https://auto.mercadolibre.com.uy/MLU-675628036-hyundai-new-creta-limited-10t-0km-entrega-inmediata-_JM;N/A;;"Hyundai New Creta Limited 1.0t 0km Entrega Inmediata!!!";usd;Sí;silver;false;N/A;N/A;http://perfil.mercadolibre.com.uy/WOHLERAUTOMOVILES;active;N/A;N/A;Nuevo;Blanco;N/A;Eléctrica;4x2;Sí;Sí;Sí;N/A;N/A;Sí;N/A;N/A;Sí;N/A;N/A;Sí;Sí;N/A;No;N/A;N/A;N/A;N/A;N/A;N/A;N/A;N/A;N/A;N/A;"2590 mm";"1.6 L";"58 L";5;N/A;N/A;N/A;N/A;N/A;Sí;N/A;N/A;N/A;N/A;N/A;N/A;N/A;N/A;N/A;N/A;N/A;N/A;N/A;N/A;N/A;N/A;N/A;N/A;N/A;N/A;N/A;N/A;N/A;No;N/A;N/A;N/A;Sí;Sí;N/A;N/A;N/A;N/A;N/A;N/A;N/A;N/A;N/A;N/A;"1635 mm";"4440 mm";N/A;N/A;N/A;N/A;5;"163 hp";"Limited Premium";N/A;4;"1898 mm";N/A;Sí;N/A;Sí;Sí;N/A;Sí;Sí;N/A;Sí;N/A;N/A;No;Sí;N/A;N/A;Sí;N/A;5;1.0;Nafta;"Automática secuencial";SUV;"Autos y camionetas";Sí;N/A;N/A;N/A;No;N/A;UY;N/A;Sí;N/A;Sí;N/A;N/A;N/A;N/A;N/A;N/A;N/A;N/A;N/A;N/A;N/A;N/A;N/A;Sí;N/A;N/A;N/A;N/A;N/A;N/A;N/A;N/A;N/A;N/A;N/A;N/A;N/A;N/A;N/A;N/A;N/A;N/A;Sí;N/A;N/A;N/A;N/A;N/A;N/A;N/A;N/A;N/A;N/A;N/A;N/A;N/A;N/A;N/A;N/A;N/A;Sí;No;N/A;N/A;N/A;N/A;N/A;N/A;N/A;N/A;N/A;N/A;N/A;N/A;N/A;N/A;N/A;N/A;N/A;N/A;N/A;N/A;N/A;N/A;N/A;N/A;N/A;N/A;N/A;N/A;N/A;N/A;N/A;N/A;No;Sí;Sí;Sí;N/A;Sí;N/A;N/A;N/A;N/A;Sí;Sí;Sí;Sí;N/A;N/A;Sí;Sí;Sí;Sí;No;Sí;No;No;Sí;N/A;Sí
Hyundai;Creta;"1.0 T-Gdi Safe At";2023;"0 km";;KONIFANSAHERNANDEZ;31490;;;;;"Colonia del Sacramento";https://auto.mercadolibre.com.uy/MLU-640541677-hyundai-creta-_JM;N/A;;"Hyundai Creta ";usd;Sí;silver;false;N/A;N/A;http://perfil.mercadolibre.com.uy/KONIFANSAHERNANDEZ;active;N/A;N/A;Nuevo;Gris;N/A;N/A;4x2;N/A;N/A;N/A;N/A;N/A;N/A;N/A;N/A;N/A;N/A;N/A;N/A;N/A;N/A;N/A;N/A;N/A;N/A;N/A;N/A;N/A;N/A;N/A;N/A;N/A;"2610 mm";"1 L";"50 L";6;N/A;N/A;N/A;N/A;N/A;N/A;N/A;N/A;N/A;N/A;N/A;N/A;N/A;N/A;N/A;N/A;N/A;N/A;N/A;N/A;N/A;N/A;N/A;N/A;N/A;N/A;N/A;N/A;N/A;N/A;N/A;N/A;N/A;N/A;N/A;N/A;N/A;N/A;N/A;N/A;N/A;N/A;N/A;N/A;N/A;"1635 mm";"4290 mm";N/A;N/A;N/A;N/A;5;"120 hp";Safe;N/A;4;"1790 mm";N/A;N/A;N/A;N/A;N/A;N/A;N/A;N/A;N/A;N/A;N/A;N/A;N/A;N/A;N/A;N/A;N/A;N/A;5;1.0;Nafta;Automática;SUV;"Autos y camionetas";N/A;N/A;N/A;N/A;N/A;N/A;UY;N/A;N/A;N/A;N/A;N/A;N/A;N/A;N/A;N/A;N/A;N/A;N/A;N/A;N/A;N/A;N/A;N/A;N/A;N/A;N/A;N/A;N/A;N/A;N/A;N/A;N/A;N/A;N/A;N/A;N/A;N/A;N/A;N/A;N/A;N/A;N/A;N/A;N/A;N/A;N/A;N/A;N/A;N/A;N/A;N/A;N/A;N/A;N/A;N/A;N/A;N/A;N/A;N/A;N/A;N/A;N/A;N/A;N/A;N/A;N/A;N/A;N/A;N/A;N/A;N/A;N/A;N/A;N/A;N/A;N/A;N/A;N/A;N/A;N/A;N/A;N/A;N/A;N/A;N/A;N/A;N/A;N/A;N/A;N/A;N/A;N/A;N/A;N/A;N/A;N/A;N/A;N/A;N/A;N/A;N/A;N/A;N/A;N/A;N/A;N/A;N/A;N/A;N/A;N/A;N/A;N/A;N/A;N/A;N/A;N/A;N/A;N/A;N/A;N/A;N/A
Hyundai;"Grand i10";1.0;2015;"120000 km";;"FULLCARS AUTOMOVILES";10500;;;;;Juanicó;https://auto.mercadolibre.com.uy/MLU-704745566-hyundai-grand-i10-fullcars-_JM;N/A;;"Hyundai Grand I10 Fullcars";USD;Sí;silver;false;N/A;N/A;http://perfil.mercadolibre.com.uy/FULLCARS+AUTOMOVILES;active;N/A;N/A;Usado;Plateado;N/A;Hidráulica;N/A;N/A;N/A;N/A;N/A;N/A;N/A;N/A;N/A;N/A;N/A;N/A;N/A;N/A;N/A;N/A;N/A;N/A;N/A;N/A;N/A;N/A;N/A;N/A;N/A;N/A;N/A;N/A;N/A;N/A;N/A;N/A;N/A;N/A;N/A;N/A;N/A;N/A;N/A;N/A;N/A;N/A;N/A;N/A;N/A;N/A;N/A;N/A;N/A;N/A;N/A;N/A;N/A;N/A;N/A;N/A;N/A;N/A;N/A;N/A;N/A;N/A;N/A;N/A;N/A;N/A;N/A;N/A;N/A;N/A;N/A;N/A;N/A;N/A;N/A;N/A;N/A;N/A;N/A;N/A;N/A;N/A;N/A;N/A;N/A;N/A;N/A;N/A;N/A;N/A;N/A;N/A;N/A;N/A;N/A;N/A;N/A;N/A;N/A;N/A;N/A;N/A;N/A;N/A;N/A;4;1.0;Nafta;Manual;Hatchback;"Autos y camionetas";N/A;N/A;N/A;N/A;N/A;N/A;N/A;N/A;N/A;N/A;N/A;N/A;N/A;N/A;N/A;N/A;N/A;N/A;N/A;N/A;N/A;N/A;N/A;N/A;N/A;N/A;N/A;N/A;N/A;N/A;N/A;N/A;N/A;N/A;N/A;N/A;N/A;N/A;N/A;N/A;N/A;N/A;N/A;N/A;N/A;N/A;N/A;N/A;N/A;N/A;N/A;N/A;N/A;N/A;N/A;N/A;N/A;N/A;N/A;N/A;N/A;N/A;N/A;N/A;N/A;N/A;N/A;N/A;N/A;N/A;N/A;N/A;N/A;N/A;N/A;N/A;N/A;N/A;N/A;N/A;N/A;N/A;N/A;N/A;N/A;N/A;N/A;N/A;N/A;N/A;N/A;N/A;N/A;N/A;N/A;N/A;N/A;N/A;N/A;N/A;N/A;N/A;N/A;N/A;N/A;N/A;N/A;N/A;N/A;N/A;N/A;N/A;N/A;N/A;N/A;N/A;N/A;N/A;N/A;N/A;N/A;N/A
Hyundai;Ioniq;"1.6 Gdi Hibrido At 5p";2018;"117000 km";;"FULLCARS AUTOMOVILES";19900;;;;;Juanicó;https://auto.mercadolibre.com.uy/MLU-704549910-hyundai-ioniq-16-gdi-hibrido-at-5p-_JM;N/A;;"Hyundai Ioniq 1.6 Gdi Hibrido At 5p";usd;Sí;silver;false;N/A;N/A;http://perfil.mercadolibre.com.uy/FULLCARS+AUTOMOVILES;active;N/A;N/A;Usado;Blanco;N/A;Hidráulica;Delantera;Sí;N/A;N/A;N/A;N/A;N/A;N/A;N/A;N/A;N/A;N/A;N/A;N/A;N/A;N/A;N/A;N/A;N/A;N/A;N/A;N/A;N/A;N/A;N/A;N/A;"2440 mm";"1.6 L";"45 L";5;N/A;N/A;N/A;N/A;N/A;N/A;N/A;N/A;N/A;N/A;N/A;N/A;N/A;N/A;N/A;N/A;N/A;N/A;N/A;N/A;N/A;N/A;N/A;N/A;N/A;N/A;N/A;N/A;N/A;N/A;N/A;N/A;N/A;N/A;N/A;N/A;N/A;N/A;N/A;N/A;N/A;N/A;N/A;N/A;N/A;"1395 mm";"4235 mm";N/A;N/A;N/A;N/A;5;"92 hp";N/A;N/A;3;"1670 mm";"7.2 km/l";N/A;N/A;N/A;N/A;N/A;N/A;N/A;N/A;N/A;N/A;"4.5 km/l";N/A;N/A;N/A;N/A;N/A;N/A;5;1.6;Híbrido;Automática;Hatchback;"Autos y camionetas";N/A;N/A;N/A;N/A;N/A;N/A;UY;N/A;N/A;N/A;N/A;N/A;N/A;N/A;N/A;N/A;N/A;N/A;N/A;N/A;N/A;N/A;N/A;N/A;N/A;N/A;N/A;N/A;N/A;N/A;N/A;N/A;N/A;N/A;N/A;N/A;N/A;N/A;N/A;N/A;N/A;N/A;N/A;N/A;N/A;N/A;N/A;N/A;N/A;N/A;N/A;N/A;N/A;N/A;N/A;N/A;N/A;N/A;N/A;N/A;N/A;N/A;N/A;N/A;N/A;N/A;N/A;N/A;N/A;N/A;N/A;N/A;N/A;N/A;N/A;N/A;N/A;N/A;N/A;N/A;N/A;N/A;N/A;N/A;N/A;N/A;N/A;N/A;N/A;N/A;N/A;N/A;N/A;N/A;N/A;N/A;Sí;N/A;N/A;N/A;N/A;N/A;N/A;N/A;N/A;N/A;N/A;N/A;N/A;N/A;N/A;N/A;N/A;N/A;N/A;N/A;N/A;N/A;N/A;N/A;N/A;N/A
Hyundai;HB20;"1.6 Comfort Plus 5p";2018;"125000 km";;"FULLCARS AUTOMOVILES";12500;;;;;Juanicó;https://auto.mercadolibre.com.uy/MLU-704523878-hyundai-hb20-16-comfort-plus-5p-_JM;N/A;;"Hyundai Hb20 1.6 Comfort Plus 5p";usd;Sí;silver;false;N/A;N/A;http://perfil.mercadolibre.com.uy/FULLCARS+AUTOMOVILES;active;N/A;N/A;Usado;Dorado;N/A;Hidráulica;Delantera;Sí;N/A;Sí;N/A;N/A;N/A;N/A;N/A;N/A;N/A;N/A;N/A;N/A;N/A;N/A;N/A;N/A;N/A;N/A;N/A;N/A;N/A;N/A;N/A;N/A;"2500 mm";"1.6 L";"50 L";6;N/A;N/A;N/A;N/A;N/A;N/A;N/A;N/A;N/A;N/A;N/A;N/A;N/A;N/A;N/A;N/A;N/A;N/A;N/A;N/A;N/A;N/A;N/A;N/A;N/A;N/A;N/A;N/A;N/A;N/A;N/A;N/A;N/A;Sí;Sí;N/A;N/A;N/A;N/A;N/A;N/A;N/A;N/A;N/A;N/A;"1470 mm";"3920 mm";N/A;N/A;N/A;N/A;5;"122 hp";"Comfort Plus";N/A;4;"1680 mm";N/A;N/A;N/A;N/A;Sí;N/A;N/A;Sí;Sí;N/A;N/A;"13.8 km/l";N/A;N/A;N/A;N/A;N/A;N/A;5;1.6;Nafta;Manual;Hatchback;"Autos y camionetas";N/A;N/A;N/A;N/A;N/A;N/A;UY;N/A;N/A;N/A;N/A;N/A;N/A;N/A;N/A;N/A;N/A;N/A;N/A;N/A;N/A;N/A;N/A;N/A;N/A;N/A;N/A;N/A;N/A;N/A;N/A;N/A;N/A;N/A;N/A;N/A;N/A;N/A;N/A;N/A;N/A;N/A;N/A;N/A;N/A;N/A;N/A;N/A;N/A;N/A;N/A;N/A;N/A;N/A;N/A;N/A;N/A;N/A;N/A;N/A;N/A;N/A;N/A;N/A;N/A;N/A;N/A;N/A;N/A;N/A;N/A;N/A;N/A;N/A;N/A;N/A;N/A;N/A;N/A;N/A;N/A;N/A;N/A;N/A;N/A;N/A;N/A;N/A;N/A;N/A;N/A;N/A;N/A;N/A;N/A;N/A;N/A;N/A;N/A;N/A;N/A;N/A;N/A;N/A;N/A;N/A;N/A;N/A;N/A;N/A;N/A;N/A;Sí;N/A;N/A;N/A;Sí;N/A;N/A;Sí;N/A;Sí
Hyundai;Accent;"1.4 Cvvt Gl Full Hatchback";2014;"198000 km";;"PALERMO AUTOMOVILES";9990;;;;;"Lomas de Solymar";https://auto.mercadolibre.com.uy/MLU-703992916-hyundai-accent-_JM;N/A;;"Hyundai Accent";usd;Sí;silver;false;N/A;N/A;http://perfil.mercadolibre.com.uy/PALERMO+AUTOMOVILES;active;N/A;N/A;Usado;Negro;N/A;N/A;Delantera;N/A;N/A;N/A;N/A;N/A;N/A;N/A;N/A;N/A;N/A;N/A;N/A;N/A;N/A;N/A;N/A;N/A;N/A;N/A;N/A;N/A;N/A;N/A;N/A;N/A;"2570 mm";"1.4 L";"43 L";6;N/A;N/A;N/A;N/A;N/A;N/A;N/A;N/A;N/A;N/A;N/A;N/A;N/A;N/A;N/A;N/A;N/A;N/A;N/A;N/A;N/A;N/A;N/A;N/A;N/A;N/A;N/A;N/A;N/A;N/A;N/A;N/A;N/A;N/A;N/A;N/A;N/A;N/A;N/A;N/A;N/A;N/A;N/A;N/A;N/A;"1450 mm";"4115 mm";N/A;N/A;N/A;N/A;5;"108 hp";Gl;N/A;4;"1700 mm";N/A;N/A;N/A;N/A;N/A;N/A;N/A;N/A;N/A;N/A;N/A;N/A;N/A;N/A;N/A;N/A;N/A;"Lunes a Viernes de 9 a 18 y Sáb 9 a 13";5;1.4;Nafta;Manual;Hatchback;"Autos y camionetas";N/A;N/A;N/A;N/A;N/A;N/A;UY;N/A;N/A;N/A;N/A;N/A;N/A;N/A;N/A;N/A;N/A;N/A;N/A;N/A;N/A;N/A;N/A;N/A;N/A;N/A;N/A;N/A;N/A;N/A;N/A;N/A;N/A;N/A;N/A;N/A;N/A;N/A;N/A;N/A;N/A;N/A;N/A;N/A;N/A;N/A;N/A;N/A;N/A;N/A;N/A;N/A;N/A;N/A;N/A;N/A;N/A;N/A;N/A;N/A;N/A;N/A;N/A;N/A;N/A;N/A;N/A;N/A;N/A;N/A;N/A;N/A;N/A;N/A;N/A;N/A;N/A;N/A;N/A;N/A;N/A;N/A;N/A;N/A;N/A;N/A;N/A;N/A;N/A;N/A;N/A;N/A;N/A;N/A;N/A;N/A;N/A;N/A;N/A;N/A;N/A;N/A;N/A;N/A;N/A;N/A;N/A;N/A;N/A;N/A;N/A;N/A;N/A;N/A;N/A;N/A;N/A;N/A;N/A;N/A;N/A;N/A
Hyundai;Sonata;"Gls emp 2017";2015;"107000 km";;CHIQUIAR_AUTOMOTORES;22900;;;;;Pando;https://auto.mercadolibre.com.uy/MLU-646470315-hyundai-sonata-gls-emp-2017-24-impecable-permutofinancio-_JM;N/A;;"Hyundai Sonata Gls Emp 2017 2.4 Impecable! -permuto/financio";USD;Sí;silver;false;N/A;N/A;http://perfil.mercadolibre.com.uy/CHIQUIAR_AUTOMOTORES;active;N/A;N/A;Usado;Blanco;N/A;Hidráulica;N/A;Sí;Sí;Sí;Sí;Sí;N/A;Sí;Sí;Sí;N/A;Sí;Sí;Sí;N/A;Sí;N/A;N/A;N/A;N/A;N/A;N/A;N/A;N/A;N/A;N/A;N/A;"2400 cc";N/A;N/A;N/A;N/A;N/A;N/A;Sí;N/A;Sí;N/A;N/A;N/A;N/A;N/A;N/A;N/A;N/A;N/A;N/A;N/A;N/A;N/A;N/A;Sí;N/A;Sí;N/A;Sí;N/A;Sí;N/A;N/A;N/A;N/A;N/A;N/A;N/A;N/A;Sí;N/A;N/A;N/A;N/A;N/A;Sí;N/A;N/A;N/A;N/A;N/A;N/A;N/A;N/A;N/A;N/A;Gls;N/A;N/A;N/A;"10 km/l";N/A;N/A;Sí;Sí;Sí;Sí;Sí;Sí;Sí;N/A;"12 km/l";N/A;Sí;N/A;N/A;N/A;"Lun. a Vie. de 9 a 12 y 13 a 18 hs. Sáb. de 9 a 12 hs";4;2.4;Nafta;Automática;Sedán;"Autos y camionetas";No;N/A;N/A;N/A;No;N/A;N/A;No;Sí;No;No;N/A;N/A;N/A;N/A;N/A;N/A;N/A;N/A;N/A;N/A;N/A;N/A;N/A;N/A;N/A;N/A;N/A;N/A;N/A;N/A;N/A;N/A;N/A;N/A;N/A;N/A;N/A;N/A;N/A;N/A;N/A;N/A;N/A;N/A;N/A;N/A;N/A;N/A;N/A;N/A;N/A;N/A;N/A;N/A;N/A;N/A;N/A;N/A;N/A;N/A;N/A;No;N/A;N/A;N/A;N/A;N/A;N/A;N/A;N/A;N/A;N/A;N/A;N/A;N/A;N/A;N/A;N/A;N/A;N/A;N/A;N/A;N/A;N/A;N/A;N/A;N/A;N/A;N/A;N/A;N/A;N/A;N/A;N/A;N/A;Sí;Sí;Sí;Sí;Sí;N/A;Sí;N/A;Sí;Sí;Sí;Sí;N/A;N/A;Sí;Sí;Sí;N/A;Sí;Sí;Sí;Sí;N/A;Sí;N/A;Sí
Hyundai;Tucson;"1.6 Tgdi Tct";2017;"52300 km";;"AUTOMOTORA AUTOBOULEVARD.";28900;;;;;"Tres Cruces";https://auto.mercadolibre.com.uy/MLU-645684451-hyundai-tucson-2017-ex-full-16-impecable-estado-_JM;N/A;;"°hyundai Tucson 2017 Ex. Full 1.6. Impecable Estado!!";usd;Sí;silver;false;N/A;N/A;http://perfil.mercadolibre.com.uy/AUTOMOTORA+AUTOBOULEVARD.;active;N/A;N/A;Usado;Blanco;N/A;Hidráulica;4x2;Sí;N/A;N/A;N/A;N/A;N/A;N/A;N/A;N/A;N/A;N/A;N/A;N/A;N/A;N/A;N/A;N/A;N/A;N/A;N/A;N/A;N/A;N/A;N/A;N/A;"2670 mm";"1.6 L";"62 L";7;N/A;N/A;N/A;N/A;N/A;N/A;N/A;N/A;N/A;N/A;N/A;N/A;N/A;N/A;N/A;N/A;N/A;N/A;N/A;N/A;N/A;N/A;N/A;N/A;N/A;N/A;N/A;N/A;N/A;N/A;N/A;N/A;N/A;N/A;N/A;N/A;N/A;N/A;N/A;N/A;N/A;N/A;N/A;N/A;N/A;"1660 mm";"4475 mm";N/A;N/A;N/A;N/A;5;"132 hp";N/A;N/A;4;"1850 mm";N/A;N/A;N/A;N/A;N/A;N/A;N/A;N/A;N/A;N/A;N/A;N/A;N/A;N/A;N/A;N/A;N/A;"Lunes a Viernes de 9 a 19hs";5;1.6;Nafta;Automática;Hatchback;"Autos y camionetas";N/A;N/A;N/A;N/A;N/A;N/A;UY;N/A;N/A;N/A;N/A;N/A;N/A;N/A;N/A;N/A;N/A;N/A;N/A;N/A;N/A;N/A;N/A;N/A;N/A;N/A;N/A;N/A;N/A;N/A;N/A;N/A;N/A;N/A;N/A;N/A;N/A;N/A;N/A;N/A;N/A;N/A;N/A;N/A;N/A;N/A;N/A;N/A;N/A;N/A;N/A;N/A;N/A;N/A;N/A;N/A;N/A;N/A;N/A;N/A;N/A;N/A;N/A;N/A;N/A;N/A;N/A;N/A;N/A;N/A;N/A;N/A;N/A;N/A;N/A;N/A;N/A;N/A;N/A;N/A;N/A;N/A;N/A;N/A;N/A;N/A;N/A;N/A;N/A;N/A;N/A;N/A;N/A;N/A;N/A;N/A;Sí;N/A;N/A;N/A;N/A;N/A;N/A;N/A;N/A;Sí;N/A;N/A;N/A;N/A;N/A;N/A;N/A;N/A;N/A;N/A;N/A;N/A;N/A;N/A;N/A;N/A
Hyundai;HB20;"1.0 Comfort Mt";2023;"0 km";;WOHLERAUTOMOVILES;16990;;;;;Florida;https://auto.mercadolibre.com.uy/MLU-675901432-hyundai-hb20-new-comfort-0km-entrega-inmediata-desde-16990-_JM;N/A;;"Hyundai Hb20 New Comfort 0km Entrega Inmediata Desde 16990!!";usd;Sí;silver;false;N/A;N/A;http://perfil.mercadolibre.com.uy/WOHLERAUTOMOVILES;active;N/A;N/A;Nuevo;Plateado;N/A;Hidráulica;Delantera;Sí;Sí;Sí;N/A;N/A;No;N/A;N/A;No;N/A;N/A;No;Sí;N/A;No;N/A;N/A;N/A;N/A;N/A;N/A;N/A;N/A;N/A;N/A;"2500 mm";"1 L";"50 L";6;N/A;N/A;N/A;N/A;N/A;No;N/A;N/A;N/A;N/A;N/A;N/A;N/A;N/A;N/A;N/A;N/A;N/A;N/A;N/A;N/A;N/A;N/A;N/A;N/A;N/A;N/A;N/A;N/A;No;N/A;N/A;N/A;Sí;Sí;N/A;N/A;N/A;N/A;N/A;N/A;N/A;N/A;N/A;N/A;"1470 mm";"3920 mm";N/A;N/A;N/A;N/A;5;"101 hp";N/A;N/A;4;"1680 mm";N/A;No;N/A;No;Sí;N/A;Sí;Sí;Sí;No;N/A;"13.8 km/l";No;Sí;N/A;N/A;Sí;N/A;5;1.0;Nafta;Manual;Hatchback;"Autos y camionetas";Sí;N/A;N/A;N/A;No;N/A;UY;N/A;Sí;N/A;No;N/A;N/A;N/A;N/A;N/A;N/A;N/A;N/A;N/A;N/A;N/A;N/A;N/A;No;N/A;N/A;N/A;N/A;N/A;N/A;N/A;N/A;N/A;N/A;N/A;N/A;N/A;N/A;N/A;N/A;N/A;N/A;Sí;N/A;N/A;N/A;N/A;N/A;N/A;N/A;N/A;N/A;N/A;N/A;N/A;N/A;N/A;N/A;N/A;N/A;Sí;No;N/A;N/A;N/A;N/A;N/A;N/A;N/A;N/A;N/A;N/A;N/A;N/A;N/A;N/A;N/A;N/A;N/A;N/A;N/A;N/A;N/A;N/A;N/A;N/A;N/A;N/A;N/A;N/A;N/A;N/A;N/A;N/A;No;Sí;No;No;N/A;Sí;N/A;N/A;N/A;N/A;Sí;No;No;Sí;N/A;N/A;Sí;Sí;Sí;Sí;Sí;Sí;No;Sí;Sí;N/A;Sí
Hyundai;HB20;"1.6 Comfort Plus 5p";2017;"60675 km";;WOHLERAUTOMOVILES;13900;;;;;Florida;https://auto.mercadolibre.com.uy/MLU-704290826-hyundai-hb20-comfort-plus-16-2017-unico-dueno-igual-a-nuevo-_JM;N/A;;"Hyundai Hb20 Comfort Plus 1.6 2017 Unico Dueño Igual A Nuevo";usd;Sí;silver;false;N/A;N/A;http://perfil.mercadolibre.com.uy/WOHLERAUTOMOVILES;active;N/A;N/A;Usado;Plateado;Sí;Hidráulica;Delantera;Sí;Sí;Sí;N/A;N/A;No;N/A;N/A;No;N/A;N/A;No;N/A;N/A;Sí;N/A;N/A;N/A;N/A;N/A;N/A;N/A;N/A;N/A;N/A;"2500 mm";"1.6 L";"50 L";6;N/A;N/A;N/A;N/A;N/A;No;N/A;N/A;N/A;N/A;N/A;N/A;N/A;N/A;N/A;N/A;N/A;N/A;N/A;N/A;N/A;N/A;N/A;N/A;N/A;N/A;N/A;N/A;N/A;No;N/A;N/A;N/A;Sí;Sí;N/A;N/A;N/A;N/A;N/A;N/A;N/A;N/A;N/A;N/A;"1470 mm";"3920 mm";N/A;N/A;N/A;N/A;5;"122 hp";"Comfort Plus";N/A;4;"1680 mm";N/A;No;N/A;No;Sí;N/A;Sí;Sí;Sí;No;N/A;"13.8 km/l";No;Sí;N/A;N/A;Sí;"Lunes a viernes de 8 a 12 y 14 a 19; sábados de 8 a 13 hs";5;1.6;Nafta;Manual;Hatchback;"Autos y camionetas";Sí;N/A;N/A;N/A;No;N/A;UY;N/A;Sí;N/A;Sí;N/A;N/A;N/A;N/A;N/A;N/A;N/A;N/A;N/A;N/A;N/A;N/A;N/A;No;N/A;N/A;N/A;N/A;N/A;N/A;N/A;N/A;N/A;N/A;N/A;N/A;N/A;N/A;N/A;N/A;N/A;N/A;No;N/A;N/A;N/A;N/A;N/A;N/A;N/A;N/A;N/A;N/A;N/A;N/A;N/A;N/A;N/A;N/A;N/A;Sí;No;N/A;N/A;N/A;N/A;N/A;N/A;N/A;N/A;N/A;N/A;N/A;N/A;N/A;N/A;N/A;N/A;N/A;N/A;N/A;N/A;N/A;N/A;N/A;N/A;N/A;N/A;N/A;N/A;N/A;N/A;N/A;N/A;No;Sí;Sí;No;N/A;Sí;N/A;N/A;N/A;N/A;Sí;No;No;Sí;N/A;N/A;No;Sí;Sí;Sí;Sí;Sí;Sí;No;Sí;N/A;Sí
Hyundai;"Vera Cruz";"V6 4x4";2008;"190000 km";;"ETCHENIQUE AUTOMÓVILES";13900;;;;;Centro;https://auto.mercadolibre.com.uy/MLU-690771728-hyundai-veracruz-38-4x4-at-excelente-estado-_JM;N/A;;"Hyundai Veracruz 3.8 4x4 At Excelente Estado ";USD;Sí;silver;false;N/A;N/A;http://perfil.mercadolibre.com.uy/ETCHENIQUE+AUTOM%C3%93VILES;active;N/A;N/A;Usado;Gris;N/A;Hidráulica;4x4;Sí;Sí;N/A;N/A;N/A;N/A;N/A;N/A;Sí;N/A;N/A;Sí;Sí;N/A;Sí;N/A;N/A;N/A;N/A;N/A;N/A;N/A;N/A;N/A;N/A;N/A;N/A;N/A;N/A;N/A;N/A;N/A;N/A;N/A;N/A;N/A;N/A;N/A;N/A;N/A;N/A;N/A;N/A;N/A;N/A;N/A;N/A;N/A;N/A;N/A;N/A;N/A;N/A;N/A;N/A;N/A;N/A;N/A;N/A;N/A;N/A;N/A;N/A;N/A;N/A;N/A;N/A;N/A;N/A;N/A;N/A;N/A;N/A;N/A;N/A;N/A;N/A;N/A;N/A;N/A;N/A;N/A;N/A;N/A;N/A;N/A;N/A;Sí;N/A;Sí;Sí;N/A;Sí;Sí;N/A;Sí;N/A;N/A;N/A;N/A;N/A;N/A;N/A;"Lunes a Viernes de 9:00 a 19:00 y Sábados de 9:00 a 13:00hs.";5;3.8;Nafta;"Automática secuencial";SUV;"Autos y camionetas";N/A;N/A;N/A;N/A;N/A;N/A;N/A;N/A;Sí;N/A;N/A;N/A;N/A;N/A;N/A;N/A;N/A;N/A;N/A;N/A;N/A;N/A;N/A;N/A;N/A;N/A;N/A;N/A;N/A;N/A;N/A;N/A;N/A;N/A;N/A;N/A;N/A;N/A;N/A;N/A;N/A;N/A;N/A;N/A;N/A;N/A;N/A;N/A;N/A;N/A;N/A;N/A;N/A;N/A;N/A;N/A;N/A;N/A;N/A;N/A;N/A;N/A;N/A;N/A;N/A;N/A;N/A;N/A;N/A;N/A;N/A;N/A;N/A;N/A;N/A;N/A;N/A;N/A;N/A;N/A;N/A;N/A;N/A;N/A;N/A;N/A;N/A;N/A;N/A;N/A;N/A;N/A;N/A;N/A;N/A;N/A;Sí;N/A;Sí;N/A;Sí;N/A;N/A;N/A;N/A;Sí;N/A;N/A;N/A;N/A;N/A;N/A;Sí;N/A;Sí;N/A;N/A;Sí;N/A;Sí;N/A;N/A
Hyundai;Ioniq;"1.6 Gdi Hibrido At 5p";2020;"57000 km";;"MASANTI AUTOMOVILES_JAVIER";27900;;;;;"Barros Blancos";https://auto.mercadolibre.com.uy/MLU-694396566-hyundai-ioniq-2020-facelift-16-hibrido-at-5p-masanti-_JM;N/A;;"Hyundai Ioniq 2020 Facelift 1.6 Hibrido At 5p Masanti";usd;Sí;silver;false;N/A;N/A;http://perfil.mercadolibre.com.uy/MASANTI+AUTOMOVILES_JAVIER;active;N/A;N/A;Usado;Blanco;Sí;N/A;Delantera;Sí;Sí;N/A;N/A;N/A;N/A;N/A;N/A;Sí;N/A;N/A;Sí;Sí;N/A;N/A;N/A;N/A;N/A;N/A;N/A;N/A;N/A;N/A;N/A;N/A;"2440 mm";"1.6 L";"45 L";5;N/A;N/A;N/A;N/A;N/A;Sí;N/A;N/A;N/A;N/A;N/A;N/A;N/A;N/A;N/A;N/A;N/A;N/A;N/A;N/A;N/A;N/A;N/A;N/A;N/A;N/A;N/A;N/A;N/A;N/A;N/A;N/A;N/A;N/A;N/A;N/A;N/A;N/A;N/A;N/A;N/A;N/A;N/A;N/A;N/A;"1395 mm";"4235 mm";N/A;N/A;N/A;N/A;5;"92 hp";N/A;N/A;3;"1670 mm";"7.2 km/l";Sí;N/A;Sí;Sí;N/A;Sí;Sí;N/A;N/A;N/A;"4.5 km/l";N/A;N/A;N/A;N/A;N/A;N/A;4;1.6;Híbrido;Automática;Hatchback;"Autos y camionetas";N/A;N/A;N/A;N/A;N/A;N/A;UY;N/A;N/A;N/A;N/A;N/A;N/A;N/A;N/A;N/A;N/A;N/A;N/A;N/A;N/A;N/A;N/A;N/A;Sí;N/A;N/A;N/A;N/A;N/A;N/A;N/A;N/A;N/A;N/A;N/A;N/A;N/A;N/A;N/A;N/A;N/A;N/A;N/A;N/A;N/A;N/A;N/A;N/A;N/A;N/A;N/A;N/A;N/A;N/A;N/A;N/A;N/A;N/A;N/A;N/A;N/A;N/A;N/A;N/A;N/A;N/A;N/A;N/A;N/A;N/A;N/A;N/A;N/A;N/A;N/A;N/A;N/A;N/A;N/A;N/A;N/A;N/A;N/A;N/A;N/A;N/A;N/A;N/A;N/A;N/A;N/A;N/A;N/A;N/A;N/A;Sí;Sí;Sí;N/A;Sí;N/A;N/A;N/A;N/A;Sí;Sí;Sí;Sí;N/A;N/A;Sí;Sí;Sí;Sí;N/A;Sí;N/A;N/A;N/A;N/A;Sí
Hyundai;HB20S;"Confort 1.0";2023;"0 km";;WOHLERAUTOMOVILES;18990;;;;;Florida;https://auto.mercadolibre.com.uy/MLU-695047716-hyundai-new-hb20s-confort-10-0km-entrega-inmediata-_JM;N/A;;"Hyundai New Hb20s Confort 1.0 0km Entrega Inmediata!!!";USD;Sí;silver;false;N/A;N/A;http://perfil.mercadolibre.com.uy/WOHLERAUTOMOVILES;active;N/A;N/A;Nuevo;Blanco;N/A;Eléctrica;Delantera;Sí;Sí;N/A;N/A;N/A;Sí;N/A;N/A;No;N/A;N/A;No;Sí;N/A;Sí;N/A;N/A;N/A;N/A;N/A;N/A;N/A;N/A;N/A;N/A;N/A;N/A;N/A;N/A;N/A;N/A;N/A;N/A;N/A;No;N/A;N/A;N/A;N/A;N/A;N/A;N/A;N/A;N/A;N/A;N/A;N/A;N/A;N/A;N/A;N/A;N/A;N/A;N/A;N/A;N/A;N/A;N/A;No;N/A;N/A;N/A;N/A;N/A;N/A;N/A;N/A;N/A;N/A;N/A;N/A;N/A;N/A;N/A;N/A;N/A;N/A;N/A;N/A;N/A;N/A;N/A;N/A;N/A;N/A;N/A;N/A;Sí;N/A;No;Sí;N/A;Sí;Sí;N/A;No;N/A;N/A;No;Sí;N/A;N/A;No;N/A;4;1.0;Nafta;Manual;Sedán;"Autos y camionetas";Sí;N/A;N/A;N/A;No;N/A;N/A;N/A;Sí;N/A;No;N/A;N/A;N/A;N/A;N/A;N/A;N/A;N/A;N/A;N/A;N/A;N/A;N/A;No;N/A;N/A;N/A;N/A;N/A;N/A;N/A;N/A;N/A;N/A;N/A;N/A;N/A;N/A;N/A;N/A;N/A;N/A;Sí;N/A;N/A;N/A;N/A;N/A;N/A;N/A;N/A;N/A;N/A;N/A;N/A;N/A;N/A;N/A;N/A;N/A;Sí;No;N/A;N/A;N/A;N/A;N/A;N/A;N/A;N/A;N/A;N/A;N/A;N/A;N/A;N/A;N/A;N/A;N/A;N/A;N/A;N/A;N/A;N/A;N/A;N/A;N/A;N/A;N/A;N/A;N/A;N/A;N/A;N/A;No;Sí;No;No;N/A;Sí;N/A;N/A;N/A;N/A;Sí;No;No;Sí;N/A;N/A;Sí;Sí;Sí;Sí;No;Sí;No;No;Sí;N/A;Sí
Hyundai;"Grand i10";"GLS FULL";2015;"137000 km";;"AUTOMOTORA MASAUTOS";10900;;;;;"Tres Cruces";https://auto.mercadolibre.com.uy/MLU-704733472-hyundai-grand-i10-gls-full-10-2015-impecable-_JM;N/A;;"Hyundai Grand I10 Gls Full 1.0 2015 Impecable!";USD;Sí;silver;false;N/A;N/A;http://perfil.mercadolibre.com.uy/AUTOMOTORA+MASAUTOS;active;N/A;N/A;Usado;Naranja;N/A;Hidráulica;N/A;Sí;Sí;Sí;N/A;N/A;N/A;N/A;N/A;N/A;N/A;N/A;N/A;Sí;N/A;Sí;N/A;N/A;N/A;N/A;N/A;N/A;N/A;N/A;N/A;N/A;N/A;"1000 cc";N/A;5;N/A;N/A;Sí;N/A;N/A;N/A;N/A;N/A;N/A;N/A;N/A;N/A;N/A;N/A;N/A;N/A;N/A;N/A;N/A;N/A;N/A;N/A;N/A;N/A;N/A;Sí;N/A;N/A;N/A;N/A;N/A;N/A;N/A;N/A;N/A;N/A;Sí;N/A;N/A;N/A;N/A;N/A;N/A;N/A;N/A;N/A;N/A;N/A;N/A;N/A;N/A;N/A;N/A;Gls;N/A;N/A;N/A;N/A;N/A;N/A;N/A;Sí;N/A;N/A;N/A;N/A;N/A;N/A;N/A;N/A;N/A;N/A;N/A;Sí;"Lun. a Vie. de 9:30 a 18:30 hs. Sáb. de 10 a 14 hs";4;1.0;Nafta;Manual;Hatchback;"Autos y camionetas";No;N/A;N/A;N/A;No;N/A;N/A;No;Sí;No;No;N/A;N/A;N/A;N/A;N/A;N/A;N/A;N/A;N/A;N/A;N/A;N/A;N/A;N/A;N/A;N/A;N/A;N/A;N/A;N/A;N/A;N/A;N/A;N/A;N/A;N/A;N/A;N/A;N/A;N/A;N/A;N/A;N/A;N/A;N/A;N/A;N/A;N/A;N/A;N/A;N/A;N/A;N/A;N/A;N/A;N/A;N/A;N/A;N/A;N/A;N/A;No;N/A;N/A;N/A;N/A;N/A;N/A;N/A;N/A;N/A;N/A;N/A;N/A;N/A;N/A;N/A;N/A;N/A;N/A;N/A;N/A;N/A;N/A;N/A;N/A;N/A;N/A;N/A;N/A;N/A;Sí;N/A;N/A;N/A;Sí;Sí;N/A;N/A;Sí;N/A;Sí;N/A;N/A;Sí;N/A;N/A;N/A;N/A;N/A;N/A;N/A;N/A;Sí;Sí;Sí;N/A;N/A;N/A;N/A;Sí
Hyundai;Creta;"NEW CRETA";2023;"0 km";;"HORACIO BARREIRO";32990;;;;;"Las Piedras";https://auto.mercadolibre.com.uy/MLU-637197299-hyundai-creta-new-creta-00-2023-0km-_JM;N/A;;"Hyundai Creta New Creta 0.0 2023 0km";usd;Sí;silver;false;N/A;N/A;http://perfil.mercadolibre.com.uy/HORACIO+BARREIRO;active;N/A;N/A;Nuevo;"Gris oscuro";N/A;Eléctrica;N/A;Sí;Sí;Sí;Sí;Sí;N/A;Sí;Sí;N/A;N/A;N/A;Sí;Sí;N/A;Sí;N/A;N/A;N/A;N/A;N/A;N/A;N/A;N/A;N/A;N/A;N/A;"3 cc";N/A;N/A;N/A;N/A;Sí;Sí;Sí;Sí;N/A;N/A;N/A;N/A;N/A;N/A;N/A;N/A;N/A;N/A;N/A;N/A;N/A;N/A;N/A;N/A;N/A;Sí;N/A;Sí;N/A;Sí;N/A;N/A;N/A;N/A;N/A;N/A;N/A;N/A;Sí;N/A;N/A;N/A;N/A;N/A;N/A;N/A;N/A;N/A;N/A;N/A;N/A;N/A;N/A;N/A;"120 hp";N/A;N/A;N/A;N/A;"14 km/l";N/A;N/A;N/A;Sí;N/A;Sí;N/A;Sí;N/A;Sí;"14 km/l";N/A;Sí;N/A;N/A;Sí;"Lunes a Sábados de 8 a 19 hs.";4;0.0;Nafta;Automática;SUV;"Autos y camionetas";No;N/A;N/A;N/A;No;N/A;UY;No;Sí;No;No;N/A;N/A;N/A;N/A;N/A;N/A;N/A;N/A;N/A;N/A;N/A;N/A;N/A;N/A;N/A;N/A;N/A;N/A;N/A;N/A;N/A;N/A;N/A;N/A;N/A;N/A;N/A;N/A;N/A;N/A;N/A;N/A;Sí;N/A;N/A;N/A;N/A;N/A;N/A;N/A;N/A;N/A;N/A;N/A;N/A;N/A;N/A;N/A;N/A;N/A;Sí;No;N/A;N/A;N/A;N/A;N/A;N/A;N/A;N/A;N/A;N/A;N/A;N/A;N/A;N/A;N/A;N/A;N/A;N/A;N/A;N/A;N/A;N/A;N/A;N/A;N/A;N/A;N/A;N/A;N/A;N/A;N/A;N/A;N/A;Sí;Sí;Sí;N/A;Sí;N/A;Sí;N/A;Sí;Sí;N/A;N/A;N/A;N/A;N/A;Sí;Sí;N/A;Sí;Sí;Sí;N/A;N/A;N/A;N/A;Sí
Hyundai;HB20;premium;2025;"0 km";;LEASINGCARSRL;19990;;;;;"San Jacinto";https://auto.mercadolibre.com.uy/MLU-647430125-hyundai-hb20-premium-2025-0km-_JM;N/A;;"Hyundai Hb20 Premium 2025 0km";USD;Sí;silver;false;N/A;N/A;http://perfil.mercadolibre.com.uy/LEASINGCARSRL;active;N/A;N/A;Nuevo;Negro;N/A;Eléctrica;N/A;Sí;Sí;Sí;N/A;N/A;N/A;N/A;N/A;N/A;N/A;N/A;Sí;Sí;N/A;N/A;N/A;N/A;N/A;N/A;N/A;N/A;N/A;N/A;N/A;N/A;N/A;"1000 cc";N/A;5;N/A;N/A;N/A;N/A;Sí;N/A;N/A;N/A;N/A;N/A;N/A;N/A;N/A;N/A;N/A;N/A;N/A;N/A;N/A;N/A;N/A;N/A;N/A;N/A;N/A;N/A;N/A;N/A;N/A;N/A;N/A;N/A;N/A;N/A;N/A;N/A;N/A;N/A;N/A;N/A;N/A;N/A;N/A;N/A;N/A;N/A;N/A;N/A;N/A;N/A;N/A;N/A;N/A;Premium;N/A;N/A;N/A;N/A;N/A;N/A;N/A;N/A;Sí;N/A;N/A;N/A;N/A;N/A;N/A;N/A;N/A;N/A;N/A;N/A;"Lunes a Viernes de 9 a 18 hs. - Sábados de 9 a 13 hs.";4;1.0;Nafta;Manual;Hatchback;"Autos y camionetas";No;N/A;N/A;N/A;No;N/A;N/A;No;Sí;No;No;N/A;N/A;N/A;N/A;N/A;N/A;N/A;N/A;N/A;N/A;N/A;N/A;N/A;Sí;N/A;N/A;N/A;N/A;N/A;N/A;N/A;N/A;N/A;N/A;N/A;N/A;N/A;N/A;N/A;N/A;N/A;N/A;Sí;N/A;N/A;N/A;N/A;N/A;N/A;N/A;N/A;N/A;N/A;N/A;N/A;N/A;N/A;N/A;N/A;N/A;Sí;No;N/A;N/A;N/A;N/A;N/A;N/A;N/A;N/A;N/A;N/A;N/A;N/A;N/A;N/A;N/A;N/A;N/A;N/A;N/A;N/A;N/A;N/A;N/A;N/A;N/A;N/A;N/A;N/A;N/A;Sí;N/A;N/A;N/A;Sí;Sí;N/A;Sí;Sí;N/A;N/A;N/A;N/A;Sí;N/A;N/A;N/A;N/A;Sí;Sí;Sí;N/A;Sí;N/A;N/A;N/A;N/A;N/A;N/A;N/A
Hyundai;Tucson;"1.6t Gdi Sport At";2020;"15108 km";;"HORIZONTE AUTOMÓVILES";35000;;;;;Rivera;https://auto.mercadolibre.com.uy/MLU-642764595-hyundai-new-tucson-16-t-gd-_JM;N/A;;"Hyundai New Tucson 1.6 T-gd";usd;Sí;silver;false;N/A;N/A;http://perfil.mercadolibre.com.uy/HORIZONTE+AUTOM%C3%93VILES;active;N/A;N/A;Usado;Blanco;N/A;N/A;4x2;Sí;N/A;N/A;N/A;N/A;N/A;N/A;N/A;N/A;N/A;N/A;N/A;N/A;N/A;N/A;N/A;N/A;N/A;N/A;N/A;N/A;N/A;N/A;N/A;N/A;"2670 mm";"1.6 L";"62 L";7;N/A;N/A;N/A;N/A;N/A;N/A;N/A;N/A;N/A;N/A;N/A;N/A;N/A;N/A;N/A;N/A;N/A;N/A;N/A;N/A;N/A;N/A;N/A;N/A;N/A;N/A;N/A;N/A;N/A;N/A;N/A;N/A;N/A;N/A;N/A;N/A;N/A;N/A;N/A;N/A;N/A;N/A;N/A;N/A;N/A;"1660 mm";"4475 mm";N/A;N/A;N/A;N/A;5;"132 hp";N/A;N/A;4;"1850 mm";N/A;N/A;N/A;N/A;N/A;N/A;N/A;N/A;N/A;N/A;N/A;N/A;N/A;N/A;N/A;N/A;N/A;"Lunes a viernes de 8:30 a 18:30 y sábados de 8:30 a 12:30hs.";5;1.6;Nafta;Automática;SUV;"Autos y camionetas";N/A;N/A;N/A;N/A;N/A;N/A;UY;N/A;N/A;N/A;N/A;N/A;N/A;N/A;N/A;N/A;N/A;N/A;N/A;N/A;N/A;N/A;N/A;N/A;N/A;N/A;N/A;N/A;N/A;N/A;N/A;N/A;N/A;N/A;N/A;N/A;N/A;N/A;N/A;N/A;N/A;N/A;N/A;N/A;N/A;N/A;N/A;N/A;N/A;N/A;N/A;N/A;N/A;N/A;N/A;N/A;N/A;N/A;N/A;N/A;N/A;N/A;N/A;N/A;N/A;N/A;N/A;N/A;N/A;N/A;N/A;N/A;N/A;N/A;N/A;N/A;N/A;N/A;N/A;N/A;N/A;N/A;N/A;N/A;N/A;N/A;N/A;N/A;N/A;N/A;N/A;N/A;N/A;N/A;N/A;N/A;Sí;N/A;N/A;N/A;N/A;N/A;N/A;N/A;N/A;Sí;N/A;N/A;N/A;N/A;N/A;N/A;N/A;N/A;N/A;N/A;N/A;N/A;N/A;N/A;N/A;N/A
Hyundai;HB20S;"1.0 Premium Mt";2024;"0 km";;APPOLONI-AUTOMOVILES;20990;;;;;"Nueva Helvecia";https://auto.mercadolibre.com.uy/MLU-683737344-hyundai-new-hb20s-permuta-financiacion-_JM;N/A;;"Hyundai New Hb20s - Permuta - Financiación";usd;Sí;silver;false;N/A;N/A;http://perfil.mercadolibre.com.uy/APPOLONI-AUTOMOVILES;active;N/A;N/A;Nuevo;Gris;N/A;Hidráulica;Delantera;Sí;N/A;N/A;N/A;N/A;N/A;N/A;N/A;N/A;N/A;N/A;N/A;N/A;N/A;N/A;N/A;N/A;N/A;N/A;N/A;N/A;N/A;N/A;N/A;N/A;"2500 mm";"1 L";"50 L";5;N/A;N/A;N/A;N/A;N/A;N/A;N/A;N/A;N/A;N/A;N/A;N/A;N/A;N/A;N/A;N/A;N/A;N/A;N/A;N/A;N/A;N/A;N/A;N/A;N/A;N/A;N/A;N/A;N/A;N/A;N/A;N/A;N/A;Sí;Sí;N/A;N/A;N/A;N/A;N/A;N/A;N/A;N/A;N/A;N/A;"1500 mm";"4200 mm";N/A;N/A;N/A;N/A;5;"80 hp";Comfort;N/A;4;"1680 mm";N/A;N/A;N/A;N/A;Sí;N/A;N/A;Sí;Sí;N/A;N/A;"12.8 km/l";N/A;N/A;N/A;N/A;N/A;"L - V 8:30 a 12:00 - 14:00 a 18:30. Sab. 8:30 a 12:30";4;1.0;Nafta;Manual;Sedán;"Autos y camionetas";N/A;N/A;N/A;N/A;N/A;N/A;UY;N/A;N/A;N/A;N/A;N/A;N/A;N/A;N/A;N/A;N/A;N/A;N/A;N/A;N/A;N/A;N/A;N/A;N/A;N/A;N/A;N/A;N/A;N/A;N/A;N/A;N/A;N/A;N/A;N/A;N/A;N/A;N/A;N/A;N/A;N/A;N/A;N/A;N/A;N/A;N/A;N/A;N/A;N/A;N/A;N/A;N/A;N/A;N/A;N/A;N/A;N/A;N/A;N/A;N/A;N/A;N/A;N/A;N/A;N/A;N/A;N/A;N/A;N/A;N/A;N/A;N/A;N/A;N/A;N/A;N/A;N/A;N/A;N/A;N/A;N/A;N/A;N/A;N/A;N/A;N/A;N/A;N/A;N/A;N/A;N/A;N/A;N/A;N/A;N/A;N/A;N/A;N/A;N/A;N/A;N/A;N/A;N/A;N/A;N/A;N/A;N/A;N/A;N/A;N/A;N/A;Sí;N/A;N/A;N/A;Sí;N/A;N/A;Sí;N/A;Sí
Hyundai;Kona;Hibrido;2024;"0 km";;EDINSONOSVALDO2011;46990;;;;;"San José de Mayo";https://auto.mercadolibre.com.uy/MLU-679488744-nueva-hyundai-kona-hibrida-limited-2024-_JM;N/A;;"Nueva Hyundai Kona Hibrida Limited 2024";USD;Sí;silver;false;N/A;N/A;http://perfil.mercadolibre.com.uy/EDINSONOSVALDO2011;active;N/A;N/A;Nuevo;Gris;N/A;Eléctrica;Delantera;Sí;Sí;N/A;N/A;N/A;N/A;N/A;N/A;Sí;N/A;N/A;Sí;Sí;N/A;Sí;N/A;N/A;N/A;N/A;N/A;N/A;N/A;N/A;N/A;N/A;N/A;N/A;N/A;N/A;N/A;N/A;N/A;N/A;N/A;N/A;N/A;N/A;N/A;N/A;N/A;N/A;N/A;N/A;N/A;N/A;N/A;N/A;N/A;N/A;N/A;N/A;N/A;N/A;N/A;N/A;N/A;N/A;N/A;N/A;N/A;N/A;N/A;N/A;N/A;N/A;N/A;N/A;N/A;N/A;N/A;N/A;N/A;N/A;N/A;N/A;N/A;N/A;N/A;N/A;N/A;N/A;N/A;N/A;N/A;N/A;N/A;N/A;N/A;N/A;Sí;Sí;N/A;Sí;N/A;N/A;Sí;N/A;N/A;N/A;N/A;N/A;N/A;Sí;N/A;5;"1.6 GDi + 32kW";Híbrido;Automática;Crossover;"Autos y camionetas";N/A;N/A;N/A;N/A;N/A;N/A;N/A;N/A;Sí;N/A;N/A;N/A;N/A;N/A;N/A;N/A;N/A;N/A;N/A;N/A;N/A;N/A;N/A;N/A;Sí;N/A;N/A;N/A;N/A;N/A;N/A;N/A;N/A;N/A;N/A;N/A;N/A;N/A;N/A;N/A;N/A;N/A;N/A;Sí;N/A;N/A;N/A;N/A;N/A;N/A;N/A;N/A;N/A;N/A;N/A;N/A;N/A;N/A;N/A;N/A;N/A;N/A;N/A;N/A;N/A;N/A;N/A;N/A;N/A;N/A;N/A;N/A;N/A;N/A;N/A;N/A;N/A;N/A;N/A;N/A;N/A;N/A;N/A;N/A;N/A;N/A;N/A;N/A;N/A;N/A;N/A;N/A;N/A;N/A;N/A;N/A;Sí;N/A;Sí;N/A;Sí;N/A;N/A;N/A;N/A;Sí;Sí;Sí;Sí;N/A;N/A;N/A;Sí;Sí;Sí;N/A;Sí;N/A;N/A;Sí;N/A;N/A
Hyundai;"KONA ELÉCTRICA";"100% ELÉCTRICO";2025;"0 km";;HYUNDAIPUNTADELESTE;49990;;;;;Maldonado;https://auto.mercadolibre.com.uy/MLU-680490900-hyundai-kona-electrica-_JM;N/A;;"Hyundai Kona Eléctrica ";USD;Sí;silver;false;N/A;N/A;http://perfil.mercadolibre.com.uy/HYUNDAIPUNTADELESTE;active;N/A;N/A;Nuevo;Blanco;N/A;Eléctrica;4x2;Sí;Sí;N/A;N/A;N/A;Sí;N/A;N/A;Sí;N/A;N/A;Sí;Sí;N/A;No;N/A;N/A;N/A;N/A;N/A;N/A;N/A;N/A;N/A;N/A;N/A;N/A;N/A;N/A;N/A;N/A;N/A;N/A;N/A;Sí;N/A;N/A;N/A;N/A;N/A;N/A;N/A;N/A;N/A;N/A;N/A;N/A;N/A;N/A;N/A;N/A;N/A;N/A;N/A;N/A;N/A;N/A;N/A;No;N/A;N/A;N/A;N/A;N/A;N/A;N/A;N/A;N/A;N/A;N/A;N/A;N/A;N/A;N/A;N/A;N/A;N/A;N/A;N/A;N/A;N/A;N/A;N/A;N/A;N/A;N/A;N/A;No;N/A;Sí;Sí;N/A;Sí;Sí;N/A;Sí;N/A;N/A;Sí;Sí;N/A;N/A;Sí;"LUNES A SABADO DE 9:30 A 19:30";5;"133 HP";Eléctrico;"Automática secuencial";SUV;"Autos y camionetas";No;N/A;N/A;N/A;No;N/A;N/A;N/A;Sí;N/A;No;N/A;N/A;N/A;N/A;N/A;N/A;N/A;N/A;N/A;N/A;N/A;N/A;N/A;Sí;N/A;N/A;N/A;N/A;N/A;N/A;N/A;N/A;N/A;N/A;N/A;N/A;N/A;N/A;N/A;N/A;N/A;N/A;Sí;N/A;N/A;N/A;N/A;N/A;N/A;N/A;N/A;N/A;N/A;N/A;N/A;N/A;N/A;N/A;N/A;N/A;Sí;No;N/A;N/A;N/A;N/A;N/A;N/A;N/A;N/A;N/A;N/A;N/A;N/A;N/A;N/A;N/A;N/A;N/A;N/A;N/A;N/A;N/A;N/A;N/A;N/A;N/A;N/A;N/A;N/A;N/A;N/A;N/A;N/A;No;Sí;Sí;Sí;N/A;Sí;N/A;N/A;N/A;N/A;Sí;Sí;Sí;Sí;N/A;N/A;Sí;Sí;Sí;Sí;Sí;Sí;No;No;Sí;N/A;Sí
Hyundai;Creta;"LIMITED GS";2018;"80000 km";;AEROCAR2023;20990;;;;;Malvin;https://auto.mercadolibre.com.uy/MLU-647417003-hyundai-creta-limited-gs-16-2018-impecable-aerocar-_JM;N/A;;"Hyundai Creta Limited Gs 1.6 2018 Impecable! Aerocar";usd;Sí;silver;false;N/A;N/A;http://perfil.mercadolibre.com.uy/AEROCAR2023;active;N/A;N/A;Usado;Rojo;Sí;Hidráulica;N/A;Sí;Sí;Sí;N/A;N/A;N/A;Sí;N/A;N/A;N/A;Sí;N/A;Sí;N/A;N/A;N/A;N/A;N/A;N/A;N/A;N/A;N/A;N/A;N/A;N/A;N/A;"1600 cc";N/A;5;N/A;N/A;N/A;N/A;Sí;N/A;Sí;N/A;N/A;N/A;N/A;N/A;N/A;N/A;N/A;N/A;N/A;N/A;N/A;N/A;N/A;N/A;N/A;Sí;N/A;Sí;N/A;N/A;N/A;N/A;N/A;N/A;N/A;N/A;N/A;N/A;N/A;N/A;N/A;N/A;N/A;N/A;N/A;N/A;N/A;N/A;N/A;N/A;N/A;N/A;N/A;N/A;N/A;Limited;N/A;N/A;N/A;N/A;N/A;N/A;N/A;Sí;N/A;N/A;Sí;Sí;N/A;N/A;N/A;N/A;N/A;N/A;N/A;N/A;"Lun. a Vie. de 9 a 19 hs. Sáb. de 10 a 14 hs.";5;1.6;Nafta;Manual;SUV;"Autos y camionetas";No;N/A;N/A;N/A;No;N/A;UY;No;Sí;No;No;N/A;N/A;N/A;N/A;N/A;N/A;N/A;N/A;N/A;N/A;N/A;N/A;N/A;N/A;N/A;N/A;N/A;N/A;N/A;N/A;N/A;N/A;N/A;N/A;N/A;N/A;N/A;N/A;N/A;N/A;N/A;N/A;N/A;N/A;N/A;N/A;N/A;N/A;N/A;N/A;N/A;N/A;N/A;N/A;N/A;N/A;N/A;N/A;N/A;N/A;N/A;No;N/A;N/A;N/A;N/A;N/A;N/A;N/A;N/A;N/A;N/A;N/A;N/A;N/A;N/A;N/A;N/A;N/A;N/A;N/A;N/A;N/A;N/A;N/A;N/A;N/A;N/A;N/A;N/A;N/A;N/A;N/A;N/A;N/A;Sí;N/A;Sí;N/A;Sí;Sí;Sí;N/A;Sí;Sí;N/A;Sí;N/A;N/A;N/A;N/A;Sí;N/A;Sí;Sí;Sí;N/A;N/A;N/A;N/A;Sí
Hyundai;Ioniq;"Extra Full";2019;"92480 km";;VKSA2018;13450;;;;;Malvin;https://auto.mercadolibre.com.uy/MLU-703052756-hyundai-ioniq-extra-full-16-2019-excelente-estado-_JM;N/A;;"Hyundai Ioniq Extra Full 1.6 2019 Excelente Estado";USD;Sí;silver;false;N/A;N/A;http://perfil.mercadolibre.com.uy/VKSA2018;active;N/A;N/A;Usado;Plateado;Sí;Eléctrica;N/A;Sí;Sí;Sí;N/A;N/A;N/A;N/A;Sí;Sí;N/A;Sí;Sí;Sí;N/A;N/A;N/A;N/A;N/A;N/A;N/A;N/A;N/A;N/A;N/A;N/A;N/A;"1600 cc";N/A;N/A;N/A;N/A;N/A;N/A;N/A;Sí;Sí;N/A;N/A;N/A;N/A;N/A;N/A;N/A;N/A;N/A;N/A;N/A;N/A;N/A;N/A;N/A;N/A;N/A;N/A;N/A;N/A;N/A;N/A;N/A;N/A;N/A;N/A;N/A;N/A;N/A;Sí;N/A;N/A;N/A;N/A;N/A;Sí;N/A;N/A;N/A;N/A;N/A;N/A;N/A;N/A;N/A;N/A;N/A;N/A;N/A;N/A;N/A;N/A;N/A;Sí;Sí;Sí;Sí;Sí;N/A;Sí;N/A;N/A;N/A;N/A;N/A;N/A;N/A;"Lun. a Vie. de 10 a 17 hs. Sábados cerrado.";4;1.6;Híbrido;"Automática secuencial";Sedán;"Autos y camionetas";No;N/A;N/A;N/A;No;N/A;N/A;No;Sí;No;No;N/A;N/A;N/A;N/A;N/A;N/A;N/A;N/A;N/A;N/A;N/A;N/A;N/A;N/A;N/A;N/A;N/A;N/A;N/A;N/A;N/A;N/A;N/A;N/A;N/A;N/A;N/A;N/A;N/A;N/A;N/A;N/A;N/A;N/A;N/A;N/A;N/A;N/A;N/A;N/A;N/A;N/A;N/A;N/A;N/A;N/A;N/A;N/A;N/A;N/A;Sí;No;N/A;N/A;N/A;N/A;N/A;N/A;N/A;N/A;N/A;N/A;N/A;N/A;N/A;N/A;N/A;N/A;N/A;N/A;N/A;N/A;N/A;N/A;N/A;N/A;N/A;N/A;N/A;N/A;N/A;N/A;N/A;N/A;N/A;Sí;N/A;Sí;Sí;Sí;N/A;N/A;N/A;N/A;Sí;N/A;N/A;N/A;N/A;Sí;Sí;Sí;N/A;Sí;Sí;Sí;Sí;N/A;Sí;N/A;Sí
Hyundai;Eon;"0.8 Gls Full";2014;"140000 km";;AUTOMOVILESPUNTOCAR;8800;;;;;"La Blanqueada";https://auto.mercadolibre.com.uy/MLU-702899966-hyundai-eon-full-_JM;N/A;;"Hyundai  Eon Full";usd;Sí;silver;false;N/A;N/A;http://perfil.mercadolibre.com.uy/AUTOMOVILESPUNTOCAR;active;N/A;N/A;Usado;Azul;N/A;Hidráulica;Delantera;Sí;N/A;Sí;N/A;N/A;N/A;N/A;N/A;N/A;N/A;N/A;N/A;N/A;N/A;N/A;N/A;N/A;N/A;N/A;N/A;N/A;N/A;N/A;N/A;N/A;"2385 mm";"0.8 L";"35 L";5;N/A;N/A;N/A;N/A;N/A;N/A;N/A;N/A;N/A;N/A;N/A;N/A;N/A;N/A;N/A;N/A;N/A;N/A;N/A;N/A;N/A;N/A;N/A;N/A;N/A;N/A;N/A;N/A;N/A;N/A;N/A;N/A;N/A;Sí;N/A;N/A;N/A;N/A;N/A;N/A;N/A;N/A;N/A;N/A;N/A;"1540 mm";"3585 mm";N/A;N/A;N/A;N/A;5;"85 hp";Gls;N/A;4;"1660 mm";N/A;N/A;N/A;N/A;N/A;N/A;N/A;N/A;N/A;N/A;N/A;N/A;N/A;N/A;N/A;N/A;N/A;"de lunes a viernes de 9y30hs a 18hs";5;0.8;Nafta;Manual;Hatchback;"Autos y camionetas";N/A;N/A;N/A;N/A;N/A;N/A;UY;N/A;N/A;N/A;N/A;N/A;N/A;N/A;N/A;N/A;N/A;N/A;N/A;N/A;N/A;N/A;N/A;N/A;N/A;N/A;N/A;N/A;N/A;N/A;N/A;N/A;N/A;N/A;N/A;N/A;N/A;N/A;N/A;N/A;N/A;N/A;N/A;N/A;N/A;N/A;N/A;N/A;N/A;N/A;N/A;N/A;N/A;N/A;N/A;N/A;N/A;N/A;N/A;N/A;N/A;N/A;N/A;N/A;N/A;N/A;N/A;N/A;N/A;N/A;N/A;N/A;N/A;N/A;N/A;N/A;N/A;N/A;N/A;N/A;N/A;N/A;N/A;N/A;N/A;N/A;N/A;N/A;N/A;N/A;N/A;N/A;N/A;N/A;N/A;N/A;N/A;N/A;N/A;N/A;N/A;N/A;N/A;N/A;N/A;N/A;N/A;N/A;N/A;Sí;N/A;N/A;N/A;N/A;N/A;N/A;N/A;N/A;N/A;N/A;N/A;N/A
Hyundai;Tucson;Gl;2011;"168000 km";;AEROCAR2020;12990;;;;;"Barra de Carrasco";https://auto.mercadolibre.com.uy/MLU-700325852-hyundai-tucson-gl-20-2011-impecable-aerocar-_JM;N/A;;"Hyundai Tucson Gl 2.0 2011 Impecable! Aerocar";USD;Sí;silver;false;N/A;N/A;http://perfil.mercadolibre.com.uy/AEROCAR2020;active;N/A;N/A;Usado;Blanco;N/A;Hidráulica;N/A;Sí;Sí;Sí;N/A;N/A;N/A;Sí;Sí;N/A;N/A;N/A;N/A;Sí;N/A;N/A;N/A;N/A;N/A;N/A;N/A;N/A;N/A;N/A;N/A;N/A;N/A;"2000 cc";N/A;5;N/A;N/A;N/A;N/A;N/A;N/A;N/A;N/A;N/A;N/A;N/A;N/A;N/A;N/A;N/A;N/A;N/A;N/A;N/A;N/A;N/A;N/A;N/A;Sí;N/A;N/A;N/A;N/A;N/A;N/A;N/A;N/A;N/A;N/A;N/A;N/A;Sí;N/A;N/A;N/A;N/A;N/A;N/A;N/A;N/A;N/A;N/A;N/A;N/A;N/A;N/A;N/A;N/A;Gl;N/A;N/A;N/A;N/A;N/A;N/A;N/A;Sí;N/A;N/A;Sí;N/A;N/A;N/A;N/A;N/A;N/A;N/A;N/A;Sí;"Lun. a Vie. de 9 a 19 hs. Sáb. y Dom. de 10 a 18 hs.";5;2.0;Nafta;Manual;SUV;"Autos y camionetas";No;N/A;N/A;N/A;No;N/A;N/A;No;Sí;No;No;N/A;N/A;N/A;N/A;N/A;N/A;N/A;N/A;N/A;N/A;N/A;N/A;N/A;N/A;N/A;N/A;N/A;N/A;N/A;N/A;N/A;N/A;N/A;N/A;N/A;N/A;N/A;N/A;N/A;N/A;N/A;N/A;N/A;N/A;N/A;N/A;N/A;N/A;N/A;N/A;N/A;N/A;N/A;N/A;N/A;N/A;N/A;N/A;N/A;N/A;N/A;No;N/A;N/A;N/A;N/A;N/A;N/A;N/A;N/A;N/A;N/A;N/A;N/A;N/A;N/A;N/A;N/A;N/A;N/A;N/A;N/A;N/A;N/A;N/A;N/A;N/A;N/A;N/A;N/A;N/A;N/A;N/A;N/A;N/A;Sí;N/A;Sí;N/A;Sí;N/A;N/A;N/A;Sí;Sí;N/A;N/A;N/A;N/A;N/A;N/A;Sí;N/A;Sí;Sí;N/A;N/A;N/A;N/A;N/A;Sí
Hyundai;Creta;"SAFE AT";2023;"29850 km";;LAGOMARAUTOMOVILES;28990;;;;;"Ciudad de la Costa";https://auto.mercadolibre.com.uy/MLU-647003091-hyundai-creta-safe-at-10-2023-lagomar-automoviles-_JM;N/A;;"Hyundai Creta Safe At 1.0 2023 - Lagomar Automóviles";usd;Sí;silver;false;N/A;N/A;http://perfil.mercadolibre.com.uy/LAGOMARAUTOMOVILES;active;N/A;N/A;Usado;Plateado;Sí;Eléctrica;N/A;N/A;Sí;Sí;N/A;N/A;N/A;Sí;Sí;N/A;Sí;Sí;Sí;Sí;N/A;Sí;N/A;N/A;N/A;N/A;N/A;N/A;N/A;N/A;N/A;N/A;N/A;"1000 cc";N/A;6;N/A;N/A;Sí;Sí;Sí;Sí;N/A;N/A;N/A;N/A;N/A;N/A;N/A;N/A;N/A;N/A;N/A;N/A;N/A;N/A;N/A;N/A;N/A;Sí;N/A;Sí;N/A;Sí;N/A;Sí;N/A;N/A;N/A;N/A;N/A;N/A;Sí;N/A;N/A;N/A;N/A;N/A;N/A;N/A;N/A;N/A;N/A;N/A;N/A;N/A;N/A;N/A;"123 hp";Safe;N/A;N/A;N/A;N/A;N/A;N/A;Sí;Sí;Sí;N/A;Sí;Sí;N/A;N/A;N/A;N/A;N/A;N/A;N/A;Sí;"Lun. a Vie. 9:30 a 13 y 14 a 19 hs. Sáb. 9:30 a 13:30 hs.";5;1.0;Nafta;"Automática secuencial";SUV;"Autos y camionetas";No;N/A;N/A;N/A;No;N/A;UY;No;Sí;No;No;N/A;N/A;N/A;N/A;N/A;N/A;N/A;N/A;N/A;N/A;N/A;N/A;N/A;N/A;N/A;N/A;N/A;N/A;N/A;N/A;N/A;N/A;N/A;N/A;N/A;N/A;N/A;N/A;N/A;N/A;N/A;N/A;N/A;N/A;N/A;N/A;N/A;N/A;N/A;N/A;N/A;N/A;N/A;N/A;N/A;N/A;N/A;N/A;N/A;N/A;Sí;No;N/A;N/A;N/A;N/A;N/A;N/A;N/A;N/A;N/A;N/A;N/A;N/A;N/A;N/A;N/A;N/A;N/A;N/A;N/A;N/A;N/A;N/A;N/A;N/A;N/A;N/A;N/A;N/A;N/A;N/A;N/A;N/A;N/A;Sí;Sí;Sí;Sí;Sí;Sí;Sí;N/A;Sí;Sí;N/A;N/A;N/A;N/A;Sí;Sí;Sí;N/A;N/A;N/A;Sí;N/A;N/A;Sí;N/A;Sí
Hyundai;HB20S;PREMIUM;2021;"100000 km";;"MINAS AUTOMOVILES.";14900;;;;;Minas;https://auto.mercadolibre.com.uy/MLU-694002438-hyundai-hb20s-premium-10-2021-minas-automoviles-_JM;N/A;;"Hyundai Hb20s Premium 1.0 2021 - Minas Automóviles";usd;Sí;silver;false;N/A;N/A;http://perfil.mercadolibre.com.uy/MINAS+AUTOMOVILES.;active;N/A;N/A;Usado;"Gris oscuro";N/A;Eléctrica;N/A;Sí;Sí;Sí;N/A;Sí;N/A;Sí;Sí;N/A;N/A;Sí;Sí;Sí;N/A;Sí;N/A;N/A;N/A;N/A;N/A;N/A;N/A;N/A;N/A;N/A;N/A;"1000 cc";N/A;5;N/A;N/A;Sí;Sí;Sí;N/A;Sí;N/A;N/A;N/A;N/A;N/A;N/A;N/A;N/A;N/A;N/A;N/A;N/A;N/A;N/A;N/A;N/A;Sí;N/A;Sí;N/A;N/A;N/A;N/A;N/A;N/A;N/A;N/A;N/A;N/A;Sí;N/A;N/A;N/A;N/A;N/A;N/A;N/A;N/A;N/A;N/A;N/A;N/A;N/A;N/A;N/A;"80 hp";Premium;N/A;N/A;N/A;"17 km/l";N/A;N/A;N/A;Sí;N/A;Sí;Sí;Sí;N/A;N/A;"20 km/l";N/A;Sí;N/A;N/A;Sí;"Lun. a Vie. de 9 a 12 y de 14 a 19 hs. Sáb. de 9 a 13 hs";4;1.0;Nafta;Manual;Sedán;"Autos y camionetas";No;N/A;N/A;N/A;No;N/A;UY;No;Sí;No;No;N/A;N/A;N/A;N/A;N/A;N/A;N/A;N/A;N/A;N/A;N/A;N/A;N/A;N/A;N/A;N/A;N/A;N/A;N/A;N/A;N/A;N/A;N/A;N/A;N/A;N/A;N/A;N/A;N/A;N/A;N/A;N/A;N/A;N/A;N/A;N/A;N/A;N/A;N/A;N/A;N/A;N/A;N/A;N/A;N/A;N/A;N/A;N/A;N/A;N/A;N/A;No;N/A;N/A;N/A;N/A;N/A;N/A;N/A;N/A;N/A;N/A;N/A;N/A;N/A;N/A;N/A;N/A;N/A;N/A;N/A;N/A;N/A;N/A;N/A;N/A;N/A;N/A;N/A;N/A;N/A;N/A;N/A;N/A;N/A;Sí;Sí;Sí;N/A;Sí;Sí;Sí;N/A;Sí;Sí;N/A;Sí;N/A;N/A;N/A;Sí;Sí;N/A;Sí;Sí;Sí;N/A;N/A;Sí;N/A;Sí
Hyundai;Accent;-;2017;"107000 km";;AEROCAR2023;13990;;;;;Malvin;https://auto.mercadolibre.com.uy/MLU-692308968-hyundai-accent-14-2017-impecable-aerocar-_JM;N/A;;"Hyundai Accent 1.4 2017 Impecable! Aerocar";usd;Sí;silver;false;N/A;N/A;http://perfil.mercadolibre.com.uy/AEROCAR2023;active;N/A;N/A;Usado;Blanco;Sí;Hidráulica;N/A;Sí;Sí;Sí;N/A;N/A;N/A;Sí;N/A;N/A;N/A;N/A;N/A;Sí;N/A;N/A;N/A;N/A;N/A;N/A;N/A;N/A;N/A;N/A;N/A;N/A;N/A;"1400 cc";N/A;6;N/A;N/A;N/A;N/A;N/A;N/A;N/A;N/A;N/A;N/A;N/A;N/A;N/A;N/A;N/A;N/A;N/A;N/A;N/A;N/A;N/A;N/A;N/A;Sí;N/A;N/A;N/A;N/A;N/A;N/A;N/A;N/A;N/A;N/A;N/A;N/A;N/A;N/A;N/A;N/A;N/A;N/A;N/A;N/A;N/A;N/A;N/A;N/A;N/A;N/A;N/A;N/A;N/A;N/A;N/A;N/A;N/A;N/A;N/A;N/A;N/A;Sí;N/A;N/A;Sí;N/A;N/A;N/A;N/A;N/A;N/A;N/A;N/A;N/A;"Lun. a Vie. de 9 a 19 hs. Sáb. de 10 a 14 hs.";4;1.4;Nafta;Manual;Sedán;"Autos y camionetas";No;N/A;N/A;N/A;No;N/A;UY;No;Sí;No;No;N/A;N/A;N/A;N/A;N/A;N/A;N/A;N/A;N/A;N/A;N/A;N/A;N/A;N/A;N/A;N/A;N/A;N/A;N/A;N/A;N/A;N/A;N/A;N/A;N/A;N/A;N/A;N/A;N/A;N/A;N/A;N/A;N/A;N/A;N/A;N/A;N/A;N/A;N/A;N/A;N/A;N/A;N/A;N/A;N/A;N/A;N/A;N/A;N/A;N/A;N/A;No;N/A;N/A;N/A;N/A;N/A;N/A;N/A;N/A;N/A;N/A;N/A;N/A;N/A;N/A;N/A;N/A;N/A;N/A;N/A;N/A;N/A;N/A;N/A;N/A;N/A;N/A;N/A;N/A;N/A;N/A;N/A;N/A;N/A;Sí;N/A;N/A;N/A;Sí;Sí;Sí;N/A;N/A;Sí;N/A;N/A;N/A;N/A;N/A;N/A;N/A;N/A;Sí;Sí;Sí;Sí;N/A;Sí;Sí;Sí
Hyundai;HB20;"Comfort Plus";2018;"49000 km";;AEROCAR2023;14990;;;;;Malvin;https://auto.mercadolibre.com.uy/MLU-704294570-hyundai-hb20-comfort-plus-16-2018-impecable-aerocar-_JM;N/A;;"Hyundai Hb20 Comfort Plus 1.6 2018 Impecable! Aerocar";usd;Sí;silver;false;N/A;N/A;http://perfil.mercadolibre.com.uy/AEROCAR2023;active;N/A;N/A;Usado;"Gris oscuro";Sí;Hidráulica;N/A;Sí;Sí;Sí;N/A;N/A;N/A;Sí;Sí;N/A;N/A;Sí;Sí;Sí;N/A;Sí;N/A;N/A;N/A;N/A;N/A;N/A;N/A;N/A;N/A;N/A;N/A;"1600 cc";N/A;6;N/A;N/A;N/A;N/A;N/A;N/A;N/A;N/A;N/A;N/A;N/A;N/A;N/A;N/A;N/A;N/A;N/A;N/A;N/A;N/A;N/A;N/A;N/A;Sí;N/A;Sí;N/A;N/A;N/A;N/A;N/A;N/A;N/A;N/A;N/A;N/A;N/A;N/A;N/A;N/A;N/A;N/A;N/A;N/A;N/A;N/A;N/A;N/A;N/A;N/A;N/A;N/A;N/A;"Comfort Plus";N/A;N/A;N/A;N/A;N/A;N/A;N/A;N/A;N/A;Sí;Sí;N/A;N/A;N/A;N/A;N/A;N/A;N/A;N/A;N/A;"Lun. a Vie. de 9 a 19 hs. Sáb. de 10 a 14 hs.";4;1.6;Nafta;Manual;Hatchback;"Autos y camionetas";No;N/A;N/A;N/A;No;N/A;UY;No;Sí;No;No;N/A;N/A;N/A;N/A;N/A;N/A;N/A;N/A;N/A;N/A;N/A;N/A;N/A;N/A;N/A;N/A;N/A;N/A;N/A;N/A;N/A;N/A;N/A;N/A;N/A;N/A;N/A;N/A;N/A;N/A;N/A;N/A;N/A;N/A;N/A;N/A;N/A;N/A;N/A;N/A;N/A;N/A;N/A;N/A;N/A;N/A;N/A;N/A;N/A;N/A;N/A;No;N/A;N/A;N/A;N/A;N/A;N/A;N/A;N/A;N/A;N/A;N/A;N/A;N/A;N/A;N/A;N/A;N/A;N/A;N/A;N/A;N/A;N/A;N/A;N/A;N/A;N/A;N/A;N/A;N/A;N/A;N/A;N/A;N/A;Sí;N/A;Sí;N/A;Sí;N/A;Sí;N/A;Sí;Sí;N/A;N/A;N/A;N/A;Sí;N/A;Sí;N/A;Sí;Sí;Sí;Sí;N/A;Sí;N/A;Sí
Hyundai;H1;"aire direc vidrios";2012;"210000 km";;AEROCAR2020;12990;;;;;"Barra de Carrasco";https://auto.mercadolibre.com.uy/MLU-703808698-hyundai-h-1-aire-direc-vidrios-25-2012-impecable-aerocar-_JM;N/A;;"Hyundai H-1 Aire Direc Vidrios 2.5 2012 Impecable! Aerocar";USD;Sí;silver;false;N/A;N/A;http://perfil.mercadolibre.com.uy/AEROCAR2020;active;N/A;N/A;Usado;Blanco;N/A;Hidráulica;N/A;Sí;N/A;N/A;N/A;N/A;N/A;N/A;N/A;N/A;N/A;N/A;N/A;Sí;N/A;N/A;N/A;N/A;N/A;N/A;N/A;N/A;N/A;N/A;N/A;N/A;N/A;"2500 cc";N/A;5;N/A;N/A;N/A;N/A;N/A;N/A;N/A;N/A;N/A;N/A;N/A;N/A;N/A;N/A;N/A;N/A;N/A;N/A;N/A;N/A;N/A;N/A;N/A;N/A;N/A;N/A;N/A;N/A;N/A;N/A;N/A;N/A;N/A;N/A;N/A;N/A;N/A;N/A;N/A;N/A;N/A;N/A;N/A;N/A;N/A;N/A;N/A;N/A;N/A;N/A;N/A;N/A;"140 hp";N/A;N/A;N/A;N/A;"9 km/l";N/A;N/A;N/A;N/A;N/A;N/A;N/A;N/A;N/A;N/A;"11 km/l";N/A;N/A;N/A;N/A;N/A;"Lun. a Vie. de 9 a 19 hs. Sáb. de 10 a 14 hs.";5;2.5;Nafta;Manual;Furgón;"Autos y camionetas";No;N/A;N/A;N/A;No;N/A;N/A;No;Sí;No;No;N/A;N/A;N/A;N/A;N/A;N/A;N/A;N/A;N/A;N/A;N/A;N/A;N/A;N/A;N/A;N/A;N/A;N/A;N/A;N/A;N/A;N/A;N/A;N/A;N/A;N/A;N/A;N/A;N/A;N/A;N/A;N/A;N/A;N/A;N/A;N/A;N/A;N/A;N/A;N/A;N/A;N/A;N/A;N/A;N/A;N/A;N/A;N/A;N/A;N/A;N/A;No;N/A;N/A;N/A;N/A;N/A;N/A;N/A;N/A;N/A;N/A;N/A;N/A;N/A;N/A;N/A;N/A;N/A;N/A;N/A;N/A;N/A;N/A;N/A;N/A;N/A;N/A;N/A;N/A;N/A;N/A;N/A;N/A;N/A;Sí;N/A;N/A;N/A;N/A;N/A;N/A;N/A;N/A;N/A;N/A;N/A;N/A;N/A;N/A;N/A;N/A;N/A;Sí;Sí;Sí;Sí;N/A;N/A;N/A;Sí
Hyundai;i10;"1.2 Full";2014;"81000 km";;"PEDRO AUTOMÓVILES";10800;;;;;Tarariras;https://auto.mercadolibre.com.uy/MLU-704536654-hyundai-i10-12-full-_JM;N/A;;"Hyundai I10 1.2 Full";usd;Sí;silver;false;N/A;N/A;http://perfil.mercadolibre.com.uy/PEDRO+AUTOM%C3%93VILES;active;N/A;N/A;Usado;Blanco;N/A;Hidráulica;Delantera;Sí;N/A;Sí;N/A;N/A;N/A;N/A;N/A;N/A;N/A;N/A;N/A;N/A;N/A;N/A;N/A;N/A;N/A;N/A;N/A;N/A;N/A;N/A;N/A;N/A;"2385 mm";"1.2 L";"35 L";4;N/A;N/A;N/A;N/A;Sí;N/A;N/A;N/A;N/A;N/A;N/A;N/A;N/A;N/A;N/A;N/A;N/A;N/A;N/A;N/A;N/A;N/A;N/A;N/A;N/A;N/A;N/A;N/A;N/A;N/A;N/A;Sí;N/A;Sí;N/A;N/A;N/A;N/A;N/A;N/A;N/A;Sí;N/A;N/A;N/A;"1540 mm";"3565 mm";N/A;N/A;N/A;N/A;5;"85 hp";Gls;N/A;4;"1660 mm";N/A;N/A;N/A;N/A;N/A;N/A;N/A;N/A;N/A;N/A;N/A;N/A;N/A;N/A;N/A;N/A;N/A;N/A;5;1.2;Nafta;Automática;Hatchback;"Autos y camionetas";N/A;N/A;N/A;N/A;N/A;N/A;UY;N/A;N/A;N/A;N/A;N/A;N/A;N/A;N/A;N/A;N/A;N/A;N/A;N/A;N/A;N/A;N/A;N/A;N/A;N/A;N/A;N/A;N/A;N/A;N/A;N/A;N/A;N/A;N/A;N/A;N/A;N/A;N/A;N/A;N/A;N/A;N/A;N/A;N/A;N/A;N/A;N/A;N/A;N/A;N/A;N/A;N/A;N/A;N/A;N/A;N/A;N/A;N/A;N/A;N/A;N/A;N/A;N/A;N/A;N/A;N/A;N/A;N/A;N/A;N/A;N/A;N/A;N/A;N/A;N/A;N/A;N/A;N/A;N/A;N/A;N/A;N/A;N/A;N/A;N/A;N/A;N/A;N/A;N/A;N/A;N/A;N/A;N/A;N/A;N/A;Sí;N/A;Sí;N/A;N/A;N/A;N/A;N/A;N/A;N/A;N/A;N/A;N/A;Sí;N/A;N/A;N/A;N/A;N/A;N/A;N/A;N/A;N/A;N/A;N/A;N/A
Hyundai;Creta;"1.6 Limited Premium";2022;"90000 km";;"POCITOS GARAGE";21900;;;;;Pocitos;https://auto.mercadolibre.com.uy/MLU-647162025-hyundai-creta-16-limited-premium-_JM;N/A;;"Hyundai Creta 1.6 Limited Premium";usd;Sí;silver;false;N/A;N/A;http://perfil.mercadolibre.com.uy/POCITOS+GARAGE;active;N/A;N/A;Usado;Gris;Sí;Eléctrica;4x2;N/A;N/A;Sí;N/A;N/A;N/A;N/A;N/A;N/A;N/A;N/A;N/A;N/A;N/A;N/A;N/A;N/A;N/A;N/A;N/A;N/A;N/A;N/A;N/A;N/A;"2590 mm";"1.6 L";"58 L";5;N/A;N/A;N/A;N/A;N/A;N/A;N/A;N/A;N/A;N/A;N/A;N/A;N/A;N/A;N/A;N/A;N/A;N/A;N/A;N/A;N/A;N/A;N/A;N/A;N/A;N/A;N/A;N/A;N/A;N/A;N/A;N/A;N/A;Sí;Sí;N/A;N/A;N/A;N/A;N/A;N/A;N/A;N/A;N/A;N/A;"1635 mm";"4440 mm";N/A;N/A;N/A;N/A;5;"163 hp";"Limited Premium";N/A;4;"1898 mm";N/A;N/A;N/A;N/A;Sí;N/A;N/A;Sí;N/A;N/A;N/A;N/A;N/A;N/A;N/A;N/A;N/A;N/A;5;1.6;Nafta;Manual;SUV;"Autos y camionetas";N/A;N/A;N/A;N/A;N/A;N/A;UY;N/A;N/A;N/A;N/A;N/A;N/A;N/A;N/A;N/A;N/A;N/A;N/A;N/A;N/A;N/A;N/A;N/A;N/A;N/A;N/A;N/A;N/A;N/A;N/A;N/A;N/A;N/A;N/A;N/A;N/A;N/A;N/A;N/A;N/A;N/A;N/A;N/A;N/A;N/A;N/A;N/A;N/A;N/A;N/A;N/A;N/A;N/A;N/A;N/A;N/A;N/A;N/A;N/A;N/A;N/A;N/A;N/A;N/A;N/A;N/A;N/A;N/A;N/A;N/A;N/A;N/A;N/A;N/A;N/A;N/A;N/A;N/A;N/A;N/A;N/A;N/A;N/A;N/A;N/A;N/A;N/A;N/A;N/A;N/A;N/A;N/A;N/A;N/A;N/A;N/A;N/A;N/A;N/A;N/A;N/A;N/A;N/A;N/A;N/A;N/A;N/A;N/A;N/A;N/A;N/A;Sí;N/A;N/A;N/A;N/A;N/A;N/A;Sí;N/A;N/A
Hyundai;Accent;"1.5 Gls 4dr At Abs Ab";2000;"170000 km";;GOPE575225;5500;;;;;"Las Piedras";https://auto.mercadolibre.com.uy/MLU-702345496-hyundai-accent-15-gls-4dr-at-abs-ab-_JM;N/A;;"Hyundai Accent 1.5 Gls 4dr At Abs Ab";usd;No;silver;false;N/A;N/A;http://perfil.mercadolibre.com.uy/GOPE575225;active;N/A;N/A;Usado;Blanco;No;Hidráulica;Delantera;Sí;N/A;N/A;N/A;N/A;N/A;N/A;N/A;N/A;N/A;N/A;N/A;N/A;N/A;N/A;N/A;N/A;N/A;N/A;N/A;N/A;N/A;N/A;N/A;N/A;"2440 mm";"1.5 L";"45 L";5;N/A;N/A;N/A;N/A;N/A;N/A;N/A;N/A;N/A;N/A;N/A;N/A;N/A;N/A;N/A;N/A;N/A;N/A;N/A;N/A;N/A;N/A;N/A;N/A;N/A;N/A;N/A;N/A;N/A;N/A;N/A;N/A;N/A;N/A;N/A;N/A;N/A;N/A;N/A;N/A;N/A;N/A;N/A;N/A;N/A;"1395 mm";"4235 mm";N/A;N/A;N/A;N/A;5;"92 hp";Gls;N/A;4;"1670 mm";N/A;No;N/A;N/A;N/A;N/A;No;No;N/A;N/A;N/A;N/A;N/A;N/A;N/A;N/A;N/A;N/A;4;1.5;Nafta;Automática;Sedán;"Autos y camionetas";N/A;N/A;N/A;N/A;N/A;N/A;UY;N/A;N/A;N/A;N/A;N/A;N/A;N/A;N/A;N/A;N/A;N/A;N/A;N/A;N/A;N/A;N/A;N/A;N/A;N/A;N/A;N/A;N/A;N/A;N/A;N/A;N/A;N/A;N/A;N/A;N/A;N/A;N/A;N/A;N/A;N/A;N/A;N/A;N/A;N/A;N/A;N/A;N/A;N/A;N/A;N/A;N/A;N/A;N/A;N/A;N/A;N/A;N/A;N/A;N/A;N/A;N/A;N/A;N/A;N/A;N/A;N/A;N/A;N/A;N/A;N/A;N/A;N/A;N/A;N/A;N/A;N/A;N/A;N/A;N/A;N/A;N/A;N/A;N/A;N/A;N/A;N/A;N/A;N/A;N/A;N/A;N/A;N/A;N/A;N/A;Sí;N/A;N/A;N/A;N/A;N/A;N/A;N/A;N/A;N/A;N/A;N/A;N/A;N/A;N/A;N/A;N/A;N/A;N/A;N/A;N/A;N/A;N/A;N/A;N/A;N/A
Hyundai;"Santa Fe";"2.7 V6 7 Pas. Pre At";2007;"150000 km";;AVENIDAAUTOMOVILESRIVERA;16500;;;;;Rivera;https://auto.mercadolibre.com.uy/MLU-646008411-hyundai-santa-fe-2007-27-v6-7-pas-pre-at-_JM;N/A;;"Hyundai Santa Fe 2007 2.7 V6 7 Pas. Pre At";usd;No;silver;false;N/A;N/A;http://perfil.mercadolibre.com.uy/AVENIDAAUTOMOVILESRIVERA;active;N/A;N/A;Usado;Plateado;N/A;Hidráulica;4x2;Sí;N/A;N/A;N/A;N/A;N/A;N/A;N/A;N/A;N/A;N/A;N/A;N/A;N/A;N/A;N/A;N/A;N/A;N/A;N/A;N/A;N/A;N/A;N/A;N/A;"2700 mm";"2.7 L";"75 L";4;N/A;N/A;N/A;N/A;N/A;N/A;N/A;N/A;N/A;N/A;N/A;N/A;N/A;N/A;N/A;N/A;N/A;N/A;N/A;N/A;N/A;N/A;N/A;N/A;N/A;N/A;N/A;N/A;N/A;N/A;N/A;N/A;N/A;N/A;N/A;N/A;N/A;N/A;N/A;N/A;N/A;N/A;N/A;N/A;N/A;"1795 mm";"4675 mm";N/A;N/A;N/A;N/A;7;"179 hp";Premium;N/A;4;"1890 mm";"13.1 km/l";N/A;N/A;N/A;N/A;N/A;N/A;N/A;N/A;N/A;N/A;"10 km/l";N/A;N/A;N/A;N/A;N/A;N/A;5;2.7;Nafta;Automática;SUV;"Autos y camionetas";N/A;N/A;N/A;N/A;N/A;N/A;UY;N/A;N/A;N/A;N/A;N/A;N/A;N/A;N/A;N/A;N/A;N/A;N/A;N/A;N/A;N/A;N/A;N/A;N/A;N/A;N/A;N/A;N/A;N/A;N/A;N/A;N/A;N/A;N/A;N/A;N/A;N/A;N/A;N/A;N/A;N/A;N/A;N/A;N/A;N/A;N/A;N/A;N/A;N/A;N/A;N/A;N/A;N/A;N/A;N/A;N/A;N/A;N/A;N/A;N/A;N/A;N/A;N/A;N/A;N/A;N/A;N/A;N/A;N/A;N/A;N/A;N/A;N/A;N/A;N/A;N/A;N/A;N/A;N/A;N/A;N/A;N/A;N/A;N/A;N/A;N/A;N/A;N/A;N/A;N/A;N/A;N/A;N/A;N/A;N/A;Sí;N/A;N/A;N/A;N/A;N/A;N/A;N/A;N/A;N/A;N/A;N/A;N/A;N/A;N/A;N/A;N/A;N/A;N/A;N/A;N/A;N/A;N/A;N/A;N/A;N/A
Hyundai;Accent;"1.5 Gls 4dr At";1998;"166000 km";;"ONE MOTORS";6400;;;;;"Colonia Valdense";https://auto.mercadolibre.com.uy/MLU-697233964-hyundai-accent-1998-15-gls-4dr-at-_JM;N/A;;"Hyundai Accent 1998 1.5 Gls 4dr At";usd;No;silver;false;N/A;N/A;http://perfil.mercadolibre.com.uy/ONE+MOTORS;active;N/A;N/A;Usado;Gris;N/A;Hidráulica;Delantera;N/A;N/A;N/A;N/A;N/A;N/A;N/A;N/A;N/A;N/A;N/A;N/A;N/A;N/A;N/A;N/A;N/A;N/A;N/A;N/A;N/A;N/A;N/A;N/A;N/A;"2440 mm";"1.5 L";"45 L";5;N/A;N/A;N/A;N/A;N/A;N/A;N/A;N/A;N/A;N/A;N/A;N/A;N/A;N/A;N/A;N/A;N/A;N/A;N/A;N/A;N/A;N/A;N/A;N/A;N/A;N/A;N/A;N/A;N/A;N/A;N/A;N/A;N/A;N/A;N/A;N/A;N/A;N/A;N/A;N/A;N/A;N/A;N/A;N/A;N/A;"1395 mm";"4235 mm";N/A;N/A;N/A;N/A;5;"92 hp";Gls;N/A;3;"1670 mm";"7.2 km/l";N/A;N/A;N/A;N/A;N/A;N/A;N/A;N/A;N/A;N/A;"4.5 km/l";N/A;N/A;N/A;N/A;N/A;N/A;4;1.5;Nafta;Automática;Sedán;"Autos y camionetas";N/A;N/A;N/A;N/A;N/A;N/A;UY;N/A;N/A;N/A;N/A;N/A;N/A;N/A;N/A;N/A;N/A;N/A;N/A;N/A;N/A;N/A;N/A;N/A;N/A;N/A;N/A;N/A;N/A;N/A;N/A;N/A;N/A;N/A;N/A;N/A;N/A;N/A;N/A;N/A;N/A;N/A;N/A;N/A;N/A;N/A;N/A;N/A;N/A;N/A;N/A;N/A;N/A;N/A;N/A;N/A;N/A;N/A;N/A;N/A;N/A;N/A;N/A;N/A;N/A;N/A;N/A;N/A;N/A;N/A;N/A;N/A;N/A;N/A;N/A;N/A;N/A;N/A;N/A;N/A;N/A;N/A;N/A;N/A;N/A;N/A;N/A;N/A;N/A;N/A;N/A;N/A;N/A;N/A;N/A;N/A;Sí;N/A;N/A;N/A;N/A;N/A;N/A;N/A;N/A;N/A;N/A;N/A;N/A;N/A;N/A;N/A;N/A;N/A;N/A;N/A;N/A;N/A;N/A;N/A;N/A;N/A
Hyundai;HB20;"1.6 Comfort Plus 5p";2018;"70000 km";;FABIANYEMURENKO2008;13900;;;;;Buceo;https://auto.mercadolibre.com.uy/MLU-697464604-hyundai-hb20-ano-2018-16cc-comfort-plus-5p-unico-dueno-_JM;N/A;;"Hyundai Hb20¡¡ Año 2018 1.6cc Comfort Plus 5p¡ Único Dueño¡¡";usd;Sí;silver;false;N/A;N/A;http://perfil.mercadolibre.com.uy/FABIANYEMURENKO2008;active;N/A;N/A;Usado;Blanco;Sí;Hidráulica;Delantera;Sí;Sí;Sí;N/A;N/A;No;N/A;N/A;No;N/A;N/A;Sí;Sí;N/A;Sí;N/A;N/A;N/A;N/A;N/A;N/A;N/A;N/A;N/A;N/A;"2500 mm";"1.6 L";"50 L";6;N/A;N/A;N/A;N/A;N/A;Sí;N/A;N/A;N/A;N/A;N/A;N/A;N/A;N/A;N/A;N/A;N/A;N/A;N/A;N/A;N/A;N/A;N/A;N/A;N/A;N/A;N/A;N/A;N/A;No;N/A;N/A;N/A;Sí;Sí;N/A;N/A;N/A;N/A;N/A;N/A;N/A;N/A;N/A;N/A;"1470 mm";"3920 mm";N/A;N/A;N/A;N/A;5;"122 hp";"Comfort Plus";N/A;4;"1680 mm";N/A;No;N/A;No;Sí;N/A;Sí;Sí;Sí;No;N/A;"13.8 km/l";No;Sí;N/A;N/A;Sí;N/A;5;1.6;Nafta;Manual;Hatchback;"Autos y camionetas";No;N/A;N/A;N/A;No;N/A;UY;N/A;Sí;N/A;No;N/A;N/A;N/A;N/A;N/A;N/A;N/A;N/A;N/A;N/A;N/A;N/A;N/A;Sí;N/A;N/A;N/A;N/A;N/A;N/A;N/A;N/A;N/A;N/A;N/A;N/A;N/A;N/A;N/A;N/A;N/A;N/A;No;N/A;N/A;N/A;N/A;N/A;N/A;N/A;N/A;N/A;N/A;N/A;N/A;N/A;N/A;N/A;N/A;N/A;No;No;N/A;N/A;N/A;N/A;N/A;N/A;N/A;N/A;N/A;N/A;N/A;N/A;N/A;N/A;N/A;N/A;N/A;N/A;N/A;N/A;N/A;N/A;N/A;N/A;N/A;N/A;N/A;N/A;N/A;N/A;N/A;N/A;No;Sí;Sí;Sí;N/A;Sí;N/A;N/A;N/A;N/A;Sí;Sí;Sí;Sí;N/A;N/A;Sí;Sí;Sí;Sí;Sí;Sí;N/A;N/A;Sí;N/A;Sí
Hyundai;Kona;"SAFE HIBRIDA";2025;"0 km";;LAGOMARAUTOMOVILES;41990;;;;;"Ciudad de la Costa";https://auto.mercadolibre.com.uy/MLU-672492068-hyundai-kona-safe-hibrida-2025-lagomar-automoviles-_JM;N/A;;"Hyundai Kona Safe Hibrida 2025 - Lagomar Automóviles";USD;Sí;silver;false;N/A;N/A;http://perfil.mercadolibre.com.uy/LAGOMARAUTOMOVILES;active;N/A;N/A;Nuevo;Verde;N/A;Eléctrica;N/A;N/A;Sí;Sí;N/A;N/A;N/A;Sí;Sí;N/A;Sí;Sí;Sí;Sí;N/A;Sí;N/A;N/A;N/A;N/A;N/A;N/A;N/A;N/A;N/A;N/A;N/A;"1600 cc";N/A;6;N/A;N/A;Sí;Sí;Sí;N/A;Sí;N/A;N/A;N/A;N/A;N/A;N/A;N/A;N/A;N/A;N/A;N/A;N/A;N/A;N/A;N/A;N/A;Sí;N/A;Sí;N/A;Sí;N/A;Sí;N/A;N/A;N/A;N/A;N/A;N/A;Sí;N/A;N/A;N/A;N/A;N/A;Sí;N/A;N/A;N/A;N/A;N/A;N/A;N/A;N/A;N/A;"141 hp";N/A;N/A;N/A;N/A;N/A;N/A;N/A;Sí;Sí;Sí;Sí;Sí;Sí;N/A;Sí;N/A;N/A;N/A;N/A;N/A;Sí;"Lun. a Vie. 9:30 a 13 y 14 a 19 hs. Sáb. 9:30 a 13:30 hs.";5;1.6;Híbrido;"Automática secuencial";SUV;"Autos y camionetas";No;N/A;N/A;N/A;No;N/A;N/A;No;Sí;No;No;N/A;N/A;N/A;N/A;N/A;N/A;N/A;N/A;N/A;N/A;N/A;N/A;N/A;N/A;N/A;N/A;N/A;N/A;N/A;N/A;N/A;N/A;N/A;N/A;N/A;N/A;N/A;N/A;N/A;N/A;N/A;N/A;Sí;N/A;N/A;N/A;N/A;N/A;N/A;N/A;N/A;N/A;N/A;N/A;N/A;N/A;N/A;N/A;N/A;N/A;Sí;No;N/A;N/A;N/A;N/A;N/A;N/A;N/A;N/A;N/A;N/A;N/A;N/A;N/A;N/A;N/A;N/A;N/A;N/A;N/A;N/A;N/A;N/A;N/A;N/A;N/A;N/A;N/A;N/A;N/A;N/A;N/A;N/A;N/A;Sí;Sí;Sí;Sí;Sí;Sí;Sí;N/A;N/A;Sí;Sí;N/A;N/A;N/A;Sí;Sí;Sí;N/A;Sí;N/A;Sí;N/A;N/A;N/A;N/A;Sí
Hyundai;"Santa Fe";"2.4 Gls Llan 19 5p At";2019;"173292 km";;APPOLONI-AUTOMOVILES;33000;;;;;"Nueva Helvecia";https://auto.mercadolibre.com.uy/MLU-690758052-hyundai-all-new-santa-fe-permuta-financiacion-_JM;N/A;;"Hyundai All New Santa Fe - Permuta - Financiación";usd;Sí;silver;false;N/A;N/A;http://perfil.mercadolibre.com.uy/APPOLONI-AUTOMOVILES;active;N/A;N/A;Usado;Blanco;N/A;Hidráulica;4x2;Sí;N/A;Sí;N/A;N/A;N/A;N/A;N/A;N/A;N/A;N/A;N/A;N/A;N/A;N/A;N/A;N/A;N/A;N/A;N/A;N/A;N/A;N/A;N/A;N/A;"2700 mm";"2.4 L";"75 L";6;N/A;N/A;N/A;N/A;N/A;N/A;N/A;N/A;N/A;N/A;N/A;N/A;N/A;N/A;N/A;N/A;N/A;N/A;N/A;N/A;N/A;N/A;N/A;N/A;N/A;N/A;N/A;N/A;N/A;N/A;N/A;N/A;N/A;N/A;N/A;N/A;N/A;N/A;N/A;N/A;N/A;N/A;N/A;N/A;N/A;"1795 mm";"4675 mm";N/A;N/A;N/A;N/A;5;"176 hp";Gls;N/A;4;"1890 mm";N/A;N/A;N/A;N/A;N/A;N/A;N/A;N/A;N/A;N/A;Sí;N/A;N/A;N/A;N/A;N/A;N/A;"L - V 8:30 a 12:00 - 14:00 a 18:30. Sab. 8:30 a 12:30";5;2.4;Nafta;Automática;SUV;"Autos y camionetas";N/A;N/A;N/A;N/A;N/A;N/A;UY;N/A;N/A;N/A;N/A;N/A;N/A;N/A;N/A;N/A;N/A;N/A;N/A;N/A;N/A;N/A;N/A;N/A;N/A;N/A;N/A;N/A;N/A;N/A;N/A;N/A;N/A;N/A;N/A;N/A;N/A;N/A;N/A;N/A;N/A;N/A;N/A;N/A;N/A;N/A;N/A;N/A;N/A;N/A;N/A;N/A;N/A;N/A;N/A;N/A;N/A;N/A;N/A;N/A;N/A;N/A;N/A;N/A;N/A;N/A;N/A;N/A;N/A;N/A;N/A;N/A;N/A;N/A;N/A;N/A;N/A;N/A;N/A;N/A;N/A;N/A;N/A;N/A;N/A;N/A;N/A;N/A;N/A;N/A;N/A;N/A;N/A;N/A;N/A;N/A;N/A;N/A;N/A;N/A;N/A;N/A;N/A;N/A;N/A;N/A;N/A;N/A;N/A;N/A;N/A;N/A;N/A;N/A;N/A;N/A;N/A;N/A;N/A;N/A;N/A;N/A
Hyundai;i10;"1.2 Gls Seguridad L Mt";2014;"137000 km";;BIBIANAROBAINAPREZ;8990;;;;;Maldonado;https://auto.mercadolibre.com.uy/MLU-703980586-hyundai-i10-12-gls-seguridad-l-mt-_JM;N/A;;"Hyundai I10 1.2 Gls Seguridad L Mt";usd;Sí;silver;false;N/A;N/A;http://perfil.mercadolibre.com.uy/BIBIANAROBAINAPREZ;active;N/A;N/A;Usado;Gris;No;Hidráulica;Delantera;Sí;Sí;Sí;N/A;N/A;No;N/A;N/A;No;N/A;N/A;No;Sí;N/A;No;N/A;N/A;N/A;N/A;N/A;N/A;N/A;N/A;N/A;N/A;"2385 mm";"1.2 L";"35 L";5;N/A;N/A;N/A;N/A;Sí;No;N/A;N/A;N/A;N/A;N/A;N/A;N/A;N/A;N/A;N/A;N/A;N/A;N/A;N/A;N/A;N/A;N/A;N/A;N/A;N/A;N/A;N/A;N/A;N/A;N/A;Sí;N/A;Sí;N/A;N/A;N/A;N/A;N/A;N/A;N/A;Sí;N/A;N/A;N/A;"1540 mm";"3585 mm";N/A;N/A;N/A;N/A;5;"85 hp";Gls;N/A;4;"1660 mm";N/A;No;N/A;Sí;Sí;N/A;No;No;N/A;N/A;N/A;N/A;No;N/A;N/A;N/A;N/A;N/A;5;1.2;Nafta;Manual;Hatchback;"Autos y camionetas";No;N/A;N/A;N/A;No;N/A;UY;N/A;No;N/A;Sí;N/A;N/A;N/A;N/A;N/A;N/A;N/A;N/A;N/A;N/A;N/A;N/A;N/A;No;N/A;N/A;N/A;N/A;N/A;N/A;N/A;N/A;N/A;N/A;N/A;N/A;N/A;N/A;N/A;N/A;N/A;N/A;No;N/A;N/A;N/A;N/A;N/A;N/A;N/A;N/A;N/A;N/A;N/A;N/A;N/A;N/A;N/A;N/A;N/A;No;Sí;N/A;N/A;N/A;N/A;N/A;N/A;N/A;N/A;N/A;N/A;N/A;N/A;N/A;N/A;N/A;N/A;N/A;N/A;N/A;N/A;N/A;N/A;N/A;N/A;N/A;N/A;N/A;N/A;N/A;N/A;N/A;N/A;No;Sí;No;Sí;N/A;Sí;N/A;N/A;N/A;N/A;Sí;No;Sí;Sí;Sí;N/A;N/A;No;N/A;Sí;Sí;Sí;No;No;Sí;N/A;Sí
Hyundai;Sonata;"2.4 GLS Automático";2015;"110000 km";;FABIANYEMURENKO2008;20500;;;;;Buceo;https://auto.mercadolibre.com.uy/MLU-698770768-hyundai-sonata-24cc-gls-super-full-automatico-ano-201516-_JM;N/A;;"Hyundai Sonata 2.4cc Gls Super Full Automático ¡ Año 2015/16";USD;Sí;silver;false;N/A;N/A;http://perfil.mercadolibre.com.uy/FABIANYEMURENKO2008;active;N/A;N/A;Usado;Blanco;Sí;Hidráulica;Delantera;Sí;Sí;N/A;N/A;N/A;Sí;N/A;N/A;Sí;N/A;N/A;Sí;Sí;N/A;Sí;N/A;N/A;N/A;N/A;N/A;N/A;N/A;N/A;N/A;N/A;N/A;N/A;N/A;N/A;N/A;N/A;N/A;N/A;N/A;Sí;N/A;N/A;N/A;N/A;N/A;N/A;N/A;N/A;N/A;N/A;N/A;N/A;N/A;N/A;N/A;N/A;N/A;N/A;N/A;N/A;N/A;N/A;N/A;No;N/A;N/A;N/A;N/A;N/A;N/A;N/A;N/A;N/A;N/A;N/A;N/A;N/A;N/A;N/A;N/A;N/A;N/A;N/A;N/A;N/A;N/A;N/A;N/A;N/A;N/A;N/A;N/A;Sí;N/A;Sí;Sí;N/A;Sí;Sí;N/A;Sí;N/A;N/A;No;No;N/A;N/A;No;N/A;4;2.4cc;Nafta;"Automática secuencial";Sedán;"Autos y camionetas";No;N/A;N/A;N/A;No;N/A;N/A;N/A;Sí;N/A;No;N/A;N/A;N/A;N/A;N/A;N/A;N/A;N/A;N/A;N/A;N/A;N/A;N/A;Sí;N/A;N/A;N/A;N/A;N/A;N/A;N/A;N/A;N/A;N/A;N/A;N/A;N/A;N/A;N/A;N/A;N/A;N/A;No;N/A;N/A;N/A;N/A;N/A;N/A;N/A;N/A;N/A;N/A;N/A;N/A;N/A;N/A;N/A;N/A;N/A;No;No;N/A;N/A;N/A;N/A;N/A;N/A;N/A;N/A;N/A;N/A;N/A;N/A;N/A;N/A;N/A;N/A;N/A;N/A;N/A;N/A;N/A;N/A;N/A;N/A;N/A;N/A;N/A;N/A;N/A;N/A;N/A;N/A;Sí;Sí;Sí;Sí;N/A;Sí;N/A;N/A;N/A;N/A;Sí;Sí;Sí;Sí;N/A;N/A;Sí;Sí;Sí;Sí;Sí;Sí;Sí;No;Sí;N/A;Sí
Hyundai;Kona;"SAFE HIBRIDO";2024;"0 km";;"MINAS AUTOMOVILES.";41990;;;;;Minas;https://auto.mercadolibre.com.uy/MLU-641955261-hyundai-kona-safe-hibrido-16-2024-0km-minas-automoviles-_JM;N/A;;"Hyundai Kona Safe Hibrido 1.6 2024 0km - Minas Automóviles";USD;Sí;silver;false;N/A;N/A;http://perfil.mercadolibre.com.uy/MINAS+AUTOMOVILES.;active;N/A;N/A;Nuevo;N/A;N/A;Eléctrica;N/A;N/A;Sí;Sí;N/A;Sí;N/A;Sí;Sí;N/A;Sí;Sí;Sí;Sí;N/A;Sí;N/A;N/A;N/A;N/A;N/A;N/A;N/A;N/A;N/A;N/A;N/A;"1600 cc";N/A;6;N/A;N/A;Sí;Sí;Sí;N/A;Sí;N/A;N/A;N/A;N/A;N/A;N/A;N/A;N/A;N/A;N/A;N/A;N/A;N/A;N/A;N/A;N/A;Sí;N/A;Sí;N/A;Sí;N/A;Sí;N/A;N/A;N/A;N/A;N/A;N/A;Sí;N/A;N/A;N/A;N/A;N/A;Sí;N/A;N/A;N/A;N/A;N/A;N/A;N/A;N/A;N/A;"141 hp";N/A;N/A;N/A;N/A;N/A;N/A;N/A;Sí;Sí;Sí;N/A;Sí;Sí;N/A;Sí;N/A;N/A;N/A;N/A;N/A;Sí;"Lun. a Vie. de 9 a 12 y de 14 a 19 hs. Sáb. de 9 a 13 hs";5;1.6;Híbrido;"Automática secuencial";SUV;"Autos y camionetas";No;N/A;N/A;N/A;No;N/A;N/A;No;Sí;No;No;N/A;N/A;N/A;N/A;N/A;N/A;N/A;N/A;N/A;N/A;N/A;N/A;N/A;N/A;N/A;N/A;N/A;N/A;N/A;N/A;N/A;N/A;N/A;N/A;N/A;N/A;N/A;N/A;N/A;N/A;N/A;N/A;Sí;N/A;N/A;N/A;N/A;N/A;N/A;N/A;N/A;N/A;N/A;N/A;N/A;N/A;N/A;N/A;N/A;N/A;Sí;No;N/A;N/A;N/A;N/A;N/A;N/A;N/A;N/A;N/A;N/A;N/A;N/A;N/A;N/A;N/A;N/A;N/A;N/A;N/A;N/A;N/A;N/A;N/A;N/A;N/A;N/A;N/A;N/A;N/A;N/A;N/A;N/A;N/A;Sí;Sí;Sí;Sí;Sí;Sí;Sí;N/A;N/A;Sí;Sí;Sí;N/A;N/A;Sí;Sí;Sí;N/A;Sí;Sí;Sí;N/A;N/A;N/A;N/A;Sí
Hyundai;"Grand i10";"Gl Full";2018;"80000 km";;GRITAUTOMOTORES;12490;;;;;Aguada;https://auto.mercadolibre.com.uy/MLU-704008018-hyundai-grand-i10-gl-full-10-2018-impecable-_JM;N/A;;"Hyundai Grand I10 Gl Full 1.0 2018 Impecable!";USD;Sí;silver;false;N/A;N/A;http://perfil.mercadolibre.com.uy/GRITAUTOMOTORES;active;N/A;N/A;Usado;Bordó;N/A;Hidráulica;N/A;Sí;N/A;N/A;N/A;N/A;N/A;Sí;Sí;N/A;N/A;Sí;N/A;Sí;N/A;N/A;N/A;N/A;N/A;N/A;N/A;N/A;N/A;N/A;N/A;N/A;N/A;"1000 cc";N/A;5;N/A;N/A;N/A;N/A;N/A;N/A;N/A;N/A;N/A;N/A;N/A;N/A;N/A;N/A;N/A;N/A;N/A;N/A;N/A;N/A;N/A;N/A;N/A;N/A;N/A;N/A;N/A;Sí;N/A;N/A;N/A;N/A;N/A;N/A;N/A;N/A;Sí;N/A;N/A;N/A;N/A;N/A;N/A;N/A;N/A;N/A;N/A;N/A;N/A;N/A;N/A;N/A;N/A;N/A;N/A;N/A;N/A;"13 km/l";N/A;N/A;N/A;Sí;N/A;N/A;N/A;Sí;N/A;N/A;"18 km/l";N/A;N/A;N/A;N/A;Sí;"Lun. a Vie. de 9:30 a 18 hs. Sáb. de 9:30 a 14:30 hs";5;1.0;Nafta;Manual;Sedán;"Autos y camionetas";No;N/A;N/A;N/A;No;N/A;N/A;No;Sí;No;No;N/A;N/A;N/A;N/A;N/A;N/A;N/A;N/A;N/A;N/A;N/A;N/A;N/A;Sí;N/A;N/A;N/A;N/A;N/A;N/A;N/A;N/A;N/A;N/A;N/A;N/A;N/A;N/A;N/A;N/A;N/A;N/A;N/A;N/A;N/A;N/A;N/A;N/A;N/A;N/A;N/A;N/A;N/A;N/A;N/A;N/A;N/A;N/A;N/A;N/A;N/A;No;N/A;N/A;N/A;N/A;N/A;N/A;N/A;N/A;N/A;N/A;N/A;N/A;N/A;N/A;N/A;N/A;N/A;N/A;N/A;N/A;N/A;N/A;N/A;N/A;N/A;N/A;N/A;N/A;N/A;Sí;N/A;N/A;N/A;Sí;N/A;N/A;N/A;Sí;N/A;N/A;N/A;N/A;Sí;N/A;N/A;N/A;N/A;N/A;N/A;N/A;N/A;Sí;Sí;Sí;Sí;N/A;Sí;N/A;Sí
Hyundai;i10;"1.1 Gls Mt";2013;"130000 km";;RRICHARD54073;8800;;;;;Pando;https://auto.mercadolibre.com.uy/MLU-647113903-hyundai-i-10-_JM;N/A;;"Hyundai I 10";usd;Sí;silver;false;N/A;N/A;http://perfil.mercadolibre.com.uy/RRICHARD54073;active;N/A;N/A;Usado;Gris;N/A;N/A;Delantera;N/A;N/A;N/A;N/A;N/A;N/A;N/A;N/A;N/A;N/A;N/A;N/A;N/A;N/A;N/A;N/A;N/A;N/A;N/A;N/A;N/A;N/A;N/A;N/A;N/A;"2380 mm";"1.1 L";"35 L";5;N/A;N/A;N/A;N/A;N/A;N/A;N/A;N/A;N/A;N/A;N/A;N/A;N/A;N/A;N/A;N/A;N/A;N/A;N/A;N/A;N/A;N/A;N/A;N/A;N/A;N/A;N/A;N/A;N/A;N/A;N/A;N/A;N/A;N/A;N/A;N/A;N/A;N/A;N/A;N/A;N/A;N/A;N/A;N/A;N/A;"1550 mm";"3585 mm";N/A;N/A;N/A;N/A;5;"69 hp";Gls;N/A;4;"1595 mm";N/A;N/A;N/A;N/A;N/A;N/A;N/A;N/A;N/A;N/A;N/A;N/A;N/A;N/A;N/A;N/A;N/A;N/A;5;1.1;Nafta;Manual;Hatchback;"Autos y camionetas";N/A;N/A;N/A;N/A;N/A;N/A;UY;N/A;N/A;N/A;N/A;N/A;N/A;N/A;N/A;N/A;N/A;N/A;N/A;N/A;N/A;N/A;N/A;N/A;N/A;N/A;N/A;N/A;N/A;N/A;N/A;N/A;N/A;N/A;N/A;N/A;N/A;N/A;N/A;N/A;N/A;N/A;N/A;N/A;N/A;N/A;N/A;N/A;N/A;N/A;N/A;N/A;N/A;N/A;N/A;N/A;N/A;N/A;N/A;N/A;N/A;N/A;N/A;N/A;N/A;N/A;N/A;N/A;N/A;N/A;N/A;N/A;N/A;N/A;N/A;N/A;N/A;N/A;N/A;N/A;N/A;N/A;N/A;N/A;N/A;N/A;N/A;N/A;N/A;N/A;N/A;N/A;N/A;N/A;N/A;N/A;N/A;N/A;N/A;N/A;N/A;N/A;N/A;N/A;N/A;N/A;N/A;N/A;N/A;N/A;N/A;N/A;N/A;N/A;N/A;N/A;N/A;N/A;N/A;N/A;N/A;N/A
Hyundai;H1;"2.5 Premium 1 170cv Mt";2015;"130000 km";;ESPONDAGROUP;23990;;;;;"Punta del Este";https://auto.mercadolibre.com.uy/MLU-700481102-hyundai-h1-2015-25-premium-12-pasajeros-_JM;N/A;;"Hyundai H1 2015 2.5 Premium 12 Pasajeros";usd;Sí;silver;false;N/A;N/A;http://perfil.mercadolibre.com.uy/ESPONDAGROUP;active;N/A;N/A;Usado;N/A;Sí;Hidráulica;Trasera;Sí;N/A;Sí;N/A;N/A;Sí;N/A;N/A;N/A;N/A;N/A;N/A;Sí;N/A;N/A;N/A;N/A;N/A;N/A;N/A;N/A;N/A;N/A;N/A;N/A;"3201 mm";"2.5 L";"75 L";6;N/A;N/A;N/A;N/A;N/A;N/A;N/A;N/A;N/A;N/A;N/A;N/A;N/A;N/A;N/A;N/A;N/A;N/A;N/A;N/A;N/A;N/A;N/A;N/A;N/A;N/A;N/A;N/A;N/A;N/A;N/A;Sí;N/A;N/A;N/A;N/A;N/A;N/A;N/A;N/A;N/A;Sí;N/A;N/A;N/A;"1925 mm";"5125 mm";N/A;N/A;N/A;N/A;12;"170 hp";Premium;N/A;4;"1920 mm";"10.9 km/l";Sí;N/A;N/A;Sí;N/A;Sí;Sí;N/A;N/A;Sí;"7.1 km/l";N/A;N/A;N/A;N/A;N/A;N/A;5;2.5;Diésel;Manual;SUV;"Autos y camionetas";N/A;N/A;N/A;N/A;N/A;N/A;UY;N/A;Sí;N/A;N/A;N/A;N/A;N/A;N/A;N/A;N/A;N/A;N/A;N/A;N/A;N/A;N/A;N/A;N/A;N/A;N/A;N/A;N/A;N/A;N/A;N/A;N/A;N/A;N/A;N/A;N/A;N/A;N/A;N/A;N/A;N/A;N/A;N/A;N/A;N/A;N/A;N/A;N/A;N/A;N/A;N/A;N/A;N/A;N/A;N/A;N/A;N/A;N/A;N/A;N/A;N/A;N/A;N/A;N/A;N/A;N/A;N/A;N/A;N/A;N/A;N/A;N/A;N/A;N/A;N/A;N/A;N/A;N/A;N/A;N/A;N/A;N/A;N/A;N/A;N/A;N/A;N/A;N/A;N/A;N/A;N/A;N/A;N/A;N/A;N/A;Sí;Sí;Sí;N/A;Sí;Sí;N/A;N/A;N/A;Sí;N/A;Sí;Sí;Sí;N/A;Sí;Sí;N/A;N/A;N/A;N/A;N/A;N/A;N/A;N/A;N/A
Hyundai;Kona;Limited;2024;"0 km";;"RIVEROAUTOMOTORES TACUAREMBÓ";46990;;;;;Tacuarembó;https://auto.mercadolibre.com.uy/MLU-635739339-hyundai-kona-limited-16-2024-0km-_JM;N/A;;"Hyundai Kona Limited 1.6 2024 0km";USD;Sí;silver;false;N/A;N/A;http://perfil.mercadolibre.com.uy/RIVEROAUTOMOTORES+TACUAREMB%C3%93;active;N/A;N/A;Nuevo;N/A;N/A;Eléctrica;N/A;Sí;Sí;Sí;Sí;N/A;N/A;Sí;Sí;Sí;Sí;Sí;Sí;Sí;N/A;Sí;N/A;N/A;N/A;N/A;N/A;N/A;N/A;N/A;N/A;N/A;N/A;"1600 cc";N/A;6;N/A;N/A;Sí;Sí;Sí;Sí;Sí;N/A;N/A;N/A;N/A;N/A;N/A;N/A;N/A;N/A;N/A;N/A;N/A;N/A;N/A;Sí;N/A;Sí;N/A;Sí;N/A;Sí;N/A;N/A;N/A;N/A;N/A;N/A;N/A;N/A;N/A;N/A;N/A;N/A;N/A;N/A;Sí;N/A;N/A;N/A;N/A;N/A;N/A;N/A;N/A;N/A;N/A;N/A;N/A;N/A;N/A;"17 km/l";N/A;N/A;Sí;Sí;Sí;Sí;Sí;Sí;Sí;N/A;"23 km/l";Sí;N/A;N/A;N/A;Sí;"Lun. a Vie. de 8 a 12 y de 14 a 19 hs. Sáb de 8 a 13 hs";5;1.6;Híbrido;"Automática secuencial";SUV;"Autos y camionetas";No;N/A;N/A;N/A;No;N/A;N/A;No;Sí;No;No;N/A;N/A;N/A;N/A;N/A;N/A;N/A;N/A;N/A;N/A;N/A;N/A;N/A;Sí;N/A;N/A;N/A;N/A;N/A;N/A;N/A;N/A;N/A;N/A;N/A;N/A;N/A;N/A;N/A;N/A;N/A;N/A;Sí;N/A;N/A;N/A;N/A;N/A;N/A;N/A;N/A;N/A;N/A;N/A;N/A;N/A;N/A;N/A;N/A;N/A;Sí;No;N/A;N/A;N/A;N/A;N/A;N/A;N/A;N/A;N/A;N/A;N/A;N/A;N/A;N/A;N/A;N/A;N/A;N/A;N/A;N/A;N/A;N/A;N/A;N/A;N/A;N/A;N/A;N/A;N/A;N/A;N/A;N/A;N/A;Sí;Sí;Sí;Sí;Sí;Sí;Sí;N/A;Sí;Sí;Sí;Sí;N/A;N/A;Sí;Sí;Sí;N/A;Sí;N/A;Sí;N/A;N/A;N/A;N/A;Sí
Hyundai;HB20S;"NOVO PREMIUM AT";2025;"0 km";;"RIVEROAUTOMOTORES TACUAREMBÓ";25990;;;;;Tacuarembó;https://auto.mercadolibre.com.uy/MLU-645452219-hyundai-hb20s-novo-premium-at-16-2024-0km-_JM;N/A;;"Hyundai Hb20s Novo Premium At 1.6 2024 0km";usd;Sí;silver;false;N/A;N/A;http://perfil.mercadolibre.com.uy/RIVEROAUTOMOTORES+TACUAREMB%C3%93;active;N/A;N/A;Nuevo;Blanco;N/A;Eléctrica;N/A;Sí;N/A;Sí;N/A;N/A;N/A;Sí;Sí;N/A;Sí;Sí;Sí;Sí;N/A;Sí;N/A;N/A;N/A;N/A;N/A;N/A;N/A;N/A;N/A;N/A;N/A;"1600 cc";N/A;6;N/A;N/A;Sí;Sí;Sí;Sí;N/A;N/A;N/A;N/A;N/A;N/A;N/A;N/A;N/A;N/A;N/A;N/A;N/A;N/A;N/A;N/A;N/A;Sí;N/A;Sí;N/A;Sí;N/A;N/A;N/A;N/A;N/A;N/A;N/A;N/A;N/A;N/A;N/A;N/A;N/A;N/A;Sí;N/A;N/A;N/A;N/A;N/A;N/A;N/A;N/A;N/A;"123 hp";Premium;N/A;N/A;N/A;N/A;N/A;N/A;N/A;N/A;Sí;N/A;Sí;Sí;N/A;N/A;N/A;N/A;N/A;N/A;N/A;N/A;"Lun. a Vie. de 8 a 12 y de 14 a 19 hs. Sáb de 8 a 13 hs";4;1.6;Nafta;"Automática secuencial";Sedán;"Autos y camionetas";No;N/A;N/A;N/A;No;N/A;UY;No;Sí;No;No;N/A;N/A;N/A;N/A;N/A;N/A;N/A;N/A;N/A;N/A;N/A;N/A;N/A;Sí;N/A;N/A;N/A;N/A;N/A;N/A;N/A;N/A;N/A;N/A;N/A;N/A;N/A;N/A;N/A;N/A;N/A;N/A;Sí;N/A;N/A;N/A;N/A;N/A;N/A;N/A;N/A;N/A;N/A;N/A;N/A;N/A;N/A;N/A;N/A;N/A;Sí;No;N/A;N/A;N/A;N/A;N/A;N/A;N/A;N/A;N/A;N/A;N/A;N/A;N/A;N/A;N/A;N/A;N/A;N/A;N/A;N/A;N/A;N/A;N/A;N/A;N/A;N/A;N/A;N/A;N/A;N/A;N/A;N/A;N/A;Sí;N/A;Sí;Sí;Sí;Sí;Sí;N/A;Sí;Sí;N/A;N/A;N/A;N/A;Sí;Sí;Sí;N/A;Sí;N/A;Sí;N/A;N/A;N/A;N/A;Sí
Hyundai;HB20;.;2023;"0 km";;"HORACIO BARREIRO";16990;;;;;"Las Piedras";https://auto.mercadolibre.com.uy/MLU-694789594-hyundai-hb20-10-2023-0km-_JM;N/A;;"Hyundai Hb20 . 1.0 2023 0km";usd;Sí;silver;false;N/A;N/A;http://perfil.mercadolibre.com.uy/HORACIO+BARREIRO;active;N/A;N/A;Nuevo;Rojo;N/A;Asistida;N/A;Sí;N/A;Sí;N/A;N/A;N/A;Sí;Sí;N/A;N/A;N/A;N/A;Sí;N/A;N/A;N/A;N/A;N/A;N/A;N/A;N/A;N/A;N/A;N/A;N/A;N/A;"1000 cc";N/A;5;N/A;N/A;Sí;Sí;Sí;N/A;Sí;N/A;N/A;N/A;N/A;N/A;N/A;N/A;N/A;N/A;N/A;N/A;N/A;N/A;N/A;N/A;N/A;N/A;N/A;Sí;N/A;N/A;N/A;N/A;N/A;N/A;N/A;N/A;N/A;N/A;N/A;N/A;N/A;N/A;N/A;N/A;N/A;N/A;N/A;N/A;N/A;N/A;N/A;N/A;N/A;N/A;"75 hp";N/A;N/A;N/A;N/A;N/A;N/A;N/A;N/A;Sí;N/A;N/A;N/A;N/A;N/A;N/A;N/A;N/A;Sí;N/A;N/A;N/A;"Lunes a Sábados de 8 a 19 hs.";4;1.0;Nafta;Manual;Hatchback;"Autos y camionetas";No;N/A;N/A;N/A;No;N/A;UY;No;Sí;No;No;N/A;N/A;N/A;N/A;N/A;N/A;N/A;N/A;N/A;N/A;N/A;N/A;N/A;N/A;N/A;N/A;N/A;N/A;N/A;N/A;N/A;N/A;N/A;N/A;N/A;N/A;N/A;N/A;N/A;N/A;N/A;N/A;Sí;N/A;N/A;N/A;N/A;N/A;N/A;N/A;N/A;N/A;N/A;N/A;N/A;N/A;N/A;N/A;N/A;N/A;Sí;No;N/A;N/A;N/A;N/A;N/A;N/A;N/A;N/A;N/A;N/A;N/A;N/A;N/A;N/A;N/A;N/A;N/A;N/A;N/A;N/A;N/A;N/A;N/A;N/A;N/A;N/A;N/A;N/A;N/A;N/A;N/A;N/A;N/A;Sí;N/A;N/A;Sí;Sí;N/A;N/A;N/A;Sí;Sí;N/A;Sí;N/A;N/A;Sí;Sí;N/A;N/A;Sí;Sí;Sí;N/A;N/A;N/A;N/A;Sí
Hyundai;"HB20 HATCH COMFORT 1.0 6TA";Comfort;2022;"42778 km";;SOLYCARAUTOMOVILES;15300;;;;;Solymar;https://auto.mercadolibre.com.uy/MLU-704369004-hyundai-new-hb20-comfort-16-6ta-solycar-_JM;N/A;;"Hyundai  New Hb20 Comfort 1.6 6ta -solycar";usd;Sí;silver;false;N/A;N/A;http://perfil.mercadolibre.com.uy/SOLYCARAUTOMOVILES;active;N/A;N/A;Usado;Gris;Sí;Eléctrica;Delantera;Sí;Sí;Sí;N/A;N/A;No;N/A;N/A;No;N/A;N/A;No;N/A;N/A;N/A;N/A;N/A;N/A;N/A;N/A;N/A;N/A;N/A;N/A;N/A;"2500 mm";"1 L";"50 L";6;N/A;N/A;N/A;N/A;N/A;N/A;N/A;N/A;N/A;N/A;N/A;N/A;N/A;N/A;N/A;N/A;N/A;N/A;N/A;N/A;N/A;N/A;N/A;N/A;N/A;N/A;N/A;N/A;N/A;N/A;N/A;N/A;N/A;Sí;Sí;N/A;N/A;N/A;N/A;N/A;N/A;N/A;N/A;N/A;N/A;"1470 mm";"3920 mm";N/A;N/A;N/A;N/A;5;"101 hp";N/A;N/A;4;"1680 mm";N/A;No;N/A;N/A;Sí;N/A;Sí;Sí;Sí;N/A;N/A;"13.8 km/l";N/A;N/A;N/A;N/A;N/A;N/A;5;1.0;Nafta;Manual;Hatchback;"Autos y camionetas";N/A;N/A;N/A;N/A;N/A;N/A;UY;N/A;Sí;N/A;N/A;N/A;N/A;N/A;N/A;N/A;N/A;N/A;N/A;N/A;N/A;N/A;N/A;N/A;No;N/A;N/A;N/A;N/A;N/A;N/A;N/A;N/A;N/A;N/A;N/A;N/A;N/A;N/A;N/A;N/A;N/A;N/A;Sí;N/A;N/A;N/A;N/A;N/A;N/A;N/A;N/A;N/A;N/A;N/A;N/A;N/A;N/A;N/A;N/A;N/A;Sí;N/A;N/A;N/A;N/A;N/A;N/A;N/A;N/A;N/A;N/A;N/A;N/A;N/A;N/A;N/A;N/A;N/A;N/A;N/A;N/A;N/A;N/A;N/A;N/A;N/A;N/A;N/A;N/A;N/A;N/A;N/A;N/A;N/A;No;Sí;Sí;N/A;N/A;Sí;N/A;N/A;N/A;N/A;N/A;No;Sí;Sí;N/A;N/A;No;Sí;Sí;Sí;Sí;Sí;No;No;Sí;N/A;Sí
Hyundai;HB20S;"1.0 Premium Mt";2022;"50000 km";;"G. RODRIGUEZCASTRO";15990;;;;;Salto;https://auto.mercadolibre.com.uy/MLU-702810926-hyundai-hb20s-10-premium-mt-_JM;N/A;;"Hyundai Hb20s 1.0 Premium Mt";usd;Sí;silver;false;N/A;N/A;http://perfil.mercadolibre.com.uy/G.+RODRIGUEZCASTRO;active;N/A;N/A;Usado;Azul;Sí;Hidráulica;Delantera;Sí;Sí;N/A;N/A;N/A;N/A;N/A;N/A;No;N/A;N/A;Sí;Sí;N/A;Sí;N/A;N/A;N/A;N/A;N/A;N/A;N/A;N/A;N/A;N/A;"2500 mm";"1 L";"50 L";5;N/A;N/A;N/A;N/A;N/A;Sí;N/A;N/A;N/A;N/A;N/A;N/A;N/A;N/A;N/A;N/A;N/A;N/A;N/A;N/A;N/A;N/A;N/A;N/A;N/A;N/A;N/A;N/A;N/A;N/A;N/A;N/A;N/A;Sí;Sí;N/A;N/A;N/A;N/A;N/A;N/A;N/A;N/A;N/A;N/A;"1500 mm";"4200 mm";N/A;N/A;N/A;N/A;5;"80 hp";Comfort;N/A;4;"1680 mm";N/A;Sí;N/A;N/A;Sí;N/A;Sí;Sí;Sí;N/A;N/A;"12.8 km/l";N/A;N/A;N/A;N/A;Sí;N/A;4;1.0;Nafta;Manual;Sedán;"Autos y camionetas";Sí;N/A;N/A;N/A;N/A;N/A;UY;N/A;Sí;N/A;N/A;N/A;N/A;N/A;N/A;N/A;N/A;N/A;N/A;N/A;N/A;N/A;N/A;N/A;Sí;N/A;N/A;N/A;N/A;N/A;N/A;N/A;N/A;N/A;N/A;N/A;N/A;N/A;N/A;N/A;N/A;N/A;N/A;N/A;N/A;N/A;N/A;N/A;N/A;N/A;N/A;N/A;N/A;N/A;N/A;N/A;N/A;N/A;N/A;N/A;N/A;N/A;Sí;N/A;N/A;N/A;N/A;N/A;N/A;N/A;N/A;N/A;N/A;N/A;N/A;N/A;N/A;N/A;N/A;N/A;N/A;N/A;N/A;N/A;N/A;N/A;N/A;N/A;N/A;N/A;N/A;N/A;N/A;N/A;N/A;N/A;Sí;Sí;Sí;N/A;Sí;N/A;N/A;N/A;N/A;Sí;Sí;N/A;Sí;N/A;N/A;Sí;Sí;N/A;Sí;N/A;Sí;N/A;N/A;Sí;N/A;Sí
Hyundai;"Santa Fe";2.0;2023;"32500 km";;AMAYASELECCIONADOS;56900;;;;;"Brazo Oriental";https://auto.mercadolibre.com.uy/MLU-693777230-hyundai-santa-fe-_JM;N/A;;"Hyundai Santa Fe ";USD;Sí;silver;false;N/A;N/A;http://perfil.mercadolibre.com.uy/AMAYASELECCIONADOS;active;N/A;N/A;Usado;Blanco;N/A;Eléctrica;Delantera;N/A;N/A;N/A;N/A;N/A;N/A;N/A;N/A;N/A;N/A;N/A;N/A;N/A;N/A;N/A;N/A;N/A;N/A;N/A;N/A;N/A;N/A;N/A;N/A;N/A;N/A;N/A;N/A;N/A;N/A;N/A;N/A;N/A;N/A;N/A;N/A;N/A;N/A;N/A;N/A;N/A;N/A;N/A;N/A;N/A;N/A;N/A;N/A;N/A;N/A;N/A;N/A;N/A;N/A;N/A;N/A;N/A;N/A;N/A;N/A;N/A;N/A;N/A;N/A;N/A;N/A;N/A;N/A;N/A;N/A;N/A;N/A;N/A;N/A;N/A;N/A;N/A;N/A;N/A;N/A;N/A;N/A;N/A;N/A;N/A;N/A;N/A;N/A;N/A;N/A;N/A;N/A;N/A;N/A;N/A;N/A;N/A;N/A;N/A;N/A;N/A;N/A;N/A;N/A;5;2.0;Nafta;Automática;SUV;"Autos y camionetas";N/A;N/A;N/A;N/A;N/A;N/A;N/A;N/A;N/A;N/A;N/A;N/A;N/A;N/A;N/A;N/A;N/A;N/A;N/A;N/A;N/A;N/A;N/A;N/A;N/A;N/A;N/A;N/A;N/A;N/A;N/A;N/A;N/A;N/A;N/A;N/A;N/A;N/A;N/A;N/A;N/A;N/A;N/A;N/A;N/A;N/A;N/A;N/A;N/A;N/A;N/A;N/A;N/A;N/A;N/A;N/A;N/A;N/A;N/A;N/A;N/A;N/A;N/A;N/A;N/A;N/A;N/A;N/A;N/A;N/A;N/A;N/A;N/A;N/A;N/A;N/A;N/A;N/A;N/A;N/A;N/A;N/A;N/A;N/A;N/A;N/A;N/A;N/A;N/A;N/A;N/A;N/A;N/A;N/A;N/A;N/A;N/A;N/A;N/A;N/A;N/A;N/A;N/A;N/A;N/A;N/A;N/A;N/A;N/A;N/A;N/A;N/A;N/A;N/A;N/A;N/A;N/A;N/A;N/A;N/A;N/A;N/A
Hyundai;i10;"1.1 Gls Mt";2013;"138000 km";;NGONCALVES352;8990;;;;;"San José de Carrasco";https://auto.mercadolibre.com.uy/MLU-644960781-hyundai-i10-gls-full-ano-2013-100-financiado-_JM;N/A;;"Hyundai I10 Gls Full Año 2013 100% Financiado";usd;Sí;silver;false;N/A;N/A;http://perfil.mercadolibre.com.uy/NGONCALVES352;active;N/A;N/A;Usado;Negro;N/A;N/A;Delantera;N/A;N/A;N/A;N/A;N/A;N/A;N/A;N/A;N/A;N/A;N/A;N/A;N/A;N/A;N/A;N/A;N/A;N/A;N/A;N/A;N/A;N/A;N/A;N/A;N/A;"2380 mm";"1.1 L";"35 L";5;N/A;N/A;N/A;N/A;N/A;N/A;N/A;N/A;N/A;N/A;N/A;N/A;N/A;N/A;N/A;N/A;N/A;N/A;N/A;N/A;N/A;N/A;N/A;N/A;N/A;N/A;N/A;N/A;N/A;N/A;N/A;N/A;N/A;N/A;N/A;N/A;N/A;N/A;N/A;N/A;N/A;N/A;N/A;N/A;N/A;"1550 mm";"3585 mm";N/A;N/A;N/A;N/A;5;"69 hp";Gls;N/A;4;"1595 mm";N/A;N/A;N/A;N/A;N/A;N/A;N/A;N/A;N/A;N/A;N/A;N/A;N/A;N/A;N/A;N/A;N/A;N/A;5;1.1;Nafta;Manual;Hatchback;"Autos y camionetas";N/A;N/A;N/A;N/A;N/A;N/A;UY;N/A;N/A;N/A;N/A;N/A;N/A;N/A;N/A;N/A;N/A;N/A;N/A;N/A;N/A;N/A;N/A;N/A;N/A;N/A;N/A;N/A;N/A;N/A;N/A;N/A;N/A;N/A;N/A;N/A;N/A;N/A;N/A;N/A;N/A;N/A;N/A;N/A;N/A;N/A;N/A;N/A;N/A;N/A;N/A;N/A;N/A;N/A;N/A;N/A;N/A;N/A;N/A;N/A;N/A;N/A;N/A;N/A;N/A;N/A;N/A;N/A;N/A;N/A;N/A;N/A;N/A;N/A;N/A;N/A;N/A;N/A;N/A;N/A;N/A;N/A;N/A;N/A;N/A;N/A;N/A;N/A;N/A;N/A;N/A;N/A;N/A;N/A;N/A;N/A;N/A;N/A;N/A;N/A;N/A;N/A;N/A;N/A;N/A;N/A;N/A;N/A;N/A;N/A;N/A;N/A;N/A;N/A;N/A;N/A;N/A;N/A;N/A;N/A;N/A;N/A
Hyundai;"Ioniq 5";"0.0 Safe Long Range Rwd At";2024;"0 km";;EDINSONOSVALDO2011;58990;;;;;"San José de Mayo";https://auto.mercadolibre.com.uy/MLU-695035100-hyundai-ioniq-100-electrico-_JM;N/A;;"Hyundai Ioniq 100% Electrico";usd;Sí;silver;false;N/A;N/A;http://perfil.mercadolibre.com.uy/EDINSONOSVALDO2011;active;N/A;N/A;Nuevo;Azul;N/A;N/A;Trasera;N/A;N/A;N/A;N/A;N/A;N/A;N/A;N/A;N/A;N/A;N/A;N/A;N/A;N/A;N/A;N/A;N/A;N/A;N/A;N/A;N/A;N/A;N/A;N/A;N/A;"3000 mm";"0 L";N/A;N/A;N/A;N/A;N/A;N/A;N/A;N/A;N/A;N/A;N/A;N/A;N/A;N/A;N/A;N/A;N/A;N/A;N/A;N/A;N/A;N/A;N/A;N/A;N/A;N/A;N/A;N/A;N/A;N/A;N/A;N/A;N/A;N/A;N/A;N/A;N/A;N/A;N/A;N/A;N/A;N/A;N/A;N/A;N/A;N/A;N/A;"1604 mm";"4635 mm";N/A;N/A;N/A;N/A;5;"228 hp";Safe;N/A;N/A;"1890 mm";N/A;N/A;N/A;N/A;N/A;N/A;N/A;N/A;N/A;N/A;N/A;N/A;N/A;N/A;N/A;N/A;N/A;N/A;5;0.0;Eléctrico;Automática;Hatchback;"Autos y camionetas";N/A;N/A;N/A;N/A;N/A;N/A;UY;N/A;N/A;N/A;N/A;N/A;N/A;N/A;N/A;N/A;N/A;N/A;N/A;N/A;N/A;N/A;N/A;N/A;N/A;N/A;N/A;N/A;N/A;N/A;N/A;N/A;N/A;N/A;N/A;N/A;N/A;N/A;N/A;N/A;N/A;N/A;N/A;N/A;N/A;N/A;N/A;N/A;N/A;N/A;N/A;N/A;N/A;N/A;N/A;N/A;N/A;N/A;N/A;N/A;N/A;N/A;N/A;N/A;N/A;N/A;N/A;N/A;N/A;N/A;N/A;N/A;N/A;N/A;N/A;N/A;N/A;N/A;N/A;N/A;N/A;N/A;N/A;N/A;N/A;N/A;N/A;N/A;N/A;N/A;N/A;N/A;N/A;N/A;N/A;N/A;N/A;N/A;N/A;N/A;N/A;N/A;N/A;N/A;N/A;N/A;N/A;N/A;N/A;N/A;N/A;N/A;N/A;N/A;N/A;N/A;N/A;N/A;N/A;N/A;N/A;N/A
Hyundai;"Grand i10";"1.2 Gls Seg 87cv Mt";2015;"137300 km";;"TOPCAR AV.JOSEBELLONI6328";11900;;;;;Manga;https://auto.mercadolibre.com.uy/MLU-692349812-hyundai-grand-i10-2015-12-gls-automotoratopcar-6000-cuota-_JM;N/A;;"Hyundai Grand I10 2015 1.2 Gls Automotoratopcar 6000 + Cuota";usd;Sí;silver;false;N/A;N/A;http://perfil.mercadolibre.com.uy/TOPCAR+AV.JOSEBELLONI6328;active;N/A;N/A;Usado;Gris;N/A;Hidráulica;Delantera;Sí;N/A;Sí;N/A;N/A;N/A;N/A;N/A;N/A;N/A;N/A;N/A;N/A;N/A;N/A;N/A;N/A;N/A;N/A;N/A;N/A;N/A;N/A;N/A;N/A;"2425 mm";"1.2 L";"43 L";5;N/A;N/A;N/A;N/A;Sí;N/A;N/A;N/A;N/A;N/A;N/A;N/A;N/A;N/A;N/A;N/A;N/A;N/A;N/A;N/A;N/A;N/A;N/A;N/A;N/A;N/A;N/A;N/A;N/A;N/A;N/A;Sí;N/A;Sí;N/A;N/A;N/A;N/A;N/A;N/A;N/A;Sí;N/A;N/A;N/A;"1505 mm";"3765 mm";N/A;N/A;N/A;N/A;5;"87 hp";Gls;N/A;4;"1660 mm";N/A;N/A;N/A;N/A;N/A;N/A;N/A;N/A;N/A;N/A;N/A;N/A;N/A;N/A;N/A;N/A;N/A;N/A;5;1.2;Nafta;Manual;Hatchback;"Autos y camionetas";N/A;N/A;N/A;N/A;N/A;N/A;UY;N/A;N/A;N/A;N/A;N/A;N/A;N/A;N/A;N/A;N/A;N/A;N/A;N/A;N/A;N/A;N/A;N/A;N/A;N/A;N/A;N/A;N/A;N/A;N/A;N/A;N/A;N/A;N/A;N/A;N/A;N/A;N/A;N/A;N/A;N/A;N/A;N/A;N/A;N/A;N/A;N/A;N/A;N/A;N/A;N/A;N/A;N/A;N/A;N/A;N/A;N/A;N/A;N/A;N/A;N/A;N/A;N/A;N/A;N/A;N/A;N/A;N/A;N/A;N/A;N/A;N/A;N/A;N/A;N/A;N/A;N/A;N/A;N/A;N/A;N/A;N/A;N/A;N/A;N/A;N/A;N/A;N/A;N/A;N/A;N/A;N/A;N/A;N/A;N/A;Sí;N/A;Sí;N/A;N/A;N/A;N/A;N/A;N/A;N/A;N/A;N/A;N/A;Sí;N/A;N/A;N/A;N/A;N/A;N/A;N/A;N/A;N/A;N/A;N/A;N/A
Hyundai;Kona;"LIMITED HEV";2025;"0 km";;LAGOMARAUTOMOVILES;46990;;;;;"Ciudad de la Costa";https://auto.mercadolibre.com.uy/MLU-672439972-hyundai-kona-limited-hev-16-2025-lagomar-automoviles-_JM;N/A;;"Hyundai Kona Limited Hev 1.6 2025 - Lagomar Automóviles";USD;Sí;silver;false;N/A;N/A;http://perfil.mercadolibre.com.uy/LAGOMARAUTOMOVILES;active;N/A;N/A;Nuevo;N/A;N/A;Eléctrica;N/A;N/A;Sí;Sí;Sí;N/A;N/A;N/A;Sí;Sí;Sí;Sí;Sí;Sí;N/A;Sí;N/A;N/A;N/A;N/A;N/A;N/A;N/A;N/A;N/A;N/A;N/A;"1600 cc";N/A;6;N/A;N/A;Sí;Sí;Sí;N/A;Sí;N/A;N/A;N/A;N/A;N/A;N/A;N/A;N/A;N/A;N/A;N/A;N/A;N/A;N/A;Sí;N/A;Sí;N/A;Sí;N/A;Sí;N/A;Sí;N/A;N/A;N/A;N/A;N/A;N/A;Sí;N/A;N/A;N/A;N/A;N/A;Sí;N/A;N/A;N/A;N/A;N/A;N/A;N/A;N/A;N/A;"141 hp";N/A;N/A;N/A;N/A;N/A;N/A;N/A;Sí;Sí;Sí;Sí;Sí;Sí;Sí;Sí;N/A;N/A;N/A;N/A;N/A;Sí;"Lun. a Vie. 9:30 a 13 y 14 a 19 hs. Sáb. 9:30 a 13:30 hs.";5;1.6;Híbrido;"Automática secuencial";SUV;"Autos y camionetas";No;N/A;N/A;N/A;No;N/A;N/A;No;Sí;No;No;N/A;N/A;N/A;N/A;N/A;N/A;N/A;N/A;N/A;N/A;N/A;N/A;N/A;N/A;N/A;N/A;N/A;N/A;N/A;N/A;N/A;N/A;N/A;N/A;N/A;N/A;N/A;N/A;N/A;N/A;N/A;N/A;Sí;N/A;N/A;N/A;N/A;N/A;N/A;N/A;N/A;N/A;N/A;N/A;N/A;N/A;N/A;N/A;N/A;N/A;Sí;No;N/A;N/A;N/A;N/A;N/A;N/A;N/A;N/A;N/A;N/A;N/A;N/A;N/A;N/A;N/A;N/A;N/A;N/A;N/A;N/A;N/A;N/A;N/A;N/A;N/A;N/A;N/A;N/A;N/A;N/A;N/A;N/A;N/A;Sí;Sí;Sí;Sí;Sí;Sí;Sí;N/A;N/A;Sí;Sí;N/A;N/A;N/A;Sí;Sí;Sí;N/A;Sí;N/A;Sí;N/A;N/A;N/A;N/A;Sí
Hyundai;Ioniq;Full;2018;"140900 km";;NACHOMOVILES;20490;;;;;"Paso de Carrasco";https://auto.mercadolibre.com.uy/MLU-701420908-hyundai-ioniq-full-16-2018-_JM;N/A;;"Hyundai Ioniq Full 1.6 2018";USD;Sí;silver;false;N/A;N/A;http://perfil.mercadolibre.com.uy/NACHOMOVILES;active;N/A;N/A;Usado;Blanco;Sí;Asistida;N/A;Sí;Sí;Sí;N/A;N/A;N/A;Sí;Sí;N/A;Sí;Sí;Sí;Sí;N/A;Sí;N/A;N/A;N/A;N/A;N/A;N/A;N/A;N/A;N/A;N/A;N/A;"1600 cc";N/A;6;N/A;N/A;N/A;N/A;Sí;Sí;Sí;N/A;N/A;N/A;N/A;N/A;N/A;N/A;N/A;N/A;N/A;N/A;N/A;N/A;N/A;N/A;N/A;Sí;N/A;Sí;N/A;Sí;N/A;N/A;N/A;N/A;N/A;N/A;N/A;N/A;Sí;N/A;N/A;N/A;N/A;N/A;Sí;N/A;N/A;N/A;N/A;N/A;N/A;N/A;N/A;N/A;"141 hp";N/A;N/A;N/A;N/A;N/A;N/A;N/A;Sí;Sí;Sí;N/A;Sí;Sí;N/A;N/A;N/A;N/A;N/A;Sí;N/A;N/A;"Lun. a Vie. 9 a 13 y 14:30 a 18:30 hs.";5;1.6;Híbrido;Automática;Hatchback;"Autos y camionetas";No;N/A;N/A;N/A;No;N/A;N/A;No;Sí;No;No;N/A;N/A;N/A;N/A;N/A;N/A;N/A;N/A;N/A;N/A;N/A;N/A;N/A;Sí;N/A;N/A;N/A;N/A;N/A;N/A;N/A;N/A;N/A;N/A;Sí;N/A;N/A;N/A;N/A;N/A;N/A;N/A;N/A;N/A;N/A;N/A;N/A;N/A;N/A;N/A;N/A;N/A;N/A;N/A;N/A;N/A;N/A;N/A;N/A;N/A;N/A;No;N/A;N/A;N/A;N/A;N/A;N/A;N/A;N/A;N/A;N/A;N/A;N/A;N/A;N/A;N/A;N/A;N/A;N/A;N/A;N/A;N/A;N/A;N/A;N/A;N/A;N/A;N/A;N/A;N/A;N/A;N/A;N/A;N/A;Sí;Sí;Sí;Sí;Sí;N/A;Sí;N/A;Sí;Sí;N/A;Sí;N/A;N/A;Sí;Sí;Sí;N/A;Sí;Sí;Sí;Sí;N/A;N/A;N/A;Sí
Hyundai;HB20;Comfort;2019;"124000 km";;NACHOMOVILES;12990;;;;;"Paso de Carrasco";https://auto.mercadolibre.com.uy/MLU-694176538-hyundai-hb20-comfort-16-2019-_JM;N/A;;"Hyundai Hb20 Comfort 1.6 2019";usd;Sí;silver;false;N/A;N/A;http://perfil.mercadolibre.com.uy/NACHOMOVILES;active;N/A;N/A;Usado;"Gris oscuro";Sí;Asistida;N/A;Sí;Sí;Sí;N/A;N/A;N/A;Sí;Sí;N/A;N/A;Sí;N/A;Sí;N/A;N/A;N/A;N/A;N/A;N/A;N/A;N/A;N/A;N/A;N/A;N/A;N/A;"1600 cc";N/A;6;N/A;N/A;N/A;N/A;N/A;N/A;N/A;N/A;N/A;N/A;N/A;N/A;N/A;N/A;N/A;N/A;N/A;N/A;N/A;N/A;N/A;N/A;N/A;N/A;N/A;Sí;N/A;N/A;N/A;N/A;N/A;N/A;N/A;N/A;N/A;N/A;Sí;N/A;N/A;N/A;N/A;N/A;N/A;N/A;N/A;N/A;N/A;N/A;N/A;N/A;N/A;N/A;"122 hp";Comfort;N/A;N/A;N/A;N/A;N/A;N/A;N/A;Sí;N/A;N/A;Sí;Sí;N/A;N/A;N/A;N/A;N/A;N/A;N/A;Sí;"Lun. a Vie. 9 a 13 y 14:30 a 18:30 hs.";5;1.6;Nafta;Manual;Hatchback;"Autos y camionetas";No;N/A;N/A;N/A;No;N/A;UY;No;Sí;No;No;N/A;N/A;N/A;N/A;N/A;N/A;N/A;N/A;N/A;N/A;N/A;N/A;N/A;N/A;N/A;N/A;N/A;N/A;N/A;N/A;N/A;N/A;N/A;N/A;N/A;N/A;N/A;N/A;N/A;N/A;N/A;N/A;N/A;N/A;N/A;N/A;N/A;N/A;N/A;N/A;N/A;N/A;N/A;N/A;N/A;N/A;N/A;N/A;N/A;N/A;N/A;No;N/A;N/A;N/A;N/A;N/A;N/A;N/A;N/A;N/A;N/A;N/A;N/A;N/A;N/A;N/A;N/A;N/A;N/A;N/A;N/A;N/A;N/A;N/A;N/A;N/A;N/A;N/A;N/A;N/A;N/A;N/A;N/A;N/A;Sí;Sí;N/A;N/A;Sí;N/A;N/A;N/A;N/A;Sí;N/A;N/A;N/A;N/A;N/A;N/A;Sí;N/A;Sí;Sí;Sí;N/A;N/A;N/A;N/A;Sí
Hyundai;"NEW CRETA";"Sport 1.6";2022;"99571 km";;HILTON_MOTORS;21900;;;;;Centro;https://auto.mercadolibre.com.uy/MLU-702719080-hyundai-new-creta-sport-16-ano-2022-hilton-motors-co-_JM;N/A;;"Hyundai New Creta Sport 1.6 Año 2022 - Hilton Motors Co.";usd;Sí;silver;false;N/A;N/A;http://perfil.mercadolibre.com.uy/HILTON_MOTORS;active;N/A;N/A;Usado;Gris;N/A;Asistida;Delantera;N/A;N/A;Sí;N/A;N/A;N/A;N/A;N/A;N/A;N/A;N/A;N/A;N/A;N/A;N/A;N/A;N/A;N/A;N/A;N/A;N/A;N/A;N/A;N/A;N/A;"2590 mm";"1.6 L";"58 L";5;N/A;N/A;N/A;N/A;N/A;N/A;N/A;N/A;N/A;N/A;N/A;N/A;N/A;N/A;N/A;N/A;N/A;N/A;N/A;N/A;N/A;N/A;N/A;N/A;N/A;N/A;N/A;N/A;N/A;N/A;N/A;N/A;N/A;Sí;Sí;N/A;N/A;N/A;N/A;N/A;N/A;N/A;N/A;N/A;N/A;"1635 mm";"4440 mm";N/A;N/A;N/A;N/A;5;"163 hp";"Sport Gl";N/A;4;"1898 mm";N/A;N/A;N/A;N/A;Sí;N/A;N/A;Sí;N/A;N/A;N/A;N/A;N/A;N/A;N/A;N/A;N/A;"Lunes a Viernes de 9 a 18hs.";5;1.6;Nafta;Manual;SUV;"Autos y camionetas";N/A;N/A;N/A;N/A;N/A;N/A;UY;N/A;N/A;N/A;N/A;N/A;N/A;N/A;N/A;N/A;N/A;N/A;N/A;N/A;N/A;N/A;N/A;N/A;N/A;N/A;N/A;N/A;N/A;N/A;N/A;N/A;N/A;N/A;N/A;N/A;N/A;N/A;N/A;N/A;N/A;N/A;N/A;N/A;N/A;N/A;N/A;N/A;N/A;N/A;N/A;N/A;N/A;N/A;N/A;N/A;N/A;N/A;N/A;N/A;N/A;N/A;N/A;N/A;N/A;N/A;N/A;N/A;N/A;N/A;N/A;N/A;N/A;N/A;N/A;N/A;N/A;N/A;N/A;N/A;N/A;N/A;N/A;N/A;N/A;N/A;N/A;N/A;N/A;N/A;N/A;N/A;N/A;N/A;N/A;N/A;N/A;N/A;N/A;N/A;N/A;N/A;N/A;N/A;N/A;N/A;N/A;N/A;N/A;N/A;N/A;N/A;Sí;N/A;N/A;N/A;N/A;N/A;N/A;Sí;N/A;N/A
Hyundai;HB20;"Comfort Mt";2023;"26500 km";;"AUTOMOTORA ALBANO";15500;;;;;Artigas;https://auto.mercadolibre.com.uy/MLU-701976688-hyundai-hb20-comfort-mt-10-2023-automotora-albano-_JM;N/A;;"Hyundai Hb20 Comfort Mt 1.0 2023! - Automotora Albano";usd;Sí;silver;false;N/A;N/A;http://perfil.mercadolibre.com.uy/AUTOMOTORA+ALBANO;active;N/A;N/A;Usado;"Gris oscuro";Sí;Eléctrica;N/A;Sí;Sí;N/A;N/A;N/A;N/A;N/A;Sí;N/A;N/A;N/A;N/A;Sí;N/A;N/A;N/A;N/A;N/A;N/A;N/A;N/A;N/A;N/A;N/A;N/A;N/A;"1000 cc";N/A;5;N/A;N/A;Sí;Sí;N/A;Sí;N/A;N/A;N/A;N/A;N/A;N/A;N/A;N/A;N/A;N/A;N/A;N/A;N/A;N/A;N/A;N/A;N/A;N/A;N/A;N/A;N/A;N/A;N/A;N/A;N/A;N/A;N/A;N/A;N/A;N/A;N/A;N/A;N/A;N/A;N/A;N/A;N/A;N/A;N/A;N/A;N/A;N/A;N/A;N/A;N/A;N/A;"80 hp";Comfort;N/A;N/A;N/A;"18 km/l";N/A;N/A;N/A;Sí;N/A;Sí;Sí;N/A;N/A;N/A;"20 km/l";N/A;N/A;N/A;N/A;Sí;"Lun a Vie 8:30 a 12:30 y 14:30 a 18:30 hs. Sáb 8:30 a 12 hs";5;1.0;Nafta;Manual;Hatchback;"Autos y camionetas";No;N/A;N/A;N/A;No;N/A;UY;No;Sí;No;No;N/A;N/A;N/A;N/A;N/A;N/A;N/A;N/A;N/A;N/A;N/A;N/A;N/A;N/A;N/A;N/A;N/A;N/A;N/A;N/A;N/A;N/A;N/A;N/A;N/A;N/A;N/A;N/A;N/A;N/A;N/A;N/A;N/A;N/A;N/A;N/A;N/A;N/A;N/A;N/A;N/A;N/A;N/A;N/A;N/A;N/A;N/A;N/A;N/A;N/A;N/A;No;N/A;N/A;N/A;N/A;N/A;N/A;N/A;N/A;N/A;N/A;N/A;N/A;N/A;N/A;N/A;N/A;N/A;N/A;N/A;N/A;N/A;N/A;N/A;N/A;N/A;N/A;N/A;N/A;N/A;Sí;N/A;N/A;N/A;Sí;Sí;Sí;N/A;Sí;N/A;N/A;N/A;N/A;Sí;N/A;Sí;N/A;N/A;Sí;Sí;Sí;N/A;Sí;Sí;Sí;N/A;N/A;Sí;Sí;Sí
Hyundai;Tucson;"2.0 Gl 6at 2wd";2016;"112000 km";;HANGAR-MOTORS;20500;;;;;"La Blanqueada";https://auto.mercadolibre.com.uy/MLU-698769542-hyundai-tucson-2016-20-gl-6at-2wd-_JM;N/A;;"Hyundai Tucson 2016 2.0 Gl 6at 2wd";usd;Sí;silver;false;N/A;N/A;http://perfil.mercadolibre.com.uy/HANGAR-MOTORS;active;N/A;N/A;Usado;N/A;N/A;Hidráulica;4x2;Sí;N/A;Sí;N/A;N/A;N/A;N/A;N/A;N/A;N/A;N/A;N/A;N/A;N/A;N/A;N/A;N/A;N/A;N/A;N/A;N/A;N/A;N/A;N/A;N/A;"2630 mm";"2 L";"58 L";6;N/A;N/A;N/A;N/A;N/A;N/A;N/A;N/A;N/A;N/A;N/A;N/A;N/A;N/A;N/A;N/A;N/A;N/A;N/A;N/A;N/A;N/A;N/A;N/A;N/A;N/A;N/A;N/A;N/A;N/A;N/A;Sí;N/A;N/A;N/A;N/A;N/A;N/A;N/A;N/A;N/A;Sí;N/A;N/A;N/A;"1655 mm";"4410 mm";N/A;N/A;N/A;N/A;5;"166 hp";Gl;N/A;4;"1830 mm";"10.4 km/l";N/A;N/A;N/A;N/A;N/A;N/A;N/A;N/A;N/A;Sí;"6.4 km/l";N/A;N/A;N/A;N/A;N/A;N/A;5;2.0;Nafta;Automática;SUV;"Autos y camionetas";N/A;N/A;N/A;N/A;N/A;N/A;UY;N/A;Sí;N/A;N/A;N/A;N/A;N/A;N/A;N/A;N/A;N/A;N/A;N/A;N/A;N/A;N/A;N/A;N/A;N/A;N/A;N/A;N/A;N/A;N/A;N/A;N/A;N/A;N/A;N/A;N/A;N/A;N/A;N/A;N/A;N/A;N/A;N/A;N/A;N/A;N/A;N/A;N/A;N/A;N/A;N/A;N/A;N/A;N/A;N/A;N/A;N/A;N/A;N/A;N/A;N/A;No;N/A;N/A;N/A;N/A;N/A;N/A;N/A;N/A;N/A;N/A;N/A;N/A;N/A;N/A;N/A;N/A;N/A;N/A;N/A;N/A;N/A;N/A;N/A;N/A;N/A;N/A;N/A;N/A;N/A;N/A;N/A;N/A;N/A;Sí;N/A;Sí;N/A;N/A;N/A;N/A;N/A;N/A;Sí;N/A;N/A;N/A;Sí;N/A;N/A;N/A;N/A;N/A;N/A;N/A;N/A;N/A;N/A;N/A;N/A
Hyundai;Creta;"1.0 T-Gdi Safe At";2023;"23500 km";;NEDALCAR_AUTOMOVILES;27900;;;;;"Aeropuerto Internacional De Carrasco";https://auto.mercadolibre.com.uy/MLU-697046514-hyundai-creta-2023-10-t-gdi-safe-at-_JM;N/A;;"Hyundai Creta 2023 1.0 T-gdi Safe At";usd;Sí;silver;false;N/A;N/A;http://perfil.mercadolibre.com.uy/NEDALCAR_AUTOMOVILES;active;N/A;N/A;Usado;N/A;N/A;N/A;4x2;N/A;N/A;N/A;N/A;N/A;N/A;N/A;N/A;N/A;N/A;N/A;N/A;N/A;N/A;N/A;N/A;N/A;N/A;N/A;N/A;N/A;N/A;N/A;N/A;N/A;"2610 mm";"1 L";"50 L";6;N/A;N/A;N/A;N/A;N/A;N/A;N/A;N/A;N/A;N/A;N/A;N/A;N/A;N/A;N/A;N/A;N/A;N/A;N/A;N/A;N/A;N/A;N/A;N/A;N/A;N/A;N/A;N/A;N/A;N/A;N/A;N/A;N/A;N/A;N/A;N/A;N/A;N/A;N/A;N/A;N/A;N/A;N/A;N/A;N/A;"1635 mm";"4290 mm";N/A;N/A;N/A;N/A;5;"120 hp";Safe;N/A;4;"1790 mm";N/A;N/A;N/A;N/A;N/A;N/A;N/A;N/A;N/A;N/A;N/A;N/A;N/A;N/A;N/A;N/A;N/A;N/A;5;1.0;Nafta;Automática;SUV;"Autos y camionetas";N/A;N/A;N/A;N/A;N/A;N/A;UY;N/A;N/A;N/A;N/A;N/A;N/A;N/A;N/A;N/A;N/A;N/A;N/A;N/A;N/A;N/A;N/A;N/A;N/A;N/A;N/A;N/A;N/A;N/A;N/A;N/A;N/A;N/A;N/A;N/A;N/A;N/A;N/A;N/A;N/A;N/A;N/A;N/A;N/A;N/A;N/A;N/A;N/A;N/A;N/A;N/A;N/A;N/A;N/A;N/A;N/A;N/A;N/A;N/A;N/A;N/A;N/A;N/A;N/A;N/A;N/A;N/A;N/A;N/A;N/A;N/A;N/A;N/A;N/A;N/A;N/A;N/A;N/A;N/A;N/A;N/A;N/A;N/A;N/A;N/A;N/A;N/A;N/A;N/A;N/A;N/A;N/A;N/A;N/A;N/A;N/A;N/A;N/A;N/A;N/A;N/A;N/A;N/A;N/A;N/A;N/A;N/A;N/A;N/A;N/A;N/A;N/A;N/A;N/A;N/A;N/A;N/A;N/A;N/A;N/A;N/A
Hyundai;HB20S;"1.0 comfort sedan";2024;"170 km";;"ALEJANDRO AUTOMOVILES";18990;;;;;Tala;https://auto.mercadolibre.com.uy/MLU-645403405-hyundai-hb20-sedan-10-comfort-_JM;N/A;;"Hyundai Hb20 Sedan 1.0 Comfort";USD;Sí;silver;false;N/A;N/A;http://perfil.mercadolibre.com.uy/ALEJANDRO+AUTOMOVILES;active;N/A;N/A;Usado;Azul;N/A;Eléctrica;Delantera;N/A;N/A;N/A;N/A;N/A;N/A;N/A;N/A;N/A;N/A;N/A;N/A;N/A;N/A;N/A;N/A;N/A;N/A;N/A;N/A;N/A;N/A;N/A;N/A;N/A;N/A;N/A;N/A;N/A;N/A;N/A;N/A;N/A;N/A;N/A;N/A;N/A;N/A;N/A;N/A;N/A;N/A;N/A;N/A;N/A;N/A;N/A;N/A;N/A;N/A;N/A;N/A;N/A;N/A;N/A;N/A;N/A;N/A;N/A;N/A;N/A;N/A;N/A;N/A;N/A;N/A;N/A;N/A;N/A;N/A;N/A;N/A;N/A;N/A;N/A;N/A;N/A;N/A;N/A;N/A;N/A;N/A;N/A;N/A;N/A;N/A;N/A;N/A;N/A;N/A;N/A;N/A;N/A;N/A;N/A;N/A;N/A;N/A;N/A;N/A;N/A;N/A;N/A;N/A;4;1.0;Nafta;Manual;Sedán;"Autos y camionetas";N/A;N/A;N/A;N/A;N/A;N/A;N/A;N/A;N/A;N/A;N/A;N/A;N/A;N/A;N/A;N/A;N/A;N/A;N/A;N/A;N/A;N/A;N/A;N/A;N/A;N/A;N/A;N/A;N/A;N/A;N/A;N/A;N/A;N/A;N/A;N/A;N/A;N/A;N/A;N/A;N/A;N/A;N/A;N/A;N/A;N/A;N/A;N/A;N/A;N/A;N/A;N/A;N/A;N/A;N/A;N/A;N/A;N/A;N/A;N/A;N/A;N/A;N/A;N/A;N/A;N/A;N/A;N/A;N/A;N/A;N/A;N/A;N/A;N/A;N/A;N/A;N/A;N/A;N/A;N/A;N/A;N/A;N/A;N/A;N/A;N/A;N/A;N/A;N/A;N/A;N/A;N/A;N/A;N/A;N/A;N/A;N/A;N/A;N/A;N/A;N/A;N/A;N/A;N/A;N/A;N/A;N/A;N/A;N/A;N/A;N/A;N/A;N/A;N/A;N/A;N/A;N/A;N/A;N/A;N/A;N/A;N/A
Hyundai;"Santa Fe";"Full Automática";2009;"180000 km";;NACHOMOVILES;14490;;;;;"Paso de Carrasco";https://auto.mercadolibre.com.uy/MLU-696542866-hyundai-santa-fe-full-automatica-33-2009-_JM;N/A;;"Hyundai Santa Fé Full Automatica 3.3 2009";USD;Sí;silver;false;N/A;N/A;http://perfil.mercadolibre.com.uy/NACHOMOVILES;active;N/A;N/A;Usado;Plateado;N/A;Hidráulica;N/A;Sí;Sí;Sí;Sí;N/A;N/A;Sí;Sí;N/A;N/A;Sí;N/A;Sí;N/A;N/A;N/A;N/A;N/A;N/A;N/A;N/A;N/A;N/A;N/A;N/A;N/A;"3300 cc";N/A;5;N/A;N/A;N/A;N/A;Sí;N/A;Sí;N/A;N/A;N/A;N/A;N/A;N/A;N/A;N/A;N/A;N/A;N/A;N/A;N/A;N/A;N/A;N/A;Sí;N/A;Sí;N/A;Sí;N/A;Sí;N/A;N/A;N/A;N/A;N/A;N/A;N/A;N/A;N/A;N/A;N/A;N/A;N/A;N/A;N/A;N/A;N/A;N/A;N/A;N/A;N/A;N/A;"242 hp";N/A;N/A;N/A;N/A;N/A;N/A;N/A;N/A;Sí;Sí;N/A;Sí;Sí;N/A;N/A;N/A;N/A;N/A;N/A;N/A;Sí;"Lun. a Vie. 9 a 13 y 14:30 a 18:30 hs.";5;3.3;Nafta;Automática;SUV;"Autos y camionetas";No;N/A;N/A;N/A;No;N/A;N/A;No;Sí;No;No;N/A;N/A;N/A;N/A;N/A;N/A;N/A;N/A;N/A;N/A;N/A;N/A;N/A;N/A;N/A;N/A;N/A;N/A;N/A;N/A;N/A;N/A;N/A;N/A;N/A;N/A;N/A;N/A;N/A;N/A;N/A;N/A;N/A;N/A;N/A;N/A;N/A;N/A;N/A;N/A;N/A;N/A;N/A;N/A;N/A;N/A;N/A;N/A;N/A;N/A;N/A;No;N/A;N/A;N/A;N/A;N/A;N/A;N/A;N/A;N/A;N/A;N/A;N/A;N/A;N/A;N/A;N/A;N/A;N/A;N/A;N/A;N/A;N/A;N/A;N/A;N/A;N/A;N/A;N/A;Sí;N/A;N/A;N/A;N/A;Sí;N/A;Sí;Sí;Sí;N/A;N/A;N/A;Sí;Sí;N/A;N/A;N/A;N/A;Sí;Sí;Sí;N/A;Sí;Sí;N/A;Sí;N/A;Sí;N/A;Sí
Hyundai;HB20;"1.0 Comfort Mt";2022;"122000 km";;"OLIVERA AUTOMOTORES";15500;;;;;Salto;https://auto.mercadolibre.com.uy/MLU-645100571-hyundai-hb20-comfort-_JM;N/A;;"Hyundai Hb20 Comfort ";usd;Sí;silver;false;N/A;N/A;http://perfil.mercadolibre.com.uy/OLIVERA+AUTOMOTORES;active;N/A;N/A;Usado;Gris;N/A;Hidráulica;Delantera;Sí;N/A;Sí;N/A;N/A;N/A;N/A;N/A;N/A;N/A;N/A;N/A;N/A;N/A;N/A;N/A;N/A;N/A;N/A;N/A;N/A;N/A;N/A;N/A;N/A;"2500 mm";"1 L";"50 L";6;N/A;N/A;N/A;N/A;N/A;N/A;N/A;N/A;N/A;N/A;N/A;N/A;N/A;N/A;N/A;N/A;N/A;N/A;N/A;N/A;N/A;N/A;N/A;N/A;N/A;N/A;N/A;N/A;N/A;N/A;N/A;N/A;N/A;Sí;Sí;N/A;N/A;N/A;N/A;N/A;N/A;N/A;N/A;N/A;N/A;"1470 mm";"3920 mm";N/A;N/A;N/A;N/A;5;"101 hp";N/A;N/A;4;"1680 mm";N/A;N/A;N/A;N/A;Sí;N/A;N/A;Sí;Sí;N/A;N/A;"13.8 km/l";N/A;N/A;N/A;N/A;N/A;N/A;5;1.0;Nafta;Manual;Hatchback;"Autos y camionetas";N/A;N/A;N/A;N/A;N/A;N/A;UY;N/A;N/A;N/A;N/A;N/A;N/A;N/A;N/A;N/A;N/A;N/A;N/A;N/A;N/A;N/A;N/A;N/A;N/A;N/A;N/A;N/A;N/A;N/A;N/A;N/A;N/A;N/A;N/A;N/A;N/A;N/A;N/A;N/A;N/A;N/A;N/A;N/A;N/A;N/A;N/A;N/A;N/A;N/A;N/A;N/A;N/A;N/A;N/A;N/A;N/A;N/A;N/A;N/A;N/A;N/A;N/A;N/A;N/A;N/A;N/A;N/A;N/A;N/A;N/A;N/A;N/A;N/A;N/A;N/A;N/A;N/A;N/A;N/A;N/A;N/A;N/A;N/A;N/A;N/A;N/A;N/A;N/A;N/A;N/A;N/A;N/A;N/A;N/A;N/A;N/A;N/A;N/A;N/A;N/A;N/A;N/A;N/A;N/A;N/A;N/A;N/A;N/A;N/A;N/A;N/A;Sí;N/A;N/A;N/A;Sí;N/A;N/A;Sí;N/A;Sí
Hyundai;i10;"1.2 Full";2014;"167000 km";;AMAYAMOTORS;8990;;;;;Centro;https://auto.mercadolibre.com.uy/MLU-704536528-hyundai-i10-full-amaya-motors-_JM;N/A;;"Hyundai I10 Full Amaya Motors";usd;Sí;silver;false;N/A;N/A;http://perfil.mercadolibre.com.uy/AMAYAMOTORS;active;N/A;N/A;Usado;Gris;N/A;Hidráulica;Delantera;Sí;Sí;Sí;N/A;N/A;N/A;N/A;N/A;N/A;N/A;N/A;N/A;Sí;N/A;N/A;N/A;N/A;N/A;N/A;N/A;N/A;N/A;N/A;N/A;N/A;"2385 mm";"1.2 L";"35 L";4;N/A;N/A;N/A;N/A;Sí;N/A;N/A;N/A;N/A;N/A;N/A;N/A;N/A;N/A;N/A;N/A;N/A;N/A;N/A;N/A;N/A;N/A;N/A;N/A;N/A;N/A;N/A;N/A;N/A;N/A;N/A;Sí;N/A;Sí;N/A;N/A;N/A;N/A;N/A;N/A;N/A;Sí;N/A;N/A;N/A;"1540 mm";"3565 mm";N/A;N/A;N/A;N/A;5;"85 hp";Gls;N/A;4;"1660 mm";N/A;N/A;N/A;N/A;Sí;N/A;Sí;N/A;N/A;N/A;N/A;N/A;N/A;N/A;N/A;N/A;Sí;N/A;5;1.2;Nafta;Automática;Hatchback;"Autos y camionetas";N/A;N/A;N/A;N/A;N/A;N/A;UY;N/A;Sí;N/A;N/A;N/A;N/A;N/A;N/A;N/A;N/A;N/A;N/A;N/A;N/A;N/A;N/A;N/A;N/A;N/A;N/A;N/A;N/A;N/A;N/A;N/A;N/A;N/A;N/A;N/A;N/A;N/A;N/A;N/A;N/A;N/A;N/A;N/A;N/A;N/A;N/A;N/A;N/A;N/A;N/A;N/A;N/A;N/A;N/A;N/A;N/A;N/A;N/A;N/A;N/A;Sí;Sí;N/A;N/A;N/A;N/A;N/A;N/A;N/A;N/A;N/A;N/A;N/A;N/A;N/A;N/A;N/A;N/A;N/A;N/A;N/A;N/A;N/A;N/A;N/A;N/A;N/A;N/A;N/A;N/A;N/A;N/A;N/A;N/A;N/A;Sí;Sí;Sí;N/A;N/A;N/A;N/A;N/A;N/A;N/A;N/A;N/A;N/A;Sí;N/A;N/A;N/A;N/A;Sí;N/A;Sí;N/A;N/A;N/A;N/A;Sí
Hyundai;Accent;Hachback;2014;"90000 km";;FABIANYEMURENKO2008;11900;;;;;Buceo;https://auto.mercadolibre.com.uy/MLU-645324073-hyundai-accent-14cc-gl-super-full-hachback-ano-2014-_JM;N/A;;"Hyundai Accent 1.4cc Gl Super Full¡¡ Hachback¡¡ Año 2014¡¡¡ ";usd;Sí;silver;false;N/A;N/A;http://perfil.mercadolibre.com.uy/FABIANYEMURENKO2008;active;N/A;N/A;Usado;Negro;No;Hidráulica;Delantera;Sí;Sí;N/A;N/A;N/A;Sí;N/A;N/A;No;N/A;N/A;Sí;Sí;N/A;Sí;N/A;N/A;N/A;N/A;N/A;N/A;N/A;N/A;N/A;N/A;"2570 mm";"1.4 L";"43 L";6;N/A;N/A;N/A;N/A;N/A;Sí;N/A;N/A;N/A;N/A;N/A;N/A;N/A;N/A;N/A;N/A;N/A;N/A;N/A;N/A;N/A;N/A;N/A;N/A;N/A;N/A;N/A;N/A;N/A;No;N/A;N/A;N/A;N/A;N/A;N/A;N/A;N/A;N/A;N/A;N/A;N/A;N/A;N/A;N/A;"1450 mm";"4115 mm";N/A;N/A;N/A;N/A;5;"108 hp";Gl;N/A;4;"1700 mm";N/A;Sí;N/A;No;Sí;N/A;Sí;Sí;N/A;No;N/A;N/A;No;No;N/A;N/A;Sí;"Lunes a viernes de 9 y 30 a 13 hs y de 15 a 18 hs";5;1.4;Nafta;Manual;Hatchback;"Autos y camionetas";No;N/A;N/A;N/A;No;N/A;UY;N/A;Sí;N/A;No;N/A;N/A;N/A;N/A;N/A;N/A;N/A;N/A;N/A;N/A;N/A;N/A;N/A;No;N/A;N/A;N/A;N/A;N/A;N/A;N/A;N/A;N/A;N/A;N/A;N/A;N/A;N/A;N/A;N/A;N/A;N/A;No;N/A;N/A;N/A;N/A;N/A;N/A;N/A;N/A;N/A;N/A;N/A;N/A;N/A;N/A;N/A;N/A;N/A;No;No;N/A;N/A;N/A;N/A;N/A;N/A;N/A;N/A;N/A;N/A;N/A;N/A;N/A;N/A;N/A;N/A;N/A;N/A;N/A;N/A;N/A;N/A;N/A;N/A;N/A;N/A;N/A;N/A;N/A;N/A;N/A;N/A;No;Sí;Sí;Sí;N/A;Sí;N/A;N/A;N/A;N/A;Sí;Sí;Sí;Sí;N/A;N/A;Sí;Sí;Sí;Sí;Sí;Sí;No;No;No;N/A;Sí
Hyundai;Tucson;"GLS SAFE";2016;"126000 km";;LAGOMARAUTOMOVILES;23790;;;;;"Ciudad de la Costa";https://auto.mercadolibre.com.uy/MLU-644699687-hyundai-tucson-gls-safe-20-2016-lagomar-automoviles-_JM;N/A;;"Hyundai Tucson Gls Safe 2.0 2016 - Lagomar Automóviles";USD;Sí;silver;false;N/A;N/A;http://perfil.mercadolibre.com.uy/LAGOMARAUTOMOVILES;active;N/A;N/A;Usado;Blanco;N/A;Eléctrica;N/A;Sí;Sí;Sí;Sí;N/A;N/A;Sí;Sí;N/A;Sí;Sí;Sí;Sí;N/A;Sí;N/A;N/A;N/A;N/A;N/A;N/A;N/A;N/A;N/A;N/A;N/A;"2000 cc";N/A;6;N/A;N/A;N/A;N/A;Sí;N/A;Sí;N/A;N/A;N/A;N/A;N/A;N/A;N/A;N/A;N/A;N/A;N/A;N/A;N/A;N/A;N/A;N/A;Sí;N/A;Sí;N/A;Sí;N/A;Sí;N/A;N/A;N/A;N/A;N/A;N/A;Sí;N/A;N/A;N/A;N/A;N/A;Sí;N/A;N/A;N/A;N/A;N/A;N/A;N/A;N/A;N/A;"154 hp";N/A;N/A;N/A;N/A;N/A;N/A;N/A;N/A;Sí;Sí;Sí;Sí;Sí;N/A;N/A;N/A;N/A;N/A;N/A;N/A;Sí;"Lun. a Vie. 9:30 a 13 y 14 a 19 hs. Sáb. 9:30 a 13:30 hs.";5;2.0;Nafta;"Automática secuencial";SUV;"Autos y camionetas";No;N/A;N/A;N/A;No;N/A;N/A;No;Sí;No;No;N/A;N/A;N/A;N/A;N/A;N/A;N/A;N/A;N/A;N/A;N/A;N/A;N/A;N/A;N/A;N/A;N/A;N/A;N/A;N/A;N/A;N/A;N/A;N/A;N/A;N/A;N/A;N/A;N/A;N/A;N/A;N/A;N/A;N/A;N/A;N/A;N/A;N/A;N/A;N/A;N/A;N/A;N/A;N/A;N/A;N/A;N/A;N/A;N/A;N/A;N/A;No;N/A;N/A;N/A;N/A;N/A;N/A;N/A;N/A;N/A;N/A;N/A;N/A;N/A;N/A;N/A;N/A;N/A;N/A;N/A;N/A;N/A;N/A;N/A;N/A;N/A;N/A;N/A;N/A;N/A;N/A;N/A;N/A;N/A;Sí;Sí;Sí;Sí;Sí;Sí;Sí;N/A;Sí;Sí;N/A;N/A;N/A;N/A;Sí;Sí;Sí;N/A;Sí;Sí;Sí;N/A;N/A;Sí;N/A;Sí
Hyundai;i10;"1.1 Gls Mt";2012;"111111 km";;"RP AUTOMOVILES";8900;;;;;Bolivar;https://auto.mercadolibre.com.uy/MLU-704580876-hyundai-i10-11-gls-mt-_JM;N/A;;"Hyundai I10 1.1 Gls Mt";usd;Sí;silver;false;N/A;N/A;http://perfil.mercadolibre.com.uy/RP+AUTOMOVILES;active;N/A;N/A;Usado;Rojo;Sí;Asistida;Delantera;Sí;Sí;N/A;N/A;N/A;N/A;N/A;N/A;N/A;N/A;N/A;Sí;Sí;N/A;Sí;N/A;N/A;N/A;N/A;N/A;N/A;N/A;N/A;N/A;N/A;"2380 mm";"1.1 L";"35 L";5;N/A;N/A;N/A;N/A;N/A;Sí;N/A;N/A;N/A;N/A;N/A;N/A;N/A;N/A;N/A;N/A;N/A;N/A;N/A;N/A;N/A;N/A;N/A;N/A;N/A;N/A;N/A;N/A;N/A;Sí;N/A;N/A;N/A;N/A;N/A;N/A;N/A;N/A;N/A;N/A;N/A;N/A;N/A;N/A;N/A;"1550 mm";"3585 mm";N/A;N/A;N/A;N/A;5;"69 hp";Gls;N/A;4;"1595 mm";N/A;N/A;N/A;Sí;Sí;N/A;Sí;Sí;N/A;N/A;N/A;N/A;N/A;N/A;N/A;N/A;Sí;"Lunes a viernes 9:30 a 18 sábados 9:30 a 13hs";5;1.1;Nafta;Manual;Hatchback;"Autos y camionetas";Sí;N/A;N/A;N/A;Sí;N/A;UY;N/A;Sí;N/A;Sí;N/A;N/A;N/A;N/A;N/A;N/A;N/A;N/A;N/A;N/A;N/A;N/A;N/A;Sí;N/A;N/A;N/A;N/A;N/A;N/A;N/A;N/A;N/A;N/A;N/A;N/A;N/A;N/A;N/A;N/A;N/A;N/A;N/A;N/A;N/A;N/A;N/A;N/A;N/A;N/A;N/A;N/A;N/A;N/A;N/A;N/A;N/A;N/A;N/A;N/A;N/A;N/A;N/A;N/A;N/A;N/A;N/A;N/A;N/A;N/A;N/A;N/A;N/A;N/A;N/A;N/A;N/A;N/A;N/A;N/A;N/A;N/A;N/A;N/A;N/A;N/A;N/A;N/A;N/A;N/A;N/A;N/A;N/A;N/A;Sí;N/A;Sí;Sí;N/A;N/A;N/A;N/A;N/A;N/A;N/A;N/A;Sí;Sí;N/A;N/A;N/A;Sí;Sí;Sí;Sí;Sí;Sí;N/A;Sí;N/A;Sí
Hyundai;HB20;Full;2018;"148000 km";;COSTA_AUTOS;13900;;;;;Lagomar;https://auto.mercadolibre.com.uy/MLU-703250508-hyundai-hb20-full-16-2018-impecable-costa-autos-_JM;N/A;;"Hyundai Hb20 Full 1.6 2018 Impecable! - Costa Autos";USD;Sí;silver;false;N/A;N/A;http://perfil.mercadolibre.com.uy/COSTA_AUTOS;active;N/A;N/A;Usado;Blanco;N/A;Hidráulica;N/A;Sí;Sí;N/A;N/A;N/A;N/A;Sí;Sí;N/A;N/A;Sí;N/A;Sí;N/A;N/A;N/A;N/A;N/A;N/A;N/A;N/A;N/A;N/A;N/A;N/A;N/A;"1600 cc";N/A;5;N/A;N/A;N/A;N/A;Sí;Sí;Sí;N/A;N/A;N/A;N/A;N/A;N/A;N/A;N/A;N/A;N/A;N/A;N/A;N/A;N/A;N/A;N/A;Sí;N/A;Sí;N/A;N/A;N/A;N/A;N/A;N/A;N/A;N/A;N/A;N/A;N/A;N/A;N/A;N/A;N/A;N/A;N/A;N/A;N/A;N/A;N/A;N/A;N/A;N/A;N/A;N/A;N/A;N/A;N/A;N/A;N/A;"12 km/l";N/A;N/A;N/A;Sí;N/A;N/A;N/A;N/A;N/A;N/A;"15 km/l";N/A;N/A;N/A;N/A;N/A;"Lun. a Vie. 9:30 a 13 y 14 a 19 hs. Sáb. 9:30 a 13:30 hs.";5;1.6;Nafta;Manual;Hatchback;"Autos y camionetas";No;N/A;N/A;N/A;No;N/A;N/A;No;Sí;No;No;N/A;N/A;N/A;N/A;N/A;N/A;N/A;N/A;N/A;N/A;N/A;N/A;N/A;N/A;N/A;N/A;N/A;N/A;N/A;N/A;N/A;N/A;N/A;N/A;N/A;N/A;N/A;N/A;N/A;N/A;N/A;N/A;N/A;N/A;N/A;N/A;N/A;N/A;N/A;N/A;N/A;N/A;N/A;N/A;N/A;N/A;N/A;N/A;N/A;N/A;N/A;No;N/A;N/A;N/A;N/A;N/A;N/A;N/A;N/A;N/A;N/A;N/A;N/A;N/A;N/A;N/A;N/A;N/A;N/A;N/A;N/A;N/A;N/A;N/A;N/A;N/A;N/A;N/A;N/A;N/A;N/A;N/A;N/A;N/A;Sí;Sí;N/A;N/A;Sí;Sí;N/A;N/A;N/A;Sí;N/A;Sí;N/A;N/A;N/A;N/A;N/A;N/A;Sí;Sí;Sí;N/A;N/A;Sí;N/A;Sí
Hyundai;Tucson;"2.0 Gl Sport At";2018;"81700 km";;RODOLFO!!;24500;;;;;"La Comercial";https://auto.mercadolibre.com.uy/MLU-701778460-hyundai-tucson-20-gl-sport-at-_JM;N/A;;"Hyundai Tucson 2.0 Gl Sport At";usd;Sí;silver;false;N/A;N/A;http://perfil.mercadolibre.com.uy/RODOLFO%21%21;active;N/A;N/A;Usado;Blanco;No;Hidráulica;4x2;Sí;N/A;Sí;N/A;N/A;N/A;N/A;N/A;N/A;N/A;N/A;N/A;N/A;N/A;N/A;N/A;N/A;N/A;N/A;N/A;N/A;N/A;N/A;N/A;N/A;"2630 mm";"2 L";"58 L";6;N/A;N/A;N/A;N/A;N/A;N/A;N/A;N/A;N/A;N/A;N/A;N/A;N/A;N/A;N/A;N/A;N/A;N/A;N/A;N/A;N/A;N/A;N/A;N/A;N/A;N/A;N/A;N/A;N/A;N/A;N/A;Sí;N/A;N/A;N/A;N/A;N/A;N/A;N/A;N/A;N/A;Sí;N/A;N/A;N/A;"1655 mm";"4410 mm";N/A;N/A;N/A;N/A;5;"166 hp";N/A;N/A;4;"1830 mm";"10.4 km/l";N/A;N/A;N/A;N/A;N/A;N/A;N/A;N/A;N/A;Sí;"6.4 km/l";N/A;N/A;N/A;N/A;N/A;N/A;5;2.0;Nafta;Automática;SUV;"Autos y camionetas";N/A;N/A;N/A;N/A;N/A;N/A;UY;N/A;N/A;N/A;N/A;N/A;N/A;N/A;N/A;N/A;N/A;N/A;N/A;N/A;N/A;N/A;N/A;N/A;N/A;N/A;N/A;N/A;N/A;N/A;N/A;N/A;N/A;N/A;N/A;N/A;N/A;N/A;N/A;N/A;N/A;N/A;N/A;N/A;N/A;N/A;N/A;N/A;N/A;N/A;N/A;N/A;N/A;N/A;N/A;N/A;N/A;N/A;N/A;N/A;N/A;N/A;N/A;N/A;N/A;N/A;N/A;N/A;N/A;N/A;N/A;N/A;N/A;N/A;N/A;N/A;N/A;N/A;N/A;N/A;N/A;N/A;N/A;N/A;N/A;N/A;N/A;N/A;N/A;N/A;N/A;N/A;N/A;N/A;N/A;N/A;Sí;N/A;Sí;N/A;N/A;N/A;N/A;N/A;N/A;Sí;N/A;N/A;N/A;Sí;N/A;N/A;N/A;N/A;N/A;N/A;N/A;N/A;N/A;N/A;N/A;N/A
Hyundai;i10;Gls;2013;"149000 km";;INTERAUTO2024;10490;;;;;"Paso de Carrasco";https://auto.mercadolibre.com.uy/MLU-701488678-hyundai-i10-gls-10-2013-impecable-interauto-_JM;N/A;;"Hyundai I10 Gls 1.0 2013 Impecable! Interauto";usd;Sí;silver;false;N/A;N/A;http://perfil.mercadolibre.com.uy/INTERAUTO2024;active;N/A;N/A;Usado;Rojo;N/A;Hidráulica;Delantera;Sí;N/A;Sí;N/A;N/A;N/A;N/A;N/A;N/A;N/A;N/A;N/A;N/A;N/A;N/A;N/A;N/A;N/A;N/A;N/A;N/A;N/A;N/A;N/A;N/A;N/A;"1000 cc";N/A;5;N/A;N/A;N/A;N/A;N/A;N/A;N/A;N/A;N/A;N/A;N/A;N/A;N/A;N/A;N/A;N/A;N/A;N/A;N/A;N/A;N/A;Sí;N/A;N/A;N/A;N/A;N/A;N/A;N/A;N/A;N/A;N/A;N/A;N/A;N/A;N/A;N/A;N/A;N/A;N/A;N/A;N/A;N/A;N/A;N/A;N/A;N/A;N/A;N/A;N/A;N/A;N/A;N/A;Gls;N/A;N/A;N/A;"15 km/l";N/A;N/A;N/A;N/A;N/A;Sí;N/A;N/A;N/A;N/A;"17 km/l";N/A;N/A;N/A;N/A;N/A;"Lunes a Domingo de 9 a 18:30 hs";5;1.0;Nafta;Manual;Hatchback;"Autos y camionetas";No;N/A;N/A;N/A;No;N/A;UY;No;Sí;No;No;N/A;N/A;N/A;N/A;N/A;N/A;N/A;N/A;N/A;N/A;N/A;N/A;N/A;N/A;N/A;N/A;N/A;N/A;N/A;N/A;N/A;N/A;N/A;N/A;N/A;N/A;N/A;N/A;N/A;N/A;N/A;N/A;N/A;N/A;N/A;N/A;N/A;N/A;N/A;N/A;N/A;N/A;N/A;N/A;N/A;N/A;N/A;N/A;N/A;N/A;N/A;No;N/A;N/A;N/A;N/A;N/A;N/A;N/A;N/A;N/A;N/A;N/A;N/A;N/A;N/A;N/A;N/A;N/A;N/A;N/A;N/A;N/A;N/A;N/A;N/A;N/A;N/A;N/A;N/A;N/A;N/A;N/A;N/A;N/A;Sí;Sí;N/A;N/A;Sí;N/A;N/A;N/A;N/A;Sí;N/A;N/A;N/A;N/A;N/A;N/A;N/A;N/A;Sí;N/A;N/A;N/A;N/A;N/A;N/A;N/A
Hyundai;Accent;"1.4 Cvvt Gl Full Sedan";2013;"96000 km";;MG-AUTOMOVILES;12500;;;;;Pocitos;https://auto.mercadolibre.com.uy/MLU-702538612-hyundai-accent-2013-14-cvvt-gl-full-sedan-_JM;N/A;;"Hyundai Accent 2013 1.4 Cvvt Gl Full Sedan";usd;Sí;silver;false;N/A;N/A;http://perfil.mercadolibre.com.uy/MG-AUTOMOVILES;active;N/A;N/A;Usado;N/A;N/A;N/A;Delantera;N/A;N/A;N/A;N/A;N/A;N/A;N/A;N/A;N/A;N/A;N/A;N/A;N/A;N/A;N/A;N/A;N/A;N/A;N/A;N/A;N/A;N/A;N/A;N/A;N/A;"2570 mm";"1.4 L";"43 L";6;N/A;N/A;N/A;N/A;N/A;N/A;N/A;N/A;N/A;N/A;N/A;N/A;N/A;N/A;N/A;N/A;N/A;N/A;N/A;N/A;N/A;N/A;N/A;N/A;N/A;N/A;N/A;N/A;N/A;N/A;N/A;N/A;N/A;N/A;N/A;N/A;N/A;N/A;N/A;N/A;N/A;N/A;N/A;N/A;N/A;"1450 mm";"4370 mm";N/A;N/A;N/A;N/A;5;"108 hp";Gl;N/A;4;"1700 mm";N/A;N/A;N/A;N/A;N/A;N/A;N/A;N/A;N/A;N/A;N/A;N/A;N/A;N/A;N/A;N/A;N/A;N/A;4;1.4;Nafta;Manual;Sedán;"Autos y camionetas";N/A;N/A;N/A;N/A;N/A;N/A;UY;N/A;N/A;N/A;N/A;N/A;N/A;N/A;N/A;N/A;N/A;N/A;N/A;N/A;N/A;N/A;N/A;N/A;N/A;N/A;N/A;N/A;N/A;N/A;N/A;N/A;N/A;N/A;N/A;N/A;N/A;N/A;N/A;N/A;N/A;N/A;N/A;N/A;N/A;N/A;N/A;N/A;N/A;N/A;N/A;N/A;N/A;N/A;N/A;N/A;N/A;N/A;N/A;N/A;N/A;N/A;N/A;N/A;N/A;N/A;N/A;N/A;N/A;N/A;N/A;N/A;N/A;N/A;N/A;N/A;N/A;N/A;N/A;N/A;N/A;N/A;N/A;N/A;N/A;N/A;N/A;N/A;N/A;N/A;N/A;N/A;N/A;N/A;N/A;N/A;N/A;N/A;N/A;N/A;N/A;N/A;N/A;N/A;N/A;N/A;N/A;N/A;N/A;N/A;N/A;N/A;N/A;N/A;N/A;N/A;N/A;N/A;N/A;N/A;N/A;N/A
Hyundai;Accent;"Accent Sedan 125 1.4 Gl Full Mt";2012;"120000 km";;"SEBASTIAN MAGALLANES";11900;;;;;"Punta del Este";https://auto.mercadolibre.com.uy/MLU-698679506-hyundai-accent-sedan-125-14-gl-full-mt-_JM;N/A;;"Hyundai Accent Sedan 125 1.4 Gl Full Mt";USD;Sí;silver;false;N/A;N/A;http://perfil.mercadolibre.com.uy/SEBASTIAN+MAGALLANES;active;N/A;N/A;Usado;Celeste;Sí;Hidráulica;Trasera;Sí;Sí;N/A;N/A;N/A;N/A;N/A;N/A;N/A;N/A;N/A;N/A;Sí;N/A;Sí;N/A;N/A;N/A;N/A;N/A;N/A;N/A;N/A;N/A;N/A;N/A;N/A;N/A;N/A;N/A;N/A;N/A;N/A;N/A;N/A;N/A;N/A;N/A;N/A;N/A;N/A;N/A;N/A;N/A;N/A;N/A;N/A;N/A;N/A;N/A;N/A;N/A;N/A;N/A;N/A;N/A;N/A;N/A;N/A;N/A;N/A;N/A;N/A;N/A;N/A;N/A;N/A;N/A;N/A;N/A;N/A;N/A;N/A;N/A;N/A;N/A;N/A;N/A;N/A;N/A;N/A;N/A;N/A;N/A;N/A;N/A;N/A;N/A;N/A;N/A;Sí;N/A;N/A;Sí;N/A;N/A;N/A;N/A;N/A;N/A;N/A;N/A;N/A;"L-V 9:30-19:00Hs S10-14:00Hs";4;1.4;Nafta;Manual;Sedán;"Autos y camionetas";N/A;N/A;N/A;N/A;N/A;N/A;N/A;N/A;N/A;N/A;N/A;N/A;N/A;N/A;N/A;N/A;N/A;N/A;N/A;N/A;N/A;N/A;N/A;N/A;N/A;N/A;N/A;N/A;N/A;N/A;N/A;N/A;N/A;N/A;N/A;N/A;N/A;N/A;N/A;N/A;N/A;N/A;N/A;N/A;N/A;N/A;N/A;N/A;N/A;N/A;N/A;N/A;N/A;N/A;N/A;N/A;N/A;N/A;N/A;N/A;N/A;N/A;N/A;N/A;N/A;N/A;N/A;N/A;N/A;N/A;N/A;N/A;N/A;N/A;N/A;N/A;N/A;N/A;N/A;N/A;N/A;N/A;N/A;N/A;N/A;N/A;N/A;N/A;N/A;N/A;N/A;N/A;N/A;N/A;N/A;N/A;Sí;Sí;Sí;N/A;N/A;N/A;N/A;N/A;N/A;N/A;N/A;Sí;Sí;N/A;N/A;N/A;N/A;Sí;Sí;Sí;N/A;N/A;N/A;Sí;N/A;Sí
Hyundai;Tucson;"2.0 Gl 154cv 6at 2wd";2016;"84000 km";;"JOAQUIMCURI UY";22500;;;;;Rivera;https://auto.mercadolibre.com.uy/MLU-698397830-hyundai-tucson-2016-20-gl-154cv-6at-2wd-_JM;N/A;;"Hyundai Tucson 2016 2.0 Gl 154cv 6at 2wd";usd;Sí;silver;false;N/A;N/A;http://perfil.mercadolibre.com.uy/JOAQUIMCURI+UY;active;N/A;N/A;Usado;N/A;N/A;Hidráulica;4x2;Sí;N/A;Sí;N/A;N/A;N/A;N/A;N/A;N/A;N/A;N/A;N/A;N/A;N/A;N/A;N/A;N/A;N/A;N/A;N/A;N/A;N/A;N/A;N/A;N/A;"2630 mm";"2 L";"58 L";6;N/A;N/A;N/A;N/A;N/A;N/A;N/A;N/A;N/A;N/A;N/A;N/A;N/A;N/A;N/A;N/A;N/A;N/A;N/A;N/A;N/A;N/A;N/A;N/A;N/A;N/A;N/A;N/A;N/A;N/A;N/A;Sí;N/A;N/A;N/A;N/A;N/A;N/A;N/A;N/A;N/A;Sí;N/A;N/A;N/A;"1655 mm";"4410 mm";N/A;N/A;N/A;N/A;5;"166 hp";Gl;N/A;4;"1830 mm";"10.4 km/l";N/A;N/A;N/A;N/A;N/A;N/A;N/A;N/A;N/A;Sí;"6.4 km/l";N/A;N/A;N/A;N/A;N/A;N/A;5;2.0;Nafta;Automática;SUV;"Autos y camionetas";N/A;N/A;N/A;N/A;N/A;N/A;UY;N/A;N/A;N/A;N/A;N/A;N/A;N/A;N/A;N/A;N/A;N/A;N/A;N/A;N/A;N/A;N/A;N/A;N/A;N/A;N/A;N/A;N/A;N/A;N/A;N/A;N/A;N/A;N/A;N/A;N/A;N/A;N/A;N/A;N/A;N/A;N/A;N/A;N/A;N/A;N/A;N/A;N/A;N/A;N/A;N/A;N/A;N/A;N/A;N/A;N/A;N/A;N/A;N/A;N/A;N/A;N/A;N/A;N/A;N/A;N/A;N/A;N/A;N/A;N/A;N/A;N/A;N/A;N/A;N/A;N/A;N/A;N/A;N/A;N/A;N/A;N/A;N/A;N/A;N/A;N/A;N/A;N/A;N/A;N/A;N/A;N/A;N/A;N/A;N/A;Sí;N/A;Sí;N/A;N/A;N/A;N/A;N/A;N/A;Sí;N/A;N/A;N/A;Sí;N/A;N/A;N/A;N/A;N/A;N/A;N/A;N/A;N/A;N/A;N/A;N/A
Hyundai;HB20;"1.6 Comfort Plus 5p";2018;"83000 km";;UNIQUEGARAGE;12900;;;;;"Brazo Oriental";https://auto.mercadolibre.com.uy/MLU-696445254-hyundai-hb20-2018-16-comfort-plus-5p-_JM;N/A;;"Hyundai Hb20 2018 1.6 Comfort Plus 5p";usd;Sí;silver;false;N/A;N/A;http://perfil.mercadolibre.com.uy/UNIQUEGARAGE;active;N/A;N/A;Usado;N/A;N/A;Hidráulica;Delantera;Sí;N/A;Sí;N/A;N/A;N/A;N/A;N/A;N/A;N/A;N/A;N/A;N/A;N/A;N/A;N/A;N/A;N/A;N/A;N/A;N/A;N/A;N/A;N/A;N/A;"2500 mm";"1.6 L";"50 L";6;N/A;N/A;N/A;N/A;N/A;N/A;N/A;N/A;N/A;N/A;N/A;N/A;N/A;N/A;N/A;N/A;N/A;N/A;N/A;N/A;N/A;N/A;N/A;N/A;N/A;N/A;N/A;N/A;N/A;N/A;N/A;N/A;N/A;Sí;Sí;N/A;N/A;N/A;N/A;N/A;N/A;N/A;N/A;N/A;N/A;"1470 mm";"3920 mm";N/A;N/A;N/A;N/A;5;"122 hp";"Comfort Plus";N/A;4;"1680 mm";N/A;N/A;N/A;N/A;Sí;N/A;N/A;Sí;Sí;N/A;N/A;"13.8 km/l";N/A;N/A;N/A;N/A;N/A;N/A;5;1.6;Nafta;Manual;Hatchback;"Autos y camionetas";N/A;N/A;N/A;N/A;N/A;N/A;UY;N/A;N/A;N/A;N/A;N/A;N/A;N/A;N/A;N/A;N/A;N/A;N/A;N/A;N/A;N/A;N/A;N/A;N/A;N/A;N/A;N/A;N/A;N/A;N/A;N/A;N/A;N/A;N/A;N/A;N/A;N/A;N/A;N/A;N/A;N/A;N/A;N/A;N/A;N/A;N/A;N/A;N/A;N/A;N/A;N/A;N/A;N/A;N/A;N/A;N/A;N/A;N/A;N/A;N/A;N/A;N/A;N/A;N/A;N/A;N/A;N/A;N/A;N/A;N/A;N/A;N/A;N/A;N/A;N/A;N/A;N/A;N/A;N/A;N/A;N/A;N/A;N/A;N/A;N/A;N/A;N/A;N/A;N/A;N/A;N/A;N/A;N/A;N/A;N/A;N/A;N/A;N/A;N/A;N/A;N/A;N/A;N/A;N/A;N/A;N/A;N/A;N/A;N/A;N/A;N/A;Sí;N/A;N/A;N/A;Sí;N/A;N/A;Sí;N/A;Sí
Hyundai;H1;"2.4 Grand Starex Minibus 12as";2020;"131301 km";;"NICOLASTEJERA AUTOMOVILES";28000;;;;;Tala;https://auto.mercadolibre.com.uy/MLU-692891228-hyundai-h1-2020-24-grand-starex-minibus-12as-_JM;N/A;;"Hyundai H1 2020 2.4 Grand Starex Minibus 12as";usd;Sí;silver;false;N/A;N/A;http://perfil.mercadolibre.com.uy/NICOLASTEJERA+AUTOMOVILES;active;N/A;N/A;Usado;Blanco;N/A;N/A;Trasera;N/A;N/A;Sí;N/A;N/A;N/A;N/A;N/A;N/A;N/A;N/A;N/A;N/A;N/A;N/A;N/A;N/A;N/A;N/A;N/A;N/A;N/A;N/A;N/A;N/A;"3201 mm";"2.4 L";"75 L";6;N/A;N/A;N/A;N/A;N/A;N/A;N/A;N/A;N/A;N/A;N/A;N/A;N/A;N/A;N/A;N/A;N/A;N/A;N/A;N/A;N/A;N/A;N/A;N/A;N/A;N/A;N/A;N/A;N/A;N/A;N/A;Sí;N/A;N/A;N/A;N/A;N/A;N/A;N/A;N/A;N/A;Sí;N/A;N/A;N/A;"1925 mm";"5125 mm";N/A;N/A;N/A;N/A;12;"175 hp";N/A;N/A;4;"1920 mm";N/A;N/A;N/A;N/A;N/A;N/A;N/A;N/A;N/A;N/A;Sí;N/A;N/A;N/A;N/A;N/A;N/A;N/A;4;2.4;Nafta;Manual;N/A;"Autos y camionetas";N/A;N/A;N/A;N/A;N/A;N/A;UY;N/A;N/A;N/A;N/A;N/A;N/A;N/A;N/A;N/A;N/A;N/A;N/A;N/A;N/A;N/A;N/A;N/A;N/A;N/A;N/A;N/A;N/A;N/A;N/A;N/A;N/A;N/A;N/A;N/A;N/A;N/A;N/A;N/A;N/A;N/A;N/A;N/A;N/A;N/A;N/A;N/A;N/A;N/A;N/A;N/A;N/A;N/A;N/A;N/A;N/A;N/A;N/A;N/A;N/A;N/A;N/A;N/A;N/A;N/A;N/A;N/A;N/A;N/A;N/A;N/A;N/A;N/A;N/A;N/A;N/A;N/A;N/A;N/A;N/A;N/A;N/A;N/A;N/A;N/A;N/A;N/A;N/A;N/A;N/A;N/A;N/A;N/A;N/A;N/A;Sí;N/A;Sí;N/A;Sí;Sí;N/A;N/A;N/A;Sí;N/A;N/A;N/A;Sí;N/A;Sí;Sí;N/A;N/A;N/A;N/A;N/A;N/A;N/A;N/A;N/A
Hyundai;Tucson;HIBRIDA;2023;"0 km";;HYUNDAIPUNTADELESTE;59990;;;;;Maldonado;https://auto.mercadolibre.com.uy/MLU-640006689-hyundai-tucson-hibrida-_JM;N/A;;"Hyundai Tucson Hibrida ";USD;Sí;silver;false;N/A;N/A;http://perfil.mercadolibre.com.uy/HYUNDAIPUNTADELESTE;active;N/A;N/A;Nuevo;Blanco;N/A;Eléctrica;4x2;Sí;Sí;N/A;N/A;N/A;Sí;N/A;N/A;Sí;N/A;N/A;Sí;Sí;N/A;Sí;N/A;N/A;N/A;N/A;N/A;N/A;N/A;N/A;N/A;N/A;N/A;N/A;N/A;N/A;N/A;N/A;N/A;N/A;N/A;Sí;N/A;N/A;N/A;N/A;N/A;N/A;N/A;N/A;N/A;N/A;N/A;N/A;N/A;N/A;N/A;N/A;N/A;N/A;N/A;N/A;N/A;N/A;N/A;No;N/A;N/A;N/A;N/A;N/A;N/A;N/A;N/A;N/A;N/A;N/A;N/A;N/A;N/A;N/A;N/A;N/A;N/A;N/A;N/A;N/A;N/A;N/A;N/A;N/A;N/A;N/A;N/A;N/A;N/A;Sí;Sí;N/A;Sí;Sí;N/A;Sí;N/A;N/A;Sí;Sí;N/A;N/A;Sí;"LUNES A SABADO DE 9:30 A 19:30";4;1.6+EV;Híbrido;Automática;SUV;"Autos y camionetas";No;N/A;N/A;N/A;No;N/A;N/A;N/A;Sí;N/A;No;N/A;N/A;N/A;N/A;N/A;N/A;N/A;N/A;N/A;N/A;N/A;N/A;N/A;Sí;N/A;N/A;N/A;N/A;N/A;N/A;N/A;N/A;N/A;N/A;N/A;N/A;N/A;N/A;N/A;N/A;N/A;N/A;Sí;N/A;N/A;N/A;N/A;N/A;N/A;N/A;N/A;N/A;N/A;N/A;N/A;N/A;N/A;N/A;N/A;N/A;Sí;No;N/A;N/A;N/A;N/A;N/A;N/A;N/A;N/A;N/A;N/A;N/A;N/A;N/A;N/A;N/A;N/A;N/A;N/A;N/A;N/A;N/A;N/A;N/A;N/A;N/A;N/A;N/A;N/A;N/A;N/A;N/A;N/A;No;Sí;Sí;Sí;N/A;Sí;N/A;N/A;N/A;N/A;Sí;Sí;Sí;Sí;N/A;N/A;Sí;Sí;Sí;Sí;Sí;Sí;No;No;No;N/A;Sí
Hyundai;HB20;"Premium At";2025;"0 km";;LAGOMARAUTOMOVILES;24990;;;;;"Ciudad de la Costa";https://auto.mercadolibre.com.uy/MLU-639860721-hyundai-hb20-premium-at-16-2025-0km-lagomar-automoviles-_JM;N/A;;"Hyundai Hb20 Premium A/t 1.6 2025 0km - Lagomar Automóviles";USD;Sí;silver;false;N/A;N/A;http://perfil.mercadolibre.com.uy/LAGOMARAUTOMOVILES;active;N/A;N/A;Nuevo;Azul;N/A;Eléctrica;N/A;Sí;Sí;Sí;N/A;N/A;N/A;Sí;Sí;N/A;Sí;Sí;Sí;Sí;N/A;Sí;N/A;N/A;N/A;N/A;N/A;N/A;N/A;N/A;N/A;N/A;N/A;"1600 cc";N/A;6;N/A;N/A;Sí;Sí;Sí;Sí;N/A;N/A;N/A;N/A;N/A;N/A;N/A;N/A;N/A;N/A;N/A;N/A;N/A;N/A;N/A;N/A;N/A;Sí;N/A;Sí;N/A;Sí;N/A;N/A;N/A;N/A;N/A;N/A;N/A;N/A;Sí;N/A;N/A;N/A;N/A;N/A;Sí;N/A;N/A;N/A;N/A;N/A;N/A;N/A;N/A;N/A;"123 hp";Premium;N/A;N/A;N/A;N/A;N/A;N/A;N/A;Sí;Sí;N/A;Sí;Sí;N/A;N/A;N/A;N/A;N/A;N/A;N/A;Sí;"Lun. a Vie. 9:30 a 13 y 14 a 19 hs. Sáb. 9:30 a 13:30 hs.";5;1.6;Nafta;"Automática secuencial";Hatchback;"Autos y camionetas";No;N/A;N/A;N/A;No;N/A;N/A;No;Sí;No;No;N/A;N/A;N/A;N/A;N/A;N/A;N/A;N/A;N/A;N/A;N/A;N/A;N/A;N/A;N/A;N/A;N/A;N/A;N/A;N/A;N/A;N/A;N/A;N/A;N/A;N/A;N/A;N/A;N/A;N/A;N/A;N/A;Sí;N/A;N/A;N/A;N/A;N/A;N/A;N/A;N/A;N/A;N/A;N/A;N/A;N/A;N/A;N/A;N/A;N/A;Sí;No;N/A;N/A;N/A;N/A;N/A;N/A;N/A;N/A;N/A;N/A;N/A;N/A;N/A;N/A;N/A;N/A;N/A;N/A;N/A;N/A;N/A;N/A;N/A;N/A;N/A;N/A;N/A;N/A;N/A;N/A;N/A;N/A;N/A;Sí;Sí;Sí;Sí;Sí;Sí;Sí;N/A;N/A;Sí;N/A;N/A;N/A;N/A;Sí;Sí;Sí;N/A;Sí;N/A;Sí;N/A;N/A;Sí;N/A;Sí
Hyundai;Excel;Ls;1994;"389000 km";;NACHOMOVILES;3900;;;;;"Paso de Carrasco";https://auto.mercadolibre.com.uy/MLU-704393618-hyundai-excel-ls-15-1994-_JM;N/A;;"Hyundai Excel Ls 1.5 1994";USD;No;silver;false;N/A;N/A;http://perfil.mercadolibre.com.uy/NACHOMOVILES;active;N/A;N/A;Usado;Blanco;N/A;Mecánica;N/A;N/A;N/A;N/A;N/A;N/A;N/A;N/A;N/A;N/A;N/A;Sí;N/A;N/A;N/A;N/A;N/A;N/A;N/A;N/A;N/A;N/A;N/A;N/A;N/A;N/A;N/A;"1500 cc";N/A;5;N/A;N/A;N/A;N/A;N/A;N/A;N/A;N/A;N/A;N/A;N/A;N/A;N/A;N/A;N/A;N/A;N/A;N/A;N/A;N/A;N/A;N/A;N/A;N/A;N/A;N/A;N/A;N/A;N/A;N/A;N/A;N/A;N/A;N/A;N/A;N/A;N/A;N/A;N/A;N/A;N/A;N/A;N/A;N/A;N/A;N/A;N/A;N/A;N/A;N/A;N/A;N/A;N/A;Ls;N/A;N/A;N/A;N/A;N/A;N/A;N/A;N/A;N/A;N/A;N/A;N/A;N/A;N/A;N/A;N/A;N/A;N/A;N/A;N/A;"Lun. a Vie. 9 a 13 y 14:30 a 18:30 hs.";4;1.5;Nafta;Manual;Sedán;"Autos y camionetas";No;N/A;N/A;N/A;No;N/A;N/A;No;Sí;No;No;N/A;N/A;N/A;N/A;N/A;N/A;N/A;N/A;N/A;N/A;N/A;N/A;N/A;N/A;N/A;N/A;N/A;N/A;N/A;N/A;N/A;N/A;N/A;N/A;N/A;N/A;N/A;N/A;N/A;N/A;N/A;N/A;N/A;N/A;N/A;N/A;N/A;N/A;N/A;N/A;N/A;N/A;N/A;N/A;N/A;N/A;N/A;N/A;N/A;N/A;N/A;No;N/A;N/A;N/A;N/A;N/A;N/A;N/A;N/A;N/A;N/A;N/A;N/A;N/A;N/A;N/A;N/A;N/A;N/A;N/A;N/A;N/A;N/A;N/A;N/A;N/A;N/A;N/A;N/A;N/A;N/A;N/A;N/A;N/A;N/A;N/A;Sí;N/A;N/A;N/A;N/A;N/A;N/A;N/A;N/A;N/A;N/A;N/A;N/A;N/A;N/A;N/A;N/A;N/A;N/A;N/A;N/A;N/A;N/A;N/A
Hyundai;i10;1.1;2014;"114000 km";;3697MOTORS;8390;;;;;Cerrito;https://auto.mercadolibre.com.uy/MLU-703811514-hyundai-i10-_JM;N/A;;"Hyundai I10";USD;Sí;silver;false;N/A;N/A;http://perfil.mercadolibre.com.uy/3697MOTORS;active;N/A;N/A;Usado;Negro;N/A;Hidráulica;N/A;Sí;N/A;N/A;N/A;N/A;N/A;N/A;N/A;N/A;N/A;N/A;N/A;Sí;N/A;N/A;N/A;N/A;N/A;N/A;N/A;N/A;N/A;N/A;N/A;N/A;N/A;N/A;N/A;N/A;N/A;N/A;N/A;N/A;N/A;N/A;N/A;N/A;N/A;N/A;N/A;N/A;N/A;N/A;N/A;N/A;N/A;N/A;N/A;N/A;N/A;N/A;N/A;N/A;N/A;N/A;N/A;N/A;N/A;N/A;N/A;N/A;N/A;N/A;N/A;N/A;N/A;N/A;N/A;N/A;N/A;N/A;N/A;N/A;N/A;N/A;N/A;N/A;N/A;N/A;N/A;N/A;N/A;N/A;N/A;N/A;N/A;N/A;N/A;N/A;N/A;Sí;N/A;N/A;N/A;N/A;N/A;N/A;N/A;N/A;N/A;N/A;N/A;N/A;"Luneas a viernes de 9 a 19";5;1.1;Nafta;Manual;N/A;"Autos y camionetas";N/A;N/A;N/A;N/A;N/A;N/A;N/A;N/A;N/A;N/A;N/A;N/A;N/A;N/A;N/A;N/A;N/A;N/A;N/A;N/A;N/A;N/A;N/A;N/A;N/A;N/A;N/A;N/A;N/A;N/A;N/A;N/A;N/A;N/A;N/A;N/A;N/A;N/A;N/A;N/A;N/A;N/A;N/A;N/A;N/A;N/A;N/A;N/A;N/A;N/A;N/A;N/A;N/A;N/A;N/A;N/A;N/A;N/A;N/A;N/A;N/A;N/A;N/A;N/A;N/A;N/A;N/A;N/A;N/A;N/A;N/A;N/A;N/A;N/A;N/A;N/A;N/A;N/A;N/A;N/A;N/A;N/A;N/A;N/A;N/A;N/A;N/A;N/A;N/A;N/A;N/A;N/A;N/A;N/A;N/A;N/A;N/A;N/A;N/A;N/A;Sí;N/A;N/A;N/A;N/A;Sí;N/A;N/A;N/A;N/A;N/A;N/A;N/A;N/A;Sí;Sí;Sí;N/A;N/A;N/A;N/A;Sí
Hyundai;Tucson;"2.0 N 2wd Mt";2009;"181169 km";;"NICOLASTEJERA AUTOMOVILES";10500;;;;;Tala;https://auto.mercadolibre.com.uy/MLU-703837144-hyundai-tucson-20-n-2wd-mt-_JM;N/A;;"Hyundai Tucson 2.0 N 2wd Mt";usd;Sí;silver;false;N/A;N/A;http://perfil.mercadolibre.com.uy/NICOLASTEJERA+AUTOMOVILES;active;N/A;N/A;Usado;Verde;No;Hidráulica;4x2;Sí;Sí;Sí;N/A;N/A;Sí;N/A;N/A;No;N/A;N/A;No;Sí;N/A;Sí;N/A;N/A;N/A;N/A;N/A;N/A;N/A;N/A;N/A;N/A;"2630 mm";"2 L";"58 L";5;N/A;N/A;N/A;N/A;Sí;Sí;N/A;N/A;N/A;Sí;N/A;N/A;N/A;N/A;N/A;N/A;N/A;N/A;N/A;N/A;N/A;N/A;N/A;N/A;N/A;N/A;N/A;N/A;N/A;Sí;N/A;Sí;N/A;Sí;Sí;N/A;N/A;N/A;N/A;N/A;N/A;N/A;N/A;N/A;N/A;"1730 mm";"4325 mm";N/A;N/A;N/A;N/A;5;"142 hp";N/A;N/A;4;"1830 mm";"10.4 km/l";Sí;N/A;Sí;Sí;N/A;Sí;Sí;N/A;No;N/A;"6.6 km/l";Sí;Sí;N/A;N/A;Sí;N/A;5;2.0;Nafta;Manual;SUV;"Autos y camionetas";No;N/A;N/A;N/A;No;N/A;UY;N/A;Sí;N/A;Sí;N/A;N/A;N/A;N/A;N/A;N/A;N/A;N/A;N/A;N/A;N/A;N/A;N/A;Sí;N/A;N/A;N/A;N/A;N/A;N/A;N/A;N/A;N/A;N/A;N/A;N/A;N/A;N/A;N/A;N/A;N/A;N/A;No;N/A;N/A;N/A;N/A;N/A;N/A;N/A;N/A;N/A;N/A;N/A;N/A;N/A;N/A;N/A;N/A;N/A;No;N/A;N/A;N/A;N/A;N/A;N/A;N/A;N/A;N/A;N/A;N/A;N/A;N/A;N/A;N/A;N/A;N/A;N/A;N/A;N/A;N/A;N/A;N/A;N/A;N/A;N/A;N/A;N/A;N/A;N/A;N/A;N/A;N/A;No;Sí;Sí;Sí;N/A;Sí;N/A;N/A;Sí;N/A;Sí;Sí;Sí;Sí;N/A;N/A;No;Sí;Sí;Sí;Sí;Sí;Sí;No;Sí;N/A;Sí
Hyundai;HB20;"1.0 Comfort Mt";2022;"65000 km";;"JOAQUIMCURI UY";14600;;;;;Rivera;https://auto.mercadolibre.com.uy/MLU-703659052-hyundai-hb20-10-comfort-mt-_JM;N/A;;"Hyundai Hb20 1.0 Comfort Mt";usd;Sí;silver;false;N/A;N/A;http://perfil.mercadolibre.com.uy/JOAQUIMCURI+UY;active;N/A;N/A;Usado;Azul;N/A;Hidráulica;Delantera;Sí;N/A;Sí;N/A;N/A;N/A;N/A;N/A;N/A;N/A;N/A;N/A;Sí;N/A;N/A;N/A;N/A;N/A;N/A;N/A;N/A;N/A;N/A;N/A;N/A;"2500 mm";"1 L";"50 L";6;N/A;N/A;N/A;N/A;N/A;N/A;N/A;N/A;N/A;N/A;N/A;N/A;N/A;N/A;N/A;N/A;N/A;N/A;N/A;N/A;N/A;N/A;N/A;N/A;N/A;N/A;N/A;N/A;N/A;N/A;N/A;N/A;N/A;Sí;Sí;N/A;N/A;N/A;N/A;N/A;N/A;N/A;N/A;N/A;N/A;"1470 mm";"3920 mm";N/A;N/A;N/A;N/A;5;"101 hp";N/A;N/A;4;"1680 mm";N/A;N/A;N/A;N/A;Sí;N/A;N/A;Sí;Sí;N/A;N/A;"13.8 km/l";N/A;N/A;N/A;N/A;N/A;N/A;5;1.0;Nafta;Manual;Hatchback;"Autos y camionetas";N/A;N/A;N/A;N/A;N/A;N/A;UY;N/A;N/A;N/A;N/A;N/A;N/A;N/A;N/A;N/A;N/A;N/A;N/A;N/A;N/A;N/A;N/A;N/A;N/A;N/A;N/A;N/A;N/A;N/A;N/A;N/A;N/A;N/A;N/A;N/A;N/A;N/A;N/A;N/A;N/A;N/A;N/A;N/A;N/A;N/A;N/A;N/A;N/A;N/A;N/A;N/A;N/A;N/A;N/A;N/A;N/A;N/A;N/A;N/A;N/A;N/A;N/A;N/A;N/A;N/A;N/A;N/A;N/A;N/A;N/A;N/A;N/A;N/A;N/A;N/A;N/A;N/A;N/A;N/A;N/A;N/A;N/A;N/A;N/A;N/A;N/A;N/A;N/A;N/A;N/A;N/A;N/A;N/A;N/A;N/A;N/A;N/A;N/A;N/A;N/A;N/A;N/A;N/A;N/A;N/A;N/A;N/A;N/A;N/A;N/A;N/A;Sí;N/A;N/A;N/A;Sí;N/A;N/A;Sí;N/A;Sí
Hyundai;HB20S;"1.0 confort mt";2024;"17000 km";;GOMOTORS2024;17990;;;;;Shangrilá;https://auto.mercadolibre.com.uy/MLU-701428290-hyundai-hb20s-_JM;N/A;;"Hyundai Hb20s";USD;Sí;silver;false;N/A;N/A;http://perfil.mercadolibre.com.uy/GOMOTORS2024;active;N/A;N/A;Usado;Blanco;Sí;Hidráulica;Delantera;N/A;N/A;N/A;N/A;N/A;N/A;N/A;N/A;N/A;N/A;N/A;N/A;N/A;N/A;N/A;N/A;N/A;N/A;N/A;N/A;N/A;N/A;N/A;N/A;N/A;N/A;N/A;N/A;N/A;N/A;N/A;N/A;N/A;N/A;N/A;N/A;N/A;N/A;N/A;N/A;N/A;N/A;N/A;N/A;N/A;N/A;N/A;N/A;N/A;N/A;N/A;N/A;N/A;N/A;N/A;N/A;N/A;N/A;N/A;N/A;N/A;N/A;N/A;N/A;N/A;N/A;N/A;N/A;N/A;N/A;N/A;N/A;N/A;N/A;N/A;N/A;N/A;N/A;N/A;N/A;N/A;N/A;N/A;N/A;N/A;N/A;N/A;N/A;N/A;N/A;N/A;N/A;N/A;N/A;N/A;N/A;N/A;N/A;N/A;N/A;N/A;N/A;N/A;N/A;4;1.0;Nafta;Manual;Sedán;"Autos y camionetas";N/A;N/A;N/A;N/A;N/A;N/A;N/A;N/A;N/A;N/A;N/A;N/A;N/A;N/A;N/A;N/A;N/A;N/A;N/A;N/A;N/A;N/A;N/A;N/A;N/A;N/A;N/A;N/A;N/A;N/A;N/A;N/A;N/A;N/A;N/A;N/A;N/A;N/A;N/A;N/A;N/A;N/A;N/A;N/A;N/A;N/A;N/A;N/A;N/A;N/A;N/A;N/A;N/A;N/A;N/A;N/A;N/A;N/A;N/A;N/A;N/A;N/A;N/A;N/A;N/A;N/A;N/A;N/A;N/A;N/A;N/A;N/A;N/A;N/A;N/A;N/A;N/A;N/A;N/A;N/A;N/A;N/A;N/A;N/A;N/A;N/A;N/A;N/A;N/A;N/A;N/A;N/A;N/A;N/A;N/A;N/A;N/A;N/A;N/A;N/A;N/A;N/A;N/A;N/A;N/A;N/A;N/A;N/A;N/A;N/A;N/A;N/A;N/A;N/A;N/A;N/A;N/A;N/A;N/A;N/A;N/A;N/A
Hyundai;Tucson;"2.0 Premium";2017;"144000 km";;"VARGAS ANDRE";19900;;;;;"Carrasco Norte";https://auto.mercadolibre.com.uy/MLU-699857978-hyundai-tucson-2017-20-premium-_JM;N/A;;"Hyundai Tucson 2017 2.0 Premium";usd;Sí;silver;false;N/A;N/A;http://perfil.mercadolibre.com.uy/VARGAS+ANDRE;active;N/A;N/A;Usado;Gris;N/A;Hidráulica;4x4;Sí;Sí;Sí;N/A;N/A;N/A;N/A;N/A;N/A;N/A;N/A;Sí;Sí;N/A;N/A;N/A;N/A;N/A;N/A;N/A;N/A;N/A;N/A;N/A;N/A;"2630 mm";"2 L";"58 L";6;N/A;N/A;N/A;N/A;N/A;N/A;N/A;N/A;N/A;N/A;N/A;N/A;N/A;N/A;N/A;N/A;N/A;N/A;N/A;N/A;N/A;N/A;N/A;N/A;N/A;N/A;N/A;N/A;N/A;N/A;N/A;Sí;N/A;N/A;N/A;N/A;N/A;N/A;N/A;N/A;N/A;Sí;N/A;N/A;N/A;"1655 mm";"4410 mm";N/A;N/A;N/A;N/A;5;"154 hp";Premium;N/A;4;"1830 mm";N/A;Sí;N/A;N/A;Sí;N/A;Sí;N/A;N/A;N/A;Sí;"8.3 km/l";N/A;N/A;N/A;N/A;Sí;N/A;5;2.0;Nafta;Automática;SUV;"Autos y camionetas";N/A;N/A;N/A;N/A;N/A;N/A;UY;N/A;N/A;N/A;N/A;N/A;N/A;N/A;N/A;N/A;N/A;N/A;N/A;N/A;N/A;N/A;N/A;N/A;Sí;N/A;N/A;N/A;N/A;N/A;N/A;N/A;N/A;N/A;N/A;N/A;N/A;N/A;N/A;N/A;N/A;N/A;N/A;N/A;N/A;N/A;N/A;N/A;N/A;N/A;N/A;N/A;N/A;N/A;N/A;N/A;N/A;N/A;N/A;N/A;N/A;N/A;N/A;N/A;N/A;N/A;N/A;N/A;N/A;N/A;N/A;N/A;N/A;N/A;N/A;N/A;N/A;N/A;N/A;N/A;N/A;N/A;N/A;N/A;N/A;N/A;N/A;N/A;N/A;N/A;N/A;N/A;N/A;N/A;N/A;N/A;Sí;Sí;Sí;N/A;Sí;N/A;N/A;N/A;N/A;Sí;Sí;Sí;Sí;Sí;N/A;Sí;Sí;N/A;Sí;Sí;Sí;Sí;N/A;N/A;N/A;Sí
Hyundai;HB20S;"1.6 Comfort Plus 4p";2017;"85000 km";;GOMOTORS2024;13990;;;;;Shangrilá;https://auto.mercadolibre.com.uy/MLU-646127585-hyundai-hb20s-2017-16-comfort-plus-4p-_JM;N/A;;"Hyundai Hb20s 2017 1.6 Comfort Plus 4p";usd;Sí;silver;false;N/A;N/A;http://perfil.mercadolibre.com.uy/GOMOTORS2024;active;N/A;N/A;Usado;N/A;N/A;Hidráulica;Delantera;Sí;N/A;N/A;N/A;N/A;N/A;N/A;N/A;N/A;N/A;N/A;N/A;N/A;N/A;N/A;N/A;N/A;N/A;N/A;N/A;N/A;N/A;N/A;N/A;N/A;"2500 mm";"1.6 L";"50 L";5;N/A;N/A;N/A;N/A;N/A;N/A;N/A;N/A;N/A;N/A;N/A;N/A;N/A;N/A;N/A;N/A;N/A;N/A;N/A;N/A;N/A;N/A;N/A;N/A;N/A;N/A;N/A;N/A;N/A;N/A;N/A;N/A;N/A;Sí;Sí;N/A;N/A;N/A;N/A;N/A;N/A;N/A;N/A;N/A;N/A;"1500 mm";"4200 mm";N/A;N/A;N/A;N/A;5;"122 hp";"Comfort Plus";N/A;4;"1680 mm";N/A;N/A;N/A;N/A;Sí;N/A;N/A;Sí;Sí;N/A;N/A;"12.8 km/l";N/A;N/A;N/A;N/A;N/A;N/A;4;1.6;Nafta;Manual;Sedán;"Autos y camionetas";N/A;N/A;N/A;N/A;N/A;N/A;UY;N/A;N/A;N/A;N/A;N/A;N/A;N/A;N/A;N/A;N/A;N/A;N/A;N/A;N/A;N/A;N/A;N/A;N/A;N/A;N/A;N/A;N/A;N/A;N/A;N/A;N/A;N/A;N/A;N/A;N/A;N/A;N/A;N/A;N/A;N/A;N/A;N/A;N/A;N/A;N/A;N/A;N/A;N/A;N/A;N/A;N/A;N/A;N/A;N/A;N/A;N/A;N/A;N/A;N/A;N/A;N/A;N/A;N/A;N/A;N/A;N/A;N/A;N/A;N/A;N/A;N/A;N/A;N/A;N/A;N/A;N/A;N/A;N/A;N/A;N/A;N/A;N/A;N/A;N/A;N/A;N/A;N/A;N/A;N/A;N/A;N/A;N/A;N/A;N/A;N/A;N/A;N/A;N/A;N/A;N/A;N/A;N/A;N/A;N/A;N/A;N/A;N/A;N/A;N/A;N/A;Sí;N/A;N/A;N/A;Sí;N/A;N/A;Sí;N/A;Sí
Hyundai;i10;"1.2 Gls Seguridad L At";2012;"242000 km";;RENAULTPUNTADELESTE;8500;;;;;"Punta del Este";https://auto.mercadolibre.com.uy/MLU-696629348-hyundai-i10-_JM;N/A;;"Hyundai I10 ";usd;Sí;silver;false;N/A;N/A;http://perfil.mercadolibre.com.uy/RENAULTPUNTADELESTE;active;N/A;N/A;Usado;Violeta;N/A;Hidráulica;Delantera;Sí;N/A;Sí;N/A;N/A;N/A;N/A;N/A;N/A;N/A;N/A;N/A;N/A;N/A;N/A;N/A;N/A;N/A;N/A;N/A;N/A;N/A;N/A;N/A;N/A;"2385 mm";"1.2 L";"35 L";4;N/A;N/A;N/A;N/A;Sí;N/A;N/A;N/A;N/A;N/A;N/A;N/A;N/A;N/A;N/A;N/A;N/A;N/A;N/A;N/A;N/A;N/A;N/A;N/A;N/A;N/A;N/A;N/A;N/A;N/A;N/A;Sí;N/A;Sí;N/A;N/A;N/A;N/A;N/A;N/A;N/A;Sí;N/A;N/A;N/A;"1540 mm";"3565 mm";N/A;N/A;N/A;N/A;5;"85 hp";Gls;N/A;4;"1660 mm";N/A;N/A;N/A;N/A;N/A;N/A;N/A;N/A;N/A;N/A;N/A;N/A;N/A;N/A;N/A;N/A;N/A;24hs;5;1.2;Nafta;Automática;Hatchback;"Autos y camionetas";N/A;N/A;N/A;N/A;N/A;N/A;UY;N/A;N/A;N/A;N/A;N/A;N/A;N/A;N/A;N/A;N/A;N/A;N/A;N/A;N/A;N/A;N/A;N/A;N/A;N/A;N/A;N/A;N/A;N/A;N/A;N/A;N/A;N/A;N/A;N/A;N/A;N/A;N/A;N/A;N/A;N/A;N/A;N/A;N/A;N/A;N/A;N/A;N/A;N/A;N/A;N/A;N/A;N/A;N/A;N/A;N/A;N/A;N/A;N/A;N/A;N/A;N/A;N/A;N/A;N/A;N/A;N/A;N/A;N/A;N/A;N/A;N/A;N/A;N/A;N/A;N/A;N/A;N/A;N/A;N/A;N/A;N/A;N/A;N/A;N/A;N/A;N/A;N/A;N/A;N/A;N/A;N/A;N/A;N/A;N/A;Sí;N/A;Sí;N/A;N/A;N/A;N/A;N/A;N/A;N/A;N/A;N/A;N/A;Sí;N/A;N/A;N/A;N/A;N/A;N/A;N/A;N/A;N/A;N/A;N/A;N/A
Hyundai;Tucson;"Gl Sport";2017;"191000 km";;AMAYASELECCIONADOS;22900;;;;;"Brazo Oriental";https://auto.mercadolibre.com.uy/MLU-693699002-hyundai-tucson-gl-sport-_JM;N/A;;"Hyundai Tucson Gl Sport ";USD;Sí;silver;false;N/A;N/A;http://perfil.mercadolibre.com.uy/AMAYASELECCIONADOS;active;N/A;N/A;Usado;Blanco;N/A;Hidráulica;4x2;Sí;N/A;N/A;N/A;N/A;N/A;N/A;N/A;N/A;N/A;N/A;N/A;Sí;N/A;N/A;N/A;N/A;N/A;N/A;N/A;N/A;N/A;N/A;N/A;N/A;N/A;N/A;N/A;N/A;N/A;N/A;N/A;N/A;N/A;N/A;N/A;N/A;N/A;N/A;N/A;N/A;N/A;N/A;N/A;N/A;N/A;N/A;N/A;N/A;N/A;N/A;N/A;N/A;N/A;N/A;N/A;N/A;N/A;N/A;N/A;N/A;N/A;N/A;N/A;N/A;N/A;N/A;N/A;N/A;N/A;N/A;N/A;N/A;N/A;N/A;N/A;N/A;N/A;N/A;N/A;N/A;N/A;N/A;N/A;N/A;N/A;N/A;N/A;N/A;N/A;N/A;N/A;N/A;N/A;N/A;N/A;N/A;N/A;N/A;N/A;N/A;N/A;N/A;N/A;5;2.0;Nafta;Automática;SUV;"Autos y camionetas";N/A;N/A;N/A;N/A;N/A;N/A;N/A;N/A;N/A;N/A;N/A;N/A;N/A;N/A;N/A;N/A;N/A;N/A;N/A;N/A;N/A;N/A;N/A;N/A;N/A;N/A;N/A;N/A;N/A;N/A;N/A;N/A;N/A;N/A;N/A;N/A;N/A;N/A;N/A;N/A;N/A;N/A;N/A;N/A;N/A;N/A;N/A;N/A;N/A;N/A;N/A;N/A;N/A;N/A;N/A;N/A;N/A;N/A;N/A;N/A;N/A;N/A;N/A;N/A;N/A;N/A;N/A;N/A;N/A;N/A;N/A;N/A;N/A;N/A;N/A;N/A;N/A;N/A;N/A;N/A;N/A;N/A;N/A;N/A;N/A;N/A;N/A;N/A;N/A;N/A;N/A;N/A;N/A;N/A;N/A;N/A;N/A;N/A;Sí;N/A;N/A;N/A;N/A;N/A;N/A;N/A;N/A;N/A;N/A;N/A;N/A;N/A;N/A;N/A;N/A;N/A;N/A;N/A;N/A;N/A;N/A;N/A
Hyundai;HB20S;"PREMIUM 1.0";2024;"0 km";;LAGOMARAUTOMOVILES;20990;;;;;"Ciudad de la Costa";https://auto.mercadolibre.com.uy/MLU-644535159-hyundai-hb20s-premium-10-2024-lagomar-automoviles-_JM;N/A;;"Hyundai Hb20s Premium 1.0 2024 - Lagomar Automóviles";usd;Sí;silver;false;N/A;N/A;http://perfil.mercadolibre.com.uy/LAGOMARAUTOMOVILES;active;N/A;N/A;Nuevo;Plateado;N/A;Eléctrica;N/A;Sí;Sí;Sí;N/A;N/A;N/A;Sí;Sí;N/A;Sí;Sí;Sí;Sí;N/A;Sí;N/A;N/A;N/A;N/A;N/A;N/A;N/A;N/A;N/A;N/A;N/A;"1000 cc";N/A;5;N/A;N/A;Sí;Sí;Sí;Sí;N/A;N/A;N/A;N/A;N/A;N/A;N/A;N/A;N/A;N/A;N/A;N/A;N/A;N/A;N/A;N/A;N/A;Sí;N/A;Sí;N/A;Sí;N/A;N/A;N/A;N/A;N/A;N/A;N/A;N/A;Sí;N/A;N/A;N/A;N/A;N/A;Sí;N/A;N/A;N/A;N/A;N/A;N/A;N/A;N/A;N/A;"80 hp";Premium;N/A;N/A;N/A;N/A;N/A;N/A;N/A;Sí;Sí;N/A;Sí;Sí;N/A;N/A;N/A;N/A;N/A;N/A;N/A;N/A;"Lun. a Vie. 9:30 a 13 y 14 a 19 hs. Sáb. 9:30 a 13:30 hs.";4;1.0;Nafta;Manual;Sedán;"Autos y camionetas";No;N/A;N/A;N/A;No;N/A;UY;No;Sí;No;No;N/A;N/A;N/A;N/A;N/A;N/A;N/A;N/A;N/A;N/A;N/A;N/A;N/A;N/A;N/A;N/A;N/A;N/A;N/A;N/A;N/A;N/A;N/A;N/A;N/A;N/A;N/A;N/A;N/A;N/A;N/A;N/A;Sí;N/A;N/A;N/A;N/A;N/A;N/A;N/A;N/A;N/A;N/A;N/A;N/A;N/A;N/A;N/A;N/A;N/A;Sí;No;N/A;N/A;N/A;N/A;N/A;N/A;N/A;N/A;N/A;N/A;N/A;N/A;N/A;N/A;N/A;N/A;N/A;N/A;N/A;N/A;N/A;N/A;N/A;N/A;N/A;N/A;N/A;N/A;N/A;N/A;N/A;N/A;N/A;Sí;Sí;Sí;Sí;Sí;Sí;Sí;N/A;N/A;Sí;N/A;N/A;N/A;N/A;Sí;Sí;Sí;N/A;Sí;N/A;Sí;N/A;N/A;N/A;N/A;Sí
Hyundai;Creta;"1.6 Limited Premium At";2018;"89000 km";;MLDPAYSANDU;19500;;;;;"Lomas De Carrasco";https://auto.mercadolibre.com.uy/MLU-704341824-hyundai-creta-16-limited-premium-at-_JM;N/A;;"Hyundai Creta 1.6 Limited Premium At";usd;Sí;silver;false;N/A;N/A;http://perfil.mercadolibre.com.uy/MLDPAYSANDU;active;N/A;N/A;Usado;Plateado;Sí;Eléctrica;4x2;N/A;N/A;Sí;N/A;N/A;N/A;N/A;N/A;N/A;N/A;N/A;N/A;N/A;N/A;N/A;N/A;N/A;N/A;N/A;N/A;N/A;N/A;N/A;N/A;N/A;"2590 mm";"1.6 L";"58 L";5;N/A;N/A;N/A;N/A;N/A;N/A;N/A;N/A;N/A;N/A;N/A;N/A;N/A;N/A;N/A;N/A;N/A;N/A;N/A;N/A;N/A;N/A;N/A;N/A;N/A;N/A;N/A;N/A;N/A;N/A;N/A;N/A;N/A;Sí;Sí;N/A;N/A;N/A;N/A;N/A;N/A;N/A;N/A;N/A;N/A;"1635 mm";"4440 mm";N/A;N/A;N/A;N/A;5;"163 hp";"Limited Premium";N/A;4;"1898 mm";N/A;N/A;N/A;N/A;Sí;N/A;N/A;Sí;N/A;N/A;N/A;N/A;N/A;N/A;N/A;N/A;N/A;N/A;5;1.6;Nafta;Automática;SUV;"Autos y camionetas";N/A;N/A;N/A;N/A;N/A;N/A;UY;N/A;N/A;N/A;N/A;N/A;N/A;N/A;N/A;N/A;N/A;N/A;N/A;N/A;N/A;N/A;N/A;N/A;N/A;N/A;N/A;N/A;N/A;N/A;N/A;N/A;N/A;N/A;N/A;N/A;N/A;N/A;N/A;N/A;N/A;N/A;N/A;N/A;N/A;N/A;N/A;N/A;N/A;N/A;N/A;N/A;N/A;N/A;N/A;N/A;N/A;N/A;N/A;N/A;N/A;N/A;N/A;N/A;N/A;N/A;N/A;N/A;N/A;N/A;N/A;N/A;N/A;N/A;N/A;N/A;N/A;N/A;N/A;N/A;N/A;N/A;N/A;N/A;N/A;N/A;N/A;N/A;N/A;N/A;N/A;N/A;N/A;N/A;N/A;N/A;N/A;N/A;N/A;N/A;N/A;N/A;N/A;N/A;N/A;N/A;N/A;N/A;N/A;N/A;N/A;N/A;Sí;N/A;N/A;N/A;N/A;N/A;N/A;Sí;N/A;N/A
Hyundai;HB20;"1.0 Comfort Mt";2024;"0 km";;"ALEJANDROAUTOMOVILES TALA";16990;;;;;Tala;https://auto.mercadolibre.com.uy/MLU-703989414-hyundai-hb20-comfort-_JM;N/A;;"Hyundai Hb20 Comfort";usd;Sí;silver;false;N/A;N/A;http://perfil.mercadolibre.com.uy/ALEJANDROAUTOMOVILES+TALA;active;N/A;N/A;Nuevo;Blanco;N/A;Hidráulica;Delantera;Sí;Sí;Sí;N/A;N/A;N/A;N/A;N/A;N/A;N/A;N/A;N/A;Sí;N/A;N/A;N/A;N/A;N/A;N/A;N/A;N/A;N/A;N/A;N/A;N/A;"2500 mm";"1 L";"50 L";6;N/A;N/A;N/A;N/A;N/A;N/A;N/A;N/A;N/A;N/A;N/A;N/A;N/A;N/A;N/A;N/A;N/A;N/A;N/A;N/A;N/A;N/A;N/A;N/A;N/A;N/A;N/A;N/A;N/A;N/A;N/A;N/A;N/A;Sí;Sí;N/A;N/A;N/A;N/A;N/A;N/A;N/A;N/A;N/A;N/A;"1470 mm";"3920 mm";N/A;N/A;N/A;N/A;5;"101 hp";N/A;N/A;4;"1680 mm";N/A;N/A;N/A;N/A;Sí;N/A;N/A;Sí;Sí;N/A;N/A;"13.8 km/l";N/A;N/A;N/A;N/A;N/A;N/A;5;1.0;Nafta;Manual;Hatchback;"Autos y camionetas";N/A;N/A;N/A;N/A;N/A;N/A;UY;N/A;Sí;N/A;N/A;N/A;N/A;N/A;N/A;N/A;N/A;N/A;N/A;N/A;N/A;N/A;N/A;N/A;N/A;N/A;N/A;N/A;N/A;N/A;N/A;N/A;N/A;N/A;N/A;N/A;N/A;N/A;N/A;N/A;N/A;N/A;N/A;Sí;N/A;N/A;N/A;N/A;N/A;N/A;N/A;N/A;N/A;N/A;N/A;N/A;N/A;N/A;N/A;N/A;N/A;N/A;N/A;N/A;N/A;N/A;N/A;N/A;N/A;N/A;N/A;N/A;N/A;N/A;N/A;N/A;N/A;N/A;N/A;N/A;N/A;N/A;N/A;N/A;N/A;N/A;N/A;N/A;N/A;N/A;N/A;N/A;N/A;N/A;N/A;N/A;N/A;N/A;N/A;N/A;Sí;N/A;N/A;N/A;N/A;Sí;N/A;N/A;N/A;N/A;N/A;N/A;Sí;N/A;Sí;N/A;Sí;N/A;N/A;Sí;N/A;Sí
Hyundai;"Grand i10";"1.2 Gls Seg 87cv Mt";2015;"132000 km";;GRUIZ_AUTOMOVILES;11500;;;;;Centro;https://auto.mercadolibre.com.uy/MLU-703679666-hyundai-grand-i10-gls-_JM;N/A;;"Hyundai Grand I10 Gls";usd;Sí;silver;false;N/A;N/A;http://perfil.mercadolibre.com.uy/GRUIZ_AUTOMOVILES;active;N/A;N/A;Usado;Gris;Sí;Hidráulica;Delantera;Sí;Sí;Sí;N/A;N/A;N/A;N/A;N/A;N/A;N/A;N/A;Sí;Sí;N/A;N/A;N/A;N/A;N/A;N/A;N/A;N/A;N/A;N/A;N/A;N/A;"2425 mm";"1.2 L";"43 L";5;N/A;N/A;N/A;N/A;Sí;N/A;N/A;N/A;N/A;N/A;N/A;N/A;N/A;N/A;N/A;N/A;N/A;N/A;N/A;N/A;N/A;N/A;N/A;N/A;N/A;N/A;N/A;N/A;N/A;N/A;N/A;Sí;N/A;Sí;N/A;N/A;N/A;N/A;N/A;N/A;N/A;Sí;N/A;N/A;N/A;"1505 mm";"3765 mm";N/A;N/A;N/A;N/A;5;"87 hp";Gls;N/A;4;"1660 mm";N/A;N/A;N/A;N/A;Sí;N/A;N/A;N/A;N/A;N/A;N/A;N/A;N/A;N/A;N/A;N/A;N/A;"Lunes a viernes de 9 a 18:30 hs";5;1.2;Nafta;Manual;Hatchback;"Autos y camionetas";N/A;N/A;N/A;N/A;N/A;N/A;UY;N/A;Sí;N/A;N/A;N/A;N/A;N/A;N/A;N/A;N/A;N/A;N/A;N/A;N/A;N/A;N/A;N/A;N/A;N/A;N/A;N/A;N/A;N/A;N/A;N/A;N/A;N/A;N/A;N/A;N/A;N/A;N/A;N/A;N/A;N/A;N/A;N/A;N/A;N/A;N/A;N/A;N/A;N/A;N/A;N/A;N/A;N/A;N/A;N/A;N/A;N/A;N/A;N/A;N/A;N/A;N/A;N/A;N/A;N/A;N/A;N/A;N/A;N/A;N/A;N/A;N/A;N/A;N/A;N/A;N/A;N/A;N/A;N/A;N/A;N/A;N/A;N/A;N/A;N/A;N/A;N/A;N/A;N/A;N/A;N/A;N/A;N/A;N/A;N/A;Sí;N/A;Sí;N/A;N/A;N/A;N/A;N/A;N/A;Sí;N/A;N/A;Sí;Sí;N/A;N/A;Sí;Sí;Sí;Sí;N/A;N/A;N/A;N/A;N/A;Sí
Hyundai;"Grand i10";"1.2 Gls Seg 87cv Mt";2015;"90000 km";;"AUTOMOTORA NOAHCARS";10490;;;;;Carrasco;https://auto.mercadolibre.com.uy/MLU-647287457-hyundai-grand-i10-ano-2015-extrafull-_JM;N/A;;"Hyundai Grand I10 Año 2015 Extrafull!!!!!";usd;Sí;silver;false;N/A;N/A;http://perfil.mercadolibre.com.uy/AUTOMOTORA+NOAHCARS;active;N/A;N/A;Usado;Azul;N/A;Hidráulica;Delantera;Sí;N/A;Sí;N/A;N/A;N/A;N/A;N/A;N/A;N/A;N/A;N/A;N/A;N/A;N/A;N/A;N/A;N/A;N/A;N/A;N/A;N/A;N/A;N/A;N/A;"2425 mm";"1.2 L";"43 L";5;N/A;N/A;N/A;N/A;Sí;N/A;N/A;N/A;N/A;N/A;N/A;N/A;N/A;N/A;N/A;N/A;N/A;N/A;N/A;N/A;N/A;N/A;N/A;N/A;N/A;N/A;N/A;N/A;N/A;N/A;N/A;Sí;N/A;Sí;N/A;N/A;N/A;N/A;N/A;N/A;N/A;Sí;N/A;N/A;N/A;"1505 mm";"3765 mm";N/A;N/A;N/A;N/A;5;"87 hp";Gls;N/A;4;"1660 mm";N/A;N/A;N/A;N/A;N/A;N/A;N/A;N/A;N/A;N/A;N/A;N/A;N/A;N/A;N/A;N/A;N/A;N/A;5;1.2;Nafta;Manual;Hatchback;"Autos y camionetas";N/A;N/A;N/A;N/A;N/A;N/A;UY;N/A;N/A;N/A;N/A;N/A;N/A;N/A;N/A;N/A;N/A;N/A;N/A;N/A;N/A;N/A;N/A;N/A;N/A;N/A;N/A;N/A;N/A;N/A;N/A;N/A;N/A;N/A;N/A;N/A;N/A;N/A;N/A;N/A;N/A;N/A;N/A;N/A;N/A;N/A;N/A;N/A;N/A;N/A;N/A;N/A;N/A;N/A;N/A;N/A;N/A;N/A;N/A;N/A;N/A;N/A;N/A;N/A;N/A;N/A;N/A;N/A;N/A;N/A;N/A;N/A;N/A;N/A;N/A;N/A;N/A;N/A;N/A;N/A;N/A;N/A;N/A;N/A;N/A;N/A;N/A;N/A;N/A;N/A;N/A;N/A;N/A;N/A;N/A;N/A;Sí;N/A;Sí;N/A;N/A;N/A;N/A;N/A;N/A;N/A;N/A;N/A;N/A;Sí;N/A;N/A;N/A;N/A;N/A;N/A;N/A;N/A;N/A;N/A;N/A;N/A
Hyundai;H1;"2.5 1 Mt";2011;"264000 km";;BELAIR1956;13900;;;;;"Ciudad de la Costa";https://auto.mercadolibre.com.uy/MLU-702947064-hyundai-h1-25-1-mt-_JM;N/A;;"Hyundai H1 2.5 1 Mt";usd;Sí;silver;false;N/A;N/A;http://perfil.mercadolibre.com.uy/BELAIR1956;active;N/A;N/A;Usado;Blanco;N/A;Hidráulica;Delantera;N/A;N/A;Sí;N/A;N/A;N/A;N/A;N/A;N/A;N/A;N/A;N/A;N/A;N/A;N/A;N/A;N/A;N/A;N/A;N/A;N/A;N/A;N/A;N/A;N/A;"3201 mm";"2.5 L";"75 L";5;N/A;N/A;N/A;N/A;N/A;N/A;N/A;N/A;N/A;N/A;N/A;N/A;N/A;N/A;N/A;N/A;N/A;N/A;N/A;N/A;N/A;N/A;N/A;N/A;N/A;N/A;N/A;N/A;N/A;Sí;N/A;Sí;N/A;Sí;N/A;Sí;N/A;N/A;N/A;N/A;N/A;No;N/A;N/A;N/A;"1925 mm";"5125 mm";N/A;N/A;N/A;N/A;12;"100 hp";N/A;N/A;4;"1920 mm";"12.3 km/l";N/A;N/A;N/A;Sí;N/A;Sí;N/A;N/A;N/A;N/A;"8.3 km/l";N/A;N/A;N/A;N/A;N/A;N/A;4;2.5;Diésel;Manual;SUV;"Autos y camionetas";N/A;N/A;N/A;N/A;N/A;N/A;UY;N/A;Sí;N/A;N/A;N/A;N/A;N/A;N/A;N/A;N/A;N/A;N/A;N/A;N/A;N/A;N/A;N/A;N/A;N/A;N/A;N/A;N/A;N/A;N/A;N/A;N/A;N/A;N/A;N/A;N/A;N/A;N/A;N/A;N/A;N/A;N/A;N/A;N/A;N/A;N/A;N/A;N/A;N/A;N/A;N/A;N/A;N/A;N/A;N/A;N/A;N/A;N/A;N/A;N/A;N/A;Sí;N/A;N/A;N/A;N/A;N/A;N/A;N/A;N/A;N/A;N/A;N/A;N/A;N/A;N/A;N/A;N/A;N/A;N/A;N/A;N/A;N/A;N/A;N/A;N/A;N/A;N/A;N/A;N/A;N/A;N/A;N/A;N/A;N/A;Sí;N/A;Sí;N/A;N/A;N/A;N/A;Sí;N/A;Sí;N/A;N/A;N/A;N/A;N/A;N/A;N/A;Sí;Sí;Sí;N/A;Sí;N/A;Sí;N/A;N/A
Hyundai;Accent;Gl;2015;"166000 km";;VALEX29BRUCE;11900;;;;;"Parque Batlle";https://auto.mercadolibre.com.uy/MLU-702906918-hyundai-accent-2015-muy-lindo--_JM;N/A;;"Hyundai Accent 2015 Muy Lindo !!!";USD;Sí;silver;false;N/A;N/A;http://perfil.mercadolibre.com.uy/VALEX29BRUCE;active;N/A;N/A;Usado;Gris;N/A;Asistida;N/A;N/A;N/A;N/A;N/A;N/A;N/A;N/A;N/A;N/A;N/A;N/A;N/A;N/A;N/A;N/A;N/A;N/A;N/A;N/A;N/A;N/A;N/A;N/A;N/A;N/A;N/A;N/A;N/A;N/A;N/A;N/A;N/A;N/A;N/A;N/A;N/A;N/A;N/A;N/A;N/A;N/A;N/A;N/A;N/A;N/A;N/A;N/A;N/A;N/A;N/A;N/A;N/A;N/A;N/A;N/A;N/A;N/A;N/A;N/A;N/A;N/A;N/A;N/A;N/A;N/A;N/A;N/A;N/A;N/A;N/A;N/A;N/A;N/A;N/A;N/A;N/A;N/A;N/A;N/A;N/A;N/A;N/A;N/A;N/A;N/A;N/A;N/A;N/A;N/A;N/A;N/A;N/A;N/A;N/A;N/A;N/A;N/A;N/A;N/A;N/A;N/A;N/A;N/A;N/A;4;1.4;Nafta;Manual;Sedán;"Autos y camionetas";N/A;N/A;N/A;N/A;N/A;N/A;N/A;N/A;N/A;N/A;N/A;N/A;N/A;N/A;N/A;N/A;N/A;N/A;N/A;N/A;N/A;N/A;N/A;N/A;N/A;N/A;N/A;N/A;N/A;N/A;N/A;N/A;N/A;N/A;N/A;N/A;N/A;N/A;N/A;N/A;N/A;N/A;N/A;N/A;N/A;N/A;N/A;N/A;N/A;N/A;N/A;N/A;N/A;N/A;N/A;N/A;N/A;N/A;N/A;N/A;N/A;N/A;N/A;N/A;N/A;N/A;N/A;N/A;N/A;N/A;N/A;N/A;N/A;N/A;N/A;N/A;N/A;N/A;N/A;N/A;N/A;N/A;N/A;N/A;N/A;N/A;N/A;N/A;N/A;N/A;N/A;N/A;N/A;N/A;N/A;N/A;N/A;N/A;N/A;N/A;N/A;N/A;N/A;N/A;N/A;N/A;N/A;N/A;N/A;N/A;N/A;N/A;N/A;N/A;N/A;N/A;N/A;N/A;N/A;N/A;N/A;N/A
Hyundai;Elantra;"1.8 Gls 6at Seguridad Premium";2015;"163457 km";;NEDALCAR_AUTOMOVILES;14900;;;;;"Aeropuerto Internacional De Carrasco";https://auto.mercadolibre.com.uy/MLU-701440360-hyundai-elantra-18-gls-6at-seguridad-premium-_JM;N/A;;"Hyundai Elantra 1.8 Gls 6at Seguridad Premium";usd;Sí;silver;false;N/A;N/A;http://perfil.mercadolibre.com.uy/NEDALCAR_AUTOMOVILES;active;N/A;N/A;Usado;Plateado;Sí;Hidráulica;Delantera;Sí;N/A;Sí;N/A;N/A;N/A;N/A;N/A;N/A;N/A;N/A;N/A;N/A;N/A;N/A;N/A;N/A;N/A;N/A;N/A;N/A;N/A;N/A;N/A;N/A;"2857 mm";"1.8 L";"49 L";6;N/A;N/A;N/A;N/A;N/A;N/A;N/A;N/A;N/A;N/A;N/A;N/A;N/A;N/A;N/A;N/A;N/A;N/A;N/A;N/A;N/A;N/A;N/A;N/A;N/A;N/A;N/A;N/A;N/A;N/A;N/A;Sí;N/A;N/A;N/A;N/A;N/A;N/A;N/A;N/A;N/A;Sí;N/A;N/A;N/A;"1445 mm";"4530 mm";N/A;N/A;N/A;N/A;5;"150 hp";Gls;N/A;4;"1898 mm";N/A;N/A;N/A;N/A;N/A;N/A;N/A;N/A;N/A;N/A;N/A;N/A;N/A;N/A;N/A;N/A;N/A;"Coordinar por WhatsApp";4;1.8;Nafta;Automática;Sedán;"Autos y camionetas";N/A;N/A;N/A;N/A;N/A;N/A;UY;N/A;N/A;N/A;N/A;N/A;N/A;N/A;N/A;N/A;N/A;N/A;N/A;N/A;N/A;N/A;N/A;N/A;N/A;N/A;N/A;N/A;N/A;N/A;N/A;N/A;N/A;N/A;N/A;N/A;N/A;N/A;N/A;N/A;N/A;N/A;N/A;N/A;N/A;N/A;N/A;N/A;N/A;N/A;N/A;N/A;N/A;N/A;N/A;N/A;N/A;N/A;N/A;N/A;N/A;N/A;N/A;N/A;N/A;N/A;N/A;N/A;N/A;N/A;N/A;N/A;N/A;N/A;N/A;N/A;N/A;N/A;N/A;N/A;N/A;N/A;N/A;N/A;N/A;N/A;N/A;N/A;N/A;N/A;N/A;N/A;N/A;N/A;N/A;N/A;Sí;N/A;Sí;N/A;N/A;N/A;N/A;N/A;N/A;N/A;N/A;N/A;N/A;Sí;N/A;N/A;N/A;N/A;N/A;N/A;N/A;N/A;N/A;N/A;N/A;N/A
Hyundai;Tucson;"GDI SAFE AT";2017;"105000 km";;DEFRANCOMOTORS;24900;;;;;Shangrilá;https://auto.mercadolibre.com.uy/MLU-700481066-hyundai-tucson-gdi-safe-at-2017-defranco-motors-_JM;N/A;;"Hyundai Tucson Gdi Safe At 2017 - Defranco Motors";USD;Sí;silver;false;N/A;N/A;http://perfil.mercadolibre.com.uy/DEFRANCOMOTORS;active;N/A;N/A;Usado;Negro;N/A;Asistida;N/A;N/A;N/A;N/A;N/A;N/A;N/A;N/A;N/A;N/A;N/A;N/A;N/A;N/A;N/A;N/A;N/A;N/A;N/A;N/A;N/A;N/A;N/A;N/A;N/A;N/A;N/A;N/A;N/A;N/A;N/A;N/A;N/A;N/A;N/A;N/A;N/A;N/A;N/A;N/A;N/A;N/A;N/A;N/A;N/A;N/A;N/A;N/A;N/A;N/A;N/A;N/A;N/A;N/A;N/A;N/A;N/A;N/A;N/A;N/A;N/A;N/A;N/A;N/A;N/A;N/A;N/A;N/A;N/A;N/A;N/A;N/A;N/A;N/A;N/A;N/A;N/A;N/A;N/A;N/A;N/A;N/A;N/A;Safe;N/A;N/A;N/A;N/A;N/A;N/A;N/A;N/A;N/A;N/A;N/A;N/A;N/A;N/A;N/A;N/A;N/A;N/A;N/A;N/A;"Lun. a Vie. 9:30 a 13 y 14 a 18:30 hs. Sáb 9:30 a 13 hs";5;N/A;Nafta;Automática;SUV;"Autos y camionetas";Sí;N/A;N/A;N/A;Sí;N/A;N/A;No;Sí;Sí;Sí;N/A;N/A;N/A;N/A;N/A;N/A;N/A;N/A;N/A;N/A;N/A;N/A;N/A;N/A;N/A;N/A;N/A;N/A;N/A;N/A;N/A;N/A;N/A;N/A;N/A;N/A;N/A;N/A;N/A;N/A;N/A;N/A;N/A;N/A;N/A;N/A;N/A;N/A;N/A;N/A;N/A;N/A;N/A;N/A;N/A;N/A;N/A;N/A;N/A;N/A;N/A;No;N/A;N/A;N/A;N/A;N/A;N/A;N/A;N/A;N/A;N/A;N/A;N/A;N/A;N/A;N/A;N/A;N/A;N/A;N/A;N/A;N/A;N/A;N/A;N/A;N/A;N/A;N/A;N/A;N/A;N/A;N/A;N/A;N/A;N/A;N/A;N/A;N/A;N/A;N/A;N/A;N/A;N/A;N/A;N/A;N/A;N/A;N/A;N/A;N/A;N/A;N/A;N/A;N/A;N/A;N/A;N/A;N/A;N/A;N/A
Hyundai;HB20;"unique mt 1600 cc";2022;"21000 km";;"RIVEROAUTOMOTORES TACUAREMBÓ";20990;;;;;Tacuarembó;https://auto.mercadolibre.com.uy/MLU-699196144-hyundai-hb20-unique-mt-1600-cc-16-2022-impecable-_JM;N/A;;"Hyundai Hb20 Unique Mt 1600 Cc 1.6 2022 Impecable!";usd;Sí;silver;false;N/A;N/A;http://perfil.mercadolibre.com.uy/RIVEROAUTOMOTORES+TACUAREMB%C3%93;active;N/A;N/A;Usado;Blanco;Sí;Eléctrica;N/A;Sí;N/A;Sí;N/A;N/A;N/A;Sí;Sí;N/A;Sí;N/A;Sí;Sí;N/A;N/A;N/A;N/A;N/A;N/A;N/A;N/A;N/A;N/A;N/A;N/A;N/A;"1600 cc";N/A;6;N/A;N/A;Sí;Sí;Sí;N/A;Sí;N/A;N/A;N/A;N/A;N/A;N/A;N/A;N/A;N/A;N/A;N/A;N/A;N/A;N/A;N/A;N/A;Sí;N/A;Sí;N/A;Sí;N/A;N/A;N/A;N/A;N/A;N/A;N/A;N/A;N/A;N/A;N/A;N/A;N/A;N/A;N/A;N/A;N/A;N/A;N/A;N/A;N/A;N/A;N/A;N/A;"123 hp";Unique;N/A;N/A;N/A;N/A;N/A;N/A;N/A;N/A;Sí;N/A;Sí;Sí;N/A;N/A;N/A;N/A;N/A;N/A;N/A;Sí;"Lun. a Vie. de 8 a 12 y de 14 a 19 hs. Sáb de 8 a 13 hs";5;1.6;Nafta;Manual;Hatchback;"Autos y camionetas";No;N/A;N/A;N/A;No;N/A;UY;No;Sí;No;No;N/A;N/A;N/A;N/A;N/A;N/A;N/A;N/A;N/A;N/A;N/A;N/A;N/A;Sí;N/A;N/A;N/A;N/A;N/A;N/A;N/A;N/A;N/A;N/A;N/A;N/A;N/A;N/A;N/A;N/A;N/A;N/A;N/A;N/A;N/A;N/A;N/A;N/A;N/A;N/A;N/A;N/A;N/A;N/A;N/A;N/A;N/A;N/A;N/A;N/A;Sí;No;N/A;N/A;N/A;N/A;N/A;N/A;N/A;N/A;N/A;N/A;N/A;N/A;N/A;N/A;N/A;N/A;N/A;N/A;N/A;N/A;N/A;N/A;N/A;N/A;N/A;N/A;N/A;N/A;N/A;N/A;N/A;N/A;N/A;Sí;Sí;Sí;N/A;Sí;N/A;N/A;N/A;Sí;Sí;N/A;N/A;N/A;N/A;Sí;Sí;Sí;N/A;Sí;N/A;Sí;N/A;N/A;N/A;N/A;Sí
Hyundai;Creta;"1.6 Limited Gls";2018;"104473 km";;"NICOLASTEJERA AUTOMOVILES";20000;;;;;Tala;https://auto.mercadolibre.com.uy/MLU-699170086-hyundai-creta-2018-16-limited-gls-_JM;N/A;;"Hyundai Creta 2018 1.6 Limited Gls";usd;Sí;silver;false;N/A;N/A;http://perfil.mercadolibre.com.uy/NICOLASTEJERA+AUTOMOVILES;active;N/A;N/A;Usado;N/A;N/A;Eléctrica;4x2;N/A;N/A;Sí;N/A;N/A;N/A;N/A;N/A;N/A;N/A;N/A;N/A;N/A;N/A;N/A;N/A;N/A;N/A;N/A;N/A;N/A;N/A;N/A;N/A;N/A;"2590 mm";"1.6 L";"58 L";5;N/A;N/A;N/A;N/A;N/A;N/A;N/A;N/A;N/A;N/A;N/A;N/A;N/A;N/A;N/A;N/A;N/A;N/A;N/A;N/A;N/A;N/A;N/A;N/A;N/A;N/A;N/A;N/A;N/A;N/A;N/A;N/A;N/A;Sí;Sí;N/A;N/A;N/A;N/A;N/A;N/A;N/A;N/A;N/A;N/A;"1635 mm";"4440 mm";N/A;N/A;N/A;N/A;5;"163 hp";"Limited Gls";N/A;4;"1898 mm";N/A;N/A;N/A;N/A;Sí;N/A;N/A;Sí;N/A;N/A;N/A;N/A;N/A;N/A;N/A;N/A;N/A;N/A;5;1.6;Nafta;Manual;SUV;"Autos y camionetas";N/A;N/A;N/A;N/A;N/A;N/A;UY;N/A;N/A;N/A;N/A;N/A;N/A;N/A;N/A;N/A;N/A;N/A;N/A;N/A;N/A;N/A;N/A;N/A;N/A;N/A;N/A;N/A;N/A;N/A;N/A;N/A;N/A;N/A;N/A;N/A;N/A;N/A;N/A;N/A;N/A;N/A;N/A;N/A;N/A;N/A;N/A;N/A;N/A;N/A;N/A;N/A;N/A;N/A;N/A;N/A;N/A;N/A;N/A;N/A;N/A;N/A;N/A;N/A;N/A;N/A;N/A;N/A;N/A;N/A;N/A;N/A;N/A;N/A;N/A;N/A;N/A;N/A;N/A;N/A;N/A;N/A;N/A;N/A;N/A;N/A;N/A;N/A;N/A;N/A;N/A;N/A;N/A;N/A;N/A;N/A;N/A;N/A;N/A;N/A;N/A;N/A;N/A;N/A;N/A;N/A;N/A;N/A;N/A;N/A;N/A;N/A;Sí;N/A;N/A;N/A;N/A;N/A;N/A;Sí;N/A;N/A
Hyundai;i10;1.1;2011;"98000 km";;"ALEJANDROAUTOMOVILES TALA";8990;;;;;Tala;https://auto.mercadolibre.com.uy/MLU-645810717-hyundai-i10-_JM;N/A;;"Hyundai I10";USD;Sí;silver;false;N/A;N/A;http://perfil.mercadolibre.com.uy/ALEJANDROAUTOMOVILES+TALA;active;N/A;N/A;Usado;Azul;N/A;Mecánica;N/A;N/A;N/A;N/A;N/A;N/A;N/A;N/A;N/A;N/A;N/A;N/A;N/A;N/A;N/A;N/A;N/A;N/A;N/A;N/A;N/A;N/A;N/A;N/A;N/A;N/A;N/A;N/A;N/A;N/A;N/A;N/A;N/A;N/A;N/A;N/A;N/A;N/A;N/A;N/A;N/A;N/A;N/A;N/A;N/A;N/A;N/A;N/A;N/A;N/A;N/A;N/A;N/A;N/A;N/A;N/A;N/A;N/A;N/A;N/A;N/A;N/A;N/A;N/A;N/A;N/A;N/A;N/A;N/A;N/A;N/A;N/A;N/A;N/A;N/A;N/A;N/A;N/A;N/A;N/A;N/A;N/A;N/A;N/A;N/A;N/A;N/A;N/A;N/A;N/A;N/A;N/A;N/A;N/A;N/A;N/A;N/A;N/A;N/A;N/A;N/A;N/A;N/A;N/A;N/A;5;1.1;Nafta;Manual;Hatchback;"Autos y camionetas";N/A;N/A;N/A;N/A;N/A;N/A;N/A;N/A;Sí;N/A;N/A;N/A;N/A;N/A;N/A;N/A;N/A;N/A;N/A;N/A;N/A;N/A;N/A;N/A;N/A;N/A;N/A;N/A;N/A;N/A;N/A;N/A;N/A;N/A;N/A;N/A;N/A;N/A;N/A;N/A;N/A;N/A;N/A;N/A;N/A;N/A;N/A;N/A;N/A;N/A;N/A;N/A;N/A;N/A;N/A;N/A;N/A;N/A;N/A;N/A;N/A;N/A;N/A;N/A;N/A;N/A;N/A;N/A;N/A;N/A;N/A;N/A;N/A;N/A;N/A;N/A;N/A;N/A;N/A;N/A;N/A;N/A;N/A;N/A;N/A;N/A;N/A;N/A;N/A;N/A;N/A;N/A;N/A;N/A;N/A;N/A;N/A;N/A;N/A;N/A;N/A;N/A;N/A;N/A;N/A;N/A;N/A;N/A;N/A;N/A;N/A;N/A;N/A;N/A;Sí;N/A;N/A;N/A;N/A;N/A;N/A;Sí
Hyundai;H1;"2.5 1 170cv Mt";2015;"400000 km";;CARRATTOAUTOMOVILES17;21800;;;;;Trinidad;https://auto.mercadolibre.com.uy/MLU-697662936-hyundai-h1-25-1-170cv-mt-_JM;N/A;;"Hyundai H1 2.5 1 170cv Mt";usd;Sí;silver;false;N/A;N/A;http://perfil.mercadolibre.com.uy/CARRATTOAUTOMOVILES17;active;N/A;N/A;Usado;Blanco;N/A;Hidráulica;Trasera;N/A;N/A;Sí;N/A;N/A;N/A;N/A;N/A;N/A;N/A;N/A;N/A;N/A;N/A;N/A;N/A;N/A;N/A;N/A;N/A;N/A;N/A;N/A;N/A;N/A;"3201 mm";"2.5 L";"75 L";6;N/A;N/A;N/A;N/A;N/A;N/A;N/A;N/A;N/A;N/A;N/A;N/A;N/A;N/A;N/A;N/A;N/A;N/A;N/A;N/A;N/A;N/A;N/A;N/A;N/A;N/A;N/A;N/A;N/A;N/A;N/A;Sí;N/A;N/A;N/A;N/A;N/A;N/A;N/A;N/A;N/A;Sí;N/A;N/A;N/A;"1925 mm";"5125 mm";N/A;N/A;N/A;N/A;12;"170 hp";N/A;N/A;4;"1920 mm";"10.9 km/l";N/A;N/A;N/A;N/A;N/A;N/A;N/A;N/A;N/A;Sí;"7.1 km/l";N/A;N/A;N/A;N/A;N/A;N/A;4;2.5;Diésel;Manual;SUV;"Autos y camionetas";N/A;N/A;N/A;N/A;N/A;N/A;UY;N/A;N/A;N/A;N/A;N/A;N/A;N/A;N/A;N/A;N/A;N/A;N/A;N/A;N/A;N/A;N/A;N/A;N/A;N/A;N/A;N/A;N/A;N/A;N/A;N/A;N/A;N/A;N/A;N/A;N/A;N/A;N/A;N/A;N/A;N/A;N/A;N/A;N/A;N/A;N/A;N/A;N/A;N/A;N/A;N/A;N/A;N/A;N/A;N/A;N/A;N/A;N/A;N/A;N/A;N/A;N/A;N/A;N/A;N/A;N/A;N/A;N/A;N/A;N/A;N/A;N/A;N/A;N/A;N/A;N/A;N/A;N/A;N/A;N/A;N/A;N/A;N/A;N/A;N/A;N/A;N/A;N/A;N/A;N/A;N/A;N/A;N/A;N/A;N/A;Sí;N/A;Sí;N/A;Sí;Sí;N/A;N/A;N/A;N/A;N/A;N/A;N/A;Sí;N/A;Sí;Sí;N/A;N/A;N/A;N/A;N/A;N/A;N/A;N/A;N/A
Hyundai;HB20;"1.0 Comfort Mt";2024;"0 km";;PERDOMO1701;16990;;;;;Cardona;https://auto.mercadolibre.com.uy/MLU-696671582-hyundai-hb20-10-comfort-mt-_JM;N/A;;"Hyundai Hb20 1.0 Comfort Mt";usd;Sí;silver;false;N/A;N/A;http://perfil.mercadolibre.com.uy/PERDOMO1701;active;N/A;N/A;Nuevo;Gris;N/A;Hidráulica;Delantera;Sí;N/A;Sí;N/A;N/A;N/A;N/A;N/A;N/A;N/A;N/A;N/A;N/A;N/A;N/A;N/A;N/A;N/A;N/A;N/A;N/A;N/A;N/A;N/A;N/A;"2500 mm";"1 L";"50 L";6;N/A;N/A;N/A;N/A;N/A;N/A;N/A;N/A;N/A;N/A;N/A;N/A;N/A;N/A;N/A;N/A;N/A;N/A;N/A;N/A;N/A;N/A;N/A;N/A;N/A;N/A;N/A;N/A;N/A;N/A;N/A;N/A;N/A;Sí;Sí;N/A;N/A;N/A;N/A;N/A;N/A;N/A;N/A;N/A;N/A;"1470 mm";"3920 mm";N/A;N/A;N/A;N/A;5;"101 hp";N/A;N/A;4;"1680 mm";N/A;N/A;N/A;N/A;Sí;N/A;N/A;Sí;Sí;N/A;N/A;"13.8 km/l";N/A;N/A;N/A;N/A;N/A;N/A;5;1.0;Nafta;Manual;Hatchback;"Autos y camionetas";N/A;N/A;N/A;N/A;N/A;N/A;UY;N/A;N/A;N/A;N/A;N/A;N/A;N/A;N/A;N/A;N/A;N/A;N/A;N/A;N/A;N/A;N/A;N/A;N/A;N/A;N/A;N/A;N/A;N/A;N/A;N/A;N/A;N/A;N/A;N/A;N/A;N/A;N/A;N/A;N/A;N/A;N/A;N/A;N/A;N/A;N/A;N/A;N/A;N/A;N/A;N/A;N/A;N/A;N/A;N/A;N/A;N/A;N/A;N/A;N/A;N/A;N/A;N/A;N/A;N/A;N/A;N/A;N/A;N/A;N/A;N/A;N/A;N/A;N/A;N/A;N/A;N/A;N/A;N/A;N/A;N/A;N/A;N/A;N/A;N/A;N/A;N/A;N/A;N/A;N/A;N/A;N/A;N/A;N/A;N/A;N/A;N/A;N/A;N/A;N/A;N/A;N/A;N/A;N/A;N/A;N/A;N/A;N/A;N/A;N/A;N/A;Sí;N/A;N/A;N/A;Sí;N/A;N/A;Sí;N/A;Sí
Hyundai;HB20;"1.6 Comfort Plus 5p";2017;"106000 km";;GRUPOALER2014;12900;;;;;"Ciudad de la Costa";https://auto.mercadolibre.com.uy/MLU-644013095-hyundai-hb20-_JM;N/A;;"Hyundai Hb20";usd;Sí;silver;false;N/A;N/A;http://perfil.mercadolibre.com.uy/GRUPOALER2014;active;N/A;N/A;Usado;Blanco;N/A;Hidráulica;Delantera;Sí;N/A;Sí;N/A;N/A;N/A;N/A;N/A;N/A;N/A;N/A;N/A;N/A;N/A;N/A;N/A;N/A;N/A;N/A;N/A;N/A;N/A;N/A;N/A;N/A;"2500 mm";"1.6 L";"50 L";6;N/A;N/A;N/A;N/A;N/A;N/A;N/A;N/A;N/A;N/A;N/A;N/A;N/A;N/A;N/A;N/A;N/A;N/A;N/A;N/A;N/A;N/A;N/A;N/A;N/A;N/A;N/A;N/A;N/A;N/A;N/A;N/A;N/A;Sí;Sí;N/A;N/A;N/A;N/A;N/A;N/A;N/A;N/A;N/A;N/A;"1470 mm";"3920 mm";N/A;N/A;N/A;N/A;5;"122 hp";"Comfort Plus";N/A;4;"1680 mm";N/A;N/A;N/A;N/A;Sí;N/A;N/A;Sí;Sí;N/A;N/A;"13.8 km/l";N/A;N/A;N/A;N/A;N/A;"LUNES A VIERNES DE 10 A 18";5;1.6;Nafta;Manual;Hatchback;"Autos y camionetas";N/A;N/A;N/A;N/A;N/A;N/A;UY;N/A;N/A;N/A;N/A;N/A;N/A;N/A;N/A;N/A;N/A;N/A;N/A;N/A;N/A;N/A;N/A;N/A;N/A;N/A;N/A;N/A;N/A;N/A;N/A;N/A;N/A;N/A;N/A;N/A;N/A;N/A;N/A;N/A;N/A;N/A;N/A;N/A;N/A;N/A;N/A;N/A;N/A;N/A;N/A;N/A;N/A;N/A;N/A;N/A;N/A;N/A;N/A;N/A;N/A;N/A;N/A;N/A;N/A;N/A;N/A;N/A;N/A;N/A;N/A;N/A;N/A;N/A;N/A;N/A;N/A;N/A;N/A;N/A;N/A;N/A;N/A;N/A;N/A;N/A;N/A;N/A;N/A;N/A;N/A;N/A;N/A;N/A;N/A;N/A;N/A;N/A;N/A;N/A;N/A;N/A;N/A;N/A;N/A;N/A;N/A;N/A;N/A;N/A;N/A;N/A;Sí;N/A;N/A;N/A;Sí;N/A;N/A;Sí;N/A;Sí
Hyundai;HB20S;"1.0 Comfort";2023;"20000 km";;"ALEJANDROAUTOMOVILES TALA";16990;;;;;Tala;https://auto.mercadolibre.com.uy/MLU-643808303-hyundai-hb20-sedan-comfort-_JM;N/A;;"Hyundai Hb20 Sedan Comfort";USD;Sí;silver;false;N/A;N/A;http://perfil.mercadolibre.com.uy/ALEJANDROAUTOMOVILES+TALA;active;N/A;N/A;Usado;Gris;N/A;Eléctrica;N/A;Sí;Sí;N/A;N/A;N/A;N/A;N/A;N/A;N/A;N/A;N/A;N/A;Sí;N/A;N/A;N/A;N/A;N/A;N/A;N/A;N/A;N/A;N/A;N/A;N/A;N/A;N/A;N/A;N/A;N/A;N/A;N/A;N/A;N/A;N/A;N/A;N/A;N/A;N/A;N/A;N/A;N/A;N/A;N/A;N/A;N/A;N/A;N/A;N/A;N/A;N/A;N/A;N/A;N/A;N/A;N/A;N/A;N/A;N/A;N/A;N/A;N/A;N/A;N/A;N/A;N/A;N/A;N/A;N/A;N/A;N/A;N/A;N/A;N/A;N/A;N/A;N/A;N/A;N/A;N/A;N/A;N/A;N/A;N/A;N/A;N/A;N/A;N/A;N/A;N/A;N/A;N/A;N/A;N/A;N/A;N/A;N/A;N/A;N/A;N/A;N/A;N/A;N/A;N/A;4;1.0;Nafta;Manual;Sedán;"Autos y camionetas";N/A;N/A;N/A;N/A;N/A;N/A;N/A;N/A;Sí;N/A;N/A;N/A;N/A;N/A;N/A;N/A;N/A;N/A;N/A;N/A;N/A;N/A;N/A;N/A;N/A;N/A;N/A;N/A;N/A;N/A;N/A;N/A;N/A;N/A;N/A;N/A;N/A;N/A;N/A;N/A;N/A;N/A;N/A;N/A;N/A;N/A;N/A;N/A;N/A;N/A;N/A;N/A;N/A;N/A;N/A;N/A;N/A;N/A;N/A;N/A;N/A;N/A;N/A;N/A;N/A;N/A;N/A;N/A;N/A;N/A;N/A;N/A;N/A;N/A;N/A;N/A;N/A;N/A;N/A;N/A;N/A;N/A;N/A;N/A;N/A;N/A;N/A;N/A;N/A;N/A;N/A;N/A;N/A;N/A;N/A;N/A;Sí;Sí;N/A;N/A;Sí;N/A;N/A;N/A;N/A;Sí;N/A;N/A;N/A;N/A;N/A;N/A;Sí;N/A;Sí;N/A;Sí;N/A;N/A;N/A;N/A;Sí
Hyundai;Tucson;Hibrido;2024;"0 km";;EDINSONOSVALDO2011;59990;;;;;"San José de Mayo";https://auto.mercadolibre.com.uy/MLU-642891643-hyundai-tucson-hibrida-_JM;N/A;;"Hyundai Tucson Hibrida";USD;Sí;silver;false;N/A;N/A;http://perfil.mercadolibre.com.uy/EDINSONOSVALDO2011;active;N/A;N/A;Nuevo;Gris;N/A;Eléctrica;Delantera;Sí;N/A;N/A;N/A;N/A;N/A;N/A;N/A;Sí;N/A;N/A;N/A;Sí;N/A;Sí;N/A;N/A;N/A;N/A;N/A;N/A;N/A;N/A;N/A;N/A;N/A;N/A;N/A;N/A;N/A;N/A;N/A;N/A;N/A;N/A;N/A;N/A;N/A;N/A;N/A;N/A;N/A;N/A;N/A;N/A;N/A;N/A;N/A;N/A;N/A;N/A;N/A;N/A;N/A;N/A;N/A;N/A;N/A;N/A;N/A;N/A;N/A;N/A;N/A;N/A;N/A;N/A;N/A;N/A;N/A;N/A;N/A;N/A;N/A;N/A;N/A;N/A;N/A;N/A;N/A;N/A;N/A;N/A;N/A;N/A;N/A;N/A;N/A;N/A;Sí;Sí;N/A;Sí;Sí;N/A;Sí;N/A;N/A;N/A;N/A;N/A;N/A;Sí;N/A;5;"1.6 TURBO 230HP Y 350 NM TORQUE";Híbrido;Automática;SUV;"Autos y camionetas";N/A;N/A;N/A;N/A;N/A;N/A;N/A;N/A;Sí;N/A;N/A;N/A;N/A;N/A;N/A;N/A;N/A;N/A;N/A;N/A;N/A;N/A;N/A;N/A;N/A;N/A;N/A;N/A;N/A;N/A;N/A;N/A;N/A;N/A;N/A;N/A;N/A;N/A;N/A;N/A;N/A;N/A;N/A;Sí;N/A;N/A;N/A;N/A;N/A;N/A;N/A;N/A;N/A;N/A;N/A;N/A;N/A;N/A;N/A;N/A;N/A;N/A;N/A;N/A;N/A;N/A;N/A;N/A;N/A;N/A;N/A;N/A;N/A;N/A;N/A;N/A;N/A;N/A;N/A;N/A;N/A;N/A;N/A;N/A;N/A;N/A;N/A;N/A;N/A;N/A;N/A;N/A;N/A;N/A;N/A;N/A;N/A;N/A;Sí;N/A;N/A;N/A;N/A;N/A;N/A;N/A;N/A;N/A;N/A;N/A;N/A;N/A;Sí;N/A;Sí;N/A;Sí;N/A;N/A;Sí;N/A;Sí
Hyundai;HB20S;"COMFORT 1.0";2025;"0 km";;"MINAS AUTOMOVILES.";18990;;;;;Minas;https://auto.mercadolibre.com.uy/MLU-689992616-hyundai-hb20s-comfort-10-10-2025-0km-minas-automoviles-_JM;N/A;;"Hyundai Hb20s Comfort 1.0 1.0 2025 0km - Minas Automóviles";usd;Sí;silver;false;N/A;N/A;http://perfil.mercadolibre.com.uy/MINAS+AUTOMOVILES.;active;N/A;N/A;Nuevo;Blanco;N/A;Eléctrica;N/A;Sí;Sí;Sí;N/A;N/A;N/A;Sí;Sí;N/A;Sí;Sí;N/A;Sí;N/A;Sí;N/A;N/A;N/A;N/A;N/A;N/A;N/A;N/A;N/A;N/A;N/A;"1000 cc";N/A;5;N/A;N/A;N/A;N/A;Sí;N/A;N/A;N/A;N/A;N/A;N/A;N/A;N/A;N/A;N/A;N/A;N/A;N/A;N/A;N/A;N/A;N/A;N/A;Sí;N/A;Sí;N/A;Sí;N/A;N/A;N/A;N/A;N/A;N/A;N/A;N/A;Sí;N/A;N/A;N/A;N/A;N/A;N/A;N/A;N/A;N/A;N/A;N/A;N/A;N/A;N/A;N/A;"80 hp";Comfort;N/A;N/A;N/A;"17 km/l";N/A;N/A;N/A;Sí;Sí;N/A;Sí;Sí;N/A;N/A;"20 km/l";N/A;N/A;N/A;N/A;N/A;"Lun. a Vie. de 9 a 12 y de 14 a 19 hs. Sáb. de 9 a 13 hs";4;1.0;Nafta;Manual;Sedán;"Autos y camionetas";No;N/A;N/A;N/A;No;N/A;UY;No;Sí;No;No;N/A;N/A;N/A;N/A;N/A;N/A;N/A;N/A;N/A;N/A;N/A;N/A;N/A;N/A;N/A;N/A;N/A;N/A;N/A;N/A;N/A;N/A;N/A;N/A;N/A;N/A;N/A;N/A;N/A;N/A;N/A;N/A;Sí;N/A;N/A;N/A;N/A;N/A;N/A;N/A;N/A;N/A;N/A;N/A;N/A;N/A;N/A;N/A;N/A;N/A;Sí;No;N/A;N/A;N/A;N/A;N/A;N/A;N/A;N/A;N/A;N/A;N/A;N/A;N/A;N/A;N/A;N/A;N/A;N/A;N/A;N/A;N/A;N/A;N/A;N/A;N/A;N/A;N/A;N/A;N/A;N/A;N/A;N/A;N/A;Sí;Sí;N/A;Sí;Sí;Sí;Sí;N/A;N/A;Sí;N/A;N/A;N/A;N/A;Sí;Sí;Sí;N/A;Sí;N/A;Sí;N/A;N/A;N/A;N/A;Sí
Hyundai;Creta;"Turbo Safe AT";2023;"0 km";;NACHOMOVILES;32990;;;;;"Paso de Carrasco";https://auto.mercadolibre.com.uy/MLU-702092704-hyundai-creta-turbo-safe-at-10-2023-0km-_JM;N/A;;"Hyundai Creta Turbo Safe At 1.0 2023 0km";usd;Sí;silver;false;N/A;N/A;http://perfil.mercadolibre.com.uy/NACHOMOVILES;active;N/A;N/A;Nuevo;Plateado;N/A;Asistida;N/A;Sí;Sí;Sí;N/A;Sí;N/A;Sí;Sí;N/A;N/A;Sí;Sí;Sí;N/A;Sí;N/A;N/A;N/A;N/A;N/A;N/A;N/A;N/A;N/A;N/A;N/A;"1000 cc";N/A;6;N/A;N/A;Sí;Sí;Sí;N/A;N/A;N/A;N/A;N/A;N/A;N/A;N/A;N/A;N/A;N/A;N/A;N/A;N/A;N/A;N/A;N/A;N/A;Sí;N/A;Sí;N/A;Sí;N/A;N/A;N/A;N/A;N/A;N/A;N/A;N/A;Sí;N/A;N/A;N/A;N/A;N/A;N/A;N/A;N/A;N/A;N/A;N/A;N/A;N/A;N/A;N/A;"120 hp";Safe;N/A;N/A;N/A;N/A;N/A;N/A;N/A;Sí;Sí;N/A;Sí;Sí;N/A;N/A;N/A;N/A;N/A;N/A;N/A;Sí;"Lun. a Vie. 9 a 13 y 14:30 a 18:30 hs.";5;1.0;Nafta;Automática;SUV;"Autos y camionetas";No;N/A;N/A;N/A;No;N/A;UY;No;Sí;No;No;N/A;N/A;N/A;N/A;N/A;N/A;N/A;N/A;N/A;N/A;N/A;N/A;N/A;N/A;N/A;N/A;N/A;N/A;N/A;N/A;N/A;N/A;N/A;N/A;N/A;N/A;N/A;N/A;N/A;N/A;N/A;N/A;Sí;N/A;N/A;N/A;N/A;N/A;N/A;N/A;N/A;N/A;N/A;N/A;N/A;N/A;N/A;N/A;N/A;N/A;Sí;No;N/A;N/A;N/A;N/A;N/A;N/A;N/A;N/A;N/A;N/A;N/A;N/A;N/A;N/A;N/A;N/A;N/A;N/A;N/A;N/A;N/A;N/A;N/A;N/A;N/A;N/A;N/A;N/A;N/A;N/A;N/A;N/A;N/A;Sí;Sí;Sí;Sí;Sí;N/A;Sí;N/A;Sí;Sí;N/A;N/A;N/A;N/A;Sí;Sí;N/A;N/A;Sí;N/A;Sí;N/A;N/A;N/A;N/A;Sí
Hyundai;Creta;Limited;2024;"0 km";;NACHOMOVILES;36990;;;;;"Paso de Carrasco";https://auto.mercadolibre.com.uy/MLU-701988948-hyundai-creta-limited-10-turbo-2024-0km-_JM;N/A;;"Hyundai Creta Limited 1.0 Turbo 2024 0km";usd;Sí;silver;false;N/A;N/A;http://perfil.mercadolibre.com.uy/NACHOMOVILES;active;N/A;N/A;Nuevo;Blanco;N/A;Asistida;N/A;Sí;Sí;Sí;N/A;N/A;N/A;Sí;Sí;Sí;Sí;Sí;Sí;Sí;N/A;Sí;N/A;N/A;N/A;N/A;N/A;N/A;N/A;N/A;N/A;N/A;N/A;"1000 cc";N/A;6;N/A;N/A;Sí;Sí;Sí;Sí;N/A;N/A;N/A;N/A;N/A;N/A;N/A;N/A;N/A;N/A;N/A;N/A;N/A;N/A;N/A;Sí;N/A;Sí;N/A;Sí;N/A;Sí;N/A;N/A;N/A;N/A;N/A;N/A;N/A;N/A;Sí;N/A;N/A;N/A;N/A;N/A;Sí;N/A;N/A;N/A;N/A;N/A;N/A;N/A;N/A;N/A;"120 hp";Limited;N/A;N/A;N/A;N/A;N/A;N/A;Sí;Sí;Sí;N/A;Sí;Sí;Sí;N/A;N/A;N/A;N/A;N/A;N/A;Sí;"Lun. a Vie. 9 a 13 y 14:30 a 18:30 hs.";5;1.0;Nafta;Automática;SUV;"Autos y camionetas";No;N/A;N/A;N/A;No;N/A;UY;No;Sí;No;No;N/A;N/A;N/A;N/A;N/A;N/A;N/A;N/A;N/A;N/A;N/A;N/A;N/A;N/A;N/A;N/A;N/A;N/A;N/A;N/A;N/A;N/A;N/A;N/A;N/A;N/A;N/A;N/A;N/A;N/A;N/A;N/A;Sí;N/A;N/A;N/A;N/A;N/A;N/A;N/A;N/A;N/A;N/A;N/A;N/A;N/A;N/A;N/A;N/A;N/A;Sí;No;N/A;N/A;N/A;N/A;N/A;N/A;N/A;N/A;N/A;N/A;N/A;N/A;N/A;N/A;N/A;N/A;N/A;N/A;N/A;N/A;N/A;N/A;N/A;N/A;N/A;N/A;N/A;N/A;N/A;N/A;N/A;N/A;N/A;Sí;Sí;Sí;Sí;Sí;Sí;Sí;N/A;Sí;Sí;N/A;N/A;N/A;N/A;Sí;Sí;Sí;N/A;Sí;N/A;Sí;N/A;N/A;N/A;N/A;Sí
Hyundai;H1;"2.5 Grand Starex Minibus 9As Aut Diesel";2018;"190000 km";;BEMA20240312172320;24900;;;;;"San José de Mayo";https://auto.mercadolibre.com.uy/MLU-704819346-hyundai-h1-25-grand-starex-minibus-9as-aut-diesel-_JM;N/A;;"Hyundai H1 2.5 Grand Starex Minibus 9as Aut Diesel";usd;Sí;silver;false;N/A;N/A;http://perfil.mercadolibre.com.uy/BEMA20240312172320;active;N/A;N/A;Usado;Blanco;N/A;N/A;Trasera;N/A;N/A;N/A;N/A;N/A;N/A;N/A;N/A;N/A;N/A;N/A;N/A;N/A;N/A;N/A;N/A;N/A;N/A;N/A;N/A;N/A;N/A;N/A;N/A;N/A;"3201 mm";"2.5 L";"75 L";5;N/A;N/A;N/A;N/A;N/A;N/A;N/A;N/A;N/A;N/A;N/A;N/A;N/A;N/A;N/A;N/A;N/A;N/A;N/A;N/A;N/A;N/A;N/A;N/A;N/A;N/A;N/A;N/A;N/A;N/A;N/A;N/A;N/A;N/A;N/A;N/A;N/A;N/A;N/A;N/A;N/A;N/A;N/A;N/A;N/A;"1925 mm";"5125 mm";N/A;N/A;N/A;N/A;9;"100 hp";"Grand Starex";N/A;4;"1920 mm";N/A;N/A;N/A;N/A;N/A;N/A;N/A;N/A;N/A;N/A;N/A;N/A;N/A;N/A;N/A;N/A;N/A;N/A;4;2.5;Diésel;Manual;N/A;"Autos y camionetas";N/A;N/A;N/A;N/A;N/A;N/A;UY;N/A;N/A;N/A;N/A;N/A;N/A;N/A;N/A;N/A;N/A;N/A;N/A;N/A;N/A;N/A;N/A;N/A;N/A;N/A;N/A;N/A;N/A;N/A;N/A;N/A;N/A;N/A;N/A;N/A;N/A;N/A;N/A;N/A;N/A;N/A;N/A;N/A;N/A;N/A;N/A;N/A;N/A;N/A;N/A;N/A;N/A;N/A;N/A;N/A;N/A;N/A;N/A;N/A;N/A;N/A;N/A;N/A;N/A;N/A;N/A;N/A;N/A;N/A;N/A;N/A;N/A;N/A;N/A;N/A;N/A;N/A;N/A;N/A;N/A;N/A;N/A;N/A;N/A;N/A;N/A;N/A;N/A;N/A;N/A;N/A;N/A;N/A;N/A;N/A;N/A;N/A;N/A;N/A;N/A;N/A;N/A;N/A;N/A;N/A;N/A;N/A;N/A;N/A;N/A;N/A;N/A;N/A;N/A;N/A;N/A;N/A;N/A;N/A;N/A;N/A
Hyundai;Tucson;"2.0 Gls 6at 4wd";2013;"189439 km";;AUTOMOVILESMC;12990;;;;;Buceo;https://auto.mercadolibre.com.uy/MLU-704787510-hyundai-tucson-20-gls-6at-4wd-_JM;N/A;;"Hyundai Tucson 2.0 Gls 6at 4wd";usd;Sí;silver;false;N/A;N/A;http://perfil.mercadolibre.com.uy/AUTOMOVILESMC;active;N/A;N/A;Usado;Celeste;N/A;Hidráulica;4x4;Sí;N/A;Sí;N/A;N/A;N/A;N/A;N/A;N/A;N/A;N/A;N/A;N/A;N/A;N/A;N/A;N/A;N/A;N/A;N/A;N/A;N/A;N/A;N/A;N/A;"2630 mm";"2 L";"58 L";6;N/A;N/A;N/A;N/A;N/A;N/A;N/A;N/A;N/A;N/A;N/A;N/A;N/A;N/A;N/A;N/A;N/A;N/A;N/A;N/A;N/A;N/A;N/A;N/A;N/A;N/A;N/A;N/A;N/A;N/A;N/A;Sí;N/A;N/A;N/A;N/A;N/A;N/A;N/A;N/A;N/A;Sí;N/A;N/A;N/A;"1655 mm";"4410 mm";N/A;N/A;N/A;N/A;5;"166 hp";Gls;N/A;4;"1830 mm";"10.6 km/l";N/A;N/A;N/A;N/A;N/A;N/A;N/A;N/A;N/A;Sí;"6.8 km/l";N/A;N/A;N/A;N/A;N/A;N/A;5;2.0;Nafta;Automática;SUV;"Autos y camionetas";N/A;N/A;N/A;N/A;N/A;N/A;UY;N/A;N/A;N/A;N/A;N/A;N/A;N/A;N/A;N/A;N/A;N/A;N/A;N/A;N/A;N/A;N/A;N/A;N/A;N/A;N/A;N/A;N/A;N/A;N/A;N/A;N/A;N/A;N/A;N/A;N/A;N/A;N/A;N/A;N/A;N/A;N/A;N/A;N/A;N/A;N/A;N/A;N/A;N/A;N/A;N/A;N/A;N/A;N/A;N/A;N/A;N/A;N/A;N/A;N/A;N/A;N/A;N/A;N/A;N/A;N/A;N/A;N/A;N/A;N/A;N/A;N/A;N/A;N/A;N/A;N/A;N/A;N/A;N/A;N/A;N/A;N/A;N/A;N/A;N/A;N/A;N/A;N/A;N/A;N/A;N/A;N/A;N/A;N/A;N/A;Sí;N/A;Sí;N/A;N/A;N/A;N/A;N/A;N/A;N/A;N/A;N/A;N/A;Sí;N/A;Sí;N/A;N/A;N/A;N/A;N/A;N/A;N/A;N/A;N/A;N/A
Hyundai;"Grand i10";"1.2 Gls Seg 87cv Mt";2015;"100000 km";;MUSSINIAUTOMOVILES;11800;;;;;"San José de Mayo";https://auto.mercadolibre.com.uy/MLU-704758678-hyundai-grand-i10-12-gls-seg-87cv-mt-_JM;N/A;;"Hyundai Grand I10 1.2 Gls Seg 87cv Mt";usd;Sí;silver;false;N/A;N/A;http://perfil.mercadolibre.com.uy/MUSSINIAUTOMOVILES;active;N/A;N/A;Usado;Rojo;Sí;Hidráulica;Delantera;Sí;N/A;Sí;N/A;N/A;N/A;N/A;N/A;N/A;N/A;N/A;N/A;N/A;N/A;N/A;N/A;N/A;N/A;N/A;N/A;N/A;N/A;N/A;N/A;N/A;"2425 mm";"1.2 L";"43 L";5;N/A;N/A;N/A;N/A;Sí;N/A;N/A;N/A;N/A;N/A;N/A;N/A;N/A;N/A;N/A;N/A;N/A;N/A;N/A;N/A;N/A;N/A;N/A;N/A;N/A;N/A;N/A;N/A;N/A;N/A;N/A;Sí;N/A;Sí;N/A;N/A;N/A;N/A;N/A;N/A;N/A;Sí;N/A;N/A;N/A;"1505 mm";"3765 mm";N/A;N/A;N/A;N/A;5;"87 hp";Gls;N/A;4;"1660 mm";N/A;N/A;N/A;N/A;N/A;N/A;N/A;N/A;N/A;N/A;N/A;N/A;N/A;N/A;N/A;N/A;N/A;N/A;5;1.2;Nafta;Manual;Hatchback;"Autos y camionetas";N/A;N/A;N/A;N/A;N/A;N/A;UY;N/A;N/A;N/A;N/A;N/A;N/A;N/A;N/A;N/A;N/A;N/A;N/A;N/A;N/A;N/A;N/A;N/A;N/A;N/A;N/A;N/A;N/A;N/A;N/A;N/A;N/A;N/A;N/A;N/A;N/A;N/A;N/A;N/A;N/A;N/A;N/A;N/A;N/A;N/A;N/A;N/A;N/A;N/A;N/A;N/A;N/A;N/A;N/A;N/A;N/A;N/A;N/A;N/A;N/A;N/A;N/A;N/A;N/A;N/A;N/A;N/A;N/A;N/A;N/A;N/A;N/A;N/A;N/A;N/A;N/A;N/A;N/A;N/A;N/A;N/A;N/A;N/A;N/A;N/A;N/A;N/A;N/A;N/A;N/A;N/A;N/A;N/A;N/A;N/A;Sí;N/A;Sí;N/A;N/A;N/A;N/A;N/A;N/A;N/A;N/A;N/A;N/A;Sí;N/A;N/A;N/A;N/A;N/A;N/A;N/A;N/A;N/A;N/A;N/A;N/A
Hyundai;i10;"1100 full tomo permuta/financio saldo sola firma";2010;"148500 km";;JOTACEBONFER;6990;;;;;"Lomas de Solymar";https://auto.mercadolibre.com.uy/MLU-704572606-muy-sano-y-super-economico-listo-para-transferiral-dia-_JM;N/A;;"Muy Sano Y Súper Económico!! Listo Para Transferir/al Día!";USD;Sí;silver;false;N/A;N/A;http://perfil.mercadolibre.com.uy/JOTACEBONFER;active;N/A;N/A;Usado;Gris;No;Hidráulica;Delantera;Sí;Sí;N/A;N/A;N/A;No;N/A;N/A;Sí;N/A;N/A;No;Sí;N/A;Sí;N/A;N/A;N/A;N/A;N/A;N/A;N/A;N/A;N/A;N/A;N/A;N/A;N/A;N/A;N/A;N/A;N/A;N/A;N/A;Sí;N/A;N/A;N/A;N/A;N/A;N/A;N/A;N/A;N/A;N/A;N/A;N/A;N/A;N/A;N/A;N/A;N/A;N/A;N/A;N/A;N/A;N/A;N/A;No;N/A;N/A;N/A;N/A;N/A;N/A;N/A;N/A;N/A;N/A;N/A;N/A;N/A;N/A;N/A;N/A;N/A;N/A;N/A;N/A;N/A;N/A;N/A;N/A;N/A;N/A;N/A;N/A;No;N/A;No;Sí;N/A;No;No;N/A;No;N/A;N/A;No;No;N/A;N/A;Sí;N/A;5;1.1;Nafta;Manual;Hatchback;"Autos y camionetas";No;N/A;N/A;N/A;No;N/A;N/A;N/A;Sí;N/A;Sí;N/A;N/A;N/A;N/A;N/A;N/A;N/A;N/A;N/A;N/A;N/A;N/A;N/A;No;N/A;N/A;N/A;N/A;N/A;N/A;N/A;N/A;N/A;N/A;N/A;N/A;N/A;N/A;N/A;N/A;N/A;N/A;No;N/A;N/A;N/A;N/A;N/A;N/A;N/A;N/A;N/A;N/A;N/A;N/A;N/A;N/A;N/A;N/A;N/A;No;No;N/A;N/A;N/A;N/A;N/A;N/A;N/A;N/A;N/A;N/A;N/A;N/A;N/A;N/A;N/A;N/A;N/A;N/A;N/A;N/A;N/A;N/A;N/A;N/A;N/A;N/A;N/A;N/A;N/A;N/A;N/A;N/A;Sí;No;No;No;N/A;No;N/A;N/A;N/A;N/A;No;No;Sí;Sí;N/A;N/A;No;No;Sí;Sí;Sí;Sí;Sí;No;No;N/A;Sí
Hyundai;"Grand i10";Gls;2015;"137000 km";;"GALBO MOTORS";10900;;;;;Aguada;https://auto.mercadolibre.com.uy/MLU-704369130-hyundai-grand-i10-gls-10-100-financiado-_JM;N/A;;"Hyundai Grand I10 Gls 1.0, 100% Financiado.";USD;Sí;silver;false;N/A;N/A;http://perfil.mercadolibre.com.uy/GALBO+MOTORS;active;N/A;N/A;Usado;Naranja;N/A;Hidráulica;N/A;Sí;N/A;Sí;N/A;N/A;N/A;N/A;N/A;N/A;N/A;N/A;N/A;Sí;N/A;N/A;N/A;N/A;N/A;N/A;N/A;N/A;N/A;N/A;N/A;N/A;N/A;"1000 cc";N/A;5;N/A;N/A;N/A;N/A;N/A;N/A;N/A;N/A;N/A;N/A;N/A;N/A;N/A;N/A;N/A;N/A;N/A;N/A;N/A;N/A;N/A;N/A;N/A;N/A;N/A;N/A;N/A;N/A;N/A;N/A;N/A;N/A;N/A;N/A;N/A;N/A;N/A;N/A;N/A;N/A;N/A;N/A;N/A;N/A;N/A;N/A;N/A;N/A;N/A;N/A;N/A;N/A;N/A;Gls;N/A;N/A;N/A;"16 km/l";N/A;N/A;N/A;Sí;N/A;N/A;N/A;N/A;N/A;Sí;"18 km/l";N/A;N/A;N/A;N/A;N/A;"Lun. a Vie. de 9:30 a 18:30 hs. Sáb. de 10 a 14 hs";5;1.0;Nafta;Manual;Hatchback;"Autos y camionetas";No;N/A;N/A;N/A;No;N/A;N/A;No;Sí;No;No;N/A;N/A;N/A;N/A;N/A;N/A;N/A;N/A;N/A;N/A;N/A;N/A;N/A;N/A;N/A;N/A;N/A;N/A;N/A;N/A;N/A;N/A;N/A;N/A;N/A;N/A;N/A;N/A;N/A;N/A;N/A;N/A;N/A;N/A;N/A;N/A;N/A;N/A;N/A;N/A;N/A;N/A;N/A;N/A;N/A;N/A;N/A;N/A;N/A;N/A;N/A;No;N/A;N/A;N/A;N/A;N/A;N/A;N/A;N/A;N/A;N/A;N/A;N/A;N/A;N/A;N/A;N/A;N/A;N/A;N/A;N/A;N/A;N/A;N/A;N/A;N/A;N/A;N/A;N/A;N/A;N/A;N/A;N/A;N/A;Sí;Sí;N/A;N/A;Sí;N/A;N/A;N/A;N/A;Sí;N/A;N/A;N/A;N/A;N/A;N/A;N/A;N/A;Sí;N/A;Sí;Sí;N/A;N/A;N/A;N/A
Hyundai;i10;"GLS Full";2014;"112200 km";;"GALBO MOTORS";9500;;;;;Aguada;https://auto.mercadolibre.com.uy/MLU-704201080-hyundai-i10-gls-full-11-retira-con-usd-galbo-_JM;N/A;;"Hyundai I10 Gls Full 1.1 Retira Con Usd - Galbo";usd;Sí;silver;false;N/A;N/A;http://perfil.mercadolibre.com.uy/GALBO+MOTORS;active;N/A;N/A;Usado;Plateado;N/A;Hidráulica;N/A;Sí;N/A;Sí;N/A;N/A;N/A;N/A;N/A;N/A;N/A;N/A;N/A;Sí;N/A;N/A;N/A;N/A;N/A;N/A;N/A;N/A;N/A;N/A;N/A;N/A;N/A;"1100 cc";N/A;5;N/A;N/A;N/A;N/A;N/A;N/A;N/A;N/A;N/A;N/A;N/A;N/A;N/A;N/A;N/A;N/A;N/A;N/A;N/A;N/A;N/A;N/A;N/A;N/A;N/A;N/A;N/A;N/A;N/A;N/A;N/A;N/A;N/A;N/A;N/A;N/A;N/A;N/A;N/A;N/A;N/A;N/A;N/A;N/A;N/A;N/A;N/A;N/A;N/A;N/A;N/A;N/A;N/A;Gls;N/A;N/A;N/A;"16 km/l";N/A;N/A;N/A;Sí;N/A;N/A;N/A;N/A;N/A;Sí;"18 km/l";N/A;N/A;N/A;N/A;N/A;"Lun. a Vie. de 9:30 a 18:30 hs. Sáb. de 10 a 14 hs";5;1.1;Nafta;Manual;Hatchback;"Autos y camionetas";No;N/A;N/A;N/A;No;N/A;UY;No;Sí;No;No;N/A;N/A;N/A;N/A;N/A;N/A;N/A;N/A;N/A;N/A;N/A;N/A;N/A;N/A;N/A;N/A;N/A;N/A;N/A;N/A;N/A;N/A;N/A;N/A;N/A;N/A;N/A;N/A;N/A;N/A;N/A;N/A;N/A;N/A;N/A;N/A;N/A;N/A;N/A;N/A;N/A;N/A;N/A;N/A;N/A;N/A;N/A;N/A;N/A;N/A;N/A;No;N/A;N/A;N/A;N/A;N/A;N/A;N/A;N/A;N/A;N/A;N/A;N/A;N/A;N/A;N/A;N/A;N/A;N/A;N/A;N/A;N/A;N/A;N/A;N/A;N/A;N/A;N/A;N/A;N/A;N/A;N/A;N/A;N/A;Sí;Sí;N/A;N/A;Sí;N/A;N/A;N/A;N/A;Sí;N/A;N/A;N/A;N/A;N/A;N/A;N/A;N/A;Sí;N/A;Sí;Sí;N/A;N/A;N/A;N/A
Hyundai;Tucson;"2.0 At";2014;"165000 km";;"OLIVERA AUTOMOTORES";13500;;;;;Salto;https://auto.mercadolibre.com.uy/MLU-704172880-hyundai-tucson-_JM;N/A;;"Hyundai Tucson";usd;Sí;silver;false;N/A;N/A;http://perfil.mercadolibre.com.uy/OLIVERA+AUTOMOTORES;active;N/A;N/A;Usado;Blanco;N/A;Hidráulica;4x2;Sí;N/A;Sí;N/A;N/A;N/A;N/A;N/A;N/A;N/A;N/A;N/A;Sí;N/A;N/A;N/A;N/A;N/A;N/A;N/A;N/A;N/A;N/A;N/A;N/A;"2630 mm";"2 L";"58 L";6;N/A;N/A;N/A;N/A;N/A;N/A;N/A;N/A;N/A;N/A;N/A;N/A;N/A;N/A;N/A;N/A;N/A;N/A;N/A;N/A;N/A;N/A;N/A;N/A;N/A;N/A;N/A;N/A;N/A;N/A;N/A;Sí;N/A;N/A;N/A;N/A;N/A;N/A;N/A;N/A;N/A;Sí;N/A;N/A;N/A;"1655 mm";"4410 mm";N/A;N/A;N/A;N/A;5;"166 hp";Gl;N/A;4;"1830 mm";"10.4 km/l";N/A;N/A;N/A;N/A;N/A;Sí;Sí;N/A;N/A;Sí;"6.4 km/l";N/A;N/A;N/A;N/A;N/A;N/A;5;2.0;Nafta;Automática;SUV;"Autos y camionetas";N/A;N/A;N/A;N/A;N/A;N/A;UY;N/A;Sí;N/A;N/A;N/A;N/A;N/A;N/A;N/A;N/A;N/A;N/A;N/A;N/A;N/A;N/A;N/A;N/A;N/A;N/A;N/A;N/A;N/A;N/A;N/A;N/A;N/A;N/A;N/A;N/A;N/A;N/A;N/A;N/A;N/A;N/A;N/A;N/A;N/A;N/A;N/A;N/A;N/A;N/A;N/A;N/A;N/A;N/A;N/A;N/A;N/A;N/A;N/A;N/A;N/A;N/A;N/A;N/A;N/A;N/A;N/A;N/A;N/A;N/A;N/A;N/A;N/A;N/A;N/A;N/A;N/A;N/A;N/A;N/A;N/A;N/A;N/A;N/A;N/A;N/A;N/A;N/A;N/A;N/A;N/A;N/A;N/A;N/A;N/A;Sí;N/A;Sí;N/A;Sí;N/A;N/A;N/A;N/A;Sí;N/A;Sí;Sí;Sí;N/A;Sí;Sí;N/A;Sí;Sí;N/A;Sí;N/A;Sí;N/A;N/A
Hyundai;Sonata;"2.0 Gls Hibrido 4paut.";2022;"85000 km";;MAVE723154;42000;;;;;"Parque del Plata";https://auto.mercadolibre.com.uy/MLU-647337885-hyundai-sonata-20-gls-hibrido-4paut-_JM;N/A;;"Hyundai Sonata 2.0 Gls Hibrido 4paut.";usd;Sí;silver;false;N/A;N/A;http://perfil.mercadolibre.com.uy/MAVE723154;active;N/A;N/A;Usado;Gris;Sí;Hidráulica;Delantera;Sí;N/A;Sí;N/A;N/A;N/A;N/A;N/A;Sí;N/A;N/A;N/A;Sí;N/A;Sí;N/A;N/A;N/A;N/A;N/A;N/A;N/A;N/A;N/A;N/A;"2730 mm";"2 L";"70 L";5;N/A;N/A;N/A;N/A;Sí;Sí;N/A;N/A;N/A;Sí;N/A;N/A;N/A;N/A;N/A;N/A;N/A;N/A;N/A;N/A;N/A;N/A;N/A;N/A;N/A;N/A;N/A;N/A;N/A;N/A;N/A;Sí;N/A;Sí;Sí;N/A;N/A;Sí;Sí;N/A;N/A;N/A;N/A;N/A;N/A;"1475 mm";"4800 mm";N/A;N/A;N/A;N/A;5;N/A;Gls;N/A;4;"1835 mm";"12.4 km/l";Sí;N/A;Sí;Sí;N/A;N/A;Sí;N/A;N/A;N/A;"10.7 km/l";N/A;N/A;N/A;N/A;N/A;N/A;4;2.0;Híbrido;Automática;Sedán;"Autos y camionetas";N/A;N/A;N/A;N/A;N/A;N/A;UY;N/A;Sí;N/A;N/A;N/A;N/A;N/A;N/A;N/A;N/A;N/A;N/A;N/A;N/A;N/A;N/A;N/A;N/A;N/A;N/A;N/A;N/A;N/A;N/A;N/A;N/A;N/A;N/A;N/A;N/A;N/A;N/A;N/A;N/A;N/A;N/A;Sí;N/A;N/A;N/A;N/A;N/A;N/A;N/A;N/A;N/A;N/A;N/A;N/A;N/A;N/A;N/A;N/A;N/A;Sí;N/A;N/A;N/A;N/A;N/A;N/A;N/A;N/A;N/A;N/A;N/A;N/A;N/A;N/A;N/A;N/A;N/A;N/A;N/A;N/A;N/A;N/A;N/A;N/A;N/A;N/A;N/A;N/A;N/A;N/A;N/A;N/A;N/A;N/A;Sí;Sí;Sí;N/A;N/A;N/A;N/A;Sí;N/A;Sí;N/A;N/A;N/A;N/A;N/A;N/A;Sí;N/A;Sí;N/A;Sí;Sí;N/A;N/A;N/A;Sí
Hyundai;HB20S;"1.0 comfort full";2022;"28580 km";;VENDOAUTOSMARCELO;15900;;;;;"Paso de Carrasco";https://auto.mercadolibre.com.uy/MLU-703708048-hyundai-hb20s-10-comfort-full-10-2022-impecable-_JM;N/A;;"Hyundai Hb20s 1.0 Comfort Full 1.0 2022 Impecable!";USD;Sí;silver;false;N/A;N/A;http://perfil.mercadolibre.com.uy/VENDOAUTOSMARCELO;active;N/A;N/A;Usado;Plateado;Sí;Hidráulica;N/A;Sí;N/A;N/A;N/A;N/A;N/A;Sí;N/A;N/A;N/A;N/A;N/A;N/A;N/A;N/A;N/A;N/A;N/A;N/A;N/A;N/A;N/A;N/A;N/A;N/A;N/A;"1000 cc";N/A;5;N/A;N/A;N/A;N/A;Sí;N/A;N/A;N/A;N/A;N/A;N/A;N/A;N/A;N/A;N/A;N/A;N/A;N/A;N/A;N/A;N/A;N/A;N/A;N/A;N/A;N/A;N/A;N/A;N/A;N/A;N/A;N/A;N/A;N/A;N/A;N/A;N/A;N/A;N/A;N/A;N/A;N/A;N/A;N/A;N/A;N/A;N/A;N/A;N/A;N/A;N/A;N/A;N/A;Comfort;N/A;N/A;N/A;"12 km/l";N/A;N/A;N/A;N/A;N/A;Sí;N/A;Sí;N/A;N/A;"16 km/l";N/A;N/A;N/A;N/A;N/A;"Lun. a Vie. de 8:30 a 18 hs. Sáb. de 9 a 13 hs.";4;1.0;Nafta;Manual;Sedán;"Autos y camionetas";No;N/A;N/A;N/A;No;N/A;N/A;No;Sí;No;No;N/A;N/A;N/A;N/A;N/A;N/A;N/A;N/A;N/A;N/A;N/A;N/A;N/A;N/A;N/A;N/A;N/A;N/A;N/A;N/A;N/A;N/A;N/A;N/A;N/A;N/A;N/A;N/A;N/A;N/A;N/A;N/A;N/A;N/A;N/A;N/A;N/A;N/A;N/A;N/A;N/A;N/A;N/A;N/A;N/A;N/A;N/A;N/A;N/A;N/A;Sí;No;N/A;N/A;N/A;N/A;N/A;N/A;N/A;N/A;N/A;N/A;N/A;N/A;N/A;N/A;N/A;N/A;N/A;N/A;N/A;N/A;N/A;N/A;N/A;N/A;N/A;N/A;N/A;N/A;N/A;N/A;N/A;N/A;N/A;Sí;Sí;N/A;N/A;Sí;N/A;Sí;N/A;N/A;Sí;N/A;N/A;N/A;N/A;N/A;N/A;N/A;N/A;Sí;Sí;Sí;N/A;N/A;N/A;N/A;Sí
Hyundai;i10;"std 1.0";2008;"175800 km";;VENDOAUTOSMARCELO;6900;;;;;"Paso de Carrasco";https://auto.mercadolibre.com.uy/MLU-699792010-hyundai-i10-std-10-10-2008-muy-buen-estado-_JM;N/A;;"Hyundai I10 Std 1.0 1.0 2008 Muy Buen Estado!";USD;Sí;silver;false;N/A;N/A;http://perfil.mercadolibre.com.uy/VENDOAUTOSMARCELO;active;N/A;N/A;Usado;Rojo;N/A;Asistida;N/A;N/A;N/A;N/A;N/A;N/A;N/A;N/A;N/A;N/A;N/A;N/A;N/A;N/A;N/A;N/A;N/A;N/A;N/A;N/A;N/A;N/A;N/A;N/A;N/A;N/A;N/A;"1000 cc";N/A;5;N/A;N/A;N/A;N/A;N/A;N/A;N/A;N/A;N/A;N/A;N/A;N/A;N/A;N/A;N/A;N/A;N/A;N/A;N/A;N/A;N/A;N/A;N/A;N/A;N/A;N/A;N/A;N/A;N/A;N/A;N/A;N/A;N/A;N/A;N/A;N/A;N/A;N/A;N/A;N/A;N/A;N/A;N/A;N/A;N/A;N/A;N/A;N/A;N/A;N/A;N/A;N/A;"65 hp";N/A;N/A;N/A;N/A;"12 km/l";N/A;N/A;N/A;N/A;N/A;N/A;N/A;N/A;N/A;N/A;"15 km/l";N/A;N/A;N/A;N/A;N/A;"Lun. a Vie. de 8:30 a 18 hs. Sáb. de 9 a 13 hs.";4;1.0;Nafta;Manual;Sedán;"Autos y camionetas";No;N/A;N/A;N/A;No;N/A;N/A;No;Sí;No;No;N/A;N/A;N/A;N/A;N/A;N/A;N/A;N/A;N/A;N/A;N/A;N/A;N/A;N/A;N/A;N/A;N/A;N/A;N/A;N/A;N/A;N/A;N/A;N/A;N/A;N/A;N/A;N/A;N/A;N/A;N/A;N/A;N/A;N/A;N/A;N/A;N/A;N/A;N/A;N/A;N/A;N/A;N/A;N/A;N/A;N/A;N/A;N/A;N/A;N/A;Sí;No;N/A;N/A;N/A;N/A;N/A;N/A;N/A;N/A;N/A;N/A;N/A;N/A;N/A;N/A;N/A;N/A;N/A;N/A;N/A;N/A;N/A;N/A;N/A;N/A;N/A;N/A;N/A;N/A;N/A;N/A;N/A;N/A;N/A;N/A;Sí;N/A;N/A;N/A;N/A;N/A;N/A;N/A;N/A;N/A;N/A;N/A;N/A;N/A;N/A;N/A;N/A;Sí;N/A;N/A;N/A;N/A;N/A;N/A;N/A
Hyundai;Elantra;"1.8 Gls 6mt Seguridad Premium";2013;"230000 km";;ANDRESGONZALEZ006;12800;;;;;Cardona;https://auto.mercadolibre.com.uy/MLU-695222166-hyundai-elantra-18-gls-6mt-seguridad-premium-_JM;N/A;;"Hyundai Elantra 1.8 Gls 6mt Seguridad Premium";usd;Sí;silver;false;N/A;N/A;http://perfil.mercadolibre.com.uy/ANDRESGONZALEZ006;active;N/A;N/A;Usado;Plateado;Sí;Hidráulica;Delantera;Sí;N/A;Sí;N/A;N/A;Sí;N/A;N/A;N/A;N/A;N/A;N/A;N/A;N/A;N/A;N/A;N/A;N/A;N/A;N/A;N/A;N/A;N/A;N/A;N/A;"2857 mm";"1.8 L";"49 L";6;N/A;N/A;N/A;N/A;N/A;N/A;N/A;N/A;N/A;N/A;N/A;N/A;N/A;N/A;N/A;N/A;N/A;N/A;N/A;N/A;N/A;N/A;N/A;N/A;N/A;N/A;N/A;N/A;N/A;N/A;N/A;Sí;N/A;N/A;N/A;N/A;N/A;N/A;N/A;N/A;N/A;Sí;N/A;N/A;N/A;"1445 mm";"4530 mm";N/A;N/A;N/A;N/A;5;"150 hp";Gls;N/A;4;"1898 mm";N/A;N/A;N/A;N/A;N/A;N/A;Sí;N/A;N/A;N/A;N/A;N/A;N/A;N/A;N/A;N/A;N/A;"L a V de 8 a 12 de 14 a 18.30";4;1.8;Nafta;Manual;Sedán;"Autos y camionetas";N/A;N/A;N/A;N/A;N/A;N/A;UY;N/A;N/A;N/A;N/A;N/A;N/A;N/A;N/A;N/A;N/A;N/A;N/A;N/A;N/A;N/A;N/A;N/A;N/A;N/A;N/A;N/A;N/A;N/A;N/A;N/A;N/A;N/A;N/A;N/A;N/A;N/A;N/A;N/A;N/A;N/A;N/A;N/A;N/A;N/A;N/A;N/A;N/A;N/A;N/A;N/A;N/A;N/A;N/A;N/A;N/A;N/A;N/A;N/A;N/A;N/A;N/A;N/A;N/A;N/A;N/A;N/A;N/A;N/A;N/A;N/A;N/A;N/A;N/A;N/A;N/A;N/A;N/A;N/A;N/A;N/A;N/A;N/A;N/A;N/A;N/A;N/A;N/A;N/A;N/A;N/A;N/A;N/A;N/A;N/A;Sí;Sí;Sí;N/A;Sí;N/A;N/A;N/A;N/A;Sí;Sí;Sí;Sí;Sí;N/A;Sí;N/A;N/A;N/A;N/A;N/A;N/A;N/A;N/A;N/A;N/A
Hyundai;"Santa Fe";"3.3 v6 7plaza aut";2012;"205802 km";;"NICOLASTEJERA AUTOMOVILES";22000;;;;;Tala;https://auto.mercadolibre.com.uy/MLU-644555635-hyundai-santa-fe-33-v6-7plaza-aut-4wd-_JM;N/A;;"Hyundai Santa Fe 3.3 V6 7plaza Aut 4wd";USD;Sí;silver;false;N/A;N/A;http://perfil.mercadolibre.com.uy/NICOLASTEJERA+AUTOMOVILES;active;N/A;N/A;Usado;Blanco;N/A;Eléctrica;Integral;Sí;Sí;N/A;N/A;N/A;Sí;N/A;N/A;Sí;N/A;N/A;Sí;Sí;N/A;Sí;N/A;N/A;N/A;N/A;N/A;N/A;N/A;N/A;N/A;N/A;N/A;N/A;N/A;N/A;N/A;N/A;N/A;N/A;N/A;Sí;N/A;N/A;N/A;N/A;N/A;N/A;N/A;N/A;N/A;N/A;N/A;N/A;N/A;N/A;N/A;N/A;N/A;N/A;N/A;N/A;N/A;N/A;N/A;Sí;N/A;N/A;N/A;N/A;N/A;N/A;N/A;N/A;N/A;N/A;N/A;N/A;N/A;N/A;N/A;N/A;N/A;N/A;N/A;N/A;N/A;N/A;N/A;N/A;N/A;N/A;N/A;N/A;No;N/A;Sí;Sí;N/A;Sí;N/A;N/A;Sí;N/A;N/A;Sí;Sí;N/A;N/A;Sí;N/A;5;3.300;Nafta;Automática;SUV;"Autos y camionetas";N/A;N/A;N/A;N/A;N/A;N/A;N/A;N/A;Sí;N/A;N/A;N/A;N/A;N/A;N/A;N/A;N/A;N/A;N/A;N/A;N/A;N/A;N/A;N/A;Sí;N/A;N/A;N/A;N/A;N/A;N/A;N/A;N/A;N/A;N/A;N/A;N/A;N/A;N/A;N/A;N/A;N/A;N/A;No;N/A;N/A;N/A;N/A;N/A;N/A;N/A;N/A;N/A;N/A;N/A;N/A;N/A;N/A;N/A;N/A;N/A;No;N/A;N/A;N/A;N/A;N/A;N/A;N/A;N/A;N/A;N/A;N/A;N/A;N/A;N/A;N/A;N/A;N/A;N/A;N/A;N/A;N/A;N/A;N/A;N/A;N/A;N/A;N/A;N/A;N/A;N/A;N/A;N/A;N/A;No;Sí;Sí;Sí;N/A;Sí;N/A;N/A;N/A;N/A;Sí;Sí;Sí;Sí;N/A;N/A;Sí;Sí;Sí;N/A;N/A;N/A;N/A;N/A;N/A;N/A;N/A
Hyundai;Elantra;1.8;1997;"256000 km";;VENDOAUTOSMARCELO;5900;;;;;"Paso de Carrasco";https://auto.mercadolibre.com.uy/MLU-700363514-hyundai-elantra-18-18-1997-muy-buen-estado-_JM;N/A;;"Hyundai Elantra 1.8 1.8 1997 Muy Buen Estado!";usd;No;silver;false;N/A;N/A;http://perfil.mercadolibre.com.uy/VENDOAUTOSMARCELO;active;N/A;N/A;Usado;Plateado;N/A;Hidráulica;N/A;N/A;Sí;N/A;N/A;N/A;N/A;N/A;Sí;N/A;N/A;N/A;N/A;Sí;N/A;N/A;N/A;N/A;N/A;N/A;N/A;N/A;N/A;N/A;N/A;N/A;N/A;"1800 cc";N/A;N/A;N/A;N/A;N/A;N/A;N/A;N/A;N/A;N/A;N/A;N/A;N/A;N/A;N/A;N/A;N/A;N/A;N/A;N/A;N/A;N/A;N/A;N/A;N/A;N/A;N/A;N/A;N/A;N/A;N/A;N/A;N/A;N/A;N/A;N/A;N/A;N/A;N/A;N/A;N/A;N/A;N/A;N/A;N/A;N/A;N/A;N/A;N/A;N/A;N/A;N/A;N/A;N/A;N/A;N/A;N/A;N/A;N/A;"10 km/l";N/A;N/A;N/A;N/A;N/A;Sí;N/A;N/A;N/A;N/A;"12 km/l";N/A;N/A;N/A;Sí;Sí;"Lun. a Vie. de 8:30 a 18 hs. Sáb. de 9 a 13 hs.";4;1.8;Nafta;Manual;Van;"Autos y camionetas";No;N/A;N/A;N/A;No;N/A;UY;No;Sí;No;No;N/A;N/A;N/A;N/A;N/A;N/A;N/A;N/A;N/A;N/A;N/A;N/A;N/A;N/A;N/A;N/A;N/A;N/A;N/A;N/A;N/A;N/A;N/A;N/A;N/A;N/A;N/A;N/A;N/A;N/A;N/A;N/A;N/A;N/A;N/A;N/A;N/A;N/A;N/A;N/A;N/A;N/A;N/A;N/A;N/A;N/A;N/A;N/A;N/A;N/A;Sí;No;N/A;N/A;N/A;N/A;N/A;N/A;N/A;N/A;N/A;N/A;N/A;N/A;N/A;N/A;N/A;N/A;N/A;N/A;N/A;N/A;N/A;N/A;N/A;N/A;N/A;N/A;N/A;N/A;N/A;N/A;N/A;N/A;N/A;N/A;Sí;Sí;N/A;N/A;N/A;N/A;N/A;N/A;N/A;N/A;N/A;N/A;N/A;N/A;N/A;N/A;N/A;Sí;Sí;N/A;N/A;N/A;N/A;N/A;Sí
Hyundai;HB20;"HATCH 1.6 PREMUIM";2024;"0 km";;"HORACIO BARREIRO";22990;;;;;"Las Piedras";https://auto.mercadolibre.com.uy/MLU-672017066-hyundai-hb20-hatch-16-premuim-16-2024-0km-_JM;N/A;;"Hyundai Hb20 Hatch 1.6 Premuim 1.6 2024 0km";usd;Sí;silver;false;N/A;N/A;http://perfil.mercadolibre.com.uy/HORACIO+BARREIRO;active;N/A;N/A;Nuevo;Plateado;N/A;Asistida;N/A;Sí;Sí;Sí;N/A;Sí;N/A;Sí;Sí;N/A;Sí;N/A;Sí;Sí;N/A;Sí;N/A;N/A;N/A;N/A;N/A;N/A;N/A;N/A;N/A;N/A;N/A;"1600 cc";N/A;6;N/A;N/A;Sí;Sí;Sí;Sí;N/A;N/A;N/A;N/A;N/A;N/A;N/A;N/A;N/A;N/A;N/A;N/A;N/A;N/A;N/A;N/A;N/A;Sí;N/A;Sí;N/A;Sí;N/A;N/A;N/A;N/A;N/A;N/A;N/A;N/A;Sí;N/A;N/A;N/A;N/A;N/A;Sí;N/A;N/A;N/A;N/A;N/A;N/A;N/A;N/A;N/A;N/A;N/A;N/A;N/A;N/A;N/A;N/A;N/A;Sí;Sí;Sí;Sí;Sí;N/A;N/A;Sí;N/A;N/A;Sí;N/A;N/A;Sí;"Lunes a Sábados de 8 a 19 hs.";4;1.6;Nafta;Manual;Hatchback;"Autos y camionetas";No;N/A;N/A;N/A;No;N/A;UY;No;Sí;No;No;N/A;N/A;N/A;N/A;N/A;N/A;N/A;N/A;N/A;N/A;N/A;N/A;N/A;N/A;N/A;N/A;N/A;N/A;N/A;N/A;N/A;N/A;N/A;N/A;N/A;N/A;N/A;N/A;N/A;N/A;N/A;N/A;Sí;N/A;N/A;N/A;N/A;N/A;N/A;N/A;N/A;N/A;N/A;N/A;N/A;N/A;N/A;N/A;N/A;N/A;Sí;No;N/A;N/A;N/A;N/A;N/A;N/A;N/A;N/A;N/A;N/A;N/A;N/A;N/A;N/A;N/A;N/A;N/A;N/A;N/A;N/A;N/A;N/A;N/A;N/A;N/A;N/A;N/A;N/A;N/A;N/A;N/A;N/A;N/A;Sí;Sí;Sí;Sí;Sí;Sí;N/A;N/A;Sí;Sí;N/A;N/A;N/A;N/A;Sí;Sí;N/A;N/A;Sí;Sí;Sí;N/A;N/A;N/A;N/A;Sí
Hyundai;Veracruz;-;2011;"175000 km";;MONTOSSIAUTOMVILES;22900;;;;;Maldonado;https://auto.mercadolibre.com.uy/MLU-698778356-hyundai-veracruz-2011-impecable-_JM;N/A;;"Hyundai Veracruz 2011 Impecable!";usd;Sí;silver;false;N/A;N/A;http://perfil.mercadolibre.com.uy/MONTOSSIAUTOMVILES;active;N/A;N/A;Usado;Blanco;N/A;Asistida;N/A;Sí;Sí;Sí;Sí;N/A;N/A;Sí;Sí;Sí;N/A;Sí;Sí;Sí;N/A;Sí;N/A;N/A;N/A;N/A;N/A;N/A;N/A;N/A;N/A;N/A;N/A;"3800 cc";N/A;N/A;N/A;N/A;N/A;N/A;Sí;N/A;N/A;N/A;N/A;N/A;N/A;N/A;N/A;N/A;N/A;N/A;N/A;N/A;N/A;N/A;N/A;N/A;N/A;Sí;N/A;Sí;N/A;Sí;N/A;N/A;N/A;N/A;N/A;N/A;N/A;N/A;Sí;N/A;N/A;N/A;N/A;N/A;Sí;N/A;N/A;N/A;N/A;N/A;N/A;N/A;N/A;N/A;N/A;N/A;N/A;N/A;N/A;N/A;N/A;N/A;Sí;Sí;Sí;Sí;Sí;Sí;Sí;N/A;N/A;N/A;N/A;N/A;N/A;Sí;"Lun. a Vie. 9:00 a 12:30 - 14:30 a 19:00 hs. Sáb. 9 a 13 hs";4;3.8;Nafta;Automática;SUV;"Autos y camionetas";No;N/A;N/A;N/A;No;N/A;UY;No;Sí;No;No;N/A;N/A;N/A;N/A;N/A;N/A;N/A;N/A;N/A;N/A;N/A;N/A;N/A;N/A;N/A;N/A;N/A;N/A;N/A;N/A;N/A;N/A;N/A;N/A;N/A;N/A;N/A;N/A;N/A;N/A;N/A;N/A;N/A;N/A;N/A;N/A;N/A;N/A;N/A;N/A;N/A;N/A;N/A;N/A;N/A;N/A;N/A;N/A;N/A;N/A;N/A;No;N/A;N/A;N/A;N/A;N/A;N/A;N/A;N/A;N/A;N/A;N/A;N/A;N/A;N/A;N/A;N/A;N/A;N/A;N/A;N/A;N/A;N/A;N/A;N/A;N/A;N/A;N/A;N/A;N/A;N/A;N/A;N/A;N/A;Sí;N/A;Sí;Sí;Sí;Sí;Sí;N/A;Sí;Sí;N/A;Sí;N/A;N/A;Sí;Sí;Sí;N/A;Sí;Sí;Sí;N/A;N/A;Sí;N/A;Sí
Hyundai;Creta;"Safe A/T";2025;"0 km";;LAGOMARAUTOMOVILES;30990;;;;;"Ciudad de la Costa";https://auto.mercadolibre.com.uy/MLU-678870158-hyundai-creta-safe-at-2025-0km-lagomar-automoviles-_JM;N/A;;"Hyundai Creta Safe A/t 2025 0km - Lagomar Automóviles";usd;Sí;silver;false;N/A;N/A;http://perfil.mercadolibre.com.uy/LAGOMARAUTOMOVILES;active;N/A;N/A;Nuevo;Plateado;N/A;Eléctrica;N/A;N/A;Sí;Sí;N/A;N/A;N/A;Sí;Sí;N/A;Sí;Sí;Sí;Sí;N/A;Sí;N/A;N/A;N/A;N/A;N/A;N/A;N/A;N/A;N/A;N/A;N/A;"1000 cc";N/A;6;N/A;N/A;Sí;Sí;Sí;Sí;N/A;N/A;N/A;N/A;N/A;N/A;N/A;N/A;N/A;N/A;N/A;N/A;N/A;N/A;N/A;N/A;N/A;Sí;N/A;Sí;N/A;Sí;N/A;Sí;N/A;N/A;N/A;N/A;N/A;N/A;Sí;N/A;N/A;N/A;N/A;N/A;N/A;N/A;N/A;N/A;N/A;N/A;N/A;N/A;N/A;N/A;"123 hp";Safe;N/A;N/A;N/A;N/A;N/A;N/A;Sí;Sí;Sí;Sí;Sí;Sí;N/A;N/A;N/A;N/A;N/A;N/A;N/A;Sí;"Lun. a Vie. 9:30 a 13 y 14 a 19 hs. Sáb. 9:30 a 13:30 hs.";5;1.0;Nafta;"Automática secuencial";SUV;"Autos y camionetas";No;N/A;N/A;N/A;No;N/A;UY;No;Sí;No;No;N/A;N/A;N/A;N/A;N/A;N/A;N/A;N/A;N/A;N/A;N/A;N/A;N/A;N/A;N/A;N/A;N/A;N/A;N/A;N/A;N/A;N/A;N/A;N/A;N/A;N/A;N/A;N/A;N/A;N/A;N/A;N/A;Sí;N/A;N/A;N/A;N/A;N/A;N/A;N/A;N/A;N/A;N/A;N/A;N/A;N/A;N/A;N/A;N/A;N/A;Sí;No;N/A;N/A;N/A;N/A;N/A;N/A;N/A;N/A;N/A;N/A;N/A;N/A;N/A;N/A;N/A;N/A;N/A;N/A;N/A;N/A;N/A;N/A;N/A;N/A;N/A;N/A;N/A;N/A;N/A;N/A;N/A;N/A;N/A;Sí;Sí;Sí;Sí;Sí;Sí;Sí;N/A;Sí;Sí;N/A;N/A;N/A;N/A;Sí;Sí;Sí;N/A;Sí;N/A;Sí;N/A;N/A;N/A;N/A;Sí
Hyundai;Tucson;Limited;2024;"0 km";;NACHOMOVILES;62990;;;;;"Paso de Carrasco";https://auto.mercadolibre.com.uy/MLU-702041094-hyundai-tucson-limited-16-2024-0km-_JM;N/A;;"Hyundai Tucson Limited 1.6 2024 0km";usd;Sí;silver;false;N/A;N/A;http://perfil.mercadolibre.com.uy/NACHOMOVILES;active;N/A;N/A;Nuevo;"Gris oscuro";N/A;Asistida;N/A;Sí;Sí;Sí;Sí;N/A;N/A;Sí;Sí;Sí;Sí;Sí;Sí;Sí;N/A;Sí;N/A;N/A;N/A;N/A;N/A;N/A;N/A;N/A;N/A;N/A;N/A;"1600 cc";N/A;7;N/A;N/A;Sí;Sí;Sí;Sí;Sí;N/A;N/A;N/A;N/A;N/A;N/A;N/A;N/A;N/A;N/A;N/A;N/A;N/A;N/A;Sí;N/A;Sí;N/A;Sí;N/A;Sí;N/A;N/A;N/A;N/A;N/A;N/A;N/A;N/A;Sí;N/A;N/A;N/A;N/A;N/A;Sí;N/A;N/A;N/A;N/A;N/A;N/A;N/A;N/A;N/A;"180 hp";Limited;N/A;N/A;N/A;N/A;N/A;N/A;Sí;Sí;Sí;N/A;Sí;Sí;Sí;N/A;N/A;N/A;N/A;Sí;N/A;Sí;"Lun. a Vie. 9 a 13 y 14:30 a 18:30 hs.";5;1.6;Nafta;Automática;SUV;"Autos y camionetas";No;N/A;N/A;N/A;No;N/A;UY;No;Sí;No;No;N/A;N/A;N/A;N/A;N/A;N/A;N/A;N/A;N/A;N/A;N/A;N/A;N/A;N/A;N/A;N/A;N/A;N/A;N/A;N/A;N/A;N/A;N/A;N/A;N/A;N/A;N/A;N/A;N/A;N/A;N/A;N/A;Sí;N/A;N/A;N/A;N/A;N/A;N/A;N/A;N/A;N/A;N/A;N/A;N/A;N/A;N/A;N/A;N/A;N/A;Sí;No;N/A;N/A;N/A;N/A;N/A;N/A;N/A;N/A;N/A;N/A;N/A;N/A;N/A;N/A;N/A;N/A;N/A;N/A;N/A;N/A;N/A;N/A;N/A;N/A;N/A;N/A;N/A;N/A;N/A;N/A;N/A;N/A;N/A;Sí;Sí;Sí;Sí;Sí;Sí;Sí;N/A;Sí;Sí;Sí;Sí;N/A;N/A;Sí;Sí;N/A;N/A;Sí;N/A;Sí;N/A;N/A;N/A;N/A;Sí
Hyundai;I30;Gl;2016;"123000 km";;AMAYASELECCIONADOS;14500;;;;;"Brazo Oriental";https://auto.mercadolibre.com.uy/MLU-647403731-hyundai-i30-gl-_JM;N/A;;"Hyundai I30 Gl";USD;Sí;silver;false;N/A;N/A;http://perfil.mercadolibre.com.uy/AMAYASELECCIONADOS;active;N/A;N/A;Usado;Rojo;N/A;N/A;Delantera;N/A;N/A;N/A;N/A;N/A;N/A;N/A;N/A;N/A;N/A;N/A;N/A;N/A;N/A;N/A;N/A;N/A;N/A;N/A;N/A;N/A;N/A;N/A;N/A;N/A;N/A;N/A;N/A;N/A;N/A;N/A;N/A;N/A;N/A;N/A;N/A;N/A;N/A;N/A;N/A;N/A;N/A;N/A;N/A;N/A;N/A;N/A;N/A;N/A;N/A;N/A;N/A;N/A;N/A;N/A;N/A;N/A;N/A;N/A;N/A;N/A;N/A;N/A;N/A;N/A;N/A;N/A;N/A;N/A;N/A;N/A;N/A;N/A;N/A;N/A;N/A;N/A;N/A;N/A;N/A;N/A;N/A;N/A;N/A;N/A;N/A;N/A;N/A;N/A;N/A;N/A;N/A;N/A;N/A;N/A;N/A;N/A;N/A;N/A;N/A;N/A;N/A;N/A;"Lunes a Viernes 08:30 a 18:30";5;1.6;Nafta;Manual;Hatchback;"Autos y camionetas";N/A;N/A;N/A;N/A;N/A;N/A;N/A;N/A;N/A;N/A;N/A;N/A;N/A;N/A;N/A;N/A;N/A;N/A;N/A;N/A;N/A;N/A;N/A;N/A;N/A;N/A;N/A;N/A;N/A;N/A;N/A;N/A;N/A;N/A;N/A;N/A;N/A;N/A;N/A;N/A;N/A;N/A;N/A;N/A;N/A;N/A;N/A;N/A;N/A;N/A;N/A;N/A;N/A;N/A;N/A;N/A;N/A;N/A;N/A;N/A;N/A;N/A;N/A;N/A;N/A;N/A;N/A;N/A;N/A;N/A;N/A;N/A;N/A;N/A;N/A;N/A;N/A;N/A;N/A;N/A;N/A;N/A;N/A;N/A;N/A;N/A;N/A;N/A;N/A;N/A;N/A;N/A;N/A;N/A;N/A;N/A;N/A;N/A;N/A;N/A;N/A;N/A;N/A;N/A;N/A;N/A;N/A;N/A;N/A;N/A;N/A;N/A;N/A;N/A;N/A;N/A;N/A;N/A;N/A;N/A;N/A;N/A
Hyundai;HB20S;-;2018;"63670 km";;SEREYCIA.;12800;;;;;Durazno;https://auto.mercadolibre.com.uy/MLU-703904418-hyundai-hb20s-2018-impecable-_JM;N/A;;"Hyundai Hb20s 2018 Impecable!";usd;Sí;silver;false;N/A;N/A;http://perfil.mercadolibre.com.uy/SEREYCIA.;active;N/A;N/A;Usado;Dorado;N/A;Hidráulica;N/A;Sí;N/A;N/A;N/A;N/A;N/A;Sí;N/A;N/A;N/A;N/A;N/A;Sí;N/A;N/A;N/A;N/A;N/A;N/A;N/A;N/A;N/A;N/A;N/A;N/A;N/A;N/A;N/A;5;N/A;N/A;Sí;N/A;Sí;N/A;N/A;N/A;N/A;N/A;N/A;N/A;N/A;N/A;N/A;N/A;N/A;N/A;N/A;N/A;N/A;N/A;N/A;N/A;N/A;N/A;N/A;N/A;N/A;N/A;N/A;N/A;N/A;N/A;N/A;N/A;N/A;N/A;N/A;N/A;N/A;N/A;N/A;N/A;N/A;N/A;N/A;N/A;N/A;N/A;N/A;N/A;N/A;N/A;N/A;N/A;N/A;N/A;N/A;N/A;N/A;N/A;N/A;Sí;Sí;N/A;N/A;N/A;N/A;N/A;N/A;N/A;N/A;N/A;"Lun. a Vie. 8:30 a 12 y 14 a 19 hs. Sáb. 8:30 a 12 hs.";4;N/A;Nafta;Manual;Sedán;"Autos y camionetas";No;N/A;N/A;N/A;No;N/A;UY;No;Sí;No;No;N/A;N/A;N/A;N/A;N/A;N/A;N/A;N/A;N/A;N/A;N/A;N/A;N/A;N/A;N/A;N/A;N/A;N/A;N/A;N/A;N/A;N/A;N/A;N/A;N/A;N/A;N/A;N/A;N/A;N/A;N/A;N/A;N/A;N/A;N/A;N/A;N/A;N/A;N/A;N/A;N/A;N/A;N/A;N/A;N/A;N/A;N/A;N/A;N/A;N/A;N/A;No;N/A;N/A;N/A;N/A;N/A;N/A;N/A;N/A;N/A;N/A;N/A;N/A;N/A;N/A;N/A;N/A;N/A;N/A;N/A;N/A;N/A;N/A;N/A;N/A;N/A;N/A;N/A;N/A;N/A;N/A;N/A;N/A;N/A;N/A;N/A;N/A;N/A;Sí;N/A;N/A;N/A;N/A;Sí;N/A;N/A;N/A;N/A;N/A;N/A;Sí;N/A;N/A;N/A;Sí;N/A;N/A;N/A;N/A;Sí
Hyundai;H1;NAFTA;2011;"126390 km";;"MEME 5";15200;;;;;Paysandú;https://auto.mercadolibre.com.uy/MLU-703912590-camioneta-en-exelentes-condiciones-y-pocos-km-originales-_JM;N/A;;"Camioneta En Exelentes Condiciones Y Pocos Km Originales";USD;Sí;silver;false;N/A;N/A;http://perfil.mercadolibre.com.uy/MEME+5;active;N/A;N/A;Usado;Plateado;No;Hidráulica;Trasera;Sí;Sí;N/A;N/A;N/A;N/A;N/A;N/A;N/A;N/A;N/A;N/A;Sí;N/A;N/A;N/A;N/A;N/A;N/A;N/A;N/A;N/A;N/A;N/A;N/A;N/A;N/A;N/A;N/A;N/A;N/A;N/A;N/A;N/A;Sí;N/A;N/A;N/A;N/A;N/A;N/A;N/A;N/A;N/A;N/A;N/A;N/A;N/A;N/A;N/A;N/A;N/A;N/A;N/A;N/A;N/A;N/A;N/A;N/A;N/A;N/A;N/A;N/A;N/A;N/A;N/A;N/A;N/A;N/A;N/A;N/A;N/A;N/A;N/A;N/A;N/A;N/A;N/A;N/A;N/A;N/A;N/A;N/A;N/A;N/A;N/A;N/A;N/A;N/A;Sí;Sí;N/A;Sí;N/A;N/A;N/A;N/A;N/A;No;N/A;N/A;N/A;N/A;N/A;5;2.4;Nafta;Manual;Furgón;"Autos y camionetas";N/A;N/A;N/A;N/A;N/A;N/A;N/A;N/A;N/A;N/A;N/A;N/A;N/A;N/A;N/A;N/A;N/A;N/A;N/A;N/A;N/A;N/A;N/A;N/A;N/A;N/A;N/A;N/A;N/A;N/A;N/A;N/A;N/A;N/A;N/A;N/A;N/A;N/A;N/A;N/A;N/A;N/A;N/A;N/A;N/A;N/A;N/A;N/A;N/A;N/A;N/A;N/A;N/A;N/A;N/A;N/A;N/A;N/A;N/A;N/A;N/A;N/A;N/A;N/A;N/A;N/A;N/A;N/A;N/A;N/A;N/A;N/A;N/A;N/A;N/A;N/A;N/A;N/A;N/A;N/A;N/A;N/A;N/A;N/A;N/A;N/A;N/A;N/A;N/A;N/A;N/A;N/A;N/A;N/A;N/A;N/A;Sí;Sí;N/A;N/A;No;N/A;N/A;N/A;N/A;N/A;N/A;N/A;N/A;N/A;N/A;N/A;N/A;N/A;N/A;N/A;N/A;N/A;N/A;N/A;N/A;N/A
Hyundai;Creta;"1.6 Limited Gls";2020;"85000 km";;RECRULSA;19900;;;;;Melo;https://auto.mercadolibre.com.uy/MLU-703103284-hyundai-creta-16-limited-gls-_JM;N/A;;"Hyundai Creta 1.6 Limited Gls";usd;Sí;silver;false;N/A;N/A;http://perfil.mercadolibre.com.uy/RECRULSA;active;N/A;N/A;Usado;Plateado;N/A;Eléctrica;4x2;N/A;N/A;Sí;N/A;N/A;N/A;N/A;N/A;N/A;N/A;N/A;N/A;N/A;N/A;N/A;N/A;N/A;N/A;N/A;N/A;N/A;N/A;N/A;N/A;N/A;"2590 mm";"1.6 L";"58 L";5;N/A;N/A;N/A;N/A;N/A;N/A;N/A;N/A;N/A;N/A;N/A;N/A;N/A;N/A;N/A;N/A;N/A;N/A;N/A;N/A;N/A;N/A;N/A;N/A;N/A;N/A;N/A;N/A;N/A;N/A;N/A;N/A;N/A;Sí;Sí;N/A;N/A;N/A;N/A;N/A;N/A;N/A;N/A;N/A;N/A;"1635 mm";"4440 mm";N/A;N/A;N/A;N/A;5;"163 hp";"Limited Gls";N/A;4;"1898 mm";N/A;N/A;N/A;N/A;Sí;N/A;Sí;Sí;N/A;N/A;N/A;N/A;N/A;N/A;N/A;N/A;N/A;N/A;5;1.6;Nafta;Manual;SUV;"Autos y camionetas";N/A;N/A;N/A;N/A;N/A;N/A;UY;N/A;N/A;N/A;N/A;N/A;N/A;N/A;N/A;N/A;N/A;N/A;N/A;N/A;N/A;N/A;N/A;N/A;N/A;N/A;N/A;N/A;N/A;N/A;N/A;N/A;N/A;N/A;N/A;N/A;N/A;N/A;N/A;N/A;N/A;N/A;N/A;N/A;N/A;N/A;N/A;N/A;N/A;N/A;N/A;N/A;N/A;N/A;N/A;N/A;N/A;N/A;N/A;N/A;N/A;N/A;N/A;N/A;N/A;N/A;N/A;N/A;N/A;N/A;N/A;N/A;N/A;N/A;N/A;N/A;N/A;N/A;N/A;N/A;N/A;N/A;N/A;N/A;N/A;N/A;N/A;N/A;N/A;N/A;N/A;N/A;N/A;N/A;N/A;N/A;N/A;N/A;N/A;N/A;N/A;N/A;N/A;N/A;N/A;N/A;N/A;N/A;N/A;N/A;N/A;N/A;Sí;N/A;N/A;N/A;N/A;N/A;N/A;Sí;N/A;N/A
Hyundai;i10;"1.1 Gls Mt";2012;"165000 km";;KHALEKAUTOMOVILES;8950;;;;;"Santiago Vázquez";https://auto.mercadolibre.com.uy/MLU-702885022-hyundai-i10-11-gls-mt-_JM;N/A;;"Hyundai I10 1.1 Gls Mt";usd;Sí;silver;false;N/A;N/A;http://perfil.mercadolibre.com.uy/KHALEKAUTOMOVILES;active;N/A;N/A;Usado;Negro;N/A;Hidráulica;Delantera;Sí;N/A;N/A;N/A;N/A;N/A;N/A;N/A;N/A;N/A;N/A;N/A;Sí;N/A;N/A;N/A;N/A;N/A;N/A;N/A;N/A;N/A;N/A;N/A;N/A;"2380 mm";"1.1 L";"35 L";5;N/A;N/A;N/A;N/A;N/A;N/A;N/A;N/A;N/A;N/A;N/A;N/A;N/A;N/A;N/A;N/A;N/A;N/A;N/A;N/A;N/A;N/A;N/A;N/A;N/A;N/A;N/A;N/A;N/A;N/A;N/A;N/A;N/A;N/A;N/A;N/A;N/A;N/A;N/A;N/A;N/A;N/A;N/A;N/A;N/A;"1550 mm";"3585 mm";N/A;N/A;N/A;N/A;5;"69 hp";Gls;N/A;4;"1595 mm";N/A;N/A;N/A;N/A;Sí;N/A;N/A;N/A;N/A;N/A;N/A;N/A;N/A;N/A;N/A;N/A;N/A;"Lunes a viernes de 9 a 18hrs y sabado de 9 a 13hrs";5;1.1;Nafta;Manual;Hatchback;"Autos y camionetas";N/A;N/A;N/A;N/A;N/A;N/A;UY;N/A;Sí;N/A;N/A;N/A;N/A;N/A;N/A;N/A;N/A;N/A;N/A;N/A;N/A;N/A;N/A;N/A;N/A;N/A;N/A;N/A;N/A;N/A;N/A;N/A;N/A;N/A;N/A;N/A;N/A;N/A;N/A;N/A;N/A;N/A;N/A;N/A;N/A;N/A;N/A;N/A;N/A;N/A;N/A;N/A;N/A;N/A;N/A;N/A;N/A;N/A;N/A;N/A;N/A;N/A;Sí;N/A;N/A;N/A;N/A;N/A;N/A;N/A;N/A;N/A;N/A;N/A;N/A;N/A;N/A;N/A;N/A;N/A;N/A;N/A;N/A;N/A;N/A;N/A;N/A;N/A;N/A;N/A;N/A;N/A;N/A;N/A;N/A;N/A;N/A;N/A;N/A;N/A;N/A;N/A;N/A;N/A;N/A;N/A;N/A;N/A;N/A;N/A;N/A;N/A;N/A;N/A;N/A;N/A;N/A;N/A;N/A;N/A;N/A;N/A
Hyundai;Ioniq;"1.600 HYBRIDO";2020;"106000 km";;"AUTOMOTORA DRIVERS";24900;;;;;Centro;https://auto.mercadolibre.com.uy/MLU-701222474-hyundai-ioniq-hibrido-16-2020-us-24900-dta-iva-_JM;N/A;;"Hyundai Ioniq Hibrido 1.6 2020 U$s 24900 Dta Iva ";usd;Sí;silver;false;N/A;N/A;http://perfil.mercadolibre.com.uy/AUTOMOTORA+DRIVERS;active;N/A;N/A;Usado;Gris;N/A;Hidráulica;Delantera;Sí;Sí;N/A;N/A;N/A;N/A;N/A;N/A;N/A;N/A;N/A;Sí;Sí;N/A;Sí;N/A;N/A;N/A;N/A;N/A;N/A;N/A;N/A;N/A;N/A;"2440 mm";"1.6 L";"45 L";5;N/A;N/A;N/A;N/A;N/A;Sí;N/A;N/A;N/A;N/A;N/A;N/A;N/A;N/A;N/A;N/A;N/A;N/A;N/A;N/A;N/A;N/A;N/A;N/A;N/A;N/A;N/A;N/A;N/A;N/A;N/A;N/A;N/A;N/A;N/A;N/A;N/A;N/A;N/A;N/A;N/A;N/A;N/A;N/A;N/A;"1395 mm";"4235 mm";N/A;N/A;N/A;N/A;5;"92 hp";N/A;N/A;3;"1670 mm";"7.2 km/l";N/A;N/A;Sí;Sí;N/A;Sí;Sí;N/A;N/A;N/A;"4.5 km/l";N/A;N/A;N/A;N/A;N/A;"LUNES A VIERNES DE 10 A 18 HRS";5;1.6;Nafta;"Automática secuencial";Sedán;"Autos y camionetas";N/A;N/A;N/A;N/A;N/A;N/A;UY;N/A;Sí;N/A;N/A;N/A;N/A;N/A;N/A;N/A;N/A;N/A;N/A;N/A;N/A;N/A;N/A;N/A;Sí;N/A;N/A;N/A;N/A;N/A;N/A;N/A;N/A;N/A;N/A;N/A;N/A;N/A;N/A;N/A;N/A;N/A;N/A;N/A;N/A;N/A;N/A;N/A;N/A;N/A;N/A;N/A;N/A;N/A;N/A;N/A;N/A;N/A;N/A;N/A;N/A;N/A;N/A;N/A;N/A;N/A;N/A;N/A;N/A;N/A;N/A;N/A;N/A;N/A;N/A;N/A;N/A;N/A;N/A;N/A;N/A;N/A;N/A;N/A;N/A;N/A;N/A;N/A;N/A;N/A;N/A;N/A;N/A;N/A;N/A;N/A;Sí;Sí;Sí;N/A;N/A;N/A;N/A;N/A;N/A;Sí;N/A;Sí;Sí;N/A;N/A;Sí;Sí;Sí;Sí;Sí;Sí;N/A;N/A;N/A;N/A;Sí
Hyundai;i10;-;2008;"110054 km";;SEREYCIA.;8800;;;;;Durazno;https://auto.mercadolibre.com.uy/MLU-646360593-hyundai-i10-2008-impecable-_JM;N/A;;"Hyundai I10 2008 Impecable!";usd;Sí;silver;false;N/A;N/A;http://perfil.mercadolibre.com.uy/SEREYCIA.;active;N/A;N/A;Usado;Dorado;N/A;Hidráulica;N/A;N/A;N/A;N/A;N/A;N/A;N/A;N/A;N/A;N/A;N/A;N/A;N/A;N/A;N/A;N/A;N/A;N/A;N/A;N/A;N/A;N/A;N/A;N/A;N/A;N/A;N/A;N/A;N/A;5;N/A;N/A;N/A;N/A;N/A;N/A;N/A;N/A;N/A;N/A;N/A;N/A;N/A;N/A;N/A;N/A;N/A;N/A;N/A;N/A;N/A;N/A;N/A;N/A;N/A;N/A;N/A;N/A;N/A;N/A;N/A;N/A;N/A;N/A;N/A;N/A;N/A;N/A;N/A;N/A;N/A;N/A;N/A;N/A;N/A;N/A;N/A;N/A;N/A;N/A;N/A;N/A;N/A;N/A;N/A;N/A;N/A;N/A;N/A;N/A;N/A;N/A;N/A;N/A;N/A;N/A;N/A;N/A;N/A;N/A;N/A;N/A;N/A;N/A;"Lun. a Vie. 8:30 a 12 y 14 a 19 hs. Sáb. 8:30 a 12 hs.";4;N/A;Nafta;Manual;Hatchback;"Autos y camionetas";No;N/A;N/A;N/A;No;N/A;UY;No;Sí;No;No;N/A;N/A;N/A;N/A;N/A;N/A;N/A;N/A;N/A;N/A;N/A;N/A;N/A;N/A;N/A;N/A;N/A;N/A;N/A;N/A;N/A;N/A;N/A;N/A;N/A;N/A;N/A;N/A;N/A;N/A;N/A;N/A;N/A;N/A;N/A;N/A;N/A;N/A;N/A;N/A;N/A;N/A;N/A;N/A;N/A;N/A;N/A;N/A;N/A;N/A;N/A;No;N/A;N/A;N/A;N/A;N/A;N/A;N/A;N/A;N/A;N/A;N/A;N/A;N/A;N/A;N/A;N/A;N/A;N/A;N/A;N/A;N/A;N/A;N/A;N/A;N/A;N/A;N/A;N/A;N/A;N/A;N/A;N/A;N/A;N/A;N/A;N/A;N/A;N/A;N/A;N/A;N/A;N/A;N/A;N/A;N/A;N/A;N/A;N/A;N/A;N/A;N/A;N/A;N/A;N/A;N/A;N/A;N/A;N/A;N/A
Hyundai;Creta;"1.0 T-Gdi Safe At";2023;"10300 km";;"RUTA DURAZNO";29900;;;;;Durazno;https://auto.mercadolibre.com.uy/MLU-693579076-hyundai-creta-2023-10-t-gdi-safe-at-_JM;N/A;;"Hyundai Creta 2023 1.0 T-gdi Safe At";usd;Sí;silver;false;N/A;N/A;http://perfil.mercadolibre.com.uy/RUTA+DURAZNO;active;N/A;N/A;Usado;N/A;N/A;N/A;4x2;N/A;N/A;N/A;N/A;N/A;N/A;N/A;N/A;N/A;N/A;N/A;N/A;N/A;N/A;N/A;N/A;N/A;N/A;N/A;N/A;N/A;N/A;N/A;N/A;N/A;"2610 mm";"1 L";"50 L";6;N/A;N/A;N/A;N/A;N/A;N/A;N/A;N/A;N/A;N/A;N/A;N/A;N/A;N/A;N/A;N/A;N/A;N/A;N/A;N/A;N/A;N/A;N/A;N/A;N/A;N/A;N/A;N/A;N/A;N/A;N/A;N/A;N/A;N/A;N/A;N/A;N/A;N/A;N/A;N/A;N/A;N/A;N/A;N/A;N/A;"1635 mm";"4290 mm";N/A;N/A;N/A;N/A;5;"120 hp";Safe;N/A;4;"1790 mm";N/A;N/A;N/A;N/A;N/A;N/A;N/A;N/A;N/A;N/A;N/A;N/A;N/A;N/A;N/A;N/A;N/A;N/A;5;1.0;Nafta;Automática;SUV;"Autos y camionetas";N/A;N/A;N/A;N/A;N/A;N/A;UY;N/A;N/A;N/A;N/A;N/A;N/A;N/A;N/A;N/A;N/A;N/A;N/A;N/A;N/A;N/A;N/A;N/A;N/A;N/A;N/A;N/A;N/A;N/A;N/A;N/A;N/A;N/A;N/A;N/A;N/A;N/A;N/A;N/A;N/A;N/A;N/A;N/A;N/A;N/A;N/A;N/A;N/A;N/A;N/A;N/A;N/A;N/A;N/A;N/A;N/A;N/A;N/A;N/A;N/A;N/A;N/A;N/A;N/A;N/A;N/A;N/A;N/A;N/A;N/A;N/A;N/A;N/A;N/A;N/A;N/A;N/A;N/A;N/A;N/A;N/A;N/A;N/A;N/A;N/A;N/A;N/A;N/A;N/A;N/A;N/A;N/A;N/A;N/A;N/A;N/A;N/A;N/A;N/A;N/A;N/A;N/A;N/A;N/A;N/A;N/A;N/A;N/A;N/A;N/A;N/A;N/A;N/A;N/A;N/A;N/A;N/A;N/A;N/A;N/A;N/A
Hyundai;HB20;"1.0 Comfort Mt";2024;"0 km";;HYUNDAIPUNTADELESTE;18190;;;;;Maldonado;https://auto.mercadolibre.com.uy/MLU-693234236-hb20-limited-10-hatch-manual-_JM;N/A;;"Hb20 Limited 1.0 Hatch Manual";usd;Sí;silver;false;N/A;N/A;http://perfil.mercadolibre.com.uy/HYUNDAIPUNTADELESTE;active;N/A;N/A;Nuevo;Negro;N/A;Hidráulica;Delantera;Sí;N/A;Sí;N/A;N/A;N/A;N/A;N/A;N/A;N/A;N/A;N/A;N/A;N/A;N/A;N/A;N/A;N/A;N/A;N/A;N/A;N/A;N/A;N/A;N/A;"2500 mm";"1 L";"50 L";6;N/A;N/A;N/A;N/A;N/A;N/A;N/A;N/A;N/A;N/A;N/A;N/A;N/A;N/A;N/A;N/A;N/A;N/A;N/A;N/A;N/A;N/A;N/A;N/A;N/A;N/A;N/A;N/A;N/A;N/A;N/A;N/A;N/A;Sí;Sí;N/A;N/A;N/A;N/A;N/A;N/A;N/A;N/A;N/A;N/A;"1470 mm";"3920 mm";N/A;N/A;N/A;N/A;5;"101 hp";N/A;N/A;4;"1680 mm";N/A;N/A;N/A;N/A;Sí;N/A;N/A;Sí;Sí;N/A;N/A;"13.8 km/l";N/A;N/A;N/A;N/A;N/A;"LUNES A SABADO DE 9:30 A 19:30";5;1.0;Nafta;Manual;Hatchback;"Autos y camionetas";N/A;N/A;N/A;N/A;N/A;N/A;UY;N/A;N/A;N/A;N/A;N/A;N/A;N/A;N/A;N/A;N/A;N/A;N/A;N/A;N/A;N/A;N/A;N/A;N/A;N/A;N/A;N/A;N/A;N/A;N/A;N/A;N/A;N/A;N/A;N/A;N/A;N/A;N/A;N/A;N/A;N/A;N/A;N/A;N/A;N/A;N/A;N/A;N/A;N/A;N/A;N/A;N/A;N/A;N/A;N/A;N/A;N/A;N/A;N/A;N/A;N/A;N/A;N/A;N/A;N/A;N/A;N/A;N/A;N/A;N/A;N/A;N/A;N/A;N/A;N/A;N/A;N/A;N/A;N/A;N/A;N/A;N/A;N/A;N/A;N/A;N/A;N/A;N/A;N/A;N/A;N/A;N/A;N/A;N/A;N/A;N/A;N/A;N/A;N/A;N/A;N/A;N/A;N/A;N/A;N/A;N/A;N/A;N/A;N/A;N/A;N/A;Sí;N/A;N/A;N/A;Sí;N/A;N/A;Sí;N/A;Sí
Hyundai;"Santa Fe";"2.4 Seguridad 7as 6at 2wd";2017;"116000 km";;JGGEE;24500;;;;;"Ciudad de la Costa";https://auto.mercadolibre.com.uy/MLU-704315694-hyundai-santa-fe-24-seguridad-7as-6at-2wd-_JM;N/A;;"Hyundai Santa Fe 2.4 Seguridad 7as 6at 2wd";usd;Sí;silver;false;N/A;N/A;http://perfil.mercadolibre.com.uy/JGGEE;active;N/A;N/A;Usado;Azul;Sí;Hidráulica;4x2;Sí;N/A;Sí;N/A;N/A;N/A;N/A;N/A;N/A;N/A;N/A;N/A;N/A;N/A;N/A;N/A;N/A;N/A;N/A;N/A;N/A;N/A;N/A;N/A;N/A;"2700 mm";"2.4 L";"75 L";6;N/A;N/A;N/A;N/A;N/A;N/A;N/A;N/A;N/A;N/A;N/A;N/A;N/A;N/A;N/A;N/A;N/A;N/A;N/A;N/A;N/A;N/A;N/A;N/A;N/A;N/A;N/A;N/A;N/A;Sí;N/A;Sí;N/A;N/A;N/A;N/A;N/A;N/A;N/A;N/A;N/A;Sí;N/A;N/A;N/A;"1795 mm";"4675 mm";N/A;N/A;N/A;N/A;5;"176 hp";N/A;N/A;4;"1890 mm";N/A;N/A;N/A;N/A;N/A;N/A;N/A;N/A;N/A;N/A;Sí;N/A;N/A;N/A;N/A;N/A;N/A;N/A;5;2.4;Nafta;Automática;SUV;"Autos y camionetas";N/A;N/A;N/A;N/A;N/A;N/A;UY;N/A;N/A;N/A;N/A;N/A;N/A;N/A;N/A;N/A;N/A;N/A;N/A;N/A;N/A;N/A;N/A;N/A;N/A;N/A;N/A;N/A;N/A;N/A;N/A;N/A;N/A;N/A;N/A;N/A;N/A;N/A;N/A;N/A;N/A;N/A;N/A;N/A;N/A;N/A;N/A;N/A;N/A;N/A;N/A;N/A;N/A;N/A;N/A;N/A;N/A;N/A;N/A;N/A;N/A;N/A;N/A;N/A;N/A;N/A;N/A;N/A;N/A;N/A;N/A;N/A;N/A;N/A;N/A;N/A;N/A;N/A;N/A;N/A;N/A;N/A;N/A;N/A;N/A;N/A;N/A;N/A;N/A;N/A;N/A;N/A;N/A;N/A;N/A;N/A;Sí;N/A;Sí;N/A;N/A;N/A;N/A;N/A;N/A;Sí;N/A;N/A;N/A;N/A;N/A;N/A;N/A;Sí;N/A;N/A;N/A;N/A;N/A;N/A;N/A;N/A
Hyundai;i10;"1.1 Gls Mt";2013;"130000 km";;PUNTO-CARRASCO;8500;;;;;Shangrilá;https://auto.mercadolibre.com.uy/MLU-700339504-hyundai-i10-11-gls-mt-full-financio-permuto-_JM;N/A;;"Hyundai I10 1.1 Gls Mt Full - Financio / Permuto";usd;Sí;silver;false;N/A;N/A;http://perfil.mercadolibre.com.uy/PUNTO-CARRASCO;active;N/A;N/A;Usado;Blanco;N/A;Hidráulica;Delantera;Sí;N/A;N/A;N/A;N/A;N/A;N/A;N/A;N/A;N/A;N/A;N/A;N/A;N/A;N/A;N/A;N/A;N/A;N/A;N/A;N/A;N/A;N/A;N/A;N/A;"2380 mm";"1.1 L";"35 L";5;N/A;N/A;N/A;N/A;N/A;N/A;N/A;N/A;N/A;N/A;N/A;N/A;N/A;N/A;N/A;N/A;N/A;N/A;N/A;N/A;N/A;N/A;N/A;N/A;N/A;N/A;N/A;N/A;N/A;N/A;N/A;N/A;N/A;N/A;N/A;N/A;N/A;N/A;N/A;N/A;N/A;N/A;N/A;N/A;N/A;"1550 mm";"3585 mm";N/A;N/A;N/A;N/A;5;"69 hp";Gls;N/A;4;"1595 mm";N/A;N/A;N/A;N/A;N/A;N/A;N/A;N/A;N/A;N/A;N/A;N/A;N/A;N/A;N/A;N/A;N/A;N/A;5;1.1;Nafta;Manual;Hatchback;"Autos y camionetas";N/A;N/A;N/A;N/A;N/A;N/A;UY;N/A;N/A;N/A;N/A;N/A;N/A;N/A;N/A;N/A;N/A;N/A;N/A;N/A;N/A;N/A;N/A;N/A;N/A;N/A;N/A;N/A;N/A;N/A;N/A;N/A;N/A;N/A;N/A;N/A;N/A;N/A;N/A;N/A;N/A;N/A;N/A;N/A;N/A;N/A;N/A;N/A;N/A;N/A;N/A;N/A;N/A;N/A;N/A;N/A;N/A;N/A;N/A;N/A;N/A;N/A;N/A;N/A;N/A;N/A;N/A;N/A;N/A;N/A;N/A;N/A;N/A;N/A;N/A;N/A;N/A;N/A;N/A;N/A;N/A;N/A;N/A;N/A;N/A;N/A;N/A;N/A;N/A;N/A;N/A;N/A;N/A;N/A;N/A;N/A;N/A;N/A;N/A;N/A;N/A;N/A;N/A;N/A;N/A;N/A;N/A;N/A;N/A;N/A;N/A;N/A;N/A;N/A;N/A;N/A;N/A;N/A;N/A;N/A;N/A;N/A
Hyundai;Tucson;"1.6t Gdi Limited Techo At";2024;"113200 km";;HYUNDAIPUNTADELESTE;38990;;;;;Maldonado;https://auto.mercadolibre.com.uy/MLU-697055302-hyundai-tucson-limited-_JM;N/A;;"Hyundai Tucson Limited ";usd;Sí;silver;false;N/A;N/A;http://perfil.mercadolibre.com.uy/HYUNDAIPUNTADELESTE;active;N/A;N/A;Usado;Blanco;N/A;N/A;4x2;Sí;N/A;N/A;N/A;N/A;N/A;N/A;N/A;N/A;N/A;N/A;N/A;N/A;N/A;N/A;N/A;N/A;N/A;N/A;N/A;N/A;N/A;N/A;N/A;N/A;"2670 mm";"1.6 L";"62 L";7;N/A;N/A;N/A;N/A;N/A;N/A;N/A;N/A;N/A;N/A;N/A;N/A;N/A;N/A;N/A;N/A;N/A;N/A;N/A;N/A;N/A;N/A;N/A;N/A;N/A;N/A;N/A;N/A;N/A;N/A;N/A;N/A;N/A;N/A;N/A;N/A;N/A;N/A;N/A;N/A;N/A;N/A;N/A;N/A;N/A;"1660 mm";"4475 mm";N/A;N/A;N/A;N/A;5;"132 hp";N/A;N/A;4;"1850 mm";N/A;N/A;N/A;N/A;N/A;N/A;N/A;N/A;N/A;N/A;N/A;N/A;N/A;N/A;N/A;N/A;N/A;"LUNES A SABADO DE 9:30 A 19:30";5;1.6;Nafta;Automática;SUV;"Autos y camionetas";N/A;N/A;N/A;N/A;N/A;N/A;UY;N/A;N/A;N/A;N/A;N/A;N/A;N/A;N/A;N/A;N/A;N/A;N/A;N/A;N/A;N/A;N/A;N/A;N/A;N/A;N/A;N/A;N/A;N/A;N/A;N/A;N/A;N/A;N/A;N/A;N/A;N/A;N/A;N/A;N/A;N/A;N/A;N/A;N/A;N/A;N/A;N/A;N/A;N/A;N/A;N/A;N/A;N/A;N/A;N/A;N/A;N/A;N/A;N/A;N/A;N/A;N/A;N/A;N/A;N/A;N/A;N/A;N/A;N/A;N/A;N/A;N/A;N/A;N/A;N/A;N/A;N/A;N/A;N/A;N/A;N/A;N/A;N/A;N/A;N/A;N/A;N/A;N/A;N/A;N/A;N/A;N/A;N/A;N/A;N/A;Sí;N/A;N/A;N/A;N/A;N/A;N/A;N/A;N/A;Sí;N/A;N/A;N/A;N/A;N/A;N/A;N/A;N/A;N/A;N/A;N/A;N/A;N/A;N/A;N/A;N/A
Hyundai;HB20;"1.0 Comfort Mt";2024;"0 km";;EDINSONOSVALDO2011;16990;;;;;"San José de Mayo";https://auto.mercadolibre.com.uy/MLU-689567626-hyundai-hb20-confort-10-mt-_JM;N/A;;"Hyundai Hb20 Confort 1.0 Mt";usd;Sí;silver;false;N/A;N/A;http://perfil.mercadolibre.com.uy/EDINSONOSVALDO2011;active;N/A;N/A;Nuevo;Azul;N/A;Hidráulica;Delantera;Sí;N/A;Sí;N/A;N/A;N/A;N/A;N/A;N/A;N/A;N/A;N/A;N/A;N/A;N/A;N/A;N/A;N/A;N/A;N/A;N/A;N/A;N/A;N/A;N/A;"2500 mm";"1 L";"50 L";6;N/A;N/A;N/A;N/A;N/A;N/A;N/A;N/A;N/A;N/A;N/A;N/A;N/A;N/A;N/A;N/A;N/A;N/A;N/A;N/A;N/A;N/A;N/A;N/A;N/A;N/A;N/A;N/A;N/A;N/A;N/A;N/A;N/A;Sí;Sí;N/A;N/A;N/A;N/A;N/A;N/A;N/A;N/A;N/A;N/A;"1470 mm";"3920 mm";N/A;N/A;N/A;N/A;5;"101 hp";N/A;N/A;4;"1680 mm";N/A;N/A;N/A;N/A;Sí;N/A;N/A;Sí;Sí;N/A;N/A;"13.8 km/l";N/A;N/A;N/A;N/A;N/A;N/A;5;1.0;Nafta;Manual;Hatchback;"Autos y camionetas";N/A;N/A;N/A;N/A;N/A;N/A;UY;N/A;N/A;N/A;N/A;N/A;N/A;N/A;N/A;N/A;N/A;N/A;N/A;N/A;N/A;N/A;N/A;N/A;N/A;N/A;N/A;N/A;N/A;N/A;N/A;N/A;N/A;N/A;N/A;N/A;N/A;N/A;N/A;N/A;N/A;N/A;N/A;N/A;N/A;N/A;N/A;N/A;N/A;N/A;N/A;N/A;N/A;N/A;N/A;N/A;N/A;N/A;N/A;N/A;N/A;N/A;N/A;N/A;N/A;N/A;N/A;N/A;N/A;N/A;N/A;N/A;N/A;N/A;N/A;N/A;N/A;N/A;N/A;N/A;N/A;N/A;N/A;N/A;N/A;N/A;N/A;N/A;N/A;N/A;N/A;N/A;N/A;N/A;N/A;N/A;N/A;N/A;N/A;N/A;N/A;N/A;N/A;N/A;N/A;N/A;N/A;N/A;N/A;N/A;N/A;N/A;Sí;N/A;N/A;N/A;Sí;N/A;N/A;Sí;N/A;Sí
Hyundai;HB20;Comfort;2024;"0 km";;MONTOSSIAUTOMVILES;16990;;;;;Maldonado;https://auto.mercadolibre.com.uy/MLU-693208046-hyundai-hb20-comfort-2024-0km-_JM;N/A;;"Hyundai Hb20 Comfort 2024 0km";USD;Sí;silver;false;N/A;N/A;http://perfil.mercadolibre.com.uy/MONTOSSIAUTOMVILES;active;N/A;N/A;Nuevo;Azul;N/A;Asistida;N/A;Sí;Sí;N/A;N/A;N/A;N/A;Sí;Sí;N/A;N/A;Sí;N/A;Sí;N/A;N/A;N/A;N/A;N/A;N/A;N/A;N/A;N/A;N/A;N/A;N/A;N/A;"1000 cc";N/A;N/A;N/A;N/A;N/A;N/A;Sí;N/A;N/A;N/A;N/A;N/A;N/A;N/A;N/A;N/A;N/A;N/A;N/A;N/A;N/A;N/A;N/A;N/A;N/A;Sí;N/A;Sí;N/A;Sí;N/A;N/A;N/A;N/A;N/A;N/A;N/A;N/A;N/A;N/A;N/A;N/A;N/A;N/A;N/A;N/A;N/A;N/A;N/A;N/A;N/A;N/A;N/A;N/A;N/A;Comfort;N/A;N/A;N/A;N/A;N/A;N/A;N/A;N/A;N/A;N/A;N/A;N/A;N/A;N/A;N/A;N/A;N/A;N/A;N/A;N/A;"Lun. a Vie. 09:00 a 12:30 - 14:30 a 19 hs. Sáb. 9 a 13hs hs";5;1.0;Nafta;Manual;Hatchback;"Autos y camionetas";No;N/A;N/A;N/A;No;N/A;N/A;No;Sí;No;No;N/A;N/A;N/A;N/A;N/A;N/A;N/A;N/A;N/A;N/A;N/A;N/A;N/A;N/A;N/A;N/A;N/A;N/A;N/A;N/A;N/A;N/A;N/A;N/A;N/A;N/A;N/A;N/A;N/A;N/A;N/A;N/A;Sí;N/A;N/A;N/A;N/A;N/A;N/A;N/A;N/A;N/A;N/A;N/A;N/A;N/A;N/A;N/A;N/A;N/A;Sí;No;N/A;N/A;N/A;N/A;N/A;N/A;N/A;N/A;N/A;N/A;N/A;N/A;N/A;N/A;N/A;N/A;N/A;N/A;N/A;N/A;N/A;N/A;N/A;N/A;N/A;N/A;N/A;N/A;N/A;N/A;N/A;N/A;N/A;Sí;N/A;N/A;Sí;Sí;Sí;Sí;N/A;N/A;Sí;N/A;N/A;N/A;N/A;Sí;Sí;Sí;N/A;Sí;Sí;Sí;N/A;N/A;Sí;N/A;Sí
Hyundai;i10;"1.1 GLS FULL";2011;"119000 km";;BONAIN;8000;;;;;Maldonado;https://auto.mercadolibre.com.uy/MLU-647481173-hyundai-i10-2011-full-im-pe-ca-ble-_JM;N/A;;"Hyundai I10 2011 Full Im-pe-ca-ble";USD;Sí;silver;false;N/A;N/A;http://perfil.mercadolibre.com.uy/BONAIN;active;N/A;N/A;Usado;Blanco;N/A;Hidráulica;N/A;Sí;N/A;N/A;N/A;N/A;N/A;N/A;N/A;N/A;N/A;N/A;N/A;Sí;N/A;N/A;N/A;N/A;N/A;N/A;N/A;N/A;N/A;N/A;N/A;N/A;N/A;N/A;N/A;N/A;N/A;N/A;N/A;N/A;N/A;N/A;N/A;N/A;N/A;N/A;N/A;N/A;N/A;N/A;N/A;N/A;N/A;N/A;N/A;N/A;N/A;N/A;N/A;N/A;N/A;N/A;N/A;N/A;N/A;N/A;N/A;N/A;N/A;N/A;N/A;N/A;N/A;N/A;N/A;N/A;N/A;N/A;N/A;N/A;N/A;N/A;N/A;N/A;N/A;N/A;N/A;N/A;N/A;N/A;N/A;N/A;N/A;N/A;N/A;N/A;N/A;N/A;N/A;N/A;N/A;N/A;N/A;N/A;N/A;N/A;N/A;N/A;N/A;N/A;N/A;5;N/A;Nafta;N/A;N/A;"Autos y camionetas";N/A;N/A;N/A;N/A;N/A;N/A;N/A;N/A;No;N/A;N/A;N/A;N/A;N/A;N/A;N/A;N/A;N/A;N/A;N/A;N/A;N/A;N/A;N/A;N/A;N/A;N/A;N/A;N/A;N/A;N/A;N/A;N/A;N/A;N/A;N/A;N/A;N/A;N/A;N/A;N/A;N/A;N/A;N/A;N/A;N/A;N/A;N/A;N/A;N/A;N/A;N/A;N/A;N/A;N/A;N/A;N/A;N/A;N/A;N/A;N/A;N/A;Sí;N/A;N/A;N/A;N/A;N/A;N/A;N/A;N/A;N/A;N/A;N/A;N/A;N/A;N/A;N/A;N/A;N/A;N/A;N/A;N/A;N/A;N/A;N/A;N/A;N/A;N/A;N/A;N/A;N/A;N/A;N/A;N/A;N/A;N/A;N/A;N/A;N/A;N/A;N/A;N/A;N/A;N/A;N/A;N/A;N/A;N/A;N/A;N/A;N/A;N/A;N/A;N/A;N/A;N/A;N/A;N/A;N/A;N/A;N/A
Hyundai;Atos;Atos;2020;"48000 km";;"OLIVERA AUTOMOTORES";12500;;;;;Salto;https://auto.mercadolibre.com.uy/MLU-704445620-hyundai-atos-_JM;N/A;;"Hyundai Atos";USD;Sí;silver;false;N/A;N/A;http://perfil.mercadolibre.com.uy/OLIVERA+AUTOMOTORES;active;N/A;N/A;Usado;Blanco;N/A;Eléctrica;N/A;Sí;N/A;N/A;N/A;N/A;N/A;N/A;N/A;N/A;N/A;N/A;N/A;Sí;N/A;N/A;N/A;N/A;N/A;N/A;N/A;N/A;N/A;N/A;N/A;N/A;N/A;N/A;N/A;N/A;N/A;N/A;N/A;N/A;N/A;N/A;N/A;N/A;N/A;N/A;N/A;N/A;N/A;N/A;N/A;N/A;N/A;N/A;N/A;N/A;N/A;N/A;N/A;N/A;N/A;N/A;N/A;N/A;N/A;N/A;N/A;N/A;N/A;N/A;N/A;N/A;N/A;N/A;N/A;N/A;N/A;N/A;N/A;N/A;N/A;N/A;N/A;N/A;N/A;N/A;N/A;N/A;N/A;N/A;N/A;N/A;N/A;N/A;N/A;N/A;N/A;Sí;N/A;N/A;Sí;N/A;N/A;N/A;N/A;N/A;N/A;N/A;N/A;N/A;N/A;5;N/A;Nafta;Manual;N/A;"Autos y camionetas";N/A;N/A;N/A;N/A;N/A;N/A;N/A;N/A;Sí;N/A;N/A;N/A;N/A;N/A;N/A;N/A;N/A;N/A;N/A;N/A;N/A;N/A;N/A;N/A;N/A;N/A;N/A;N/A;N/A;N/A;N/A;N/A;N/A;N/A;N/A;N/A;N/A;N/A;N/A;N/A;N/A;N/A;N/A;N/A;N/A;N/A;N/A;N/A;N/A;N/A;N/A;N/A;N/A;N/A;N/A;N/A;N/A;N/A;N/A;N/A;N/A;N/A;N/A;N/A;N/A;N/A;N/A;N/A;N/A;N/A;N/A;N/A;N/A;N/A;N/A;N/A;N/A;N/A;N/A;N/A;N/A;N/A;N/A;N/A;N/A;N/A;N/A;N/A;N/A;N/A;N/A;N/A;N/A;N/A;N/A;N/A;Sí;N/A;N/A;N/A;N/A;N/A;N/A;N/A;N/A;N/A;N/A;N/A;N/A;N/A;N/A;N/A;N/A;N/A;Sí;N/A;Sí;N/A;N/A;Sí;N/A;Sí
Hyundai;Creta;"1.6 Limited Gls";2018;"105000 km";;LONI3128479;18500;;;;;"Sauce de Portezuelo";https://auto.mercadolibre.com.uy/MLU-704372600-hyundai-creta-16-limited-gls-_JM;N/A;;"Hyundai Creta 1.6 Limited Gls";usd;Sí;silver;false;N/A;N/A;http://perfil.mercadolibre.com.uy/LONI3128479;active;N/A;N/A;Usado;Gris;No;Eléctrica;4x2;Sí;Sí;Sí;N/A;N/A;N/A;N/A;N/A;Sí;N/A;N/A;Sí;Sí;N/A;No;N/A;N/A;N/A;N/A;N/A;N/A;N/A;N/A;N/A;N/A;"2590 mm";"1.6 L";"58 L";5;N/A;N/A;N/A;N/A;N/A;No;N/A;N/A;N/A;N/A;N/A;N/A;N/A;N/A;N/A;N/A;N/A;N/A;N/A;N/A;N/A;N/A;N/A;N/A;N/A;N/A;N/A;N/A;N/A;Sí;N/A;N/A;N/A;Sí;Sí;N/A;N/A;N/A;N/A;N/A;N/A;N/A;N/A;N/A;N/A;"1635 mm";"4440 mm";N/A;N/A;N/A;N/A;5;"163 hp";"Limited Gls";N/A;4;"1898 mm";N/A;No;N/A;Sí;Sí;N/A;Sí;Sí;N/A;No;N/A;N/A;No;Sí;N/A;N/A;Sí;N/A;5;1.6;Nafta;Manual;SUV;"Autos y camionetas";No;N/A;N/A;N/A;No;N/A;UY;N/A;Sí;N/A;No;N/A;N/A;N/A;N/A;N/A;N/A;N/A;N/A;N/A;N/A;N/A;N/A;N/A;No;N/A;N/A;N/A;N/A;N/A;N/A;N/A;N/A;N/A;N/A;N/A;N/A;N/A;N/A;N/A;N/A;N/A;N/A;No;N/A;N/A;N/A;N/A;N/A;N/A;N/A;N/A;N/A;N/A;N/A;N/A;N/A;N/A;N/A;N/A;N/A;No;Sí;N/A;N/A;N/A;N/A;N/A;N/A;N/A;N/A;N/A;N/A;N/A;N/A;N/A;N/A;N/A;N/A;N/A;N/A;N/A;N/A;N/A;N/A;N/A;N/A;N/A;N/A;N/A;N/A;N/A;N/A;N/A;N/A;No;Sí;Sí;Sí;N/A;Sí;N/A;N/A;N/A;N/A;Sí;No;No;Sí;N/A;N/A;No;Sí;No;Sí;Sí;Sí;Sí;No;Sí;N/A;Sí
Hyundai;H1;2.5;2006;"1111 km";;PAHE7384716;6150;;;;;Aguada;https://auto.mercadolibre.com.uy/MLU-703488242-hyundai-h1-diesel-25-por-partes-solo-repuestos-_JM;N/A;;"Hyundai H1 Diesel 2.5 Por Partes, Solo Repuestos";USD;No;silver;false;N/A;N/A;http://perfil.mercadolibre.com.uy/PAHE7384716;active;N/A;N/A;Usado;Blanco;N/A;Hidráulica;N/A;N/A;N/A;N/A;N/A;N/A;N/A;N/A;N/A;N/A;N/A;N/A;N/A;N/A;N/A;N/A;N/A;N/A;N/A;N/A;N/A;N/A;N/A;N/A;N/A;N/A;N/A;N/A;N/A;N/A;N/A;N/A;N/A;N/A;N/A;N/A;N/A;N/A;N/A;N/A;N/A;N/A;N/A;N/A;N/A;N/A;N/A;N/A;N/A;N/A;N/A;N/A;N/A;N/A;N/A;N/A;N/A;N/A;N/A;N/A;N/A;N/A;N/A;N/A;N/A;N/A;N/A;N/A;N/A;N/A;N/A;N/A;N/A;N/A;N/A;N/A;N/A;N/A;N/A;N/A;N/A;N/A;N/A;N/A;N/A;N/A;N/A;N/A;N/A;N/A;N/A;N/A;N/A;N/A;N/A;N/A;N/A;N/A;N/A;N/A;N/A;N/A;N/A;N/A;N/A;4;2.5;Diésel;Manual;N/A;"Autos y camionetas";N/A;N/A;N/A;N/A;N/A;N/A;N/A;N/A;N/A;N/A;N/A;N/A;N/A;N/A;N/A;N/A;N/A;N/A;N/A;N/A;N/A;N/A;N/A;N/A;N/A;N/A;N/A;N/A;N/A;N/A;N/A;N/A;N/A;N/A;N/A;N/A;N/A;N/A;N/A;N/A;N/A;N/A;N/A;N/A;N/A;N/A;N/A;N/A;N/A;N/A;N/A;N/A;N/A;N/A;N/A;N/A;N/A;N/A;N/A;N/A;N/A;N/A;N/A;N/A;N/A;N/A;N/A;N/A;N/A;N/A;N/A;N/A;N/A;N/A;N/A;N/A;N/A;N/A;N/A;N/A;N/A;N/A;N/A;N/A;N/A;N/A;N/A;N/A;N/A;N/A;N/A;N/A;N/A;N/A;N/A;N/A;N/A;N/A;N/A;N/A;N/A;N/A;N/A;N/A;N/A;N/A;N/A;N/A;N/A;N/A;N/A;N/A;N/A;N/A;N/A;N/A;N/A;N/A;N/A;N/A;N/A;N/A
Hyundai;HB20;-;2018;"100000 km";;"RIVEROAUTOMOTORES TACUAREMBÓ";13900;;;;;Tacuarembó;https://auto.mercadolibre.com.uy/MLU-702900852-hyundai-hb20-16-2018-impecable-_JM;N/A;;"Hyundai Hb20 1.6 2018 Impecable!";usd;Sí;silver;false;N/A;N/A;http://perfil.mercadolibre.com.uy/RIVEROAUTOMOTORES+TACUAREMB%C3%93;active;N/A;N/A;Usado;Blanco;N/A;Eléctrica;N/A;N/A;N/A;N/A;N/A;N/A;N/A;N/A;N/A;N/A;N/A;N/A;N/A;N/A;N/A;N/A;N/A;N/A;N/A;N/A;N/A;N/A;N/A;N/A;N/A;N/A;N/A;"1600 cc";N/A;6;N/A;N/A;N/A;N/A;N/A;N/A;N/A;N/A;N/A;N/A;N/A;N/A;N/A;N/A;N/A;N/A;N/A;N/A;N/A;N/A;N/A;N/A;N/A;N/A;N/A;N/A;N/A;N/A;N/A;N/A;N/A;N/A;N/A;N/A;N/A;N/A;N/A;N/A;N/A;N/A;N/A;N/A;N/A;N/A;N/A;N/A;N/A;N/A;N/A;N/A;N/A;N/A;N/A;N/A;N/A;N/A;N/A;N/A;N/A;N/A;N/A;N/A;N/A;N/A;N/A;N/A;N/A;N/A;N/A;N/A;N/A;N/A;N/A;N/A;"Lun. a Vie. de 8 a 12 y de 14 a 19 hs. Sáb de 8 a 13 hs";5;1.6;Nafta;Manual;Hatchback;"Autos y camionetas";No;N/A;N/A;N/A;No;N/A;UY;No;Sí;No;No;N/A;N/A;N/A;N/A;N/A;N/A;N/A;N/A;N/A;N/A;N/A;N/A;N/A;N/A;N/A;N/A;N/A;N/A;N/A;N/A;N/A;N/A;N/A;N/A;N/A;N/A;N/A;N/A;N/A;N/A;N/A;N/A;N/A;N/A;N/A;N/A;N/A;N/A;N/A;N/A;N/A;N/A;N/A;N/A;N/A;N/A;N/A;N/A;N/A;N/A;N/A;No;N/A;N/A;N/A;N/A;N/A;N/A;N/A;N/A;N/A;N/A;N/A;N/A;N/A;N/A;N/A;N/A;N/A;N/A;N/A;N/A;N/A;N/A;N/A;N/A;N/A;N/A;N/A;N/A;N/A;N/A;N/A;N/A;N/A;N/A;N/A;N/A;N/A;N/A;N/A;N/A;N/A;N/A;N/A;N/A;N/A;N/A;N/A;N/A;N/A;N/A;N/A;N/A;N/A;N/A;N/A;N/A;N/A;N/A;N/A
Hyundai;HB20S;"1.6 Unique At 4p";2024;"20000 km";;TTARBESAS63019;23500;;;;;Rocha;https://auto.mercadolibre.com.uy/MLU-702133324-hyundai-hb20s-16-unique-at-4p-_JM;N/A;;"Hyundai Hb20s 1.6 Unique At 4p";usd;Sí;silver;false;N/A;N/A;http://perfil.mercadolibre.com.uy/TTARBESAS63019;active;N/A;N/A;Usado;Gris;Sí;Hidráulica;Delantera;Sí;N/A;Sí;N/A;N/A;N/A;N/A;N/A;N/A;N/A;N/A;N/A;N/A;N/A;N/A;N/A;N/A;N/A;N/A;N/A;N/A;N/A;N/A;N/A;N/A;"2500 mm";"1.6 L";"50 L";6;N/A;N/A;N/A;N/A;N/A;N/A;N/A;N/A;N/A;N/A;N/A;N/A;N/A;N/A;N/A;N/A;N/A;N/A;N/A;N/A;N/A;N/A;N/A;N/A;N/A;N/A;N/A;N/A;N/A;N/A;N/A;N/A;N/A;Sí;Sí;N/A;N/A;N/A;N/A;N/A;N/A;N/A;N/A;N/A;N/A;"1470 mm";"4230 mm";N/A;N/A;N/A;N/A;5;"123 hp";Unique;N/A;4;"1680 mm";N/A;N/A;N/A;N/A;Sí;N/A;N/A;Sí;Sí;N/A;N/A;"14 km/l";N/A;N/A;N/A;N/A;N/A;"Todos los dias";4;1.6;Nafta;Automática;Sedán;"Autos y camionetas";N/A;N/A;N/A;N/A;N/A;N/A;UY;N/A;Sí;N/A;N/A;N/A;N/A;N/A;N/A;N/A;N/A;N/A;N/A;N/A;N/A;N/A;N/A;N/A;N/A;N/A;N/A;N/A;N/A;N/A;N/A;N/A;N/A;N/A;N/A;N/A;N/A;N/A;N/A;N/A;N/A;N/A;N/A;Sí;N/A;N/A;N/A;N/A;N/A;N/A;N/A;N/A;N/A;N/A;N/A;N/A;N/A;N/A;N/A;N/A;N/A;N/A;N/A;N/A;N/A;N/A;N/A;N/A;N/A;N/A;N/A;N/A;N/A;N/A;N/A;N/A;N/A;N/A;N/A;N/A;N/A;N/A;N/A;N/A;N/A;N/A;N/A;N/A;N/A;N/A;N/A;N/A;N/A;N/A;N/A;N/A;N/A;N/A;N/A;N/A;N/A;N/A;N/A;N/A;N/A;N/A;N/A;N/A;N/A;N/A;N/A;N/A;Sí;N/A;N/A;N/A;Sí;N/A;N/A;Sí;N/A;Sí
Hyundai;"Grand i10";"1.0 CC";2015;"95000 km";;AMAYASELECCIONADOS;11990;;;;;"Brazo Oriental";https://auto.mercadolibre.com.uy/MLU-693790252-hyundai-grand-i10-_JM;N/A;;"Hyundai Grand I10";USD;Sí;silver;false;N/A;N/A;http://perfil.mercadolibre.com.uy/AMAYASELECCIONADOS;active;N/A;N/A;Usado;Gris;N/A;N/A;N/A;N/A;N/A;N/A;N/A;N/A;N/A;N/A;N/A;N/A;N/A;N/A;N/A;N/A;N/A;N/A;N/A;N/A;N/A;N/A;N/A;N/A;N/A;N/A;N/A;N/A;N/A;N/A;N/A;N/A;N/A;N/A;N/A;N/A;N/A;N/A;N/A;N/A;N/A;N/A;N/A;N/A;N/A;N/A;N/A;N/A;N/A;N/A;N/A;N/A;N/A;N/A;N/A;N/A;N/A;N/A;N/A;N/A;N/A;N/A;N/A;N/A;N/A;N/A;N/A;N/A;N/A;N/A;N/A;N/A;N/A;N/A;N/A;N/A;N/A;N/A;N/A;N/A;N/A;N/A;N/A;N/A;N/A;N/A;N/A;N/A;N/A;N/A;N/A;N/A;N/A;N/A;N/A;N/A;N/A;N/A;N/A;N/A;N/A;N/A;N/A;N/A;N/A;N/A;"Luneas a viernes de 9 a 18:30hs";5;N/A;Nafta;N/A;N/A;"Autos y camionetas";N/A;N/A;N/A;N/A;N/A;N/A;N/A;N/A;N/A;N/A;N/A;N/A;N/A;N/A;N/A;N/A;N/A;N/A;N/A;N/A;N/A;N/A;N/A;N/A;N/A;N/A;N/A;N/A;N/A;N/A;N/A;N/A;N/A;N/A;N/A;N/A;N/A;N/A;N/A;N/A;N/A;N/A;N/A;N/A;N/A;N/A;N/A;N/A;N/A;N/A;N/A;N/A;N/A;N/A;N/A;N/A;N/A;N/A;N/A;N/A;N/A;N/A;N/A;N/A;N/A;N/A;N/A;N/A;N/A;N/A;N/A;N/A;N/A;N/A;N/A;N/A;N/A;N/A;N/A;N/A;N/A;N/A;N/A;N/A;N/A;N/A;N/A;N/A;N/A;N/A;N/A;N/A;N/A;N/A;N/A;N/A;N/A;N/A;N/A;N/A;N/A;N/A;N/A;N/A;N/A;N/A;N/A;N/A;N/A;N/A;N/A;N/A;N/A;N/A;N/A;N/A;N/A;N/A;N/A;N/A;N/A;N/A
Hyundai;Tucson;"2.0 Gls 6at 4wd";2013;"189442 km";;"MELE SRL";13990;;;;;Centro;https://auto.mercadolibre.com.uy/MLU-701396074-hyundai-tucson-2013-20-gls-6at-4wd-_JM;N/A;;"Hyundai Tucson 2013 2.0 Gls 6at 4wd";usd;Sí;silver;false;N/A;N/A;http://perfil.mercadolibre.com.uy/MELE+SRL;active;N/A;N/A;Usado;N/A;N/A;Hidráulica;4x4;Sí;N/A;Sí;N/A;N/A;N/A;N/A;N/A;N/A;N/A;N/A;N/A;N/A;N/A;N/A;N/A;N/A;N/A;N/A;N/A;N/A;N/A;N/A;N/A;N/A;"2630 mm";"2 L";"58 L";6;N/A;N/A;N/A;N/A;N/A;N/A;N/A;N/A;N/A;N/A;N/A;N/A;N/A;N/A;N/A;N/A;N/A;N/A;N/A;N/A;N/A;N/A;N/A;N/A;N/A;N/A;N/A;N/A;N/A;N/A;N/A;Sí;N/A;N/A;N/A;N/A;N/A;N/A;N/A;N/A;N/A;Sí;N/A;N/A;N/A;"1655 mm";"4410 mm";N/A;N/A;N/A;N/A;5;"166 hp";Gls;N/A;4;"1830 mm";"10.6 km/l";N/A;N/A;N/A;N/A;N/A;N/A;N/A;N/A;N/A;Sí;"6.8 km/l";N/A;N/A;N/A;N/A;N/A;N/A;5;2.0;Nafta;Automática;SUV;"Autos y camionetas";N/A;N/A;N/A;N/A;N/A;N/A;UY;N/A;N/A;N/A;N/A;N/A;N/A;N/A;N/A;N/A;N/A;N/A;N/A;N/A;N/A;N/A;N/A;N/A;N/A;N/A;N/A;N/A;N/A;N/A;N/A;N/A;N/A;N/A;N/A;N/A;N/A;N/A;N/A;N/A;N/A;N/A;N/A;N/A;N/A;N/A;N/A;N/A;N/A;N/A;N/A;N/A;N/A;N/A;N/A;N/A;N/A;N/A;N/A;N/A;N/A;N/A;N/A;N/A;N/A;N/A;N/A;N/A;N/A;N/A;N/A;N/A;N/A;N/A;N/A;N/A;N/A;N/A;N/A;N/A;N/A;N/A;N/A;N/A;N/A;N/A;N/A;N/A;N/A;N/A;N/A;N/A;N/A;N/A;N/A;N/A;Sí;N/A;Sí;N/A;N/A;N/A;N/A;N/A;N/A;N/A;N/A;N/A;N/A;Sí;N/A;Sí;N/A;N/A;N/A;N/A;N/A;N/A;N/A;N/A;N/A;N/A
Hyundai;Tucson;"GL VALUE";2016;"90000 km";;"AUTOMOTORA DRIVERS";21000;;;;;Centro;https://auto.mercadolibre.com.uy/MLU-692572432-hyundai-tucson-20-gl-value-2016-us-21000-dta-iva-permutas-_JM;N/A;;"Hyundai Tucson 2.0 Gl Value 2016 U$s 21000 Dta Iva Permutas";USD;Sí;silver;false;N/A;N/A;http://perfil.mercadolibre.com.uy/AUTOMOTORA+DRIVERS;active;N/A;N/A;Usado;Blanco;N/A;Hidráulica;Delantera;Sí;Sí;N/A;N/A;N/A;N/A;N/A;N/A;N/A;N/A;N/A;N/A;Sí;N/A;Sí;N/A;N/A;N/A;N/A;N/A;N/A;N/A;N/A;N/A;N/A;N/A;N/A;N/A;N/A;N/A;N/A;N/A;N/A;N/A;N/A;N/A;N/A;N/A;N/A;N/A;N/A;N/A;N/A;N/A;N/A;N/A;N/A;N/A;N/A;N/A;N/A;N/A;N/A;N/A;N/A;N/A;N/A;N/A;N/A;N/A;N/A;N/A;N/A;N/A;N/A;N/A;N/A;N/A;N/A;N/A;N/A;N/A;N/A;N/A;N/A;N/A;N/A;N/A;N/A;N/A;N/A;N/A;N/A;N/A;N/A;N/A;N/A;N/A;N/A;N/A;Sí;N/A;Sí;Sí;N/A;N/A;N/A;N/A;N/A;N/A;N/A;N/A;Sí;"LUNES A VIERNES DE 10 A 18 HRS";5;2.0;Nafta;Manual;SUV;"Autos y camionetas";N/A;N/A;N/A;N/A;N/A;N/A;N/A;N/A;Sí;N/A;N/A;N/A;N/A;N/A;N/A;N/A;N/A;N/A;N/A;N/A;N/A;N/A;N/A;N/A;N/A;N/A;N/A;N/A;N/A;N/A;N/A;N/A;N/A;N/A;N/A;N/A;N/A;N/A;N/A;N/A;N/A;N/A;N/A;N/A;N/A;N/A;N/A;N/A;N/A;N/A;N/A;N/A;N/A;N/A;N/A;N/A;N/A;N/A;N/A;N/A;N/A;N/A;N/A;N/A;N/A;N/A;N/A;N/A;N/A;N/A;N/A;N/A;N/A;N/A;N/A;N/A;N/A;N/A;N/A;N/A;N/A;N/A;N/A;N/A;N/A;N/A;N/A;N/A;N/A;N/A;N/A;N/A;N/A;N/A;N/A;N/A;Sí;N/A;Sí;N/A;N/A;N/A;N/A;N/A;N/A;Sí;N/A;Sí;Sí;N/A;N/A;Sí;Sí;Sí;Sí;Sí;Sí;N/A;N/A;N/A;N/A;Sí
Hyundai;"New Kona Hybrid";"Safe Hybrid";2024;"0 km";;EDINSONOSVALDO2011;41990;;;;;"San José de Mayo";https://auto.mercadolibre.com.uy/MLU-642814219-all-new-kona-hybrid-_JM;N/A;;"All New Kona Hybrid";USD;Sí;silver;false;N/A;N/A;http://perfil.mercadolibre.com.uy/EDINSONOSVALDO2011;active;N/A;N/A;Nuevo;Blanco;N/A;N/A;Delantera;Sí;Sí;N/A;N/A;N/A;Sí;N/A;N/A;N/A;N/A;N/A;Sí;Sí;N/A;N/A;N/A;N/A;N/A;N/A;N/A;N/A;N/A;N/A;N/A;N/A;N/A;N/A;N/A;N/A;N/A;N/A;N/A;N/A;N/A;N/A;N/A;N/A;N/A;N/A;N/A;N/A;N/A;N/A;N/A;N/A;N/A;N/A;N/A;N/A;N/A;N/A;N/A;N/A;N/A;N/A;N/A;N/A;N/A;N/A;N/A;N/A;N/A;N/A;N/A;N/A;N/A;N/A;N/A;N/A;N/A;N/A;N/A;N/A;N/A;N/A;N/A;N/A;N/A;N/A;N/A;N/A;N/A;N/A;N/A;N/A;N/A;N/A;Sí;N/A;Sí;Sí;N/A;Sí;Sí;N/A;N/A;N/A;N/A;N/A;N/A;N/A;N/A;Sí;N/A;5;"1600 140HP";Híbrido;Automática;SUV;"Autos y camionetas";N/A;N/A;N/A;N/A;N/A;N/A;N/A;N/A;Sí;N/A;N/A;N/A;N/A;N/A;N/A;N/A;N/A;N/A;N/A;N/A;N/A;N/A;N/A;N/A;Sí;N/A;N/A;N/A;N/A;N/A;N/A;N/A;N/A;N/A;N/A;N/A;N/A;N/A;N/A;N/A;N/A;N/A;N/A;Sí;N/A;N/A;N/A;N/A;N/A;N/A;N/A;N/A;N/A;N/A;N/A;N/A;N/A;N/A;N/A;N/A;N/A;N/A;N/A;N/A;N/A;N/A;N/A;N/A;N/A;N/A;N/A;N/A;N/A;N/A;N/A;N/A;N/A;N/A;N/A;N/A;N/A;N/A;N/A;N/A;N/A;N/A;N/A;N/A;N/A;N/A;N/A;N/A;N/A;N/A;N/A;N/A;Sí;Sí;Sí;N/A;Sí;N/A;N/A;N/A;N/A;Sí;N/A;N/A;N/A;N/A;N/A;Sí;Sí;Sí;Sí;N/A;Sí;N/A;N/A;N/A;N/A;N/A
Hyundai;Genesis;Sedan;2015;"56000 km";;HYUNDAIPUNTADELESTE;37000;;;;;Maldonado;https://auto.mercadolibre.com.uy/MLU-698457582-hyundai-genesis-g80-_JM;N/A;;"Hyundai Genesis G80";USD;Sí;silver;false;N/A;N/A;http://perfil.mercadolibre.com.uy/HYUNDAIPUNTADELESTE;active;N/A;N/A;Usado;Gris;N/A;Eléctrica;N/A;N/A;N/A;N/A;N/A;N/A;N/A;N/A;N/A;N/A;N/A;N/A;N/A;N/A;N/A;N/A;N/A;N/A;N/A;N/A;N/A;N/A;N/A;N/A;N/A;N/A;N/A;N/A;N/A;N/A;N/A;N/A;N/A;N/A;N/A;N/A;N/A;N/A;N/A;N/A;N/A;N/A;N/A;N/A;N/A;N/A;N/A;N/A;N/A;N/A;N/A;N/A;N/A;N/A;N/A;N/A;N/A;N/A;N/A;N/A;N/A;N/A;N/A;N/A;N/A;N/A;N/A;N/A;N/A;N/A;N/A;N/A;N/A;N/A;N/A;N/A;N/A;N/A;N/A;N/A;N/A;N/A;N/A;N/A;N/A;N/A;N/A;N/A;N/A;N/A;N/A;N/A;N/A;N/A;N/A;N/A;N/A;N/A;N/A;N/A;N/A;N/A;N/A;N/A;"LUNES A SABADOS 09:30 19:30";4;V8;Nafta;N/A;Sedán;"Autos y camionetas";N/A;N/A;N/A;N/A;N/A;N/A;N/A;N/A;N/A;N/A;N/A;N/A;N/A;N/A;N/A;N/A;N/A;N/A;N/A;N/A;N/A;N/A;N/A;N/A;N/A;N/A;N/A;N/A;N/A;N/A;N/A;N/A;N/A;N/A;N/A;N/A;N/A;N/A;N/A;N/A;N/A;N/A;N/A;N/A;N/A;N/A;N/A;N/A;N/A;N/A;N/A;N/A;N/A;N/A;N/A;N/A;N/A;N/A;N/A;N/A;N/A;N/A;N/A;N/A;N/A;N/A;N/A;N/A;N/A;N/A;N/A;N/A;N/A;N/A;N/A;N/A;N/A;N/A;N/A;N/A;N/A;N/A;N/A;N/A;N/A;N/A;N/A;N/A;N/A;N/A;N/A;N/A;N/A;N/A;N/A;N/A;N/A;N/A;N/A;N/A;N/A;N/A;N/A;N/A;N/A;N/A;N/A;N/A;N/A;N/A;N/A;N/A;N/A;N/A;N/A;N/A;N/A;N/A;N/A;N/A;N/A;N/A
Hyundai;Tucson;"2.0 Gl 6at 2wd";2010;"162500 km";;AMAYAMOTORS;14900;;;;;Centro;https://auto.mercadolibre.com.uy/MLU-646634773-hyundai-tucson-automatica-amaya-_JM;N/A;;"Hyundai Tucson Automatica Amaya";usd;Sí;silver;false;N/A;N/A;http://perfil.mercadolibre.com.uy/AMAYAMOTORS;active;N/A;N/A;Usado;Dorado;N/A;Hidráulica;4x2;Sí;Sí;Sí;N/A;N/A;N/A;N/A;N/A;N/A;N/A;N/A;N/A;Sí;N/A;N/A;N/A;N/A;N/A;N/A;N/A;N/A;N/A;N/A;N/A;N/A;"2630 mm";"2 L";"58 L";6;N/A;N/A;N/A;N/A;N/A;N/A;N/A;N/A;N/A;N/A;N/A;N/A;N/A;N/A;N/A;N/A;N/A;N/A;N/A;N/A;N/A;N/A;N/A;N/A;N/A;N/A;N/A;N/A;N/A;Sí;N/A;Sí;N/A;N/A;N/A;N/A;N/A;N/A;N/A;N/A;N/A;Sí;N/A;N/A;N/A;"1655 mm";"4410 mm";N/A;N/A;N/A;N/A;5;"166 hp";Gl;N/A;4;"1830 mm";"10.4 km/l";N/A;N/A;N/A;Sí;N/A;Sí;Sí;N/A;N/A;Sí;"6.4 km/l";N/A;N/A;N/A;N/A;Sí;N/A;5;2.0;Nafta;Automática;SUV;"Autos y camionetas";N/A;N/A;N/A;N/A;N/A;N/A;UY;N/A;Sí;N/A;N/A;N/A;N/A;N/A;N/A;N/A;N/A;N/A;N/A;N/A;N/A;N/A;N/A;N/A;N/A;N/A;N/A;N/A;N/A;N/A;N/A;N/A;N/A;N/A;N/A;N/A;N/A;N/A;N/A;N/A;N/A;N/A;N/A;N/A;N/A;N/A;N/A;N/A;N/A;N/A;N/A;N/A;N/A;N/A;N/A;N/A;N/A;N/A;N/A;N/A;N/A;Sí;Sí;N/A;N/A;N/A;N/A;N/A;N/A;N/A;N/A;N/A;N/A;N/A;N/A;N/A;N/A;N/A;N/A;N/A;N/A;N/A;N/A;N/A;N/A;N/A;N/A;N/A;N/A;N/A;N/A;N/A;N/A;N/A;N/A;N/A;Sí;Sí;Sí;N/A;Sí;N/A;N/A;N/A;N/A;Sí;N/A;N/A;Sí;Sí;N/A;Sí;Sí;N/A;Sí;Sí;N/A;N/A;N/A;Sí;N/A;N/A
Hyundai;i10;"1.1 Gls Mt";2012;"142361 km";;AUTOMOVILESMC;8290;;;;;Buceo;https://auto.mercadolibre.com.uy/MLU-704813304-hyundai-i10-11-gls-mt-_JM;N/A;;"Hyundai I10 1.1 Gls Mt";usd;Sí;silver;false;N/A;N/A;http://perfil.mercadolibre.com.uy/AUTOMOVILESMC;active;N/A;N/A;Usado;Negro;Sí;Hidráulica;Delantera;N/A;N/A;N/A;N/A;N/A;N/A;N/A;N/A;N/A;N/A;N/A;N/A;N/A;N/A;N/A;N/A;N/A;N/A;N/A;N/A;N/A;N/A;N/A;N/A;N/A;"2380 mm";"1.1 L";"35 L";5;N/A;N/A;N/A;N/A;N/A;N/A;N/A;N/A;N/A;N/A;N/A;N/A;N/A;N/A;N/A;N/A;N/A;N/A;N/A;N/A;N/A;N/A;N/A;N/A;N/A;N/A;N/A;N/A;N/A;N/A;N/A;N/A;N/A;N/A;N/A;N/A;N/A;N/A;N/A;N/A;N/A;N/A;N/A;N/A;N/A;"1550 mm";"3585 mm";N/A;N/A;N/A;N/A;5;"69 hp";Gls;N/A;4;"1595 mm";N/A;N/A;N/A;N/A;N/A;N/A;N/A;N/A;N/A;N/A;N/A;N/A;N/A;N/A;N/A;N/A;N/A;N/A;5;1.1;Nafta;Manual;Hatchback;"Autos y camionetas";N/A;N/A;N/A;N/A;N/A;N/A;UY;N/A;N/A;N/A;N/A;N/A;N/A;N/A;N/A;N/A;N/A;N/A;N/A;N/A;N/A;N/A;N/A;N/A;N/A;N/A;N/A;N/A;N/A;N/A;N/A;N/A;N/A;N/A;N/A;N/A;N/A;N/A;N/A;N/A;N/A;N/A;N/A;N/A;N/A;N/A;N/A;N/A;N/A;N/A;N/A;N/A;N/A;N/A;N/A;N/A;N/A;N/A;N/A;N/A;N/A;N/A;N/A;N/A;N/A;N/A;N/A;N/A;N/A;N/A;N/A;N/A;N/A;N/A;N/A;N/A;N/A;N/A;N/A;N/A;N/A;N/A;N/A;N/A;N/A;N/A;N/A;N/A;N/A;N/A;N/A;N/A;N/A;N/A;N/A;N/A;N/A;N/A;N/A;N/A;N/A;N/A;N/A;N/A;N/A;N/A;N/A;N/A;N/A;N/A;N/A;N/A;N/A;N/A;N/A;N/A;N/A;N/A;N/A;N/A;N/A;N/A
Hyundai;HB20;"1.0 Comfort Mt";2021;"66000 km";;MOES4156353;13200;;;;;"Las Piedras";https://auto.mercadolibre.com.uy/MLU-704255638-hyundai-hb20-10-comfort-mt-_JM;N/A;;"Hyundai Hb20 1.0 Comfort Mt";usd;Sí;silver;false;N/A;N/A;http://perfil.mercadolibre.com.uy/MOES4156353;active;N/A;N/A;Usado;Blanco;N/A;Hidráulica;Delantera;Sí;N/A;Sí;N/A;N/A;N/A;N/A;N/A;N/A;N/A;N/A;N/A;N/A;N/A;N/A;N/A;N/A;N/A;N/A;N/A;N/A;N/A;N/A;N/A;N/A;"2500 mm";"1 L";"50 L";6;N/A;N/A;N/A;N/A;N/A;N/A;N/A;N/A;N/A;N/A;N/A;N/A;N/A;N/A;N/A;N/A;N/A;N/A;N/A;N/A;N/A;N/A;N/A;N/A;N/A;N/A;N/A;N/A;N/A;N/A;N/A;N/A;N/A;Sí;Sí;N/A;N/A;N/A;N/A;N/A;N/A;N/A;N/A;N/A;N/A;"1470 mm";"3920 mm";N/A;N/A;N/A;N/A;5;"101 hp";N/A;N/A;4;"1680 mm";N/A;N/A;N/A;N/A;Sí;N/A;N/A;Sí;Sí;N/A;N/A;"13.8 km/l";N/A;N/A;N/A;N/A;N/A;N/A;5;1.0;Nafta;Manual;Hatchback;"Autos y camionetas";N/A;N/A;N/A;N/A;N/A;N/A;UY;N/A;N/A;N/A;N/A;N/A;N/A;N/A;N/A;N/A;N/A;N/A;N/A;N/A;N/A;N/A;N/A;N/A;N/A;N/A;N/A;N/A;N/A;N/A;N/A;N/A;N/A;N/A;N/A;N/A;N/A;N/A;N/A;N/A;N/A;N/A;N/A;N/A;N/A;N/A;N/A;N/A;N/A;N/A;N/A;N/A;N/A;N/A;N/A;N/A;N/A;N/A;N/A;N/A;N/A;N/A;N/A;N/A;N/A;N/A;N/A;N/A;N/A;N/A;N/A;N/A;N/A;N/A;N/A;N/A;N/A;N/A;N/A;N/A;N/A;N/A;N/A;N/A;N/A;N/A;N/A;N/A;N/A;N/A;N/A;N/A;N/A;N/A;N/A;N/A;N/A;N/A;N/A;N/A;N/A;N/A;N/A;N/A;N/A;N/A;N/A;N/A;N/A;N/A;N/A;N/A;Sí;N/A;N/A;N/A;Sí;N/A;N/A;Sí;N/A;Sí
Hyundai;Sonata;"Híbrido 2.4 MPI Extra Full";2015;"1 km";;"G.ARISPE AUTOMOTORES";19900;;;;;Prado;https://auto.mercadolibre.com.uy/MLU-703850238-hyundai-sonata-hibrido-24-mpi-extra-full-_JM;N/A;;"Hyundai Sonata Híbrido 2.4 Mpi Extra Full";USD;Sí;silver;false;N/A;N/A;http://perfil.mercadolibre.com.uy/G.ARISPE+AUTOMOTORES;active;N/A;N/A;Usado;Blanco;N/A;Eléctrica;4x2;N/A;N/A;N/A;N/A;N/A;N/A;N/A;N/A;N/A;N/A;N/A;N/A;N/A;N/A;N/A;N/A;N/A;N/A;N/A;N/A;N/A;N/A;N/A;N/A;N/A;N/A;N/A;N/A;N/A;N/A;N/A;N/A;N/A;N/A;N/A;N/A;N/A;N/A;N/A;N/A;N/A;N/A;N/A;N/A;N/A;N/A;N/A;N/A;N/A;N/A;N/A;N/A;N/A;N/A;N/A;N/A;N/A;N/A;N/A;N/A;N/A;N/A;N/A;N/A;N/A;N/A;N/A;N/A;N/A;N/A;N/A;N/A;N/A;N/A;N/A;N/A;N/A;N/A;N/A;N/A;N/A;N/A;N/A;N/A;N/A;N/A;N/A;N/A;N/A;N/A;N/A;N/A;N/A;N/A;N/A;N/A;N/A;N/A;N/A;N/A;N/A;N/A;N/A;N/A;4;2.4;Híbrido;Automática;N/A;"Autos y camionetas";N/A;N/A;N/A;N/A;N/A;N/A;N/A;N/A;N/A;N/A;N/A;N/A;N/A;N/A;N/A;N/A;N/A;N/A;N/A;N/A;N/A;N/A;N/A;N/A;N/A;N/A;N/A;N/A;N/A;N/A;N/A;N/A;N/A;N/A;N/A;N/A;N/A;N/A;N/A;N/A;N/A;N/A;N/A;N/A;N/A;N/A;N/A;N/A;N/A;N/A;N/A;N/A;N/A;N/A;N/A;N/A;N/A;N/A;N/A;N/A;N/A;N/A;N/A;N/A;N/A;N/A;N/A;N/A;N/A;N/A;N/A;N/A;N/A;N/A;N/A;N/A;N/A;N/A;N/A;N/A;N/A;N/A;N/A;N/A;N/A;N/A;N/A;N/A;N/A;N/A;N/A;N/A;N/A;N/A;N/A;N/A;N/A;N/A;N/A;N/A;N/A;N/A;N/A;N/A;N/A;N/A;N/A;N/A;N/A;N/A;N/A;N/A;N/A;N/A;N/A;N/A;N/A;N/A;N/A;N/A;N/A;N/A
Hyundai;Tucson;"2.0 Gls 6at 4wd";2013;"187000 km";;GRUPOALER2014;12600;;;;;"Ciudad de la Costa";https://auto.mercadolibre.com.uy/MLU-701900374-hyundai-tucson-_JM;N/A;;"Hyundai Tucson ";usd;Sí;silver;false;N/A;N/A;http://perfil.mercadolibre.com.uy/GRUPOALER2014;active;N/A;N/A;Usado;Gris;N/A;Hidráulica;4x4;Sí;N/A;Sí;N/A;N/A;N/A;N/A;N/A;N/A;N/A;N/A;N/A;N/A;N/A;N/A;N/A;N/A;N/A;N/A;N/A;N/A;N/A;N/A;N/A;N/A;"2630 mm";"2 L";"58 L";6;N/A;N/A;N/A;N/A;N/A;N/A;N/A;N/A;N/A;N/A;N/A;N/A;N/A;N/A;N/A;N/A;N/A;N/A;N/A;N/A;N/A;N/A;N/A;N/A;N/A;N/A;N/A;N/A;N/A;N/A;N/A;Sí;N/A;N/A;N/A;N/A;N/A;N/A;N/A;N/A;N/A;Sí;N/A;N/A;N/A;"1655 mm";"4410 mm";N/A;N/A;N/A;N/A;5;"166 hp";Gls;N/A;4;"1830 mm";"10.6 km/l";N/A;N/A;N/A;N/A;N/A;N/A;N/A;N/A;N/A;Sí;"6.8 km/l";N/A;N/A;N/A;N/A;N/A;"LUNES A VIERNES DE 10 A 18";5;2.0;Nafta;Automática;SUV;"Autos y camionetas";N/A;N/A;N/A;N/A;N/A;N/A;UY;N/A;N/A;N/A;N/A;N/A;N/A;N/A;N/A;N/A;N/A;N/A;N/A;N/A;N/A;N/A;N/A;N/A;N/A;N/A;N/A;N/A;N/A;N/A;N/A;N/A;N/A;N/A;N/A;N/A;N/A;N/A;N/A;N/A;N/A;N/A;N/A;N/A;N/A;N/A;N/A;N/A;N/A;N/A;N/A;N/A;N/A;N/A;N/A;N/A;N/A;N/A;N/A;N/A;N/A;N/A;N/A;N/A;N/A;N/A;N/A;N/A;N/A;N/A;N/A;N/A;N/A;N/A;N/A;N/A;N/A;N/A;N/A;N/A;N/A;N/A;N/A;N/A;N/A;N/A;N/A;N/A;N/A;N/A;N/A;N/A;N/A;N/A;N/A;N/A;Sí;N/A;Sí;N/A;N/A;N/A;N/A;N/A;N/A;N/A;N/A;N/A;N/A;Sí;N/A;Sí;N/A;N/A;N/A;N/A;N/A;N/A;N/A;N/A;N/A;N/A
Hyundai;i10;1.1;2011;"125000 km";;"AUBERGE AUTOMÓVILES";7900;;;;;"Aires Puros";https://auto.mercadolibre.com.uy/MLU-646596747-undefined-_JM;N/A;;Undefined;USD;Sí;silver;false;N/A;N/A;http://perfil.mercadolibre.com.uy/AUBERGE+AUTOM%C3%93VILES;active;N/A;N/A;Usado;Blanco;Sí;Mecánica;N/A;N/A;N/A;N/A;N/A;N/A;N/A;N/A;N/A;N/A;N/A;N/A;N/A;N/A;N/A;N/A;N/A;N/A;N/A;N/A;N/A;N/A;N/A;N/A;N/A;N/A;N/A;N/A;N/A;N/A;N/A;N/A;N/A;N/A;N/A;N/A;N/A;N/A;N/A;N/A;N/A;N/A;N/A;N/A;N/A;N/A;N/A;N/A;N/A;N/A;N/A;N/A;N/A;N/A;N/A;N/A;N/A;N/A;N/A;N/A;N/A;N/A;N/A;N/A;N/A;N/A;N/A;N/A;N/A;N/A;N/A;N/A;N/A;N/A;N/A;N/A;N/A;N/A;N/A;N/A;N/A;N/A;N/A;N/A;N/A;N/A;N/A;N/A;N/A;N/A;N/A;N/A;N/A;N/A;N/A;N/A;N/A;N/A;N/A;N/A;N/A;N/A;N/A;N/A;N/A;5;N/A;Nafta;Manual;N/A;"Autos y camionetas";N/A;N/A;N/A;N/A;N/A;N/A;N/A;N/A;N/A;N/A;N/A;N/A;N/A;N/A;N/A;N/A;N/A;N/A;N/A;N/A;N/A;N/A;N/A;N/A;N/A;N/A;N/A;N/A;N/A;N/A;N/A;N/A;N/A;N/A;N/A;N/A;N/A;N/A;N/A;N/A;N/A;N/A;N/A;N/A;N/A;N/A;N/A;N/A;N/A;N/A;N/A;N/A;N/A;N/A;N/A;N/A;N/A;N/A;N/A;N/A;N/A;N/A;N/A;N/A;N/A;N/A;N/A;N/A;N/A;N/A;N/A;N/A;N/A;N/A;N/A;N/A;N/A;N/A;N/A;N/A;N/A;N/A;N/A;N/A;N/A;N/A;N/A;N/A;N/A;N/A;N/A;N/A;N/A;N/A;N/A;N/A;N/A;N/A;N/A;N/A;N/A;N/A;N/A;N/A;N/A;N/A;N/A;N/A;N/A;N/A;N/A;N/A;N/A;N/A;N/A;N/A;N/A;N/A;N/A;N/A;N/A;N/A
Hyundai;i10;"1.1 Gls Mt";2013;"62000 km";;JSAUTOMOTORES_;11500;;;;;Mercedes;https://auto.mercadolibre.com.uy/MLU-699793042-hyundai-i10-11-gls-mt-_JM;N/A;;"Hyundai I10 1.1 Gls Mt";usd;Sí;silver;false;N/A;N/A;http://perfil.mercadolibre.com.uy/JSAUTOMOTORES_;active;N/A;N/A;Usado;Plateado;N/A;Hidráulica;Delantera;N/A;N/A;N/A;N/A;N/A;N/A;N/A;N/A;N/A;N/A;N/A;N/A;N/A;N/A;N/A;N/A;N/A;N/A;N/A;N/A;N/A;N/A;N/A;N/A;N/A;"2380 mm";"1.1 L";"35 L";5;N/A;N/A;N/A;N/A;N/A;N/A;N/A;N/A;N/A;N/A;N/A;N/A;N/A;N/A;N/A;N/A;N/A;N/A;N/A;N/A;N/A;N/A;N/A;N/A;N/A;N/A;N/A;N/A;N/A;N/A;N/A;N/A;N/A;N/A;N/A;N/A;N/A;N/A;N/A;N/A;N/A;N/A;N/A;N/A;N/A;"1550 mm";"3585 mm";N/A;N/A;N/A;N/A;5;"69 hp";Gls;N/A;4;"1595 mm";N/A;N/A;N/A;N/A;N/A;N/A;N/A;N/A;N/A;N/A;N/A;N/A;N/A;N/A;N/A;N/A;N/A;N/A;5;1.1;Nafta;Manual;Hatchback;"Autos y camionetas";N/A;N/A;N/A;N/A;N/A;N/A;UY;N/A;N/A;N/A;N/A;N/A;N/A;N/A;N/A;N/A;N/A;N/A;N/A;N/A;N/A;N/A;N/A;N/A;N/A;N/A;N/A;N/A;N/A;N/A;N/A;N/A;N/A;N/A;N/A;N/A;N/A;N/A;N/A;N/A;N/A;N/A;N/A;N/A;N/A;N/A;N/A;N/A;N/A;N/A;N/A;N/A;N/A;N/A;N/A;N/A;N/A;N/A;N/A;N/A;N/A;N/A;N/A;N/A;N/A;N/A;N/A;N/A;N/A;N/A;N/A;N/A;N/A;N/A;N/A;N/A;N/A;N/A;N/A;N/A;N/A;N/A;N/A;N/A;N/A;N/A;N/A;N/A;N/A;N/A;N/A;N/A;N/A;N/A;N/A;N/A;N/A;N/A;N/A;N/A;N/A;N/A;N/A;N/A;N/A;N/A;N/A;N/A;N/A;N/A;N/A;N/A;N/A;N/A;N/A;N/A;N/A;N/A;N/A;N/A;N/A;N/A
Hyundai;Coupe;"Financio por Banco";1997;"270000 km";;"DIEGO AUTOMOVILES";145000;;;;;Buceo;https://auto.mercadolibre.com.uy/MLU-699457230-hyundai-coup-financio-por-banco-_JM;N/A;;"Hyundai Coupê Financio Por Banco ";UYU;No;silver;false;N/A;N/A;http://perfil.mercadolibre.com.uy/DIEGO+AUTOMOVILES;active;N/A;N/A;Usado;N/A;N/A;N/A;N/A;N/A;N/A;N/A;N/A;N/A;N/A;N/A;N/A;N/A;N/A;N/A;N/A;N/A;N/A;N/A;N/A;N/A;N/A;N/A;N/A;N/A;N/A;N/A;N/A;N/A;N/A;N/A;N/A;N/A;N/A;N/A;N/A;N/A;N/A;N/A;N/A;N/A;N/A;N/A;N/A;N/A;N/A;N/A;N/A;N/A;N/A;N/A;N/A;N/A;N/A;N/A;N/A;N/A;N/A;N/A;N/A;N/A;N/A;N/A;N/A;N/A;N/A;N/A;N/A;N/A;N/A;N/A;N/A;N/A;N/A;N/A;N/A;N/A;N/A;N/A;N/A;N/A;N/A;N/A;N/A;N/A;N/A;N/A;N/A;N/A;N/A;N/A;N/A;N/A;N/A;N/A;N/A;N/A;N/A;N/A;N/A;N/A;N/A;N/A;N/A;N/A;N/A;N/A;N/A;2;N/A;Nafta;N/A;N/A;"Autos y camionetas";N/A;N/A;N/A;N/A;N/A;N/A;N/A;N/A;N/A;N/A;N/A;N/A;N/A;N/A;N/A;N/A;N/A;N/A;N/A;N/A;N/A;N/A;N/A;N/A;N/A;N/A;N/A;N/A;N/A;N/A;N/A;N/A;N/A;N/A;N/A;N/A;N/A;N/A;N/A;N/A;N/A;N/A;N/A;N/A;N/A;N/A;N/A;N/A;N/A;N/A;N/A;N/A;N/A;N/A;N/A;N/A;N/A;N/A;N/A;N/A;N/A;N/A;N/A;N/A;N/A;N/A;N/A;N/A;N/A;N/A;N/A;N/A;N/A;N/A;N/A;N/A;N/A;N/A;N/A;N/A;N/A;N/A;N/A;N/A;N/A;N/A;N/A;N/A;N/A;N/A;N/A;N/A;N/A;N/A;N/A;N/A;N/A;N/A;N/A;N/A;N/A;N/A;N/A;N/A;N/A;N/A;N/A;N/A;N/A;N/A;N/A;N/A;N/A;N/A;N/A;N/A;N/A;N/A;N/A;N/A;N/A;N/A
Hyundai;H1;-;2010;"360000 km";;SEREYCIA.;17500;;;;;Durazno;https://auto.mercadolibre.com.uy/MLU-700801558-hyundai-h-1-2010-impecable-_JM;N/A;;"Hyundai H-1 2010 Impecable!";usd;Sí;silver;false;N/A;N/A;http://perfil.mercadolibre.com.uy/SEREYCIA.;active;N/A;N/A;Usado;Blanco;N/A;Hidráulica;N/A;N/A;N/A;N/A;N/A;N/A;N/A;N/A;N/A;N/A;N/A;N/A;N/A;N/A;N/A;N/A;N/A;N/A;N/A;N/A;N/A;N/A;N/A;N/A;N/A;N/A;N/A;N/A;N/A;5;N/A;N/A;N/A;N/A;N/A;N/A;N/A;N/A;N/A;N/A;N/A;N/A;N/A;N/A;N/A;N/A;N/A;N/A;N/A;N/A;N/A;N/A;N/A;N/A;N/A;N/A;N/A;N/A;N/A;N/A;N/A;N/A;N/A;N/A;N/A;N/A;N/A;N/A;N/A;N/A;N/A;N/A;N/A;N/A;N/A;N/A;N/A;N/A;N/A;N/A;N/A;N/A;N/A;N/A;N/A;N/A;N/A;N/A;N/A;N/A;N/A;N/A;N/A;N/A;N/A;N/A;N/A;N/A;N/A;N/A;N/A;N/A;N/A;N/A;"Lun. a Vie. 8:30 a 12 y 14 a 19 hs. Sáb. 8:30 a 12 hs.";3;N/A;Diésel;Manual;Minivan;"Autos y camionetas";No;N/A;N/A;N/A;No;N/A;UY;No;Sí;No;No;N/A;N/A;N/A;N/A;N/A;N/A;N/A;N/A;N/A;N/A;N/A;N/A;N/A;N/A;N/A;N/A;N/A;N/A;N/A;N/A;N/A;N/A;N/A;N/A;N/A;N/A;N/A;N/A;N/A;N/A;N/A;N/A;N/A;N/A;N/A;N/A;N/A;N/A;N/A;N/A;N/A;N/A;N/A;N/A;N/A;N/A;N/A;N/A;N/A;N/A;N/A;No;N/A;N/A;N/A;N/A;N/A;N/A;N/A;N/A;N/A;N/A;N/A;N/A;N/A;N/A;N/A;N/A;N/A;N/A;N/A;N/A;N/A;N/A;N/A;N/A;N/A;N/A;N/A;N/A;N/A;N/A;N/A;N/A;N/A;N/A;N/A;N/A;N/A;N/A;N/A;N/A;N/A;N/A;N/A;N/A;N/A;N/A;N/A;N/A;N/A;N/A;N/A;N/A;N/A;N/A;N/A;N/A;N/A;N/A;N/A
Hyundai;HB20;Comfort;2024;"0 km";;MONTOSSIAUTOMVILES;16990;;;;;Maldonado;https://auto.mercadolibre.com.uy/MLU-693195344-hyundai-hb20-comfort-2024-0km-_JM;N/A;;"Hyundai Hb20 Comfort 2024 0km";USD;Sí;silver;false;N/A;N/A;http://perfil.mercadolibre.com.uy/MONTOSSIAUTOMVILES;active;N/A;N/A;Nuevo;"Gris oscuro";N/A;Asistida;N/A;Sí;Sí;N/A;N/A;N/A;N/A;Sí;Sí;N/A;N/A;Sí;N/A;Sí;N/A;N/A;N/A;N/A;N/A;N/A;N/A;N/A;N/A;N/A;N/A;N/A;N/A;"1000 cc";N/A;N/A;N/A;N/A;N/A;N/A;Sí;N/A;N/A;N/A;N/A;N/A;N/A;N/A;N/A;N/A;N/A;N/A;N/A;N/A;N/A;N/A;N/A;N/A;N/A;Sí;N/A;Sí;N/A;Sí;N/A;N/A;N/A;N/A;N/A;N/A;N/A;N/A;N/A;N/A;N/A;N/A;N/A;N/A;N/A;N/A;N/A;N/A;N/A;N/A;N/A;N/A;N/A;N/A;N/A;Comfort;N/A;N/A;N/A;N/A;N/A;N/A;N/A;Sí;N/A;N/A;N/A;N/A;N/A;N/A;N/A;N/A;N/A;N/A;N/A;N/A;"Lun. a Vie. 09:00 a 12:30 - 14:30 a 19 hs. Sáb. 9 a 13hs hs";5;1.0;Nafta;Manual;Hatchback;"Autos y camionetas";No;N/A;N/A;N/A;No;N/A;N/A;No;Sí;No;No;N/A;N/A;N/A;N/A;N/A;N/A;N/A;N/A;N/A;N/A;N/A;N/A;N/A;N/A;N/A;N/A;N/A;N/A;N/A;N/A;N/A;N/A;N/A;N/A;N/A;N/A;N/A;N/A;N/A;N/A;N/A;N/A;Sí;N/A;N/A;N/A;N/A;N/A;N/A;N/A;N/A;N/A;N/A;N/A;N/A;N/A;N/A;N/A;N/A;N/A;Sí;No;N/A;N/A;N/A;N/A;N/A;N/A;N/A;N/A;N/A;N/A;N/A;N/A;N/A;N/A;N/A;N/A;N/A;N/A;N/A;N/A;N/A;N/A;N/A;N/A;N/A;N/A;N/A;N/A;N/A;N/A;N/A;N/A;N/A;Sí;N/A;N/A;Sí;Sí;Sí;Sí;N/A;N/A;Sí;N/A;N/A;N/A;N/A;Sí;Sí;Sí;N/A;Sí;Sí;Sí;N/A;N/A;Sí;N/A;Sí
Hyundai;HB20S;Comfort;2023;"0 km";;"ALEJANDROAUTOMOVILES TALA";18990;;;;;Tala;https://auto.mercadolibre.com.uy/MLU-685964680-hyundai-hb20-sedan-10-comfort-_JM;N/A;;"Hyundai Hb20 Sedan 1.0 Comfort";USD;Sí;silver;false;N/A;N/A;http://perfil.mercadolibre.com.uy/ALEJANDROAUTOMOVILES+TALA;active;N/A;N/A;Nuevo;Blanco;N/A;N/A;N/A;N/A;N/A;N/A;N/A;N/A;N/A;N/A;N/A;N/A;N/A;N/A;N/A;N/A;N/A;N/A;N/A;N/A;N/A;N/A;N/A;N/A;N/A;N/A;N/A;N/A;N/A;N/A;N/A;N/A;N/A;N/A;N/A;N/A;N/A;N/A;N/A;N/A;N/A;N/A;N/A;N/A;N/A;N/A;N/A;N/A;N/A;N/A;N/A;N/A;N/A;N/A;N/A;N/A;N/A;N/A;N/A;N/A;N/A;N/A;N/A;N/A;N/A;N/A;N/A;N/A;N/A;N/A;N/A;N/A;N/A;N/A;N/A;N/A;N/A;N/A;N/A;N/A;N/A;N/A;N/A;N/A;N/A;N/A;N/A;N/A;N/A;N/A;N/A;N/A;N/A;N/A;N/A;N/A;N/A;N/A;N/A;N/A;N/A;N/A;N/A;N/A;N/A;N/A;N/A;4;1.0;Nafta;Manual;N/A;"Autos y camionetas";N/A;N/A;N/A;N/A;N/A;N/A;N/A;N/A;N/A;N/A;N/A;N/A;N/A;N/A;N/A;N/A;N/A;N/A;N/A;N/A;N/A;N/A;N/A;N/A;N/A;N/A;N/A;N/A;N/A;N/A;N/A;N/A;N/A;N/A;N/A;N/A;N/A;N/A;N/A;N/A;N/A;N/A;N/A;N/A;N/A;N/A;N/A;N/A;N/A;N/A;N/A;N/A;N/A;N/A;N/A;N/A;N/A;N/A;N/A;N/A;N/A;N/A;N/A;N/A;N/A;N/A;N/A;N/A;N/A;N/A;N/A;N/A;N/A;N/A;N/A;N/A;N/A;N/A;N/A;N/A;N/A;N/A;N/A;N/A;N/A;N/A;N/A;N/A;N/A;N/A;N/A;N/A;N/A;N/A;N/A;N/A;N/A;N/A;N/A;N/A;N/A;N/A;N/A;N/A;N/A;N/A;N/A;N/A;N/A;N/A;N/A;N/A;N/A;N/A;N/A;N/A;N/A;N/A;N/A;N/A;N/A;N/A
Hyundai;HB20;"1.0 Comfort Mt";2022;"41000 km";;"DUTRA AUTOMÓVILES";16500;;;;;Rivera;https://auto.mercadolibre.com.uy/MLU-704797424-hyundai-hb20-10-comfort-mt-_JM;N/A;;"Hyundai Hb20 1.0 Comfort Mt";usd;Sí;silver;false;N/A;N/A;http://perfil.mercadolibre.com.uy/DUTRA+AUTOM%C3%93VILES;active;N/A;N/A;Usado;Plateado;N/A;Hidráulica;Delantera;Sí;N/A;Sí;N/A;N/A;N/A;N/A;N/A;N/A;N/A;N/A;N/A;N/A;N/A;N/A;N/A;N/A;N/A;N/A;N/A;N/A;N/A;N/A;N/A;N/A;"2500 mm";"1 L";"50 L";6;N/A;N/A;N/A;N/A;N/A;N/A;N/A;N/A;N/A;N/A;N/A;N/A;N/A;N/A;N/A;N/A;N/A;N/A;N/A;N/A;N/A;N/A;N/A;N/A;N/A;N/A;N/A;N/A;N/A;N/A;N/A;N/A;N/A;Sí;Sí;N/A;N/A;N/A;N/A;N/A;N/A;N/A;N/A;N/A;N/A;"1470 mm";"3920 mm";N/A;N/A;N/A;N/A;5;"101 hp";N/A;N/A;4;"1680 mm";N/A;N/A;N/A;N/A;Sí;N/A;N/A;Sí;Sí;N/A;N/A;"13.8 km/l";N/A;N/A;N/A;N/A;N/A;"08;00 a 18;00";5;1.0;Nafta;Manual;Hatchback;"Autos y camionetas";N/A;N/A;N/A;N/A;N/A;N/A;UY;N/A;N/A;N/A;N/A;N/A;N/A;N/A;N/A;N/A;N/A;N/A;N/A;N/A;N/A;N/A;N/A;N/A;N/A;N/A;N/A;N/A;N/A;N/A;N/A;N/A;N/A;N/A;N/A;N/A;N/A;N/A;N/A;N/A;N/A;N/A;N/A;N/A;N/A;N/A;N/A;N/A;N/A;N/A;N/A;N/A;N/A;N/A;N/A;N/A;N/A;N/A;N/A;N/A;N/A;N/A;N/A;N/A;N/A;N/A;N/A;N/A;N/A;N/A;N/A;N/A;N/A;N/A;N/A;N/A;N/A;N/A;N/A;N/A;N/A;N/A;N/A;N/A;N/A;N/A;N/A;N/A;N/A;N/A;N/A;N/A;N/A;N/A;N/A;N/A;N/A;N/A;N/A;N/A;N/A;N/A;N/A;N/A;N/A;N/A;N/A;N/A;N/A;N/A;N/A;N/A;Sí;N/A;N/A;N/A;Sí;N/A;N/A;Sí;N/A;Sí
Hyundai;H1;"Minibús Starex";2005;"11111 km";;AUTOMOVILESKM27;11500;;;;;Cerro;https://auto.mercadolibre.com.uy/MLU-704524506-hyundai-h1-munibus-_JM;N/A;;"Hyundai H1 Munibus";USD;No;silver;false;N/A;N/A;http://perfil.mercadolibre.com.uy/AUTOMOVILESKM27;active;N/A;N/A;Usado;Gris;N/A;N/A;N/A;N/A;N/A;N/A;N/A;N/A;N/A;N/A;N/A;N/A;N/A;N/A;N/A;N/A;N/A;N/A;N/A;N/A;N/A;N/A;N/A;N/A;N/A;N/A;N/A;N/A;N/A;N/A;N/A;N/A;N/A;N/A;N/A;N/A;N/A;N/A;N/A;N/A;N/A;N/A;N/A;N/A;N/A;N/A;N/A;N/A;N/A;N/A;N/A;N/A;N/A;N/A;N/A;N/A;N/A;N/A;N/A;N/A;N/A;N/A;N/A;N/A;N/A;N/A;N/A;N/A;N/A;N/A;N/A;N/A;N/A;N/A;N/A;N/A;N/A;N/A;N/A;N/A;N/A;N/A;N/A;N/A;N/A;N/A;N/A;N/A;N/A;N/A;N/A;N/A;N/A;N/A;N/A;N/A;N/A;N/A;N/A;N/A;N/A;N/A;N/A;N/A;N/A;N/A;"Lunes a viernes de 10 a 18 hs.";4;2.5;Diésel;N/A;N/A;"Autos y camionetas";N/A;N/A;N/A;N/A;N/A;N/A;N/A;N/A;N/A;N/A;N/A;N/A;N/A;N/A;N/A;N/A;N/A;N/A;N/A;N/A;N/A;N/A;N/A;N/A;N/A;N/A;N/A;N/A;N/A;N/A;N/A;N/A;N/A;N/A;N/A;N/A;N/A;N/A;N/A;N/A;N/A;N/A;N/A;N/A;N/A;N/A;N/A;N/A;N/A;N/A;N/A;N/A;N/A;N/A;N/A;N/A;N/A;N/A;N/A;N/A;N/A;N/A;N/A;N/A;N/A;N/A;N/A;N/A;N/A;N/A;N/A;N/A;N/A;N/A;N/A;N/A;N/A;N/A;N/A;N/A;N/A;N/A;N/A;N/A;N/A;N/A;N/A;N/A;N/A;N/A;N/A;N/A;N/A;N/A;N/A;N/A;N/A;N/A;N/A;N/A;N/A;N/A;N/A;N/A;N/A;N/A;N/A;N/A;N/A;N/A;N/A;N/A;N/A;N/A;N/A;N/A;N/A;N/A;N/A;N/A;N/A;N/A
Hyundai;H1;"HYUNDAI H1 STARIA FURGÓN DIESEL";2024;"0 km";;LEASINGCARSRL;42900;;;;;"San Jacinto";https://auto.mercadolibre.com.uy/MLU-704174106-hyundai-h1-staria-furgon-diesel-2024-0km-_JM;N/A;;"Hyundai H1 Staria Furgón Diesel 2024 0km";usd;Sí;silver;false;N/A;N/A;http://perfil.mercadolibre.com.uy/LEASINGCARSRL;active;N/A;N/A;Nuevo;Blanco;N/A;Hidráulica;N/A;Sí;Sí;Sí;N/A;N/A;N/A;N/A;N/A;N/A;N/A;N/A;N/A;Sí;N/A;N/A;N/A;N/A;N/A;N/A;N/A;N/A;N/A;N/A;N/A;N/A;N/A;"2200 cc";N/A;6;N/A;N/A;N/A;N/A;Sí;N/A;N/A;N/A;N/A;N/A;N/A;N/A;N/A;N/A;N/A;N/A;N/A;N/A;N/A;N/A;N/A;N/A;N/A;N/A;N/A;N/A;N/A;N/A;N/A;N/A;N/A;N/A;N/A;N/A;N/A;N/A;N/A;N/A;N/A;N/A;N/A;N/A;N/A;N/A;N/A;N/A;N/A;N/A;N/A;N/A;N/A;N/A;"175 hp";N/A;N/A;N/A;N/A;N/A;N/A;N/A;N/A;N/A;N/A;N/A;N/A;N/A;N/A;N/A;N/A;N/A;N/A;N/A;N/A;N/A;"Lunes a Viernes de 9 a 18 hs. - Sábados de 9 a 13 hs.";5;2.2;Diésel;Manual;Furgón;"Autos y camionetas";No;N/A;N/A;N/A;No;N/A;UY;No;Sí;No;No;N/A;N/A;N/A;N/A;N/A;N/A;N/A;N/A;N/A;N/A;N/A;N/A;N/A;N/A;N/A;N/A;N/A;N/A;N/A;N/A;N/A;N/A;N/A;N/A;N/A;N/A;N/A;N/A;N/A;N/A;N/A;N/A;Sí;N/A;N/A;N/A;N/A;N/A;N/A;N/A;N/A;N/A;N/A;N/A;N/A;N/A;N/A;N/A;N/A;N/A;Sí;No;N/A;N/A;N/A;N/A;N/A;N/A;N/A;N/A;N/A;N/A;N/A;N/A;N/A;N/A;N/A;N/A;N/A;N/A;N/A;N/A;N/A;N/A;N/A;N/A;N/A;N/A;N/A;N/A;N/A;N/A;N/A;N/A;N/A;N/A;N/A;N/A;Sí;Sí;N/A;N/A;N/A;N/A;Sí;N/A;N/A;N/A;N/A;Sí;Sí;N/A;N/A;N/A;Sí;Sí;N/A;N/A;Sí;N/A;Sí
Hyundai;H1;"HYUNDAI H1 STARIA FURGÓN DIESEL";2024;"0 km";;SRLLEASINGCAR;42900;;;;;"San Jacinto";https://auto.mercadolibre.com.uy/MLU-704161114-hyundai-h-1-hyundai-h1-staria-furgon-diesel-2024-0km-_JM;N/A;;"Hyundai H-1 Hyundai H1 Staria Furgón Diesel 2024 0km";usd;Sí;silver;false;N/A;N/A;http://perfil.mercadolibre.com.uy/SRLLEASINGCAR;active;N/A;N/A;Nuevo;Blanco;N/A;Hidráulica;N/A;Sí;Sí;Sí;N/A;N/A;N/A;N/A;N/A;N/A;N/A;N/A;N/A;Sí;N/A;N/A;N/A;N/A;N/A;N/A;N/A;N/A;N/A;N/A;N/A;N/A;N/A;"2200 cc";N/A;6;N/A;N/A;N/A;N/A;Sí;N/A;N/A;N/A;N/A;N/A;N/A;N/A;N/A;N/A;N/A;N/A;N/A;N/A;N/A;N/A;N/A;N/A;N/A;N/A;N/A;N/A;N/A;N/A;N/A;N/A;N/A;N/A;N/A;N/A;N/A;N/A;N/A;N/A;N/A;N/A;N/A;N/A;N/A;N/A;N/A;N/A;N/A;N/A;N/A;N/A;N/A;N/A;"175 hp";N/A;N/A;N/A;N/A;N/A;N/A;N/A;N/A;N/A;N/A;N/A;N/A;N/A;N/A;N/A;N/A;N/A;N/A;N/A;N/A;N/A;"Lunes a Viernes de 9 a 18 hs. - Sábados de 9 a 13 hs.";5;2.2;Diésel;Manual;Furgón;"Autos y camionetas";No;N/A;N/A;N/A;No;N/A;UY;No;Sí;No;No;N/A;N/A;N/A;N/A;N/A;N/A;N/A;N/A;N/A;N/A;N/A;N/A;N/A;N/A;N/A;N/A;N/A;N/A;N/A;N/A;N/A;N/A;N/A;N/A;N/A;N/A;N/A;N/A;N/A;N/A;N/A;N/A;Sí;N/A;N/A;N/A;N/A;N/A;N/A;N/A;N/A;N/A;N/A;N/A;N/A;N/A;N/A;N/A;N/A;N/A;Sí;No;N/A;N/A;N/A;N/A;N/A;N/A;N/A;N/A;N/A;N/A;N/A;N/A;N/A;N/A;N/A;N/A;N/A;N/A;N/A;N/A;N/A;N/A;N/A;N/A;N/A;N/A;N/A;N/A;N/A;N/A;N/A;N/A;N/A;N/A;N/A;N/A;Sí;Sí;N/A;N/A;N/A;N/A;Sí;N/A;N/A;N/A;N/A;Sí;Sí;N/A;N/A;N/A;Sí;Sí;N/A;N/A;Sí;N/A;Sí
Hyundai;HB20;"1.0 Comfort Mt";2022;"80000 km";;AMAYASELECCIONADOS;14990;;;;;"Brazo Oriental";https://auto.mercadolibre.com.uy/MLU-702677788-hyundai-hb20-comfort-_JM;N/A;;"Hyundai Hb20 Comfort";usd;Sí;silver;false;N/A;N/A;http://perfil.mercadolibre.com.uy/AMAYASELECCIONADOS;active;N/A;N/A;Usado;Gris;N/A;Hidráulica;Delantera;Sí;N/A;Sí;N/A;N/A;N/A;N/A;N/A;N/A;N/A;N/A;N/A;N/A;N/A;N/A;N/A;N/A;N/A;N/A;N/A;N/A;N/A;N/A;N/A;N/A;"2500 mm";"1 L";"50 L";6;N/A;N/A;N/A;N/A;N/A;N/A;N/A;N/A;N/A;N/A;N/A;N/A;N/A;N/A;N/A;N/A;N/A;N/A;N/A;N/A;N/A;N/A;N/A;N/A;N/A;N/A;N/A;N/A;N/A;N/A;N/A;N/A;N/A;Sí;Sí;N/A;N/A;N/A;N/A;N/A;N/A;N/A;N/A;N/A;N/A;"1470 mm";"3920 mm";N/A;N/A;N/A;N/A;5;"101 hp";N/A;N/A;4;"1680 mm";N/A;N/A;N/A;N/A;Sí;N/A;N/A;Sí;Sí;N/A;N/A;"13.8 km/l";N/A;N/A;N/A;N/A;N/A;"Lunes a Viernes 08:30 a 18:30";5;1.0;Nafta;Manual;Hatchback;"Autos y camionetas";N/A;N/A;N/A;N/A;N/A;N/A;UY;N/A;N/A;N/A;N/A;N/A;N/A;N/A;N/A;N/A;N/A;N/A;N/A;N/A;N/A;N/A;N/A;N/A;N/A;N/A;N/A;N/A;N/A;N/A;N/A;N/A;N/A;N/A;N/A;N/A;N/A;N/A;N/A;N/A;N/A;N/A;N/A;N/A;N/A;N/A;N/A;N/A;N/A;N/A;N/A;N/A;N/A;N/A;N/A;N/A;N/A;N/A;N/A;N/A;N/A;N/A;N/A;N/A;N/A;N/A;N/A;N/A;N/A;N/A;N/A;N/A;N/A;N/A;N/A;N/A;N/A;N/A;N/A;N/A;N/A;N/A;N/A;N/A;N/A;N/A;N/A;N/A;N/A;N/A;N/A;N/A;N/A;N/A;N/A;N/A;N/A;N/A;N/A;N/A;N/A;N/A;N/A;N/A;N/A;N/A;N/A;N/A;N/A;N/A;N/A;N/A;Sí;N/A;N/A;N/A;Sí;N/A;N/A;Sí;N/A;Sí
Hyundai;Veloster;"1.6 130cv At";2014;"132000 km";;AUTOVENTASAUTOMOTORA;17900;;;;;Pocitos;https://auto.mercadolibre.com.uy/MLU-701147900-hyundai-veloster-16-130cv-at-_JM;N/A;;"Hyundai Veloster 1.6 130cv At";usd;Sí;silver;false;N/A;N/A;http://perfil.mercadolibre.com.uy/AUTOVENTASAUTOMOTORA;active;N/A;N/A;Usado;Blanco;Sí;Hidráulica;Delantera;N/A;N/A;Sí;N/A;N/A;N/A;N/A;N/A;N/A;N/A;N/A;N/A;N/A;N/A;N/A;N/A;N/A;N/A;N/A;N/A;N/A;N/A;N/A;N/A;N/A;"2650 mm";"1.6 L";"50 L";6;N/A;N/A;N/A;N/A;N/A;N/A;N/A;N/A;N/A;N/A;N/A;N/A;N/A;N/A;N/A;N/A;N/A;N/A;N/A;N/A;N/A;N/A;N/A;N/A;N/A;N/A;N/A;N/A;N/A;N/A;N/A;Sí;N/A;N/A;N/A;N/A;N/A;N/A;N/A;N/A;N/A;Sí;N/A;N/A;N/A;"1399 mm";"4220 mm";N/A;N/A;N/A;N/A;4;"130 hp";N/A;N/A;4;"1790 mm";N/A;N/A;N/A;N/A;Sí;N/A;N/A;N/A;N/A;N/A;N/A;N/A;N/A;N/A;N/A;N/A;N/A;"Lunes a viernes de 10 a 12.30 y 14.30 a 18.30";2;1.6;Nafta;Automática;Coupé;"Autos y camionetas";N/A;N/A;N/A;N/A;N/A;N/A;UY;N/A;N/A;N/A;N/A;N/A;N/A;N/A;N/A;N/A;N/A;N/A;N/A;N/A;N/A;N/A;N/A;N/A;N/A;N/A;N/A;N/A;N/A;N/A;N/A;N/A;N/A;N/A;N/A;N/A;N/A;N/A;N/A;N/A;N/A;N/A;N/A;N/A;N/A;N/A;N/A;N/A;N/A;N/A;N/A;N/A;N/A;N/A;N/A;N/A;N/A;N/A;N/A;N/A;N/A;N/A;N/A;N/A;N/A;N/A;N/A;N/A;N/A;N/A;N/A;N/A;N/A;N/A;N/A;N/A;N/A;N/A;N/A;N/A;N/A;N/A;N/A;N/A;N/A;N/A;N/A;N/A;N/A;N/A;N/A;N/A;N/A;N/A;N/A;N/A;Sí;N/A;Sí;N/A;N/A;N/A;N/A;N/A;N/A;N/A;N/A;N/A;N/A;Sí;N/A;N/A;N/A;N/A;N/A;N/A;N/A;N/A;N/A;N/A;N/A;N/A
Hyundai;Atos;"1.1 Unique";2020;"120000 km";;"AUBERGE AUTOMÓVILES";9900;;;;;"Aires Puros";https://auto.mercadolibre.com.uy/MLU-646583813-hyundai-atos-11-unique-_JM;N/A;;"Hyundai Atos 1.1 Unique";usd;Sí;silver;false;N/A;N/A;http://perfil.mercadolibre.com.uy/AUBERGE+AUTOM%C3%93VILES;active;N/A;N/A;Usado;Blanco;N/A;Hidráulica;Delantera;Sí;N/A;N/A;N/A;N/A;N/A;N/A;N/A;N/A;N/A;N/A;N/A;N/A;N/A;N/A;N/A;N/A;N/A;N/A;N/A;N/A;N/A;N/A;N/A;N/A;"2774 mm";"1.1 L";"35 L";5;N/A;N/A;N/A;N/A;N/A;N/A;N/A;N/A;N/A;N/A;N/A;N/A;N/A;N/A;N/A;N/A;N/A;N/A;N/A;N/A;N/A;N/A;N/A;N/A;N/A;N/A;N/A;N/A;N/A;N/A;N/A;Sí;N/A;Sí;Sí;N/A;N/A;N/A;N/A;N/A;N/A;N/A;N/A;N/A;N/A;"1570 mm";"3565 mm";N/A;N/A;N/A;N/A;4;"69 hp";Unique;N/A;3;"1891 mm";N/A;N/A;N/A;N/A;Sí;N/A;N/A;N/A;N/A;N/A;N/A;N/A;N/A;N/A;N/A;N/A;N/A;N/A;5;1.1;Nafta;Manual;Hatchback;"Autos y camionetas";N/A;N/A;N/A;N/A;N/A;N/A;UY;N/A;N/A;N/A;N/A;N/A;N/A;N/A;N/A;N/A;N/A;N/A;N/A;N/A;N/A;N/A;N/A;N/A;N/A;N/A;N/A;N/A;N/A;N/A;N/A;N/A;N/A;N/A;N/A;N/A;N/A;N/A;N/A;N/A;N/A;N/A;N/A;N/A;N/A;N/A;N/A;N/A;N/A;N/A;N/A;N/A;N/A;N/A;N/A;N/A;N/A;N/A;N/A;N/A;N/A;N/A;N/A;N/A;N/A;N/A;N/A;N/A;N/A;N/A;N/A;N/A;N/A;N/A;N/A;N/A;N/A;N/A;N/A;N/A;N/A;N/A;N/A;N/A;N/A;N/A;N/A;N/A;N/A;N/A;N/A;N/A;N/A;N/A;N/A;N/A;Sí;N/A;Sí;N/A;N/A;N/A;N/A;Sí;N/A;N/A;N/A;N/A;N/A;N/A;N/A;N/A;N/A;N/A;N/A;N/A;N/A;N/A;N/A;N/A;N/A;N/A
Hyundai;HB20;"Comfort Plus";2018;"109000 km";;"AUTOMOTORA DRIVERS";14500;;;;;Centro;https://auto.mercadolibre.com.uy/MLU-699337570-hyundsi-hb20-comfort-plus-2018-us-14500-dta-iva-permuta-_JM;N/A;;"Hyundsi Hb20 Comfort Plus 2018 U$s 14500 Dta Iva Permuta";usd;Sí;silver;false;N/A;N/A;http://perfil.mercadolibre.com.uy/AUTOMOTORA+DRIVERS;active;N/A;N/A;Usado;Plateado;N/A;Hidráulica;Delantera;Sí;Sí;Sí;N/A;N/A;N/A;N/A;N/A;N/A;N/A;N/A;N/A;Sí;N/A;Sí;N/A;N/A;N/A;N/A;N/A;N/A;N/A;N/A;N/A;N/A;"2500 mm";"1.6 L";"50 L";6;N/A;N/A;N/A;N/A;N/A;N/A;N/A;N/A;N/A;N/A;N/A;N/A;N/A;N/A;N/A;N/A;N/A;N/A;N/A;N/A;N/A;N/A;N/A;N/A;N/A;N/A;N/A;N/A;N/A;N/A;N/A;N/A;N/A;Sí;Sí;N/A;N/A;N/A;N/A;N/A;N/A;N/A;N/A;N/A;N/A;"1470 mm";"3920 mm";N/A;N/A;N/A;N/A;5;"122 hp";"Comfort Plus";N/A;4;"1680 mm";N/A;N/A;N/A;N/A;Sí;N/A;Sí;Sí;Sí;N/A;N/A;"13.8 km/l";N/A;N/A;N/A;N/A;Sí;"LUNES A VIERNES DE 10 A 18 HRS";5;1.6;Nafta;Manual;Hatchback;"Autos y camionetas";N/A;N/A;N/A;N/A;N/A;N/A;UY;N/A;Sí;N/A;N/A;N/A;N/A;N/A;N/A;N/A;N/A;N/A;N/A;N/A;N/A;N/A;N/A;N/A;N/A;N/A;N/A;N/A;N/A;N/A;N/A;N/A;N/A;N/A;N/A;N/A;N/A;N/A;N/A;N/A;N/A;N/A;N/A;N/A;N/A;N/A;N/A;N/A;N/A;N/A;N/A;N/A;N/A;N/A;N/A;N/A;N/A;N/A;N/A;N/A;N/A;N/A;N/A;N/A;N/A;N/A;N/A;N/A;N/A;N/A;N/A;N/A;N/A;N/A;N/A;N/A;N/A;N/A;N/A;N/A;N/A;N/A;N/A;N/A;N/A;N/A;N/A;N/A;N/A;N/A;N/A;N/A;N/A;N/A;N/A;N/A;Sí;N/A;N/A;N/A;N/A;N/A;N/A;N/A;N/A;Sí;N/A;Sí;Sí;N/A;N/A;Sí;Sí;Sí;Sí;Sí;Sí;N/A;N/A;Sí;N/A;Sí
Hyundai;i10;"1.1 Gls Mt";2013;"101000 km";;VICTORMASINA;8100;;;;;"Pocitos Nuevo";https://auto.mercadolibre.com.uy/MLU-704307400-hyundai-i10-11-gls-mt-_JM;N/A;;"Hyundai I10 1.1 Gls Mt";usd;Sí;silver;false;N/A;N/A;http://perfil.mercadolibre.com.uy/VICTORMASINA;active;N/A;N/A;Usado;Gris;No;Eléctrica;Delantera;N/A;N/A;N/A;N/A;N/A;N/A;N/A;N/A;N/A;N/A;N/A;N/A;N/A;N/A;N/A;N/A;N/A;N/A;N/A;N/A;N/A;N/A;N/A;N/A;N/A;"2380 mm";"1.1 L";"35 L";5;N/A;N/A;N/A;N/A;N/A;N/A;N/A;N/A;N/A;N/A;N/A;N/A;N/A;N/A;N/A;N/A;N/A;N/A;N/A;N/A;N/A;N/A;N/A;N/A;N/A;N/A;N/A;N/A;N/A;N/A;N/A;N/A;N/A;N/A;N/A;N/A;N/A;N/A;N/A;N/A;N/A;N/A;N/A;N/A;N/A;"1550 mm";"3585 mm";N/A;N/A;N/A;N/A;5;"69 hp";Gls;N/A;4;"1595 mm";N/A;N/A;N/A;N/A;N/A;N/A;N/A;N/A;N/A;N/A;N/A;N/A;N/A;N/A;N/A;N/A;N/A;N/A;5;1.1;Nafta;Manual;Hatchback;"Autos y camionetas";N/A;N/A;N/A;N/A;N/A;N/A;UY;N/A;N/A;N/A;N/A;N/A;N/A;N/A;N/A;N/A;N/A;N/A;N/A;N/A;N/A;N/A;N/A;N/A;N/A;N/A;N/A;N/A;N/A;N/A;N/A;N/A;N/A;N/A;N/A;N/A;N/A;N/A;N/A;N/A;N/A;N/A;N/A;N/A;N/A;N/A;N/A;N/A;N/A;N/A;N/A;N/A;N/A;N/A;N/A;N/A;N/A;N/A;N/A;N/A;N/A;N/A;N/A;N/A;N/A;N/A;N/A;N/A;N/A;N/A;N/A;N/A;N/A;N/A;N/A;N/A;N/A;N/A;N/A;N/A;N/A;N/A;N/A;N/A;N/A;N/A;N/A;N/A;N/A;N/A;N/A;N/A;N/A;N/A;N/A;N/A;N/A;N/A;N/A;N/A;N/A;N/A;N/A;N/A;N/A;N/A;N/A;N/A;N/A;N/A;N/A;N/A;N/A;N/A;N/A;N/A;N/A;N/A;N/A;N/A;N/A;N/A
Hyundai;HB20;Comfort;2024;"0 km";;LEASINGCARSRL;16990;;;;;"San Jacinto";https://auto.mercadolibre.com.uy/MLU-647342015-hyundai-hb20-comfort-2024-0km-_JM;N/A;;"Hyundai Hb20 Comfort 2024 0km";usd;Sí;silver;false;N/A;N/A;http://perfil.mercadolibre.com.uy/LEASINGCARSRL;active;N/A;N/A;Nuevo;Blanco;N/A;Eléctrica;N/A;Sí;N/A;N/A;N/A;N/A;N/A;N/A;N/A;N/A;N/A;N/A;N/A;Sí;N/A;N/A;N/A;N/A;N/A;N/A;N/A;N/A;N/A;N/A;N/A;N/A;N/A;"1000 cc";N/A;N/A;N/A;N/A;Sí;Sí;Sí;N/A;N/A;N/A;N/A;N/A;N/A;N/A;N/A;N/A;N/A;N/A;N/A;N/A;N/A;N/A;N/A;N/A;N/A;Sí;N/A;N/A;N/A;Sí;N/A;N/A;N/A;N/A;N/A;N/A;N/A;N/A;N/A;N/A;N/A;N/A;N/A;N/A;N/A;N/A;N/A;N/A;N/A;N/A;N/A;N/A;N/A;N/A;N/A;Comfort;N/A;N/A;N/A;N/A;N/A;N/A;N/A;Sí;N/A;N/A;Sí;N/A;N/A;N/A;N/A;N/A;N/A;N/A;N/A;N/A;"Lunes a Viernes de 9 a 18 hs. - Sábados de 9 a 13 hs.";5;1.0;Nafta;Manual;Hatchback;"Autos y camionetas";No;N/A;N/A;N/A;No;N/A;UY;No;Sí;No;No;N/A;N/A;N/A;N/A;N/A;N/A;N/A;N/A;N/A;N/A;N/A;N/A;N/A;N/A;N/A;N/A;N/A;N/A;N/A;N/A;N/A;N/A;N/A;N/A;N/A;N/A;N/A;N/A;N/A;N/A;N/A;N/A;Sí;N/A;N/A;N/A;N/A;N/A;N/A;N/A;N/A;N/A;N/A;N/A;N/A;N/A;N/A;N/A;N/A;N/A;Sí;No;N/A;N/A;N/A;N/A;N/A;N/A;N/A;N/A;N/A;N/A;N/A;N/A;N/A;N/A;N/A;N/A;N/A;N/A;N/A;N/A;N/A;N/A;N/A;N/A;N/A;N/A;N/A;N/A;N/A;N/A;N/A;N/A;N/A;Sí;N/A;N/A;Sí;Sí;N/A;N/A;N/A;N/A;Sí;N/A;N/A;N/A;N/A;Sí;Sí;Sí;N/A;Sí;N/A;Sí;N/A;N/A;Sí;N/A;N/A
Hyundai;HB20;Comfort;2024;"0 km";;LEASINGCARSRL;16990;;;;;"San Jacinto";https://auto.mercadolibre.com.uy/MLU-647456069-hyundai-hb20-comfort-2024-0km-_JM;N/A;;"Hyundai Hb20 Comfort 2024 0km";usd;Sí;silver;false;N/A;N/A;http://perfil.mercadolibre.com.uy/LEASINGCARSRL;active;N/A;N/A;Nuevo;Azul;N/A;Eléctrica;N/A;Sí;N/A;N/A;N/A;N/A;N/A;N/A;N/A;N/A;N/A;N/A;N/A;Sí;N/A;N/A;N/A;N/A;N/A;N/A;N/A;N/A;N/A;N/A;N/A;N/A;N/A;"1000 cc";N/A;N/A;N/A;N/A;Sí;Sí;Sí;N/A;N/A;N/A;N/A;N/A;N/A;N/A;N/A;N/A;N/A;N/A;N/A;N/A;N/A;N/A;N/A;N/A;N/A;Sí;N/A;N/A;N/A;Sí;N/A;N/A;N/A;N/A;N/A;N/A;N/A;N/A;N/A;N/A;N/A;N/A;N/A;N/A;N/A;N/A;N/A;N/A;N/A;N/A;N/A;N/A;N/A;N/A;N/A;Comfort;N/A;N/A;N/A;N/A;N/A;N/A;N/A;Sí;N/A;N/A;Sí;N/A;N/A;N/A;N/A;N/A;N/A;N/A;N/A;N/A;"Lunes a Viernes de 9 a 18 hs. - Sábados de 9 a 13 hs.";5;1.0;Nafta;Manual;Hatchback;"Autos y camionetas";No;N/A;N/A;N/A;No;N/A;UY;No;Sí;No;No;N/A;N/A;N/A;N/A;N/A;N/A;N/A;N/A;N/A;N/A;N/A;N/A;N/A;N/A;N/A;N/A;N/A;N/A;N/A;N/A;N/A;N/A;N/A;N/A;N/A;N/A;N/A;N/A;N/A;N/A;N/A;N/A;Sí;N/A;N/A;N/A;N/A;N/A;N/A;N/A;N/A;N/A;N/A;N/A;N/A;N/A;N/A;N/A;N/A;N/A;Sí;No;N/A;N/A;N/A;N/A;N/A;N/A;N/A;N/A;N/A;N/A;N/A;N/A;N/A;N/A;N/A;N/A;N/A;N/A;N/A;N/A;N/A;N/A;N/A;N/A;N/A;N/A;N/A;N/A;N/A;N/A;N/A;N/A;N/A;Sí;N/A;N/A;Sí;Sí;N/A;N/A;N/A;N/A;Sí;N/A;N/A;N/A;N/A;Sí;Sí;Sí;N/A;Sí;N/A;Sí;N/A;N/A;Sí;N/A;N/A
Hyundai;Creta;"1.0 T-Gdi Safe At";2023;"31000 km";;"ZONAOESTE AUTOMOTORES";27400;;;;;"Pan de Azúcar";https://auto.mercadolibre.com.uy/MLU-703851948-hyundai-creta-10-t-gdi-safe-at-_JM;N/A;;"Hyundai Creta 1.0 T-gdi Safe At";usd;Sí;silver;false;N/A;N/A;http://perfil.mercadolibre.com.uy/ZONAOESTE+AUTOMOTORES;active;N/A;N/A;Usado;Blanco;N/A;N/A;4x2;N/A;N/A;N/A;N/A;N/A;N/A;N/A;N/A;N/A;N/A;N/A;N/A;N/A;N/A;N/A;N/A;N/A;N/A;N/A;N/A;N/A;N/A;N/A;N/A;N/A;"2610 mm";"1 L";"50 L";6;N/A;N/A;N/A;N/A;N/A;N/A;N/A;N/A;N/A;N/A;N/A;N/A;N/A;N/A;N/A;N/A;N/A;N/A;N/A;N/A;N/A;N/A;N/A;N/A;N/A;N/A;N/A;N/A;N/A;N/A;N/A;N/A;N/A;N/A;N/A;N/A;N/A;N/A;N/A;N/A;N/A;N/A;N/A;N/A;N/A;"1635 mm";"4290 mm";N/A;N/A;N/A;N/A;5;"120 hp";Safe;N/A;4;"1790 mm";N/A;N/A;N/A;N/A;N/A;N/A;N/A;N/A;N/A;N/A;N/A;N/A;N/A;N/A;N/A;N/A;N/A;N/A;5;1.0;Nafta;Automática;SUV;"Autos y camionetas";N/A;N/A;N/A;N/A;N/A;N/A;UY;N/A;N/A;N/A;N/A;N/A;N/A;N/A;N/A;N/A;N/A;N/A;N/A;N/A;N/A;N/A;N/A;N/A;N/A;N/A;N/A;N/A;N/A;N/A;N/A;N/A;N/A;N/A;N/A;N/A;N/A;N/A;N/A;N/A;N/A;N/A;N/A;N/A;N/A;N/A;N/A;N/A;N/A;N/A;N/A;N/A;N/A;N/A;N/A;N/A;N/A;N/A;N/A;N/A;N/A;N/A;N/A;N/A;N/A;N/A;N/A;N/A;N/A;N/A;N/A;N/A;N/A;N/A;N/A;N/A;N/A;N/A;N/A;N/A;N/A;N/A;N/A;N/A;N/A;N/A;N/A;N/A;N/A;N/A;N/A;N/A;N/A;N/A;N/A;N/A;N/A;N/A;N/A;N/A;N/A;N/A;N/A;N/A;N/A;N/A;N/A;N/A;N/A;N/A;N/A;N/A;N/A;N/A;N/A;N/A;N/A;N/A;N/A;N/A;N/A;N/A
Hyundai;Accent;"1.5 Gls Mt";2012;"130000 km";;"AUTOMOTORA ALFACAR";11500;;;;;Castillos;https://auto.mercadolibre.com.uy/MLU-703951570-hyundai-accent-_JM;N/A;;"Hyundai Accent";usd;Sí;silver;false;N/A;N/A;http://perfil.mercadolibre.com.uy/AUTOMOTORA+ALFACAR;active;N/A;N/A;Usado;Verde;N/A;Hidráulica;Delantera;Sí;N/A;N/A;N/A;N/A;N/A;N/A;N/A;N/A;N/A;N/A;N/A;N/A;N/A;N/A;N/A;N/A;N/A;N/A;N/A;N/A;N/A;N/A;N/A;N/A;"2440 mm";"1.5 L";"45 L";5;N/A;N/A;N/A;N/A;N/A;N/A;N/A;N/A;N/A;N/A;N/A;N/A;N/A;N/A;N/A;N/A;N/A;N/A;N/A;N/A;N/A;N/A;N/A;N/A;N/A;N/A;N/A;N/A;N/A;N/A;N/A;N/A;N/A;N/A;N/A;N/A;N/A;N/A;N/A;N/A;N/A;N/A;N/A;N/A;N/A;"1395 mm";"4235 mm";N/A;N/A;N/A;N/A;5;"92 hp";Gls;N/A;3;"1670 mm";"7.2 km/l";N/A;N/A;N/A;N/A;N/A;N/A;N/A;N/A;N/A;N/A;"4.5 km/l";N/A;N/A;N/A;N/A;N/A;"Lunes a viernes de 9a12 y de 14.30 a 19";4;1.5;Nafta;Manual;Sedán;"Autos y camionetas";N/A;N/A;N/A;N/A;N/A;N/A;UY;N/A;N/A;N/A;N/A;N/A;N/A;N/A;N/A;N/A;N/A;N/A;N/A;N/A;N/A;N/A;N/A;N/A;N/A;N/A;N/A;N/A;N/A;N/A;N/A;N/A;N/A;N/A;N/A;N/A;N/A;N/A;N/A;N/A;N/A;N/A;N/A;N/A;N/A;N/A;N/A;N/A;N/A;N/A;N/A;N/A;N/A;N/A;N/A;N/A;N/A;N/A;N/A;N/A;N/A;N/A;N/A;N/A;N/A;N/A;N/A;N/A;N/A;N/A;N/A;N/A;N/A;N/A;N/A;N/A;N/A;N/A;N/A;N/A;N/A;N/A;N/A;N/A;N/A;N/A;N/A;N/A;N/A;N/A;N/A;N/A;N/A;N/A;N/A;N/A;Sí;N/A;N/A;N/A;N/A;N/A;N/A;N/A;N/A;N/A;N/A;N/A;N/A;N/A;N/A;N/A;N/A;N/A;N/A;N/A;N/A;N/A;N/A;N/A;N/A;N/A
Hyundai;HB20;"1.6 Premium 5p";2024;"45 km";;"ZONAOESTE AUTOMOTORES";22500;;;;;"Pan de Azúcar";https://auto.mercadolibre.com.uy/MLU-703146760-hyundai-hb20-16-premium-5p-_JM;N/A;;"Hyundai Hb20 1.6 Premium 5p";usd;Sí;silver;false;N/A;N/A;http://perfil.mercadolibre.com.uy/ZONAOESTE+AUTOMOTORES;active;N/A;N/A;Usado;Gris;N/A;Hidráulica;Delantera;Sí;N/A;Sí;N/A;N/A;N/A;N/A;N/A;N/A;N/A;N/A;N/A;N/A;N/A;N/A;N/A;N/A;N/A;N/A;N/A;N/A;N/A;N/A;N/A;N/A;"2500 mm";"1.6 L";"50 L";6;N/A;N/A;N/A;N/A;N/A;N/A;N/A;N/A;N/A;N/A;N/A;N/A;N/A;N/A;N/A;N/A;N/A;N/A;N/A;N/A;N/A;N/A;N/A;N/A;N/A;N/A;N/A;N/A;N/A;N/A;N/A;N/A;N/A;Sí;Sí;N/A;N/A;N/A;N/A;N/A;N/A;N/A;N/A;N/A;N/A;"1470 mm";"3920 mm";N/A;N/A;N/A;N/A;5;"123 hp";Premium;N/A;4;"1680 mm";N/A;N/A;N/A;N/A;Sí;N/A;N/A;Sí;Sí;N/A;N/A;"13.8 km/l";N/A;N/A;N/A;N/A;N/A;N/A;5;1.6;Nafta;Manual;Hatchback;"Autos y camionetas";N/A;N/A;N/A;N/A;N/A;N/A;UY;N/A;N/A;N/A;N/A;N/A;N/A;N/A;N/A;N/A;N/A;N/A;N/A;N/A;N/A;N/A;N/A;N/A;N/A;N/A;N/A;N/A;N/A;N/A;N/A;N/A;N/A;N/A;N/A;N/A;N/A;N/A;N/A;N/A;N/A;N/A;N/A;N/A;N/A;N/A;N/A;N/A;N/A;N/A;N/A;N/A;N/A;N/A;N/A;N/A;N/A;N/A;N/A;N/A;N/A;N/A;N/A;N/A;N/A;N/A;N/A;N/A;N/A;N/A;N/A;N/A;N/A;N/A;N/A;N/A;N/A;N/A;N/A;N/A;N/A;N/A;N/A;N/A;N/A;N/A;N/A;N/A;N/A;N/A;N/A;N/A;N/A;N/A;N/A;N/A;N/A;N/A;N/A;N/A;N/A;N/A;N/A;N/A;N/A;N/A;N/A;N/A;N/A;N/A;N/A;N/A;Sí;N/A;N/A;N/A;Sí;N/A;N/A;Sí;N/A;Sí
Hyundai;HB20;"1.0 Premium Mt";2022;"29000 km";;"ISMAEL PENEDO";15500;;;;;Buceo;https://auto.mercadolibre.com.uy/MLU-702072470-hyundai-hb20-10-premium-mt-_JM;N/A;;"Hyundai Hb20 1.0 Premium Mt";usd;Sí;silver;false;N/A;N/A;http://perfil.mercadolibre.com.uy/ISMAEL+PENEDO;active;N/A;N/A;Usado;Gris;No;Hidráulica;Delantera;Sí;N/A;Sí;N/A;N/A;N/A;N/A;N/A;N/A;N/A;N/A;N/A;N/A;N/A;N/A;N/A;N/A;N/A;N/A;N/A;N/A;N/A;N/A;N/A;N/A;"2500 mm";"1 L";"50 L";6;N/A;N/A;N/A;N/A;N/A;N/A;N/A;N/A;N/A;N/A;N/A;N/A;N/A;N/A;N/A;N/A;N/A;N/A;N/A;N/A;N/A;N/A;N/A;N/A;N/A;N/A;N/A;N/A;N/A;N/A;N/A;N/A;N/A;Sí;Sí;N/A;N/A;N/A;N/A;N/A;N/A;N/A;N/A;N/A;N/A;"1470 mm";"3920 mm";N/A;N/A;N/A;N/A;5;"80 hp";N/A;N/A;4;"1680 mm";N/A;N/A;N/A;N/A;Sí;N/A;N/A;Sí;Sí;N/A;N/A;"13.8 km/l";N/A;N/A;N/A;N/A;N/A;"Lal 08 a 23";5;1.0;Nafta;Manual;Hatchback;"Autos y camionetas";N/A;N/A;N/A;N/A;N/A;N/A;UY;N/A;N/A;N/A;N/A;N/A;N/A;N/A;N/A;N/A;N/A;N/A;N/A;N/A;N/A;N/A;N/A;N/A;N/A;N/A;N/A;N/A;N/A;N/A;N/A;N/A;N/A;N/A;N/A;N/A;N/A;N/A;N/A;N/A;N/A;N/A;N/A;N/A;N/A;N/A;N/A;N/A;N/A;N/A;N/A;N/A;N/A;N/A;N/A;N/A;N/A;N/A;N/A;N/A;N/A;N/A;N/A;N/A;N/A;N/A;N/A;N/A;N/A;N/A;N/A;N/A;N/A;N/A;N/A;N/A;N/A;N/A;N/A;N/A;N/A;N/A;N/A;N/A;N/A;N/A;N/A;N/A;N/A;N/A;N/A;N/A;N/A;N/A;N/A;N/A;N/A;N/A;N/A;N/A;N/A;N/A;N/A;N/A;N/A;N/A;N/A;N/A;N/A;N/A;N/A;N/A;Sí;N/A;N/A;N/A;Sí;N/A;N/A;Sí;N/A;Sí
Hyundai;i10;1.1;2014;"163000 km";;AMAYASELECCIONADOS;8990;;;;;"Brazo Oriental";https://auto.mercadolibre.com.uy/MLU-700027060-hyundai-i10-_JM;N/A;;"Hyundai I10";USD;Sí;silver;false;N/A;N/A;http://perfil.mercadolibre.com.uy/AMAYASELECCIONADOS;active;N/A;N/A;Usado;Gris;N/A;Asistida;N/A;Sí;N/A;N/A;N/A;N/A;N/A;N/A;N/A;N/A;N/A;N/A;N/A;Sí;N/A;N/A;N/A;N/A;N/A;N/A;N/A;N/A;N/A;N/A;N/A;N/A;N/A;N/A;N/A;N/A;N/A;N/A;N/A;N/A;N/A;N/A;N/A;N/A;N/A;N/A;N/A;N/A;N/A;N/A;N/A;N/A;N/A;N/A;N/A;N/A;N/A;N/A;N/A;N/A;N/A;N/A;N/A;N/A;N/A;N/A;N/A;N/A;N/A;N/A;N/A;N/A;N/A;N/A;N/A;N/A;N/A;N/A;N/A;N/A;N/A;N/A;N/A;N/A;N/A;N/A;N/A;N/A;N/A;N/A;N/A;N/A;N/A;N/A;N/A;N/A;N/A;Sí;N/A;N/A;N/A;N/A;N/A;N/A;N/A;N/A;N/A;N/A;N/A;N/A;"Luneas a viernes de 9 a 18:30hs";5;1.1;Nafta;Manual;N/A;"Autos y camionetas";N/A;N/A;N/A;N/A;N/A;N/A;N/A;N/A;N/A;N/A;N/A;N/A;N/A;N/A;N/A;N/A;N/A;N/A;N/A;N/A;N/A;N/A;N/A;N/A;N/A;N/A;N/A;N/A;N/A;N/A;N/A;N/A;N/A;N/A;N/A;N/A;N/A;N/A;N/A;N/A;N/A;N/A;N/A;N/A;N/A;N/A;N/A;N/A;N/A;N/A;N/A;N/A;N/A;N/A;N/A;N/A;N/A;N/A;N/A;N/A;N/A;N/A;N/A;N/A;N/A;N/A;N/A;N/A;N/A;N/A;N/A;N/A;N/A;N/A;N/A;N/A;N/A;N/A;N/A;N/A;N/A;N/A;N/A;N/A;N/A;N/A;N/A;N/A;N/A;N/A;N/A;N/A;N/A;N/A;N/A;N/A;N/A;N/A;N/A;N/A;Sí;N/A;N/A;N/A;N/A;Sí;N/A;N/A;N/A;N/A;N/A;N/A;N/A;N/A;Sí;N/A;Sí;N/A;N/A;N/A;N/A;N/A
Hyundai;HB20;"1.0 Comfort Mt";2024;"100 km";;"ZONAOESTE AUTOMOTORES";19790;;;;;"Pan de Azúcar";https://auto.mercadolibre.com.uy/MLU-696515784-hyundai-hb20-2024-10-comfort-mt-_JM;N/A;;"Hyundai Hb20 2024 1.0 Comfort Mt";usd;Sí;silver;false;N/A;N/A;http://perfil.mercadolibre.com.uy/ZONAOESTE+AUTOMOTORES;active;N/A;N/A;Usado;N/A;N/A;Hidráulica;Delantera;Sí;N/A;Sí;N/A;N/A;N/A;N/A;N/A;N/A;N/A;N/A;N/A;N/A;N/A;N/A;N/A;N/A;N/A;N/A;N/A;N/A;N/A;N/A;N/A;N/A;"2500 mm";"1 L";"50 L";6;N/A;N/A;N/A;N/A;N/A;N/A;N/A;N/A;N/A;N/A;N/A;N/A;N/A;N/A;N/A;N/A;N/A;N/A;N/A;N/A;N/A;N/A;N/A;N/A;N/A;N/A;N/A;N/A;N/A;N/A;N/A;N/A;N/A;Sí;Sí;N/A;N/A;N/A;N/A;N/A;N/A;N/A;N/A;N/A;N/A;"1470 mm";"3920 mm";N/A;N/A;N/A;N/A;5;"101 hp";N/A;N/A;4;"1680 mm";N/A;N/A;N/A;N/A;Sí;N/A;N/A;Sí;Sí;N/A;N/A;"13.8 km/l";N/A;N/A;N/A;N/A;N/A;N/A;5;1.0;Nafta;Manual;Hatchback;"Autos y camionetas";N/A;N/A;N/A;N/A;N/A;N/A;UY;N/A;N/A;N/A;N/A;N/A;N/A;N/A;N/A;N/A;N/A;N/A;N/A;N/A;N/A;N/A;N/A;N/A;N/A;N/A;N/A;N/A;N/A;N/A;N/A;N/A;N/A;N/A;N/A;N/A;N/A;N/A;N/A;N/A;N/A;N/A;N/A;N/A;N/A;N/A;N/A;N/A;N/A;N/A;N/A;N/A;N/A;N/A;N/A;N/A;N/A;N/A;N/A;N/A;N/A;N/A;N/A;N/A;N/A;N/A;N/A;N/A;N/A;N/A;N/A;N/A;N/A;N/A;N/A;N/A;N/A;N/A;N/A;N/A;N/A;N/A;N/A;N/A;N/A;N/A;N/A;N/A;N/A;N/A;N/A;N/A;N/A;N/A;N/A;N/A;N/A;N/A;N/A;N/A;N/A;N/A;N/A;N/A;N/A;N/A;N/A;N/A;N/A;N/A;N/A;N/A;Sí;N/A;N/A;N/A;Sí;N/A;N/A;Sí;N/A;Sí
Hyundai;H1;"2.5 Diesel";2014;"215000 km";;CVLL2009;19500;;;;;"Gregorio Aznárez";https://auto.mercadolibre.com.uy/MLU-702306114-hyundai-_JM;N/A;;Hyundai;USD;Sí;silver;false;N/A;N/A;http://perfil.mercadolibre.com.uy/CVLL2009;active;N/A;N/A;Usado;Blanco;N/A;Hidráulica;N/A;N/A;N/A;N/A;N/A;N/A;N/A;N/A;N/A;N/A;N/A;N/A;N/A;N/A;N/A;N/A;N/A;N/A;N/A;N/A;N/A;N/A;N/A;N/A;N/A;N/A;N/A;N/A;N/A;N/A;N/A;N/A;N/A;N/A;N/A;N/A;N/A;N/A;N/A;N/A;N/A;N/A;N/A;N/A;N/A;N/A;N/A;N/A;N/A;N/A;N/A;N/A;N/A;N/A;N/A;N/A;N/A;N/A;N/A;N/A;N/A;N/A;N/A;N/A;N/A;N/A;N/A;N/A;N/A;N/A;N/A;N/A;N/A;N/A;N/A;N/A;N/A;N/A;N/A;N/A;N/A;N/A;N/A;N/A;N/A;N/A;N/A;N/A;N/A;N/A;N/A;N/A;N/A;N/A;N/A;N/A;N/A;N/A;N/A;N/A;N/A;N/A;N/A;N/A;N/A;5;N/A;Diésel;N/A;N/A;"Autos y camionetas";N/A;N/A;N/A;N/A;N/A;N/A;N/A;N/A;N/A;N/A;N/A;N/A;N/A;N/A;N/A;N/A;N/A;N/A;N/A;N/A;N/A;N/A;N/A;N/A;N/A;N/A;N/A;N/A;N/A;N/A;N/A;N/A;N/A;N/A;N/A;N/A;N/A;N/A;N/A;N/A;N/A;N/A;N/A;N/A;N/A;N/A;N/A;N/A;N/A;N/A;N/A;N/A;N/A;N/A;N/A;N/A;N/A;N/A;N/A;N/A;N/A;N/A;N/A;N/A;N/A;N/A;N/A;N/A;N/A;N/A;N/A;N/A;N/A;N/A;N/A;N/A;N/A;N/A;N/A;N/A;N/A;N/A;N/A;N/A;N/A;N/A;N/A;N/A;N/A;N/A;N/A;N/A;N/A;N/A;N/A;N/A;N/A;N/A;N/A;N/A;N/A;N/A;N/A;N/A;N/A;N/A;N/A;N/A;N/A;N/A;N/A;N/A;N/A;N/A;N/A;N/A;N/A;N/A;N/A;N/A;N/A;N/A
Hyundai;HB20;"1.0 Premium Mt";2024;"0 km";;EDINSONOSVALDO2011;19990;;;;;"San José de Mayo";https://auto.mercadolibre.com.uy/MLU-689641322-hyundai-novo-hb20-10-premium-_JM;N/A;;"Hyundai Novo Hb20 1.0 Premium";usd;Sí;silver;false;N/A;N/A;http://perfil.mercadolibre.com.uy/EDINSONOSVALDO2011;active;N/A;N/A;Nuevo;Plateado;N/A;Hidráulica;Delantera;Sí;N/A;Sí;N/A;N/A;N/A;N/A;N/A;N/A;N/A;N/A;N/A;N/A;N/A;N/A;N/A;N/A;N/A;N/A;N/A;N/A;N/A;N/A;N/A;N/A;"2500 mm";"1 L";"50 L";6;N/A;N/A;N/A;N/A;N/A;N/A;N/A;N/A;N/A;N/A;N/A;N/A;N/A;N/A;N/A;N/A;N/A;N/A;N/A;N/A;N/A;N/A;N/A;N/A;N/A;N/A;N/A;N/A;N/A;N/A;N/A;N/A;N/A;Sí;Sí;N/A;N/A;N/A;N/A;N/A;N/A;N/A;N/A;N/A;N/A;"1470 mm";"3920 mm";N/A;N/A;N/A;N/A;5;"80 hp";N/A;N/A;4;"1680 mm";N/A;N/A;N/A;N/A;Sí;N/A;N/A;Sí;Sí;N/A;N/A;"13.8 km/l";N/A;N/A;N/A;N/A;N/A;N/A;5;1.0;Nafta;Manual;Hatchback;"Autos y camionetas";N/A;N/A;N/A;N/A;N/A;N/A;UY;N/A;N/A;N/A;N/A;N/A;N/A;N/A;N/A;N/A;N/A;N/A;N/A;N/A;N/A;N/A;N/A;N/A;N/A;N/A;N/A;N/A;N/A;N/A;N/A;N/A;N/A;N/A;N/A;N/A;N/A;N/A;N/A;N/A;N/A;N/A;N/A;N/A;N/A;N/A;N/A;N/A;N/A;N/A;N/A;N/A;N/A;N/A;N/A;N/A;N/A;N/A;N/A;N/A;N/A;N/A;N/A;N/A;N/A;N/A;N/A;N/A;N/A;N/A;N/A;N/A;N/A;N/A;N/A;N/A;N/A;N/A;N/A;N/A;N/A;N/A;N/A;N/A;N/A;N/A;N/A;N/A;N/A;N/A;N/A;N/A;N/A;N/A;N/A;N/A;N/A;N/A;N/A;N/A;N/A;N/A;N/A;N/A;N/A;N/A;N/A;N/A;N/A;N/A;N/A;N/A;Sí;N/A;N/A;N/A;Sí;N/A;N/A;Sí;N/A;Sí
Hyundai;Tucson;"2.0 Gl 6at 2wd";2014;"1 km";;"G.ARISPE AUTOMOTORES";14900;;;;;Prado;https://auto.mercadolibre.com.uy/MLU-698478880-hyundai-tucson-20-gl-6at-2wd-_JM;N/A;;"Hyundai Tucson 2.0 Gl 6at 2wd";usd;Sí;silver;false;N/A;N/A;http://perfil.mercadolibre.com.uy/G.ARISPE+AUTOMOTORES;active;N/A;N/A;Usado;Negro;N/A;Hidráulica;4x2;Sí;N/A;Sí;N/A;N/A;N/A;N/A;N/A;N/A;N/A;N/A;N/A;N/A;N/A;N/A;N/A;N/A;N/A;N/A;N/A;N/A;N/A;N/A;N/A;N/A;"2630 mm";"2 L";"58 L";6;N/A;N/A;N/A;N/A;N/A;N/A;N/A;N/A;N/A;N/A;N/A;N/A;N/A;N/A;N/A;N/A;N/A;N/A;N/A;N/A;N/A;N/A;N/A;N/A;N/A;N/A;N/A;N/A;N/A;N/A;N/A;Sí;N/A;N/A;N/A;N/A;N/A;N/A;N/A;N/A;N/A;Sí;N/A;N/A;N/A;"1655 mm";"4410 mm";N/A;N/A;N/A;N/A;5;"166 hp";Gl;N/A;4;"1830 mm";"10.4 km/l";N/A;N/A;N/A;N/A;N/A;N/A;N/A;N/A;N/A;Sí;"6.4 km/l";N/A;N/A;N/A;N/A;N/A;N/A;5;2.0;Nafta;Automática;SUV;"Autos y camionetas";N/A;N/A;N/A;N/A;N/A;N/A;UY;N/A;N/A;N/A;N/A;N/A;N/A;N/A;N/A;N/A;N/A;N/A;N/A;N/A;N/A;N/A;N/A;N/A;N/A;N/A;N/A;N/A;N/A;N/A;N/A;N/A;N/A;N/A;N/A;N/A;N/A;N/A;N/A;N/A;N/A;N/A;N/A;N/A;N/A;N/A;N/A;N/A;N/A;N/A;N/A;N/A;N/A;N/A;N/A;N/A;N/A;N/A;N/A;N/A;N/A;N/A;N/A;N/A;N/A;N/A;N/A;N/A;N/A;N/A;N/A;N/A;N/A;N/A;N/A;N/A;N/A;N/A;N/A;N/A;N/A;N/A;N/A;N/A;N/A;N/A;N/A;N/A;N/A;N/A;N/A;N/A;N/A;N/A;N/A;N/A;Sí;N/A;Sí;N/A;N/A;N/A;N/A;N/A;N/A;N/A;N/A;N/A;N/A;Sí;N/A;N/A;N/A;N/A;N/A;N/A;N/A;N/A;N/A;N/A;N/A;N/A
Hyundai;HB20S;"1.6 Comfort Plus 4p";2018;"64000 km";;"RUTA DURAZNO";14900;;;;;Durazno;https://auto.mercadolibre.com.uy/MLU-704785048-hyundai-hb20s-16-comfort-plus-4p-_JM;N/A;;"Hyundai Hb20s 1.6 Comfort Plus 4p";usd;Sí;silver;false;N/A;N/A;http://perfil.mercadolibre.com.uy/RUTA+DURAZNO;active;N/A;N/A;Usado;Gris;N/A;Hidráulica;Delantera;Sí;N/A;N/A;N/A;N/A;N/A;N/A;N/A;N/A;N/A;N/A;N/A;N/A;N/A;N/A;N/A;N/A;N/A;N/A;N/A;N/A;N/A;N/A;N/A;N/A;"2500 mm";"1.6 L";"50 L";5;N/A;N/A;N/A;N/A;N/A;N/A;N/A;N/A;N/A;N/A;N/A;N/A;N/A;N/A;N/A;N/A;N/A;N/A;N/A;N/A;N/A;N/A;N/A;N/A;N/A;N/A;N/A;N/A;N/A;N/A;N/A;N/A;N/A;Sí;Sí;N/A;N/A;N/A;N/A;N/A;N/A;N/A;N/A;N/A;N/A;"1500 mm";"4200 mm";N/A;N/A;N/A;N/A;5;"122 hp";"Comfort Plus";N/A;4;"1680 mm";N/A;N/A;N/A;N/A;Sí;N/A;N/A;Sí;Sí;N/A;N/A;"12.8 km/l";N/A;N/A;N/A;N/A;N/A;N/A;4;1.6;Nafta;Manual;Sedán;"Autos y camionetas";N/A;N/A;N/A;N/A;N/A;N/A;UY;N/A;N/A;N/A;N/A;N/A;N/A;N/A;N/A;N/A;N/A;N/A;N/A;N/A;N/A;N/A;N/A;N/A;N/A;N/A;N/A;N/A;N/A;N/A;N/A;N/A;N/A;N/A;N/A;N/A;N/A;N/A;N/A;N/A;N/A;N/A;N/A;N/A;N/A;N/A;N/A;N/A;N/A;N/A;N/A;N/A;N/A;N/A;N/A;N/A;N/A;N/A;N/A;N/A;N/A;N/A;N/A;N/A;N/A;N/A;N/A;N/A;N/A;N/A;N/A;N/A;N/A;N/A;N/A;N/A;N/A;N/A;N/A;N/A;N/A;N/A;N/A;N/A;N/A;N/A;N/A;N/A;N/A;N/A;N/A;N/A;N/A;N/A;N/A;N/A;N/A;N/A;N/A;N/A;N/A;N/A;N/A;N/A;N/A;N/A;N/A;N/A;N/A;N/A;N/A;N/A;Sí;N/A;N/A;N/A;Sí;N/A;N/A;Sí;N/A;Sí
Hyundai;i10;"GLS 1.0";2014;"140000 km";;ELSIGNO2006;8500;;;;;Malvin;https://auto.mercadolibre.com.uy/MLU-647115435--hyundai-i10-gls-ac-2014-excelente-estado-_JM;N/A;;": Hyundai I10 Gls A/c 2014  Excelente Estado";USD;Sí;silver;false;N/A;N/A;http://perfil.mercadolibre.com.uy/ELSIGNO2006;active;N/A;N/A;Usado;Negro;N/A;Hidráulica;N/A;Sí;Sí;N/A;N/A;N/A;N/A;N/A;N/A;N/A;N/A;N/A;N/A;Sí;N/A;N/A;N/A;N/A;N/A;N/A;N/A;N/A;N/A;N/A;N/A;N/A;N/A;N/A;N/A;N/A;N/A;N/A;N/A;N/A;N/A;N/A;N/A;N/A;N/A;N/A;N/A;N/A;N/A;N/A;N/A;N/A;N/A;N/A;N/A;N/A;N/A;N/A;N/A;N/A;N/A;N/A;N/A;N/A;N/A;N/A;N/A;N/A;N/A;N/A;N/A;N/A;N/A;N/A;N/A;N/A;N/A;N/A;N/A;N/A;N/A;N/A;N/A;N/A;N/A;N/A;N/A;N/A;N/A;N/A;N/A;N/A;N/A;N/A;N/A;N/A;N/A;Sí;N/A;N/A;N/A;N/A;N/A;N/A;N/A;N/A;N/A;N/A;N/A;N/A;N/A;5;"1000 cc";Nafta;Manual;N/A;"Autos y camionetas";N/A;N/A;N/A;N/A;N/A;N/A;N/A;N/A;N/A;N/A;N/A;N/A;N/A;N/A;N/A;N/A;N/A;N/A;N/A;N/A;N/A;N/A;N/A;N/A;N/A;N/A;N/A;N/A;N/A;N/A;N/A;N/A;N/A;N/A;N/A;N/A;N/A;N/A;N/A;N/A;N/A;N/A;N/A;N/A;N/A;N/A;N/A;N/A;N/A;N/A;N/A;N/A;N/A;N/A;N/A;N/A;N/A;N/A;N/A;N/A;N/A;N/A;N/A;N/A;N/A;N/A;N/A;N/A;N/A;N/A;N/A;N/A;N/A;N/A;N/A;N/A;N/A;N/A;N/A;N/A;N/A;N/A;N/A;N/A;N/A;N/A;N/A;N/A;N/A;N/A;N/A;N/A;N/A;N/A;N/A;N/A;N/A;N/A;N/A;N/A;N/A;N/A;N/A;N/A;N/A;N/A;N/A;N/A;Sí;N/A;N/A;N/A;N/A;Sí;Sí;Sí;Sí;N/A;N/A;N/A;N/A;Sí
Hyundai;i10;"1.2 Gls Seguridad L At";2012;"75000 km";;"VILLA AUTOMOVILES";7900;;;;;"Villa Maria";https://auto.mercadolibre.com.uy/MLU-702782130-byd-f-0-_JM;N/A;;"Byd F 0 ";usd;Sí;silver;false;N/A;N/A;http://perfil.mercadolibre.com.uy/VILLA+AUTOMOVILES;active;N/A;N/A;Usado;Blanco;N/A;Hidráulica;Delantera;Sí;N/A;Sí;N/A;N/A;N/A;N/A;N/A;N/A;N/A;N/A;N/A;N/A;N/A;N/A;N/A;N/A;N/A;N/A;N/A;N/A;N/A;N/A;N/A;N/A;"2385 mm";"1.2 L";"35 L";4;N/A;N/A;N/A;N/A;Sí;N/A;N/A;N/A;N/A;N/A;N/A;N/A;N/A;N/A;N/A;N/A;N/A;N/A;N/A;N/A;N/A;N/A;N/A;N/A;N/A;N/A;N/A;N/A;N/A;N/A;N/A;Sí;N/A;Sí;N/A;N/A;N/A;N/A;N/A;N/A;N/A;Sí;N/A;N/A;N/A;"1540 mm";"3565 mm";N/A;N/A;N/A;N/A;5;"85 hp";Gls;N/A;4;"1660 mm";N/A;N/A;N/A;N/A;N/A;N/A;N/A;N/A;N/A;N/A;N/A;N/A;N/A;N/A;N/A;N/A;N/A;N/A;5;1.2;Nafta;Automática;Hatchback;"Autos y camionetas";N/A;N/A;N/A;N/A;N/A;N/A;UY;N/A;N/A;N/A;N/A;N/A;N/A;N/A;N/A;N/A;N/A;N/A;N/A;N/A;N/A;N/A;N/A;N/A;N/A;N/A;N/A;N/A;N/A;N/A;N/A;N/A;N/A;N/A;N/A;N/A;N/A;N/A;N/A;N/A;N/A;N/A;N/A;N/A;N/A;N/A;N/A;N/A;N/A;N/A;N/A;N/A;N/A;N/A;N/A;N/A;N/A;N/A;N/A;N/A;N/A;N/A;N/A;N/A;N/A;N/A;N/A;N/A;N/A;N/A;N/A;N/A;N/A;N/A;N/A;N/A;N/A;N/A;N/A;N/A;N/A;N/A;N/A;N/A;N/A;N/A;N/A;N/A;N/A;N/A;N/A;N/A;N/A;N/A;N/A;N/A;Sí;N/A;Sí;N/A;N/A;N/A;N/A;N/A;N/A;N/A;N/A;N/A;N/A;Sí;N/A;N/A;N/A;N/A;N/A;N/A;N/A;N/A;N/A;N/A;N/A;N/A
Hyundai;H1;Rural;2019;"98000 km";;JORGE.TUB.AUTOMOTORES;26800;;;;;"Jacinto Vera";https://auto.mercadolibre.com.uy/MLU-697140650-hyundai-h1-rural-diesel-_JM;N/A;;"Hyundai H1 Rural Diesel ";USD;Sí;silver;false;N/A;N/A;http://perfil.mercadolibre.com.uy/JORGE.TUB.AUTOMOTORES;active;N/A;N/A;Usado;Blanco;N/A;Hidráulica;Delantera;Sí;Sí;N/A;N/A;N/A;N/A;N/A;N/A;N/A;N/A;N/A;N/A;Sí;N/A;N/A;N/A;N/A;N/A;N/A;N/A;N/A;N/A;N/A;N/A;N/A;N/A;N/A;N/A;N/A;N/A;N/A;N/A;N/A;N/A;N/A;N/A;N/A;N/A;N/A;N/A;N/A;N/A;N/A;N/A;N/A;N/A;N/A;N/A;N/A;N/A;N/A;N/A;N/A;N/A;N/A;N/A;N/A;N/A;N/A;N/A;N/A;N/A;N/A;N/A;N/A;N/A;N/A;N/A;N/A;N/A;N/A;N/A;N/A;N/A;N/A;N/A;N/A;N/A;N/A;N/A;N/A;N/A;N/A;N/A;N/A;N/A;N/A;N/A;N/A;N/A;N/A;N/A;Sí;N/A;N/A;N/A;N/A;N/A;N/A;N/A;N/A;N/A;N/A;N/A;3;2.5;Diésel;Manual;Rural;"Autos y camionetas";N/A;N/A;N/A;N/A;N/A;N/A;N/A;N/A;Sí;N/A;N/A;N/A;N/A;N/A;N/A;N/A;N/A;N/A;N/A;N/A;N/A;N/A;N/A;N/A;N/A;N/A;N/A;N/A;N/A;N/A;N/A;N/A;N/A;N/A;N/A;N/A;N/A;N/A;N/A;N/A;N/A;N/A;N/A;N/A;N/A;N/A;N/A;N/A;N/A;N/A;N/A;N/A;N/A;N/A;N/A;N/A;N/A;N/A;N/A;N/A;N/A;N/A;N/A;N/A;N/A;N/A;N/A;N/A;N/A;N/A;N/A;N/A;N/A;N/A;N/A;N/A;N/A;N/A;N/A;N/A;N/A;N/A;N/A;N/A;N/A;N/A;N/A;N/A;N/A;N/A;N/A;N/A;N/A;N/A;N/A;N/A;Sí;N/A;N/A;N/A;N/A;N/A;N/A;N/A;N/A;Sí;N/A;N/A;N/A;N/A;N/A;N/A;N/A;N/A;Sí;Sí;N/A;N/A;N/A;N/A;N/A;Sí
Hyundai;Eon;"0.8 Gls Full";2014;"140000 km";;BHAUTOMOVILES;10500;;;;;Maldonado;https://auto.mercadolibre.com.uy/MLU-643850337-hyundai-eon-08-gls-full-_JM;N/A;;"Hyundai Eon 0.8 Gls Full";usd;Sí;silver;false;N/A;N/A;http://perfil.mercadolibre.com.uy/BHAUTOMOVILES;active;N/A;N/A;Usado;Plateado;N/A;Hidráulica;Delantera;Sí;N/A;Sí;N/A;N/A;N/A;N/A;N/A;N/A;N/A;N/A;N/A;N/A;N/A;N/A;N/A;N/A;N/A;N/A;N/A;N/A;N/A;N/A;N/A;N/A;"2385 mm";"0.8 L";"35 L";5;N/A;N/A;N/A;N/A;N/A;N/A;N/A;N/A;N/A;N/A;N/A;N/A;N/A;N/A;N/A;N/A;N/A;N/A;N/A;N/A;N/A;N/A;N/A;N/A;N/A;N/A;N/A;N/A;N/A;N/A;N/A;N/A;N/A;Sí;N/A;N/A;N/A;N/A;N/A;N/A;N/A;N/A;N/A;N/A;N/A;"1540 mm";"3585 mm";N/A;N/A;N/A;N/A;5;"85 hp";Gls;N/A;4;"1660 mm";N/A;N/A;N/A;N/A;N/A;N/A;N/A;N/A;N/A;N/A;N/A;N/A;N/A;N/A;N/A;N/A;N/A;N/A;5;0.8;Nafta;Manual;Hatchback;"Autos y camionetas";N/A;N/A;N/A;N/A;N/A;N/A;UY;N/A;N/A;N/A;N/A;N/A;N/A;N/A;N/A;N/A;N/A;N/A;N/A;N/A;N/A;N/A;N/A;N/A;N/A;N/A;N/A;N/A;N/A;N/A;N/A;N/A;N/A;N/A;N/A;N/A;N/A;N/A;N/A;N/A;N/A;N/A;N/A;N/A;N/A;N/A;N/A;N/A;N/A;N/A;N/A;N/A;N/A;N/A;N/A;N/A;N/A;N/A;N/A;N/A;N/A;N/A;N/A;N/A;N/A;N/A;N/A;N/A;N/A;N/A;N/A;N/A;N/A;N/A;N/A;N/A;N/A;N/A;N/A;N/A;N/A;N/A;N/A;N/A;N/A;N/A;N/A;N/A;N/A;N/A;N/A;N/A;N/A;N/A;N/A;N/A;N/A;N/A;N/A;N/A;N/A;N/A;N/A;N/A;N/A;N/A;N/A;N/A;N/A;Sí;N/A;N/A;N/A;N/A;N/A;N/A;N/A;N/A;N/A;N/A;N/A;N/A
Hyundai;HB20;"1.6 Comfort Plus 5p";2019;"96000 km";;"ARIZAGA AUTOMOVILES";11800;;;;;Florida;https://auto.mercadolibre.com.uy/MLU-647586483-hyundai-hb20-2019-16-comfort-plus-5p-_JM;N/A;;"Hyundai Hb20 2019 1.6 Comfort Plus 5p";usd;Sí;silver;false;N/A;N/A;http://perfil.mercadolibre.com.uy/ARIZAGA+AUTOMOVILES;active;N/A;N/A;Usado;N/A;N/A;Hidráulica;Delantera;Sí;N/A;Sí;N/A;N/A;N/A;N/A;N/A;N/A;N/A;N/A;N/A;N/A;N/A;N/A;N/A;N/A;N/A;N/A;N/A;N/A;N/A;N/A;N/A;N/A;"2500 mm";"1.6 L";"50 L";6;N/A;N/A;N/A;N/A;N/A;N/A;N/A;N/A;N/A;N/A;N/A;N/A;N/A;N/A;N/A;N/A;N/A;N/A;N/A;N/A;N/A;N/A;N/A;N/A;N/A;N/A;N/A;N/A;N/A;N/A;N/A;N/A;N/A;Sí;Sí;N/A;N/A;N/A;N/A;N/A;N/A;N/A;N/A;N/A;N/A;"1470 mm";"3920 mm";N/A;N/A;N/A;N/A;5;"122 hp";"Comfort Plus";N/A;4;"1680 mm";N/A;N/A;N/A;N/A;Sí;N/A;N/A;Sí;Sí;N/A;N/A;"13.8 km/l";N/A;N/A;N/A;N/A;N/A;N/A;5;1.6;Nafta;Manual;Hatchback;"Autos y camionetas";N/A;N/A;N/A;N/A;N/A;N/A;UY;N/A;N/A;N/A;N/A;N/A;N/A;N/A;N/A;N/A;N/A;N/A;N/A;N/A;N/A;N/A;N/A;N/A;N/A;N/A;N/A;N/A;N/A;N/A;N/A;N/A;N/A;N/A;N/A;N/A;N/A;N/A;N/A;N/A;N/A;N/A;N/A;N/A;N/A;N/A;N/A;N/A;N/A;N/A;N/A;N/A;N/A;N/A;N/A;N/A;N/A;N/A;N/A;N/A;N/A;N/A;N/A;N/A;N/A;N/A;N/A;N/A;N/A;N/A;N/A;N/A;N/A;N/A;N/A;N/A;N/A;N/A;N/A;N/A;N/A;N/A;N/A;N/A;N/A;N/A;N/A;N/A;N/A;N/A;N/A;N/A;N/A;N/A;N/A;N/A;N/A;N/A;N/A;N/A;N/A;N/A;N/A;N/A;N/A;N/A;N/A;N/A;N/A;N/A;N/A;N/A;Sí;N/A;N/A;N/A;Sí;N/A;N/A;Sí;N/A;Sí
Hyundai;i10;"GL EXTRA FULL";2015;"117000 km";;"AUTOMOTORA DRIVERS";9800;;;;;Centro;https://auto.mercadolibre.com.uy/MLU-700549324-hyundai-i10-gl-extra-full-2015-us-9800-permuta-financia-_JM;N/A;;"Hyundai I10 Gl Extra Full 2015 U$s 9800 Permuta Financia";USD;Sí;silver;false;N/A;N/A;http://perfil.mercadolibre.com.uy/AUTOMOTORA+DRIVERS;active;N/A;N/A;Usado;Blanco;N/A;N/A;Delantera;Sí;Sí;N/A;N/A;N/A;N/A;N/A;N/A;N/A;N/A;N/A;N/A;Sí;N/A;Sí;N/A;N/A;N/A;N/A;N/A;N/A;N/A;N/A;N/A;N/A;N/A;N/A;N/A;N/A;N/A;N/A;N/A;N/A;N/A;N/A;N/A;N/A;N/A;N/A;N/A;N/A;N/A;N/A;N/A;N/A;N/A;N/A;N/A;N/A;N/A;N/A;N/A;N/A;N/A;N/A;N/A;N/A;N/A;N/A;N/A;N/A;N/A;N/A;N/A;N/A;N/A;N/A;N/A;N/A;N/A;N/A;N/A;N/A;N/A;N/A;N/A;N/A;N/A;N/A;N/A;N/A;N/A;N/A;N/A;N/A;N/A;N/A;N/A;N/A;N/A;Sí;N/A;N/A;N/A;N/A;N/A;N/A;N/A;N/A;N/A;N/A;N/A;Sí;"LUNES A VIERNES DE 10 A 18 HRS";5;1.0;Nafta;Manual;Hatchback;"Autos y camionetas";N/A;N/A;N/A;N/A;N/A;N/A;N/A;N/A;Sí;N/A;N/A;N/A;N/A;N/A;N/A;N/A;N/A;N/A;N/A;N/A;N/A;N/A;N/A;N/A;N/A;N/A;N/A;N/A;N/A;N/A;N/A;N/A;N/A;N/A;N/A;N/A;N/A;N/A;N/A;N/A;N/A;N/A;N/A;N/A;N/A;N/A;N/A;N/A;N/A;N/A;N/A;N/A;N/A;N/A;N/A;N/A;N/A;N/A;N/A;N/A;N/A;N/A;N/A;N/A;N/A;N/A;N/A;N/A;N/A;N/A;N/A;N/A;N/A;N/A;N/A;N/A;N/A;N/A;N/A;N/A;N/A;N/A;N/A;N/A;N/A;N/A;N/A;N/A;N/A;N/A;N/A;N/A;N/A;N/A;N/A;N/A;Sí;N/A;N/A;N/A;N/A;N/A;N/A;N/A;N/A;Sí;N/A;Sí;Sí;N/A;N/A;N/A;N/A;Sí;Sí;Sí;N/A;N/A;N/A;N/A;N/A;Sí
Hyundai;H100;"2.5 12 Pas Spr Minibus";1996;"450000 km";;SERGIOCORVEZOLA;7500;;;;;Manga;https://auto.mercadolibre.com.uy/MLU-647524181-hyundai-h100-25-12-pas-spr-minibus-_JM;N/A;;"Hyundai H100 2.5 12 Pas Spr Minibus";usd;No;silver;false;N/A;N/A;http://perfil.mercadolibre.com.uy/SERGIOCORVEZOLA;active;N/A;N/A;Usado;Azul;No;Hidráulica;4x2;Sí;N/A;N/A;N/A;N/A;N/A;N/A;N/A;No;N/A;N/A;N/A;Sí;N/A;Sí;N/A;N/A;N/A;N/A;N/A;N/A;N/A;N/A;N/A;N/A;"3200 mm";"2.5 L";"75 L";N/A;N/A;N/A;N/A;N/A;N/A;N/A;N/A;N/A;N/A;N/A;N/A;N/A;N/A;N/A;N/A;N/A;N/A;N/A;N/A;N/A;N/A;N/A;N/A;N/A;N/A;N/A;N/A;N/A;N/A;N/A;N/A;N/A;N/A;N/A;N/A;N/A;N/A;N/A;N/A;N/A;N/A;N/A;N/A;N/A;N/A;"1925 mm";"5125 mm";N/A;N/A;N/A;N/A;2;"73 hp";Spr;N/A;4;"1920 mm";N/A;No;N/A;N/A;N/A;N/A;No;No;N/A;N/A;N/A;N/A;N/A;N/A;N/A;N/A;N/A;N/A;2;2.5;Diésel;Manual;Minivan;"Autos y camionetas";N/A;N/A;N/A;N/A;N/A;N/A;UY;N/A;N/A;N/A;N/A;N/A;N/A;N/A;N/A;N/A;N/A;N/A;N/A;N/A;N/A;N/A;N/A;N/A;N/A;N/A;N/A;N/A;N/A;N/A;N/A;N/A;N/A;N/A;N/A;N/A;N/A;N/A;N/A;N/A;N/A;N/A;N/A;N/A;N/A;N/A;N/A;N/A;N/A;N/A;N/A;N/A;N/A;N/A;N/A;N/A;N/A;N/A;N/A;N/A;N/A;N/A;Sí;N/A;N/A;N/A;N/A;N/A;N/A;N/A;N/A;N/A;N/A;N/A;N/A;N/A;N/A;N/A;N/A;N/A;N/A;N/A;N/A;N/A;N/A;N/A;N/A;N/A;N/A;N/A;N/A;N/A;N/A;N/A;N/A;N/A;Sí;N/A;Sí;N/A;N/A;N/A;N/A;N/A;N/A;N/A;N/A;N/A;N/A;N/A;N/A;N/A;N/A;N/A;Sí;Sí;Sí;Sí;N/A;Sí;N/A;Sí
Hyundai;Elantra;1.8;2012;"140000 km";;"HORIZONTE AUTOMÓVILES";17800;;;;;Rivera;https://auto.mercadolibre.com.uy/MLU-691978670-hyundai-elantra-_JM;N/A;;"Hyundai Elantra ";USD;Sí;silver;false;N/A;N/A;http://perfil.mercadolibre.com.uy/HORIZONTE+AUTOM%C3%93VILES;active;N/A;N/A;Usado;Dorado;No;Hidráulica;4x2;Sí;Sí;N/A;N/A;N/A;No;N/A;N/A;No;N/A;N/A;Sí;Sí;N/A;Sí;N/A;N/A;N/A;N/A;N/A;N/A;N/A;N/A;N/A;N/A;N/A;N/A;N/A;N/A;N/A;N/A;N/A;N/A;N/A;No;N/A;N/A;N/A;N/A;N/A;N/A;N/A;N/A;N/A;N/A;N/A;N/A;N/A;N/A;N/A;N/A;N/A;N/A;N/A;N/A;N/A;N/A;N/A;No;N/A;N/A;N/A;N/A;N/A;N/A;N/A;N/A;N/A;N/A;N/A;N/A;N/A;N/A;N/A;N/A;N/A;N/A;N/A;N/A;N/A;N/A;N/A;N/A;N/A;N/A;N/A;N/A;N/A;N/A;No;Sí;N/A;N/A;N/A;N/A;Sí;N/A;N/A;No;No;N/A;N/A;No;"Lunes a viernes de 8:30 a 18:30 y sábados de 8:30 a 12:30hs.";4;1.8;Nafta;Automática;Sedán;"Autos y camionetas";Sí;N/A;N/A;N/A;No;N/A;N/A;N/A;Sí;N/A;Sí;N/A;N/A;N/A;N/A;N/A;N/A;N/A;N/A;N/A;N/A;N/A;N/A;N/A;No;N/A;N/A;N/A;N/A;N/A;N/A;N/A;N/A;N/A;N/A;N/A;N/A;N/A;N/A;N/A;N/A;N/A;N/A;Sí;N/A;N/A;N/A;N/A;N/A;N/A;N/A;N/A;N/A;N/A;N/A;N/A;N/A;N/A;N/A;N/A;N/A;Sí;Sí;N/A;N/A;N/A;N/A;N/A;N/A;N/A;N/A;N/A;N/A;N/A;N/A;N/A;N/A;N/A;N/A;N/A;N/A;N/A;N/A;N/A;N/A;N/A;N/A;N/A;N/A;N/A;N/A;N/A;N/A;N/A;N/A;No;Sí;No;Sí;N/A;Sí;N/A;N/A;N/A;N/A;N/A;Sí;N/A;N/A;N/A;N/A;N/A;No;N/A;Sí;Sí;Sí;No;No;Sí;N/A;Sí
Hyundai;Creta;"1.0 At";2024;"0 km";;EDINSONOSVALDO2011;35490;;;;;"San José de Mayo";https://auto.mercadolibre.com.uy/MLU-642814247-new-creta-limited-at-_JM;N/A;;"New Creta Limited At ";USD;Sí;silver;false;N/A;N/A;http://perfil.mercadolibre.com.uy/EDINSONOSVALDO2011;active;N/A;N/A;Nuevo;Azul;N/A;Eléctrica;Delantera;Sí;Sí;N/A;N/A;N/A;N/A;N/A;N/A;Sí;N/A;N/A;Sí;Sí;N/A;N/A;N/A;N/A;N/A;N/A;N/A;N/A;N/A;N/A;N/A;N/A;N/A;N/A;N/A;N/A;N/A;N/A;N/A;N/A;N/A;N/A;N/A;N/A;N/A;N/A;N/A;N/A;N/A;N/A;N/A;N/A;N/A;N/A;N/A;N/A;N/A;N/A;N/A;N/A;N/A;N/A;N/A;N/A;N/A;N/A;N/A;N/A;N/A;N/A;N/A;N/A;N/A;N/A;N/A;N/A;N/A;N/A;N/A;N/A;N/A;N/A;N/A;N/A;N/A;N/A;N/A;N/A;N/A;N/A;N/A;N/A;N/A;N/A;N/A;N/A;N/A;Sí;N/A;Sí;Sí;N/A;Sí;N/A;N/A;N/A;N/A;N/A;N/A;Sí;N/A;5;"1.0 TURBO";Nafta;Automática;SUV;"Autos y camionetas";N/A;N/A;N/A;N/A;N/A;N/A;N/A;N/A;Sí;N/A;N/A;N/A;N/A;N/A;N/A;N/A;N/A;N/A;N/A;N/A;N/A;N/A;N/A;N/A;Sí;N/A;N/A;N/A;N/A;N/A;N/A;N/A;N/A;N/A;N/A;N/A;N/A;N/A;N/A;N/A;N/A;N/A;N/A;Sí;N/A;N/A;N/A;N/A;N/A;N/A;N/A;N/A;N/A;N/A;N/A;N/A;N/A;N/A;N/A;N/A;N/A;N/A;N/A;N/A;N/A;N/A;N/A;N/A;N/A;N/A;N/A;N/A;N/A;N/A;N/A;N/A;N/A;N/A;N/A;N/A;N/A;N/A;N/A;N/A;N/A;N/A;N/A;N/A;N/A;N/A;N/A;N/A;N/A;N/A;N/A;N/A;N/A;N/A;Sí;N/A;Sí;N/A;N/A;N/A;N/A;Sí;Sí;Sí;Sí;N/A;N/A;Sí;Sí;Sí;Sí;N/A;Sí;N/A;N/A;Sí;N/A;Sí
Hyundai;HB20;Comfort;2024;"0 km";;MONTOSSIAUTOMVILES;16990;;;;;Maldonado;https://auto.mercadolibre.com.uy/MLU-683296028-hyundai-hb20-comfort-2024-0km-_JM;N/A;;"Hyundai Hb20 Comfort 2024 0km";USD;Sí;silver;false;N/A;N/A;http://perfil.mercadolibre.com.uy/MONTOSSIAUTOMVILES;active;N/A;N/A;Nuevo;Plateado;N/A;Asistida;N/A;Sí;N/A;Sí;N/A;N/A;N/A;Sí;Sí;N/A;N/A;Sí;N/A;Sí;N/A;N/A;N/A;N/A;N/A;N/A;N/A;N/A;N/A;N/A;N/A;N/A;N/A;"1000 cc";N/A;N/A;N/A;N/A;N/A;N/A;Sí;N/A;N/A;N/A;N/A;N/A;N/A;N/A;N/A;N/A;N/A;N/A;N/A;N/A;N/A;N/A;N/A;N/A;N/A;Sí;N/A;Sí;N/A;Sí;N/A;N/A;N/A;N/A;N/A;N/A;N/A;N/A;N/A;N/A;N/A;N/A;N/A;N/A;N/A;N/A;N/A;N/A;N/A;N/A;N/A;N/A;N/A;N/A;N/A;Comfort;N/A;N/A;N/A;N/A;N/A;N/A;N/A;Sí;N/A;N/A;Sí;Sí;N/A;N/A;N/A;N/A;N/A;N/A;N/A;N/A;"Lun. a Vie. 09:00 a 12:30 - 14:30 a 19 hs. Sáb. 9 a 13hs hs";5;1.0;Nafta;Manual;Hatchback;"Autos y camionetas";No;N/A;N/A;N/A;No;N/A;N/A;No;Sí;No;No;N/A;N/A;N/A;N/A;N/A;N/A;N/A;N/A;N/A;N/A;N/A;N/A;N/A;N/A;N/A;N/A;N/A;N/A;N/A;N/A;N/A;N/A;N/A;N/A;N/A;N/A;N/A;N/A;N/A;N/A;N/A;N/A;Sí;N/A;N/A;N/A;N/A;N/A;N/A;N/A;N/A;N/A;N/A;N/A;N/A;N/A;N/A;N/A;N/A;N/A;Sí;No;N/A;N/A;N/A;N/A;N/A;N/A;N/A;N/A;N/A;N/A;N/A;N/A;N/A;N/A;N/A;N/A;N/A;N/A;N/A;N/A;N/A;N/A;N/A;N/A;N/A;N/A;N/A;N/A;N/A;N/A;N/A;N/A;N/A;Sí;N/A;N/A;Sí;Sí;Sí;Sí;N/A;N/A;Sí;N/A;N/A;N/A;N/A;Sí;Sí;N/A;N/A;Sí;N/A;Sí;N/A;N/A;Sí;N/A;Sí
Hyundai;Tucson;"2.0 Gl 6at 2wd";2014;"69000 km";;"TM 2015";18900;;;;;"Punta Carretas";https://auto.mercadolibre.com.uy/MLU-701710672-hyundai-tucson-20-gl-6at-2wd-_JM;N/A;;"Hyundai Tucson 2.0 Gl 6at 2wd";usd;Sí;silver;false;N/A;N/A;http://perfil.mercadolibre.com.uy/TM+2015;active;N/A;N/A;Usado;Gris;N/A;Hidráulica;4x2;Sí;Sí;Sí;N/A;N/A;N/A;N/A;N/A;Sí;N/A;N/A;N/A;Sí;N/A;Sí;N/A;N/A;N/A;N/A;N/A;N/A;N/A;N/A;N/A;N/A;"2630 mm";"2 L";"58 L";6;N/A;N/A;N/A;N/A;N/A;Sí;N/A;N/A;N/A;N/A;N/A;N/A;N/A;N/A;N/A;N/A;N/A;N/A;N/A;N/A;N/A;N/A;N/A;N/A;N/A;N/A;N/A;N/A;N/A;N/A;N/A;Sí;N/A;N/A;N/A;N/A;N/A;N/A;N/A;N/A;N/A;Sí;N/A;N/A;N/A;"1655 mm";"4410 mm";N/A;N/A;N/A;N/A;5;"166 hp";Gl;N/A;4;"1830 mm";"10.4 km/l";N/A;N/A;Sí;Sí;N/A;N/A;N/A;N/A;N/A;Sí;"6.4 km/l";N/A;N/A;N/A;N/A;N/A;N/A;5;2.0;Nafta;Automática;SUV;"Autos y camionetas";N/A;N/A;N/A;N/A;N/A;N/A;UY;N/A;N/A;N/A;N/A;N/A;N/A;N/A;N/A;N/A;N/A;N/A;N/A;N/A;N/A;N/A;N/A;N/A;N/A;N/A;N/A;N/A;N/A;N/A;N/A;N/A;N/A;N/A;N/A;N/A;N/A;N/A;N/A;N/A;N/A;N/A;N/A;N/A;N/A;N/A;N/A;N/A;N/A;N/A;N/A;N/A;N/A;N/A;N/A;N/A;N/A;N/A;N/A;N/A;N/A;N/A;N/A;N/A;N/A;N/A;N/A;N/A;N/A;N/A;N/A;N/A;N/A;N/A;N/A;N/A;N/A;N/A;N/A;N/A;N/A;N/A;N/A;N/A;N/A;N/A;N/A;N/A;N/A;N/A;N/A;N/A;N/A;N/A;N/A;Sí;Sí;Sí;Sí;N/A;Sí;N/A;N/A;N/A;N/A;Sí;N/A;N/A;N/A;Sí;N/A;Sí;Sí;N/A;Sí;Sí;Sí;Sí;N/A;Sí;N/A;Sí
Hyundai;Tucson;"2.0 Gl 6at 2wd";2013;"199000 km";;CUTINELLA_AUTOMOVILES;14900;;;;;"Colonia del Sacramento";https://auto.mercadolibre.com.uy/MLU-704216682-hyndai-tucson-20-gl-2wd-at-_JM;N/A;;"Hyndai Tucson 2.0 Gl 2wd At";usd;Sí;silver;false;N/A;N/A;http://perfil.mercadolibre.com.uy/CUTINELLA_AUTOMOVILES;active;N/A;N/A;Usado;Blanco;N/A;Hidráulica;4x2;Sí;N/A;Sí;N/A;N/A;N/A;N/A;N/A;N/A;N/A;N/A;N/A;N/A;N/A;N/A;N/A;N/A;N/A;N/A;N/A;N/A;N/A;N/A;N/A;N/A;"2630 mm";"2 L";"58 L";6;N/A;N/A;N/A;N/A;N/A;N/A;N/A;N/A;N/A;N/A;N/A;N/A;N/A;N/A;N/A;N/A;N/A;N/A;N/A;N/A;N/A;N/A;N/A;N/A;N/A;N/A;N/A;N/A;N/A;N/A;N/A;Sí;N/A;N/A;N/A;N/A;N/A;N/A;N/A;N/A;N/A;Sí;N/A;N/A;N/A;"1655 mm";"4410 mm";N/A;N/A;N/A;N/A;5;"166 hp";Gl;N/A;4;"1830 mm";"10.4 km/l";N/A;N/A;N/A;N/A;N/A;N/A;N/A;N/A;N/A;Sí;"6.4 km/l";N/A;N/A;N/A;N/A;N/A;N/A;5;2.0;Nafta;Automática;SUV;"Autos y camionetas";N/A;N/A;N/A;N/A;N/A;N/A;UY;N/A;N/A;N/A;N/A;N/A;N/A;N/A;N/A;N/A;N/A;N/A;N/A;N/A;N/A;N/A;N/A;N/A;N/A;N/A;N/A;N/A;N/A;N/A;N/A;N/A;N/A;N/A;N/A;N/A;N/A;N/A;N/A;N/A;N/A;N/A;N/A;N/A;N/A;N/A;N/A;N/A;N/A;N/A;N/A;N/A;N/A;N/A;N/A;N/A;N/A;N/A;N/A;N/A;N/A;N/A;N/A;N/A;N/A;N/A;N/A;N/A;N/A;N/A;N/A;N/A;N/A;N/A;N/A;N/A;N/A;N/A;N/A;N/A;N/A;N/A;N/A;N/A;N/A;N/A;N/A;N/A;N/A;N/A;N/A;N/A;N/A;N/A;N/A;N/A;Sí;N/A;Sí;N/A;N/A;N/A;N/A;N/A;N/A;N/A;N/A;N/A;N/A;Sí;N/A;N/A;N/A;N/A;N/A;N/A;N/A;N/A;N/A;N/A;N/A;N/A
Hyundai;i10;"1.2 Gls Seguridad L Mt";2009;"170000 km";;PRO_VENTASS;6900;;;;;"San Carlos";https://auto.mercadolibre.com.uy/MLU-704784140-hyundai-i10-12-gls-seguridad-l-mt-_JM;N/A;;"Hyundai I10 1.2 Gls Seguridad L Mt";usd;Sí;silver;false;N/A;N/A;http://perfil.mercadolibre.com.uy/PRO_VENTASS;active;N/A;N/A;Usado;Gris;N/A;Eléctrica;Delantera;N/A;N/A;N/A;N/A;N/A;N/A;N/A;N/A;N/A;N/A;N/A;N/A;N/A;N/A;N/A;N/A;N/A;N/A;N/A;N/A;N/A;N/A;N/A;N/A;N/A;"2385 mm";"1.2 L";"35 L";5;N/A;N/A;N/A;N/A;N/A;N/A;N/A;N/A;N/A;N/A;N/A;N/A;N/A;N/A;N/A;N/A;N/A;N/A;N/A;N/A;N/A;N/A;N/A;N/A;N/A;N/A;N/A;N/A;N/A;N/A;N/A;Sí;Sí;Sí;N/A;N/A;N/A;N/A;N/A;N/A;N/A;N/A;N/A;N/A;N/A;"1540 mm";"3565 mm";N/A;N/A;N/A;N/A;5;"87 hp";Gls;N/A;4;"1660 mm";"6.3 km/l";N/A;N/A;N/A;Sí;N/A;N/A;N/A;N/A;N/A;N/A;"4.3 km/l";N/A;N/A;N/A;N/A;N/A;N/A;5;1.2;Nafta;Manual;Hatchback;"Autos y camionetas";N/A;N/A;N/A;N/A;N/A;N/A;UY;N/A;N/A;N/A;N/A;N/A;N/A;N/A;N/A;N/A;N/A;N/A;N/A;N/A;N/A;N/A;N/A;N/A;N/A;N/A;N/A;N/A;N/A;N/A;N/A;N/A;N/A;N/A;N/A;N/A;N/A;N/A;N/A;N/A;N/A;N/A;N/A;N/A;N/A;N/A;N/A;N/A;N/A;N/A;N/A;N/A;N/A;N/A;N/A;N/A;N/A;N/A;N/A;N/A;N/A;N/A;N/A;N/A;N/A;N/A;N/A;N/A;N/A;N/A;N/A;N/A;N/A;N/A;N/A;N/A;N/A;N/A;N/A;N/A;N/A;N/A;N/A;N/A;N/A;N/A;N/A;N/A;N/A;N/A;N/A;N/A;N/A;N/A;N/A;N/A;Sí;N/A;N/A;N/A;Sí;N/A;N/A;Sí;N/A;N/A;N/A;N/A;N/A;N/A;N/A;N/A;N/A;N/A;N/A;N/A;N/A;N/A;N/A;Sí;N/A;N/A
Hyundai;HB20;Premium;2025;"0 km";;LEASINGCARSRL;23990;;;;;"San Jacinto";https://auto.mercadolibre.com.uy/MLU-647417549-hyundai-hb20-premium-2025-0km-_JM;N/A;;"Hyundai Hb20 Premium 2025 0km";USD;Sí;silver;false;N/A;N/A;http://perfil.mercadolibre.com.uy/LEASINGCARSRL;active;N/A;N/A;Nuevo;Azul;N/A;Hidráulica;N/A;Sí;Sí;Sí;N/A;N/A;N/A;Sí;Sí;N/A;N/A;N/A;N/A;Sí;N/A;Sí;N/A;N/A;N/A;N/A;N/A;N/A;N/A;N/A;N/A;N/A;N/A;"1600 cc";N/A;6;N/A;N/A;N/A;N/A;N/A;N/A;N/A;N/A;N/A;N/A;N/A;N/A;N/A;N/A;N/A;N/A;N/A;N/A;N/A;N/A;N/A;N/A;N/A;Sí;N/A;Sí;N/A;N/A;N/A;N/A;N/A;N/A;N/A;N/A;N/A;N/A;N/A;N/A;N/A;N/A;N/A;N/A;N/A;N/A;N/A;N/A;N/A;N/A;N/A;N/A;N/A;N/A;"123 hp";Premium;N/A;N/A;N/A;N/A;N/A;N/A;N/A;N/A;N/A;Sí;Sí;Sí;N/A;N/A;N/A;N/A;N/A;N/A;N/A;N/A;"Lunes a Viernes de 9 a 18 hs. - Sábados de 9 a 13 hs.";4;1.6;Nafta;Manual;Sedán;"Autos y camionetas";No;N/A;N/A;N/A;No;N/A;N/A;No;Sí;No;No;N/A;N/A;N/A;N/A;N/A;N/A;N/A;N/A;N/A;N/A;N/A;N/A;N/A;N/A;N/A;N/A;N/A;N/A;N/A;N/A;N/A;N/A;N/A;N/A;N/A;N/A;N/A;N/A;N/A;N/A;N/A;N/A;Sí;N/A;N/A;N/A;N/A;N/A;N/A;N/A;N/A;N/A;N/A;N/A;N/A;N/A;N/A;N/A;N/A;N/A;Sí;No;N/A;N/A;N/A;N/A;N/A;N/A;N/A;N/A;N/A;N/A;N/A;N/A;N/A;N/A;N/A;N/A;N/A;N/A;N/A;N/A;N/A;N/A;N/A;N/A;N/A;N/A;N/A;N/A;N/A;N/A;N/A;N/A;N/A;Sí;Sí;N/A;N/A;Sí;N/A;N/A;N/A;Sí;Sí;N/A;N/A;N/A;N/A;Sí;Sí;N/A;N/A;Sí;N/A;N/A;Sí;N/A;Sí;N/A;N/A
Hyundai;i10;"1.2 Gls Seguridad L Mt";2008;"180000 km";;PRO_VENTASS;7700;;;;;"San Carlos";https://auto.mercadolibre.com.uy/MLU-704003102-hyundai-i10-12-gls-seguridad-l-mt-_JM;N/A;;"Hyundai I10 1.2 Gls Seguridad L Mt";usd;Sí;silver;false;N/A;N/A;http://perfil.mercadolibre.com.uy/PRO_VENTASS;active;N/A;N/A;Usado;Azul;N/A;Eléctrica;Delantera;N/A;N/A;N/A;N/A;N/A;N/A;N/A;N/A;N/A;N/A;N/A;N/A;N/A;N/A;N/A;N/A;N/A;N/A;N/A;N/A;N/A;N/A;N/A;N/A;N/A;"2385 mm";"1.2 L";"35 L";5;N/A;N/A;N/A;N/A;N/A;N/A;N/A;N/A;N/A;N/A;N/A;N/A;N/A;N/A;N/A;N/A;N/A;N/A;N/A;N/A;N/A;N/A;N/A;N/A;N/A;N/A;N/A;N/A;N/A;N/A;N/A;Sí;Sí;Sí;N/A;N/A;N/A;N/A;N/A;N/A;N/A;N/A;N/A;N/A;N/A;"1540 mm";"3565 mm";N/A;N/A;N/A;N/A;5;"87 hp";Gls;N/A;4;"1660 mm";"6.3 km/l";N/A;N/A;N/A;Sí;N/A;N/A;N/A;N/A;N/A;N/A;"4.3 km/l";N/A;N/A;N/A;N/A;N/A;N/A;5;1.2;Nafta;Manual;Hatchback;"Autos y camionetas";N/A;N/A;N/A;N/A;N/A;N/A;UY;N/A;N/A;N/A;N/A;N/A;N/A;N/A;N/A;N/A;N/A;N/A;N/A;N/A;N/A;N/A;N/A;N/A;N/A;N/A;N/A;N/A;N/A;N/A;N/A;N/A;N/A;N/A;N/A;N/A;N/A;N/A;N/A;N/A;N/A;N/A;N/A;N/A;N/A;N/A;N/A;N/A;N/A;N/A;N/A;N/A;N/A;N/A;N/A;N/A;N/A;N/A;N/A;N/A;N/A;N/A;N/A;N/A;N/A;N/A;N/A;N/A;N/A;N/A;N/A;N/A;N/A;N/A;N/A;N/A;N/A;N/A;N/A;N/A;N/A;N/A;N/A;N/A;N/A;N/A;N/A;N/A;N/A;N/A;N/A;N/A;N/A;N/A;N/A;N/A;Sí;N/A;N/A;N/A;Sí;N/A;N/A;Sí;N/A;N/A;N/A;N/A;N/A;N/A;N/A;N/A;N/A;N/A;N/A;N/A;N/A;N/A;N/A;Sí;N/A;N/A
Hyundai;Creta;"1.6 Limited Premium At";2018;"76000 km";;OBRACARCENTRO;22500;;;;;Tacuarembó;https://auto.mercadolibre.com.uy/MLU-646235265-hiunday-creta-_JM;N/A;;"Hiunday Creta";usd;Sí;silver;false;N/A;N/A;http://perfil.mercadolibre.com.uy/OBRACARCENTRO;active;N/A;N/A;Usado;Gris;N/A;Eléctrica;4x2;N/A;N/A;Sí;N/A;N/A;N/A;N/A;N/A;N/A;N/A;N/A;N/A;N/A;N/A;N/A;N/A;N/A;N/A;N/A;N/A;N/A;N/A;N/A;N/A;N/A;"2590 mm";"1.6 L";"58 L";5;N/A;N/A;N/A;N/A;N/A;N/A;N/A;N/A;N/A;N/A;N/A;N/A;N/A;N/A;N/A;N/A;N/A;N/A;N/A;N/A;N/A;N/A;N/A;N/A;N/A;N/A;N/A;N/A;N/A;N/A;N/A;N/A;N/A;Sí;Sí;N/A;N/A;N/A;N/A;N/A;N/A;N/A;N/A;N/A;N/A;"1635 mm";"4440 mm";N/A;N/A;N/A;N/A;5;"163 hp";"Limited Premium";N/A;4;"1898 mm";N/A;N/A;N/A;N/A;Sí;N/A;N/A;Sí;N/A;N/A;N/A;N/A;N/A;N/A;N/A;N/A;N/A;N/A;5;1.6;Nafta;Automática;SUV;"Autos y camionetas";N/A;N/A;N/A;N/A;N/A;N/A;UY;N/A;N/A;N/A;N/A;N/A;N/A;N/A;N/A;N/A;N/A;N/A;N/A;N/A;N/A;N/A;N/A;N/A;N/A;N/A;N/A;N/A;N/A;N/A;N/A;N/A;N/A;N/A;N/A;N/A;N/A;N/A;N/A;N/A;N/A;N/A;N/A;N/A;N/A;N/A;N/A;N/A;N/A;N/A;N/A;N/A;N/A;N/A;N/A;N/A;N/A;N/A;N/A;N/A;N/A;N/A;N/A;N/A;N/A;N/A;N/A;N/A;N/A;N/A;N/A;N/A;N/A;N/A;N/A;N/A;N/A;N/A;N/A;N/A;N/A;N/A;N/A;N/A;N/A;N/A;N/A;N/A;N/A;N/A;N/A;N/A;N/A;N/A;N/A;N/A;N/A;N/A;N/A;N/A;N/A;N/A;N/A;N/A;N/A;N/A;N/A;N/A;N/A;N/A;N/A;N/A;Sí;N/A;N/A;N/A;N/A;N/A;N/A;Sí;N/A;N/A
Hyundai;Eon;"0.8 Gls";2014;"140000 km";;FLORENAUTOMOVILES;7400;;;;;"La Blanqueada";https://auto.mercadolibre.com.uy/MLU-699350552-hyundai-eon-08-gls-_JM;N/A;;"Hyundai Eon 0.8 Gls";usd;Sí;silver;false;N/A;N/A;http://perfil.mercadolibre.com.uy/FLORENAUTOMOVILES;active;N/A;N/A;Usado;Blanco;N/A;Hidráulica;Delantera;No;N/A;Sí;N/A;N/A;N/A;N/A;N/A;N/A;N/A;N/A;N/A;N/A;N/A;N/A;N/A;N/A;N/A;N/A;N/A;N/A;N/A;N/A;N/A;N/A;"2385 mm";"0.8 L";"35 L";5;N/A;N/A;N/A;N/A;N/A;N/A;N/A;N/A;N/A;N/A;N/A;N/A;N/A;N/A;N/A;N/A;N/A;N/A;N/A;N/A;N/A;N/A;N/A;N/A;N/A;N/A;N/A;N/A;N/A;N/A;N/A;N/A;N/A;Sí;N/A;N/A;N/A;N/A;N/A;N/A;N/A;N/A;N/A;N/A;N/A;"1540 mm";"3585 mm";N/A;N/A;N/A;N/A;5;"85 hp";Gls;N/A;4;"1660 mm";N/A;N/A;N/A;N/A;N/A;N/A;N/A;N/A;N/A;N/A;N/A;N/A;N/A;N/A;N/A;N/A;N/A;24hs;5;0.8;Nafta;Manual;Hatchback;"Autos y camionetas";N/A;N/A;N/A;N/A;N/A;N/A;UY;N/A;N/A;N/A;N/A;N/A;N/A;N/A;N/A;N/A;N/A;N/A;N/A;N/A;N/A;N/A;N/A;N/A;N/A;N/A;N/A;N/A;N/A;N/A;N/A;N/A;N/A;N/A;N/A;N/A;N/A;N/A;N/A;N/A;N/A;N/A;N/A;N/A;N/A;N/A;N/A;N/A;N/A;N/A;N/A;N/A;N/A;N/A;N/A;N/A;N/A;N/A;N/A;N/A;N/A;N/A;N/A;N/A;N/A;N/A;N/A;N/A;N/A;N/A;N/A;N/A;N/A;N/A;N/A;N/A;N/A;N/A;N/A;N/A;N/A;N/A;N/A;N/A;N/A;N/A;N/A;N/A;N/A;N/A;N/A;N/A;N/A;N/A;N/A;N/A;N/A;N/A;N/A;N/A;N/A;N/A;N/A;N/A;N/A;N/A;N/A;N/A;N/A;Sí;N/A;N/A;N/A;N/A;N/A;N/A;N/A;N/A;N/A;N/A;N/A;N/A
Hyundai;i10;"1.0 Gl 5p";2019;"38000 km";;LAFORLTDAAUTOMOTORES;13500;;;;;Durazno;https://auto.mercadolibre.com.uy/MLU-697042660-hyundai-i10-2019-10-gl-5p-_JM;N/A;;"Hyundai I10 2019 1.0 Gl 5p";usd;Sí;silver;false;N/A;N/A;http://perfil.mercadolibre.com.uy/LAFORLTDAAUTOMOTORES;active;N/A;N/A;Usado;N/A;N/A;Hidráulica;Delantera;Sí;N/A;Sí;N/A;N/A;N/A;N/A;N/A;N/A;N/A;N/A;N/A;N/A;N/A;N/A;N/A;N/A;N/A;N/A;N/A;N/A;N/A;N/A;N/A;N/A;"2385 mm";"1 L";"35 L";5;N/A;N/A;N/A;N/A;N/A;N/A;N/A;N/A;N/A;N/A;N/A;N/A;N/A;N/A;N/A;N/A;N/A;N/A;N/A;N/A;N/A;N/A;N/A;N/A;N/A;N/A;N/A;N/A;N/A;N/A;N/A;N/A;N/A;Sí;N/A;N/A;N/A;N/A;N/A;N/A;N/A;N/A;N/A;N/A;N/A;"1540 mm";"3585 mm";N/A;N/A;N/A;N/A;5;"85 hp";Gl;N/A;4;"1660 mm";N/A;N/A;N/A;N/A;N/A;N/A;N/A;N/A;N/A;N/A;N/A;N/A;N/A;N/A;N/A;N/A;N/A;N/A;5;1.0;Nafta;Manual;Hatchback;"Autos y camionetas";N/A;N/A;N/A;N/A;N/A;N/A;UY;N/A;N/A;N/A;N/A;N/A;N/A;N/A;N/A;N/A;N/A;N/A;N/A;N/A;N/A;N/A;N/A;N/A;N/A;N/A;N/A;N/A;N/A;N/A;N/A;N/A;N/A;N/A;N/A;N/A;N/A;N/A;N/A;N/A;N/A;N/A;N/A;N/A;N/A;N/A;N/A;N/A;N/A;N/A;N/A;N/A;N/A;N/A;N/A;N/A;N/A;N/A;N/A;N/A;N/A;N/A;N/A;N/A;N/A;N/A;N/A;N/A;N/A;N/A;N/A;N/A;N/A;N/A;N/A;N/A;N/A;N/A;N/A;N/A;N/A;N/A;N/A;N/A;N/A;N/A;N/A;N/A;N/A;N/A;N/A;N/A;N/A;N/A;N/A;N/A;N/A;N/A;N/A;N/A;N/A;N/A;N/A;N/A;N/A;N/A;N/A;N/A;N/A;Sí;N/A;N/A;N/A;N/A;N/A;N/A;N/A;N/A;N/A;N/A;N/A;N/A
Hyundai;HB20;"1.0 Comfort";2023;"0 km";;LEASINGCARSRL;16990;;;;;"San Jacinto";https://auto.mercadolibre.com.uy/MLU-704007132-hyundai-hb20-10-comfort-2023-0km-_JM;N/A;;"Hyundai Hb20 1.0 Comfort 2023 0km";usd;Sí;silver;false;N/A;N/A;http://perfil.mercadolibre.com.uy/LEASINGCARSRL;active;N/A;N/A;Nuevo;Negro;N/A;Hidráulica;N/A;Sí;N/A;N/A;N/A;N/A;N/A;Sí;Sí;N/A;N/A;N/A;N/A;Sí;N/A;N/A;N/A;N/A;N/A;N/A;N/A;N/A;N/A;N/A;N/A;N/A;N/A;"1000 cc";N/A;5;N/A;N/A;N/A;N/A;Sí;N/A;N/A;N/A;N/A;N/A;N/A;N/A;N/A;N/A;N/A;N/A;N/A;N/A;N/A;N/A;N/A;N/A;N/A;N/A;N/A;Sí;N/A;N/A;N/A;N/A;N/A;N/A;N/A;N/A;N/A;N/A;Sí;N/A;N/A;N/A;N/A;N/A;N/A;N/A;N/A;N/A;N/A;N/A;N/A;N/A;N/A;N/A;N/A;Comfort;N/A;N/A;N/A;N/A;N/A;N/A;N/A;N/A;Sí;Sí;N/A;Sí;N/A;N/A;N/A;N/A;N/A;N/A;N/A;Sí;"Lunes a Viernes de 9 a 18 hs. - Sábados de 9 a 13 hs.";5;1.0;Nafta;Manual;Hatchback;"Autos y camionetas";No;N/A;N/A;N/A;No;N/A;UY;No;Sí;No;No;N/A;N/A;N/A;N/A;N/A;N/A;N/A;N/A;N/A;N/A;N/A;N/A;N/A;N/A;N/A;N/A;N/A;N/A;N/A;N/A;N/A;N/A;N/A;N/A;N/A;N/A;N/A;N/A;N/A;N/A;N/A;N/A;Sí;N/A;N/A;N/A;N/A;N/A;N/A;N/A;N/A;N/A;N/A;N/A;N/A;N/A;N/A;N/A;N/A;N/A;Sí;No;N/A;N/A;N/A;N/A;N/A;N/A;N/A;N/A;N/A;N/A;N/A;N/A;N/A;N/A;N/A;N/A;N/A;N/A;N/A;N/A;N/A;N/A;N/A;N/A;N/A;N/A;N/A;N/A;N/A;N/A;N/A;N/A;N/A;Sí;N/A;N/A;N/A;Sí;N/A;N/A;N/A;N/A;Sí;N/A;N/A;N/A;N/A;Sí;Sí;N/A;N/A;Sí;Sí;Sí;N/A;N/A;N/A;N/A;Sí
Hyundai;i10;Full;2014;"130000 km";;FLORENAUTOMOVILES;8900;;;;;"La Blanqueada";https://auto.mercadolibre.com.uy/MLU-702664560-i10-full-_JM;N/A;;"I10 Full";usd;Sí;silver;false;N/A;N/A;http://perfil.mercadolibre.com.uy/FLORENAUTOMOVILES;active;N/A;N/A;Usado;Negro;N/A;Hidráulica;Delantera;Sí;N/A;Sí;N/A;N/A;N/A;N/A;N/A;N/A;N/A;N/A;N/A;N/A;N/A;N/A;N/A;N/A;N/A;N/A;N/A;N/A;N/A;N/A;N/A;N/A;"2385 mm";"1.2 L";"35 L";4;N/A;N/A;N/A;N/A;Sí;N/A;N/A;N/A;N/A;N/A;N/A;N/A;N/A;N/A;N/A;N/A;N/A;N/A;N/A;N/A;N/A;N/A;N/A;N/A;N/A;N/A;N/A;N/A;N/A;N/A;N/A;Sí;N/A;Sí;N/A;N/A;N/A;N/A;N/A;N/A;N/A;Sí;N/A;N/A;N/A;"1540 mm";"3565 mm";N/A;N/A;N/A;N/A;5;"85 hp";Gls;N/A;4;"1660 mm";N/A;N/A;N/A;N/A;N/A;N/A;N/A;N/A;N/A;N/A;N/A;N/A;N/A;N/A;N/A;N/A;N/A;24hs;5;1.2;Nafta;Automática;Hatchback;"Autos y camionetas";N/A;N/A;N/A;N/A;N/A;N/A;UY;N/A;N/A;N/A;N/A;N/A;N/A;N/A;N/A;N/A;N/A;N/A;N/A;N/A;N/A;N/A;N/A;N/A;N/A;N/A;N/A;N/A;N/A;N/A;N/A;N/A;N/A;N/A;N/A;N/A;N/A;N/A;N/A;N/A;N/A;N/A;N/A;N/A;N/A;N/A;N/A;N/A;N/A;N/A;N/A;N/A;N/A;N/A;N/A;N/A;N/A;N/A;N/A;N/A;N/A;N/A;N/A;N/A;N/A;N/A;N/A;N/A;N/A;N/A;N/A;N/A;N/A;N/A;N/A;N/A;N/A;N/A;N/A;N/A;N/A;N/A;N/A;N/A;N/A;N/A;N/A;N/A;N/A;N/A;N/A;N/A;N/A;N/A;N/A;N/A;Sí;N/A;Sí;N/A;N/A;N/A;N/A;N/A;N/A;N/A;N/A;N/A;N/A;Sí;N/A;N/A;N/A;N/A;N/A;N/A;N/A;N/A;N/A;N/A;N/A;N/A
Hyundai;i10;"1.1 Gls Mt";2013;"54000 km";;ANALIACHANES;9900;;;;;"Brazo Oriental";https://auto.mercadolibre.com.uy/MLU-702333252-hyundai-i10-11-gls-mt-_JM;N/A;;"Hyundai I10 1.1 Gls Mt";usd;Sí;silver;false;N/A;N/A;http://perfil.mercadolibre.com.uy/ANALIACHANES;active;N/A;N/A;Usado;Celeste;Sí;Hidráulica;Delantera;Sí;Sí;N/A;N/A;N/A;N/A;N/A;N/A;N/A;N/A;N/A;No;Sí;N/A;No;N/A;N/A;N/A;N/A;N/A;N/A;N/A;N/A;N/A;N/A;"2380 mm";"1.1 L";"35 L";5;N/A;N/A;N/A;N/A;N/A;No;N/A;N/A;N/A;N/A;N/A;N/A;N/A;N/A;N/A;N/A;N/A;N/A;N/A;N/A;N/A;N/A;N/A;N/A;N/A;N/A;N/A;N/A;N/A;N/A;N/A;N/A;N/A;N/A;N/A;N/A;N/A;N/A;N/A;N/A;N/A;N/A;N/A;N/A;N/A;"1550 mm";"3585 mm";N/A;N/A;N/A;N/A;5;"69 hp";Gls;N/A;4;"1595 mm";N/A;No;N/A;No;Sí;N/A;No;No;N/A;N/A;N/A;N/A;N/A;N/A;N/A;N/A;N/A;N/A;5;1.1;Nafta;Manual;Hatchback;"Autos y camionetas";N/A;N/A;N/A;N/A;N/A;N/A;UY;N/A;N/A;N/A;N/A;N/A;N/A;N/A;N/A;N/A;N/A;N/A;N/A;N/A;N/A;N/A;N/A;N/A;No;N/A;N/A;N/A;N/A;N/A;N/A;N/A;N/A;N/A;N/A;N/A;N/A;N/A;N/A;N/A;N/A;N/A;N/A;N/A;N/A;N/A;N/A;N/A;N/A;N/A;N/A;N/A;N/A;N/A;N/A;N/A;N/A;N/A;N/A;N/A;N/A;N/A;N/A;N/A;N/A;N/A;N/A;N/A;N/A;N/A;N/A;N/A;N/A;N/A;N/A;N/A;N/A;N/A;N/A;N/A;N/A;N/A;N/A;N/A;N/A;N/A;N/A;N/A;N/A;N/A;N/A;N/A;N/A;N/A;N/A;Sí;Sí;Sí;N/A;N/A;Sí;N/A;N/A;N/A;N/A;Sí;No;No;Sí;N/A;N/A;N/A;No;N/A;N/A;N/A;N/A;N/A;N/A;N/A;N/A;N/A
Hyundai;Hyundai;"Hyunday Hb 20 entero o por partes";2022;"39000 km";;VILLALBAANDRES2012;3600;;;;;"Barros Blancos";https://auto.mercadolibre.com.uy/MLU-691147386-hiunday-hb-20-chocado-entero-o-por-partes-airbag-sanos-_JM;N/A;;"Hiunday Hb 20 Chocado Entero  O Por Partes  Airbag Sanos";USD;Sí;silver;false;N/A;N/A;http://perfil.mercadolibre.com.uy/VILLALBAANDRES2012;active;N/A;N/A;Usado;Azul;N/A;N/A;N/A;N/A;N/A;N/A;N/A;N/A;N/A;N/A;N/A;N/A;N/A;N/A;N/A;N/A;N/A;N/A;N/A;N/A;N/A;N/A;N/A;N/A;N/A;N/A;N/A;N/A;N/A;N/A;N/A;N/A;N/A;N/A;N/A;N/A;N/A;N/A;N/A;N/A;N/A;N/A;N/A;N/A;N/A;N/A;N/A;N/A;N/A;N/A;N/A;N/A;N/A;N/A;N/A;N/A;N/A;N/A;N/A;N/A;N/A;N/A;N/A;N/A;N/A;N/A;N/A;N/A;N/A;N/A;N/A;N/A;N/A;N/A;N/A;N/A;N/A;N/A;N/A;N/A;N/A;N/A;N/A;N/A;N/A;N/A;N/A;N/A;N/A;N/A;N/A;N/A;N/A;N/A;N/A;N/A;N/A;N/A;N/A;N/A;N/A;N/A;N/A;N/A;N/A;N/A;N/A;4;1.0;Nafta;N/A;N/A;"Autos y camionetas";N/A;N/A;N/A;N/A;N/A;N/A;N/A;N/A;N/A;N/A;N/A;N/A;N/A;N/A;N/A;N/A;N/A;N/A;N/A;N/A;N/A;N/A;N/A;N/A;N/A;N/A;N/A;N/A;N/A;N/A;N/A;N/A;N/A;N/A;N/A;N/A;N/A;N/A;N/A;N/A;N/A;N/A;N/A;N/A;N/A;N/A;N/A;N/A;N/A;N/A;N/A;N/A;N/A;N/A;N/A;N/A;N/A;N/A;N/A;N/A;N/A;N/A;N/A;N/A;N/A;N/A;N/A;N/A;N/A;N/A;N/A;N/A;N/A;N/A;N/A;N/A;N/A;N/A;N/A;N/A;N/A;N/A;N/A;N/A;N/A;N/A;N/A;N/A;N/A;N/A;N/A;N/A;N/A;N/A;N/A;N/A;N/A;N/A;N/A;N/A;N/A;N/A;N/A;N/A;N/A;N/A;N/A;N/A;N/A;N/A;N/A;N/A;N/A;N/A;N/A;N/A;N/A;N/A;N/A;N/A;N/A;N/A
Hyundai;Tucson;"2.0 Gl 6at 2wd";2012;"190000 km";;"AUSTRAL AUTOMOVILES";15900;;;;;"Brazo Oriental";https://auto.mercadolibre.com.uy/MLU-692912806-hyundai-tucson-at-ano-2012-_JM;N/A;;"Hyundai Tucson At, Año 2012";usd;Sí;silver;false;N/A;N/A;http://perfil.mercadolibre.com.uy/AUSTRAL+AUTOMOVILES;active;N/A;N/A;Usado;Blanco;N/A;Hidráulica;4x2;Sí;N/A;Sí;N/A;N/A;N/A;N/A;N/A;N/A;N/A;N/A;N/A;N/A;N/A;N/A;N/A;N/A;N/A;N/A;N/A;N/A;N/A;N/A;N/A;N/A;"2630 mm";"2 L";"58 L";6;N/A;N/A;N/A;N/A;N/A;N/A;N/A;N/A;N/A;N/A;N/A;N/A;N/A;N/A;N/A;N/A;N/A;N/A;N/A;N/A;N/A;N/A;N/A;N/A;N/A;N/A;N/A;N/A;N/A;N/A;N/A;Sí;N/A;N/A;N/A;N/A;N/A;N/A;N/A;N/A;N/A;Sí;N/A;N/A;N/A;"1655 mm";"4410 mm";N/A;N/A;N/A;N/A;5;"166 hp";Gl;N/A;4;"1830 mm";"10.4 km/l";N/A;N/A;N/A;N/A;N/A;N/A;N/A;N/A;N/A;Sí;"6.4 km/l";N/A;N/A;N/A;N/A;N/A;"10 A 19";5;2.0;Nafta;Automática;SUV;"Autos y camionetas";N/A;N/A;N/A;N/A;N/A;N/A;UY;N/A;N/A;N/A;N/A;N/A;N/A;N/A;N/A;N/A;N/A;N/A;N/A;N/A;N/A;N/A;N/A;N/A;N/A;N/A;N/A;N/A;N/A;N/A;N/A;N/A;N/A;N/A;N/A;N/A;N/A;N/A;N/A;N/A;N/A;N/A;N/A;N/A;N/A;N/A;N/A;N/A;N/A;N/A;N/A;N/A;N/A;N/A;N/A;N/A;N/A;N/A;N/A;N/A;N/A;N/A;N/A;N/A;N/A;N/A;N/A;N/A;N/A;N/A;N/A;N/A;N/A;N/A;N/A;N/A;N/A;N/A;N/A;N/A;N/A;N/A;N/A;N/A;N/A;N/A;N/A;N/A;N/A;N/A;N/A;N/A;N/A;N/A;N/A;N/A;Sí;N/A;Sí;N/A;N/A;N/A;N/A;N/A;N/A;N/A;N/A;N/A;N/A;Sí;N/A;N/A;N/A;N/A;N/A;N/A;N/A;N/A;N/A;N/A;N/A;N/A
Hyundai;H100;"2.5 12 Pas Spr Minibus";1998;"400000 km";;"BRAVO AUTOMOVILES";8500;;;;;Trinidad;https://auto.mercadolibre.com.uy/MLU-647536793-hyundai-h100-25-12-pas-spr-minibus-_JM;N/A;;"Hyundai H100 2.5 12 Pas Spr Minibus";usd;No;silver;false;N/A;N/A;http://perfil.mercadolibre.com.uy/BRAVO+AUTOMOVILES;active;N/A;N/A;Usado;Verde;N/A;Hidráulica;4x2;N/A;N/A;N/A;N/A;N/A;N/A;N/A;N/A;N/A;N/A;N/A;N/A;N/A;N/A;N/A;N/A;N/A;N/A;N/A;N/A;N/A;N/A;N/A;N/A;N/A;"3200 mm";"2.5 L";"75 L";N/A;N/A;N/A;N/A;N/A;N/A;N/A;N/A;N/A;N/A;N/A;N/A;N/A;N/A;N/A;N/A;N/A;N/A;N/A;N/A;N/A;N/A;N/A;N/A;N/A;N/A;N/A;N/A;N/A;N/A;N/A;N/A;N/A;N/A;N/A;N/A;N/A;N/A;N/A;N/A;N/A;N/A;N/A;N/A;N/A;N/A;"1925 mm";"5125 mm";N/A;N/A;N/A;N/A;2;"73 hp";Spr;N/A;4;"1920 mm";N/A;N/A;N/A;N/A;N/A;N/A;N/A;N/A;N/A;N/A;N/A;N/A;N/A;N/A;N/A;N/A;N/A;N/A;2;2.5;Diésel;Manual;Van;"Autos y camionetas";N/A;N/A;N/A;N/A;N/A;N/A;UY;N/A;N/A;N/A;N/A;N/A;N/A;N/A;N/A;N/A;N/A;N/A;N/A;N/A;N/A;N/A;N/A;N/A;N/A;N/A;N/A;N/A;N/A;N/A;N/A;N/A;N/A;N/A;N/A;N/A;N/A;N/A;N/A;N/A;N/A;N/A;N/A;N/A;N/A;N/A;N/A;N/A;N/A;N/A;N/A;N/A;N/A;N/A;N/A;N/A;N/A;N/A;N/A;N/A;N/A;N/A;N/A;N/A;N/A;N/A;N/A;N/A;N/A;N/A;N/A;N/A;N/A;N/A;N/A;N/A;N/A;N/A;N/A;N/A;N/A;N/A;N/A;N/A;N/A;N/A;N/A;N/A;N/A;N/A;N/A;N/A;N/A;N/A;N/A;N/A;Sí;N/A;N/A;N/A;N/A;N/A;N/A;N/A;N/A;N/A;N/A;N/A;N/A;N/A;N/A;N/A;N/A;N/A;N/A;N/A;N/A;N/A;N/A;N/A;N/A;N/A
Hyundai;HB20;"1.6 Comfort Plus 5p";2017;"42000 km";;KARIVARE05;14500;;;;;Minas;https://auto.mercadolibre.com.uy/MLU-647235673-hyundai-hb20-16-comfort-plus-5p-_JM;N/A;;"Hyundai Hb20 1.6 Comfort Plus 5p";usd;Sí;silver;false;N/A;N/A;http://perfil.mercadolibre.com.uy/KARIVARE05;active;N/A;N/A;Usado;Blanco;Sí;Hidráulica;Delantera;Sí;Sí;Sí;N/A;N/A;N/A;N/A;N/A;N/A;N/A;N/A;N/A;Sí;N/A;N/A;N/A;N/A;N/A;N/A;N/A;N/A;N/A;N/A;N/A;N/A;"2500 mm";"1.6 L";"50 L";6;N/A;N/A;N/A;N/A;N/A;N/A;N/A;N/A;N/A;N/A;N/A;N/A;N/A;N/A;N/A;N/A;N/A;N/A;N/A;N/A;N/A;N/A;N/A;N/A;N/A;N/A;N/A;N/A;N/A;N/A;N/A;N/A;N/A;Sí;Sí;N/A;N/A;N/A;N/A;N/A;N/A;N/A;N/A;N/A;N/A;"1470 mm";"3920 mm";N/A;N/A;N/A;N/A;5;"122 hp";"Comfort Plus";N/A;4;"1680 mm";N/A;N/A;N/A;N/A;Sí;N/A;N/A;Sí;Sí;N/A;N/A;"13.8 km/l";N/A;N/A;N/A;N/A;N/A;N/A;5;1.6;Nafta;Manual;Hatchback;"Autos y camionetas";N/A;N/A;N/A;N/A;N/A;N/A;UY;N/A;Sí;N/A;N/A;N/A;N/A;N/A;N/A;N/A;N/A;N/A;N/A;N/A;N/A;N/A;N/A;N/A;N/A;N/A;N/A;N/A;N/A;N/A;N/A;N/A;N/A;N/A;N/A;N/A;N/A;N/A;N/A;N/A;N/A;N/A;N/A;N/A;N/A;N/A;N/A;N/A;N/A;N/A;N/A;N/A;N/A;N/A;N/A;N/A;N/A;N/A;N/A;N/A;N/A;N/A;Sí;N/A;N/A;N/A;N/A;N/A;N/A;N/A;N/A;N/A;N/A;N/A;N/A;N/A;N/A;N/A;N/A;N/A;N/A;N/A;N/A;N/A;N/A;N/A;N/A;N/A;N/A;N/A;N/A;N/A;N/A;N/A;N/A;N/A;Sí;Sí;N/A;N/A;N/A;N/A;N/A;N/A;N/A;Sí;N/A;N/A;N/A;N/A;N/A;N/A;Sí;N/A;Sí;Sí;Sí;N/A;N/A;Sí;N/A;Sí
Hyundai;Accent;1.4;2008;"230000 km";;"CHARLY SANABRIA";6500;;;;;"Sauce de Portezuelo";https://auto.mercadolibre.com.uy/MLU-703633112-hiunday-accen-full-_JM;N/A;;"Hiunday Accen Full";USD;Sí;silver;false;N/A;N/A;http://perfil.mercadolibre.com.uy/CHARLY+SANABRIA;active;N/A;N/A;Usado;Azul;N/A;N/A;N/A;N/A;N/A;N/A;N/A;N/A;N/A;N/A;N/A;N/A;N/A;N/A;N/A;N/A;N/A;N/A;N/A;N/A;N/A;N/A;N/A;N/A;N/A;N/A;N/A;N/A;N/A;N/A;N/A;N/A;N/A;N/A;N/A;N/A;N/A;N/A;N/A;N/A;N/A;N/A;N/A;N/A;N/A;N/A;N/A;N/A;N/A;N/A;N/A;N/A;N/A;N/A;N/A;N/A;N/A;N/A;N/A;N/A;N/A;N/A;N/A;N/A;N/A;N/A;N/A;N/A;N/A;N/A;N/A;N/A;N/A;N/A;N/A;N/A;N/A;N/A;N/A;N/A;N/A;N/A;N/A;N/A;N/A;N/A;N/A;N/A;N/A;N/A;N/A;N/A;N/A;N/A;N/A;N/A;N/A;N/A;N/A;N/A;N/A;N/A;N/A;N/A;N/A;N/A;24;5;N/A;Nafta;N/A;N/A;"Autos y camionetas";N/A;N/A;N/A;N/A;N/A;N/A;N/A;N/A;N/A;N/A;N/A;N/A;N/A;N/A;N/A;N/A;N/A;N/A;N/A;N/A;N/A;N/A;N/A;N/A;N/A;N/A;N/A;N/A;N/A;N/A;N/A;N/A;N/A;N/A;N/A;N/A;N/A;N/A;N/A;N/A;N/A;N/A;N/A;N/A;N/A;N/A;N/A;N/A;N/A;N/A;N/A;N/A;N/A;N/A;N/A;N/A;N/A;N/A;N/A;N/A;N/A;N/A;N/A;N/A;N/A;N/A;N/A;N/A;N/A;N/A;N/A;N/A;N/A;N/A;N/A;N/A;N/A;N/A;N/A;N/A;N/A;N/A;N/A;N/A;N/A;N/A;N/A;N/A;N/A;N/A;N/A;N/A;N/A;N/A;N/A;N/A;N/A;N/A;N/A;N/A;N/A;N/A;N/A;N/A;N/A;N/A;N/A;N/A;N/A;N/A;N/A;N/A;N/A;N/A;N/A;N/A;N/A;N/A;N/A;N/A;N/A;N/A
Hyundai;Accent;"1.5 Gls Mt";2015;"350000 km";;FELU6021257;10900;;;;;"Nuevo París";https://auto.mercadolibre.com.uy/MLU-701176278-hyundai-accet-ano-2019-_JM;N/A;;"Hyundai Accet Año 2019";usd;Sí;silver;false;N/A;N/A;http://perfil.mercadolibre.com.uy/FELU6021257;active;N/A;N/A;Usado;Blanco;N/A;Hidráulica;Delantera;Sí;N/A;N/A;N/A;N/A;N/A;N/A;N/A;N/A;N/A;N/A;N/A;N/A;N/A;N/A;N/A;N/A;N/A;N/A;N/A;N/A;N/A;N/A;N/A;N/A;"2440 mm";"1.5 L";"45 L";5;N/A;N/A;N/A;N/A;N/A;N/A;N/A;N/A;N/A;N/A;N/A;N/A;N/A;N/A;N/A;N/A;N/A;N/A;N/A;N/A;N/A;N/A;N/A;N/A;N/A;N/A;N/A;N/A;N/A;N/A;N/A;N/A;N/A;N/A;N/A;N/A;N/A;N/A;N/A;N/A;N/A;N/A;N/A;N/A;N/A;"1395 mm";"4235 mm";N/A;N/A;N/A;N/A;5;"92 hp";Gls;N/A;3;"1670 mm";"7.2 km/l";N/A;N/A;N/A;N/A;N/A;N/A;N/A;N/A;N/A;N/A;"4.5 km/l";N/A;N/A;N/A;N/A;N/A;N/A;4;1.5;Nafta;Manual;Sedán;"Autos y camionetas";N/A;N/A;N/A;N/A;N/A;N/A;UY;N/A;N/A;N/A;N/A;N/A;N/A;N/A;N/A;N/A;N/A;N/A;N/A;N/A;N/A;N/A;N/A;N/A;N/A;N/A;N/A;N/A;N/A;N/A;N/A;N/A;N/A;N/A;N/A;N/A;N/A;N/A;N/A;N/A;N/A;N/A;N/A;N/A;N/A;N/A;N/A;N/A;N/A;N/A;N/A;N/A;N/A;N/A;N/A;N/A;N/A;N/A;N/A;N/A;N/A;N/A;N/A;N/A;N/A;N/A;N/A;N/A;N/A;N/A;N/A;N/A;N/A;N/A;N/A;N/A;N/A;N/A;N/A;N/A;N/A;N/A;N/A;N/A;N/A;N/A;N/A;N/A;N/A;N/A;N/A;N/A;N/A;N/A;N/A;N/A;Sí;N/A;N/A;N/A;N/A;N/A;N/A;N/A;N/A;N/A;N/A;N/A;N/A;N/A;N/A;N/A;N/A;N/A;N/A;N/A;N/A;N/A;N/A;N/A;N/A;N/A
Hyundai;Creta;"1.6 Sport Gl";2022;"49541 km";;"ALVARO DURAN";22500;;;;;"El Pinar";https://auto.mercadolibre.com.uy/MLU-703936802-hyundai-creta-16-sport-gl-_JM;N/A;;"Hyundai Creta 1.6 Sport Gl";usd;Sí;free;false;N/A;N/A;http://perfil.mercadolibre.com.uy/ALVARO+DURAN;active;N/A;N/A;Usado;Blanco;No;Eléctrica;4x2;Sí;Sí;Sí;N/A;N/A;N/A;N/A;N/A;N/A;N/A;N/A;N/A;Sí;N/A;Sí;N/A;N/A;N/A;N/A;N/A;N/A;N/A;N/A;N/A;N/A;"2590 mm";"1.6 L";"58 L";5;N/A;N/A;N/A;N/A;N/A;N/A;N/A;N/A;N/A;N/A;N/A;N/A;N/A;N/A;N/A;N/A;N/A;N/A;N/A;N/A;N/A;N/A;N/A;N/A;N/A;N/A;N/A;N/A;N/A;Sí;N/A;N/A;N/A;Sí;Sí;N/A;N/A;N/A;N/A;N/A;N/A;N/A;N/A;N/A;N/A;"1635 mm";"4440 mm";N/A;N/A;N/A;N/A;5;"163 hp";"Sport Gl";N/A;4;"1898 mm";N/A;N/A;N/A;N/A;Sí;N/A;N/A;Sí;N/A;N/A;N/A;N/A;N/A;N/A;N/A;N/A;Sí;N/A;5;1.6;Nafta;Manual;SUV;"Autos y camionetas";No;N/A;N/A;N/A;No;N/A;UY;N/A;Sí;N/A;Sí;N/A;N/A;N/A;N/A;N/A;N/A;N/A;N/A;N/A;N/A;N/A;N/A;N/A;Sí;N/A;N/A;N/A;N/A;N/A;N/A;N/A;N/A;N/A;N/A;N/A;N/A;N/A;N/A;N/A;N/A;N/A;N/A;No;N/A;N/A;N/A;N/A;N/A;N/A;N/A;N/A;N/A;N/A;N/A;N/A;N/A;N/A;N/A;N/A;N/A;No;No;N/A;N/A;N/A;N/A;N/A;N/A;N/A;N/A;N/A;N/A;N/A;N/A;N/A;N/A;N/A;N/A;N/A;N/A;N/A;N/A;N/A;N/A;N/A;N/A;N/A;N/A;N/A;N/A;N/A;N/A;N/A;N/A;N/A;Sí;Sí;Sí;N/A;Sí;N/A;N/A;N/A;N/A;Sí;N/A;Sí;Sí;N/A;N/A;N/A;Sí;Sí;Sí;Sí;Sí;N/A;N/A;Sí;N/A;Sí
Hyundai;Ioniq;"1.6 Gdi Hibrido At 5p";2021;"82000 km";;IMMPECABLE;26500;;;;;"Ocean Park";https://auto.mercadolibre.com.uy/MLU-702895606-hiunday-ioniq-2021-16-gdi-hibrido-at-5p-_JM;N/A;;"Hiunday Ioniq 2021 1.6 Gdi Hibrido At 5p";usd;Sí;free;false;N/A;N/A;http://perfil.mercadolibre.com.uy/IMMPECABLE;active;N/A;N/A;Usado;Gris;N/A;N/A;Delantera;Sí;Sí;N/A;N/A;N/A;Sí;N/A;N/A;N/A;N/A;N/A;Sí;Sí;N/A;Sí;N/A;N/A;N/A;N/A;N/A;N/A;N/A;N/A;N/A;N/A;"2440 mm";"1.6 L";"45 L";5;N/A;N/A;N/A;N/A;N/A;Sí;N/A;N/A;N/A;N/A;N/A;N/A;N/A;N/A;N/A;N/A;N/A;N/A;N/A;N/A;N/A;N/A;N/A;N/A;N/A;N/A;N/A;N/A;N/A;N/A;N/A;N/A;N/A;N/A;N/A;N/A;N/A;N/A;N/A;N/A;N/A;N/A;N/A;N/A;N/A;"1395 mm";"4235 mm";N/A;N/A;N/A;N/A;5;"92 hp";N/A;N/A;3;"1670 mm";"7.2 km/l";Sí;N/A;Sí;Sí;N/A;Sí;Sí;N/A;N/A;N/A;"4.5 km/l";No;N/A;N/A;N/A;N/A;N/A;5;1.6;Híbrido;Automática;Hatchback;"Autos y camionetas";N/A;N/A;N/A;N/A;N/A;N/A;UY;N/A;Sí;N/A;Sí;N/A;N/A;N/A;N/A;N/A;N/A;N/A;N/A;N/A;N/A;N/A;N/A;N/A;Sí;N/A;N/A;N/A;N/A;N/A;N/A;N/A;N/A;N/A;N/A;N/A;N/A;N/A;N/A;N/A;N/A;N/A;N/A;Sí;N/A;N/A;N/A;N/A;N/A;N/A;N/A;N/A;N/A;N/A;N/A;N/A;N/A;N/A;N/A;N/A;N/A;Sí;N/A;N/A;N/A;N/A;N/A;N/A;N/A;N/A;N/A;N/A;N/A;N/A;N/A;N/A;N/A;N/A;N/A;N/A;N/A;N/A;N/A;N/A;N/A;N/A;N/A;N/A;N/A;N/A;N/A;N/A;N/A;N/A;N/A;N/A;Sí;Sí;N/A;N/A;Sí;N/A;N/A;N/A;N/A;Sí;Sí;Sí;Sí;N/A;N/A;Sí;Sí;Sí;Sí;Sí;Sí;N/A;N/A;Sí;N/A;Sí
Hyundai;HB20;"1.6 Comfort Plus 5p";2017;"120000 km";;MILTONSENA0;12600;;;;;Castillos;https://auto.mercadolibre.com.uy/MLU-703249750-hyundai-hb20-16-comfort-plus-5p-_JM;N/A;;"Hyundai Hb20 1.6 Comfort Plus 5p";usd;Sí;free;false;N/A;N/A;http://perfil.mercadolibre.com.uy/MILTONSENA0;active;N/A;N/A;Usado;Marrón;No;Hidráulica;Delantera;Sí;Sí;Sí;N/A;N/A;N/A;N/A;N/A;N/A;N/A;N/A;N/A;Sí;N/A;Sí;N/A;N/A;N/A;N/A;N/A;N/A;N/A;N/A;N/A;N/A;"2500 mm";"1.6 L";"50 L";6;N/A;N/A;N/A;N/A;N/A;Sí;N/A;N/A;N/A;N/A;N/A;N/A;N/A;N/A;N/A;N/A;N/A;N/A;N/A;N/A;N/A;N/A;N/A;N/A;N/A;N/A;N/A;N/A;N/A;N/A;N/A;N/A;N/A;Sí;Sí;N/A;N/A;N/A;N/A;N/A;N/A;N/A;N/A;N/A;N/A;"1470 mm";"3920 mm";N/A;N/A;N/A;N/A;5;"122 hp";"Comfort Plus";N/A;4;"1680 mm";N/A;N/A;N/A;N/A;Sí;N/A;N/A;Sí;Sí;N/A;N/A;"13.8 km/l";N/A;N/A;N/A;N/A;Sí;24hs;5;1.6;Nafta;Manual;Hatchback;"Autos y camionetas";N/A;N/A;N/A;N/A;N/A;N/A;UY;N/A;Sí;N/A;N/A;N/A;N/A;N/A;N/A;N/A;N/A;N/A;N/A;N/A;N/A;N/A;N/A;N/A;N/A;N/A;N/A;N/A;N/A;N/A;N/A;N/A;N/A;N/A;N/A;N/A;N/A;N/A;N/A;N/A;N/A;N/A;N/A;N/A;N/A;N/A;N/A;N/A;N/A;N/A;N/A;N/A;N/A;N/A;N/A;N/A;N/A;N/A;N/A;N/A;N/A;N/A;N/A;N/A;N/A;N/A;N/A;N/A;N/A;N/A;N/A;N/A;N/A;N/A;N/A;N/A;N/A;N/A;N/A;N/A;N/A;N/A;N/A;N/A;N/A;N/A;N/A;N/A;N/A;N/A;N/A;N/A;N/A;N/A;N/A;N/A;Sí;Sí;No;N/A;Sí;N/A;N/A;N/A;N/A;Sí;N/A;N/A;Sí;N/A;N/A;N/A;Sí;Sí;Sí;Sí;Sí;N/A;N/A;Sí;N/A;Sí
Hyundai;HB20;"1.0 Premium Mt";2022;"25000 km";;"CHUCHO MARIO";16490;;;;;N/A;https://auto.mercadolibre.com.uy/MLU-702002352-hyundai-hb20-10-premium-mt-_JM;N/A;;"Hyundai Hb20 1.0 Premium Mt";usd;Sí;free;false;N/A;N/A;http://perfil.mercadolibre.com.uy/CHUCHO+MARIO;active;N/A;N/A;Usado;Gris;Sí;Hidráulica;Delantera;Sí;N/A;Sí;N/A;N/A;Sí;N/A;N/A;No;N/A;N/A;Sí;N/A;N/A;N/A;N/A;N/A;N/A;N/A;N/A;N/A;N/A;N/A;N/A;N/A;"2500 mm";"1 L";"50 L";6;N/A;N/A;N/A;N/A;N/A;Sí;N/A;N/A;N/A;N/A;N/A;N/A;N/A;N/A;N/A;N/A;N/A;N/A;N/A;N/A;N/A;N/A;N/A;N/A;N/A;N/A;N/A;N/A;N/A;N/A;N/A;N/A;N/A;Sí;Sí;N/A;N/A;N/A;N/A;N/A;N/A;N/A;N/A;N/A;N/A;"1470 mm";"3920 mm";N/A;N/A;N/A;N/A;5;"80 hp";N/A;N/A;4;"1680 mm";N/A;No;N/A;N/A;Sí;N/A;Sí;Sí;Sí;N/A;N/A;"13.8 km/l";N/A;N/A;N/A;N/A;Sí;N/A;5;1.0;Nafta;Manual;Hatchback;"Autos y camionetas";N/A;N/A;N/A;N/A;N/A;N/A;UY;N/A;Sí;N/A;N/A;N/A;N/A;N/A;N/A;N/A;N/A;N/A;N/A;N/A;N/A;N/A;N/A;N/A;Sí;N/A;N/A;N/A;N/A;N/A;N/A;N/A;N/A;N/A;N/A;N/A;N/A;N/A;N/A;N/A;N/A;N/A;N/A;N/A;N/A;N/A;N/A;N/A;N/A;N/A;N/A;N/A;N/A;N/A;N/A;N/A;N/A;N/A;N/A;N/A;N/A;N/A;N/A;N/A;N/A;N/A;N/A;N/A;N/A;N/A;N/A;N/A;N/A;N/A;N/A;N/A;N/A;N/A;N/A;N/A;N/A;N/A;N/A;N/A;N/A;N/A;N/A;N/A;N/A;N/A;N/A;N/A;N/A;N/A;N/A;No;N/A;N/A;Sí;N/A;Sí;N/A;N/A;N/A;N/A;Sí;N/A;N/A;Sí;N/A;N/A;Sí;Sí;Sí;N/A;N/A;Sí;N/A;N/A;Sí;N/A;Sí
Hyundai;i10;"1.1 Gls Mt";2012;"180000 km";;ESLE9033950;7900;;;;;N/A;https://auto.mercadolibre.com.uy/MLU-704238126-hyundai-i10-2012-11-gls-mt-_JM;N/A;;"Hyundai I10 2012 1.1 Gls Mt";usd;Sí;free;false;N/A;N/A;http://perfil.mercadolibre.com.uy/ESLE9033950;active;N/A;N/A;Usado;N/A;N/A;N/A;Delantera;N/A;N/A;N/A;N/A;N/A;N/A;N/A;N/A;N/A;N/A;N/A;N/A;N/A;N/A;N/A;N/A;N/A;N/A;N/A;N/A;N/A;N/A;N/A;N/A;N/A;"2380 mm";"1.1 L";"35 L";5;N/A;N/A;N/A;N/A;N/A;N/A;N/A;N/A;N/A;N/A;N/A;N/A;N/A;N/A;N/A;N/A;N/A;N/A;N/A;N/A;N/A;N/A;N/A;N/A;N/A;N/A;N/A;N/A;N/A;N/A;N/A;N/A;N/A;N/A;N/A;N/A;N/A;N/A;N/A;N/A;N/A;N/A;N/A;N/A;N/A;"1550 mm";"3585 mm";N/A;N/A;N/A;N/A;5;"69 hp";Gls;N/A;4;"1595 mm";N/A;N/A;N/A;N/A;N/A;N/A;N/A;N/A;N/A;N/A;N/A;N/A;N/A;N/A;N/A;N/A;N/A;N/A;5;1.1;Nafta;Manual;Hatchback;"Autos y camionetas";N/A;N/A;N/A;N/A;N/A;N/A;UY;N/A;N/A;N/A;N/A;N/A;N/A;N/A;N/A;N/A;N/A;N/A;N/A;N/A;N/A;N/A;N/A;N/A;N/A;N/A;N/A;N/A;N/A;N/A;N/A;N/A;N/A;N/A;N/A;N/A;N/A;N/A;N/A;N/A;N/A;N/A;N/A;N/A;N/A;N/A;N/A;N/A;N/A;N/A;N/A;N/A;N/A;N/A;N/A;N/A;N/A;N/A;N/A;N/A;N/A;N/A;N/A;N/A;N/A;N/A;N/A;N/A;N/A;N/A;N/A;N/A;N/A;N/A;N/A;N/A;N/A;N/A;N/A;N/A;N/A;N/A;N/A;N/A;N/A;N/A;N/A;N/A;N/A;N/A;N/A;N/A;N/A;N/A;N/A;N/A;N/A;N/A;N/A;N/A;N/A;N/A;N/A;N/A;N/A;N/A;N/A;N/A;N/A;N/A;N/A;N/A;N/A;N/A;N/A;N/A;N/A;N/A;N/A;N/A;N/A;N/A
Hyundai;i10;"1.2 Full";2014;"137254 km";;BIBIANAROBAINAPREZ;8990;;;;;Maldonado;https://auto.mercadolibre.com.uy/MLU-703787788-hyundai-i10-2014-12-full-_JM;N/A;;"Hyundai I10 2014 1.2 Full";usd;Sí;free;false;N/A;N/A;http://perfil.mercadolibre.com.uy/BIBIANAROBAINAPREZ;active;N/A;N/A;Usado;N/A;N/A;Hidráulica;Delantera;Sí;N/A;Sí;N/A;N/A;N/A;N/A;N/A;N/A;N/A;N/A;N/A;N/A;N/A;N/A;N/A;N/A;N/A;N/A;N/A;N/A;N/A;N/A;N/A;N/A;"2385 mm";"1.2 L";"35 L";4;N/A;N/A;N/A;N/A;Sí;N/A;N/A;N/A;N/A;N/A;N/A;N/A;N/A;N/A;N/A;N/A;N/A;N/A;N/A;N/A;N/A;N/A;N/A;N/A;N/A;N/A;N/A;N/A;N/A;N/A;N/A;Sí;N/A;Sí;N/A;N/A;N/A;N/A;N/A;N/A;N/A;Sí;N/A;N/A;N/A;"1540 mm";"3565 mm";N/A;N/A;N/A;N/A;5;"85 hp";Gls;N/A;4;"1660 mm";N/A;N/A;N/A;N/A;N/A;N/A;N/A;N/A;N/A;N/A;N/A;N/A;N/A;N/A;N/A;N/A;N/A;N/A;5;1.2;Nafta;Automática;Hatchback;"Autos y camionetas";N/A;N/A;N/A;N/A;N/A;N/A;UY;N/A;N/A;N/A;N/A;N/A;N/A;N/A;N/A;N/A;N/A;N/A;N/A;N/A;N/A;N/A;N/A;N/A;N/A;N/A;N/A;N/A;N/A;N/A;N/A;N/A;N/A;N/A;N/A;N/A;N/A;N/A;N/A;N/A;N/A;N/A;N/A;N/A;N/A;N/A;N/A;N/A;N/A;N/A;N/A;N/A;N/A;N/A;N/A;N/A;N/A;N/A;N/A;N/A;N/A;N/A;N/A;N/A;N/A;N/A;N/A;N/A;N/A;N/A;N/A;N/A;N/A;N/A;N/A;N/A;N/A;N/A;N/A;N/A;N/A;N/A;N/A;N/A;N/A;N/A;N/A;N/A;N/A;N/A;N/A;N/A;N/A;N/A;N/A;N/A;Sí;N/A;Sí;N/A;N/A;N/A;N/A;N/A;N/A;N/A;N/A;N/A;N/A;Sí;N/A;N/A;N/A;N/A;N/A;N/A;N/A;N/A;N/A;N/A;N/A;N/A
Hyundai;Accent;"Gl 1.4";2012;"155000 km";;MOFA6177670;10500;;;;;"Arroyo Seco";https://auto.mercadolibre.com.uy/MLU-702679756-hyundai-accent-gl-14-_JM;N/A;;"Hyundai Accent Gl 1.4";USD;Sí;free;false;N/A;N/A;http://perfil.mercadolibre.com.uy/MOFA6177670;active;N/A;N/A;Usado;N/A;N/A;N/A;N/A;N/A;N/A;N/A;N/A;N/A;N/A;N/A;N/A;N/A;N/A;N/A;N/A;N/A;N/A;N/A;N/A;N/A;N/A;N/A;N/A;N/A;N/A;N/A;N/A;N/A;N/A;N/A;N/A;N/A;N/A;N/A;N/A;N/A;N/A;N/A;N/A;N/A;N/A;N/A;N/A;N/A;N/A;N/A;N/A;N/A;N/A;N/A;N/A;N/A;N/A;N/A;N/A;N/A;N/A;N/A;N/A;N/A;N/A;N/A;N/A;N/A;N/A;N/A;N/A;N/A;N/A;N/A;N/A;N/A;N/A;N/A;N/A;N/A;N/A;N/A;N/A;N/A;N/A;N/A;N/A;N/A;N/A;N/A;N/A;N/A;N/A;N/A;N/A;N/A;N/A;N/A;N/A;N/A;N/A;N/A;N/A;N/A;N/A;N/A;N/A;N/A;N/A;N/A;N/A;4;N/A;Nafta;N/A;N/A;"Autos y camionetas";N/A;N/A;N/A;N/A;N/A;N/A;N/A;N/A;N/A;N/A;N/A;N/A;N/A;N/A;N/A;N/A;N/A;N/A;N/A;N/A;N/A;N/A;N/A;N/A;N/A;N/A;N/A;N/A;N/A;N/A;N/A;N/A;N/A;N/A;N/A;N/A;N/A;N/A;N/A;N/A;N/A;N/A;N/A;N/A;N/A;N/A;N/A;N/A;N/A;N/A;N/A;N/A;N/A;N/A;N/A;N/A;N/A;N/A;N/A;N/A;N/A;N/A;N/A;N/A;N/A;N/A;N/A;N/A;N/A;N/A;N/A;N/A;N/A;N/A;N/A;N/A;N/A;N/A;N/A;N/A;N/A;N/A;N/A;N/A;N/A;N/A;N/A;N/A;N/A;N/A;N/A;N/A;N/A;N/A;N/A;N/A;N/A;N/A;N/A;N/A;N/A;N/A;N/A;N/A;N/A;N/A;N/A;N/A;N/A;N/A;N/A;N/A;N/A;N/A;N/A;N/A;N/A;N/A;N/A;N/A;N/A;N/A
Hyundai;"Grand i10";1.2;2019;"86000 km";;SEÑORZITO;12500;;;;;Atahualpa;https://auto.mercadolibre.com.uy/MLU-703958356-hyundai-grand-i10-12-_JM;N/A;;"Hyundai Grand I10 1.2";USD;Sí;free;false;N/A;N/A;http://perfil.mercadolibre.com.uy/SE%C3%91ORZITO;active;N/A;N/A;Usado;N/A;N/A;N/A;N/A;N/A;N/A;N/A;N/A;N/A;N/A;N/A;N/A;N/A;N/A;N/A;N/A;N/A;N/A;N/A;N/A;N/A;N/A;N/A;N/A;N/A;N/A;N/A;N/A;N/A;N/A;N/A;N/A;N/A;N/A;N/A;N/A;N/A;N/A;N/A;N/A;N/A;N/A;N/A;N/A;N/A;N/A;N/A;N/A;N/A;N/A;N/A;N/A;N/A;N/A;N/A;N/A;N/A;N/A;N/A;N/A;N/A;N/A;N/A;N/A;N/A;N/A;N/A;N/A;N/A;N/A;N/A;N/A;N/A;N/A;N/A;N/A;N/A;N/A;N/A;N/A;N/A;N/A;N/A;N/A;N/A;N/A;N/A;N/A;N/A;N/A;N/A;N/A;N/A;N/A;N/A;N/A;N/A;N/A;N/A;N/A;N/A;N/A;N/A;N/A;N/A;N/A;N/A;N/A;4;N/A;Nafta;N/A;N/A;"Autos y camionetas";N/A;N/A;N/A;N/A;N/A;N/A;N/A;N/A;N/A;N/A;N/A;N/A;N/A;N/A;N/A;N/A;N/A;N/A;N/A;N/A;N/A;N/A;N/A;N/A;N/A;N/A;N/A;N/A;N/A;N/A;N/A;N/A;N/A;N/A;N/A;N/A;N/A;N/A;N/A;N/A;N/A;N/A;N/A;N/A;N/A;N/A;N/A;N/A;N/A;N/A;N/A;N/A;N/A;N/A;N/A;N/A;N/A;N/A;N/A;N/A;N/A;N/A;N/A;N/A;N/A;N/A;N/A;N/A;N/A;N/A;N/A;N/A;N/A;N/A;N/A;N/A;N/A;N/A;N/A;N/A;N/A;N/A;N/A;N/A;N/A;N/A;N/A;N/A;N/A;N/A;N/A;N/A;N/A;N/A;N/A;N/A;N/A;N/A;N/A;N/A;N/A;N/A;N/A;N/A;N/A;N/A;N/A;N/A;N/A;N/A;N/A;N/A;N/A;N/A;N/A;N/A;N/A;N/A;N/A;N/A;N/A;N/A
Hyundai;Atos;"1.1 Unique";2020;"72000 km";;THEDEMONIO;11500;;;;;"Santa Lucía";https://auto.mercadolibre.com.uy/MLU-646738305-hyundai-atos-2020-11-unique-_JM;N/A;;"Hyundai Atos 2020 1.1 Unique";usd;Sí;free;false;N/A;N/A;http://perfil.mercadolibre.com.uy/THEDEMONIO;active;N/A;N/A;Usado;Blanco;Sí;Hidráulica;Delantera;Sí;Sí;N/A;N/A;N/A;N/A;N/A;N/A;N/A;N/A;N/A;Sí;Sí;N/A;Sí;N/A;N/A;N/A;N/A;N/A;N/A;N/A;N/A;N/A;N/A;"2774 mm";"1.1 L";"35 L";5;N/A;N/A;N/A;N/A;N/A;N/A;N/A;N/A;N/A;N/A;N/A;N/A;N/A;N/A;N/A;N/A;N/A;N/A;N/A;N/A;N/A;N/A;N/A;N/A;N/A;N/A;N/A;N/A;N/A;N/A;N/A;Sí;N/A;Sí;Sí;N/A;N/A;N/A;N/A;N/A;N/A;N/A;N/A;N/A;N/A;"1570 mm";"3565 mm";N/A;N/A;N/A;N/A;4;"69 hp";Unique;N/A;3;"1891 mm";N/A;N/A;N/A;Sí;Sí;N/A;Sí;Sí;N/A;N/A;N/A;N/A;N/A;N/A;N/A;N/A;Sí;N/A;5;1.1;Nafta;Manual;Hatchback;"Autos y camionetas";N/A;N/A;N/A;N/A;N/A;N/A;UY;N/A;N/A;N/A;N/A;N/A;N/A;N/A;N/A;N/A;N/A;N/A;N/A;N/A;N/A;N/A;N/A;N/A;N/A;N/A;N/A;N/A;N/A;N/A;N/A;N/A;N/A;N/A;N/A;N/A;N/A;N/A;N/A;N/A;N/A;N/A;N/A;Sí;N/A;N/A;N/A;N/A;N/A;N/A;N/A;N/A;N/A;N/A;N/A;N/A;N/A;N/A;N/A;N/A;N/A;N/A;N/A;N/A;N/A;N/A;N/A;N/A;N/A;N/A;N/A;N/A;N/A;N/A;N/A;N/A;N/A;N/A;N/A;N/A;N/A;N/A;N/A;N/A;N/A;N/A;N/A;N/A;N/A;N/A;N/A;N/A;N/A;N/A;N/A;N/A;Sí;No;No;N/A;Sí;N/A;N/A;Sí;N/A;Sí;N/A;N/A;Sí;N/A;N/A;N/A;No;Sí;Sí;Sí;Sí;No;No;Sí;N/A;Sí
Hyundai;Creta;"1.6 Sport Gl";2021;"50000 km";;MAZZOLITA2010;24000;;;;;Carmelo;https://auto.mercadolibre.com.uy/MLU-703671460-hyundai-creta-2021-16-sport-gl-_JM;N/A;;"Hyundai Creta 2021 1.6 Sport Gl";usd;Sí;free;false;N/A;N/A;http://perfil.mercadolibre.com.uy/MAZZOLITA2010;active;N/A;N/A;Usado;N/A;N/A;Eléctrica;4x2;N/A;N/A;Sí;N/A;N/A;N/A;N/A;N/A;N/A;N/A;N/A;N/A;N/A;N/A;N/A;N/A;N/A;N/A;N/A;N/A;N/A;N/A;N/A;N/A;N/A;"2590 mm";"1.6 L";"58 L";5;N/A;N/A;N/A;N/A;N/A;N/A;N/A;N/A;N/A;N/A;N/A;N/A;N/A;N/A;N/A;N/A;N/A;N/A;N/A;N/A;N/A;N/A;N/A;N/A;N/A;N/A;N/A;N/A;N/A;N/A;N/A;N/A;N/A;Sí;Sí;N/A;N/A;N/A;N/A;N/A;N/A;N/A;N/A;N/A;N/A;"1635 mm";"4440 mm";N/A;N/A;N/A;N/A;5;"163 hp";"Sport Gl";N/A;4;"1898 mm";N/A;N/A;N/A;N/A;Sí;N/A;N/A;Sí;N/A;N/A;N/A;N/A;N/A;N/A;N/A;N/A;N/A;N/A;5;1.6;Nafta;Manual;SUV;"Autos y camionetas";N/A;N/A;N/A;N/A;N/A;N/A;UY;N/A;N/A;N/A;N/A;N/A;N/A;N/A;N/A;N/A;N/A;N/A;N/A;N/A;N/A;N/A;N/A;N/A;N/A;N/A;N/A;N/A;N/A;N/A;N/A;N/A;N/A;N/A;N/A;N/A;N/A;N/A;N/A;N/A;N/A;N/A;N/A;N/A;N/A;N/A;N/A;N/A;N/A;N/A;N/A;N/A;N/A;N/A;N/A;N/A;N/A;N/A;N/A;N/A;N/A;N/A;N/A;N/A;N/A;N/A;N/A;N/A;N/A;N/A;N/A;N/A;N/A;N/A;N/A;N/A;N/A;N/A;N/A;N/A;N/A;N/A;N/A;N/A;N/A;N/A;N/A;N/A;N/A;N/A;N/A;N/A;N/A;N/A;N/A;N/A;N/A;N/A;N/A;N/A;N/A;N/A;N/A;N/A;N/A;N/A;N/A;N/A;N/A;N/A;N/A;N/A;Sí;N/A;N/A;N/A;N/A;N/A;N/A;Sí;N/A;N/A
Hyundai;Tucson;"2.0 Gls 6at 4wd";2011;"161280 km";;SIRA8923016;15500;;;;;"Malvin Norte";https://auto.mercadolibre.com.uy/MLU-703132726-hyundai-tucson-2011-20-gls-6at-4wd-_JM;N/A;;"Hyundai Tucson 2011 2.0 Gls 6at 4wd";usd;Sí;free;false;N/A;N/A;http://perfil.mercadolibre.com.uy/SIRA8923016;active;N/A;N/A;Usado;N/A;N/A;Hidráulica;4x4;Sí;N/A;Sí;N/A;N/A;N/A;N/A;N/A;N/A;N/A;N/A;N/A;N/A;N/A;N/A;N/A;N/A;N/A;N/A;N/A;N/A;N/A;N/A;N/A;N/A;"2630 mm";"2 L";"58 L";6;N/A;N/A;N/A;N/A;N/A;N/A;N/A;N/A;N/A;N/A;N/A;N/A;N/A;N/A;N/A;N/A;N/A;N/A;N/A;N/A;N/A;N/A;N/A;N/A;N/A;N/A;N/A;N/A;N/A;N/A;N/A;Sí;N/A;N/A;N/A;N/A;N/A;N/A;N/A;N/A;N/A;Sí;N/A;N/A;N/A;"1655 mm";"4410 mm";N/A;N/A;N/A;N/A;5;"166 hp";Gls;N/A;4;"1830 mm";"10.6 km/l";N/A;N/A;N/A;N/A;N/A;N/A;N/A;N/A;N/A;Sí;"6.8 km/l";N/A;N/A;N/A;N/A;N/A;N/A;5;2.0;Nafta;Automática;SUV;"Autos y camionetas";N/A;N/A;N/A;N/A;N/A;N/A;UY;N/A;N/A;N/A;N/A;N/A;N/A;N/A;N/A;N/A;N/A;N/A;N/A;N/A;N/A;N/A;N/A;N/A;N/A;N/A;N/A;N/A;N/A;N/A;N/A;N/A;N/A;N/A;N/A;N/A;N/A;N/A;N/A;N/A;N/A;N/A;N/A;N/A;N/A;N/A;N/A;N/A;N/A;N/A;N/A;N/A;N/A;N/A;N/A;N/A;N/A;N/A;N/A;N/A;N/A;N/A;N/A;N/A;N/A;N/A;N/A;N/A;N/A;N/A;N/A;N/A;N/A;N/A;N/A;N/A;N/A;N/A;N/A;N/A;N/A;N/A;N/A;N/A;N/A;N/A;N/A;N/A;N/A;N/A;N/A;N/A;N/A;N/A;N/A;N/A;Sí;N/A;Sí;N/A;N/A;N/A;N/A;N/A;N/A;N/A;N/A;N/A;N/A;Sí;N/A;Sí;N/A;N/A;N/A;N/A;N/A;N/A;N/A;N/A;N/A;N/A
Hyundai;HB20S;"1.6 Comfort Plus 4p";2019;"52000 km";;TINSEBA2010;14300;;;;;Artigas;https://auto.mercadolibre.com.uy/MLU-702146348-hyundai-hb20s-2019-16-comfort-plus-4p-_JM;N/A;;"Hyundai Hb20s 2019 1.6 Comfort Plus 4p";usd;Sí;free;false;N/A;N/A;http://perfil.mercadolibre.com.uy/TINSEBA2010;active;N/A;N/A;Usado;N/A;N/A;Hidráulica;Delantera;Sí;N/A;N/A;N/A;N/A;N/A;N/A;N/A;N/A;N/A;N/A;N/A;N/A;N/A;N/A;N/A;N/A;N/A;N/A;N/A;N/A;N/A;N/A;N/A;N/A;"2500 mm";"1.6 L";"50 L";5;N/A;N/A;N/A;N/A;N/A;N/A;N/A;N/A;N/A;N/A;N/A;N/A;N/A;N/A;N/A;N/A;N/A;N/A;N/A;N/A;N/A;N/A;N/A;N/A;N/A;N/A;N/A;N/A;N/A;N/A;N/A;N/A;N/A;Sí;Sí;N/A;N/A;N/A;N/A;N/A;N/A;N/A;N/A;N/A;N/A;"1500 mm";"4200 mm";N/A;N/A;N/A;N/A;5;"122 hp";"Comfort Plus";N/A;4;"1680 mm";N/A;N/A;N/A;N/A;Sí;N/A;N/A;Sí;Sí;N/A;N/A;"12.8 km/l";N/A;N/A;N/A;N/A;N/A;N/A;4;1.6;Nafta;Manual;Sedán;"Autos y camionetas";N/A;N/A;N/A;N/A;N/A;N/A;UY;N/A;N/A;N/A;N/A;N/A;N/A;N/A;N/A;N/A;N/A;N/A;N/A;N/A;N/A;N/A;N/A;N/A;N/A;N/A;N/A;N/A;N/A;N/A;N/A;N/A;N/A;N/A;N/A;N/A;N/A;N/A;N/A;N/A;N/A;N/A;N/A;N/A;N/A;N/A;N/A;N/A;N/A;N/A;N/A;N/A;N/A;N/A;N/A;N/A;N/A;N/A;N/A;N/A;N/A;N/A;N/A;N/A;N/A;N/A;N/A;N/A;N/A;N/A;N/A;N/A;N/A;N/A;N/A;N/A;N/A;N/A;N/A;N/A;N/A;N/A;N/A;N/A;N/A;N/A;N/A;N/A;N/A;N/A;N/A;N/A;N/A;N/A;N/A;N/A;N/A;N/A;N/A;N/A;N/A;N/A;N/A;N/A;N/A;N/A;N/A;N/A;N/A;N/A;N/A;N/A;Sí;N/A;N/A;N/A;Sí;N/A;N/A;Sí;N/A;Sí
Hyundai;i10;"1.2 Gls Seguridad L Mt Abcp";2015;"102000 km";;ADHEM47;9650;;;;;Prado;https://auto.mercadolibre.com.uy/MLU-703091094-hyundai-i-10-extra-ful-_JM;N/A;;"Hyundai I 10 Extra Ful";usd;Sí;free;false;N/A;N/A;http://perfil.mercadolibre.com.uy/ADHEM47;active;N/A;N/A;Usado;Azul;Sí;Hidráulica;Delantera;Sí;Sí;Sí;N/A;N/A;N/A;N/A;N/A;Sí;N/A;N/A;N/A;Sí;N/A;N/A;N/A;N/A;N/A;N/A;N/A;N/A;N/A;N/A;N/A;N/A;"2385 mm";"1.2 L";"35 L";5;N/A;N/A;N/A;N/A;Sí;N/A;N/A;N/A;N/A;N/A;N/A;N/A;N/A;N/A;N/A;N/A;N/A;N/A;N/A;N/A;N/A;N/A;N/A;N/A;N/A;N/A;N/A;N/A;N/A;N/A;N/A;Sí;N/A;Sí;N/A;N/A;N/A;N/A;N/A;N/A;N/A;Sí;N/A;N/A;N/A;"1540 mm";"3585 mm";N/A;N/A;N/A;N/A;5;"85 hp";Gls;N/A;4;"1660 mm";N/A;N/A;N/A;N/A;N/A;N/A;N/A;N/A;N/A;N/A;N/A;N/A;N/A;N/A;N/A;N/A;N/A;N/A;5;1.2;Nafta;Manual;Hatchback;"Autos y camionetas";N/A;N/A;N/A;N/A;N/A;N/A;UY;N/A;Sí;N/A;N/A;N/A;N/A;N/A;N/A;N/A;N/A;N/A;N/A;N/A;N/A;N/A;N/A;N/A;N/A;N/A;N/A;N/A;N/A;N/A;N/A;N/A;N/A;N/A;N/A;N/A;N/A;N/A;N/A;N/A;N/A;N/A;N/A;N/A;N/A;N/A;N/A;N/A;N/A;N/A;N/A;N/A;N/A;N/A;N/A;N/A;N/A;N/A;N/A;N/A;N/A;N/A;N/A;N/A;N/A;N/A;N/A;N/A;N/A;N/A;N/A;N/A;N/A;N/A;N/A;N/A;N/A;N/A;N/A;N/A;N/A;N/A;N/A;N/A;N/A;N/A;N/A;N/A;N/A;N/A;N/A;N/A;N/A;N/A;N/A;N/A;Sí;Sí;Sí;N/A;Sí;N/A;N/A;N/A;N/A;Sí;N/A;N/A;Sí;Sí;N/A;N/A;N/A;Sí;Sí;N/A;Sí;Sí;N/A;Sí;N/A;Sí
Hyundai;"Grand i10";Full;2019;"37000 km";;MARCOS_PAF127;15000;;;;;Minas;https://auto.mercadolibre.com.uy/MLU-701719626-hyundai-grand-i10-full-_JM;N/A;;"Hyundai Grand I10 Full ";USD;Sí;free;false;N/A;N/A;http://perfil.mercadolibre.com.uy/MARCOS_PAF127;active;N/A;N/A;Usado;N/A;N/A;N/A;N/A;N/A;N/A;N/A;N/A;N/A;N/A;N/A;N/A;N/A;N/A;N/A;N/A;N/A;N/A;N/A;N/A;N/A;N/A;N/A;N/A;N/A;N/A;N/A;N/A;N/A;N/A;N/A;N/A;N/A;N/A;N/A;N/A;N/A;N/A;N/A;N/A;N/A;N/A;N/A;N/A;N/A;N/A;N/A;N/A;N/A;N/A;N/A;N/A;N/A;N/A;N/A;N/A;N/A;N/A;N/A;N/A;N/A;N/A;N/A;N/A;N/A;N/A;N/A;N/A;N/A;N/A;N/A;N/A;N/A;N/A;N/A;N/A;N/A;N/A;N/A;N/A;N/A;N/A;N/A;N/A;N/A;N/A;N/A;N/A;N/A;N/A;N/A;N/A;N/A;N/A;N/A;N/A;N/A;N/A;N/A;N/A;N/A;N/A;N/A;N/A;N/A;N/A;N/A;N/A;5;N/A;Nafta;N/A;N/A;"Autos y camionetas";N/A;N/A;N/A;N/A;N/A;N/A;N/A;N/A;N/A;N/A;N/A;N/A;N/A;N/A;N/A;N/A;N/A;N/A;N/A;N/A;N/A;N/A;N/A;N/A;N/A;N/A;N/A;N/A;N/A;N/A;N/A;N/A;N/A;N/A;N/A;N/A;N/A;N/A;N/A;N/A;N/A;N/A;N/A;N/A;N/A;N/A;N/A;N/A;N/A;N/A;N/A;N/A;N/A;N/A;N/A;N/A;N/A;N/A;N/A;N/A;N/A;N/A;N/A;N/A;N/A;N/A;N/A;N/A;N/A;N/A;N/A;N/A;N/A;N/A;N/A;N/A;N/A;N/A;N/A;N/A;N/A;N/A;N/A;N/A;N/A;N/A;N/A;N/A;N/A;N/A;N/A;N/A;N/A;N/A;N/A;N/A;N/A;N/A;N/A;N/A;N/A;N/A;N/A;N/A;N/A;N/A;N/A;N/A;N/A;N/A;N/A;N/A;N/A;N/A;N/A;N/A;N/A;N/A;N/A;N/A;N/A;N/A
Hyundai;Creta;"1,6 GLS LIMITED";2017;"89000 km";;PABLOLARROK;22500;;;;;Florida;https://auto.mercadolibre.com.uy/MLU-703078232-creta-16-gls-limited-tmanual-de-6-velocidades-_JM;N/A;;"Creta 1.6 Gls Limited T/manual De 6 Velocidades";USD;Sí;free;false;N/A;N/A;http://perfil.mercadolibre.com.uy/PABLOLARROK;active;N/A;N/A;Usado;Negro;No;Hidráulica;Delantera;Sí;Sí;N/A;N/A;N/A;Sí;N/A;N/A;No;N/A;N/A;No;Sí;N/A;Sí;N/A;N/A;N/A;N/A;N/A;N/A;N/A;N/A;N/A;N/A;N/A;N/A;N/A;N/A;N/A;N/A;N/A;N/A;N/A;No;N/A;N/A;N/A;N/A;N/A;N/A;N/A;N/A;N/A;N/A;N/A;N/A;N/A;N/A;N/A;N/A;N/A;N/A;N/A;N/A;N/A;N/A;N/A;No;N/A;N/A;N/A;N/A;N/A;N/A;N/A;N/A;N/A;N/A;N/A;N/A;N/A;N/A;N/A;N/A;N/A;N/A;N/A;N/A;N/A;N/A;N/A;N/A;N/A;N/A;N/A;N/A;No;N/A;No;Sí;N/A;Sí;Sí;N/A;No;N/A;N/A;No;Sí;N/A;N/A;Sí;"De lunes a domingos cualquier horario";5;1.6;Nafta;Manual;SUV;"Autos y camionetas";N/A;N/A;N/A;N/A;N/A;N/A;N/A;N/A;N/A;N/A;N/A;N/A;N/A;N/A;N/A;N/A;N/A;N/A;N/A;N/A;N/A;N/A;N/A;N/A;No;N/A;N/A;N/A;N/A;N/A;N/A;N/A;N/A;N/A;N/A;N/A;N/A;N/A;N/A;N/A;N/A;N/A;N/A;N/A;N/A;N/A;N/A;N/A;N/A;N/A;N/A;N/A;N/A;N/A;N/A;N/A;N/A;N/A;N/A;N/A;N/A;N/A;N/A;N/A;N/A;N/A;N/A;N/A;N/A;N/A;N/A;N/A;N/A;N/A;N/A;N/A;N/A;N/A;N/A;N/A;N/A;N/A;N/A;N/A;N/A;N/A;N/A;N/A;N/A;N/A;N/A;N/A;N/A;N/A;N/A;N/A;Sí;Sí;Sí;N/A;Sí;N/A;N/A;N/A;N/A;Sí;No;Sí;Sí;N/A;N/A;Sí;Sí;Sí;Sí;Sí;Sí;Sí;No;Sí;N/A;Sí
Hyundai;HB20;"1.0 Premium Mt";2024;"40000 km";;CLAU292012;17590;;;;;"La Blanqueada";https://auto.mercadolibre.com.uy/MLU-703005000-hyundai-hb20-_JM;N/A;;"Hyundai Hb20";usd;Sí;free;false;N/A;N/A;http://perfil.mercadolibre.com.uy/CLAU292012;active;N/A;N/A;Usado;Gris;Sí;Hidráulica;Delantera;Sí;Sí;Sí;N/A;N/A;N/A;N/A;N/A;N/A;N/A;N/A;Sí;Sí;N/A;N/A;N/A;N/A;N/A;N/A;N/A;N/A;N/A;N/A;N/A;N/A;"2500 mm";"1 L";"50 L";6;N/A;N/A;N/A;N/A;N/A;Sí;N/A;N/A;N/A;N/A;N/A;N/A;N/A;N/A;N/A;N/A;N/A;N/A;N/A;N/A;N/A;N/A;N/A;N/A;N/A;N/A;N/A;N/A;N/A;N/A;N/A;N/A;N/A;Sí;Sí;N/A;N/A;N/A;N/A;N/A;N/A;N/A;N/A;N/A;N/A;"1470 mm";"3920 mm";N/A;N/A;N/A;N/A;5;"80 hp";N/A;N/A;4;"1680 mm";N/A;N/A;N/A;N/A;Sí;N/A;Sí;Sí;Sí;N/A;N/A;"13.8 km/l";N/A;N/A;N/A;N/A;N/A;N/A;5;1.0;Nafta;Manual;Hatchback;"Autos y camionetas";N/A;N/A;N/A;N/A;N/A;N/A;UY;N/A;No;N/A;N/A;N/A;N/A;N/A;N/A;N/A;N/A;N/A;N/A;N/A;N/A;N/A;N/A;N/A;Sí;N/A;N/A;N/A;N/A;N/A;N/A;N/A;N/A;N/A;N/A;N/A;N/A;N/A;N/A;N/A;N/A;N/A;N/A;Sí;N/A;N/A;N/A;N/A;N/A;N/A;N/A;N/A;N/A;N/A;N/A;N/A;N/A;N/A;N/A;N/A;N/A;N/A;Sí;N/A;N/A;N/A;N/A;N/A;N/A;N/A;N/A;N/A;N/A;N/A;N/A;N/A;N/A;N/A;N/A;N/A;N/A;N/A;N/A;N/A;N/A;N/A;N/A;N/A;N/A;N/A;N/A;N/A;N/A;N/A;N/A;N/A;Sí;Sí;Sí;N/A;Sí;N/A;N/A;N/A;N/A;Sí;N/A;N/A;Sí;N/A;N/A;Sí;Sí;Sí;Sí;N/A;Sí;N/A;N/A;Sí;N/A;No
Hyundai;HB20S;"1.6 Comfort Plus 4p";2018;"82000 km";;MARIAJOGUT;14500;;;;;"Punta Gorda";https://auto.mercadolibre.com.uy/MLU-704537122-hyundai-hb20s-16-comfort-plus-4p-_JM;N/A;;"Hyundai Hb20s 1.6 Comfort Plus 4p";usd;Sí;free;false;N/A;N/A;http://perfil.mercadolibre.com.uy/MARIAJOGUT;active;N/A;N/A;Usado;Blanco;No;Hidráulica;Delantera;Sí;Sí;N/A;N/A;N/A;Sí;N/A;N/A;No;N/A;N/A;No;Sí;N/A;Sí;N/A;N/A;N/A;N/A;N/A;N/A;N/A;N/A;N/A;N/A;"2500 mm";"1.6 L";"50 L";5;N/A;N/A;N/A;N/A;N/A;Sí;N/A;N/A;N/A;N/A;N/A;N/A;N/A;N/A;N/A;N/A;N/A;N/A;N/A;N/A;N/A;N/A;N/A;N/A;N/A;N/A;N/A;N/A;N/A;No;N/A;N/A;N/A;Sí;Sí;N/A;N/A;N/A;N/A;N/A;N/A;N/A;N/A;N/A;N/A;"1500 mm";"4200 mm";N/A;N/A;N/A;N/A;5;"122 hp";"Comfort Plus";N/A;4;"1680 mm";N/A;N/A;N/A;Sí;Sí;N/A;Sí;Sí;Sí;No;N/A;"12.8 km/l";No;N/A;N/A;N/A;No;N/A;4;1.6;Nafta;Manual;Sedán;"Autos y camionetas";N/A;N/A;N/A;N/A;N/A;N/A;UY;N/A;N/A;N/A;N/A;N/A;N/A;N/A;N/A;N/A;N/A;N/A;N/A;N/A;N/A;N/A;N/A;N/A;No;N/A;N/A;N/A;N/A;N/A;N/A;N/A;N/A;N/A;N/A;N/A;N/A;N/A;N/A;N/A;N/A;N/A;N/A;N/A;N/A;N/A;N/A;N/A;N/A;N/A;N/A;N/A;N/A;N/A;N/A;N/A;N/A;N/A;N/A;N/A;N/A;N/A;N/A;N/A;N/A;N/A;N/A;N/A;N/A;N/A;N/A;N/A;N/A;N/A;N/A;N/A;N/A;N/A;N/A;N/A;N/A;N/A;N/A;N/A;N/A;N/A;N/A;N/A;N/A;N/A;N/A;N/A;N/A;N/A;N/A;No;Sí;Sí;Sí;N/A;Sí;N/A;N/A;N/A;N/A;Sí;No;No;Sí;N/A;N/A;No;Sí;Sí;Sí;Sí;Sí;No;No;Sí;N/A;Sí
Hyundai;H1;"GSTAREX MBUS 12 Asientos";2014;"279620 km";;WANSEELECRISTINA;19000;;;;;"Jardines Hipódromo";https://auto.mercadolibre.com.uy/MLU-702310170-hyundai-tipo-minibus-_JM;N/A;;"Hyundai Tipo Minibus";USD;Sí;free;false;N/A;N/A;http://perfil.mercadolibre.com.uy/WANSEELECRISTINA;active;N/A;N/A;Usado;Blanco;No;Hidráulica;N/A;N/A;N/A;N/A;N/A;N/A;N/A;N/A;N/A;N/A;N/A;N/A;N/A;N/A;N/A;N/A;N/A;N/A;N/A;N/A;N/A;N/A;N/A;N/A;N/A;N/A;N/A;N/A;N/A;N/A;N/A;N/A;N/A;N/A;N/A;N/A;N/A;N/A;N/A;N/A;N/A;N/A;N/A;N/A;N/A;N/A;N/A;N/A;N/A;N/A;N/A;N/A;N/A;N/A;N/A;N/A;N/A;N/A;N/A;N/A;N/A;N/A;N/A;N/A;N/A;N/A;N/A;N/A;N/A;N/A;N/A;N/A;N/A;N/A;N/A;N/A;N/A;N/A;N/A;N/A;N/A;N/A;N/A;N/A;N/A;N/A;N/A;N/A;N/A;N/A;N/A;N/A;N/A;N/A;N/A;N/A;N/A;N/A;N/A;N/A;N/A;N/A;N/A;N/A;N/A;5;N/A;Diésel;N/A;N/A;"Autos y camionetas";N/A;N/A;N/A;N/A;N/A;N/A;N/A;N/A;N/A;N/A;N/A;N/A;N/A;N/A;N/A;N/A;N/A;N/A;N/A;N/A;N/A;N/A;N/A;N/A;N/A;N/A;N/A;N/A;N/A;N/A;N/A;N/A;N/A;N/A;N/A;N/A;N/A;N/A;N/A;N/A;N/A;N/A;N/A;N/A;N/A;N/A;N/A;N/A;N/A;N/A;N/A;N/A;N/A;N/A;N/A;N/A;N/A;N/A;N/A;N/A;N/A;N/A;N/A;N/A;N/A;N/A;N/A;N/A;N/A;N/A;N/A;N/A;N/A;N/A;N/A;N/A;N/A;N/A;N/A;N/A;N/A;N/A;N/A;N/A;N/A;N/A;N/A;N/A;N/A;N/A;N/A;N/A;N/A;N/A;N/A;N/A;N/A;N/A;N/A;N/A;N/A;N/A;N/A;N/A;N/A;N/A;N/A;N/A;N/A;N/A;N/A;N/A;N/A;N/A;N/A;N/A;N/A;N/A;N/A;N/A;N/A;N/A
Hyundai;Tucson;"2.0 Gl 6at 2wd";2012;"158000 km";;VERONICANOBLE;15800;;;;;Maldonado;https://auto.mercadolibre.com.uy/MLU-647141397-hyundai-tucson-2012-20-gl-6at-2wd-_JM;N/A;;"Hyundai Tucson 2012 2.0 Gl 6at 2wd";usd;Sí;free;false;N/A;N/A;http://perfil.mercadolibre.com.uy/VERONICANOBLE;active;N/A;N/A;Usado;N/A;N/A;Hidráulica;4x2;Sí;N/A;Sí;N/A;N/A;N/A;N/A;N/A;N/A;N/A;N/A;N/A;N/A;N/A;N/A;N/A;N/A;N/A;N/A;N/A;N/A;N/A;N/A;N/A;N/A;"2630 mm";"2 L";"58 L";6;N/A;N/A;N/A;N/A;N/A;N/A;N/A;N/A;N/A;N/A;N/A;N/A;N/A;N/A;N/A;N/A;N/A;N/A;N/A;N/A;N/A;N/A;N/A;N/A;N/A;N/A;N/A;N/A;N/A;N/A;N/A;Sí;N/A;N/A;N/A;N/A;N/A;N/A;N/A;N/A;N/A;Sí;N/A;N/A;N/A;"1655 mm";"4410 mm";N/A;N/A;N/A;N/A;5;"166 hp";Gl;N/A;4;"1830 mm";"10.4 km/l";N/A;N/A;N/A;N/A;N/A;N/A;N/A;N/A;N/A;Sí;"6.4 km/l";N/A;N/A;N/A;N/A;N/A;N/A;5;2.0;Nafta;Automática;SUV;"Autos y camionetas";N/A;N/A;N/A;N/A;N/A;N/A;UY;N/A;N/A;N/A;N/A;N/A;N/A;N/A;N/A;N/A;N/A;N/A;N/A;N/A;N/A;N/A;N/A;N/A;N/A;N/A;N/A;N/A;N/A;N/A;N/A;N/A;N/A;N/A;N/A;N/A;N/A;N/A;N/A;N/A;N/A;N/A;N/A;N/A;N/A;N/A;N/A;N/A;N/A;N/A;N/A;N/A;N/A;N/A;N/A;N/A;N/A;N/A;N/A;N/A;N/A;N/A;N/A;N/A;N/A;N/A;N/A;N/A;N/A;N/A;N/A;N/A;N/A;N/A;N/A;N/A;N/A;N/A;N/A;N/A;N/A;N/A;N/A;N/A;N/A;N/A;N/A;N/A;N/A;N/A;N/A;N/A;N/A;N/A;N/A;N/A;Sí;N/A;Sí;N/A;N/A;N/A;N/A;N/A;N/A;N/A;N/A;N/A;N/A;Sí;N/A;N/A;N/A;N/A;N/A;N/A;N/A;N/A;N/A;N/A;N/A;N/A
Hyundai;HB20;"X Cross";2022;"55000 km";;NACHOJBRITO;19500;;;;;"Punta Gorda";https://auto.mercadolibre.com.uy/MLU-646986699-hyundai-hb20-x-cross-x-cross-_JM;N/A;;"Hyundai Hb20 X Cross X Cross";USD;Sí;free;false;N/A;N/A;http://perfil.mercadolibre.com.uy/NACHOJBRITO;active;N/A;N/A;Usado;N/A;N/A;N/A;N/A;N/A;N/A;N/A;N/A;N/A;N/A;N/A;N/A;N/A;N/A;N/A;N/A;N/A;N/A;N/A;N/A;N/A;N/A;N/A;N/A;N/A;N/A;N/A;N/A;N/A;N/A;N/A;N/A;N/A;N/A;N/A;N/A;N/A;N/A;N/A;N/A;N/A;N/A;N/A;N/A;N/A;N/A;N/A;N/A;N/A;N/A;N/A;N/A;N/A;N/A;N/A;N/A;N/A;N/A;N/A;N/A;N/A;N/A;N/A;N/A;N/A;N/A;N/A;N/A;N/A;N/A;N/A;N/A;N/A;N/A;N/A;N/A;N/A;N/A;N/A;N/A;N/A;N/A;N/A;N/A;N/A;N/A;N/A;N/A;N/A;N/A;N/A;N/A;N/A;N/A;N/A;N/A;N/A;N/A;N/A;N/A;N/A;N/A;N/A;N/A;N/A;N/A;N/A;N/A;5;N/A;Nafta;N/A;N/A;"Autos y camionetas";N/A;N/A;N/A;N/A;N/A;N/A;N/A;N/A;N/A;N/A;N/A;N/A;N/A;N/A;N/A;N/A;N/A;N/A;N/A;N/A;N/A;N/A;N/A;N/A;N/A;N/A;N/A;N/A;N/A;N/A;N/A;N/A;N/A;N/A;N/A;N/A;N/A;N/A;N/A;N/A;N/A;N/A;N/A;N/A;N/A;N/A;N/A;N/A;N/A;N/A;N/A;N/A;N/A;N/A;N/A;N/A;N/A;N/A;N/A;N/A;N/A;N/A;N/A;N/A;N/A;N/A;N/A;N/A;N/A;N/A;N/A;N/A;N/A;N/A;N/A;N/A;N/A;N/A;N/A;N/A;N/A;N/A;N/A;N/A;N/A;N/A;N/A;N/A;N/A;N/A;N/A;N/A;N/A;N/A;N/A;N/A;N/A;N/A;N/A;N/A;N/A;N/A;N/A;N/A;N/A;N/A;N/A;N/A;N/A;N/A;N/A;N/A;N/A;N/A;N/A;N/A;N/A;N/A;N/A;N/A;N/A;N/A
Hyundai;Ioniq;"1.6 Gdi Hibrido At 5p";2020;"89500 km";;BONINOIGNACIO20231107124318;27800;;;;;Pocitos;https://auto.mercadolibre.com.uy/MLU-703614776-hyundai-ioniq-16-gdi-hibrido-at-5p-_JM;N/A;;"Hyundai Ioniq 1.6 Gdi Hibrido At 5p";usd;Sí;free;false;N/A;N/A;http://perfil.mercadolibre.com.uy/BONINOIGNACIO20231107124318;active;N/A;N/A;Usado;Rojo;N/A;Eléctrica;Delantera;Sí;Sí;N/A;N/A;N/A;Sí;N/A;N/A;Sí;N/A;N/A;Sí;Sí;N/A;Sí;N/A;N/A;N/A;N/A;N/A;N/A;N/A;N/A;N/A;N/A;"2440 mm";"1.6 L";"45 L";5;N/A;N/A;N/A;N/A;N/A;Sí;N/A;N/A;N/A;N/A;N/A;N/A;N/A;N/A;N/A;N/A;N/A;N/A;N/A;N/A;N/A;N/A;N/A;N/A;N/A;N/A;N/A;N/A;N/A;No;N/A;N/A;N/A;N/A;N/A;N/A;N/A;N/A;N/A;N/A;N/A;N/A;N/A;N/A;N/A;"1395 mm";"4235 mm";N/A;N/A;N/A;N/A;5;"92 hp";N/A;N/A;3;"1670 mm";"7.2 km/l";Sí;N/A;Sí;Sí;N/A;Sí;Sí;N/A;Sí;N/A;"4.5 km/l";Sí;Sí;N/A;N/A;No;N/A;5;1.6;Híbrido;Automática;Hatchback;"Autos y camionetas";Sí;N/A;N/A;N/A;No;N/A;UY;N/A;No;N/A;No;N/A;N/A;N/A;N/A;N/A;N/A;N/A;N/A;N/A;N/A;N/A;N/A;N/A;Sí;N/A;N/A;N/A;N/A;N/A;N/A;N/A;N/A;N/A;N/A;N/A;N/A;N/A;N/A;N/A;N/A;N/A;N/A;Sí;N/A;N/A;N/A;N/A;N/A;N/A;N/A;N/A;N/A;N/A;N/A;N/A;N/A;N/A;N/A;N/A;N/A;Sí;Sí;N/A;N/A;N/A;N/A;N/A;N/A;N/A;N/A;N/A;N/A;N/A;N/A;N/A;N/A;N/A;N/A;N/A;N/A;N/A;N/A;N/A;N/A;N/A;N/A;N/A;N/A;N/A;N/A;N/A;N/A;N/A;N/A;Sí;Sí;Sí;Sí;N/A;Sí;N/A;N/A;N/A;N/A;Sí;Sí;Sí;Sí;N/A;N/A;Sí;Sí;Sí;Sí;Sí;Sí;No;No;Sí;N/A;Sí
Hyundai;Elantra;"1.8 Gls 6at Seguridad Premium";2013;"198500 km";;DESE2026691;13500;;;;;"Estación Pedrera";https://auto.mercadolibre.com.uy/MLU-646917273-hyundai-elantra-18-gls-nafta-_JM;N/A;;"Hyundai Elantra 1.8 Gls Nafta.";usd;Sí;free;false;N/A;N/A;http://perfil.mercadolibre.com.uy/DESE2026691;active;N/A;N/A;Usado;N/A;N/A;Hidráulica;Delantera;Sí;N/A;Sí;N/A;N/A;N/A;N/A;N/A;N/A;N/A;N/A;N/A;N/A;N/A;N/A;N/A;N/A;N/A;N/A;N/A;N/A;N/A;N/A;N/A;N/A;"2857 mm";"1.8 L";"49 L";6;N/A;N/A;N/A;N/A;N/A;N/A;N/A;N/A;N/A;N/A;N/A;N/A;N/A;N/A;N/A;N/A;N/A;N/A;N/A;N/A;N/A;N/A;N/A;N/A;N/A;N/A;N/A;N/A;N/A;N/A;N/A;Sí;N/A;N/A;N/A;N/A;N/A;N/A;N/A;N/A;N/A;Sí;N/A;N/A;N/A;"1445 mm";"4530 mm";N/A;N/A;N/A;N/A;5;"150 hp";Gls;N/A;4;"1898 mm";N/A;N/A;N/A;N/A;N/A;N/A;N/A;N/A;N/A;N/A;N/A;N/A;N/A;N/A;N/A;N/A;N/A;N/A;4;1.8;Nafta;Automática;Sedán;"Autos y camionetas";N/A;N/A;N/A;N/A;N/A;N/A;UY;N/A;N/A;N/A;N/A;N/A;N/A;N/A;N/A;N/A;N/A;N/A;N/A;N/A;N/A;N/A;N/A;N/A;N/A;N/A;N/A;N/A;N/A;N/A;N/A;N/A;N/A;N/A;N/A;N/A;N/A;N/A;N/A;N/A;N/A;N/A;N/A;N/A;N/A;N/A;N/A;N/A;N/A;N/A;N/A;N/A;N/A;N/A;N/A;N/A;N/A;N/A;N/A;N/A;N/A;N/A;N/A;N/A;N/A;N/A;N/A;N/A;N/A;N/A;N/A;N/A;N/A;N/A;N/A;N/A;N/A;N/A;N/A;N/A;N/A;N/A;N/A;N/A;N/A;N/A;N/A;N/A;N/A;N/A;N/A;N/A;N/A;N/A;N/A;N/A;Sí;N/A;Sí;N/A;N/A;N/A;N/A;N/A;N/A;N/A;N/A;N/A;N/A;Sí;N/A;N/A;N/A;N/A;N/A;N/A;N/A;N/A;N/A;N/A;N/A;N/A
Hyundai;H1;"2.4 Grand Starex Minibus 12as";2019;"52000 km";;FER123UY;32900;;;;;"Punta del Este";https://auto.mercadolibre.com.uy/MLU-704354610-hyundai-h1-2019-24-grand-starex-minibus-12as-_JM;N/A;;"Hyundai H1 2019 2.4 Grand Starex Minibus 12as";usd;Sí;free;false;N/A;N/A;http://perfil.mercadolibre.com.uy/FER123UY;active;N/A;N/A;Usado;N/A;N/A;Hidráulica;Trasera;N/A;N/A;Sí;N/A;N/A;N/A;N/A;N/A;N/A;N/A;N/A;N/A;N/A;N/A;N/A;N/A;N/A;N/A;N/A;N/A;N/A;N/A;N/A;N/A;N/A;"3201 mm";"2.4 L";"75 L";6;N/A;N/A;N/A;N/A;N/A;N/A;N/A;N/A;N/A;N/A;N/A;N/A;N/A;N/A;N/A;N/A;N/A;N/A;N/A;N/A;N/A;N/A;N/A;N/A;N/A;N/A;N/A;N/A;N/A;N/A;N/A;Sí;N/A;N/A;N/A;N/A;N/A;N/A;N/A;N/A;N/A;Sí;N/A;N/A;N/A;"1925 mm";"5125 mm";N/A;N/A;N/A;N/A;12;"175 hp";N/A;N/A;4;"1920 mm";N/A;N/A;N/A;N/A;N/A;N/A;N/A;N/A;N/A;N/A;Sí;N/A;N/A;N/A;N/A;N/A;N/A;N/A;4;2.4;Nafta;Manual;N/A;"Autos y camionetas";N/A;N/A;N/A;N/A;N/A;N/A;UY;N/A;N/A;N/A;N/A;N/A;N/A;N/A;N/A;N/A;N/A;N/A;N/A;N/A;N/A;N/A;N/A;N/A;N/A;N/A;N/A;N/A;N/A;N/A;N/A;N/A;N/A;N/A;N/A;N/A;N/A;N/A;N/A;N/A;N/A;N/A;N/A;N/A;N/A;N/A;N/A;N/A;N/A;N/A;N/A;N/A;N/A;N/A;N/A;N/A;N/A;N/A;N/A;N/A;N/A;N/A;N/A;N/A;N/A;N/A;N/A;N/A;N/A;N/A;N/A;N/A;N/A;N/A;N/A;N/A;N/A;N/A;N/A;N/A;N/A;N/A;N/A;N/A;N/A;N/A;N/A;N/A;N/A;N/A;N/A;N/A;N/A;N/A;N/A;N/A;Sí;N/A;Sí;N/A;Sí;Sí;N/A;N/A;N/A;Sí;N/A;N/A;N/A;Sí;N/A;Sí;Sí;N/A;N/A;N/A;N/A;N/A;N/A;N/A;N/A;N/A
Hyundai;Tucson;"1.6t Gdi Gl Value At";2018;"86000 km";;NACHOLOP91;29500;;;;;Dolores;https://auto.mercadolibre.com.uy/MLU-704758234-hyundai-tucson-16t-_JM;N/A;;"Hyundai Tucson 1.6t";usd;Sí;free;false;N/A;N/A;http://perfil.mercadolibre.com.uy/NACHOLOP91;active;N/A;N/A;Usado;Blanco;Sí;Hidráulica;4x2;Sí;N/A;N/A;N/A;N/A;N/A;N/A;N/A;N/A;N/A;N/A;N/A;Sí;N/A;N/A;N/A;N/A;N/A;N/A;N/A;N/A;N/A;N/A;N/A;N/A;"2670 mm";"1.6 L";"62 L";7;N/A;N/A;N/A;N/A;N/A;N/A;N/A;N/A;N/A;N/A;N/A;N/A;N/A;N/A;N/A;N/A;N/A;N/A;N/A;N/A;N/A;N/A;N/A;N/A;N/A;N/A;N/A;N/A;N/A;N/A;N/A;N/A;N/A;N/A;N/A;N/A;N/A;N/A;N/A;N/A;N/A;N/A;N/A;N/A;N/A;"1660 mm";"4475 mm";N/A;N/A;N/A;N/A;5;"132 hp";N/A;N/A;4;"1850 mm";N/A;N/A;N/A;Sí;Sí;N/A;Sí;Sí;N/A;N/A;N/A;N/A;N/A;N/A;N/A;N/A;Sí;N/A;5;1.6;Nafta;Automática;SUV;"Autos y camionetas";N/A;N/A;N/A;N/A;N/A;N/A;UY;N/A;Sí;N/A;N/A;N/A;N/A;N/A;N/A;N/A;N/A;N/A;N/A;N/A;N/A;N/A;N/A;N/A;N/A;N/A;N/A;N/A;N/A;N/A;N/A;N/A;N/A;N/A;N/A;N/A;N/A;N/A;N/A;N/A;N/A;N/A;N/A;N/A;N/A;N/A;N/A;N/A;N/A;N/A;N/A;N/A;N/A;N/A;N/A;N/A;N/A;N/A;N/A;N/A;N/A;Sí;N/A;N/A;N/A;N/A;N/A;N/A;N/A;N/A;N/A;N/A;N/A;N/A;N/A;N/A;N/A;N/A;N/A;N/A;N/A;N/A;N/A;N/A;N/A;N/A;N/A;N/A;N/A;N/A;N/A;N/A;N/A;N/A;N/A;N/A;Sí;Sí;Sí;N/A;Sí;N/A;N/A;N/A;N/A;Sí;N/A;N/A;N/A;N/A;N/A;N/A;N/A;N/A;Sí;Sí;Sí;Sí;Sí;Sí;N/A;Sí
Hyundai;Excel;Gl;1993;"340000 km";;PIS3893745;4300;;;;;"San José de Mayo";https://auto.mercadolibre.com.uy/MLU-702133692-hyundai-excel-_JM;N/A;;"Hyundai Excel";USD;No;free;false;N/A;N/A;http://perfil.mercadolibre.com.uy/PIS3893745;active;N/A;N/A;Usado;Gris;Sí;Mecánica;Delantera;N/A;Sí;N/A;N/A;N/A;N/A;N/A;N/A;N/A;N/A;N/A;N/A;N/A;N/A;N/A;N/A;N/A;N/A;N/A;N/A;N/A;N/A;N/A;N/A;N/A;N/A;N/A;N/A;N/A;N/A;N/A;N/A;N/A;N/A;N/A;N/A;N/A;N/A;N/A;N/A;N/A;N/A;N/A;N/A;N/A;N/A;N/A;N/A;N/A;N/A;N/A;N/A;N/A;N/A;N/A;N/A;N/A;N/A;N/A;N/A;N/A;N/A;N/A;N/A;N/A;N/A;N/A;N/A;N/A;N/A;N/A;N/A;N/A;N/A;N/A;N/A;N/A;N/A;N/A;N/A;N/A;N/A;N/A;N/A;N/A;N/A;N/A;N/A;N/A;N/A;N/A;N/A;N/A;N/A;N/A;N/A;N/A;N/A;N/A;N/A;N/A;N/A;N/A;24hs;4;1.5;Nafta;Manual;Sedán;"Autos y camionetas";N/A;N/A;N/A;N/A;N/A;N/A;N/A;N/A;N/A;N/A;N/A;N/A;N/A;N/A;N/A;N/A;N/A;N/A;N/A;N/A;N/A;N/A;N/A;N/A;N/A;N/A;N/A;N/A;N/A;N/A;N/A;N/A;N/A;N/A;N/A;N/A;N/A;N/A;N/A;N/A;N/A;N/A;N/A;N/A;N/A;N/A;N/A;N/A;N/A;N/A;N/A;N/A;N/A;N/A;N/A;N/A;N/A;N/A;N/A;N/A;N/A;N/A;N/A;N/A;N/A;N/A;N/A;N/A;N/A;N/A;N/A;N/A;N/A;N/A;N/A;N/A;N/A;N/A;N/A;N/A;N/A;N/A;N/A;N/A;N/A;N/A;N/A;N/A;N/A;N/A;N/A;N/A;N/A;N/A;N/A;N/A;N/A;N/A;Sí;N/A;N/A;N/A;N/A;N/A;N/A;N/A;N/A;N/A;Sí;N/A;N/A;N/A;N/A;N/A;Sí;Sí;N/A;N/A;N/A;Sí;N/A;Sí
Hyundai;Accent;"1.5 CRDI GASOIL";2008;"380000 km";;JM20241116191321;6500;;;;;N/A;https://auto.mercadolibre.com.uy/MLU-646826473-hyundai-accent-crdi-gasoil-turbo-2008-_JM;N/A;;"Hyundai Accent Crdi Gasoil Turbo 2008";USD;Sí;free;false;N/A;N/A;http://perfil.mercadolibre.com.uy/JM20241116191321;active;N/A;N/A;Usado;Blanco;Sí;Eléctrica;Delantera;No;Sí;N/A;N/A;N/A;No;N/A;N/A;No;N/A;N/A;N/A;No;N/A;Sí;N/A;N/A;N/A;N/A;N/A;N/A;N/A;N/A;N/A;N/A;N/A;N/A;N/A;N/A;N/A;N/A;N/A;N/A;N/A;No;N/A;N/A;N/A;N/A;N/A;N/A;N/A;N/A;N/A;N/A;N/A;N/A;N/A;N/A;N/A;N/A;N/A;N/A;N/A;N/A;N/A;N/A;N/A;No;N/A;N/A;N/A;N/A;N/A;N/A;N/A;N/A;N/A;N/A;N/A;N/A;N/A;N/A;N/A;N/A;N/A;N/A;N/A;N/A;N/A;N/A;N/A;N/A;N/A;N/A;N/A;N/A;No;N/A;No;Sí;N/A;Sí;No;N/A;No;N/A;N/A;No;N/A;N/A;N/A;No;"Lunes a Domingo de 9 a 19";4;1.5;Diésel;Manual;Sedán;"Autos y camionetas";Sí;N/A;N/A;N/A;Sí;N/A;N/A;N/A;No;N/A;Sí;N/A;N/A;N/A;N/A;N/A;N/A;N/A;N/A;N/A;N/A;N/A;N/A;N/A;N/A;N/A;N/A;N/A;N/A;N/A;N/A;N/A;N/A;N/A;N/A;N/A;N/A;N/A;N/A;N/A;N/A;N/A;N/A;N/A;N/A;N/A;N/A;N/A;N/A;N/A;N/A;N/A;N/A;N/A;N/A;N/A;N/A;N/A;N/A;N/A;N/A;N/A;Sí;N/A;N/A;N/A;N/A;N/A;N/A;N/A;N/A;N/A;N/A;N/A;N/A;N/A;N/A;N/A;N/A;N/A;N/A;N/A;N/A;N/A;N/A;N/A;N/A;N/A;N/A;N/A;N/A;N/A;N/A;N/A;N/A;No;Sí;Sí;No;N/A;No;N/A;N/A;N/A;N/A;N/A;No;No;Sí;N/A;N/A;N/A;N/A;N/A;Sí;Sí;No;Sí;N/A;N/A;N/A;N/A
Hyundai;HB20;"1.0 Premium Mt";2022;"19000 km";;HERNANCECI;17990;;;;;Belvedere;https://auto.mercadolibre.com.uy/MLU-701538166-hyundai-hb20-10-premium-mt-_JM;N/A;;"Hyundai Hb20 1.0 Premium Mt";usd;Sí;free;false;N/A;N/A;http://perfil.mercadolibre.com.uy/HERNANCECI;active;N/A;N/A;Usado;Azul;Sí;Hidráulica;Delantera;Sí;N/A;Sí;N/A;N/A;N/A;N/A;N/A;N/A;N/A;N/A;N/A;Sí;N/A;Sí;N/A;N/A;N/A;N/A;N/A;N/A;N/A;N/A;N/A;N/A;"2500 mm";"1 L";"50 L";6;N/A;N/A;N/A;N/A;N/A;No;N/A;N/A;N/A;N/A;N/A;N/A;N/A;N/A;N/A;N/A;N/A;N/A;N/A;N/A;N/A;N/A;N/A;N/A;N/A;N/A;N/A;N/A;N/A;N/A;N/A;N/A;N/A;Sí;Sí;N/A;N/A;N/A;N/A;N/A;N/A;N/A;N/A;N/A;N/A;"1470 mm";"3920 mm";N/A;N/A;N/A;N/A;5;"80 hp";N/A;N/A;4;"1680 mm";N/A;N/A;N/A;Sí;Sí;N/A;N/A;Sí;Sí;N/A;N/A;"13.8 km/l";N/A;N/A;N/A;N/A;Sí;N/A;5;1.0;Nafta;Manual;Hatchback;"Autos y camionetas";N/A;N/A;N/A;N/A;N/A;N/A;UY;N/A;N/A;N/A;N/A;N/A;N/A;N/A;N/A;N/A;N/A;N/A;N/A;N/A;N/A;N/A;N/A;N/A;N/A;N/A;N/A;N/A;N/A;N/A;N/A;N/A;N/A;N/A;N/A;N/A;N/A;N/A;N/A;N/A;N/A;N/A;N/A;N/A;N/A;N/A;N/A;N/A;N/A;N/A;N/A;N/A;N/A;N/A;N/A;N/A;N/A;N/A;N/A;N/A;N/A;N/A;N/A;N/A;N/A;N/A;N/A;N/A;N/A;N/A;N/A;N/A;N/A;N/A;N/A;N/A;N/A;N/A;N/A;N/A;N/A;N/A;N/A;N/A;N/A;N/A;N/A;N/A;N/A;N/A;N/A;N/A;N/A;N/A;N/A;N/A;N/A;N/A;Sí;N/A;N/A;N/A;N/A;N/A;N/A;N/A;N/A;N/A;N/A;N/A;N/A;N/A;Sí;N/A;Sí;Sí;Sí;No;No;Sí;N/A;Sí
Hyundai;HB20S;"1.0 Premium Mt";2024;"11900 km";;ANGEL222;19500;;;;;"El Pinar";https://auto.mercadolibre.com.uy/MLU-702671304-hyundai-hb20s-2024-10-premium-mt-_JM;N/A;;"Hyundai Hb20s 2024 1.0 Premium Mt";usd;Sí;free;false;N/A;N/A;http://perfil.mercadolibre.com.uy/ANGEL222;active;N/A;N/A;Usado;N/A;N/A;Hidráulica;Delantera;Sí;N/A;N/A;N/A;N/A;N/A;N/A;N/A;N/A;N/A;N/A;N/A;N/A;N/A;N/A;N/A;N/A;N/A;N/A;N/A;N/A;N/A;N/A;N/A;N/A;"2500 mm";"1 L";"50 L";5;N/A;N/A;N/A;N/A;N/A;N/A;N/A;N/A;N/A;N/A;N/A;N/A;N/A;N/A;N/A;N/A;N/A;N/A;N/A;N/A;N/A;N/A;N/A;N/A;N/A;N/A;N/A;N/A;N/A;N/A;N/A;N/A;N/A;Sí;Sí;N/A;N/A;N/A;N/A;N/A;N/A;N/A;N/A;N/A;N/A;"1500 mm";"4200 mm";N/A;N/A;N/A;N/A;5;"80 hp";Comfort;N/A;4;"1680 mm";N/A;N/A;N/A;N/A;Sí;N/A;N/A;Sí;Sí;N/A;N/A;"12.8 km/l";N/A;N/A;N/A;N/A;N/A;N/A;4;1.0;Nafta;Manual;Sedán;"Autos y camionetas";N/A;N/A;N/A;N/A;N/A;N/A;UY;N/A;N/A;N/A;N/A;N/A;N/A;N/A;N/A;N/A;N/A;N/A;N/A;N/A;N/A;N/A;N/A;N/A;N/A;N/A;N/A;N/A;N/A;N/A;N/A;N/A;N/A;N/A;N/A;N/A;N/A;N/A;N/A;N/A;N/A;N/A;N/A;N/A;N/A;N/A;N/A;N/A;N/A;N/A;N/A;N/A;N/A;N/A;N/A;N/A;N/A;N/A;N/A;N/A;N/A;N/A;N/A;N/A;N/A;N/A;N/A;N/A;N/A;N/A;N/A;N/A;N/A;N/A;N/A;N/A;N/A;N/A;N/A;N/A;N/A;N/A;N/A;N/A;N/A;N/A;N/A;N/A;N/A;N/A;N/A;N/A;N/A;N/A;N/A;N/A;N/A;N/A;N/A;N/A;N/A;N/A;N/A;N/A;N/A;N/A;N/A;N/A;N/A;N/A;N/A;N/A;Sí;N/A;N/A;N/A;Sí;N/A;N/A;Sí;N/A;Sí
Hyundai;Creta;"1.6 Limited Gls";2018;"98000 km";;FLAVIABOSCOV;19500;;;;;Young;https://auto.mercadolibre.com.uy/MLU-703147638-hyundai-creta-2018-16-limited-gls-_JM;N/A;;"Hyundai Creta 2018 1.6 Limited Gls";usd;Sí;free;false;N/A;N/A;http://perfil.mercadolibre.com.uy/FLAVIABOSCOV;active;N/A;N/A;Usado;N/A;N/A;Eléctrica;4x2;N/A;N/A;Sí;N/A;N/A;N/A;N/A;N/A;N/A;N/A;N/A;N/A;N/A;N/A;N/A;N/A;N/A;N/A;N/A;N/A;N/A;N/A;N/A;N/A;N/A;"2590 mm";"1.6 L";"58 L";5;N/A;N/A;N/A;N/A;N/A;N/A;N/A;N/A;N/A;N/A;N/A;N/A;N/A;N/A;N/A;N/A;N/A;N/A;N/A;N/A;N/A;N/A;N/A;N/A;N/A;N/A;N/A;N/A;N/A;N/A;N/A;N/A;N/A;Sí;Sí;N/A;N/A;N/A;N/A;N/A;N/A;N/A;N/A;N/A;N/A;"1635 mm";"4440 mm";N/A;N/A;N/A;N/A;5;"163 hp";"Limited Gls";N/A;4;"1898 mm";N/A;N/A;N/A;N/A;Sí;N/A;N/A;Sí;N/A;N/A;N/A;N/A;N/A;N/A;N/A;N/A;N/A;N/A;5;1.6;Nafta;Manual;SUV;"Autos y camionetas";N/A;N/A;N/A;N/A;N/A;N/A;UY;N/A;N/A;N/A;N/A;N/A;N/A;N/A;N/A;N/A;N/A;N/A;N/A;N/A;N/A;N/A;N/A;N/A;N/A;N/A;N/A;N/A;N/A;N/A;N/A;N/A;N/A;N/A;N/A;N/A;N/A;N/A;N/A;N/A;N/A;N/A;N/A;N/A;N/A;N/A;N/A;N/A;N/A;N/A;N/A;N/A;N/A;N/A;N/A;N/A;N/A;N/A;N/A;N/A;N/A;N/A;N/A;N/A;N/A;N/A;N/A;N/A;N/A;N/A;N/A;N/A;N/A;N/A;N/A;N/A;N/A;N/A;N/A;N/A;N/A;N/A;N/A;N/A;N/A;N/A;N/A;N/A;N/A;N/A;N/A;N/A;N/A;N/A;N/A;N/A;N/A;N/A;N/A;N/A;N/A;N/A;N/A;N/A;N/A;N/A;N/A;N/A;N/A;N/A;N/A;N/A;Sí;N/A;N/A;N/A;N/A;N/A;N/A;Sí;N/A;N/A
Hyundai;i10;"1.1 Gls Mt";2013;"125000 km";;PEREIRADUNCAN;8900;;;;;Trinidad;https://auto.mercadolibre.com.uy/MLU-704769286-hyundai-i10-11-gls-mt-_JM;N/A;;"Hyundai I10 1.1 Gls Mt";usd;Sí;free;false;N/A;N/A;http://perfil.mercadolibre.com.uy/PEREIRADUNCAN;active;N/A;N/A;Usado;Gris;No;Hidráulica;Delantera;Sí;Sí;N/A;N/A;N/A;N/A;N/A;N/A;N/A;N/A;N/A;N/A;Sí;N/A;N/A;N/A;N/A;N/A;N/A;N/A;N/A;N/A;N/A;N/A;N/A;"2380 mm";"1.1 L";"35 L";5;N/A;N/A;N/A;N/A;N/A;Sí;N/A;N/A;N/A;N/A;N/A;N/A;N/A;N/A;N/A;N/A;N/A;N/A;N/A;N/A;N/A;N/A;N/A;N/A;N/A;N/A;N/A;N/A;N/A;N/A;N/A;N/A;N/A;N/A;N/A;N/A;N/A;N/A;N/A;N/A;N/A;N/A;N/A;N/A;N/A;"1550 mm";"3585 mm";N/A;N/A;N/A;N/A;5;"69 hp";Gls;N/A;4;"1595 mm";N/A;No;N/A;Sí;Sí;N/A;N/A;Sí;N/A;N/A;N/A;N/A;N/A;N/A;N/A;N/A;N/A;N/A;5;1.1;Nafta;Manual;Hatchback;"Autos y camionetas";N/A;N/A;N/A;N/A;N/A;N/A;UY;N/A;N/A;N/A;N/A;N/A;N/A;N/A;N/A;N/A;N/A;N/A;N/A;N/A;N/A;N/A;N/A;N/A;Sí;N/A;N/A;N/A;N/A;N/A;N/A;N/A;N/A;N/A;N/A;N/A;N/A;N/A;N/A;N/A;N/A;N/A;N/A;N/A;N/A;N/A;N/A;N/A;N/A;N/A;N/A;N/A;N/A;N/A;N/A;N/A;N/A;N/A;N/A;N/A;N/A;N/A;Sí;N/A;N/A;N/A;N/A;N/A;N/A;N/A;N/A;N/A;N/A;N/A;N/A;N/A;N/A;N/A;N/A;N/A;N/A;N/A;N/A;N/A;N/A;N/A;N/A;N/A;N/A;N/A;N/A;N/A;N/A;N/A;N/A;N/A;N/A;N/A;N/A;N/A;N/A;N/A;N/A;N/A;N/A;N/A;N/A;Sí;N/A;N/A;N/A;N/A;N/A;Sí;Sí;Sí;Sí;No;N/A;Sí;N/A;Sí
Hyundai;Accent;"CRDI , TURBODIESEL";2008;"380000 km";;MARTINCORTES298;6000;;;;;Melilla;https://auto.mercadolibre.com.uy/MLU-703819738-hyundai-accent-crdi-turbodiesel-_JM;N/A;;"Hyundai Accent Crdi , Turbodiesel ";USD;Sí;free;false;N/A;N/A;http://perfil.mercadolibre.com.uy/MARTINCORTES298;active;N/A;N/A;Usado;N/A;N/A;N/A;N/A;N/A;N/A;N/A;N/A;N/A;N/A;N/A;N/A;N/A;N/A;N/A;N/A;N/A;N/A;N/A;N/A;N/A;N/A;N/A;N/A;N/A;N/A;N/A;N/A;N/A;N/A;N/A;N/A;N/A;N/A;N/A;N/A;N/A;N/A;N/A;N/A;N/A;N/A;N/A;N/A;N/A;N/A;N/A;N/A;N/A;N/A;N/A;N/A;N/A;N/A;N/A;N/A;N/A;N/A;N/A;N/A;N/A;N/A;N/A;N/A;N/A;N/A;N/A;N/A;N/A;N/A;N/A;N/A;N/A;N/A;N/A;N/A;N/A;N/A;N/A;N/A;N/A;N/A;N/A;N/A;N/A;N/A;N/A;N/A;N/A;N/A;N/A;N/A;N/A;N/A;N/A;N/A;N/A;N/A;N/A;N/A;N/A;N/A;N/A;N/A;N/A;N/A;N/A;N/A;4;N/A;Diésel;N/A;N/A;"Autos y camionetas";N/A;N/A;N/A;N/A;N/A;N/A;N/A;N/A;N/A;N/A;N/A;N/A;N/A;N/A;N/A;N/A;N/A;N/A;N/A;N/A;N/A;N/A;N/A;N/A;N/A;N/A;N/A;N/A;N/A;N/A;N/A;N/A;N/A;N/A;N/A;N/A;N/A;N/A;N/A;N/A;N/A;N/A;N/A;N/A;N/A;N/A;N/A;N/A;N/A;N/A;N/A;N/A;N/A;N/A;N/A;N/A;N/A;N/A;N/A;N/A;N/A;N/A;N/A;N/A;N/A;N/A;N/A;N/A;N/A;N/A;N/A;N/A;N/A;N/A;N/A;N/A;N/A;N/A;N/A;N/A;N/A;N/A;N/A;N/A;N/A;N/A;N/A;N/A;N/A;N/A;N/A;N/A;N/A;N/A;N/A;N/A;N/A;N/A;N/A;N/A;N/A;N/A;N/A;N/A;N/A;N/A;N/A;N/A;N/A;N/A;N/A;N/A;N/A;N/A;N/A;N/A;N/A;N/A;N/A;N/A;N/A;N/A
Hyundai;i10;"1.1 Gls Mt";2012;"99000 km";;GONZARODRIGUEZ;7900;;;;;"Piedras Blancas";https://auto.mercadolibre.com.uy/MLU-703090798-hyundai-i10-11-gls-mt-_JM;N/A;;"Hyundai I10 1.1 Gls Mt";usd;Sí;free;false;N/A;N/A;http://perfil.mercadolibre.com.uy/GONZARODRIGUEZ;active;N/A;N/A;Usado;Blanco;N/A;Hidráulica;Delantera;Sí;Sí;N/A;N/A;N/A;N/A;N/A;N/A;N/A;N/A;N/A;N/A;Sí;N/A;N/A;N/A;N/A;N/A;N/A;N/A;N/A;N/A;N/A;N/A;N/A;"2380 mm";"1.1 L";"35 L";5;N/A;N/A;N/A;N/A;N/A;N/A;N/A;N/A;N/A;N/A;N/A;N/A;N/A;N/A;N/A;N/A;N/A;N/A;N/A;N/A;N/A;N/A;N/A;N/A;N/A;N/A;N/A;N/A;N/A;N/A;N/A;N/A;N/A;N/A;N/A;N/A;N/A;N/A;N/A;N/A;N/A;N/A;N/A;N/A;N/A;"1550 mm";"3585 mm";N/A;N/A;N/A;N/A;5;"69 hp";Gls;N/A;4;"1595 mm";N/A;N/A;N/A;Sí;N/A;N/A;Sí;Sí;N/A;N/A;N/A;N/A;N/A;N/A;N/A;N/A;N/A;N/A;5;1.1;Nafta;Manual;Hatchback;"Autos y camionetas";N/A;N/A;N/A;N/A;N/A;N/A;UY;N/A;N/A;N/A;N/A;N/A;N/A;N/A;N/A;N/A;N/A;N/A;N/A;N/A;N/A;N/A;N/A;N/A;N/A;N/A;N/A;N/A;N/A;N/A;N/A;N/A;N/A;N/A;N/A;N/A;N/A;N/A;N/A;N/A;N/A;N/A;N/A;N/A;N/A;N/A;N/A;N/A;N/A;N/A;N/A;N/A;N/A;N/A;N/A;N/A;N/A;N/A;N/A;N/A;N/A;N/A;N/A;N/A;N/A;N/A;N/A;N/A;N/A;N/A;N/A;N/A;N/A;N/A;N/A;N/A;N/A;N/A;N/A;N/A;N/A;N/A;N/A;N/A;N/A;N/A;N/A;N/A;N/A;N/A;N/A;N/A;N/A;N/A;N/A;N/A;N/A;Sí;N/A;N/A;N/A;N/A;N/A;N/A;N/A;N/A;N/A;N/A;N/A;N/A;N/A;N/A;N/A;N/A;N/A;N/A;N/A;N/A;N/A;N/A;N/A;N/A
Hyundai;Tucson;"2.0 Premium";2017;"68000 km";;"STEF D";24300;;;;;Aguada;https://auto.mercadolibre.com.uy/MLU-647112887-hyundai-tucson-2017-20-premium-_JM;N/A;;"Hyundai Tucson 2017 2.0 Premium";usd;Sí;free;false;N/A;N/A;http://perfil.mercadolibre.com.uy/STEF+D;active;N/A;N/A;Usado;N/A;N/A;Hidráulica;4x4;Sí;N/A;Sí;N/A;N/A;N/A;N/A;N/A;N/A;N/A;N/A;N/A;N/A;N/A;N/A;N/A;N/A;N/A;N/A;N/A;N/A;N/A;N/A;N/A;N/A;"2630 mm";"2 L";"58 L";6;N/A;N/A;N/A;N/A;N/A;N/A;N/A;N/A;N/A;N/A;N/A;N/A;N/A;N/A;N/A;N/A;N/A;N/A;N/A;N/A;N/A;N/A;N/A;N/A;N/A;N/A;N/A;N/A;N/A;N/A;N/A;Sí;N/A;N/A;N/A;N/A;N/A;N/A;N/A;N/A;N/A;Sí;N/A;N/A;N/A;"1655 mm";"4410 mm";N/A;N/A;N/A;N/A;5;"154 hp";Premium;N/A;4;"1830 mm";N/A;N/A;N/A;N/A;N/A;N/A;N/A;N/A;N/A;N/A;Sí;"8.3 km/l";N/A;N/A;N/A;N/A;N/A;N/A;5;2.0;Nafta;Automática;SUV;"Autos y camionetas";N/A;N/A;N/A;N/A;N/A;N/A;UY;N/A;N/A;N/A;N/A;N/A;N/A;N/A;N/A;N/A;N/A;N/A;N/A;N/A;N/A;N/A;N/A;N/A;N/A;N/A;N/A;N/A;N/A;N/A;N/A;N/A;N/A;N/A;N/A;N/A;N/A;N/A;N/A;N/A;N/A;N/A;N/A;N/A;N/A;N/A;N/A;N/A;N/A;N/A;N/A;N/A;N/A;N/A;N/A;N/A;N/A;N/A;N/A;N/A;N/A;N/A;N/A;N/A;N/A;N/A;N/A;N/A;N/A;N/A;N/A;N/A;N/A;N/A;N/A;N/A;N/A;N/A;N/A;N/A;N/A;N/A;N/A;N/A;N/A;N/A;N/A;N/A;N/A;N/A;N/A;N/A;N/A;N/A;N/A;N/A;Sí;N/A;Sí;N/A;N/A;N/A;N/A;N/A;N/A;Sí;N/A;N/A;N/A;Sí;N/A;Sí;N/A;N/A;N/A;N/A;N/A;N/A;N/A;N/A;N/A;N/A
Hyundai;Accent;"1.4 Cvvt Gl Full Sedan At";2015;"70000 km";;ROBERTO2012D;16500;;;;;Rivera;https://auto.mercadolibre.com.uy/MLU-703528776-hyundai-accent-14-cvvt-gl-full-sedan-at-_JM;N/A;;"Hyundai Accent 1.4 Cvvt Gl Full Sedan At";usd;Sí;free;false;N/A;N/A;http://perfil.mercadolibre.com.uy/ROBERTO2012D;active;N/A;N/A;Usado;Rojo;No;Eléctrica;Delantera;Sí;Sí;N/A;N/A;N/A;N/A;N/A;N/A;N/A;N/A;N/A;Sí;Sí;N/A;Sí;N/A;N/A;N/A;N/A;N/A;N/A;N/A;N/A;N/A;N/A;"2570 mm";"1.4 L";"43 L";4;N/A;N/A;N/A;N/A;N/A;N/A;N/A;N/A;N/A;N/A;N/A;N/A;N/A;N/A;N/A;N/A;N/A;N/A;N/A;N/A;N/A;N/A;N/A;N/A;N/A;N/A;N/A;N/A;N/A;N/A;N/A;N/A;N/A;N/A;N/A;N/A;N/A;N/A;N/A;N/A;N/A;N/A;N/A;N/A;N/A;"1450 mm";"4370 mm";N/A;N/A;N/A;N/A;5;"108 hp";Gl;N/A;4;"1700 mm";N/A;Sí;N/A;N/A;Sí;N/A;Sí;Sí;N/A;N/A;N/A;N/A;No;N/A;N/A;N/A;N/A;N/A;4;1.4;Nafta;Automática;Sedán;"Autos y camionetas";N/A;N/A;N/A;N/A;N/A;N/A;UY;N/A;N/A;N/A;N/A;N/A;N/A;N/A;N/A;N/A;N/A;N/A;N/A;N/A;N/A;N/A;N/A;N/A;Sí;N/A;N/A;N/A;N/A;N/A;N/A;N/A;N/A;N/A;N/A;N/A;N/A;N/A;N/A;N/A;N/A;N/A;N/A;N/A;N/A;N/A;N/A;N/A;N/A;N/A;N/A;N/A;N/A;N/A;N/A;N/A;N/A;N/A;N/A;N/A;N/A;N/A;N/A;N/A;N/A;N/A;N/A;N/A;N/A;N/A;N/A;N/A;N/A;N/A;N/A;N/A;N/A;N/A;N/A;N/A;N/A;N/A;N/A;N/A;N/A;N/A;N/A;N/A;N/A;N/A;N/A;N/A;N/A;N/A;N/A;N/A;Sí;Sí;Sí;N/A;Sí;N/A;N/A;N/A;N/A;Sí;N/A;N/A;Sí;N/A;N/A;N/A;Sí;Sí;Sí;Sí;Sí;Sí;Sí;Sí;N/A;Sí
Hyundai;Tucson;"2.0 Gl 6at 2wd";2011;"207401 km";;MARCELOJAVIERGARCACALABUIG;14000;;;;;Maldonado;https://auto.mercadolibre.com.uy/MLU-703902206-hyundai-tucson-2011-20-gl-6at-2wd-_JM;N/A;;"Hyundai Tucson 2011 2.0 Gl 6at 2wd";usd;Sí;free;false;N/A;N/A;http://perfil.mercadolibre.com.uy/MARCELOJAVIERGARCACALABUIG;active;N/A;N/A;Usado;N/A;N/A;Hidráulica;4x2;Sí;N/A;Sí;N/A;N/A;N/A;N/A;N/A;N/A;N/A;N/A;N/A;N/A;N/A;N/A;N/A;N/A;N/A;N/A;N/A;N/A;N/A;N/A;N/A;N/A;"2630 mm";"2 L";"58 L";6;N/A;N/A;N/A;N/A;N/A;N/A;N/A;N/A;N/A;N/A;N/A;N/A;N/A;N/A;N/A;N/A;N/A;N/A;N/A;N/A;N/A;N/A;N/A;N/A;N/A;N/A;N/A;N/A;N/A;N/A;N/A;Sí;N/A;N/A;N/A;N/A;N/A;N/A;N/A;N/A;N/A;Sí;N/A;N/A;N/A;"1655 mm";"4410 mm";N/A;N/A;N/A;N/A;5;"166 hp";Gl;N/A;4;"1830 mm";"10.4 km/l";N/A;N/A;N/A;N/A;N/A;N/A;N/A;N/A;N/A;Sí;"6.4 km/l";N/A;N/A;N/A;N/A;N/A;N/A;5;2.0;Nafta;Automática;SUV;"Autos y camionetas";N/A;N/A;N/A;N/A;N/A;N/A;UY;N/A;N/A;N/A;N/A;N/A;N/A;N/A;N/A;N/A;N/A;N/A;N/A;N/A;N/A;N/A;N/A;N/A;N/A;N/A;N/A;N/A;N/A;N/A;N/A;N/A;N/A;N/A;N/A;N/A;N/A;N/A;N/A;N/A;N/A;N/A;N/A;N/A;N/A;N/A;N/A;N/A;N/A;N/A;N/A;N/A;N/A;N/A;N/A;N/A;N/A;N/A;N/A;N/A;N/A;N/A;N/A;N/A;N/A;N/A;N/A;N/A;N/A;N/A;N/A;N/A;N/A;N/A;N/A;N/A;N/A;N/A;N/A;N/A;N/A;N/A;N/A;N/A;N/A;N/A;N/A;N/A;N/A;N/A;N/A;N/A;N/A;N/A;N/A;N/A;Sí;N/A;Sí;N/A;N/A;N/A;N/A;N/A;N/A;N/A;N/A;N/A;N/A;Sí;N/A;N/A;N/A;N/A;N/A;N/A;N/A;N/A;N/A;N/A;N/A;N/A
Hyundai;HB20;"1.6 Comfort At 5p";2020;"49000 km";;ROMA565456;17000;;;;;Centro;https://auto.mercadolibre.com.uy/MLU-703147374-hyundai-hb20-at2020-_JM;N/A;;"Hyundai Hb20-at.2020";usd;Sí;free;false;N/A;N/A;http://perfil.mercadolibre.com.uy/ROMA565456;active;N/A;N/A;Usado;Blanco;N/A;Hidráulica;Delantera;Sí;N/A;Sí;N/A;N/A;N/A;N/A;N/A;N/A;N/A;N/A;N/A;N/A;N/A;N/A;N/A;N/A;N/A;N/A;N/A;N/A;N/A;N/A;N/A;N/A;"2500 mm";"1.6 L";"50 L";6;N/A;N/A;N/A;N/A;N/A;N/A;N/A;N/A;N/A;N/A;N/A;N/A;N/A;N/A;N/A;N/A;N/A;N/A;N/A;N/A;N/A;N/A;N/A;N/A;N/A;N/A;N/A;N/A;N/A;N/A;N/A;N/A;N/A;Sí;Sí;N/A;N/A;N/A;N/A;N/A;N/A;N/A;N/A;N/A;N/A;"1470 mm";"3920 mm";N/A;N/A;N/A;N/A;5;"123 hp";Comfort;N/A;4;"1680 mm";N/A;N/A;N/A;N/A;Sí;N/A;N/A;Sí;Sí;N/A;N/A;"13.8 km/l";N/A;N/A;N/A;N/A;N/A;N/A;5;1.6;Nafta;Automática;Hatchback;"Autos y camionetas";N/A;N/A;N/A;N/A;N/A;N/A;UY;N/A;N/A;N/A;N/A;N/A;N/A;N/A;N/A;N/A;N/A;N/A;N/A;N/A;N/A;N/A;N/A;N/A;N/A;N/A;N/A;N/A;N/A;N/A;N/A;N/A;N/A;N/A;N/A;N/A;N/A;N/A;N/A;N/A;N/A;N/A;N/A;N/A;N/A;N/A;N/A;N/A;N/A;N/A;N/A;N/A;N/A;N/A;N/A;N/A;N/A;N/A;N/A;N/A;N/A;N/A;N/A;N/A;N/A;N/A;N/A;N/A;N/A;N/A;N/A;N/A;N/A;N/A;N/A;N/A;N/A;N/A;N/A;N/A;N/A;N/A;N/A;N/A;N/A;N/A;N/A;N/A;N/A;N/A;N/A;N/A;N/A;N/A;N/A;N/A;N/A;N/A;N/A;N/A;N/A;N/A;N/A;N/A;N/A;N/A;N/A;N/A;N/A;N/A;N/A;N/A;Sí;N/A;N/A;N/A;Sí;N/A;N/A;Sí;N/A;Sí
Hyundai;Creta;"1.6 Limited Gls";2018;"78600 km";;LTOYOS;19300;;;;;Centro;https://auto.mercadolibre.com.uy/MLU-703522576-excelente-oportunidad-creta-2018-unica-duena-impecable-_JM;N/A;;"Excelente Oportunidad - Creta 2018 - Unica Dueña - Impecable";usd;Sí;free;false;N/A;N/A;http://perfil.mercadolibre.com.uy/LTOYOS;active;N/A;N/A;Usado;Rojo;N/A;Eléctrica;4x2;N/A;N/A;Sí;N/A;N/A;N/A;N/A;N/A;N/A;N/A;N/A;N/A;N/A;N/A;N/A;N/A;N/A;N/A;N/A;N/A;N/A;N/A;N/A;N/A;N/A;"2590 mm";"1.6 L";"58 L";5;N/A;N/A;N/A;N/A;N/A;N/A;N/A;N/A;N/A;N/A;N/A;N/A;N/A;N/A;N/A;N/A;N/A;N/A;N/A;N/A;N/A;N/A;N/A;N/A;N/A;N/A;N/A;N/A;N/A;N/A;N/A;N/A;N/A;Sí;Sí;N/A;N/A;N/A;N/A;N/A;N/A;N/A;N/A;N/A;N/A;"1635 mm";"4440 mm";N/A;N/A;N/A;N/A;5;"163 hp";"Limited Gls";N/A;4;"1898 mm";N/A;N/A;N/A;N/A;Sí;N/A;N/A;Sí;N/A;N/A;N/A;N/A;N/A;N/A;N/A;N/A;N/A;"08:30 a 20:30";5;1.6;Nafta;Manual;SUV;"Autos y camionetas";N/A;N/A;N/A;N/A;N/A;N/A;UY;N/A;N/A;N/A;N/A;N/A;N/A;N/A;N/A;N/A;N/A;N/A;N/A;N/A;N/A;N/A;N/A;N/A;N/A;N/A;N/A;N/A;N/A;N/A;N/A;N/A;N/A;N/A;N/A;N/A;N/A;N/A;N/A;N/A;N/A;N/A;N/A;N/A;N/A;N/A;N/A;N/A;N/A;N/A;N/A;N/A;N/A;N/A;N/A;N/A;N/A;N/A;N/A;N/A;N/A;N/A;N/A;N/A;N/A;N/A;N/A;N/A;N/A;N/A;N/A;N/A;N/A;N/A;N/A;N/A;N/A;N/A;N/A;N/A;N/A;N/A;N/A;N/A;N/A;N/A;N/A;N/A;N/A;N/A;N/A;N/A;N/A;N/A;N/A;N/A;N/A;N/A;N/A;N/A;N/A;N/A;N/A;N/A;N/A;N/A;N/A;N/A;N/A;N/A;N/A;N/A;Sí;N/A;N/A;N/A;N/A;N/A;N/A;Sí;N/A;N/A
Hyundai;Coupê;"2.7 Fx V6";2007;"95000 km";;CPAUY;19500;;;;;"Carrasco Norte";https://auto.mercadolibre.com.uy/MLU-703224098-hyundai-coupe-27-v6-_JM;N/A;;"Hyundai Coupe 2.7 V6";usd;No;free;false;N/A;N/A;http://perfil.mercadolibre.com.uy/CPAUY;active;N/A;N/A;Usado;Negro;N/A;Hidráulica;Trasera;Sí;Sí;N/A;N/A;N/A;Sí;N/A;N/A;Sí;N/A;N/A;No;Sí;N/A;Sí;N/A;N/A;N/A;N/A;N/A;N/A;N/A;N/A;N/A;N/A;"2815 mm";"2.7 L";"55 L";6;N/A;N/A;N/A;N/A;N/A;Sí;N/A;N/A;N/A;N/A;N/A;N/A;N/A;N/A;N/A;N/A;N/A;N/A;N/A;N/A;N/A;N/A;N/A;N/A;N/A;N/A;N/A;N/A;N/A;No;N/A;N/A;N/A;N/A;N/A;N/A;N/A;N/A;N/A;N/A;N/A;N/A;N/A;N/A;N/A;"1330 mm";"4395 mm";N/A;N/A;N/A;N/A;4;"167 hp";Fx;N/A;4;"1861 mm";"15 km/l";Sí;N/A;Sí;Sí;N/A;Sí;Sí;N/A;Sí;N/A;"10.4 km/l";Sí;Sí;N/A;N/A;N/A;N/A;2;2.7;Nafta;Manual;Coupé;"Autos y camionetas";N/A;N/A;N/A;N/A;N/A;N/A;UY;N/A;No;N/A;N/A;N/A;N/A;N/A;N/A;N/A;N/A;N/A;N/A;N/A;N/A;N/A;N/A;N/A;No;N/A;N/A;N/A;N/A;N/A;N/A;N/A;N/A;N/A;N/A;N/A;N/A;N/A;N/A;N/A;N/A;N/A;N/A;N/A;N/A;N/A;N/A;N/A;N/A;N/A;N/A;N/A;N/A;N/A;N/A;N/A;N/A;N/A;N/A;N/A;N/A;N/A;N/A;N/A;N/A;N/A;N/A;N/A;N/A;N/A;N/A;N/A;N/A;N/A;N/A;N/A;N/A;N/A;N/A;N/A;N/A;N/A;N/A;N/A;N/A;N/A;N/A;N/A;N/A;N/A;N/A;N/A;N/A;N/A;N/A;No;Sí;Sí;N/A;N/A;Sí;N/A;N/A;N/A;N/A;Sí;Sí;Sí;Sí;N/A;N/A;Sí;No;Sí;Sí;Sí;Sí;Sí;Sí;No;N/A;Sí
Hyundai;i10;"1.1 Gls Ac";2013;"223731 km";;MARCOSBRITO911;7600;;;;;"San Carlos";https://auto.mercadolibre.com.uy/MLU-704359224-hyundai-i10-2013-11-gls-ac-_JM;N/A;;"Hyundai I10 2013 1.1 Gls A/c";usd;Sí;free;false;N/A;N/A;http://perfil.mercadolibre.com.uy/MARCOSBRITO911;active;N/A;N/A;Usado;Celeste;N/A;Eléctrica;Delantera;Sí;Sí;N/A;N/A;N/A;N/A;N/A;N/A;N/A;N/A;N/A;N/A;Sí;N/A;N/A;N/A;N/A;N/A;N/A;N/A;N/A;N/A;N/A;N/A;N/A;"2380 mm";"1.1 L";"35 L";5;N/A;N/A;N/A;N/A;N/A;N/A;N/A;N/A;N/A;N/A;N/A;N/A;N/A;N/A;N/A;N/A;N/A;N/A;N/A;N/A;N/A;N/A;N/A;N/A;N/A;N/A;N/A;N/A;N/A;N/A;N/A;N/A;N/A;N/A;N/A;N/A;N/A;N/A;N/A;N/A;N/A;N/A;N/A;N/A;N/A;"1550 mm";"3585 mm";N/A;N/A;N/A;N/A;5;"69 hp";Gls;N/A;4;"1595 mm";N/A;N/A;N/A;N/A;Sí;N/A;Sí;Sí;N/A;N/A;N/A;N/A;N/A;Sí;N/A;N/A;N/A;N/A;5;1.1;Nafta;Manual;Hatchback;"Autos y camionetas";N/A;N/A;N/A;N/A;N/A;N/A;UY;N/A;No;N/A;N/A;N/A;N/A;N/A;N/A;N/A;N/A;N/A;N/A;N/A;N/A;N/A;N/A;N/A;N/A;N/A;N/A;N/A;N/A;N/A;N/A;N/A;N/A;N/A;N/A;N/A;N/A;N/A;N/A;N/A;N/A;N/A;N/A;No;N/A;N/A;N/A;N/A;N/A;N/A;N/A;N/A;N/A;N/A;N/A;N/A;N/A;N/A;N/A;N/A;N/A;No;No;N/A;N/A;N/A;N/A;N/A;N/A;N/A;N/A;N/A;N/A;N/A;N/A;N/A;N/A;N/A;N/A;N/A;N/A;N/A;N/A;N/A;N/A;N/A;N/A;N/A;N/A;N/A;N/A;N/A;N/A;N/A;N/A;N/A;N/A;N/A;Sí;N/A;N/A;N/A;N/A;N/A;N/A;N/A;N/A;N/A;N/A;N/A;N/A;N/A;N/A;N/A;Sí;Sí;Sí;N/A;N/A;Sí;N/A;Sí
Hyundai;"Kona Hybrid";"1.6 Gdi Limited";2022;"105000 km";;SERVETTOSEBASTIN;29500;;;;;"El Pinar";https://auto.mercadolibre.com.uy/MLU-704199572-hyundai-kona-hibrida-_JM;N/A;;"Hyundai Kona Híbrida";USD;Sí;free;false;N/A;N/A;http://perfil.mercadolibre.com.uy/SERVETTOSEBASTIN;active;N/A;N/A;Usado;Blanco;Sí;Eléctrica;4x2;Sí;Sí;N/A;N/A;N/A;Sí;N/A;N/A;Sí;N/A;N/A;Sí;Sí;N/A;Sí;N/A;N/A;N/A;N/A;N/A;N/A;N/A;N/A;N/A;N/A;N/A;N/A;N/A;N/A;N/A;N/A;N/A;N/A;N/A;No;N/A;N/A;N/A;N/A;N/A;N/A;N/A;N/A;N/A;N/A;N/A;N/A;N/A;N/A;N/A;N/A;N/A;N/A;N/A;N/A;N/A;N/A;N/A;No;N/A;N/A;N/A;N/A;N/A;N/A;N/A;N/A;N/A;N/A;N/A;N/A;N/A;N/A;N/A;N/A;N/A;N/A;N/A;N/A;N/A;N/A;N/A;N/A;N/A;N/A;N/A;N/A;Sí;N/A;Sí;Sí;N/A;Sí;Sí;N/A;Sí;N/A;N/A;No;N/A;N/A;N/A;Sí;"9 a 22h";5;1.6;Híbrido;Automática;SUV;"Autos y camionetas";N/A;N/A;N/A;N/A;N/A;N/A;N/A;N/A;N/A;N/A;N/A;N/A;N/A;N/A;N/A;N/A;N/A;N/A;N/A;N/A;N/A;N/A;N/A;N/A;Sí;N/A;N/A;N/A;N/A;N/A;N/A;N/A;N/A;N/A;N/A;N/A;N/A;N/A;N/A;N/A;N/A;N/A;N/A;N/A;N/A;N/A;N/A;N/A;N/A;N/A;N/A;N/A;N/A;N/A;N/A;N/A;N/A;N/A;N/A;N/A;N/A;N/A;N/A;N/A;N/A;N/A;N/A;N/A;N/A;N/A;N/A;N/A;N/A;N/A;N/A;N/A;N/A;N/A;N/A;N/A;N/A;N/A;N/A;N/A;N/A;N/A;N/A;N/A;N/A;N/A;N/A;N/A;N/A;N/A;N/A;No;Sí;Sí;Sí;N/A;Sí;N/A;N/A;N/A;N/A;Sí;Sí;Sí;Sí;N/A;N/A;Sí;Sí;Sí;Sí;Sí;Sí;No;No;Sí;N/A;Sí
Hyundai;Excel;"1.5 Gls 4dr";1992;"179000 km";;CEGONZALEZ1077;3300;;;;;Pocitos;https://auto.mercadolibre.com.uy/MLU-703405604-hyundai-excel-1992-15-gls-4dr-_JM;N/A;;"Hyundai Excel 1992 1.5 Gls 4dr";usd;No;free;false;N/A;N/A;http://perfil.mercadolibre.com.uy/CEGONZALEZ1077;active;N/A;N/A;Usado;N/A;N/A;Hidráulica;Delantera;N/A;N/A;N/A;N/A;N/A;N/A;N/A;N/A;N/A;N/A;N/A;N/A;N/A;N/A;N/A;N/A;N/A;N/A;N/A;N/A;N/A;N/A;N/A;N/A;N/A;"2383 mm";"1.5 L";"45 L";5;N/A;N/A;N/A;N/A;N/A;N/A;N/A;N/A;N/A;N/A;N/A;N/A;N/A;N/A;N/A;N/A;N/A;N/A;N/A;N/A;N/A;N/A;N/A;N/A;N/A;N/A;N/A;N/A;N/A;N/A;N/A;N/A;N/A;N/A;N/A;N/A;N/A;N/A;N/A;N/A;N/A;N/A;N/A;N/A;N/A;"1380 mm";"4280 mm";N/A;N/A;N/A;N/A;5;"77 hp";Gls;N/A;2;"1610 mm";"11 km/l";N/A;N/A;N/A;N/A;N/A;N/A;N/A;N/A;N/A;N/A;"7.6 km/l";N/A;N/A;N/A;N/A;N/A;N/A;4;1.5;Nafta;Manual;Sedán;"Autos y camionetas";N/A;N/A;N/A;N/A;N/A;N/A;UY;N/A;N/A;N/A;N/A;N/A;N/A;N/A;N/A;N/A;N/A;N/A;N/A;N/A;N/A;N/A;N/A;N/A;N/A;N/A;N/A;N/A;N/A;N/A;N/A;N/A;N/A;N/A;N/A;N/A;N/A;N/A;N/A;N/A;N/A;N/A;N/A;N/A;N/A;N/A;N/A;N/A;N/A;N/A;N/A;N/A;N/A;N/A;N/A;N/A;N/A;N/A;N/A;N/A;N/A;N/A;N/A;N/A;N/A;N/A;N/A;N/A;N/A;N/A;N/A;N/A;N/A;N/A;N/A;N/A;N/A;N/A;N/A;N/A;N/A;N/A;N/A;N/A;N/A;N/A;N/A;N/A;N/A;N/A;N/A;N/A;N/A;N/A;N/A;N/A;Sí;N/A;N/A;N/A;N/A;N/A;N/A;N/A;N/A;N/A;N/A;N/A;N/A;N/A;N/A;N/A;N/A;N/A;N/A;N/A;N/A;N/A;N/A;N/A;N/A;N/A
Hyundai;Accent;"1.4 Cvvt Gl Full Hatchback";2015;"97000 km";;YEMA4519827;12500;;;;;"Villa Española";https://auto.mercadolibre.com.uy/MLU-701717876-hyundai-accent-2015-14-cvvt-gl-full-hatchback-_JM;N/A;;"Hyundai Accent 2015 1.4 Cvvt Gl Full Hatchback";usd;Sí;free;false;N/A;N/A;http://perfil.mercadolibre.com.uy/YEMA4519827;active;N/A;N/A;Usado;N/A;N/A;N/A;Delantera;N/A;N/A;N/A;N/A;N/A;N/A;N/A;N/A;N/A;N/A;N/A;N/A;N/A;N/A;N/A;N/A;N/A;N/A;N/A;N/A;N/A;N/A;N/A;N/A;N/A;"2570 mm";"1.4 L";"43 L";6;N/A;N/A;N/A;N/A;N/A;N/A;N/A;N/A;N/A;N/A;N/A;N/A;N/A;N/A;N/A;N/A;N/A;N/A;N/A;N/A;N/A;N/A;N/A;N/A;N/A;N/A;N/A;N/A;N/A;N/A;N/A;N/A;N/A;N/A;N/A;N/A;N/A;N/A;N/A;N/A;N/A;N/A;N/A;N/A;N/A;"1450 mm";"4115 mm";N/A;N/A;N/A;N/A;5;"108 hp";Gl;N/A;4;"1700 mm";N/A;N/A;N/A;N/A;N/A;N/A;N/A;N/A;N/A;N/A;N/A;N/A;N/A;N/A;N/A;N/A;N/A;N/A;5;1.4;Nafta;Manual;Hatchback;"Autos y camionetas";N/A;N/A;N/A;N/A;N/A;N/A;UY;N/A;N/A;N/A;N/A;N/A;N/A;N/A;N/A;N/A;N/A;N/A;N/A;N/A;N/A;N/A;N/A;N/A;N/A;N/A;N/A;N/A;N/A;N/A;N/A;N/A;N/A;N/A;N/A;N/A;N/A;N/A;N/A;N/A;N/A;N/A;N/A;N/A;N/A;N/A;N/A;N/A;N/A;N/A;N/A;N/A;N/A;N/A;N/A;N/A;N/A;N/A;N/A;N/A;N/A;N/A;N/A;N/A;N/A;N/A;N/A;N/A;N/A;N/A;N/A;N/A;N/A;N/A;N/A;N/A;N/A;N/A;N/A;N/A;N/A;N/A;N/A;N/A;N/A;N/A;N/A;N/A;N/A;N/A;N/A;N/A;N/A;N/A;N/A;N/A;N/A;N/A;N/A;N/A;N/A;N/A;N/A;N/A;N/A;N/A;N/A;N/A;N/A;N/A;N/A;N/A;N/A;N/A;N/A;N/A;N/A;N/A;N/A;N/A;N/A;N/A
Hyundai;Tucson;"2.0 Gls 6at 4wd";2013;"138000 km";;CAMA4471198;15900;;;;;Maldonado;https://auto.mercadolibre.com.uy/MLU-703163256-hyundai-tucson-20-gls-6at-4wd-_JM;N/A;;"Hyundai Tucson 2.0 Gls 6at 4wd";usd;Sí;free;false;N/A;N/A;http://perfil.mercadolibre.com.uy/CAMA4471198;active;N/A;N/A;Usado;Gris;No;Hidráulica;4x4;Sí;Sí;Sí;N/A;N/A;Sí;N/A;N/A;N/A;N/A;N/A;Sí;Sí;N/A;No;N/A;N/A;N/A;N/A;N/A;N/A;N/A;N/A;N/A;N/A;"2630 mm";"2 L";"58 L";6;N/A;N/A;N/A;N/A;N/A;Sí;N/A;N/A;N/A;N/A;N/A;N/A;N/A;N/A;N/A;N/A;N/A;N/A;N/A;N/A;N/A;N/A;N/A;N/A;N/A;N/A;N/A;N/A;N/A;No;N/A;Sí;N/A;N/A;N/A;N/A;N/A;N/A;N/A;N/A;N/A;Sí;N/A;N/A;N/A;"1655 mm";"4410 mm";N/A;N/A;N/A;N/A;5;"166 hp";Gls;N/A;4;"1830 mm";"10.6 km/l";N/A;N/A;No;Sí;N/A;Sí;Sí;N/A;No;Sí;"6.8 km/l";N/A;No;N/A;N/A;Sí;N/A;5;2.0;Nafta;Automática;SUV;"Autos y camionetas";N/A;N/A;N/A;N/A;N/A;N/A;UY;N/A;N/A;N/A;N/A;N/A;N/A;N/A;N/A;N/A;N/A;N/A;N/A;N/A;N/A;N/A;N/A;N/A;Sí;N/A;N/A;N/A;N/A;N/A;N/A;N/A;N/A;N/A;N/A;N/A;N/A;N/A;N/A;N/A;N/A;N/A;N/A;N/A;N/A;N/A;N/A;N/A;N/A;N/A;N/A;N/A;N/A;N/A;N/A;N/A;N/A;N/A;N/A;N/A;N/A;N/A;N/A;N/A;N/A;N/A;N/A;N/A;N/A;N/A;N/A;N/A;N/A;N/A;N/A;N/A;N/A;N/A;N/A;N/A;N/A;N/A;N/A;N/A;N/A;N/A;N/A;N/A;N/A;N/A;N/A;N/A;N/A;N/A;N/A;No;Sí;Sí;Sí;N/A;Sí;N/A;N/A;N/A;N/A;Sí;N/A;Sí;Sí;Sí;N/A;Sí;Sí;Sí;Sí;Sí;Sí;Sí;Sí;Sí;N/A;Sí
Hyundai;"Grand i10";"1.2 Gls Seg 87cv Mt";2015;"100000 km";;LEAD9362929;11500;;;;;Cerro;https://auto.mercadolibre.com.uy/MLU-703511742-hyundai-grand-i10-2015-12-gls-seg-87cv-mt-_JM;N/A;;"Hyundai Grand I10 2015 1.2 Gls Seg 87cv Mt";usd;Sí;free;false;N/A;N/A;http://perfil.mercadolibre.com.uy/LEAD9362929;active;N/A;N/A;Usado;N/A;N/A;Hidráulica;Delantera;Sí;N/A;Sí;N/A;N/A;N/A;N/A;N/A;N/A;N/A;N/A;N/A;N/A;N/A;N/A;N/A;N/A;N/A;N/A;N/A;N/A;N/A;N/A;N/A;N/A;"2425 mm";"1.2 L";"43 L";5;N/A;N/A;N/A;N/A;Sí;N/A;N/A;N/A;N/A;N/A;N/A;N/A;N/A;N/A;N/A;N/A;N/A;N/A;N/A;N/A;N/A;N/A;N/A;N/A;N/A;N/A;N/A;N/A;N/A;N/A;N/A;Sí;N/A;Sí;N/A;N/A;N/A;N/A;N/A;N/A;N/A;Sí;N/A;N/A;N/A;"1505 mm";"3765 mm";N/A;N/A;N/A;N/A;5;"87 hp";Gls;N/A;4;"1660 mm";N/A;N/A;N/A;N/A;N/A;N/A;N/A;N/A;N/A;N/A;N/A;N/A;N/A;N/A;N/A;N/A;N/A;N/A;5;1.2;Nafta;Manual;Hatchback;"Autos y camionetas";N/A;N/A;N/A;N/A;N/A;N/A;UY;N/A;N/A;N/A;N/A;N/A;N/A;N/A;N/A;N/A;N/A;N/A;N/A;N/A;N/A;N/A;N/A;N/A;N/A;N/A;N/A;N/A;N/A;N/A;N/A;N/A;N/A;N/A;N/A;N/A;N/A;N/A;N/A;N/A;N/A;N/A;N/A;N/A;N/A;N/A;N/A;N/A;N/A;N/A;N/A;N/A;N/A;N/A;N/A;N/A;N/A;N/A;N/A;N/A;N/A;N/A;N/A;N/A;N/A;N/A;N/A;N/A;N/A;N/A;N/A;N/A;N/A;N/A;N/A;N/A;N/A;N/A;N/A;N/A;N/A;N/A;N/A;N/A;N/A;N/A;N/A;N/A;N/A;N/A;N/A;N/A;N/A;N/A;N/A;N/A;Sí;N/A;Sí;N/A;N/A;N/A;N/A;N/A;N/A;N/A;N/A;N/A;N/A;Sí;N/A;N/A;N/A;N/A;N/A;N/A;N/A;N/A;N/A;N/A;N/A;N/A
Hyundai;Tucson;"2.0 4x2";2007;"166500 km";;APIGNANESI;10000;;;;;"La Blanqueada";https://auto.mercadolibre.com.uy/MLU-646814719-hyundai-tucson-20-4x2-ano-2007-_JM;N/A;;"Hyundai Tucson 2.0 4x2 - Año 2007";usd;No;free;false;N/A;N/A;http://perfil.mercadolibre.com.uy/APIGNANESI;active;N/A;N/A;Usado;Gris;N/A;Hidráulica;4x2;Sí;Sí;N/A;N/A;N/A;N/A;N/A;N/A;N/A;N/A;N/A;N/A;Sí;N/A;N/A;N/A;N/A;N/A;N/A;N/A;N/A;N/A;N/A;N/A;N/A;"2630 mm";"2 L";"58 L";N/A;N/A;N/A;N/A;N/A;N/A;N/A;N/A;N/A;N/A;N/A;N/A;N/A;N/A;N/A;N/A;N/A;N/A;N/A;N/A;N/A;N/A;N/A;N/A;N/A;N/A;N/A;N/A;N/A;N/A;N/A;N/A;N/A;N/A;N/A;N/A;N/A;N/A;N/A;N/A;N/A;N/A;N/A;N/A;N/A;N/A;"1730 mm";"4325 mm";N/A;N/A;N/A;N/A;5;"184 hp";N/A;N/A;4;"1830 mm";"16.1 km/l";N/A;N/A;N/A;Sí;N/A;N/A;N/A;N/A;N/A;N/A;"8.7 km/l";N/A;N/A;N/A;N/A;Sí;N/A;5;2.0;Nafta;Manual;SUV;"Autos y camionetas";N/A;N/A;N/A;N/A;N/A;N/A;UY;N/A;N/A;N/A;N/A;N/A;N/A;N/A;N/A;N/A;N/A;N/A;N/A;N/A;N/A;N/A;N/A;N/A;Sí;N/A;N/A;N/A;N/A;N/A;N/A;N/A;N/A;N/A;N/A;N/A;N/A;N/A;N/A;N/A;N/A;N/A;N/A;N/A;N/A;N/A;N/A;N/A;N/A;N/A;N/A;N/A;N/A;N/A;N/A;N/A;N/A;N/A;N/A;N/A;N/A;N/A;N/A;N/A;N/A;N/A;N/A;N/A;N/A;N/A;N/A;N/A;N/A;N/A;N/A;N/A;N/A;N/A;N/A;N/A;N/A;N/A;N/A;N/A;N/A;N/A;N/A;N/A;N/A;N/A;N/A;N/A;N/A;N/A;N/A;N/A;Sí;Sí;Sí;N/A;Sí;N/A;N/A;N/A;N/A;Sí;N/A;N/A;Sí;N/A;N/A;Sí;N/A;Sí;Sí;Sí;Sí;N/A;N/A;Sí;N/A;Sí
Hyundai;Elantra;"1.8 16 válvulas...";1999;"290000 km";;ARENANERODOLFO20220528180334;5500;;;;;"San José de Mayo";https://auto.mercadolibre.com.uy/MLU-704346424-hyundai-elantra-18-16-valvulas-_JM;N/A;;"Hyundai Elantra 1.8 16 Válvulas";USD;No;free;false;N/A;N/A;http://perfil.mercadolibre.com.uy/ARENANERODOLFO20220528180334;active;N/A;N/A;Usado;Blanco;No;Hidráulica;Delantera;N/A;N/A;N/A;N/A;N/A;N/A;N/A;N/A;N/A;N/A;N/A;N/A;N/A;N/A;N/A;N/A;N/A;N/A;N/A;N/A;N/A;N/A;N/A;N/A;N/A;N/A;N/A;N/A;N/A;N/A;N/A;N/A;N/A;N/A;N/A;N/A;N/A;N/A;N/A;N/A;N/A;N/A;N/A;N/A;N/A;N/A;N/A;N/A;N/A;N/A;N/A;N/A;N/A;N/A;N/A;N/A;N/A;N/A;N/A;N/A;N/A;N/A;N/A;N/A;N/A;N/A;N/A;N/A;N/A;N/A;N/A;N/A;N/A;N/A;N/A;N/A;N/A;N/A;N/A;N/A;N/A;N/A;N/A;N/A;N/A;N/A;N/A;N/A;N/A;N/A;N/A;N/A;N/A;N/A;N/A;N/A;N/A;N/A;N/A;N/A;N/A;N/A;N/A;"Full Time";4;1.8;Nafta;Manual;Sedán;"Autos y camionetas";N/A;N/A;N/A;N/A;N/A;N/A;N/A;N/A;N/A;N/A;N/A;N/A;N/A;N/A;N/A;N/A;N/A;N/A;N/A;N/A;N/A;N/A;N/A;N/A;N/A;N/A;N/A;N/A;N/A;N/A;N/A;N/A;N/A;N/A;N/A;N/A;N/A;N/A;N/A;N/A;N/A;N/A;N/A;N/A;N/A;N/A;N/A;N/A;N/A;N/A;N/A;N/A;N/A;N/A;N/A;N/A;N/A;N/A;N/A;N/A;N/A;N/A;N/A;N/A;N/A;N/A;N/A;N/A;N/A;N/A;N/A;N/A;N/A;N/A;N/A;N/A;N/A;N/A;N/A;N/A;N/A;N/A;N/A;N/A;N/A;N/A;N/A;N/A;N/A;N/A;N/A;N/A;N/A;N/A;N/A;N/A;N/A;N/A;N/A;N/A;N/A;N/A;N/A;N/A;N/A;N/A;N/A;N/A;N/A;N/A;N/A;N/A;N/A;N/A;N/A;N/A;N/A;N/A;N/A;N/A;N/A;N/A
Hyundai;H1;"2.5 Wagon 12-p Mt Plus";2009;"276000 km";;ARONMIGUEL20220804121557;19000;;;;;Maldonado;https://auto.mercadolibre.com.uy/MLU-704260978-hyundai-h1-25-wagon-12-p-mt-plus-_JM;N/A;;"Hyundai H1 2.5 Wagon 12-p Mt Plus";usd;Sí;free;false;N/A;N/A;http://perfil.mercadolibre.com.uy/ARONMIGUEL20220804121557;active;N/A;N/A;Usado;Blanco;No;Hidráulica;Delantera;N/A;N/A;Sí;N/A;N/A;N/A;N/A;N/A;N/A;N/A;N/A;N/A;N/A;N/A;N/A;N/A;N/A;N/A;N/A;N/A;N/A;N/A;N/A;N/A;N/A;"3201 mm";"2.5 L";"65 L";5;N/A;N/A;N/A;N/A;N/A;N/A;N/A;N/A;N/A;N/A;N/A;N/A;N/A;N/A;N/A;N/A;N/A;N/A;N/A;N/A;N/A;N/A;N/A;N/A;N/A;N/A;N/A;N/A;N/A;Sí;N/A;Sí;N/A;Sí;N/A;N/A;N/A;N/A;N/A;N/A;N/A;No;N/A;N/A;N/A;"1760 mm";"4695 mm";N/A;N/A;N/A;N/A;7;"112 hp";N/A;N/A;4;"1920 mm";"16.8 km/l";N/A;N/A;N/A;N/A;N/A;Sí;Sí;N/A;N/A;N/A;"9.9 km/l";N/A;N/A;N/A;N/A;N/A;24/7;4;2.5;Diésel;Manual;SUV;"Autos y camionetas";N/A;N/A;N/A;N/A;N/A;N/A;UY;N/A;N/A;N/A;N/A;N/A;N/A;N/A;N/A;N/A;N/A;N/A;N/A;N/A;N/A;N/A;N/A;N/A;N/A;N/A;N/A;N/A;N/A;N/A;N/A;N/A;N/A;N/A;N/A;N/A;N/A;N/A;N/A;N/A;N/A;N/A;N/A;N/A;N/A;N/A;N/A;N/A;N/A;N/A;N/A;N/A;N/A;N/A;N/A;N/A;N/A;N/A;N/A;N/A;N/A;N/A;N/A;N/A;N/A;N/A;N/A;N/A;N/A;N/A;N/A;N/A;N/A;N/A;N/A;N/A;N/A;N/A;N/A;N/A;N/A;N/A;N/A;N/A;N/A;N/A;N/A;N/A;N/A;N/A;N/A;N/A;N/A;N/A;N/A;N/A;Sí;N/A;N/A;N/A;N/A;N/A;N/A;Sí;N/A;N/A;N/A;N/A;N/A;N/A;N/A;N/A;N/A;N/A;N/A;N/A;N/A;N/A;N/A;N/A;N/A;N/A
Hyundai;HB20;"1.0 Premium Mt";2023;"38000 km";;HELURIFO;18000;;;;;Prado;https://auto.mercadolibre.com.uy/MLU-703923582-hyundai-hb20-10-premium-mt-_JM;N/A;;"Hyundai Hb20 1.0 Premium Mt";usd;Sí;free;false;N/A;N/A;http://perfil.mercadolibre.com.uy/HELURIFO;active;N/A;N/A;Usado;Plateado;Sí;Hidráulica;Delantera;Sí;Sí;Sí;N/A;N/A;N/A;N/A;N/A;No;N/A;N/A;Sí;Sí;N/A;No;N/A;N/A;N/A;N/A;N/A;N/A;N/A;N/A;N/A;N/A;"2500 mm";"1 L";"50 L";6;N/A;N/A;N/A;N/A;N/A;No;N/A;N/A;N/A;N/A;N/A;N/A;N/A;N/A;N/A;N/A;N/A;N/A;N/A;N/A;N/A;N/A;N/A;N/A;N/A;N/A;N/A;N/A;N/A;N/A;N/A;N/A;N/A;Sí;Sí;N/A;N/A;N/A;N/A;N/A;N/A;N/A;N/A;N/A;N/A;"1470 mm";"3920 mm";N/A;N/A;N/A;N/A;5;"80 hp";N/A;N/A;4;"1680 mm";N/A;No;N/A;Sí;Sí;N/A;N/A;Sí;Sí;N/A;N/A;"13.8 km/l";N/A;N/A;N/A;N/A;N/A;8-21;5;1.0;Nafta;Manual;Hatchback;"Autos y camionetas";N/A;N/A;N/A;N/A;N/A;N/A;UY;N/A;N/A;N/A;N/A;N/A;N/A;N/A;N/A;N/A;N/A;N/A;N/A;N/A;N/A;N/A;N/A;N/A;Sí;N/A;N/A;N/A;N/A;N/A;N/A;N/A;N/A;N/A;N/A;N/A;N/A;N/A;N/A;N/A;N/A;N/A;N/A;Sí;N/A;N/A;N/A;N/A;N/A;N/A;N/A;N/A;N/A;N/A;N/A;N/A;N/A;N/A;N/A;N/A;N/A;N/A;N/A;N/A;N/A;N/A;N/A;N/A;N/A;N/A;N/A;N/A;N/A;N/A;N/A;N/A;N/A;N/A;N/A;N/A;N/A;N/A;N/A;N/A;N/A;N/A;N/A;N/A;N/A;N/A;N/A;N/A;N/A;N/A;N/A;N/A;Sí;Sí;N/A;N/A;Sí;N/A;N/A;N/A;N/A;Sí;N/A;N/A;Sí;N/A;N/A;Sí;Sí;Sí;Sí;Sí;Sí;No;No;Sí;N/A;Sí
Hyundai;Ioniq;"1.6 Gdi Hibrido At 5p";2018;"98800 km";;FEFYCRN;22000;;;;;Malvin;https://auto.mercadolibre.com.uy/MLU-703912846-hyundai-ioniq-16-gdi-hibrido-at-5p-_JM;N/A;;"Hyundai Ioniq 1.6 Gdi Hibrido At 5p";usd;Sí;free;false;N/A;N/A;http://perfil.mercadolibre.com.uy/FEFYCRN;active;N/A;N/A;Usado;Gris;N/A;Hidráulica;Delantera;Sí;N/A;N/A;N/A;N/A;N/A;N/A;N/A;Sí;N/A;N/A;N/A;Sí;N/A;N/A;N/A;N/A;N/A;N/A;N/A;N/A;N/A;N/A;N/A;N/A;"2440 mm";"1.6 L";"45 L";5;N/A;N/A;N/A;N/A;N/A;N/A;N/A;N/A;N/A;N/A;N/A;N/A;N/A;N/A;N/A;N/A;N/A;N/A;N/A;N/A;N/A;N/A;N/A;N/A;N/A;N/A;N/A;N/A;N/A;N/A;N/A;N/A;N/A;N/A;N/A;N/A;N/A;N/A;N/A;N/A;N/A;N/A;N/A;N/A;N/A;"1395 mm";"4235 mm";N/A;N/A;N/A;N/A;5;"92 hp";N/A;N/A;3;"1670 mm";"7.2 km/l";N/A;N/A;N/A;N/A;N/A;N/A;N/A;N/A;N/A;N/A;"4.5 km/l";N/A;N/A;N/A;N/A;N/A;N/A;5;1.6;Híbrido;Automática;Hatchback;"Autos y camionetas";N/A;N/A;N/A;N/A;N/A;N/A;UY;N/A;N/A;N/A;N/A;N/A;N/A;N/A;N/A;N/A;N/A;N/A;N/A;N/A;N/A;N/A;N/A;N/A;N/A;N/A;N/A;N/A;N/A;N/A;N/A;N/A;N/A;N/A;N/A;N/A;N/A;N/A;N/A;N/A;N/A;N/A;N/A;N/A;N/A;N/A;N/A;N/A;N/A;N/A;N/A;N/A;N/A;N/A;N/A;N/A;N/A;N/A;N/A;N/A;N/A;N/A;N/A;N/A;N/A;N/A;N/A;N/A;N/A;N/A;N/A;N/A;N/A;N/A;N/A;N/A;N/A;N/A;N/A;N/A;N/A;N/A;N/A;N/A;N/A;N/A;N/A;N/A;N/A;N/A;N/A;N/A;N/A;N/A;N/A;N/A;Sí;N/A;N/A;N/A;N/A;N/A;N/A;N/A;N/A;N/A;N/A;N/A;N/A;N/A;N/A;N/A;Sí;N/A;N/A;N/A;N/A;N/A;N/A;N/A;N/A;N/A
Hyundai;Elantra;"1.8 Gls";1998;"350000 km";;NOTNG;4200;;;;;Peñarol;https://auto.mercadolibre.com.uy/MLU-703925524-hyundai-elantra-18-gls-_JM;N/A;;"Hyundai Elantra 1.8 Gls";usd;No;free;false;N/A;N/A;http://perfil.mercadolibre.com.uy/NOTNG;active;N/A;N/A;Usado;Blanco;N/A;Hidráulica;Delantera;N/A;N/A;N/A;N/A;N/A;N/A;N/A;N/A;N/A;N/A;N/A;N/A;N/A;N/A;N/A;N/A;N/A;N/A;N/A;N/A;N/A;N/A;N/A;N/A;N/A;"2857 mm";"1.8 L";"49 L";5;N/A;N/A;N/A;N/A;N/A;N/A;N/A;N/A;N/A;N/A;N/A;N/A;N/A;N/A;N/A;N/A;N/A;N/A;N/A;N/A;N/A;N/A;N/A;N/A;N/A;N/A;N/A;N/A;N/A;N/A;N/A;N/A;N/A;N/A;N/A;N/A;N/A;N/A;N/A;N/A;N/A;N/A;N/A;N/A;N/A;"1445 mm";"4530 mm";N/A;N/A;N/A;N/A;5;"128 hp";Gls;N/A;4;"1898 mm";"10.8 km/l";N/A;N/A;N/A;N/A;N/A;N/A;N/A;N/A;N/A;N/A;"7.2 km/l";N/A;N/A;N/A;N/A;N/A;24hr;4;1.8;Nafta;Manual;Sedán;"Autos y camionetas";N/A;N/A;N/A;N/A;N/A;N/A;UY;N/A;N/A;N/A;N/A;N/A;N/A;N/A;N/A;N/A;N/A;N/A;N/A;N/A;N/A;N/A;N/A;N/A;N/A;N/A;N/A;N/A;N/A;N/A;N/A;N/A;N/A;N/A;N/A;N/A;N/A;N/A;N/A;N/A;N/A;N/A;N/A;N/A;N/A;N/A;N/A;N/A;N/A;N/A;N/A;N/A;N/A;N/A;N/A;N/A;N/A;N/A;N/A;N/A;N/A;N/A;N/A;N/A;N/A;N/A;N/A;N/A;N/A;N/A;N/A;N/A;N/A;N/A;N/A;N/A;N/A;N/A;N/A;N/A;N/A;N/A;N/A;N/A;N/A;N/A;N/A;N/A;N/A;N/A;N/A;N/A;N/A;N/A;N/A;N/A;Sí;N/A;N/A;N/A;N/A;N/A;N/A;N/A;N/A;N/A;N/A;N/A;N/A;N/A;N/A;N/A;N/A;N/A;N/A;N/A;N/A;N/A;N/A;N/A;N/A;N/A
Hyundai;Elantra;Wagon;1999;"350000 km";;CYNRENA14;4900;;;;;"Las Piedras";https://auto.mercadolibre.com.uy/MLU-703934774-hyundai-elantra-wagon-_JM;N/A;;"Hyundai Elantra Wagon";usd;No;free;false;N/A;N/A;http://perfil.mercadolibre.com.uy/CYNRENA14;active;N/A;N/A;Usado;N/A;N/A;Hidráulica;Delantera;N/A;N/A;N/A;N/A;N/A;N/A;N/A;N/A;N/A;N/A;N/A;N/A;N/A;N/A;N/A;N/A;N/A;N/A;N/A;N/A;N/A;N/A;N/A;N/A;N/A;"2700 mm";"1.8 L";"49 L";N/A;N/A;N/A;N/A;N/A;N/A;N/A;N/A;N/A;N/A;N/A;N/A;N/A;N/A;N/A;N/A;N/A;N/A;N/A;N/A;N/A;N/A;N/A;N/A;N/A;N/A;N/A;N/A;N/A;N/A;N/A;N/A;N/A;N/A;N/A;N/A;N/A;N/A;N/A;N/A;N/A;N/A;N/A;N/A;N/A;N/A;"1445 mm";"4530 mm";N/A;N/A;N/A;N/A;5;"128 hp";Gls;N/A;4;"1775 mm";N/A;N/A;N/A;N/A;N/A;N/A;N/A;N/A;N/A;N/A;N/A;N/A;N/A;N/A;N/A;N/A;N/A;N/A;5;1.8;Nafta;Manual;Rural;"Autos y camionetas";N/A;N/A;N/A;N/A;N/A;N/A;UY;N/A;N/A;N/A;N/A;N/A;N/A;N/A;N/A;N/A;N/A;N/A;N/A;N/A;N/A;N/A;N/A;N/A;N/A;N/A;N/A;N/A;N/A;N/A;N/A;N/A;N/A;N/A;N/A;N/A;N/A;N/A;N/A;N/A;N/A;N/A;N/A;N/A;N/A;N/A;N/A;N/A;N/A;N/A;N/A;N/A;N/A;N/A;N/A;N/A;N/A;N/A;N/A;N/A;N/A;N/A;N/A;N/A;N/A;N/A;N/A;N/A;N/A;N/A;N/A;N/A;N/A;N/A;N/A;N/A;N/A;N/A;N/A;N/A;N/A;N/A;N/A;N/A;N/A;N/A;N/A;N/A;N/A;N/A;N/A;N/A;N/A;N/A;N/A;N/A;Sí;N/A;N/A;N/A;N/A;N/A;N/A;N/A;N/A;N/A;N/A;N/A;N/A;N/A;N/A;N/A;N/A;N/A;N/A;N/A;N/A;N/A;N/A;N/A;N/A;N/A
Hyundai;Sonata;"2.0 Gls Hibrido 4paut.";2023;"81000 km";;SABINABALBI;40500;;;;;Paysandú;https://auto.mercadolibre.com.uy/MLU-702230530-hyundai-sonata-20-gls-hibrido-4paut-_JM;N/A;;"Hyundai Sonata 2.0 Gls Hibrido 4paut.";usd;Sí;free;false;N/A;N/A;http://perfil.mercadolibre.com.uy/SABINABALBI;active;N/A;N/A;Usado;Gris;N/A;Hidráulica;Delantera;N/A;N/A;Sí;N/A;N/A;N/A;N/A;N/A;Sí;N/A;N/A;N/A;N/A;N/A;N/A;N/A;N/A;N/A;N/A;N/A;N/A;N/A;N/A;N/A;N/A;"2730 mm";"2 L";"70 L";5;N/A;N/A;N/A;N/A;Sí;N/A;N/A;N/A;N/A;Sí;N/A;N/A;N/A;N/A;N/A;N/A;N/A;N/A;N/A;N/A;N/A;N/A;N/A;N/A;N/A;N/A;N/A;N/A;N/A;N/A;N/A;Sí;N/A;Sí;Sí;N/A;N/A;Sí;Sí;N/A;N/A;N/A;N/A;N/A;N/A;"1475 mm";"4800 mm";N/A;N/A;N/A;N/A;5;N/A;Gls;N/A;4;"1835 mm";"12.4 km/l";Sí;N/A;N/A;Sí;N/A;N/A;Sí;N/A;N/A;N/A;"10.7 km/l";N/A;N/A;N/A;N/A;N/A;N/A;4;2.0;Híbrido;Automática;Sedán;"Autos y camionetas";N/A;N/A;N/A;N/A;N/A;N/A;UY;N/A;N/A;N/A;N/A;N/A;N/A;N/A;N/A;N/A;N/A;N/A;N/A;N/A;N/A;N/A;N/A;N/A;N/A;N/A;N/A;N/A;N/A;N/A;N/A;N/A;N/A;N/A;N/A;N/A;N/A;N/A;N/A;N/A;N/A;N/A;N/A;N/A;N/A;N/A;N/A;N/A;N/A;N/A;N/A;N/A;N/A;N/A;N/A;N/A;N/A;N/A;N/A;N/A;N/A;N/A;N/A;N/A;N/A;N/A;N/A;N/A;N/A;N/A;N/A;N/A;N/A;N/A;N/A;N/A;N/A;N/A;N/A;N/A;N/A;N/A;N/A;N/A;N/A;N/A;N/A;N/A;N/A;N/A;N/A;N/A;N/A;N/A;N/A;N/A;Sí;Sí;Sí;N/A;N/A;N/A;N/A;Sí;N/A;Sí;N/A;N/A;N/A;N/A;N/A;N/A;N/A;N/A;N/A;N/A;N/A;Sí;N/A;N/A;N/A;N/A
Hyundai;H100;"2.5 Van";1996;"111111 km";;MIGUELBRITOSLEIVAS;5500;;;;;"Bañados de Carrasco";https://auto.mercadolibre.com.uy/MLU-702808124-hyundai-h100-1996-25-van-_JM;N/A;;"Hyundai H100 1996 2.5 Van";usd;No;free;false;N/A;N/A;http://perfil.mercadolibre.com.uy/MIGUELBRITOSLEIVAS;active;N/A;N/A;Usado;N/A;N/A;Hidráulica;4x2;N/A;Sí;N/A;N/A;N/A;N/A;N/A;N/A;N/A;N/A;N/A;N/A;N/A;N/A;N/A;N/A;N/A;N/A;N/A;N/A;N/A;N/A;N/A;N/A;N/A;"3200 mm";"2.5 L";"75 L";N/A;N/A;N/A;N/A;N/A;N/A;N/A;N/A;N/A;N/A;N/A;N/A;N/A;N/A;N/A;N/A;N/A;N/A;N/A;N/A;N/A;N/A;N/A;N/A;N/A;N/A;N/A;N/A;N/A;N/A;N/A;N/A;N/A;N/A;N/A;N/A;N/A;N/A;N/A;N/A;N/A;N/A;N/A;N/A;N/A;N/A;"1925 mm";"5125 mm";N/A;N/A;N/A;N/A;2;"73 hp";N/A;N/A;4;"1920 mm";N/A;N/A;N/A;N/A;N/A;N/A;N/A;N/A;N/A;N/A;N/A;N/A;N/A;N/A;N/A;N/A;N/A;N/A;4;2.5;Diésel;Manual;SUV;"Autos y camionetas";N/A;N/A;N/A;N/A;N/A;N/A;UY;N/A;N/A;N/A;N/A;N/A;N/A;N/A;N/A;N/A;N/A;N/A;N/A;N/A;N/A;N/A;N/A;N/A;N/A;N/A;N/A;N/A;N/A;N/A;N/A;N/A;N/A;N/A;N/A;N/A;N/A;N/A;N/A;N/A;N/A;N/A;N/A;N/A;N/A;N/A;N/A;N/A;N/A;N/A;N/A;N/A;N/A;N/A;N/A;N/A;N/A;N/A;N/A;N/A;N/A;N/A;N/A;N/A;N/A;N/A;N/A;N/A;N/A;N/A;N/A;N/A;N/A;N/A;N/A;N/A;N/A;N/A;N/A;N/A;N/A;N/A;N/A;N/A;N/A;N/A;N/A;N/A;N/A;N/A;N/A;N/A;N/A;N/A;N/A;N/A;Sí;N/A;N/A;N/A;N/A;N/A;N/A;N/A;N/A;N/A;N/A;N/A;N/A;N/A;N/A;N/A;N/A;Sí;N/A;N/A;N/A;N/A;N/A;N/A;N/A;N/A
Hyundai;H1;"2.4 Nafta AC";2013;"222000 km";;DUMA6497895;16000;;;;;Manantiales;https://auto.mercadolibre.com.uy/MLU-702703690-hyundai-h1-24-nafta-ac-_JM;N/A;;"Hyundai H1 2.4 Nafta Ac";USD;Sí;free;false;N/A;N/A;http://perfil.mercadolibre.com.uy/DUMA6497895;active;N/A;N/A;Usado;N/A;N/A;N/A;N/A;N/A;N/A;N/A;N/A;N/A;N/A;N/A;N/A;N/A;N/A;N/A;N/A;N/A;N/A;N/A;N/A;N/A;N/A;N/A;N/A;N/A;N/A;N/A;N/A;N/A;N/A;N/A;N/A;N/A;N/A;N/A;N/A;N/A;N/A;N/A;N/A;N/A;N/A;N/A;N/A;N/A;N/A;N/A;N/A;N/A;N/A;N/A;N/A;N/A;N/A;N/A;N/A;N/A;N/A;N/A;N/A;N/A;N/A;N/A;N/A;N/A;N/A;N/A;N/A;N/A;N/A;N/A;N/A;N/A;N/A;N/A;N/A;N/A;N/A;N/A;N/A;N/A;N/A;N/A;N/A;N/A;N/A;N/A;N/A;N/A;N/A;N/A;N/A;N/A;N/A;N/A;N/A;N/A;N/A;N/A;N/A;N/A;N/A;N/A;N/A;N/A;N/A;N/A;N/A;5;N/A;Nafta;N/A;N/A;"Autos y camionetas";N/A;N/A;N/A;N/A;N/A;N/A;N/A;N/A;N/A;N/A;N/A;N/A;N/A;N/A;N/A;N/A;N/A;N/A;N/A;N/A;N/A;N/A;N/A;N/A;N/A;N/A;N/A;N/A;N/A;N/A;N/A;N/A;N/A;N/A;N/A;N/A;N/A;N/A;N/A;N/A;N/A;N/A;N/A;N/A;N/A;N/A;N/A;N/A;N/A;N/A;N/A;N/A;N/A;N/A;N/A;N/A;N/A;N/A;N/A;N/A;N/A;N/A;N/A;N/A;N/A;N/A;N/A;N/A;N/A;N/A;N/A;N/A;N/A;N/A;N/A;N/A;N/A;N/A;N/A;N/A;N/A;N/A;N/A;N/A;N/A;N/A;N/A;N/A;N/A;N/A;N/A;N/A;N/A;N/A;N/A;N/A;N/A;N/A;N/A;N/A;N/A;N/A;N/A;N/A;N/A;N/A;N/A;N/A;N/A;N/A;N/A;N/A;N/A;N/A;N/A;N/A;N/A;N/A;N/A;N/A;N/A;N/A
Hyundai;Sonata;"2.0 Gls At";1999;"111111 km";;MOAL8942594;248222;;;;;"Las Acacias";https://auto.mercadolibre.com.uy/MLU-702391860-hyundai-sonata-1999-20-gls-at-_JM;N/A;;"Hyundai Sonata 1999 2.0 Gls At";usd;No;free;false;N/A;N/A;http://perfil.mercadolibre.com.uy/MOAL8942594;active;N/A;N/A;Usado;N/A;N/A;Hidráulica;Delantera;N/A;N/A;N/A;N/A;N/A;N/A;N/A;N/A;N/A;N/A;N/A;N/A;N/A;N/A;N/A;N/A;N/A;N/A;N/A;N/A;N/A;N/A;N/A;N/A;N/A;"2730 mm";"2 L";"70 L";5;N/A;N/A;N/A;N/A;N/A;N/A;N/A;N/A;N/A;N/A;N/A;N/A;N/A;N/A;N/A;N/A;N/A;N/A;N/A;N/A;N/A;N/A;N/A;N/A;N/A;N/A;N/A;N/A;N/A;N/A;N/A;N/A;N/A;N/A;N/A;N/A;N/A;N/A;N/A;N/A;N/A;N/A;N/A;N/A;N/A;"1405 mm";"4700 mm";N/A;N/A;N/A;N/A;5;"139 hp";Gls;N/A;4;"1770 mm";N/A;N/A;N/A;N/A;N/A;N/A;N/A;N/A;N/A;N/A;N/A;N/A;N/A;N/A;N/A;N/A;N/A;N/A;4;2.0;Nafta;Automática;Sedán;"Autos y camionetas";N/A;N/A;N/A;N/A;N/A;N/A;UY;N/A;N/A;N/A;N/A;N/A;N/A;N/A;N/A;N/A;N/A;N/A;N/A;N/A;N/A;N/A;N/A;N/A;N/A;N/A;N/A;N/A;N/A;N/A;N/A;N/A;N/A;N/A;N/A;N/A;N/A;N/A;N/A;N/A;N/A;N/A;N/A;N/A;N/A;N/A;N/A;N/A;N/A;N/A;N/A;N/A;N/A;N/A;N/A;N/A;N/A;N/A;N/A;N/A;N/A;N/A;N/A;N/A;N/A;N/A;N/A;N/A;N/A;N/A;N/A;N/A;N/A;N/A;N/A;N/A;N/A;N/A;N/A;N/A;N/A;N/A;N/A;N/A;N/A;N/A;N/A;N/A;N/A;N/A;N/A;N/A;N/A;N/A;N/A;N/A;Sí;N/A;N/A;N/A;N/A;N/A;N/A;N/A;N/A;N/A;N/A;N/A;N/A;N/A;N/A;N/A;N/A;N/A;N/A;N/A;N/A;N/A;N/A;N/A;N/A;N/A
Hyundai;Tucson;"2.0 Gl 154cv 6at 2wd";2014;"128 km";;DOMA997525;18600;;;;;Rivera;https://auto.mercadolibre.com.uy/MLU-703731094-hyundai-tucson-20-gl-154cv-6at-2wd-_JM;N/A;;"Hyundai Tucson 2.0 Gl 154cv 6at 2wd";usd;Sí;free;false;N/A;N/A;http://perfil.mercadolibre.com.uy/DOMA997525;active;N/A;N/A;Usado;Gris;N/A;Hidráulica;4x2;Sí;N/A;Sí;N/A;N/A;N/A;N/A;N/A;N/A;N/A;N/A;N/A;N/A;N/A;N/A;N/A;N/A;N/A;N/A;N/A;N/A;N/A;N/A;N/A;N/A;"2630 mm";"2 L";"58 L";6;N/A;N/A;N/A;N/A;N/A;N/A;N/A;N/A;N/A;N/A;N/A;N/A;N/A;N/A;N/A;N/A;N/A;N/A;N/A;N/A;N/A;N/A;N/A;N/A;N/A;N/A;N/A;N/A;N/A;N/A;N/A;Sí;N/A;N/A;N/A;N/A;N/A;N/A;N/A;N/A;N/A;Sí;N/A;N/A;N/A;"1655 mm";"4410 mm";N/A;N/A;N/A;N/A;5;"166 hp";Gl;N/A;4;"1830 mm";"10.4 km/l";N/A;N/A;N/A;N/A;N/A;N/A;N/A;N/A;N/A;Sí;"6.4 km/l";N/A;N/A;N/A;N/A;N/A;N/A;5;2.0;Nafta;Automática;SUV;"Autos y camionetas";N/A;N/A;N/A;N/A;N/A;N/A;UY;N/A;N/A;N/A;N/A;N/A;N/A;N/A;N/A;N/A;N/A;N/A;N/A;N/A;N/A;N/A;N/A;N/A;N/A;N/A;N/A;N/A;N/A;N/A;N/A;N/A;N/A;N/A;N/A;N/A;N/A;N/A;N/A;N/A;N/A;N/A;N/A;N/A;N/A;N/A;N/A;N/A;N/A;N/A;N/A;N/A;N/A;N/A;N/A;N/A;N/A;N/A;N/A;N/A;N/A;N/A;N/A;N/A;N/A;N/A;N/A;N/A;N/A;N/A;N/A;N/A;N/A;N/A;N/A;N/A;N/A;N/A;N/A;N/A;N/A;N/A;N/A;N/A;N/A;N/A;N/A;N/A;N/A;N/A;N/A;N/A;N/A;N/A;N/A;N/A;Sí;N/A;Sí;N/A;N/A;N/A;N/A;N/A;N/A;N/A;N/A;N/A;N/A;Sí;N/A;N/A;N/A;N/A;N/A;N/A;N/A;N/A;N/A;N/A;N/A;N/A
Hyundai;H100;"2.5 Van";2002;"11113 km";;PAHE7384716;3200;;;;;Aguada;https://auto.mercadolibre.com.uy/MLU-701813444-hyundai-h100-25-van-_JM;N/A;;"Hyundai H100 2.5 Van";usd;No;free;false;N/A;N/A;http://perfil.mercadolibre.com.uy/PAHE7384716;active;N/A;N/A;Usado;Blanco;N/A;Hidráulica;4x2;Sí;N/A;N/A;N/A;N/A;N/A;N/A;N/A;N/A;N/A;N/A;N/A;N/A;N/A;N/A;N/A;N/A;N/A;N/A;N/A;N/A;N/A;N/A;N/A;N/A;"3200 mm";"2.5 L";"75 L";N/A;N/A;N/A;N/A;N/A;N/A;N/A;N/A;N/A;N/A;N/A;N/A;N/A;N/A;N/A;N/A;N/A;N/A;N/A;N/A;N/A;N/A;N/A;N/A;N/A;N/A;N/A;N/A;N/A;N/A;N/A;N/A;N/A;N/A;N/A;N/A;N/A;N/A;N/A;N/A;N/A;N/A;N/A;N/A;N/A;N/A;"1925 mm";"5125 mm";N/A;N/A;N/A;N/A;2;"73 hp";N/A;N/A;4;"1920 mm";N/A;N/A;N/A;N/A;N/A;N/A;N/A;N/A;N/A;N/A;N/A;N/A;N/A;N/A;N/A;N/A;N/A;N/A;3;2.5;Diésel;Manual;SUV;"Autos y camionetas";N/A;N/A;N/A;N/A;N/A;N/A;UY;N/A;N/A;N/A;N/A;N/A;N/A;N/A;N/A;N/A;N/A;N/A;N/A;N/A;N/A;N/A;N/A;N/A;N/A;N/A;N/A;N/A;N/A;N/A;N/A;N/A;N/A;N/A;N/A;N/A;N/A;N/A;N/A;N/A;N/A;N/A;N/A;N/A;N/A;N/A;N/A;N/A;N/A;N/A;N/A;N/A;N/A;N/A;N/A;N/A;N/A;N/A;N/A;N/A;N/A;N/A;N/A;N/A;N/A;N/A;N/A;N/A;N/A;N/A;N/A;N/A;N/A;N/A;N/A;N/A;N/A;N/A;N/A;N/A;N/A;N/A;N/A;N/A;N/A;N/A;N/A;N/A;N/A;N/A;N/A;N/A;N/A;N/A;N/A;N/A;Sí;N/A;N/A;N/A;N/A;N/A;N/A;N/A;N/A;N/A;N/A;N/A;N/A;N/A;N/A;N/A;N/A;N/A;N/A;N/A;N/A;N/A;N/A;N/A;N/A;N/A
Hyundai;HB20S;"1.0 Premium Mt";2022;"65000 km";;"GSM ESTUDIO";16000;;;;;Salinas;https://auto.mercadolibre.com.uy/MLU-701609416-hyundai-hb20s-10-premium-mt-_JM;N/A;;"Hyundai Hb20s 1.0 Premium Mt";usd;Sí;free;false;N/A;N/A;http://perfil.mercadolibre.com.uy/GSM+ESTUDIO;active;N/A;N/A;Usado;Gris;Sí;Hidráulica;Delantera;Sí;Sí;N/A;N/A;N/A;N/A;N/A;N/A;N/A;N/A;N/A;Sí;Sí;N/A;N/A;N/A;N/A;N/A;N/A;N/A;N/A;N/A;N/A;N/A;N/A;"2500 mm";"1 L";"50 L";5;N/A;N/A;N/A;N/A;N/A;Sí;N/A;N/A;N/A;N/A;N/A;N/A;N/A;N/A;N/A;N/A;N/A;N/A;N/A;N/A;N/A;N/A;N/A;N/A;N/A;N/A;N/A;N/A;N/A;N/A;N/A;N/A;N/A;Sí;Sí;N/A;N/A;N/A;N/A;N/A;N/A;N/A;N/A;N/A;N/A;"1500 mm";"4200 mm";N/A;N/A;N/A;N/A;5;"80 hp";Comfort;N/A;4;"1680 mm";N/A;No;N/A;N/A;Sí;N/A;N/A;Sí;Sí;N/A;N/A;"12.8 km/l";N/A;N/A;N/A;N/A;N/A;N/A;4;1.0;Nafta;Manual;Sedán;"Autos y camionetas";N/A;N/A;N/A;N/A;N/A;N/A;UY;N/A;No;N/A;N/A;N/A;N/A;N/A;N/A;N/A;N/A;N/A;N/A;N/A;N/A;N/A;N/A;N/A;Sí;N/A;N/A;N/A;N/A;N/A;N/A;N/A;N/A;N/A;N/A;N/A;N/A;N/A;N/A;N/A;N/A;N/A;N/A;N/A;N/A;N/A;N/A;N/A;N/A;N/A;N/A;N/A;N/A;N/A;N/A;N/A;N/A;N/A;N/A;N/A;N/A;N/A;N/A;N/A;N/A;N/A;N/A;N/A;N/A;N/A;N/A;N/A;N/A;N/A;N/A;N/A;N/A;N/A;N/A;N/A;N/A;N/A;N/A;N/A;N/A;N/A;N/A;N/A;N/A;N/A;N/A;N/A;N/A;N/A;N/A;N/A;Sí;N/A;Sí;N/A;Sí;N/A;N/A;N/A;N/A;Sí;N/A;Sí;Sí;N/A;N/A;Sí;Sí;N/A;Sí;N/A;Sí;N/A;N/A;Sí;N/A;Sí
Hyundai;Tucson;"2.0 Gl 6at 2wd";2012;"200000 km";;MALUMORADO;16900;;;;;"San José de Mayo";https://auto.mercadolibre.com.uy/MLU-701598170-hyundai-tucson-20-gl-6at-2wd-_JM;N/A;;"Hyundai Tucson 2.0 Gl 6at 2wd";usd;Sí;free;false;N/A;N/A;http://perfil.mercadolibre.com.uy/MALUMORADO;active;N/A;N/A;Usado;Blanco;N/A;Hidráulica;4x2;Sí;Sí;Sí;N/A;N/A;N/A;N/A;N/A;N/A;N/A;N/A;N/A;Sí;N/A;N/A;N/A;N/A;N/A;N/A;N/A;N/A;N/A;N/A;N/A;N/A;"2630 mm";"2 L";"58 L";6;N/A;N/A;N/A;N/A;N/A;N/A;N/A;N/A;N/A;N/A;N/A;N/A;N/A;N/A;N/A;N/A;N/A;N/A;N/A;N/A;N/A;N/A;N/A;N/A;N/A;N/A;N/A;N/A;N/A;N/A;N/A;Sí;N/A;N/A;N/A;N/A;N/A;N/A;N/A;N/A;N/A;Sí;N/A;N/A;N/A;"1655 mm";"4410 mm";N/A;N/A;N/A;N/A;5;"166 hp";Gl;N/A;4;"1830 mm";"10.4 km/l";N/A;N/A;Sí;Sí;N/A;Sí;N/A;N/A;Sí;Sí;"6.4 km/l";N/A;N/A;N/A;N/A;N/A;"9 a 22";5;2.0;Nafta;Automática;SUV;"Autos y camionetas";N/A;N/A;N/A;N/A;N/A;N/A;UY;N/A;N/A;N/A;N/A;N/A;N/A;N/A;N/A;N/A;N/A;N/A;N/A;N/A;N/A;N/A;N/A;N/A;Sí;N/A;N/A;N/A;N/A;N/A;N/A;N/A;N/A;N/A;N/A;N/A;N/A;N/A;N/A;N/A;N/A;N/A;N/A;N/A;N/A;N/A;N/A;N/A;N/A;N/A;N/A;N/A;N/A;N/A;N/A;N/A;N/A;N/A;N/A;N/A;N/A;N/A;N/A;N/A;N/A;N/A;N/A;N/A;N/A;N/A;N/A;N/A;N/A;N/A;N/A;N/A;N/A;N/A;N/A;N/A;N/A;N/A;N/A;N/A;N/A;N/A;N/A;N/A;N/A;N/A;N/A;N/A;N/A;N/A;N/A;N/A;Sí;Sí;Sí;N/A;N/A;N/A;N/A;N/A;N/A;Sí;N/A;Sí;Sí;Sí;N/A;Sí;Sí;Sí;Sí;Sí;Sí;N/A;Sí;Sí;N/A;Sí
Hyundai;Accent;"1.4 Cvvt Gl Full Sedan";2015;"108000 km";;.TONGA_25;12000;;;;;Aguada;https://auto.mercadolibre.com.uy/MLU-704755514-hyundai-accent-14-cvvt-gl-full-sedan-_JM;N/A;;"Hyundai Accent 1.4 Cvvt Gl Full Sedan";usd;Sí;free;false;N/A;N/A;http://perfil.mercadolibre.com.uy/.TONGA_25;active;N/A;N/A;Usado;Blanco;No;Asistida;Delantera;Sí;Sí;N/A;N/A;N/A;N/A;N/A;N/A;Sí;N/A;N/A;N/A;N/A;N/A;N/A;N/A;N/A;N/A;N/A;N/A;N/A;N/A;N/A;N/A;N/A;"2570 mm";"1.4 L";"43 L";6;N/A;N/A;N/A;N/A;N/A;N/A;N/A;N/A;N/A;N/A;N/A;N/A;N/A;N/A;N/A;N/A;N/A;N/A;N/A;N/A;N/A;N/A;N/A;N/A;N/A;N/A;N/A;N/A;N/A;N/A;N/A;N/A;N/A;N/A;N/A;N/A;N/A;N/A;N/A;N/A;N/A;N/A;N/A;N/A;N/A;"1450 mm";"4370 mm";N/A;N/A;N/A;N/A;5;"108 hp";Gl;N/A;4;"1700 mm";N/A;N/A;N/A;Sí;Sí;N/A;N/A;N/A;N/A;N/A;N/A;N/A;N/A;N/A;N/A;N/A;N/A;"Lunes a domingo de 9 a 20";4;1.4;Nafta;Manual;Sedán;"Autos y camionetas";N/A;N/A;N/A;N/A;N/A;N/A;UY;N/A;No;N/A;N/A;N/A;N/A;N/A;N/A;N/A;N/A;N/A;N/A;N/A;N/A;N/A;N/A;N/A;Sí;N/A;N/A;N/A;N/A;N/A;N/A;N/A;N/A;N/A;N/A;N/A;N/A;N/A;N/A;N/A;N/A;N/A;N/A;N/A;N/A;N/A;N/A;N/A;N/A;N/A;N/A;N/A;N/A;N/A;N/A;N/A;N/A;N/A;N/A;N/A;N/A;N/A;Sí;N/A;N/A;N/A;N/A;N/A;N/A;N/A;N/A;N/A;N/A;N/A;N/A;N/A;N/A;N/A;N/A;N/A;N/A;N/A;N/A;N/A;N/A;N/A;N/A;N/A;N/A;N/A;N/A;N/A;N/A;N/A;N/A;N/A;Sí;Sí;N/A;N/A;Sí;N/A;N/A;N/A;N/A;Sí;N/A;N/A;Sí;N/A;N/A;N/A;N/A;Sí;Sí;Sí;Sí;Sí;N/A;Sí;N/A;Sí
Hyundai;"Grand i10";"Gl 1.25 full";2015;"153000 km";;FERRIZOCLAUDIA20221030092053;10500;;;;;"Paso de la Arena";https://auto.mercadolibre.com.uy/MLU-647201687-hyundai-grand-i10-gl-125-full-_JM;N/A;;"Hyundai Grand I10 Gl 1.25 Full";USD;Sí;free;false;N/A;N/A;http://perfil.mercadolibre.com.uy/FERRIZOCLAUDIA20221030092053;active;N/A;N/A;Usado;N/A;N/A;N/A;N/A;N/A;N/A;N/A;N/A;N/A;N/A;N/A;N/A;N/A;N/A;N/A;N/A;N/A;N/A;N/A;N/A;N/A;N/A;N/A;N/A;N/A;N/A;N/A;N/A;N/A;N/A;N/A;N/A;N/A;N/A;N/A;N/A;N/A;N/A;N/A;N/A;N/A;N/A;N/A;N/A;N/A;N/A;N/A;N/A;N/A;N/A;N/A;N/A;N/A;N/A;N/A;N/A;N/A;N/A;N/A;N/A;N/A;N/A;N/A;N/A;N/A;N/A;N/A;N/A;N/A;N/A;N/A;N/A;N/A;N/A;N/A;N/A;N/A;N/A;N/A;N/A;N/A;N/A;N/A;N/A;N/A;N/A;N/A;N/A;N/A;N/A;N/A;N/A;N/A;N/A;N/A;N/A;N/A;N/A;N/A;N/A;N/A;N/A;N/A;N/A;N/A;N/A;N/A;N/A;5;N/A;Nafta;N/A;N/A;"Autos y camionetas";N/A;N/A;N/A;N/A;N/A;N/A;N/A;N/A;N/A;N/A;N/A;N/A;N/A;N/A;N/A;N/A;N/A;N/A;N/A;N/A;N/A;N/A;N/A;N/A;N/A;N/A;N/A;N/A;N/A;N/A;N/A;N/A;N/A;N/A;N/A;N/A;N/A;N/A;N/A;N/A;N/A;N/A;N/A;N/A;N/A;N/A;N/A;N/A;N/A;N/A;N/A;N/A;N/A;N/A;N/A;N/A;N/A;N/A;N/A;N/A;N/A;N/A;N/A;N/A;N/A;N/A;N/A;N/A;N/A;N/A;N/A;N/A;N/A;N/A;N/A;N/A;N/A;N/A;N/A;N/A;N/A;N/A;N/A;N/A;N/A;N/A;N/A;N/A;N/A;N/A;N/A;N/A;N/A;N/A;N/A;N/A;N/A;N/A;N/A;N/A;N/A;N/A;N/A;N/A;N/A;N/A;N/A;N/A;N/A;N/A;N/A;N/A;N/A;N/A;N/A;N/A;N/A;N/A;N/A;N/A;N/A;N/A
Hyundai;Tucson;"2.0 Gl 6at 2wd";2012;"96000 km";;JDCELULARES;16990;;;;;"Punta del Este";https://auto.mercadolibre.com.uy/MLU-702510196-hyundai-tucson-20-gl-6at-2wd-_JM;N/A;;"Hyundai Tucson 2.0 Gl 6at 2wd";usd;Sí;free;false;N/A;N/A;http://perfil.mercadolibre.com.uy/JDCELULARES;active;N/A;N/A;Usado;Blanco;No;Hidráulica;4x2;Sí;Sí;Sí;N/A;N/A;No;N/A;N/A;No;N/A;N/A;Sí;Sí;N/A;Sí;N/A;N/A;N/A;N/A;N/A;N/A;N/A;N/A;N/A;N/A;"2630 mm";"2 L";"58 L";6;N/A;N/A;N/A;N/A;N/A;No;N/A;N/A;N/A;N/A;N/A;N/A;N/A;N/A;N/A;N/A;N/A;N/A;N/A;N/A;N/A;N/A;N/A;N/A;N/A;N/A;N/A;N/A;N/A;No;N/A;Sí;N/A;N/A;N/A;N/A;N/A;N/A;N/A;N/A;N/A;Sí;N/A;N/A;N/A;"1655 mm";"4410 mm";N/A;N/A;N/A;N/A;5;"166 hp";Gl;N/A;4;"1830 mm";"10.4 km/l";N/A;N/A;No;Sí;N/A;Sí;Sí;N/A;No;Sí;"6.4 km/l";No;No;N/A;N/A;Sí;"Lunes a sabados de 10 a 20";5;2.0;Nafta;Automática;SUV;"Autos y camionetas";No;N/A;N/A;N/A;N/A;N/A;UY;N/A;No;N/A;N/A;N/A;N/A;N/A;N/A;N/A;N/A;N/A;N/A;N/A;N/A;N/A;N/A;N/A;Sí;N/A;N/A;N/A;N/A;N/A;N/A;N/A;N/A;N/A;N/A;N/A;N/A;N/A;N/A;N/A;N/A;N/A;N/A;No;N/A;N/A;N/A;N/A;N/A;N/A;N/A;N/A;N/A;N/A;N/A;N/A;N/A;N/A;N/A;N/A;N/A;No;No;N/A;N/A;N/A;N/A;N/A;N/A;N/A;N/A;N/A;N/A;N/A;N/A;N/A;N/A;N/A;N/A;N/A;N/A;N/A;N/A;N/A;N/A;N/A;N/A;N/A;N/A;N/A;N/A;N/A;N/A;N/A;N/A;No;Sí;Sí;Sí;N/A;Sí;N/A;N/A;N/A;N/A;Sí;No;Sí;Sí;Sí;N/A;Sí;Sí;Sí;Sí;Sí;Sí;No;No;Sí;N/A;Sí
Hyundai;i10;"Hiundai i10";2011;"108800 km";;BAYA1185138;11000;;;;;"Las Piedras";https://auto.mercadolibre.com.uy/MLU-703407188-hyundai-i10-hiundai-i10-_JM;N/A;;"Hyundai I10 Hiundai I10 ";USD;Sí;free;false;N/A;N/A;http://perfil.mercadolibre.com.uy/BAYA1185138;active;N/A;N/A;Usado;N/A;N/A;N/A;N/A;N/A;N/A;N/A;N/A;N/A;N/A;N/A;N/A;N/A;N/A;N/A;N/A;N/A;N/A;N/A;N/A;N/A;N/A;N/A;N/A;N/A;N/A;N/A;N/A;N/A;N/A;N/A;N/A;N/A;N/A;N/A;N/A;N/A;N/A;N/A;N/A;N/A;N/A;N/A;N/A;N/A;N/A;N/A;N/A;N/A;N/A;N/A;N/A;N/A;N/A;N/A;N/A;N/A;N/A;N/A;N/A;N/A;N/A;N/A;N/A;N/A;N/A;N/A;N/A;N/A;N/A;N/A;N/A;N/A;N/A;N/A;N/A;N/A;N/A;N/A;N/A;N/A;N/A;N/A;N/A;N/A;N/A;N/A;N/A;N/A;N/A;N/A;N/A;N/A;N/A;N/A;N/A;N/A;N/A;N/A;N/A;N/A;N/A;N/A;N/A;N/A;N/A;N/A;N/A;5;N/A;Nafta;N/A;N/A;"Autos y camionetas";N/A;N/A;N/A;N/A;N/A;N/A;N/A;N/A;N/A;N/A;N/A;N/A;N/A;N/A;N/A;N/A;N/A;N/A;N/A;N/A;N/A;N/A;N/A;N/A;N/A;N/A;N/A;N/A;N/A;N/A;N/A;N/A;N/A;N/A;N/A;N/A;N/A;N/A;N/A;N/A;N/A;N/A;N/A;N/A;N/A;N/A;N/A;N/A;N/A;N/A;N/A;N/A;N/A;N/A;N/A;N/A;N/A;N/A;N/A;N/A;N/A;N/A;N/A;N/A;N/A;N/A;N/A;N/A;N/A;N/A;N/A;N/A;N/A;N/A;N/A;N/A;N/A;N/A;N/A;N/A;N/A;N/A;N/A;N/A;N/A;N/A;N/A;N/A;N/A;N/A;N/A;N/A;N/A;N/A;N/A;N/A;N/A;N/A;N/A;N/A;N/A;N/A;N/A;N/A;N/A;N/A;N/A;N/A;N/A;N/A;N/A;N/A;N/A;N/A;N/A;N/A;N/A;N/A;N/A;N/A;N/A;N/A
Hyundai;HB20;"1.0 Comfort Mt";2022;"16000 km";;"FEDE RICO97";15200;;;;;Colón;https://auto.mercadolibre.com.uy/MLU-647535309-hyundai-hb20-10-comfort-mt-_JM;N/A;;"Hyundai Hb20 1.0 Comfort Mt";usd;Sí;free;false;N/A;N/A;http://perfil.mercadolibre.com.uy/FEDE+RICO97;active;N/A;N/A;Usado;Gris;Sí;Hidráulica;Delantera;Sí;N/A;Sí;N/A;N/A;N/A;N/A;N/A;N/A;N/A;N/A;N/A;N/A;N/A;N/A;N/A;N/A;N/A;N/A;N/A;N/A;N/A;N/A;N/A;N/A;"2500 mm";"1 L";"50 L";6;N/A;N/A;N/A;N/A;N/A;N/A;N/A;N/A;N/A;N/A;N/A;N/A;N/A;N/A;N/A;N/A;N/A;N/A;N/A;N/A;N/A;N/A;N/A;N/A;N/A;N/A;N/A;N/A;N/A;N/A;N/A;N/A;N/A;Sí;Sí;N/A;N/A;N/A;N/A;N/A;N/A;N/A;N/A;N/A;N/A;"1470 mm";"3920 mm";N/A;N/A;N/A;N/A;5;"101 hp";N/A;N/A;4;"1680 mm";N/A;N/A;N/A;N/A;Sí;N/A;N/A;Sí;Sí;N/A;N/A;"13.8 km/l";N/A;N/A;N/A;N/A;N/A;N/A;5;1.0;Nafta;Manual;Hatchback;"Autos y camionetas";N/A;N/A;N/A;N/A;N/A;N/A;UY;N/A;N/A;N/A;N/A;N/A;N/A;N/A;N/A;N/A;N/A;N/A;N/A;N/A;N/A;N/A;N/A;N/A;N/A;N/A;N/A;N/A;N/A;N/A;N/A;N/A;N/A;N/A;N/A;N/A;N/A;N/A;N/A;N/A;N/A;N/A;N/A;Sí;N/A;N/A;N/A;N/A;N/A;N/A;N/A;N/A;N/A;N/A;N/A;N/A;N/A;N/A;N/A;N/A;N/A;Sí;N/A;N/A;N/A;N/A;N/A;N/A;N/A;N/A;N/A;N/A;N/A;N/A;N/A;N/A;N/A;N/A;N/A;N/A;N/A;N/A;N/A;N/A;N/A;N/A;N/A;N/A;N/A;N/A;N/A;N/A;N/A;N/A;N/A;N/A;N/A;N/A;N/A;N/A;N/A;N/A;N/A;N/A;N/A;N/A;N/A;N/A;N/A;N/A;N/A;N/A;Sí;N/A;N/A;N/A;Sí;N/A;N/A;Sí;N/A;Sí
Hyundai;HB20;"1.6 Comfort Plus 5p";2017;"71800 km";;PATMORELLO;13700;;;;;"Nueva Palmira";https://auto.mercadolibre.com.uy/MLU-704565846-hyundai-hb20-16-comfort-plus-5p-_JM;N/A;;"Hyundai Hb20 1.6 Comfort Plus 5p";usd;Sí;free;false;N/A;N/A;http://perfil.mercadolibre.com.uy/PATMORELLO;active;N/A;N/A;Usado;Gris;N/A;Hidráulica;Delantera;Sí;N/A;Sí;N/A;N/A;N/A;N/A;N/A;N/A;N/A;N/A;N/A;N/A;N/A;N/A;N/A;N/A;N/A;N/A;N/A;N/A;N/A;N/A;N/A;N/A;"2500 mm";"1.6 L";"50 L";6;N/A;N/A;N/A;N/A;N/A;N/A;N/A;N/A;N/A;N/A;N/A;N/A;N/A;N/A;N/A;N/A;N/A;N/A;N/A;N/A;N/A;N/A;N/A;N/A;N/A;N/A;N/A;N/A;N/A;N/A;N/A;N/A;N/A;Sí;Sí;N/A;N/A;N/A;N/A;N/A;N/A;N/A;N/A;N/A;N/A;"1470 mm";"3920 mm";N/A;N/A;N/A;N/A;5;"122 hp";"Comfort Plus";N/A;4;"1680 mm";N/A;N/A;N/A;N/A;Sí;N/A;N/A;Sí;Sí;N/A;N/A;"13.8 km/l";N/A;N/A;N/A;N/A;N/A;N/A;5;1.6;Nafta;Manual;Hatchback;"Autos y camionetas";N/A;N/A;N/A;N/A;N/A;N/A;UY;N/A;N/A;N/A;N/A;N/A;N/A;N/A;N/A;N/A;N/A;N/A;N/A;N/A;N/A;N/A;N/A;N/A;N/A;N/A;N/A;N/A;N/A;N/A;N/A;N/A;N/A;N/A;N/A;N/A;N/A;N/A;N/A;N/A;N/A;N/A;N/A;N/A;N/A;N/A;N/A;N/A;N/A;N/A;N/A;N/A;N/A;N/A;N/A;N/A;N/A;N/A;N/A;N/A;N/A;N/A;N/A;N/A;N/A;N/A;N/A;N/A;N/A;N/A;N/A;N/A;N/A;N/A;N/A;N/A;N/A;N/A;N/A;N/A;N/A;N/A;N/A;N/A;N/A;N/A;N/A;N/A;N/A;N/A;N/A;N/A;N/A;N/A;N/A;N/A;N/A;N/A;N/A;N/A;N/A;N/A;N/A;N/A;N/A;N/A;N/A;N/A;N/A;N/A;N/A;N/A;Sí;N/A;N/A;N/A;Sí;N/A;N/A;Sí;N/A;Sí
Hyundai;Elantra;"1.6 Gls";1995;"121 km";;LADI3844716;50000;;;;;"Paso de Carrasco";https://auto.mercadolibre.com.uy/MLU-704243298-hyundai-elantra-16-gls-_JM;N/A;;"Hyundai Elantra 1.6 Gls";usd;No;free;false;N/A;N/A;http://perfil.mercadolibre.com.uy/LADI3844716;active;N/A;N/A;Usado;Verde;No;Hidráulica;Delantera;N/A;N/A;N/A;N/A;N/A;N/A;N/A;N/A;N/A;N/A;N/A;N/A;Sí;N/A;Sí;N/A;N/A;N/A;N/A;N/A;N/A;N/A;N/A;N/A;N/A;"2700 mm";"1.6 L";"55 L";4;N/A;N/A;N/A;N/A;N/A;N/A;N/A;N/A;N/A;N/A;N/A;N/A;N/A;N/A;N/A;N/A;N/A;N/A;N/A;N/A;N/A;N/A;N/A;N/A;N/A;N/A;N/A;N/A;N/A;N/A;N/A;N/A;N/A;N/A;N/A;N/A;N/A;N/A;N/A;N/A;N/A;N/A;N/A;N/A;N/A;"1445 mm";"4530 mm";N/A;N/A;N/A;N/A;5;"114 hp";Gls;N/A;4;"1775 mm";"12.9 km/l";N/A;N/A;N/A;Sí;N/A;N/A;N/A;N/A;N/A;N/A;"6.7 km/l";N/A;N/A;N/A;N/A;N/A;N/A;4;1.6;Nafta;Manual;Sedán;"Autos y camionetas";N/A;N/A;N/A;N/A;N/A;N/A;UY;N/A;N/A;N/A;N/A;N/A;N/A;N/A;N/A;N/A;N/A;N/A;N/A;N/A;N/A;N/A;N/A;N/A;N/A;N/A;N/A;N/A;N/A;N/A;N/A;N/A;N/A;N/A;N/A;N/A;N/A;N/A;N/A;N/A;N/A;N/A;N/A;N/A;N/A;N/A;N/A;N/A;N/A;N/A;N/A;N/A;N/A;N/A;N/A;N/A;N/A;N/A;N/A;N/A;N/A;N/A;N/A;N/A;N/A;N/A;N/A;N/A;N/A;N/A;N/A;N/A;N/A;N/A;N/A;N/A;N/A;N/A;N/A;N/A;N/A;N/A;N/A;N/A;N/A;N/A;N/A;N/A;N/A;N/A;N/A;N/A;N/A;N/A;N/A;N/A;Sí;N/A;N/A;N/A;N/A;N/A;N/A;N/A;N/A;N/A;N/A;N/A;N/A;N/A;N/A;N/A;N/A;N/A;N/A;N/A;N/A;N/A;N/A;N/A;N/A;N/A
Hyundai;HB20S;"1.6 Comfort Plus 4p";2019;"85000 km";;M4RC3;13500;;;;;Capurro;https://auto.mercadolibre.com.uy/MLU-704277072-hyundai-hb20s-_JM;N/A;;"Hyundai Hb20s";usd;Sí;free;false;N/A;N/A;http://perfil.mercadolibre.com.uy/M4RC3;active;N/A;N/A;Usado;Blanco;N/A;Hidráulica;Delantera;Sí;N/A;N/A;N/A;N/A;N/A;N/A;N/A;N/A;N/A;N/A;N/A;N/A;N/A;N/A;N/A;N/A;N/A;N/A;N/A;N/A;N/A;N/A;N/A;N/A;"2500 mm";"1.6 L";"50 L";5;N/A;N/A;N/A;N/A;N/A;N/A;N/A;N/A;N/A;N/A;N/A;N/A;N/A;N/A;N/A;N/A;N/A;N/A;N/A;N/A;N/A;N/A;N/A;N/A;N/A;N/A;N/A;N/A;N/A;N/A;N/A;N/A;N/A;Sí;Sí;N/A;N/A;N/A;N/A;N/A;N/A;N/A;N/A;N/A;N/A;"1500 mm";"4200 mm";N/A;N/A;N/A;N/A;5;"122 hp";"Comfort Plus";N/A;4;"1680 mm";N/A;N/A;N/A;N/A;Sí;N/A;N/A;Sí;Sí;N/A;N/A;"12.8 km/l";N/A;N/A;N/A;N/A;N/A;N/A;4;1.6;Nafta;Manual;Sedán;"Autos y camionetas";N/A;N/A;N/A;N/A;N/A;N/A;UY;N/A;N/A;N/A;N/A;N/A;N/A;N/A;N/A;N/A;N/A;N/A;N/A;N/A;N/A;N/A;N/A;N/A;N/A;N/A;N/A;N/A;N/A;N/A;N/A;N/A;N/A;N/A;N/A;N/A;N/A;N/A;N/A;N/A;N/A;N/A;N/A;N/A;N/A;N/A;N/A;N/A;N/A;N/A;N/A;N/A;N/A;N/A;N/A;N/A;N/A;N/A;N/A;N/A;N/A;N/A;N/A;N/A;N/A;N/A;N/A;N/A;N/A;N/A;N/A;N/A;N/A;N/A;N/A;N/A;N/A;N/A;N/A;N/A;N/A;N/A;N/A;N/A;N/A;N/A;N/A;N/A;N/A;N/A;N/A;N/A;N/A;N/A;N/A;N/A;N/A;N/A;N/A;N/A;N/A;N/A;N/A;N/A;N/A;N/A;N/A;N/A;N/A;N/A;N/A;N/A;Sí;N/A;N/A;N/A;Sí;N/A;N/A;Sí;N/A;Sí
Hyundai;HB20;"1.6 Comfort Plus 5p";2018;"92300 km";;MAFIOMAXIMILIANO;13500;;;;;Piriápolis;https://auto.mercadolibre.com.uy/MLU-647430373-hyundai-hb20-16-comfort-plus-5p-_JM;N/A;;"Hyundai Hb20 1.6 Comfort Plus 5p";usd;Sí;free;false;N/A;N/A;http://perfil.mercadolibre.com.uy/MAFIOMAXIMILIANO;active;N/A;N/A;Usado;Gris;No;Hidráulica;Delantera;Sí;Sí;Sí;N/A;N/A;N/A;N/A;N/A;N/A;N/A;N/A;N/A;N/A;N/A;N/A;N/A;N/A;N/A;N/A;N/A;N/A;N/A;N/A;N/A;N/A;"2500 mm";"1.6 L";"50 L";6;N/A;N/A;N/A;N/A;N/A;N/A;N/A;N/A;N/A;N/A;N/A;N/A;N/A;N/A;N/A;N/A;N/A;N/A;N/A;N/A;N/A;N/A;N/A;N/A;N/A;N/A;N/A;N/A;N/A;Sí;N/A;N/A;N/A;Sí;Sí;N/A;N/A;N/A;N/A;N/A;N/A;N/A;N/A;N/A;N/A;"1470 mm";"3920 mm";N/A;N/A;N/A;N/A;5;"122 hp";"Comfort Plus";N/A;4;"1680 mm";N/A;N/A;N/A;N/A;Sí;N/A;N/A;Sí;Sí;N/A;N/A;"13.8 km/l";N/A;N/A;N/A;N/A;Sí;N/A;5;1.6;Nafta;Manual;Hatchback;"Autos y camionetas";N/A;N/A;N/A;N/A;No;N/A;UY;N/A;No;N/A;No;N/A;N/A;N/A;N/A;N/A;N/A;N/A;N/A;N/A;N/A;N/A;N/A;N/A;No;N/A;N/A;N/A;N/A;N/A;N/A;N/A;N/A;N/A;N/A;N/A;N/A;N/A;N/A;N/A;N/A;N/A;N/A;N/A;N/A;N/A;N/A;N/A;N/A;N/A;N/A;N/A;N/A;N/A;N/A;N/A;N/A;N/A;N/A;N/A;N/A;N/A;N/A;N/A;N/A;N/A;N/A;N/A;N/A;N/A;N/A;N/A;N/A;N/A;N/A;N/A;N/A;N/A;N/A;N/A;N/A;N/A;N/A;N/A;N/A;N/A;N/A;N/A;N/A;N/A;N/A;N/A;N/A;N/A;N/A;No;Sí;N/A;N/A;N/A;N/A;N/A;N/A;N/A;N/A;Sí;N/A;N/A;Sí;N/A;N/A;N/A;Sí;Sí;N/A;N/A;Sí;N/A;N/A;Sí;N/A;Sí
Hyundai;Tucson;"2.0 Gl 154cv 6mt 2wd";2015;"102000 km";;NERO9453071;14000;;;;;"Punta del Este";https://auto.mercadolibre.com.uy/MLU-703921596-hyundai-tucson-20-gl-154cv-6mt-2wd-_JM;N/A;;"Hyundai Tucson 2.0 Gl 154cv 6mt 2wd";usd;Sí;free;false;N/A;N/A;http://perfil.mercadolibre.com.uy/NERO9453071;active;N/A;N/A;Usado;Blanco;No;Hidráulica;4x2;Sí;N/A;Sí;N/A;N/A;N/A;N/A;N/A;N/A;N/A;N/A;N/A;N/A;N/A;N/A;N/A;N/A;N/A;N/A;N/A;N/A;N/A;N/A;N/A;N/A;"2630 mm";"2 L";"58 L";6;N/A;N/A;N/A;N/A;N/A;N/A;N/A;N/A;N/A;N/A;N/A;N/A;N/A;N/A;N/A;N/A;N/A;N/A;N/A;N/A;N/A;N/A;N/A;N/A;N/A;N/A;N/A;N/A;N/A;N/A;N/A;Sí;N/A;N/A;N/A;N/A;N/A;N/A;N/A;N/A;N/A;Sí;N/A;N/A;N/A;"1655 mm";"4410 mm";N/A;N/A;N/A;N/A;5;"154 hp";Gl;N/A;4;"1830 mm";N/A;N/A;N/A;N/A;N/A;N/A;N/A;N/A;N/A;N/A;Sí;"9.1 km/l";N/A;N/A;N/A;N/A;N/A;"Lunes a lunes";5;2.0;Nafta;Manual;SUV;"Autos y camionetas";N/A;N/A;N/A;N/A;N/A;N/A;UY;N/A;N/A;N/A;N/A;N/A;N/A;N/A;N/A;N/A;N/A;N/A;N/A;N/A;N/A;N/A;N/A;N/A;N/A;N/A;N/A;N/A;N/A;N/A;N/A;N/A;N/A;N/A;N/A;N/A;N/A;N/A;N/A;N/A;N/A;N/A;N/A;N/A;N/A;N/A;N/A;N/A;N/A;N/A;N/A;N/A;N/A;N/A;N/A;N/A;N/A;N/A;N/A;N/A;N/A;N/A;N/A;N/A;N/A;N/A;N/A;N/A;N/A;N/A;N/A;N/A;N/A;N/A;N/A;N/A;N/A;N/A;N/A;N/A;N/A;N/A;N/A;N/A;N/A;N/A;N/A;N/A;N/A;N/A;N/A;N/A;N/A;N/A;N/A;N/A;Sí;N/A;Sí;N/A;N/A;N/A;N/A;N/A;N/A;N/A;N/A;N/A;N/A;Sí;N/A;N/A;N/A;N/A;N/A;N/A;N/A;N/A;N/A;N/A;N/A;N/A
Hyundai;HB20;"1.0 Comfort Mt";2021;"46000 km";;JARCDEMO;14500;;;;;"Lomas de Solymar";https://auto.mercadolibre.com.uy/MLU-703328466-hyundai-hb20-10-comfort-mt-_JM;N/A;;"Hyundai Hb20 1.0 Comfort Mt";usd;Sí;free;false;N/A;N/A;http://perfil.mercadolibre.com.uy/JARCDEMO;active;N/A;N/A;Usado;Rojo;Sí;Hidráulica;Delantera;Sí;N/A;Sí;N/A;N/A;N/A;N/A;N/A;N/A;N/A;N/A;N/A;N/A;N/A;N/A;N/A;N/A;N/A;N/A;N/A;N/A;N/A;N/A;N/A;N/A;"2500 mm";"1 L";"50 L";6;N/A;N/A;N/A;N/A;N/A;N/A;N/A;N/A;N/A;N/A;N/A;N/A;N/A;N/A;N/A;N/A;N/A;N/A;N/A;N/A;N/A;N/A;N/A;N/A;N/A;N/A;N/A;N/A;N/A;N/A;N/A;N/A;N/A;Sí;Sí;N/A;N/A;N/A;N/A;N/A;N/A;N/A;N/A;N/A;N/A;"1470 mm";"3920 mm";N/A;N/A;N/A;N/A;5;"101 hp";N/A;N/A;4;"1680 mm";N/A;N/A;N/A;N/A;Sí;N/A;N/A;Sí;Sí;N/A;N/A;"13.8 km/l";N/A;N/A;N/A;N/A;N/A;N/A;5;1.0;Nafta;Manual;Hatchback;"Autos y camionetas";N/A;N/A;N/A;N/A;N/A;N/A;UY;N/A;N/A;N/A;N/A;N/A;N/A;N/A;N/A;N/A;N/A;N/A;N/A;N/A;N/A;N/A;N/A;N/A;N/A;N/A;N/A;N/A;N/A;N/A;N/A;N/A;N/A;N/A;N/A;N/A;N/A;N/A;N/A;N/A;N/A;N/A;N/A;Sí;N/A;N/A;N/A;N/A;N/A;N/A;N/A;N/A;N/A;N/A;N/A;N/A;N/A;N/A;N/A;N/A;N/A;Sí;N/A;N/A;N/A;N/A;N/A;N/A;N/A;N/A;N/A;N/A;N/A;N/A;N/A;N/A;N/A;N/A;N/A;N/A;N/A;N/A;N/A;N/A;N/A;N/A;N/A;N/A;N/A;N/A;N/A;N/A;N/A;N/A;N/A;N/A;N/A;N/A;N/A;N/A;N/A;N/A;N/A;N/A;N/A;N/A;N/A;N/A;N/A;N/A;N/A;N/A;Sí;N/A;N/A;N/A;Sí;N/A;N/A;Sí;N/A;Sí
Hyundai;"Grand i10";"1.0 Full";2014;"123000 km";;RODRIJOR2;10900;;;;;"La Blanqueada";https://auto.mercadolibre.com.uy/MLU-702981160-aire-direccion-airbags-vidrios-electricos-_JM;N/A;;"Aire, Dirección, Airbags, Vidrios Eléctricos.";USD;Sí;free;false;N/A;N/A;http://perfil.mercadolibre.com.uy/RODRIJOR2;active;N/A;N/A;Usado;Gris;N/A;N/A;N/A;Sí;Sí;N/A;N/A;N/A;N/A;N/A;N/A;N/A;N/A;N/A;N/A;Sí;N/A;N/A;N/A;N/A;N/A;N/A;N/A;N/A;N/A;N/A;N/A;N/A;N/A;N/A;N/A;N/A;N/A;N/A;N/A;N/A;N/A;N/A;N/A;N/A;N/A;N/A;N/A;N/A;N/A;N/A;N/A;N/A;N/A;N/A;N/A;N/A;N/A;N/A;N/A;N/A;N/A;N/A;N/A;N/A;N/A;N/A;N/A;N/A;N/A;N/A;N/A;N/A;N/A;N/A;N/A;N/A;N/A;N/A;N/A;N/A;N/A;N/A;N/A;N/A;N/A;N/A;N/A;N/A;N/A;N/A;N/A;N/A;N/A;N/A;N/A;N/A;N/A;N/A;N/A;N/A;Sí;N/A;N/A;N/A;N/A;N/A;N/A;N/A;N/A;Sí;N/A;5;N/A;Nafta;N/A;N/A;"Autos y camionetas";N/A;N/A;N/A;N/A;N/A;N/A;N/A;N/A;N/A;N/A;N/A;N/A;N/A;N/A;N/A;N/A;N/A;N/A;N/A;N/A;N/A;N/A;N/A;N/A;N/A;N/A;N/A;N/A;N/A;N/A;N/A;N/A;N/A;N/A;N/A;N/A;N/A;N/A;N/A;N/A;N/A;N/A;N/A;N/A;N/A;N/A;N/A;N/A;N/A;N/A;N/A;N/A;N/A;N/A;N/A;N/A;N/A;N/A;N/A;N/A;N/A;N/A;N/A;N/A;N/A;N/A;N/A;N/A;N/A;N/A;N/A;N/A;N/A;N/A;N/A;N/A;N/A;N/A;N/A;N/A;N/A;N/A;N/A;N/A;N/A;N/A;N/A;N/A;N/A;N/A;N/A;N/A;N/A;N/A;N/A;N/A;Sí;N/A;N/A;N/A;N/A;N/A;N/A;N/A;N/A;Sí;N/A;Sí;Sí;N/A;N/A;N/A;N/A;Sí;N/A;N/A;N/A;N/A;N/A;N/A;N/A;N/A
Hyundai;Accent;"1.4 Cvvt Gl Full Hatchback";2014;"93000 km";;IGMA2952553;10900;;;;;Pocitos;https://auto.mercadolibre.com.uy/MLU-702547760-hyundai-accent-14-cvvt-gl-full-hatchback-_JM;N/A;;"Hyundai Accent 1.4 Cvvt Gl Full Hatchback";usd;Sí;free;false;N/A;N/A;http://perfil.mercadolibre.com.uy/IGMA2952553;active;N/A;N/A;Usado;Gris;Sí;Hidráulica;Delantera;Sí;N/A;N/A;N/A;N/A;N/A;N/A;N/A;No;N/A;N/A;N/A;Sí;N/A;Sí;N/A;N/A;N/A;N/A;N/A;N/A;N/A;N/A;N/A;N/A;"2570 mm";"1.4 L";"43 L";6;N/A;N/A;N/A;N/A;N/A;No;N/A;N/A;N/A;N/A;N/A;N/A;N/A;N/A;N/A;N/A;N/A;N/A;N/A;N/A;N/A;N/A;N/A;N/A;N/A;N/A;N/A;N/A;N/A;N/A;N/A;N/A;N/A;N/A;N/A;N/A;N/A;N/A;N/A;N/A;N/A;N/A;N/A;N/A;N/A;"1450 mm";"4115 mm";N/A;N/A;N/A;N/A;5;"108 hp";Gl;N/A;4;"1700 mm";N/A;No;N/A;N/A;Sí;N/A;Sí;N/A;N/A;N/A;N/A;N/A;N/A;N/A;N/A;N/A;N/A;N/A;5;1.4;Nafta;Manual;Hatchback;"Autos y camionetas";N/A;N/A;N/A;N/A;No;N/A;UY;N/A;No;N/A;No;N/A;N/A;N/A;N/A;N/A;N/A;N/A;N/A;N/A;N/A;N/A;N/A;N/A;N/A;N/A;N/A;N/A;N/A;N/A;N/A;N/A;N/A;N/A;N/A;N/A;N/A;N/A;N/A;N/A;N/A;N/A;N/A;No;N/A;N/A;N/A;N/A;N/A;N/A;N/A;N/A;N/A;N/A;N/A;N/A;N/A;N/A;N/A;N/A;N/A;Sí;Sí;N/A;N/A;N/A;N/A;N/A;N/A;N/A;N/A;N/A;N/A;N/A;N/A;N/A;N/A;N/A;N/A;N/A;N/A;N/A;N/A;N/A;N/A;N/A;N/A;N/A;N/A;N/A;N/A;N/A;N/A;N/A;N/A;N/A;Sí;Sí;N/A;N/A;Sí;N/A;N/A;N/A;N/A;N/A;N/A;N/A;N/A;N/A;N/A;N/A;N/A;N/A;Sí;Sí;No;No;No;Sí;N/A;Sí
Hyundai;Accent;"1.4 Cvvt Gl Full Hatchback";2015;"110000 km";;ACNO9322187;13500;;;;;"Colonia del Sacramento";https://auto.mercadolibre.com.uy/MLU-702378588-hyundai-accent-14-cvvt-gl-full-hatchback-_JM;N/A;;"Hyundai Accent 1.4 Cvvt Gl Full Hatchback";usd;Sí;free;false;N/A;N/A;http://perfil.mercadolibre.com.uy/ACNO9322187;active;N/A;N/A;Usado;Gris;N/A;Asistida;Delantera;Sí;N/A;N/A;N/A;N/A;N/A;N/A;N/A;No;N/A;N/A;N/A;Sí;N/A;N/A;N/A;N/A;N/A;N/A;N/A;N/A;N/A;N/A;N/A;N/A;"2570 mm";"1.4 L";"43 L";6;N/A;N/A;N/A;N/A;N/A;N/A;N/A;N/A;N/A;N/A;N/A;N/A;N/A;N/A;N/A;N/A;N/A;N/A;N/A;N/A;N/A;N/A;N/A;N/A;N/A;N/A;N/A;N/A;N/A;N/A;N/A;N/A;N/A;N/A;N/A;N/A;N/A;N/A;N/A;N/A;N/A;N/A;N/A;N/A;N/A;"1450 mm";"4115 mm";N/A;N/A;N/A;N/A;5;"108 hp";Gl;N/A;4;"1700 mm";N/A;N/A;N/A;N/A;N/A;N/A;N/A;N/A;N/A;N/A;N/A;N/A;N/A;N/A;N/A;N/A;N/A;"Lunes a sábados de 09:00 a 19:00 hrs";5;1.4;Nafta;Manual;Hatchback;"Autos y camionetas";N/A;N/A;N/A;N/A;N/A;N/A;UY;N/A;Sí;N/A;N/A;N/A;N/A;N/A;N/A;N/A;N/A;N/A;N/A;N/A;N/A;N/A;N/A;N/A;Sí;N/A;N/A;N/A;N/A;N/A;N/A;N/A;N/A;N/A;N/A;N/A;N/A;N/A;N/A;N/A;N/A;N/A;N/A;N/A;N/A;N/A;N/A;N/A;N/A;N/A;N/A;N/A;N/A;N/A;N/A;N/A;N/A;N/A;N/A;N/A;N/A;N/A;N/A;N/A;N/A;N/A;N/A;N/A;N/A;N/A;N/A;N/A;N/A;N/A;N/A;N/A;N/A;N/A;N/A;N/A;N/A;N/A;N/A;N/A;N/A;N/A;N/A;N/A;N/A;N/A;N/A;N/A;N/A;N/A;N/A;N/A;Sí;Sí;Sí;N/A;Sí;N/A;N/A;N/A;N/A;Sí;N/A;N/A;N/A;N/A;N/A;N/A;N/A;N/A;N/A;N/A;N/A;N/A;N/A;N/A;N/A;N/A
Hyundai;Tucson;"2.0 N 2wd Mt";2009;"233000 km";;ANJU20240424081131;9000;;;;;Aiguá;https://auto.mercadolibre.com.uy/MLU-704807942-hyundai-tucson-2009-20-n-2wd-mt-_JM;N/A;;"Hyundai Tucson 2009 2.0 N 2wd Mt";usd;Sí;free;false;N/A;N/A;http://perfil.mercadolibre.com.uy/ANJU20240424081131;active;N/A;N/A;Usado;N/A;N/A;Hidráulica;4x2;N/A;N/A;Sí;N/A;N/A;N/A;N/A;N/A;No;N/A;N/A;N/A;N/A;N/A;N/A;N/A;N/A;N/A;N/A;N/A;N/A;N/A;N/A;N/A;N/A;"2630 mm";"2 L";"58 L";5;N/A;N/A;N/A;N/A;Sí;N/A;N/A;N/A;N/A;Sí;N/A;N/A;N/A;N/A;N/A;N/A;N/A;N/A;N/A;N/A;N/A;N/A;N/A;N/A;N/A;N/A;N/A;N/A;N/A;N/A;N/A;Sí;N/A;Sí;Sí;N/A;N/A;N/A;N/A;N/A;N/A;N/A;N/A;N/A;N/A;"1730 mm";"4325 mm";N/A;N/A;N/A;N/A;5;"142 hp";N/A;N/A;4;"1830 mm";"10.4 km/l";Sí;N/A;N/A;Sí;N/A;N/A;Sí;N/A;N/A;N/A;"6.6 km/l";N/A;N/A;N/A;N/A;N/A;N/A;5;2.0;Nafta;Manual;SUV;"Autos y camionetas";N/A;N/A;N/A;N/A;N/A;N/A;UY;N/A;N/A;N/A;N/A;N/A;N/A;N/A;N/A;N/A;N/A;N/A;N/A;N/A;N/A;N/A;N/A;N/A;N/A;N/A;N/A;N/A;N/A;N/A;N/A;N/A;N/A;N/A;N/A;N/A;N/A;N/A;N/A;N/A;N/A;N/A;N/A;N/A;N/A;N/A;N/A;N/A;N/A;N/A;N/A;N/A;N/A;N/A;N/A;N/A;N/A;N/A;N/A;N/A;N/A;N/A;N/A;N/A;N/A;N/A;N/A;N/A;N/A;N/A;N/A;N/A;N/A;N/A;N/A;N/A;N/A;N/A;N/A;N/A;N/A;N/A;N/A;N/A;N/A;N/A;N/A;N/A;N/A;N/A;N/A;N/A;N/A;N/A;N/A;N/A;Sí;Sí;Sí;N/A;N/A;N/A;N/A;Sí;N/A;Sí;N/A;N/A;N/A;N/A;N/A;N/A;N/A;N/A;N/A;N/A;N/A;N/A;N/A;Sí;N/A;N/A
Hyundai;HB20;"1.0 Premium Mt";2022;"85000 km";;CAEM1227050;15500;;;;;Rosario;https://auto.mercadolibre.com.uy/MLU-703132546-hyundai-hb20-10-premium-mt-_JM;N/A;;"Hyundai Hb20 1.0 Premium Mt";usd;Sí;free;false;N/A;N/A;http://perfil.mercadolibre.com.uy/CAEM1227050;active;N/A;N/A;Usado;Gris;No;Hidráulica;Delantera;Sí;N/A;Sí;N/A;N/A;N/A;N/A;N/A;N/A;N/A;N/A;N/A;N/A;N/A;N/A;N/A;N/A;N/A;N/A;N/A;N/A;N/A;N/A;N/A;N/A;"2500 mm";"1 L";"50 L";6;N/A;N/A;N/A;N/A;N/A;N/A;N/A;N/A;N/A;N/A;N/A;N/A;N/A;N/A;N/A;N/A;N/A;N/A;N/A;N/A;N/A;N/A;N/A;N/A;N/A;N/A;N/A;N/A;N/A;N/A;N/A;N/A;N/A;Sí;Sí;N/A;N/A;N/A;N/A;N/A;N/A;N/A;N/A;N/A;N/A;"1470 mm";"3920 mm";N/A;N/A;N/A;N/A;5;"80 hp";N/A;N/A;4;"1680 mm";N/A;N/A;N/A;N/A;Sí;N/A;N/A;Sí;Sí;N/A;N/A;"13.8 km/l";N/A;N/A;N/A;N/A;N/A;N/A;5;1.0;Nafta;Manual;Hatchback;"Autos y camionetas";N/A;N/A;N/A;N/A;N/A;N/A;UY;N/A;N/A;N/A;N/A;N/A;N/A;N/A;N/A;N/A;N/A;N/A;N/A;N/A;N/A;N/A;N/A;N/A;N/A;N/A;N/A;N/A;N/A;N/A;N/A;N/A;N/A;N/A;N/A;N/A;N/A;N/A;N/A;N/A;N/A;N/A;N/A;N/A;N/A;N/A;N/A;N/A;N/A;N/A;N/A;N/A;N/A;N/A;N/A;N/A;N/A;N/A;N/A;N/A;N/A;N/A;N/A;N/A;N/A;N/A;N/A;N/A;N/A;N/A;N/A;N/A;N/A;N/A;N/A;N/A;N/A;N/A;N/A;N/A;N/A;N/A;N/A;N/A;N/A;N/A;N/A;N/A;N/A;N/A;N/A;N/A;N/A;N/A;N/A;N/A;N/A;N/A;N/A;N/A;N/A;N/A;N/A;N/A;N/A;N/A;N/A;N/A;N/A;N/A;N/A;N/A;Sí;N/A;N/A;N/A;Sí;N/A;N/A;Sí;N/A;Sí
Hyundai;H1;"2.5 Premium 1 170cv";2017;"190000 km";;LLOVETFERNANDO;25980;;;;;Malvin;https://auto.mercadolibre.com.uy/MLU-702001510-hyundai-h1-2017-25-premium-1-170cv-_JM;N/A;;"Hyundai H1 2017 2.5 Premium 1 170cv";usd;Sí;free;false;N/A;N/A;http://perfil.mercadolibre.com.uy/LLOVETFERNANDO;active;N/A;N/A;Usado;Blanco;N/A;Hidráulica;Trasera;N/A;Sí;Sí;N/A;N/A;N/A;N/A;N/A;N/A;N/A;N/A;N/A;N/A;N/A;N/A;N/A;N/A;N/A;N/A;N/A;N/A;N/A;N/A;N/A;N/A;"3201 mm";"2.5 L";"75 L";6;N/A;N/A;N/A;N/A;N/A;N/A;N/A;N/A;N/A;N/A;N/A;N/A;N/A;N/A;N/A;N/A;N/A;N/A;N/A;N/A;N/A;N/A;N/A;N/A;N/A;N/A;N/A;N/A;N/A;Sí;N/A;Sí;N/A;N/A;N/A;N/A;N/A;N/A;N/A;N/A;N/A;Sí;N/A;N/A;N/A;"1925 mm";"5125 mm";N/A;N/A;N/A;N/A;12;"170 hp";Premium;N/A;4;"1920 mm";"10.9 km/l";No;N/A;N/A;N/A;N/A;Sí;N/A;N/A;N/A;Sí;"7.1 km/l";N/A;N/A;N/A;N/A;N/A;N/A;4;2.5;Diésel;Manual;SUV;"Autos y camionetas";N/A;N/A;N/A;N/A;N/A;N/A;UY;N/A;N/A;N/A;N/A;N/A;N/A;N/A;N/A;N/A;N/A;N/A;N/A;N/A;N/A;N/A;N/A;N/A;N/A;N/A;N/A;N/A;N/A;N/A;N/A;N/A;N/A;N/A;N/A;N/A;N/A;N/A;N/A;N/A;N/A;N/A;N/A;N/A;N/A;N/A;N/A;N/A;N/A;N/A;N/A;N/A;N/A;N/A;N/A;N/A;N/A;N/A;N/A;N/A;N/A;N/A;N/A;N/A;N/A;N/A;N/A;N/A;N/A;N/A;N/A;N/A;N/A;N/A;N/A;N/A;N/A;N/A;N/A;N/A;N/A;N/A;N/A;N/A;N/A;N/A;N/A;N/A;N/A;N/A;N/A;N/A;N/A;N/A;N/A;N/A;Sí;Sí;Sí;N/A;Sí;Sí;N/A;N/A;N/A;Sí;N/A;N/A;Sí;Sí;N/A;Sí;Sí;Sí;Sí;Sí;Sí;N/A;N/A;Sí;N/A;Sí
Hyundai;Elantra;"GLS 1.8 AT";2012;"64500 km";;BRUNOSABATELLA;15500;;;;;Paysandú;https://auto.mercadolibre.com.uy/MLU-703433828-hyundai-elantra-2012-_JM;N/A;;"Hyundai Elantra 2012";USD;Sí;free;false;N/A;N/A;http://perfil.mercadolibre.com.uy/BRUNOSABATELLA;active;N/A;N/A;Usado;Gris;No;Hidráulica;Delantera;Sí;Sí;N/A;N/A;N/A;No;N/A;N/A;Sí;N/A;N/A;Sí;Sí;N/A;Sí;N/A;N/A;N/A;N/A;N/A;N/A;N/A;N/A;N/A;N/A;N/A;N/A;N/A;N/A;N/A;N/A;N/A;N/A;N/A;No;N/A;N/A;N/A;N/A;N/A;N/A;N/A;N/A;N/A;N/A;N/A;N/A;N/A;N/A;N/A;N/A;N/A;N/A;N/A;N/A;N/A;N/A;N/A;No;N/A;N/A;N/A;N/A;N/A;N/A;N/A;N/A;N/A;N/A;N/A;N/A;N/A;N/A;N/A;N/A;N/A;N/A;N/A;N/A;N/A;N/A;N/A;N/A;N/A;N/A;N/A;N/A;No;N/A;Sí;Sí;N/A;Sí;Sí;N/A;Sí;N/A;N/A;No;No;N/A;N/A;No;N/A;4;1.8;Nafta;Automática;Sedán;"Autos y camionetas";N/A;N/A;N/A;N/A;N/A;N/A;N/A;N/A;No;N/A;N/A;N/A;N/A;N/A;N/A;N/A;N/A;N/A;N/A;N/A;N/A;N/A;N/A;N/A;No;N/A;N/A;N/A;N/A;N/A;N/A;N/A;N/A;N/A;N/A;N/A;N/A;N/A;N/A;N/A;N/A;N/A;N/A;No;N/A;N/A;N/A;N/A;N/A;N/A;N/A;N/A;N/A;N/A;N/A;N/A;N/A;N/A;N/A;N/A;N/A;No;No;N/A;N/A;N/A;N/A;N/A;N/A;N/A;N/A;N/A;N/A;N/A;N/A;N/A;N/A;N/A;N/A;N/A;N/A;N/A;N/A;N/A;N/A;N/A;N/A;N/A;N/A;N/A;N/A;N/A;N/A;N/A;N/A;No;Sí;Sí;Sí;N/A;Sí;N/A;N/A;N/A;N/A;Sí;Sí;N/A;Sí;N/A;N/A;Sí;Sí;Sí;Sí;Sí;Sí;Sí;No;Sí;N/A;Sí
Hyundai;Tucson;"1.6t Gdi Sport At";2019;"51691 km";;DIVERHOMEIMPORTACIONES;32000;;;;;Aguada;https://auto.mercadolibre.com.uy/MLU-703411434-hyundai-tucson-16t-gdi-sport-at-_JM;N/A;;"Hyundai Tucson 1.6t Gdi Sport At ";usd;Sí;free;false;N/A;N/A;http://perfil.mercadolibre.com.uy/DIVERHOMEIMPORTACIONES;active;N/A;N/A;Usado;Azul;N/A;Hidráulica;4x2;Sí;N/A;N/A;N/A;N/A;N/A;N/A;N/A;N/A;N/A;N/A;N/A;N/A;N/A;N/A;N/A;N/A;N/A;N/A;N/A;N/A;N/A;N/A;N/A;N/A;"2670 mm";"1.6 L";"62 L";7;N/A;N/A;N/A;N/A;N/A;N/A;N/A;N/A;N/A;N/A;N/A;N/A;N/A;N/A;N/A;N/A;N/A;N/A;N/A;N/A;N/A;N/A;N/A;N/A;N/A;N/A;N/A;N/A;N/A;N/A;N/A;N/A;N/A;N/A;N/A;N/A;N/A;N/A;N/A;N/A;N/A;N/A;N/A;N/A;N/A;"1660 mm";"4475 mm";N/A;N/A;N/A;N/A;5;"132 hp";N/A;N/A;4;"1850 mm";N/A;N/A;N/A;N/A;N/A;N/A;N/A;N/A;N/A;N/A;N/A;N/A;N/A;N/A;N/A;N/A;N/A;"De 10hs a 20hs";5;1.6;Nafta;Automática;SUV;"Autos y camionetas";N/A;N/A;N/A;N/A;N/A;N/A;UY;N/A;N/A;N/A;N/A;N/A;N/A;N/A;N/A;N/A;N/A;N/A;N/A;N/A;N/A;N/A;N/A;N/A;N/A;N/A;N/A;N/A;N/A;N/A;N/A;N/A;N/A;N/A;N/A;N/A;N/A;N/A;N/A;N/A;N/A;N/A;N/A;N/A;N/A;N/A;N/A;N/A;N/A;N/A;N/A;N/A;N/A;N/A;N/A;N/A;N/A;N/A;N/A;N/A;N/A;N/A;N/A;N/A;N/A;N/A;N/A;N/A;N/A;N/A;N/A;N/A;N/A;N/A;N/A;N/A;N/A;N/A;N/A;N/A;N/A;N/A;N/A;N/A;N/A;N/A;N/A;N/A;N/A;N/A;N/A;N/A;N/A;N/A;N/A;N/A;Sí;N/A;N/A;N/A;N/A;N/A;N/A;N/A;N/A;Sí;N/A;N/A;N/A;N/A;N/A;N/A;N/A;N/A;N/A;N/A;N/A;N/A;N/A;N/A;N/A;N/A
Hyundai;HB20;"1.0 Comfort Mt";2022;"100000 km";;HUGHES_BAMBU;14500;;;;;Melilla;https://auto.mercadolibre.com.uy/MLU-703051160-hyundai-hb20-con-pantalla-y-camara-marcha-atras-_JM;N/A;;"Hyundai Hb20 - Con Pantalla Y Cámara Marcha Atrás";usd;Sí;free;false;N/A;N/A;http://perfil.mercadolibre.com.uy/HUGHES_BAMBU;active;N/A;N/A;Usado;Gris;N/A;Hidráulica;Delantera;Sí;N/A;Sí;N/A;N/A;N/A;N/A;N/A;N/A;N/A;N/A;N/A;N/A;N/A;N/A;N/A;N/A;N/A;N/A;N/A;N/A;N/A;N/A;N/A;N/A;"2500 mm";"1 L";"50 L";6;N/A;N/A;N/A;N/A;N/A;N/A;N/A;N/A;N/A;N/A;N/A;N/A;N/A;N/A;N/A;N/A;N/A;N/A;N/A;N/A;N/A;N/A;N/A;N/A;N/A;N/A;N/A;N/A;N/A;N/A;N/A;N/A;N/A;Sí;Sí;N/A;N/A;N/A;N/A;N/A;N/A;N/A;N/A;N/A;N/A;"1470 mm";"3920 mm";N/A;N/A;N/A;N/A;5;"101 hp";N/A;N/A;4;"1680 mm";N/A;N/A;N/A;N/A;Sí;N/A;N/A;Sí;Sí;N/A;N/A;"13.8 km/l";N/A;N/A;N/A;N/A;N/A;24hs;5;1.0;Nafta;Manual;Hatchback;"Autos y camionetas";N/A;N/A;N/A;N/A;N/A;N/A;UY;N/A;N/A;N/A;N/A;N/A;N/A;N/A;N/A;N/A;N/A;N/A;N/A;N/A;N/A;N/A;N/A;N/A;N/A;N/A;N/A;N/A;N/A;N/A;N/A;N/A;N/A;N/A;N/A;N/A;N/A;N/A;N/A;N/A;N/A;N/A;N/A;N/A;N/A;N/A;N/A;N/A;N/A;N/A;N/A;N/A;N/A;N/A;N/A;N/A;N/A;N/A;N/A;N/A;N/A;N/A;N/A;N/A;N/A;N/A;N/A;N/A;N/A;N/A;N/A;N/A;N/A;N/A;N/A;N/A;N/A;N/A;N/A;N/A;N/A;N/A;N/A;N/A;N/A;N/A;N/A;N/A;N/A;N/A;N/A;N/A;N/A;N/A;N/A;N/A;N/A;N/A;N/A;N/A;N/A;N/A;N/A;N/A;N/A;N/A;N/A;N/A;N/A;N/A;N/A;N/A;Sí;N/A;N/A;N/A;Sí;N/A;N/A;Sí;N/A;Sí
Hyundai;Accent;"1.4 Cvvt Gl Full Hatchback";2013;"187963 km";;ARAMBILLETELUCAS20220812081040;11900;;;;;N/A;https://auto.mercadolibre.com.uy/MLU-702941886-hyundai-accent-14-cvvt-gl-full-hatchback-_JM;N/A;;"Hyundai Accent 1.4 Cvvt Gl Full Hatchback";usd;Sí;free;false;N/A;N/A;http://perfil.mercadolibre.com.uy/ARAMBILLETELUCAS20220812081040;active;N/A;N/A;Usado;Gris;No;Hidráulica;Delantera;Sí;Sí;N/A;N/A;N/A;N/A;N/A;N/A;N/A;N/A;N/A;N/A;Sí;N/A;Sí;N/A;N/A;N/A;N/A;N/A;N/A;N/A;N/A;N/A;N/A;"2570 mm";"1.4 L";"43 L";6;N/A;N/A;N/A;N/A;N/A;Sí;N/A;N/A;N/A;N/A;N/A;N/A;N/A;N/A;N/A;N/A;N/A;N/A;N/A;N/A;N/A;N/A;N/A;N/A;N/A;N/A;N/A;N/A;N/A;N/A;N/A;N/A;N/A;N/A;N/A;N/A;N/A;N/A;N/A;N/A;N/A;N/A;N/A;N/A;N/A;"1450 mm";"4115 mm";N/A;N/A;N/A;N/A;5;"108 hp";Gl;N/A;4;"1700 mm";N/A;N/A;N/A;Sí;Sí;N/A;N/A;N/A;N/A;N/A;N/A;N/A;N/A;Sí;N/A;N/A;N/A;"Lunes a viernes de 17:00 a 22:00";5;1.4;Nafta;Manual;Hatchback;"Autos y camionetas";N/A;N/A;N/A;N/A;N/A;N/A;UY;N/A;N/A;N/A;N/A;N/A;N/A;N/A;N/A;N/A;N/A;N/A;N/A;N/A;N/A;N/A;N/A;N/A;N/A;N/A;N/A;N/A;N/A;N/A;N/A;N/A;N/A;N/A;N/A;N/A;N/A;N/A;N/A;N/A;N/A;N/A;N/A;N/A;N/A;N/A;N/A;N/A;N/A;N/A;N/A;N/A;N/A;N/A;N/A;N/A;N/A;N/A;N/A;N/A;N/A;N/A;N/A;N/A;N/A;N/A;N/A;N/A;N/A;N/A;N/A;N/A;N/A;N/A;N/A;N/A;N/A;N/A;N/A;N/A;N/A;N/A;N/A;N/A;N/A;N/A;N/A;N/A;N/A;N/A;N/A;N/A;N/A;N/A;N/A;N/A;Sí;N/A;Sí;N/A;Sí;N/A;N/A;N/A;N/A;Sí;N/A;Sí;Sí;N/A;N/A;N/A;N/A;Sí;Sí;Sí;N/A;Sí;Sí;Sí;N/A;Sí
Hyundai;i10;"Gl 1.1";2009;"198000 km";;MADOSAITAM_01;7490;;;;;"Ciudad del Plata";https://auto.mercadolibre.com.uy/MLU-702205962-vercion-muy-economica-_JM;N/A;;"Vercion Muy Economica";USD;Sí;free;false;N/A;N/A;http://perfil.mercadolibre.com.uy/MADOSAITAM_01;active;N/A;N/A;Usado;Negro;N/A;Mecánica;N/A;N/A;N/A;N/A;N/A;N/A;N/A;N/A;N/A;N/A;N/A;N/A;N/A;N/A;N/A;N/A;N/A;N/A;N/A;N/A;N/A;N/A;N/A;N/A;N/A;N/A;N/A;N/A;N/A;N/A;N/A;N/A;N/A;N/A;N/A;N/A;N/A;N/A;N/A;N/A;N/A;N/A;N/A;N/A;N/A;N/A;N/A;N/A;N/A;N/A;N/A;N/A;N/A;N/A;N/A;N/A;N/A;N/A;N/A;N/A;N/A;N/A;N/A;N/A;N/A;N/A;N/A;N/A;N/A;N/A;N/A;N/A;N/A;N/A;N/A;N/A;N/A;N/A;N/A;N/A;N/A;N/A;N/A;N/A;N/A;N/A;N/A;N/A;N/A;N/A;N/A;N/A;N/A;N/A;N/A;N/A;N/A;N/A;N/A;N/A;N/A;N/A;N/A;N/A;N/A;5;1.1;Nafta;Manual;N/A;"Autos y camionetas";N/A;N/A;N/A;N/A;N/A;N/A;N/A;N/A;N/A;N/A;N/A;N/A;N/A;N/A;N/A;N/A;N/A;N/A;N/A;N/A;N/A;N/A;N/A;N/A;N/A;N/A;N/A;N/A;N/A;N/A;N/A;N/A;N/A;N/A;N/A;N/A;N/A;N/A;N/A;N/A;N/A;N/A;N/A;N/A;N/A;N/A;N/A;N/A;N/A;N/A;N/A;N/A;N/A;N/A;N/A;N/A;N/A;N/A;N/A;N/A;N/A;N/A;N/A;N/A;N/A;N/A;N/A;N/A;N/A;N/A;N/A;N/A;N/A;N/A;N/A;N/A;N/A;N/A;N/A;N/A;N/A;N/A;N/A;N/A;N/A;N/A;N/A;N/A;N/A;N/A;N/A;N/A;N/A;N/A;N/A;N/A;N/A;N/A;N/A;N/A;N/A;N/A;N/A;N/A;N/A;N/A;N/A;N/A;N/A;N/A;N/A;N/A;N/A;N/A;N/A;N/A;N/A;N/A;N/A;N/A;N/A;N/A
Hyundai;Tucson;"2.0 Gl 154cv 6at 2wd";2015;"75514 km";;CAROLINAGUEN;18900;;;;;Malvin;https://auto.mercadolibre.com.uy/MLU-702309630-hyundai-tucson-20-gl-154cv-6at-2wd-_JM;N/A;;"Hyundai Tucson 2.0 Gl 154cv 6at 2wd";usd;Sí;free;false;N/A;N/A;http://perfil.mercadolibre.com.uy/CAROLINAGUEN;active;N/A;N/A;Usado;Plateado;No;Hidráulica;4x2;Sí;Sí;Sí;N/A;N/A;N/A;N/A;N/A;No;N/A;N/A;N/A;Sí;N/A;N/A;N/A;N/A;N/A;N/A;N/A;N/A;N/A;N/A;N/A;N/A;"2630 mm";"2 L";"58 L";6;N/A;N/A;N/A;N/A;N/A;N/A;N/A;N/A;N/A;N/A;N/A;N/A;N/A;N/A;N/A;N/A;N/A;N/A;N/A;N/A;N/A;N/A;N/A;N/A;N/A;N/A;N/A;N/A;N/A;N/A;N/A;Sí;N/A;N/A;N/A;N/A;N/A;N/A;N/A;N/A;N/A;Sí;N/A;N/A;N/A;"1655 mm";"4410 mm";N/A;N/A;N/A;N/A;5;"166 hp";Gl;N/A;4;"1830 mm";"10.4 km/l";N/A;N/A;Sí;Sí;N/A;N/A;N/A;N/A;N/A;Sí;"6.4 km/l";N/A;N/A;N/A;N/A;N/A;N/A;5;2.0;Nafta;Automática;SUV;"Autos y camionetas";N/A;N/A;N/A;N/A;N/A;N/A;UY;N/A;N/A;N/A;N/A;N/A;N/A;N/A;N/A;N/A;N/A;N/A;N/A;N/A;N/A;N/A;N/A;N/A;N/A;N/A;N/A;N/A;N/A;N/A;N/A;N/A;N/A;N/A;N/A;N/A;N/A;N/A;N/A;N/A;N/A;N/A;N/A;No;N/A;N/A;N/A;N/A;N/A;N/A;N/A;N/A;N/A;N/A;N/A;N/A;N/A;N/A;N/A;N/A;N/A;No;Sí;N/A;N/A;N/A;N/A;N/A;N/A;N/A;N/A;N/A;N/A;N/A;N/A;N/A;N/A;N/A;N/A;N/A;N/A;N/A;N/A;N/A;N/A;N/A;N/A;N/A;N/A;N/A;N/A;N/A;N/A;N/A;N/A;N/A;Sí;Sí;Sí;N/A;Sí;N/A;N/A;N/A;N/A;Sí;N/A;N/A;Sí;Sí;N/A;Sí;Sí;Sí;Sí;Sí;Sí;Sí;N/A;N/A;N/A;Sí
Hyundai;H1;"2.5 Wagon 12-p Mt Plus";2008;"50000 km";;PORTOMACARENA;16000;;;;;Salto;https://auto.mercadolibre.com.uy/MLU-646909659-hyundai-h1-25-wagon-12-p-mt-plus-_JM;N/A;;"Hyundai H1 2.5 Wagon 12-p Mt Plus";usd;Sí;free;false;N/A;N/A;http://perfil.mercadolibre.com.uy/PORTOMACARENA;active;N/A;N/A;Usado;Azul;No;Hidráulica;Delantera;N/A;N/A;Sí;N/A;N/A;N/A;N/A;N/A;N/A;N/A;N/A;N/A;N/A;N/A;N/A;N/A;N/A;N/A;N/A;N/A;N/A;N/A;N/A;N/A;N/A;"3201 mm";"2.5 L";"65 L";5;N/A;N/A;N/A;N/A;N/A;N/A;N/A;N/A;N/A;N/A;N/A;N/A;N/A;N/A;N/A;N/A;N/A;N/A;N/A;N/A;N/A;N/A;N/A;N/A;N/A;N/A;N/A;N/A;N/A;Sí;N/A;Sí;N/A;Sí;N/A;N/A;N/A;N/A;N/A;N/A;N/A;No;N/A;N/A;N/A;"1760 mm";"4695 mm";N/A;N/A;N/A;N/A;7;"112 hp";N/A;N/A;4;"1920 mm";"16.8 km/l";N/A;N/A;N/A;N/A;N/A;N/A;N/A;N/A;N/A;N/A;"9.9 km/l";N/A;N/A;N/A;N/A;N/A;N/A;4;2.5;Diésel;Manual;SUV;"Autos y camionetas";N/A;N/A;N/A;N/A;N/A;N/A;UY;N/A;N/A;N/A;N/A;N/A;N/A;N/A;N/A;N/A;N/A;N/A;N/A;N/A;N/A;N/A;N/A;N/A;N/A;N/A;N/A;N/A;N/A;N/A;N/A;N/A;N/A;N/A;N/A;N/A;N/A;N/A;N/A;N/A;N/A;N/A;N/A;N/A;N/A;N/A;N/A;N/A;N/A;N/A;N/A;N/A;N/A;N/A;N/A;N/A;N/A;N/A;N/A;N/A;N/A;N/A;N/A;N/A;N/A;N/A;N/A;N/A;N/A;N/A;N/A;N/A;N/A;N/A;N/A;N/A;N/A;N/A;N/A;N/A;N/A;N/A;N/A;N/A;N/A;N/A;N/A;N/A;N/A;N/A;N/A;N/A;N/A;N/A;N/A;N/A;Sí;N/A;N/A;N/A;N/A;N/A;N/A;Sí;N/A;N/A;N/A;N/A;N/A;N/A;N/A;N/A;N/A;N/A;N/A;N/A;N/A;N/A;N/A;N/A;N/A;N/A
Hyundai;Sonata;"2.0 Hibrido";2017;"89517 km";;ANNETREPAULLIER;15000;;;;;Carrasco;https://auto.mercadolibre.com.uy/MLU-646776737-hyundai-sonata-hibrido-20-2017-_JM;N/A;;"Hyundai Sonata Hibrido 2.0 2017";USD;Sí;free;false;N/A;N/A;http://perfil.mercadolibre.com.uy/ANNETREPAULLIER;active;N/A;N/A;Usado;Gris;Sí;Hidráulica;Delantera;N/A;N/A;N/A;N/A;N/A;N/A;N/A;N/A;N/A;N/A;N/A;N/A;N/A;N/A;N/A;N/A;N/A;N/A;N/A;N/A;N/A;N/A;N/A;N/A;N/A;N/A;N/A;N/A;N/A;N/A;N/A;N/A;N/A;N/A;N/A;N/A;N/A;N/A;N/A;N/A;N/A;N/A;N/A;N/A;N/A;N/A;N/A;N/A;N/A;N/A;N/A;N/A;N/A;N/A;N/A;N/A;N/A;N/A;N/A;N/A;N/A;N/A;N/A;N/A;N/A;N/A;N/A;N/A;N/A;N/A;N/A;N/A;N/A;N/A;N/A;N/A;N/A;N/A;N/A;N/A;N/A;N/A;N/A;N/A;N/A;N/A;N/A;No;N/A;N/A;N/A;N/A;N/A;N/A;N/A;N/A;N/A;N/A;N/A;N/A;N/A;N/A;N/A;N/A;5;2.0;Híbrido;Automática;Sedán;"Autos y camionetas";N/A;N/A;N/A;N/A;N/A;N/A;N/A;N/A;N/A;N/A;N/A;N/A;N/A;N/A;N/A;N/A;N/A;N/A;N/A;N/A;N/A;N/A;N/A;N/A;N/A;N/A;N/A;N/A;N/A;N/A;N/A;N/A;N/A;N/A;N/A;N/A;N/A;N/A;N/A;N/A;N/A;N/A;N/A;N/A;N/A;N/A;N/A;N/A;N/A;N/A;N/A;N/A;N/A;N/A;N/A;N/A;N/A;N/A;N/A;N/A;N/A;N/A;N/A;N/A;N/A;N/A;N/A;N/A;N/A;N/A;N/A;N/A;N/A;N/A;N/A;N/A;N/A;N/A;N/A;N/A;N/A;N/A;N/A;N/A;N/A;N/A;N/A;N/A;N/A;N/A;N/A;N/A;N/A;N/A;N/A;N/A;N/A;N/A;N/A;N/A;N/A;N/A;N/A;N/A;N/A;N/A;N/A;N/A;N/A;N/A;N/A;N/A;N/A;N/A;N/A;N/A;N/A;N/A;N/A;N/A;N/A;N/A
Hyundai;i10;"1.1 Gls Mt";2013;"127000 km";;BAIG929061;8000;;;;;"Bella Italia";https://auto.mercadolibre.com.uy/MLU-703977588-hyundai-i10-11-gls-mt-_JM;N/A;;"Hyundai I10 1.1 Gls Mt";usd;Sí;free;false;N/A;N/A;http://perfil.mercadolibre.com.uy/BAIG929061;active;N/A;N/A;Usado;Plateado;N/A;Hidráulica;Delantera;Sí;Sí;N/A;N/A;N/A;N/A;N/A;N/A;N/A;N/A;N/A;N/A;Sí;N/A;N/A;N/A;N/A;N/A;N/A;N/A;N/A;N/A;N/A;N/A;N/A;"2380 mm";"1.1 L";"35 L";5;N/A;N/A;N/A;N/A;N/A;N/A;N/A;N/A;N/A;N/A;N/A;N/A;N/A;N/A;N/A;N/A;N/A;N/A;N/A;N/A;N/A;N/A;N/A;N/A;N/A;N/A;N/A;N/A;N/A;N/A;N/A;N/A;N/A;N/A;N/A;N/A;N/A;N/A;N/A;N/A;N/A;N/A;N/A;N/A;N/A;"1550 mm";"3585 mm";N/A;N/A;N/A;N/A;5;"69 hp";Gls;N/A;4;"1595 mm";N/A;N/A;N/A;Sí;Sí;N/A;N/A;Sí;N/A;N/A;N/A;N/A;N/A;N/A;N/A;N/A;Sí;N/A;5;1.1;Nafta;Manual;Hatchback;"Autos y camionetas";N/A;N/A;N/A;N/A;N/A;N/A;UY;N/A;N/A;N/A;N/A;N/A;N/A;N/A;N/A;N/A;N/A;N/A;N/A;N/A;N/A;N/A;N/A;N/A;N/A;N/A;N/A;N/A;N/A;N/A;N/A;N/A;N/A;N/A;N/A;N/A;N/A;N/A;N/A;N/A;N/A;N/A;N/A;N/A;N/A;N/A;N/A;N/A;N/A;N/A;N/A;N/A;N/A;N/A;N/A;N/A;N/A;N/A;N/A;N/A;N/A;N/A;Sí;N/A;N/A;N/A;N/A;N/A;N/A;N/A;N/A;N/A;N/A;N/A;N/A;N/A;N/A;N/A;N/A;N/A;N/A;N/A;N/A;N/A;N/A;N/A;N/A;N/A;N/A;N/A;N/A;N/A;N/A;N/A;N/A;N/A;N/A;Sí;Sí;N/A;N/A;N/A;N/A;N/A;N/A;N/A;N/A;N/A;Sí;N/A;N/A;N/A;N/A;Sí;Sí;Sí;Sí;Sí;N/A;Sí;N/A;Sí
Hyundai;Tucson;2.0;2010;"160000 km";;MARIAJOSEINZAURRALDE;13500;;;;;"Brazo Oriental";https://auto.mercadolibre.com.uy/MLU-702866498-hyundai-tucson-20-_JM;N/A;;"Hyundai Tucson 2.0 ";USD;Sí;free;false;N/A;N/A;http://perfil.mercadolibre.com.uy/MARIAJOSEINZAURRALDE;active;N/A;N/A;Usado;N/A;N/A;N/A;N/A;N/A;N/A;N/A;N/A;N/A;N/A;N/A;N/A;N/A;N/A;N/A;N/A;N/A;N/A;N/A;N/A;N/A;N/A;N/A;N/A;N/A;N/A;N/A;N/A;N/A;N/A;N/A;N/A;N/A;N/A;N/A;N/A;N/A;N/A;N/A;N/A;N/A;N/A;N/A;N/A;N/A;N/A;N/A;N/A;N/A;N/A;N/A;N/A;N/A;N/A;N/A;N/A;N/A;N/A;N/A;N/A;N/A;N/A;N/A;N/A;N/A;N/A;N/A;N/A;N/A;N/A;N/A;N/A;N/A;N/A;N/A;N/A;N/A;N/A;N/A;N/A;N/A;N/A;N/A;N/A;N/A;N/A;N/A;N/A;N/A;N/A;N/A;N/A;N/A;N/A;N/A;N/A;N/A;N/A;N/A;N/A;N/A;N/A;N/A;N/A;N/A;N/A;N/A;N/A;5;N/A;Nafta;N/A;N/A;"Autos y camionetas";N/A;N/A;N/A;N/A;N/A;N/A;N/A;N/A;N/A;N/A;N/A;N/A;N/A;N/A;N/A;N/A;N/A;N/A;N/A;N/A;N/A;N/A;N/A;N/A;N/A;N/A;N/A;N/A;N/A;N/A;N/A;N/A;N/A;N/A;N/A;N/A;N/A;N/A;N/A;N/A;N/A;N/A;N/A;N/A;N/A;N/A;N/A;N/A;N/A;N/A;N/A;N/A;N/A;N/A;N/A;N/A;N/A;N/A;N/A;N/A;N/A;N/A;N/A;N/A;N/A;N/A;N/A;N/A;N/A;N/A;N/A;N/A;N/A;N/A;N/A;N/A;N/A;N/A;N/A;N/A;N/A;N/A;N/A;N/A;N/A;N/A;N/A;N/A;N/A;N/A;N/A;N/A;N/A;N/A;N/A;N/A;N/A;N/A;N/A;N/A;N/A;N/A;N/A;N/A;N/A;N/A;N/A;N/A;N/A;N/A;N/A;N/A;N/A;N/A;N/A;N/A;N/A;N/A;N/A;N/A;N/A;N/A
Hyundai;HB20;"1.0 Premium Mt";2022;"80000 km";;"CORI BRUNN";15500;;;;;Rosario;https://auto.mercadolibre.com.uy/MLU-703657448-hyundai-hb20-2022-10-premium-mt-_JM;N/A;;"Hyundai Hb20 2022 1.0 Premium Mt";usd;Sí;free;false;N/A;N/A;http://perfil.mercadolibre.com.uy/CORI+BRUNN;active;N/A;N/A;Usado;N/A;N/A;Hidráulica;Delantera;Sí;N/A;Sí;N/A;N/A;N/A;N/A;N/A;N/A;N/A;N/A;N/A;N/A;N/A;N/A;N/A;N/A;N/A;N/A;N/A;N/A;N/A;N/A;N/A;N/A;"2500 mm";"1 L";"50 L";6;N/A;N/A;N/A;N/A;N/A;N/A;N/A;N/A;N/A;N/A;N/A;N/A;N/A;N/A;N/A;N/A;N/A;N/A;N/A;N/A;N/A;N/A;N/A;N/A;N/A;N/A;N/A;N/A;N/A;N/A;N/A;N/A;N/A;Sí;Sí;N/A;N/A;N/A;N/A;N/A;N/A;N/A;N/A;N/A;N/A;"1470 mm";"3920 mm";N/A;N/A;N/A;N/A;5;"80 hp";N/A;N/A;4;"1680 mm";N/A;N/A;N/A;N/A;Sí;N/A;N/A;Sí;Sí;N/A;N/A;"13.8 km/l";N/A;N/A;N/A;N/A;N/A;N/A;5;1.0;Nafta;Manual;Hatchback;"Autos y camionetas";N/A;N/A;N/A;N/A;N/A;N/A;UY;N/A;N/A;N/A;N/A;N/A;N/A;N/A;N/A;N/A;N/A;N/A;N/A;N/A;N/A;N/A;N/A;N/A;N/A;N/A;N/A;N/A;N/A;N/A;N/A;N/A;N/A;N/A;N/A;N/A;N/A;N/A;N/A;N/A;N/A;N/A;N/A;N/A;N/A;N/A;N/A;N/A;N/A;N/A;N/A;N/A;N/A;N/A;N/A;N/A;N/A;N/A;N/A;N/A;N/A;N/A;N/A;N/A;N/A;N/A;N/A;N/A;N/A;N/A;N/A;N/A;N/A;N/A;N/A;N/A;N/A;N/A;N/A;N/A;N/A;N/A;N/A;N/A;N/A;N/A;N/A;N/A;N/A;N/A;N/A;N/A;N/A;N/A;N/A;N/A;N/A;N/A;N/A;N/A;N/A;N/A;N/A;N/A;N/A;N/A;N/A;N/A;N/A;N/A;N/A;N/A;Sí;N/A;N/A;N/A;Sí;N/A;N/A;Sí;N/A;Sí
Hyundai;"Grand i10";"Grand i10 1.2";2014;"100000 km";;ROAN2463415;12900;;;;;"San José de Mayo";https://auto.mercadolibre.com.uy/MLU-702391588-hyundai-grand-i10-grand-i10-12-_JM;N/A;;"Hyundai Grand I10 Grand I10 1.2";USD;Sí;free;false;N/A;N/A;http://perfil.mercadolibre.com.uy/ROAN2463415;active;N/A;N/A;Usado;N/A;N/A;N/A;N/A;N/A;N/A;N/A;N/A;N/A;N/A;N/A;N/A;N/A;N/A;N/A;N/A;N/A;N/A;N/A;N/A;N/A;N/A;N/A;N/A;N/A;N/A;N/A;N/A;N/A;N/A;N/A;N/A;N/A;N/A;N/A;N/A;N/A;N/A;N/A;N/A;N/A;N/A;N/A;N/A;N/A;N/A;N/A;N/A;N/A;N/A;N/A;N/A;N/A;N/A;N/A;N/A;N/A;N/A;N/A;N/A;N/A;N/A;N/A;N/A;N/A;N/A;N/A;N/A;N/A;N/A;N/A;N/A;N/A;N/A;N/A;N/A;N/A;N/A;N/A;N/A;N/A;N/A;N/A;N/A;N/A;N/A;N/A;N/A;N/A;N/A;N/A;N/A;N/A;N/A;N/A;N/A;N/A;N/A;N/A;N/A;N/A;N/A;N/A;N/A;N/A;N/A;N/A;N/A;5;N/A;Nafta;N/A;N/A;"Autos y camionetas";N/A;N/A;N/A;N/A;N/A;N/A;N/A;N/A;N/A;N/A;N/A;N/A;N/A;N/A;N/A;N/A;N/A;N/A;N/A;N/A;N/A;N/A;N/A;N/A;N/A;N/A;N/A;N/A;N/A;N/A;N/A;N/A;N/A;N/A;N/A;N/A;N/A;N/A;N/A;N/A;N/A;N/A;N/A;N/A;N/A;N/A;N/A;N/A;N/A;N/A;N/A;N/A;N/A;N/A;N/A;N/A;N/A;N/A;N/A;N/A;N/A;N/A;N/A;N/A;N/A;N/A;N/A;N/A;N/A;N/A;N/A;N/A;N/A;N/A;N/A;N/A;N/A;N/A;N/A;N/A;N/A;N/A;N/A;N/A;N/A;N/A;N/A;N/A;N/A;N/A;N/A;N/A;N/A;N/A;N/A;N/A;N/A;N/A;N/A;N/A;N/A;N/A;N/A;N/A;N/A;N/A;N/A;N/A;N/A;N/A;N/A;N/A;N/A;N/A;N/A;N/A;N/A;N/A;N/A;N/A;N/A;N/A
Hyundai;Tucson;"2.0 Gl 5mt 2wd";2012;"105000 km";;VIPA9199537;15000;;;;;Belvedere;https://auto.mercadolibre.com.uy/MLU-701625862-hyundai-tucson-2012-20-gl-5mt-2wd-_JM;N/A;;"Hyundai Tucson 2012 2.0 Gl 5mt 2wd";usd;Sí;free;false;N/A;N/A;http://perfil.mercadolibre.com.uy/VIPA9199537;active;N/A;N/A;Usado;N/A;N/A;Hidráulica;4x2;Sí;N/A;Sí;N/A;N/A;N/A;N/A;N/A;N/A;N/A;N/A;N/A;N/A;N/A;N/A;N/A;N/A;N/A;N/A;N/A;N/A;N/A;N/A;N/A;N/A;"2630 mm";"2 L";"58 L";5;N/A;N/A;N/A;N/A;N/A;N/A;N/A;N/A;N/A;N/A;N/A;N/A;N/A;N/A;N/A;N/A;N/A;N/A;N/A;N/A;N/A;N/A;N/A;N/A;N/A;N/A;N/A;N/A;N/A;N/A;N/A;Sí;N/A;N/A;N/A;N/A;N/A;N/A;N/A;N/A;N/A;Sí;N/A;N/A;N/A;"1655 mm";"4410 mm";N/A;N/A;N/A;N/A;5;"166 hp";Gl;N/A;4;"1830 mm";"9.8 km/l";N/A;N/A;N/A;N/A;N/A;N/A;N/A;N/A;N/A;Sí;"6.1 km/l";N/A;N/A;N/A;N/A;N/A;N/A;5;2.0;Nafta;Manual;SUV;"Autos y camionetas";N/A;N/A;N/A;N/A;N/A;N/A;UY;N/A;N/A;N/A;N/A;N/A;N/A;N/A;N/A;N/A;N/A;N/A;N/A;N/A;N/A;N/A;N/A;N/A;N/A;N/A;N/A;N/A;N/A;N/A;N/A;N/A;N/A;N/A;N/A;N/A;N/A;N/A;N/A;N/A;N/A;N/A;N/A;N/A;N/A;N/A;N/A;N/A;N/A;N/A;N/A;N/A;N/A;N/A;N/A;N/A;N/A;N/A;N/A;N/A;N/A;N/A;N/A;N/A;N/A;N/A;N/A;N/A;N/A;N/A;N/A;N/A;N/A;N/A;N/A;N/A;N/A;N/A;N/A;N/A;N/A;N/A;N/A;N/A;N/A;N/A;N/A;N/A;N/A;N/A;N/A;N/A;N/A;N/A;N/A;N/A;Sí;N/A;Sí;N/A;N/A;N/A;N/A;N/A;N/A;N/A;N/A;N/A;N/A;Sí;N/A;N/A;N/A;N/A;N/A;N/A;N/A;N/A;N/A;N/A;N/A;N/A
Hyundai;HB20S;"1.6 Comfort 4p";2020;"37000 km";;WILSONRAMOS33;17000;;;;;"Treinta y Tres";https://auto.mercadolibre.com.uy/MLU-703671904-hyundai-hb20s-16-conford-_JM;N/A;;"Hyundai Hb20s 1.6 Conford";usd;Sí;free;false;N/A;N/A;http://perfil.mercadolibre.com.uy/WILSONRAMOS33;active;N/A;N/A;Usado;Gris;N/A;Hidráulica;Delantera;Sí;N/A;N/A;N/A;N/A;N/A;N/A;N/A;N/A;N/A;N/A;N/A;N/A;N/A;N/A;N/A;N/A;N/A;N/A;N/A;N/A;N/A;N/A;N/A;N/A;"2500 mm";"1.6 L";"50 L";5;N/A;N/A;N/A;N/A;N/A;N/A;N/A;N/A;N/A;N/A;N/A;N/A;N/A;N/A;N/A;N/A;N/A;N/A;N/A;N/A;N/A;N/A;N/A;N/A;N/A;N/A;N/A;N/A;N/A;N/A;N/A;N/A;N/A;Sí;Sí;N/A;N/A;N/A;N/A;N/A;N/A;N/A;N/A;N/A;N/A;"1500 mm";"4200 mm";N/A;N/A;N/A;N/A;5;"123 hp";Comfort;N/A;4;"1680 mm";N/A;N/A;N/A;N/A;Sí;N/A;N/A;Sí;Sí;N/A;N/A;"12.8 km/l";N/A;N/A;N/A;N/A;N/A;N/A;4;1.6;Nafta;Manual;Sedán;"Autos y camionetas";N/A;N/A;N/A;N/A;N/A;N/A;UY;N/A;N/A;N/A;N/A;N/A;N/A;N/A;N/A;N/A;N/A;N/A;N/A;N/A;N/A;N/A;N/A;N/A;N/A;N/A;N/A;N/A;N/A;N/A;N/A;N/A;N/A;N/A;N/A;N/A;N/A;N/A;N/A;N/A;N/A;N/A;N/A;N/A;N/A;N/A;N/A;N/A;N/A;N/A;N/A;N/A;N/A;N/A;N/A;N/A;N/A;N/A;N/A;N/A;N/A;N/A;N/A;N/A;N/A;N/A;N/A;N/A;N/A;N/A;N/A;N/A;N/A;N/A;N/A;N/A;N/A;N/A;N/A;N/A;N/A;N/A;N/A;N/A;N/A;N/A;N/A;N/A;N/A;N/A;N/A;N/A;N/A;N/A;N/A;N/A;N/A;N/A;N/A;N/A;N/A;N/A;N/A;N/A;N/A;N/A;N/A;N/A;N/A;N/A;N/A;N/A;Sí;N/A;N/A;N/A;Sí;N/A;N/A;Sí;N/A;Sí
Hyundai;Accent;"1.4 Cvvt Gl Full Sedan";2015;"196000 km";;NATALIAFACAL;11500;;;;;"Brazo Oriental";https://auto.mercadolibre.com.uy/MLU-703988514-hyundai-accent-14-cvvt-gl-full-sedan-_JM;N/A;;"Hyundai Accent 1.4 Cvvt Gl Full Sedan";usd;Sí;free;false;N/A;N/A;http://perfil.mercadolibre.com.uy/NATALIAFACAL;active;N/A;N/A;Usado;Gris;Sí;Hidráulica;Delantera;Sí;N/A;N/A;N/A;N/A;N/A;N/A;N/A;N/A;N/A;N/A;N/A;Sí;N/A;Sí;N/A;N/A;N/A;N/A;N/A;N/A;N/A;N/A;N/A;N/A;"2570 mm";"1.4 L";"43 L";6;N/A;N/A;N/A;N/A;N/A;N/A;N/A;N/A;N/A;N/A;N/A;N/A;N/A;N/A;N/A;N/A;N/A;N/A;N/A;N/A;N/A;N/A;N/A;N/A;N/A;N/A;N/A;N/A;N/A;N/A;N/A;N/A;N/A;N/A;N/A;N/A;N/A;N/A;N/A;N/A;N/A;N/A;N/A;N/A;N/A;"1450 mm";"4370 mm";N/A;N/A;N/A;N/A;5;"108 hp";Gl;N/A;4;"1700 mm";N/A;N/A;N/A;Sí;Sí;N/A;N/A;N/A;N/A;N/A;N/A;N/A;N/A;N/A;N/A;N/A;N/A;N/A;4;1.4;Nafta;Manual;Sedán;"Autos y camionetas";N/A;N/A;N/A;N/A;N/A;N/A;UY;N/A;N/A;N/A;N/A;N/A;N/A;N/A;N/A;N/A;N/A;N/A;N/A;N/A;N/A;N/A;N/A;N/A;N/A;N/A;N/A;N/A;N/A;N/A;N/A;N/A;N/A;N/A;N/A;N/A;N/A;N/A;N/A;N/A;N/A;N/A;N/A;N/A;N/A;N/A;N/A;N/A;N/A;N/A;N/A;N/A;N/A;N/A;N/A;N/A;N/A;N/A;N/A;N/A;N/A;N/A;Sí;N/A;N/A;N/A;N/A;N/A;N/A;N/A;N/A;N/A;N/A;N/A;N/A;N/A;N/A;N/A;N/A;N/A;N/A;N/A;N/A;N/A;N/A;N/A;N/A;N/A;N/A;N/A;N/A;N/A;N/A;N/A;N/A;N/A;Sí;Sí;N/A;N/A;Sí;N/A;N/A;N/A;N/A;Sí;N/A;N/A;N/A;N/A;N/A;N/A;Sí;N/A;Sí;Sí;Sí;N/A;N/A;Sí;N/A;Sí
Hyundai;Accent;1.3;1997;"381000 km";;ZR20241208075512;3500;;;;;Atlántida;https://auto.mercadolibre.com.uy/MLU-704000962-hyundai-accent-13-_JM;N/A;;"Hyundai Accent 1.3";USD;No;free;false;N/A;N/A;http://perfil.mercadolibre.com.uy/ZR20241208075512;active;N/A;N/A;Usado;N/A;N/A;N/A;N/A;N/A;N/A;N/A;N/A;N/A;N/A;N/A;N/A;N/A;N/A;N/A;N/A;N/A;N/A;N/A;N/A;N/A;N/A;N/A;N/A;N/A;N/A;N/A;N/A;N/A;N/A;N/A;N/A;N/A;N/A;N/A;N/A;N/A;N/A;N/A;N/A;N/A;N/A;N/A;N/A;N/A;N/A;N/A;N/A;N/A;N/A;N/A;N/A;N/A;N/A;N/A;N/A;N/A;N/A;N/A;N/A;N/A;N/A;N/A;N/A;N/A;N/A;N/A;N/A;N/A;N/A;N/A;N/A;N/A;N/A;N/A;N/A;N/A;N/A;N/A;N/A;N/A;N/A;N/A;N/A;N/A;N/A;N/A;N/A;N/A;N/A;N/A;N/A;N/A;N/A;N/A;N/A;N/A;N/A;N/A;N/A;N/A;N/A;N/A;N/A;N/A;N/A;N/A;N/A;4;N/A;Nafta;N/A;N/A;"Autos y camionetas";N/A;N/A;N/A;N/A;N/A;N/A;N/A;N/A;N/A;N/A;N/A;N/A;N/A;N/A;N/A;N/A;N/A;N/A;N/A;N/A;N/A;N/A;N/A;N/A;N/A;N/A;N/A;N/A;N/A;N/A;N/A;N/A;N/A;N/A;N/A;N/A;N/A;N/A;N/A;N/A;N/A;N/A;N/A;N/A;N/A;N/A;N/A;N/A;N/A;N/A;N/A;N/A;N/A;N/A;N/A;N/A;N/A;N/A;N/A;N/A;N/A;N/A;N/A;N/A;N/A;N/A;N/A;N/A;N/A;N/A;N/A;N/A;N/A;N/A;N/A;N/A;N/A;N/A;N/A;N/A;N/A;N/A;N/A;N/A;N/A;N/A;N/A;N/A;N/A;N/A;N/A;N/A;N/A;N/A;N/A;N/A;N/A;N/A;N/A;N/A;N/A;N/A;N/A;N/A;N/A;N/A;N/A;N/A;N/A;N/A;N/A;N/A;N/A;N/A;N/A;N/A;N/A;N/A;N/A;N/A;N/A;N/A
Hyundai;"Grand i10";"1.0 Full";2015;"104000 km";;YAPA8743819;10800;;;;;"Brazo Oriental";https://auto.mercadolibre.com.uy/MLU-703537236-muy-buen-estado-y-muy-cuidado-_JM;N/A;;"Muy Buen Estado Y Muy Cuidado";USD;Sí;free;false;N/A;N/A;http://perfil.mercadolibre.com.uy/YAPA8743819;active;N/A;N/A;Usado;Rojo;N/A;Hidráulica;N/A;N/A;N/A;N/A;N/A;N/A;N/A;N/A;N/A;N/A;N/A;N/A;N/A;N/A;N/A;N/A;N/A;N/A;N/A;N/A;N/A;N/A;N/A;N/A;N/A;N/A;N/A;N/A;N/A;N/A;N/A;N/A;N/A;N/A;N/A;N/A;N/A;N/A;N/A;N/A;N/A;N/A;N/A;N/A;N/A;N/A;N/A;N/A;N/A;N/A;N/A;N/A;N/A;N/A;N/A;N/A;N/A;N/A;N/A;N/A;N/A;N/A;N/A;N/A;N/A;N/A;N/A;N/A;N/A;N/A;N/A;N/A;N/A;N/A;N/A;N/A;N/A;N/A;N/A;N/A;N/A;N/A;N/A;N/A;N/A;N/A;N/A;N/A;N/A;N/A;N/A;N/A;N/A;N/A;N/A;N/A;N/A;N/A;N/A;N/A;N/A;N/A;N/A;N/A;N/A;5;N/A;Nafta;Manual;N/A;"Autos y camionetas";N/A;N/A;N/A;N/A;N/A;N/A;N/A;N/A;N/A;N/A;N/A;N/A;N/A;N/A;N/A;N/A;N/A;N/A;N/A;N/A;N/A;N/A;N/A;N/A;N/A;N/A;N/A;N/A;N/A;N/A;N/A;N/A;N/A;N/A;N/A;N/A;N/A;N/A;N/A;N/A;N/A;N/A;N/A;N/A;N/A;N/A;N/A;N/A;N/A;N/A;N/A;N/A;N/A;N/A;N/A;N/A;N/A;N/A;N/A;N/A;N/A;N/A;N/A;N/A;N/A;N/A;N/A;N/A;N/A;N/A;N/A;N/A;N/A;N/A;N/A;N/A;N/A;N/A;N/A;N/A;N/A;N/A;N/A;N/A;N/A;N/A;N/A;N/A;N/A;N/A;N/A;N/A;N/A;N/A;N/A;N/A;N/A;N/A;N/A;N/A;N/A;N/A;N/A;N/A;N/A;N/A;N/A;N/A;N/A;N/A;N/A;N/A;N/A;N/A;N/A;N/A;N/A;N/A;N/A;N/A;N/A;N/A
Hyundai;H1;"2.4 Grand Starex Minibus 12as";2008;"300000 km";;CAST2194467;16000;;;;;Salto;https://auto.mercadolibre.com.uy/MLU-703432898-hyundai-minibus-_JM;N/A;;"Hyundai Minibus";USD;Sí;free;false;N/A;N/A;http://perfil.mercadolibre.com.uy/CAST2194467;active;N/A;N/A;Usado;Azul;Sí;Hidráulica;N/A;Sí;Sí;N/A;N/A;N/A;N/A;N/A;N/A;N/A;N/A;N/A;N/A;Sí;N/A;Sí;N/A;N/A;N/A;N/A;N/A;N/A;N/A;N/A;N/A;N/A;N/A;N/A;N/A;N/A;N/A;N/A;N/A;N/A;N/A;N/A;N/A;N/A;N/A;N/A;N/A;N/A;N/A;N/A;N/A;N/A;N/A;N/A;N/A;N/A;N/A;N/A;N/A;N/A;N/A;N/A;N/A;N/A;N/A;Sí;N/A;N/A;N/A;N/A;N/A;N/A;N/A;N/A;N/A;N/A;N/A;N/A;N/A;N/A;N/A;N/A;N/A;N/A;N/A;N/A;N/A;N/A;N/A;N/A;N/A;N/A;N/A;N/A;N/A;N/A;Sí;Sí;N/A;N/A;N/A;N/A;N/A;N/A;N/A;N/A;N/A;N/A;N/A;N/A;"De lunes a lunes llamar por cualquier consulta no molesta.";5;N/A;Nafta;Manual;N/A;"Autos y camionetas";N/A;N/A;N/A;N/A;Sí;N/A;N/A;N/A;Sí;N/A;N/A;N/A;N/A;N/A;N/A;N/A;N/A;N/A;N/A;N/A;N/A;N/A;N/A;N/A;N/A;N/A;N/A;N/A;N/A;N/A;N/A;N/A;N/A;N/A;N/A;N/A;N/A;N/A;N/A;N/A;N/A;N/A;N/A;N/A;N/A;N/A;N/A;N/A;N/A;N/A;N/A;N/A;N/A;N/A;N/A;N/A;N/A;N/A;N/A;N/A;N/A;N/A;Sí;N/A;N/A;N/A;N/A;N/A;N/A;N/A;N/A;N/A;N/A;N/A;N/A;N/A;N/A;N/A;N/A;N/A;N/A;N/A;N/A;N/A;N/A;N/A;N/A;N/A;N/A;N/A;N/A;N/A;N/A;N/A;N/A;N/A;Sí;N/A;N/A;N/A;N/A;N/A;N/A;N/A;N/A;N/A;N/A;N/A;N/A;N/A;N/A;N/A;N/A;Sí;Sí;Sí;Sí;N/A;N/A;N/A;N/A;Sí
Hyundai;Tucson;"2.7 N V6 4wd At 6abg";2010;"178800 km";;RODI3024242;10500;;;;;"Nueva Helvecia";https://auto.mercadolibre.com.uy/MLU-647232731-hyundai-tucson-27-n-v6-4wd-at-6abg-_JM;N/A;;"Hyundai Tucson 2.7 N V6 4wd At 6abg";usd;Sí;free;false;N/A;N/A;http://perfil.mercadolibre.com.uy/RODI3024242;active;N/A;N/A;Usado;Verde;No;Hidráulica;4x4;N/A;N/A;Sí;N/A;N/A;N/A;N/A;N/A;No;N/A;N/A;N/A;N/A;N/A;N/A;N/A;N/A;N/A;N/A;N/A;N/A;N/A;N/A;N/A;N/A;"2630 mm";"2.7 L";"58 L";4;N/A;N/A;N/A;N/A;Sí;N/A;N/A;N/A;N/A;Sí;N/A;N/A;N/A;N/A;N/A;N/A;N/A;N/A;N/A;N/A;N/A;N/A;N/A;N/A;N/A;N/A;N/A;N/A;N/A;N/A;N/A;Sí;N/A;Sí;Sí;N/A;N/A;Sí;N/A;N/A;N/A;N/A;N/A;N/A;N/A;"1730 mm";"4325 mm";N/A;N/A;N/A;N/A;5;"175 hp";N/A;N/A;4;"1830 mm";"13.2 km/l";Sí;N/A;N/A;Sí;N/A;N/A;Sí;N/A;N/A;N/A;"8.2 km/l";N/A;N/A;N/A;N/A;N/A;N/A;5;2.7;Nafta;Automática;SUV;"Autos y camionetas";N/A;N/A;N/A;N/A;N/A;N/A;UY;N/A;N/A;N/A;N/A;N/A;N/A;N/A;N/A;N/A;N/A;N/A;N/A;N/A;N/A;N/A;N/A;N/A;N/A;N/A;N/A;N/A;N/A;N/A;N/A;N/A;N/A;N/A;N/A;N/A;N/A;N/A;N/A;N/A;N/A;N/A;N/A;N/A;N/A;N/A;N/A;N/A;N/A;N/A;N/A;N/A;N/A;N/A;N/A;N/A;N/A;N/A;N/A;N/A;N/A;N/A;N/A;N/A;N/A;N/A;N/A;N/A;N/A;N/A;N/A;N/A;N/A;N/A;N/A;N/A;N/A;N/A;N/A;N/A;N/A;N/A;N/A;N/A;N/A;N/A;N/A;N/A;N/A;N/A;N/A;N/A;N/A;N/A;N/A;N/A;Sí;Sí;Sí;N/A;N/A;N/A;N/A;Sí;N/A;Sí;N/A;N/A;N/A;N/A;N/A;Sí;N/A;N/A;N/A;N/A;N/A;N/A;N/A;Sí;N/A;N/A
Hyundai;Creta;"1.0 T-Gdi Limited At";2023;"27400 km";;CM20241129151420;32500;;;;;N/A;https://auto.mercadolibre.com.uy/MLU-703042108-hyundai-creta-10-t-gdi-limited-at-_JM;N/A;;"Hyundai Creta 1.0 T-gdi Limited At";usd;Sí;free;false;N/A;N/A;http://perfil.mercadolibre.com.uy/CM20241129151420;active;N/A;N/A;Usado;Gris;Sí;Asistida;4x2;Sí;Sí;N/A;N/A;N/A;Sí;N/A;N/A;Sí;N/A;N/A;Sí;Sí;N/A;Sí;N/A;N/A;N/A;N/A;N/A;N/A;N/A;N/A;N/A;N/A;"2610 mm";"1 L";"50 L";6;N/A;N/A;N/A;N/A;N/A;Sí;N/A;N/A;N/A;N/A;N/A;N/A;N/A;N/A;N/A;N/A;N/A;N/A;N/A;N/A;N/A;N/A;N/A;N/A;N/A;N/A;N/A;N/A;N/A;No;N/A;N/A;N/A;N/A;N/A;N/A;N/A;N/A;N/A;N/A;N/A;N/A;N/A;N/A;N/A;"1635 mm";"4290 mm";N/A;N/A;N/A;N/A;5;"120 hp";Limited;N/A;4;"1790 mm";N/A;N/A;N/A;Sí;Sí;N/A;Sí;Sí;N/A;Sí;N/A;N/A;Sí;N/A;N/A;N/A;N/A;N/A;5;1.0;Nafta;Automática;SUV;"Autos y camionetas";No;N/A;N/A;N/A;No;N/A;UY;N/A;No;N/A;No;N/A;N/A;N/A;N/A;N/A;N/A;N/A;N/A;N/A;N/A;N/A;N/A;N/A;Sí;N/A;N/A;N/A;N/A;N/A;N/A;N/A;N/A;N/A;N/A;N/A;N/A;N/A;N/A;N/A;N/A;N/A;N/A;Sí;N/A;N/A;N/A;N/A;N/A;N/A;N/A;N/A;N/A;N/A;N/A;N/A;N/A;N/A;N/A;N/A;N/A;N/A;Sí;N/A;N/A;N/A;N/A;N/A;N/A;N/A;N/A;N/A;N/A;N/A;N/A;N/A;N/A;N/A;N/A;N/A;N/A;N/A;N/A;N/A;N/A;N/A;N/A;N/A;N/A;N/A;N/A;N/A;N/A;N/A;N/A;No;Sí;No;Sí;N/A;Sí;N/A;N/A;N/A;N/A;Sí;Sí;Sí;Sí;N/A;N/A;Sí;Sí;Sí;Sí;Sí;Sí;N/A;N/A;N/A;N/A;Sí
Hyundai;H1;"2.5 Premium 1 170cv";2017;"100000 km";;PEJO3713233;24900;;;;;"Piedras Blancas";https://auto.mercadolibre.com.uy/MLU-702886758-hyundai-h1-2017-25-premium-1-170cv-_JM;N/A;;"Hyundai H1 2017 2.5 Premium 1 170cv";usd;Sí;free;false;N/A;N/A;http://perfil.mercadolibre.com.uy/PEJO3713233;active;N/A;N/A;Usado;N/A;N/A;Hidráulica;Trasera;N/A;N/A;Sí;N/A;N/A;N/A;N/A;N/A;N/A;N/A;N/A;N/A;N/A;N/A;N/A;N/A;N/A;N/A;N/A;N/A;N/A;N/A;N/A;N/A;N/A;"3201 mm";"2.5 L";"75 L";6;N/A;N/A;N/A;N/A;N/A;N/A;N/A;N/A;N/A;N/A;N/A;N/A;N/A;N/A;N/A;N/A;N/A;N/A;N/A;N/A;N/A;N/A;N/A;N/A;N/A;N/A;N/A;N/A;N/A;N/A;N/A;Sí;N/A;N/A;N/A;N/A;N/A;N/A;N/A;N/A;N/A;Sí;N/A;N/A;N/A;"1925 mm";"5125 mm";N/A;N/A;N/A;N/A;12;"170 hp";Premium;N/A;4;"1920 mm";"10.9 km/l";N/A;N/A;N/A;N/A;N/A;N/A;N/A;N/A;N/A;Sí;"7.1 km/l";N/A;N/A;N/A;N/A;N/A;N/A;4;2.5;Diésel;Manual;SUV;"Autos y camionetas";N/A;N/A;N/A;N/A;N/A;N/A;UY;N/A;N/A;N/A;N/A;N/A;N/A;N/A;N/A;N/A;N/A;N/A;N/A;N/A;N/A;N/A;N/A;N/A;N/A;N/A;N/A;N/A;N/A;N/A;N/A;N/A;N/A;N/A;N/A;N/A;N/A;N/A;N/A;N/A;N/A;N/A;N/A;N/A;N/A;N/A;N/A;N/A;N/A;N/A;N/A;N/A;N/A;N/A;N/A;N/A;N/A;N/A;N/A;N/A;N/A;N/A;N/A;N/A;N/A;N/A;N/A;N/A;N/A;N/A;N/A;N/A;N/A;N/A;N/A;N/A;N/A;N/A;N/A;N/A;N/A;N/A;N/A;N/A;N/A;N/A;N/A;N/A;N/A;N/A;N/A;N/A;N/A;N/A;N/A;N/A;Sí;N/A;Sí;N/A;Sí;Sí;N/A;N/A;N/A;Sí;N/A;N/A;N/A;Sí;N/A;Sí;Sí;N/A;N/A;N/A;N/A;N/A;N/A;N/A;N/A;N/A
Hyundai;H1;"G.starex 12 pas 2.4";2008;"2400 km";;DARIOMACALOMBARDORODRGUEZ;16000;;;;;Salto;https://auto.mercadolibre.com.uy/MLU-701901818-hyundai-h1-nafta-24-para-12-pasajeros-_JM;N/A;;"Hyundai H1 Nafta 2.4 Para 12 Pasajeros";USD;Sí;free;false;N/A;N/A;http://perfil.mercadolibre.com.uy/DARIOMACALOMBARDORODRGUEZ;active;N/A;N/A;Usado;Azul;N/A;Hidráulica;N/A;N/A;N/A;N/A;N/A;N/A;N/A;N/A;N/A;N/A;N/A;N/A;N/A;N/A;N/A;N/A;N/A;N/A;N/A;N/A;N/A;N/A;N/A;N/A;N/A;N/A;N/A;N/A;N/A;N/A;N/A;N/A;N/A;N/A;N/A;N/A;N/A;N/A;N/A;N/A;N/A;N/A;N/A;N/A;N/A;N/A;N/A;N/A;N/A;N/A;N/A;N/A;N/A;N/A;N/A;N/A;N/A;N/A;N/A;N/A;N/A;N/A;N/A;N/A;N/A;N/A;N/A;N/A;N/A;N/A;N/A;N/A;N/A;N/A;N/A;N/A;N/A;N/A;N/A;N/A;N/A;N/A;N/A;N/A;N/A;N/A;N/A;N/A;No;N/A;N/A;N/A;N/A;N/A;N/A;N/A;N/A;N/A;N/A;N/A;N/A;N/A;N/A;N/A;N/A;3;2.4;Nafta;Manual;N/A;"Autos y camionetas";N/A;N/A;N/A;N/A;N/A;N/A;N/A;N/A;N/A;N/A;N/A;N/A;N/A;N/A;N/A;N/A;N/A;N/A;N/A;N/A;N/A;N/A;N/A;N/A;N/A;N/A;N/A;N/A;N/A;N/A;N/A;N/A;N/A;N/A;N/A;N/A;N/A;N/A;N/A;N/A;N/A;N/A;N/A;N/A;N/A;N/A;N/A;N/A;N/A;N/A;N/A;N/A;N/A;N/A;N/A;N/A;N/A;N/A;N/A;N/A;N/A;N/A;N/A;N/A;N/A;N/A;N/A;N/A;N/A;N/A;N/A;N/A;N/A;N/A;N/A;N/A;N/A;N/A;N/A;N/A;N/A;N/A;N/A;N/A;N/A;N/A;N/A;N/A;N/A;N/A;N/A;N/A;N/A;N/A;N/A;N/A;N/A;N/A;N/A;N/A;N/A;N/A;N/A;N/A;N/A;N/A;N/A;N/A;N/A;N/A;N/A;N/A;N/A;N/A;N/A;N/A;N/A;N/A;N/A;N/A;N/A;N/A
Hyundai;HB20;"1.0 Premium Mt";2021;"69000 km";;CAAL9162098;16500;;;;;Minas;https://auto.mercadolibre.com.uy/MLU-702003046-hyundai-hb20-2021-10-premium-mt-_JM;N/A;;"Hyundai Hb20 2021 1.0 Premium Mt";usd;Sí;free;false;N/A;N/A;http://perfil.mercadolibre.com.uy/CAAL9162098;active;N/A;N/A;Usado;N/A;N/A;Hidráulica;Delantera;Sí;N/A;Sí;N/A;N/A;N/A;N/A;N/A;N/A;N/A;N/A;N/A;N/A;N/A;N/A;N/A;N/A;N/A;N/A;N/A;N/A;N/A;N/A;N/A;N/A;"2500 mm";"1 L";"50 L";6;N/A;N/A;N/A;N/A;N/A;N/A;N/A;N/A;N/A;N/A;N/A;N/A;N/A;N/A;N/A;N/A;N/A;N/A;N/A;N/A;N/A;N/A;N/A;N/A;N/A;N/A;N/A;N/A;N/A;N/A;N/A;N/A;N/A;Sí;Sí;N/A;N/A;N/A;N/A;N/A;N/A;N/A;N/A;N/A;N/A;"1470 mm";"3920 mm";N/A;N/A;N/A;N/A;5;"80 hp";N/A;N/A;4;"1680 mm";N/A;N/A;N/A;N/A;Sí;N/A;N/A;Sí;Sí;N/A;N/A;"13.8 km/l";N/A;N/A;N/A;N/A;N/A;N/A;5;1.0;Nafta;Manual;Hatchback;"Autos y camionetas";N/A;N/A;N/A;N/A;N/A;N/A;UY;N/A;N/A;N/A;N/A;N/A;N/A;N/A;N/A;N/A;N/A;N/A;N/A;N/A;N/A;N/A;N/A;N/A;N/A;N/A;N/A;N/A;N/A;N/A;N/A;N/A;N/A;N/A;N/A;N/A;N/A;N/A;N/A;N/A;N/A;N/A;N/A;N/A;N/A;N/A;N/A;N/A;N/A;N/A;N/A;N/A;N/A;N/A;N/A;N/A;N/A;N/A;N/A;N/A;N/A;N/A;N/A;N/A;N/A;N/A;N/A;N/A;N/A;N/A;N/A;N/A;N/A;N/A;N/A;N/A;N/A;N/A;N/A;N/A;N/A;N/A;N/A;N/A;N/A;N/A;N/A;N/A;N/A;N/A;N/A;N/A;N/A;N/A;N/A;N/A;N/A;N/A;N/A;N/A;N/A;N/A;N/A;N/A;N/A;N/A;N/A;N/A;N/A;N/A;N/A;N/A;Sí;N/A;N/A;N/A;Sí;N/A;N/A;Sí;N/A;Sí
Hyundai;"Grand i10";"1.0 GL Full";2015;"111000 km";;GESSYM2010;11900;;;;;Pocitos;https://auto.mercadolibre.com.uy/MLU-702058116-hyundai-grand-i10-10-gl-full-_JM;N/A;;"Hyundai Grand I10 1.0 Gl Full";USD;Sí;free;false;N/A;N/A;http://perfil.mercadolibre.com.uy/GESSYM2010;active;N/A;N/A;Usado;Gris;N/A;N/A;N/A;Sí;Sí;N/A;N/A;N/A;N/A;N/A;N/A;N/A;N/A;N/A;N/A;Sí;N/A;N/A;N/A;N/A;N/A;N/A;N/A;N/A;N/A;N/A;N/A;N/A;N/A;N/A;N/A;N/A;N/A;N/A;N/A;N/A;N/A;N/A;N/A;N/A;N/A;N/A;N/A;N/A;N/A;N/A;N/A;N/A;N/A;N/A;N/A;N/A;N/A;N/A;N/A;N/A;N/A;N/A;N/A;N/A;N/A;N/A;N/A;N/A;N/A;N/A;N/A;N/A;N/A;N/A;N/A;N/A;N/A;N/A;N/A;N/A;N/A;N/A;N/A;N/A;N/A;N/A;N/A;N/A;N/A;N/A;N/A;N/A;N/A;N/A;No;N/A;Sí;Sí;N/A;No;N/A;N/A;N/A;N/A;N/A;N/A;N/A;N/A;N/A;N/A;N/A;5;1.0;Nafta;N/A;N/A;"Autos y camionetas";N/A;N/A;N/A;N/A;N/A;N/A;N/A;N/A;N/A;N/A;N/A;N/A;N/A;N/A;N/A;N/A;N/A;N/A;N/A;N/A;N/A;N/A;N/A;N/A;N/A;N/A;N/A;N/A;N/A;N/A;N/A;N/A;N/A;N/A;N/A;N/A;N/A;N/A;N/A;N/A;N/A;N/A;N/A;N/A;N/A;N/A;N/A;N/A;N/A;N/A;N/A;N/A;N/A;N/A;N/A;N/A;N/A;N/A;N/A;N/A;N/A;N/A;N/A;N/A;N/A;N/A;N/A;N/A;N/A;N/A;N/A;N/A;N/A;N/A;N/A;N/A;N/A;N/A;N/A;N/A;N/A;N/A;N/A;N/A;N/A;N/A;N/A;N/A;N/A;N/A;N/A;N/A;N/A;N/A;N/A;N/A;Sí;Sí;N/A;N/A;Sí;N/A;N/A;N/A;N/A;N/A;N/A;N/A;Sí;N/A;N/A;N/A;Sí;N/A;Sí;Sí;N/A;N/A;N/A;Sí;N/A;Sí
Hyundai;Excel;"1.5 Gls 5dr";1994;"200000 km";;FRFL2716608;3800;;;;;Pando;https://auto.mercadolibre.com.uy/MLU-702978572-hyundai-excel-15-gls-5dr-_JM;N/A;;"Hyundai Excel 1.5 Gls 5dr";usd;No;free;false;N/A;N/A;http://perfil.mercadolibre.com.uy/FRFL2716608;active;N/A;N/A;Usado;Gris;N/A;Hidráulica;Delantera;Sí;N/A;N/A;N/A;N/A;N/A;N/A;N/A;N/A;N/A;N/A;N/A;Sí;N/A;N/A;N/A;N/A;N/A;N/A;N/A;N/A;N/A;N/A;N/A;N/A;"2383 mm";"1.5 L";"45 L";5;N/A;N/A;N/A;N/A;N/A;N/A;N/A;N/A;N/A;N/A;N/A;N/A;N/A;N/A;N/A;N/A;N/A;N/A;N/A;N/A;N/A;N/A;N/A;N/A;N/A;N/A;N/A;N/A;N/A;N/A;N/A;N/A;N/A;N/A;N/A;N/A;N/A;N/A;N/A;N/A;N/A;N/A;N/A;N/A;N/A;"1380 mm";"4280 mm";N/A;N/A;N/A;N/A;5;"77 hp";Gls;N/A;2;"1610 mm";"11 km/l";N/A;N/A;N/A;N/A;N/A;N/A;N/A;N/A;N/A;N/A;"7.6 km/l";N/A;N/A;N/A;N/A;N/A;N/A;4;1.5;Nafta;Manual;Sedán;"Autos y camionetas";N/A;N/A;N/A;N/A;N/A;N/A;UY;N/A;N/A;N/A;N/A;N/A;N/A;N/A;N/A;N/A;N/A;N/A;N/A;N/A;N/A;N/A;N/A;N/A;N/A;N/A;N/A;N/A;N/A;N/A;N/A;N/A;N/A;N/A;N/A;N/A;N/A;N/A;N/A;N/A;N/A;N/A;N/A;N/A;N/A;N/A;N/A;N/A;N/A;N/A;N/A;N/A;N/A;N/A;N/A;N/A;N/A;N/A;N/A;N/A;N/A;N/A;N/A;N/A;N/A;N/A;N/A;N/A;N/A;N/A;N/A;N/A;N/A;N/A;N/A;N/A;N/A;N/A;N/A;N/A;N/A;N/A;N/A;N/A;N/A;N/A;N/A;N/A;N/A;N/A;N/A;N/A;N/A;N/A;N/A;N/A;Sí;N/A;N/A;N/A;N/A;N/A;N/A;N/A;N/A;N/A;N/A;N/A;N/A;N/A;N/A;N/A;N/A;N/A;N/A;N/A;N/A;N/A;N/A;N/A;N/A;N/A
Hyundai;Veloster;"1.6 130cv At";2012;"89000 km";;WINTERFELL_UY;20890;;;;;"Las Piedras";https://auto.mercadolibre.com.uy/MLU-703115446-hyundai-veloster-2012-16-130cv-at-_JM;N/A;;"Hyundai Veloster 2012 1.6 130cv At";usd;Sí;free;false;N/A;N/A;http://perfil.mercadolibre.com.uy/WINTERFELL_UY;active;N/A;N/A;Usado;N/A;N/A;Hidráulica;Delantera;N/A;N/A;Sí;N/A;N/A;N/A;N/A;N/A;N/A;N/A;N/A;N/A;N/A;N/A;N/A;N/A;N/A;N/A;N/A;N/A;N/A;N/A;N/A;N/A;N/A;"2650 mm";"1.6 L";"50 L";6;N/A;N/A;N/A;N/A;N/A;N/A;N/A;N/A;N/A;N/A;N/A;N/A;N/A;N/A;N/A;N/A;N/A;N/A;N/A;N/A;N/A;N/A;N/A;N/A;N/A;N/A;N/A;N/A;N/A;N/A;N/A;Sí;N/A;N/A;N/A;N/A;N/A;N/A;N/A;N/A;N/A;Sí;N/A;N/A;N/A;"1399 mm";"4220 mm";N/A;N/A;N/A;N/A;4;"130 hp";N/A;N/A;4;"1790 mm";N/A;N/A;N/A;N/A;Sí;N/A;N/A;N/A;N/A;N/A;N/A;N/A;N/A;N/A;N/A;N/A;N/A;N/A;2;1.6;Nafta;Automática;Coupé;"Autos y camionetas";N/A;N/A;N/A;N/A;N/A;N/A;UY;N/A;N/A;N/A;N/A;N/A;N/A;N/A;N/A;N/A;N/A;N/A;N/A;N/A;N/A;N/A;N/A;N/A;N/A;N/A;N/A;N/A;N/A;N/A;N/A;N/A;N/A;N/A;N/A;N/A;N/A;N/A;N/A;N/A;N/A;N/A;N/A;N/A;N/A;N/A;N/A;N/A;N/A;N/A;N/A;N/A;N/A;N/A;N/A;N/A;N/A;N/A;N/A;N/A;N/A;N/A;N/A;N/A;N/A;N/A;N/A;N/A;N/A;N/A;N/A;N/A;N/A;N/A;N/A;N/A;N/A;N/A;N/A;N/A;N/A;N/A;N/A;N/A;N/A;N/A;N/A;N/A;N/A;N/A;N/A;N/A;N/A;N/A;N/A;N/A;Sí;N/A;Sí;N/A;N/A;N/A;N/A;N/A;N/A;N/A;N/A;N/A;N/A;Sí;N/A;N/A;N/A;N/A;N/A;N/A;N/A;N/A;N/A;N/A;N/A;N/A
Hyundai;"Grand i10";"1.2 Gls Seg 87cv Mt";2015;"104000 km";;BRAZUNAANDRES;11000;;;;;"Colonia del Sacramento";https://auto.mercadolibre.com.uy/MLU-704329738-hyundai-grand-i10-2015-12-gls-seg-87cv-mt-_JM;N/A;;"Hyundai Grand I10 2015 1.2 Gls Seg 87cv Mt";usd;Sí;free;false;N/A;N/A;http://perfil.mercadolibre.com.uy/BRAZUNAANDRES;active;N/A;N/A;Usado;N/A;N/A;Hidráulica;Delantera;Sí;N/A;Sí;N/A;N/A;N/A;N/A;N/A;N/A;N/A;N/A;N/A;N/A;N/A;N/A;N/A;N/A;N/A;N/A;N/A;N/A;N/A;N/A;N/A;N/A;"2425 mm";"1.2 L";"43 L";5;N/A;N/A;N/A;N/A;Sí;N/A;N/A;N/A;N/A;N/A;N/A;N/A;N/A;N/A;N/A;N/A;N/A;N/A;N/A;N/A;N/A;N/A;N/A;N/A;N/A;N/A;N/A;N/A;N/A;N/A;N/A;Sí;N/A;Sí;N/A;N/A;N/A;N/A;N/A;N/A;N/A;Sí;N/A;N/A;N/A;"1505 mm";"3765 mm";N/A;N/A;N/A;N/A;5;"87 hp";Gls;N/A;4;"1660 mm";N/A;N/A;N/A;N/A;N/A;N/A;N/A;N/A;N/A;N/A;N/A;N/A;N/A;N/A;N/A;N/A;N/A;N/A;5;1.2;Nafta;Manual;Hatchback;"Autos y camionetas";N/A;N/A;N/A;N/A;N/A;N/A;UY;N/A;N/A;N/A;N/A;N/A;N/A;N/A;N/A;N/A;N/A;N/A;N/A;N/A;N/A;N/A;N/A;N/A;N/A;N/A;N/A;N/A;N/A;N/A;N/A;N/A;N/A;N/A;N/A;N/A;N/A;N/A;N/A;N/A;N/A;N/A;N/A;N/A;N/A;N/A;N/A;N/A;N/A;N/A;N/A;N/A;N/A;N/A;N/A;N/A;N/A;N/A;N/A;N/A;N/A;N/A;N/A;N/A;N/A;N/A;N/A;N/A;N/A;N/A;N/A;N/A;N/A;N/A;N/A;N/A;N/A;N/A;N/A;N/A;N/A;N/A;N/A;N/A;N/A;N/A;N/A;N/A;N/A;N/A;N/A;N/A;N/A;N/A;N/A;N/A;Sí;N/A;Sí;N/A;N/A;N/A;N/A;N/A;N/A;N/A;N/A;N/A;N/A;Sí;N/A;N/A;N/A;N/A;N/A;N/A;N/A;N/A;N/A;N/A;N/A;N/A
Hyundai;Tucson;"2.0 Gl 5mt 2wd";2011;"170000 km";;REJO3455661;13500;;;;;"Sarandí del Yi";https://auto.mercadolibre.com.uy/MLU-647522607-hyundai-tucson-20-gl-5mt-2wd-_JM;N/A;;"Hyundai Tucson 2.0 Gl 5mt 2wd";usd;Sí;free;false;N/A;N/A;http://perfil.mercadolibre.com.uy/REJO3455661;active;N/A;N/A;Usado;Plateado;No;Hidráulica;4x2;Sí;Sí;Sí;N/A;N/A;No;N/A;N/A;No;N/A;N/A;No;Sí;N/A;N/A;N/A;N/A;N/A;N/A;N/A;N/A;N/A;N/A;N/A;N/A;"2630 mm";"2 L";"58 L";5;N/A;N/A;N/A;N/A;N/A;Sí;N/A;N/A;N/A;N/A;N/A;N/A;N/A;N/A;N/A;N/A;N/A;N/A;N/A;N/A;N/A;N/A;N/A;N/A;N/A;N/A;N/A;N/A;N/A;N/A;N/A;Sí;N/A;N/A;N/A;N/A;N/A;N/A;N/A;N/A;N/A;Sí;N/A;N/A;N/A;"1655 mm";"4410 mm";N/A;N/A;N/A;N/A;5;"166 hp";Gl;N/A;4;"1830 mm";"9.8 km/l";No;N/A;No;Sí;N/A;No;Sí;N/A;N/A;Sí;"6.1 km/l";N/A;N/A;N/A;N/A;Sí;N/A;5;2.0;Nafta;Manual;SUV;"Autos y camionetas";No;N/A;N/A;N/A;N/A;N/A;UY;N/A;No;N/A;No;N/A;N/A;N/A;N/A;N/A;N/A;N/A;N/A;N/A;N/A;N/A;N/A;N/A;N/A;N/A;N/A;N/A;N/A;N/A;N/A;N/A;N/A;N/A;N/A;N/A;N/A;N/A;N/A;N/A;N/A;N/A;N/A;No;N/A;N/A;N/A;N/A;N/A;N/A;N/A;N/A;N/A;N/A;N/A;N/A;N/A;N/A;N/A;N/A;N/A;No;No;N/A;N/A;N/A;N/A;N/A;N/A;N/A;N/A;N/A;N/A;N/A;N/A;N/A;N/A;N/A;N/A;N/A;N/A;N/A;N/A;N/A;N/A;N/A;N/A;N/A;N/A;N/A;N/A;N/A;N/A;N/A;N/A;No;Sí;Sí;Sí;N/A;Sí;N/A;N/A;N/A;N/A;Sí;N/A;N/A;Sí;Sí;N/A;Sí;Sí;Sí;Sí;Sí;Sí;Sí;Sí;Sí;N/A;Sí
Hyundai;HB20;"1.6 Comfort Plus 5p";2019;"52000 km";;IGNACIOHOR;14200;;;;;"Santa Lucía";https://auto.mercadolibre.com.uy/MLU-703146822-hyundai-hb20-16-comfort-plus-5p-_JM;N/A;;"Hyundai Hb20 1.6 Comfort Plus 5p";usd;Sí;free;false;N/A;N/A;http://perfil.mercadolibre.com.uy/IGNACIOHOR;active;N/A;N/A;Usado;Dorado;N/A;Hidráulica;Delantera;Sí;N/A;Sí;N/A;N/A;N/A;N/A;N/A;N/A;N/A;N/A;N/A;N/A;N/A;N/A;N/A;N/A;N/A;N/A;N/A;N/A;N/A;N/A;N/A;N/A;"2500 mm";"1.6 L";"50 L";6;N/A;N/A;N/A;N/A;N/A;N/A;N/A;N/A;N/A;N/A;N/A;N/A;N/A;N/A;N/A;N/A;N/A;N/A;N/A;N/A;N/A;N/A;N/A;N/A;N/A;N/A;N/A;N/A;N/A;N/A;N/A;N/A;N/A;Sí;Sí;N/A;N/A;N/A;N/A;N/A;N/A;N/A;N/A;N/A;N/A;"1470 mm";"3920 mm";N/A;N/A;N/A;N/A;5;"122 hp";"Comfort Plus";N/A;4;"1680 mm";N/A;N/A;N/A;N/A;Sí;N/A;N/A;Sí;Sí;N/A;N/A;"13.8 km/l";N/A;N/A;N/A;N/A;N/A;N/A;5;1.6;Nafta;Manual;Hatchback;"Autos y camionetas";N/A;N/A;N/A;N/A;N/A;N/A;UY;N/A;N/A;N/A;N/A;N/A;N/A;N/A;N/A;N/A;N/A;N/A;N/A;N/A;N/A;N/A;N/A;N/A;N/A;N/A;N/A;N/A;N/A;N/A;N/A;N/A;N/A;N/A;N/A;N/A;N/A;N/A;N/A;N/A;N/A;N/A;N/A;N/A;N/A;N/A;N/A;N/A;N/A;N/A;N/A;N/A;N/A;N/A;N/A;N/A;N/A;N/A;N/A;N/A;N/A;N/A;N/A;N/A;N/A;N/A;N/A;N/A;N/A;N/A;N/A;N/A;N/A;N/A;N/A;N/A;N/A;N/A;N/A;N/A;N/A;N/A;N/A;N/A;N/A;N/A;N/A;N/A;N/A;N/A;N/A;N/A;N/A;N/A;N/A;N/A;N/A;N/A;N/A;N/A;N/A;N/A;N/A;N/A;N/A;N/A;N/A;N/A;N/A;N/A;N/A;N/A;Sí;N/A;N/A;N/A;Sí;N/A;N/A;Sí;N/A;Sí
Hyundai;i10;"1.1 Gls Mt";2013;"99500 km";;PELU5468845;7500;;;;;Carmelo;https://auto.mercadolibre.com.uy/MLU-647312927-hyundai-i10-11-gls-mt-_JM;N/A;;"Hyundai I10 1.1 Gls Mt";usd;Sí;free;false;N/A;N/A;http://perfil.mercadolibre.com.uy/PELU5468845;active;N/A;N/A;Usado;Gris;N/A;Hidráulica;Delantera;N/A;N/A;N/A;N/A;N/A;N/A;N/A;N/A;N/A;N/A;N/A;N/A;N/A;N/A;N/A;N/A;N/A;N/A;N/A;N/A;N/A;N/A;N/A;N/A;N/A;"2380 mm";"1.1 L";"35 L";5;N/A;N/A;N/A;N/A;N/A;N/A;N/A;N/A;N/A;N/A;N/A;N/A;N/A;N/A;N/A;N/A;N/A;N/A;N/A;N/A;N/A;N/A;N/A;N/A;N/A;N/A;N/A;N/A;N/A;N/A;N/A;N/A;N/A;N/A;N/A;N/A;N/A;N/A;N/A;N/A;N/A;N/A;N/A;N/A;N/A;"1550 mm";"3585 mm";N/A;N/A;N/A;N/A;5;"69 hp";Gls;N/A;4;"1595 mm";N/A;N/A;N/A;N/A;N/A;N/A;N/A;N/A;N/A;N/A;N/A;N/A;N/A;N/A;N/A;N/A;N/A;N/A;5;1.1;Nafta;Manual;Hatchback;"Autos y camionetas";N/A;N/A;N/A;N/A;N/A;N/A;UY;N/A;N/A;N/A;N/A;N/A;N/A;N/A;N/A;N/A;N/A;N/A;N/A;N/A;N/A;N/A;N/A;N/A;N/A;N/A;N/A;N/A;N/A;N/A;N/A;N/A;N/A;N/A;N/A;N/A;N/A;N/A;N/A;N/A;N/A;N/A;N/A;N/A;N/A;N/A;N/A;N/A;N/A;N/A;N/A;N/A;N/A;N/A;N/A;N/A;N/A;N/A;N/A;N/A;N/A;N/A;N/A;N/A;N/A;N/A;N/A;N/A;N/A;N/A;N/A;N/A;N/A;N/A;N/A;N/A;N/A;N/A;N/A;N/A;N/A;N/A;N/A;N/A;N/A;N/A;N/A;N/A;N/A;N/A;N/A;N/A;N/A;N/A;N/A;N/A;N/A;N/A;N/A;N/A;N/A;N/A;N/A;N/A;N/A;N/A;N/A;N/A;N/A;N/A;N/A;N/A;N/A;N/A;N/A;N/A;N/A;N/A;N/A;N/A;N/A;N/A
Hyundai;"Grand starex H1";"Furgón vidreada";2009;"369400 km";;ZALE5000975;14500;;;;;"Brazo Oriental";https://auto.mercadolibre.com.uy/MLU-702704028-hyundai-h1-25td-_JM;N/A;;"Hyundai H1 2.5td";USD;Sí;free;false;N/A;N/A;http://perfil.mercadolibre.com.uy/ZALE5000975;active;N/A;N/A;Usado;Blanco;No;N/A;N/A;N/A;N/A;N/A;N/A;N/A;N/A;N/A;N/A;N/A;N/A;N/A;N/A;N/A;N/A;N/A;N/A;N/A;N/A;N/A;N/A;N/A;N/A;N/A;N/A;N/A;N/A;N/A;N/A;N/A;N/A;N/A;N/A;N/A;N/A;N/A;N/A;N/A;N/A;N/A;N/A;N/A;N/A;N/A;N/A;N/A;N/A;N/A;N/A;N/A;N/A;N/A;N/A;N/A;N/A;N/A;N/A;N/A;N/A;N/A;N/A;N/A;N/A;N/A;N/A;N/A;N/A;N/A;N/A;N/A;N/A;N/A;N/A;N/A;N/A;N/A;N/A;N/A;N/A;N/A;N/A;N/A;N/A;N/A;N/A;N/A;N/A;N/A;N/A;N/A;N/A;N/A;N/A;N/A;N/A;N/A;N/A;N/A;N/A;N/A;N/A;N/A;N/A;N/A;"10 a 20hs";5;2.5;Diésel;N/A;Furgón;"Autos y camionetas";N/A;N/A;N/A;N/A;N/A;N/A;N/A;N/A;Sí;N/A;N/A;N/A;N/A;N/A;N/A;N/A;N/A;N/A;N/A;N/A;N/A;N/A;N/A;N/A;N/A;N/A;N/A;N/A;N/A;N/A;N/A;N/A;N/A;N/A;N/A;N/A;N/A;N/A;N/A;N/A;N/A;N/A;N/A;N/A;N/A;N/A;N/A;N/A;N/A;N/A;N/A;N/A;N/A;N/A;N/A;N/A;N/A;N/A;N/A;N/A;N/A;N/A;N/A;N/A;N/A;N/A;N/A;N/A;N/A;N/A;N/A;N/A;N/A;N/A;N/A;N/A;N/A;N/A;N/A;N/A;N/A;N/A;N/A;N/A;N/A;N/A;N/A;N/A;N/A;N/A;N/A;N/A;N/A;N/A;N/A;N/A;N/A;N/A;N/A;N/A;N/A;N/A;N/A;N/A;N/A;N/A;N/A;N/A;N/A;N/A;N/A;N/A;N/A;N/A;N/A;N/A;N/A;N/A;N/A;N/A;N/A;N/A
Hyundai;"Kona Hybrid";"1.6 Gdi Limited";2024;"23000 km";;DA20241125071009;39700;;;;;Montevideo;https://auto.mercadolibre.com.uy/MLU-702443526-hyundai-kona-hybrid-_JM;N/A;;"Hyundai Kona Hybrid";usd;Sí;free;false;N/A;N/A;http://perfil.mercadolibre.com.uy/DA20241125071009;active;N/A;N/A;Usado;Gris;N/A;N/A;Delantera;N/A;N/A;N/A;N/A;N/A;N/A;N/A;N/A;N/A;N/A;N/A;N/A;N/A;N/A;N/A;N/A;N/A;N/A;N/A;N/A;N/A;N/A;N/A;N/A;N/A;"2660 mm";"1.6 L";"38 L";N/A;N/A;N/A;N/A;N/A;N/A;N/A;N/A;N/A;N/A;N/A;N/A;N/A;N/A;N/A;N/A;N/A;N/A;N/A;N/A;N/A;N/A;N/A;N/A;N/A;N/A;N/A;N/A;N/A;N/A;N/A;N/A;N/A;N/A;N/A;N/A;N/A;N/A;N/A;N/A;N/A;N/A;N/A;N/A;N/A;N/A;"1575 mm";"4355 mm";N/A;N/A;N/A;N/A;5;"105 hp";Limited;N/A;4;"1825 mm";N/A;N/A;N/A;N/A;N/A;N/A;N/A;N/A;N/A;N/A;N/A;N/A;N/A;N/A;N/A;N/A;N/A;"Lunes a Sábados";5;1.6;Híbrido;Automática;SUV;"Autos y camionetas";N/A;N/A;N/A;N/A;N/A;N/A;UY;N/A;N/A;N/A;N/A;N/A;N/A;N/A;N/A;N/A;N/A;N/A;N/A;N/A;N/A;N/A;N/A;N/A;N/A;N/A;N/A;N/A;N/A;N/A;N/A;N/A;N/A;N/A;N/A;N/A;N/A;N/A;N/A;N/A;N/A;N/A;N/A;N/A;N/A;N/A;N/A;N/A;N/A;N/A;N/A;N/A;N/A;N/A;N/A;N/A;N/A;N/A;N/A;N/A;N/A;N/A;N/A;N/A;N/A;N/A;N/A;N/A;N/A;N/A;N/A;N/A;N/A;N/A;N/A;N/A;N/A;N/A;N/A;N/A;N/A;N/A;N/A;N/A;N/A;N/A;N/A;N/A;N/A;N/A;N/A;N/A;N/A;N/A;N/A;N/A;N/A;N/A;N/A;N/A;N/A;N/A;N/A;N/A;N/A;N/A;N/A;N/A;N/A;N/A;N/A;N/A;N/A;N/A;N/A;N/A;N/A;N/A;N/A;N/A;N/A;N/A
Hyundai;Accent;"Gls 1.4";2011;"142000 km";;NARELALARROSA;10900;;;;;"Colonia del Sacramento";https://auto.mercadolibre.com.uy/MLU-702242780-hyundai-accent-gls-14-_JM;N/A;;"Hyundai Accent Gls 1.4";USD;Sí;free;false;N/A;N/A;http://perfil.mercadolibre.com.uy/NARELALARROSA;active;N/A;N/A;Usado;Negro;No;N/A;N/A;N/A;N/A;N/A;N/A;N/A;N/A;N/A;N/A;N/A;N/A;N/A;N/A;N/A;N/A;N/A;N/A;N/A;N/A;N/A;N/A;N/A;N/A;N/A;N/A;N/A;N/A;N/A;N/A;N/A;N/A;N/A;N/A;N/A;N/A;N/A;N/A;N/A;N/A;N/A;N/A;N/A;N/A;N/A;N/A;N/A;N/A;N/A;N/A;N/A;N/A;N/A;N/A;N/A;N/A;N/A;N/A;N/A;N/A;N/A;N/A;N/A;N/A;N/A;N/A;N/A;N/A;N/A;N/A;N/A;N/A;N/A;N/A;N/A;N/A;N/A;N/A;N/A;N/A;N/A;N/A;N/A;N/A;N/A;N/A;N/A;N/A;N/A;N/A;N/A;N/A;N/A;N/A;N/A;N/A;N/A;N/A;N/A;N/A;N/A;N/A;N/A;N/A;N/A;N/A;5;1.4;Nafta;N/A;N/A;"Autos y camionetas";N/A;N/A;N/A;N/A;N/A;N/A;N/A;N/A;N/A;N/A;N/A;N/A;N/A;N/A;N/A;N/A;N/A;N/A;N/A;N/A;N/A;N/A;N/A;N/A;N/A;N/A;N/A;N/A;N/A;N/A;N/A;N/A;N/A;N/A;N/A;N/A;N/A;N/A;N/A;N/A;N/A;N/A;N/A;N/A;N/A;N/A;N/A;N/A;N/A;N/A;N/A;N/A;N/A;N/A;N/A;N/A;N/A;N/A;N/A;N/A;N/A;N/A;N/A;N/A;N/A;N/A;N/A;N/A;N/A;N/A;N/A;N/A;N/A;N/A;N/A;N/A;N/A;N/A;N/A;N/A;N/A;N/A;N/A;N/A;N/A;N/A;N/A;N/A;N/A;N/A;N/A;N/A;N/A;N/A;N/A;N/A;N/A;N/A;N/A;N/A;N/A;N/A;N/A;N/A;N/A;N/A;N/A;N/A;N/A;N/A;N/A;N/A;N/A;N/A;N/A;N/A;N/A;N/A;N/A;N/A;N/A;N/A
Hyundai;H1;"2.5 Grand Starex Furgon 2.5 Diesel";2012;"286000 km";;LUVA9941396;13500;;;;;"Brazo Oriental";https://auto.mercadolibre.com.uy/MLU-646975731-huinday-h1-ano-2012-_JM;N/A;;"Huinday H1 Año 2012";USD;Sí;free;false;N/A;N/A;http://perfil.mercadolibre.com.uy/LUVA9941396;active;N/A;N/A;Usado;Blanco;No;Hidráulica;4x2;N/A;N/A;N/A;N/A;N/A;N/A;N/A;N/A;N/A;N/A;N/A;N/A;N/A;N/A;N/A;N/A;N/A;N/A;N/A;N/A;N/A;N/A;N/A;N/A;N/A;N/A;N/A;N/A;N/A;N/A;N/A;N/A;N/A;N/A;N/A;N/A;N/A;N/A;N/A;N/A;N/A;N/A;N/A;N/A;N/A;N/A;N/A;N/A;N/A;N/A;N/A;N/A;N/A;N/A;N/A;N/A;N/A;N/A;N/A;N/A;N/A;N/A;N/A;N/A;N/A;N/A;N/A;N/A;N/A;N/A;N/A;N/A;N/A;N/A;N/A;N/A;N/A;N/A;N/A;N/A;N/A;N/A;N/A;N/A;N/A;N/A;N/A;N/A;N/A;N/A;N/A;N/A;N/A;N/A;N/A;N/A;N/A;N/A;N/A;N/A;N/A;N/A;N/A;"10a w22";5;2.5;Diésel;Manual;Furgón;"Autos y camionetas";N/A;N/A;N/A;N/A;N/A;N/A;N/A;N/A;N/A;N/A;N/A;N/A;N/A;N/A;N/A;N/A;N/A;N/A;N/A;N/A;N/A;N/A;N/A;N/A;N/A;N/A;N/A;N/A;N/A;N/A;N/A;N/A;N/A;N/A;N/A;N/A;N/A;N/A;N/A;N/A;N/A;N/A;N/A;N/A;N/A;N/A;N/A;N/A;N/A;N/A;N/A;N/A;N/A;N/A;N/A;N/A;N/A;N/A;N/A;N/A;N/A;N/A;N/A;N/A;N/A;N/A;N/A;N/A;N/A;N/A;N/A;N/A;N/A;N/A;N/A;N/A;N/A;N/A;N/A;N/A;N/A;N/A;N/A;N/A;N/A;N/A;N/A;N/A;N/A;N/A;N/A;N/A;N/A;N/A;N/A;N/A;N/A;N/A;N/A;N/A;N/A;N/A;N/A;N/A;N/A;N/A;N/A;N/A;N/A;N/A;N/A;N/A;N/A;N/A;N/A;N/A;N/A;N/A;N/A;N/A;N/A;N/A
Hyundai;"Grand i10";"1.2 Gls Seg 87cv Mt";2015;"165000 km";;COJO2845743;11000;;;;;"Ciudad del Plata";https://auto.mercadolibre.com.uy/MLU-702334316-hyundai-grand-i10-12-gls-seg-87cv-mt-_JM;N/A;;"Hyundai Grand I10 1.2 Gls Seg 87cv Mt";usd;Sí;free;false;N/A;N/A;http://perfil.mercadolibre.com.uy/COJO2845743;active;N/A;N/A;Usado;Rojo;Sí;Asistida;Delantera;Sí;N/A;Sí;N/A;N/A;N/A;N/A;N/A;N/A;N/A;N/A;N/A;N/A;N/A;N/A;N/A;N/A;N/A;N/A;N/A;N/A;N/A;N/A;N/A;N/A;"2425 mm";"1.2 L";"43 L";5;N/A;N/A;N/A;N/A;Sí;N/A;N/A;N/A;N/A;N/A;N/A;N/A;N/A;N/A;N/A;N/A;N/A;N/A;N/A;N/A;N/A;N/A;N/A;N/A;N/A;N/A;N/A;N/A;N/A;N/A;N/A;Sí;N/A;Sí;N/A;N/A;N/A;N/A;N/A;N/A;N/A;Sí;N/A;N/A;N/A;"1505 mm";"3765 mm";N/A;N/A;N/A;N/A;5;"87 hp";Gls;N/A;4;"1660 mm";N/A;N/A;N/A;N/A;N/A;N/A;Sí;Sí;N/A;N/A;N/A;N/A;N/A;N/A;N/A;N/A;N/A;"A toda hora";4;1.2;Nafta/GNC;Manual;Sedán;"Autos y camionetas";N/A;N/A;N/A;N/A;N/A;N/A;UY;N/A;N/A;N/A;N/A;N/A;N/A;N/A;N/A;N/A;N/A;N/A;N/A;N/A;N/A;N/A;N/A;N/A;N/A;N/A;N/A;N/A;N/A;N/A;N/A;N/A;N/A;N/A;N/A;N/A;N/A;N/A;N/A;N/A;N/A;N/A;N/A;N/A;N/A;N/A;N/A;N/A;N/A;N/A;N/A;N/A;N/A;N/A;N/A;N/A;N/A;N/A;N/A;N/A;N/A;N/A;N/A;N/A;N/A;N/A;N/A;N/A;N/A;N/A;N/A;N/A;N/A;N/A;N/A;N/A;N/A;N/A;N/A;N/A;N/A;N/A;N/A;N/A;N/A;N/A;N/A;N/A;N/A;N/A;N/A;N/A;N/A;N/A;N/A;N/A;Sí;N/A;Sí;N/A;N/A;N/A;N/A;N/A;N/A;N/A;N/A;N/A;N/A;Sí;N/A;N/A;N/A;N/A;N/A;N/A;N/A;N/A;N/A;N/A;N/A;N/A
Hyundai;"Grand i10";"1.0 GL Super full";2015;"120000 km";;ALCA8253864;11800;;;;;Atlántida;https://auto.mercadolibre.com.uy/MLU-703614220-hyundai-grand-i10-gl-super-full-_JM;N/A;;"Hyundai Grand I10 Gl Súper Full";USD;Sí;free;false;N/A;N/A;http://perfil.mercadolibre.com.uy/ALCA8253864;active;N/A;N/A;Usado;Azul;No;Eléctrica;N/A;N/A;N/A;N/A;N/A;N/A;N/A;N/A;N/A;N/A;N/A;N/A;N/A;N/A;N/A;N/A;N/A;N/A;N/A;N/A;N/A;N/A;N/A;N/A;N/A;N/A;N/A;N/A;N/A;N/A;N/A;N/A;N/A;N/A;N/A;N/A;N/A;N/A;N/A;N/A;N/A;N/A;N/A;N/A;N/A;N/A;N/A;N/A;N/A;N/A;N/A;N/A;N/A;N/A;N/A;N/A;N/A;N/A;N/A;N/A;N/A;N/A;N/A;N/A;N/A;N/A;N/A;N/A;N/A;N/A;N/A;N/A;N/A;N/A;N/A;N/A;N/A;N/A;N/A;N/A;N/A;N/A;N/A;N/A;N/A;N/A;N/A;N/A;N/A;N/A;N/A;N/A;N/A;N/A;N/A;N/A;N/A;N/A;N/A;N/A;N/A;N/A;N/A;N/A;N/A;5;1.0;Nafta;Manual;Hatchback;"Autos y camionetas";N/A;N/A;N/A;N/A;N/A;N/A;N/A;N/A;N/A;N/A;N/A;N/A;N/A;N/A;N/A;N/A;N/A;N/A;N/A;N/A;N/A;N/A;N/A;N/A;N/A;N/A;N/A;N/A;N/A;N/A;N/A;N/A;N/A;N/A;N/A;N/A;N/A;N/A;N/A;N/A;N/A;N/A;N/A;N/A;N/A;N/A;N/A;N/A;N/A;N/A;N/A;N/A;N/A;N/A;N/A;N/A;N/A;N/A;N/A;N/A;N/A;N/A;N/A;N/A;N/A;N/A;N/A;N/A;N/A;N/A;N/A;N/A;N/A;N/A;N/A;N/A;N/A;N/A;N/A;N/A;N/A;N/A;N/A;N/A;N/A;N/A;N/A;N/A;N/A;N/A;N/A;N/A;N/A;N/A;N/A;N/A;N/A;N/A;N/A;N/A;N/A;N/A;N/A;N/A;N/A;N/A;N/A;N/A;N/A;N/A;N/A;N/A;N/A;N/A;Sí;Sí;N/A;Sí;Sí;N/A;N/A;Sí
Hyundai;i20;"1.4 Active Gl Super Full 5p";2016;"90000 km";;GUFE313933;14500;;;;;Maldonado;https://auto.mercadolibre.com.uy/MLU-702526994-excelente-estado-aceptar-permuta-por-camioneta-tcross-o-tao-_JM;N/A;;"Excelente Estado Aceptar Permuta Por Camioneta Tcross O Tao";USD;Sí;free;false;N/A;N/A;http://perfil.mercadolibre.com.uy/GUFE313933;active;N/A;N/A;Usado;Gris;Sí;Hidráulica;N/A;N/A;N/A;N/A;N/A;N/A;N/A;N/A;N/A;N/A;N/A;N/A;N/A;N/A;N/A;N/A;N/A;N/A;N/A;N/A;N/A;N/A;N/A;N/A;N/A;N/A;N/A;N/A;N/A;N/A;N/A;N/A;N/A;N/A;N/A;N/A;N/A;N/A;N/A;N/A;N/A;N/A;N/A;N/A;N/A;N/A;N/A;N/A;N/A;N/A;N/A;N/A;N/A;N/A;N/A;N/A;N/A;N/A;N/A;N/A;N/A;N/A;N/A;N/A;N/A;N/A;N/A;N/A;N/A;N/A;N/A;N/A;N/A;N/A;N/A;N/A;N/A;N/A;N/A;N/A;N/A;N/A;N/A;N/A;N/A;N/A;N/A;N/A;N/A;N/A;N/A;N/A;N/A;N/A;N/A;N/A;N/A;N/A;N/A;N/A;N/A;N/A;N/A;N/A;N/A;5;1.4;Nafta;Manual;SUV;"Autos y camionetas";N/A;N/A;N/A;N/A;N/A;N/A;N/A;N/A;N/A;N/A;N/A;N/A;N/A;N/A;N/A;N/A;N/A;N/A;N/A;N/A;N/A;N/A;N/A;N/A;N/A;N/A;N/A;N/A;N/A;N/A;N/A;N/A;N/A;N/A;N/A;N/A;N/A;N/A;N/A;N/A;N/A;N/A;N/A;N/A;N/A;N/A;N/A;N/A;N/A;N/A;N/A;N/A;N/A;N/A;N/A;N/A;N/A;N/A;N/A;N/A;N/A;N/A;N/A;N/A;N/A;N/A;N/A;N/A;N/A;N/A;N/A;N/A;N/A;N/A;N/A;N/A;N/A;N/A;N/A;N/A;N/A;N/A;N/A;N/A;N/A;N/A;N/A;N/A;N/A;N/A;N/A;N/A;N/A;N/A;N/A;N/A;N/A;N/A;N/A;N/A;N/A;N/A;N/A;N/A;N/A;N/A;N/A;N/A;N/A;N/A;N/A;N/A;N/A;N/A;N/A;N/A;N/A;N/A;N/A;N/A;N/A;N/A
Hyundai;Ioniq;"1.6 Gdi Hibrido At 5p";2018;"104000 km";;RECTIFRENOS.;21900;;;;;Aguada;https://auto.mercadolibre.com.uy/MLU-702781954-hyundai-ioniq-_JM;N/A;;"Hyundai Ioniq ";usd;Sí;free;false;N/A;N/A;http://perfil.mercadolibre.com.uy/RECTIFRENOS.;active;N/A;N/A;Usado;Gris;N/A;Hidráulica;Delantera;Sí;N/A;N/A;N/A;N/A;N/A;N/A;N/A;N/A;N/A;N/A;N/A;N/A;N/A;N/A;N/A;N/A;N/A;N/A;N/A;N/A;N/A;N/A;N/A;N/A;"2440 mm";"1.6 L";"45 L";5;N/A;N/A;N/A;N/A;N/A;N/A;N/A;N/A;N/A;N/A;N/A;N/A;N/A;N/A;N/A;N/A;N/A;N/A;N/A;N/A;N/A;N/A;N/A;N/A;N/A;N/A;N/A;N/A;N/A;N/A;N/A;N/A;N/A;N/A;N/A;N/A;N/A;N/A;N/A;N/A;N/A;N/A;N/A;N/A;N/A;"1395 mm";"4235 mm";N/A;N/A;N/A;N/A;5;"92 hp";N/A;N/A;3;"1670 mm";"7.2 km/l";N/A;N/A;N/A;N/A;N/A;N/A;N/A;N/A;N/A;N/A;"4.5 km/l";N/A;N/A;N/A;N/A;N/A;N/A;5;1.6;Híbrido;Automática;Hatchback;"Autos y camionetas";N/A;N/A;N/A;N/A;N/A;N/A;UY;N/A;N/A;N/A;N/A;N/A;N/A;N/A;N/A;N/A;N/A;N/A;N/A;N/A;N/A;N/A;N/A;N/A;N/A;N/A;N/A;N/A;N/A;N/A;N/A;N/A;N/A;N/A;N/A;N/A;N/A;N/A;N/A;N/A;N/A;N/A;N/A;N/A;N/A;N/A;N/A;N/A;N/A;N/A;N/A;N/A;N/A;N/A;N/A;N/A;N/A;N/A;N/A;N/A;N/A;N/A;N/A;N/A;N/A;N/A;N/A;N/A;N/A;N/A;N/A;N/A;N/A;N/A;N/A;N/A;N/A;N/A;N/A;N/A;N/A;N/A;N/A;N/A;N/A;N/A;N/A;N/A;N/A;N/A;N/A;N/A;N/A;N/A;N/A;N/A;Sí;N/A;N/A;N/A;N/A;N/A;N/A;N/A;N/A;N/A;N/A;N/A;N/A;N/A;N/A;N/A;N/A;N/A;N/A;N/A;N/A;N/A;N/A;N/A;N/A;N/A
Hyundai;Accent;"1.4 Cvvt Gl Full Sedan";2013;"88000 km";;DORE4567263;13200;;;;;"Puerto Buceo";https://auto.mercadolibre.com.uy/MLU-702776044-hyundai-accent-14-cvvt-gl-full-sedan-_JM;N/A;;"Hyundai Accent 1.4 Cvvt Gl Full Sedan";usd;Sí;free;false;N/A;N/A;http://perfil.mercadolibre.com.uy/DORE4567263;active;N/A;N/A;Usado;Plateado;N/A;Eléctrica;Delantera;Sí;Sí;N/A;N/A;N/A;N/A;N/A;N/A;N/A;N/A;N/A;N/A;Sí;N/A;Sí;N/A;N/A;N/A;N/A;N/A;N/A;N/A;N/A;N/A;N/A;"2570 mm";"1.4 L";"43 L";6;N/A;N/A;N/A;N/A;N/A;N/A;N/A;N/A;N/A;N/A;N/A;N/A;N/A;N/A;N/A;N/A;N/A;N/A;N/A;N/A;N/A;N/A;N/A;N/A;N/A;N/A;N/A;N/A;N/A;N/A;N/A;N/A;N/A;N/A;N/A;N/A;N/A;N/A;N/A;N/A;N/A;N/A;N/A;N/A;N/A;"1450 mm";"4370 mm";N/A;N/A;N/A;N/A;5;"108 hp";Gl;N/A;4;"1700 mm";N/A;N/A;N/A;Sí;Sí;N/A;N/A;Sí;N/A;N/A;N/A;N/A;Sí;N/A;N/A;N/A;N/A;N/A;4;1.4;Nafta;Manual;Sedán;"Autos y camionetas";N/A;N/A;N/A;N/A;N/A;N/A;UY;N/A;N/A;N/A;N/A;N/A;N/A;N/A;N/A;N/A;N/A;N/A;N/A;N/A;N/A;N/A;N/A;N/A;Sí;N/A;N/A;N/A;N/A;N/A;N/A;N/A;N/A;N/A;N/A;N/A;N/A;N/A;N/A;N/A;N/A;N/A;N/A;N/A;N/A;N/A;N/A;N/A;N/A;N/A;N/A;N/A;N/A;N/A;N/A;N/A;N/A;N/A;N/A;N/A;N/A;N/A;N/A;N/A;N/A;N/A;N/A;N/A;N/A;N/A;N/A;N/A;N/A;N/A;N/A;N/A;N/A;N/A;N/A;N/A;N/A;N/A;N/A;N/A;N/A;N/A;N/A;N/A;N/A;N/A;N/A;N/A;N/A;N/A;N/A;N/A;Sí;Sí;N/A;N/A;N/A;N/A;N/A;N/A;N/A;N/A;N/A;Sí;Sí;N/A;N/A;N/A;N/A;N/A;N/A;Sí;Sí;N/A;N/A;N/A;N/A;Sí
Hyundai;Eon;"0.8 Full";2014;"52000 km";;PECA3424255;9100;;;;;Chuy;https://auto.mercadolibre.com.uy/MLU-704471746-hyundai-eon-08-full-_JM;N/A;;"Hyundai Eon 0.8 Full";usd;Sí;free;false;N/A;N/A;http://perfil.mercadolibre.com.uy/PECA3424255;active;N/A;N/A;Usado;Gris;Sí;Hidráulica;Delantera;Sí;N/A;Sí;N/A;N/A;N/A;N/A;N/A;N/A;N/A;N/A;N/A;N/A;N/A;N/A;N/A;N/A;N/A;N/A;N/A;N/A;N/A;N/A;N/A;N/A;"2385 mm";"0.8 L";"35 L";5;N/A;N/A;N/A;N/A;N/A;N/A;N/A;N/A;N/A;N/A;N/A;N/A;N/A;N/A;N/A;N/A;N/A;N/A;N/A;N/A;N/A;N/A;N/A;N/A;N/A;N/A;N/A;N/A;N/A;N/A;N/A;N/A;N/A;Sí;N/A;N/A;N/A;N/A;N/A;N/A;N/A;N/A;N/A;N/A;N/A;"1540 mm";"3585 mm";N/A;N/A;N/A;N/A;5;"85 hp";Gls;N/A;4;"1660 mm";N/A;N/A;N/A;N/A;N/A;N/A;N/A;N/A;N/A;N/A;N/A;N/A;N/A;N/A;N/A;N/A;N/A;N/A;5;0.8;Nafta;Manual;Hatchback;"Autos y camionetas";N/A;N/A;N/A;N/A;N/A;N/A;UY;N/A;No;N/A;N/A;N/A;N/A;N/A;N/A;N/A;N/A;N/A;N/A;N/A;N/A;N/A;N/A;N/A;N/A;N/A;N/A;N/A;N/A;N/A;N/A;N/A;N/A;N/A;N/A;N/A;N/A;N/A;N/A;N/A;N/A;N/A;N/A;N/A;N/A;N/A;N/A;N/A;N/A;N/A;N/A;N/A;N/A;N/A;N/A;N/A;N/A;N/A;N/A;N/A;N/A;N/A;N/A;N/A;N/A;N/A;N/A;N/A;N/A;N/A;N/A;N/A;N/A;N/A;N/A;N/A;N/A;N/A;N/A;N/A;N/A;N/A;N/A;N/A;N/A;N/A;N/A;N/A;N/A;N/A;N/A;N/A;N/A;N/A;N/A;N/A;N/A;N/A;N/A;N/A;N/A;N/A;N/A;N/A;N/A;N/A;N/A;N/A;N/A;Sí;N/A;N/A;N/A;N/A;N/A;N/A;N/A;N/A;N/A;N/A;N/A;N/A
Hyundai;Atos;"1.1 Gls Aa";1998;"275554 km";;VALARINMONICA;3500;;;;;"Jardines Hipódromo";https://auto.mercadolibre.com.uy/MLU-703214776-hyundai-atos-11-gls-aa-_JM;N/A;;"Hyundai Atos 1.1 Gls Aa";usd;No;free;false;N/A;N/A;http://perfil.mercadolibre.com.uy/VALARINMONICA;active;N/A;N/A;Usado;Azul;No;Hidráulica;Delantera;Sí;Sí;N/A;N/A;N/A;No;N/A;N/A;No;N/A;N/A;No;No;N/A;No;N/A;N/A;N/A;N/A;N/A;N/A;N/A;N/A;N/A;N/A;"2774 mm";"1.1 L";"35 L";5;N/A;N/A;N/A;N/A;N/A;No;N/A;N/A;N/A;N/A;N/A;N/A;N/A;N/A;N/A;N/A;N/A;N/A;N/A;N/A;N/A;N/A;N/A;N/A;N/A;N/A;N/A;N/A;N/A;No;N/A;N/A;N/A;N/A;N/A;N/A;N/A;N/A;N/A;N/A;N/A;N/A;N/A;N/A;N/A;"1570 mm";"3565 mm";N/A;N/A;N/A;N/A;4;"56 hp";Gls;N/A;4;"1891 mm";"7.4 km/l";No;N/A;No;Sí;N/A;No;No;N/A;No;N/A;"5 km/l";Sí;No;N/A;N/A;Sí;N/A;5;1.0;Nafta;Manual;Hatchback;"Autos y camionetas";N/A;N/A;N/A;N/A;N/A;N/A;UY;N/A;N/A;N/A;N/A;N/A;N/A;N/A;N/A;N/A;N/A;N/A;N/A;N/A;N/A;N/A;N/A;N/A;No;N/A;N/A;N/A;N/A;N/A;N/A;N/A;N/A;N/A;N/A;N/A;N/A;N/A;N/A;N/A;N/A;N/A;N/A;N/A;N/A;N/A;N/A;N/A;N/A;N/A;N/A;N/A;N/A;N/A;N/A;N/A;N/A;N/A;N/A;N/A;N/A;N/A;Sí;N/A;N/A;N/A;N/A;N/A;N/A;N/A;N/A;N/A;N/A;N/A;N/A;N/A;N/A;N/A;N/A;N/A;N/A;N/A;N/A;N/A;N/A;N/A;N/A;N/A;N/A;N/A;N/A;N/A;N/A;N/A;N/A;No;No;No;No;N/A;No;N/A;N/A;N/A;N/A;No;No;No;Sí;N/A;N/A;No;No;Sí;N/A;Sí;N/A;N/A;N/A;N/A;N/A;N/A
Hyundai;Excel;"1.5 Gls 5dr";1993;"238000 km";;DAHY_H;2500;;;;;"Ciudad del Plata";https://auto.mercadolibre.com.uy/MLU-703039806-hyundai-excel-15-gls-5dr-_JM;N/A;;"Hyundai Excel 1.5 Gls 5dr";usd;No;free;false;N/A;N/A;http://perfil.mercadolibre.com.uy/DAHY_H;active;N/A;N/A;Usado;Azul;No;Hidráulica;Delantera;N/A;N/A;N/A;N/A;N/A;N/A;N/A;N/A;N/A;N/A;N/A;N/A;N/A;N/A;N/A;N/A;N/A;N/A;N/A;N/A;N/A;N/A;N/A;N/A;N/A;"2383 mm";"1.5 L";"45 L";5;N/A;N/A;N/A;N/A;N/A;N/A;N/A;N/A;N/A;N/A;N/A;N/A;N/A;N/A;N/A;N/A;N/A;N/A;N/A;N/A;N/A;N/A;N/A;N/A;N/A;N/A;N/A;N/A;N/A;N/A;N/A;N/A;N/A;N/A;N/A;N/A;N/A;N/A;N/A;N/A;N/A;N/A;N/A;N/A;N/A;"1380 mm";"4280 mm";N/A;N/A;N/A;N/A;5;"77 hp";Gls;N/A;2;"1610 mm";"11 km/l";N/A;N/A;N/A;N/A;N/A;N/A;N/A;N/A;N/A;N/A;"7.6 km/l";N/A;N/A;N/A;N/A;N/A;N/A;4;1.5;Nafta;Manual;Sedán;"Autos y camionetas";N/A;N/A;N/A;N/A;N/A;N/A;UY;N/A;Sí;N/A;N/A;N/A;N/A;N/A;N/A;N/A;N/A;N/A;N/A;N/A;N/A;N/A;N/A;N/A;N/A;N/A;N/A;N/A;N/A;N/A;N/A;N/A;N/A;N/A;N/A;N/A;N/A;N/A;N/A;N/A;N/A;N/A;N/A;N/A;N/A;N/A;N/A;N/A;N/A;N/A;N/A;N/A;N/A;N/A;N/A;N/A;N/A;N/A;N/A;N/A;N/A;N/A;Sí;N/A;N/A;N/A;N/A;N/A;N/A;N/A;N/A;N/A;N/A;N/A;N/A;N/A;N/A;N/A;N/A;N/A;N/A;N/A;N/A;N/A;N/A;N/A;N/A;N/A;N/A;N/A;N/A;N/A;N/A;N/A;N/A;N/A;Sí;N/A;N/A;N/A;N/A;N/A;N/A;N/A;N/A;N/A;N/A;N/A;N/A;N/A;N/A;N/A;N/A;N/A;N/A;N/A;N/A;N/A;N/A;N/A;N/A;N/A
Hyundai;Creta;"1.0 turbo manual";2023;"35900 km";;RBKYMB;27000;;;;;Maldonado;https://auto.mercadolibre.com.uy/MLU-647198693-hyundai-creta-turbo-10-_JM;N/A;;"Hyundai Creta Turbo 1.0";usd;Sí;free;false;N/A;N/A;http://perfil.mercadolibre.com.uy/RBKYMB;active;N/A;N/A;Usado;Gris;N/A;N/A;4x2;N/A;N/A;N/A;N/A;N/A;N/A;N/A;N/A;N/A;N/A;N/A;N/A;N/A;N/A;N/A;N/A;N/A;N/A;N/A;N/A;N/A;N/A;N/A;N/A;N/A;"2610 mm";"1 L";"50 L";6;N/A;N/A;N/A;N/A;N/A;N/A;N/A;N/A;N/A;N/A;N/A;N/A;N/A;N/A;N/A;N/A;N/A;N/A;N/A;N/A;N/A;N/A;N/A;N/A;N/A;N/A;N/A;N/A;N/A;N/A;N/A;N/A;N/A;N/A;N/A;N/A;N/A;N/A;N/A;N/A;N/A;N/A;N/A;N/A;N/A;"1635 mm";"4290 mm";N/A;N/A;N/A;N/A;5;"120 hp";Safe;N/A;4;"1790 mm";N/A;N/A;N/A;N/A;N/A;N/A;N/A;N/A;N/A;N/A;N/A;N/A;N/A;N/A;N/A;N/A;N/A;N/A;5;1.0;Nafta;Manual;SUV;"Autos y camionetas";N/A;N/A;N/A;N/A;N/A;N/A;UY;N/A;N/A;N/A;N/A;N/A;N/A;N/A;N/A;N/A;N/A;N/A;N/A;N/A;N/A;N/A;N/A;N/A;N/A;N/A;N/A;N/A;N/A;N/A;N/A;N/A;N/A;N/A;N/A;N/A;N/A;N/A;N/A;N/A;N/A;N/A;N/A;N/A;N/A;N/A;N/A;N/A;N/A;N/A;N/A;N/A;N/A;N/A;N/A;N/A;N/A;N/A;N/A;N/A;N/A;N/A;N/A;N/A;N/A;N/A;N/A;N/A;N/A;N/A;N/A;N/A;N/A;N/A;N/A;N/A;N/A;N/A;N/A;N/A;N/A;N/A;N/A;N/A;N/A;N/A;N/A;N/A;N/A;N/A;N/A;N/A;N/A;N/A;N/A;N/A;N/A;N/A;N/A;N/A;N/A;N/A;N/A;N/A;N/A;N/A;N/A;N/A;N/A;N/A;N/A;N/A;N/A;N/A;N/A;N/A;N/A;N/A;N/A;N/A;N/A;N/A
Hyundai;Accent;1.3;1997;"200000 km";;SOVI3484100;4200;;;;;Unión;https://auto.mercadolibre.com.uy/MLU-701887556-hyundai-accent-13-nafta-muy-buen-estado-_JM;N/A;;"Hyundai Accent 1.3 Nafta Muy Buen Estado!";USD;No;free;false;N/A;N/A;http://perfil.mercadolibre.com.uy/SOVI3484100;active;N/A;N/A;Usado;Negro;No;Mecánica;N/A;N/A;Sí;N/A;N/A;N/A;Sí;N/A;N/A;N/A;N/A;N/A;N/A;N/A;N/A;Sí;N/A;N/A;N/A;N/A;N/A;N/A;N/A;N/A;N/A;N/A;N/A;N/A;N/A;N/A;N/A;N/A;N/A;N/A;N/A;N/A;N/A;N/A;N/A;N/A;N/A;N/A;N/A;N/A;N/A;N/A;N/A;N/A;N/A;N/A;N/A;N/A;N/A;N/A;N/A;N/A;N/A;N/A;N/A;N/A;N/A;N/A;N/A;N/A;N/A;N/A;N/A;N/A;N/A;N/A;N/A;N/A;N/A;N/A;N/A;N/A;N/A;N/A;N/A;N/A;N/A;N/A;N/A;N/A;N/A;N/A;N/A;N/A;N/A;N/A;N/A;N/A;N/A;N/A;N/A;N/A;N/A;N/A;N/A;N/A;N/A;N/A;N/A;N/A;N/A;4;"1300 cc";Nafta;Manual;Sedán;"Autos y camionetas";N/A;N/A;N/A;N/A;N/A;N/A;N/A;N/A;N/A;N/A;N/A;N/A;N/A;N/A;N/A;N/A;N/A;N/A;N/A;N/A;N/A;N/A;N/A;N/A;N/A;N/A;N/A;N/A;N/A;N/A;N/A;N/A;N/A;N/A;N/A;N/A;N/A;N/A;N/A;N/A;N/A;N/A;N/A;N/A;N/A;N/A;N/A;N/A;N/A;N/A;N/A;N/A;N/A;N/A;N/A;N/A;N/A;N/A;N/A;N/A;N/A;N/A;N/A;N/A;N/A;N/A;N/A;N/A;N/A;N/A;N/A;N/A;N/A;N/A;N/A;N/A;N/A;N/A;N/A;N/A;N/A;N/A;N/A;N/A;N/A;N/A;N/A;N/A;N/A;N/A;N/A;N/A;N/A;N/A;N/A;N/A;N/A;Sí;Sí;N/A;N/A;N/A;N/A;N/A;N/A;N/A;N/A;N/A;Sí;N/A;N/A;N/A;N/A;Sí;Sí;N/A;Sí;N/A;N/A;Sí;N/A;Sí
Hyundai;Creta;"1.6 Gl";2017;"140000 km";;MAUFABRE;19000;;;;;"Jose Enrique Rodo";https://auto.mercadolibre.com.uy/MLU-647541195-hyundai-creta-16-gl-_JM;N/A;;"Hyundai Creta 1.6 Gl";usd;Sí;free;false;N/A;N/A;http://perfil.mercadolibre.com.uy/MAUFABRE;active;N/A;N/A;Usado;Blanco;N/A;Eléctrica;4x2;N/A;N/A;Sí;N/A;N/A;N/A;N/A;N/A;N/A;N/A;N/A;N/A;N/A;N/A;N/A;N/A;N/A;N/A;N/A;N/A;N/A;N/A;N/A;N/A;N/A;"2590 mm";"1.6 L";"58 L";5;N/A;N/A;N/A;N/A;Sí;N/A;N/A;N/A;N/A;N/A;N/A;N/A;N/A;N/A;N/A;N/A;N/A;N/A;N/A;N/A;N/A;N/A;N/A;N/A;N/A;N/A;N/A;N/A;N/A;N/A;N/A;Sí;Sí;Sí;Sí;N/A;N/A;N/A;N/A;N/A;N/A;N/A;N/A;N/A;N/A;"1635 mm";"4440 mm";N/A;N/A;N/A;N/A;5;"163 hp";Gl;N/A;4;"1898 mm";N/A;N/A;N/A;N/A;Sí;N/A;N/A;Sí;N/A;N/A;N/A;N/A;N/A;N/A;N/A;N/A;N/A;N/A;5;1.6;Nafta;Manual;SUV;"Autos y camionetas";N/A;N/A;N/A;N/A;N/A;N/A;UY;N/A;Sí;N/A;N/A;N/A;N/A;N/A;N/A;N/A;N/A;N/A;N/A;N/A;N/A;N/A;N/A;N/A;N/A;N/A;N/A;N/A;N/A;N/A;N/A;N/A;N/A;N/A;N/A;N/A;N/A;N/A;N/A;N/A;N/A;N/A;N/A;N/A;N/A;N/A;N/A;N/A;N/A;N/A;N/A;N/A;N/A;N/A;N/A;N/A;N/A;N/A;N/A;N/A;N/A;N/A;N/A;N/A;N/A;N/A;N/A;N/A;N/A;N/A;N/A;N/A;N/A;N/A;N/A;N/A;N/A;N/A;N/A;N/A;N/A;N/A;N/A;N/A;N/A;N/A;N/A;N/A;N/A;N/A;N/A;N/A;N/A;N/A;N/A;N/A;Sí;Sí;Sí;N/A;N/A;N/A;N/A;Sí;N/A;Sí;N/A;N/A;N/A;N/A;N/A;Sí;Sí;N/A;N/A;N/A;N/A;N/A;N/A;Sí;N/A;N/A
Hyundai;HB20;"1.0 Premium Mt";2022;"45000 km";;PEIN6905790;17000;;;;;Tacuarembó;https://auto.mercadolibre.com.uy/MLU-704172692-hyundai-hb20-2022-10-premium-mt-_JM;N/A;;"Hyundai Hb20 2022 1.0 Premium Mt";usd;Sí;free;false;N/A;N/A;http://perfil.mercadolibre.com.uy/PEIN6905790;active;N/A;N/A;Usado;N/A;N/A;Hidráulica;Delantera;Sí;N/A;Sí;N/A;N/A;N/A;N/A;N/A;N/A;N/A;N/A;N/A;N/A;N/A;N/A;N/A;N/A;N/A;N/A;N/A;N/A;N/A;N/A;N/A;N/A;"2500 mm";"1 L";"50 L";6;N/A;N/A;N/A;N/A;N/A;N/A;N/A;N/A;N/A;N/A;N/A;N/A;N/A;N/A;N/A;N/A;N/A;N/A;N/A;N/A;N/A;N/A;N/A;N/A;N/A;N/A;N/A;N/A;N/A;N/A;N/A;N/A;N/A;Sí;Sí;N/A;N/A;N/A;N/A;N/A;N/A;N/A;N/A;N/A;N/A;"1470 mm";"3920 mm";N/A;N/A;N/A;N/A;5;"80 hp";N/A;N/A;4;"1680 mm";N/A;N/A;N/A;N/A;Sí;N/A;N/A;Sí;Sí;N/A;N/A;"13.8 km/l";N/A;N/A;N/A;N/A;N/A;N/A;5;1.0;Nafta;Manual;Hatchback;"Autos y camionetas";N/A;N/A;N/A;N/A;N/A;N/A;UY;N/A;N/A;N/A;N/A;N/A;N/A;N/A;N/A;N/A;N/A;N/A;N/A;N/A;N/A;N/A;N/A;N/A;N/A;N/A;N/A;N/A;N/A;N/A;N/A;N/A;N/A;N/A;N/A;N/A;N/A;N/A;N/A;N/A;N/A;N/A;N/A;N/A;N/A;N/A;N/A;N/A;N/A;N/A;N/A;N/A;N/A;N/A;N/A;N/A;N/A;N/A;N/A;N/A;N/A;N/A;N/A;N/A;N/A;N/A;N/A;N/A;N/A;N/A;N/A;N/A;N/A;N/A;N/A;N/A;N/A;N/A;N/A;N/A;N/A;N/A;N/A;N/A;N/A;N/A;N/A;N/A;N/A;N/A;N/A;N/A;N/A;N/A;N/A;N/A;N/A;N/A;N/A;N/A;N/A;N/A;N/A;N/A;N/A;N/A;N/A;N/A;N/A;N/A;N/A;N/A;Sí;N/A;N/A;N/A;Sí;N/A;N/A;Sí;N/A;Sí
Hyundai;H1;"2.5 1 Mt";2010;"344000 km";;DASIMON20230124082051;12000;;;;;Salto;https://auto.mercadolibre.com.uy/MLU-703266760-hyundai-h1-2010-25-1-mt-_JM;N/A;;"Hyundai H1 2010 2.5 1 Mt";usd;Sí;free;false;N/A;N/A;http://perfil.mercadolibre.com.uy/DASIMON20230124082051;active;N/A;N/A;Usado;N/A;N/A;Hidráulica;Delantera;N/A;N/A;Sí;N/A;N/A;N/A;N/A;N/A;N/A;N/A;N/A;N/A;N/A;N/A;N/A;N/A;N/A;N/A;N/A;N/A;N/A;N/A;N/A;N/A;N/A;"3201 mm";"2.5 L";"75 L";5;N/A;N/A;N/A;N/A;N/A;N/A;N/A;N/A;N/A;N/A;N/A;N/A;N/A;N/A;N/A;N/A;N/A;N/A;N/A;N/A;N/A;N/A;N/A;N/A;N/A;N/A;N/A;N/A;N/A;Sí;N/A;Sí;N/A;Sí;N/A;Sí;N/A;N/A;N/A;N/A;N/A;No;N/A;N/A;N/A;"1925 mm";"5125 mm";N/A;N/A;N/A;N/A;12;"100 hp";N/A;N/A;4;"1920 mm";"12.3 km/l";N/A;N/A;N/A;N/A;N/A;N/A;N/A;N/A;N/A;N/A;"8.3 km/l";N/A;N/A;N/A;N/A;N/A;N/A;4;2.5;Diésel;Manual;SUV;"Autos y camionetas";N/A;N/A;N/A;N/A;N/A;N/A;UY;N/A;N/A;N/A;N/A;N/A;N/A;N/A;N/A;N/A;N/A;N/A;N/A;N/A;N/A;N/A;N/A;N/A;N/A;N/A;N/A;N/A;N/A;N/A;N/A;N/A;N/A;N/A;N/A;N/A;N/A;N/A;N/A;N/A;N/A;N/A;N/A;N/A;N/A;N/A;N/A;N/A;N/A;N/A;N/A;N/A;N/A;N/A;N/A;N/A;N/A;N/A;N/A;N/A;N/A;N/A;N/A;N/A;N/A;N/A;N/A;N/A;N/A;N/A;N/A;N/A;N/A;N/A;N/A;N/A;N/A;N/A;N/A;N/A;N/A;N/A;N/A;N/A;N/A;N/A;N/A;N/A;N/A;N/A;N/A;N/A;N/A;N/A;N/A;N/A;Sí;N/A;Sí;N/A;N/A;N/A;N/A;Sí;N/A;Sí;N/A;N/A;N/A;N/A;N/A;N/A;N/A;N/A;N/A;N/A;N/A;N/A;N/A;N/A;N/A;N/A
Hyundai;HB20S;"1.6 Comfort Plus 4p";2018;"123485 km";;LODI6544332;13900;;;;;Minas;https://auto.mercadolibre.com.uy/MLU-647006821-hyundai-hb20s-2018-16-comfort-plus-4p-_JM;N/A;;"Hyundai Hb20s 2018 1.6 Comfort Plus 4p";usd;Sí;free;false;N/A;N/A;http://perfil.mercadolibre.com.uy/LODI6544332;active;N/A;N/A;Usado;N/A;N/A;Hidráulica;Delantera;Sí;N/A;N/A;N/A;N/A;N/A;N/A;N/A;N/A;N/A;N/A;N/A;N/A;N/A;N/A;N/A;N/A;N/A;N/A;N/A;N/A;N/A;N/A;N/A;N/A;"2500 mm";"1.6 L";"50 L";5;N/A;N/A;N/A;N/A;N/A;N/A;N/A;N/A;N/A;N/A;N/A;N/A;N/A;N/A;N/A;N/A;N/A;N/A;N/A;N/A;N/A;N/A;N/A;N/A;N/A;N/A;N/A;N/A;N/A;N/A;N/A;N/A;N/A;Sí;Sí;N/A;N/A;N/A;N/A;N/A;N/A;N/A;N/A;N/A;N/A;"1500 mm";"4200 mm";N/A;N/A;N/A;N/A;5;"122 hp";"Comfort Plus";N/A;4;"1680 mm";N/A;N/A;N/A;N/A;Sí;N/A;N/A;Sí;Sí;N/A;N/A;"12.8 km/l";N/A;N/A;N/A;N/A;N/A;N/A;4;1.6;Nafta;Manual;Sedán;"Autos y camionetas";N/A;N/A;N/A;N/A;N/A;N/A;UY;N/A;N/A;N/A;N/A;N/A;N/A;N/A;N/A;N/A;N/A;N/A;N/A;N/A;N/A;N/A;N/A;N/A;N/A;N/A;N/A;N/A;N/A;N/A;N/A;N/A;N/A;N/A;N/A;N/A;N/A;N/A;N/A;N/A;N/A;N/A;N/A;N/A;N/A;N/A;N/A;N/A;N/A;N/A;N/A;N/A;N/A;N/A;N/A;N/A;N/A;N/A;N/A;N/A;N/A;N/A;N/A;N/A;N/A;N/A;N/A;N/A;N/A;N/A;N/A;N/A;N/A;N/A;N/A;N/A;N/A;N/A;N/A;N/A;N/A;N/A;N/A;N/A;N/A;N/A;N/A;N/A;N/A;N/A;N/A;N/A;N/A;N/A;N/A;N/A;N/A;N/A;N/A;N/A;N/A;N/A;N/A;N/A;N/A;N/A;N/A;N/A;N/A;N/A;N/A;N/A;Sí;N/A;N/A;N/A;Sí;N/A;N/A;Sí;N/A;Sí
Hyundai;Veloster;"1.6 130cv";2014;"98432 km";;ANGIEPARAFITA;21500;;;;;"Ciudad de la Costa";https://auto.mercadolibre.com.uy/MLU-646774447-hyundai-veloster-2014-16-130cv-_JM;N/A;;"Hyundai Veloster 2014 1.6 130cv";usd;Sí;free;false;N/A;N/A;http://perfil.mercadolibre.com.uy/ANGIEPARAFITA;active;N/A;N/A;Usado;N/A;N/A;Hidráulica;Delantera;N/A;N/A;Sí;N/A;N/A;N/A;N/A;N/A;N/A;N/A;N/A;N/A;N/A;N/A;N/A;N/A;N/A;N/A;N/A;N/A;N/A;N/A;N/A;N/A;N/A;"2650 mm";"1.6 L";"50 L";6;N/A;N/A;N/A;N/A;N/A;N/A;N/A;N/A;N/A;N/A;N/A;N/A;N/A;N/A;N/A;N/A;N/A;N/A;N/A;N/A;N/A;N/A;N/A;N/A;N/A;N/A;N/A;N/A;N/A;N/A;N/A;Sí;N/A;N/A;N/A;N/A;N/A;N/A;N/A;N/A;N/A;Sí;N/A;N/A;N/A;"1399 mm";"4220 mm";N/A;N/A;N/A;N/A;4;"130 hp";N/A;N/A;4;"1790 mm";N/A;N/A;N/A;N/A;Sí;N/A;N/A;N/A;N/A;N/A;N/A;N/A;N/A;N/A;N/A;N/A;N/A;N/A;2;1.6;Nafta;Manual;Coupé;"Autos y camionetas";N/A;N/A;N/A;N/A;N/A;N/A;UY;N/A;N/A;N/A;N/A;N/A;N/A;N/A;N/A;N/A;N/A;N/A;N/A;N/A;N/A;N/A;N/A;N/A;N/A;N/A;N/A;N/A;N/A;N/A;N/A;N/A;N/A;N/A;N/A;N/A;N/A;N/A;N/A;N/A;N/A;N/A;N/A;N/A;N/A;N/A;N/A;N/A;N/A;N/A;N/A;N/A;N/A;N/A;N/A;N/A;N/A;N/A;N/A;N/A;N/A;N/A;N/A;N/A;N/A;N/A;N/A;N/A;N/A;N/A;N/A;N/A;N/A;N/A;N/A;N/A;N/A;N/A;N/A;N/A;N/A;N/A;N/A;N/A;N/A;N/A;N/A;N/A;N/A;N/A;N/A;N/A;N/A;N/A;N/A;N/A;Sí;N/A;Sí;N/A;N/A;N/A;N/A;N/A;N/A;N/A;N/A;N/A;N/A;Sí;N/A;N/A;N/A;N/A;N/A;N/A;N/A;N/A;N/A;N/A;N/A;N/A
Hyundai;HB20;"1.6 Comfort Plus 5p";2018;"119000 km";;"NICO LEINDEKAR";12700;;;;;Carrasco;https://auto.mercadolibre.com.uy/MLU-704523544-hyundai-hb20-2018-16-comfort-plus-5p-_JM;N/A;;"Hyundai Hb20 2018 1.6 Comfort Plus 5p";usd;Sí;free;false;N/A;N/A;http://perfil.mercadolibre.com.uy/NICO+LEINDEKAR;active;N/A;N/A;Usado;N/A;N/A;Hidráulica;Delantera;Sí;N/A;Sí;N/A;N/A;N/A;N/A;N/A;N/A;N/A;N/A;N/A;N/A;N/A;N/A;N/A;N/A;N/A;N/A;N/A;N/A;N/A;N/A;N/A;N/A;"2500 mm";"1.6 L";"50 L";6;N/A;N/A;N/A;N/A;N/A;N/A;N/A;N/A;N/A;N/A;N/A;N/A;N/A;N/A;N/A;N/A;N/A;N/A;N/A;N/A;N/A;N/A;N/A;N/A;N/A;N/A;N/A;N/A;N/A;N/A;N/A;N/A;N/A;Sí;Sí;N/A;N/A;N/A;N/A;N/A;N/A;N/A;N/A;N/A;N/A;"1470 mm";"3920 mm";N/A;N/A;N/A;N/A;5;"122 hp";"Comfort Plus";N/A;4;"1680 mm";N/A;N/A;N/A;N/A;Sí;N/A;N/A;Sí;Sí;N/A;N/A;"13.8 km/l";N/A;N/A;N/A;N/A;N/A;N/A;5;1.6;Nafta;Manual;Hatchback;"Autos y camionetas";N/A;N/A;N/A;N/A;N/A;N/A;UY;N/A;N/A;N/A;N/A;N/A;N/A;N/A;N/A;N/A;N/A;N/A;N/A;N/A;N/A;N/A;N/A;N/A;N/A;N/A;N/A;N/A;N/A;N/A;N/A;N/A;N/A;N/A;N/A;N/A;N/A;N/A;N/A;N/A;N/A;N/A;N/A;N/A;N/A;N/A;N/A;N/A;N/A;N/A;N/A;N/A;N/A;N/A;N/A;N/A;N/A;N/A;N/A;N/A;N/A;N/A;N/A;N/A;N/A;N/A;N/A;N/A;N/A;N/A;N/A;N/A;N/A;N/A;N/A;N/A;N/A;N/A;N/A;N/A;N/A;N/A;N/A;N/A;N/A;N/A;N/A;N/A;N/A;N/A;N/A;N/A;N/A;N/A;N/A;N/A;N/A;N/A;N/A;N/A;N/A;N/A;N/A;N/A;N/A;N/A;N/A;N/A;N/A;N/A;N/A;N/A;Sí;N/A;N/A;N/A;Sí;N/A;N/A;Sí;N/A;Sí
Hyundai;H1;"2.5 1 170cv Mt";2012;"212000 km";;MELISSAKARENFAJIAN;22000;;;;;"Paso de la Arena";https://auto.mercadolibre.com.uy/MLU-704341570-hyundai-h1-2012-25-1-170cv-mt-_JM;N/A;;"Hyundai H1 2012 2.5 1 170cv Mt";usd;Sí;free;false;N/A;N/A;http://perfil.mercadolibre.com.uy/MELISSAKARENFAJIAN;active;N/A;N/A;Usado;N/A;N/A;Hidráulica;Delantera;N/A;N/A;Sí;N/A;N/A;N/A;N/A;N/A;N/A;N/A;No;Sí;Sí;N/A;N/A;N/A;N/A;N/A;N/A;N/A;N/A;N/A;N/A;N/A;N/A;"3201 mm";"2476 cc";"75 L";5;N/A;N/A;N/A;N/A;N/A;N/A;N/A;N/A;N/A;N/A;N/A;N/A;N/A;N/A;N/A;N/A;N/A;N/A;N/A;N/A;N/A;N/A;N/A;N/A;N/A;N/A;N/A;N/A;N/A;Sí;N/A;Sí;N/A;Sí;N/A;Sí;N/A;N/A;N/A;N/A;N/A;No;N/A;N/A;N/A;"1925 mm";"5125 mm";N/A;N/A;N/A;N/A;12;"170 hp";N/A;N/A;4;"1920 mm";"10.9 km/l";N/A;N/A;N/A;N/A;N/A;N/A;N/A;N/A;N/A;N/A;"7.1 km/l";N/A;N/A;N/A;N/A;N/A;N/A;4;2.5;Diésel;Manual;SUV;"Autos y camionetas";N/A;N/A;N/A;N/A;N/A;N/A;UY;N/A;N/A;N/A;N/A;N/A;N/A;N/A;N/A;N/A;N/A;N/A;N/A;N/A;N/A;N/A;N/A;N/A;N/A;N/A;N/A;N/A;N/A;N/A;N/A;N/A;N/A;N/A;N/A;N/A;N/A;N/A;N/A;N/A;N/A;N/A;N/A;N/A;N/A;N/A;N/A;N/A;N/A;N/A;N/A;N/A;N/A;N/A;N/A;N/A;N/A;N/A;N/A;N/A;N/A;N/A;N/A;N/A;N/A;N/A;N/A;N/A;N/A;N/A;N/A;N/A;N/A;N/A;N/A;N/A;N/A;N/A;N/A;N/A;N/A;N/A;N/A;N/A;N/A;N/A;N/A;N/A;N/A;N/A;N/A;N/A;N/A;N/A;N/A;N/A;Sí;N/A;Sí;N/A;N/A;N/A;N/A;Sí;N/A;Sí;N/A;N/A;N/A;N/A;N/A;N/A;N/A;N/A;N/A;N/A;N/A;N/A;N/A;N/A;N/A;N/A
Hyundai;HB20;"1.6 Comfort Plus 5p";2018;"130000 km";;BONSAIDELNORTE;13000;;;;;Rivera;https://auto.mercadolibre.com.uy/MLU-701600506-hyundai-hb20-2018-16-comfort-plus-5p-_JM;N/A;;"Hyundai Hb20 2018 1.6 Comfort Plus 5p";usd;Sí;free;false;N/A;N/A;http://perfil.mercadolibre.com.uy/BONSAIDELNORTE;active;N/A;N/A;Usado;N/A;N/A;Hidráulica;Delantera;Sí;N/A;Sí;N/A;N/A;N/A;N/A;N/A;N/A;N/A;N/A;N/A;Sí;N/A;N/A;N/A;N/A;N/A;N/A;N/A;N/A;N/A;N/A;N/A;N/A;"2500 mm";"1.6 L";"50 L";6;N/A;N/A;N/A;N/A;N/A;N/A;N/A;N/A;N/A;N/A;N/A;N/A;N/A;N/A;N/A;N/A;N/A;N/A;N/A;N/A;N/A;N/A;N/A;N/A;N/A;N/A;N/A;N/A;N/A;N/A;N/A;N/A;N/A;Sí;Sí;N/A;N/A;N/A;N/A;N/A;N/A;N/A;N/A;N/A;N/A;"1470 mm";"3920 mm";N/A;N/A;N/A;N/A;5;"122 hp";"Comfort Plus";N/A;4;"1680 mm";N/A;N/A;N/A;N/A;Sí;N/A;N/A;Sí;Sí;N/A;N/A;"13.8 km/l";N/A;N/A;N/A;N/A;N/A;N/A;5;1.6;Nafta;Manual;Hatchback;"Autos y camionetas";N/A;N/A;N/A;N/A;N/A;N/A;UY;N/A;N/A;N/A;N/A;N/A;N/A;N/A;N/A;N/A;N/A;N/A;N/A;N/A;N/A;N/A;N/A;N/A;N/A;N/A;N/A;N/A;N/A;N/A;N/A;N/A;N/A;N/A;N/A;N/A;N/A;N/A;N/A;N/A;N/A;N/A;N/A;N/A;N/A;N/A;N/A;N/A;N/A;N/A;N/A;N/A;N/A;N/A;N/A;N/A;N/A;N/A;N/A;N/A;N/A;N/A;N/A;N/A;N/A;N/A;N/A;N/A;N/A;N/A;N/A;N/A;N/A;N/A;N/A;N/A;N/A;N/A;N/A;N/A;N/A;N/A;N/A;N/A;N/A;N/A;N/A;N/A;N/A;N/A;N/A;N/A;N/A;N/A;N/A;N/A;N/A;N/A;N/A;N/A;N/A;N/A;N/A;N/A;N/A;N/A;N/A;N/A;N/A;N/A;N/A;N/A;Sí;N/A;N/A;N/A;Sí;N/A;N/A;Sí;N/A;Sí
Hyundai;H1;"2.5 Nafta";2008;"234000 km";;ANCHUAR;9500;;;;;Sauce;https://auto.mercadolibre.com.uy/MLU-647156595-hyundai-h1-furgon-3-asientos-ideal-camping-o-reparto-_JM;N/A;;"Hyundai H1 Furgon, 3 Asientos, Ideal Camping O Reparto.";usd;Sí;free;false;N/A;N/A;http://perfil.mercadolibre.com.uy/ANCHUAR;active;N/A;N/A;Usado;Azul;No;Hidráulica;Trasera;N/A;N/A;Sí;N/A;N/A;N/A;N/A;N/A;N/A;N/A;N/A;N/A;N/A;N/A;N/A;N/A;N/A;N/A;N/A;N/A;N/A;N/A;N/A;N/A;N/A;"3201 mm";"2.5 L";"75 L";4;N/A;N/A;N/A;N/A;N/A;N/A;N/A;N/A;N/A;N/A;N/A;N/A;N/A;N/A;N/A;N/A;N/A;N/A;N/A;N/A;N/A;N/A;N/A;N/A;N/A;N/A;N/A;N/A;N/A;Sí;N/A;Sí;N/A;Sí;N/A;Sí;N/A;N/A;N/A;N/A;N/A;No;N/A;N/A;N/A;"1925 mm";"5125 mm";N/A;N/A;N/A;N/A;12;"100 hp";Premium;N/A;4;"1920 mm";"12.3 km/l";N/A;N/A;Sí;Sí;N/A;N/A;N/A;N/A;N/A;N/A;"8.3 km/l";N/A;N/A;N/A;N/A;N/A;N/A;5;2.5;Nafta;Manual;Furgón;"Autos y camionetas";N/A;N/A;N/A;N/A;N/A;N/A;UY;N/A;N/A;N/A;N/A;N/A;N/A;N/A;N/A;N/A;N/A;N/A;N/A;N/A;N/A;N/A;N/A;N/A;N/A;N/A;N/A;N/A;N/A;N/A;N/A;N/A;N/A;N/A;N/A;N/A;N/A;N/A;N/A;N/A;N/A;N/A;N/A;No;N/A;N/A;N/A;N/A;N/A;N/A;N/A;N/A;N/A;N/A;N/A;N/A;N/A;N/A;N/A;N/A;N/A;N/A;N/A;N/A;N/A;N/A;N/A;N/A;N/A;N/A;N/A;N/A;N/A;N/A;N/A;N/A;N/A;N/A;N/A;N/A;N/A;N/A;N/A;N/A;N/A;N/A;N/A;N/A;N/A;N/A;N/A;N/A;N/A;N/A;N/A;N/A;Sí;N/A;Sí;N/A;Sí;N/A;N/A;Sí;N/A;Sí;N/A;N/A;Sí;N/A;N/A;N/A;N/A;N/A;Sí;Sí;N/A;Sí;N/A;Sí;N/A;Sí
Hyundai;Elantra;"GLS 1.8 Automatico";2011;"295000 km";;MB.VENTAS;11600;;;;;Malvin;https://auto.mercadolibre.com.uy/MLU-701550946-hyndai-elantra-gls-18-aut-_JM;N/A;;"Hyndai Elantra Gls 1.8 Aut.";USD;Sí;free;false;N/A;N/A;http://perfil.mercadolibre.com.uy/MB.VENTAS;active;N/A;N/A;Usado;Azul;No;Eléctrica;Delantera;Sí;Sí;N/A;N/A;N/A;N/A;N/A;N/A;N/A;N/A;N/A;Sí;Sí;N/A;Sí;N/A;N/A;N/A;N/A;N/A;N/A;N/A;N/A;N/A;N/A;N/A;N/A;N/A;N/A;N/A;N/A;N/A;N/A;N/A;N/A;N/A;N/A;N/A;N/A;N/A;N/A;N/A;N/A;N/A;N/A;N/A;N/A;N/A;N/A;N/A;N/A;N/A;N/A;N/A;N/A;N/A;N/A;N/A;N/A;N/A;N/A;N/A;N/A;N/A;N/A;N/A;N/A;N/A;N/A;N/A;N/A;N/A;N/A;N/A;N/A;N/A;N/A;N/A;N/A;N/A;N/A;N/A;N/A;N/A;N/A;N/A;N/A;No;N/A;Sí;Sí;N/A;No;Sí;N/A;N/A;N/A;N/A;N/A;N/A;N/A;N/A;N/A;N/A;4;"1.8 16v";Nafta;"Automática secuencial";Sedán;"Autos y camionetas";N/A;N/A;N/A;N/A;N/A;N/A;N/A;N/A;Sí;N/A;N/A;N/A;N/A;N/A;N/A;N/A;N/A;N/A;N/A;N/A;N/A;N/A;N/A;N/A;Sí;N/A;N/A;N/A;N/A;N/A;N/A;N/A;N/A;N/A;N/A;N/A;N/A;N/A;N/A;N/A;N/A;N/A;N/A;No;N/A;N/A;N/A;N/A;N/A;N/A;N/A;N/A;N/A;N/A;N/A;N/A;N/A;N/A;N/A;N/A;N/A;No;N/A;N/A;N/A;N/A;N/A;N/A;N/A;N/A;N/A;N/A;N/A;N/A;N/A;N/A;N/A;N/A;N/A;N/A;N/A;N/A;N/A;N/A;N/A;N/A;N/A;N/A;N/A;N/A;N/A;N/A;N/A;N/A;N/A;N/A;Sí;Sí;Sí;N/A;Sí;N/A;N/A;N/A;N/A;Sí;Sí;N/A;Sí;N/A;N/A;N/A;Sí;N/A;Sí;Sí;Sí;Sí;Sí;Sí;N/A;Sí
Hyundai;i10;"1.1 Gl";2015;"174000 km";;GOLU7686055;8500;;;;;Carrasco;https://auto.mercadolibre.com.uy/MLU-647481965-hyundai-i10-_JM;N/A;;"Hyundai I10";USD;Sí;free;false;N/A;N/A;http://perfil.mercadolibre.com.uy/GOLU7686055;active;N/A;N/A;Usado;Blanco;N/A;N/A;N/A;N/A;N/A;N/A;N/A;N/A;N/A;N/A;N/A;N/A;N/A;N/A;N/A;N/A;N/A;N/A;N/A;N/A;N/A;N/A;N/A;N/A;N/A;N/A;N/A;N/A;N/A;N/A;N/A;N/A;N/A;N/A;N/A;N/A;N/A;N/A;N/A;N/A;N/A;N/A;N/A;N/A;N/A;N/A;N/A;N/A;N/A;N/A;N/A;N/A;N/A;N/A;N/A;N/A;N/A;N/A;N/A;N/A;N/A;N/A;N/A;N/A;N/A;N/A;N/A;N/A;N/A;N/A;N/A;N/A;N/A;N/A;N/A;N/A;N/A;N/A;N/A;N/A;N/A;N/A;N/A;N/A;N/A;N/A;N/A;N/A;N/A;N/A;N/A;N/A;N/A;N/A;N/A;N/A;N/A;N/A;N/A;N/A;N/A;N/A;N/A;N/A;N/A;N/A;N/A;4;N/A;Nafta;N/A;N/A;"Autos y camionetas";N/A;N/A;N/A;N/A;N/A;N/A;N/A;N/A;N/A;N/A;N/A;N/A;N/A;N/A;N/A;N/A;N/A;N/A;N/A;N/A;N/A;N/A;N/A;N/A;N/A;N/A;N/A;N/A;N/A;N/A;N/A;N/A;N/A;N/A;N/A;N/A;N/A;N/A;N/A;N/A;N/A;N/A;N/A;N/A;N/A;N/A;N/A;N/A;N/A;N/A;N/A;N/A;N/A;N/A;N/A;N/A;N/A;N/A;N/A;N/A;N/A;N/A;N/A;N/A;N/A;N/A;N/A;N/A;N/A;N/A;N/A;N/A;N/A;N/A;N/A;N/A;N/A;N/A;N/A;N/A;N/A;N/A;N/A;N/A;N/A;N/A;N/A;N/A;N/A;N/A;N/A;N/A;N/A;N/A;N/A;N/A;N/A;Sí;N/A;N/A;N/A;N/A;N/A;N/A;N/A;N/A;N/A;N/A;N/A;N/A;N/A;N/A;N/A;N/A;N/A;N/A;N/A;N/A;N/A;N/A;N/A;N/A
Hyundai;Tucson;"2.0 Gl 6at 2wd";2011;"177777 km";;MICUENTA.FACU;13800;;;;;Manga;https://auto.mercadolibre.com.uy/MLU-703952038-hyundai-tucson-20-gl-6at-2wd-_JM;N/A;;"Hyundai Tucson 2.0 Gl 6at 2wd";usd;Sí;free;false;N/A;N/A;http://perfil.mercadolibre.com.uy/MICUENTA.FACU;active;N/A;N/A;Usado;Blanco;N/A;Hidráulica;4x2;Sí;N/A;Sí;N/A;N/A;N/A;N/A;N/A;N/A;N/A;N/A;N/A;N/A;N/A;N/A;N/A;N/A;N/A;N/A;N/A;N/A;N/A;N/A;N/A;N/A;"2630 mm";"2 L";"58 L";6;N/A;N/A;N/A;N/A;N/A;N/A;N/A;N/A;N/A;N/A;N/A;N/A;N/A;N/A;N/A;N/A;N/A;N/A;N/A;N/A;N/A;N/A;N/A;N/A;N/A;N/A;N/A;N/A;N/A;N/A;N/A;Sí;N/A;N/A;N/A;N/A;N/A;N/A;N/A;N/A;N/A;Sí;N/A;N/A;N/A;"1655 mm";"4410 mm";N/A;N/A;N/A;N/A;5;"166 hp";Gl;N/A;4;"1830 mm";"10.4 km/l";N/A;N/A;N/A;N/A;N/A;Sí;Sí;N/A;N/A;Sí;"6.4 km/l";N/A;N/A;N/A;N/A;N/A;N/A;5;2.0;Nafta;Automática;SUV;"Autos y camionetas";N/A;N/A;N/A;N/A;N/A;N/A;UY;N/A;N/A;N/A;N/A;N/A;N/A;N/A;N/A;N/A;N/A;N/A;N/A;N/A;N/A;N/A;N/A;N/A;N/A;N/A;N/A;N/A;N/A;N/A;N/A;N/A;N/A;N/A;N/A;N/A;N/A;N/A;N/A;N/A;N/A;N/A;N/A;N/A;N/A;N/A;N/A;N/A;N/A;N/A;N/A;N/A;N/A;N/A;N/A;N/A;N/A;N/A;N/A;N/A;N/A;N/A;N/A;N/A;N/A;N/A;N/A;N/A;N/A;N/A;N/A;N/A;N/A;N/A;N/A;N/A;N/A;N/A;N/A;N/A;N/A;N/A;N/A;N/A;N/A;N/A;N/A;N/A;N/A;N/A;N/A;N/A;N/A;N/A;N/A;N/A;Sí;Sí;Sí;N/A;Sí;N/A;N/A;N/A;N/A;Sí;N/A;N/A;N/A;Sí;N/A;N/A;N/A;N/A;N/A;N/A;N/A;N/A;N/A;N/A;N/A;N/A
Hyundai;H20;"1.0 Comfort Mt";2023;"40000 km";;LILI4975;15000;;;;;Aguada;https://auto.mercadolibre.com.uy/MLU-703136858-no-bajo-el-precio-_JM;N/A;;"No Bajo El Precio";usd;Sí;free;false;N/A;N/A;http://perfil.mercadolibre.com.uy/LILI4975;active;N/A;N/A;Usado;Dorado;Sí;Hidráulica;Delantera;Sí;N/A;Sí;N/A;N/A;N/A;N/A;N/A;N/A;N/A;N/A;N/A;N/A;N/A;N/A;N/A;N/A;N/A;N/A;N/A;N/A;N/A;N/A;N/A;N/A;"2500 mm";"1 L";"50 L";6;N/A;N/A;N/A;N/A;N/A;N/A;N/A;N/A;N/A;N/A;N/A;N/A;N/A;N/A;N/A;N/A;N/A;N/A;N/A;N/A;N/A;N/A;N/A;N/A;N/A;N/A;N/A;N/A;N/A;N/A;N/A;N/A;N/A;Sí;Sí;N/A;N/A;N/A;N/A;N/A;N/A;N/A;N/A;N/A;N/A;"1470 mm";"3920 mm";N/A;N/A;N/A;N/A;5;"101 hp";N/A;N/A;4;"1680 mm";N/A;N/A;N/A;N/A;Sí;N/A;N/A;Sí;Sí;N/A;N/A;"13.8 km/l";N/A;N/A;N/A;N/A;N/A;N/A;4;1.0;Eléctrico;Manual;Sedán;"Autos y camionetas";N/A;N/A;N/A;N/A;N/A;N/A;UY;N/A;N/A;N/A;N/A;N/A;N/A;N/A;N/A;N/A;N/A;N/A;N/A;N/A;N/A;N/A;N/A;N/A;N/A;N/A;N/A;N/A;N/A;N/A;N/A;N/A;N/A;N/A;N/A;N/A;N/A;N/A;N/A;N/A;N/A;N/A;N/A;N/A;N/A;N/A;N/A;N/A;N/A;N/A;N/A;N/A;N/A;N/A;N/A;N/A;N/A;N/A;N/A;N/A;N/A;N/A;N/A;N/A;N/A;N/A;N/A;N/A;N/A;N/A;N/A;N/A;N/A;N/A;N/A;N/A;N/A;N/A;N/A;N/A;N/A;N/A;N/A;N/A;N/A;N/A;N/A;N/A;N/A;N/A;N/A;N/A;N/A;N/A;N/A;N/A;N/A;N/A;N/A;N/A;N/A;N/A;N/A;N/A;N/A;N/A;N/A;N/A;N/A;N/A;N/A;N/A;Sí;N/A;N/A;N/A;Sí;N/A;N/A;Sí;N/A;Sí
Hyundai;Eon;"0.8 Gls";2013;"113000 km";;CORREACAROLINA76;8500;;;;;"La Teja";https://auto.mercadolibre.com.uy/MLU-702549426-hyundai-eon-08-gls-_JM;N/A;;"Hyundai Eon 0.8 Gls";usd;Sí;free;false;N/A;N/A;http://perfil.mercadolibre.com.uy/CORREACAROLINA76;active;N/A;N/A;Usado;Dorado;N/A;Hidráulica;Delantera;Sí;Sí;Sí;N/A;N/A;N/A;N/A;N/A;N/A;N/A;N/A;N/A;Sí;N/A;N/A;N/A;N/A;N/A;N/A;N/A;N/A;N/A;N/A;N/A;N/A;"2385 mm";"0.8 L";"35 L";5;N/A;N/A;N/A;N/A;N/A;N/A;N/A;N/A;N/A;N/A;N/A;N/A;N/A;N/A;N/A;N/A;N/A;N/A;N/A;N/A;N/A;N/A;N/A;N/A;N/A;N/A;N/A;N/A;N/A;N/A;N/A;N/A;N/A;Sí;N/A;N/A;N/A;N/A;N/A;N/A;N/A;N/A;N/A;N/A;N/A;"1540 mm";"3585 mm";N/A;N/A;N/A;N/A;5;"85 hp";Gls;N/A;4;"1660 mm";N/A;No;N/A;Sí;Sí;N/A;No;No;N/A;N/A;N/A;N/A;N/A;N/A;N/A;N/A;N/A;N/A;5;0.8;Nafta;Manual;Hatchback;"Autos y camionetas";N/A;N/A;N/A;N/A;N/A;N/A;UY;N/A;N/A;N/A;N/A;N/A;N/A;N/A;N/A;N/A;N/A;N/A;N/A;N/A;N/A;N/A;N/A;N/A;Sí;N/A;N/A;N/A;N/A;N/A;N/A;N/A;N/A;N/A;N/A;N/A;N/A;N/A;N/A;N/A;N/A;N/A;N/A;N/A;N/A;N/A;N/A;N/A;N/A;N/A;N/A;N/A;N/A;N/A;N/A;N/A;N/A;N/A;N/A;N/A;N/A;N/A;N/A;N/A;N/A;N/A;N/A;N/A;N/A;N/A;N/A;N/A;N/A;N/A;N/A;N/A;N/A;N/A;N/A;N/A;N/A;N/A;N/A;N/A;N/A;N/A;N/A;N/A;N/A;N/A;N/A;N/A;N/A;N/A;N/A;N/A;N/A;Sí;N/A;N/A;No;N/A;N/A;N/A;N/A;N/A;N/A;N/A;N/A;Sí;N/A;N/A;N/A;N/A;Sí;Sí;Sí;N/A;N/A;Sí;N/A;Sí
Hyundai;HB20;"1.0 Premium Mt";2022;"27000 km";;FABRIFAUST;16500;;;;;"Las Piedras";https://auto.mercadolibre.com.uy/MLU-703875998-hyundai-hb20-10-premium-mt-_JM;N/A;;"Hyundai Hb20 1.0 Premium Mt";usd;Sí;free;false;N/A;N/A;http://perfil.mercadolibre.com.uy/FABRIFAUST;active;N/A;N/A;Usado;Blanco;N/A;Hidráulica;Delantera;Sí;N/A;Sí;N/A;N/A;N/A;N/A;N/A;N/A;N/A;N/A;N/A;N/A;N/A;N/A;N/A;N/A;N/A;N/A;N/A;N/A;N/A;N/A;N/A;N/A;"2500 mm";"1 L";"50 L";6;N/A;N/A;N/A;N/A;N/A;N/A;N/A;N/A;N/A;N/A;N/A;N/A;N/A;N/A;N/A;N/A;N/A;N/A;N/A;N/A;N/A;N/A;N/A;N/A;N/A;N/A;N/A;N/A;N/A;N/A;N/A;N/A;N/A;Sí;Sí;N/A;N/A;N/A;N/A;N/A;N/A;N/A;N/A;N/A;N/A;"1470 mm";"3920 mm";N/A;N/A;N/A;N/A;5;"80 hp";N/A;N/A;4;"1680 mm";N/A;N/A;N/A;N/A;Sí;N/A;N/A;Sí;Sí;N/A;N/A;"13.8 km/l";N/A;N/A;N/A;N/A;N/A;N/A;5;1.0;Nafta;Manual;Hatchback;"Autos y camionetas";N/A;N/A;N/A;N/A;N/A;N/A;UY;N/A;N/A;N/A;N/A;N/A;N/A;N/A;N/A;N/A;N/A;N/A;N/A;N/A;N/A;N/A;N/A;N/A;N/A;N/A;N/A;N/A;N/A;N/A;N/A;N/A;N/A;N/A;N/A;N/A;N/A;N/A;N/A;N/A;N/A;N/A;N/A;N/A;N/A;N/A;N/A;N/A;N/A;N/A;N/A;N/A;N/A;N/A;N/A;N/A;N/A;N/A;N/A;N/A;N/A;N/A;N/A;N/A;N/A;N/A;N/A;N/A;N/A;N/A;N/A;N/A;N/A;N/A;N/A;N/A;N/A;N/A;N/A;N/A;N/A;N/A;N/A;N/A;N/A;N/A;N/A;N/A;N/A;N/A;N/A;N/A;N/A;N/A;N/A;N/A;N/A;N/A;N/A;N/A;N/A;N/A;N/A;N/A;N/A;N/A;N/A;N/A;N/A;N/A;N/A;N/A;Sí;N/A;N/A;N/A;Sí;N/A;N/A;Sí;N/A;Sí
Hyundai;i10;"I10 1.1 GL";2010;"142300 km";;"SOLITA 2528";7000;;;;;Maldonado;https://auto.mercadolibre.com.uy/MLU-647481193-un-auto-comodo-confiable-y-economico-_JM;N/A;;"Un Auto Cómodo, Confiable Y Económico!";USD;Sí;free;false;N/A;N/A;http://perfil.mercadolibre.com.uy/SOLITA+2528;active;N/A;N/A;Usado;Blanco;No;Mecánica;N/A;No;N/A;N/A;N/A;N/A;N/A;N/A;N/A;N/A;N/A;N/A;N/A;No;N/A;N/A;N/A;N/A;N/A;N/A;N/A;N/A;N/A;N/A;N/A;N/A;N/A;N/A;N/A;N/A;N/A;N/A;N/A;N/A;N/A;N/A;N/A;N/A;N/A;N/A;N/A;N/A;N/A;N/A;N/A;N/A;N/A;N/A;N/A;N/A;N/A;N/A;N/A;N/A;N/A;N/A;N/A;N/A;N/A;N/A;N/A;N/A;N/A;N/A;N/A;N/A;N/A;N/A;N/A;N/A;N/A;N/A;N/A;N/A;N/A;N/A;N/A;N/A;N/A;N/A;N/A;N/A;N/A;N/A;N/A;N/A;N/A;N/A;N/A;N/A;N/A;N/A;N/A;N/A;N/A;N/A;N/A;N/A;N/A;N/A;N/A;N/A;N/A;N/A;"14:00 en adelante";4;1.0;Nafta;N/A;N/A;"Autos y camionetas";N/A;N/A;N/A;N/A;N/A;N/A;N/A;N/A;No;N/A;N/A;N/A;N/A;N/A;N/A;N/A;N/A;N/A;N/A;N/A;N/A;N/A;N/A;N/A;N/A;N/A;N/A;N/A;N/A;N/A;N/A;N/A;N/A;N/A;N/A;N/A;N/A;N/A;N/A;N/A;N/A;N/A;N/A;N/A;N/A;N/A;N/A;N/A;N/A;N/A;N/A;N/A;N/A;N/A;N/A;N/A;N/A;N/A;N/A;N/A;N/A;N/A;Sí;N/A;N/A;N/A;N/A;N/A;N/A;N/A;N/A;N/A;N/A;N/A;N/A;N/A;N/A;N/A;N/A;N/A;N/A;N/A;N/A;N/A;N/A;N/A;N/A;N/A;N/A;N/A;N/A;N/A;N/A;N/A;N/A;N/A;N/A;N/A;N/A;N/A;N/A;N/A;N/A;N/A;N/A;N/A;N/A;N/A;N/A;N/A;N/A;N/A;N/A;N/A;N/A;N/A;N/A;N/A;N/A;N/A;N/A;N/A
Hyundai;i10;"1.2 Full";2014;"138000 km";;SABORCASERO2022;9000;;;;;Sayago;https://auto.mercadolibre.com.uy/MLU-702806512-hyundai-i10-12-full-_JM;N/A;;"Hyundai I10 1.2 Full";usd;Sí;free;false;N/A;N/A;http://perfil.mercadolibre.com.uy/SABORCASERO2022;active;N/A;N/A;Usado;Gris;N/A;Hidráulica;Delantera;Sí;Sí;Sí;N/A;N/A;N/A;N/A;N/A;N/A;N/A;N/A;N/A;Sí;N/A;N/A;N/A;N/A;N/A;N/A;N/A;N/A;N/A;N/A;N/A;N/A;"2385 mm";"1.2 L";"35 L";4;N/A;N/A;N/A;N/A;Sí;N/A;N/A;N/A;N/A;N/A;N/A;N/A;N/A;N/A;N/A;N/A;N/A;N/A;N/A;N/A;N/A;N/A;N/A;N/A;N/A;N/A;N/A;N/A;N/A;N/A;N/A;Sí;N/A;Sí;N/A;N/A;N/A;N/A;N/A;N/A;N/A;Sí;N/A;N/A;N/A;"1540 mm";"3565 mm";N/A;N/A;N/A;N/A;5;"85 hp";Gls;N/A;4;"1660 mm";N/A;N/A;N/A;N/A;N/A;N/A;Sí;N/A;N/A;N/A;N/A;N/A;N/A;N/A;N/A;N/A;N/A;N/A;5;1.2;Nafta;Automática;Hatchback;"Autos y camionetas";N/A;N/A;N/A;N/A;N/A;N/A;UY;N/A;Sí;N/A;N/A;N/A;N/A;N/A;N/A;N/A;N/A;N/A;N/A;N/A;N/A;N/A;N/A;N/A;Sí;N/A;N/A;N/A;N/A;N/A;N/A;N/A;N/A;N/A;N/A;N/A;N/A;N/A;N/A;N/A;N/A;N/A;N/A;No;N/A;N/A;N/A;N/A;N/A;N/A;N/A;N/A;N/A;N/A;N/A;N/A;N/A;N/A;N/A;N/A;N/A;No;N/A;N/A;N/A;N/A;N/A;N/A;N/A;N/A;N/A;N/A;N/A;N/A;N/A;N/A;N/A;N/A;N/A;N/A;N/A;N/A;N/A;N/A;N/A;N/A;N/A;N/A;N/A;N/A;N/A;N/A;N/A;N/A;N/A;N/A;Sí;Sí;Sí;N/A;Sí;N/A;N/A;N/A;N/A;Sí;N/A;N/A;Sí;Sí;N/A;N/A;N/A;N/A;N/A;N/A;Sí;N/A;N/A;N/A;N/A;Sí
Hyundai;H1;Standard;2009;"252000 km";;DANIELSILVAGUERRA;13500;;;;;"La Paloma";https://auto.mercadolibre.com.uy/MLU-701980972-modelo-h1-_JM;N/A;;"Modelo H1";USD;Sí;free;false;N/A;N/A;http://perfil.mercadolibre.com.uy/DANIELSILVAGUERRA;active;N/A;N/A;Usado;Plateado;No;Hidráulica;6x2;Sí;Sí;N/A;N/A;N/A;Sí;N/A;N/A;N/A;N/A;N/A;Sí;Sí;N/A;No;N/A;N/A;N/A;N/A;N/A;N/A;N/A;N/A;N/A;N/A;N/A;N/A;N/A;N/A;N/A;N/A;N/A;N/A;N/A;No;N/A;N/A;N/A;N/A;N/A;N/A;N/A;N/A;N/A;N/A;N/A;N/A;N/A;N/A;N/A;N/A;N/A;N/A;N/A;N/A;N/A;N/A;N/A;N/A;N/A;N/A;N/A;N/A;N/A;N/A;N/A;N/A;N/A;N/A;N/A;N/A;N/A;N/A;N/A;N/A;N/A;N/A;N/A;N/A;N/A;N/A;N/A;N/A;N/A;N/A;N/A;N/A;N/A;N/A;Sí;Sí;N/A;N/A;N/A;N/A;N/A;N/A;N/A;No;N/A;N/A;N/A;N/A;"24 horas";5;2.4;Nafta;Automática;Van;"Autos y camionetas";N/A;N/A;N/A;N/A;N/A;N/A;N/A;N/A;N/A;N/A;N/A;N/A;N/A;N/A;N/A;N/A;N/A;N/A;N/A;N/A;N/A;N/A;N/A;N/A;Sí;N/A;N/A;N/A;N/A;N/A;N/A;N/A;N/A;N/A;N/A;N/A;N/A;N/A;N/A;N/A;N/A;N/A;N/A;N/A;N/A;N/A;N/A;N/A;N/A;N/A;N/A;N/A;N/A;N/A;N/A;N/A;N/A;N/A;N/A;N/A;N/A;N/A;N/A;N/A;N/A;N/A;N/A;N/A;N/A;N/A;N/A;N/A;N/A;N/A;N/A;N/A;N/A;N/A;N/A;N/A;N/A;N/A;N/A;N/A;N/A;N/A;N/A;N/A;N/A;N/A;N/A;N/A;N/A;N/A;N/A;No;Sí;No;N/A;N/A;Sí;N/A;N/A;N/A;N/A;Sí;No;No;Sí;N/A;N/A;Sí;Sí;Sí;N/A;N/A;N/A;N/A;N/A;N/A;N/A;N/A
Hyundai;H1;"Grand Starex";2010;"380000 km";;ARBALLOJAVIER81;11500;;;;;Mercedes;https://auto.mercadolibre.com.uy/MLU-647524185-impecable-estado-y-funcionamiento-5-asientos-_JM;N/A;;"Impecable Estado Y Funcionamiento, 5 Asientos";USD;Sí;free;false;N/A;N/A;http://perfil.mercadolibre.com.uy/ARBALLOJAVIER81;active;N/A;N/A;Usado;Gris;N/A;Hidráulica;Delantera;Sí;N/A;N/A;N/A;N/A;N/A;N/A;N/A;N/A;N/A;N/A;N/A;Sí;N/A;N/A;N/A;N/A;N/A;N/A;N/A;N/A;N/A;N/A;N/A;N/A;N/A;N/A;N/A;N/A;N/A;N/A;N/A;N/A;N/A;N/A;N/A;N/A;N/A;N/A;N/A;N/A;N/A;N/A;N/A;N/A;N/A;N/A;N/A;N/A;N/A;N/A;N/A;N/A;N/A;N/A;N/A;N/A;N/A;N/A;N/A;N/A;N/A;N/A;N/A;N/A;N/A;N/A;N/A;N/A;N/A;N/A;N/A;N/A;N/A;N/A;N/A;N/A;N/A;N/A;N/A;N/A;N/A;N/A;N/A;N/A;N/A;N/A;N/A;N/A;N/A;N/A;N/A;Sí;Sí;N/A;N/A;N/A;N/A;N/A;N/A;N/A;N/A;N/A;N/A;5;2.4;Nafta;Manual;N/A;"Autos y camionetas";N/A;N/A;N/A;N/A;N/A;N/A;N/A;N/A;N/A;N/A;N/A;N/A;N/A;N/A;N/A;N/A;N/A;N/A;N/A;N/A;N/A;N/A;N/A;N/A;N/A;N/A;N/A;N/A;N/A;N/A;N/A;N/A;N/A;N/A;N/A;N/A;N/A;N/A;N/A;N/A;N/A;N/A;N/A;N/A;N/A;N/A;N/A;N/A;N/A;N/A;N/A;N/A;N/A;N/A;N/A;N/A;N/A;N/A;N/A;N/A;N/A;N/A;N/A;N/A;N/A;N/A;N/A;N/A;N/A;N/A;N/A;N/A;N/A;N/A;N/A;N/A;N/A;N/A;N/A;N/A;N/A;N/A;N/A;N/A;N/A;N/A;N/A;N/A;N/A;N/A;N/A;N/A;N/A;N/A;N/A;N/A;Sí;N/A;N/A;N/A;N/A;N/A;N/A;N/A;N/A;N/A;N/A;N/A;N/A;N/A;N/A;N/A;N/A;N/A;N/A;N/A;N/A;N/A;N/A;N/A;N/A;N/A
Hyundai;Eon;Hatchbak;2014;"152000 km";;GINI5917366;4800;;;;;Cerro;https://auto.mercadolibre.com.uy/MLU-704580082-hyundai-eon-hatchbak-_JM;N/A;;"Hyundai Eon Hatchbak";USD;Sí;free;false;N/A;N/A;http://perfil.mercadolibre.com.uy/GINI5917366;active;N/A;N/A;Usado;N/A;N/A;N/A;N/A;N/A;N/A;N/A;N/A;N/A;N/A;N/A;N/A;N/A;N/A;N/A;N/A;N/A;N/A;N/A;N/A;N/A;N/A;N/A;N/A;N/A;N/A;N/A;N/A;N/A;N/A;N/A;N/A;N/A;N/A;N/A;N/A;N/A;N/A;N/A;N/A;N/A;N/A;N/A;N/A;N/A;N/A;N/A;N/A;N/A;N/A;N/A;N/A;N/A;N/A;N/A;N/A;N/A;N/A;N/A;N/A;N/A;N/A;N/A;N/A;N/A;N/A;N/A;N/A;N/A;N/A;N/A;N/A;N/A;N/A;N/A;N/A;N/A;N/A;N/A;N/A;N/A;N/A;N/A;N/A;N/A;N/A;N/A;N/A;N/A;N/A;N/A;N/A;N/A;N/A;N/A;N/A;N/A;N/A;N/A;N/A;N/A;N/A;N/A;N/A;N/A;N/A;N/A;N/A;4;N/A;Nafta;N/A;N/A;"Autos y camionetas";N/A;N/A;N/A;N/A;N/A;N/A;N/A;N/A;N/A;N/A;N/A;N/A;N/A;N/A;N/A;N/A;N/A;N/A;N/A;N/A;N/A;N/A;N/A;N/A;N/A;N/A;N/A;N/A;N/A;N/A;N/A;N/A;N/A;N/A;N/A;N/A;N/A;N/A;N/A;N/A;N/A;N/A;N/A;N/A;N/A;N/A;N/A;N/A;N/A;N/A;N/A;N/A;N/A;N/A;N/A;N/A;N/A;N/A;N/A;N/A;N/A;N/A;N/A;N/A;N/A;N/A;N/A;N/A;N/A;N/A;N/A;N/A;N/A;N/A;N/A;N/A;N/A;N/A;N/A;N/A;N/A;N/A;N/A;N/A;N/A;N/A;N/A;N/A;N/A;N/A;N/A;N/A;N/A;N/A;N/A;N/A;N/A;N/A;N/A;N/A;N/A;N/A;N/A;N/A;N/A;N/A;N/A;N/A;N/A;N/A;N/A;N/A;N/A;N/A;N/A;N/A;N/A;N/A;N/A;N/A;N/A;N/A
Hyundai;i10;"1.1 Gls Mt";2013;"117000 km";;BEER4885612;9800;;;;;Manga;https://auto.mercadolibre.com.uy/MLU-704248882-hyundai-i10-11-gls-mt-_JM;N/A;;"Hyundai I10 1.1 Gls Mt";usd;Sí;free;false;N/A;N/A;http://perfil.mercadolibre.com.uy/BEER4885612;active;N/A;N/A;Usado;Violeta;No;Hidráulica;Delantera;Sí;N/A;N/A;N/A;N/A;N/A;N/A;N/A;N/A;N/A;N/A;N/A;Sí;N/A;N/A;N/A;N/A;N/A;N/A;N/A;N/A;N/A;N/A;N/A;N/A;"2380 mm";"1.1 L";"35 L";5;N/A;N/A;N/A;N/A;N/A;N/A;N/A;N/A;N/A;N/A;N/A;N/A;N/A;N/A;N/A;N/A;N/A;N/A;N/A;N/A;N/A;N/A;N/A;N/A;N/A;N/A;N/A;N/A;N/A;N/A;N/A;N/A;N/A;N/A;N/A;N/A;N/A;N/A;N/A;N/A;N/A;N/A;N/A;N/A;N/A;"1550 mm";"3585 mm";N/A;N/A;N/A;N/A;5;"69 hp";Gls;N/A;4;"1595 mm";N/A;N/A;N/A;N/A;Sí;N/A;N/A;N/A;N/A;N/A;N/A;N/A;N/A;N/A;N/A;N/A;N/A;N/A;5;1.1;Nafta;Manual;Hatchback;"Autos y camionetas";N/A;N/A;N/A;N/A;N/A;N/A;UY;N/A;N/A;N/A;N/A;N/A;N/A;N/A;N/A;N/A;N/A;N/A;N/A;N/A;N/A;N/A;N/A;N/A;N/A;N/A;N/A;N/A;N/A;N/A;N/A;N/A;N/A;N/A;N/A;N/A;N/A;N/A;N/A;N/A;N/A;N/A;N/A;N/A;N/A;N/A;N/A;N/A;N/A;N/A;N/A;N/A;N/A;N/A;N/A;N/A;N/A;N/A;N/A;N/A;N/A;N/A;N/A;N/A;N/A;N/A;N/A;N/A;N/A;N/A;N/A;N/A;N/A;N/A;N/A;N/A;N/A;N/A;N/A;N/A;N/A;N/A;N/A;N/A;N/A;N/A;N/A;N/A;N/A;N/A;N/A;N/A;N/A;N/A;N/A;N/A;Sí;Sí;N/A;N/A;Sí;N/A;N/A;N/A;N/A;Sí;N/A;N/A;N/A;N/A;N/A;N/A;N/A;N/A;N/A;N/A;N/A;N/A;N/A;N/A;N/A;N/A
Hyundai;"Grand i10";"1.2 Gls Seg 87cv Mt";2015;"95000 km";;PUCA79;11500;;;;;Rivera;https://auto.mercadolibre.com.uy/MLU-703133146-hyundai-grand-i10-12-gls-seg-87cv-mt-_JM;N/A;;"Hyundai Grand I10 1.2 Gls Seg 87cv Mt";usd;Sí;free;false;N/A;N/A;http://perfil.mercadolibre.com.uy/PUCA79;active;N/A;N/A;Usado;Blanco;No;Hidráulica;Delantera;Sí;Sí;Sí;N/A;N/A;N/A;N/A;N/A;Sí;N/A;N/A;Sí;Sí;N/A;Sí;N/A;N/A;N/A;N/A;N/A;N/A;N/A;N/A;N/A;N/A;"2425 mm";"1.2 L";"43 L";5;N/A;N/A;N/A;N/A;Sí;Sí;N/A;N/A;N/A;N/A;N/A;N/A;N/A;N/A;N/A;N/A;N/A;N/A;N/A;N/A;N/A;N/A;N/A;N/A;N/A;N/A;N/A;N/A;N/A;N/A;N/A;Sí;N/A;Sí;N/A;N/A;N/A;N/A;N/A;N/A;N/A;Sí;N/A;N/A;N/A;"1505 mm";"3765 mm";N/A;N/A;N/A;N/A;5;"87 hp";Gls;N/A;4;"1660 mm";N/A;N/A;N/A;N/A;Sí;N/A;Sí;Sí;N/A;N/A;N/A;N/A;N/A;N/A;N/A;N/A;N/A;N/A;5;1.2;Nafta;Manual;Hatchback;"Autos y camionetas";N/A;N/A;N/A;N/A;N/A;N/A;UY;N/A;N/A;N/A;N/A;N/A;N/A;N/A;N/A;N/A;N/A;N/A;N/A;N/A;N/A;N/A;N/A;N/A;Sí;N/A;N/A;N/A;N/A;N/A;N/A;N/A;N/A;N/A;N/A;N/A;N/A;N/A;N/A;N/A;N/A;N/A;N/A;N/A;N/A;N/A;N/A;N/A;N/A;N/A;N/A;N/A;N/A;N/A;N/A;N/A;N/A;N/A;N/A;N/A;N/A;N/A;Sí;N/A;N/A;N/A;N/A;N/A;N/A;N/A;N/A;N/A;N/A;N/A;N/A;N/A;N/A;N/A;N/A;N/A;N/A;N/A;N/A;N/A;N/A;N/A;N/A;N/A;N/A;N/A;N/A;N/A;N/A;N/A;N/A;N/A;Sí;Sí;Sí;N/A;Sí;N/A;N/A;N/A;N/A;Sí;N/A;Sí;Sí;Sí;N/A;N/A;Sí;Sí;Sí;Sí;Sí;Sí;N/A;Sí;N/A;Sí
Hyundai;Creta;"1.6 Limited Gls";2018;"100000 km";;FEDE_M104;21900;;;;;"La Comercial";https://auto.mercadolibre.com.uy/MLU-647140595-hyundai-creta-16-_JM;N/A;;"Hyundai Creta 1.6";usd;Sí;free;false;N/A;N/A;http://perfil.mercadolibre.com.uy/FEDE_M104;active;N/A;N/A;Usado;Rojo;N/A;Eléctrica;4x2;N/A;N/A;Sí;N/A;N/A;N/A;N/A;N/A;N/A;N/A;N/A;N/A;N/A;N/A;N/A;N/A;N/A;N/A;N/A;N/A;N/A;N/A;N/A;N/A;N/A;"2590 mm";"1.6 L";"58 L";5;N/A;N/A;N/A;N/A;N/A;N/A;N/A;N/A;N/A;N/A;N/A;N/A;N/A;N/A;N/A;N/A;N/A;N/A;N/A;N/A;N/A;N/A;N/A;N/A;N/A;N/A;N/A;N/A;N/A;N/A;N/A;N/A;N/A;Sí;Sí;N/A;N/A;N/A;N/A;N/A;N/A;N/A;N/A;N/A;N/A;"1635 mm";"4440 mm";N/A;N/A;N/A;N/A;5;"163 hp";"Limited Gls";N/A;4;"1898 mm";N/A;N/A;N/A;N/A;Sí;N/A;N/A;Sí;N/A;N/A;N/A;N/A;N/A;N/A;N/A;N/A;N/A;N/A;5;1.6;Nafta;Manual;SUV;"Autos y camionetas";N/A;N/A;N/A;N/A;N/A;N/A;UY;N/A;N/A;N/A;N/A;N/A;N/A;N/A;N/A;N/A;N/A;N/A;N/A;N/A;N/A;N/A;N/A;N/A;N/A;N/A;N/A;N/A;N/A;N/A;N/A;N/A;N/A;N/A;N/A;N/A;N/A;N/A;N/A;N/A;N/A;N/A;N/A;N/A;N/A;N/A;N/A;N/A;N/A;N/A;N/A;N/A;N/A;N/A;N/A;N/A;N/A;N/A;N/A;N/A;N/A;N/A;N/A;N/A;N/A;N/A;N/A;N/A;N/A;N/A;N/A;N/A;N/A;N/A;N/A;N/A;N/A;N/A;N/A;N/A;N/A;N/A;N/A;N/A;N/A;N/A;N/A;N/A;N/A;N/A;N/A;N/A;N/A;N/A;N/A;N/A;N/A;N/A;N/A;N/A;N/A;N/A;N/A;N/A;N/A;N/A;N/A;N/A;N/A;N/A;N/A;N/A;Sí;N/A;N/A;N/A;N/A;N/A;N/A;Sí;N/A;N/A
Hyundai;HB20;"1.0 Premium Mt";2022;"71932 km";;FIFA3944454;15600;;;;;"Santiago Vázquez";https://auto.mercadolibre.com.uy/MLU-702696372-hyundai-hb20-10-premium-mt-_JM;N/A;;"Hyundai Hb20 1.0 Premium Mt";usd;Sí;free;false;N/A;N/A;http://perfil.mercadolibre.com.uy/FIFA3944454;active;N/A;N/A;Usado;Rojo;N/A;Hidráulica;Delantera;Sí;Sí;Sí;N/A;N/A;N/A;N/A;N/A;N/A;N/A;N/A;N/A;Sí;N/A;No;N/A;N/A;N/A;N/A;N/A;N/A;N/A;N/A;N/A;N/A;"2500 mm";"1 L";"50 L";6;N/A;N/A;N/A;N/A;N/A;N/A;N/A;N/A;N/A;N/A;N/A;N/A;N/A;N/A;N/A;N/A;N/A;N/A;N/A;N/A;N/A;N/A;N/A;N/A;N/A;N/A;N/A;N/A;N/A;N/A;N/A;N/A;N/A;Sí;Sí;N/A;N/A;N/A;N/A;N/A;N/A;N/A;N/A;N/A;N/A;"1470 mm";"3920 mm";N/A;N/A;N/A;N/A;5;"80 hp";N/A;N/A;4;"1680 mm";N/A;N/A;N/A;N/A;Sí;N/A;No;Sí;Sí;No;N/A;"13.8 km/l";N/A;N/A;N/A;N/A;N/A;N/A;5;1.0;Nafta;Manual;Hatchback;"Autos y camionetas";No;N/A;N/A;N/A;N/A;N/A;UY;N/A;No;N/A;N/A;N/A;N/A;N/A;N/A;N/A;N/A;N/A;N/A;N/A;N/A;N/A;N/A;N/A;Sí;N/A;N/A;N/A;N/A;N/A;N/A;N/A;N/A;N/A;N/A;N/A;N/A;N/A;N/A;N/A;N/A;N/A;N/A;Sí;N/A;N/A;N/A;N/A;N/A;N/A;N/A;N/A;N/A;N/A;N/A;N/A;N/A;N/A;N/A;N/A;N/A;N/A;Sí;N/A;N/A;N/A;N/A;N/A;N/A;N/A;N/A;N/A;N/A;N/A;N/A;N/A;N/A;N/A;N/A;N/A;N/A;N/A;N/A;N/A;N/A;N/A;N/A;N/A;N/A;N/A;N/A;N/A;N/A;N/A;N/A;N/A;Sí;Sí;Sí;N/A;Sí;N/A;N/A;N/A;N/A;Sí;N/A;N/A;N/A;N/A;N/A;N/A;Sí;N/A;N/A;N/A;Sí;N/A;N/A;Sí;N/A;Sí
Hyundai;i10;"1.1 Gls Mt";2013;"112822 km";;DACA5803822;9000;;;;;"Las Piedras";https://auto.mercadolibre.com.uy/MLU-702665120-hyundai-i10-11-gls-mt-_JM;N/A;;"Hyundai I10 1.1 Gls Mt";usd;Sí;free;false;N/A;N/A;http://perfil.mercadolibre.com.uy/DACA5803822;active;N/A;N/A;Usado;Azul;N/A;Hidráulica;Delantera;N/A;N/A;N/A;N/A;N/A;N/A;N/A;N/A;N/A;N/A;N/A;N/A;N/A;N/A;N/A;N/A;N/A;N/A;N/A;N/A;N/A;N/A;N/A;N/A;N/A;"2380 mm";"1.1 L";"35 L";5;N/A;N/A;N/A;N/A;N/A;N/A;N/A;N/A;N/A;N/A;N/A;N/A;N/A;N/A;N/A;N/A;N/A;N/A;N/A;N/A;N/A;N/A;N/A;N/A;N/A;N/A;N/A;N/A;N/A;N/A;N/A;N/A;N/A;N/A;N/A;N/A;N/A;N/A;N/A;N/A;N/A;N/A;N/A;N/A;N/A;"1550 mm";"3585 mm";N/A;N/A;N/A;N/A;5;"69 hp";Gls;N/A;4;"1595 mm";N/A;N/A;N/A;N/A;N/A;N/A;N/A;N/A;N/A;N/A;N/A;N/A;N/A;N/A;N/A;N/A;N/A;"24 horas";5;1.1;Nafta;Manual;Hatchback;"Autos y camionetas";N/A;N/A;N/A;N/A;N/A;N/A;UY;N/A;N/A;N/A;N/A;N/A;N/A;N/A;N/A;N/A;N/A;N/A;N/A;N/A;N/A;N/A;N/A;N/A;N/A;N/A;N/A;N/A;N/A;N/A;N/A;N/A;N/A;N/A;N/A;N/A;N/A;N/A;N/A;N/A;N/A;N/A;N/A;N/A;N/A;N/A;N/A;N/A;N/A;N/A;N/A;N/A;N/A;N/A;N/A;N/A;N/A;N/A;N/A;N/A;N/A;N/A;N/A;N/A;N/A;N/A;N/A;N/A;N/A;N/A;N/A;N/A;N/A;N/A;N/A;N/A;N/A;N/A;N/A;N/A;N/A;N/A;N/A;N/A;N/A;N/A;N/A;N/A;N/A;N/A;N/A;N/A;N/A;N/A;N/A;N/A;N/A;N/A;N/A;N/A;N/A;N/A;N/A;N/A;N/A;N/A;N/A;N/A;N/A;N/A;N/A;N/A;N/A;N/A;N/A;N/A;N/A;N/A;N/A;N/A;N/A;N/A
Hyundai;Creta;"1.6 Gl";2017;"126000 km";;MAUROSLAMOVITZ;17200;;;;;Uni¿n;https://auto.mercadolibre.com.uy/MLU-702496582-hyundai-creta-16-gl-_JM;N/A;;"Hyundai Creta 1.6 Gl";usd;Sí;free;false;N/A;N/A;http://perfil.mercadolibre.com.uy/MAUROSLAMOVITZ;active;N/A;N/A;Usado;Gris;N/A;Eléctrica;4x2;N/A;N/A;Sí;N/A;N/A;N/A;N/A;N/A;N/A;N/A;N/A;N/A;N/A;N/A;N/A;N/A;N/A;N/A;N/A;N/A;N/A;N/A;N/A;N/A;N/A;"2590 mm";"1.6 L";"58 L";5;N/A;N/A;N/A;N/A;Sí;N/A;N/A;N/A;N/A;N/A;N/A;N/A;N/A;N/A;N/A;N/A;N/A;N/A;N/A;N/A;N/A;N/A;N/A;N/A;N/A;N/A;N/A;N/A;N/A;N/A;N/A;Sí;Sí;Sí;Sí;N/A;N/A;N/A;N/A;N/A;N/A;N/A;N/A;N/A;N/A;"1635 mm";"4440 mm";N/A;N/A;N/A;N/A;5;"163 hp";Gl;N/A;4;"1898 mm";N/A;N/A;N/A;N/A;Sí;N/A;N/A;Sí;N/A;N/A;N/A;N/A;N/A;N/A;N/A;N/A;N/A;N/A;5;1.6;Nafta;Manual;SUV;"Autos y camionetas";N/A;N/A;N/A;N/A;N/A;N/A;UY;N/A;N/A;N/A;N/A;N/A;N/A;N/A;N/A;N/A;N/A;N/A;N/A;N/A;N/A;N/A;N/A;N/A;N/A;N/A;N/A;N/A;N/A;N/A;N/A;N/A;N/A;N/A;N/A;N/A;N/A;N/A;N/A;N/A;N/A;N/A;N/A;N/A;N/A;N/A;N/A;N/A;N/A;N/A;N/A;N/A;N/A;N/A;N/A;N/A;N/A;N/A;N/A;N/A;N/A;N/A;N/A;N/A;N/A;N/A;N/A;N/A;N/A;N/A;N/A;N/A;N/A;N/A;N/A;N/A;N/A;N/A;N/A;N/A;N/A;N/A;N/A;N/A;N/A;N/A;N/A;N/A;N/A;N/A;N/A;N/A;N/A;N/A;N/A;N/A;Sí;Sí;Sí;N/A;N/A;N/A;N/A;Sí;N/A;Sí;N/A;N/A;N/A;N/A;N/A;Sí;Sí;N/A;N/A;N/A;N/A;N/A;N/A;Sí;N/A;N/A
Hyundai;HB20;"1.6 Comfort Plus 5p";2019;"82000 km";;"EME 5INCO";14500;;;;;Centro;https://auto.mercadolibre.com.uy/MLU-701715754-hyundai-hb20-16-confortplus-_JM;N/A;;"Hyundai Hb20 1.6 Confortplus";usd;Sí;free;false;N/A;N/A;http://perfil.mercadolibre.com.uy/EME+5INCO;active;N/A;N/A;Usado;Gris;N/A;Hidráulica;Delantera;Sí;N/A;Sí;N/A;N/A;N/A;N/A;N/A;N/A;N/A;N/A;N/A;N/A;N/A;N/A;N/A;N/A;N/A;N/A;N/A;N/A;N/A;N/A;N/A;N/A;"2500 mm";"1.6 L";"50 L";6;N/A;N/A;N/A;N/A;N/A;N/A;N/A;N/A;N/A;N/A;N/A;N/A;N/A;N/A;N/A;N/A;N/A;N/A;N/A;N/A;N/A;N/A;N/A;N/A;N/A;N/A;N/A;N/A;N/A;N/A;N/A;N/A;N/A;Sí;Sí;N/A;N/A;N/A;N/A;N/A;N/A;N/A;N/A;N/A;N/A;"1470 mm";"3920 mm";N/A;N/A;N/A;N/A;5;"122 hp";"Comfort Plus";N/A;4;"1680 mm";N/A;N/A;N/A;N/A;Sí;N/A;N/A;Sí;Sí;N/A;N/A;"13.8 km/l";N/A;N/A;N/A;N/A;N/A;N/A;5;1.6;Nafta;Manual;Hatchback;"Autos y camionetas";N/A;N/A;N/A;N/A;N/A;N/A;UY;N/A;N/A;N/A;N/A;N/A;N/A;N/A;N/A;N/A;N/A;N/A;N/A;N/A;N/A;N/A;N/A;N/A;N/A;N/A;N/A;N/A;N/A;N/A;N/A;N/A;N/A;N/A;N/A;N/A;N/A;N/A;N/A;N/A;N/A;N/A;N/A;N/A;N/A;N/A;N/A;N/A;N/A;N/A;N/A;N/A;N/A;N/A;N/A;N/A;N/A;N/A;N/A;N/A;N/A;N/A;N/A;N/A;N/A;N/A;N/A;N/A;N/A;N/A;N/A;N/A;N/A;N/A;N/A;N/A;N/A;N/A;N/A;N/A;N/A;N/A;N/A;N/A;N/A;N/A;N/A;N/A;N/A;N/A;N/A;N/A;N/A;N/A;N/A;N/A;N/A;N/A;N/A;N/A;N/A;N/A;N/A;N/A;N/A;N/A;N/A;N/A;N/A;N/A;N/A;N/A;Sí;N/A;N/A;N/A;Sí;N/A;N/A;Sí;N/A;Sí
Hyundai;"Grand i10";"1.2 Gls Seg 87cv Mt";2015;"223000 km";;COES6995698;10000;;;;;Casavalle;https://auto.mercadolibre.com.uy/MLU-703523004-hyundai-grand-i10-2015-12-gls-seg-87cv-mt-_JM;N/A;;"Hyundai Grand I10 2015 1.2 Gls Seg 87cv Mt";usd;Sí;free;false;N/A;N/A;http://perfil.mercadolibre.com.uy/COES6995698;active;N/A;N/A;Usado;N/A;N/A;Hidráulica;Delantera;Sí;N/A;Sí;N/A;N/A;N/A;N/A;N/A;N/A;N/A;N/A;N/A;N/A;N/A;N/A;N/A;N/A;N/A;N/A;N/A;N/A;N/A;N/A;N/A;N/A;"2425 mm";"1.2 L";"43 L";5;N/A;N/A;N/A;N/A;Sí;N/A;N/A;N/A;N/A;N/A;N/A;N/A;N/A;N/A;N/A;N/A;N/A;N/A;N/A;N/A;N/A;N/A;N/A;N/A;N/A;N/A;N/A;N/A;N/A;N/A;N/A;Sí;N/A;Sí;N/A;N/A;N/A;N/A;N/A;N/A;N/A;Sí;N/A;N/A;N/A;"1505 mm";"3765 mm";N/A;N/A;N/A;N/A;5;"87 hp";Gls;N/A;4;"1660 mm";N/A;N/A;N/A;N/A;N/A;N/A;N/A;N/A;N/A;N/A;N/A;N/A;N/A;N/A;N/A;N/A;N/A;N/A;5;1.2;Nafta;Manual;Hatchback;"Autos y camionetas";N/A;N/A;N/A;N/A;N/A;N/A;UY;N/A;N/A;N/A;N/A;N/A;N/A;N/A;N/A;N/A;N/A;N/A;N/A;N/A;N/A;N/A;N/A;N/A;N/A;N/A;N/A;N/A;N/A;N/A;N/A;N/A;N/A;N/A;N/A;N/A;N/A;N/A;N/A;N/A;N/A;N/A;N/A;N/A;N/A;N/A;N/A;N/A;N/A;N/A;N/A;N/A;N/A;N/A;N/A;N/A;N/A;N/A;N/A;N/A;N/A;N/A;N/A;N/A;N/A;N/A;N/A;N/A;N/A;N/A;N/A;N/A;N/A;N/A;N/A;N/A;N/A;N/A;N/A;N/A;N/A;N/A;N/A;N/A;N/A;N/A;N/A;N/A;N/A;N/A;N/A;N/A;N/A;N/A;N/A;N/A;Sí;N/A;Sí;N/A;N/A;N/A;N/A;N/A;N/A;N/A;N/A;N/A;N/A;Sí;N/A;N/A;N/A;N/A;N/A;N/A;N/A;N/A;N/A;N/A;N/A;N/A
Hyundai;HB20;"1.6 Comfort 5p";2024;"3600 km";;JOJO8261650;9500;;;;;"Sarandí del Yi";https://auto.mercadolibre.com.uy/MLU-703434292-hyundai-hb20-2024-16-comfort-5p-_JM;N/A;;"Hyundai Hb20 2024 1.6 Comfort 5p";usd;Sí;free;false;N/A;N/A;http://perfil.mercadolibre.com.uy/JOJO8261650;active;N/A;N/A;Usado;N/A;N/A;Hidráulica;Delantera;Sí;N/A;Sí;N/A;N/A;N/A;N/A;N/A;N/A;N/A;N/A;N/A;N/A;N/A;N/A;N/A;N/A;N/A;N/A;N/A;N/A;N/A;N/A;N/A;N/A;"2500 mm";"1.6 L";"50 L";6;N/A;N/A;N/A;N/A;N/A;N/A;N/A;N/A;N/A;N/A;N/A;N/A;N/A;N/A;N/A;N/A;N/A;N/A;N/A;N/A;N/A;N/A;N/A;N/A;N/A;N/A;N/A;N/A;N/A;N/A;N/A;N/A;N/A;Sí;Sí;N/A;N/A;N/A;N/A;N/A;N/A;N/A;N/A;N/A;N/A;"1470 mm";"3920 mm";N/A;N/A;N/A;N/A;5;"123 hp";Comfort;N/A;4;"1680 mm";N/A;N/A;N/A;N/A;Sí;N/A;N/A;Sí;Sí;N/A;N/A;"13.8 km/l";N/A;N/A;N/A;N/A;N/A;N/A;5;1.6;Nafta;Manual;Hatchback;"Autos y camionetas";N/A;N/A;N/A;N/A;N/A;N/A;UY;N/A;N/A;N/A;N/A;N/A;N/A;N/A;N/A;N/A;N/A;N/A;N/A;N/A;N/A;N/A;N/A;N/A;N/A;N/A;N/A;N/A;N/A;N/A;N/A;N/A;N/A;N/A;N/A;N/A;N/A;N/A;N/A;N/A;N/A;N/A;N/A;N/A;N/A;N/A;N/A;N/A;N/A;N/A;N/A;N/A;N/A;N/A;N/A;N/A;N/A;N/A;N/A;N/A;N/A;N/A;N/A;N/A;N/A;N/A;N/A;N/A;N/A;N/A;N/A;N/A;N/A;N/A;N/A;N/A;N/A;N/A;N/A;N/A;N/A;N/A;N/A;N/A;N/A;N/A;N/A;N/A;N/A;N/A;N/A;N/A;N/A;N/A;N/A;N/A;N/A;N/A;N/A;N/A;N/A;N/A;N/A;N/A;N/A;N/A;N/A;N/A;N/A;N/A;N/A;N/A;Sí;N/A;N/A;N/A;Sí;N/A;N/A;Sí;N/A;Sí
Hyundai;"Grand i10";"1.0 GL Full";2017;"160000 km";;MARTINEZLUCHO82;11300;;;;;"Santa Lucía";https://auto.mercadolibre.com.uy/MLU-646956511-hyundai-grand-i10-10-gl-full-_JM;N/A;;"Hyundai Grand I10 1.0 Gl Full";USD;Sí;free;false;N/A;N/A;http://perfil.mercadolibre.com.uy/MARTINEZLUCHO82;active;N/A;N/A;Usado;N/A;N/A;N/A;N/A;N/A;N/A;N/A;N/A;N/A;N/A;N/A;N/A;N/A;N/A;N/A;N/A;N/A;N/A;N/A;N/A;N/A;N/A;N/A;N/A;N/A;N/A;N/A;N/A;N/A;N/A;N/A;N/A;N/A;N/A;N/A;N/A;N/A;N/A;N/A;N/A;N/A;N/A;N/A;N/A;N/A;N/A;N/A;N/A;N/A;N/A;N/A;N/A;N/A;N/A;N/A;N/A;N/A;N/A;N/A;N/A;N/A;N/A;N/A;N/A;N/A;N/A;N/A;N/A;N/A;N/A;N/A;N/A;N/A;N/A;N/A;N/A;N/A;N/A;N/A;N/A;N/A;N/A;N/A;N/A;N/A;N/A;N/A;N/A;N/A;N/A;N/A;N/A;N/A;N/A;N/A;N/A;N/A;N/A;N/A;N/A;N/A;N/A;N/A;N/A;N/A;N/A;N/A;N/A;5;N/A;Nafta;N/A;N/A;"Autos y camionetas";N/A;N/A;N/A;N/A;N/A;N/A;N/A;N/A;N/A;N/A;N/A;N/A;N/A;N/A;N/A;N/A;N/A;N/A;N/A;N/A;N/A;N/A;N/A;N/A;N/A;N/A;N/A;N/A;N/A;N/A;N/A;N/A;N/A;N/A;N/A;N/A;N/A;N/A;N/A;N/A;N/A;N/A;N/A;N/A;N/A;N/A;N/A;N/A;N/A;N/A;N/A;N/A;N/A;N/A;N/A;N/A;N/A;N/A;N/A;N/A;N/A;N/A;N/A;N/A;N/A;N/A;N/A;N/A;N/A;N/A;N/A;N/A;N/A;N/A;N/A;N/A;N/A;N/A;N/A;N/A;N/A;N/A;N/A;N/A;N/A;N/A;N/A;N/A;N/A;N/A;N/A;N/A;N/A;N/A;N/A;N/A;N/A;N/A;N/A;N/A;N/A;N/A;N/A;N/A;N/A;N/A;N/A;N/A;N/A;N/A;N/A;N/A;N/A;N/A;N/A;N/A;N/A;N/A;N/A;N/A;N/A;N/A
Hyundai;H1;"2.5 1 Mt";2011;"320000 km";;JOSEORGES;13200;;;;;Atlántida;https://auto.mercadolibre.com.uy/MLU-703054200-hyundai-h1-2011-25-1-mt-_JM;N/A;;"Hyundai H1 2011 2.5 1 Mt";usd;Sí;free;false;N/A;N/A;http://perfil.mercadolibre.com.uy/JOSEORGES;active;N/A;N/A;Usado;N/A;N/A;Hidráulica;Delantera;N/A;N/A;Sí;N/A;N/A;N/A;N/A;N/A;N/A;N/A;N/A;N/A;N/A;N/A;N/A;N/A;N/A;N/A;N/A;N/A;N/A;N/A;N/A;N/A;N/A;"3201 mm";"2.5 L";"75 L";5;N/A;N/A;N/A;N/A;N/A;N/A;N/A;N/A;N/A;N/A;N/A;N/A;N/A;N/A;N/A;N/A;N/A;N/A;N/A;N/A;N/A;N/A;N/A;N/A;N/A;N/A;N/A;N/A;N/A;Sí;N/A;Sí;N/A;Sí;N/A;Sí;N/A;N/A;N/A;N/A;N/A;No;N/A;N/A;N/A;"1925 mm";"5125 mm";N/A;N/A;N/A;N/A;12;"100 hp";N/A;N/A;4;"1920 mm";"12.3 km/l";N/A;N/A;N/A;N/A;N/A;N/A;N/A;N/A;N/A;N/A;"8.3 km/l";N/A;N/A;N/A;N/A;N/A;N/A;4;2.5;Diésel;Manual;SUV;"Autos y camionetas";N/A;N/A;N/A;N/A;N/A;N/A;UY;N/A;N/A;N/A;N/A;N/A;N/A;N/A;N/A;N/A;N/A;N/A;N/A;N/A;N/A;N/A;N/A;N/A;N/A;N/A;N/A;N/A;N/A;N/A;N/A;N/A;N/A;N/A;N/A;N/A;N/A;N/A;N/A;N/A;N/A;N/A;N/A;N/A;N/A;N/A;N/A;N/A;N/A;N/A;N/A;N/A;N/A;N/A;N/A;N/A;N/A;N/A;N/A;N/A;N/A;N/A;N/A;N/A;N/A;N/A;N/A;N/A;N/A;N/A;N/A;N/A;N/A;N/A;N/A;N/A;N/A;N/A;N/A;N/A;N/A;N/A;N/A;N/A;N/A;N/A;N/A;N/A;N/A;N/A;N/A;N/A;N/A;N/A;N/A;N/A;Sí;N/A;Sí;N/A;N/A;N/A;N/A;Sí;N/A;Sí;N/A;N/A;N/A;N/A;N/A;N/A;N/A;N/A;N/A;N/A;N/A;N/A;N/A;N/A;N/A;N/A
Hyundai;H1;"Grand starex 2.4";2010;"140000 km";;DSM182;12900;;;;;"Malvin Norte";https://auto.mercadolibre.com.uy/MLU-703253318-hyundai-h1-_JM;N/A;;"Hyundai H1";USD;Sí;free;false;N/A;N/A;http://perfil.mercadolibre.com.uy/DSM182;active;N/A;N/A;Usado;Gris;N/A;N/A;N/A;N/A;N/A;N/A;N/A;N/A;N/A;N/A;N/A;N/A;N/A;N/A;N/A;N/A;N/A;N/A;N/A;N/A;N/A;N/A;N/A;N/A;N/A;N/A;N/A;N/A;N/A;N/A;N/A;N/A;N/A;N/A;N/A;N/A;N/A;N/A;N/A;N/A;N/A;N/A;N/A;N/A;N/A;N/A;N/A;N/A;N/A;N/A;N/A;N/A;N/A;N/A;N/A;N/A;N/A;N/A;N/A;N/A;N/A;N/A;N/A;N/A;N/A;N/A;N/A;N/A;N/A;N/A;N/A;N/A;N/A;N/A;N/A;N/A;N/A;N/A;N/A;N/A;N/A;N/A;N/A;N/A;N/A;N/A;N/A;N/A;N/A;N/A;N/A;N/A;N/A;N/A;N/A;N/A;N/A;N/A;N/A;N/A;N/A;N/A;N/A;N/A;N/A;N/A;N/A;4;N/A;Nafta;N/A;N/A;"Autos y camionetas";N/A;N/A;N/A;N/A;N/A;N/A;N/A;N/A;N/A;N/A;N/A;N/A;N/A;N/A;N/A;N/A;N/A;N/A;N/A;N/A;N/A;N/A;N/A;N/A;N/A;N/A;N/A;N/A;N/A;N/A;N/A;N/A;N/A;N/A;N/A;N/A;N/A;N/A;N/A;N/A;N/A;N/A;N/A;N/A;N/A;N/A;N/A;N/A;N/A;N/A;N/A;N/A;N/A;N/A;N/A;N/A;N/A;N/A;N/A;N/A;N/A;N/A;N/A;N/A;N/A;N/A;N/A;N/A;N/A;N/A;N/A;N/A;N/A;N/A;N/A;N/A;N/A;N/A;N/A;N/A;N/A;N/A;N/A;N/A;N/A;N/A;N/A;N/A;N/A;N/A;N/A;N/A;N/A;N/A;N/A;N/A;N/A;N/A;N/A;N/A;N/A;N/A;N/A;N/A;N/A;N/A;N/A;N/A;N/A;N/A;N/A;N/A;N/A;N/A;N/A;N/A;N/A;N/A;N/A;N/A;N/A;N/A
Hyundai;Accent;"1.4 Gls";2008;"157000 km";;CABR2025447;8500;;;;;Manga;https://auto.mercadolibre.com.uy/MLU-704020938-hyundai-accent-_JM;N/A;;"Hyundai Accent";USD;Sí;free;false;N/A;N/A;http://perfil.mercadolibre.com.uy/CABR2025447;active;N/A;N/A;Usado;Gris;No;Eléctrica;Delantera;N/A;N/A;N/A;N/A;N/A;N/A;N/A;N/A;N/A;N/A;N/A;N/A;N/A;N/A;N/A;N/A;N/A;N/A;N/A;N/A;N/A;N/A;N/A;N/A;N/A;N/A;N/A;N/A;N/A;N/A;N/A;N/A;N/A;N/A;N/A;N/A;N/A;N/A;N/A;N/A;N/A;N/A;N/A;N/A;N/A;N/A;N/A;N/A;N/A;N/A;N/A;N/A;N/A;N/A;N/A;N/A;N/A;N/A;N/A;N/A;N/A;N/A;N/A;N/A;N/A;N/A;N/A;N/A;N/A;N/A;N/A;N/A;N/A;N/A;N/A;N/A;N/A;N/A;N/A;N/A;N/A;N/A;N/A;N/A;N/A;N/A;N/A;N/A;N/A;N/A;N/A;N/A;N/A;N/A;N/A;N/A;N/A;N/A;N/A;N/A;N/A;N/A;N/A;A;4;1.4;Nafta;Manual;Sedán;"Autos y camionetas";N/A;N/A;N/A;N/A;N/A;N/A;N/A;N/A;N/A;N/A;N/A;N/A;N/A;N/A;N/A;N/A;N/A;N/A;N/A;N/A;N/A;N/A;N/A;N/A;N/A;N/A;N/A;N/A;N/A;N/A;N/A;N/A;N/A;N/A;N/A;N/A;N/A;N/A;N/A;N/A;N/A;N/A;N/A;N/A;N/A;N/A;N/A;N/A;N/A;N/A;N/A;N/A;N/A;N/A;N/A;N/A;N/A;N/A;N/A;N/A;N/A;N/A;N/A;N/A;N/A;N/A;N/A;N/A;N/A;N/A;N/A;N/A;N/A;N/A;N/A;N/A;N/A;N/A;N/A;N/A;N/A;N/A;N/A;N/A;N/A;N/A;N/A;N/A;N/A;N/A;N/A;N/A;N/A;N/A;N/A;N/A;N/A;N/A;N/A;N/A;N/A;N/A;N/A;N/A;N/A;N/A;N/A;N/A;N/A;N/A;N/A;N/A;N/A;N/A;N/A;N/A;N/A;N/A;N/A;N/A;N/A;N/A
Hyundai;i20;"1.4 Active Gl Super Full 5p";2018;"168000 km";;"EL RULO67";14000;;;;;"Las Piedras";https://auto.mercadolibre.com.uy/MLU-704819866-automatica-caja-6ta-_JM;N/A;;"Automática Caja 6ta";usd;Sí;free;false;N/A;N/A;http://perfil.mercadolibre.com.uy/EL+RULO67;active;N/A;N/A;Usado;Gris;Sí;Eléctrica;Delantera;Sí;N/A;N/A;N/A;N/A;N/A;N/A;N/A;N/A;N/A;N/A;N/A;N/A;N/A;N/A;N/A;N/A;N/A;N/A;N/A;N/A;N/A;N/A;N/A;N/A;"2440 mm";"1.4 L";"45 L";5;N/A;N/A;N/A;N/A;N/A;N/A;N/A;N/A;N/A;N/A;N/A;N/A;N/A;N/A;N/A;N/A;N/A;N/A;N/A;N/A;N/A;N/A;N/A;N/A;N/A;N/A;N/A;N/A;N/A;N/A;N/A;N/A;N/A;N/A;N/A;N/A;N/A;N/A;N/A;N/A;N/A;N/A;N/A;N/A;N/A;"1395 mm";"4235 mm";N/A;N/A;N/A;N/A;5;"92 hp";N/A;N/A;3;"1670 mm";"7.2 km/l";N/A;N/A;N/A;N/A;N/A;N/A;N/A;N/A;N/A;N/A;"4.5 km/l";N/A;N/A;N/A;N/A;N/A;N/A;5;1.4;Nafta;Automática;Hatchback;"Autos y camionetas";N/A;N/A;N/A;N/A;N/A;N/A;UY;N/A;N/A;N/A;N/A;N/A;N/A;N/A;N/A;N/A;N/A;N/A;N/A;N/A;N/A;N/A;N/A;N/A;N/A;N/A;N/A;N/A;N/A;N/A;N/A;N/A;N/A;N/A;N/A;N/A;N/A;N/A;N/A;N/A;N/A;N/A;N/A;N/A;N/A;N/A;N/A;N/A;N/A;N/A;N/A;N/A;N/A;N/A;N/A;N/A;N/A;N/A;N/A;N/A;N/A;N/A;N/A;N/A;N/A;N/A;N/A;N/A;N/A;N/A;N/A;N/A;N/A;N/A;N/A;N/A;N/A;N/A;N/A;N/A;N/A;N/A;N/A;N/A;N/A;N/A;N/A;N/A;N/A;N/A;N/A;N/A;N/A;N/A;N/A;N/A;Sí;N/A;N/A;N/A;N/A;N/A;N/A;N/A;N/A;N/A;N/A;N/A;N/A;N/A;N/A;N/A;N/A;N/A;N/A;N/A;N/A;N/A;N/A;N/A;N/A;N/A
Hyundai;Tucson;"2.0 GL Manual full";2013;"126000 km";;FORMAPARQUEBATLLE;10000;;;;;"Punta Gorda";https://auto.mercadolibre.com.uy/MLU-704698000-hyundai-tucson-_JM;N/A;;"Hyundai Tucson";usd;Sí;free;false;N/A;N/A;http://perfil.mercadolibre.com.uy/FORMAPARQUEBATLLE;active;N/A;N/A;Usado;Rojo;Sí;Mecánica;4x2;Sí;N/A;Sí;N/A;N/A;N/A;N/A;N/A;N/A;N/A;N/A;N/A;N/A;N/A;N/A;N/A;N/A;N/A;N/A;N/A;N/A;N/A;N/A;N/A;N/A;"2630 mm";"2 L";"58 L";5;N/A;N/A;N/A;N/A;N/A;N/A;N/A;N/A;N/A;N/A;N/A;N/A;N/A;N/A;N/A;N/A;N/A;N/A;N/A;N/A;N/A;N/A;N/A;N/A;N/A;N/A;N/A;N/A;N/A;N/A;N/A;Sí;N/A;N/A;N/A;N/A;N/A;N/A;N/A;N/A;N/A;Sí;N/A;N/A;N/A;"1655 mm";"4410 mm";N/A;N/A;N/A;N/A;5;"166 hp";Gl;N/A;4;"1830 mm";"9.8 km/l";No;N/A;N/A;N/A;N/A;Sí;N/A;N/A;N/A;Sí;"6.1 km/l";N/A;N/A;N/A;N/A;N/A;N/A;4;2.0;Nafta;Manual;SUV;"Autos y camionetas";N/A;N/A;N/A;N/A;N/A;N/A;UY;N/A;N/A;N/A;N/A;N/A;N/A;N/A;N/A;N/A;N/A;N/A;N/A;N/A;N/A;N/A;N/A;N/A;N/A;N/A;N/A;N/A;N/A;N/A;N/A;N/A;N/A;N/A;N/A;N/A;N/A;N/A;N/A;N/A;N/A;N/A;N/A;N/A;N/A;N/A;N/A;N/A;N/A;N/A;N/A;N/A;N/A;N/A;N/A;N/A;N/A;N/A;N/A;N/A;N/A;N/A;Sí;N/A;N/A;N/A;N/A;N/A;N/A;N/A;N/A;N/A;N/A;N/A;N/A;N/A;N/A;N/A;N/A;N/A;N/A;N/A;N/A;N/A;N/A;N/A;N/A;N/A;N/A;N/A;N/A;N/A;N/A;N/A;N/A;N/A;Sí;N/A;Sí;N/A;N/A;N/A;N/A;N/A;N/A;N/A;N/A;N/A;N/A;Sí;N/A;N/A;N/A;N/A;N/A;N/A;N/A;N/A;N/A;N/A;N/A;N/A
Hyundai;Tucson;"2.0 cvvt";2006;"154984 km";;MCABALLERO6156;9900;;;;;Salinas;https://auto.mercadolibre.com.uy/MLU-704512570-4x2-nafta-_JM;N/A;;"4x2 Nafta";usd;No;free;false;N/A;N/A;http://perfil.mercadolibre.com.uy/MCABALLERO6156;active;N/A;N/A;Usado;Negro;No;Hidráulica;4x4;Sí;N/A;N/A;N/A;N/A;N/A;N/A;N/A;N/A;N/A;N/A;N/A;N/A;N/A;N/A;N/A;N/A;N/A;N/A;N/A;N/A;N/A;N/A;N/A;N/A;"2630 mm";"2 L";"58 L";N/A;N/A;N/A;N/A;N/A;N/A;N/A;N/A;N/A;N/A;N/A;N/A;N/A;N/A;N/A;N/A;N/A;N/A;N/A;N/A;N/A;N/A;N/A;N/A;N/A;N/A;N/A;N/A;N/A;N/A;N/A;N/A;N/A;N/A;N/A;N/A;N/A;N/A;N/A;N/A;N/A;N/A;N/A;N/A;N/A;N/A;"1730 mm";"4325 mm";N/A;N/A;N/A;N/A;5;"184 hp";N/A;N/A;4;"1830 mm";"16.1 km/l";N/A;N/A;N/A;N/A;N/A;N/A;N/A;N/A;N/A;N/A;"8.7 km/l";N/A;N/A;N/A;N/A;N/A;N/A;5;2.0;Nafta;Manual;SUV;"Autos y camionetas";N/A;N/A;N/A;N/A;N/A;N/A;UY;N/A;N/A;N/A;N/A;N/A;N/A;N/A;N/A;N/A;N/A;N/A;N/A;N/A;N/A;N/A;N/A;N/A;N/A;N/A;N/A;N/A;N/A;N/A;N/A;N/A;N/A;N/A;N/A;N/A;N/A;N/A;N/A;N/A;N/A;N/A;N/A;N/A;N/A;N/A;N/A;N/A;N/A;N/A;N/A;N/A;N/A;N/A;N/A;N/A;N/A;N/A;N/A;N/A;N/A;N/A;N/A;N/A;N/A;N/A;N/A;N/A;N/A;N/A;N/A;N/A;N/A;N/A;N/A;N/A;N/A;N/A;N/A;N/A;N/A;N/A;N/A;N/A;N/A;N/A;N/A;N/A;N/A;N/A;N/A;N/A;N/A;N/A;N/A;N/A;Sí;N/A;N/A;N/A;N/A;N/A;N/A;N/A;N/A;N/A;N/A;N/A;N/A;N/A;N/A;N/A;N/A;N/A;N/A;N/A;N/A;N/A;N/A;N/A;N/A;N/A
Hyundai;Accent;"1.5 Gls 5dr";1998;"200000 km";;SERVICECAPURRO;4200;;;;;"Costa Azul";https://auto.mercadolibre.com.uy/MLU-703619028-hyundai-accent-15-gls-5dr-_JM;N/A;;"Hyundai Accent 1.5 Gls 5dr";usd;No;free;false;N/A;N/A;http://perfil.mercadolibre.com.uy/SERVICECAPURRO;active;N/A;N/A;Usado;Verde;No;Hidráulica;Delantera;N/A;N/A;N/A;N/A;N/A;N/A;N/A;N/A;N/A;N/A;N/A;N/A;N/A;N/A;N/A;N/A;N/A;N/A;N/A;N/A;N/A;N/A;N/A;N/A;N/A;"2400 mm";"1.5 L";"45 L";5;N/A;N/A;N/A;N/A;N/A;N/A;N/A;N/A;N/A;N/A;N/A;N/A;N/A;N/A;N/A;N/A;N/A;N/A;N/A;N/A;N/A;N/A;N/A;N/A;N/A;N/A;N/A;N/A;N/A;N/A;N/A;N/A;N/A;N/A;N/A;N/A;N/A;N/A;N/A;N/A;N/A;N/A;N/A;N/A;N/A;"1394 mm";"4117 mm";N/A;N/A;N/A;N/A;5;"92 hp";Gls;N/A;3;"1620 mm";"7.2 km/l";N/A;N/A;N/A;N/A;N/A;N/A;N/A;N/A;N/A;N/A;"4.5 km/l";N/A;N/A;N/A;N/A;N/A;N/A;5;1.5;Nafta;Manual;Hatchback;"Autos y camionetas";N/A;N/A;N/A;N/A;N/A;N/A;UY;N/A;N/A;N/A;N/A;N/A;N/A;N/A;N/A;N/A;N/A;N/A;N/A;N/A;N/A;N/A;N/A;N/A;N/A;N/A;N/A;N/A;N/A;N/A;N/A;N/A;N/A;N/A;N/A;N/A;N/A;N/A;N/A;N/A;N/A;N/A;N/A;N/A;N/A;N/A;N/A;N/A;N/A;N/A;N/A;N/A;N/A;N/A;N/A;N/A;N/A;N/A;N/A;N/A;N/A;N/A;N/A;N/A;N/A;N/A;N/A;N/A;N/A;N/A;N/A;N/A;N/A;N/A;N/A;N/A;N/A;N/A;N/A;N/A;N/A;N/A;N/A;N/A;N/A;N/A;N/A;N/A;N/A;N/A;N/A;N/A;N/A;N/A;N/A;N/A;Sí;N/A;N/A;N/A;N/A;N/A;N/A;N/A;N/A;N/A;N/A;N/A;N/A;N/A;N/A;N/A;N/A;N/A;N/A;N/A;N/A;N/A;N/A;N/A;N/A;N/A
Hyundai;Accent;"1.5 Gls 4dr At";2000;"111111 km";;RESA8184429;155925;;;;;Casavalle;https://auto.mercadolibre.com.uy/MLU-703540250-hyundai-accent-15-gls-4dr-at-_JM;N/A;;"Hyundai Accent 1.5 Gls 4dr At";usd;No;free;false;N/A;N/A;http://perfil.mercadolibre.com.uy/RESA8184429;active;N/A;N/A;Usado;Azul;No;Hidráulica;Delantera;Sí;Sí;N/A;N/A;N/A;N/A;N/A;N/A;N/A;N/A;N/A;N/A;No;N/A;N/A;N/A;N/A;N/A;N/A;N/A;N/A;N/A;N/A;N/A;N/A;"2440 mm";"1.5 L";"45 L";5;N/A;N/A;N/A;N/A;N/A;No;N/A;N/A;N/A;N/A;N/A;N/A;N/A;N/A;N/A;N/A;N/A;N/A;N/A;N/A;N/A;N/A;N/A;N/A;N/A;N/A;N/A;N/A;N/A;N/A;N/A;N/A;N/A;N/A;N/A;N/A;N/A;N/A;N/A;N/A;N/A;N/A;N/A;N/A;N/A;"1395 mm";"4235 mm";N/A;N/A;N/A;N/A;5;"92 hp";Gls;N/A;4;"1670 mm";N/A;N/A;N/A;N/A;Sí;N/A;N/A;Sí;N/A;N/A;N/A;N/A;Sí;N/A;N/A;N/A;N/A;"9 a00";4;1.5;Nafta;Automática;Sedán;"Autos y camionetas";No;N/A;N/A;N/A;N/A;N/A;UY;N/A;Sí;N/A;N/A;N/A;N/A;N/A;N/A;N/A;N/A;N/A;N/A;N/A;N/A;N/A;N/A;N/A;N/A;N/A;N/A;N/A;N/A;N/A;N/A;N/A;N/A;N/A;N/A;N/A;N/A;N/A;N/A;N/A;N/A;N/A;N/A;N/A;N/A;N/A;N/A;N/A;N/A;N/A;N/A;N/A;N/A;N/A;N/A;N/A;N/A;N/A;N/A;N/A;N/A;N/A;Sí;N/A;N/A;N/A;N/A;N/A;N/A;N/A;N/A;N/A;N/A;N/A;N/A;N/A;N/A;N/A;N/A;N/A;N/A;N/A;N/A;N/A;N/A;N/A;N/A;N/A;N/A;N/A;N/A;N/A;N/A;N/A;N/A;N/A;Sí;Sí;N/A;N/A;N/A;N/A;N/A;N/A;N/A;N/A;N/A;N/A;Sí;N/A;N/A;N/A;N/A;N/A;Sí;Sí;Sí;No;No;Sí;N/A;Sí
Hyundai;HB20;"1.6 Comfort Plus 5p";2017;"58000 km";;IGAY2578771;13900;;;;;"Nueva Palmira";https://auto.mercadolibre.com.uy/MLU-703253688-hyundai-hb20-16-comfort-plus-5p-_JM;N/A;;"Hyundai Hb20 1.6 Comfort Plus 5p";usd;Sí;free;false;N/A;N/A;http://perfil.mercadolibre.com.uy/IGAY2578771;active;N/A;N/A;Usado;Negro;Sí;Hidráulica;Delantera;Sí;N/A;Sí;N/A;N/A;N/A;N/A;N/A;N/A;N/A;N/A;N/A;N/A;N/A;N/A;N/A;N/A;N/A;N/A;N/A;N/A;N/A;N/A;N/A;N/A;"2500 mm";"1.6 L";"50 L";6;N/A;N/A;N/A;N/A;N/A;N/A;N/A;N/A;N/A;N/A;N/A;N/A;N/A;N/A;N/A;N/A;N/A;N/A;N/A;N/A;N/A;N/A;N/A;N/A;N/A;N/A;N/A;N/A;N/A;N/A;N/A;N/A;N/A;Sí;Sí;N/A;N/A;N/A;N/A;N/A;N/A;N/A;N/A;N/A;N/A;"1470 mm";"3920 mm";N/A;N/A;N/A;N/A;5;"122 hp";"Comfort Plus";N/A;4;"1680 mm";N/A;N/A;N/A;N/A;Sí;N/A;N/A;Sí;Sí;N/A;N/A;"13.8 km/l";N/A;N/A;N/A;N/A;N/A;N/A;5;1.6;Nafta;Manual;Hatchback;"Autos y camionetas";N/A;N/A;N/A;N/A;N/A;N/A;UY;N/A;N/A;N/A;N/A;N/A;N/A;N/A;N/A;N/A;N/A;N/A;N/A;N/A;N/A;N/A;N/A;N/A;N/A;N/A;N/A;N/A;N/A;N/A;N/A;N/A;N/A;N/A;N/A;N/A;N/A;N/A;N/A;N/A;N/A;N/A;N/A;N/A;N/A;N/A;N/A;N/A;N/A;N/A;N/A;N/A;N/A;N/A;N/A;N/A;N/A;N/A;N/A;N/A;N/A;N/A;N/A;N/A;N/A;N/A;N/A;N/A;N/A;N/A;N/A;N/A;N/A;N/A;N/A;N/A;N/A;N/A;N/A;N/A;N/A;N/A;N/A;N/A;N/A;N/A;N/A;N/A;N/A;N/A;N/A;N/A;N/A;N/A;N/A;N/A;N/A;N/A;N/A;N/A;N/A;N/A;N/A;N/A;N/A;N/A;N/A;N/A;N/A;N/A;N/A;N/A;Sí;N/A;N/A;N/A;Sí;N/A;N/A;Sí;N/A;Sí
Hyundai;i10;"1.1 Gls Mt";2012;"148000 km";;COELHOMARILYN20220214190539;8000;;;;;Salto;https://auto.mercadolibre.com.uy/MLU-703146034-hyundai-i10-11-gls-mt-_JM;N/A;;"Hyundai I10 1.1 Gls Mt";usd;Sí;free;false;N/A;N/A;http://perfil.mercadolibre.com.uy/COELHOMARILYN20220214190539;active;N/A;N/A;Usado;Blanco;No;Hidráulica;Delantera;Sí;N/A;N/A;N/A;N/A;N/A;N/A;N/A;No;N/A;N/A;N/A;No;N/A;No;N/A;N/A;N/A;N/A;N/A;N/A;N/A;N/A;N/A;N/A;"2380 mm";"1.1 L";"35 L";5;N/A;N/A;N/A;N/A;N/A;No;N/A;N/A;N/A;N/A;N/A;N/A;N/A;N/A;N/A;N/A;N/A;N/A;N/A;N/A;N/A;N/A;N/A;N/A;N/A;N/A;N/A;N/A;N/A;N/A;N/A;N/A;N/A;N/A;N/A;N/A;N/A;N/A;N/A;N/A;N/A;N/A;N/A;N/A;N/A;"1550 mm";"3585 mm";N/A;N/A;N/A;N/A;5;"69 hp";Gls;N/A;4;"1595 mm";N/A;No;N/A;No;No;N/A;No;No;N/A;No;N/A;N/A;N/A;N/A;N/A;N/A;N/A;N/A;5;1.1;Nafta;Manual;Hatchback;"Autos y camionetas";No;N/A;N/A;N/A;No;N/A;UY;N/A;No;N/A;No;N/A;N/A;N/A;N/A;N/A;N/A;N/A;N/A;N/A;N/A;N/A;N/A;N/A;N/A;N/A;N/A;N/A;N/A;N/A;N/A;N/A;N/A;N/A;N/A;N/A;N/A;N/A;N/A;N/A;N/A;N/A;N/A;No;N/A;N/A;N/A;N/A;N/A;N/A;N/A;N/A;N/A;N/A;N/A;N/A;N/A;N/A;N/A;N/A;N/A;No;Sí;N/A;N/A;N/A;N/A;N/A;N/A;N/A;N/A;N/A;N/A;N/A;N/A;N/A;N/A;N/A;N/A;N/A;N/A;N/A;N/A;N/A;N/A;N/A;N/A;N/A;N/A;N/A;N/A;N/A;N/A;N/A;N/A;N/A;N/A;N/A;N/A;N/A;N/A;N/A;N/A;N/A;N/A;N/A;N/A;N/A;N/A;N/A;N/A;N/A;No;N/A;Sí;N/A;Sí;No;No;Sí;N/A;N/A
Hyundai;i10;"1.1 Gls Mt";2013;"125000 km";;SEBATORRADOO;5990;;;;;"Parque del Plata";https://auto.mercadolibre.com.uy/MLU-647169353-hyundai-i10-2013-11-gls-mt-_JM;N/A;;"Hyundai I10 2013 1.1 Gls Mt";usd;Sí;free;false;N/A;N/A;http://perfil.mercadolibre.com.uy/SEBATORRADOO;active;N/A;N/A;Usado;N/A;N/A;N/A;Delantera;N/A;N/A;N/A;N/A;N/A;N/A;N/A;N/A;N/A;N/A;N/A;N/A;N/A;N/A;N/A;N/A;N/A;N/A;N/A;N/A;N/A;N/A;N/A;N/A;N/A;"2380 mm";"1.1 L";"35 L";5;N/A;N/A;N/A;N/A;N/A;N/A;N/A;N/A;N/A;N/A;N/A;N/A;N/A;N/A;N/A;N/A;N/A;N/A;N/A;N/A;N/A;N/A;N/A;N/A;N/A;N/A;N/A;N/A;N/A;N/A;N/A;N/A;N/A;N/A;N/A;N/A;N/A;N/A;N/A;N/A;N/A;N/A;N/A;N/A;N/A;"1550 mm";"3585 mm";N/A;N/A;N/A;N/A;5;"69 hp";Gls;N/A;4;"1595 mm";N/A;N/A;N/A;N/A;N/A;N/A;N/A;N/A;N/A;N/A;N/A;N/A;N/A;N/A;N/A;N/A;N/A;N/A;5;1.1;Nafta;Manual;Hatchback;"Autos y camionetas";N/A;N/A;N/A;N/A;N/A;N/A;UY;N/A;N/A;N/A;N/A;N/A;N/A;N/A;N/A;N/A;N/A;N/A;N/A;N/A;N/A;N/A;N/A;N/A;N/A;N/A;N/A;N/A;N/A;N/A;N/A;N/A;N/A;N/A;N/A;N/A;N/A;N/A;N/A;N/A;N/A;N/A;N/A;N/A;N/A;N/A;N/A;N/A;N/A;N/A;N/A;N/A;N/A;N/A;N/A;N/A;N/A;N/A;N/A;N/A;N/A;N/A;N/A;N/A;N/A;N/A;N/A;N/A;N/A;N/A;N/A;N/A;N/A;N/A;N/A;N/A;N/A;N/A;N/A;N/A;N/A;N/A;N/A;N/A;N/A;N/A;N/A;N/A;N/A;N/A;N/A;N/A;N/A;N/A;N/A;N/A;N/A;N/A;N/A;N/A;N/A;N/A;N/A;N/A;N/A;N/A;N/A;N/A;N/A;N/A;N/A;N/A;N/A;N/A;N/A;N/A;N/A;N/A;N/A;N/A;N/A;N/A
Hyundai;Tucson;"1.6t Gdi Limited Techo At";2020;"78500 km";;COAN9463342;35000;;;;;"Punta del Diablo";https://auto.mercadolibre.com.uy/MLU-702782730-hyundai-_JM;N/A;;Hyundai;usd;Sí;free;false;N/A;N/A;http://perfil.mercadolibre.com.uy/COAN9463342;active;N/A;N/A;Usado;Gris;N/A;N/A;4x2;Sí;N/A;N/A;N/A;N/A;N/A;N/A;N/A;N/A;N/A;N/A;N/A;N/A;N/A;N/A;N/A;N/A;N/A;N/A;N/A;N/A;N/A;N/A;N/A;N/A;"2670 mm";"1.6 L";"62 L";7;N/A;N/A;N/A;N/A;N/A;N/A;N/A;N/A;N/A;N/A;N/A;N/A;N/A;N/A;N/A;N/A;N/A;N/A;N/A;N/A;N/A;N/A;N/A;N/A;N/A;N/A;N/A;N/A;N/A;N/A;N/A;N/A;N/A;N/A;N/A;N/A;N/A;N/A;N/A;N/A;N/A;N/A;N/A;N/A;N/A;"1660 mm";"4475 mm";N/A;N/A;N/A;N/A;5;"132 hp";N/A;N/A;4;"1850 mm";N/A;N/A;N/A;N/A;N/A;N/A;N/A;N/A;N/A;N/A;N/A;N/A;N/A;N/A;N/A;N/A;N/A;N/A;5;1.6;Nafta;Automática;SUV;"Autos y camionetas";N/A;N/A;N/A;N/A;N/A;N/A;UY;N/A;N/A;N/A;N/A;N/A;N/A;N/A;N/A;N/A;N/A;N/A;N/A;N/A;N/A;N/A;N/A;N/A;N/A;N/A;N/A;N/A;N/A;N/A;N/A;N/A;N/A;N/A;N/A;N/A;N/A;N/A;N/A;N/A;N/A;N/A;N/A;N/A;N/A;N/A;N/A;N/A;N/A;N/A;N/A;N/A;N/A;N/A;N/A;N/A;N/A;N/A;N/A;N/A;N/A;N/A;N/A;N/A;N/A;N/A;N/A;N/A;N/A;N/A;N/A;N/A;N/A;N/A;N/A;N/A;N/A;N/A;N/A;N/A;N/A;N/A;N/A;N/A;N/A;N/A;N/A;N/A;N/A;N/A;N/A;N/A;N/A;N/A;N/A;N/A;Sí;N/A;N/A;N/A;N/A;N/A;N/A;N/A;N/A;Sí;N/A;N/A;N/A;N/A;N/A;N/A;N/A;N/A;N/A;N/A;N/A;N/A;N/A;N/A;N/A;N/A
Hyundai;H1;"GRAND STAREX 2.5";2009;"207000 km";;TRANSPORTECAMATL;16500;;;;;Sayago;https://auto.mercadolibre.com.uy/MLU-647500311-venta-hyundai-h1-documentacion-al-dia-_JM;N/A;;"Venta Hyundai H1  (documentación Al Día)";USD;Sí;free;false;N/A;N/A;http://perfil.mercadolibre.com.uy/TRANSPORTECAMATL;active;N/A;N/A;Usado;Blanco;No;Hidráulica;4x2;Sí;N/A;N/A;N/A;N/A;N/A;N/A;N/A;N/A;N/A;N/A;N/A;Sí;N/A;N/A;N/A;N/A;N/A;N/A;N/A;N/A;N/A;N/A;N/A;N/A;N/A;N/A;N/A;N/A;N/A;N/A;N/A;N/A;N/A;N/A;N/A;N/A;N/A;N/A;N/A;N/A;N/A;N/A;N/A;N/A;N/A;N/A;N/A;N/A;N/A;N/A;N/A;N/A;N/A;N/A;N/A;N/A;N/A;N/A;N/A;N/A;N/A;N/A;N/A;N/A;N/A;N/A;N/A;N/A;N/A;N/A;N/A;N/A;N/A;N/A;N/A;N/A;N/A;N/A;N/A;N/A;N/A;N/A;N/A;N/A;N/A;N/A;N/A;N/A;N/A;Sí;N/A;N/A;N/A;N/A;N/A;N/A;N/A;N/A;N/A;N/A;N/A;N/A;"Lunes a viernes 10:00 a 14:00";5;2.5;Diésel;Manual;Minivan;"Autos y camionetas";N/A;N/A;N/A;N/A;N/A;N/A;N/A;N/A;No;N/A;N/A;N/A;N/A;N/A;N/A;N/A;N/A;N/A;N/A;N/A;N/A;N/A;N/A;N/A;N/A;N/A;N/A;N/A;N/A;N/A;N/A;N/A;N/A;N/A;N/A;N/A;N/A;N/A;N/A;N/A;N/A;N/A;N/A;N/A;N/A;N/A;N/A;N/A;N/A;N/A;N/A;N/A;N/A;N/A;N/A;N/A;N/A;N/A;N/A;N/A;N/A;N/A;Sí;N/A;N/A;N/A;N/A;N/A;N/A;N/A;N/A;N/A;N/A;N/A;N/A;N/A;N/A;N/A;N/A;N/A;N/A;N/A;N/A;N/A;N/A;N/A;N/A;N/A;N/A;N/A;N/A;N/A;N/A;N/A;N/A;N/A;Sí;No;N/A;N/A;Sí;N/A;N/A;N/A;N/A;N/A;N/A;N/A;N/A;N/A;N/A;N/A;N/A;N/A;N/A;N/A;N/A;N/A;N/A;N/A;N/A;N/A
Hyundai;S-Coupé;1.5;1994;"268000 km";;"TRB ELECTRÓNICA";2500;;;;;"El Pinar";https://auto.mercadolibre.com.uy/MLU-702327980-hyundai-s-coupe-1994-15-_JM;N/A;;"Hyundai S-coupé 1994 1.5";usd;No;free;false;N/A;N/A;http://perfil.mercadolibre.com.uy/TRB+ELECTR%C3%93NICA;active;N/A;N/A;Usado;N/A;N/A;Hidráulica;Delantera;N/A;N/A;N/A;N/A;N/A;N/A;N/A;N/A;N/A;N/A;N/A;N/A;N/A;N/A;N/A;N/A;N/A;N/A;N/A;N/A;N/A;N/A;N/A;N/A;N/A;"2383 mm";"1.5 L";"45 L";5;N/A;N/A;N/A;N/A;N/A;N/A;N/A;N/A;N/A;N/A;N/A;N/A;N/A;N/A;N/A;N/A;N/A;N/A;N/A;N/A;N/A;N/A;N/A;N/A;N/A;N/A;N/A;N/A;N/A;N/A;N/A;N/A;N/A;N/A;N/A;N/A;N/A;N/A;N/A;N/A;N/A;N/A;N/A;N/A;N/A;"1340 mm";"4210 mm";N/A;N/A;N/A;N/A;5;"92 hp";N/A;N/A;2;"1610 mm";"11.6 km/l";N/A;N/A;N/A;N/A;N/A;N/A;N/A;N/A;N/A;N/A;"7 km/l";N/A;N/A;N/A;N/A;N/A;N/A;2;1.5;Nafta;Manual;Coupé;"Autos y camionetas";N/A;N/A;N/A;N/A;N/A;N/A;UY;N/A;N/A;N/A;N/A;N/A;N/A;N/A;N/A;N/A;N/A;N/A;N/A;N/A;N/A;N/A;N/A;N/A;N/A;N/A;N/A;N/A;N/A;N/A;N/A;N/A;N/A;N/A;N/A;N/A;N/A;N/A;N/A;N/A;N/A;N/A;N/A;N/A;N/A;N/A;N/A;N/A;N/A;N/A;N/A;N/A;N/A;N/A;N/A;N/A;N/A;N/A;N/A;N/A;N/A;N/A;N/A;N/A;N/A;N/A;N/A;N/A;N/A;N/A;N/A;N/A;N/A;N/A;N/A;N/A;N/A;N/A;N/A;N/A;N/A;N/A;N/A;N/A;N/A;N/A;N/A;N/A;N/A;N/A;N/A;N/A;N/A;N/A;N/A;N/A;Sí;N/A;N/A;N/A;N/A;N/A;N/A;N/A;N/A;N/A;N/A;N/A;N/A;N/A;N/A;N/A;N/A;N/A;N/A;N/A;N/A;N/A;N/A;N/A;N/A;N/A
Hyundai;Creta;"1.6 Sport Gl";2022;"47000 km";;"TUMI SUAREZ";22500;;;;;Goes;https://auto.mercadolibre.com.uy/MLU-703618638-hyundai-creta-2022-16-sport-gl-_JM;N/A;;"Hyundai Creta 2022 1.6 Sport Gl";usd;Sí;free;false;N/A;N/A;http://perfil.mercadolibre.com.uy/TUMI+SUAREZ;active;N/A;N/A;Usado;N/A;N/A;Eléctrica;4x2;N/A;N/A;Sí;N/A;N/A;N/A;N/A;N/A;N/A;N/A;N/A;N/A;N/A;N/A;N/A;N/A;N/A;N/A;N/A;N/A;N/A;N/A;N/A;N/A;N/A;"2590 mm";"1.6 L";"58 L";5;N/A;N/A;N/A;N/A;N/A;N/A;N/A;N/A;N/A;N/A;N/A;N/A;N/A;N/A;N/A;N/A;N/A;N/A;N/A;N/A;N/A;N/A;N/A;N/A;N/A;N/A;N/A;N/A;N/A;N/A;N/A;N/A;N/A;Sí;Sí;N/A;N/A;N/A;N/A;N/A;N/A;N/A;N/A;N/A;N/A;"1635 mm";"4440 mm";N/A;N/A;N/A;N/A;5;"163 hp";"Sport Gl";N/A;4;"1898 mm";N/A;N/A;N/A;N/A;Sí;N/A;N/A;Sí;N/A;N/A;N/A;N/A;N/A;N/A;N/A;N/A;N/A;N/A;5;1.6;Nafta;Manual;SUV;"Autos y camionetas";N/A;N/A;N/A;N/A;N/A;N/A;UY;N/A;N/A;N/A;N/A;N/A;N/A;N/A;N/A;N/A;N/A;N/A;N/A;N/A;N/A;N/A;N/A;N/A;N/A;N/A;N/A;N/A;N/A;N/A;N/A;N/A;N/A;N/A;N/A;N/A;N/A;N/A;N/A;N/A;N/A;N/A;N/A;N/A;N/A;N/A;N/A;N/A;N/A;N/A;N/A;N/A;N/A;N/A;N/A;N/A;N/A;N/A;N/A;N/A;N/A;N/A;N/A;N/A;N/A;N/A;N/A;N/A;N/A;N/A;N/A;N/A;N/A;N/A;N/A;N/A;N/A;N/A;N/A;N/A;N/A;N/A;N/A;N/A;N/A;N/A;N/A;N/A;N/A;N/A;N/A;N/A;N/A;N/A;N/A;N/A;N/A;N/A;N/A;N/A;N/A;N/A;N/A;N/A;N/A;N/A;N/A;N/A;N/A;N/A;N/A;N/A;Sí;N/A;N/A;N/A;N/A;N/A;N/A;Sí;N/A;N/A
Hyundai;H100;"Motor 2.4 nafta furgón";1995;"333000 km";;ALEJANDROMARCOS20220731001843;7800;;;;;"Río Branco";https://auto.mercadolibre.com.uy/MLU-704214144-hyundai-h-100-24-nafta-excelente-estado-_JM;N/A;;"Hyundai H 100 24 Nafta Excelente Estado";USD;No;free;false;N/A;N/A;http://perfil.mercadolibre.com.uy/ALEJANDROMARCOS20220731001843;active;N/A;N/A;Usado;Blanco;No;Mecánica;Trasera;N/A;N/A;N/A;N/A;N/A;N/A;N/A;N/A;N/A;N/A;N/A;N/A;N/A;N/A;N/A;N/A;N/A;N/A;N/A;N/A;N/A;N/A;N/A;N/A;N/A;N/A;N/A;N/A;N/A;N/A;N/A;N/A;N/A;N/A;N/A;N/A;N/A;N/A;N/A;N/A;N/A;N/A;N/A;N/A;N/A;N/A;N/A;N/A;N/A;N/A;N/A;N/A;N/A;N/A;N/A;N/A;N/A;N/A;N/A;N/A;N/A;N/A;N/A;N/A;N/A;N/A;N/A;N/A;N/A;N/A;N/A;N/A;N/A;N/A;N/A;N/A;N/A;N/A;N/A;N/A;N/A;N/A;N/A;N/A;N/A;N/A;N/A;N/A;N/A;N/A;N/A;N/A;N/A;N/A;N/A;N/A;N/A;N/A;N/A;N/A;N/A;N/A;N/A;"Todo los horarios";4;2.4;Nafta;Manual;Furgón;"Autos y camionetas";N/A;N/A;N/A;N/A;N/A;N/A;N/A;N/A;N/A;N/A;N/A;N/A;N/A;N/A;N/A;N/A;N/A;N/A;N/A;N/A;N/A;N/A;N/A;N/A;N/A;N/A;N/A;N/A;N/A;N/A;N/A;N/A;N/A;N/A;N/A;N/A;N/A;N/A;N/A;N/A;N/A;N/A;N/A;N/A;N/A;N/A;N/A;N/A;N/A;N/A;N/A;N/A;N/A;N/A;N/A;N/A;N/A;N/A;N/A;N/A;N/A;N/A;N/A;N/A;N/A;N/A;N/A;N/A;N/A;N/A;N/A;N/A;N/A;N/A;N/A;N/A;N/A;N/A;N/A;N/A;N/A;N/A;N/A;N/A;N/A;N/A;N/A;N/A;N/A;N/A;N/A;N/A;N/A;N/A;N/A;N/A;N/A;N/A;N/A;N/A;N/A;N/A;N/A;N/A;N/A;N/A;N/A;N/A;N/A;N/A;N/A;N/A;N/A;N/A;N/A;N/A;N/A;N/A;N/A;N/A;N/A;N/A
Hyundai;i20;"1.4 Active Gl Full 5p";2016;"120000 km";;SEBASRODALMEIDA;12500;;;;;Buceo;https://auto.mercadolibre.com.uy/MLU-647416017-motor-14-climatizador-de-aire-controles-de-audio-y-tel-en-_JM;N/A;;"Motor 1.4, Climatizador De Aire, Controles De Audio Y Tel En";USD;Sí;free;false;N/A;N/A;http://perfil.mercadolibre.com.uy/SEBASRODALMEIDA;active;N/A;N/A;Usado;Blanco;No;Hidráulica;Delantera;Sí;Sí;N/A;N/A;N/A;No;N/A;N/A;No;N/A;N/A;Sí;Sí;N/A;Sí;N/A;N/A;N/A;N/A;N/A;N/A;N/A;N/A;N/A;N/A;N/A;N/A;N/A;N/A;N/A;N/A;N/A;N/A;N/A;No;N/A;N/A;N/A;N/A;N/A;N/A;N/A;N/A;N/A;N/A;N/A;N/A;N/A;N/A;N/A;N/A;N/A;N/A;N/A;N/A;N/A;N/A;N/A;No;N/A;N/A;N/A;N/A;N/A;N/A;N/A;N/A;N/A;N/A;N/A;N/A;N/A;N/A;N/A;N/A;N/A;N/A;N/A;N/A;N/A;N/A;N/A;N/A;N/A;N/A;N/A;N/A;No;N/A;Sí;Sí;N/A;Sí;Sí;N/A;No;N/A;N/A;Sí;No;N/A;N/A;No;"Todo el dia";5;1.4;Nafta;Manual;SUV;"Autos y camionetas";Sí;N/A;N/A;N/A;No;N/A;N/A;N/A;No;N/A;No;N/A;N/A;N/A;N/A;N/A;N/A;N/A;N/A;N/A;N/A;N/A;N/A;N/A;No;N/A;N/A;N/A;N/A;N/A;N/A;N/A;N/A;N/A;N/A;N/A;N/A;N/A;N/A;N/A;N/A;N/A;N/A;No;N/A;N/A;N/A;N/A;N/A;N/A;N/A;N/A;N/A;N/A;N/A;N/A;N/A;N/A;N/A;N/A;N/A;No;Sí;N/A;N/A;N/A;N/A;N/A;N/A;N/A;N/A;N/A;N/A;N/A;N/A;N/A;N/A;N/A;N/A;N/A;N/A;N/A;N/A;N/A;N/A;N/A;N/A;N/A;N/A;N/A;N/A;N/A;N/A;N/A;N/A;No;Sí;Sí;Sí;N/A;Sí;N/A;N/A;N/A;N/A;Sí;No;No;Sí;N/A;N/A;No;Sí;Sí;Sí;Sí;Sí;Sí;N/A;No;N/A;Sí
Hyundai;H100;"2.5 Van";2002;"1000 km";;COMPUMELO0;8000;;;;;Melo;https://auto.mercadolibre.com.uy/MLU-703670958-hyundai-h100-25-van-_JM;N/A;;"Hyundai H100 2.5 Van";usd;No;free;false;N/A;N/A;http://perfil.mercadolibre.com.uy/COMPUMELO0;active;N/A;N/A;Usado;Blanco;No;Hidráulica;4x2;Sí;N/A;N/A;N/A;N/A;N/A;N/A;N/A;N/A;N/A;N/A;N/A;N/A;N/A;N/A;N/A;N/A;N/A;N/A;N/A;N/A;N/A;N/A;N/A;N/A;"3200 mm";"2.5 L";"75 L";N/A;N/A;N/A;N/A;N/A;N/A;N/A;N/A;N/A;N/A;N/A;N/A;N/A;N/A;N/A;N/A;N/A;N/A;N/A;N/A;N/A;N/A;N/A;N/A;N/A;N/A;N/A;N/A;N/A;N/A;N/A;N/A;N/A;N/A;N/A;N/A;N/A;N/A;N/A;N/A;N/A;N/A;N/A;N/A;N/A;N/A;"1925 mm";"5125 mm";N/A;N/A;N/A;N/A;2;"73 hp";N/A;N/A;4;"1920 mm";N/A;N/A;N/A;N/A;N/A;N/A;N/A;N/A;N/A;N/A;N/A;N/A;N/A;N/A;N/A;N/A;N/A;N/A;3;2.5;Diésel;Manual;SUV;"Autos y camionetas";N/A;N/A;N/A;N/A;N/A;N/A;UY;N/A;N/A;N/A;N/A;N/A;N/A;N/A;N/A;N/A;N/A;N/A;N/A;N/A;N/A;N/A;N/A;N/A;N/A;N/A;N/A;N/A;N/A;N/A;N/A;N/A;N/A;N/A;N/A;N/A;N/A;N/A;N/A;N/A;N/A;N/A;N/A;N/A;N/A;N/A;N/A;N/A;N/A;N/A;N/A;N/A;N/A;N/A;N/A;N/A;N/A;N/A;N/A;N/A;N/A;N/A;N/A;N/A;N/A;N/A;N/A;N/A;N/A;N/A;N/A;N/A;N/A;N/A;N/A;N/A;N/A;N/A;N/A;N/A;N/A;N/A;N/A;N/A;N/A;N/A;N/A;N/A;N/A;N/A;N/A;N/A;N/A;N/A;N/A;N/A;Sí;N/A;N/A;N/A;N/A;N/A;N/A;N/A;N/A;N/A;N/A;N/A;N/A;N/A;N/A;N/A;N/A;N/A;N/A;N/A;N/A;N/A;N/A;N/A;N/A;N/A
Hyundai;H1;"2.5 Grand Starex Furgon 2.5 Diesel";2021;"85000 km";;AUTOTREADERCOLONIA;25900;;;;;"Colonia del Sacramento";https://auto.mercadolibre.com.uy/MLU-703254148-hyundai-h1-25-grand-starex-furgon-25-diesel-_JM;N/A;;"Hyundai H1 2.5 Grand Starex Furgon 2.5 Diesel";usd;Sí;free;false;N/A;N/A;http://perfil.mercadolibre.com.uy/AUTOTREADERCOLONIA;active;N/A;N/A;Usado;Blanco;Sí;Hidráulica;Trasera;Sí;Sí;Sí;N/A;N/A;N/A;N/A;N/A;N/A;N/A;N/A;N/A;Sí;N/A;N/A;N/A;N/A;N/A;N/A;N/A;N/A;N/A;N/A;N/A;N/A;"3201 mm";"2.5 L";"75 L";6;N/A;N/A;N/A;N/A;N/A;N/A;N/A;N/A;N/A;N/A;N/A;N/A;N/A;N/A;N/A;N/A;N/A;N/A;N/A;N/A;N/A;N/A;N/A;N/A;N/A;N/A;N/A;N/A;N/A;N/A;N/A;Sí;N/A;N/A;N/A;N/A;N/A;N/A;N/A;N/A;N/A;Sí;N/A;N/A;N/A;"1925 mm";"5125 mm";N/A;N/A;N/A;N/A;12;"170 hp";N/A;N/A;4;"1920 mm";"10.9 km/l";N/A;N/A;N/A;Sí;N/A;Sí;N/A;N/A;N/A;Sí;"7.1 km/l";N/A;N/A;N/A;N/A;Sí;N/A;4;2.5;Diésel;Manual;Furgón;"Autos y camionetas";N/A;N/A;N/A;N/A;N/A;N/A;UY;N/A;No;N/A;N/A;N/A;N/A;N/A;N/A;N/A;N/A;N/A;N/A;N/A;N/A;N/A;N/A;N/A;N/A;N/A;N/A;N/A;N/A;N/A;N/A;N/A;N/A;N/A;N/A;N/A;N/A;N/A;N/A;N/A;N/A;N/A;N/A;N/A;N/A;N/A;N/A;N/A;N/A;N/A;N/A;N/A;N/A;N/A;N/A;N/A;N/A;N/A;N/A;N/A;N/A;N/A;N/A;N/A;N/A;N/A;N/A;N/A;N/A;N/A;N/A;N/A;N/A;N/A;N/A;N/A;N/A;N/A;N/A;N/A;N/A;N/A;N/A;N/A;N/A;N/A;N/A;N/A;N/A;N/A;N/A;N/A;N/A;N/A;N/A;N/A;Sí;Sí;Sí;N/A;Sí;Sí;N/A;N/A;N/A;Sí;N/A;N/A;Sí;Sí;N/A;Sí;Sí;Sí;Sí;Sí;Sí;N/A;N/A;Sí;N/A;Sí
Hyundai;Atos;"1.1 Gls";2006;"260000 km";;"ISMAEL VENTAS";3700;;;;;"Ciudad del Plata";https://auto.mercadolibre.com.uy/MLU-702487752-hyundai-atos-11-gls-_JM;N/A;;"Hyundai Atos 1.1 Gls";usd;No;free;false;N/A;N/A;http://perfil.mercadolibre.com.uy/ISMAEL+VENTAS;active;N/A;N/A;Usado;Amarillo;N/A;Hidráulica;Delantera;Sí;N/A;N/A;N/A;N/A;N/A;N/A;N/A;N/A;N/A;N/A;N/A;N/A;N/A;N/A;N/A;N/A;N/A;N/A;N/A;N/A;N/A;N/A;N/A;N/A;"2774 mm";"1.1 L";"35 L";5;N/A;N/A;N/A;N/A;N/A;N/A;N/A;N/A;N/A;N/A;N/A;N/A;N/A;N/A;N/A;N/A;N/A;N/A;N/A;N/A;N/A;N/A;N/A;N/A;N/A;N/A;N/A;N/A;N/A;N/A;N/A;N/A;N/A;N/A;N/A;N/A;N/A;N/A;N/A;N/A;N/A;N/A;N/A;N/A;N/A;"1570 mm";"3565 mm";N/A;N/A;N/A;N/A;4;"56 hp";Gls;N/A;4;"1891 mm";"7.4 km/l";N/A;N/A;N/A;N/A;N/A;N/A;N/A;N/A;N/A;N/A;"5 km/l";N/A;N/A;N/A;N/A;N/A;"Todo el dia";5;1.1;Nafta;Manual;Hatchback;"Autos y camionetas";N/A;N/A;N/A;N/A;N/A;N/A;UY;N/A;N/A;N/A;N/A;N/A;N/A;N/A;N/A;N/A;N/A;N/A;N/A;N/A;N/A;N/A;N/A;N/A;N/A;N/A;N/A;N/A;N/A;N/A;N/A;N/A;N/A;N/A;N/A;N/A;N/A;N/A;N/A;N/A;N/A;N/A;N/A;N/A;N/A;N/A;N/A;N/A;N/A;N/A;N/A;N/A;N/A;N/A;N/A;N/A;N/A;N/A;N/A;N/A;N/A;N/A;N/A;N/A;N/A;N/A;N/A;N/A;N/A;N/A;N/A;N/A;N/A;N/A;N/A;N/A;N/A;N/A;N/A;N/A;N/A;N/A;N/A;N/A;N/A;N/A;N/A;N/A;N/A;N/A;N/A;N/A;N/A;N/A;N/A;N/A;Sí;N/A;N/A;N/A;N/A;N/A;N/A;N/A;N/A;N/A;N/A;N/A;N/A;N/A;N/A;N/A;N/A;N/A;N/A;N/A;N/A;N/A;N/A;N/A;N/A;N/A
Hyundai;HB20S;"1.6 Comfort At 4p";2020;"69000 km";;CALU5718902;17900;;;;;"Punta Rieles";https://auto.mercadolibre.com.uy/MLU-701962612-hyundai-hb20s-16-comfort-at-4p-_JM;N/A;;"Hyundai Hb20s 1.6 Comfort At 4p";usd;Sí;free;false;N/A;N/A;http://perfil.mercadolibre.com.uy/CALU5718902;active;N/A;N/A;Usado;Gris;Sí;Hidráulica;Delantera;Sí;N/A;N/A;N/A;N/A;N/A;N/A;N/A;N/A;N/A;N/A;N/A;N/A;N/A;N/A;N/A;N/A;N/A;N/A;N/A;N/A;N/A;N/A;N/A;N/A;"2500 mm";"1.6 L";"50 L";5;N/A;N/A;N/A;N/A;N/A;N/A;N/A;N/A;N/A;N/A;N/A;N/A;N/A;N/A;N/A;N/A;N/A;N/A;N/A;N/A;N/A;N/A;N/A;N/A;N/A;N/A;N/A;N/A;N/A;N/A;N/A;N/A;N/A;Sí;Sí;N/A;N/A;N/A;N/A;N/A;N/A;N/A;N/A;N/A;N/A;"1500 mm";"4200 mm";N/A;N/A;N/A;N/A;5;"123 hp";Comfort;N/A;4;"1680 mm";N/A;N/A;N/A;N/A;Sí;N/A;N/A;Sí;Sí;N/A;N/A;"12.8 km/l";N/A;N/A;N/A;N/A;N/A;N/A;4;1.6;Nafta;Automática;Sedán;"Autos y camionetas";N/A;N/A;N/A;N/A;N/A;N/A;UY;N/A;N/A;N/A;N/A;N/A;N/A;N/A;N/A;N/A;N/A;N/A;N/A;N/A;N/A;N/A;N/A;N/A;N/A;N/A;N/A;N/A;N/A;N/A;N/A;N/A;N/A;N/A;N/A;N/A;N/A;N/A;N/A;N/A;N/A;N/A;N/A;N/A;N/A;N/A;N/A;N/A;N/A;N/A;N/A;N/A;N/A;N/A;N/A;N/A;N/A;N/A;N/A;N/A;N/A;N/A;N/A;N/A;N/A;N/A;N/A;N/A;N/A;N/A;N/A;N/A;N/A;N/A;N/A;N/A;N/A;N/A;N/A;N/A;N/A;N/A;N/A;N/A;N/A;N/A;N/A;N/A;N/A;N/A;N/A;N/A;N/A;N/A;N/A;N/A;N/A;N/A;N/A;N/A;N/A;N/A;N/A;N/A;N/A;N/A;N/A;N/A;N/A;N/A;N/A;N/A;Sí;N/A;N/A;N/A;Sí;N/A;N/A;Sí;N/A;Sí
Hyundai;Accent;"1.4 GL FULL";2012;"160000 km";;SUSCLAUSTRE;10500;;;;;Buceo;https://auto.mercadolibre.com.uy/MLU-647234687-hyundai-accent-14-gl-full-_JM;N/A;;"Hyundai Accent 1.4 Gl Full";USD;Sí;free;false;N/A;N/A;http://perfil.mercadolibre.com.uy/SUSCLAUSTRE;active;N/A;N/A;Usado;N/A;N/A;N/A;N/A;N/A;N/A;N/A;N/A;N/A;N/A;N/A;N/A;N/A;N/A;N/A;N/A;N/A;N/A;N/A;N/A;N/A;N/A;N/A;N/A;N/A;N/A;N/A;N/A;N/A;N/A;N/A;N/A;N/A;N/A;N/A;N/A;N/A;N/A;N/A;N/A;N/A;N/A;N/A;N/A;N/A;N/A;N/A;N/A;N/A;N/A;N/A;N/A;N/A;N/A;N/A;N/A;N/A;N/A;N/A;N/A;N/A;N/A;N/A;N/A;N/A;N/A;N/A;N/A;N/A;N/A;N/A;N/A;N/A;N/A;N/A;N/A;N/A;N/A;N/A;N/A;N/A;N/A;N/A;N/A;N/A;N/A;N/A;N/A;N/A;N/A;N/A;N/A;N/A;N/A;N/A;N/A;N/A;N/A;N/A;N/A;N/A;N/A;N/A;N/A;N/A;N/A;N/A;N/A;5;N/A;Nafta;N/A;N/A;"Autos y camionetas";N/A;N/A;N/A;N/A;N/A;N/A;N/A;N/A;N/A;N/A;N/A;N/A;N/A;N/A;N/A;N/A;N/A;N/A;N/A;N/A;N/A;N/A;N/A;N/A;N/A;N/A;N/A;N/A;N/A;N/A;N/A;N/A;N/A;N/A;N/A;N/A;N/A;N/A;N/A;N/A;N/A;N/A;N/A;N/A;N/A;N/A;N/A;N/A;N/A;N/A;N/A;N/A;N/A;N/A;N/A;N/A;N/A;N/A;N/A;N/A;N/A;N/A;N/A;N/A;N/A;N/A;N/A;N/A;N/A;N/A;N/A;N/A;N/A;N/A;N/A;N/A;N/A;N/A;N/A;N/A;N/A;N/A;N/A;N/A;N/A;N/A;N/A;N/A;N/A;N/A;N/A;N/A;N/A;N/A;N/A;N/A;N/A;N/A;N/A;N/A;N/A;N/A;N/A;N/A;N/A;N/A;N/A;N/A;N/A;N/A;N/A;N/A;N/A;N/A;N/A;N/A;N/A;N/A;N/A;N/A;N/A;N/A
Hyundai;HB20;"1.0 Premium Mt";2021;"51000 km";;PRIETOMARTIN00;15500;;;;;Pocitos;https://auto.mercadolibre.com.uy/MLU-701653748-hyundai-hb20-10-premium-mt-_JM;N/A;;"Hyundai Hb20 1.0 Premium Mt";usd;Sí;free;false;N/A;N/A;http://perfil.mercadolibre.com.uy/PRIETOMARTIN00;active;N/A;N/A;Usado;Azul;Sí;Hidráulica;Delantera;Sí;N/A;Sí;N/A;N/A;N/A;N/A;N/A;N/A;N/A;N/A;N/A;Sí;N/A;N/A;N/A;N/A;N/A;N/A;N/A;N/A;N/A;N/A;N/A;N/A;"2500 mm";"1 L";"50 L";6;N/A;N/A;N/A;N/A;N/A;N/A;N/A;N/A;N/A;N/A;N/A;N/A;N/A;N/A;N/A;N/A;N/A;N/A;N/A;N/A;N/A;N/A;N/A;N/A;N/A;N/A;N/A;N/A;N/A;N/A;N/A;N/A;N/A;Sí;Sí;N/A;N/A;N/A;N/A;N/A;N/A;N/A;N/A;N/A;N/A;"1470 mm";"3920 mm";N/A;N/A;N/A;N/A;5;"80 hp";N/A;N/A;4;"1680 mm";N/A;N/A;N/A;Sí;Sí;N/A;N/A;Sí;Sí;N/A;N/A;"13.8 km/l";N/A;N/A;N/A;N/A;N/A;N/A;5;1.0;Nafta;Manual;Hatchback;"Autos y camionetas";Sí;N/A;N/A;N/A;Sí;N/A;UY;N/A;No;N/A;N/A;N/A;N/A;N/A;N/A;N/A;N/A;N/A;N/A;N/A;N/A;N/A;N/A;N/A;Sí;N/A;N/A;N/A;N/A;N/A;N/A;N/A;N/A;N/A;N/A;N/A;N/A;N/A;N/A;N/A;N/A;N/A;N/A;N/A;N/A;N/A;N/A;N/A;N/A;N/A;N/A;N/A;N/A;N/A;N/A;N/A;N/A;N/A;N/A;N/A;N/A;N/A;N/A;N/A;N/A;N/A;N/A;N/A;N/A;N/A;N/A;N/A;N/A;N/A;N/A;N/A;N/A;N/A;N/A;N/A;N/A;N/A;N/A;N/A;N/A;N/A;N/A;N/A;N/A;N/A;N/A;N/A;N/A;N/A;N/A;N/A;Sí;Sí;Sí;N/A;Sí;N/A;N/A;N/A;N/A;N/A;N/A;N/A;N/A;N/A;N/A;Sí;Sí;N/A;Sí;Sí;Sí;N/A;N/A;Sí;N/A;Sí
Hyundai;Accent;"Turbo CRDI 1.5 Diesel";2011;"620000 km";;LUCIACVIGLINO;5200;;;;;"El Pinar";https://auto.mercadolibre.com.uy/MLU-701716722-hyundai-accent-2011-ex-taxi-_JM;N/A;;"Hyundai Accent 2011 Ex Taxi";USD;Sí;free;false;N/A;N/A;http://perfil.mercadolibre.com.uy/LUCIACVIGLINO;active;N/A;N/A;Usado;Negro;Sí;N/A;N/A;N/A;N/A;N/A;N/A;N/A;N/A;N/A;N/A;N/A;N/A;N/A;N/A;N/A;N/A;N/A;N/A;N/A;N/A;N/A;N/A;N/A;N/A;N/A;N/A;N/A;N/A;N/A;N/A;N/A;N/A;N/A;N/A;N/A;N/A;N/A;N/A;N/A;N/A;N/A;N/A;N/A;N/A;N/A;N/A;N/A;N/A;N/A;N/A;N/A;N/A;N/A;N/A;N/A;N/A;N/A;N/A;N/A;N/A;N/A;N/A;N/A;N/A;N/A;N/A;N/A;N/A;N/A;N/A;N/A;N/A;N/A;N/A;N/A;N/A;N/A;N/A;N/A;N/A;N/A;N/A;N/A;N/A;N/A;N/A;N/A;N/A;N/A;N/A;N/A;N/A;N/A;N/A;N/A;N/A;N/A;N/A;N/A;N/A;N/A;N/A;N/A;N/A;N/A;N/A;5;1.5;Diésel;N/A;N/A;"Autos y camionetas";N/A;N/A;N/A;N/A;N/A;N/A;N/A;N/A;N/A;N/A;N/A;N/A;N/A;N/A;N/A;N/A;N/A;N/A;N/A;N/A;N/A;N/A;N/A;N/A;N/A;N/A;N/A;N/A;N/A;N/A;N/A;N/A;N/A;N/A;N/A;N/A;N/A;N/A;N/A;N/A;N/A;N/A;N/A;N/A;N/A;N/A;N/A;N/A;N/A;N/A;N/A;N/A;N/A;N/A;N/A;N/A;N/A;N/A;N/A;N/A;N/A;N/A;N/A;N/A;N/A;N/A;N/A;N/A;N/A;N/A;N/A;N/A;N/A;N/A;N/A;N/A;N/A;N/A;N/A;N/A;N/A;N/A;N/A;N/A;N/A;N/A;N/A;N/A;N/A;N/A;N/A;N/A;N/A;N/A;N/A;N/A;N/A;N/A;N/A;N/A;N/A;N/A;N/A;N/A;N/A;N/A;N/A;N/A;N/A;N/A;N/A;N/A;N/A;N/A;N/A;N/A;N/A;N/A;N/A;N/A;N/A;N/A
Hyundai;Tucson;"2.0 Gl 6at 2wd";2012;"158000 km";;EUGENIALESUE;15800;;;;;Peñarol;https://auto.mercadolibre.com.uy/MLU-703614276-hyundai-tucson-2012-20-gl-6at-2wd-_JM;N/A;;"Hyundai Tucson 2012 2.0 Gl 6at 2wd";usd;Sí;free;false;N/A;N/A;http://perfil.mercadolibre.com.uy/EUGENIALESUE;active;N/A;N/A;Usado;N/A;N/A;Hidráulica;4x2;Sí;N/A;Sí;N/A;N/A;N/A;N/A;N/A;N/A;N/A;N/A;N/A;N/A;N/A;N/A;N/A;N/A;N/A;N/A;N/A;N/A;N/A;N/A;N/A;N/A;"2630 mm";"2 L";"58 L";6;N/A;N/A;N/A;N/A;N/A;N/A;N/A;N/A;N/A;N/A;N/A;N/A;N/A;N/A;N/A;N/A;N/A;N/A;N/A;N/A;N/A;N/A;N/A;N/A;N/A;N/A;N/A;N/A;N/A;N/A;N/A;Sí;N/A;N/A;N/A;N/A;N/A;N/A;N/A;N/A;N/A;Sí;N/A;N/A;N/A;"1655 mm";"4410 mm";N/A;N/A;N/A;N/A;5;"166 hp";Gl;N/A;4;"1830 mm";"10.4 km/l";N/A;N/A;N/A;N/A;N/A;N/A;N/A;N/A;N/A;Sí;"6.4 km/l";N/A;N/A;N/A;N/A;N/A;N/A;5;2.0;Nafta;Automática;SUV;"Autos y camionetas";N/A;N/A;N/A;N/A;N/A;N/A;UY;N/A;N/A;N/A;N/A;N/A;N/A;N/A;N/A;N/A;N/A;N/A;N/A;N/A;N/A;N/A;N/A;N/A;N/A;N/A;N/A;N/A;N/A;N/A;N/A;N/A;N/A;N/A;N/A;N/A;N/A;N/A;N/A;N/A;N/A;N/A;N/A;N/A;N/A;N/A;N/A;N/A;N/A;N/A;N/A;N/A;N/A;N/A;N/A;N/A;N/A;N/A;N/A;N/A;N/A;N/A;N/A;N/A;N/A;N/A;N/A;N/A;N/A;N/A;N/A;N/A;N/A;N/A;N/A;N/A;N/A;N/A;N/A;N/A;N/A;N/A;N/A;N/A;N/A;N/A;N/A;N/A;N/A;N/A;N/A;N/A;N/A;N/A;N/A;N/A;Sí;N/A;Sí;N/A;N/A;N/A;N/A;N/A;N/A;N/A;N/A;N/A;N/A;Sí;N/A;N/A;N/A;N/A;N/A;N/A;N/A;N/A;N/A;N/A;N/A;N/A
Hyundai;Elantra;"1.8 Gls";1997;"270 km";;RODRIGUEZMARIO20230310202624;3999;;;;;Tacuarembó;https://auto.mercadolibre.com.uy/MLU-704345778-hyundai-elantra-18-gls-_JM;N/A;;"Hyundai Elantra 1.8 Gls";usd;No;free;false;N/A;N/A;http://perfil.mercadolibre.com.uy/RODRIGUEZMARIO20230310202624;active;N/A;N/A;Usado;Blanco;N/A;Hidráulica;Delantera;N/A;N/A;N/A;N/A;N/A;N/A;N/A;N/A;N/A;N/A;N/A;N/A;N/A;N/A;N/A;N/A;N/A;N/A;N/A;N/A;N/A;N/A;N/A;N/A;N/A;"2857 mm";"1.8 L";"49 L";5;N/A;N/A;N/A;N/A;N/A;N/A;N/A;N/A;N/A;N/A;N/A;N/A;N/A;N/A;N/A;N/A;N/A;N/A;N/A;N/A;N/A;N/A;N/A;N/A;N/A;N/A;N/A;N/A;N/A;N/A;N/A;N/A;N/A;N/A;N/A;N/A;N/A;N/A;N/A;N/A;N/A;N/A;N/A;N/A;N/A;"1445 mm";"4530 mm";N/A;N/A;N/A;N/A;5;"128 hp";Gls;N/A;4;"1898 mm";"10.8 km/l";N/A;N/A;N/A;N/A;N/A;N/A;N/A;N/A;N/A;N/A;"7.2 km/l";N/A;N/A;N/A;N/A;N/A;N/A;4;1.8;Nafta;Manual;Sedán;"Autos y camionetas";N/A;N/A;N/A;N/A;N/A;N/A;UY;N/A;N/A;N/A;N/A;N/A;N/A;N/A;N/A;N/A;N/A;N/A;N/A;N/A;N/A;N/A;N/A;N/A;N/A;N/A;N/A;N/A;N/A;N/A;N/A;N/A;N/A;N/A;N/A;N/A;N/A;N/A;N/A;N/A;N/A;N/A;N/A;N/A;N/A;N/A;N/A;N/A;N/A;N/A;N/A;N/A;N/A;N/A;N/A;N/A;N/A;N/A;N/A;N/A;N/A;N/A;N/A;N/A;N/A;N/A;N/A;N/A;N/A;N/A;N/A;N/A;N/A;N/A;N/A;N/A;N/A;N/A;N/A;N/A;N/A;N/A;N/A;N/A;N/A;N/A;N/A;N/A;N/A;N/A;N/A;N/A;N/A;N/A;N/A;N/A;Sí;N/A;N/A;N/A;N/A;N/A;N/A;N/A;N/A;N/A;N/A;N/A;N/A;N/A;N/A;N/A;N/A;N/A;N/A;N/A;N/A;N/A;N/A;N/A;N/A;N/A
Hyundai;H1;"2.5 1 170cv Mt";2015;"150000 km";;IKAROBARRUTHE;24000;;;;;"Bella Vista";https://auto.mercadolibre.com.uy/MLU-704733836-hyundai-h1-25-1-170cv-mt-_JM;N/A;;"Hyundai H1 2.5 1 170cv Mt";usd;Sí;free;false;N/A;N/A;http://perfil.mercadolibre.com.uy/IKAROBARRUTHE;active;N/A;N/A;Usado;Blanco;No;Hidráulica;Trasera;Sí;Sí;Sí;N/A;N/A;Sí;N/A;N/A;No;N/A;N/A;Sí;Sí;N/A;Sí;N/A;N/A;N/A;N/A;N/A;N/A;N/A;N/A;N/A;N/A;"3201 mm";"2.5 L";"75 L";6;N/A;N/A;N/A;N/A;N/A;Sí;N/A;N/A;N/A;N/A;N/A;N/A;N/A;N/A;N/A;N/A;N/A;N/A;N/A;N/A;N/A;N/A;N/A;N/A;N/A;N/A;N/A;N/A;N/A;Sí;N/A;Sí;N/A;N/A;N/A;N/A;N/A;N/A;N/A;N/A;N/A;Sí;N/A;N/A;N/A;"1925 mm";"5125 mm";N/A;N/A;N/A;N/A;12;"170 hp";N/A;N/A;4;"1920 mm";"10.9 km/l";N/A;N/A;Sí;Sí;N/A;Sí;Sí;N/A;N/A;Sí;"7.1 km/l";N/A;N/A;N/A;N/A;Sí;24/7;4;2.5;Diésel;Manual;SUV;"Autos y camionetas";Sí;N/A;N/A;N/A;N/A;N/A;UY;N/A;Sí;N/A;N/A;N/A;N/A;N/A;N/A;N/A;N/A;N/A;N/A;N/A;N/A;N/A;N/A;N/A;Sí;N/A;N/A;N/A;N/A;N/A;N/A;N/A;N/A;N/A;N/A;N/A;N/A;N/A;N/A;N/A;N/A;N/A;N/A;N/A;N/A;N/A;N/A;N/A;N/A;N/A;N/A;N/A;N/A;N/A;N/A;N/A;N/A;N/A;N/A;N/A;N/A;Sí;Sí;N/A;N/A;N/A;N/A;N/A;N/A;N/A;N/A;N/A;N/A;N/A;N/A;N/A;N/A;N/A;N/A;N/A;N/A;N/A;N/A;N/A;N/A;N/A;N/A;N/A;N/A;N/A;N/A;N/A;N/A;N/A;N/A;N/A;Sí;Sí;Sí;N/A;Sí;Sí;N/A;N/A;N/A;Sí;N/A;Sí;Sí;Sí;N/A;Sí;Sí;N/A;Sí;Sí;Sí;N/A;N/A;Sí;N/A;Sí
Hyundai;HB20S;"1.6 Premium 4p";2023;"11500 km";;GERARDO6758288;20800;;;;;"Mercado Modelo";https://auto.mercadolibre.com.uy/MLU-704759644-hyundai-hb20s-_JM;N/A;;"Hyundai Hb20s ";usd;Sí;free;false;N/A;N/A;http://perfil.mercadolibre.com.uy/GERARDO6758288;active;N/A;N/A;Usado;Gris;Sí;Hidráulica;Delantera;Sí;Sí;Sí;N/A;N/A;N/A;N/A;N/A;N/A;N/A;N/A;N/A;Sí;N/A;Sí;N/A;N/A;N/A;N/A;N/A;N/A;N/A;N/A;N/A;N/A;"2500 mm";"1.6 L";"50 L";6;N/A;N/A;N/A;N/A;N/A;Sí;N/A;N/A;N/A;N/A;N/A;N/A;N/A;N/A;N/A;N/A;N/A;N/A;N/A;N/A;N/A;N/A;N/A;N/A;N/A;N/A;N/A;N/A;N/A;N/A;N/A;N/A;N/A;Sí;Sí;N/A;N/A;N/A;N/A;N/A;N/A;N/A;N/A;N/A;N/A;"1470 mm";"4230 mm";N/A;N/A;N/A;N/A;5;"123 hp";Premium;N/A;4;"1680 mm";N/A;N/A;N/A;N/A;Sí;N/A;Sí;Sí;Sí;N/A;N/A;"14 km/l";N/A;N/A;N/A;N/A;N/A;N/A;4;1.6;Nafta;Manual;Sedán;"Autos y camionetas";N/A;N/A;N/A;N/A;N/A;N/A;UY;N/A;N/A;N/A;N/A;N/A;N/A;N/A;N/A;N/A;N/A;N/A;N/A;N/A;N/A;N/A;N/A;N/A;Sí;N/A;N/A;N/A;N/A;N/A;N/A;N/A;N/A;N/A;N/A;N/A;N/A;N/A;N/A;N/A;N/A;N/A;N/A;Sí;N/A;N/A;N/A;N/A;N/A;N/A;N/A;N/A;N/A;N/A;N/A;N/A;N/A;N/A;N/A;N/A;N/A;N/A;N/A;N/A;N/A;N/A;N/A;N/A;N/A;N/A;N/A;N/A;N/A;N/A;N/A;N/A;N/A;N/A;N/A;N/A;N/A;N/A;N/A;N/A;N/A;N/A;N/A;N/A;N/A;N/A;N/A;N/A;N/A;N/A;N/A;Sí;Sí;Sí;Sí;N/A;N/A;N/A;N/A;N/A;N/A;Sí;N/A;Sí;N/A;N/A;N/A;Sí;Sí;Sí;N/A;Sí;Sí;N/A;N/A;Sí;N/A;Sí
Hyundai;Tucson;"2.0 4x2";2007;"128000 km";;JOAJU2008;6000;;;;;Artigas;https://auto.mercadolibre.com.uy/MLU-702391808-hyundai-tucson-_JM;N/A;;"Hyundai Tucson";usd;No;free;false;N/A;N/A;http://perfil.mercadolibre.com.uy/JOAJU2008;active;N/A;N/A;Usado;Dorado;No;Hidráulica;4x2;Sí;Sí;N/A;N/A;N/A;N/A;N/A;N/A;Sí;N/A;N/A;Sí;Sí;N/A;N/A;N/A;N/A;N/A;N/A;N/A;N/A;N/A;N/A;N/A;N/A;"2630 mm";"2 L";"58 L";N/A;N/A;N/A;N/A;N/A;N/A;N/A;N/A;N/A;N/A;N/A;N/A;N/A;N/A;N/A;N/A;N/A;N/A;N/A;N/A;N/A;N/A;N/A;N/A;N/A;N/A;N/A;N/A;N/A;N/A;Sí;N/A;N/A;N/A;N/A;N/A;N/A;N/A;N/A;N/A;N/A;N/A;N/A;N/A;N/A;N/A;"1730 mm";"4325 mm";N/A;N/A;N/A;N/A;5;"184 hp";N/A;N/A;4;"1830 mm";"16.1 km/l";No;N/A;N/A;Sí;N/A;N/A;No;N/A;N/A;N/A;"8.7 km/l";N/A;N/A;N/A;N/A;Sí;N/A;5;2.0;Nafta;Manual;SUV;"Autos y camionetas";No;N/A;N/A;N/A;No;N/A;UY;N/A;Sí;N/A;No;N/A;N/A;N/A;N/A;N/A;N/A;N/A;N/A;N/A;N/A;N/A;N/A;N/A;Sí;N/A;N/A;N/A;N/A;N/A;N/A;N/A;N/A;N/A;N/A;N/A;N/A;N/A;N/A;N/A;N/A;N/A;N/A;No;N/A;N/A;N/A;N/A;N/A;N/A;N/A;N/A;N/A;N/A;N/A;N/A;N/A;N/A;N/A;N/A;N/A;No;Sí;N/A;N/A;N/A;N/A;N/A;N/A;N/A;N/A;N/A;N/A;N/A;N/A;N/A;N/A;N/A;N/A;N/A;N/A;N/A;N/A;N/A;N/A;N/A;N/A;N/A;N/A;N/A;N/A;N/A;N/A;N/A;N/A;N/A;Sí;N/A;Sí;N/A;Sí;N/A;N/A;N/A;N/A;Sí;N/A;Sí;Sí;N/A;N/A;N/A;N/A;No;Sí;Sí;Sí;N/A;N/A;N/A;N/A;Sí
Hyundai;HB20;"1.6 Premium 5p";2023;"21000 km";;ZUFL2904326;21000;;;;;Mercedes;https://auto.mercadolibre.com.uy/MLU-704742666-hyundai-hb20-16-premium-5p-_JM;N/A;;"Hyundai Hb20 1.6 Premium 5p";usd;Sí;free;false;N/A;N/A;http://perfil.mercadolibre.com.uy/ZUFL2904326;active;N/A;N/A;Usado;Gris;Sí;Hidráulica;Delantera;Sí;N/A;Sí;N/A;N/A;N/A;N/A;N/A;N/A;N/A;N/A;N/A;N/A;N/A;N/A;N/A;N/A;N/A;N/A;N/A;N/A;N/A;N/A;N/A;N/A;"2500 mm";"1.6 L";"50 L";6;N/A;N/A;N/A;N/A;N/A;N/A;N/A;N/A;N/A;N/A;N/A;N/A;N/A;N/A;N/A;N/A;N/A;N/A;N/A;N/A;N/A;N/A;N/A;N/A;N/A;N/A;N/A;N/A;N/A;N/A;N/A;N/A;N/A;Sí;Sí;N/A;N/A;N/A;N/A;N/A;N/A;N/A;N/A;N/A;N/A;"1470 mm";"3920 mm";N/A;N/A;N/A;N/A;5;"123 hp";Premium;N/A;4;"1680 mm";N/A;N/A;N/A;N/A;Sí;N/A;N/A;Sí;Sí;N/A;N/A;"13.8 km/l";N/A;N/A;N/A;N/A;N/A;"24 hs";5;1.6;Nafta;Manual;Hatchback;"Autos y camionetas";N/A;N/A;N/A;N/A;N/A;N/A;UY;N/A;N/A;N/A;N/A;N/A;N/A;N/A;N/A;N/A;N/A;N/A;N/A;N/A;N/A;N/A;N/A;N/A;N/A;N/A;N/A;N/A;N/A;N/A;N/A;N/A;N/A;N/A;N/A;N/A;N/A;N/A;N/A;N/A;N/A;N/A;N/A;Sí;N/A;N/A;N/A;N/A;N/A;N/A;N/A;N/A;N/A;N/A;N/A;N/A;N/A;N/A;N/A;N/A;N/A;N/A;N/A;N/A;N/A;N/A;N/A;N/A;N/A;N/A;N/A;N/A;N/A;N/A;N/A;N/A;N/A;N/A;N/A;N/A;N/A;N/A;N/A;N/A;N/A;N/A;N/A;N/A;N/A;N/A;N/A;N/A;N/A;N/A;N/A;N/A;N/A;N/A;N/A;N/A;N/A;N/A;N/A;N/A;N/A;N/A;N/A;N/A;N/A;N/A;N/A;N/A;Sí;N/A;N/A;N/A;Sí;N/A;N/A;Sí;N/A;Sí
Hyundai;H100;"2.5 12 Pas Spr Minibus";1998;"50000 km";;ARIELESPINISA;9000;;;;;"Joaquín Suárez";https://auto.mercadolibre.com.uy/MLU-704001770-hyundai-h100-25-12-pas-spr-minibus-_JM;N/A;;"Hyundai H100 2.5 12 Pas Spr Minibus";usd;No;free;false;N/A;N/A;http://perfil.mercadolibre.com.uy/ARIELESPINISA;active;N/A;N/A;Usado;Verde;N/A;Hidráulica;4x2;N/A;N/A;N/A;N/A;N/A;N/A;N/A;N/A;N/A;N/A;N/A;N/A;N/A;N/A;N/A;N/A;N/A;N/A;N/A;N/A;N/A;N/A;N/A;N/A;N/A;"3200 mm";"2.5 L";"75 L";N/A;N/A;N/A;N/A;N/A;N/A;N/A;N/A;N/A;N/A;N/A;N/A;N/A;N/A;N/A;N/A;N/A;N/A;N/A;N/A;N/A;N/A;N/A;N/A;N/A;N/A;N/A;N/A;N/A;N/A;N/A;N/A;N/A;N/A;N/A;N/A;N/A;N/A;N/A;N/A;N/A;N/A;N/A;N/A;N/A;N/A;"1925 mm";"5125 mm";N/A;N/A;N/A;N/A;2;"73 hp";Spr;N/A;4;"1920 mm";N/A;N/A;N/A;N/A;N/A;N/A;N/A;N/A;N/A;N/A;N/A;N/A;N/A;N/A;N/A;N/A;N/A;"De 8 a20";2;2.5;Diésel;Manual;N/A;"Autos y camionetas";N/A;N/A;N/A;N/A;N/A;N/A;UY;N/A;N/A;N/A;N/A;N/A;N/A;N/A;N/A;N/A;N/A;N/A;N/A;N/A;N/A;N/A;N/A;N/A;N/A;N/A;N/A;N/A;N/A;N/A;N/A;N/A;N/A;N/A;N/A;N/A;N/A;N/A;N/A;N/A;N/A;N/A;N/A;N/A;N/A;N/A;N/A;N/A;N/A;N/A;N/A;N/A;N/A;N/A;N/A;N/A;N/A;N/A;N/A;N/A;N/A;N/A;N/A;N/A;N/A;N/A;N/A;N/A;N/A;N/A;N/A;N/A;N/A;N/A;N/A;N/A;N/A;N/A;N/A;N/A;N/A;N/A;N/A;N/A;N/A;N/A;N/A;N/A;N/A;N/A;N/A;N/A;N/A;N/A;N/A;N/A;Sí;N/A;N/A;N/A;N/A;N/A;N/A;N/A;N/A;N/A;N/A;N/A;N/A;N/A;N/A;N/A;N/A;N/A;N/A;N/A;N/A;N/A;N/A;N/A;N/A;N/A
Hyundai;HB20;"1.0 Premium Mt";2022;"29600 km";;CARLOSOTERMIN;16500;;;;;Capurro;https://auto.mercadolibre.com.uy/MLU-702335332-hyundai-hb20-10-premium-mt-_JM;N/A;;"Hyundai Hb20 1.0 Premium Mt";usd;Sí;free;false;N/A;N/A;http://perfil.mercadolibre.com.uy/CARLOSOTERMIN;active;N/A;N/A;Usado;Rojo;Sí;Hidráulica;Delantera;Sí;Sí;Sí;N/A;N/A;Sí;N/A;N/A;No;N/A;N/A;Sí;Sí;N/A;Sí;N/A;N/A;N/A;N/A;N/A;N/A;N/A;N/A;N/A;N/A;"2500 mm";"1 L";"50 L";6;N/A;N/A;N/A;N/A;N/A;No;N/A;N/A;N/A;N/A;N/A;N/A;N/A;N/A;N/A;N/A;N/A;N/A;N/A;N/A;N/A;N/A;N/A;N/A;N/A;N/A;N/A;N/A;N/A;No;N/A;N/A;N/A;Sí;Sí;N/A;N/A;N/A;N/A;N/A;N/A;N/A;N/A;N/A;N/A;"1470 mm";"3920 mm";N/A;N/A;N/A;N/A;5;"80 hp";N/A;N/A;4;"1680 mm";N/A;N/A;N/A;No;Sí;N/A;Sí;Sí;Sí;No;N/A;"13.8 km/l";Sí;Sí;N/A;N/A;Sí;"8 a 22";5;1.0;Nafta;Manual;Hatchback;"Autos y camionetas";Sí;N/A;N/A;N/A;Sí;N/A;UY;N/A;No;N/A;No;N/A;N/A;N/A;N/A;N/A;N/A;N/A;N/A;N/A;N/A;N/A;N/A;N/A;Sí;N/A;N/A;N/A;N/A;N/A;N/A;N/A;N/A;N/A;N/A;N/A;N/A;N/A;N/A;N/A;N/A;N/A;N/A;Sí;N/A;N/A;N/A;N/A;N/A;N/A;N/A;N/A;N/A;N/A;N/A;N/A;N/A;N/A;N/A;N/A;N/A;N/A;Sí;N/A;N/A;N/A;N/A;N/A;N/A;N/A;N/A;N/A;N/A;N/A;N/A;N/A;N/A;N/A;N/A;N/A;N/A;N/A;N/A;N/A;N/A;N/A;N/A;N/A;N/A;N/A;N/A;N/A;N/A;N/A;N/A;No;Sí;Sí;Sí;N/A;Sí;N/A;N/A;N/A;N/A;Sí;No;No;Sí;N/A;N/A;Sí;Sí;Sí;Sí;Sí;Sí;No;No;Sí;N/A;Sí
Hyundai;H100;"2.5 Van";2000;"1111111 km";;"KIA CARRASCO";8990;;;;;"Barra de Carrasco";https://auto.mercadolibre.com.uy/MLU-704580094-hyundai-h100-25-van-_JM;N/A;;"Hyundai H100 2.5 Van";usd;No;gold;false;N/A;N/A;http://perfil.mercadolibre.com.uy/KIA+CARRASCO;active;N/A;N/A;Usado;Blanco;N/A;Hidráulica;4x2;Sí;N/A;N/A;N/A;N/A;N/A;N/A;N/A;N/A;N/A;N/A;N/A;N/A;N/A;N/A;N/A;N/A;N/A;N/A;N/A;N/A;N/A;N/A;N/A;N/A;"3200 mm";"2.5 L";"75 L";N/A;N/A;N/A;N/A;N/A;N/A;N/A;N/A;N/A;N/A;N/A;N/A;N/A;N/A;N/A;N/A;N/A;N/A;N/A;N/A;N/A;N/A;N/A;N/A;N/A;N/A;N/A;N/A;N/A;N/A;N/A;N/A;N/A;N/A;N/A;N/A;N/A;N/A;N/A;N/A;N/A;N/A;N/A;N/A;N/A;N/A;"1925 mm";"5125 mm";N/A;N/A;N/A;N/A;2;"73 hp";N/A;N/A;4;"1920 mm";N/A;N/A;N/A;N/A;N/A;N/A;N/A;N/A;N/A;N/A;N/A;N/A;N/A;N/A;N/A;N/A;N/A;"Lunes a Viernes de 9 a 18:30 Sabado de 10 a 13";3;2.5;Diésel;Manual;SUV;"Autos y camionetas";N/A;N/A;N/A;N/A;N/A;N/A;UY;N/A;N/A;N/A;N/A;N/A;N/A;N/A;N/A;N/A;N/A;N/A;N/A;N/A;N/A;N/A;N/A;N/A;N/A;N/A;N/A;N/A;N/A;N/A;N/A;N/A;N/A;N/A;N/A;N/A;N/A;N/A;N/A;N/A;N/A;N/A;N/A;N/A;N/A;N/A;N/A;N/A;N/A;N/A;N/A;N/A;N/A;N/A;N/A;N/A;N/A;N/A;N/A;N/A;N/A;N/A;N/A;N/A;N/A;N/A;N/A;N/A;N/A;N/A;N/A;N/A;N/A;N/A;N/A;N/A;N/A;N/A;N/A;N/A;N/A;N/A;N/A;N/A;N/A;N/A;N/A;N/A;N/A;N/A;N/A;N/A;N/A;N/A;N/A;N/A;Sí;N/A;N/A;N/A;N/A;N/A;N/A;N/A;N/A;N/A;N/A;N/A;N/A;N/A;N/A;N/A;N/A;N/A;N/A;N/A;N/A;N/A;N/A;N/A;N/A;N/A
