Marca;Modelo;Versión;Año;Km;"Ficha Of.";Dueños;"Precio Vta";Min;Max;"Val Mercado";Márgen;Ubicación;Link;Cel;Part/Autom;Titulo;Moneda;Financiable;Type;"Acepta MercadoPago";"Fecha de Registro";Puntos;Perfil;Status;"Gestión administrativa";"Doble tracción";"Condición del ítem";Color;"Único dueño";Dirección;"Control de tracción";"Aire acondicionado";"Cierre centralizado de puertas";"Control eléctrico para los retrovisores";"Asientos eléctricos";GPS;"Faros con regulación automática";"Apoya cabeza en asientos traseros";"Asiento conductor regulable en altura";"Tapizado de cuero";"Sensor de luz";"Paragolpes pintados";"Sensor de estacionamiento";"Cristales eléctricos";"Respaldo trasero";"Apertura remota de baúl";"Aceleración alcohol";"Aceleración diesel";"Aceleración nafta";"Autonomía con alcohol";"Autonomía con diesel";"Autonomía con nafta";"Consumo promedio alcohol";"Consumo promedio diesel";"Consumo promedio nafta";Cilindros;"Distancia entre ejes";Cilindrada;"Capacidad del tanque";"Numero de velocidades";"Color de engomado";"Tablero con detalles en aluminio";"Android auto";"Apple CarPlay";"Tracción ASR";"Cierre automático de vidrios";"Asiento trasero con apoyabrazo central";"Tablero con detalles cromados";"Manijas externas de puertas cromadas";"Posavasos en apoyabrazos central trasero";"Asiento trasero con respaldo bipartido";"Asiento delantero conductor con regulación eléctrica de la inclinación del respaldo";"Asiento delantero pasajero con regulación eléctrica de la inclinación del respaldo";"Asiento delantero pasajero con regulación eléctrica de altura";"Asiento delantero conductor con regulación eléctrica longitudinal";"Asiento delantero pasajero con regulación eléctrica longitudinal";"Asiento delantero conductor con regulación eléctrica de inclinación";"Asiento delantero pasajero con regulación eléctrica de inclinación";"Asiento delantero integral bipartido";"Asiento delantero integral";"Sensor delantero de distancia para estacionamiento";"Asientos delanteros calefaccionados";"Asiento acompañante regulable en altura";"Regulación de altura del volante";"Asientos delanteros individuales";"Sistema ISOFIX";"Asiento trasero con regulación longitudinal";"Regulación longitudinal del volante";"Tiene licencia";"Porta equipaje en techo";Pintado;"Paragolpe delantero del color del vehículo";"Paragolpe trasero del color del vehículo";"Levantavidrios eléctricos delanteros";"Levantavidrios eléctricos traseros";"Sensor trasero de distancia para estacionamiento";"Apertura remota de puertas";"Airbag laterales delanteros";"Airbag laterales traseros";"Tablero con detalles en color especial";"Paragolpe trasero pintados de color especial";"Paragolpe delantero pintados de color especial";"Volante revestido en cuero";Taximetro;"Tablero con detalles en madera";Altura;Largo;Baúl;"Velocidad máxima con alcohol";"Velocidad máxima con diesel";"Velocidad máxima con nafta";"Capacidad de personas";Potencia;Versiones;"Detalle transmisión";"Válvulas por cilindro";Ancho;"Consumo medio en ciudad";"Piloto automático";"Aviso de punto ciego";Climatizador;"Porta vasos";"Control de velocidad crucero";"Alarma de luces encendidas";"Computadora de abordo";"Asiento trasero rebatible";"Techo solar eléctrico retráctil";"Faros de xenón";"Consumo medio en ruta";"Defensa delantera";"Soporte para rueda de auxilio";"Capota marítima";"Cobertor de caja";"Limpia/lava luneta";"Horario de contacto";Puertas;Motor;"Tipo de combustible";Transmisión;"Tipo de carrocería";"Tipo de vehículo";"Entrega a domicilio";"Tapizado de tela";"Tapizado de semicuero";"Inspección vehicular";"Test drive a domicilio";"Vehículo asegurado";Mercado;"Documentación en casa";"Acepta permuta";"Sanitiza el vehículo";"Tours virtuales";"Sensor de cambio de carril activo";"Aire acondicionado con control automático de la temperatura";"Aire acondicionado con controles individuales";"Rueda de auxilio de aleación";"Apoyabrazos entre los asientos delanteros";"Amplificador de audio";"Aire acondicionado automático con controles individuales";"Aire acondicionado automático con controles individuales del/tras (3 zonas)";"Aire acondicionado automático con controles individuales del/tras (4 zonas)";"Aire acondicionado automático con controles individuales delanteros/traseros";"Sistema de estacionamiento automático";"Destrabamiento automático de puertas en caso de accidente";"Accionamiento de luces auxiliares en caso de frenado brusco";"Cámara de retroceso";"Tapa de caja";"Viva-voz con sistema bluetooth";Blu-ray;"Llantas de aleación cromadas";"Manija de puertas cromadas";"Paragolpes delantero cromado";"Paragolpes trasero cromado";"Sistema de control de frenado en curva (CBC)";"Protector de cárter";"LCD en panel de instrumentos";"Con faros diurnos LED";"Apoyabrazos conductor";"Asiento del conductor con regulación eléctrica de altura";"Con modo Eco";"Espejo retrovisor interno electro crómico";"Motor con tecnología de reducción de emisiones (Efficiency)";"Espejos externos con inclinación automática en marcha atrás";"Espejos retrovisores externos rebatibles eléctricamente";"Con garantía de fábrica";"Apoyabrazos delanteros individuales";"LCD en respaldo asiento delantero";"Protector de tanque de combustible";"Cambio de marchas en el volante";"Teléfono celular manos libres";"Faros con encendido en caso de lluvia";"Faros con accionamiento automático-encendido";"Limpiador de faros";"Lavador de faros";"Sensor de cambio de carril";"LCD entre asientos delanteros";"LCD para asientos traseros";"Con faros de neblina LED";"Con faros delanteros LED";"Con faros traseros LED";"Llantas de lujo";"Vidrios manuales";"Con garantía mecánica";"Precio negociable";Estribos;"Llantas nuevas";"Luces exploradoras";"IPVA pago";"Manija de puertas en color del vehículo";"LCD en panel";"Techo de vidrio panorámico";"Techo solar panorámico";"Sensor de estacionamiento por cámara delantera";"Sensor de estacionamiento por cámara trasera";"Sistema de estacionamiento con gráficos";"Asiento del pasajero con regulación eléctrica de altura";"Cinturones de seguridad delanteros retráctiles";"Cinturones de seguridad delanteros retráctiles con regulación eléctrica de altura";"Cinturones de seguridad delanteros retráctiles con regulación de altura";"Cinturones de seguridad traseros retráctiles";"Cinturones de seguridad traseros retráctiles con regulación eléctrica de altura";"Cinturones de seguridad traseros retráctiles con regulación de altura";"LCD en techo";"Films de seguridad";"Techo solar sky window";"Llantas de aleación en color especial";"Manija de puertas en color especial";Alerón;"Rueda de auxilio de acero";"Llantas de acero";"Revisión tecnomecánica";"Rueda de auxilio temporal";"Tercera fila";"LCD con sistema touch screen";"Sistema de GPS con indicación por voz";"Sistema de comando de voz";Blindado;"Frenos ABS";Alarma;"Llantas de aleación";"Airbag de cortina";"Airbag conductor";"Repartidor electrónico de fuerza de frenado";"Sistema de bloqueo de encendido";"Faros antiniebla";"Faros antinieblas delanteros";"Airbag para conductor y pasajero";"Sensor de lluvia";"Faros antinieblas traseros";"Desempañador trasero";"Barra anti vuelco";"Airbag laterales";"Control de estabilidad";"Comando remoto para radio en el volante";"Tercera luz de freno led";AM/FM;"Entrada auxiliar";Bluetooth;CD;DVD;"Reproductor de MP3";"Tarjeta SD";"Entrada USB"
Renault;Duster;"Renault Duster Dynamique 1.6";2020;"92000 km";;SHOPPINGCAR26;14990;;;;;Pocitos;https://auto.mercadolibre.com.uy/MLU-706220878-renault-duster-renault-duster-dynamique-16-16-2020-_JM;N/A;;"Renault Duster Renault Duster Dynamique 1.6 1.6 2020";usd;Sí;gold_premium;false;N/A;N/A;http://perfil.mercadolibre.com.uy/SHOPPINGCAR26;active;N/A;N/A;Usado;Plateado;N/A;Asistida;N/A;Sí;Sí;N/A;N/A;N/A;N/A;Sí;Sí;N/A;N/A;Sí;N/A;Sí;N/A;Sí;N/A;N/A;N/A;N/A;N/A;N/A;N/A;N/A;N/A;N/A;N/A;"1600 cc";N/A;5;N/A;N/A;N/A;N/A;N/A;Sí;N/A;N/A;N/A;N/A;N/A;N/A;N/A;N/A;N/A;N/A;N/A;N/A;N/A;N/A;N/A;N/A;N/A;Sí;N/A;Sí;N/A;Sí;N/A;N/A;N/A;N/A;N/A;N/A;N/A;N/A;Sí;N/A;N/A;N/A;N/A;N/A;Sí;N/A;N/A;N/A;N/A;N/A;N/A;N/A;N/A;N/A;"120 hp";Dynamique;N/A;N/A;N/A;"14 km/l";N/A;N/A;N/A;Sí;N/A;Sí;Sí;Sí;N/A;N/A;"11 km/l";N/A;N/A;N/A;N/A;Sí;"Lun. a Vie. 9 a 19 hs. Sáb. de 9 a 13 hs.";5;1.6;Nafta;Manual;SUV;"Autos y camionetas";No;N/A;N/A;N/A;No;N/A;UY;No;Sí;No;No;N/A;N/A;N/A;N/A;N/A;N/A;N/A;N/A;N/A;N/A;N/A;N/A;N/A;Sí;N/A;N/A;N/A;N/A;N/A;N/A;N/A;N/A;N/A;N/A;Sí;N/A;N/A;N/A;N/A;N/A;N/A;N/A;N/A;N/A;N/A;N/A;N/A;N/A;N/A;N/A;N/A;N/A;N/A;N/A;N/A;N/A;N/A;Sí;N/A;N/A;N/A;No;N/A;N/A;N/A;N/A;N/A;N/A;N/A;N/A;N/A;N/A;N/A;N/A;N/A;N/A;N/A;N/A;N/A;N/A;N/A;N/A;N/A;N/A;N/A;N/A;N/A;N/A;N/A;N/A;N/A;Sí;N/A;N/A;N/A;Sí;Sí;Sí;N/A;Sí;Sí;Sí;N/A;Sí;Sí;N/A;Sí;N/A;N/A;N/A;Sí;N/A;N/A;Sí;Sí;Sí;Sí;Sí;Sí;N/A;Sí
Renault;Kwid;"1.0 Sce 66cv Life";2019;"42295 km";;"CHEVROLET MONTEVIDEO";11500;;;;;Carrasco;https://auto.mercadolibre.com.uy/MLU-706233640-renault-kwid-life-10-mt-full-2019-_JM;N/A;;"Renault Kwid Life 1.0 Mt Full 2019";$(uy);Sí;gold_premium;false;N/A;N/A;http://perfil.mercadolibre.com.uy/CHEVROLET+MONTEVIDEO;active;N/A;N/A;Usado;"GRIS PLATA";No;Asistida;Delantera;Sí;Sí;No;No;No;No;Sí;No;No;No;Sí;No;Sí;N/A;No;N/A;N/A;N/A;N/A;N/A;N/A;N/A;N/A;N/A;N/A;"2423 mm";"1000 cc";"50 L";5;N/A;N/A;No;No;N/A;No;No;N/A;N/A;N/A;N/A;N/A;N/A;N/A;N/A;N/A;N/A;N/A;N/A;N/A;N/A;No;No;No;N/A;No;N/A;No;N/A;No;N/A;N/A;N/A;N/A;N/A;N/A;Sí;N/A;N/A;N/A;N/A;N/A;No;N/A;N/A;"1474 mm";"3680 mm";N/A;N/A;N/A;N/A;5;N/A;Life;N/A;4;"1752 mm";N/A;No;No;No;Sí;No;Sí;Sí;Sí;No;No;N/A;No;No;N/A;N/A;Sí;"Lunes a Viernes de 10 a 18:45 horas.";5;1.0;Nafta;Manual;Hatchback;"Autos y camionetas";No;N/A;N/A;N/A;No;N/A;UY;N/A;Sí;N/A;No;N/A;N/A;N/A;N/A;N/A;N/A;N/A;N/A;N/A;N/A;N/A;N/A;N/A;No;N/A;N/A;N/A;N/A;N/A;N/A;N/A;N/A;N/A;N/A;N/A;N/A;N/A;N/A;N/A;N/A;N/A;N/A;No;N/A;N/A;N/A;N/A;N/A;N/A;N/A;N/A;N/A;N/A;N/A;N/A;N/A;N/A;N/A;N/A;N/A;Sí;Sí;N/A;N/A;N/A;N/A;N/A;N/A;N/A;No;No;No;N/A;N/A;N/A;N/A;N/A;N/A;N/A;N/A;N/A;N/A;N/A;N/A;N/A;N/A;N/A;N/A;N/A;N/A;N/A;N/A;N/A;N/A;No;Sí;Sí;No;No;No;No;Sí;N/A;Sí;Sí;No;No;No;N/A;No;No;No;Sí;Sí;Sí;Sí;No;No;No;No;Sí
Renault;Kwid;"Intense 1.0 Extra Full con Ficha Oficial";2019;"64267 km";;MOTORLIDER.;11490;;;;;"Barra de Carrasco";https://auto.mercadolibre.com.uy/MLU-706162604-renault-kwid-intense-10-con-ficha-permuta-financia-_JM;N/A;;"Renault Kwid Intense 1.0 Con Ficha| Permuta / Financia";usd;Sí;gold_premium;false;N/A;N/A;http://perfil.mercadolibre.com.uy/MOTORLIDER.;active;N/A;N/A;Usado;Blanco;Sí;Eléctrica;Delantera;Sí;N/A;Sí;N/A;N/A;N/A;Sí;N/A;N/A;N/A;N/A;N/A;Sí;N/A;Sí;N/A;N/A;N/A;N/A;N/A;N/A;N/A;N/A;N/A;N/A;N/A;"998 cc";N/A;5;N/A;N/A;Sí;Sí;N/A;Sí;N/A;N/A;N/A;N/A;N/A;N/A;N/A;N/A;N/A;N/A;N/A;N/A;N/A;N/A;N/A;N/A;N/A;N/A;N/A;Sí;N/A;N/A;N/A;N/A;N/A;N/A;N/A;N/A;N/A;N/A;Sí;N/A;N/A;N/A;N/A;N/A;N/A;N/A;N/A;N/A;N/A;N/A;N/A;N/A;N/A;N/A;"68 hp";Intense;N/A;N/A;N/A;"18 km/l";N/A;N/A;N/A;Sí;N/A;Sí;N/A;N/A;N/A;N/A;"20 km/l";N/A;N/A;N/A;N/A;Sí;"Lun. a Vie. de 9 a 18:30 hs. Sáb. de 9 a 13 hs.";5;1.0;Nafta;Manual;Hatchback;"Autos y camionetas";No;N/A;N/A;N/A;No;N/A;UY;No;Sí;No;No;N/A;N/A;N/A;N/A;N/A;N/A;N/A;N/A;N/A;N/A;N/A;N/A;N/A;N/A;N/A;N/A;N/A;N/A;N/A;N/A;N/A;N/A;N/A;N/A;N/A;N/A;N/A;N/A;N/A;N/A;N/A;N/A;N/A;N/A;N/A;N/A;N/A;N/A;N/A;N/A;N/A;N/A;N/A;N/A;N/A;N/A;N/A;N/A;N/A;N/A;N/A;No;N/A;N/A;N/A;N/A;N/A;N/A;N/A;N/A;N/A;N/A;N/A;N/A;N/A;N/A;N/A;N/A;N/A;N/A;N/A;N/A;N/A;N/A;N/A;N/A;N/A;N/A;N/A;N/A;N/A;Sí;N/A;N/A;N/A;Sí;N/A;N/A;N/A;Sí;N/A;Sí;N/A;N/A;Sí;N/A;N/A;N/A;N/A;Sí;Sí;N/A;N/A;Sí;Sí;Sí;N/A;N/A;Sí;Sí;Sí
Renault;Oroch;"DYNAMIQUE 16V DOBLE CABINA FULL";2016;"106847 km";;SHOPPINGDEAUTOS02;14500;;;;;Carrasco;https://auto.mercadolibre.com.uy/MLU-705907344-renault-oroch-dynamique-20-16v-_JM;N/A;;"Renault Oroch Dynamique 2.0 16v";$(uy);Sí;gold_premium;false;N/A;N/A;http://perfil.mercadolibre.com.uy/SHOPPINGDEAUTOS02;active;N/A;N/A;Usado;Blanco;No;Asistida;4x2;Sí;Sí;No;No;No;No;Sí;No;No;No;Sí;No;Sí;N/A;No;N/A;N/A;N/A;N/A;N/A;N/A;N/A;N/A;N/A;N/A;N/A;"2000 cc";N/A;N/A;N/A;N/A;No;No;N/A;No;No;N/A;N/A;N/A;N/A;N/A;N/A;N/A;N/A;N/A;N/A;N/A;N/A;N/A;N/A;No;No;Sí;N/A;Sí;N/A;No;N/A;No;N/A;N/A;N/A;N/A;N/A;N/A;Sí;N/A;N/A;N/A;N/A;N/A;No;N/A;N/A;N/A;N/A;N/A;N/A;N/A;N/A;N/A;N/A;"OROCH DYNAMIQUE";N/A;N/A;N/A;N/A;No;No;Sí;Sí;No;Sí;Sí;No;No;No;N/A;No;No;N/A;N/A;No;"Lunes a Lunes de 10 a 20 horas.";4;2.0;Nafta;Manual;Pick-Up;"Autos y camionetas";No;N/A;N/A;N/A;No;N/A;UY;N/A;Sí;N/A;No;N/A;N/A;N/A;N/A;N/A;N/A;N/A;N/A;N/A;N/A;N/A;N/A;N/A;No;N/A;N/A;N/A;N/A;N/A;N/A;N/A;N/A;N/A;N/A;N/A;N/A;N/A;N/A;N/A;N/A;N/A;N/A;No;N/A;N/A;N/A;N/A;N/A;N/A;N/A;N/A;N/A;N/A;N/A;N/A;N/A;N/A;N/A;N/A;N/A;Sí;Sí;N/A;N/A;N/A;N/A;N/A;N/A;N/A;No;No;No;N/A;N/A;N/A;N/A;N/A;N/A;N/A;N/A;N/A;N/A;N/A;N/A;N/A;N/A;N/A;N/A;N/A;N/A;N/A;N/A;N/A;N/A;No;Sí;Sí;Sí;No;No;No;Sí;N/A;Sí;Sí;No;Sí;No;N/A;No;Sí;Sí;Sí;Sí;Sí;Sí;No;No;No;No;Sí
Renault;Kwid;"1.0 Sce 66cv Life";2019;"45120 km";;"CHEVROLET MONTEVIDEO";11500;;;;;Carrasco;https://auto.mercadolibre.com.uy/MLU-705984442-renault-kwid-life-10-mt-full-2019-_JM;N/A;;"Renault Kwid Life 1.0 Mt Full  2019";$(uy);Sí;gold_premium;false;N/A;N/A;http://perfil.mercadolibre.com.uy/CHEVROLET+MONTEVIDEO;active;N/A;N/A;Usado;Negro;No;Asistida;Delantera;Sí;Sí;No;No;No;No;Sí;No;No;No;Sí;No;Sí;N/A;No;N/A;N/A;N/A;N/A;N/A;N/A;N/A;N/A;N/A;N/A;"2423 mm";"1000 cc";"50 L";5;N/A;N/A;No;No;N/A;No;No;N/A;N/A;N/A;N/A;N/A;N/A;N/A;N/A;N/A;N/A;N/A;N/A;N/A;N/A;No;No;No;N/A;Sí;N/A;No;N/A;No;N/A;N/A;N/A;N/A;N/A;N/A;Sí;N/A;N/A;N/A;N/A;N/A;No;N/A;N/A;"1474 mm";"3680 mm";N/A;N/A;N/A;N/A;5;N/A;Life;N/A;4;"1752 mm";N/A;No;No;No;Sí;No;Sí;Sí;Sí;No;No;N/A;No;No;N/A;N/A;Sí;"Lunes a Viernes de 10 a 18:45 horas.";5;1.0;Nafta;Manual;Hatchback;"Autos y camionetas";No;N/A;N/A;N/A;No;N/A;UY;N/A;Sí;N/A;No;N/A;N/A;N/A;N/A;N/A;N/A;N/A;N/A;N/A;N/A;N/A;N/A;N/A;No;N/A;N/A;N/A;N/A;N/A;N/A;N/A;N/A;N/A;N/A;N/A;N/A;N/A;N/A;N/A;N/A;N/A;N/A;No;N/A;N/A;N/A;N/A;N/A;N/A;N/A;N/A;N/A;N/A;N/A;N/A;N/A;N/A;N/A;N/A;N/A;Sí;Sí;N/A;N/A;N/A;N/A;N/A;N/A;N/A;No;No;No;N/A;N/A;N/A;N/A;N/A;N/A;N/A;N/A;N/A;N/A;N/A;N/A;N/A;N/A;N/A;N/A;N/A;N/A;N/A;N/A;N/A;N/A;No;Sí;Sí;No;No;No;Sí;Sí;N/A;No;Sí;No;No;No;N/A;No;No;No;Sí;Sí;Sí;Sí;No;No;No;No;Sí
Renault;Clio;Expression;2015;"140000 km";;"MOTORLAND BARRACARRASCO";12990;;;;;Shangrilá;https://auto.mercadolibre.com.uy/MLU-705866528-renault-clio-iv-expression-12-2015-impecable-motorland-_JM;N/A;;"Renault Clio Iv Expression 1.2 2015 Impecable! - Motorland";usd;Sí;gold_premium;false;N/A;N/A;http://perfil.mercadolibre.com.uy/MOTORLAND+BARRACARRASCO;active;N/A;N/A;Usado;Violeta;N/A;Eléctrica;N/A;Sí;Sí;Sí;N/A;N/A;N/A;Sí;Sí;N/A;N/A;N/A;Sí;N/A;N/A;N/A;N/A;N/A;N/A;N/A;N/A;N/A;N/A;N/A;N/A;N/A;N/A;"1200 cc";N/A;5;N/A;N/A;N/A;N/A;N/A;N/A;N/A;N/A;N/A;N/A;N/A;N/A;N/A;N/A;N/A;N/A;N/A;N/A;N/A;N/A;N/A;N/A;N/A;N/A;N/A;Sí;N/A;N/A;N/A;N/A;N/A;N/A;N/A;N/A;N/A;N/A;N/A;N/A;N/A;N/A;N/A;N/A;N/A;N/A;N/A;N/A;N/A;N/A;N/A;N/A;N/A;N/A;"75 hp";Expression;N/A;N/A;N/A;"13 km/l";N/A;N/A;N/A;N/A;N/A;Sí;Sí;Sí;N/A;N/A;"16 km/l";N/A;N/A;N/A;N/A;N/A;"Lunes a viernes de 09:30 a 18:30 y sábados de 09 a 13 hs.";5;1.2;Nafta;Manual;Hatchback;"Autos y camionetas";No;N/A;N/A;N/A;No;N/A;UY;No;Sí;No;No;N/A;N/A;N/A;N/A;N/A;N/A;N/A;N/A;N/A;N/A;N/A;N/A;N/A;N/A;N/A;N/A;N/A;N/A;N/A;N/A;N/A;N/A;N/A;N/A;N/A;N/A;N/A;N/A;N/A;N/A;N/A;N/A;N/A;N/A;N/A;N/A;N/A;N/A;N/A;N/A;N/A;N/A;N/A;N/A;N/A;N/A;N/A;N/A;N/A;N/A;N/A;No;N/A;N/A;N/A;N/A;N/A;N/A;N/A;N/A;N/A;N/A;N/A;N/A;N/A;N/A;N/A;N/A;N/A;N/A;N/A;N/A;N/A;N/A;N/A;N/A;N/A;N/A;N/A;N/A;N/A;N/A;N/A;N/A;N/A;Sí;N/A;Sí;N/A;Sí;Sí;N/A;N/A;Sí;Sí;N/A;Sí;N/A;N/A;N/A;Sí;N/A;N/A;Sí;Sí;Sí;N/A;N/A;Sí;Sí;Sí
Renault;"Sandero Stepway";"1.6 Privilege 105cv";2015;"184517 km";;SHOPPINGDEAUTOS02;10500;;;;;Carrasco;https://auto.mercadolibre.com.uy/MLU-705287718-renault-sandero-stepway-auto-usado-kreatory-2015-_JM;N/A;;"Renault Sandero Stepway Auto Usado Kreatory 2015";$(uy);Sí;gold_premium;false;N/A;N/A;http://perfil.mercadolibre.com.uy/SHOPPINGDEAUTOS02;active;N/A;N/A;Usado;Gris;No;Hidráulica;Delantera;Sí;Sí;Sí;No;No;No;Sí;Sí;No;No;Sí;No;Sí;N/A;No;N/A;N/A;N/A;N/A;N/A;N/A;N/A;N/A;N/A;N/A;"2590 mm";"1600 cc";"50 L";5;N/A;N/A;No;No;N/A;No;No;N/A;N/A;N/A;N/A;N/A;N/A;N/A;N/A;N/A;N/A;N/A;N/A;N/A;N/A;No;No;Sí;N/A;Sí;N/A;No;N/A;Sí;N/A;N/A;N/A;N/A;N/A;N/A;Sí;N/A;N/A;N/A;N/A;N/A;Sí;N/A;N/A;"1559 mm";"4066 mm";N/A;N/A;N/A;N/A;5;N/A;Privilege;N/A;4;"1761 mm";"9.3 km/l";No;No;No;Sí;No;Sí;No;Sí;No;No;"5.9 km/l";No;No;N/A;N/A;Sí;"Lunes a Lunes de 10 a 20 horas.";5;1.6;Nafta;Manual;SUV;"Autos y camionetas";No;N/A;N/A;N/A;No;N/A;UY;N/A;Sí;N/A;No;N/A;N/A;N/A;N/A;N/A;N/A;N/A;N/A;N/A;N/A;N/A;N/A;N/A;No;N/A;N/A;N/A;N/A;N/A;N/A;N/A;N/A;N/A;N/A;N/A;N/A;N/A;N/A;N/A;N/A;N/A;N/A;No;N/A;N/A;N/A;N/A;N/A;N/A;N/A;N/A;N/A;N/A;N/A;N/A;N/A;N/A;N/A;N/A;N/A;Sí;No;N/A;N/A;N/A;N/A;N/A;N/A;N/A;No;No;No;N/A;N/A;N/A;N/A;N/A;N/A;N/A;N/A;N/A;N/A;N/A;N/A;N/A;N/A;N/A;N/A;N/A;N/A;N/A;N/A;N/A;N/A;No;Sí;No;Sí;No;Sí;No;No;N/A;Sí;Sí;No;No;No;N/A;No;No;No;No;Sí;No;No;No;No;No;No;No
Renault;Logan;"1.6 Expression 85cv";2017;"78521 km";;CARRASCOFIANCAR;10900;;;;;Centro;https://auto.mercadolibre.com.uy/MLU-705287474-renault-logan-expression-16-full-2017-_JM;N/A;;"Renault Logan Expression 1.6 Full 2017";$(uy);Sí;gold_premium;false;N/A;N/A;http://perfil.mercadolibre.com.uy/CARRASCOFIANCAR;active;N/A;N/A;Usado;"GRIS PLATA";No;Asistida;Delantera;Sí;Sí;No;No;No;No;Sí;Sí;No;No;Sí;No;Sí;N/A;No;N/A;N/A;N/A;N/A;N/A;N/A;N/A;N/A;N/A;N/A;"2635 mm";"1600 cc";"50 L";5;N/A;N/A;No;No;N/A;No;No;N/A;N/A;N/A;N/A;N/A;N/A;N/A;N/A;N/A;N/A;N/A;N/A;N/A;N/A;No;No;No;N/A;Sí;N/A;Sí;N/A;No;N/A;N/A;N/A;Sí;N/A;N/A;Sí;N/A;N/A;N/A;N/A;N/A;No;N/A;N/A;"1529 mm";"4350 mm";N/A;N/A;N/A;N/A;5;N/A;Expression;N/A;2;"1733 mm";"12.5 km/l";No;No;Sí;Sí;No;Sí;Sí;Sí;No;No;N/A;No;No;N/A;N/A;No;"Lunes a Viernes de 10 a 18.45 horas.";4;1.6;Nafta;Manual;Sedán;"Autos y camionetas";No;N/A;N/A;N/A;No;N/A;UY;N/A;Sí;N/A;No;N/A;N/A;N/A;N/A;N/A;N/A;N/A;N/A;N/A;N/A;N/A;N/A;N/A;No;N/A;N/A;N/A;N/A;N/A;N/A;N/A;N/A;N/A;N/A;N/A;N/A;N/A;N/A;N/A;N/A;N/A;N/A;No;N/A;N/A;N/A;N/A;N/A;N/A;N/A;N/A;N/A;N/A;N/A;N/A;N/A;N/A;N/A;N/A;N/A;Sí;Sí;N/A;N/A;N/A;N/A;N/A;N/A;N/A;No;No;No;N/A;N/A;N/A;N/A;N/A;N/A;N/A;N/A;N/A;N/A;N/A;N/A;N/A;N/A;N/A;N/A;N/A;N/A;N/A;N/A;N/A;N/A;No;Sí;Sí;No;No;No;Sí;Sí;N/A;Sí;Sí;No;Sí;No;N/A;No;No;No;Sí;Sí;Sí;Sí;No;No;No;No;Sí
Renault;"Sandero Stepway";Privilege;2014;"97000 km";;VIPERCARAUTOMOVILES_5;10490;;;;;"Brazo Oriental";https://auto.mercadolibre.com.uy/MLU-705202934-renault-sandero-stepway-privilege-16-2014-muy-buen-estado-_JM;N/A;;"Renault Sandero Stepway Privilege 1.6 2014 Muy Buen Estado!";usd;Sí;gold_premium;false;N/A;N/A;http://perfil.mercadolibre.com.uy/VIPERCARAUTOMOVILES_5;active;N/A;N/A;Usado;Plateado;N/A;Hidráulica;N/A;Sí;Sí;Sí;N/A;N/A;N/A;Sí;Sí;N/A;N/A;Sí;N/A;Sí;N/A;N/A;N/A;N/A;N/A;N/A;N/A;N/A;N/A;N/A;N/A;N/A;N/A;"1600 cc";N/A;5;N/A;N/A;N/A;N/A;N/A;N/A;N/A;N/A;N/A;N/A;N/A;N/A;N/A;N/A;N/A;N/A;N/A;N/A;N/A;N/A;N/A;N/A;N/A;Sí;N/A;Sí;N/A;N/A;N/A;Sí;N/A;N/A;N/A;N/A;N/A;N/A;Sí;N/A;N/A;N/A;N/A;N/A;Sí;N/A;N/A;N/A;N/A;N/A;N/A;N/A;N/A;N/A;"112 hp";Privilege;N/A;N/A;N/A;"12 km/l";N/A;N/A;N/A;Sí;N/A;N/A;N/A;Sí;N/A;N/A;"15 km/l";N/A;N/A;N/A;N/A;Sí;"Lun a Vie de 9 a 12:30 y de 13:30 a 19. Sáb de 9 a 13 hs.";5;1.6;Nafta;Manual;SUV;"Autos y camionetas";No;N/A;N/A;N/A;No;N/A;UY;No;Sí;No;No;N/A;N/A;N/A;N/A;N/A;N/A;N/A;N/A;N/A;N/A;N/A;N/A;N/A;N/A;N/A;N/A;N/A;N/A;N/A;N/A;N/A;N/A;N/A;N/A;N/A;N/A;N/A;N/A;N/A;N/A;N/A;N/A;N/A;N/A;N/A;N/A;N/A;N/A;N/A;N/A;N/A;N/A;N/A;N/A;N/A;N/A;N/A;N/A;N/A;N/A;N/A;No;N/A;N/A;N/A;N/A;N/A;N/A;N/A;N/A;N/A;N/A;N/A;N/A;N/A;N/A;N/A;N/A;N/A;N/A;N/A;N/A;N/A;N/A;N/A;N/A;N/A;N/A;N/A;N/A;N/A;Sí;N/A;N/A;N/A;Sí;N/A;Sí;N/A;Sí;N/A;N/A;N/A;Sí;Sí;N/A;N/A;N/A;N/A;N/A;N/A;N/A;N/A;Sí;N/A;N/A;N/A;N/A;N/A;N/A;N/A
Renault;Kwid;"1.0 Sce 66cv Life";2018;"85056 km";;"KM0 MOTORS";10800;;;;;"Aeropuerto Internacional De Carrasco";https://auto.mercadolibre.com.uy/MLU-705174386-renault-kwid-_JM;N/A;;"Renault Kwid";usd;Sí;gold_premium;false;N/A;N/A;http://perfil.mercadolibre.com.uy/KM0+MOTORS;active;N/A;N/A;Usado;Gris;N/A;Hidráulica;Delantera;N/A;N/A;Sí;N/A;N/A;N/A;N/A;N/A;N/A;N/A;N/A;N/A;N/A;N/A;N/A;N/A;N/A;N/A;N/A;N/A;N/A;N/A;N/A;N/A;N/A;"2423 mm";"1 L";"50 L";5;N/A;N/A;N/A;N/A;N/A;N/A;N/A;N/A;N/A;N/A;N/A;N/A;N/A;N/A;N/A;N/A;N/A;N/A;N/A;N/A;N/A;N/A;N/A;N/A;N/A;N/A;N/A;N/A;N/A;N/A;N/A;N/A;N/A;N/A;N/A;N/A;N/A;N/A;N/A;N/A;N/A;N/A;N/A;N/A;N/A;"1474 mm";"3680 mm";N/A;N/A;N/A;N/A;5;"66 hp";Life;N/A;4;"1752 mm";N/A;N/A;N/A;N/A;N/A;N/A;N/A;N/A;N/A;N/A;N/A;N/A;N/A;N/A;N/A;N/A;N/A;N/A;5;1.0;Nafta;Manual;Hatchback;"Autos y camionetas";N/A;N/A;N/A;N/A;N/A;N/A;UY;N/A;N/A;N/A;N/A;N/A;N/A;N/A;N/A;N/A;N/A;N/A;N/A;N/A;N/A;N/A;N/A;N/A;N/A;N/A;N/A;N/A;N/A;N/A;N/A;N/A;N/A;N/A;N/A;N/A;N/A;N/A;N/A;N/A;N/A;N/A;N/A;N/A;N/A;N/A;N/A;N/A;N/A;N/A;N/A;N/A;N/A;N/A;N/A;N/A;N/A;N/A;N/A;N/A;N/A;N/A;N/A;N/A;N/A;N/A;N/A;N/A;N/A;N/A;N/A;N/A;N/A;N/A;N/A;N/A;N/A;N/A;N/A;N/A;N/A;N/A;N/A;N/A;N/A;N/A;N/A;N/A;N/A;N/A;N/A;N/A;N/A;N/A;N/A;N/A;N/A;N/A;N/A;N/A;N/A;N/A;N/A;N/A;N/A;N/A;N/A;N/A;N/A;N/A;N/A;N/A;N/A;N/A;N/A;N/A;N/A;N/A;N/A;N/A;N/A;N/A
Renault;Sandero;"Stepway Expression";2016;"125215 km";;SILCASA;11490;;;;;"Tres Cruces";https://auto.mercadolibre.com.uy/MLU-705187026-renault-sandero-stepway-expression-2016-_JM;N/A;;"Renault Sandero Stepway Expression 2016 ";usd;Sí;gold_premium;false;N/A;N/A;http://perfil.mercadolibre.com.uy/SILCASA;active;N/A;N/A;Usado;Blanco;Sí;Hidráulica;N/A;Sí;N/A;N/A;N/A;N/A;N/A;N/A;N/A;N/A;N/A;N/A;N/A;Sí;N/A;N/A;N/A;N/A;N/A;N/A;N/A;N/A;N/A;N/A;N/A;N/A;N/A;"1600 cc";N/A;5;N/A;N/A;N/A;N/A;N/A;N/A;N/A;N/A;N/A;N/A;N/A;N/A;N/A;N/A;N/A;N/A;N/A;N/A;N/A;N/A;N/A;N/A;N/A;N/A;N/A;N/A;N/A;N/A;N/A;N/A;N/A;N/A;N/A;N/A;N/A;N/A;Sí;N/A;N/A;N/A;N/A;N/A;N/A;N/A;N/A;N/A;N/A;N/A;N/A;N/A;N/A;N/A;N/A;Expression;N/A;N/A;N/A;N/A;N/A;N/A;N/A;N/A;N/A;N/A;N/A;N/A;N/A;N/A;N/A;N/A;N/A;N/A;N/A;N/A;"Lun. a Vie. de 9 a 19:00 hs. Sáb. de 10 a 13:30 hs";5;1.6;Nafta;Manual;Hatchback;"Autos y camionetas";No;N/A;N/A;N/A;No;N/A;UY;No;Sí;No;No;N/A;N/A;N/A;N/A;N/A;N/A;N/A;N/A;N/A;N/A;N/A;N/A;N/A;N/A;N/A;N/A;N/A;N/A;N/A;N/A;N/A;N/A;N/A;N/A;N/A;N/A;N/A;N/A;N/A;N/A;N/A;N/A;N/A;N/A;N/A;N/A;N/A;N/A;N/A;N/A;N/A;N/A;N/A;N/A;N/A;N/A;N/A;N/A;N/A;N/A;N/A;No;N/A;N/A;N/A;N/A;N/A;N/A;N/A;N/A;N/A;N/A;N/A;N/A;N/A;N/A;N/A;N/A;N/A;N/A;N/A;N/A;N/A;N/A;N/A;N/A;N/A;N/A;N/A;N/A;N/A;N/A;N/A;N/A;N/A;Sí;N/A;N/A;N/A;Sí;N/A;N/A;N/A;N/A;Sí;N/A;N/A;N/A;N/A;N/A;N/A;N/A;N/A;Sí;N/A;Sí;N/A;N/A;N/A;N/A;N/A
Renault;Kwid;"Intense 1.0 Extra Full";2018;"109228 km";;MOTORLIDER.UY;10490;;;;;Carrasco;https://auto.mercadolibre.com.uy/MLU-705147664-renault-kwid-intense-10-extra-full-permuta-financia-_JM;N/A;;"Renault Kwid Intense 1.0 Extra Full| Permuta / Financia";usd;Sí;gold_premium;false;N/A;N/A;http://perfil.mercadolibre.com.uy/MOTORLIDER.UY;active;N/A;N/A;Usado;Naranja;Sí;Eléctrica;Delantera;Sí;Sí;N/A;N/A;N/A;N/A;Sí;N/A;N/A;N/A;N/A;N/A;Sí;N/A;N/A;N/A;N/A;N/A;N/A;N/A;N/A;N/A;N/A;N/A;N/A;N/A;"1000 cc";N/A;5;N/A;N/A;N/A;N/A;N/A;N/A;N/A;N/A;N/A;N/A;N/A;N/A;N/A;N/A;N/A;N/A;N/A;N/A;N/A;N/A;N/A;N/A;N/A;N/A;N/A;Sí;N/A;N/A;N/A;N/A;N/A;N/A;N/A;N/A;N/A;N/A;N/A;N/A;N/A;N/A;N/A;N/A;N/A;N/A;N/A;N/A;N/A;N/A;N/A;N/A;N/A;N/A;"66 hp";Intense;N/A;N/A;N/A;"18 km/l";N/A;N/A;N/A;N/A;N/A;N/A;Sí;N/A;N/A;N/A;"20 km/l";N/A;N/A;N/A;N/A;Sí;"Lun. a Vie. de 9 a 18:30 hs. Sáb. de 9 a 13 hs.";5;1.0;Nafta;Manual;Hatchback;"Autos y camionetas";No;N/A;N/A;N/A;No;N/A;UY;No;Sí;No;No;N/A;N/A;N/A;N/A;N/A;N/A;N/A;N/A;N/A;N/A;N/A;N/A;N/A;N/A;N/A;N/A;N/A;N/A;N/A;N/A;N/A;N/A;N/A;N/A;Sí;N/A;N/A;N/A;N/A;N/A;N/A;N/A;N/A;N/A;N/A;N/A;N/A;N/A;N/A;N/A;N/A;N/A;N/A;N/A;N/A;N/A;N/A;N/A;N/A;N/A;N/A;No;N/A;N/A;N/A;N/A;N/A;N/A;N/A;N/A;N/A;N/A;N/A;N/A;N/A;N/A;N/A;N/A;N/A;N/A;N/A;N/A;N/A;N/A;N/A;N/A;N/A;N/A;N/A;N/A;N/A;N/A;N/A;N/A;N/A;Sí;N/A;N/A;N/A;Sí;Sí;Sí;N/A;Sí;Sí;N/A;N/A;N/A;N/A;Sí;N/A;N/A;N/A;Sí;Sí;Sí;N/A;N/A;N/A;N/A;Sí
Renault;Twingo;"1.2 Authentique";2000;"144000 km";;"KM0 MOTORS";4800;;;;;"Aeropuerto Internacional De Carrasco";https://auto.mercadolibre.com.uy/MLU-647515687-renault-twingo-_JM;N/A;;"Renault Twingo";usd;No;gold_premium;false;N/A;N/A;http://perfil.mercadolibre.com.uy/KM0+MOTORS;active;N/A;N/A;Usado;Verde;N/A;Hidráulica;Delantera;Sí;N/A;N/A;N/A;N/A;N/A;N/A;N/A;N/A;N/A;N/A;N/A;N/A;N/A;N/A;N/A;N/A;N/A;N/A;N/A;N/A;N/A;N/A;N/A;N/A;"2347 mm";"1.2 L";"40 L";5;N/A;N/A;N/A;N/A;N/A;N/A;N/A;N/A;N/A;N/A;N/A;N/A;N/A;N/A;N/A;N/A;N/A;N/A;N/A;N/A;N/A;N/A;N/A;N/A;N/A;N/A;N/A;N/A;N/A;N/A;N/A;N/A;N/A;N/A;N/A;N/A;N/A;N/A;N/A;N/A;N/A;N/A;N/A;N/A;N/A;"1423 mm";"3433 mm";N/A;N/A;N/A;N/A;4;"75 hp";Authentique;N/A;2;"1630 mm";"13.3 km/l";N/A;N/A;N/A;N/A;N/A;N/A;N/A;N/A;N/A;N/A;N/A;N/A;N/A;N/A;N/A;N/A;N/A;3;1.2;Nafta;Manual;Hatchback;"Autos y camionetas";N/A;N/A;N/A;N/A;N/A;N/A;UY;N/A;N/A;N/A;N/A;N/A;N/A;N/A;N/A;N/A;N/A;N/A;N/A;N/A;N/A;N/A;N/A;N/A;N/A;N/A;N/A;N/A;N/A;N/A;N/A;N/A;N/A;N/A;N/A;N/A;N/A;N/A;N/A;N/A;N/A;N/A;N/A;N/A;N/A;N/A;N/A;N/A;N/A;N/A;N/A;N/A;N/A;N/A;N/A;N/A;N/A;N/A;N/A;N/A;N/A;N/A;N/A;N/A;N/A;N/A;N/A;N/A;N/A;N/A;N/A;N/A;N/A;N/A;N/A;N/A;N/A;N/A;N/A;N/A;N/A;N/A;N/A;N/A;N/A;N/A;N/A;N/A;N/A;N/A;N/A;N/A;N/A;N/A;N/A;N/A;N/A;N/A;N/A;N/A;N/A;N/A;N/A;N/A;N/A;N/A;N/A;N/A;N/A;N/A;N/A;N/A;N/A;N/A;N/A;N/A;N/A;N/A;N/A;N/A;N/A;N/A
Renault;Clio;Expression;2015;"168000 km";;"VLADIMIR AUTOMOVILES";12990;;;;;Malvin;https://auto.mercadolibre.com.uy/MLU-704771754-renault-clio-expression-12-2015-excelente-estado-vladimir-_JM;N/A;;"Renault Clio Expression 1.2 2015 Excelente Estado - Vladimir";usd;Sí;gold_premium;false;N/A;N/A;http://perfil.mercadolibre.com.uy/VLADIMIR+AUTOMOVILES;active;N/A;N/A;Usado;Blanco;Sí;Eléctrica;N/A;N/A;Sí;Sí;N/A;N/A;N/A;Sí;Sí;N/A;Sí;Sí;N/A;Sí;N/A;Sí;N/A;N/A;N/A;N/A;N/A;N/A;N/A;N/A;N/A;N/A;N/A;"1200 cc";N/A;5;N/A;N/A;N/A;N/A;Sí;N/A;Sí;N/A;N/A;N/A;N/A;N/A;N/A;N/A;N/A;N/A;N/A;N/A;N/A;N/A;N/A;N/A;N/A;Sí;N/A;Sí;N/A;Sí;N/A;N/A;N/A;N/A;N/A;N/A;N/A;N/A;Sí;N/A;N/A;N/A;N/A;N/A;N/A;N/A;N/A;N/A;N/A;N/A;N/A;N/A;N/A;N/A;"75 hp";Expression;N/A;N/A;N/A;"14 km/l";N/A;N/A;Sí;N/A;Sí;N/A;Sí;Sí;N/A;N/A;"18 km/l";N/A;N/A;N/A;N/A;Sí;"Lun. a Vie. de 9 a 18:30 hs. Sáb. de 10 a 13 hs";5;1.2;Nafta;Manual;Hatchback;"Autos y camionetas";No;N/A;N/A;N/A;No;N/A;UY;No;Sí;No;No;N/A;N/A;N/A;N/A;N/A;N/A;N/A;N/A;N/A;N/A;N/A;N/A;N/A;N/A;N/A;N/A;N/A;N/A;N/A;N/A;N/A;N/A;N/A;N/A;N/A;N/A;N/A;N/A;N/A;N/A;N/A;N/A;N/A;N/A;N/A;N/A;N/A;N/A;N/A;N/A;N/A;N/A;N/A;N/A;N/A;N/A;N/A;N/A;N/A;N/A;Sí;No;N/A;N/A;N/A;N/A;N/A;N/A;N/A;N/A;N/A;N/A;N/A;N/A;N/A;N/A;N/A;N/A;N/A;N/A;N/A;N/A;N/A;N/A;N/A;N/A;N/A;N/A;N/A;N/A;N/A;N/A;N/A;N/A;N/A;Sí;N/A;N/A;N/A;Sí;Sí;Sí;N/A;Sí;Sí;Sí;Sí;N/A;N/A;N/A;Sí;Sí;N/A;Sí;Sí;N/A;N/A;N/A;Sí;N/A;Sí
Renault;"Duster Oroch";"1.6 Dynamique Extra Full Con Ficha Oficial";2021;"132362 km";;MOTORLIDER.;16990;;;;;"Barra de Carrasco";https://auto.mercadolibre.com.uy/MLU-704434758-renault-oroch-16-dynamique-extra-full-permuta-financia-_JM;N/A;;"Renault Oroch 1.6 Dynamique Extra Full| Permuta / Financia";usd;Sí;gold_premium;false;N/A;N/A;http://perfil.mercadolibre.com.uy/MOTORLIDER.;active;N/A;N/A;Usado;Blanco;N/A;Asistida;Delantera;Sí;Sí;N/A;N/A;Sí;N/A;Sí;Sí;N/A;N/A;N/A;N/A;Sí;N/A;N/A;N/A;N/A;N/A;N/A;N/A;N/A;N/A;N/A;N/A;N/A;N/A;"1598 cc";N/A;5;N/A;N/A;N/A;N/A;N/A;N/A;N/A;N/A;N/A;N/A;N/A;N/A;N/A;N/A;N/A;N/A;N/A;N/A;N/A;N/A;N/A;N/A;N/A;Sí;N/A;Sí;N/A;N/A;N/A;Sí;N/A;N/A;N/A;N/A;N/A;N/A;N/A;N/A;N/A;N/A;N/A;N/A;N/A;N/A;N/A;N/A;N/A;N/A;N/A;N/A;N/A;N/A;"1598 hp";Dynamique;N/A;N/A;N/A;"12 km/l";N/A;N/A;N/A;Sí;N/A;N/A;N/A;N/A;N/A;N/A;"14 km/l";N/A;N/A;Sí;Sí;N/A;"Lun. a Vie. de 9 a 18:30 hs. Sáb. de 9 a 13 hs.";4;1.6;Nafta;Manual;Pick-Up;"Autos y camionetas";No;N/A;N/A;N/A;No;N/A;UY;No;Sí;No;No;N/A;N/A;N/A;N/A;N/A;N/A;N/A;N/A;N/A;N/A;N/A;N/A;N/A;N/A;N/A;N/A;N/A;N/A;N/A;N/A;N/A;N/A;N/A;N/A;N/A;N/A;N/A;N/A;N/A;N/A;N/A;N/A;N/A;N/A;N/A;N/A;N/A;N/A;N/A;N/A;N/A;N/A;N/A;N/A;N/A;N/A;N/A;Sí;N/A;N/A;N/A;No;N/A;N/A;N/A;N/A;N/A;N/A;N/A;N/A;N/A;N/A;N/A;N/A;N/A;N/A;N/A;N/A;N/A;N/A;N/A;N/A;N/A;N/A;N/A;N/A;N/A;N/A;N/A;N/A;N/A;Sí;N/A;N/A;N/A;Sí;Sí;Sí;N/A;Sí;Sí;N/A;N/A;Sí;Sí;N/A;Sí;N/A;Sí;N/A;N/A;N/A;N/A;Sí;Sí;Sí;N/A;N/A;Sí;N/A;Sí
Renault;Kwid;"1.0 Sce 66cv Intense";2024;"0 km";;JUNCALAUTOMOVILES;9990;;;;;Centro;https://auto.mercadolibre.com.uy/MLU-703124456-renault-kwid-intense-0-km-2025-retira-ud-9990-y-financia-_JM;N/A;;"Renault Kwid Intense 0 Km 2025 Retira U$d 9.990 Y Financia";usd;Sí;gold_premium;false;N/A;N/A;http://perfil.mercadolibre.com.uy/JUNCALAUTOMOVILES;active;N/A;N/A;Nuevo;Blanco;N/A;N/A;Delantera;N/A;N/A;Sí;N/A;N/A;N/A;N/A;N/A;N/A;N/A;N/A;N/A;N/A;N/A;N/A;N/A;N/A;N/A;N/A;N/A;N/A;N/A;N/A;N/A;N/A;"2423 mm";"1 L";"50 L";5;N/A;N/A;N/A;N/A;N/A;N/A;N/A;N/A;N/A;N/A;N/A;N/A;N/A;N/A;N/A;N/A;N/A;N/A;N/A;N/A;N/A;N/A;N/A;N/A;N/A;N/A;N/A;N/A;N/A;N/A;N/A;N/A;N/A;N/A;N/A;N/A;N/A;N/A;N/A;N/A;N/A;N/A;N/A;N/A;N/A;"1474 mm";"3680 mm";N/A;N/A;N/A;N/A;5;"66 hp";Intense;N/A;4;"1752 mm";N/A;N/A;N/A;N/A;N/A;N/A;N/A;N/A;N/A;N/A;N/A;N/A;N/A;N/A;N/A;N/A;N/A;"LUNES A VIERNES DE 10:00 A 18:00 HRS";5;1.0;Nafta;Manual;Hatchback;"Autos y camionetas";N/A;N/A;N/A;N/A;N/A;N/A;UY;N/A;N/A;N/A;N/A;N/A;N/A;N/A;N/A;N/A;N/A;N/A;N/A;N/A;N/A;N/A;N/A;N/A;N/A;N/A;N/A;N/A;N/A;N/A;N/A;N/A;N/A;N/A;N/A;N/A;N/A;N/A;N/A;N/A;N/A;N/A;N/A;N/A;N/A;N/A;N/A;N/A;N/A;N/A;N/A;N/A;N/A;N/A;N/A;N/A;N/A;N/A;N/A;N/A;N/A;N/A;N/A;N/A;N/A;N/A;N/A;N/A;N/A;N/A;N/A;N/A;N/A;N/A;N/A;N/A;N/A;N/A;N/A;N/A;N/A;N/A;N/A;N/A;N/A;N/A;N/A;N/A;N/A;N/A;N/A;N/A;N/A;N/A;N/A;N/A;N/A;N/A;N/A;N/A;N/A;N/A;N/A;N/A;N/A;N/A;N/A;N/A;N/A;N/A;N/A;N/A;N/A;N/A;N/A;N/A;N/A;N/A;N/A;N/A;N/A;N/A
Renault;Kwid;"Outsider Extra Full";2020;"51605 km";;MOTORLIDER.;13490;;;;;"Barra de Carrasco";https://auto.mercadolibre.com.uy/MLU-647174763-renault-kwid-outsider-extra-full-permuta-financia-_JM;N/A;;"Renault Kwid Outsider Extra Full | Permuta / Financia";USD;Sí;gold_premium;false;N/A;N/A;http://perfil.mercadolibre.com.uy/MOTORLIDER.;active;N/A;N/A;Usado;Blanco;N/A;Hidráulica;Delantera;Sí;Sí;Sí;N/A;N/A;N/A;Sí;Sí;N/A;N/A;N/A;N/A;N/A;N/A;Sí;N/A;N/A;N/A;N/A;N/A;N/A;N/A;N/A;N/A;N/A;N/A;"998 cc";N/A;5;N/A;N/A;Sí;Sí;N/A;N/A;N/A;N/A;N/A;N/A;N/A;N/A;N/A;N/A;N/A;N/A;N/A;N/A;N/A;N/A;N/A;N/A;N/A;Sí;N/A;N/A;N/A;N/A;N/A;N/A;N/A;N/A;N/A;N/A;N/A;N/A;Sí;N/A;N/A;N/A;N/A;N/A;N/A;N/A;N/A;N/A;N/A;N/A;N/A;N/A;N/A;N/A;"68 hp";Outsider;N/A;N/A;N/A;"18 km/l";N/A;N/A;N/A;Sí;N/A;Sí;Sí;Sí;N/A;N/A;"20 km/l";N/A;N/A;N/A;N/A;Sí;"Lun. a Vie. de 9 a 18:30 hs. Sáb. de 9 a 13 hs.";5;1.0;Nafta;Manual;Hatchback;"Autos y camionetas";No;N/A;N/A;N/A;No;N/A;N/A;No;Sí;No;No;N/A;N/A;N/A;N/A;N/A;N/A;N/A;N/A;N/A;N/A;N/A;N/A;N/A;N/A;N/A;N/A;N/A;N/A;N/A;N/A;N/A;N/A;N/A;N/A;N/A;N/A;N/A;N/A;N/A;N/A;N/A;N/A;N/A;N/A;N/A;N/A;N/A;N/A;N/A;N/A;N/A;N/A;N/A;N/A;N/A;N/A;N/A;N/A;N/A;N/A;N/A;Sí;N/A;N/A;N/A;N/A;N/A;N/A;N/A;N/A;N/A;N/A;N/A;N/A;N/A;N/A;N/A;N/A;N/A;N/A;N/A;N/A;N/A;N/A;N/A;N/A;N/A;N/A;N/A;N/A;N/A;Sí;N/A;N/A;N/A;Sí;Sí;N/A;N/A;Sí;N/A;N/A;N/A;Sí;Sí;N/A;N/A;N/A;N/A;Sí;N/A;N/A;N/A;Sí;Sí;Sí;N/A;N/A;Sí;N/A;Sí
Renault;"Duster Oroch";Xtreme;2025;"0 km";;OSCARPISANOAUTOMOVILES;21000;;;;;Prado;https://auto.mercadolibre.com.uy/MLU-702805298-renault-oroch-xtreme-16-2025-0km-_JM;N/A;;"Renault Oroch Xtreme 1.6 2025 0km";USD;Sí;gold_premium;false;N/A;N/A;http://perfil.mercadolibre.com.uy/OSCARPISANOAUTOMOVILES;active;N/A;N/A;Nuevo;Plateado;N/A;Eléctrica;N/A;Sí;Sí;N/A;N/A;Sí;N/A;Sí;Sí;N/A;N/A;N/A;N/A;Sí;N/A;N/A;N/A;N/A;N/A;N/A;N/A;N/A;N/A;N/A;N/A;N/A;N/A;"1600 cc";N/A;6;N/A;N/A;N/A;N/A;Sí;N/A;N/A;N/A;N/A;N/A;N/A;N/A;N/A;N/A;N/A;N/A;N/A;N/A;N/A;N/A;N/A;N/A;N/A;Sí;N/A;Sí;N/A;N/A;N/A;N/A;N/A;N/A;N/A;N/A;N/A;N/A;N/A;N/A;N/A;N/A;N/A;N/A;N/A;N/A;N/A;N/A;N/A;N/A;N/A;N/A;N/A;N/A;"118 hp";N/A;N/A;N/A;N/A;"10 km/l";N/A;N/A;N/A;Sí;Sí;Sí;N/A;N/A;N/A;N/A;"15 km/l";N/A;N/A;N/A;Sí;N/A;"Lun. a Sáb. de 9:30 a 18:30 hs. Dom. de 9:30 a 13 hs";4;1.6;Nafta;Manual;Pick-Up;"Autos y camionetas";No;N/A;N/A;N/A;No;N/A;N/A;No;Sí;No;No;N/A;N/A;N/A;N/A;N/A;N/A;N/A;N/A;N/A;N/A;N/A;N/A;N/A;N/A;N/A;N/A;N/A;N/A;N/A;N/A;N/A;N/A;N/A;N/A;N/A;N/A;N/A;N/A;N/A;N/A;N/A;N/A;Sí;N/A;N/A;N/A;N/A;N/A;N/A;N/A;N/A;N/A;N/A;N/A;N/A;N/A;N/A;N/A;N/A;N/A;Sí;No;N/A;N/A;N/A;N/A;N/A;N/A;N/A;N/A;N/A;N/A;N/A;N/A;N/A;N/A;N/A;N/A;N/A;N/A;N/A;N/A;N/A;N/A;N/A;N/A;N/A;N/A;N/A;N/A;N/A;N/A;N/A;N/A;N/A;N/A;Sí;N/A;N/A;Sí;Sí;Sí;N/A;N/A;Sí;N/A;N/A;N/A;N/A;N/A;Sí;N/A;N/A;N/A;N/A;N/A;N/A;N/A;N/A;N/A;N/A
Renault;"Duster Oroch";"INTENS 1.3 TURBO 0km";2025;"0 km";;OSCARPISANOAUTOMOVILES;26500;;;;;Prado;https://auto.mercadolibre.com.uy/MLU-702703688-oroch-intens-13-turbo-0km-_JM;N/A;;"Oroch Intens 1.3 Turbo 0km ";USD;Sí;gold_premium;false;N/A;N/A;http://perfil.mercadolibre.com.uy/OSCARPISANOAUTOMOVILES;active;N/A;N/A;Nuevo;Bordó;N/A;Eléctrica;N/A;Sí;Sí;Sí;N/A;Sí;N/A;Sí;Sí;N/A;Sí;N/A;Sí;Sí;N/A;N/A;N/A;N/A;N/A;N/A;N/A;N/A;N/A;N/A;N/A;N/A;N/A;"1300 cc";N/A;8;N/A;N/A;Sí;Sí;Sí;Sí;N/A;N/A;N/A;N/A;N/A;N/A;N/A;N/A;N/A;N/A;N/A;N/A;N/A;N/A;N/A;N/A;N/A;Sí;N/A;Sí;N/A;N/A;N/A;Sí;N/A;N/A;N/A;N/A;N/A;N/A;N/A;N/A;N/A;N/A;N/A;N/A;Sí;N/A;N/A;N/A;N/A;N/A;N/A;N/A;N/A;N/A;"150 hp";N/A;N/A;N/A;N/A;"11 km/l";N/A;N/A;Sí;Sí;Sí;Sí;Sí;N/A;N/A;N/A;"15 km/l";N/A;N/A;N/A;Sí;N/A;"Lun. a Sáb. de 9:30 a 18:30 hs. Dom. de 9:30 a 13 hs";4;1.3;Nafta;Automática;Pick-Up;"Autos y camionetas";No;N/A;N/A;N/A;No;N/A;N/A;No;Sí;No;No;N/A;N/A;N/A;N/A;N/A;N/A;N/A;N/A;N/A;N/A;N/A;N/A;N/A;N/A;N/A;N/A;N/A;N/A;N/A;N/A;N/A;N/A;N/A;N/A;N/A;N/A;N/A;N/A;N/A;N/A;N/A;N/A;Sí;N/A;N/A;N/A;N/A;N/A;N/A;N/A;N/A;N/A;N/A;N/A;N/A;N/A;N/A;N/A;N/A;N/A;Sí;No;N/A;N/A;N/A;N/A;N/A;N/A;N/A;N/A;N/A;N/A;N/A;N/A;N/A;N/A;N/A;N/A;N/A;N/A;N/A;N/A;N/A;N/A;N/A;N/A;N/A;N/A;N/A;N/A;N/A;N/A;N/A;N/A;N/A;Sí;Sí;Sí;N/A;Sí;Sí;Sí;N/A;Sí;Sí;Sí;N/A;N/A;N/A;N/A;Sí;N/A;N/A;Sí;N/A;Sí;N/A;N/A;Sí;N/A;Sí
Renault;"Duster Oroch";"Oroch Outsider 0km";2025;"0 km";;OSCARPISANOAUTOMOVILES;25000;;;;;Prado;https://auto.mercadolibre.com.uy/MLU-702729718-oroch-outsider-0km-_JM;N/A;;"Oroch Outsider 0km ";USD;Sí;gold_premium;false;N/A;N/A;http://perfil.mercadolibre.com.uy/OSCARPISANOAUTOMOVILES;active;N/A;N/A;Nuevo;Blanco;N/A;Eléctrica;N/A;Sí;Sí;Sí;N/A;Sí;N/A;Sí;Sí;N/A;Sí;N/A;Sí;Sí;N/A;N/A;N/A;N/A;N/A;N/A;N/A;N/A;N/A;N/A;N/A;N/A;N/A;"1600 cc";N/A;6;N/A;N/A;Sí;Sí;Sí;Sí;N/A;N/A;N/A;N/A;N/A;N/A;N/A;N/A;N/A;N/A;N/A;N/A;N/A;N/A;N/A;N/A;N/A;Sí;N/A;Sí;N/A;N/A;N/A;Sí;N/A;N/A;N/A;N/A;N/A;N/A;N/A;N/A;N/A;N/A;N/A;N/A;N/A;N/A;N/A;N/A;N/A;N/A;N/A;N/A;N/A;N/A;"115 hp";Outsider;N/A;N/A;N/A;"11 km/l";N/A;N/A;Sí;Sí;Sí;Sí;Sí;N/A;N/A;N/A;"15 km/l";Sí;N/A;Sí;Sí;N/A;"Lun. a Sáb. de 9:30 a 18:30 hs. Dom. de 9:30 a 13 hs";4;1.6;Nafta;Manual;Pick-Up;"Autos y camionetas";No;N/A;N/A;N/A;No;N/A;N/A;No;Sí;No;No;N/A;N/A;N/A;N/A;N/A;N/A;N/A;N/A;N/A;N/A;N/A;N/A;N/A;N/A;N/A;N/A;N/A;N/A;N/A;N/A;N/A;N/A;N/A;N/A;N/A;N/A;N/A;N/A;N/A;N/A;N/A;N/A;Sí;N/A;N/A;N/A;N/A;N/A;N/A;N/A;N/A;N/A;N/A;N/A;N/A;N/A;N/A;N/A;N/A;N/A;Sí;No;N/A;N/A;N/A;N/A;N/A;N/A;N/A;N/A;N/A;N/A;N/A;N/A;N/A;N/A;N/A;N/A;N/A;N/A;N/A;N/A;N/A;N/A;N/A;N/A;N/A;N/A;N/A;N/A;N/A;N/A;N/A;N/A;N/A;Sí;Sí;Sí;N/A;Sí;Sí;Sí;N/A;Sí;Sí;Sí;N/A;N/A;Sí;N/A;Sí;Sí;N/A;Sí;N/A;Sí;Sí;N/A;Sí;N/A;Sí
Renault;"Duster Oroch";"ZEN 0km";2025;"0 km";;OSCARPISANOAUTOMOVILES;23000;;;;;Prado;https://auto.mercadolibre.com.uy/MLU-702612708-renault-oroch-zen-0km-16-2025-0km-_JM;N/A;;"Renault Oroch Zen 0km 1.6 2025 0km";USD;Sí;gold_premium;false;N/A;N/A;http://perfil.mercadolibre.com.uy/OSCARPISANOAUTOMOVILES;active;N/A;N/A;Nuevo;Rojo;N/A;Eléctrica;N/A;Sí;Sí;N/A;N/A;N/A;N/A;Sí;Sí;N/A;N/A;Sí;Sí;N/A;N/A;N/A;N/A;N/A;N/A;N/A;N/A;N/A;N/A;N/A;N/A;N/A;N/A;"1600 cc";N/A;6;N/A;N/A;N/A;N/A;Sí;Sí;Sí;N/A;N/A;N/A;N/A;N/A;N/A;N/A;N/A;N/A;N/A;N/A;N/A;N/A;N/A;N/A;N/A;Sí;N/A;Sí;N/A;N/A;N/A;Sí;N/A;N/A;N/A;N/A;N/A;N/A;N/A;N/A;N/A;N/A;N/A;N/A;N/A;N/A;N/A;N/A;N/A;N/A;N/A;N/A;N/A;N/A;"118 hp";N/A;N/A;N/A;N/A;"11 km/l";N/A;N/A;N/A;Sí;Sí;Sí;Sí;N/A;N/A;N/A;"15 km/l";N/A;N/A;N/A;Sí;N/A;"Lun. a Sáb. de 9:30 a 18:30 hs. Dom. de 9:30 a 13 hs";4;1.6;Nafta;Manual;Pick-Up;"Autos y camionetas";No;N/A;N/A;N/A;No;N/A;N/A;No;Sí;No;No;N/A;N/A;N/A;N/A;N/A;N/A;N/A;N/A;N/A;N/A;N/A;N/A;N/A;N/A;N/A;N/A;N/A;N/A;N/A;N/A;N/A;N/A;N/A;N/A;N/A;N/A;N/A;N/A;N/A;N/A;N/A;N/A;Sí;N/A;N/A;N/A;N/A;N/A;N/A;N/A;N/A;N/A;N/A;N/A;N/A;N/A;N/A;N/A;N/A;N/A;Sí;No;N/A;N/A;N/A;N/A;N/A;N/A;N/A;N/A;N/A;N/A;N/A;N/A;N/A;N/A;N/A;N/A;N/A;N/A;N/A;N/A;N/A;N/A;N/A;N/A;N/A;N/A;N/A;N/A;N/A;N/A;N/A;N/A;N/A;Sí;Sí;Sí;N/A;Sí;Sí;Sí;N/A;Sí;Sí;N/A;N/A;N/A;Sí;N/A;Sí;Sí;N/A;Sí;Sí;Sí;N/A;N/A;Sí;N/A;Sí
Renault;Kwid;"Outsider 0km";2025;"0 km";;OSCARPISANOAUTOMOVILES;16500;;;;;Prado;https://auto.mercadolibre.com.uy/MLU-702486838-renault-kwid-outsider-0km-10-2025-0km-_JM;N/A;;"Renault Kwid Outsider 0km 1.0 2025 0km";USD;Sí;gold_premium;false;N/A;N/A;http://perfil.mercadolibre.com.uy/OSCARPISANOAUTOMOVILES;active;N/A;N/A;Nuevo;Blanco;N/A;Eléctrica;N/A;Sí;Sí;Sí;N/A;Sí;N/A;Sí;N/A;N/A;N/A;N/A;N/A;Sí;N/A;Sí;N/A;N/A;N/A;N/A;N/A;N/A;N/A;N/A;N/A;N/A;N/A;"1000 cc";N/A;5;N/A;N/A;Sí;Sí;Sí;N/A;N/A;N/A;N/A;N/A;N/A;N/A;N/A;N/A;N/A;N/A;N/A;N/A;N/A;N/A;N/A;N/A;N/A;N/A;N/A;Sí;N/A;N/A;N/A;N/A;N/A;N/A;N/A;N/A;N/A;N/A;Sí;N/A;N/A;N/A;N/A;N/A;N/A;N/A;N/A;N/A;N/A;N/A;N/A;N/A;N/A;N/A;"67 hp";Outsider;N/A;N/A;N/A;"15 km/l";N/A;N/A;N/A;Sí;N/A;Sí;Sí;Sí;N/A;N/A;"20 km/l";N/A;N/A;N/A;N/A;Sí;"Lun. a Sáb. de 9:30 a 18:30 hs. Dom. de 9:30 a 13 hs";5;1.0;Nafta;Manual;Hatchback;"Autos y camionetas";No;N/A;N/A;N/A;No;N/A;N/A;No;Sí;No;No;N/A;N/A;N/A;N/A;N/A;N/A;N/A;N/A;N/A;N/A;N/A;N/A;N/A;N/A;N/A;N/A;N/A;N/A;N/A;N/A;N/A;N/A;N/A;N/A;N/A;N/A;N/A;N/A;N/A;N/A;N/A;N/A;Sí;N/A;N/A;N/A;N/A;N/A;N/A;N/A;N/A;N/A;N/A;N/A;N/A;N/A;N/A;N/A;N/A;N/A;Sí;No;N/A;N/A;N/A;N/A;N/A;N/A;N/A;N/A;N/A;N/A;N/A;N/A;N/A;N/A;N/A;N/A;N/A;N/A;N/A;N/A;N/A;N/A;N/A;N/A;N/A;N/A;N/A;N/A;N/A;N/A;N/A;N/A;N/A;Sí;N/A;Sí;N/A;Sí;Sí;Sí;N/A;Sí;Sí;N/A;N/A;N/A;N/A;Sí;Sí;Sí;N/A;Sí;Sí;Sí;N/A;N/A;Sí;N/A;Sí
Renault;Kwid;"intens 0KM";2025;"0 km";;OSCARPISANOAUTOMOVILES;15600;;;;;Prado;https://auto.mercadolibre.com.uy/MLU-702538852-kwid-intens-0km-_JM;N/A;;"Kwid Intens 0km ";USD;Sí;gold_premium;false;N/A;N/A;http://perfil.mercadolibre.com.uy/OSCARPISANOAUTOMOVILES;active;N/A;N/A;Nuevo;Blanco;N/A;Eléctrica;N/A;Sí;Sí;Sí;N/A;N/A;N/A;Sí;N/A;N/A;N/A;N/A;N/A;Sí;N/A;N/A;N/A;N/A;N/A;N/A;N/A;N/A;N/A;N/A;N/A;N/A;N/A;"999 cc";N/A;5;N/A;N/A;Sí;Sí;Sí;N/A;N/A;N/A;N/A;N/A;N/A;N/A;N/A;N/A;N/A;N/A;N/A;N/A;N/A;N/A;N/A;N/A;N/A;N/A;N/A;Sí;N/A;N/A;N/A;N/A;N/A;N/A;N/A;N/A;N/A;N/A;N/A;N/A;N/A;N/A;N/A;N/A;N/A;N/A;N/A;N/A;N/A;N/A;N/A;N/A;N/A;N/A;"66 hp";N/A;N/A;N/A;N/A;"15 km/l";N/A;N/A;N/A;Sí;N/A;Sí;Sí;Sí;N/A;N/A;"20 km/l";N/A;N/A;N/A;N/A;Sí;"Lun. a Sáb. de 9:30 a 18:30 hs. Dom. de 9:30 a 13 hs";5;1.0;Nafta;Manual;Hatchback;"Autos y camionetas";No;N/A;N/A;N/A;No;N/A;N/A;No;Sí;No;No;N/A;N/A;N/A;N/A;N/A;N/A;N/A;N/A;N/A;N/A;N/A;N/A;N/A;N/A;N/A;N/A;N/A;N/A;N/A;N/A;N/A;N/A;N/A;N/A;N/A;N/A;N/A;N/A;N/A;N/A;N/A;N/A;Sí;N/A;N/A;N/A;N/A;N/A;N/A;N/A;N/A;N/A;N/A;N/A;N/A;N/A;N/A;N/A;N/A;N/A;Sí;No;N/A;N/A;N/A;N/A;N/A;N/A;N/A;N/A;N/A;N/A;N/A;N/A;N/A;N/A;N/A;N/A;N/A;N/A;N/A;N/A;N/A;N/A;N/A;N/A;N/A;N/A;N/A;N/A;N/A;N/A;N/A;N/A;N/A;Sí;N/A;N/A;N/A;Sí;Sí;Sí;N/A;Sí;Sí;N/A;N/A;N/A;N/A;Sí;Sí;N/A;N/A;Sí;Sí;Sí;N/A;N/A;N/A;Sí;Sí
Renault;Kwid;"ZEN 0km";2025;"0 km";;OSCARPISANOAUTOMOVILES;14800;;;;;Prado;https://auto.mercadolibre.com.uy/MLU-702486768-renault-kwid-zen-0km-10-2025-0km-_JM;N/A;;"Renault Kwid Zen 0km 1.0 2025 0km";USD;Sí;gold_premium;false;N/A;N/A;http://perfil.mercadolibre.com.uy/OSCARPISANOAUTOMOVILES;active;N/A;N/A;Nuevo;Blanco;N/A;Eléctrica;N/A;Sí;Sí;N/A;N/A;N/A;N/A;Sí;N/A;N/A;N/A;N/A;N/A;Sí;N/A;Sí;N/A;N/A;N/A;N/A;N/A;N/A;N/A;N/A;N/A;N/A;N/A;"1000 cc";N/A;5;N/A;N/A;Sí;Sí;Sí;N/A;N/A;N/A;N/A;N/A;N/A;N/A;N/A;N/A;N/A;N/A;N/A;N/A;N/A;N/A;N/A;N/A;N/A;N/A;N/A;Sí;N/A;N/A;N/A;N/A;N/A;N/A;N/A;N/A;N/A;N/A;N/A;N/A;N/A;N/A;N/A;N/A;N/A;N/A;N/A;N/A;N/A;N/A;N/A;N/A;N/A;N/A;"67 hp";Zen;N/A;N/A;N/A;"15 km/l";N/A;N/A;N/A;N/A;N/A;Sí;Sí;Sí;N/A;N/A;"20 km/l";N/A;N/A;N/A;N/A;Sí;"Lun. a Sáb. de 9:30 a 18:30 hs. Dom. de 9:30 a 13 hs";5;1.0;Nafta;Manual;Hatchback;"Autos y camionetas";No;N/A;N/A;N/A;No;N/A;N/A;No;Sí;No;No;N/A;N/A;N/A;N/A;N/A;N/A;N/A;N/A;N/A;N/A;N/A;N/A;N/A;N/A;N/A;N/A;N/A;N/A;N/A;N/A;N/A;N/A;N/A;N/A;N/A;N/A;N/A;N/A;N/A;N/A;N/A;N/A;Sí;N/A;N/A;N/A;N/A;N/A;N/A;N/A;N/A;N/A;N/A;N/A;N/A;N/A;N/A;N/A;N/A;N/A;Sí;No;N/A;N/A;N/A;N/A;N/A;N/A;N/A;N/A;N/A;N/A;N/A;N/A;N/A;N/A;N/A;N/A;N/A;N/A;N/A;N/A;N/A;N/A;N/A;N/A;N/A;N/A;N/A;N/A;N/A;N/A;N/A;N/A;N/A;Sí;N/A;N/A;N/A;Sí;Sí;Sí;N/A;N/A;Sí;N/A;N/A;N/A;N/A;Sí;Sí;N/A;N/A;Sí;N/A;Sí;N/A;N/A;Sí;N/A;N/A
Renault;Clio;"Authentique 1.2";2017;"100000 km";;JUNCALAUTOMOVILES;6490;;;;;Centro;https://auto.mercadolibre.com.uy/MLU-702473318-renault-clio-mio-full-2017-retira-con-ud-6490-y-financia-_JM;N/A;;"Renault Clio Mio Full 2017 Retira Con U$d 6.490 Y Financia ";usd;Sí;gold_premium;false;N/A;N/A;http://perfil.mercadolibre.com.uy/JUNCALAUTOMOVILES;active;N/A;N/A;Usado;Plateado;Sí;Hidráulica;Delantera;Sí;Sí;Sí;N/A;N/A;No;N/A;N/A;Sí;N/A;N/A;No;Sí;N/A;Sí;N/A;N/A;N/A;N/A;N/A;N/A;N/A;N/A;N/A;N/A;"2472 mm";"1.2 L";"50 L";5;N/A;N/A;N/A;N/A;N/A;No;N/A;N/A;N/A;N/A;N/A;N/A;N/A;N/A;N/A;N/A;N/A;N/A;N/A;N/A;N/A;N/A;N/A;N/A;N/A;N/A;N/A;N/A;N/A;Sí;N/A;N/A;N/A;N/A;N/A;N/A;N/A;N/A;N/A;N/A;N/A;N/A;N/A;N/A;N/A;"1417 mm";"3811 mm";N/A;N/A;N/A;N/A;5;"75 hp";Authentique;N/A;4;"1639 mm";N/A;No;N/A;No;Sí;N/A;Sí;Sí;N/A;No;N/A;N/A;No;No;N/A;N/A;Sí;"LUNES A VIERNES DE 10:00 A 18:00 HRS";5;1.2;Nafta;Manual;Hatchback;"Autos y camionetas";Sí;N/A;N/A;N/A;No;N/A;UY;N/A;Sí;N/A;No;N/A;N/A;N/A;N/A;N/A;N/A;N/A;N/A;N/A;N/A;N/A;N/A;N/A;No;N/A;N/A;N/A;N/A;N/A;N/A;N/A;N/A;N/A;N/A;N/A;N/A;N/A;N/A;N/A;N/A;N/A;N/A;No;N/A;N/A;N/A;N/A;N/A;N/A;N/A;N/A;N/A;N/A;N/A;N/A;N/A;N/A;N/A;N/A;N/A;No;Sí;N/A;N/A;N/A;N/A;N/A;N/A;N/A;N/A;N/A;N/A;N/A;N/A;N/A;N/A;N/A;N/A;N/A;N/A;N/A;N/A;N/A;N/A;N/A;N/A;N/A;N/A;N/A;N/A;N/A;N/A;N/A;N/A;No;Sí;Sí;No;N/A;Sí;N/A;N/A;N/A;N/A;Sí;No;Sí;Sí;N/A;N/A;No;No;Sí;Sí;Sí;Sí;Sí;No;Sí;N/A;Sí
Renault;"Sandero Stepway";"1.6 Privilege 105cv";2012;"150000 km";;"GONZALO GARAGE";9990;;;;;Malvin;https://auto.mercadolibre.com.uy/MLU-702419578-renault-sandero-stepway-16-privilege-105cv-_JM;N/A;;"Renault Sandero Stepway 1.6 Privilege 105cv";usd;Sí;gold_premium;false;N/A;N/A;http://perfil.mercadolibre.com.uy/GONZALO+GARAGE;active;N/A;N/A;Usado;Rojo;N/A;Hidráulica;Delantera;Sí;Sí;Sí;N/A;N/A;N/A;N/A;N/A;Sí;N/A;N/A;N/A;Sí;N/A;N/A;N/A;N/A;N/A;N/A;N/A;N/A;N/A;N/A;N/A;N/A;"2588 mm";"1.6 L";"50 L";5;N/A;N/A;N/A;N/A;N/A;N/A;N/A;N/A;N/A;N/A;N/A;N/A;N/A;N/A;N/A;N/A;N/A;N/A;N/A;N/A;N/A;N/A;N/A;N/A;N/A;N/A;N/A;N/A;N/A;Sí;N/A;N/A;N/A;N/A;N/A;N/A;N/A;N/A;N/A;N/A;N/A;N/A;N/A;N/A;N/A;"1630 mm";"4091 mm";N/A;N/A;N/A;N/A;5;"105 hp";Privilege;N/A;4;"1751 mm";"9.3 km/l";N/A;N/A;N/A;Sí;N/A;Sí;Sí;N/A;N/A;N/A;"5.9 km/l";Sí;No;N/A;N/A;Sí;"Nuestro horario es de 10:00 a 18:00 horas de Lunes a Viernes  y Sabados de 11:00 a 14:00hs.";5;1.6;Nafta;Manual;Hatchback;"Autos y camionetas";N/A;N/A;N/A;N/A;N/A;N/A;UY;N/A;Sí;N/A;Sí;N/A;N/A;N/A;N/A;N/A;N/A;N/A;N/A;N/A;N/A;N/A;N/A;N/A;N/A;N/A;N/A;N/A;N/A;N/A;N/A;N/A;N/A;N/A;N/A;N/A;N/A;N/A;N/A;N/A;N/A;N/A;N/A;N/A;N/A;N/A;N/A;N/A;N/A;N/A;N/A;N/A;N/A;N/A;N/A;N/A;N/A;N/A;N/A;N/A;N/A;N/A;N/A;N/A;N/A;N/A;N/A;N/A;N/A;N/A;N/A;N/A;N/A;N/A;N/A;N/A;N/A;N/A;N/A;N/A;N/A;N/A;N/A;N/A;N/A;N/A;N/A;N/A;N/A;N/A;N/A;N/A;N/A;N/A;N/A;N/A;Sí;N/A;Sí;N/A;N/A;N/A;N/A;N/A;N/A;Sí;N/A;Sí;Sí;N/A;N/A;N/A;Sí;Sí;Sí;Sí;N/A;Sí;N/A;Sí;N/A;Sí
Renault;"Duster Oroch";"Intens Outsider 1.3T CVT Extra Full";2023;"44662 km";;MOTORLIDER.UY;22990;;;;;Carrasco;https://auto.mercadolibre.com.uy/MLU-702256078-renault-oroch-intens-13t-cvt-extra-full-permutafinancia-_JM;N/A;;"Renault Oroch Intens 1.3t Cvt Extra Full | Permuta/financia";usd;Sí;gold_premium;false;N/A;N/A;http://perfil.mercadolibre.com.uy/MOTORLIDER.UY;active;N/A;N/A;Usado;Negro;Sí;Hidráulica;4x2;Sí;Sí;Sí;N/A;N/A;N/A;Sí;Sí;N/A;N/A;Sí;Sí;Sí;N/A;N/A;N/A;N/A;N/A;N/A;N/A;N/A;N/A;N/A;N/A;N/A;N/A;"1259 cc";N/A;6;N/A;N/A;Sí;Sí;Sí;N/A;N/A;N/A;N/A;N/A;N/A;N/A;N/A;N/A;N/A;N/A;N/A;N/A;N/A;N/A;N/A;N/A;N/A;Sí;N/A;Sí;N/A;N/A;N/A;N/A;N/A;N/A;N/A;N/A;N/A;N/A;N/A;N/A;N/A;N/A;N/A;N/A;N/A;N/A;N/A;N/A;N/A;N/A;N/A;N/A;N/A;N/A;"156 hp";"Intens Outsider";N/A;N/A;N/A;"14 km/l";N/A;N/A;N/A;Sí;Sí;N/A;Sí;N/A;N/A;N/A;"16 km/l";N/A;N/A;Sí;N/A;N/A;"Lun. a Vie. de 9 a 18:30 hs. Sáb. de 9 a 13 hs.";4;1.3;Nafta;Automática;Pick-Up;"Autos y camionetas";No;N/A;N/A;N/A;No;N/A;UY;No;Sí;No;No;N/A;N/A;N/A;N/A;N/A;N/A;N/A;N/A;N/A;N/A;N/A;N/A;N/A;Sí;N/A;N/A;N/A;N/A;N/A;N/A;N/A;N/A;N/A;N/A;N/A;N/A;N/A;N/A;N/A;N/A;N/A;N/A;N/A;N/A;N/A;N/A;N/A;N/A;N/A;N/A;N/A;N/A;N/A;N/A;N/A;N/A;N/A;N/A;N/A;N/A;N/A;No;N/A;N/A;N/A;N/A;N/A;N/A;N/A;N/A;N/A;N/A;N/A;N/A;N/A;N/A;N/A;N/A;N/A;N/A;N/A;N/A;N/A;N/A;N/A;N/A;N/A;N/A;N/A;N/A;N/A;Sí;N/A;N/A;N/A;Sí;N/A;Sí;N/A;Sí;Sí;Sí;N/A;Sí;Sí;Sí;Sí;N/A;N/A;N/A;Sí;Sí;N/A;Sí;N/A;Sí;N/A;N/A;N/A;N/A;N/A
Renault;Kwid;"1.0 Sce 66cv Zen";2019;"69000 km";;JUNCALAUTOMOVILES;6990;;;;;Centro;https://auto.mercadolibre.com.uy/MLU-702333206-renault-kwid-zen-ano-2019-retira-con-ud-6990-y-financia-_JM;N/A;;"Renault Kwid Zen Año 2019 Retira Con U$d 6.990 Y Financia ";usd;Sí;gold_premium;false;N/A;N/A;http://perfil.mercadolibre.com.uy/JUNCALAUTOMOVILES;active;N/A;N/A;Usado;Plateado;N/A;Hidráulica;Delantera;N/A;N/A;Sí;N/A;N/A;N/A;N/A;N/A;N/A;N/A;N/A;N/A;N/A;N/A;N/A;N/A;N/A;N/A;N/A;N/A;N/A;N/A;N/A;N/A;N/A;"2423 mm";"1 L";"50 L";5;N/A;N/A;N/A;N/A;N/A;N/A;N/A;N/A;N/A;N/A;N/A;N/A;N/A;N/A;N/A;N/A;N/A;N/A;N/A;N/A;N/A;N/A;N/A;N/A;N/A;N/A;N/A;N/A;N/A;N/A;N/A;N/A;N/A;N/A;N/A;N/A;N/A;N/A;N/A;N/A;N/A;N/A;N/A;N/A;N/A;"1474 mm";"3680 mm";N/A;N/A;N/A;N/A;5;"66 hp";Zen;N/A;4;"1752 mm";N/A;N/A;N/A;N/A;N/A;N/A;N/A;N/A;N/A;N/A;N/A;N/A;N/A;N/A;N/A;N/A;N/A;"LUNES A VIERNES DE 10:00 A 18:00 HRS";5;1.0;Nafta;Manual;Hatchback;"Autos y camionetas";N/A;N/A;N/A;N/A;N/A;N/A;UY;N/A;N/A;N/A;N/A;N/A;N/A;N/A;N/A;N/A;N/A;N/A;N/A;N/A;N/A;N/A;N/A;N/A;N/A;N/A;N/A;N/A;N/A;N/A;N/A;N/A;N/A;N/A;N/A;N/A;N/A;N/A;N/A;N/A;N/A;N/A;N/A;N/A;N/A;N/A;N/A;N/A;N/A;N/A;N/A;N/A;N/A;N/A;N/A;N/A;N/A;N/A;N/A;N/A;N/A;N/A;N/A;N/A;N/A;N/A;N/A;N/A;N/A;N/A;N/A;N/A;N/A;N/A;N/A;N/A;N/A;N/A;N/A;N/A;N/A;N/A;N/A;N/A;N/A;N/A;N/A;N/A;N/A;N/A;N/A;N/A;N/A;N/A;N/A;N/A;N/A;N/A;N/A;N/A;N/A;N/A;N/A;N/A;N/A;N/A;N/A;N/A;N/A;N/A;N/A;N/A;N/A;N/A;N/A;N/A;N/A;N/A;N/A;N/A;N/A;N/A
Renault;Kwid;"1.0 Sce 66cv Outsider";2024;"1 km";;JUNCALAUTOMOVILES;9990;;;;;Centro;https://auto.mercadolibre.com.uy/MLU-702202780-renault-kwid-outsider-0-km-2024-retira-ud-9990-y-financia-_JM;N/A;;"Renault Kwid Outsider 0 Km 2024 Retira U$d 9.990 Y Financia";usd;Sí;gold_premium;false;N/A;N/A;http://perfil.mercadolibre.com.uy/JUNCALAUTOMOVILES;active;N/A;N/A;Usado;Plateado;N/A;N/A;Delantera;N/A;N/A;Sí;N/A;N/A;N/A;N/A;N/A;N/A;N/A;N/A;N/A;N/A;N/A;N/A;N/A;N/A;N/A;N/A;N/A;N/A;N/A;N/A;N/A;N/A;"2423 mm";"1 L";"50 L";5;N/A;N/A;N/A;N/A;N/A;N/A;N/A;N/A;N/A;N/A;N/A;N/A;N/A;N/A;N/A;N/A;N/A;N/A;N/A;N/A;N/A;N/A;N/A;N/A;N/A;N/A;N/A;N/A;N/A;N/A;N/A;N/A;N/A;N/A;N/A;N/A;N/A;N/A;N/A;N/A;N/A;N/A;N/A;N/A;N/A;"1474 mm";"3680 mm";N/A;N/A;N/A;N/A;5;"66 hp";Outsider;N/A;4;"1752 mm";N/A;N/A;N/A;N/A;N/A;N/A;N/A;N/A;N/A;N/A;N/A;N/A;N/A;N/A;N/A;N/A;N/A;"LUNES A VIERNES DE 10:00 A 18:00 HRS";5;1.0;Nafta;Manual;Hatchback;"Autos y camionetas";N/A;N/A;N/A;N/A;N/A;N/A;UY;N/A;N/A;N/A;N/A;N/A;N/A;N/A;N/A;N/A;N/A;N/A;N/A;N/A;N/A;N/A;N/A;N/A;N/A;N/A;N/A;N/A;N/A;N/A;N/A;N/A;N/A;N/A;N/A;N/A;N/A;N/A;N/A;N/A;N/A;N/A;N/A;N/A;N/A;N/A;N/A;N/A;N/A;N/A;N/A;N/A;N/A;N/A;N/A;N/A;N/A;N/A;N/A;N/A;N/A;N/A;N/A;N/A;N/A;N/A;N/A;N/A;N/A;N/A;N/A;N/A;N/A;N/A;N/A;N/A;N/A;N/A;N/A;N/A;N/A;N/A;N/A;N/A;N/A;N/A;N/A;N/A;N/A;N/A;N/A;N/A;N/A;N/A;N/A;N/A;N/A;N/A;N/A;N/A;N/A;N/A;N/A;N/A;N/A;N/A;N/A;N/A;N/A;N/A;N/A;N/A;N/A;N/A;N/A;N/A;N/A;N/A;N/A;N/A;N/A;N/A
Renault;Captur;"Zen 2.0 MT Extra Full";2019;"105762 km";;MOTORLIDER.UY;17990;;;;;Carrasco;https://auto.mercadolibre.com.uy/MLU-702240336-renault-grand-captur-zen-20-mt-permuta-financia-_JM;N/A;;"Renault Grand Captur Zen 2.0 Mt| Permuta / Financia";usd;Sí;gold_premium;false;N/A;N/A;http://perfil.mercadolibre.com.uy/MOTORLIDER.UY;active;N/A;N/A;Usado;"Gris oscuro";Sí;Hidráulica;Delantera;Sí;Sí;Sí;N/A;N/A;N/A;Sí;Sí;N/A;Sí;N/A;Sí;Sí;N/A;Sí;N/A;N/A;N/A;N/A;N/A;N/A;N/A;N/A;N/A;N/A;N/A;"2000 cc";N/A;6;N/A;N/A;N/A;N/A;Sí;N/A;N/A;N/A;N/A;N/A;N/A;N/A;N/A;N/A;N/A;N/A;N/A;N/A;N/A;N/A;N/A;N/A;N/A;Sí;N/A;Sí;N/A;N/A;N/A;N/A;N/A;N/A;N/A;N/A;N/A;N/A;N/A;N/A;N/A;N/A;N/A;N/A;Sí;N/A;N/A;N/A;N/A;N/A;N/A;N/A;N/A;N/A;"143 hp";N/A;N/A;N/A;N/A;"10 km/l";N/A;N/A;N/A;N/A;Sí;N/A;Sí;N/A;N/A;N/A;"12 km/l";N/A;N/A;N/A;N/A;Sí;"Lun. a Vie. de 9 a 18:30 hs. Sáb. de 9 a 13 hs.";5;2.0;Nafta;Manual;SUV;"Autos y camionetas";No;N/A;N/A;N/A;No;N/A;UY;No;Sí;No;No;N/A;N/A;N/A;N/A;N/A;N/A;N/A;N/A;N/A;N/A;N/A;N/A;N/A;N/A;N/A;N/A;N/A;N/A;N/A;N/A;N/A;N/A;N/A;N/A;Sí;N/A;N/A;N/A;N/A;N/A;N/A;N/A;N/A;N/A;N/A;N/A;N/A;N/A;N/A;N/A;N/A;N/A;N/A;N/A;N/A;N/A;N/A;N/A;N/A;N/A;N/A;No;N/A;N/A;N/A;N/A;N/A;N/A;N/A;N/A;N/A;N/A;N/A;N/A;N/A;N/A;N/A;N/A;N/A;N/A;N/A;N/A;N/A;N/A;N/A;N/A;N/A;N/A;N/A;N/A;N/A;Sí;N/A;N/A;N/A;Sí;Sí;Sí;N/A;Sí;Sí;Sí;N/A;Sí;Sí;Sí;Sí;N/A;N/A;Sí;Sí;N/A;N/A;Sí;Sí;Sí;N/A;N/A;N/A;N/A;Sí
Renault;Oroch;"2.0 16v Dynamique";2017;"85000 km";;CASE7397470;13990;;;;;"Pocitos Nuevo";https://auto.mercadolibre.com.uy/MLU-706202876-renault-oroch-20-dynamique-ano-2017-segunda-duena-_JM;N/A;;"Renault Oroch 2.0 Dynamique Año 2017 ¡segunda Dueña! ";USD;Sí;gold_premium;false;N/A;N/A;http://perfil.mercadolibre.com.uy/CASE7397470;active;N/A;N/A;Usado;Gris;N/A;Eléctrica;Delantera;Sí;Sí;N/A;N/A;N/A;Sí;N/A;N/A;N/A;N/A;N/A;Sí;Sí;N/A;N/A;N/A;N/A;N/A;N/A;N/A;N/A;N/A;N/A;N/A;N/A;N/A;N/A;N/A;N/A;N/A;N/A;N/A;N/A;N/A;Sí;N/A;N/A;N/A;N/A;N/A;N/A;N/A;N/A;N/A;N/A;N/A;N/A;N/A;N/A;N/A;N/A;N/A;N/A;N/A;N/A;N/A;N/A;N/A;Sí;N/A;N/A;N/A;N/A;N/A;N/A;N/A;N/A;N/A;N/A;N/A;N/A;N/A;N/A;N/A;N/A;N/A;N/A;N/A;N/A;N/A;N/A;N/A;N/A;N/A;N/A;N/A;N/A;N/A;N/A;N/A;Sí;N/A;Sí;Sí;N/A;N/A;N/A;N/A;Sí;Sí;N/A;N/A;N/A;N/A;4;"2.0 16V";Nafta;Manual;Pick-Up;"Autos y camionetas";N/A;N/A;N/A;N/A;N/A;N/A;N/A;N/A;Sí;N/A;N/A;N/A;N/A;N/A;N/A;N/A;N/A;N/A;N/A;N/A;N/A;N/A;N/A;N/A;N/A;N/A;N/A;N/A;N/A;N/A;N/A;N/A;N/A;N/A;N/A;N/A;N/A;N/A;N/A;N/A;N/A;N/A;N/A;N/A;N/A;N/A;N/A;N/A;N/A;N/A;N/A;N/A;N/A;N/A;N/A;N/A;N/A;N/A;N/A;N/A;N/A;N/A;N/A;N/A;N/A;N/A;N/A;N/A;N/A;N/A;N/A;N/A;N/A;N/A;N/A;N/A;N/A;N/A;N/A;N/A;N/A;N/A;N/A;N/A;N/A;N/A;N/A;N/A;N/A;N/A;N/A;N/A;N/A;N/A;N/A;N/A;Sí;Sí;Sí;N/A;Sí;N/A;N/A;N/A;N/A;Sí;Sí;Sí;Sí;N/A;N/A;N/A;Sí;Sí;N/A;N/A;N/A;N/A;N/A;N/A;N/A;N/A
Renault;Kwid;"1.0 Sce 66cv Life";2020;"116440 km";;SHOPPINGDEAUTOS01;11900;;;;;Carrasco;https://auto.mercadolibre.com.uy/MLU-701591614-renault-kwid-life-10-mt-2020-_JM;N/A;;"Renault Kwid Life 1.0 Mt 2020";$(uy);Sí;gold_premium;false;N/A;N/A;http://perfil.mercadolibre.com.uy/SHOPPINGDEAUTOS01;active;N/A;N/A;Usado;Naranja;No;Hidráulica;Delantera;Sí;No;No;No;No;No;No;No;No;No;Sí;No;No;N/A;No;N/A;N/A;N/A;N/A;N/A;N/A;N/A;N/A;N/A;N/A;"2423 mm";"1 L";"50 L";5;N/A;N/A;No;No;N/A;No;No;N/A;N/A;N/A;N/A;N/A;N/A;N/A;N/A;N/A;N/A;N/A;N/A;N/A;N/A;No;No;No;N/A;No;N/A;No;N/A;No;N/A;N/A;N/A;N/A;N/A;N/A;No;N/A;N/A;N/A;N/A;N/A;No;N/A;N/A;"1474 mm";"3680 mm";N/A;N/A;N/A;N/A;5;N/A;N/A;N/A;4;"1752 mm";N/A;No;No;No;Sí;No;Sí;No;No;No;No;N/A;No;No;N/A;N/A;Sí;"Lunes a Lunes de 10 a 20 horas.";5;1.0;Nafta;Manual;Hatchback;"Autos y camionetas";No;N/A;N/A;N/A;No;N/A;UY;N/A;Sí;N/A;No;N/A;N/A;N/A;N/A;N/A;N/A;N/A;N/A;N/A;N/A;N/A;N/A;N/A;No;N/A;N/A;N/A;N/A;N/A;N/A;N/A;N/A;N/A;N/A;N/A;N/A;N/A;N/A;N/A;N/A;N/A;N/A;No;N/A;N/A;N/A;N/A;N/A;N/A;N/A;N/A;N/A;N/A;N/A;N/A;N/A;N/A;N/A;N/A;N/A;Sí;No;N/A;N/A;N/A;N/A;N/A;N/A;N/A;No;No;No;N/A;N/A;N/A;N/A;N/A;N/A;N/A;N/A;N/A;N/A;N/A;N/A;N/A;N/A;N/A;N/A;N/A;N/A;N/A;N/A;N/A;N/A;No;Sí;Sí;Sí;No;No;No;No;N/A;No;Sí;No;Sí;Sí;N/A;No;Sí;No;No;Sí;Sí;Sí;No;No;No;No;No
Renault;Clio;"Mio Plus";2015;"118345 km";;"MOTORLAND URUGUAY";9590;;;;;Shangrilá;https://auto.mercadolibre.com.uy/MLU-701427984-renault-clio-mio-plus-motorland-permuto-financio-_JM;N/A;;"Renault Clio Mio Plus - Motorland Permuto / Financio";USD;Sí;gold_premium;false;N/A;N/A;http://perfil.mercadolibre.com.uy/MOTORLAND+URUGUAY;active;N/A;N/A;Usado;Bordó;N/A;Hidráulica;N/A;Sí;Sí;N/A;N/A;N/A;N/A;N/A;N/A;N/A;N/A;N/A;N/A;N/A;N/A;N/A;N/A;N/A;N/A;N/A;N/A;N/A;N/A;N/A;N/A;N/A;N/A;"1200 cc";N/A;5;N/A;N/A;N/A;N/A;N/A;N/A;N/A;N/A;N/A;N/A;N/A;N/A;N/A;N/A;N/A;N/A;N/A;N/A;N/A;N/A;N/A;N/A;N/A;N/A;N/A;N/A;N/A;N/A;N/A;N/A;N/A;N/A;N/A;N/A;N/A;N/A;N/A;N/A;N/A;N/A;N/A;N/A;N/A;N/A;N/A;N/A;N/A;N/A;N/A;N/A;N/A;N/A;"75 hp";N/A;N/A;N/A;N/A;"14 km/l";N/A;N/A;N/A;N/A;N/A;N/A;N/A;N/A;N/A;N/A;"16 km/l";N/A;N/A;N/A;N/A;N/A;"Lunes a viernes de 09:30 a 18:30 y sábados de 09 a 13 hs.";5;1.2;Nafta;Manual;Hatchback;"Autos y camionetas";No;N/A;N/A;N/A;No;N/A;N/A;No;Sí;No;No;N/A;N/A;N/A;N/A;N/A;N/A;N/A;N/A;N/A;N/A;N/A;N/A;N/A;N/A;N/A;N/A;N/A;N/A;N/A;N/A;N/A;N/A;N/A;N/A;N/A;N/A;N/A;N/A;N/A;N/A;N/A;N/A;N/A;N/A;N/A;N/A;N/A;N/A;N/A;N/A;N/A;N/A;N/A;N/A;N/A;N/A;N/A;N/A;N/A;N/A;N/A;No;N/A;N/A;N/A;N/A;N/A;N/A;N/A;N/A;N/A;N/A;N/A;N/A;N/A;N/A;N/A;N/A;N/A;N/A;N/A;N/A;N/A;N/A;N/A;N/A;N/A;N/A;N/A;N/A;N/A;N/A;N/A;N/A;N/A;Sí;N/A;N/A;N/A;Sí;N/A;N/A;N/A;Sí;N/A;N/A;N/A;N/A;N/A;N/A;N/A;N/A;N/A;Sí;N/A;N/A;N/A;N/A;N/A;N/A;N/A
Renault;"Duster Oroch";"1.3 Tce Intens Outsider Cvt 2Wd";2023;"44369 km";;SHOPPINGDEAUTOS02;23900;;;;;Carrasco;https://auto.mercadolibre.com.uy/MLU-701218918-renault-oroch-outsider-dc-13-t-at-2023-_JM;N/A;;"Renault Oroch Outsider Dc 1.3 T At 2023";$(uy);Sí;gold_premium;false;N/A;N/A;http://perfil.mercadolibre.com.uy/SHOPPINGDEAUTOS02;active;N/A;N/A;Usado;Rojo;No;Asistida;4x2;Sí;Sí;Sí;No;Sí;No;Sí;Sí;Sí;No;Sí;Sí;Sí;N/A;Sí;N/A;N/A;N/A;N/A;N/A;N/A;N/A;N/A;N/A;N/A;"2829 mm";"1.3 L";"45 L";N/A;N/A;N/A;No;Sí;N/A;Sí;No;N/A;N/A;N/A;N/A;N/A;N/A;N/A;N/A;N/A;N/A;N/A;N/A;N/A;N/A;No;No;Sí;N/A;Sí;N/A;Sí;N/A;Sí;N/A;N/A;N/A;N/A;N/A;N/A;Sí;N/A;N/A;N/A;N/A;N/A;Sí;N/A;N/A;"1631 mm";"4719 mm";N/A;N/A;N/A;N/A;5;N/A;N/A;N/A;4;"1821 mm";N/A;No;No;Sí;Sí;No;Sí;Sí;No;No;No;N/A;No;No;N/A;N/A;No;"Lunes a Lunes de 10 a 20 horas.";4;1.3T;Nafta;Automática;Pick-Up;"Autos y camionetas";No;N/A;N/A;N/A;No;N/A;UY;N/A;Sí;N/A;No;N/A;N/A;N/A;N/A;N/A;N/A;N/A;N/A;N/A;N/A;N/A;N/A;N/A;Sí;N/A;N/A;N/A;N/A;N/A;N/A;N/A;N/A;N/A;N/A;N/A;N/A;N/A;N/A;N/A;N/A;N/A;N/A;No;N/A;N/A;N/A;N/A;N/A;N/A;N/A;N/A;N/A;N/A;N/A;N/A;N/A;N/A;N/A;N/A;N/A;Sí;Sí;N/A;N/A;N/A;N/A;N/A;N/A;N/A;No;No;Sí;N/A;N/A;N/A;N/A;N/A;N/A;N/A;N/A;N/A;N/A;N/A;N/A;N/A;N/A;N/A;N/A;N/A;N/A;N/A;N/A;N/A;N/A;No;Sí;Sí;Sí;Sí;No;Sí;Sí;N/A;Sí;Sí;Sí;Sí;No;N/A;No;Sí;Sí;Sí;Sí;Sí;Sí;No;No;No;No;Sí
Renault;Stepway;"1.6 Intens Cvt";2022;"39673 km";;SHOPPINGDEAUTOS02;20900;;;;;Carrasco;https://auto.mercadolibre.com.uy/MLU-701079412-renault-stepway-intense-16-at-2022-_JM;N/A;;"Renault Stepway Intense 1.6 At 2022";$(uy);Sí;gold_premium;false;N/A;N/A;http://perfil.mercadolibre.com.uy/SHOPPINGDEAUTOS02;active;N/A;N/A;Usado;Gris;Sí;Hidráulica;Delantera;Sí;Sí;Sí;No;No;Sí;No;No;Sí;No;No;Sí;Sí;N/A;Sí;N/A;N/A;N/A;N/A;N/A;N/A;N/A;N/A;N/A;N/A;"2590 mm";"1.6 L";"50 L";6;N/A;N/A;No;No;N/A;Sí;No;N/A;N/A;N/A;N/A;N/A;N/A;N/A;N/A;N/A;N/A;N/A;N/A;N/A;N/A;No;No;No;N/A;No;N/A;No;N/A;No;N/A;N/A;N/A;N/A;N/A;N/A;No;N/A;N/A;N/A;N/A;N/A;No;N/A;N/A;"1559 mm";"4066 mm";N/A;N/A;N/A;N/A;5;N/A;N/A;N/A;4;"1761 mm";"9.3 km/l";No;No;Sí;No;No;Sí;Sí;No;No;No;"5.9 km/l";No;No;N/A;N/A;Sí;"Lunes a Lunes de 10 a 20 horas.";5;1.6;Nafta;Automática;SUV;"Autos y camionetas";Sí;N/A;N/A;N/A;No;N/A;UY;N/A;Sí;N/A;Sí;N/A;N/A;N/A;N/A;N/A;N/A;N/A;N/A;N/A;N/A;N/A;N/A;N/A;Sí;N/A;N/A;N/A;N/A;N/A;N/A;N/A;N/A;N/A;N/A;N/A;N/A;N/A;N/A;N/A;N/A;N/A;N/A;No;N/A;N/A;N/A;N/A;N/A;N/A;N/A;N/A;N/A;N/A;N/A;N/A;N/A;N/A;N/A;N/A;N/A;Sí;Sí;N/A;N/A;N/A;N/A;N/A;N/A;N/A;No;No;No;N/A;N/A;N/A;N/A;N/A;N/A;N/A;N/A;N/A;N/A;N/A;N/A;N/A;N/A;N/A;N/A;N/A;N/A;N/A;N/A;N/A;N/A;No;Sí;Sí;Sí;No;Sí;No;No;N/A;No;Sí;No;Sí;Sí;N/A;No;No;No;Sí;Sí;Sí;Sí;No;No;No;No;Sí
Renault;Fluence;"PRIVILEGE PLUS";2014;"180427 km";;SHOPPINGDEAUTOS;10900;;;;;Centro;https://auto.mercadolibre.com.uy/MLU-700723306-renault-fluence-privilege-plus-20-mt-2014-_JM;N/A;;"Renault Fluence Privilege Plus 2.0 Mt 2014";$(uy);Sí;gold_premium;false;N/A;N/A;http://perfil.mercadolibre.com.uy/SHOPPINGDEAUTOS;active;N/A;N/A;Usado;"Gris oscuro";No;Hidráulica;Delantera;Sí;Sí;Sí;No;No;No;Sí;Sí;Sí;No;Sí;No;Sí;N/A;Sí;N/A;N/A;N/A;N/A;N/A;N/A;N/A;N/A;N/A;N/A;"2700 mm";"2 L";"60 L";6;N/A;N/A;No;No;N/A;No;Sí;N/A;N/A;Sí;N/A;N/A;N/A;N/A;N/A;N/A;N/A;N/A;N/A;N/A;N/A;No;No;Sí;N/A;Sí;N/A;No;N/A;No;N/A;N/A;N/A;Sí;Sí;N/A;Sí;N/A;N/A;N/A;N/A;N/A;Sí;N/A;N/A;"1479 mm";"4618 mm";N/A;N/A;N/A;N/A;5;N/A;"FLUENCE PRIVILEGE";N/A;4;"1810 mm";"11 km/l";No;No;No;Sí;No;No;Sí;Sí;No;No;"6.2 km/l";No;No;N/A;N/A;No;"Lunes a Lunes de 10 a 20 horas.";5;2.0;Nafta;Manual;Sedán;"Autos y camionetas";No;N/A;N/A;N/A;No;N/A;UY;N/A;Sí;N/A;No;N/A;N/A;N/A;N/A;N/A;N/A;N/A;N/A;N/A;N/A;N/A;N/A;N/A;No;N/A;N/A;N/A;N/A;N/A;N/A;N/A;N/A;N/A;N/A;N/A;N/A;N/A;N/A;N/A;N/A;N/A;N/A;No;N/A;N/A;N/A;N/A;N/A;N/A;N/A;N/A;N/A;N/A;N/A;N/A;N/A;N/A;N/A;N/A;N/A;Sí;Sí;N/A;N/A;N/A;N/A;N/A;N/A;N/A;No;No;No;N/A;N/A;N/A;N/A;N/A;N/A;N/A;N/A;N/A;N/A;N/A;N/A;N/A;N/A;N/A;N/A;N/A;N/A;N/A;N/A;N/A;N/A;No;Sí;No;Sí;Sí;No;Sí;Sí;N/A;Sí;Sí;No;Sí;No;N/A;Sí;No;No;Sí;Sí;Sí;Sí;Sí;No;No;Sí;Sí
Renault;Sandero;"1.6 Authentique 90cv";2018;"88543 km";;SHOPPINGDEAUTOS03;11500;;;;;Carrasco;https://auto.mercadolibre.com.uy/MLU-700422450-renault-nuevo-sandero-authentique-16-2018-_JM;N/A;;"Renault Nuevo Sandero Authentique 1.6 2018";$(uy);Sí;gold_premium;false;N/A;N/A;http://perfil.mercadolibre.com.uy/SHOPPINGDEAUTOS03;active;N/A;N/A;Usado;Blanco;No;Hidráulica;Delantera;Sí;Sí;No;No;No;No;Sí;No;No;No;Sí;No;Sí;N/A;No;N/A;N/A;N/A;N/A;N/A;N/A;N/A;N/A;N/A;N/A;"2590 mm";"1.6 L";"50 L";5;N/A;N/A;No;No;N/A;No;No;N/A;N/A;N/A;N/A;N/A;N/A;N/A;N/A;N/A;N/A;N/A;N/A;N/A;N/A;No;No;No;N/A;Sí;N/A;No;N/A;No;N/A;N/A;N/A;N/A;N/A;N/A;Sí;N/A;N/A;N/A;N/A;N/A;No;N/A;N/A;"1528 mm";"4023 mm";N/A;N/A;N/A;N/A;5;"90 hp";Authentique;N/A;2;"1733 mm";"10 km/l";No;No;Sí;Sí;No;Sí;Sí;No;No;No;"5.8 km/l";No;No;N/A;N/A;Sí;"Lunes a Lunes de 10 a 20 horas.";5;1.6;Nafta;Manual;Hatchback;"Autos y camionetas";No;N/A;N/A;N/A;No;N/A;UY;N/A;Sí;N/A;No;N/A;N/A;N/A;N/A;N/A;N/A;N/A;N/A;N/A;N/A;N/A;N/A;N/A;No;N/A;N/A;N/A;N/A;N/A;N/A;N/A;N/A;N/A;N/A;N/A;N/A;N/A;N/A;N/A;N/A;N/A;N/A;No;N/A;N/A;N/A;N/A;N/A;N/A;N/A;N/A;N/A;N/A;N/A;N/A;N/A;N/A;N/A;N/A;N/A;Sí;Sí;N/A;N/A;N/A;N/A;N/A;N/A;N/A;No;No;No;N/A;N/A;N/A;N/A;N/A;N/A;N/A;N/A;N/A;N/A;N/A;N/A;N/A;N/A;N/A;N/A;N/A;N/A;N/A;N/A;N/A;N/A;No;Sí;Sí;No;No;No;No;No;N/A;No;Sí;No;No;No;N/A;No;No;No;Sí;Sí;Sí;Sí;Sí;No;No;No;Sí
Renault;Kwid;"1.0 Sce 66cv Life";2020;"70419 km";;"FIANCAR CARRASCO";11900;;;;;Carrasco;https://auto.mercadolibre.com.uy/MLU-700455084-renault-kwid-life-10-mt-5pts-2020-_JM;N/A;;"Renault Kwid Life 1.0 Mt 5pts  2020";$(uy);Sí;gold_premium;false;N/A;N/A;http://perfil.mercadolibre.com.uy/FIANCAR+CARRASCO;active;N/A;N/A;Usado;"GRIS PLATA";No;Hidráulica;Delantera;Sí;Sí;No;No;No;No;Sí;Sí;No;No;Sí;No;Sí;N/A;Sí;N/A;N/A;N/A;N/A;N/A;N/A;N/A;N/A;N/A;N/A;"2423 mm";"1 L";"50 L";5;N/A;N/A;No;No;N/A;No;No;N/A;N/A;N/A;N/A;N/A;N/A;N/A;N/A;N/A;N/A;N/A;N/A;N/A;N/A;No;No;No;N/A;Sí;N/A;Sí;N/A;No;N/A;N/A;N/A;N/A;N/A;N/A;Sí;N/A;N/A;N/A;N/A;N/A;No;N/A;N/A;"1474 mm";"3680 mm";N/A;N/A;N/A;N/A;5;N/A;"KWID LIFE";N/A;4;"1752 mm";N/A;No;No;No;Sí;No;Sí;Sí;Sí;No;No;N/A;No;No;N/A;N/A;Sí;"Lunes a Viernes de 10 a 18.45 horas.";5;1.0;Nafta;Manual;Hatchback;"Autos y camionetas";No;N/A;N/A;N/A;No;N/A;UY;N/A;Sí;N/A;No;N/A;N/A;N/A;N/A;N/A;N/A;N/A;N/A;N/A;N/A;N/A;N/A;N/A;No;N/A;N/A;N/A;N/A;N/A;N/A;N/A;N/A;N/A;N/A;N/A;N/A;N/A;N/A;N/A;N/A;N/A;N/A;No;N/A;N/A;N/A;N/A;N/A;N/A;N/A;N/A;N/A;N/A;N/A;N/A;N/A;N/A;N/A;N/A;N/A;Sí;Sí;N/A;N/A;N/A;N/A;N/A;N/A;N/A;No;No;No;N/A;N/A;N/A;N/A;N/A;N/A;N/A;N/A;N/A;N/A;N/A;N/A;N/A;N/A;N/A;N/A;N/A;N/A;N/A;N/A;N/A;N/A;No;Sí;Sí;No;No;No;No;Sí;N/A;No;Sí;No;No;No;N/A;Sí;No;No;Sí;Sí;Sí;Sí;No;No;No;No;Sí
Renault;"Duster Oroch";Expression;2018;"88120 km";;"MOTORLAND URUGUAY";14990;;;;;Shangrilá;https://auto.mercadolibre.com.uy/MLU-699989488-renault-oroch-expression-motorland-permuto-financio-_JM;N/A;;"Renault Oroch Expression - Motorland Permuto / Financio";USD;Sí;gold_premium;false;N/A;N/A;http://perfil.mercadolibre.com.uy/MOTORLAND+URUGUAY;active;N/A;N/A;Usado;Plateado;N/A;Hidráulica;N/A;Sí;N/A;N/A;N/A;N/A;N/A;N/A;Sí;N/A;N/A;Sí;N/A;Sí;N/A;N/A;N/A;N/A;N/A;N/A;N/A;N/A;N/A;N/A;N/A;N/A;N/A;"1600 cc";N/A;5;N/A;N/A;N/A;N/A;N/A;N/A;N/A;N/A;N/A;N/A;N/A;N/A;N/A;N/A;N/A;N/A;N/A;N/A;N/A;N/A;N/A;N/A;N/A;Sí;N/A;Sí;N/A;N/A;N/A;N/A;N/A;N/A;N/A;N/A;N/A;N/A;N/A;N/A;N/A;N/A;N/A;N/A;N/A;N/A;N/A;N/A;N/A;N/A;N/A;N/A;N/A;N/A;"110 hp";N/A;N/A;N/A;N/A;"11 km/l";N/A;N/A;N/A;N/A;N/A;Sí;N/A;N/A;N/A;N/A;"13 km/l";N/A;N/A;Sí;N/A;N/A;"Lunes a viernes de 09:30 a 18:30 y sábados de 09 a 13 hs.";4;1.6;Nafta;Manual;Pick-Up;"Autos y camionetas";No;N/A;N/A;N/A;No;N/A;N/A;No;Sí;No;No;N/A;N/A;N/A;N/A;N/A;N/A;N/A;N/A;N/A;N/A;N/A;N/A;N/A;N/A;N/A;N/A;N/A;N/A;N/A;N/A;N/A;N/A;N/A;N/A;N/A;N/A;N/A;N/A;N/A;N/A;N/A;N/A;N/A;N/A;N/A;N/A;N/A;N/A;N/A;N/A;N/A;N/A;N/A;N/A;N/A;N/A;N/A;N/A;N/A;N/A;N/A;No;N/A;N/A;N/A;N/A;N/A;N/A;N/A;N/A;N/A;N/A;N/A;N/A;N/A;N/A;N/A;N/A;N/A;N/A;N/A;N/A;N/A;N/A;N/A;N/A;N/A;N/A;N/A;N/A;N/A;N/A;N/A;N/A;N/A;Sí;Sí;Sí;N/A;Sí;N/A;N/A;N/A;Sí;Sí;N/A;N/A;N/A;N/A;N/A;N/A;N/A;N/A;Sí;Sí;Sí;N/A;N/A;Sí;Sí;Sí
Renault;Kwid;"OUTSIDER 1.0 FULL MT";2020;"33677 km";;CARRASCOFIANCAR;13490;;;;;Centro;https://auto.mercadolibre.com.uy/MLU-699950112-renault-kwid-outsider-10-mt-2020-_JM;N/A;;"Renault Kwid Outsider 1.0 Mt 2020";$(uy);Sí;gold_premium;false;N/A;N/A;http://perfil.mercadolibre.com.uy/CARRASCOFIANCAR;active;N/A;N/A;Usado;"GRIS PLATA";No;Hidráulica;Delantera;Sí;Sí;Sí;No;No;No;Sí;Sí;No;No;Sí;No;No;N/A;Sí;N/A;N/A;N/A;N/A;N/A;N/A;N/A;N/A;N/A;N/A;N/A;N/A;N/A;N/A;N/A;N/A;No;No;N/A;Sí;Sí;N/A;N/A;N/A;N/A;N/A;N/A;N/A;N/A;N/A;N/A;N/A;N/A;N/A;N/A;No;No;Sí;N/A;Sí;N/A;No;N/A;No;N/A;N/A;N/A;N/A;N/A;N/A;Sí;N/A;N/A;N/A;N/A;N/A;No;N/A;N/A;N/A;N/A;N/A;N/A;N/A;N/A;N/A;N/A;"KWID OUTSIDER";N/A;N/A;N/A;N/A;No;No;No;No;No;No;Sí;Sí;No;No;N/A;No;No;N/A;N/A;Sí;"Lunes a Viernes de 10 a 18.45 horas.";5;1.0;Nafta;Manual;Hatchback;"Autos y camionetas";No;N/A;N/A;N/A;No;N/A;UY;N/A;Sí;N/A;No;N/A;N/A;N/A;N/A;N/A;N/A;N/A;N/A;N/A;N/A;N/A;N/A;N/A;Sí;N/A;N/A;N/A;N/A;N/A;N/A;N/A;N/A;N/A;N/A;N/A;N/A;N/A;N/A;N/A;N/A;N/A;N/A;No;N/A;N/A;N/A;N/A;N/A;N/A;N/A;N/A;N/A;N/A;N/A;N/A;N/A;N/A;N/A;N/A;N/A;Sí;Sí;N/A;N/A;N/A;N/A;N/A;N/A;N/A;No;No;No;N/A;N/A;N/A;N/A;N/A;N/A;N/A;N/A;N/A;N/A;N/A;N/A;N/A;N/A;N/A;N/A;N/A;N/A;N/A;N/A;N/A;N/A;No;Sí;Sí;No;Sí;No;No;Sí;N/A;Sí;Sí;Sí;No;No;N/A;No;No;Sí;Sí;Sí;Sí;Sí;No;No;No;No;Sí
Renault;Kangoo;"1.6 Ph3 Authentique 1plc";2016;"132541 km";;CARRASCOFIANCAR;9500;;;;;Centro;https://auto.mercadolibre.com.uy/MLU-700015030-renault-kangoo-furgon-fase-2-caa-16-2016-_JM;N/A;;"Renault Kangoo Furgón Fase 2 C/aa 1.6 2016";$(uy);Sí;gold_premium;false;N/A;N/A;http://perfil.mercadolibre.com.uy/CARRASCOFIANCAR;active;N/A;N/A;Usado;"GRIS PLATA";No;Hidráulica;Delantera;Sí;No;No;No;No;No;No;No;No;No;Sí;No;No;N/A;No;N/A;N/A;N/A;N/A;N/A;N/A;N/A;N/A;N/A;N/A;"2600 mm";"1.6 L";"52 L";5;N/A;N/A;No;No;N/A;No;No;N/A;N/A;N/A;N/A;N/A;N/A;N/A;N/A;N/A;N/A;N/A;N/A;N/A;N/A;No;No;No;N/A;No;N/A;No;N/A;No;N/A;N/A;N/A;N/A;N/A;N/A;No;N/A;N/A;N/A;N/A;N/A;No;N/A;N/A;"1860 mm";"4010 mm";N/A;N/A;N/A;N/A;5;N/A;KANGOO;N/A;4;"1670 mm";"11.09 km/l";No;No;No;Sí;No;Sí;No;No;No;No;N/A;No;No;N/A;N/A;No;"Lunes a Viernes de 10 a 18.45 horas.";5;1.6;Nafta;Manual;Furgón;"Autos y camionetas";No;N/A;N/A;N/A;No;N/A;UY;N/A;Sí;N/A;No;N/A;N/A;N/A;N/A;N/A;N/A;N/A;N/A;N/A;N/A;N/A;N/A;N/A;No;N/A;N/A;N/A;N/A;N/A;N/A;N/A;N/A;N/A;N/A;N/A;N/A;N/A;N/A;N/A;N/A;N/A;N/A;No;N/A;N/A;N/A;N/A;N/A;N/A;N/A;N/A;N/A;N/A;N/A;N/A;N/A;N/A;N/A;N/A;N/A;Sí;No;N/A;N/A;N/A;N/A;N/A;N/A;N/A;No;No;No;N/A;N/A;N/A;N/A;N/A;N/A;N/A;N/A;N/A;N/A;N/A;N/A;N/A;N/A;N/A;N/A;N/A;N/A;N/A;N/A;N/A;N/A;No;Sí;Sí;No;No;No;No;Sí;N/A;No;Sí;No;Sí;No;N/A;No;No;No;Sí;Sí;Sí;Sí;Sí;No;No;No;Sí
Renault;Fluence;"2.0 Privilege Mt";2012;"142145 km";;SHOPPINGDEAUTOS03;11500;;;;;Carrasco;https://auto.mercadolibre.com.uy/MLU-700015020-renault-fluence-privilege-20-mt-16v-2012-_JM;N/A;;"Renault Fluence Privilege 2.0 Mt 16v 2012";$(uy);Sí;gold_premium;false;N/A;N/A;http://perfil.mercadolibre.com.uy/SHOPPINGDEAUTOS03;active;N/A;N/A;Usado;"GRIS PLATA";No;Hidráulica;Delantera;Sí;Sí;No;No;No;No;Sí;No;No;No;Sí;No;Sí;N/A;Sí;N/A;N/A;N/A;N/A;N/A;N/A;N/A;N/A;N/A;N/A;"2700 mm";"2 L";"60 L";6;N/A;N/A;No;No;N/A;Sí;Sí;N/A;N/A;Sí;N/A;N/A;N/A;N/A;N/A;N/A;N/A;N/A;N/A;N/A;N/A;No;Sí;No;N/A;Sí;N/A;Sí;N/A;No;N/A;N/A;N/A;Sí;Sí;Sí;Sí;N/A;N/A;N/A;N/A;N/A;Sí;N/A;N/A;"1479 mm";"4618 mm";N/A;N/A;N/A;N/A;5;N/A;N/A;N/A;4;"1810 mm";"11 km/l";No;No;No;Sí;No;Sí;Sí;No;No;No;"6.2 km/l";No;No;N/A;N/A;No;"Lunes a Lunes de 10 a 20 horas.";4;2.0;Nafta;Manual;Sedán;"Autos y camionetas";No;N/A;N/A;N/A;No;N/A;UY;N/A;Sí;N/A;No;N/A;N/A;N/A;N/A;N/A;N/A;N/A;N/A;N/A;N/A;N/A;N/A;N/A;No;N/A;N/A;N/A;N/A;N/A;N/A;N/A;N/A;N/A;N/A;N/A;N/A;N/A;N/A;N/A;N/A;N/A;N/A;No;N/A;N/A;N/A;N/A;N/A;N/A;N/A;N/A;N/A;N/A;N/A;N/A;N/A;N/A;N/A;N/A;N/A;Sí;Sí;N/A;N/A;N/A;N/A;N/A;N/A;N/A;No;No;No;N/A;N/A;N/A;N/A;N/A;N/A;N/A;N/A;N/A;N/A;N/A;N/A;N/A;N/A;N/A;N/A;N/A;N/A;N/A;N/A;N/A;N/A;No;Sí;Sí;Sí;No;No;No;Sí;N/A;Sí;Sí;No;Sí;No;N/A;Sí;Sí;No;Sí;Sí;Sí;Sí;No;No;No;No;Sí
Renault;Kwid;"1.0 Sce 66cv Life";2023;"31342 km";;"FIANCAR CARRASCO";12900;;;;;Carrasco;https://auto.mercadolibre.com.uy/MLU-700001986-renault-kwid-life-10-mt-2023-_JM;N/A;;"Renault Kwid Life 1.0 Mt 2023";$(uy);Sí;gold_premium;false;N/A;N/A;http://perfil.mercadolibre.com.uy/FIANCAR+CARRASCO;active;N/A;N/A;Usado;Blanco;No;Hidráulica;Delantera;Sí;Sí;No;No;No;No;Sí;No;No;No;Sí;No;No;N/A;Sí;N/A;N/A;N/A;N/A;N/A;N/A;N/A;N/A;N/A;N/A;"2423 mm";"1 L";"50 L";5;N/A;N/A;No;No;N/A;No;No;N/A;N/A;N/A;N/A;N/A;N/A;N/A;N/A;N/A;N/A;N/A;N/A;N/A;N/A;No;No;No;N/A;Sí;N/A;No;N/A;No;N/A;N/A;N/A;N/A;N/A;N/A;Sí;N/A;N/A;N/A;N/A;N/A;No;N/A;N/A;"1474 mm";"3680 mm";N/A;N/A;N/A;N/A;5;N/A;"KWID LIFE";N/A;4;"1752 mm";N/A;No;No;No;Sí;No;Sí;Sí;Sí;No;No;N/A;No;No;N/A;N/A;Sí;"Lunes a Viernes de 10 a 18.45 horas.";5;1.0;Nafta;Manual;Hatchback;"Autos y camionetas";No;N/A;N/A;N/A;No;N/A;UY;N/A;Sí;N/A;No;N/A;N/A;N/A;N/A;N/A;N/A;N/A;N/A;N/A;N/A;N/A;N/A;N/A;No;N/A;N/A;N/A;N/A;N/A;N/A;N/A;N/A;N/A;N/A;N/A;N/A;N/A;N/A;N/A;N/A;N/A;N/A;No;N/A;N/A;N/A;N/A;N/A;N/A;N/A;N/A;N/A;N/A;N/A;N/A;N/A;N/A;N/A;N/A;N/A;Sí;Sí;N/A;N/A;N/A;N/A;N/A;N/A;N/A;No;No;No;N/A;N/A;N/A;N/A;N/A;N/A;N/A;N/A;N/A;N/A;N/A;N/A;N/A;N/A;N/A;N/A;N/A;N/A;N/A;N/A;N/A;N/A;No;Sí;Sí;No;Sí;No;No;Sí;N/A;No;Sí;No;No;No;N/A;No;No;No;Sí;Sí;Sí;Sí;No;No;No;No;Sí
Renault;Clio;"MÍO PLUS 1.2 MT";2017;"110192 km";;SHOPPINGDEAUTOS01;10900;;;;;Carrasco;https://auto.mercadolibre.com.uy/MLU-700001984-renault-clio-mio-plus-12-mt-2017-_JM;N/A;;"Renault Clío Mío Plus 1.2 Mt  2017";$(uy);Sí;gold_premium;false;N/A;N/A;http://perfil.mercadolibre.com.uy/SHOPPINGDEAUTOS01;active;N/A;N/A;Usado;Blanco;No;Asistida;Delantera;Sí;No;No;No;No;No;Sí;No;No;No;No;No;Sí;N/A;No;N/A;N/A;N/A;N/A;N/A;N/A;N/A;N/A;N/A;N/A;N/A;N/A;N/A;N/A;N/A;N/A;No;No;N/A;No;No;N/A;N/A;N/A;N/A;N/A;N/A;N/A;N/A;N/A;N/A;N/A;N/A;N/A;N/A;No;No;No;N/A;No;N/A;No;N/A;No;N/A;N/A;N/A;N/A;N/A;N/A;No;N/A;N/A;N/A;N/A;N/A;No;N/A;N/A;N/A;N/A;N/A;N/A;N/A;N/A;N/A;N/A;N/A;N/A;N/A;N/A;N/A;No;No;No;No;No;No;Sí;No;No;No;N/A;No;No;N/A;N/A;Sí;"Lunes a Lunes de 10 a 20 horas.";5;1.2;Nafta;Manual;Hatchback;"Autos y camionetas";No;N/A;N/A;N/A;No;N/A;UY;N/A;Sí;N/A;No;N/A;N/A;N/A;N/A;N/A;N/A;N/A;N/A;N/A;N/A;N/A;N/A;N/A;No;N/A;N/A;N/A;N/A;N/A;N/A;N/A;N/A;N/A;N/A;N/A;N/A;N/A;N/A;N/A;N/A;N/A;N/A;No;N/A;N/A;N/A;N/A;N/A;N/A;N/A;N/A;N/A;N/A;N/A;N/A;N/A;N/A;N/A;N/A;N/A;Sí;Sí;N/A;N/A;N/A;N/A;N/A;N/A;N/A;No;No;No;N/A;N/A;N/A;N/A;N/A;N/A;N/A;N/A;N/A;N/A;N/A;N/A;N/A;N/A;N/A;N/A;N/A;N/A;N/A;N/A;N/A;N/A;No;Sí;No;Sí;No;No;No;No;N/A;Sí;Sí;No;No;No;N/A;No;No;No;Sí;Sí;Sí;Sí;No;No;No;Sí;Sí
Renault;Oroch;"2.0 Dynamique";2018;"110259 km";;SHOPPINGDEAUTOS01;15900;;;;;Carrasco;https://auto.mercadolibre.com.uy/MLU-699988872-renault-oroch-20-full-ano-2020-_JM;N/A;;"Renault Oroch 2.0 Full Año 2020";$(uy);Sí;gold_premium;false;N/A;N/A;http://perfil.mercadolibre.com.uy/SHOPPINGDEAUTOS01;active;N/A;N/A;Usado;"Gris oscuro";No;Hidráulica;Delantera;Sí;No;No;No;No;No;Sí;No;No;No;Sí;No;Sí;N/A;No;N/A;N/A;N/A;N/A;N/A;N/A;N/A;N/A;N/A;N/A;N/A;N/A;N/A;N/A;N/A;N/A;No;No;N/A;No;Sí;N/A;N/A;N/A;N/A;N/A;N/A;N/A;N/A;N/A;N/A;N/A;N/A;N/A;N/A;No;No;No;N/A;No;N/A;No;N/A;No;N/A;N/A;N/A;N/A;N/A;N/A;No;N/A;N/A;N/A;N/A;N/A;No;N/A;N/A;N/A;N/A;N/A;N/A;N/A;N/A;N/A;N/A;OROCH;N/A;N/A;N/A;N/A;No;No;No;Sí;No;Sí;No;No;No;No;N/A;No;No;N/A;N/A;No;"Lunes a Lunes de 10 a 20 horas.";4;2.0;Nafta;Manual;SUV;"Autos y camionetas";No;N/A;N/A;N/A;No;N/A;UY;N/A;Sí;N/A;No;N/A;N/A;N/A;N/A;N/A;N/A;N/A;N/A;N/A;N/A;N/A;N/A;N/A;No;N/A;N/A;N/A;N/A;N/A;N/A;N/A;N/A;N/A;N/A;N/A;N/A;N/A;N/A;N/A;N/A;N/A;N/A;No;N/A;N/A;N/A;N/A;N/A;N/A;N/A;N/A;N/A;N/A;N/A;N/A;N/A;N/A;N/A;N/A;N/A;Sí;No;N/A;N/A;N/A;N/A;N/A;N/A;N/A;No;No;No;N/A;N/A;N/A;N/A;N/A;N/A;N/A;N/A;N/A;N/A;N/A;N/A;N/A;N/A;N/A;N/A;N/A;N/A;N/A;N/A;N/A;N/A;No;Sí;Sí;Sí;No;No;Sí;Sí;N/A;Sí;Sí;No;No;No;N/A;No;No;No;No;Sí;Sí;Sí;No;No;No;No;No
Renault;Clio;Expression;2013;"201158 km";;SHOPPINGDEAUTOS;8900;;;;;Centro;https://auto.mercadolibre.com.uy/MLU-699962756-renault-clio-expression-12-mt-2013-_JM;N/A;;"Renault Clio Expression 1.2 Mt 2013";$(uy);Sí;gold_premium;false;N/A;N/A;http://perfil.mercadolibre.com.uy/SHOPPINGDEAUTOS;active;N/A;N/A;Usado;Gris;No;Hidráulica;Delantera;Sí;Sí;Sí;No;No;No;Sí;No;No;No;Sí;No;Sí;N/A;Sí;N/A;N/A;N/A;N/A;N/A;N/A;N/A;N/A;N/A;N/A;"2472 mm";"1200 cc";"50 L";5;N/A;N/A;No;No;N/A;No;No;N/A;N/A;N/A;N/A;N/A;N/A;N/A;N/A;N/A;N/A;N/A;N/A;N/A;N/A;No;No;No;N/A;No;N/A;No;N/A;No;N/A;N/A;N/A;N/A;N/A;N/A;Sí;N/A;N/A;N/A;N/A;N/A;No;N/A;N/A;"1417 mm";"3813 mm";N/A;N/A;N/A;N/A;5;N/A;N/A;N/A;4;"1639 mm";N/A;No;No;No;Sí;No;Sí;No;Sí;No;No;N/A;No;No;N/A;N/A;Sí;"Lunes a Lunes de 10 a 20 horas.";5;1.2;Nafta;Manual;Hatchback;"Autos y camionetas";No;N/A;N/A;N/A;No;N/A;UY;N/A;No;N/A;No;N/A;N/A;N/A;N/A;N/A;N/A;N/A;N/A;N/A;N/A;N/A;N/A;N/A;No;N/A;N/A;N/A;N/A;N/A;N/A;N/A;N/A;N/A;N/A;N/A;N/A;N/A;N/A;N/A;N/A;N/A;N/A;No;N/A;N/A;N/A;N/A;N/A;N/A;N/A;N/A;N/A;N/A;N/A;N/A;N/A;N/A;N/A;N/A;N/A;Sí;Sí;N/A;N/A;N/A;N/A;N/A;N/A;N/A;No;No;No;N/A;N/A;N/A;N/A;N/A;N/A;N/A;N/A;N/A;N/A;N/A;N/A;N/A;N/A;N/A;N/A;N/A;N/A;N/A;N/A;N/A;N/A;No;Sí;Sí;No;No;No;No;Sí;N/A;Sí;Sí;No;No;No;N/A;No;No;No;Sí;Sí;Sí;No;Sí;No;No;No;Sí
Renault;Kwid;"1.0 Sce 66cv Bitono";2022;"54142 km";;SHOPPINGDEAUTOS01;13900;;;;;Carrasco;https://auto.mercadolibre.com.uy/MLU-699910818-renault-kwid-bitono-10-mt-full-2022-_JM;N/A;;"Renault Kwid Bitono 1.0 Mt Full 2022";$(uy);Sí;gold_premium;false;N/A;N/A;http://perfil.mercadolibre.com.uy/SHOPPINGDEAUTOS01;active;N/A;N/A;Usado;GRIS-NEGRO;No;Hidráulica;Delantera;Sí;Sí;Sí;No;No;No;Sí;No;No;No;Sí;Sí;Sí;N/A;Sí;N/A;N/A;N/A;N/A;N/A;N/A;N/A;N/A;N/A;N/A;"2423 mm";"1 L";"50 L";5;N/A;N/A;No;No;N/A;Sí;No;N/A;N/A;N/A;N/A;N/A;N/A;N/A;N/A;N/A;N/A;N/A;N/A;N/A;N/A;No;No;No;N/A;Sí;N/A;No;N/A;No;N/A;N/A;N/A;N/A;N/A;N/A;Sí;N/A;N/A;N/A;N/A;N/A;No;N/A;N/A;"1474 mm";"3680 mm";N/A;N/A;N/A;N/A;5;N/A;N/A;N/A;4;"1752 mm";N/A;No;No;No;Sí;No;Sí;Sí;Sí;No;No;N/A;No;No;N/A;N/A;Sí;"Lunes a Lunes de 10 a 20 horas.";5;1.0;Nafta;Manual;Hatchback;"Autos y camionetas";No;N/A;N/A;N/A;No;N/A;UY;N/A;Sí;N/A;No;N/A;N/A;N/A;N/A;N/A;N/A;N/A;N/A;N/A;N/A;N/A;N/A;N/A;No;N/A;N/A;N/A;N/A;N/A;N/A;N/A;N/A;N/A;N/A;N/A;N/A;N/A;N/A;N/A;N/A;N/A;N/A;No;N/A;N/A;N/A;N/A;N/A;N/A;N/A;N/A;N/A;N/A;N/A;N/A;N/A;N/A;N/A;N/A;N/A;Sí;Sí;N/A;N/A;N/A;N/A;N/A;N/A;N/A;No;No;No;N/A;N/A;N/A;N/A;N/A;N/A;N/A;N/A;N/A;N/A;N/A;N/A;N/A;N/A;N/A;N/A;N/A;N/A;N/A;N/A;N/A;N/A;No;Sí;Sí;No;No;No;No;Sí;N/A;Sí;Sí;No;Sí;No;N/A;No;Sí;No;Sí;Sí;Sí;Sí;No;No;No;No;Sí
Renault;Kwid;"1.0 Sce 66cv Intense";2022;"45747 km";;SHOPPINGDEAUTOS;12900;;;;;Centro;https://auto.mercadolibre.com.uy/MLU-699975826-renault-kwid-intense-10-mt-2022-_JM;N/A;;"Renault Kwid Intense 1.0 Mt 2022";$(uy);Sí;gold_premium;false;N/A;N/A;http://perfil.mercadolibre.com.uy/SHOPPINGDEAUTOS;active;N/A;N/A;Usado;Crema;No;Hidráulica;Delantera;Sí;No;No;No;No;No;Sí;No;No;No;Sí;No;No;N/A;No;N/A;N/A;N/A;N/A;N/A;N/A;N/A;N/A;N/A;N/A;"2423 mm";"1 L";"50 L";5;N/A;N/A;Sí;Sí;N/A;No;Sí;N/A;N/A;N/A;N/A;N/A;N/A;N/A;N/A;N/A;N/A;N/A;N/A;N/A;N/A;No;No;No;N/A;Sí;N/A;No;N/A;No;N/A;N/A;N/A;N/A;N/A;N/A;No;N/A;N/A;N/A;N/A;N/A;No;N/A;N/A;"1474 mm";"3680 mm";N/A;N/A;N/A;N/A;5;N/A;N/A;N/A;4;"1752 mm";N/A;No;No;No;Sí;No;Sí;Sí;No;No;No;N/A;No;No;N/A;N/A;No;"Lunes a Lunes de 10 a 20 horas.";5;1.0;Nafta;Manual;Hatchback;"Autos y camionetas";No;N/A;N/A;N/A;No;N/A;UY;N/A;Sí;N/A;No;N/A;N/A;N/A;N/A;N/A;N/A;N/A;N/A;N/A;N/A;N/A;N/A;N/A;No;N/A;N/A;N/A;N/A;N/A;N/A;N/A;N/A;N/A;N/A;N/A;N/A;N/A;N/A;N/A;N/A;N/A;N/A;No;N/A;N/A;N/A;N/A;N/A;N/A;N/A;N/A;N/A;N/A;N/A;N/A;N/A;N/A;N/A;N/A;N/A;No;No;N/A;N/A;N/A;N/A;N/A;N/A;N/A;No;No;No;N/A;N/A;N/A;N/A;N/A;N/A;N/A;N/A;N/A;N/A;N/A;N/A;N/A;N/A;N/A;N/A;N/A;N/A;N/A;N/A;N/A;N/A;No;Sí;Sí;No;No;No;Sí;No;N/A;Sí;Sí;No;No;No;N/A;No;No;No;No;Sí;Sí;Sí;No;No;No;No;Sí
Renault;Fluence;"2.0 Ph2 Privilege Cvt 143cv";2014;"145801 km";;SHOPPINGDEAUTOS;10900;;;;;Centro;https://auto.mercadolibre.com.uy/MLU-699936794-renault-fluence-privilege-plus-20-sedan-extra-full-2014-_JM;N/A;;"Renault Fluence Privilege Plus 2.0  Sedan Extra Full 2014";$(uy);Sí;gold_premium;false;N/A;N/A;http://perfil.mercadolibre.com.uy/SHOPPINGDEAUTOS;active;N/A;N/A;Usado;"Gris oscuro";No;Hidráulica;Delantera;Sí;Sí;Sí;No;No;No;Sí;Sí;Sí;No;Sí;Sí;Sí;N/A;Sí;N/A;N/A;N/A;N/A;N/A;N/A;N/A;N/A;N/A;N/A;"2700 mm";"2 L";"60 L";6;N/A;N/A;No;No;N/A;No;Sí;N/A;N/A;Sí;N/A;N/A;N/A;N/A;N/A;N/A;N/A;N/A;N/A;N/A;N/A;No;Sí;Sí;N/A;Sí;N/A;No;N/A;No;N/A;N/A;N/A;Sí;Sí;N/A;Sí;N/A;N/A;N/A;N/A;N/A;Sí;N/A;N/A;"1479 mm";"4618 mm";N/A;N/A;N/A;N/A;5;N/A;N/A;N/A;4;"1810 mm";"11 km/l";No;No;No;Sí;No;Sí;Sí;No;No;No;"6.2 km/l";No;No;N/A;N/A;No;"Lunes a Lunes de 10 a 20 horas.";4;2.0;Nafta;Manual;Sedán;"Autos y camionetas";No;N/A;N/A;N/A;No;N/A;UY;N/A;Sí;N/A;No;N/A;N/A;N/A;N/A;N/A;N/A;N/A;N/A;N/A;N/A;N/A;N/A;N/A;No;N/A;N/A;N/A;N/A;N/A;N/A;N/A;N/A;N/A;N/A;N/A;N/A;N/A;N/A;N/A;N/A;N/A;N/A;No;N/A;N/A;N/A;N/A;N/A;N/A;N/A;N/A;N/A;N/A;N/A;N/A;N/A;N/A;N/A;N/A;N/A;Sí;Sí;N/A;N/A;N/A;N/A;N/A;N/A;N/A;No;No;Sí;N/A;N/A;N/A;N/A;N/A;N/A;N/A;N/A;N/A;N/A;N/A;N/A;N/A;N/A;N/A;N/A;N/A;N/A;N/A;N/A;N/A;N/A;No;Sí;Sí;Sí;Sí;No;Sí;Sí;N/A;Sí;Sí;No;Sí;No;N/A;Sí;Sí;No;Sí;Sí;Sí;Sí;Sí;No;No;No;Sí
Renault;Sandero;"1.0 Zen";2020;"115570 km";;SHOPPINGDEAUTOS03;11500;;;;;Carrasco;https://auto.mercadolibre.com.uy/MLU-699936776-renault-sandero-zen-10-full-5-puertas-hatch-2020-_JM;N/A;;"Renault Sandero Zen 1.0 Full 5 Puertas Hatch 2020";$(uy);Sí;gold_premium;false;N/A;N/A;http://perfil.mercadolibre.com.uy/SHOPPINGDEAUTOS03;active;N/A;N/A;Usado;Blanco;No;Asistida;Delantera;Sí;Sí;Sí;No;Sí;No;Sí;Sí;No;No;Sí;Sí;Sí;N/A;Sí;N/A;N/A;N/A;N/A;N/A;N/A;N/A;N/A;N/A;N/A;"2590 mm";"1000 cc";"50 L";5;N/A;N/A;No;No;N/A;No;No;N/A;N/A;N/A;N/A;N/A;N/A;N/A;N/A;N/A;N/A;N/A;N/A;N/A;N/A;No;No;Sí;N/A;Sí;N/A;No;N/A;No;N/A;N/A;N/A;Sí;Sí;Sí;Sí;N/A;N/A;N/A;N/A;N/A;Sí;N/A;N/A;"1559 mm";"4066 mm";N/A;N/A;N/A;N/A;5;N/A;N/A;N/A;4;"1761 mm";"9.3 km/l";No;No;No;Sí;No;Sí;No;Sí;No;No;"5.9 km/l";No;No;N/A;N/A;Sí;"Lunes a Lunes de 10 a 20 horas.";5;1.0;Nafta;Manual;Hatchback;"Autos y camionetas";No;N/A;N/A;N/A;No;N/A;UY;N/A;Sí;N/A;No;N/A;N/A;N/A;N/A;N/A;N/A;N/A;N/A;N/A;N/A;N/A;N/A;N/A;No;N/A;N/A;N/A;N/A;N/A;N/A;N/A;N/A;N/A;N/A;N/A;N/A;N/A;N/A;N/A;N/A;N/A;N/A;No;N/A;N/A;N/A;N/A;N/A;N/A;N/A;N/A;N/A;N/A;N/A;N/A;N/A;N/A;N/A;N/A;N/A;Sí;Sí;N/A;N/A;N/A;N/A;N/A;N/A;N/A;No;No;No;N/A;N/A;N/A;N/A;N/A;N/A;N/A;N/A;N/A;N/A;N/A;N/A;N/A;N/A;N/A;N/A;N/A;N/A;N/A;N/A;N/A;N/A;No;Sí;Sí;Sí;No;No;No;No;N/A;Sí;Sí;No;Sí;No;N/A;No;No;Sí;Sí;Sí;No;Sí;No;No;No;No;Sí
Renault;"Duster Oroch";"DYNAMIQUE DOBLE CABINA";2021;"103434 km";;VIPERCARAUTOMOVILES_5;16500;;;;;"Brazo Oriental";https://auto.mercadolibre.com.uy/MLU-646375505-renault-oroch-dynamique-doble-cabina-16-2021-impecable-_JM;N/A;;"Renault Oroch Dynamique Doble Cabina 1.6 2021 Impecable!";usd;Sí;gold_premium;false;N/A;N/A;http://perfil.mercadolibre.com.uy/VIPERCARAUTOMOVILES_5;active;N/A;N/A;Usado;Rojo;N/A;Hidráulica;N/A;Sí;Sí;N/A;N/A;N/A;N/A;Sí;Sí;N/A;N/A;N/A;N/A;Sí;N/A;N/A;N/A;N/A;N/A;N/A;N/A;N/A;N/A;N/A;N/A;N/A;N/A;"1598 cc";N/A;5;N/A;N/A;N/A;N/A;N/A;N/A;N/A;N/A;N/A;N/A;N/A;N/A;N/A;N/A;N/A;N/A;N/A;N/A;N/A;N/A;N/A;N/A;N/A;Sí;N/A;Sí;N/A;N/A;N/A;Sí;N/A;N/A;N/A;N/A;N/A;N/A;Sí;N/A;N/A;N/A;N/A;N/A;N/A;N/A;N/A;N/A;N/A;N/A;N/A;N/A;N/A;N/A;"115 hp";Dynamique;N/A;N/A;N/A;"12 km/l";N/A;N/A;N/A;Sí;N/A;N/A;N/A;N/A;N/A;N/A;"15 km/l";N/A;N/A;Sí;N/A;N/A;"Lun a Vie de 9 a 12:30 y de 13:30 a 19. Sáb de 9 a 13 hs.";4;1.6;Nafta;Manual;Pick-Up;"Autos y camionetas";No;N/A;N/A;N/A;No;N/A;UY;No;Sí;No;No;N/A;N/A;N/A;N/A;N/A;N/A;N/A;N/A;N/A;N/A;N/A;N/A;N/A;N/A;N/A;N/A;N/A;N/A;N/A;N/A;N/A;N/A;N/A;N/A;N/A;N/A;N/A;N/A;N/A;N/A;N/A;N/A;N/A;N/A;N/A;N/A;N/A;N/A;N/A;N/A;N/A;N/A;N/A;N/A;N/A;N/A;N/A;N/A;N/A;N/A;N/A;No;N/A;N/A;N/A;N/A;N/A;N/A;N/A;N/A;N/A;N/A;N/A;N/A;N/A;N/A;N/A;N/A;N/A;N/A;N/A;N/A;N/A;N/A;N/A;N/A;N/A;N/A;N/A;N/A;N/A;N/A;N/A;N/A;N/A;Sí;N/A;Sí;N/A;Sí;N/A;N/A;N/A;Sí;Sí;N/A;N/A;N/A;N/A;N/A;N/A;N/A;N/A;Sí;Sí;Sí;N/A;N/A;N/A;N/A;Sí
Renault;Sandero;RS;2018;"75649 km";;FACIL.CAR;16990;;;;;Centro;https://auto.mercadolibre.com.uy/MLU-698765632-renault-sandero-rs-20-2018-excelente-_JM;N/A;;"Renault Sandero Rs 2.0 2018 Excelente!!";USD;Sí;gold_premium;false;N/A;N/A;http://perfil.mercadolibre.com.uy/FACIL.CAR;active;N/A;N/A;Usado;Plateado;N/A;Hidráulica;N/A;Sí;Sí;Sí;N/A;Sí;N/A;Sí;Sí;N/A;N/A;Sí;Sí;Sí;N/A;Sí;N/A;N/A;N/A;N/A;N/A;N/A;N/A;N/A;N/A;N/A;N/A;"2000 cc";N/A;6;N/A;N/A;N/A;N/A;Sí;N/A;N/A;N/A;N/A;N/A;N/A;N/A;N/A;N/A;N/A;N/A;N/A;N/A;N/A;N/A;N/A;N/A;N/A;Sí;N/A;N/A;N/A;N/A;N/A;N/A;N/A;N/A;N/A;N/A;N/A;N/A;Sí;N/A;N/A;N/A;N/A;N/A;N/A;N/A;N/A;N/A;N/A;N/A;N/A;N/A;N/A;N/A;"145 hp";Rs;N/A;N/A;N/A;"10 km/l";N/A;N/A;Sí;Sí;Sí;Sí;Sí;Sí;N/A;Sí;"13 km/l";N/A;N/A;N/A;N/A;Sí;"Lunes a Viernes de 9:00 a 18:30 horas";5;2.0;Nafta;Manual;Hatchback;"Autos y camionetas";No;N/A;N/A;N/A;No;N/A;N/A;No;Sí;No;No;N/A;N/A;N/A;N/A;N/A;N/A;N/A;N/A;N/A;N/A;N/A;N/A;N/A;N/A;N/A;N/A;N/A;N/A;N/A;N/A;N/A;N/A;N/A;N/A;N/A;N/A;N/A;N/A;N/A;N/A;N/A;N/A;N/A;N/A;N/A;N/A;N/A;N/A;N/A;N/A;N/A;N/A;N/A;N/A;N/A;N/A;N/A;N/A;N/A;N/A;N/A;No;N/A;N/A;N/A;N/A;N/A;N/A;N/A;N/A;N/A;N/A;N/A;N/A;N/A;N/A;N/A;N/A;N/A;N/A;N/A;N/A;N/A;N/A;N/A;N/A;N/A;N/A;N/A;N/A;N/A;N/A;N/A;N/A;N/A;Sí;Sí;Sí;N/A;Sí;Sí;Sí;N/A;N/A;Sí;N/A;N/A;N/A;N/A;N/A;Sí;Sí;N/A;Sí;Sí;Sí;N/A;N/A;Sí;N/A;Sí
Renault;Kwid;Intense;2018;"95500 km";;VIPERCARAUTOMOVILES_5;11500;;;;;"Brazo Oriental";https://auto.mercadolibre.com.uy/MLU-697886594-renault-kwid-intense-10-2018-muy-buen-estado-_JM;N/A;;"Renault Kwid Intense 1.0 2018 Muy Buen Estado!";usd;Sí;gold_premium;false;N/A;N/A;http://perfil.mercadolibre.com.uy/VIPERCARAUTOMOVILES_5;active;N/A;N/A;Usado;Rojo;N/A;Hidráulica;N/A;Sí;Sí;N/A;N/A;N/A;N/A;Sí;N/A;N/A;N/A;N/A;N/A;Sí;N/A;N/A;N/A;N/A;N/A;N/A;N/A;N/A;N/A;N/A;N/A;N/A;N/A;"998 cc";N/A;5;N/A;N/A;N/A;N/A;N/A;N/A;N/A;N/A;N/A;N/A;N/A;N/A;N/A;N/A;N/A;N/A;N/A;N/A;N/A;N/A;N/A;N/A;N/A;N/A;N/A;Sí;N/A;N/A;N/A;N/A;N/A;N/A;N/A;N/A;N/A;N/A;Sí;N/A;N/A;N/A;N/A;N/A;N/A;N/A;N/A;N/A;N/A;N/A;N/A;N/A;N/A;N/A;"66 hp";Intense;N/A;N/A;N/A;"14 km/l";N/A;N/A;N/A;Sí;N/A;N/A;N/A;N/A;N/A;N/A;"19 km/l";N/A;N/A;N/A;N/A;N/A;"Lun a Vie de 9 a 12:30 y de 13:30 a 19. Sáb de 9 a 13 hs.";5;1.0;Nafta;Manual;Hatchback;"Autos y camionetas";No;N/A;N/A;N/A;No;N/A;UY;No;Sí;No;No;N/A;N/A;N/A;N/A;N/A;N/A;N/A;N/A;N/A;N/A;N/A;N/A;N/A;N/A;N/A;N/A;N/A;N/A;N/A;N/A;N/A;N/A;N/A;N/A;N/A;N/A;N/A;N/A;N/A;N/A;N/A;N/A;N/A;N/A;N/A;N/A;N/A;N/A;N/A;N/A;N/A;N/A;N/A;N/A;N/A;N/A;N/A;N/A;N/A;N/A;N/A;No;N/A;N/A;N/A;N/A;N/A;N/A;N/A;N/A;N/A;N/A;N/A;N/A;N/A;N/A;N/A;N/A;N/A;N/A;N/A;N/A;N/A;N/A;N/A;N/A;N/A;N/A;N/A;N/A;N/A;Sí;N/A;N/A;N/A;Sí;N/A;N/A;N/A;Sí;N/A;N/A;N/A;Sí;Sí;N/A;N/A;N/A;N/A;N/A;N/A;N/A;N/A;Sí;N/A;Sí;N/A;N/A;N/A;N/A;N/A
Renault;Kwid;-;2020;"169181 km";;"BARRIOLA AUTOMOVILES";12400;;;;;Pocitos;https://auto.mercadolibre.com.uy/MLU-696977266-renault-kwid-2020-excelente-estado-barriola-_JM;N/A;;"Renault Kwid 2020 Excelente Estado! - Barriola";usd;Sí;gold_premium;false;N/A;N/A;http://perfil.mercadolibre.com.uy/BARRIOLA+AUTOMOVILES;active;N/A;N/A;Usado;Negro;N/A;Hidráulica;N/A;Sí;Sí;Sí;N/A;N/A;N/A;Sí;N/A;N/A;Sí;N/A;N/A;Sí;N/A;N/A;N/A;N/A;N/A;N/A;N/A;N/A;N/A;N/A;N/A;N/A;N/A;"1000 cc";N/A;5;N/A;N/A;N/A;N/A;N/A;Sí;N/A;N/A;N/A;N/A;N/A;N/A;N/A;N/A;N/A;N/A;N/A;N/A;N/A;N/A;N/A;N/A;N/A;N/A;N/A;Sí;N/A;N/A;N/A;N/A;N/A;N/A;N/A;N/A;N/A;N/A;N/A;N/A;N/A;N/A;N/A;N/A;N/A;N/A;N/A;N/A;N/A;N/A;N/A;N/A;N/A;N/A;N/A;N/A;N/A;N/A;N/A;N/A;N/A;N/A;N/A;N/A;N/A;N/A;N/A;N/A;N/A;N/A;N/A;N/A;N/A;N/A;N/A;N/A;"Lun. a Vie. de 9 a 19 hs. Sáb. de 9:30 a 13 hs.";5;1.0;Nafta;Manual;Hatchback;"Autos y camionetas";No;N/A;N/A;N/A;No;N/A;UY;No;Sí;No;No;N/A;N/A;N/A;N/A;N/A;N/A;N/A;N/A;N/A;N/A;N/A;N/A;N/A;Sí;N/A;N/A;N/A;N/A;N/A;N/A;N/A;N/A;N/A;N/A;N/A;N/A;N/A;N/A;N/A;N/A;N/A;N/A;N/A;N/A;N/A;N/A;N/A;N/A;N/A;N/A;N/A;N/A;N/A;N/A;N/A;N/A;N/A;N/A;N/A;N/A;N/A;No;N/A;N/A;N/A;N/A;N/A;N/A;N/A;N/A;N/A;N/A;N/A;N/A;N/A;N/A;N/A;N/A;N/A;N/A;N/A;N/A;N/A;N/A;N/A;N/A;N/A;N/A;N/A;N/A;N/A;Sí;N/A;N/A;N/A;Sí;N/A;N/A;N/A;Sí;N/A;N/A;N/A;N/A;Sí;Sí;N/A;N/A;N/A;N/A;N/A;N/A;N/A;Sí;N/A;Sí;N/A;N/A;Sí;N/A;N/A
Renault;"Grand Captur";Intense;2020;"70238 km";;"MOTORLAND URUGUAY";20890;;;;;Shangrilá;https://auto.mercadolibre.com.uy/MLU-644724761-renault-grand-captur-intense-motorland-permuto-financio-_JM;N/A;;"Renault Grand Captur Intense - Motorland Permuto / Financio";USD;Sí;gold_premium;false;N/A;N/A;http://perfil.mercadolibre.com.uy/MOTORLAND+URUGUAY;active;N/A;N/A;Usado;Bordó;N/A;Hidráulica;N/A;N/A;Sí;Sí;N/A;N/A;N/A;Sí;N/A;Sí;N/A;Sí;Sí;Sí;N/A;N/A;N/A;N/A;N/A;N/A;N/A;N/A;N/A;N/A;N/A;N/A;N/A;"1600 cc";N/A;6;N/A;N/A;N/A;N/A;N/A;N/A;N/A;N/A;N/A;N/A;N/A;N/A;N/A;N/A;N/A;N/A;N/A;N/A;N/A;N/A;N/A;N/A;N/A;N/A;N/A;Sí;N/A;N/A;N/A;N/A;N/A;N/A;N/A;N/A;N/A;N/A;N/A;N/A;N/A;N/A;N/A;N/A;Sí;N/A;N/A;N/A;N/A;N/A;N/A;N/A;N/A;N/A;"115 hp";N/A;N/A;N/A;N/A;"11 km/l";N/A;N/A;Sí;N/A;N/A;Sí;Sí;N/A;N/A;N/A;"14 km/l";N/A;N/A;N/A;N/A;Sí;"Lunes a viernes de 09:30 a 18:30 y sábados de 09 a 13 hs.";5;1.6;Nafta;Automática;SUV;"Autos y camionetas";No;N/A;N/A;N/A;No;N/A;N/A;No;Sí;No;No;N/A;N/A;N/A;N/A;N/A;N/A;N/A;N/A;N/A;N/A;N/A;N/A;N/A;N/A;N/A;N/A;N/A;N/A;N/A;N/A;N/A;N/A;N/A;N/A;N/A;N/A;N/A;N/A;N/A;N/A;N/A;N/A;N/A;N/A;N/A;N/A;N/A;N/A;N/A;N/A;N/A;N/A;N/A;N/A;N/A;N/A;N/A;N/A;N/A;N/A;N/A;No;N/A;N/A;N/A;N/A;N/A;N/A;N/A;N/A;N/A;N/A;N/A;N/A;N/A;N/A;N/A;N/A;N/A;N/A;N/A;N/A;N/A;N/A;N/A;N/A;N/A;N/A;N/A;N/A;N/A;N/A;N/A;N/A;N/A;Sí;N/A;Sí;Sí;Sí;N/A;N/A;N/A;N/A;Sí;N/A;N/A;N/A;N/A;N/A;N/A;N/A;N/A;Sí;Sí;Sí;N/A;N/A;Sí;N/A;Sí
Renault;Kwid;Intense;2018;"104000 km";;"VLADIMIR AUTOMOVILES";11990;;;;;Malvin;https://auto.mercadolibre.com.uy/MLU-693553432-renault-kwid-intense-10-2018-muy-buen-estado-vladimir-_JM;N/A;;"Renault Kwid Intense 1.0 2018 Muy Buen Estado - Vladimir";usd;Sí;gold_premium;false;N/A;N/A;http://perfil.mercadolibre.com.uy/VLADIMIR+AUTOMOVILES;active;N/A;N/A;Usado;Rojo;N/A;Asistida;N/A;Sí;N/A;N/A;N/A;N/A;N/A;N/A;N/A;N/A;N/A;N/A;N/A;Sí;N/A;N/A;N/A;N/A;N/A;N/A;N/A;N/A;N/A;N/A;N/A;N/A;N/A;"1000 cc";N/A;7;N/A;N/A;N/A;N/A;N/A;Sí;N/A;N/A;N/A;N/A;N/A;N/A;N/A;N/A;N/A;N/A;N/A;N/A;N/A;N/A;N/A;N/A;N/A;N/A;N/A;Sí;N/A;N/A;N/A;N/A;N/A;N/A;N/A;N/A;N/A;N/A;N/A;N/A;N/A;N/A;N/A;N/A;N/A;N/A;N/A;N/A;N/A;N/A;N/A;N/A;N/A;N/A;"67 hp";Intense;N/A;N/A;N/A;"14 km/l";N/A;N/A;Sí;N/A;N/A;Sí;N/A;N/A;N/A;N/A;"17 km/l";N/A;N/A;N/A;N/A;N/A;"Lun. a Vie. de 9 a 13 y 14 a 18:30 hs. Sáb. de 10 a 13 hs";5;1.0;Nafta;Manual;Hatchback;"Autos y camionetas";No;N/A;N/A;N/A;No;N/A;UY;No;Sí;No;No;N/A;N/A;N/A;N/A;N/A;N/A;N/A;N/A;N/A;N/A;N/A;N/A;N/A;N/A;N/A;N/A;N/A;N/A;N/A;N/A;N/A;N/A;N/A;N/A;N/A;N/A;N/A;N/A;N/A;N/A;N/A;N/A;N/A;N/A;N/A;N/A;N/A;N/A;N/A;N/A;N/A;N/A;N/A;N/A;N/A;N/A;N/A;N/A;N/A;N/A;Sí;No;N/A;N/A;N/A;N/A;N/A;N/A;N/A;N/A;N/A;N/A;N/A;N/A;N/A;N/A;N/A;N/A;N/A;N/A;N/A;N/A;N/A;N/A;N/A;N/A;N/A;N/A;N/A;N/A;N/A;N/A;N/A;N/A;N/A;Sí;Sí;N/A;Sí;Sí;N/A;N/A;N/A;Sí;Sí;N/A;N/A;N/A;N/A;Sí;N/A;N/A;N/A;Sí;N/A;N/A;Sí;N/A;N/A;N/A;N/A
Renault;Clio;"Zen 1.0T";2023;"0 km";;SANTAROSASA;22490;;;;;Centro;https://auto.mercadolibre.com.uy/MLU-693360648-renault-clio-zen-10t-10-2023-0km-_JM;N/A;;"Renault Clio Zen 1.0t 1.0 2023 0km";USD;Sí;gold_premium;false;N/A;N/A;http://perfil.mercadolibre.com.uy/SANTAROSASA;active;N/A;N/A;Nuevo;Blanco;N/A;Eléctrica;N/A;N/A;Sí;Sí;N/A;N/A;N/A;Sí;Sí;N/A;N/A;Sí;Sí;Sí;N/A;Sí;N/A;N/A;N/A;N/A;N/A;N/A;N/A;N/A;N/A;N/A;N/A;"1000 cc";N/A;5;N/A;N/A;Sí;Sí;Sí;N/A;N/A;N/A;N/A;N/A;N/A;N/A;N/A;N/A;N/A;N/A;N/A;N/A;N/A;N/A;N/A;N/A;N/A;Sí;N/A;Sí;N/A;Sí;N/A;N/A;N/A;N/A;N/A;N/A;N/A;N/A;N/A;N/A;N/A;N/A;N/A;N/A;Sí;N/A;N/A;N/A;N/A;N/A;N/A;N/A;N/A;N/A;"100 hp";N/A;N/A;N/A;N/A;"14 km/l";N/A;N/A;Sí;Sí;Sí;N/A;Sí;Sí;N/A;N/A;"19 km/l";N/A;N/A;N/A;N/A;Sí;N/A;5;1.0;Nafta;Manual;Hatchback;"Autos y camionetas";No;N/A;N/A;N/A;No;N/A;N/A;No;Sí;No;No;N/A;N/A;N/A;N/A;N/A;N/A;N/A;N/A;N/A;N/A;N/A;N/A;N/A;N/A;N/A;N/A;N/A;N/A;N/A;N/A;N/A;N/A;N/A;N/A;N/A;N/A;N/A;N/A;N/A;N/A;N/A;N/A;Sí;N/A;N/A;N/A;N/A;N/A;N/A;N/A;N/A;N/A;N/A;N/A;N/A;N/A;Sí;Sí;N/A;N/A;Sí;No;N/A;N/A;N/A;N/A;N/A;N/A;N/A;N/A;N/A;N/A;N/A;N/A;N/A;N/A;N/A;N/A;N/A;N/A;N/A;N/A;N/A;N/A;N/A;N/A;N/A;N/A;N/A;N/A;N/A;Sí;N/A;N/A;N/A;Sí;N/A;Sí;Sí;Sí;N/A;N/A;N/A;Sí;Sí;N/A;Sí;N/A;N/A;Sí;Sí;N/A;N/A;Sí;N/A;Sí;N/A;N/A;N/A;N/A;Sí
Renault;Kwid;Zen;2025;"0 km";;SANTAROSASA;14800;;;;;Centro;https://auto.mercadolibre.com.uy/MLU-644222157-renault-kwid-zen-10-2025-0km-_JM;N/A;;"Renault Kwid Zen 1.0 2025 0km";USD;Sí;gold_premium;false;N/A;N/A;http://perfil.mercadolibre.com.uy/SANTAROSASA;active;N/A;N/A;Nuevo;Rojo;N/A;Asistida;N/A;Sí;Sí;N/A;N/A;N/A;N/A;N/A;N/A;N/A;N/A;N/A;N/A;Sí;N/A;N/A;N/A;N/A;N/A;N/A;N/A;N/A;N/A;N/A;N/A;N/A;N/A;"1000 cc";N/A;5;N/A;N/A;Sí;Sí;N/A;N/A;N/A;N/A;N/A;N/A;N/A;N/A;N/A;N/A;N/A;N/A;N/A;N/A;N/A;N/A;N/A;N/A;N/A;N/A;N/A;N/A;N/A;N/A;N/A;N/A;N/A;N/A;N/A;N/A;N/A;N/A;N/A;N/A;N/A;N/A;N/A;N/A;N/A;N/A;N/A;N/A;N/A;N/A;N/A;N/A;N/A;N/A;"70 hp";Zen;N/A;N/A;N/A;"16 km/l";N/A;N/A;N/A;N/A;N/A;Sí;N/A;N/A;N/A;N/A;"20 km/l";N/A;N/A;N/A;N/A;N/A;N/A;5;1.0;Nafta;Manual;Hatchback;"Autos y camionetas";No;N/A;N/A;N/A;No;N/A;N/A;No;Sí;No;No;N/A;N/A;N/A;N/A;N/A;N/A;N/A;N/A;N/A;N/A;N/A;N/A;N/A;N/A;N/A;N/A;N/A;N/A;N/A;N/A;N/A;N/A;N/A;N/A;N/A;N/A;N/A;N/A;N/A;N/A;N/A;N/A;Sí;N/A;N/A;N/A;N/A;N/A;N/A;N/A;N/A;N/A;N/A;N/A;N/A;N/A;Sí;N/A;N/A;N/A;Sí;No;N/A;N/A;N/A;N/A;N/A;N/A;N/A;N/A;N/A;N/A;N/A;N/A;N/A;N/A;N/A;N/A;N/A;N/A;N/A;N/A;N/A;N/A;N/A;N/A;N/A;N/A;N/A;N/A;N/A;Sí;N/A;N/A;N/A;Sí;N/A;N/A;N/A;Sí;N/A;N/A;N/A;N/A;Sí;N/A;N/A;N/A;N/A;Sí;Sí;N/A;N/A;N/A;N/A;Sí;N/A;N/A;N/A;N/A;Sí
Renault;Kwid;"1.0 Sce 66cv Zen";2023;"49000 km";;JUNCALAUTOMOVILES;7990;;;;;Centro;https://auto.mercadolibre.com.uy/MLU-692535536-renault-kwid-zen-ano-2023-retira-con-ud-7990-y-financia-_JM;N/A;;"Renault Kwid Zen Año 2023 Retira Con U$d 7.990 Y Financia ";usd;Sí;gold_premium;false;N/A;N/A;http://perfil.mercadolibre.com.uy/JUNCALAUTOMOVILES;active;N/A;N/A;Usado;Blanco;N/A;N/A;Delantera;N/A;N/A;Sí;N/A;N/A;N/A;N/A;N/A;N/A;N/A;N/A;N/A;N/A;N/A;N/A;N/A;N/A;N/A;N/A;N/A;N/A;N/A;N/A;N/A;N/A;"2423 mm";"1 L";"50 L";5;N/A;N/A;N/A;N/A;N/A;N/A;N/A;N/A;N/A;N/A;N/A;N/A;N/A;N/A;N/A;N/A;N/A;N/A;N/A;N/A;N/A;N/A;N/A;N/A;N/A;N/A;N/A;N/A;N/A;N/A;N/A;N/A;N/A;N/A;N/A;N/A;N/A;N/A;N/A;N/A;N/A;N/A;N/A;N/A;N/A;"1474 mm";"3680 mm";N/A;N/A;N/A;N/A;5;"66 hp";Zen;N/A;4;"1752 mm";N/A;N/A;N/A;N/A;N/A;N/A;N/A;N/A;N/A;N/A;N/A;N/A;N/A;N/A;N/A;N/A;N/A;"LUNES A VIERNES DE 10:00 A 18:00 HRS";5;1.0;Nafta;Manual;Hatchback;"Autos y camionetas";N/A;N/A;N/A;N/A;N/A;N/A;UY;N/A;N/A;N/A;N/A;N/A;N/A;N/A;N/A;N/A;N/A;N/A;N/A;N/A;N/A;N/A;N/A;N/A;N/A;N/A;N/A;N/A;N/A;N/A;N/A;N/A;N/A;N/A;N/A;N/A;N/A;N/A;N/A;N/A;N/A;N/A;N/A;N/A;N/A;N/A;N/A;N/A;N/A;N/A;N/A;N/A;N/A;N/A;N/A;N/A;N/A;N/A;N/A;N/A;N/A;N/A;N/A;N/A;N/A;N/A;N/A;N/A;N/A;N/A;N/A;N/A;N/A;N/A;N/A;N/A;N/A;N/A;N/A;N/A;N/A;N/A;N/A;N/A;N/A;N/A;N/A;N/A;N/A;N/A;N/A;N/A;N/A;N/A;N/A;N/A;N/A;N/A;N/A;N/A;N/A;N/A;N/A;N/A;N/A;N/A;N/A;N/A;N/A;N/A;N/A;N/A;N/A;N/A;N/A;N/A;N/A;N/A;N/A;N/A;N/A;N/A
Renault;Kwid;"ZEN - FINANCIO ENTREGA USD 7500";2024;"0 km";;MILANMOTORS;14800;;;;;"Pocitos Nuevo";https://auto.mercadolibre.com.uy/MLU-692215616-renault-kwid-zen-10-0km-financio-entrega-usd-7500-_JM;N/A;;"Renault Kwid Zen 1.0 0km - Financio Entrega Usd 7500";USD;Sí;gold_premium;false;N/A;N/A;http://perfil.mercadolibre.com.uy/MILANMOTORS;active;N/A;N/A;Nuevo;Crema;N/A;Eléctrica;4x2;Sí;Sí;N/A;N/A;N/A;N/A;Sí;N/A;N/A;N/A;N/A;N/A;Sí;N/A;Sí;N/A;N/A;N/A;N/A;N/A;N/A;N/A;N/A;N/A;N/A;N/A;"999 cc";"38 L";5;N/A;N/A;N/A;N/A;Sí;N/A;N/A;N/A;N/A;N/A;N/A;N/A;N/A;N/A;N/A;N/A;N/A;N/A;N/A;N/A;N/A;N/A;N/A;N/A;N/A;Sí;N/A;N/A;N/A;N/A;N/A;N/A;N/A;N/A;N/A;N/A;N/A;N/A;N/A;N/A;N/A;N/A;N/A;N/A;N/A;"1479 mm";"3680 mm";"290 L";N/A;N/A;N/A;N/A;"68 hp";Zen;N/A;N/A;"1579 mm";N/A;N/A;N/A;N/A;Sí;N/A;N/A;Sí;Sí;N/A;N/A;N/A;N/A;N/A;N/A;N/A;Sí;"Lunes a Viernes de 10 a 18 hs";5;1.0;Nafta;Manual;Hatchback;"Autos y camionetas";No;N/A;N/A;N/A;No;N/A;N/A;No;Sí;No;No;N/A;N/A;N/A;N/A;N/A;N/A;N/A;N/A;N/A;N/A;N/A;N/A;N/A;N/A;N/A;N/A;N/A;N/A;N/A;N/A;N/A;N/A;N/A;N/A;Sí;N/A;N/A;N/A;N/A;N/A;N/A;N/A;Sí;N/A;N/A;N/A;N/A;N/A;N/A;N/A;N/A;N/A;N/A;N/A;N/A;N/A;N/A;N/A;N/A;N/A;Sí;No;N/A;N/A;N/A;N/A;N/A;N/A;N/A;N/A;N/A;N/A;N/A;N/A;N/A;N/A;N/A;N/A;N/A;N/A;N/A;N/A;N/A;N/A;N/A;N/A;N/A;N/A;N/A;N/A;N/A;Sí;N/A;N/A;N/A;Sí;N/A;N/A;N/A;Sí;Sí;N/A;N/A;N/A;Sí;N/A;N/A;N/A;N/A;Sí;Sí;N/A;N/A;Sí;Sí;Sí;N/A;N/A;N/A;N/A;Sí
Renault;Duster;"Intens Mt";2024;"0 km";;OSCARPISANOAUTOMOVILES;26000;;;;;Prado;https://auto.mercadolibre.com.uy/MLU-690892112-renault-duster-intens-_JM;N/A;;"Renault Duster Intens";usd;Sí;gold_premium;false;N/A;N/A;http://perfil.mercadolibre.com.uy/OSCARPISANOAUTOMOVILES;active;N/A;N/A;Nuevo;"Gris oscuro";N/A;Eléctrica;N/A;Sí;N/A;Sí;N/A;Sí;N/A;Sí;Sí;N/A;N/A;N/A;Sí;Sí;N/A;Sí;N/A;N/A;N/A;N/A;N/A;N/A;N/A;N/A;N/A;N/A;N/A;"1600 cc";N/A;5;N/A;N/A;N/A;N/A;Sí;Sí;N/A;N/A;N/A;N/A;N/A;N/A;N/A;N/A;N/A;N/A;N/A;N/A;N/A;N/A;N/A;N/A;N/A;Sí;N/A;Sí;N/A;Sí;N/A;Sí;N/A;N/A;N/A;N/A;N/A;N/A;N/A;N/A;N/A;N/A;N/A;N/A;N/A;N/A;N/A;N/A;N/A;N/A;N/A;N/A;N/A;N/A;"118 hp";Intens;N/A;N/A;N/A;"11 km/l";N/A;N/A;Sí;Sí;Sí;Sí;Sí;Sí;N/A;N/A;"16 km/l";N/A;N/A;N/A;N/A;Sí;"Lun. a Sáb. de 9:30 a 18:30 hs. Dom. de 9:30 a 13 hs";4;1.6;Nafta;Manual;SUV;"Autos y camionetas";No;N/A;N/A;N/A;No;N/A;UY;No;Sí;No;No;N/A;N/A;N/A;N/A;N/A;N/A;N/A;N/A;N/A;N/A;N/A;N/A;N/A;N/A;N/A;N/A;N/A;N/A;N/A;N/A;N/A;N/A;N/A;N/A;N/A;N/A;N/A;N/A;N/A;N/A;N/A;N/A;Sí;N/A;N/A;N/A;N/A;N/A;N/A;N/A;N/A;N/A;N/A;N/A;N/A;N/A;N/A;N/A;N/A;N/A;Sí;No;N/A;N/A;N/A;N/A;N/A;N/A;N/A;N/A;N/A;N/A;N/A;N/A;N/A;N/A;N/A;N/A;N/A;N/A;N/A;N/A;N/A;N/A;N/A;N/A;N/A;N/A;N/A;N/A;N/A;N/A;N/A;N/A;N/A;Sí;Sí;Sí;N/A;Sí;Sí;Sí;N/A;Sí;Sí;N/A;N/A;N/A;N/A;N/A;Sí;N/A;N/A;Sí;N/A;Sí;N/A;N/A;N/A;N/A;N/A
Renault;"Duster Oroch";Cargo;2025;"0 km";;OSCARPISANOAUTOMOVILES;21000;;;;;Prado;https://auto.mercadolibre.com.uy/MLU-690944138-renault-oroch-cargo-_JM;N/A;;"Renault Oroch Cargo";usd;Sí;gold_premium;false;N/A;N/A;http://perfil.mercadolibre.com.uy/OSCARPISANOAUTOMOVILES;active;N/A;N/A;Nuevo;Plateado;N/A;Eléctrica;N/A;Sí;Sí;N/A;N/A;Sí;N/A;Sí;Sí;N/A;N/A;N/A;N/A;Sí;N/A;N/A;N/A;N/A;N/A;N/A;N/A;N/A;N/A;N/A;N/A;N/A;N/A;"1600 cc";N/A;6;N/A;N/A;N/A;N/A;Sí;N/A;N/A;N/A;N/A;N/A;N/A;N/A;N/A;N/A;N/A;N/A;N/A;N/A;N/A;N/A;N/A;N/A;N/A;Sí;N/A;Sí;N/A;N/A;N/A;N/A;N/A;N/A;N/A;N/A;N/A;N/A;N/A;N/A;N/A;N/A;N/A;N/A;N/A;N/A;N/A;N/A;N/A;N/A;N/A;N/A;N/A;N/A;"118 hp";Cargo;N/A;N/A;N/A;"10 km/l";N/A;N/A;N/A;Sí;Sí;Sí;N/A;N/A;N/A;N/A;"15 km/l";N/A;N/A;N/A;Sí;N/A;"Lun. a Sáb. de 9:30 a 18:30 hs. Dom. de 9:30 a 13 hs";4;1.6;Nafta;Manual;Pick-Up;"Autos y camionetas";No;N/A;N/A;N/A;No;N/A;UY;No;Sí;No;No;N/A;N/A;N/A;N/A;N/A;N/A;N/A;N/A;N/A;N/A;N/A;N/A;N/A;N/A;N/A;N/A;N/A;N/A;N/A;N/A;N/A;N/A;N/A;N/A;N/A;N/A;N/A;N/A;N/A;N/A;N/A;N/A;Sí;N/A;N/A;N/A;N/A;N/A;N/A;N/A;N/A;N/A;N/A;N/A;N/A;N/A;N/A;N/A;N/A;N/A;Sí;No;N/A;N/A;N/A;N/A;N/A;N/A;N/A;N/A;N/A;N/A;N/A;N/A;N/A;N/A;N/A;N/A;N/A;N/A;N/A;N/A;N/A;N/A;N/A;N/A;N/A;N/A;N/A;N/A;N/A;N/A;N/A;N/A;N/A;N/A;Sí;N/A;N/A;Sí;Sí;Sí;N/A;N/A;Sí;N/A;N/A;N/A;N/A;N/A;Sí;N/A;N/A;N/A;N/A;N/A;N/A;N/A;N/A;N/A;N/A
Renault;Kangoo;Furgon;2025;"0 km";;OSCARPISANOAUTOMOVILES;22500;;;;;Prado;https://auto.mercadolibre.com.uy/MLU-691017398-renault-kangoo-furgon-_JM;N/A;;"Renault Kangoo Furgon";USD;Sí;gold_premium;false;N/A;N/A;http://perfil.mercadolibre.com.uy/OSCARPISANOAUTOMOVILES;active;N/A;N/A;Nuevo;Blanco;N/A;Eléctrica;N/A;Sí;Sí;Sí;N/A;Sí;N/A;N/A;Sí;N/A;N/A;N/A;Sí;Sí;N/A;N/A;N/A;N/A;N/A;N/A;N/A;N/A;N/A;N/A;N/A;N/A;N/A;"1600 cc";N/A;5;N/A;N/A;Sí;Sí;Sí;N/A;N/A;N/A;N/A;N/A;N/A;N/A;N/A;N/A;N/A;N/A;N/A;N/A;N/A;N/A;N/A;N/A;N/A;Sí;N/A;N/A;N/A;N/A;N/A;N/A;N/A;N/A;N/A;N/A;N/A;N/A;N/A;N/A;N/A;N/A;N/A;N/A;N/A;N/A;N/A;N/A;N/A;N/A;N/A;N/A;N/A;N/A;"115 hp";N/A;N/A;N/A;N/A;"13 km/l";N/A;N/A;N/A;Sí;Sí;Sí;Sí;N/A;N/A;N/A;"15 km/l";N/A;N/A;N/A;N/A;N/A;"Lun. a Sáb. de 9:30 a 18:30 hs. Dom. de 9:30 a 13 hs";4;1.6;Nafta;Manual;Furgón;"Autos y camionetas";No;N/A;N/A;N/A;No;N/A;N/A;No;Sí;No;No;N/A;N/A;N/A;N/A;N/A;N/A;N/A;N/A;N/A;N/A;N/A;N/A;N/A;N/A;N/A;N/A;N/A;N/A;N/A;N/A;N/A;N/A;N/A;N/A;N/A;N/A;N/A;N/A;N/A;N/A;N/A;N/A;Sí;N/A;N/A;N/A;N/A;N/A;N/A;N/A;N/A;N/A;N/A;N/A;N/A;N/A;N/A;N/A;N/A;N/A;Sí;No;N/A;N/A;N/A;N/A;N/A;N/A;N/A;N/A;N/A;N/A;N/A;N/A;N/A;N/A;N/A;N/A;N/A;N/A;N/A;N/A;N/A;N/A;N/A;N/A;N/A;N/A;N/A;N/A;N/A;N/A;N/A;N/A;N/A;Sí;Sí;N/A;N/A;Sí;Sí;Sí;N/A;N/A;Sí;N/A;Sí;N/A;N/A;N/A;Sí;Sí;N/A;Sí;N/A;Sí;N/A;N/A;N/A;N/A;Sí
Renault;Duster;"INTENS AT";2025;"0 km";;OSCARPISANOAUTOMOVILES;28000;;;;;Prado;https://auto.mercadolibre.com.uy/MLU-690943894-renault-duster-intens-automatica-_JM;N/A;;"Renault Duster Intens Automatica";usd;Sí;gold_premium;false;N/A;N/A;http://perfil.mercadolibre.com.uy/OSCARPISANOAUTOMOVILES;active;N/A;N/A;Nuevo;Rojo;N/A;Eléctrica;N/A;Sí;N/A;Sí;N/A;Sí;N/A;Sí;Sí;N/A;N/A;N/A;Sí;Sí;N/A;Sí;N/A;N/A;N/A;N/A;N/A;N/A;N/A;N/A;N/A;N/A;N/A;"1600 cc";N/A;8;N/A;N/A;N/A;N/A;Sí;Sí;N/A;N/A;N/A;N/A;N/A;N/A;N/A;N/A;N/A;N/A;N/A;N/A;N/A;N/A;N/A;N/A;N/A;Sí;N/A;Sí;N/A;Sí;N/A;Sí;N/A;N/A;N/A;N/A;N/A;N/A;N/A;N/A;N/A;N/A;N/A;N/A;N/A;N/A;N/A;N/A;N/A;N/A;N/A;N/A;N/A;N/A;"118 hp";Intens;N/A;N/A;N/A;"10 km/l";N/A;N/A;Sí;Sí;Sí;Sí;Sí;Sí;N/A;N/A;"15 km/l";N/A;N/A;N/A;N/A;Sí;"Lun. a Sáb. de 9:30 a 18:30 hs. Dom. de 9:30 a 13 hs";4;1.6;Nafta;Automática;SUV;"Autos y camionetas";No;N/A;N/A;N/A;No;N/A;UY;No;Sí;No;No;N/A;N/A;N/A;N/A;N/A;N/A;N/A;N/A;N/A;N/A;N/A;N/A;N/A;N/A;N/A;N/A;N/A;N/A;N/A;N/A;N/A;N/A;N/A;N/A;N/A;N/A;N/A;N/A;N/A;N/A;N/A;N/A;Sí;N/A;N/A;N/A;N/A;N/A;N/A;N/A;N/A;N/A;N/A;N/A;N/A;N/A;N/A;N/A;N/A;N/A;Sí;No;N/A;N/A;N/A;N/A;N/A;N/A;N/A;N/A;N/A;N/A;N/A;N/A;N/A;N/A;N/A;N/A;N/A;N/A;N/A;N/A;N/A;N/A;N/A;N/A;N/A;N/A;N/A;N/A;N/A;N/A;N/A;N/A;N/A;Sí;Sí;Sí;N/A;Sí;Sí;Sí;N/A;Sí;Sí;N/A;N/A;N/A;N/A;N/A;Sí;N/A;N/A;Sí;N/A;Sí;N/A;N/A;N/A;N/A;N/A
Renault;Master;Minibus;2025;"0 km";;OSCARPISANOAUTOMOVILES;53000;;;;;Prado;https://auto.mercadolibre.com.uy/MLU-690878154-renault-master-mini-bus-_JM;N/A;;"Renault Master Mini Bus";usd;Sí;gold_premium;false;N/A;N/A;http://perfil.mercadolibre.com.uy/OSCARPISANOAUTOMOVILES;active;N/A;N/A;Nuevo;N/A;N/A;Asistida;N/A;Sí;Sí;N/A;N/A;Sí;N/A;Sí;Sí;N/A;N/A;N/A;Sí;Sí;N/A;N/A;N/A;N/A;N/A;N/A;N/A;N/A;N/A;N/A;N/A;N/A;N/A;"2300 cc";N/A;6;N/A;N/A;N/A;N/A;Sí;N/A;N/A;N/A;N/A;N/A;N/A;N/A;N/A;N/A;N/A;N/A;N/A;N/A;N/A;N/A;N/A;N/A;N/A;Sí;N/A;N/A;N/A;N/A;N/A;N/A;N/A;N/A;N/A;N/A;N/A;N/A;N/A;N/A;N/A;N/A;N/A;N/A;N/A;N/A;N/A;N/A;N/A;N/A;N/A;N/A;N/A;N/A;"130 hp";N/A;N/A;N/A;N/A;"10 km/l";N/A;N/A;N/A;Sí;Sí;N/A;Sí;N/A;N/A;N/A;"10 km/l";N/A;N/A;N/A;N/A;N/A;"Lun. a Sáb. de 9:30 a 18:30 hs. Dom. de 9:30 a 13 hs";4;2.3;Diésel;Manual;Minivan;"Autos y camionetas";No;N/A;N/A;N/A;No;N/A;UY;No;Sí;No;No;N/A;N/A;N/A;N/A;N/A;N/A;N/A;N/A;N/A;N/A;N/A;N/A;N/A;N/A;N/A;N/A;N/A;N/A;N/A;N/A;N/A;N/A;N/A;N/A;N/A;N/A;N/A;N/A;N/A;N/A;N/A;N/A;Sí;N/A;N/A;N/A;N/A;N/A;N/A;N/A;N/A;N/A;N/A;N/A;N/A;N/A;N/A;N/A;N/A;N/A;Sí;No;N/A;N/A;N/A;N/A;N/A;N/A;N/A;N/A;N/A;N/A;N/A;N/A;N/A;N/A;N/A;N/A;N/A;N/A;N/A;N/A;N/A;N/A;N/A;N/A;N/A;N/A;N/A;N/A;N/A;N/A;N/A;N/A;N/A;Sí;N/A;N/A;N/A;Sí;Sí;N/A;N/A;Sí;Sí;N/A;N/A;N/A;N/A;N/A;Sí;N/A;N/A;Sí;N/A;Sí;N/A;N/A;N/A;N/A;N/A
Renault;Stepway;1.0;2025;"0 km";;OSCARPISANOAUTOMOVILES;20500;;;;;Prado;https://auto.mercadolibre.com.uy/MLU-643271633-renault-stepway-_JM;N/A;;"Renault Stepway ";USD;Sí;gold_premium;false;N/A;N/A;http://perfil.mercadolibre.com.uy/OSCARPISANOAUTOMOVILES;active;N/A;N/A;Nuevo;N/A;N/A;Eléctrica;N/A;Sí;Sí;N/A;N/A;Sí;N/A;N/A;Sí;N/A;N/A;N/A;Sí;Sí;N/A;Sí;N/A;N/A;N/A;N/A;N/A;N/A;N/A;N/A;N/A;N/A;N/A;"1000 cc";N/A;5;N/A;N/A;Sí;Sí;N/A;N/A;N/A;N/A;N/A;N/A;N/A;N/A;N/A;N/A;N/A;N/A;N/A;N/A;N/A;N/A;N/A;N/A;N/A;Sí;N/A;Sí;N/A;N/A;N/A;Sí;N/A;N/A;N/A;N/A;N/A;N/A;Sí;N/A;N/A;N/A;N/A;N/A;N/A;N/A;N/A;N/A;N/A;N/A;N/A;N/A;N/A;N/A;"79 hp";N/A;N/A;N/A;N/A;"14 km/l";N/A;N/A;N/A;Sí;N/A;Sí;Sí;N/A;N/A;N/A;"18 km/l";N/A;N/A;N/A;N/A;Sí;"Lun. a Sáb. de 9:30 a 18:30 hs. Dom. de 9:30 a 13 hs";4;1.0;Nafta;Manual;SUV;"Autos y camionetas";No;N/A;N/A;N/A;No;N/A;N/A;No;Sí;No;No;N/A;N/A;N/A;N/A;N/A;N/A;N/A;N/A;N/A;N/A;N/A;N/A;N/A;N/A;N/A;N/A;N/A;N/A;N/A;N/A;N/A;N/A;N/A;N/A;N/A;N/A;N/A;N/A;N/A;N/A;N/A;N/A;Sí;N/A;N/A;N/A;N/A;N/A;N/A;N/A;N/A;N/A;N/A;N/A;N/A;N/A;N/A;N/A;N/A;N/A;Sí;No;N/A;N/A;N/A;N/A;N/A;N/A;N/A;N/A;N/A;N/A;N/A;N/A;N/A;N/A;N/A;N/A;N/A;N/A;N/A;N/A;N/A;N/A;N/A;N/A;N/A;N/A;N/A;N/A;N/A;N/A;N/A;N/A;N/A;Sí;Sí;N/A;N/A;Sí;Sí;Sí;N/A;Sí;Sí;N/A;N/A;N/A;N/A;Sí;N/A;N/A;N/A;N/A;N/A;N/A;N/A;N/A;N/A;N/A;N/A
Renault;Kwid;Electrico;2024;"0 km";;OSCARPISANOAUTOMOVILES;23990;;;;;Prado;https://auto.mercadolibre.com.uy/MLU-688937296-renault-kwid-electrico-2024-0km-_JM;N/A;;"Renault Kwid Electrico 2024 0km";USD;Sí;gold_premium;false;N/A;N/A;http://perfil.mercadolibre.com.uy/OSCARPISANOAUTOMOVILES;active;N/A;N/A;Nuevo;Blanco;N/A;Eléctrica;N/A;Sí;Sí;N/A;N/A;Sí;N/A;Sí;N/A;N/A;N/A;N/A;Sí;Sí;N/A;N/A;N/A;N/A;N/A;N/A;N/A;N/A;N/A;N/A;N/A;N/A;N/A;N/A;N/A;N/A;N/A;N/A;Sí;Sí;Sí;N/A;N/A;N/A;N/A;N/A;N/A;N/A;N/A;N/A;N/A;N/A;N/A;N/A;N/A;N/A;N/A;N/A;N/A;N/A;N/A;Sí;N/A;N/A;N/A;N/A;N/A;N/A;N/A;N/A;N/A;N/A;N/A;N/A;N/A;N/A;N/A;N/A;N/A;N/A;N/A;N/A;N/A;N/A;N/A;N/A;N/A;N/A;"48 kW";N/A;N/A;N/A;N/A;N/A;N/A;N/A;N/A;N/A;N/A;Sí;Sí;Sí;N/A;N/A;N/A;N/A;N/A;N/A;N/A;Sí;"Lun. a Sáb. de 9:30 a 18:30 hs. Dom. de 9:30 a 13 hs";5;N/A;Eléctrico;Automática;Hatchback;"Autos y camionetas";No;N/A;N/A;N/A;No;N/A;N/A;No;Sí;No;No;N/A;N/A;N/A;N/A;N/A;N/A;N/A;N/A;N/A;N/A;N/A;N/A;N/A;N/A;N/A;N/A;N/A;N/A;N/A;N/A;N/A;N/A;N/A;N/A;N/A;N/A;N/A;N/A;N/A;N/A;N/A;N/A;Sí;N/A;N/A;N/A;N/A;N/A;N/A;N/A;N/A;N/A;N/A;N/A;N/A;N/A;N/A;N/A;N/A;N/A;Sí;No;N/A;N/A;N/A;N/A;N/A;N/A;N/A;N/A;N/A;N/A;N/A;N/A;N/A;N/A;N/A;N/A;N/A;N/A;N/A;N/A;N/A;N/A;N/A;N/A;N/A;N/A;N/A;N/A;N/A;N/A;N/A;N/A;N/A;Sí;N/A;N/A;Sí;Sí;Sí;Sí;N/A;Sí;Sí;N/A;Sí;N/A;N/A;Sí;Sí;N/A;N/A;Sí;N/A;Sí;N/A;N/A;Sí;N/A;N/A
Renault;Duster;"Iconic 1.3t";2025;"0 km";;OSCARPISANOAUTOMOVILES;31500;;;;;Prado;https://auto.mercadolibre.com.uy/MLU-687718872-renault-duster-iconic-13t-_JM;N/A;;"Renault Duster Iconic 1.3t ";USD;Sí;gold_premium;false;N/A;N/A;http://perfil.mercadolibre.com.uy/OSCARPISANOAUTOMOVILES;active;N/A;N/A;Nuevo;Blanco;N/A;Eléctrica;N/A;Sí;Sí;Sí;N/A;Sí;N/A;Sí;Sí;Sí;Sí;N/A;Sí;Sí;N/A;Sí;N/A;N/A;N/A;N/A;N/A;N/A;N/A;N/A;N/A;N/A;N/A;"1300 cc";N/A;8;N/A;N/A;Sí;Sí;Sí;Sí;N/A;N/A;N/A;N/A;N/A;N/A;N/A;N/A;N/A;N/A;N/A;N/A;N/A;N/A;N/A;N/A;N/A;Sí;N/A;Sí;N/A;N/A;N/A;Sí;N/A;N/A;N/A;N/A;N/A;N/A;Sí;N/A;N/A;N/A;N/A;N/A;Sí;N/A;N/A;N/A;N/A;N/A;N/A;N/A;N/A;N/A;"156 hp";N/A;N/A;N/A;N/A;"10 km/l";N/A;N/A;Sí;Sí;Sí;Sí;Sí;Sí;N/A;N/A;"14 km/l";N/A;N/A;N/A;N/A;Sí;"Lun. a Sáb. de 9:30 a 18:30 hs. Dom. de 9:30 a 13 hs";4;1.3;Nafta;Automática;SUV;"Autos y camionetas";No;N/A;N/A;N/A;No;N/A;N/A;No;Sí;No;No;N/A;N/A;N/A;N/A;N/A;N/A;N/A;N/A;N/A;N/A;N/A;N/A;N/A;N/A;N/A;N/A;N/A;N/A;N/A;N/A;N/A;N/A;N/A;N/A;N/A;N/A;N/A;N/A;N/A;N/A;N/A;N/A;Sí;N/A;N/A;N/A;N/A;N/A;N/A;N/A;N/A;N/A;N/A;N/A;N/A;N/A;N/A;N/A;N/A;N/A;Sí;No;N/A;N/A;N/A;N/A;N/A;N/A;N/A;N/A;N/A;N/A;N/A;N/A;N/A;N/A;N/A;N/A;N/A;N/A;N/A;N/A;N/A;N/A;N/A;N/A;N/A;N/A;N/A;N/A;N/A;N/A;N/A;N/A;N/A;Sí;Sí;Sí;Sí;Sí;Sí;Sí;N/A;Sí;Sí;Sí;N/A;N/A;N/A;Sí;Sí;Sí;N/A;Sí;N/A;Sí;N/A;N/A;Sí;Sí;Sí
Renault;Duster;"Duster iconic 1.3";2024;"0 km";;MOREIRAPANDO24;31490;;;;;Pando;https://auto.mercadolibre.com.uy/MLU-697286516-renault-duster-duster-iconic-13-_JM;N/A;;"Renault Duster Duster Iconic 1.3 ";USD;Sí;gold_premium;false;N/A;N/A;http://perfil.mercadolibre.com.uy/MOREIRAPANDO24;active;N/A;N/A;Nuevo;N/A;N/A;Eléctrica;N/A;Sí;Sí;N/A;N/A;N/A;Sí;N/A;N/A;No;N/A;N/A;Sí;Sí;N/A;No;N/A;N/A;N/A;N/A;N/A;N/A;N/A;N/A;N/A;N/A;N/A;N/A;N/A;N/A;N/A;N/A;N/A;N/A;N/A;No;N/A;N/A;N/A;N/A;N/A;N/A;N/A;N/A;N/A;N/A;N/A;N/A;N/A;N/A;N/A;N/A;N/A;N/A;N/A;N/A;N/A;N/A;N/A;No;N/A;N/A;N/A;N/A;N/A;N/A;N/A;N/A;N/A;N/A;N/A;N/A;N/A;N/A;N/A;N/A;N/A;N/A;N/A;N/A;N/A;N/A;N/A;N/A;N/A;N/A;N/A;N/A;Sí;N/A;Sí;Sí;N/A;Sí;Sí;N/A;No;N/A;N/A;Sí;Sí;N/A;N/A;No;N/A;4;"1.3 tce";Nafta;Automática;SUV;"Autos y camionetas";Sí;N/A;N/A;N/A;Sí;N/A;N/A;N/A;Sí;N/A;No;N/A;N/A;N/A;N/A;N/A;N/A;N/A;N/A;N/A;N/A;N/A;N/A;N/A;Sí;N/A;N/A;N/A;N/A;N/A;N/A;N/A;N/A;N/A;N/A;N/A;N/A;N/A;N/A;N/A;N/A;N/A;N/A;Sí;N/A;N/A;N/A;N/A;N/A;N/A;N/A;N/A;N/A;N/A;N/A;N/A;N/A;N/A;N/A;N/A;N/A;Sí;Sí;N/A;N/A;N/A;N/A;N/A;N/A;N/A;N/A;N/A;N/A;N/A;N/A;N/A;N/A;N/A;N/A;N/A;N/A;N/A;N/A;N/A;N/A;N/A;N/A;N/A;N/A;N/A;N/A;N/A;N/A;N/A;N/A;No;Sí;No;Sí;N/A;Sí;N/A;N/A;N/A;N/A;Sí;No;Sí;Sí;N/A;N/A;Sí;Sí;Sí;Sí;No;Sí;No;No;Sí;N/A;Sí
Renault;Kardian;"PREMIER 1.0 TURBO";2025;"0 km";;OSCARPISANOAUTOMOVILES;30500;;;;;Prado;https://auto.mercadolibre.com.uy/MLU-687224306-renault-kardian-premier-_JM;N/A;;"Renault Kardian Premier ";USD;Sí;gold_premium;false;N/A;N/A;http://perfil.mercadolibre.com.uy/OSCARPISANOAUTOMOVILES;active;N/A;N/A;Nuevo;N/A;N/A;Hidráulica;N/A;Sí;Sí;Sí;N/A;Sí;N/A;Sí;Sí;N/A;Sí;Sí;Sí;Sí;N/A;Sí;N/A;N/A;N/A;N/A;N/A;N/A;N/A;N/A;N/A;N/A;N/A;"1000 cc";N/A;6;N/A;N/A;Sí;Sí;Sí;Sí;N/A;N/A;N/A;N/A;N/A;N/A;N/A;N/A;N/A;N/A;N/A;N/A;N/A;N/A;N/A;N/A;N/A;Sí;N/A;Sí;N/A;Sí;N/A;Sí;N/A;N/A;N/A;N/A;N/A;N/A;Sí;N/A;N/A;N/A;N/A;N/A;Sí;N/A;N/A;N/A;N/A;N/A;N/A;N/A;N/A;N/A;"115 hp";N/A;N/A;N/A;N/A;"15 km/l";N/A;N/A;Sí;Sí;Sí;Sí;Sí;Sí;N/A;N/A;"17 km/l";Sí;N/A;N/A;N/A;Sí;"Lun. a Sáb. de 9:30 a 18:30 hs. Dom. de 9:30 a 13 hs";4;1.0;Nafta;Automática;SUV;"Autos y camionetas";No;N/A;N/A;N/A;No;N/A;N/A;No;Sí;No;No;N/A;N/A;N/A;N/A;N/A;N/A;N/A;N/A;N/A;N/A;N/A;N/A;N/A;N/A;N/A;N/A;N/A;N/A;N/A;N/A;N/A;N/A;N/A;N/A;N/A;N/A;N/A;N/A;N/A;N/A;N/A;N/A;Sí;N/A;N/A;N/A;N/A;N/A;N/A;N/A;N/A;N/A;N/A;N/A;N/A;N/A;N/A;N/A;N/A;N/A;Sí;No;N/A;N/A;N/A;N/A;N/A;N/A;N/A;N/A;N/A;N/A;N/A;N/A;N/A;N/A;N/A;N/A;N/A;N/A;N/A;N/A;N/A;N/A;N/A;N/A;N/A;N/A;N/A;N/A;N/A;N/A;N/A;N/A;N/A;Sí;Sí;Sí;Sí;Sí;Sí;Sí;N/A;Sí;Sí;Sí;Sí;N/A;N/A;Sí;Sí;N/A;N/A;N/A;N/A;Sí;N/A;N/A;N/A;N/A;N/A
Renault;Kardian;"EVOLUTION 1.0 TURBO";2025;"0 km";;OSCARPISANOAUTOMOVILES;27000;;;;;Prado;https://auto.mercadolibre.com.uy/MLU-682206308-renault-kardian-evolution-_JM;N/A;;"Renault Kardian Evolution";USD;Sí;gold_premium;false;N/A;N/A;http://perfil.mercadolibre.com.uy/OSCARPISANOAUTOMOVILES;active;N/A;N/A;Nuevo;N/A;N/A;Hidráulica;N/A;Sí;Sí;Sí;N/A;Sí;N/A;Sí;Sí;N/A;Sí;Sí;Sí;Sí;N/A;Sí;N/A;N/A;N/A;N/A;N/A;N/A;N/A;N/A;N/A;N/A;N/A;"1000 cc";N/A;6;N/A;N/A;Sí;Sí;Sí;Sí;N/A;N/A;N/A;N/A;N/A;N/A;N/A;N/A;N/A;N/A;N/A;N/A;N/A;N/A;N/A;N/A;N/A;Sí;N/A;Sí;N/A;Sí;N/A;Sí;N/A;N/A;N/A;N/A;N/A;N/A;Sí;N/A;N/A;N/A;N/A;N/A;Sí;N/A;N/A;N/A;N/A;N/A;N/A;N/A;N/A;N/A;"115 hp";N/A;N/A;N/A;N/A;"15 km/l";N/A;N/A;Sí;Sí;Sí;Sí;Sí;Sí;N/A;N/A;"17 km/l";Sí;N/A;N/A;N/A;Sí;"Lun. a Sáb. de 9:30 a 18:30 hs. Dom. de 9:30 a 13 hs";4;1.0;Nafta;Automática;SUV;"Autos y camionetas";No;N/A;N/A;N/A;No;N/A;N/A;No;Sí;No;No;N/A;N/A;N/A;N/A;N/A;N/A;N/A;N/A;N/A;N/A;N/A;N/A;N/A;N/A;N/A;N/A;N/A;N/A;N/A;N/A;N/A;N/A;N/A;N/A;N/A;N/A;N/A;N/A;N/A;N/A;N/A;N/A;Sí;N/A;N/A;N/A;N/A;N/A;N/A;N/A;N/A;N/A;N/A;N/A;N/A;N/A;N/A;N/A;N/A;N/A;Sí;No;N/A;N/A;N/A;N/A;N/A;N/A;N/A;N/A;N/A;N/A;N/A;N/A;N/A;N/A;N/A;N/A;N/A;N/A;N/A;N/A;N/A;N/A;N/A;N/A;N/A;N/A;N/A;N/A;N/A;N/A;N/A;N/A;N/A;Sí;Sí;Sí;Sí;Sí;Sí;Sí;N/A;Sí;Sí;Sí;Sí;N/A;N/A;Sí;Sí;N/A;N/A;N/A;N/A;Sí;N/A;N/A;N/A;N/A;N/A
Renault;Kardian;Premier;2024;"0 km";;"MOREIRA AUTOMOVILES";30500;;;;;"Las Piedras";https://auto.mercadolibre.com.uy/MLU-681864164-renault-kardian-premier-_JM;N/A;;"Renault Kardian Premier ";USD;Sí;gold_premium;false;N/A;N/A;http://perfil.mercadolibre.com.uy/MOREIRA+AUTOMOVILES;active;N/A;N/A;Nuevo;N/A;N/A;Eléctrica;4x2;N/A;N/A;N/A;N/A;N/A;N/A;N/A;N/A;N/A;N/A;N/A;N/A;N/A;N/A;N/A;N/A;N/A;N/A;N/A;N/A;N/A;N/A;N/A;N/A;N/A;N/A;N/A;N/A;N/A;N/A;N/A;N/A;N/A;N/A;N/A;N/A;N/A;N/A;N/A;N/A;N/A;N/A;N/A;N/A;N/A;N/A;N/A;N/A;N/A;N/A;N/A;N/A;N/A;N/A;N/A;N/A;N/A;N/A;N/A;N/A;N/A;N/A;N/A;N/A;N/A;N/A;N/A;N/A;N/A;N/A;N/A;N/A;N/A;N/A;N/A;N/A;N/A;N/A;N/A;N/A;N/A;N/A;N/A;N/A;N/A;N/A;N/A;N/A;N/A;N/A;N/A;N/A;N/A;N/A;N/A;N/A;N/A;N/A;N/A;N/A;N/A;N/A;N/A;N/A;5;1.0T;Nafta;N/A;SUV;"Autos y camionetas";N/A;N/A;N/A;N/A;N/A;N/A;N/A;N/A;N/A;N/A;N/A;N/A;N/A;N/A;N/A;N/A;N/A;N/A;N/A;N/A;N/A;N/A;N/A;N/A;N/A;N/A;N/A;N/A;N/A;N/A;N/A;N/A;N/A;N/A;N/A;N/A;N/A;N/A;N/A;N/A;N/A;N/A;N/A;N/A;N/A;N/A;N/A;N/A;N/A;N/A;N/A;N/A;N/A;N/A;N/A;N/A;N/A;N/A;N/A;N/A;N/A;N/A;N/A;N/A;N/A;N/A;N/A;N/A;N/A;N/A;N/A;N/A;N/A;N/A;N/A;N/A;N/A;N/A;N/A;N/A;N/A;N/A;N/A;N/A;N/A;N/A;N/A;N/A;N/A;N/A;N/A;N/A;N/A;N/A;N/A;N/A;N/A;N/A;N/A;N/A;N/A;N/A;N/A;N/A;N/A;N/A;N/A;N/A;N/A;N/A;N/A;N/A;N/A;N/A;N/A;N/A;N/A;N/A;N/A;N/A;N/A;N/A
Renault;Sandero;"1.6 Privilege 105cv";2018;"124424 km";;AUTOMOVILESCONCORDE;11690;;;;;Cordón;https://auto.mercadolibre.com.uy/MLU-703813612-sandero-privilege-_JM;N/A;;"Sandero Privilege";usd;Sí;gold_premium;false;N/A;N/A;http://perfil.mercadolibre.com.uy/AUTOMOVILESCONCORDE;active;N/A;N/A;Usado;Rojo;N/A;Hidráulica;Delantera;Sí;N/A;Sí;N/A;N/A;Sí;N/A;N/A;N/A;N/A;N/A;N/A;N/A;N/A;N/A;N/A;N/A;N/A;N/A;N/A;N/A;N/A;N/A;N/A;N/A;"2590 mm";"1.6 L";"50 L";5;N/A;N/A;N/A;N/A;N/A;N/A;N/A;N/A;N/A;N/A;N/A;N/A;N/A;N/A;N/A;N/A;N/A;N/A;N/A;N/A;N/A;N/A;N/A;N/A;N/A;N/A;N/A;N/A;N/A;N/A;N/A;N/A;N/A;N/A;N/A;N/A;N/A;N/A;N/A;N/A;N/A;N/A;N/A;N/A;N/A;"1536 mm";"4060 mm";N/A;N/A;N/A;N/A;5;"105 hp";Privilege;N/A;4;"1733 mm";"9.5 km/l";Sí;N/A;N/A;N/A;N/A;N/A;N/A;N/A;N/A;N/A;"5.7 km/l";N/A;N/A;N/A;N/A;N/A;N/A;5;1.6;Nafta;Manual;Hatchback;"Autos y camionetas";N/A;N/A;N/A;N/A;N/A;N/A;UY;N/A;N/A;N/A;N/A;N/A;N/A;N/A;N/A;N/A;N/A;N/A;N/A;N/A;N/A;N/A;N/A;N/A;N/A;N/A;N/A;N/A;N/A;N/A;N/A;N/A;N/A;N/A;N/A;N/A;N/A;N/A;N/A;N/A;N/A;N/A;N/A;N/A;N/A;N/A;N/A;N/A;N/A;N/A;N/A;N/A;N/A;N/A;N/A;N/A;N/A;N/A;N/A;N/A;N/A;N/A;N/A;N/A;N/A;N/A;N/A;N/A;N/A;N/A;N/A;N/A;N/A;N/A;N/A;N/A;N/A;N/A;N/A;N/A;N/A;N/A;N/A;N/A;N/A;N/A;N/A;N/A;N/A;N/A;N/A;N/A;N/A;N/A;N/A;N/A;N/A;N/A;N/A;N/A;N/A;N/A;N/A;N/A;N/A;N/A;N/A;N/A;N/A;N/A;N/A;N/A;N/A;N/A;N/A;N/A;N/A;Sí;N/A;N/A;N/A;N/A
Renault;Duster;"Intense plus 1.6 MT";2024;"0 km";;"MOREIRA AUTOMOVILES";26000;;;;;"Las Piedras";https://auto.mercadolibre.com.uy/MLU-675393632-renault-duster-intense-plus-16-mt-_JM;N/A;;"Renault Duster Intense Plus 1.6 Mt";usd;Sí;gold_premium;false;N/A;N/A;http://perfil.mercadolibre.com.uy/MOREIRA+AUTOMOVILES;active;N/A;N/A;Nuevo;N/A;N/A;N/A;4x2;N/A;N/A;Sí;N/A;N/A;N/A;N/A;N/A;N/A;N/A;N/A;N/A;N/A;N/A;N/A;N/A;N/A;N/A;N/A;N/A;N/A;N/A;N/A;N/A;N/A;"2674 mm";"1.6 L";"50 L";5;N/A;N/A;N/A;N/A;N/A;N/A;N/A;N/A;N/A;N/A;N/A;N/A;N/A;N/A;N/A;N/A;N/A;N/A;N/A;N/A;N/A;N/A;N/A;N/A;N/A;N/A;N/A;N/A;N/A;N/A;N/A;N/A;N/A;N/A;N/A;N/A;N/A;N/A;N/A;N/A;N/A;N/A;N/A;N/A;N/A;"1683 mm";"4329 mm";N/A;N/A;N/A;N/A;5;"118 hp";Intens;N/A;4;"1822 mm";"11.1 km/l";N/A;N/A;N/A;N/A;N/A;N/A;N/A;N/A;N/A;N/A;"10.4 km/l";N/A;N/A;N/A;N/A;N/A;N/A;4;1.6;Nafta;Manual;SUV;"Autos y camionetas";N/A;N/A;N/A;N/A;N/A;N/A;UY;N/A;N/A;N/A;N/A;N/A;N/A;N/A;N/A;N/A;N/A;N/A;N/A;N/A;N/A;N/A;N/A;N/A;N/A;N/A;N/A;N/A;N/A;N/A;N/A;N/A;N/A;N/A;N/A;N/A;N/A;N/A;N/A;N/A;N/A;N/A;N/A;N/A;N/A;N/A;N/A;N/A;N/A;N/A;N/A;N/A;N/A;N/A;N/A;N/A;N/A;N/A;N/A;N/A;N/A;N/A;N/A;N/A;N/A;N/A;N/A;N/A;N/A;N/A;N/A;N/A;N/A;N/A;N/A;N/A;N/A;N/A;N/A;N/A;N/A;N/A;N/A;N/A;N/A;N/A;N/A;N/A;N/A;N/A;N/A;N/A;N/A;N/A;N/A;N/A;N/A;N/A;N/A;N/A;N/A;N/A;N/A;N/A;N/A;N/A;N/A;N/A;N/A;N/A;N/A;N/A;N/A;N/A;N/A;N/A;N/A;N/A;N/A;N/A;N/A;N/A
Renault;Sandero;"1.6 Authentique 90cv";2018;"55000 km";;CASE7397470;12490;;;;;"Pocitos Nuevo";https://auto.mercadolibre.com.uy/MLU-706174798-peugeot-208-_JM;N/A;;"Peugeot 208";usd;Sí;gold_premium;false;N/A;N/A;http://perfil.mercadolibre.com.uy/CASE7397470;active;N/A;N/A;Usado;Gris;N/A;Hidráulica;Delantera;Sí;Sí;N/A;N/A;N/A;N/A;N/A;N/A;N/A;N/A;N/A;N/A;Sí;N/A;N/A;N/A;N/A;N/A;N/A;N/A;N/A;N/A;N/A;N/A;N/A;"2590 mm";"1.6 L";"50 L";5;N/A;N/A;N/A;N/A;N/A;N/A;N/A;N/A;N/A;N/A;N/A;N/A;N/A;N/A;N/A;N/A;N/A;N/A;N/A;N/A;N/A;N/A;N/A;N/A;N/A;N/A;N/A;N/A;N/A;N/A;N/A;N/A;N/A;N/A;N/A;N/A;N/A;N/A;N/A;N/A;N/A;N/A;N/A;N/A;N/A;"1528 mm";"4023 mm";N/A;N/A;N/A;N/A;5;"90 hp";Authentique;N/A;2;"1733 mm";"10 km/l";N/A;N/A;N/A;Sí;N/A;Sí;N/A;N/A;N/A;N/A;"5.8 km/l";N/A;N/A;N/A;N/A;N/A;N/A;5;1.6;Nafta;Manual;Hatchback;"Autos y camionetas";N/A;N/A;N/A;N/A;N/A;N/A;UY;N/A;Sí;N/A;N/A;N/A;N/A;N/A;N/A;N/A;N/A;N/A;N/A;N/A;N/A;N/A;N/A;N/A;N/A;N/A;N/A;N/A;N/A;N/A;N/A;N/A;N/A;N/A;N/A;N/A;N/A;N/A;N/A;N/A;N/A;N/A;N/A;N/A;N/A;N/A;N/A;N/A;N/A;N/A;N/A;N/A;N/A;N/A;N/A;N/A;N/A;N/A;N/A;N/A;N/A;N/A;N/A;N/A;N/A;N/A;N/A;N/A;N/A;N/A;N/A;N/A;N/A;N/A;N/A;N/A;N/A;N/A;N/A;N/A;N/A;N/A;N/A;N/A;N/A;N/A;N/A;N/A;N/A;N/A;N/A;N/A;N/A;N/A;N/A;N/A;Sí;N/A;N/A;N/A;N/A;N/A;N/A;N/A;N/A;Sí;N/A;N/A;N/A;N/A;N/A;N/A;Sí;N/A;Sí;Sí;Sí;Sí;N/A;Sí;N/A;Sí
Renault;Kangoo;"5 7 8 pasajeros";2025;"0 km";;OSCARPISANOAUTOMOVILES;24500;;;;;Prado;https://auto.mercadolibre.com.uy/MLU-669978280-renault-kangoo-5-7-8-pasajeros-_JM;N/A;;"Renault Kangoo 5 7 8 Pasajeros";USD;Sí;gold_premium;false;N/A;N/A;http://perfil.mercadolibre.com.uy/OSCARPISANOAUTOMOVILES;active;N/A;N/A;Nuevo;Blanco;N/A;Eléctrica;N/A;Sí;Sí;Sí;N/A;Sí;N/A;N/A;Sí;N/A;N/A;N/A;Sí;Sí;N/A;N/A;N/A;N/A;N/A;N/A;N/A;N/A;N/A;N/A;N/A;N/A;N/A;"1600 cc";N/A;5;N/A;N/A;Sí;Sí;Sí;N/A;N/A;N/A;N/A;N/A;N/A;N/A;N/A;N/A;N/A;N/A;N/A;N/A;N/A;N/A;N/A;N/A;N/A;Sí;N/A;N/A;N/A;N/A;N/A;N/A;N/A;N/A;N/A;N/A;N/A;N/A;Sí;N/A;N/A;N/A;N/A;N/A;N/A;N/A;N/A;N/A;N/A;N/A;N/A;N/A;N/A;N/A;"115 hp";N/A;N/A;N/A;N/A;"13 km/l";N/A;N/A;N/A;Sí;Sí;Sí;Sí;Sí;N/A;N/A;"16 km/l";N/A;N/A;N/A;N/A;N/A;"Lun. a Sáb. de 9:30 a 18:30 hs. Dom. de 9:30 a 13 hs";4;1.6;Nafta;Manual;Furgón;"Autos y camionetas";No;N/A;N/A;N/A;No;N/A;N/A;No;Sí;No;No;N/A;N/A;N/A;N/A;N/A;N/A;N/A;N/A;N/A;N/A;N/A;N/A;N/A;N/A;N/A;N/A;N/A;N/A;N/A;N/A;N/A;N/A;N/A;N/A;N/A;N/A;N/A;N/A;N/A;N/A;N/A;N/A;Sí;N/A;N/A;N/A;N/A;N/A;N/A;N/A;N/A;N/A;N/A;N/A;N/A;N/A;N/A;N/A;N/A;N/A;Sí;No;N/A;N/A;N/A;N/A;N/A;N/A;N/A;N/A;N/A;N/A;N/A;N/A;N/A;N/A;N/A;N/A;N/A;N/A;N/A;N/A;N/A;N/A;N/A;N/A;N/A;N/A;N/A;N/A;N/A;N/A;N/A;N/A;N/A;Sí;N/A;N/A;N/A;Sí;Sí;Sí;N/A;Sí;Sí;N/A;Sí;N/A;N/A;N/A;Sí;N/A;N/A;Sí;Sí;Sí;N/A;N/A;Sí;N/A;Sí
Renault;Kangoo;Confort;2024;"0 km";;"MOREIRA AUTOMOVILES";22500;;;;;"Las Piedras";https://auto.mercadolibre.com.uy/MLU-691204538-renault-kangoo-confort-_JM;N/A;;"Renault Kangoo Confort ";USD;Sí;gold_premium;false;N/A;N/A;http://perfil.mercadolibre.com.uy/MOREIRA+AUTOMOVILES;active;N/A;N/A;Nuevo;N/A;N/A;Hidráulica;4x2;N/A;N/A;N/A;N/A;N/A;N/A;N/A;N/A;N/A;N/A;N/A;N/A;N/A;N/A;N/A;N/A;N/A;N/A;N/A;N/A;N/A;N/A;N/A;N/A;N/A;N/A;N/A;N/A;N/A;N/A;N/A;N/A;N/A;N/A;N/A;N/A;N/A;N/A;N/A;N/A;N/A;N/A;N/A;N/A;N/A;N/A;N/A;N/A;N/A;N/A;N/A;N/A;N/A;N/A;N/A;N/A;N/A;N/A;N/A;N/A;N/A;N/A;N/A;N/A;N/A;N/A;N/A;N/A;N/A;N/A;N/A;N/A;N/A;N/A;N/A;N/A;N/A;N/A;N/A;N/A;N/A;N/A;N/A;N/A;N/A;N/A;N/A;N/A;N/A;N/A;N/A;N/A;N/A;N/A;N/A;N/A;N/A;N/A;N/A;N/A;N/A;N/A;N/A;N/A;4;1.6;Nafta;Manual;Furgón;"Autos y camionetas";N/A;N/A;N/A;N/A;N/A;N/A;N/A;N/A;N/A;N/A;N/A;N/A;N/A;N/A;N/A;N/A;N/A;N/A;N/A;N/A;N/A;N/A;N/A;N/A;N/A;N/A;N/A;N/A;N/A;N/A;N/A;N/A;N/A;N/A;N/A;N/A;N/A;N/A;N/A;N/A;N/A;N/A;N/A;N/A;N/A;N/A;N/A;N/A;N/A;N/A;N/A;N/A;N/A;N/A;N/A;N/A;N/A;N/A;N/A;N/A;N/A;N/A;N/A;N/A;N/A;N/A;N/A;N/A;N/A;N/A;N/A;N/A;N/A;N/A;N/A;N/A;N/A;N/A;N/A;N/A;N/A;N/A;N/A;N/A;N/A;N/A;N/A;N/A;N/A;N/A;N/A;N/A;N/A;N/A;N/A;N/A;N/A;N/A;N/A;N/A;N/A;N/A;N/A;N/A;N/A;N/A;N/A;N/A;N/A;N/A;N/A;N/A;N/A;N/A;N/A;N/A;N/A;N/A;N/A;N/A;N/A;N/A
Renault;"Duster Oroch";intense;2024;"0 km";;NISSANMOREIRA;26500;;;;;Pando;https://auto.mercadolibre.com.uy/MLU-647126441-renault-duster-oroch-intens-13-turbo-_JM;N/A;;"Renault Duster Oroch Intens 1.3 Turbo";USD;Sí;gold_premium;false;N/A;N/A;http://perfil.mercadolibre.com.uy/NISSANMOREIRA;active;N/A;N/A;Nuevo;Gris;N/A;Eléctrica;Delantera;N/A;Sí;Sí;N/A;N/A;N/A;Sí;Sí;N/A;N/A;N/A;Sí;Sí;N/A;N/A;N/A;N/A;N/A;N/A;N/A;N/A;N/A;N/A;N/A;N/A;N/A;N/A;N/A;N/A;N/A;N/A;N/A;N/A;N/A;Sí;N/A;N/A;N/A;N/A;N/A;N/A;N/A;N/A;N/A;N/A;N/A;N/A;N/A;N/A;N/A;N/A;N/A;Sí;N/A;N/A;N/A;N/A;N/A;N/A;N/A;N/A;N/A;N/A;N/A;N/A;N/A;N/A;N/A;N/A;N/A;N/A;N/A;N/A;N/A;N/A;N/A;N/A;N/A;N/A;N/A;N/A;N/A;N/A;N/A;N/A;N/A;N/A;N/A;N/A;N/A;Sí;N/A;Sí;Sí;N/A;N/A;N/A;N/A;N/A;N/A;N/A;Sí;N/A;"Lunes a Viernes de 9:00 a 18:00.";5;1.3;Nafta;"Automática secuencial";Pick-Up;"Autos y camionetas";N/A;N/A;N/A;N/A;N/A;N/A;N/A;N/A;Sí;N/A;N/A;N/A;N/A;N/A;N/A;N/A;N/A;N/A;N/A;N/A;N/A;N/A;N/A;N/A;N/A;N/A;N/A;N/A;N/A;N/A;N/A;N/A;N/A;N/A;N/A;N/A;N/A;N/A;N/A;N/A;N/A;N/A;N/A;Sí;N/A;N/A;N/A;N/A;N/A;N/A;N/A;N/A;N/A;N/A;N/A;N/A;N/A;N/A;N/A;N/A;N/A;N/A;N/A;N/A;N/A;N/A;N/A;N/A;N/A;N/A;N/A;N/A;N/A;N/A;N/A;N/A;N/A;N/A;N/A;N/A;N/A;N/A;N/A;N/A;N/A;N/A;N/A;N/A;N/A;N/A;N/A;N/A;N/A;N/A;N/A;N/A;Sí;N/A;Sí;N/A;N/A;Sí;Sí;N/A;N/A;Sí;N/A;N/A;N/A;N/A;N/A;Sí;Sí;Sí;Sí;N/A;Sí;N/A;N/A;Sí;N/A;Sí
Renault;"Duster Oroch";"1.3 Turbo";2024;"0 km";;"MOREIRA AUTOMOVILES";28000;;;;;"Las Piedras";https://auto.mercadolibre.com.uy/MLU-682255006-renault-duster-oroch-outsider-2024-13-turbo-_JM;N/A;;"Renault Duster Oroch Outsider 2024 1.3 Turbo";USD;Sí;gold_premium;false;N/A;N/A;http://perfil.mercadolibre.com.uy/MOREIRA+AUTOMOVILES;active;N/A;N/A;Nuevo;N/A;N/A;Hidráulica;4x2;N/A;N/A;N/A;N/A;N/A;N/A;N/A;N/A;N/A;N/A;N/A;N/A;N/A;N/A;N/A;N/A;N/A;N/A;N/A;N/A;N/A;N/A;N/A;N/A;N/A;N/A;N/A;N/A;N/A;N/A;N/A;N/A;N/A;N/A;N/A;N/A;N/A;N/A;N/A;N/A;N/A;N/A;N/A;N/A;N/A;N/A;N/A;N/A;N/A;N/A;N/A;N/A;N/A;N/A;N/A;N/A;N/A;N/A;N/A;N/A;N/A;N/A;N/A;N/A;N/A;N/A;N/A;N/A;N/A;N/A;N/A;N/A;N/A;N/A;N/A;N/A;N/A;N/A;N/A;N/A;N/A;N/A;N/A;N/A;N/A;N/A;N/A;N/A;N/A;N/A;N/A;N/A;N/A;N/A;N/A;N/A;N/A;N/A;N/A;N/A;N/A;N/A;N/A;N/A;4;"1.3 T";Nafta;Automática;Pick-Up;"Autos y camionetas";N/A;N/A;N/A;N/A;N/A;N/A;N/A;N/A;Sí;N/A;N/A;N/A;N/A;N/A;N/A;N/A;N/A;N/A;N/A;N/A;N/A;N/A;N/A;N/A;N/A;N/A;N/A;N/A;N/A;N/A;N/A;N/A;N/A;N/A;N/A;N/A;N/A;N/A;N/A;N/A;N/A;N/A;N/A;Sí;N/A;N/A;N/A;N/A;N/A;N/A;N/A;N/A;N/A;N/A;N/A;N/A;N/A;N/A;N/A;N/A;N/A;N/A;N/A;N/A;N/A;N/A;N/A;N/A;N/A;N/A;N/A;N/A;N/A;N/A;N/A;N/A;N/A;N/A;N/A;N/A;N/A;N/A;N/A;N/A;N/A;N/A;N/A;N/A;N/A;N/A;N/A;N/A;N/A;N/A;N/A;N/A;N/A;N/A;N/A;N/A;N/A;N/A;N/A;N/A;N/A;N/A;N/A;N/A;N/A;N/A;N/A;N/A;N/A;N/A;N/A;N/A;N/A;N/A;N/A;N/A;N/A;N/A
Renault;Master;"Furgon L1H1";2025;"0 km";;OSCARPISANOAUTOMOVILES;38000;;;;;Prado;https://auto.mercadolibre.com.uy/MLU-646968667-renault-master-l1-_JM;N/A;;"Renault Master L1";USD;Sí;gold_premium;false;N/A;N/A;http://perfil.mercadolibre.com.uy/OSCARPISANOAUTOMOVILES;active;N/A;N/A;Nuevo;N/A;N/A;Asistida;N/A;Sí;N/A;N/A;N/A;N/A;N/A;N/A;N/A;N/A;N/A;N/A;N/A;N/A;N/A;N/A;N/A;N/A;N/A;N/A;N/A;N/A;N/A;N/A;N/A;N/A;N/A;"2300 cc";N/A;6;N/A;N/A;N/A;N/A;N/A;N/A;N/A;N/A;N/A;N/A;N/A;N/A;N/A;N/A;N/A;N/A;N/A;N/A;N/A;N/A;N/A;N/A;N/A;N/A;N/A;N/A;N/A;N/A;N/A;N/A;N/A;N/A;N/A;N/A;N/A;N/A;N/A;N/A;N/A;N/A;N/A;N/A;N/A;N/A;N/A;N/A;N/A;N/A;N/A;N/A;N/A;N/A;"130 hp";N/A;N/A;N/A;N/A;"10 km/l";N/A;N/A;N/A;Sí;N/A;N/A;N/A;N/A;N/A;N/A;"10 km/l";N/A;N/A;N/A;N/A;N/A;"Lun. a Sáb. de 9:30 a 18:30 hs. Dom. de 9:30 a 13 hs";4;2.3;Diésel;Manual;Furgón;"Autos y camionetas";No;N/A;N/A;N/A;No;N/A;N/A;No;Sí;No;No;N/A;N/A;N/A;N/A;N/A;N/A;N/A;N/A;N/A;N/A;N/A;N/A;N/A;N/A;N/A;N/A;N/A;N/A;N/A;N/A;N/A;N/A;N/A;N/A;N/A;N/A;N/A;N/A;N/A;N/A;N/A;N/A;Sí;N/A;N/A;N/A;N/A;N/A;N/A;N/A;N/A;N/A;N/A;N/A;N/A;N/A;N/A;N/A;N/A;N/A;Sí;No;N/A;N/A;N/A;N/A;N/A;N/A;N/A;N/A;N/A;N/A;N/A;N/A;N/A;N/A;N/A;N/A;N/A;N/A;N/A;N/A;N/A;N/A;N/A;N/A;N/A;N/A;N/A;N/A;N/A;N/A;N/A;N/A;N/A;Sí;N/A;N/A;N/A;Sí;Sí;N/A;N/A;N/A;Sí;N/A;N/A;N/A;N/A;N/A;N/A;N/A;N/A;Sí;N/A;Sí;N/A;N/A;N/A;N/A;N/A
Renault;Master;"2.3 L2h2 Furgón Plus";2024;"0 km";;FACIL.CAR;35000;;;;;Centro;https://auto.mercadolibre.com.uy/MLU-704190198-renault-master-23-l2h2-furgon-plus-23-2024-0km-_JM;N/A;;"Renault Master 2.3 L2h2 Furgón Plus 2.3 2024 0km";usd;Sí;gold_premium;false;N/A;N/A;http://perfil.mercadolibre.com.uy/FACIL.CAR;active;N/A;N/A;Nuevo;Blanco;N/A;Hidráulica;N/A;Sí;N/A;Sí;N/A;N/A;N/A;N/A;Sí;N/A;N/A;N/A;N/A;Sí;N/A;N/A;N/A;N/A;N/A;N/A;N/A;N/A;N/A;N/A;N/A;N/A;N/A;"2300 cc";N/A;6;N/A;N/A;Sí;N/A;Sí;N/A;N/A;N/A;N/A;N/A;N/A;N/A;N/A;N/A;N/A;N/A;N/A;N/A;N/A;N/A;N/A;N/A;N/A;N/A;N/A;N/A;N/A;N/A;N/A;N/A;N/A;N/A;N/A;N/A;N/A;N/A;N/A;N/A;N/A;N/A;N/A;N/A;N/A;N/A;N/A;N/A;N/A;N/A;N/A;N/A;N/A;N/A;N/A;2.3;N/A;N/A;N/A;N/A;N/A;N/A;N/A;N/A;N/A;Sí;Sí;N/A;N/A;N/A;N/A;N/A;N/A;N/A;N/A;N/A;"Lunes a Viernes de 9:00 a 18:30 horas";3;2.3;Diésel;Manual;Furgón;"Autos y camionetas";No;N/A;N/A;N/A;No;N/A;UY;No;Sí;No;No;N/A;N/A;N/A;N/A;N/A;N/A;N/A;N/A;N/A;N/A;N/A;N/A;N/A;N/A;N/A;N/A;N/A;N/A;N/A;N/A;N/A;N/A;N/A;N/A;N/A;N/A;N/A;N/A;N/A;N/A;N/A;N/A;Sí;N/A;N/A;N/A;N/A;N/A;N/A;N/A;N/A;N/A;N/A;N/A;N/A;N/A;N/A;N/A;N/A;N/A;Sí;No;N/A;N/A;N/A;N/A;N/A;N/A;N/A;N/A;N/A;N/A;N/A;N/A;N/A;N/A;N/A;N/A;N/A;N/A;N/A;N/A;N/A;N/A;N/A;N/A;N/A;N/A;N/A;N/A;N/A;N/A;N/A;N/A;N/A;Sí;N/A;N/A;N/A;Sí;Sí;Sí;N/A;Sí;Sí;N/A;N/A;N/A;N/A;N/A;Sí;N/A;N/A;Sí;N/A;Sí;N/A;N/A;N/A;N/A;Sí
Renault;Duster;"INTENS AUTOMATICA EXTRAFULL - DESCUENTA IVA";2024;"11000 km";;"AG AUTOMOVILES.";23990;;;;;Pocitos;https://auto.mercadolibre.com.uy/MLU-705312986-renault-duster-intens-automatica-extrafull-descuenta-iva-_JM;N/A;;"Renault Duster Intens Automatica Extrafull - Descuenta Iva.";USD;Sí;gold_premium;false;N/A;N/A;http://perfil.mercadolibre.com.uy/AG+AUTOMOVILES.;active;N/A;N/A;Usado;Blanco;Sí;Asistida;N/A;Sí;Sí;Sí;N/A;Sí;N/A;Sí;Sí;Sí;N/A;Sí;Sí;Sí;N/A;Sí;N/A;N/A;N/A;N/A;N/A;N/A;N/A;N/A;N/A;N/A;N/A;"1600 cc";N/A;6;N/A;N/A;Sí;Sí;Sí;Sí;N/A;N/A;N/A;N/A;N/A;N/A;N/A;N/A;N/A;N/A;N/A;N/A;N/A;N/A;N/A;N/A;N/A;Sí;N/A;Sí;N/A;Sí;N/A;Sí;N/A;N/A;N/A;N/A;N/A;N/A;Sí;N/A;N/A;N/A;N/A;N/A;Sí;N/A;N/A;N/A;N/A;N/A;N/A;N/A;N/A;N/A;"115 hp";Intens;N/A;N/A;N/A;"12 km/l";N/A;N/A;N/A;Sí;Sí;Sí;Sí;Sí;N/A;N/A;"15 km/l";N/A;N/A;N/A;N/A;Sí;"Lunes a Viernes de 9 a 17 hs.";5;1.6;Nafta;Automática;SUV;"Autos y camionetas";No;N/A;N/A;N/A;No;N/A;N/A;No;Sí;No;No;N/A;N/A;N/A;N/A;N/A;N/A;N/A;N/A;N/A;N/A;N/A;N/A;N/A;Sí;N/A;N/A;N/A;N/A;N/A;N/A;N/A;N/A;N/A;N/A;Sí;N/A;N/A;N/A;N/A;N/A;N/A;N/A;N/A;N/A;N/A;N/A;N/A;N/A;N/A;N/A;N/A;N/A;N/A;N/A;N/A;N/A;N/A;Sí;N/A;N/A;N/A;No;N/A;Sí;N/A;N/A;N/A;N/A;N/A;N/A;N/A;N/A;N/A;N/A;N/A;N/A;N/A;N/A;N/A;N/A;N/A;N/A;N/A;N/A;N/A;N/A;N/A;N/A;N/A;N/A;N/A;Sí;N/A;N/A;N/A;Sí;Sí;Sí;N/A;Sí;Sí;Sí;N/A;Sí;Sí;N/A;Sí;N/A;N/A;N/A;Sí;Sí;N/A;Sí;N/A;Sí;N/A;N/A;N/A;N/A;Sí
Renault;Captur;"Privilege Plus";2017;"159386 km";;"AUTOMOTORA BARRIOLA";16900;;;;;"Las Piedras";https://auto.mercadolibre.com.uy/MLU-644485421-renault-captur-privilege-plus-12-barriola-_JM;N/A;;"Renault Captur Privilege Plus 1.2  - Barriola";usd;Sí;gold_premium;false;N/A;N/A;http://perfil.mercadolibre.com.uy/AUTOMOTORA+BARRIOLA;active;N/A;N/A;Usado;Plateado;N/A;Hidráulica;N/A;Sí;Sí;Sí;N/A;N/A;N/A;N/A;Sí;N/A;N/A;N/A;Sí;Sí;N/A;Sí;N/A;N/A;N/A;N/A;N/A;N/A;N/A;N/A;N/A;N/A;N/A;"1200 cc";N/A;6;N/A;N/A;N/A;N/A;N/A;N/A;N/A;N/A;N/A;N/A;N/A;N/A;N/A;N/A;N/A;N/A;N/A;N/A;N/A;N/A;N/A;N/A;N/A;N/A;N/A;N/A;N/A;N/A;N/A;N/A;N/A;N/A;N/A;N/A;N/A;N/A;Sí;N/A;N/A;N/A;N/A;N/A;N/A;N/A;N/A;N/A;N/A;N/A;N/A;N/A;N/A;N/A;N/A;Privilege;N/A;N/A;N/A;N/A;N/A;N/A;N/A;Sí;Sí;Sí;Sí;Sí;N/A;N/A;N/A;N/A;N/A;N/A;N/A;Sí;"Lun. a Vie. de 9 a 19 hs. Sáb. de 9:30 a 13 hs.";5;1.2;Nafta;Automática;SUV;"Autos y camionetas";No;N/A;N/A;N/A;No;N/A;UY;No;Sí;No;No;N/A;N/A;N/A;N/A;N/A;N/A;N/A;N/A;N/A;N/A;N/A;N/A;N/A;N/A;N/A;N/A;N/A;N/A;N/A;N/A;N/A;N/A;N/A;N/A;N/A;N/A;N/A;N/A;N/A;N/A;N/A;N/A;N/A;N/A;N/A;N/A;N/A;N/A;N/A;N/A;N/A;N/A;N/A;N/A;N/A;N/A;N/A;N/A;N/A;N/A;N/A;No;N/A;N/A;N/A;N/A;N/A;N/A;N/A;N/A;N/A;N/A;N/A;N/A;N/A;N/A;N/A;N/A;N/A;N/A;N/A;N/A;N/A;N/A;N/A;N/A;N/A;N/A;N/A;N/A;N/A;N/A;N/A;N/A;N/A;Sí;N/A;Sí;N/A;Sí;N/A;N/A;N/A;N/A;Sí;N/A;N/A;N/A;N/A;N/A;N/A;N/A;N/A;Sí;N/A;Sí;N/A;N/A;N/A;N/A;N/A
Renault;"Grand Captur";"2.0 Intens";2018;"90000 km";;CARLINEAUTOMÓVILES;16900;;;;;Malvin;https://auto.mercadolibre.com.uy/MLU-647147355-renault-grand-captur-intense-_JM;N/A;;"Renault Grand Captur Intense";usd;Sí;gold_premium;false;N/A;N/A;http://perfil.mercadolibre.com.uy/CARLINEAUTOM%C3%93VILES;active;N/A;N/A;Usado;Plateado;N/A;Hidráulica;4x4;Sí;N/A;N/A;N/A;N/A;N/A;N/A;N/A;N/A;N/A;N/A;N/A;N/A;N/A;N/A;N/A;N/A;N/A;N/A;N/A;N/A;N/A;N/A;N/A;N/A;"2670 mm";"2 L";"45 L";N/A;N/A;N/A;N/A;N/A;N/A;N/A;N/A;N/A;N/A;N/A;N/A;N/A;N/A;N/A;N/A;N/A;N/A;N/A;N/A;N/A;N/A;N/A;N/A;N/A;N/A;N/A;N/A;N/A;N/A;N/A;N/A;N/A;N/A;N/A;N/A;N/A;N/A;N/A;N/A;N/A;N/A;N/A;N/A;N/A;N/A;"1556 mm";"4122 mm";N/A;N/A;N/A;N/A;5;"143 hp";Intens;N/A;4;"1778 mm";N/A;N/A;N/A;N/A;N/A;N/A;N/A;N/A;N/A;N/A;N/A;N/A;N/A;N/A;N/A;N/A;N/A;N/A;5;2.0;Nafta;Automática;Hatchback;"Autos y camionetas";N/A;N/A;N/A;N/A;N/A;N/A;UY;N/A;N/A;N/A;N/A;N/A;N/A;N/A;N/A;N/A;N/A;N/A;N/A;N/A;N/A;N/A;N/A;N/A;N/A;N/A;N/A;N/A;N/A;N/A;N/A;N/A;N/A;N/A;N/A;N/A;N/A;N/A;N/A;N/A;N/A;N/A;N/A;N/A;N/A;N/A;N/A;N/A;N/A;N/A;N/A;N/A;N/A;N/A;N/A;N/A;N/A;N/A;N/A;N/A;N/A;N/A;N/A;N/A;N/A;N/A;N/A;N/A;N/A;N/A;N/A;N/A;N/A;N/A;N/A;N/A;N/A;N/A;N/A;N/A;N/A;N/A;N/A;N/A;N/A;N/A;N/A;N/A;N/A;N/A;N/A;N/A;N/A;N/A;N/A;N/A;N/A;N/A;N/A;N/A;N/A;N/A;N/A;N/A;N/A;N/A;N/A;N/A;N/A;N/A;N/A;N/A;N/A;N/A;N/A;N/A;N/A;N/A;N/A;N/A;N/A;N/A
Renault;"Sandero Stepway";"1.6 Expression 105cv";2016;"125000 km";;"GONZALO GARAGE";11999;;;;;Malvin;https://auto.mercadolibre.com.uy/MLU-701788360-renault-sandero-stepway-16-expression-105cv-_JM;N/A;;"Renault Sandero Stepway 1.6 Expression 105cv";usd;Sí;gold_premium;false;N/A;N/A;http://perfil.mercadolibre.com.uy/GONZALO+GARAGE;active;N/A;N/A;Usado;Blanco;Sí;Hidráulica;Delantera;Sí;Sí;N/A;N/A;N/A;N/A;N/A;N/A;No;N/A;N/A;Sí;Sí;N/A;N/A;N/A;N/A;N/A;N/A;N/A;N/A;N/A;N/A;N/A;N/A;"2590 mm";"1.6 L";"50 L";5;N/A;N/A;N/A;N/A;N/A;N/A;N/A;N/A;N/A;N/A;N/A;N/A;N/A;N/A;N/A;N/A;N/A;N/A;N/A;N/A;N/A;N/A;N/A;N/A;N/A;N/A;N/A;N/A;N/A;Sí;N/A;N/A;N/A;N/A;N/A;N/A;N/A;N/A;N/A;N/A;N/A;N/A;N/A;N/A;N/A;"1559 mm";"4066 mm";N/A;N/A;N/A;N/A;5;"105 hp";Expression;N/A;4;"1761 mm";"9.3 km/l";Sí;N/A;N/A;Sí;N/A;Sí;Sí;N/A;N/A;N/A;"5.9 km/l";N/A;No;N/A;N/A;Sí;"Nuestro horario es de 10:00 a 18:00 horas de Lunes a Viernes  y Sabados de 11:00 a 14:00hs.";5;1.6;Nafta;Manual;Hatchback;"Autos y camionetas";N/A;N/A;N/A;N/A;N/A;N/A;UY;N/A;Sí;N/A;Sí;N/A;N/A;N/A;N/A;N/A;N/A;N/A;N/A;N/A;N/A;N/A;N/A;N/A;Sí;N/A;N/A;N/A;N/A;N/A;N/A;N/A;N/A;N/A;N/A;N/A;N/A;N/A;N/A;N/A;N/A;N/A;N/A;N/A;N/A;N/A;N/A;N/A;N/A;N/A;N/A;N/A;N/A;N/A;N/A;N/A;N/A;N/A;N/A;N/A;N/A;N/A;N/A;N/A;N/A;N/A;N/A;N/A;N/A;N/A;N/A;N/A;N/A;N/A;N/A;N/A;N/A;N/A;N/A;N/A;N/A;N/A;N/A;N/A;N/A;N/A;N/A;N/A;N/A;N/A;N/A;N/A;N/A;N/A;N/A;N/A;Sí;Sí;Sí;N/A;Sí;N/A;N/A;N/A;N/A;Sí;N/A;Sí;Sí;N/A;N/A;N/A;Sí;Sí;Sí;Sí;Sí;Sí;N/A;Sí;N/A;N/A
Renault;Duster;"Zen Techno";2023;"34000 km";;"MOTORLAND URUGUAY";21990;;;;;Shangrilá;https://auto.mercadolibre.com.uy/MLU-699522042-renault-duster-zen-techno-motorland-permuto-financio-_JM;N/A;;"Renault Duster Zen Techno - Motorland Permuto / Financio";usd;Sí;gold_premium;false;N/A;N/A;http://perfil.mercadolibre.com.uy/MOTORLAND+URUGUAY;active;N/A;N/A;Usado;Marrón;N/A;Hidráulica;N/A;Sí;Sí;Sí;N/A;N/A;N/A;Sí;N/A;N/A;N/A;Sí;N/A;Sí;N/A;N/A;N/A;N/A;N/A;N/A;N/A;N/A;N/A;N/A;N/A;N/A;N/A;"1600 cc";N/A;5;N/A;N/A;N/A;N/A;N/A;N/A;N/A;N/A;N/A;N/A;N/A;N/A;N/A;N/A;N/A;N/A;N/A;N/A;N/A;N/A;N/A;N/A;N/A;N/A;N/A;N/A;N/A;N/A;N/A;Sí;N/A;N/A;N/A;N/A;N/A;N/A;N/A;N/A;N/A;N/A;N/A;N/A;N/A;N/A;N/A;N/A;N/A;N/A;N/A;N/A;N/A;N/A;"115 hp";"Zen Techno";N/A;N/A;N/A;"11 km/l";N/A;N/A;N/A;Sí;N/A;Sí;N/A;N/A;N/A;N/A;"14 km/l";N/A;N/A;N/A;N/A;Sí;"Lunes a viernes de 09:30 a 18:30 y sábados de 09 a 13 hs.";5;1.6;Nafta;Manual;SUV;"Autos y camionetas";No;N/A;N/A;N/A;No;N/A;UY;No;Sí;No;No;N/A;N/A;N/A;N/A;N/A;N/A;N/A;N/A;N/A;N/A;N/A;N/A;N/A;N/A;N/A;N/A;N/A;N/A;N/A;N/A;N/A;N/A;N/A;N/A;N/A;N/A;N/A;N/A;N/A;N/A;N/A;N/A;N/A;N/A;N/A;N/A;N/A;N/A;N/A;N/A;N/A;N/A;N/A;N/A;N/A;N/A;N/A;N/A;N/A;N/A;N/A;No;N/A;N/A;N/A;N/A;N/A;N/A;N/A;N/A;N/A;N/A;N/A;N/A;N/A;N/A;N/A;N/A;N/A;N/A;N/A;N/A;N/A;N/A;N/A;N/A;N/A;N/A;N/A;N/A;N/A;N/A;N/A;N/A;N/A;Sí;Sí;Sí;N/A;Sí;N/A;N/A;N/A;Sí;Sí;N/A;N/A;N/A;N/A;N/A;N/A;N/A;N/A;Sí;Sí;Sí;N/A;N/A;Sí;N/A;Sí
Renault;"Duster Oroch";Zen;2025;"0 km";;SANTAROSASA;23000;;;;;Centro;https://auto.mercadolibre.com.uy/MLU-644235401-renault-oroch-zen-16-2025-0km-_JM;N/A;;"Renault Oroch Zen 1.6 2025 0km";USD;Sí;gold_premium;false;N/A;N/A;http://perfil.mercadolibre.com.uy/SANTAROSASA;active;N/A;N/A;Nuevo;Plateado;N/A;Asistida;N/A;Sí;Sí;N/A;N/A;Sí;N/A;N/A;Sí;N/A;N/A;N/A;Sí;Sí;N/A;N/A;N/A;N/A;N/A;N/A;N/A;N/A;N/A;N/A;N/A;N/A;N/A;"1600 cc";N/A;6;N/A;N/A;Sí;Sí;Sí;N/A;N/A;N/A;N/A;N/A;N/A;N/A;N/A;N/A;N/A;N/A;N/A;N/A;N/A;N/A;N/A;N/A;N/A;N/A;N/A;N/A;N/A;N/A;N/A;N/A;N/A;N/A;N/A;N/A;N/A;N/A;N/A;N/A;N/A;N/A;N/A;N/A;N/A;N/A;N/A;N/A;N/A;N/A;N/A;N/A;N/A;N/A;"118 hp";Zen;N/A;N/A;N/A;"11 km/l";N/A;N/A;N/A;Sí;Sí;N/A;Sí;N/A;N/A;N/A;"14 km/l";N/A;N/A;N/A;N/A;N/A;N/A;4;1.6;Nafta;Manual;Pick-Up;"Autos y camionetas";No;N/A;N/A;N/A;No;N/A;N/A;No;Sí;No;No;N/A;N/A;N/A;N/A;N/A;N/A;N/A;N/A;N/A;N/A;N/A;N/A;N/A;N/A;N/A;N/A;N/A;N/A;N/A;N/A;N/A;N/A;N/A;N/A;N/A;N/A;N/A;N/A;N/A;N/A;N/A;N/A;Sí;N/A;N/A;N/A;N/A;N/A;N/A;N/A;N/A;N/A;N/A;N/A;N/A;N/A;N/A;N/A;N/A;N/A;Sí;No;N/A;N/A;N/A;N/A;N/A;N/A;N/A;N/A;N/A;N/A;N/A;N/A;N/A;N/A;N/A;N/A;N/A;N/A;N/A;N/A;N/A;N/A;N/A;N/A;N/A;N/A;N/A;N/A;N/A;Sí;N/A;N/A;N/A;Sí;N/A;N/A;N/A;Sí;N/A;N/A;N/A;Sí;Sí;N/A;N/A;N/A;N/A;N/A;Sí;Sí;N/A;Sí;Sí;Sí;N/A;N/A;N/A;N/A;Sí
Renault;"Duster Oroch";"1.6 Outsider";2024;"0 km";;"MOREIRA AUTOMOVILES";25000;;;;;"Las Piedras";https://auto.mercadolibre.com.uy/MLU-640264217-renault-oroch-outsider-16-mt-_JM;N/A;;"Renault Oroch Outsider 1.6 Mt";usd;Sí;gold_premium;false;N/A;N/A;http://perfil.mercadolibre.com.uy/MOREIRA+AUTOMOVILES;active;N/A;N/A;Nuevo;Plateado;N/A;N/A;4x2;N/A;N/A;Sí;N/A;N/A;N/A;N/A;N/A;N/A;N/A;N/A;N/A;N/A;N/A;N/A;N/A;N/A;N/A;N/A;N/A;N/A;N/A;N/A;N/A;N/A;"2829 mm";"1.6 L";"50 L";5;N/A;N/A;N/A;N/A;N/A;N/A;N/A;N/A;N/A;N/A;N/A;N/A;N/A;N/A;N/A;N/A;N/A;N/A;N/A;N/A;N/A;N/A;N/A;N/A;N/A;N/A;N/A;N/A;N/A;N/A;N/A;N/A;N/A;N/A;N/A;N/A;N/A;N/A;N/A;N/A;N/A;N/A;N/A;N/A;N/A;"1683 mm";"4329 mm";N/A;N/A;N/A;N/A;5;"110 hp";Outsider;N/A;4;"1821 mm";"11.1 km/l";N/A;N/A;N/A;N/A;N/A;N/A;N/A;N/A;N/A;N/A;"10.4 km/l";N/A;N/A;N/A;N/A;N/A;"Lunes a Sábado de 8:00 a 18:30";4;1.6;Nafta;Manual;SUV;"Autos y camionetas";N/A;N/A;N/A;N/A;N/A;N/A;UY;N/A;N/A;N/A;N/A;N/A;N/A;N/A;N/A;N/A;N/A;N/A;N/A;N/A;N/A;N/A;N/A;N/A;N/A;N/A;N/A;N/A;N/A;N/A;N/A;N/A;N/A;N/A;N/A;N/A;N/A;N/A;N/A;N/A;N/A;N/A;N/A;N/A;N/A;N/A;N/A;N/A;N/A;N/A;N/A;N/A;N/A;N/A;N/A;N/A;N/A;N/A;N/A;N/A;N/A;N/A;N/A;N/A;N/A;N/A;N/A;N/A;N/A;N/A;N/A;N/A;N/A;N/A;N/A;N/A;N/A;N/A;N/A;N/A;N/A;N/A;N/A;N/A;N/A;N/A;N/A;N/A;N/A;N/A;N/A;N/A;N/A;N/A;N/A;N/A;N/A;N/A;N/A;N/A;N/A;N/A;N/A;N/A;N/A;N/A;N/A;N/A;N/A;N/A;N/A;N/A;N/A;N/A;N/A;N/A;N/A;N/A;N/A;N/A;N/A;N/A
Renault;Arkana;"ARKANA ZEN";2024;"0 km";;OSCARPISANOAUTOMOVILES;34500;;;;;Prado;https://auto.mercadolibre.com.uy/MLU-646981843-renault-arkana-zen-_JM;N/A;;"Renault Arkana Zen";usd;Sí;gold_premium;false;N/A;N/A;http://perfil.mercadolibre.com.uy/OSCARPISANOAUTOMOVILES;active;N/A;N/A;Nuevo;N/A;N/A;Eléctrica;N/A;Sí;Sí;Sí;N/A;Sí;N/A;Sí;Sí;N/A;Sí;N/A;Sí;Sí;N/A;Sí;N/A;N/A;N/A;N/A;N/A;N/A;N/A;N/A;N/A;N/A;N/A;"1300 cc";N/A;7;N/A;N/A;Sí;Sí;Sí;Sí;N/A;N/A;N/A;N/A;N/A;N/A;N/A;N/A;N/A;N/A;N/A;N/A;N/A;N/A;N/A;N/A;N/A;Sí;N/A;Sí;N/A;N/A;N/A;N/A;N/A;N/A;N/A;N/A;N/A;N/A;N/A;N/A;N/A;N/A;N/A;N/A;N/A;N/A;N/A;N/A;N/A;N/A;N/A;N/A;N/A;N/A;"160 hp";N/A;N/A;N/A;N/A;"16 km/l";N/A;N/A;Sí;Sí;Sí;Sí;Sí;Sí;N/A;N/A;"20 km/l";N/A;N/A;N/A;N/A;N/A;"Lun. a Sáb. de 9:30 a 18:30 hs. Dom. de 9:30 a 13 hs";4;1.3;Nafta;"Automática secuencial";SUV;"Autos y camionetas";No;N/A;N/A;N/A;No;N/A;UY;No;Sí;No;No;N/A;N/A;N/A;N/A;N/A;N/A;N/A;N/A;N/A;N/A;N/A;N/A;N/A;N/A;N/A;N/A;N/A;N/A;N/A;N/A;N/A;N/A;N/A;N/A;N/A;N/A;N/A;N/A;N/A;N/A;N/A;N/A;Sí;N/A;N/A;N/A;N/A;N/A;N/A;N/A;N/A;N/A;N/A;N/A;N/A;N/A;N/A;N/A;N/A;N/A;Sí;No;N/A;N/A;N/A;N/A;N/A;N/A;N/A;N/A;N/A;N/A;N/A;N/A;N/A;N/A;N/A;N/A;N/A;N/A;N/A;N/A;N/A;N/A;N/A;N/A;N/A;N/A;N/A;N/A;N/A;N/A;N/A;N/A;N/A;Sí;Sí;Sí;Sí;Sí;Sí;Sí;N/A;Sí;Sí;Sí;Sí;N/A;N/A;Sí;Sí;N/A;N/A;Sí;N/A;Sí;N/A;N/A;Sí;N/A;Sí
Renault;Logan;"1.0 Zen";2022;"42000 km";;"AMAYAMOTORS S.A.S";14500;;;;;Pocitos;https://auto.mercadolibre.com.uy/MLU-705195980-renault-logan-amaya-pocitos-_JM;N/A;;"Renault Logan Amaya Pocitos";usd;Sí;gold_premium;false;N/A;N/A;http://perfil.mercadolibre.com.uy/AMAYAMOTORS+S.A.S;active;N/A;N/A;Usado;Gris;Sí;Hidráulica;Delantera;Sí;Sí;N/A;N/A;N/A;No;N/A;N/A;No;N/A;N/A;Sí;Sí;N/A;Sí;N/A;N/A;N/A;N/A;N/A;N/A;N/A;N/A;N/A;N/A;"2635 mm";"1 L";"50 L";5;N/A;N/A;N/A;N/A;N/A;Sí;N/A;N/A;N/A;N/A;N/A;N/A;N/A;N/A;N/A;N/A;N/A;N/A;N/A;N/A;N/A;N/A;N/A;N/A;N/A;N/A;N/A;N/A;N/A;No;N/A;N/A;N/A;Sí;N/A;N/A;N/A;N/A;N/A;N/A;N/A;N/A;N/A;N/A;N/A;"1529 mm";"4350 mm";N/A;N/A;N/A;N/A;5;"66 hp";Zen;N/A;2;"1733 mm";"12.5 km/l";No;N/A;Sí;No;N/A;Sí;Sí;N/A;No;N/A;N/A;No;No;N/A;N/A;No;"DE 9 A 18:30 HORAS";4;1.0;Nafta;Manual;Sedán;"Autos y camionetas";Sí;N/A;N/A;N/A;No;N/A;UY;N/A;Sí;N/A;Sí;N/A;N/A;N/A;N/A;N/A;N/A;N/A;N/A;N/A;N/A;N/A;N/A;N/A;No;N/A;N/A;N/A;N/A;N/A;N/A;N/A;N/A;N/A;N/A;N/A;N/A;N/A;N/A;N/A;N/A;N/A;N/A;No;N/A;N/A;N/A;N/A;N/A;N/A;N/A;N/A;N/A;N/A;N/A;N/A;N/A;N/A;N/A;N/A;N/A;Sí;Sí;N/A;N/A;N/A;N/A;N/A;N/A;N/A;N/A;N/A;N/A;N/A;N/A;N/A;N/A;N/A;N/A;N/A;N/A;N/A;N/A;N/A;N/A;N/A;N/A;N/A;N/A;N/A;N/A;N/A;N/A;N/A;N/A;No;Sí;Sí;No;N/A;Sí;N/A;N/A;N/A;N/A;Sí;No;No;Sí;N/A;N/A;No;Sí;Sí;Sí;Sí;Sí;No;No;Sí;N/A;Sí
Renault;Kangoo;"EXPRESS CONFORT";2020;"109000 km";;"BIELCAR AUTOMOVILES";15990;;;;;"Tres Cruces";https://auto.mercadolibre.com.uy/MLU-704540784-renault-kangoo-express-confort-16-2020-excelente-estado-_JM;N/A;;"Renault Kangoo Express Confort 1.6 2020 Excelente Estado";USD;Sí;gold_premium;false;N/A;N/A;http://perfil.mercadolibre.com.uy/BIELCAR+AUTOMOVILES;active;N/A;N/A;Usado;Plateado;N/A;Hidráulica;N/A;Sí;N/A;N/A;N/A;N/A;N/A;Sí;Sí;N/A;N/A;N/A;Sí;Sí;N/A;N/A;N/A;N/A;N/A;N/A;N/A;N/A;N/A;N/A;N/A;N/A;N/A;"1598 cc";N/A;5;N/A;N/A;N/A;N/A;Sí;N/A;N/A;N/A;N/A;N/A;N/A;N/A;N/A;N/A;N/A;N/A;N/A;N/A;N/A;N/A;N/A;N/A;N/A;N/A;N/A;N/A;N/A;N/A;N/A;N/A;N/A;N/A;N/A;N/A;N/A;N/A;Sí;N/A;N/A;N/A;N/A;N/A;N/A;N/A;N/A;N/A;N/A;N/A;N/A;N/A;N/A;N/A;"114 hp";Confort;N/A;N/A;N/A;N/A;N/A;N/A;N/A;N/A;N/A;N/A;Sí;N/A;N/A;N/A;N/A;N/A;N/A;N/A;N/A;N/A;"Lunes a Viernes de 9:30 a 19 horas";3;1.6;Nafta;Manual;Furgón;"Autos y camionetas";No;N/A;N/A;N/A;No;N/A;N/A;No;Sí;No;No;N/A;N/A;N/A;N/A;N/A;N/A;N/A;N/A;N/A;N/A;N/A;N/A;N/A;N/A;N/A;N/A;N/A;N/A;N/A;N/A;N/A;N/A;N/A;N/A;N/A;N/A;N/A;N/A;N/A;N/A;N/A;N/A;N/A;N/A;N/A;N/A;N/A;N/A;N/A;N/A;N/A;N/A;N/A;N/A;N/A;N/A;N/A;N/A;N/A;N/A;N/A;No;N/A;N/A;N/A;N/A;N/A;N/A;N/A;N/A;N/A;N/A;N/A;N/A;N/A;N/A;N/A;N/A;N/A;N/A;N/A;N/A;N/A;N/A;N/A;N/A;N/A;N/A;N/A;N/A;N/A;N/A;N/A;N/A;N/A;Sí;Sí;N/A;N/A;Sí;N/A;Sí;N/A;Sí;Sí;N/A;N/A;N/A;N/A;N/A;Sí;N/A;N/A;Sí;N/A;Sí;N/A;N/A;N/A;N/A;N/A
Renault;Master;"2.3 L2h2 Furgón Plus";2024;"0 km";;"MOREIRA AUTOMOVILES";42700;;;;;"Las Piedras";https://auto.mercadolibre.com.uy/MLU-694204382-renault-master-2024-23-l2h2-furgon-plus-_JM;N/A;;"Renault Master 2024 2.3 L2h2 Furgón Plus";usd;Sí;gold_premium;false;N/A;N/A;http://perfil.mercadolibre.com.uy/MOREIRA+AUTOMOVILES;active;N/A;N/A;Nuevo;N/A;N/A;N/A;Delantera;Sí;N/A;N/A;N/A;N/A;N/A;N/A;N/A;N/A;N/A;N/A;N/A;N/A;N/A;N/A;N/A;N/A;N/A;N/A;N/A;N/A;N/A;N/A;N/A;N/A;"3578 mm";"2.3 L";"100 L";6;N/A;N/A;N/A;N/A;N/A;N/A;N/A;N/A;N/A;N/A;N/A;N/A;N/A;N/A;N/A;N/A;N/A;N/A;N/A;N/A;N/A;N/A;N/A;N/A;N/A;N/A;N/A;N/A;N/A;N/A;N/A;N/A;N/A;N/A;N/A;N/A;N/A;N/A;N/A;N/A;N/A;N/A;N/A;N/A;N/A;"2496 mm";"6198 mm";N/A;N/A;N/A;N/A;3;"130 hp";2.3;N/A;4;"1990 mm";N/A;N/A;N/A;N/A;N/A;N/A;N/A;N/A;N/A;N/A;N/A;N/A;N/A;N/A;N/A;N/A;N/A;N/A;3;2.3;Diésel;Manual;Furgón;"Autos y camionetas";N/A;N/A;N/A;N/A;N/A;N/A;UY;N/A;N/A;N/A;N/A;N/A;N/A;N/A;N/A;N/A;N/A;N/A;N/A;N/A;N/A;N/A;N/A;N/A;N/A;N/A;N/A;N/A;N/A;N/A;N/A;N/A;N/A;N/A;N/A;N/A;N/A;N/A;N/A;N/A;N/A;N/A;N/A;N/A;N/A;N/A;N/A;N/A;N/A;N/A;N/A;N/A;N/A;N/A;N/A;N/A;N/A;N/A;N/A;N/A;N/A;N/A;N/A;N/A;N/A;N/A;N/A;N/A;N/A;N/A;N/A;N/A;N/A;N/A;N/A;N/A;N/A;N/A;N/A;N/A;N/A;N/A;N/A;N/A;N/A;N/A;N/A;N/A;N/A;N/A;N/A;N/A;N/A;N/A;N/A;N/A;N/A;N/A;N/A;N/A;N/A;N/A;N/A;N/A;N/A;N/A;N/A;N/A;N/A;N/A;N/A;N/A;N/A;N/A;N/A;N/A;N/A;N/A;N/A;N/A;N/A;N/A
Renault;Kardian;Premier;2025;"0 km";;SANTAROSASA;30500;;;;;Centro;https://auto.mercadolibre.com.uy/MLU-644288961-renault-kardian-premier-10-2025-0km-_JM;N/A;;"Renault Kardian Premier 1.0 2025 0km";USD;Sí;gold_premium;false;N/A;N/A;http://perfil.mercadolibre.com.uy/SANTAROSASA;active;N/A;N/A;Nuevo;Naranja;N/A;Eléctrica;N/A;N/A;Sí;Sí;N/A;Sí;N/A;Sí;Sí;N/A;Sí;Sí;Sí;Sí;N/A;Sí;N/A;N/A;N/A;N/A;N/A;N/A;N/A;N/A;N/A;N/A;N/A;"1000 cc";N/A;6;N/A;N/A;Sí;Sí;N/A;Sí;N/A;N/A;N/A;N/A;N/A;N/A;N/A;N/A;N/A;N/A;N/A;N/A;N/A;N/A;N/A;N/A;N/A;Sí;N/A;Sí;N/A;Sí;N/A;N/A;N/A;N/A;N/A;N/A;N/A;N/A;N/A;N/A;N/A;N/A;N/A;N/A;Sí;N/A;N/A;N/A;N/A;N/A;N/A;N/A;N/A;N/A;"120 hp";N/A;N/A;N/A;N/A;"14 km/l";N/A;N/A;Sí;Sí;Sí;Sí;Sí;Sí;N/A;N/A;"18 km/l";N/A;N/A;N/A;N/A;N/A;N/A;5;1.0;Nafta;Automática;SUV;"Autos y camionetas";No;N/A;N/A;N/A;No;N/A;N/A;No;Sí;No;No;N/A;N/A;N/A;N/A;N/A;N/A;N/A;N/A;N/A;N/A;N/A;N/A;N/A;N/A;N/A;N/A;N/A;N/A;N/A;N/A;N/A;N/A;N/A;N/A;N/A;N/A;N/A;N/A;N/A;N/A;N/A;N/A;Sí;N/A;N/A;N/A;N/A;N/A;N/A;N/A;N/A;N/A;N/A;N/A;N/A;N/A;Sí;N/A;N/A;N/A;Sí;No;N/A;N/A;N/A;N/A;N/A;N/A;N/A;N/A;N/A;N/A;N/A;N/A;N/A;N/A;N/A;N/A;N/A;N/A;N/A;N/A;N/A;N/A;N/A;N/A;N/A;N/A;N/A;N/A;N/A;Sí;N/A;N/A;N/A;Sí;N/A;Sí;Sí;Sí;Sí;Sí;N/A;Sí;Sí;Sí;Sí;N/A;N/A;Sí;Sí;Sí;N/A;Sí;Sí;Sí;N/A;N/A;N/A;N/A;Sí
Renault;kardian;premiere;2025;"0 km";;NISSANMOREIRA;30500;;;;;Pando;https://auto.mercadolibre.com.uy/MLU-681819002-renault-kardian-10-dct-_JM;N/A;;"Renault Kardian 1.0 Dct";USD;Sí;gold_premium;false;N/A;N/A;http://perfil.mercadolibre.com.uy/NISSANMOREIRA;active;N/A;N/A;Nuevo;Naranja;N/A;Eléctrica;Delantera;Sí;Sí;N/A;N/A;N/A;N/A;N/A;N/A;Sí;N/A;N/A;Sí;Sí;N/A;Sí;N/A;N/A;N/A;N/A;N/A;N/A;N/A;N/A;N/A;N/A;N/A;N/A;N/A;N/A;N/A;N/A;N/A;N/A;N/A;Sí;N/A;N/A;N/A;N/A;N/A;N/A;N/A;N/A;N/A;N/A;N/A;N/A;N/A;N/A;N/A;N/A;N/A;N/A;N/A;N/A;N/A;N/A;N/A;N/A;N/A;N/A;N/A;N/A;N/A;N/A;N/A;N/A;N/A;N/A;N/A;N/A;N/A;N/A;N/A;N/A;N/A;N/A;N/A;N/A;N/A;N/A;N/A;N/A;N/A;N/A;N/A;N/A;N/A;N/A;Sí;Sí;N/A;Sí;Sí;N/A;N/A;N/A;N/A;N/A;N/A;N/A;N/A;Sí;"lunes a lunes";5;1.0;Nafta;Automática;SUV;"Autos y camionetas";N/A;N/A;N/A;N/A;N/A;N/A;N/A;N/A;Sí;N/A;No;N/A;N/A;N/A;N/A;N/A;N/A;N/A;N/A;N/A;N/A;N/A;N/A;N/A;Sí;N/A;N/A;N/A;N/A;N/A;N/A;N/A;N/A;N/A;N/A;N/A;N/A;N/A;N/A;N/A;N/A;N/A;N/A;Sí;N/A;N/A;N/A;N/A;N/A;N/A;N/A;N/A;N/A;N/A;N/A;N/A;N/A;N/A;N/A;N/A;N/A;Sí;N/A;N/A;N/A;N/A;N/A;N/A;N/A;N/A;N/A;N/A;N/A;N/A;N/A;N/A;N/A;N/A;N/A;N/A;N/A;N/A;N/A;N/A;N/A;N/A;N/A;N/A;N/A;N/A;N/A;N/A;N/A;N/A;N/A;N/A;Sí;N/A;Sí;N/A;Sí;N/A;N/A;N/A;N/A;Sí;Sí;N/A;Sí;N/A;N/A;Sí;Sí;Sí;Sí;N/A;Sí;N/A;N/A;Sí;N/A;Sí
Renault;Kwid;"1.0 Sce 66cv Outsider";2024;"0 km";;MOREIRAPANDO24;16500;;;;;Pando;https://auto.mercadolibre.com.uy/MLU-690795946-renault-kwid-2024-10-sce-66cv-outsider-_JM;N/A;;"Renault Kwid 2024 1.0 Sce 66cv Outsider";usd;Sí;gold_premium;false;N/A;N/A;http://perfil.mercadolibre.com.uy/MOREIRAPANDO24;active;N/A;N/A;Nuevo;N/A;N/A;N/A;Delantera;N/A;N/A;Sí;N/A;N/A;N/A;N/A;N/A;N/A;N/A;N/A;N/A;N/A;N/A;N/A;N/A;N/A;N/A;N/A;N/A;N/A;N/A;N/A;N/A;N/A;"2423 mm";"1 L";"50 L";5;N/A;N/A;N/A;N/A;N/A;N/A;N/A;N/A;N/A;N/A;N/A;N/A;N/A;N/A;N/A;N/A;N/A;N/A;N/A;N/A;N/A;N/A;N/A;N/A;N/A;N/A;N/A;N/A;N/A;N/A;N/A;N/A;N/A;N/A;N/A;N/A;N/A;N/A;N/A;N/A;N/A;N/A;N/A;N/A;N/A;"1474 mm";"3680 mm";N/A;N/A;N/A;N/A;5;"66 hp";Outsider;N/A;4;"1752 mm";N/A;N/A;N/A;N/A;N/A;N/A;N/A;N/A;N/A;N/A;N/A;N/A;N/A;N/A;N/A;N/A;N/A;N/A;5;1.0;Nafta;Manual;Hatchback;"Autos y camionetas";N/A;N/A;N/A;N/A;N/A;N/A;UY;N/A;N/A;N/A;N/A;N/A;N/A;N/A;N/A;N/A;N/A;N/A;N/A;N/A;N/A;N/A;N/A;N/A;N/A;N/A;N/A;N/A;N/A;N/A;N/A;N/A;N/A;N/A;N/A;N/A;N/A;N/A;N/A;N/A;N/A;N/A;N/A;N/A;N/A;N/A;N/A;N/A;N/A;N/A;N/A;N/A;N/A;N/A;N/A;N/A;N/A;N/A;N/A;N/A;N/A;N/A;N/A;N/A;N/A;N/A;N/A;N/A;N/A;N/A;N/A;N/A;N/A;N/A;N/A;N/A;N/A;N/A;N/A;N/A;N/A;N/A;N/A;N/A;N/A;N/A;N/A;N/A;N/A;N/A;N/A;N/A;N/A;N/A;N/A;N/A;N/A;N/A;N/A;N/A;N/A;N/A;N/A;N/A;N/A;N/A;N/A;N/A;N/A;N/A;N/A;N/A;N/A;N/A;N/A;N/A;N/A;N/A;N/A;N/A;N/A;N/A
Renault;Stepway;"Nueva stepway 1.0";2024;"0 km";;"MOREIRA AUTOMOVILES";20500;;;;;"Las Piedras";https://auto.mercadolibre.com.uy/MLU-699576394-renault-stepway-nueva-stepway-10-_JM;N/A;;"Renault Stepway Nueva Stepway 1.0";USD;Sí;gold_premium;false;N/A;N/A;http://perfil.mercadolibre.com.uy/MOREIRA+AUTOMOVILES;active;N/A;N/A;Nuevo;N/A;N/A;Eléctrica;4x2;N/A;N/A;N/A;N/A;N/A;N/A;N/A;N/A;N/A;N/A;N/A;N/A;N/A;N/A;N/A;N/A;N/A;N/A;N/A;N/A;N/A;N/A;N/A;N/A;N/A;N/A;N/A;N/A;N/A;N/A;N/A;N/A;N/A;N/A;N/A;N/A;N/A;N/A;N/A;N/A;N/A;N/A;N/A;N/A;N/A;N/A;N/A;N/A;N/A;N/A;N/A;N/A;N/A;N/A;N/A;N/A;N/A;N/A;N/A;N/A;N/A;N/A;N/A;N/A;N/A;N/A;N/A;N/A;N/A;N/A;N/A;N/A;N/A;N/A;N/A;N/A;N/A;N/A;N/A;N/A;N/A;N/A;N/A;N/A;N/A;N/A;N/A;N/A;N/A;N/A;N/A;N/A;N/A;N/A;N/A;N/A;N/A;N/A;N/A;N/A;N/A;N/A;N/A;N/A;5;1.0;Nafta;Manual;Hatchback;"Autos y camionetas";N/A;N/A;N/A;N/A;N/A;N/A;N/A;N/A;N/A;N/A;N/A;N/A;N/A;N/A;N/A;N/A;N/A;N/A;N/A;N/A;N/A;N/A;N/A;N/A;N/A;N/A;N/A;N/A;N/A;N/A;N/A;N/A;N/A;N/A;N/A;N/A;N/A;N/A;N/A;N/A;N/A;N/A;N/A;N/A;N/A;N/A;N/A;N/A;N/A;N/A;N/A;N/A;N/A;N/A;N/A;N/A;N/A;N/A;N/A;N/A;N/A;N/A;N/A;N/A;N/A;N/A;N/A;N/A;N/A;N/A;N/A;N/A;N/A;N/A;N/A;N/A;N/A;N/A;N/A;N/A;N/A;N/A;N/A;N/A;N/A;N/A;N/A;N/A;N/A;N/A;N/A;N/A;N/A;N/A;N/A;N/A;N/A;N/A;N/A;N/A;N/A;N/A;N/A;N/A;N/A;N/A;N/A;N/A;N/A;N/A;N/A;N/A;N/A;N/A;N/A;N/A;N/A;N/A;N/A;N/A;N/A;N/A
Renault;"Sandero Stepway";"1.6 Privilege 105cv";2016;"104000 km";;MOREIRAPANDO24;12200;;;;;Pando;https://auto.mercadolibre.com.uy/MLU-706201632-renault-sandero-stepway-16-privilege-105cv-_JM;N/A;;"Renault Sandero Stepway 1.6 Privilege 105cv";usd;Sí;gold_premium;false;N/A;N/A;http://perfil.mercadolibre.com.uy/MOREIRAPANDO24;active;N/A;N/A;Usado;Blanco;N/A;Hidráulica;Delantera;Sí;Sí;Sí;N/A;N/A;N/A;N/A;N/A;N/A;N/A;N/A;Sí;Sí;N/A;N/A;N/A;N/A;N/A;N/A;N/A;N/A;N/A;N/A;N/A;N/A;"2590 mm";"1.6 L";"50 L";5;N/A;N/A;N/A;N/A;N/A;N/A;N/A;N/A;N/A;N/A;N/A;N/A;N/A;N/A;N/A;N/A;N/A;N/A;N/A;N/A;N/A;N/A;N/A;N/A;N/A;N/A;N/A;N/A;N/A;N/A;N/A;N/A;N/A;N/A;N/A;N/A;N/A;N/A;N/A;N/A;N/A;N/A;N/A;N/A;N/A;"1559 mm";"4066 mm";N/A;N/A;N/A;N/A;5;"105 hp";Privilege;N/A;4;"1761 mm";"9.3 km/l";Sí;N/A;N/A;Sí;N/A;N/A;Sí;N/A;N/A;N/A;"5.9 km/l";N/A;N/A;N/A;N/A;N/A;"Lunes a Viernes de 8 a 18";5;1.6;Nafta;Manual;Hatchback;"Autos y camionetas";N/A;N/A;N/A;N/A;N/A;N/A;UY;N/A;Sí;N/A;N/A;N/A;N/A;N/A;N/A;N/A;N/A;N/A;N/A;N/A;N/A;N/A;N/A;N/A;N/A;N/A;N/A;N/A;N/A;N/A;N/A;N/A;N/A;N/A;N/A;N/A;N/A;N/A;N/A;N/A;N/A;N/A;N/A;N/A;N/A;N/A;N/A;N/A;N/A;N/A;N/A;N/A;N/A;N/A;N/A;N/A;N/A;N/A;N/A;N/A;N/A;N/A;N/A;N/A;N/A;N/A;N/A;N/A;N/A;N/A;N/A;N/A;N/A;N/A;N/A;N/A;N/A;N/A;N/A;N/A;N/A;N/A;N/A;N/A;N/A;N/A;N/A;N/A;N/A;N/A;N/A;N/A;N/A;N/A;N/A;N/A;N/A;N/A;Sí;N/A;Sí;N/A;N/A;N/A;N/A;Sí;N/A;N/A;N/A;N/A;N/A;N/A;Sí;N/A;Sí;Sí;Sí;N/A;N/A;N/A;N/A;N/A
Renault;Kwid;"1.0 Sce 66cv Life";2021;"57000 km";;"AMAYAMOTORS S.A.S";11500;;;;;Pocitos;https://auto.mercadolibre.com.uy/MLU-703654424-renault-kwid-amaya-pocitos-_JM;N/A;;"Renault Kwid Amaya Pocitos ";usd;Sí;gold_premium;false;N/A;N/A;http://perfil.mercadolibre.com.uy/AMAYAMOTORS+S.A.S;active;N/A;N/A;Usado;Blanco;Sí;N/A;Delantera;Sí;No;Sí;N/A;N/A;No;N/A;N/A;No;N/A;N/A;No;No;N/A;Sí;N/A;N/A;N/A;N/A;N/A;N/A;N/A;N/A;N/A;N/A;"2423 mm";"1 L";"50 L";5;N/A;N/A;N/A;N/A;N/A;No;N/A;N/A;N/A;N/A;N/A;N/A;N/A;N/A;N/A;N/A;N/A;N/A;N/A;N/A;N/A;N/A;N/A;N/A;N/A;N/A;N/A;N/A;N/A;No;N/A;N/A;N/A;N/A;N/A;N/A;N/A;N/A;N/A;N/A;N/A;N/A;N/A;N/A;N/A;"1474 mm";"3680 mm";N/A;N/A;N/A;N/A;5;"66 hp";Life;N/A;4;"1752 mm";N/A;No;N/A;No;No;N/A;Sí;Sí;N/A;No;N/A;N/A;No;No;N/A;N/A;Sí;"DE 9 A 18:30 HORAS";5;1.0;Nafta;Manual;Hatchback;"Autos y camionetas";Sí;N/A;N/A;N/A;No;N/A;UY;N/A;Sí;N/A;Sí;N/A;N/A;N/A;N/A;N/A;N/A;N/A;N/A;N/A;N/A;N/A;N/A;N/A;No;N/A;N/A;N/A;N/A;N/A;N/A;N/A;N/A;N/A;N/A;N/A;N/A;N/A;N/A;N/A;N/A;N/A;N/A;No;N/A;N/A;N/A;N/A;N/A;N/A;N/A;N/A;N/A;N/A;N/A;N/A;N/A;N/A;N/A;N/A;N/A;No;Sí;N/A;N/A;N/A;N/A;N/A;N/A;N/A;N/A;N/A;N/A;N/A;N/A;N/A;N/A;N/A;N/A;N/A;N/A;N/A;N/A;N/A;N/A;N/A;N/A;N/A;N/A;N/A;N/A;N/A;N/A;N/A;N/A;No;Sí;No;No;N/A;Sí;N/A;N/A;N/A;N/A;Sí;No;No;Sí;N/A;N/A;No;No;Sí;Sí;Sí;Sí;No;No;Sí;N/A;Sí
Renault;Sandero;"2.0 Rs 145cv";2019;"73000 km";;"FALKE SAS";17900;;;;;Carrasco;https://auto.mercadolibre.com.uy/MLU-704289684-renault-sandero-rs-20-150-hp-73000-kmts-unico-dueno-_JM;N/A;;"Renault Sandero Rs 2.0 150 Hp 73000 Kmts. Unico Dueño";usd;Sí;gold_premium;false;N/A;N/A;http://perfil.mercadolibre.com.uy/FALKE+SAS;active;N/A;N/A;Usado;Plateado;Sí;Hidráulica;Delantera;Sí;Sí;Sí;N/A;N/A;Sí;N/A;N/A;No;N/A;N/A;Sí;Sí;N/A;Sí;N/A;N/A;N/A;N/A;N/A;N/A;N/A;N/A;N/A;N/A;"2590 mm";"2 L";"50 L";5;N/A;N/A;N/A;N/A;N/A;Sí;N/A;N/A;N/A;N/A;N/A;N/A;N/A;N/A;N/A;N/A;N/A;N/A;N/A;N/A;N/A;N/A;N/A;N/A;N/A;N/A;N/A;N/A;N/A;No;N/A;N/A;N/A;N/A;N/A;N/A;N/A;N/A;N/A;N/A;N/A;N/A;N/A;N/A;N/A;"1536 mm";"4060 mm";N/A;N/A;N/A;N/A;5;"105 hp";Rs;N/A;4;"1733 mm";"9.5 km/l";Sí;N/A;Sí;Sí;N/A;Sí;Sí;N/A;No;N/A;"5.7 km/l";No;No;N/A;N/A;Sí;"LUNES A VIERNES DE 9 A 18";5;2.0;Nafta;Manual;Hatchback;"Autos y camionetas";No;N/A;N/A;N/A;No;N/A;UY;N/A;Sí;N/A;No;N/A;N/A;N/A;N/A;N/A;N/A;N/A;N/A;N/A;N/A;N/A;N/A;N/A;No;N/A;N/A;N/A;N/A;N/A;N/A;N/A;N/A;N/A;N/A;N/A;N/A;N/A;N/A;N/A;N/A;N/A;N/A;No;N/A;N/A;N/A;N/A;N/A;N/A;N/A;N/A;N/A;N/A;N/A;N/A;N/A;N/A;N/A;N/A;N/A;No;Sí;N/A;N/A;N/A;N/A;N/A;N/A;N/A;N/A;N/A;N/A;N/A;N/A;N/A;N/A;N/A;N/A;N/A;N/A;N/A;N/A;N/A;N/A;N/A;N/A;N/A;N/A;N/A;N/A;N/A;N/A;N/A;N/A;No;Sí;Sí;Sí;N/A;Sí;N/A;N/A;N/A;N/A;Sí;Sí;Sí;Sí;N/A;N/A;Sí;Sí;Sí;Sí;Sí;Sí;Sí;No;Sí;N/A;Sí
Renault;Arkana;Zen;2024;"0 km";;SANTAROSASA;34500;;;;;Centro;https://auto.mercadolibre.com.uy/MLU-644295491-renault-arkana-zen-13-2024-0km-_JM;N/A;;"Renault Arkana Zen 1.3 2024 0km";usd;Sí;gold_premium;false;N/A;N/A;http://perfil.mercadolibre.com.uy/SANTAROSASA;active;N/A;N/A;Nuevo;Blanco;N/A;Eléctrica;N/A;N/A;N/A;Sí;N/A;N/A;N/A;Sí;Sí;N/A;Sí;N/A;Sí;Sí;N/A;Sí;N/A;N/A;N/A;N/A;N/A;N/A;N/A;N/A;N/A;N/A;N/A;"1300 cc";N/A;7;N/A;N/A;Sí;Sí;Sí;Sí;N/A;N/A;N/A;N/A;N/A;N/A;N/A;N/A;N/A;N/A;N/A;N/A;N/A;N/A;N/A;N/A;N/A;Sí;N/A;Sí;N/A;Sí;N/A;N/A;N/A;N/A;N/A;N/A;N/A;N/A;Sí;N/A;N/A;N/A;N/A;N/A;Sí;N/A;N/A;N/A;N/A;N/A;N/A;N/A;N/A;N/A;"150 hp";N/A;N/A;N/A;N/A;N/A;N/A;N/A;Sí;N/A;Sí;N/A;Sí;N/A;N/A;N/A;N/A;N/A;N/A;N/A;N/A;N/A;N/A;5;1.3;Nafta;Automática;SUV;"Autos y camionetas";No;N/A;N/A;N/A;No;N/A;UY;No;Sí;No;No;N/A;N/A;N/A;N/A;N/A;N/A;N/A;N/A;N/A;N/A;N/A;N/A;N/A;Sí;N/A;N/A;N/A;N/A;N/A;N/A;N/A;N/A;N/A;N/A;N/A;N/A;N/A;N/A;N/A;N/A;N/A;N/A;Sí;N/A;N/A;N/A;N/A;N/A;N/A;N/A;N/A;N/A;N/A;N/A;N/A;N/A;Sí;Sí;N/A;N/A;Sí;No;N/A;N/A;N/A;N/A;N/A;N/A;N/A;N/A;N/A;N/A;N/A;N/A;N/A;N/A;N/A;N/A;N/A;N/A;N/A;N/A;N/A;N/A;N/A;N/A;N/A;N/A;N/A;N/A;N/A;Sí;N/A;N/A;N/A;Sí;N/A;Sí;Sí;Sí;Sí;N/A;N/A;N/A;Sí;N/A;N/A;N/A;N/A;Sí;Sí;N/A;N/A;Sí;N/A;Sí;N/A;N/A;N/A;N/A;N/A
Renault;Stepway;"1.0 Mt";2025;"0 km";;SANTAROSASA;20500;;;;;Centro;https://auto.mercadolibre.com.uy/MLU-644199657-renault-stepway-10-mt-10-2025-0km-_JM;N/A;;"Renault Stepway 1.0 Mt 1.0 2025 0km";USD;Sí;gold_premium;false;N/A;N/A;http://perfil.mercadolibre.com.uy/SANTAROSASA;active;N/A;N/A;Nuevo;Rojo;N/A;Asistida;N/A;Sí;N/A;N/A;N/A;Sí;N/A;Sí;Sí;N/A;N/A;N/A;Sí;N/A;N/A;N/A;N/A;N/A;N/A;N/A;N/A;N/A;N/A;N/A;N/A;N/A;N/A;"1000 cc";N/A;5;N/A;N/A;Sí;Sí;Sí;N/A;N/A;N/A;N/A;N/A;N/A;N/A;N/A;N/A;N/A;N/A;N/A;N/A;N/A;N/A;N/A;N/A;N/A;N/A;N/A;Sí;N/A;N/A;N/A;N/A;N/A;N/A;N/A;N/A;N/A;N/A;Sí;N/A;N/A;N/A;N/A;N/A;N/A;N/A;N/A;N/A;N/A;N/A;N/A;N/A;N/A;N/A;"80 hp";N/A;N/A;N/A;N/A;"15 km/l";N/A;N/A;N/A;Sí;N/A;N/A;Sí;Sí;N/A;N/A;"12 km/l";N/A;N/A;N/A;N/A;N/A;N/A;5;1.0;Nafta;Manual;SUV;"Autos y camionetas";No;N/A;N/A;N/A;No;N/A;N/A;No;Sí;No;No;N/A;N/A;N/A;N/A;N/A;N/A;N/A;N/A;N/A;N/A;N/A;N/A;N/A;N/A;N/A;N/A;N/A;N/A;N/A;N/A;N/A;N/A;N/A;N/A;N/A;N/A;N/A;N/A;N/A;N/A;N/A;N/A;Sí;N/A;N/A;N/A;N/A;N/A;N/A;N/A;N/A;N/A;N/A;N/A;N/A;N/A;N/A;Sí;N/A;N/A;Sí;No;N/A;N/A;N/A;N/A;N/A;N/A;N/A;N/A;N/A;N/A;N/A;N/A;N/A;N/A;N/A;N/A;N/A;N/A;N/A;N/A;N/A;N/A;N/A;N/A;N/A;N/A;N/A;N/A;N/A;Sí;N/A;N/A;N/A;Sí;N/A;Sí;N/A;Sí;N/A;Sí;N/A;Sí;Sí;N/A;N/A;N/A;N/A;Sí;N/A;Sí;N/A;Sí;N/A;Sí;N/A;N/A;N/A;N/A;Sí
Renault;Master;"2.3 L1h1 Aa";2024;"0 km";;"MOREIRA AUTOMOVILES";38000;;;;;"Las Piedras";https://auto.mercadolibre.com.uy/MLU-640212435-renault-master-l1h1-23-_JM;N/A;;"Renault Master L1h1 2.3";usd;Sí;gold_premium;false;N/A;N/A;http://perfil.mercadolibre.com.uy/MOREIRA+AUTOMOVILES;active;N/A;N/A;Nuevo;Blanco;N/A;N/A;Delantera;Sí;N/A;N/A;N/A;N/A;N/A;N/A;N/A;N/A;N/A;N/A;N/A;N/A;N/A;N/A;N/A;N/A;N/A;N/A;N/A;N/A;N/A;N/A;N/A;N/A;"3578 mm";"2.3 L";"100 L";6;N/A;N/A;N/A;N/A;N/A;N/A;N/A;N/A;N/A;N/A;N/A;N/A;N/A;N/A;N/A;N/A;N/A;N/A;N/A;N/A;N/A;N/A;N/A;N/A;N/A;N/A;N/A;N/A;N/A;N/A;N/A;N/A;N/A;N/A;N/A;N/A;N/A;N/A;N/A;N/A;N/A;N/A;N/A;N/A;N/A;"2303 mm";"5048 mm";N/A;N/A;N/A;N/A;3;"130 hp";2.3;N/A;4;"1990 mm";N/A;N/A;N/A;N/A;N/A;N/A;N/A;N/A;N/A;N/A;N/A;N/A;N/A;N/A;N/A;N/A;N/A;"Lunes a Sábado de 8:00 a 18:30";3;2.3;Diésel;Manual;Furgón;"Autos y camionetas";N/A;N/A;N/A;N/A;N/A;N/A;UY;N/A;N/A;N/A;N/A;N/A;N/A;N/A;N/A;N/A;N/A;N/A;N/A;N/A;N/A;N/A;N/A;N/A;N/A;N/A;N/A;N/A;N/A;N/A;N/A;N/A;N/A;N/A;N/A;N/A;N/A;N/A;N/A;N/A;N/A;N/A;N/A;N/A;N/A;N/A;N/A;N/A;N/A;N/A;N/A;N/A;N/A;N/A;N/A;N/A;N/A;N/A;N/A;N/A;N/A;N/A;N/A;N/A;N/A;N/A;N/A;N/A;N/A;N/A;N/A;N/A;N/A;N/A;N/A;N/A;N/A;N/A;N/A;N/A;N/A;N/A;N/A;N/A;N/A;N/A;N/A;N/A;N/A;N/A;N/A;N/A;N/A;N/A;N/A;N/A;N/A;N/A;N/A;N/A;N/A;N/A;N/A;N/A;N/A;N/A;N/A;N/A;N/A;N/A;N/A;N/A;N/A;N/A;N/A;N/A;N/A;N/A;N/A;N/A;N/A;N/A
Renault;Duster;"1.6 16v Intens";2024;"0 km";;NISSANMOREIRA;26000;;;;;Pando;https://auto.mercadolibre.com.uy/MLU-673753042-renault-duster-intense-16-tm-_JM;N/A;;"Renault Duster Intense 1.6 T/m";usd;Sí;gold_premium;false;N/A;N/A;http://perfil.mercadolibre.com.uy/NISSANMOREIRA;active;N/A;N/A;Nuevo;Blanco;N/A;N/A;4x2;N/A;N/A;Sí;N/A;N/A;N/A;N/A;N/A;N/A;N/A;N/A;N/A;N/A;N/A;N/A;N/A;N/A;N/A;N/A;N/A;N/A;N/A;N/A;N/A;N/A;"2674 mm";"1.6 L";"50 L";5;N/A;N/A;N/A;N/A;N/A;N/A;N/A;N/A;N/A;N/A;N/A;N/A;N/A;N/A;N/A;N/A;N/A;N/A;N/A;N/A;N/A;N/A;N/A;N/A;N/A;N/A;N/A;N/A;N/A;N/A;N/A;N/A;N/A;N/A;N/A;N/A;N/A;N/A;N/A;N/A;N/A;N/A;N/A;N/A;N/A;"1683 mm";"4329 mm";N/A;N/A;N/A;N/A;5;"118 hp";Intens;N/A;4;"1822 mm";"11.1 km/l";N/A;N/A;N/A;N/A;N/A;N/A;N/A;N/A;N/A;N/A;"10.4 km/l";N/A;N/A;N/A;N/A;N/A;"lunes a lunes";5;1.6;Nafta;Manual;SUV;"Autos y camionetas";N/A;N/A;N/A;N/A;N/A;N/A;UY;N/A;N/A;N/A;N/A;N/A;N/A;N/A;N/A;N/A;N/A;N/A;N/A;N/A;N/A;N/A;N/A;N/A;N/A;N/A;N/A;N/A;N/A;N/A;N/A;N/A;N/A;N/A;N/A;N/A;N/A;N/A;N/A;N/A;N/A;N/A;N/A;N/A;N/A;N/A;N/A;N/A;N/A;N/A;N/A;N/A;N/A;N/A;N/A;N/A;N/A;N/A;N/A;N/A;N/A;N/A;N/A;N/A;N/A;N/A;N/A;N/A;N/A;N/A;N/A;N/A;N/A;N/A;N/A;N/A;N/A;N/A;N/A;N/A;N/A;N/A;N/A;N/A;N/A;N/A;N/A;N/A;N/A;N/A;N/A;N/A;N/A;N/A;N/A;N/A;N/A;N/A;N/A;N/A;N/A;N/A;N/A;N/A;N/A;N/A;N/A;N/A;N/A;N/A;N/A;N/A;N/A;N/A;N/A;N/A;N/A;N/A;N/A;N/A;N/A;N/A
Renault;Kangoo;Confort;2024;"0 km";;NISSANMOREIRA;30500;;;;;Pando;https://auto.mercadolibre.com.uy/MLU-673291510-renault-kangoo-15-diesel-_JM;N/A;;"Renault Kangoo 1.5 Diesel ";USD;Sí;gold_premium;false;N/A;N/A;http://perfil.mercadolibre.com.uy/NISSANMOREIRA;active;N/A;N/A;Nuevo;Blanco;N/A;Hidráulica;Delantera;Sí;Sí;N/A;N/A;N/A;N/A;N/A;N/A;N/A;N/A;N/A;Sí;Sí;N/A;N/A;N/A;N/A;N/A;N/A;N/A;N/A;N/A;N/A;N/A;N/A;N/A;N/A;N/A;N/A;N/A;N/A;N/A;N/A;N/A;N/A;N/A;N/A;N/A;N/A;N/A;N/A;N/A;N/A;N/A;N/A;N/A;N/A;N/A;N/A;N/A;N/A;N/A;N/A;N/A;N/A;N/A;N/A;N/A;N/A;N/A;N/A;N/A;N/A;N/A;N/A;N/A;N/A;N/A;N/A;N/A;N/A;N/A;N/A;N/A;N/A;N/A;N/A;N/A;N/A;N/A;N/A;N/A;N/A;N/A;N/A;N/A;N/A;N/A;N/A;N/A;Sí;N/A;Sí;Sí;N/A;N/A;N/A;N/A;N/A;N/A;N/A;N/A;N/A;"lunes a lunes";5;1.5;Diésel;Manual;Furgón;"Autos y camionetas";N/A;N/A;N/A;N/A;N/A;N/A;N/A;N/A;Sí;N/A;Sí;N/A;N/A;N/A;N/A;N/A;N/A;N/A;N/A;N/A;N/A;N/A;N/A;N/A;Sí;N/A;N/A;N/A;N/A;N/A;N/A;N/A;N/A;N/A;N/A;N/A;N/A;N/A;N/A;N/A;N/A;N/A;N/A;Sí;N/A;N/A;N/A;N/A;N/A;N/A;N/A;N/A;N/A;N/A;N/A;N/A;N/A;N/A;N/A;N/A;N/A;Sí;N/A;N/A;N/A;N/A;N/A;N/A;N/A;N/A;N/A;N/A;N/A;N/A;N/A;N/A;N/A;N/A;N/A;N/A;N/A;N/A;N/A;N/A;N/A;N/A;N/A;N/A;N/A;N/A;N/A;N/A;N/A;N/A;N/A;N/A;Sí;Sí;N/A;N/A;Sí;N/A;N/A;N/A;N/A;Sí;N/A;N/A;N/A;N/A;N/A;Sí;Sí;Sí;Sí;N/A;Sí;N/A;N/A;Sí;N/A;Sí
Renault;"Sandero Stepway";"1.6 Privilege 105cv";2019;"48000 km";;CHECHOURU;13990;;;;;Cordón;https://auto.mercadolibre.com.uy/MLU-647455773-renault-sandero-stepway-unico-dueno-en-excelente-estado-_JM;N/A;;"Renault Sandero Stepway - Único Dueño - En Excelente Estado ";usd;Sí;gold_premium;false;N/A;N/A;http://perfil.mercadolibre.com.uy/CHECHOURU;active;N/A;N/A;Usado;Plateado;N/A;Hidráulica;Delantera;N/A;N/A;Sí;N/A;N/A;N/A;N/A;N/A;N/A;N/A;N/A;N/A;N/A;N/A;N/A;N/A;N/A;N/A;N/A;N/A;N/A;N/A;N/A;N/A;N/A;"2590 mm";"1.6 L";"50 L";5;N/A;N/A;N/A;N/A;N/A;N/A;N/A;N/A;N/A;N/A;N/A;N/A;N/A;N/A;N/A;N/A;N/A;N/A;N/A;N/A;N/A;N/A;N/A;N/A;N/A;N/A;N/A;N/A;N/A;N/A;N/A;N/A;N/A;N/A;N/A;N/A;N/A;N/A;N/A;N/A;N/A;N/A;N/A;N/A;N/A;"1559 mm";"4066 mm";N/A;N/A;N/A;N/A;5;"105 hp";Privilege;N/A;4;"1761 mm";"9.3 km/l";Sí;N/A;N/A;N/A;N/A;N/A;Sí;N/A;N/A;N/A;"5.9 km/l";N/A;N/A;N/A;N/A;N/A;"Lun a Dom de 9 a 21 hs";5;1.6;Nafta;Manual;Hatchback;"Autos y camionetas";N/A;N/A;N/A;N/A;N/A;N/A;UY;N/A;N/A;N/A;N/A;N/A;N/A;N/A;N/A;N/A;N/A;N/A;N/A;N/A;N/A;N/A;N/A;N/A;N/A;N/A;N/A;N/A;N/A;N/A;N/A;N/A;N/A;N/A;N/A;N/A;N/A;N/A;N/A;N/A;N/A;N/A;N/A;N/A;N/A;N/A;N/A;N/A;N/A;N/A;N/A;N/A;N/A;N/A;N/A;N/A;N/A;N/A;N/A;N/A;N/A;N/A;N/A;N/A;N/A;N/A;N/A;N/A;N/A;N/A;N/A;N/A;N/A;N/A;N/A;N/A;N/A;N/A;N/A;N/A;N/A;N/A;N/A;N/A;N/A;N/A;N/A;N/A;N/A;N/A;N/A;N/A;N/A;N/A;N/A;N/A;N/A;N/A;N/A;N/A;N/A;N/A;N/A;N/A;N/A;N/A;N/A;N/A;N/A;N/A;N/A;N/A;N/A;N/A;N/A;N/A;N/A;N/A;N/A;N/A;N/A;N/A
Renault;Kwid;"1.0 Sce 66cv Intense";2018;"51000 km";;GLMOTORS3;11990;;;;;Cerrito;https://auto.mercadolibre.com.uy/MLU-703798322-renault-kwid-gl-motors-financiamos-100-_JM;N/A;;"Renault Kwid ((gl Motors)) Financiamos 100% ";usd;Sí;gold_premium;false;N/A;N/A;http://perfil.mercadolibre.com.uy/GLMOTORS3;active;N/A;N/A;Usado;Rojo;N/A;Hidráulica;Delantera;Sí;Sí;Sí;N/A;N/A;Sí;N/A;N/A;N/A;N/A;N/A;N/A;Sí;N/A;N/A;N/A;N/A;N/A;N/A;N/A;N/A;N/A;N/A;N/A;N/A;"2423 mm";"1 L";"50 L";5;N/A;N/A;N/A;N/A;N/A;Sí;N/A;N/A;N/A;N/A;N/A;N/A;N/A;N/A;N/A;N/A;N/A;N/A;N/A;N/A;N/A;N/A;N/A;N/A;N/A;N/A;N/A;N/A;N/A;N/A;N/A;N/A;N/A;N/A;N/A;N/A;N/A;N/A;N/A;N/A;N/A;N/A;N/A;N/A;N/A;"1474 mm";"3680 mm";N/A;N/A;N/A;N/A;5;"66 hp";Intense;N/A;4;"1752 mm";N/A;N/A;N/A;N/A;Sí;N/A;Sí;N/A;N/A;N/A;N/A;N/A;N/A;N/A;N/A;N/A;Sí;N/A;5;1.0;Nafta;Manual;Hatchback;"Autos y camionetas";Sí;N/A;N/A;N/A;Sí;N/A;UY;N/A;Sí;N/A;Sí;N/A;N/A;N/A;N/A;N/A;N/A;N/A;N/A;N/A;N/A;N/A;N/A;N/A;N/A;N/A;N/A;N/A;N/A;N/A;N/A;N/A;N/A;N/A;N/A;N/A;N/A;N/A;N/A;N/A;N/A;N/A;N/A;N/A;N/A;N/A;N/A;N/A;N/A;N/A;N/A;N/A;N/A;N/A;N/A;N/A;N/A;N/A;N/A;N/A;N/A;N/A;N/A;N/A;N/A;N/A;N/A;N/A;N/A;N/A;N/A;N/A;N/A;N/A;N/A;N/A;N/A;N/A;N/A;N/A;N/A;N/A;N/A;N/A;N/A;N/A;N/A;N/A;N/A;N/A;N/A;N/A;N/A;N/A;N/A;N/A;Sí;Sí;N/A;N/A;Sí;N/A;N/A;N/A;N/A;Sí;N/A;Sí;N/A;N/A;N/A;N/A;N/A;Sí;Sí;Sí;Sí;Sí;Sí;Sí;N/A;Sí
Renault;Kwid;"1.0 Sce 66cv Zen";2020;"83000 km";;"PUNTO SUBARU";10490;;;;;Pando;https://auto.mercadolibre.com.uy/MLU-703184972-renault-kwid-zen-10-mt-_JM;N/A;;"Renault Kwid Zen 1.0 Mt";usd;Sí;gold_premium;false;N/A;N/A;http://perfil.mercadolibre.com.uy/PUNTO+SUBARU;active;N/A;N/A;Usado;Rojo;N/A;N/A;Delantera;N/A;N/A;Sí;N/A;N/A;N/A;N/A;N/A;N/A;N/A;N/A;N/A;N/A;N/A;N/A;N/A;N/A;N/A;N/A;N/A;N/A;N/A;N/A;N/A;N/A;"2423 mm";"1 L";"50 L";5;N/A;N/A;N/A;N/A;N/A;N/A;N/A;N/A;N/A;N/A;N/A;N/A;N/A;N/A;N/A;N/A;N/A;N/A;N/A;N/A;N/A;N/A;N/A;N/A;N/A;N/A;N/A;N/A;N/A;N/A;N/A;N/A;N/A;N/A;N/A;N/A;N/A;N/A;N/A;N/A;N/A;N/A;N/A;N/A;N/A;"1474 mm";"3680 mm";N/A;N/A;N/A;N/A;5;"66 hp";Zen;N/A;4;"1752 mm";N/A;N/A;N/A;N/A;N/A;N/A;N/A;N/A;N/A;N/A;N/A;N/A;N/A;N/A;N/A;N/A;N/A;"Lunes a domingo de 10 a 20 hrs";5;1.0;Nafta;Manual;Hatchback;"Autos y camionetas";N/A;N/A;N/A;N/A;N/A;N/A;UY;N/A;N/A;N/A;N/A;N/A;N/A;N/A;N/A;N/A;N/A;N/A;N/A;N/A;N/A;N/A;N/A;N/A;N/A;N/A;N/A;N/A;N/A;N/A;N/A;N/A;N/A;N/A;N/A;N/A;N/A;N/A;N/A;N/A;N/A;N/A;N/A;N/A;N/A;N/A;N/A;N/A;N/A;N/A;N/A;N/A;N/A;N/A;N/A;N/A;N/A;N/A;N/A;N/A;N/A;N/A;N/A;N/A;N/A;N/A;N/A;N/A;N/A;N/A;N/A;N/A;N/A;N/A;N/A;N/A;N/A;N/A;N/A;N/A;N/A;N/A;N/A;N/A;N/A;N/A;N/A;N/A;N/A;N/A;N/A;N/A;N/A;N/A;N/A;N/A;N/A;N/A;N/A;N/A;N/A;N/A;N/A;N/A;N/A;N/A;N/A;N/A;N/A;N/A;N/A;N/A;N/A;N/A;N/A;N/A;N/A;N/A;N/A;N/A;N/A;N/A
Renault;Clio;"0.9 Iv Fase Ii Turbo Dynamique";2020;"50000 km";;GG20241128141244;19990;;;;;"Aeropuerto Internacional De Carrasco";https://auto.mercadolibre.com.uy/MLU-703114890-renault-clio-iv-turbo-gl-motors-financiamos-100-en-pesos-_JM;N/A;;"Renault Clio Iv Turbo (gl Motors) Financiamos 100% En Pesos";usd;Sí;gold_premium;false;N/A;N/A;http://perfil.mercadolibre.com.uy/GG20241128141244;active;N/A;N/A;Usado;Gris;N/A;N/A;Delantera;N/A;N/A;Sí;N/A;N/A;N/A;N/A;N/A;N/A;N/A;N/A;N/A;N/A;N/A;N/A;N/A;N/A;N/A;N/A;N/A;N/A;N/A;N/A;N/A;N/A;"2472 mm";"0.9 L";"50 L";5;N/A;N/A;N/A;N/A;N/A;N/A;N/A;N/A;N/A;N/A;N/A;N/A;N/A;N/A;N/A;N/A;N/A;N/A;N/A;N/A;N/A;N/A;N/A;N/A;N/A;N/A;N/A;N/A;N/A;N/A;N/A;N/A;N/A;N/A;N/A;N/A;N/A;N/A;N/A;N/A;N/A;N/A;N/A;N/A;N/A;"1417 mm";"3811 mm";N/A;N/A;N/A;N/A;5;"90 hp";Authentique;N/A;4;"1639 mm";N/A;N/A;N/A;N/A;N/A;N/A;N/A;N/A;N/A;N/A;N/A;N/A;N/A;N/A;N/A;N/A;N/A;"Lunes a Viernes de 9:00 a 18:30 / Sabados de 10:00 a 13:00";3;0.9;Nafta;Manual;Hatchback;"Autos y camionetas";N/A;N/A;N/A;N/A;N/A;N/A;UY;N/A;N/A;N/A;N/A;N/A;N/A;N/A;N/A;N/A;N/A;N/A;N/A;N/A;N/A;N/A;N/A;N/A;N/A;N/A;N/A;N/A;N/A;N/A;N/A;N/A;N/A;N/A;N/A;N/A;N/A;N/A;N/A;N/A;N/A;N/A;N/A;N/A;N/A;N/A;N/A;N/A;N/A;N/A;N/A;N/A;N/A;N/A;N/A;N/A;N/A;N/A;N/A;N/A;N/A;N/A;N/A;N/A;N/A;N/A;N/A;N/A;N/A;N/A;N/A;N/A;N/A;N/A;N/A;N/A;N/A;N/A;N/A;N/A;N/A;N/A;N/A;N/A;N/A;N/A;N/A;N/A;N/A;N/A;N/A;N/A;N/A;N/A;N/A;N/A;N/A;N/A;N/A;N/A;N/A;N/A;N/A;N/A;N/A;N/A;N/A;N/A;N/A;N/A;N/A;N/A;N/A;N/A;N/A;N/A;N/A;N/A;N/A;N/A;N/A;N/A
Renault;Logan;"1.6 Privilége 105cv";2016;"122000 km";;GLMOTORS3;10990;;;;;Cerrito;https://auto.mercadolibre.com.uy/MLU-702144952-renault-logan-privilege-gl-motors-financiamos-100-en--_JM;N/A;;"Renault Logan Privilege ((gl Motors)) Financiamos 100% En $";usd;Sí;gold_premium;false;N/A;N/A;http://perfil.mercadolibre.com.uy/GLMOTORS3;active;N/A;N/A;Usado;Blanco;N/A;Hidráulica;Delantera;N/A;N/A;N/A;N/A;N/A;N/A;N/A;N/A;N/A;N/A;N/A;N/A;N/A;N/A;N/A;N/A;N/A;N/A;N/A;N/A;N/A;N/A;N/A;N/A;N/A;"2635 mm";"1.6 L";"50 L";5;N/A;N/A;N/A;N/A;N/A;N/A;N/A;N/A;N/A;N/A;N/A;N/A;N/A;N/A;N/A;N/A;N/A;N/A;N/A;N/A;N/A;N/A;N/A;N/A;N/A;N/A;N/A;N/A;N/A;N/A;N/A;N/A;N/A;Sí;Sí;Sí;N/A;N/A;N/A;N/A;N/A;N/A;N/A;N/A;N/A;"1529 mm";"4350 mm";N/A;N/A;N/A;N/A;5;"105 hp";Privilege;N/A;4;"1733 mm";"11.8 km/l";N/A;N/A;N/A;N/A;N/A;N/A;Sí;N/A;N/A;N/A;"9.6 km/l";N/A;N/A;N/A;N/A;N/A;N/A;4;1.6;Nafta;Manual;Sedán;"Autos y camionetas";N/A;N/A;N/A;N/A;N/A;N/A;UY;N/A;N/A;N/A;N/A;N/A;N/A;N/A;N/A;N/A;N/A;N/A;N/A;N/A;N/A;N/A;N/A;N/A;N/A;N/A;N/A;N/A;N/A;N/A;N/A;N/A;N/A;N/A;N/A;N/A;N/A;N/A;N/A;N/A;N/A;N/A;N/A;N/A;N/A;N/A;N/A;N/A;N/A;N/A;N/A;N/A;N/A;N/A;N/A;N/A;N/A;N/A;N/A;N/A;N/A;N/A;N/A;N/A;N/A;N/A;N/A;N/A;N/A;N/A;N/A;N/A;N/A;N/A;N/A;N/A;N/A;N/A;N/A;N/A;N/A;N/A;N/A;N/A;N/A;N/A;N/A;N/A;N/A;N/A;N/A;N/A;N/A;N/A;N/A;N/A;N/A;N/A;N/A;N/A;N/A;N/A;N/A;N/A;N/A;N/A;N/A;N/A;N/A;N/A;N/A;N/A;N/A;N/A;N/A;N/A;N/A;N/A;N/A;N/A;N/A;N/A
Renault;Duster;"Iconic plus 1.3t";2024;"0 km";;"MOREIRA AUTOMOVILES";31500;;;;;"Las Piedras";https://auto.mercadolibre.com.uy/MLU-685973372-duster-iconic-_JM;N/A;;"Duster Iconic";USD;Sí;gold_premium;false;N/A;N/A;http://perfil.mercadolibre.com.uy/MOREIRA+AUTOMOVILES;active;N/A;N/A;Nuevo;Plateado;N/A;Eléctrica;4x2;N/A;N/A;N/A;N/A;N/A;N/A;N/A;N/A;N/A;N/A;N/A;N/A;N/A;N/A;N/A;N/A;N/A;N/A;N/A;N/A;N/A;N/A;N/A;N/A;N/A;N/A;N/A;N/A;N/A;N/A;N/A;N/A;N/A;N/A;N/A;N/A;N/A;N/A;N/A;N/A;N/A;N/A;N/A;N/A;N/A;N/A;N/A;N/A;N/A;N/A;N/A;N/A;N/A;N/A;N/A;N/A;N/A;N/A;N/A;N/A;N/A;N/A;N/A;N/A;N/A;N/A;N/A;N/A;N/A;N/A;N/A;N/A;N/A;N/A;N/A;N/A;N/A;N/A;N/A;N/A;N/A;N/A;N/A;N/A;N/A;N/A;N/A;N/A;N/A;N/A;N/A;N/A;N/A;N/A;N/A;N/A;N/A;N/A;N/A;N/A;N/A;N/A;N/A;N/A;5;1.3t;Nafta;Automática;SUV;"Autos y camionetas";N/A;N/A;N/A;N/A;N/A;N/A;N/A;N/A;N/A;N/A;N/A;N/A;N/A;N/A;N/A;N/A;N/A;N/A;N/A;N/A;N/A;N/A;N/A;N/A;N/A;N/A;N/A;N/A;N/A;N/A;N/A;N/A;N/A;N/A;N/A;N/A;N/A;N/A;N/A;N/A;N/A;N/A;N/A;N/A;N/A;N/A;N/A;N/A;N/A;N/A;N/A;N/A;N/A;N/A;N/A;N/A;N/A;N/A;N/A;N/A;N/A;N/A;N/A;N/A;N/A;N/A;N/A;N/A;N/A;N/A;N/A;N/A;N/A;N/A;N/A;N/A;N/A;N/A;N/A;N/A;N/A;N/A;N/A;N/A;N/A;N/A;N/A;N/A;N/A;N/A;N/A;N/A;N/A;N/A;N/A;N/A;N/A;N/A;N/A;N/A;N/A;N/A;N/A;N/A;N/A;N/A;N/A;N/A;N/A;N/A;N/A;N/A;N/A;N/A;N/A;N/A;N/A;N/A;N/A;N/A;N/A;N/A
Renault;Captur;"1.2 Tce120 Expression";2017;"130000 km";;"USADOS FIDOCAR";15000;;;;;Centro;https://auto.mercadolibre.com.uy/MLU-645831671-renault-captur-2017-_JM;N/A;;"Renault Captur 2017 ";usd;Sí;gold_premium;false;N/A;N/A;http://perfil.mercadolibre.com.uy/USADOS+FIDOCAR;active;N/A;N/A;Usado;Amarillo;N/A;Hidráulica;Delantera;Sí;N/A;N/A;N/A;N/A;N/A;N/A;N/A;N/A;N/A;N/A;N/A;N/A;N/A;N/A;N/A;N/A;N/A;N/A;N/A;N/A;N/A;N/A;N/A;N/A;"2606 mm";"1.2 L";"45 L";6;N/A;N/A;N/A;N/A;N/A;N/A;N/A;N/A;N/A;N/A;N/A;N/A;N/A;N/A;N/A;N/A;N/A;N/A;N/A;N/A;N/A;N/A;N/A;N/A;N/A;N/A;N/A;N/A;N/A;N/A;N/A;N/A;N/A;N/A;N/A;N/A;N/A;N/A;N/A;N/A;N/A;N/A;N/A;N/A;N/A;"1566 mm";"4122 mm";N/A;N/A;N/A;N/A;5;"130 hp";Expression;N/A;4;"1778 mm";N/A;N/A;N/A;N/A;N/A;N/A;N/A;N/A;N/A;N/A;N/A;N/A;N/A;N/A;N/A;N/A;N/A;"Lunes a Viernes de 10 a 18hs";5;1.2;Nafta;Manual;Hatchback;"Autos y camionetas";N/A;N/A;N/A;N/A;N/A;N/A;UY;N/A;N/A;N/A;N/A;N/A;N/A;N/A;N/A;N/A;N/A;N/A;N/A;N/A;N/A;N/A;N/A;N/A;N/A;N/A;N/A;N/A;N/A;N/A;N/A;N/A;N/A;N/A;N/A;N/A;N/A;N/A;N/A;N/A;N/A;N/A;N/A;N/A;N/A;N/A;N/A;N/A;N/A;N/A;N/A;N/A;N/A;N/A;N/A;N/A;N/A;N/A;N/A;N/A;N/A;N/A;N/A;N/A;N/A;N/A;N/A;N/A;N/A;N/A;N/A;N/A;N/A;N/A;N/A;N/A;N/A;N/A;N/A;N/A;N/A;N/A;N/A;N/A;N/A;N/A;N/A;N/A;N/A;N/A;N/A;N/A;N/A;N/A;N/A;N/A;N/A;N/A;N/A;N/A;N/A;N/A;N/A;N/A;N/A;N/A;N/A;N/A;N/A;N/A;N/A;N/A;N/A;N/A;N/A;N/A;N/A;N/A;N/A;N/A;N/A;N/A
Renault;Kangoo;Confort;2024;"0 km";;NISSANMOREIRA;22500;;;;;Pando;https://auto.mercadolibre.com.uy/MLU-673267074-renault-kangoo-confort-16-_JM;N/A;;"Renault Kangoo Confort 1.6";USD;Sí;gold_premium;false;N/A;N/A;http://perfil.mercadolibre.com.uy/NISSANMOREIRA;active;N/A;N/A;Nuevo;Blanco;N/A;Hidráulica;Delantera;Sí;Sí;N/A;N/A;N/A;N/A;N/A;N/A;N/A;N/A;N/A;Sí;Sí;N/A;N/A;N/A;N/A;N/A;N/A;N/A;N/A;N/A;N/A;N/A;N/A;N/A;N/A;N/A;N/A;N/A;N/A;N/A;N/A;N/A;N/A;N/A;N/A;N/A;N/A;N/A;N/A;N/A;N/A;N/A;N/A;N/A;N/A;N/A;N/A;N/A;N/A;N/A;N/A;N/A;N/A;N/A;N/A;N/A;N/A;N/A;N/A;N/A;N/A;N/A;N/A;N/A;N/A;N/A;N/A;N/A;N/A;N/A;N/A;N/A;N/A;N/A;N/A;N/A;N/A;N/A;N/A;N/A;N/A;N/A;N/A;N/A;N/A;N/A;N/A;N/A;Sí;N/A;Sí;Sí;N/A;N/A;N/A;N/A;N/A;N/A;N/A;N/A;N/A;"lunes a lunes";5;1.6;Nafta;Manual;Furgón;"Autos y camionetas";N/A;N/A;N/A;N/A;N/A;N/A;N/A;N/A;Sí;N/A;Sí;N/A;N/A;N/A;N/A;N/A;N/A;N/A;N/A;N/A;N/A;N/A;N/A;N/A;Sí;N/A;N/A;N/A;N/A;N/A;N/A;N/A;N/A;N/A;N/A;N/A;N/A;N/A;N/A;N/A;N/A;N/A;N/A;Sí;N/A;N/A;N/A;N/A;N/A;N/A;N/A;N/A;N/A;N/A;N/A;N/A;N/A;N/A;N/A;N/A;N/A;Sí;N/A;N/A;N/A;N/A;N/A;N/A;N/A;N/A;N/A;N/A;N/A;N/A;N/A;N/A;N/A;N/A;N/A;N/A;N/A;N/A;N/A;N/A;N/A;N/A;N/A;N/A;N/A;N/A;N/A;N/A;N/A;N/A;N/A;N/A;Sí;N/A;N/A;N/A;Sí;N/A;N/A;N/A;N/A;Sí;N/A;N/A;N/A;N/A;N/A;Sí;Sí;Sí;Sí;N/A;Sí;N/A;N/A;Sí;N/A;Sí
Renault;Kwid;"1.0 Sce 66cv Zen";2024;"0 km";;NISSANMOREIRA;14800;;;;;Pando;https://auto.mercadolibre.com.uy/MLU-705202478-renault-kwid-zen-10-_JM;N/A;;"Renault Kwid Zen 1.0";usd;Sí;gold_premium;false;N/A;N/A;http://perfil.mercadolibre.com.uy/NISSANMOREIRA;active;N/A;N/A;Nuevo;Azul;N/A;N/A;Delantera;N/A;N/A;Sí;N/A;N/A;N/A;N/A;N/A;N/A;N/A;N/A;N/A;N/A;N/A;N/A;N/A;N/A;N/A;N/A;N/A;N/A;N/A;N/A;N/A;N/A;"2423 mm";"1 L";"50 L";5;N/A;N/A;N/A;N/A;N/A;N/A;N/A;N/A;N/A;N/A;N/A;N/A;N/A;N/A;N/A;N/A;N/A;N/A;N/A;N/A;N/A;N/A;N/A;N/A;N/A;N/A;N/A;N/A;N/A;N/A;N/A;N/A;N/A;N/A;N/A;N/A;N/A;N/A;N/A;N/A;N/A;N/A;N/A;N/A;N/A;"1474 mm";"3680 mm";N/A;N/A;N/A;N/A;5;"66 hp";Zen;N/A;4;"1752 mm";N/A;N/A;N/A;N/A;N/A;N/A;N/A;N/A;N/A;N/A;N/A;N/A;N/A;N/A;N/A;N/A;N/A;"lunes a lunes";5;1.0;Nafta;Manual;Hatchback;"Autos y camionetas";N/A;N/A;N/A;N/A;N/A;N/A;UY;N/A;N/A;N/A;N/A;N/A;N/A;N/A;N/A;N/A;N/A;N/A;N/A;N/A;N/A;N/A;N/A;N/A;N/A;N/A;N/A;N/A;N/A;N/A;N/A;N/A;N/A;N/A;N/A;N/A;N/A;N/A;N/A;N/A;N/A;N/A;N/A;N/A;N/A;N/A;N/A;N/A;N/A;N/A;N/A;N/A;N/A;N/A;N/A;N/A;N/A;N/A;N/A;N/A;N/A;N/A;N/A;N/A;N/A;N/A;N/A;N/A;N/A;N/A;N/A;N/A;N/A;N/A;N/A;N/A;N/A;N/A;N/A;N/A;N/A;N/A;N/A;N/A;N/A;N/A;N/A;N/A;N/A;N/A;N/A;N/A;N/A;N/A;N/A;N/A;N/A;N/A;N/A;N/A;N/A;N/A;N/A;N/A;N/A;N/A;N/A;N/A;N/A;N/A;N/A;N/A;N/A;N/A;N/A;N/A;N/A;N/A;N/A;N/A;N/A;N/A
Renault;"Duster Oroch";Zen;2025;"0 km";;NISSANMOREIRA;23000;;;;;Pando;https://auto.mercadolibre.com.uy/MLU-647178283-renault-duster-oroch-zen-mt-_JM;N/A;;"Renault Duster Oroch Zen Mt ";USD;Sí;gold_premium;false;N/A;N/A;http://perfil.mercadolibre.com.uy/NISSANMOREIRA;active;N/A;N/A;Nuevo;Gris;N/A;Eléctrica;Delantera;Sí;Sí;N/A;N/A;N/A;N/A;Sí;Sí;N/A;N/A;N/A;Sí;Sí;N/A;N/A;N/A;N/A;N/A;N/A;N/A;N/A;N/A;N/A;N/A;N/A;N/A;N/A;N/A;N/A;N/A;N/A;N/A;N/A;N/A;Sí;N/A;N/A;N/A;N/A;N/A;N/A;N/A;N/A;N/A;N/A;N/A;N/A;N/A;N/A;N/A;N/A;N/A;N/A;N/A;N/A;N/A;N/A;N/A;N/A;N/A;N/A;N/A;N/A;N/A;N/A;N/A;N/A;N/A;N/A;N/A;N/A;N/A;N/A;N/A;N/A;N/A;N/A;N/A;N/A;N/A;N/A;N/A;N/A;N/A;N/A;N/A;N/A;N/A;N/A;N/A;Sí;N/A;Sí;Sí;N/A;N/A;N/A;N/A;N/A;N/A;N/A;Sí;N/A;"Lunes a Viernes de 9:00 a 18:00.";5;1.6;Nafta;Manual;Pick-Up;"Autos y camionetas";N/A;N/A;N/A;N/A;N/A;N/A;N/A;N/A;Sí;N/A;N/A;N/A;N/A;N/A;N/A;N/A;N/A;N/A;N/A;N/A;N/A;N/A;N/A;N/A;N/A;N/A;N/A;N/A;N/A;N/A;N/A;N/A;N/A;N/A;N/A;N/A;N/A;N/A;N/A;N/A;N/A;N/A;N/A;Sí;N/A;N/A;N/A;N/A;N/A;N/A;N/A;N/A;N/A;N/A;N/A;N/A;N/A;N/A;N/A;N/A;N/A;N/A;N/A;N/A;N/A;N/A;N/A;N/A;N/A;N/A;N/A;N/A;N/A;N/A;N/A;N/A;N/A;N/A;N/A;N/A;N/A;N/A;N/A;N/A;N/A;N/A;N/A;N/A;N/A;N/A;N/A;N/A;N/A;N/A;N/A;N/A;Sí;N/A;Sí;N/A;N/A;Sí;N/A;N/A;N/A;Sí;N/A;N/A;N/A;N/A;N/A;Sí;N/A;Sí;Sí;N/A;Sí;N/A;N/A;Sí;N/A;Sí
Renault;Duster;"2.0 4x4 Tech Road 138cv";2014;"185000 km";;GLMOTORS3;12990;;;;;Cerrito;https://auto.mercadolibre.com.uy/MLU-705213178-renault-duster-20-4x4-tech-road-138cv-_JM;N/A;;"Renault Duster 2.0 4x4 Tech Road 138cv";usd;Sí;gold_premium;false;N/A;N/A;http://perfil.mercadolibre.com.uy/GLMOTORS3;active;N/A;N/A;Usado;Gris;N/A;Hidráulica;4x4;Sí;Sí;Sí;N/A;N/A;Sí;N/A;N/A;N/A;N/A;N/A;Sí;Sí;N/A;Sí;N/A;N/A;N/A;N/A;N/A;N/A;N/A;N/A;N/A;N/A;"2673 mm";"2 L";"50 L";6;N/A;N/A;N/A;N/A;N/A;Sí;N/A;N/A;N/A;N/A;N/A;N/A;N/A;N/A;N/A;N/A;N/A;N/A;N/A;N/A;N/A;N/A;N/A;N/A;N/A;N/A;N/A;N/A;N/A;N/A;N/A;N/A;N/A;Sí;Sí;N/A;N/A;N/A;N/A;N/A;N/A;N/A;N/A;N/A;N/A;"1695 mm";"4315 mm";N/A;N/A;N/A;N/A;5;"138 hp";"Tech Road";N/A;4;"1822 mm";"10.2 km/l";N/A;N/A;N/A;Sí;N/A;Sí;Sí;N/A;N/A;N/A;N/A;N/A;N/A;N/A;N/A;Sí;N/A;5;2.0;Nafta;Manual;SUV;"Autos y camionetas";Sí;N/A;N/A;N/A;Sí;N/A;UY;N/A;Sí;N/A;Sí;N/A;N/A;N/A;N/A;N/A;N/A;N/A;N/A;N/A;N/A;N/A;N/A;N/A;N/A;N/A;N/A;N/A;N/A;N/A;N/A;N/A;N/A;N/A;N/A;N/A;N/A;N/A;N/A;N/A;N/A;N/A;N/A;N/A;N/A;N/A;N/A;N/A;N/A;N/A;N/A;N/A;N/A;N/A;N/A;N/A;N/A;N/A;N/A;N/A;N/A;N/A;N/A;N/A;N/A;N/A;N/A;N/A;N/A;N/A;N/A;N/A;N/A;N/A;N/A;N/A;N/A;N/A;N/A;N/A;N/A;N/A;N/A;N/A;N/A;N/A;N/A;N/A;N/A;N/A;N/A;N/A;N/A;N/A;N/A;N/A;Sí;Sí;Sí;N/A;Sí;N/A;N/A;N/A;N/A;Sí;N/A;Sí;Sí;N/A;N/A;Sí;Sí;Sí;Sí;Sí;Sí;Sí;Sí;Sí;N/A;Sí
Renault;Oroch;2.0;2018;"125000 km";;ROLU323;14990;;;;;Buceo;https://auto.mercadolibre.com.uy/MLU-702639694-renault-oroch-_JM;N/A;;"Renault Oroch";USD;Sí;gold_premium;false;N/A;N/A;http://perfil.mercadolibre.com.uy/ROLU323;active;N/A;N/A;Usado;Negro;N/A;Hidráulica;4x2;Sí;N/A;N/A;N/A;N/A;N/A;N/A;N/A;N/A;N/A;N/A;N/A;Sí;N/A;N/A;N/A;N/A;N/A;N/A;N/A;N/A;N/A;N/A;N/A;N/A;N/A;N/A;N/A;N/A;N/A;N/A;N/A;N/A;N/A;N/A;N/A;N/A;N/A;N/A;N/A;N/A;N/A;N/A;N/A;N/A;N/A;N/A;N/A;N/A;N/A;N/A;N/A;N/A;N/A;N/A;N/A;N/A;N/A;N/A;N/A;N/A;N/A;N/A;N/A;N/A;N/A;N/A;N/A;N/A;N/A;N/A;N/A;N/A;N/A;N/A;N/A;N/A;N/A;N/A;N/A;N/A;N/A;N/A;N/A;N/A;N/A;N/A;N/A;N/A;N/A;N/A;N/A;N/A;N/A;N/A;N/A;N/A;N/A;N/A;N/A;N/A;N/A;N/A;"Todos los días las 24 hs del día";5;2.0;Nafta;Manual;SUV;"Autos y camionetas";N/A;N/A;N/A;N/A;N/A;N/A;N/A;N/A;N/A;N/A;N/A;N/A;N/A;N/A;N/A;N/A;N/A;N/A;N/A;N/A;N/A;N/A;N/A;N/A;N/A;N/A;N/A;N/A;N/A;N/A;N/A;N/A;N/A;N/A;N/A;N/A;N/A;N/A;N/A;N/A;N/A;N/A;N/A;N/A;N/A;N/A;N/A;N/A;N/A;N/A;N/A;N/A;N/A;N/A;N/A;N/A;N/A;N/A;N/A;N/A;N/A;N/A;N/A;N/A;N/A;N/A;N/A;N/A;N/A;N/A;N/A;N/A;N/A;N/A;N/A;N/A;N/A;N/A;N/A;N/A;N/A;N/A;N/A;N/A;N/A;N/A;N/A;N/A;N/A;N/A;N/A;N/A;N/A;N/A;N/A;N/A;N/A;Sí;Sí;N/A;Sí;N/A;N/A;N/A;N/A;Sí;N/A;N/A;N/A;N/A;N/A;N/A;N/A;N/A;Sí;Sí;Sí;N/A;N/A;N/A;N/A;Sí
Renault;Oroch;"1.3 Tce Intens 2Wd Cvt";2024;"25000 km";;INTERMOTORS_UY;23990;;;;;"Parque del Plata";https://auto.mercadolibre.com.uy/MLU-701754874-renault-oroch-intense-13-2024-_JM;N/A;;"Renault Oroch Intense 1.3 2024";usd;Sí;gold_premium;false;N/A;N/A;http://perfil.mercadolibre.com.uy/INTERMOTORS_UY;active;N/A;N/A;Usado;Plateado;N/A;N/A;Delantera;N/A;N/A;N/A;N/A;N/A;N/A;N/A;N/A;N/A;N/A;N/A;N/A;N/A;N/A;N/A;N/A;N/A;N/A;N/A;N/A;N/A;N/A;N/A;N/A;N/A;"2890 mm";"1.3 L";"45 L";8;N/A;N/A;N/A;N/A;N/A;N/A;N/A;N/A;N/A;N/A;N/A;N/A;N/A;N/A;N/A;N/A;N/A;N/A;N/A;N/A;N/A;N/A;N/A;N/A;N/A;N/A;N/A;N/A;N/A;N/A;N/A;N/A;N/A;N/A;N/A;N/A;N/A;N/A;N/A;N/A;N/A;N/A;N/A;N/A;N/A;"1694 mm";"4719 mm";N/A;N/A;N/A;N/A;5;"156 hp";Intens;N/A;4;"1834 mm";N/A;N/A;N/A;N/A;N/A;N/A;N/A;N/A;N/A;N/A;N/A;N/A;N/A;N/A;N/A;N/A;N/A;"Lunes a Sábados de 10 a 18";4;1.3;Nafta;Automática;Pick-Up;"Autos y camionetas";N/A;N/A;N/A;N/A;N/A;N/A;UY;N/A;N/A;N/A;N/A;N/A;N/A;N/A;N/A;N/A;N/A;N/A;N/A;N/A;N/A;N/A;N/A;N/A;N/A;N/A;N/A;N/A;N/A;N/A;N/A;N/A;N/A;N/A;N/A;N/A;N/A;N/A;N/A;N/A;N/A;N/A;N/A;N/A;N/A;N/A;N/A;N/A;N/A;N/A;N/A;N/A;N/A;N/A;N/A;N/A;N/A;N/A;N/A;N/A;N/A;N/A;N/A;N/A;N/A;N/A;N/A;N/A;N/A;N/A;N/A;N/A;N/A;N/A;N/A;N/A;N/A;N/A;N/A;N/A;N/A;N/A;N/A;N/A;N/A;N/A;N/A;N/A;N/A;N/A;N/A;N/A;N/A;N/A;N/A;N/A;N/A;N/A;N/A;N/A;N/A;N/A;N/A;N/A;N/A;N/A;N/A;N/A;N/A;N/A;N/A;N/A;N/A;N/A;N/A;N/A;N/A;N/A;N/A;N/A;N/A;N/A
Renault;Clio;"1.2 Iv Authentique";2015;"110000 km";;"USADOS FIDOCAR";9890;;;;;Centro;https://auto.mercadolibre.com.uy/MLU-694028838-renault-clio-_JM;N/A;;"Renault Clio";usd;Sí;gold_premium;false;N/A;N/A;http://perfil.mercadolibre.com.uy/USADOS+FIDOCAR;active;N/A;N/A;Usado;Gris;N/A;Hidráulica;Delantera;N/A;N/A;Sí;N/A;N/A;N/A;N/A;N/A;N/A;N/A;N/A;N/A;N/A;N/A;N/A;N/A;N/A;N/A;N/A;N/A;N/A;N/A;N/A;N/A;N/A;"2472 mm";"1.2 L";"50 L";5;N/A;N/A;N/A;N/A;N/A;N/A;N/A;N/A;N/A;N/A;N/A;N/A;N/A;N/A;N/A;N/A;N/A;N/A;N/A;N/A;N/A;N/A;N/A;N/A;N/A;N/A;N/A;N/A;N/A;N/A;N/A;N/A;N/A;N/A;N/A;N/A;N/A;N/A;N/A;N/A;N/A;N/A;N/A;N/A;N/A;"1417 mm";"3811 mm";N/A;N/A;N/A;N/A;5;"75 hp";Authentique;N/A;4;"1639 mm";N/A;N/A;N/A;N/A;N/A;N/A;N/A;N/A;N/A;N/A;N/A;N/A;N/A;N/A;N/A;N/A;N/A;"Lunes a Viernes de 9:00 a 18:00 - Sábados y Domingos de 10:00 a 17:00";3;1.2;Nafta;Manual;Hatchback;"Autos y camionetas";N/A;N/A;N/A;N/A;N/A;N/A;UY;N/A;N/A;N/A;N/A;N/A;N/A;N/A;N/A;N/A;N/A;N/A;N/A;N/A;N/A;N/A;N/A;N/A;N/A;N/A;N/A;N/A;N/A;N/A;N/A;N/A;N/A;N/A;N/A;N/A;N/A;N/A;N/A;N/A;N/A;N/A;N/A;N/A;N/A;N/A;N/A;N/A;N/A;N/A;N/A;N/A;N/A;N/A;N/A;N/A;N/A;N/A;N/A;N/A;N/A;N/A;N/A;N/A;N/A;N/A;N/A;N/A;N/A;N/A;N/A;N/A;N/A;N/A;N/A;N/A;N/A;N/A;N/A;N/A;N/A;N/A;N/A;N/A;N/A;N/A;N/A;N/A;N/A;N/A;N/A;N/A;N/A;N/A;N/A;N/A;N/A;N/A;N/A;N/A;N/A;N/A;N/A;N/A;N/A;N/A;N/A;N/A;N/A;N/A;N/A;N/A;N/A;N/A;N/A;N/A;N/A;N/A;N/A;N/A;N/A;N/A
Renault;Kangoo;"Kangoo Comfort";2025;"0 km";;SANTAROSASA;22500;;;;;Centro;https://auto.mercadolibre.com.uy/MLU-692682830-renault-kangoo-kangoo-comfort-16-2025-0km-_JM;N/A;;"Renault Kangoo Kangoo Comfort 1.6 2025 0km";USD;Sí;gold_premium;false;N/A;N/A;http://perfil.mercadolibre.com.uy/SANTAROSASA;active;N/A;N/A;Nuevo;Plateado;N/A;Asistida;N/A;Sí;Sí;Sí;N/A;Sí;N/A;N/A;Sí;N/A;N/A;N/A;Sí;Sí;N/A;N/A;N/A;N/A;N/A;N/A;N/A;N/A;N/A;N/A;N/A;N/A;N/A;"1600 cc";N/A;5;N/A;N/A;Sí;Sí;Sí;N/A;N/A;N/A;N/A;N/A;N/A;N/A;N/A;N/A;N/A;N/A;N/A;N/A;N/A;N/A;N/A;N/A;N/A;Sí;N/A;Sí;N/A;Sí;N/A;N/A;N/A;N/A;N/A;N/A;N/A;N/A;Sí;N/A;N/A;N/A;N/A;N/A;N/A;N/A;N/A;N/A;N/A;N/A;N/A;N/A;N/A;N/A;"118 hp";N/A;N/A;N/A;N/A;"13 km/l";N/A;N/A;N/A;Sí;Sí;N/A;Sí;N/A;N/A;N/A;"10 km/l";N/A;N/A;N/A;N/A;N/A;N/A;4;1.6;Nafta;Manual;Furgón;"Autos y camionetas";No;N/A;N/A;N/A;No;N/A;N/A;No;Sí;No;No;N/A;N/A;N/A;N/A;N/A;N/A;N/A;N/A;N/A;N/A;N/A;N/A;N/A;Sí;N/A;N/A;N/A;N/A;N/A;N/A;N/A;N/A;N/A;N/A;N/A;N/A;N/A;N/A;N/A;N/A;N/A;N/A;Sí;N/A;N/A;N/A;N/A;N/A;N/A;N/A;N/A;N/A;N/A;N/A;N/A;N/A;N/A;N/A;N/A;N/A;Sí;No;N/A;N/A;N/A;N/A;N/A;N/A;N/A;N/A;N/A;N/A;N/A;N/A;N/A;N/A;N/A;N/A;N/A;N/A;N/A;N/A;N/A;N/A;N/A;N/A;N/A;N/A;N/A;N/A;N/A;Sí;N/A;N/A;N/A;Sí;N/A;N/A;N/A;Sí;N/A;Sí;N/A;N/A;Sí;N/A;N/A;N/A;N/A;N/A;Sí;N/A;N/A;Sí;N/A;Sí;N/A;N/A;N/A;N/A;Sí
Renault;Duster;"INTENSE PLUS";2025;"0 km";;SANTAROSASA;26000;;;;;Centro;https://auto.mercadolibre.com.uy/MLU-644212389-renault-duster-intense-plus-16-2025-0km-_JM;N/A;;"Renault Duster Intense Plus 1.6 2025 0km";USD;Sí;gold_premium;false;N/A;N/A;http://perfil.mercadolibre.com.uy/SANTAROSASA;active;N/A;N/A;Nuevo;Plateado;N/A;Asistida;N/A;Sí;Sí;Sí;N/A;Sí;N/A;Sí;Sí;N/A;N/A;N/A;Sí;Sí;N/A;N/A;N/A;N/A;N/A;N/A;N/A;N/A;N/A;N/A;N/A;N/A;N/A;"1600 cc";N/A;5;N/A;N/A;Sí;Sí;Sí;Sí;N/A;N/A;N/A;N/A;N/A;N/A;N/A;N/A;N/A;N/A;N/A;N/A;N/A;N/A;N/A;N/A;N/A;Sí;N/A;Sí;N/A;N/A;N/A;N/A;N/A;N/A;N/A;N/A;N/A;N/A;N/A;N/A;N/A;N/A;N/A;N/A;N/A;N/A;N/A;N/A;N/A;N/A;N/A;N/A;N/A;N/A;"118 hp";Intens;N/A;N/A;N/A;"11 km/l";N/A;N/A;N/A;Sí;Sí;Sí;Sí;Sí;N/A;N/A;"14 km/l";N/A;N/A;N/A;N/A;Sí;N/A;5;1.6;Nafta;Manual;SUV;"Autos y camionetas";No;N/A;N/A;N/A;No;N/A;N/A;No;Sí;No;No;N/A;N/A;N/A;N/A;N/A;N/A;N/A;N/A;N/A;N/A;N/A;N/A;N/A;Sí;N/A;N/A;N/A;N/A;N/A;N/A;N/A;N/A;N/A;N/A;N/A;N/A;N/A;N/A;N/A;N/A;N/A;N/A;Sí;N/A;N/A;N/A;N/A;N/A;N/A;N/A;N/A;N/A;N/A;N/A;N/A;N/A;N/A;N/A;N/A;N/A;Sí;No;N/A;N/A;N/A;N/A;N/A;N/A;N/A;N/A;N/A;N/A;N/A;N/A;N/A;N/A;N/A;N/A;N/A;N/A;N/A;N/A;N/A;N/A;N/A;N/A;N/A;N/A;N/A;N/A;N/A;Sí;N/A;N/A;N/A;Sí;N/A;Sí;Sí;Sí;N/A;Sí;N/A;N/A;Sí;N/A;N/A;N/A;N/A;Sí;Sí;Sí;N/A;Sí;N/A;Sí;N/A;N/A;N/A;N/A;Sí
Renault;Clio;"Zen v 1.0t";2024;"0 km";;"MOREIRA AUTOMOVILES";24990;;;;;"Las Piedras";https://auto.mercadolibre.com.uy/MLU-693750708-renault-clio-_JM;N/A;;"Renault Clio";usd;Sí;gold_premium;false;N/A;N/A;http://perfil.mercadolibre.com.uy/MOREIRA+AUTOMOVILES;active;N/A;N/A;Nuevo;Plateado;N/A;Eléctrica;4x2;N/A;N/A;N/A;N/A;N/A;N/A;N/A;N/A;N/A;N/A;N/A;N/A;N/A;N/A;N/A;N/A;N/A;N/A;N/A;N/A;N/A;N/A;N/A;N/A;N/A;N/A;"1 L";"42 L";5;N/A;N/A;N/A;N/A;N/A;N/A;N/A;N/A;N/A;N/A;N/A;N/A;N/A;N/A;N/A;N/A;N/A;N/A;N/A;N/A;N/A;N/A;N/A;N/A;N/A;N/A;N/A;N/A;N/A;N/A;N/A;N/A;N/A;N/A;N/A;N/A;N/A;N/A;N/A;N/A;N/A;N/A;N/A;N/A;N/A;"1988 mm";"4050 mm";N/A;N/A;N/A;N/A;5;"100 hp";N/A;N/A;4;"1440 mm";N/A;N/A;N/A;N/A;N/A;N/A;N/A;N/A;N/A;N/A;N/A;N/A;N/A;N/A;N/A;N/A;N/A;N/A;5;1.0t;Nafta;Manual;Hatchback;"Autos y camionetas";N/A;N/A;N/A;N/A;N/A;N/A;UY;N/A;N/A;N/A;N/A;N/A;N/A;N/A;N/A;N/A;N/A;N/A;N/A;N/A;N/A;N/A;N/A;N/A;N/A;N/A;N/A;N/A;N/A;N/A;N/A;N/A;N/A;N/A;N/A;N/A;N/A;N/A;N/A;N/A;N/A;N/A;N/A;N/A;N/A;N/A;N/A;N/A;N/A;N/A;N/A;N/A;N/A;N/A;N/A;N/A;N/A;N/A;N/A;N/A;N/A;N/A;N/A;N/A;N/A;N/A;N/A;N/A;N/A;N/A;N/A;N/A;N/A;N/A;N/A;N/A;N/A;N/A;N/A;N/A;N/A;N/A;N/A;N/A;N/A;N/A;N/A;N/A;N/A;N/A;N/A;N/A;N/A;N/A;N/A;N/A;N/A;N/A;N/A;N/A;N/A;N/A;N/A;N/A;N/A;N/A;N/A;N/A;N/A;N/A;N/A;N/A;N/A;N/A;N/A;N/A;N/A;N/A;N/A;N/A;N/A;N/A
Renault;Master;"2.3 L3h2 Minibus";2024;"0 km";;NISSANMOREIRA;53000;;;;;Pando;https://auto.mercadolibre.com.uy/MLU-674459518-renualt-master-_JM;N/A;;"Renualt Master";usd;Sí;gold_premium;false;N/A;N/A;http://perfil.mercadolibre.com.uy/NISSANMOREIRA;active;N/A;N/A;Nuevo;Gris;N/A;N/A;Delantera;Sí;N/A;N/A;N/A;N/A;N/A;N/A;N/A;N/A;N/A;N/A;N/A;N/A;N/A;N/A;N/A;N/A;N/A;N/A;N/A;N/A;N/A;N/A;N/A;N/A;"3578 mm";"2.3 L";"80 L";6;N/A;N/A;N/A;N/A;N/A;N/A;N/A;N/A;N/A;N/A;N/A;N/A;N/A;N/A;N/A;N/A;N/A;N/A;N/A;N/A;N/A;N/A;N/A;N/A;N/A;N/A;N/A;N/A;N/A;N/A;N/A;N/A;N/A;N/A;N/A;N/A;N/A;N/A;N/A;N/A;N/A;N/A;N/A;N/A;N/A;"2496 mm";"6198 mm";N/A;N/A;N/A;N/A;16;"130 hp";2.3;N/A;4;"1990 mm";N/A;N/A;N/A;N/A;N/A;N/A;N/A;N/A;N/A;N/A;N/A;N/A;N/A;N/A;N/A;N/A;N/A;"Lunes a viernes de 8 a 18 hs.";4;2.3;Diésel;Manual;N/A;"Autos y camionetas";N/A;N/A;N/A;N/A;N/A;N/A;UY;N/A;N/A;N/A;N/A;N/A;N/A;N/A;N/A;N/A;N/A;N/A;N/A;N/A;N/A;N/A;N/A;N/A;N/A;N/A;N/A;N/A;N/A;N/A;N/A;N/A;N/A;N/A;N/A;N/A;N/A;N/A;N/A;N/A;N/A;N/A;N/A;N/A;N/A;N/A;N/A;N/A;N/A;N/A;N/A;N/A;N/A;N/A;N/A;N/A;N/A;N/A;N/A;N/A;N/A;N/A;N/A;N/A;N/A;N/A;N/A;N/A;N/A;N/A;N/A;N/A;N/A;N/A;N/A;N/A;N/A;N/A;N/A;N/A;N/A;N/A;N/A;N/A;N/A;N/A;N/A;N/A;N/A;N/A;N/A;N/A;N/A;N/A;N/A;N/A;N/A;N/A;N/A;N/A;N/A;N/A;N/A;N/A;N/A;N/A;N/A;N/A;N/A;N/A;N/A;N/A;N/A;N/A;N/A;N/A;N/A;N/A;N/A;N/A;N/A;N/A
Renault;"Duster Oroch";"Zen Mt";2024;"0 km";;"MOREIRA AUTOMOVILES";23000;;;;;"Las Piedras";https://auto.mercadolibre.com.uy/MLU-676324522-renault-duster-oroch-2024-zen-mt-_JM;N/A;;"Renault Duster Oroch 2024 Zen Mt";USD;Sí;gold_premium;false;N/A;N/A;http://perfil.mercadolibre.com.uy/MOREIRA+AUTOMOVILES;active;N/A;N/A;Nuevo;N/A;N/A;Hidráulica;4x2;N/A;N/A;N/A;N/A;N/A;N/A;N/A;N/A;N/A;N/A;N/A;N/A;N/A;N/A;N/A;N/A;N/A;N/A;N/A;N/A;N/A;N/A;N/A;N/A;N/A;N/A;N/A;N/A;N/A;N/A;N/A;N/A;N/A;N/A;N/A;N/A;N/A;N/A;N/A;N/A;N/A;N/A;N/A;N/A;N/A;N/A;N/A;N/A;N/A;N/A;N/A;N/A;N/A;N/A;N/A;N/A;N/A;N/A;N/A;N/A;N/A;N/A;N/A;N/A;N/A;N/A;N/A;N/A;N/A;N/A;N/A;N/A;N/A;N/A;N/A;N/A;N/A;N/A;N/A;N/A;N/A;N/A;N/A;N/A;N/A;N/A;N/A;N/A;N/A;N/A;N/A;N/A;N/A;N/A;N/A;N/A;N/A;N/A;N/A;N/A;N/A;N/A;N/A;N/A;5;1.6;Nafta;N/A;Pick-Up;"Autos y camionetas";N/A;N/A;N/A;N/A;N/A;N/A;N/A;N/A;N/A;N/A;N/A;N/A;N/A;N/A;N/A;N/A;N/A;N/A;N/A;N/A;N/A;N/A;N/A;N/A;N/A;N/A;N/A;N/A;N/A;N/A;N/A;N/A;N/A;N/A;N/A;N/A;N/A;N/A;N/A;N/A;N/A;N/A;N/A;N/A;N/A;N/A;N/A;N/A;N/A;N/A;N/A;N/A;N/A;N/A;N/A;N/A;N/A;N/A;N/A;N/A;N/A;N/A;N/A;N/A;N/A;N/A;N/A;N/A;N/A;N/A;N/A;N/A;N/A;N/A;N/A;N/A;N/A;N/A;N/A;N/A;N/A;N/A;N/A;N/A;N/A;N/A;N/A;N/A;N/A;N/A;N/A;N/A;N/A;N/A;N/A;N/A;N/A;N/A;N/A;N/A;N/A;N/A;N/A;N/A;N/A;N/A;N/A;N/A;N/A;N/A;N/A;N/A;N/A;N/A;N/A;N/A;N/A;N/A;N/A;N/A;N/A;N/A
Renault;Clio;"1.2 Iv Fase Ii Authentique";2016;"110000 km";;CABALLEROGABRIEL20230830221327;9990;;;;;Lagomar;https://auto.mercadolibre.com.uy/MLU-704228784-renault-clio-mio-plus-_JM;N/A;;"Renault Clio Mio Plus";usd;Sí;gold_premium;false;N/A;N/A;http://perfil.mercadolibre.com.uy/CABALLEROGABRIEL20230830221327;active;N/A;N/A;Usado;Rojo;N/A;Hidráulica;Delantera;Sí;Sí;Sí;N/A;N/A;N/A;N/A;N/A;N/A;N/A;N/A;Sí;Sí;N/A;N/A;N/A;N/A;N/A;N/A;N/A;N/A;N/A;N/A;N/A;N/A;"2472 mm";"1.2 L";"50 L";5;N/A;N/A;N/A;N/A;N/A;N/A;N/A;N/A;N/A;N/A;N/A;N/A;N/A;N/A;N/A;N/A;N/A;N/A;N/A;N/A;N/A;N/A;N/A;N/A;N/A;N/A;N/A;N/A;N/A;N/A;N/A;N/A;N/A;N/A;N/A;N/A;N/A;N/A;N/A;N/A;N/A;N/A;N/A;N/A;N/A;"1417 mm";"3811 mm";N/A;N/A;N/A;N/A;5;"75 hp";Authentique;N/A;4;"1639 mm";N/A;N/A;N/A;N/A;N/A;N/A;Sí;Sí;N/A;N/A;N/A;N/A;N/A;N/A;N/A;N/A;N/A;N/A;3;1.2;Nafta;Manual;Hatchback;"Autos y camionetas";N/A;N/A;N/A;N/A;N/A;N/A;UY;N/A;N/A;N/A;N/A;N/A;N/A;N/A;N/A;N/A;N/A;N/A;N/A;N/A;N/A;N/A;N/A;N/A;Sí;N/A;N/A;N/A;N/A;N/A;N/A;N/A;N/A;N/A;N/A;N/A;N/A;N/A;N/A;N/A;N/A;N/A;N/A;N/A;N/A;N/A;N/A;N/A;N/A;N/A;N/A;N/A;N/A;N/A;N/A;N/A;N/A;N/A;N/A;N/A;N/A;N/A;N/A;N/A;N/A;N/A;N/A;N/A;N/A;N/A;N/A;N/A;N/A;N/A;N/A;N/A;N/A;N/A;N/A;N/A;N/A;N/A;N/A;N/A;N/A;N/A;N/A;N/A;N/A;N/A;N/A;N/A;N/A;N/A;N/A;N/A;N/A;N/A;N/A;N/A;Sí;N/A;N/A;N/A;N/A;Sí;N/A;N/A;Sí;N/A;N/A;N/A;Sí;Sí;Sí;Sí;Sí;Sí;N/A;Sí;N/A;Sí
Renault;"Grand Captur";Zen;2019;"30000 km";;"GL MOTORS.AUTOMOTORA";19990;;;;;"Brazo Oriental";https://auto.mercadolibre.com.uy/MLU-647429541-renault-grand-captur-gl-motors-financiamos-100-_JM;N/A;;"Renault Grand Captur ((gl Motors)) Financiamos 100%";usd;Sí;gold_premium;false;N/A;N/A;http://perfil.mercadolibre.com.uy/GL+MOTORS.AUTOMOTORA;active;N/A;N/A;Usado;Rojo;N/A;Hidráulica;Delantera;Sí;Sí;N/A;N/A;N/A;Sí;N/A;N/A;N/A;N/A;N/A;Sí;Sí;N/A;Sí;N/A;N/A;N/A;N/A;N/A;N/A;N/A;N/A;N/A;N/A;"2670 mm";"2 L";"45 L";6;N/A;N/A;N/A;N/A;N/A;Sí;N/A;N/A;N/A;N/A;N/A;N/A;N/A;N/A;N/A;N/A;N/A;N/A;N/A;N/A;N/A;N/A;N/A;N/A;N/A;N/A;N/A;N/A;N/A;Sí;N/A;N/A;N/A;N/A;N/A;N/A;N/A;N/A;N/A;N/A;N/A;N/A;N/A;N/A;N/A;"1556 mm";"4122 mm";N/A;N/A;N/A;N/A;5;"143 hp";Zen;N/A;4;"1778 mm";N/A;N/A;N/A;Sí;Sí;N/A;Sí;Sí;N/A;N/A;N/A;N/A;N/A;Sí;N/A;N/A;Sí;N/A;5;2.0;Nafta;Automática;SUV;"Autos y camionetas";Sí;N/A;N/A;N/A;Sí;N/A;UY;N/A;Sí;N/A;Sí;N/A;N/A;N/A;N/A;N/A;N/A;N/A;N/A;N/A;N/A;N/A;N/A;N/A;Sí;N/A;N/A;N/A;N/A;N/A;N/A;N/A;N/A;N/A;N/A;N/A;N/A;N/A;N/A;N/A;N/A;N/A;N/A;N/A;N/A;N/A;N/A;N/A;N/A;N/A;N/A;N/A;N/A;N/A;N/A;N/A;N/A;N/A;N/A;N/A;N/A;N/A;N/A;N/A;N/A;N/A;N/A;N/A;N/A;N/A;N/A;N/A;N/A;N/A;N/A;N/A;N/A;N/A;N/A;N/A;N/A;N/A;N/A;N/A;N/A;N/A;N/A;N/A;N/A;N/A;N/A;N/A;N/A;N/A;N/A;N/A;Sí;Sí;Sí;N/A;Sí;N/A;N/A;N/A;N/A;Sí;Sí;Sí;Sí;N/A;N/A;Sí;Sí;Sí;Sí;Sí;Sí;Sí;Sí;Sí;N/A;Sí
Renault;Oroch;Expression;2021;"87000 km";;PAKAUTOMOVILES;17990;;;;;Malvin;https://auto.mercadolibre.com.uy/MLU-647415415-renault-oroch-expression-16-16v-_JM;N/A;;"Renault Oroch Expression 1.6 16v";USD;Sí;gold_premium;false;N/A;N/A;http://perfil.mercadolibre.com.uy/PAKAUTOMOVILES;active;N/A;N/A;Usado;Rojo;N/A;Hidráulica;Delantera;N/A;N/A;N/A;N/A;N/A;N/A;N/A;N/A;N/A;N/A;N/A;N/A;N/A;N/A;N/A;N/A;N/A;N/A;N/A;N/A;N/A;N/A;N/A;N/A;N/A;N/A;N/A;N/A;N/A;N/A;N/A;N/A;N/A;N/A;N/A;N/A;N/A;N/A;N/A;N/A;N/A;N/A;N/A;N/A;N/A;N/A;N/A;N/A;N/A;N/A;N/A;N/A;N/A;N/A;N/A;N/A;N/A;N/A;N/A;N/A;N/A;N/A;N/A;N/A;N/A;N/A;N/A;N/A;N/A;N/A;N/A;N/A;N/A;N/A;N/A;N/A;N/A;N/A;N/A;N/A;N/A;N/A;N/A;N/A;N/A;N/A;N/A;N/A;N/A;N/A;N/A;N/A;N/A;N/A;N/A;N/A;N/A;N/A;N/A;N/A;N/A;N/A;N/A;N/A;5;1600;Nafta;Manual;Pick-Up;"Autos y camionetas";N/A;N/A;N/A;N/A;N/A;N/A;N/A;N/A;Sí;N/A;Sí;N/A;N/A;N/A;N/A;N/A;N/A;N/A;N/A;N/A;N/A;N/A;N/A;N/A;N/A;N/A;N/A;N/A;N/A;N/A;N/A;N/A;N/A;N/A;N/A;N/A;N/A;N/A;N/A;N/A;N/A;N/A;N/A;N/A;N/A;N/A;N/A;N/A;N/A;N/A;N/A;N/A;N/A;N/A;N/A;N/A;N/A;N/A;N/A;N/A;N/A;N/A;N/A;N/A;N/A;N/A;N/A;N/A;N/A;N/A;N/A;N/A;N/A;N/A;N/A;N/A;N/A;N/A;N/A;N/A;N/A;N/A;N/A;N/A;N/A;N/A;N/A;N/A;N/A;N/A;N/A;N/A;N/A;N/A;N/A;N/A;N/A;N/A;N/A;N/A;N/A;N/A;N/A;N/A;N/A;N/A;N/A;N/A;N/A;N/A;N/A;N/A;N/A;N/A;N/A;N/A;N/A;N/A;N/A;N/A;N/A;N/A
Renault;Oroch;Expression;2021;"77000 km";;"GL MOTORS.AUTOMOTORA";17500;;;;;"Brazo Oriental";https://auto.mercadolibre.com.uy/MLU-703329940-renault-oroch-gl-motors-financiamos-100-_JM;N/A;;"Renault Oroch ((gl Motors)) Financiamos 100% ";USD;Sí;gold_premium;false;N/A;N/A;http://perfil.mercadolibre.com.uy/GL+MOTORS.AUTOMOTORA;active;N/A;N/A;Usado;Rojo;Sí;Hidráulica;Delantera;Sí;Sí;N/A;N/A;N/A;Sí;N/A;N/A;N/A;N/A;N/A;Sí;Sí;N/A;N/A;N/A;N/A;N/A;N/A;N/A;N/A;N/A;N/A;N/A;N/A;N/A;N/A;N/A;N/A;N/A;N/A;N/A;N/A;N/A;Sí;N/A;N/A;N/A;N/A;N/A;N/A;N/A;N/A;N/A;N/A;N/A;N/A;N/A;N/A;N/A;N/A;N/A;N/A;N/A;N/A;N/A;N/A;N/A;N/A;N/A;N/A;N/A;N/A;N/A;N/A;N/A;N/A;N/A;N/A;N/A;N/A;N/A;N/A;N/A;N/A;N/A;N/A;N/A;N/A;N/A;N/A;N/A;N/A;N/A;N/A;N/A;N/A;N/A;N/A;N/A;Sí;N/A;Sí;Sí;N/A;N/A;N/A;N/A;N/A;Sí;N/A;N/A;Sí;N/A;5;1.6;Nafta;Manual;Pick-Up;"Autos y camionetas";Sí;N/A;N/A;N/A;Sí;N/A;N/A;N/A;Sí;N/A;Sí;N/A;N/A;N/A;N/A;N/A;N/A;N/A;N/A;N/A;N/A;N/A;N/A;N/A;N/A;N/A;N/A;N/A;N/A;N/A;N/A;N/A;N/A;N/A;N/A;N/A;N/A;N/A;N/A;N/A;N/A;N/A;N/A;N/A;N/A;N/A;N/A;N/A;N/A;N/A;N/A;N/A;N/A;N/A;N/A;N/A;N/A;N/A;N/A;N/A;N/A;N/A;N/A;N/A;N/A;N/A;N/A;N/A;N/A;N/A;N/A;N/A;N/A;N/A;N/A;N/A;N/A;N/A;N/A;N/A;N/A;N/A;N/A;N/A;N/A;N/A;N/A;N/A;N/A;N/A;N/A;N/A;N/A;N/A;N/A;N/A;Sí;Sí;Sí;N/A;Sí;N/A;N/A;N/A;N/A;Sí;N/A;Sí;Sí;N/A;N/A;Sí;Sí;Sí;Sí;Sí;Sí;Sí;Sí;Sí;N/A;Sí
Renault;"Grand Captur";"2.0 Intens";2018;"79000 km";;GG20241128141244;19990;;;;;"Aeropuerto Internacional De Carrasco";https://auto.mercadolibre.com.uy/MLU-703288518-renault-grand-captur-intense-at-gl-motors-financiamos-100-_JM;N/A;;"Renault Grand Captur Intense At (gl Motors) Financiamos 100%";usd;Sí;gold_premium;false;N/A;N/A;http://perfil.mercadolibre.com.uy/GG20241128141244;active;N/A;N/A;Usado;Rojo;N/A;Hidráulica;4x4;Sí;N/A;N/A;N/A;N/A;N/A;N/A;N/A;N/A;N/A;N/A;N/A;N/A;N/A;N/A;N/A;N/A;N/A;N/A;N/A;N/A;N/A;N/A;N/A;N/A;"2670 mm";"2 L";"45 L";N/A;N/A;N/A;N/A;N/A;N/A;N/A;N/A;N/A;N/A;N/A;N/A;N/A;N/A;N/A;N/A;N/A;N/A;N/A;N/A;N/A;N/A;N/A;N/A;N/A;N/A;N/A;N/A;N/A;N/A;N/A;N/A;N/A;N/A;N/A;N/A;N/A;N/A;N/A;N/A;N/A;N/A;N/A;N/A;N/A;N/A;"1556 mm";"4122 mm";N/A;N/A;N/A;N/A;5;"143 hp";Intens;N/A;4;"1778 mm";N/A;N/A;N/A;N/A;N/A;N/A;N/A;N/A;N/A;N/A;N/A;N/A;N/A;N/A;N/A;N/A;N/A;"Lunes a Viernes de 9:00 a 18:30 / Sabados de 10:00 a 13:00";5;2.0;Nafta;Automática;Hatchback;"Autos y camionetas";N/A;N/A;N/A;N/A;N/A;N/A;UY;N/A;N/A;N/A;N/A;N/A;N/A;N/A;N/A;N/A;N/A;N/A;N/A;N/A;N/A;N/A;N/A;N/A;N/A;N/A;N/A;N/A;N/A;N/A;N/A;N/A;N/A;N/A;N/A;N/A;N/A;N/A;N/A;N/A;N/A;N/A;N/A;N/A;N/A;N/A;N/A;N/A;N/A;N/A;N/A;N/A;N/A;N/A;N/A;N/A;N/A;N/A;N/A;N/A;N/A;N/A;N/A;N/A;N/A;N/A;N/A;N/A;N/A;N/A;N/A;N/A;N/A;N/A;N/A;N/A;N/A;N/A;N/A;N/A;N/A;N/A;N/A;N/A;N/A;N/A;N/A;N/A;N/A;N/A;N/A;N/A;N/A;N/A;N/A;N/A;N/A;N/A;N/A;N/A;N/A;N/A;N/A;N/A;N/A;N/A;N/A;N/A;N/A;N/A;N/A;N/A;N/A;N/A;N/A;N/A;N/A;N/A;N/A;N/A;N/A;N/A
Renault;Duster;"INTENS OUTSIDER AUTOMATICA UN DUEÑO FICHA OFICIAL PERMUTO FINANCIO DIRECTO";2022;"120000 km";;"POMBO NOVO_AUTOMOVILES";17900;;;;;Malvin;https://auto.mercadolibre.com.uy/MLU-647221805-renault-duster-intens-outsider-2022-automatica-_JM;N/A;;"Renault Duster Intens Outsider 2022 Automatica ";USD;Sí;gold_premium;false;N/A;N/A;http://perfil.mercadolibre.com.uy/POMBO+NOVO_AUTOMOVILES;active;N/A;N/A;Usado;Gris;Sí;Hidráulica;Delantera;Sí;Sí;N/A;N/A;N/A;Sí;N/A;N/A;Sí;N/A;N/A;Sí;Sí;N/A;Sí;N/A;N/A;N/A;N/A;N/A;N/A;N/A;N/A;N/A;N/A;N/A;N/A;N/A;N/A;N/A;N/A;N/A;N/A;N/A;Sí;N/A;N/A;N/A;N/A;N/A;N/A;N/A;N/A;N/A;N/A;N/A;N/A;N/A;N/A;N/A;N/A;N/A;N/A;N/A;N/A;N/A;N/A;N/A;Sí;N/A;N/A;N/A;N/A;N/A;N/A;N/A;N/A;N/A;N/A;N/A;N/A;N/A;N/A;N/A;N/A;N/A;N/A;N/A;N/A;N/A;N/A;N/A;N/A;N/A;N/A;N/A;N/A;Sí;N/A;Sí;Sí;N/A;Sí;Sí;N/A;No;N/A;N/A;No;No;N/A;N/A;Sí;"LUNES A VIERNES 11:00 A 18:00";5;"1.6 16v AUTOMATICA";Nafta;Automática;SUV;"Autos y camionetas";Sí;N/A;N/A;N/A;No;N/A;N/A;N/A;Sí;N/A;Sí;N/A;N/A;N/A;N/A;N/A;N/A;N/A;N/A;N/A;N/A;N/A;N/A;N/A;Sí;N/A;N/A;N/A;N/A;N/A;N/A;N/A;N/A;N/A;N/A;N/A;N/A;N/A;N/A;N/A;N/A;N/A;N/A;No;N/A;N/A;N/A;N/A;N/A;N/A;N/A;N/A;N/A;N/A;N/A;N/A;N/A;N/A;N/A;N/A;N/A;No;No;N/A;N/A;N/A;N/A;N/A;N/A;N/A;N/A;N/A;N/A;N/A;N/A;N/A;N/A;N/A;N/A;N/A;N/A;N/A;N/A;N/A;N/A;N/A;N/A;N/A;N/A;N/A;N/A;N/A;N/A;N/A;N/A;No;Sí;Sí;Sí;N/A;Sí;N/A;N/A;N/A;N/A;Sí;Sí;Sí;Sí;N/A;N/A;Sí;Sí;Sí;Sí;Sí;Sí;Sí;Sí;Sí;N/A;Sí
Renault;"Laguna II";"2.0 T. Privilege Plus";2009;"198000 km";;CJHURRICANE;9000;;;;;"Punta del Este";https://auto.mercadolibre.com.uy/MLU-702703802-renault-laguna-ll-_JM;N/A;;"Renault Laguna Ll";USD;Sí;gold_premium;false;N/A;N/A;http://perfil.mercadolibre.com.uy/CJHURRICANE;active;N/A;N/A;Usado;Azul;No;Hidráulica;Delantera;Sí;Sí;N/A;N/A;N/A;Sí;N/A;N/A;N/A;N/A;N/A;N/A;Sí;N/A;N/A;N/A;N/A;N/A;N/A;N/A;N/A;N/A;N/A;N/A;N/A;N/A;N/A;N/A;N/A;N/A;N/A;N/A;N/A;N/A;N/A;N/A;N/A;N/A;N/A;N/A;N/A;N/A;N/A;N/A;N/A;N/A;N/A;N/A;N/A;N/A;N/A;N/A;N/A;N/A;N/A;N/A;N/A;N/A;N/A;N/A;N/A;N/A;N/A;N/A;N/A;N/A;N/A;N/A;N/A;N/A;N/A;N/A;N/A;N/A;N/A;N/A;N/A;N/A;N/A;N/A;N/A;N/A;N/A;N/A;N/A;N/A;N/A;N/A;N/A;Sí;N/A;N/A;Sí;Sí;N/A;N/A;N/A;N/A;N/A;N/A;N/A;N/A;Sí;N/A;5;2.0;Nafta;Manual;Rural;"Autos y camionetas";N/A;N/A;N/A;N/A;N/A;N/A;N/A;N/A;Sí;N/A;N/A;N/A;N/A;N/A;N/A;N/A;N/A;N/A;N/A;N/A;N/A;N/A;N/A;N/A;Sí;N/A;N/A;N/A;N/A;N/A;N/A;N/A;N/A;N/A;N/A;N/A;N/A;N/A;N/A;N/A;N/A;N/A;N/A;N/A;N/A;N/A;N/A;N/A;N/A;N/A;N/A;N/A;N/A;N/A;N/A;N/A;N/A;N/A;N/A;N/A;N/A;N/A;Sí;N/A;N/A;N/A;N/A;N/A;N/A;N/A;N/A;N/A;N/A;N/A;N/A;N/A;N/A;N/A;N/A;N/A;N/A;N/A;N/A;N/A;N/A;N/A;N/A;N/A;N/A;N/A;N/A;N/A;N/A;N/A;N/A;N/A;Sí;N/A;Sí;N/A;Sí;N/A;N/A;N/A;N/A;Sí;Sí;Sí;Sí;N/A;N/A;Sí;Sí;Sí;Sí;N/A;Sí;N/A;N/A;N/A;N/A;N/A
Renault;Oroch;"1.6 Sce Zen 2Wd Mt";2023;"113000 km";;EFINEGOCIOS;18500;;;;;"Brazo Oriental";https://auto.mercadolibre.com.uy/MLU-698456914-renault-oroch-zen-_JM;N/A;;"Renault Oroch Zen";usd;Sí;gold_premium;false;N/A;N/A;http://perfil.mercadolibre.com.uy/EFINEGOCIOS;active;N/A;N/A;Usado;Gris;N/A;N/A;Delantera;N/A;N/A;N/A;N/A;N/A;N/A;N/A;N/A;N/A;N/A;N/A;N/A;N/A;N/A;N/A;N/A;N/A;N/A;N/A;N/A;N/A;N/A;N/A;N/A;N/A;"2890 mm";"1.6 L";"45 L";6;N/A;N/A;N/A;N/A;N/A;N/A;N/A;N/A;N/A;N/A;N/A;N/A;N/A;N/A;N/A;N/A;N/A;N/A;N/A;N/A;N/A;N/A;N/A;N/A;N/A;N/A;N/A;N/A;N/A;N/A;N/A;N/A;N/A;N/A;N/A;N/A;N/A;N/A;N/A;N/A;N/A;N/A;N/A;N/A;N/A;"1694 mm";"4700 mm";N/A;N/A;N/A;N/A;5;"118 hp";Zen;N/A;4;"1821 mm";N/A;N/A;N/A;N/A;N/A;N/A;N/A;N/A;N/A;N/A;N/A;N/A;N/A;N/A;N/A;N/A;N/A;N/A;4;1.6;Nafta;Manual;Pick-Up;"Autos y camionetas";N/A;N/A;N/A;N/A;N/A;N/A;UY;N/A;N/A;N/A;N/A;N/A;N/A;N/A;N/A;N/A;N/A;N/A;N/A;N/A;N/A;N/A;N/A;N/A;N/A;N/A;N/A;N/A;N/A;N/A;N/A;N/A;N/A;N/A;N/A;N/A;N/A;N/A;N/A;N/A;N/A;N/A;N/A;N/A;N/A;N/A;N/A;N/A;N/A;N/A;N/A;N/A;N/A;N/A;N/A;N/A;N/A;N/A;N/A;N/A;N/A;N/A;N/A;N/A;N/A;N/A;N/A;N/A;N/A;N/A;N/A;N/A;N/A;N/A;N/A;N/A;N/A;N/A;N/A;N/A;N/A;N/A;N/A;N/A;N/A;N/A;N/A;N/A;N/A;N/A;N/A;N/A;N/A;N/A;N/A;N/A;N/A;N/A;N/A;N/A;N/A;N/A;N/A;N/A;N/A;N/A;N/A;N/A;N/A;N/A;N/A;N/A;N/A;N/A;N/A;N/A;N/A;N/A;N/A;N/A;N/A;N/A
Renault;Kwid;"1.0 Sce 66cv Intense";2020;"48000 km";;INTERMOTORS_UY;11900;;;;;"Parque del Plata";https://auto.mercadolibre.com.uy/MLU-645922081-renault-kwid-10-2020-_JM;N/A;;"Renault Kwid 1.0 2020";usd;Sí;gold_premium;false;N/A;N/A;http://perfil.mercadolibre.com.uy/INTERMOTORS_UY;active;N/A;N/A;Usado;Negro;N/A;N/A;Delantera;N/A;N/A;Sí;N/A;N/A;N/A;N/A;N/A;N/A;N/A;N/A;N/A;N/A;N/A;N/A;N/A;N/A;N/A;N/A;N/A;N/A;N/A;N/A;N/A;N/A;"2423 mm";"1 L";"50 L";5;N/A;N/A;N/A;N/A;N/A;N/A;N/A;N/A;N/A;N/A;N/A;N/A;N/A;N/A;N/A;N/A;N/A;N/A;N/A;N/A;N/A;N/A;N/A;N/A;N/A;N/A;N/A;N/A;N/A;N/A;N/A;N/A;N/A;N/A;N/A;N/A;N/A;N/A;N/A;N/A;N/A;N/A;N/A;N/A;N/A;"1474 mm";"3680 mm";N/A;N/A;N/A;N/A;5;"66 hp";Intense;N/A;4;"1752 mm";N/A;N/A;N/A;N/A;N/A;N/A;N/A;N/A;N/A;N/A;N/A;N/A;N/A;N/A;N/A;N/A;N/A;"De L a V 8 a 18.30 - S 8 a 12";5;1.0;Nafta;Manual;Hatchback;"Autos y camionetas";N/A;N/A;N/A;N/A;N/A;N/A;UY;N/A;N/A;N/A;N/A;N/A;N/A;N/A;N/A;N/A;N/A;N/A;N/A;N/A;N/A;N/A;N/A;N/A;N/A;N/A;N/A;N/A;N/A;N/A;N/A;N/A;N/A;N/A;N/A;N/A;N/A;N/A;N/A;N/A;N/A;N/A;N/A;N/A;N/A;N/A;N/A;N/A;N/A;N/A;N/A;N/A;N/A;N/A;N/A;N/A;N/A;N/A;N/A;N/A;N/A;N/A;N/A;N/A;N/A;N/A;N/A;N/A;N/A;N/A;N/A;N/A;N/A;N/A;N/A;N/A;N/A;N/A;N/A;N/A;N/A;N/A;N/A;N/A;N/A;N/A;N/A;N/A;N/A;N/A;N/A;N/A;N/A;N/A;N/A;N/A;N/A;N/A;N/A;N/A;N/A;N/A;N/A;N/A;N/A;N/A;N/A;N/A;N/A;N/A;N/A;N/A;N/A;N/A;N/A;N/A;N/A;N/A;N/A;N/A;N/A;N/A
Renault;Stepway;"Stepway privilege";2019;"69500 km";;ALEPEREYRA1966;15600;;;;;"Punta Gorda";https://auto.mercadolibre.com.uy/MLU-703327672-renault-stepway-stepway-privilege-_JM;N/A;;"Renault Stepway Stepway Privilege";usd;Sí;gold_premium;false;N/A;N/A;http://perfil.mercadolibre.com.uy/ALEPEREYRA1966;active;N/A;N/A;Usado;Negro;No;Hidráulica;Delantera;Sí;Sí;Sí;N/A;N/A;No;N/A;N/A;No;N/A;N/A;Sí;Sí;N/A;Sí;N/A;N/A;N/A;N/A;N/A;N/A;N/A;N/A;N/A;N/A;"2590 mm";"1.6 L";"50 L";5;N/A;N/A;N/A;N/A;N/A;No;N/A;N/A;N/A;N/A;N/A;N/A;N/A;N/A;N/A;N/A;N/A;N/A;N/A;N/A;N/A;N/A;N/A;N/A;N/A;N/A;N/A;N/A;N/A;No;N/A;N/A;N/A;N/A;N/A;N/A;N/A;N/A;N/A;N/A;N/A;N/A;N/A;N/A;N/A;"1559 mm";"4066 mm";N/A;N/A;N/A;N/A;5;"105 hp";Privilege;N/A;4;"1761 mm";"9.3 km/l";Sí;N/A;Sí;No;N/A;Sí;Sí;N/A;No;N/A;"5.9 km/l";No;No;N/A;N/A;No;N/A;5;1.6;Nafta;Manual;SUV;"Autos y camionetas";No;N/A;N/A;N/A;No;N/A;UY;N/A;No;N/A;No;N/A;N/A;N/A;N/A;N/A;N/A;N/A;N/A;N/A;N/A;N/A;N/A;N/A;Sí;N/A;N/A;N/A;N/A;N/A;N/A;N/A;N/A;N/A;N/A;N/A;N/A;N/A;N/A;N/A;N/A;N/A;N/A;No;N/A;N/A;N/A;N/A;N/A;N/A;N/A;N/A;N/A;N/A;N/A;N/A;N/A;N/A;N/A;N/A;N/A;No;Sí;N/A;N/A;N/A;N/A;N/A;N/A;N/A;N/A;N/A;N/A;N/A;N/A;N/A;N/A;N/A;N/A;N/A;N/A;N/A;N/A;N/A;N/A;N/A;N/A;N/A;N/A;N/A;N/A;N/A;N/A;N/A;N/A;No;Sí;Sí;Sí;N/A;Sí;N/A;N/A;N/A;N/A;Sí;No;Sí;Sí;N/A;N/A;Sí;Sí;Sí;Sí;Sí;Sí;No;No;N/A;N/A;Sí
Renault;Kangoo;"Confort diesel";2024;"0 km";;"MOREIRA AUTOMOVILES";30122;;;;;"Las Piedras";https://auto.mercadolibre.com.uy/MLU-644666901-renault-kangoo-confort-diesel-_JM;N/A;;"Renault Kangoo Confort Diesel ";USD;Sí;gold_premium;false;N/A;N/A;http://perfil.mercadolibre.com.uy/MOREIRA+AUTOMOVILES;active;N/A;N/A;Nuevo;N/A;N/A;Hidráulica;4x2;N/A;N/A;N/A;N/A;N/A;N/A;N/A;N/A;N/A;N/A;N/A;N/A;N/A;N/A;N/A;N/A;N/A;N/A;N/A;N/A;N/A;N/A;N/A;N/A;N/A;N/A;N/A;N/A;N/A;N/A;N/A;N/A;N/A;N/A;N/A;N/A;N/A;N/A;N/A;N/A;N/A;N/A;N/A;N/A;N/A;N/A;N/A;N/A;N/A;N/A;N/A;N/A;N/A;N/A;N/A;N/A;N/A;N/A;N/A;N/A;N/A;N/A;N/A;N/A;N/A;N/A;N/A;N/A;N/A;N/A;N/A;N/A;N/A;N/A;N/A;N/A;N/A;N/A;N/A;N/A;N/A;N/A;N/A;N/A;N/A;N/A;N/A;N/A;N/A;N/A;N/A;N/A;N/A;N/A;N/A;N/A;N/A;N/A;N/A;N/A;N/A;N/A;N/A;N/A;4;1.6D;Diésel;Manual;Furgón;"Autos y camionetas";N/A;N/A;N/A;N/A;N/A;N/A;N/A;N/A;N/A;N/A;N/A;N/A;N/A;N/A;N/A;N/A;N/A;N/A;N/A;N/A;N/A;N/A;N/A;N/A;N/A;N/A;N/A;N/A;N/A;N/A;N/A;N/A;N/A;N/A;N/A;N/A;N/A;N/A;N/A;N/A;N/A;N/A;N/A;N/A;N/A;N/A;N/A;N/A;N/A;N/A;N/A;N/A;N/A;N/A;N/A;N/A;N/A;N/A;N/A;N/A;N/A;N/A;N/A;N/A;N/A;N/A;N/A;N/A;N/A;N/A;N/A;N/A;N/A;N/A;N/A;N/A;N/A;N/A;N/A;N/A;N/A;N/A;N/A;N/A;N/A;N/A;N/A;N/A;N/A;N/A;N/A;N/A;N/A;N/A;N/A;N/A;N/A;N/A;N/A;N/A;N/A;N/A;N/A;N/A;N/A;N/A;N/A;N/A;N/A;N/A;N/A;N/A;N/A;N/A;N/A;N/A;N/A;N/A;N/A;N/A;N/A;N/A
Renault;Captur;"2.0 Zen";2019;"40000 km";;GLMOTORSAUTOMOTORA;18990;;;;;"Brazo Oriental";https://auto.mercadolibre.com.uy/MLU-693505734-renault-captur-zen-20-gl-motors-financiamos-100-en--_JM;N/A;;"Renault Captur Zen 2.0 ((gl Motors)) Financiamos 100% En $";usd;Sí;gold_premium;false;N/A;N/A;http://perfil.mercadolibre.com.uy/GLMOTORSAUTOMOTORA;active;N/A;N/A;Usado;Blanco;N/A;Hidráulica;Delantera;Sí;N/A;N/A;N/A;N/A;N/A;N/A;N/A;N/A;N/A;N/A;N/A;N/A;N/A;N/A;N/A;N/A;N/A;N/A;N/A;N/A;N/A;N/A;N/A;N/A;"2670 mm";"2 L";"45 L";6;N/A;N/A;N/A;N/A;N/A;N/A;N/A;N/A;N/A;N/A;N/A;N/A;N/A;N/A;N/A;N/A;N/A;N/A;N/A;N/A;N/A;N/A;N/A;N/A;N/A;N/A;N/A;N/A;N/A;N/A;N/A;N/A;N/A;N/A;N/A;N/A;N/A;N/A;N/A;N/A;N/A;N/A;N/A;N/A;N/A;"1556 mm";"4122 mm";N/A;N/A;N/A;N/A;5;"143 hp";Zen;N/A;4;"1778 mm";N/A;N/A;N/A;N/A;N/A;N/A;N/A;N/A;N/A;N/A;N/A;N/A;N/A;N/A;N/A;N/A;N/A;N/A;5;2.0;Nafta;Manual;Hatchback;"Autos y camionetas";N/A;N/A;N/A;N/A;N/A;N/A;UY;N/A;N/A;N/A;N/A;N/A;N/A;N/A;N/A;N/A;N/A;N/A;N/A;N/A;N/A;N/A;N/A;N/A;N/A;N/A;N/A;N/A;N/A;N/A;N/A;N/A;N/A;N/A;N/A;N/A;N/A;N/A;N/A;N/A;N/A;N/A;N/A;N/A;N/A;N/A;N/A;N/A;N/A;N/A;N/A;N/A;N/A;N/A;N/A;N/A;N/A;N/A;N/A;N/A;N/A;N/A;N/A;N/A;N/A;N/A;N/A;N/A;N/A;N/A;N/A;N/A;N/A;N/A;N/A;N/A;N/A;N/A;N/A;N/A;N/A;N/A;N/A;N/A;N/A;N/A;N/A;N/A;N/A;N/A;N/A;N/A;N/A;N/A;N/A;N/A;N/A;N/A;N/A;N/A;N/A;N/A;N/A;N/A;N/A;N/A;N/A;N/A;N/A;N/A;N/A;N/A;N/A;N/A;N/A;N/A;N/A;N/A;N/A;N/A;N/A;N/A
Renault;Kwid;"1.0 Sce 66cv Outsider";2024;"0 km";;"MOREIRA AUTOMOVILES";16500;;;;;"Las Piedras";https://auto.mercadolibre.com.uy/MLU-683816934-renault-kwid-10-sce-66cv-outsider-_JM;N/A;;"Renault Kwid 1.0 Sce 66cv Outsider";usd;Sí;gold_premium;false;N/A;N/A;http://perfil.mercadolibre.com.uy/MOREIRA+AUTOMOVILES;active;N/A;N/A;Nuevo;Rojo;N/A;Eléctrica;Delantera;N/A;N/A;Sí;N/A;N/A;N/A;N/A;N/A;N/A;N/A;N/A;N/A;N/A;N/A;N/A;N/A;N/A;N/A;N/A;N/A;N/A;N/A;N/A;N/A;N/A;"2423 mm";"1 L";"50 L";5;N/A;N/A;N/A;N/A;N/A;N/A;N/A;N/A;N/A;N/A;N/A;N/A;N/A;N/A;N/A;N/A;N/A;N/A;N/A;N/A;N/A;N/A;N/A;N/A;N/A;N/A;N/A;N/A;N/A;N/A;N/A;N/A;N/A;N/A;N/A;N/A;N/A;N/A;N/A;N/A;N/A;N/A;N/A;N/A;N/A;"1474 mm";"3680 mm";N/A;N/A;N/A;N/A;5;"66 hp";Outsider;N/A;4;"1752 mm";N/A;N/A;N/A;N/A;N/A;N/A;N/A;N/A;N/A;N/A;N/A;N/A;N/A;N/A;N/A;N/A;N/A;N/A;5;1.0;Nafta;Manual;Hatchback;"Autos y camionetas";N/A;N/A;N/A;N/A;N/A;N/A;UY;N/A;N/A;N/A;N/A;N/A;N/A;N/A;N/A;N/A;N/A;N/A;N/A;N/A;N/A;N/A;N/A;N/A;N/A;N/A;N/A;N/A;N/A;N/A;N/A;N/A;N/A;N/A;N/A;N/A;N/A;N/A;N/A;N/A;N/A;N/A;N/A;N/A;N/A;N/A;N/A;N/A;N/A;N/A;N/A;N/A;N/A;N/A;N/A;N/A;N/A;N/A;N/A;N/A;N/A;N/A;N/A;N/A;N/A;N/A;N/A;N/A;N/A;N/A;N/A;N/A;N/A;N/A;N/A;N/A;N/A;N/A;N/A;N/A;N/A;N/A;N/A;N/A;N/A;N/A;N/A;N/A;N/A;N/A;N/A;N/A;N/A;N/A;N/A;N/A;N/A;N/A;N/A;N/A;N/A;N/A;N/A;N/A;N/A;N/A;N/A;N/A;N/A;N/A;N/A;N/A;N/A;N/A;N/A;N/A;N/A;N/A;N/A;N/A;N/A;N/A
Renault;Kwid;"1.0 Sce 66cv Life";2019;"30000 km";;"GL MOTORS.AUTOMOTORA";11990;;;;;"Brazo Oriental";https://auto.mercadolibre.com.uy/MLU-706071752-renault-kwid-10-sce-66cv-life-_JM;N/A;;"Renault Kwid 1.0 Sce 66cv Life";usd;Sí;gold_premium;false;N/A;N/A;http://perfil.mercadolibre.com.uy/GL+MOTORS.AUTOMOTORA;active;N/A;N/A;Usado;Rojo;No;Hidráulica;Delantera;Sí;Sí;Sí;N/A;N/A;No;N/A;N/A;No;N/A;N/A;No;Sí;N/A;Sí;N/A;N/A;N/A;N/A;N/A;N/A;N/A;N/A;N/A;N/A;"2423 mm";"1 L";"50 L";5;N/A;N/A;N/A;N/A;N/A;No;N/A;N/A;N/A;N/A;N/A;N/A;N/A;N/A;N/A;N/A;N/A;N/A;N/A;N/A;N/A;N/A;N/A;N/A;N/A;N/A;N/A;N/A;N/A;No;N/A;N/A;N/A;N/A;N/A;N/A;N/A;N/A;N/A;N/A;N/A;N/A;N/A;N/A;N/A;"1474 mm";"3680 mm";N/A;N/A;N/A;N/A;5;"66 hp";Life;N/A;4;"1752 mm";N/A;No;N/A;No;Sí;N/A;Sí;Sí;N/A;No;N/A;N/A;No;No;N/A;N/A;No;N/A;5;1.0;Nafta;Manual;Hatchback;"Autos y camionetas";Sí;N/A;N/A;N/A;No;N/A;UY;N/A;Sí;N/A;Sí;N/A;N/A;N/A;N/A;N/A;N/A;N/A;N/A;N/A;N/A;N/A;N/A;N/A;No;N/A;N/A;N/A;N/A;N/A;N/A;N/A;N/A;N/A;N/A;N/A;N/A;N/A;N/A;N/A;N/A;N/A;N/A;No;N/A;N/A;N/A;N/A;N/A;N/A;N/A;N/A;N/A;N/A;N/A;N/A;N/A;N/A;N/A;N/A;N/A;No;No;N/A;N/A;N/A;N/A;N/A;N/A;N/A;N/A;N/A;N/A;N/A;N/A;N/A;N/A;N/A;N/A;N/A;N/A;N/A;N/A;N/A;N/A;N/A;N/A;N/A;N/A;N/A;N/A;N/A;N/A;N/A;N/A;No;Sí;No;No;N/A;Sí;N/A;N/A;N/A;N/A;Sí;No;No;Sí;N/A;N/A;No;No;Sí;Sí;Sí;Sí;Sí;No;Sí;N/A;Sí
Renault;Kwid;"1.0 Mt";2020;"59000 km";;PAKAUTOMOVILES;12750;;;;;Malvin;https://auto.mercadolibre.com.uy/MLU-705290806-renault-kwid-outsider-_JM;N/A;;"Renault Kwid Outsider";USD;Sí;gold_premium;false;N/A;N/A;http://perfil.mercadolibre.com.uy/PAKAUTOMOVILES;active;N/A;N/A;Usado;Rojo;N/A;Hidráulica;Delantera;N/A;N/A;N/A;N/A;N/A;N/A;N/A;N/A;N/A;N/A;N/A;N/A;N/A;N/A;N/A;N/A;N/A;N/A;N/A;N/A;N/A;N/A;N/A;N/A;N/A;N/A;N/A;N/A;N/A;N/A;N/A;N/A;N/A;N/A;N/A;N/A;N/A;N/A;N/A;N/A;N/A;N/A;N/A;N/A;N/A;N/A;N/A;N/A;N/A;N/A;N/A;N/A;N/A;N/A;N/A;N/A;N/A;N/A;N/A;N/A;N/A;N/A;N/A;N/A;N/A;N/A;N/A;N/A;N/A;N/A;N/A;N/A;N/A;N/A;N/A;N/A;N/A;N/A;N/A;N/A;N/A;N/A;N/A;N/A;N/A;N/A;N/A;N/A;N/A;N/A;N/A;N/A;N/A;N/A;N/A;N/A;N/A;N/A;N/A;N/A;N/A;N/A;N/A;N/A;5;1800;Nafta;Manual;Hatchback;"Autos y camionetas";N/A;N/A;N/A;N/A;N/A;N/A;N/A;N/A;Sí;N/A;Sí;N/A;N/A;N/A;N/A;N/A;N/A;N/A;N/A;N/A;N/A;N/A;N/A;N/A;N/A;N/A;N/A;N/A;N/A;N/A;N/A;N/A;N/A;N/A;N/A;N/A;N/A;N/A;N/A;N/A;N/A;N/A;N/A;N/A;N/A;N/A;N/A;N/A;N/A;N/A;N/A;N/A;N/A;N/A;N/A;N/A;N/A;N/A;N/A;N/A;N/A;N/A;N/A;N/A;N/A;N/A;N/A;N/A;N/A;N/A;N/A;N/A;N/A;N/A;N/A;N/A;N/A;N/A;N/A;N/A;N/A;N/A;N/A;N/A;N/A;N/A;N/A;N/A;N/A;N/A;N/A;N/A;N/A;N/A;N/A;N/A;N/A;N/A;N/A;N/A;N/A;N/A;N/A;N/A;N/A;N/A;N/A;N/A;N/A;N/A;N/A;N/A;N/A;N/A;N/A;N/A;N/A;N/A;N/A;N/A;N/A;N/A
Renault;"Duster Oroch";"1.6 Dynamique";2018;"80000 km";;"GL MOTORS.AUTOMOTORA";16500;;;;;"Brazo Oriental";https://auto.mercadolibre.com.uy/MLU-704939930-renault-oroch-16-gl-motors-financiamos-100-en-pesos-_JM;N/A;;"Renault Oroch 1.6 ((gl Motors)) Financiamos 100% En Pesos ";usd;Sí;gold_premium;false;N/A;N/A;http://perfil.mercadolibre.com.uy/GL+MOTORS.AUTOMOTORA;active;N/A;N/A;Usado;Gris;N/A;Hidráulica;4x2;N/A;N/A;Sí;N/A;N/A;N/A;N/A;N/A;N/A;N/A;N/A;N/A;N/A;N/A;N/A;N/A;N/A;N/A;N/A;N/A;N/A;N/A;N/A;N/A;N/A;"2829 mm";"1.6 L";"50 L";5;N/A;N/A;N/A;N/A;N/A;N/A;N/A;N/A;N/A;N/A;N/A;N/A;N/A;N/A;N/A;N/A;N/A;N/A;N/A;N/A;N/A;N/A;N/A;N/A;N/A;N/A;N/A;N/A;N/A;N/A;N/A;N/A;N/A;N/A;N/A;N/A;N/A;N/A;N/A;N/A;N/A;N/A;N/A;N/A;N/A;"1683 mm";"4329 mm";N/A;N/A;N/A;N/A;5;"110 hp";Dynamique;N/A;4;"1821 mm";"11.1 km/l";N/A;N/A;N/A;N/A;N/A;N/A;N/A;N/A;N/A;N/A;"10.4 km/l";N/A;N/A;N/A;N/A;N/A;N/A;4;1.6;Nafta;Manual;SUV;"Autos y camionetas";N/A;N/A;N/A;N/A;N/A;N/A;UY;N/A;N/A;N/A;N/A;N/A;N/A;N/A;N/A;N/A;N/A;N/A;N/A;N/A;N/A;N/A;N/A;N/A;N/A;N/A;N/A;N/A;N/A;N/A;N/A;N/A;N/A;N/A;N/A;N/A;N/A;N/A;N/A;N/A;N/A;N/A;N/A;N/A;N/A;N/A;N/A;N/A;N/A;N/A;N/A;N/A;N/A;N/A;N/A;N/A;N/A;N/A;N/A;N/A;N/A;N/A;N/A;N/A;N/A;N/A;N/A;N/A;N/A;N/A;N/A;N/A;N/A;N/A;N/A;N/A;N/A;N/A;N/A;N/A;N/A;N/A;N/A;N/A;N/A;N/A;N/A;N/A;N/A;N/A;N/A;N/A;N/A;N/A;N/A;N/A;N/A;N/A;N/A;N/A;N/A;N/A;N/A;N/A;N/A;N/A;N/A;N/A;N/A;N/A;N/A;N/A;N/A;N/A;N/A;N/A;N/A;N/A;N/A;N/A;N/A;N/A
Renault;Duster;"1.6 16v Intens Vision Cvt";2021;"42164 km";;MOREIRAPANDO24;20490;;;;;Pando;https://auto.mercadolibre.com.uy/MLU-704291252-renault-nueva-duster-intens-vision-_JM;N/A;;"Renault Nueva Duster Intens Vision";usd;Sí;gold_premium;false;N/A;N/A;http://perfil.mercadolibre.com.uy/MOREIRAPANDO24;active;N/A;N/A;Usado;Plateado;N/A;N/A;4x2;N/A;N/A;Sí;N/A;N/A;N/A;N/A;N/A;N/A;N/A;N/A;N/A;N/A;N/A;N/A;N/A;N/A;N/A;N/A;N/A;N/A;N/A;N/A;N/A;N/A;"2674 mm";"1.6 L";"50 L";6;N/A;N/A;N/A;N/A;N/A;N/A;N/A;N/A;N/A;N/A;N/A;N/A;N/A;N/A;N/A;N/A;N/A;N/A;N/A;N/A;N/A;N/A;N/A;N/A;N/A;N/A;N/A;N/A;N/A;N/A;N/A;N/A;N/A;N/A;N/A;N/A;N/A;N/A;N/A;N/A;N/A;N/A;N/A;N/A;N/A;"1683 mm";"4329 mm";N/A;N/A;N/A;N/A;5;"118 hp";"Intens Vision";N/A;4;"1822 mm";"11.1 km/l";N/A;N/A;N/A;N/A;N/A;N/A;N/A;N/A;N/A;N/A;"10.4 km/l";N/A;N/A;N/A;N/A;N/A;"Lunes a Viernes de 9 a 18.";5;1.6;Nafta;Automática;SUV;"Autos y camionetas";N/A;N/A;N/A;N/A;N/A;N/A;UY;N/A;N/A;N/A;N/A;N/A;N/A;N/A;N/A;N/A;N/A;N/A;N/A;N/A;N/A;N/A;N/A;N/A;N/A;N/A;N/A;N/A;N/A;N/A;N/A;N/A;N/A;N/A;N/A;N/A;N/A;N/A;N/A;N/A;N/A;N/A;N/A;N/A;N/A;N/A;N/A;N/A;N/A;N/A;N/A;N/A;N/A;N/A;N/A;N/A;N/A;N/A;N/A;N/A;N/A;N/A;N/A;N/A;N/A;N/A;N/A;N/A;N/A;N/A;N/A;N/A;N/A;N/A;N/A;N/A;N/A;N/A;N/A;N/A;N/A;N/A;N/A;N/A;N/A;N/A;N/A;N/A;N/A;N/A;N/A;N/A;N/A;N/A;N/A;N/A;N/A;N/A;N/A;N/A;N/A;N/A;N/A;N/A;N/A;N/A;N/A;N/A;N/A;N/A;N/A;N/A;N/A;N/A;N/A;N/A;N/A;N/A;N/A;N/A;N/A;N/A
Renault;Logan;"1.6 Authentique 85cv";2019;"74200 km";;"ASTICARS SA";10900;;;;;Malvin;https://auto.mercadolibre.com.uy/MLU-704126276-renault-logan-2019-usados-financiados-permutas-_JM;N/A;;"Renault Logan 2019 Usados, Financiados, Permutas";usd;Sí;gold_premium;false;N/A;N/A;http://perfil.mercadolibre.com.uy/ASTICARS+SA;active;N/A;N/A;Usado;Blanco;N/A;Hidráulica;Delantera;N/A;N/A;N/A;N/A;N/A;N/A;N/A;N/A;N/A;N/A;N/A;N/A;N/A;N/A;N/A;N/A;N/A;N/A;N/A;N/A;N/A;N/A;N/A;N/A;N/A;"2635 mm";"1.6 L";"50 L";5;N/A;N/A;N/A;N/A;N/A;N/A;N/A;N/A;N/A;N/A;N/A;N/A;N/A;N/A;N/A;N/A;N/A;N/A;N/A;N/A;N/A;N/A;N/A;N/A;N/A;N/A;N/A;N/A;N/A;N/A;N/A;N/A;N/A;N/A;N/A;N/A;N/A;N/A;N/A;N/A;N/A;N/A;N/A;N/A;N/A;"1529 mm";"4350 mm";N/A;N/A;N/A;N/A;5;"85 hp";Authentique;N/A;2;"1733 mm";"12.5 km/l";N/A;N/A;N/A;N/A;N/A;N/A;N/A;N/A;N/A;N/A;N/A;N/A;N/A;N/A;N/A;N/A;"Lunes a viernes de 09 a 12:30 y de 13:30 a 18Hs, Sábados de 09:30 a 12:30hs";4;1.6;Nafta;Manual;Sedán;"Autos y camionetas";N/A;N/A;N/A;N/A;N/A;N/A;UY;N/A;N/A;N/A;N/A;N/A;N/A;N/A;N/A;N/A;N/A;N/A;N/A;N/A;N/A;N/A;N/A;N/A;N/A;N/A;N/A;N/A;N/A;N/A;N/A;N/A;N/A;N/A;N/A;N/A;N/A;N/A;N/A;N/A;N/A;N/A;N/A;N/A;N/A;N/A;N/A;N/A;N/A;N/A;N/A;N/A;N/A;N/A;N/A;N/A;N/A;N/A;N/A;N/A;N/A;N/A;N/A;N/A;N/A;N/A;N/A;N/A;N/A;N/A;N/A;N/A;N/A;N/A;N/A;N/A;N/A;N/A;N/A;N/A;N/A;N/A;N/A;N/A;N/A;N/A;N/A;N/A;N/A;N/A;N/A;N/A;N/A;N/A;N/A;N/A;N/A;N/A;N/A;N/A;N/A;N/A;N/A;N/A;N/A;N/A;N/A;N/A;N/A;N/A;N/A;N/A;N/A;N/A;N/A;N/A;N/A;N/A;N/A;N/A;N/A;N/A
Renault;Logan;"1.6 Authentique 85cv";2018;"165000 km";;"GL MOTORS.AUTOMOTORA";10990;;;;;"Brazo Oriental";https://auto.mercadolibre.com.uy/MLU-703786632-renault-logan-16-gl-motors-financiamos-100-en-pesos-_JM;N/A;;"Renault Logan 1.6 ((gl Motors)) Financiamos 100% En Pesos ";usd;Sí;gold_premium;false;N/A;N/A;http://perfil.mercadolibre.com.uy/GL+MOTORS.AUTOMOTORA;active;N/A;N/A;Usado;Blanco;N/A;Hidráulica;Delantera;N/A;N/A;N/A;N/A;N/A;N/A;N/A;N/A;N/A;N/A;N/A;N/A;N/A;N/A;N/A;N/A;N/A;N/A;N/A;N/A;N/A;N/A;N/A;N/A;N/A;"2635 mm";"1.6 L";"50 L";5;N/A;N/A;N/A;N/A;N/A;N/A;N/A;N/A;N/A;N/A;N/A;N/A;N/A;N/A;N/A;N/A;N/A;N/A;N/A;N/A;N/A;N/A;N/A;N/A;N/A;N/A;N/A;N/A;N/A;N/A;N/A;N/A;N/A;N/A;N/A;N/A;N/A;N/A;N/A;N/A;N/A;N/A;N/A;N/A;N/A;"1529 mm";"4350 mm";N/A;N/A;N/A;N/A;5;"85 hp";Authentique;N/A;2;"1733 mm";"12.5 km/l";N/A;N/A;N/A;N/A;N/A;N/A;N/A;N/A;N/A;N/A;N/A;N/A;N/A;N/A;N/A;N/A;N/A;4;1.6;Nafta;Manual;Sedán;"Autos y camionetas";N/A;N/A;N/A;N/A;N/A;N/A;UY;N/A;N/A;N/A;N/A;N/A;N/A;N/A;N/A;N/A;N/A;N/A;N/A;N/A;N/A;N/A;N/A;N/A;N/A;N/A;N/A;N/A;N/A;N/A;N/A;N/A;N/A;N/A;N/A;N/A;N/A;N/A;N/A;N/A;N/A;N/A;N/A;N/A;N/A;N/A;N/A;N/A;N/A;N/A;N/A;N/A;N/A;N/A;N/A;N/A;N/A;N/A;N/A;N/A;N/A;N/A;N/A;N/A;N/A;N/A;N/A;N/A;N/A;N/A;N/A;N/A;N/A;N/A;N/A;N/A;N/A;N/A;N/A;N/A;N/A;N/A;N/A;N/A;N/A;N/A;N/A;N/A;N/A;N/A;N/A;N/A;N/A;N/A;N/A;N/A;N/A;N/A;N/A;N/A;N/A;N/A;N/A;N/A;N/A;N/A;N/A;N/A;N/A;N/A;N/A;N/A;N/A;N/A;N/A;N/A;N/A;N/A;N/A;N/A;N/A;N/A
Renault;"Duster Oroch";"1.6 Dynamique";2019;"78000 km";;"MOREIRA AUTOMOVILES";14490;;;;;"Las Piedras";https://auto.mercadolibre.com.uy/MLU-703812612-renault-duster-oroch-16-dynamique-_JM;N/A;;"Renault Duster Oroch 1.6 Dynamique";usd;Sí;gold_premium;false;N/A;N/A;http://perfil.mercadolibre.com.uy/MOREIRA+AUTOMOVILES;active;N/A;N/A;Usado;Rojo;N/A;Hidráulica;4x2;N/A;N/A;Sí;N/A;N/A;N/A;N/A;N/A;N/A;N/A;N/A;N/A;N/A;N/A;N/A;N/A;N/A;N/A;N/A;N/A;N/A;N/A;N/A;N/A;N/A;"2829 mm";"1.6 L";"50 L";5;N/A;N/A;N/A;N/A;N/A;N/A;N/A;N/A;N/A;N/A;N/A;N/A;N/A;N/A;N/A;N/A;N/A;N/A;N/A;N/A;N/A;N/A;N/A;N/A;N/A;N/A;N/A;N/A;N/A;N/A;N/A;N/A;N/A;N/A;N/A;N/A;N/A;N/A;N/A;N/A;N/A;N/A;N/A;N/A;N/A;"1683 mm";"4329 mm";N/A;N/A;N/A;N/A;5;"110 hp";Dynamique;N/A;4;"1821 mm";"11.1 km/l";N/A;N/A;N/A;N/A;N/A;N/A;N/A;N/A;N/A;N/A;"10.4 km/l";N/A;N/A;N/A;N/A;N/A;N/A;4;1.6;Nafta;Manual;SUV;"Autos y camionetas";N/A;N/A;N/A;N/A;N/A;N/A;UY;N/A;N/A;N/A;N/A;N/A;N/A;N/A;N/A;N/A;N/A;N/A;N/A;N/A;N/A;N/A;N/A;N/A;N/A;N/A;N/A;N/A;N/A;N/A;N/A;N/A;N/A;N/A;N/A;N/A;N/A;N/A;N/A;N/A;N/A;N/A;N/A;N/A;N/A;N/A;N/A;N/A;N/A;N/A;N/A;N/A;N/A;N/A;N/A;N/A;N/A;N/A;N/A;N/A;N/A;N/A;N/A;N/A;N/A;N/A;N/A;N/A;N/A;N/A;N/A;N/A;N/A;N/A;N/A;N/A;N/A;N/A;N/A;N/A;N/A;N/A;N/A;N/A;N/A;N/A;N/A;N/A;N/A;N/A;N/A;N/A;N/A;N/A;N/A;N/A;N/A;N/A;N/A;N/A;N/A;N/A;N/A;N/A;N/A;N/A;N/A;N/A;N/A;N/A;N/A;N/A;N/A;N/A;N/A;N/A;N/A;N/A;N/A;N/A;N/A;N/A
Renault;Kwid;Zen;2025;"0 km";;"GL MOTORS.AUTOMOTORA";14800;;;;;"Brazo Oriental";https://auto.mercadolibre.com.uy/MLU-703103750-renault-kwid-zen-0km-gl-motors-financiamos-100-en-pesos-_JM;N/A;;"Renault Kwid Zen 0km ((gl Motors)) Financiamos 100% En Pesos";USD;Sí;gold_premium;false;N/A;N/A;http://perfil.mercadolibre.com.uy/GL+MOTORS.AUTOMOTORA;active;N/A;N/A;Nuevo;Blanco;N/A;Eléctrica;N/A;Sí;Sí;N/A;N/A;N/A;No;N/A;N/A;No;N/A;N/A;No;Sí;N/A;No;N/A;N/A;N/A;N/A;N/A;N/A;N/A;N/A;N/A;N/A;N/A;N/A;N/A;N/A;N/A;N/A;N/A;N/A;N/A;No;N/A;N/A;N/A;N/A;N/A;N/A;N/A;N/A;N/A;N/A;N/A;N/A;N/A;N/A;N/A;N/A;N/A;N/A;N/A;N/A;N/A;N/A;N/A;No;N/A;N/A;N/A;N/A;N/A;N/A;N/A;N/A;N/A;N/A;N/A;N/A;N/A;N/A;N/A;N/A;N/A;N/A;N/A;N/A;N/A;N/A;N/A;N/A;N/A;N/A;N/A;N/A;No;N/A;No;Sí;N/A;Sí;Sí;N/A;No;N/A;N/A;No;No;N/A;N/A;Sí;N/A;5;1.0;Nafta;Manual;Hatchback;"Autos y camionetas";Sí;N/A;N/A;N/A;No;N/A;N/A;N/A;Sí;N/A;Sí;N/A;N/A;N/A;N/A;N/A;N/A;N/A;N/A;N/A;N/A;N/A;N/A;N/A;No;N/A;N/A;N/A;N/A;N/A;N/A;N/A;N/A;N/A;N/A;N/A;N/A;N/A;N/A;N/A;N/A;N/A;N/A;Sí;N/A;N/A;N/A;N/A;N/A;N/A;N/A;N/A;N/A;N/A;N/A;N/A;N/A;N/A;N/A;N/A;N/A;Sí;No;N/A;N/A;N/A;N/A;N/A;N/A;N/A;N/A;N/A;N/A;N/A;N/A;N/A;N/A;N/A;N/A;N/A;N/A;N/A;N/A;N/A;N/A;N/A;N/A;N/A;N/A;N/A;N/A;N/A;N/A;N/A;N/A;No;Sí;No;No;N/A;Sí;N/A;N/A;N/A;N/A;Sí;No;Sí;Sí;N/A;N/A;Sí;No;Sí;Sí;Sí;Sí;Sí;No;Sí;N/A;N/A
Renault;Fluence;"2.0 Privilege Mt";2013;"130000 km";;GLMOTORSAUTOMOTORA;12500;;;;;"Brazo Oriental";https://auto.mercadolibre.com.uy/MLU-647121921-renault-fluence-gl-motors-financiamos-100-en-pesos-_JM;N/A;;"Renault Fluence ((gl Motors)) Financiamos 100% En Pesos";usd;Sí;gold_premium;false;N/A;N/A;http://perfil.mercadolibre.com.uy/GLMOTORSAUTOMOTORA;active;N/A;N/A;Usado;Celeste;N/A;Eléctrica;Delantera;N/A;N/A;Sí;N/A;N/A;N/A;N/A;N/A;Sí;N/A;N/A;N/A;N/A;N/A;N/A;N/A;N/A;N/A;N/A;N/A;N/A;N/A;N/A;N/A;N/A;"2700 mm";"2 L";"60 L";6;N/A;N/A;N/A;N/A;N/A;N/A;N/A;N/A;N/A;Sí;N/A;N/A;N/A;N/A;N/A;N/A;N/A;N/A;N/A;N/A;N/A;N/A;N/A;N/A;N/A;N/A;N/A;N/A;N/A;N/A;N/A;N/A;N/A;Sí;Sí;Sí;N/A;N/A;N/A;N/A;N/A;N/A;N/A;N/A;N/A;"1479 mm";"4618 mm";N/A;N/A;N/A;N/A;5;"143 hp";Privilege;N/A;4;"1810 mm";"11 km/l";Sí;N/A;N/A;Sí;N/A;N/A;Sí;N/A;N/A;N/A;"6.2 km/l";N/A;N/A;N/A;N/A;N/A;N/A;4;2.0;Nafta;Manual;Sedán;"Autos y camionetas";N/A;N/A;N/A;N/A;N/A;N/A;UY;N/A;N/A;N/A;N/A;N/A;N/A;N/A;N/A;N/A;N/A;N/A;N/A;N/A;N/A;N/A;N/A;N/A;N/A;N/A;N/A;N/A;N/A;N/A;N/A;N/A;N/A;N/A;N/A;N/A;N/A;N/A;N/A;N/A;N/A;N/A;N/A;N/A;N/A;N/A;N/A;N/A;N/A;N/A;N/A;N/A;N/A;N/A;N/A;N/A;N/A;N/A;N/A;N/A;N/A;N/A;N/A;N/A;N/A;N/A;N/A;N/A;N/A;N/A;N/A;N/A;N/A;N/A;N/A;N/A;N/A;N/A;N/A;N/A;N/A;N/A;N/A;N/A;N/A;N/A;N/A;N/A;N/A;N/A;N/A;N/A;N/A;N/A;N/A;N/A;N/A;N/A;N/A;N/A;N/A;N/A;N/A;N/A;N/A;N/A;Sí;N/A;N/A;N/A;N/A;N/A;Sí;N/A;N/A;N/A;N/A;N/A;N/A;Sí;N/A;N/A
Renault;Oroch;Expression;2018;"123000 km";;PAKAUTOMOVILES;15500;;;;;Malvin;https://auto.mercadolibre.com.uy/MLU-647108199-renault-oroch-expression-16-_JM;N/A;;"Renault Oroch Expression 1.6";USD;Sí;gold_premium;false;N/A;N/A;http://perfil.mercadolibre.com.uy/PAKAUTOMOVILES;active;N/A;N/A;Usado;Negro;N/A;Hidráulica;Delantera;N/A;N/A;N/A;N/A;N/A;N/A;N/A;N/A;N/A;N/A;N/A;N/A;N/A;N/A;N/A;N/A;N/A;N/A;N/A;N/A;N/A;N/A;N/A;N/A;N/A;N/A;N/A;N/A;N/A;N/A;N/A;N/A;N/A;N/A;N/A;N/A;N/A;N/A;N/A;N/A;N/A;N/A;N/A;N/A;N/A;N/A;N/A;N/A;N/A;N/A;N/A;N/A;N/A;N/A;N/A;N/A;N/A;N/A;N/A;N/A;N/A;N/A;N/A;N/A;N/A;N/A;N/A;N/A;N/A;N/A;N/A;N/A;N/A;N/A;N/A;N/A;N/A;N/A;N/A;N/A;N/A;N/A;N/A;N/A;N/A;N/A;N/A;N/A;N/A;N/A;N/A;N/A;N/A;N/A;N/A;N/A;N/A;N/A;N/A;N/A;N/A;N/A;N/A;N/A;5;1600;Nafta;Manual;Pick-Up;"Autos y camionetas";N/A;N/A;N/A;N/A;N/A;N/A;N/A;N/A;Sí;N/A;Sí;N/A;N/A;N/A;N/A;N/A;N/A;N/A;N/A;N/A;N/A;N/A;N/A;N/A;N/A;N/A;N/A;N/A;N/A;N/A;N/A;N/A;N/A;N/A;N/A;N/A;N/A;N/A;N/A;N/A;N/A;N/A;N/A;N/A;N/A;N/A;N/A;N/A;N/A;N/A;N/A;N/A;N/A;N/A;N/A;N/A;N/A;N/A;N/A;N/A;N/A;N/A;N/A;N/A;N/A;N/A;N/A;N/A;N/A;N/A;N/A;N/A;N/A;N/A;N/A;N/A;N/A;N/A;N/A;N/A;N/A;N/A;N/A;N/A;N/A;N/A;N/A;N/A;N/A;N/A;N/A;N/A;N/A;N/A;N/A;N/A;N/A;N/A;N/A;N/A;N/A;N/A;N/A;N/A;N/A;N/A;N/A;N/A;N/A;N/A;N/A;N/A;N/A;N/A;N/A;N/A;N/A;N/A;N/A;N/A;N/A;N/A
Renault;Kwid;"1.0 Sce 66cv Life";2021;"48500 km";;"USADOS FIDOCAR";12490;;;;;Centro;https://auto.mercadolibre.com.uy/MLU-702523670-renault-kwid-2021-_JM;N/A;;"Renault Kwid 2021";usd;Sí;gold_premium;false;N/A;N/A;http://perfil.mercadolibre.com.uy/USADOS+FIDOCAR;active;N/A;N/A;Usado;Rojo;N/A;N/A;Delantera;N/A;N/A;Sí;N/A;N/A;N/A;N/A;N/A;N/A;N/A;N/A;N/A;N/A;N/A;N/A;N/A;N/A;N/A;N/A;N/A;N/A;N/A;N/A;N/A;N/A;"2423 mm";"1 L";"50 L";5;N/A;N/A;N/A;N/A;N/A;N/A;N/A;N/A;N/A;N/A;N/A;N/A;N/A;N/A;N/A;N/A;N/A;N/A;N/A;N/A;N/A;N/A;N/A;N/A;N/A;N/A;N/A;N/A;N/A;N/A;N/A;N/A;N/A;N/A;N/A;N/A;N/A;N/A;N/A;N/A;N/A;N/A;N/A;N/A;N/A;"1474 mm";"3680 mm";N/A;N/A;N/A;N/A;5;"66 hp";Life;N/A;4;"1752 mm";N/A;N/A;N/A;N/A;N/A;N/A;N/A;N/A;N/A;N/A;N/A;N/A;N/A;N/A;N/A;N/A;N/A;"Lunes a Viernes de 10 a 18hs";5;1.0;Nafta;Manual;Hatchback;"Autos y camionetas";N/A;N/A;N/A;N/A;N/A;N/A;UY;N/A;N/A;N/A;N/A;N/A;N/A;N/A;N/A;N/A;N/A;N/A;N/A;N/A;N/A;N/A;N/A;N/A;N/A;N/A;N/A;N/A;N/A;N/A;N/A;N/A;N/A;N/A;N/A;N/A;N/A;N/A;N/A;N/A;N/A;N/A;N/A;N/A;N/A;N/A;N/A;N/A;N/A;N/A;N/A;N/A;N/A;N/A;N/A;N/A;N/A;N/A;N/A;N/A;N/A;N/A;N/A;N/A;N/A;N/A;N/A;N/A;N/A;N/A;N/A;N/A;N/A;N/A;N/A;N/A;N/A;N/A;N/A;N/A;N/A;N/A;N/A;N/A;N/A;N/A;N/A;N/A;N/A;N/A;N/A;N/A;N/A;N/A;N/A;N/A;N/A;N/A;N/A;N/A;N/A;N/A;N/A;N/A;N/A;N/A;N/A;N/A;N/A;N/A;N/A;N/A;N/A;N/A;N/A;N/A;N/A;N/A;N/A;N/A;N/A;N/A
Renault;Master;"2.3 L3h2 Minibus";2018;"100000 km";;GLMOTORSAUTOMOTORA;30990;;;;;"Brazo Oriental";https://auto.mercadolibre.com.uy/MLU-700747054-renault-master-9-pasajeros-gl-motors-financiamos-100-_JM;N/A;;"Renault Master 9 Pasajeros ((gl Motors)) Financiamos 100% ";usd;Sí;gold_premium;false;N/A;N/A;http://perfil.mercadolibre.com.uy/GLMOTORSAUTOMOTORA;active;N/A;N/A;Usado;Blanco;N/A;Hidráulica;Delantera;Sí;N/A;N/A;N/A;N/A;N/A;N/A;N/A;N/A;N/A;N/A;N/A;N/A;N/A;N/A;N/A;N/A;N/A;N/A;N/A;N/A;N/A;N/A;N/A;N/A;"3578 mm";"2.3 L";"80 L";6;N/A;N/A;N/A;N/A;N/A;N/A;N/A;N/A;N/A;N/A;N/A;N/A;N/A;N/A;N/A;N/A;N/A;N/A;N/A;N/A;N/A;N/A;N/A;N/A;N/A;N/A;N/A;N/A;N/A;N/A;N/A;N/A;N/A;N/A;N/A;N/A;N/A;N/A;N/A;N/A;N/A;N/A;N/A;N/A;N/A;"2496 mm";"6198 mm";N/A;N/A;N/A;N/A;16;"130 hp";2.3;N/A;4;"1990 mm";N/A;N/A;N/A;N/A;N/A;N/A;N/A;N/A;N/A;N/A;N/A;N/A;N/A;N/A;N/A;N/A;N/A;N/A;4;2.3;Diésel;Manual;N/A;"Autos y camionetas";N/A;N/A;N/A;N/A;N/A;N/A;UY;N/A;N/A;N/A;N/A;N/A;N/A;N/A;N/A;N/A;N/A;N/A;N/A;N/A;N/A;N/A;N/A;N/A;N/A;N/A;N/A;N/A;N/A;N/A;N/A;N/A;N/A;N/A;N/A;N/A;N/A;N/A;N/A;N/A;N/A;N/A;N/A;N/A;N/A;N/A;N/A;N/A;N/A;N/A;N/A;N/A;N/A;N/A;N/A;N/A;N/A;N/A;N/A;N/A;N/A;N/A;N/A;N/A;N/A;N/A;N/A;N/A;N/A;N/A;N/A;N/A;N/A;N/A;N/A;N/A;N/A;N/A;N/A;N/A;N/A;N/A;N/A;N/A;N/A;N/A;N/A;N/A;N/A;N/A;N/A;N/A;N/A;N/A;N/A;N/A;N/A;N/A;N/A;N/A;N/A;N/A;N/A;N/A;N/A;N/A;N/A;N/A;N/A;N/A;N/A;N/A;N/A;N/A;N/A;N/A;N/A;N/A;N/A;N/A;N/A;N/A
Renault;Kwid;"1.0 Sce 66cv Intense";2022;"15000 km";;CARLINEAUTOMÓVILES;12800;;;;;Malvin;https://auto.mercadolibre.com.uy/MLU-700442908-renault-kwid-10-intense-_JM;N/A;;"Renault Kwid 1.0 Intense ";usd;Sí;gold_premium;false;N/A;N/A;http://perfil.mercadolibre.com.uy/CARLINEAUTOM%C3%93VILES;active;N/A;N/A;Usado;Blanco;N/A;N/A;Delantera;N/A;N/A;Sí;N/A;N/A;N/A;N/A;N/A;N/A;N/A;N/A;N/A;N/A;N/A;N/A;N/A;N/A;N/A;N/A;N/A;N/A;N/A;N/A;N/A;N/A;"2423 mm";"1 L";"50 L";5;N/A;N/A;N/A;N/A;N/A;N/A;N/A;N/A;N/A;N/A;N/A;N/A;N/A;N/A;N/A;N/A;N/A;N/A;N/A;N/A;N/A;N/A;N/A;N/A;N/A;N/A;N/A;N/A;N/A;N/A;N/A;N/A;N/A;N/A;N/A;N/A;N/A;N/A;N/A;N/A;N/A;N/A;N/A;N/A;N/A;"1474 mm";"3680 mm";N/A;N/A;N/A;N/A;5;"66 hp";Intense;N/A;4;"1752 mm";N/A;N/A;N/A;N/A;N/A;N/A;N/A;N/A;N/A;N/A;N/A;N/A;N/A;N/A;N/A;N/A;N/A;N/A;5;1.0;Nafta;Manual;Hatchback;"Autos y camionetas";N/A;N/A;N/A;N/A;N/A;N/A;UY;N/A;N/A;N/A;N/A;N/A;N/A;N/A;N/A;N/A;N/A;N/A;N/A;N/A;N/A;N/A;N/A;N/A;N/A;N/A;N/A;N/A;N/A;N/A;N/A;N/A;N/A;N/A;N/A;N/A;N/A;N/A;N/A;N/A;N/A;N/A;N/A;N/A;N/A;N/A;N/A;N/A;N/A;N/A;N/A;N/A;N/A;N/A;N/A;N/A;N/A;N/A;N/A;N/A;N/A;N/A;N/A;N/A;N/A;N/A;N/A;N/A;N/A;N/A;N/A;N/A;N/A;N/A;N/A;N/A;N/A;N/A;N/A;N/A;N/A;N/A;N/A;N/A;N/A;N/A;N/A;N/A;N/A;N/A;N/A;N/A;N/A;N/A;N/A;N/A;N/A;N/A;N/A;N/A;N/A;N/A;N/A;N/A;N/A;N/A;N/A;N/A;N/A;N/A;N/A;N/A;N/A;N/A;N/A;N/A;N/A;N/A;N/A;N/A;N/A;N/A
Renault;Logan;"1.6 Privilége 105cv";2016;"170000 km";;GLMOTORS3;10500;;;;;Cerrito;https://auto.mercadolibre.com.uy/MLU-698238304-renault-logan-16-gl-motors-financiamos-100-en-pesos-_JM;N/A;;"Renault Logan 1.6 ((gl Motors)) Financiamos 100% En Pesos ";usd;Sí;gold_premium;false;N/A;N/A;http://perfil.mercadolibre.com.uy/GLMOTORS3;active;N/A;N/A;Usado;Gris;N/A;Hidráulica;Delantera;N/A;N/A;N/A;N/A;N/A;N/A;N/A;N/A;N/A;N/A;N/A;N/A;N/A;N/A;N/A;N/A;N/A;N/A;N/A;N/A;N/A;N/A;N/A;N/A;N/A;"2635 mm";"1.6 L";"50 L";5;N/A;N/A;N/A;N/A;N/A;N/A;N/A;N/A;N/A;N/A;N/A;N/A;N/A;N/A;N/A;N/A;N/A;N/A;N/A;N/A;N/A;N/A;N/A;N/A;N/A;N/A;N/A;N/A;N/A;N/A;N/A;N/A;N/A;Sí;Sí;Sí;N/A;N/A;N/A;N/A;N/A;N/A;N/A;N/A;N/A;"1529 mm";"4350 mm";N/A;N/A;N/A;N/A;5;"105 hp";Privilege;N/A;4;"1733 mm";"11.8 km/l";N/A;N/A;N/A;N/A;N/A;N/A;Sí;N/A;N/A;N/A;"9.6 km/l";N/A;N/A;N/A;N/A;N/A;N/A;4;1.6;Nafta;Manual;Sedán;"Autos y camionetas";N/A;N/A;N/A;N/A;N/A;N/A;UY;N/A;N/A;N/A;N/A;N/A;N/A;N/A;N/A;N/A;N/A;N/A;N/A;N/A;N/A;N/A;N/A;N/A;N/A;N/A;N/A;N/A;N/A;N/A;N/A;N/A;N/A;N/A;N/A;N/A;N/A;N/A;N/A;N/A;N/A;N/A;N/A;N/A;N/A;N/A;N/A;N/A;N/A;N/A;N/A;N/A;N/A;N/A;N/A;N/A;N/A;N/A;N/A;N/A;N/A;N/A;N/A;N/A;N/A;N/A;N/A;N/A;N/A;N/A;N/A;N/A;N/A;N/A;N/A;N/A;N/A;N/A;N/A;N/A;N/A;N/A;N/A;N/A;N/A;N/A;N/A;N/A;N/A;N/A;N/A;N/A;N/A;N/A;N/A;N/A;N/A;N/A;N/A;N/A;N/A;N/A;N/A;N/A;N/A;N/A;N/A;N/A;N/A;N/A;N/A;N/A;N/A;N/A;N/A;N/A;N/A;N/A;N/A;N/A;N/A;N/A
Renault;Oroch;"intense outsider";2025;"0 km";;NISSANMOREIRA;25000;;;;;Pando;https://auto.mercadolibre.com.uy/MLU-695209402-renault-oroch-intense-outsider-16-tm-_JM;N/A;;"Renault Oroch Intense Outsider 1.6 T/m";USD;Sí;gold_premium;false;N/A;N/A;http://perfil.mercadolibre.com.uy/NISSANMOREIRA;active;N/A;N/A;Nuevo;Blanco;N/A;Hidráulica;Delantera;Sí;Sí;N/A;N/A;N/A;N/A;N/A;N/A;N/A;N/A;N/A;Sí;Sí;N/A;N/A;N/A;N/A;N/A;N/A;N/A;N/A;N/A;N/A;N/A;N/A;N/A;N/A;N/A;N/A;N/A;N/A;N/A;N/A;N/A;Sí;N/A;N/A;N/A;N/A;N/A;N/A;N/A;N/A;N/A;N/A;N/A;N/A;N/A;N/A;N/A;N/A;N/A;N/A;N/A;N/A;N/A;N/A;N/A;N/A;N/A;N/A;N/A;N/A;N/A;N/A;N/A;N/A;N/A;N/A;N/A;N/A;N/A;N/A;N/A;N/A;N/A;N/A;N/A;N/A;N/A;N/A;N/A;N/A;N/A;N/A;N/A;N/A;N/A;N/A;Sí;Sí;N/A;Sí;Sí;N/A;N/A;N/A;N/A;N/A;N/A;N/A;N/A;N/A;"lunes a lunes";5;1.6;Nafta;Manual;Pick-Up;"Autos y camionetas";N/A;N/A;N/A;N/A;N/A;N/A;N/A;N/A;Sí;N/A;Sí;N/A;N/A;N/A;N/A;N/A;N/A;N/A;N/A;N/A;N/A;N/A;N/A;N/A;Sí;N/A;N/A;N/A;N/A;N/A;N/A;N/A;N/A;N/A;N/A;N/A;N/A;N/A;N/A;N/A;N/A;N/A;N/A;Sí;N/A;N/A;N/A;N/A;N/A;N/A;N/A;N/A;N/A;N/A;N/A;N/A;N/A;N/A;N/A;N/A;N/A;Sí;N/A;N/A;N/A;N/A;N/A;N/A;N/A;N/A;N/A;N/A;N/A;N/A;N/A;N/A;N/A;N/A;N/A;N/A;N/A;N/A;N/A;N/A;N/A;N/A;N/A;N/A;N/A;N/A;N/A;N/A;N/A;N/A;N/A;N/A;Sí;Sí;Sí;N/A;Sí;N/A;N/A;N/A;N/A;Sí;N/A;N/A;Sí;N/A;N/A;Sí;Sí;Sí;Sí;N/A;Sí;N/A;N/A;Sí;N/A;Sí
Renault;Master;"L3h2 FURGON";2024;"0 km";;"MOREIRA AUTOMOVILES";45000;;;;;"Las Piedras";https://auto.mercadolibre.com.uy/MLU-694748590-renault-master-l3h2-furgon-_JM;N/A;;"Renault Master L3h2 Furgon";usd;Sí;gold_premium;false;N/A;N/A;http://perfil.mercadolibre.com.uy/MOREIRA+AUTOMOVILES;active;N/A;N/A;Nuevo;N/A;N/A;N/A;Delantera;Sí;N/A;N/A;N/A;N/A;N/A;N/A;N/A;N/A;N/A;N/A;N/A;N/A;N/A;N/A;N/A;N/A;N/A;N/A;N/A;N/A;N/A;N/A;N/A;N/A;"3578 mm";"2.3 L";"100 L";6;N/A;N/A;N/A;N/A;N/A;N/A;N/A;N/A;N/A;N/A;N/A;N/A;N/A;N/A;N/A;N/A;N/A;N/A;N/A;N/A;N/A;N/A;N/A;N/A;N/A;N/A;N/A;N/A;N/A;N/A;N/A;N/A;N/A;N/A;N/A;N/A;N/A;N/A;N/A;N/A;N/A;N/A;N/A;N/A;N/A;"2496 mm";"6198 mm";N/A;N/A;N/A;N/A;3;"130 hp";2.3;N/A;4;"1990 mm";N/A;N/A;N/A;N/A;N/A;N/A;N/A;N/A;N/A;N/A;N/A;N/A;N/A;N/A;N/A;N/A;N/A;N/A;4;2.3;Diésel;Manual;Furgón;"Autos y camionetas";N/A;N/A;N/A;N/A;N/A;N/A;UY;N/A;N/A;N/A;N/A;N/A;N/A;N/A;N/A;N/A;N/A;N/A;N/A;N/A;N/A;N/A;N/A;N/A;N/A;N/A;N/A;N/A;N/A;N/A;N/A;N/A;N/A;N/A;N/A;N/A;N/A;N/A;N/A;N/A;N/A;N/A;N/A;N/A;N/A;N/A;N/A;N/A;N/A;N/A;N/A;N/A;N/A;N/A;N/A;N/A;N/A;N/A;N/A;N/A;N/A;N/A;N/A;N/A;N/A;N/A;N/A;N/A;N/A;N/A;N/A;N/A;N/A;N/A;N/A;N/A;N/A;N/A;N/A;N/A;N/A;N/A;N/A;N/A;N/A;N/A;N/A;N/A;N/A;N/A;N/A;N/A;N/A;N/A;N/A;N/A;N/A;N/A;N/A;N/A;N/A;N/A;N/A;N/A;N/A;N/A;N/A;N/A;N/A;N/A;N/A;N/A;N/A;N/A;N/A;N/A;N/A;N/A;N/A;N/A;N/A;N/A
Renault;Master;"2.3 L3h2 Minibus";2024;"0 km";;"MOREIRA AUTOMOVILES";53000;;;;;"Las Piedras";https://auto.mercadolibre.com.uy/MLU-694683686-renault-master-2024-23-l3h2-minibus-_JM;N/A;;"Renault Master 2024 2.3 L3h2 Minibus";usd;Sí;gold_premium;false;N/A;N/A;http://perfil.mercadolibre.com.uy/MOREIRA+AUTOMOVILES;active;N/A;N/A;Nuevo;N/A;N/A;N/A;Delantera;Sí;N/A;N/A;N/A;N/A;N/A;N/A;N/A;N/A;N/A;N/A;N/A;N/A;N/A;N/A;N/A;N/A;N/A;N/A;N/A;N/A;N/A;N/A;N/A;N/A;"3578 mm";"2.3 L";"80 L";6;N/A;N/A;N/A;N/A;N/A;N/A;N/A;N/A;N/A;N/A;N/A;N/A;N/A;N/A;N/A;N/A;N/A;N/A;N/A;N/A;N/A;N/A;N/A;N/A;N/A;N/A;N/A;N/A;N/A;N/A;N/A;N/A;N/A;N/A;N/A;N/A;N/A;N/A;N/A;N/A;N/A;N/A;N/A;N/A;N/A;"2496 mm";"6198 mm";N/A;N/A;N/A;N/A;16;"130 hp";2.3;N/A;4;"1990 mm";N/A;N/A;N/A;N/A;N/A;N/A;N/A;N/A;N/A;N/A;N/A;N/A;N/A;N/A;N/A;N/A;N/A;N/A;4;2.3;Diésel;Manual;N/A;"Autos y camionetas";N/A;N/A;N/A;N/A;N/A;N/A;UY;N/A;N/A;N/A;N/A;N/A;N/A;N/A;N/A;N/A;N/A;N/A;N/A;N/A;N/A;N/A;N/A;N/A;N/A;N/A;N/A;N/A;N/A;N/A;N/A;N/A;N/A;N/A;N/A;N/A;N/A;N/A;N/A;N/A;N/A;N/A;N/A;N/A;N/A;N/A;N/A;N/A;N/A;N/A;N/A;N/A;N/A;N/A;N/A;N/A;N/A;N/A;N/A;N/A;N/A;N/A;N/A;N/A;N/A;N/A;N/A;N/A;N/A;N/A;N/A;N/A;N/A;N/A;N/A;N/A;N/A;N/A;N/A;N/A;N/A;N/A;N/A;N/A;N/A;N/A;N/A;N/A;N/A;N/A;N/A;N/A;N/A;N/A;N/A;N/A;N/A;N/A;N/A;N/A;N/A;N/A;N/A;N/A;N/A;N/A;N/A;N/A;N/A;N/A;N/A;N/A;N/A;N/A;N/A;N/A;N/A;N/A;N/A;N/A;N/A;N/A
Renault;"Duster Oroch";4x4;2025;"0 km";;OSCARPISANOAUTOMOVILES;30000;;;;;Prado;https://auto.mercadolibre.com.uy/MLU-690943900-renault-oroch-4x4-13-0km-_JM;N/A;;"Renault Oroch 4x4 1.3 0km";USD;Sí;gold_premium;false;N/A;N/A;http://perfil.mercadolibre.com.uy/OSCARPISANOAUTOMOVILES;active;N/A;N/A;Nuevo;"Gris oscuro";N/A;Eléctrica;N/A;Sí;Sí;Sí;N/A;Sí;N/A;Sí;Sí;N/A;Sí;N/A;Sí;Sí;N/A;N/A;N/A;N/A;N/A;N/A;N/A;N/A;N/A;N/A;N/A;N/A;N/A;"1300 cc";N/A;6;N/A;N/A;Sí;Sí;Sí;Sí;N/A;N/A;N/A;N/A;N/A;N/A;N/A;N/A;N/A;N/A;N/A;N/A;N/A;N/A;N/A;N/A;N/A;Sí;N/A;Sí;N/A;N/A;N/A;Sí;N/A;N/A;N/A;N/A;N/A;N/A;N/A;N/A;N/A;N/A;N/A;N/A;N/A;N/A;N/A;N/A;N/A;N/A;N/A;N/A;N/A;N/A;"156 hp";N/A;N/A;N/A;N/A;"10 km/l";N/A;N/A;Sí;Sí;Sí;Sí;Sí;N/A;N/A;N/A;"14 km/l";N/A;Sí;Sí;Sí;N/A;"Lun. a Sáb. de 9:30 a 18:30 hs. Dom. de 9:30 a 13 hs";4;1.3;Nafta;Manual;Pick-Up;"Autos y camionetas";No;N/A;N/A;N/A;No;N/A;N/A;No;Sí;No;No;N/A;N/A;N/A;N/A;N/A;N/A;N/A;N/A;N/A;N/A;N/A;N/A;N/A;N/A;N/A;N/A;N/A;N/A;N/A;N/A;N/A;N/A;N/A;N/A;N/A;N/A;N/A;N/A;N/A;N/A;N/A;N/A;Sí;N/A;N/A;N/A;N/A;N/A;N/A;N/A;N/A;N/A;N/A;N/A;N/A;N/A;N/A;N/A;N/A;N/A;Sí;No;N/A;N/A;N/A;N/A;N/A;N/A;N/A;N/A;N/A;N/A;N/A;N/A;N/A;N/A;N/A;N/A;N/A;N/A;N/A;N/A;N/A;N/A;N/A;N/A;N/A;N/A;N/A;N/A;N/A;N/A;N/A;N/A;N/A;Sí;Sí;Sí;N/A;Sí;Sí;Sí;N/A;Sí;Sí;Sí;N/A;N/A;N/A;N/A;Sí;N/A;N/A;N/A;N/A;Sí;N/A;N/A;N/A;N/A;N/A
Renault;Kwid;"1.0 Sce 66cv Zen";2024;"0 km";;MOREIRAPANDO24;14800;;;;;Pando;https://auto.mercadolibre.com.uy/MLU-687377588-renault-kwid-2024-10-sce-66cv-zen-_JM;N/A;;"Renault Kwid 2024 1.0 Sce 66cv Zen";usd;Sí;gold_premium;false;N/A;N/A;http://perfil.mercadolibre.com.uy/MOREIRAPANDO24;active;N/A;N/A;Nuevo;Azul;N/A;N/A;Delantera;N/A;N/A;Sí;N/A;N/A;N/A;N/A;N/A;N/A;N/A;N/A;N/A;N/A;N/A;N/A;N/A;N/A;N/A;N/A;N/A;N/A;N/A;N/A;N/A;N/A;"2423 mm";"1 L";"50 L";5;N/A;N/A;N/A;N/A;N/A;N/A;N/A;N/A;N/A;N/A;N/A;N/A;N/A;N/A;N/A;N/A;N/A;N/A;N/A;N/A;N/A;N/A;N/A;N/A;N/A;N/A;N/A;N/A;N/A;N/A;N/A;N/A;N/A;N/A;N/A;N/A;N/A;N/A;N/A;N/A;N/A;N/A;N/A;N/A;N/A;"1474 mm";"3680 mm";N/A;N/A;N/A;N/A;5;"66 hp";Zen;N/A;4;"1752 mm";N/A;N/A;N/A;N/A;N/A;N/A;N/A;N/A;N/A;N/A;N/A;N/A;N/A;N/A;N/A;N/A;N/A;N/A;5;1.0;Nafta;Manual;Hatchback;"Autos y camionetas";N/A;N/A;N/A;N/A;N/A;N/A;UY;N/A;N/A;N/A;N/A;N/A;N/A;N/A;N/A;N/A;N/A;N/A;N/A;N/A;N/A;N/A;N/A;N/A;N/A;N/A;N/A;N/A;N/A;N/A;N/A;N/A;N/A;N/A;N/A;N/A;N/A;N/A;N/A;N/A;N/A;N/A;N/A;N/A;N/A;N/A;N/A;N/A;N/A;N/A;N/A;N/A;N/A;N/A;N/A;N/A;N/A;N/A;N/A;N/A;N/A;N/A;N/A;N/A;N/A;N/A;N/A;N/A;N/A;N/A;N/A;N/A;N/A;N/A;N/A;N/A;N/A;N/A;N/A;N/A;N/A;N/A;N/A;N/A;N/A;N/A;N/A;N/A;N/A;N/A;N/A;N/A;N/A;N/A;N/A;N/A;N/A;N/A;N/A;N/A;N/A;N/A;N/A;N/A;N/A;N/A;N/A;N/A;N/A;N/A;N/A;N/A;N/A;N/A;N/A;N/A;N/A;N/A;N/A;N/A;N/A;N/A
Renault;Master;"2.3 L1h1 Aa";2024;"0 km";;RURALAUTOMOTORA;37990;;;;;Trinidad;https://auto.mercadolibre.com.uy/MLU-677588426-renault-master-2024-23-l1h1-aa-_JM;N/A;;"Renault Master 2024 2.3 L1h1 Aa";usd;Sí;gold_premium;false;N/A;N/A;http://perfil.mercadolibre.com.uy/RURALAUTOMOTORA;active;N/A;N/A;Nuevo;N/A;N/A;N/A;Delantera;Sí;N/A;N/A;N/A;N/A;N/A;N/A;N/A;N/A;N/A;N/A;N/A;N/A;N/A;N/A;N/A;N/A;N/A;N/A;N/A;N/A;N/A;N/A;N/A;N/A;"3578 mm";"2.3 L";"100 L";6;N/A;N/A;N/A;N/A;N/A;N/A;N/A;N/A;N/A;N/A;N/A;N/A;N/A;N/A;N/A;N/A;N/A;N/A;N/A;N/A;N/A;N/A;N/A;N/A;N/A;N/A;N/A;N/A;N/A;N/A;N/A;N/A;N/A;N/A;N/A;N/A;N/A;N/A;N/A;N/A;N/A;N/A;N/A;N/A;N/A;"2303 mm";"5048 mm";N/A;N/A;N/A;N/A;3;"130 hp";2.3;N/A;4;"1990 mm";N/A;N/A;N/A;N/A;N/A;N/A;N/A;N/A;N/A;N/A;N/A;N/A;N/A;N/A;N/A;N/A;N/A;N/A;3;2.3;Diésel;Manual;Furgón;"Autos y camionetas";N/A;N/A;N/A;N/A;N/A;N/A;UY;N/A;N/A;N/A;N/A;N/A;N/A;N/A;N/A;N/A;N/A;N/A;N/A;N/A;N/A;N/A;N/A;N/A;N/A;N/A;N/A;N/A;N/A;N/A;N/A;N/A;N/A;N/A;N/A;N/A;N/A;N/A;N/A;N/A;N/A;N/A;N/A;N/A;N/A;N/A;N/A;N/A;N/A;N/A;N/A;N/A;N/A;N/A;N/A;N/A;N/A;N/A;N/A;N/A;N/A;N/A;N/A;N/A;N/A;N/A;N/A;N/A;N/A;N/A;N/A;N/A;N/A;N/A;N/A;N/A;N/A;N/A;N/A;N/A;N/A;N/A;N/A;N/A;N/A;N/A;N/A;N/A;N/A;N/A;N/A;N/A;N/A;N/A;N/A;N/A;N/A;N/A;N/A;N/A;N/A;N/A;N/A;N/A;N/A;N/A;N/A;N/A;N/A;N/A;N/A;N/A;N/A;N/A;N/A;N/A;N/A;N/A;N/A;N/A;N/A;N/A
Renault;"Duster Oroch";Cargo;2024;"0 km";;NISSANMOREIRA;21000;;;;;Pando;https://auto.mercadolibre.com.uy/MLU-677356510-renault-oroch-cargo-16-_JM;N/A;;"Renault Oroch Cargo 1.6";USD;Sí;gold_premium;false;N/A;N/A;http://perfil.mercadolibre.com.uy/NISSANMOREIRA;active;N/A;N/A;Nuevo;Blanco;N/A;Hidráulica;Delantera;N/A;Sí;N/A;N/A;N/A;N/A;N/A;N/A;N/A;N/A;N/A;N/A;N/A;N/A;N/A;N/A;N/A;N/A;N/A;N/A;N/A;N/A;N/A;N/A;N/A;N/A;N/A;N/A;N/A;N/A;N/A;N/A;N/A;N/A;N/A;N/A;N/A;N/A;N/A;N/A;N/A;N/A;N/A;N/A;N/A;N/A;N/A;N/A;N/A;N/A;N/A;N/A;N/A;N/A;N/A;N/A;N/A;N/A;N/A;N/A;N/A;N/A;N/A;N/A;N/A;N/A;N/A;N/A;N/A;N/A;N/A;N/A;N/A;N/A;N/A;N/A;N/A;N/A;N/A;N/A;N/A;N/A;N/A;N/A;N/A;N/A;N/A;N/A;N/A;N/A;N/A;N/A;Sí;N/A;N/A;N/A;N/A;N/A;N/A;N/A;N/A;N/A;N/A;"lunes a lunes";5;1.6;Nafta;Manual;Pick-Up;"Autos y camionetas";N/A;N/A;N/A;N/A;N/A;N/A;N/A;N/A;Sí;N/A;Sí;N/A;N/A;N/A;N/A;N/A;N/A;N/A;N/A;N/A;N/A;N/A;N/A;N/A;N/A;N/A;N/A;N/A;N/A;N/A;N/A;N/A;N/A;N/A;N/A;N/A;N/A;N/A;N/A;N/A;N/A;N/A;N/A;Sí;N/A;N/A;N/A;N/A;N/A;N/A;N/A;N/A;N/A;N/A;N/A;N/A;N/A;N/A;N/A;N/A;N/A;Sí;N/A;N/A;N/A;N/A;N/A;N/A;N/A;N/A;N/A;N/A;N/A;N/A;N/A;N/A;N/A;N/A;N/A;N/A;N/A;N/A;N/A;N/A;N/A;N/A;N/A;N/A;N/A;N/A;N/A;N/A;N/A;N/A;N/A;N/A;Sí;N/A;N/A;N/A;Sí;N/A;N/A;N/A;N/A;Sí;N/A;N/A;N/A;N/A;N/A;Sí;N/A;Sí;Sí;N/A;Sí;N/A;N/A;Sí;N/A;Sí
Renault;Kangoo;Comfort;2024;"0 km";;NISSANMOREIRA;24500;;;;;Pando;https://auto.mercadolibre.com.uy/MLU-638028181-renault-kangoo-confort-5p-_JM;N/A;;"Renault Kangoo Confort 5p";USD;Sí;gold_premium;false;N/A;N/A;http://perfil.mercadolibre.com.uy/NISSANMOREIRA;active;N/A;N/A;Nuevo;Blanco;N/A;Hidráulica;Delantera;Sí;Sí;N/A;N/A;N/A;N/A;N/A;N/A;No;N/A;N/A;Sí;Sí;N/A;N/A;N/A;N/A;N/A;N/A;N/A;N/A;N/A;N/A;N/A;N/A;N/A;N/A;N/A;N/A;N/A;N/A;N/A;N/A;N/A;N/A;N/A;N/A;N/A;N/A;N/A;N/A;N/A;N/A;N/A;N/A;N/A;N/A;N/A;N/A;N/A;N/A;N/A;N/A;N/A;N/A;N/A;N/A;N/A;N/A;N/A;N/A;N/A;N/A;N/A;N/A;N/A;N/A;N/A;N/A;N/A;N/A;N/A;N/A;N/A;N/A;N/A;N/A;N/A;N/A;N/A;N/A;N/A;N/A;N/A;N/A;N/A;N/A;N/A;N/A;N/A;Sí;N/A;Sí;Sí;N/A;N/A;N/A;N/A;N/A;N/A;N/A;N/A;N/A;"lunes a lunes";5;1.6;Nafta;Manual;Rural;"Autos y camionetas";N/A;N/A;N/A;N/A;N/A;N/A;N/A;N/A;Sí;N/A;Sí;N/A;N/A;N/A;N/A;N/A;N/A;N/A;N/A;N/A;N/A;N/A;N/A;N/A;Sí;N/A;N/A;N/A;N/A;N/A;N/A;N/A;N/A;N/A;N/A;N/A;N/A;N/A;N/A;N/A;N/A;N/A;N/A;Sí;N/A;N/A;N/A;N/A;N/A;N/A;N/A;N/A;N/A;N/A;N/A;N/A;N/A;N/A;N/A;N/A;N/A;Sí;N/A;N/A;N/A;N/A;N/A;N/A;N/A;N/A;N/A;N/A;N/A;N/A;N/A;N/A;N/A;N/A;N/A;N/A;N/A;N/A;N/A;N/A;N/A;N/A;N/A;N/A;N/A;N/A;N/A;N/A;N/A;N/A;N/A;N/A;Sí;N/A;N/A;N/A;Sí;N/A;N/A;N/A;N/A;Sí;N/A;N/A;N/A;N/A;N/A;Sí;N/A;Sí;Sí;Sí;Sí;N/A;N/A;Sí;N/A;Sí
Renault;"Duster Oroch";"outsider 1.3";2024;"0 km";;NISSANMOREIRA;28000;;;;;Pando;https://auto.mercadolibre.com.uy/MLU-637013415-renault-oroch-outsider-13-cvt-_JM;N/A;;"Renault Oroch Outsider 1.3 Cvt";usd;Sí;gold_premium;false;N/A;N/A;http://perfil.mercadolibre.com.uy/NISSANMOREIRA;active;N/A;N/A;Nuevo;Rojo;N/A;Hidráulica;Delantera;Sí;Sí;Sí;N/A;N/A;N/A;N/A;N/A;N/A;N/A;N/A;Sí;Sí;N/A;N/A;N/A;N/A;N/A;N/A;N/A;N/A;N/A;N/A;N/A;N/A;"2829 mm";"1.6 L";"50 L";5;N/A;N/A;N/A;N/A;N/A;Sí;N/A;N/A;N/A;N/A;N/A;N/A;N/A;N/A;N/A;N/A;N/A;N/A;N/A;N/A;N/A;N/A;N/A;N/A;N/A;N/A;N/A;N/A;N/A;N/A;N/A;N/A;N/A;N/A;N/A;N/A;N/A;N/A;N/A;N/A;N/A;N/A;N/A;N/A;N/A;"1683 mm";"4329 mm";N/A;N/A;N/A;N/A;5;"110 hp";Outsider;N/A;4;"1821 mm";"11.1 km/l";N/A;N/A;Sí;Sí;N/A;Sí;Sí;N/A;N/A;N/A;"10.4 km/l";N/A;N/A;N/A;N/A;N/A;"lunes a lunes";5;1.3;Nafta;"Automática secuencial";Pick-Up;"Autos y camionetas";N/A;N/A;N/A;N/A;N/A;N/A;UY;N/A;Sí;N/A;Sí;N/A;N/A;N/A;N/A;N/A;N/A;N/A;N/A;N/A;N/A;N/A;N/A;N/A;Sí;N/A;N/A;N/A;N/A;N/A;N/A;N/A;N/A;N/A;N/A;N/A;N/A;N/A;N/A;N/A;N/A;N/A;N/A;Sí;N/A;N/A;N/A;N/A;N/A;N/A;N/A;N/A;N/A;N/A;N/A;N/A;N/A;N/A;N/A;N/A;N/A;Sí;N/A;N/A;N/A;N/A;N/A;N/A;N/A;N/A;N/A;N/A;N/A;N/A;N/A;N/A;N/A;N/A;N/A;N/A;N/A;N/A;N/A;N/A;N/A;N/A;N/A;N/A;N/A;N/A;N/A;N/A;N/A;N/A;N/A;N/A;Sí;Sí;Sí;N/A;Sí;N/A;N/A;N/A;N/A;Sí;N/A;N/A;Sí;N/A;N/A;Sí;Sí;Sí;Sí;N/A;Sí;N/A;N/A;Sí;N/A;Sí
Renault;"Duster Oroch";"1.6 Sce Zen Mt";2023;"21000 km";;MCANADELL11;19890;;;;;Centro;https://auto.mercadolibre.com.uy/MLU-705260824-renault-duster-oroch-16-sce-zen-mt-_JM;N/A;;"Renault Duster Oroch 1.6 Sce Zen Mt";usd;Sí;gold_premium;false;N/A;N/A;http://perfil.mercadolibre.com.uy/MCANADELL11;active;N/A;N/A;Usado;Plateado;Sí;Hidráulica;4x2;Sí;N/A;N/A;N/A;N/A;N/A;N/A;N/A;N/A;N/A;N/A;Sí;Sí;N/A;N/A;N/A;N/A;N/A;N/A;N/A;N/A;N/A;N/A;N/A;N/A;"2829 mm";"1.6 L";"45 L";6;N/A;N/A;N/A;N/A;N/A;N/A;N/A;N/A;N/A;N/A;N/A;N/A;N/A;N/A;N/A;N/A;N/A;N/A;N/A;N/A;N/A;N/A;N/A;N/A;N/A;N/A;N/A;N/A;N/A;N/A;N/A;N/A;N/A;N/A;N/A;N/A;N/A;N/A;N/A;N/A;N/A;N/A;N/A;N/A;N/A;"1631 mm";"4700 mm";N/A;N/A;N/A;N/A;5;"112 hp";Zen;N/A;4;"1821 mm";N/A;N/A;N/A;N/A;Sí;N/A;N/A;Sí;N/A;N/A;N/A;N/A;N/A;N/A;N/A;N/A;N/A;N/A;4;1.6;Nafta;Manual;Pick-Up;"Autos y camionetas";N/A;N/A;N/A;N/A;N/A;N/A;UY;N/A;N/A;N/A;N/A;N/A;N/A;N/A;N/A;N/A;N/A;N/A;N/A;N/A;N/A;N/A;N/A;N/A;N/A;N/A;N/A;N/A;N/A;N/A;N/A;N/A;N/A;N/A;N/A;N/A;N/A;N/A;N/A;N/A;N/A;N/A;N/A;N/A;N/A;N/A;N/A;N/A;N/A;N/A;N/A;N/A;N/A;N/A;N/A;N/A;N/A;N/A;N/A;N/A;N/A;N/A;N/A;N/A;N/A;N/A;N/A;N/A;N/A;N/A;N/A;N/A;N/A;N/A;N/A;N/A;N/A;N/A;N/A;N/A;N/A;N/A;N/A;N/A;N/A;N/A;N/A;N/A;N/A;N/A;N/A;N/A;N/A;N/A;N/A;N/A;Sí;N/A;Sí;N/A;N/A;N/A;N/A;N/A;N/A;Sí;N/A;N/A;Sí;N/A;N/A;N/A;N/A;N/A;Sí;Sí;Sí;N/A;N/A;Sí;N/A;Sí
Renault;Kwid;"1.0 Sce 66cv Life";2020;"93171 km";;MOREIRAPANDO24;10490;;;;;Pando;https://auto.mercadolibre.com.uy/MLU-704306604-renault-kwid-life-_JM;N/A;;"Renault Kwid Life ";usd;Sí;gold_premium;false;N/A;N/A;http://perfil.mercadolibre.com.uy/MOREIRAPANDO24;active;N/A;N/A;Usado;Blanco;N/A;N/A;Delantera;Sí;N/A;Sí;N/A;N/A;N/A;N/A;N/A;N/A;N/A;N/A;N/A;N/A;N/A;N/A;N/A;N/A;N/A;N/A;N/A;N/A;N/A;N/A;N/A;N/A;"2423 mm";"1 L";"50 L";5;N/A;N/A;N/A;N/A;N/A;N/A;N/A;N/A;N/A;N/A;N/A;N/A;N/A;N/A;N/A;N/A;N/A;N/A;N/A;N/A;N/A;N/A;N/A;N/A;N/A;N/A;N/A;N/A;N/A;N/A;N/A;N/A;N/A;N/A;N/A;N/A;N/A;N/A;N/A;N/A;N/A;N/A;N/A;N/A;N/A;"1474 mm";"3680 mm";N/A;N/A;N/A;N/A;5;"66 hp";Life;N/A;4;"1752 mm";N/A;N/A;N/A;N/A;N/A;N/A;N/A;N/A;N/A;N/A;N/A;N/A;N/A;N/A;N/A;N/A;N/A;"Lunes a Viernes de 9 a 18.";5;1.0;Nafta;Manual;Hatchback;"Autos y camionetas";N/A;N/A;N/A;N/A;N/A;N/A;UY;N/A;Sí;N/A;N/A;N/A;N/A;N/A;N/A;N/A;N/A;N/A;N/A;N/A;N/A;N/A;N/A;N/A;N/A;N/A;N/A;N/A;N/A;N/A;N/A;N/A;N/A;N/A;N/A;N/A;N/A;N/A;N/A;N/A;N/A;N/A;N/A;N/A;N/A;N/A;N/A;N/A;N/A;N/A;N/A;N/A;N/A;N/A;N/A;N/A;N/A;N/A;N/A;N/A;N/A;N/A;N/A;N/A;N/A;N/A;N/A;N/A;N/A;N/A;N/A;N/A;N/A;N/A;N/A;N/A;N/A;N/A;N/A;N/A;N/A;N/A;N/A;N/A;N/A;N/A;N/A;N/A;N/A;N/A;N/A;N/A;N/A;N/A;N/A;N/A;N/A;N/A;N/A;N/A;Sí;N/A;N/A;N/A;N/A;Sí;N/A;N/A;N/A;N/A;N/A;N/A;N/A;N/A;Sí;N/A;Sí;N/A;N/A;N/A;N/A;N/A
Renault;"Duster Oroch";"1.6 Dynamique";2018;"112000 km";;"MOREIRA AUTOMOVILES";14390;;;;;"Las Piedras";https://auto.mercadolibre.com.uy/MLU-703709204-renault-duster-oroch-16-dynamique-_JM;N/A;;"Renault Duster Oroch 1.6 Dynamique";usd;Sí;gold_premium;false;N/A;N/A;http://perfil.mercadolibre.com.uy/MOREIRA+AUTOMOVILES;active;N/A;N/A;Usado;Gris;N/A;Hidráulica;4x2;N/A;N/A;Sí;N/A;N/A;N/A;N/A;N/A;N/A;N/A;N/A;N/A;N/A;N/A;N/A;N/A;N/A;N/A;N/A;N/A;N/A;N/A;N/A;N/A;N/A;"2829 mm";"1.6 L";"50 L";5;N/A;N/A;N/A;N/A;N/A;N/A;N/A;N/A;N/A;N/A;N/A;N/A;N/A;N/A;N/A;N/A;N/A;N/A;N/A;N/A;N/A;N/A;N/A;N/A;N/A;N/A;N/A;N/A;N/A;N/A;N/A;N/A;N/A;N/A;N/A;N/A;N/A;N/A;N/A;N/A;N/A;N/A;N/A;N/A;N/A;"1683 mm";"4329 mm";N/A;N/A;N/A;N/A;5;"110 hp";Dynamique;N/A;4;"1821 mm";"11.1 km/l";N/A;N/A;N/A;N/A;N/A;N/A;N/A;N/A;N/A;N/A;"10.4 km/l";N/A;N/A;N/A;N/A;N/A;N/A;4;1.6;Nafta;Manual;SUV;"Autos y camionetas";N/A;N/A;N/A;N/A;N/A;N/A;UY;N/A;N/A;N/A;N/A;N/A;N/A;N/A;N/A;N/A;N/A;N/A;N/A;N/A;N/A;N/A;N/A;N/A;N/A;N/A;N/A;N/A;N/A;N/A;N/A;N/A;N/A;N/A;N/A;N/A;N/A;N/A;N/A;N/A;N/A;N/A;N/A;N/A;N/A;N/A;N/A;N/A;N/A;N/A;N/A;N/A;N/A;N/A;N/A;N/A;N/A;N/A;N/A;N/A;N/A;N/A;N/A;N/A;N/A;N/A;N/A;N/A;N/A;N/A;N/A;N/A;N/A;N/A;N/A;N/A;N/A;N/A;N/A;N/A;N/A;N/A;N/A;N/A;N/A;N/A;N/A;N/A;N/A;N/A;N/A;N/A;N/A;N/A;N/A;N/A;N/A;N/A;N/A;N/A;N/A;N/A;N/A;N/A;N/A;N/A;N/A;N/A;N/A;N/A;N/A;N/A;N/A;N/A;N/A;N/A;N/A;N/A;N/A;N/A;N/A;N/A
Renault;Sandero;"1.6 Privilege 105cv";2018;"112000 km";;"USADOS FIDOCAR";11490;;;;;Centro;https://auto.mercadolibre.com.uy/MLU-702070386-renault-sandero-2018-_JM;N/A;;"Renault Sandero 2018 ";usd;Sí;gold_premium;false;N/A;N/A;http://perfil.mercadolibre.com.uy/USADOS+FIDOCAR;active;N/A;N/A;Usado;Gris;N/A;Hidráulica;Delantera;Sí;N/A;Sí;N/A;N/A;Sí;N/A;N/A;N/A;N/A;N/A;N/A;N/A;N/A;N/A;N/A;N/A;N/A;N/A;N/A;N/A;N/A;N/A;N/A;N/A;"2590 mm";"1.6 L";"50 L";5;N/A;N/A;N/A;N/A;N/A;N/A;N/A;N/A;N/A;N/A;N/A;N/A;N/A;N/A;N/A;N/A;N/A;N/A;N/A;N/A;N/A;N/A;N/A;N/A;N/A;N/A;N/A;N/A;N/A;N/A;N/A;N/A;N/A;N/A;N/A;N/A;N/A;N/A;N/A;N/A;N/A;N/A;N/A;N/A;N/A;"1536 mm";"4060 mm";N/A;N/A;N/A;N/A;5;"105 hp";Privilege;N/A;4;"1733 mm";"9.5 km/l";Sí;N/A;N/A;N/A;N/A;N/A;N/A;N/A;N/A;N/A;"5.7 km/l";N/A;N/A;N/A;N/A;N/A;"Lunes a Viernes de 10 a 18hs";5;1.6;Nafta;Manual;Hatchback;"Autos y camionetas";N/A;N/A;N/A;N/A;N/A;N/A;UY;N/A;N/A;N/A;N/A;N/A;N/A;N/A;N/A;N/A;N/A;N/A;N/A;N/A;N/A;N/A;N/A;N/A;N/A;N/A;N/A;N/A;N/A;N/A;N/A;N/A;N/A;N/A;N/A;N/A;N/A;N/A;N/A;N/A;N/A;N/A;N/A;N/A;N/A;N/A;N/A;N/A;N/A;N/A;N/A;N/A;N/A;N/A;N/A;N/A;N/A;N/A;N/A;N/A;N/A;N/A;N/A;N/A;N/A;N/A;N/A;N/A;N/A;N/A;N/A;N/A;N/A;N/A;N/A;N/A;N/A;N/A;N/A;N/A;N/A;N/A;N/A;N/A;N/A;N/A;N/A;N/A;N/A;N/A;N/A;N/A;N/A;N/A;N/A;N/A;N/A;N/A;N/A;N/A;N/A;N/A;N/A;N/A;N/A;N/A;N/A;N/A;N/A;N/A;N/A;N/A;N/A;N/A;N/A;N/A;N/A;Sí;N/A;N/A;N/A;N/A
Renault;Duster;"ICONIC PLUS OUTSIDER";2025;"0 km";;NISSANMOREIRA;31800;;;;;Pando;https://auto.mercadolibre.com.uy/MLU-699967166-renault-duster-_JM;N/A;;"Renault Duster";USD;Sí;gold_premium;false;N/A;N/A;http://perfil.mercadolibre.com.uy/NISSANMOREIRA;active;N/A;N/A;Nuevo;Blanco;N/A;Eléctrica;Delantera;Sí;Sí;N/A;N/A;N/A;N/A;N/A;N/A;Sí;N/A;N/A;Sí;Sí;N/A;Sí;N/A;N/A;N/A;N/A;N/A;N/A;N/A;N/A;N/A;N/A;N/A;N/A;N/A;N/A;N/A;N/A;N/A;N/A;N/A;N/A;N/A;N/A;N/A;N/A;N/A;N/A;N/A;N/A;N/A;N/A;N/A;N/A;N/A;N/A;N/A;N/A;N/A;N/A;N/A;N/A;N/A;N/A;N/A;N/A;N/A;N/A;N/A;N/A;N/A;N/A;N/A;N/A;N/A;N/A;N/A;N/A;N/A;N/A;N/A;N/A;N/A;N/A;N/A;N/A;N/A;N/A;N/A;N/A;N/A;N/A;N/A;N/A;N/A;N/A;N/A;Sí;N/A;Sí;Sí;N/A;N/A;N/A;N/A;N/A;N/A;N/A;N/A;N/A;"Lunes a Lunes";5;1.3T;Nafta;Automática;SUV;"Autos y camionetas";N/A;N/A;N/A;N/A;N/A;N/A;N/A;N/A;Sí;N/A;N/A;N/A;N/A;N/A;N/A;N/A;N/A;N/A;N/A;N/A;N/A;N/A;N/A;N/A;Sí;N/A;N/A;N/A;N/A;N/A;N/A;N/A;N/A;N/A;N/A;N/A;N/A;N/A;N/A;N/A;N/A;N/A;N/A;Sí;N/A;N/A;N/A;N/A;N/A;N/A;N/A;N/A;N/A;N/A;N/A;N/A;N/A;N/A;N/A;N/A;N/A;N/A;N/A;N/A;N/A;N/A;N/A;N/A;N/A;N/A;N/A;N/A;N/A;N/A;N/A;N/A;N/A;N/A;N/A;N/A;N/A;N/A;N/A;N/A;N/A;N/A;N/A;N/A;N/A;N/A;N/A;N/A;N/A;N/A;N/A;N/A;Sí;N/A;Sí;N/A;Sí;N/A;N/A;N/A;N/A;Sí;Sí;N/A;Sí;N/A;N/A;Sí;Sí;Sí;Sí;Sí;Sí;N/A;N/A;N/A;N/A;Sí
Renault;"Grand Captur";"2.0 Intens";2018;"97000 km";;EFINEGOCIOS;15990;;;;;"Brazo Oriental";https://auto.mercadolibre.com.uy/MLU-697886016-renault-captur-intens-_JM;N/A;;"Renault Captur Intens";usd;Sí;gold_premium;false;N/A;N/A;http://perfil.mercadolibre.com.uy/EFINEGOCIOS;active;N/A;N/A;Usado;Gris;N/A;Hidráulica;4x4;Sí;N/A;N/A;N/A;N/A;N/A;N/A;N/A;N/A;N/A;N/A;N/A;N/A;N/A;N/A;N/A;N/A;N/A;N/A;N/A;N/A;N/A;N/A;N/A;N/A;"2670 mm";"2 L";"45 L";N/A;N/A;N/A;N/A;N/A;N/A;N/A;N/A;N/A;N/A;N/A;N/A;N/A;N/A;N/A;N/A;N/A;N/A;N/A;N/A;N/A;N/A;N/A;N/A;N/A;N/A;N/A;N/A;N/A;N/A;N/A;N/A;N/A;N/A;N/A;N/A;N/A;N/A;N/A;N/A;N/A;N/A;N/A;N/A;N/A;N/A;"1556 mm";"4122 mm";N/A;N/A;N/A;N/A;5;"143 hp";Intens;N/A;4;"1778 mm";N/A;N/A;N/A;N/A;N/A;N/A;N/A;N/A;N/A;N/A;N/A;N/A;N/A;N/A;N/A;N/A;N/A;N/A;5;2.0;Nafta;Automática;Hatchback;"Autos y camionetas";N/A;N/A;N/A;N/A;N/A;N/A;UY;N/A;N/A;N/A;N/A;N/A;N/A;N/A;N/A;N/A;N/A;N/A;N/A;N/A;N/A;N/A;N/A;N/A;N/A;N/A;N/A;N/A;N/A;N/A;N/A;N/A;N/A;N/A;N/A;N/A;N/A;N/A;N/A;N/A;N/A;N/A;N/A;N/A;N/A;N/A;N/A;N/A;N/A;N/A;N/A;N/A;N/A;N/A;N/A;N/A;N/A;N/A;N/A;N/A;N/A;N/A;N/A;N/A;N/A;N/A;N/A;N/A;N/A;N/A;N/A;N/A;N/A;N/A;N/A;N/A;N/A;N/A;N/A;N/A;N/A;N/A;N/A;N/A;N/A;N/A;N/A;N/A;N/A;N/A;N/A;N/A;N/A;N/A;N/A;N/A;N/A;N/A;N/A;N/A;N/A;N/A;N/A;N/A;N/A;N/A;N/A;N/A;N/A;N/A;N/A;N/A;N/A;N/A;N/A;N/A;N/A;N/A;N/A;N/A;N/A;N/A
Renault;"Duster Oroch";"1.6 Dynamique";2019;"109000 km";;AUGO152616;15500;;;;;"Lomas de Solymar";https://auto.mercadolibre.com.uy/MLU-702810980-renault-oroch-expression-16-2019-permuto-financio-100-_JM;N/A;;"Renault Oroch Expression 1.6 2019 Permuto Financio 100%";usd;Sí;gold_premium;false;N/A;N/A;http://perfil.mercadolibre.com.uy/AUGO152616;active;N/A;N/A;Usado;Negro;N/A;Hidráulica;4x2;Sí;Sí;Sí;N/A;N/A;N/A;N/A;N/A;N/A;N/A;N/A;N/A;Sí;N/A;N/A;N/A;N/A;N/A;N/A;N/A;N/A;N/A;N/A;N/A;N/A;"2829 mm";"1.6 L";"50 L";5;N/A;N/A;N/A;N/A;N/A;N/A;N/A;N/A;N/A;N/A;N/A;N/A;N/A;N/A;N/A;N/A;N/A;N/A;N/A;N/A;N/A;N/A;N/A;N/A;N/A;N/A;N/A;N/A;N/A;Sí;N/A;N/A;N/A;N/A;N/A;N/A;N/A;N/A;N/A;N/A;N/A;N/A;N/A;N/A;N/A;"1683 mm";"4329 mm";N/A;N/A;N/A;N/A;5;"110 hp";Dynamique;N/A;4;"1821 mm";"11.1 km/l";N/A;N/A;N/A;Sí;N/A;Sí;N/A;N/A;N/A;N/A;"10.4 km/l";N/A;N/A;N/A;N/A;N/A;N/A;4;1.6;Nafta;Manual;SUV;"Autos y camionetas";N/A;N/A;N/A;N/A;N/A;N/A;UY;N/A;Sí;N/A;Sí;N/A;N/A;N/A;N/A;N/A;N/A;N/A;N/A;N/A;N/A;N/A;N/A;N/A;N/A;N/A;N/A;N/A;N/A;N/A;N/A;N/A;N/A;N/A;N/A;N/A;N/A;N/A;N/A;N/A;N/A;N/A;N/A;N/A;N/A;N/A;N/A;N/A;N/A;N/A;N/A;N/A;N/A;N/A;N/A;N/A;N/A;N/A;N/A;N/A;N/A;Sí;N/A;N/A;N/A;N/A;N/A;N/A;N/A;N/A;N/A;N/A;N/A;N/A;N/A;N/A;N/A;N/A;N/A;N/A;N/A;N/A;N/A;N/A;N/A;N/A;N/A;N/A;N/A;N/A;N/A;N/A;N/A;N/A;N/A;N/A;Sí;Sí;Sí;N/A;N/A;N/A;N/A;N/A;N/A;Sí;N/A;Sí;Sí;N/A;N/A;N/A;Sí;Sí;Sí;Sí;Sí;N/A;N/A;N/A;N/A;N/A
Renault;Kwid;"1.0 Sce 66cv Bitono";2024;"0 km";;"MOREIRA AUTOMOVILES";16000;;;;;"Las Piedras";https://auto.mercadolibre.com.uy/MLU-644814677-renault-kwid-2024-10-sce-66cv-bitono-_JM;N/A;;"Renault Kwid 2024 1.0 Sce 66cv Bitono";usd;Sí;gold_premium;false;N/A;N/A;http://perfil.mercadolibre.com.uy/MOREIRA+AUTOMOVILES;active;N/A;N/A;Nuevo;N/A;N/A;N/A;Delantera;N/A;N/A;Sí;N/A;N/A;N/A;N/A;N/A;N/A;N/A;N/A;N/A;N/A;N/A;N/A;N/A;N/A;N/A;N/A;N/A;N/A;N/A;N/A;N/A;N/A;"2423 mm";"1 L";"50 L";5;N/A;N/A;N/A;N/A;N/A;N/A;N/A;N/A;N/A;N/A;N/A;N/A;N/A;N/A;N/A;N/A;N/A;N/A;N/A;N/A;N/A;N/A;N/A;N/A;N/A;N/A;N/A;N/A;N/A;N/A;N/A;N/A;N/A;N/A;N/A;N/A;N/A;N/A;N/A;N/A;N/A;N/A;N/A;N/A;N/A;"1474 mm";"3680 mm";N/A;N/A;N/A;N/A;5;"66 hp";Bitono;N/A;4;"1752 mm";N/A;N/A;N/A;N/A;N/A;N/A;N/A;N/A;N/A;N/A;N/A;N/A;N/A;N/A;N/A;N/A;N/A;N/A;5;1.0;Nafta;Manual;Hatchback;"Autos y camionetas";N/A;N/A;N/A;N/A;N/A;N/A;UY;N/A;N/A;N/A;N/A;N/A;N/A;N/A;N/A;N/A;N/A;N/A;N/A;N/A;N/A;N/A;N/A;N/A;N/A;N/A;N/A;N/A;N/A;N/A;N/A;N/A;N/A;N/A;N/A;N/A;N/A;N/A;N/A;N/A;N/A;N/A;N/A;N/A;N/A;N/A;N/A;N/A;N/A;N/A;N/A;N/A;N/A;N/A;N/A;N/A;N/A;N/A;N/A;N/A;N/A;N/A;N/A;N/A;N/A;N/A;N/A;N/A;N/A;N/A;N/A;N/A;N/A;N/A;N/A;N/A;N/A;N/A;N/A;N/A;N/A;N/A;N/A;N/A;N/A;N/A;N/A;N/A;N/A;N/A;N/A;N/A;N/A;N/A;N/A;N/A;N/A;N/A;N/A;N/A;N/A;N/A;N/A;N/A;N/A;N/A;N/A;N/A;N/A;N/A;N/A;N/A;N/A;N/A;N/A;N/A;N/A;N/A;N/A;N/A;N/A;N/A
Renault;Kwid;Zen;2024;"1400 km";;"AUTOLAND VW";13790;;;;;Canelones;https://auto.mercadolibre.com.uy/MLU-700533016-renault-kwid-zen-10-2024-impecable-autoland-_JM;N/A;;"Renault Kwid Zen 1.0 2024 Impecable! - Autoland";USD;Sí;gold_premium;false;N/A;N/A;http://perfil.mercadolibre.com.uy/AUTOLAND+VW;active;N/A;N/A;Usado;Blanco;Sí;Asistida;N/A;Sí;Sí;Sí;N/A;N/A;N/A;Sí;Sí;N/A;N/A;N/A;N/A;Sí;N/A;N/A;N/A;N/A;N/A;N/A;N/A;N/A;N/A;N/A;N/A;N/A;N/A;"1000 cc";N/A;5;N/A;N/A;Sí;Sí;N/A;N/A;N/A;N/A;N/A;N/A;N/A;N/A;N/A;N/A;N/A;N/A;N/A;N/A;N/A;N/A;N/A;N/A;N/A;Sí;N/A;Sí;N/A;N/A;N/A;N/A;N/A;N/A;N/A;N/A;N/A;N/A;N/A;N/A;N/A;N/A;N/A;N/A;N/A;N/A;N/A;N/A;N/A;N/A;N/A;N/A;N/A;N/A;"70 hp";Zen;N/A;N/A;N/A;"16 km/l";N/A;N/A;N/A;Sí;N/A;Sí;Sí;Sí;N/A;N/A;"20 km/l";N/A;N/A;N/A;N/A;Sí;"Lun. a Vie. de 9 a 18 hs";5;1.0;Nafta;Manual;Hatchback;"Autos y camionetas";No;N/A;N/A;N/A;No;N/A;N/A;No;Sí;No;No;N/A;N/A;N/A;N/A;N/A;N/A;N/A;N/A;N/A;N/A;N/A;N/A;N/A;N/A;N/A;N/A;N/A;N/A;N/A;N/A;N/A;N/A;N/A;N/A;N/A;N/A;N/A;N/A;N/A;N/A;N/A;N/A;N/A;N/A;N/A;N/A;N/A;N/A;N/A;N/A;N/A;N/A;N/A;N/A;N/A;N/A;N/A;N/A;N/A;N/A;Sí;No;N/A;N/A;N/A;N/A;N/A;N/A;N/A;N/A;N/A;N/A;N/A;N/A;N/A;N/A;N/A;N/A;N/A;N/A;N/A;N/A;N/A;N/A;N/A;N/A;N/A;N/A;N/A;N/A;N/A;Sí;N/A;N/A;N/A;Sí;N/A;N/A;N/A;Sí;Sí;Sí;N/A;N/A;Sí;N/A;N/A;N/A;N/A;Sí;Sí;Sí;N/A;Sí;Sí;Sí;N/A;N/A;Sí;N/A;Sí
Renault;Master;"L1 H1";2025;"0 km";;SANTAROSASA;38000;;;;;Centro;https://auto.mercadolibre.com.uy/MLU-692671410-renault-master-l1h1-23-2025-0km-_JM;N/A;;"Renault Master L1h1 2.3 2025 0km";USD;Sí;gold_premium;false;N/A;N/A;http://perfil.mercadolibre.com.uy/SANTAROSASA;active;N/A;N/A;Nuevo;Blanco;N/A;Asistida;N/A;Sí;N/A;Sí;N/A;Sí;N/A;N/A;N/A;N/A;N/A;N/A;Sí;Sí;N/A;N/A;N/A;N/A;N/A;N/A;N/A;N/A;N/A;N/A;N/A;N/A;N/A;"2300 cc";N/A;6;N/A;N/A;Sí;Sí;Sí;Sí;N/A;N/A;N/A;N/A;N/A;N/A;N/A;N/A;N/A;N/A;N/A;N/A;N/A;N/A;N/A;N/A;N/A;N/A;N/A;Sí;N/A;N/A;N/A;N/A;N/A;N/A;N/A;N/A;N/A;N/A;Sí;N/A;N/A;N/A;N/A;N/A;N/A;N/A;N/A;N/A;N/A;N/A;N/A;N/A;N/A;N/A;"115 hp";N/A;N/A;N/A;N/A;"11 km/l";N/A;N/A;N/A;Sí;Sí;Sí;Sí;N/A;N/A;N/A;"15 km/l";N/A;N/A;N/A;N/A;N/A;N/A;4;2.3;Diésel;Manual;Furgón;"Autos y camionetas";No;N/A;N/A;N/A;No;N/A;N/A;No;Sí;No;No;N/A;N/A;N/A;N/A;N/A;N/A;N/A;N/A;N/A;N/A;Sí;N/A;N/A;Sí;N/A;N/A;N/A;N/A;N/A;N/A;N/A;N/A;N/A;N/A;N/A;N/A;N/A;N/A;N/A;N/A;N/A;N/A;Sí;N/A;N/A;N/A;N/A;N/A;N/A;N/A;N/A;N/A;N/A;N/A;N/A;N/A;N/A;N/A;N/A;N/A;Sí;No;N/A;N/A;N/A;N/A;N/A;N/A;N/A;N/A;N/A;N/A;N/A;N/A;N/A;N/A;N/A;N/A;N/A;N/A;N/A;N/A;N/A;N/A;N/A;N/A;N/A;N/A;N/A;N/A;N/A;Sí;N/A;N/A;N/A;Sí;N/A;N/A;N/A;Sí;Sí;Sí;N/A;N/A;Sí;N/A;N/A;N/A;N/A;N/A;Sí;N/A;N/A;Sí;Sí;Sí;N/A;N/A;N/A;N/A;Sí
Renault;Kardian;"1.0 Tce Premiere Edition";2024;"0 km";;RURALAUTOMOTORA;29990;;;;;Trinidad;https://auto.mercadolibre.com.uy/MLU-690317660-renault-kardian-2024-10-tce-premiere-edition-_JM;N/A;;"Renault Kardian 2024 1.0 Tce Premiere Edition";usd;Sí;gold_premium;false;N/A;N/A;http://perfil.mercadolibre.com.uy/RURALAUTOMOTORA;active;N/A;N/A;Nuevo;N/A;N/A;N/A;Delantera;N/A;N/A;N/A;N/A;N/A;N/A;N/A;N/A;N/A;N/A;N/A;N/A;N/A;N/A;N/A;N/A;N/A;N/A;N/A;N/A;N/A;N/A;N/A;N/A;N/A;"2600 mm";"1 L";"50 L";6;N/A;N/A;N/A;N/A;N/A;N/A;N/A;N/A;N/A;N/A;N/A;N/A;N/A;N/A;N/A;N/A;N/A;N/A;N/A;N/A;N/A;N/A;N/A;N/A;N/A;N/A;N/A;N/A;N/A;N/A;N/A;N/A;N/A;N/A;N/A;N/A;N/A;N/A;N/A;N/A;N/A;N/A;N/A;N/A;N/A;"1545 mm";"4120 mm";N/A;N/A;N/A;N/A;5;"120 hp";"Premiere Edition";N/A;N/A;"1750 mm";N/A;N/A;N/A;N/A;N/A;N/A;N/A;N/A;N/A;N/A;N/A;N/A;N/A;N/A;N/A;N/A;N/A;N/A;5;1.0;Nafta;Automática;N/A;"Autos y camionetas";N/A;N/A;N/A;N/A;N/A;N/A;UY;N/A;N/A;N/A;N/A;N/A;N/A;N/A;N/A;N/A;N/A;N/A;N/A;N/A;N/A;N/A;N/A;N/A;N/A;N/A;N/A;N/A;N/A;N/A;N/A;N/A;N/A;N/A;N/A;N/A;N/A;N/A;N/A;N/A;N/A;N/A;N/A;N/A;N/A;N/A;N/A;N/A;N/A;N/A;N/A;N/A;N/A;N/A;N/A;N/A;N/A;N/A;N/A;N/A;N/A;N/A;N/A;N/A;N/A;N/A;N/A;N/A;N/A;N/A;N/A;N/A;N/A;N/A;N/A;N/A;N/A;N/A;N/A;N/A;N/A;N/A;N/A;N/A;N/A;N/A;N/A;N/A;N/A;N/A;N/A;N/A;N/A;N/A;N/A;N/A;N/A;N/A;N/A;N/A;N/A;N/A;N/A;N/A;N/A;N/A;N/A;N/A;N/A;N/A;N/A;N/A;N/A;N/A;N/A;N/A;N/A;N/A;N/A;N/A;N/A;N/A
Renault;Sandero;"1.0 Life";2022;"80000 km";;EFINEGOCIOS;13500;;;;;"Brazo Oriental";https://auto.mercadolibre.com.uy/MLU-694674296-renault-sandero-life-_JM;N/A;;"Renault Sandero Life";usd;Sí;gold_premium;false;N/A;N/A;http://perfil.mercadolibre.com.uy/EFINEGOCIOS;active;N/A;N/A;Usado;Blanco;N/A;Hidráulica;Delantera;N/A;N/A;Sí;N/A;N/A;N/A;N/A;N/A;N/A;N/A;N/A;N/A;N/A;N/A;N/A;N/A;N/A;N/A;N/A;N/A;N/A;N/A;N/A;N/A;N/A;"2590 mm";"1 L";"50 L";5;N/A;N/A;N/A;N/A;N/A;N/A;N/A;N/A;N/A;N/A;N/A;N/A;N/A;N/A;N/A;N/A;N/A;N/A;N/A;N/A;N/A;N/A;N/A;N/A;N/A;N/A;N/A;N/A;N/A;N/A;N/A;N/A;N/A;Sí;Sí;Sí;N/A;N/A;N/A;N/A;N/A;N/A;N/A;N/A;N/A;"1559 mm";"4066 mm";N/A;N/A;N/A;N/A;5;"66 hp";Life;N/A;4;"1761 mm";"9.3 km/l";Sí;N/A;N/A;N/A;N/A;N/A;Sí;N/A;N/A;N/A;"5.9 km/l";N/A;N/A;N/A;N/A;N/A;N/A;5;1.0;Nafta;Manual;Hatchback;"Autos y camionetas";N/A;N/A;N/A;N/A;N/A;N/A;UY;N/A;N/A;N/A;N/A;N/A;N/A;N/A;N/A;N/A;N/A;N/A;N/A;N/A;N/A;N/A;N/A;N/A;N/A;N/A;N/A;N/A;N/A;N/A;N/A;N/A;N/A;N/A;N/A;N/A;N/A;N/A;N/A;N/A;N/A;N/A;N/A;N/A;N/A;N/A;N/A;N/A;N/A;N/A;N/A;N/A;N/A;N/A;N/A;N/A;N/A;N/A;N/A;N/A;N/A;N/A;N/A;N/A;N/A;N/A;N/A;N/A;N/A;N/A;N/A;N/A;N/A;N/A;N/A;N/A;N/A;N/A;N/A;N/A;N/A;N/A;N/A;N/A;N/A;N/A;N/A;N/A;N/A;N/A;N/A;N/A;N/A;N/A;N/A;N/A;N/A;N/A;N/A;N/A;N/A;N/A;N/A;N/A;N/A;N/A;N/A;N/A;N/A;N/A;N/A;N/A;N/A;N/A;N/A;N/A;N/A;N/A;N/A;N/A;N/A;N/A
Renault;Kwid;"1.0 Sce 66cv Zen";2024;"0 km";;"MOREIRA AUTOMOVILES";14800;;;;;"Las Piedras";https://auto.mercadolibre.com.uy/MLU-640238343-renault-kwid-zen-10-mt-_JM;N/A;;"Renault Kwid Zen 1.0 Mt";usd;Sí;gold_premium;false;N/A;N/A;http://perfil.mercadolibre.com.uy/MOREIRA+AUTOMOVILES;active;N/A;N/A;Nuevo;Rojo;N/A;N/A;Delantera;N/A;N/A;Sí;N/A;N/A;N/A;N/A;N/A;N/A;N/A;N/A;N/A;N/A;N/A;N/A;N/A;N/A;N/A;N/A;N/A;N/A;N/A;N/A;N/A;N/A;"2423 mm";"1 L";"50 L";5;N/A;N/A;N/A;N/A;N/A;N/A;N/A;N/A;N/A;N/A;N/A;N/A;N/A;N/A;N/A;N/A;N/A;N/A;N/A;N/A;N/A;N/A;N/A;N/A;N/A;N/A;N/A;N/A;N/A;N/A;N/A;N/A;N/A;N/A;N/A;N/A;N/A;N/A;N/A;N/A;N/A;N/A;N/A;N/A;N/A;"1474 mm";"3680 mm";N/A;N/A;N/A;N/A;5;"66 hp";Zen;N/A;4;"1752 mm";N/A;N/A;N/A;N/A;N/A;N/A;N/A;N/A;N/A;N/A;N/A;N/A;N/A;N/A;N/A;N/A;N/A;"Lunes a Sábado de 8:00 a 18:30";5;1.0;Nafta;Manual;Hatchback;"Autos y camionetas";N/A;N/A;N/A;N/A;N/A;N/A;UY;N/A;N/A;N/A;N/A;N/A;N/A;N/A;N/A;N/A;N/A;N/A;N/A;N/A;N/A;N/A;N/A;N/A;N/A;N/A;N/A;N/A;N/A;N/A;N/A;N/A;N/A;N/A;N/A;N/A;N/A;N/A;N/A;N/A;N/A;N/A;N/A;N/A;N/A;N/A;N/A;N/A;N/A;N/A;N/A;N/A;N/A;N/A;N/A;N/A;N/A;N/A;N/A;N/A;N/A;N/A;N/A;N/A;N/A;N/A;N/A;N/A;N/A;N/A;N/A;N/A;N/A;N/A;N/A;N/A;N/A;N/A;N/A;N/A;N/A;N/A;N/A;N/A;N/A;N/A;N/A;N/A;N/A;N/A;N/A;N/A;N/A;N/A;N/A;N/A;N/A;N/A;N/A;N/A;N/A;N/A;N/A;N/A;N/A;N/A;N/A;N/A;N/A;N/A;N/A;N/A;N/A;N/A;N/A;N/A;N/A;N/A;N/A;N/A;N/A;N/A
Renault;"Duster Oroch";"1.6 Dynamique";2019;"120000 km";;ALBORAUTOMOVILES;15900;;;;;Salinas;https://auto.mercadolibre.com.uy/MLU-703437162-renault-oroch-20-6ta-2017-_JM;N/A;;"Renault Oroch 2.0 6ta. 2017";usd;Sí;gold_premium;false;N/A;N/A;http://perfil.mercadolibre.com.uy/ALBORAUTOMOVILES;active;N/A;N/A;Usado;Blanco;N/A;Hidráulica;4x2;Sí;Sí;Sí;N/A;N/A;N/A;N/A;N/A;N/A;N/A;N/A;N/A;Sí;N/A;N/A;N/A;N/A;N/A;N/A;N/A;N/A;N/A;N/A;N/A;N/A;"2829 mm";"1.6 L";"50 L";5;N/A;N/A;N/A;N/A;N/A;N/A;N/A;N/A;N/A;N/A;N/A;N/A;N/A;N/A;N/A;N/A;N/A;N/A;N/A;N/A;N/A;N/A;N/A;N/A;N/A;N/A;N/A;N/A;N/A;Sí;N/A;N/A;N/A;N/A;N/A;N/A;N/A;N/A;N/A;N/A;N/A;N/A;N/A;N/A;N/A;"1683 mm";"4329 mm";N/A;N/A;N/A;N/A;5;"110 hp";Dynamique;N/A;4;"1821 mm";"11.1 km/l";N/A;N/A;Sí;Sí;N/A;Sí;Sí;N/A;N/A;N/A;"10.4 km/l";N/A;N/A;N/A;N/A;N/A;"10:00 A 17:00 O HASTA 22:00 X TEL";4;1.6;Nafta;Manual;SUV;"Autos y camionetas";N/A;N/A;N/A;N/A;N/A;N/A;UY;N/A;Sí;N/A;N/A;N/A;N/A;N/A;N/A;N/A;N/A;N/A;N/A;N/A;N/A;N/A;N/A;N/A;N/A;N/A;N/A;N/A;N/A;N/A;N/A;N/A;N/A;N/A;N/A;N/A;N/A;N/A;N/A;N/A;N/A;N/A;N/A;N/A;N/A;N/A;N/A;N/A;N/A;N/A;N/A;N/A;N/A;N/A;N/A;N/A;N/A;N/A;N/A;N/A;N/A;N/A;N/A;N/A;N/A;N/A;N/A;N/A;N/A;N/A;N/A;N/A;N/A;N/A;N/A;N/A;N/A;N/A;N/A;N/A;N/A;N/A;N/A;N/A;N/A;N/A;N/A;N/A;N/A;N/A;N/A;N/A;N/A;N/A;N/A;N/A;Sí;N/A;Sí;N/A;Sí;N/A;N/A;N/A;N/A;Sí;N/A;Sí;N/A;N/A;N/A;N/A;Sí;Sí;Sí;Sí;Sí;Sí;N/A;Sí;N/A;Sí
Renault;Master;"2.3 L1h1 Aa";2024;"0 km";;NISSANMOREIRA;38000;;;;;Pando;https://auto.mercadolibre.com.uy/MLU-674323382-renault-master-_JM;N/A;;"Renault Master";usd;Sí;gold_premium;false;N/A;N/A;http://perfil.mercadolibre.com.uy/NISSANMOREIRA;active;N/A;N/A;Nuevo;Blanco;N/A;N/A;Delantera;Sí;N/A;N/A;N/A;N/A;N/A;N/A;N/A;N/A;N/A;N/A;N/A;N/A;N/A;N/A;N/A;N/A;N/A;N/A;N/A;N/A;N/A;N/A;N/A;N/A;"3578 mm";"2.3 L";"100 L";6;N/A;N/A;N/A;N/A;N/A;N/A;N/A;N/A;N/A;N/A;N/A;N/A;N/A;N/A;N/A;N/A;N/A;N/A;N/A;N/A;N/A;N/A;N/A;N/A;N/A;N/A;N/A;N/A;N/A;N/A;N/A;N/A;N/A;N/A;N/A;N/A;N/A;N/A;N/A;N/A;N/A;N/A;N/A;N/A;N/A;"2303 mm";"5048 mm";N/A;N/A;N/A;N/A;3;"130 hp";2.3;N/A;4;"1990 mm";N/A;N/A;N/A;N/A;N/A;N/A;N/A;N/A;N/A;N/A;N/A;N/A;N/A;N/A;N/A;N/A;N/A;"Lunes a viernes de 8 a 18 hs";3;2.3;Diésel;Manual;Furgón;"Autos y camionetas";N/A;N/A;N/A;N/A;N/A;N/A;UY;N/A;N/A;N/A;N/A;N/A;N/A;N/A;N/A;N/A;N/A;N/A;N/A;N/A;N/A;N/A;N/A;N/A;N/A;N/A;N/A;N/A;N/A;N/A;N/A;N/A;N/A;N/A;N/A;N/A;N/A;N/A;N/A;N/A;N/A;N/A;N/A;N/A;N/A;N/A;N/A;N/A;N/A;N/A;N/A;N/A;N/A;N/A;N/A;N/A;N/A;N/A;N/A;N/A;N/A;N/A;N/A;N/A;N/A;N/A;N/A;N/A;N/A;N/A;N/A;N/A;N/A;N/A;N/A;N/A;N/A;N/A;N/A;N/A;N/A;N/A;N/A;N/A;N/A;N/A;N/A;N/A;N/A;N/A;N/A;N/A;N/A;N/A;N/A;N/A;N/A;N/A;N/A;N/A;N/A;N/A;N/A;N/A;N/A;N/A;N/A;N/A;N/A;N/A;N/A;N/A;N/A;N/A;N/A;N/A;N/A;N/A;N/A;N/A;N/A;N/A
Renault;Kwid;"1.0 Sce 66cv Bitono";2024;"0 km";;NISSANMOREIRA;16000;;;;;Pando;https://auto.mercadolibre.com.uy/MLU-705866358-renault-kwid-bitono-10-_JM;N/A;;"Renault Kwid Bitono 1.0";usd;Sí;gold_premium;false;N/A;N/A;http://perfil.mercadolibre.com.uy/NISSANMOREIRA;active;N/A;N/A;Nuevo;Blanco;N/A;N/A;Delantera;N/A;N/A;Sí;N/A;N/A;N/A;N/A;N/A;N/A;N/A;N/A;N/A;N/A;N/A;N/A;N/A;N/A;N/A;N/A;N/A;N/A;N/A;N/A;N/A;N/A;"2423 mm";"1 L";"50 L";5;N/A;N/A;N/A;N/A;N/A;N/A;N/A;N/A;N/A;N/A;N/A;N/A;N/A;N/A;N/A;N/A;N/A;N/A;N/A;N/A;N/A;N/A;N/A;N/A;N/A;N/A;N/A;N/A;N/A;N/A;N/A;N/A;N/A;N/A;N/A;N/A;N/A;N/A;N/A;N/A;N/A;N/A;N/A;N/A;N/A;"1474 mm";"3680 mm";N/A;N/A;N/A;N/A;5;"66 hp";Bitono;N/A;4;"1752 mm";N/A;N/A;N/A;N/A;N/A;N/A;N/A;N/A;N/A;N/A;N/A;N/A;N/A;N/A;N/A;N/A;N/A;"lunes a lunes";5;1.0;Nafta;Manual;Hatchback;"Autos y camionetas";N/A;N/A;N/A;N/A;N/A;N/A;UY;N/A;N/A;N/A;N/A;N/A;N/A;N/A;N/A;N/A;N/A;N/A;N/A;N/A;N/A;N/A;N/A;N/A;N/A;N/A;N/A;N/A;N/A;N/A;N/A;N/A;N/A;N/A;N/A;N/A;N/A;N/A;N/A;N/A;N/A;N/A;N/A;N/A;N/A;N/A;N/A;N/A;N/A;N/A;N/A;N/A;N/A;N/A;N/A;N/A;N/A;N/A;N/A;N/A;N/A;N/A;N/A;N/A;N/A;N/A;N/A;N/A;N/A;N/A;N/A;N/A;N/A;N/A;N/A;N/A;N/A;N/A;N/A;N/A;N/A;N/A;N/A;N/A;N/A;N/A;N/A;N/A;N/A;N/A;N/A;N/A;N/A;N/A;N/A;N/A;N/A;N/A;N/A;N/A;N/A;N/A;N/A;N/A;N/A;N/A;N/A;N/A;N/A;N/A;N/A;N/A;N/A;N/A;N/A;N/A;N/A;N/A;N/A;N/A;N/A;N/A
Renault;"Sandero Stepway";"1.6 Privilege 105cv";2016;"114000 km";;AUTOMOVILES19500;13300;;;;;Shangrilá;https://auto.mercadolibre.com.uy/MLU-706006850-renault-sandero-stepway-16-privilege-105cv-_JM;N/A;;"Renault Sandero Stepway 1.6 Privilege 105cv";usd;Sí;gold_premium;false;N/A;N/A;http://perfil.mercadolibre.com.uy/AUTOMOVILES19500;active;N/A;N/A;Usado;Blanco;N/A;Hidráulica;Delantera;Sí;N/A;Sí;N/A;N/A;N/A;N/A;N/A;N/A;N/A;N/A;N/A;Sí;N/A;N/A;N/A;N/A;N/A;N/A;N/A;N/A;N/A;N/A;N/A;N/A;"2590 mm";"1.6 L";"50 L";5;N/A;N/A;N/A;N/A;N/A;N/A;N/A;N/A;N/A;N/A;N/A;N/A;N/A;N/A;N/A;N/A;N/A;N/A;N/A;N/A;N/A;N/A;N/A;N/A;N/A;N/A;N/A;N/A;N/A;N/A;N/A;N/A;N/A;N/A;N/A;N/A;N/A;N/A;N/A;N/A;N/A;N/A;N/A;N/A;N/A;"1559 mm";"4066 mm";N/A;N/A;N/A;N/A;5;"105 hp";Privilege;N/A;4;"1761 mm";"9.3 km/l";Sí;N/A;N/A;N/A;N/A;N/A;Sí;N/A;N/A;N/A;"5.9 km/l";N/A;N/A;N/A;N/A;N/A;"Lunes a Viernes de 9 a 13 y de 14 a 19hs";5;1.6;Nafta;Manual;Hatchback;"Autos y camionetas";N/A;N/A;N/A;N/A;N/A;N/A;UY;N/A;Sí;N/A;N/A;N/A;N/A;N/A;N/A;N/A;N/A;N/A;N/A;N/A;N/A;N/A;N/A;N/A;N/A;N/A;N/A;N/A;N/A;N/A;N/A;N/A;N/A;N/A;N/A;N/A;N/A;N/A;N/A;N/A;N/A;N/A;N/A;N/A;N/A;N/A;N/A;N/A;N/A;N/A;N/A;N/A;N/A;N/A;N/A;N/A;N/A;N/A;N/A;N/A;N/A;N/A;Sí;N/A;N/A;N/A;N/A;N/A;N/A;N/A;N/A;N/A;N/A;N/A;N/A;N/A;N/A;N/A;N/A;N/A;N/A;N/A;N/A;N/A;N/A;N/A;N/A;N/A;N/A;N/A;N/A;N/A;N/A;N/A;N/A;N/A;N/A;N/A;Sí;N/A;N/A;N/A;N/A;N/A;N/A;N/A;N/A;N/A;N/A;N/A;N/A;N/A;N/A;N/A;Sí;N/A;N/A;N/A;N/A;N/A;N/A;N/A
Renault;Kwid;"1.0 Sce 66cv Life";2019;"120000 km";;"MOREIRA AUTOMOVILES";10290;;;;;"Las Piedras";https://auto.mercadolibre.com.uy/MLU-704550518-renault-kwid-10-sce-66cv-life-_JM;N/A;;"Renault Kwid 1.0 Sce 66cv Life";usd;Sí;gold_premium;false;N/A;N/A;http://perfil.mercadolibre.com.uy/MOREIRA+AUTOMOVILES;active;N/A;N/A;Usado;Gris;N/A;Hidráulica;Delantera;N/A;N/A;Sí;N/A;N/A;N/A;N/A;N/A;N/A;N/A;N/A;N/A;N/A;N/A;N/A;N/A;N/A;N/A;N/A;N/A;N/A;N/A;N/A;N/A;N/A;"2423 mm";"1 L";"50 L";5;N/A;N/A;N/A;N/A;N/A;N/A;N/A;N/A;N/A;N/A;N/A;N/A;N/A;N/A;N/A;N/A;N/A;N/A;N/A;N/A;N/A;N/A;N/A;N/A;N/A;N/A;N/A;N/A;N/A;N/A;N/A;N/A;N/A;N/A;N/A;N/A;N/A;N/A;N/A;N/A;N/A;N/A;N/A;N/A;N/A;"1474 mm";"3680 mm";N/A;N/A;N/A;N/A;5;"66 hp";Life;N/A;4;"1752 mm";N/A;N/A;N/A;N/A;N/A;N/A;N/A;N/A;N/A;N/A;N/A;N/A;N/A;N/A;N/A;N/A;N/A;N/A;5;1.0;Nafta;Manual;Hatchback;"Autos y camionetas";N/A;N/A;N/A;N/A;N/A;N/A;UY;N/A;N/A;N/A;N/A;N/A;N/A;N/A;N/A;N/A;N/A;N/A;N/A;N/A;N/A;N/A;N/A;N/A;N/A;N/A;N/A;N/A;N/A;N/A;N/A;N/A;N/A;N/A;N/A;N/A;N/A;N/A;N/A;N/A;N/A;N/A;N/A;N/A;N/A;N/A;N/A;N/A;N/A;N/A;N/A;N/A;N/A;N/A;N/A;N/A;N/A;N/A;N/A;N/A;N/A;N/A;N/A;N/A;N/A;N/A;N/A;N/A;N/A;N/A;N/A;N/A;N/A;N/A;N/A;N/A;N/A;N/A;N/A;N/A;N/A;N/A;N/A;N/A;N/A;N/A;N/A;N/A;N/A;N/A;N/A;N/A;N/A;N/A;N/A;N/A;N/A;N/A;N/A;N/A;N/A;N/A;N/A;N/A;N/A;N/A;N/A;N/A;N/A;N/A;N/A;N/A;N/A;N/A;N/A;N/A;N/A;N/A;N/A;N/A;N/A;N/A
Renault;Koleos;"2.5 Expression At";2011;"155000 km";;ELTATI932007;8990;;;;;Pocitos;https://auto.mercadolibre.com.uy/MLU-703911412-renault-koleos-25-expression-at-_JM;N/A;;"Renault Koleos 2.5 Expression At";usd;Sí;gold_premium;false;N/A;N/A;http://perfil.mercadolibre.com.uy/ELTATI932007;active;N/A;N/A;Usado;Rojo;N/A;Hidráulica;Delantera;Sí;Sí;Sí;N/A;N/A;Sí;N/A;N/A;N/A;N/A;N/A;N/A;Sí;N/A;Sí;N/A;N/A;N/A;N/A;N/A;N/A;N/A;N/A;N/A;N/A;"2690 mm";"2.5 L";"65 L";6;N/A;N/A;N/A;N/A;N/A;N/A;N/A;N/A;N/A;Sí;N/A;N/A;N/A;N/A;N/A;N/A;N/A;N/A;N/A;N/A;N/A;N/A;N/A;N/A;N/A;N/A;N/A;N/A;N/A;N/A;N/A;N/A;N/A;Sí;Sí;N/A;N/A;N/A;N/A;N/A;N/A;N/A;N/A;N/A;N/A;"1695 mm";"4520 mm";N/A;N/A;N/A;N/A;5;"170 hp";Expression;N/A;4;"1855 mm";"12.5 km/l";Sí;N/A;N/A;Sí;N/A;N/A;Sí;N/A;N/A;N/A;"8.3 km/l";N/A;N/A;N/A;N/A;Sí;N/A;5;2.5;Nafta;Automática;SUV;"Autos y camionetas";N/A;N/A;N/A;N/A;N/A;N/A;UY;N/A;Sí;N/A;N/A;N/A;N/A;N/A;N/A;N/A;N/A;N/A;N/A;N/A;N/A;N/A;N/A;N/A;N/A;N/A;N/A;N/A;N/A;N/A;N/A;N/A;N/A;N/A;N/A;N/A;N/A;N/A;N/A;N/A;N/A;N/A;N/A;N/A;N/A;N/A;N/A;N/A;N/A;N/A;N/A;N/A;N/A;N/A;N/A;N/A;N/A;N/A;N/A;N/A;N/A;N/A;N/A;N/A;N/A;N/A;N/A;N/A;N/A;N/A;N/A;N/A;N/A;N/A;N/A;N/A;N/A;N/A;N/A;N/A;N/A;N/A;N/A;N/A;N/A;N/A;N/A;N/A;N/A;N/A;N/A;N/A;N/A;N/A;N/A;N/A;Sí;Sí;Sí;N/A;Sí;N/A;N/A;N/A;N/A;Sí;N/A;N/A;Sí;N/A;N/A;N/A;Sí;N/A;Sí;Sí;Sí;Sí;N/A;Sí;N/A;Sí
Renault;"Duster Oroch";"1.6 Dynamique";2021;"120000 km";;GG20241128141244;15990;;;;;"Aeropuerto Internacional De Carrasco";https://auto.mercadolibre.com.uy/MLU-647114603-renault-oroch-expression-2021-gl-motors--_JM;N/A;;"Renault Oroch Expression 2021 (( Gl Motors )) ";usd;Sí;gold_premium;false;N/A;N/A;http://perfil.mercadolibre.com.uy/GG20241128141244;active;N/A;N/A;Usado;Plateado;N/A;N/A;4x2;N/A;N/A;Sí;N/A;N/A;N/A;N/A;N/A;N/A;N/A;N/A;N/A;N/A;N/A;N/A;N/A;N/A;N/A;N/A;N/A;N/A;N/A;N/A;N/A;N/A;"2829 mm";"1.6 L";"50 L";5;N/A;N/A;N/A;N/A;N/A;N/A;N/A;N/A;N/A;N/A;N/A;N/A;N/A;N/A;N/A;N/A;N/A;N/A;N/A;N/A;N/A;N/A;N/A;N/A;N/A;N/A;N/A;N/A;N/A;N/A;N/A;N/A;N/A;N/A;N/A;N/A;N/A;N/A;N/A;N/A;N/A;N/A;N/A;N/A;N/A;"1683 mm";"4329 mm";N/A;N/A;N/A;N/A;5;"110 hp";Dynamique;N/A;4;"1821 mm";"11.1 km/l";N/A;N/A;N/A;N/A;N/A;N/A;N/A;N/A;N/A;N/A;"10.4 km/l";N/A;N/A;N/A;N/A;N/A;"Lunes a Viernes de 9:00 a 18:30 / Sabados de 10:00 a 13:00";4;1.6;Nafta;Manual;SUV;"Autos y camionetas";N/A;N/A;N/A;N/A;N/A;N/A;UY;N/A;N/A;N/A;N/A;N/A;N/A;N/A;N/A;N/A;N/A;N/A;N/A;N/A;N/A;N/A;N/A;N/A;N/A;N/A;N/A;N/A;N/A;N/A;N/A;N/A;N/A;N/A;N/A;N/A;N/A;N/A;N/A;N/A;N/A;N/A;N/A;N/A;N/A;N/A;N/A;N/A;N/A;N/A;N/A;N/A;N/A;N/A;N/A;N/A;N/A;N/A;N/A;N/A;N/A;N/A;N/A;N/A;N/A;N/A;N/A;N/A;N/A;N/A;N/A;N/A;N/A;N/A;N/A;N/A;N/A;N/A;N/A;N/A;N/A;N/A;N/A;N/A;N/A;N/A;N/A;N/A;N/A;N/A;N/A;N/A;N/A;N/A;N/A;N/A;N/A;N/A;N/A;N/A;N/A;N/A;N/A;N/A;N/A;N/A;N/A;N/A;N/A;N/A;N/A;N/A;N/A;N/A;N/A;N/A;N/A;N/A;N/A;N/A;N/A;N/A
Renault;Sandero;rs;2018;"95000 km";;"GL MOTORS.AUTOMOTORA";17990;;;;;"Brazo Oriental";https://auto.mercadolibre.com.uy/MLU-702482630-renault-sandero-rs-gl-motors-financiamos-100-en-pesos-_JM;N/A;;"Renault Sandero Rs ((gl Motors)) Financiamos 100% En Pesos ";USD;Sí;gold_premium;false;N/A;N/A;http://perfil.mercadolibre.com.uy/GL+MOTORS.AUTOMOTORA;active;N/A;N/A;Usado;Blanco;No;Hidráulica;Delantera;Sí;Sí;N/A;N/A;N/A;Sí;N/A;N/A;No;N/A;N/A;Sí;Sí;N/A;No;N/A;N/A;N/A;N/A;N/A;N/A;N/A;N/A;N/A;N/A;N/A;N/A;N/A;N/A;N/A;N/A;N/A;N/A;N/A;No;N/A;N/A;N/A;N/A;N/A;N/A;N/A;N/A;N/A;N/A;N/A;N/A;N/A;N/A;N/A;N/A;N/A;N/A;N/A;N/A;N/A;N/A;N/A;No;N/A;N/A;N/A;N/A;N/A;N/A;N/A;N/A;N/A;N/A;N/A;N/A;N/A;N/A;N/A;N/A;N/A;N/A;N/A;N/A;N/A;N/A;N/A;N/A;N/A;N/A;N/A;N/A;Sí;N/A;Sí;Sí;N/A;Sí;Sí;N/A;No;N/A;N/A;No;Sí;N/A;N/A;Sí;N/A;5;2.0;Nafta;Manual;Hatchback;"Autos y camionetas";Sí;N/A;N/A;N/A;No;N/A;N/A;N/A;Sí;N/A;Sí;N/A;N/A;N/A;N/A;N/A;N/A;N/A;N/A;N/A;N/A;N/A;N/A;N/A;No;N/A;N/A;N/A;N/A;N/A;N/A;N/A;N/A;N/A;N/A;N/A;N/A;N/A;N/A;N/A;N/A;N/A;N/A;No;N/A;N/A;N/A;N/A;N/A;N/A;N/A;N/A;N/A;N/A;N/A;N/A;N/A;N/A;N/A;N/A;N/A;No;No;N/A;N/A;N/A;N/A;N/A;N/A;N/A;N/A;N/A;N/A;N/A;N/A;N/A;N/A;N/A;N/A;N/A;N/A;N/A;N/A;N/A;N/A;N/A;N/A;N/A;N/A;N/A;N/A;N/A;N/A;N/A;N/A;No;Sí;Sí;Sí;N/A;Sí;N/A;N/A;N/A;N/A;Sí;No;Sí;Sí;N/A;N/A;Sí;Sí;Sí;Sí;Sí;Sí;Sí;Sí;Sí;N/A;Sí
Renault;Kwid;"1.0 Sce 66cv Intense";2018;"46000 km";;TOPIMPORTACIONESUY;10900;;;;;Carrasco;https://auto.mercadolibre.com.uy/MLU-706200672-renault-kwid-intense-2018-46-mil-km-como-nuevo-_JM;N/A;;"Renault Kwid Intense 2018 46 Mil Km. Como Nuevo!";usd;Sí;gold_premium;false;N/A;N/A;http://perfil.mercadolibre.com.uy/TOPIMPORTACIONESUY;active;N/A;N/A;Usado;Gris;N/A;Hidráulica;Delantera;Sí;Sí;Sí;N/A;N/A;N/A;N/A;N/A;N/A;N/A;N/A;N/A;Sí;N/A;N/A;N/A;N/A;N/A;N/A;N/A;N/A;N/A;N/A;N/A;N/A;"2423 mm";"1 L";"50 L";5;N/A;N/A;N/A;N/A;N/A;N/A;N/A;N/A;N/A;N/A;N/A;N/A;N/A;N/A;N/A;N/A;N/A;N/A;N/A;N/A;N/A;N/A;N/A;N/A;N/A;N/A;N/A;N/A;N/A;N/A;N/A;N/A;N/A;N/A;N/A;N/A;N/A;N/A;N/A;N/A;N/A;N/A;N/A;N/A;N/A;"1474 mm";"3680 mm";N/A;N/A;N/A;N/A;5;"66 hp";Intense;N/A;4;"1752 mm";N/A;N/A;N/A;N/A;N/A;N/A;Sí;Sí;N/A;N/A;N/A;N/A;N/A;N/A;N/A;N/A;Sí;N/A;5;1.0;Nafta;Manual;Hatchback;"Autos y camionetas";N/A;N/A;N/A;N/A;N/A;N/A;UY;N/A;Sí;N/A;N/A;N/A;N/A;N/A;N/A;N/A;N/A;N/A;N/A;N/A;N/A;N/A;N/A;N/A;N/A;N/A;N/A;N/A;N/A;N/A;N/A;N/A;N/A;N/A;N/A;N/A;N/A;N/A;N/A;N/A;N/A;N/A;N/A;N/A;N/A;N/A;N/A;N/A;N/A;N/A;N/A;N/A;N/A;N/A;N/A;N/A;N/A;N/A;N/A;N/A;N/A;N/A;N/A;N/A;N/A;N/A;N/A;N/A;N/A;N/A;N/A;N/A;N/A;N/A;N/A;N/A;N/A;N/A;N/A;N/A;N/A;N/A;N/A;N/A;N/A;N/A;N/A;N/A;N/A;N/A;N/A;N/A;N/A;N/A;N/A;N/A;Sí;N/A;N/A;N/A;Sí;N/A;N/A;N/A;N/A;Sí;N/A;N/A;Sí;N/A;N/A;N/A;N/A;Sí;Sí;Sí;Sí;N/A;N/A;N/A;N/A;Sí
Renault;"Sandero Stepway";"1.6 Expression 105cv";2011;"200000 km";;GLMOTORS3;9990;;;;;Cerrito;https://auto.mercadolibre.com.uy/MLU-694661290-renault-sandero-stepway-gl-motors--_JM;N/A;;"Renault Sandero Stepway (( Gl Motors ))";usd;Sí;gold_premium;false;N/A;N/A;http://perfil.mercadolibre.com.uy/GLMOTORS3;active;N/A;N/A;Usado;Plateado;N/A;Hidráulica;Delantera;N/A;N/A;N/A;N/A;N/A;N/A;N/A;N/A;N/A;N/A;N/A;N/A;N/A;N/A;N/A;N/A;N/A;N/A;N/A;N/A;N/A;N/A;N/A;N/A;N/A;"2588 mm";"1.6 L";"50 L";5;N/A;N/A;N/A;N/A;N/A;N/A;N/A;N/A;N/A;N/A;N/A;N/A;N/A;N/A;N/A;N/A;N/A;N/A;N/A;N/A;N/A;N/A;N/A;N/A;N/A;N/A;N/A;N/A;N/A;N/A;N/A;N/A;N/A;Sí;N/A;N/A;N/A;N/A;N/A;N/A;N/A;N/A;N/A;N/A;N/A;"1630 mm";"4091 mm";N/A;N/A;N/A;N/A;5;"105 hp";Expression;N/A;4;"1751 mm";"9.3 km/l";N/A;N/A;N/A;Sí;N/A;N/A;Sí;N/A;N/A;N/A;"5.9 km/l";N/A;N/A;N/A;N/A;N/A;"lunes a viernes de 9 a 18:30 sábados de 10 a 13 hs";5;1.6;Nafta;Manual;Hatchback;"Autos y camionetas";N/A;N/A;N/A;N/A;N/A;N/A;UY;N/A;N/A;N/A;N/A;N/A;N/A;N/A;N/A;N/A;N/A;N/A;N/A;N/A;N/A;N/A;N/A;N/A;N/A;N/A;N/A;N/A;N/A;N/A;N/A;N/A;N/A;N/A;N/A;N/A;N/A;N/A;N/A;N/A;N/A;N/A;N/A;N/A;N/A;N/A;N/A;N/A;N/A;N/A;N/A;N/A;N/A;N/A;N/A;N/A;N/A;N/A;N/A;N/A;N/A;N/A;N/A;N/A;N/A;N/A;N/A;N/A;N/A;N/A;N/A;N/A;N/A;N/A;N/A;N/A;N/A;N/A;N/A;N/A;N/A;N/A;N/A;N/A;N/A;N/A;N/A;N/A;N/A;N/A;N/A;N/A;N/A;N/A;N/A;N/A;N/A;N/A;N/A;N/A;N/A;N/A;N/A;N/A;N/A;N/A;N/A;N/A;N/A;N/A;N/A;N/A;Sí;N/A;N/A;N/A;N/A;N/A;N/A;Sí;N/A;N/A
Renault;"Duster Oroch";"2.0 Privilege";2017;"89000 km";;"KM0 MOTORS";15800;;;;;"Aeropuerto Internacional De Carrasco";https://auto.mercadolibre.com.uy/MLU-692635540-renault-oroch-_JM;N/A;;"Renault Oroch";usd;Sí;gold_premium;false;N/A;N/A;http://perfil.mercadolibre.com.uy/KM0+MOTORS;active;N/A;N/A;Usado;Gris;N/A;Hidráulica;4x2;Sí;N/A;N/A;N/A;N/A;N/A;N/A;N/A;N/A;N/A;N/A;N/A;N/A;N/A;N/A;N/A;N/A;N/A;N/A;N/A;N/A;N/A;N/A;N/A;N/A;"2829 mm";"2 L";"50 L";6;N/A;N/A;N/A;N/A;N/A;N/A;N/A;N/A;N/A;N/A;N/A;N/A;N/A;N/A;N/A;N/A;N/A;N/A;N/A;N/A;N/A;N/A;N/A;N/A;N/A;N/A;N/A;N/A;N/A;N/A;N/A;N/A;N/A;N/A;N/A;N/A;N/A;N/A;N/A;N/A;N/A;N/A;N/A;N/A;N/A;"1683 mm";"4329 mm";N/A;N/A;N/A;N/A;5;"143 hp";Privilege;N/A;4;"1821 mm";"10.8 km/l";N/A;N/A;N/A;N/A;N/A;N/A;N/A;N/A;N/A;N/A;N/A;N/A;N/A;N/A;N/A;N/A;N/A;5;2.0;Nafta;Manual;SUV;"Autos y camionetas";N/A;N/A;N/A;N/A;N/A;N/A;UY;N/A;N/A;N/A;N/A;N/A;N/A;N/A;N/A;N/A;N/A;N/A;N/A;N/A;N/A;N/A;N/A;N/A;N/A;N/A;N/A;N/A;N/A;N/A;N/A;N/A;N/A;N/A;N/A;N/A;N/A;N/A;N/A;N/A;N/A;N/A;N/A;N/A;N/A;N/A;N/A;N/A;N/A;N/A;N/A;N/A;N/A;N/A;N/A;N/A;N/A;N/A;N/A;N/A;N/A;N/A;N/A;N/A;N/A;N/A;N/A;N/A;N/A;N/A;N/A;N/A;N/A;N/A;N/A;N/A;N/A;N/A;N/A;N/A;N/A;N/A;N/A;N/A;N/A;N/A;N/A;N/A;N/A;N/A;N/A;N/A;N/A;N/A;N/A;N/A;N/A;N/A;N/A;N/A;N/A;N/A;N/A;N/A;N/A;N/A;N/A;N/A;N/A;N/A;N/A;N/A;N/A;N/A;N/A;N/A;N/A;N/A;N/A;N/A;N/A;N/A
Renault;Oroch;"1.6 Dynamique";2019;"125000 km";;JUANPABLOSERIOBOSSI;15250;;;;;Pocitos;https://auto.mercadolibre.com.uy/MLU-705049814-renault-oroch-16-ano-2019-_JM;N/A;;"Renault Oroch 1.6 / Año 2019";USD;Sí;gold_premium;false;N/A;N/A;http://perfil.mercadolibre.com.uy/JUANPABLOSERIOBOSSI;active;N/A;N/A;Usado;Verde;Sí;Hidráulica;Delantera;Sí;Sí;N/A;N/A;N/A;No;N/A;N/A;No;N/A;N/A;No;Sí;N/A;No;N/A;N/A;N/A;N/A;N/A;N/A;N/A;N/A;N/A;N/A;N/A;N/A;N/A;N/A;N/A;N/A;N/A;N/A;N/A;Sí;N/A;N/A;N/A;N/A;N/A;N/A;N/A;N/A;N/A;N/A;N/A;N/A;N/A;N/A;N/A;N/A;N/A;N/A;N/A;N/A;N/A;N/A;N/A;Sí;N/A;N/A;N/A;N/A;N/A;N/A;N/A;N/A;N/A;N/A;N/A;N/A;N/A;N/A;N/A;N/A;N/A;N/A;N/A;N/A;N/A;N/A;N/A;N/A;N/A;N/A;N/A;N/A;No;N/A;No;Sí;N/A;Sí;No;N/A;No;N/A;N/A;No;No;N/A;N/A;No;"7 a 22 hs";4;1.6;Nafta;Manual;N/A;"Autos y camionetas";No;N/A;N/A;N/A;No;N/A;N/A;N/A;No;N/A;Sí;N/A;N/A;N/A;N/A;N/A;N/A;N/A;N/A;N/A;N/A;N/A;N/A;N/A;No;N/A;N/A;N/A;N/A;N/A;N/A;N/A;N/A;N/A;N/A;N/A;N/A;N/A;N/A;N/A;N/A;N/A;N/A;No;N/A;N/A;N/A;N/A;N/A;N/A;N/A;N/A;N/A;N/A;N/A;N/A;N/A;N/A;N/A;N/A;N/A;No;Sí;N/A;N/A;N/A;N/A;N/A;N/A;N/A;N/A;N/A;N/A;N/A;N/A;N/A;N/A;N/A;N/A;N/A;N/A;N/A;N/A;N/A;N/A;N/A;N/A;N/A;N/A;N/A;N/A;N/A;N/A;N/A;N/A;Sí;Sí;Sí;Sí;N/A;Sí;N/A;N/A;N/A;N/A;Sí;No;No;Sí;N/A;N/A;No;Sí;Sí;Sí;Sí;Sí;No;No;Sí;N/A;Sí
Renault;"Duster Oroch";"1.6 Dynamique";2018;"147000 km";;AUGO152616;14900;;;;;"Lomas de Solymar";https://auto.mercadolibre.com.uy/MLU-703909336-renault-oroch-expression-16-2018-permuto-financio-100-_JM;N/A;;"Renault Oroch Expression 1.6 2018 Permuto Financio 100%";usd;Sí;gold_premium;false;N/A;N/A;http://perfil.mercadolibre.com.uy/AUGO152616;active;N/A;N/A;Usado;Verde;Sí;Hidráulica;4x2;Sí;Sí;Sí;N/A;N/A;N/A;N/A;N/A;N/A;N/A;N/A;N/A;Sí;N/A;N/A;N/A;N/A;N/A;N/A;N/A;N/A;N/A;N/A;N/A;N/A;"2829 mm";"1.6 L";"50 L";5;N/A;N/A;N/A;N/A;N/A;N/A;N/A;N/A;N/A;N/A;N/A;N/A;N/A;N/A;N/A;N/A;N/A;N/A;N/A;N/A;N/A;N/A;N/A;N/A;N/A;N/A;N/A;N/A;N/A;N/A;N/A;N/A;N/A;N/A;N/A;N/A;N/A;N/A;N/A;N/A;N/A;N/A;N/A;N/A;N/A;"1683 mm";"4329 mm";N/A;N/A;N/A;N/A;5;"110 hp";Dynamique;N/A;4;"1821 mm";"11.1 km/l";N/A;N/A;N/A;Sí;N/A;Sí;N/A;N/A;N/A;N/A;"10.4 km/l";N/A;N/A;N/A;N/A;N/A;N/A;4;1.6;Nafta;Manual;SUV;"Autos y camionetas";N/A;N/A;N/A;N/A;N/A;N/A;UY;N/A;Sí;N/A;Sí;N/A;N/A;N/A;N/A;N/A;N/A;N/A;N/A;N/A;N/A;N/A;N/A;N/A;N/A;N/A;N/A;N/A;N/A;N/A;N/A;N/A;N/A;N/A;N/A;N/A;N/A;N/A;N/A;N/A;N/A;N/A;N/A;N/A;N/A;N/A;N/A;N/A;N/A;N/A;N/A;N/A;N/A;N/A;N/A;N/A;N/A;N/A;N/A;N/A;N/A;Sí;N/A;N/A;N/A;N/A;N/A;N/A;N/A;N/A;N/A;N/A;N/A;N/A;N/A;N/A;N/A;N/A;N/A;N/A;N/A;N/A;N/A;N/A;N/A;N/A;N/A;N/A;N/A;N/A;N/A;N/A;N/A;N/A;N/A;N/A;Sí;Sí;Sí;N/A;N/A;N/A;N/A;N/A;N/A;Sí;N/A;Sí;Sí;N/A;N/A;N/A;Sí;N/A;Sí;Sí;Sí;N/A;N/A;N/A;N/A;N/A
Renault;Sandero;"1.0 Life";2021;"118000 km";;GLMOTORS3;12990;;;;;Cerrito;https://auto.mercadolibre.com.uy/MLU-703538034-renault-nuevo-sandero-life-10-gl-motors--_JM;N/A;;"Renault Nuevo Sandero Life 1.0 (( Gl Motors ))";usd;Sí;gold_premium;false;N/A;N/A;http://perfil.mercadolibre.com.uy/GLMOTORS3;active;N/A;N/A;Usado;Gris;N/A;Hidráulica;Delantera;Sí;Sí;Sí;N/A;N/A;Sí;N/A;N/A;N/A;N/A;N/A;N/A;Sí;N/A;N/A;N/A;N/A;N/A;N/A;N/A;N/A;N/A;N/A;N/A;N/A;"2590 mm";"1 L";"50 L";5;N/A;N/A;N/A;N/A;N/A;N/A;N/A;N/A;N/A;N/A;N/A;N/A;N/A;N/A;N/A;N/A;N/A;N/A;N/A;N/A;N/A;N/A;N/A;N/A;N/A;N/A;N/A;N/A;N/A;N/A;N/A;N/A;N/A;Sí;Sí;Sí;N/A;N/A;N/A;N/A;N/A;N/A;N/A;N/A;N/A;"1559 mm";"4066 mm";N/A;N/A;N/A;N/A;5;"66 hp";Life;N/A;4;"1761 mm";"9.3 km/l";Sí;N/A;N/A;N/A;N/A;Sí;Sí;N/A;N/A;N/A;"5.9 km/l";N/A;Sí;N/A;N/A;Sí;"lunes a viernes de 9 a 18:30 sábados de 10 a 13 hs";5;1.0;Nafta;Manual;Hatchback;"Autos y camionetas";Sí;N/A;N/A;N/A;Sí;N/A;UY;N/A;Sí;N/A;Sí;N/A;N/A;N/A;N/A;N/A;N/A;N/A;N/A;N/A;N/A;N/A;N/A;N/A;N/A;N/A;N/A;N/A;N/A;N/A;N/A;N/A;N/A;N/A;N/A;N/A;N/A;N/A;N/A;N/A;N/A;N/A;N/A;N/A;N/A;N/A;N/A;N/A;N/A;N/A;N/A;N/A;N/A;N/A;N/A;N/A;N/A;N/A;N/A;N/A;N/A;N/A;N/A;N/A;N/A;N/A;N/A;N/A;N/A;N/A;N/A;N/A;N/A;N/A;N/A;N/A;N/A;N/A;N/A;N/A;N/A;N/A;N/A;N/A;N/A;N/A;N/A;N/A;N/A;N/A;N/A;N/A;N/A;N/A;N/A;N/A;Sí;Sí;N/A;N/A;Sí;N/A;N/A;N/A;N/A;Sí;N/A;Sí;Sí;N/A;N/A;N/A;Sí;Sí;Sí;Sí;Sí;Sí;Sí;Sí;N/A;Sí
Renault;Kwid;"1.0 Sce 66cv Intense";2024;"0 km";;"MOREIRA AUTOMOVILES";15600;;;;;"Las Piedras";https://auto.mercadolibre.com.uy/MLU-642347905-renault-kwid-intense-10-mt-_JM;N/A;;"Renault Kwid Intense 1.0 Mt";usd;Sí;gold_premium;false;N/A;N/A;http://perfil.mercadolibre.com.uy/MOREIRA+AUTOMOVILES;active;N/A;N/A;Nuevo;Blanco;N/A;N/A;Delantera;N/A;N/A;Sí;N/A;N/A;N/A;N/A;N/A;N/A;N/A;N/A;N/A;N/A;N/A;N/A;N/A;N/A;N/A;N/A;N/A;N/A;N/A;N/A;N/A;N/A;"2423 mm";"1 L";"50 L";5;N/A;N/A;N/A;N/A;N/A;N/A;N/A;N/A;N/A;N/A;N/A;N/A;N/A;N/A;N/A;N/A;N/A;N/A;N/A;N/A;N/A;N/A;N/A;N/A;N/A;N/A;N/A;N/A;N/A;N/A;N/A;N/A;N/A;N/A;N/A;N/A;N/A;N/A;N/A;N/A;N/A;N/A;N/A;N/A;N/A;"1474 mm";"3680 mm";N/A;N/A;N/A;N/A;5;"66 hp";Intense;N/A;4;"1752 mm";N/A;N/A;N/A;N/A;N/A;N/A;N/A;N/A;N/A;N/A;N/A;N/A;N/A;N/A;N/A;N/A;N/A;"Lunes a Sábado de 8:00 a 18:30";5;1.0;Nafta;Manual;Hatchback;"Autos y camionetas";N/A;N/A;N/A;N/A;N/A;N/A;UY;N/A;N/A;N/A;N/A;N/A;N/A;N/A;N/A;N/A;N/A;N/A;N/A;N/A;N/A;N/A;N/A;N/A;N/A;N/A;N/A;N/A;N/A;N/A;N/A;N/A;N/A;N/A;N/A;N/A;N/A;N/A;N/A;N/A;N/A;N/A;N/A;N/A;N/A;N/A;N/A;N/A;N/A;N/A;N/A;N/A;N/A;N/A;N/A;N/A;N/A;N/A;N/A;N/A;N/A;N/A;N/A;N/A;N/A;N/A;N/A;N/A;N/A;N/A;N/A;N/A;N/A;N/A;N/A;N/A;N/A;N/A;N/A;N/A;N/A;N/A;N/A;N/A;N/A;N/A;N/A;N/A;N/A;N/A;N/A;N/A;N/A;N/A;N/A;N/A;N/A;N/A;N/A;N/A;N/A;N/A;N/A;N/A;N/A;N/A;N/A;N/A;N/A;N/A;N/A;N/A;N/A;N/A;N/A;N/A;N/A;N/A;N/A;N/A;N/A;N/A
Renault;Kwid;"1.0 Sce 66cv Intense";2024;"0 km";;NISSANMOREIRA;15600;;;;;Pando;https://auto.mercadolibre.com.uy/MLU-637103397-renault-kwid-intense-10-_JM;N/A;;"Renault Kwid Intense 1.0";usd;Sí;gold_premium;false;N/A;N/A;http://perfil.mercadolibre.com.uy/NISSANMOREIRA;active;N/A;N/A;Nuevo;Azul;N/A;N/A;Delantera;N/A;N/A;Sí;N/A;N/A;N/A;N/A;N/A;N/A;N/A;N/A;N/A;N/A;N/A;N/A;N/A;N/A;N/A;N/A;N/A;N/A;N/A;N/A;N/A;N/A;"2423 mm";"1 L";"50 L";5;N/A;N/A;N/A;N/A;N/A;N/A;N/A;N/A;N/A;N/A;N/A;N/A;N/A;N/A;N/A;N/A;N/A;N/A;N/A;N/A;N/A;N/A;N/A;N/A;N/A;N/A;N/A;N/A;N/A;N/A;N/A;N/A;N/A;N/A;N/A;N/A;N/A;N/A;N/A;N/A;N/A;N/A;N/A;N/A;N/A;"1474 mm";"3680 mm";N/A;N/A;N/A;N/A;5;"66 hp";Intense;N/A;4;"1752 mm";N/A;N/A;N/A;N/A;N/A;N/A;N/A;N/A;N/A;N/A;N/A;N/A;N/A;N/A;N/A;N/A;N/A;"LUNES A LUNES";5;1.0;Nafta;Manual;Hatchback;"Autos y camionetas";N/A;N/A;N/A;N/A;N/A;N/A;UY;N/A;N/A;N/A;N/A;N/A;N/A;N/A;N/A;N/A;N/A;N/A;N/A;N/A;N/A;N/A;N/A;N/A;N/A;N/A;N/A;N/A;N/A;N/A;N/A;N/A;N/A;N/A;N/A;N/A;N/A;N/A;N/A;N/A;N/A;N/A;N/A;N/A;N/A;N/A;N/A;N/A;N/A;N/A;N/A;N/A;N/A;N/A;N/A;N/A;N/A;N/A;N/A;N/A;N/A;N/A;N/A;N/A;N/A;N/A;N/A;N/A;N/A;N/A;N/A;N/A;N/A;N/A;N/A;N/A;N/A;N/A;N/A;N/A;N/A;N/A;N/A;N/A;N/A;N/A;N/A;N/A;N/A;N/A;N/A;N/A;N/A;N/A;N/A;N/A;N/A;N/A;N/A;N/A;N/A;N/A;N/A;N/A;N/A;N/A;N/A;N/A;N/A;N/A;N/A;N/A;N/A;N/A;N/A;N/A;N/A;N/A;N/A;N/A;N/A;N/A
Renault;Master;"Nueva master L3h3";2024;"0 km";;NISSANMOREIRA;45000;;;;;Pando;https://auto.mercadolibre.com.uy/MLU-704462462-renault-master-nueva-master-l3h2-_JM;N/A;;"Renault Master Nueva Master L3h2";USD;Sí;gold_premium;false;N/A;N/A;http://perfil.mercadolibre.com.uy/NISSANMOREIRA;active;N/A;N/A;Nuevo;Blanco;N/A;N/A;N/A;N/A;N/A;N/A;N/A;N/A;N/A;N/A;N/A;N/A;N/A;N/A;N/A;N/A;N/A;N/A;N/A;N/A;N/A;N/A;N/A;N/A;N/A;N/A;N/A;N/A;N/A;N/A;N/A;N/A;N/A;N/A;N/A;N/A;N/A;N/A;N/A;N/A;N/A;N/A;N/A;N/A;N/A;N/A;N/A;N/A;N/A;N/A;N/A;N/A;N/A;N/A;N/A;N/A;N/A;N/A;N/A;N/A;N/A;N/A;N/A;N/A;N/A;N/A;N/A;N/A;N/A;N/A;N/A;N/A;N/A;N/A;N/A;N/A;N/A;N/A;N/A;N/A;N/A;N/A;N/A;N/A;N/A;N/A;N/A;N/A;N/A;N/A;N/A;N/A;N/A;N/A;N/A;N/A;N/A;N/A;N/A;N/A;N/A;N/A;N/A;N/A;N/A;N/A;"Lunes a Viernes de 8 a 18";5;N/A;Diésel;N/A;N/A;"Autos y camionetas";N/A;N/A;N/A;N/A;N/A;N/A;N/A;N/A;N/A;N/A;N/A;N/A;N/A;N/A;N/A;N/A;N/A;N/A;N/A;N/A;N/A;N/A;N/A;N/A;N/A;N/A;N/A;N/A;N/A;N/A;N/A;N/A;N/A;N/A;N/A;N/A;N/A;N/A;N/A;N/A;N/A;N/A;N/A;N/A;N/A;N/A;N/A;N/A;N/A;N/A;N/A;N/A;N/A;N/A;N/A;N/A;N/A;N/A;N/A;N/A;N/A;N/A;N/A;N/A;N/A;N/A;N/A;N/A;N/A;N/A;N/A;N/A;N/A;N/A;N/A;N/A;N/A;N/A;N/A;N/A;N/A;N/A;N/A;N/A;N/A;N/A;N/A;N/A;N/A;N/A;N/A;N/A;N/A;N/A;N/A;N/A;N/A;N/A;N/A;N/A;N/A;N/A;N/A;N/A;N/A;N/A;N/A;N/A;N/A;N/A;N/A;N/A;N/A;N/A;N/A;N/A;N/A;N/A;N/A;N/A;N/A;N/A
Renault;"Duster Oroch";"1.6 Dynamique";2018;"79000 km";;"KM0 MOTORS";17800;;;;;"Aeropuerto Internacional De Carrasco";https://auto.mercadolibre.com.uy/MLU-646480279-renault-duster-oroch-2020-16-dynamique-_JM;N/A;;"Renault Duster Oroch 2020 1.6 Dynamique";usd;Sí;gold_premium;false;N/A;N/A;http://perfil.mercadolibre.com.uy/KM0+MOTORS;active;N/A;N/A;Usado;N/A;N/A;Hidráulica;4x2;N/A;N/A;Sí;N/A;N/A;N/A;N/A;N/A;N/A;N/A;N/A;N/A;N/A;N/A;N/A;N/A;N/A;N/A;N/A;N/A;N/A;N/A;N/A;N/A;N/A;"2829 mm";"1598 cc";"50 L";5;N/A;N/A;N/A;N/A;N/A;N/A;N/A;N/A;N/A;N/A;N/A;N/A;N/A;N/A;N/A;N/A;N/A;N/A;N/A;N/A;N/A;N/A;N/A;N/A;N/A;N/A;N/A;N/A;N/A;N/A;N/A;N/A;N/A;N/A;N/A;N/A;N/A;N/A;N/A;N/A;N/A;N/A;N/A;N/A;N/A;"1683 mm";"4329 mm";N/A;N/A;N/A;N/A;5;"110 hp";Dynamique;N/A;4;"1821 mm";"11.1 km/l";N/A;N/A;N/A;N/A;N/A;N/A;N/A;N/A;N/A;N/A;"10.4 km/l";N/A;N/A;N/A;N/A;N/A;N/A;4;1.6;Nafta;Manual;SUV;"Autos y camionetas";N/A;N/A;N/A;N/A;N/A;N/A;UY;N/A;N/A;N/A;N/A;N/A;N/A;N/A;N/A;N/A;N/A;N/A;N/A;N/A;N/A;N/A;N/A;N/A;N/A;N/A;N/A;N/A;N/A;N/A;N/A;N/A;N/A;N/A;N/A;N/A;N/A;N/A;N/A;N/A;N/A;N/A;N/A;N/A;N/A;N/A;N/A;N/A;N/A;N/A;N/A;N/A;N/A;N/A;N/A;N/A;N/A;N/A;N/A;N/A;N/A;N/A;N/A;N/A;N/A;N/A;N/A;N/A;N/A;N/A;N/A;N/A;N/A;N/A;N/A;N/A;N/A;N/A;N/A;N/A;N/A;N/A;N/A;N/A;N/A;N/A;N/A;N/A;N/A;N/A;N/A;N/A;N/A;N/A;N/A;N/A;N/A;N/A;N/A;N/A;N/A;N/A;N/A;N/A;N/A;N/A;N/A;N/A;N/A;N/A;N/A;N/A;N/A;N/A;N/A;N/A;N/A;N/A;N/A;N/A;N/A;N/A
Renault;Megane;"1.6 Tric Pack Plus";2008;"1111 km";;JUNCALAUTOMOVILES;4990;;;;;Centro;https://auto.mercadolibre.com.uy/MLU-705299930-renault-megane-16-tric-pack-plus-_JM;N/A;;"Renault Megane 1.6 Tric Pack Plus";usd;Sí;gold_premium;false;N/A;N/A;http://perfil.mercadolibre.com.uy/JUNCALAUTOMOVILES;active;N/A;N/A;Usado;Azul;No;Hidráulica;Delantera;Sí;Sí;Sí;N/A;N/A;No;N/A;N/A;No;N/A;N/A;No;Sí;N/A;Sí;N/A;N/A;N/A;N/A;N/A;N/A;N/A;N/A;N/A;N/A;"2686 mm";"1.6 L";"60 L";5;N/A;N/A;N/A;N/A;N/A;Sí;N/A;N/A;N/A;N/A;N/A;N/A;N/A;N/A;N/A;N/A;N/A;N/A;N/A;N/A;N/A;N/A;N/A;N/A;N/A;N/A;N/A;N/A;N/A;No;N/A;N/A;N/A;Sí;N/A;N/A;N/A;N/A;N/A;N/A;N/A;N/A;N/A;N/A;N/A;"1435 mm";"4436 mm";N/A;N/A;N/A;N/A;5;"110 hp";"Pack Plus";N/A;4;"1777 mm";N/A;No;N/A;No;Sí;N/A;Sí;Sí;N/A;No;N/A;N/A;No;No;N/A;N/A;No;"Lunes a Viernes de 10:00 a 18:00 Hrs";4;1.6;Nafta;Manual;Sedán;"Autos y camionetas";Sí;N/A;N/A;N/A;No;N/A;UY;N/A;Sí;N/A;No;N/A;N/A;N/A;N/A;N/A;N/A;N/A;N/A;N/A;N/A;N/A;N/A;N/A;No;N/A;N/A;N/A;N/A;N/A;N/A;N/A;N/A;N/A;N/A;N/A;N/A;N/A;N/A;N/A;N/A;N/A;N/A;No;N/A;N/A;N/A;N/A;N/A;N/A;N/A;N/A;N/A;N/A;N/A;N/A;N/A;N/A;N/A;N/A;N/A;No;Sí;N/A;N/A;N/A;N/A;N/A;N/A;N/A;N/A;N/A;N/A;N/A;N/A;N/A;N/A;N/A;N/A;N/A;N/A;N/A;N/A;N/A;N/A;N/A;N/A;N/A;N/A;N/A;N/A;N/A;N/A;N/A;N/A;No;Sí;Sí;No;N/A;No;N/A;N/A;N/A;N/A;No;No;Sí;Sí;N/A;N/A;No;Sí;Sí;Sí;Sí;Sí;Sí;No;Sí;N/A;Sí
Renault;Clio;"AUTHENTIQUE 1.2 16v FULL PERMUTO FINANCIO 100% 60 DE $ 11.500 APROX.";2015;"118000 km";;"POMBO NOVO_AUTOMOVILES";11990;;;;;Malvin;https://auto.mercadolibre.com.uy/MLU-703991488-renault-clio-iv-authentique-12-16v-ano-2015-_JM;N/A;;"Renault Clio Iv Authentique 1.2 16v Año 2015 ";USD;Sí;gold_premium;false;N/A;N/A;http://perfil.mercadolibre.com.uy/POMBO+NOVO_AUTOMOVILES;active;N/A;N/A;Usado;Gris;No;Hidráulica;Delantera;Sí;Sí;N/A;N/A;N/A;No;N/A;N/A;No;N/A;N/A;No;Sí;N/A;No;N/A;N/A;N/A;N/A;N/A;N/A;N/A;N/A;N/A;N/A;N/A;N/A;N/A;N/A;N/A;N/A;N/A;N/A;N/A;No;N/A;N/A;N/A;N/A;N/A;N/A;N/A;N/A;N/A;N/A;N/A;N/A;N/A;N/A;N/A;N/A;N/A;N/A;N/A;N/A;N/A;N/A;N/A;No;N/A;N/A;N/A;N/A;N/A;N/A;N/A;N/A;N/A;N/A;N/A;N/A;N/A;N/A;N/A;N/A;N/A;N/A;N/A;N/A;N/A;N/A;N/A;N/A;N/A;N/A;N/A;N/A;No;N/A;Sí;Sí;N/A;Sí;Sí;N/A;No;N/A;N/A;No;No;N/A;N/A;Sí;"LUNES A VIERNES 11:00 A 18:00";5;"1.2 16v";Nafta;Manual;Hatchback;"Autos y camionetas";Sí;N/A;N/A;N/A;No;N/A;N/A;N/A;Sí;N/A;Sí;N/A;N/A;N/A;N/A;N/A;N/A;N/A;N/A;N/A;N/A;N/A;N/A;N/A;No;N/A;N/A;N/A;N/A;N/A;N/A;N/A;N/A;N/A;N/A;N/A;N/A;N/A;N/A;N/A;N/A;N/A;N/A;No;N/A;N/A;N/A;N/A;N/A;N/A;N/A;N/A;N/A;N/A;N/A;N/A;N/A;N/A;N/A;N/A;N/A;No;No;N/A;N/A;N/A;N/A;N/A;N/A;N/A;N/A;N/A;N/A;N/A;N/A;N/A;N/A;N/A;N/A;N/A;N/A;N/A;N/A;N/A;N/A;N/A;N/A;N/A;N/A;N/A;N/A;N/A;N/A;N/A;N/A;No;Sí;Sí;No;N/A;Sí;N/A;N/A;N/A;N/A;Sí;No;Sí;Sí;N/A;N/A;No;Sí;Sí;Sí;Sí;Sí;No;No;Sí;N/A;Sí
Renault;Scénic;"1.6 Sportway";2008;"285000 km";;"GL MOTORS.AUTOMOTORA";8990;;;;;"Brazo Oriental";https://auto.mercadolibre.com.uy/MLU-699250474-renault-scenic-sportway-gl-motors-financiamos-100-en--_JM;N/A;;"Renault Scenic Sportway ((gl Motors)) Financiamos 100% En $";usd;Sí;gold_premium;false;N/A;N/A;http://perfil.mercadolibre.com.uy/GL+MOTORS.AUTOMOTORA;active;N/A;N/A;Usado;Violeta;N/A;Hidráulica;Delantera;Sí;N/A;Sí;N/A;N/A;N/A;N/A;N/A;N/A;N/A;N/A;N/A;N/A;N/A;N/A;N/A;N/A;N/A;N/A;N/A;N/A;N/A;N/A;N/A;N/A;"2580 mm";"1.6 L";"60 L";5;N/A;N/A;N/A;N/A;N/A;N/A;N/A;N/A;N/A;N/A;N/A;N/A;N/A;N/A;N/A;N/A;N/A;N/A;N/A;N/A;N/A;N/A;N/A;N/A;N/A;N/A;N/A;N/A;N/A;N/A;N/A;N/A;N/A;Sí;Sí;N/A;N/A;N/A;N/A;N/A;N/A;N/A;N/A;N/A;N/A;"1675 mm";"4169 mm";N/A;N/A;N/A;N/A;5;"110 hp";Sportway;N/A;4;"1810 mm";N/A;N/A;N/A;N/A;Sí;N/A;N/A;N/A;N/A;N/A;N/A;N/A;N/A;N/A;N/A;N/A;N/A;N/A;5;1.6;Nafta;Manual;SUV;"Autos y camionetas";N/A;N/A;N/A;N/A;N/A;N/A;UY;N/A;N/A;N/A;N/A;N/A;N/A;N/A;N/A;N/A;N/A;N/A;N/A;N/A;N/A;N/A;N/A;N/A;N/A;N/A;N/A;N/A;N/A;N/A;N/A;N/A;N/A;N/A;N/A;N/A;N/A;N/A;N/A;N/A;N/A;N/A;N/A;N/A;N/A;N/A;N/A;N/A;N/A;N/A;N/A;N/A;N/A;N/A;N/A;N/A;N/A;N/A;N/A;N/A;N/A;N/A;N/A;N/A;N/A;N/A;N/A;N/A;N/A;N/A;N/A;N/A;N/A;N/A;N/A;N/A;N/A;N/A;N/A;N/A;N/A;N/A;N/A;N/A;N/A;N/A;N/A;N/A;N/A;N/A;N/A;N/A;N/A;N/A;N/A;N/A;N/A;N/A;N/A;N/A;N/A;N/A;N/A;N/A;N/A;N/A;N/A;N/A;N/A;N/A;N/A;N/A;Sí;N/A;N/A;N/A;N/A;N/A;N/A;N/A;N/A;N/A
Renault;Logan;"1.6 Authentique 85cv";2018;"40000 km";;"USADOS FIDOCAR";12490;;;;;Centro;https://auto.mercadolibre.com.uy/MLU-644108633-renault-logan-2018-_JM;N/A;;"Renault Logan 2018";usd;Sí;gold_premium;false;N/A;N/A;http://perfil.mercadolibre.com.uy/USADOS+FIDOCAR;active;N/A;N/A;Usado;Gris;N/A;Hidráulica;Delantera;N/A;N/A;N/A;N/A;N/A;N/A;N/A;N/A;N/A;N/A;N/A;N/A;N/A;N/A;N/A;N/A;N/A;N/A;N/A;N/A;N/A;N/A;N/A;N/A;N/A;"2635 mm";"1.6 L";"50 L";5;N/A;N/A;N/A;N/A;N/A;N/A;N/A;N/A;N/A;N/A;N/A;N/A;N/A;N/A;N/A;N/A;N/A;N/A;N/A;N/A;N/A;N/A;N/A;N/A;N/A;N/A;N/A;N/A;N/A;N/A;N/A;N/A;N/A;N/A;N/A;N/A;N/A;N/A;N/A;N/A;N/A;N/A;N/A;N/A;N/A;"1529 mm";"4350 mm";N/A;N/A;N/A;N/A;5;"85 hp";Authentique;N/A;2;"1733 mm";"12.5 km/l";N/A;N/A;N/A;N/A;N/A;N/A;N/A;N/A;N/A;N/A;N/A;N/A;N/A;N/A;N/A;N/A;"Lunes a Viernes de 10 a 18hs";4;1.6;Nafta;Manual;Sedán;"Autos y camionetas";N/A;N/A;N/A;N/A;N/A;N/A;UY;N/A;N/A;N/A;N/A;N/A;N/A;N/A;N/A;N/A;N/A;N/A;N/A;N/A;N/A;N/A;N/A;N/A;N/A;N/A;N/A;N/A;N/A;N/A;N/A;N/A;N/A;N/A;N/A;N/A;N/A;N/A;N/A;N/A;N/A;N/A;N/A;N/A;N/A;N/A;N/A;N/A;N/A;N/A;N/A;N/A;N/A;N/A;N/A;N/A;N/A;N/A;N/A;N/A;N/A;N/A;N/A;N/A;N/A;N/A;N/A;N/A;N/A;N/A;N/A;N/A;N/A;N/A;N/A;N/A;N/A;N/A;N/A;N/A;N/A;N/A;N/A;N/A;N/A;N/A;N/A;N/A;N/A;N/A;N/A;N/A;N/A;N/A;N/A;N/A;N/A;N/A;N/A;N/A;N/A;N/A;N/A;N/A;N/A;N/A;N/A;N/A;N/A;N/A;N/A;N/A;N/A;N/A;N/A;N/A;N/A;N/A;N/A;N/A;N/A;N/A
Renault;Kwid;"1.0 Sce 66cv Intense";2018;"120000 km";;GLMOTORS3;12990;;;;;Cerrito;https://auto.mercadolibre.com.uy/MLU-699981944-renault-kwid-intense-10-gl-motors-financiamos-100-en--_JM;N/A;;"Renault Kwid Intense 1.0 ((gl Motors)) Financiamos 100% En $";usd;Sí;gold_premium;false;N/A;N/A;http://perfil.mercadolibre.com.uy/GLMOTORS3;active;N/A;N/A;Usado;Blanco;N/A;Hidráulica;Delantera;N/A;N/A;Sí;N/A;N/A;N/A;N/A;N/A;N/A;N/A;N/A;N/A;N/A;N/A;N/A;N/A;N/A;N/A;N/A;N/A;N/A;N/A;N/A;N/A;N/A;"2423 mm";"1 L";"50 L";5;N/A;N/A;N/A;N/A;N/A;N/A;N/A;N/A;N/A;N/A;N/A;N/A;N/A;N/A;N/A;N/A;N/A;N/A;N/A;N/A;N/A;N/A;N/A;N/A;N/A;N/A;N/A;N/A;N/A;N/A;N/A;N/A;N/A;N/A;N/A;N/A;N/A;N/A;N/A;N/A;N/A;N/A;N/A;N/A;N/A;"1474 mm";"3680 mm";N/A;N/A;N/A;N/A;5;"66 hp";Intense;N/A;4;"1752 mm";N/A;N/A;N/A;N/A;N/A;N/A;N/A;N/A;N/A;N/A;N/A;N/A;N/A;N/A;N/A;N/A;N/A;"lunes a viernes de 9 a 18:30 sábados de 10 a 13 hs";5;1.0;Nafta;Manual;Hatchback;"Autos y camionetas";N/A;N/A;N/A;N/A;N/A;N/A;UY;N/A;N/A;N/A;N/A;N/A;N/A;N/A;N/A;N/A;N/A;N/A;N/A;N/A;N/A;N/A;N/A;N/A;N/A;N/A;N/A;N/A;N/A;N/A;N/A;N/A;N/A;N/A;N/A;N/A;N/A;N/A;N/A;N/A;N/A;N/A;N/A;N/A;N/A;N/A;N/A;N/A;N/A;N/A;N/A;N/A;N/A;N/A;N/A;N/A;N/A;N/A;N/A;N/A;N/A;N/A;N/A;N/A;N/A;N/A;N/A;N/A;N/A;N/A;N/A;N/A;N/A;N/A;N/A;N/A;N/A;N/A;N/A;N/A;N/A;N/A;N/A;N/A;N/A;N/A;N/A;N/A;N/A;N/A;N/A;N/A;N/A;N/A;N/A;N/A;N/A;N/A;N/A;N/A;N/A;N/A;N/A;N/A;N/A;N/A;N/A;N/A;N/A;N/A;N/A;N/A;N/A;N/A;N/A;N/A;N/A;N/A;N/A;N/A;N/A;N/A
Renault;Kwid;"1.0 Sce 66cv Outsider";2024;"0 km";;NISSANMOREIRA;16500;;;;;Pando;https://auto.mercadolibre.com.uy/MLU-637013227-renault-kwid-outsider-10-_JM;N/A;;"Renault Kwid Outsider 1.0";usd;Sí;gold_premium;false;N/A;N/A;http://perfil.mercadolibre.com.uy/NISSANMOREIRA;active;N/A;N/A;Nuevo;Azul;N/A;N/A;Delantera;N/A;N/A;Sí;N/A;N/A;N/A;N/A;N/A;N/A;N/A;N/A;N/A;N/A;N/A;N/A;N/A;N/A;N/A;N/A;N/A;N/A;N/A;N/A;N/A;N/A;"2423 mm";"1 L";"50 L";5;N/A;N/A;N/A;N/A;N/A;N/A;N/A;N/A;N/A;N/A;N/A;N/A;N/A;N/A;N/A;N/A;N/A;N/A;N/A;N/A;N/A;N/A;N/A;N/A;N/A;N/A;N/A;N/A;N/A;N/A;N/A;N/A;N/A;N/A;N/A;N/A;N/A;N/A;N/A;N/A;N/A;N/A;N/A;N/A;N/A;"1474 mm";"3680 mm";N/A;N/A;N/A;N/A;5;"66 hp";Outsider;N/A;4;"1752 mm";N/A;N/A;N/A;N/A;N/A;N/A;N/A;N/A;N/A;N/A;N/A;N/A;N/A;N/A;N/A;N/A;N/A;"lunes a lunes";5;1.0;Nafta;Manual;Hatchback;"Autos y camionetas";N/A;N/A;N/A;N/A;N/A;N/A;UY;N/A;N/A;N/A;N/A;N/A;N/A;N/A;N/A;N/A;N/A;N/A;N/A;N/A;N/A;N/A;N/A;N/A;N/A;N/A;N/A;N/A;N/A;N/A;N/A;N/A;N/A;N/A;N/A;N/A;N/A;N/A;N/A;N/A;N/A;N/A;N/A;N/A;N/A;N/A;N/A;N/A;N/A;N/A;N/A;N/A;N/A;N/A;N/A;N/A;N/A;N/A;N/A;N/A;N/A;N/A;N/A;N/A;N/A;N/A;N/A;N/A;N/A;N/A;N/A;N/A;N/A;N/A;N/A;N/A;N/A;N/A;N/A;N/A;N/A;N/A;N/A;N/A;N/A;N/A;N/A;N/A;N/A;N/A;N/A;N/A;N/A;N/A;N/A;N/A;N/A;N/A;N/A;N/A;N/A;N/A;N/A;N/A;N/A;N/A;N/A;N/A;N/A;N/A;N/A;N/A;N/A;N/A;N/A;N/A;N/A;N/A;N/A;N/A;N/A;N/A
Renault;Duster;"2.0 Ph2 4x2 Privilege 143cv";2016;"112000 km";;EFINEGOCIOS;14800;;;;;"Brazo Oriental";https://auto.mercadolibre.com.uy/MLU-703745652-renault-duster-at-_JM;N/A;;"Renault Duster At";usd;Sí;gold_premium;false;N/A;N/A;http://perfil.mercadolibre.com.uy/EFINEGOCIOS;active;N/A;N/A;Usado;Gris;N/A;Hidráulica;4x2;N/A;N/A;Sí;N/A;N/A;N/A;N/A;N/A;N/A;N/A;N/A;N/A;N/A;N/A;N/A;N/A;N/A;N/A;N/A;N/A;N/A;N/A;N/A;N/A;N/A;"2674 mm";"2 L";"50 L";6;N/A;N/A;N/A;N/A;N/A;N/A;N/A;N/A;N/A;N/A;N/A;N/A;N/A;N/A;N/A;N/A;N/A;N/A;N/A;N/A;N/A;N/A;N/A;N/A;N/A;N/A;N/A;N/A;N/A;N/A;N/A;N/A;N/A;N/A;N/A;N/A;N/A;N/A;N/A;N/A;N/A;N/A;N/A;N/A;N/A;"1683 mm";"4329 mm";N/A;N/A;N/A;N/A;5;"143 hp";Privilege;N/A;4;"1822 mm";"10.8 km/l";N/A;N/A;N/A;N/A;N/A;N/A;N/A;N/A;N/A;N/A;N/A;N/A;N/A;N/A;N/A;N/A;N/A;5;2.0;Nafta;Manual;SUV;"Autos y camionetas";N/A;N/A;N/A;N/A;N/A;N/A;UY;N/A;N/A;N/A;N/A;N/A;N/A;N/A;N/A;N/A;N/A;N/A;N/A;N/A;N/A;N/A;N/A;N/A;N/A;N/A;N/A;N/A;N/A;N/A;N/A;N/A;N/A;N/A;N/A;N/A;N/A;N/A;N/A;N/A;N/A;N/A;N/A;N/A;N/A;N/A;N/A;N/A;N/A;N/A;N/A;N/A;N/A;N/A;N/A;N/A;N/A;N/A;N/A;N/A;N/A;N/A;N/A;N/A;N/A;N/A;N/A;N/A;N/A;N/A;N/A;N/A;N/A;N/A;N/A;N/A;N/A;N/A;N/A;N/A;N/A;N/A;N/A;N/A;N/A;N/A;N/A;N/A;N/A;N/A;N/A;N/A;N/A;N/A;N/A;N/A;N/A;N/A;N/A;N/A;N/A;N/A;N/A;N/A;N/A;N/A;N/A;N/A;N/A;N/A;N/A;N/A;N/A;N/A;N/A;N/A;N/A;N/A;N/A;N/A;N/A;N/A
Renault;Kwid;"1.0 Sce 66cv Zen";2021;"60000 km";;"PUNTO SUBARU";11490;;;;;Pando;https://auto.mercadolibre.com.uy/MLU-703184978-renault-kwid-zen-10-mt-_JM;N/A;;"Renault Kwid Zen 1.0 Mt";usd;Sí;gold_premium;false;N/A;N/A;http://perfil.mercadolibre.com.uy/PUNTO+SUBARU;active;N/A;N/A;Usado;Plateado;N/A;N/A;Delantera;N/A;N/A;Sí;N/A;N/A;N/A;N/A;N/A;N/A;N/A;N/A;N/A;N/A;N/A;N/A;N/A;N/A;N/A;N/A;N/A;N/A;N/A;N/A;N/A;N/A;"2423 mm";"1 L";"50 L";5;N/A;N/A;N/A;N/A;N/A;N/A;N/A;N/A;N/A;N/A;N/A;N/A;N/A;N/A;N/A;N/A;N/A;N/A;N/A;N/A;N/A;N/A;N/A;N/A;N/A;N/A;N/A;N/A;N/A;N/A;N/A;N/A;N/A;N/A;N/A;N/A;N/A;N/A;N/A;N/A;N/A;N/A;N/A;N/A;N/A;"1474 mm";"3680 mm";N/A;N/A;N/A;N/A;5;"66 hp";Zen;N/A;4;"1752 mm";N/A;N/A;N/A;N/A;N/A;N/A;N/A;N/A;N/A;N/A;N/A;N/A;N/A;N/A;N/A;N/A;N/A;"Lunes a domingo de 10 a 20 hrs";5;1.0;Nafta;Manual;Hatchback;"Autos y camionetas";N/A;N/A;N/A;N/A;N/A;N/A;UY;N/A;N/A;N/A;N/A;N/A;N/A;N/A;N/A;N/A;N/A;N/A;N/A;N/A;N/A;N/A;N/A;N/A;N/A;N/A;N/A;N/A;N/A;N/A;N/A;N/A;N/A;N/A;N/A;N/A;N/A;N/A;N/A;N/A;N/A;N/A;N/A;N/A;N/A;N/A;N/A;N/A;N/A;N/A;N/A;N/A;N/A;N/A;N/A;N/A;N/A;N/A;N/A;N/A;N/A;N/A;N/A;N/A;N/A;N/A;N/A;N/A;N/A;N/A;N/A;N/A;N/A;N/A;N/A;N/A;N/A;N/A;N/A;N/A;N/A;N/A;N/A;N/A;N/A;N/A;N/A;N/A;N/A;N/A;N/A;N/A;N/A;N/A;N/A;N/A;N/A;N/A;N/A;N/A;N/A;N/A;N/A;N/A;N/A;N/A;N/A;N/A;N/A;N/A;N/A;N/A;N/A;N/A;N/A;N/A;N/A;N/A;N/A;N/A;N/A;N/A
Renault;Fluence;"2.0 Ph2 Privilege Cvt 143cv";2014;"138000 km";;ERNESTO1478;11900;;;;;"Punta Gorda";https://auto.mercadolibre.com.uy/MLU-702795706-renault-fluence-20-ph2-privilege-cvt-143cv-_JM;N/A;;"Renault Fluence 2.0 Ph2 Privilege Cvt 143cv";usd;Sí;gold_premium;false;N/A;N/A;http://perfil.mercadolibre.com.uy/ERNESTO1478;active;N/A;N/A;Usado;Gris;No;Eléctrica;Delantera;Sí;Sí;Sí;N/A;N/A;Sí;N/A;N/A;N/A;N/A;N/A;Sí;Sí;N/A;Sí;N/A;N/A;N/A;N/A;N/A;N/A;N/A;N/A;N/A;N/A;"2700 mm";"2 L";"60 L";6;N/A;N/A;N/A;N/A;N/A;Sí;N/A;N/A;N/A;Sí;N/A;N/A;N/A;N/A;N/A;N/A;N/A;N/A;N/A;N/A;N/A;N/A;N/A;N/A;N/A;N/A;N/A;N/A;N/A;Sí;N/A;N/A;N/A;Sí;Sí;N/A;N/A;N/A;N/A;N/A;N/A;N/A;N/A;N/A;N/A;"1479 mm";"4618 mm";N/A;N/A;N/A;N/A;5;"143 hp";Privilege;N/A;4;"1810 mm";"11 km/l";Sí;N/A;Sí;Sí;N/A;Sí;Sí;N/A;Sí;N/A;"6.2 km/l";Sí;Sí;N/A;N/A;Sí;"9 a 23";4;2.0;Nafta;Automática;Sedán;"Autos y camionetas";N/A;N/A;N/A;N/A;N/A;N/A;UY;N/A;N/A;N/A;N/A;N/A;N/A;N/A;N/A;N/A;N/A;N/A;N/A;N/A;N/A;N/A;N/A;N/A;Sí;N/A;N/A;N/A;N/A;N/A;N/A;N/A;N/A;N/A;N/A;N/A;N/A;N/A;N/A;N/A;N/A;N/A;N/A;N/A;N/A;N/A;N/A;N/A;N/A;N/A;N/A;N/A;N/A;N/A;N/A;N/A;N/A;N/A;N/A;N/A;N/A;N/A;N/A;N/A;N/A;N/A;N/A;N/A;N/A;N/A;N/A;N/A;N/A;N/A;N/A;N/A;N/A;N/A;N/A;N/A;N/A;N/A;N/A;N/A;N/A;N/A;N/A;N/A;N/A;N/A;N/A;N/A;N/A;N/A;N/A;No;Sí;Sí;Sí;N/A;Sí;N/A;N/A;N/A;N/A;Sí;Sí;Sí;Sí;N/A;N/A;Sí;Sí;Sí;N/A;N/A;N/A;N/A;N/A;Sí;N/A;N/A
Renault;Master;Minibus;2024;"0 km";;FACIL.CAR;43442;;;;;Centro;https://auto.mercadolibre.com.uy/MLU-672222414-renault-master-minibus-2024-0km-_JM;N/A;;"Renault Master Minibus 2024 0km";usd;Sí;gold_premium;false;N/A;N/A;http://perfil.mercadolibre.com.uy/FACIL.CAR;active;N/A;N/A;Nuevo;Blanco;N/A;Asistida;N/A;Sí;N/A;Sí;N/A;N/A;N/A;N/A;Sí;N/A;N/A;N/A;N/A;Sí;N/A;N/A;N/A;N/A;N/A;N/A;N/A;N/A;N/A;N/A;N/A;N/A;N/A;N/A;N/A;6;N/A;N/A;N/A;N/A;N/A;N/A;N/A;N/A;N/A;N/A;N/A;N/A;N/A;N/A;N/A;N/A;N/A;N/A;N/A;N/A;N/A;N/A;N/A;N/A;N/A;N/A;N/A;N/A;N/A;N/A;N/A;N/A;N/A;N/A;N/A;N/A;N/A;N/A;N/A;N/A;N/A;N/A;N/A;N/A;N/A;N/A;N/A;N/A;N/A;N/A;N/A;N/A;N/A;N/A;N/A;N/A;N/A;N/A;N/A;N/A;N/A;N/A;N/A;Sí;Sí;N/A;N/A;N/A;N/A;N/A;N/A;N/A;N/A;N/A;"Lunes a Viernes de 9:00 a 18:30 horas";4;N/A;Diésel;Manual;Furgón;"Autos y camionetas";No;N/A;N/A;N/A;No;N/A;UY;No;Sí;No;No;N/A;N/A;N/A;N/A;N/A;N/A;N/A;N/A;N/A;N/A;N/A;N/A;N/A;N/A;N/A;N/A;N/A;N/A;N/A;N/A;N/A;N/A;N/A;N/A;N/A;N/A;N/A;N/A;N/A;N/A;N/A;N/A;Sí;N/A;N/A;N/A;N/A;N/A;N/A;N/A;N/A;N/A;N/A;N/A;N/A;N/A;N/A;N/A;N/A;N/A;Sí;No;N/A;N/A;N/A;N/A;N/A;N/A;N/A;N/A;N/A;N/A;N/A;N/A;N/A;N/A;N/A;N/A;N/A;N/A;N/A;N/A;N/A;N/A;N/A;N/A;N/A;N/A;N/A;N/A;N/A;N/A;N/A;N/A;N/A;Sí;Sí;N/A;N/A;Sí;Sí;Sí;N/A;N/A;N/A;N/A;N/A;N/A;N/A;N/A;N/A;N/A;N/A;Sí;Sí;Sí;N/A;N/A;Sí;N/A;N/A
Renault;Sandero;"1.6 Privilege 105cv";2018;"85000 km";;"AUTOMOTORA CANEPAS";11900;;;;;Pando;https://auto.mercadolibre.com.uy/MLU-705252036-renault-sandero-16-_JM;N/A;;"Renault Sandero 1.6";usd;Sí;gold_premium;false;N/A;N/A;http://perfil.mercadolibre.com.uy/AUTOMOTORA+CANEPAS;active;N/A;N/A;Usado;Gris;N/A;Hidráulica;Delantera;Sí;N/A;Sí;N/A;N/A;Sí;N/A;N/A;N/A;N/A;N/A;N/A;N/A;N/A;N/A;N/A;N/A;N/A;N/A;N/A;N/A;N/A;N/A;N/A;N/A;"2590 mm";"1.6 L";"50 L";5;N/A;N/A;N/A;N/A;N/A;N/A;N/A;N/A;N/A;N/A;N/A;N/A;N/A;N/A;N/A;N/A;N/A;N/A;N/A;N/A;N/A;N/A;N/A;N/A;N/A;N/A;N/A;N/A;N/A;N/A;N/A;N/A;N/A;N/A;N/A;N/A;N/A;N/A;N/A;N/A;N/A;N/A;N/A;N/A;N/A;"1536 mm";"4060 mm";N/A;N/A;N/A;N/A;5;"105 hp";Privilege;N/A;4;"1733 mm";"9.5 km/l";Sí;N/A;N/A;N/A;N/A;N/A;N/A;N/A;N/A;N/A;"5.7 km/l";N/A;N/A;N/A;N/A;N/A;N/A;5;1.6;Nafta;Manual;Hatchback;"Autos y camionetas";N/A;N/A;N/A;N/A;N/A;N/A;UY;N/A;N/A;N/A;N/A;N/A;N/A;N/A;N/A;N/A;N/A;N/A;N/A;N/A;N/A;N/A;N/A;N/A;N/A;N/A;N/A;N/A;N/A;N/A;N/A;N/A;N/A;N/A;N/A;N/A;N/A;N/A;N/A;N/A;N/A;N/A;N/A;N/A;N/A;N/A;N/A;N/A;N/A;N/A;N/A;N/A;N/A;N/A;N/A;N/A;N/A;N/A;N/A;N/A;N/A;N/A;N/A;N/A;N/A;N/A;N/A;N/A;N/A;N/A;N/A;N/A;N/A;N/A;N/A;N/A;N/A;N/A;N/A;N/A;N/A;N/A;N/A;N/A;N/A;N/A;N/A;N/A;N/A;N/A;N/A;N/A;N/A;N/A;N/A;N/A;N/A;N/A;N/A;N/A;N/A;N/A;N/A;N/A;N/A;N/A;N/A;N/A;N/A;N/A;N/A;N/A;N/A;N/A;N/A;N/A;N/A;Sí;N/A;N/A;N/A;N/A
Renault;Kwid;"1.0 Sce 66cv Intense";2020;"95000 km";;CREDICARSSAUTOMOTORA;11490;;;;;Cordón;https://auto.mercadolibre.com.uy/MLU-702652172-renault-kwid-10-sce-66cv-intense-_JM;N/A;;"Renault Kwid 1.0 Sce 66cv Intense";usd;Sí;gold_premium;false;N/A;N/A;http://perfil.mercadolibre.com.uy/CREDICARSSAUTOMOTORA;active;N/A;N/A;Usado;Blanco;Sí;Hidráulica;Delantera;N/A;N/A;Sí;N/A;N/A;N/A;N/A;N/A;N/A;N/A;N/A;N/A;N/A;N/A;N/A;N/A;N/A;N/A;N/A;N/A;N/A;N/A;N/A;N/A;N/A;"2423 mm";"1 L";"50 L";5;N/A;N/A;N/A;N/A;N/A;N/A;N/A;N/A;N/A;N/A;N/A;N/A;N/A;N/A;N/A;N/A;N/A;N/A;N/A;N/A;N/A;N/A;N/A;N/A;N/A;N/A;N/A;N/A;N/A;N/A;N/A;N/A;N/A;N/A;N/A;N/A;N/A;N/A;N/A;N/A;N/A;N/A;N/A;N/A;N/A;"1474 mm";"3680 mm";N/A;N/A;N/A;N/A;5;"66 hp";Intense;N/A;4;"1752 mm";N/A;N/A;N/A;N/A;N/A;N/A;N/A;N/A;N/A;N/A;N/A;N/A;N/A;N/A;N/A;N/A;N/A;"Lunes a viernes 10 a 19hs/ Sábados 10 a 13hs";5;1.0;Nafta;Manual;Hatchback;"Autos y camionetas";N/A;N/A;N/A;N/A;N/A;N/A;UY;N/A;N/A;N/A;N/A;N/A;N/A;N/A;N/A;N/A;N/A;N/A;N/A;N/A;N/A;N/A;N/A;N/A;N/A;N/A;N/A;N/A;N/A;N/A;N/A;N/A;N/A;N/A;N/A;N/A;N/A;N/A;N/A;N/A;N/A;N/A;N/A;N/A;N/A;N/A;N/A;N/A;N/A;N/A;N/A;N/A;N/A;N/A;N/A;N/A;N/A;N/A;N/A;N/A;N/A;N/A;N/A;N/A;N/A;N/A;N/A;N/A;N/A;N/A;N/A;N/A;N/A;N/A;N/A;N/A;N/A;N/A;N/A;N/A;N/A;N/A;N/A;N/A;N/A;N/A;N/A;N/A;N/A;N/A;N/A;N/A;N/A;N/A;N/A;N/A;N/A;N/A;N/A;N/A;N/A;N/A;N/A;N/A;N/A;N/A;N/A;N/A;N/A;N/A;N/A;N/A;N/A;N/A;N/A;N/A;N/A;N/A;N/A;N/A;N/A;N/A
Renault;Clio;"1.2 Iv Expression";2014;"128000 km";;"PELUFFO MOTORS";9500;;;;;Malvin;https://auto.mercadolibre.com.uy/MLU-645247521-renault-clio-12-iv-expression-_JM;N/A;;"Renault Clio 1.2 Iv Expression";usd;Sí;gold_premium;false;N/A;N/A;http://perfil.mercadolibre.com.uy/PELUFFO+MOTORS;active;N/A;N/A;Usado;Rojo;No;Hidráulica;Delantera;N/A;N/A;Sí;N/A;N/A;N/A;N/A;N/A;N/A;N/A;N/A;N/A;N/A;N/A;N/A;N/A;N/A;N/A;N/A;N/A;N/A;N/A;N/A;N/A;N/A;"2472 mm";"1.2 L";"50 L";5;N/A;N/A;N/A;N/A;N/A;N/A;N/A;N/A;N/A;N/A;N/A;N/A;N/A;N/A;N/A;N/A;N/A;N/A;N/A;N/A;N/A;N/A;N/A;N/A;N/A;N/A;N/A;N/A;N/A;N/A;N/A;N/A;N/A;N/A;N/A;N/A;N/A;N/A;N/A;N/A;N/A;N/A;N/A;N/A;N/A;"1417 mm";"3811 mm";N/A;N/A;N/A;N/A;5;"75 hp";Authentique;N/A;4;"1639 mm";N/A;N/A;N/A;N/A;N/A;N/A;N/A;N/A;N/A;N/A;N/A;N/A;N/A;N/A;N/A;N/A;N/A;"Lunes a Viernes de 9 a 13 y 14 a 18hs";3;1.2;Nafta;Manual;Hatchback;"Autos y camionetas";N/A;N/A;N/A;N/A;N/A;N/A;UY;N/A;N/A;N/A;N/A;N/A;N/A;N/A;N/A;N/A;N/A;N/A;N/A;N/A;N/A;N/A;N/A;N/A;N/A;N/A;N/A;N/A;N/A;N/A;N/A;N/A;N/A;N/A;N/A;N/A;N/A;N/A;N/A;N/A;N/A;N/A;N/A;N/A;N/A;N/A;N/A;N/A;N/A;N/A;N/A;N/A;N/A;N/A;N/A;N/A;N/A;N/A;N/A;N/A;N/A;N/A;N/A;N/A;N/A;N/A;N/A;N/A;N/A;N/A;N/A;N/A;N/A;N/A;N/A;N/A;N/A;N/A;N/A;N/A;N/A;N/A;N/A;N/A;N/A;N/A;N/A;N/A;N/A;N/A;N/A;N/A;N/A;N/A;N/A;N/A;N/A;N/A;N/A;N/A;N/A;N/A;N/A;N/A;N/A;N/A;N/A;N/A;N/A;N/A;N/A;N/A;N/A;N/A;N/A;N/A;N/A;N/A;N/A;N/A;N/A;N/A
Renault;Sandero;"1.6 Privilege 105cv";2018;"88000 km";;"PELUFFO MOTORS";11990;;;;;Malvin;https://auto.mercadolibre.com.uy/MLU-694726362-renault-sandero-16-privilege-105cv-_JM;N/A;;"Renault Sandero 1.6 Privilege 105cv";usd;Sí;gold_premium;false;N/A;N/A;http://perfil.mercadolibre.com.uy/PELUFFO+MOTORS;active;N/A;N/A;Usado;Gris;N/A;Hidráulica;Delantera;Sí;N/A;Sí;N/A;N/A;Sí;N/A;N/A;N/A;N/A;N/A;N/A;N/A;N/A;N/A;N/A;N/A;N/A;N/A;N/A;N/A;N/A;N/A;N/A;N/A;"2590 mm";"1.6 L";"50 L";5;N/A;N/A;N/A;N/A;N/A;N/A;N/A;N/A;N/A;N/A;N/A;N/A;N/A;N/A;N/A;N/A;N/A;N/A;N/A;N/A;N/A;N/A;N/A;N/A;N/A;N/A;N/A;N/A;N/A;N/A;N/A;N/A;N/A;N/A;N/A;N/A;N/A;N/A;N/A;N/A;N/A;N/A;N/A;N/A;N/A;"1536 mm";"4060 mm";N/A;N/A;N/A;N/A;5;"105 hp";Privilege;N/A;4;"1733 mm";"9.5 km/l";Sí;N/A;N/A;N/A;N/A;N/A;N/A;N/A;N/A;N/A;"5.7 km/l";N/A;N/A;N/A;N/A;N/A;"Lunes a Viernes de 9 a 13 y 14 a 18hs";5;1.6;Nafta;Manual;Hatchback;"Autos y camionetas";N/A;N/A;N/A;N/A;N/A;N/A;UY;N/A;N/A;N/A;N/A;N/A;N/A;N/A;N/A;N/A;N/A;N/A;N/A;N/A;N/A;N/A;N/A;N/A;N/A;N/A;N/A;N/A;N/A;N/A;N/A;N/A;N/A;N/A;N/A;N/A;N/A;N/A;N/A;N/A;N/A;N/A;N/A;N/A;N/A;N/A;N/A;N/A;N/A;N/A;N/A;N/A;N/A;N/A;N/A;N/A;N/A;N/A;N/A;N/A;N/A;N/A;N/A;N/A;N/A;N/A;N/A;N/A;N/A;N/A;N/A;N/A;N/A;N/A;N/A;N/A;N/A;N/A;N/A;N/A;N/A;N/A;N/A;N/A;N/A;N/A;N/A;N/A;N/A;N/A;N/A;N/A;N/A;N/A;N/A;N/A;N/A;N/A;N/A;N/A;N/A;N/A;N/A;N/A;N/A;N/A;N/A;N/A;N/A;N/A;N/A;N/A;N/A;N/A;N/A;N/A;N/A;Sí;N/A;N/A;N/A;N/A
Renault;Kwid;"1.0 Sce 66cv Intense";2018;"85000 km";;"PELUFFO MOTORS";10990;;;;;Malvin;https://auto.mercadolibre.com.uy/MLU-693780576-renault-kwid-10-sce-66cv-intense-_JM;N/A;;"Renault Kwid 1.0 Sce 66cv Intense";usd;Sí;gold_premium;false;N/A;N/A;http://perfil.mercadolibre.com.uy/PELUFFO+MOTORS;active;N/A;N/A;Usado;Gris;Sí;Hidráulica;Delantera;N/A;N/A;Sí;N/A;N/A;N/A;N/A;N/A;N/A;N/A;N/A;N/A;N/A;N/A;N/A;N/A;N/A;N/A;N/A;N/A;N/A;N/A;N/A;N/A;N/A;"2423 mm";"1 L";"50 L";5;N/A;N/A;N/A;N/A;N/A;N/A;N/A;N/A;N/A;N/A;N/A;N/A;N/A;N/A;N/A;N/A;N/A;N/A;N/A;N/A;N/A;N/A;N/A;N/A;N/A;N/A;N/A;N/A;N/A;N/A;N/A;N/A;N/A;N/A;N/A;N/A;N/A;N/A;N/A;N/A;N/A;N/A;N/A;N/A;N/A;"1474 mm";"3680 mm";N/A;N/A;N/A;N/A;5;"66 hp";Intense;N/A;4;"1752 mm";N/A;N/A;N/A;N/A;N/A;N/A;N/A;N/A;N/A;N/A;N/A;N/A;N/A;N/A;N/A;N/A;N/A;"Lunes a Viernes de 9 a 13 y 14 a 18hs";5;1.0;Nafta;Manual;Hatchback;"Autos y camionetas";N/A;N/A;N/A;N/A;N/A;N/A;UY;N/A;N/A;N/A;N/A;N/A;N/A;N/A;N/A;N/A;N/A;N/A;N/A;N/A;N/A;N/A;N/A;N/A;N/A;N/A;N/A;N/A;N/A;N/A;N/A;N/A;N/A;N/A;N/A;N/A;N/A;N/A;N/A;N/A;N/A;N/A;N/A;N/A;N/A;N/A;N/A;N/A;N/A;N/A;N/A;N/A;N/A;N/A;N/A;N/A;N/A;N/A;N/A;N/A;N/A;N/A;N/A;N/A;N/A;N/A;N/A;N/A;N/A;N/A;N/A;N/A;N/A;N/A;N/A;N/A;N/A;N/A;N/A;N/A;N/A;N/A;N/A;N/A;N/A;N/A;N/A;N/A;N/A;N/A;N/A;N/A;N/A;N/A;N/A;N/A;N/A;N/A;N/A;N/A;N/A;N/A;N/A;N/A;N/A;N/A;N/A;N/A;N/A;N/A;N/A;N/A;N/A;N/A;N/A;N/A;N/A;N/A;N/A;N/A;N/A;N/A
Renault;Clio;"1.2 Authentique 75cv";2012;"123089 km";;"GRUPO FIANCAR-0KM";8500;;;;;Carrasco;https://auto.mercadolibre.com.uy/MLU-704537610-renault-clio-authentique-12-mt-2012-_JM;N/A;;"Renault Clio Authentique 1.2 Mt 2012";$(uy);Sí;gold_premium;false;N/A;N/A;http://perfil.mercadolibre.com.uy/GRUPO+FIANCAR-0KM;active;N/A;N/A;Usado;BORDEAU;No;Hidráulica;N/A;Sí;No;No;No;No;No;Sí;No;No;No;Sí;No;Sí;N/A;Sí;N/A;N/A;N/A;N/A;N/A;N/A;N/A;N/A;N/A;N/A;"2472 mm";"1.2 L";"50 L";5;N/A;N/A;No;No;N/A;No;No;N/A;N/A;N/A;N/A;N/A;N/A;N/A;N/A;N/A;N/A;N/A;N/A;N/A;N/A;No;No;No;N/A;No;N/A;No;N/A;No;N/A;N/A;N/A;N/A;N/A;N/A;Sí;N/A;N/A;N/A;N/A;N/A;No;N/A;N/A;"1417 mm";"3813 mm";N/A;N/A;N/A;N/A;5;N/A;Authentique;N/A;4;"1639 mm";N/A;No;No;No;No;No;No;No;No;No;No;N/A;No;No;N/A;N/A;Sí;"Lunes a Viernes de 10 a 18.45 horas.";5;1.2;Nafta;Manual;Hatchback;"Autos y camionetas";No;N/A;N/A;N/A;No;N/A;UY;N/A;Sí;N/A;No;N/A;N/A;N/A;N/A;N/A;N/A;N/A;N/A;N/A;N/A;N/A;N/A;N/A;No;N/A;N/A;N/A;N/A;N/A;N/A;N/A;N/A;N/A;N/A;N/A;N/A;N/A;N/A;N/A;N/A;N/A;N/A;No;N/A;N/A;N/A;N/A;N/A;N/A;N/A;N/A;N/A;N/A;N/A;N/A;N/A;N/A;N/A;N/A;N/A;Sí;Sí;N/A;N/A;N/A;N/A;N/A;N/A;N/A;No;No;No;N/A;N/A;N/A;N/A;N/A;N/A;N/A;N/A;N/A;N/A;N/A;N/A;N/A;N/A;N/A;N/A;N/A;N/A;N/A;N/A;N/A;N/A;No;No;No;No;No;No;No;No;N/A;Sí;No;No;Sí;No;N/A;No;No;No;Sí;Sí;Sí;No;Sí;No;Sí;No;No
Renault;Kwid;"1.0 Sce 66cv Intense";2019;"54000 km";;TÙ-MEJOR-COMPRA;11690;;;;;Colón;https://auto.mercadolibre.com.uy/MLU-705992548-renault-kwid-10-sce-66cv-intense-_JM;N/A;;"Renault Kwid 1.0 Sce 66cv Intense";usd;Sí;gold_premium;false;N/A;N/A;http://perfil.mercadolibre.com.uy/T%C3%99-MEJOR-COMPRA;active;N/A;N/A;Usado;Blanco;Sí;Hidráulica;Delantera;Sí;Sí;Sí;N/A;N/A;N/A;N/A;N/A;N/A;N/A;N/A;N/A;Sí;N/A;Sí;N/A;N/A;N/A;N/A;N/A;N/A;N/A;N/A;N/A;N/A;"2423 mm";"1 L";"50 L";5;N/A;N/A;N/A;N/A;N/A;N/A;N/A;N/A;N/A;N/A;N/A;N/A;N/A;N/A;N/A;N/A;N/A;N/A;N/A;N/A;N/A;N/A;N/A;N/A;N/A;N/A;N/A;N/A;N/A;N/A;N/A;N/A;N/A;N/A;N/A;N/A;N/A;N/A;N/A;N/A;N/A;N/A;N/A;N/A;N/A;"1474 mm";"3680 mm";N/A;N/A;N/A;N/A;5;"66 hp";Intense;N/A;4;"1752 mm";N/A;N/A;N/A;N/A;Sí;N/A;Sí;Sí;N/A;N/A;N/A;N/A;N/A;N/A;N/A;N/A;Sí;N/A;5;1.0;Nafta;Manual;Hatchback;"Autos y camionetas";N/A;N/A;N/A;N/A;N/A;N/A;UY;N/A;Sí;N/A;N/A;N/A;N/A;N/A;N/A;N/A;N/A;N/A;N/A;N/A;N/A;N/A;N/A;N/A;N/A;N/A;N/A;N/A;N/A;N/A;N/A;N/A;N/A;N/A;N/A;N/A;N/A;N/A;N/A;N/A;N/A;N/A;N/A;N/A;N/A;N/A;N/A;N/A;N/A;N/A;N/A;N/A;N/A;N/A;N/A;N/A;N/A;N/A;N/A;N/A;N/A;N/A;N/A;N/A;N/A;N/A;N/A;N/A;N/A;N/A;N/A;N/A;N/A;N/A;N/A;N/A;N/A;N/A;N/A;N/A;N/A;N/A;N/A;N/A;N/A;N/A;N/A;N/A;N/A;N/A;N/A;N/A;N/A;N/A;N/A;N/A;Sí;N/A;N/A;N/A;Sí;N/A;N/A;N/A;N/A;Sí;N/A;Sí;Sí;N/A;N/A;N/A;N/A;N/A;Sí;Sí;Sí;N/A;N/A;N/A;N/A;Sí
Renault;Kwid;Zen;2023;"20100 km";;"MOTORLAND BARRACARRASCO";12990;;;;;Shangrilá;https://auto.mercadolibre.com.uy/MLU-646332053-renault-kwid-zen-10-2023-motorland-permuto-financio-_JM;N/A;;"Renault Kwid Zen 1.0 2023  - Motorland Permuto / Financio";USD;Sí;gold_premium;false;N/A;N/A;http://perfil.mercadolibre.com.uy/MOTORLAND+BARRACARRASCO;active;N/A;N/A;Usado;Blanco;Sí;Hidráulica;N/A;Sí;Sí;N/A;N/A;N/A;N/A;Sí;N/A;N/A;N/A;Sí;N/A;Sí;N/A;N/A;N/A;N/A;N/A;N/A;N/A;N/A;N/A;N/A;N/A;N/A;N/A;"1000 cc";N/A;5;N/A;N/A;N/A;N/A;N/A;N/A;N/A;N/A;N/A;N/A;N/A;N/A;N/A;N/A;N/A;N/A;N/A;N/A;N/A;N/A;N/A;N/A;N/A;N/A;N/A;Sí;N/A;N/A;N/A;N/A;N/A;N/A;N/A;N/A;N/A;N/A;N/A;N/A;N/A;N/A;N/A;N/A;N/A;N/A;N/A;N/A;N/A;N/A;N/A;N/A;N/A;N/A;"66 hp";Zen;N/A;N/A;N/A;"15 km/l";N/A;N/A;N/A;Sí;N/A;Sí;Sí;N/A;N/A;N/A;"18 km/l";N/A;N/A;N/A;N/A;Sí;"Lunes a viernes de 09:30 a 18:30 y sábados de 09 a 13 hs.";5;1.0;Nafta;Manual;Hatchback;"Autos y camionetas";No;N/A;N/A;N/A;No;N/A;N/A;No;Sí;No;No;N/A;N/A;N/A;N/A;N/A;N/A;N/A;N/A;N/A;N/A;N/A;N/A;N/A;N/A;N/A;N/A;N/A;N/A;N/A;N/A;N/A;N/A;N/A;N/A;N/A;N/A;N/A;N/A;N/A;N/A;N/A;N/A;N/A;N/A;N/A;N/A;N/A;N/A;N/A;N/A;N/A;N/A;N/A;N/A;N/A;N/A;N/A;N/A;N/A;N/A;N/A;No;N/A;N/A;N/A;N/A;N/A;N/A;N/A;N/A;N/A;N/A;N/A;N/A;N/A;N/A;N/A;N/A;N/A;N/A;N/A;N/A;N/A;N/A;N/A;N/A;N/A;N/A;N/A;N/A;N/A;N/A;N/A;N/A;N/A;Sí;N/A;N/A;N/A;Sí;N/A;N/A;N/A;Sí;Sí;N/A;N/A;N/A;N/A;N/A;N/A;N/A;N/A;Sí;Sí;Sí;N/A;N/A;Sí;N/A;Sí
Renault;Kwid;"1.0 Sce 66cv Life";2020;"32000 km";;"EL COWIS";10500;;;;;"Arenitas Blancas";https://auto.mercadolibre.com.uy/MLU-704578212-renault-kwid-10-sce-66cv-life-_JM;N/A;;"Renault Kwid 1.0 Sce 66cv Life";usd;Sí;gold_premium;false;N/A;N/A;http://perfil.mercadolibre.com.uy/EL+COWIS;active;N/A;N/A;Usado;Gris;Sí;Asistida;Delantera;Sí;N/A;Sí;N/A;N/A;N/A;N/A;N/A;N/A;N/A;N/A;N/A;N/A;N/A;N/A;N/A;N/A;N/A;N/A;N/A;N/A;N/A;N/A;N/A;N/A;"2423 mm";"1 L";"50 L";5;N/A;N/A;N/A;N/A;N/A;N/A;N/A;N/A;N/A;N/A;N/A;N/A;N/A;N/A;N/A;N/A;N/A;N/A;N/A;N/A;N/A;N/A;N/A;N/A;N/A;N/A;N/A;N/A;N/A;N/A;N/A;N/A;N/A;N/A;N/A;N/A;N/A;N/A;N/A;N/A;N/A;N/A;N/A;N/A;N/A;"1474 mm";"3680 mm";N/A;N/A;N/A;N/A;5;"66 hp";Life;N/A;4;"1752 mm";N/A;N/A;N/A;N/A;Sí;N/A;Sí;N/A;N/A;N/A;N/A;N/A;N/A;N/A;N/A;N/A;Sí;N/A;5;1.0;Nafta;Manual;Hatchback;"Autos y camionetas";N/A;N/A;N/A;N/A;N/A;N/A;UY;N/A;Sí;N/A;N/A;N/A;N/A;N/A;N/A;N/A;N/A;N/A;N/A;N/A;N/A;N/A;N/A;N/A;N/A;N/A;N/A;N/A;N/A;N/A;N/A;N/A;N/A;N/A;N/A;N/A;N/A;N/A;N/A;N/A;N/A;N/A;N/A;N/A;N/A;N/A;N/A;N/A;N/A;N/A;N/A;N/A;N/A;N/A;N/A;N/A;N/A;N/A;N/A;N/A;N/A;N/A;N/A;N/A;N/A;N/A;N/A;N/A;N/A;N/A;N/A;N/A;N/A;N/A;N/A;N/A;N/A;N/A;N/A;N/A;N/A;N/A;N/A;N/A;N/A;N/A;N/A;N/A;N/A;N/A;N/A;N/A;N/A;N/A;N/A;N/A;Sí;N/A;N/A;N/A;Sí;N/A;N/A;N/A;N/A;Sí;N/A;N/A;Sí;N/A;N/A;N/A;N/A;Sí;Sí;Sí;Sí;N/A;N/A;Sí;N/A;Sí
Renault;Kardian;"TECHNO 1.0 TURBO";2025;"0 km";;OSCARPISANOAUTOMOVILES;28500;;;;;Prado;https://auto.mercadolibre.com.uy/MLU-695429058-renault-kardian-techno-10-turbo-10-2025-0km-_JM;N/A;;"Renault Kardian Techno 1.0 Turbo 1.0 2025 0km";USD;Sí;gold_premium;false;N/A;N/A;http://perfil.mercadolibre.com.uy/OSCARPISANOAUTOMOVILES;active;N/A;N/A;Nuevo;Blanco;N/A;Hidráulica;N/A;Sí;Sí;Sí;N/A;Sí;N/A;Sí;Sí;N/A;Sí;Sí;Sí;Sí;N/A;Sí;N/A;N/A;N/A;N/A;N/A;N/A;N/A;N/A;N/A;N/A;N/A;"1000 cc";N/A;6;N/A;N/A;Sí;Sí;Sí;Sí;N/A;N/A;N/A;N/A;N/A;N/A;N/A;N/A;N/A;N/A;N/A;N/A;N/A;N/A;N/A;N/A;N/A;Sí;N/A;Sí;N/A;Sí;N/A;Sí;N/A;N/A;N/A;N/A;N/A;N/A;Sí;N/A;N/A;N/A;N/A;N/A;Sí;N/A;N/A;N/A;N/A;N/A;N/A;N/A;N/A;N/A;"115 hp";N/A;N/A;N/A;N/A;"15 km/l";N/A;N/A;Sí;Sí;Sí;Sí;Sí;Sí;N/A;N/A;"17 km/l";Sí;N/A;N/A;N/A;Sí;"Lun. a Sáb. de 9:30 a 18:30 hs. Dom. de 9:30 a 13 hs";4;1.0;Nafta;Automática;SUV;"Autos y camionetas";No;N/A;N/A;N/A;No;N/A;N/A;No;Sí;No;No;N/A;N/A;N/A;N/A;N/A;N/A;N/A;N/A;N/A;N/A;N/A;N/A;N/A;N/A;N/A;N/A;N/A;N/A;N/A;N/A;N/A;N/A;N/A;N/A;N/A;N/A;N/A;N/A;N/A;N/A;N/A;N/A;Sí;N/A;N/A;N/A;N/A;N/A;N/A;N/A;N/A;N/A;N/A;N/A;N/A;N/A;N/A;N/A;N/A;N/A;Sí;No;N/A;N/A;N/A;N/A;N/A;N/A;N/A;N/A;N/A;N/A;N/A;N/A;N/A;N/A;N/A;N/A;N/A;N/A;N/A;N/A;N/A;N/A;N/A;N/A;N/A;N/A;N/A;N/A;N/A;N/A;N/A;N/A;N/A;Sí;Sí;Sí;Sí;Sí;Sí;Sí;N/A;Sí;Sí;Sí;Sí;N/A;N/A;Sí;Sí;N/A;N/A;N/A;N/A;Sí;N/A;N/A;N/A;N/A;N/A
Renault;Kangoo;"CONFORT DIESEL";2025;"0 km";;OSCARPISANOAUTOMOVILES;30500;;;;;Prado;https://auto.mercadolibre.com.uy/MLU-690904138-renault-kangoo-diesel-_JM;N/A;;"Renault Kangoo Diesel";USD;Sí;gold_premium;false;N/A;N/A;http://perfil.mercadolibre.com.uy/OSCARPISANOAUTOMOVILES;active;N/A;N/A;Nuevo;Blanco;N/A;Eléctrica;N/A;Sí;Sí;Sí;N/A;N/A;N/A;N/A;Sí;N/A;N/A;N/A;Sí;Sí;N/A;N/A;N/A;N/A;N/A;N/A;N/A;N/A;N/A;N/A;N/A;N/A;N/A;"1500 cc";N/A;5;N/A;N/A;Sí;Sí;Sí;N/A;N/A;N/A;N/A;N/A;N/A;N/A;N/A;N/A;N/A;N/A;N/A;N/A;N/A;N/A;N/A;N/A;N/A;Sí;N/A;N/A;N/A;N/A;N/A;N/A;N/A;N/A;N/A;N/A;N/A;N/A;N/A;N/A;N/A;N/A;N/A;N/A;N/A;N/A;N/A;N/A;N/A;N/A;N/A;N/A;N/A;N/A;"89 hp";Confort;N/A;N/A;N/A;"18 km/l";N/A;N/A;N/A;Sí;Sí;N/A;Sí;N/A;N/A;N/A;"22 km/l";N/A;N/A;N/A;N/A;N/A;"Lun. a Sáb. de 9:30 a 18:30 hs. Dom. de 9:30 a 13 hs";4;1.5;Diésel;Manual;Furgón;"Autos y camionetas";No;N/A;N/A;N/A;No;N/A;N/A;No;Sí;No;No;N/A;N/A;N/A;N/A;N/A;N/A;N/A;N/A;N/A;N/A;N/A;N/A;N/A;N/A;N/A;N/A;N/A;N/A;N/A;N/A;N/A;N/A;N/A;N/A;N/A;N/A;N/A;N/A;N/A;N/A;N/A;N/A;Sí;N/A;N/A;N/A;N/A;N/A;N/A;N/A;N/A;N/A;N/A;N/A;N/A;N/A;N/A;N/A;N/A;N/A;Sí;No;N/A;N/A;N/A;N/A;N/A;N/A;N/A;N/A;N/A;N/A;N/A;N/A;N/A;N/A;N/A;N/A;N/A;N/A;N/A;N/A;N/A;N/A;N/A;N/A;N/A;N/A;N/A;N/A;N/A;N/A;N/A;N/A;N/A;Sí;N/A;N/A;N/A;Sí;Sí;Sí;N/A;N/A;Sí;N/A;Sí;N/A;N/A;N/A;Sí;N/A;N/A;N/A;N/A;N/A;N/A;N/A;N/A;N/A;N/A
Renault;Clio;"1.2 Iv Expression";2015;"120800 km";;LUISDUDOY;12500;;;;;Mercedes;https://auto.mercadolibre.com.uy/MLU-647404209-renault-clio-12-iv-expression-_JM;N/A;;"Renault Clio 1.2 Iv Expression";usd;Sí;gold_premium;false;N/A;N/A;http://perfil.mercadolibre.com.uy/LUISDUDOY;active;N/A;N/A;Usado;Rojo;No;Hidráulica;Delantera;N/A;Sí;Sí;N/A;N/A;No;N/A;N/A;No;N/A;N/A;Sí;N/A;N/A;N/A;N/A;N/A;N/A;N/A;N/A;N/A;N/A;N/A;N/A;N/A;"2472 mm";"1.2 L";"50 L";5;N/A;N/A;N/A;N/A;N/A;N/A;N/A;N/A;N/A;N/A;N/A;N/A;N/A;N/A;N/A;N/A;N/A;N/A;N/A;N/A;N/A;N/A;N/A;N/A;N/A;N/A;N/A;N/A;N/A;No;N/A;N/A;N/A;N/A;N/A;N/A;N/A;N/A;N/A;N/A;N/A;N/A;N/A;N/A;N/A;"1417 mm";"3811 mm";N/A;N/A;N/A;N/A;5;"75 hp";Authentique;N/A;4;"1639 mm";N/A;Sí;N/A;N/A;N/A;N/A;Sí;Sí;N/A;No;N/A;N/A;No;Sí;N/A;N/A;Sí;"Todos los días de 8 hs a 22 hs";5;1.2;Nafta;Manual;Hatchback;"Autos y camionetas";No;N/A;N/A;N/A;Sí;N/A;UY;N/A;Sí;N/A;Sí;N/A;N/A;N/A;N/A;N/A;N/A;N/A;N/A;N/A;N/A;N/A;N/A;N/A;Sí;N/A;N/A;N/A;N/A;N/A;N/A;N/A;N/A;N/A;N/A;N/A;N/A;N/A;N/A;N/A;N/A;N/A;N/A;No;N/A;N/A;N/A;N/A;N/A;N/A;N/A;N/A;N/A;N/A;N/A;N/A;N/A;N/A;N/A;N/A;N/A;No;Sí;N/A;N/A;N/A;N/A;N/A;N/A;N/A;N/A;N/A;N/A;N/A;N/A;N/A;N/A;N/A;N/A;N/A;N/A;N/A;N/A;N/A;N/A;N/A;N/A;N/A;N/A;N/A;N/A;N/A;N/A;N/A;N/A;No;Sí;Sí;Sí;N/A;Sí;N/A;N/A;N/A;N/A;Sí;Sí;No;Sí;N/A;N/A;Sí;N/A;Sí;Sí;Sí;Sí;No;No;Sí;N/A;Sí
Renault;Oroch;"2.0 Dynamique 16v 4x2";2017;"82400 km";;"ENRIQUE SHAW_AUTOMOVILES";15900;;;;;"Empalme Nicolich";https://auto.mercadolibre.com.uy/MLU-703485134-renault-oroch-20-dynamique-16v-4x2-_JM;N/A;;"Renault Oroch 2.0 Dynamique 16v 4x2";USD;Sí;gold_premium;false;N/A;N/A;http://perfil.mercadolibre.com.uy/ENRIQUE+SHAW_AUTOMOVILES;active;N/A;N/A;Usado;Blanco;Sí;N/A;4x2;Sí;Sí;N/A;N/A;N/A;Sí;N/A;N/A;N/A;N/A;N/A;Sí;Sí;N/A;N/A;N/A;N/A;N/A;N/A;N/A;N/A;N/A;N/A;N/A;N/A;N/A;N/A;N/A;N/A;N/A;N/A;N/A;N/A;N/A;N/A;N/A;N/A;N/A;N/A;N/A;N/A;N/A;N/A;N/A;N/A;N/A;N/A;N/A;N/A;N/A;N/A;N/A;N/A;N/A;N/A;N/A;N/A;N/A;N/A;N/A;N/A;N/A;N/A;N/A;N/A;N/A;N/A;N/A;N/A;N/A;N/A;N/A;N/A;N/A;N/A;N/A;N/A;N/A;N/A;N/A;N/A;N/A;N/A;N/A;N/A;N/A;N/A;N/A;N/A;Sí;Sí;N/A;Sí;Sí;N/A;N/A;N/A;N/A;N/A;N/A;N/A;N/A;N/A;"LUNES A VIERNES DE 9:30 A 13 Y 14:30 A 18:30 HRS. SABADOS DE 10-13 HRS";4;2.0;Nafta;Manual;Pick-Up;"Autos y camionetas";N/A;N/A;N/A;N/A;N/A;N/A;N/A;N/A;Sí;N/A;Sí;N/A;N/A;N/A;N/A;N/A;N/A;N/A;N/A;N/A;N/A;N/A;N/A;N/A;N/A;N/A;N/A;N/A;N/A;N/A;N/A;N/A;N/A;N/A;N/A;N/A;N/A;N/A;N/A;N/A;N/A;N/A;N/A;N/A;N/A;N/A;N/A;N/A;N/A;N/A;N/A;N/A;N/A;N/A;N/A;N/A;N/A;N/A;N/A;N/A;N/A;N/A;N/A;N/A;N/A;N/A;N/A;N/A;N/A;N/A;N/A;N/A;N/A;N/A;N/A;N/A;N/A;N/A;N/A;N/A;N/A;N/A;N/A;N/A;N/A;N/A;N/A;N/A;N/A;N/A;N/A;N/A;N/A;N/A;N/A;N/A;Sí;Sí;Sí;N/A;Sí;N/A;N/A;N/A;N/A;Sí;N/A;Sí;N/A;N/A;N/A;N/A;Sí;N/A;Sí;Sí;Sí;Sí;N/A;Sí;N/A;N/A
Renault;Kwid;"KWID BITONO";2024;"0 km";;OSCARPISANOAUTOMOVILES;16000;;;;;Prado;https://auto.mercadolibre.com.uy/MLU-690968994-renault-kwid-bitono-_JM;N/A;;"Renault Kwid Bitono";usd;Sí;gold_premium;false;N/A;N/A;http://perfil.mercadolibre.com.uy/OSCARPISANOAUTOMOVILES;active;N/A;N/A;Nuevo;N/A;N/A;Eléctrica;N/A;Sí;Sí;Sí;N/A;Sí;N/A;Sí;N/A;N/A;N/A;Sí;Sí;Sí;N/A;N/A;N/A;N/A;N/A;N/A;N/A;N/A;N/A;N/A;N/A;N/A;N/A;"999 cc";N/A;5;N/A;N/A;Sí;Sí;Sí;N/A;N/A;N/A;N/A;N/A;N/A;N/A;N/A;N/A;N/A;N/A;N/A;N/A;N/A;N/A;N/A;N/A;N/A;N/A;N/A;Sí;N/A;N/A;N/A;N/A;N/A;N/A;N/A;N/A;N/A;N/A;N/A;N/A;N/A;N/A;N/A;N/A;N/A;N/A;N/A;N/A;N/A;N/A;N/A;N/A;N/A;N/A;"66 hp";Bitono;N/A;N/A;N/A;"15 km/l";N/A;N/A;N/A;Sí;N/A;Sí;Sí;Sí;N/A;N/A;"20 km/l";N/A;N/A;N/A;N/A;Sí;"Lun. a Sáb. de 9:30 a 18:30 hs. Dom. de 9:30 a 13 hs";5;1.0;Nafta;Manual;Hatchback;"Autos y camionetas";No;N/A;N/A;N/A;No;N/A;UY;No;Sí;No;No;N/A;N/A;N/A;N/A;N/A;N/A;N/A;N/A;N/A;N/A;N/A;N/A;N/A;N/A;N/A;N/A;N/A;N/A;N/A;N/A;N/A;N/A;N/A;N/A;N/A;N/A;N/A;N/A;N/A;N/A;N/A;N/A;Sí;N/A;N/A;N/A;N/A;N/A;N/A;N/A;N/A;N/A;N/A;N/A;N/A;N/A;N/A;N/A;N/A;N/A;Sí;No;N/A;N/A;N/A;N/A;N/A;N/A;N/A;N/A;N/A;N/A;N/A;N/A;N/A;N/A;N/A;N/A;N/A;N/A;N/A;N/A;N/A;N/A;N/A;N/A;N/A;N/A;N/A;N/A;N/A;N/A;N/A;N/A;N/A;Sí;N/A;Sí;N/A;Sí;Sí;Sí;N/A;Sí;Sí;N/A;N/A;N/A;N/A;Sí;Sí;N/A;N/A;Sí;Sí;Sí;N/A;N/A;N/A;Sí;Sí
Renault;Clio;"ZEN 1.0 TURBO";2024;"0 km";;OSCARPISANOAUTOMOVILES;24990;;;;;Prado;https://auto.mercadolibre.com.uy/MLU-690942842-renault-clio-zen-1000-turbo-10-2024-0km-_JM;N/A;;"Renault Clio Zen 1000 Turbo 1.0 2024 0km";usd;Sí;gold_premium;false;N/A;N/A;http://perfil.mercadolibre.com.uy/OSCARPISANOAUTOMOVILES;active;N/A;N/A;Nuevo;N/A;N/A;Eléctrica;N/A;Sí;Sí;Sí;N/A;Sí;N/A;Sí;Sí;N/A;Sí;N/A;Sí;Sí;N/A;Sí;N/A;N/A;N/A;N/A;N/A;N/A;N/A;N/A;N/A;N/A;N/A;"1000 cc";N/A;5;N/A;N/A;Sí;Sí;Sí;N/A;N/A;N/A;N/A;N/A;N/A;N/A;N/A;N/A;N/A;N/A;N/A;N/A;N/A;N/A;N/A;N/A;N/A;Sí;N/A;Sí;N/A;Sí;N/A;N/A;N/A;N/A;N/A;N/A;N/A;N/A;Sí;N/A;N/A;N/A;N/A;N/A;Sí;N/A;N/A;N/A;N/A;N/A;N/A;N/A;N/A;N/A;"100 hp";N/A;N/A;N/A;N/A;"13 km/l";N/A;N/A;Sí;Sí;Sí;Sí;Sí;Sí;N/A;N/A;"20 km/l";N/A;N/A;N/A;N/A;Sí;"Lun. a Sáb. de 9:30 a 18:30 hs. Dom. de 9:30 a 13 hs";4;1.0;Nafta;Manual;Hatchback;"Autos y camionetas";No;N/A;N/A;N/A;No;N/A;UY;No;Sí;No;No;N/A;N/A;N/A;N/A;N/A;N/A;N/A;N/A;N/A;N/A;N/A;N/A;N/A;N/A;N/A;N/A;N/A;N/A;N/A;N/A;N/A;N/A;N/A;N/A;N/A;N/A;N/A;N/A;N/A;N/A;N/A;N/A;Sí;N/A;N/A;N/A;N/A;N/A;N/A;N/A;N/A;N/A;N/A;N/A;N/A;N/A;N/A;N/A;N/A;N/A;Sí;No;N/A;N/A;N/A;N/A;N/A;N/A;N/A;N/A;N/A;N/A;N/A;N/A;N/A;N/A;N/A;N/A;N/A;N/A;N/A;N/A;N/A;N/A;N/A;N/A;N/A;N/A;N/A;N/A;N/A;N/A;N/A;N/A;N/A;Sí;N/A;Sí;Sí;Sí;Sí;Sí;N/A;Sí;Sí;Sí;Sí;N/A;N/A;Sí;Sí;Sí;N/A;Sí;N/A;Sí;N/A;N/A;N/A;N/A;Sí
Renault;Logan;"1.6 Authentique 85cv";2017;"94663 km";;ARIMONTEVIDEO;10300;;;;;Solymar;https://auto.mercadolibre.com.uy/MLU-704165830-renault-logan-authentique-16-_JM;N/A;;"Renault Logan Authentique 1.6";usd;Sí;gold_premium;false;N/A;N/A;http://perfil.mercadolibre.com.uy/ARIMONTEVIDEO;active;N/A;N/A;Usado;Gris;N/A;Hidráulica;Delantera;N/A;N/A;N/A;N/A;N/A;N/A;N/A;N/A;N/A;N/A;N/A;N/A;N/A;N/A;N/A;N/A;N/A;N/A;N/A;N/A;N/A;N/A;N/A;N/A;N/A;"2635 mm";"1.6 L";"50 L";5;N/A;N/A;N/A;N/A;N/A;N/A;N/A;N/A;N/A;N/A;N/A;N/A;N/A;N/A;N/A;N/A;N/A;N/A;N/A;N/A;N/A;N/A;N/A;N/A;N/A;N/A;N/A;N/A;N/A;N/A;N/A;N/A;N/A;N/A;N/A;N/A;N/A;N/A;N/A;N/A;N/A;N/A;N/A;N/A;N/A;"1529 mm";"4350 mm";N/A;N/A;N/A;N/A;5;"85 hp";Authentique;N/A;2;"1733 mm";"12.5 km/l";N/A;N/A;N/A;N/A;N/A;N/A;N/A;N/A;N/A;N/A;N/A;N/A;N/A;N/A;N/A;N/A;N/A;4;1.6;Nafta;Manual;Sedán;"Autos y camionetas";N/A;N/A;N/A;N/A;N/A;N/A;UY;N/A;N/A;N/A;N/A;N/A;N/A;N/A;N/A;N/A;N/A;N/A;N/A;N/A;N/A;N/A;N/A;N/A;N/A;N/A;N/A;N/A;N/A;N/A;N/A;N/A;N/A;N/A;N/A;N/A;N/A;N/A;N/A;N/A;N/A;N/A;N/A;N/A;N/A;N/A;N/A;N/A;N/A;N/A;N/A;N/A;N/A;N/A;N/A;N/A;N/A;N/A;N/A;N/A;N/A;N/A;N/A;N/A;N/A;N/A;N/A;N/A;N/A;N/A;N/A;N/A;N/A;N/A;N/A;N/A;N/A;N/A;N/A;N/A;N/A;N/A;N/A;N/A;N/A;N/A;N/A;N/A;N/A;N/A;N/A;N/A;N/A;N/A;N/A;N/A;N/A;N/A;N/A;N/A;N/A;N/A;N/A;N/A;N/A;N/A;N/A;N/A;N/A;N/A;N/A;N/A;N/A;N/A;N/A;N/A;N/A;N/A;N/A;N/A;N/A;N/A
Renault;Duster;"2.0 Ph2 4x2 Privilege 143cv";2020;"44790 km";;PRAVAZZANI;18400;;;;;Palermo;https://auto.mercadolibre.com.uy/MLU-705905716-renault-duster-20-ph2-4x2-privilege-143cv-2020-_JM;N/A;;"Renault Duster 2.0 Ph2 4x2 Privilege 143cv 2020";usd;Sí;gold_premium;false;N/A;N/A;http://perfil.mercadolibre.com.uy/PRAVAZZANI;active;N/A;N/A;Usado;Blanco;N/A;N/A;4x2;Sí;Sí;Sí;N/A;N/A;N/A;N/A;N/A;N/A;N/A;N/A;Sí;Sí;N/A;N/A;N/A;N/A;N/A;N/A;N/A;N/A;N/A;N/A;N/A;N/A;"2674 mm";"2 L";"50 L";6;N/A;N/A;N/A;N/A;N/A;Sí;N/A;N/A;N/A;N/A;N/A;N/A;N/A;N/A;N/A;N/A;N/A;N/A;N/A;N/A;N/A;N/A;N/A;N/A;N/A;N/A;N/A;N/A;N/A;Sí;N/A;N/A;N/A;N/A;N/A;N/A;N/A;N/A;N/A;N/A;N/A;N/A;N/A;N/A;N/A;"1683 mm";"4329 mm";N/A;N/A;N/A;N/A;5;"143 hp";Privilege;N/A;4;"1822 mm";"10.8 km/l";N/A;N/A;N/A;Sí;N/A;Sí;N/A;N/A;N/A;N/A;N/A;N/A;Sí;N/A;N/A;Sí;"Todo el día";5;2.0;Nafta;Manual;SUV;"Autos y camionetas";N/A;N/A;N/A;N/A;N/A;N/A;UY;N/A;N/A;N/A;N/A;N/A;N/A;N/A;N/A;N/A;N/A;N/A;N/A;N/A;N/A;N/A;N/A;N/A;Sí;N/A;N/A;N/A;N/A;N/A;N/A;N/A;N/A;N/A;N/A;N/A;N/A;N/A;N/A;N/A;N/A;N/A;N/A;N/A;N/A;N/A;N/A;N/A;N/A;N/A;N/A;N/A;N/A;N/A;N/A;N/A;N/A;N/A;N/A;N/A;N/A;N/A;N/A;N/A;N/A;N/A;N/A;N/A;N/A;N/A;N/A;N/A;N/A;N/A;N/A;N/A;N/A;N/A;N/A;N/A;N/A;N/A;N/A;N/A;N/A;N/A;N/A;N/A;N/A;N/A;N/A;N/A;N/A;N/A;N/A;N/A;Sí;Sí;Sí;N/A;Sí;N/A;N/A;N/A;N/A;Sí;N/A;N/A;Sí;N/A;N/A;N/A;Sí;Sí;Sí;Sí;Sí;N/A;N/A;N/A;N/A;Sí
Renault;"Duster Oroch";"1.6 Outsider";2021;"50000 km";;MORAN_AUTOMOVILES;17900;;;;;Malvin;https://auto.mercadolibre.com.uy/MLU-646822333-renault-duster-oroch-16-outsider-_JM;N/A;;"Renault Duster Oroch 1.6 Outsider";usd;Sí;gold_premium;false;N/A;N/A;http://perfil.mercadolibre.com.uy/MORAN_AUTOMOVILES;active;N/A;N/A;Usado;Blanco;Sí;Hidráulica;4x2;Sí;Sí;Sí;N/A;N/A;Sí;N/A;N/A;N/A;N/A;N/A;Sí;Sí;N/A;N/A;N/A;N/A;N/A;N/A;N/A;N/A;N/A;N/A;N/A;N/A;"2829 mm";"1.6 L";"50 L";5;N/A;N/A;N/A;N/A;N/A;N/A;N/A;N/A;N/A;N/A;N/A;N/A;N/A;N/A;N/A;N/A;N/A;N/A;N/A;N/A;N/A;N/A;N/A;N/A;N/A;N/A;N/A;N/A;N/A;N/A;N/A;N/A;N/A;N/A;N/A;N/A;N/A;N/A;N/A;N/A;N/A;N/A;N/A;N/A;N/A;"1683 mm";"4329 mm";N/A;N/A;N/A;N/A;5;"110 hp";Outsider;N/A;4;"1821 mm";"11.1 km/l";N/A;N/A;N/A;Sí;N/A;Sí;Sí;N/A;N/A;N/A;"10.4 km/l";Sí;Sí;N/A;N/A;N/A;N/A;4;1.6;Nafta;Manual;SUV;"Autos y camionetas";N/A;N/A;N/A;N/A;N/A;N/A;UY;N/A;Sí;N/A;N/A;N/A;N/A;N/A;N/A;N/A;N/A;N/A;N/A;N/A;N/A;N/A;N/A;N/A;N/A;N/A;N/A;N/A;N/A;N/A;N/A;N/A;N/A;N/A;N/A;N/A;N/A;N/A;N/A;N/A;N/A;N/A;N/A;N/A;N/A;N/A;N/A;N/A;N/A;N/A;N/A;N/A;N/A;N/A;N/A;N/A;N/A;N/A;N/A;N/A;N/A;N/A;N/A;N/A;N/A;N/A;N/A;N/A;N/A;N/A;N/A;N/A;N/A;N/A;N/A;N/A;N/A;N/A;N/A;N/A;N/A;N/A;N/A;N/A;N/A;N/A;N/A;N/A;N/A;N/A;N/A;N/A;N/A;N/A;N/A;N/A;Sí;Sí;Sí;N/A;Sí;N/A;N/A;N/A;N/A;Sí;Sí;Sí;Sí;N/A;N/A;Sí;Sí;Sí;Sí;Sí;Sí;Sí;N/A;Sí;N/A;Sí
Renault;Duster;"1.6 16v Intens Cvt";2022;"20178 km";;TÙ-MEJOR-COMPRA;30000;;;;;Colón;https://auto.mercadolibre.com.uy/MLU-705971644-renault-duster-2022-16-16v-intens-cvt-_JM;N/A;;"Renault Duster 2022 1.6 16v Intens Cvt";usd;Sí;gold_premium;false;N/A;N/A;http://perfil.mercadolibre.com.uy/T%C3%99-MEJOR-COMPRA;active;N/A;N/A;Usado;N/A;N/A;N/A;4x2;N/A;N/A;Sí;N/A;N/A;N/A;N/A;N/A;N/A;N/A;N/A;N/A;N/A;N/A;N/A;N/A;N/A;N/A;N/A;N/A;N/A;N/A;N/A;N/A;N/A;"2674 mm";"1.6 L";"50 L";6;N/A;N/A;N/A;N/A;N/A;N/A;N/A;N/A;N/A;N/A;N/A;N/A;N/A;N/A;N/A;N/A;N/A;N/A;N/A;N/A;N/A;N/A;N/A;N/A;N/A;N/A;N/A;N/A;N/A;N/A;N/A;N/A;N/A;N/A;N/A;N/A;N/A;N/A;N/A;N/A;N/A;N/A;N/A;N/A;N/A;"1683 mm";"4329 mm";N/A;N/A;N/A;N/A;5;"118 hp";Intens;N/A;4;"1822 mm";"11.1 km/l";N/A;N/A;N/A;N/A;N/A;N/A;N/A;N/A;N/A;N/A;"10.4 km/l";N/A;N/A;N/A;N/A;N/A;N/A;5;1.6;Nafta;Automática;SUV;"Autos y camionetas";N/A;N/A;N/A;N/A;N/A;N/A;UY;N/A;N/A;N/A;N/A;N/A;N/A;N/A;N/A;N/A;N/A;N/A;N/A;N/A;N/A;N/A;N/A;N/A;N/A;N/A;N/A;N/A;N/A;N/A;N/A;N/A;N/A;N/A;N/A;N/A;N/A;N/A;N/A;N/A;N/A;N/A;N/A;N/A;N/A;N/A;N/A;N/A;N/A;N/A;N/A;N/A;N/A;N/A;N/A;N/A;N/A;N/A;N/A;N/A;N/A;N/A;N/A;N/A;N/A;N/A;N/A;N/A;N/A;N/A;N/A;N/A;N/A;N/A;N/A;N/A;N/A;N/A;N/A;N/A;N/A;N/A;N/A;N/A;N/A;N/A;N/A;N/A;N/A;N/A;N/A;N/A;N/A;N/A;N/A;N/A;N/A;N/A;N/A;N/A;N/A;N/A;N/A;N/A;N/A;N/A;N/A;N/A;N/A;N/A;N/A;N/A;N/A;N/A;N/A;N/A;N/A;N/A;N/A;N/A;N/A;N/A
Renault;Duster;"INTENSE 1.6";2021;"100000 km";;CALIFANOAUTOMOVILES;16990;;;;;"La Blanqueada";https://auto.mercadolibre.com.uy/MLU-647389777-renault-duster-intense-16-2021-excelente-_JM;N/A;;"Renault Duster Intense 1.6 2021 Excelente!";usd;Sí;gold_premium;false;N/A;N/A;http://perfil.mercadolibre.com.uy/CALIFANOAUTOMOVILES;active;N/A;N/A;Usado;Azul;N/A;Asistida;N/A;Sí;Sí;Sí;N/A;N/A;N/A;Sí;Sí;N/A;N/A;Sí;N/A;Sí;N/A;N/A;N/A;N/A;N/A;N/A;N/A;N/A;N/A;N/A;N/A;N/A;N/A;"1600 cc";N/A;N/A;N/A;N/A;N/A;N/A;N/A;N/A;N/A;N/A;N/A;N/A;N/A;N/A;N/A;N/A;N/A;N/A;N/A;N/A;N/A;N/A;N/A;N/A;N/A;Sí;N/A;N/A;N/A;N/A;N/A;N/A;N/A;N/A;N/A;N/A;N/A;N/A;N/A;N/A;N/A;N/A;N/A;N/A;N/A;N/A;N/A;N/A;N/A;N/A;N/A;N/A;N/A;N/A;N/A;Intens;N/A;N/A;N/A;N/A;N/A;N/A;N/A;N/A;N/A;N/A;Sí;Sí;N/A;N/A;N/A;N/A;N/A;N/A;N/A;N/A;"Lun. a Vie. de 9 a 13 y 14 a 18 hs.";5;1.6;Nafta;Manual;SUV;"Autos y camionetas";No;N/A;N/A;N/A;No;N/A;UY;No;Sí;No;No;N/A;N/A;N/A;N/A;N/A;N/A;N/A;N/A;N/A;N/A;N/A;N/A;N/A;N/A;N/A;N/A;N/A;N/A;N/A;N/A;N/A;N/A;N/A;N/A;N/A;N/A;N/A;N/A;N/A;N/A;N/A;N/A;N/A;N/A;N/A;N/A;N/A;N/A;N/A;N/A;N/A;N/A;N/A;N/A;N/A;N/A;N/A;N/A;N/A;N/A;N/A;No;N/A;N/A;N/A;N/A;N/A;N/A;N/A;N/A;N/A;N/A;N/A;N/A;N/A;N/A;N/A;N/A;N/A;N/A;N/A;N/A;N/A;N/A;N/A;N/A;N/A;N/A;N/A;N/A;N/A;Sí;N/A;N/A;N/A;Sí;N/A;Sí;N/A;Sí;N/A;Sí;N/A;Sí;Sí;N/A;Sí;N/A;N/A;N/A;N/A;N/A;N/A;Sí;Sí;Sí;N/A;Sí;N/A;N/A;Sí
Renault;"Sandero Stepway";"1.6 Privilege 105cv";2018;"105000 km";;SIV2622095;12900;;;;;"El Pinar";https://auto.mercadolibre.com.uy/MLU-704021230-renault-sandero-_JM;N/A;;"Renault Sandero ";usd;Sí;gold_premium;false;N/A;N/A;http://perfil.mercadolibre.com.uy/SIV2622095;active;N/A;N/A;Usado;Plateado;N/A;Hidráulica;Delantera;N/A;N/A;Sí;N/A;N/A;N/A;N/A;N/A;N/A;N/A;N/A;N/A;N/A;N/A;N/A;N/A;N/A;N/A;N/A;N/A;N/A;N/A;N/A;N/A;N/A;"2590 mm";"1.6 L";"50 L";5;N/A;N/A;N/A;N/A;N/A;N/A;N/A;N/A;N/A;N/A;N/A;N/A;N/A;N/A;N/A;N/A;N/A;N/A;N/A;N/A;N/A;N/A;N/A;N/A;N/A;N/A;N/A;N/A;N/A;N/A;N/A;N/A;N/A;N/A;N/A;N/A;N/A;N/A;N/A;N/A;N/A;N/A;N/A;N/A;N/A;"1559 mm";"4066 mm";N/A;N/A;N/A;N/A;5;"105 hp";Privilege;N/A;4;"1761 mm";"9.3 km/l";Sí;N/A;N/A;N/A;N/A;N/A;Sí;N/A;N/A;N/A;"5.9 km/l";N/A;N/A;N/A;N/A;N/A;N/A;5;1.6;Nafta;Manual;Hatchback;"Autos y camionetas";N/A;N/A;N/A;N/A;N/A;N/A;UY;N/A;N/A;N/A;N/A;N/A;N/A;N/A;N/A;N/A;N/A;N/A;N/A;N/A;N/A;N/A;N/A;N/A;N/A;N/A;N/A;N/A;N/A;N/A;N/A;N/A;N/A;N/A;N/A;N/A;N/A;N/A;N/A;N/A;N/A;N/A;N/A;N/A;N/A;N/A;N/A;N/A;N/A;N/A;N/A;N/A;N/A;N/A;N/A;N/A;N/A;N/A;N/A;N/A;N/A;N/A;N/A;N/A;N/A;N/A;N/A;N/A;N/A;N/A;N/A;N/A;N/A;N/A;N/A;N/A;N/A;N/A;N/A;N/A;N/A;N/A;N/A;N/A;N/A;N/A;N/A;N/A;N/A;N/A;N/A;N/A;N/A;N/A;N/A;N/A;N/A;N/A;N/A;N/A;N/A;N/A;N/A;N/A;N/A;N/A;N/A;N/A;N/A;N/A;N/A;N/A;N/A;N/A;N/A;N/A;N/A;N/A;N/A;N/A;N/A;N/A
Renault;"Duster Oroch";Outsider;2024;"0 km";;VIPERCARAUTOMOVILES_5;24990;;;;;"Brazo Oriental";https://auto.mercadolibre.com.uy/MLU-690563568-renault-oroch-outsider-16-2024-0km-_JM;N/A;;"Renault Oroch Outsider 1.6 2024 0km";usd;Sí;gold_premium;false;N/A;N/A;http://perfil.mercadolibre.com.uy/VIPERCARAUTOMOVILES_5;active;N/A;N/A;Nuevo;Plateado;N/A;Asistida;N/A;Sí;Sí;Sí;N/A;N/A;N/A;Sí;Sí;N/A;N/A;Sí;N/A;Sí;N/A;N/A;N/A;N/A;N/A;N/A;N/A;N/A;N/A;N/A;N/A;N/A;N/A;"1600 cc";N/A;6;N/A;N/A;Sí;Sí;N/A;N/A;N/A;N/A;N/A;N/A;N/A;N/A;N/A;N/A;N/A;N/A;N/A;N/A;N/A;N/A;N/A;N/A;N/A;N/A;N/A;Sí;N/A;N/A;N/A;N/A;N/A;N/A;N/A;N/A;N/A;N/A;N/A;N/A;N/A;N/A;N/A;N/A;N/A;N/A;N/A;N/A;N/A;N/A;N/A;N/A;N/A;N/A;N/A;Outsider;N/A;N/A;N/A;N/A;N/A;N/A;Sí;Sí;N/A;N/A;Sí;N/A;N/A;N/A;N/A;N/A;N/A;Sí;N/A;N/A;"Lun a Vie de 9 a 12:30 y de 13:30 a 19. Sáb de 9 a 13 hs.";4;1.6;Nafta;Manual;Pick-Up;"Autos y camionetas";No;N/A;N/A;N/A;No;N/A;UY;No;Sí;No;No;N/A;N/A;N/A;N/A;N/A;N/A;N/A;N/A;N/A;N/A;N/A;N/A;N/A;Sí;N/A;N/A;N/A;N/A;N/A;N/A;N/A;N/A;N/A;N/A;N/A;N/A;N/A;N/A;N/A;N/A;N/A;N/A;Sí;N/A;N/A;N/A;N/A;N/A;N/A;N/A;N/A;N/A;N/A;N/A;N/A;N/A;N/A;N/A;N/A;N/A;Sí;No;N/A;N/A;N/A;N/A;N/A;N/A;N/A;N/A;N/A;N/A;N/A;N/A;N/A;N/A;N/A;N/A;N/A;N/A;N/A;N/A;N/A;N/A;N/A;N/A;N/A;N/A;N/A;N/A;N/A;Sí;N/A;N/A;N/A;Sí;Sí;N/A;N/A;Sí;Sí;Sí;N/A;Sí;Sí;N/A;N/A;N/A;Sí;Sí;Sí;N/A;N/A;Sí;N/A;Sí;N/A;N/A;Sí;N/A;N/A
Renault;Duster;"1.6 16v Intens Cvt";2022;"62000 km";;GALU7113400;19500;;;;;"Ciudad de la Costa";https://auto.mercadolibre.com.uy/MLU-703513688-renault-duster-2022-16-16v-intens-cvt-_JM;N/A;;"Renault Duster 2022 1.6 16v Intens Cvt";usd;Sí;gold_premium;false;N/A;N/A;http://perfil.mercadolibre.com.uy/GALU7113400;active;N/A;N/A;Usado;N/A;N/A;N/A;4x2;N/A;N/A;Sí;N/A;N/A;N/A;N/A;N/A;N/A;N/A;N/A;N/A;N/A;N/A;N/A;N/A;N/A;N/A;N/A;N/A;N/A;N/A;N/A;N/A;N/A;"2674 mm";"1.6 L";"50 L";6;N/A;N/A;N/A;N/A;N/A;N/A;N/A;N/A;N/A;N/A;N/A;N/A;N/A;N/A;N/A;N/A;N/A;N/A;N/A;N/A;N/A;N/A;N/A;N/A;N/A;N/A;N/A;N/A;N/A;N/A;N/A;N/A;N/A;N/A;N/A;N/A;N/A;N/A;N/A;N/A;N/A;N/A;N/A;N/A;N/A;"1683 mm";"4329 mm";N/A;N/A;N/A;N/A;5;"118 hp";Intens;N/A;4;"1822 mm";"11.1 km/l";N/A;N/A;N/A;N/A;N/A;N/A;N/A;N/A;N/A;N/A;"10.4 km/l";N/A;N/A;N/A;N/A;N/A;N/A;5;1.6;Nafta;Automática;SUV;"Autos y camionetas";N/A;N/A;N/A;N/A;N/A;N/A;UY;N/A;N/A;N/A;N/A;N/A;N/A;N/A;N/A;N/A;N/A;N/A;N/A;N/A;N/A;N/A;N/A;N/A;N/A;N/A;N/A;N/A;N/A;N/A;N/A;N/A;N/A;N/A;N/A;N/A;N/A;N/A;N/A;N/A;N/A;N/A;N/A;N/A;N/A;N/A;N/A;N/A;N/A;N/A;N/A;N/A;N/A;N/A;N/A;N/A;N/A;N/A;N/A;N/A;N/A;N/A;N/A;N/A;N/A;N/A;N/A;N/A;N/A;N/A;N/A;N/A;N/A;N/A;N/A;N/A;N/A;N/A;N/A;N/A;N/A;N/A;N/A;N/A;N/A;N/A;N/A;N/A;N/A;N/A;N/A;N/A;N/A;N/A;N/A;N/A;N/A;N/A;N/A;N/A;N/A;N/A;N/A;N/A;N/A;N/A;N/A;N/A;N/A;N/A;N/A;N/A;N/A;N/A;N/A;N/A;N/A;N/A;N/A;N/A;N/A;N/A
Renault;"Sandero Stepway";"INTENSE 1.6";2020;"54776 km";;CALIFANOAUTOMOVILES;16990;;;;;"La Blanqueada";https://auto.mercadolibre.com.uy/MLU-706182858-renault-sandero-stepway-intense-16-2020-excelente-_JM;N/A;;"Renault Sandero Stepway Intense 1.6 2020 Excelente!";usd;Sí;gold_premium;false;N/A;N/A;http://perfil.mercadolibre.com.uy/CALIFANOAUTOMOVILES;active;N/A;N/A;Usado;"Gris oscuro";N/A;Hidráulica;N/A;Sí;Sí;Sí;N/A;N/A;N/A;Sí;Sí;N/A;Sí;N/A;N/A;Sí;N/A;N/A;N/A;N/A;N/A;N/A;N/A;N/A;N/A;N/A;N/A;N/A;N/A;"1600 cc";N/A;N/A;N/A;N/A;N/A;N/A;Sí;N/A;N/A;N/A;N/A;N/A;N/A;N/A;N/A;N/A;N/A;N/A;N/A;N/A;N/A;N/A;N/A;N/A;N/A;N/A;N/A;Sí;N/A;N/A;N/A;Sí;N/A;N/A;N/A;N/A;N/A;N/A;N/A;N/A;N/A;N/A;N/A;N/A;N/A;N/A;N/A;N/A;N/A;N/A;N/A;N/A;N/A;N/A;N/A;N/A;N/A;N/A;N/A;N/A;N/A;N/A;N/A;N/A;N/A;Sí;Sí;Sí;N/A;N/A;N/A;N/A;N/A;N/A;N/A;Sí;"Lun. a Vie. de 9 a 13 y 14 a 18 hs.";5;1.6;Nafta;Manual;SUV;"Autos y camionetas";No;N/A;N/A;N/A;No;N/A;UY;No;Sí;No;No;N/A;N/A;N/A;N/A;N/A;N/A;N/A;N/A;N/A;N/A;N/A;N/A;N/A;N/A;N/A;N/A;N/A;N/A;N/A;N/A;N/A;N/A;N/A;N/A;N/A;N/A;N/A;N/A;N/A;N/A;N/A;N/A;N/A;N/A;N/A;N/A;N/A;N/A;N/A;N/A;N/A;N/A;N/A;N/A;N/A;N/A;N/A;N/A;N/A;N/A;N/A;No;N/A;N/A;N/A;N/A;N/A;N/A;N/A;N/A;N/A;N/A;N/A;N/A;N/A;N/A;N/A;N/A;N/A;N/A;N/A;N/A;N/A;N/A;N/A;N/A;N/A;N/A;N/A;N/A;N/A;Sí;N/A;N/A;N/A;Sí;Sí;Sí;N/A;Sí;Sí;Sí;N/A;Sí;Sí;N/A;Sí;N/A;N/A;N/A;Sí;N/A;N/A;Sí;Sí;Sí;N/A;N/A;Sí;N/A;Sí
Renault;Clio;"1.2 Iv Authentique";2014;"93000 km";;SEBACAR2013;9490;;;;;"La Blanqueada";https://auto.mercadolibre.com.uy/MLU-704771900-renault-clio-12-iv-authentique-_JM;N/A;;"Renault Clio 1.2 Iv Authentique";usd;Sí;gold_premium;false;N/A;N/A;http://perfil.mercadolibre.com.uy/SEBACAR2013;active;N/A;N/A;Usado;Blanco;Sí;Hidráulica;Delantera;Sí;Sí;Sí;N/A;N/A;No;N/A;N/A;No;N/A;N/A;No;Sí;N/A;No;N/A;N/A;N/A;N/A;N/A;N/A;N/A;N/A;N/A;N/A;"2472 mm";"1.2 L";"50 L";5;N/A;N/A;N/A;N/A;N/A;No;N/A;N/A;N/A;N/A;N/A;N/A;N/A;N/A;N/A;N/A;N/A;N/A;N/A;N/A;N/A;N/A;N/A;N/A;N/A;N/A;N/A;N/A;N/A;No;N/A;N/A;N/A;N/A;N/A;N/A;N/A;N/A;N/A;N/A;N/A;N/A;N/A;N/A;N/A;"1417 mm";"3811 mm";N/A;N/A;N/A;N/A;5;"75 hp";Authentique;N/A;4;"1639 mm";N/A;No;N/A;No;Sí;N/A;Sí;No;N/A;No;N/A;N/A;No;No;N/A;N/A;Sí;N/A;3;1.2;Nafta;Manual;Hatchback;"Autos y camionetas";N/A;N/A;N/A;N/A;N/A;N/A;UY;N/A;N/A;N/A;N/A;N/A;N/A;N/A;N/A;N/A;N/A;N/A;N/A;N/A;N/A;N/A;N/A;N/A;No;N/A;N/A;N/A;N/A;N/A;N/A;N/A;N/A;N/A;N/A;N/A;N/A;N/A;N/A;N/A;N/A;N/A;N/A;N/A;N/A;N/A;N/A;N/A;N/A;N/A;N/A;N/A;N/A;N/A;N/A;N/A;N/A;N/A;N/A;N/A;N/A;N/A;N/A;N/A;N/A;N/A;N/A;N/A;N/A;N/A;N/A;N/A;N/A;N/A;N/A;N/A;N/A;N/A;N/A;N/A;N/A;N/A;N/A;N/A;N/A;N/A;N/A;N/A;N/A;N/A;N/A;N/A;N/A;N/A;N/A;No;Sí;No;No;N/A;Sí;N/A;N/A;N/A;N/A;Sí;No;No;Sí;N/A;N/A;No;No;Sí;N/A;N/A;N/A;N/A;N/A;N/A;N/A;N/A
Renault;Logan;"1.0 Life";2023;"35000 km";;"SEBACARS AUTOMÓVILES";14490;;;;;Cardona;https://auto.mercadolibre.com.uy/MLU-703719992-renault-logan-10-life-_JM;N/A;;"Renault Logan 1.0 Life";usd;Sí;gold_premium;false;N/A;N/A;http://perfil.mercadolibre.com.uy/SEBACARS+AUTOM%C3%93VILES;active;N/A;N/A;Usado;Blanco;Sí;Hidráulica;Delantera;N/A;N/A;N/A;N/A;N/A;N/A;N/A;N/A;N/A;N/A;N/A;N/A;N/A;N/A;N/A;N/A;N/A;N/A;N/A;N/A;N/A;N/A;N/A;N/A;N/A;"2635 mm";"1 L";"50 L";5;N/A;N/A;N/A;N/A;N/A;N/A;N/A;N/A;N/A;N/A;N/A;N/A;N/A;N/A;N/A;N/A;N/A;N/A;N/A;N/A;N/A;N/A;N/A;N/A;N/A;N/A;N/A;N/A;N/A;N/A;N/A;N/A;N/A;N/A;N/A;N/A;N/A;N/A;N/A;N/A;N/A;N/A;N/A;N/A;N/A;"1529 mm";"4350 mm";N/A;N/A;N/A;N/A;5;"66 hp";Life;N/A;2;"1733 mm";"12.5 km/l";N/A;N/A;N/A;N/A;N/A;N/A;N/A;N/A;N/A;N/A;N/A;N/A;N/A;N/A;N/A;N/A;"Lunes a sábado d 9-22 hs";4;1.0;Nafta;Manual;Sedán;"Autos y camionetas";N/A;N/A;N/A;N/A;N/A;N/A;UY;N/A;N/A;N/A;N/A;N/A;N/A;N/A;N/A;N/A;N/A;N/A;N/A;N/A;N/A;N/A;N/A;N/A;N/A;N/A;N/A;N/A;N/A;N/A;N/A;N/A;N/A;N/A;N/A;N/A;N/A;N/A;N/A;N/A;N/A;N/A;N/A;N/A;N/A;N/A;N/A;N/A;N/A;N/A;N/A;N/A;N/A;N/A;N/A;N/A;N/A;N/A;N/A;N/A;N/A;N/A;N/A;N/A;N/A;N/A;N/A;N/A;N/A;N/A;N/A;N/A;N/A;N/A;N/A;N/A;N/A;N/A;N/A;N/A;N/A;N/A;N/A;N/A;N/A;N/A;N/A;N/A;N/A;N/A;N/A;N/A;N/A;N/A;N/A;N/A;N/A;N/A;N/A;N/A;N/A;N/A;N/A;N/A;N/A;N/A;N/A;N/A;N/A;N/A;N/A;N/A;N/A;N/A;N/A;N/A;N/A;N/A;N/A;N/A;N/A;N/A
Renault;Duster;"2.0 Ph2 4x2 Privilege 143cv";2015;"175000 km";;"MARIÑO SPORT";12900;;;;;Pocitos;https://auto.mercadolibre.com.uy/MLU-702280426-renault-duster-20-ph2-4x2-privilege-143cv-_JM;N/A;;"Renault Duster 2.0 Ph2 4x2 Privilege 143cv";usd;Sí;gold_premium;false;N/A;N/A;http://perfil.mercadolibre.com.uy/MARI%C3%91O+SPORT;active;N/A;N/A;Usado;Gris;No;Hidráulica;4x2;Sí;Sí;Sí;N/A;N/A;No;N/A;N/A;No;N/A;N/A;No;Sí;N/A;No;N/A;N/A;N/A;N/A;N/A;N/A;N/A;N/A;N/A;N/A;"2673 mm";"2 L";"50 L";6;N/A;N/A;N/A;N/A;N/A;No;N/A;N/A;N/A;N/A;N/A;N/A;N/A;N/A;N/A;N/A;N/A;N/A;N/A;N/A;N/A;N/A;N/A;N/A;N/A;N/A;N/A;N/A;N/A;No;N/A;N/A;N/A;N/A;N/A;N/A;N/A;N/A;N/A;N/A;N/A;N/A;N/A;N/A;N/A;"1683 mm";"4329 mm";N/A;N/A;N/A;N/A;5;"143 hp";Privilege;N/A;4;"1822 mm";"10.8 km/l";No;N/A;No;No;N/A;Sí;Sí;N/A;No;N/A;N/A;No;No;N/A;N/A;No;N/A;5;2.0;Nafta;Manual;SUV;"Autos y camionetas";No;N/A;N/A;N/A;No;N/A;UY;N/A;Sí;N/A;No;N/A;N/A;N/A;N/A;N/A;N/A;N/A;N/A;N/A;N/A;N/A;N/A;N/A;No;N/A;N/A;N/A;N/A;N/A;N/A;N/A;N/A;N/A;N/A;N/A;N/A;N/A;N/A;N/A;N/A;N/A;N/A;No;N/A;N/A;N/A;N/A;N/A;N/A;N/A;N/A;N/A;N/A;N/A;N/A;N/A;N/A;N/A;N/A;N/A;No;Sí;N/A;N/A;N/A;N/A;N/A;N/A;N/A;N/A;N/A;N/A;N/A;N/A;N/A;N/A;N/A;N/A;N/A;N/A;N/A;N/A;N/A;N/A;N/A;N/A;N/A;N/A;N/A;N/A;N/A;N/A;N/A;N/A;No;Sí;No;Sí;N/A;Sí;N/A;N/A;N/A;N/A;Sí;Sí;Sí;Sí;N/A;N/A;No;Sí;Sí;Sí;Sí;Sí;No;N/A;Sí;N/A;Sí
Renault;"Sandero Stepway";"1.6 Privilege 105cv";2015;"170000 km";;"MARIÑO SPORT";10990;;;;;Pocitos;https://auto.mercadolibre.com.uy/MLU-701581318-renault-sandero-stepway-16-privilege-105cv-_JM;N/A;;"Renault Sandero Stepway 1.6 Privilege 105cv";usd;Sí;gold_premium;false;N/A;N/A;http://perfil.mercadolibre.com.uy/MARI%C3%91O+SPORT;active;N/A;N/A;Usado;Plateado;No;Hidráulica;Delantera;Sí;Sí;Sí;N/A;N/A;Sí;N/A;N/A;No;N/A;N/A;No;Sí;N/A;Sí;N/A;N/A;N/A;N/A;N/A;N/A;N/A;N/A;N/A;N/A;"2590 mm";"1.6 L";"50 L";5;N/A;N/A;N/A;N/A;N/A;Sí;N/A;N/A;N/A;N/A;N/A;N/A;N/A;N/A;N/A;N/A;N/A;N/A;N/A;N/A;N/A;N/A;N/A;N/A;N/A;N/A;N/A;N/A;N/A;No;N/A;N/A;N/A;N/A;N/A;N/A;N/A;N/A;N/A;N/A;N/A;N/A;N/A;N/A;N/A;"1559 mm";"4066 mm";N/A;N/A;N/A;N/A;5;"105 hp";Privilege;N/A;4;"1761 mm";"9.3 km/l";Sí;N/A;No;No;N/A;Sí;Sí;N/A;No;N/A;"5.9 km/l";No;No;N/A;N/A;Sí;N/A;5;1.6;Nafta;Manual;Hatchback;"Autos y camionetas";No;N/A;N/A;N/A;N/A;N/A;UY;N/A;Sí;N/A;No;N/A;N/A;N/A;N/A;N/A;N/A;N/A;N/A;N/A;N/A;N/A;N/A;N/A;No;N/A;N/A;N/A;N/A;N/A;N/A;N/A;N/A;N/A;N/A;N/A;N/A;N/A;N/A;N/A;N/A;N/A;N/A;No;N/A;N/A;N/A;N/A;N/A;N/A;N/A;N/A;N/A;N/A;N/A;N/A;N/A;N/A;N/A;N/A;N/A;No;Sí;N/A;N/A;N/A;N/A;N/A;N/A;N/A;N/A;N/A;N/A;N/A;N/A;N/A;N/A;N/A;N/A;N/A;N/A;N/A;N/A;N/A;N/A;N/A;N/A;N/A;N/A;N/A;N/A;N/A;N/A;N/A;N/A;No;Sí;Sí;Sí;N/A;Sí;N/A;N/A;N/A;N/A;Sí;No;Sí;Sí;N/A;N/A;No;Sí;Sí;Sí;Sí;Sí;No;No;No;N/A;Sí
Renault;Symbol;"1.6 Expression Pack Ii 105cv";2012;"188000 km";;JPAUTOMVILES;9500;;;;;Paysandú;https://auto.mercadolibre.com.uy/MLU-696067570-renault-symbol-2012-16-expression-pack-ii-105cv-_JM;N/A;;"Renault Symbol 2012 1.6 Expression Pack Ii 105cv";usd;Sí;gold_premium;false;N/A;N/A;http://perfil.mercadolibre.com.uy/JPAUTOMVILES;active;N/A;N/A;Usado;N/A;N/A;Hidráulica;Delantera;N/A;N/A;Sí;N/A;N/A;N/A;N/A;N/A;N/A;N/A;N/A;N/A;N/A;N/A;N/A;N/A;N/A;N/A;N/A;N/A;N/A;N/A;N/A;N/A;N/A;"2473 mm";"1.6 L";"50 L";5;N/A;N/A;N/A;N/A;N/A;N/A;N/A;N/A;N/A;N/A;N/A;N/A;N/A;N/A;N/A;N/A;N/A;N/A;N/A;N/A;N/A;N/A;N/A;N/A;N/A;N/A;N/A;N/A;N/A;N/A;N/A;N/A;N/A;N/A;N/A;N/A;N/A;N/A;N/A;N/A;N/A;N/A;N/A;N/A;N/A;"1439 mm";"4261 mm";N/A;N/A;N/A;N/A;5;"105 hp";Expression;N/A;4;"1672 mm";N/A;N/A;N/A;N/A;N/A;N/A;N/A;Sí;N/A;N/A;N/A;N/A;N/A;N/A;N/A;N/A;N/A;N/A;4;1.6;Nafta;Manual;Sedán;"Autos y camionetas";N/A;N/A;N/A;N/A;N/A;N/A;UY;N/A;N/A;N/A;N/A;N/A;N/A;N/A;N/A;N/A;N/A;N/A;N/A;N/A;N/A;N/A;N/A;N/A;N/A;N/A;N/A;N/A;N/A;N/A;N/A;N/A;N/A;N/A;N/A;N/A;N/A;N/A;N/A;N/A;N/A;N/A;N/A;N/A;N/A;N/A;N/A;N/A;N/A;N/A;N/A;N/A;N/A;N/A;N/A;N/A;N/A;N/A;N/A;N/A;N/A;N/A;N/A;N/A;N/A;N/A;N/A;N/A;N/A;N/A;N/A;N/A;N/A;N/A;N/A;N/A;N/A;N/A;N/A;N/A;N/A;N/A;N/A;N/A;N/A;N/A;N/A;N/A;N/A;N/A;N/A;N/A;N/A;N/A;N/A;N/A;N/A;N/A;N/A;N/A;N/A;N/A;N/A;N/A;N/A;N/A;N/A;N/A;N/A;N/A;N/A;N/A;N/A;N/A;N/A;N/A;N/A;N/A;N/A;Sí;N/A;N/A
Renault;"Duster Oroch";"Black Edition";2017;"132000 km";;"PCA MONTEVIDEO";15490;;;;;Unión;https://auto.mercadolibre.com.uy/MLU-703010594-renault-oroch-expression-16-full-unico-dueno-_JM;N/A;;"Renault Oroch Expression 1.6 Full Único Dueño";USD;Sí;gold_premium;false;N/A;N/A;http://perfil.mercadolibre.com.uy/PCA+MONTEVIDEO;active;N/A;N/A;Usado;Blanco;Sí;Hidráulica;4x2;Sí;Sí;N/A;N/A;N/A;No;N/A;N/A;No;N/A;N/A;No;Sí;N/A;No;N/A;N/A;N/A;N/A;N/A;N/A;N/A;N/A;N/A;N/A;N/A;N/A;N/A;N/A;N/A;N/A;N/A;N/A;N/A;Sí;N/A;N/A;N/A;N/A;N/A;N/A;N/A;N/A;N/A;N/A;N/A;N/A;N/A;N/A;N/A;N/A;N/A;N/A;N/A;N/A;N/A;N/A;N/A;Sí;N/A;N/A;N/A;N/A;N/A;N/A;N/A;N/A;N/A;N/A;N/A;N/A;N/A;N/A;N/A;N/A;N/A;N/A;N/A;N/A;N/A;N/A;N/A;N/A;N/A;N/A;N/A;N/A;No;N/A;Sí;Sí;N/A;Sí;No;N/A;No;N/A;N/A;Sí;Sí;N/A;N/A;Sí;N/A;4;1.6;Nafta;Manual;Pick-Up;"Autos y camionetas";No;N/A;N/A;N/A;No;N/A;N/A;N/A;Sí;N/A;No;N/A;N/A;N/A;N/A;N/A;N/A;N/A;N/A;N/A;N/A;N/A;N/A;N/A;Sí;N/A;N/A;N/A;N/A;N/A;N/A;N/A;N/A;N/A;N/A;N/A;N/A;N/A;N/A;N/A;N/A;N/A;N/A;No;N/A;N/A;N/A;N/A;N/A;N/A;N/A;N/A;N/A;N/A;N/A;N/A;N/A;N/A;N/A;N/A;N/A;N/A;Sí;N/A;N/A;N/A;N/A;N/A;N/A;N/A;N/A;N/A;N/A;N/A;N/A;N/A;N/A;N/A;N/A;N/A;N/A;N/A;N/A;N/A;N/A;N/A;N/A;N/A;N/A;N/A;N/A;N/A;N/A;N/A;N/A;No;Sí;Sí;Sí;N/A;Sí;N/A;N/A;N/A;N/A;Sí;No;Sí;Sí;N/A;N/A;Sí;Sí;Sí;Sí;Sí;Sí;Sí;Sí;Sí;N/A;Sí
Renault;"Mégane II Grand Tour";"1.6 Luxe";2011;"161000 km";;ROGU2525172;8500;;;;;"La Blanqueada";https://auto.mercadolibre.com.uy/MLU-704261668-unico-dueno-muy-buen-estado-_JM;N/A;;"Único Dueño. Muy Buen Estado.";USD;Sí;gold_premium;false;N/A;N/A;http://perfil.mercadolibre.com.uy/ROGU2525172;active;N/A;N/A;Usado;Gris;N/A;N/A;N/A;N/A;N/A;N/A;N/A;N/A;N/A;N/A;N/A;N/A;N/A;N/A;N/A;N/A;N/A;N/A;N/A;N/A;N/A;N/A;N/A;N/A;N/A;N/A;N/A;N/A;N/A;N/A;N/A;N/A;N/A;N/A;N/A;N/A;N/A;N/A;N/A;N/A;N/A;N/A;N/A;N/A;N/A;N/A;N/A;N/A;N/A;N/A;N/A;N/A;N/A;N/A;N/A;N/A;N/A;N/A;N/A;N/A;N/A;N/A;N/A;N/A;N/A;N/A;N/A;N/A;N/A;N/A;N/A;N/A;N/A;N/A;N/A;N/A;N/A;N/A;N/A;N/A;N/A;N/A;N/A;N/A;N/A;N/A;N/A;N/A;N/A;N/A;N/A;N/A;N/A;N/A;N/A;N/A;N/A;N/A;N/A;N/A;N/A;N/A;N/A;N/A;N/A;N/A;N/A;5;N/A;Nafta;N/A;N/A;"Autos y camionetas";N/A;N/A;N/A;N/A;N/A;N/A;N/A;N/A;N/A;N/A;N/A;N/A;N/A;N/A;N/A;N/A;N/A;N/A;N/A;N/A;N/A;N/A;N/A;N/A;N/A;N/A;N/A;N/A;N/A;N/A;N/A;N/A;N/A;N/A;N/A;N/A;N/A;N/A;N/A;N/A;N/A;N/A;N/A;N/A;N/A;N/A;N/A;N/A;N/A;N/A;N/A;N/A;N/A;N/A;N/A;N/A;N/A;N/A;N/A;N/A;N/A;N/A;N/A;N/A;N/A;N/A;N/A;N/A;N/A;N/A;N/A;N/A;N/A;N/A;N/A;N/A;N/A;N/A;N/A;N/A;N/A;N/A;N/A;N/A;N/A;N/A;N/A;N/A;N/A;N/A;N/A;N/A;N/A;N/A;N/A;N/A;N/A;N/A;N/A;N/A;N/A;N/A;N/A;N/A;N/A;N/A;N/A;N/A;N/A;N/A;N/A;N/A;N/A;N/A;N/A;N/A;N/A;N/A;N/A;N/A;N/A;N/A
Renault;Captur;"1.2 Tce120 Privilege";2017;"145000 km";;"ABR VENTAS";14500;;;;;Malvin;https://auto.mercadolibre.com.uy/MLU-704001562-renault-captur-privilege-plus-12t-at-2017-usada-bi-tono-_JM;N/A;;"Renault Captur Privilege Plus 1.2t At 2017 Usada Bi Tono";usd;Sí;gold_premium;false;N/A;N/A;http://perfil.mercadolibre.com.uy/ABR+VENTAS;active;N/A;N/A;Usado;Blanco;No;Hidráulica;Delantera;Sí;Sí;N/A;N/A;N/A;Sí;N/A;N/A;Sí;N/A;N/A;Sí;Sí;N/A;Sí;N/A;N/A;N/A;N/A;N/A;N/A;N/A;N/A;N/A;N/A;"2606 mm";"1.2 L";"45 L";6;N/A;N/A;N/A;N/A;N/A;Sí;N/A;N/A;N/A;N/A;N/A;N/A;N/A;N/A;N/A;N/A;N/A;N/A;N/A;N/A;N/A;N/A;N/A;N/A;N/A;N/A;N/A;N/A;N/A;No;N/A;N/A;N/A;N/A;N/A;N/A;N/A;N/A;N/A;N/A;N/A;N/A;N/A;N/A;N/A;"1566 mm";"4122 mm";N/A;N/A;N/A;N/A;5;"130 hp";Privilege;N/A;4;"1778 mm";N/A;No;N/A;Sí;Sí;N/A;Sí;Sí;N/A;No;N/A;N/A;No;No;N/A;N/A;Sí;"Todo el dia";5;1.2;Nafta;Manual;Hatchback;"Autos y camionetas";Sí;N/A;N/A;N/A;Sí;N/A;UY;N/A;Sí;N/A;Sí;N/A;N/A;N/A;N/A;N/A;N/A;N/A;N/A;N/A;N/A;N/A;N/A;N/A;Sí;N/A;N/A;N/A;N/A;N/A;N/A;N/A;N/A;N/A;N/A;N/A;N/A;N/A;N/A;N/A;N/A;N/A;N/A;No;N/A;N/A;N/A;N/A;N/A;N/A;N/A;N/A;N/A;N/A;N/A;N/A;N/A;N/A;N/A;N/A;N/A;Sí;Sí;N/A;N/A;N/A;N/A;N/A;N/A;N/A;N/A;N/A;N/A;N/A;N/A;N/A;N/A;N/A;N/A;N/A;N/A;N/A;N/A;N/A;N/A;N/A;N/A;N/A;N/A;N/A;N/A;N/A;N/A;N/A;N/A;No;Sí;Sí;Sí;N/A;Sí;N/A;N/A;N/A;N/A;Sí;Sí;Sí;Sí;N/A;N/A;Sí;Sí;Sí;Sí;Sí;Sí;Sí;No;Sí;N/A;Sí
Renault;Captur;"0.9 Tce90 Authentique";2018;"81000 km";;OVOV5414539;14900;;;;;"La Comercial";https://auto.mercadolibre.com.uy/MLU-703799120-renault-captur-_JM;N/A;;"Renault Captur ";usd;Sí;gold_premium;false;N/A;N/A;http://perfil.mercadolibre.com.uy/OVOV5414539;active;N/A;N/A;Usado;Amarillo;N/A;Hidráulica;Delantera;Sí;N/A;N/A;N/A;N/A;N/A;N/A;N/A;N/A;N/A;N/A;N/A;N/A;N/A;N/A;N/A;N/A;N/A;N/A;N/A;N/A;N/A;N/A;N/A;N/A;"2606 mm";"0.9 L";"45 L";5;N/A;N/A;N/A;N/A;N/A;N/A;N/A;N/A;N/A;N/A;N/A;N/A;N/A;N/A;N/A;N/A;N/A;N/A;N/A;N/A;N/A;N/A;N/A;N/A;N/A;N/A;N/A;N/A;N/A;N/A;N/A;N/A;N/A;N/A;N/A;N/A;N/A;N/A;N/A;N/A;N/A;N/A;N/A;N/A;N/A;"1566 mm";"4122 mm";N/A;N/A;N/A;N/A;5;"90 hp";Authentique;N/A;4;"1778 mm";N/A;N/A;N/A;N/A;N/A;N/A;N/A;N/A;N/A;N/A;N/A;N/A;N/A;N/A;N/A;N/A;N/A;N/A;5;0.9;Nafta;Manual;Hatchback;"Autos y camionetas";N/A;N/A;N/A;N/A;N/A;N/A;UY;N/A;N/A;N/A;N/A;N/A;N/A;N/A;N/A;N/A;N/A;N/A;N/A;N/A;N/A;N/A;N/A;N/A;N/A;N/A;N/A;N/A;N/A;N/A;N/A;N/A;N/A;N/A;N/A;N/A;N/A;N/A;N/A;N/A;N/A;N/A;N/A;N/A;N/A;N/A;N/A;N/A;N/A;N/A;N/A;N/A;N/A;N/A;N/A;N/A;N/A;N/A;N/A;N/A;N/A;N/A;N/A;N/A;N/A;N/A;N/A;N/A;N/A;N/A;N/A;N/A;N/A;N/A;N/A;N/A;N/A;N/A;N/A;N/A;N/A;N/A;N/A;N/A;N/A;N/A;N/A;N/A;N/A;N/A;N/A;N/A;N/A;N/A;N/A;N/A;N/A;N/A;N/A;N/A;N/A;N/A;N/A;N/A;N/A;N/A;N/A;N/A;N/A;N/A;N/A;N/A;N/A;N/A;N/A;N/A;N/A;N/A;N/A;N/A;N/A;N/A
Renault;Kwid;"1.0 Sce 66cv Intense";2020;"41200 km";;"FRENE-CAR AUTOMOVILES";12900;;;;;Maldonado;https://auto.mercadolibre.com.uy/MLU-703745792-renault-kwid-10-sce-66cv-intense-_JM;N/A;;"Renault Kwid 1.0 Sce 66cv Intense";usd;Sí;gold_premium;false;N/A;N/A;http://perfil.mercadolibre.com.uy/FRENE-CAR+AUTOMOVILES;active;N/A;N/A;Usado;Gris;N/A;Eléctrica;Delantera;N/A;N/A;Sí;N/A;N/A;N/A;N/A;N/A;N/A;N/A;N/A;N/A;N/A;N/A;N/A;N/A;N/A;N/A;N/A;N/A;N/A;N/A;N/A;N/A;N/A;"2423 mm";"1 L";"50 L";5;N/A;N/A;N/A;N/A;N/A;N/A;N/A;N/A;N/A;N/A;N/A;N/A;N/A;N/A;N/A;N/A;N/A;N/A;N/A;N/A;N/A;N/A;N/A;N/A;N/A;N/A;N/A;N/A;N/A;N/A;N/A;N/A;N/A;N/A;N/A;N/A;N/A;N/A;N/A;N/A;N/A;N/A;N/A;N/A;N/A;"1474 mm";"3680 mm";N/A;N/A;N/A;N/A;5;"66 hp";Intense;N/A;4;"1752 mm";N/A;N/A;N/A;N/A;N/A;N/A;N/A;N/A;N/A;N/A;N/A;N/A;N/A;N/A;N/A;N/A;N/A;N/A;5;1.0;Nafta;Manual;Hatchback;"Autos y camionetas";N/A;N/A;N/A;N/A;N/A;N/A;UY;N/A;N/A;N/A;N/A;N/A;N/A;N/A;N/A;N/A;N/A;N/A;N/A;N/A;N/A;N/A;N/A;N/A;N/A;N/A;N/A;N/A;N/A;N/A;N/A;N/A;N/A;N/A;N/A;N/A;N/A;N/A;N/A;N/A;N/A;N/A;N/A;N/A;N/A;N/A;N/A;N/A;N/A;N/A;N/A;N/A;N/A;N/A;N/A;N/A;N/A;N/A;N/A;N/A;N/A;N/A;N/A;N/A;N/A;N/A;N/A;N/A;N/A;N/A;N/A;N/A;N/A;N/A;N/A;N/A;N/A;N/A;N/A;N/A;N/A;N/A;N/A;N/A;N/A;N/A;N/A;N/A;N/A;N/A;N/A;N/A;N/A;N/A;N/A;N/A;N/A;N/A;N/A;N/A;N/A;N/A;N/A;N/A;N/A;N/A;N/A;N/A;N/A;N/A;N/A;N/A;N/A;N/A;N/A;N/A;N/A;N/A;N/A;N/A;N/A;N/A
Renault;Kwid;"1.0 Sce 66cv Intense";2019;"81000 km";;OVOV5414539;10900;;;;;"La Comercial";https://auto.mercadolibre.com.uy/MLU-703329426-renault-kwid-_JM;N/A;;"Renault Kwid";usd;Sí;gold_premium;false;N/A;N/A;http://perfil.mercadolibre.com.uy/OVOV5414539;active;N/A;N/A;Usado;Naranja;N/A;Hidráulica;Delantera;N/A;N/A;Sí;N/A;N/A;N/A;N/A;N/A;N/A;N/A;N/A;N/A;N/A;N/A;N/A;N/A;N/A;N/A;N/A;N/A;N/A;N/A;N/A;N/A;N/A;"2423 mm";"1 L";"50 L";5;N/A;N/A;N/A;N/A;N/A;N/A;N/A;N/A;N/A;N/A;N/A;N/A;N/A;N/A;N/A;N/A;N/A;N/A;N/A;N/A;N/A;N/A;N/A;N/A;N/A;N/A;N/A;N/A;N/A;N/A;N/A;N/A;N/A;N/A;N/A;N/A;N/A;N/A;N/A;N/A;N/A;N/A;N/A;N/A;N/A;"1474 mm";"3680 mm";N/A;N/A;N/A;N/A;5;"66 hp";Intense;N/A;4;"1752 mm";N/A;N/A;N/A;N/A;N/A;N/A;N/A;N/A;N/A;N/A;N/A;N/A;N/A;N/A;N/A;N/A;N/A;N/A;5;1.0;Nafta;Manual;Hatchback;"Autos y camionetas";N/A;N/A;N/A;N/A;N/A;N/A;UY;N/A;N/A;N/A;N/A;N/A;N/A;N/A;N/A;N/A;N/A;N/A;N/A;N/A;N/A;N/A;N/A;N/A;N/A;N/A;N/A;N/A;N/A;N/A;N/A;N/A;N/A;N/A;N/A;N/A;N/A;N/A;N/A;N/A;N/A;N/A;N/A;N/A;N/A;N/A;N/A;N/A;N/A;N/A;N/A;N/A;N/A;N/A;N/A;N/A;N/A;N/A;N/A;N/A;N/A;N/A;N/A;N/A;N/A;N/A;N/A;N/A;N/A;N/A;N/A;N/A;N/A;N/A;N/A;N/A;N/A;N/A;N/A;N/A;N/A;N/A;N/A;N/A;N/A;N/A;N/A;N/A;N/A;N/A;N/A;N/A;N/A;N/A;N/A;N/A;N/A;N/A;N/A;N/A;N/A;N/A;N/A;N/A;N/A;N/A;N/A;N/A;N/A;N/A;N/A;N/A;N/A;N/A;N/A;N/A;N/A;N/A;N/A;N/A;N/A;N/A
Renault;Kwid;"1.0 Sce 66cv Zen";2020;"86000 km";;LOFE2142653;10000;;;;;"Nuevo París";https://auto.mercadolibre.com.uy/MLU-703524100-renault-kwid-10-sce-66cv-zen-_JM;N/A;;"Renault Kwid 1.0 Sce 66cv Zen";usd;Sí;gold_premium;false;N/A;N/A;http://perfil.mercadolibre.com.uy/LOFE2142653;active;N/A;N/A;Usado;Blanco;No;N/A;Delantera;N/A;N/A;Sí;N/A;N/A;N/A;N/A;N/A;N/A;N/A;N/A;N/A;N/A;N/A;N/A;N/A;N/A;N/A;N/A;N/A;N/A;N/A;N/A;N/A;N/A;"2423 mm";"1 L";"50 L";5;N/A;N/A;N/A;N/A;N/A;N/A;N/A;N/A;N/A;N/A;N/A;N/A;N/A;N/A;N/A;N/A;N/A;N/A;N/A;N/A;N/A;N/A;N/A;N/A;N/A;N/A;N/A;N/A;N/A;N/A;N/A;N/A;N/A;N/A;N/A;N/A;N/A;N/A;N/A;N/A;N/A;N/A;N/A;N/A;N/A;"1474 mm";"3680 mm";N/A;N/A;N/A;N/A;5;"66 hp";Zen;N/A;4;"1752 mm";N/A;N/A;N/A;N/A;N/A;N/A;N/A;N/A;N/A;N/A;N/A;N/A;N/A;N/A;N/A;N/A;N/A;N/A;5;1.0;Nafta;Manual;Hatchback;"Autos y camionetas";N/A;N/A;N/A;N/A;N/A;N/A;UY;N/A;N/A;N/A;N/A;N/A;N/A;N/A;N/A;N/A;N/A;N/A;N/A;N/A;N/A;N/A;N/A;N/A;N/A;N/A;N/A;N/A;N/A;N/A;N/A;N/A;N/A;N/A;N/A;N/A;N/A;N/A;N/A;N/A;N/A;N/A;N/A;N/A;N/A;N/A;N/A;N/A;N/A;N/A;N/A;N/A;N/A;N/A;N/A;N/A;N/A;N/A;N/A;N/A;N/A;N/A;N/A;N/A;N/A;N/A;N/A;N/A;N/A;N/A;N/A;N/A;N/A;N/A;N/A;N/A;N/A;N/A;N/A;N/A;N/A;N/A;N/A;N/A;N/A;N/A;N/A;N/A;N/A;N/A;N/A;N/A;N/A;N/A;N/A;N/A;N/A;N/A;N/A;N/A;N/A;N/A;N/A;N/A;N/A;N/A;N/A;N/A;N/A;N/A;N/A;N/A;N/A;N/A;N/A;N/A;N/A;N/A;N/A;N/A;N/A;N/A
Renault;Kwid;"1.0 Sce 66cv Zen";2022;"74000 km";;"RONALD PEREZVECINO";12600;;;;;"Empalme Olmos";https://auto.mercadolibre.com.uy/MLU-703028946-renault-kwid-2022-10-sce-66cv-zen-_JM;N/A;;"Renault Kwid 2022 1.0 Sce 66cv Zen";usd;Sí;gold_premium;false;N/A;N/A;http://perfil.mercadolibre.com.uy/RONALD+PEREZVECINO;active;N/A;N/A;Usado;N/A;N/A;N/A;Delantera;N/A;N/A;Sí;N/A;N/A;N/A;N/A;N/A;N/A;N/A;N/A;N/A;N/A;N/A;N/A;N/A;N/A;N/A;N/A;N/A;N/A;N/A;N/A;N/A;N/A;"2423 mm";"1 L";"50 L";5;N/A;N/A;N/A;N/A;N/A;N/A;N/A;N/A;N/A;N/A;N/A;N/A;N/A;N/A;N/A;N/A;N/A;N/A;N/A;N/A;N/A;N/A;N/A;N/A;N/A;N/A;N/A;N/A;N/A;N/A;N/A;N/A;N/A;N/A;N/A;N/A;N/A;N/A;N/A;N/A;N/A;N/A;N/A;N/A;N/A;"1474 mm";"3680 mm";N/A;N/A;N/A;N/A;5;"66 hp";Zen;N/A;4;"1752 mm";N/A;N/A;N/A;N/A;N/A;N/A;N/A;N/A;N/A;N/A;N/A;N/A;N/A;N/A;N/A;N/A;N/A;N/A;5;1.0;Nafta;Manual;Hatchback;"Autos y camionetas";N/A;N/A;N/A;N/A;N/A;N/A;UY;N/A;N/A;N/A;N/A;N/A;N/A;N/A;N/A;N/A;N/A;N/A;N/A;N/A;N/A;N/A;N/A;N/A;N/A;N/A;N/A;N/A;N/A;N/A;N/A;N/A;N/A;N/A;N/A;N/A;N/A;N/A;N/A;N/A;N/A;N/A;N/A;N/A;N/A;N/A;N/A;N/A;N/A;N/A;N/A;N/A;N/A;N/A;N/A;N/A;N/A;N/A;N/A;N/A;N/A;N/A;N/A;N/A;N/A;N/A;N/A;N/A;N/A;N/A;N/A;N/A;N/A;N/A;N/A;N/A;N/A;N/A;N/A;N/A;N/A;N/A;N/A;N/A;N/A;N/A;N/A;N/A;N/A;N/A;N/A;N/A;N/A;N/A;N/A;N/A;N/A;N/A;N/A;N/A;N/A;N/A;N/A;N/A;N/A;N/A;N/A;N/A;N/A;N/A;N/A;N/A;N/A;N/A;N/A;N/A;N/A;N/A;N/A;N/A;N/A;N/A
Renault;Logan;"1.6 Privilége 105cv";2018;"118000 km";;OVOV5414539;11600;;;;;"La Comercial";https://auto.mercadolibre.com.uy/MLU-646822927-renault-logan-_JM;N/A;;"Renault Logan ";usd;Sí;gold_premium;false;N/A;N/A;http://perfil.mercadolibre.com.uy/OVOV5414539;active;N/A;N/A;Usado;Gris;N/A;Hidráulica;Delantera;N/A;N/A;N/A;N/A;N/A;N/A;N/A;N/A;N/A;N/A;N/A;N/A;N/A;N/A;N/A;N/A;N/A;N/A;N/A;N/A;N/A;N/A;N/A;N/A;N/A;"2635 mm";"1.6 L";"50 L";5;N/A;N/A;N/A;N/A;N/A;N/A;N/A;N/A;N/A;N/A;N/A;N/A;N/A;N/A;N/A;N/A;N/A;N/A;N/A;N/A;N/A;N/A;N/A;N/A;N/A;N/A;N/A;N/A;N/A;N/A;N/A;N/A;N/A;Sí;Sí;Sí;N/A;N/A;N/A;N/A;N/A;N/A;N/A;N/A;N/A;"1529 mm";"4350 mm";N/A;N/A;N/A;N/A;5;"105 hp";Privilege;N/A;4;"1733 mm";"11.8 km/l";N/A;N/A;N/A;N/A;N/A;N/A;Sí;N/A;N/A;N/A;"9.6 km/l";N/A;N/A;N/A;N/A;N/A;N/A;4;1.6;Nafta;Manual;Sedán;"Autos y camionetas";N/A;N/A;N/A;N/A;N/A;N/A;UY;N/A;N/A;N/A;N/A;N/A;N/A;N/A;N/A;N/A;N/A;N/A;N/A;N/A;N/A;N/A;N/A;N/A;N/A;N/A;N/A;N/A;N/A;N/A;N/A;N/A;N/A;N/A;N/A;N/A;N/A;N/A;N/A;N/A;N/A;N/A;N/A;N/A;N/A;N/A;N/A;N/A;N/A;N/A;N/A;N/A;N/A;N/A;N/A;N/A;N/A;N/A;N/A;N/A;N/A;N/A;N/A;N/A;N/A;N/A;N/A;N/A;N/A;N/A;N/A;N/A;N/A;N/A;N/A;N/A;N/A;N/A;N/A;N/A;N/A;N/A;N/A;N/A;N/A;N/A;N/A;N/A;N/A;N/A;N/A;N/A;N/A;N/A;N/A;N/A;N/A;N/A;N/A;N/A;N/A;N/A;N/A;N/A;N/A;N/A;N/A;N/A;N/A;N/A;N/A;N/A;N/A;N/A;N/A;N/A;N/A;N/A;N/A;N/A;N/A;N/A
Renault;"Grand Captur";"2.0 Intens";2018;"125000 km";;"MARIÑO SPORT";17500;;;;;Pocitos;https://auto.mercadolibre.com.uy/MLU-701260658-renault-grand-captur-2018-20-intens-_JM;N/A;;"Renault Grand Captur 2018 2.0 Intens";usd;Sí;gold_premium;false;N/A;N/A;http://perfil.mercadolibre.com.uy/MARI%C3%91O+SPORT;active;N/A;N/A;Usado;N/A;N/A;Hidráulica;4x4;Sí;N/A;N/A;N/A;N/A;N/A;N/A;N/A;N/A;N/A;N/A;N/A;N/A;N/A;N/A;N/A;N/A;N/A;N/A;N/A;N/A;N/A;N/A;N/A;N/A;"2670 mm";"2 L";"45 L";N/A;N/A;N/A;N/A;N/A;N/A;N/A;N/A;N/A;N/A;N/A;N/A;N/A;N/A;N/A;N/A;N/A;N/A;N/A;N/A;N/A;N/A;N/A;N/A;N/A;N/A;N/A;N/A;N/A;N/A;N/A;N/A;N/A;N/A;N/A;N/A;N/A;N/A;N/A;N/A;N/A;N/A;N/A;N/A;N/A;N/A;"1556 mm";"4122 mm";N/A;N/A;N/A;N/A;5;"143 hp";Intens;N/A;4;"1778 mm";N/A;N/A;N/A;N/A;N/A;N/A;N/A;N/A;N/A;N/A;N/A;N/A;N/A;N/A;N/A;N/A;N/A;N/A;5;2.0;Nafta;Automática;Hatchback;"Autos y camionetas";N/A;N/A;N/A;N/A;N/A;N/A;UY;N/A;N/A;N/A;N/A;N/A;N/A;N/A;N/A;N/A;N/A;N/A;N/A;N/A;N/A;N/A;N/A;N/A;N/A;N/A;N/A;N/A;N/A;N/A;N/A;N/A;N/A;N/A;N/A;N/A;N/A;N/A;N/A;N/A;N/A;N/A;N/A;N/A;N/A;N/A;N/A;N/A;N/A;N/A;N/A;N/A;N/A;N/A;N/A;N/A;N/A;N/A;N/A;N/A;N/A;N/A;N/A;N/A;N/A;N/A;N/A;N/A;N/A;N/A;N/A;N/A;N/A;N/A;N/A;N/A;N/A;N/A;N/A;N/A;N/A;N/A;N/A;N/A;N/A;N/A;N/A;N/A;N/A;N/A;N/A;N/A;N/A;N/A;N/A;N/A;N/A;N/A;N/A;N/A;N/A;N/A;N/A;N/A;N/A;N/A;N/A;N/A;N/A;N/A;N/A;N/A;N/A;N/A;N/A;N/A;N/A;N/A;N/A;N/A;N/A;N/A
Renault;Sandero;"1.6 Authentique 90cv";2019;"86000 km";;OVOV5414539;10900;;;;;"La Comercial";https://auto.mercadolibre.com.uy/MLU-645499745-renault-sandero-_JM;N/A;;"Renault Sandero ";usd;Sí;gold_premium;false;N/A;N/A;http://perfil.mercadolibre.com.uy/OVOV5414539;active;N/A;N/A;Usado;Rojo;N/A;Hidráulica;Delantera;N/A;N/A;N/A;N/A;N/A;N/A;N/A;N/A;N/A;N/A;N/A;N/A;N/A;N/A;N/A;N/A;N/A;N/A;N/A;N/A;N/A;N/A;N/A;N/A;N/A;"2590 mm";"1.6 L";"50 L";5;N/A;N/A;N/A;N/A;N/A;N/A;N/A;N/A;N/A;N/A;N/A;N/A;N/A;N/A;N/A;N/A;N/A;N/A;N/A;N/A;N/A;N/A;N/A;N/A;N/A;N/A;N/A;N/A;N/A;N/A;N/A;N/A;N/A;N/A;N/A;N/A;N/A;N/A;N/A;N/A;N/A;N/A;N/A;N/A;N/A;"1528 mm";"4023 mm";N/A;N/A;N/A;N/A;5;"90 hp";Authentique;N/A;2;"1733 mm";"10 km/l";N/A;N/A;N/A;Sí;N/A;N/A;N/A;N/A;N/A;N/A;"5.8 km/l";N/A;N/A;N/A;N/A;N/A;N/A;5;1.6;Nafta;Manual;Hatchback;"Autos y camionetas";N/A;N/A;N/A;N/A;N/A;N/A;UY;N/A;N/A;N/A;N/A;N/A;N/A;N/A;N/A;N/A;N/A;N/A;N/A;N/A;N/A;N/A;N/A;N/A;N/A;N/A;N/A;N/A;N/A;N/A;N/A;N/A;N/A;N/A;N/A;N/A;N/A;N/A;N/A;N/A;N/A;N/A;N/A;N/A;N/A;N/A;N/A;N/A;N/A;N/A;N/A;N/A;N/A;N/A;N/A;N/A;N/A;N/A;N/A;N/A;N/A;N/A;N/A;N/A;N/A;N/A;N/A;N/A;N/A;N/A;N/A;N/A;N/A;N/A;N/A;N/A;N/A;N/A;N/A;N/A;N/A;N/A;N/A;N/A;N/A;N/A;N/A;N/A;N/A;N/A;N/A;N/A;N/A;N/A;N/A;N/A;N/A;N/A;N/A;N/A;N/A;N/A;N/A;N/A;N/A;N/A;N/A;N/A;N/A;N/A;N/A;N/A;Sí;N/A;N/A;N/A;N/A;N/A;N/A;Sí;N/A;N/A
Renault;Sandero;"1.6 Expression 90cv";2019;"35000 km";;OVOV5414539;13290;;;;;"La Comercial";https://auto.mercadolibre.com.uy/MLU-645377657-renault-nuevo-sandero-_JM;N/A;;"Renault Nuevo Sandero ";usd;Sí;gold_premium;false;N/A;N/A;http://perfil.mercadolibre.com.uy/OVOV5414539;active;N/A;N/A;Usado;Blanco;N/A;Hidráulica;Delantera;Sí;N/A;N/A;N/A;N/A;N/A;N/A;N/A;N/A;N/A;N/A;N/A;N/A;N/A;N/A;N/A;N/A;N/A;N/A;N/A;N/A;N/A;N/A;N/A;N/A;"2590 mm";"1.6 L";"50 L";5;N/A;N/A;N/A;N/A;N/A;N/A;N/A;N/A;N/A;N/A;N/A;N/A;N/A;N/A;N/A;N/A;N/A;N/A;N/A;N/A;N/A;N/A;N/A;N/A;N/A;N/A;N/A;N/A;N/A;N/A;N/A;N/A;N/A;N/A;N/A;N/A;N/A;N/A;N/A;N/A;N/A;N/A;N/A;N/A;N/A;"1536 mm";"4060 mm";N/A;N/A;N/A;N/A;5;"90 hp";Expression;N/A;2;"1733 mm";"10 km/l";N/A;N/A;N/A;N/A;N/A;N/A;N/A;N/A;N/A;Sí;"5.8 km/l";N/A;N/A;N/A;N/A;N/A;N/A;5;1.6;Nafta;Manual;Hatchback;"Autos y camionetas";N/A;N/A;N/A;N/A;N/A;N/A;UY;N/A;N/A;N/A;N/A;N/A;N/A;N/A;N/A;N/A;N/A;N/A;N/A;N/A;N/A;N/A;N/A;N/A;N/A;N/A;N/A;N/A;N/A;N/A;N/A;N/A;N/A;N/A;N/A;N/A;N/A;N/A;N/A;N/A;N/A;N/A;N/A;N/A;N/A;N/A;N/A;N/A;N/A;N/A;N/A;N/A;N/A;N/A;N/A;N/A;N/A;N/A;N/A;N/A;N/A;N/A;N/A;N/A;N/A;N/A;N/A;N/A;N/A;N/A;N/A;N/A;N/A;N/A;N/A;N/A;N/A;N/A;N/A;N/A;N/A;N/A;N/A;N/A;N/A;N/A;N/A;N/A;N/A;N/A;N/A;N/A;N/A;N/A;N/A;N/A;N/A;N/A;N/A;N/A;N/A;N/A;N/A;N/A;N/A;N/A;N/A;N/A;N/A;N/A;N/A;N/A;N/A;N/A;N/A;N/A;N/A;Sí;N/A;N/A;N/A;N/A
Renault;Kwid;"Intense bi tono";2019;"69000 km";;"VIPERCAR AUTOMOVILES_4";11900;;;;;"Brazo Oriental";https://auto.mercadolibre.com.uy/MLU-693591830-renault-kwid-intense-bi-tono-10-2019-impecable-_JM;N/A;;"Renault Kwid Intense Bi Tono 1.0 2019 Impecable!";USD;Sí;gold_premium;false;N/A;N/A;http://perfil.mercadolibre.com.uy/VIPERCAR+AUTOMOVILES_4;active;N/A;N/A;Usado;Beige;Sí;Eléctrica;N/A;Sí;Sí;N/A;N/A;N/A;N/A;N/A;N/A;N/A;N/A;N/A;N/A;Sí;N/A;N/A;N/A;N/A;N/A;N/A;N/A;N/A;N/A;N/A;N/A;N/A;N/A;"1000 cc";N/A;5;N/A;N/A;Sí;Sí;N/A;N/A;N/A;N/A;N/A;N/A;N/A;N/A;N/A;N/A;N/A;N/A;N/A;N/A;N/A;N/A;N/A;N/A;N/A;N/A;N/A;Sí;N/A;N/A;N/A;N/A;N/A;N/A;N/A;N/A;N/A;N/A;N/A;N/A;N/A;N/A;N/A;N/A;N/A;N/A;N/A;N/A;N/A;N/A;N/A;N/A;N/A;N/A;N/A;Intense;N/A;N/A;N/A;N/A;N/A;N/A;N/A;N/A;N/A;N/A;N/A;N/A;N/A;N/A;N/A;N/A;N/A;N/A;N/A;Sí;"Lun a Vie de 9 a 12:30 y de 13:30 a 19. Sáb de 9 a 13 hs.";5;1.0;Nafta;Manual;Hatchback;"Autos y camionetas";No;N/A;N/A;N/A;No;N/A;N/A;No;Sí;No;No;N/A;N/A;N/A;N/A;N/A;N/A;N/A;N/A;N/A;N/A;N/A;N/A;N/A;N/A;N/A;N/A;N/A;N/A;N/A;N/A;N/A;N/A;N/A;N/A;N/A;N/A;N/A;N/A;N/A;N/A;N/A;N/A;N/A;N/A;N/A;N/A;N/A;N/A;N/A;N/A;N/A;N/A;N/A;N/A;N/A;N/A;N/A;N/A;N/A;N/A;N/A;No;N/A;N/A;N/A;N/A;N/A;N/A;N/A;N/A;N/A;N/A;N/A;N/A;N/A;N/A;N/A;N/A;N/A;N/A;N/A;N/A;N/A;N/A;N/A;N/A;N/A;N/A;N/A;N/A;N/A;Sí;N/A;N/A;N/A;Sí;N/A;N/A;N/A;Sí;N/A;N/A;N/A;Sí;Sí;N/A;N/A;N/A;N/A;N/A;N/A;N/A;N/A;Sí;Sí;Sí;N/A;N/A;Sí;Sí;Sí
Renault;Oroch;"1.3 Tce Intens Outsider 2Wd Cvt";2023;"23000 km";;SEFILUXSA;24900;;;;;Maldonado;https://auto.mercadolibre.com.uy/MLU-703924730-renault-oroch-13-tce-2023-outsider-_JM;N/A;;"Renault Oroch 1.3 Tce 2023 Outsider";usd;Sí;gold_premium;false;N/A;N/A;http://perfil.mercadolibre.com.uy/SEFILUXSA;active;N/A;N/A;Usado;Gris;N/A;N/A;Delantera;N/A;N/A;N/A;N/A;N/A;N/A;N/A;N/A;N/A;N/A;N/A;N/A;N/A;N/A;N/A;N/A;N/A;N/A;N/A;N/A;N/A;N/A;N/A;N/A;N/A;"2890 mm";"1.3 L";"45 L";8;N/A;N/A;N/A;N/A;N/A;N/A;N/A;N/A;N/A;N/A;N/A;N/A;N/A;N/A;N/A;N/A;N/A;N/A;N/A;N/A;N/A;N/A;N/A;N/A;N/A;N/A;N/A;N/A;N/A;N/A;N/A;N/A;N/A;N/A;N/A;N/A;N/A;N/A;N/A;N/A;N/A;N/A;N/A;N/A;N/A;"1694 mm";"4719 mm";N/A;N/A;N/A;N/A;5;"156 hp";"Intens Outsider";N/A;4;"1834 mm";N/A;N/A;N/A;N/A;N/A;N/A;N/A;N/A;N/A;N/A;N/A;N/A;N/A;N/A;N/A;N/A;N/A;N/A;4;1.3;Nafta;Automática;Pick-Up;"Autos y camionetas";N/A;N/A;N/A;N/A;N/A;N/A;UY;N/A;N/A;N/A;N/A;N/A;N/A;N/A;N/A;N/A;N/A;N/A;N/A;N/A;N/A;N/A;N/A;N/A;N/A;N/A;N/A;N/A;N/A;N/A;N/A;N/A;N/A;N/A;N/A;N/A;N/A;N/A;N/A;N/A;N/A;N/A;N/A;N/A;N/A;N/A;N/A;N/A;N/A;N/A;N/A;N/A;N/A;N/A;N/A;N/A;N/A;N/A;N/A;N/A;N/A;N/A;N/A;N/A;N/A;N/A;N/A;N/A;N/A;N/A;N/A;N/A;N/A;N/A;N/A;N/A;N/A;N/A;N/A;N/A;N/A;N/A;N/A;N/A;N/A;N/A;N/A;N/A;N/A;N/A;N/A;N/A;N/A;N/A;N/A;N/A;N/A;N/A;N/A;N/A;N/A;N/A;N/A;N/A;N/A;N/A;N/A;N/A;N/A;N/A;N/A;N/A;N/A;N/A;N/A;N/A;N/A;N/A;N/A;N/A;N/A;N/A
Renault;Koleos;"2.5 Zen Limited 4x2";2021;"93000 km";;"MARIÑO SPORT";26500;;;;;Pocitos;https://auto.mercadolibre.com.uy/MLU-704329752-renault-koleos-2021-25-zen-limited-4x2-_JM;N/A;;"Renault Koleos 2021 2.5 Zen Limited 4x2";usd;Sí;gold_premium;false;N/A;N/A;http://perfil.mercadolibre.com.uy/MARI%C3%91O+SPORT;active;N/A;N/A;Usado;N/A;N/A;Eléctrica;4x2;N/A;N/A;Sí;N/A;N/A;N/A;N/A;N/A;N/A;N/A;N/A;N/A;N/A;N/A;N/A;N/A;N/A;N/A;N/A;N/A;N/A;N/A;N/A;N/A;N/A;"2690 mm";"2.5 L";"65 L";6;N/A;N/A;N/A;N/A;N/A;N/A;N/A;N/A;N/A;Sí;N/A;N/A;N/A;N/A;N/A;N/A;N/A;N/A;N/A;N/A;N/A;N/A;N/A;N/A;N/A;N/A;N/A;N/A;N/A;N/A;N/A;N/A;N/A;Sí;Sí;N/A;N/A;N/A;N/A;N/A;N/A;N/A;N/A;N/A;N/A;"1710 mm";"4520 mm";N/A;N/A;N/A;N/A;5;"170 hp";"Zen Limited";N/A;4;"1855 mm";"12.5 km/l";Sí;N/A;N/A;Sí;N/A;N/A;Sí;N/A;N/A;N/A;"8.3 km/l";N/A;N/A;N/A;N/A;N/A;N/A;5;2.5;Nafta;Manual;SUV;"Autos y camionetas";N/A;N/A;N/A;N/A;N/A;N/A;UY;N/A;N/A;N/A;N/A;N/A;N/A;N/A;N/A;N/A;N/A;N/A;N/A;N/A;N/A;N/A;N/A;N/A;N/A;N/A;N/A;N/A;N/A;N/A;N/A;N/A;N/A;N/A;N/A;N/A;N/A;N/A;N/A;N/A;N/A;N/A;N/A;N/A;N/A;N/A;N/A;N/A;N/A;N/A;N/A;N/A;N/A;N/A;N/A;N/A;N/A;N/A;N/A;N/A;N/A;N/A;N/A;N/A;N/A;N/A;N/A;N/A;N/A;N/A;N/A;N/A;N/A;N/A;N/A;N/A;N/A;N/A;N/A;N/A;N/A;N/A;N/A;N/A;N/A;N/A;N/A;N/A;N/A;N/A;N/A;N/A;N/A;N/A;N/A;N/A;N/A;N/A;N/A;N/A;N/A;N/A;N/A;N/A;N/A;N/A;N/A;N/A;N/A;N/A;N/A;N/A;Sí;N/A;N/A;N/A;N/A;N/A;N/A;N/A;N/A;N/A
Renault;Duster;"1.6 16v Intens Cvt";2022;"63800 km";;NEWMASTERCARS;18990;;;;;"Aires Puros";https://auto.mercadolibre.com.uy/MLU-706182280-renault-duster-16-16v-intens-cvt-_JM;N/A;;"Renault Duster 1.6 16v Intens Cvt";usd;Sí;gold_premium;false;N/A;N/A;http://perfil.mercadolibre.com.uy/NEWMASTERCARS;active;N/A;N/A;Usado;Gris;No;Hidráulica;4x2;Sí;Sí;Sí;N/A;N/A;Sí;N/A;N/A;Sí;N/A;N/A;Sí;Sí;N/A;No;N/A;N/A;N/A;N/A;N/A;N/A;N/A;N/A;N/A;N/A;"2674 mm";"1.6 L";"50 L";6;N/A;N/A;N/A;N/A;N/A;No;N/A;N/A;N/A;N/A;N/A;N/A;N/A;N/A;N/A;N/A;N/A;N/A;N/A;N/A;N/A;N/A;N/A;N/A;N/A;N/A;N/A;N/A;N/A;Sí;N/A;N/A;N/A;N/A;N/A;N/A;N/A;N/A;N/A;N/A;N/A;N/A;N/A;N/A;N/A;"1683 mm";"4329 mm";N/A;N/A;N/A;N/A;5;"118 hp";Intens;N/A;4;"1822 mm";"11.1 km/l";Sí;N/A;Sí;Sí;N/A;Sí;Sí;N/A;Sí;N/A;"10.4 km/l";No;No;N/A;N/A;Sí;"Lunes a domingo de 9 a 20";5;1.6;Nafta;Automática;SUV;"Autos y camionetas";N/A;N/A;N/A;N/A;N/A;N/A;UY;N/A;N/A;N/A;N/A;N/A;N/A;N/A;N/A;N/A;N/A;N/A;N/A;N/A;N/A;N/A;N/A;N/A;Sí;N/A;N/A;N/A;N/A;N/A;N/A;N/A;N/A;N/A;N/A;N/A;N/A;N/A;N/A;N/A;N/A;N/A;N/A;N/A;N/A;N/A;N/A;N/A;N/A;N/A;N/A;N/A;N/A;N/A;N/A;N/A;N/A;N/A;N/A;N/A;N/A;N/A;N/A;N/A;N/A;N/A;N/A;N/A;N/A;N/A;N/A;N/A;N/A;N/A;N/A;N/A;N/A;N/A;N/A;N/A;N/A;N/A;N/A;N/A;N/A;N/A;N/A;N/A;N/A;N/A;N/A;N/A;N/A;N/A;N/A;Sí;Sí;Sí;Sí;N/A;Sí;N/A;N/A;N/A;N/A;Sí;Sí;Sí;Sí;N/A;N/A;No;Sí;Sí;Sí;Sí;Sí;No;No;Sí;N/A;Sí
Renault;Clio;"1.2 Authentique Pack I 75cv";2012;"120000 km";;CLAVELLMARTIN20220626202353;8900;;;;;Solymar;https://auto.mercadolibre.com.uy/MLU-647500113-renault-clio-12-authentique-pack-ii-75cv-_JM;N/A;;"Renault Clio 1.2 Authentique Pack Ii 75cv";usd;Sí;gold_premium;false;N/A;N/A;http://perfil.mercadolibre.com.uy/CLAVELLMARTIN20220626202353;active;N/A;N/A;Usado;Negro;N/A;Hidráulica;Delantera;Sí;N/A;N/A;N/A;N/A;N/A;N/A;N/A;N/A;N/A;N/A;N/A;Sí;N/A;Sí;N/A;N/A;N/A;N/A;N/A;N/A;N/A;N/A;N/A;N/A;"2472 mm";"1.2 L";"50 L";5;N/A;N/A;N/A;N/A;N/A;N/A;N/A;N/A;N/A;N/A;N/A;N/A;N/A;N/A;N/A;N/A;N/A;N/A;N/A;N/A;N/A;N/A;N/A;N/A;N/A;N/A;N/A;N/A;N/A;N/A;N/A;N/A;N/A;Sí;N/A;N/A;N/A;N/A;N/A;N/A;N/A;N/A;N/A;N/A;N/A;"1417 mm";"3813 mm";N/A;N/A;N/A;N/A;5;"75 hp";Authentique;N/A;4;"1639 mm";N/A;N/A;N/A;N/A;Sí;N/A;Sí;Sí;N/A;N/A;N/A;N/A;N/A;N/A;N/A;N/A;Sí;N/A;3;1.2;Nafta;Manual;Hatchback;"Autos y camionetas";N/A;N/A;N/A;N/A;No;N/A;UY;N/A;Sí;N/A;N/A;N/A;N/A;N/A;N/A;N/A;N/A;N/A;N/A;N/A;N/A;N/A;N/A;N/A;N/A;N/A;N/A;N/A;N/A;N/A;N/A;N/A;N/A;N/A;N/A;N/A;N/A;N/A;N/A;N/A;N/A;N/A;N/A;N/A;N/A;N/A;N/A;N/A;N/A;N/A;N/A;N/A;N/A;N/A;N/A;N/A;N/A;N/A;N/A;N/A;N/A;N/A;N/A;N/A;N/A;N/A;N/A;N/A;N/A;N/A;N/A;N/A;N/A;N/A;N/A;N/A;N/A;N/A;N/A;N/A;N/A;N/A;N/A;N/A;N/A;N/A;N/A;N/A;N/A;N/A;N/A;N/A;N/A;N/A;N/A;N/A;N/A;N/A;N/A;N/A;N/A;N/A;N/A;N/A;N/A;N/A;N/A;N/A;N/A;N/A;N/A;N/A;Sí;N/A;Sí;Sí;N/A;N/A;N/A;N/A;N/A;Sí
Renault;"Sandero Stepway";"1.6 Confort 105cv";2014;"157000 km";;NISSANMOREIRA;9900;;;;;Pando;https://auto.mercadolibre.com.uy/MLU-647165221-renault-stepway-confort-16-_JM;N/A;;"Renault Stepway Confort 1.6";usd;Sí;gold_premium;false;N/A;N/A;http://perfil.mercadolibre.com.uy/NISSANMOREIRA;active;N/A;N/A;Usado;Blanco;N/A;Hidráulica;Delantera;N/A;N/A;N/A;N/A;N/A;N/A;N/A;N/A;N/A;N/A;N/A;N/A;N/A;N/A;N/A;N/A;N/A;N/A;N/A;N/A;N/A;N/A;N/A;N/A;N/A;"2588 mm";"1.6 L";"50 L";5;N/A;N/A;N/A;N/A;N/A;N/A;N/A;N/A;N/A;N/A;N/A;N/A;N/A;N/A;N/A;N/A;N/A;N/A;N/A;N/A;N/A;N/A;N/A;N/A;N/A;N/A;N/A;N/A;N/A;N/A;N/A;N/A;N/A;N/A;N/A;N/A;N/A;N/A;N/A;N/A;N/A;N/A;N/A;N/A;N/A;"1630 mm";"4091 mm";N/A;N/A;N/A;N/A;5;"105 hp";Confort;N/A;4;"1751 mm";"9.3 km/l";N/A;N/A;N/A;N/A;N/A;N/A;Sí;N/A;N/A;N/A;"5.9 km/l";N/A;N/A;N/A;N/A;N/A;"lunes a lunes";5;1.6;Nafta;Manual;Hatchback;"Autos y camionetas";N/A;N/A;N/A;N/A;N/A;N/A;UY;N/A;N/A;N/A;N/A;N/A;N/A;N/A;N/A;N/A;N/A;N/A;N/A;N/A;N/A;N/A;N/A;N/A;N/A;N/A;N/A;N/A;N/A;N/A;N/A;N/A;N/A;N/A;N/A;N/A;N/A;N/A;N/A;N/A;N/A;N/A;N/A;N/A;N/A;N/A;N/A;N/A;N/A;N/A;N/A;N/A;N/A;N/A;N/A;N/A;N/A;N/A;N/A;N/A;N/A;N/A;N/A;N/A;N/A;N/A;N/A;N/A;N/A;N/A;N/A;N/A;N/A;N/A;N/A;N/A;N/A;N/A;N/A;N/A;N/A;N/A;N/A;N/A;N/A;N/A;N/A;N/A;N/A;N/A;N/A;N/A;N/A;N/A;N/A;N/A;N/A;N/A;N/A;N/A;N/A;N/A;N/A;N/A;N/A;N/A;N/A;N/A;N/A;N/A;N/A;N/A;Sí;N/A;N/A;N/A;N/A;N/A;N/A;Sí;N/A;N/A
Renault;Kwid;"1.0 Sce 66cv Intense";2019;"57000 km";;"JONAS AUTOS";11900;;;;;Aguada;https://auto.mercadolibre.com.uy/MLU-706058576-renault-kwid-2019-10-sce-66cv-intense-_JM;N/A;;"Renault Kwid 2019 1.0 Sce 66cv Intense";usd;Sí;gold_premium;false;N/A;N/A;http://perfil.mercadolibre.com.uy/JONAS+AUTOS;active;N/A;N/A;Usado;N/A;N/A;Hidráulica;Delantera;N/A;N/A;Sí;N/A;N/A;N/A;N/A;N/A;N/A;N/A;N/A;N/A;N/A;N/A;N/A;N/A;N/A;N/A;N/A;N/A;N/A;N/A;N/A;N/A;N/A;"2423 mm";"1 L";"50 L";5;N/A;N/A;N/A;N/A;N/A;N/A;N/A;N/A;N/A;N/A;N/A;N/A;N/A;N/A;N/A;N/A;N/A;N/A;N/A;N/A;N/A;N/A;N/A;N/A;N/A;N/A;N/A;N/A;N/A;N/A;N/A;N/A;N/A;N/A;N/A;N/A;N/A;N/A;N/A;N/A;N/A;N/A;N/A;N/A;N/A;"1474 mm";"3680 mm";N/A;N/A;N/A;N/A;5;"66 hp";Intense;N/A;4;"1752 mm";N/A;N/A;N/A;N/A;N/A;N/A;N/A;N/A;N/A;N/A;N/A;N/A;N/A;N/A;N/A;N/A;N/A;N/A;5;1.0;Nafta;Manual;Hatchback;"Autos y camionetas";N/A;N/A;N/A;N/A;N/A;N/A;UY;N/A;N/A;N/A;N/A;N/A;N/A;N/A;N/A;N/A;N/A;N/A;N/A;N/A;N/A;N/A;N/A;N/A;N/A;N/A;N/A;N/A;N/A;N/A;N/A;N/A;N/A;N/A;N/A;N/A;N/A;N/A;N/A;N/A;N/A;N/A;N/A;N/A;N/A;N/A;N/A;N/A;N/A;N/A;N/A;N/A;N/A;N/A;N/A;N/A;N/A;N/A;N/A;N/A;N/A;N/A;N/A;N/A;N/A;N/A;N/A;N/A;N/A;N/A;N/A;N/A;N/A;N/A;N/A;N/A;N/A;N/A;N/A;N/A;N/A;N/A;N/A;N/A;N/A;N/A;N/A;N/A;N/A;N/A;N/A;N/A;N/A;N/A;N/A;N/A;N/A;N/A;N/A;N/A;N/A;N/A;N/A;N/A;N/A;N/A;N/A;N/A;N/A;N/A;N/A;N/A;N/A;N/A;N/A;N/A;N/A;N/A;N/A;N/A;N/A;N/A
Renault;Kwid;"1.0 Sce 66cv Life";2020;"38000 km";;ANIBAL01;11100;;;;;Cerro;https://auto.mercadolibre.com.uy/MLU-704742132-renault-kwid-10-sce-66cv-life-_JM;N/A;;"Renault Kwid 1.0 Sce 66cv Life";usd;Sí;gold_premium;false;N/A;N/A;http://perfil.mercadolibre.com.uy/ANIBAL01;active;N/A;N/A;Usado;Rojo;Sí;Asistida;Delantera;N/A;N/A;Sí;N/A;N/A;N/A;N/A;N/A;N/A;N/A;N/A;N/A;N/A;N/A;N/A;N/A;N/A;N/A;N/A;N/A;N/A;N/A;N/A;N/A;N/A;"2423 mm";"1 L";"50 L";5;N/A;N/A;N/A;N/A;N/A;N/A;N/A;N/A;N/A;N/A;N/A;N/A;N/A;N/A;N/A;N/A;N/A;N/A;N/A;N/A;N/A;N/A;N/A;N/A;N/A;N/A;N/A;N/A;N/A;N/A;N/A;N/A;N/A;N/A;N/A;N/A;N/A;N/A;N/A;N/A;N/A;N/A;N/A;N/A;N/A;"1474 mm";"3680 mm";N/A;N/A;N/A;N/A;5;"66 hp";Life;N/A;4;"1752 mm";N/A;N/A;N/A;N/A;N/A;N/A;N/A;N/A;N/A;N/A;N/A;N/A;N/A;N/A;N/A;N/A;N/A;N/A;5;1.0;Nafta;Manual;Hatchback;"Autos y camionetas";N/A;N/A;N/A;N/A;N/A;N/A;UY;N/A;N/A;N/A;N/A;N/A;N/A;N/A;N/A;N/A;N/A;N/A;N/A;N/A;N/A;N/A;N/A;N/A;N/A;N/A;N/A;N/A;N/A;N/A;N/A;N/A;N/A;N/A;N/A;N/A;N/A;N/A;N/A;N/A;N/A;N/A;N/A;N/A;N/A;N/A;N/A;N/A;N/A;N/A;N/A;N/A;N/A;N/A;N/A;N/A;N/A;N/A;N/A;N/A;N/A;N/A;N/A;N/A;N/A;N/A;N/A;N/A;N/A;N/A;N/A;N/A;N/A;N/A;N/A;N/A;N/A;N/A;N/A;N/A;N/A;N/A;N/A;N/A;N/A;N/A;N/A;N/A;N/A;N/A;N/A;N/A;N/A;N/A;N/A;N/A;Sí;Sí;N/A;N/A;Sí;N/A;N/A;N/A;N/A;N/A;N/A;N/A;Sí;N/A;N/A;N/A;N/A;N/A;N/A;N/A;N/A;N/A;N/A;N/A;N/A;N/A
Renault;Duster;"1.6 16v Intens Cvt";2022;"53000 km";;CAMA3691922;19500;;;;;"Punta Carretas";https://auto.mercadolibre.com.uy/MLU-705100102-nueva-renault-duster-intens-automatica-_JM;N/A;;"Nueva Renault Duster Intens Automatica";usd;Sí;gold_premium;false;N/A;N/A;http://perfil.mercadolibre.com.uy/CAMA3691922;active;N/A;N/A;Usado;Negro;N/A;Hidráulica;4x2;Sí;Sí;Sí;N/A;N/A;Sí;N/A;N/A;N/A;N/A;N/A;Sí;Sí;N/A;Sí;N/A;N/A;N/A;N/A;N/A;N/A;N/A;N/A;N/A;N/A;"2674 mm";"1.6 L";"50 L";6;N/A;N/A;N/A;N/A;N/A;Sí;N/A;N/A;N/A;N/A;N/A;N/A;N/A;N/A;N/A;N/A;N/A;N/A;N/A;N/A;N/A;N/A;N/A;N/A;N/A;N/A;N/A;N/A;N/A;N/A;N/A;N/A;N/A;N/A;N/A;N/A;N/A;N/A;N/A;N/A;N/A;N/A;N/A;N/A;N/A;"1683 mm";"4329 mm";N/A;N/A;N/A;N/A;5;"118 hp";Intens;N/A;4;"1822 mm";"11.1 km/l";Sí;N/A;Sí;Sí;N/A;Sí;Sí;N/A;N/A;N/A;"10.4 km/l";N/A;N/A;N/A;N/A;Sí;N/A;5;1.6;Nafta;Automática;SUV;"Autos y camionetas";N/A;N/A;N/A;N/A;N/A;N/A;UY;N/A;Sí;N/A;N/A;N/A;N/A;N/A;N/A;N/A;N/A;N/A;N/A;N/A;N/A;N/A;N/A;N/A;Sí;N/A;N/A;N/A;N/A;N/A;N/A;N/A;N/A;N/A;N/A;N/A;N/A;N/A;N/A;N/A;N/A;N/A;N/A;N/A;N/A;N/A;N/A;N/A;N/A;N/A;N/A;N/A;N/A;N/A;N/A;N/A;N/A;N/A;N/A;N/A;N/A;N/A;N/A;N/A;N/A;N/A;N/A;N/A;N/A;N/A;N/A;N/A;N/A;N/A;N/A;N/A;N/A;N/A;N/A;N/A;N/A;N/A;N/A;N/A;N/A;N/A;N/A;N/A;N/A;N/A;N/A;N/A;N/A;N/A;N/A;No;N/A;Sí;Sí;N/A;Sí;N/A;N/A;N/A;N/A;Sí;Sí;Sí;Sí;N/A;N/A;Sí;Sí;Sí;Sí;Sí;Sí;Sí;N/A;Sí;N/A;N/A
Renault;Megane;"1.6 Tric Pack Plus";2009;"98000 km";;"KM0 MOTORS";7900;;;;;"Aeropuerto Internacional De Carrasco";https://auto.mercadolibre.com.uy/MLU-704006862-renault-megane-16-tric-pack-plus-_JM;N/A;;"Renault Megane 1.6 Tric Pack Plus";usd;Sí;gold_premium;false;N/A;N/A;http://perfil.mercadolibre.com.uy/KM0+MOTORS;active;N/A;N/A;Usado;Azul;N/A;Hidráulica;Delantera;N/A;N/A;Sí;N/A;N/A;N/A;N/A;N/A;N/A;N/A;N/A;N/A;N/A;N/A;N/A;N/A;N/A;N/A;N/A;N/A;N/A;N/A;N/A;N/A;N/A;"2686 mm";"1.6 L";"60 L";5;N/A;N/A;N/A;N/A;N/A;N/A;N/A;N/A;N/A;N/A;N/A;N/A;N/A;N/A;N/A;N/A;N/A;N/A;N/A;N/A;N/A;N/A;N/A;N/A;N/A;N/A;N/A;N/A;N/A;N/A;N/A;N/A;N/A;Sí;N/A;N/A;N/A;N/A;N/A;N/A;N/A;N/A;N/A;N/A;N/A;"1435 mm";"4436 mm";N/A;N/A;N/A;N/A;5;"110 hp";"Pack Plus";N/A;4;"1777 mm";N/A;N/A;N/A;N/A;Sí;N/A;N/A;Sí;N/A;N/A;N/A;N/A;N/A;N/A;N/A;N/A;N/A;N/A;4;1.6;Nafta;Manual;Sedán;"Autos y camionetas";N/A;N/A;N/A;N/A;N/A;N/A;UY;N/A;N/A;N/A;N/A;N/A;N/A;N/A;N/A;N/A;N/A;N/A;N/A;N/A;N/A;N/A;N/A;N/A;N/A;N/A;N/A;N/A;N/A;N/A;N/A;N/A;N/A;N/A;N/A;N/A;N/A;N/A;N/A;N/A;N/A;N/A;N/A;N/A;N/A;N/A;N/A;N/A;N/A;N/A;N/A;N/A;N/A;N/A;N/A;N/A;N/A;N/A;N/A;N/A;N/A;N/A;N/A;N/A;N/A;N/A;N/A;N/A;N/A;N/A;N/A;N/A;N/A;N/A;N/A;N/A;N/A;N/A;N/A;N/A;N/A;N/A;N/A;N/A;N/A;N/A;N/A;N/A;N/A;N/A;N/A;N/A;N/A;N/A;N/A;N/A;N/A;N/A;N/A;N/A;N/A;N/A;N/A;N/A;N/A;N/A;N/A;N/A;N/A;N/A;N/A;N/A;Sí;N/A;N/A;N/A;N/A;N/A;N/A;N/A;N/A;N/A
Renault;Sandero;"1.6 Expression 90cv";2016;"55000 km";;REAN4199753;11500;;;;;Belvedere;https://auto.mercadolibre.com.uy/MLU-704217476-renault-sandero-16-expression-90cv-_JM;N/A;;"Renault Sandero 1.6 Expression 90cv";usd;Sí;gold_premium;false;N/A;N/A;http://perfil.mercadolibre.com.uy/REAN4199753;active;N/A;N/A;Usado;Azul;No;Hidráulica;Delantera;Sí;Sí;N/A;N/A;N/A;N/A;N/A;N/A;N/A;N/A;N/A;N/A;Sí;N/A;Sí;N/A;N/A;N/A;N/A;N/A;N/A;N/A;N/A;N/A;N/A;"2590 mm";"1.6 L";"50 L";5;N/A;N/A;N/A;N/A;N/A;N/A;N/A;N/A;N/A;N/A;N/A;N/A;N/A;N/A;N/A;N/A;N/A;N/A;N/A;N/A;N/A;N/A;N/A;N/A;N/A;N/A;N/A;N/A;N/A;N/A;N/A;N/A;N/A;N/A;N/A;N/A;N/A;N/A;N/A;N/A;N/A;N/A;N/A;N/A;N/A;"1536 mm";"4060 mm";N/A;N/A;N/A;N/A;5;"90 hp";Expression;N/A;2;"1733 mm";"10 km/l";N/A;N/A;N/A;Sí;N/A;Sí;Sí;N/A;N/A;Sí;"5.8 km/l";N/A;Sí;N/A;N/A;Sí;"De 9 a 18";5;1.6;Nafta;Manual;Hatchback;"Autos y camionetas";N/A;N/A;N/A;N/A;N/A;N/A;UY;N/A;N/A;N/A;N/A;N/A;N/A;N/A;N/A;N/A;N/A;N/A;N/A;N/A;N/A;N/A;N/A;N/A;N/A;N/A;N/A;N/A;N/A;N/A;N/A;N/A;N/A;N/A;N/A;N/A;N/A;N/A;N/A;N/A;N/A;N/A;N/A;N/A;N/A;N/A;N/A;N/A;N/A;N/A;N/A;N/A;N/A;N/A;N/A;N/A;N/A;N/A;N/A;N/A;N/A;N/A;N/A;N/A;N/A;N/A;N/A;N/A;N/A;N/A;N/A;N/A;N/A;N/A;N/A;N/A;N/A;N/A;N/A;N/A;N/A;N/A;N/A;N/A;N/A;N/A;N/A;N/A;N/A;N/A;N/A;N/A;N/A;N/A;N/A;N/A;Sí;Sí;N/A;N/A;Sí;N/A;N/A;N/A;N/A;Sí;N/A;N/A;Sí;N/A;N/A;N/A;Sí;Sí;Sí;Sí;Sí;Sí;N/A;N/A;N/A;Sí
Renault;Kwid;"1.0 Sce 66cv Zen";2022;"20000 km";;CASE4031459;12400;;;;;"La Blanqueada";https://auto.mercadolibre.com.uy/MLU-704178372-renault-kwid-10-sce-66cv-zen-_JM;N/A;;"Renault Kwid 1.0 Sce 66cv Zen";usd;Sí;gold_premium;false;N/A;N/A;http://perfil.mercadolibre.com.uy/CASE4031459;active;N/A;N/A;Usado;Gris;Sí;Hidráulica;Delantera;Sí;N/A;Sí;N/A;N/A;N/A;N/A;N/A;N/A;N/A;N/A;N/A;Sí;N/A;N/A;N/A;N/A;N/A;N/A;N/A;N/A;N/A;N/A;N/A;N/A;"2423 mm";"1 L";"50 L";5;N/A;N/A;N/A;N/A;N/A;N/A;N/A;N/A;N/A;N/A;N/A;N/A;N/A;N/A;N/A;N/A;N/A;N/A;N/A;N/A;N/A;N/A;N/A;N/A;N/A;N/A;N/A;N/A;N/A;N/A;N/A;N/A;N/A;N/A;N/A;N/A;N/A;N/A;N/A;N/A;N/A;N/A;N/A;N/A;N/A;"1474 mm";"3680 mm";N/A;N/A;N/A;N/A;5;"66 hp";Zen;N/A;4;"1752 mm";N/A;N/A;N/A;N/A;N/A;N/A;N/A;N/A;N/A;N/A;N/A;N/A;N/A;N/A;N/A;N/A;N/A;N/A;5;1.0;Nafta;Manual;Hatchback;"Autos y camionetas";N/A;N/A;N/A;N/A;N/A;N/A;UY;N/A;N/A;N/A;N/A;N/A;N/A;N/A;N/A;N/A;N/A;N/A;N/A;N/A;N/A;N/A;N/A;N/A;N/A;N/A;N/A;N/A;N/A;N/A;N/A;N/A;N/A;N/A;N/A;N/A;N/A;N/A;N/A;N/A;N/A;N/A;N/A;Sí;N/A;N/A;N/A;N/A;N/A;N/A;N/A;N/A;N/A;N/A;N/A;N/A;N/A;N/A;N/A;N/A;N/A;N/A;N/A;N/A;N/A;N/A;N/A;N/A;N/A;N/A;N/A;N/A;N/A;N/A;N/A;N/A;N/A;N/A;N/A;N/A;N/A;N/A;N/A;N/A;N/A;N/A;N/A;N/A;N/A;N/A;N/A;N/A;N/A;N/A;N/A;N/A;N/A;N/A;N/A;N/A;N/A;N/A;N/A;N/A;N/A;N/A;N/A;N/A;N/A;N/A;N/A;N/A;N/A;N/A;N/A;N/A;N/A;N/A;N/A;N/A;N/A;N/A
Renault;"Duster Oroch";"1.6 Dynamique";2017;"163000 km";;"MOREIRA AUTOMOVILES";14490;;;;;"Las Piedras";https://auto.mercadolibre.com.uy/MLU-647113685-renault-duster-oroch-16-dynamique-_JM;N/A;;"Renault Duster Oroch 1.6 Dynamique";usd;Sí;gold_premium;false;N/A;N/A;http://perfil.mercadolibre.com.uy/MOREIRA+AUTOMOVILES;active;N/A;N/A;Usado;Verde;N/A;Hidráulica;4x2;N/A;N/A;Sí;N/A;N/A;N/A;N/A;N/A;N/A;N/A;N/A;N/A;N/A;N/A;N/A;N/A;N/A;N/A;N/A;N/A;N/A;N/A;N/A;N/A;N/A;"2829 mm";"1.6 L";"50 L";5;N/A;N/A;N/A;N/A;N/A;N/A;N/A;N/A;N/A;N/A;N/A;N/A;N/A;N/A;N/A;N/A;N/A;N/A;N/A;N/A;N/A;N/A;N/A;N/A;N/A;N/A;N/A;N/A;N/A;N/A;N/A;N/A;N/A;N/A;N/A;N/A;N/A;N/A;N/A;N/A;N/A;N/A;N/A;N/A;N/A;"1683 mm";"4329 mm";N/A;N/A;N/A;N/A;5;"110 hp";Dynamique;N/A;4;"1821 mm";"11.1 km/l";N/A;N/A;N/A;N/A;N/A;N/A;N/A;N/A;N/A;N/A;"10.4 km/l";N/A;N/A;N/A;N/A;N/A;N/A;4;1.6;Nafta;Manual;SUV;"Autos y camionetas";N/A;N/A;N/A;N/A;N/A;N/A;UY;N/A;N/A;N/A;N/A;N/A;N/A;N/A;N/A;N/A;N/A;N/A;N/A;N/A;N/A;N/A;N/A;N/A;N/A;N/A;N/A;N/A;N/A;N/A;N/A;N/A;N/A;N/A;N/A;N/A;N/A;N/A;N/A;N/A;N/A;N/A;N/A;N/A;N/A;N/A;N/A;N/A;N/A;N/A;N/A;N/A;N/A;N/A;N/A;N/A;N/A;N/A;N/A;N/A;N/A;N/A;N/A;N/A;N/A;N/A;N/A;N/A;N/A;N/A;N/A;N/A;N/A;N/A;N/A;N/A;N/A;N/A;N/A;N/A;N/A;N/A;N/A;N/A;N/A;N/A;N/A;N/A;N/A;N/A;N/A;N/A;N/A;N/A;N/A;N/A;N/A;N/A;N/A;N/A;N/A;N/A;N/A;N/A;N/A;N/A;N/A;N/A;N/A;N/A;N/A;N/A;N/A;N/A;N/A;N/A;N/A;N/A;N/A;N/A;N/A;N/A
Renault;Oroch;"1.3 Tce Intens Outsider Cvt 2Wd";2025;"0 km";;MORAN_AUTOMOVILES;24990;;;;;Malvin;https://auto.mercadolibre.com.uy/MLU-702666068-renault-duster-13-tce-oportunidad-_JM;N/A;;"Renault Duster 1.3 Tce Oportunidad";USD;Sí;gold_premium;false;N/A;N/A;http://perfil.mercadolibre.com.uy/MORAN_AUTOMOVILES;active;N/A;N/A;Nuevo;Blanco;Sí;Asistida;Delantera;Sí;Sí;N/A;N/A;N/A;Sí;N/A;N/A;N/A;N/A;N/A;Sí;Sí;N/A;Sí;N/A;N/A;N/A;N/A;N/A;N/A;N/A;N/A;N/A;N/A;N/A;N/A;N/A;N/A;N/A;N/A;N/A;N/A;N/A;Sí;N/A;N/A;N/A;N/A;N/A;N/A;N/A;N/A;N/A;N/A;N/A;N/A;N/A;N/A;N/A;N/A;N/A;N/A;N/A;N/A;N/A;N/A;N/A;Sí;N/A;N/A;N/A;N/A;N/A;N/A;N/A;N/A;N/A;N/A;N/A;N/A;N/A;N/A;N/A;N/A;N/A;N/A;N/A;N/A;N/A;N/A;N/A;N/A;N/A;N/A;N/A;N/A;Sí;N/A;Sí;Sí;N/A;Sí;Sí;N/A;N/A;N/A;N/A;Sí;Sí;N/A;N/A;Sí;N/A;4;"1.3 turbo";Nafta;Automática;N/A;"Autos y camionetas";N/A;N/A;N/A;N/A;N/A;N/A;N/A;N/A;Sí;N/A;N/A;N/A;N/A;N/A;N/A;N/A;N/A;N/A;N/A;N/A;N/A;N/A;N/A;N/A;Sí;N/A;N/A;N/A;N/A;N/A;N/A;N/A;N/A;N/A;N/A;N/A;N/A;N/A;N/A;N/A;N/A;N/A;N/A;Sí;N/A;N/A;N/A;N/A;N/A;N/A;N/A;N/A;N/A;N/A;N/A;N/A;N/A;N/A;N/A;N/A;N/A;N/A;Sí;N/A;N/A;N/A;N/A;N/A;N/A;N/A;N/A;N/A;N/A;N/A;N/A;N/A;N/A;N/A;N/A;N/A;N/A;N/A;N/A;N/A;N/A;N/A;N/A;N/A;N/A;N/A;N/A;N/A;N/A;N/A;N/A;N/A;Sí;Sí;Sí;N/A;Sí;N/A;N/A;N/A;N/A;Sí;Sí;Sí;Sí;N/A;N/A;Sí;Sí;Sí;Sí;Sí;Sí;Sí;Sí;Sí;N/A;Sí
Renault;Kangoo;Confort;2020;"175000 km";;NISSANMOREIRA;16490;;;;;Pando;https://auto.mercadolibre.com.uy/MLU-702473452-renault-kangoo-confort-16-_JM;N/A;;"Renault Kangoo Confort 1.6";USD;Sí;gold_premium;false;N/A;N/A;http://perfil.mercadolibre.com.uy/NISSANMOREIRA;active;N/A;N/A;Usado;Gris;Sí;Asistida;Delantera;Sí;Sí;N/A;N/A;N/A;N/A;N/A;N/A;N/A;N/A;N/A;N/A;Sí;N/A;N/A;N/A;N/A;N/A;N/A;N/A;N/A;N/A;N/A;N/A;N/A;N/A;N/A;N/A;N/A;N/A;N/A;N/A;N/A;N/A;N/A;N/A;N/A;N/A;N/A;N/A;N/A;N/A;N/A;N/A;N/A;N/A;N/A;N/A;N/A;N/A;N/A;N/A;N/A;N/A;N/A;N/A;N/A;N/A;N/A;N/A;N/A;N/A;N/A;N/A;N/A;N/A;N/A;N/A;N/A;N/A;N/A;N/A;N/A;N/A;N/A;N/A;N/A;N/A;N/A;N/A;N/A;N/A;N/A;N/A;N/A;N/A;N/A;N/A;N/A;N/A;Sí;N/A;N/A;Sí;N/A;N/A;N/A;N/A;N/A;N/A;N/A;N/A;N/A;"lunes a lunes";3;1.6;Nafta;Manual;Rural;"Autos y camionetas";N/A;N/A;N/A;N/A;N/A;N/A;N/A;N/A;Sí;N/A;N/A;N/A;N/A;N/A;N/A;N/A;N/A;N/A;N/A;N/A;N/A;N/A;N/A;N/A;N/A;N/A;N/A;N/A;N/A;N/A;N/A;N/A;N/A;N/A;N/A;N/A;N/A;N/A;N/A;N/A;N/A;N/A;N/A;N/A;N/A;N/A;N/A;N/A;N/A;N/A;N/A;N/A;N/A;N/A;N/A;N/A;N/A;N/A;N/A;N/A;N/A;N/A;N/A;N/A;N/A;N/A;N/A;N/A;N/A;N/A;N/A;N/A;N/A;N/A;N/A;N/A;N/A;N/A;N/A;N/A;N/A;N/A;N/A;N/A;N/A;N/A;N/A;N/A;N/A;N/A;N/A;N/A;N/A;N/A;N/A;N/A;Sí;N/A;N/A;N/A;Sí;N/A;N/A;N/A;N/A;Sí;N/A;N/A;N/A;N/A;N/A;Sí;Sí;N/A;Sí;Sí;Sí;N/A;Sí;Sí;N/A;Sí
Renault;Fluence;"2.0 Privilege Cvt";2012;"335000 km";;LUISDUDOY;11500;;;;;Mercedes;https://auto.mercadolibre.com.uy/MLU-705304068-renault-fluence-20-privilege-cvt-_JM;N/A;;"Renault Fluence 2.0 Privilege Cvt";usd;Sí;gold_premium;false;N/A;N/A;http://perfil.mercadolibre.com.uy/LUISDUDOY;active;N/A;N/A;Usado;Blanco;No;Eléctrica;Delantera;Sí;Sí;Sí;N/A;N/A;No;N/A;N/A;Sí;N/A;N/A;No;Sí;N/A;Sí;N/A;N/A;N/A;N/A;N/A;N/A;N/A;N/A;N/A;N/A;"2700 mm";"2 L";"60 L";6;N/A;N/A;N/A;N/A;N/A;No;N/A;N/A;N/A;Sí;N/A;N/A;N/A;N/A;N/A;N/A;N/A;N/A;N/A;N/A;N/A;N/A;N/A;N/A;N/A;N/A;N/A;N/A;N/A;No;N/A;N/A;N/A;Sí;Sí;Sí;N/A;N/A;N/A;N/A;N/A;N/A;N/A;N/A;N/A;"1479 mm";"4618 mm";N/A;N/A;N/A;N/A;5;"143 hp";Privilege;N/A;4;"1810 mm";"11 km/l";No;N/A;No;Sí;N/A;Sí;Sí;N/A;Sí;N/A;"6.2 km/l";No;Sí;N/A;N/A;Sí;"Todos los días de 8 hs a 22 hs";4;2.0;Nafta;Automática;Sedán;"Autos y camionetas";Sí;N/A;N/A;N/A;Sí;N/A;UY;N/A;Sí;N/A;Sí;N/A;N/A;N/A;N/A;N/A;N/A;N/A;N/A;N/A;N/A;N/A;N/A;N/A;No;N/A;N/A;N/A;N/A;N/A;N/A;N/A;N/A;N/A;N/A;N/A;N/A;N/A;N/A;N/A;N/A;N/A;N/A;No;N/A;N/A;N/A;N/A;N/A;N/A;N/A;N/A;N/A;N/A;N/A;N/A;N/A;N/A;N/A;N/A;N/A;No;Sí;N/A;N/A;N/A;N/A;N/A;N/A;N/A;N/A;N/A;N/A;N/A;N/A;N/A;N/A;N/A;N/A;N/A;N/A;N/A;N/A;N/A;N/A;N/A;N/A;N/A;N/A;N/A;N/A;N/A;N/A;N/A;N/A;No;Sí;Sí;Sí;N/A;Sí;N/A;N/A;N/A;N/A;Sí;Sí;No;Sí;N/A;N/A;No;Sí;Sí;Sí;Sí;Sí;No;No;Sí;N/A;Sí
Renault;Twingo;"1.2 Expression Aa";1999;"246000 km";;ARENACEL.UY;5500;;;;;"La Blanqueada";https://auto.mercadolibre.com.uy/MLU-705810652-renault-twingo-12-expression-aa-_JM;N/A;;"Renault Twingo 1.2 Expression Aa";usd;No;gold_premium;false;N/A;N/A;http://perfil.mercadolibre.com.uy/ARENACEL.UY;active;N/A;N/A;Usado;Verde;No;Hidráulica;Delantera;Sí;N/A;N/A;N/A;N/A;N/A;N/A;N/A;N/A;N/A;N/A;N/A;N/A;N/A;N/A;N/A;N/A;N/A;N/A;N/A;N/A;N/A;N/A;N/A;N/A;"2347 mm";"1.2 L";"40 L";5;N/A;N/A;N/A;N/A;N/A;N/A;N/A;N/A;N/A;N/A;N/A;N/A;N/A;N/A;N/A;N/A;N/A;N/A;N/A;N/A;N/A;N/A;N/A;N/A;N/A;N/A;N/A;N/A;N/A;N/A;N/A;N/A;N/A;N/A;N/A;N/A;N/A;N/A;N/A;N/A;N/A;N/A;N/A;N/A;N/A;"1423 mm";"3433 mm";N/A;N/A;N/A;N/A;4;"75 hp";Expression;N/A;2;"1630 mm";"13.3 km/l";No;N/A;N/A;N/A;N/A;Sí;Sí;N/A;N/A;N/A;N/A;N/A;N/A;N/A;N/A;N/A;"Lunes a sábado de 9 a 19";3;1.2;Nafta;Manual;Hatchback;"Autos y camionetas";N/A;N/A;N/A;N/A;N/A;N/A;UY;N/A;N/A;N/A;N/A;N/A;N/A;N/A;N/A;N/A;N/A;N/A;N/A;N/A;N/A;N/A;N/A;N/A;N/A;N/A;N/A;N/A;N/A;N/A;N/A;N/A;N/A;N/A;N/A;N/A;N/A;N/A;N/A;N/A;N/A;N/A;N/A;N/A;N/A;N/A;N/A;N/A;N/A;N/A;N/A;N/A;N/A;N/A;N/A;N/A;N/A;N/A;N/A;N/A;N/A;N/A;N/A;N/A;N/A;N/A;N/A;N/A;N/A;N/A;N/A;N/A;N/A;N/A;N/A;N/A;N/A;N/A;N/A;N/A;N/A;N/A;N/A;N/A;N/A;N/A;N/A;N/A;N/A;N/A;N/A;N/A;N/A;N/A;N/A;N/A;N/A;N/A;N/A;N/A;N/A;N/A;N/A;N/A;N/A;N/A;N/A;N/A;N/A;N/A;N/A;N/A;N/A;N/A;N/A;N/A;N/A;N/A;N/A;N/A;N/A;N/A
Renault;Fluence;"2.0 Privilege Cvt";2012;"160000 km";;"MARIÑO SPORT";11490;;;;;Pocitos;https://auto.mercadolibre.com.uy/MLU-700466724-renault-fluence-2012-20-privilege-cvt-_JM;N/A;;"Renault Fluence 2012 2.0 Privilege Cvt";usd;Sí;gold_premium;false;N/A;N/A;http://perfil.mercadolibre.com.uy/MARI%C3%91O+SPORT;active;N/A;N/A;Usado;N/A;N/A;Eléctrica;Delantera;N/A;N/A;Sí;N/A;N/A;N/A;N/A;N/A;Sí;N/A;N/A;N/A;N/A;N/A;N/A;N/A;N/A;N/A;N/A;N/A;N/A;N/A;N/A;N/A;N/A;"2700 mm";"2 L";"60 L";6;N/A;N/A;N/A;N/A;N/A;N/A;N/A;N/A;N/A;Sí;N/A;N/A;N/A;N/A;N/A;N/A;N/A;N/A;N/A;N/A;N/A;N/A;N/A;N/A;N/A;N/A;N/A;N/A;N/A;N/A;N/A;N/A;N/A;Sí;Sí;Sí;N/A;N/A;N/A;N/A;N/A;N/A;N/A;N/A;N/A;"1479 mm";"4618 mm";N/A;N/A;N/A;N/A;5;"143 hp";Privilege;N/A;4;"1810 mm";"11 km/l";Sí;N/A;N/A;Sí;N/A;N/A;Sí;N/A;N/A;N/A;"6.2 km/l";N/A;N/A;N/A;N/A;N/A;N/A;4;2.0;Nafta;Automática;Sedán;"Autos y camionetas";N/A;N/A;N/A;N/A;N/A;N/A;UY;N/A;N/A;N/A;N/A;N/A;N/A;N/A;N/A;N/A;N/A;N/A;N/A;N/A;N/A;N/A;N/A;N/A;N/A;N/A;N/A;N/A;N/A;N/A;N/A;N/A;N/A;N/A;N/A;N/A;N/A;N/A;N/A;N/A;N/A;N/A;N/A;N/A;N/A;N/A;N/A;N/A;N/A;N/A;N/A;N/A;N/A;N/A;N/A;N/A;N/A;N/A;N/A;N/A;N/A;N/A;N/A;N/A;N/A;N/A;N/A;N/A;N/A;N/A;N/A;N/A;N/A;N/A;N/A;N/A;N/A;N/A;N/A;N/A;N/A;N/A;N/A;N/A;N/A;N/A;N/A;N/A;N/A;N/A;N/A;N/A;N/A;N/A;N/A;N/A;N/A;N/A;N/A;N/A;N/A;N/A;N/A;N/A;N/A;N/A;Sí;N/A;N/A;N/A;N/A;N/A;Sí;N/A;N/A;N/A;N/A;N/A;N/A;Sí;N/A;N/A
Renault;Clio;"1.2 Authentique";2010;"160000 km";;"MARIÑO SPORT";7990;;;;;Pocitos;https://auto.mercadolibre.com.uy/MLU-700344052-renault-clio-2010-12-authentique-_JM;N/A;;"Renault Clio 2010 1.2 Authentique";usd;Sí;gold_premium;false;N/A;N/A;http://perfil.mercadolibre.com.uy/MARI%C3%91O+SPORT;active;N/A;N/A;Usado;N/A;N/A;Hidráulica;Delantera;N/A;N/A;N/A;N/A;N/A;N/A;N/A;N/A;N/A;N/A;N/A;N/A;N/A;N/A;N/A;N/A;N/A;N/A;N/A;N/A;N/A;N/A;N/A;N/A;N/A;"2472 mm";"1.2 L";"50 L";5;N/A;N/A;N/A;N/A;N/A;N/A;N/A;N/A;N/A;N/A;N/A;N/A;N/A;N/A;N/A;N/A;N/A;N/A;N/A;N/A;N/A;N/A;N/A;N/A;N/A;N/A;N/A;N/A;N/A;N/A;N/A;N/A;N/A;N/A;N/A;N/A;N/A;N/A;N/A;N/A;N/A;N/A;N/A;N/A;N/A;"1435 mm";"3773 mm";N/A;N/A;N/A;N/A;5;"75 hp";Authentique;N/A;4;"1639 mm";N/A;N/A;N/A;N/A;Sí;N/A;N/A;N/A;N/A;N/A;N/A;N/A;N/A;N/A;N/A;N/A;N/A;N/A;3;1.2;Nafta;Manual;Hatchback;"Autos y camionetas";N/A;N/A;N/A;N/A;N/A;N/A;UY;N/A;N/A;N/A;N/A;N/A;N/A;N/A;N/A;N/A;N/A;N/A;N/A;N/A;N/A;N/A;N/A;N/A;N/A;N/A;N/A;N/A;N/A;N/A;N/A;N/A;N/A;N/A;N/A;N/A;N/A;N/A;N/A;N/A;N/A;N/A;N/A;N/A;N/A;N/A;N/A;N/A;N/A;N/A;N/A;N/A;N/A;N/A;N/A;N/A;N/A;N/A;N/A;N/A;N/A;N/A;N/A;N/A;N/A;N/A;N/A;N/A;N/A;N/A;N/A;N/A;N/A;N/A;N/A;N/A;N/A;N/A;N/A;N/A;N/A;N/A;N/A;N/A;N/A;N/A;N/A;N/A;N/A;N/A;N/A;N/A;N/A;N/A;N/A;N/A;N/A;N/A;N/A;N/A;N/A;N/A;N/A;N/A;N/A;N/A;N/A;N/A;N/A;N/A;N/A;N/A;Sí;N/A;N/A;N/A;N/A;N/A;N/A;N/A;N/A;N/A
Renault;"Kangoo Express";Confort;2019;"115000 km";;CONAMIGOS31;16990;;;;;Maldonado;https://auto.mercadolibre.com.uy/MLU-705031940-renault-kangoo-express-confort-16-16-valvulas-_JM;N/A;;"Renault Kangoo Express Confort  1.6 16 Valvulas ";USD;Sí;gold_premium;false;N/A;N/A;http://perfil.mercadolibre.com.uy/CONAMIGOS31;active;N/A;N/A;Usado;Blanco;N/A;Hidráulica;Delantera;N/A;N/A;N/A;N/A;N/A;N/A;N/A;N/A;N/A;N/A;N/A;N/A;N/A;N/A;N/A;N/A;N/A;N/A;N/A;N/A;N/A;N/A;N/A;N/A;N/A;N/A;N/A;N/A;N/A;N/A;N/A;N/A;N/A;N/A;N/A;N/A;N/A;N/A;N/A;N/A;N/A;N/A;N/A;N/A;N/A;N/A;N/A;N/A;N/A;N/A;N/A;N/A;N/A;N/A;N/A;N/A;N/A;N/A;N/A;N/A;N/A;N/A;N/A;N/A;N/A;N/A;N/A;N/A;N/A;N/A;N/A;N/A;N/A;N/A;N/A;N/A;N/A;N/A;N/A;N/A;N/A;N/A;N/A;N/A;N/A;N/A;N/A;No;N/A;N/A;N/A;N/A;Sí;No;N/A;N/A;N/A;N/A;N/A;N/A;N/A;N/A;N/A;"8:00 a 21:00";4;1.6;Nafta;Manual;Furgón;"Autos y camionetas";N/A;N/A;N/A;N/A;N/A;N/A;N/A;N/A;N/A;N/A;N/A;N/A;N/A;N/A;N/A;N/A;N/A;N/A;N/A;N/A;N/A;N/A;N/A;N/A;N/A;N/A;N/A;N/A;N/A;N/A;N/A;N/A;N/A;N/A;N/A;N/A;N/A;N/A;N/A;N/A;N/A;N/A;N/A;N/A;N/A;N/A;N/A;N/A;N/A;N/A;N/A;N/A;N/A;N/A;N/A;N/A;N/A;N/A;N/A;N/A;N/A;N/A;N/A;N/A;N/A;N/A;N/A;N/A;N/A;N/A;N/A;N/A;N/A;N/A;N/A;N/A;N/A;N/A;N/A;N/A;N/A;N/A;N/A;N/A;N/A;N/A;N/A;N/A;N/A;N/A;N/A;N/A;N/A;N/A;N/A;N/A;N/A;N/A;N/A;N/A;N/A;N/A;N/A;N/A;N/A;N/A;N/A;N/A;N/A;N/A;N/A;N/A;N/A;N/A;N/A;N/A;N/A;N/A;N/A;N/A;N/A;N/A
Renault;Clio;"0.9 Iv Tce90 Intense";2021;"72000 km";;AUTOMUNDO2020;19290;;;;;Malvin;https://auto.mercadolibre.com.uy/MLU-702540682-renault-clio-2021-09-iv-tce90-intense-_JM;N/A;;"Renault Clio 2021 0.9 Iv Tce90 Intense";usd;Sí;gold_premium;false;N/A;N/A;http://perfil.mercadolibre.com.uy/AUTOMUNDO2020;active;N/A;N/A;Usado;N/A;N/A;N/A;Delantera;N/A;N/A;Sí;N/A;N/A;N/A;N/A;N/A;N/A;N/A;N/A;N/A;N/A;N/A;N/A;N/A;N/A;N/A;N/A;N/A;N/A;N/A;N/A;N/A;N/A;"2472 mm";"0.9 L";"50 L";5;N/A;N/A;N/A;N/A;N/A;N/A;N/A;N/A;N/A;N/A;N/A;N/A;N/A;N/A;N/A;N/A;N/A;N/A;N/A;N/A;N/A;N/A;N/A;N/A;N/A;N/A;N/A;N/A;N/A;N/A;N/A;N/A;N/A;N/A;N/A;N/A;N/A;N/A;N/A;N/A;N/A;N/A;N/A;N/A;N/A;"1417 mm";"3811 mm";N/A;N/A;N/A;N/A;5;"90 hp";Intense;N/A;4;"1639 mm";N/A;N/A;N/A;N/A;N/A;N/A;N/A;N/A;N/A;N/A;N/A;N/A;N/A;N/A;N/A;N/A;N/A;N/A;3;0.9;Nafta;Manual;Hatchback;"Autos y camionetas";N/A;N/A;N/A;N/A;N/A;N/A;UY;N/A;N/A;N/A;N/A;N/A;N/A;N/A;N/A;N/A;N/A;N/A;N/A;N/A;N/A;N/A;N/A;N/A;N/A;N/A;N/A;N/A;N/A;N/A;N/A;N/A;N/A;N/A;N/A;N/A;N/A;N/A;N/A;N/A;N/A;N/A;N/A;N/A;N/A;N/A;N/A;N/A;N/A;N/A;N/A;N/A;N/A;N/A;N/A;N/A;N/A;N/A;N/A;N/A;N/A;N/A;N/A;N/A;N/A;N/A;N/A;N/A;N/A;N/A;N/A;N/A;N/A;N/A;N/A;N/A;N/A;N/A;N/A;N/A;N/A;N/A;N/A;N/A;N/A;N/A;N/A;N/A;N/A;N/A;N/A;N/A;N/A;N/A;N/A;N/A;N/A;N/A;N/A;N/A;N/A;N/A;N/A;N/A;N/A;N/A;N/A;N/A;N/A;N/A;N/A;N/A;N/A;N/A;N/A;N/A;N/A;N/A;N/A;N/A;N/A;N/A
Renault;Fluence;"2.0 Privilege Plus At";2013;"160000 km";;FYG2021;12900;;;;;"Ciudad Vieja";https://auto.mercadolibre.com.uy/MLU-693711636-renault-fluence-20-privilege-plus-at-_JM;N/A;;"Renault Fluence 2.0 Privilege Plus At";usd;Sí;gold_premium;false;N/A;N/A;http://perfil.mercadolibre.com.uy/FYG2021;active;N/A;N/A;Usado;Gris;N/A;Asistida;Delantera;N/A;N/A;Sí;N/A;N/A;N/A;N/A;N/A;Sí;N/A;N/A;N/A;N/A;N/A;N/A;N/A;N/A;N/A;N/A;N/A;N/A;N/A;N/A;N/A;N/A;"2700 mm";"2 L";"60 L";6;N/A;N/A;N/A;N/A;N/A;N/A;N/A;N/A;N/A;Sí;N/A;N/A;N/A;N/A;N/A;N/A;N/A;N/A;N/A;N/A;N/A;N/A;N/A;N/A;N/A;N/A;N/A;N/A;N/A;N/A;N/A;N/A;N/A;Sí;Sí;Sí;N/A;N/A;N/A;N/A;N/A;N/A;N/A;N/A;N/A;"1479 mm";"4618 mm";N/A;N/A;N/A;N/A;5;"143 hp";Privilege;N/A;4;"1810 mm";"11 km/l";Sí;N/A;N/A;Sí;N/A;N/A;Sí;N/A;N/A;N/A;"6.2 km/l";N/A;N/A;N/A;N/A;N/A;"Lunes a Viernes de 10 a 17";5;2.0;Nafta;"Automática secuencial";Sedán;"Autos y camionetas";N/A;N/A;N/A;N/A;N/A;N/A;UY;N/A;N/A;N/A;N/A;N/A;N/A;N/A;N/A;N/A;N/A;N/A;N/A;N/A;N/A;N/A;N/A;N/A;N/A;N/A;N/A;N/A;N/A;N/A;N/A;N/A;N/A;N/A;N/A;N/A;N/A;N/A;N/A;N/A;N/A;N/A;N/A;N/A;N/A;N/A;N/A;N/A;N/A;N/A;N/A;N/A;N/A;N/A;N/A;N/A;N/A;N/A;N/A;N/A;N/A;N/A;N/A;N/A;N/A;N/A;N/A;N/A;N/A;N/A;N/A;N/A;N/A;N/A;N/A;N/A;N/A;N/A;N/A;N/A;N/A;N/A;N/A;N/A;N/A;N/A;N/A;N/A;N/A;N/A;N/A;N/A;N/A;N/A;N/A;N/A;N/A;N/A;N/A;N/A;N/A;N/A;N/A;N/A;N/A;N/A;Sí;N/A;N/A;N/A;N/A;N/A;Sí;N/A;N/A;N/A;N/A;N/A;N/A;Sí;N/A;N/A
Renault;"Sandero Stepway";"1.6 Confort 105cv";2013;"97000 km";;GARAGEDGM20231128113016;11190;;;;;"Malvin Norte";https://auto.mercadolibre.com.uy/MLU-647196559-renault-sandero-stepway-16-confort-105cv-_JM;N/A;;"Renault Sandero Stepway 1.6 Confort 105cv";usd;Sí;gold_premium;false;N/A;N/A;http://perfil.mercadolibre.com.uy/GARAGEDGM20231128113016;active;N/A;N/A;Usado;Gris;N/A;Hidráulica;Delantera;N/A;N/A;N/A;N/A;N/A;N/A;N/A;N/A;N/A;N/A;N/A;N/A;N/A;N/A;N/A;N/A;N/A;N/A;N/A;N/A;N/A;N/A;N/A;N/A;N/A;"2588 mm";"1.6 L";"50 L";5;N/A;N/A;N/A;N/A;N/A;N/A;N/A;N/A;N/A;N/A;N/A;N/A;N/A;N/A;N/A;N/A;N/A;N/A;N/A;N/A;N/A;N/A;N/A;N/A;N/A;N/A;N/A;N/A;N/A;N/A;N/A;N/A;N/A;Sí;N/A;N/A;N/A;N/A;N/A;N/A;N/A;N/A;N/A;N/A;N/A;"1630 mm";"4091 mm";N/A;N/A;N/A;N/A;5;"105 hp";Confort;N/A;4;"1751 mm";"9.3 km/l";N/A;N/A;N/A;Sí;N/A;N/A;Sí;N/A;N/A;N/A;"5.9 km/l";N/A;N/A;N/A;N/A;N/A;N/A;5;1.6;Nafta;Manual;Hatchback;"Autos y camionetas";N/A;N/A;N/A;N/A;N/A;N/A;UY;N/A;N/A;N/A;N/A;N/A;N/A;N/A;N/A;N/A;N/A;N/A;N/A;N/A;N/A;N/A;N/A;N/A;N/A;N/A;N/A;N/A;N/A;N/A;N/A;N/A;N/A;N/A;N/A;N/A;N/A;N/A;N/A;N/A;N/A;N/A;N/A;N/A;N/A;N/A;N/A;N/A;N/A;N/A;N/A;N/A;N/A;N/A;N/A;N/A;N/A;N/A;N/A;N/A;N/A;N/A;N/A;N/A;N/A;N/A;N/A;N/A;N/A;N/A;N/A;N/A;N/A;N/A;N/A;N/A;N/A;N/A;N/A;N/A;N/A;N/A;N/A;N/A;N/A;N/A;N/A;N/A;N/A;N/A;N/A;N/A;N/A;N/A;N/A;N/A;N/A;N/A;N/A;N/A;N/A;N/A;N/A;N/A;N/A;N/A;N/A;N/A;N/A;N/A;N/A;N/A;Sí;N/A;N/A;N/A;N/A;N/A;N/A;Sí;N/A;N/A
Renault;Oroch;"1.3 Tce Intens Outsider 2Wd Cvt";2024;"0 km";;RURALAUTOMOTORA;28000;;;;;Trinidad;https://auto.mercadolibre.com.uy/MLU-706208536-renault-oroch-13-tce-intens-outsider-2wd-cvt-_JM;N/A;;"Renault Oroch 1.3 Tce Intens Outsider 2wd Cvt";usd;Sí;gold_premium;false;N/A;N/A;http://perfil.mercadolibre.com.uy/RURALAUTOMOTORA;active;N/A;N/A;Nuevo;Plateado;N/A;Hidráulica;Delantera;Sí;Sí;N/A;N/A;N/A;Sí;N/A;N/A;N/A;N/A;N/A;Sí;Sí;N/A;N/A;N/A;N/A;N/A;N/A;N/A;N/A;N/A;N/A;N/A;N/A;"2890 mm";"1.3 L";"45 L";8;N/A;N/A;N/A;N/A;N/A;N/A;N/A;N/A;N/A;N/A;N/A;N/A;N/A;N/A;N/A;N/A;N/A;N/A;N/A;N/A;N/A;N/A;N/A;N/A;N/A;N/A;N/A;N/A;N/A;N/A;N/A;N/A;N/A;N/A;N/A;N/A;N/A;N/A;N/A;N/A;N/A;N/A;N/A;N/A;N/A;"1694 mm";"4719 mm";N/A;N/A;N/A;N/A;5;"156 hp";"Intens Outsider";N/A;4;"1834 mm";N/A;N/A;N/A;N/A;Sí;N/A;Sí;Sí;N/A;N/A;N/A;N/A;Sí;N/A;N/A;N/A;N/A;"Lunes a viernes de 8:30/12 y de 14:30/19h sábado solo en la mañana";4;1.3;Nafta;Automática;Pick-Up;"Autos y camionetas";N/A;N/A;N/A;N/A;N/A;N/A;UY;N/A;Sí;N/A;N/A;N/A;N/A;N/A;N/A;N/A;N/A;N/A;N/A;N/A;N/A;N/A;N/A;N/A;Sí;N/A;N/A;N/A;N/A;N/A;N/A;N/A;N/A;N/A;N/A;N/A;N/A;N/A;N/A;N/A;N/A;N/A;N/A;Sí;N/A;N/A;N/A;N/A;N/A;N/A;N/A;N/A;N/A;N/A;N/A;N/A;N/A;N/A;N/A;N/A;N/A;Sí;N/A;N/A;N/A;N/A;N/A;N/A;N/A;N/A;N/A;N/A;N/A;N/A;N/A;N/A;N/A;N/A;N/A;N/A;N/A;N/A;N/A;N/A;N/A;N/A;N/A;N/A;N/A;N/A;N/A;N/A;N/A;N/A;N/A;N/A;Sí;N/A;Sí;N/A;Sí;N/A;N/A;N/A;N/A;Sí;Sí;Sí;Sí;N/A;N/A;Sí;Sí;Sí;Sí;Sí;Sí;N/A;N/A;N/A;N/A;Sí
Renault;Oroch;Expression;2022;"24000 km";;LOPEZCARLOS20231211213935;16500;;;;;"Cuchilla Pereira";https://auto.mercadolibre.com.uy/MLU-706219132-16-expression-_JM;N/A;;"1.6 Expression";USD;Sí;gold_premium;false;N/A;N/A;http://perfil.mercadolibre.com.uy/LOPEZCARLOS20231211213935;active;N/A;N/A;Usado;Rojo;No;Asistida;4x2;Sí;Sí;N/A;N/A;N/A;N/A;N/A;N/A;N/A;N/A;N/A;Sí;Sí;N/A;N/A;N/A;N/A;N/A;N/A;N/A;N/A;N/A;N/A;N/A;N/A;N/A;N/A;N/A;N/A;N/A;N/A;N/A;N/A;N/A;Sí;N/A;N/A;N/A;N/A;N/A;N/A;N/A;N/A;N/A;N/A;N/A;N/A;N/A;N/A;N/A;N/A;N/A;N/A;N/A;N/A;N/A;N/A;N/A;N/A;N/A;N/A;N/A;N/A;N/A;N/A;N/A;N/A;N/A;N/A;N/A;N/A;N/A;N/A;N/A;N/A;N/A;N/A;N/A;N/A;N/A;N/A;N/A;N/A;N/A;N/A;N/A;N/A;N/A;N/A;Sí;Sí;N/A;Sí;Sí;N/A;N/A;N/A;N/A;Sí;Sí;N/A;N/A;N/A;"9 a 18";4;1.6;Nafta;Manual;Pick-Up;"Autos y camionetas";N/A;N/A;N/A;N/A;N/A;N/A;N/A;N/A;N/A;N/A;N/A;N/A;N/A;N/A;N/A;N/A;N/A;N/A;N/A;N/A;N/A;N/A;N/A;N/A;N/A;N/A;N/A;N/A;N/A;N/A;N/A;N/A;N/A;N/A;N/A;N/A;N/A;N/A;N/A;N/A;N/A;N/A;N/A;N/A;N/A;N/A;N/A;N/A;N/A;N/A;N/A;N/A;N/A;N/A;N/A;N/A;N/A;N/A;N/A;N/A;N/A;N/A;N/A;N/A;N/A;N/A;N/A;N/A;N/A;N/A;N/A;N/A;N/A;N/A;N/A;N/A;N/A;N/A;N/A;N/A;N/A;N/A;N/A;N/A;N/A;N/A;N/A;N/A;N/A;N/A;N/A;N/A;N/A;N/A;N/A;N/A;Sí;Sí;Sí;N/A;Sí;N/A;N/A;N/A;N/A;Sí;Sí;Sí;Sí;N/A;N/A;N/A;Sí;Sí;Sí;Sí;Sí;N/A;N/A;N/A;N/A;Sí
Renault;Kwid;"1.0 Sce 66cv Zen";2025;"0 km";;JPAUTOMVILES;14800;;;;;Paysandú;https://auto.mercadolibre.com.uy/MLU-647509673-renault-kwid-zen-_JM;N/A;;"Renault Kwid Zen";USD;Sí;gold_premium;false;N/A;N/A;http://perfil.mercadolibre.com.uy/JPAUTOMVILES;active;N/A;N/A;Nuevo;Gris;N/A;N/A;N/A;N/A;N/A;N/A;N/A;N/A;N/A;N/A;N/A;N/A;N/A;N/A;N/A;N/A;N/A;N/A;N/A;N/A;N/A;N/A;N/A;N/A;N/A;N/A;N/A;N/A;N/A;N/A;N/A;N/A;N/A;N/A;N/A;N/A;N/A;N/A;N/A;N/A;N/A;N/A;N/A;N/A;N/A;N/A;N/A;N/A;N/A;N/A;N/A;N/A;N/A;N/A;N/A;N/A;N/A;N/A;N/A;N/A;N/A;N/A;N/A;N/A;N/A;N/A;N/A;N/A;N/A;N/A;N/A;N/A;N/A;N/A;N/A;N/A;N/A;N/A;N/A;N/A;N/A;N/A;N/A;N/A;N/A;N/A;N/A;N/A;N/A;N/A;N/A;N/A;N/A;N/A;N/A;N/A;N/A;N/A;N/A;N/A;N/A;N/A;N/A;N/A;N/A;N/A;N/A;5;N/A;Nafta;N/A;N/A;"Autos y camionetas";N/A;N/A;N/A;N/A;N/A;N/A;N/A;N/A;N/A;N/A;N/A;N/A;N/A;N/A;N/A;N/A;N/A;N/A;N/A;N/A;N/A;N/A;N/A;N/A;N/A;N/A;N/A;N/A;N/A;N/A;N/A;N/A;N/A;N/A;N/A;N/A;N/A;N/A;N/A;N/A;N/A;N/A;N/A;N/A;N/A;N/A;N/A;N/A;N/A;N/A;N/A;N/A;N/A;N/A;N/A;N/A;N/A;N/A;N/A;N/A;N/A;N/A;N/A;N/A;N/A;N/A;N/A;N/A;N/A;N/A;N/A;N/A;N/A;N/A;N/A;N/A;N/A;N/A;N/A;N/A;N/A;N/A;N/A;N/A;N/A;N/A;N/A;N/A;N/A;N/A;N/A;N/A;N/A;N/A;N/A;N/A;N/A;N/A;N/A;N/A;N/A;N/A;N/A;N/A;N/A;N/A;N/A;N/A;N/A;N/A;N/A;N/A;N/A;N/A;N/A;N/A;N/A;N/A;N/A;N/A;N/A;N/A
Renault;Duster;"1.6 16v Intens Cvt";2024;"9000 km";;NISSANMOREIRA;24990;;;;;Pando;https://auto.mercadolibre.com.uy/MLU-704289650-renault-duster-intense-cvt-16-_JM;N/A;;"Renault Duster Intense Cvt 1.6 ";usd;Sí;gold_premium;false;N/A;N/A;http://perfil.mercadolibre.com.uy/NISSANMOREIRA;active;N/A;N/A;Usado;Blanco;N/A;N/A;4x2;N/A;N/A;Sí;N/A;N/A;N/A;N/A;N/A;N/A;N/A;N/A;N/A;N/A;N/A;N/A;N/A;N/A;N/A;N/A;N/A;N/A;N/A;N/A;N/A;N/A;"2674 mm";"1.6 L";"50 L";6;N/A;N/A;N/A;N/A;N/A;N/A;N/A;N/A;N/A;N/A;N/A;N/A;N/A;N/A;N/A;N/A;N/A;N/A;N/A;N/A;N/A;N/A;N/A;N/A;N/A;N/A;N/A;N/A;N/A;N/A;N/A;N/A;N/A;N/A;N/A;N/A;N/A;N/A;N/A;N/A;N/A;N/A;N/A;N/A;N/A;"1683 mm";"4329 mm";N/A;N/A;N/A;N/A;5;"118 hp";Intens;N/A;4;"1822 mm";"11.1 km/l";N/A;N/A;N/A;N/A;N/A;N/A;N/A;N/A;N/A;N/A;"10.4 km/l";N/A;N/A;N/A;N/A;N/A;"LUNES A LUNES";5;1.6;Nafta;Automática;SUV;"Autos y camionetas";N/A;N/A;N/A;N/A;N/A;N/A;UY;N/A;N/A;N/A;N/A;N/A;N/A;N/A;N/A;N/A;N/A;N/A;N/A;N/A;N/A;N/A;N/A;N/A;N/A;N/A;N/A;N/A;N/A;N/A;N/A;N/A;N/A;N/A;N/A;N/A;N/A;N/A;N/A;N/A;N/A;N/A;N/A;N/A;N/A;N/A;N/A;N/A;N/A;N/A;N/A;N/A;N/A;N/A;N/A;N/A;N/A;N/A;N/A;N/A;N/A;N/A;N/A;N/A;N/A;N/A;N/A;N/A;N/A;N/A;N/A;N/A;N/A;N/A;N/A;N/A;N/A;N/A;N/A;N/A;N/A;N/A;N/A;N/A;N/A;N/A;N/A;N/A;N/A;N/A;N/A;N/A;N/A;N/A;N/A;N/A;N/A;N/A;N/A;N/A;N/A;N/A;N/A;N/A;N/A;N/A;N/A;N/A;N/A;N/A;N/A;N/A;N/A;N/A;N/A;N/A;N/A;N/A;N/A;N/A;N/A;N/A
Renault;Kwid;"1.0 Sce 66cv Zen";2020;"60000 km";;FLFL1457439;10990;;;;;Centro;https://auto.mercadolibre.com.uy/MLU-647430685-renault-kwid-10-sce-66cv-zen-_JM;N/A;;"Renault Kwid 1.0 Sce 66cv Zen";usd;Sí;gold_premium;false;N/A;N/A;http://perfil.mercadolibre.com.uy/FLFL1457439;active;N/A;N/A;Usado;Blanco;N/A;N/A;Delantera;N/A;N/A;Sí;N/A;N/A;N/A;N/A;N/A;N/A;N/A;N/A;N/A;N/A;N/A;N/A;N/A;N/A;N/A;N/A;N/A;N/A;N/A;N/A;N/A;N/A;"2423 mm";"1 L";"50 L";5;N/A;N/A;N/A;N/A;N/A;N/A;N/A;N/A;N/A;N/A;N/A;N/A;N/A;N/A;N/A;N/A;N/A;N/A;N/A;N/A;N/A;N/A;N/A;N/A;N/A;N/A;N/A;N/A;N/A;N/A;N/A;N/A;N/A;N/A;N/A;N/A;N/A;N/A;N/A;N/A;N/A;N/A;N/A;N/A;N/A;"1474 mm";"3680 mm";N/A;N/A;N/A;N/A;5;"66 hp";Zen;N/A;4;"1752 mm";N/A;N/A;N/A;N/A;N/A;N/A;N/A;N/A;N/A;N/A;N/A;N/A;N/A;N/A;N/A;N/A;N/A;N/A;5;1.0;Nafta;Manual;Hatchback;"Autos y camionetas";N/A;N/A;N/A;N/A;N/A;N/A;UY;N/A;N/A;N/A;N/A;N/A;N/A;N/A;N/A;N/A;N/A;N/A;N/A;N/A;N/A;N/A;N/A;N/A;N/A;N/A;N/A;N/A;N/A;N/A;N/A;N/A;N/A;N/A;N/A;N/A;N/A;N/A;N/A;N/A;N/A;N/A;N/A;N/A;N/A;N/A;N/A;N/A;N/A;N/A;N/A;N/A;N/A;N/A;N/A;N/A;N/A;N/A;N/A;N/A;N/A;N/A;N/A;N/A;N/A;N/A;N/A;N/A;N/A;N/A;N/A;N/A;N/A;N/A;N/A;N/A;N/A;N/A;N/A;N/A;N/A;N/A;N/A;N/A;N/A;N/A;N/A;N/A;N/A;N/A;N/A;N/A;N/A;N/A;N/A;N/A;N/A;N/A;N/A;N/A;N/A;N/A;N/A;N/A;N/A;N/A;N/A;N/A;N/A;N/A;N/A;N/A;N/A;N/A;N/A;N/A;N/A;N/A;N/A;N/A;N/A;N/A
Renault;"Mégane III";"2.0 Privilege Ph2";2014;"111111 km";;M32023;11500;;;;;"Brazo Oriental";https://auto.mercadolibre.com.uy/MLU-703792690-renault-megane-_JM;N/A;;"Renault Megane";usd;Sí;gold_premium;false;N/A;N/A;http://perfil.mercadolibre.com.uy/M32023;active;N/A;N/A;Usado;Azul;N/A;Eléctrica;Delantera;N/A;N/A;Sí;N/A;N/A;N/A;N/A;N/A;Sí;Sí;N/A;N/A;N/A;N/A;N/A;N/A;N/A;N/A;N/A;N/A;N/A;N/A;N/A;N/A;N/A;"2640 mm";"2 L";"60 L";5;N/A;N/A;N/A;N/A;N/A;N/A;N/A;N/A;N/A;Sí;N/A;N/A;N/A;N/A;N/A;N/A;N/A;N/A;N/A;N/A;N/A;N/A;N/A;N/A;N/A;N/A;N/A;N/A;N/A;N/A;N/A;N/A;N/A;Sí;Sí;Sí;N/A;N/A;N/A;N/A;N/A;N/A;N/A;N/A;N/A;"1491 mm";"4296 mm";N/A;N/A;N/A;N/A;5;"143 hp";Privilege;N/A;4;"1808 mm";"10.9 km/l";Sí;N/A;N/A;Sí;N/A;N/A;Sí;N/A;N/A;N/A;"6.1 km/l";N/A;N/A;N/A;N/A;N/A;N/A;5;2.0;Nafta;Manual;Hatchback;"Autos y camionetas";N/A;N/A;N/A;N/A;N/A;N/A;UY;N/A;N/A;N/A;N/A;N/A;N/A;N/A;N/A;N/A;N/A;N/A;N/A;N/A;N/A;N/A;N/A;N/A;N/A;N/A;N/A;N/A;N/A;N/A;N/A;N/A;N/A;N/A;N/A;N/A;N/A;N/A;N/A;N/A;N/A;N/A;N/A;N/A;N/A;N/A;N/A;N/A;N/A;N/A;N/A;N/A;N/A;N/A;N/A;N/A;N/A;N/A;N/A;N/A;N/A;N/A;N/A;N/A;N/A;N/A;N/A;N/A;N/A;N/A;N/A;N/A;N/A;N/A;N/A;N/A;N/A;N/A;N/A;N/A;N/A;N/A;N/A;N/A;N/A;N/A;N/A;N/A;N/A;N/A;N/A;N/A;N/A;N/A;N/A;N/A;N/A;N/A;N/A;N/A;N/A;N/A;N/A;N/A;N/A;N/A;Sí;N/A;N/A;N/A;N/A;N/A;Sí;N/A;N/A;N/A;N/A;N/A;N/A;Sí;N/A;N/A
Renault;"Sandero Stepway";"1.6 Privilege 105cv";2016;"75000 km";;"ABR VENTAS";13500;;;;;Malvin;https://auto.mercadolibre.com.uy/MLU-706181356-renault-sandero-stepway-16-privilege-2016-extra-full-blanca-_JM;N/A;;"Renault Sandero Stepway 1.6 Privilege 2016 Extra Full Blanca";usd;Sí;gold_premium;false;N/A;N/A;http://perfil.mercadolibre.com.uy/ABR+VENTAS;active;N/A;N/A;Usado;Blanco;No;Hidráulica;Delantera;Sí;Sí;Sí;N/A;N/A;No;N/A;N/A;No;N/A;N/A;Sí;Sí;N/A;Sí;N/A;N/A;N/A;N/A;N/A;N/A;N/A;N/A;N/A;N/A;"2590 mm";"1.6 L";"50 L";5;N/A;N/A;N/A;N/A;N/A;No;N/A;N/A;N/A;N/A;N/A;N/A;N/A;N/A;N/A;N/A;N/A;N/A;N/A;N/A;N/A;N/A;N/A;N/A;N/A;N/A;N/A;N/A;N/A;No;N/A;N/A;N/A;N/A;N/A;N/A;N/A;N/A;N/A;N/A;N/A;N/A;N/A;N/A;N/A;"1559 mm";"4066 mm";N/A;N/A;N/A;N/A;5;"105 hp";Privilege;N/A;4;"1761 mm";"9.3 km/l";Sí;N/A;Sí;Sí;N/A;Sí;Sí;N/A;No;N/A;"5.9 km/l";No;No;N/A;N/A;Sí;"Todo el dia";5;1.6;Nafta;Manual;Hatchback;"Autos y camionetas";Sí;N/A;N/A;N/A;Sí;N/A;UY;N/A;Sí;N/A;Sí;N/A;N/A;N/A;N/A;N/A;N/A;N/A;N/A;N/A;N/A;N/A;N/A;N/A;No;N/A;N/A;N/A;N/A;N/A;N/A;N/A;N/A;N/A;N/A;N/A;N/A;N/A;N/A;N/A;N/A;N/A;N/A;No;N/A;N/A;N/A;N/A;N/A;N/A;N/A;N/A;N/A;N/A;N/A;N/A;N/A;N/A;N/A;N/A;N/A;Sí;Sí;N/A;N/A;N/A;N/A;N/A;N/A;N/A;N/A;N/A;N/A;N/A;N/A;N/A;N/A;N/A;N/A;N/A;N/A;N/A;N/A;N/A;N/A;N/A;N/A;N/A;N/A;N/A;N/A;N/A;N/A;N/A;N/A;No;Sí;Sí;Sí;N/A;Sí;N/A;N/A;N/A;N/A;Sí;No;Sí;Sí;N/A;N/A;No;Sí;Sí;Sí;Sí;Sí;No;No;Sí;N/A;Sí
Renault;"Sandero Stepway";"1.6 Privilege Nav 105cv";2014;"11111 km";;FLFL1457439;11200;;;;;Centro;https://auto.mercadolibre.com.uy/MLU-703410560-renault-sandero-stepway-16-privilege-nav-105cv-_JM;N/A;;"Renault Sandero Stepway 1.6 Privilege Nav 105cv";usd;Sí;gold_premium;false;N/A;N/A;http://perfil.mercadolibre.com.uy/FLFL1457439;active;N/A;N/A;Usado;Plateado;N/A;Hidráulica;Delantera;N/A;N/A;Sí;N/A;N/A;N/A;N/A;N/A;N/A;N/A;N/A;N/A;N/A;N/A;N/A;N/A;N/A;N/A;N/A;N/A;N/A;N/A;N/A;N/A;N/A;"2588 mm";"1.6 L";"50 L";5;N/A;N/A;N/A;N/A;N/A;N/A;N/A;N/A;N/A;N/A;N/A;N/A;N/A;N/A;N/A;N/A;N/A;N/A;N/A;N/A;N/A;N/A;N/A;N/A;N/A;N/A;N/A;N/A;N/A;N/A;N/A;N/A;N/A;N/A;N/A;N/A;N/A;N/A;N/A;N/A;N/A;N/A;N/A;N/A;N/A;"1630 mm";"4091 mm";N/A;N/A;N/A;N/A;5;"105 hp";Privilege;N/A;4;"1751 mm";"9.3 km/l";N/A;N/A;N/A;N/A;N/A;N/A;Sí;N/A;N/A;N/A;"5.9 km/l";N/A;N/A;N/A;N/A;N/A;N/A;5;1.6;Nafta;Manual;Hatchback;"Autos y camionetas";N/A;N/A;N/A;N/A;N/A;N/A;UY;N/A;N/A;N/A;N/A;N/A;N/A;N/A;N/A;N/A;N/A;N/A;N/A;N/A;N/A;N/A;N/A;N/A;N/A;N/A;N/A;N/A;N/A;N/A;N/A;N/A;N/A;N/A;N/A;N/A;N/A;N/A;N/A;N/A;N/A;N/A;N/A;N/A;N/A;N/A;N/A;N/A;N/A;N/A;N/A;N/A;N/A;N/A;N/A;N/A;N/A;N/A;N/A;N/A;N/A;N/A;N/A;N/A;N/A;N/A;N/A;N/A;N/A;N/A;N/A;N/A;N/A;N/A;N/A;N/A;N/A;N/A;N/A;N/A;N/A;N/A;N/A;N/A;N/A;N/A;N/A;N/A;N/A;N/A;N/A;N/A;N/A;N/A;N/A;N/A;N/A;N/A;N/A;N/A;N/A;N/A;N/A;N/A;N/A;N/A;N/A;N/A;N/A;N/A;N/A;N/A;Sí;N/A;N/A;N/A;N/A;N/A;N/A;Sí;N/A;N/A
Renault;Kwid;"1.0 Sce 66cv Life";2023;"37000 km";;NICOLASDIAKAKIS;11990;;;;;Prado;https://auto.mercadolibre.com.uy/MLU-703214954-renault-kwid-life-_JM;N/A;;"Renault Kwid Life";usd;Sí;gold_premium;false;N/A;N/A;http://perfil.mercadolibre.com.uy/NICOLASDIAKAKIS;active;N/A;N/A;Usado;Blanco;N/A;N/A;Delantera;N/A;N/A;Sí;N/A;N/A;N/A;N/A;N/A;N/A;N/A;N/A;N/A;N/A;N/A;N/A;N/A;N/A;N/A;N/A;N/A;N/A;N/A;N/A;N/A;N/A;"2423 mm";"1 L";"50 L";5;N/A;N/A;N/A;N/A;N/A;N/A;N/A;N/A;N/A;N/A;N/A;N/A;N/A;N/A;N/A;N/A;N/A;N/A;N/A;N/A;N/A;N/A;N/A;N/A;N/A;N/A;N/A;N/A;N/A;N/A;N/A;N/A;N/A;N/A;N/A;N/A;N/A;N/A;N/A;N/A;N/A;N/A;N/A;N/A;N/A;"1474 mm";"3680 mm";N/A;N/A;N/A;N/A;5;"66 hp";Life;N/A;4;"1752 mm";N/A;N/A;N/A;N/A;N/A;N/A;N/A;N/A;N/A;N/A;N/A;N/A;N/A;N/A;N/A;N/A;N/A;N/A;5;1.0;Nafta;Manual;Hatchback;"Autos y camionetas";N/A;N/A;N/A;N/A;N/A;N/A;UY;N/A;N/A;N/A;N/A;N/A;N/A;N/A;N/A;N/A;N/A;N/A;N/A;N/A;N/A;N/A;N/A;N/A;N/A;N/A;N/A;N/A;N/A;N/A;N/A;N/A;N/A;N/A;N/A;N/A;N/A;N/A;N/A;N/A;N/A;N/A;N/A;N/A;N/A;N/A;N/A;N/A;N/A;N/A;N/A;N/A;N/A;N/A;N/A;N/A;N/A;N/A;N/A;N/A;N/A;N/A;N/A;N/A;N/A;N/A;N/A;N/A;N/A;N/A;N/A;N/A;N/A;N/A;N/A;N/A;N/A;N/A;N/A;N/A;N/A;N/A;N/A;N/A;N/A;N/A;N/A;N/A;N/A;N/A;N/A;N/A;N/A;N/A;N/A;N/A;N/A;N/A;N/A;N/A;N/A;N/A;N/A;N/A;N/A;N/A;N/A;N/A;N/A;N/A;N/A;N/A;N/A;N/A;N/A;N/A;N/A;N/A;N/A;N/A;N/A;N/A
Renault;Sandero;"1.0 Zen";2020;"138000 km";;TÙ-MEJOR-COMPRA;11489;;;;;Colón;https://auto.mercadolibre.com.uy/MLU-704743894-renault-sandero-10-zen-_JM;N/A;;"Renault Sandero 1.0 Zen";usd;Sí;gold_premium;false;N/A;N/A;http://perfil.mercadolibre.com.uy/T%C3%99-MEJOR-COMPRA;active;N/A;N/A;Usado;Blanco;Sí;Hidráulica;Delantera;Sí;Sí;Sí;N/A;N/A;N/A;N/A;N/A;N/A;N/A;N/A;Sí;Sí;N/A;Sí;N/A;N/A;N/A;N/A;N/A;N/A;N/A;N/A;N/A;N/A;"2590 mm";"1 L";"50 L";5;N/A;N/A;N/A;N/A;N/A;Sí;N/A;N/A;N/A;N/A;N/A;N/A;N/A;N/A;N/A;N/A;N/A;N/A;N/A;N/A;N/A;N/A;N/A;N/A;N/A;N/A;N/A;N/A;N/A;N/A;N/A;N/A;N/A;Sí;Sí;Sí;N/A;N/A;N/A;N/A;N/A;N/A;N/A;N/A;N/A;"1559 mm";"4066 mm";N/A;N/A;N/A;N/A;5;"66 hp";Zen;N/A;4;"1761 mm";"9.3 km/l";Sí;N/A;N/A;N/A;N/A;Sí;Sí;N/A;N/A;N/A;"5.9 km/l";N/A;N/A;N/A;N/A;N/A;"9 a 19";5;1.0;Nafta;Manual;Hatchback;"Autos y camionetas";N/A;N/A;N/A;N/A;N/A;N/A;UY;N/A;Sí;N/A;N/A;N/A;N/A;N/A;N/A;N/A;N/A;N/A;N/A;N/A;N/A;N/A;N/A;N/A;N/A;N/A;N/A;N/A;N/A;N/A;N/A;N/A;N/A;N/A;N/A;N/A;N/A;N/A;N/A;N/A;N/A;N/A;N/A;N/A;N/A;N/A;N/A;N/A;N/A;N/A;N/A;N/A;N/A;N/A;N/A;N/A;N/A;N/A;N/A;N/A;N/A;N/A;N/A;N/A;N/A;N/A;N/A;N/A;N/A;N/A;N/A;N/A;N/A;N/A;N/A;N/A;N/A;N/A;N/A;N/A;N/A;N/A;N/A;N/A;N/A;N/A;N/A;N/A;N/A;N/A;N/A;N/A;N/A;N/A;N/A;N/A;Sí;N/A;N/A;N/A;Sí;N/A;N/A;N/A;N/A;Sí;N/A;N/A;Sí;N/A;N/A;N/A;Sí;Sí;Sí;Sí;Sí;N/A;N/A;N/A;N/A;Sí
Renault;Kwid;"1.0 Sce 66cv Outsider";2023;"0 km";;RURALAUTOMOTORA;16500;;;;;Trinidad;https://auto.mercadolibre.com.uy/MLU-706182608-renault-kwid-10-sce-66cv-outsider-_JM;N/A;;"Renault Kwid 1.0 Sce 66cv Outsider";usd;Sí;gold_premium;false;N/A;N/A;http://perfil.mercadolibre.com.uy/RURALAUTOMOTORA;active;N/A;N/A;Nuevo;Blanco;N/A;Asistida;Delantera;Sí;Sí;Sí;N/A;N/A;Sí;N/A;N/A;N/A;N/A;N/A;Sí;Sí;N/A;Sí;N/A;N/A;N/A;N/A;N/A;N/A;N/A;N/A;N/A;N/A;"2423 mm";"1 L";"50 L";5;N/A;N/A;N/A;N/A;N/A;Sí;N/A;N/A;N/A;N/A;N/A;N/A;N/A;N/A;N/A;N/A;N/A;N/A;N/A;N/A;N/A;N/A;N/A;N/A;N/A;N/A;N/A;N/A;N/A;N/A;N/A;N/A;N/A;N/A;N/A;N/A;N/A;N/A;N/A;N/A;N/A;N/A;N/A;N/A;N/A;"1474 mm";"3680 mm";N/A;N/A;N/A;N/A;5;"66 hp";Outsider;N/A;4;"1752 mm";N/A;N/A;N/A;N/A;Sí;N/A;Sí;Sí;N/A;N/A;N/A;N/A;N/A;N/A;N/A;N/A;N/A;"Lunes a viernes de 8:30/12 y de 14:30/19h sábados en la mañana";5;1.0;Nafta;Manual;Hatchback;"Autos y camionetas";N/A;N/A;N/A;N/A;N/A;N/A;UY;N/A;Sí;N/A;N/A;N/A;N/A;N/A;N/A;N/A;N/A;N/A;N/A;N/A;N/A;N/A;N/A;N/A;Sí;N/A;N/A;N/A;N/A;N/A;N/A;N/A;N/A;N/A;N/A;N/A;N/A;N/A;N/A;N/A;N/A;N/A;N/A;Sí;N/A;N/A;N/A;N/A;N/A;N/A;N/A;N/A;N/A;N/A;N/A;N/A;N/A;N/A;N/A;N/A;N/A;Sí;N/A;N/A;N/A;N/A;N/A;N/A;N/A;N/A;N/A;N/A;N/A;N/A;N/A;N/A;N/A;N/A;N/A;N/A;N/A;N/A;N/A;N/A;N/A;N/A;N/A;N/A;N/A;N/A;N/A;N/A;N/A;N/A;N/A;N/A;Sí;N/A;N/A;N/A;Sí;N/A;N/A;N/A;N/A;Sí;N/A;N/A;Sí;N/A;N/A;Sí;Sí;Sí;Sí;Sí;Sí;N/A;N/A;N/A;N/A;Sí
Renault;Kwid;"1.0 Sce 66cv Zen";2021;"44000 km";;ANDRESSBERNALL;11900;;;;;"San Jacinto";https://auto.mercadolibre.com.uy/MLU-706076770-renault-kwid-10-sce-66cv-zen-_JM;N/A;;"Renault Kwid 1.0 Sce 66cv Zen";usd;Sí;gold_premium;false;N/A;N/A;http://perfil.mercadolibre.com.uy/ANDRESSBERNALL;active;N/A;N/A;Usado;Naranja;Sí;Hidráulica;Delantera;Sí;Sí;Sí;N/A;N/A;N/A;N/A;N/A;N/A;N/A;N/A;N/A;Sí;N/A;N/A;N/A;N/A;N/A;N/A;N/A;N/A;N/A;N/A;N/A;N/A;"2423 mm";"1 L";"50 L";5;N/A;N/A;N/A;N/A;N/A;N/A;N/A;N/A;N/A;N/A;N/A;N/A;N/A;N/A;N/A;N/A;N/A;N/A;N/A;N/A;N/A;N/A;N/A;N/A;N/A;N/A;N/A;N/A;N/A;N/A;N/A;N/A;N/A;N/A;N/A;N/A;N/A;N/A;N/A;N/A;N/A;N/A;N/A;N/A;N/A;"1474 mm";"3680 mm";N/A;N/A;N/A;N/A;5;"66 hp";Zen;N/A;4;"1752 mm";N/A;N/A;N/A;N/A;N/A;N/A;Sí;Sí;N/A;N/A;N/A;N/A;N/A;Sí;N/A;N/A;N/A;"Lunes a Domingos de 8 a 23";5;1.0;Nafta;Manual;Hatchback;"Autos y camionetas";N/A;N/A;N/A;N/A;N/A;N/A;UY;N/A;N/A;N/A;N/A;N/A;N/A;N/A;N/A;N/A;N/A;N/A;N/A;N/A;N/A;N/A;N/A;N/A;N/A;N/A;N/A;N/A;N/A;N/A;N/A;N/A;N/A;N/A;N/A;N/A;N/A;N/A;N/A;N/A;N/A;N/A;N/A;N/A;N/A;N/A;N/A;N/A;N/A;N/A;N/A;N/A;N/A;N/A;N/A;N/A;N/A;N/A;N/A;N/A;N/A;N/A;N/A;N/A;N/A;N/A;N/A;N/A;N/A;N/A;N/A;N/A;N/A;N/A;N/A;N/A;N/A;N/A;N/A;N/A;N/A;N/A;N/A;N/A;N/A;N/A;N/A;N/A;N/A;N/A;N/A;N/A;N/A;N/A;N/A;N/A;Sí;Sí;N/A;N/A;Sí;N/A;N/A;N/A;N/A;Sí;N/A;N/A;Sí;N/A;N/A;N/A;N/A;Sí;Sí;Sí;Sí;Sí;N/A;Sí;N/A;Sí
Renault;Sandero;"1.6 Authentique 90cv";2017;"91000 km";;MIMAJO2008;10800;;;;;"San José de Mayo";https://auto.mercadolibre.com.uy/MLU-706219514-renault-sandero-16-authentique-90cv-_JM;N/A;;"Renault Sandero 1.6 Authentique 90cv";usd;Sí;gold_premium;false;N/A;N/A;http://perfil.mercadolibre.com.uy/MIMAJO2008;active;N/A;N/A;Usado;Plateado;N/A;Hidráulica;Delantera;Sí;Sí;N/A;N/A;N/A;N/A;N/A;N/A;No;N/A;N/A;N/A;Sí;N/A;Sí;N/A;N/A;N/A;N/A;N/A;N/A;N/A;N/A;N/A;N/A;"2590 mm";"1.6 L";"50 L";5;N/A;N/A;N/A;N/A;N/A;N/A;N/A;N/A;N/A;N/A;N/A;N/A;N/A;N/A;N/A;N/A;N/A;N/A;N/A;N/A;N/A;N/A;N/A;N/A;N/A;N/A;N/A;N/A;N/A;No;N/A;N/A;N/A;N/A;N/A;N/A;N/A;N/A;N/A;N/A;N/A;N/A;N/A;N/A;N/A;"1528 mm";"4023 mm";N/A;N/A;N/A;N/A;5;"90 hp";Authentique;N/A;2;"1733 mm";"10 km/l";N/A;N/A;No;Sí;N/A;Sí;N/A;N/A;No;N/A;"5.8 km/l";N/A;Sí;N/A;N/A;Sí;N/A;5;1.6;Nafta;Manual;Hatchback;"Autos y camionetas";N/A;N/A;N/A;N/A;N/A;N/A;UY;N/A;N/A;N/A;N/A;N/A;N/A;N/A;N/A;N/A;N/A;N/A;N/A;N/A;N/A;N/A;N/A;N/A;No;N/A;N/A;N/A;N/A;N/A;N/A;N/A;N/A;N/A;N/A;N/A;N/A;N/A;N/A;N/A;N/A;N/A;N/A;N/A;N/A;N/A;N/A;N/A;N/A;N/A;N/A;N/A;N/A;N/A;N/A;N/A;N/A;N/A;N/A;N/A;N/A;N/A;N/A;N/A;N/A;N/A;N/A;N/A;N/A;N/A;N/A;N/A;N/A;N/A;N/A;N/A;N/A;N/A;N/A;N/A;N/A;N/A;N/A;N/A;N/A;N/A;N/A;N/A;N/A;N/A;N/A;N/A;N/A;N/A;N/A;No;Sí;Sí;No;N/A;Sí;N/A;N/A;N/A;N/A;Sí;N/A;N/A;Sí;N/A;N/A;N/A;Sí;Sí;Sí;Sí;Sí;N/A;N/A;Sí;N/A;Sí
Renault;Oroch;"1.3 Tce Intens Outsider 2Wd Cvt";2023;"31558 km";;DESABOLLADOUY;22900;;;;;Centro;https://auto.mercadolibre.com.uy/MLU-705879174-renault-oroch-13-tce-intens-outsider-2wd-cvt-_JM;N/A;;"Renault Oroch 1.3 Tce Intens Outsider 2wd Cvt";usd;Sí;gold_premium;false;N/A;N/A;http://perfil.mercadolibre.com.uy/DESABOLLADOUY;active;N/A;N/A;Usado;Gris;Sí;Asistida;Delantera;N/A;N/A;N/A;N/A;N/A;N/A;N/A;N/A;N/A;N/A;N/A;N/A;N/A;N/A;N/A;N/A;N/A;N/A;N/A;N/A;N/A;N/A;N/A;N/A;N/A;"2890 mm";"1.3 L";"45 L";8;N/A;N/A;N/A;N/A;N/A;N/A;N/A;N/A;N/A;N/A;N/A;N/A;N/A;N/A;N/A;N/A;N/A;N/A;N/A;N/A;N/A;N/A;N/A;N/A;N/A;N/A;N/A;N/A;N/A;N/A;N/A;N/A;N/A;N/A;N/A;N/A;N/A;N/A;N/A;N/A;N/A;N/A;N/A;N/A;N/A;"1694 mm";"4719 mm";N/A;N/A;N/A;N/A;5;"156 hp";"Intens Outsider";N/A;4;"1834 mm";N/A;N/A;N/A;N/A;N/A;N/A;N/A;N/A;N/A;N/A;N/A;N/A;N/A;N/A;N/A;N/A;N/A;N/A;4;1.3;Nafta;Automática;Pick-Up;"Autos y camionetas";N/A;N/A;N/A;N/A;N/A;N/A;UY;N/A;N/A;N/A;N/A;N/A;N/A;N/A;N/A;N/A;N/A;N/A;N/A;N/A;N/A;N/A;N/A;N/A;N/A;N/A;N/A;N/A;N/A;N/A;N/A;N/A;N/A;N/A;N/A;N/A;N/A;N/A;N/A;N/A;N/A;N/A;N/A;N/A;N/A;N/A;N/A;N/A;N/A;N/A;N/A;N/A;N/A;N/A;N/A;N/A;N/A;N/A;N/A;N/A;N/A;N/A;N/A;N/A;N/A;N/A;N/A;N/A;N/A;N/A;N/A;N/A;N/A;N/A;N/A;N/A;N/A;N/A;N/A;N/A;N/A;N/A;N/A;N/A;N/A;N/A;N/A;N/A;N/A;N/A;N/A;N/A;N/A;N/A;N/A;N/A;N/A;N/A;N/A;N/A;N/A;N/A;N/A;N/A;N/A;N/A;N/A;N/A;N/A;N/A;N/A;N/A;N/A;N/A;N/A;N/A;N/A;N/A;N/A;N/A;N/A;N/A
Renault;Clio;"1.5 Expression";2005;"196000 km";;GASTON_S_R;6500;;;;;Mercedes;https://auto.mercadolibre.com.uy/MLU-704255132-renault-clio-15-expression-_JM;N/A;;"Renault Clio 1.5 Expression";usd;No;gold_premium;false;N/A;N/A;http://perfil.mercadolibre.com.uy/GASTON_S_R;active;N/A;N/A;Usado;Blanco;No;Hidráulica;Delantera;Sí;Sí;N/A;N/A;N/A;N/A;N/A;N/A;N/A;N/A;N/A;N/A;Sí;N/A;N/A;N/A;N/A;N/A;N/A;N/A;N/A;N/A;N/A;N/A;N/A;"2472 mm";"1.5 L";"50 L";5;N/A;N/A;N/A;N/A;N/A;N/A;N/A;N/A;N/A;N/A;N/A;N/A;N/A;N/A;N/A;N/A;N/A;N/A;N/A;N/A;N/A;N/A;N/A;N/A;N/A;N/A;N/A;N/A;N/A;N/A;N/A;N/A;N/A;N/A;N/A;N/A;N/A;N/A;N/A;N/A;N/A;N/A;N/A;N/A;N/A;"1435 mm";"4150 mm";N/A;N/A;N/A;N/A;5;"65 hp";Expression;N/A;2;"1639 mm";N/A;N/A;N/A;N/A;N/A;N/A;Sí;N/A;N/A;N/A;N/A;N/A;N/A;N/A;N/A;N/A;N/A;N/A;4;1.5;Diésel;Manual;Sedán;"Autos y camionetas";N/A;N/A;N/A;N/A;N/A;N/A;UY;N/A;N/A;N/A;N/A;N/A;N/A;N/A;N/A;N/A;N/A;N/A;N/A;N/A;N/A;N/A;N/A;N/A;N/A;N/A;N/A;N/A;N/A;N/A;N/A;N/A;N/A;N/A;N/A;N/A;N/A;N/A;N/A;N/A;N/A;N/A;N/A;N/A;N/A;N/A;N/A;N/A;N/A;N/A;N/A;N/A;N/A;N/A;N/A;N/A;N/A;N/A;N/A;N/A;N/A;N/A;N/A;N/A;N/A;N/A;N/A;N/A;N/A;N/A;N/A;N/A;N/A;N/A;N/A;N/A;N/A;N/A;N/A;N/A;N/A;N/A;N/A;N/A;N/A;N/A;N/A;N/A;N/A;N/A;N/A;N/A;N/A;N/A;N/A;N/A;Sí;Sí;Sí;N/A;Sí;N/A;N/A;N/A;N/A;Sí;N/A;N/A;N/A;N/A;N/A;N/A;N/A;Sí;Sí;N/A;Sí;N/A;N/A;N/A;N/A;N/A
Renault;Oroch;"Expression 1.6";2017;"80000 km";;FERNANDEZRUBEN1203;15000;;;;;"Ciudad del Plata";https://auto.mercadolibre.com.uy/MLU-704001754-vendo-renault-oroch-_JM;N/A;;"Vendo Renault Oroch";USD;Sí;gold_premium;false;N/A;N/A;http://perfil.mercadolibre.com.uy/FERNANDEZRUBEN1203;active;N/A;N/A;Usado;Blanco;No;Hidráulica;Delantera;N/A;N/A;N/A;N/A;N/A;N/A;N/A;N/A;N/A;N/A;N/A;N/A;N/A;N/A;N/A;N/A;N/A;N/A;N/A;N/A;N/A;N/A;N/A;N/A;N/A;N/A;N/A;N/A;N/A;N/A;N/A;N/A;N/A;N/A;N/A;N/A;N/A;N/A;N/A;N/A;N/A;N/A;N/A;N/A;N/A;N/A;N/A;N/A;N/A;N/A;N/A;N/A;N/A;N/A;N/A;N/A;N/A;N/A;N/A;N/A;N/A;N/A;N/A;N/A;N/A;N/A;N/A;N/A;N/A;N/A;N/A;N/A;N/A;N/A;N/A;N/A;N/A;N/A;N/A;N/A;N/A;N/A;N/A;N/A;N/A;N/A;N/A;N/A;N/A;N/A;N/A;N/A;Sí;Sí;N/A;N/A;N/A;N/A;N/A;N/A;N/A;N/A;N/A;N/A;4;1.6;Nafta;Manual;N/A;"Autos y camionetas";N/A;N/A;N/A;N/A;N/A;N/A;N/A;N/A;N/A;N/A;N/A;N/A;N/A;N/A;N/A;N/A;N/A;N/A;N/A;N/A;N/A;N/A;N/A;N/A;N/A;N/A;N/A;N/A;N/A;N/A;N/A;N/A;N/A;N/A;N/A;N/A;N/A;N/A;N/A;N/A;N/A;N/A;N/A;N/A;N/A;N/A;N/A;N/A;N/A;N/A;N/A;N/A;N/A;N/A;N/A;N/A;N/A;N/A;N/A;N/A;N/A;N/A;N/A;N/A;N/A;N/A;N/A;N/A;N/A;N/A;N/A;N/A;N/A;N/A;N/A;N/A;N/A;N/A;N/A;N/A;N/A;N/A;N/A;N/A;N/A;N/A;N/A;N/A;N/A;N/A;N/A;N/A;N/A;N/A;N/A;N/A;N/A;N/A;N/A;N/A;N/A;N/A;N/A;N/A;N/A;N/A;N/A;N/A;N/A;N/A;N/A;N/A;N/A;N/A;N/A;N/A;N/A;N/A;N/A;N/A;N/A;N/A
Renault;Master;"2.3 L3h2 Minibus";2018;"187000 km";;RAMIBERT;33700;;;;;Carmelo;https://auto.mercadolibre.com.uy/MLU-703604504-renault-master-23-l3h2-minibus-_JM;N/A;;"Renault Master 2.3 L3h2 Minibus";usd;Sí;gold_premium;false;N/A;N/A;http://perfil.mercadolibre.com.uy/RAMIBERT;active;N/A;N/A;Usado;Blanco;Sí;Hidráulica;Delantera;Sí;N/A;N/A;N/A;N/A;N/A;N/A;N/A;N/A;N/A;N/A;N/A;N/A;N/A;N/A;N/A;N/A;N/A;N/A;N/A;N/A;N/A;N/A;N/A;N/A;"3578 mm";"2.3 L";"80 L";6;N/A;N/A;N/A;N/A;N/A;N/A;N/A;N/A;N/A;N/A;N/A;N/A;N/A;N/A;N/A;N/A;N/A;N/A;N/A;N/A;N/A;N/A;N/A;N/A;N/A;N/A;N/A;N/A;N/A;N/A;N/A;N/A;N/A;N/A;N/A;N/A;N/A;N/A;N/A;N/A;N/A;N/A;N/A;N/A;N/A;"2496 mm";"6198 mm";N/A;N/A;N/A;N/A;16;"130 hp";2.3;N/A;4;"1990 mm";N/A;N/A;N/A;N/A;N/A;N/A;N/A;N/A;N/A;N/A;N/A;N/A;N/A;N/A;N/A;N/A;N/A;N/A;4;2.3;Diésel;Manual;N/A;"Autos y camionetas";N/A;N/A;N/A;N/A;N/A;N/A;UY;N/A;N/A;N/A;N/A;N/A;N/A;N/A;N/A;N/A;N/A;N/A;N/A;N/A;N/A;N/A;N/A;N/A;N/A;N/A;N/A;N/A;N/A;N/A;N/A;N/A;N/A;N/A;N/A;N/A;N/A;N/A;N/A;N/A;N/A;N/A;N/A;N/A;N/A;N/A;N/A;N/A;N/A;N/A;N/A;N/A;N/A;N/A;N/A;N/A;N/A;N/A;N/A;N/A;N/A;N/A;N/A;N/A;N/A;N/A;N/A;N/A;N/A;N/A;N/A;N/A;N/A;N/A;N/A;N/A;N/A;N/A;N/A;N/A;N/A;N/A;N/A;N/A;N/A;N/A;N/A;N/A;N/A;N/A;N/A;N/A;N/A;N/A;N/A;N/A;N/A;N/A;N/A;N/A;N/A;N/A;N/A;N/A;N/A;N/A;N/A;N/A;N/A;N/A;N/A;N/A;N/A;N/A;N/A;N/A;N/A;N/A;N/A;N/A;N/A;N/A
Renault;"Sandero Stepway";INTENSE;2021;"36381 km";;"GO SELECT";18500;;;;;Aguada;https://auto.mercadolibre.com.uy/MLU-703730766-renault-sandero-stepway-intense-2021-negro-muy-buen-estado-_JM;N/A;;"Renault Sandero Stepway Intense 2021 Negro Muy Buen Estado";usd;Sí;gold_premium;false;N/A;N/A;http://perfil.mercadolibre.com.uy/GO+SELECT;active;N/A;N/A;Usado;Negro;Sí;Asistida;N/A;Sí;Sí;Sí;N/A;N/A;N/A;Sí;N/A;N/A;N/A;N/A;N/A;Sí;N/A;N/A;N/A;N/A;N/A;N/A;N/A;N/A;N/A;N/A;N/A;N/A;N/A;"1598 cc";N/A;5;N/A;N/A;N/A;N/A;N/A;N/A;N/A;N/A;N/A;N/A;N/A;N/A;N/A;N/A;N/A;N/A;N/A;N/A;N/A;N/A;N/A;N/A;N/A;Sí;N/A;N/A;N/A;N/A;N/A;N/A;N/A;N/A;N/A;N/A;N/A;N/A;N/A;N/A;N/A;N/A;N/A;N/A;N/A;N/A;N/A;N/A;N/A;N/A;N/A;N/A;N/A;N/A;N/A;N/A;N/A;N/A;N/A;N/A;N/A;N/A;N/A;N/A;N/A;N/A;N/A;N/A;N/A;N/A;N/A;N/A;N/A;N/A;N/A;Sí;"Lun. a Jue. de 9 a 18 hs. Vie. de 9 a 17 hs";5;1.6;Nafta;Automática;Rural;"Autos y camionetas";No;N/A;N/A;N/A;No;N/A;UY;No;Sí;No;No;N/A;N/A;N/A;N/A;N/A;N/A;N/A;N/A;N/A;N/A;N/A;N/A;N/A;N/A;N/A;N/A;N/A;N/A;N/A;N/A;N/A;N/A;N/A;N/A;N/A;N/A;N/A;N/A;N/A;N/A;N/A;N/A;N/A;N/A;N/A;N/A;N/A;N/A;N/A;N/A;N/A;N/A;N/A;N/A;N/A;N/A;N/A;N/A;N/A;N/A;N/A;No;N/A;N/A;N/A;N/A;N/A;N/A;N/A;N/A;N/A;N/A;N/A;N/A;N/A;N/A;N/A;N/A;N/A;N/A;N/A;N/A;N/A;N/A;N/A;N/A;N/A;N/A;N/A;N/A;N/A;N/A;N/A;N/A;N/A;Sí;N/A;Sí;N/A;Sí;N/A;N/A;N/A;Sí;Sí;N/A;N/A;N/A;N/A;N/A;N/A;N/A;N/A;Sí;N/A;Sí;N/A;N/A;N/A;N/A;Sí
Renault;Oroch;"Oroch expression 1.6 16v";2021;"41000 km";;CARLOSGELPI;18990;;;;;Salto;https://auto.mercadolibre.com.uy/MLU-703601656-renault-oroch-expression-16-16v-_JM;N/A;;"Renault Oroch Expression 1.6 16v";USD;Sí;gold_premium;false;N/A;N/A;http://perfil.mercadolibre.com.uy/CARLOSGELPI;active;N/A;N/A;Usado;Gris;Sí;Hidráulica;Delantera;N/A;N/A;N/A;N/A;N/A;N/A;N/A;N/A;N/A;N/A;N/A;N/A;N/A;N/A;N/A;N/A;N/A;N/A;N/A;N/A;N/A;N/A;N/A;N/A;N/A;N/A;N/A;N/A;N/A;N/A;N/A;N/A;N/A;N/A;N/A;N/A;N/A;N/A;N/A;N/A;N/A;N/A;N/A;N/A;N/A;N/A;N/A;N/A;N/A;N/A;N/A;N/A;N/A;N/A;N/A;N/A;N/A;N/A;N/A;N/A;N/A;N/A;N/A;N/A;N/A;N/A;N/A;N/A;N/A;N/A;N/A;N/A;N/A;N/A;N/A;N/A;N/A;N/A;N/A;N/A;N/A;N/A;N/A;N/A;N/A;N/A;N/A;N/A;N/A;N/A;N/A;N/A;N/A;N/A;N/A;N/A;N/A;N/A;N/A;N/A;N/A;N/A;N/A;N/A;5;1.6;Nafta;N/A;N/A;"Autos y camionetas";N/A;N/A;N/A;N/A;N/A;N/A;N/A;N/A;N/A;N/A;N/A;N/A;N/A;N/A;N/A;N/A;N/A;N/A;N/A;N/A;N/A;N/A;N/A;N/A;N/A;N/A;N/A;N/A;N/A;N/A;N/A;N/A;N/A;N/A;N/A;N/A;N/A;N/A;N/A;N/A;N/A;N/A;N/A;N/A;N/A;N/A;N/A;N/A;N/A;N/A;N/A;N/A;N/A;N/A;N/A;N/A;N/A;N/A;N/A;N/A;N/A;N/A;N/A;N/A;N/A;N/A;N/A;N/A;N/A;N/A;N/A;N/A;N/A;N/A;N/A;N/A;N/A;N/A;N/A;N/A;N/A;N/A;N/A;N/A;N/A;N/A;N/A;N/A;N/A;N/A;N/A;N/A;N/A;N/A;N/A;N/A;N/A;N/A;N/A;N/A;N/A;N/A;N/A;N/A;N/A;N/A;N/A;N/A;N/A;N/A;N/A;N/A;N/A;N/A;N/A;N/A;N/A;N/A;N/A;N/A;N/A;N/A
Renault;"Duster Oroch";"2.0 Privilege";2018;"210100 km";;PEREIRABRUNO20231104085526;13900;;;;;Pocitos;https://auto.mercadolibre.com.uy/MLU-703536168-renault-duster-oroch-20-privilege-_JM;N/A;;"Renault Duster Oroch 2.0 Privilege";usd;Sí;gold_premium;false;N/A;N/A;http://perfil.mercadolibre.com.uy/PEREIRABRUNO20231104085526;active;N/A;N/A;Usado;Gris;Sí;Hidráulica;4x2;Sí;N/A;N/A;N/A;N/A;N/A;N/A;N/A;N/A;N/A;N/A;N/A;N/A;N/A;N/A;N/A;N/A;N/A;N/A;N/A;N/A;N/A;N/A;N/A;N/A;"2829 mm";"2 L";"50 L";6;N/A;N/A;N/A;N/A;N/A;N/A;N/A;N/A;N/A;N/A;N/A;N/A;N/A;N/A;N/A;N/A;N/A;N/A;N/A;N/A;N/A;N/A;N/A;N/A;N/A;N/A;N/A;N/A;N/A;N/A;N/A;N/A;N/A;N/A;N/A;N/A;N/A;N/A;N/A;N/A;N/A;N/A;N/A;N/A;N/A;"1683 mm";"4329 mm";N/A;N/A;N/A;N/A;5;"143 hp";Privilege;N/A;4;"1821 mm";"10.8 km/l";N/A;N/A;N/A;N/A;N/A;N/A;N/A;N/A;N/A;N/A;N/A;N/A;N/A;N/A;N/A;N/A;N/A;5;2.0;Nafta;Manual;SUV;"Autos y camionetas";N/A;N/A;N/A;N/A;N/A;N/A;UY;N/A;N/A;N/A;N/A;N/A;N/A;N/A;N/A;N/A;N/A;N/A;N/A;N/A;N/A;N/A;N/A;N/A;N/A;N/A;N/A;N/A;N/A;N/A;N/A;N/A;N/A;N/A;N/A;N/A;N/A;N/A;N/A;N/A;N/A;N/A;N/A;N/A;N/A;N/A;N/A;N/A;N/A;N/A;N/A;N/A;N/A;N/A;N/A;N/A;N/A;N/A;N/A;N/A;N/A;N/A;N/A;N/A;N/A;N/A;N/A;N/A;N/A;N/A;N/A;N/A;N/A;N/A;N/A;N/A;N/A;N/A;N/A;N/A;N/A;N/A;N/A;N/A;N/A;N/A;N/A;N/A;N/A;N/A;N/A;N/A;N/A;N/A;N/A;N/A;N/A;N/A;N/A;N/A;N/A;N/A;N/A;N/A;N/A;N/A;N/A;N/A;N/A;N/A;N/A;N/A;N/A;N/A;N/A;N/A;N/A;N/A;N/A;N/A;N/A;N/A
Renault;"Grand Captur";Zen;2019;"84252 km";;COSTAAUTOS;18300;;;;;Lagomar;https://auto.mercadolibre.com.uy/MLU-647233043-renault-grand-captur-zen-20-2019-muy-buen-estado-_JM;N/A;;"Renault Grand Captur Zen 2.0 2019 Muy Buen Estado! ";usd;Sí;gold_premium;false;N/A;N/A;http://perfil.mercadolibre.com.uy/COSTAAUTOS;active;N/A;N/A;Usado;Rojo;Sí;Hidráulica;N/A;Sí;Sí;Sí;N/A;N/A;N/A;Sí;Sí;N/A;N/A;Sí;N/A;Sí;N/A;N/A;N/A;N/A;N/A;N/A;N/A;N/A;N/A;N/A;N/A;N/A;N/A;"2000 cc";N/A;6;N/A;N/A;Sí;Sí;N/A;Sí;Sí;N/A;N/A;N/A;N/A;N/A;N/A;N/A;N/A;N/A;N/A;N/A;N/A;N/A;N/A;N/A;N/A;Sí;N/A;Sí;N/A;N/A;N/A;N/A;N/A;N/A;N/A;N/A;N/A;N/A;N/A;N/A;N/A;N/A;N/A;N/A;Sí;N/A;N/A;N/A;N/A;N/A;N/A;N/A;N/A;N/A;N/A;N/A;N/A;N/A;N/A;"12 km/l";N/A;N/A;N/A;Sí;N/A;N/A;Sí;Sí;N/A;N/A;"14 km/l";N/A;N/A;N/A;N/A;N/A;"Lun. a Vie. 9:30 a 13 y 14 a 19 hs. Sáb. 9:30 a 13:30 hs.";5;2.0;Nafta;Manual;SUV;"Autos y camionetas";No;N/A;N/A;N/A;No;N/A;UY;No;Sí;No;No;N/A;N/A;N/A;N/A;N/A;N/A;N/A;N/A;N/A;N/A;N/A;N/A;N/A;N/A;N/A;N/A;N/A;N/A;N/A;N/A;N/A;N/A;N/A;N/A;N/A;N/A;N/A;N/A;N/A;N/A;N/A;N/A;N/A;N/A;N/A;N/A;N/A;N/A;N/A;N/A;N/A;N/A;N/A;N/A;N/A;N/A;N/A;N/A;N/A;N/A;N/A;No;N/A;N/A;N/A;N/A;N/A;N/A;N/A;N/A;N/A;N/A;N/A;N/A;N/A;N/A;N/A;N/A;N/A;N/A;N/A;N/A;N/A;N/A;N/A;N/A;N/A;N/A;N/A;N/A;N/A;N/A;N/A;N/A;N/A;N/A;Sí;Sí;N/A;Sí;Sí;Sí;N/A;N/A;Sí;N/A;N/A;N/A;N/A;Sí;Sí;N/A;N/A;Sí;N/A;Sí;N/A;N/A;N/A;N/A;Sí
Renault;R19;"1.6 Rl";1993;"163000 km";;GAGO1669405;3800;;;;;Abayubá;https://auto.mercadolibre.com.uy/MLU-703016684-renault-r19-16-rl-_JM;N/A;;"Renault R19 1.6 Rl";usd;No;gold_premium;false;N/A;N/A;http://perfil.mercadolibre.com.uy/GAGO1669405;active;N/A;N/A;Usado;Gris;N/A;Hidráulica;Delantera;N/A;N/A;N/A;N/A;N/A;N/A;N/A;N/A;N/A;N/A;N/A;N/A;N/A;N/A;N/A;N/A;N/A;N/A;N/A;N/A;N/A;N/A;N/A;N/A;N/A;"2544 mm";"1.6 L";"55 L";5;N/A;N/A;N/A;N/A;N/A;N/A;N/A;N/A;N/A;N/A;N/A;N/A;N/A;N/A;N/A;N/A;N/A;N/A;N/A;N/A;N/A;N/A;N/A;N/A;N/A;N/A;N/A;N/A;N/A;N/A;N/A;N/A;N/A;N/A;N/A;N/A;N/A;N/A;N/A;N/A;N/A;N/A;N/A;N/A;N/A;"1420 mm";"4260 mm";N/A;N/A;N/A;N/A;5;"65 hp";Rl;N/A;2;"1690 mm";"9.3 km/l";N/A;N/A;N/A;N/A;N/A;N/A;N/A;N/A;N/A;N/A;"7 km/l";N/A;N/A;N/A;N/A;N/A;"De lunes a domingo todo el dia";4;1.6;Nafta;Manual;Sedán;"Autos y camionetas";N/A;N/A;N/A;N/A;N/A;N/A;UY;N/A;N/A;N/A;N/A;N/A;N/A;N/A;N/A;N/A;N/A;N/A;N/A;N/A;N/A;N/A;N/A;N/A;N/A;N/A;N/A;N/A;N/A;N/A;N/A;N/A;N/A;N/A;N/A;N/A;N/A;N/A;N/A;N/A;N/A;N/A;N/A;N/A;N/A;N/A;N/A;N/A;N/A;N/A;N/A;N/A;N/A;N/A;N/A;N/A;N/A;N/A;N/A;N/A;N/A;N/A;N/A;N/A;N/A;N/A;N/A;N/A;N/A;N/A;N/A;N/A;N/A;N/A;N/A;N/A;N/A;N/A;N/A;N/A;N/A;N/A;N/A;N/A;N/A;N/A;N/A;N/A;N/A;N/A;N/A;N/A;N/A;N/A;N/A;N/A;N/A;N/A;N/A;N/A;N/A;N/A;N/A;N/A;N/A;N/A;N/A;N/A;N/A;N/A;N/A;N/A;N/A;N/A;N/A;N/A;N/A;N/A;N/A;N/A;N/A;N/A
Renault;Clio;"1.2 Athentique";2006;"173000 km";;JDEUS4;7000;;;;;Unión;https://auto.mercadolibre.com.uy/MLU-647172383-renault-clio-12-athentique-_JM;N/A;;"Renault Clio 1.2 Athentique";usd;No;gold_premium;false;N/A;N/A;http://perfil.mercadolibre.com.uy/JDEUS4;active;N/A;N/A;Usado;Azul;No;Hidráulica;Delantera;Sí;Sí;N/A;N/A;N/A;No;N/A;N/A;No;N/A;N/A;No;Sí;N/A;No;N/A;N/A;N/A;N/A;N/A;N/A;N/A;N/A;N/A;N/A;"2472 mm";"1.2 L";"50 L";N/A;N/A;N/A;N/A;N/A;N/A;No;N/A;N/A;N/A;N/A;N/A;N/A;N/A;N/A;N/A;N/A;N/A;N/A;N/A;N/A;N/A;N/A;N/A;N/A;N/A;N/A;N/A;N/A;N/A;No;N/A;N/A;N/A;N/A;N/A;N/A;N/A;N/A;N/A;N/A;N/A;N/A;N/A;N/A;N/A;"1417 mm";"3813 mm";N/A;N/A;N/A;N/A;5;"75 hp";Authentique;N/A;4;"1639 mm";N/A;No;N/A;No;No;N/A;Sí;Sí;N/A;No;N/A;N/A;No;No;N/A;N/A;Sí;N/A;5;1.2;Nafta;Automática;Hatchback;"Autos y camionetas";Sí;N/A;N/A;N/A;No;N/A;UY;N/A;Sí;N/A;No;N/A;N/A;N/A;N/A;N/A;N/A;N/A;N/A;N/A;N/A;N/A;N/A;N/A;No;N/A;N/A;N/A;N/A;N/A;N/A;N/A;N/A;N/A;N/A;N/A;N/A;N/A;N/A;N/A;N/A;N/A;N/A;No;N/A;N/A;N/A;N/A;N/A;N/A;N/A;N/A;N/A;N/A;N/A;N/A;N/A;N/A;N/A;N/A;N/A;No;Sí;N/A;N/A;N/A;N/A;N/A;N/A;N/A;N/A;N/A;N/A;N/A;N/A;N/A;N/A;N/A;N/A;N/A;N/A;N/A;N/A;N/A;N/A;N/A;N/A;N/A;N/A;N/A;N/A;N/A;N/A;N/A;N/A;No;No;No;No;N/A;No;N/A;N/A;N/A;N/A;No;No;N/A;Sí;N/A;N/A;No;Sí;Sí;Sí;No;No;Sí;No;No;N/A;No
Renault;Kangoo;"1.6 2 Fase 2 C/AA";2017;"162000 km";;JUAN999TORRES;10900;;;;;Durazno;https://auto.mercadolibre.com.uy/MLU-702809314-renault-kangoo-en-excelente-estado-habilitada-para-5-persona-_JM;N/A;;"Renault Kangoo En Excelente Estado Habilitada Para 5 Persona";USD;Sí;gold_premium;false;N/A;N/A;http://perfil.mercadolibre.com.uy/JUAN999TORRES;active;N/A;N/A;Usado;Gris;No;Hidráulica;Delantera;Sí;Sí;N/A;N/A;N/A;Sí;N/A;N/A;N/A;N/A;N/A;N/A;Sí;N/A;N/A;N/A;N/A;N/A;N/A;N/A;N/A;N/A;N/A;N/A;N/A;N/A;N/A;N/A;N/A;N/A;N/A;N/A;N/A;N/A;Sí;N/A;N/A;N/A;N/A;N/A;N/A;N/A;N/A;N/A;N/A;N/A;N/A;N/A;N/A;N/A;N/A;N/A;N/A;N/A;N/A;N/A;N/A;N/A;N/A;N/A;N/A;N/A;N/A;N/A;N/A;N/A;N/A;N/A;N/A;N/A;N/A;N/A;N/A;N/A;N/A;N/A;N/A;N/A;N/A;N/A;N/A;N/A;N/A;N/A;N/A;N/A;N/A;N/A;N/A;N/A;Sí;N/A;Sí;Sí;N/A;N/A;N/A;N/A;N/A;N/A;N/A;N/A;N/A;N/A;5;1.6;Nafta;Manual;Furgón;"Autos y camionetas";N/A;N/A;N/A;N/A;N/A;N/A;N/A;N/A;Sí;N/A;N/A;N/A;N/A;N/A;N/A;N/A;N/A;N/A;N/A;N/A;N/A;N/A;N/A;N/A;Sí;N/A;N/A;N/A;N/A;N/A;N/A;N/A;N/A;N/A;N/A;N/A;N/A;N/A;N/A;N/A;N/A;N/A;N/A;N/A;N/A;N/A;N/A;N/A;N/A;N/A;N/A;N/A;N/A;N/A;N/A;N/A;N/A;N/A;N/A;N/A;N/A;N/A;No;N/A;N/A;N/A;N/A;N/A;N/A;N/A;N/A;N/A;N/A;N/A;N/A;N/A;N/A;N/A;N/A;N/A;N/A;N/A;N/A;N/A;N/A;N/A;N/A;N/A;N/A;N/A;N/A;N/A;N/A;N/A;N/A;N/A;Sí;Sí;Sí;N/A;Sí;N/A;N/A;N/A;N/A;Sí;N/A;Sí;N/A;N/A;N/A;N/A;Sí;Sí;Sí;Sí;Sí;N/A;N/A;Sí;N/A;Sí
Renault;Oroch;"2.0 Dynamique 4x4";2018;"48000 km";;FISA1935066;16990;;;;;Florida;https://auto.mercadolibre.com.uy/MLU-703804460-renault-oroch-_JM;N/A;;"Renault Oroch";USD;Sí;gold_premium;false;N/A;N/A;http://perfil.mercadolibre.com.uy/FISA1935066;active;N/A;N/A;Usado;Blanco;Sí;N/A;N/A;N/A;N/A;N/A;N/A;N/A;N/A;N/A;N/A;N/A;N/A;N/A;N/A;N/A;N/A;N/A;N/A;N/A;N/A;N/A;N/A;N/A;N/A;N/A;N/A;N/A;N/A;N/A;N/A;N/A;N/A;N/A;N/A;N/A;N/A;N/A;N/A;N/A;N/A;N/A;N/A;N/A;N/A;N/A;N/A;N/A;N/A;N/A;N/A;N/A;N/A;N/A;N/A;N/A;N/A;N/A;N/A;N/A;N/A;N/A;N/A;N/A;N/A;N/A;N/A;N/A;N/A;N/A;N/A;N/A;N/A;N/A;N/A;N/A;N/A;N/A;N/A;N/A;N/A;N/A;N/A;N/A;N/A;N/A;N/A;N/A;N/A;N/A;N/A;N/A;N/A;N/A;N/A;N/A;N/A;N/A;N/A;N/A;N/A;N/A;N/A;N/A;N/A;N/A;N/A;5;N/A;Nafta;N/A;N/A;"Autos y camionetas";N/A;N/A;N/A;N/A;N/A;N/A;N/A;N/A;N/A;N/A;N/A;N/A;N/A;N/A;N/A;N/A;N/A;N/A;N/A;N/A;N/A;N/A;N/A;N/A;N/A;N/A;N/A;N/A;N/A;N/A;N/A;N/A;N/A;N/A;N/A;N/A;N/A;N/A;N/A;N/A;N/A;N/A;N/A;N/A;N/A;N/A;N/A;N/A;N/A;N/A;N/A;N/A;N/A;N/A;N/A;N/A;N/A;N/A;N/A;N/A;N/A;N/A;N/A;N/A;N/A;N/A;N/A;N/A;N/A;N/A;N/A;N/A;N/A;N/A;N/A;N/A;N/A;N/A;N/A;N/A;N/A;N/A;N/A;N/A;N/A;N/A;N/A;N/A;N/A;N/A;N/A;N/A;N/A;N/A;N/A;N/A;N/A;N/A;N/A;N/A;N/A;N/A;N/A;N/A;N/A;N/A;N/A;N/A;N/A;N/A;N/A;N/A;N/A;N/A;N/A;N/A;N/A;N/A;N/A;N/A;N/A;N/A
Renault;Fluence;"2.0 Privilege Mt";2013;"208000 km";;TONGA1510;10900;;;;;"Santa Bernardina";https://auto.mercadolibre.com.uy/MLU-704239078-renault-fluence-2013-20-privilege-mt-_JM;N/A;;"Renault Fluence 2013 2.0 Privilege Mt";usd;Sí;gold_premium;false;N/A;N/A;http://perfil.mercadolibre.com.uy/TONGA1510;active;N/A;N/A;Usado;Blanco;No;Eléctrica;Delantera;Sí;Sí;Sí;N/A;N/A;N/A;N/A;N/A;Sí;N/A;N/A;No;Sí;N/A;Sí;N/A;N/A;N/A;N/A;N/A;N/A;N/A;N/A;N/A;N/A;"2700 mm";"2 L";"60 L";6;N/A;N/A;N/A;N/A;N/A;Sí;N/A;N/A;N/A;Sí;N/A;N/A;N/A;N/A;N/A;N/A;N/A;N/A;N/A;N/A;N/A;N/A;N/A;N/A;N/A;N/A;N/A;N/A;N/A;No;N/A;N/A;N/A;Sí;Sí;Sí;N/A;N/A;N/A;N/A;N/A;N/A;N/A;N/A;N/A;"1479 mm";"4618 mm";N/A;N/A;N/A;N/A;5;"143 hp";Privilege;N/A;4;"1810 mm";"11 km/l";No;N/A;Sí;Sí;N/A;Sí;Sí;N/A;Sí;N/A;"6.2 km/l";N/A;N/A;N/A;N/A;N/A;N/A;4;2.0;Nafta;Manual;Sedán;"Autos y camionetas";N/A;N/A;N/A;N/A;N/A;N/A;UY;N/A;N/A;N/A;N/A;N/A;N/A;N/A;N/A;N/A;N/A;N/A;N/A;N/A;N/A;N/A;N/A;N/A;No;N/A;N/A;N/A;N/A;N/A;N/A;N/A;N/A;N/A;N/A;N/A;N/A;N/A;N/A;N/A;N/A;N/A;N/A;N/A;N/A;N/A;N/A;N/A;N/A;N/A;N/A;N/A;N/A;N/A;N/A;N/A;N/A;N/A;N/A;N/A;N/A;N/A;N/A;N/A;N/A;N/A;N/A;N/A;N/A;N/A;N/A;N/A;N/A;N/A;N/A;N/A;N/A;N/A;N/A;N/A;N/A;N/A;N/A;N/A;N/A;N/A;N/A;N/A;N/A;N/A;N/A;N/A;N/A;N/A;N/A;No;Sí;Sí;Sí;N/A;Sí;N/A;N/A;N/A;N/A;Sí;No;Sí;Sí;N/A;N/A;Sí;Sí;Sí;Sí;Sí;Sí;Sí;N/A;Sí;N/A;Sí
Renault;Kwid;"1.0 Sce 66cv Zen";2022;"30000 km";;EDUKDOS;12500;;;;;Maldonado;https://auto.mercadolibre.com.uy/MLU-703041414-renault-kwid-2022-10-sce-66cv-zen-_JM;N/A;;"Renault Kwid 2022 1.0 Sce 66cv Zen";usd;Sí;gold_premium;false;N/A;N/A;http://perfil.mercadolibre.com.uy/EDUKDOS;active;N/A;N/A;Usado;N/A;N/A;N/A;Delantera;N/A;N/A;Sí;N/A;N/A;N/A;N/A;N/A;N/A;N/A;N/A;N/A;N/A;N/A;N/A;N/A;N/A;N/A;N/A;N/A;N/A;N/A;N/A;N/A;N/A;"2423 mm";"1 L";"50 L";5;N/A;N/A;N/A;N/A;N/A;N/A;N/A;N/A;N/A;N/A;N/A;N/A;N/A;N/A;N/A;N/A;N/A;N/A;N/A;N/A;N/A;N/A;N/A;N/A;N/A;N/A;N/A;N/A;N/A;N/A;N/A;N/A;N/A;N/A;N/A;N/A;N/A;N/A;N/A;N/A;N/A;N/A;N/A;N/A;N/A;"1474 mm";"3680 mm";N/A;N/A;N/A;N/A;5;"66 hp";Zen;N/A;4;"1752 mm";N/A;N/A;N/A;N/A;N/A;N/A;N/A;N/A;N/A;N/A;N/A;N/A;N/A;N/A;N/A;N/A;N/A;N/A;5;1.0;Nafta;Manual;Hatchback;"Autos y camionetas";N/A;N/A;N/A;N/A;N/A;N/A;UY;N/A;N/A;N/A;N/A;N/A;N/A;N/A;N/A;N/A;N/A;N/A;N/A;N/A;N/A;N/A;N/A;N/A;N/A;N/A;N/A;N/A;N/A;N/A;N/A;N/A;N/A;N/A;N/A;N/A;N/A;N/A;N/A;N/A;N/A;N/A;N/A;N/A;N/A;N/A;N/A;N/A;N/A;N/A;N/A;N/A;N/A;N/A;N/A;N/A;N/A;N/A;N/A;N/A;N/A;N/A;N/A;N/A;N/A;N/A;N/A;N/A;N/A;N/A;N/A;N/A;N/A;N/A;N/A;N/A;N/A;N/A;N/A;N/A;N/A;N/A;N/A;N/A;N/A;N/A;N/A;N/A;N/A;N/A;N/A;N/A;N/A;N/A;N/A;N/A;N/A;N/A;N/A;N/A;N/A;N/A;N/A;N/A;N/A;N/A;N/A;N/A;N/A;N/A;N/A;N/A;N/A;N/A;N/A;N/A;N/A;N/A;N/A;N/A;N/A;N/A
Renault;Master;"2.3 L2h2 Furgón";2017;"200000 km";;MAMA7781738;24490;;;;;"Villa Española";https://auto.mercadolibre.com.uy/MLU-703028630-renault-master-23-l2h2-furgon-_JM;N/A;;"Renault Master 2.3 L2h2 Furgón";usd;Sí;gold_premium;false;N/A;N/A;http://perfil.mercadolibre.com.uy/MAMA7781738;active;N/A;N/A;Usado;Blanco;N/A;Hidráulica;Delantera;Sí;N/A;N/A;N/A;N/A;N/A;N/A;N/A;N/A;N/A;N/A;N/A;N/A;N/A;N/A;N/A;N/A;N/A;N/A;N/A;N/A;N/A;N/A;N/A;N/A;"3578 mm";"2.3 L";"100 L";6;N/A;N/A;N/A;N/A;N/A;N/A;N/A;N/A;N/A;N/A;N/A;N/A;N/A;N/A;N/A;N/A;N/A;N/A;N/A;N/A;N/A;N/A;N/A;N/A;N/A;N/A;N/A;N/A;N/A;N/A;N/A;N/A;N/A;N/A;N/A;N/A;N/A;N/A;N/A;N/A;N/A;N/A;N/A;N/A;N/A;"2496 mm";"6198 mm";N/A;N/A;N/A;N/A;3;"130 hp";2.3;N/A;4;"1990 mm";N/A;N/A;N/A;N/A;N/A;N/A;N/A;N/A;N/A;N/A;N/A;N/A;N/A;N/A;N/A;N/A;N/A;N/A;3;2.3;Diésel;Manual;Furgón;"Autos y camionetas";N/A;N/A;N/A;N/A;N/A;N/A;UY;N/A;N/A;N/A;N/A;N/A;N/A;N/A;N/A;N/A;N/A;N/A;N/A;N/A;N/A;N/A;N/A;N/A;N/A;N/A;N/A;N/A;N/A;N/A;N/A;N/A;N/A;N/A;N/A;N/A;N/A;N/A;N/A;N/A;N/A;N/A;N/A;N/A;N/A;N/A;N/A;N/A;N/A;N/A;N/A;N/A;N/A;N/A;N/A;N/A;N/A;N/A;N/A;N/A;N/A;N/A;N/A;N/A;N/A;N/A;N/A;N/A;N/A;N/A;N/A;N/A;N/A;N/A;N/A;N/A;N/A;N/A;N/A;N/A;N/A;N/A;N/A;N/A;N/A;N/A;N/A;N/A;N/A;N/A;N/A;N/A;N/A;N/A;N/A;N/A;N/A;N/A;N/A;N/A;N/A;N/A;N/A;N/A;N/A;N/A;N/A;N/A;N/A;N/A;N/A;N/A;N/A;N/A;N/A;N/A;N/A;N/A;N/A;N/A;N/A;N/A
Renault;Clio;"1.2 Iv Fase Ii Expression";2016;"156000 km";;"DAVO AICARDI";12500;;;;;Pando;https://auto.mercadolibre.com.uy/MLU-704317340-renault-clio-12-iv-fase-ii-expression-_JM;N/A;;"Renault Clio 1.2 Iv Fase Ii Expression";usd;Sí;gold_premium;false;N/A;N/A;http://perfil.mercadolibre.com.uy/DAVO+AICARDI;active;N/A;N/A;Usado;Negro;No;Hidráulica;Delantera;Sí;Sí;Sí;N/A;N/A;Sí;N/A;N/A;No;N/A;N/A;Sí;Sí;N/A;N/A;N/A;N/A;N/A;N/A;N/A;N/A;N/A;N/A;N/A;N/A;"2472 mm";"1.2 L";"50 L";5;N/A;N/A;N/A;N/A;N/A;N/A;N/A;N/A;N/A;N/A;N/A;N/A;N/A;N/A;N/A;N/A;N/A;N/A;N/A;N/A;N/A;N/A;N/A;N/A;N/A;N/A;N/A;N/A;N/A;N/A;N/A;N/A;N/A;N/A;N/A;N/A;N/A;N/A;N/A;N/A;N/A;N/A;N/A;N/A;N/A;"1417 mm";"3811 mm";N/A;N/A;N/A;N/A;5;"75 hp";Authentique;N/A;4;"1639 mm";N/A;Sí;N/A;N/A;Sí;N/A;Sí;Sí;N/A;N/A;N/A;N/A;N/A;N/A;N/A;N/A;Sí;N/A;3;1.2;Nafta;Manual;Hatchback;"Autos y camionetas";N/A;N/A;N/A;N/A;N/A;N/A;UY;N/A;Sí;N/A;N/A;N/A;N/A;N/A;N/A;N/A;N/A;N/A;N/A;N/A;N/A;N/A;N/A;N/A;Sí;N/A;N/A;N/A;N/A;N/A;N/A;N/A;N/A;N/A;N/A;N/A;N/A;N/A;N/A;N/A;N/A;N/A;N/A;N/A;N/A;N/A;N/A;N/A;N/A;N/A;N/A;N/A;N/A;N/A;N/A;N/A;N/A;N/A;N/A;N/A;N/A;N/A;Sí;N/A;N/A;N/A;N/A;N/A;N/A;N/A;N/A;N/A;N/A;N/A;N/A;N/A;N/A;N/A;N/A;N/A;N/A;N/A;N/A;N/A;N/A;N/A;N/A;N/A;N/A;N/A;N/A;N/A;N/A;N/A;N/A;N/A;Sí;Sí;Sí;N/A;Sí;N/A;N/A;N/A;N/A;Sí;Sí;N/A;Sí;N/A;N/A;N/A;Sí;Sí;Sí;Sí;Sí;N/A;N/A;Sí;N/A;Sí
Renault;"Kangoo Express";"Confort 1.6 16v Full";2020;"70500 km";;"FRENE-CAR AUTOMOVILES";15900;;;;;Maldonado;https://auto.mercadolibre.com.uy/MLU-697413520-renault-kangoo-express-confort-16-16v-full-_JM;N/A;;"Renault Kangoo Express Confort 1.6 16v Full";USD;Sí;gold_premium;false;N/A;N/A;http://perfil.mercadolibre.com.uy/FRENE-CAR+AUTOMOVILES;active;N/A;N/A;Usado;N/A;N/A;N/A;N/A;N/A;N/A;N/A;N/A;N/A;N/A;N/A;N/A;N/A;N/A;N/A;N/A;N/A;N/A;N/A;N/A;N/A;N/A;N/A;N/A;N/A;N/A;N/A;N/A;N/A;N/A;N/A;N/A;N/A;N/A;N/A;N/A;N/A;N/A;N/A;N/A;N/A;N/A;N/A;N/A;N/A;N/A;N/A;N/A;N/A;N/A;N/A;N/A;N/A;N/A;N/A;N/A;N/A;N/A;N/A;N/A;N/A;N/A;N/A;N/A;N/A;N/A;N/A;N/A;N/A;N/A;N/A;N/A;N/A;N/A;N/A;N/A;N/A;N/A;N/A;N/A;N/A;N/A;N/A;N/A;N/A;N/A;N/A;N/A;N/A;N/A;N/A;N/A;N/A;N/A;N/A;N/A;N/A;N/A;N/A;N/A;N/A;N/A;N/A;N/A;N/A;N/A;N/A;N/A;5;N/A;Nafta;N/A;N/A;"Autos y camionetas";N/A;N/A;N/A;N/A;N/A;N/A;N/A;N/A;N/A;N/A;N/A;N/A;N/A;N/A;N/A;N/A;N/A;N/A;N/A;N/A;N/A;N/A;N/A;N/A;N/A;N/A;N/A;N/A;N/A;N/A;N/A;N/A;N/A;N/A;N/A;N/A;N/A;N/A;N/A;N/A;N/A;N/A;N/A;N/A;N/A;N/A;N/A;N/A;N/A;N/A;N/A;N/A;N/A;N/A;N/A;N/A;N/A;N/A;N/A;N/A;N/A;N/A;N/A;N/A;N/A;N/A;N/A;N/A;N/A;N/A;N/A;N/A;N/A;N/A;N/A;N/A;N/A;N/A;N/A;N/A;N/A;N/A;N/A;N/A;N/A;N/A;N/A;N/A;N/A;N/A;N/A;N/A;N/A;N/A;N/A;N/A;N/A;N/A;N/A;N/A;N/A;N/A;N/A;N/A;N/A;N/A;N/A;N/A;N/A;N/A;N/A;N/A;N/A;N/A;N/A;N/A;N/A;N/A;N/A;N/A;N/A;N/A
Renault;Clio;"1.2 Authentique Pack";2006;"200000 km";;"IGNACIO BAYARRES";6500;;;;;"El Pinar";https://auto.mercadolibre.com.uy/MLU-703909986-renault-clio-12-authentique-pack-_JM;N/A;;"Renault Clio 1.2 Authentique Pack";usd;No;gold_premium;false;N/A;N/A;http://perfil.mercadolibre.com.uy/IGNACIO+BAYARRES;active;N/A;N/A;Usado;Azul;N/A;Hidráulica;Delantera;Sí;N/A;N/A;N/A;N/A;N/A;N/A;N/A;N/A;N/A;N/A;N/A;Sí;N/A;N/A;N/A;N/A;N/A;N/A;N/A;N/A;N/A;N/A;N/A;N/A;"2472 mm";"1.2 L";"50 L";5;N/A;N/A;N/A;N/A;N/A;N/A;N/A;N/A;N/A;N/A;N/A;N/A;N/A;N/A;N/A;N/A;N/A;N/A;N/A;N/A;N/A;N/A;N/A;N/A;N/A;N/A;N/A;N/A;N/A;N/A;N/A;N/A;N/A;N/A;N/A;N/A;N/A;N/A;N/A;N/A;N/A;N/A;N/A;N/A;N/A;"1435 mm";"3773 mm";N/A;N/A;N/A;N/A;5;"75 hp";Authentique;N/A;4;"1639 mm";N/A;N/A;N/A;N/A;Sí;N/A;N/A;N/A;N/A;N/A;N/A;N/A;N/A;N/A;N/A;N/A;N/A;N/A;5;1.2;Nafta;Manual;Hatchback;"Autos y camionetas";N/A;N/A;N/A;N/A;N/A;N/A;UY;N/A;N/A;N/A;N/A;N/A;N/A;N/A;N/A;N/A;N/A;N/A;N/A;N/A;N/A;N/A;N/A;N/A;N/A;N/A;N/A;N/A;N/A;N/A;N/A;N/A;N/A;N/A;N/A;N/A;N/A;N/A;N/A;N/A;N/A;N/A;N/A;N/A;N/A;N/A;N/A;N/A;N/A;N/A;N/A;N/A;N/A;N/A;N/A;N/A;N/A;N/A;N/A;N/A;N/A;N/A;N/A;N/A;N/A;N/A;N/A;N/A;N/A;N/A;N/A;N/A;N/A;N/A;N/A;N/A;N/A;N/A;N/A;N/A;N/A;N/A;N/A;N/A;N/A;N/A;N/A;N/A;N/A;N/A;N/A;N/A;N/A;N/A;N/A;N/A;N/A;N/A;N/A;N/A;N/A;N/A;N/A;N/A;N/A;N/A;N/A;N/A;N/A;N/A;N/A;N/A;Sí;N/A;N/A;N/A;N/A;N/A;N/A;N/A;N/A;N/A
Renault;Kwid;"1.0 Sce 66cv Intense";2023;"29000 km";;VINA8585834;7800;;;;;Buceo;https://auto.mercadolibre.com.uy/MLU-705946452-renault-kwid-intense-_JM;N/A;;"Renault Kwid Intense";usd;Sí;gold_premium;false;N/A;N/A;http://perfil.mercadolibre.com.uy/VINA8585834;active;N/A;N/A;Usado;Azul;N/A;N/A;Delantera;N/A;N/A;Sí;N/A;N/A;N/A;N/A;N/A;N/A;N/A;N/A;N/A;N/A;N/A;N/A;N/A;N/A;N/A;N/A;N/A;N/A;N/A;N/A;N/A;N/A;"2423 mm";"1 L";"50 L";5;N/A;N/A;N/A;N/A;N/A;N/A;N/A;N/A;N/A;N/A;N/A;N/A;N/A;N/A;N/A;N/A;N/A;N/A;N/A;N/A;N/A;N/A;N/A;N/A;N/A;N/A;N/A;N/A;N/A;N/A;N/A;N/A;N/A;N/A;N/A;N/A;N/A;N/A;N/A;N/A;N/A;N/A;N/A;N/A;N/A;"1474 mm";"3680 mm";N/A;N/A;N/A;N/A;5;"66 hp";Intense;N/A;4;"1752 mm";N/A;N/A;N/A;N/A;N/A;N/A;N/A;N/A;N/A;N/A;N/A;N/A;N/A;N/A;N/A;N/A;N/A;N/A;5;1.0;Nafta;Manual;Hatchback;"Autos y camionetas";N/A;N/A;N/A;N/A;N/A;N/A;UY;N/A;N/A;N/A;N/A;N/A;N/A;N/A;N/A;N/A;N/A;N/A;N/A;N/A;N/A;N/A;N/A;N/A;N/A;N/A;N/A;N/A;N/A;N/A;N/A;N/A;N/A;N/A;N/A;N/A;N/A;N/A;N/A;N/A;N/A;N/A;N/A;N/A;N/A;N/A;N/A;N/A;N/A;N/A;N/A;N/A;N/A;N/A;N/A;N/A;N/A;N/A;N/A;N/A;N/A;N/A;N/A;N/A;N/A;N/A;N/A;N/A;N/A;N/A;N/A;N/A;N/A;N/A;N/A;N/A;N/A;N/A;N/A;N/A;N/A;N/A;N/A;N/A;N/A;N/A;N/A;N/A;N/A;N/A;N/A;N/A;N/A;N/A;N/A;N/A;N/A;N/A;N/A;N/A;N/A;N/A;N/A;N/A;N/A;N/A;N/A;N/A;N/A;N/A;N/A;N/A;N/A;N/A;N/A;N/A;N/A;N/A;N/A;N/A;N/A;N/A
Renault;Duster;INTENSE;2022;"65047 km";;"GO SELECT";19900;;;;;Aguada;https://auto.mercadolibre.com.uy/MLU-693495726-renault-duster-intense-2022-gris-oscuro-muy-buen-estado-_JM;N/A;;"Renault Duster Intense 2022 Gris Oscuro Muy Buen Estado";usd;Sí;gold_premium;false;N/A;N/A;http://perfil.mercadolibre.com.uy/GO+SELECT;active;N/A;N/A;Usado;"Gris oscuro";Sí;Hidráulica;N/A;Sí;N/A;N/A;N/A;N/A;N/A;Sí;N/A;N/A;N/A;N/A;N/A;Sí;N/A;N/A;N/A;N/A;N/A;N/A;N/A;N/A;N/A;N/A;N/A;N/A;N/A;"1600 cc";N/A;N/A;N/A;N/A;N/A;N/A;N/A;N/A;N/A;N/A;N/A;N/A;N/A;N/A;N/A;N/A;N/A;N/A;N/A;N/A;N/A;N/A;N/A;N/A;N/A;N/A;N/A;N/A;N/A;N/A;N/A;N/A;N/A;N/A;N/A;N/A;N/A;N/A;N/A;N/A;N/A;N/A;N/A;N/A;N/A;N/A;N/A;N/A;N/A;N/A;N/A;N/A;N/A;N/A;N/A;Intens;N/A;N/A;N/A;N/A;N/A;N/A;N/A;N/A;N/A;N/A;N/A;N/A;N/A;N/A;N/A;N/A;N/A;N/A;N/A;Sí;"Lun. a Jue. de 9 a 18 hs. Vie. de 9 a 17 hs";5;1.6;Nafta;Automática;SUV;"Autos y camionetas";No;N/A;N/A;N/A;No;N/A;UY;No;Sí;No;No;N/A;N/A;N/A;N/A;N/A;N/A;N/A;N/A;N/A;N/A;N/A;N/A;N/A;N/A;N/A;N/A;N/A;N/A;N/A;N/A;N/A;N/A;N/A;N/A;N/A;N/A;N/A;N/A;N/A;N/A;N/A;N/A;N/A;N/A;N/A;N/A;N/A;N/A;N/A;N/A;N/A;N/A;N/A;N/A;N/A;N/A;N/A;N/A;N/A;N/A;N/A;No;N/A;N/A;N/A;N/A;N/A;N/A;N/A;N/A;N/A;N/A;N/A;N/A;N/A;N/A;N/A;N/A;N/A;N/A;N/A;N/A;N/A;N/A;N/A;N/A;N/A;N/A;N/A;N/A;N/A;N/A;N/A;N/A;N/A;Sí;N/A;N/A;N/A;Sí;N/A;Sí;N/A;N/A;Sí;N/A;N/A;N/A;N/A;N/A;N/A;N/A;N/A;Sí;N/A;Sí;N/A;N/A;N/A;N/A;N/A
Renault;Koleos;"2.5 Privilege 4x4 Cvt";2012;"196000 km";;LUISDUDOY;8500;;;;;Mercedes;https://auto.mercadolibre.com.uy/MLU-706007090-renault-koleos-25-privilege-4x4-cvt-_JM;N/A;;"Renault Koleos 2.5 Privilege 4x4 Cvt";usd;Sí;gold_premium;false;N/A;N/A;http://perfil.mercadolibre.com.uy/LUISDUDOY;active;N/A;N/A;Usado;Gris;No;Eléctrica;4x4;Sí;Sí;Sí;N/A;N/A;No;N/A;N/A;Sí;Sí;N/A;Sí;Sí;N/A;Sí;N/A;N/A;N/A;N/A;N/A;N/A;N/A;N/A;N/A;N/A;"2690 mm";"2.5 L";"65 L";6;N/A;N/A;N/A;N/A;N/A;No;N/A;N/A;N/A;Sí;N/A;N/A;N/A;N/A;N/A;N/A;N/A;N/A;N/A;N/A;N/A;N/A;N/A;N/A;N/A;N/A;N/A;N/A;N/A;No;N/A;N/A;N/A;Sí;Sí;Sí;N/A;N/A;N/A;N/A;N/A;N/A;N/A;N/A;N/A;"1695 mm";"4520 mm";N/A;N/A;N/A;N/A;5;"170 hp";Privilege;N/A;4;"1855 mm";"12.5 km/l";Sí;N/A;No;Sí;N/A;N/A;Sí;N/A;No;N/A;"8.3 km/l";No;Sí;N/A;N/A;Sí;"Todos los días de 8 hrs a 22 hs";5;2.5;Nafta;Automática;SUV;"Autos y camionetas";Sí;N/A;N/A;N/A;Sí;N/A;UY;N/A;Sí;N/A;Sí;N/A;N/A;N/A;N/A;N/A;N/A;N/A;N/A;N/A;N/A;N/A;N/A;N/A;No;N/A;N/A;N/A;N/A;N/A;N/A;N/A;N/A;N/A;N/A;N/A;N/A;N/A;N/A;N/A;N/A;N/A;N/A;No;N/A;N/A;N/A;N/A;N/A;N/A;N/A;N/A;N/A;N/A;N/A;N/A;N/A;N/A;N/A;N/A;N/A;No;Sí;N/A;N/A;N/A;N/A;N/A;N/A;N/A;N/A;N/A;N/A;N/A;N/A;N/A;N/A;N/A;N/A;N/A;N/A;N/A;N/A;N/A;N/A;N/A;N/A;N/A;N/A;N/A;N/A;N/A;N/A;N/A;N/A;No;Sí;Sí;Sí;N/A;Sí;N/A;N/A;N/A;N/A;Sí;Sí;No;Sí;N/A;N/A;No;Sí;Sí;Sí;Sí;Sí;Sí;Sí;Sí;N/A;Sí
Renault;"Duster Oroch";"2.0 Privilege";2021;"160000 km";;CHIQUITO2711;16900;;;;;Carrasco;https://auto.mercadolibre.com.uy/MLU-703062872-renault-oroch-2021-20-privilege-dta-iva--_JM;N/A;;"Renault Oroch 2021 2.0 Privilege Dta. Iva !!!";usd;Sí;gold_premium;false;N/A;N/A;http://perfil.mercadolibre.com.uy/CHIQUITO2711;active;N/A;N/A;Usado;N/A;N/A;N/A;4x2;Sí;N/A;N/A;N/A;N/A;N/A;N/A;N/A;N/A;N/A;N/A;N/A;N/A;N/A;N/A;N/A;N/A;N/A;N/A;N/A;N/A;N/A;N/A;N/A;N/A;"2829 mm";"2 L";"50 L";6;N/A;N/A;N/A;N/A;N/A;N/A;N/A;N/A;N/A;N/A;N/A;N/A;N/A;N/A;N/A;N/A;N/A;N/A;N/A;N/A;N/A;N/A;N/A;N/A;N/A;N/A;N/A;N/A;N/A;N/A;N/A;N/A;N/A;N/A;N/A;N/A;N/A;N/A;N/A;N/A;N/A;N/A;N/A;N/A;N/A;"1683 mm";"4329 mm";N/A;N/A;N/A;N/A;5;"143 hp";Privilege;N/A;4;"1821 mm";"10.8 km/l";N/A;N/A;N/A;N/A;N/A;N/A;N/A;N/A;N/A;N/A;N/A;N/A;N/A;N/A;N/A;N/A;N/A;5;2.0;Nafta;Manual;SUV;"Autos y camionetas";N/A;N/A;N/A;N/A;N/A;N/A;UY;N/A;N/A;N/A;N/A;N/A;N/A;N/A;N/A;N/A;N/A;N/A;N/A;N/A;N/A;N/A;N/A;N/A;N/A;N/A;N/A;N/A;N/A;N/A;N/A;N/A;N/A;N/A;N/A;N/A;N/A;N/A;N/A;N/A;N/A;N/A;N/A;N/A;N/A;N/A;N/A;N/A;N/A;N/A;N/A;N/A;N/A;N/A;N/A;N/A;N/A;N/A;N/A;N/A;N/A;N/A;N/A;N/A;N/A;N/A;N/A;N/A;N/A;N/A;N/A;N/A;N/A;N/A;N/A;N/A;N/A;N/A;N/A;N/A;N/A;N/A;N/A;N/A;N/A;N/A;N/A;N/A;N/A;N/A;N/A;N/A;N/A;N/A;N/A;N/A;N/A;N/A;N/A;N/A;N/A;N/A;N/A;N/A;N/A;N/A;N/A;N/A;N/A;N/A;N/A;N/A;N/A;N/A;N/A;N/A;N/A;N/A;N/A;N/A;N/A;N/A
Renault;Sandero;"2.0 Rs 145cv";2018;"78000 km";;AUTOMUNDO2020;17990;;;;;Malvin;https://auto.mercadolibre.com.uy/MLU-705940618-renault-sandero-2018-20-rs-145cv-_JM;N/A;;"Renault Sandero 2018 2.0 Rs 145cv";usd;Sí;gold_premium;false;N/A;N/A;http://perfil.mercadolibre.com.uy/AUTOMUNDO2020;active;N/A;N/A;Usado;N/A;N/A;Hidráulica;Delantera;Sí;N/A;Sí;N/A;N/A;Sí;N/A;N/A;N/A;N/A;N/A;N/A;N/A;N/A;N/A;N/A;N/A;N/A;N/A;N/A;N/A;N/A;N/A;N/A;N/A;"2590 mm";"2 L";"50 L";5;N/A;N/A;N/A;N/A;N/A;N/A;N/A;N/A;N/A;N/A;N/A;N/A;N/A;N/A;N/A;N/A;N/A;N/A;N/A;N/A;N/A;N/A;N/A;N/A;N/A;N/A;N/A;N/A;N/A;N/A;N/A;N/A;N/A;N/A;N/A;N/A;N/A;N/A;N/A;N/A;N/A;N/A;N/A;N/A;N/A;"1536 mm";"4060 mm";N/A;N/A;N/A;N/A;5;"105 hp";Rs;N/A;4;"1733 mm";"9.5 km/l";Sí;N/A;N/A;N/A;N/A;N/A;N/A;N/A;N/A;N/A;"5.7 km/l";N/A;N/A;N/A;N/A;N/A;N/A;5;2.0;Nafta;Manual;Hatchback;"Autos y camionetas";N/A;N/A;N/A;N/A;N/A;N/A;UY;N/A;N/A;N/A;N/A;N/A;N/A;N/A;N/A;N/A;N/A;N/A;N/A;N/A;N/A;N/A;N/A;N/A;N/A;N/A;N/A;N/A;N/A;N/A;N/A;N/A;N/A;N/A;N/A;N/A;N/A;N/A;N/A;N/A;N/A;N/A;N/A;N/A;N/A;N/A;N/A;N/A;N/A;N/A;N/A;N/A;N/A;N/A;N/A;N/A;N/A;N/A;N/A;N/A;N/A;N/A;N/A;N/A;N/A;N/A;N/A;N/A;N/A;N/A;N/A;N/A;N/A;N/A;N/A;N/A;N/A;N/A;N/A;N/A;N/A;N/A;N/A;N/A;N/A;N/A;N/A;N/A;N/A;N/A;N/A;N/A;N/A;N/A;N/A;N/A;N/A;N/A;N/A;N/A;N/A;N/A;N/A;N/A;N/A;N/A;N/A;N/A;N/A;N/A;N/A;N/A;N/A;N/A;N/A;N/A;N/A;Sí;N/A;N/A;N/A;N/A
Renault;Kwid;Life;2021;"39000 km";;"VIPERCAR AUTOMOVILES_4";12290;;;;;"Brazo Oriental";https://auto.mercadolibre.com.uy/MLU-698686774-renault-kwid-life-10-2021-impecable-_JM;N/A;;"Renault Kwid Life 1.0 2021 Impecable!";USD;Sí;gold_premium;false;N/A;N/A;http://perfil.mercadolibre.com.uy/VIPERCAR+AUTOMOVILES_4;active;N/A;N/A;Usado;Plateado;N/A;Eléctrica;N/A;Sí;N/A;N/A;N/A;N/A;N/A;N/A;N/A;N/A;N/A;Sí;N/A;N/A;N/A;N/A;N/A;N/A;N/A;N/A;N/A;N/A;N/A;N/A;N/A;N/A;N/A;"1000 cc";N/A;5;N/A;N/A;N/A;N/A;N/A;N/A;N/A;N/A;N/A;N/A;N/A;N/A;N/A;N/A;N/A;N/A;N/A;N/A;N/A;N/A;N/A;N/A;N/A;N/A;N/A;Sí;N/A;N/A;N/A;N/A;N/A;N/A;N/A;N/A;N/A;N/A;N/A;N/A;N/A;N/A;N/A;N/A;N/A;N/A;N/A;N/A;N/A;N/A;N/A;N/A;N/A;N/A;N/A;Life;N/A;N/A;N/A;N/A;N/A;N/A;N/A;N/A;N/A;N/A;N/A;N/A;N/A;N/A;N/A;N/A;N/A;N/A;N/A;N/A;"Lun a Vie de 9 a 12:30 y de 13:30 a 19. Sáb de 9 a 13 hs.";5;1.0;Nafta;Manual;Hatchback;"Autos y camionetas";No;N/A;N/A;N/A;No;N/A;N/A;No;Sí;No;No;N/A;N/A;N/A;N/A;N/A;N/A;N/A;N/A;N/A;N/A;N/A;N/A;N/A;N/A;N/A;N/A;N/A;N/A;N/A;N/A;N/A;N/A;N/A;N/A;N/A;N/A;N/A;N/A;N/A;N/A;N/A;N/A;N/A;N/A;N/A;N/A;N/A;N/A;N/A;N/A;N/A;N/A;N/A;N/A;N/A;N/A;N/A;N/A;N/A;N/A;N/A;No;N/A;N/A;N/A;N/A;N/A;N/A;N/A;N/A;N/A;N/A;N/A;N/A;N/A;N/A;N/A;N/A;N/A;N/A;N/A;N/A;N/A;N/A;N/A;N/A;N/A;N/A;N/A;N/A;N/A;N/A;N/A;N/A;N/A;Sí;N/A;N/A;N/A;Sí;N/A;N/A;N/A;N/A;Sí;N/A;N/A;N/A;N/A;N/A;N/A;N/A;N/A;Sí;N/A;Sí;N/A;N/A;Sí;Sí;N/A
Renault;Duster;"2.0 4x4 Tech Road 138cv";2014;"137000 km";;"FULL PLACK";12800;;;;;Capurro;https://auto.mercadolibre.com.uy/MLU-702783086-renault-duster-2014-20-4x4-tech-road-138cv-_JM;N/A;;"Renault Duster 2014 2.0 4x4 Tech Road 138cv";usd;Sí;gold_premium;false;N/A;N/A;http://perfil.mercadolibre.com.uy/FULL+PLACK;active;N/A;N/A;Usado;N/A;N/A;Hidráulica;4x4;N/A;N/A;Sí;N/A;N/A;N/A;N/A;N/A;N/A;N/A;N/A;N/A;N/A;N/A;N/A;N/A;N/A;N/A;N/A;N/A;N/A;N/A;N/A;N/A;N/A;"2673 mm";"2 L";"50 L";6;N/A;N/A;N/A;N/A;N/A;N/A;N/A;N/A;N/A;N/A;N/A;N/A;N/A;N/A;N/A;N/A;N/A;N/A;N/A;N/A;N/A;N/A;N/A;N/A;N/A;N/A;N/A;N/A;N/A;N/A;N/A;N/A;N/A;Sí;Sí;N/A;N/A;N/A;N/A;N/A;N/A;N/A;N/A;N/A;N/A;"1695 mm";"4315 mm";N/A;N/A;N/A;N/A;5;"138 hp";"Tech Road";N/A;4;"1822 mm";"10.2 km/l";N/A;N/A;N/A;Sí;N/A;N/A;Sí;N/A;N/A;N/A;N/A;N/A;N/A;N/A;N/A;N/A;N/A;5;2.0;Nafta;Manual;SUV;"Autos y camionetas";N/A;N/A;N/A;N/A;N/A;N/A;UY;N/A;N/A;N/A;N/A;N/A;N/A;N/A;N/A;N/A;N/A;N/A;N/A;N/A;N/A;N/A;N/A;N/A;N/A;N/A;N/A;N/A;N/A;N/A;N/A;N/A;N/A;N/A;N/A;N/A;N/A;N/A;N/A;N/A;N/A;N/A;N/A;N/A;N/A;N/A;N/A;N/A;N/A;N/A;N/A;N/A;N/A;N/A;N/A;N/A;N/A;N/A;N/A;N/A;N/A;N/A;N/A;N/A;N/A;N/A;N/A;N/A;N/A;N/A;N/A;N/A;N/A;N/A;N/A;N/A;N/A;N/A;N/A;N/A;N/A;N/A;N/A;N/A;N/A;N/A;N/A;N/A;N/A;N/A;N/A;N/A;N/A;N/A;N/A;N/A;N/A;N/A;N/A;N/A;N/A;N/A;N/A;N/A;N/A;N/A;N/A;N/A;N/A;N/A;N/A;N/A;Sí;N/A;N/A;N/A;N/A;N/A;N/A;N/A;N/A;N/A
Renault;Master;"2.3 L2h2 Furgón";2024;"0 km";;FACIL.CAR;48890;;;;;Centro;https://auto.mercadolibre.com.uy/MLU-704229232-renault-master-23-l2h2-furgon-2024-0km-_JM;N/A;;"Renault Master 2.3 L2h2 Furgón 2024 0km";usd;Sí;gold_premium;false;N/A;N/A;http://perfil.mercadolibre.com.uy/FACIL.CAR;active;N/A;N/A;Nuevo;Blanco;N/A;Asistida;N/A;Sí;Sí;Sí;N/A;N/A;N/A;N/A;N/A;N/A;N/A;N/A;N/A;Sí;N/A;N/A;N/A;N/A;N/A;N/A;N/A;N/A;N/A;N/A;N/A;N/A;N/A;N/A;N/A;6;N/A;N/A;N/A;N/A;N/A;N/A;N/A;N/A;N/A;N/A;N/A;N/A;N/A;N/A;N/A;N/A;N/A;N/A;N/A;N/A;N/A;N/A;N/A;N/A;N/A;N/A;N/A;N/A;N/A;N/A;N/A;N/A;N/A;N/A;N/A;N/A;N/A;N/A;N/A;N/A;N/A;N/A;N/A;N/A;N/A;N/A;N/A;N/A;N/A;N/A;N/A;N/A;N/A;2.3;N/A;N/A;N/A;N/A;N/A;N/A;N/A;N/A;N/A;N/A;Sí;N/A;N/A;N/A;N/A;N/A;N/A;N/A;N/A;N/A;"Lunes a Viernes de 9:00 a 18:30 horas";3;N/A;Diésel;Manual;Furgón;"Autos y camionetas";No;N/A;N/A;N/A;No;N/A;UY;No;Sí;No;No;N/A;N/A;N/A;N/A;N/A;N/A;N/A;N/A;N/A;N/A;N/A;N/A;N/A;N/A;N/A;N/A;N/A;N/A;N/A;N/A;N/A;N/A;N/A;N/A;N/A;N/A;N/A;N/A;N/A;N/A;N/A;N/A;Sí;N/A;N/A;N/A;N/A;N/A;N/A;N/A;N/A;N/A;N/A;N/A;N/A;N/A;N/A;N/A;N/A;N/A;Sí;No;N/A;N/A;N/A;N/A;N/A;N/A;N/A;N/A;N/A;N/A;N/A;N/A;N/A;N/A;N/A;N/A;N/A;N/A;N/A;N/A;N/A;N/A;N/A;N/A;N/A;N/A;N/A;N/A;N/A;N/A;N/A;N/A;N/A;N/A;N/A;N/A;N/A;Sí;N/A;Sí;N/A;Sí;N/A;N/A;N/A;N/A;N/A;N/A;N/A;N/A;N/A;Sí;N/A;Sí;N/A;N/A;N/A;N/A;N/A
Renault;"Nuevo Sandero Zen 1.0";"Zen 1.0";2022;"50600 km";;WILLYLUCAS;13500;;;;;"Capitan Artigas ex. B.Blancos";https://auto.mercadolibre.com.uy/MLU-704227550-renault-nuevo-sandero-zen-10-ano-2022-_JM;N/A;;"Renault Nuevo Sandero Zen 1.0 Año 2022";usd;Sí;gold_premium;false;N/A;N/A;http://perfil.mercadolibre.com.uy/WILLYLUCAS;active;N/A;N/A;Usado;Gris;N/A;Asistida;Delantera;Sí;Sí;Sí;N/A;N/A;N/A;N/A;N/A;N/A;N/A;N/A;Sí;Sí;N/A;Sí;N/A;N/A;N/A;N/A;N/A;N/A;N/A;N/A;N/A;N/A;"2590 mm";"1 L";"50 L";5;N/A;N/A;N/A;N/A;N/A;N/A;N/A;N/A;N/A;N/A;N/A;N/A;N/A;N/A;N/A;N/A;N/A;N/A;N/A;N/A;N/A;N/A;N/A;N/A;N/A;N/A;N/A;N/A;N/A;N/A;N/A;N/A;N/A;Sí;Sí;Sí;N/A;N/A;N/A;N/A;N/A;N/A;N/A;N/A;N/A;"1559 mm";"4066 mm";N/A;N/A;N/A;N/A;5;"66 hp";Zen;N/A;4;"1761 mm";"9.3 km/l";Sí;N/A;N/A;Sí;N/A;Sí;Sí;N/A;N/A;N/A;"5.9 km/l";N/A;N/A;N/A;N/A;Sí;"Todos los dias hasta las 20.00 hs";5;"1000 C,C";Nafta;Manual;Hatchback;"Autos y camionetas";N/A;N/A;N/A;N/A;N/A;N/A;UY;N/A;N/A;N/A;N/A;N/A;N/A;N/A;N/A;N/A;N/A;N/A;N/A;N/A;N/A;N/A;N/A;N/A;N/A;N/A;N/A;N/A;N/A;N/A;N/A;N/A;N/A;N/A;N/A;N/A;N/A;N/A;N/A;N/A;N/A;N/A;N/A;N/A;N/A;N/A;N/A;N/A;N/A;N/A;N/A;N/A;N/A;N/A;N/A;N/A;N/A;N/A;N/A;N/A;N/A;N/A;N/A;N/A;N/A;N/A;N/A;N/A;N/A;N/A;N/A;N/A;N/A;N/A;N/A;N/A;N/A;N/A;N/A;N/A;N/A;N/A;N/A;N/A;N/A;N/A;N/A;N/A;N/A;N/A;N/A;N/A;N/A;N/A;N/A;N/A;Sí;Sí;N/A;N/A;Sí;N/A;N/A;N/A;N/A;Sí;N/A;N/A;N/A;N/A;N/A;N/A;Sí;N/A;N/A;N/A;N/A;N/A;N/A;N/A;N/A;N/A
Renault;Duster;INTENSE;2021;"89081 km";;"GO SELECT";18900;;;;;Aguada;https://auto.mercadolibre.com.uy/MLU-703211812-renault-duster-intense-2021-blanco-muy-buen-estado-_JM;N/A;;"Renault Duster Intense 2021 Blanco Muy Buen Estado";usd;Sí;gold_premium;false;N/A;N/A;http://perfil.mercadolibre.com.uy/GO+SELECT;active;N/A;N/A;Usado;Blanco;Sí;Hidráulica;N/A;Sí;N/A;N/A;N/A;N/A;N/A;Sí;N/A;N/A;N/A;N/A;N/A;Sí;N/A;N/A;N/A;N/A;N/A;N/A;N/A;N/A;N/A;N/A;N/A;N/A;N/A;"1600 cc";N/A;N/A;N/A;N/A;N/A;N/A;N/A;N/A;N/A;N/A;N/A;N/A;N/A;N/A;N/A;N/A;N/A;N/A;N/A;N/A;N/A;N/A;N/A;N/A;N/A;N/A;N/A;N/A;N/A;N/A;N/A;N/A;N/A;N/A;N/A;N/A;N/A;N/A;N/A;N/A;N/A;N/A;N/A;N/A;N/A;N/A;N/A;N/A;N/A;N/A;N/A;N/A;N/A;N/A;N/A;Intens;N/A;N/A;N/A;N/A;N/A;N/A;N/A;N/A;N/A;N/A;N/A;N/A;N/A;N/A;N/A;N/A;N/A;N/A;N/A;Sí;"Lun. a Jue. de 9 a 18 hs. Vie. de 9 a 17 hs";5;1.6;Nafta;Automática;SUV;"Autos y camionetas";No;N/A;N/A;N/A;No;N/A;UY;No;Sí;No;No;N/A;N/A;N/A;N/A;N/A;N/A;N/A;N/A;N/A;N/A;N/A;N/A;N/A;N/A;N/A;N/A;N/A;N/A;N/A;N/A;N/A;N/A;N/A;N/A;N/A;N/A;N/A;N/A;N/A;N/A;N/A;N/A;N/A;N/A;N/A;N/A;N/A;N/A;N/A;N/A;N/A;N/A;N/A;N/A;N/A;N/A;N/A;N/A;N/A;N/A;N/A;No;N/A;N/A;N/A;N/A;N/A;N/A;N/A;N/A;N/A;N/A;N/A;N/A;N/A;N/A;N/A;N/A;N/A;N/A;N/A;N/A;N/A;N/A;N/A;N/A;N/A;N/A;N/A;N/A;N/A;Sí;N/A;N/A;N/A;Sí;N/A;N/A;N/A;Sí;N/A;Sí;N/A;N/A;Sí;N/A;N/A;N/A;N/A;N/A;N/A;N/A;N/A;Sí;N/A;Sí;N/A;N/A;N/A;N/A;N/A
Renault;Oroch;"Privilege 2.0";2021;"78000 km";;FECA2278491;21000;;;;;"Punta Carretas";https://auto.mercadolibre.com.uy/MLU-647417743-renault-oroch-privilege-20-_JM;N/A;;"Renault Oroch Privilege 2.0";USD;Sí;gold_premium;false;N/A;N/A;http://perfil.mercadolibre.com.uy/FECA2278491;active;N/A;N/A;Usado;N/A;N/A;N/A;N/A;N/A;N/A;N/A;N/A;N/A;N/A;N/A;N/A;N/A;N/A;N/A;N/A;N/A;N/A;N/A;N/A;N/A;N/A;N/A;N/A;N/A;N/A;N/A;N/A;N/A;N/A;N/A;N/A;N/A;N/A;N/A;N/A;N/A;N/A;N/A;N/A;N/A;N/A;N/A;N/A;N/A;N/A;N/A;N/A;N/A;N/A;N/A;N/A;N/A;N/A;N/A;N/A;N/A;N/A;N/A;N/A;N/A;N/A;N/A;N/A;N/A;N/A;N/A;N/A;N/A;N/A;N/A;N/A;N/A;N/A;N/A;N/A;N/A;N/A;N/A;N/A;N/A;N/A;N/A;N/A;N/A;N/A;N/A;N/A;N/A;N/A;N/A;N/A;N/A;N/A;N/A;N/A;N/A;N/A;N/A;N/A;N/A;N/A;N/A;N/A;N/A;N/A;N/A;N/A;4;N/A;Nafta;N/A;N/A;"Autos y camionetas";N/A;N/A;N/A;N/A;N/A;N/A;N/A;N/A;N/A;N/A;N/A;N/A;N/A;N/A;N/A;N/A;N/A;N/A;N/A;N/A;N/A;N/A;N/A;N/A;N/A;N/A;N/A;N/A;N/A;N/A;N/A;N/A;N/A;N/A;N/A;N/A;N/A;N/A;N/A;N/A;N/A;N/A;N/A;N/A;N/A;N/A;N/A;N/A;N/A;N/A;N/A;N/A;N/A;N/A;N/A;N/A;N/A;N/A;N/A;N/A;N/A;N/A;N/A;N/A;N/A;N/A;N/A;N/A;N/A;N/A;N/A;N/A;N/A;N/A;N/A;N/A;N/A;N/A;N/A;N/A;N/A;N/A;N/A;N/A;N/A;N/A;N/A;N/A;N/A;N/A;N/A;N/A;N/A;N/A;N/A;N/A;N/A;N/A;N/A;N/A;N/A;N/A;N/A;N/A;N/A;N/A;N/A;N/A;N/A;N/A;N/A;N/A;N/A;N/A;N/A;N/A;N/A;N/A;N/A;N/A;N/A;N/A
Renault;Kwid;"1.0 Sce 66cv Zen";2019;"56300 km";;DAMINCORMARRERO;11300;;;;;Cordón;https://auto.mercadolibre.com.uy/MLU-705200062-renault-kwid-10-sce-66cv-zen-_JM;N/A;;"Renault Kwid 1.0 Sce 66cv Zen";usd;Sí;gold_premium;false;N/A;N/A;http://perfil.mercadolibre.com.uy/DAMINCORMARRERO;active;N/A;N/A;Usado;Blanco;No;Hidráulica;Delantera;Sí;Sí;Sí;N/A;N/A;No;N/A;N/A;N/A;N/A;N/A;No;Sí;N/A;No;N/A;N/A;N/A;N/A;N/A;N/A;N/A;N/A;N/A;N/A;"2423 mm";"1 L";"50 L";5;N/A;N/A;N/A;N/A;N/A;No;N/A;N/A;N/A;N/A;N/A;N/A;N/A;N/A;N/A;N/A;N/A;N/A;N/A;N/A;N/A;N/A;N/A;N/A;N/A;N/A;N/A;N/A;N/A;N/A;N/A;N/A;N/A;N/A;N/A;N/A;N/A;N/A;N/A;N/A;N/A;N/A;N/A;N/A;N/A;"1474 mm";"3680 mm";N/A;N/A;N/A;N/A;5;"66 hp";Zen;N/A;4;"1752 mm";N/A;No;N/A;N/A;No;N/A;Sí;Sí;N/A;N/A;N/A;N/A;Sí;N/A;N/A;N/A;N/A;N/A;5;1.0;Nafta;Manual;Hatchback;"Autos y camionetas";N/A;N/A;N/A;N/A;N/A;N/A;UY;N/A;N/A;N/A;N/A;N/A;N/A;N/A;N/A;N/A;N/A;N/A;N/A;N/A;N/A;N/A;N/A;N/A;Sí;N/A;N/A;N/A;N/A;N/A;N/A;N/A;N/A;N/A;N/A;N/A;N/A;N/A;N/A;N/A;N/A;N/A;N/A;N/A;N/A;N/A;N/A;N/A;N/A;N/A;N/A;N/A;N/A;N/A;N/A;N/A;N/A;N/A;N/A;N/A;N/A;N/A;N/A;N/A;N/A;N/A;N/A;N/A;N/A;N/A;N/A;N/A;N/A;N/A;N/A;N/A;N/A;N/A;N/A;N/A;N/A;N/A;N/A;N/A;N/A;N/A;N/A;N/A;N/A;N/A;N/A;N/A;N/A;N/A;N/A;No;Sí;No;N/A;N/A;Sí;N/A;N/A;N/A;N/A;Sí;No;No;Sí;N/A;N/A;N/A;No;N/A;N/A;N/A;N/A;N/A;N/A;N/A;N/A;N/A
Renault;Duster;"2.0 4x4 Luxe 138cv";2013;"165000 km";;MEJO8559880;11990;;;;;Malvin;https://auto.mercadolibre.com.uy/MLU-702488760-renault-duster-20-4x4-luxe-138cv-_JM;N/A;;"Renault Duster 2.0 4x4 Luxe 138cv";usd;Sí;gold_premium;false;N/A;N/A;http://perfil.mercadolibre.com.uy/MEJO8559880;active;N/A;N/A;Usado;Plateado;N/A;Hidráulica;4x4;N/A;N/A;Sí;N/A;N/A;N/A;N/A;N/A;N/A;N/A;N/A;N/A;N/A;N/A;N/A;N/A;N/A;N/A;N/A;N/A;N/A;N/A;N/A;N/A;N/A;"2673 mm";"2 L";"50 L";6;N/A;N/A;N/A;N/A;N/A;N/A;N/A;N/A;N/A;N/A;N/A;N/A;N/A;N/A;N/A;N/A;N/A;N/A;N/A;N/A;N/A;N/A;N/A;N/A;N/A;N/A;N/A;N/A;N/A;N/A;N/A;N/A;N/A;Sí;Sí;N/A;N/A;N/A;N/A;N/A;N/A;N/A;N/A;N/A;N/A;"1695 mm";"4315 mm";N/A;N/A;N/A;N/A;5;"138 hp";Luxe;N/A;4;"1822 mm";"10.2 km/l";N/A;N/A;N/A;Sí;N/A;N/A;Sí;N/A;N/A;N/A;N/A;N/A;N/A;N/A;N/A;N/A;N/A;5;2.0;Nafta;Manual;SUV;"Autos y camionetas";N/A;N/A;N/A;N/A;N/A;N/A;UY;N/A;N/A;N/A;N/A;N/A;N/A;N/A;N/A;N/A;N/A;N/A;N/A;N/A;N/A;N/A;N/A;N/A;N/A;N/A;N/A;N/A;N/A;N/A;N/A;N/A;N/A;N/A;N/A;N/A;N/A;N/A;N/A;N/A;N/A;N/A;N/A;N/A;N/A;N/A;N/A;N/A;N/A;N/A;N/A;N/A;N/A;N/A;N/A;N/A;N/A;N/A;N/A;N/A;N/A;N/A;N/A;N/A;N/A;N/A;N/A;N/A;N/A;N/A;N/A;N/A;N/A;N/A;N/A;N/A;N/A;N/A;N/A;N/A;N/A;N/A;N/A;N/A;N/A;N/A;N/A;N/A;N/A;N/A;N/A;N/A;N/A;N/A;N/A;N/A;N/A;N/A;N/A;N/A;N/A;N/A;N/A;N/A;N/A;N/A;N/A;N/A;N/A;N/A;N/A;N/A;Sí;N/A;N/A;N/A;N/A;N/A;N/A;N/A;N/A;N/A
Renault;"Duster Oroch";Dynamique;2018;"100235 km";;COSTAAUTOS;17800;;;;;Lagomar;https://auto.mercadolibre.com.uy/MLU-697740204-renault-oroch-dynamique-20-2018-impecable-costa-autos-_JM;N/A;;"Renault Oroch Dynamique 2.0 2018 Impecable! - Costa Autos";usd;Sí;gold_premium;false;N/A;N/A;http://perfil.mercadolibre.com.uy/COSTAAUTOS;active;N/A;N/A;Usado;Plateado;Sí;Hidráulica;N/A;Sí;N/A;Sí;N/A;N/A;N/A;Sí;Sí;N/A;N/A;Sí;N/A;Sí;N/A;N/A;N/A;N/A;N/A;N/A;N/A;N/A;N/A;N/A;N/A;N/A;N/A;"2000 cc";N/A;5;N/A;N/A;Sí;N/A;Sí;Sí;Sí;N/A;N/A;N/A;N/A;N/A;N/A;N/A;N/A;N/A;N/A;N/A;N/A;N/A;N/A;N/A;N/A;Sí;N/A;Sí;N/A;N/A;N/A;N/A;N/A;N/A;N/A;N/A;N/A;N/A;N/A;N/A;N/A;N/A;N/A;N/A;Sí;N/A;N/A;N/A;N/A;N/A;N/A;N/A;N/A;N/A;N/A;Dynamique;N/A;N/A;N/A;N/A;N/A;N/A;N/A;Sí;N/A;Sí;Sí;N/A;N/A;N/A;N/A;N/A;N/A;Sí;Sí;N/A;"Lun. a Vie. 9:30 a 13 y 14 a 19 hs. Sáb. 9:30 a 13:30 hs.";5;2.0;Nafta;Manual;Pick-Up;"Autos y camionetas";No;N/A;N/A;N/A;No;N/A;UY;No;Sí;No;No;N/A;N/A;N/A;N/A;N/A;N/A;N/A;N/A;N/A;N/A;N/A;N/A;N/A;N/A;N/A;N/A;N/A;N/A;N/A;N/A;N/A;N/A;N/A;N/A;N/A;N/A;N/A;N/A;N/A;N/A;N/A;N/A;N/A;N/A;N/A;N/A;N/A;N/A;N/A;N/A;N/A;N/A;N/A;N/A;N/A;N/A;N/A;N/A;N/A;N/A;N/A;No;N/A;N/A;N/A;N/A;N/A;N/A;N/A;N/A;N/A;N/A;N/A;N/A;N/A;N/A;N/A;N/A;N/A;N/A;N/A;N/A;N/A;N/A;N/A;N/A;N/A;N/A;N/A;N/A;N/A;N/A;N/A;N/A;N/A;Sí;Sí;Sí;N/A;Sí;N/A;N/A;N/A;N/A;Sí;N/A;N/A;N/A;N/A;Sí;N/A;N/A;N/A;N/A;Sí;Sí;N/A;N/A;Sí;N/A;Sí
Renault;Kwid;"1.0 Sce 66cv Zen";2020;"26000 km";;"ABR VENTAS";11500;;;;;Malvin;https://auto.mercadolibre.com.uy/MLU-706174636-renault-kwid-zen-10-ano-2020-usado-plateado-igual-a-0km-_JM;N/A;;"Renault Kwid Zen 1.0 Año 2020 Usado Plateado Igual A 0km";usd;Sí;gold_premium;false;N/A;N/A;http://perfil.mercadolibre.com.uy/ABR+VENTAS;active;N/A;N/A;Usado;Plateado;No;N/A;Delantera;Sí;Sí;Sí;N/A;N/A;No;N/A;N/A;No;N/A;N/A;No;Sí;N/A;Sí;N/A;N/A;N/A;N/A;N/A;N/A;N/A;N/A;N/A;N/A;"2423 mm";"1 L";"50 L";5;N/A;N/A;N/A;N/A;N/A;No;N/A;N/A;N/A;N/A;N/A;N/A;N/A;N/A;N/A;N/A;N/A;N/A;N/A;N/A;N/A;N/A;N/A;N/A;N/A;N/A;N/A;N/A;N/A;No;N/A;N/A;N/A;N/A;N/A;N/A;N/A;N/A;N/A;N/A;N/A;N/A;N/A;N/A;N/A;"1474 mm";"3680 mm";N/A;N/A;N/A;N/A;5;"66 hp";Zen;N/A;4;"1752 mm";N/A;No;N/A;No;Sí;N/A;Sí;Sí;N/A;No;N/A;N/A;No;No;N/A;N/A;Sí;"Todo el dia";5;1.0;Nafta;Manual;Hatchback;"Autos y camionetas";Sí;N/A;N/A;N/A;Sí;N/A;UY;N/A;Sí;N/A;Sí;N/A;N/A;N/A;N/A;N/A;N/A;N/A;N/A;N/A;N/A;N/A;N/A;N/A;No;N/A;N/A;N/A;N/A;N/A;N/A;N/A;N/A;N/A;N/A;N/A;N/A;N/A;N/A;N/A;N/A;N/A;N/A;No;N/A;N/A;N/A;N/A;N/A;N/A;N/A;N/A;N/A;N/A;N/A;N/A;N/A;N/A;N/A;N/A;N/A;Sí;Sí;N/A;N/A;N/A;N/A;N/A;N/A;N/A;N/A;N/A;N/A;N/A;N/A;N/A;N/A;N/A;N/A;N/A;N/A;N/A;N/A;N/A;N/A;N/A;N/A;N/A;N/A;N/A;N/A;N/A;N/A;N/A;N/A;No;Sí;No;No;N/A;Sí;N/A;N/A;N/A;N/A;Sí;No;Sí;Sí;N/A;N/A;No;No;Sí;Sí;Sí;Sí;Sí;No;Sí;N/A;Sí
Renault;"Sandero Stepway";"1.6 Intens Cvt";2020;"40000 km";;NUDI7059907;16990;;;;;Malvin;https://auto.mercadolibre.com.uy/MLU-704810466-renault-sandero-stepway-16-intens-cvt-_JM;N/A;;"Renault Sandero Stepway 1.6 Intens Cvt";usd;Sí;gold_premium;false;N/A;N/A;http://perfil.mercadolibre.com.uy/NUDI7059907;active;N/A;N/A;Usado;Gris;Sí;Hidráulica;Delantera;Sí;Sí;Sí;N/A;N/A;Sí;N/A;N/A;Sí;N/A;N/A;Sí;Sí;N/A;Sí;N/A;N/A;N/A;N/A;N/A;N/A;N/A;N/A;N/A;N/A;"2590 mm";"1.6 L";"50 L";6;N/A;N/A;N/A;N/A;N/A;Sí;N/A;N/A;N/A;N/A;N/A;N/A;N/A;N/A;N/A;N/A;N/A;N/A;N/A;N/A;N/A;N/A;N/A;N/A;N/A;N/A;N/A;N/A;N/A;Sí;N/A;N/A;N/A;N/A;N/A;N/A;N/A;N/A;N/A;N/A;N/A;N/A;N/A;N/A;N/A;"1559 mm";"4066 mm";N/A;N/A;N/A;N/A;5;"105 hp";Cvt;N/A;4;"1761 mm";"9.3 km/l";Sí;N/A;No;Sí;N/A;Sí;Sí;N/A;No;N/A;"5.9 km/l";Sí;Sí;N/A;N/A;Sí;N/A;5;1.6;Nafta;Automática;Hatchback;"Autos y camionetas";Sí;N/A;N/A;N/A;Sí;N/A;UY;N/A;Sí;N/A;Sí;N/A;N/A;N/A;N/A;N/A;N/A;N/A;N/A;N/A;N/A;N/A;N/A;N/A;Sí;N/A;N/A;N/A;N/A;N/A;N/A;N/A;N/A;N/A;N/A;N/A;N/A;N/A;N/A;N/A;N/A;N/A;N/A;N/A;N/A;N/A;N/A;N/A;N/A;N/A;N/A;N/A;N/A;N/A;N/A;N/A;N/A;N/A;N/A;N/A;N/A;N/A;Sí;N/A;N/A;N/A;N/A;N/A;N/A;N/A;N/A;N/A;N/A;N/A;N/A;N/A;N/A;N/A;N/A;N/A;N/A;N/A;N/A;N/A;N/A;N/A;N/A;N/A;N/A;N/A;N/A;N/A;N/A;N/A;N/A;No;Sí;Sí;Sí;N/A;Sí;N/A;N/A;N/A;N/A;Sí;No;Sí;Sí;N/A;N/A;Sí;Sí;Sí;Sí;Sí;Sí;No;No;No;N/A;Sí
Renault;"Duster Oroch";"2.0 Privilege";2020;"92000 km";;CHELOGAR1977;16900;;;;;"Rafael Perazza";https://auto.mercadolibre.com.uy/MLU-703926528-renault-duster-oroch-2020-20-privilege-_JM;N/A;;"Renault Duster Oroch 2020 2.0 Privilege";usd;Sí;gold_premium;false;N/A;N/A;http://perfil.mercadolibre.com.uy/CHELOGAR1977;active;N/A;N/A;Usado;N/A;N/A;N/A;4x2;Sí;N/A;N/A;N/A;N/A;N/A;N/A;N/A;N/A;N/A;N/A;N/A;N/A;N/A;N/A;N/A;N/A;N/A;N/A;N/A;N/A;N/A;N/A;N/A;N/A;"2829 mm";"2 L";"50 L";6;N/A;N/A;N/A;N/A;N/A;N/A;N/A;N/A;N/A;N/A;N/A;N/A;N/A;N/A;N/A;N/A;N/A;N/A;N/A;N/A;N/A;N/A;N/A;N/A;N/A;N/A;N/A;N/A;N/A;N/A;N/A;N/A;N/A;N/A;N/A;N/A;N/A;N/A;N/A;N/A;N/A;N/A;N/A;N/A;N/A;"1683 mm";"4329 mm";N/A;N/A;N/A;N/A;5;"143 hp";Privilege;N/A;4;"1821 mm";"10.8 km/l";N/A;N/A;N/A;N/A;N/A;N/A;N/A;N/A;N/A;N/A;N/A;N/A;N/A;N/A;N/A;N/A;N/A;5;2.0;Nafta;Manual;SUV;"Autos y camionetas";N/A;N/A;N/A;N/A;N/A;N/A;UY;N/A;N/A;N/A;N/A;N/A;N/A;N/A;N/A;N/A;N/A;N/A;N/A;N/A;N/A;N/A;N/A;N/A;N/A;N/A;N/A;N/A;N/A;N/A;N/A;N/A;N/A;N/A;N/A;N/A;N/A;N/A;N/A;N/A;N/A;N/A;N/A;N/A;N/A;N/A;N/A;N/A;N/A;N/A;N/A;N/A;N/A;N/A;N/A;N/A;N/A;N/A;N/A;N/A;N/A;N/A;N/A;N/A;N/A;N/A;N/A;N/A;N/A;N/A;N/A;N/A;N/A;N/A;N/A;N/A;N/A;N/A;N/A;N/A;N/A;N/A;N/A;N/A;N/A;N/A;N/A;N/A;N/A;N/A;N/A;N/A;N/A;N/A;N/A;N/A;N/A;N/A;N/A;N/A;N/A;N/A;N/A;N/A;N/A;N/A;N/A;N/A;N/A;N/A;N/A;N/A;N/A;N/A;N/A;N/A;N/A;N/A;N/A;N/A;N/A;N/A
Renault;Captur;"0.9 Tce90 Expression";2017;"80000 km";;LOMI7190117;17400;;;;;"Aires Puros";https://auto.mercadolibre.com.uy/MLU-706135724-renault-captur-2017-09-tce90-expression-_JM;N/A;;"Renault Captur 2017 0.9 Tce90 Expression";usd;Sí;gold_premium;false;N/A;N/A;http://perfil.mercadolibre.com.uy/LOMI7190117;active;N/A;N/A;Usado;Blanco;No;Hidráulica;Delantera;Sí;Sí;N/A;N/A;N/A;Sí;N/A;N/A;Sí;N/A;N/A;Sí;Sí;N/A;No;N/A;N/A;N/A;N/A;N/A;N/A;N/A;N/A;N/A;N/A;"2606 mm";"0.9 L";"45 L";5;N/A;N/A;N/A;N/A;N/A;No;N/A;N/A;N/A;N/A;N/A;N/A;N/A;N/A;N/A;N/A;N/A;N/A;N/A;N/A;N/A;N/A;N/A;N/A;N/A;N/A;N/A;N/A;N/A;N/A;N/A;N/A;N/A;N/A;N/A;N/A;N/A;N/A;N/A;N/A;N/A;N/A;N/A;N/A;N/A;"1566 mm";"4122 mm";N/A;N/A;N/A;N/A;5;"90 hp";Expression;N/A;4;"1778 mm";N/A;No;N/A;Sí;Sí;N/A;Sí;Sí;N/A;N/A;N/A;N/A;No;N/A;N/A;N/A;N/A;N/A;5;0.9;Nafta;Manual;Hatchback;"Autos y camionetas";No;N/A;N/A;N/A;No;N/A;UY;N/A;Sí;N/A;No;N/A;N/A;N/A;N/A;N/A;N/A;N/A;N/A;N/A;N/A;N/A;N/A;N/A;No;N/A;N/A;N/A;N/A;N/A;N/A;N/A;N/A;N/A;N/A;N/A;N/A;N/A;N/A;N/A;N/A;N/A;N/A;No;N/A;N/A;N/A;N/A;N/A;N/A;N/A;N/A;N/A;N/A;N/A;N/A;N/A;N/A;N/A;N/A;N/A;No;Sí;N/A;N/A;N/A;N/A;N/A;N/A;N/A;N/A;N/A;N/A;N/A;N/A;N/A;N/A;N/A;N/A;N/A;N/A;N/A;N/A;N/A;N/A;N/A;N/A;N/A;N/A;N/A;N/A;N/A;N/A;N/A;N/A;No;Sí;No;N/A;N/A;Sí;N/A;N/A;N/A;N/A;Sí;Sí;Sí;Sí;N/A;N/A;Sí;Sí;Sí;Sí;Sí;Sí;No;No;Sí;N/A;Sí
Renault;Clio;"0.9 Iv Fase Ii Turbo Dynamique";2018;"90000 km";;"C CURBELO";16500;;;;;Malvin;https://auto.mercadolibre.com.uy/MLU-647474287-renault-clio-09-iv-fase-ii-turbo-dynamique-_JM;N/A;;"Renault Clio 0.9 Iv Fase Ii Turbo Dynamique";usd;Sí;gold_premium;false;N/A;N/A;http://perfil.mercadolibre.com.uy/C+CURBELO;active;N/A;N/A;Usado;Gris;No;Hidráulica;Delantera;N/A;N/A;Sí;N/A;N/A;N/A;N/A;N/A;N/A;N/A;N/A;N/A;N/A;N/A;N/A;N/A;N/A;N/A;N/A;N/A;N/A;N/A;N/A;N/A;N/A;"2472 mm";"0.9 L";"50 L";5;N/A;N/A;N/A;N/A;N/A;N/A;N/A;N/A;N/A;N/A;N/A;N/A;N/A;N/A;N/A;N/A;N/A;N/A;N/A;N/A;N/A;N/A;N/A;N/A;N/A;N/A;N/A;N/A;N/A;N/A;N/A;N/A;N/A;N/A;N/A;N/A;N/A;N/A;N/A;N/A;N/A;N/A;N/A;N/A;N/A;"1417 mm";"3811 mm";N/A;N/A;N/A;N/A;5;"90 hp";Authentique;N/A;4;"1639 mm";N/A;N/A;N/A;N/A;N/A;N/A;N/A;N/A;N/A;N/A;N/A;N/A;N/A;N/A;N/A;N/A;N/A;N/A;3;0.9;Nafta;Manual;Hatchback;"Autos y camionetas";N/A;N/A;N/A;N/A;N/A;N/A;UY;N/A;N/A;N/A;N/A;N/A;N/A;N/A;N/A;N/A;N/A;N/A;N/A;N/A;N/A;N/A;N/A;N/A;N/A;N/A;N/A;N/A;N/A;N/A;N/A;N/A;N/A;N/A;N/A;N/A;N/A;N/A;N/A;N/A;N/A;N/A;N/A;N/A;N/A;N/A;N/A;N/A;N/A;N/A;N/A;N/A;N/A;N/A;N/A;N/A;N/A;N/A;N/A;N/A;N/A;N/A;N/A;N/A;N/A;N/A;N/A;N/A;N/A;N/A;N/A;N/A;N/A;N/A;N/A;N/A;N/A;N/A;N/A;N/A;N/A;N/A;N/A;N/A;N/A;N/A;N/A;N/A;N/A;N/A;N/A;N/A;N/A;N/A;N/A;N/A;N/A;N/A;N/A;N/A;N/A;N/A;N/A;N/A;N/A;N/A;N/A;N/A;N/A;N/A;N/A;N/A;N/A;N/A;N/A;N/A;N/A;N/A;N/A;N/A;N/A;N/A
Renault;Kwid;"1.0 Sce 66cv Outsider";2021;"7000 km";;JORGEFULLMOTORS;13200;;;;;"La Blanqueada";https://auto.mercadolibre.com.uy/MLU-703710964-renault-kwid-10-sce-66cv-outsider-_JM;N/A;;"Renault Kwid 1.0 Sce 66cv Outsider";usd;Sí;gold_premium;false;N/A;N/A;http://perfil.mercadolibre.com.uy/JORGEFULLMOTORS;active;N/A;N/A;Usado;Gris;Sí;Hidráulica;Delantera;N/A;N/A;Sí;N/A;N/A;N/A;N/A;N/A;N/A;N/A;N/A;N/A;N/A;N/A;N/A;N/A;N/A;N/A;N/A;N/A;N/A;N/A;N/A;N/A;N/A;"2423 mm";"1 L";"50 L";5;N/A;N/A;N/A;N/A;N/A;N/A;N/A;N/A;N/A;N/A;N/A;N/A;N/A;N/A;N/A;N/A;N/A;N/A;N/A;N/A;N/A;N/A;N/A;N/A;N/A;N/A;N/A;N/A;N/A;N/A;N/A;N/A;N/A;N/A;N/A;N/A;N/A;N/A;N/A;N/A;N/A;N/A;N/A;N/A;N/A;"1474 mm";"3680 mm";N/A;N/A;N/A;N/A;5;"66 hp";Outsider;N/A;4;"1752 mm";N/A;N/A;N/A;N/A;N/A;N/A;N/A;N/A;N/A;N/A;N/A;N/A;N/A;N/A;N/A;N/A;N/A;N/A;5;1.0;Nafta;Manual;Hatchback;"Autos y camionetas";N/A;N/A;N/A;N/A;N/A;N/A;UY;N/A;N/A;N/A;N/A;N/A;N/A;N/A;N/A;N/A;N/A;N/A;N/A;N/A;N/A;N/A;N/A;N/A;N/A;N/A;N/A;N/A;N/A;N/A;N/A;N/A;N/A;N/A;N/A;N/A;N/A;N/A;N/A;N/A;N/A;N/A;N/A;N/A;N/A;N/A;N/A;N/A;N/A;N/A;N/A;N/A;N/A;N/A;N/A;N/A;N/A;N/A;N/A;N/A;N/A;N/A;N/A;N/A;N/A;N/A;N/A;N/A;N/A;N/A;N/A;N/A;N/A;N/A;N/A;N/A;N/A;N/A;N/A;N/A;N/A;N/A;N/A;N/A;N/A;N/A;N/A;N/A;N/A;N/A;N/A;N/A;N/A;N/A;N/A;N/A;N/A;N/A;N/A;N/A;N/A;N/A;N/A;N/A;N/A;N/A;N/A;N/A;N/A;N/A;N/A;N/A;N/A;N/A;N/A;N/A;N/A;N/A;N/A;N/A;N/A;N/A
Renault;Oroch;"1.6 Expression";2022;"80000 km";;"JONAS AUTOS";16900;;;;;Aguada;https://auto.mercadolibre.com.uy/MLU-703017610-renault-oroch-16-_JM;N/A;;"Renault Oroch 1.6";USD;Sí;gold_premium;false;N/A;N/A;http://perfil.mercadolibre.com.uy/JONAS+AUTOS;active;N/A;N/A;Usado;Gris;No;Hidráulica;4x2;N/A;N/A;N/A;N/A;N/A;N/A;N/A;N/A;N/A;N/A;N/A;N/A;N/A;N/A;N/A;N/A;N/A;N/A;N/A;N/A;N/A;N/A;N/A;N/A;N/A;N/A;N/A;N/A;N/A;N/A;N/A;N/A;N/A;N/A;N/A;N/A;N/A;N/A;N/A;N/A;N/A;N/A;N/A;N/A;N/A;N/A;N/A;N/A;N/A;N/A;N/A;N/A;N/A;N/A;N/A;N/A;N/A;N/A;N/A;N/A;N/A;N/A;N/A;N/A;N/A;N/A;N/A;N/A;N/A;N/A;N/A;N/A;N/A;N/A;N/A;N/A;N/A;N/A;N/A;N/A;N/A;N/A;N/A;N/A;N/A;N/A;N/A;N/A;N/A;N/A;N/A;N/A;N/A;N/A;N/A;N/A;N/A;N/A;N/A;N/A;N/A;N/A;N/A;"24 hrs";4;1.6;Nafta;Manual;"Light Truck";"Autos y camionetas";N/A;N/A;N/A;N/A;N/A;N/A;N/A;N/A;N/A;N/A;N/A;N/A;N/A;N/A;N/A;N/A;N/A;N/A;N/A;N/A;N/A;N/A;N/A;N/A;N/A;N/A;N/A;N/A;N/A;N/A;N/A;N/A;N/A;N/A;N/A;N/A;N/A;N/A;N/A;N/A;N/A;N/A;N/A;N/A;N/A;N/A;N/A;N/A;N/A;N/A;N/A;N/A;N/A;N/A;N/A;N/A;N/A;N/A;N/A;N/A;N/A;N/A;N/A;N/A;N/A;N/A;N/A;N/A;N/A;N/A;N/A;N/A;N/A;N/A;N/A;N/A;N/A;N/A;N/A;N/A;N/A;N/A;N/A;N/A;N/A;N/A;N/A;N/A;N/A;N/A;N/A;N/A;N/A;N/A;N/A;N/A;N/A;N/A;N/A;N/A;N/A;N/A;N/A;N/A;N/A;N/A;N/A;N/A;N/A;N/A;N/A;N/A;N/A;N/A;N/A;N/A;N/A;N/A;N/A;N/A;N/A;N/A
Renault;Kwid;"1.0 Sce 66cv Intense";2020;"49000 km";;GIANLUCABONANNI;11900;;;;;Pocitos;https://auto.mercadolibre.com.uy/MLU-704732282-renault-kwid-2020-10-sce-66cv-intense-_JM;N/A;;"Renault Kwid 2020 1.0 Sce 66cv Intense";usd;Sí;gold_premium;false;N/A;N/A;http://perfil.mercadolibre.com.uy/GIANLUCABONANNI;active;N/A;N/A;Usado;N/A;N/A;N/A;Delantera;N/A;N/A;Sí;N/A;N/A;N/A;N/A;N/A;N/A;N/A;N/A;N/A;N/A;N/A;N/A;N/A;N/A;N/A;N/A;N/A;N/A;N/A;N/A;N/A;N/A;"2423 mm";"1 L";"50 L";5;N/A;N/A;N/A;N/A;N/A;N/A;N/A;N/A;N/A;N/A;N/A;N/A;N/A;N/A;N/A;N/A;N/A;N/A;N/A;N/A;N/A;N/A;N/A;N/A;N/A;N/A;N/A;N/A;N/A;N/A;N/A;N/A;N/A;N/A;N/A;N/A;N/A;N/A;N/A;N/A;N/A;N/A;N/A;N/A;N/A;"1474 mm";"3680 mm";N/A;N/A;N/A;N/A;5;"66 hp";Intense;N/A;4;"1752 mm";N/A;N/A;N/A;N/A;N/A;N/A;N/A;N/A;N/A;N/A;N/A;N/A;N/A;N/A;N/A;N/A;N/A;N/A;5;1.0;Nafta;Manual;Hatchback;"Autos y camionetas";N/A;N/A;N/A;N/A;N/A;N/A;UY;N/A;N/A;N/A;N/A;N/A;N/A;N/A;N/A;N/A;N/A;N/A;N/A;N/A;N/A;N/A;N/A;N/A;N/A;N/A;N/A;N/A;N/A;N/A;N/A;N/A;N/A;N/A;N/A;N/A;N/A;N/A;N/A;N/A;N/A;N/A;N/A;N/A;N/A;N/A;N/A;N/A;N/A;N/A;N/A;N/A;N/A;N/A;N/A;N/A;N/A;N/A;N/A;N/A;N/A;N/A;N/A;N/A;N/A;N/A;N/A;N/A;N/A;N/A;N/A;N/A;N/A;N/A;N/A;N/A;N/A;N/A;N/A;N/A;N/A;N/A;N/A;N/A;N/A;N/A;N/A;N/A;N/A;N/A;N/A;N/A;N/A;N/A;N/A;N/A;N/A;N/A;N/A;N/A;N/A;N/A;N/A;N/A;N/A;N/A;N/A;N/A;N/A;N/A;N/A;N/A;N/A;N/A;N/A;N/A;N/A;N/A;N/A;N/A;N/A;N/A
Renault;Kwid;"1.0 Sce 66cv Zen";2020;"83000 km";;LOFE2142653;10000;;;;;"Nuevo París";https://auto.mercadolibre.com.uy/MLU-646613319-renault-kwid-2020-10-sce-66cv-zen-_JM;N/A;;"Renault Kwid 2020 1.0 Sce 66cv Zen";usd;Sí;gold_premium;false;N/A;N/A;http://perfil.mercadolibre.com.uy/LOFE2142653;active;N/A;N/A;Usado;N/A;N/A;N/A;Delantera;N/A;N/A;Sí;N/A;N/A;N/A;N/A;N/A;N/A;N/A;N/A;N/A;N/A;N/A;N/A;N/A;N/A;N/A;N/A;N/A;N/A;N/A;N/A;N/A;N/A;"2423 mm";"1 L";"50 L";5;N/A;N/A;N/A;N/A;N/A;N/A;N/A;N/A;N/A;N/A;N/A;N/A;N/A;N/A;N/A;N/A;N/A;N/A;N/A;N/A;N/A;N/A;N/A;N/A;N/A;N/A;N/A;N/A;N/A;N/A;N/A;N/A;N/A;N/A;N/A;N/A;N/A;N/A;N/A;N/A;N/A;N/A;N/A;N/A;N/A;"1474 mm";"3680 mm";N/A;N/A;N/A;N/A;5;"66 hp";Zen;N/A;4;"1752 mm";N/A;N/A;N/A;N/A;N/A;N/A;N/A;N/A;N/A;N/A;N/A;N/A;N/A;N/A;N/A;N/A;N/A;N/A;5;1.0;Nafta;Manual;Hatchback;"Autos y camionetas";N/A;N/A;N/A;N/A;N/A;N/A;UY;N/A;N/A;N/A;N/A;N/A;N/A;N/A;N/A;N/A;N/A;N/A;N/A;N/A;N/A;N/A;N/A;N/A;N/A;N/A;N/A;N/A;N/A;N/A;N/A;N/A;N/A;N/A;N/A;N/A;N/A;N/A;N/A;N/A;N/A;N/A;N/A;N/A;N/A;N/A;N/A;N/A;N/A;N/A;N/A;N/A;N/A;N/A;N/A;N/A;N/A;N/A;N/A;N/A;N/A;N/A;N/A;N/A;N/A;N/A;N/A;N/A;N/A;N/A;N/A;N/A;N/A;N/A;N/A;N/A;N/A;N/A;N/A;N/A;N/A;N/A;N/A;N/A;N/A;N/A;N/A;N/A;N/A;N/A;N/A;N/A;N/A;N/A;N/A;N/A;N/A;N/A;N/A;N/A;N/A;N/A;N/A;N/A;N/A;N/A;N/A;N/A;N/A;N/A;N/A;N/A;N/A;N/A;N/A;N/A;N/A;N/A;N/A;N/A;N/A;N/A
Renault;Captur;"0.9 Tce90 Expression";2017;"98943 km";;ALECARCOMPRAS;14800;;;;;Rosario;https://auto.mercadolibre.com.uy/MLU-704771720-renault-capture-expression-mt-09turbo-_JM;N/A;;"Renault Capture Expression Mt 0.9turbo";usd;Sí;gold_premium;false;N/A;N/A;http://perfil.mercadolibre.com.uy/ALECARCOMPRAS;active;N/A;N/A;Usado;Gris;No;Hidráulica;Delantera;Sí;Sí;N/A;N/A;N/A;Sí;N/A;N/A;No;N/A;N/A;Sí;Sí;N/A;N/A;N/A;N/A;N/A;N/A;N/A;N/A;N/A;N/A;N/A;N/A;"2606 mm";"0.9 L";"45 L";5;N/A;N/A;N/A;N/A;N/A;N/A;N/A;N/A;N/A;N/A;N/A;N/A;N/A;N/A;N/A;N/A;N/A;N/A;N/A;N/A;N/A;N/A;N/A;N/A;N/A;N/A;N/A;N/A;N/A;N/A;N/A;N/A;N/A;N/A;N/A;N/A;N/A;N/A;N/A;N/A;N/A;N/A;N/A;N/A;N/A;"1566 mm";"4122 mm";N/A;N/A;N/A;N/A;5;"90 hp";Expression;N/A;4;"1778 mm";N/A;Sí;N/A;Sí;N/A;N/A;Sí;Sí;N/A;N/A;N/A;N/A;N/A;N/A;N/A;N/A;Sí;N/A;5;0.9;Nafta;Manual;Hatchback;"Autos y camionetas";N/A;N/A;N/A;N/A;N/A;N/A;UY;N/A;N/A;N/A;N/A;N/A;N/A;N/A;N/A;N/A;N/A;N/A;N/A;N/A;N/A;N/A;N/A;N/A;Sí;N/A;N/A;N/A;N/A;N/A;N/A;N/A;N/A;N/A;N/A;N/A;N/A;N/A;N/A;N/A;N/A;N/A;N/A;N/A;N/A;N/A;N/A;N/A;N/A;N/A;N/A;N/A;N/A;N/A;N/A;N/A;N/A;N/A;N/A;N/A;N/A;N/A;N/A;N/A;N/A;N/A;N/A;N/A;N/A;N/A;N/A;N/A;N/A;N/A;N/A;N/A;N/A;N/A;N/A;N/A;N/A;N/A;N/A;N/A;N/A;N/A;N/A;N/A;N/A;N/A;N/A;N/A;N/A;N/A;N/A;N/A;Sí;Sí;Sí;N/A;N/A;N/A;N/A;N/A;N/A;Sí;Sí;Sí;Sí;N/A;N/A;Sí;Sí;Sí;Sí;N/A;Sí;N/A;N/A;Sí;N/A;Sí
Renault;Clio;"0.9 Iv Turbo Dynamique";2015;"148000 km";;CHIQUITO2711;13900;;;;;Carrasco;https://auto.mercadolibre.com.uy/MLU-703909182-renault-clio-2015-09-iv-turbo-dynamique-_JM;N/A;;"Renault Clio 2015 0.9 Iv Turbo Dynamique";usd;Sí;gold_premium;false;N/A;N/A;http://perfil.mercadolibre.com.uy/CHIQUITO2711;active;N/A;N/A;Usado;N/A;N/A;Hidráulica;Delantera;N/A;N/A;Sí;N/A;N/A;N/A;N/A;N/A;N/A;N/A;N/A;N/A;N/A;N/A;N/A;N/A;N/A;N/A;N/A;N/A;N/A;N/A;N/A;N/A;N/A;"2472 mm";"0.9 L";"50 L";5;N/A;N/A;N/A;N/A;N/A;N/A;N/A;N/A;N/A;N/A;N/A;N/A;N/A;N/A;N/A;N/A;N/A;N/A;N/A;N/A;N/A;N/A;N/A;N/A;N/A;N/A;N/A;N/A;N/A;N/A;N/A;N/A;N/A;N/A;N/A;N/A;N/A;N/A;N/A;N/A;N/A;N/A;N/A;N/A;N/A;"1417 mm";"3811 mm";N/A;N/A;N/A;N/A;5;"90 hp";Authentique;N/A;4;"1639 mm";N/A;N/A;N/A;N/A;N/A;N/A;N/A;N/A;N/A;N/A;N/A;N/A;N/A;N/A;N/A;N/A;N/A;N/A;3;0.9;Nafta;Manual;Hatchback;"Autos y camionetas";N/A;N/A;N/A;N/A;N/A;N/A;UY;N/A;N/A;N/A;N/A;N/A;N/A;N/A;N/A;N/A;N/A;N/A;N/A;N/A;N/A;N/A;N/A;N/A;N/A;N/A;N/A;N/A;N/A;N/A;N/A;N/A;N/A;N/A;N/A;N/A;N/A;N/A;N/A;N/A;N/A;N/A;N/A;N/A;N/A;N/A;N/A;N/A;N/A;N/A;N/A;N/A;N/A;N/A;N/A;N/A;N/A;N/A;N/A;N/A;N/A;N/A;N/A;N/A;N/A;N/A;N/A;N/A;N/A;N/A;N/A;N/A;N/A;N/A;N/A;N/A;N/A;N/A;N/A;N/A;N/A;N/A;N/A;N/A;N/A;N/A;N/A;N/A;N/A;N/A;N/A;N/A;N/A;N/A;N/A;N/A;N/A;N/A;N/A;N/A;N/A;N/A;N/A;N/A;N/A;N/A;N/A;N/A;N/A;N/A;N/A;N/A;N/A;N/A;N/A;N/A;N/A;N/A;N/A;N/A;N/A;N/A
Renault;Oroch;"2.0 Cc";2017;"83350 km";;SOGO1449035;15300;;;;;"Ciudad de la Costa";https://auto.mercadolibre.com.uy/MLU-703080788-renault-oroch-20-cc-_JM;N/A;;"Renault Oroch 2.0 Cc";USD;Sí;gold_premium;false;N/A;N/A;http://perfil.mercadolibre.com.uy/SOGO1449035;active;N/A;N/A;Usado;N/A;N/A;N/A;N/A;N/A;N/A;N/A;N/A;N/A;N/A;N/A;N/A;N/A;N/A;N/A;N/A;N/A;N/A;N/A;N/A;N/A;N/A;N/A;N/A;N/A;N/A;N/A;N/A;N/A;N/A;N/A;N/A;N/A;N/A;N/A;N/A;N/A;N/A;N/A;N/A;N/A;N/A;N/A;N/A;N/A;N/A;N/A;N/A;N/A;N/A;N/A;N/A;N/A;N/A;N/A;N/A;N/A;N/A;N/A;N/A;N/A;N/A;N/A;N/A;N/A;N/A;N/A;N/A;N/A;N/A;N/A;N/A;N/A;N/A;N/A;N/A;N/A;N/A;N/A;N/A;N/A;N/A;N/A;N/A;N/A;N/A;N/A;N/A;N/A;N/A;N/A;N/A;N/A;N/A;N/A;N/A;N/A;N/A;N/A;N/A;N/A;N/A;N/A;N/A;N/A;N/A;N/A;N/A;4;N/A;Nafta;N/A;N/A;"Autos y camionetas";N/A;N/A;N/A;N/A;N/A;N/A;N/A;N/A;N/A;N/A;N/A;N/A;N/A;N/A;N/A;N/A;N/A;N/A;N/A;N/A;N/A;N/A;N/A;N/A;N/A;N/A;N/A;N/A;N/A;N/A;N/A;N/A;N/A;N/A;N/A;N/A;N/A;N/A;N/A;N/A;N/A;N/A;N/A;N/A;N/A;N/A;N/A;N/A;N/A;N/A;N/A;N/A;N/A;N/A;N/A;N/A;N/A;N/A;N/A;N/A;N/A;N/A;N/A;N/A;N/A;N/A;N/A;N/A;N/A;N/A;N/A;N/A;N/A;N/A;N/A;N/A;N/A;N/A;N/A;N/A;N/A;N/A;N/A;N/A;N/A;N/A;N/A;N/A;N/A;N/A;N/A;N/A;N/A;N/A;N/A;N/A;N/A;N/A;N/A;N/A;N/A;N/A;N/A;N/A;N/A;N/A;N/A;N/A;N/A;N/A;N/A;N/A;N/A;N/A;N/A;N/A;N/A;N/A;N/A;N/A;N/A;N/A
Renault;Oroch;"1.6 Sce Zen 2Wd Mt";2024;"0 km";;RURALAUTOMOTORA;23000;;;;;Trinidad;https://auto.mercadolibre.com.uy/MLU-698286198-renault-oroch-2024-16-sce-zen-2wd-mt-_JM;N/A;;"Renault Oroch 2024 1.6 Sce Zen 2wd Mt";usd;Sí;gold_premium;false;N/A;N/A;http://perfil.mercadolibre.com.uy/RURALAUTOMOTORA;active;N/A;N/A;Nuevo;N/A;N/A;N/A;Delantera;N/A;N/A;N/A;N/A;N/A;N/A;N/A;N/A;N/A;N/A;N/A;N/A;N/A;N/A;N/A;N/A;N/A;N/A;N/A;N/A;N/A;N/A;N/A;N/A;N/A;"2890 mm";"1.6 L";"45 L";6;N/A;N/A;N/A;N/A;N/A;N/A;N/A;N/A;N/A;N/A;N/A;N/A;N/A;N/A;N/A;N/A;N/A;N/A;N/A;N/A;N/A;N/A;N/A;N/A;N/A;N/A;N/A;N/A;N/A;N/A;N/A;N/A;N/A;N/A;N/A;N/A;N/A;N/A;N/A;N/A;N/A;N/A;N/A;N/A;N/A;"1694 mm";"4700 mm";N/A;N/A;N/A;N/A;5;"118 hp";Zen;N/A;4;"1821 mm";N/A;N/A;N/A;N/A;N/A;N/A;N/A;N/A;N/A;N/A;N/A;N/A;N/A;N/A;N/A;N/A;N/A;N/A;4;1.6;Nafta;Manual;Pick-Up;"Autos y camionetas";N/A;N/A;N/A;N/A;N/A;N/A;UY;N/A;N/A;N/A;N/A;N/A;N/A;N/A;N/A;N/A;N/A;N/A;N/A;N/A;N/A;N/A;N/A;N/A;N/A;N/A;N/A;N/A;N/A;N/A;N/A;N/A;N/A;N/A;N/A;N/A;N/A;N/A;N/A;N/A;N/A;N/A;N/A;N/A;N/A;N/A;N/A;N/A;N/A;N/A;N/A;N/A;N/A;N/A;N/A;N/A;N/A;N/A;N/A;N/A;N/A;N/A;N/A;N/A;N/A;N/A;N/A;N/A;N/A;N/A;N/A;N/A;N/A;N/A;N/A;N/A;N/A;N/A;N/A;N/A;N/A;N/A;N/A;N/A;N/A;N/A;N/A;N/A;N/A;N/A;N/A;N/A;N/A;N/A;N/A;N/A;N/A;N/A;N/A;N/A;N/A;N/A;N/A;N/A;N/A;N/A;N/A;N/A;N/A;N/A;N/A;N/A;N/A;N/A;N/A;N/A;N/A;N/A;N/A;N/A;N/A;N/A
Renault;Clio;"0.9 Iv Tce90 Life";2020;"62000 km";;CHIQUITO2711;14900;;;;;Carrasco;https://auto.mercadolibre.com.uy/MLU-705222728-renault-clio-2020-09-iv-tce90-life-_JM;N/A;;"Renault Clio 2020 0.9 Iv Tce90 Life";usd;Sí;gold_premium;false;N/A;N/A;http://perfil.mercadolibre.com.uy/CHIQUITO2711;active;N/A;N/A;Usado;N/A;N/A;N/A;Delantera;N/A;N/A;Sí;N/A;N/A;N/A;N/A;N/A;N/A;N/A;N/A;N/A;N/A;N/A;N/A;N/A;N/A;N/A;N/A;N/A;N/A;N/A;N/A;N/A;N/A;"2472 mm";"0.9 L";"50 L";5;N/A;N/A;N/A;N/A;N/A;N/A;N/A;N/A;N/A;N/A;N/A;N/A;N/A;N/A;N/A;N/A;N/A;N/A;N/A;N/A;N/A;N/A;N/A;N/A;N/A;N/A;N/A;N/A;N/A;N/A;N/A;N/A;N/A;N/A;N/A;N/A;N/A;N/A;N/A;N/A;N/A;N/A;N/A;N/A;N/A;"1417 mm";"3811 mm";N/A;N/A;N/A;N/A;5;"90 hp";Life;N/A;4;"1639 mm";N/A;N/A;N/A;N/A;N/A;N/A;N/A;N/A;N/A;N/A;N/A;N/A;N/A;N/A;N/A;N/A;N/A;N/A;3;0.9;Nafta;Manual;Hatchback;"Autos y camionetas";N/A;N/A;N/A;N/A;N/A;N/A;UY;N/A;N/A;N/A;N/A;N/A;N/A;N/A;N/A;N/A;N/A;N/A;N/A;N/A;N/A;N/A;N/A;N/A;N/A;N/A;N/A;N/A;N/A;N/A;N/A;N/A;N/A;N/A;N/A;N/A;N/A;N/A;N/A;N/A;N/A;N/A;N/A;N/A;N/A;N/A;N/A;N/A;N/A;N/A;N/A;N/A;N/A;N/A;N/A;N/A;N/A;N/A;N/A;N/A;N/A;N/A;N/A;N/A;N/A;N/A;N/A;N/A;N/A;N/A;N/A;N/A;N/A;N/A;N/A;N/A;N/A;N/A;N/A;N/A;N/A;N/A;N/A;N/A;N/A;N/A;N/A;N/A;N/A;N/A;N/A;N/A;N/A;N/A;N/A;N/A;N/A;N/A;N/A;N/A;N/A;N/A;N/A;N/A;N/A;N/A;N/A;N/A;N/A;N/A;N/A;N/A;N/A;N/A;N/A;N/A;N/A;N/A;N/A;N/A;N/A;N/A
Renault;Kwid;"1.0 Sce 66cv Life";2021;"26000 km";;ANDYALVAR;11700;;;;;Cordón;https://auto.mercadolibre.com.uy/MLU-647455897-renault-kwid-2021-10-sce-66cv-life-_JM;N/A;;"Renault Kwid 2021 1.0 Sce 66cv Life";usd;Sí;gold_premium;false;N/A;N/A;http://perfil.mercadolibre.com.uy/ANDYALVAR;active;N/A;N/A;Usado;N/A;N/A;N/A;Delantera;N/A;N/A;Sí;N/A;N/A;N/A;N/A;N/A;N/A;N/A;N/A;N/A;N/A;N/A;N/A;N/A;N/A;N/A;N/A;N/A;N/A;N/A;N/A;N/A;N/A;"2423 mm";"1 L";"50 L";5;N/A;N/A;N/A;N/A;N/A;N/A;N/A;N/A;N/A;N/A;N/A;N/A;N/A;N/A;N/A;N/A;N/A;N/A;N/A;N/A;N/A;N/A;N/A;N/A;N/A;N/A;N/A;N/A;N/A;N/A;N/A;N/A;N/A;N/A;N/A;N/A;N/A;N/A;N/A;N/A;N/A;N/A;N/A;N/A;N/A;"1474 mm";"3680 mm";N/A;N/A;N/A;N/A;5;"66 hp";Life;N/A;4;"1752 mm";N/A;N/A;N/A;N/A;N/A;N/A;N/A;N/A;N/A;N/A;N/A;N/A;N/A;N/A;N/A;N/A;N/A;N/A;5;1.0;Nafta;Manual;Hatchback;"Autos y camionetas";N/A;N/A;N/A;N/A;N/A;N/A;UY;N/A;N/A;N/A;N/A;N/A;N/A;N/A;N/A;N/A;N/A;N/A;N/A;N/A;N/A;N/A;N/A;N/A;N/A;N/A;N/A;N/A;N/A;N/A;N/A;N/A;N/A;N/A;N/A;N/A;N/A;N/A;N/A;N/A;N/A;N/A;N/A;N/A;N/A;N/A;N/A;N/A;N/A;N/A;N/A;N/A;N/A;N/A;N/A;N/A;N/A;N/A;N/A;N/A;N/A;N/A;N/A;N/A;N/A;N/A;N/A;N/A;N/A;N/A;N/A;N/A;N/A;N/A;N/A;N/A;N/A;N/A;N/A;N/A;N/A;N/A;N/A;N/A;N/A;N/A;N/A;N/A;N/A;N/A;N/A;N/A;N/A;N/A;N/A;N/A;N/A;N/A;N/A;N/A;N/A;N/A;N/A;N/A;N/A;N/A;N/A;N/A;N/A;N/A;N/A;N/A;N/A;N/A;N/A;N/A;N/A;N/A;N/A;N/A;N/A;N/A
Renault;Sandero;"1.6 Expression 90cv";2016;"128000 km";;MAQUIMER-S.A;9000;;;;;Mercedes;https://auto.mercadolibre.com.uy/MLU-703437190-renault-sandero-2016-16-expression-90cv-_JM;N/A;;"Renault Sandero 2016 1.6 Expression 90cv";usd;Sí;gold_premium;false;N/A;N/A;http://perfil.mercadolibre.com.uy/MAQUIMER-S.A;active;N/A;N/A;Usado;N/A;N/A;Hidráulica;Delantera;Sí;N/A;N/A;N/A;N/A;N/A;N/A;N/A;N/A;N/A;N/A;N/A;N/A;N/A;N/A;N/A;N/A;N/A;N/A;N/A;N/A;N/A;N/A;N/A;N/A;"2590 mm";"1.6 L";"50 L";5;N/A;N/A;N/A;N/A;N/A;N/A;N/A;N/A;N/A;N/A;N/A;N/A;N/A;N/A;N/A;N/A;N/A;N/A;N/A;N/A;N/A;N/A;N/A;N/A;N/A;N/A;N/A;N/A;N/A;N/A;N/A;N/A;N/A;N/A;N/A;N/A;N/A;N/A;N/A;N/A;N/A;N/A;N/A;N/A;N/A;"1536 mm";"4060 mm";N/A;N/A;N/A;N/A;5;"90 hp";Expression;N/A;2;"1733 mm";"10 km/l";N/A;N/A;N/A;N/A;N/A;N/A;N/A;N/A;N/A;Sí;"5.8 km/l";N/A;N/A;N/A;N/A;N/A;N/A;5;1.6;Nafta;Manual;Hatchback;"Autos y camionetas";N/A;N/A;N/A;N/A;N/A;N/A;UY;N/A;N/A;N/A;N/A;N/A;N/A;N/A;N/A;N/A;N/A;N/A;N/A;N/A;N/A;N/A;N/A;N/A;N/A;N/A;N/A;N/A;N/A;N/A;N/A;N/A;N/A;N/A;N/A;N/A;N/A;N/A;N/A;N/A;N/A;N/A;N/A;N/A;N/A;N/A;N/A;N/A;N/A;N/A;N/A;N/A;N/A;N/A;N/A;N/A;N/A;N/A;N/A;N/A;N/A;N/A;N/A;N/A;N/A;N/A;N/A;N/A;N/A;N/A;N/A;N/A;N/A;N/A;N/A;N/A;N/A;N/A;N/A;N/A;N/A;N/A;N/A;N/A;N/A;N/A;N/A;N/A;N/A;N/A;N/A;N/A;N/A;N/A;N/A;N/A;N/A;N/A;N/A;N/A;N/A;N/A;N/A;N/A;N/A;N/A;N/A;N/A;N/A;N/A;N/A;N/A;N/A;N/A;N/A;N/A;N/A;Sí;N/A;N/A;N/A;N/A
Renault;"Duster Oroch";"1.6 Dynamique";2017;"136000 km";;2000CARS;13900;;;;;Aguada;https://auto.mercadolibre.com.uy/MLU-703643764-renault-oroch-expression-16-_JM;N/A;;"Renault Oroch Expression 1.6";usd;Sí;gold_premium;false;N/A;N/A;http://perfil.mercadolibre.com.uy/2000CARS;active;N/A;N/A;Usado;Gris;N/A;Hidráulica;4x2;N/A;N/A;Sí;N/A;N/A;N/A;N/A;N/A;N/A;N/A;N/A;N/A;N/A;N/A;N/A;N/A;N/A;N/A;N/A;N/A;N/A;N/A;N/A;N/A;N/A;"2829 mm";"1.6 L";"50 L";5;N/A;N/A;N/A;N/A;N/A;N/A;N/A;N/A;N/A;N/A;N/A;N/A;N/A;N/A;N/A;N/A;N/A;N/A;N/A;N/A;N/A;N/A;N/A;N/A;N/A;N/A;N/A;N/A;N/A;N/A;N/A;N/A;N/A;N/A;N/A;N/A;N/A;N/A;N/A;N/A;N/A;N/A;N/A;N/A;N/A;"1683 mm";"4329 mm";N/A;N/A;N/A;N/A;5;"110 hp";Dynamique;N/A;4;"1821 mm";"11.1 km/l";N/A;N/A;N/A;N/A;N/A;N/A;N/A;N/A;N/A;N/A;"10.4 km/l";N/A;N/A;N/A;N/A;N/A;N/A;4;1.6;Nafta;Manual;SUV;"Autos y camionetas";N/A;N/A;N/A;N/A;N/A;N/A;UY;N/A;N/A;N/A;N/A;N/A;N/A;N/A;N/A;N/A;N/A;N/A;N/A;N/A;N/A;N/A;N/A;N/A;N/A;N/A;N/A;N/A;N/A;N/A;N/A;N/A;N/A;N/A;N/A;N/A;N/A;N/A;N/A;N/A;N/A;N/A;N/A;N/A;N/A;N/A;N/A;N/A;N/A;N/A;N/A;N/A;N/A;N/A;N/A;N/A;N/A;N/A;N/A;N/A;N/A;N/A;N/A;N/A;N/A;N/A;N/A;N/A;N/A;N/A;N/A;N/A;N/A;N/A;N/A;N/A;N/A;N/A;N/A;N/A;N/A;N/A;N/A;N/A;N/A;N/A;N/A;N/A;N/A;N/A;N/A;N/A;N/A;N/A;N/A;N/A;N/A;N/A;N/A;N/A;N/A;N/A;N/A;N/A;N/A;N/A;N/A;N/A;N/A;N/A;N/A;N/A;N/A;N/A;N/A;N/A;N/A;N/A;N/A;N/A;N/A;N/A
Renault;"Duster Oroch";"2.0 Dynamique 4x4";2020;"57000 km";;TÙ-MEJOR-COMPRA;14990;;;;;Colón;https://auto.mercadolibre.com.uy/MLU-704757176-renault-duster-oroch-20-dynamique-4x4-_JM;N/A;;"Renault Duster Oroch 2.0 Dynamique 4x4 ";USD;Sí;gold_premium;false;N/A;N/A;http://perfil.mercadolibre.com.uy/T%C3%99-MEJOR-COMPRA;active;N/A;N/A;Usado;Blanco;N/A;N/A;N/A;N/A;N/A;N/A;N/A;N/A;N/A;N/A;N/A;N/A;N/A;N/A;N/A;N/A;N/A;N/A;N/A;N/A;N/A;N/A;N/A;N/A;N/A;N/A;N/A;N/A;N/A;N/A;N/A;N/A;N/A;N/A;N/A;N/A;N/A;N/A;N/A;N/A;N/A;N/A;N/A;N/A;N/A;N/A;N/A;N/A;N/A;N/A;N/A;N/A;N/A;N/A;N/A;N/A;N/A;N/A;N/A;N/A;N/A;N/A;N/A;N/A;N/A;N/A;N/A;N/A;N/A;N/A;N/A;N/A;N/A;N/A;N/A;N/A;N/A;N/A;N/A;N/A;N/A;N/A;N/A;N/A;N/A;N/A;N/A;N/A;N/A;N/A;N/A;N/A;N/A;N/A;N/A;N/A;N/A;N/A;N/A;N/A;N/A;N/A;N/A;N/A;N/A;N/A;N/A;5;N/A;Nafta;N/A;N/A;"Autos y camionetas";N/A;N/A;N/A;N/A;N/A;N/A;N/A;N/A;N/A;N/A;N/A;N/A;N/A;N/A;N/A;N/A;N/A;N/A;N/A;N/A;N/A;N/A;N/A;N/A;N/A;N/A;N/A;N/A;N/A;N/A;N/A;N/A;N/A;N/A;N/A;N/A;N/A;N/A;N/A;N/A;N/A;N/A;N/A;N/A;N/A;N/A;N/A;N/A;N/A;N/A;N/A;N/A;N/A;N/A;N/A;N/A;N/A;N/A;N/A;N/A;N/A;N/A;N/A;N/A;N/A;N/A;N/A;N/A;N/A;N/A;N/A;N/A;N/A;N/A;N/A;N/A;N/A;N/A;N/A;N/A;N/A;N/A;N/A;N/A;N/A;N/A;N/A;N/A;N/A;N/A;N/A;N/A;N/A;N/A;N/A;N/A;N/A;N/A;N/A;N/A;N/A;N/A;N/A;N/A;N/A;N/A;N/A;N/A;N/A;N/A;N/A;N/A;N/A;N/A;N/A;N/A;N/A;N/A;N/A;N/A;N/A;N/A
Renault;Kwid;"1.0 Sce 66cv Zen";2024;"18400 km";;MONTEROMIGUEL20220403033823;12100;;;;;N/A;https://auto.mercadolibre.com.uy/MLU-706226750-renault-kwid-10-sce-66cv-zen-_JM;N/A;;"Renault Kwid 1.0 Sce 66cv Zen";usd;Sí;gold_premium;false;N/A;N/A;http://perfil.mercadolibre.com.uy/MONTEROMIGUEL20220403033823;active;N/A;N/A;Usado;Blanco;N/A;N/A;Delantera;Sí;Sí;Sí;N/A;N/A;N/A;N/A;N/A;N/A;N/A;N/A;N/A;Sí;N/A;Sí;N/A;N/A;N/A;N/A;N/A;N/A;N/A;N/A;N/A;N/A;"2423 mm";"1 L";"50 L";5;N/A;N/A;N/A;N/A;N/A;N/A;N/A;N/A;N/A;N/A;N/A;N/A;N/A;N/A;N/A;N/A;N/A;N/A;N/A;N/A;N/A;N/A;N/A;N/A;N/A;N/A;N/A;N/A;N/A;N/A;N/A;N/A;N/A;N/A;N/A;N/A;N/A;N/A;N/A;N/A;N/A;N/A;N/A;N/A;N/A;"1474 mm";"3680 mm";N/A;N/A;N/A;N/A;5;"66 hp";Zen;N/A;4;"1752 mm";N/A;N/A;N/A;N/A;Sí;N/A;Sí;Sí;N/A;N/A;N/A;N/A;N/A;N/A;N/A;N/A;N/A;N/A;5;1.0;Nafta;Manual;Hatchback;"Autos y camionetas";N/A;N/A;N/A;N/A;N/A;N/A;UY;N/A;N/A;N/A;N/A;N/A;N/A;N/A;N/A;N/A;N/A;N/A;N/A;N/A;N/A;N/A;N/A;N/A;N/A;N/A;N/A;N/A;N/A;N/A;N/A;N/A;N/A;N/A;N/A;N/A;N/A;N/A;N/A;N/A;N/A;N/A;N/A;Sí;N/A;N/A;N/A;N/A;N/A;N/A;N/A;N/A;N/A;N/A;N/A;N/A;N/A;N/A;N/A;N/A;N/A;N/A;N/A;N/A;N/A;N/A;N/A;N/A;N/A;N/A;N/A;N/A;N/A;N/A;N/A;N/A;N/A;N/A;N/A;N/A;N/A;N/A;N/A;N/A;N/A;N/A;N/A;N/A;N/A;N/A;N/A;N/A;N/A;N/A;N/A;Sí;Sí;Sí;N/A;N/A;Sí;N/A;N/A;N/A;N/A;Sí;N/A;N/A;Sí;N/A;N/A;Sí;N/A;Sí;Sí;Sí;Sí;N/A;N/A;Sí;N/A;Sí
Renault;Megane;Dti;2007;"344500 km";;ELOSCARZITO;7900;;;;;Cerrito;https://auto.mercadolibre.com.uy/MLU-704245072-renault-megane-dti-_JM;N/A;;"Renault Megane Dti";USD;No;gold_premium;false;N/A;N/A;http://perfil.mercadolibre.com.uy/ELOSCARZITO;active;N/A;N/A;Usado;N/A;N/A;N/A;N/A;N/A;N/A;N/A;N/A;N/A;N/A;N/A;N/A;N/A;N/A;N/A;N/A;N/A;N/A;N/A;N/A;N/A;N/A;N/A;N/A;N/A;N/A;N/A;N/A;N/A;N/A;N/A;N/A;N/A;N/A;N/A;N/A;N/A;N/A;N/A;N/A;N/A;N/A;N/A;N/A;N/A;N/A;N/A;N/A;N/A;N/A;N/A;N/A;N/A;N/A;N/A;N/A;N/A;N/A;N/A;N/A;N/A;N/A;N/A;N/A;N/A;N/A;N/A;N/A;N/A;N/A;N/A;N/A;N/A;N/A;N/A;N/A;N/A;N/A;N/A;N/A;N/A;N/A;N/A;N/A;N/A;N/A;N/A;N/A;N/A;N/A;N/A;N/A;N/A;N/A;N/A;N/A;N/A;N/A;N/A;N/A;N/A;N/A;N/A;N/A;N/A;N/A;N/A;N/A;4;N/A;Diésel;N/A;N/A;"Autos y camionetas";N/A;N/A;N/A;N/A;N/A;N/A;N/A;N/A;N/A;N/A;N/A;N/A;N/A;N/A;N/A;N/A;N/A;N/A;N/A;N/A;N/A;N/A;N/A;N/A;N/A;N/A;N/A;N/A;N/A;N/A;N/A;N/A;N/A;N/A;N/A;N/A;N/A;N/A;N/A;N/A;N/A;N/A;N/A;N/A;N/A;N/A;N/A;N/A;N/A;N/A;N/A;N/A;N/A;N/A;N/A;N/A;N/A;N/A;N/A;N/A;N/A;N/A;N/A;N/A;N/A;N/A;N/A;N/A;N/A;N/A;N/A;N/A;N/A;N/A;N/A;N/A;N/A;N/A;N/A;N/A;N/A;N/A;N/A;N/A;N/A;N/A;N/A;N/A;N/A;N/A;N/A;N/A;N/A;N/A;N/A;N/A;N/A;N/A;N/A;N/A;N/A;N/A;N/A;N/A;N/A;N/A;N/A;N/A;N/A;N/A;N/A;N/A;N/A;N/A;N/A;N/A;N/A;N/A;N/A;N/A;N/A;N/A
Renault;Clio;"1.6 Expression";2007;"127000 km";;NOGUERAAARON20220904142308;7500;;;;;N/A;https://auto.mercadolibre.com.uy/MLU-703999366-renault-clio-16-16v-expression-full-_JM;N/A;;"Renault Clio 1.6 16v Expression Full";usd;No;gold_premium;false;N/A;N/A;http://perfil.mercadolibre.com.uy/NOGUERAAARON20220904142308;active;N/A;N/A;Usado;Rojo;N/A;Hidráulica;Delantera;Sí;Sí;N/A;N/A;N/A;N/A;N/A;N/A;N/A;N/A;N/A;N/A;Sí;N/A;N/A;N/A;N/A;N/A;N/A;N/A;N/A;N/A;N/A;N/A;N/A;"2472 mm";"1.6 L";"50 L";5;N/A;N/A;N/A;N/A;N/A;N/A;N/A;N/A;N/A;N/A;N/A;N/A;N/A;N/A;N/A;N/A;N/A;N/A;N/A;N/A;N/A;N/A;N/A;N/A;N/A;N/A;N/A;N/A;N/A;N/A;N/A;N/A;N/A;Sí;N/A;N/A;N/A;N/A;N/A;N/A;N/A;N/A;N/A;N/A;N/A;"1435 mm";"3773 mm";N/A;N/A;N/A;N/A;5;"110 hp";Expression;N/A;4;"1639 mm";"12 km/l";N/A;N/A;Sí;Sí;N/A;N/A;N/A;N/A;N/A;N/A;"7.5 km/l";N/A;N/A;N/A;N/A;N/A;N/A;5;1.6;Nafta;Manual;Hatchback;"Autos y camionetas";N/A;N/A;N/A;N/A;N/A;N/A;UY;N/A;N/A;N/A;N/A;N/A;N/A;N/A;N/A;N/A;N/A;N/A;N/A;N/A;N/A;N/A;N/A;N/A;N/A;N/A;N/A;N/A;N/A;N/A;N/A;N/A;N/A;N/A;N/A;N/A;N/A;N/A;N/A;N/A;N/A;N/A;N/A;N/A;N/A;N/A;N/A;N/A;N/A;N/A;N/A;N/A;N/A;N/A;N/A;N/A;N/A;N/A;N/A;N/A;N/A;N/A;N/A;N/A;N/A;N/A;N/A;N/A;N/A;N/A;N/A;N/A;N/A;N/A;N/A;N/A;N/A;N/A;N/A;N/A;N/A;N/A;N/A;N/A;N/A;N/A;N/A;N/A;N/A;N/A;N/A;N/A;N/A;N/A;N/A;N/A;Sí;Sí;Sí;N/A;Sí;N/A;N/A;N/A;N/A;Sí;N/A;N/A;Sí;N/A;N/A;N/A;Sí;N/A;Sí;Sí;Sí;N/A;N/A;Sí;N/A;Sí
Renault;Clio;"IV AUTENTIQUE";2015;"0 km";;JORGE.INGOLD.AUTOMOVILES;18990;;;;;"Nueva Helvecia";https://auto.mercadolibre.com.uy/MLU-703118708-renault-clio-iv-autentique-0km-_JM;N/A;;"Renault Clio Iv Autentique 0km";usd;Sí;gold_premium;false;N/A;N/A;http://perfil.mercadolibre.com.uy/JORGE.INGOLD.AUTOMOVILES;active;N/A;N/A;Nuevo;Gris;N/A;Hidráulica;Delantera;Sí;Sí;Sí;N/A;N/A;N/A;N/A;N/A;N/A;N/A;N/A;N/A;Sí;N/A;N/A;N/A;N/A;N/A;N/A;N/A;N/A;N/A;N/A;N/A;N/A;"2472 mm";"1.2 L";"50 L";5;N/A;N/A;N/A;N/A;N/A;N/A;N/A;N/A;N/A;N/A;N/A;N/A;N/A;N/A;N/A;N/A;N/A;N/A;N/A;N/A;N/A;N/A;N/A;N/A;N/A;N/A;N/A;N/A;N/A;N/A;N/A;N/A;N/A;N/A;N/A;N/A;N/A;N/A;N/A;N/A;N/A;N/A;N/A;N/A;N/A;"1417 mm";"3811 mm";N/A;N/A;N/A;N/A;5;"75 hp";Authentique;N/A;4;"1639 mm";N/A;N/A;N/A;N/A;N/A;N/A;Sí;Sí;N/A;N/A;N/A;N/A;N/A;N/A;N/A;N/A;N/A;"Lunes a Viernes de 8:00 a 12:00 y de 14:00 a 18:00. Sábados de 8:00 a 12:00";5;1.0;Nafta;Manual;Hatchback;"Autos y camionetas";N/A;N/A;N/A;N/A;N/A;N/A;UY;N/A;N/A;N/A;N/A;N/A;N/A;N/A;N/A;N/A;N/A;N/A;N/A;N/A;N/A;N/A;N/A;N/A;N/A;N/A;N/A;N/A;N/A;N/A;N/A;N/A;N/A;N/A;N/A;N/A;N/A;N/A;N/A;N/A;N/A;N/A;N/A;N/A;N/A;N/A;N/A;N/A;N/A;N/A;N/A;N/A;N/A;N/A;N/A;N/A;N/A;N/A;N/A;N/A;N/A;N/A;N/A;N/A;N/A;N/A;N/A;N/A;N/A;N/A;N/A;N/A;N/A;N/A;N/A;N/A;N/A;N/A;N/A;N/A;N/A;N/A;N/A;N/A;N/A;N/A;N/A;N/A;N/A;N/A;N/A;N/A;N/A;N/A;N/A;N/A;Sí;N/A;N/A;N/A;N/A;N/A;N/A;N/A;N/A;N/A;N/A;N/A;Sí;N/A;N/A;N/A;N/A;Sí;Sí;N/A;N/A;Sí;N/A;N/A;N/A;N/A
Renault;Kangoo;"1.6 2 Furgon Confort Aa Da Svt 1plc";2014;"143000 km";;COLCHONETAS123;10000;;;;;"Aires Puros";https://auto.mercadolibre.com.uy/MLU-702770960-renault-kangoo-16-2-furgon-confort-aa-da-svt-1plc-_JM;N/A;;"Renault Kangoo 1.6 2 Furgon Confort Aa Da Svt 1plc";usd;Sí;gold_premium;false;N/A;N/A;http://perfil.mercadolibre.com.uy/COLCHONETAS123;active;N/A;N/A;Usado;Gris;No;Hidráulica;Delantera;Sí;N/A;N/A;N/A;N/A;N/A;N/A;N/A;N/A;N/A;N/A;N/A;No;N/A;N/A;N/A;N/A;N/A;N/A;N/A;N/A;N/A;N/A;N/A;N/A;"2600 mm";"1.6 L";"52 L";5;N/A;N/A;N/A;N/A;N/A;N/A;N/A;N/A;N/A;N/A;N/A;N/A;N/A;N/A;N/A;N/A;N/A;N/A;N/A;N/A;N/A;N/A;N/A;N/A;N/A;N/A;N/A;N/A;N/A;N/A;N/A;N/A;N/A;No;N/A;N/A;N/A;N/A;N/A;N/A;N/A;N/A;N/A;N/A;N/A;"1860 mm";"4010 mm";N/A;N/A;N/A;N/A;2;"95 hp";Confort;N/A;4;"1672 mm";"11.09 km/l";No;N/A;N/A;Sí;N/A;N/A;N/A;N/A;N/A;N/A;N/A;N/A;N/A;N/A;N/A;N/A;N/A;3;1.6;Nafta;Manual;Furgón;"Autos y camionetas";N/A;N/A;N/A;N/A;N/A;N/A;UY;N/A;No;N/A;N/A;N/A;N/A;N/A;N/A;N/A;N/A;N/A;N/A;N/A;N/A;N/A;N/A;N/A;N/A;N/A;N/A;N/A;N/A;N/A;N/A;N/A;N/A;N/A;N/A;N/A;N/A;N/A;N/A;N/A;N/A;N/A;N/A;N/A;N/A;N/A;N/A;N/A;N/A;N/A;N/A;N/A;N/A;N/A;N/A;N/A;N/A;N/A;N/A;N/A;N/A;N/A;N/A;N/A;N/A;N/A;N/A;N/A;N/A;N/A;N/A;N/A;N/A;N/A;N/A;N/A;N/A;N/A;N/A;N/A;N/A;N/A;N/A;N/A;N/A;N/A;N/A;N/A;N/A;N/A;N/A;N/A;N/A;N/A;N/A;N/A;N/A;Sí;N/A;N/A;Sí;N/A;N/A;N/A;N/A;Sí;N/A;N/A;N/A;N/A;N/A;N/A;N/A;N/A;Sí;Sí;N/A;Sí;N/A;N/A;N/A;Sí
Renault;"Megane 2";"Privillege 2.0 16V.";2009;"127069 km";;ALEBARCELO175;10490;;;;;Buceo;https://auto.mercadolibre.com.uy/MLU-702696344-renault-megane-ii-privillege-20-16v-_JM;N/A;;"Renault Megane Ii Privillege 2.0 16v";USD;Sí;gold_premium;false;N/A;N/A;http://perfil.mercadolibre.com.uy/ALEBARCELO175;active;N/A;N/A;Usado;Azul;No;Eléctrica;Delantera;Sí;Sí;N/A;N/A;N/A;No;N/A;N/A;No;N/A;N/A;Sí;Sí;N/A;No;N/A;N/A;N/A;N/A;N/A;N/A;N/A;N/A;N/A;N/A;N/A;N/A;N/A;N/A;N/A;N/A;N/A;N/A;N/A;Sí;N/A;N/A;N/A;N/A;N/A;N/A;N/A;N/A;N/A;N/A;N/A;N/A;N/A;N/A;N/A;N/A;N/A;N/A;N/A;N/A;N/A;N/A;N/A;N/A;N/A;N/A;N/A;N/A;N/A;N/A;N/A;N/A;N/A;N/A;N/A;N/A;N/A;N/A;N/A;N/A;N/A;N/A;N/A;N/A;N/A;N/A;N/A;N/A;N/A;N/A;N/A;N/A;No;N/A;Sí;Sí;N/A;Sí;Sí;N/A;No;N/A;N/A;No;No;N/A;N/A;Sí;"24 horas.";4;2.0;Nafta;Manual;Sedán;"Autos y camionetas";N/A;N/A;N/A;N/A;N/A;N/A;N/A;N/A;N/A;N/A;N/A;N/A;N/A;N/A;N/A;N/A;N/A;N/A;N/A;N/A;N/A;N/A;N/A;N/A;Sí;N/A;N/A;N/A;N/A;N/A;N/A;N/A;N/A;N/A;N/A;N/A;N/A;N/A;N/A;N/A;N/A;N/A;N/A;N/A;N/A;N/A;N/A;N/A;N/A;N/A;N/A;N/A;N/A;N/A;N/A;N/A;N/A;N/A;N/A;N/A;N/A;N/A;N/A;N/A;N/A;N/A;N/A;N/A;N/A;N/A;N/A;N/A;N/A;N/A;N/A;N/A;N/A;N/A;N/A;N/A;N/A;N/A;N/A;N/A;N/A;N/A;N/A;N/A;N/A;N/A;N/A;N/A;N/A;N/A;N/A;No;Sí;Sí;Sí;N/A;Sí;N/A;N/A;N/A;N/A;Sí;Sí;Sí;Sí;N/A;N/A;No;Sí;Sí;Sí;Sí;Sí;N/A;Sí;Sí;N/A;Sí
Renault;Kwid;"1.0 Sce 66cv Intense";2019;"77000 km";;ALVARODANIEL2012;11900;;;;;Carrasco;https://auto.mercadolibre.com.uy/MLU-706065408-renault-kwid-10-sce-66cv-intense-_JM;N/A;;"Renault Kwid 1.0 Sce 66cv Intense";usd;Sí;gold_premium;false;N/A;N/A;http://perfil.mercadolibre.com.uy/ALVARODANIEL2012;active;N/A;N/A;Usado;Naranja;N/A;Hidráulica;Delantera;N/A;N/A;Sí;N/A;N/A;N/A;N/A;N/A;N/A;N/A;N/A;N/A;N/A;N/A;N/A;N/A;N/A;N/A;N/A;N/A;N/A;N/A;N/A;N/A;N/A;"2423 mm";"1 L";"50 L";5;N/A;N/A;N/A;N/A;N/A;N/A;N/A;N/A;N/A;N/A;N/A;N/A;N/A;N/A;N/A;N/A;N/A;N/A;N/A;N/A;N/A;N/A;N/A;N/A;N/A;N/A;N/A;N/A;N/A;N/A;N/A;N/A;N/A;N/A;N/A;N/A;N/A;N/A;N/A;N/A;N/A;N/A;N/A;N/A;N/A;"1474 mm";"3680 mm";N/A;N/A;N/A;N/A;5;"66 hp";Intense;N/A;4;"1752 mm";N/A;N/A;N/A;N/A;N/A;N/A;N/A;N/A;N/A;N/A;N/A;N/A;N/A;N/A;N/A;N/A;N/A;N/A;5;1.0;Nafta;Manual;Hatchback;"Autos y camionetas";N/A;N/A;N/A;N/A;N/A;N/A;UY;N/A;N/A;N/A;N/A;N/A;N/A;N/A;N/A;N/A;N/A;N/A;N/A;N/A;N/A;N/A;N/A;N/A;N/A;N/A;N/A;N/A;N/A;N/A;N/A;N/A;N/A;N/A;N/A;N/A;N/A;N/A;N/A;N/A;N/A;N/A;N/A;N/A;N/A;N/A;N/A;N/A;N/A;N/A;N/A;N/A;N/A;N/A;N/A;N/A;N/A;N/A;N/A;N/A;N/A;N/A;N/A;N/A;N/A;N/A;N/A;N/A;N/A;N/A;N/A;N/A;N/A;N/A;N/A;N/A;N/A;N/A;N/A;N/A;N/A;N/A;N/A;N/A;N/A;N/A;N/A;N/A;N/A;N/A;N/A;N/A;N/A;N/A;N/A;N/A;N/A;N/A;N/A;N/A;N/A;N/A;N/A;N/A;N/A;N/A;N/A;N/A;N/A;N/A;N/A;N/A;N/A;N/A;N/A;N/A;N/A;N/A;N/A;N/A;N/A;N/A
Renault;Captur;"1.2 Tce120 Privilege";2017;"129000 km";;PAB_LAR2009;16000;;;;;Conciliación;https://auto.mercadolibre.com.uy/MLU-646816883-renault-captur-2017-12-tce120-privilege-_JM;N/A;;"Renault Captur 2017 1.2 Tce120 Privilege";usd;Sí;gold_premium;false;N/A;N/A;http://perfil.mercadolibre.com.uy/PAB_LAR2009;active;N/A;N/A;Usado;N/A;N/A;Hidráulica;Delantera;Sí;N/A;N/A;N/A;N/A;N/A;N/A;N/A;N/A;N/A;N/A;N/A;N/A;N/A;N/A;N/A;N/A;N/A;N/A;N/A;N/A;N/A;N/A;N/A;N/A;"2606 mm";"1.2 L";"45 L";6;N/A;N/A;N/A;N/A;N/A;N/A;N/A;N/A;N/A;N/A;N/A;N/A;N/A;N/A;N/A;N/A;N/A;N/A;N/A;N/A;N/A;N/A;N/A;N/A;N/A;N/A;N/A;N/A;N/A;N/A;N/A;N/A;N/A;N/A;N/A;N/A;N/A;N/A;N/A;N/A;N/A;N/A;N/A;N/A;N/A;"1566 mm";"4122 mm";N/A;N/A;N/A;N/A;5;"130 hp";Privilege;N/A;4;"1778 mm";N/A;N/A;N/A;N/A;N/A;N/A;N/A;N/A;N/A;N/A;N/A;N/A;N/A;N/A;N/A;N/A;N/A;N/A;5;1.2;Nafta;Manual;Hatchback;"Autos y camionetas";N/A;N/A;N/A;N/A;N/A;N/A;UY;N/A;N/A;N/A;N/A;N/A;N/A;N/A;N/A;N/A;N/A;N/A;N/A;N/A;N/A;N/A;N/A;N/A;N/A;N/A;N/A;N/A;N/A;N/A;N/A;N/A;N/A;N/A;N/A;N/A;N/A;N/A;N/A;N/A;N/A;N/A;N/A;N/A;N/A;N/A;N/A;N/A;N/A;N/A;N/A;N/A;N/A;N/A;N/A;N/A;N/A;N/A;N/A;N/A;N/A;N/A;N/A;N/A;N/A;N/A;N/A;N/A;N/A;N/A;N/A;N/A;N/A;N/A;N/A;N/A;N/A;N/A;N/A;N/A;N/A;N/A;N/A;N/A;N/A;N/A;N/A;N/A;N/A;N/A;N/A;N/A;N/A;N/A;N/A;N/A;N/A;N/A;N/A;N/A;N/A;N/A;N/A;N/A;N/A;N/A;N/A;N/A;N/A;N/A;N/A;N/A;N/A;N/A;N/A;N/A;N/A;N/A;N/A;N/A;N/A;N/A
Renault;Scénic;"2.0 Rt Abs Ab";2000;"220000 km";;LEONCENT;6490;;;;;"Piedras Blancas";https://auto.mercadolibre.com.uy/MLU-705110626-renault-scenic-20-rt-abs-ab-_JM;N/A;;"Renault Scénic 2.0 Rt Abs Ab";usd;No;gold_premium;false;N/A;N/A;http://perfil.mercadolibre.com.uy/LEONCENT;active;N/A;N/A;Usado;Rojo;No;Hidráulica;Delantera;Sí;Sí;N/A;N/A;N/A;N/A;N/A;N/A;N/A;N/A;N/A;N/A;Sí;N/A;N/A;N/A;N/A;N/A;N/A;N/A;N/A;N/A;N/A;N/A;N/A;"2580 mm";"2 L";"60 L";5;N/A;N/A;N/A;N/A;N/A;N/A;N/A;N/A;N/A;N/A;N/A;N/A;N/A;N/A;N/A;N/A;N/A;N/A;N/A;N/A;N/A;N/A;N/A;N/A;N/A;N/A;N/A;N/A;N/A;N/A;N/A;N/A;N/A;N/A;N/A;N/A;N/A;N/A;N/A;N/A;N/A;N/A;N/A;N/A;N/A;"1675 mm";"4169 mm";N/A;N/A;N/A;N/A;5;"115 hp";Rt;N/A;2;"1810 mm";"10.8 km/l";N/A;N/A;N/A;N/A;N/A;N/A;N/A;N/A;N/A;N/A;"6.4 km/l";N/A;N/A;N/A;N/A;N/A;N/A;5;2.0;Nafta;Manual;SUV;"Autos y camionetas";N/A;N/A;N/A;N/A;N/A;N/A;UY;N/A;Sí;N/A;N/A;N/A;N/A;N/A;N/A;N/A;N/A;N/A;N/A;N/A;N/A;N/A;N/A;N/A;N/A;N/A;N/A;N/A;N/A;N/A;N/A;N/A;N/A;N/A;N/A;N/A;N/A;N/A;N/A;N/A;N/A;N/A;N/A;N/A;N/A;N/A;N/A;N/A;N/A;N/A;N/A;N/A;N/A;N/A;N/A;N/A;N/A;N/A;N/A;N/A;N/A;N/A;N/A;N/A;N/A;N/A;N/A;N/A;N/A;N/A;N/A;N/A;N/A;N/A;N/A;N/A;N/A;N/A;N/A;N/A;N/A;N/A;N/A;N/A;N/A;N/A;N/A;N/A;N/A;N/A;N/A;N/A;N/A;N/A;N/A;N/A;No;Sí;Sí;N/A;Sí;N/A;N/A;N/A;N/A;Sí;N/A;N/A;Sí;N/A;N/A;N/A;N/A;N/A;Sí;Sí;Sí;N/A;N/A;Sí;N/A;Sí
Renault;"Duster Oroch";"Dynamique 2.0 4x4";2020;"148000 km";;MARCEBUT;16700;;;;;"La Blanqueada";https://auto.mercadolibre.com.uy/MLU-705082528-dueno-vende-renault-oroch-20-4x4-2020-impecable-_JM;N/A;;"Dueño Vende Renault Oroch 2.0 4x4 2020 Impecable";USD;Sí;gold_premium;false;N/A;N/A;http://perfil.mercadolibre.com.uy/MARCEBUT;active;N/A;N/A;Usado;Gris;No;Hidráulica;4x4;Sí;Sí;N/A;N/A;N/A;Sí;N/A;N/A;No;N/A;N/A;N/A;Sí;N/A;N/A;N/A;N/A;N/A;N/A;N/A;N/A;N/A;N/A;N/A;N/A;N/A;N/A;N/A;N/A;N/A;N/A;N/A;N/A;N/A;N/A;N/A;N/A;N/A;N/A;N/A;N/A;N/A;N/A;N/A;N/A;N/A;N/A;N/A;N/A;N/A;N/A;N/A;N/A;N/A;N/A;N/A;N/A;N/A;Sí;N/A;N/A;N/A;N/A;N/A;N/A;N/A;N/A;N/A;N/A;N/A;N/A;N/A;N/A;N/A;N/A;N/A;N/A;N/A;N/A;N/A;N/A;N/A;N/A;N/A;N/A;N/A;N/A;No;N/A;N/A;Sí;N/A;Sí;Sí;N/A;N/A;N/A;N/A;Sí;N/A;N/A;N/A;N/A;N/A;4;2.0;Nafta;Manual;Pick-Up;"Autos y camionetas";N/A;N/A;N/A;N/A;N/A;N/A;N/A;N/A;Sí;N/A;N/A;N/A;N/A;N/A;N/A;N/A;N/A;N/A;N/A;N/A;N/A;N/A;N/A;N/A;N/A;N/A;N/A;N/A;N/A;N/A;N/A;N/A;N/A;N/A;N/A;N/A;N/A;N/A;N/A;N/A;N/A;N/A;N/A;No;N/A;N/A;N/A;N/A;N/A;N/A;N/A;N/A;N/A;N/A;N/A;N/A;N/A;N/A;N/A;N/A;N/A;N/A;Sí;N/A;N/A;N/A;N/A;N/A;N/A;N/A;N/A;N/A;N/A;N/A;N/A;N/A;N/A;N/A;N/A;N/A;N/A;N/A;N/A;N/A;N/A;N/A;N/A;N/A;N/A;N/A;N/A;N/A;N/A;N/A;N/A;N/A;Sí;N/A;Sí;N/A;Sí;N/A;N/A;N/A;N/A;Sí;N/A;Sí;Sí;N/A;N/A;Sí;Sí;Sí;Sí;Sí;Sí;Sí;N/A;Sí;N/A;Sí
Renault;Duster;"2.0 Ph2 4x2 Privilege 143cv";2017;"75000 km";;BALCEDOMARCO;16500;;;;;Peñarol;https://auto.mercadolibre.com.uy/MLU-704806894-renault-duster-20-ph2-4x2-privilege-143cv-_JM;N/A;;"Renault Duster 2.0 Ph2 4x2 Privilege 143cv";usd;Sí;gold_premium;false;N/A;N/A;http://perfil.mercadolibre.com.uy/BALCEDOMARCO;active;N/A;N/A;Usado;Blanco;N/A;Hidráulica;4x2;Sí;N/A;Sí;N/A;N/A;N/A;N/A;N/A;N/A;N/A;N/A;N/A;Sí;N/A;N/A;N/A;N/A;N/A;N/A;N/A;N/A;N/A;N/A;N/A;N/A;"2674 mm";"2 L";"50 L";6;N/A;N/A;N/A;N/A;N/A;Sí;N/A;N/A;N/A;N/A;N/A;N/A;N/A;N/A;N/A;N/A;N/A;N/A;N/A;N/A;N/A;N/A;N/A;N/A;N/A;N/A;N/A;N/A;N/A;Sí;N/A;N/A;N/A;N/A;N/A;N/A;N/A;N/A;N/A;N/A;N/A;N/A;N/A;N/A;N/A;"1683 mm";"4329 mm";N/A;N/A;N/A;N/A;5;"143 hp";Privilege;N/A;4;"1822 mm";"10.8 km/l";Sí;N/A;Sí;Sí;N/A;Sí;Sí;N/A;N/A;N/A;N/A;N/A;N/A;N/A;N/A;Sí;N/A;5;2.0;Nafta;Manual;SUV;"Autos y camionetas";N/A;N/A;N/A;N/A;N/A;N/A;UY;N/A;N/A;N/A;N/A;N/A;N/A;N/A;N/A;N/A;N/A;N/A;N/A;N/A;N/A;N/A;N/A;N/A;N/A;N/A;N/A;N/A;N/A;N/A;N/A;N/A;N/A;N/A;N/A;N/A;N/A;N/A;N/A;N/A;N/A;N/A;N/A;N/A;N/A;N/A;N/A;N/A;N/A;N/A;N/A;N/A;N/A;N/A;N/A;N/A;N/A;N/A;N/A;N/A;N/A;N/A;N/A;N/A;N/A;N/A;N/A;N/A;N/A;N/A;N/A;N/A;N/A;N/A;N/A;N/A;N/A;N/A;N/A;N/A;N/A;N/A;N/A;N/A;N/A;N/A;N/A;N/A;N/A;N/A;N/A;N/A;N/A;N/A;N/A;N/A;N/A;N/A;Sí;N/A;N/A;N/A;N/A;N/A;N/A;N/A;N/A;N/A;N/A;N/A;N/A;N/A;Sí;N/A;N/A;N/A;Sí;N/A;N/A;N/A;N/A;Sí
Renault;Fluence;"2.0 Privilege Cvt";2012;"180000 km";;ANGELANDRSGMEZALZUGARAY;10800;;;;;"Paso de los Toros";https://auto.mercadolibre.com.uy/MLU-705862786-renault-fluence-2012-20-privilege-cvt-_JM;N/A;;"Renault Fluence 2012 2.0 Privilege Cvt";usd;Sí;gold_premium;false;N/A;N/A;http://perfil.mercadolibre.com.uy/ANGELANDRSGMEZALZUGARAY;active;N/A;N/A;Usado;N/A;N/A;Eléctrica;Delantera;N/A;N/A;Sí;N/A;N/A;N/A;N/A;N/A;Sí;N/A;N/A;N/A;N/A;N/A;N/A;N/A;N/A;N/A;N/A;N/A;N/A;N/A;N/A;N/A;N/A;"2700 mm";"2 L";"60 L";6;N/A;N/A;N/A;N/A;N/A;N/A;N/A;N/A;N/A;Sí;N/A;N/A;N/A;N/A;N/A;N/A;N/A;N/A;N/A;N/A;N/A;N/A;N/A;N/A;N/A;N/A;N/A;N/A;N/A;N/A;N/A;N/A;N/A;Sí;Sí;Sí;N/A;N/A;N/A;N/A;N/A;N/A;N/A;N/A;N/A;"1479 mm";"4618 mm";N/A;N/A;N/A;N/A;5;"143 hp";Privilege;N/A;4;"1810 mm";"11 km/l";Sí;N/A;N/A;Sí;N/A;N/A;Sí;N/A;N/A;N/A;"6.2 km/l";N/A;N/A;N/A;N/A;N/A;N/A;4;2.0;Nafta;Automática;Sedán;"Autos y camionetas";N/A;N/A;N/A;N/A;N/A;N/A;UY;N/A;N/A;N/A;N/A;N/A;N/A;N/A;N/A;N/A;N/A;N/A;N/A;N/A;N/A;N/A;N/A;N/A;N/A;N/A;N/A;N/A;N/A;N/A;N/A;N/A;N/A;N/A;N/A;N/A;N/A;N/A;N/A;N/A;N/A;N/A;N/A;N/A;N/A;N/A;N/A;N/A;N/A;N/A;N/A;N/A;N/A;N/A;N/A;N/A;N/A;N/A;N/A;N/A;N/A;N/A;N/A;N/A;N/A;N/A;N/A;N/A;N/A;N/A;N/A;N/A;N/A;N/A;N/A;N/A;N/A;N/A;N/A;N/A;N/A;N/A;N/A;N/A;N/A;N/A;N/A;N/A;N/A;N/A;N/A;N/A;N/A;N/A;N/A;N/A;N/A;N/A;N/A;N/A;N/A;N/A;N/A;N/A;N/A;N/A;Sí;N/A;N/A;N/A;N/A;N/A;Sí;N/A;N/A;N/A;N/A;N/A;N/A;Sí;N/A;N/A
Renault;Clio;"1.2 Iv Expression";2014;"158000 km";;AR20240805101313;7990;;;;;N/A;https://auto.mercadolibre.com.uy/MLU-704627638-oportunidad-renault-clio-hermoso-vendo-permuto-_JM;N/A;;"Oportunidad!!! Renault Clio Hermoso!!! Vendo - Permuto!!!";usd;Sí;gold_premium;false;N/A;N/A;http://perfil.mercadolibre.com.uy/AR20240805101313;active;N/A;N/A;Usado;Gris;N/A;Hidráulica;Delantera;N/A;N/A;Sí;N/A;N/A;N/A;N/A;N/A;N/A;N/A;N/A;N/A;N/A;N/A;N/A;N/A;N/A;N/A;N/A;N/A;N/A;N/A;N/A;N/A;N/A;"2472 mm";"1.2 L";"50 L";5;N/A;N/A;N/A;N/A;N/A;N/A;N/A;N/A;N/A;N/A;N/A;N/A;N/A;N/A;N/A;N/A;N/A;N/A;N/A;N/A;N/A;N/A;N/A;N/A;N/A;N/A;N/A;N/A;N/A;N/A;N/A;N/A;N/A;N/A;N/A;N/A;N/A;N/A;N/A;N/A;N/A;N/A;N/A;N/A;N/A;"1417 mm";"3811 mm";N/A;N/A;N/A;N/A;5;"75 hp";Authentique;N/A;4;"1639 mm";N/A;N/A;N/A;N/A;N/A;N/A;N/A;N/A;N/A;N/A;N/A;N/A;N/A;N/A;N/A;N/A;N/A;24/7;3;1.2;Nafta;Manual;Hatchback;"Autos y camionetas";N/A;N/A;N/A;N/A;N/A;N/A;UY;N/A;N/A;N/A;N/A;N/A;N/A;N/A;N/A;N/A;N/A;N/A;N/A;N/A;N/A;N/A;N/A;N/A;N/A;N/A;N/A;N/A;N/A;N/A;N/A;N/A;N/A;N/A;N/A;N/A;N/A;N/A;N/A;N/A;N/A;N/A;N/A;N/A;N/A;N/A;N/A;N/A;N/A;N/A;N/A;N/A;N/A;N/A;N/A;N/A;N/A;N/A;N/A;N/A;N/A;N/A;N/A;N/A;N/A;N/A;N/A;N/A;N/A;N/A;N/A;N/A;N/A;N/A;N/A;N/A;N/A;N/A;N/A;N/A;N/A;N/A;N/A;N/A;N/A;N/A;N/A;N/A;N/A;N/A;N/A;N/A;N/A;N/A;N/A;N/A;N/A;N/A;N/A;N/A;N/A;N/A;N/A;N/A;N/A;N/A;N/A;N/A;N/A;N/A;N/A;N/A;N/A;N/A;N/A;N/A;N/A;N/A;N/A;N/A;N/A;N/A
Renault;Oroch;"Expression 1.6 16v";2022;"114000 km";;TECNICO9822;16900;;;;;Quebracho;https://auto.mercadolibre.com.uy/MLU-647403593-renault-oroch-expression-16-16v-_JM;N/A;;"Renault Oroch Expression 1.6 16v ";USD;Sí;gold_premium;false;N/A;N/A;http://perfil.mercadolibre.com.uy/TECNICO9822;active;N/A;N/A;Usado;N/A;N/A;N/A;N/A;N/A;N/A;N/A;N/A;N/A;N/A;N/A;N/A;N/A;N/A;N/A;N/A;N/A;N/A;N/A;N/A;N/A;N/A;N/A;N/A;N/A;N/A;N/A;N/A;N/A;N/A;N/A;N/A;N/A;N/A;N/A;N/A;N/A;N/A;N/A;N/A;N/A;N/A;N/A;N/A;N/A;N/A;N/A;N/A;N/A;N/A;N/A;N/A;N/A;N/A;N/A;N/A;N/A;N/A;N/A;N/A;N/A;N/A;N/A;N/A;N/A;N/A;N/A;N/A;N/A;N/A;N/A;N/A;N/A;N/A;N/A;N/A;N/A;N/A;N/A;N/A;N/A;N/A;N/A;N/A;N/A;N/A;N/A;N/A;N/A;N/A;N/A;N/A;N/A;N/A;N/A;N/A;N/A;N/A;N/A;N/A;N/A;N/A;N/A;N/A;N/A;N/A;N/A;N/A;4;N/A;Nafta;N/A;N/A;"Autos y camionetas";N/A;N/A;N/A;N/A;N/A;N/A;N/A;N/A;N/A;N/A;N/A;N/A;N/A;N/A;N/A;N/A;N/A;N/A;N/A;N/A;N/A;N/A;N/A;N/A;N/A;N/A;N/A;N/A;N/A;N/A;N/A;N/A;N/A;N/A;N/A;N/A;N/A;N/A;N/A;N/A;N/A;N/A;N/A;N/A;N/A;N/A;N/A;N/A;N/A;N/A;N/A;N/A;N/A;N/A;N/A;N/A;N/A;N/A;N/A;N/A;N/A;N/A;N/A;N/A;N/A;N/A;N/A;N/A;N/A;N/A;N/A;N/A;N/A;N/A;N/A;N/A;N/A;N/A;N/A;N/A;N/A;N/A;N/A;N/A;N/A;N/A;N/A;N/A;N/A;N/A;N/A;N/A;N/A;N/A;N/A;N/A;N/A;N/A;N/A;N/A;N/A;N/A;N/A;N/A;N/A;N/A;N/A;N/A;N/A;N/A;N/A;N/A;N/A;N/A;N/A;N/A;N/A;N/A;N/A;N/A;N/A;N/A
Renault;"Duster Oroch";Expression;2018;"112235 km";;COSTAAUTOS;15700;;;;;Lagomar;https://auto.mercadolibre.com.uy/MLU-704781338-renault-oroch-expression-16-2018-impecable-costa-autos-_JM;N/A;;"Renault Oroch Expression 1.6 2018 Impecable! - Costa Autos";USD;Sí;gold_premium;false;N/A;N/A;http://perfil.mercadolibre.com.uy/COSTAAUTOS;active;N/A;N/A;Usado;"Gris oscuro";N/A;Hidráulica;N/A;Sí;Sí;Sí;N/A;N/A;N/A;Sí;Sí;N/A;N/A;Sí;N/A;Sí;N/A;N/A;N/A;N/A;N/A;N/A;N/A;N/A;N/A;N/A;N/A;N/A;N/A;"1600 cc";N/A;5;N/A;N/A;N/A;Sí;N/A;Sí;Sí;N/A;N/A;N/A;N/A;N/A;N/A;N/A;N/A;N/A;N/A;N/A;N/A;N/A;N/A;N/A;N/A;N/A;N/A;Sí;N/A;N/A;N/A;N/A;N/A;N/A;N/A;N/A;N/A;N/A;N/A;N/A;N/A;N/A;N/A;N/A;N/A;N/A;N/A;N/A;N/A;N/A;N/A;N/A;N/A;N/A;N/A;N/A;N/A;N/A;N/A;"14 km/l";N/A;N/A;N/A;Sí;N/A;Sí;Sí;N/A;N/A;N/A;"16 km/l";N/A;N/A;Sí;Sí;N/A;"Lun. a Vie. 9:30 a 13 y 14 a 19 hs. Sáb. 9:30 a 13:30 hs.";4;1.6;Nafta;Manual;Pick-Up;"Autos y camionetas";No;N/A;N/A;N/A;No;N/A;N/A;No;Sí;No;No;N/A;N/A;N/A;N/A;N/A;N/A;N/A;N/A;N/A;N/A;N/A;N/A;N/A;N/A;N/A;N/A;N/A;N/A;N/A;N/A;N/A;N/A;N/A;N/A;N/A;N/A;N/A;N/A;N/A;N/A;N/A;N/A;N/A;N/A;N/A;N/A;N/A;N/A;N/A;N/A;N/A;N/A;N/A;N/A;N/A;N/A;N/A;N/A;N/A;N/A;N/A;No;N/A;N/A;N/A;N/A;N/A;N/A;N/A;N/A;N/A;N/A;N/A;N/A;N/A;N/A;N/A;N/A;N/A;N/A;N/A;N/A;N/A;N/A;N/A;N/A;N/A;N/A;N/A;N/A;N/A;N/A;N/A;N/A;N/A;Sí;Sí;Sí;N/A;Sí;N/A;N/A;N/A;N/A;Sí;N/A;N/A;N/A;N/A;N/A;N/A;N/A;N/A;Sí;N/A;Sí;N/A;N/A;Sí;N/A;N/A
Renault;Koleos;"2.5 Zen Limited 4x2";2021;"52000 km";;RENEEFARINA;29900;;;;;"Punta del Este";https://auto.mercadolibre.com.uy/MLU-705056812-renault-koleos-2021-25-zen-limited-4x2-_JM;N/A;;"Renault Koleos 2021 2.5 Zen Limited 4x2";usd;Sí;gold_premium;false;N/A;N/A;http://perfil.mercadolibre.com.uy/RENEEFARINA;active;N/A;N/A;Usado;N/A;N/A;Eléctrica;4x2;N/A;N/A;Sí;N/A;N/A;N/A;N/A;N/A;N/A;N/A;N/A;N/A;N/A;N/A;N/A;N/A;N/A;N/A;N/A;N/A;N/A;N/A;N/A;N/A;N/A;"2690 mm";"2.5 L";"65 L";6;N/A;N/A;N/A;N/A;N/A;N/A;N/A;N/A;N/A;Sí;N/A;N/A;N/A;N/A;N/A;N/A;N/A;N/A;N/A;N/A;N/A;N/A;N/A;N/A;N/A;N/A;N/A;N/A;N/A;N/A;N/A;N/A;N/A;Sí;Sí;N/A;N/A;N/A;N/A;N/A;N/A;N/A;N/A;N/A;N/A;"1710 mm";"4520 mm";N/A;N/A;N/A;N/A;5;"170 hp";"Zen Limited";N/A;4;"1855 mm";"12.5 km/l";Sí;N/A;N/A;Sí;N/A;N/A;Sí;N/A;N/A;N/A;"8.3 km/l";N/A;N/A;N/A;N/A;N/A;N/A;5;2.5;Nafta;Manual;SUV;"Autos y camionetas";N/A;N/A;N/A;N/A;N/A;N/A;UY;N/A;N/A;N/A;N/A;N/A;N/A;N/A;N/A;N/A;N/A;N/A;N/A;N/A;N/A;N/A;N/A;N/A;N/A;N/A;N/A;N/A;N/A;N/A;N/A;N/A;N/A;N/A;N/A;N/A;N/A;N/A;N/A;N/A;N/A;N/A;N/A;N/A;N/A;N/A;N/A;N/A;N/A;N/A;N/A;N/A;N/A;N/A;N/A;N/A;N/A;N/A;N/A;N/A;N/A;N/A;N/A;N/A;N/A;N/A;N/A;N/A;N/A;N/A;N/A;N/A;N/A;N/A;N/A;N/A;N/A;N/A;N/A;N/A;N/A;N/A;N/A;N/A;N/A;N/A;N/A;N/A;N/A;N/A;N/A;N/A;N/A;N/A;N/A;N/A;N/A;N/A;N/A;N/A;N/A;N/A;N/A;N/A;N/A;N/A;N/A;N/A;N/A;N/A;N/A;N/A;Sí;N/A;N/A;N/A;N/A;N/A;N/A;N/A;N/A;N/A
Renault;Duster;"1.6 4x2 Dynamique 110cv";2012;"120000 km";;TINCHOPELLE;11500;;;;;Pocitos;https://auto.mercadolibre.com.uy/MLU-705195910-renault-duster-dynamique-16-incluye-patente-paga--_JM;N/A;;"Renault Duster Dynamique 1.6 - Incluye Patente Paga !!";usd;Sí;gold_premium;false;N/A;N/A;http://perfil.mercadolibre.com.uy/TINCHOPELLE;active;N/A;N/A;Usado;Verde;N/A;Hidráulica;4x2;Sí;Sí;N/A;N/A;N/A;N/A;N/A;N/A;N/A;N/A;N/A;N/A;Sí;N/A;N/A;N/A;N/A;N/A;N/A;N/A;N/A;N/A;N/A;N/A;N/A;"2673 mm";"1.6 L";"50 L";5;N/A;N/A;N/A;N/A;N/A;N/A;N/A;N/A;N/A;N/A;N/A;N/A;N/A;N/A;N/A;N/A;N/A;N/A;N/A;N/A;N/A;N/A;N/A;N/A;N/A;N/A;N/A;N/A;N/A;N/A;N/A;N/A;N/A;Sí;Sí;N/A;N/A;N/A;N/A;N/A;N/A;N/A;N/A;N/A;N/A;"1695 mm";"4315 mm";N/A;N/A;N/A;N/A;5;"110 hp";Dynamique;N/A;4;"1822 mm";"11.1 km/l";N/A;N/A;N/A;Sí;N/A;Sí;N/A;N/A;N/A;N/A;"10.4 km/l";N/A;N/A;N/A;N/A;Sí;N/A;5;1.6;Nafta;Manual;SUV;"Autos y camionetas";N/A;N/A;N/A;N/A;N/A;N/A;UY;N/A;N/A;N/A;N/A;N/A;N/A;N/A;N/A;N/A;N/A;N/A;N/A;N/A;N/A;N/A;N/A;N/A;N/A;N/A;N/A;N/A;N/A;N/A;N/A;N/A;N/A;N/A;N/A;N/A;N/A;N/A;N/A;N/A;N/A;N/A;N/A;N/A;N/A;N/A;N/A;N/A;N/A;N/A;N/A;N/A;N/A;N/A;N/A;N/A;N/A;N/A;N/A;N/A;N/A;N/A;N/A;N/A;N/A;N/A;N/A;N/A;N/A;N/A;N/A;N/A;N/A;N/A;N/A;N/A;N/A;N/A;N/A;N/A;N/A;N/A;N/A;N/A;N/A;N/A;N/A;N/A;N/A;N/A;N/A;N/A;N/A;N/A;N/A;N/A;N/A;Sí;N/A;N/A;N/A;N/A;N/A;N/A;N/A;Sí;N/A;N/A;Sí;N/A;N/A;N/A;Sí;Sí;Sí;N/A;Sí;Sí;N/A;N/A;N/A;N/A
Renault;Master;"Furgon L1 H1";2024;"0 km";;FACIL.CAR;31140;;;;;Centro;https://auto.mercadolibre.com.uy/MLU-704164064-renault-master-furgon-l1-h1-23-2024-0km-_JM;N/A;;"Renault Master Furgon L1 H1 2.3 2024 0km";USD;Sí;gold_premium;false;N/A;N/A;http://perfil.mercadolibre.com.uy/FACIL.CAR;active;N/A;N/A;Nuevo;Blanco;N/A;Asistida;N/A;Sí;Sí;Sí;N/A;N/A;N/A;N/A;Sí;N/A;N/A;N/A;N/A;Sí;N/A;N/A;N/A;N/A;N/A;N/A;N/A;N/A;N/A;N/A;N/A;N/A;N/A;"2300 cc";N/A;N/A;N/A;N/A;N/A;N/A;N/A;N/A;N/A;N/A;N/A;N/A;N/A;N/A;N/A;N/A;N/A;N/A;N/A;N/A;N/A;N/A;N/A;N/A;N/A;N/A;N/A;N/A;N/A;N/A;N/A;N/A;N/A;N/A;N/A;N/A;N/A;N/A;N/A;N/A;N/A;N/A;N/A;N/A;N/A;N/A;N/A;N/A;N/A;N/A;N/A;N/A;N/A;N/A;N/A;N/A;N/A;N/A;N/A;N/A;N/A;N/A;N/A;N/A;N/A;Sí;Sí;N/A;N/A;N/A;N/A;N/A;N/A;N/A;N/A;N/A;"Lunes a Viernes de 9:00 a 18:30 horas";4;2.3;Diésel;Manual;Furgón;"Autos y camionetas";No;N/A;N/A;N/A;No;N/A;N/A;No;Sí;No;No;N/A;N/A;N/A;N/A;N/A;N/A;N/A;N/A;N/A;N/A;N/A;N/A;N/A;N/A;N/A;N/A;N/A;N/A;N/A;N/A;N/A;N/A;N/A;N/A;N/A;N/A;N/A;N/A;N/A;N/A;N/A;N/A;Sí;N/A;N/A;N/A;N/A;N/A;N/A;N/A;N/A;N/A;N/A;N/A;N/A;N/A;N/A;N/A;N/A;N/A;Sí;No;N/A;N/A;N/A;N/A;N/A;N/A;N/A;N/A;N/A;N/A;N/A;N/A;N/A;N/A;N/A;N/A;N/A;N/A;N/A;N/A;N/A;N/A;N/A;N/A;N/A;N/A;N/A;N/A;N/A;N/A;N/A;N/A;N/A;Sí;N/A;N/A;N/A;Sí;Sí;Sí;N/A;Sí;Sí;N/A;N/A;N/A;N/A;N/A;N/A;N/A;N/A;Sí;Sí;Sí;N/A;N/A;Sí;N/A;Sí
Renault;Kwid;"1.0 Sce 66cv Zen";2024;"22424 km";;FEDERICOSARRAUTE;12000;;;;;"Médanos de Solymar";https://auto.mercadolibre.com.uy/MLU-647541191-renault-kwid-10-sce-66cv-zen-_JM;N/A;;"Renault Kwid 1.0 Sce 66cv Zen";usd;Sí;gold_premium;false;N/A;N/A;http://perfil.mercadolibre.com.uy/FEDERICOSARRAUTE;active;N/A;N/A;Usado;Azul;Sí;Asistida;Delantera;N/A;N/A;Sí;N/A;N/A;N/A;N/A;N/A;N/A;N/A;N/A;N/A;N/A;N/A;N/A;N/A;N/A;N/A;N/A;N/A;N/A;N/A;N/A;N/A;N/A;"2423 mm";"1 L";"50 L";5;N/A;N/A;N/A;N/A;N/A;N/A;N/A;N/A;N/A;N/A;N/A;N/A;N/A;N/A;N/A;N/A;N/A;N/A;N/A;N/A;N/A;N/A;N/A;N/A;N/A;N/A;N/A;N/A;N/A;N/A;N/A;N/A;N/A;N/A;N/A;N/A;N/A;N/A;N/A;N/A;N/A;N/A;N/A;N/A;N/A;"1474 mm";"3680 mm";N/A;N/A;N/A;N/A;5;"66 hp";Zen;N/A;4;"1752 mm";N/A;N/A;N/A;N/A;N/A;N/A;N/A;N/A;N/A;N/A;N/A;N/A;N/A;N/A;N/A;N/A;N/A;"Lunes a domingos";5;1.0;Nafta;Manual;Hatchback;"Autos y camionetas";N/A;N/A;N/A;N/A;N/A;N/A;UY;N/A;N/A;N/A;N/A;N/A;N/A;N/A;N/A;N/A;N/A;N/A;N/A;N/A;N/A;N/A;N/A;N/A;N/A;N/A;N/A;N/A;N/A;N/A;N/A;N/A;N/A;N/A;N/A;N/A;N/A;N/A;N/A;N/A;N/A;N/A;N/A;N/A;N/A;N/A;N/A;N/A;N/A;N/A;N/A;N/A;N/A;N/A;N/A;N/A;N/A;N/A;N/A;N/A;N/A;N/A;N/A;N/A;N/A;N/A;N/A;N/A;N/A;N/A;N/A;N/A;N/A;N/A;N/A;N/A;N/A;N/A;N/A;N/A;N/A;N/A;N/A;N/A;N/A;N/A;N/A;N/A;N/A;N/A;N/A;N/A;N/A;N/A;N/A;N/A;N/A;N/A;N/A;N/A;N/A;N/A;N/A;N/A;N/A;N/A;N/A;N/A;N/A;N/A;N/A;N/A;N/A;N/A;N/A;N/A;N/A;N/A;N/A;N/A;N/A;N/A
Renault;Clio;"1.2 Authentique";2010;"153000 km";;"GABRIEL SERNA";7200;;;;;Pando;https://auto.mercadolibre.com.uy/MLU-702474118-renault-clio-12-authentique-_JM;N/A;;"Renault Clio 1.2 Authentique";usd;Sí;gold_premium;false;N/A;N/A;http://perfil.mercadolibre.com.uy/GABRIEL+SERNA;active;N/A;N/A;Usado;Gris;No;Hidráulica;Delantera;Sí;N/A;N/A;N/A;N/A;N/A;N/A;N/A;No;N/A;N/A;N/A;Sí;N/A;N/A;N/A;N/A;N/A;N/A;N/A;N/A;N/A;N/A;N/A;N/A;"2472 mm";"1.2 L";"50 L";5;N/A;N/A;N/A;N/A;N/A;N/A;N/A;N/A;N/A;N/A;N/A;N/A;N/A;N/A;N/A;N/A;N/A;N/A;N/A;N/A;N/A;N/A;N/A;N/A;N/A;N/A;N/A;N/A;N/A;No;N/A;N/A;N/A;N/A;N/A;N/A;N/A;N/A;N/A;N/A;N/A;N/A;N/A;N/A;N/A;"1435 mm";"3773 mm";N/A;N/A;N/A;N/A;5;"75 hp";Authentique;N/A;4;"1639 mm";N/A;No;N/A;N/A;Sí;N/A;No;No;N/A;No;N/A;N/A;N/A;Sí;N/A;N/A;No;"Lunes a sábado todo el día";5;1.2;Nafta;Manual;Hatchback;"Autos y camionetas";No;N/A;N/A;N/A;No;N/A;UY;N/A;No;N/A;No;N/A;N/A;N/A;N/A;N/A;N/A;N/A;N/A;N/A;N/A;N/A;N/A;N/A;N/A;N/A;N/A;N/A;N/A;N/A;N/A;N/A;N/A;N/A;N/A;N/A;N/A;N/A;N/A;N/A;N/A;N/A;N/A;No;N/A;N/A;N/A;N/A;N/A;N/A;N/A;N/A;N/A;N/A;N/A;N/A;N/A;N/A;N/A;N/A;N/A;No;Sí;N/A;N/A;N/A;N/A;N/A;N/A;N/A;N/A;N/A;N/A;N/A;N/A;N/A;N/A;N/A;N/A;N/A;N/A;N/A;N/A;N/A;N/A;N/A;N/A;N/A;N/A;N/A;N/A;N/A;N/A;N/A;N/A;N/A;N/A;N/A;No;N/A;N/A;N/A;N/A;N/A;N/A;N/A;N/A;N/A;Sí;N/A;N/A;N/A;Sí;Sí;Sí;Sí;No;No;No;No;N/A;Sí
Renault;Duster;"1.6 16v Intens Cvt";2021;"46600 km";;MEDEROSHORACIO;21800;;;;;Pocitos;https://auto.mercadolibre.com.uy/MLU-705286772-renault-duster-16-16v-intens-cvt-_JM;N/A;;"Renault Duster 1.6 16v Intens Cvt";usd;Sí;gold_premium;false;N/A;N/A;http://perfil.mercadolibre.com.uy/MEDEROSHORACIO;active;N/A;N/A;Usado;Azul;Sí;N/A;4x2;Sí;Sí;Sí;N/A;N/A;N/A;N/A;N/A;N/A;N/A;N/A;Sí;Sí;N/A;N/A;N/A;N/A;N/A;N/A;N/A;N/A;N/A;N/A;N/A;N/A;"2674 mm";"1.6 L";"50 L";6;N/A;N/A;N/A;N/A;N/A;N/A;N/A;N/A;N/A;N/A;N/A;N/A;N/A;N/A;N/A;N/A;N/A;N/A;N/A;N/A;N/A;N/A;N/A;N/A;N/A;N/A;N/A;N/A;N/A;N/A;N/A;N/A;N/A;N/A;N/A;N/A;N/A;N/A;N/A;N/A;N/A;N/A;N/A;N/A;N/A;"1683 mm";"4329 mm";N/A;N/A;N/A;N/A;5;"118 hp";Intens;N/A;4;"1822 mm";"11.1 km/l";No;N/A;Sí;Sí;N/A;Sí;Sí;N/A;N/A;N/A;"10.4 km/l";N/A;N/A;N/A;N/A;N/A;N/A;5;1.6;Nafta;Automática;SUV;"Autos y camionetas";N/A;N/A;N/A;N/A;N/A;N/A;UY;N/A;No;N/A;N/A;N/A;N/A;N/A;N/A;N/A;N/A;N/A;N/A;N/A;N/A;N/A;N/A;N/A;Sí;N/A;N/A;N/A;N/A;N/A;N/A;N/A;N/A;N/A;N/A;N/A;N/A;N/A;N/A;N/A;N/A;N/A;N/A;N/A;N/A;N/A;N/A;N/A;N/A;N/A;N/A;N/A;N/A;N/A;N/A;N/A;N/A;N/A;N/A;N/A;N/A;N/A;N/A;N/A;N/A;N/A;N/A;N/A;N/A;N/A;N/A;N/A;N/A;N/A;N/A;N/A;N/A;N/A;N/A;N/A;N/A;N/A;N/A;N/A;N/A;N/A;N/A;N/A;N/A;N/A;N/A;N/A;N/A;N/A;N/A;N/A;Sí;Sí;N/A;N/A;Sí;N/A;N/A;N/A;N/A;Sí;N/A;N/A;Sí;N/A;N/A;N/A;Sí;Sí;Sí;N/A;Sí;N/A;N/A;N/A;N/A;Sí
Renault;Oroch;"Dynamique 2.0";2018;"114000 km";;RENNACHO;15500;;;;;Salinas;https://auto.mercadolibre.com.uy/MLU-647429637-renault-oroch-dynamique-20-extra-full-servicie-recien-hecho-_JM;N/A;;"Renault Oroch Dynamique 2.0 Extra Full Servicie Recién Hecho";USD;Sí;gold_premium;false;N/A;N/A;http://perfil.mercadolibre.com.uy/RENNACHO;active;N/A;N/A;Usado;N/A;No;Hidráulica;Delantera;Sí;Sí;N/A;N/A;N/A;N/A;N/A;N/A;N/A;N/A;N/A;Sí;Sí;N/A;N/A;N/A;N/A;N/A;N/A;N/A;N/A;N/A;N/A;N/A;N/A;N/A;N/A;N/A;N/A;N/A;N/A;N/A;N/A;N/A;Sí;N/A;N/A;N/A;N/A;N/A;N/A;N/A;N/A;N/A;N/A;N/A;N/A;N/A;N/A;N/A;N/A;N/A;N/A;N/A;N/A;N/A;N/A;N/A;Sí;N/A;N/A;N/A;N/A;N/A;N/A;N/A;N/A;N/A;N/A;N/A;N/A;N/A;N/A;N/A;N/A;N/A;N/A;N/A;N/A;N/A;N/A;N/A;N/A;N/A;N/A;N/A;N/A;No;N/A;Sí;Sí;N/A;Sí;Sí;N/A;N/A;N/A;N/A;Sí;N/A;N/A;N/A;Sí;N/A;4;2.0;Nafta;Manual;Pick-Up;"Autos y camionetas";Sí;N/A;N/A;N/A;N/A;N/A;N/A;N/A;Sí;N/A;N/A;N/A;N/A;N/A;N/A;N/A;N/A;N/A;N/A;N/A;N/A;N/A;N/A;N/A;N/A;N/A;N/A;N/A;N/A;N/A;N/A;N/A;N/A;N/A;N/A;N/A;N/A;N/A;N/A;N/A;N/A;N/A;N/A;N/A;N/A;N/A;N/A;N/A;N/A;N/A;N/A;N/A;N/A;N/A;N/A;N/A;N/A;N/A;N/A;N/A;N/A;Sí;Sí;N/A;N/A;N/A;N/A;N/A;N/A;N/A;N/A;N/A;N/A;N/A;N/A;N/A;N/A;N/A;N/A;N/A;N/A;N/A;N/A;N/A;N/A;N/A;N/A;N/A;N/A;N/A;N/A;N/A;N/A;N/A;N/A;N/A;Sí;Sí;Sí;N/A;Sí;N/A;N/A;N/A;N/A;Sí;N/A;Sí;Sí;N/A;N/A;Sí;Sí;Sí;Sí;Sí;Sí;N/A;N/A;N/A;N/A;Sí
Renault;Megane;"Megane 2 cabrio";2005;"120000 km";;ABERROMEZZ;23000;;;;;Carrasco;https://auto.mercadolibre.com.uy/MLU-647403701-renault-megane-megane-2-cabrio-_JM;N/A;;"Renault Megane Megane 2 Cabrio";USD;No;gold_premium;false;N/A;N/A;http://perfil.mercadolibre.com.uy/ABERROMEZZ;active;N/A;N/A;Usado;Gris;N/A;Hidráulica;Delantera;Sí;Sí;N/A;N/A;N/A;N/A;N/A;N/A;Sí;N/A;N/A;N/A;Sí;N/A;N/A;N/A;N/A;N/A;N/A;N/A;N/A;N/A;N/A;N/A;N/A;N/A;N/A;N/A;N/A;N/A;N/A;N/A;N/A;N/A;Sí;N/A;N/A;N/A;N/A;N/A;N/A;N/A;N/A;N/A;N/A;N/A;N/A;N/A;N/A;N/A;N/A;N/A;N/A;N/A;N/A;N/A;N/A;N/A;No;N/A;N/A;N/A;N/A;N/A;N/A;N/A;N/A;N/A;N/A;N/A;N/A;N/A;N/A;N/A;N/A;N/A;N/A;N/A;N/A;N/A;N/A;N/A;N/A;N/A;N/A;N/A;N/A;Sí;N/A;Sí;Sí;N/A;Sí;Sí;N/A;Sí;N/A;N/A;Sí;Sí;N/A;N/A;Sí;N/A;2;"1.9  turbo diesel";Diésel;Manual;Cabriolet;"Autos y camionetas";N/A;N/A;N/A;N/A;N/A;N/A;N/A;N/A;N/A;N/A;N/A;N/A;N/A;N/A;N/A;N/A;N/A;N/A;N/A;N/A;N/A;N/A;N/A;N/A;N/A;N/A;N/A;N/A;N/A;N/A;N/A;N/A;N/A;N/A;N/A;N/A;N/A;N/A;N/A;N/A;N/A;N/A;N/A;N/A;N/A;N/A;N/A;N/A;N/A;N/A;N/A;N/A;N/A;N/A;N/A;N/A;N/A;N/A;N/A;N/A;N/A;N/A;N/A;N/A;N/A;N/A;N/A;N/A;N/A;N/A;N/A;N/A;N/A;N/A;N/A;N/A;N/A;N/A;N/A;N/A;N/A;N/A;N/A;N/A;N/A;N/A;N/A;N/A;N/A;N/A;N/A;N/A;N/A;N/A;N/A;N/A;Sí;N/A;Sí;N/A;Sí;N/A;N/A;N/A;N/A;Sí;N/A;Sí;Sí;N/A;N/A;N/A;N/A;Sí;Sí;Sí;Sí;N/A;N/A;N/A;N/A;N/A
Renault;Logan;"1.0 Life";2020;"115000 km";;SEBASTIANTR241;12000;;;;;"Las Toscas";https://auto.mercadolibre.com.uy/MLU-703796050-renault-logan-2020-10-life-_JM;N/A;;"Renault Logan 2020 1.0 Life";usd;Sí;gold_premium;false;N/A;N/A;http://perfil.mercadolibre.com.uy/SEBASTIANTR241;active;N/A;N/A;Usado;N/A;N/A;Hidráulica;Delantera;N/A;N/A;N/A;N/A;N/A;N/A;N/A;N/A;N/A;N/A;N/A;N/A;N/A;N/A;N/A;N/A;N/A;N/A;N/A;N/A;N/A;N/A;N/A;N/A;N/A;"2635 mm";"1 L";"50 L";5;N/A;N/A;N/A;N/A;N/A;N/A;N/A;N/A;N/A;N/A;N/A;N/A;N/A;N/A;N/A;N/A;N/A;N/A;N/A;N/A;N/A;N/A;N/A;N/A;N/A;N/A;N/A;N/A;N/A;N/A;N/A;N/A;N/A;N/A;N/A;N/A;N/A;N/A;N/A;N/A;N/A;N/A;N/A;N/A;N/A;"1529 mm";"4350 mm";N/A;N/A;N/A;N/A;5;"66 hp";Life;N/A;2;"1733 mm";"12.5 km/l";N/A;N/A;N/A;N/A;N/A;N/A;N/A;N/A;N/A;N/A;N/A;N/A;N/A;N/A;N/A;N/A;N/A;4;1.0;Nafta;Manual;Sedán;"Autos y camionetas";N/A;N/A;N/A;N/A;N/A;N/A;UY;N/A;N/A;N/A;N/A;N/A;N/A;N/A;N/A;N/A;N/A;N/A;N/A;N/A;N/A;N/A;N/A;N/A;N/A;N/A;N/A;N/A;N/A;N/A;N/A;N/A;N/A;N/A;N/A;N/A;N/A;N/A;N/A;N/A;N/A;N/A;N/A;N/A;N/A;N/A;N/A;N/A;N/A;N/A;N/A;N/A;N/A;N/A;N/A;N/A;N/A;N/A;N/A;N/A;N/A;N/A;N/A;N/A;N/A;N/A;N/A;N/A;N/A;N/A;N/A;N/A;N/A;N/A;N/A;N/A;N/A;N/A;N/A;N/A;N/A;N/A;N/A;N/A;N/A;N/A;N/A;N/A;N/A;N/A;N/A;N/A;N/A;N/A;N/A;N/A;N/A;N/A;N/A;N/A;N/A;N/A;N/A;N/A;N/A;N/A;N/A;N/A;N/A;N/A;N/A;N/A;N/A;N/A;N/A;N/A;N/A;N/A;N/A;N/A;N/A;N/A
Renault;"Grand Captur";"2.0 Zen";2017;"134000 km";;NMA20240427094351;14500;;;;;Cerrito;https://auto.mercadolibre.com.uy/MLU-706177418-renault-grand-captur-20-zen-_JM;N/A;;"Renault Grand Captur 2.0 Zen";usd;Sí;gold_premium;false;N/A;N/A;http://perfil.mercadolibre.com.uy/NMA20240427094351;active;N/A;N/A;Usado;Plateado;Sí;Hidráulica;Delantera;Sí;N/A;N/A;N/A;N/A;N/A;N/A;N/A;N/A;N/A;N/A;N/A;Sí;N/A;N/A;N/A;N/A;N/A;N/A;N/A;N/A;N/A;N/A;N/A;N/A;"2670 mm";"2 L";"45 L";6;N/A;N/A;N/A;N/A;N/A;Sí;N/A;N/A;N/A;N/A;N/A;N/A;N/A;N/A;N/A;N/A;N/A;N/A;N/A;N/A;N/A;N/A;N/A;N/A;N/A;N/A;N/A;N/A;N/A;N/A;N/A;N/A;N/A;N/A;N/A;N/A;N/A;N/A;N/A;N/A;N/A;N/A;N/A;N/A;N/A;"1556 mm";"4122 mm";N/A;N/A;N/A;N/A;5;"143 hp";Zen;N/A;4;"1778 mm";N/A;N/A;N/A;N/A;Sí;N/A;N/A;N/A;N/A;N/A;N/A;N/A;N/A;N/A;N/A;N/A;N/A;N/A;5;2.0;Nafta;Manual;Hatchback;"Autos y camionetas";N/A;N/A;N/A;N/A;N/A;N/A;UY;N/A;N/A;N/A;N/A;N/A;N/A;N/A;N/A;N/A;N/A;N/A;N/A;N/A;N/A;N/A;N/A;N/A;N/A;N/A;N/A;N/A;N/A;N/A;N/A;N/A;N/A;N/A;N/A;N/A;N/A;N/A;N/A;N/A;N/A;N/A;N/A;N/A;N/A;N/A;N/A;N/A;N/A;N/A;N/A;N/A;N/A;N/A;N/A;N/A;N/A;N/A;N/A;N/A;N/A;N/A;Sí;N/A;N/A;N/A;N/A;N/A;N/A;N/A;N/A;N/A;N/A;N/A;N/A;N/A;N/A;N/A;N/A;N/A;N/A;N/A;N/A;N/A;N/A;N/A;N/A;N/A;N/A;N/A;N/A;N/A;N/A;N/A;N/A;N/A;Sí;Sí;N/A;N/A;Sí;N/A;N/A;N/A;N/A;Sí;N/A;N/A;N/A;N/A;N/A;N/A;N/A;N/A;Sí;Sí;Sí;N/A;N/A;N/A;N/A;Sí
Renault;Duster;"1.6 Ph2 4x2 Dynamique 110cv";2020;"45000 km";;SEILEREZEQUIEL;16900;;;;;Cardona;https://auto.mercadolibre.com.uy/MLU-705997712-renault-duster-16-ph2-4x2-dynamique-110cv-_JM;N/A;;"Renault Duster 1.6 Ph2 4x2 Dynamique 110cv";usd;Sí;gold_premium;false;N/A;N/A;http://perfil.mercadolibre.com.uy/SEILEREZEQUIEL;active;N/A;N/A;Usado;Blanco;Sí;Hidráulica;4x2;N/A;N/A;Sí;N/A;N/A;N/A;N/A;N/A;N/A;N/A;N/A;N/A;N/A;N/A;N/A;N/A;N/A;N/A;N/A;N/A;N/A;N/A;N/A;N/A;N/A;"2674 mm";"1.6 L";"50 L";5;N/A;N/A;N/A;N/A;N/A;N/A;N/A;N/A;N/A;N/A;N/A;N/A;N/A;N/A;N/A;N/A;N/A;N/A;N/A;N/A;N/A;N/A;N/A;N/A;N/A;N/A;N/A;N/A;N/A;N/A;N/A;N/A;N/A;N/A;N/A;N/A;N/A;N/A;N/A;N/A;N/A;N/A;N/A;N/A;N/A;"1683 mm";"4329 mm";N/A;N/A;N/A;N/A;5;"110 hp";Dynamique;N/A;4;"1822 mm";"11.1 km/l";N/A;N/A;N/A;N/A;N/A;N/A;N/A;N/A;N/A;N/A;"10.4 km/l";N/A;N/A;N/A;N/A;N/A;N/A;5;1.6;Nafta;Manual;SUV;"Autos y camionetas";N/A;N/A;N/A;N/A;N/A;N/A;UY;N/A;N/A;N/A;N/A;N/A;N/A;N/A;N/A;N/A;N/A;N/A;N/A;N/A;N/A;N/A;N/A;N/A;N/A;N/A;N/A;N/A;N/A;N/A;N/A;N/A;N/A;N/A;N/A;N/A;N/A;N/A;N/A;N/A;N/A;N/A;N/A;N/A;N/A;N/A;N/A;N/A;N/A;N/A;N/A;N/A;N/A;N/A;N/A;N/A;N/A;N/A;N/A;N/A;N/A;N/A;N/A;N/A;N/A;N/A;N/A;N/A;N/A;N/A;N/A;N/A;N/A;N/A;N/A;N/A;N/A;N/A;N/A;N/A;N/A;N/A;N/A;N/A;N/A;N/A;N/A;N/A;N/A;N/A;N/A;N/A;N/A;N/A;N/A;N/A;N/A;N/A;N/A;N/A;N/A;N/A;N/A;N/A;N/A;N/A;N/A;N/A;N/A;N/A;N/A;N/A;N/A;N/A;N/A;N/A;N/A;N/A;N/A;N/A;N/A;N/A
Renault;"Duster Oroch";"2.0 Privilege";2018;"115000 km";;LUIIS77;16500;;;;;"Rafael Perazza";https://auto.mercadolibre.com.uy/MLU-703089244-renault-duster-oroch-20-privilege-_JM;N/A;;"Renault Duster Oroch 2.0 Privilege";usd;Sí;gold_premium;false;N/A;N/A;http://perfil.mercadolibre.com.uy/LUIIS77;active;N/A;N/A;Usado;Blanco;N/A;Hidráulica;4x2;Sí;N/A;N/A;N/A;N/A;N/A;N/A;N/A;N/A;N/A;N/A;N/A;N/A;N/A;N/A;N/A;N/A;N/A;N/A;N/A;N/A;N/A;N/A;N/A;N/A;"2829 mm";"2 L";"50 L";6;N/A;N/A;N/A;N/A;N/A;N/A;N/A;N/A;N/A;N/A;N/A;N/A;N/A;N/A;N/A;N/A;N/A;N/A;N/A;N/A;N/A;N/A;N/A;N/A;N/A;N/A;N/A;N/A;N/A;N/A;N/A;N/A;N/A;N/A;N/A;N/A;N/A;N/A;N/A;N/A;N/A;N/A;N/A;N/A;N/A;"1683 mm";"4329 mm";N/A;N/A;N/A;N/A;5;"143 hp";Privilege;N/A;4;"1821 mm";"10.8 km/l";N/A;N/A;N/A;N/A;N/A;N/A;N/A;N/A;N/A;N/A;N/A;N/A;N/A;N/A;N/A;N/A;N/A;5;2.0;Nafta;Manual;SUV;"Autos y camionetas";N/A;N/A;N/A;N/A;N/A;N/A;UY;N/A;N/A;N/A;N/A;N/A;N/A;N/A;N/A;N/A;N/A;N/A;N/A;N/A;N/A;N/A;N/A;N/A;N/A;N/A;N/A;N/A;N/A;N/A;N/A;N/A;N/A;N/A;N/A;N/A;N/A;N/A;N/A;N/A;N/A;N/A;N/A;N/A;N/A;N/A;N/A;N/A;N/A;N/A;N/A;N/A;N/A;N/A;N/A;N/A;N/A;N/A;N/A;N/A;N/A;N/A;N/A;N/A;N/A;N/A;N/A;N/A;N/A;N/A;N/A;N/A;N/A;N/A;N/A;N/A;N/A;N/A;N/A;N/A;N/A;N/A;N/A;N/A;N/A;N/A;N/A;N/A;N/A;N/A;N/A;N/A;N/A;N/A;N/A;N/A;N/A;N/A;N/A;N/A;N/A;N/A;N/A;N/A;N/A;N/A;N/A;N/A;N/A;N/A;N/A;N/A;N/A;N/A;N/A;N/A;N/A;N/A;N/A;N/A;N/A;N/A
Renault;Symbol;"1.6 Privilege";2011;"125000 km";;TEMA3207669;9500;;;;;Progreso;https://auto.mercadolibre.com.uy/MLU-702797992-renault-symbol-extra-full-_JM;N/A;;"Renault Symbol Extra Full";USD;Sí;gold_premium;false;N/A;N/A;http://perfil.mercadolibre.com.uy/TEMA3207669;active;N/A;N/A;Usado;Gris;No;Asistida;Delantera;Sí;Sí;N/A;N/A;N/A;No;N/A;N/A;No;N/A;N/A;No;Sí;N/A;No;N/A;N/A;N/A;N/A;N/A;N/A;N/A;N/A;N/A;N/A;N/A;N/A;N/A;N/A;N/A;N/A;N/A;N/A;N/A;No;N/A;N/A;N/A;N/A;N/A;N/A;N/A;N/A;N/A;N/A;N/A;N/A;N/A;N/A;N/A;N/A;N/A;N/A;N/A;N/A;N/A;N/A;N/A;No;N/A;N/A;N/A;N/A;N/A;N/A;N/A;N/A;N/A;N/A;N/A;N/A;N/A;N/A;N/A;N/A;N/A;N/A;N/A;N/A;N/A;N/A;N/A;N/A;N/A;N/A;N/A;N/A;No;N/A;Sí;No;N/A;Sí;Sí;N/A;No;N/A;N/A;Sí;No;N/A;N/A;Sí;24hrs;5;1.6;Nafta;Manual;Sedán;"Autos y camionetas";No;N/A;N/A;N/A;Sí;N/A;N/A;N/A;No;N/A;No;N/A;N/A;N/A;N/A;N/A;N/A;N/A;N/A;N/A;N/A;N/A;N/A;N/A;Sí;N/A;N/A;N/A;N/A;N/A;N/A;N/A;N/A;N/A;N/A;N/A;N/A;N/A;N/A;N/A;N/A;N/A;N/A;No;N/A;N/A;N/A;N/A;N/A;N/A;N/A;N/A;N/A;N/A;N/A;N/A;N/A;N/A;N/A;N/A;N/A;No;No;N/A;N/A;N/A;N/A;N/A;N/A;N/A;N/A;N/A;N/A;N/A;N/A;N/A;N/A;N/A;N/A;N/A;N/A;N/A;N/A;N/A;N/A;N/A;N/A;N/A;N/A;N/A;N/A;N/A;N/A;N/A;N/A;No;Sí;Sí;Sí;N/A;Sí;N/A;N/A;N/A;N/A;Sí;No;Sí;Sí;N/A;N/A;No;Sí;Sí;Sí;Sí;Sí;Sí;No;Sí;N/A;Sí
Renault;Sandero;"1.6 Expression 90cv";2017;"62000 km";;DESALFEDERICO;13900;;;;;Maldonado;https://auto.mercadolibre.com.uy/MLU-702756944-renault-sandero-16-expression-90cv-_JM;N/A;;"Renault Sandero 1.6 Expression 90cv";usd;Sí;gold_premium;false;N/A;N/A;http://perfil.mercadolibre.com.uy/DESALFEDERICO;active;N/A;N/A;Usado;Rojo;No;Hidráulica;Delantera;Sí;N/A;N/A;N/A;N/A;N/A;N/A;N/A;N/A;N/A;N/A;N/A;N/A;N/A;N/A;N/A;N/A;N/A;N/A;N/A;N/A;N/A;N/A;N/A;N/A;"2590 mm";"1.6 L";"50 L";5;N/A;N/A;N/A;N/A;N/A;N/A;N/A;N/A;N/A;N/A;N/A;N/A;N/A;N/A;N/A;N/A;N/A;N/A;N/A;N/A;N/A;N/A;N/A;N/A;N/A;N/A;N/A;N/A;N/A;N/A;N/A;N/A;N/A;N/A;N/A;N/A;N/A;N/A;N/A;N/A;N/A;N/A;N/A;N/A;N/A;"1536 mm";"4060 mm";N/A;N/A;N/A;N/A;5;"90 hp";Expression;N/A;2;"1733 mm";"10 km/l";N/A;N/A;N/A;N/A;N/A;N/A;N/A;N/A;N/A;Sí;"5.8 km/l";N/A;N/A;N/A;N/A;N/A;"Todos los días";5;1.6;Nafta;Manual;Hatchback;"Autos y camionetas";N/A;N/A;N/A;N/A;N/A;N/A;UY;N/A;N/A;N/A;N/A;N/A;N/A;N/A;N/A;N/A;N/A;N/A;N/A;N/A;N/A;N/A;N/A;N/A;N/A;N/A;N/A;N/A;N/A;N/A;N/A;N/A;N/A;N/A;N/A;N/A;N/A;N/A;N/A;N/A;N/A;N/A;N/A;N/A;N/A;N/A;N/A;N/A;N/A;N/A;N/A;N/A;N/A;N/A;N/A;N/A;N/A;N/A;N/A;N/A;N/A;N/A;N/A;N/A;N/A;N/A;N/A;N/A;N/A;N/A;N/A;N/A;N/A;N/A;N/A;N/A;N/A;N/A;N/A;N/A;N/A;N/A;N/A;N/A;N/A;N/A;N/A;N/A;N/A;N/A;N/A;N/A;N/A;N/A;N/A;N/A;N/A;N/A;N/A;N/A;N/A;N/A;N/A;N/A;N/A;N/A;N/A;N/A;N/A;N/A;N/A;N/A;N/A;N/A;N/A;N/A;N/A;Sí;N/A;N/A;N/A;N/A
Renault;Oroch;"1.6 Expression";2019;"130000 km";;NIFE6441298;13800;;;;;"Cementerio del Norte";https://auto.mercadolibre.com.uy/MLU-706124664-renault-oroch-_JM;N/A;;"Renault Oroch";USD;Sí;gold_premium;false;N/A;N/A;http://perfil.mercadolibre.com.uy/NIFE6441298;active;N/A;N/A;Usado;Gris;N/A;Hidráulica;N/A;Sí;N/A;N/A;N/A;N/A;N/A;N/A;N/A;N/A;N/A;N/A;N/A;Sí;N/A;Sí;N/A;N/A;N/A;N/A;N/A;N/A;N/A;N/A;N/A;N/A;N/A;N/A;N/A;N/A;N/A;N/A;N/A;N/A;N/A;N/A;N/A;N/A;N/A;N/A;N/A;N/A;N/A;N/A;N/A;N/A;N/A;N/A;N/A;N/A;N/A;N/A;N/A;N/A;N/A;N/A;N/A;N/A;N/A;N/A;N/A;N/A;N/A;N/A;N/A;N/A;N/A;N/A;N/A;N/A;N/A;N/A;N/A;N/A;N/A;N/A;N/A;N/A;N/A;N/A;N/A;N/A;N/A;N/A;N/A;N/A;N/A;N/A;N/A;N/A;N/A;Sí;N/A;N/A;N/A;N/A;N/A;N/A;N/A;N/A;N/A;N/A;N/A;N/A;N/A;5;1.6;Nafta;Manual;N/A;"Autos y camionetas";N/A;N/A;N/A;N/A;N/A;N/A;N/A;N/A;N/A;N/A;N/A;N/A;N/A;N/A;N/A;N/A;N/A;N/A;N/A;N/A;N/A;N/A;N/A;N/A;N/A;N/A;N/A;N/A;N/A;N/A;N/A;N/A;N/A;N/A;N/A;N/A;N/A;N/A;N/A;N/A;N/A;N/A;N/A;N/A;N/A;N/A;N/A;N/A;N/A;N/A;N/A;N/A;N/A;N/A;N/A;N/A;N/A;N/A;N/A;N/A;N/A;N/A;N/A;N/A;N/A;N/A;N/A;N/A;N/A;N/A;N/A;N/A;N/A;N/A;N/A;N/A;N/A;N/A;N/A;N/A;N/A;N/A;N/A;N/A;N/A;N/A;N/A;N/A;N/A;N/A;N/A;N/A;N/A;N/A;N/A;N/A;N/A;N/A;N/A;N/A;N/A;N/A;N/A;N/A;N/A;N/A;N/A;N/A;N/A;N/A;N/A;N/A;Sí;N/A;N/A;N/A;N/A;N/A;N/A;N/A;N/A;N/A
Renault;Kwid;"1.0 Sce 66cv Life";2020;"61000 km";;ELGALPONCITO2011;9990;;;;;"Joaquín Suárez";https://auto.mercadolibre.com.uy/MLU-706183444-renault-kwid-10-sce-66cv-life-_JM;N/A;;"Renault Kwid 1.0 Sce 66cv Life";usd;Sí;gold_premium;false;N/A;N/A;http://perfil.mercadolibre.com.uy/ELGALPONCITO2011;active;N/A;N/A;Usado;Rojo;Sí;Mecánica;Delantera;Sí;N/A;Sí;N/A;N/A;N/A;N/A;N/A;N/A;N/A;N/A;N/A;N/A;N/A;Sí;N/A;N/A;N/A;N/A;N/A;N/A;N/A;N/A;N/A;N/A;"2423 mm";"1 L";"50 L";5;N/A;N/A;N/A;N/A;N/A;N/A;N/A;N/A;N/A;N/A;N/A;N/A;N/A;N/A;N/A;N/A;N/A;N/A;N/A;N/A;N/A;N/A;N/A;N/A;N/A;N/A;N/A;N/A;N/A;N/A;N/A;N/A;N/A;N/A;N/A;N/A;N/A;N/A;N/A;N/A;N/A;N/A;N/A;N/A;N/A;"1474 mm";"3680 mm";N/A;N/A;N/A;N/A;5;"66 hp";Life;N/A;4;"1752 mm";N/A;N/A;N/A;Sí;Sí;N/A;Sí;N/A;N/A;N/A;N/A;N/A;N/A;N/A;N/A;N/A;Sí;"Luego de las 18hs para más info y coordinar.";5;1.0;Nafta;Manual;Hatchback;"Autos y camionetas";N/A;N/A;N/A;N/A;N/A;N/A;UY;N/A;N/A;N/A;N/A;N/A;N/A;N/A;N/A;N/A;N/A;N/A;N/A;N/A;N/A;N/A;N/A;N/A;N/A;N/A;N/A;N/A;N/A;N/A;N/A;N/A;N/A;N/A;N/A;N/A;N/A;N/A;N/A;N/A;N/A;N/A;N/A;N/A;N/A;N/A;N/A;N/A;N/A;N/A;N/A;N/A;N/A;N/A;N/A;N/A;N/A;N/A;N/A;N/A;N/A;N/A;No;N/A;N/A;N/A;N/A;N/A;N/A;N/A;N/A;N/A;N/A;N/A;N/A;N/A;N/A;N/A;N/A;N/A;N/A;N/A;N/A;N/A;N/A;N/A;N/A;N/A;N/A;N/A;N/A;N/A;N/A;N/A;N/A;N/A;Sí;N/A;N/A;N/A;Sí;N/A;N/A;N/A;N/A;Sí;N/A;N/A;Sí;N/A;N/A;N/A;N/A;Sí;Sí;Sí;Sí;N/A;N/A;Sí;N/A;Sí
Renault;Duster;"1.6 Ph2 4x2 Dynamique 110cv";2019;"78000 km";;KOIFISH88;15800;;;;;"Punta del Este";https://auto.mercadolibre.com.uy/MLU-705252500-renault-duster-16-ph2-4x2-dynamique-110cv-_JM;N/A;;"Renault Duster 1.6 Ph2 4x2 Dynamique 110cv";usd;Sí;gold_premium;false;N/A;N/A;http://perfil.mercadolibre.com.uy/KOIFISH88;active;N/A;N/A;Usado;Blanco;No;Hidráulica;4x2;Sí;Sí;Sí;N/A;N/A;N/A;N/A;N/A;No;N/A;N/A;Sí;Sí;N/A;No;N/A;N/A;N/A;N/A;N/A;N/A;N/A;N/A;N/A;N/A;"2674 mm";"1.6 L";"50 L";5;N/A;N/A;N/A;N/A;N/A;No;N/A;N/A;N/A;N/A;N/A;N/A;N/A;N/A;N/A;N/A;N/A;N/A;N/A;N/A;N/A;N/A;N/A;N/A;N/A;N/A;N/A;N/A;N/A;No;N/A;N/A;N/A;N/A;N/A;N/A;N/A;N/A;N/A;N/A;N/A;N/A;N/A;N/A;N/A;"1683 mm";"4329 mm";N/A;N/A;N/A;N/A;5;"110 hp";Dynamique;N/A;4;"1822 mm";"11.1 km/l";N/A;N/A;No;Sí;N/A;N/A;N/A;N/A;No;N/A;"10.4 km/l";N/A;No;N/A;N/A;No;"Todo el día";5;1.6;Nafta;Manual;SUV;"Autos y camionetas";N/A;N/A;N/A;N/A;N/A;N/A;UY;N/A;N/A;N/A;N/A;N/A;N/A;N/A;N/A;N/A;N/A;N/A;N/A;N/A;N/A;N/A;N/A;N/A;Sí;N/A;N/A;N/A;N/A;N/A;N/A;N/A;N/A;N/A;N/A;N/A;N/A;N/A;N/A;N/A;N/A;N/A;N/A;N/A;N/A;N/A;N/A;N/A;N/A;N/A;N/A;N/A;N/A;N/A;N/A;N/A;N/A;N/A;N/A;N/A;N/A;N/A;N/A;N/A;N/A;N/A;N/A;N/A;N/A;N/A;N/A;N/A;N/A;N/A;N/A;N/A;N/A;N/A;N/A;N/A;N/A;N/A;N/A;N/A;N/A;N/A;N/A;N/A;N/A;N/A;N/A;N/A;N/A;N/A;N/A;No;Sí;Sí;No;N/A;Sí;N/A;N/A;N/A;N/A;Sí;N/A;Sí;Sí;N/A;N/A;Sí;Sí;Sí;Sí;Sí;Sí;No;No;No;N/A;Sí
Renault;"Sandero Stepway";"1.6 Confort 105cv";2012;"99000 km";;ANDES1986UY;9500;;;;;Progreso;https://auto.mercadolibre.com.uy/MLU-703535504-renault-sandero-stepway-2012-16-confort-105cv-_JM;N/A;;"Renault Sandero Stepway 2012 1.6 Confort 105cv";usd;Sí;gold_premium;false;N/A;N/A;http://perfil.mercadolibre.com.uy/ANDES1986UY;active;N/A;N/A;Usado;N/A;N/A;Hidráulica;Delantera;N/A;N/A;N/A;N/A;N/A;N/A;N/A;N/A;N/A;N/A;N/A;N/A;N/A;N/A;N/A;N/A;N/A;N/A;N/A;N/A;N/A;N/A;N/A;N/A;N/A;"2588 mm";"1.6 L";"50 L";5;N/A;N/A;N/A;N/A;N/A;N/A;N/A;N/A;N/A;N/A;N/A;N/A;N/A;N/A;N/A;N/A;N/A;N/A;N/A;N/A;N/A;N/A;N/A;N/A;N/A;N/A;N/A;N/A;N/A;N/A;N/A;N/A;N/A;N/A;N/A;N/A;N/A;N/A;N/A;N/A;N/A;N/A;N/A;N/A;N/A;"1630 mm";"4091 mm";N/A;N/A;N/A;N/A;5;"105 hp";Confort;N/A;4;"1751 mm";"9.3 km/l";N/A;N/A;N/A;N/A;N/A;N/A;Sí;N/A;N/A;N/A;"5.9 km/l";N/A;N/A;N/A;N/A;N/A;N/A;5;1.6;Nafta;Manual;Hatchback;"Autos y camionetas";N/A;N/A;N/A;N/A;N/A;N/A;UY;N/A;N/A;N/A;N/A;N/A;N/A;N/A;N/A;N/A;N/A;N/A;N/A;N/A;N/A;N/A;N/A;N/A;N/A;N/A;N/A;N/A;N/A;N/A;N/A;N/A;N/A;N/A;N/A;N/A;N/A;N/A;N/A;N/A;N/A;N/A;N/A;N/A;N/A;N/A;N/A;N/A;N/A;N/A;N/A;N/A;N/A;N/A;N/A;N/A;N/A;N/A;N/A;N/A;N/A;N/A;N/A;N/A;N/A;N/A;N/A;N/A;N/A;N/A;N/A;N/A;N/A;N/A;N/A;N/A;N/A;N/A;N/A;N/A;N/A;N/A;N/A;N/A;N/A;N/A;N/A;N/A;N/A;N/A;N/A;N/A;N/A;N/A;N/A;N/A;N/A;N/A;N/A;N/A;N/A;N/A;N/A;N/A;N/A;N/A;N/A;N/A;N/A;N/A;N/A;N/A;Sí;N/A;N/A;N/A;N/A;N/A;N/A;Sí;N/A;N/A
Renault;Clio;"1.2 Authentique Aa Da";2006;"293000 km";;FELIPEBORSIERI;6500;;;;;Maldonado;https://auto.mercadolibre.com.uy/MLU-703041938-renault-clio-2006-12-authentique-aa-da-_JM;N/A;;"Renault Clio 2006 1.2 Authentique Aa Da";usd;No;gold_premium;false;N/A;N/A;http://perfil.mercadolibre.com.uy/FELIPEBORSIERI;active;N/A;N/A;Usado;N/A;N/A;Hidráulica;Delantera;Sí;N/A;N/A;N/A;N/A;N/A;N/A;N/A;N/A;N/A;N/A;N/A;N/A;N/A;N/A;N/A;N/A;N/A;N/A;N/A;N/A;N/A;N/A;N/A;N/A;"2472 mm";"1.2 L";"50 L";5;N/A;N/A;N/A;N/A;N/A;N/A;N/A;N/A;N/A;N/A;N/A;N/A;N/A;N/A;N/A;N/A;N/A;N/A;N/A;N/A;N/A;N/A;N/A;N/A;N/A;N/A;N/A;N/A;N/A;N/A;N/A;N/A;N/A;N/A;N/A;N/A;N/A;N/A;N/A;N/A;N/A;N/A;N/A;N/A;N/A;"1435 mm";"3773 mm";N/A;N/A;N/A;N/A;5;"75 hp";Authentique;N/A;4;"1639 mm";N/A;N/A;N/A;N/A;Sí;N/A;N/A;N/A;N/A;N/A;N/A;N/A;N/A;N/A;N/A;N/A;N/A;N/A;3;1.2;Nafta;Manual;Hatchback;"Autos y camionetas";N/A;N/A;N/A;N/A;N/A;N/A;UY;N/A;N/A;N/A;N/A;N/A;N/A;N/A;N/A;N/A;N/A;N/A;N/A;N/A;N/A;N/A;N/A;N/A;N/A;N/A;N/A;N/A;N/A;N/A;N/A;N/A;N/A;N/A;N/A;N/A;N/A;N/A;N/A;N/A;N/A;N/A;N/A;N/A;N/A;N/A;N/A;N/A;N/A;N/A;N/A;N/A;N/A;N/A;N/A;N/A;N/A;N/A;N/A;N/A;N/A;N/A;N/A;N/A;N/A;N/A;N/A;N/A;N/A;N/A;N/A;N/A;N/A;N/A;N/A;N/A;N/A;N/A;N/A;N/A;N/A;N/A;N/A;N/A;N/A;N/A;N/A;N/A;N/A;N/A;N/A;N/A;N/A;N/A;N/A;N/A;N/A;N/A;N/A;N/A;N/A;N/A;N/A;N/A;N/A;N/A;N/A;N/A;N/A;N/A;N/A;N/A;Sí;N/A;N/A;N/A;N/A;N/A;N/A;N/A;N/A;N/A
Renault;Duster;"1.6 Ph2 4x2 Dynamique 110cv";2016;"116000 km";;CAJU6216177;13900;;;;;Canelones;https://auto.mercadolibre.com.uy/MLU-702716524-renault-duster-2016-16-ph2-4x2-dynamique-110cv-_JM;N/A;;"Renault Duster 2016 1.6 Ph2 4x2 Dynamique 110cv";usd;Sí;gold_premium;false;N/A;N/A;http://perfil.mercadolibre.com.uy/CAJU6216177;active;N/A;N/A;Usado;N/A;N/A;Hidráulica;4x2;N/A;N/A;Sí;N/A;N/A;N/A;N/A;N/A;N/A;N/A;N/A;N/A;N/A;N/A;N/A;N/A;N/A;N/A;N/A;N/A;N/A;N/A;N/A;N/A;N/A;"2674 mm";"1.6 L";"50 L";5;N/A;N/A;N/A;N/A;N/A;N/A;N/A;N/A;N/A;N/A;N/A;N/A;N/A;N/A;N/A;N/A;N/A;N/A;N/A;N/A;N/A;N/A;N/A;N/A;N/A;N/A;N/A;N/A;N/A;N/A;N/A;N/A;N/A;N/A;N/A;N/A;N/A;N/A;N/A;N/A;N/A;N/A;N/A;N/A;N/A;"1683 mm";"4329 mm";N/A;N/A;N/A;N/A;5;"110 hp";Dynamique;N/A;4;"1822 mm";"11.1 km/l";N/A;N/A;N/A;N/A;N/A;N/A;N/A;N/A;N/A;N/A;"10.4 km/l";N/A;N/A;N/A;N/A;N/A;N/A;5;1.6;Nafta;Manual;SUV;"Autos y camionetas";N/A;N/A;N/A;N/A;N/A;N/A;UY;N/A;N/A;N/A;N/A;N/A;N/A;N/A;N/A;N/A;N/A;N/A;N/A;N/A;N/A;N/A;N/A;N/A;N/A;N/A;N/A;N/A;N/A;N/A;N/A;N/A;N/A;N/A;N/A;N/A;N/A;N/A;N/A;N/A;N/A;N/A;N/A;N/A;N/A;N/A;N/A;N/A;N/A;N/A;N/A;N/A;N/A;N/A;N/A;N/A;N/A;N/A;N/A;N/A;N/A;N/A;N/A;N/A;N/A;N/A;N/A;N/A;N/A;N/A;N/A;N/A;N/A;N/A;N/A;N/A;N/A;N/A;N/A;N/A;N/A;N/A;N/A;N/A;N/A;N/A;N/A;N/A;N/A;N/A;N/A;N/A;N/A;N/A;N/A;N/A;N/A;N/A;N/A;N/A;N/A;N/A;N/A;N/A;N/A;N/A;N/A;N/A;N/A;N/A;N/A;N/A;N/A;N/A;N/A;N/A;N/A;N/A;N/A;N/A;N/A;N/A
Renault;Sandero;Privilege;2020;"59300 km";;"MICRO HOBBY";12900;;;;;Unión;https://auto.mercadolibre.com.uy/MLU-706131202-renault-sandero-1600-ano-2020-_JM;N/A;;"Renault Sandero 1600 Año 2020";usd;Sí;gold_premium;false;N/A;N/A;http://perfil.mercadolibre.com.uy/MICRO+HOBBY;active;N/A;N/A;Usado;Blanco;N/A;Asistida;Delantera;Sí;N/A;Sí;N/A;N/A;Sí;N/A;N/A;N/A;N/A;N/A;N/A;N/A;N/A;N/A;N/A;N/A;N/A;N/A;N/A;N/A;N/A;N/A;N/A;N/A;"2590 mm";"1.6 L";"50 L";5;N/A;N/A;N/A;N/A;N/A;N/A;N/A;N/A;N/A;N/A;N/A;N/A;N/A;N/A;N/A;N/A;N/A;N/A;N/A;N/A;N/A;N/A;N/A;N/A;N/A;N/A;N/A;N/A;N/A;N/A;N/A;N/A;N/A;N/A;N/A;N/A;N/A;N/A;N/A;N/A;N/A;N/A;N/A;N/A;N/A;"1536 mm";"4060 mm";N/A;N/A;N/A;N/A;5;"105 hp";Privilege;N/A;4;"1733 mm";"9.5 km/l";Sí;N/A;N/A;N/A;N/A;N/A;N/A;N/A;N/A;N/A;"5.7 km/l";N/A;N/A;N/A;N/A;N/A;"13 a 20 Hs";5;1600;Nafta;Manual;Hatchback;"Autos y camionetas";N/A;N/A;N/A;N/A;N/A;N/A;UY;N/A;N/A;N/A;N/A;N/A;N/A;N/A;N/A;N/A;N/A;N/A;N/A;N/A;N/A;N/A;N/A;N/A;N/A;N/A;N/A;N/A;N/A;N/A;N/A;N/A;N/A;N/A;N/A;N/A;N/A;N/A;N/A;N/A;N/A;N/A;N/A;N/A;N/A;N/A;N/A;N/A;N/A;N/A;N/A;N/A;N/A;N/A;N/A;N/A;N/A;N/A;N/A;N/A;N/A;N/A;N/A;N/A;N/A;N/A;N/A;N/A;N/A;N/A;N/A;N/A;N/A;N/A;N/A;N/A;N/A;N/A;N/A;N/A;N/A;N/A;N/A;N/A;N/A;N/A;N/A;N/A;N/A;N/A;N/A;N/A;N/A;N/A;N/A;N/A;N/A;N/A;N/A;N/A;N/A;N/A;N/A;N/A;N/A;N/A;N/A;N/A;N/A;N/A;N/A;N/A;N/A;N/A;N/A;N/A;N/A;Sí;N/A;N/A;N/A;N/A
Renault;"Duster Oroch";"2.0 Privilege";2021;"85700 km";;FARIASDEMELLOCRISTIANOMAR;19000;;;;;Rivera;https://auto.mercadolibre.com.uy/MLU-703115644-renault-duster-oroch-2021-20-privilege-_JM;N/A;;"Renault Duster Oroch 2021 2.0 Privilege";usd;Sí;gold_premium;false;N/A;N/A;http://perfil.mercadolibre.com.uy/FARIASDEMELLOCRISTIANOMAR;active;N/A;N/A;Usado;N/A;N/A;N/A;4x2;Sí;N/A;N/A;N/A;N/A;N/A;N/A;N/A;N/A;N/A;N/A;N/A;N/A;N/A;N/A;N/A;N/A;N/A;N/A;N/A;N/A;N/A;N/A;N/A;N/A;"2829 mm";"2 L";"50 L";6;N/A;N/A;N/A;N/A;N/A;N/A;N/A;N/A;N/A;N/A;N/A;N/A;N/A;N/A;N/A;N/A;N/A;N/A;N/A;N/A;N/A;N/A;N/A;N/A;N/A;N/A;N/A;N/A;N/A;N/A;N/A;N/A;N/A;N/A;N/A;N/A;N/A;N/A;N/A;N/A;N/A;N/A;N/A;N/A;N/A;"1683 mm";"4329 mm";N/A;N/A;N/A;N/A;5;"143 hp";Privilege;N/A;4;"1821 mm";"10.8 km/l";N/A;N/A;N/A;N/A;N/A;N/A;N/A;N/A;N/A;N/A;N/A;N/A;N/A;N/A;N/A;N/A;N/A;5;2.0;Nafta;Manual;SUV;"Autos y camionetas";N/A;N/A;N/A;N/A;N/A;N/A;UY;N/A;N/A;N/A;N/A;N/A;N/A;N/A;N/A;N/A;N/A;N/A;N/A;N/A;N/A;N/A;N/A;N/A;N/A;N/A;N/A;N/A;N/A;N/A;N/A;N/A;N/A;N/A;N/A;N/A;N/A;N/A;N/A;N/A;N/A;N/A;N/A;N/A;N/A;N/A;N/A;N/A;N/A;N/A;N/A;N/A;N/A;N/A;N/A;N/A;N/A;N/A;N/A;N/A;N/A;N/A;N/A;N/A;N/A;N/A;N/A;N/A;N/A;N/A;N/A;N/A;N/A;N/A;N/A;N/A;N/A;N/A;N/A;N/A;N/A;N/A;N/A;N/A;N/A;N/A;N/A;N/A;N/A;N/A;N/A;N/A;N/A;N/A;N/A;N/A;N/A;N/A;N/A;N/A;N/A;N/A;N/A;N/A;N/A;N/A;N/A;N/A;N/A;N/A;N/A;N/A;N/A;N/A;N/A;N/A;N/A;N/A;N/A;N/A;N/A;N/A
Renault;Clio;"1.2 Pack";2011;"160000 km";;CAR2616;8900;;;;;Aguada;https://auto.mercadolibre.com.uy/MLU-647120629-renault-clio-12-pack-_JM;N/A;;"Renault Clio 1.2 Pack";usd;Sí;gold_premium;false;N/A;N/A;http://perfil.mercadolibre.com.uy/CAR2616;active;N/A;N/A;Usado;Gris;N/A;Hidráulica;Delantera;Sí;N/A;N/A;N/A;N/A;N/A;N/A;N/A;N/A;N/A;N/A;N/A;Sí;N/A;N/A;N/A;N/A;N/A;N/A;N/A;N/A;N/A;N/A;N/A;N/A;"2472 mm";"1.2 L";"50 L";5;N/A;N/A;N/A;N/A;N/A;N/A;N/A;N/A;N/A;N/A;N/A;N/A;N/A;N/A;N/A;N/A;N/A;N/A;N/A;N/A;N/A;N/A;N/A;N/A;N/A;N/A;N/A;N/A;N/A;N/A;N/A;N/A;N/A;N/A;N/A;N/A;N/A;N/A;N/A;N/A;N/A;N/A;N/A;N/A;N/A;"1417 mm";"3813 mm";N/A;N/A;N/A;N/A;5;"75 hp";Pack;N/A;4;"1639 mm";N/A;N/A;N/A;N/A;Sí;N/A;N/A;N/A;N/A;N/A;N/A;N/A;N/A;N/A;N/A;N/A;Sí;N/A;5;1.2;Nafta;Manual;Hatchback;"Autos y camionetas";N/A;N/A;N/A;N/A;N/A;N/A;UY;N/A;N/A;N/A;N/A;N/A;N/A;N/A;N/A;N/A;N/A;N/A;N/A;N/A;N/A;N/A;N/A;N/A;N/A;N/A;N/A;N/A;N/A;N/A;N/A;N/A;N/A;N/A;N/A;N/A;N/A;N/A;N/A;N/A;N/A;N/A;N/A;N/A;N/A;N/A;N/A;N/A;N/A;N/A;N/A;N/A;N/A;N/A;N/A;N/A;N/A;N/A;N/A;N/A;N/A;N/A;N/A;N/A;N/A;N/A;N/A;N/A;N/A;N/A;N/A;N/A;N/A;N/A;N/A;N/A;N/A;N/A;N/A;N/A;N/A;N/A;N/A;N/A;N/A;N/A;N/A;N/A;N/A;N/A;N/A;N/A;N/A;N/A;N/A;N/A;N/A;N/A;N/A;N/A;N/A;N/A;N/A;N/A;N/A;N/A;N/A;N/A;Sí;N/A;N/A;N/A;Sí;N/A;Sí;Sí;N/A;Sí;N/A;N/A;N/A;N/A
Renault;Oroch;"1.6 Sce Zen 2Wd Mt";2023;"22000 km";;FISA1935066;19990;;;;;Florida;https://auto.mercadolibre.com.uy/MLU-705062692-renault-oroch-16-sce-zen-2wd-mt-_JM;N/A;;"Renault Oroch 1.6 Sce Zen 2wd Mt";usd;Sí;gold_premium;false;N/A;N/A;http://perfil.mercadolibre.com.uy/FISA1935066;active;N/A;N/A;Usado;Plateado;Sí;N/A;Delantera;N/A;N/A;N/A;N/A;N/A;N/A;N/A;N/A;N/A;N/A;N/A;N/A;N/A;N/A;N/A;N/A;N/A;N/A;N/A;N/A;N/A;N/A;N/A;N/A;N/A;"2890 mm";"1.6 L";"45 L";6;N/A;N/A;N/A;N/A;N/A;N/A;N/A;N/A;N/A;N/A;N/A;N/A;N/A;N/A;N/A;N/A;N/A;N/A;N/A;N/A;N/A;N/A;N/A;N/A;N/A;N/A;N/A;N/A;N/A;N/A;N/A;N/A;N/A;N/A;N/A;N/A;N/A;N/A;N/A;N/A;N/A;N/A;N/A;N/A;N/A;"1694 mm";"4700 mm";N/A;N/A;N/A;N/A;5;"118 hp";Zen;N/A;4;"1821 mm";N/A;N/A;N/A;N/A;N/A;N/A;N/A;N/A;N/A;N/A;N/A;N/A;N/A;N/A;N/A;N/A;N/A;Continuó;4;1.6;Nafta;Manual;Pick-Up;"Autos y camionetas";N/A;N/A;N/A;N/A;N/A;N/A;UY;N/A;N/A;N/A;N/A;N/A;N/A;N/A;N/A;N/A;N/A;N/A;N/A;N/A;N/A;N/A;N/A;N/A;N/A;N/A;N/A;N/A;N/A;N/A;N/A;N/A;N/A;N/A;N/A;N/A;N/A;N/A;N/A;N/A;N/A;N/A;N/A;N/A;N/A;N/A;N/A;N/A;N/A;N/A;N/A;N/A;N/A;N/A;N/A;N/A;N/A;N/A;N/A;N/A;N/A;N/A;N/A;N/A;N/A;N/A;N/A;N/A;N/A;N/A;N/A;N/A;N/A;N/A;N/A;N/A;N/A;N/A;N/A;N/A;N/A;N/A;N/A;N/A;N/A;N/A;N/A;N/A;N/A;N/A;N/A;N/A;N/A;N/A;N/A;N/A;N/A;N/A;N/A;N/A;N/A;N/A;N/A;N/A;N/A;N/A;N/A;N/A;N/A;N/A;N/A;N/A;N/A;N/A;N/A;N/A;N/A;N/A;N/A;N/A;N/A;N/A
Renault;"Duster Oroch";2.0;2017;"130000 km";;"AUTOPLUS SRL";16500;;;;;Pando;https://auto.mercadolibre.com.uy/MLU-646727023-renault-oroch-20-20-2017-impecable-_JM;N/A;;"Renault Oroch 2.0 2.0 2017 Impecable!";USD;Sí;gold_premium;false;N/A;N/A;http://perfil.mercadolibre.com.uy/AUTOPLUS+SRL;active;N/A;N/A;Usado;Verde;Sí;Hidráulica;N/A;Sí;Sí;Sí;N/A;N/A;N/A;N/A;Sí;N/A;N/A;N/A;N/A;Sí;N/A;N/A;N/A;N/A;N/A;N/A;N/A;N/A;N/A;N/A;N/A;N/A;N/A;"2000 cc";N/A;N/A;N/A;N/A;Sí;Sí;N/A;N/A;N/A;N/A;N/A;N/A;N/A;N/A;N/A;N/A;N/A;N/A;N/A;N/A;N/A;N/A;N/A;N/A;N/A;Sí;N/A;Sí;N/A;Sí;N/A;N/A;N/A;N/A;N/A;N/A;N/A;N/A;N/A;N/A;N/A;N/A;N/A;N/A;N/A;N/A;N/A;N/A;N/A;N/A;N/A;N/A;N/A;N/A;N/A;N/A;N/A;N/A;N/A;N/A;N/A;N/A;Sí;Sí;Sí;Sí;Sí;N/A;N/A;N/A;N/A;N/A;N/A;N/A;Sí;N/A;"Lun a Vie 8:30 a 12:30 y 14 a 18:30hs. Sáb. 8:30 a 12:30hs.";4;2.0;Nafta;Manual;Pick-Up;"Autos y camionetas";No;N/A;N/A;N/A;No;N/A;N/A;No;Sí;No;No;N/A;N/A;N/A;N/A;N/A;N/A;N/A;N/A;N/A;N/A;N/A;N/A;N/A;N/A;N/A;N/A;N/A;N/A;N/A;N/A;N/A;N/A;N/A;N/A;N/A;N/A;N/A;N/A;N/A;N/A;N/A;N/A;N/A;N/A;N/A;N/A;N/A;N/A;N/A;N/A;N/A;N/A;N/A;N/A;N/A;N/A;N/A;N/A;N/A;N/A;N/A;No;N/A;N/A;N/A;N/A;N/A;N/A;N/A;N/A;N/A;N/A;N/A;N/A;N/A;N/A;N/A;N/A;N/A;N/A;N/A;N/A;N/A;N/A;N/A;N/A;N/A;N/A;N/A;N/A;N/A;N/A;N/A;N/A;N/A;Sí;Sí;Sí;N/A;Sí;N/A;Sí;N/A;Sí;Sí;N/A;Sí;N/A;N/A;N/A;N/A;Sí;N/A;Sí;Sí;Sí;N/A;N/A;N/A;Sí;Sí
Renault;"Duster Oroch";"2.0 Privilege";2016;"99800 km";;"ALVARO I";16790;;;;;Centro;https://auto.mercadolibre.com.uy/MLU-647586435-renault-oroch-20-oportunidad-muy-cuidadada-unica-duena-_JM;N/A;;"Renault Oroch 2.0. Oportunidad!, Muy Cuidadada, Única Dueña.";usd;Sí;gold_premium;false;N/A;N/A;http://perfil.mercadolibre.com.uy/ALVARO+I;active;N/A;N/A;Usado;Plateado;N/A;Hidráulica;4x2;Sí;N/A;N/A;N/A;N/A;N/A;N/A;N/A;N/A;N/A;N/A;N/A;N/A;N/A;N/A;N/A;N/A;N/A;N/A;N/A;N/A;N/A;N/A;N/A;N/A;"2829 mm";"2 L";"50 L";6;N/A;N/A;N/A;N/A;N/A;N/A;N/A;N/A;N/A;N/A;N/A;N/A;N/A;N/A;N/A;N/A;N/A;N/A;N/A;N/A;N/A;N/A;N/A;N/A;N/A;N/A;N/A;N/A;N/A;N/A;N/A;N/A;N/A;N/A;N/A;N/A;N/A;N/A;N/A;N/A;N/A;N/A;N/A;N/A;N/A;"1683 mm";"4329 mm";N/A;N/A;N/A;N/A;5;"143 hp";Privilege;N/A;4;"1821 mm";"10.8 km/l";N/A;N/A;N/A;N/A;N/A;N/A;N/A;N/A;N/A;N/A;N/A;N/A;N/A;N/A;N/A;N/A;N/A;5;2.0;Nafta;Manual;SUV;"Autos y camionetas";N/A;N/A;N/A;N/A;N/A;N/A;UY;N/A;N/A;N/A;N/A;N/A;N/A;N/A;N/A;N/A;N/A;N/A;N/A;N/A;N/A;N/A;N/A;N/A;N/A;N/A;N/A;N/A;N/A;N/A;N/A;N/A;N/A;N/A;N/A;N/A;N/A;N/A;N/A;N/A;N/A;N/A;N/A;N/A;N/A;N/A;N/A;N/A;N/A;N/A;N/A;N/A;N/A;N/A;N/A;N/A;N/A;N/A;N/A;N/A;N/A;N/A;N/A;N/A;N/A;N/A;N/A;N/A;N/A;N/A;N/A;N/A;N/A;N/A;N/A;N/A;N/A;N/A;N/A;N/A;N/A;N/A;N/A;N/A;N/A;N/A;N/A;N/A;N/A;N/A;N/A;N/A;N/A;N/A;N/A;N/A;N/A;N/A;N/A;N/A;N/A;N/A;N/A;N/A;N/A;N/A;N/A;N/A;N/A;N/A;N/A;N/A;N/A;N/A;N/A;N/A;N/A;N/A;N/A;N/A;N/A;N/A
Renault;Fluence;"2.0 Ph2 Privilege Cvt 143cv";2016;"199000 km";;JUANMANU222;13000;;;;;Castillos;https://auto.mercadolibre.com.uy/MLU-703018274-renault-fluence-2016-20-ph2-privilege-cvt-143cv-_JM;N/A;;"Renault Fluence 2016 2.0 Ph2 Privilege Cvt 143cv";usd;Sí;gold_premium;false;N/A;N/A;http://perfil.mercadolibre.com.uy/JUANMANU222;active;N/A;N/A;Usado;N/A;N/A;Eléctrica;Delantera;N/A;N/A;Sí;N/A;N/A;N/A;N/A;N/A;N/A;N/A;N/A;N/A;N/A;N/A;N/A;N/A;N/A;N/A;N/A;N/A;N/A;N/A;N/A;N/A;N/A;"2700 mm";"2 L";"60 L";6;N/A;N/A;N/A;N/A;N/A;N/A;N/A;N/A;N/A;Sí;N/A;N/A;N/A;N/A;N/A;N/A;N/A;N/A;N/A;N/A;N/A;N/A;N/A;N/A;N/A;N/A;N/A;N/A;N/A;N/A;N/A;N/A;N/A;Sí;Sí;N/A;N/A;N/A;N/A;N/A;N/A;N/A;N/A;N/A;N/A;"1479 mm";"4618 mm";N/A;N/A;N/A;N/A;5;"143 hp";Privilege;N/A;4;"1810 mm";"11 km/l";N/A;N/A;N/A;Sí;N/A;N/A;Sí;N/A;N/A;N/A;"6.2 km/l";N/A;N/A;N/A;N/A;N/A;N/A;4;2.0;Nafta;Automática;Sedán;"Autos y camionetas";N/A;N/A;N/A;N/A;N/A;N/A;UY;N/A;N/A;N/A;N/A;N/A;N/A;N/A;N/A;N/A;N/A;N/A;N/A;N/A;N/A;N/A;N/A;N/A;N/A;N/A;N/A;N/A;N/A;N/A;N/A;N/A;N/A;N/A;N/A;N/A;N/A;N/A;N/A;N/A;N/A;N/A;N/A;N/A;N/A;N/A;N/A;N/A;N/A;N/A;N/A;N/A;N/A;N/A;N/A;N/A;N/A;N/A;N/A;N/A;N/A;N/A;N/A;N/A;N/A;N/A;N/A;N/A;N/A;N/A;N/A;N/A;N/A;N/A;N/A;N/A;N/A;N/A;N/A;N/A;N/A;N/A;N/A;N/A;N/A;N/A;N/A;N/A;N/A;N/A;N/A;N/A;N/A;N/A;N/A;N/A;N/A;N/A;N/A;N/A;N/A;N/A;N/A;N/A;N/A;N/A;Sí;N/A;N/A;N/A;N/A;N/A;Sí;N/A;N/A;N/A;N/A;N/A;N/A;Sí;N/A;N/A
Renault;"Duster Oroch";"1.6 Outsider";2023;"1 km";;GERONA110;28000;;;;;"Pan de Azúcar";https://auto.mercadolibre.com.uy/MLU-702978760-renault-duster-oroch-13-outsider-4x2-automatica-_JM;N/A;;"Renault Duster Oroch 1.3 Outsider 4x2 Automática";usd;Sí;gold_premium;false;N/A;N/A;http://perfil.mercadolibre.com.uy/GERONA110;active;N/A;N/A;Usado;Blanco;N/A;Hidráulica;4x2;N/A;N/A;Sí;N/A;N/A;N/A;N/A;N/A;N/A;N/A;N/A;N/A;N/A;N/A;N/A;N/A;N/A;N/A;N/A;N/A;N/A;N/A;N/A;N/A;N/A;"2829 mm";"1598 cc";"50 L";5;N/A;N/A;N/A;N/A;N/A;N/A;N/A;N/A;N/A;N/A;N/A;N/A;N/A;N/A;N/A;N/A;N/A;N/A;N/A;N/A;N/A;N/A;N/A;N/A;N/A;N/A;N/A;N/A;N/A;N/A;N/A;N/A;N/A;N/A;N/A;N/A;N/A;N/A;N/A;N/A;N/A;N/A;N/A;N/A;N/A;"1683 mm";"4329 mm";N/A;N/A;N/A;N/A;5;"110 hp";Outsider;N/A;4;"1821 mm";"11.1 km/l";N/A;N/A;N/A;N/A;N/A;N/A;N/A;N/A;N/A;N/A;"10.4 km/l";N/A;N/A;N/A;N/A;N/A;N/A;4;1.6;Nafta;Manual;SUV;"Autos y camionetas";N/A;N/A;N/A;N/A;N/A;N/A;UY;N/A;Sí;N/A;N/A;N/A;N/A;N/A;N/A;N/A;N/A;N/A;N/A;N/A;N/A;N/A;N/A;N/A;N/A;N/A;N/A;N/A;N/A;N/A;N/A;N/A;N/A;N/A;N/A;N/A;N/A;N/A;N/A;N/A;N/A;N/A;N/A;Sí;N/A;N/A;N/A;N/A;N/A;N/A;N/A;N/A;N/A;N/A;N/A;N/A;N/A;N/A;N/A;N/A;N/A;N/A;N/A;N/A;N/A;N/A;N/A;N/A;N/A;N/A;N/A;N/A;N/A;N/A;N/A;N/A;N/A;N/A;N/A;N/A;N/A;N/A;N/A;N/A;N/A;N/A;N/A;N/A;N/A;N/A;N/A;N/A;N/A;N/A;N/A;N/A;N/A;N/A;N/A;N/A;N/A;N/A;N/A;N/A;N/A;N/A;N/A;N/A;N/A;N/A;N/A;N/A;N/A;N/A;N/A;N/A;N/A;N/A;N/A;N/A;N/A;N/A
Renault;Trafic;"1.9 Ta 13 D";1997;"150000 km";;JAVIERDELIMAMORENO;5500;;;;;"Parque Miramar";https://auto.mercadolibre.com.uy/MLU-706192796-renault-trafic-19-ta-13-d-_JM;N/A;;"Renault Trafic 1.9 Ta 13 D";usd;No;gold_premium;false;N/A;N/A;http://perfil.mercadolibre.com.uy/JAVIERDELIMAMORENO;active;N/A;N/A;Usado;Blanco;N/A;Hidráulica;Delantera;N/A;N/A;N/A;N/A;N/A;N/A;N/A;N/A;N/A;N/A;N/A;N/A;N/A;N/A;N/A;N/A;N/A;N/A;N/A;N/A;N/A;N/A;N/A;N/A;N/A;"3498 mm";"1.9 L";"65 L";N/A;N/A;N/A;N/A;N/A;N/A;N/A;N/A;N/A;N/A;N/A;N/A;N/A;N/A;N/A;N/A;N/A;N/A;N/A;N/A;N/A;N/A;N/A;N/A;N/A;N/A;N/A;N/A;N/A;N/A;N/A;N/A;N/A;N/A;N/A;N/A;N/A;N/A;N/A;N/A;N/A;N/A;N/A;N/A;N/A;N/A;"1962 mm";"5192 mm";N/A;N/A;N/A;N/A;2;"61 hp";N/A;N/A;2;"1904 mm";N/A;N/A;N/A;N/A;N/A;N/A;N/A;N/A;N/A;N/A;N/A;N/A;N/A;N/A;N/A;N/A;N/A;"No hay problema horario";3;1.9;Diésel;Manual;Furgón;"Autos y camionetas";No;N/A;N/A;N/A;No;N/A;UY;N/A;No;N/A;No;N/A;N/A;N/A;N/A;N/A;N/A;N/A;N/A;N/A;N/A;N/A;N/A;N/A;N/A;N/A;N/A;N/A;N/A;N/A;N/A;N/A;N/A;N/A;N/A;N/A;N/A;N/A;N/A;N/A;N/A;N/A;N/A;No;N/A;N/A;N/A;N/A;N/A;N/A;N/A;N/A;N/A;N/A;N/A;N/A;N/A;N/A;N/A;N/A;N/A;No;No;N/A;N/A;N/A;N/A;N/A;N/A;N/A;N/A;N/A;N/A;N/A;N/A;N/A;N/A;N/A;N/A;N/A;N/A;N/A;N/A;N/A;N/A;N/A;N/A;N/A;N/A;N/A;N/A;N/A;N/A;N/A;N/A;N/A;N/A;N/A;N/A;N/A;N/A;N/A;N/A;N/A;N/A;N/A;N/A;N/A;N/A;N/A;N/A;N/A;N/A;N/A;N/A;N/A;N/A;N/A;N/A;N/A;N/A;N/A
Renault;Kwid;"1.0 Sce 66cv Intense";2019;"107654 km";;EMILIANOSANTIAGO20230113120842;10500;;;;;"La Paz";https://auto.mercadolibre.com.uy/MLU-706191852-renault-kwid-10-sce-66cv-intense-_JM;N/A;;"Renault Kwid 1.0 Sce 66cv Intense";usd;Sí;gold_premium;false;N/A;N/A;http://perfil.mercadolibre.com.uy/EMILIANOSANTIAGO20230113120842;active;N/A;N/A;Usado;Gris;Sí;Hidráulica;Delantera;Sí;N/A;Sí;N/A;N/A;N/A;N/A;N/A;N/A;N/A;N/A;N/A;Sí;N/A;N/A;N/A;N/A;N/A;N/A;N/A;N/A;N/A;N/A;N/A;N/A;"2423 mm";"1 L";"50 L";5;N/A;N/A;N/A;N/A;N/A;N/A;N/A;N/A;N/A;N/A;N/A;N/A;N/A;N/A;N/A;N/A;N/A;N/A;N/A;N/A;N/A;N/A;N/A;N/A;N/A;N/A;N/A;N/A;N/A;N/A;N/A;N/A;N/A;N/A;N/A;N/A;N/A;N/A;N/A;N/A;N/A;N/A;N/A;N/A;N/A;"1474 mm";"3680 mm";N/A;N/A;N/A;N/A;5;"66 hp";Intense;N/A;4;"1752 mm";N/A;N/A;N/A;N/A;N/A;N/A;N/A;N/A;N/A;N/A;N/A;N/A;N/A;N/A;N/A;N/A;N/A;N/A;5;1.0;Nafta;Manual;Hatchback;"Autos y camionetas";N/A;N/A;N/A;N/A;N/A;N/A;UY;N/A;N/A;N/A;N/A;N/A;N/A;N/A;N/A;N/A;N/A;N/A;N/A;N/A;N/A;N/A;N/A;N/A;N/A;N/A;N/A;N/A;N/A;N/A;N/A;N/A;N/A;N/A;N/A;N/A;N/A;N/A;N/A;N/A;N/A;N/A;N/A;N/A;N/A;N/A;N/A;N/A;N/A;N/A;N/A;N/A;N/A;N/A;N/A;N/A;N/A;N/A;N/A;N/A;N/A;N/A;N/A;N/A;N/A;N/A;N/A;N/A;N/A;N/A;N/A;N/A;N/A;N/A;N/A;N/A;N/A;N/A;N/A;N/A;N/A;N/A;N/A;N/A;N/A;N/A;N/A;N/A;N/A;N/A;N/A;N/A;N/A;N/A;N/A;N/A;Sí;Sí;N/A;N/A;Sí;N/A;N/A;N/A;N/A;Sí;N/A;N/A;Sí;N/A;N/A;N/A;N/A;N/A;Sí;Sí;Sí;N/A;N/A;N/A;N/A;Sí
Renault;Oroch;"Oroch Intens 1.3 CVT";2023;"34000 km";;VALITA20130401;21900;;;;;"Malvin Norte";https://auto.mercadolibre.com.uy/MLU-706059254-renault-oroch-intens-13-ctv-_JM;N/A;;"Renault Oroch Intens 1.3 Ctv";usd;Sí;gold_premium;false;N/A;N/A;http://perfil.mercadolibre.com.uy/VALITA20130401;active;N/A;N/A;Usado;Gris;Sí;Hidráulica;4x2;Sí;Sí;N/A;N/A;N/A;N/A;N/A;N/A;N/A;N/A;N/A;Sí;Sí;N/A;N/A;N/A;N/A;N/A;N/A;N/A;N/A;N/A;N/A;N/A;N/A;"2890 mm";"1.3 L";"45 L";8;N/A;N/A;N/A;N/A;N/A;Sí;N/A;N/A;N/A;N/A;N/A;N/A;N/A;N/A;N/A;N/A;N/A;N/A;N/A;N/A;N/A;N/A;N/A;N/A;N/A;N/A;N/A;N/A;N/A;N/A;N/A;N/A;N/A;N/A;N/A;N/A;N/A;N/A;N/A;N/A;N/A;N/A;N/A;N/A;N/A;"1694 mm";"4719 mm";N/A;N/A;N/A;N/A;5;"156 hp";Intens;N/A;4;"1834 mm";N/A;N/A;N/A;N/A;N/A;N/A;Sí;Sí;N/A;N/A;N/A;N/A;N/A;N/A;N/A;N/A;N/A;N/A;4;1.3;Nafta;"Automática secuencial";Pick-Up;"Autos y camionetas";N/A;N/A;N/A;N/A;N/A;N/A;UY;N/A;N/A;N/A;N/A;N/A;N/A;N/A;N/A;N/A;N/A;N/A;N/A;N/A;N/A;N/A;N/A;N/A;Sí;N/A;N/A;N/A;N/A;N/A;N/A;N/A;N/A;N/A;N/A;N/A;N/A;N/A;N/A;N/A;N/A;N/A;N/A;N/A;N/A;N/A;N/A;N/A;N/A;N/A;N/A;N/A;N/A;N/A;N/A;N/A;N/A;N/A;N/A;N/A;N/A;N/A;N/A;N/A;N/A;N/A;N/A;N/A;N/A;N/A;N/A;N/A;N/A;N/A;N/A;N/A;N/A;N/A;N/A;N/A;N/A;N/A;N/A;N/A;N/A;N/A;N/A;N/A;N/A;N/A;N/A;N/A;N/A;N/A;N/A;N/A;Sí;No;Sí;N/A;Sí;N/A;N/A;N/A;N/A;Sí;N/A;Sí;Sí;N/A;N/A;Sí;N/A;N/A;N/A;N/A;N/A;N/A;N/A;N/A;N/A;N/A
Renault;Kwid;"1.0 Sce 66cv Intense";2019;"78000 km";;SOLE252006;10200;;;;;Carrasco;https://auto.mercadolibre.com.uy/MLU-705907124-renault-kwid-10-sce-66cv-intense-_JM;N/A;;"Renault Kwid 1.0 Sce 66cv Intense";usd;Sí;gold_premium;false;N/A;N/A;http://perfil.mercadolibre.com.uy/SOLE252006;active;N/A;N/A;Usado;Gris;Sí;Hidráulica;Delantera;Sí;Sí;Sí;N/A;N/A;No;N/A;N/A;No;N/A;N/A;No;Sí;N/A;No;N/A;N/A;N/A;N/A;N/A;N/A;N/A;N/A;N/A;N/A;"2423 mm";"1 L";"50 L";5;N/A;N/A;N/A;N/A;N/A;No;N/A;N/A;N/A;N/A;N/A;N/A;N/A;N/A;N/A;N/A;N/A;N/A;N/A;N/A;N/A;N/A;N/A;N/A;N/A;N/A;N/A;N/A;N/A;No;N/A;N/A;N/A;N/A;N/A;N/A;N/A;N/A;N/A;N/A;N/A;N/A;N/A;N/A;N/A;"1474 mm";"3680 mm";N/A;N/A;N/A;N/A;5;"66 hp";Intense;N/A;4;"1752 mm";N/A;No;N/A;No;Sí;N/A;Sí;No;N/A;No;N/A;N/A;No;No;N/A;N/A;Sí;N/A;5;1.0;Nafta;Manual;Hatchback;"Autos y camionetas";N/A;N/A;N/A;N/A;N/A;N/A;UY;N/A;N/A;N/A;N/A;N/A;N/A;N/A;N/A;N/A;N/A;N/A;N/A;N/A;N/A;N/A;N/A;N/A;Sí;N/A;N/A;N/A;N/A;N/A;N/A;N/A;N/A;N/A;N/A;N/A;N/A;N/A;N/A;N/A;N/A;N/A;N/A;N/A;N/A;N/A;N/A;N/A;N/A;N/A;N/A;N/A;N/A;N/A;N/A;N/A;N/A;N/A;N/A;N/A;N/A;N/A;N/A;N/A;N/A;N/A;N/A;N/A;N/A;N/A;N/A;N/A;N/A;N/A;N/A;N/A;N/A;N/A;N/A;N/A;N/A;N/A;N/A;N/A;N/A;N/A;N/A;N/A;N/A;N/A;N/A;N/A;N/A;N/A;N/A;No;Sí;Sí;No;N/A;Sí;N/A;N/A;N/A;N/A;Sí;No;No;Sí;N/A;N/A;Sí;No;Sí;Sí;Sí;N/A;N/A;Sí;Sí;N/A;Sí
Renault;Master;"2.3 L2h2 Aa";2017;"235000 km";;TANGUITO;25900;;;;;"Ciudad del Plata";https://auto.mercadolibre.com.uy/MLU-647515351-renault-master-23-l2h2-aa-_JM;N/A;;"Renault Master 2.3 L2h2 Aa";usd;Sí;gold_premium;false;N/A;N/A;http://perfil.mercadolibre.com.uy/TANGUITO;active;N/A;N/A;Usado;Blanco;No;Hidráulica;Delantera;Sí;Sí;N/A;N/A;N/A;Sí;N/A;N/A;No;N/A;N/A;No;Sí;N/A;No;N/A;N/A;N/A;N/A;N/A;N/A;N/A;N/A;N/A;N/A;"3578 mm";"2.3 L";"100 L";6;N/A;N/A;N/A;N/A;N/A;No;N/A;N/A;N/A;N/A;N/A;N/A;N/A;N/A;N/A;N/A;N/A;N/A;N/A;N/A;N/A;N/A;N/A;N/A;N/A;N/A;N/A;N/A;N/A;No;N/A;N/A;N/A;N/A;N/A;N/A;N/A;N/A;N/A;N/A;N/A;N/A;N/A;N/A;N/A;"2502 mm";"5546 mm";N/A;N/A;N/A;N/A;3;"130 hp";2.3;N/A;4;"1990 mm";N/A;No;N/A;No;Sí;N/A;Sí;Sí;N/A;No;N/A;N/A;No;No;N/A;N/A;No;"Todo el dia";3;2.3;Diésel;Manual;Furgón;"Autos y camionetas";N/A;N/A;N/A;N/A;N/A;N/A;UY;N/A;N/A;N/A;N/A;N/A;N/A;N/A;N/A;N/A;N/A;N/A;N/A;N/A;N/A;N/A;N/A;N/A;No;N/A;N/A;N/A;N/A;N/A;N/A;N/A;N/A;N/A;N/A;N/A;N/A;N/A;N/A;N/A;N/A;N/A;N/A;N/A;N/A;N/A;N/A;N/A;N/A;N/A;N/A;N/A;N/A;N/A;N/A;N/A;N/A;N/A;N/A;N/A;N/A;N/A;N/A;N/A;N/A;N/A;N/A;N/A;N/A;N/A;N/A;N/A;N/A;N/A;N/A;N/A;N/A;N/A;N/A;N/A;N/A;N/A;N/A;N/A;N/A;N/A;N/A;N/A;N/A;N/A;N/A;N/A;N/A;N/A;N/A;No;Sí;Sí;No;N/A;Sí;N/A;N/A;N/A;N/A;Sí;No;No;No;N/A;N/A;No;Sí;Sí;Sí;Sí;Sí;No;No;Sí;N/A;Sí
Renault;Fluence;"Sedan 4 puertas.";2012;"100000 km";;MADA2419577;11000;;;;;Goes;https://auto.mercadolibre.com.uy/MLU-647588185-renault-fluence-privilege-_JM;N/A;;"Renault Fluence Privilege";USD;Sí;gold_premium;false;N/A;N/A;http://perfil.mercadolibre.com.uy/MADA2419577;active;N/A;N/A;Usado;Gris;No;Hidráulica;Delantera;N/A;N/A;N/A;N/A;N/A;N/A;N/A;N/A;N/A;N/A;N/A;N/A;N/A;N/A;N/A;N/A;N/A;N/A;N/A;N/A;N/A;N/A;N/A;N/A;N/A;N/A;N/A;N/A;N/A;N/A;N/A;N/A;N/A;N/A;N/A;N/A;N/A;N/A;N/A;N/A;N/A;N/A;N/A;N/A;N/A;N/A;N/A;N/A;N/A;N/A;N/A;N/A;N/A;N/A;N/A;N/A;N/A;N/A;N/A;N/A;N/A;N/A;N/A;N/A;N/A;N/A;N/A;N/A;N/A;N/A;N/A;N/A;N/A;N/A;N/A;N/A;N/A;N/A;N/A;N/A;N/A;N/A;N/A;N/A;N/A;N/A;N/A;No;N/A;N/A;N/A;N/A;N/A;N/A;N/A;N/A;N/A;N/A;N/A;N/A;N/A;N/A;N/A;N/A;4;2.0;Nafta;N/A;N/A;"Autos y camionetas";N/A;N/A;N/A;N/A;N/A;N/A;N/A;N/A;N/A;N/A;N/A;N/A;N/A;N/A;N/A;N/A;N/A;N/A;N/A;N/A;N/A;N/A;N/A;N/A;N/A;N/A;N/A;N/A;N/A;N/A;N/A;N/A;N/A;N/A;N/A;N/A;N/A;N/A;N/A;N/A;N/A;N/A;N/A;N/A;N/A;N/A;N/A;N/A;N/A;N/A;N/A;N/A;N/A;N/A;N/A;N/A;N/A;N/A;N/A;N/A;N/A;N/A;N/A;N/A;N/A;N/A;N/A;N/A;N/A;N/A;N/A;N/A;N/A;N/A;N/A;N/A;N/A;N/A;N/A;N/A;N/A;N/A;N/A;N/A;N/A;N/A;N/A;N/A;N/A;N/A;N/A;N/A;N/A;N/A;N/A;N/A;Sí;N/A;N/A;N/A;N/A;N/A;N/A;N/A;N/A;N/A;N/A;N/A;N/A;N/A;N/A;N/A;N/A;N/A;N/A;N/A;N/A;N/A;N/A;N/A;N/A;N/A
Renault;Kwid;"1.0 Sce 66cv Life";2020;"50800 km";;PEFE2326212;10900;;;;;Cordón;https://auto.mercadolibre.com.uy/MLU-702944846-renault-kwid-10-sce-66cv-life-_JM;N/A;;"Renault Kwid 1.0 Sce 66cv Life";usd;Sí;gold_premium;false;N/A;N/A;http://perfil.mercadolibre.com.uy/PEFE2326212;active;N/A;N/A;Usado;Negro;No;Mecánica;Delantera;N/A;N/A;Sí;N/A;N/A;N/A;N/A;N/A;N/A;N/A;N/A;N/A;N/A;N/A;N/A;N/A;N/A;N/A;N/A;N/A;N/A;N/A;N/A;N/A;N/A;"2423 mm";"1 L";"50 L";5;N/A;N/A;N/A;N/A;N/A;N/A;N/A;N/A;N/A;N/A;N/A;N/A;N/A;N/A;N/A;N/A;N/A;N/A;N/A;N/A;N/A;N/A;N/A;N/A;N/A;N/A;N/A;N/A;N/A;N/A;N/A;N/A;N/A;N/A;N/A;N/A;N/A;N/A;N/A;N/A;N/A;N/A;N/A;N/A;N/A;"1474 mm";"3680 mm";N/A;N/A;N/A;N/A;5;"66 hp";Life;N/A;4;"1752 mm";N/A;N/A;N/A;N/A;N/A;N/A;Sí;N/A;N/A;N/A;N/A;N/A;N/A;N/A;N/A;N/A;N/A;N/A;5;1.0;Nafta;Manual;Hatchback;"Autos y camionetas";N/A;N/A;N/A;N/A;N/A;N/A;UY;N/A;N/A;N/A;N/A;N/A;N/A;N/A;N/A;N/A;N/A;N/A;N/A;N/A;N/A;N/A;N/A;N/A;N/A;N/A;N/A;N/A;N/A;N/A;N/A;N/A;N/A;N/A;N/A;N/A;N/A;N/A;N/A;N/A;N/A;N/A;N/A;N/A;N/A;N/A;N/A;N/A;N/A;N/A;N/A;N/A;N/A;N/A;N/A;N/A;N/A;N/A;N/A;N/A;N/A;N/A;N/A;N/A;N/A;N/A;N/A;N/A;N/A;N/A;N/A;N/A;N/A;N/A;N/A;N/A;N/A;N/A;N/A;N/A;N/A;N/A;N/A;N/A;N/A;N/A;N/A;N/A;N/A;N/A;N/A;N/A;N/A;N/A;N/A;N/A;N/A;N/A;N/A;N/A;N/A;N/A;N/A;N/A;N/A;N/A;N/A;N/A;N/A;N/A;N/A;N/A;N/A;N/A;N/A;N/A;N/A;N/A;N/A;N/A;N/A;N/A
Renault;Duster;"2.0 Ph2 4x2 Privilege 143cv";2017;"160000 km";;ZULE4967797;13900;;;;;Centro;https://auto.mercadolibre.com.uy/MLU-705906186-renault-duster-20-ph2-4x2-privilege-143cv-_JM;N/A;;"Renault Duster 2.0 Ph2 4x2 Privilege 143cv";usd;Sí;gold_premium;false;N/A;N/A;http://perfil.mercadolibre.com.uy/ZULE4967797;active;N/A;N/A;Usado;Gris;No;Hidráulica;4x2;Sí;Sí;Sí;N/A;N/A;N/A;N/A;N/A;No;N/A;N/A;Sí;Sí;N/A;Sí;N/A;N/A;N/A;N/A;N/A;N/A;N/A;N/A;N/A;N/A;"2674 mm";"2 L";"50 L";6;N/A;N/A;N/A;N/A;N/A;No;N/A;N/A;N/A;N/A;N/A;N/A;N/A;N/A;N/A;N/A;N/A;N/A;N/A;N/A;N/A;N/A;N/A;N/A;N/A;N/A;N/A;N/A;N/A;Sí;N/A;N/A;N/A;N/A;N/A;N/A;N/A;N/A;N/A;N/A;N/A;N/A;N/A;N/A;N/A;"1683 mm";"4329 mm";N/A;N/A;N/A;N/A;5;"143 hp";Privilege;N/A;4;"1822 mm";"10.8 km/l";Sí;N/A;Sí;Sí;N/A;Sí;Sí;N/A;No;N/A;N/A;N/A;Sí;N/A;N/A;Sí;N/A;5;2.0;Nafta;Manual;SUV;"Autos y camionetas";No;N/A;N/A;N/A;N/A;N/A;UY;N/A;Sí;N/A;No;N/A;N/A;N/A;N/A;N/A;N/A;N/A;N/A;N/A;N/A;N/A;N/A;N/A;Sí;N/A;N/A;N/A;N/A;N/A;N/A;N/A;N/A;N/A;N/A;N/A;N/A;N/A;N/A;N/A;N/A;N/A;N/A;No;N/A;N/A;N/A;N/A;N/A;N/A;N/A;N/A;N/A;N/A;N/A;N/A;N/A;N/A;N/A;N/A;N/A;No;No;N/A;N/A;N/A;N/A;N/A;N/A;N/A;N/A;N/A;N/A;N/A;N/A;N/A;N/A;N/A;N/A;N/A;N/A;N/A;N/A;N/A;N/A;N/A;N/A;N/A;N/A;N/A;N/A;N/A;N/A;N/A;N/A;N/A;Sí;Sí;Sí;N/A;Sí;N/A;N/A;N/A;N/A;Sí;N/A;N/A;Sí;N/A;N/A;N/A;Sí;Sí;Sí;Sí;Sí;N/A;N/A;Sí;N/A;N/A
Renault;"Mégane II Grand Tour";"Grand Tour";2008;"162000 km";;ARMA9854533;9000;;;;;"San José de Mayo";https://auto.mercadolibre.com.uy/MLU-703911418-renault-megane-ii-grand-tour-grand-tour-_JM;N/A;;"Renault Mégane Ii Grand Tour Grand Tour ";USD;Sí;gold_premium;false;N/A;N/A;http://perfil.mercadolibre.com.uy/ARMA9854533;active;N/A;N/A;Usado;N/A;N/A;N/A;N/A;N/A;N/A;N/A;N/A;N/A;N/A;N/A;N/A;N/A;N/A;N/A;N/A;N/A;N/A;N/A;N/A;N/A;N/A;N/A;N/A;N/A;N/A;N/A;N/A;N/A;N/A;N/A;N/A;N/A;N/A;N/A;N/A;N/A;N/A;N/A;N/A;N/A;N/A;N/A;N/A;N/A;N/A;N/A;N/A;N/A;N/A;N/A;N/A;N/A;N/A;N/A;N/A;N/A;N/A;N/A;N/A;N/A;N/A;N/A;N/A;N/A;N/A;N/A;N/A;N/A;N/A;N/A;N/A;N/A;N/A;N/A;N/A;N/A;N/A;N/A;N/A;N/A;N/A;N/A;N/A;N/A;N/A;N/A;N/A;N/A;N/A;N/A;N/A;N/A;N/A;N/A;N/A;N/A;N/A;N/A;N/A;N/A;N/A;N/A;N/A;N/A;N/A;N/A;N/A;4;N/A;Nafta;N/A;N/A;"Autos y camionetas";N/A;N/A;N/A;N/A;N/A;N/A;N/A;N/A;N/A;N/A;N/A;N/A;N/A;N/A;N/A;N/A;N/A;N/A;N/A;N/A;N/A;N/A;N/A;N/A;N/A;N/A;N/A;N/A;N/A;N/A;N/A;N/A;N/A;N/A;N/A;N/A;N/A;N/A;N/A;N/A;N/A;N/A;N/A;N/A;N/A;N/A;N/A;N/A;N/A;N/A;N/A;N/A;N/A;N/A;N/A;N/A;N/A;N/A;N/A;N/A;N/A;N/A;N/A;N/A;N/A;N/A;N/A;N/A;N/A;N/A;N/A;N/A;N/A;N/A;N/A;N/A;N/A;N/A;N/A;N/A;N/A;N/A;N/A;N/A;N/A;N/A;N/A;N/A;N/A;N/A;N/A;N/A;N/A;N/A;N/A;N/A;N/A;N/A;N/A;N/A;N/A;N/A;N/A;N/A;N/A;N/A;N/A;N/A;N/A;N/A;N/A;N/A;N/A;N/A;N/A;N/A;N/A;N/A;N/A;N/A;N/A;N/A
Renault;Kwid;"1.0 Sce 66cv Intense";2018;"33150 km";;MCANADELL11;11700;;;;;Centro;https://auto.mercadolibre.com.uy/MLU-703539900-renault-kwid-intense-_JM;N/A;;"Renault Kwid Intense";usd;Sí;gold_premium;false;N/A;N/A;http://perfil.mercadolibre.com.uy/MCANADELL11;active;N/A;N/A;Usado;Naranja;N/A;Hidráulica;Delantera;N/A;N/A;Sí;N/A;N/A;N/A;N/A;N/A;N/A;N/A;N/A;N/A;N/A;N/A;N/A;N/A;N/A;N/A;N/A;N/A;N/A;N/A;N/A;N/A;N/A;"2423 mm";"1 L";"50 L";5;N/A;N/A;N/A;N/A;N/A;N/A;N/A;N/A;N/A;N/A;N/A;N/A;N/A;N/A;N/A;N/A;N/A;N/A;N/A;N/A;N/A;N/A;N/A;N/A;N/A;N/A;N/A;N/A;N/A;N/A;N/A;N/A;N/A;N/A;N/A;N/A;N/A;N/A;N/A;N/A;N/A;N/A;N/A;N/A;N/A;"1474 mm";"3680 mm";N/A;N/A;N/A;N/A;5;"66 hp";Intense;N/A;4;"1752 mm";N/A;N/A;N/A;N/A;N/A;N/A;N/A;N/A;N/A;N/A;N/A;N/A;N/A;N/A;N/A;N/A;N/A;N/A;5;1.0;Nafta;Manual;Hatchback;"Autos y camionetas";N/A;N/A;N/A;N/A;N/A;N/A;UY;N/A;N/A;N/A;N/A;N/A;N/A;N/A;N/A;N/A;N/A;N/A;N/A;N/A;N/A;N/A;N/A;N/A;N/A;N/A;N/A;N/A;N/A;N/A;N/A;N/A;N/A;N/A;N/A;N/A;N/A;N/A;N/A;N/A;N/A;N/A;N/A;N/A;N/A;N/A;N/A;N/A;N/A;N/A;N/A;N/A;N/A;N/A;N/A;N/A;N/A;N/A;N/A;N/A;N/A;N/A;N/A;N/A;N/A;N/A;N/A;N/A;N/A;N/A;N/A;N/A;N/A;N/A;N/A;N/A;N/A;N/A;N/A;N/A;N/A;N/A;N/A;N/A;N/A;N/A;N/A;N/A;N/A;N/A;N/A;N/A;N/A;N/A;N/A;N/A;N/A;N/A;N/A;N/A;N/A;N/A;N/A;N/A;N/A;N/A;N/A;N/A;N/A;N/A;N/A;N/A;N/A;N/A;N/A;N/A;N/A;N/A;N/A;N/A;N/A;N/A
Renault;"Sandero Stepway";"1.6 Privilege 105cv";2018;"157800 km";;KARENF36;11500;;;;;"Ciudad del Plata";https://auto.mercadolibre.com.uy/MLU-704204482-renault-sandero-stepway-16-privilege-105cv-_JM;N/A;;"Renault Sandero Stepway 1.6 Privilege 105cv";usd;Sí;gold_premium;false;N/A;N/A;http://perfil.mercadolibre.com.uy/KARENF36;active;N/A;N/A;Usado;Blanco;Sí;Hidráulica;Delantera;Sí;Sí;Sí;N/A;N/A;N/A;N/A;N/A;Sí;N/A;N/A;Sí;Sí;N/A;No;N/A;N/A;N/A;N/A;N/A;N/A;N/A;N/A;N/A;N/A;"2590 mm";"1.6 L";"50 L";5;N/A;N/A;N/A;N/A;N/A;Sí;N/A;N/A;N/A;N/A;N/A;N/A;N/A;N/A;N/A;N/A;N/A;N/A;N/A;N/A;N/A;N/A;N/A;N/A;N/A;N/A;N/A;N/A;N/A;Sí;N/A;N/A;N/A;Sí;Sí;Sí;N/A;N/A;N/A;N/A;N/A;N/A;N/A;N/A;N/A;"1559 mm";"4066 mm";N/A;N/A;N/A;N/A;5;"105 hp";Privilege;N/A;4;"1761 mm";"9.3 km/l";Sí;N/A;No;Sí;N/A;N/A;Sí;N/A;No;N/A;"5.9 km/l";N/A;N/A;N/A;N/A;N/A;"De lunes a domingos de 8:00 a 20:00";5;1.6;Nafta;Manual;Hatchback;"Autos y camionetas";No;N/A;N/A;N/A;No;N/A;UY;N/A;No;N/A;N/A;N/A;N/A;N/A;N/A;N/A;N/A;N/A;N/A;N/A;N/A;N/A;N/A;N/A;No;N/A;N/A;N/A;N/A;N/A;N/A;N/A;N/A;N/A;N/A;N/A;N/A;N/A;N/A;N/A;N/A;N/A;N/A;N/A;N/A;N/A;N/A;N/A;N/A;N/A;N/A;N/A;N/A;N/A;N/A;N/A;N/A;N/A;N/A;N/A;N/A;N/A;Sí;N/A;N/A;N/A;N/A;N/A;N/A;N/A;N/A;N/A;N/A;N/A;N/A;N/A;N/A;N/A;N/A;N/A;N/A;N/A;N/A;N/A;N/A;N/A;N/A;N/A;N/A;N/A;N/A;N/A;N/A;N/A;N/A;No;Sí;Sí;Sí;N/A;Sí;N/A;N/A;N/A;N/A;Sí;N/A;N/A;Sí;N/A;N/A;Sí;N/A;Sí;Sí;Sí;Sí;No;No;Sí;N/A;Sí
Renault;Clio;"0.9 Iv Fase Ii Turbo Dynamique";2017;"90000 km";;NICOLSMARCHESANO;16490;;;;;"Carrasco Norte";https://auto.mercadolibre.com.uy/MLU-704432520-renault-clio-2017-09-iv-fase-ii-turbo-dynamique-_JM;N/A;;"Renault Clio 2017 0.9 Iv Fase Ii Turbo Dynamique";usd;Sí;gold_premium;false;N/A;N/A;http://perfil.mercadolibre.com.uy/NICOLSMARCHESANO;active;N/A;N/A;Usado;N/A;N/A;Hidráulica;Delantera;N/A;N/A;Sí;N/A;N/A;N/A;N/A;N/A;N/A;N/A;N/A;N/A;N/A;N/A;N/A;N/A;N/A;N/A;N/A;N/A;N/A;N/A;N/A;N/A;N/A;"2472 mm";"0.9 L";"50 L";5;N/A;N/A;N/A;N/A;N/A;N/A;N/A;N/A;N/A;N/A;N/A;N/A;N/A;N/A;N/A;N/A;N/A;N/A;N/A;N/A;N/A;N/A;N/A;N/A;N/A;N/A;N/A;N/A;N/A;N/A;N/A;N/A;N/A;N/A;N/A;N/A;N/A;N/A;N/A;N/A;N/A;N/A;N/A;N/A;N/A;"1417 mm";"3811 mm";N/A;N/A;N/A;N/A;5;"90 hp";Authentique;N/A;4;"1639 mm";N/A;N/A;N/A;N/A;N/A;N/A;N/A;N/A;N/A;N/A;N/A;N/A;N/A;N/A;N/A;N/A;N/A;N/A;3;0.9;Nafta;Manual;Hatchback;"Autos y camionetas";N/A;N/A;N/A;N/A;N/A;N/A;UY;N/A;N/A;N/A;N/A;N/A;N/A;N/A;N/A;N/A;N/A;N/A;N/A;N/A;N/A;N/A;N/A;N/A;N/A;N/A;N/A;N/A;N/A;N/A;N/A;N/A;N/A;N/A;N/A;N/A;N/A;N/A;N/A;N/A;N/A;N/A;N/A;N/A;N/A;N/A;N/A;N/A;N/A;N/A;N/A;N/A;N/A;N/A;N/A;N/A;N/A;N/A;N/A;N/A;N/A;N/A;N/A;N/A;N/A;N/A;N/A;N/A;N/A;N/A;N/A;N/A;N/A;N/A;N/A;N/A;N/A;N/A;N/A;N/A;N/A;N/A;N/A;N/A;N/A;N/A;N/A;N/A;N/A;N/A;N/A;N/A;N/A;N/A;N/A;N/A;N/A;N/A;N/A;N/A;N/A;N/A;N/A;N/A;N/A;N/A;N/A;N/A;N/A;N/A;N/A;N/A;N/A;N/A;N/A;N/A;N/A;N/A;N/A;N/A;N/A;N/A
Renault;Kangoo;"1.9 Confort D";2006;"318000 km";;DIAZMYRIAM20221122164106;4500;;;;;Unión;https://auto.mercadolibre.com.uy/MLU-702782576-renault-kangoo-2006-19-confort-diesel-muy-economica-_JM;N/A;;"Renault Kangoo 2006 1.9 Confort Diesel - Muy Economica ";usd;No;gold_premium;false;N/A;N/A;http://perfil.mercadolibre.com.uy/DIAZMYRIAM20221122164106;active;N/A;N/A;Usado;N/A;N/A;Hidráulica;Delantera;Sí;N/A;N/A;N/A;N/A;N/A;N/A;N/A;N/A;N/A;N/A;N/A;N/A;N/A;N/A;N/A;N/A;N/A;N/A;N/A;N/A;N/A;N/A;N/A;N/A;"2600 mm";"1.9 L";"52 L";5;N/A;N/A;N/A;N/A;N/A;N/A;N/A;N/A;N/A;N/A;N/A;N/A;N/A;N/A;N/A;N/A;N/A;N/A;N/A;N/A;N/A;N/A;N/A;N/A;N/A;N/A;N/A;N/A;N/A;N/A;N/A;N/A;N/A;N/A;N/A;N/A;N/A;N/A;N/A;N/A;N/A;N/A;N/A;N/A;N/A;"1860 mm";"3995 mm";N/A;N/A;N/A;N/A;5;"65 hp";Confort;N/A;2;"1672 mm";N/A;N/A;N/A;N/A;N/A;N/A;N/A;N/A;N/A;N/A;N/A;N/A;N/A;N/A;N/A;N/A;N/A;N/A;5;1.9;Diésel;Manual;Rural;"Autos y camionetas";N/A;N/A;N/A;N/A;N/A;N/A;UY;N/A;N/A;N/A;N/A;N/A;N/A;N/A;N/A;N/A;N/A;N/A;N/A;N/A;N/A;N/A;N/A;N/A;N/A;N/A;N/A;N/A;N/A;N/A;N/A;N/A;N/A;N/A;N/A;N/A;N/A;N/A;N/A;N/A;N/A;N/A;N/A;N/A;N/A;N/A;N/A;N/A;N/A;N/A;N/A;N/A;N/A;N/A;N/A;N/A;N/A;N/A;N/A;N/A;N/A;N/A;N/A;N/A;N/A;N/A;N/A;N/A;N/A;N/A;N/A;N/A;N/A;N/A;N/A;N/A;N/A;N/A;N/A;N/A;N/A;N/A;N/A;N/A;N/A;N/A;N/A;N/A;N/A;N/A;N/A;N/A;N/A;N/A;N/A;N/A;N/A;N/A;N/A;N/A;N/A;N/A;N/A;N/A;N/A;N/A;N/A;N/A;N/A;N/A;N/A;N/A;N/A;N/A;N/A;N/A;N/A;N/A;N/A;N/A;N/A;N/A
Renault;Clio;"1.2 Iv Expression";2014;"150000 km";;SCHWARTZEMAR;8500;;;;;Cordón;https://auto.mercadolibre.com.uy/MLU-703951630-oportunidad-renault-clio-mio-full-inmaculado-_JM;N/A;;"Oportunidad! Renault Clio Mio Full Inmaculado! ";usd;Sí;gold_premium;false;N/A;N/A;http://perfil.mercadolibre.com.uy/SCHWARTZEMAR;active;N/A;N/A;Usado;Gris;N/A;Hidráulica;Delantera;N/A;N/A;Sí;N/A;N/A;N/A;N/A;N/A;N/A;N/A;N/A;N/A;N/A;N/A;N/A;N/A;N/A;N/A;N/A;N/A;N/A;N/A;N/A;N/A;N/A;"2472 mm";"1.2 L";"50 L";5;N/A;N/A;N/A;N/A;N/A;N/A;N/A;N/A;N/A;N/A;N/A;N/A;N/A;N/A;N/A;N/A;N/A;N/A;N/A;N/A;N/A;N/A;N/A;N/A;N/A;N/A;N/A;N/A;N/A;N/A;N/A;N/A;N/A;N/A;N/A;N/A;N/A;N/A;N/A;N/A;N/A;N/A;N/A;N/A;N/A;"1417 mm";"3811 mm";N/A;N/A;N/A;N/A;5;"75 hp";Authentique;N/A;4;"1639 mm";N/A;N/A;N/A;N/A;N/A;N/A;N/A;N/A;N/A;N/A;N/A;N/A;N/A;N/A;N/A;N/A;N/A;24/7;3;1.2;Nafta;Manual;Hatchback;"Autos y camionetas";N/A;N/A;N/A;N/A;N/A;N/A;UY;N/A;N/A;N/A;N/A;N/A;N/A;N/A;N/A;N/A;N/A;N/A;N/A;N/A;N/A;N/A;N/A;N/A;N/A;N/A;N/A;N/A;N/A;N/A;N/A;N/A;N/A;N/A;N/A;N/A;N/A;N/A;N/A;N/A;N/A;N/A;N/A;N/A;N/A;N/A;N/A;N/A;N/A;N/A;N/A;N/A;N/A;N/A;N/A;N/A;N/A;N/A;N/A;N/A;N/A;N/A;N/A;N/A;N/A;N/A;N/A;N/A;N/A;N/A;N/A;N/A;N/A;N/A;N/A;N/A;N/A;N/A;N/A;N/A;N/A;N/A;N/A;N/A;N/A;N/A;N/A;N/A;N/A;N/A;N/A;N/A;N/A;N/A;N/A;N/A;N/A;N/A;N/A;N/A;N/A;N/A;N/A;N/A;N/A;N/A;N/A;N/A;N/A;N/A;N/A;N/A;N/A;N/A;N/A;N/A;N/A;N/A;N/A;N/A;N/A;N/A
Renault;"Kangoo Express";Full;2022;"120000 km";;PAB_MAR2005;15500;;;;;Marindia;https://auto.mercadolibre.com.uy/MLU-705312954-renault-kangoo-2022-_JM;N/A;;"Renault Kangoo 2022";USD;Sí;gold_premium;false;N/A;N/A;http://perfil.mercadolibre.com.uy/PAB_MAR2005;active;N/A;N/A;Usado;Blanco;Sí;Eléctrica;Delantera;Sí;Sí;N/A;N/A;N/A;Sí;N/A;N/A;No;N/A;N/A;Sí;Sí;N/A;No;N/A;N/A;N/A;N/A;N/A;N/A;N/A;N/A;N/A;N/A;N/A;N/A;N/A;N/A;N/A;N/A;N/A;N/A;N/A;No;N/A;N/A;N/A;N/A;N/A;N/A;N/A;N/A;N/A;N/A;N/A;N/A;N/A;N/A;N/A;N/A;N/A;N/A;N/A;N/A;N/A;N/A;N/A;No;N/A;N/A;N/A;N/A;N/A;N/A;N/A;N/A;N/A;N/A;N/A;N/A;N/A;N/A;N/A;N/A;N/A;N/A;N/A;N/A;N/A;N/A;N/A;N/A;N/A;N/A;N/A;N/A;No;N/A;No;Sí;N/A;Sí;Sí;N/A;No;N/A;N/A;No;Sí;N/A;N/A;No;N/A;4;"1.6 16 VALVULAS";Nafta;Manual;Furgón;"Autos y camionetas";No;N/A;N/A;N/A;No;N/A;N/A;N/A;No;N/A;No;N/A;N/A;N/A;N/A;N/A;N/A;N/A;N/A;N/A;N/A;N/A;N/A;N/A;Sí;N/A;N/A;N/A;N/A;N/A;N/A;N/A;N/A;N/A;N/A;N/A;N/A;N/A;N/A;N/A;N/A;N/A;N/A;N/A;N/A;N/A;N/A;N/A;N/A;N/A;N/A;N/A;N/A;N/A;N/A;N/A;N/A;N/A;N/A;N/A;N/A;N/A;Sí;N/A;N/A;N/A;N/A;N/A;N/A;N/A;N/A;N/A;N/A;N/A;N/A;N/A;N/A;N/A;N/A;N/A;N/A;N/A;N/A;N/A;N/A;N/A;N/A;N/A;N/A;N/A;N/A;N/A;N/A;N/A;N/A;No;Sí;Sí;No;N/A;Sí;N/A;N/A;N/A;N/A;Sí;No;Sí;No;N/A;N/A;Sí;Sí;Sí;Sí;Sí;Sí;No;No;Sí;N/A;Sí
Renault;Megane;Privilege;2015;"125000 km";;SESMARTIN;12500;;;;;"La Comercial";https://auto.mercadolibre.com.uy/MLU-705957776-renault-megane-privilege-20-_JM;N/A;;"Renault Megane Privilege 2.0";USD;Sí;gold_premium;false;N/A;N/A;http://perfil.mercadolibre.com.uy/SESMARTIN;active;N/A;N/A;Usado;Blanco;No;Hidráulica;N/A;Sí;N/A;N/A;N/A;N/A;Sí;N/A;N/A;N/A;N/A;N/A;Sí;Sí;N/A;Sí;N/A;N/A;N/A;N/A;N/A;N/A;N/A;N/A;N/A;N/A;N/A;N/A;N/A;N/A;N/A;N/A;N/A;N/A;N/A;Sí;N/A;N/A;N/A;N/A;N/A;N/A;N/A;N/A;N/A;N/A;N/A;N/A;N/A;N/A;N/A;N/A;N/A;N/A;N/A;N/A;N/A;N/A;N/A;N/A;N/A;N/A;N/A;N/A;N/A;N/A;N/A;N/A;N/A;N/A;N/A;N/A;N/A;N/A;N/A;N/A;N/A;N/A;N/A;N/A;N/A;N/A;N/A;N/A;N/A;N/A;N/A;N/A;N/A;N/A;Sí;Sí;N/A;Sí;Sí;N/A;Sí;N/A;N/A;Sí;N/A;N/A;N/A;Sí;N/A;5;2.0;Nafta;Manual;Hatchback;"Autos y camionetas";N/A;N/A;N/A;N/A;N/A;N/A;N/A;N/A;N/A;N/A;N/A;N/A;N/A;N/A;N/A;N/A;N/A;N/A;N/A;N/A;N/A;N/A;N/A;N/A;N/A;N/A;N/A;N/A;N/A;N/A;N/A;N/A;N/A;N/A;N/A;N/A;N/A;N/A;N/A;N/A;N/A;N/A;N/A;N/A;N/A;N/A;N/A;N/A;N/A;N/A;N/A;N/A;N/A;N/A;N/A;N/A;N/A;N/A;N/A;N/A;N/A;N/A;N/A;N/A;N/A;N/A;N/A;N/A;N/A;N/A;N/A;N/A;N/A;N/A;N/A;N/A;N/A;N/A;N/A;N/A;N/A;N/A;N/A;N/A;N/A;N/A;N/A;N/A;N/A;N/A;N/A;N/A;N/A;N/A;N/A;N/A;Sí;Sí;Sí;N/A;Sí;N/A;N/A;N/A;N/A;Sí;Sí;Sí;Sí;N/A;N/A;N/A;Sí;Sí;Sí;Sí;Sí;Sí;N/A;Sí;N/A;Sí
Renault;Kwid;"1.0 Sce 66cv Life";2023;"29000 km";;NAPOLEONA.H;11900;;;;;"Punta del Este";https://auto.mercadolibre.com.uy/MLU-704421262-renault-kwid-10-sce-66cv-life-_JM;N/A;;"Renault Kwid 1.0 Sce 66cv Life";usd;Sí;gold_premium;false;N/A;N/A;http://perfil.mercadolibre.com.uy/NAPOLEONA.H;active;N/A;N/A;Usado;Blanco;N/A;N/A;Delantera;N/A;N/A;Sí;N/A;N/A;N/A;N/A;N/A;N/A;N/A;N/A;N/A;N/A;N/A;N/A;N/A;N/A;N/A;N/A;N/A;N/A;N/A;N/A;N/A;N/A;"2423 mm";"1 L";"50 L";5;N/A;N/A;N/A;N/A;N/A;N/A;N/A;N/A;N/A;N/A;N/A;N/A;N/A;N/A;N/A;N/A;N/A;N/A;N/A;N/A;N/A;N/A;N/A;N/A;N/A;N/A;N/A;N/A;N/A;N/A;N/A;N/A;N/A;N/A;N/A;N/A;N/A;N/A;N/A;N/A;N/A;N/A;N/A;N/A;N/A;"1474 mm";"3680 mm";N/A;N/A;N/A;N/A;5;"66 hp";Life;N/A;4;"1752 mm";N/A;N/A;N/A;N/A;N/A;N/A;N/A;N/A;N/A;N/A;N/A;N/A;N/A;N/A;N/A;N/A;N/A;N/A;5;1.0;Nafta;Manual;Hatchback;"Autos y camionetas";N/A;N/A;N/A;N/A;N/A;N/A;UY;N/A;N/A;N/A;N/A;N/A;N/A;N/A;N/A;N/A;N/A;N/A;N/A;N/A;N/A;N/A;N/A;N/A;N/A;N/A;N/A;N/A;N/A;N/A;N/A;N/A;N/A;N/A;N/A;N/A;N/A;N/A;N/A;N/A;N/A;N/A;N/A;N/A;N/A;N/A;N/A;N/A;N/A;N/A;N/A;N/A;N/A;N/A;N/A;N/A;N/A;N/A;N/A;N/A;N/A;N/A;N/A;N/A;N/A;N/A;N/A;N/A;N/A;N/A;N/A;N/A;N/A;N/A;N/A;N/A;N/A;N/A;N/A;N/A;N/A;N/A;N/A;N/A;N/A;N/A;N/A;N/A;N/A;N/A;N/A;N/A;N/A;N/A;N/A;N/A;N/A;N/A;N/A;N/A;N/A;N/A;N/A;N/A;N/A;N/A;N/A;N/A;N/A;N/A;N/A;N/A;N/A;N/A;N/A;N/A;N/A;N/A;N/A;N/A;N/A;N/A
Renault;"Laguna 2";"2.0 Rxe";1998;"190000 km";;NARIGUETA2011;6000;;;;;Rivera;https://auto.mercadolibre.com.uy/MLU-647430091-renault-laguna-_JM;N/A;;"Renault Laguna";usd;No;gold_premium;false;N/A;N/A;http://perfil.mercadolibre.com.uy/NARIGUETA2011;active;N/A;N/A;Usado;Blanco;No;Hidráulica;Delantera;Sí;Sí;N/A;N/A;N/A;Sí;N/A;N/A;N/A;N/A;N/A;N/A;Sí;N/A;Sí;N/A;N/A;N/A;N/A;N/A;N/A;N/A;N/A;N/A;N/A;"2670 mm";"2 L";"70 L";5;N/A;N/A;N/A;N/A;N/A;Sí;N/A;N/A;N/A;N/A;N/A;N/A;N/A;N/A;N/A;N/A;N/A;N/A;N/A;N/A;N/A;N/A;N/A;N/A;N/A;N/A;N/A;N/A;N/A;N/A;N/A;N/A;N/A;N/A;N/A;N/A;N/A;N/A;N/A;N/A;N/A;N/A;N/A;N/A;N/A;"1429 mm";"4576 mm";N/A;N/A;N/A;N/A;5;"137 hp";Rxe;N/A;4;"1772 mm";"11 km/l";No;N/A;Sí;Sí;N/A;Sí;Sí;N/A;Sí;N/A;N/A;Sí;Sí;N/A;N/A;Sí;"Lunes a Viernes de 8:00 a 22:00";4;2.0;Nafta;Manual;Sedán;"Autos y camionetas";No;N/A;N/A;N/A;No;N/A;UY;N/A;No;N/A;No;N/A;N/A;N/A;N/A;N/A;N/A;N/A;N/A;N/A;N/A;N/A;N/A;N/A;N/A;N/A;N/A;N/A;N/A;N/A;N/A;N/A;N/A;N/A;N/A;N/A;N/A;N/A;N/A;N/A;N/A;N/A;N/A;No;N/A;N/A;N/A;N/A;N/A;N/A;N/A;N/A;N/A;N/A;N/A;N/A;N/A;N/A;N/A;N/A;N/A;No;No;N/A;N/A;N/A;N/A;N/A;N/A;N/A;N/A;N/A;N/A;N/A;N/A;N/A;N/A;N/A;N/A;N/A;N/A;N/A;N/A;N/A;N/A;N/A;N/A;N/A;N/A;N/A;N/A;N/A;N/A;N/A;N/A;N/A;Sí;Sí;Sí;N/A;Sí;N/A;N/A;N/A;N/A;Sí;N/A;Sí;Sí;N/A;N/A;N/A;Sí;Sí;Sí;Sí;Sí;Sí;N/A;Sí;N/A;Sí
Renault;"Sandero Stepway";"1.6 Privilege Nav 105cv";2014;"150000 km";;RRAMENAUTOS;11200;;;;;Pocitos;https://auto.mercadolibre.com.uy/MLU-703873772-renault-sandero-stepway-16-privilege-nav-105cv-_JM;N/A;;"Renault Sandero Stepway 1.6 Privilege Nav 105cv";usd;Sí;gold_premium;false;N/A;N/A;http://perfil.mercadolibre.com.uy/RRAMENAUTOS;active;N/A;N/A;Usado;Gris;N/A;Hidráulica;Delantera;N/A;N/A;Sí;N/A;N/A;N/A;N/A;N/A;N/A;N/A;N/A;N/A;N/A;N/A;N/A;N/A;N/A;N/A;N/A;N/A;N/A;N/A;N/A;N/A;N/A;"2588 mm";"1.6 L";"50 L";5;N/A;N/A;N/A;N/A;N/A;N/A;N/A;N/A;N/A;N/A;N/A;N/A;N/A;N/A;N/A;N/A;N/A;N/A;N/A;N/A;N/A;N/A;N/A;N/A;N/A;N/A;N/A;N/A;N/A;N/A;N/A;N/A;N/A;N/A;N/A;N/A;N/A;N/A;N/A;N/A;N/A;N/A;N/A;N/A;N/A;"1630 mm";"4091 mm";N/A;N/A;N/A;N/A;5;"105 hp";Privilege;N/A;4;"1751 mm";"9.3 km/l";N/A;N/A;N/A;N/A;N/A;N/A;Sí;N/A;N/A;N/A;"5.9 km/l";N/A;N/A;N/A;N/A;N/A;N/A;5;1.6;Nafta;Manual;Hatchback;"Autos y camionetas";N/A;N/A;N/A;N/A;N/A;N/A;UY;N/A;N/A;N/A;N/A;N/A;N/A;N/A;N/A;N/A;N/A;N/A;N/A;N/A;N/A;N/A;N/A;N/A;N/A;N/A;N/A;N/A;N/A;N/A;N/A;N/A;N/A;N/A;N/A;N/A;N/A;N/A;N/A;N/A;N/A;N/A;N/A;N/A;N/A;N/A;N/A;N/A;N/A;N/A;N/A;N/A;N/A;N/A;N/A;N/A;N/A;N/A;N/A;N/A;N/A;N/A;N/A;N/A;N/A;N/A;N/A;N/A;N/A;N/A;N/A;N/A;N/A;N/A;N/A;N/A;N/A;N/A;N/A;N/A;N/A;N/A;N/A;N/A;N/A;N/A;N/A;N/A;N/A;N/A;N/A;N/A;N/A;N/A;N/A;N/A;N/A;N/A;N/A;N/A;N/A;N/A;N/A;N/A;N/A;N/A;N/A;N/A;N/A;N/A;N/A;N/A;Sí;N/A;N/A;N/A;N/A;N/A;N/A;Sí;N/A;N/A
Renault;Kwid;"1.0 Sce 66cv Intense";2019;"54000 km";;JORGE.INGOLD.AUTOMOVILES;12600;;;;;"Nueva Helvecia";https://auto.mercadolibre.com.uy/MLU-702119868-renault-kwid-intense-10-2019-_JM;N/A;;"Renault Kwid Intense 1.0 2019";usd;Sí;gold_premium;false;N/A;N/A;http://perfil.mercadolibre.com.uy/JORGE.INGOLD.AUTOMOVILES;active;N/A;N/A;Usado;Naranja;N/A;Hidráulica;Delantera;Sí;Sí;Sí;N/A;N/A;N/A;N/A;N/A;N/A;N/A;N/A;N/A;Sí;N/A;N/A;N/A;N/A;N/A;N/A;N/A;N/A;N/A;N/A;N/A;N/A;"2423 mm";"1 L";"50 L";5;N/A;N/A;N/A;N/A;N/A;N/A;N/A;N/A;N/A;N/A;N/A;N/A;N/A;N/A;N/A;N/A;N/A;N/A;N/A;N/A;N/A;N/A;N/A;N/A;N/A;N/A;N/A;N/A;N/A;N/A;N/A;N/A;N/A;N/A;N/A;N/A;N/A;N/A;N/A;N/A;N/A;N/A;N/A;N/A;N/A;"1474 mm";"3680 mm";N/A;N/A;N/A;N/A;5;"66 hp";Intense;N/A;4;"1752 mm";N/A;N/A;N/A;N/A;N/A;N/A;N/A;N/A;N/A;N/A;N/A;N/A;N/A;N/A;N/A;N/A;N/A;"Lunes a Viernes de 8:00 a 12:00 y de 14:00 a 18:00. Sábados de 8:00 a 12:00";5;1.0;Nafta;Manual;Hatchback;"Autos y camionetas";N/A;N/A;N/A;N/A;N/A;N/A;UY;N/A;N/A;N/A;N/A;N/A;N/A;N/A;N/A;N/A;N/A;N/A;N/A;N/A;N/A;N/A;N/A;N/A;N/A;N/A;N/A;N/A;N/A;N/A;N/A;N/A;N/A;N/A;N/A;N/A;N/A;N/A;N/A;N/A;N/A;N/A;N/A;N/A;N/A;N/A;N/A;N/A;N/A;N/A;N/A;N/A;N/A;N/A;N/A;N/A;N/A;N/A;N/A;N/A;N/A;N/A;N/A;N/A;N/A;N/A;N/A;N/A;N/A;N/A;N/A;N/A;N/A;N/A;N/A;N/A;N/A;N/A;N/A;N/A;N/A;N/A;N/A;N/A;N/A;N/A;N/A;N/A;N/A;N/A;N/A;N/A;N/A;N/A;N/A;N/A;Sí;Sí;N/A;N/A;N/A;N/A;N/A;N/A;N/A;Sí;N/A;Sí;Sí;N/A;N/A;N/A;N/A;Sí;Sí;N/A;N/A;N/A;N/A;Sí;N/A;Sí
Renault;Stepway;"1.6 Zen";2021;"77500 km";;"AUTOMOTORA CANEPAS";16800;;;;;Pando;https://auto.mercadolibre.com.uy/MLU-701797240-renault-sandero-stepway-zen-_JM;N/A;;"Renault Sandero Stepway Zen ";usd;Sí;gold_premium;false;N/A;N/A;http://perfil.mercadolibre.com.uy/AUTOMOTORA+CANEPAS;active;N/A;N/A;Usado;Gris;N/A;Hidráulica;Delantera;N/A;N/A;Sí;N/A;N/A;N/A;N/A;N/A;N/A;N/A;N/A;N/A;N/A;N/A;N/A;N/A;N/A;N/A;N/A;N/A;N/A;N/A;N/A;N/A;N/A;"2590 mm";"1.6 L";"50 L";5;N/A;N/A;N/A;N/A;N/A;N/A;N/A;N/A;N/A;N/A;N/A;N/A;N/A;N/A;N/A;N/A;N/A;N/A;N/A;N/A;N/A;N/A;N/A;N/A;N/A;N/A;N/A;N/A;N/A;N/A;N/A;N/A;N/A;N/A;N/A;N/A;N/A;N/A;N/A;N/A;N/A;N/A;N/A;N/A;N/A;"1559 mm";"4066 mm";N/A;N/A;N/A;N/A;5;"115 hp";Zen;N/A;4;"1761 mm";"9.3 km/l";Sí;N/A;N/A;N/A;N/A;N/A;Sí;N/A;N/A;N/A;"5.9 km/l";N/A;N/A;N/A;N/A;N/A;N/A;5;1.6;Nafta;Manual;Hatchback;"Autos y camionetas";N/A;N/A;N/A;N/A;N/A;N/A;UY;N/A;N/A;N/A;N/A;N/A;N/A;N/A;N/A;N/A;N/A;N/A;N/A;N/A;N/A;N/A;N/A;N/A;N/A;N/A;N/A;N/A;N/A;N/A;N/A;N/A;N/A;N/A;N/A;N/A;N/A;N/A;N/A;N/A;N/A;N/A;N/A;N/A;N/A;N/A;N/A;N/A;N/A;N/A;N/A;N/A;N/A;N/A;N/A;N/A;N/A;N/A;N/A;N/A;N/A;N/A;N/A;N/A;N/A;N/A;N/A;N/A;N/A;N/A;N/A;N/A;N/A;N/A;N/A;N/A;N/A;N/A;N/A;N/A;N/A;N/A;N/A;N/A;N/A;N/A;N/A;N/A;N/A;N/A;N/A;N/A;N/A;N/A;N/A;N/A;N/A;N/A;N/A;N/A;N/A;N/A;N/A;N/A;N/A;N/A;N/A;N/A;N/A;N/A;N/A;N/A;N/A;N/A;N/A;N/A;N/A;N/A;N/A;N/A;N/A;N/A
Renault;Kwid;"1.0 Sce 66cv Life";2018;"76000 km";;JORGE.INGOLD.AUTOMOVILES;11600;;;;;"Nueva Helvecia";https://auto.mercadolibre.com.uy/MLU-645596173-renault-kwid-life-2018-_JM;N/A;;"Renault Kwid Life 2018";usd;Sí;gold_premium;false;N/A;N/A;http://perfil.mercadolibre.com.uy/JORGE.INGOLD.AUTOMOVILES;active;N/A;N/A;Usado;Rojo;N/A;Hidráulica;Delantera;Sí;N/A;Sí;N/A;N/A;N/A;N/A;N/A;N/A;N/A;N/A;N/A;N/A;N/A;N/A;N/A;N/A;N/A;N/A;N/A;N/A;N/A;N/A;N/A;N/A;"2423 mm";"1 L";"50 L";5;N/A;N/A;N/A;N/A;N/A;N/A;N/A;N/A;N/A;N/A;N/A;N/A;N/A;N/A;N/A;N/A;N/A;N/A;N/A;N/A;N/A;N/A;N/A;N/A;N/A;N/A;N/A;N/A;N/A;N/A;N/A;N/A;N/A;N/A;N/A;N/A;N/A;N/A;N/A;N/A;N/A;N/A;N/A;N/A;N/A;"1474 mm";"3680 mm";N/A;N/A;N/A;N/A;5;"66 hp";Life;N/A;4;"1752 mm";N/A;N/A;N/A;N/A;N/A;N/A;Sí;N/A;N/A;N/A;N/A;N/A;N/A;N/A;N/A;N/A;N/A;"Lunes a Viernes de 8:00 a 12:00 y de 14:00 a 18:00. Sábados de 8:00 a 12:00";5;1.0;Nafta;Manual;Hatchback;"Autos y camionetas";N/A;N/A;N/A;N/A;N/A;N/A;UY;N/A;N/A;N/A;N/A;N/A;N/A;N/A;N/A;N/A;N/A;N/A;N/A;N/A;N/A;N/A;N/A;N/A;N/A;N/A;N/A;N/A;N/A;N/A;N/A;N/A;N/A;N/A;N/A;N/A;N/A;N/A;N/A;N/A;N/A;N/A;N/A;N/A;N/A;N/A;N/A;N/A;N/A;N/A;N/A;N/A;N/A;N/A;N/A;N/A;N/A;N/A;N/A;N/A;N/A;N/A;N/A;N/A;N/A;N/A;N/A;N/A;N/A;N/A;N/A;N/A;N/A;N/A;N/A;N/A;N/A;N/A;N/A;N/A;N/A;N/A;N/A;N/A;N/A;N/A;N/A;N/A;N/A;N/A;N/A;N/A;N/A;N/A;N/A;N/A;Sí;N/A;N/A;N/A;N/A;N/A;N/A;N/A;N/A;Sí;N/A;N/A;Sí;N/A;N/A;N/A;N/A;Sí;Sí;Sí;N/A;N/A;N/A;Sí;N/A;Sí
Renault;Oroch;"OROCH EXPRESSION";2018;"225000 km";;PEGORRAROGASTON;14000;;;;;"La Barra";https://auto.mercadolibre.com.uy/MLU-703805332-renault-oroch-oroch-expression-_JM;N/A;;"Renault Oroch Oroch Expression";USD;Sí;gold_premium;false;N/A;N/A;http://perfil.mercadolibre.com.uy/PEGORRAROGASTON;active;N/A;N/A;Usado;N/A;N/A;N/A;N/A;N/A;N/A;N/A;N/A;N/A;N/A;N/A;N/A;N/A;N/A;N/A;N/A;N/A;N/A;N/A;N/A;N/A;N/A;N/A;N/A;N/A;N/A;N/A;N/A;N/A;N/A;N/A;N/A;N/A;N/A;N/A;N/A;N/A;N/A;N/A;N/A;N/A;N/A;N/A;N/A;N/A;N/A;N/A;N/A;N/A;N/A;N/A;N/A;N/A;N/A;N/A;N/A;N/A;N/A;N/A;N/A;N/A;N/A;N/A;N/A;N/A;N/A;N/A;N/A;N/A;N/A;N/A;N/A;N/A;N/A;N/A;N/A;N/A;N/A;N/A;N/A;N/A;N/A;N/A;N/A;N/A;N/A;N/A;N/A;N/A;N/A;N/A;N/A;N/A;N/A;N/A;N/A;N/A;N/A;N/A;N/A;N/A;N/A;N/A;N/A;N/A;N/A;N/A;N/A;4;N/A;Nafta;N/A;N/A;"Autos y camionetas";N/A;N/A;N/A;N/A;N/A;N/A;N/A;N/A;N/A;N/A;N/A;N/A;N/A;N/A;N/A;N/A;N/A;N/A;N/A;N/A;N/A;N/A;N/A;N/A;N/A;N/A;N/A;N/A;N/A;N/A;N/A;N/A;N/A;N/A;N/A;N/A;N/A;N/A;N/A;N/A;N/A;N/A;N/A;N/A;N/A;N/A;N/A;N/A;N/A;N/A;N/A;N/A;N/A;N/A;N/A;N/A;N/A;N/A;N/A;N/A;N/A;N/A;N/A;N/A;N/A;N/A;N/A;N/A;N/A;N/A;N/A;N/A;N/A;N/A;N/A;N/A;N/A;N/A;N/A;N/A;N/A;N/A;N/A;N/A;N/A;N/A;N/A;N/A;N/A;N/A;N/A;N/A;N/A;N/A;N/A;N/A;N/A;N/A;N/A;N/A;N/A;N/A;N/A;N/A;N/A;N/A;N/A;N/A;N/A;N/A;N/A;N/A;N/A;N/A;N/A;N/A;N/A;N/A;N/A;N/A;N/A;N/A
Renault;Clio;"1.2 Authentique 75cv";2011;"150000 km";;DAPIPA16;6500;;;;;Pinamar;https://auto.mercadolibre.com.uy/MLU-704021198-renault-clio-2011-12-authentique-75cv-_JM;N/A;;"Renault Clio 2011 1.2 Authentique 75cv";usd;Sí;gold_premium;false;N/A;N/A;http://perfil.mercadolibre.com.uy/DAPIPA16;active;N/A;N/A;Usado;N/A;N/A;Hidráulica;Delantera;N/A;N/A;N/A;N/A;N/A;N/A;N/A;N/A;N/A;N/A;N/A;N/A;N/A;N/A;N/A;N/A;N/A;N/A;N/A;N/A;N/A;N/A;N/A;N/A;N/A;"2472 mm";"1.2 L";"50 L";5;N/A;N/A;N/A;N/A;N/A;N/A;N/A;N/A;N/A;N/A;N/A;N/A;N/A;N/A;N/A;N/A;N/A;N/A;N/A;N/A;N/A;N/A;N/A;N/A;N/A;N/A;N/A;N/A;N/A;N/A;N/A;N/A;N/A;N/A;N/A;N/A;N/A;N/A;N/A;N/A;N/A;N/A;N/A;N/A;N/A;"1417 mm";"3813 mm";N/A;N/A;N/A;N/A;5;"75 hp";Authentique;N/A;4;"1639 mm";N/A;N/A;N/A;N/A;Sí;N/A;N/A;N/A;N/A;N/A;N/A;N/A;N/A;N/A;N/A;N/A;N/A;N/A;3;1.2;Nafta;Manual;Hatchback;"Autos y camionetas";N/A;N/A;N/A;N/A;N/A;N/A;UY;N/A;N/A;N/A;N/A;N/A;N/A;N/A;N/A;N/A;N/A;N/A;N/A;N/A;N/A;N/A;N/A;N/A;N/A;N/A;N/A;N/A;N/A;N/A;N/A;N/A;N/A;N/A;N/A;N/A;N/A;N/A;N/A;N/A;N/A;N/A;N/A;N/A;N/A;N/A;N/A;N/A;N/A;N/A;N/A;N/A;N/A;N/A;N/A;N/A;N/A;N/A;N/A;N/A;N/A;N/A;N/A;N/A;N/A;N/A;N/A;N/A;N/A;N/A;N/A;N/A;N/A;N/A;N/A;N/A;N/A;N/A;N/A;N/A;N/A;N/A;N/A;N/A;N/A;N/A;N/A;N/A;N/A;N/A;N/A;N/A;N/A;N/A;N/A;N/A;N/A;N/A;N/A;N/A;N/A;N/A;N/A;N/A;N/A;N/A;N/A;N/A;N/A;N/A;N/A;N/A;N/A;N/A;N/A;N/A;N/A;N/A;N/A;N/A;N/A;N/A
Renault;Kwid;"1.0 Sce 66cv Life";2022;"24200 km";;BOTTINOLUIGGI;12500;;;;;Pocitos;https://auto.mercadolibre.com.uy/MLU-646441521-renault-kwid-10-sce-66cv-life-_JM;N/A;;"Renault Kwid 1.0 Sce 66cv Life";usd;Sí;gold_premium;false;N/A;N/A;http://perfil.mercadolibre.com.uy/BOTTINOLUIGGI;active;N/A;N/A;Usado;Negro;Sí;Hidráulica;Delantera;Sí;N/A;Sí;N/A;N/A;No;N/A;N/A;No;N/A;N/A;No;No;N/A;Sí;N/A;N/A;N/A;N/A;N/A;N/A;N/A;N/A;N/A;N/A;"2423 mm";"1 L";"50 L";5;N/A;N/A;N/A;N/A;N/A;N/A;N/A;N/A;N/A;N/A;N/A;N/A;N/A;N/A;N/A;N/A;N/A;N/A;N/A;N/A;N/A;N/A;N/A;N/A;N/A;N/A;N/A;N/A;N/A;N/A;N/A;N/A;N/A;N/A;N/A;N/A;N/A;N/A;N/A;N/A;N/A;N/A;N/A;N/A;N/A;"1474 mm";"3680 mm";N/A;N/A;N/A;N/A;5;"66 hp";Life;N/A;4;"1752 mm";N/A;No;N/A;N/A;N/A;N/A;No;No;N/A;N/A;N/A;N/A;N/A;N/A;N/A;N/A;N/A;N/A;5;1.0;Nafta;Manual;Hatchback;"Autos y camionetas";No;N/A;N/A;N/A;No;N/A;UY;N/A;No;N/A;No;N/A;N/A;N/A;N/A;N/A;N/A;N/A;N/A;N/A;N/A;N/A;N/A;N/A;N/A;N/A;N/A;N/A;N/A;N/A;N/A;N/A;N/A;N/A;N/A;N/A;N/A;N/A;N/A;N/A;N/A;N/A;N/A;Sí;N/A;N/A;N/A;N/A;N/A;N/A;N/A;N/A;N/A;N/A;N/A;N/A;N/A;N/A;N/A;N/A;N/A;Sí;No;N/A;N/A;N/A;N/A;N/A;N/A;N/A;N/A;N/A;N/A;N/A;N/A;N/A;N/A;N/A;N/A;N/A;N/A;N/A;N/A;N/A;N/A;N/A;N/A;N/A;N/A;N/A;N/A;N/A;N/A;N/A;N/A;N/A;Sí;No;N/A;N/A;Sí;N/A;N/A;N/A;N/A;Sí;No;N/A;N/A;N/A;N/A;N/A;No;N/A;N/A;N/A;Sí;N/A;N/A;N/A;N/A;N/A
Renault;"Sandero Stepway";intense;2020;"77000 km";;"AUTOPLUS SRL";18500;;;;;Pando;https://auto.mercadolibre.com.uy/MLU-692594416-renault-sandero-stepway-intense-16-2020-impecable-_JM;N/A;;"Renault Sandero Stepway Intense 1.6 2020 Impecable!";usd;Sí;gold_premium;false;N/A;N/A;http://perfil.mercadolibre.com.uy/AUTOPLUS+SRL;active;N/A;N/A;Usado;Blanco;Sí;Hidráulica;N/A;Sí;Sí;Sí;N/A;N/A;N/A;Sí;Sí;N/A;N/A;N/A;N/A;Sí;N/A;N/A;N/A;N/A;N/A;N/A;N/A;N/A;N/A;N/A;N/A;N/A;N/A;"1600 cc";N/A;N/A;N/A;N/A;Sí;Sí;N/A;N/A;N/A;N/A;N/A;N/A;N/A;N/A;N/A;N/A;N/A;N/A;N/A;N/A;N/A;N/A;N/A;N/A;N/A;Sí;N/A;Sí;N/A;Sí;N/A;N/A;N/A;N/A;N/A;N/A;N/A;N/A;N/A;N/A;N/A;N/A;N/A;N/A;N/A;N/A;N/A;N/A;N/A;N/A;N/A;N/A;N/A;N/A;N/A;N/A;N/A;N/A;N/A;"14 km/l";N/A;N/A;Sí;Sí;N/A;N/A;Sí;N/A;N/A;N/A;"15 km/l";Sí;N/A;N/A;N/A;N/A;"Lun a Vie 8:30 a 12:30 y 14 a 18:30hs. Sáb. 8:30 a 12:30hs.";4;1.6;Nafta;Automática;SUV;"Autos y camionetas";No;N/A;N/A;N/A;No;N/A;UY;No;Sí;No;No;N/A;N/A;N/A;N/A;N/A;N/A;N/A;N/A;N/A;N/A;N/A;N/A;N/A;N/A;N/A;N/A;N/A;N/A;N/A;N/A;N/A;N/A;N/A;N/A;N/A;N/A;N/A;N/A;N/A;N/A;N/A;N/A;N/A;N/A;N/A;N/A;N/A;N/A;N/A;N/A;N/A;N/A;N/A;N/A;N/A;N/A;N/A;N/A;N/A;N/A;N/A;No;N/A;N/A;N/A;N/A;N/A;N/A;N/A;N/A;N/A;N/A;N/A;N/A;N/A;N/A;N/A;N/A;N/A;N/A;N/A;N/A;N/A;N/A;N/A;N/A;N/A;N/A;N/A;N/A;N/A;N/A;N/A;N/A;N/A;Sí;N/A;N/A;N/A;Sí;N/A;Sí;N/A;Sí;Sí;N/A;Sí;N/A;N/A;N/A;N/A;Sí;N/A;Sí;N/A;Sí;N/A;N/A;Sí;Sí;Sí
Renault;"Duster Oroch";-;2018;"140000 km";;"AUTOPLUS SRL";16900;;;;;Pando;https://auto.mercadolibre.com.uy/MLU-700347428-renault-oroch-20-2018-impecable-_JM;N/A;;"Renault Oroch 2.0 2018 Impecable!";usd;Sí;gold_premium;false;N/A;N/A;http://perfil.mercadolibre.com.uy/AUTOPLUS+SRL;active;N/A;N/A;Usado;Plateado;N/A;Hidráulica;N/A;Sí;N/A;Sí;N/A;N/A;N/A;N/A;Sí;N/A;N/A;Sí;N/A;Sí;N/A;N/A;N/A;N/A;N/A;N/A;N/A;N/A;N/A;N/A;N/A;N/A;N/A;"2000 cc";N/A;N/A;N/A;N/A;Sí;N/A;N/A;N/A;N/A;N/A;N/A;N/A;N/A;N/A;N/A;N/A;N/A;N/A;N/A;N/A;N/A;N/A;N/A;N/A;N/A;Sí;N/A;N/A;N/A;N/A;N/A;N/A;N/A;N/A;N/A;N/A;N/A;N/A;N/A;N/A;N/A;N/A;N/A;N/A;N/A;N/A;N/A;N/A;N/A;N/A;N/A;N/A;N/A;N/A;N/A;N/A;N/A;N/A;N/A;"11 km/l";N/A;N/A;N/A;N/A;N/A;N/A;Sí;N/A;N/A;N/A;"12 km/l";N/A;N/A;N/A;N/A;N/A;"Lun a Vie 8:30 a 12:30 y 14 a 18:30hs. Sáb. 8:30 a 12:30hs.";4;2.0;Nafta;Manual;Pick-Up;"Autos y camionetas";No;N/A;N/A;N/A;No;N/A;UY;No;Sí;No;No;N/A;N/A;N/A;N/A;N/A;N/A;N/A;N/A;N/A;N/A;N/A;N/A;N/A;N/A;N/A;N/A;N/A;N/A;N/A;N/A;N/A;N/A;N/A;N/A;N/A;N/A;N/A;N/A;N/A;N/A;N/A;N/A;N/A;N/A;N/A;N/A;N/A;N/A;N/A;N/A;N/A;N/A;N/A;N/A;N/A;N/A;N/A;N/A;N/A;N/A;N/A;No;N/A;N/A;N/A;N/A;N/A;N/A;N/A;N/A;N/A;N/A;N/A;N/A;N/A;N/A;N/A;N/A;N/A;N/A;N/A;N/A;N/A;N/A;N/A;N/A;N/A;N/A;N/A;N/A;N/A;N/A;N/A;N/A;N/A;Sí;Sí;N/A;N/A;Sí;N/A;N/A;N/A;Sí;Sí;N/A;Sí;N/A;N/A;N/A;N/A;Sí;N/A;Sí;Sí;Sí;N/A;N/A;Sí;Sí;Sí
Renault;"Sandero Stepway";"1.6 Confort 105cv";2013;"110491 km";;CARPERUSADOS2;10690;;;;;Larrañaga;https://auto.mercadolibre.com.uy/MLU-705972096-renault-sandero-stepway-16-confort-105cv-_JM;N/A;;"Renault Sandero Stepway 1.6 Confort 105cv";usd;Sí;gold_premium;false;N/A;N/A;http://perfil.mercadolibre.com.uy/CARPERUSADOS2;active;N/A;N/A;Usado;Plateado;N/A;Hidráulica;Delantera;N/A;N/A;N/A;N/A;N/A;N/A;N/A;N/A;N/A;N/A;N/A;N/A;N/A;N/A;N/A;N/A;N/A;N/A;N/A;N/A;N/A;N/A;N/A;N/A;N/A;"2588 mm";"1.6 L";"50 L";5;N/A;N/A;N/A;N/A;N/A;N/A;N/A;N/A;N/A;N/A;N/A;N/A;N/A;N/A;N/A;N/A;N/A;N/A;N/A;N/A;N/A;N/A;N/A;N/A;N/A;N/A;N/A;N/A;N/A;N/A;N/A;N/A;N/A;N/A;N/A;N/A;N/A;N/A;N/A;N/A;N/A;N/A;N/A;N/A;N/A;"1630 mm";"4091 mm";N/A;N/A;N/A;N/A;5;"105 hp";Confort;N/A;4;"1751 mm";"9.3 km/l";N/A;N/A;N/A;N/A;N/A;N/A;Sí;N/A;N/A;N/A;"5.9 km/l";N/A;N/A;N/A;N/A;N/A;N/A;5;1.6;Nafta;Manual;Hatchback;"Autos y camionetas";N/A;N/A;N/A;N/A;N/A;N/A;UY;N/A;Sí;N/A;N/A;N/A;N/A;N/A;N/A;N/A;N/A;N/A;N/A;N/A;N/A;N/A;N/A;N/A;N/A;N/A;N/A;N/A;N/A;N/A;N/A;N/A;N/A;N/A;N/A;N/A;N/A;N/A;N/A;N/A;N/A;N/A;N/A;N/A;N/A;N/A;N/A;N/A;N/A;N/A;N/A;N/A;N/A;N/A;N/A;N/A;N/A;N/A;N/A;N/A;N/A;N/A;N/A;N/A;N/A;N/A;N/A;N/A;N/A;N/A;N/A;N/A;N/A;N/A;N/A;N/A;N/A;N/A;N/A;N/A;N/A;N/A;N/A;N/A;N/A;N/A;N/A;N/A;N/A;N/A;N/A;N/A;N/A;N/A;N/A;N/A;N/A;N/A;N/A;N/A;N/A;N/A;N/A;N/A;N/A;N/A;N/A;N/A;N/A;N/A;N/A;N/A;Sí;N/A;N/A;N/A;N/A;N/A;N/A;Sí;N/A;N/A
Renault;"Duster Oroch";"2.0 Privilege";2017;"119210 km";;CARPERUSADOS2;15890;;;;;Larrañaga;https://auto.mercadolibre.com.uy/MLU-702003406-renault-oroch-20-dynamique-descuenta-iva-c64132-_JM;N/A;;"Renault Oroch 2.0 Dynamique Descuenta Iva C/64132";usd;Sí;gold_premium;false;N/A;N/A;http://perfil.mercadolibre.com.uy/CARPERUSADOS2;active;N/A;N/A;Usado;Rojo;Sí;Hidráulica;4x2;Sí;N/A;N/A;N/A;N/A;N/A;N/A;N/A;N/A;N/A;N/A;N/A;N/A;N/A;N/A;N/A;N/A;N/A;N/A;N/A;N/A;N/A;N/A;N/A;N/A;"2829 mm";"2 L";"50 L";6;N/A;N/A;N/A;N/A;N/A;N/A;N/A;N/A;N/A;N/A;N/A;N/A;N/A;N/A;N/A;N/A;N/A;N/A;N/A;N/A;N/A;N/A;N/A;N/A;N/A;N/A;N/A;N/A;N/A;N/A;N/A;N/A;N/A;N/A;N/A;N/A;N/A;N/A;N/A;N/A;N/A;N/A;N/A;N/A;N/A;"1683 mm";"4329 mm";N/A;N/A;N/A;N/A;5;"143 hp";Privilege;N/A;4;"1821 mm";"10.8 km/l";N/A;N/A;N/A;N/A;N/A;N/A;N/A;N/A;N/A;N/A;N/A;N/A;N/A;N/A;N/A;N/A;N/A;5;2.0;Nafta;Manual;SUV;"Autos y camionetas";N/A;N/A;N/A;N/A;N/A;N/A;UY;N/A;Sí;N/A;N/A;N/A;N/A;N/A;N/A;N/A;N/A;N/A;N/A;N/A;N/A;N/A;N/A;N/A;N/A;N/A;N/A;N/A;N/A;N/A;N/A;N/A;N/A;N/A;N/A;N/A;N/A;N/A;N/A;N/A;N/A;N/A;N/A;N/A;N/A;N/A;N/A;N/A;N/A;N/A;N/A;N/A;N/A;N/A;N/A;N/A;N/A;N/A;N/A;N/A;N/A;N/A;N/A;N/A;N/A;N/A;N/A;N/A;N/A;N/A;N/A;N/A;N/A;N/A;N/A;N/A;N/A;N/A;N/A;N/A;N/A;N/A;N/A;N/A;N/A;N/A;N/A;N/A;N/A;N/A;N/A;N/A;N/A;N/A;N/A;N/A;N/A;N/A;N/A;N/A;N/A;N/A;N/A;N/A;N/A;N/A;N/A;N/A;N/A;N/A;N/A;N/A;N/A;N/A;N/A;N/A;N/A;N/A;N/A;N/A;N/A;N/A
Renault;Logan;"1.6 Privilége 105cv";2015;"151845 km";;CARPER.;10990;;;;;"Jacinto Vera";https://auto.mercadolibre.com.uy/MLU-696558106-renault-logan-privilege-16-c64621-_JM;N/A;;"Renault Logan Privilege 1.6 C/64621";usd;Sí;gold_premium;false;N/A;N/A;http://perfil.mercadolibre.com.uy/CARPER.;active;N/A;N/A;Usado;Blanco;Sí;Hidráulica;Delantera;N/A;N/A;N/A;N/A;N/A;N/A;N/A;N/A;N/A;N/A;N/A;N/A;N/A;N/A;N/A;N/A;N/A;N/A;N/A;N/A;N/A;N/A;N/A;N/A;N/A;"2635 mm";"1.6 L";"50 L";5;N/A;N/A;N/A;N/A;N/A;N/A;N/A;N/A;N/A;N/A;N/A;N/A;N/A;N/A;N/A;N/A;N/A;N/A;N/A;N/A;N/A;N/A;N/A;N/A;N/A;N/A;N/A;N/A;N/A;N/A;N/A;N/A;N/A;Sí;Sí;Sí;N/A;N/A;N/A;N/A;N/A;N/A;N/A;N/A;N/A;"1529 mm";"4350 mm";N/A;N/A;N/A;N/A;5;"105 hp";Privilege;N/A;4;"1733 mm";"11.8 km/l";N/A;N/A;N/A;N/A;N/A;N/A;Sí;N/A;N/A;N/A;"9.6 km/l";N/A;N/A;N/A;N/A;N/A;N/A;4;1.6;Nafta;Manual;Sedán;"Autos y camionetas";N/A;N/A;N/A;N/A;N/A;N/A;UY;N/A;Sí;N/A;N/A;N/A;N/A;N/A;N/A;N/A;N/A;N/A;N/A;N/A;N/A;N/A;N/A;N/A;N/A;N/A;N/A;N/A;N/A;N/A;N/A;N/A;N/A;N/A;N/A;N/A;N/A;N/A;N/A;N/A;N/A;N/A;N/A;N/A;N/A;N/A;N/A;N/A;N/A;N/A;N/A;N/A;N/A;N/A;N/A;N/A;N/A;N/A;N/A;N/A;N/A;N/A;N/A;N/A;N/A;N/A;N/A;N/A;N/A;N/A;N/A;N/A;N/A;N/A;N/A;N/A;N/A;N/A;N/A;N/A;N/A;N/A;N/A;N/A;N/A;N/A;N/A;N/A;N/A;N/A;N/A;N/A;N/A;N/A;N/A;N/A;N/A;N/A;N/A;N/A;N/A;N/A;N/A;N/A;N/A;N/A;N/A;N/A;N/A;N/A;N/A;N/A;N/A;N/A;N/A;N/A;N/A;N/A;N/A;N/A;N/A;N/A
Renault;"Sandero Stepway";"1.6 Confort 105cv";2014;"69000 km";;CARPERUSADOS;12490;;;;;"La Blanqueada";https://auto.mercadolibre.com.uy/MLU-694634970-renault-stepway-16-c64089-_JM;N/A;;"Renault Stepway 1.6 C/64089";usd;Sí;gold_premium;false;N/A;N/A;http://perfil.mercadolibre.com.uy/CARPERUSADOS;active;N/A;N/A;Usado;Blanco;Sí;Hidráulica;Delantera;N/A;N/A;N/A;N/A;N/A;N/A;N/A;N/A;N/A;N/A;N/A;N/A;N/A;N/A;N/A;N/A;N/A;N/A;N/A;N/A;N/A;N/A;N/A;N/A;N/A;"2588 mm";"1.6 L";"50 L";5;N/A;N/A;N/A;N/A;N/A;N/A;N/A;N/A;N/A;N/A;N/A;N/A;N/A;N/A;N/A;N/A;N/A;N/A;N/A;N/A;N/A;N/A;N/A;N/A;N/A;N/A;N/A;N/A;N/A;N/A;N/A;N/A;N/A;Sí;N/A;N/A;N/A;N/A;N/A;N/A;N/A;N/A;N/A;N/A;N/A;"1630 mm";"4091 mm";N/A;N/A;N/A;N/A;5;"105 hp";Confort;N/A;4;"1751 mm";"9.3 km/l";N/A;N/A;N/A;Sí;N/A;N/A;Sí;N/A;N/A;N/A;"5.9 km/l";N/A;N/A;N/A;N/A;N/A;N/A;5;1.6;Nafta;Manual;Hatchback;"Autos y camionetas";N/A;N/A;N/A;N/A;N/A;N/A;UY;N/A;Sí;N/A;N/A;N/A;N/A;N/A;N/A;N/A;N/A;N/A;N/A;N/A;N/A;N/A;N/A;N/A;N/A;N/A;N/A;N/A;N/A;N/A;N/A;N/A;N/A;N/A;N/A;N/A;N/A;N/A;N/A;N/A;N/A;N/A;N/A;N/A;N/A;N/A;N/A;N/A;N/A;N/A;N/A;N/A;N/A;N/A;N/A;N/A;N/A;N/A;N/A;N/A;N/A;N/A;N/A;N/A;N/A;N/A;N/A;N/A;N/A;N/A;N/A;N/A;N/A;N/A;N/A;N/A;N/A;N/A;N/A;N/A;N/A;N/A;N/A;N/A;N/A;N/A;N/A;N/A;N/A;N/A;N/A;N/A;N/A;N/A;N/A;N/A;N/A;N/A;N/A;N/A;N/A;N/A;N/A;N/A;N/A;N/A;N/A;N/A;N/A;N/A;N/A;N/A;Sí;N/A;N/A;N/A;N/A;N/A;N/A;Sí;N/A;N/A
Renault;"Duster Oroch";Dynamique;2020;"142000 km";;CARPERUSADOS;14990;;;;;"La Blanqueada";https://auto.mercadolibre.com.uy/MLU-694169818-renault-oroch-dynamique-20-4x4-descuenta-iva-c29741-_JM;N/A;;"Renault Oroch Dynamique 2.0 4x4 Descuenta Iva C/29741";usd;Sí;gold_premium;false;N/A;N/A;http://perfil.mercadolibre.com.uy/CARPERUSADOS;active;N/A;N/A;Usado;Gris;Sí;Hidráulica;4x4;N/A;N/A;Sí;N/A;N/A;N/A;N/A;N/A;N/A;N/A;N/A;N/A;N/A;N/A;N/A;N/A;N/A;N/A;N/A;N/A;N/A;N/A;N/A;N/A;N/A;"2829 mm";"1.6 L";"50 L";5;N/A;N/A;N/A;N/A;N/A;N/A;N/A;N/A;N/A;N/A;N/A;N/A;N/A;N/A;N/A;N/A;N/A;N/A;N/A;N/A;N/A;N/A;N/A;N/A;N/A;N/A;N/A;N/A;N/A;N/A;N/A;N/A;N/A;N/A;N/A;N/A;N/A;N/A;N/A;N/A;N/A;N/A;N/A;N/A;N/A;"1683 mm";"4329 mm";N/A;N/A;N/A;N/A;5;"110 hp";Dynamique;N/A;4;"1821 mm";"11.1 km/l";N/A;N/A;N/A;N/A;N/A;N/A;N/A;N/A;N/A;N/A;"10.4 km/l";N/A;N/A;N/A;N/A;N/A;N/A;4;2000;Nafta;Manual;Pick-Up;"Autos y camionetas";N/A;N/A;N/A;N/A;N/A;N/A;UY;N/A;Sí;N/A;N/A;N/A;N/A;N/A;N/A;N/A;N/A;N/A;N/A;N/A;N/A;N/A;N/A;N/A;N/A;N/A;N/A;N/A;N/A;N/A;N/A;N/A;N/A;N/A;N/A;N/A;N/A;N/A;N/A;N/A;N/A;N/A;N/A;N/A;N/A;N/A;N/A;N/A;N/A;N/A;N/A;N/A;N/A;N/A;N/A;N/A;N/A;N/A;N/A;N/A;N/A;N/A;N/A;N/A;N/A;N/A;N/A;N/A;N/A;N/A;N/A;N/A;N/A;N/A;N/A;N/A;N/A;N/A;N/A;N/A;N/A;N/A;N/A;N/A;N/A;N/A;N/A;N/A;N/A;N/A;N/A;N/A;N/A;N/A;N/A;N/A;N/A;N/A;N/A;N/A;N/A;N/A;N/A;N/A;N/A;N/A;N/A;N/A;N/A;N/A;N/A;N/A;N/A;N/A;N/A;N/A;N/A;N/A;N/A;N/A;N/A;N/A
Renault;"Duster Oroch";"2.0 Privilege";2018;"163491 km";;CARPERUSADOS;15190;;;;;"La Blanqueada";https://auto.mercadolibre.com.uy/MLU-694383950-renault-oroch-dynamique-20-c64831-_JM;N/A;;"Renault Oroch Dynamique 2.0 C/64831";usd;Sí;gold_premium;false;N/A;N/A;http://perfil.mercadolibre.com.uy/CARPERUSADOS;active;N/A;N/A;Usado;Blanco;Sí;Hidráulica;4x2;Sí;N/A;N/A;N/A;N/A;N/A;N/A;N/A;N/A;N/A;N/A;N/A;N/A;N/A;N/A;N/A;N/A;N/A;N/A;N/A;N/A;N/A;N/A;N/A;N/A;"2829 mm";"2 L";"50 L";6;N/A;N/A;N/A;N/A;N/A;N/A;N/A;N/A;N/A;N/A;N/A;N/A;N/A;N/A;N/A;N/A;N/A;N/A;N/A;N/A;N/A;N/A;N/A;N/A;N/A;N/A;N/A;N/A;N/A;N/A;N/A;N/A;N/A;N/A;N/A;N/A;N/A;N/A;N/A;N/A;N/A;N/A;N/A;N/A;N/A;"1683 mm";"4329 mm";N/A;N/A;N/A;N/A;5;"143 hp";Privilege;N/A;4;"1821 mm";"10.8 km/l";N/A;N/A;N/A;N/A;N/A;N/A;N/A;N/A;N/A;N/A;N/A;N/A;N/A;N/A;N/A;N/A;N/A;5;2.0;Nafta;Manual;SUV;"Autos y camionetas";N/A;N/A;N/A;N/A;N/A;N/A;UY;N/A;Sí;N/A;N/A;N/A;N/A;N/A;N/A;N/A;N/A;N/A;N/A;N/A;N/A;N/A;N/A;N/A;N/A;N/A;N/A;N/A;N/A;N/A;N/A;N/A;N/A;N/A;N/A;N/A;N/A;N/A;N/A;N/A;N/A;N/A;N/A;N/A;N/A;N/A;N/A;N/A;N/A;N/A;N/A;N/A;N/A;N/A;N/A;N/A;N/A;N/A;N/A;N/A;N/A;N/A;N/A;N/A;N/A;N/A;N/A;N/A;N/A;N/A;N/A;N/A;N/A;N/A;N/A;N/A;N/A;N/A;N/A;N/A;N/A;N/A;N/A;N/A;N/A;N/A;N/A;N/A;N/A;N/A;N/A;N/A;N/A;N/A;N/A;N/A;N/A;N/A;N/A;N/A;N/A;N/A;N/A;N/A;N/A;N/A;N/A;N/A;N/A;N/A;N/A;N/A;N/A;N/A;N/A;N/A;N/A;N/A;N/A;N/A;N/A;N/A
Renault;"Duster Oroch";"2.0 Privilege";2017;"119210 km";;CARPERUSADOS;15890;;;;;"La Blanqueada";https://auto.mercadolibre.com.uy/MLU-694371246-renualt-oroch-20-dynamique-descuenta-iva-c64132-_JM;N/A;;"Renualt Oroch 2.0 Dynamique Descuenta Iva C/64132";usd;Sí;gold_premium;false;N/A;N/A;http://perfil.mercadolibre.com.uy/CARPERUSADOS;active;N/A;N/A;Usado;Rojo;Sí;Hidráulica;4x2;Sí;N/A;N/A;N/A;N/A;N/A;N/A;N/A;N/A;N/A;N/A;N/A;N/A;N/A;N/A;N/A;N/A;N/A;N/A;N/A;N/A;N/A;N/A;N/A;N/A;"2829 mm";"2 L";"50 L";6;N/A;N/A;N/A;N/A;N/A;N/A;N/A;N/A;N/A;N/A;N/A;N/A;N/A;N/A;N/A;N/A;N/A;N/A;N/A;N/A;N/A;N/A;N/A;N/A;N/A;N/A;N/A;N/A;N/A;N/A;N/A;N/A;N/A;N/A;N/A;N/A;N/A;N/A;N/A;N/A;N/A;N/A;N/A;N/A;N/A;"1683 mm";"4329 mm";N/A;N/A;N/A;N/A;5;"143 hp";Privilege;N/A;4;"1821 mm";"10.8 km/l";N/A;N/A;N/A;N/A;N/A;N/A;N/A;N/A;N/A;N/A;N/A;N/A;N/A;N/A;N/A;N/A;N/A;5;2.0;Nafta;Manual;SUV;"Autos y camionetas";N/A;N/A;N/A;N/A;N/A;N/A;UY;N/A;Sí;N/A;N/A;N/A;N/A;N/A;N/A;N/A;N/A;N/A;N/A;N/A;N/A;N/A;N/A;N/A;N/A;N/A;N/A;N/A;N/A;N/A;N/A;N/A;N/A;N/A;N/A;N/A;N/A;N/A;N/A;N/A;N/A;N/A;N/A;N/A;N/A;N/A;N/A;N/A;N/A;N/A;N/A;N/A;N/A;N/A;N/A;N/A;N/A;N/A;N/A;N/A;N/A;N/A;N/A;N/A;N/A;N/A;N/A;N/A;N/A;N/A;N/A;N/A;N/A;N/A;N/A;N/A;N/A;N/A;N/A;N/A;N/A;N/A;N/A;N/A;N/A;N/A;N/A;N/A;N/A;N/A;N/A;N/A;N/A;N/A;N/A;N/A;N/A;N/A;N/A;N/A;N/A;N/A;N/A;N/A;N/A;N/A;N/A;N/A;N/A;N/A;N/A;N/A;N/A;N/A;N/A;N/A;N/A;N/A;N/A;N/A;N/A;N/A
Renault;Duster;"2.0 Ph2 4x4 Privilege 143cv";2015;"90000 km";;CARPERUSADOS;14590;;;;;"La Blanqueada";https://auto.mercadolibre.com.uy/MLU-694332222-renault-duster-privilege-20-4x4-c63796-_JM;N/A;;"Renault Duster Privilege 2.0 4x4 C/63796";usd;Sí;gold_premium;false;N/A;N/A;http://perfil.mercadolibre.com.uy/CARPERUSADOS;active;N/A;N/A;Usado;Blanco;N/A;Hidráulica;4x4;N/A;N/A;Sí;N/A;N/A;N/A;N/A;N/A;N/A;N/A;N/A;N/A;N/A;N/A;N/A;N/A;N/A;N/A;N/A;N/A;N/A;N/A;N/A;N/A;N/A;"2673 mm";"2 L";"50 L";6;N/A;N/A;N/A;N/A;N/A;N/A;N/A;N/A;N/A;N/A;N/A;N/A;N/A;N/A;N/A;N/A;N/A;N/A;N/A;N/A;N/A;N/A;N/A;N/A;N/A;N/A;N/A;N/A;N/A;N/A;N/A;N/A;N/A;N/A;N/A;N/A;N/A;N/A;N/A;N/A;N/A;N/A;N/A;N/A;N/A;"1683 mm";"4329 mm";N/A;N/A;N/A;N/A;5;"143 hp";Privilege;N/A;4;"1822 mm";"10.8 km/l";N/A;N/A;N/A;N/A;N/A;N/A;N/A;N/A;N/A;N/A;N/A;N/A;N/A;N/A;N/A;N/A;N/A;5;2.0;Nafta;Manual;SUV;"Autos y camionetas";N/A;N/A;N/A;N/A;N/A;N/A;UY;N/A;Sí;N/A;N/A;N/A;N/A;N/A;N/A;N/A;N/A;N/A;N/A;N/A;N/A;N/A;N/A;N/A;N/A;N/A;N/A;N/A;N/A;N/A;N/A;N/A;N/A;N/A;N/A;N/A;N/A;N/A;N/A;N/A;N/A;N/A;N/A;N/A;N/A;N/A;N/A;N/A;N/A;N/A;N/A;N/A;N/A;N/A;N/A;N/A;N/A;N/A;N/A;N/A;N/A;N/A;N/A;N/A;N/A;N/A;N/A;N/A;N/A;N/A;N/A;N/A;N/A;N/A;N/A;N/A;N/A;N/A;N/A;N/A;N/A;N/A;N/A;N/A;N/A;N/A;N/A;N/A;N/A;N/A;N/A;N/A;N/A;N/A;N/A;N/A;N/A;N/A;N/A;N/A;N/A;N/A;N/A;N/A;N/A;N/A;N/A;N/A;N/A;N/A;N/A;N/A;N/A;N/A;N/A;N/A;N/A;N/A;N/A;N/A;N/A;N/A
Renault;Duster;"2.0 Ph2 4x4 Privilege 143cv";2015;"103000 km";;CARPERUSADOS2;14390;;;;;Larrañaga;https://auto.mercadolibre.com.uy/MLU-700728898-renault-duster-privilege-4x4-20-c29737-_JM;N/A;;"Renault Duster Privilege 4x4 2.0 C/29737";usd;Sí;gold_premium;false;N/A;N/A;http://perfil.mercadolibre.com.uy/CARPERUSADOS2;active;N/A;N/A;Usado;Plateado;N/A;Hidráulica;4x4;N/A;N/A;Sí;N/A;N/A;N/A;N/A;N/A;N/A;N/A;N/A;N/A;N/A;N/A;N/A;N/A;N/A;N/A;N/A;N/A;N/A;N/A;N/A;N/A;N/A;"2673 mm";"2 L";"50 L";6;N/A;N/A;N/A;N/A;N/A;N/A;N/A;N/A;N/A;N/A;N/A;N/A;N/A;N/A;N/A;N/A;N/A;N/A;N/A;N/A;N/A;N/A;N/A;N/A;N/A;N/A;N/A;N/A;N/A;N/A;N/A;N/A;N/A;N/A;N/A;N/A;N/A;N/A;N/A;N/A;N/A;N/A;N/A;N/A;N/A;"1683 mm";"4329 mm";N/A;N/A;N/A;N/A;5;"143 hp";Privilege;N/A;4;"1822 mm";"10.8 km/l";N/A;N/A;N/A;N/A;N/A;N/A;N/A;N/A;N/A;N/A;N/A;N/A;N/A;N/A;N/A;N/A;N/A;5;2.0;Nafta;Manual;SUV;"Autos y camionetas";N/A;N/A;N/A;N/A;N/A;N/A;UY;N/A;Sí;N/A;N/A;N/A;N/A;N/A;N/A;N/A;N/A;N/A;N/A;N/A;N/A;N/A;N/A;N/A;N/A;N/A;N/A;N/A;N/A;N/A;N/A;N/A;N/A;N/A;N/A;N/A;N/A;N/A;N/A;N/A;N/A;N/A;N/A;N/A;N/A;N/A;N/A;N/A;N/A;N/A;N/A;N/A;N/A;N/A;N/A;N/A;N/A;N/A;N/A;N/A;N/A;N/A;N/A;N/A;N/A;N/A;N/A;N/A;N/A;N/A;N/A;N/A;N/A;N/A;N/A;N/A;N/A;N/A;N/A;N/A;N/A;N/A;N/A;N/A;N/A;N/A;N/A;N/A;N/A;N/A;N/A;N/A;N/A;N/A;N/A;N/A;N/A;N/A;N/A;N/A;N/A;N/A;N/A;N/A;N/A;N/A;N/A;N/A;N/A;N/A;N/A;N/A;N/A;N/A;N/A;N/A;N/A;N/A;N/A;N/A;N/A;N/A
Renault;"Duster Oroch";Expression;2018;"86069 km";;CARPERUSADOS2;15490;;;;;Larrañaga;https://auto.mercadolibre.com.uy/MLU-694000968-renault-oroch-expression-c64653-_JM;N/A;;"Renault Oroch Expression C/64653";USD;Sí;gold_premium;false;N/A;N/A;http://perfil.mercadolibre.com.uy/CARPERUSADOS2;active;N/A;N/A;Usado;Blanco;Sí;Hidráulica;N/A;N/A;N/A;N/A;N/A;N/A;N/A;N/A;N/A;N/A;N/A;N/A;N/A;N/A;N/A;N/A;N/A;N/A;N/A;N/A;N/A;N/A;N/A;N/A;N/A;N/A;N/A;N/A;N/A;N/A;N/A;N/A;N/A;N/A;N/A;N/A;N/A;N/A;N/A;N/A;N/A;N/A;N/A;N/A;N/A;N/A;N/A;N/A;N/A;N/A;N/A;N/A;N/A;N/A;N/A;N/A;N/A;N/A;N/A;N/A;N/A;N/A;N/A;N/A;N/A;N/A;N/A;N/A;N/A;N/A;N/A;N/A;N/A;N/A;N/A;N/A;N/A;N/A;N/A;N/A;N/A;N/A;N/A;N/A;N/A;N/A;N/A;N/A;N/A;N/A;N/A;N/A;N/A;N/A;N/A;N/A;N/A;N/A;N/A;N/A;N/A;N/A;N/A;N/A;N/A;4;1600;Nafta;Manual;Pick-Up;"Autos y camionetas";N/A;N/A;N/A;N/A;N/A;N/A;N/A;N/A;Sí;N/A;N/A;N/A;N/A;N/A;N/A;N/A;N/A;N/A;N/A;N/A;N/A;N/A;N/A;N/A;N/A;N/A;N/A;N/A;N/A;N/A;N/A;N/A;N/A;N/A;N/A;N/A;N/A;N/A;N/A;N/A;N/A;N/A;N/A;N/A;N/A;N/A;N/A;N/A;N/A;N/A;N/A;N/A;N/A;N/A;N/A;N/A;N/A;N/A;N/A;N/A;N/A;N/A;N/A;N/A;N/A;N/A;N/A;N/A;N/A;N/A;N/A;N/A;N/A;N/A;N/A;N/A;N/A;N/A;N/A;N/A;N/A;N/A;N/A;N/A;N/A;N/A;N/A;N/A;N/A;N/A;N/A;N/A;N/A;N/A;N/A;N/A;N/A;N/A;N/A;N/A;N/A;N/A;N/A;N/A;N/A;N/A;N/A;N/A;N/A;N/A;N/A;N/A;N/A;N/A;N/A;N/A;N/A;N/A;N/A;N/A;N/A;N/A
Renault;Logan;"1.6 Expression 85cv";2018;"95035 km";;CARPER.;11590;;;;;"Jacinto Vera";https://auto.mercadolibre.com.uy/MLU-700742354-renault-logan-expression-16-c64640-_JM;N/A;;"Renault Logan Expression 1.6 C/64640";usd;Sí;gold_premium;false;N/A;N/A;http://perfil.mercadolibre.com.uy/CARPER.;active;N/A;N/A;Usado;Blanco;Sí;Hidráulica;Delantera;N/A;N/A;N/A;N/A;N/A;N/A;N/A;N/A;N/A;N/A;N/A;N/A;N/A;N/A;N/A;N/A;N/A;N/A;N/A;N/A;N/A;N/A;N/A;N/A;N/A;"2635 mm";"1.6 L";"50 L";5;N/A;N/A;N/A;N/A;N/A;N/A;N/A;N/A;N/A;N/A;N/A;N/A;N/A;N/A;N/A;N/A;N/A;N/A;N/A;N/A;N/A;N/A;N/A;N/A;N/A;N/A;N/A;N/A;N/A;N/A;N/A;N/A;N/A;Sí;N/A;N/A;N/A;N/A;N/A;N/A;N/A;N/A;N/A;N/A;N/A;"1529 mm";"4350 mm";N/A;N/A;N/A;N/A;5;"85 hp";Expression;N/A;2;"1733 mm";"12.5 km/l";N/A;N/A;N/A;N/A;N/A;N/A;Sí;N/A;N/A;N/A;N/A;N/A;N/A;N/A;N/A;N/A;N/A;4;1.6;Nafta;Manual;Sedán;"Autos y camionetas";N/A;N/A;N/A;N/A;N/A;N/A;UY;N/A;Sí;N/A;N/A;N/A;N/A;N/A;N/A;N/A;N/A;N/A;N/A;N/A;N/A;N/A;N/A;N/A;N/A;N/A;N/A;N/A;N/A;N/A;N/A;N/A;N/A;N/A;N/A;N/A;N/A;N/A;N/A;N/A;N/A;N/A;N/A;N/A;N/A;N/A;N/A;N/A;N/A;N/A;N/A;N/A;N/A;N/A;N/A;N/A;N/A;N/A;N/A;N/A;N/A;N/A;N/A;N/A;N/A;N/A;N/A;N/A;N/A;N/A;N/A;N/A;N/A;N/A;N/A;N/A;N/A;N/A;N/A;N/A;N/A;N/A;N/A;N/A;N/A;N/A;N/A;N/A;N/A;N/A;N/A;N/A;N/A;N/A;N/A;N/A;N/A;N/A;N/A;N/A;N/A;N/A;N/A;N/A;N/A;N/A;N/A;N/A;N/A;N/A;N/A;N/A;N/A;N/A;N/A;N/A;N/A;N/A;N/A;N/A;N/A;N/A
Renault;Duster;"2.0 Ph2 4x2 Privilege 143cv";2020;"50554 km";;"CARPER USADOS";19990;;;;;"Jacinto Vera";https://auto.mercadolibre.com.uy/MLU-701794490-renault-duster-privilege-20-c64321-_JM;N/A;;"Renault Duster Privilege 2.0  C/64321";usd;Sí;gold_premium;false;N/A;N/A;http://perfil.mercadolibre.com.uy/CARPER+USADOS;active;N/A;N/A;Usado;Gris;Sí;N/A;4x2;N/A;N/A;Sí;N/A;N/A;N/A;N/A;N/A;N/A;N/A;N/A;N/A;N/A;N/A;N/A;N/A;N/A;N/A;N/A;N/A;N/A;N/A;N/A;N/A;N/A;"2674 mm";"2 L";"50 L";6;N/A;N/A;N/A;N/A;N/A;N/A;N/A;N/A;N/A;N/A;N/A;N/A;N/A;N/A;N/A;N/A;N/A;N/A;N/A;N/A;N/A;N/A;N/A;N/A;N/A;N/A;N/A;N/A;N/A;N/A;N/A;N/A;N/A;N/A;N/A;N/A;N/A;N/A;N/A;N/A;N/A;N/A;N/A;N/A;N/A;"1683 mm";"4329 mm";N/A;N/A;N/A;N/A;5;"143 hp";Privilege;N/A;4;"1822 mm";"10.8 km/l";N/A;N/A;N/A;N/A;N/A;N/A;N/A;N/A;N/A;N/A;N/A;N/A;N/A;N/A;N/A;N/A;N/A;5;2.0;Nafta;Manual;SUV;"Autos y camionetas";N/A;N/A;N/A;N/A;N/A;N/A;UY;N/A;Sí;N/A;N/A;N/A;N/A;N/A;N/A;N/A;N/A;N/A;N/A;N/A;N/A;N/A;N/A;N/A;N/A;N/A;N/A;N/A;N/A;N/A;N/A;N/A;N/A;N/A;N/A;N/A;N/A;N/A;N/A;N/A;N/A;N/A;N/A;N/A;N/A;N/A;N/A;N/A;N/A;N/A;N/A;N/A;N/A;N/A;N/A;N/A;N/A;N/A;N/A;N/A;N/A;N/A;N/A;N/A;N/A;N/A;N/A;N/A;N/A;N/A;N/A;N/A;N/A;N/A;N/A;N/A;N/A;N/A;N/A;N/A;N/A;N/A;N/A;N/A;N/A;N/A;N/A;N/A;N/A;N/A;N/A;N/A;N/A;N/A;N/A;N/A;N/A;N/A;N/A;N/A;N/A;N/A;N/A;N/A;N/A;N/A;N/A;N/A;N/A;N/A;N/A;N/A;N/A;N/A;N/A;N/A;N/A;N/A;N/A;N/A;N/A;N/A
Renault;"Sandero Stepway";"1.6 Confort 105cv";2014;"82695 km";;CARPERUSADOS;11990;;;;;"La Blanqueada";https://auto.mercadolibre.com.uy/MLU-704698106-renault-stepway-c64662-_JM;N/A;;"Renault Stepway C/64662";usd;Sí;gold_premium;false;N/A;N/A;http://perfil.mercadolibre.com.uy/CARPERUSADOS;active;N/A;N/A;Usado;Blanco;Sí;Hidráulica;Delantera;N/A;N/A;N/A;N/A;N/A;N/A;N/A;N/A;N/A;N/A;N/A;N/A;N/A;N/A;N/A;N/A;N/A;N/A;N/A;N/A;N/A;N/A;N/A;N/A;N/A;"2588 mm";"1.6 L";"50 L";5;N/A;N/A;N/A;N/A;N/A;N/A;N/A;N/A;N/A;N/A;N/A;N/A;N/A;N/A;N/A;N/A;N/A;N/A;N/A;N/A;N/A;N/A;N/A;N/A;N/A;N/A;N/A;N/A;N/A;N/A;N/A;N/A;N/A;N/A;N/A;N/A;N/A;N/A;N/A;N/A;N/A;N/A;N/A;N/A;N/A;"1630 mm";"4091 mm";N/A;N/A;N/A;N/A;5;"105 hp";Confort;N/A;4;"1751 mm";"9.3 km/l";N/A;N/A;N/A;N/A;N/A;N/A;Sí;N/A;N/A;N/A;"5.9 km/l";N/A;N/A;N/A;N/A;N/A;N/A;5;1.6;Nafta;Manual;Hatchback;"Autos y camionetas";N/A;N/A;N/A;N/A;N/A;N/A;UY;N/A;Sí;N/A;N/A;N/A;N/A;N/A;N/A;N/A;N/A;N/A;N/A;N/A;N/A;N/A;N/A;N/A;N/A;N/A;N/A;N/A;N/A;N/A;N/A;N/A;N/A;N/A;N/A;N/A;N/A;N/A;N/A;N/A;N/A;N/A;N/A;N/A;N/A;N/A;N/A;N/A;N/A;N/A;N/A;N/A;N/A;N/A;N/A;N/A;N/A;N/A;N/A;N/A;N/A;N/A;N/A;N/A;N/A;N/A;N/A;N/A;N/A;N/A;N/A;N/A;N/A;N/A;N/A;N/A;N/A;N/A;N/A;N/A;N/A;N/A;N/A;N/A;N/A;N/A;N/A;N/A;N/A;N/A;N/A;N/A;N/A;N/A;N/A;N/A;N/A;N/A;N/A;N/A;N/A;N/A;N/A;N/A;N/A;N/A;N/A;N/A;N/A;N/A;N/A;N/A;Sí;N/A;N/A;N/A;N/A;N/A;N/A;Sí;N/A;N/A
Renault;"Mégane II";Privilege;2011;"128777 km";;CARPERUSADOS;9590;;;;;"La Blanqueada";https://auto.mercadolibre.com.uy/MLU-698260410-renault-megane-privilege-c64661-_JM;N/A;;"Renault Megane Privilege C/64661";usd;Sí;gold_premium;false;N/A;N/A;http://perfil.mercadolibre.com.uy/CARPERUSADOS;active;N/A;N/A;Usado;Rojo;N/A;Hidráulica;Delantera;N/A;N/A;Sí;N/A;N/A;N/A;N/A;N/A;Sí;Sí;N/A;N/A;N/A;N/A;N/A;N/A;N/A;N/A;N/A;N/A;N/A;N/A;N/A;N/A;N/A;"2625 mm";"2 L";"60 L";6;N/A;N/A;N/A;N/A;N/A;N/A;N/A;N/A;N/A;N/A;N/A;N/A;N/A;N/A;N/A;N/A;N/A;N/A;N/A;N/A;N/A;N/A;N/A;N/A;N/A;N/A;N/A;N/A;N/A;N/A;N/A;N/A;N/A;Sí;Sí;Sí;N/A;N/A;N/A;N/A;N/A;N/A;N/A;N/A;N/A;"1460 mm";"4498 mm";N/A;N/A;N/A;N/A;5;"138 hp";Privilege;N/A;4;"1777 mm";"16.5 km/l";Sí;N/A;N/A;Sí;N/A;N/A;Sí;N/A;N/A;N/A;"10.5 km/l";N/A;N/A;N/A;N/A;N/A;N/A;4;2.0;Nafta;Manual;Sedán;"Autos y camionetas";N/A;N/A;N/A;N/A;N/A;N/A;UY;N/A;Sí;N/A;N/A;N/A;N/A;N/A;N/A;N/A;N/A;N/A;N/A;N/A;N/A;N/A;N/A;N/A;N/A;N/A;N/A;N/A;N/A;N/A;N/A;N/A;N/A;N/A;N/A;N/A;N/A;N/A;N/A;N/A;N/A;N/A;N/A;N/A;N/A;N/A;N/A;N/A;N/A;N/A;N/A;N/A;N/A;N/A;N/A;N/A;N/A;N/A;N/A;N/A;N/A;N/A;N/A;N/A;N/A;N/A;N/A;N/A;N/A;N/A;N/A;N/A;N/A;N/A;N/A;N/A;N/A;N/A;N/A;N/A;N/A;N/A;N/A;N/A;N/A;N/A;N/A;N/A;N/A;N/A;N/A;N/A;N/A;N/A;N/A;N/A;N/A;N/A;N/A;N/A;N/A;N/A;N/A;N/A;N/A;N/A;Sí;N/A;N/A;N/A;N/A;N/A;Sí;N/A;N/A;N/A;N/A;N/A;N/A;N/A;N/A;N/A
Renault;"Duster Oroch";Dynamique;2020;"141584 km";;CARPERUSADOS2;15990;;;;;Larrañaga;https://auto.mercadolibre.com.uy/MLU-705946276-renault-oroch-dynamique-20-4x4-c64676-_JM;N/A;;"Renault Oroch Dynamique 2.0 4x4 C/64676";usd;Sí;gold_premium;false;N/A;N/A;http://perfil.mercadolibre.com.uy/CARPERUSADOS2;active;N/A;N/A;Usado;Gris;Sí;Hidráulica;4x4;N/A;N/A;Sí;N/A;N/A;N/A;N/A;N/A;N/A;N/A;N/A;N/A;N/A;N/A;N/A;N/A;N/A;N/A;N/A;N/A;N/A;N/A;N/A;N/A;N/A;"2829 mm";"1.6 L";"50 L";5;N/A;N/A;N/A;N/A;N/A;N/A;N/A;N/A;N/A;N/A;N/A;N/A;N/A;N/A;N/A;N/A;N/A;N/A;N/A;N/A;N/A;N/A;N/A;N/A;N/A;N/A;N/A;N/A;N/A;N/A;N/A;N/A;N/A;N/A;N/A;N/A;N/A;N/A;N/A;N/A;N/A;N/A;N/A;N/A;N/A;"1683 mm";"4329 mm";N/A;N/A;N/A;N/A;5;"110 hp";Dynamique;N/A;4;"1821 mm";"11.1 km/l";N/A;N/A;N/A;N/A;N/A;N/A;N/A;N/A;N/A;N/A;"10.4 km/l";N/A;N/A;N/A;N/A;N/A;N/A;4;2000;Nafta;Manual;Pick-Up;"Autos y camionetas";N/A;N/A;N/A;N/A;N/A;N/A;UY;N/A;Sí;N/A;N/A;N/A;N/A;N/A;N/A;N/A;N/A;N/A;N/A;N/A;N/A;N/A;N/A;N/A;N/A;N/A;N/A;N/A;N/A;N/A;N/A;N/A;N/A;N/A;N/A;N/A;N/A;N/A;N/A;N/A;N/A;N/A;N/A;N/A;N/A;N/A;N/A;N/A;N/A;N/A;N/A;N/A;N/A;N/A;N/A;N/A;N/A;N/A;N/A;N/A;N/A;N/A;N/A;N/A;N/A;N/A;N/A;N/A;N/A;N/A;N/A;N/A;N/A;N/A;N/A;N/A;N/A;N/A;N/A;N/A;N/A;N/A;N/A;N/A;N/A;N/A;N/A;N/A;N/A;N/A;N/A;N/A;N/A;N/A;N/A;N/A;N/A;N/A;N/A;N/A;N/A;N/A;N/A;N/A;N/A;N/A;N/A;N/A;N/A;N/A;N/A;N/A;N/A;N/A;N/A;N/A;N/A;N/A;N/A;N/A;N/A;N/A
Renault;Clio;"1.2 Authentique 75cv";2011;"88158 km";;CARPER.;7890;;;;;"Jacinto Vera";https://auto.mercadolibre.com.uy/MLU-703510350-renault-clio-2-authentique-12-c64385-_JM;N/A;;"Renault Clio 2 Authentique 1.2 C/64385";usd;Sí;gold_premium;false;N/A;N/A;http://perfil.mercadolibre.com.uy/CARPER.;active;N/A;N/A;Usado;Negro;N/A;Hidráulica;Delantera;N/A;N/A;N/A;N/A;N/A;N/A;N/A;N/A;N/A;N/A;N/A;N/A;N/A;N/A;N/A;N/A;N/A;N/A;N/A;N/A;N/A;N/A;N/A;N/A;N/A;"2472 mm";"1.2 L";"50 L";5;N/A;N/A;N/A;N/A;N/A;N/A;N/A;N/A;N/A;N/A;N/A;N/A;N/A;N/A;N/A;N/A;N/A;N/A;N/A;N/A;N/A;N/A;N/A;N/A;N/A;N/A;N/A;N/A;N/A;N/A;N/A;N/A;N/A;N/A;N/A;N/A;N/A;N/A;N/A;N/A;N/A;N/A;N/A;N/A;N/A;"1417 mm";"3813 mm";N/A;N/A;N/A;N/A;5;"75 hp";Authentique;N/A;4;"1639 mm";N/A;N/A;N/A;N/A;Sí;N/A;N/A;N/A;N/A;N/A;N/A;N/A;N/A;N/A;N/A;N/A;N/A;N/A;3;1.2;Nafta;Manual;Hatchback;"Autos y camionetas";N/A;N/A;N/A;N/A;N/A;N/A;UY;N/A;Sí;N/A;N/A;N/A;N/A;N/A;N/A;N/A;N/A;N/A;N/A;N/A;N/A;N/A;N/A;N/A;N/A;N/A;N/A;N/A;N/A;N/A;N/A;N/A;N/A;N/A;N/A;N/A;N/A;N/A;N/A;N/A;N/A;N/A;N/A;N/A;N/A;N/A;N/A;N/A;N/A;N/A;N/A;N/A;N/A;N/A;N/A;N/A;N/A;N/A;N/A;N/A;N/A;N/A;N/A;N/A;N/A;N/A;N/A;N/A;N/A;N/A;N/A;N/A;N/A;N/A;N/A;N/A;N/A;N/A;N/A;N/A;N/A;N/A;N/A;N/A;N/A;N/A;N/A;N/A;N/A;N/A;N/A;N/A;N/A;N/A;N/A;N/A;N/A;N/A;N/A;N/A;N/A;N/A;N/A;N/A;N/A;N/A;N/A;N/A;N/A;N/A;N/A;N/A;N/A;N/A;N/A;N/A;N/A;N/A;N/A;N/A;N/A;N/A
Renault;Kwid;"1.0 Sce 66cv Zen";2018;"66978 km";;CARPERUSADOS2;11290;;;;;Larrañaga;https://auto.mercadolibre.com.uy/MLU-702093866-renault-kwid-zen-10-c29653-_JM;N/A;;"Renault Kwid Zen 1.0 C/29653";usd;Sí;gold_premium;false;N/A;N/A;http://perfil.mercadolibre.com.uy/CARPERUSADOS2;active;N/A;N/A;Usado;Rojo;Sí;Hidráulica;Delantera;N/A;N/A;Sí;N/A;N/A;N/A;N/A;N/A;N/A;N/A;N/A;N/A;N/A;N/A;N/A;N/A;N/A;N/A;N/A;N/A;N/A;N/A;N/A;N/A;N/A;"2423 mm";"1 L";"50 L";5;N/A;N/A;N/A;N/A;N/A;N/A;N/A;N/A;N/A;N/A;N/A;N/A;N/A;N/A;N/A;N/A;N/A;N/A;N/A;N/A;N/A;N/A;N/A;N/A;N/A;N/A;N/A;N/A;N/A;N/A;N/A;N/A;N/A;N/A;N/A;N/A;N/A;N/A;N/A;N/A;N/A;N/A;N/A;N/A;N/A;"1474 mm";"3680 mm";N/A;N/A;N/A;N/A;5;"66 hp";Zen;N/A;4;"1752 mm";N/A;N/A;N/A;N/A;N/A;N/A;N/A;N/A;N/A;N/A;N/A;N/A;N/A;N/A;N/A;N/A;N/A;N/A;5;1.0;Nafta;Manual;Hatchback;"Autos y camionetas";N/A;N/A;N/A;N/A;N/A;N/A;UY;N/A;Sí;N/A;N/A;N/A;N/A;N/A;N/A;N/A;N/A;N/A;N/A;N/A;N/A;N/A;N/A;N/A;N/A;N/A;N/A;N/A;N/A;N/A;N/A;N/A;N/A;N/A;N/A;N/A;N/A;N/A;N/A;N/A;N/A;N/A;N/A;N/A;N/A;N/A;N/A;N/A;N/A;N/A;N/A;N/A;N/A;N/A;N/A;N/A;N/A;N/A;N/A;N/A;N/A;N/A;N/A;N/A;N/A;N/A;N/A;N/A;N/A;N/A;N/A;N/A;N/A;N/A;N/A;N/A;N/A;N/A;N/A;N/A;N/A;N/A;N/A;N/A;N/A;N/A;N/A;N/A;N/A;N/A;N/A;N/A;N/A;N/A;N/A;N/A;N/A;N/A;N/A;N/A;N/A;N/A;N/A;N/A;N/A;N/A;N/A;N/A;N/A;N/A;N/A;N/A;N/A;N/A;N/A;N/A;N/A;N/A;N/A;N/A;N/A;N/A
Renault;Kwid;"1.0 Sce 66cv Intense";2018;"90268 km";;CARPER.;11190;;;;;"Jacinto Vera";https://auto.mercadolibre.com.uy/MLU-645825129-renault-kwid-intense-10-c64171-_JM;N/A;;"Renault Kwid Intense 1.0 C/64171";usd;Sí;gold_premium;false;N/A;N/A;http://perfil.mercadolibre.com.uy/CARPER.;active;N/A;N/A;Usado;Plateado;Sí;Hidráulica;Delantera;N/A;N/A;Sí;N/A;N/A;N/A;N/A;N/A;N/A;N/A;N/A;N/A;N/A;N/A;N/A;N/A;N/A;N/A;N/A;N/A;N/A;N/A;N/A;N/A;N/A;"2423 mm";"1 L";"50 L";5;N/A;N/A;N/A;N/A;N/A;N/A;N/A;N/A;N/A;N/A;N/A;N/A;N/A;N/A;N/A;N/A;N/A;N/A;N/A;N/A;N/A;N/A;N/A;N/A;N/A;N/A;N/A;N/A;N/A;N/A;N/A;N/A;N/A;N/A;N/A;N/A;N/A;N/A;N/A;N/A;N/A;N/A;N/A;N/A;N/A;"1474 mm";"3680 mm";N/A;N/A;N/A;N/A;5;"66 hp";Intense;N/A;4;"1752 mm";N/A;N/A;N/A;N/A;N/A;N/A;N/A;N/A;N/A;N/A;N/A;N/A;N/A;N/A;N/A;N/A;N/A;N/A;5;1.0;Nafta;Manual;Hatchback;"Autos y camionetas";N/A;N/A;N/A;N/A;N/A;N/A;UY;N/A;Sí;N/A;N/A;N/A;N/A;N/A;N/A;N/A;N/A;N/A;N/A;N/A;N/A;N/A;N/A;N/A;N/A;N/A;N/A;N/A;N/A;N/A;N/A;N/A;N/A;N/A;N/A;N/A;N/A;N/A;N/A;N/A;N/A;N/A;N/A;N/A;N/A;N/A;N/A;N/A;N/A;N/A;N/A;N/A;N/A;N/A;N/A;N/A;N/A;N/A;N/A;N/A;N/A;N/A;N/A;N/A;N/A;N/A;N/A;N/A;N/A;N/A;N/A;N/A;N/A;N/A;N/A;N/A;N/A;N/A;N/A;N/A;N/A;N/A;N/A;N/A;N/A;N/A;N/A;N/A;N/A;N/A;N/A;N/A;N/A;N/A;N/A;N/A;N/A;N/A;N/A;N/A;N/A;N/A;N/A;N/A;N/A;N/A;N/A;N/A;N/A;N/A;N/A;N/A;N/A;N/A;N/A;N/A;N/A;N/A;N/A;N/A;N/A;N/A
Renault;"Duster Oroch";"1.6 Dynamique";2018;"139385 km";;"CARPER USADOS";14690;;;;;"Jacinto Vera";https://auto.mercadolibre.com.uy/MLU-702771940-renault-oroch-expression-16-c65360-_JM;N/A;;"Renault Oroch Expression 1.6 C/65360";usd;Sí;gold_premium;false;N/A;N/A;http://perfil.mercadolibre.com.uy/CARPER+USADOS;active;N/A;N/A;Usado;Rojo;N/A;Hidráulica;4x2;N/A;N/A;Sí;N/A;N/A;N/A;N/A;N/A;N/A;N/A;N/A;N/A;N/A;N/A;N/A;N/A;N/A;N/A;N/A;N/A;N/A;N/A;N/A;N/A;N/A;"2829 mm";"1.6 L";"50 L";5;N/A;N/A;N/A;N/A;N/A;N/A;N/A;N/A;N/A;N/A;N/A;N/A;N/A;N/A;N/A;N/A;N/A;N/A;N/A;N/A;N/A;N/A;N/A;N/A;N/A;N/A;N/A;N/A;N/A;N/A;N/A;N/A;N/A;N/A;N/A;N/A;N/A;N/A;N/A;N/A;N/A;N/A;N/A;N/A;N/A;"1683 mm";"4329 mm";N/A;N/A;N/A;N/A;5;"110 hp";Dynamique;N/A;4;"1821 mm";"11.1 km/l";N/A;N/A;N/A;N/A;N/A;N/A;N/A;N/A;N/A;N/A;"10.4 km/l";N/A;N/A;N/A;N/A;N/A;"LUNES A VIERNES 9 A 19 HS, SABADO 10 A 13 HS";4;1.6;Nafta;Manual;SUV;"Autos y camionetas";N/A;N/A;N/A;N/A;N/A;N/A;UY;N/A;N/A;N/A;N/A;N/A;N/A;N/A;N/A;N/A;N/A;N/A;N/A;N/A;N/A;N/A;N/A;N/A;N/A;N/A;N/A;N/A;N/A;N/A;N/A;N/A;N/A;N/A;N/A;N/A;N/A;N/A;N/A;N/A;N/A;N/A;N/A;N/A;N/A;N/A;N/A;N/A;N/A;N/A;N/A;N/A;N/A;N/A;N/A;N/A;N/A;N/A;N/A;N/A;N/A;N/A;N/A;N/A;N/A;N/A;N/A;N/A;N/A;N/A;N/A;N/A;N/A;N/A;N/A;N/A;N/A;N/A;N/A;N/A;N/A;N/A;N/A;N/A;N/A;N/A;N/A;N/A;N/A;N/A;N/A;N/A;N/A;N/A;N/A;N/A;N/A;N/A;N/A;N/A;N/A;N/A;N/A;N/A;N/A;N/A;N/A;N/A;N/A;N/A;N/A;N/A;N/A;N/A;N/A;N/A;N/A;N/A;N/A;N/A;N/A;N/A
Renault;Duster;"1.6 Ph2 4x2 Dynamique 110cv";2017;"161018 km";;CARPERUSADOS2;13490;;;;;Larrañaga;https://auto.mercadolibre.com.uy/MLU-701963840-renault-duster-dynamique-16-c29757-_JM;N/A;;"Renault Duster Dynamique 1.6 C/29757";usd;Sí;gold_premium;false;N/A;N/A;http://perfil.mercadolibre.com.uy/CARPERUSADOS2;active;N/A;N/A;Usado;Blanco;Sí;Hidráulica;4x2;N/A;N/A;Sí;N/A;N/A;N/A;N/A;N/A;N/A;N/A;N/A;N/A;N/A;N/A;N/A;N/A;N/A;N/A;N/A;N/A;N/A;N/A;N/A;N/A;N/A;"2674 mm";"1.6 L";"50 L";5;N/A;N/A;N/A;N/A;N/A;N/A;N/A;N/A;N/A;N/A;N/A;N/A;N/A;N/A;N/A;N/A;N/A;N/A;N/A;N/A;N/A;N/A;N/A;N/A;N/A;N/A;N/A;N/A;N/A;N/A;N/A;N/A;N/A;N/A;N/A;N/A;N/A;N/A;N/A;N/A;N/A;N/A;N/A;N/A;N/A;"1683 mm";"4329 mm";N/A;N/A;N/A;N/A;5;"110 hp";Dynamique;N/A;4;"1822 mm";"11.1 km/l";N/A;N/A;N/A;N/A;N/A;N/A;N/A;N/A;N/A;N/A;"10.4 km/l";N/A;N/A;N/A;N/A;N/A;N/A;5;1.6;Nafta;Manual;SUV;"Autos y camionetas";N/A;N/A;N/A;N/A;N/A;N/A;UY;N/A;Sí;N/A;N/A;N/A;N/A;N/A;N/A;N/A;N/A;N/A;N/A;N/A;N/A;N/A;N/A;N/A;N/A;N/A;N/A;N/A;N/A;N/A;N/A;N/A;N/A;N/A;N/A;N/A;N/A;N/A;N/A;N/A;N/A;N/A;N/A;N/A;N/A;N/A;N/A;N/A;N/A;N/A;N/A;N/A;N/A;N/A;N/A;N/A;N/A;N/A;N/A;N/A;N/A;N/A;N/A;N/A;N/A;N/A;N/A;N/A;N/A;N/A;N/A;N/A;N/A;N/A;N/A;N/A;N/A;N/A;N/A;N/A;N/A;N/A;N/A;N/A;N/A;N/A;N/A;N/A;N/A;N/A;N/A;N/A;N/A;N/A;N/A;N/A;N/A;N/A;N/A;N/A;N/A;N/A;N/A;N/A;N/A;N/A;N/A;N/A;N/A;N/A;N/A;N/A;N/A;N/A;N/A;N/A;N/A;N/A;N/A;N/A;N/A;N/A
Renault;Fluence;"2.0 Dynamique";2014;"101100 km";;CARPER.;12490;;;;;"Jacinto Vera";https://auto.mercadolibre.com.uy/MLU-703432514-renault-fluence-privilege-20-c65194-_JM;N/A;;"Renault Fluence Privilege 2.0 C/65194";usd;Sí;gold_premium;false;N/A;N/A;http://perfil.mercadolibre.com.uy/CARPER.;active;N/A;N/A;Usado;Gris;N/A;Eléctrica;Delantera;N/A;N/A;Sí;N/A;N/A;N/A;N/A;N/A;N/A;N/A;N/A;N/A;N/A;N/A;N/A;N/A;N/A;N/A;N/A;N/A;N/A;N/A;N/A;N/A;N/A;"2700 mm";"2 L";"60 L";6;N/A;N/A;N/A;N/A;N/A;N/A;N/A;N/A;N/A;Sí;N/A;N/A;N/A;N/A;N/A;N/A;N/A;N/A;N/A;N/A;N/A;N/A;N/A;N/A;N/A;N/A;N/A;N/A;N/A;N/A;N/A;N/A;N/A;Sí;Sí;N/A;N/A;N/A;N/A;N/A;N/A;N/A;N/A;N/A;N/A;"1479 mm";"4618 mm";N/A;N/A;N/A;N/A;5;"143 hp";Dynamique;N/A;4;"1810 mm";"11 km/l";N/A;N/A;N/A;Sí;N/A;N/A;Sí;N/A;N/A;N/A;"6.2 km/l";N/A;N/A;N/A;N/A;N/A;N/A;4;2.0;Nafta;Manual;Sedán;"Autos y camionetas";N/A;N/A;N/A;N/A;N/A;N/A;UY;N/A;Sí;N/A;N/A;N/A;N/A;N/A;N/A;N/A;N/A;N/A;N/A;N/A;N/A;N/A;N/A;N/A;N/A;N/A;N/A;N/A;N/A;N/A;N/A;N/A;N/A;N/A;N/A;N/A;N/A;N/A;N/A;N/A;N/A;N/A;N/A;N/A;N/A;N/A;N/A;N/A;N/A;N/A;N/A;N/A;N/A;N/A;N/A;N/A;N/A;N/A;N/A;N/A;N/A;N/A;N/A;N/A;N/A;N/A;N/A;N/A;N/A;N/A;N/A;N/A;N/A;N/A;N/A;N/A;N/A;N/A;N/A;N/A;N/A;N/A;N/A;N/A;N/A;N/A;N/A;N/A;N/A;N/A;N/A;N/A;N/A;N/A;N/A;N/A;N/A;N/A;N/A;N/A;N/A;N/A;N/A;N/A;N/A;N/A;N/A;N/A;N/A;N/A;N/A;N/A;Sí;N/A;N/A;N/A;N/A;N/A;N/A;N/A;N/A;N/A
Renault;"Sandero Stepway";"1.6 Confort 105cv";2011;"144690 km";;CARPERUSADOS2;8790;;;;;Larrañaga;https://auto.mercadolibre.com.uy/MLU-692228690-renault-stepway-16-c64843-_JM;N/A;;"Renault Stepway 1.6 C/64843";usd;Sí;gold_premium;false;N/A;N/A;http://perfil.mercadolibre.com.uy/CARPERUSADOS2;active;N/A;N/A;Usado;Negro;N/A;Hidráulica;Delantera;N/A;N/A;N/A;N/A;N/A;N/A;N/A;N/A;N/A;N/A;N/A;N/A;N/A;N/A;N/A;N/A;N/A;N/A;N/A;N/A;N/A;N/A;N/A;N/A;N/A;"2588 mm";"1.6 L";"50 L";5;N/A;N/A;N/A;N/A;N/A;N/A;N/A;N/A;N/A;N/A;N/A;N/A;N/A;N/A;N/A;N/A;N/A;N/A;N/A;N/A;N/A;N/A;N/A;N/A;N/A;N/A;N/A;N/A;N/A;N/A;N/A;N/A;N/A;Sí;N/A;N/A;N/A;N/A;N/A;N/A;N/A;N/A;N/A;N/A;N/A;"1630 mm";"4091 mm";N/A;N/A;N/A;N/A;5;"105 hp";Confort;N/A;4;"1751 mm";"10.7 km/l";N/A;N/A;N/A;Sí;N/A;N/A;Sí;N/A;N/A;N/A;"16.9 km/l";N/A;N/A;N/A;N/A;N/A;N/A;5;1.6;Nafta;Manual;Hatchback;"Autos y camionetas";N/A;N/A;N/A;N/A;N/A;N/A;UY;N/A;Sí;N/A;N/A;N/A;N/A;N/A;N/A;N/A;N/A;N/A;N/A;N/A;N/A;N/A;N/A;N/A;N/A;N/A;N/A;N/A;N/A;N/A;N/A;N/A;N/A;N/A;N/A;N/A;N/A;N/A;N/A;N/A;N/A;N/A;N/A;N/A;N/A;N/A;N/A;N/A;N/A;N/A;N/A;N/A;N/A;N/A;N/A;N/A;N/A;N/A;N/A;N/A;N/A;N/A;N/A;N/A;N/A;N/A;N/A;N/A;N/A;N/A;N/A;N/A;N/A;N/A;N/A;N/A;N/A;N/A;N/A;N/A;N/A;N/A;N/A;N/A;N/A;N/A;N/A;N/A;N/A;N/A;N/A;N/A;N/A;N/A;N/A;N/A;N/A;N/A;N/A;N/A;N/A;N/A;N/A;N/A;N/A;N/A;N/A;N/A;N/A;N/A;N/A;N/A;N/A;N/A;N/A;N/A;N/A;N/A;N/A;N/A;N/A;N/A
Renault;Sandero;"2.0 Rs 145cv";2018;"78500 km";;LAUTIN2011;17000;;;;;"Punta Carretas";https://auto.mercadolibre.com.uy/MLU-706128100-renault-sandero-20-rs-145cv-_JM;N/A;;"Renault Sandero 2.0 Rs 145cv";usd;Sí;gold_premium;false;N/A;N/A;http://perfil.mercadolibre.com.uy/LAUTIN2011;active;N/A;N/A;Usado;Rojo;No;Hidráulica;Delantera;Sí;Sí;Sí;N/A;N/A;Sí;N/A;N/A;N/A;N/A;N/A;Sí;Sí;N/A;Sí;N/A;N/A;N/A;N/A;N/A;N/A;N/A;N/A;N/A;N/A;"2590 mm";"2 L";"50 L";5;N/A;N/A;N/A;N/A;N/A;Sí;N/A;N/A;N/A;N/A;N/A;N/A;N/A;N/A;N/A;N/A;N/A;N/A;N/A;N/A;N/A;N/A;N/A;N/A;N/A;N/A;N/A;N/A;N/A;N/A;N/A;N/A;N/A;N/A;N/A;N/A;N/A;N/A;N/A;N/A;N/A;N/A;N/A;N/A;N/A;"1536 mm";"4060 mm";N/A;N/A;N/A;N/A;5;"105 hp";Rs;N/A;4;"1733 mm";"9.5 km/l";Sí;N/A;Sí;N/A;N/A;Sí;Sí;N/A;N/A;N/A;"5.7 km/l";N/A;N/A;N/A;N/A;Sí;N/A;5;2.0;Nafta;Manual;Hatchback;"Autos y camionetas";N/A;N/A;N/A;N/A;N/A;N/A;UY;N/A;N/A;N/A;N/A;N/A;N/A;N/A;N/A;N/A;N/A;N/A;N/A;N/A;N/A;N/A;N/A;N/A;N/A;N/A;N/A;N/A;N/A;N/A;N/A;N/A;N/A;N/A;N/A;N/A;N/A;N/A;N/A;N/A;N/A;N/A;N/A;N/A;N/A;N/A;N/A;N/A;N/A;N/A;N/A;N/A;N/A;N/A;N/A;N/A;N/A;N/A;N/A;N/A;N/A;N/A;N/A;N/A;N/A;N/A;N/A;N/A;N/A;N/A;N/A;N/A;N/A;N/A;N/A;N/A;N/A;N/A;N/A;N/A;N/A;N/A;N/A;N/A;N/A;N/A;N/A;N/A;N/A;N/A;N/A;N/A;N/A;N/A;N/A;N/A;Sí;Sí;Sí;N/A;Sí;N/A;N/A;N/A;N/A;Sí;N/A;N/A;Sí;N/A;N/A;Sí;Sí;Sí;Sí;Sí;Sí;Sí;No;N/A;N/A;N/A
Renault;Stepway;"1.0 Zen Mt";2024;"7010 km";;DIEGOTARIGO;17900;;;;;"Ciudad Vieja";https://auto.mercadolibre.com.uy/MLU-647510225-renaul-stepway-zen-10-mt-_JM;N/A;;"Renaul Stepway Zen 1.0 Mt";usd;Sí;gold_premium;false;N/A;N/A;http://perfil.mercadolibre.com.uy/DIEGOTARIGO;active;N/A;N/A;Usado;Blanco;N/A;N/A;Delantera;N/A;N/A;N/A;N/A;N/A;N/A;N/A;N/A;N/A;N/A;N/A;N/A;N/A;N/A;N/A;N/A;N/A;N/A;N/A;N/A;N/A;N/A;N/A;N/A;N/A;"2590 mm";"1 L";"50 L";5;N/A;N/A;N/A;N/A;N/A;N/A;N/A;N/A;N/A;N/A;N/A;N/A;N/A;N/A;N/A;N/A;N/A;N/A;N/A;N/A;N/A;N/A;N/A;N/A;N/A;N/A;N/A;N/A;N/A;N/A;N/A;N/A;N/A;N/A;N/A;N/A;N/A;N/A;N/A;N/A;N/A;N/A;N/A;N/A;N/A;"1630 mm";"4070 mm";N/A;N/A;N/A;N/A;5;"79 hp";Zen;N/A;4;"1730 mm";N/A;N/A;N/A;N/A;N/A;N/A;N/A;N/A;N/A;N/A;N/A;N/A;N/A;N/A;N/A;N/A;N/A;N/A;5;1.0;Nafta;Manual;Hatchback;"Autos y camionetas";N/A;N/A;N/A;N/A;N/A;N/A;UY;N/A;N/A;N/A;N/A;N/A;N/A;N/A;N/A;N/A;N/A;N/A;N/A;N/A;N/A;N/A;N/A;N/A;N/A;N/A;N/A;N/A;N/A;N/A;N/A;N/A;N/A;N/A;N/A;N/A;N/A;N/A;N/A;N/A;N/A;N/A;N/A;N/A;N/A;N/A;N/A;N/A;N/A;N/A;N/A;N/A;N/A;N/A;N/A;N/A;N/A;N/A;N/A;N/A;N/A;N/A;N/A;N/A;N/A;N/A;N/A;N/A;N/A;N/A;N/A;N/A;N/A;N/A;N/A;N/A;N/A;N/A;N/A;N/A;N/A;N/A;N/A;N/A;N/A;N/A;N/A;N/A;N/A;N/A;N/A;N/A;N/A;N/A;N/A;N/A;N/A;N/A;N/A;N/A;N/A;N/A;N/A;N/A;N/A;N/A;N/A;N/A;N/A;N/A;N/A;N/A;N/A;N/A;N/A;N/A;N/A;N/A;N/A;N/A;N/A;N/A
Renault;Logan;"1.0 Zen";2020;"65000 km";;DA20241210080040;11000;;;;;N/A;https://auto.mercadolibre.com.uy/MLU-704329826-renault-logan-10-zen-_JM;N/A;;"Renault Logan 1.0 Zen";usd;Sí;gold_premium;false;N/A;N/A;http://perfil.mercadolibre.com.uy/DA20241210080040;active;N/A;N/A;Usado;Gris;N/A;Hidráulica;Delantera;N/A;N/A;N/A;N/A;N/A;N/A;N/A;N/A;N/A;N/A;N/A;N/A;N/A;N/A;N/A;N/A;N/A;N/A;N/A;N/A;N/A;N/A;N/A;N/A;N/A;"2635 mm";"1 L";"50 L";5;N/A;N/A;N/A;N/A;N/A;N/A;N/A;N/A;N/A;N/A;N/A;N/A;N/A;N/A;N/A;N/A;N/A;N/A;N/A;N/A;N/A;N/A;N/A;N/A;N/A;N/A;N/A;N/A;N/A;N/A;N/A;N/A;N/A;Sí;N/A;N/A;N/A;N/A;N/A;N/A;N/A;N/A;N/A;N/A;N/A;"1529 mm";"4350 mm";N/A;N/A;N/A;N/A;5;"66 hp";Zen;N/A;2;"1733 mm";"12.5 km/l";N/A;N/A;N/A;N/A;N/A;N/A;Sí;N/A;N/A;N/A;N/A;N/A;N/A;N/A;N/A;N/A;N/A;4;1.0;Nafta;Manual;Sedán;"Autos y camionetas";N/A;N/A;N/A;N/A;N/A;N/A;UY;N/A;N/A;N/A;N/A;N/A;N/A;N/A;N/A;N/A;N/A;N/A;N/A;N/A;N/A;N/A;N/A;N/A;N/A;N/A;N/A;N/A;N/A;N/A;N/A;N/A;N/A;N/A;N/A;N/A;N/A;N/A;N/A;N/A;N/A;N/A;N/A;N/A;N/A;N/A;N/A;N/A;N/A;N/A;N/A;N/A;N/A;N/A;N/A;N/A;N/A;N/A;N/A;N/A;N/A;N/A;N/A;N/A;N/A;N/A;N/A;N/A;N/A;N/A;N/A;N/A;N/A;N/A;N/A;N/A;N/A;N/A;N/A;N/A;N/A;N/A;N/A;N/A;N/A;N/A;N/A;N/A;N/A;N/A;N/A;N/A;N/A;N/A;N/A;N/A;N/A;N/A;N/A;N/A;N/A;N/A;N/A;N/A;N/A;N/A;N/A;N/A;N/A;N/A;N/A;N/A;N/A;N/A;N/A;N/A;N/A;N/A;N/A;N/A;N/A;N/A
Renault;"Duster Oroch";"1.6 Dynamique";2019;"55000 km";;NISSANMOREIRA;16490;;;;;Pando;https://auto.mercadolibre.com.uy/MLU-704289818-renault-oroch-expression-16-_JM;N/A;;"Renault Oroch Expression 1.6";usd;Sí;gold_premium;false;N/A;N/A;http://perfil.mercadolibre.com.uy/NISSANMOREIRA;active;N/A;N/A;Usado;Gris;N/A;Hidráulica;4x2;N/A;N/A;Sí;N/A;N/A;N/A;N/A;N/A;N/A;N/A;N/A;N/A;N/A;N/A;N/A;N/A;N/A;N/A;N/A;N/A;N/A;N/A;N/A;N/A;N/A;"2829 mm";"1.6 L";"50 L";5;N/A;N/A;N/A;N/A;N/A;N/A;N/A;N/A;N/A;N/A;N/A;N/A;N/A;N/A;N/A;N/A;N/A;N/A;N/A;N/A;N/A;N/A;N/A;N/A;N/A;N/A;N/A;N/A;N/A;N/A;N/A;N/A;N/A;N/A;N/A;N/A;N/A;N/A;N/A;N/A;N/A;N/A;N/A;N/A;N/A;"1683 mm";"4329 mm";N/A;N/A;N/A;N/A;5;"110 hp";Dynamique;N/A;4;"1821 mm";"11.1 km/l";N/A;N/A;N/A;N/A;N/A;N/A;N/A;N/A;N/A;N/A;"10.4 km/l";N/A;N/A;N/A;N/A;N/A;"lunes a lunes";4;1.6;Nafta;Manual;SUV;"Autos y camionetas";N/A;N/A;N/A;N/A;N/A;N/A;UY;N/A;N/A;N/A;N/A;N/A;N/A;N/A;N/A;N/A;N/A;N/A;N/A;N/A;N/A;N/A;N/A;N/A;N/A;N/A;N/A;N/A;N/A;N/A;N/A;N/A;N/A;N/A;N/A;N/A;N/A;N/A;N/A;N/A;N/A;N/A;N/A;N/A;N/A;N/A;N/A;N/A;N/A;N/A;N/A;N/A;N/A;N/A;N/A;N/A;N/A;N/A;N/A;N/A;N/A;N/A;N/A;N/A;N/A;N/A;N/A;N/A;N/A;N/A;N/A;N/A;N/A;N/A;N/A;N/A;N/A;N/A;N/A;N/A;N/A;N/A;N/A;N/A;N/A;N/A;N/A;N/A;N/A;N/A;N/A;N/A;N/A;N/A;N/A;N/A;N/A;N/A;N/A;N/A;N/A;N/A;N/A;N/A;N/A;N/A;N/A;N/A;N/A;N/A;N/A;N/A;N/A;N/A;N/A;N/A;N/A;N/A;N/A;N/A;N/A;N/A
Renault;Duster;"1.6 16v Intens Cvt";2021;"56000 km";;CALU5181684;20000;;;;;"La Blanqueada";https://auto.mercadolibre.com.uy/MLU-647418101-renault-duster-16-16v-intens-cvt-_JM;N/A;;"Renault Duster 1.6 16v Intens Cvt";usd;Sí;gold_premium;false;N/A;N/A;http://perfil.mercadolibre.com.uy/CALU5181684;active;N/A;N/A;Usado;Azul;Sí;Eléctrica;4x2;N/A;Sí;Sí;N/A;N/A;N/A;N/A;N/A;N/A;N/A;N/A;Sí;N/A;N/A;N/A;N/A;N/A;N/A;N/A;N/A;N/A;N/A;N/A;N/A;N/A;"2674 mm";"1.6 L";"50 L";6;N/A;N/A;N/A;N/A;N/A;N/A;N/A;N/A;N/A;N/A;N/A;N/A;N/A;N/A;N/A;N/A;N/A;N/A;N/A;N/A;N/A;N/A;N/A;N/A;N/A;N/A;N/A;N/A;N/A;N/A;N/A;N/A;N/A;N/A;N/A;N/A;N/A;N/A;N/A;N/A;N/A;N/A;N/A;N/A;N/A;"1683 mm";"4329 mm";N/A;N/A;N/A;N/A;5;"118 hp";Intens;N/A;4;"1822 mm";"11.1 km/l";N/A;N/A;N/A;N/A;N/A;Sí;Sí;N/A;N/A;N/A;"10.4 km/l";N/A;N/A;N/A;N/A;N/A;"9 a 22";5;1.6;Nafta;Automática;SUV;"Autos y camionetas";N/A;N/A;N/A;N/A;N/A;N/A;UY;N/A;N/A;N/A;N/A;N/A;N/A;N/A;N/A;N/A;N/A;N/A;N/A;N/A;N/A;N/A;N/A;N/A;Sí;N/A;N/A;N/A;N/A;N/A;N/A;N/A;N/A;N/A;N/A;N/A;N/A;N/A;N/A;N/A;N/A;N/A;N/A;N/A;N/A;N/A;N/A;N/A;N/A;N/A;N/A;N/A;N/A;N/A;N/A;N/A;N/A;N/A;N/A;N/A;N/A;N/A;N/A;N/A;N/A;N/A;N/A;N/A;N/A;N/A;N/A;N/A;N/A;N/A;N/A;N/A;N/A;N/A;N/A;N/A;N/A;N/A;N/A;N/A;N/A;N/A;N/A;N/A;N/A;N/A;N/A;N/A;N/A;N/A;N/A;Sí;Sí;Sí;N/A;N/A;Sí;N/A;N/A;N/A;N/A;Sí;Sí;Sí;Sí;N/A;N/A;Sí;N/A;Sí;N/A;N/A;N/A;N/A;N/A;N/A;N/A;N/A
Renault;Clio;"1.2 Authentique";2010;"135000 km";;SEB_PIG;8200;;;;;Malvin;https://auto.mercadolibre.com.uy/MLU-647393101-renault-clio-12-authentique-_JM;N/A;;"Renault Clio 1.2 Authentique";usd;Sí;gold_premium;false;N/A;N/A;http://perfil.mercadolibre.com.uy/SEB_PIG;active;N/A;N/A;Usado;Gris;N/A;Hidráulica;Delantera;N/A;N/A;N/A;N/A;N/A;N/A;N/A;N/A;N/A;N/A;N/A;N/A;N/A;N/A;N/A;N/A;N/A;N/A;N/A;N/A;N/A;N/A;N/A;N/A;N/A;"2472 mm";"1.2 L";"50 L";5;N/A;N/A;N/A;N/A;N/A;N/A;N/A;N/A;N/A;N/A;N/A;N/A;N/A;N/A;N/A;N/A;N/A;N/A;N/A;N/A;N/A;N/A;N/A;N/A;N/A;N/A;N/A;N/A;N/A;N/A;N/A;N/A;N/A;N/A;N/A;N/A;N/A;N/A;N/A;N/A;N/A;N/A;N/A;N/A;N/A;"1435 mm";"3773 mm";N/A;N/A;N/A;N/A;5;"75 hp";Authentique;N/A;4;"1639 mm";N/A;N/A;N/A;N/A;Sí;N/A;N/A;N/A;N/A;N/A;N/A;N/A;N/A;N/A;N/A;N/A;N/A;"De8a 23";3;1.2;Nafta;Manual;Hatchback;"Autos y camionetas";N/A;N/A;N/A;N/A;N/A;N/A;UY;N/A;N/A;N/A;N/A;N/A;N/A;N/A;N/A;N/A;N/A;N/A;N/A;N/A;N/A;N/A;N/A;N/A;N/A;N/A;N/A;N/A;N/A;N/A;N/A;N/A;N/A;N/A;N/A;N/A;N/A;N/A;N/A;N/A;N/A;N/A;N/A;N/A;N/A;N/A;N/A;N/A;N/A;N/A;N/A;N/A;N/A;N/A;N/A;N/A;N/A;N/A;N/A;N/A;N/A;N/A;N/A;N/A;N/A;N/A;N/A;N/A;N/A;N/A;N/A;N/A;N/A;N/A;N/A;N/A;N/A;N/A;N/A;N/A;N/A;N/A;N/A;N/A;N/A;N/A;N/A;N/A;N/A;N/A;N/A;N/A;N/A;N/A;N/A;N/A;N/A;N/A;N/A;N/A;N/A;N/A;N/A;N/A;N/A;N/A;N/A;N/A;N/A;N/A;N/A;N/A;Sí;N/A;N/A;N/A;N/A;N/A;N/A;N/A;N/A;N/A
Renault;Fluence;"2.0 Privilege Mt";2012;"240000 km";;PELEIU;10500;;;;;"Paso de los Toros";https://auto.mercadolibre.com.uy/MLU-702796592-renault-fluence-2012-20-privilege-mt-_JM;N/A;;"Renault Fluence 2012 2.0 Privilege Mt";usd;Sí;gold_premium;false;N/A;N/A;http://perfil.mercadolibre.com.uy/PELEIU;active;N/A;N/A;Usado;N/A;N/A;Eléctrica;Delantera;N/A;N/A;Sí;N/A;N/A;N/A;N/A;N/A;Sí;N/A;N/A;N/A;N/A;N/A;N/A;N/A;N/A;N/A;N/A;N/A;N/A;N/A;N/A;N/A;N/A;"2700 mm";"2 L";"60 L";6;N/A;N/A;N/A;N/A;N/A;N/A;N/A;N/A;N/A;Sí;N/A;N/A;N/A;N/A;N/A;N/A;N/A;N/A;N/A;N/A;N/A;N/A;N/A;N/A;N/A;N/A;N/A;N/A;N/A;N/A;N/A;N/A;N/A;Sí;Sí;Sí;N/A;N/A;N/A;N/A;N/A;N/A;N/A;N/A;N/A;"1479 mm";"4618 mm";N/A;N/A;N/A;N/A;5;"143 hp";Privilege;N/A;4;"1810 mm";"11 km/l";Sí;N/A;N/A;Sí;N/A;N/A;Sí;N/A;N/A;N/A;"6.2 km/l";N/A;N/A;N/A;N/A;N/A;N/A;4;2.0;Nafta;Manual;Sedán;"Autos y camionetas";N/A;N/A;N/A;N/A;N/A;N/A;UY;N/A;N/A;N/A;N/A;N/A;N/A;N/A;N/A;N/A;N/A;N/A;N/A;N/A;N/A;N/A;N/A;N/A;N/A;N/A;N/A;N/A;N/A;N/A;N/A;N/A;N/A;N/A;N/A;N/A;N/A;N/A;N/A;N/A;N/A;N/A;N/A;N/A;N/A;N/A;N/A;N/A;N/A;N/A;N/A;N/A;N/A;N/A;N/A;N/A;N/A;N/A;N/A;N/A;N/A;N/A;N/A;N/A;N/A;N/A;N/A;N/A;N/A;N/A;N/A;N/A;N/A;N/A;N/A;N/A;N/A;N/A;N/A;N/A;N/A;N/A;N/A;N/A;N/A;N/A;N/A;N/A;N/A;N/A;N/A;N/A;N/A;N/A;N/A;N/A;N/A;N/A;N/A;N/A;N/A;N/A;N/A;N/A;N/A;N/A;Sí;N/A;N/A;N/A;N/A;N/A;Sí;N/A;N/A;N/A;N/A;N/A;N/A;Sí;N/A;N/A
Renault;Duster;"2.0 Ph2 4x2 Privilege 143cv";2018;"138880 km";;CARPERUSADOS2;13790;;;;;Larrañaga;https://auto.mercadolibre.com.uy/MLU-702081154-renault-duster-dynamique-20-c64825-_JM;N/A;;"Renault Duster Dynamique 2.0 C/64825";usd;Sí;gold_premium;false;N/A;N/A;http://perfil.mercadolibre.com.uy/CARPERUSADOS2;active;N/A;N/A;Usado;Gris;N/A;Hidráulica;4x2;N/A;N/A;Sí;N/A;N/A;N/A;N/A;N/A;N/A;N/A;N/A;N/A;N/A;N/A;N/A;N/A;N/A;N/A;N/A;N/A;N/A;N/A;N/A;N/A;N/A;"2674 mm";"2 L";"50 L";6;N/A;N/A;N/A;N/A;N/A;N/A;N/A;N/A;N/A;N/A;N/A;N/A;N/A;N/A;N/A;N/A;N/A;N/A;N/A;N/A;N/A;N/A;N/A;N/A;N/A;N/A;N/A;N/A;N/A;N/A;N/A;N/A;N/A;N/A;N/A;N/A;N/A;N/A;N/A;N/A;N/A;N/A;N/A;N/A;N/A;"1683 mm";"4329 mm";N/A;N/A;N/A;N/A;5;"143 hp";Privilege;N/A;4;"1822 mm";"10.8 km/l";N/A;N/A;N/A;N/A;N/A;N/A;N/A;N/A;N/A;N/A;N/A;N/A;N/A;N/A;N/A;N/A;N/A;5;2.0;Nafta;Manual;SUV;"Autos y camionetas";N/A;N/A;N/A;N/A;N/A;N/A;UY;N/A;Sí;N/A;N/A;N/A;N/A;N/A;N/A;N/A;N/A;N/A;N/A;N/A;N/A;N/A;N/A;N/A;N/A;N/A;N/A;N/A;N/A;N/A;N/A;N/A;N/A;N/A;N/A;N/A;N/A;N/A;N/A;N/A;N/A;N/A;N/A;N/A;N/A;N/A;N/A;N/A;N/A;N/A;N/A;N/A;N/A;N/A;N/A;N/A;N/A;N/A;N/A;N/A;N/A;N/A;N/A;N/A;N/A;N/A;N/A;N/A;N/A;N/A;N/A;N/A;N/A;N/A;N/A;N/A;N/A;N/A;N/A;N/A;N/A;N/A;N/A;N/A;N/A;N/A;N/A;N/A;N/A;N/A;N/A;N/A;N/A;N/A;N/A;N/A;N/A;N/A;N/A;N/A;N/A;N/A;N/A;N/A;N/A;N/A;N/A;N/A;N/A;N/A;N/A;N/A;N/A;N/A;N/A;N/A;N/A;N/A;N/A;N/A;N/A;N/A
Renault;Logan;"1.6 Expression 85cv";2019;"95084 km";;CARPER.;11990;;;;;"Jacinto Vera";https://auto.mercadolibre.com.uy/MLU-695737836-renault-logan-expression-16-c65169-_JM;N/A;;"Renault Logan Expression 1.6 C/65169";usd;Sí;gold_premium;false;N/A;N/A;http://perfil.mercadolibre.com.uy/CARPER.;active;N/A;N/A;Usado;Gris;N/A;Hidráulica;Delantera;N/A;N/A;N/A;N/A;N/A;N/A;N/A;N/A;N/A;N/A;N/A;N/A;N/A;N/A;N/A;N/A;N/A;N/A;N/A;N/A;N/A;N/A;N/A;N/A;N/A;"2635 mm";"1.6 L";"50 L";5;N/A;N/A;N/A;N/A;N/A;N/A;N/A;N/A;N/A;N/A;N/A;N/A;N/A;N/A;N/A;N/A;N/A;N/A;N/A;N/A;N/A;N/A;N/A;N/A;N/A;N/A;N/A;N/A;N/A;N/A;N/A;N/A;N/A;Sí;N/A;N/A;N/A;N/A;N/A;N/A;N/A;N/A;N/A;N/A;N/A;"1529 mm";"4350 mm";N/A;N/A;N/A;N/A;5;"85 hp";Expression;N/A;2;"1733 mm";"12.5 km/l";N/A;N/A;N/A;N/A;N/A;N/A;Sí;N/A;N/A;N/A;N/A;N/A;N/A;N/A;N/A;N/A;N/A;4;1.6;Nafta;Manual;Sedán;"Autos y camionetas";N/A;N/A;N/A;N/A;N/A;N/A;UY;N/A;Sí;N/A;N/A;N/A;N/A;N/A;N/A;N/A;N/A;N/A;N/A;N/A;N/A;N/A;N/A;N/A;N/A;N/A;N/A;N/A;N/A;N/A;N/A;N/A;N/A;N/A;N/A;N/A;N/A;N/A;N/A;N/A;N/A;N/A;N/A;N/A;N/A;N/A;N/A;N/A;N/A;N/A;N/A;N/A;N/A;N/A;N/A;N/A;N/A;N/A;N/A;N/A;N/A;N/A;N/A;N/A;N/A;N/A;N/A;N/A;N/A;N/A;N/A;N/A;N/A;N/A;N/A;N/A;N/A;N/A;N/A;N/A;N/A;N/A;N/A;N/A;N/A;N/A;N/A;N/A;N/A;N/A;N/A;N/A;N/A;N/A;N/A;N/A;N/A;N/A;N/A;N/A;N/A;N/A;N/A;N/A;N/A;N/A;N/A;N/A;N/A;N/A;N/A;N/A;N/A;N/A;N/A;N/A;N/A;N/A;N/A;N/A;N/A;N/A
Renault;Kwid;"1.0 Sce 66cv Life";2022;"58000 km";;AGUSTIN_OLMOS;11500;;;;;Cordón;https://auto.mercadolibre.com.uy/MLU-647453807-renault-kwid-2022-10-sce-66cv-life-_JM;N/A;;"Renault Kwid 2022 1.0 Sce 66cv Life";usd;Sí;gold_premium;false;N/A;N/A;http://perfil.mercadolibre.com.uy/AGUSTIN_OLMOS;active;N/A;N/A;Usado;Rojo;N/A;N/A;Delantera;N/A;N/A;Sí;N/A;N/A;N/A;N/A;N/A;N/A;N/A;N/A;N/A;N/A;N/A;N/A;N/A;N/A;N/A;N/A;N/A;N/A;N/A;N/A;N/A;N/A;"2423 mm";"1 L";"50 L";5;N/A;N/A;N/A;N/A;N/A;N/A;N/A;N/A;N/A;N/A;N/A;N/A;N/A;N/A;N/A;N/A;N/A;N/A;N/A;N/A;N/A;N/A;N/A;N/A;N/A;N/A;N/A;N/A;N/A;N/A;N/A;N/A;N/A;N/A;N/A;N/A;N/A;N/A;N/A;N/A;N/A;N/A;N/A;N/A;N/A;"1474 mm";"3680 mm";N/A;N/A;N/A;N/A;5;"66 hp";Life;N/A;4;"1752 mm";N/A;N/A;N/A;N/A;N/A;N/A;N/A;N/A;N/A;N/A;N/A;N/A;N/A;N/A;N/A;N/A;N/A;N/A;5;1.0;Nafta;Manual;Hatchback;"Autos y camionetas";N/A;N/A;N/A;N/A;N/A;N/A;UY;N/A;N/A;N/A;N/A;N/A;N/A;N/A;N/A;N/A;N/A;N/A;N/A;N/A;N/A;N/A;N/A;N/A;N/A;N/A;N/A;N/A;N/A;N/A;N/A;N/A;N/A;N/A;N/A;N/A;N/A;N/A;N/A;N/A;N/A;N/A;N/A;N/A;N/A;N/A;N/A;N/A;N/A;N/A;N/A;N/A;N/A;N/A;N/A;N/A;N/A;N/A;N/A;N/A;N/A;N/A;N/A;N/A;N/A;N/A;N/A;N/A;N/A;N/A;N/A;N/A;N/A;N/A;N/A;N/A;N/A;N/A;N/A;N/A;N/A;N/A;N/A;N/A;N/A;N/A;N/A;N/A;N/A;N/A;N/A;N/A;N/A;N/A;N/A;N/A;N/A;N/A;N/A;N/A;N/A;N/A;N/A;N/A;N/A;N/A;N/A;N/A;N/A;N/A;N/A;N/A;N/A;N/A;N/A;N/A;N/A;N/A;N/A;N/A;N/A;N/A
Renault;Clio;"1.6 Rn";2001;"359143 km";;"CARPER USADOS";5490;;;;;"Jacinto Vera";https://auto.mercadolibre.com.uy/MLU-692904246-renault-clio-rn-19-diesel-c65074-_JM;N/A;;"Renault Clio Rn 1.9 Diesel C/65074";usd;No;gold_premium;false;N/A;N/A;http://perfil.mercadolibre.com.uy/CARPER+USADOS;active;N/A;N/A;Usado;Verde;N/A;Hidráulica;Delantera;Sí;N/A;N/A;N/A;N/A;N/A;N/A;N/A;N/A;N/A;N/A;N/A;N/A;N/A;N/A;N/A;N/A;N/A;N/A;N/A;N/A;N/A;N/A;N/A;N/A;"2472 mm";"1.6 L";"50 L";5;N/A;N/A;N/A;N/A;N/A;N/A;N/A;N/A;N/A;N/A;N/A;N/A;N/A;N/A;N/A;N/A;N/A;N/A;N/A;N/A;N/A;N/A;N/A;N/A;N/A;N/A;N/A;N/A;N/A;N/A;N/A;N/A;N/A;N/A;N/A;N/A;N/A;N/A;N/A;N/A;N/A;N/A;N/A;N/A;N/A;"1435 mm";"4150 mm";N/A;N/A;N/A;N/A;5;"100 hp";Rn;N/A;2;"1639 mm";"9.4 km/l";N/A;N/A;N/A;N/A;N/A;N/A;N/A;N/A;N/A;N/A;"7.1 km/l";N/A;N/A;N/A;N/A;N/A;N/A;4;1.6;Diésel;Manual;Sedán;"Autos y camionetas";N/A;N/A;N/A;N/A;N/A;N/A;UY;N/A;Sí;N/A;N/A;N/A;N/A;N/A;N/A;N/A;N/A;N/A;N/A;N/A;N/A;N/A;N/A;N/A;N/A;N/A;N/A;N/A;N/A;N/A;N/A;N/A;N/A;N/A;N/A;N/A;N/A;N/A;N/A;N/A;N/A;N/A;N/A;N/A;N/A;N/A;N/A;N/A;N/A;N/A;N/A;N/A;N/A;N/A;N/A;N/A;N/A;N/A;N/A;N/A;N/A;N/A;N/A;N/A;N/A;N/A;N/A;N/A;N/A;N/A;N/A;N/A;N/A;N/A;N/A;N/A;N/A;N/A;N/A;N/A;N/A;N/A;N/A;N/A;N/A;N/A;N/A;N/A;N/A;N/A;N/A;N/A;N/A;N/A;N/A;N/A;N/A;N/A;N/A;N/A;N/A;N/A;N/A;N/A;N/A;N/A;N/A;N/A;N/A;N/A;N/A;N/A;N/A;N/A;N/A;N/A;N/A;N/A;N/A;N/A;N/A;N/A
Renault;Kwid;"1.0 Sce 66cv Intense";2020;"65000 km";;MMORALES3695;12000;;;;;Atlántida;https://auto.mercadolibre.com.uy/MLU-703031196-renault-kwid-iconic-_JM;N/A;;"Renault Kwid  Iconic";usd;Sí;gold_premium;false;N/A;N/A;http://perfil.mercadolibre.com.uy/MMORALES3695;active;N/A;N/A;Usado;Rojo;N/A;N/A;Delantera;N/A;N/A;Sí;N/A;N/A;N/A;N/A;N/A;N/A;N/A;N/A;N/A;N/A;N/A;N/A;N/A;N/A;N/A;N/A;N/A;N/A;N/A;N/A;N/A;N/A;"2423 mm";"1 L";"50 L";5;N/A;N/A;N/A;N/A;N/A;N/A;N/A;N/A;N/A;N/A;N/A;N/A;N/A;N/A;N/A;N/A;N/A;N/A;N/A;N/A;N/A;N/A;N/A;N/A;N/A;N/A;N/A;N/A;N/A;N/A;N/A;N/A;N/A;N/A;N/A;N/A;N/A;N/A;N/A;N/A;N/A;N/A;N/A;N/A;N/A;"1474 mm";"3680 mm";N/A;N/A;N/A;N/A;5;"66 hp";Intense;N/A;4;"1752 mm";N/A;N/A;N/A;N/A;N/A;N/A;N/A;N/A;N/A;N/A;N/A;N/A;N/A;N/A;N/A;N/A;N/A;"de 12:00 a 21:00";5;1.0;Nafta;Manual;Hatchback;"Autos y camionetas";N/A;N/A;N/A;N/A;N/A;N/A;UY;N/A;N/A;N/A;N/A;N/A;N/A;N/A;N/A;N/A;N/A;N/A;N/A;N/A;N/A;N/A;N/A;N/A;N/A;N/A;N/A;N/A;N/A;N/A;N/A;N/A;N/A;N/A;N/A;N/A;N/A;N/A;N/A;N/A;N/A;N/A;N/A;N/A;N/A;N/A;N/A;N/A;N/A;N/A;N/A;N/A;N/A;N/A;N/A;N/A;N/A;N/A;N/A;N/A;N/A;N/A;N/A;N/A;N/A;N/A;N/A;N/A;N/A;N/A;N/A;N/A;N/A;N/A;N/A;N/A;N/A;N/A;N/A;N/A;N/A;N/A;N/A;N/A;N/A;N/A;N/A;N/A;N/A;N/A;N/A;N/A;N/A;N/A;N/A;N/A;N/A;N/A;N/A;N/A;N/A;N/A;N/A;N/A;N/A;N/A;N/A;N/A;N/A;N/A;N/A;N/A;N/A;N/A;N/A;N/A;N/A;N/A;N/A;N/A;N/A;N/A
Renault;Captur;"0.9 Tce90 Expression";2016;"147893 km";;CARPERUSADOS;13990;;;;;"La Blanqueada";https://auto.mercadolibre.com.uy/MLU-705933154-renault-captur-expression-mt-900-t-c65231-_JM;N/A;;"Renault Captur Expression Mt 900 T C/65231";usd;Sí;gold_premium;false;N/A;N/A;http://perfil.mercadolibre.com.uy/CARPERUSADOS;active;N/A;N/A;Usado;Gris;N/A;Hidráulica;Delantera;Sí;N/A;N/A;N/A;N/A;N/A;N/A;N/A;N/A;N/A;N/A;N/A;N/A;N/A;N/A;N/A;N/A;N/A;N/A;N/A;N/A;N/A;N/A;N/A;N/A;"2606 mm";"0.9 L";"45 L";5;N/A;N/A;N/A;N/A;N/A;N/A;N/A;N/A;N/A;N/A;N/A;N/A;N/A;N/A;N/A;N/A;N/A;N/A;N/A;N/A;N/A;N/A;N/A;N/A;N/A;N/A;N/A;N/A;N/A;N/A;N/A;N/A;N/A;N/A;N/A;N/A;N/A;N/A;N/A;N/A;N/A;N/A;N/A;N/A;N/A;"1566 mm";"4122 mm";N/A;N/A;N/A;N/A;5;"90 hp";Expression;N/A;4;"1778 mm";N/A;N/A;N/A;N/A;N/A;N/A;N/A;N/A;N/A;N/A;N/A;N/A;N/A;N/A;N/A;N/A;N/A;N/A;5;0.9;Nafta;Manual;Hatchback;"Autos y camionetas";N/A;N/A;N/A;N/A;N/A;N/A;UY;N/A;Sí;N/A;N/A;N/A;N/A;N/A;N/A;N/A;N/A;N/A;N/A;N/A;N/A;N/A;N/A;N/A;N/A;N/A;N/A;N/A;N/A;N/A;N/A;N/A;N/A;N/A;N/A;N/A;N/A;N/A;N/A;N/A;N/A;N/A;N/A;N/A;N/A;N/A;N/A;N/A;N/A;N/A;N/A;N/A;N/A;N/A;N/A;N/A;N/A;N/A;N/A;N/A;N/A;N/A;N/A;N/A;N/A;N/A;N/A;N/A;N/A;N/A;N/A;N/A;N/A;N/A;N/A;N/A;N/A;N/A;N/A;N/A;N/A;N/A;N/A;N/A;N/A;N/A;N/A;N/A;N/A;N/A;N/A;N/A;N/A;N/A;N/A;N/A;N/A;N/A;N/A;N/A;N/A;N/A;N/A;N/A;N/A;N/A;N/A;N/A;N/A;N/A;N/A;N/A;N/A;N/A;N/A;N/A;N/A;N/A;N/A;N/A;N/A;N/A
Renault;Kwid;"1.0 Sce 66cv Zen";2018;"64630 km";;CARPERUSADOS;11290;;;;;"La Blanqueada";https://auto.mercadolibre.com.uy/MLU-704632886-renault-kwid-zen-10-c65302-_JM;N/A;;"Renault Kwid Zen 1.0 C/65302";usd;Sí;gold_premium;false;N/A;N/A;http://perfil.mercadolibre.com.uy/CARPERUSADOS;active;N/A;N/A;Usado;Rojo;N/A;Hidráulica;Delantera;N/A;N/A;Sí;N/A;N/A;N/A;N/A;N/A;N/A;N/A;N/A;N/A;N/A;N/A;N/A;N/A;N/A;N/A;N/A;N/A;N/A;N/A;N/A;N/A;N/A;"2423 mm";"1 L";"50 L";5;N/A;N/A;N/A;N/A;N/A;N/A;N/A;N/A;N/A;N/A;N/A;N/A;N/A;N/A;N/A;N/A;N/A;N/A;N/A;N/A;N/A;N/A;N/A;N/A;N/A;N/A;N/A;N/A;N/A;N/A;N/A;N/A;N/A;N/A;N/A;N/A;N/A;N/A;N/A;N/A;N/A;N/A;N/A;N/A;N/A;"1474 mm";"3680 mm";N/A;N/A;N/A;N/A;5;"66 hp";Zen;N/A;4;"1752 mm";N/A;N/A;N/A;N/A;N/A;N/A;N/A;N/A;N/A;N/A;N/A;N/A;N/A;N/A;N/A;N/A;N/A;N/A;5;1.0;Nafta;Manual;Hatchback;"Autos y camionetas";N/A;N/A;N/A;N/A;N/A;N/A;UY;N/A;Sí;N/A;N/A;N/A;N/A;N/A;N/A;N/A;N/A;N/A;N/A;N/A;N/A;N/A;N/A;N/A;N/A;N/A;N/A;N/A;N/A;N/A;N/A;N/A;N/A;N/A;N/A;N/A;N/A;N/A;N/A;N/A;N/A;N/A;N/A;N/A;N/A;N/A;N/A;N/A;N/A;N/A;N/A;N/A;N/A;N/A;N/A;N/A;N/A;N/A;N/A;N/A;N/A;N/A;N/A;N/A;N/A;N/A;N/A;N/A;N/A;N/A;N/A;N/A;N/A;N/A;N/A;N/A;N/A;N/A;N/A;N/A;N/A;N/A;N/A;N/A;N/A;N/A;N/A;N/A;N/A;N/A;N/A;N/A;N/A;N/A;N/A;N/A;N/A;N/A;N/A;N/A;N/A;N/A;N/A;N/A;N/A;N/A;N/A;N/A;N/A;N/A;N/A;N/A;N/A;N/A;N/A;N/A;N/A;N/A;N/A;N/A;N/A;N/A
Renault;"KWID LIFE 1.0 MT";"Sedan 5 puertas";2020;"34000 km";;BESINDAYMARINO;11800;;;;;"Parque Rodó";https://auto.mercadolibre.com.uy/MLU-647312837-renault-kwid-_JM;N/A;;"Renault Kwid";USD;Sí;gold_premium;false;N/A;N/A;http://perfil.mercadolibre.com.uy/BESINDAYMARINO;active;N/A;N/A;Usado;Plateado;No;Eléctrica;4x2;Sí;Sí;N/A;N/A;N/A;No;N/A;N/A;No;N/A;N/A;No;No;N/A;No;N/A;N/A;N/A;N/A;N/A;N/A;N/A;N/A;N/A;N/A;N/A;N/A;N/A;N/A;N/A;N/A;N/A;N/A;N/A;No;N/A;N/A;N/A;N/A;N/A;N/A;N/A;N/A;N/A;N/A;N/A;N/A;N/A;N/A;N/A;N/A;N/A;N/A;N/A;N/A;N/A;N/A;N/A;No;N/A;N/A;N/A;N/A;N/A;N/A;N/A;N/A;N/A;N/A;N/A;N/A;N/A;N/A;N/A;N/A;N/A;N/A;N/A;N/A;N/A;N/A;N/A;N/A;N/A;N/A;N/A;N/A;No;N/A;No;Sí;N/A;Sí;Sí;N/A;No;N/A;N/A;No;No;N/A;N/A;Sí;"Lunes a domingo de 8 a 20";5;1000;Nafta;Manual;Sedán;"Autos y camionetas";N/A;N/A;N/A;N/A;N/A;N/A;N/A;N/A;N/A;N/A;N/A;N/A;N/A;N/A;N/A;N/A;N/A;N/A;N/A;N/A;N/A;N/A;N/A;N/A;No;N/A;N/A;N/A;N/A;N/A;N/A;N/A;N/A;N/A;N/A;N/A;N/A;N/A;N/A;N/A;N/A;N/A;N/A;N/A;N/A;N/A;N/A;N/A;N/A;N/A;N/A;N/A;N/A;N/A;N/A;N/A;N/A;N/A;N/A;N/A;N/A;N/A;N/A;N/A;N/A;N/A;N/A;N/A;N/A;N/A;N/A;N/A;N/A;N/A;N/A;N/A;N/A;N/A;N/A;N/A;N/A;N/A;N/A;N/A;N/A;N/A;N/A;N/A;N/A;N/A;N/A;N/A;N/A;N/A;N/A;No;Sí;No;No;N/A;Sí;N/A;N/A;N/A;N/A;Sí;No;Sí;Sí;N/A;N/A;No;No;Sí;Sí;Sí;Sí;No;No;No;N/A;Sí
Renault;Logan;"1.0 Zen";2020;"61817 km";;CARPERUSADOS2;13590;;;;;Larrañaga;https://auto.mercadolibre.com.uy/MLU-702068334-renault-logan-zen-10-c64912-_JM;N/A;;"Renault Logan Zen 1.0 C/64912";usd;Sí;gold_premium;false;N/A;N/A;http://perfil.mercadolibre.com.uy/CARPERUSADOS2;active;N/A;N/A;Usado;Blanco;N/A;Hidráulica;Delantera;N/A;N/A;N/A;N/A;N/A;N/A;N/A;N/A;N/A;N/A;N/A;N/A;N/A;N/A;N/A;N/A;N/A;N/A;N/A;N/A;N/A;N/A;N/A;N/A;N/A;"2635 mm";"1 L";"50 L";5;N/A;N/A;N/A;N/A;N/A;N/A;N/A;N/A;N/A;N/A;N/A;N/A;N/A;N/A;N/A;N/A;N/A;N/A;N/A;N/A;N/A;N/A;N/A;N/A;N/A;N/A;N/A;N/A;N/A;N/A;N/A;N/A;N/A;Sí;N/A;N/A;N/A;N/A;N/A;N/A;N/A;N/A;N/A;N/A;N/A;"1529 mm";"4350 mm";N/A;N/A;N/A;N/A;5;"66 hp";Zen;N/A;2;"1733 mm";"12.5 km/l";N/A;N/A;N/A;N/A;N/A;N/A;Sí;N/A;N/A;N/A;N/A;N/A;N/A;N/A;N/A;N/A;N/A;4;1.0;Nafta;Manual;Sedán;"Autos y camionetas";N/A;N/A;N/A;N/A;N/A;N/A;UY;N/A;Sí;N/A;N/A;N/A;N/A;N/A;N/A;N/A;N/A;N/A;N/A;N/A;N/A;N/A;N/A;N/A;N/A;N/A;N/A;N/A;N/A;N/A;N/A;N/A;N/A;N/A;N/A;N/A;N/A;N/A;N/A;N/A;N/A;N/A;N/A;N/A;N/A;N/A;N/A;N/A;N/A;N/A;N/A;N/A;N/A;N/A;N/A;N/A;N/A;N/A;N/A;N/A;N/A;N/A;N/A;N/A;N/A;N/A;N/A;N/A;N/A;N/A;N/A;N/A;N/A;N/A;N/A;N/A;N/A;N/A;N/A;N/A;N/A;N/A;N/A;N/A;N/A;N/A;N/A;N/A;N/A;N/A;N/A;N/A;N/A;N/A;N/A;N/A;N/A;N/A;N/A;N/A;N/A;N/A;N/A;N/A;N/A;N/A;N/A;N/A;N/A;N/A;N/A;N/A;N/A;N/A;N/A;N/A;N/A;N/A;N/A;N/A;N/A;N/A
Renault;Logan;"1.6 Expression 85cv";2015;"101053 km";;CARPERUSADOS;11290;;;;;"La Blanqueada";https://auto.mercadolibre.com.uy/MLU-698182476-renault-logan-expression-16-c64895-_JM;N/A;;"Renault Logan Expression 1.6 C/64895";usd;Sí;gold_premium;false;N/A;N/A;http://perfil.mercadolibre.com.uy/CARPERUSADOS;active;N/A;N/A;Usado;Blanco;Sí;Hidráulica;Delantera;N/A;N/A;N/A;N/A;N/A;N/A;N/A;N/A;N/A;N/A;N/A;N/A;N/A;N/A;N/A;N/A;N/A;N/A;N/A;N/A;N/A;N/A;N/A;N/A;N/A;"2635 mm";"1.6 L";"50 L";5;N/A;N/A;N/A;N/A;N/A;N/A;N/A;N/A;N/A;N/A;N/A;N/A;N/A;N/A;N/A;N/A;N/A;N/A;N/A;N/A;N/A;N/A;N/A;N/A;N/A;N/A;N/A;N/A;N/A;N/A;N/A;N/A;N/A;Sí;N/A;N/A;N/A;N/A;N/A;N/A;N/A;N/A;N/A;N/A;N/A;"1529 mm";"4350 mm";N/A;N/A;N/A;N/A;5;"85 hp";Expression;N/A;2;"1733 mm";"12.5 km/l";N/A;N/A;N/A;N/A;N/A;N/A;Sí;N/A;N/A;N/A;N/A;N/A;N/A;N/A;N/A;N/A;N/A;4;1.6;Nafta;Manual;Sedán;"Autos y camionetas";N/A;N/A;N/A;N/A;N/A;N/A;UY;N/A;Sí;N/A;N/A;N/A;N/A;N/A;N/A;N/A;N/A;N/A;N/A;N/A;N/A;N/A;N/A;N/A;N/A;N/A;N/A;N/A;N/A;N/A;N/A;N/A;N/A;N/A;N/A;N/A;N/A;N/A;N/A;N/A;N/A;N/A;N/A;N/A;N/A;N/A;N/A;N/A;N/A;N/A;N/A;N/A;N/A;N/A;N/A;N/A;N/A;N/A;N/A;N/A;N/A;N/A;N/A;N/A;N/A;N/A;N/A;N/A;N/A;N/A;N/A;N/A;N/A;N/A;N/A;N/A;N/A;N/A;N/A;N/A;N/A;N/A;N/A;N/A;N/A;N/A;N/A;N/A;N/A;N/A;N/A;N/A;N/A;N/A;N/A;N/A;N/A;N/A;N/A;N/A;N/A;N/A;N/A;N/A;N/A;N/A;N/A;N/A;N/A;N/A;N/A;N/A;N/A;N/A;N/A;N/A;N/A;N/A;N/A;N/A;N/A;N/A
Renault;"Sandero Stepway";"1.6 Luxe";2011;"87000 km";;ACEG29887;10500;;;;;"Parque Batlle";https://auto.mercadolibre.com.uy/MLU-647535349-renault-sandero-stepway-16-luxe-_JM;N/A;;"Renault Sandero Stepway 1.6 Luxe";usd;Sí;gold_premium;false;N/A;N/A;http://perfil.mercadolibre.com.uy/ACEG29887;active;N/A;N/A;Usado;Plateado;No;Hidráulica;Delantera;Sí;Sí;Sí;N/A;N/A;N/A;N/A;N/A;Sí;N/A;N/A;No;Sí;N/A;N/A;N/A;N/A;N/A;N/A;N/A;N/A;N/A;N/A;N/A;N/A;"2588 mm";"1.6 L";"50 L";5;N/A;N/A;N/A;N/A;N/A;No;N/A;N/A;N/A;N/A;N/A;N/A;N/A;N/A;N/A;N/A;N/A;N/A;N/A;N/A;N/A;N/A;N/A;N/A;N/A;N/A;N/A;N/A;N/A;N/A;N/A;N/A;N/A;Sí;Sí;N/A;N/A;N/A;N/A;N/A;N/A;N/A;N/A;N/A;N/A;"1630 mm";"4091 mm";N/A;N/A;N/A;N/A;5;"105 hp";Luxe;N/A;4;"1751 mm";"10.7 km/l";No;N/A;N/A;Sí;N/A;N/A;Sí;N/A;N/A;N/A;"16.9 km/l";N/A;N/A;N/A;N/A;N/A;N/A;5;1.6;Nafta;Manual;Hatchback;"Autos y camionetas";N/A;N/A;N/A;N/A;N/A;N/A;UY;N/A;N/A;N/A;N/A;N/A;N/A;N/A;N/A;N/A;N/A;N/A;N/A;N/A;N/A;N/A;N/A;N/A;No;N/A;N/A;N/A;N/A;N/A;N/A;N/A;N/A;N/A;N/A;N/A;N/A;N/A;N/A;N/A;N/A;N/A;N/A;N/A;N/A;N/A;N/A;N/A;N/A;N/A;N/A;N/A;N/A;N/A;N/A;N/A;N/A;N/A;N/A;N/A;N/A;N/A;N/A;N/A;N/A;N/A;N/A;N/A;N/A;N/A;N/A;N/A;N/A;N/A;N/A;N/A;N/A;N/A;N/A;N/A;N/A;N/A;N/A;N/A;N/A;N/A;N/A;N/A;N/A;N/A;N/A;N/A;N/A;N/A;N/A;No;N/A;Sí;N/A;N/A;Sí;N/A;N/A;N/A;N/A;Sí;No;N/A;Sí;N/A;N/A;Sí;Sí;N/A;Sí;Sí;Sí;Sí;N/A;Sí;N/A;Sí
Renault;Clio;"Clio mio Plus C/Pack 1.2";2015;"130000 km";;FAGRA10;9500;;;;;Cordón;https://auto.mercadolibre.com.uy/MLU-647139377-renault-clio-mio-12-ano-2015-impecable-_JM;N/A;;"Renault Clio Mío 1.2 Año 2015 - Impecable ";USD;Sí;gold_premium;false;N/A;N/A;http://perfil.mercadolibre.com.uy/FAGRA10;active;N/A;N/A;Usado;Gris;N/A;Hidráulica;N/A;Sí;Sí;N/A;N/A;N/A;N/A;N/A;N/A;N/A;N/A;N/A;N/A;Sí;N/A;N/A;N/A;N/A;N/A;N/A;N/A;N/A;N/A;N/A;N/A;N/A;N/A;N/A;N/A;N/A;N/A;N/A;N/A;N/A;N/A;N/A;N/A;N/A;N/A;N/A;N/A;N/A;N/A;N/A;N/A;N/A;N/A;N/A;N/A;N/A;N/A;N/A;N/A;N/A;N/A;N/A;N/A;N/A;N/A;N/A;N/A;N/A;N/A;N/A;N/A;N/A;N/A;N/A;N/A;N/A;N/A;N/A;N/A;N/A;N/A;N/A;N/A;N/A;N/A;N/A;N/A;N/A;N/A;N/A;N/A;N/A;N/A;N/A;No;N/A;N/A;N/A;N/A;Sí;No;N/A;N/A;N/A;N/A;N/A;N/A;N/A;N/A;N/A;N/A;5;N/A;Nafta;Manual;N/A;"Autos y camionetas";N/A;N/A;N/A;N/A;N/A;N/A;N/A;N/A;N/A;N/A;N/A;N/A;N/A;N/A;N/A;N/A;N/A;N/A;N/A;N/A;N/A;N/A;N/A;N/A;N/A;N/A;N/A;N/A;N/A;N/A;N/A;N/A;N/A;N/A;N/A;N/A;N/A;N/A;N/A;N/A;N/A;N/A;N/A;N/A;N/A;N/A;N/A;N/A;N/A;N/A;N/A;N/A;N/A;N/A;N/A;N/A;N/A;N/A;N/A;N/A;N/A;N/A;N/A;N/A;N/A;N/A;N/A;N/A;N/A;N/A;N/A;N/A;N/A;N/A;N/A;N/A;N/A;N/A;N/A;N/A;N/A;N/A;N/A;N/A;N/A;N/A;N/A;N/A;N/A;N/A;N/A;N/A;N/A;N/A;N/A;N/A;N/A;Sí;N/A;N/A;Sí;N/A;N/A;N/A;N/A;N/A;N/A;N/A;Sí;N/A;N/A;N/A;N/A;N/A;Sí;Sí;Sí;Sí;N/A;Sí;N/A;Sí
Renault;Oroch;"2.0 Full";2016;"180000 km";;JERADEA;13900;;;;;"Piedras Blancas";https://auto.mercadolibre.com.uy/MLU-706165138-renault-oroch-motor-20-full-control-crucero-multimedia-cgps-_JM;N/A;;"Renault Oroch Motor 2.0 Full Control Crucero Multimedia Cgps";USD;Sí;gold_premium;false;N/A;N/A;http://perfil.mercadolibre.com.uy/JERADEA;active;N/A;N/A;Usado;Rojo;No;N/A;N/A;Sí;Sí;N/A;N/A;N/A;No;N/A;N/A;No;N/A;N/A;Sí;Sí;N/A;No;N/A;N/A;N/A;N/A;N/A;N/A;N/A;N/A;N/A;N/A;N/A;N/A;N/A;N/A;N/A;N/A;N/A;N/A;N/A;Sí;N/A;N/A;N/A;N/A;N/A;N/A;N/A;N/A;N/A;N/A;N/A;N/A;N/A;N/A;N/A;N/A;N/A;N/A;N/A;N/A;N/A;N/A;N/A;Sí;N/A;N/A;N/A;N/A;N/A;N/A;N/A;N/A;N/A;N/A;N/A;N/A;N/A;N/A;N/A;N/A;N/A;N/A;N/A;N/A;N/A;N/A;N/A;N/A;N/A;N/A;N/A;N/A;N/A;N/A;No;Sí;N/A;Sí;Sí;N/A;No;N/A;N/A;No;Sí;N/A;N/A;No;N/A;5;2.0;Nafta;Manual;Pick-Up;"Autos y camionetas";N/A;N/A;N/A;N/A;N/A;N/A;N/A;N/A;No;N/A;N/A;N/A;N/A;N/A;N/A;N/A;N/A;N/A;N/A;N/A;N/A;N/A;N/A;N/A;Sí;N/A;N/A;N/A;N/A;N/A;N/A;N/A;N/A;N/A;N/A;N/A;N/A;N/A;N/A;N/A;N/A;N/A;N/A;N/A;N/A;N/A;N/A;N/A;N/A;N/A;N/A;N/A;N/A;N/A;N/A;N/A;N/A;N/A;N/A;N/A;N/A;N/A;N/A;N/A;N/A;N/A;N/A;N/A;N/A;N/A;N/A;N/A;N/A;N/A;N/A;N/A;N/A;N/A;N/A;N/A;N/A;N/A;N/A;N/A;N/A;N/A;N/A;N/A;N/A;N/A;N/A;N/A;N/A;N/A;N/A;No;Sí;Sí;Sí;N/A;Sí;N/A;N/A;N/A;N/A;Sí;No;No;Sí;N/A;N/A;Sí;Sí;Sí;Sí;Sí;Sí;No;N/A;Sí;N/A;Sí
Renault;Logan;"1.0 Life";2021;"75000 km";;VARELAANDRES20230619083007;11900;;;;;Malvin;https://auto.mercadolibre.com.uy/MLU-706148890-renault-logan-10-life-_JM;N/A;;"Renault Logan 1.0 Life";usd;Sí;gold_premium;false;N/A;N/A;http://perfil.mercadolibre.com.uy/VARELAANDRES20230619083007;active;N/A;N/A;Usado;Gris;Sí;Hidráulica;Delantera;N/A;N/A;N/A;N/A;N/A;N/A;N/A;N/A;N/A;N/A;N/A;N/A;N/A;N/A;N/A;N/A;N/A;N/A;N/A;N/A;N/A;N/A;N/A;N/A;N/A;"2635 mm";"1 L";"50 L";5;N/A;N/A;N/A;N/A;N/A;N/A;N/A;N/A;N/A;N/A;N/A;N/A;N/A;N/A;N/A;N/A;N/A;N/A;N/A;N/A;N/A;N/A;N/A;N/A;N/A;N/A;N/A;N/A;N/A;N/A;N/A;N/A;N/A;N/A;N/A;N/A;N/A;N/A;N/A;N/A;N/A;N/A;N/A;N/A;N/A;"1529 mm";"4350 mm";N/A;N/A;N/A;N/A;5;"66 hp";Life;N/A;2;"1733 mm";"12.5 km/l";N/A;N/A;N/A;N/A;N/A;N/A;N/A;N/A;N/A;N/A;N/A;N/A;N/A;N/A;N/A;N/A;"24 hrs";4;1.0;Nafta;Manual;Sedán;"Autos y camionetas";N/A;N/A;N/A;N/A;N/A;N/A;UY;N/A;N/A;N/A;N/A;N/A;N/A;N/A;N/A;N/A;N/A;N/A;N/A;N/A;N/A;N/A;N/A;N/A;N/A;N/A;N/A;N/A;N/A;N/A;N/A;N/A;N/A;N/A;N/A;N/A;N/A;N/A;N/A;N/A;N/A;N/A;N/A;N/A;N/A;N/A;N/A;N/A;N/A;N/A;N/A;N/A;N/A;N/A;N/A;N/A;N/A;N/A;N/A;N/A;N/A;N/A;N/A;N/A;N/A;N/A;N/A;N/A;N/A;N/A;N/A;N/A;N/A;N/A;N/A;N/A;N/A;N/A;N/A;N/A;N/A;N/A;N/A;N/A;N/A;N/A;N/A;N/A;N/A;N/A;N/A;N/A;N/A;N/A;N/A;N/A;N/A;N/A;N/A;N/A;N/A;N/A;N/A;N/A;N/A;N/A;N/A;N/A;N/A;N/A;N/A;N/A;N/A;N/A;N/A;N/A;N/A;N/A;N/A;N/A;N/A;N/A
Renault;Clio;R/t;2001;"250000 km";;OO20241009121812;6900;;;;;Maroñas;https://auto.mercadolibre.com.uy/MLU-705254488-renault-clio-_JM;N/A;;"Renault Clio";USD;No;gold_premium;false;N/A;N/A;http://perfil.mercadolibre.com.uy/OO20241009121812;active;N/A;N/A;Usado;Gris;No;Hidráulica;Delantera;N/A;N/A;N/A;N/A;N/A;N/A;N/A;N/A;N/A;N/A;N/A;N/A;N/A;N/A;N/A;N/A;N/A;N/A;N/A;N/A;N/A;N/A;N/A;N/A;N/A;N/A;N/A;N/A;N/A;N/A;N/A;N/A;N/A;N/A;N/A;N/A;N/A;N/A;N/A;N/A;N/A;N/A;N/A;N/A;N/A;N/A;N/A;N/A;N/A;N/A;N/A;N/A;N/A;N/A;N/A;N/A;N/A;N/A;N/A;N/A;N/A;N/A;N/A;N/A;N/A;N/A;N/A;N/A;N/A;N/A;N/A;N/A;N/A;N/A;N/A;N/A;N/A;N/A;N/A;N/A;N/A;N/A;N/A;N/A;N/A;N/A;N/A;N/A;N/A;N/A;N/A;N/A;N/A;N/A;N/A;N/A;N/A;N/A;N/A;N/A;N/A;N/A;N/A;"24 horas";5;1.6;Nafta;Manual;Hatchback;"Autos y camionetas";N/A;N/A;N/A;N/A;N/A;N/A;N/A;N/A;N/A;N/A;N/A;N/A;N/A;N/A;N/A;N/A;N/A;N/A;N/A;N/A;N/A;N/A;N/A;N/A;N/A;N/A;N/A;N/A;N/A;N/A;N/A;N/A;N/A;N/A;N/A;N/A;N/A;N/A;N/A;N/A;N/A;N/A;N/A;N/A;N/A;N/A;N/A;N/A;N/A;N/A;N/A;N/A;N/A;N/A;N/A;N/A;N/A;N/A;N/A;N/A;N/A;N/A;N/A;N/A;N/A;N/A;N/A;N/A;N/A;N/A;N/A;N/A;N/A;N/A;N/A;N/A;N/A;N/A;N/A;N/A;N/A;N/A;N/A;N/A;N/A;N/A;N/A;N/A;N/A;N/A;N/A;N/A;N/A;N/A;N/A;N/A;N/A;N/A;N/A;N/A;N/A;N/A;N/A;N/A;N/A;N/A;N/A;N/A;N/A;N/A;N/A;N/A;N/A;N/A;N/A;N/A;N/A;N/A;N/A;N/A;N/A;N/A
Renault;Kangoo;"1.6 2 Furgon Confort Aa Da Svt 1plc";2014;"128000 km";;LICROMANOTERO;9200;;;;;montevideo;https://auto.mercadolibre.com.uy/MLU-703409158-renault-kangoo-16-2-furgon-confort-aa-da-svt-1plc-_JM;N/A;;"Renault Kangoo 1.6 2 Furgon Confort Aa Da Svt 1plc";usd;Sí;gold_premium;false;N/A;N/A;http://perfil.mercadolibre.com.uy/LICROMANOTERO;active;N/A;N/A;Usado;Gris;No;Hidráulica;Delantera;Sí;N/A;N/A;N/A;N/A;N/A;N/A;N/A;N/A;N/A;N/A;N/A;N/A;N/A;N/A;N/A;N/A;N/A;N/A;N/A;N/A;N/A;N/A;N/A;N/A;"2600 mm";"1.6 L";"52 L";5;N/A;N/A;N/A;N/A;N/A;N/A;N/A;N/A;N/A;N/A;N/A;N/A;N/A;N/A;N/A;N/A;N/A;N/A;N/A;N/A;N/A;N/A;N/A;N/A;N/A;N/A;N/A;N/A;N/A;N/A;N/A;N/A;N/A;No;N/A;N/A;N/A;N/A;N/A;N/A;N/A;N/A;N/A;N/A;N/A;"1860 mm";"4010 mm";N/A;N/A;N/A;N/A;2;"95 hp";Confort;N/A;4;"1672 mm";"11.09 km/l";N/A;N/A;N/A;N/A;N/A;Sí;No;N/A;N/A;N/A;N/A;N/A;N/A;N/A;N/A;N/A;"Todo el dìa";3;1.6;Nafta;Manual;Furgón;"Autos y camionetas";N/A;N/A;N/A;N/A;N/A;N/A;UY;N/A;N/A;N/A;N/A;N/A;N/A;N/A;N/A;N/A;N/A;N/A;N/A;N/A;N/A;N/A;N/A;N/A;N/A;N/A;N/A;N/A;N/A;N/A;N/A;N/A;N/A;N/A;N/A;N/A;N/A;N/A;N/A;N/A;N/A;N/A;N/A;N/A;N/A;N/A;N/A;N/A;N/A;N/A;N/A;N/A;N/A;N/A;N/A;N/A;N/A;N/A;N/A;N/A;N/A;N/A;N/A;N/A;N/A;N/A;N/A;N/A;N/A;N/A;N/A;N/A;N/A;N/A;N/A;N/A;N/A;N/A;N/A;N/A;N/A;N/A;N/A;N/A;N/A;N/A;N/A;N/A;N/A;N/A;N/A;N/A;N/A;N/A;N/A;N/A;N/A;N/A;N/A;N/A;N/A;N/A;N/A;N/A;N/A;N/A;N/A;N/A;N/A;N/A;N/A;N/A;N/A;N/A;N/A;N/A;N/A;N/A;N/A;N/A;N/A;N/A
Renault;Koleos;"2.5 Sce Zen 4X2 Cvt";2019;"119000 km";;ELDAVID011;24000;;;;;"Colonia del Sacramento";https://auto.mercadolibre.com.uy/MLU-704746666-renault-koleos-2019-25-sce-zen-4x2-cvt-_JM;N/A;;"Renault Koleos 2019 2.5 Sce Zen 4x2 Cvt";usd;Sí;gold_premium;false;N/A;N/A;http://perfil.mercadolibre.com.uy/ELDAVID011;active;N/A;N/A;Usado;N/A;N/A;N/A;4x2;N/A;N/A;N/A;N/A;N/A;N/A;N/A;N/A;N/A;N/A;N/A;N/A;N/A;N/A;N/A;N/A;N/A;N/A;N/A;N/A;N/A;N/A;N/A;N/A;N/A;"2705 mm";"2.5 L";"60 L";N/A;N/A;N/A;N/A;N/A;N/A;N/A;N/A;N/A;N/A;N/A;N/A;N/A;N/A;N/A;N/A;N/A;N/A;N/A;N/A;N/A;N/A;N/A;N/A;N/A;N/A;N/A;N/A;N/A;N/A;N/A;N/A;N/A;N/A;N/A;N/A;N/A;N/A;N/A;N/A;N/A;N/A;N/A;N/A;N/A;N/A;"1678 mm";"4672 mm";N/A;N/A;N/A;N/A;5;"170 hp";Zen;N/A;4;"1843 mm";N/A;N/A;N/A;N/A;N/A;N/A;N/A;N/A;N/A;N/A;N/A;N/A;N/A;N/A;N/A;N/A;N/A;N/A;5;2.5;Nafta;Automática;SUV;"Autos y camionetas";N/A;N/A;N/A;N/A;N/A;N/A;UY;N/A;N/A;N/A;N/A;N/A;N/A;N/A;N/A;N/A;N/A;N/A;N/A;N/A;N/A;N/A;N/A;N/A;N/A;N/A;N/A;N/A;N/A;N/A;N/A;N/A;N/A;N/A;N/A;N/A;N/A;N/A;N/A;N/A;N/A;N/A;N/A;N/A;N/A;N/A;N/A;N/A;N/A;N/A;N/A;N/A;N/A;N/A;N/A;N/A;N/A;N/A;N/A;N/A;N/A;N/A;N/A;N/A;N/A;N/A;N/A;N/A;N/A;N/A;N/A;N/A;N/A;N/A;N/A;N/A;N/A;N/A;N/A;N/A;N/A;N/A;N/A;N/A;N/A;N/A;N/A;N/A;N/A;N/A;N/A;N/A;N/A;N/A;N/A;N/A;N/A;N/A;N/A;N/A;N/A;N/A;N/A;N/A;N/A;N/A;N/A;N/A;N/A;N/A;N/A;N/A;N/A;N/A;N/A;N/A;N/A;N/A;N/A;N/A;N/A;N/A
Renault;"Duster Oroch";"Expression Black edi";2018;"77000 km";;FERCHI_NANDO;17000;;;;;Maldonado;https://auto.mercadolibre.com.uy/MLU-703041238-renault-duster-oroch-expression-black-edi-_JM;N/A;;"Renault Duster Oroch Expression Black Edi";USD;Sí;gold_premium;false;N/A;N/A;http://perfil.mercadolibre.com.uy/FERCHI_NANDO;active;N/A;N/A;Usado;Blanco;Sí;Asistida;4x2;Sí;Sí;N/A;N/A;N/A;N/A;N/A;N/A;N/A;N/A;N/A;N/A;Sí;N/A;N/A;N/A;N/A;N/A;N/A;N/A;N/A;N/A;N/A;N/A;N/A;N/A;N/A;N/A;N/A;N/A;N/A;N/A;N/A;N/A;N/A;N/A;N/A;N/A;N/A;N/A;N/A;N/A;N/A;N/A;N/A;N/A;N/A;N/A;N/A;N/A;N/A;N/A;N/A;N/A;N/A;N/A;N/A;N/A;N/A;N/A;N/A;N/A;N/A;N/A;N/A;N/A;N/A;N/A;N/A;N/A;N/A;N/A;N/A;N/A;N/A;N/A;N/A;N/A;N/A;N/A;N/A;N/A;N/A;N/A;N/A;N/A;N/A;No;N/A;N/A;Sí;N/A;Sí;N/A;N/A;N/A;N/A;N/A;Sí;Sí;N/A;N/A;Sí;"Lunes a lunes de 08:00 a 00:00";4;"1.6 de 16v";Nafta;Manual;Pick-Up;"Autos y camionetas";Sí;N/A;N/A;N/A;N/A;N/A;N/A;N/A;Sí;N/A;N/A;N/A;N/A;N/A;N/A;N/A;N/A;N/A;N/A;N/A;N/A;N/A;N/A;N/A;Sí;N/A;N/A;N/A;N/A;N/A;N/A;N/A;N/A;N/A;N/A;N/A;N/A;N/A;N/A;N/A;N/A;N/A;N/A;N/A;N/A;N/A;N/A;N/A;N/A;N/A;N/A;N/A;N/A;N/A;N/A;N/A;N/A;N/A;N/A;N/A;N/A;N/A;N/A;N/A;N/A;N/A;N/A;N/A;N/A;N/A;N/A;N/A;N/A;N/A;N/A;N/A;N/A;N/A;N/A;N/A;N/A;N/A;N/A;N/A;N/A;N/A;N/A;N/A;N/A;N/A;N/A;N/A;N/A;N/A;N/A;N/A;Sí;Sí;Sí;N/A;Sí;N/A;N/A;N/A;N/A;Sí;N/A;N/A;Sí;N/A;N/A;Sí;Sí;Sí;Sí;Sí;Sí;N/A;Sí;Sí;N/A;Sí
Renault;Kangoo;"1.6 2 Furgon Confort Cd Svt 1plc";2014;"257315 km";;RONTILSA;8300;;;;;"La Blanqueada";https://auto.mercadolibre.com.uy/MLU-706064660-renault-kangoo-_JM;N/A;;"Renault Kangoo";usd;Sí;gold_premium;false;N/A;N/A;http://perfil.mercadolibre.com.uy/RONTILSA;active;N/A;N/A;Usado;Blanco;N/A;Hidráulica;Delantera;N/A;N/A;N/A;N/A;N/A;N/A;N/A;N/A;N/A;N/A;N/A;N/A;N/A;N/A;N/A;N/A;N/A;N/A;N/A;N/A;N/A;N/A;N/A;N/A;N/A;"2600 mm";"1.6 L";"52 L";5;N/A;N/A;N/A;N/A;N/A;N/A;N/A;N/A;N/A;N/A;N/A;N/A;N/A;N/A;N/A;N/A;N/A;N/A;N/A;N/A;N/A;N/A;N/A;N/A;N/A;N/A;N/A;N/A;N/A;N/A;N/A;N/A;N/A;No;N/A;N/A;N/A;N/A;N/A;N/A;N/A;N/A;N/A;N/A;N/A;"1860 mm";"4010 mm";N/A;N/A;N/A;N/A;2;"95 hp";Confort;N/A;4;"1672 mm";"11.09 km/l";N/A;N/A;N/A;N/A;N/A;N/A;N/A;N/A;N/A;N/A;N/A;N/A;N/A;N/A;N/A;N/A;"9 a 18 hrs";3;1.6;Nafta;Manual;N/A;"Autos y camionetas";N/A;N/A;N/A;N/A;N/A;N/A;UY;N/A;N/A;N/A;N/A;N/A;N/A;N/A;N/A;N/A;N/A;N/A;N/A;N/A;N/A;N/A;N/A;N/A;N/A;N/A;N/A;N/A;N/A;N/A;N/A;N/A;N/A;N/A;N/A;N/A;N/A;N/A;N/A;N/A;N/A;N/A;N/A;N/A;N/A;N/A;N/A;N/A;N/A;N/A;N/A;N/A;N/A;N/A;N/A;N/A;N/A;N/A;N/A;N/A;N/A;N/A;N/A;N/A;N/A;N/A;N/A;N/A;N/A;N/A;N/A;N/A;N/A;N/A;N/A;N/A;N/A;N/A;N/A;N/A;N/A;N/A;N/A;N/A;N/A;N/A;N/A;N/A;N/A;N/A;N/A;N/A;N/A;N/A;N/A;N/A;N/A;N/A;N/A;N/A;N/A;N/A;N/A;N/A;N/A;N/A;N/A;N/A;N/A;N/A;N/A;N/A;N/A;N/A;N/A;N/A;N/A;N/A;N/A;N/A;N/A;N/A
Renault;"Sandero Stepway";"1.6 Zen";2021;"58000 km";;OO20241009121812;16900;;;;;Maroñas;https://auto.mercadolibre.com.uy/MLU-696669050-renault-sandero-_JM;N/A;;"Renault Sandero";usd;Sí;gold_premium;false;N/A;N/A;http://perfil.mercadolibre.com.uy/OO20241009121812;active;N/A;N/A;Usado;Gris;N/A;Hidráulica;Delantera;N/A;N/A;Sí;N/A;N/A;N/A;N/A;N/A;N/A;N/A;N/A;N/A;N/A;N/A;N/A;N/A;N/A;N/A;N/A;N/A;N/A;N/A;N/A;N/A;N/A;"2590 mm";"1.6 L";"50 L";5;N/A;N/A;N/A;N/A;N/A;N/A;N/A;N/A;N/A;N/A;N/A;N/A;N/A;N/A;N/A;N/A;N/A;N/A;N/A;N/A;N/A;N/A;N/A;N/A;N/A;N/A;N/A;N/A;N/A;N/A;N/A;N/A;N/A;N/A;N/A;N/A;N/A;N/A;N/A;N/A;N/A;N/A;N/A;N/A;N/A;"1559 mm";"4066 mm";N/A;N/A;N/A;N/A;5;"105 hp";Zen;N/A;4;"1761 mm";"9.3 km/l";Sí;N/A;N/A;N/A;N/A;N/A;Sí;N/A;N/A;N/A;"5.9 km/l";N/A;N/A;N/A;N/A;N/A;"24 hrs";5;1.6;Nafta;Manual;Hatchback;"Autos y camionetas";N/A;N/A;N/A;N/A;N/A;N/A;UY;N/A;N/A;N/A;N/A;N/A;N/A;N/A;N/A;N/A;N/A;N/A;N/A;N/A;N/A;N/A;N/A;N/A;N/A;N/A;N/A;N/A;N/A;N/A;N/A;N/A;N/A;N/A;N/A;N/A;N/A;N/A;N/A;N/A;N/A;N/A;N/A;N/A;N/A;N/A;N/A;N/A;N/A;N/A;N/A;N/A;N/A;N/A;N/A;N/A;N/A;N/A;N/A;N/A;N/A;N/A;N/A;N/A;N/A;N/A;N/A;N/A;N/A;N/A;N/A;N/A;N/A;N/A;N/A;N/A;N/A;N/A;N/A;N/A;N/A;N/A;N/A;N/A;N/A;N/A;N/A;N/A;N/A;N/A;N/A;N/A;N/A;N/A;N/A;N/A;N/A;N/A;N/A;N/A;N/A;N/A;N/A;N/A;N/A;N/A;N/A;N/A;N/A;N/A;N/A;N/A;N/A;N/A;N/A;N/A;N/A;N/A;N/A;N/A;N/A;N/A
Renault;Kwid;"1.0 Sce 66cv Intense";2018;"69000 km";;PLJO9311334;11200;;;;;"Punta Gorda";https://auto.mercadolibre.com.uy/MLU-704771812-renault-kwid-_JM;N/A;;"Renault Kwid";usd;Sí;gold_premium;false;N/A;N/A;http://perfil.mercadolibre.com.uy/PLJO9311334;active;N/A;N/A;Usado;Gris;N/A;Hidráulica;Delantera;N/A;N/A;Sí;N/A;N/A;N/A;N/A;N/A;N/A;N/A;N/A;N/A;N/A;N/A;N/A;N/A;N/A;N/A;N/A;N/A;N/A;N/A;N/A;N/A;N/A;"2423 mm";"1 L";"50 L";5;N/A;N/A;N/A;N/A;N/A;N/A;N/A;N/A;N/A;N/A;N/A;N/A;N/A;N/A;N/A;N/A;N/A;N/A;N/A;N/A;N/A;N/A;N/A;N/A;N/A;N/A;N/A;N/A;N/A;N/A;N/A;N/A;N/A;N/A;N/A;N/A;N/A;N/A;N/A;N/A;N/A;N/A;N/A;N/A;N/A;"1474 mm";"3680 mm";N/A;N/A;N/A;N/A;5;"66 hp";Intense;N/A;4;"1752 mm";N/A;N/A;N/A;N/A;N/A;N/A;N/A;N/A;N/A;N/A;N/A;N/A;N/A;N/A;N/A;N/A;N/A;N/A;5;1.0;Nafta;Manual;Hatchback;"Autos y camionetas";N/A;N/A;N/A;N/A;N/A;N/A;UY;N/A;N/A;N/A;N/A;N/A;N/A;N/A;N/A;N/A;N/A;N/A;N/A;N/A;N/A;N/A;N/A;N/A;N/A;N/A;N/A;N/A;N/A;N/A;N/A;N/A;N/A;N/A;N/A;N/A;N/A;N/A;N/A;N/A;N/A;N/A;N/A;N/A;N/A;N/A;N/A;N/A;N/A;N/A;N/A;N/A;N/A;N/A;N/A;N/A;N/A;N/A;N/A;N/A;N/A;N/A;N/A;N/A;N/A;N/A;N/A;N/A;N/A;N/A;N/A;N/A;N/A;N/A;N/A;N/A;N/A;N/A;N/A;N/A;N/A;N/A;N/A;N/A;N/A;N/A;N/A;N/A;N/A;N/A;N/A;N/A;N/A;N/A;N/A;N/A;N/A;N/A;N/A;N/A;N/A;N/A;N/A;N/A;N/A;N/A;N/A;N/A;N/A;N/A;N/A;N/A;N/A;N/A;N/A;N/A;N/A;N/A;N/A;N/A;N/A;N/A
Renault;Duster;"2.0 Ph2 4x2 Privilege 143cv";2017;"53000 km";;JACKIEBIAN;18990;;;;;"Punta Carretas";https://auto.mercadolibre.com.uy/MLU-705945294-renault-duster-20-ph2-4x2-privilege-143cv-_JM;N/A;;"Renault Duster 2.0 Ph2 4x2 Privilege 143cv";usd;Sí;gold_premium;false;N/A;N/A;http://perfil.mercadolibre.com.uy/JACKIEBIAN;active;N/A;N/A;Usado;Blanco;Sí;Hidráulica;4x2;Sí;Sí;Sí;N/A;N/A;No;N/A;N/A;No;N/A;N/A;Sí;Sí;N/A;Sí;N/A;N/A;N/A;N/A;N/A;N/A;N/A;N/A;N/A;N/A;"2674 mm";"2 L";"50 L";6;N/A;N/A;N/A;N/A;N/A;Sí;N/A;N/A;N/A;N/A;N/A;N/A;N/A;N/A;N/A;N/A;N/A;N/A;N/A;N/A;N/A;N/A;N/A;N/A;N/A;N/A;N/A;N/A;N/A;No;N/A;N/A;N/A;N/A;N/A;N/A;N/A;N/A;N/A;N/A;N/A;N/A;N/A;N/A;N/A;"1683 mm";"4329 mm";N/A;N/A;N/A;N/A;5;"143 hp";Privilege;N/A;4;"1822 mm";"10.8 km/l";Sí;N/A;N/A;Sí;N/A;Sí;Sí;N/A;No;N/A;N/A;N/A;No;N/A;N/A;Sí;N/A;5;2.0;Nafta;Manual;SUV;"Autos y camionetas";N/A;N/A;N/A;N/A;N/A;N/A;UY;N/A;N/A;N/A;N/A;N/A;N/A;N/A;N/A;N/A;N/A;N/A;N/A;N/A;N/A;N/A;N/A;N/A;Sí;N/A;N/A;N/A;N/A;N/A;N/A;N/A;N/A;N/A;N/A;N/A;N/A;N/A;N/A;N/A;N/A;N/A;N/A;N/A;N/A;N/A;N/A;N/A;N/A;N/A;N/A;N/A;N/A;N/A;N/A;N/A;N/A;N/A;N/A;N/A;N/A;N/A;N/A;N/A;N/A;N/A;N/A;N/A;N/A;N/A;N/A;N/A;N/A;N/A;N/A;N/A;N/A;N/A;N/A;N/A;N/A;N/A;N/A;N/A;N/A;N/A;N/A;N/A;N/A;N/A;N/A;N/A;N/A;N/A;N/A;No;Sí;Sí;No;N/A;Sí;N/A;N/A;N/A;N/A;Sí;No;No;Sí;N/A;N/A;Sí;Sí;Sí;Sí;Sí;Sí;N/A;N/A;Sí;N/A;Sí
Renault;Kwid;"1.0 Sce 66cv Life";2018;"113585 km";;HEFA5813185;11000;;;;;"San José de Mayo";https://auto.mercadolibre.com.uy/MLU-705190056-renault-kwid-10-sce-66cv-life-_JM;N/A;;"Renault Kwid 1.0 Sce 66cv Life";usd;Sí;gold_premium;false;N/A;N/A;http://perfil.mercadolibre.com.uy/HEFA5813185;active;N/A;N/A;Usado;Amarillo;N/A;Hidráulica;Delantera;N/A;N/A;Sí;N/A;N/A;N/A;N/A;N/A;N/A;N/A;N/A;N/A;N/A;N/A;N/A;N/A;N/A;N/A;N/A;N/A;N/A;N/A;N/A;N/A;N/A;"2423 mm";"1 L";"50 L";5;N/A;N/A;N/A;N/A;N/A;N/A;N/A;N/A;N/A;N/A;N/A;N/A;N/A;N/A;N/A;N/A;N/A;N/A;N/A;N/A;N/A;N/A;N/A;N/A;N/A;N/A;N/A;N/A;N/A;N/A;N/A;N/A;N/A;N/A;N/A;N/A;N/A;N/A;N/A;N/A;N/A;N/A;N/A;N/A;N/A;"1474 mm";"3680 mm";N/A;N/A;N/A;N/A;5;"66 hp";Life;N/A;4;"1752 mm";N/A;N/A;N/A;N/A;N/A;N/A;N/A;N/A;N/A;N/A;N/A;N/A;N/A;N/A;N/A;N/A;N/A;"8 a 23";5;1.0;Nafta;Manual;Hatchback;"Autos y camionetas";N/A;N/A;N/A;N/A;N/A;N/A;UY;N/A;N/A;N/A;N/A;N/A;N/A;N/A;N/A;N/A;N/A;N/A;N/A;N/A;N/A;N/A;N/A;N/A;N/A;N/A;N/A;N/A;N/A;N/A;N/A;N/A;N/A;N/A;N/A;N/A;N/A;N/A;N/A;N/A;N/A;N/A;N/A;N/A;N/A;N/A;N/A;N/A;N/A;N/A;N/A;N/A;N/A;N/A;N/A;N/A;N/A;N/A;N/A;N/A;N/A;N/A;N/A;N/A;N/A;N/A;N/A;N/A;N/A;N/A;N/A;N/A;N/A;N/A;N/A;N/A;N/A;N/A;N/A;N/A;N/A;N/A;N/A;N/A;N/A;N/A;N/A;N/A;N/A;N/A;N/A;N/A;N/A;N/A;N/A;N/A;N/A;N/A;N/A;N/A;N/A;N/A;N/A;N/A;N/A;N/A;N/A;N/A;N/A;N/A;N/A;N/A;N/A;N/A;N/A;N/A;N/A;N/A;N/A;N/A;N/A;N/A
Renault;Megane;Authentic;2006;"230000 km";;LOR_ZABALA;6000;;;;;Maldonado;https://auto.mercadolibre.com.uy/MLU-704748900-renault-megane-authentic-_JM;N/A;;"Renault Megane Authentic";USD;No;gold_premium;false;N/A;N/A;http://perfil.mercadolibre.com.uy/LOR_ZABALA;active;N/A;N/A;Usado;Gris;N/A;Hidráulica;N/A;N/A;N/A;N/A;N/A;N/A;N/A;N/A;N/A;N/A;N/A;N/A;N/A;N/A;N/A;N/A;N/A;N/A;N/A;N/A;N/A;N/A;N/A;N/A;N/A;N/A;N/A;N/A;N/A;N/A;N/A;N/A;N/A;N/A;N/A;N/A;N/A;N/A;N/A;N/A;N/A;N/A;N/A;N/A;N/A;N/A;N/A;N/A;N/A;N/A;N/A;N/A;N/A;N/A;N/A;N/A;N/A;N/A;N/A;N/A;N/A;N/A;N/A;N/A;N/A;N/A;N/A;N/A;N/A;N/A;N/A;N/A;N/A;N/A;N/A;N/A;N/A;N/A;N/A;N/A;N/A;N/A;N/A;N/A;N/A;N/A;N/A;N/A;N/A;N/A;N/A;N/A;N/A;N/A;N/A;N/A;N/A;N/A;N/A;N/A;N/A;N/A;N/A;N/A;"Lunes a Sabados de 9 a 21";5;1.6;Nafta;N/A;Sedán;"Autos y camionetas";N/A;N/A;N/A;N/A;N/A;N/A;N/A;N/A;N/A;N/A;N/A;N/A;N/A;N/A;N/A;N/A;N/A;N/A;N/A;N/A;N/A;N/A;N/A;N/A;N/A;N/A;N/A;N/A;N/A;N/A;N/A;N/A;N/A;N/A;N/A;N/A;N/A;N/A;N/A;N/A;N/A;N/A;N/A;N/A;N/A;N/A;N/A;N/A;N/A;N/A;N/A;N/A;N/A;N/A;N/A;N/A;N/A;N/A;N/A;N/A;N/A;N/A;N/A;N/A;N/A;N/A;N/A;N/A;N/A;N/A;N/A;N/A;N/A;N/A;N/A;N/A;N/A;N/A;N/A;N/A;N/A;N/A;N/A;N/A;N/A;N/A;N/A;N/A;N/A;N/A;N/A;N/A;N/A;N/A;N/A;N/A;N/A;N/A;N/A;N/A;N/A;N/A;N/A;N/A;N/A;N/A;N/A;N/A;N/A;N/A;N/A;N/A;N/A;N/A;N/A;N/A;N/A;N/A;N/A;N/A;N/A;N/A
Renault;Oroch;"OROCH Dynamique 2.0 16V";2016;"88000 km";;ALJO2689970;16800;;;;;Maldonado;https://auto.mercadolibre.com.uy/MLU-704429062-renault-oroch-20-full-16v-_JM;N/A;;"Renault Oroch 2.0 Full 16v";USD;Sí;gold_premium;false;N/A;N/A;http://perfil.mercadolibre.com.uy/ALJO2689970;active;N/A;N/A;Usado;Gris;Sí;N/A;N/A;N/A;N/A;N/A;N/A;N/A;N/A;N/A;N/A;N/A;N/A;N/A;N/A;N/A;N/A;N/A;N/A;N/A;N/A;N/A;N/A;N/A;N/A;N/A;N/A;N/A;N/A;N/A;N/A;N/A;N/A;N/A;N/A;N/A;N/A;N/A;N/A;N/A;N/A;N/A;N/A;N/A;N/A;N/A;N/A;N/A;N/A;N/A;N/A;N/A;N/A;N/A;N/A;N/A;N/A;N/A;N/A;N/A;N/A;N/A;N/A;N/A;N/A;N/A;N/A;N/A;N/A;N/A;N/A;N/A;N/A;N/A;N/A;N/A;N/A;N/A;N/A;N/A;N/A;N/A;N/A;N/A;N/A;N/A;N/A;N/A;N/A;N/A;Sí;N/A;N/A;N/A;N/A;N/A;N/A;N/A;N/A;N/A;N/A;N/A;N/A;N/A;N/A;N/A;"Domingo a Domingo de 9:00 a 23:00 Hrs";4;N/A;Nafta;N/A;N/A;"Autos y camionetas";N/A;N/A;N/A;N/A;N/A;N/A;N/A;N/A;N/A;N/A;N/A;N/A;N/A;N/A;N/A;N/A;N/A;N/A;N/A;N/A;N/A;N/A;N/A;N/A;N/A;N/A;N/A;N/A;N/A;N/A;N/A;N/A;N/A;N/A;N/A;N/A;N/A;N/A;N/A;N/A;N/A;N/A;N/A;N/A;N/A;N/A;N/A;N/A;N/A;N/A;N/A;N/A;N/A;N/A;N/A;N/A;N/A;N/A;N/A;N/A;N/A;N/A;N/A;N/A;N/A;N/A;N/A;N/A;N/A;N/A;N/A;N/A;N/A;N/A;N/A;N/A;N/A;N/A;N/A;N/A;N/A;N/A;N/A;N/A;N/A;N/A;N/A;N/A;N/A;N/A;N/A;N/A;N/A;N/A;N/A;N/A;N/A;N/A;N/A;N/A;N/A;N/A;N/A;N/A;N/A;N/A;N/A;N/A;N/A;N/A;N/A;N/A;N/A;N/A;N/A;N/A;N/A;N/A;N/A;N/A;N/A;N/A
Renault;Kangoo;"1.6 2 Furgon Confort 5as Lc Cd";2010;"270000 km";;MOJU4589481;6500;;;;;"Nuevo París";https://auto.mercadolibre.com.uy/MLU-703963546-renault-kangoo-16-2-furgon-confort-5as-lc-cd-_JM;N/A;;"Renault Kangoo 1.6 2 Furgon Confort 5as Lc Cd";usd;Sí;gold_premium;false;N/A;N/A;http://perfil.mercadolibre.com.uy/MOJU4589481;active;N/A;N/A;Usado;Gris;N/A;Hidráulica;Delantera;N/A;N/A;N/A;N/A;N/A;N/A;N/A;N/A;N/A;N/A;N/A;N/A;N/A;N/A;N/A;N/A;N/A;N/A;N/A;N/A;N/A;N/A;N/A;N/A;N/A;"2600 mm";"1.6 L";"52 L";5;N/A;N/A;N/A;N/A;N/A;N/A;N/A;N/A;N/A;N/A;N/A;N/A;N/A;N/A;N/A;N/A;N/A;N/A;N/A;N/A;N/A;N/A;N/A;N/A;N/A;N/A;N/A;N/A;N/A;N/A;N/A;N/A;N/A;No;N/A;N/A;N/A;N/A;N/A;N/A;N/A;N/A;N/A;N/A;N/A;"1860 mm";"4010 mm";N/A;N/A;N/A;N/A;2;"95 hp";Confort;N/A;4;"1672 mm";"11.09 km/l";N/A;N/A;N/A;N/A;N/A;N/A;N/A;N/A;N/A;N/A;N/A;N/A;N/A;N/A;N/A;N/A;N/A;3;1.6;Nafta;Manual;Furgón;"Autos y camionetas";N/A;N/A;N/A;N/A;N/A;N/A;UY;N/A;N/A;N/A;N/A;N/A;N/A;N/A;N/A;N/A;N/A;N/A;N/A;N/A;N/A;N/A;N/A;N/A;N/A;N/A;N/A;N/A;N/A;N/A;N/A;N/A;N/A;N/A;N/A;N/A;N/A;N/A;N/A;N/A;N/A;N/A;N/A;N/A;N/A;N/A;N/A;N/A;N/A;N/A;N/A;N/A;N/A;N/A;N/A;N/A;N/A;N/A;N/A;N/A;N/A;N/A;N/A;N/A;N/A;N/A;N/A;N/A;N/A;N/A;N/A;N/A;N/A;N/A;N/A;N/A;N/A;N/A;N/A;N/A;N/A;N/A;N/A;N/A;N/A;N/A;N/A;N/A;N/A;N/A;N/A;N/A;N/A;N/A;N/A;N/A;N/A;N/A;N/A;N/A;N/A;N/A;N/A;N/A;N/A;N/A;N/A;N/A;N/A;N/A;N/A;N/A;N/A;N/A;N/A;N/A;N/A;N/A;N/A;N/A;N/A;N/A
Renault;Clio;"S 1.8";1993;"270000 km";;ROMEROFERNANDEZTANIA;3000;;;;;Cordón;https://auto.mercadolibre.com.uy/MLU-703959324-renault-clio-93-_JM;N/A;;"Renault Clio 93";USD;No;gold_premium;false;N/A;N/A;http://perfil.mercadolibre.com.uy/ROMEROFERNANDEZTANIA;active;N/A;N/A;Usado;Blanco;No;Mecánica;N/A;N/A;N/A;N/A;N/A;N/A;N/A;N/A;N/A;N/A;N/A;N/A;N/A;N/A;N/A;N/A;N/A;N/A;N/A;N/A;N/A;N/A;N/A;N/A;N/A;N/A;N/A;N/A;N/A;N/A;N/A;N/A;N/A;N/A;N/A;N/A;N/A;N/A;N/A;N/A;N/A;N/A;N/A;N/A;N/A;N/A;N/A;N/A;N/A;N/A;N/A;N/A;N/A;N/A;N/A;N/A;N/A;N/A;N/A;N/A;N/A;N/A;N/A;N/A;N/A;N/A;N/A;N/A;N/A;N/A;N/A;N/A;N/A;N/A;N/A;N/A;N/A;N/A;N/A;N/A;N/A;N/A;N/A;N/A;N/A;N/A;N/A;N/A;N/A;N/A;N/A;N/A;N/A;N/A;N/A;N/A;N/A;N/A;N/A;N/A;N/A;N/A;N/A;N/A;N/A;2;1.8;Nafta;Manual;N/A;"Autos y camionetas";N/A;N/A;N/A;N/A;N/A;N/A;N/A;N/A;N/A;N/A;N/A;N/A;N/A;N/A;N/A;N/A;N/A;N/A;N/A;N/A;N/A;N/A;N/A;N/A;N/A;N/A;N/A;N/A;N/A;N/A;N/A;N/A;N/A;N/A;N/A;N/A;N/A;N/A;N/A;N/A;N/A;N/A;N/A;N/A;N/A;N/A;N/A;N/A;N/A;N/A;N/A;N/A;N/A;N/A;N/A;N/A;N/A;N/A;N/A;N/A;N/A;N/A;N/A;N/A;N/A;N/A;N/A;N/A;N/A;N/A;N/A;N/A;N/A;N/A;N/A;N/A;N/A;N/A;N/A;N/A;N/A;N/A;N/A;N/A;N/A;N/A;N/A;N/A;N/A;N/A;N/A;N/A;N/A;N/A;N/A;N/A;N/A;N/A;N/A;N/A;N/A;N/A;N/A;N/A;N/A;N/A;N/A;N/A;N/A;N/A;N/A;N/A;N/A;N/A;N/A;N/A;N/A;N/A;N/A;N/A;N/A;N/A
Renault;Megane;"1.9 Tdi Tric Pack";2003;"480000 km";;GAMA78886;6000;;;;;"La Blanqueada";https://auto.mercadolibre.com.uy/MLU-706202912-renault-megane-19-diesel-muy-buen-estado-tren-delantero-_JM;N/A;;"Renault Megane 1.9 Diesel , Muy Buen Estado, Tren Delantero,";USD;No;gold_premium;false;N/A;N/A;http://perfil.mercadolibre.com.uy/GAMA78886;active;N/A;N/A;Usado;Rojo;No;Hidráulica;4x2;Sí;Sí;N/A;N/A;N/A;N/A;N/A;N/A;N/A;N/A;N/A;N/A;Sí;N/A;N/A;N/A;N/A;N/A;N/A;N/A;N/A;N/A;N/A;N/A;N/A;N/A;N/A;N/A;N/A;N/A;N/A;N/A;N/A;N/A;N/A;N/A;N/A;N/A;N/A;N/A;N/A;N/A;N/A;N/A;N/A;N/A;N/A;N/A;N/A;N/A;N/A;N/A;N/A;N/A;N/A;N/A;N/A;N/A;N/A;N/A;N/A;N/A;N/A;N/A;N/A;N/A;N/A;N/A;N/A;N/A;N/A;N/A;N/A;N/A;N/A;N/A;N/A;N/A;N/A;N/A;N/A;N/A;N/A;N/A;N/A;N/A;N/A;N/A;N/A;N/A;N/A;N/A;Sí;Sí;N/A;N/A;N/A;N/A;N/A;N/A;N/A;N/A;N/A;N/A;4;1.9;Diésel;Manual;Sedán;"Autos y camionetas";Sí;N/A;N/A;N/A;N/A;N/A;N/A;N/A;No;N/A;N/A;N/A;N/A;N/A;N/A;N/A;N/A;N/A;N/A;N/A;N/A;N/A;N/A;N/A;N/A;N/A;N/A;N/A;N/A;N/A;N/A;N/A;N/A;N/A;N/A;N/A;N/A;N/A;N/A;N/A;N/A;N/A;N/A;No;N/A;N/A;N/A;N/A;N/A;N/A;N/A;N/A;N/A;N/A;N/A;N/A;N/A;N/A;N/A;N/A;N/A;No;No;N/A;N/A;N/A;N/A;N/A;N/A;N/A;N/A;N/A;N/A;N/A;N/A;N/A;N/A;N/A;N/A;N/A;N/A;N/A;N/A;N/A;N/A;N/A;N/A;N/A;N/A;N/A;N/A;N/A;N/A;N/A;N/A;N/A;N/A;Sí;N/A;N/A;Sí;N/A;N/A;N/A;N/A;Sí;N/A;N/A;N/A;N/A;N/A;N/A;N/A;N/A;Sí;Sí;Sí;Sí;N/A;N/A;N/A;Sí
Renault;"Trafic Furgon";Nafta;1999;"204000 km";;"TODOCORTINA URUGUAY";6900;;;;;Maldonado;https://auto.mercadolibre.com.uy/MLU-702729520-renault-trafic-nafta-1400-cc-ano-1997-_JM;N/A;;"Renault Trafic Nafta 1400 Cc Año 1997 ";USD;No;gold_premium;false;N/A;N/A;http://perfil.mercadolibre.com.uy/TODOCORTINA+URUGUAY;active;N/A;N/A;Usado;Blanco;No;Mecánica;Delantera;No;No;N/A;N/A;N/A;No;N/A;N/A;No;N/A;N/A;No;No;N/A;No;N/A;N/A;N/A;N/A;N/A;N/A;N/A;N/A;N/A;N/A;N/A;N/A;N/A;N/A;N/A;N/A;N/A;N/A;N/A;No;N/A;N/A;N/A;N/A;N/A;N/A;N/A;N/A;N/A;N/A;N/A;N/A;N/A;N/A;N/A;N/A;N/A;N/A;N/A;N/A;N/A;N/A;N/A;No;N/A;N/A;N/A;N/A;N/A;N/A;N/A;N/A;N/A;N/A;N/A;N/A;N/A;N/A;N/A;N/A;N/A;N/A;N/A;N/A;N/A;N/A;N/A;N/A;N/A;N/A;N/A;N/A;No;N/A;No;No;N/A;No;No;N/A;No;N/A;N/A;Sí;Sí;N/A;N/A;Sí;N/A;4;1400;Nafta;Manual;Furgón;"Autos y camionetas";No;N/A;N/A;N/A;No;N/A;N/A;N/A;No;N/A;Sí;N/A;N/A;N/A;N/A;N/A;N/A;N/A;N/A;N/A;N/A;N/A;N/A;N/A;No;N/A;N/A;N/A;N/A;N/A;N/A;N/A;N/A;N/A;N/A;N/A;N/A;N/A;N/A;N/A;N/A;N/A;N/A;No;N/A;N/A;N/A;N/A;N/A;N/A;N/A;N/A;N/A;N/A;N/A;N/A;N/A;N/A;N/A;N/A;N/A;No;Sí;N/A;N/A;N/A;N/A;N/A;N/A;N/A;N/A;N/A;N/A;N/A;N/A;N/A;N/A;N/A;N/A;N/A;N/A;N/A;N/A;N/A;N/A;N/A;N/A;N/A;N/A;N/A;N/A;N/A;N/A;N/A;N/A;No;No;No;No;N/A;No;N/A;N/A;N/A;N/A;No;No;No;No;N/A;N/A;No;No;No;Sí;No;No;No;No;No;N/A;No
Renault;"Duster Oroch";"2.0 Privilege";2018;"200000 km";;LOPEZKEYLA20220322011425;15000;;;;;"Bañados de Carrasco";https://auto.mercadolibre.com.uy/MLU-706181460-renault-duster-oroch-20-privilege-_JM;N/A;;"Renault Duster Oroch 2.0 Privilege";usd;Sí;gold_premium;false;N/A;N/A;http://perfil.mercadolibre.com.uy/LOPEZKEYLA20220322011425;active;N/A;N/A;Usado;Rojo;No;Hidráulica;4x2;Sí;N/A;N/A;N/A;N/A;N/A;N/A;N/A;N/A;N/A;N/A;N/A;N/A;N/A;N/A;N/A;N/A;N/A;N/A;N/A;N/A;N/A;N/A;N/A;N/A;"2829 mm";"2 L";"50 L";6;N/A;N/A;N/A;N/A;N/A;N/A;N/A;N/A;N/A;N/A;N/A;N/A;N/A;N/A;N/A;N/A;N/A;N/A;N/A;N/A;N/A;N/A;N/A;N/A;N/A;N/A;N/A;N/A;N/A;N/A;N/A;N/A;N/A;N/A;N/A;N/A;N/A;N/A;N/A;N/A;N/A;N/A;N/A;N/A;N/A;"1683 mm";"4329 mm";N/A;N/A;N/A;N/A;5;"143 hp";Privilege;N/A;4;"1821 mm";"10.8 km/l";N/A;N/A;N/A;N/A;N/A;N/A;N/A;N/A;N/A;N/A;N/A;N/A;N/A;N/A;N/A;N/A;N/A;5;2.0;Nafta;Manual;SUV;"Autos y camionetas";N/A;N/A;N/A;N/A;N/A;N/A;UY;N/A;N/A;N/A;N/A;N/A;N/A;N/A;N/A;N/A;N/A;N/A;N/A;N/A;N/A;N/A;N/A;N/A;N/A;N/A;N/A;N/A;N/A;N/A;N/A;N/A;N/A;N/A;N/A;N/A;N/A;N/A;N/A;N/A;N/A;N/A;N/A;N/A;N/A;N/A;N/A;N/A;N/A;N/A;N/A;N/A;N/A;N/A;N/A;N/A;N/A;N/A;N/A;N/A;N/A;N/A;N/A;N/A;N/A;N/A;N/A;N/A;N/A;N/A;N/A;N/A;N/A;N/A;N/A;N/A;N/A;N/A;N/A;N/A;N/A;N/A;N/A;N/A;N/A;N/A;N/A;N/A;N/A;N/A;N/A;N/A;N/A;N/A;N/A;N/A;N/A;N/A;N/A;N/A;N/A;N/A;N/A;N/A;N/A;N/A;N/A;N/A;N/A;N/A;N/A;N/A;N/A;N/A;N/A;N/A;N/A;N/A;N/A;N/A;N/A;N/A
Renault;Kwid;"1.0 Sce 66cv Outsider";2021;"53000 km";;PARIETTIMARIACLARA;12600;;;;;Pocitos;https://auto.mercadolibre.com.uy/MLU-705932564-renault-kwid-10-sce-66cv-outsider-_JM;N/A;;"Renault Kwid 1.0 Sce 66cv Outsider";usd;Sí;gold_premium;false;N/A;N/A;http://perfil.mercadolibre.com.uy/PARIETTIMARIACLARA;active;N/A;N/A;Usado;Rojo;N/A;N/A;Delantera;N/A;N/A;Sí;N/A;N/A;N/A;N/A;N/A;N/A;N/A;N/A;N/A;N/A;N/A;N/A;N/A;N/A;N/A;N/A;N/A;N/A;N/A;N/A;N/A;N/A;"2423 mm";"1 L";"50 L";5;N/A;N/A;N/A;N/A;N/A;N/A;N/A;N/A;N/A;N/A;N/A;N/A;N/A;N/A;N/A;N/A;N/A;N/A;N/A;N/A;N/A;N/A;N/A;N/A;N/A;N/A;N/A;N/A;N/A;N/A;N/A;N/A;N/A;N/A;N/A;N/A;N/A;N/A;N/A;N/A;N/A;N/A;N/A;N/A;N/A;"1474 mm";"3680 mm";N/A;N/A;N/A;N/A;5;"66 hp";Outsider;N/A;4;"1752 mm";N/A;N/A;N/A;N/A;N/A;N/A;N/A;N/A;N/A;N/A;N/A;N/A;N/A;N/A;N/A;N/A;N/A;N/A;5;1.0;Nafta;Manual;Hatchback;"Autos y camionetas";N/A;N/A;N/A;N/A;N/A;N/A;UY;N/A;N/A;N/A;N/A;N/A;N/A;N/A;N/A;N/A;N/A;N/A;N/A;N/A;N/A;N/A;N/A;N/A;N/A;N/A;N/A;N/A;N/A;N/A;N/A;N/A;N/A;N/A;N/A;N/A;N/A;N/A;N/A;N/A;N/A;N/A;N/A;N/A;N/A;N/A;N/A;N/A;N/A;N/A;N/A;N/A;N/A;N/A;N/A;N/A;N/A;N/A;N/A;N/A;N/A;N/A;N/A;N/A;N/A;N/A;N/A;N/A;N/A;N/A;N/A;N/A;N/A;N/A;N/A;N/A;N/A;N/A;N/A;N/A;N/A;N/A;N/A;N/A;N/A;N/A;N/A;N/A;N/A;N/A;N/A;N/A;N/A;N/A;N/A;N/A;N/A;N/A;N/A;N/A;N/A;N/A;N/A;N/A;N/A;N/A;N/A;N/A;N/A;N/A;N/A;N/A;N/A;N/A;N/A;N/A;N/A;N/A;N/A;N/A;N/A;N/A
Renault;Kwid;"1.0 Sce 66cv Intense";2019;"51000 km";;CARIQ30;11500;;;;;"Piedras Blancas";https://auto.mercadolibre.com.uy/MLU-705213160-renault-kwid-10-sce-66cv-intense-_JM;N/A;;"Renault Kwid 1.0 Sce 66cv Intense";usd;Sí;gold_premium;false;N/A;N/A;http://perfil.mercadolibre.com.uy/CARIQ30;active;N/A;N/A;Usado;Blanco;Sí;Hidráulica;Delantera;N/A;N/A;Sí;N/A;N/A;N/A;N/A;N/A;N/A;N/A;N/A;N/A;N/A;N/A;N/A;N/A;N/A;N/A;N/A;N/A;N/A;N/A;N/A;N/A;N/A;"2423 mm";"1 L";"50 L";5;N/A;N/A;N/A;N/A;N/A;N/A;N/A;N/A;N/A;N/A;N/A;N/A;N/A;N/A;N/A;N/A;N/A;N/A;N/A;N/A;N/A;N/A;N/A;N/A;N/A;N/A;N/A;N/A;N/A;N/A;N/A;N/A;N/A;N/A;N/A;N/A;N/A;N/A;N/A;N/A;N/A;N/A;N/A;N/A;N/A;"1474 mm";"3680 mm";N/A;N/A;N/A;N/A;5;"66 hp";Intense;N/A;4;"1752 mm";N/A;N/A;N/A;N/A;N/A;N/A;Sí;N/A;N/A;N/A;N/A;N/A;N/A;N/A;N/A;N/A;N/A;"De 9 a 21 hs";5;1.0;Nafta/GNC;Manual;Hatchback;"Autos y camionetas";N/A;N/A;N/A;N/A;N/A;N/A;UY;N/A;N/A;N/A;N/A;N/A;N/A;N/A;N/A;N/A;N/A;N/A;N/A;N/A;N/A;N/A;N/A;N/A;N/A;N/A;N/A;N/A;N/A;N/A;N/A;N/A;N/A;N/A;N/A;N/A;N/A;N/A;N/A;N/A;N/A;N/A;N/A;N/A;N/A;N/A;N/A;N/A;N/A;N/A;N/A;N/A;N/A;N/A;N/A;N/A;N/A;N/A;N/A;N/A;N/A;N/A;N/A;N/A;N/A;N/A;N/A;N/A;N/A;N/A;N/A;N/A;N/A;N/A;N/A;N/A;N/A;N/A;N/A;N/A;N/A;N/A;N/A;N/A;N/A;N/A;N/A;N/A;N/A;N/A;N/A;N/A;N/A;N/A;N/A;N/A;N/A;N/A;N/A;N/A;N/A;N/A;N/A;N/A;N/A;N/A;N/A;N/A;N/A;N/A;N/A;N/A;N/A;N/A;N/A;N/A;N/A;N/A;N/A;N/A;N/A;N/A
Renault;Oroch;"1.6 Sce Intens Outsider 2Wd Mt";2024;"6000 km";;TONGA242010;23800;;;;;Bolivar;https://auto.mercadolibre.com.uy/MLU-703924406-renault-oroch-16-sce-intens-outsider-2wd-mt-_JM;N/A;;"Renault Oroch 1.6 Sce Intens Outsider 2wd Mt";usd;Sí;gold_premium;false;N/A;N/A;http://perfil.mercadolibre.com.uy/TONGA242010;active;N/A;N/A;Usado;Plateado;Sí;Hidráulica;Delantera;Sí;Sí;N/A;N/A;N/A;N/A;N/A;N/A;N/A;N/A;N/A;Sí;Sí;N/A;N/A;N/A;N/A;N/A;N/A;N/A;N/A;N/A;N/A;N/A;N/A;"2890 mm";"1.6 L";"45 L";6;N/A;N/A;N/A;N/A;N/A;Sí;N/A;N/A;N/A;N/A;N/A;N/A;N/A;N/A;N/A;N/A;N/A;N/A;N/A;N/A;N/A;N/A;N/A;N/A;N/A;N/A;N/A;N/A;N/A;N/A;N/A;N/A;N/A;N/A;N/A;N/A;N/A;N/A;N/A;N/A;N/A;N/A;N/A;N/A;N/A;"1695 mm";"4719 mm";N/A;N/A;N/A;N/A;5;"118 hp";"Intens Outsider";N/A;4;"1834 mm";N/A;Sí;N/A;Sí;Sí;N/A;Sí;Sí;N/A;N/A;N/A;N/A;N/A;N/A;N/A;N/A;N/A;N/A;4;1.6;Nafta;Manual;Pick-Up;"Autos y camionetas";N/A;N/A;N/A;N/A;N/A;N/A;UY;N/A;No;N/A;N/A;N/A;N/A;N/A;N/A;N/A;N/A;N/A;N/A;N/A;N/A;N/A;N/A;N/A;Sí;N/A;N/A;N/A;N/A;N/A;N/A;N/A;N/A;N/A;N/A;N/A;N/A;N/A;N/A;N/A;N/A;N/A;N/A;Sí;N/A;N/A;N/A;N/A;N/A;N/A;N/A;N/A;N/A;N/A;N/A;N/A;N/A;N/A;N/A;N/A;N/A;N/A;N/A;N/A;N/A;N/A;N/A;N/A;N/A;N/A;N/A;N/A;N/A;N/A;N/A;N/A;N/A;N/A;N/A;N/A;N/A;N/A;N/A;N/A;N/A;N/A;N/A;N/A;N/A;N/A;N/A;N/A;N/A;N/A;N/A;N/A;Sí;Sí;Sí;N/A;Sí;N/A;N/A;N/A;N/A;Sí;Sí;Sí;Sí;N/A;N/A;Sí;Sí;N/A;Sí;Sí;Sí;Sí;N/A;N/A;N/A;Sí
Renault;Clio;"0.9 Iv Fase Ii Turbo Dynamique";2016;"111000 km";;TZ12;13500;;;;;Buceo;https://auto.mercadolibre.com.uy/MLU-647160913-renault-clio-09-iv-fase-ii-turbo-dynamique-_JM;N/A;;"Renault Clio 0.9 Iv Fase Ii Turbo Dynamique";usd;Sí;gold_premium;false;N/A;N/A;http://perfil.mercadolibre.com.uy/TZ12;active;N/A;N/A;Usado;Gris;No;Hidráulica;Delantera;Sí;N/A;Sí;N/A;N/A;N/A;N/A;N/A;N/A;N/A;N/A;N/A;N/A;N/A;Sí;N/A;N/A;N/A;N/A;N/A;N/A;N/A;N/A;N/A;N/A;"2472 mm";"0.9 L";"50 L";5;N/A;N/A;N/A;N/A;N/A;N/A;N/A;N/A;N/A;N/A;N/A;N/A;N/A;N/A;N/A;N/A;N/A;N/A;N/A;N/A;N/A;N/A;N/A;N/A;N/A;N/A;N/A;N/A;N/A;N/A;N/A;N/A;N/A;N/A;N/A;N/A;N/A;N/A;N/A;N/A;N/A;N/A;N/A;N/A;N/A;"1417 mm";"3811 mm";N/A;N/A;N/A;N/A;5;"90 hp";Authentique;N/A;4;"1639 mm";N/A;N/A;N/A;Sí;Sí;N/A;N/A;N/A;N/A;N/A;N/A;N/A;N/A;N/A;N/A;N/A;Sí;N/A;3;0.9;Nafta;Manual;Hatchback;"Autos y camionetas";N/A;N/A;N/A;N/A;N/A;N/A;UY;N/A;N/A;N/A;N/A;N/A;N/A;N/A;N/A;N/A;N/A;N/A;N/A;N/A;N/A;N/A;N/A;N/A;N/A;N/A;N/A;N/A;N/A;N/A;N/A;N/A;N/A;N/A;N/A;N/A;N/A;N/A;N/A;N/A;N/A;N/A;N/A;N/A;N/A;N/A;N/A;N/A;N/A;N/A;N/A;N/A;N/A;N/A;N/A;N/A;N/A;N/A;N/A;N/A;N/A;N/A;N/A;N/A;N/A;N/A;N/A;N/A;N/A;N/A;N/A;N/A;N/A;N/A;N/A;N/A;N/A;N/A;N/A;N/A;N/A;N/A;N/A;N/A;N/A;N/A;N/A;N/A;N/A;N/A;N/A;N/A;N/A;N/A;N/A;N/A;N/A;N/A;Sí;N/A;N/A;N/A;N/A;N/A;N/A;N/A;N/A;N/A;N/A;N/A;N/A;N/A;Sí;N/A;Sí;Sí;Sí;Sí;N/A;N/A;N/A;N/A
Renault;Clio;"1.5 Expression";2005;"260000 km";;VIJU8695426;6000;;;;;"Villa Hadita";https://auto.mercadolibre.com.uy/MLU-706123544-renault-clio-15-expression-_JM;N/A;;"Renault Clio 1.5 Expression";usd;No;gold_premium;false;N/A;N/A;http://perfil.mercadolibre.com.uy/VIJU8695426;active;N/A;N/A;Usado;Verde;No;Hidráulica;Delantera;Sí;Sí;N/A;N/A;N/A;N/A;N/A;N/A;N/A;N/A;N/A;N/A;Sí;N/A;N/A;N/A;N/A;N/A;N/A;N/A;N/A;N/A;N/A;N/A;N/A;"2472 mm";"1.5 L";"50 L";5;N/A;N/A;N/A;N/A;N/A;N/A;N/A;N/A;N/A;N/A;N/A;N/A;N/A;N/A;N/A;N/A;N/A;N/A;N/A;N/A;N/A;N/A;N/A;N/A;N/A;N/A;N/A;N/A;N/A;N/A;N/A;N/A;N/A;N/A;N/A;N/A;N/A;N/A;N/A;N/A;N/A;N/A;N/A;N/A;N/A;"1435 mm";"4150 mm";N/A;N/A;N/A;N/A;5;"65 hp";Expression;N/A;2;"1639 mm";N/A;N/A;N/A;N/A;N/A;N/A;N/A;N/A;N/A;N/A;N/A;N/A;N/A;N/A;N/A;N/A;N/A;N/A;4;1.5;Diésel;Manual;Sedán;"Autos y camionetas";N/A;N/A;N/A;N/A;N/A;N/A;UY;N/A;N/A;N/A;N/A;N/A;N/A;N/A;N/A;N/A;N/A;N/A;N/A;N/A;N/A;N/A;N/A;N/A;N/A;N/A;N/A;N/A;N/A;N/A;N/A;N/A;N/A;N/A;N/A;N/A;N/A;N/A;N/A;N/A;N/A;N/A;N/A;N/A;N/A;N/A;N/A;N/A;N/A;N/A;N/A;N/A;N/A;N/A;N/A;N/A;N/A;N/A;N/A;N/A;N/A;N/A;Sí;N/A;N/A;N/A;N/A;N/A;N/A;N/A;N/A;N/A;N/A;N/A;N/A;N/A;N/A;N/A;N/A;N/A;N/A;N/A;N/A;N/A;N/A;N/A;N/A;N/A;N/A;N/A;N/A;N/A;N/A;N/A;N/A;N/A;N/A;Sí;N/A;N/A;Sí;N/A;N/A;N/A;N/A;Sí;N/A;N/A;Sí;N/A;N/A;N/A;N/A;Sí;Sí;N/A;N/A;N/A;N/A;Sí;N/A;Sí
Renault;Megane;"2.0 Rxe";1998;"216000 km";;VESA9896479;5200;;;;;"Nueva Palmira";https://auto.mercadolibre.com.uy/MLU-647128097-renault-megane-20-rxe-_JM;N/A;;"Renault Megane 2.0 Rxe";usd;No;gold_premium;false;N/A;N/A;http://perfil.mercadolibre.com.uy/VESA9896479;active;N/A;N/A;Usado;Azul;No;Hidráulica;Delantera;N/A;N/A;N/A;N/A;N/A;N/A;N/A;N/A;N/A;N/A;N/A;N/A;N/A;N/A;N/A;N/A;N/A;N/A;N/A;N/A;N/A;N/A;N/A;N/A;N/A;"2580 mm";"2 L";"60 L";5;N/A;N/A;N/A;N/A;N/A;N/A;N/A;N/A;N/A;N/A;N/A;N/A;N/A;N/A;N/A;N/A;N/A;N/A;N/A;N/A;N/A;N/A;N/A;N/A;N/A;N/A;N/A;N/A;N/A;N/A;N/A;N/A;N/A;N/A;N/A;N/A;N/A;N/A;N/A;N/A;N/A;N/A;N/A;N/A;N/A;"1435 mm";"4436 mm";N/A;N/A;N/A;N/A;5;"143 hp";Rxe;N/A;4;"1777 mm";"10.9 km/l";N/A;N/A;N/A;N/A;N/A;N/A;N/A;N/A;N/A;N/A;"6.1 km/l";N/A;N/A;N/A;N/A;N/A;"Todos los días a toda hora";4;2.0;Nafta;Manual;Sedán;"Autos y camionetas";N/A;N/A;N/A;N/A;N/A;N/A;UY;N/A;N/A;N/A;N/A;N/A;N/A;N/A;N/A;N/A;N/A;N/A;N/A;N/A;N/A;N/A;N/A;N/A;N/A;N/A;N/A;N/A;N/A;N/A;N/A;N/A;N/A;N/A;N/A;N/A;N/A;N/A;N/A;N/A;N/A;N/A;N/A;N/A;N/A;N/A;N/A;N/A;N/A;N/A;N/A;N/A;N/A;N/A;N/A;N/A;N/A;N/A;N/A;N/A;N/A;N/A;N/A;N/A;N/A;N/A;N/A;N/A;N/A;N/A;N/A;N/A;N/A;N/A;N/A;N/A;N/A;N/A;N/A;N/A;N/A;N/A;N/A;N/A;N/A;N/A;N/A;N/A;N/A;N/A;N/A;N/A;N/A;N/A;N/A;N/A;N/A;N/A;N/A;N/A;N/A;N/A;N/A;N/A;N/A;N/A;N/A;N/A;N/A;N/A;N/A;N/A;N/A;N/A;N/A;N/A;N/A;N/A;N/A;N/A;N/A;N/A
Renault;Master;L3H2;2024;"0 km";;FACIL.CAR;36885;;;;;Centro;https://auto.mercadolibre.com.uy/MLU-700347430-renault-master-l3h2-23-2024-0km-_JM;N/A;;"Renault Master L3h2 2.3 2024 0km";usd;Sí;gold_premium;false;N/A;N/A;http://perfil.mercadolibre.com.uy/FACIL.CAR;active;N/A;N/A;Nuevo;Blanco;N/A;Hidráulica;N/A;Sí;N/A;Sí;N/A;N/A;N/A;N/A;Sí;N/A;N/A;N/A;N/A;Sí;N/A;N/A;N/A;N/A;N/A;N/A;N/A;N/A;N/A;N/A;N/A;N/A;N/A;"2300 cc";N/A;6;N/A;N/A;Sí;N/A;Sí;N/A;N/A;N/A;N/A;N/A;N/A;N/A;N/A;N/A;N/A;N/A;N/A;N/A;N/A;N/A;N/A;N/A;N/A;N/A;N/A;N/A;N/A;N/A;N/A;N/A;N/A;N/A;N/A;N/A;N/A;N/A;N/A;N/A;N/A;N/A;N/A;N/A;N/A;N/A;N/A;N/A;N/A;N/A;N/A;N/A;N/A;N/A;N/A;N/A;N/A;N/A;N/A;N/A;N/A;N/A;N/A;N/A;N/A;Sí;N/A;N/A;N/A;N/A;N/A;N/A;N/A;N/A;N/A;N/A;"Lunes a Viernes de 9:00 a 18:30 horas";3;2.3;Diésel;Manual;Furgón;"Autos y camionetas";No;N/A;N/A;N/A;No;N/A;UY;No;Sí;No;No;N/A;N/A;N/A;N/A;N/A;N/A;N/A;N/A;N/A;N/A;N/A;N/A;N/A;N/A;N/A;N/A;N/A;N/A;N/A;N/A;N/A;N/A;N/A;N/A;N/A;N/A;N/A;N/A;N/A;N/A;N/A;N/A;Sí;N/A;N/A;N/A;N/A;N/A;N/A;N/A;N/A;N/A;N/A;N/A;N/A;N/A;N/A;N/A;N/A;N/A;Sí;No;N/A;N/A;N/A;N/A;N/A;N/A;N/A;N/A;N/A;N/A;N/A;N/A;N/A;N/A;N/A;N/A;N/A;N/A;N/A;N/A;N/A;N/A;N/A;N/A;N/A;N/A;N/A;N/A;N/A;N/A;N/A;N/A;N/A;Sí;N/A;N/A;N/A;Sí;Sí;Sí;N/A;Sí;Sí;N/A;N/A;N/A;N/A;N/A;Sí;N/A;N/A;Sí;N/A;N/A;N/A;N/A;N/A;N/A;Sí
Renault;Kwid;"1.0 Sce 66cv Intense";2018;"42500 km";;MEY984;12000;;;;;"Las Acacias";https://auto.mercadolibre.com.uy/MLU-647511119-renault-kwid-10-sce-66cv-intense-_JM;N/A;;"Renault Kwid 1.0 Sce 66cv Intense";usd;Sí;gold_premium;false;N/A;N/A;http://perfil.mercadolibre.com.uy/MEY984;active;N/A;N/A;Usado;Naranja;Sí;Hidráulica;Delantera;Sí;No;Sí;N/A;N/A;Sí;N/A;N/A;No;N/A;N/A;No;Sí;N/A;Sí;N/A;N/A;N/A;N/A;N/A;N/A;N/A;N/A;N/A;N/A;"2423 mm";"1 L";"50 L";5;N/A;N/A;N/A;N/A;N/A;No;N/A;N/A;N/A;N/A;N/A;N/A;N/A;N/A;N/A;N/A;N/A;N/A;N/A;N/A;N/A;N/A;N/A;N/A;N/A;N/A;N/A;N/A;N/A;No;N/A;N/A;N/A;N/A;N/A;N/A;N/A;N/A;N/A;N/A;N/A;N/A;N/A;N/A;N/A;"1474 mm";"3680 mm";N/A;N/A;N/A;N/A;5;"66 hp";Intense;N/A;4;"1752 mm";N/A;No;N/A;Sí;Sí;N/A;Sí;Sí;N/A;No;N/A;N/A;No;No;N/A;N/A;Sí;N/A;5;1.0;Nafta;Manual;Hatchback;"Autos y camionetas";N/A;N/A;N/A;N/A;N/A;N/A;UY;N/A;N/A;N/A;N/A;N/A;N/A;N/A;N/A;N/A;N/A;N/A;N/A;N/A;N/A;N/A;N/A;N/A;No;N/A;N/A;N/A;N/A;N/A;N/A;N/A;N/A;N/A;N/A;N/A;N/A;N/A;N/A;N/A;N/A;N/A;N/A;No;N/A;N/A;N/A;N/A;N/A;N/A;N/A;N/A;N/A;N/A;N/A;N/A;N/A;N/A;N/A;N/A;N/A;No;N/A;N/A;N/A;N/A;N/A;N/A;N/A;N/A;N/A;N/A;N/A;N/A;N/A;N/A;N/A;N/A;N/A;N/A;N/A;N/A;N/A;N/A;N/A;N/A;N/A;N/A;N/A;N/A;N/A;N/A;N/A;N/A;N/A;No;Sí;No;No;N/A;Sí;N/A;N/A;N/A;N/A;Sí;Sí;Sí;Sí;N/A;N/A;No;No;No;Sí;Sí;Sí;No;No;Sí;N/A;Sí
Renault;Kwid;"1.0 Sce 66cv Intense";2019;"91000 km";;IBAÑEZMARCELO20220701104245;10900;;;;;"Mercado Modelo";https://auto.mercadolibre.com.uy/MLU-704732778-renault-kwid-_JM;N/A;;"Renault Kwid";usd;Sí;gold_premium;false;N/A;N/A;http://perfil.mercadolibre.com.uy/IBA%C3%91EZMARCELO20220701104245;active;N/A;N/A;Usado;Plateado;N/A;Hidráulica;Delantera;N/A;N/A;Sí;N/A;N/A;N/A;N/A;N/A;N/A;N/A;N/A;N/A;N/A;N/A;N/A;N/A;N/A;N/A;N/A;N/A;N/A;N/A;N/A;N/A;N/A;"2423 mm";"1 L";"50 L";5;N/A;N/A;N/A;N/A;N/A;N/A;N/A;N/A;N/A;N/A;N/A;N/A;N/A;N/A;N/A;N/A;N/A;N/A;N/A;N/A;N/A;N/A;N/A;N/A;N/A;N/A;N/A;N/A;N/A;N/A;N/A;N/A;N/A;N/A;N/A;N/A;N/A;N/A;N/A;N/A;N/A;N/A;N/A;N/A;N/A;"1474 mm";"3680 mm";N/A;N/A;N/A;N/A;5;"66 hp";Intense;N/A;4;"1752 mm";N/A;N/A;N/A;N/A;N/A;N/A;N/A;N/A;N/A;N/A;N/A;N/A;N/A;N/A;N/A;N/A;N/A;N/A;5;1.0;Nafta;Manual;Hatchback;"Autos y camionetas";N/A;N/A;N/A;N/A;N/A;N/A;UY;N/A;N/A;N/A;N/A;N/A;N/A;N/A;N/A;N/A;N/A;N/A;N/A;N/A;N/A;N/A;N/A;N/A;N/A;N/A;N/A;N/A;N/A;N/A;N/A;N/A;N/A;N/A;N/A;N/A;N/A;N/A;N/A;N/A;N/A;N/A;N/A;N/A;N/A;N/A;N/A;N/A;N/A;N/A;N/A;N/A;N/A;N/A;N/A;N/A;N/A;N/A;N/A;N/A;N/A;N/A;N/A;N/A;N/A;N/A;N/A;N/A;N/A;N/A;N/A;N/A;N/A;N/A;N/A;N/A;N/A;N/A;N/A;N/A;N/A;N/A;N/A;N/A;N/A;N/A;N/A;N/A;N/A;N/A;N/A;N/A;N/A;N/A;N/A;N/A;N/A;N/A;N/A;N/A;N/A;N/A;N/A;N/A;N/A;N/A;N/A;N/A;N/A;N/A;N/A;N/A;N/A;N/A;N/A;N/A;N/A;N/A;N/A;N/A;N/A;N/A
Renault;Kwid;"1.0 Sce 66cv Zen";2021;"50000 km";;TÙ-MEJOR-COMPRA;6000;;;;;Colón;https://auto.mercadolibre.com.uy/MLU-705888876-renault-kwid-10-sce-66cv-zen-_JM;N/A;;"Renault Kwid 1.0 Sce 66cv Zen";usd;Sí;gold_premium;false;N/A;N/A;http://perfil.mercadolibre.com.uy/T%C3%99-MEJOR-COMPRA;active;N/A;N/A;Usado;Amarillo;Sí;Hidráulica;Delantera;Sí;N/A;Sí;N/A;N/A;N/A;N/A;N/A;N/A;N/A;N/A;N/A;Sí;N/A;Sí;N/A;N/A;N/A;N/A;N/A;N/A;N/A;N/A;N/A;N/A;"2423 mm";"1 L";"50 L";5;N/A;N/A;N/A;N/A;N/A;N/A;N/A;N/A;N/A;N/A;N/A;N/A;N/A;N/A;N/A;N/A;N/A;N/A;N/A;N/A;N/A;N/A;N/A;N/A;N/A;N/A;N/A;N/A;N/A;N/A;N/A;N/A;N/A;N/A;N/A;N/A;N/A;N/A;N/A;N/A;N/A;N/A;N/A;N/A;N/A;"1474 mm";"3680 mm";N/A;N/A;N/A;N/A;5;"66 hp";Zen;N/A;4;"1752 mm";N/A;N/A;N/A;N/A;N/A;N/A;N/A;N/A;N/A;N/A;N/A;N/A;N/A;N/A;N/A;N/A;Sí;N/A;5;1.0;Nafta;Manual;Hatchback;"Autos y camionetas";N/A;N/A;N/A;N/A;N/A;N/A;UY;N/A;Sí;N/A;N/A;N/A;N/A;N/A;N/A;N/A;N/A;N/A;N/A;N/A;N/A;N/A;N/A;N/A;N/A;N/A;N/A;N/A;N/A;N/A;N/A;N/A;N/A;N/A;N/A;N/A;N/A;N/A;N/A;N/A;N/A;N/A;N/A;N/A;N/A;N/A;N/A;N/A;N/A;N/A;N/A;N/A;N/A;N/A;N/A;N/A;N/A;N/A;N/A;N/A;N/A;N/A;N/A;N/A;N/A;N/A;N/A;N/A;N/A;N/A;N/A;N/A;N/A;N/A;N/A;N/A;N/A;N/A;N/A;N/A;N/A;N/A;N/A;N/A;N/A;N/A;N/A;N/A;N/A;N/A;N/A;N/A;N/A;N/A;N/A;N/A;Sí;N/A;N/A;N/A;Sí;N/A;N/A;N/A;N/A;Sí;N/A;N/A;Sí;N/A;N/A;N/A;N/A;Sí;Sí;Sí;Sí;N/A;N/A;N/A;N/A;Sí
Renault;"Duster Oroch";"2.0 Privilege";2021;"78000 km";;TÙ-MEJOR-COMPRA;10000;;;;;Colón;https://auto.mercadolibre.com.uy/MLU-705047990-renault-duster-oroch-2021-20-privilege-_JM;N/A;;"Renault Duster Oroch 2021 2.0 Privilege";usd;Sí;gold_premium;false;N/A;N/A;http://perfil.mercadolibre.com.uy/T%C3%99-MEJOR-COMPRA;active;N/A;N/A;Usado;N/A;N/A;N/A;4x2;Sí;N/A;N/A;N/A;N/A;N/A;N/A;N/A;N/A;N/A;N/A;N/A;N/A;N/A;N/A;N/A;N/A;N/A;N/A;N/A;N/A;N/A;N/A;N/A;N/A;"2829 mm";"2 L";"50 L";6;N/A;N/A;N/A;N/A;N/A;N/A;N/A;N/A;N/A;N/A;N/A;N/A;N/A;N/A;N/A;N/A;N/A;N/A;N/A;N/A;N/A;N/A;N/A;N/A;N/A;N/A;N/A;N/A;N/A;N/A;N/A;N/A;N/A;N/A;N/A;N/A;N/A;N/A;N/A;N/A;N/A;N/A;N/A;N/A;N/A;"1683 mm";"4329 mm";N/A;N/A;N/A;N/A;5;"143 hp";Privilege;N/A;4;"1821 mm";"10.8 km/l";N/A;N/A;N/A;N/A;N/A;N/A;N/A;N/A;N/A;N/A;N/A;N/A;N/A;N/A;N/A;N/A;N/A;5;2.0;Nafta;Manual;SUV;"Autos y camionetas";N/A;N/A;N/A;N/A;N/A;N/A;UY;N/A;N/A;N/A;N/A;N/A;N/A;N/A;N/A;N/A;N/A;N/A;N/A;N/A;N/A;N/A;N/A;N/A;N/A;N/A;N/A;N/A;N/A;N/A;N/A;N/A;N/A;N/A;N/A;N/A;N/A;N/A;N/A;N/A;N/A;N/A;N/A;N/A;N/A;N/A;N/A;N/A;N/A;N/A;N/A;N/A;N/A;N/A;N/A;N/A;N/A;N/A;N/A;N/A;N/A;N/A;N/A;N/A;N/A;N/A;N/A;N/A;N/A;N/A;N/A;N/A;N/A;N/A;N/A;N/A;N/A;N/A;N/A;N/A;N/A;N/A;N/A;N/A;N/A;N/A;N/A;N/A;N/A;N/A;N/A;N/A;N/A;N/A;N/A;N/A;N/A;N/A;N/A;N/A;N/A;N/A;N/A;N/A;N/A;N/A;N/A;N/A;N/A;N/A;N/A;N/A;N/A;N/A;N/A;N/A;N/A;N/A;N/A;N/A;N/A;N/A
Renault;Express;"1.4 furgon c/vidrios/5 asientos";1999;"8000 km";;TL20241129154239;4500;;;;;N/A;https://auto.mercadolibre.com.uy/MLU-702980858-renault-express-camionta-todo-vidrio-5-asientos1990-_JM;N/A;;"Renault Express, Camionta Todo Vidrio, 5 Asientos.1990";USD;No;gold_premium;false;N/A;N/A;http://perfil.mercadolibre.com.uy/TL20241129154239;active;N/A;N/A;Usado;Blanco;N/A;Hidráulica;Delantera;N/A;N/A;N/A;N/A;N/A;N/A;N/A;N/A;N/A;N/A;N/A;N/A;N/A;N/A;N/A;N/A;N/A;N/A;N/A;N/A;N/A;N/A;N/A;N/A;N/A;N/A;N/A;N/A;N/A;N/A;N/A;N/A;N/A;N/A;N/A;N/A;N/A;N/A;N/A;N/A;N/A;N/A;N/A;N/A;N/A;N/A;N/A;N/A;N/A;N/A;N/A;N/A;N/A;N/A;N/A;N/A;N/A;N/A;N/A;N/A;N/A;N/A;N/A;N/A;N/A;N/A;N/A;N/A;N/A;N/A;N/A;N/A;N/A;N/A;N/A;N/A;N/A;N/A;N/A;N/A;N/A;N/A;N/A;N/A;N/A;N/A;N/A;N/A;N/A;N/A;N/A;N/A;N/A;N/A;N/A;N/A;N/A;N/A;N/A;N/A;N/A;N/A;N/A;"Lunes a domingo";3;1.4;Nafta;Manual;N/A;"Autos y camionetas";N/A;N/A;N/A;N/A;N/A;N/A;N/A;N/A;N/A;N/A;N/A;N/A;N/A;N/A;N/A;N/A;N/A;N/A;N/A;N/A;N/A;N/A;N/A;N/A;N/A;N/A;N/A;N/A;N/A;N/A;N/A;N/A;N/A;N/A;N/A;N/A;N/A;N/A;N/A;N/A;N/A;N/A;N/A;N/A;N/A;N/A;N/A;N/A;N/A;N/A;N/A;N/A;N/A;N/A;N/A;N/A;N/A;N/A;N/A;N/A;N/A;N/A;N/A;N/A;N/A;N/A;N/A;N/A;N/A;N/A;N/A;N/A;N/A;N/A;N/A;N/A;N/A;N/A;N/A;N/A;N/A;N/A;N/A;N/A;N/A;N/A;N/A;N/A;N/A;N/A;N/A;N/A;N/A;N/A;N/A;N/A;N/A;N/A;N/A;N/A;N/A;N/A;N/A;N/A;N/A;N/A;N/A;N/A;N/A;N/A;N/A;N/A;N/A;N/A;N/A;N/A;N/A;N/A;N/A;N/A;N/A;N/A
Renault;Sandero;LIFE;2022;"51600 km";;"OSCARPISANO RENAULT-NISSAN";13900;;;;;Sayago;https://auto.mercadolibre.com.uy/MLU-705213332-renault-sandero-life-10-2022-impecable-_JM;N/A;;"Renault Sandero Life 1.0 2022 Impecable!";usd;Sí;gold;false;N/A;N/A;http://perfil.mercadolibre.com.uy/OSCARPISANO+RENAULT-NISSAN;active;N/A;N/A;Usado;Blanco;Sí;Hidráulica;N/A;Sí;Sí;N/A;N/A;N/A;N/A;N/A;N/A;N/A;N/A;N/A;N/A;Sí;N/A;N/A;N/A;N/A;N/A;N/A;N/A;N/A;N/A;N/A;N/A;N/A;N/A;"1000 cc";N/A;5;N/A;N/A;N/A;N/A;N/A;N/A;N/A;N/A;N/A;N/A;N/A;N/A;N/A;N/A;N/A;N/A;N/A;N/A;N/A;N/A;N/A;N/A;N/A;N/A;N/A;N/A;N/A;N/A;N/A;N/A;N/A;N/A;N/A;N/A;N/A;N/A;N/A;N/A;N/A;N/A;N/A;N/A;N/A;N/A;N/A;N/A;N/A;N/A;N/A;N/A;N/A;N/A;"79 hp";Life;N/A;N/A;N/A;"15 km/l";N/A;N/A;N/A;N/A;N/A;N/A;N/A;N/A;N/A;N/A;"18 km/l";N/A;N/A;N/A;N/A;N/A;"Lun. a Sáb. de 9:30 a 18:30 hs. Dom. de 9:30 a 13 hs";4;1.0;Nafta;Manual;Hatchback;"Autos y camionetas";No;N/A;N/A;N/A;No;N/A;UY;No;Sí;No;No;N/A;N/A;N/A;N/A;N/A;N/A;N/A;N/A;N/A;N/A;N/A;N/A;N/A;N/A;N/A;N/A;N/A;N/A;N/A;N/A;N/A;N/A;N/A;N/A;N/A;N/A;N/A;N/A;N/A;N/A;N/A;N/A;N/A;N/A;N/A;N/A;N/A;N/A;N/A;N/A;N/A;N/A;N/A;N/A;N/A;N/A;N/A;N/A;N/A;N/A;Sí;No;N/A;N/A;N/A;N/A;N/A;N/A;N/A;N/A;N/A;N/A;N/A;N/A;N/A;N/A;N/A;N/A;N/A;N/A;N/A;N/A;N/A;N/A;N/A;N/A;N/A;N/A;N/A;N/A;N/A;N/A;N/A;N/A;N/A;Sí;N/A;N/A;N/A;Sí;Sí;N/A;N/A;N/A;Sí;N/A;N/A;N/A;N/A;Sí;N/A;N/A;N/A;N/A;N/A;N/A;N/A;N/A;N/A;N/A;N/A
Renault;Duster;Privilege;2014;"124182 km";;SILCA_SA;13300;;;;;"Tres Cruces";https://auto.mercadolibre.com.uy/MLU-704797336-renault-duster-privilege-2014-_JM;N/A;;"Renault Duster Privilege 2014";USD;Sí;gold;false;N/A;N/A;http://perfil.mercadolibre.com.uy/SILCA_SA;active;N/A;N/A;Usado;Plateado;N/A;Hidráulica;N/A;Sí;Sí;Sí;N/A;N/A;N/A;Sí;N/A;N/A;N/A;Sí;Sí;Sí;N/A;Sí;N/A;N/A;N/A;N/A;N/A;N/A;N/A;N/A;N/A;N/A;N/A;"2000 cc";N/A;6;N/A;N/A;N/A;N/A;N/A;N/A;N/A;N/A;N/A;N/A;N/A;N/A;N/A;N/A;N/A;N/A;N/A;N/A;N/A;N/A;N/A;N/A;N/A;N/A;N/A;N/A;N/A;N/A;N/A;Sí;N/A;N/A;N/A;N/A;N/A;N/A;Sí;N/A;N/A;N/A;N/A;N/A;N/A;N/A;N/A;N/A;N/A;N/A;N/A;N/A;N/A;N/A;N/A;Privilege;N/A;N/A;N/A;N/A;N/A;N/A;N/A;Sí;N/A;Sí;Sí;N/A;N/A;N/A;N/A;N/A;N/A;N/A;N/A;Sí;"Lun. a Vie. de 9 a 19:00 hs. Sáb. de 10 a 13:30 hs";5;2.0;Nafta;Manual;SUV;"Autos y camionetas";No;N/A;N/A;N/A;No;N/A;N/A;No;Sí;No;No;N/A;N/A;N/A;N/A;N/A;N/A;N/A;N/A;N/A;N/A;N/A;N/A;N/A;N/A;N/A;N/A;N/A;N/A;N/A;N/A;N/A;N/A;N/A;N/A;N/A;N/A;N/A;N/A;N/A;N/A;N/A;N/A;N/A;N/A;N/A;N/A;N/A;N/A;N/A;N/A;N/A;N/A;N/A;N/A;N/A;N/A;N/A;N/A;N/A;N/A;N/A;No;N/A;N/A;N/A;N/A;N/A;N/A;N/A;N/A;N/A;N/A;N/A;N/A;N/A;N/A;N/A;N/A;N/A;N/A;N/A;N/A;N/A;N/A;N/A;N/A;N/A;N/A;N/A;N/A;N/A;N/A;N/A;N/A;N/A;Sí;N/A;Sí;N/A;Sí;N/A;N/A;N/A;Sí;Sí;N/A;N/A;N/A;N/A;N/A;N/A;N/A;N/A;Sí;Sí;Sí;Sí;Sí;Sí;Sí;Sí
Renault;Duster;"Privilege 4X4";2015;"128912 km";;SILCA_SA;12900;;;;;"Tres Cruces";https://auto.mercadolibre.com.uy/MLU-704810268-renault-duster-privilege-4x4-2015-_JM;N/A;;"Renault Duster Privilege 4x4 2015";usd;Sí;gold;false;N/A;N/A;http://perfil.mercadolibre.com.uy/SILCA_SA;active;N/A;N/A;Usado;Verde;Sí;Hidráulica;N/A;Sí;Sí;Sí;N/A;N/A;N/A;Sí;N/A;N/A;N/A;Sí;Sí;Sí;N/A;Sí;N/A;N/A;N/A;N/A;N/A;N/A;N/A;N/A;N/A;N/A;N/A;"2000 cc";N/A;6;N/A;N/A;N/A;N/A;N/A;N/A;N/A;N/A;N/A;N/A;N/A;N/A;N/A;N/A;N/A;N/A;N/A;N/A;N/A;N/A;N/A;N/A;N/A;N/A;N/A;N/A;N/A;N/A;N/A;Sí;N/A;N/A;N/A;N/A;N/A;N/A;Sí;N/A;N/A;N/A;N/A;N/A;N/A;N/A;N/A;N/A;N/A;N/A;N/A;N/A;N/A;N/A;N/A;Privilege;N/A;N/A;N/A;N/A;N/A;N/A;N/A;Sí;N/A;Sí;Sí;N/A;N/A;N/A;N/A;Sí;N/A;N/A;N/A;Sí;"Lun. a Vie. de 9 a 19:00 hs. Sáb. de 10 a 13:30 hs";5;2.0;Nafta;Manual;SUV;"Autos y camionetas";No;N/A;N/A;N/A;No;N/A;UY;No;Sí;No;No;N/A;N/A;N/A;N/A;N/A;N/A;N/A;N/A;N/A;N/A;N/A;N/A;N/A;N/A;N/A;N/A;N/A;N/A;N/A;N/A;N/A;N/A;N/A;N/A;N/A;N/A;N/A;N/A;N/A;N/A;N/A;N/A;N/A;N/A;N/A;N/A;N/A;N/A;N/A;N/A;N/A;N/A;N/A;N/A;N/A;N/A;N/A;N/A;N/A;N/A;N/A;No;N/A;N/A;N/A;N/A;N/A;N/A;N/A;N/A;N/A;N/A;N/A;N/A;N/A;N/A;N/A;N/A;N/A;N/A;N/A;N/A;N/A;N/A;N/A;N/A;N/A;N/A;N/A;N/A;N/A;N/A;N/A;N/A;N/A;Sí;N/A;Sí;N/A;Sí;N/A;N/A;N/A;Sí;Sí;N/A;N/A;N/A;N/A;N/A;N/A;N/A;N/A;Sí;Sí;Sí;N/A;N/A;Sí;N/A;Sí
Renault;"Sandero Stepway";Intense;2023;"42236 km";;VKSA2018;18900;;;;;Malvin;https://auto.mercadolibre.com.uy/MLU-704446292-renault-sandero-stepway-intense-kaitazoff-motors-pando-_JM;N/A;;"Renault Sandero Stepway Intense - Kaitazoff Motors Pando";usd;Sí;gold;false;N/A;N/A;http://perfil.mercadolibre.com.uy/VKSA2018;active;N/A;N/A;Usado;"Gris oscuro";Sí;Hidráulica;N/A;Sí;Sí;Sí;N/A;N/A;N/A;Sí;Sí;Sí;N/A;N/A;Sí;Sí;N/A;Sí;N/A;N/A;N/A;N/A;N/A;N/A;N/A;N/A;N/A;N/A;N/A;"1600 cc";N/A;N/A;N/A;N/A;N/A;N/A;Sí;N/A;N/A;N/A;N/A;N/A;N/A;N/A;N/A;N/A;N/A;N/A;N/A;N/A;N/A;N/A;N/A;N/A;N/A;Sí;N/A;Sí;N/A;Sí;N/A;Sí;N/A;N/A;N/A;N/A;N/A;N/A;Sí;N/A;N/A;N/A;N/A;N/A;Sí;N/A;N/A;N/A;N/A;N/A;N/A;N/A;N/A;N/A;N/A;N/A;N/A;N/A;N/A;N/A;N/A;N/A;Sí;Sí;Sí;Sí;N/A;Sí;N/A;N/A;N/A;N/A;N/A;N/A;N/A;Sí;"Lun. a Vie. de 10 a 17 hs. Sábados cerrado.";5;1.6;Nafta;Automática;SUV;"Autos y camionetas";No;N/A;N/A;N/A;No;N/A;UY;No;Sí;No;No;N/A;N/A;N/A;N/A;N/A;N/A;N/A;N/A;N/A;N/A;N/A;N/A;N/A;N/A;N/A;N/A;N/A;N/A;N/A;N/A;N/A;N/A;N/A;N/A;N/A;N/A;N/A;N/A;N/A;N/A;N/A;N/A;N/A;N/A;N/A;N/A;N/A;N/A;N/A;N/A;N/A;N/A;N/A;N/A;N/A;N/A;N/A;N/A;N/A;N/A;Sí;No;N/A;N/A;N/A;N/A;N/A;N/A;N/A;N/A;N/A;N/A;N/A;N/A;N/A;N/A;N/A;N/A;N/A;N/A;N/A;N/A;N/A;N/A;N/A;N/A;N/A;N/A;N/A;N/A;N/A;N/A;N/A;N/A;N/A;Sí;Sí;Sí;N/A;Sí;N/A;Sí;N/A;Sí;Sí;N/A;Sí;N/A;N/A;N/A;Sí;Sí;N/A;Sí;Sí;Sí;N/A;N/A;Sí;N/A;Sí
Renault;Sandero;EXPRES;2016;"165000 km";;INTERAUTO2024;10990;;;;;"Paso de Carrasco";https://auto.mercadolibre.com.uy/MLU-704523702-renault-sandero-expres-16-2016-impecable-interauto-_JM;N/A;;"Renault Sandero Expres 1.6 2016 Impecable! Interauto";usd;Sí;gold;false;N/A;N/A;http://perfil.mercadolibre.com.uy/INTERAUTO2024;active;N/A;N/A;Usado;Rojo;N/A;Hidráulica;N/A;Sí;Sí;Sí;N/A;N/A;N/A;Sí;N/A;N/A;N/A;Sí;N/A;Sí;N/A;N/A;N/A;N/A;N/A;N/A;N/A;N/A;N/A;N/A;N/A;N/A;N/A;"1600 cc";N/A;5;N/A;N/A;N/A;N/A;N/A;N/A;N/A;N/A;N/A;N/A;N/A;N/A;N/A;N/A;N/A;N/A;N/A;N/A;N/A;N/A;N/A;N/A;N/A;N/A;N/A;N/A;N/A;N/A;N/A;N/A;N/A;N/A;N/A;N/A;N/A;N/A;Sí;N/A;N/A;N/A;N/A;N/A;Sí;N/A;N/A;N/A;N/A;N/A;N/A;N/A;N/A;N/A;N/A;N/A;N/A;N/A;N/A;"12 km/l";N/A;N/A;N/A;Sí;N/A;N/A;Sí;N/A;N/A;N/A;"16 km/l";N/A;N/A;N/A;N/A;Sí;"Lunes a Domingo de 9 a 18:30 hs";5;1.6;Nafta;Manual;Hatchback;"Autos y camionetas";No;N/A;N/A;N/A;No;N/A;UY;No;Sí;No;No;N/A;N/A;N/A;N/A;N/A;N/A;N/A;N/A;N/A;N/A;N/A;N/A;N/A;N/A;N/A;N/A;N/A;N/A;N/A;N/A;N/A;N/A;N/A;N/A;N/A;N/A;N/A;N/A;N/A;N/A;N/A;N/A;N/A;N/A;N/A;N/A;N/A;N/A;N/A;N/A;N/A;N/A;N/A;N/A;N/A;N/A;N/A;N/A;N/A;N/A;N/A;No;N/A;N/A;N/A;N/A;N/A;N/A;N/A;N/A;N/A;N/A;N/A;N/A;N/A;N/A;N/A;N/A;N/A;N/A;N/A;N/A;N/A;N/A;N/A;N/A;N/A;N/A;N/A;N/A;N/A;Sí;N/A;N/A;N/A;Sí;Sí;N/A;N/A;Sí;N/A;Sí;N/A;Sí;Sí;N/A;N/A;N/A;N/A;N/A;N/A;N/A;N/A;Sí;Sí;Sí;N/A;N/A;Sí;N/A;Sí
Renault;"Sandero Stepway";"1.6 Privilege 105cv";2017;"109500 km";;"AUTOMOTORA UNION";13290;;;;;Cordón;https://auto.mercadolibre.com.uy/MLU-703522994-renault-sandero-stepway-privilege-2017-automotora-union-_JM;N/A;;"Renault Sandero Stepway Privilege 2017 Automotora Union";usd;Sí;gold;false;N/A;N/A;http://perfil.mercadolibre.com.uy/AUTOMOTORA+UNION;active;N/A;N/A;Usado;Blanco;N/A;Hidráulica;Delantera;N/A;N/A;Sí;N/A;N/A;N/A;N/A;N/A;N/A;N/A;N/A;N/A;N/A;N/A;N/A;N/A;N/A;N/A;N/A;N/A;N/A;N/A;N/A;N/A;N/A;"2590 mm";"1.6 L";"50 L";5;N/A;N/A;N/A;N/A;N/A;N/A;N/A;N/A;N/A;N/A;N/A;N/A;N/A;N/A;N/A;N/A;N/A;N/A;N/A;N/A;N/A;N/A;N/A;N/A;N/A;N/A;N/A;N/A;N/A;N/A;N/A;N/A;N/A;N/A;N/A;N/A;N/A;N/A;N/A;N/A;N/A;N/A;N/A;N/A;N/A;"1559 mm";"4066 mm";N/A;N/A;N/A;N/A;5;"105 hp";Privilege;N/A;4;"1761 mm";"9.3 km/l";Sí;N/A;N/A;N/A;N/A;N/A;Sí;N/A;N/A;N/A;"5.9 km/l";N/A;N/A;N/A;N/A;N/A;"LUNES A VIERNES DE 9 A 19H Y SABADOS DE 9 A 13H";5;1.6;Nafta;Manual;Hatchback;"Autos y camionetas";N/A;N/A;N/A;N/A;N/A;N/A;UY;N/A;N/A;N/A;N/A;N/A;N/A;N/A;N/A;N/A;N/A;N/A;N/A;N/A;N/A;N/A;N/A;N/A;N/A;N/A;N/A;N/A;N/A;N/A;N/A;N/A;N/A;N/A;N/A;N/A;N/A;N/A;N/A;N/A;N/A;N/A;N/A;N/A;N/A;N/A;N/A;N/A;N/A;N/A;N/A;N/A;N/A;N/A;N/A;N/A;N/A;N/A;N/A;N/A;N/A;N/A;N/A;N/A;N/A;N/A;N/A;N/A;N/A;N/A;N/A;N/A;N/A;N/A;N/A;N/A;N/A;N/A;N/A;N/A;N/A;N/A;N/A;N/A;N/A;N/A;N/A;N/A;N/A;N/A;N/A;N/A;N/A;N/A;N/A;N/A;N/A;N/A;N/A;N/A;N/A;N/A;N/A;N/A;N/A;N/A;N/A;N/A;N/A;N/A;N/A;N/A;N/A;N/A;N/A;N/A;N/A;N/A;N/A;N/A;N/A;N/A
Renault;Logan;Privilege;2018;"132000 km";;AEROCAR2013;12490;;;;;Carrasco;https://auto.mercadolibre.com.uy/MLU-703509824-renault-logan-privilege-16-2018-impecable-interauto-_JM;N/A;;"Renault Logan Privilege 1.6 2018 Impecable! Interauto";usd;Sí;gold;false;N/A;N/A;http://perfil.mercadolibre.com.uy/AEROCAR2013;active;N/A;N/A;Usado;"Gris oscuro";N/A;Hidráulica;Delantera;Sí;Sí;Sí;N/A;N/A;N/A;N/A;Sí;N/A;N/A;Sí;N/A;Sí;N/A;N/A;N/A;N/A;N/A;N/A;N/A;N/A;N/A;N/A;N/A;N/A;N/A;"1600 cc";N/A;5;N/A;N/A;N/A;N/A;N/A;N/A;N/A;N/A;N/A;N/A;N/A;N/A;N/A;N/A;N/A;N/A;N/A;N/A;N/A;N/A;N/A;N/A;N/A;Sí;N/A;Sí;N/A;N/A;N/A;N/A;N/A;N/A;N/A;N/A;N/A;N/A;N/A;N/A;N/A;N/A;N/A;N/A;N/A;N/A;N/A;N/A;N/A;N/A;N/A;N/A;N/A;N/A;N/A;Privilege;N/A;N/A;N/A;"12 km/l";N/A;N/A;Sí;N/A;Sí;N/A;Sí;N/A;N/A;N/A;"16 km/l";N/A;N/A;N/A;N/A;N/A;"Lunes a Domingo de 9 a 18:30 hs";4;1.6;Nafta;Manual;Sedán;"Autos y camionetas";No;N/A;N/A;N/A;No;N/A;UY;No;Sí;No;No;N/A;N/A;N/A;N/A;N/A;N/A;N/A;N/A;N/A;N/A;N/A;N/A;N/A;N/A;N/A;N/A;N/A;N/A;N/A;N/A;N/A;N/A;N/A;N/A;N/A;N/A;N/A;N/A;N/A;N/A;N/A;N/A;N/A;N/A;N/A;N/A;N/A;N/A;N/A;N/A;N/A;N/A;N/A;N/A;N/A;N/A;N/A;N/A;N/A;N/A;N/A;No;N/A;N/A;N/A;N/A;N/A;N/A;N/A;N/A;N/A;N/A;N/A;N/A;N/A;N/A;N/A;N/A;N/A;N/A;N/A;N/A;N/A;N/A;N/A;N/A;N/A;N/A;N/A;N/A;N/A;Sí;N/A;N/A;N/A;Sí;Sí;Sí;N/A;Sí;N/A;Sí;N/A;Sí;Sí;N/A;Sí;N/A;N/A;N/A;N/A;Sí;N/A;Sí;Sí;N/A;N/A;N/A;N/A;N/A;N/A
Renault;"Sandero Stepway";Privilege;2014;"117084 km";;VKSA2018;11000;;;;;Malvin;https://auto.mercadolibre.com.uy/MLU-646926635-renault-sandero-stepway-privilege-kaitazoff-motors-pando-_JM;N/A;;"Renault Sandero Stepway Privilege - Kaitazoff Motors Pando ";usd;Sí;gold;false;N/A;N/A;http://perfil.mercadolibre.com.uy/VKSA2018;active;N/A;N/A;Usado;"Gris oscuro";N/A;Hidráulica;N/A;Sí;Sí;N/A;N/A;N/A;N/A;Sí;Sí;N/A;N/A;N/A;N/A;Sí;N/A;N/A;N/A;N/A;N/A;N/A;N/A;N/A;N/A;N/A;N/A;N/A;N/A;"1600 cc";N/A;5;N/A;N/A;N/A;N/A;N/A;N/A;N/A;N/A;N/A;N/A;N/A;N/A;N/A;N/A;N/A;N/A;N/A;N/A;N/A;N/A;N/A;N/A;N/A;N/A;N/A;N/A;N/A;N/A;N/A;N/A;N/A;N/A;N/A;N/A;N/A;N/A;N/A;N/A;N/A;N/A;N/A;N/A;N/A;N/A;N/A;N/A;N/A;N/A;N/A;N/A;N/A;N/A;"111 hp";Privilege;N/A;N/A;N/A;"12 km/l";N/A;N/A;N/A;Sí;N/A;Sí;N/A;N/A;N/A;N/A;"15 km/l";N/A;N/A;N/A;N/A;Sí;"Lun. a Vie. de 10 a 17 hs. Sábados cerrado.";5;1.6;Nafta;Manual;SUV;"Autos y camionetas";No;N/A;N/A;N/A;No;N/A;UY;No;Sí;No;No;N/A;N/A;N/A;N/A;N/A;N/A;N/A;N/A;N/A;N/A;N/A;N/A;N/A;N/A;N/A;N/A;N/A;N/A;N/A;N/A;N/A;N/A;N/A;N/A;N/A;N/A;N/A;N/A;N/A;N/A;N/A;N/A;N/A;N/A;N/A;N/A;N/A;N/A;N/A;N/A;N/A;N/A;N/A;N/A;N/A;N/A;N/A;N/A;N/A;N/A;Sí;No;N/A;N/A;N/A;N/A;N/A;N/A;N/A;N/A;N/A;N/A;N/A;N/A;N/A;N/A;N/A;N/A;N/A;N/A;N/A;N/A;N/A;N/A;N/A;N/A;N/A;N/A;N/A;N/A;N/A;N/A;N/A;N/A;N/A;N/A;N/A;Sí;N/A;Sí;N/A;N/A;N/A;Sí;Sí;N/A;N/A;N/A;N/A;N/A;N/A;Sí;N/A;Sí;N/A;Sí;Sí;N/A;Sí;N/A;Sí
Renault;"Sandero Stepway";INTENS;2023;"50000 km";;"OSCARPISANO RENAULT-NISSAN";17900;;;;;Sayago;https://auto.mercadolibre.com.uy/MLU-701795190-renault-sandero-stepway-intens-16-2023-impecable-_JM;N/A;;"Renault Sandero Stepway Intens 1.6 2023 Impecable!";usd;Sí;gold;false;N/A;N/A;http://perfil.mercadolibre.com.uy/OSCARPISANO+RENAULT-NISSAN;active;N/A;N/A;Usado;"Gris oscuro";Sí;Eléctrica;N/A;Sí;Sí;Sí;N/A;Sí;N/A;Sí;Sí;Sí;Sí;Sí;Sí;Sí;N/A;Sí;N/A;N/A;N/A;N/A;N/A;N/A;N/A;N/A;N/A;N/A;N/A;"1600 cc";N/A;7;N/A;N/A;Sí;Sí;Sí;Sí;Sí;N/A;N/A;N/A;N/A;N/A;N/A;N/A;N/A;N/A;N/A;N/A;N/A;N/A;N/A;N/A;N/A;Sí;N/A;Sí;N/A;N/A;N/A;Sí;N/A;N/A;N/A;N/A;N/A;N/A;Sí;N/A;N/A;N/A;N/A;N/A;Sí;N/A;N/A;N/A;N/A;N/A;N/A;N/A;N/A;N/A;"115 hp";N/A;N/A;N/A;N/A;"11 km/l";N/A;N/A;Sí;Sí;Sí;Sí;Sí;Sí;N/A;N/A;"15 km/l";N/A;N/A;N/A;N/A;Sí;"Lun. a Sáb. de 9:30 a 18:30 hs. Dom. de 9:30 a 13 hs";4;1.6;Nafta;Automática;SUV;"Autos y camionetas";No;N/A;N/A;N/A;No;N/A;UY;No;Sí;No;No;N/A;N/A;N/A;N/A;N/A;N/A;N/A;N/A;N/A;N/A;N/A;N/A;N/A;N/A;N/A;N/A;N/A;N/A;N/A;N/A;N/A;N/A;N/A;N/A;N/A;N/A;N/A;N/A;N/A;N/A;N/A;N/A;N/A;N/A;N/A;N/A;N/A;N/A;N/A;N/A;N/A;N/A;N/A;N/A;N/A;N/A;N/A;N/A;N/A;N/A;N/A;No;N/A;N/A;N/A;N/A;N/A;N/A;N/A;N/A;N/A;N/A;N/A;N/A;N/A;N/A;N/A;N/A;N/A;N/A;N/A;N/A;N/A;N/A;N/A;N/A;N/A;N/A;N/A;N/A;N/A;N/A;N/A;N/A;N/A;Sí;N/A;Sí;N/A;Sí;Sí;Sí;N/A;Sí;Sí;Sí;N/A;N/A;N/A;Sí;Sí;Sí;N/A;Sí;Sí;Sí;N/A;N/A;Sí;N/A;Sí
Renault;Clio;Expression;2016;"113595 km";;SILCA_SA;13400;;;;;"Tres Cruces";https://auto.mercadolibre.com.uy/MLU-704771920-renault-clio-iv-expression-2016-_JM;N/A;;"Renault Clio Iv Expression 2016";usd;Sí;gold;false;N/A;N/A;http://perfil.mercadolibre.com.uy/SILCA_SA;active;N/A;N/A;Usado;Blanco;N/A;Hidráulica;N/A;Sí;Sí;Sí;N/A;N/A;N/A;Sí;N/A;N/A;N/A;Sí;N/A;Sí;N/A;N/A;N/A;N/A;N/A;N/A;N/A;N/A;N/A;N/A;N/A;N/A;N/A;"1200 cc";N/A;5;N/A;N/A;N/A;N/A;N/A;N/A;N/A;N/A;N/A;N/A;N/A;N/A;N/A;N/A;N/A;N/A;N/A;N/A;N/A;N/A;N/A;N/A;N/A;N/A;N/A;N/A;N/A;N/A;N/A;N/A;N/A;N/A;N/A;N/A;N/A;N/A;N/A;N/A;N/A;N/A;N/A;N/A;N/A;N/A;N/A;N/A;N/A;N/A;N/A;N/A;N/A;N/A;N/A;Expression;N/A;N/A;N/A;N/A;N/A;N/A;Sí;Sí;Sí;Sí;N/A;Sí;N/A;N/A;N/A;N/A;N/A;N/A;N/A;Sí;"Lun. a Vie. de 9 a 19:00 hs. Sáb. de 10 a 13:30 hs";5;1.2;Nafta;Manual;Hatchback;"Autos y camionetas";No;N/A;N/A;N/A;No;N/A;UY;No;Sí;No;No;N/A;N/A;N/A;N/A;N/A;N/A;N/A;N/A;N/A;N/A;N/A;N/A;N/A;N/A;N/A;N/A;N/A;N/A;N/A;N/A;N/A;N/A;N/A;N/A;N/A;N/A;N/A;N/A;N/A;N/A;N/A;N/A;N/A;N/A;N/A;N/A;N/A;N/A;N/A;N/A;N/A;N/A;N/A;N/A;N/A;N/A;N/A;N/A;N/A;N/A;N/A;No;N/A;N/A;N/A;N/A;N/A;N/A;N/A;N/A;N/A;N/A;N/A;N/A;N/A;N/A;N/A;N/A;N/A;N/A;N/A;N/A;N/A;N/A;N/A;N/A;N/A;N/A;N/A;N/A;N/A;N/A;N/A;N/A;N/A;N/A;Sí;Sí;N/A;Sí;N/A;N/A;N/A;Sí;Sí;N/A;Sí;N/A;N/A;N/A;N/A;N/A;N/A;Sí;Sí;Sí;N/A;N/A;N/A;N/A;Sí
Renault;Kangoo;"aire y direccion";2018;"128500 km";;AEROCAR2020;10990;;;;;"Barra de Carrasco";https://auto.mercadolibre.com.uy/MLU-698481284-renault-kangoo-aire-y-direccion-16-2018-impecable-aerocar-_JM;N/A;;"Renault Kangoo Aire Y Direccion 1.6 2018 Impecable! Aerocar";USD;Sí;gold;false;N/A;N/A;http://perfil.mercadolibre.com.uy/AEROCAR2020;active;N/A;N/A;Usado;Blanco;N/A;Asistida;N/A;Sí;N/A;N/A;N/A;N/A;N/A;N/A;N/A;N/A;N/A;N/A;N/A;N/A;N/A;N/A;N/A;N/A;N/A;N/A;N/A;N/A;N/A;N/A;N/A;N/A;N/A;"1600 cc";N/A;5;N/A;N/A;N/A;N/A;N/A;N/A;N/A;N/A;N/A;N/A;N/A;N/A;N/A;N/A;N/A;N/A;N/A;N/A;N/A;N/A;N/A;N/A;N/A;N/A;N/A;N/A;N/A;N/A;N/A;N/A;N/A;N/A;N/A;N/A;N/A;N/A;N/A;N/A;N/A;N/A;N/A;N/A;N/A;N/A;N/A;N/A;N/A;N/A;N/A;N/A;N/A;N/A;"112 hp";N/A;N/A;N/A;N/A;"10 km/l";N/A;N/A;N/A;N/A;N/A;Sí;N/A;N/A;N/A;N/A;"12 km/l";N/A;N/A;N/A;N/A;N/A;"Lun. a Vie. de 9 a 19 hs. Sáb. y Dom. de 10 a 18 hs.";4;1.6;Nafta;Manual;Furgón;"Autos y camionetas";No;N/A;N/A;N/A;No;N/A;N/A;No;Sí;No;No;N/A;N/A;N/A;N/A;N/A;N/A;N/A;N/A;N/A;N/A;N/A;N/A;N/A;N/A;N/A;N/A;N/A;N/A;N/A;N/A;N/A;N/A;N/A;N/A;N/A;N/A;N/A;N/A;N/A;N/A;N/A;N/A;N/A;N/A;N/A;N/A;N/A;N/A;N/A;N/A;N/A;N/A;N/A;N/A;N/A;N/A;N/A;N/A;N/A;N/A;N/A;No;N/A;N/A;N/A;N/A;N/A;N/A;N/A;N/A;N/A;N/A;N/A;N/A;N/A;N/A;N/A;N/A;N/A;N/A;N/A;N/A;N/A;N/A;N/A;N/A;N/A;N/A;N/A;N/A;N/A;N/A;N/A;N/A;N/A;Sí;N/A;N/A;N/A;Sí;N/A;Sí;N/A;N/A;Sí;N/A;N/A;N/A;N/A;N/A;N/A;N/A;N/A;Sí;Sí;Sí;N/A;N/A;N/A;N/A;Sí
Renault;"Sandero Stepway";Zen;2023;"18000 km";;SOLYCARAUTOMOVILES;19900;;;;;Solymar;https://auto.mercadolibre.com.uy/MLU-696444328-renault-sandero-stepway-zen-16-2023-impecable-solycar-_JM;N/A;;"Renault Sandero Stepway Zen 1.6 2023 Impecable! - Solycar";usd;Sí;gold;false;N/A;N/A;http://perfil.mercadolibre.com.uy/SOLYCARAUTOMOVILES;active;N/A;N/A;Usado;Dorado;Sí;Eléctrica;4x2;Sí;Sí;Sí;N/A;N/A;N/A;Sí;Sí;N/A;Sí;Sí;Sí;Sí;N/A;Sí;N/A;N/A;N/A;N/A;N/A;N/A;N/A;N/A;N/A;N/A;N/A;"1600 cc";N/A;5;N/A;N/A;N/A;N/A;N/A;N/A;N/A;N/A;N/A;N/A;N/A;N/A;N/A;N/A;N/A;N/A;N/A;N/A;N/A;N/A;N/A;N/A;N/A;Sí;N/A;Sí;N/A;N/A;N/A;Sí;N/A;N/A;N/A;N/A;N/A;N/A;Sí;N/A;N/A;N/A;N/A;N/A;N/A;N/A;N/A;N/A;N/A;N/A;N/A;N/A;N/A;N/A;"115 hp";Zen;N/A;N/A;N/A;"14 km/l";N/A;N/A;Sí;Sí;N/A;Sí;Sí;Sí;N/A;N/A;"17 km/l";N/A;N/A;N/A;N/A;Sí;"Lun. a Vie. de 9:30 a 18:30 hs. Sáb. de 9:30 a 14 hs";5;1.6;Nafta;Manual;SUV;"Autos y camionetas";No;N/A;N/A;N/A;No;N/A;UY;No;Sí;No;No;N/A;N/A;N/A;N/A;N/A;N/A;N/A;N/A;N/A;N/A;N/A;N/A;N/A;N/A;N/A;N/A;N/A;N/A;N/A;N/A;N/A;N/A;N/A;N/A;N/A;N/A;N/A;N/A;N/A;N/A;N/A;N/A;N/A;N/A;N/A;N/A;N/A;N/A;N/A;N/A;N/A;N/A;N/A;N/A;N/A;N/A;N/A;N/A;N/A;N/A;Sí;No;N/A;N/A;N/A;N/A;N/A;N/A;N/A;N/A;N/A;N/A;N/A;N/A;N/A;N/A;N/A;N/A;N/A;N/A;N/A;N/A;N/A;N/A;N/A;N/A;N/A;N/A;N/A;N/A;N/A;N/A;N/A;N/A;N/A;Sí;N/A;N/A;N/A;Sí;Sí;Sí;N/A;Sí;Sí;Sí;Sí;N/A;N/A;Sí;Sí;Sí;N/A;Sí;Sí;Sí;N/A;N/A;Sí;N/A;Sí
Renault;Clio;-;2017;"90000 km";;INTERAUTO2024;15990;;;;;"Paso de Carrasco";https://auto.mercadolibre.com.uy/MLU-693323906-renault-clio-iv-09-2017-impecable-interauto-_JM;N/A;;"Renault Clio Iv 0.9 2017 Impecable! Interauto";usd;Sí;gold;false;N/A;N/A;http://perfil.mercadolibre.com.uy/INTERAUTO2024;active;N/A;N/A;Usado;Plateado;N/A;Eléctrica;Delantera;Sí;Sí;Sí;N/A;N/A;N/A;N/A;N/A;N/A;N/A;N/A;N/A;Sí;N/A;N/A;N/A;N/A;N/A;N/A;N/A;N/A;N/A;N/A;N/A;N/A;N/A;"900 cc";N/A;5;N/A;N/A;Sí;Sí;N/A;N/A;Sí;N/A;N/A;N/A;N/A;N/A;N/A;N/A;N/A;N/A;N/A;N/A;N/A;N/A;N/A;N/A;N/A;N/A;N/A;N/A;N/A;N/A;N/A;N/A;N/A;N/A;N/A;N/A;N/A;N/A;Sí;N/A;N/A;N/A;N/A;N/A;N/A;N/A;N/A;N/A;N/A;N/A;N/A;N/A;N/A;N/A;N/A;N/A;N/A;N/A;N/A;"14 km/l";N/A;N/A;N/A;Sí;N/A;Sí;Sí;N/A;N/A;N/A;"16 km/l";N/A;N/A;N/A;N/A;N/A;"Lunes a Domingo de 9 a 18:30 hs";5;0.9;Nafta;Manual;Hatchback;"Autos y camionetas";No;N/A;N/A;N/A;No;N/A;UY;No;Sí;No;No;N/A;N/A;N/A;N/A;N/A;N/A;N/A;N/A;N/A;N/A;N/A;N/A;N/A;Sí;N/A;N/A;N/A;N/A;N/A;N/A;N/A;N/A;N/A;N/A;Sí;N/A;N/A;N/A;N/A;N/A;N/A;N/A;N/A;N/A;N/A;N/A;N/A;N/A;N/A;N/A;N/A;N/A;N/A;N/A;N/A;N/A;Sí;Sí;N/A;N/A;N/A;No;N/A;N/A;N/A;N/A;N/A;N/A;N/A;N/A;N/A;N/A;N/A;N/A;N/A;N/A;N/A;N/A;N/A;N/A;N/A;N/A;N/A;N/A;N/A;N/A;N/A;N/A;N/A;N/A;N/A;Sí;N/A;N/A;Sí;Sí;Sí;Sí;N/A;Sí;N/A;N/A;N/A;N/A;Sí;N/A;N/A;N/A;N/A;N/A;Sí;Sí;N/A;Sí;Sí;Sí;Sí;N/A;Sí;N/A;Sí
Renault;Captur;"2.0 Zen";2018;"140000 km";;ISSOGARAGE;16500;;;;;Carrasco;https://auto.mercadolibre.com.uy/MLU-692870200-renault-grand-captur-2018-20-zen-_JM;N/A;;"Renault Grand Captur 2018 2.0 Zen";usd;Sí;gold;false;N/A;N/A;http://perfil.mercadolibre.com.uy/ISSOGARAGE;active;N/A;N/A;Usado;Gris;Sí;Hidráulica;Delantera;Sí;Sí;N/A;N/A;N/A;Sí;N/A;N/A;Sí;N/A;N/A;Sí;Sí;N/A;Sí;N/A;N/A;N/A;N/A;N/A;N/A;N/A;N/A;N/A;N/A;"2670 mm";"2 L";"45 L";6;N/A;N/A;N/A;N/A;N/A;Sí;N/A;N/A;N/A;N/A;N/A;N/A;N/A;N/A;N/A;N/A;N/A;N/A;N/A;N/A;N/A;N/A;N/A;N/A;N/A;N/A;N/A;N/A;N/A;Sí;N/A;N/A;N/A;N/A;N/A;N/A;N/A;N/A;N/A;N/A;N/A;N/A;N/A;N/A;N/A;"1556 mm";"4122 mm";N/A;N/A;N/A;N/A;5;"143 hp";Zen;N/A;4;"1778 mm";N/A;Sí;N/A;Sí;No;N/A;Sí;Sí;N/A;Sí;N/A;N/A;No;Sí;N/A;N/A;Sí;"Lun a Vie 9 a 18:30 - Sab 10 a 16 hs";5;2.0;Nafta;Manual;Hatchback;"Autos y camionetas";No;N/A;N/A;N/A;No;N/A;UY;N/A;Sí;N/A;Sí;N/A;N/A;N/A;N/A;N/A;N/A;N/A;N/A;N/A;N/A;N/A;N/A;N/A;Sí;N/A;N/A;N/A;N/A;N/A;N/A;N/A;N/A;N/A;N/A;N/A;N/A;N/A;N/A;N/A;N/A;N/A;N/A;No;N/A;N/A;N/A;N/A;N/A;N/A;N/A;N/A;N/A;N/A;N/A;N/A;N/A;N/A;N/A;N/A;N/A;No;Sí;N/A;N/A;N/A;N/A;N/A;N/A;N/A;N/A;N/A;N/A;N/A;N/A;N/A;N/A;N/A;N/A;N/A;N/A;N/A;N/A;N/A;N/A;N/A;N/A;N/A;N/A;N/A;N/A;N/A;N/A;N/A;N/A;No;Sí;Sí;Sí;N/A;Sí;N/A;N/A;N/A;N/A;Sí;Sí;Sí;Sí;N/A;N/A;Sí;Sí;Sí;Sí;Sí;Sí;Sí;Sí;Sí;N/A;Sí
Renault;Oroch;"ZEN 1.6 T/M";2024;"0 km";;"AUTOMOTORA MARMOLEJO";23000;;;;;Minas;https://auto.mercadolibre.com.uy/MLU-677030718-renault-oroch-zen-2025entrega-ya-_JM;N/A;;"Renault Oroch Zen 2025.!!entrega Ya¡¡¡¡";usd;Sí;gold;false;N/A;N/A;http://perfil.mercadolibre.com.uy/AUTOMOTORA+MARMOLEJO;active;N/A;N/A;Nuevo;Blanco;N/A;Eléctrica;4x2;Sí;N/A;N/A;N/A;N/A;N/A;N/A;N/A;N/A;N/A;N/A;N/A;Sí;N/A;N/A;N/A;N/A;N/A;N/A;N/A;N/A;N/A;N/A;N/A;N/A;"2890 mm";"1.6 L";"45 L";6;N/A;N/A;N/A;N/A;N/A;N/A;N/A;N/A;N/A;N/A;N/A;N/A;N/A;N/A;N/A;N/A;N/A;N/A;N/A;N/A;N/A;N/A;N/A;N/A;N/A;N/A;N/A;N/A;N/A;N/A;N/A;N/A;N/A;N/A;N/A;N/A;N/A;N/A;N/A;N/A;N/A;N/A;N/A;N/A;N/A;"1694 mm";"4700 mm";N/A;N/A;N/A;N/A;5;"118 hp";Zen;N/A;4;"1821 mm";N/A;Sí;N/A;N/A;N/A;N/A;Sí;Sí;N/A;N/A;N/A;N/A;N/A;Sí;N/A;N/A;N/A;"Lunes a Viernes de 8:30 a 12:00 y de 14:30 a 19:00hs, Sábados 9:00 a 12:00hs.";5;1.6;Nafta;Manual;Pick-Up;"Autos y camionetas";N/A;N/A;N/A;N/A;N/A;N/A;UY;N/A;N/A;N/A;N/A;N/A;N/A;N/A;N/A;N/A;N/A;N/A;N/A;N/A;N/A;N/A;N/A;N/A;N/A;N/A;N/A;N/A;N/A;N/A;N/A;N/A;N/A;N/A;N/A;N/A;N/A;N/A;N/A;N/A;N/A;N/A;N/A;N/A;N/A;N/A;N/A;N/A;N/A;N/A;N/A;N/A;N/A;N/A;N/A;N/A;N/A;N/A;N/A;N/A;N/A;N/A;N/A;N/A;N/A;N/A;N/A;N/A;N/A;N/A;N/A;N/A;N/A;N/A;N/A;N/A;N/A;N/A;N/A;N/A;N/A;N/A;N/A;N/A;N/A;N/A;N/A;N/A;N/A;N/A;N/A;N/A;N/A;N/A;N/A;N/A;N/A;N/A;Sí;N/A;N/A;N/A;N/A;N/A;N/A;Sí;No;N/A;N/A;N/A;N/A;Sí;Sí;Sí;Sí;Sí;Sí;N/A;N/A;N/A;N/A;Sí
Renault;"Duster Oroch";"INTENSE OUTSIDER";2024;"0 km";;SOLYCARAUTOMOVILES;25000;;;;;Solymar;https://auto.mercadolibre.com.uy/MLU-696584340-renault-oroch-intense-outsider-16-2024-0km-solycar-_JM;N/A;;"Renault Oroch Intense Outsider 1.6 2024 0km - Solycar";usd;Sí;gold;false;N/A;N/A;http://perfil.mercadolibre.com.uy/SOLYCARAUTOMOVILES;active;N/A;N/A;Nuevo;Blanco;N/A;Hidráulica;4x2;Sí;Sí;Sí;N/A;N/A;N/A;Sí;Sí;N/A;Sí;Sí;Sí;Sí;N/A;N/A;N/A;N/A;N/A;N/A;N/A;N/A;N/A;N/A;N/A;N/A;N/A;"1600 cc";N/A;6;N/A;N/A;Sí;Sí;Sí;N/A;N/A;N/A;N/A;N/A;N/A;N/A;N/A;N/A;N/A;N/A;N/A;N/A;N/A;N/A;N/A;N/A;N/A;N/A;N/A;Sí;N/A;N/A;N/A;Sí;N/A;N/A;N/A;N/A;N/A;N/A;Sí;N/A;N/A;N/A;N/A;N/A;N/A;N/A;N/A;N/A;N/A;N/A;N/A;N/A;N/A;N/A;"115 hp";Outsider;N/A;N/A;N/A;"14 km/l";N/A;N/A;Sí;N/A;Sí;Sí;Sí;N/A;N/A;N/A;"16 km/l";Sí;N/A;Sí;Sí;N/A;"Lun. a Vie. de 9:30 a 18:30 hs. Sáb. de 9:30 a 14 hs";4;1.6;Nafta;Manual;Pick-Up;"Autos y camionetas";No;N/A;N/A;N/A;No;N/A;UY;No;Sí;No;No;N/A;N/A;N/A;N/A;N/A;N/A;N/A;N/A;N/A;N/A;N/A;N/A;N/A;N/A;N/A;N/A;N/A;N/A;N/A;N/A;N/A;N/A;N/A;N/A;N/A;N/A;N/A;N/A;N/A;N/A;N/A;N/A;Sí;N/A;N/A;N/A;N/A;N/A;N/A;N/A;N/A;N/A;N/A;N/A;N/A;N/A;N/A;N/A;N/A;N/A;Sí;No;N/A;N/A;N/A;N/A;N/A;N/A;N/A;N/A;N/A;N/A;N/A;N/A;N/A;N/A;N/A;N/A;N/A;N/A;N/A;N/A;N/A;N/A;N/A;N/A;N/A;N/A;N/A;N/A;N/A;N/A;N/A;N/A;N/A;Sí;Sí;Sí;N/A;Sí;Sí;Sí;N/A;Sí;Sí;Sí;Sí;N/A;Sí;N/A;Sí;Sí;N/A;Sí;Sí;Sí;N/A;N/A;Sí;N/A;Sí
Renault;"Duster Oroch";INTENS;2025;"0 km";;SOLYCARAUTOMOVILES;26500;;;;;Solymar;https://auto.mercadolibre.com.uy/MLU-690315288-renault-oroch-intens-13-2025-0km-solycar-_JM;N/A;;"Renault Oroch Intens 1.3 2025 0km - Solycar";USD;Sí;gold;false;N/A;N/A;http://perfil.mercadolibre.com.uy/SOLYCARAUTOMOVILES;active;N/A;N/A;Nuevo;Rojo;N/A;Hidráulica;4x2;Sí;Sí;Sí;N/A;N/A;N/A;Sí;Sí;N/A;Sí;Sí;Sí;Sí;N/A;N/A;N/A;N/A;N/A;N/A;N/A;N/A;N/A;N/A;N/A;N/A;N/A;"1300 cc";N/A;8;N/A;N/A;Sí;Sí;Sí;N/A;N/A;N/A;N/A;N/A;N/A;N/A;N/A;N/A;N/A;N/A;N/A;N/A;N/A;N/A;N/A;N/A;N/A;N/A;N/A;Sí;N/A;N/A;N/A;Sí;N/A;N/A;N/A;N/A;N/A;N/A;Sí;N/A;N/A;N/A;N/A;N/A;N/A;N/A;N/A;N/A;N/A;N/A;N/A;N/A;N/A;N/A;"160 hp";N/A;N/A;N/A;N/A;N/A;N/A;N/A;Sí;N/A;Sí;Sí;Sí;N/A;N/A;N/A;N/A;Sí;N/A;Sí;Sí;N/A;"Lun. a Vie. de 9:30 a 18:30 hs. Sáb. de 9:30 a 14 hs";4;1.3;Nafta;"Automática secuencial";Pick-Up;"Autos y camionetas";No;N/A;N/A;N/A;No;N/A;N/A;No;Sí;No;No;N/A;N/A;N/A;N/A;N/A;N/A;N/A;N/A;N/A;N/A;N/A;N/A;N/A;N/A;N/A;N/A;N/A;N/A;N/A;N/A;N/A;N/A;N/A;N/A;N/A;N/A;N/A;N/A;N/A;N/A;N/A;N/A;Sí;N/A;N/A;N/A;N/A;N/A;N/A;N/A;N/A;N/A;N/A;N/A;N/A;N/A;N/A;N/A;N/A;N/A;Sí;No;N/A;N/A;N/A;N/A;N/A;N/A;N/A;N/A;N/A;N/A;N/A;N/A;N/A;N/A;N/A;N/A;N/A;N/A;N/A;N/A;N/A;N/A;N/A;N/A;N/A;N/A;N/A;N/A;N/A;N/A;N/A;N/A;N/A;Sí;Sí;Sí;N/A;Sí;Sí;Sí;N/A;Sí;Sí;Sí;Sí;N/A;Sí;N/A;Sí;Sí;N/A;Sí;Sí;Sí;N/A;N/A;Sí;N/A;Sí
Renault;Kwid;Intense;2018;"105000 km";;AEROCAR2013;12490;;;;;Carrasco;https://auto.mercadolibre.com.uy/MLU-696349700-renault-kwid-intense-10-2018-impecable-interauto-_JM;N/A;;"Renault Kwid Intense 1.0 2018 Impecable! Interauto";usd;Sí;gold;false;N/A;N/A;http://perfil.mercadolibre.com.uy/AEROCAR2013;active;N/A;N/A;Usado;Marrón;N/A;Eléctrica;N/A;Sí;Sí;N/A;N/A;N/A;N/A;N/A;Sí;N/A;N/A;Sí;N/A;Sí;N/A;N/A;N/A;N/A;N/A;N/A;N/A;N/A;N/A;N/A;N/A;N/A;N/A;"1000 cc";N/A;5;N/A;N/A;Sí;N/A;N/A;N/A;N/A;N/A;N/A;N/A;N/A;N/A;N/A;N/A;N/A;N/A;N/A;N/A;N/A;N/A;N/A;N/A;N/A;N/A;N/A;Sí;N/A;N/A;N/A;N/A;N/A;N/A;N/A;N/A;N/A;N/A;N/A;N/A;N/A;N/A;N/A;N/A;N/A;N/A;N/A;N/A;N/A;N/A;N/A;N/A;N/A;N/A;N/A;Intense;N/A;N/A;N/A;"16 km/l";N/A;N/A;N/A;N/A;N/A;N/A;N/A;Sí;N/A;N/A;"30 km/l";N/A;N/A;N/A;N/A;Sí;"Lunes a Domingo de 9 a 18:30 hs";5;1.0;Nafta;Manual;Hatchback;"Autos y camionetas";No;N/A;N/A;N/A;No;N/A;UY;No;Sí;No;No;N/A;N/A;N/A;N/A;N/A;N/A;N/A;N/A;N/A;N/A;N/A;N/A;N/A;N/A;N/A;N/A;N/A;N/A;N/A;N/A;N/A;N/A;N/A;N/A;N/A;N/A;N/A;N/A;N/A;N/A;N/A;N/A;N/A;N/A;N/A;N/A;N/A;N/A;N/A;N/A;N/A;N/A;N/A;N/A;N/A;N/A;N/A;N/A;N/A;N/A;N/A;No;N/A;N/A;N/A;N/A;N/A;N/A;N/A;N/A;N/A;N/A;N/A;N/A;N/A;N/A;N/A;N/A;N/A;N/A;N/A;N/A;N/A;N/A;N/A;N/A;N/A;N/A;N/A;N/A;N/A;N/A;N/A;N/A;N/A;Sí;Sí;N/A;N/A;Sí;N/A;Sí;N/A;N/A;Sí;N/A;Sí;N/A;N/A;N/A;N/A;N/A;N/A;Sí;N/A;N/A;N/A;N/A;N/A;N/A;Sí
Renault;Clio;"mio 1.2";2015;"60000 km";;"AMAYAPUENTE VENTASJOSE";11400;;;;;"San José de Carrasco";https://auto.mercadolibre.com.uy/MLU-705004830-renault-clio-mio-2-ano-2015-excelente-estado-con-60000km-_JM;N/A;;"Renault Clio Mio 2 Año 2015 Excelente Estado Con 60.000km";USD;Sí;gold;false;N/A;N/A;http://perfil.mercadolibre.com.uy/AMAYAPUENTE+VENTASJOSE;active;N/A;N/A;Usado;Rojo;N/A;Hidráulica;Delantera;N/A;N/A;N/A;N/A;N/A;N/A;N/A;N/A;N/A;N/A;N/A;N/A;N/A;N/A;N/A;N/A;N/A;N/A;N/A;N/A;N/A;N/A;N/A;N/A;N/A;N/A;N/A;N/A;N/A;N/A;N/A;N/A;N/A;N/A;N/A;N/A;N/A;N/A;N/A;N/A;N/A;N/A;N/A;N/A;N/A;N/A;N/A;N/A;N/A;N/A;N/A;N/A;N/A;N/A;N/A;N/A;N/A;N/A;N/A;N/A;N/A;N/A;N/A;N/A;N/A;N/A;N/A;N/A;N/A;N/A;N/A;N/A;N/A;N/A;N/A;N/A;N/A;N/A;N/A;N/A;N/A;N/A;N/A;N/A;N/A;N/A;N/A;No;N/A;N/A;N/A;N/A;Sí;Sí;N/A;N/A;N/A;N/A;N/A;N/A;N/A;N/A;N/A;"Atención Permanente";4;1.2;Nafta;Manual;Sedán;"Autos y camionetas";N/A;N/A;N/A;N/A;N/A;N/A;N/A;N/A;N/A;N/A;N/A;N/A;N/A;N/A;N/A;N/A;N/A;N/A;N/A;N/A;N/A;N/A;N/A;N/A;N/A;N/A;N/A;N/A;N/A;N/A;N/A;N/A;N/A;N/A;N/A;N/A;N/A;N/A;N/A;N/A;N/A;N/A;N/A;N/A;N/A;N/A;N/A;N/A;N/A;N/A;N/A;N/A;N/A;N/A;N/A;N/A;N/A;N/A;N/A;N/A;N/A;N/A;N/A;N/A;N/A;N/A;N/A;N/A;N/A;N/A;N/A;N/A;N/A;N/A;N/A;N/A;N/A;N/A;N/A;N/A;N/A;N/A;N/A;N/A;N/A;N/A;N/A;N/A;N/A;N/A;N/A;N/A;N/A;N/A;N/A;N/A;N/A;N/A;N/A;N/A;N/A;N/A;N/A;N/A;N/A;N/A;N/A;N/A;N/A;N/A;N/A;N/A;N/A;N/A;N/A;N/A;N/A;N/A;N/A;N/A;N/A;N/A
Renault;"Duster Oroch";Expression;2018;"131178 km";;D.MORALESAUTOMOTORES;16900;;;;;"San Jacinto";https://auto.mercadolibre.com.uy/MLU-702651824-renault-oroch-expression-16-2018-impecable-_JM;N/A;;"Renault Oroch Expression 1.6 2018 Impecable!";USD;Sí;gold;false;N/A;N/A;http://perfil.mercadolibre.com.uy/D.MORALESAUTOMOTORES;active;N/A;N/A;Usado;Rojo;Sí;Hidráulica;4x2;Sí;Sí;Sí;N/A;N/A;N/A;Sí;N/A;N/A;N/A;N/A;N/A;Sí;N/A;N/A;N/A;N/A;N/A;N/A;N/A;N/A;N/A;N/A;N/A;N/A;N/A;"1600 cc";N/A;5;N/A;N/A;N/A;N/A;N/A;N/A;N/A;N/A;N/A;N/A;N/A;N/A;N/A;N/A;N/A;N/A;N/A;N/A;N/A;N/A;N/A;N/A;N/A;N/A;N/A;N/A;N/A;N/A;N/A;N/A;N/A;N/A;N/A;N/A;N/A;N/A;N/A;N/A;N/A;N/A;N/A;N/A;N/A;N/A;N/A;N/A;N/A;N/A;N/A;N/A;N/A;N/A;N/A;N/A;N/A;N/A;N/A;N/A;N/A;N/A;N/A;N/A;N/A;N/A;N/A;N/A;N/A;N/A;N/A;N/A;N/A;N/A;Sí;N/A;"Lun. a Vie. de 9 a 18:30 hs. Sáb. de 9 a 12:30 hs";4;1.6;Nafta;Manual;Pick-Up;"Autos y camionetas";No;N/A;N/A;N/A;No;N/A;N/A;No;Sí;No;No;N/A;N/A;N/A;N/A;N/A;N/A;N/A;N/A;N/A;N/A;N/A;N/A;N/A;N/A;N/A;N/A;N/A;N/A;N/A;N/A;N/A;N/A;N/A;N/A;N/A;N/A;N/A;N/A;N/A;N/A;N/A;N/A;N/A;N/A;N/A;N/A;N/A;N/A;N/A;N/A;N/A;N/A;N/A;N/A;N/A;N/A;N/A;N/A;N/A;N/A;N/A;No;N/A;N/A;N/A;N/A;N/A;N/A;N/A;N/A;N/A;N/A;N/A;N/A;N/A;N/A;N/A;N/A;N/A;N/A;N/A;N/A;N/A;N/A;N/A;N/A;N/A;N/A;N/A;N/A;N/A;N/A;N/A;N/A;N/A;Sí;N/A;Sí;N/A;Sí;N/A;N/A;N/A;Sí;Sí;N/A;Sí;N/A;N/A;N/A;N/A;N/A;N/A;Sí;N/A;N/A;N/A;N/A;N/A;N/A;N/A
Renault;Duster;"4X4 DYNAMIQUE";2018;"120000 km";;"DOURADO MOTORS";16500;;;;;Carrasco;https://auto.mercadolibre.com.uy/MLU-706232480-renault-duster-4x4-dynamique-20-2018-impecable-_JM;N/A;;"Renault Duster 4x4 Dynamique 2.0 2018 Impecable!";usd;Sí;gold;false;N/A;N/A;http://perfil.mercadolibre.com.uy/DOURADO+MOTORS;active;N/A;N/A;Usado;Blanco;Sí;Hidráulica;N/A;Sí;Sí;Sí;N/A;N/A;N/A;Sí;Sí;N/A;N/A;Sí;Sí;Sí;N/A;N/A;N/A;N/A;N/A;N/A;N/A;N/A;N/A;N/A;N/A;N/A;N/A;"2000 cc";N/A;6;N/A;N/A;N/A;N/A;Sí;N/A;N/A;N/A;N/A;N/A;N/A;N/A;N/A;N/A;N/A;N/A;N/A;N/A;N/A;N/A;N/A;N/A;N/A;Sí;N/A;Sí;N/A;N/A;N/A;N/A;N/A;N/A;N/A;N/A;N/A;N/A;N/A;N/A;N/A;N/A;N/A;N/A;Sí;N/A;N/A;N/A;N/A;N/A;N/A;N/A;N/A;N/A;"143 hp";Dynamique;N/A;N/A;N/A;"10 km/l";N/A;N/A;N/A;Sí;Sí;Sí;Sí;Sí;N/A;N/A;"12 km/l";N/A;N/A;N/A;N/A;Sí;"Lun. a Vie. de 8:30 a 18:30 hs. Sáb. de 10 a 14 hs.";5;2.0;Nafta;Manual;SUV;"Autos y camionetas";No;N/A;N/A;N/A;No;N/A;UY;No;Sí;No;No;N/A;N/A;N/A;N/A;N/A;N/A;N/A;N/A;N/A;N/A;N/A;N/A;N/A;N/A;N/A;N/A;N/A;N/A;N/A;N/A;N/A;N/A;N/A;N/A;N/A;N/A;N/A;N/A;N/A;N/A;N/A;N/A;No;N/A;N/A;N/A;N/A;N/A;N/A;N/A;N/A;N/A;N/A;N/A;N/A;N/A;N/A;N/A;N/A;N/A;Sí;No;N/A;N/A;N/A;N/A;N/A;N/A;N/A;N/A;N/A;N/A;N/A;N/A;N/A;N/A;N/A;N/A;N/A;N/A;N/A;N/A;N/A;N/A;N/A;N/A;N/A;N/A;N/A;N/A;N/A;N/A;N/A;N/A;N/A;Sí;N/A;Sí;N/A;Sí;Sí;Sí;N/A;Sí;Sí;N/A;Sí;N/A;N/A;N/A;Sí;Sí;N/A;Sí;Sí;N/A;N/A;N/A;N/A;N/A;Sí
Renault;Logan;"1.6 Authentique 85cv";2018;"116000 km";;"PAK AUTOMOVILES";11500;;;;;Malvin;https://auto.mercadolibre.com.uy/MLU-704819462-renault-logan-16-authentique-85cv-_JM;N/A;;"Renault Logan 1.6 Authentique 85cv";usd;Sí;gold;false;N/A;N/A;http://perfil.mercadolibre.com.uy/PAK+AUTOMOVILES;active;N/A;N/A;Usado;Gris;N/A;Hidráulica;Delantera;N/A;N/A;N/A;N/A;N/A;N/A;N/A;N/A;N/A;N/A;N/A;N/A;N/A;N/A;N/A;N/A;N/A;N/A;N/A;N/A;N/A;N/A;N/A;N/A;N/A;"2635 mm";"1.6 L";"50 L";5;N/A;N/A;N/A;N/A;N/A;N/A;N/A;N/A;N/A;N/A;N/A;N/A;N/A;N/A;N/A;N/A;N/A;N/A;N/A;N/A;N/A;N/A;N/A;N/A;N/A;N/A;N/A;N/A;N/A;N/A;N/A;N/A;N/A;N/A;N/A;N/A;N/A;N/A;N/A;N/A;N/A;N/A;N/A;N/A;N/A;"1529 mm";"4350 mm";N/A;N/A;N/A;N/A;5;"85 hp";Authentique;N/A;2;"1733 mm";"12.5 km/l";N/A;N/A;N/A;N/A;N/A;N/A;N/A;N/A;N/A;N/A;N/A;N/A;N/A;N/A;N/A;N/A;N/A;4;1.6;Nafta;Manual;Sedán;"Autos y camionetas";N/A;N/A;N/A;N/A;N/A;N/A;UY;N/A;N/A;N/A;N/A;N/A;N/A;N/A;N/A;N/A;N/A;N/A;N/A;N/A;N/A;N/A;N/A;N/A;N/A;N/A;N/A;N/A;N/A;N/A;N/A;N/A;N/A;N/A;N/A;N/A;N/A;N/A;N/A;N/A;N/A;N/A;N/A;N/A;N/A;N/A;N/A;N/A;N/A;N/A;N/A;N/A;N/A;N/A;N/A;N/A;N/A;N/A;N/A;N/A;N/A;N/A;N/A;N/A;N/A;N/A;N/A;N/A;N/A;N/A;N/A;N/A;N/A;N/A;N/A;N/A;N/A;N/A;N/A;N/A;N/A;N/A;N/A;N/A;N/A;N/A;N/A;N/A;N/A;N/A;N/A;N/A;N/A;N/A;N/A;N/A;N/A;N/A;N/A;N/A;N/A;N/A;N/A;N/A;N/A;N/A;N/A;N/A;N/A;N/A;N/A;N/A;N/A;N/A;N/A;N/A;N/A;N/A;N/A;N/A;N/A;N/A
Renault;Kwid;"1.0 Sce 66cv Life";2019;"120000 km";;"PAK AUTOMOVILES";10350;;;;;Malvin;https://auto.mercadolibre.com.uy/MLU-701626218-renault-kwid-10-sce-66cv-life-_JM;N/A;;"Renault Kwid 1.0 Sce 66cv Life";usd;Sí;gold;false;N/A;N/A;http://perfil.mercadolibre.com.uy/PAK+AUTOMOVILES;active;N/A;N/A;Usado;Gris;N/A;Hidráulica;Delantera;N/A;N/A;Sí;N/A;N/A;N/A;N/A;N/A;N/A;N/A;N/A;N/A;N/A;N/A;N/A;N/A;N/A;N/A;N/A;N/A;N/A;N/A;N/A;N/A;N/A;"2423 mm";"1 L";"50 L";5;N/A;N/A;N/A;N/A;N/A;N/A;N/A;N/A;N/A;N/A;N/A;N/A;N/A;N/A;N/A;N/A;N/A;N/A;N/A;N/A;N/A;N/A;N/A;N/A;N/A;N/A;N/A;N/A;N/A;N/A;N/A;N/A;N/A;N/A;N/A;N/A;N/A;N/A;N/A;N/A;N/A;N/A;N/A;N/A;N/A;"1474 mm";"3680 mm";N/A;N/A;N/A;N/A;5;"66 hp";Life;N/A;4;"1752 mm";N/A;N/A;N/A;N/A;N/A;N/A;N/A;N/A;N/A;N/A;N/A;N/A;N/A;N/A;N/A;N/A;N/A;N/A;5;1.0;Nafta;Manual;Hatchback;"Autos y camionetas";N/A;N/A;N/A;N/A;N/A;N/A;UY;N/A;Sí;N/A;Sí;N/A;N/A;N/A;N/A;N/A;N/A;N/A;N/A;N/A;N/A;N/A;N/A;N/A;N/A;N/A;N/A;N/A;N/A;N/A;N/A;N/A;N/A;N/A;N/A;N/A;N/A;N/A;N/A;N/A;N/A;N/A;N/A;N/A;N/A;N/A;N/A;N/A;N/A;N/A;N/A;N/A;N/A;N/A;N/A;N/A;N/A;N/A;N/A;N/A;N/A;N/A;N/A;N/A;N/A;N/A;N/A;N/A;N/A;N/A;N/A;N/A;N/A;N/A;N/A;N/A;N/A;N/A;N/A;N/A;N/A;N/A;N/A;N/A;N/A;N/A;N/A;N/A;N/A;N/A;N/A;N/A;N/A;N/A;N/A;N/A;N/A;N/A;N/A;N/A;N/A;N/A;N/A;N/A;N/A;N/A;N/A;N/A;N/A;N/A;N/A;N/A;N/A;N/A;N/A;N/A;N/A;N/A;N/A;N/A;N/A;N/A
Renault;"Duster Oroch";"INTENS 1.3T cvt 4x2";2024;"0 km";;D.MORALESAUTOMOTORES;26490;;;;;"San Jacinto";https://auto.mercadolibre.com.uy/MLU-702234390-renault-oroch-intens-13t-cvt-4x2-13-2024-0km-_JM;N/A;;"Renault Oroch Intens 1.3t Cvt 4x2 1.3 2024 0km";usd;Sí;gold;false;N/A;N/A;http://perfil.mercadolibre.com.uy/D.MORALESAUTOMOTORES;active;N/A;N/A;Nuevo;N/A;N/A;Hidráulica;N/A;Sí;Sí;Sí;N/A;Sí;N/A;Sí;N/A;N/A;N/A;N/A;N/A;Sí;N/A;N/A;N/A;N/A;N/A;N/A;N/A;N/A;N/A;N/A;N/A;N/A;N/A;"1300 cc";N/A;8;N/A;N/A;Sí;N/A;N/A;N/A;N/A;N/A;N/A;N/A;N/A;N/A;N/A;N/A;N/A;N/A;N/A;N/A;N/A;N/A;N/A;N/A;N/A;N/A;N/A;Sí;N/A;N/A;N/A;N/A;N/A;N/A;N/A;N/A;N/A;N/A;N/A;N/A;N/A;N/A;N/A;N/A;N/A;N/A;N/A;N/A;N/A;N/A;N/A;N/A;N/A;N/A;N/A;N/A;N/A;N/A;N/A;N/A;N/A;N/A;N/A;Sí;Sí;N/A;Sí;N/A;N/A;N/A;N/A;N/A;N/A;N/A;Sí;N/A;"Lun. a Vie. de 9 a 18:30 hs. Sáb. de 9 a 12:30 hs";4;1.3;Nafta;Automática;Pick-Up;"Autos y camionetas";No;N/A;N/A;N/A;No;N/A;UY;No;Sí;No;No;N/A;N/A;N/A;N/A;N/A;N/A;N/A;N/A;N/A;N/A;N/A;N/A;N/A;N/A;N/A;N/A;N/A;N/A;N/A;N/A;N/A;N/A;N/A;N/A;N/A;N/A;N/A;N/A;N/A;N/A;N/A;N/A;Sí;N/A;N/A;N/A;N/A;N/A;N/A;N/A;N/A;N/A;N/A;N/A;N/A;N/A;N/A;N/A;N/A;N/A;Sí;No;N/A;N/A;N/A;N/A;N/A;N/A;N/A;N/A;N/A;N/A;N/A;N/A;N/A;N/A;N/A;N/A;N/A;N/A;N/A;N/A;N/A;N/A;N/A;N/A;N/A;N/A;N/A;N/A;N/A;N/A;N/A;N/A;N/A;Sí;N/A;Sí;N/A;Sí;N/A;N/A;N/A;Sí;Sí;N/A;Sí;N/A;N/A;N/A;N/A;Sí;N/A;Sí;Sí;Sí;N/A;N/A;Sí;N/A;Sí
Renault;Duster;"1.6 Ph2 4x2 Dynamique 110cv";2016;"120000 km";;"PAK AUTOMOVILES";14250;;;;;Malvin;https://auto.mercadolibre.com.uy/MLU-703040972-renault-duster-16-ph2-4x2-dynamique-110cv-_JM;N/A;;"Renault Duster 1.6 Ph2 4x2 Dynamique 110cv";usd;Sí;gold;false;N/A;N/A;http://perfil.mercadolibre.com.uy/PAK+AUTOMOVILES;active;N/A;N/A;Usado;Negro;N/A;Hidráulica;4x2;N/A;N/A;Sí;N/A;N/A;N/A;N/A;N/A;N/A;N/A;N/A;N/A;N/A;N/A;N/A;N/A;N/A;N/A;N/A;N/A;N/A;N/A;N/A;N/A;N/A;"2674 mm";"1.6 L";"50 L";5;N/A;N/A;N/A;N/A;N/A;N/A;N/A;N/A;N/A;N/A;N/A;N/A;N/A;N/A;N/A;N/A;N/A;N/A;N/A;N/A;N/A;N/A;N/A;N/A;N/A;N/A;N/A;N/A;N/A;N/A;N/A;N/A;N/A;N/A;N/A;N/A;N/A;N/A;N/A;N/A;N/A;N/A;N/A;N/A;N/A;"1683 mm";"4329 mm";N/A;N/A;N/A;N/A;5;"110 hp";Dynamique;N/A;4;"1822 mm";"11.1 km/l";N/A;N/A;N/A;N/A;N/A;N/A;N/A;N/A;N/A;N/A;"10.4 km/l";N/A;N/A;N/A;N/A;N/A;N/A;5;1.6;Nafta;Manual;SUV;"Autos y camionetas";N/A;N/A;N/A;N/A;N/A;N/A;UY;N/A;N/A;N/A;N/A;N/A;N/A;N/A;N/A;N/A;N/A;N/A;N/A;N/A;N/A;N/A;N/A;N/A;N/A;N/A;N/A;N/A;N/A;N/A;N/A;N/A;N/A;N/A;N/A;N/A;N/A;N/A;N/A;N/A;N/A;N/A;N/A;N/A;N/A;N/A;N/A;N/A;N/A;N/A;N/A;N/A;N/A;N/A;N/A;N/A;N/A;N/A;N/A;N/A;N/A;N/A;N/A;N/A;N/A;N/A;N/A;N/A;N/A;N/A;N/A;N/A;N/A;N/A;N/A;N/A;N/A;N/A;N/A;N/A;N/A;N/A;N/A;N/A;N/A;N/A;N/A;N/A;N/A;N/A;N/A;N/A;N/A;N/A;N/A;N/A;N/A;N/A;N/A;N/A;N/A;N/A;N/A;N/A;N/A;N/A;N/A;N/A;N/A;N/A;N/A;N/A;N/A;N/A;N/A;N/A;N/A;N/A;N/A;N/A;N/A;N/A
Renault;Oroch;"INTENS OUTSIDER T/M 1.6";2025;"0 km";;"AUTOMOTORA MARMOLEJO";25000;;;;;Minas;https://auto.mercadolibre.com.uy/MLU-702240934-renault-oroch-intens-outsider-tm-16-ano-2025-_JM;N/A;;"Renault Oroch Intens Outsider T/m 1.6, Año 2025";USD;Sí;gold;false;N/A;N/A;http://perfil.mercadolibre.com.uy/AUTOMOTORA+MARMOLEJO;active;N/A;N/A;Nuevo;Gris;N/A;N/A;4x2;N/A;N/A;N/A;N/A;N/A;N/A;N/A;N/A;N/A;N/A;N/A;Sí;N/A;N/A;N/A;N/A;N/A;N/A;N/A;N/A;N/A;N/A;N/A;N/A;N/A;N/A;N/A;N/A;N/A;N/A;N/A;N/A;N/A;N/A;N/A;N/A;N/A;N/A;N/A;N/A;N/A;N/A;N/A;N/A;N/A;N/A;N/A;N/A;N/A;N/A;N/A;N/A;N/A;N/A;N/A;N/A;N/A;N/A;N/A;N/A;N/A;N/A;N/A;N/A;N/A;N/A;N/A;N/A;N/A;N/A;N/A;N/A;N/A;N/A;N/A;N/A;N/A;N/A;N/A;N/A;N/A;N/A;N/A;N/A;N/A;N/A;N/A;Sí;N/A;N/A;N/A;N/A;Sí;Sí;N/A;N/A;N/A;N/A;Sí;N/A;N/A;N/A;N/A;"Lunes a Viernes de 8:30 a 12:00 y de 14:30 a 19:00hs, Sábados de 9:00 a 12:00hs.";5;1.6;Nafta;Manual;Pick-Up;"Autos y camionetas";N/A;N/A;N/A;N/A;N/A;N/A;N/A;N/A;N/A;N/A;N/A;N/A;N/A;N/A;N/A;N/A;N/A;N/A;N/A;N/A;N/A;N/A;N/A;N/A;Sí;N/A;N/A;N/A;N/A;N/A;N/A;N/A;N/A;N/A;N/A;N/A;N/A;N/A;N/A;N/A;N/A;N/A;N/A;N/A;N/A;N/A;N/A;N/A;N/A;N/A;N/A;N/A;N/A;N/A;N/A;N/A;N/A;N/A;N/A;N/A;N/A;N/A;N/A;N/A;N/A;N/A;N/A;N/A;N/A;N/A;N/A;N/A;N/A;N/A;N/A;N/A;N/A;N/A;N/A;N/A;N/A;N/A;N/A;N/A;N/A;N/A;N/A;N/A;N/A;N/A;N/A;N/A;N/A;N/A;N/A;N/A;Sí;Sí;N/A;N/A;Sí;N/A;N/A;N/A;N/A;Sí;Sí;Sí;N/A;N/A;N/A;Sí;N/A;N/A;N/A;N/A;N/A;N/A;N/A;N/A;N/A;N/A
Renault;"Oroch 1.6";"INTENS OUTSIDER T/M";2025;"0 km";;"AUTOMOTORA MARMOLEJO";25000;;;;;Minas;https://auto.mercadolibre.com.uy/MLU-702331362-nueva-oroch-intens-outsider-tm-16-ano-2025-_JM;N/A;;"Nueva Oroch Intens Outsider T/m 1.6, Año 2025.";USD;Sí;gold;false;N/A;N/A;http://perfil.mercadolibre.com.uy/AUTOMOTORA+MARMOLEJO;active;N/A;N/A;Nuevo;Blanco;N/A;Eléctrica;4x2;N/A;N/A;N/A;N/A;N/A;N/A;N/A;N/A;N/A;N/A;N/A;Sí;Sí;N/A;N/A;N/A;N/A;N/A;N/A;N/A;N/A;N/A;N/A;N/A;N/A;N/A;N/A;N/A;N/A;N/A;N/A;N/A;N/A;N/A;Sí;N/A;N/A;N/A;N/A;N/A;N/A;N/A;N/A;N/A;N/A;N/A;N/A;N/A;N/A;N/A;N/A;N/A;N/A;N/A;N/A;N/A;N/A;N/A;N/A;N/A;N/A;N/A;N/A;N/A;N/A;N/A;N/A;N/A;N/A;N/A;N/A;N/A;N/A;N/A;N/A;N/A;N/A;N/A;N/A;N/A;N/A;N/A;N/A;N/A;N/A;N/A;N/A;Sí;N/A;Sí;N/A;N/A;Sí;Sí;N/A;N/A;N/A;N/A;Sí;N/A;N/A;N/A;N/A;"Lunes a Viernes de 8:30 a 12:00 y de 14:30 a 19:00hs, Sábados de 9:00 a 12:00hs.";5;1.6;Nafta;Manual;N/A;"Autos y camionetas";N/A;N/A;N/A;N/A;N/A;N/A;N/A;N/A;Sí;N/A;N/A;N/A;N/A;N/A;N/A;N/A;N/A;N/A;N/A;N/A;N/A;N/A;N/A;N/A;Sí;N/A;N/A;N/A;N/A;N/A;N/A;N/A;N/A;N/A;N/A;N/A;N/A;N/A;N/A;N/A;N/A;N/A;N/A;Sí;N/A;N/A;N/A;N/A;N/A;N/A;N/A;N/A;N/A;N/A;N/A;N/A;N/A;N/A;N/A;N/A;N/A;N/A;N/A;N/A;N/A;N/A;N/A;N/A;N/A;N/A;N/A;N/A;N/A;N/A;N/A;N/A;N/A;N/A;N/A;N/A;N/A;N/A;N/A;N/A;N/A;N/A;N/A;N/A;N/A;N/A;N/A;N/A;N/A;N/A;N/A;N/A;Sí;Sí;Sí;N/A;Sí;N/A;N/A;N/A;N/A;Sí;Sí;Sí;N/A;N/A;N/A;Sí;N/A;Sí;N/A;N/A;N/A;N/A;N/A;N/A;N/A;N/A
Renault;Oroch;Privilege;2021;"60000 km";;SOBRERO.AUTOMOVILES;19900;;;;;Sayago;https://auto.mercadolibre.com.uy/MLU-705176162-renault-oroch-privilege-20-inmaculada-_JM;N/A;;"Renault Oroch Privilege 2.0 Inmaculada!!!!";usd;Sí;gold;false;N/A;N/A;http://perfil.mercadolibre.com.uy/SOBRERO.AUTOMOVILES;active;N/A;N/A;Usado;Blanco;N/A;Hidráulica;4x2;Sí;Sí;N/A;N/A;N/A;N/A;N/A;N/A;N/A;N/A;N/A;N/A;Sí;N/A;N/A;N/A;N/A;N/A;N/A;N/A;N/A;N/A;N/A;N/A;N/A;"2829 mm";"2 L";"50 L";6;N/A;N/A;N/A;N/A;N/A;Sí;N/A;N/A;N/A;N/A;N/A;N/A;N/A;N/A;N/A;N/A;N/A;N/A;N/A;N/A;N/A;N/A;N/A;N/A;N/A;N/A;N/A;N/A;N/A;N/A;N/A;N/A;N/A;N/A;N/A;N/A;N/A;N/A;N/A;N/A;N/A;N/A;N/A;N/A;N/A;"1683 mm";"4329 mm";N/A;N/A;N/A;N/A;5;"143 hp";Privilege;N/A;4;"1821 mm";"10.8 km/l";N/A;N/A;N/A;N/A;N/A;N/A;Sí;N/A;N/A;N/A;N/A;N/A;N/A;N/A;N/A;N/A;N/A;4;2.0;Nafta;Manual;Pick-Up;"Autos y camionetas";N/A;N/A;N/A;N/A;N/A;N/A;UY;N/A;N/A;N/A;N/A;N/A;N/A;N/A;N/A;N/A;N/A;N/A;N/A;N/A;N/A;N/A;N/A;N/A;N/A;N/A;N/A;N/A;N/A;N/A;N/A;N/A;N/A;N/A;N/A;N/A;N/A;N/A;N/A;N/A;N/A;N/A;N/A;N/A;N/A;N/A;N/A;N/A;N/A;N/A;N/A;N/A;N/A;N/A;N/A;N/A;N/A;N/A;N/A;N/A;N/A;N/A;N/A;N/A;N/A;N/A;N/A;N/A;N/A;N/A;N/A;N/A;N/A;N/A;N/A;N/A;N/A;N/A;N/A;N/A;N/A;N/A;N/A;N/A;N/A;N/A;N/A;N/A;N/A;N/A;N/A;N/A;N/A;N/A;N/A;N/A;Sí;N/A;Sí;N/A;N/A;N/A;N/A;N/A;N/A;Sí;N/A;N/A;N/A;N/A;N/A;N/A;N/A;N/A;Sí;Sí;Sí;N/A;N/A;Sí;N/A;Sí
Renault;Oroch;"1.3 Tce Intens Outsider 2Wd Cvt";2025;"6700 km";;PAREJAAUTOMOVILES;24990;;;;;Pocitos;https://auto.mercadolibre.com.uy/MLU-706221112-renault-oroch-13-tce-intens-outsider-2wd-cvt-_JM;N/A;;"Renault Oroch 1.3 Tce Intens Outsider 2wd Cvt";usd;Sí;gold;false;N/A;N/A;http://perfil.mercadolibre.com.uy/PAREJAAUTOMOVILES;active;N/A;N/A;Usado;Gris;Sí;Hidráulica;Delantera;N/A;N/A;N/A;N/A;N/A;N/A;N/A;N/A;N/A;N/A;N/A;N/A;N/A;N/A;N/A;N/A;N/A;N/A;N/A;N/A;N/A;N/A;N/A;N/A;N/A;"2890 mm";"1.3 L";"45 L";8;N/A;N/A;N/A;N/A;N/A;N/A;N/A;N/A;N/A;N/A;N/A;N/A;N/A;N/A;N/A;N/A;N/A;N/A;N/A;N/A;N/A;N/A;N/A;N/A;N/A;N/A;N/A;N/A;N/A;N/A;N/A;N/A;N/A;N/A;N/A;N/A;N/A;N/A;N/A;N/A;N/A;N/A;N/A;N/A;N/A;"1694 mm";"4719 mm";N/A;N/A;N/A;N/A;5;"156 hp";"Intens Outsider";N/A;4;"1834 mm";N/A;N/A;N/A;N/A;N/A;N/A;N/A;N/A;N/A;N/A;N/A;N/A;N/A;N/A;N/A;N/A;N/A;"De Lunes a Viernes de 10 a 18 hs";4;1.3;Nafta;Automática;Pick-Up;"Autos y camionetas";N/A;N/A;N/A;N/A;N/A;N/A;UY;N/A;N/A;N/A;N/A;N/A;N/A;N/A;N/A;N/A;N/A;N/A;N/A;N/A;N/A;N/A;N/A;N/A;N/A;N/A;N/A;N/A;N/A;N/A;N/A;N/A;N/A;N/A;N/A;N/A;N/A;N/A;N/A;N/A;N/A;N/A;N/A;N/A;N/A;N/A;N/A;N/A;N/A;N/A;N/A;N/A;N/A;N/A;N/A;N/A;N/A;N/A;N/A;N/A;N/A;N/A;N/A;N/A;N/A;N/A;N/A;N/A;N/A;N/A;N/A;N/A;N/A;N/A;N/A;N/A;N/A;N/A;N/A;N/A;N/A;N/A;N/A;N/A;N/A;N/A;N/A;N/A;N/A;N/A;N/A;N/A;N/A;N/A;N/A;N/A;N/A;N/A;N/A;N/A;N/A;N/A;N/A;N/A;N/A;N/A;N/A;N/A;N/A;N/A;N/A;N/A;N/A;N/A;N/A;N/A;N/A;N/A;N/A;N/A;N/A;N/A
Renault;Clio;"1.2 Iv Fase Ii Expression";2017;"97000 km";;ROVELLAAUTOMOVILES;13790;;;;;Goes;https://auto.mercadolibre.com.uy/MLU-705265428-renault-clio-12-iv-fase-ii-expression-extra-full-nuevo--_JM;N/A;;"Renault Clio 1.2 Iv Fase Ii Expression Extra Full Nuevo !!";usd;Sí;gold;false;N/A;N/A;http://perfil.mercadolibre.com.uy/ROVELLAAUTOMOVILES;active;N/A;N/A;Usado;Blanco;Sí;Hidráulica;Delantera;Sí;Sí;Sí;N/A;N/A;N/A;N/A;N/A;N/A;N/A;N/A;N/A;Sí;N/A;Sí;N/A;N/A;N/A;N/A;N/A;N/A;N/A;N/A;N/A;N/A;"2472 mm";"1.2 L";"50 L";5;N/A;N/A;N/A;N/A;N/A;Sí;N/A;N/A;N/A;N/A;N/A;N/A;N/A;N/A;N/A;N/A;N/A;N/A;N/A;N/A;N/A;N/A;N/A;N/A;N/A;N/A;N/A;N/A;N/A;N/A;N/A;N/A;N/A;N/A;N/A;N/A;N/A;N/A;N/A;N/A;N/A;N/A;N/A;N/A;N/A;"1417 mm";"3811 mm";N/A;N/A;N/A;N/A;5;"75 hp";Authentique;N/A;4;"1639 mm";N/A;Sí;N/A;N/A;Sí;N/A;Sí;Sí;N/A;N/A;N/A;N/A;N/A;N/A;N/A;N/A;Sí;"Lunes a viernes 9 a 17hs";5;1.2;Nafta;Manual;Hatchback;"Autos y camionetas";N/A;N/A;N/A;N/A;N/A;N/A;UY;N/A;Sí;N/A;N/A;N/A;N/A;N/A;N/A;N/A;N/A;N/A;N/A;N/A;N/A;N/A;N/A;N/A;No;N/A;N/A;N/A;N/A;N/A;N/A;N/A;N/A;N/A;N/A;N/A;N/A;N/A;N/A;N/A;N/A;N/A;N/A;N/A;N/A;N/A;N/A;N/A;N/A;N/A;N/A;N/A;N/A;N/A;N/A;N/A;N/A;N/A;N/A;N/A;N/A;N/A;N/A;N/A;N/A;N/A;N/A;N/A;N/A;N/A;N/A;N/A;N/A;N/A;N/A;N/A;N/A;N/A;N/A;N/A;N/A;N/A;N/A;N/A;N/A;N/A;N/A;N/A;N/A;N/A;N/A;N/A;N/A;N/A;N/A;N/A;Sí;Sí;Sí;N/A;Sí;N/A;N/A;N/A;N/A;Sí;Sí;N/A;Sí;N/A;N/A;Sí;N/A;Sí;Sí;Sí;Sí;N/A;N/A;Sí;N/A;Sí
Renault;Clio;"Mio 1.2";2015;"60000 km";;"AMAYA FABIANDASILVA";11400;;;;;"Barra de Carrasco";https://auto.mercadolibre.com.uy/MLU-704632104-renault-clio-mio-plus-_JM;N/A;;"Renault Clio Mío Plus";USD;Sí;gold;false;N/A;N/A;http://perfil.mercadolibre.com.uy/AMAYA+FABIANDASILVA;active;N/A;N/A;Usado;Rojo;N/A;Hidráulica;Delantera;N/A;N/A;N/A;N/A;N/A;N/A;N/A;N/A;N/A;N/A;N/A;N/A;N/A;N/A;N/A;N/A;N/A;N/A;N/A;N/A;N/A;N/A;N/A;N/A;N/A;N/A;N/A;N/A;N/A;N/A;N/A;N/A;N/A;N/A;N/A;N/A;N/A;N/A;N/A;N/A;N/A;N/A;N/A;N/A;N/A;N/A;N/A;N/A;N/A;N/A;N/A;N/A;N/A;N/A;N/A;N/A;N/A;N/A;N/A;N/A;N/A;N/A;N/A;N/A;N/A;N/A;N/A;N/A;N/A;N/A;N/A;N/A;N/A;N/A;N/A;N/A;N/A;N/A;N/A;N/A;N/A;N/A;N/A;N/A;N/A;N/A;N/A;N/A;N/A;N/A;N/A;N/A;N/A;N/A;N/A;N/A;N/A;N/A;N/A;N/A;N/A;N/A;N/A;"Lunes a Viernes de 9:30 a 18:30 Sabado de 9:30 a 13:30Hrs";5;1.2;Nafta;Manual;Hatchback;"Autos y camionetas";N/A;N/A;N/A;N/A;N/A;N/A;N/A;N/A;N/A;N/A;N/A;N/A;N/A;N/A;N/A;N/A;N/A;N/A;N/A;N/A;N/A;N/A;N/A;N/A;N/A;N/A;N/A;N/A;N/A;N/A;N/A;N/A;N/A;N/A;N/A;N/A;N/A;N/A;N/A;N/A;N/A;N/A;N/A;N/A;N/A;N/A;N/A;N/A;N/A;N/A;N/A;N/A;N/A;N/A;N/A;N/A;N/A;N/A;N/A;N/A;N/A;N/A;N/A;N/A;N/A;N/A;N/A;N/A;N/A;N/A;N/A;N/A;N/A;N/A;N/A;N/A;N/A;N/A;N/A;N/A;N/A;N/A;N/A;N/A;N/A;N/A;N/A;N/A;N/A;N/A;N/A;N/A;N/A;N/A;N/A;N/A;N/A;N/A;N/A;N/A;N/A;N/A;N/A;N/A;N/A;N/A;N/A;N/A;N/A;N/A;N/A;N/A;N/A;N/A;N/A;N/A;N/A;N/A;N/A;N/A;N/A;N/A
Renault;Fluence;"2.0 Privilege Cvt";2012;"240000 km";;"MASANTI AUTOMOVILES_JAVIER";9900;;;;;"Barros Blancos";https://auto.mercadolibre.com.uy/MLU-702884240-renault-fluence-20-privilege-cvt-masanti-_JM;N/A;;"Renault Fluence 2.0 Privilege Cvt Masanti ";usd;Sí;gold;false;N/A;N/A;http://perfil.mercadolibre.com.uy/MASANTI+AUTOMOVILES_JAVIER;active;N/A;N/A;Usado;Gris;N/A;Eléctrica;Delantera;Sí;Sí;Sí;N/A;N/A;Sí;N/A;N/A;Sí;N/A;N/A;N/A;Sí;N/A;Sí;N/A;N/A;N/A;N/A;N/A;N/A;N/A;N/A;N/A;N/A;"2700 mm";"2 L";"60 L";6;N/A;N/A;N/A;N/A;N/A;N/A;N/A;N/A;N/A;Sí;N/A;N/A;N/A;N/A;N/A;N/A;N/A;N/A;N/A;N/A;N/A;N/A;N/A;N/A;N/A;N/A;N/A;N/A;N/A;N/A;N/A;N/A;N/A;Sí;Sí;Sí;N/A;N/A;N/A;N/A;N/A;N/A;N/A;N/A;N/A;"1479 mm";"4618 mm";N/A;N/A;N/A;N/A;5;"143 hp";Privilege;N/A;4;"1810 mm";"11 km/l";Sí;N/A;Sí;Sí;N/A;Sí;Sí;N/A;Sí;N/A;"6.2 km/l";N/A;N/A;N/A;N/A;N/A;N/A;4;2.0;Nafta;Automática;Sedán;"Autos y camionetas";N/A;N/A;N/A;N/A;N/A;N/A;UY;N/A;Sí;N/A;N/A;N/A;N/A;N/A;N/A;N/A;N/A;N/A;N/A;N/A;N/A;N/A;N/A;N/A;N/A;N/A;N/A;N/A;N/A;N/A;N/A;N/A;N/A;N/A;N/A;N/A;N/A;N/A;N/A;N/A;N/A;N/A;N/A;N/A;N/A;N/A;N/A;N/A;N/A;N/A;N/A;N/A;N/A;N/A;N/A;N/A;N/A;N/A;N/A;N/A;N/A;N/A;N/A;N/A;N/A;N/A;N/A;N/A;N/A;N/A;N/A;N/A;N/A;N/A;N/A;N/A;N/A;N/A;N/A;N/A;N/A;N/A;N/A;N/A;N/A;N/A;N/A;N/A;N/A;N/A;N/A;N/A;N/A;N/A;N/A;N/A;Sí;Sí;Sí;N/A;Sí;N/A;N/A;N/A;N/A;Sí;Sí;Sí;Sí;N/A;N/A;N/A;Sí;Sí;Sí;N/A;N/A;N/A;N/A;Sí;N/A;N/A
Renault;Kwid;"1.0 Sce 66cv Zen";2021;"65631 km";;"AUTOMOTORA UNION";12490;;;;;Cordón;https://auto.mercadolibre.com.uy/MLU-646991335-renault-kwid-zen-10-mt-2021-automotora-union-_JM;N/A;;"Renault Kwid Zen 1.0 Mt 2021 Automotora Union";usd;Sí;gold;false;N/A;N/A;http://perfil.mercadolibre.com.uy/AUTOMOTORA+UNION;active;N/A;N/A;Usado;Plateado;N/A;N/A;Delantera;N/A;N/A;Sí;N/A;N/A;N/A;N/A;N/A;N/A;N/A;N/A;N/A;N/A;N/A;N/A;N/A;N/A;N/A;N/A;N/A;N/A;N/A;N/A;N/A;N/A;"2423 mm";"1 L";"50 L";5;N/A;N/A;N/A;N/A;N/A;N/A;N/A;N/A;N/A;N/A;N/A;N/A;N/A;N/A;N/A;N/A;N/A;N/A;N/A;N/A;N/A;N/A;N/A;N/A;N/A;N/A;N/A;N/A;N/A;N/A;N/A;N/A;N/A;N/A;N/A;N/A;N/A;N/A;N/A;N/A;N/A;N/A;N/A;N/A;N/A;"1474 mm";"3680 mm";N/A;N/A;N/A;N/A;5;"66 hp";Zen;N/A;4;"1752 mm";N/A;N/A;N/A;N/A;N/A;N/A;N/A;N/A;N/A;N/A;N/A;N/A;N/A;N/A;N/A;N/A;N/A;"LUNES A VIERNES DE 9 A 19H Y SABADOS DE 9 A 13H";5;1.0;Nafta;Manual;Hatchback;"Autos y camionetas";N/A;N/A;N/A;N/A;N/A;N/A;UY;N/A;N/A;N/A;N/A;N/A;N/A;N/A;N/A;N/A;N/A;N/A;N/A;N/A;N/A;N/A;N/A;N/A;N/A;N/A;N/A;N/A;N/A;N/A;N/A;N/A;N/A;N/A;N/A;N/A;N/A;N/A;N/A;N/A;N/A;N/A;N/A;N/A;N/A;N/A;N/A;N/A;N/A;N/A;N/A;N/A;N/A;N/A;N/A;N/A;N/A;N/A;N/A;N/A;N/A;N/A;N/A;N/A;N/A;N/A;N/A;N/A;N/A;N/A;N/A;N/A;N/A;N/A;N/A;N/A;N/A;N/A;N/A;N/A;N/A;N/A;N/A;N/A;N/A;N/A;N/A;N/A;N/A;N/A;N/A;N/A;N/A;N/A;N/A;N/A;N/A;N/A;N/A;N/A;N/A;N/A;N/A;N/A;N/A;N/A;N/A;N/A;N/A;N/A;N/A;N/A;N/A;N/A;N/A;N/A;N/A;N/A;N/A;N/A;N/A;N/A
Renault;Oroch;"1.6 Sce Zen 2Wd Mt";2023;"36000 km";;"AUTOMOTORAS PAYSANDU";19990;;;;;Paysandú;https://auto.mercadolibre.com.uy/MLU-698340750-renault-oroch-16-sce-zen-2wd-mt-_JM;N/A;;"Renault Oroch 1.6 Sce Zen 2wd Mt";usd;Sí;gold;false;N/A;N/A;http://perfil.mercadolibre.com.uy/AUTOMOTORAS+PAYSANDU;active;N/A;N/A;Usado;Rojo;N/A;Hidráulica;Delantera;N/A;N/A;N/A;N/A;N/A;N/A;N/A;N/A;N/A;N/A;N/A;N/A;N/A;N/A;N/A;N/A;N/A;N/A;N/A;N/A;N/A;N/A;N/A;N/A;N/A;"2890 mm";"1.6 L";"45 L";6;N/A;N/A;N/A;N/A;N/A;N/A;N/A;N/A;N/A;N/A;N/A;N/A;N/A;N/A;N/A;N/A;N/A;N/A;N/A;N/A;N/A;N/A;N/A;N/A;N/A;N/A;N/A;N/A;N/A;N/A;N/A;N/A;N/A;N/A;N/A;N/A;N/A;N/A;N/A;N/A;N/A;N/A;N/A;N/A;N/A;"1694 mm";"4700 mm";N/A;N/A;N/A;N/A;5;"118 hp";Zen;N/A;4;"1821 mm";N/A;N/A;N/A;N/A;N/A;N/A;N/A;N/A;N/A;N/A;N/A;N/A;N/A;N/A;N/A;N/A;N/A;"24 hs";4;1.6;Nafta;Manual;Pick-Up;"Autos y camionetas";N/A;N/A;N/A;N/A;N/A;N/A;UY;N/A;N/A;N/A;N/A;N/A;N/A;N/A;N/A;N/A;N/A;N/A;N/A;N/A;N/A;N/A;N/A;N/A;N/A;N/A;N/A;N/A;N/A;N/A;N/A;N/A;N/A;N/A;N/A;N/A;N/A;N/A;N/A;N/A;N/A;N/A;N/A;N/A;N/A;N/A;N/A;N/A;N/A;N/A;N/A;N/A;N/A;N/A;N/A;N/A;N/A;N/A;N/A;N/A;N/A;N/A;N/A;N/A;N/A;N/A;N/A;N/A;N/A;N/A;N/A;N/A;N/A;N/A;N/A;N/A;N/A;N/A;N/A;N/A;N/A;N/A;N/A;N/A;N/A;N/A;N/A;N/A;N/A;N/A;N/A;N/A;N/A;N/A;N/A;N/A;N/A;N/A;N/A;N/A;N/A;N/A;N/A;N/A;N/A;N/A;N/A;N/A;N/A;N/A;N/A;N/A;N/A;N/A;N/A;N/A;N/A;N/A;N/A;N/A;N/A;N/A
Renault;"Duster Oroch";"1.6 Cargo Cd";2024;"0 km";;"AUTOMOTORA MARMOLEJO";21000;;;;;Minas;https://auto.mercadolibre.com.uy/MLU-686593234-renault-oroch-cargo-ano-2024-_JM;N/A;;"Renault Oroch Cargo Año 2024 ";usd;Sí;gold;false;N/A;N/A;http://perfil.mercadolibre.com.uy/AUTOMOTORA+MARMOLEJO;active;N/A;N/A;Nuevo;Plateado;N/A;N/A;4x2;N/A;N/A;N/A;N/A;N/A;N/A;N/A;N/A;N/A;N/A;N/A;N/A;N/A;N/A;N/A;N/A;N/A;N/A;N/A;N/A;N/A;N/A;N/A;N/A;N/A;N/A;"1.6 L";N/A;5;N/A;N/A;N/A;N/A;N/A;N/A;N/A;N/A;N/A;N/A;N/A;N/A;N/A;N/A;N/A;N/A;N/A;N/A;N/A;N/A;N/A;N/A;N/A;N/A;N/A;N/A;N/A;N/A;N/A;N/A;N/A;N/A;N/A;N/A;N/A;N/A;N/A;N/A;N/A;N/A;N/A;N/A;N/A;N/A;N/A;N/A;N/A;N/A;N/A;N/A;N/A;5;"118 hp";Cargo;N/A;4;N/A;N/A;N/A;N/A;N/A;N/A;N/A;N/A;N/A;N/A;N/A;N/A;N/A;N/A;N/A;N/A;N/A;N/A;"Lunes a Viernes de 8:30 a 12:00hs y de 14:30 a 19:00, Sábados de 9:00 a 12:00hs";4;1.6;Nafta;Manual;Pick-Up;"Autos y camionetas";N/A;N/A;N/A;N/A;N/A;N/A;UY;N/A;N/A;N/A;N/A;N/A;N/A;N/A;N/A;N/A;N/A;N/A;N/A;N/A;N/A;N/A;N/A;N/A;N/A;N/A;N/A;N/A;N/A;N/A;N/A;N/A;N/A;N/A;N/A;N/A;N/A;N/A;N/A;N/A;N/A;N/A;N/A;N/A;N/A;N/A;N/A;N/A;N/A;N/A;N/A;N/A;N/A;N/A;N/A;N/A;N/A;N/A;N/A;N/A;N/A;N/A;N/A;N/A;N/A;N/A;N/A;N/A;N/A;N/A;N/A;N/A;N/A;N/A;N/A;N/A;N/A;N/A;N/A;N/A;N/A;N/A;N/A;N/A;N/A;N/A;N/A;N/A;N/A;N/A;N/A;N/A;N/A;N/A;N/A;N/A;N/A;N/A;N/A;N/A;N/A;N/A;N/A;N/A;N/A;N/A;N/A;N/A;N/A;N/A;N/A;N/A;N/A;N/A;N/A;N/A;N/A;N/A;N/A;N/A;N/A;N/A
Renault;Kwid;Zen;2020;"129000 km";;AEROCAR2020;10990;;;;;"Barra de Carrasco";https://auto.mercadolibre.com.uy/MLU-703406396-renault-kwid-zen-10-2020-impecable-aerocar-_JM;N/A;;"Renault Kwid Zen 1.0 2020 Impecable! Aerocar";USD;Sí;gold;false;N/A;N/A;http://perfil.mercadolibre.com.uy/AEROCAR2020;active;N/A;N/A;Usado;Plateado;N/A;Asistida;N/A;Sí;N/A;N/A;N/A;N/A;N/A;N/A;N/A;N/A;N/A;N/A;N/A;N/A;N/A;N/A;N/A;N/A;N/A;N/A;N/A;N/A;N/A;N/A;N/A;N/A;N/A;"1000 cc";N/A;N/A;N/A;N/A;N/A;N/A;N/A;N/A;N/A;N/A;N/A;N/A;N/A;N/A;N/A;N/A;N/A;N/A;N/A;N/A;N/A;N/A;N/A;N/A;N/A;N/A;N/A;N/A;N/A;N/A;N/A;N/A;N/A;N/A;N/A;N/A;N/A;N/A;N/A;N/A;N/A;N/A;N/A;N/A;N/A;N/A;N/A;N/A;N/A;N/A;N/A;N/A;N/A;N/A;"72 hp";Zen;N/A;N/A;N/A;"15 km/l";N/A;N/A;N/A;N/A;N/A;Sí;N/A;N/A;N/A;Sí;"20 km/l";N/A;N/A;N/A;N/A;N/A;"Lun. a Vie. de 9 a 19 hs. Sáb. y Dom. de 10 a 18 hs.";4;1.0;Nafta;Manual;Hatchback;"Autos y camionetas";No;N/A;N/A;N/A;No;N/A;N/A;No;Sí;No;No;N/A;N/A;N/A;N/A;N/A;N/A;N/A;N/A;N/A;N/A;N/A;N/A;N/A;N/A;N/A;N/A;N/A;N/A;N/A;N/A;N/A;N/A;N/A;N/A;N/A;N/A;N/A;N/A;N/A;N/A;N/A;N/A;N/A;N/A;N/A;N/A;N/A;N/A;N/A;N/A;N/A;N/A;N/A;N/A;N/A;N/A;N/A;N/A;N/A;N/A;N/A;No;N/A;N/A;N/A;N/A;N/A;N/A;N/A;N/A;N/A;N/A;N/A;N/A;N/A;N/A;N/A;N/A;N/A;N/A;N/A;N/A;N/A;N/A;N/A;N/A;N/A;N/A;N/A;N/A;N/A;N/A;N/A;N/A;N/A;Sí;N/A;N/A;N/A;Sí;N/A;Sí;N/A;N/A;Sí;N/A;N/A;N/A;N/A;N/A;N/A;N/A;N/A;Sí;Sí;Sí;N/A;N/A;N/A;N/A;Sí
Renault;Kangoo;Furgon;2015;"150000 km";;AEROCAR2020;8990;;;;;"Barra de Carrasco";https://auto.mercadolibre.com.uy/MLU-703432426-renault-kangoo-furgon-16-2015-muy-buen-estado-aerocar-_JM;N/A;;"Renault Kangoo Furgon 1.6 2015 Muy Buen Estado! Aerocar";usd;Sí;gold;false;N/A;N/A;http://perfil.mercadolibre.com.uy/AEROCAR2020;active;N/A;N/A;Usado;"Gris oscuro";N/A;Asistida;N/A;Sí;N/A;N/A;N/A;N/A;N/A;N/A;N/A;N/A;N/A;N/A;N/A;N/A;N/A;N/A;N/A;N/A;N/A;N/A;N/A;N/A;N/A;N/A;N/A;N/A;N/A;"1600 cc";N/A;N/A;N/A;N/A;N/A;N/A;N/A;N/A;N/A;N/A;N/A;N/A;N/A;N/A;N/A;N/A;N/A;N/A;N/A;N/A;N/A;N/A;N/A;N/A;N/A;N/A;N/A;N/A;N/A;N/A;N/A;N/A;N/A;N/A;N/A;N/A;N/A;N/A;N/A;N/A;N/A;N/A;N/A;N/A;N/A;N/A;N/A;N/A;N/A;N/A;N/A;N/A;N/A;N/A;"108 hp";N/A;N/A;N/A;N/A;"12 km/l";N/A;N/A;N/A;N/A;N/A;N/A;N/A;N/A;N/A;N/A;"14 km/l";N/A;N/A;N/A;N/A;N/A;"Lun. a Vie. de 9 a 19 hs. Sáb. y Dom. de 10 a 18 hs.";4;1.6;Nafta;Manual;Furgón;"Autos y camionetas";No;N/A;N/A;N/A;No;N/A;UY;No;Sí;No;No;N/A;N/A;N/A;N/A;N/A;N/A;N/A;N/A;N/A;N/A;N/A;N/A;N/A;N/A;N/A;N/A;N/A;N/A;N/A;N/A;N/A;N/A;N/A;N/A;N/A;N/A;N/A;N/A;N/A;N/A;N/A;N/A;N/A;N/A;N/A;N/A;N/A;N/A;N/A;N/A;N/A;N/A;N/A;N/A;N/A;N/A;N/A;N/A;N/A;N/A;N/A;No;N/A;N/A;N/A;N/A;N/A;N/A;N/A;N/A;N/A;N/A;N/A;N/A;N/A;N/A;N/A;N/A;N/A;N/A;N/A;N/A;N/A;N/A;N/A;N/A;N/A;N/A;N/A;N/A;N/A;N/A;N/A;N/A;N/A;N/A;N/A;N/A;N/A;Sí;N/A;Sí;N/A;N/A;Sí;N/A;N/A;N/A;N/A;N/A;N/A;N/A;N/A;Sí;Sí;N/A;Sí;N/A;N/A;N/A;Sí
Renault;Sandero;"1.6 Authentique 90cv";2018;"98000 km";;KRYNICO20231117075414;9500;;;;;"Brazo Oriental";https://auto.mercadolibre.com.uy/MLU-643904187-renault-sandero-2018-16-authentique-90cv-_JM;N/A;;"Renault Sandero 2018 1.6 Authentique 90cv";usd;Sí;gold;false;N/A;N/A;http://perfil.mercadolibre.com.uy/KRYNICO20231117075414;active;N/A;N/A;Usado;N/A;N/A;Hidráulica;Delantera;N/A;N/A;N/A;N/A;N/A;N/A;N/A;N/A;N/A;N/A;N/A;N/A;N/A;N/A;N/A;N/A;N/A;N/A;N/A;N/A;N/A;N/A;N/A;N/A;N/A;"2590 mm";"1.6 L";"50 L";5;N/A;N/A;N/A;N/A;N/A;N/A;N/A;N/A;N/A;N/A;N/A;N/A;N/A;N/A;N/A;N/A;N/A;N/A;N/A;N/A;N/A;N/A;N/A;N/A;N/A;N/A;N/A;N/A;N/A;N/A;N/A;N/A;N/A;N/A;N/A;N/A;N/A;N/A;N/A;N/A;N/A;N/A;N/A;N/A;N/A;"1528 mm";"4023 mm";N/A;N/A;N/A;N/A;5;"90 hp";Authentique;N/A;2;"1733 mm";"10 km/l";N/A;N/A;N/A;Sí;N/A;N/A;N/A;N/A;N/A;N/A;"5.8 km/l";N/A;N/A;N/A;N/A;N/A;N/A;5;1.6;Nafta;Manual;Hatchback;"Autos y camionetas";N/A;N/A;N/A;N/A;N/A;N/A;UY;N/A;N/A;N/A;N/A;N/A;N/A;N/A;N/A;N/A;N/A;N/A;N/A;N/A;N/A;N/A;N/A;N/A;N/A;N/A;N/A;N/A;N/A;N/A;N/A;N/A;N/A;N/A;N/A;N/A;N/A;N/A;N/A;N/A;N/A;N/A;N/A;N/A;N/A;N/A;N/A;N/A;N/A;N/A;N/A;N/A;N/A;N/A;N/A;N/A;N/A;N/A;N/A;N/A;N/A;N/A;N/A;N/A;N/A;N/A;N/A;N/A;N/A;N/A;N/A;N/A;N/A;N/A;N/A;N/A;N/A;N/A;N/A;N/A;N/A;N/A;N/A;N/A;N/A;N/A;N/A;N/A;N/A;N/A;N/A;N/A;N/A;N/A;N/A;N/A;N/A;N/A;N/A;N/A;N/A;N/A;N/A;N/A;N/A;N/A;N/A;N/A;N/A;N/A;N/A;N/A;Sí;N/A;N/A;N/A;N/A;N/A;N/A;Sí;N/A;N/A
Renault;"Duster Oroch";"2.0 Privilege";2021;"112000 km";;"PALERMO AUTOMOVILES";16990;;;;;"Lomas de Solymar";https://auto.mercadolibre.com.uy/MLU-706123488-renault-duster-oroch-20-privilege-_JM;N/A;;"Renault Duster Oroch 2.0 Privilege";usd;Sí;gold;false;N/A;N/A;http://perfil.mercadolibre.com.uy/PALERMO+AUTOMOVILES;active;N/A;N/A;Usado;Gris;N/A;Hidráulica;4x2;Sí;Sí;N/A;N/A;N/A;No;N/A;N/A;No;N/A;N/A;Sí;Sí;N/A;No;N/A;N/A;N/A;N/A;N/A;N/A;N/A;N/A;N/A;N/A;"2829 mm";"2 L";"50 L";6;N/A;N/A;N/A;N/A;N/A;Sí;N/A;N/A;N/A;N/A;N/A;N/A;N/A;N/A;N/A;N/A;N/A;N/A;N/A;N/A;N/A;N/A;N/A;N/A;N/A;N/A;N/A;N/A;N/A;No;N/A;N/A;N/A;N/A;N/A;N/A;N/A;N/A;N/A;N/A;N/A;N/A;N/A;N/A;N/A;"1683 mm";"4329 mm";N/A;N/A;N/A;N/A;5;"143 hp";Privilege;N/A;4;"1821 mm";"10.8 km/l";No;N/A;No;Sí;N/A;Sí;Sí;N/A;No;N/A;N/A;Sí;Sí;N/A;N/A;No;"Lunes a Viernes de 9 a 18 y Sáb 9 a 13 hrs";5;2.0;Nafta;Manual;SUV;"Autos y camionetas";No;N/A;N/A;N/A;No;N/A;UY;N/A;Sí;N/A;No;N/A;N/A;N/A;N/A;N/A;N/A;N/A;N/A;N/A;N/A;N/A;N/A;N/A;Sí;N/A;N/A;N/A;N/A;N/A;N/A;N/A;N/A;N/A;N/A;N/A;N/A;N/A;N/A;N/A;N/A;N/A;N/A;No;N/A;N/A;N/A;N/A;N/A;N/A;N/A;N/A;N/A;N/A;N/A;N/A;N/A;N/A;N/A;N/A;N/A;No;Sí;N/A;N/A;N/A;N/A;N/A;N/A;N/A;N/A;N/A;N/A;N/A;N/A;N/A;N/A;N/A;N/A;N/A;N/A;N/A;N/A;N/A;N/A;N/A;N/A;N/A;N/A;N/A;N/A;N/A;N/A;N/A;N/A;No;Sí;Sí;Sí;N/A;Sí;N/A;N/A;N/A;N/A;Sí;Sí;Sí;No;N/A;N/A;Sí;Sí;Sí;Sí;Sí;Sí;No;No;Sí;N/A;Sí
Renault;Sandero;"1.6 Authentique 90cv";2018;"99000 km";;KRYNICO20231117075414;9500;;;;;"Brazo Oriental";https://auto.mercadolibre.com.uy/MLU-699761812-renault-sandero-2018-16-authentique-90cv-_JM;N/A;;"Renault Sandero 2018 1.6 Authentique 90cv";usd;Sí;gold;false;N/A;N/A;http://perfil.mercadolibre.com.uy/KRYNICO20231117075414;active;N/A;N/A;Usado;N/A;N/A;Hidráulica;Delantera;N/A;N/A;N/A;N/A;N/A;N/A;N/A;N/A;N/A;N/A;N/A;N/A;N/A;N/A;N/A;N/A;N/A;N/A;N/A;N/A;N/A;N/A;N/A;N/A;N/A;"2590 mm";"1.6 L";"50 L";5;N/A;N/A;N/A;N/A;N/A;N/A;N/A;N/A;N/A;N/A;N/A;N/A;N/A;N/A;N/A;N/A;N/A;N/A;N/A;N/A;N/A;N/A;N/A;N/A;N/A;N/A;N/A;N/A;N/A;N/A;N/A;N/A;N/A;N/A;N/A;N/A;N/A;N/A;N/A;N/A;N/A;N/A;N/A;N/A;N/A;"1528 mm";"4023 mm";N/A;N/A;N/A;N/A;5;"90 hp";Authentique;N/A;2;"1733 mm";"10 km/l";N/A;N/A;N/A;Sí;N/A;N/A;N/A;N/A;N/A;N/A;"5.8 km/l";N/A;N/A;N/A;N/A;N/A;N/A;5;1.6;Nafta;Manual;Hatchback;"Autos y camionetas";N/A;N/A;N/A;N/A;N/A;N/A;UY;N/A;N/A;N/A;N/A;N/A;N/A;N/A;N/A;N/A;N/A;N/A;N/A;N/A;N/A;N/A;N/A;N/A;N/A;N/A;N/A;N/A;N/A;N/A;N/A;N/A;N/A;N/A;N/A;N/A;N/A;N/A;N/A;N/A;N/A;N/A;N/A;N/A;N/A;N/A;N/A;N/A;N/A;N/A;N/A;N/A;N/A;N/A;N/A;N/A;N/A;N/A;N/A;N/A;N/A;N/A;N/A;N/A;N/A;N/A;N/A;N/A;N/A;N/A;N/A;N/A;N/A;N/A;N/A;N/A;N/A;N/A;N/A;N/A;N/A;N/A;N/A;N/A;N/A;N/A;N/A;N/A;N/A;N/A;N/A;N/A;N/A;N/A;N/A;N/A;N/A;N/A;N/A;N/A;N/A;N/A;N/A;N/A;N/A;N/A;N/A;N/A;N/A;N/A;N/A;N/A;Sí;N/A;N/A;N/A;N/A;N/A;N/A;Sí;N/A;N/A
Renault;"Duster Oroch";"1.6 Dynamique";2017;"180000 km";;"ONE MOTORS";14600;;;;;"Colonia Valdense";https://auto.mercadolibre.com.uy/MLU-704810332-renault-duster-oroch-16-dynamique-_JM;N/A;;"Renault Duster Oroch 1.6 Dynamique";usd;Sí;gold;false;N/A;N/A;http://perfil.mercadolibre.com.uy/ONE+MOTORS;active;N/A;N/A;Usado;Plateado;N/A;Hidráulica;4x2;N/A;N/A;Sí;N/A;N/A;N/A;N/A;N/A;N/A;N/A;N/A;N/A;N/A;N/A;N/A;N/A;N/A;N/A;N/A;N/A;N/A;N/A;N/A;N/A;N/A;"2829 mm";"1.6 L";"50 L";5;N/A;N/A;N/A;N/A;N/A;N/A;N/A;N/A;N/A;N/A;N/A;N/A;N/A;N/A;N/A;N/A;N/A;N/A;N/A;N/A;N/A;N/A;N/A;N/A;N/A;N/A;N/A;N/A;N/A;N/A;N/A;N/A;N/A;N/A;N/A;N/A;N/A;N/A;N/A;N/A;N/A;N/A;N/A;N/A;N/A;"1683 mm";"4329 mm";N/A;N/A;N/A;N/A;5;"110 hp";Dynamique;N/A;4;"1821 mm";"11.1 km/l";N/A;N/A;N/A;N/A;N/A;N/A;N/A;N/A;N/A;N/A;"10.4 km/l";N/A;N/A;N/A;N/A;N/A;N/A;4;1.6;Nafta;Manual;SUV;"Autos y camionetas";N/A;N/A;N/A;N/A;N/A;N/A;UY;N/A;N/A;N/A;N/A;N/A;N/A;N/A;N/A;N/A;N/A;N/A;N/A;N/A;N/A;N/A;N/A;N/A;N/A;N/A;N/A;N/A;N/A;N/A;N/A;N/A;N/A;N/A;N/A;N/A;N/A;N/A;N/A;N/A;N/A;N/A;N/A;N/A;N/A;N/A;N/A;N/A;N/A;N/A;N/A;N/A;N/A;N/A;N/A;N/A;N/A;N/A;N/A;N/A;N/A;N/A;N/A;N/A;N/A;N/A;N/A;N/A;N/A;N/A;N/A;N/A;N/A;N/A;N/A;N/A;N/A;N/A;N/A;N/A;N/A;N/A;N/A;N/A;N/A;N/A;N/A;N/A;N/A;N/A;N/A;N/A;N/A;N/A;N/A;N/A;N/A;N/A;N/A;N/A;N/A;N/A;N/A;N/A;N/A;N/A;N/A;N/A;N/A;N/A;N/A;N/A;N/A;N/A;N/A;N/A;N/A;N/A;N/A;N/A;N/A;N/A
Renault;"Mégane II Grand Tour";2.0;2011;"140000 km";;CHARLIEDRIVER;9490;;;;;"El Pinar";https://auto.mercadolibre.com.uy/MLU-704572586-renault-megane-rural-_JM;N/A;;"Renault Megane Rural";USD;Sí;gold;false;N/A;N/A;http://perfil.mercadolibre.com.uy/CHARLIEDRIVER;active;N/A;N/A;Usado;Violeta;N/A;Hidráulica;Delantera;Sí;Sí;N/A;N/A;N/A;N/A;N/A;N/A;N/A;N/A;N/A;N/A;Sí;N/A;Sí;N/A;N/A;N/A;N/A;N/A;N/A;N/A;N/A;N/A;N/A;N/A;N/A;N/A;N/A;N/A;N/A;N/A;N/A;N/A;N/A;N/A;N/A;N/A;N/A;N/A;N/A;N/A;N/A;N/A;N/A;N/A;N/A;N/A;N/A;N/A;N/A;N/A;N/A;N/A;N/A;N/A;N/A;N/A;Sí;N/A;N/A;N/A;N/A;N/A;N/A;N/A;N/A;N/A;N/A;N/A;N/A;N/A;N/A;N/A;N/A;N/A;N/A;N/A;N/A;N/A;N/A;N/A;N/A;N/A;N/A;N/A;N/A;N/A;N/A;N/A;Sí;N/A;N/A;Sí;N/A;N/A;N/A;N/A;N/A;N/A;N/A;N/A;Sí;"Lunes a Sábados de 9:00 a 19:00 hs";5;2.0;Nafta;Manual;Rural;"Autos y camionetas";N/A;N/A;N/A;N/A;N/A;N/A;N/A;N/A;Sí;N/A;N/A;N/A;N/A;N/A;N/A;N/A;N/A;N/A;N/A;N/A;N/A;N/A;N/A;N/A;N/A;N/A;N/A;N/A;N/A;N/A;N/A;N/A;N/A;N/A;N/A;N/A;N/A;N/A;N/A;N/A;N/A;N/A;N/A;N/A;N/A;N/A;N/A;N/A;N/A;N/A;N/A;N/A;N/A;N/A;N/A;N/A;N/A;N/A;N/A;N/A;N/A;N/A;Sí;N/A;N/A;N/A;N/A;N/A;N/A;N/A;N/A;N/A;N/A;N/A;N/A;N/A;N/A;N/A;N/A;N/A;N/A;N/A;N/A;N/A;N/A;N/A;N/A;N/A;N/A;N/A;N/A;N/A;N/A;N/A;N/A;N/A;Sí;N/A;N/A;N/A;N/A;N/A;N/A;N/A;N/A;Sí;N/A;Sí;Sí;N/A;N/A;Sí;Sí;Sí;Sí;Sí;Sí;Sí;N/A;Sí;N/A;N/A
Renault;Duster;"intens plus";2025;"0 km";;"RIVEROAUTOMOTORES TACUAREMBÓ";26000;;;;;Tacuarembó;https://auto.mercadolibre.com.uy/MLU-703798228-renault-duster-intens-plus-16-2025-0km-_JM;N/A;;"Renault Duster Intens Plus 1.6 2025 0km";USD;Sí;gold;false;N/A;N/A;http://perfil.mercadolibre.com.uy/RIVEROAUTOMOTORES+TACUAREMB%C3%93;active;N/A;N/A;Nuevo;Blanco;N/A;Eléctrica;N/A;Sí;N/A;Sí;N/A;N/A;N/A;Sí;Sí;N/A;Sí;N/A;Sí;Sí;N/A;N/A;N/A;N/A;N/A;N/A;N/A;N/A;N/A;N/A;N/A;N/A;N/A;"1600 cc";N/A;5;N/A;N/A;Sí;Sí;Sí;N/A;N/A;N/A;N/A;N/A;N/A;N/A;N/A;N/A;N/A;N/A;N/A;N/A;N/A;N/A;N/A;N/A;N/A;Sí;N/A;Sí;N/A;Sí;N/A;N/A;N/A;N/A;N/A;N/A;N/A;N/A;N/A;N/A;N/A;N/A;N/A;N/A;N/A;N/A;N/A;N/A;N/A;N/A;N/A;N/A;N/A;N/A;"118 hp";Intens;N/A;N/A;N/A;N/A;N/A;N/A;Sí;N/A;Sí;N/A;Sí;Sí;N/A;N/A;N/A;N/A;N/A;N/A;N/A;Sí;"Lun. a Vie. de 8 a 12 y de 14 a 19 hs. Sáb de 8 a 13 hs";5;1.6;Nafta;Manual;SUV;"Autos y camionetas";No;N/A;N/A;N/A;No;N/A;N/A;No;Sí;No;No;N/A;N/A;N/A;N/A;N/A;N/A;N/A;N/A;N/A;N/A;N/A;N/A;N/A;Sí;N/A;N/A;N/A;N/A;N/A;N/A;N/A;N/A;N/A;N/A;N/A;N/A;N/A;N/A;N/A;N/A;N/A;N/A;Sí;N/A;N/A;N/A;N/A;N/A;N/A;N/A;N/A;N/A;N/A;N/A;N/A;N/A;N/A;N/A;N/A;N/A;Sí;No;N/A;N/A;N/A;N/A;N/A;N/A;N/A;N/A;N/A;N/A;N/A;N/A;N/A;N/A;N/A;N/A;N/A;N/A;N/A;N/A;N/A;N/A;N/A;N/A;N/A;N/A;N/A;N/A;N/A;N/A;N/A;N/A;N/A;Sí;N/A;Sí;Sí;Sí;N/A;N/A;N/A;Sí;Sí;N/A;N/A;N/A;N/A;Sí;Sí;Sí;N/A;Sí;N/A;Sí;N/A;N/A;N/A;N/A;Sí
Renault;Clio;Expression;2017;"89337 km";;"VIPERCAR AUTOMOVILES_3";14900;;;;;Centro;https://auto.mercadolibre.com.uy/MLU-702940466-renault-clio-iv-expression-12-2017-impecable-_JM;N/A;;"Renault Clio Iv Expression 1.2 2017 Impecable!";usd;Sí;gold;false;N/A;N/A;http://perfil.mercadolibre.com.uy/VIPERCAR+AUTOMOVILES_3;active;N/A;N/A;Usado;Azul;N/A;Hidráulica;N/A;Sí;N/A;Sí;N/A;N/A;N/A;Sí;Sí;N/A;N/A;N/A;N/A;Sí;N/A;N/A;N/A;N/A;N/A;N/A;N/A;N/A;N/A;N/A;N/A;N/A;N/A;"1200 cc";N/A;5;N/A;N/A;N/A;N/A;N/A;N/A;N/A;N/A;N/A;N/A;N/A;N/A;N/A;N/A;N/A;N/A;N/A;N/A;N/A;N/A;N/A;N/A;N/A;Sí;N/A;Sí;N/A;N/A;N/A;N/A;N/A;N/A;N/A;N/A;N/A;N/A;Sí;N/A;N/A;N/A;N/A;N/A;N/A;N/A;N/A;N/A;N/A;N/A;N/A;N/A;N/A;N/A;N/A;Expression;N/A;N/A;N/A;N/A;N/A;N/A;Sí;N/A;N/A;N/A;N/A;Sí;N/A;N/A;N/A;N/A;N/A;N/A;N/A;Sí;"Lun a Vie de 9 a 12:30 y de 13:30 a 19. Sáb de 9 a 13 hs.";5;1.2;Nafta;Manual;Hatchback;"Autos y camionetas";No;N/A;N/A;N/A;No;N/A;UY;No;Sí;No;No;N/A;N/A;N/A;N/A;N/A;N/A;N/A;N/A;N/A;N/A;N/A;N/A;N/A;N/A;N/A;N/A;N/A;N/A;N/A;N/A;N/A;N/A;N/A;N/A;N/A;N/A;N/A;N/A;N/A;N/A;N/A;N/A;N/A;N/A;N/A;N/A;N/A;N/A;N/A;N/A;N/A;N/A;N/A;N/A;N/A;N/A;N/A;N/A;N/A;N/A;N/A;No;N/A;N/A;N/A;N/A;N/A;N/A;N/A;N/A;N/A;N/A;N/A;N/A;N/A;N/A;N/A;N/A;N/A;N/A;N/A;N/A;N/A;N/A;N/A;N/A;N/A;N/A;N/A;N/A;N/A;Sí;N/A;N/A;N/A;Sí;N/A;Sí;N/A;Sí;Sí;Sí;N/A;N/A;Sí;N/A;N/A;N/A;N/A;Sí;Sí;N/A;N/A;Sí;N/A;Sí;N/A;N/A;N/A;N/A;N/A
Renault;Clio;Authentique;2016;"175000 km";;CLAUDIOS-MOTORS;11990;;;;;"San Jacinto";https://auto.mercadolibre.com.uy/MLU-702809170-renault-clio-iv-authentique-12-2016-claudios-motors-_JM;N/A;;"Renault Clio Iv Authentique 1.2 2016 - Claudio's Motors";usd;Sí;gold;false;N/A;N/A;http://perfil.mercadolibre.com.uy/CLAUDIOS-MOTORS;active;N/A;N/A;Usado;"Gris oscuro";Sí;Hidráulica;N/A;Sí;Sí;Sí;N/A;N/A;N/A;Sí;Sí;N/A;N/A;Sí;N/A;Sí;N/A;N/A;N/A;N/A;N/A;N/A;N/A;N/A;N/A;N/A;N/A;N/A;N/A;"1200 cc";N/A;5;N/A;N/A;N/A;N/A;Sí;N/A;N/A;N/A;N/A;N/A;N/A;N/A;N/A;N/A;N/A;N/A;N/A;N/A;N/A;N/A;N/A;N/A;N/A;Sí;N/A;Sí;N/A;Sí;N/A;N/A;N/A;N/A;N/A;N/A;N/A;N/A;N/A;N/A;N/A;N/A;N/A;N/A;N/A;N/A;N/A;N/A;N/A;N/A;N/A;N/A;N/A;N/A;"75 hp";Authentique;N/A;N/A;N/A;"14 km/l";N/A;N/A;N/A;N/A;N/A;N/A;Sí;Sí;N/A;N/A;"16 km/l";N/A;N/A;N/A;N/A;Sí;"Lun. a Vie. de 9 a 13 y de 14 a 19 hs";5;1.2;Nafta;Manual;Hatchback;"Autos y camionetas";No;N/A;N/A;N/A;No;N/A;UY;No;Sí;No;No;N/A;N/A;N/A;N/A;N/A;N/A;N/A;N/A;N/A;N/A;N/A;N/A;N/A;N/A;N/A;N/A;N/A;N/A;N/A;N/A;N/A;N/A;N/A;N/A;Sí;N/A;N/A;N/A;N/A;N/A;N/A;N/A;N/A;N/A;N/A;N/A;N/A;N/A;N/A;N/A;N/A;N/A;N/A;N/A;N/A;N/A;Sí;Sí;N/A;N/A;N/A;No;N/A;N/A;N/A;N/A;N/A;N/A;N/A;N/A;N/A;N/A;N/A;N/A;N/A;N/A;N/A;N/A;N/A;N/A;N/A;N/A;N/A;N/A;N/A;N/A;N/A;N/A;N/A;N/A;N/A;N/A;N/A;N/A;N/A;Sí;Sí;N/A;N/A;Sí;Sí;Sí;N/A;Sí;Sí;N/A;Sí;N/A;N/A;Sí;Sí;Sí;N/A;Sí;Sí;Sí;Sí;N/A;Sí;Sí;Sí
Renault;Duster;"PRIVILEGE 4x4";2019;"135300 km";;"FONTES CHEVROLET";15400;;;;;Pocitos;https://auto.mercadolibre.com.uy/MLU-702457542-renault-duster-privilege-4x4-20-2019-impecable-fontes-_JM;N/A;;"Renault Duster Privilege 4x4 2.0 2019 Impecable! - Fontes";usd;Sí;gold;false;N/A;N/A;http://perfil.mercadolibre.com.uy/FONTES+CHEVROLET;active;N/A;N/A;Usado;"Gris oscuro";Sí;Hidráulica;4x4;Sí;Sí;Sí;N/A;N/A;N/A;Sí;Sí;N/A;N/A;Sí;Sí;Sí;N/A;N/A;N/A;N/A;N/A;N/A;N/A;N/A;N/A;N/A;N/A;N/A;N/A;"2000 cc";N/A;6;N/A;N/A;Sí;N/A;N/A;N/A;N/A;N/A;N/A;N/A;N/A;N/A;N/A;N/A;N/A;N/A;N/A;N/A;N/A;N/A;N/A;N/A;N/A;Sí;N/A;Sí;N/A;Sí;N/A;N/A;N/A;N/A;N/A;N/A;N/A;N/A;Sí;N/A;N/A;N/A;N/A;N/A;Sí;N/A;N/A;N/A;N/A;N/A;N/A;N/A;N/A;N/A;"143 hp";Privilege;N/A;N/A;N/A;N/A;N/A;N/A;N/A;Sí;N/A;Sí;Sí;Sí;N/A;N/A;N/A;N/A;N/A;N/A;N/A;Sí;"Lunes a Viernes de 9 a 18 hs";4;2.0;Nafta;Manual;SUV;"Autos y camionetas";No;N/A;N/A;N/A;No;N/A;UY;No;Sí;No;No;N/A;N/A;N/A;N/A;N/A;N/A;N/A;N/A;N/A;N/A;N/A;N/A;N/A;N/A;N/A;N/A;N/A;N/A;N/A;N/A;N/A;N/A;N/A;N/A;N/A;N/A;N/A;N/A;N/A;N/A;N/A;N/A;N/A;N/A;N/A;N/A;N/A;N/A;N/A;N/A;N/A;N/A;N/A;N/A;N/A;N/A;N/A;N/A;N/A;N/A;Sí;No;N/A;N/A;N/A;N/A;N/A;N/A;N/A;N/A;N/A;N/A;N/A;N/A;N/A;N/A;N/A;N/A;N/A;N/A;N/A;N/A;N/A;N/A;N/A;N/A;N/A;N/A;N/A;N/A;N/A;N/A;N/A;N/A;N/A;Sí;Sí;Sí;N/A;Sí;Sí;Sí;N/A;Sí;Sí;N/A;N/A;N/A;N/A;N/A;N/A;Sí;N/A;N/A;Sí;Sí;N/A;N/A;N/A;N/A;Sí
Renault;Duster;Zen;2020;"76500 km";;"OSCARPISANO RENAULT-NISSAN";19900;;;;;Sayago;https://auto.mercadolibre.com.uy/MLU-697751122-renault-duster-zen-16-2020-muy-buen-estado-_JM;N/A;;"Renault Duster Zen 1.6 2020 Muy Buen Estado!";USD;Sí;gold;false;N/A;N/A;http://perfil.mercadolibre.com.uy/OSCARPISANO+RENAULT-NISSAN;active;N/A;N/A;Usado;Plateado;N/A;Eléctrica;N/A;Sí;Sí;N/A;N/A;N/A;N/A;Sí;Sí;N/A;N/A;Sí;Sí;Sí;N/A;Sí;N/A;N/A;N/A;N/A;N/A;N/A;N/A;N/A;N/A;N/A;N/A;"1600 cc";N/A;5;N/A;N/A;N/A;N/A;N/A;N/A;N/A;N/A;N/A;N/A;N/A;N/A;N/A;N/A;N/A;N/A;N/A;N/A;N/A;N/A;N/A;N/A;N/A;Sí;N/A;Sí;N/A;Sí;N/A;N/A;N/A;N/A;N/A;N/A;N/A;N/A;Sí;N/A;N/A;N/A;N/A;N/A;N/A;N/A;N/A;N/A;N/A;N/A;N/A;N/A;N/A;N/A;"115 hp";Zen;N/A;N/A;N/A;"15 km/l";N/A;N/A;N/A;Sí;N/A;N/A;N/A;Sí;N/A;N/A;"18 km/l";N/A;N/A;N/A;N/A;Sí;"Lun. a Sáb. de 9:30 a 18:30 hs. Dom. de 9:30 a 13 hs";4;1.6;Nafta;Manual;SUV;"Autos y camionetas";No;N/A;N/A;N/A;No;N/A;N/A;No;Sí;No;No;N/A;N/A;N/A;N/A;N/A;N/A;N/A;N/A;N/A;N/A;N/A;N/A;N/A;N/A;N/A;N/A;N/A;N/A;N/A;N/A;N/A;N/A;N/A;N/A;N/A;N/A;N/A;N/A;N/A;N/A;N/A;N/A;N/A;N/A;N/A;N/A;N/A;N/A;N/A;N/A;N/A;N/A;N/A;N/A;N/A;N/A;N/A;N/A;N/A;N/A;N/A;No;N/A;N/A;N/A;N/A;N/A;N/A;N/A;N/A;N/A;N/A;N/A;N/A;N/A;N/A;N/A;N/A;N/A;N/A;N/A;N/A;N/A;N/A;N/A;N/A;N/A;N/A;N/A;N/A;N/A;N/A;N/A;N/A;N/A;Sí;N/A;Sí;N/A;Sí;Sí;Sí;N/A;Sí;Sí;N/A;N/A;N/A;N/A;N/A;Sí;Sí;N/A;Sí;N/A;Sí;N/A;N/A;N/A;N/A;Sí
Renault;"Duster Oroch";Outsaider;2024;"0 km";;"VIPERCAR AUTOMOVILES_3";24990;;;;;Centro;https://auto.mercadolibre.com.uy/MLU-690137410-renault-oroch-outsaider-16-2024-0km-_JM;N/A;;"Renault Oroch Outsaider 1.6 2024 0km";usd;Sí;gold;false;N/A;N/A;http://perfil.mercadolibre.com.uy/VIPERCAR+AUTOMOVILES_3;active;N/A;N/A;Nuevo;Plateado;N/A;Hidráulica;N/A;Sí;Sí;Sí;N/A;N/A;N/A;N/A;N/A;N/A;N/A;N/A;N/A;Sí;N/A;N/A;N/A;N/A;N/A;N/A;N/A;N/A;N/A;N/A;N/A;N/A;N/A;"1600 cc";N/A;6;N/A;N/A;N/A;N/A;Sí;N/A;N/A;N/A;N/A;N/A;N/A;N/A;N/A;N/A;N/A;N/A;N/A;N/A;N/A;N/A;N/A;N/A;N/A;N/A;N/A;N/A;N/A;N/A;N/A;N/A;N/A;N/A;N/A;N/A;N/A;N/A;Sí;N/A;N/A;N/A;N/A;N/A;N/A;N/A;N/A;N/A;N/A;N/A;N/A;N/A;N/A;N/A;N/A;N/A;N/A;N/A;N/A;N/A;N/A;N/A;N/A;N/A;Sí;N/A;N/A;N/A;N/A;N/A;N/A;N/A;N/A;N/A;N/A;N/A;"Lun a Vie de 9 a 12:30 y de 13:30 a 19. Sáb de 9 a 13 hs.";4;1.6;Nafta;Manual;Pick-Up;"Autos y camionetas";No;N/A;N/A;N/A;No;N/A;UY;No;Sí;No;No;N/A;N/A;N/A;N/A;N/A;N/A;N/A;N/A;N/A;N/A;N/A;N/A;N/A;Sí;N/A;N/A;N/A;N/A;N/A;N/A;N/A;N/A;N/A;N/A;N/A;N/A;N/A;N/A;N/A;N/A;N/A;N/A;Sí;N/A;N/A;N/A;N/A;N/A;N/A;N/A;N/A;N/A;N/A;N/A;N/A;N/A;N/A;N/A;N/A;N/A;Sí;No;N/A;N/A;N/A;N/A;N/A;N/A;N/A;N/A;N/A;N/A;N/A;N/A;N/A;N/A;N/A;N/A;N/A;N/A;N/A;N/A;N/A;N/A;N/A;N/A;N/A;N/A;N/A;N/A;N/A;N/A;N/A;N/A;N/A;Sí;N/A;Sí;N/A;Sí;N/A;N/A;N/A;N/A;Sí;N/A;N/A;N/A;N/A;N/A;Sí;N/A;N/A;Sí;N/A;Sí;N/A;N/A;N/A;N/A;N/A
Renault;"Duster Oroch";"Outsider 1.6 MT";2025;"0 km";;"OSCARPISANO RENAULT-NISSAN";25000;;;;;Sayago;https://auto.mercadolibre.com.uy/MLU-679858370-renault-oroch-outsider-16-mt-2025-0km-_JM;N/A;;"Renault Oroch Outsider 1.6 Mt 2025 0km";USD;Sí;gold;false;N/A;N/A;http://perfil.mercadolibre.com.uy/OSCARPISANO+RENAULT-NISSAN;active;N/A;N/A;Nuevo;Plateado;N/A;Eléctrica;N/A;N/A;Sí;Sí;N/A;Sí;N/A;Sí;Sí;N/A;N/A;Sí;Sí;Sí;N/A;N/A;N/A;N/A;N/A;N/A;N/A;N/A;N/A;N/A;N/A;N/A;N/A;N/A;N/A;6;N/A;N/A;Sí;Sí;N/A;Sí;N/A;N/A;N/A;N/A;N/A;N/A;N/A;N/A;N/A;N/A;N/A;N/A;N/A;N/A;N/A;N/A;N/A;N/A;N/A;Sí;N/A;N/A;N/A;N/A;N/A;N/A;N/A;N/A;N/A;N/A;Sí;N/A;N/A;N/A;N/A;N/A;Sí;N/A;N/A;N/A;N/A;N/A;N/A;N/A;N/A;N/A;N/A;Outsider;N/A;N/A;N/A;N/A;N/A;N/A;Sí;N/A;Sí;Sí;Sí;N/A;N/A;N/A;N/A;N/A;N/A;Sí;Sí;N/A;"Lun. a Vie. de 8:30 a 18:30 hs. Sáb. de 9 a 13 hs";4;N/A;Nafta;Manual;Pick-Up;"Autos y camionetas";No;N/A;N/A;N/A;No;N/A;N/A;No;Sí;No;No;N/A;N/A;N/A;N/A;N/A;N/A;N/A;N/A;N/A;N/A;N/A;N/A;N/A;N/A;N/A;N/A;N/A;N/A;N/A;N/A;N/A;N/A;N/A;N/A;N/A;N/A;N/A;N/A;N/A;N/A;N/A;N/A;Sí;N/A;N/A;N/A;N/A;N/A;N/A;N/A;N/A;N/A;N/A;N/A;N/A;N/A;N/A;N/A;N/A;N/A;Sí;No;N/A;N/A;N/A;N/A;N/A;N/A;N/A;N/A;N/A;N/A;N/A;N/A;N/A;N/A;N/A;N/A;N/A;N/A;N/A;N/A;N/A;N/A;N/A;N/A;N/A;N/A;N/A;N/A;N/A;N/A;N/A;N/A;N/A;Sí;Sí;Sí;N/A;Sí;Sí;Sí;N/A;Sí;Sí;N/A;N/A;N/A;Sí;N/A;N/A;Sí;N/A;Sí;Sí;N/A;N/A;N/A;N/A;N/A;N/A
Renault;Captur;"1.2 Tce120 Privilege";2017;"92600 km";;SERVICE-UY;16900;;;;;Pocitos;https://auto.mercadolibre.com.uy/MLU-706214708-renault-captur-12-tce120-privilege-plus-_JM;N/A;;"Renault Captur 1.2 Tce120 Privilege Plus";usd;Sí;gold;false;N/A;N/A;http://perfil.mercadolibre.com.uy/SERVICE-UY;active;N/A;N/A;Usado;Blanco;Sí;Hidráulica;Delantera;Sí;Sí;N/A;N/A;N/A;Sí;N/A;N/A;Sí;N/A;N/A;Sí;Sí;N/A;Sí;N/A;N/A;N/A;N/A;N/A;N/A;N/A;N/A;N/A;N/A;"2606 mm";"1.2 L";"45 L";6;N/A;N/A;N/A;N/A;N/A;N/A;N/A;N/A;N/A;N/A;N/A;N/A;N/A;N/A;N/A;N/A;N/A;N/A;N/A;N/A;N/A;N/A;N/A;N/A;N/A;N/A;N/A;N/A;N/A;N/A;N/A;N/A;N/A;N/A;N/A;N/A;N/A;N/A;N/A;N/A;N/A;N/A;N/A;N/A;N/A;"1566 mm";"4122 mm";N/A;N/A;N/A;N/A;5;"130 hp";Privilege;N/A;4;"1778 mm";N/A;N/A;N/A;Sí;Sí;N/A;N/A;Sí;N/A;N/A;N/A;N/A;N/A;N/A;N/A;N/A;Sí;"10 a 20 horas";5;1.2;Nafta;Manual;Hatchback;"Autos y camionetas";N/A;N/A;N/A;N/A;N/A;N/A;UY;N/A;N/A;N/A;N/A;N/A;N/A;N/A;N/A;N/A;N/A;N/A;N/A;N/A;N/A;N/A;N/A;N/A;Sí;N/A;N/A;N/A;N/A;N/A;N/A;N/A;N/A;N/A;N/A;N/A;N/A;N/A;N/A;N/A;N/A;N/A;N/A;N/A;N/A;N/A;N/A;N/A;N/A;N/A;N/A;N/A;N/A;N/A;N/A;N/A;N/A;N/A;N/A;N/A;N/A;N/A;N/A;N/A;N/A;N/A;N/A;N/A;N/A;N/A;N/A;N/A;N/A;N/A;N/A;N/A;N/A;N/A;N/A;N/A;N/A;N/A;N/A;N/A;N/A;N/A;N/A;N/A;N/A;N/A;N/A;N/A;N/A;N/A;N/A;N/A;Sí;Sí;Sí;N/A;Sí;N/A;N/A;N/A;N/A;Sí;Sí;Sí;Sí;N/A;N/A;Sí;N/A;Sí;Sí;Sí;Sí;N/A;N/A;N/A;N/A;Sí
Renault;Clio;"1.2 Iv Authentique";2015;"80000 km";;FEDE-2009;12500;;;;;"Tres Cruces";https://auto.mercadolibre.com.uy/MLU-699858250-renault-clio-2015-12-iv-authentique-_JM;N/A;;"Renault Clio 2015 1.2 Iv Authentique";usd;Sí;gold;false;N/A;N/A;http://perfil.mercadolibre.com.uy/FEDE-2009;active;N/A;N/A;Usado;N/A;N/A;Hidráulica;Delantera;N/A;N/A;Sí;N/A;N/A;N/A;N/A;N/A;N/A;N/A;N/A;N/A;N/A;N/A;N/A;N/A;N/A;N/A;N/A;N/A;N/A;N/A;N/A;N/A;N/A;"2472 mm";"1.2 L";"50 L";5;N/A;N/A;N/A;N/A;N/A;N/A;N/A;N/A;N/A;N/A;N/A;N/A;N/A;N/A;N/A;N/A;N/A;N/A;N/A;N/A;N/A;N/A;N/A;N/A;N/A;N/A;N/A;N/A;N/A;N/A;N/A;N/A;N/A;N/A;N/A;N/A;N/A;N/A;N/A;N/A;N/A;N/A;N/A;N/A;N/A;"1417 mm";"3811 mm";N/A;N/A;N/A;N/A;5;"75 hp";Authentique;N/A;4;"1639 mm";N/A;N/A;N/A;N/A;N/A;N/A;N/A;N/A;N/A;N/A;N/A;N/A;N/A;N/A;N/A;N/A;N/A;N/A;3;1.2;Nafta;Manual;Hatchback;"Autos y camionetas";N/A;N/A;N/A;N/A;N/A;N/A;UY;N/A;N/A;N/A;N/A;N/A;N/A;N/A;N/A;N/A;N/A;N/A;N/A;N/A;N/A;N/A;N/A;N/A;N/A;N/A;N/A;N/A;N/A;N/A;N/A;N/A;N/A;N/A;N/A;N/A;N/A;N/A;N/A;N/A;N/A;N/A;N/A;N/A;N/A;N/A;N/A;N/A;N/A;N/A;N/A;N/A;N/A;N/A;N/A;N/A;N/A;N/A;N/A;N/A;N/A;N/A;N/A;N/A;N/A;N/A;N/A;N/A;N/A;N/A;N/A;N/A;N/A;N/A;N/A;N/A;N/A;N/A;N/A;N/A;N/A;N/A;N/A;N/A;N/A;N/A;N/A;N/A;N/A;N/A;N/A;N/A;N/A;N/A;N/A;N/A;N/A;N/A;N/A;N/A;N/A;N/A;N/A;N/A;N/A;N/A;N/A;N/A;N/A;N/A;N/A;N/A;N/A;N/A;N/A;N/A;N/A;N/A;N/A;N/A;N/A;N/A
Renault;Duster;"INTENSE M/T";2022;"73000 km";;SOLYCARAUTOMOVILES;20900;;;;;Solymar;https://auto.mercadolibre.com.uy/MLU-706007116-renault-duster-intense-mt-16-2022-impecable-solycar-_JM;N/A;;"Renault Duster Intense M/t 1.6 2022 Impecable! - Solycar";usd;Sí;gold;false;N/A;N/A;http://perfil.mercadolibre.com.uy/SOLYCARAUTOMOVILES;active;N/A;N/A;Usado;Negro;Sí;Eléctrica;4x2;Sí;Sí;Sí;N/A;N/A;N/A;Sí;Sí;N/A;Sí;Sí;Sí;Sí;N/A;Sí;N/A;N/A;N/A;N/A;N/A;N/A;N/A;N/A;N/A;N/A;N/A;"1600 cc";N/A;5;N/A;N/A;Sí;Sí;Sí;N/A;N/A;N/A;N/A;N/A;N/A;N/A;N/A;N/A;N/A;N/A;N/A;N/A;N/A;N/A;N/A;N/A;N/A;Sí;N/A;Sí;N/A;Sí;N/A;Sí;N/A;N/A;N/A;N/A;N/A;N/A;Sí;N/A;N/A;N/A;N/A;N/A;Sí;N/A;N/A;N/A;N/A;N/A;N/A;N/A;N/A;N/A;"116 hp";Intens;N/A;N/A;N/A;N/A;N/A;N/A;Sí;Sí;Sí;Sí;Sí;Sí;N/A;N/A;N/A;N/A;N/A;N/A;N/A;Sí;"Lun. a Vie. de 9:30 a 18:30 hs. Sáb. de 9:30 a 14 hs";5;1.6;Nafta;Manual;SUV;"Autos y camionetas";No;N/A;N/A;N/A;No;N/A;UY;No;Sí;No;No;N/A;N/A;N/A;N/A;N/A;N/A;N/A;N/A;N/A;N/A;N/A;N/A;N/A;N/A;N/A;N/A;N/A;N/A;N/A;N/A;N/A;N/A;N/A;N/A;N/A;N/A;N/A;N/A;N/A;N/A;N/A;N/A;N/A;N/A;N/A;N/A;N/A;N/A;N/A;N/A;N/A;N/A;N/A;N/A;N/A;N/A;N/A;N/A;N/A;N/A;N/A;No;N/A;N/A;N/A;N/A;N/A;N/A;N/A;N/A;N/A;N/A;N/A;N/A;N/A;N/A;N/A;N/A;N/A;N/A;N/A;N/A;N/A;N/A;N/A;N/A;N/A;N/A;N/A;N/A;N/A;N/A;N/A;N/A;N/A;Sí;N/A;Sí;N/A;Sí;Sí;Sí;N/A;Sí;Sí;Sí;Sí;N/A;N/A;N/A;Sí;Sí;N/A;Sí;Sí;Sí;N/A;N/A;Sí;N/A;Sí
Renault;Clio;"Mio Plus 1.2";2015;"130000 km";;GRITAUTOMOTORES;8990;;;;;Aguada;https://auto.mercadolibre.com.uy/MLU-705394558-renault-clio-mio-plus-12-12-2015-impecable-_JM;N/A;;"Renault Clio Mio Plus 1.2 1.2 2015 Impecable!";USD;Sí;gold;false;N/A;N/A;http://perfil.mercadolibre.com.uy/GRITAUTOMOTORES;active;N/A;N/A;Usado;Plateado;N/A;Hidráulica;N/A;Sí;N/A;N/A;N/A;N/A;N/A;Sí;N/A;N/A;N/A;Sí;N/A;Sí;N/A;N/A;N/A;N/A;N/A;N/A;N/A;N/A;N/A;N/A;N/A;N/A;N/A;"1200 cc";N/A;5;N/A;N/A;N/A;N/A;N/A;N/A;N/A;N/A;N/A;N/A;N/A;N/A;N/A;N/A;N/A;N/A;N/A;N/A;N/A;N/A;N/A;N/A;N/A;N/A;N/A;N/A;N/A;N/A;N/A;N/A;N/A;N/A;N/A;N/A;N/A;N/A;Sí;N/A;N/A;N/A;N/A;N/A;N/A;N/A;N/A;N/A;N/A;N/A;N/A;N/A;N/A;N/A;N/A;N/A;N/A;N/A;N/A;"12 km/l";N/A;N/A;N/A;Sí;N/A;N/A;N/A;N/A;N/A;N/A;"17 km/l";N/A;N/A;N/A;N/A;Sí;"Lun. a Vie. de 9:30 a 18 hs. Sáb. de 9:30 a 14:30 hs";5;1.2;Nafta;Manual;Hatchback;"Autos y camionetas";No;N/A;N/A;N/A;No;N/A;N/A;No;Sí;No;No;N/A;N/A;N/A;N/A;N/A;N/A;N/A;N/A;N/A;N/A;N/A;N/A;N/A;N/A;N/A;N/A;N/A;N/A;N/A;N/A;N/A;N/A;N/A;N/A;N/A;N/A;N/A;N/A;N/A;N/A;N/A;N/A;N/A;N/A;N/A;N/A;N/A;N/A;N/A;N/A;N/A;N/A;N/A;N/A;N/A;N/A;N/A;N/A;N/A;N/A;N/A;No;N/A;N/A;N/A;N/A;N/A;N/A;N/A;N/A;N/A;N/A;N/A;N/A;N/A;N/A;N/A;N/A;N/A;N/A;N/A;N/A;N/A;N/A;N/A;N/A;N/A;N/A;N/A;N/A;N/A;N/A;N/A;N/A;N/A;Sí;N/A;N/A;N/A;Sí;N/A;N/A;N/A;N/A;Sí;N/A;N/A;N/A;N/A;N/A;N/A;N/A;N/A;Sí;Sí;N/A;Sí;N/A;N/A;N/A;N/A
Renault;Oroch;Dynamique;2017;"130000 km";;"AMAYAPUENTE VENTASJOSE";15900;;;;;"San José de Carrasco";https://auto.mercadolibre.com.uy/MLU-702768314-renault-oroch-20cc-version-dynamique-excelente-estado-_JM;N/A;;"Renault Oroch 2.0c.c Versión Dynamique Excelente Estado";USD;Sí;gold;false;N/A;N/A;http://perfil.mercadolibre.com.uy/AMAYAPUENTE+VENTASJOSE;active;N/A;N/A;Usado;Blanco;No;Hidráulica;Delantera;N/A;N/A;N/A;N/A;N/A;N/A;N/A;N/A;N/A;N/A;N/A;N/A;N/A;N/A;N/A;N/A;N/A;N/A;N/A;N/A;N/A;N/A;N/A;N/A;N/A;N/A;N/A;N/A;N/A;N/A;N/A;N/A;N/A;N/A;N/A;N/A;N/A;N/A;N/A;N/A;N/A;N/A;N/A;N/A;N/A;N/A;N/A;N/A;N/A;N/A;N/A;N/A;N/A;N/A;N/A;N/A;N/A;N/A;N/A;N/A;N/A;N/A;N/A;N/A;N/A;N/A;N/A;N/A;N/A;N/A;N/A;N/A;N/A;N/A;N/A;N/A;N/A;N/A;N/A;N/A;N/A;N/A;N/A;N/A;N/A;N/A;N/A;N/A;N/A;N/A;N/A;N/A;N/A;N/A;N/A;N/A;N/A;N/A;N/A;N/A;N/A;N/A;N/A;"Atención permanente";4;2.0;Nafta;N/A;Pick-Up;"Autos y camionetas";N/A;N/A;N/A;N/A;N/A;N/A;N/A;N/A;N/A;N/A;N/A;N/A;N/A;N/A;N/A;N/A;N/A;N/A;N/A;N/A;N/A;N/A;N/A;N/A;N/A;N/A;N/A;N/A;N/A;N/A;N/A;N/A;N/A;N/A;N/A;N/A;N/A;N/A;N/A;N/A;N/A;N/A;N/A;N/A;N/A;N/A;N/A;N/A;N/A;N/A;N/A;N/A;N/A;N/A;N/A;N/A;N/A;N/A;N/A;N/A;N/A;N/A;N/A;N/A;N/A;N/A;N/A;N/A;N/A;N/A;N/A;N/A;N/A;N/A;N/A;N/A;N/A;N/A;N/A;N/A;N/A;N/A;N/A;N/A;N/A;N/A;N/A;N/A;N/A;N/A;N/A;N/A;N/A;N/A;N/A;N/A;N/A;N/A;N/A;N/A;N/A;N/A;N/A;N/A;N/A;N/A;N/A;N/A;N/A;N/A;N/A;N/A;N/A;N/A;N/A;N/A;N/A;N/A;N/A;N/A;N/A;N/A
Renault;Logan;"1.6 Privilége Plus 105cv";2014;"100000 km";;FEDE-2009;10990;;;;;"Tres Cruces";https://auto.mercadolibre.com.uy/MLU-691523822-renault-logan-2014-16-privilege-plus-105cv-_JM;N/A;;"Renault Logan 2014 1.6 Privilége Plus 105cv";usd;Sí;gold;false;N/A;N/A;http://perfil.mercadolibre.com.uy/FEDE-2009;active;N/A;N/A;Usado;N/A;N/A;Hidráulica;Delantera;N/A;N/A;N/A;N/A;N/A;N/A;N/A;N/A;Sí;N/A;N/A;N/A;N/A;N/A;N/A;N/A;N/A;N/A;N/A;N/A;N/A;N/A;N/A;N/A;N/A;"2635 mm";"1.6 L";"50 L";5;N/A;N/A;N/A;N/A;N/A;N/A;N/A;N/A;N/A;N/A;N/A;N/A;N/A;N/A;N/A;N/A;N/A;N/A;N/A;N/A;N/A;N/A;N/A;N/A;N/A;N/A;N/A;N/A;N/A;N/A;N/A;N/A;N/A;Sí;Sí;Sí;N/A;N/A;N/A;N/A;N/A;N/A;N/A;N/A;N/A;"1529 mm";"4350 mm";N/A;N/A;N/A;N/A;5;"105 hp";Privilege;N/A;4;"1733 mm";"11.8 km/l";N/A;N/A;N/A;N/A;N/A;N/A;Sí;N/A;N/A;N/A;"9.6 km/l";N/A;N/A;N/A;N/A;N/A;N/A;4;1.6;Nafta;Manual;Sedán;"Autos y camionetas";N/A;N/A;N/A;N/A;N/A;N/A;UY;N/A;N/A;N/A;N/A;N/A;N/A;N/A;N/A;N/A;N/A;N/A;N/A;N/A;N/A;N/A;N/A;N/A;N/A;N/A;N/A;N/A;N/A;N/A;N/A;N/A;N/A;N/A;N/A;N/A;N/A;N/A;N/A;N/A;N/A;N/A;N/A;N/A;N/A;N/A;N/A;N/A;N/A;N/A;N/A;N/A;N/A;N/A;N/A;N/A;N/A;N/A;N/A;N/A;N/A;N/A;N/A;N/A;N/A;N/A;N/A;N/A;N/A;N/A;N/A;N/A;N/A;N/A;N/A;N/A;N/A;N/A;N/A;N/A;N/A;N/A;N/A;N/A;N/A;N/A;N/A;N/A;N/A;N/A;N/A;N/A;N/A;N/A;N/A;N/A;N/A;N/A;N/A;N/A;N/A;N/A;N/A;N/A;N/A;N/A;N/A;N/A;N/A;N/A;N/A;N/A;N/A;N/A;N/A;N/A;N/A;N/A;N/A;N/A;N/A;N/A
Renault;Kwid;"1.0 Sce 66cv Life";2020;"72000 km";;"AMAYAPEUGEOT DELACOSTA";11490;;;;;Lagomar;https://auto.mercadolibre.com.uy/MLU-703124368-renault-kwid-10-cc-_JM;N/A;;"Renault Kwid 1.0 Cc";usd;Sí;gold;false;N/A;N/A;http://perfil.mercadolibre.com.uy/AMAYAPEUGEOT+DELACOSTA;active;N/A;N/A;Usado;Naranja;N/A;N/A;Delantera;N/A;N/A;Sí;N/A;N/A;N/A;N/A;N/A;N/A;N/A;N/A;N/A;N/A;N/A;N/A;N/A;N/A;N/A;N/A;N/A;N/A;N/A;N/A;N/A;N/A;"2423 mm";"1 L";"50 L";5;N/A;N/A;N/A;N/A;N/A;N/A;N/A;N/A;N/A;N/A;N/A;N/A;N/A;N/A;N/A;N/A;N/A;N/A;N/A;N/A;N/A;N/A;N/A;N/A;N/A;N/A;N/A;N/A;N/A;N/A;N/A;N/A;N/A;N/A;N/A;N/A;N/A;N/A;N/A;N/A;N/A;N/A;N/A;N/A;N/A;"1474 mm";"3680 mm";N/A;N/A;N/A;N/A;5;"66 hp";Life;N/A;4;"1752 mm";N/A;N/A;N/A;N/A;N/A;N/A;N/A;N/A;N/A;N/A;N/A;N/A;N/A;N/A;N/A;N/A;N/A;"L a v 9.00 a 18.00 y S 9.00 a 13.00";5;1.0;Nafta;Manual;Hatchback;"Autos y camionetas";N/A;N/A;N/A;N/A;N/A;N/A;UY;N/A;N/A;N/A;N/A;N/A;N/A;N/A;N/A;N/A;N/A;N/A;N/A;N/A;N/A;N/A;N/A;N/A;N/A;N/A;N/A;N/A;N/A;N/A;N/A;N/A;N/A;N/A;N/A;N/A;N/A;N/A;N/A;N/A;N/A;N/A;N/A;N/A;N/A;N/A;N/A;N/A;N/A;N/A;N/A;N/A;N/A;N/A;N/A;N/A;N/A;N/A;N/A;N/A;N/A;N/A;N/A;N/A;N/A;N/A;N/A;N/A;N/A;N/A;N/A;N/A;N/A;N/A;N/A;N/A;N/A;N/A;N/A;N/A;N/A;N/A;N/A;N/A;N/A;N/A;N/A;N/A;N/A;N/A;N/A;N/A;N/A;N/A;N/A;N/A;N/A;N/A;N/A;N/A;N/A;N/A;N/A;N/A;N/A;N/A;N/A;N/A;N/A;N/A;N/A;N/A;N/A;N/A;N/A;N/A;N/A;N/A;N/A;N/A;N/A;N/A
Renault;"Duster Oroch";-;2018;"147000 km";;"VIPERCAR AUTOMOVILES_3";15700;;;;;Centro;https://auto.mercadolibre.com.uy/MLU-703787370-renault-oroch-16-2018-impecable-_JM;N/A;;"Renault Oroch 1.6 2018 Impecable!";usd;Sí;gold;false;N/A;N/A;http://perfil.mercadolibre.com.uy/VIPERCAR+AUTOMOVILES_3;active;N/A;N/A;Usado;Plateado;N/A;Asistida;N/A;Sí;Sí;Sí;N/A;N/A;N/A;N/A;N/A;N/A;N/A;Sí;N/A;Sí;N/A;N/A;N/A;N/A;N/A;N/A;N/A;N/A;N/A;N/A;N/A;N/A;N/A;"1600 cc";N/A;5;N/A;N/A;N/A;N/A;N/A;N/A;N/A;N/A;N/A;N/A;N/A;N/A;N/A;N/A;N/A;N/A;N/A;N/A;N/A;N/A;N/A;N/A;N/A;N/A;N/A;Sí;N/A;N/A;N/A;N/A;N/A;N/A;N/A;N/A;N/A;N/A;N/A;N/A;N/A;N/A;N/A;N/A;N/A;N/A;N/A;N/A;N/A;N/A;N/A;N/A;N/A;N/A;N/A;N/A;N/A;N/A;N/A;"12 km/l";N/A;N/A;N/A;Sí;N/A;Sí;Sí;N/A;N/A;N/A;"16 km/l";N/A;N/A;Sí;Sí;N/A;"Lun a Vie de 9 a 12:30 y de 13:30 a 19. Sáb de 9 a 13 hs.";4;1.6;Nafta;Manual;Pick-Up;"Autos y camionetas";No;N/A;N/A;N/A;No;N/A;UY;No;Sí;No;No;N/A;N/A;N/A;N/A;N/A;N/A;N/A;N/A;N/A;N/A;N/A;N/A;N/A;N/A;N/A;N/A;N/A;N/A;N/A;N/A;N/A;N/A;N/A;N/A;N/A;N/A;N/A;N/A;N/A;N/A;N/A;N/A;N/A;N/A;N/A;N/A;N/A;N/A;N/A;N/A;N/A;N/A;N/A;N/A;N/A;N/A;N/A;N/A;N/A;N/A;N/A;No;N/A;N/A;N/A;N/A;N/A;N/A;N/A;N/A;N/A;N/A;N/A;N/A;N/A;N/A;N/A;N/A;N/A;N/A;N/A;N/A;N/A;N/A;N/A;N/A;N/A;N/A;N/A;N/A;N/A;N/A;N/A;N/A;N/A;N/A;Sí;Sí;N/A;Sí;N/A;Sí;N/A;N/A;N/A;N/A;N/A;N/A;Sí;N/A;N/A;N/A;N/A;Sí;N/A;Sí;N/A;N/A;Sí;N/A;N/A
Renault;Stepway;"ÚNICA EN SU ESTADO";2017;"130000 km";;"OSCARPISANO RENAULT-NISSAN";13900;;;;;Sayago;https://auto.mercadolibre.com.uy/MLU-703459800-renault-stepway-unica-en-su-estado-16-2017-impecable-_JM;N/A;;"Renault Stepway Única En Su Estado 1.6 2017 Impecable!";USD;Sí;gold;false;N/A;N/A;http://perfil.mercadolibre.com.uy/OSCARPISANO+RENAULT-NISSAN;active;N/A;N/A;Usado;Plateado;Sí;Hidráulica;N/A;Sí;N/A;Sí;N/A;N/A;N/A;N/A;Sí;N/A;N/A;N/A;N/A;Sí;N/A;N/A;N/A;N/A;N/A;N/A;N/A;N/A;N/A;N/A;N/A;N/A;N/A;"1600 cc";N/A;5;N/A;N/A;Sí;Sí;N/A;N/A;N/A;N/A;N/A;N/A;N/A;N/A;N/A;N/A;N/A;N/A;N/A;N/A;N/A;N/A;N/A;N/A;N/A;N/A;N/A;Sí;N/A;N/A;N/A;N/A;N/A;N/A;N/A;N/A;N/A;N/A;N/A;N/A;N/A;N/A;N/A;N/A;N/A;N/A;N/A;N/A;N/A;N/A;N/A;N/A;N/A;N/A;"89 hp";N/A;N/A;N/A;N/A;"11 km/l";N/A;N/A;N/A;N/A;N/A;N/A;Sí;N/A;N/A;N/A;"14 km/l";N/A;N/A;N/A;N/A;N/A;"Lun. a Sáb. de 9:30 a 18:30 hs. Dom. de 9:30 a 13 hs";5;1.6;Nafta;Manual;N/A;"Autos y camionetas";No;N/A;N/A;N/A;No;N/A;N/A;No;Sí;No;No;N/A;N/A;N/A;N/A;N/A;N/A;N/A;N/A;N/A;N/A;N/A;N/A;N/A;N/A;N/A;N/A;N/A;N/A;N/A;N/A;N/A;N/A;N/A;N/A;N/A;N/A;N/A;N/A;N/A;N/A;N/A;N/A;N/A;N/A;N/A;N/A;N/A;N/A;N/A;N/A;N/A;N/A;N/A;N/A;N/A;N/A;N/A;N/A;N/A;N/A;N/A;No;N/A;N/A;N/A;N/A;N/A;N/A;N/A;N/A;N/A;N/A;N/A;N/A;N/A;N/A;N/A;N/A;N/A;N/A;N/A;N/A;N/A;N/A;N/A;N/A;N/A;N/A;N/A;N/A;N/A;N/A;N/A;N/A;N/A;N/A;N/A;Sí;N/A;Sí;N/A;N/A;N/A;Sí;Sí;N/A;Sí;N/A;N/A;N/A;N/A;N/A;N/A;N/A;N/A;Sí;N/A;N/A;N/A;N/A;N/A
Renault;Duster;"PRIVILEGE ÚNICA EN SU ESTADO";2017;"168000 km";;"OSCARPISANO RENAULT-NISSAN";14900;;;;;Sayago;https://auto.mercadolibre.com.uy/MLU-696647266-renault-duster-privilege-unica-en-su-estado-20-2017-_JM;N/A;;"Renault Duster Privilege Única En Su Estado 2.0 2017 ";USD;Sí;gold;false;N/A;N/A;http://perfil.mercadolibre.com.uy/OSCARPISANO+RENAULT-NISSAN;active;N/A;N/A;Usado;Blanco;N/A;Hidráulica;N/A;Sí;N/A;N/A;N/A;N/A;N/A;N/A;N/A;N/A;N/A;N/A;N/A;N/A;N/A;N/A;N/A;N/A;N/A;N/A;N/A;N/A;N/A;N/A;N/A;N/A;N/A;"2000 cc";N/A;5;N/A;N/A;Sí;N/A;N/A;N/A;N/A;N/A;N/A;N/A;N/A;N/A;N/A;N/A;N/A;N/A;N/A;N/A;N/A;N/A;N/A;N/A;N/A;N/A;N/A;N/A;N/A;N/A;N/A;N/A;N/A;N/A;N/A;N/A;N/A;N/A;N/A;N/A;N/A;N/A;N/A;N/A;N/A;N/A;N/A;N/A;N/A;N/A;N/A;N/A;N/A;N/A;"137 hp";Privilege;N/A;N/A;N/A;"11 km/l";N/A;N/A;N/A;N/A;N/A;Sí;Sí;N/A;N/A;N/A;"15 km/l";N/A;N/A;N/A;N/A;N/A;"Lun. a Sáb. de 9:30 a 18:30 hs. Dom. de 9:30 a 13 hs";5;2.0;Nafta;Manual;SUV;"Autos y camionetas";No;N/A;N/A;N/A;No;N/A;N/A;No;Sí;No;No;N/A;N/A;N/A;N/A;N/A;N/A;N/A;N/A;N/A;N/A;N/A;N/A;N/A;N/A;N/A;N/A;N/A;N/A;N/A;N/A;N/A;N/A;N/A;N/A;N/A;N/A;N/A;N/A;N/A;N/A;N/A;N/A;N/A;N/A;N/A;N/A;N/A;N/A;N/A;N/A;N/A;N/A;N/A;N/A;N/A;N/A;N/A;N/A;N/A;N/A;N/A;No;N/A;N/A;N/A;N/A;N/A;N/A;N/A;N/A;N/A;N/A;N/A;N/A;N/A;N/A;N/A;N/A;N/A;N/A;N/A;N/A;N/A;N/A;N/A;N/A;N/A;N/A;N/A;N/A;N/A;N/A;N/A;N/A;N/A;Sí;Sí;N/A;N/A;Sí;N/A;Sí;N/A;Sí;Sí;Sí;Sí;N/A;N/A;N/A;N/A;N/A;N/A;Sí;N/A;Sí;N/A;N/A;N/A;N/A;N/A
Renault;Kwid;"INTENS 1.0";2025;"0 km";;"AUTOMOTORA MARMOLEJO";15600;;;;;Minas;https://auto.mercadolibre.com.uy/MLU-702228152-renault-kwid-intens-10-mt-ano-2025-_JM;N/A;;"Renault Kwid Intens 1.0 Mt, Año 2025";USD;Sí;gold;false;N/A;N/A;http://perfil.mercadolibre.com.uy/AUTOMOTORA+MARMOLEJO;active;N/A;N/A;Nuevo;Azul;N/A;Eléctrica;4x2;N/A;N/A;N/A;N/A;N/A;N/A;N/A;N/A;N/A;N/A;N/A;N/A;N/A;N/A;Sí;N/A;N/A;N/A;N/A;N/A;N/A;N/A;N/A;N/A;N/A;N/A;N/A;N/A;N/A;N/A;N/A;N/A;N/A;N/A;N/A;N/A;N/A;N/A;N/A;N/A;N/A;N/A;N/A;N/A;N/A;N/A;N/A;N/A;N/A;N/A;N/A;N/A;N/A;N/A;N/A;N/A;N/A;N/A;N/A;N/A;N/A;N/A;N/A;N/A;N/A;N/A;N/A;N/A;N/A;N/A;N/A;N/A;N/A;N/A;N/A;N/A;N/A;N/A;N/A;N/A;N/A;N/A;N/A;N/A;N/A;N/A;N/A;N/A;N/A;N/A;N/A;N/A;N/A;Sí;N/A;N/A;N/A;N/A;N/A;N/A;N/A;N/A;N/A;"Lunes a Viernes de 8:30 a 12:00 y de 14:30 a 19:00hs, Sábados de 9:00 a 12:00hs.";5;1.0;Nafta;Manual;Hatchback;"Autos y camionetas";N/A;N/A;N/A;N/A;N/A;N/A;N/A;N/A;Sí;N/A;N/A;N/A;N/A;N/A;N/A;N/A;N/A;N/A;N/A;N/A;N/A;N/A;N/A;N/A;Sí;N/A;N/A;N/A;N/A;N/A;N/A;N/A;N/A;N/A;N/A;N/A;N/A;N/A;N/A;N/A;N/A;N/A;N/A;Sí;N/A;N/A;N/A;N/A;N/A;N/A;N/A;N/A;N/A;N/A;N/A;N/A;N/A;N/A;N/A;N/A;N/A;Sí;N/A;N/A;N/A;N/A;N/A;N/A;N/A;N/A;N/A;N/A;N/A;N/A;N/A;N/A;N/A;N/A;N/A;N/A;N/A;N/A;N/A;N/A;N/A;N/A;N/A;N/A;N/A;N/A;N/A;N/A;N/A;N/A;N/A;N/A;Sí;N/A;N/A;N/A;N/A;N/A;N/A;N/A;N/A;Sí;N/A;N/A;N/A;N/A;N/A;Sí;Sí;N/A;N/A;N/A;Sí;N/A;N/A;N/A;N/A;N/A
Renault;Sandero;Authentic;2015;"117000 km";;"VIPERCAR AUTOMOVILES_3";9500;;;;;Centro;https://auto.mercadolibre.com.uy/MLU-695659134-renault-sandero-authentic-16-2015-impecable-_JM;N/A;;"Renault Sandero Authentic 1.6 2015 Impecable!";usd;Sí;gold;false;N/A;N/A;http://perfil.mercadolibre.com.uy/VIPERCAR+AUTOMOVILES_3;active;N/A;N/A;Usado;"Gris oscuro";N/A;Hidráulica;N/A;Sí;N/A;N/A;N/A;N/A;N/A;Sí;Sí;N/A;N/A;N/A;N/A;Sí;N/A;N/A;N/A;N/A;N/A;N/A;N/A;N/A;N/A;N/A;N/A;N/A;N/A;"1600 cc";N/A;5;N/A;N/A;N/A;N/A;N/A;N/A;Sí;N/A;N/A;N/A;N/A;N/A;N/A;N/A;N/A;N/A;N/A;N/A;N/A;N/A;N/A;N/A;N/A;Sí;N/A;Sí;N/A;N/A;N/A;N/A;N/A;N/A;N/A;N/A;N/A;N/A;Sí;N/A;N/A;N/A;N/A;N/A;N/A;N/A;N/A;N/A;N/A;N/A;N/A;N/A;N/A;N/A;N/A;N/A;N/A;N/A;N/A;N/A;N/A;N/A;N/A;N/A;N/A;N/A;N/A;Sí;N/A;N/A;N/A;N/A;N/A;N/A;N/A;Sí;"Lun a Vie de 9 a 12:30 y de 13:30 a 19. Sáb de 9 a 13 hs.";5;1.6;Nafta;Manual;Hatchback;"Autos y camionetas";No;N/A;N/A;N/A;No;N/A;UY;No;Sí;No;No;N/A;N/A;N/A;N/A;N/A;N/A;N/A;N/A;N/A;N/A;N/A;N/A;N/A;N/A;N/A;N/A;N/A;N/A;N/A;N/A;N/A;N/A;N/A;N/A;N/A;N/A;N/A;N/A;N/A;N/A;N/A;N/A;N/A;N/A;N/A;N/A;N/A;N/A;N/A;N/A;N/A;N/A;N/A;N/A;N/A;N/A;N/A;N/A;N/A;N/A;N/A;No;N/A;N/A;N/A;N/A;N/A;N/A;N/A;N/A;N/A;N/A;N/A;N/A;N/A;N/A;N/A;N/A;N/A;N/A;N/A;N/A;N/A;N/A;N/A;N/A;N/A;N/A;N/A;N/A;N/A;N/A;N/A;N/A;N/A;Sí;N/A;N/A;N/A;Sí;N/A;N/A;N/A;N/A;Sí;N/A;N/A;N/A;N/A;N/A;N/A;N/A;N/A;Sí;N/A;N/A;N/A;N/A;N/A;N/A;N/A
Renault;Arkana;Intense;2025;"0 km";;"OSCARPISANO RENAULT-NISSAN";38500;;;;;Sayago;https://auto.mercadolibre.com.uy/MLU-640150653-renault-arkana-intense-2025-0km-_JM;N/A;;"Renault Arkana Intense 2025 0km";USD;Sí;gold;false;N/A;N/A;http://perfil.mercadolibre.com.uy/OSCARPISANO+RENAULT-NISSAN;active;N/A;N/A;Nuevo;Blanco;N/A;Hidráulica;N/A;N/A;Sí;Sí;Sí;Sí;N/A;N/A;Sí;Sí;N/A;Sí;Sí;Sí;N/A;Sí;N/A;N/A;N/A;N/A;N/A;N/A;N/A;N/A;N/A;N/A;N/A;N/A;N/A;6;N/A;N/A;Sí;Sí;Sí;Sí;N/A;N/A;N/A;N/A;N/A;N/A;N/A;N/A;N/A;N/A;N/A;N/A;N/A;N/A;N/A;N/A;N/A;N/A;N/A;Sí;N/A;N/A;N/A;N/A;N/A;N/A;N/A;N/A;N/A;N/A;Sí;N/A;N/A;N/A;N/A;N/A;Sí;N/A;N/A;N/A;N/A;N/A;N/A;N/A;N/A;N/A;N/A;N/A;N/A;N/A;N/A;N/A;N/A;N/A;Sí;N/A;Sí;Sí;Sí;Sí;Sí;N/A;N/A;N/A;N/A;N/A;N/A;N/A;"Lun. a Vie. de 8:30 a 18:30 hs. Sáb. de 9 a 13 hs";4;N/A;Nafta;"Automática secuencial";Sedán;"Autos y camionetas";No;N/A;N/A;N/A;No;N/A;N/A;No;Sí;No;No;N/A;N/A;N/A;N/A;N/A;N/A;N/A;N/A;N/A;N/A;N/A;N/A;N/A;N/A;N/A;N/A;N/A;N/A;N/A;N/A;N/A;N/A;N/A;N/A;N/A;N/A;N/A;N/A;N/A;N/A;N/A;N/A;Sí;N/A;N/A;N/A;N/A;N/A;N/A;N/A;N/A;N/A;N/A;N/A;N/A;N/A;N/A;N/A;N/A;N/A;Sí;No;N/A;N/A;N/A;N/A;N/A;N/A;N/A;N/A;N/A;N/A;N/A;N/A;N/A;N/A;N/A;N/A;N/A;N/A;N/A;N/A;N/A;N/A;N/A;N/A;N/A;N/A;N/A;N/A;N/A;N/A;N/A;N/A;N/A;Sí;Sí;Sí;Sí;Sí;Sí;Sí;N/A;Sí;Sí;Sí;Sí;N/A;N/A;N/A;N/A;Sí;N/A;Sí;Sí;Sí;N/A;N/A;Sí;N/A;Sí
Renault;Kwid;Intense;2025;"0 km";;"OSCARPISANO RENAULT-NISSAN";15600;;;;;Sayago;https://auto.mercadolibre.com.uy/MLU-679582190-renault-kwid-intense-2025-0km-_JM;N/A;;"Renault Kwid Intense 2025 0km";USD;Sí;gold;false;N/A;N/A;http://perfil.mercadolibre.com.uy/OSCARPISANO+RENAULT-NISSAN;active;N/A;N/A;Nuevo;Azul;N/A;Eléctrica;N/A;Sí;Sí;Sí;N/A;N/A;N/A;Sí;N/A;N/A;N/A;Sí;N/A;Sí;N/A;Sí;N/A;N/A;N/A;N/A;N/A;N/A;N/A;N/A;N/A;N/A;N/A;N/A;N/A;5;N/A;N/A;Sí;Sí;N/A;N/A;N/A;N/A;N/A;N/A;N/A;N/A;N/A;N/A;N/A;N/A;N/A;N/A;N/A;N/A;N/A;N/A;N/A;N/A;N/A;Sí;N/A;N/A;N/A;N/A;N/A;N/A;N/A;N/A;N/A;N/A;Sí;N/A;N/A;N/A;N/A;N/A;N/A;N/A;N/A;N/A;N/A;N/A;N/A;N/A;N/A;N/A;N/A;Intense;N/A;N/A;N/A;N/A;N/A;N/A;N/A;N/A;N/A;N/A;Sí;N/A;N/A;N/A;N/A;N/A;N/A;N/A;N/A;Sí;"Lun. a Vie. de 8:30 a 18:30 hs. Sáb. de 9 a 13 hs";5;N/A;Nafta;Manual;Hatchback;"Autos y camionetas";No;N/A;N/A;N/A;No;N/A;N/A;No;Sí;No;No;N/A;N/A;N/A;N/A;N/A;N/A;N/A;N/A;N/A;N/A;N/A;N/A;N/A;N/A;N/A;N/A;N/A;N/A;N/A;N/A;N/A;N/A;N/A;N/A;N/A;N/A;N/A;N/A;N/A;N/A;N/A;N/A;Sí;N/A;N/A;N/A;N/A;N/A;N/A;N/A;N/A;N/A;N/A;N/A;N/A;N/A;N/A;N/A;N/A;N/A;Sí;No;N/A;N/A;N/A;N/A;N/A;N/A;N/A;N/A;N/A;N/A;N/A;N/A;N/A;N/A;N/A;N/A;N/A;N/A;N/A;N/A;N/A;N/A;N/A;N/A;N/A;N/A;N/A;N/A;N/A;N/A;N/A;N/A;N/A;Sí;N/A;N/A;Sí;Sí;Sí;Sí;N/A;N/A;Sí;N/A;N/A;N/A;N/A;N/A;N/A;N/A;N/A;Sí;Sí;Sí;N/A;N/A;Sí;N/A;Sí
Renault;Kwid;"1.0 Sce 66cv Outsider";2021;"40000 km";;NGONCALVES352;13500;;;;;"San José de Carrasco";https://auto.mercadolibre.com.uy/MLU-706202704-renault-kwid-10-sce-66cv-outsider-_JM;N/A;;"Renault Kwid 1.0 Sce 66cv Outsider";usd;Sí;gold;false;N/A;N/A;http://perfil.mercadolibre.com.uy/NGONCALVES352;active;N/A;N/A;Usado;Rojo;Sí;Eléctrica;Delantera;N/A;N/A;Sí;N/A;N/A;N/A;N/A;N/A;N/A;N/A;N/A;N/A;N/A;N/A;N/A;N/A;N/A;N/A;N/A;N/A;N/A;N/A;N/A;N/A;N/A;"2423 mm";"1 L";"50 L";5;N/A;N/A;N/A;N/A;N/A;N/A;N/A;N/A;N/A;N/A;N/A;N/A;N/A;N/A;N/A;N/A;N/A;N/A;N/A;N/A;N/A;N/A;N/A;N/A;N/A;N/A;N/A;N/A;N/A;N/A;N/A;N/A;N/A;N/A;N/A;N/A;N/A;N/A;N/A;N/A;N/A;N/A;N/A;N/A;N/A;"1474 mm";"3680 mm";N/A;N/A;N/A;N/A;5;"66 hp";Outsider;N/A;4;"1752 mm";N/A;N/A;N/A;N/A;N/A;N/A;N/A;N/A;N/A;N/A;N/A;N/A;N/A;N/A;N/A;N/A;N/A;N/A;5;1.0;Nafta;Manual;Hatchback;"Autos y camionetas";N/A;N/A;N/A;N/A;N/A;N/A;UY;N/A;N/A;N/A;N/A;N/A;N/A;N/A;N/A;N/A;N/A;N/A;N/A;N/A;N/A;N/A;N/A;N/A;N/A;N/A;N/A;N/A;N/A;N/A;N/A;N/A;N/A;N/A;N/A;N/A;N/A;N/A;N/A;N/A;N/A;N/A;N/A;N/A;N/A;N/A;N/A;N/A;N/A;N/A;N/A;N/A;N/A;N/A;N/A;N/A;N/A;N/A;N/A;N/A;N/A;N/A;N/A;N/A;N/A;N/A;N/A;N/A;N/A;N/A;N/A;N/A;N/A;N/A;N/A;N/A;N/A;N/A;N/A;N/A;N/A;N/A;N/A;N/A;N/A;N/A;N/A;N/A;N/A;N/A;N/A;N/A;N/A;N/A;N/A;N/A;N/A;N/A;N/A;N/A;N/A;N/A;N/A;N/A;N/A;N/A;N/A;N/A;N/A;N/A;N/A;N/A;N/A;N/A;N/A;N/A;N/A;N/A;N/A;N/A;N/A;N/A
Renault;Kangoo;Full;2018;"160000 km";;"AUTOMAX URUGUAY";10800;;;;;"Ciudad de la Costa";https://auto.mercadolibre.com.uy/MLU-704258664-renault-kangoo-aire-y-direccion-2018-_JM;N/A;;"Renault Kangoo Aire Y Dirección 2018";USD;Sí;gold;false;N/A;N/A;http://perfil.mercadolibre.com.uy/AUTOMAX+URUGUAY;active;N/A;N/A;Usado;Plateado;Sí;Hidráulica;N/A;Sí;N/A;N/A;N/A;N/A;N/A;N/A;N/A;N/A;N/A;N/A;N/A;N/A;N/A;N/A;N/A;N/A;N/A;N/A;N/A;N/A;N/A;N/A;N/A;N/A;N/A;"1400 cc";N/A;N/A;N/A;N/A;N/A;N/A;N/A;N/A;N/A;N/A;N/A;N/A;N/A;N/A;N/A;N/A;N/A;N/A;N/A;N/A;N/A;N/A;N/A;N/A;N/A;N/A;N/A;N/A;N/A;N/A;N/A;N/A;N/A;N/A;N/A;N/A;N/A;N/A;N/A;N/A;N/A;N/A;N/A;N/A;N/A;N/A;N/A;N/A;N/A;N/A;N/A;N/A;N/A;N/A;N/A;N/A;N/A;N/A;N/A;N/A;N/A;N/A;N/A;Sí;N/A;N/A;Sí;N/A;N/A;N/A;N/A;N/A;N/A;N/A;N/A;N/A;"Lun. a Vier. - 09:30 a 19:00hs. Sab. 09:30 a 13:00";3;1.4;Nafta;Manual;Furgón;"Autos y camionetas";No;N/A;N/A;N/A;No;N/A;N/A;No;Sí;No;No;N/A;N/A;N/A;N/A;N/A;N/A;N/A;N/A;N/A;N/A;N/A;N/A;N/A;N/A;N/A;N/A;N/A;N/A;N/A;N/A;N/A;N/A;N/A;N/A;N/A;N/A;N/A;N/A;N/A;N/A;N/A;N/A;N/A;N/A;N/A;N/A;N/A;N/A;N/A;N/A;N/A;N/A;N/A;N/A;N/A;N/A;N/A;N/A;N/A;N/A;N/A;No;N/A;N/A;N/A;N/A;N/A;N/A;N/A;N/A;N/A;N/A;N/A;N/A;N/A;N/A;N/A;N/A;N/A;N/A;N/A;N/A;N/A;N/A;N/A;N/A;N/A;N/A;N/A;N/A;N/A;N/A;N/A;N/A;N/A;Sí;N/A;N/A;N/A;Sí;N/A;N/A;N/A;N/A;Sí;N/A;N/A;N/A;N/A;N/A;N/A;N/A;N/A;Sí;Sí;N/A;N/A;N/A;Sí;Sí;Sí
Renault;Duster;"INTENS 1.6 MT PH2";2024;"0 km";;"AUTOMOTORA MARMOLEJO";26000;;;;;Minas;https://auto.mercadolibre.com.uy/MLU-646952549-nueva-duster-intens-16-mt-ph2-_JM;N/A;;"Nueva Duster Intens 1.6 Mt Ph2 ";usd;Sí;gold;false;N/A;N/A;http://perfil.mercadolibre.com.uy/AUTOMOTORA+MARMOLEJO;active;N/A;N/A;Nuevo;Blanco;N/A;Eléctrica;4x2;N/A;N/A;Sí;N/A;N/A;Sí;N/A;N/A;N/A;N/A;N/A;N/A;Sí;N/A;N/A;N/A;N/A;N/A;N/A;N/A;N/A;N/A;N/A;N/A;N/A;"2674 mm";"1.6 L";"50 L";5;N/A;N/A;N/A;N/A;N/A;N/A;N/A;N/A;N/A;N/A;N/A;N/A;N/A;N/A;N/A;N/A;N/A;N/A;N/A;N/A;N/A;N/A;N/A;N/A;N/A;N/A;N/A;N/A;N/A;N/A;N/A;N/A;N/A;N/A;N/A;N/A;N/A;N/A;N/A;N/A;N/A;N/A;N/A;N/A;N/A;"1683 mm";"4329 mm";N/A;N/A;N/A;N/A;5;"118 hp";Intens;N/A;4;"1822 mm";"11.1 km/l";Sí;N/A;Sí;Sí;N/A;Sí;Sí;N/A;N/A;N/A;"10.4 km/l";Sí;N/A;N/A;N/A;N/A;"Lunes a Viernes de 8:30 a 12:00 y de 14:30 a 19:00hs, Sábados de 9:00 a 12:00hs.";5;1.6;Nafta;Manual;SUV;"Autos y camionetas";N/A;N/A;N/A;N/A;N/A;N/A;UY;N/A;Sí;N/A;N/A;N/A;N/A;N/A;N/A;N/A;N/A;N/A;N/A;N/A;N/A;N/A;N/A;N/A;Sí;N/A;N/A;N/A;N/A;N/A;N/A;N/A;N/A;N/A;N/A;N/A;N/A;N/A;N/A;N/A;N/A;N/A;N/A;Sí;N/A;N/A;N/A;N/A;N/A;N/A;N/A;N/A;N/A;N/A;N/A;N/A;N/A;N/A;N/A;N/A;N/A;Sí;No;N/A;N/A;N/A;N/A;N/A;N/A;N/A;N/A;N/A;N/A;N/A;N/A;N/A;N/A;N/A;N/A;N/A;N/A;N/A;N/A;N/A;N/A;N/A;N/A;N/A;N/A;N/A;N/A;N/A;N/A;N/A;N/A;N/A;Sí;Sí;Sí;N/A;Sí;N/A;N/A;N/A;N/A;Sí;N/A;N/A;N/A;N/A;N/A;Sí;Sí;Sí;N/A;N/A;N/A;N/A;N/A;N/A;N/A;N/A
Renault;"Duster Oroch";"1.6 Dynamique";2016;"103000 km";;"MASANTI AUTOMOVILES";14900;;;;;"Barros Blancos";https://auto.mercadolibre.com.uy/MLU-647389607-masanti-renault-duster-oroch-16-dynamique-_JM;N/A;;"Masanti Renault Duster Oroch 1.6 Dynamique";usd;Sí;gold;false;N/A;N/A;http://perfil.mercadolibre.com.uy/MASANTI+AUTOMOVILES;active;N/A;N/A;Usado;Blanco;N/A;Hidráulica;4x2;N/A;N/A;Sí;N/A;N/A;N/A;N/A;N/A;N/A;N/A;N/A;N/A;N/A;N/A;N/A;N/A;N/A;N/A;N/A;N/A;N/A;N/A;N/A;N/A;N/A;"2829 mm";"1.6 L";"50 L";5;N/A;N/A;N/A;N/A;N/A;N/A;N/A;N/A;N/A;N/A;N/A;N/A;N/A;N/A;N/A;N/A;N/A;N/A;N/A;N/A;N/A;N/A;N/A;N/A;N/A;N/A;N/A;N/A;N/A;N/A;N/A;N/A;N/A;N/A;N/A;N/A;N/A;N/A;N/A;N/A;N/A;N/A;N/A;N/A;N/A;"1683 mm";"4329 mm";N/A;N/A;N/A;N/A;5;"110 hp";Dynamique;N/A;4;"1821 mm";"11.1 km/l";N/A;N/A;N/A;N/A;N/A;N/A;N/A;N/A;N/A;N/A;"10.4 km/l";N/A;N/A;N/A;N/A;N/A;"9 a 21";4;1.6;Nafta;Manual;SUV;"Autos y camionetas";N/A;N/A;N/A;N/A;N/A;N/A;UY;N/A;N/A;N/A;N/A;N/A;N/A;N/A;N/A;N/A;N/A;N/A;N/A;N/A;N/A;N/A;N/A;N/A;N/A;N/A;N/A;N/A;N/A;N/A;N/A;N/A;N/A;N/A;N/A;N/A;N/A;N/A;N/A;N/A;N/A;N/A;N/A;N/A;N/A;N/A;N/A;N/A;N/A;N/A;N/A;N/A;N/A;N/A;N/A;N/A;N/A;N/A;N/A;N/A;N/A;N/A;N/A;N/A;N/A;N/A;N/A;N/A;N/A;N/A;N/A;N/A;N/A;N/A;N/A;N/A;N/A;N/A;N/A;N/A;N/A;N/A;N/A;N/A;N/A;N/A;N/A;N/A;N/A;N/A;N/A;N/A;N/A;N/A;N/A;N/A;N/A;N/A;N/A;N/A;N/A;N/A;N/A;N/A;N/A;N/A;N/A;N/A;N/A;N/A;N/A;N/A;N/A;N/A;N/A;N/A;N/A;N/A;N/A;N/A;N/A;N/A
Renault;Kardian;"1.0 Tce Premiere Edition";2024;"0 km";;"AUTOMOTORA MARMOLEJO";30500;;;;;Minas;https://auto.mercadolibre.com.uy/MLU-647122545-renault-kardian-0km-ano-2025-_JM;N/A;;"Renault Kardian 0km, Año 2025";usd;Sí;gold;false;N/A;N/A;http://perfil.mercadolibre.com.uy/AUTOMOTORA+MARMOLEJO;active;N/A;N/A;Nuevo;Plateado;N/A;N/A;Delantera;N/A;N/A;N/A;N/A;N/A;N/A;N/A;N/A;N/A;N/A;N/A;N/A;N/A;N/A;N/A;N/A;N/A;N/A;N/A;N/A;N/A;N/A;N/A;N/A;N/A;"2600 mm";"1 L";"50 L";6;N/A;N/A;N/A;N/A;N/A;N/A;N/A;N/A;N/A;N/A;N/A;N/A;N/A;N/A;N/A;N/A;N/A;N/A;N/A;N/A;N/A;N/A;N/A;N/A;N/A;N/A;N/A;N/A;N/A;N/A;N/A;N/A;N/A;N/A;N/A;N/A;N/A;N/A;N/A;N/A;N/A;N/A;N/A;N/A;N/A;"1545 mm";"4120 mm";N/A;N/A;N/A;N/A;5;"120 hp";"Premiere Edition";N/A;N/A;"1750 mm";N/A;N/A;N/A;N/A;N/A;N/A;N/A;N/A;N/A;N/A;N/A;N/A;N/A;N/A;N/A;N/A;N/A;"Lunes a Viernes de 8:30 a 12:00hs y de 14:30 a 19:00, Sábados de 9:00 a 12:00hs";5;1.0;Nafta;Automática;N/A;"Autos y camionetas";N/A;N/A;N/A;N/A;N/A;N/A;UY;N/A;N/A;N/A;N/A;N/A;N/A;N/A;N/A;N/A;N/A;N/A;N/A;N/A;N/A;N/A;N/A;N/A;N/A;N/A;N/A;N/A;N/A;N/A;N/A;N/A;N/A;N/A;N/A;N/A;N/A;N/A;N/A;N/A;N/A;N/A;N/A;N/A;N/A;N/A;N/A;N/A;N/A;N/A;N/A;N/A;N/A;N/A;N/A;N/A;N/A;N/A;N/A;N/A;N/A;N/A;N/A;N/A;N/A;N/A;N/A;N/A;N/A;N/A;N/A;N/A;N/A;N/A;N/A;N/A;N/A;N/A;N/A;N/A;N/A;N/A;N/A;N/A;N/A;N/A;N/A;N/A;N/A;N/A;N/A;N/A;N/A;N/A;N/A;N/A;N/A;N/A;N/A;N/A;N/A;N/A;N/A;N/A;N/A;N/A;N/A;N/A;N/A;N/A;N/A;N/A;N/A;N/A;N/A;N/A;N/A;N/A;N/A;N/A;N/A;N/A
Renault;Master;L3H2;2025;"0 km";;SOLYCARAUTOMOVILES;45000;;;;;Solymar;https://auto.mercadolibre.com.uy/MLU-671518294-renault-master-l3h2-23-2025-0km-solycar-_JM;N/A;;"Renault Master L3h2 2.3 2025 0km - Solycar";usd;Sí;gold;false;N/A;N/A;http://perfil.mercadolibre.com.uy/SOLYCARAUTOMOVILES;active;N/A;N/A;Nuevo;Blanco;N/A;Hidráulica;N/A;Sí;Sí;Sí;N/A;N/A;N/A;N/A;N/A;N/A;N/A;N/A;N/A;Sí;N/A;N/A;N/A;N/A;N/A;N/A;N/A;N/A;N/A;N/A;N/A;N/A;N/A;"2300 cc";N/A;6;N/A;N/A;Sí;Sí;Sí;N/A;N/A;N/A;N/A;N/A;N/A;N/A;N/A;N/A;N/A;N/A;N/A;N/A;N/A;N/A;N/A;N/A;N/A;N/A;N/A;N/A;N/A;N/A;N/A;N/A;N/A;N/A;N/A;N/A;N/A;N/A;Sí;N/A;N/A;N/A;N/A;N/A;N/A;N/A;N/A;N/A;N/A;N/A;N/A;N/A;N/A;N/A;"130 hp";N/A;N/A;N/A;N/A;N/A;N/A;N/A;N/A;Sí;N/A;N/A;Sí;N/A;N/A;N/A;N/A;N/A;N/A;N/A;N/A;N/A;"Lun. a Vie. de 9:30 a 18:30 hs. Sáb. de 9:30 a 14 hs";5;2.3;Diésel;Manual;Furgón;"Autos y camionetas";No;N/A;N/A;N/A;No;N/A;UY;No;Sí;No;No;N/A;N/A;N/A;N/A;N/A;N/A;N/A;N/A;N/A;N/A;N/A;N/A;N/A;N/A;N/A;N/A;N/A;N/A;N/A;N/A;N/A;N/A;N/A;N/A;N/A;N/A;N/A;N/A;N/A;N/A;N/A;N/A;Sí;N/A;N/A;N/A;N/A;N/A;N/A;N/A;N/A;N/A;N/A;N/A;N/A;N/A;N/A;N/A;N/A;N/A;Sí;No;N/A;N/A;N/A;N/A;N/A;N/A;N/A;N/A;N/A;N/A;N/A;N/A;N/A;N/A;N/A;N/A;N/A;N/A;N/A;N/A;N/A;N/A;N/A;N/A;N/A;N/A;N/A;N/A;N/A;N/A;N/A;N/A;N/A;Sí;N/A;N/A;N/A;Sí;Sí;Sí;N/A;Sí;Sí;N/A;N/A;N/A;N/A;N/A;Sí;N/A;N/A;Sí;Sí;Sí;N/A;N/A;Sí;N/A;Sí
Renault;Oroch;"Expression 1.6";2018;"81000 km";;KRYNICO20231117075414;14300;;;;;"Brazo Oriental";https://auto.mercadolibre.com.uy/MLU-647535303-renault-oroch-expression-16-2018-_JM;N/A;;"Renault Oroch Expression 1.6 2018";USD;Sí;gold;false;N/A;N/A;http://perfil.mercadolibre.com.uy/KRYNICO20231117075414;active;N/A;N/A;Usado;Verde;Sí;N/A;Delantera;N/A;N/A;N/A;N/A;N/A;N/A;N/A;N/A;N/A;N/A;N/A;N/A;N/A;N/A;N/A;N/A;N/A;N/A;N/A;N/A;N/A;N/A;N/A;N/A;N/A;N/A;N/A;N/A;N/A;N/A;N/A;N/A;N/A;N/A;N/A;N/A;N/A;N/A;N/A;N/A;N/A;N/A;N/A;N/A;N/A;N/A;N/A;N/A;N/A;N/A;N/A;N/A;N/A;N/A;N/A;N/A;N/A;N/A;N/A;N/A;N/A;N/A;N/A;N/A;N/A;N/A;N/A;N/A;N/A;N/A;N/A;N/A;N/A;N/A;N/A;N/A;N/A;N/A;N/A;N/A;N/A;N/A;N/A;N/A;N/A;N/A;N/A;N/A;N/A;N/A;N/A;N/A;N/A;N/A;N/A;N/A;N/A;N/A;N/A;N/A;N/A;N/A;N/A;N/A;4;1.6;Nafta;Manual;N/A;"Autos y camionetas";N/A;N/A;N/A;N/A;N/A;N/A;N/A;N/A;N/A;N/A;N/A;N/A;N/A;N/A;N/A;N/A;N/A;N/A;N/A;N/A;N/A;N/A;N/A;N/A;N/A;N/A;N/A;N/A;N/A;N/A;N/A;N/A;N/A;N/A;N/A;N/A;N/A;N/A;N/A;N/A;N/A;N/A;N/A;N/A;N/A;N/A;N/A;N/A;N/A;N/A;N/A;N/A;N/A;N/A;N/A;N/A;N/A;N/A;N/A;N/A;N/A;N/A;N/A;N/A;N/A;N/A;N/A;N/A;N/A;N/A;N/A;N/A;N/A;N/A;N/A;N/A;N/A;N/A;N/A;N/A;N/A;N/A;N/A;N/A;N/A;N/A;N/A;N/A;N/A;N/A;N/A;N/A;N/A;N/A;N/A;N/A;N/A;N/A;N/A;N/A;N/A;N/A;N/A;N/A;N/A;N/A;N/A;N/A;N/A;N/A;N/A;N/A;N/A;N/A;N/A;N/A;N/A;N/A;N/A;N/A;N/A;N/A
Renault;Duster;"1.6 4x2 Expression 110cv";2012;"197000 km";;"JOAQUIMCURI UY";11500;;;;;Rivera;https://auto.mercadolibre.com.uy/MLU-647390557-renault-duster-16-4x2-expression-110cv-_JM;N/A;;"Renault Duster 1.6 4x2 Expression 110cv";usd;Sí;gold;false;N/A;N/A;http://perfil.mercadolibre.com.uy/JOAQUIMCURI+UY;active;N/A;N/A;Usado;Gris;N/A;Hidráulica;4x2;N/A;N/A;N/A;N/A;N/A;N/A;N/A;N/A;N/A;N/A;N/A;N/A;N/A;N/A;N/A;N/A;N/A;N/A;N/A;N/A;N/A;N/A;N/A;N/A;N/A;"2673 mm";"1.6 L";"50 L";5;N/A;N/A;N/A;N/A;N/A;N/A;N/A;N/A;N/A;N/A;N/A;N/A;N/A;N/A;N/A;N/A;N/A;N/A;N/A;N/A;N/A;N/A;N/A;N/A;N/A;N/A;N/A;N/A;N/A;N/A;N/A;N/A;N/A;Sí;N/A;N/A;N/A;N/A;N/A;N/A;N/A;N/A;N/A;N/A;N/A;"1695 mm";"4315 mm";N/A;N/A;N/A;N/A;5;"110 hp";Expression;N/A;4;"1822 mm";"11.1 km/l";N/A;N/A;N/A;Sí;N/A;N/A;N/A;N/A;N/A;N/A;"10.4 km/l";N/A;N/A;N/A;N/A;N/A;N/A;5;1.6;Nafta;Manual;SUV;"Autos y camionetas";N/A;N/A;N/A;N/A;N/A;N/A;UY;N/A;N/A;N/A;N/A;N/A;N/A;N/A;N/A;N/A;N/A;N/A;N/A;N/A;N/A;N/A;N/A;N/A;N/A;N/A;N/A;N/A;N/A;N/A;N/A;N/A;N/A;N/A;N/A;N/A;N/A;N/A;N/A;N/A;N/A;N/A;N/A;N/A;N/A;N/A;N/A;N/A;N/A;N/A;N/A;N/A;N/A;N/A;N/A;N/A;N/A;N/A;N/A;N/A;N/A;N/A;N/A;N/A;N/A;N/A;N/A;N/A;N/A;N/A;N/A;N/A;N/A;N/A;N/A;N/A;N/A;N/A;N/A;N/A;N/A;N/A;N/A;N/A;N/A;N/A;N/A;N/A;N/A;N/A;N/A;N/A;N/A;N/A;N/A;N/A;N/A;N/A;N/A;N/A;N/A;N/A;N/A;N/A;N/A;N/A;N/A;N/A;N/A;N/A;N/A;N/A;Sí;N/A;N/A;N/A;N/A;N/A;N/A;N/A;N/A;N/A
Renault;Kwid;"ZEN 1.0";2025;"0 km";;"AUTOMOTORA MARMOLEJO";14800;;;;;Minas;https://auto.mercadolibre.com.uy/MLU-702305860-renault-kwid-zen-10-ano-2025-_JM;N/A;;"Renault Kwid Zen 1.0, Año 2025.";USD;Sí;gold;false;N/A;N/A;http://perfil.mercadolibre.com.uy/AUTOMOTORA+MARMOLEJO;active;N/A;N/A;Nuevo;Blanco;N/A;Eléctrica;4x2;Sí;N/A;N/A;N/A;N/A;N/A;N/A;N/A;N/A;N/A;N/A;N/A;Sí;N/A;Sí;N/A;N/A;N/A;N/A;N/A;N/A;N/A;N/A;N/A;N/A;N/A;N/A;N/A;N/A;N/A;N/A;N/A;N/A;N/A;N/A;N/A;N/A;N/A;N/A;N/A;N/A;N/A;N/A;N/A;N/A;N/A;N/A;N/A;N/A;N/A;N/A;N/A;N/A;N/A;N/A;N/A;N/A;N/A;N/A;N/A;N/A;N/A;N/A;N/A;N/A;N/A;N/A;N/A;N/A;N/A;N/A;N/A;N/A;N/A;N/A;N/A;N/A;N/A;N/A;N/A;N/A;N/A;N/A;N/A;N/A;N/A;N/A;No;N/A;N/A;N/A;N/A;Sí;Sí;N/A;N/A;N/A;N/A;N/A;N/A;N/A;N/A;N/A;"Lunes a Viernes de 8:30 a 12:00 y de 14:30 a 19:00hs, Sábados de 9:00 a 12:00hs.";5;1.0;Nafta;Manual;Hatchback;"Autos y camionetas";N/A;N/A;N/A;N/A;N/A;N/A;N/A;N/A;Sí;N/A;N/A;N/A;N/A;N/A;N/A;N/A;N/A;N/A;N/A;N/A;N/A;N/A;N/A;N/A;N/A;N/A;N/A;N/A;N/A;N/A;N/A;N/A;N/A;N/A;N/A;N/A;N/A;N/A;N/A;N/A;N/A;N/A;N/A;Sí;N/A;N/A;N/A;N/A;N/A;N/A;N/A;N/A;N/A;N/A;N/A;N/A;N/A;N/A;N/A;N/A;N/A;Sí;N/A;N/A;N/A;N/A;N/A;N/A;N/A;N/A;N/A;N/A;N/A;N/A;N/A;N/A;N/A;N/A;N/A;N/A;N/A;N/A;N/A;N/A;N/A;N/A;N/A;N/A;N/A;N/A;N/A;N/A;N/A;N/A;N/A;N/A;N/A;N/A;N/A;N/A;N/A;N/A;N/A;N/A;N/A;Sí;N/A;N/A;N/A;N/A;N/A;Sí;N/A;N/A;N/A;N/A;N/A;N/A;N/A;N/A;N/A;N/A
Renault;Oroch;Dynamique;2021;"70000 km";;SOBRERO.AUTOMOVILES;19900;;;;;Sayago;https://auto.mercadolibre.com.uy/MLU-700610834-renault-oroch-dynamique-20cc-_JM;N/A;;"Renault Oroch Dynamique 2.0cc";USD;Sí;gold;false;N/A;N/A;http://perfil.mercadolibre.com.uy/SOBRERO.AUTOMOVILES;active;N/A;N/A;Usado;Blanco;N/A;Hidráulica;N/A;Sí;Sí;N/A;N/A;N/A;N/A;N/A;N/A;N/A;N/A;N/A;N/A;Sí;N/A;N/A;N/A;N/A;N/A;N/A;N/A;N/A;N/A;N/A;N/A;N/A;N/A;N/A;N/A;N/A;N/A;N/A;N/A;N/A;N/A;N/A;N/A;N/A;N/A;N/A;N/A;N/A;N/A;N/A;N/A;N/A;N/A;N/A;N/A;N/A;N/A;N/A;N/A;N/A;N/A;N/A;N/A;N/A;N/A;N/A;N/A;N/A;N/A;N/A;N/A;N/A;N/A;N/A;N/A;N/A;N/A;N/A;N/A;N/A;N/A;N/A;N/A;N/A;N/A;N/A;N/A;N/A;N/A;N/A;N/A;N/A;N/A;N/A;N/A;N/A;N/A;N/A;N/A;N/A;Sí;N/A;N/A;N/A;N/A;N/A;N/A;N/A;N/A;N/A;N/A;4;2.0;Nafta;Manual;Pick-Up;"Autos y camionetas";N/A;N/A;N/A;N/A;N/A;N/A;N/A;N/A;N/A;N/A;N/A;N/A;N/A;N/A;N/A;N/A;N/A;N/A;N/A;N/A;N/A;N/A;N/A;N/A;N/A;N/A;N/A;N/A;N/A;N/A;N/A;N/A;N/A;N/A;N/A;N/A;N/A;N/A;N/A;N/A;N/A;N/A;N/A;N/A;N/A;N/A;N/A;N/A;N/A;N/A;N/A;N/A;N/A;N/A;N/A;N/A;N/A;N/A;N/A;N/A;N/A;N/A;N/A;N/A;N/A;N/A;N/A;N/A;N/A;N/A;N/A;N/A;N/A;N/A;N/A;N/A;N/A;N/A;N/A;N/A;N/A;N/A;N/A;N/A;N/A;N/A;N/A;N/A;N/A;N/A;N/A;N/A;N/A;N/A;N/A;N/A;Sí;N/A;Sí;N/A;N/A;N/A;N/A;N/A;N/A;Sí;N/A;N/A;N/A;N/A;N/A;N/A;N/A;N/A;Sí;Sí;Sí;N/A;N/A;Sí;N/A;Sí
Renault;Koleos;"2.5 Zen Limited 4x2";2020;"59500 km";;GUASQUELONGINO;27000;;;;;"La Blanqueada";https://auto.mercadolibre.com.uy/MLU-703526652-renault-koleos-2020-25-zen-limited-4x2-_JM;N/A;;"Renault Koleos 2020 2.5 Zen Limited 4x2";usd;Sí;gold;false;N/A;N/A;http://perfil.mercadolibre.com.uy/GUASQUELONGINO;active;N/A;N/A;Usado;N/A;N/A;Eléctrica;4x2;N/A;N/A;Sí;N/A;N/A;N/A;N/A;N/A;N/A;N/A;N/A;N/A;N/A;N/A;N/A;N/A;N/A;N/A;N/A;N/A;N/A;N/A;N/A;N/A;N/A;"2690 mm";"2.5 L";"65 L";6;N/A;N/A;N/A;N/A;N/A;N/A;N/A;N/A;N/A;Sí;N/A;N/A;N/A;N/A;N/A;N/A;N/A;N/A;N/A;N/A;N/A;N/A;N/A;N/A;N/A;N/A;N/A;N/A;N/A;N/A;N/A;N/A;N/A;Sí;Sí;N/A;N/A;N/A;N/A;N/A;N/A;N/A;N/A;N/A;N/A;"1710 mm";"4520 mm";N/A;N/A;N/A;N/A;5;"170 hp";"Zen Limited";N/A;4;"1855 mm";"12.5 km/l";Sí;N/A;N/A;Sí;N/A;N/A;Sí;N/A;N/A;N/A;"8.3 km/l";N/A;N/A;N/A;N/A;N/A;N/A;5;2.5;Nafta;Manual;SUV;"Autos y camionetas";N/A;N/A;N/A;N/A;N/A;N/A;UY;N/A;N/A;N/A;N/A;N/A;N/A;N/A;N/A;N/A;N/A;N/A;N/A;N/A;N/A;N/A;N/A;N/A;N/A;N/A;N/A;N/A;N/A;N/A;N/A;N/A;N/A;N/A;N/A;N/A;N/A;N/A;N/A;N/A;N/A;N/A;N/A;N/A;N/A;N/A;N/A;N/A;N/A;N/A;N/A;N/A;N/A;N/A;N/A;N/A;N/A;N/A;N/A;N/A;N/A;N/A;N/A;N/A;N/A;N/A;N/A;N/A;N/A;N/A;N/A;N/A;N/A;N/A;N/A;N/A;N/A;N/A;N/A;N/A;N/A;N/A;N/A;N/A;N/A;N/A;N/A;N/A;N/A;N/A;N/A;N/A;N/A;N/A;N/A;N/A;N/A;N/A;N/A;N/A;N/A;N/A;N/A;N/A;N/A;N/A;N/A;N/A;N/A;N/A;N/A;N/A;Sí;N/A;N/A;N/A;N/A;N/A;N/A;N/A;N/A;N/A
Renault;Kangoo;"Confort 5 pasajeros";2024;"0 km";;"OSCARPISANO RENAULT-NISSAN";24500;;;;;Sayago;https://auto.mercadolibre.com.uy/MLU-701831250-renault-kangoo-confort-5-pasajeros-2024-0km-_JM;N/A;;"Renault Kangoo Confort 5 Pasajeros 2024 0km";USD;Sí;gold;false;N/A;N/A;http://perfil.mercadolibre.com.uy/OSCARPISANO+RENAULT-NISSAN;active;N/A;N/A;Nuevo;Blanco;N/A;Hidráulica;N/A;Sí;Sí;N/A;N/A;N/A;N/A;N/A;N/A;N/A;N/A;N/A;N/A;Sí;N/A;N/A;N/A;N/A;N/A;N/A;N/A;N/A;N/A;N/A;N/A;N/A;N/A;N/A;N/A;5;N/A;N/A;N/A;N/A;N/A;N/A;N/A;N/A;N/A;N/A;N/A;N/A;N/A;N/A;N/A;N/A;N/A;N/A;N/A;N/A;N/A;N/A;N/A;N/A;N/A;N/A;N/A;N/A;N/A;N/A;N/A;N/A;N/A;N/A;N/A;N/A;Sí;N/A;N/A;N/A;N/A;N/A;N/A;N/A;N/A;N/A;N/A;N/A;N/A;N/A;N/A;N/A;N/A;Confort;N/A;N/A;N/A;N/A;N/A;N/A;N/A;N/A;N/A;N/A;N/A;N/A;N/A;N/A;N/A;N/A;N/A;N/A;N/A;N/A;"Lun. a Vie. de 8:30 a 18:30 hs. Sáb. de 9 a 13 hs";3;N/A;Nafta;Manual;Minivan;"Autos y camionetas";No;N/A;N/A;N/A;No;N/A;N/A;No;Sí;No;No;N/A;N/A;N/A;N/A;N/A;N/A;N/A;N/A;N/A;N/A;N/A;N/A;N/A;N/A;N/A;N/A;N/A;N/A;N/A;N/A;N/A;N/A;N/A;N/A;N/A;N/A;N/A;N/A;N/A;N/A;N/A;N/A;Sí;N/A;N/A;N/A;N/A;N/A;N/A;N/A;N/A;N/A;N/A;N/A;N/A;N/A;N/A;N/A;N/A;N/A;Sí;No;N/A;N/A;N/A;N/A;N/A;N/A;N/A;N/A;N/A;N/A;N/A;N/A;N/A;N/A;N/A;N/A;N/A;N/A;N/A;N/A;N/A;N/A;N/A;N/A;N/A;N/A;N/A;N/A;N/A;N/A;N/A;N/A;N/A;Sí;N/A;N/A;N/A;Sí;Sí;Sí;N/A;N/A;Sí;N/A;N/A;N/A;N/A;N/A;N/A;N/A;N/A;Sí;Sí;Sí;N/A;N/A;Sí;N/A;Sí
Renault;"Grand Captur";"Intense AT";2019;"86251 km";;AUTOMOVILESAUTOPARQUE202209021;16990;;;;;"Parque del Plata";https://auto.mercadolibre.com.uy/MLU-703800782-renault-grand-captur-intense-20-_JM;N/A;;"Renault Grand Captur Intense 2.0";usd;Sí;gold;false;N/A;N/A;http://perfil.mercadolibre.com.uy/AUTOMOVILESAUTOPARQUE202209021;active;N/A;N/A;Usado;Rojo;N/A;Hidráulica;4x4;Sí;Sí;N/A;N/A;N/A;N/A;N/A;N/A;N/A;N/A;N/A;Sí;Sí;N/A;N/A;N/A;N/A;N/A;N/A;N/A;N/A;N/A;N/A;N/A;N/A;"2670 mm";"2 L";"45 L";N/A;N/A;N/A;N/A;N/A;N/A;N/A;N/A;N/A;N/A;N/A;N/A;N/A;N/A;N/A;N/A;N/A;N/A;N/A;N/A;N/A;N/A;N/A;N/A;N/A;N/A;N/A;N/A;N/A;N/A;N/A;N/A;N/A;N/A;N/A;N/A;N/A;N/A;N/A;N/A;N/A;N/A;N/A;N/A;N/A;N/A;"1556 mm";"4122 mm";N/A;N/A;N/A;N/A;5;"143 hp";Intens;N/A;4;"1778 mm";N/A;N/A;N/A;N/A;N/A;N/A;Sí;Sí;N/A;N/A;N/A;N/A;N/A;N/A;N/A;N/A;Sí;N/A;5;2.0;Nafta;Automática;SUV;"Autos y camionetas";N/A;N/A;N/A;N/A;N/A;N/A;UY;N/A;N/A;N/A;N/A;N/A;N/A;N/A;N/A;N/A;N/A;N/A;N/A;N/A;N/A;N/A;N/A;N/A;Sí;N/A;N/A;N/A;N/A;N/A;N/A;N/A;N/A;N/A;N/A;N/A;N/A;N/A;N/A;N/A;N/A;N/A;N/A;N/A;N/A;N/A;N/A;N/A;N/A;N/A;N/A;N/A;N/A;N/A;N/A;N/A;N/A;N/A;N/A;N/A;N/A;N/A;N/A;N/A;N/A;N/A;N/A;N/A;N/A;N/A;N/A;N/A;N/A;N/A;N/A;N/A;N/A;N/A;N/A;N/A;N/A;N/A;N/A;N/A;N/A;N/A;N/A;N/A;N/A;N/A;N/A;N/A;N/A;N/A;N/A;N/A;Sí;Sí;Sí;N/A;Sí;N/A;N/A;N/A;N/A;Sí;N/A;N/A;Sí;N/A;N/A;N/A;Sí;Sí;N/A;N/A;N/A;N/A;N/A;N/A;N/A;N/A
Renault;Logan;"1.6 Expression 85cv";2016;"124000 km";;"ASTORGA AUTOMÓVILES";10450;;;;;Florida;https://auto.mercadolibre.com.uy/MLU-701488910-renault-_JM;N/A;;Renault;usd;Sí;gold;false;N/A;N/A;http://perfil.mercadolibre.com.uy/ASTORGA+AUTOM%C3%93VILES;active;N/A;N/A;Usado;Gris;N/A;Hidráulica;Delantera;N/A;N/A;N/A;N/A;N/A;N/A;N/A;N/A;N/A;N/A;N/A;N/A;N/A;N/A;N/A;N/A;N/A;N/A;N/A;N/A;N/A;N/A;N/A;N/A;N/A;"2635 mm";"1.6 L";"50 L";5;N/A;N/A;N/A;N/A;N/A;N/A;N/A;N/A;N/A;N/A;N/A;N/A;N/A;N/A;N/A;N/A;N/A;N/A;N/A;N/A;N/A;N/A;N/A;N/A;N/A;N/A;N/A;N/A;N/A;N/A;N/A;N/A;N/A;Sí;N/A;N/A;N/A;N/A;N/A;N/A;N/A;N/A;N/A;N/A;N/A;"1529 mm";"4350 mm";N/A;N/A;N/A;N/A;5;"85 hp";Expression;N/A;2;"1733 mm";"12.5 km/l";N/A;N/A;N/A;N/A;N/A;N/A;Sí;N/A;N/A;N/A;N/A;N/A;N/A;N/A;N/A;N/A;N/A;4;1.6;Nafta;Manual;Sedán;"Autos y camionetas";N/A;N/A;N/A;N/A;N/A;N/A;UY;N/A;N/A;N/A;N/A;N/A;N/A;N/A;N/A;N/A;N/A;N/A;N/A;N/A;N/A;N/A;N/A;N/A;N/A;N/A;N/A;N/A;N/A;N/A;N/A;N/A;N/A;N/A;N/A;N/A;N/A;N/A;N/A;N/A;N/A;N/A;N/A;N/A;N/A;N/A;N/A;N/A;N/A;N/A;N/A;N/A;N/A;N/A;N/A;N/A;N/A;N/A;N/A;N/A;N/A;N/A;N/A;N/A;N/A;N/A;N/A;N/A;N/A;N/A;N/A;N/A;N/A;N/A;N/A;N/A;N/A;N/A;N/A;N/A;N/A;N/A;N/A;N/A;N/A;N/A;N/A;N/A;N/A;N/A;N/A;N/A;N/A;N/A;N/A;N/A;N/A;N/A;N/A;N/A;N/A;N/A;N/A;N/A;N/A;N/A;N/A;N/A;N/A;N/A;N/A;N/A;N/A;N/A;N/A;N/A;N/A;N/A;N/A;N/A;N/A;N/A
Renault;Oroch;"1.3 Tce Intens 2Wd Cvt";2023;"47700 km";;TORRESAUTOMOVILESCANELONES;23900;;;;;Canelones;https://auto.mercadolibre.com.uy/MLU-697583544-renault-oroch-intens-13-cvt-_JM;N/A;;"Renault Oroch Intens 1.3 Cvt";usd;Sí;gold;false;N/A;N/A;http://perfil.mercadolibre.com.uy/TORRESAUTOMOVILESCANELONES;active;N/A;N/A;Usado;Rojo;Sí;N/A;Delantera;Sí;Sí;N/A;N/A;N/A;N/A;N/A;N/A;N/A;N/A;N/A;Sí;Sí;N/A;N/A;N/A;N/A;N/A;N/A;N/A;N/A;N/A;N/A;N/A;N/A;"2890 mm";"1.3 L";"45 L";8;N/A;N/A;N/A;N/A;N/A;N/A;N/A;N/A;N/A;N/A;N/A;N/A;N/A;N/A;N/A;N/A;N/A;N/A;N/A;N/A;N/A;N/A;N/A;N/A;N/A;N/A;N/A;N/A;N/A;Sí;N/A;N/A;N/A;N/A;N/A;N/A;N/A;N/A;N/A;N/A;N/A;N/A;N/A;N/A;N/A;"1694 mm";"4719 mm";N/A;N/A;N/A;N/A;5;"156 hp";Intens;N/A;4;"1834 mm";N/A;N/A;N/A;Sí;Sí;N/A;N/A;N/A;N/A;N/A;N/A;N/A;N/A;N/A;N/A;N/A;N/A;"LAS 24 HS";4;1.3;Nafta;Automática;Pick-Up;"Autos y camionetas";N/A;N/A;N/A;N/A;N/A;N/A;UY;N/A;Sí;N/A;N/A;N/A;N/A;N/A;N/A;N/A;N/A;N/A;N/A;N/A;N/A;N/A;N/A;N/A;Sí;N/A;N/A;N/A;N/A;N/A;N/A;N/A;N/A;N/A;N/A;N/A;N/A;N/A;N/A;N/A;N/A;N/A;N/A;Sí;N/A;N/A;N/A;N/A;N/A;N/A;N/A;N/A;N/A;N/A;N/A;N/A;N/A;N/A;N/A;N/A;N/A;N/A;Sí;N/A;N/A;N/A;N/A;N/A;N/A;N/A;N/A;N/A;N/A;N/A;N/A;N/A;N/A;N/A;N/A;N/A;N/A;N/A;N/A;N/A;N/A;N/A;N/A;N/A;N/A;N/A;N/A;N/A;N/A;N/A;N/A;N/A;Sí;N/A;Sí;N/A;N/A;N/A;N/A;N/A;N/A;Sí;N/A;N/A;Sí;N/A;N/A;Sí;Sí;Sí;Sí;Sí;Sí;N/A;N/A;Sí;N/A;Sí
Renault;Kwid;"zen full";2024;"0 km";;VENDOAUTOSMARCELO;14690;;;;;"Paso de Carrasco";https://auto.mercadolibre.com.uy/MLU-640628861-renault-kwid-zen-full-10-2024-0km-_JM;N/A;;"Renault Kwid Zen Full 1.0 2024 0km";USD;Sí;gold;false;N/A;N/A;http://perfil.mercadolibre.com.uy/VENDOAUTOSMARCELO;active;N/A;N/A;Nuevo;Plateado;N/A;Eléctrica;N/A;Sí;Sí;N/A;N/A;N/A;N/A;Sí;N/A;N/A;N/A;Sí;N/A;Sí;N/A;N/A;N/A;N/A;N/A;N/A;N/A;N/A;N/A;N/A;N/A;N/A;N/A;"1000 cc";N/A;5;N/A;N/A;N/A;N/A;N/A;N/A;N/A;N/A;N/A;N/A;N/A;N/A;N/A;N/A;N/A;N/A;N/A;N/A;N/A;N/A;N/A;N/A;N/A;N/A;N/A;Sí;N/A;N/A;N/A;N/A;N/A;N/A;N/A;N/A;N/A;N/A;N/A;N/A;N/A;N/A;N/A;N/A;N/A;N/A;N/A;N/A;N/A;N/A;N/A;N/A;N/A;N/A;"68 hp";Zen;N/A;N/A;N/A;"12 km/l";N/A;N/A;N/A;Sí;N/A;N/A;N/A;Sí;N/A;N/A;"15 km/l";N/A;N/A;N/A;N/A;Sí;"Lun. a Vie. de 8:30 a 18 hs. Sáb. de 9 a 13 hs.";4;1.0;Nafta;Manual;Sedán;"Autos y camionetas";No;N/A;N/A;N/A;No;N/A;N/A;No;Sí;No;No;N/A;N/A;N/A;N/A;N/A;N/A;N/A;N/A;N/A;N/A;N/A;N/A;N/A;N/A;N/A;N/A;N/A;N/A;N/A;N/A;N/A;N/A;N/A;N/A;N/A;N/A;N/A;N/A;N/A;N/A;N/A;N/A;Sí;N/A;N/A;N/A;N/A;N/A;N/A;N/A;N/A;N/A;N/A;N/A;N/A;N/A;N/A;N/A;N/A;N/A;Sí;No;N/A;N/A;N/A;N/A;N/A;N/A;N/A;N/A;N/A;N/A;N/A;N/A;N/A;N/A;N/A;N/A;N/A;N/A;N/A;N/A;N/A;N/A;N/A;N/A;N/A;N/A;N/A;N/A;N/A;N/A;N/A;N/A;N/A;Sí;N/A;N/A;N/A;Sí;N/A;N/A;N/A;N/A;Sí;N/A;N/A;N/A;N/A;Sí;N/A;N/A;N/A;Sí;N/A;Sí;N/A;N/A;N/A;N/A;Sí
Renault;Master;"L1 H1";2024;"0 km";;VENDOAUTOSMARCELO;37990;;;;;"Paso de Carrasco";https://auto.mercadolibre.com.uy/MLU-636379471-renault-master-l1h1-22-2024-0km-_JM;N/A;;"Renault Master L1h1 2.2 2024 0km";usd;Sí;gold;false;N/A;N/A;http://perfil.mercadolibre.com.uy/VENDOAUTOSMARCELO;active;N/A;N/A;Nuevo;Plateado;N/A;Hidráulica;N/A;Sí;N/A;N/A;N/A;N/A;N/A;N/A;N/A;N/A;N/A;N/A;N/A;Sí;N/A;N/A;N/A;N/A;N/A;N/A;N/A;N/A;N/A;N/A;N/A;N/A;N/A;"2200 cc";N/A;6;N/A;N/A;Sí;Sí;Sí;N/A;N/A;N/A;N/A;N/A;N/A;N/A;N/A;N/A;N/A;N/A;N/A;N/A;N/A;N/A;N/A;N/A;N/A;N/A;N/A;N/A;N/A;N/A;N/A;N/A;N/A;N/A;N/A;N/A;N/A;N/A;N/A;N/A;N/A;N/A;N/A;N/A;N/A;N/A;N/A;N/A;N/A;N/A;N/A;N/A;N/A;N/A;"120 hp";N/A;N/A;N/A;N/A;"12 km/l";N/A;N/A;N/A;Sí;N/A;Sí;N/A;N/A;N/A;N/A;"15 km/l";N/A;N/A;N/A;N/A;N/A;"Lun. a Vie. de 8:30 a 18 hs. Sáb. de 9 a 13 hs.";4;2.2;Diésel;Manual;Furgón;"Autos y camionetas";No;N/A;N/A;N/A;No;N/A;UY;No;Sí;No;No;N/A;N/A;N/A;N/A;N/A;N/A;N/A;N/A;N/A;N/A;N/A;N/A;N/A;N/A;N/A;N/A;N/A;N/A;N/A;N/A;N/A;N/A;N/A;N/A;N/A;N/A;N/A;N/A;N/A;N/A;N/A;N/A;Sí;N/A;N/A;N/A;N/A;N/A;N/A;N/A;N/A;N/A;N/A;N/A;N/A;N/A;N/A;N/A;N/A;N/A;Sí;No;N/A;N/A;N/A;N/A;N/A;N/A;N/A;N/A;N/A;N/A;N/A;N/A;N/A;N/A;N/A;N/A;N/A;N/A;N/A;N/A;N/A;N/A;N/A;N/A;N/A;N/A;N/A;N/A;N/A;N/A;N/A;N/A;N/A;Sí;N/A;N/A;N/A;Sí;N/A;N/A;N/A;N/A;Sí;N/A;N/A;N/A;N/A;N/A;N/A;N/A;N/A;Sí;Sí;N/A;N/A;N/A;N/A;N/A;Sí
Renault;"Duster Oroch";Cargo;2025;"0 km";;VENDOAUTOSMARCELO;21000;;;;;"Paso de Carrasco";https://auto.mercadolibre.com.uy/MLU-669537090-renault-oroch-cargo-16-2025-0km-_JM;N/A;;"Renault Oroch Cargo 1.6 2025 0km";USD;Sí;gold;false;N/A;N/A;http://perfil.mercadolibre.com.uy/VENDOAUTOSMARCELO;active;N/A;N/A;Nuevo;Rojo;N/A;Hidráulica;N/A;Sí;Sí;N/A;N/A;N/A;N/A;Sí;N/A;N/A;N/A;N/A;N/A;Sí;N/A;N/A;N/A;N/A;N/A;N/A;N/A;N/A;N/A;N/A;N/A;N/A;N/A;"1600 cc";N/A;6;N/A;N/A;N/A;N/A;N/A;N/A;N/A;N/A;N/A;N/A;N/A;N/A;N/A;N/A;N/A;N/A;N/A;N/A;N/A;N/A;N/A;N/A;N/A;Sí;N/A;N/A;N/A;N/A;N/A;N/A;N/A;N/A;N/A;N/A;N/A;N/A;N/A;N/A;N/A;N/A;N/A;N/A;N/A;N/A;N/A;N/A;N/A;N/A;N/A;N/A;N/A;N/A;"115 hp";Cargo;N/A;N/A;N/A;"12 km/l";N/A;N/A;N/A;Sí;Sí;Sí;Sí;N/A;N/A;N/A;"15 km/l";N/A;N/A;N/A;N/A;N/A;"Lun. a Vie. de 8:30 a 18 hs. Sáb. de 9 a 13 hs.";4;1.6;Nafta;Manual;Pick-Up;"Autos y camionetas";No;N/A;N/A;N/A;No;N/A;N/A;No;Sí;No;No;N/A;N/A;N/A;N/A;N/A;N/A;N/A;N/A;N/A;N/A;N/A;N/A;N/A;N/A;N/A;N/A;N/A;N/A;N/A;N/A;N/A;N/A;N/A;N/A;N/A;N/A;N/A;N/A;N/A;N/A;N/A;N/A;Sí;N/A;N/A;N/A;N/A;N/A;N/A;N/A;N/A;N/A;N/A;N/A;N/A;N/A;N/A;N/A;N/A;N/A;Sí;No;N/A;N/A;N/A;N/A;N/A;N/A;N/A;N/A;N/A;N/A;N/A;N/A;N/A;N/A;N/A;N/A;N/A;N/A;N/A;N/A;N/A;N/A;N/A;N/A;N/A;N/A;N/A;N/A;N/A;N/A;N/A;N/A;N/A;Sí;N/A;N/A;N/A;Sí;N/A;Sí;N/A;N/A;Sí;N/A;N/A;N/A;N/A;N/A;N/A;N/A;N/A;Sí;Sí;Sí;N/A;N/A;N/A;N/A;Sí
Renault;Duster;"Zen Techno";2022;"59000 km";;ABUDYCIA;20500;;;;;Malvin;https://auto.mercadolibre.com.uy/MLU-706220834-renault-duster-zen-techno-16-2022-impecable-_JM;N/A;;"Renault Duster Zen Techno 1.6 2022 Impecable!";usd;Sí;gold;false;N/A;N/A;http://perfil.mercadolibre.com.uy/ABUDYCIA;active;N/A;N/A;Usado;Beige;Sí;Hidráulica;Delantera;Sí;Sí;N/A;N/A;Sí;N/A;Sí;Sí;N/A;N/A;Sí;Sí;Sí;N/A;N/A;N/A;N/A;N/A;N/A;N/A;N/A;N/A;N/A;N/A;N/A;N/A;"1600 cc";N/A;5;N/A;N/A;N/A;N/A;N/A;N/A;N/A;N/A;N/A;N/A;N/A;N/A;N/A;N/A;N/A;N/A;N/A;N/A;N/A;N/A;N/A;N/A;N/A;Sí;N/A;Sí;N/A;Sí;N/A;Sí;N/A;N/A;N/A;N/A;N/A;N/A;Sí;N/A;N/A;N/A;N/A;N/A;N/A;N/A;N/A;N/A;N/A;N/A;N/A;N/A;N/A;N/A;"115 hp";"Zen Techno";N/A;N/A;N/A;N/A;N/A;N/A;Sí;Sí;Sí;Sí;Sí;Sí;N/A;N/A;N/A;N/A;N/A;N/A;N/A;Sí;"Lun. a Vie. de 9 a 18 hs. Sáb. de 10 a 13 hs.";5;1.6;Nafta;Manual;SUV;"Autos y camionetas";No;N/A;N/A;N/A;No;N/A;UY;No;Sí;No;No;N/A;N/A;N/A;N/A;N/A;N/A;N/A;N/A;N/A;N/A;N/A;N/A;N/A;N/A;N/A;N/A;N/A;N/A;N/A;N/A;N/A;N/A;N/A;N/A;N/A;N/A;N/A;N/A;N/A;N/A;N/A;N/A;N/A;N/A;N/A;N/A;N/A;N/A;N/A;N/A;N/A;N/A;N/A;N/A;N/A;N/A;N/A;N/A;N/A;N/A;N/A;No;N/A;N/A;N/A;N/A;N/A;N/A;N/A;N/A;N/A;N/A;N/A;N/A;N/A;N/A;N/A;N/A;N/A;N/A;N/A;N/A;N/A;N/A;N/A;N/A;N/A;N/A;N/A;N/A;N/A;Sí;N/A;N/A;N/A;Sí;Sí;Sí;N/A;Sí;Sí;Sí;N/A;Sí;Sí;N/A;Sí;N/A;N/A;N/A;N/A;Sí;N/A;Sí;N/A;Sí;N/A;N/A;Sí;N/A;Sí
Renault;Clio;"1.2 Iv Authentique";2015;"145800 km";;"JUAN E.FARIAS";12500;;;;;"La Blanqueada";https://auto.mercadolibre.com.uy/MLU-705287866-renault-clio-12-iv-authentique-_JM;N/A;;"Renault Clio 1.2 Iv Authentique";usd;Sí;gold;false;N/A;N/A;http://perfil.mercadolibre.com.uy/JUAN+E.FARIAS;active;N/A;N/A;Usado;Marrón;N/A;Hidráulica;Delantera;N/A;N/A;Sí;N/A;N/A;N/A;N/A;N/A;N/A;N/A;N/A;N/A;N/A;N/A;N/A;N/A;N/A;N/A;N/A;N/A;N/A;N/A;N/A;N/A;N/A;"2472 mm";"1.2 L";"50 L";5;N/A;N/A;N/A;N/A;N/A;N/A;N/A;N/A;N/A;N/A;N/A;N/A;N/A;N/A;N/A;N/A;N/A;N/A;N/A;N/A;N/A;N/A;N/A;N/A;N/A;N/A;N/A;N/A;N/A;N/A;N/A;N/A;N/A;N/A;N/A;N/A;N/A;N/A;N/A;N/A;N/A;N/A;N/A;N/A;N/A;"1417 mm";"3811 mm";N/A;N/A;N/A;N/A;5;"75 hp";Authentique;N/A;4;"1639 mm";N/A;N/A;N/A;N/A;N/A;N/A;N/A;N/A;N/A;N/A;N/A;N/A;N/A;N/A;N/A;N/A;N/A;N/A;3;1.2;Nafta;Manual;Hatchback;"Autos y camionetas";N/A;N/A;N/A;N/A;N/A;N/A;UY;N/A;N/A;N/A;N/A;N/A;N/A;N/A;N/A;N/A;N/A;N/A;N/A;N/A;N/A;N/A;N/A;N/A;N/A;N/A;N/A;N/A;N/A;N/A;N/A;N/A;N/A;N/A;N/A;N/A;N/A;N/A;N/A;N/A;N/A;N/A;N/A;N/A;N/A;N/A;N/A;N/A;N/A;N/A;N/A;N/A;N/A;N/A;N/A;N/A;N/A;N/A;N/A;N/A;N/A;N/A;N/A;N/A;N/A;N/A;N/A;N/A;N/A;N/A;N/A;N/A;N/A;N/A;N/A;N/A;N/A;N/A;N/A;N/A;N/A;N/A;N/A;N/A;N/A;N/A;N/A;N/A;N/A;N/A;N/A;N/A;N/A;N/A;N/A;N/A;N/A;N/A;N/A;N/A;N/A;N/A;N/A;N/A;N/A;N/A;N/A;N/A;N/A;N/A;N/A;N/A;N/A;N/A;N/A;N/A;N/A;N/A;N/A;N/A;N/A;N/A
Renault;"Mégane III";"2.0 Luxe Ph2";2015;"198200 km";;ROFE2561781;14000;;;;;Centro;https://auto.mercadolibre.com.uy/MLU-647355521-renault-megane-iii-20-privilege-extra-full-automatico-_JM;N/A;;"Renault Megane Iii 2.0 Privilege Extra Full Automático";usd;Sí;gold;false;N/A;N/A;http://perfil.mercadolibre.com.uy/ROFE2561781;active;N/A;N/A;Usado;Azul;N/A;Eléctrica;Delantera;N/A;N/A;Sí;N/A;N/A;N/A;N/A;N/A;N/A;Sí;N/A;N/A;N/A;N/A;N/A;N/A;N/A;N/A;N/A;N/A;N/A;N/A;N/A;N/A;N/A;"2641 mm";"2 L";"60 L";5;N/A;N/A;N/A;N/A;N/A;N/A;N/A;N/A;N/A;Sí;N/A;N/A;N/A;N/A;N/A;N/A;N/A;N/A;N/A;N/A;N/A;N/A;N/A;N/A;N/A;N/A;N/A;N/A;N/A;N/A;N/A;N/A;N/A;Sí;Sí;Sí;N/A;N/A;N/A;N/A;N/A;N/A;N/A;N/A;N/A;"1491 mm";"4296 mm";N/A;N/A;N/A;N/A;5;"143 hp";Luxe;N/A;4;"1808 mm";"10.9 km/l";Sí;N/A;N/A;Sí;N/A;N/A;Sí;N/A;N/A;N/A;"6.1 km/l";N/A;N/A;N/A;N/A;N/A;N/A;5;2.0;Nafta;Manual;Hatchback;"Autos y camionetas";N/A;N/A;N/A;N/A;N/A;N/A;UY;N/A;N/A;N/A;N/A;N/A;N/A;N/A;N/A;N/A;N/A;N/A;N/A;N/A;N/A;N/A;N/A;N/A;N/A;N/A;N/A;N/A;N/A;N/A;N/A;N/A;N/A;N/A;N/A;N/A;N/A;N/A;N/A;N/A;N/A;N/A;N/A;N/A;N/A;N/A;N/A;N/A;N/A;N/A;N/A;N/A;N/A;N/A;N/A;N/A;N/A;N/A;N/A;N/A;N/A;N/A;N/A;N/A;N/A;N/A;N/A;N/A;N/A;N/A;N/A;N/A;N/A;N/A;N/A;N/A;N/A;N/A;N/A;N/A;N/A;N/A;N/A;N/A;N/A;N/A;N/A;N/A;N/A;N/A;N/A;N/A;N/A;N/A;N/A;N/A;N/A;N/A;N/A;N/A;N/A;N/A;N/A;N/A;N/A;N/A;Sí;N/A;N/A;N/A;N/A;N/A;Sí;N/A;N/A;N/A;N/A;N/A;N/A;Sí;N/A;N/A
Renault;Logan;"1.6 Expression 85cv";2015;"125000 km";;FREDESHUMBERTO;9900;;;;;Pocitos;https://auto.mercadolibre.com.uy/MLU-647430175-renault-logan-16-expression-85cv-_JM;N/A;;"Renault Logan 1.6 Expression 85cv";usd;No;gold;false;N/A;N/A;http://perfil.mercadolibre.com.uy/FREDESHUMBERTO;active;N/A;N/A;Usado;Gris;Sí;Hidráulica;Delantera;Sí;Sí;N/A;N/A;N/A;Sí;N/A;N/A;N/A;N/A;N/A;Sí;Sí;N/A;Sí;N/A;N/A;N/A;N/A;N/A;N/A;N/A;N/A;N/A;N/A;"2635 mm";"1.6 L";"50 L";5;N/A;N/A;N/A;N/A;N/A;Sí;N/A;N/A;N/A;N/A;N/A;N/A;N/A;N/A;N/A;N/A;N/A;N/A;N/A;N/A;N/A;N/A;N/A;N/A;N/A;N/A;N/A;N/A;N/A;N/A;N/A;N/A;N/A;Sí;N/A;N/A;N/A;N/A;N/A;N/A;N/A;N/A;N/A;N/A;N/A;"1529 mm";"4350 mm";N/A;N/A;N/A;N/A;5;"85 hp";Expression;N/A;2;"1733 mm";"12.5 km/l";N/A;N/A;N/A;Sí;N/A;Sí;Sí;N/A;N/A;N/A;N/A;N/A;N/A;N/A;N/A;N/A;N/A;4;1.6;Nafta;Manual;Sedán;"Autos y camionetas";N/A;N/A;N/A;N/A;N/A;N/A;UY;N/A;N/A;N/A;N/A;N/A;N/A;N/A;N/A;N/A;N/A;N/A;N/A;N/A;N/A;N/A;N/A;N/A;Sí;N/A;N/A;N/A;N/A;N/A;N/A;N/A;N/A;N/A;N/A;N/A;N/A;N/A;N/A;N/A;N/A;N/A;N/A;N/A;N/A;N/A;N/A;N/A;N/A;N/A;N/A;N/A;N/A;N/A;N/A;N/A;N/A;N/A;N/A;N/A;N/A;N/A;N/A;N/A;N/A;N/A;N/A;N/A;N/A;N/A;N/A;N/A;N/A;N/A;N/A;N/A;N/A;N/A;N/A;N/A;N/A;N/A;N/A;N/A;N/A;N/A;N/A;N/A;N/A;N/A;N/A;N/A;N/A;N/A;N/A;N/A;Sí;Sí;N/A;N/A;Sí;N/A;N/A;N/A;N/A;Sí;N/A;Sí;Sí;N/A;N/A;Sí;N/A;Sí;N/A;N/A;N/A;N/A;N/A;N/A;N/A;N/A
Renault;"Laguna 2";"2.0 Rxt";1999;"111 km";;DIAZJOSE20221204075014;5000;;;;;Manga;https://auto.mercadolibre.com.uy/MLU-647135005-renault-laguna-2-20-rxt-_JM;N/A;;"Renault Laguna 2 2.0 Rxt";usd;No;gold;false;N/A;N/A;http://perfil.mercadolibre.com.uy/DIAZJOSE20221204075014;active;N/A;N/A;Usado;Rosa;No;Hidráulica;Delantera;Sí;Sí;N/A;N/A;N/A;Sí;N/A;N/A;No;N/A;N/A;N/A;Sí;N/A;No;N/A;N/A;N/A;N/A;N/A;N/A;N/A;N/A;N/A;N/A;"2670 mm";"2 L";"70 L";5;N/A;N/A;N/A;N/A;N/A;No;N/A;N/A;N/A;N/A;N/A;N/A;N/A;N/A;N/A;N/A;N/A;N/A;N/A;N/A;N/A;N/A;N/A;N/A;N/A;N/A;N/A;N/A;N/A;No;N/A;N/A;N/A;N/A;N/A;N/A;N/A;N/A;N/A;N/A;N/A;N/A;N/A;N/A;N/A;"1429 mm";"4576 mm";N/A;N/A;N/A;N/A;5;"137 hp";Rxt;N/A;4;"1772 mm";"11 km/l";N/A;N/A;N/A;No;N/A;N/A;N/A;N/A;No;N/A;N/A;N/A;Sí;N/A;N/A;Sí;"Todo el dia";4;2.0;Nafta;Manual;Sedán;"Autos y camionetas";N/A;N/A;N/A;N/A;N/A;N/A;UY;N/A;N/A;N/A;N/A;N/A;N/A;N/A;N/A;N/A;N/A;N/A;N/A;N/A;N/A;N/A;N/A;N/A;N/A;N/A;N/A;N/A;N/A;N/A;N/A;N/A;N/A;N/A;N/A;N/A;N/A;N/A;N/A;N/A;N/A;N/A;N/A;N/A;N/A;N/A;N/A;N/A;N/A;N/A;N/A;N/A;N/A;N/A;N/A;N/A;N/A;N/A;N/A;N/A;N/A;N/A;N/A;N/A;N/A;N/A;N/A;N/A;N/A;N/A;N/A;N/A;N/A;N/A;N/A;N/A;N/A;N/A;N/A;N/A;N/A;N/A;N/A;N/A;N/A;N/A;N/A;N/A;N/A;N/A;N/A;N/A;N/A;N/A;N/A;N/A;Sí;Sí;Sí;N/A;Sí;N/A;N/A;N/A;N/A;Sí;N/A;Sí;Sí;N/A;N/A;N/A;No;Sí;Sí;Sí;Sí;No;No;No;N/A;Sí
Renault;Kwid;"1.0 Sce 66cv Outsider";2021;"70000 km";;AMAYASELECCIONADOS;12900;;;;;"Brazo Oriental";https://auto.mercadolibre.com.uy/MLU-702934278-renault-kwid-outsider-_JM;N/A;;"Renault Kwid Outsider";usd;Sí;gold;false;N/A;N/A;http://perfil.mercadolibre.com.uy/AMAYASELECCIONADOS;active;N/A;N/A;Usado;Blanco;N/A;N/A;Delantera;N/A;N/A;Sí;N/A;N/A;N/A;N/A;N/A;N/A;N/A;N/A;N/A;N/A;N/A;N/A;N/A;N/A;N/A;N/A;N/A;N/A;N/A;N/A;N/A;N/A;"2423 mm";"1 L";"50 L";5;N/A;N/A;N/A;N/A;N/A;N/A;N/A;N/A;N/A;N/A;N/A;N/A;N/A;N/A;N/A;N/A;N/A;N/A;N/A;N/A;N/A;N/A;N/A;N/A;N/A;N/A;N/A;N/A;N/A;N/A;N/A;N/A;N/A;N/A;N/A;N/A;N/A;N/A;N/A;N/A;N/A;N/A;N/A;N/A;N/A;"1474 mm";"3680 mm";N/A;N/A;N/A;N/A;5;"66 hp";Outsider;N/A;4;"1752 mm";N/A;N/A;N/A;N/A;N/A;N/A;N/A;N/A;N/A;N/A;N/A;N/A;N/A;N/A;N/A;N/A;N/A;"Lunes a Viernes 08:30 a 18:30";5;1.0;Nafta;Manual;Hatchback;"Autos y camionetas";N/A;N/A;N/A;N/A;N/A;N/A;UY;N/A;N/A;N/A;N/A;N/A;N/A;N/A;N/A;N/A;N/A;N/A;N/A;N/A;N/A;N/A;N/A;N/A;N/A;N/A;N/A;N/A;N/A;N/A;N/A;N/A;N/A;N/A;N/A;N/A;N/A;N/A;N/A;N/A;N/A;N/A;N/A;N/A;N/A;N/A;N/A;N/A;N/A;N/A;N/A;N/A;N/A;N/A;N/A;N/A;N/A;N/A;N/A;N/A;N/A;N/A;N/A;N/A;N/A;N/A;N/A;N/A;N/A;N/A;N/A;N/A;N/A;N/A;N/A;N/A;N/A;N/A;N/A;N/A;N/A;N/A;N/A;N/A;N/A;N/A;N/A;N/A;N/A;N/A;N/A;N/A;N/A;N/A;N/A;N/A;N/A;N/A;N/A;N/A;N/A;N/A;N/A;N/A;N/A;N/A;N/A;N/A;N/A;N/A;N/A;N/A;N/A;N/A;N/A;N/A;N/A;N/A;N/A;N/A;N/A;N/A
Renault;"Duster Oroch";"2.0 Privilege";2020;"86300 km";;"RENATOCONTI AUTOMOVILES";19500;;;;;"Parque Miramar";https://auto.mercadolibre.com.uy/MLU-693644946-renault-duster-oroch-2020-20-privilege-_JM;N/A;;"Renault Duster Oroch 2020 2.0 Privilege";usd;Sí;gold;false;N/A;N/A;http://perfil.mercadolibre.com.uy/RENATOCONTI+AUTOMOVILES;active;N/A;N/A;Usado;N/A;N/A;N/A;4x2;Sí;N/A;N/A;N/A;N/A;N/A;N/A;N/A;N/A;N/A;N/A;N/A;N/A;N/A;N/A;N/A;N/A;N/A;N/A;N/A;N/A;N/A;N/A;N/A;N/A;"2829 mm";"2 L";"50 L";6;N/A;N/A;N/A;N/A;N/A;N/A;N/A;N/A;N/A;N/A;N/A;N/A;N/A;N/A;N/A;N/A;N/A;N/A;N/A;N/A;N/A;N/A;N/A;N/A;N/A;N/A;N/A;N/A;N/A;N/A;N/A;N/A;N/A;N/A;N/A;N/A;N/A;N/A;N/A;N/A;N/A;N/A;N/A;N/A;N/A;"1683 mm";"4329 mm";N/A;N/A;N/A;N/A;5;"143 hp";Privilege;N/A;4;"1821 mm";"10.8 km/l";N/A;N/A;N/A;N/A;N/A;N/A;N/A;N/A;N/A;N/A;N/A;N/A;N/A;N/A;N/A;N/A;N/A;5;2.0;Nafta;Manual;SUV;"Autos y camionetas";N/A;N/A;N/A;N/A;N/A;N/A;UY;N/A;N/A;N/A;N/A;N/A;N/A;N/A;N/A;N/A;N/A;N/A;N/A;N/A;N/A;N/A;N/A;N/A;N/A;N/A;N/A;N/A;N/A;N/A;N/A;N/A;N/A;N/A;N/A;N/A;N/A;N/A;N/A;N/A;N/A;N/A;N/A;N/A;N/A;N/A;N/A;N/A;N/A;N/A;N/A;N/A;N/A;N/A;N/A;N/A;N/A;N/A;N/A;N/A;N/A;N/A;N/A;N/A;N/A;N/A;N/A;N/A;N/A;N/A;N/A;N/A;N/A;N/A;N/A;N/A;N/A;N/A;N/A;N/A;N/A;N/A;N/A;N/A;N/A;N/A;N/A;N/A;N/A;N/A;N/A;N/A;N/A;N/A;N/A;N/A;N/A;N/A;N/A;N/A;N/A;N/A;N/A;N/A;N/A;N/A;N/A;N/A;N/A;N/A;N/A;N/A;N/A;N/A;N/A;N/A;N/A;N/A;N/A;N/A;N/A;N/A
Renault;Kwid;ICONIC;2020;"73000 km";;"OSCARPISANO RENAULT-NISSAN";11900;;;;;Sayago;https://auto.mercadolibre.com.uy/MLU-705108660-renault-kwid-iconic-10-2020-impecable-_JM;N/A;;"Renault Kwid Iconic 1.0 2020 Impecable!";USD;Sí;gold;false;N/A;N/A;http://perfil.mercadolibre.com.uy/OSCARPISANO+RENAULT-NISSAN;active;N/A;N/A;Usado;Crema;Sí;Eléctrica;N/A;Sí;Sí;Sí;N/A;N/A;N/A;Sí;N/A;Sí;N/A;Sí;N/A;Sí;N/A;N/A;N/A;N/A;N/A;N/A;N/A;N/A;N/A;N/A;N/A;N/A;N/A;"998 cc";N/A;5;N/A;N/A;N/A;N/A;N/A;N/A;N/A;N/A;N/A;N/A;N/A;N/A;N/A;N/A;N/A;N/A;N/A;N/A;N/A;N/A;N/A;N/A;N/A;N/A;N/A;Sí;N/A;N/A;N/A;N/A;N/A;N/A;N/A;N/A;N/A;N/A;Sí;N/A;N/A;N/A;N/A;N/A;N/A;N/A;N/A;N/A;N/A;N/A;N/A;N/A;N/A;N/A;"68 hp";N/A;N/A;N/A;N/A;"16 km/l";N/A;N/A;N/A;Sí;N/A;Sí;Sí;N/A;N/A;N/A;"19 km/l";N/A;N/A;N/A;N/A;Sí;"Lun. a Sáb. de 9:30 a 18:30 hs. Dom. de 9:30 a 13 hs";5;1.0;Nafta;Manual;Hatchback;"Autos y camionetas";No;N/A;N/A;N/A;No;N/A;N/A;No;Sí;No;No;N/A;N/A;N/A;N/A;N/A;N/A;N/A;N/A;N/A;N/A;N/A;N/A;N/A;N/A;N/A;N/A;N/A;N/A;N/A;N/A;N/A;N/A;N/A;N/A;N/A;N/A;N/A;N/A;N/A;N/A;N/A;N/A;N/A;N/A;N/A;N/A;N/A;N/A;N/A;N/A;N/A;N/A;N/A;N/A;N/A;N/A;N/A;N/A;N/A;N/A;N/A;No;N/A;N/A;N/A;N/A;N/A;N/A;N/A;N/A;N/A;N/A;N/A;N/A;N/A;N/A;N/A;N/A;N/A;N/A;N/A;N/A;N/A;N/A;N/A;N/A;N/A;N/A;N/A;N/A;N/A;N/A;N/A;N/A;N/A;Sí;N/A;N/A;N/A;Sí;N/A;Sí;N/A;Sí;Sí;N/A;N/A;N/A;N/A;Sí;N/A;N/A;N/A;Sí;N/A;Sí;N/A;N/A;N/A;N/A;Sí
Renault;Logan;"1.0 Life";2020;"80000 km";;PUNTO-CARRASCO;10990;;;;;Shangrilá;https://auto.mercadolibre.com.uy/MLU-647541979-renault-logan-10-life-full-financio-permuto-_JM;N/A;;"Renault Logan 1.0 Life Full - Financio / Permuto";usd;Sí;gold;false;N/A;N/A;http://perfil.mercadolibre.com.uy/PUNTO-CARRASCO;active;N/A;N/A;Usado;Gris;N/A;Hidráulica;Delantera;Sí;Sí;N/A;N/A;N/A;N/A;N/A;N/A;N/A;N/A;N/A;N/A;Sí;N/A;N/A;N/A;N/A;N/A;N/A;N/A;N/A;N/A;N/A;N/A;N/A;"2635 mm";"1 L";"50 L";5;N/A;N/A;N/A;N/A;N/A;N/A;N/A;N/A;N/A;N/A;N/A;N/A;N/A;N/A;N/A;N/A;N/A;N/A;N/A;N/A;N/A;N/A;N/A;N/A;N/A;N/A;N/A;N/A;N/A;N/A;N/A;N/A;N/A;N/A;N/A;N/A;N/A;N/A;N/A;N/A;N/A;N/A;N/A;N/A;N/A;"1529 mm";"4350 mm";N/A;N/A;N/A;N/A;5;"66 hp";Life;N/A;2;"1733 mm";"12.5 km/l";N/A;N/A;N/A;N/A;N/A;N/A;N/A;N/A;N/A;N/A;N/A;N/A;N/A;N/A;N/A;N/A;N/A;4;1.0;Nafta;Manual;Sedán;"Autos y camionetas";N/A;N/A;N/A;N/A;N/A;N/A;UY;N/A;N/A;N/A;N/A;N/A;N/A;N/A;N/A;N/A;N/A;N/A;N/A;N/A;N/A;N/A;N/A;N/A;N/A;N/A;N/A;N/A;N/A;N/A;N/A;N/A;N/A;N/A;N/A;N/A;N/A;N/A;N/A;N/A;N/A;N/A;N/A;N/A;N/A;N/A;N/A;N/A;N/A;N/A;N/A;N/A;N/A;N/A;N/A;N/A;N/A;N/A;N/A;N/A;N/A;N/A;N/A;N/A;N/A;N/A;N/A;N/A;N/A;N/A;N/A;N/A;N/A;N/A;N/A;N/A;N/A;N/A;N/A;N/A;N/A;N/A;N/A;N/A;N/A;N/A;N/A;N/A;N/A;N/A;N/A;N/A;N/A;N/A;N/A;N/A;Sí;N/A;N/A;N/A;N/A;N/A;N/A;N/A;N/A;Sí;N/A;N/A;N/A;N/A;N/A;N/A;N/A;N/A;N/A;N/A;N/A;N/A;N/A;N/A;N/A;N/A
Renault;Symbol;"1.6 Authentique Pack Ii 105cv";2010;"136765 km";;AUTOMOVILESAUTOPARQUE202209021;7990;;;;;"Parque del Plata";https://auto.mercadolibre.com.uy/MLU-704230268-renault-symbol-authentique-_JM;N/A;;"Renault Symbol Authentique";usd;Sí;gold;false;N/A;N/A;http://perfil.mercadolibre.com.uy/AUTOMOVILESAUTOPARQUE202209021;active;N/A;N/A;Usado;Azul;N/A;Hidráulica;Delantera;N/A;N/A;N/A;N/A;N/A;N/A;N/A;N/A;N/A;N/A;N/A;N/A;N/A;N/A;N/A;N/A;N/A;N/A;N/A;N/A;N/A;N/A;N/A;N/A;N/A;"2473 mm";"1.6 L";"50 L";5;N/A;N/A;N/A;N/A;N/A;N/A;N/A;N/A;N/A;N/A;N/A;N/A;N/A;N/A;N/A;N/A;N/A;N/A;N/A;N/A;N/A;N/A;N/A;N/A;N/A;N/A;N/A;N/A;N/A;N/A;N/A;N/A;N/A;N/A;N/A;N/A;N/A;N/A;N/A;N/A;N/A;N/A;N/A;N/A;N/A;"1439 mm";"4261 mm";N/A;N/A;N/A;N/A;5;"105 hp";Authentique;N/A;4;"1672 mm";N/A;N/A;N/A;N/A;N/A;N/A;N/A;N/A;N/A;N/A;N/A;N/A;N/A;N/A;N/A;N/A;N/A;N/A;4;1.6;Nafta;Manual;Sedán;"Autos y camionetas";N/A;N/A;N/A;N/A;N/A;N/A;UY;N/A;N/A;N/A;N/A;N/A;N/A;N/A;N/A;N/A;N/A;N/A;N/A;N/A;N/A;N/A;N/A;N/A;N/A;N/A;N/A;N/A;N/A;N/A;N/A;N/A;N/A;N/A;N/A;N/A;N/A;N/A;N/A;N/A;N/A;N/A;N/A;N/A;N/A;N/A;N/A;N/A;N/A;N/A;N/A;N/A;N/A;N/A;N/A;N/A;N/A;N/A;N/A;N/A;N/A;N/A;N/A;N/A;N/A;N/A;N/A;N/A;N/A;N/A;N/A;N/A;N/A;N/A;N/A;N/A;N/A;N/A;N/A;N/A;N/A;N/A;N/A;N/A;N/A;N/A;N/A;N/A;N/A;N/A;N/A;N/A;N/A;N/A;N/A;N/A;N/A;N/A;N/A;N/A;N/A;N/A;N/A;N/A;N/A;N/A;N/A;N/A;N/A;N/A;N/A;N/A;N/A;N/A;N/A;N/A;N/A;N/A;N/A;Sí;N/A;N/A
Renault;Kangoo;"1.9 Confort D";2006;"202155 km";;AUTOMOVILESAUTOPARQUE202209021;7890;;;;;"Parque del Plata";https://auto.mercadolibre.com.uy/MLU-703343646-renault-kangoo-19d-_JM;N/A;;"Renault Kangoo 1.9d";usd;No;gold;false;N/A;N/A;http://perfil.mercadolibre.com.uy/AUTOMOVILESAUTOPARQUE202209021;active;N/A;N/A;Usado;Gris;N/A;Hidráulica;Delantera;Sí;N/A;N/A;N/A;N/A;N/A;N/A;N/A;N/A;N/A;N/A;N/A;N/A;N/A;N/A;N/A;N/A;N/A;N/A;N/A;N/A;N/A;N/A;N/A;N/A;"2600 mm";"1.9 L";"52 L";5;N/A;N/A;N/A;N/A;N/A;N/A;N/A;N/A;N/A;N/A;N/A;N/A;N/A;N/A;N/A;N/A;N/A;N/A;N/A;N/A;N/A;N/A;N/A;N/A;N/A;N/A;N/A;N/A;N/A;N/A;N/A;N/A;N/A;N/A;N/A;N/A;N/A;N/A;N/A;N/A;N/A;N/A;N/A;N/A;N/A;"1860 mm";"3995 mm";N/A;N/A;N/A;N/A;5;"65 hp";Confort;N/A;2;"1672 mm";N/A;N/A;N/A;N/A;N/A;N/A;N/A;N/A;N/A;N/A;N/A;N/A;N/A;N/A;N/A;N/A;N/A;N/A;5;1.9;Diésel;Manual;Rural;"Autos y camionetas";N/A;N/A;N/A;N/A;N/A;N/A;UY;N/A;N/A;N/A;N/A;N/A;N/A;N/A;N/A;N/A;N/A;N/A;N/A;N/A;N/A;N/A;N/A;N/A;N/A;N/A;N/A;N/A;N/A;N/A;N/A;N/A;N/A;N/A;N/A;N/A;N/A;N/A;N/A;N/A;N/A;N/A;N/A;N/A;N/A;N/A;N/A;N/A;N/A;N/A;N/A;N/A;N/A;N/A;N/A;N/A;N/A;N/A;N/A;N/A;N/A;N/A;N/A;N/A;N/A;N/A;N/A;N/A;N/A;N/A;N/A;N/A;N/A;N/A;N/A;N/A;N/A;N/A;N/A;N/A;N/A;N/A;N/A;N/A;N/A;N/A;N/A;N/A;N/A;N/A;N/A;N/A;N/A;N/A;N/A;N/A;N/A;N/A;N/A;N/A;N/A;N/A;N/A;N/A;N/A;N/A;N/A;N/A;N/A;N/A;N/A;N/A;N/A;N/A;N/A;N/A;N/A;N/A;N/A;N/A;N/A;N/A
Renault;Clio;"1.2 Iv Fase Ii Expression";2016;"112000 km";;PAULETEMILIO;12500;;;;;"Jose Enrique Rodo";https://auto.mercadolibre.com.uy/MLU-702781890-renault-clio-12-iv-fase-ii-expression-_JM;N/A;;"Renault Clio 1.2 Iv Fase Ii Expression";usd;Sí;gold;false;N/A;N/A;http://perfil.mercadolibre.com.uy/PAULETEMILIO;active;N/A;N/A;Usado;Gris;N/A;Hidráulica;Delantera;Sí;Sí;Sí;N/A;N/A;Sí;N/A;N/A;N/A;N/A;N/A;No;Sí;N/A;Sí;N/A;N/A;N/A;N/A;N/A;N/A;N/A;N/A;N/A;N/A;"2472 mm";"1.2 L";"50 L";5;N/A;N/A;N/A;N/A;N/A;No;N/A;N/A;N/A;N/A;N/A;N/A;N/A;N/A;N/A;N/A;N/A;N/A;N/A;N/A;N/A;N/A;N/A;N/A;N/A;N/A;N/A;N/A;N/A;N/A;N/A;N/A;N/A;N/A;N/A;N/A;N/A;N/A;N/A;N/A;N/A;N/A;N/A;N/A;N/A;"1417 mm";"3811 mm";N/A;N/A;N/A;N/A;5;"75 hp";Authentique;N/A;4;"1639 mm";N/A;No;N/A;No;Sí;N/A;Sí;Sí;N/A;N/A;N/A;N/A;No;N/A;N/A;N/A;Sí;N/A;3;1.2;Nafta;Manual;Hatchback;"Autos y camionetas";N/A;N/A;N/A;N/A;N/A;N/A;UY;N/A;N/A;N/A;N/A;N/A;N/A;N/A;N/A;N/A;N/A;N/A;N/A;N/A;N/A;N/A;N/A;N/A;No;N/A;N/A;N/A;N/A;N/A;N/A;N/A;N/A;N/A;N/A;N/A;N/A;N/A;N/A;N/A;N/A;N/A;N/A;N/A;N/A;N/A;N/A;N/A;N/A;N/A;N/A;N/A;N/A;N/A;N/A;N/A;N/A;N/A;N/A;N/A;N/A;N/A;N/A;N/A;N/A;N/A;N/A;N/A;N/A;N/A;N/A;N/A;N/A;N/A;N/A;N/A;N/A;N/A;N/A;N/A;N/A;N/A;N/A;N/A;N/A;N/A;N/A;N/A;N/A;N/A;N/A;N/A;N/A;N/A;N/A;No;Sí;No;Sí;N/A;Sí;N/A;N/A;N/A;N/A;Sí;Sí;Sí;Sí;N/A;N/A;Sí;Sí;Sí;Sí;Sí;Sí;No;No;Sí;N/A;Sí
Renault;Kwid;"1.0 Sce 66cv Life";2019;"74000 km";;"AMAYA PEUGEOT";11300;;;;;"La Blanqueada";https://auto.mercadolibre.com.uy/MLU-699131160-renault-kwid-life-amaya-motors-_JM;N/A;;"Renault Kwid Life Amaya Motors";usd;Sí;gold;false;N/A;N/A;http://perfil.mercadolibre.com.uy/AMAYA+PEUGEOT;active;N/A;N/A;Usado;Rojo;N/A;Hidráulica;Delantera;N/A;N/A;Sí;N/A;N/A;N/A;N/A;N/A;N/A;N/A;N/A;N/A;N/A;N/A;N/A;N/A;N/A;N/A;N/A;N/A;N/A;N/A;N/A;N/A;N/A;"2423 mm";"1 L";"50 L";5;N/A;N/A;N/A;N/A;N/A;N/A;N/A;N/A;N/A;N/A;N/A;N/A;N/A;N/A;N/A;N/A;N/A;N/A;N/A;N/A;N/A;N/A;N/A;N/A;N/A;N/A;N/A;N/A;N/A;N/A;N/A;N/A;N/A;N/A;N/A;N/A;N/A;N/A;N/A;N/A;N/A;N/A;N/A;N/A;N/A;"1474 mm";"3680 mm";N/A;N/A;N/A;N/A;5;"66 hp";Life;N/A;4;"1752 mm";N/A;N/A;N/A;N/A;N/A;N/A;N/A;N/A;N/A;N/A;N/A;N/A;N/A;N/A;N/A;N/A;N/A;N/A;5;1.0;Nafta;Manual;Hatchback;"Autos y camionetas";N/A;N/A;N/A;N/A;N/A;N/A;UY;N/A;N/A;N/A;N/A;N/A;N/A;N/A;N/A;N/A;N/A;N/A;N/A;N/A;N/A;N/A;N/A;N/A;N/A;N/A;N/A;N/A;N/A;N/A;N/A;N/A;N/A;N/A;N/A;N/A;N/A;N/A;N/A;N/A;N/A;N/A;N/A;N/A;N/A;N/A;N/A;N/A;N/A;N/A;N/A;N/A;N/A;N/A;N/A;N/A;N/A;N/A;N/A;N/A;N/A;N/A;N/A;N/A;N/A;N/A;N/A;N/A;N/A;N/A;N/A;N/A;N/A;N/A;N/A;N/A;N/A;N/A;N/A;N/A;N/A;N/A;N/A;N/A;N/A;N/A;N/A;N/A;N/A;N/A;N/A;N/A;N/A;N/A;N/A;N/A;N/A;N/A;N/A;N/A;N/A;N/A;N/A;N/A;N/A;N/A;N/A;N/A;N/A;N/A;N/A;N/A;N/A;N/A;N/A;N/A;N/A;N/A;N/A;N/A;N/A;N/A
Renault;"Duster Oroch";Intense;2023;"51000 km";;"OSCARPISANO RENAULT-NISSAN";22900;;;;;Sayago;https://auto.mercadolibre.com.uy/MLU-697225844-renault-oroch-intense-13-2023-impecable-_JM;N/A;;"Renault Oroch Intense 1.3 2023 Impecable!";USD;Sí;gold;false;N/A;N/A;http://perfil.mercadolibre.com.uy/OSCARPISANO+RENAULT-NISSAN;active;N/A;N/A;Usado;Blanco;N/A;Hidráulica;N/A;N/A;Sí;Sí;N/A;Sí;N/A;N/A;N/A;N/A;N/A;Sí;Sí;Sí;N/A;N/A;N/A;N/A;N/A;N/A;N/A;N/A;N/A;N/A;N/A;N/A;N/A;"1300 cc";N/A;8;N/A;N/A;Sí;Sí;N/A;Sí;N/A;N/A;N/A;N/A;N/A;N/A;N/A;N/A;N/A;N/A;N/A;N/A;N/A;N/A;N/A;N/A;N/A;N/A;N/A;Sí;N/A;N/A;N/A;N/A;N/A;N/A;N/A;N/A;N/A;N/A;Sí;N/A;N/A;N/A;N/A;N/A;Sí;N/A;N/A;N/A;N/A;N/A;N/A;N/A;N/A;N/A;N/A;N/A;N/A;N/A;N/A;N/A;N/A;N/A;Sí;N/A;Sí;N/A;Sí;N/A;N/A;N/A;N/A;N/A;N/A;Sí;Sí;N/A;"Lun. a Vie. de 8:30 a 18:30 hs. Sáb. de 9 a 13 hs";4;1.3;Nafta;Automática;Pick-Up;"Autos y camionetas";No;N/A;N/A;N/A;No;N/A;N/A;No;Sí;No;No;N/A;N/A;N/A;N/A;N/A;N/A;N/A;N/A;N/A;N/A;N/A;N/A;N/A;N/A;N/A;N/A;N/A;N/A;N/A;N/A;N/A;N/A;N/A;N/A;N/A;N/A;N/A;N/A;N/A;N/A;N/A;N/A;N/A;N/A;N/A;N/A;N/A;N/A;N/A;N/A;N/A;N/A;N/A;N/A;N/A;N/A;N/A;N/A;N/A;N/A;Sí;No;N/A;N/A;N/A;N/A;N/A;N/A;N/A;N/A;N/A;N/A;N/A;N/A;N/A;N/A;N/A;N/A;N/A;N/A;N/A;N/A;N/A;N/A;N/A;N/A;N/A;N/A;N/A;N/A;N/A;N/A;N/A;N/A;N/A;Sí;N/A;N/A;N/A;Sí;N/A;Sí;N/A;Sí;Sí;N/A;N/A;N/A;N/A;N/A;N/A;N/A;N/A;Sí;Sí;Sí;N/A;N/A;Sí;Sí;Sí
Renault;Logan;"1.6 Authentique 85cv";2019;"104516 km";;AUTOMOVILESAUTOPARQUE202209021;10490;;;;;"Parque del Plata";https://auto.mercadolibre.com.uy/MLU-696868614-renault-logan-authentique-_JM;N/A;;"Renault Logan Authentique";usd;Sí;gold;false;N/A;N/A;http://perfil.mercadolibre.com.uy/AUTOMOVILESAUTOPARQUE202209021;active;N/A;N/A;Usado;Gris;N/A;Hidráulica;Delantera;N/A;N/A;N/A;N/A;N/A;N/A;N/A;N/A;N/A;N/A;N/A;N/A;N/A;N/A;N/A;N/A;N/A;N/A;N/A;N/A;N/A;N/A;N/A;N/A;N/A;"2635 mm";"1.6 L";"50 L";5;N/A;N/A;N/A;N/A;N/A;N/A;N/A;N/A;N/A;N/A;N/A;N/A;N/A;N/A;N/A;N/A;N/A;N/A;N/A;N/A;N/A;N/A;N/A;N/A;N/A;N/A;N/A;N/A;N/A;N/A;N/A;N/A;N/A;N/A;N/A;N/A;N/A;N/A;N/A;N/A;N/A;N/A;N/A;N/A;N/A;"1529 mm";"4350 mm";N/A;N/A;N/A;N/A;5;"85 hp";Authentique;N/A;2;"1733 mm";"12.5 km/l";N/A;N/A;N/A;N/A;N/A;N/A;N/A;N/A;N/A;N/A;N/A;N/A;N/A;N/A;N/A;N/A;N/A;4;1.6;Nafta;Manual;Sedán;"Autos y camionetas";N/A;N/A;N/A;N/A;N/A;N/A;UY;N/A;N/A;N/A;N/A;N/A;N/A;N/A;N/A;N/A;N/A;N/A;N/A;N/A;N/A;N/A;N/A;N/A;N/A;N/A;N/A;N/A;N/A;N/A;N/A;N/A;N/A;N/A;N/A;N/A;N/A;N/A;N/A;N/A;N/A;N/A;N/A;N/A;N/A;N/A;N/A;N/A;N/A;N/A;N/A;N/A;N/A;N/A;N/A;N/A;N/A;N/A;N/A;N/A;N/A;N/A;N/A;N/A;N/A;N/A;N/A;N/A;N/A;N/A;N/A;N/A;N/A;N/A;N/A;N/A;N/A;N/A;N/A;N/A;N/A;N/A;N/A;N/A;N/A;N/A;N/A;N/A;N/A;N/A;N/A;N/A;N/A;N/A;N/A;N/A;N/A;N/A;N/A;N/A;N/A;N/A;N/A;N/A;N/A;N/A;N/A;N/A;N/A;N/A;N/A;N/A;N/A;N/A;N/A;N/A;N/A;N/A;N/A;N/A;N/A;N/A
Renault;Kwid;Life;2020;"43000 km";;"OSCARPISANO RENAULT-NISSAN";11900;;;;;Sayago;https://auto.mercadolibre.com.uy/MLU-704188196-renault-kwid-life-2020-impecable-_JM;N/A;;"Renault Kwid Life 2020 Impecable!";USD;Sí;gold;false;N/A;N/A;http://perfil.mercadolibre.com.uy/OSCARPISANO+RENAULT-NISSAN;active;N/A;N/A;Usado;Plateado;N/A;Eléctrica;N/A;Sí;N/A;N/A;N/A;N/A;N/A;N/A;N/A;N/A;N/A;N/A;N/A;N/A;N/A;N/A;N/A;N/A;N/A;N/A;N/A;N/A;N/A;N/A;N/A;N/A;N/A;N/A;N/A;5;N/A;N/A;N/A;N/A;N/A;N/A;N/A;N/A;N/A;N/A;N/A;N/A;N/A;N/A;N/A;N/A;N/A;N/A;N/A;N/A;N/A;N/A;N/A;N/A;N/A;N/A;N/A;N/A;N/A;N/A;N/A;N/A;N/A;N/A;N/A;N/A;N/A;N/A;N/A;N/A;N/A;N/A;N/A;N/A;N/A;N/A;N/A;N/A;N/A;N/A;N/A;N/A;N/A;Life;N/A;N/A;N/A;N/A;N/A;N/A;N/A;N/A;N/A;N/A;N/A;N/A;N/A;N/A;N/A;N/A;N/A;N/A;N/A;N/A;"Lun. a Vie. de 8:30 a 18:30 hs. Sáb. de 9 a 13 hs";5;N/A;Nafta;Manual;Hatchback;"Autos y camionetas";No;N/A;N/A;N/A;No;N/A;N/A;No;Sí;No;No;N/A;N/A;N/A;N/A;N/A;N/A;N/A;N/A;N/A;N/A;N/A;N/A;N/A;N/A;N/A;N/A;N/A;N/A;N/A;N/A;N/A;N/A;N/A;N/A;N/A;N/A;N/A;N/A;N/A;N/A;N/A;N/A;N/A;N/A;N/A;N/A;N/A;N/A;N/A;N/A;N/A;N/A;N/A;N/A;N/A;N/A;N/A;N/A;N/A;N/A;N/A;No;N/A;N/A;N/A;N/A;N/A;N/A;N/A;N/A;N/A;N/A;N/A;N/A;N/A;N/A;N/A;N/A;N/A;N/A;N/A;N/A;N/A;N/A;N/A;N/A;N/A;N/A;N/A;N/A;N/A;N/A;N/A;N/A;N/A;N/A;N/A;N/A;Sí;Sí;N/A;N/A;N/A;N/A;Sí;N/A;N/A;N/A;N/A;N/A;N/A;N/A;N/A;N/A;N/A;N/A;N/A;N/A;N/A;N/A;N/A
Renault;"Sandero Stepway";Luxe;2013;"160000 km";;DD20241120203407;10500;;;;;N/A;https://auto.mercadolibre.com.uy/MLU-702736564-renault-sandero-stepway-16-version-luxe-2013-_JM;N/A;;"Renault Sandero Stepway 1.6 Versión Luxe 2013";USD;Sí;gold;false;N/A;N/A;http://perfil.mercadolibre.com.uy/DD20241120203407;active;N/A;N/A;Usado;Gris;N/A;N/A;N/A;N/A;N/A;N/A;N/A;N/A;N/A;N/A;N/A;N/A;N/A;N/A;N/A;N/A;N/A;N/A;N/A;N/A;N/A;N/A;N/A;N/A;N/A;N/A;N/A;N/A;N/A;N/A;N/A;N/A;N/A;N/A;N/A;N/A;N/A;N/A;N/A;N/A;N/A;N/A;N/A;N/A;N/A;N/A;N/A;N/A;N/A;N/A;N/A;N/A;N/A;N/A;N/A;N/A;N/A;N/A;N/A;N/A;N/A;N/A;N/A;N/A;N/A;N/A;N/A;N/A;N/A;N/A;N/A;N/A;N/A;N/A;N/A;N/A;N/A;N/A;N/A;N/A;N/A;N/A;N/A;N/A;N/A;N/A;N/A;N/A;N/A;N/A;N/A;N/A;N/A;N/A;N/A;N/A;N/A;N/A;N/A;N/A;N/A;N/A;N/A;N/A;N/A;N/A;N/A;5;N/A;Nafta;N/A;N/A;"Autos y camionetas";N/A;N/A;N/A;N/A;N/A;N/A;N/A;N/A;N/A;N/A;N/A;N/A;N/A;N/A;N/A;N/A;N/A;N/A;N/A;N/A;N/A;N/A;N/A;N/A;N/A;N/A;N/A;N/A;N/A;N/A;N/A;N/A;N/A;N/A;N/A;N/A;N/A;N/A;N/A;N/A;N/A;N/A;N/A;N/A;N/A;N/A;N/A;N/A;N/A;N/A;N/A;N/A;N/A;N/A;N/A;N/A;N/A;N/A;N/A;N/A;N/A;N/A;N/A;N/A;N/A;N/A;N/A;N/A;N/A;N/A;N/A;N/A;N/A;N/A;N/A;N/A;N/A;N/A;N/A;N/A;N/A;N/A;N/A;N/A;N/A;N/A;N/A;N/A;N/A;N/A;N/A;N/A;N/A;N/A;N/A;N/A;N/A;N/A;N/A;N/A;N/A;N/A;N/A;N/A;N/A;N/A;N/A;N/A;N/A;N/A;N/A;N/A;N/A;N/A;N/A;N/A;N/A;N/A;N/A;N/A;N/A;N/A
Renault;Clio;"Mio 1.2";2016;"150000 km";;PUNTO-CARRASCO;8990;;;;;Shangrilá;https://auto.mercadolibre.com.uy/MLU-702536166-renault-clio-mio-12-full-financio-permuto-_JM;N/A;;"Renault Clio Mio 1.2 Full - Financio / Permuto";USD;Sí;gold;false;N/A;N/A;http://perfil.mercadolibre.com.uy/PUNTO-CARRASCO;active;N/A;N/A;Usado;Negro;Sí;Hidráulica;Delantera;Sí;Sí;N/A;N/A;N/A;N/A;N/A;N/A;N/A;N/A;N/A;N/A;Sí;N/A;N/A;N/A;N/A;N/A;N/A;N/A;N/A;N/A;N/A;N/A;N/A;N/A;N/A;N/A;N/A;N/A;N/A;N/A;N/A;N/A;N/A;N/A;N/A;N/A;N/A;N/A;N/A;N/A;N/A;N/A;N/A;N/A;N/A;N/A;N/A;N/A;N/A;N/A;N/A;N/A;N/A;N/A;N/A;N/A;N/A;N/A;N/A;N/A;N/A;N/A;N/A;N/A;N/A;N/A;N/A;N/A;N/A;N/A;N/A;N/A;N/A;N/A;N/A;N/A;N/A;N/A;N/A;N/A;N/A;N/A;N/A;N/A;N/A;N/A;N/A;N/A;N/A;N/A;N/A;N/A;N/A;N/A;N/A;N/A;N/A;N/A;N/A;N/A;N/A;N/A;5;1200;Nafta;Manual;Hatchback;"Autos y camionetas";N/A;N/A;N/A;N/A;N/A;N/A;N/A;N/A;N/A;N/A;N/A;N/A;N/A;N/A;N/A;N/A;N/A;N/A;N/A;N/A;N/A;N/A;N/A;N/A;N/A;N/A;N/A;N/A;N/A;N/A;N/A;N/A;N/A;N/A;N/A;N/A;N/A;N/A;N/A;N/A;N/A;N/A;N/A;N/A;N/A;N/A;N/A;N/A;N/A;N/A;N/A;N/A;N/A;N/A;N/A;N/A;N/A;N/A;N/A;N/A;N/A;N/A;N/A;N/A;N/A;N/A;N/A;N/A;N/A;N/A;N/A;N/A;N/A;N/A;N/A;N/A;N/A;N/A;N/A;N/A;N/A;N/A;N/A;N/A;N/A;N/A;N/A;N/A;N/A;N/A;N/A;N/A;N/A;N/A;N/A;N/A;Sí;N/A;Sí;N/A;N/A;N/A;N/A;N/A;N/A;Sí;N/A;N/A;N/A;N/A;N/A;N/A;N/A;N/A;N/A;N/A;N/A;N/A;N/A;N/A;N/A;N/A
Renault;"Clio V Turbo 0.9";"Turbo 0.9";2023;"8000 km";;"RENATOCONTI AUTOMOVILES";24990;;;;;"Parque Miramar";https://auto.mercadolibre.com.uy/MLU-702213478-excelente-como-salido-de-fabrica-_JM;N/A;;"Excelente !!! Como Salido De Fabrica";USD;Sí;gold;false;N/A;N/A;http://perfil.mercadolibre.com.uy/RENATOCONTI+AUTOMOVILES;active;N/A;N/A;Usado;Gris;N/A;Asistida;Delantera;N/A;N/A;N/A;N/A;N/A;N/A;N/A;N/A;N/A;N/A;N/A;N/A;N/A;N/A;N/A;N/A;N/A;N/A;N/A;N/A;N/A;N/A;N/A;N/A;N/A;N/A;N/A;N/A;N/A;N/A;N/A;N/A;N/A;N/A;N/A;N/A;N/A;N/A;N/A;N/A;N/A;N/A;N/A;N/A;N/A;N/A;N/A;N/A;N/A;N/A;N/A;N/A;N/A;N/A;N/A;N/A;N/A;N/A;N/A;N/A;N/A;N/A;N/A;N/A;N/A;N/A;N/A;N/A;N/A;N/A;N/A;N/A;N/A;N/A;N/A;N/A;N/A;N/A;N/A;N/A;N/A;N/A;N/A;N/A;N/A;N/A;N/A;N/A;N/A;N/A;N/A;N/A;N/A;N/A;N/A;N/A;N/A;N/A;N/A;N/A;N/A;N/A;N/A;N/A;4;0.9;Nafta;Manual;N/A;"Autos y camionetas";N/A;N/A;N/A;N/A;N/A;N/A;N/A;N/A;N/A;N/A;N/A;N/A;N/A;N/A;N/A;N/A;N/A;N/A;N/A;N/A;N/A;N/A;N/A;N/A;N/A;N/A;N/A;N/A;N/A;N/A;N/A;N/A;N/A;N/A;N/A;N/A;N/A;N/A;N/A;N/A;N/A;N/A;N/A;N/A;N/A;N/A;N/A;N/A;N/A;N/A;N/A;N/A;N/A;N/A;N/A;N/A;N/A;N/A;N/A;N/A;N/A;N/A;N/A;N/A;N/A;N/A;N/A;N/A;N/A;N/A;N/A;N/A;N/A;N/A;N/A;N/A;N/A;N/A;N/A;N/A;N/A;N/A;N/A;N/A;N/A;N/A;N/A;N/A;N/A;N/A;N/A;N/A;N/A;N/A;N/A;N/A;N/A;N/A;N/A;N/A;N/A;N/A;N/A;N/A;N/A;N/A;N/A;N/A;N/A;N/A;N/A;N/A;N/A;N/A;N/A;N/A;N/A;N/A;N/A;N/A;N/A;N/A
Renault;Kwid;"E-Tech Intens";2025;"0 km";;AEROCAR2013;23990;;;;;Carrasco;https://auto.mercadolibre.com.uy/MLU-697858234-renault-kwid-e-tech-intens-2025-0km-interauto-_JM;N/A;;"Renault Kwid E-tech Intens 2025 0km Interauto";USD;Sí;gold;false;N/A;N/A;http://perfil.mercadolibre.com.uy/AEROCAR2013;active;N/A;N/A;Nuevo;N/A;N/A;Eléctrica;Delantera;Sí;Sí;Sí;N/A;N/A;N/A;N/A;N/A;N/A;N/A;Sí;Sí;Sí;N/A;Sí;N/A;N/A;N/A;N/A;N/A;N/A;N/A;N/A;N/A;N/A;N/A;N/A;N/A;N/A;N/A;N/A;Sí;Sí;Sí;Sí;Sí;N/A;N/A;N/A;N/A;N/A;N/A;N/A;N/A;N/A;N/A;N/A;N/A;N/A;N/A;N/A;N/A;N/A;N/A;Sí;N/A;N/A;N/A;Sí;N/A;N/A;N/A;N/A;N/A;N/A;Sí;N/A;N/A;N/A;N/A;N/A;N/A;N/A;N/A;N/A;N/A;N/A;N/A;N/A;N/A;N/A;N/A;N/A;N/A;N/A;N/A;N/A;N/A;N/A;N/A;N/A;N/A;Sí;Sí;Sí;N/A;N/A;N/A;N/A;N/A;N/A;N/A;Sí;"Lunes a Domingo de 9 a 18:30 hs";5;N/A;Eléctrico;Automática;Hatchback;"Autos y camionetas";No;N/A;N/A;N/A;No;N/A;N/A;No;Sí;No;No;N/A;N/A;N/A;N/A;N/A;N/A;N/A;N/A;N/A;N/A;N/A;N/A;N/A;N/A;N/A;N/A;N/A;N/A;N/A;N/A;N/A;N/A;N/A;N/A;N/A;N/A;N/A;N/A;N/A;N/A;N/A;N/A;Sí;N/A;N/A;N/A;N/A;N/A;N/A;N/A;N/A;N/A;N/A;N/A;N/A;N/A;N/A;N/A;N/A;N/A;Sí;No;N/A;N/A;N/A;N/A;N/A;N/A;N/A;N/A;N/A;N/A;N/A;N/A;N/A;N/A;N/A;N/A;N/A;N/A;N/A;N/A;N/A;N/A;N/A;N/A;N/A;N/A;N/A;N/A;N/A;Sí;N/A;N/A;N/A;Sí;Sí;Sí;Sí;Sí;Sí;N/A;N/A;Sí;Sí;N/A;Sí;N/A;N/A;Sí;Sí;Sí;N/A;Sí;Sí;Sí;N/A;N/A;Sí;N/A;Sí
Renault;Oroch;"1.3 Tce Intens Outsider 4Wd Mt";2024;"30000 km";;AAUTOMOVILES;26900;;;;;Minas;https://auto.mercadolibre.com.uy/MLU-704261836-renault-oroch-13-tce-intens-outsider-4wd-mt-_JM;N/A;;"Renault Oroch 1.3 Tce Intens Outsider 4wd Mt";usd;Sí;gold;false;N/A;N/A;http://perfil.mercadolibre.com.uy/AAUTOMOVILES;active;N/A;N/A;Usado;Plateado;Sí;Hidráulica;4x4;N/A;N/A;N/A;N/A;N/A;N/A;N/A;N/A;N/A;N/A;N/A;N/A;N/A;N/A;N/A;N/A;N/A;N/A;N/A;N/A;N/A;N/A;N/A;N/A;N/A;"2890 mm";"1.3 L";"45 L";6;N/A;N/A;N/A;N/A;N/A;N/A;N/A;N/A;N/A;N/A;N/A;N/A;N/A;N/A;N/A;N/A;N/A;N/A;N/A;N/A;N/A;N/A;N/A;N/A;N/A;N/A;N/A;N/A;N/A;N/A;N/A;N/A;N/A;N/A;N/A;N/A;N/A;N/A;N/A;N/A;N/A;N/A;N/A;N/A;N/A;"1694 mm";"4719 mm";N/A;N/A;N/A;N/A;5;"156 hp";"Intens Outsider";N/A;4;"1834 mm";N/A;N/A;N/A;N/A;N/A;N/A;N/A;N/A;N/A;N/A;N/A;N/A;N/A;N/A;N/A;N/A;N/A;"Todo el dia";4;1.3;Nafta;Manual;Pick-Up;"Autos y camionetas";N/A;N/A;N/A;N/A;N/A;N/A;UY;N/A;N/A;N/A;N/A;N/A;N/A;N/A;N/A;N/A;N/A;N/A;N/A;N/A;N/A;N/A;N/A;N/A;N/A;N/A;N/A;N/A;N/A;N/A;N/A;N/A;N/A;N/A;N/A;N/A;N/A;N/A;N/A;N/A;N/A;N/A;N/A;N/A;N/A;N/A;N/A;N/A;N/A;N/A;N/A;N/A;N/A;N/A;N/A;N/A;N/A;N/A;N/A;N/A;N/A;N/A;N/A;N/A;N/A;N/A;N/A;N/A;N/A;N/A;N/A;N/A;N/A;N/A;N/A;N/A;N/A;N/A;N/A;N/A;N/A;N/A;N/A;N/A;N/A;N/A;N/A;N/A;N/A;N/A;N/A;N/A;N/A;N/A;N/A;N/A;N/A;N/A;N/A;N/A;N/A;N/A;N/A;N/A;N/A;N/A;N/A;N/A;N/A;N/A;N/A;N/A;N/A;N/A;N/A;N/A;N/A;N/A;N/A;N/A;N/A;N/A
Renault;Kwid;"1.0 Sce 66cv Zen";2020;"50000 km";;SAPORTAELIAS;10700;;;;;Solymar;https://auto.mercadolibre.com.uy/MLU-705946468-renault-kwid-10-sce-66cv-zen-_JM;N/A;;"Renault Kwid 1.0 Sce 66cv Zen";usd;Sí;gold;false;N/A;N/A;http://perfil.mercadolibre.com.uy/SAPORTAELIAS;active;N/A;N/A;Usado;Blanco;N/A;N/A;Delantera;N/A;N/A;Sí;N/A;N/A;N/A;N/A;N/A;N/A;N/A;N/A;N/A;N/A;N/A;N/A;N/A;N/A;N/A;N/A;N/A;N/A;N/A;N/A;N/A;N/A;"2423 mm";"1 L";"50 L";5;N/A;N/A;N/A;N/A;N/A;N/A;N/A;N/A;N/A;N/A;N/A;N/A;N/A;N/A;N/A;N/A;N/A;N/A;N/A;N/A;N/A;N/A;N/A;N/A;N/A;N/A;N/A;N/A;N/A;N/A;N/A;N/A;N/A;N/A;N/A;N/A;N/A;N/A;N/A;N/A;N/A;N/A;N/A;N/A;N/A;"1474 mm";"3680 mm";N/A;N/A;N/A;N/A;5;"66 hp";Zen;N/A;4;"1752 mm";N/A;N/A;N/A;N/A;N/A;N/A;N/A;N/A;N/A;N/A;N/A;N/A;N/A;N/A;N/A;N/A;N/A;"Lunes a Viernes 10 a 17 Sabados 9 a 12";5;1.0;Nafta;Manual;Hatchback;"Autos y camionetas";N/A;N/A;N/A;N/A;N/A;N/A;UY;N/A;N/A;N/A;N/A;N/A;N/A;N/A;N/A;N/A;N/A;N/A;N/A;N/A;N/A;N/A;N/A;N/A;N/A;N/A;N/A;N/A;N/A;N/A;N/A;N/A;N/A;N/A;N/A;N/A;N/A;N/A;N/A;N/A;N/A;N/A;N/A;N/A;N/A;N/A;N/A;N/A;N/A;N/A;N/A;N/A;N/A;N/A;N/A;N/A;N/A;N/A;N/A;N/A;N/A;N/A;N/A;N/A;N/A;N/A;N/A;N/A;N/A;N/A;N/A;N/A;N/A;N/A;N/A;N/A;N/A;N/A;N/A;N/A;N/A;N/A;N/A;N/A;N/A;N/A;N/A;N/A;N/A;N/A;N/A;N/A;N/A;N/A;N/A;N/A;N/A;N/A;N/A;N/A;N/A;N/A;N/A;N/A;N/A;N/A;N/A;N/A;N/A;N/A;N/A;N/A;N/A;N/A;N/A;N/A;N/A;N/A;N/A;N/A;N/A;N/A
Renault;Kwid;"1.0 Sce 66cv Zen";2018;"78000 km";;DUNICARSADUNICARSA;10800;;;;;"Jacinto Vera";https://auto.mercadolibre.com.uy/MLU-645415695-renault-kwid-2018-zen-impecable-estado--_JM;N/A;;"Renault Kwid 2018 Zen Impecable Estado ¡¡¡¡¡";usd;Sí;gold;false;N/A;N/A;http://perfil.mercadolibre.com.uy/DUNICARSADUNICARSA;active;N/A;N/A;Usado;Rojo;N/A;Hidráulica;Delantera;N/A;N/A;Sí;N/A;N/A;N/A;N/A;N/A;N/A;N/A;N/A;N/A;N/A;N/A;N/A;N/A;N/A;N/A;N/A;N/A;N/A;N/A;N/A;N/A;N/A;"2423 mm";"1 L";"50 L";5;N/A;N/A;N/A;N/A;N/A;N/A;N/A;N/A;N/A;N/A;N/A;N/A;N/A;N/A;N/A;N/A;N/A;N/A;N/A;N/A;N/A;N/A;N/A;N/A;N/A;N/A;N/A;N/A;N/A;N/A;N/A;N/A;N/A;N/A;N/A;N/A;N/A;N/A;N/A;N/A;N/A;N/A;N/A;N/A;N/A;"1474 mm";"3680 mm";N/A;N/A;N/A;N/A;5;"66 hp";Zen;N/A;4;"1752 mm";N/A;N/A;N/A;N/A;N/A;N/A;N/A;N/A;N/A;N/A;N/A;N/A;N/A;N/A;N/A;N/A;N/A;N/A;5;1.0;Nafta;Manual;Hatchback;"Autos y camionetas";N/A;N/A;N/A;N/A;N/A;N/A;UY;N/A;N/A;N/A;N/A;N/A;N/A;N/A;N/A;N/A;N/A;N/A;N/A;N/A;N/A;N/A;N/A;N/A;N/A;N/A;N/A;N/A;N/A;N/A;N/A;N/A;N/A;N/A;N/A;N/A;N/A;N/A;N/A;N/A;N/A;N/A;N/A;N/A;N/A;N/A;N/A;N/A;N/A;N/A;N/A;N/A;N/A;N/A;N/A;N/A;N/A;N/A;N/A;N/A;N/A;N/A;N/A;N/A;N/A;N/A;N/A;N/A;N/A;N/A;N/A;N/A;N/A;N/A;N/A;N/A;N/A;N/A;N/A;N/A;N/A;N/A;N/A;N/A;N/A;N/A;N/A;N/A;N/A;N/A;N/A;N/A;N/A;N/A;N/A;N/A;N/A;N/A;N/A;N/A;N/A;N/A;N/A;N/A;N/A;N/A;N/A;N/A;N/A;N/A;N/A;N/A;N/A;N/A;N/A;N/A;N/A;N/A;N/A;N/A;N/A;N/A
Renault;"Grand Scénic";"PRIVILEGE 1.9 DIESEL";2005;"350000 km";;DANIELCERES;8000;;;;;"La Figurita";https://auto.mercadolibre.com.uy/MLU-706064846-renault-scenic-privilege-19-diesel-_JM;N/A;;"Renault Scenic  Privilege 1.9 Diesel";USD;No;gold;false;N/A;N/A;http://perfil.mercadolibre.com.uy/DANIELCERES;active;N/A;N/A;Usado;Verde;No;Asistida;4x2;Sí;Sí;N/A;N/A;N/A;No;N/A;N/A;No;N/A;N/A;No;Sí;N/A;Sí;N/A;N/A;N/A;N/A;N/A;N/A;N/A;N/A;N/A;N/A;N/A;N/A;N/A;N/A;N/A;N/A;N/A;N/A;N/A;No;N/A;N/A;N/A;N/A;N/A;N/A;N/A;N/A;N/A;N/A;N/A;N/A;N/A;N/A;N/A;N/A;N/A;N/A;N/A;N/A;N/A;N/A;N/A;No;N/A;N/A;N/A;N/A;N/A;N/A;N/A;N/A;N/A;N/A;N/A;N/A;N/A;N/A;N/A;N/A;N/A;N/A;N/A;N/A;N/A;N/A;N/A;N/A;N/A;N/A;N/A;N/A;No;N/A;Sí;Sí;N/A;Sí;Sí;N/A;No;N/A;N/A;No;No;N/A;N/A;Sí;"De 8 a 20 horas";5;"1.9 turbodiesel";Diésel;Manual;SUV;"Autos y camionetas";N/A;N/A;N/A;N/A;N/A;N/A;N/A;N/A;N/A;N/A;N/A;N/A;N/A;N/A;N/A;N/A;N/A;N/A;N/A;N/A;N/A;N/A;N/A;N/A;No;N/A;N/A;N/A;N/A;N/A;N/A;N/A;N/A;N/A;N/A;N/A;N/A;N/A;N/A;N/A;N/A;N/A;N/A;N/A;N/A;N/A;N/A;N/A;N/A;N/A;N/A;N/A;N/A;N/A;N/A;N/A;N/A;N/A;N/A;N/A;N/A;N/A;N/A;N/A;N/A;N/A;N/A;N/A;N/A;N/A;N/A;N/A;N/A;N/A;N/A;N/A;N/A;N/A;N/A;N/A;N/A;N/A;N/A;N/A;N/A;N/A;N/A;N/A;N/A;N/A;N/A;N/A;N/A;N/A;N/A;No;Sí;Sí;Sí;N/A;Sí;N/A;N/A;N/A;N/A;Sí;Sí;Sí;Sí;N/A;N/A;Sí;Sí;Sí;Sí;No;No;Sí;No;No;N/A;No
Renault;Master;"2.3 L3h2 Minibus";2018;"300000 km";;ALMENDRAGIOVANNI;30000;;;;;N/A;https://auto.mercadolibre.com.uy/MLU-704201140-renault-master-23-l3h2-minibus-_JM;N/A;;"Renault Master 2.3 L3h2 Minibus";usd;Sí;gold;false;N/A;N/A;http://perfil.mercadolibre.com.uy/ALMENDRAGIOVANNI;active;N/A;N/A;Usado;Gris;Sí;Hidráulica;Delantera;Sí;N/A;N/A;N/A;N/A;Sí;N/A;N/A;N/A;N/A;N/A;N/A;Sí;N/A;N/A;N/A;N/A;N/A;N/A;N/A;N/A;N/A;N/A;N/A;N/A;"3578 mm";"2.3 L";"80 L";6;N/A;N/A;N/A;N/A;N/A;No;N/A;N/A;N/A;N/A;N/A;N/A;N/A;N/A;N/A;N/A;N/A;N/A;N/A;N/A;N/A;N/A;N/A;N/A;N/A;N/A;N/A;N/A;N/A;N/A;N/A;N/A;N/A;N/A;N/A;N/A;N/A;N/A;N/A;N/A;N/A;N/A;N/A;N/A;N/A;"2496 mm";"6198 mm";N/A;N/A;N/A;N/A;16;"130 hp";2.3;N/A;4;"1990 mm";N/A;N/A;N/A;Sí;Sí;N/A;Sí;Sí;N/A;N/A;N/A;N/A;N/A;N/A;N/A;N/A;N/A;N/A;4;2.3;Diésel;Manual;Van;"Autos y camionetas";N/A;N/A;N/A;N/A;N/A;N/A;UY;N/A;N/A;N/A;N/A;N/A;N/A;N/A;N/A;N/A;N/A;N/A;N/A;N/A;N/A;N/A;N/A;N/A;N/A;N/A;N/A;N/A;N/A;N/A;N/A;N/A;N/A;N/A;N/A;N/A;N/A;N/A;N/A;N/A;N/A;N/A;N/A;N/A;N/A;N/A;N/A;N/A;N/A;N/A;N/A;N/A;N/A;N/A;N/A;N/A;N/A;N/A;N/A;N/A;N/A;N/A;N/A;N/A;N/A;N/A;N/A;N/A;N/A;N/A;N/A;N/A;N/A;N/A;N/A;N/A;N/A;N/A;N/A;N/A;N/A;N/A;N/A;N/A;N/A;N/A;N/A;N/A;N/A;N/A;N/A;N/A;N/A;N/A;N/A;N/A;Sí;Sí;N/A;N/A;Sí;N/A;N/A;N/A;N/A;Sí;N/A;N/A;N/A;N/A;N/A;N/A;Sí;N/A;N/A;N/A;Sí;N/A;N/A;N/A;N/A;N/A
Renault;Logan;"1.6 Expression 85cv";2018;"67000 km";;MARCELOVICOAUTOMOVILES;11800;;;;;Carmelo;https://auto.mercadolibre.com.uy/MLU-703513666-renault-logan-16-expression-85cv-_JM;N/A;;"Renault Logan 1.6 Expression 85cv";usd;Sí;gold;false;N/A;N/A;http://perfil.mercadolibre.com.uy/MARCELOVICOAUTOMOVILES;active;N/A;N/A;Usado;Gris;N/A;Hidráulica;Delantera;N/A;N/A;N/A;N/A;N/A;N/A;N/A;N/A;N/A;N/A;N/A;N/A;N/A;N/A;N/A;N/A;N/A;N/A;N/A;N/A;N/A;N/A;N/A;N/A;N/A;"2635 mm";"1.6 L";"50 L";5;N/A;N/A;N/A;N/A;N/A;N/A;N/A;N/A;N/A;N/A;N/A;N/A;N/A;N/A;N/A;N/A;N/A;N/A;N/A;N/A;N/A;N/A;N/A;N/A;N/A;N/A;N/A;N/A;N/A;N/A;N/A;N/A;N/A;Sí;N/A;N/A;N/A;N/A;N/A;N/A;N/A;N/A;N/A;N/A;N/A;"1529 mm";"4350 mm";N/A;N/A;N/A;N/A;5;"85 hp";Expression;N/A;2;"1733 mm";"12.5 km/l";N/A;N/A;N/A;N/A;N/A;N/A;Sí;N/A;N/A;N/A;N/A;N/A;N/A;N/A;N/A;N/A;N/A;4;1.6;Nafta;Manual;Sedán;"Autos y camionetas";N/A;N/A;N/A;N/A;N/A;N/A;UY;N/A;N/A;N/A;N/A;N/A;N/A;N/A;N/A;N/A;N/A;N/A;N/A;N/A;N/A;N/A;N/A;N/A;N/A;N/A;N/A;N/A;N/A;N/A;N/A;N/A;N/A;N/A;N/A;N/A;N/A;N/A;N/A;N/A;N/A;N/A;N/A;N/A;N/A;N/A;N/A;N/A;N/A;N/A;N/A;N/A;N/A;N/A;N/A;N/A;N/A;N/A;N/A;N/A;N/A;N/A;N/A;N/A;N/A;N/A;N/A;N/A;N/A;N/A;N/A;N/A;N/A;N/A;N/A;N/A;N/A;N/A;N/A;N/A;N/A;N/A;N/A;N/A;N/A;N/A;N/A;N/A;N/A;N/A;N/A;N/A;N/A;N/A;N/A;N/A;N/A;N/A;N/A;N/A;N/A;N/A;N/A;N/A;N/A;N/A;N/A;N/A;N/A;N/A;N/A;N/A;N/A;N/A;N/A;N/A;N/A;N/A;N/A;N/A;N/A;N/A
Renault;Master;"2.3 T4 Dci130 Minibus";2014;"142000 km";;ROVERFAN;29900;;;;;Cordón;https://auto.mercadolibre.com.uy/MLU-702756006-renault-master-minibus-de-origen-diesel-_JM;N/A;;"Renault Master Minibus De Origen Diesel";usd;Sí;gold;false;N/A;N/A;http://perfil.mercadolibre.com.uy/ROVERFAN;active;N/A;N/A;Usado;Blanco;N/A;Hidráulica;Delantera;N/A;N/A;N/A;N/A;N/A;N/A;N/A;N/A;N/A;N/A;N/A;N/A;N/A;N/A;N/A;N/A;N/A;N/A;N/A;N/A;N/A;N/A;N/A;N/A;N/A;"3578 mm";"2.3 L";"80 L";6;N/A;N/A;N/A;N/A;N/A;N/A;N/A;N/A;N/A;N/A;N/A;N/A;N/A;N/A;N/A;N/A;N/A;N/A;N/A;N/A;N/A;N/A;N/A;N/A;N/A;N/A;N/A;N/A;N/A;N/A;N/A;N/A;N/A;N/A;N/A;N/A;N/A;N/A;N/A;N/A;N/A;N/A;N/A;N/A;N/A;"2496 mm";"6198 mm";N/A;N/A;N/A;N/A;16;"130 hp";2.3;N/A;4;"1990 mm";N/A;N/A;N/A;N/A;N/A;N/A;N/A;N/A;N/A;N/A;N/A;N/A;N/A;N/A;N/A;N/A;N/A;"8 A 18";4;2.3;Diésel;Manual;N/A;"Autos y camionetas";N/A;N/A;N/A;N/A;N/A;N/A;UY;N/A;N/A;N/A;N/A;N/A;N/A;N/A;N/A;N/A;N/A;N/A;N/A;N/A;N/A;N/A;N/A;N/A;N/A;N/A;N/A;N/A;N/A;N/A;N/A;N/A;N/A;N/A;N/A;N/A;N/A;N/A;N/A;N/A;N/A;N/A;N/A;N/A;N/A;N/A;N/A;N/A;N/A;N/A;N/A;N/A;N/A;N/A;N/A;N/A;N/A;N/A;N/A;N/A;N/A;N/A;N/A;N/A;N/A;N/A;N/A;N/A;N/A;N/A;N/A;N/A;N/A;N/A;N/A;N/A;N/A;N/A;N/A;N/A;N/A;N/A;N/A;N/A;N/A;N/A;N/A;N/A;N/A;N/A;N/A;N/A;N/A;N/A;N/A;N/A;N/A;N/A;N/A;N/A;N/A;N/A;N/A;N/A;N/A;N/A;N/A;N/A;N/A;N/A;N/A;N/A;N/A;N/A;N/A;N/A;N/A;N/A;N/A;N/A;N/A;N/A
Renault;Duster;"1.6 16v Intens Cvt";2024;"0 km";;WAVEAUTOMOTORES;28000;;;;;Paysandú;https://auto.mercadolibre.com.uy/MLU-690743504-nueva-duster-intens-16-cvt-ph2-_JM;N/A;;"Nueva Duster Intens 1.6 Cvt Ph2";usd;Sí;gold;false;N/A;N/A;http://perfil.mercadolibre.com.uy/WAVEAUTOMOTORES;active;N/A;N/A;Nuevo;Plateado;N/A;N/A;4x2;N/A;N/A;Sí;N/A;N/A;N/A;N/A;N/A;N/A;N/A;N/A;N/A;N/A;N/A;N/A;N/A;N/A;N/A;N/A;N/A;N/A;N/A;N/A;N/A;N/A;"2674 mm";"1.6 L";"50 L";6;N/A;N/A;N/A;N/A;N/A;N/A;N/A;N/A;N/A;N/A;N/A;N/A;N/A;N/A;N/A;N/A;N/A;N/A;N/A;N/A;N/A;N/A;N/A;N/A;N/A;N/A;N/A;N/A;N/A;N/A;N/A;N/A;N/A;N/A;N/A;N/A;N/A;N/A;N/A;N/A;N/A;N/A;N/A;N/A;N/A;"1683 mm";"4329 mm";N/A;N/A;N/A;N/A;5;"118 hp";Intens;N/A;4;"1822 mm";"11.1 km/l";N/A;N/A;N/A;N/A;N/A;N/A;N/A;N/A;N/A;N/A;"10.4 km/l";N/A;N/A;N/A;N/A;N/A;N/A;5;1.6;Nafta;Automática;SUV;"Autos y camionetas";N/A;N/A;N/A;N/A;N/A;N/A;UY;N/A;N/A;N/A;N/A;N/A;N/A;N/A;N/A;N/A;N/A;N/A;N/A;N/A;N/A;N/A;N/A;N/A;N/A;N/A;N/A;N/A;N/A;N/A;N/A;N/A;N/A;N/A;N/A;N/A;N/A;N/A;N/A;N/A;N/A;N/A;N/A;N/A;N/A;N/A;N/A;N/A;N/A;N/A;N/A;N/A;N/A;N/A;N/A;N/A;N/A;N/A;N/A;N/A;N/A;N/A;N/A;N/A;N/A;N/A;N/A;N/A;N/A;N/A;N/A;N/A;N/A;N/A;N/A;N/A;N/A;N/A;N/A;N/A;N/A;N/A;N/A;N/A;N/A;N/A;N/A;N/A;N/A;N/A;N/A;N/A;N/A;N/A;N/A;N/A;N/A;N/A;N/A;N/A;N/A;N/A;N/A;N/A;N/A;N/A;N/A;N/A;N/A;N/A;N/A;N/A;N/A;N/A;N/A;N/A;N/A;N/A;N/A;N/A;N/A;N/A
Renault;Oroch;"1.3 Tce Intens Outsider 2Wd Cvt";2023;"43000 km";;FEVISEYSAFEVISEYSA;22500;;;;;"Barra de Carrasco";https://auto.mercadolibre.com.uy/MLU-706129124-renault-oroch-13-tce-intens-outsider-2wd-cvt-_JM;N/A;;"Renault Oroch 1.3 Tce Intens Outsider 2wd Cvt";usd;Sí;gold;false;N/A;N/A;http://perfil.mercadolibre.com.uy/FEVISEYSAFEVISEYSA;active;N/A;N/A;Usado;Rojo;Sí;Hidráulica;Delantera;N/A;N/A;N/A;N/A;N/A;N/A;N/A;N/A;No;N/A;N/A;N/A;N/A;N/A;N/A;N/A;N/A;N/A;N/A;N/A;N/A;N/A;N/A;N/A;N/A;"2890 mm";"1.3 L";"45 L";8;N/A;N/A;N/A;N/A;N/A;N/A;N/A;N/A;N/A;N/A;N/A;N/A;N/A;N/A;N/A;N/A;N/A;N/A;N/A;N/A;N/A;N/A;N/A;N/A;N/A;N/A;N/A;N/A;N/A;N/A;N/A;N/A;N/A;N/A;N/A;N/A;N/A;N/A;N/A;N/A;N/A;N/A;N/A;N/A;N/A;"1694 mm";"4719 mm";N/A;N/A;N/A;N/A;5;"156 hp";"Intens Outsider";N/A;4;"1834 mm";N/A;N/A;N/A;N/A;N/A;N/A;N/A;N/A;N/A;N/A;N/A;N/A;N/A;N/A;N/A;N/A;N/A;"9 a 18 hs";4;1.3;Nafta;Automática;Pick-Up;"Autos y camionetas";N/A;N/A;N/A;N/A;N/A;N/A;UY;N/A;Sí;N/A;N/A;N/A;N/A;N/A;N/A;N/A;N/A;N/A;N/A;N/A;N/A;N/A;N/A;N/A;N/A;N/A;N/A;N/A;N/A;N/A;N/A;N/A;N/A;N/A;N/A;N/A;N/A;N/A;N/A;N/A;N/A;N/A;N/A;N/A;N/A;N/A;N/A;N/A;N/A;N/A;N/A;N/A;N/A;N/A;N/A;N/A;N/A;N/A;N/A;N/A;N/A;N/A;N/A;N/A;N/A;N/A;N/A;N/A;N/A;N/A;N/A;N/A;N/A;N/A;N/A;N/A;N/A;N/A;N/A;N/A;N/A;N/A;N/A;N/A;N/A;N/A;N/A;N/A;N/A;N/A;N/A;N/A;N/A;N/A;N/A;N/A;N/A;N/A;N/A;N/A;N/A;N/A;N/A;N/A;N/A;N/A;N/A;N/A;N/A;N/A;N/A;N/A;N/A;N/A;N/A;N/A;N/A;N/A;N/A;N/A;N/A;N/A
Renault;Oroch;4x4;2021;"48000 km";;FERREIRAAUTOMOVILES;18890;;;;;Tacuarembó;https://auto.mercadolibre.com.uy/MLU-703924896-renault-oroch-_JM;N/A;;"Renault Oroch";USD;Sí;gold;false;N/A;N/A;http://perfil.mercadolibre.com.uy/FERREIRAAUTOMOVILES;active;N/A;N/A;Usado;Negro;N/A;N/A;N/A;N/A;N/A;N/A;N/A;N/A;N/A;N/A;N/A;N/A;N/A;N/A;N/A;N/A;N/A;N/A;N/A;N/A;N/A;N/A;N/A;N/A;N/A;N/A;N/A;N/A;N/A;N/A;N/A;N/A;N/A;N/A;N/A;N/A;N/A;N/A;N/A;N/A;N/A;N/A;N/A;N/A;N/A;N/A;N/A;N/A;N/A;N/A;N/A;N/A;N/A;N/A;N/A;N/A;N/A;N/A;N/A;N/A;N/A;N/A;N/A;N/A;N/A;N/A;N/A;N/A;N/A;N/A;N/A;N/A;N/A;N/A;N/A;N/A;N/A;N/A;N/A;N/A;N/A;N/A;N/A;N/A;N/A;N/A;N/A;N/A;N/A;N/A;N/A;N/A;N/A;N/A;N/A;N/A;N/A;N/A;N/A;N/A;N/A;N/A;N/A;N/A;N/A;N/A;N/A;5;N/A;Nafta;N/A;N/A;"Autos y camionetas";N/A;N/A;N/A;N/A;N/A;N/A;N/A;N/A;N/A;N/A;N/A;N/A;N/A;N/A;N/A;N/A;N/A;N/A;N/A;N/A;N/A;N/A;N/A;N/A;N/A;N/A;N/A;N/A;N/A;N/A;N/A;N/A;N/A;N/A;N/A;N/A;N/A;N/A;N/A;N/A;N/A;N/A;N/A;N/A;N/A;N/A;N/A;N/A;N/A;N/A;N/A;N/A;N/A;N/A;N/A;N/A;N/A;N/A;N/A;N/A;N/A;N/A;N/A;N/A;N/A;N/A;N/A;N/A;N/A;N/A;N/A;N/A;N/A;N/A;N/A;N/A;N/A;N/A;N/A;N/A;N/A;N/A;N/A;N/A;N/A;N/A;N/A;N/A;N/A;N/A;N/A;N/A;N/A;N/A;N/A;N/A;N/A;N/A;N/A;N/A;N/A;N/A;N/A;N/A;N/A;N/A;N/A;N/A;N/A;N/A;N/A;N/A;N/A;N/A;N/A;N/A;N/A;N/A;N/A;N/A;N/A;N/A
Renault;"Mégane III";"2.0 Privilege automático";2015;"130000 km";;SILVIA.A.T;15500;;;;;Centro;https://auto.mercadolibre.com.uy/MLU-702638504-unica-duena-bien-cuidado-todos-los-service-oficiales-_JM;N/A;;"Única Dueña. Bien Cuidado. Todos Los Service Oficiales.";USD;Sí;gold;false;N/A;N/A;http://perfil.mercadolibre.com.uy/SILVIA.A.T;active;N/A;N/A;Usado;Gris;Sí;Asistida;N/A;N/A;N/A;N/A;N/A;N/A;N/A;N/A;N/A;N/A;N/A;N/A;N/A;N/A;N/A;N/A;N/A;N/A;N/A;N/A;N/A;N/A;N/A;N/A;N/A;N/A;N/A;N/A;N/A;N/A;N/A;N/A;N/A;N/A;N/A;N/A;N/A;N/A;N/A;N/A;N/A;N/A;N/A;N/A;N/A;N/A;N/A;N/A;N/A;N/A;N/A;N/A;N/A;N/A;N/A;N/A;N/A;N/A;N/A;N/A;N/A;N/A;N/A;N/A;N/A;N/A;N/A;N/A;N/A;N/A;N/A;N/A;N/A;N/A;N/A;N/A;N/A;N/A;N/A;N/A;N/A;N/A;N/A;N/A;N/A;N/A;N/A;N/A;N/A;N/A;N/A;N/A;N/A;N/A;N/A;N/A;N/A;N/A;N/A;N/A;N/A;N/A;N/A;N/A;"Lunes a Sábados";5;N/A;Nafta;Automática;Sedán;"Autos y camionetas";N/A;N/A;N/A;N/A;N/A;N/A;N/A;N/A;N/A;N/A;N/A;N/A;N/A;N/A;N/A;N/A;N/A;N/A;N/A;N/A;N/A;N/A;N/A;N/A;N/A;N/A;N/A;N/A;N/A;N/A;N/A;N/A;N/A;N/A;N/A;N/A;N/A;N/A;N/A;N/A;N/A;N/A;N/A;N/A;N/A;N/A;N/A;N/A;N/A;N/A;N/A;N/A;N/A;N/A;N/A;N/A;N/A;N/A;N/A;N/A;N/A;N/A;N/A;N/A;N/A;N/A;N/A;N/A;N/A;N/A;N/A;N/A;N/A;N/A;N/A;N/A;N/A;N/A;N/A;N/A;N/A;N/A;N/A;N/A;N/A;N/A;N/A;N/A;N/A;N/A;N/A;N/A;N/A;N/A;N/A;N/A;N/A;N/A;N/A;N/A;N/A;N/A;N/A;N/A;N/A;N/A;N/A;N/A;N/A;N/A;N/A;N/A;N/A;N/A;N/A;N/A;N/A;N/A;N/A;N/A;N/A;N/A
Renault;Duster;"1.6 16v Intens Vision Cvt";2021;"140000 km";;"G.ARISPE AUTOMOTORES";17900;;;;;Prado;https://auto.mercadolibre.com.uy/MLU-644815869-renault-duster-16-intense-automatica-_JM;N/A;;"Renault Duster 1.6 Intense Automatica";usd;Sí;gold;false;N/A;N/A;http://perfil.mercadolibre.com.uy/G.ARISPE+AUTOMOTORES;active;N/A;N/A;Usado;Azul;N/A;N/A;4x2;N/A;N/A;Sí;N/A;N/A;N/A;N/A;N/A;N/A;N/A;N/A;N/A;N/A;N/A;N/A;N/A;N/A;N/A;N/A;N/A;N/A;N/A;N/A;N/A;N/A;"2674 mm";"1.6 L";"50 L";6;N/A;N/A;N/A;N/A;N/A;N/A;N/A;N/A;N/A;N/A;N/A;N/A;N/A;N/A;N/A;N/A;N/A;N/A;N/A;N/A;N/A;N/A;N/A;N/A;N/A;N/A;N/A;N/A;N/A;N/A;N/A;N/A;N/A;N/A;N/A;N/A;N/A;N/A;N/A;N/A;N/A;N/A;N/A;N/A;N/A;"1683 mm";"4329 mm";N/A;N/A;N/A;N/A;5;"118 hp";"Intens Vision";N/A;4;"1822 mm";"11.1 km/l";N/A;N/A;N/A;N/A;N/A;N/A;N/A;N/A;N/A;N/A;"10.4 km/l";N/A;N/A;N/A;N/A;N/A;N/A;5;1.6;Nafta;Automática;SUV;"Autos y camionetas";N/A;N/A;N/A;N/A;N/A;N/A;UY;N/A;N/A;N/A;N/A;N/A;N/A;N/A;N/A;N/A;N/A;N/A;N/A;N/A;N/A;N/A;N/A;N/A;N/A;N/A;N/A;N/A;N/A;N/A;N/A;N/A;N/A;N/A;N/A;N/A;N/A;N/A;N/A;N/A;N/A;N/A;N/A;N/A;N/A;N/A;N/A;N/A;N/A;N/A;N/A;N/A;N/A;N/A;N/A;N/A;N/A;N/A;N/A;N/A;N/A;N/A;N/A;N/A;N/A;N/A;N/A;N/A;N/A;N/A;N/A;N/A;N/A;N/A;N/A;N/A;N/A;N/A;N/A;N/A;N/A;N/A;N/A;N/A;N/A;N/A;N/A;N/A;N/A;N/A;N/A;N/A;N/A;N/A;N/A;N/A;N/A;N/A;N/A;N/A;N/A;N/A;N/A;N/A;N/A;N/A;N/A;N/A;N/A;N/A;N/A;N/A;N/A;N/A;N/A;N/A;N/A;N/A;N/A;N/A;N/A;N/A
Renault;Clio;Mio;2014;"111500 km";;ROLULA;10000;;;;;"Jacinto Vera";https://auto.mercadolibre.com.uy/MLU-702664782-nuevo-_JM;N/A;;Nuevo;USD;Sí;gold;false;N/A;N/A;http://perfil.mercadolibre.com.uy/ROLULA;active;N/A;N/A;Usado;Rojo;N/A;N/A;N/A;N/A;N/A;N/A;N/A;N/A;N/A;N/A;N/A;N/A;N/A;N/A;N/A;N/A;N/A;N/A;N/A;N/A;N/A;N/A;N/A;N/A;N/A;N/A;N/A;N/A;N/A;N/A;N/A;N/A;N/A;N/A;N/A;N/A;N/A;N/A;N/A;N/A;N/A;N/A;N/A;N/A;N/A;N/A;N/A;N/A;N/A;N/A;N/A;N/A;N/A;N/A;N/A;N/A;N/A;N/A;N/A;N/A;N/A;N/A;N/A;N/A;N/A;N/A;N/A;N/A;N/A;N/A;N/A;N/A;N/A;N/A;N/A;N/A;N/A;N/A;N/A;N/A;N/A;N/A;N/A;N/A;N/A;N/A;N/A;N/A;N/A;N/A;N/A;N/A;N/A;N/A;N/A;N/A;N/A;N/A;N/A;N/A;N/A;N/A;N/A;N/A;N/A;N/A;"12y30 a 19 hs";5;N/A;Nafta;N/A;N/A;"Autos y camionetas";N/A;N/A;N/A;N/A;N/A;N/A;N/A;N/A;N/A;N/A;N/A;N/A;N/A;N/A;N/A;N/A;N/A;N/A;N/A;N/A;N/A;N/A;N/A;N/A;N/A;N/A;N/A;N/A;N/A;N/A;N/A;N/A;N/A;N/A;N/A;N/A;N/A;N/A;N/A;N/A;N/A;N/A;N/A;N/A;N/A;N/A;N/A;N/A;N/A;N/A;N/A;N/A;N/A;N/A;N/A;N/A;N/A;N/A;N/A;N/A;N/A;N/A;N/A;N/A;N/A;N/A;N/A;N/A;N/A;N/A;N/A;N/A;N/A;N/A;N/A;N/A;N/A;N/A;N/A;N/A;N/A;N/A;N/A;N/A;N/A;N/A;N/A;N/A;N/A;N/A;N/A;N/A;N/A;N/A;N/A;N/A;N/A;N/A;N/A;N/A;N/A;N/A;N/A;N/A;N/A;N/A;N/A;N/A;N/A;N/A;N/A;N/A;N/A;N/A;N/A;N/A;N/A;N/A;N/A;N/A;N/A;N/A
Renault;Clio;"1.2 Iv Fase Ii Authentique";2016;"170000 km";;BHAUTOMOVILES;11500;;;;;Maldonado;https://auto.mercadolibre.com.uy/MLU-692735728-renault-clio-12-entrega-usd-5500-y-facilidades-_JM;N/A;;"Renault Clio 1.2 Entrega Usd 5.500 Y Facilidades";usd;Sí;gold;false;N/A;N/A;http://perfil.mercadolibre.com.uy/BHAUTOMOVILES;active;N/A;N/A;Usado;Negro;N/A;Hidráulica;Delantera;Sí;Sí;Sí;N/A;N/A;N/A;N/A;N/A;N/A;N/A;N/A;N/A;Sí;N/A;N/A;N/A;N/A;N/A;N/A;N/A;N/A;N/A;N/A;N/A;N/A;"2472 mm";"1.2 L";"50 L";5;N/A;N/A;N/A;N/A;N/A;N/A;N/A;N/A;N/A;N/A;N/A;N/A;N/A;N/A;N/A;N/A;N/A;N/A;N/A;N/A;N/A;N/A;N/A;N/A;N/A;N/A;N/A;N/A;N/A;N/A;N/A;N/A;N/A;N/A;N/A;N/A;N/A;N/A;N/A;N/A;N/A;N/A;N/A;N/A;N/A;"1417 mm";"3811 mm";N/A;N/A;N/A;N/A;5;"75 hp";Authentique;N/A;4;"1639 mm";N/A;N/A;N/A;N/A;N/A;N/A;N/A;N/A;N/A;N/A;N/A;N/A;N/A;N/A;N/A;N/A;Sí;N/A;5;1.2;Nafta;Manual;Hatchback;"Autos y camionetas";Sí;N/A;N/A;N/A;N/A;N/A;UY;N/A;N/A;N/A;N/A;N/A;N/A;N/A;N/A;N/A;N/A;N/A;N/A;N/A;N/A;N/A;N/A;N/A;N/A;N/A;N/A;N/A;N/A;N/A;N/A;N/A;N/A;N/A;N/A;N/A;N/A;N/A;N/A;N/A;N/A;N/A;N/A;N/A;N/A;N/A;N/A;N/A;N/A;N/A;N/A;N/A;N/A;N/A;N/A;N/A;N/A;N/A;N/A;N/A;N/A;N/A;N/A;N/A;N/A;N/A;N/A;N/A;N/A;N/A;N/A;N/A;N/A;N/A;N/A;N/A;N/A;N/A;N/A;N/A;N/A;N/A;N/A;N/A;N/A;N/A;N/A;N/A;N/A;N/A;N/A;N/A;N/A;N/A;N/A;N/A;Sí;N/A;N/A;N/A;Sí;N/A;N/A;N/A;N/A;Sí;N/A;N/A;N/A;N/A;N/A;N/A;N/A;N/A;N/A;N/A;N/A;N/A;N/A;N/A;N/A;N/A
Renault;Oroch;4x4;2020;"70000 km";;"DANIEL RODRIGUEZ16";20500;;;;;Tacuarembó;https://auto.mercadolibre.com.uy/MLU-692406978-renault-oroch-4x4-_JM;N/A;;"Renault Oroch 4x4";USD;Sí;gold;false;N/A;N/A;http://perfil.mercadolibre.com.uy/DANIEL+RODRIGUEZ16;active;N/A;N/A;Usado;N/A;N/A;N/A;N/A;N/A;N/A;N/A;N/A;N/A;N/A;N/A;N/A;N/A;N/A;N/A;N/A;N/A;N/A;N/A;N/A;N/A;N/A;N/A;N/A;N/A;N/A;N/A;N/A;N/A;N/A;N/A;N/A;N/A;N/A;N/A;N/A;N/A;N/A;N/A;N/A;N/A;N/A;N/A;N/A;N/A;N/A;N/A;N/A;N/A;N/A;N/A;N/A;N/A;N/A;N/A;N/A;N/A;N/A;N/A;N/A;N/A;N/A;N/A;N/A;N/A;N/A;N/A;N/A;N/A;N/A;N/A;N/A;N/A;N/A;N/A;N/A;N/A;N/A;N/A;N/A;N/A;N/A;N/A;N/A;N/A;N/A;N/A;N/A;N/A;N/A;N/A;N/A;N/A;N/A;N/A;N/A;N/A;N/A;N/A;N/A;N/A;N/A;N/A;N/A;N/A;N/A;N/A;N/A;4;N/A;Nafta;N/A;N/A;"Autos y camionetas";N/A;N/A;N/A;N/A;N/A;N/A;N/A;N/A;N/A;N/A;N/A;N/A;N/A;N/A;N/A;N/A;N/A;N/A;N/A;N/A;N/A;N/A;N/A;N/A;N/A;N/A;N/A;N/A;N/A;N/A;N/A;N/A;N/A;N/A;N/A;N/A;N/A;N/A;N/A;N/A;N/A;N/A;N/A;N/A;N/A;N/A;N/A;N/A;N/A;N/A;N/A;N/A;N/A;N/A;N/A;N/A;N/A;N/A;N/A;N/A;N/A;N/A;N/A;N/A;N/A;N/A;N/A;N/A;N/A;N/A;N/A;N/A;N/A;N/A;N/A;N/A;N/A;N/A;N/A;N/A;N/A;N/A;N/A;N/A;N/A;N/A;N/A;N/A;N/A;N/A;N/A;N/A;N/A;N/A;N/A;N/A;N/A;N/A;N/A;N/A;N/A;N/A;N/A;N/A;N/A;N/A;N/A;N/A;N/A;N/A;N/A;N/A;N/A;N/A;N/A;N/A;N/A;N/A;N/A;N/A;N/A;N/A
Renault;"Duster Oroch";"1.3 Tce Intens Outsider Cvt 2Wd";2023;"65000 km";;"RENATOCONTI AUTOMOVILES";26000;;;;;"Parque Miramar";https://auto.mercadolibre.com.uy/MLU-693282992-renault-duster-oroch-2023-13-tce-intens-outsider-cvt-2wd-_JM;N/A;;"Renault Duster Oroch 2023 1.3 Tce Intens Outsider Cvt 2wd";usd;Sí;gold;false;N/A;N/A;http://perfil.mercadolibre.com.uy/RENATOCONTI+AUTOMOVILES;active;N/A;N/A;Usado;N/A;N/A;N/A;4x2;N/A;N/A;N/A;N/A;N/A;N/A;N/A;N/A;N/A;N/A;N/A;N/A;N/A;N/A;N/A;N/A;N/A;N/A;N/A;N/A;N/A;N/A;N/A;N/A;N/A;"2829 mm";"1.3 L";"45 L";N/A;N/A;N/A;N/A;N/A;N/A;N/A;N/A;N/A;N/A;N/A;N/A;N/A;N/A;N/A;N/A;N/A;N/A;N/A;N/A;N/A;N/A;N/A;N/A;N/A;N/A;N/A;N/A;N/A;N/A;N/A;N/A;N/A;N/A;N/A;N/A;N/A;N/A;N/A;N/A;N/A;N/A;N/A;N/A;N/A;N/A;"1631 mm";"4719 mm";N/A;N/A;N/A;N/A;5;"156 hp";"Intens Outsider";N/A;4;"1821 mm";N/A;N/A;N/A;N/A;N/A;N/A;N/A;N/A;N/A;N/A;N/A;N/A;N/A;N/A;N/A;N/A;N/A;N/A;4;1.3;Nafta;Automática;Pick-Up;"Autos y camionetas";N/A;N/A;N/A;N/A;N/A;N/A;UY;N/A;N/A;N/A;N/A;N/A;N/A;N/A;N/A;N/A;N/A;N/A;N/A;N/A;N/A;N/A;N/A;N/A;N/A;N/A;N/A;N/A;N/A;N/A;N/A;N/A;N/A;N/A;N/A;N/A;N/A;N/A;N/A;N/A;N/A;N/A;N/A;N/A;N/A;N/A;N/A;N/A;N/A;N/A;N/A;N/A;N/A;N/A;N/A;N/A;N/A;N/A;N/A;N/A;N/A;N/A;N/A;N/A;N/A;N/A;N/A;N/A;N/A;N/A;N/A;N/A;N/A;N/A;N/A;N/A;N/A;N/A;N/A;N/A;N/A;N/A;N/A;N/A;N/A;N/A;N/A;N/A;N/A;N/A;N/A;N/A;N/A;N/A;N/A;N/A;N/A;N/A;N/A;N/A;N/A;N/A;N/A;N/A;N/A;N/A;N/A;N/A;N/A;N/A;N/A;N/A;N/A;N/A;N/A;N/A;N/A;N/A;N/A;N/A;N/A;N/A
Renault;"Sandero Stepway";1.6;2013;"199319 km";;"CHEVROLET TRINIDAD";11500;;;;;Trinidad;https://auto.mercadolibre.com.uy/MLU-706213876-renault-sandero-stepway-_JM;N/A;;"Renault Sandero Stepway";USD;Sí;gold;false;N/A;N/A;http://perfil.mercadolibre.com.uy/CHEVROLET+TRINIDAD;active;N/A;N/A;Usado;Gris;N/A;Hidráulica;Delantera;Sí;Sí;N/A;N/A;N/A;N/A;N/A;N/A;Sí;N/A;N/A;No;Sí;N/A;N/A;N/A;N/A;N/A;N/A;N/A;N/A;N/A;N/A;N/A;N/A;N/A;N/A;N/A;N/A;N/A;N/A;N/A;N/A;N/A;N/A;N/A;N/A;N/A;N/A;N/A;N/A;N/A;N/A;N/A;N/A;N/A;N/A;N/A;N/A;N/A;N/A;N/A;N/A;N/A;N/A;N/A;N/A;N/A;Sí;N/A;N/A;N/A;N/A;N/A;N/A;N/A;N/A;N/A;N/A;N/A;N/A;N/A;N/A;N/A;N/A;N/A;N/A;N/A;N/A;N/A;N/A;N/A;N/A;N/A;N/A;N/A;N/A;N/A;N/A;Sí;Sí;N/A;Sí;No;N/A;N/A;N/A;N/A;N/A;N/A;N/A;N/A;Sí;N/A;4;1.6;Nafta;Manual;Sedán;"Autos y camionetas";N/A;N/A;N/A;N/A;N/A;N/A;N/A;N/A;Sí;N/A;N/A;N/A;N/A;N/A;N/A;N/A;N/A;N/A;N/A;N/A;N/A;N/A;N/A;N/A;No;N/A;N/A;N/A;N/A;N/A;N/A;N/A;N/A;N/A;N/A;N/A;N/A;N/A;N/A;N/A;N/A;N/A;N/A;N/A;N/A;N/A;N/A;N/A;N/A;N/A;N/A;N/A;N/A;N/A;N/A;N/A;N/A;N/A;N/A;N/A;N/A;N/A;N/A;N/A;N/A;N/A;N/A;N/A;N/A;N/A;N/A;N/A;N/A;N/A;N/A;N/A;N/A;N/A;N/A;N/A;N/A;N/A;N/A;N/A;N/A;N/A;N/A;N/A;N/A;N/A;N/A;N/A;N/A;N/A;N/A;N/A;Sí;Sí;N/A;N/A;Sí;N/A;N/A;N/A;N/A;Sí;No;N/A;Sí;N/A;N/A;N/A;N/A;N/A;Sí;Sí;Sí;N/A;N/A;N/A;N/A;Sí
Renault;Symbol;"1.6 Expression Pack Ii 105cv";2011;"186000 km";;CHECHULEMA;7900;;;;;"San José de Mayo";https://auto.mercadolibre.com.uy/MLU-702790472-renault-symbol-16-expression-pack-ii-105cv-_JM;N/A;;"Renault Symbol 1.6 Expression Pack Ii 105cv";usd;Sí;gold;false;N/A;N/A;http://perfil.mercadolibre.com.uy/CHECHULEMA;active;N/A;N/A;Usado;Gris;No;Hidráulica;Delantera;Sí;Sí;Sí;N/A;N/A;N/A;N/A;N/A;No;N/A;N/A;N/A;Sí;N/A;N/A;N/A;N/A;N/A;N/A;N/A;N/A;N/A;N/A;N/A;N/A;"2473 mm";"1.6 L";"50 L";5;N/A;N/A;N/A;N/A;N/A;N/A;N/A;N/A;N/A;N/A;N/A;N/A;N/A;N/A;N/A;N/A;N/A;N/A;N/A;N/A;N/A;N/A;N/A;N/A;N/A;N/A;N/A;N/A;N/A;N/A;N/A;N/A;N/A;N/A;N/A;N/A;N/A;N/A;N/A;N/A;N/A;N/A;N/A;N/A;N/A;"1439 mm";"4261 mm";N/A;N/A;N/A;N/A;5;"105 hp";Expression;N/A;4;"1672 mm";N/A;N/A;N/A;N/A;N/A;N/A;N/A;Sí;N/A;N/A;N/A;N/A;N/A;N/A;N/A;N/A;N/A;N/A;4;1.6;Nafta;Manual;Sedán;"Autos y camionetas";N/A;N/A;N/A;N/A;N/A;N/A;UY;N/A;N/A;N/A;N/A;N/A;N/A;N/A;N/A;N/A;N/A;N/A;N/A;N/A;N/A;N/A;N/A;N/A;N/A;N/A;N/A;N/A;N/A;N/A;N/A;N/A;N/A;N/A;N/A;N/A;N/A;N/A;N/A;N/A;N/A;N/A;N/A;N/A;N/A;N/A;N/A;N/A;N/A;N/A;N/A;N/A;N/A;N/A;N/A;N/A;N/A;N/A;N/A;N/A;N/A;N/A;N/A;N/A;N/A;N/A;N/A;N/A;N/A;N/A;N/A;N/A;N/A;N/A;N/A;N/A;N/A;N/A;N/A;N/A;N/A;N/A;N/A;N/A;N/A;N/A;N/A;N/A;N/A;N/A;N/A;N/A;N/A;N/A;N/A;N/A;N/A;Sí;N/A;N/A;Sí;N/A;N/A;N/A;N/A;Sí;N/A;N/A;Sí;N/A;N/A;N/A;N/A;N/A;Sí;N/A;N/A;N/A;N/A;Sí;N/A;N/A
Renault;Duster;"2.0 Ph2 4x2 Privilege 143cv";2015;"130000 km";;MRAUTOMOVILES;11900;;;;;Sayago;https://auto.mercadolibre.com.uy/MLU-706194694-renault-duster-20-ph2-4x2-privilege-143cv-_JM;N/A;;"Renault Duster 2.0 Ph2 4x2 Privilege 143cv";usd;Sí;gold;false;N/A;N/A;http://perfil.mercadolibre.com.uy/MRAUTOMOVILES;active;N/A;N/A;Usado;Negro;N/A;Hidráulica;4x2;N/A;N/A;Sí;N/A;N/A;N/A;N/A;N/A;N/A;N/A;N/A;N/A;N/A;N/A;N/A;N/A;N/A;N/A;N/A;N/A;N/A;N/A;N/A;N/A;N/A;"2673 mm";"2 L";"50 L";6;N/A;N/A;N/A;N/A;N/A;N/A;N/A;N/A;N/A;N/A;N/A;N/A;N/A;N/A;N/A;N/A;N/A;N/A;N/A;N/A;N/A;N/A;N/A;N/A;N/A;N/A;N/A;N/A;N/A;N/A;N/A;N/A;N/A;N/A;N/A;N/A;N/A;N/A;N/A;N/A;N/A;N/A;N/A;N/A;N/A;"1683 mm";"4329 mm";N/A;N/A;N/A;N/A;5;"143 hp";Privilege;N/A;4;"1822 mm";"10.8 km/l";N/A;N/A;N/A;N/A;N/A;N/A;N/A;N/A;N/A;N/A;N/A;N/A;N/A;N/A;N/A;N/A;N/A;5;2.0;Nafta;Manual;SUV;"Autos y camionetas";N/A;N/A;N/A;N/A;N/A;N/A;UY;N/A;N/A;N/A;N/A;N/A;N/A;N/A;N/A;N/A;N/A;N/A;N/A;N/A;N/A;N/A;N/A;N/A;N/A;N/A;N/A;N/A;N/A;N/A;N/A;N/A;N/A;N/A;N/A;N/A;N/A;N/A;N/A;N/A;N/A;N/A;N/A;N/A;N/A;N/A;N/A;N/A;N/A;N/A;N/A;N/A;N/A;N/A;N/A;N/A;N/A;N/A;N/A;N/A;N/A;N/A;N/A;N/A;N/A;N/A;N/A;N/A;N/A;N/A;N/A;N/A;N/A;N/A;N/A;N/A;N/A;N/A;N/A;N/A;N/A;N/A;N/A;N/A;N/A;N/A;N/A;N/A;N/A;N/A;N/A;N/A;N/A;N/A;N/A;N/A;N/A;N/A;N/A;N/A;N/A;N/A;N/A;N/A;N/A;N/A;N/A;N/A;N/A;N/A;N/A;N/A;N/A;N/A;N/A;N/A;N/A;N/A;N/A;N/A;N/A;N/A
Renault;"Sandero Stepway";"1.6 Privilege 105cv";2017;"14000 km";;"BYPASS AUTOMOTORES";15490;;;;;Artigas;https://auto.mercadolibre.com.uy/MLU-694181570-renault-sandero-stepway-2017-16-privilege-105cv-_JM;N/A;;"Renault Sandero Stepway 2017 1.6 Privilege 105cv";usd;Sí;gold;false;N/A;N/A;http://perfil.mercadolibre.com.uy/BYPASS+AUTOMOTORES;active;N/A;N/A;Usado;N/A;N/A;Hidráulica;Delantera;N/A;N/A;Sí;N/A;N/A;N/A;N/A;N/A;N/A;N/A;N/A;N/A;N/A;N/A;N/A;N/A;N/A;N/A;N/A;N/A;N/A;N/A;N/A;N/A;N/A;"2590 mm";"1.6 L";"50 L";5;N/A;N/A;N/A;N/A;N/A;N/A;N/A;N/A;N/A;N/A;N/A;N/A;N/A;N/A;N/A;N/A;N/A;N/A;N/A;N/A;N/A;N/A;N/A;N/A;N/A;N/A;N/A;N/A;N/A;N/A;N/A;N/A;N/A;Sí;Sí;Sí;N/A;N/A;N/A;N/A;N/A;N/A;N/A;N/A;N/A;"1559 mm";"4066 mm";N/A;N/A;N/A;N/A;5;"105 hp";Privilege;N/A;4;"1761 mm";"9.3 km/l";Sí;N/A;N/A;N/A;N/A;N/A;Sí;N/A;N/A;N/A;"5.9 km/l";N/A;N/A;N/A;N/A;N/A;N/A;5;1.6;Nafta;Manual;Hatchback;"Autos y camionetas";N/A;N/A;N/A;N/A;N/A;N/A;UY;N/A;N/A;N/A;N/A;N/A;N/A;N/A;N/A;N/A;N/A;N/A;N/A;N/A;N/A;N/A;N/A;N/A;N/A;N/A;N/A;N/A;N/A;N/A;N/A;N/A;N/A;N/A;N/A;N/A;N/A;N/A;N/A;N/A;N/A;N/A;N/A;N/A;N/A;N/A;N/A;N/A;N/A;N/A;N/A;N/A;N/A;N/A;N/A;N/A;N/A;N/A;N/A;N/A;N/A;N/A;N/A;N/A;N/A;N/A;N/A;N/A;N/A;N/A;N/A;N/A;N/A;N/A;N/A;N/A;N/A;N/A;N/A;N/A;N/A;N/A;N/A;N/A;N/A;N/A;N/A;N/A;N/A;N/A;N/A;N/A;N/A;N/A;N/A;N/A;N/A;N/A;N/A;N/A;N/A;N/A;N/A;N/A;N/A;N/A;N/A;N/A;N/A;N/A;N/A;N/A;N/A;N/A;N/A;N/A;N/A;N/A;N/A;N/A;N/A;N/A
Renault;Logan;"1.6 Privilége 105cv";2016;"148000 km";;ADNT11;10400;;;;;"Punta Gorda";https://auto.mercadolibre.com.uy/MLU-704698920-renault-logan-16-privilege-105cv-_JM;N/A;;"Renault Logan 1.6 Privilége 105cv";usd;Sí;gold;false;N/A;N/A;http://perfil.mercadolibre.com.uy/ADNT11;active;N/A;N/A;Usado;Plateado;Sí;Hidráulica;Delantera;N/A;N/A;N/A;N/A;N/A;N/A;N/A;N/A;N/A;N/A;N/A;N/A;N/A;N/A;N/A;N/A;N/A;N/A;N/A;N/A;N/A;N/A;N/A;N/A;N/A;"2635 mm";"1.6 L";"50 L";5;N/A;N/A;N/A;N/A;N/A;N/A;N/A;N/A;N/A;N/A;N/A;N/A;N/A;N/A;N/A;N/A;N/A;N/A;N/A;N/A;N/A;N/A;N/A;N/A;N/A;N/A;N/A;N/A;N/A;N/A;N/A;N/A;N/A;Sí;Sí;Sí;N/A;N/A;N/A;N/A;N/A;N/A;N/A;N/A;N/A;"1529 mm";"4350 mm";N/A;N/A;N/A;N/A;5;"105 hp";Privilege;N/A;4;"1733 mm";"11.8 km/l";N/A;N/A;N/A;N/A;N/A;Sí;Sí;N/A;N/A;N/A;"9.6 km/l";N/A;N/A;N/A;N/A;N/A;N/A;4;1.6;Nafta;Manual;Sedán;"Autos y camionetas";N/A;N/A;N/A;N/A;N/A;N/A;UY;N/A;N/A;N/A;N/A;N/A;N/A;N/A;N/A;N/A;N/A;N/A;N/A;N/A;N/A;N/A;N/A;N/A;N/A;N/A;N/A;N/A;N/A;N/A;N/A;N/A;N/A;N/A;N/A;N/A;N/A;N/A;N/A;N/A;N/A;N/A;N/A;N/A;N/A;N/A;N/A;N/A;N/A;N/A;N/A;N/A;N/A;N/A;N/A;N/A;N/A;N/A;N/A;N/A;N/A;N/A;N/A;N/A;N/A;N/A;N/A;N/A;N/A;N/A;N/A;N/A;N/A;N/A;N/A;N/A;N/A;N/A;N/A;N/A;N/A;N/A;N/A;N/A;N/A;N/A;N/A;N/A;N/A;N/A;N/A;N/A;N/A;N/A;N/A;N/A;N/A;N/A;N/A;N/A;N/A;N/A;N/A;N/A;N/A;N/A;N/A;N/A;N/A;N/A;N/A;N/A;N/A;N/A;N/A;N/A;N/A;N/A;N/A;N/A;N/A;N/A
Renault;"Duster Oroch";"2.0 Dynamique";2018;"132000 km";;CHARLIEDRIVER;15490;;;;;"El Pinar";https://auto.mercadolibre.com.uy/MLU-704537334-renault-oroch-dynamique-20-_JM;N/A;;"Renault Oroch Dynamique 2.0";usd;Sí;gold;false;N/A;N/A;http://perfil.mercadolibre.com.uy/CHARLIEDRIVER;active;N/A;N/A;Usado;Blanco;N/A;Hidráulica;Delantera;Sí;Sí;Sí;N/A;N/A;N/A;N/A;N/A;N/A;N/A;N/A;N/A;Sí;N/A;N/A;N/A;N/A;N/A;N/A;N/A;N/A;N/A;N/A;N/A;N/A;"2829 mm";"1.6 L";"50 L";5;N/A;N/A;N/A;N/A;N/A;N/A;N/A;N/A;N/A;N/A;N/A;N/A;N/A;N/A;N/A;N/A;N/A;N/A;N/A;N/A;N/A;N/A;N/A;N/A;N/A;N/A;N/A;N/A;N/A;N/A;N/A;N/A;N/A;N/A;N/A;N/A;N/A;N/A;N/A;N/A;N/A;N/A;N/A;N/A;N/A;"1683 mm";"4329 mm";N/A;N/A;N/A;N/A;5;"110 hp";Dynamique;N/A;4;"1821 mm";"11.1 km/l";N/A;N/A;N/A;Sí;N/A;N/A;Sí;N/A;N/A;N/A;"10.4 km/l";N/A;N/A;N/A;N/A;Sí;N/A;4;2.0;Nafta;Manual;Pick-Up;"Autos y camionetas";N/A;N/A;N/A;N/A;N/A;N/A;UY;N/A;Sí;N/A;N/A;N/A;N/A;N/A;N/A;N/A;N/A;N/A;N/A;N/A;N/A;N/A;N/A;N/A;N/A;N/A;N/A;N/A;N/A;N/A;N/A;N/A;N/A;N/A;N/A;N/A;N/A;N/A;N/A;N/A;N/A;N/A;N/A;N/A;N/A;N/A;N/A;N/A;N/A;N/A;N/A;N/A;N/A;N/A;N/A;N/A;N/A;N/A;N/A;N/A;N/A;N/A;Sí;N/A;N/A;N/A;N/A;N/A;N/A;N/A;N/A;N/A;N/A;N/A;N/A;N/A;N/A;N/A;N/A;N/A;N/A;N/A;N/A;N/A;N/A;N/A;N/A;N/A;N/A;N/A;N/A;N/A;N/A;N/A;N/A;N/A;Sí;N/A;Sí;N/A;N/A;N/A;N/A;N/A;N/A;Sí;N/A;N/A;Sí;N/A;N/A;Sí;Sí;Sí;Sí;Sí;Sí;N/A;N/A;Sí;N/A;Sí
Renault;"Sandero Stepway";"1.6 Dynamique 105cv";2012;"140000 km";;JOPE1955;9800;;;;;Maldonado;https://auto.mercadolibre.com.uy/MLU-702732224-renault-sandero-16-16v-stepway-_JM;N/A;;"Renault Sandero 1.6 16v Stepway";usd;Sí;gold;false;N/A;N/A;http://perfil.mercadolibre.com.uy/JOPE1955;active;N/A;N/A;Usado;Rojo;N/A;Hidráulica;Delantera;N/A;N/A;Sí;N/A;N/A;N/A;N/A;N/A;Sí;N/A;N/A;N/A;N/A;N/A;N/A;N/A;N/A;N/A;N/A;N/A;N/A;N/A;N/A;N/A;N/A;"2588 mm";"1.6 L";"50 L";5;N/A;N/A;N/A;N/A;N/A;N/A;N/A;N/A;N/A;N/A;N/A;N/A;N/A;N/A;N/A;N/A;N/A;N/A;N/A;N/A;N/A;N/A;N/A;N/A;N/A;N/A;N/A;N/A;N/A;N/A;N/A;N/A;N/A;N/A;N/A;N/A;N/A;N/A;N/A;N/A;N/A;N/A;N/A;N/A;N/A;"1630 mm";"4091 mm";N/A;N/A;N/A;N/A;5;"105 hp";Dynamique;N/A;4;"1751 mm";"9.3 km/l";N/A;N/A;N/A;N/A;N/A;Sí;Sí;N/A;N/A;N/A;"5.9 km/l";N/A;N/A;N/A;N/A;N/A;N/A;5;1.6;Nafta;Manual;Hatchback;"Autos y camionetas";N/A;N/A;N/A;N/A;N/A;N/A;UY;N/A;N/A;N/A;N/A;N/A;N/A;N/A;N/A;N/A;N/A;N/A;N/A;N/A;N/A;N/A;N/A;N/A;N/A;N/A;N/A;N/A;N/A;N/A;N/A;N/A;N/A;N/A;N/A;N/A;N/A;N/A;N/A;N/A;N/A;N/A;N/A;N/A;N/A;N/A;N/A;N/A;N/A;N/A;N/A;N/A;N/A;N/A;N/A;N/A;N/A;N/A;N/A;N/A;N/A;N/A;N/A;N/A;N/A;N/A;N/A;N/A;N/A;N/A;N/A;N/A;N/A;N/A;N/A;N/A;N/A;N/A;N/A;N/A;N/A;N/A;N/A;N/A;N/A;N/A;N/A;N/A;N/A;N/A;N/A;N/A;N/A;N/A;N/A;N/A;N/A;N/A;N/A;N/A;N/A;N/A;N/A;N/A;N/A;N/A;N/A;N/A;N/A;N/A;N/A;N/A;Sí;N/A;N/A;N/A;N/A;N/A;N/A;Sí;N/A;N/A
Renault;"Duster Oroch";"1.6 Dynamique";2021;"78000 km";;FRIPPNATALIA20220421153136;19000;;;;;Libertad;https://auto.mercadolibre.com.uy/MLU-702755966-renault-duster-oroch-16-dynamique-_JM;N/A;;"Renault Duster Oroch 1.6 Dynamique";usd;Sí;gold;false;N/A;N/A;http://perfil.mercadolibre.com.uy/FRIPPNATALIA20220421153136;active;N/A;N/A;Usado;Gris;Sí;Hidráulica;4x2;Sí;Sí;Sí;N/A;N/A;N/A;N/A;N/A;No;N/A;N/A;N/A;Sí;N/A;N/A;N/A;N/A;N/A;N/A;N/A;N/A;N/A;N/A;N/A;N/A;"2829 mm";"1.6 L";"50 L";5;N/A;N/A;N/A;N/A;N/A;Sí;N/A;N/A;N/A;N/A;N/A;N/A;N/A;N/A;N/A;N/A;N/A;N/A;N/A;N/A;N/A;N/A;N/A;N/A;N/A;N/A;N/A;N/A;N/A;Sí;N/A;N/A;N/A;N/A;N/A;N/A;N/A;N/A;N/A;N/A;N/A;N/A;N/A;N/A;N/A;"1683 mm";"4329 mm";N/A;N/A;N/A;N/A;5;"110 hp";Dynamique;N/A;4;"1821 mm";"11.1 km/l";N/A;N/A;Sí;N/A;N/A;N/A;N/A;N/A;N/A;N/A;"10.4 km/l";N/A;Sí;N/A;N/A;N/A;N/A;4;1.6;Nafta;Manual;SUV;"Autos y camionetas";N/A;N/A;N/A;N/A;N/A;N/A;UY;N/A;N/A;N/A;N/A;N/A;N/A;N/A;N/A;N/A;N/A;N/A;N/A;N/A;N/A;N/A;N/A;N/A;N/A;N/A;N/A;N/A;N/A;N/A;N/A;N/A;N/A;N/A;N/A;N/A;N/A;N/A;N/A;N/A;N/A;N/A;N/A;N/A;N/A;N/A;N/A;N/A;N/A;N/A;N/A;N/A;N/A;N/A;N/A;N/A;N/A;N/A;N/A;N/A;N/A;N/A;N/A;N/A;N/A;N/A;N/A;N/A;N/A;N/A;N/A;N/A;N/A;N/A;N/A;N/A;N/A;N/A;N/A;N/A;N/A;N/A;N/A;N/A;N/A;N/A;N/A;N/A;N/A;N/A;N/A;N/A;N/A;N/A;N/A;N/A;Sí;Sí;Sí;N/A;Sí;N/A;N/A;N/A;N/A;Sí;N/A;N/A;Sí;N/A;N/A;N/A;Sí;Sí;Sí;Sí;Sí;N/A;N/A;Sí;N/A;Sí
Renault;"Duster Oroch";Expression;2019;"51000 km";;AEROCAR_RAMBLA;15990;;;;;"Barra de Carrasco";https://auto.mercadolibre.com.uy/MLU-706077896-renault-oroch-expression-16-2019-impecable-aerocar-_JM;N/A;;"Renault Oroch Expression 1.6 2019 Impecable! Aerocar";USD;Sí;silver;false;N/A;N/A;http://perfil.mercadolibre.com.uy/AEROCAR_RAMBLA;active;N/A;N/A;Usado;"Gris oscuro";N/A;Hidráulica;N/A;Sí;Sí;Sí;N/A;N/A;N/A;Sí;Sí;N/A;Sí;Sí;N/A;Sí;N/A;Sí;N/A;N/A;N/A;N/A;N/A;N/A;N/A;N/A;N/A;N/A;N/A;"1600 cc";N/A;5;N/A;N/A;N/A;N/A;N/A;N/A;Sí;N/A;N/A;N/A;N/A;N/A;N/A;N/A;N/A;N/A;N/A;N/A;N/A;N/A;N/A;N/A;N/A;Sí;N/A;N/A;N/A;Sí;N/A;Sí;N/A;N/A;N/A;N/A;N/A;N/A;Sí;N/A;N/A;N/A;N/A;N/A;N/A;N/A;N/A;N/A;N/A;N/A;N/A;N/A;N/A;N/A;N/A;N/A;N/A;N/A;N/A;"14 km/l";N/A;N/A;Sí;Sí;N/A;Sí;N/A;Sí;N/A;N/A;"16 km/l";Sí;N/A;N/A;N/A;N/A;"Lun. a Vie. de 9 a 19 hs. Sáb. de 10 a 14 hs.";5;1.6;Nafta;Manual;Pick-Up;"Autos y camionetas";No;N/A;N/A;N/A;No;N/A;N/A;No;Sí;No;No;N/A;N/A;N/A;N/A;N/A;N/A;N/A;N/A;N/A;N/A;N/A;N/A;N/A;N/A;N/A;N/A;N/A;N/A;N/A;N/A;N/A;N/A;N/A;N/A;N/A;N/A;N/A;N/A;N/A;N/A;N/A;N/A;N/A;N/A;N/A;N/A;N/A;N/A;N/A;N/A;N/A;N/A;Sí;N/A;N/A;N/A;N/A;N/A;N/A;N/A;N/A;No;N/A;N/A;N/A;N/A;N/A;N/A;N/A;N/A;N/A;N/A;N/A;N/A;N/A;N/A;N/A;N/A;N/A;N/A;N/A;N/A;N/A;N/A;N/A;N/A;N/A;N/A;N/A;N/A;N/A;N/A;N/A;N/A;N/A;Sí;N/A;Sí;N/A;Sí;N/A;N/A;N/A;Sí;Sí;Sí;Sí;N/A;N/A;N/A;N/A;N/A;N/A;Sí;Sí;Sí;Sí;N/A;Sí;N/A;Sí
Renault;"Mégane II";Privilege;2008;"175000 km";;AEROCAR2020;8990;;;;;"Barra de Carrasco";https://auto.mercadolibre.com.uy/MLU-706226976-renault-megane-ii-privilege-20-2008-impecable-aerocar-_JM;N/A;;"Renault Mégane Ii Privilege 2.0 2008 Impecable! Aerocar";usd;Sí;silver;false;N/A;N/A;http://perfil.mercadolibre.com.uy/AEROCAR2020;active;N/A;N/A;Usado;Blanco;N/A;Hidráulica;N/A;Sí;Sí;Sí;N/A;N/A;N/A;Sí;Sí;N/A;N/A;N/A;N/A;Sí;N/A;N/A;N/A;N/A;N/A;N/A;N/A;N/A;N/A;N/A;N/A;N/A;N/A;"2000 cc";N/A;6;N/A;N/A;N/A;N/A;N/A;N/A;N/A;N/A;N/A;N/A;N/A;N/A;N/A;N/A;N/A;N/A;N/A;N/A;N/A;N/A;N/A;N/A;N/A;Sí;N/A;N/A;N/A;N/A;N/A;N/A;N/A;N/A;N/A;N/A;N/A;N/A;Sí;N/A;N/A;N/A;N/A;N/A;N/A;N/A;N/A;N/A;N/A;N/A;N/A;N/A;N/A;N/A;N/A;Privilege;N/A;N/A;N/A;N/A;N/A;N/A;N/A;Sí;Sí;Sí;Sí;Sí;N/A;N/A;N/A;N/A;N/A;N/A;N/A;N/A;"Lun. a Vie. de 9 a 19 hs. Sáb. y Dom. de 10 a 18 hs.";4;2.0;Nafta;Manual;Sedán;"Autos y camionetas";No;N/A;N/A;N/A;No;N/A;UY;No;Sí;No;No;N/A;N/A;N/A;N/A;N/A;N/A;N/A;N/A;N/A;N/A;N/A;N/A;N/A;N/A;N/A;N/A;N/A;N/A;N/A;N/A;N/A;N/A;N/A;N/A;N/A;N/A;N/A;N/A;N/A;N/A;N/A;N/A;N/A;N/A;N/A;N/A;N/A;N/A;N/A;N/A;N/A;N/A;N/A;N/A;N/A;N/A;N/A;N/A;N/A;N/A;N/A;No;N/A;N/A;N/A;N/A;N/A;N/A;N/A;N/A;N/A;N/A;N/A;N/A;N/A;N/A;N/A;N/A;N/A;N/A;N/A;N/A;N/A;N/A;N/A;N/A;N/A;N/A;N/A;N/A;N/A;N/A;N/A;N/A;N/A;Sí;Sí;Sí;N/A;Sí;N/A;Sí;N/A;Sí;Sí;N/A;N/A;N/A;N/A;N/A;N/A;Sí;N/A;Sí;Sí;N/A;N/A;N/A;N/A;N/A;N/A
Renault;Kwid;-;2019;"44000 km";;AEROCAR_RAMBLA;11490;;;;;"Barra de Carrasco";https://auto.mercadolibre.com.uy/MLU-705306626-renault-kwid-10-2019-impecable-aerocar-_JM;N/A;;"Renault Kwid 1.0 2019 Impecable! Aerocar";usd;Sí;silver;false;N/A;N/A;http://perfil.mercadolibre.com.uy/AEROCAR_RAMBLA;active;N/A;N/A;Usado;Blanco;N/A;Hidráulica;N/A;Sí;N/A;N/A;N/A;N/A;N/A;Sí;N/A;N/A;N/A;Sí;N/A;N/A;N/A;N/A;N/A;N/A;N/A;N/A;N/A;N/A;N/A;N/A;N/A;N/A;N/A;"1000 cc";N/A;5;N/A;N/A;N/A;N/A;N/A;N/A;N/A;N/A;N/A;N/A;N/A;N/A;N/A;N/A;N/A;N/A;N/A;N/A;N/A;N/A;N/A;N/A;N/A;N/A;N/A;Sí;N/A;N/A;N/A;N/A;N/A;N/A;N/A;N/A;N/A;N/A;N/A;N/A;N/A;N/A;N/A;N/A;N/A;N/A;N/A;N/A;N/A;N/A;N/A;N/A;N/A;N/A;N/A;N/A;N/A;N/A;N/A;N/A;N/A;N/A;N/A;Sí;N/A;N/A;N/A;N/A;N/A;N/A;N/A;N/A;N/A;N/A;N/A;Sí;"Lun. a Vie. de 9 a 19 hs. Sáb. de 10 a 14 hs.";5;1.0;Nafta;Manual;Hatchback;"Autos y camionetas";No;N/A;N/A;N/A;No;N/A;UY;No;Sí;No;No;N/A;N/A;N/A;N/A;N/A;N/A;N/A;N/A;N/A;N/A;N/A;N/A;N/A;N/A;N/A;N/A;N/A;N/A;N/A;N/A;N/A;N/A;N/A;N/A;N/A;N/A;N/A;N/A;N/A;N/A;N/A;N/A;N/A;N/A;N/A;N/A;N/A;N/A;N/A;N/A;N/A;N/A;N/A;N/A;N/A;N/A;N/A;N/A;N/A;N/A;N/A;No;N/A;N/A;N/A;N/A;N/A;N/A;N/A;N/A;N/A;N/A;N/A;N/A;N/A;N/A;N/A;N/A;N/A;N/A;N/A;N/A;N/A;N/A;N/A;N/A;N/A;N/A;N/A;N/A;N/A;N/A;N/A;N/A;N/A;Sí;N/A;N/A;N/A;Sí;N/A;N/A;N/A;N/A;Sí;N/A;N/A;N/A;N/A;Sí;N/A;N/A;N/A;Sí;Sí;Sí;N/A;N/A;N/A;N/A;Sí
Renault;Oroch;"INTENSE OUTSIDER 1.6 MT";2025;"0 km";;"VIDESOL S.A.";25000;;;;;"Colonia del Sacramento";https://auto.mercadolibre.com.uy/MLU-647480903-renault-oroch-intense-outsider-16-mt-_JM;N/A;;"Renault  Oroch  Intense  Outsider  1.6 Mt";USD;Sí;silver;false;N/A;N/A;http://perfil.mercadolibre.com.uy/VIDESOL+S.A.;active;N/A;N/A;Nuevo;Gris;N/A;Asistida;Delantera;Sí;Sí;N/A;N/A;N/A;Sí;N/A;N/A;No;N/A;N/A;Sí;Sí;N/A;Sí;N/A;N/A;N/A;N/A;N/A;N/A;N/A;N/A;N/A;N/A;N/A;N/A;N/A;N/A;N/A;N/A;N/A;N/A;N/A;Sí;N/A;N/A;N/A;N/A;N/A;N/A;N/A;N/A;N/A;N/A;N/A;N/A;N/A;N/A;N/A;N/A;N/A;N/A;N/A;N/A;N/A;N/A;N/A;Sí;N/A;N/A;N/A;N/A;N/A;N/A;N/A;N/A;N/A;N/A;N/A;N/A;N/A;N/A;N/A;N/A;N/A;N/A;N/A;N/A;N/A;N/A;N/A;N/A;N/A;N/A;N/A;N/A;No;N/A;Sí;Sí;N/A;Sí;Sí;N/A;No;N/A;N/A;Sí;Sí;N/A;N/A;Sí;"08.00 A 21.00";4;N/A;Nafta;Manual;N/A;"Autos y camionetas";N/A;N/A;N/A;N/A;N/A;N/A;N/A;N/A;N/A;N/A;N/A;N/A;N/A;N/A;N/A;N/A;N/A;N/A;N/A;N/A;N/A;N/A;N/A;N/A;Sí;N/A;N/A;N/A;N/A;N/A;N/A;N/A;N/A;N/A;N/A;N/A;N/A;N/A;N/A;N/A;N/A;N/A;N/A;N/A;N/A;N/A;N/A;N/A;N/A;N/A;N/A;N/A;N/A;N/A;N/A;N/A;N/A;N/A;N/A;N/A;N/A;N/A;N/A;N/A;N/A;N/A;N/A;N/A;N/A;N/A;N/A;N/A;N/A;N/A;N/A;N/A;N/A;N/A;N/A;N/A;N/A;N/A;N/A;N/A;N/A;N/A;N/A;N/A;N/A;N/A;N/A;N/A;N/A;N/A;N/A;No;Sí;Sí;Sí;N/A;Sí;N/A;N/A;N/A;N/A;Sí;No;Sí;Sí;N/A;N/A;Sí;Sí;Sí;Sí;Sí;Sí;No;No;No;N/A;Sí
Renault;"Sandero Stepway";Privilege;2020;"49766 km";;SILCA_2;14700;;;;;"Tres Cruces";https://auto.mercadolibre.com.uy/MLU-704758972-renault-sandero-stepway-privilege-2020-_JM;N/A;;"Renault Sandero Stepway Privilege 2020";usd;Sí;silver;false;N/A;N/A;http://perfil.mercadolibre.com.uy/SILCA_2;active;N/A;N/A;Usado;Plateado;Sí;Hidráulica;N/A;Sí;Sí;Sí;N/A;N/A;N/A;Sí;N/A;N/A;N/A;Sí;Sí;Sí;N/A;N/A;N/A;N/A;N/A;N/A;N/A;N/A;N/A;N/A;N/A;N/A;N/A;"1600 cc";N/A;5;N/A;N/A;N/A;N/A;N/A;N/A;N/A;N/A;N/A;N/A;N/A;N/A;N/A;N/A;N/A;N/A;N/A;N/A;N/A;N/A;N/A;N/A;N/A;Sí;N/A;Sí;N/A;N/A;N/A;Sí;N/A;N/A;N/A;N/A;N/A;N/A;Sí;N/A;N/A;N/A;N/A;N/A;N/A;N/A;N/A;N/A;N/A;N/A;N/A;N/A;N/A;N/A;N/A;Privilege;N/A;N/A;N/A;N/A;N/A;N/A;N/A;Sí;Sí;Sí;Sí;Sí;N/A;N/A;N/A;N/A;N/A;N/A;N/A;Sí;"Lun. a Vie. de 9 a 19:00 hs. Sáb. de 10 a 13:30 hs";5;1.6;Nafta;Manual;Hatchback;"Autos y camionetas";No;N/A;N/A;N/A;No;N/A;UY;No;Sí;No;No;N/A;N/A;N/A;N/A;N/A;N/A;N/A;N/A;N/A;N/A;N/A;N/A;N/A;N/A;N/A;N/A;N/A;N/A;N/A;N/A;N/A;N/A;N/A;N/A;N/A;N/A;N/A;N/A;N/A;N/A;N/A;N/A;N/A;N/A;N/A;N/A;N/A;N/A;N/A;N/A;N/A;N/A;N/A;N/A;N/A;N/A;N/A;N/A;N/A;N/A;N/A;No;N/A;N/A;N/A;N/A;N/A;N/A;N/A;N/A;N/A;N/A;N/A;N/A;N/A;N/A;N/A;N/A;N/A;N/A;N/A;N/A;N/A;N/A;N/A;N/A;N/A;N/A;N/A;N/A;N/A;N/A;N/A;N/A;N/A;Sí;N/A;Sí;N/A;Sí;N/A;N/A;N/A;Sí;Sí;N/A;Sí;N/A;N/A;N/A;N/A;N/A;N/A;Sí;Sí;Sí;N/A;N/A;Sí;N/A;Sí
Renault;"Duster Oroch";Expression;2018;"156000 km";;"VIPERCAR AUTOMOVILES_3";15700;;;;;Centro;https://auto.mercadolibre.com.uy/MLU-704796588-renault-oroch-expression-16-2018-impecable-_JM;N/A;;"Renault Oroch Expression 1.6 2018 Impecable!";USD;Sí;silver;false;N/A;N/A;http://perfil.mercadolibre.com.uy/VIPERCAR+AUTOMOVILES_3;active;N/A;N/A;Usado;Plateado;N/A;Hidráulica;N/A;Sí;N/A;Sí;N/A;N/A;N/A;N/A;N/A;N/A;N/A;N/A;N/A;Sí;N/A;N/A;N/A;N/A;N/A;N/A;N/A;N/A;N/A;N/A;N/A;N/A;N/A;"1600 cc";N/A;5;N/A;N/A;N/A;N/A;Sí;N/A;N/A;N/A;N/A;N/A;N/A;N/A;N/A;N/A;N/A;N/A;N/A;N/A;N/A;N/A;N/A;N/A;N/A;Sí;N/A;N/A;N/A;N/A;N/A;N/A;N/A;N/A;N/A;N/A;N/A;N/A;Sí;N/A;N/A;N/A;N/A;N/A;N/A;N/A;N/A;N/A;N/A;N/A;N/A;N/A;N/A;N/A;N/A;N/A;N/A;N/A;N/A;N/A;N/A;N/A;N/A;N/A;N/A;N/A;N/A;N/A;N/A;N/A;N/A;N/A;N/A;Sí;Sí;N/A;"Lun a Vie de 9 a 12:30 y de 13:30 a 19. Sáb de 9 a 13 hs.";4;1.6;Nafta;Manual;Pick-Up;"Autos y camionetas";No;N/A;N/A;N/A;No;N/A;N/A;No;Sí;No;No;N/A;N/A;N/A;N/A;N/A;N/A;N/A;N/A;N/A;N/A;N/A;N/A;N/A;N/A;N/A;N/A;N/A;N/A;N/A;N/A;N/A;N/A;N/A;N/A;N/A;N/A;N/A;N/A;N/A;N/A;N/A;N/A;N/A;N/A;N/A;N/A;N/A;N/A;N/A;N/A;N/A;N/A;N/A;N/A;N/A;N/A;N/A;N/A;N/A;N/A;N/A;No;N/A;N/A;N/A;N/A;N/A;N/A;N/A;N/A;N/A;N/A;N/A;N/A;N/A;N/A;N/A;N/A;N/A;N/A;N/A;N/A;N/A;N/A;N/A;N/A;N/A;N/A;N/A;N/A;N/A;N/A;N/A;N/A;N/A;Sí;N/A;N/A;N/A;Sí;Sí;N/A;N/A;N/A;Sí;N/A;N/A;N/A;N/A;N/A;Sí;N/A;N/A;Sí;N/A;Sí;N/A;N/A;N/A;N/A;N/A
Renault;"Duster Oroch";Expression;2022;"56000 km";;SHOPPINGDEUSADOSSALTO;19900;;;;;Salto;https://auto.mercadolibre.com.uy/MLU-703986754-renault-oroch-expression-16-2022-impecable-_JM;N/A;;"Renault Oroch Expression 1.6 2022 Impecable!";USD;Sí;silver;false;N/A;N/A;http://perfil.mercadolibre.com.uy/SHOPPINGDEUSADOSSALTO;active;N/A;N/A;Usado;Plateado;Sí;Hidráulica;Delantera;Sí;Sí;N/A;N/A;N/A;N/A;Sí;N/A;N/A;N/A;N/A;N/A;Sí;N/A;N/A;N/A;N/A;N/A;N/A;N/A;N/A;N/A;N/A;N/A;N/A;N/A;"1600 cc";N/A;5;N/A;N/A;N/A;N/A;N/A;N/A;N/A;N/A;N/A;N/A;N/A;N/A;N/A;N/A;N/A;N/A;N/A;N/A;N/A;N/A;N/A;N/A;N/A;N/A;N/A;Sí;N/A;N/A;N/A;N/A;N/A;N/A;N/A;N/A;N/A;N/A;N/A;N/A;N/A;N/A;N/A;N/A;N/A;N/A;N/A;N/A;N/A;N/A;N/A;N/A;N/A;N/A;N/A;N/A;N/A;N/A;N/A;"10 km/l";N/A;N/A;N/A;N/A;N/A;N/A;N/A;N/A;N/A;N/A;"15 km/l";N/A;N/A;N/A;Sí;N/A;"Lun a Vie de 8:30 a 12:30 y 14:30 a 18:30. Sáb de 9 a 13 hs";4;1.6;Nafta;Manual;Pick-Up;"Autos y camionetas";No;N/A;N/A;N/A;No;N/A;N/A;No;Sí;No;No;N/A;N/A;N/A;N/A;N/A;N/A;N/A;N/A;N/A;N/A;N/A;N/A;N/A;N/A;N/A;N/A;N/A;N/A;N/A;N/A;N/A;N/A;N/A;N/A;N/A;N/A;N/A;N/A;N/A;N/A;N/A;N/A;N/A;N/A;N/A;N/A;N/A;N/A;N/A;N/A;N/A;N/A;N/A;N/A;N/A;N/A;N/A;N/A;N/A;N/A;N/A;No;N/A;N/A;N/A;N/A;N/A;N/A;N/A;N/A;N/A;N/A;N/A;N/A;N/A;N/A;N/A;N/A;N/A;N/A;N/A;N/A;N/A;N/A;N/A;N/A;N/A;N/A;N/A;N/A;N/A;N/A;N/A;N/A;N/A;Sí;Sí;Sí;N/A;Sí;N/A;Sí;N/A;Sí;Sí;N/A;Sí;N/A;N/A;N/A;N/A;N/A;N/A;Sí;Sí;Sí;N/A;N/A;Sí;Sí;Sí
Renault;"Duster Oroch";DINAMIQUE;2019;"108000 km";;SHOPPINGDEUSADOSSALTO;18900;;;;;Salto;https://auto.mercadolibre.com.uy/MLU-703807400-renault-oroch-dinamique-20-2019-impecable-_JM;N/A;;"Renault Oroch Dinamique 2.0 2019 Impecable!";usd;Sí;silver;false;N/A;N/A;http://perfil.mercadolibre.com.uy/SHOPPINGDEUSADOSSALTO;active;N/A;N/A;Usado;"Gris oscuro";N/A;Hidráulica;4x4;Sí;Sí;N/A;N/A;N/A;N/A;Sí;N/A;N/A;N/A;N/A;N/A;Sí;N/A;N/A;N/A;N/A;N/A;N/A;N/A;N/A;N/A;N/A;N/A;N/A;N/A;"2000 cc";N/A;6;N/A;N/A;N/A;N/A;N/A;N/A;N/A;N/A;N/A;N/A;N/A;N/A;N/A;N/A;N/A;N/A;N/A;N/A;N/A;N/A;N/A;N/A;N/A;N/A;N/A;Sí;N/A;N/A;N/A;N/A;N/A;N/A;N/A;N/A;N/A;N/A;N/A;N/A;N/A;N/A;N/A;N/A;N/A;N/A;N/A;N/A;N/A;N/A;N/A;N/A;N/A;N/A;N/A;N/A;N/A;N/A;N/A;"9 km/l";N/A;N/A;N/A;N/A;N/A;N/A;N/A;N/A;N/A;N/A;"13 km/l";N/A;N/A;Sí;Sí;N/A;"Lun a Vie de 8:30 a 12:30 y 14:30 a 18:30. Sáb de 9 a 13 hs";4;2.0;Nafta;Manual;Pick-Up;"Autos y camionetas";No;N/A;N/A;N/A;No;N/A;UY;No;Sí;No;No;N/A;N/A;N/A;N/A;N/A;N/A;N/A;N/A;N/A;N/A;N/A;N/A;N/A;N/A;N/A;N/A;N/A;N/A;N/A;N/A;N/A;N/A;N/A;N/A;N/A;N/A;N/A;N/A;N/A;N/A;N/A;N/A;N/A;N/A;N/A;N/A;N/A;N/A;N/A;N/A;N/A;N/A;N/A;N/A;N/A;N/A;N/A;N/A;N/A;N/A;N/A;No;N/A;N/A;N/A;N/A;N/A;N/A;N/A;N/A;N/A;N/A;N/A;N/A;N/A;N/A;N/A;N/A;N/A;N/A;N/A;N/A;N/A;N/A;N/A;N/A;N/A;N/A;N/A;N/A;N/A;Sí;N/A;N/A;N/A;Sí;Sí;Sí;N/A;Sí;N/A;Sí;N/A;Sí;Sí;N/A;N/A;N/A;N/A;N/A;N/A;Sí;N/A;Sí;Sí;Sí;N/A;N/A;Sí;N/A;Sí
Renault;Oroch;"1.3 Tce Intens Outsider 4Wd Mt";2024;"43200 km";;MACROMOTORS;25800;;;;;Young;https://auto.mercadolibre.com.uy/MLU-703792300-renault-oroch-intense-outsider-4x4-_JM;N/A;;"Renault Oroch Intense Outsider 4x4";usd;Sí;silver;false;N/A;N/A;http://perfil.mercadolibre.com.uy/MACROMOTORS;active;N/A;N/A;Usado;Gris;N/A;N/A;4x4;Sí;Sí;N/A;N/A;N/A;Sí;N/A;N/A;No;N/A;N/A;Sí;Sí;N/A;No;N/A;N/A;N/A;N/A;N/A;N/A;N/A;N/A;N/A;N/A;"2890 mm";"1.3 L";"45 L";6;N/A;N/A;N/A;N/A;N/A;Sí;N/A;N/A;N/A;N/A;N/A;N/A;N/A;N/A;N/A;N/A;N/A;N/A;N/A;N/A;N/A;N/A;N/A;N/A;N/A;N/A;N/A;N/A;N/A;No;N/A;N/A;N/A;N/A;N/A;N/A;N/A;N/A;N/A;N/A;N/A;N/A;N/A;N/A;N/A;"1694 mm";"4719 mm";N/A;N/A;N/A;N/A;5;"156 hp";"Intens Outsider";N/A;4;"1834 mm";N/A;Sí;N/A;Sí;Sí;N/A;Sí;Sí;N/A;No;N/A;N/A;No;Sí;N/A;N/A;No;"8.30 a 18.30";4;1.3;Nafta;Manual;Pick-Up;"Autos y camionetas";N/A;N/A;N/A;N/A;N/A;N/A;UY;N/A;N/A;N/A;N/A;N/A;N/A;N/A;N/A;N/A;N/A;N/A;N/A;N/A;N/A;N/A;N/A;N/A;Sí;N/A;N/A;N/A;N/A;N/A;N/A;N/A;N/A;N/A;N/A;N/A;N/A;N/A;N/A;N/A;N/A;N/A;N/A;N/A;N/A;N/A;N/A;N/A;N/A;N/A;N/A;N/A;N/A;N/A;N/A;N/A;N/A;N/A;N/A;N/A;N/A;N/A;N/A;N/A;N/A;N/A;N/A;N/A;N/A;N/A;N/A;N/A;N/A;N/A;N/A;N/A;N/A;N/A;N/A;N/A;N/A;N/A;N/A;N/A;N/A;N/A;N/A;N/A;N/A;N/A;N/A;N/A;N/A;N/A;N/A;No;Sí;Sí;Sí;N/A;Sí;N/A;N/A;N/A;N/A;Sí;Sí;Sí;Sí;N/A;N/A;Sí;Sí;Sí;Sí;Sí;Sí;No;Sí;Sí;N/A;Sí
Renault;"Kwid E-Tech";E-TECH;2025;"0 km";;"VIDESOL S.A.";23990;;;;;"Colonia del Sacramento";https://auto.mercadolibre.com.uy/MLU-703909222-renault-e-kwid-_JM;N/A;;"Renault  E-kwid  ";USD;Sí;silver;false;N/A;N/A;http://perfil.mercadolibre.com.uy/VIDESOL+S.A.;active;N/A;N/A;Nuevo;Blanco;N/A;Eléctrica;Delantera;Sí;Sí;N/A;N/A;N/A;Sí;N/A;N/A;No;N/A;N/A;Sí;Sí;N/A;Sí;N/A;N/A;N/A;N/A;N/A;N/A;N/A;N/A;N/A;N/A;N/A;N/A;N/A;N/A;N/A;N/A;N/A;N/A;N/A;Sí;N/A;N/A;N/A;N/A;N/A;N/A;N/A;N/A;N/A;N/A;N/A;N/A;N/A;N/A;N/A;N/A;N/A;N/A;N/A;N/A;N/A;N/A;N/A;No;N/A;N/A;N/A;N/A;N/A;N/A;N/A;N/A;N/A;N/A;N/A;N/A;N/A;N/A;N/A;N/A;N/A;N/A;N/A;N/A;N/A;N/A;N/A;N/A;N/A;N/A;N/A;N/A;No;N/A;Sí;Sí;N/A;Sí;Sí;N/A;No;N/A;N/A;No;No;N/A;N/A;Sí;"08.00 A 21.00";5;N/A;Eléctrico;Automática;Monovolumen;"Autos y camionetas";Sí;N/A;N/A;N/A;Sí;N/A;N/A;N/A;Sí;N/A;Sí;N/A;N/A;N/A;N/A;N/A;N/A;N/A;N/A;N/A;N/A;N/A;N/A;N/A;Sí;N/A;N/A;N/A;N/A;N/A;N/A;N/A;N/A;N/A;N/A;N/A;N/A;N/A;N/A;N/A;N/A;N/A;N/A;Sí;N/A;N/A;N/A;N/A;N/A;N/A;N/A;N/A;N/A;N/A;N/A;N/A;N/A;N/A;N/A;N/A;N/A;Sí;Sí;N/A;N/A;N/A;N/A;N/A;N/A;N/A;N/A;N/A;N/A;N/A;N/A;N/A;N/A;N/A;N/A;N/A;N/A;N/A;N/A;N/A;N/A;N/A;N/A;N/A;N/A;N/A;N/A;N/A;N/A;N/A;N/A;No;Sí;Sí;Sí;N/A;Sí;N/A;N/A;N/A;N/A;Sí;No;Sí;Sí;N/A;N/A;Sí;Sí;Sí;Sí;Sí;Sí;No;No;No;N/A;Sí
Renault;Captur;"PRIVILEGE PLUS";2017;"105579 km";;SILCA_SA;16900;;;;;"Tres Cruces";https://auto.mercadolibre.com.uy/MLU-703653984-renault-captur-privilege-plus-2017-_JM;N/A;;"Renault Captur Privilege Plus 2017 ";usd;Sí;silver;false;N/A;N/A;http://perfil.mercadolibre.com.uy/SILCA_SA;active;N/A;N/A;Usado;Rojo;Sí;Hidráulica;N/A;N/A;Sí;Sí;N/A;N/A;N/A;N/A;Sí;Sí;N/A;Sí;Sí;Sí;N/A;Sí;N/A;N/A;N/A;N/A;N/A;N/A;N/A;N/A;N/A;N/A;N/A;"1500 cc";N/A;6;N/A;N/A;Sí;Sí;N/A;Sí;N/A;N/A;N/A;N/A;N/A;N/A;N/A;N/A;N/A;N/A;N/A;N/A;N/A;N/A;N/A;Sí;N/A;N/A;N/A;Sí;N/A;N/A;N/A;N/A;N/A;N/A;N/A;N/A;N/A;N/A;Sí;N/A;N/A;N/A;N/A;N/A;N/A;N/A;N/A;N/A;N/A;N/A;N/A;N/A;N/A;N/A;N/A;Privilege;N/A;N/A;N/A;N/A;N/A;N/A;Sí;Sí;Sí;N/A;N/A;N/A;N/A;N/A;N/A;N/A;N/A;N/A;N/A;Sí;"Lun. a Vie. de 9 a 19:00 hs. Sáb. de 10 a 13:30 hs";4;1.5;Nafta;Automática;SUV;"Autos y camionetas";No;N/A;N/A;N/A;No;N/A;UY;No;Sí;No;No;N/A;N/A;N/A;N/A;N/A;N/A;N/A;N/A;N/A;N/A;N/A;N/A;N/A;N/A;N/A;N/A;N/A;N/A;N/A;N/A;N/A;N/A;N/A;N/A;N/A;N/A;N/A;N/A;N/A;N/A;N/A;N/A;N/A;N/A;N/A;N/A;N/A;N/A;N/A;N/A;N/A;N/A;N/A;N/A;N/A;N/A;N/A;N/A;N/A;N/A;N/A;No;N/A;N/A;N/A;N/A;N/A;N/A;N/A;N/A;N/A;N/A;N/A;N/A;N/A;N/A;N/A;N/A;N/A;N/A;N/A;N/A;N/A;N/A;N/A;N/A;N/A;N/A;N/A;N/A;N/A;N/A;N/A;N/A;N/A;Sí;N/A;Sí;N/A;Sí;N/A;N/A;N/A;N/A;Sí;N/A;N/A;N/A;N/A;N/A;N/A;N/A;N/A;Sí;N/A;Sí;N/A;N/A;N/A;N/A;N/A
Renault;Duster;Intens;2022;"75200 km";;"KLEIST AUTOMOVILES";22500;;;;;"Nueva Helvecia";https://auto.mercadolibre.com.uy/MLU-703236550-renault-duster-intens-16-2022-kleist-automoviles-_JM;N/A;;"Renault Duster Intens 1.6 2022 - Kleist Automóviles";usd;Sí;silver;false;N/A;N/A;http://perfil.mercadolibre.com.uy/KLEIST+AUTOMOVILES;active;N/A;N/A;Usado;Plateado;N/A;Hidráulica;N/A;N/A;Sí;Sí;N/A;N/A;N/A;Sí;N/A;N/A;N/A;Sí;Sí;Sí;N/A;N/A;N/A;N/A;N/A;N/A;N/A;N/A;N/A;N/A;N/A;N/A;N/A;"1600 cc";N/A;5;N/A;N/A;N/A;N/A;Sí;Sí;Sí;N/A;N/A;N/A;N/A;N/A;N/A;N/A;N/A;N/A;N/A;N/A;N/A;N/A;N/A;N/A;N/A;Sí;N/A;Sí;N/A;N/A;N/A;N/A;N/A;N/A;N/A;N/A;N/A;N/A;Sí;N/A;N/A;N/A;N/A;N/A;N/A;N/A;N/A;N/A;N/A;N/A;N/A;N/A;N/A;N/A;N/A;Intens;N/A;N/A;N/A;N/A;N/A;N/A;Sí;Sí;N/A;N/A;Sí;N/A;N/A;N/A;N/A;N/A;N/A;Sí;Sí;N/A;"Lun. a Vie. de 8 a 12 y 14:30 a 18:30. Sáb. de 8 a 12 hs.";5;1.6;Nafta;Manual;SUV;"Autos y camionetas";No;N/A;N/A;N/A;No;N/A;UY;No;Sí;No;No;N/A;N/A;N/A;N/A;N/A;N/A;N/A;N/A;N/A;N/A;N/A;N/A;N/A;Sí;N/A;N/A;N/A;N/A;N/A;N/A;N/A;N/A;N/A;N/A;N/A;N/A;N/A;N/A;N/A;N/A;N/A;N/A;N/A;N/A;N/A;N/A;N/A;N/A;N/A;N/A;N/A;N/A;N/A;N/A;N/A;N/A;N/A;N/A;N/A;N/A;N/A;No;N/A;N/A;N/A;N/A;N/A;N/A;N/A;N/A;N/A;N/A;N/A;N/A;N/A;N/A;N/A;N/A;N/A;N/A;N/A;N/A;N/A;N/A;N/A;N/A;N/A;N/A;N/A;N/A;N/A;Sí;N/A;N/A;N/A;Sí;N/A;Sí;N/A;Sí;N/A;Sí;N/A;Sí;Sí;N/A;Sí;N/A;Sí;N/A;N/A;Sí;N/A;Sí;Sí;Sí;N/A;N/A;Sí;N/A;Sí
Renault;Clio;Expression;2017;"130000 km";;AEROCAR2013;14990;;;;;Carrasco;https://auto.mercadolibre.com.uy/MLU-647126267-renault-clio-iv-expression-12-2017-impecable-interauto-_JM;N/A;;"Renault Clio Iv Expression 1.2 2017 Impecable! Interauto";usd;Sí;silver;false;N/A;N/A;http://perfil.mercadolibre.com.uy/AEROCAR2013;active;N/A;N/A;Usado;"Gris oscuro";N/A;Hidráulica;N/A;Sí;Sí;Sí;N/A;Sí;N/A;Sí;N/A;N/A;Sí;Sí;Sí;Sí;N/A;N/A;N/A;N/A;N/A;N/A;N/A;N/A;N/A;N/A;N/A;N/A;N/A;"1200 cc";N/A;5;N/A;N/A;N/A;N/A;N/A;N/A;Sí;N/A;N/A;N/A;N/A;N/A;N/A;N/A;N/A;N/A;N/A;N/A;N/A;N/A;N/A;N/A;N/A;Sí;N/A;Sí;N/A;N/A;N/A;N/A;N/A;N/A;N/A;N/A;N/A;N/A;N/A;N/A;N/A;N/A;N/A;N/A;Sí;N/A;N/A;N/A;N/A;N/A;N/A;N/A;N/A;N/A;N/A;Expression;N/A;N/A;N/A;"14 km/l";N/A;N/A;N/A;Sí;N/A;Sí;Sí;N/A;N/A;N/A;"18 km/l";N/A;N/A;N/A;N/A;Sí;"Lunes a Domingo de 9 a 18:30 hs";5;1.2;Nafta;Manual;Hatchback;"Autos y camionetas";No;N/A;N/A;N/A;No;N/A;UY;No;Sí;No;No;N/A;N/A;N/A;N/A;N/A;N/A;N/A;N/A;N/A;N/A;N/A;N/A;N/A;N/A;N/A;N/A;N/A;N/A;N/A;N/A;N/A;N/A;N/A;N/A;N/A;N/A;N/A;N/A;N/A;N/A;N/A;N/A;N/A;N/A;N/A;N/A;N/A;N/A;N/A;N/A;N/A;N/A;N/A;N/A;N/A;N/A;N/A;N/A;N/A;N/A;N/A;No;N/A;N/A;N/A;N/A;N/A;N/A;N/A;N/A;N/A;N/A;N/A;N/A;N/A;N/A;N/A;N/A;N/A;N/A;N/A;N/A;N/A;N/A;N/A;N/A;N/A;N/A;N/A;N/A;N/A;Sí;N/A;N/A;N/A;Sí;Sí;Sí;N/A;Sí;N/A;Sí;N/A;Sí;Sí;Sí;Sí;N/A;N/A;N/A;N/A;N/A;N/A;Sí;Sí;Sí;N/A;N/A;Sí;N/A;Sí
Renault;Oroch;"OROCH DYNAMIQUE 1.6 MT";2021;"35000 km";;AMAYAPUNTA;18900;;;;;"Punta del Este";https://auto.mercadolibre.com.uy/MLU-702940278-renault-oroch-dynamique-16-mt-_JM;N/A;;"Renault Oroch Dynamique 1.6 Mt";USD;Sí;silver;false;N/A;N/A;http://perfil.mercadolibre.com.uy/AMAYAPUNTA;active;N/A;N/A;Usado;Blanco;Sí;Hidráulica;4x2;Sí;Sí;N/A;N/A;N/A;N/A;N/A;N/A;N/A;N/A;N/A;N/A;Sí;N/A;N/A;N/A;N/A;N/A;N/A;N/A;N/A;N/A;N/A;N/A;N/A;N/A;N/A;N/A;N/A;N/A;N/A;N/A;N/A;N/A;N/A;N/A;N/A;N/A;N/A;N/A;N/A;N/A;N/A;N/A;N/A;N/A;N/A;N/A;N/A;N/A;N/A;N/A;N/A;N/A;N/A;N/A;N/A;N/A;Sí;N/A;N/A;N/A;N/A;N/A;N/A;N/A;N/A;N/A;N/A;N/A;N/A;N/A;N/A;N/A;N/A;N/A;N/A;N/A;N/A;N/A;N/A;N/A;N/A;N/A;N/A;N/A;N/A;N/A;N/A;N/A;Sí;N/A;Sí;Sí;N/A;N/A;N/A;N/A;N/A;N/A;N/A;N/A;N/A;"De lunes a viernes de 10:00 a 19:00, sábados de 10:00 a 14:00.";4;"1600cc 16V";Nafta;Manual;Pick-Up;"Autos y camionetas";N/A;N/A;N/A;N/A;N/A;N/A;N/A;N/A;Sí;N/A;N/A;N/A;N/A;N/A;N/A;N/A;N/A;N/A;N/A;N/A;N/A;N/A;N/A;N/A;N/A;N/A;N/A;N/A;N/A;N/A;N/A;N/A;N/A;N/A;N/A;N/A;N/A;N/A;N/A;N/A;N/A;N/A;N/A;N/A;N/A;N/A;N/A;N/A;N/A;N/A;N/A;N/A;N/A;N/A;N/A;N/A;N/A;N/A;N/A;N/A;N/A;N/A;N/A;N/A;N/A;N/A;N/A;N/A;N/A;N/A;N/A;N/A;N/A;N/A;N/A;N/A;N/A;N/A;N/A;N/A;N/A;N/A;N/A;N/A;N/A;N/A;N/A;N/A;N/A;N/A;N/A;N/A;N/A;N/A;N/A;N/A;Sí;Sí;Sí;N/A;Sí;N/A;N/A;N/A;N/A;Sí;N/A;N/A;Sí;N/A;N/A;Sí;N/A;Sí;Sí;Sí;Sí;N/A;N/A;Sí;N/A;Sí
Renault;Duster;"DUSTER INTENSE  PLUS  MT";2025;"0 km";;"VIDESOL S.A.";26000;;;;;"Colonia del Sacramento";https://auto.mercadolibre.com.uy/MLU-701742040-renault-duster-intense-plus-16-mt-_JM;N/A;;"Renault  Duster Intense Plus 1.6 Mt ";USD;Sí;silver;false;N/A;N/A;http://perfil.mercadolibre.com.uy/VIDESOL+S.A.;active;N/A;N/A;Nuevo;Blanco;N/A;Asistida;Delantera;Sí;Sí;N/A;N/A;N/A;Sí;N/A;N/A;No;N/A;N/A;Sí;Sí;N/A;Sí;N/A;N/A;N/A;N/A;N/A;N/A;N/A;N/A;N/A;N/A;N/A;N/A;N/A;N/A;N/A;N/A;N/A;N/A;N/A;Sí;N/A;N/A;N/A;N/A;N/A;N/A;N/A;N/A;N/A;N/A;N/A;N/A;N/A;N/A;N/A;N/A;N/A;N/A;N/A;N/A;N/A;N/A;N/A;Sí;N/A;N/A;N/A;N/A;N/A;N/A;N/A;N/A;N/A;N/A;N/A;N/A;N/A;N/A;N/A;N/A;N/A;N/A;N/A;N/A;N/A;N/A;N/A;N/A;N/A;N/A;N/A;N/A;No;N/A;Sí;Sí;N/A;Sí;Sí;N/A;No;N/A;N/A;No;Sí;N/A;N/A;Sí;"08.00 A 21.00";5;N/A;Nafta;Manual;N/A;"Autos y camionetas";Sí;N/A;N/A;N/A;Sí;N/A;N/A;N/A;Sí;N/A;Sí;N/A;N/A;N/A;N/A;N/A;N/A;N/A;N/A;N/A;N/A;N/A;N/A;N/A;Sí;N/A;N/A;N/A;N/A;N/A;N/A;N/A;N/A;N/A;N/A;N/A;N/A;N/A;N/A;N/A;N/A;N/A;N/A;Sí;N/A;N/A;N/A;N/A;N/A;N/A;N/A;N/A;N/A;N/A;N/A;N/A;N/A;N/A;N/A;N/A;N/A;Sí;Sí;N/A;N/A;N/A;N/A;N/A;N/A;N/A;N/A;N/A;N/A;N/A;N/A;N/A;N/A;N/A;N/A;N/A;N/A;N/A;N/A;N/A;N/A;N/A;N/A;N/A;N/A;N/A;N/A;N/A;N/A;N/A;N/A;No;Sí;Sí;Sí;N/A;Sí;N/A;N/A;N/A;N/A;Sí;No;Sí;Sí;N/A;N/A;Sí;Sí;Sí;Sí;Sí;Sí;No;No;No;N/A;Sí
Renault;"Kangoo Express";"EXPRESS CONFORT 1.6 NAFTA";2025;"0 km";;"VIDESOL S.A.";22500;;;;;"Colonia del Sacramento";https://auto.mercadolibre.com.uy/MLU-701703034-renault-kangoo-express-confort-16-_JM;N/A;;"Renault  Kangoo  Express  Confort  1.6";USD;Sí;silver;false;N/A;N/A;http://perfil.mercadolibre.com.uy/VIDESOL+S.A.;active;N/A;N/A;Nuevo;Blanco;N/A;Asistida;Delantera;Sí;Sí;N/A;N/A;N/A;Sí;N/A;N/A;No;N/A;N/A;No;Sí;N/A;Sí;N/A;N/A;N/A;N/A;N/A;N/A;N/A;N/A;N/A;N/A;N/A;N/A;N/A;N/A;N/A;N/A;N/A;N/A;N/A;No;N/A;N/A;N/A;N/A;N/A;N/A;N/A;N/A;N/A;N/A;N/A;N/A;N/A;N/A;N/A;N/A;N/A;N/A;N/A;N/A;N/A;N/A;N/A;No;N/A;N/A;N/A;N/A;N/A;N/A;N/A;N/A;N/A;N/A;N/A;N/A;N/A;N/A;N/A;N/A;N/A;N/A;N/A;N/A;N/A;N/A;N/A;N/A;N/A;N/A;N/A;N/A;No;N/A;No;Sí;N/A;Sí;Sí;N/A;No;N/A;N/A;No;Sí;N/A;N/A;No;"08.00 A 21.00";4;N/A;Nafta;Manual;Furgón;"Autos y camionetas";Sí;N/A;N/A;N/A;Sí;N/A;N/A;N/A;Sí;N/A;Sí;N/A;N/A;N/A;N/A;N/A;N/A;N/A;N/A;N/A;N/A;N/A;N/A;N/A;No;N/A;N/A;N/A;N/A;N/A;N/A;N/A;N/A;N/A;N/A;N/A;N/A;N/A;N/A;N/A;N/A;N/A;N/A;Sí;N/A;N/A;N/A;N/A;N/A;N/A;N/A;N/A;N/A;N/A;N/A;N/A;N/A;N/A;N/A;N/A;N/A;Sí;Sí;N/A;N/A;N/A;N/A;N/A;N/A;N/A;N/A;N/A;N/A;N/A;N/A;N/A;N/A;N/A;N/A;N/A;N/A;N/A;N/A;N/A;N/A;N/A;N/A;N/A;N/A;N/A;N/A;N/A;N/A;N/A;N/A;No;Sí;No;No;N/A;Sí;N/A;N/A;N/A;N/A;Sí;No;Sí;No;N/A;N/A;Sí;No;Sí;Sí;Sí;Sí;No;No;No;N/A;Sí
Renault;Kwid;"KWID  ZEN";2025;"0 km";;"VIDESOL S.A.";14800;;;;;"Colonia del Sacramento";https://auto.mercadolibre.com.uy/MLU-701806582-renault-kwid-zen-10-mt-o-km-_JM;N/A;;"Renault  Kwid  Zen  1.0  Mt,  O Km ";USD;Sí;silver;false;N/A;N/A;http://perfil.mercadolibre.com.uy/VIDESOL+S.A.;active;N/A;N/A;Nuevo;Blanco;N/A;Eléctrica;Delantera;Sí;Sí;N/A;N/A;N/A;Sí;N/A;N/A;No;N/A;N/A;No;Sí;N/A;Sí;N/A;N/A;N/A;N/A;N/A;N/A;N/A;N/A;N/A;N/A;N/A;N/A;N/A;N/A;N/A;N/A;N/A;N/A;N/A;No;N/A;N/A;N/A;N/A;N/A;N/A;N/A;N/A;N/A;N/A;N/A;N/A;N/A;N/A;N/A;N/A;N/A;N/A;N/A;N/A;N/A;N/A;N/A;No;N/A;N/A;N/A;N/A;N/A;N/A;N/A;N/A;N/A;N/A;N/A;N/A;N/A;N/A;N/A;N/A;N/A;N/A;N/A;N/A;N/A;N/A;N/A;N/A;N/A;N/A;N/A;N/A;No;N/A;No;Sí;N/A;Sí;No;N/A;No;N/A;N/A;No;Sí;N/A;N/A;Sí;"08.00 A 21.00";5;1.0;Nafta;Manual;Monovolumen;"Autos y camionetas";Sí;N/A;N/A;N/A;Sí;N/A;N/A;N/A;Sí;N/A;Sí;N/A;N/A;N/A;N/A;N/A;N/A;N/A;N/A;N/A;N/A;N/A;N/A;N/A;N/A;N/A;N/A;N/A;N/A;N/A;N/A;N/A;N/A;N/A;N/A;N/A;N/A;N/A;N/A;N/A;N/A;N/A;N/A;Sí;N/A;N/A;N/A;N/A;N/A;N/A;N/A;N/A;N/A;N/A;N/A;N/A;N/A;N/A;N/A;N/A;N/A;Sí;Sí;N/A;N/A;N/A;N/A;N/A;N/A;N/A;N/A;N/A;N/A;N/A;N/A;N/A;N/A;N/A;N/A;N/A;N/A;N/A;N/A;N/A;N/A;N/A;N/A;N/A;N/A;N/A;N/A;N/A;N/A;N/A;N/A;No;Sí;No;No;N/A;N/A;N/A;N/A;N/A;N/A;Sí;No;Sí;Sí;N/A;N/A;Sí;No;Sí;Sí;Sí;Sí;No;No;No;N/A;Sí
Renault;"Duster Oroch";"INTENSE OUTSIDER 1.3 4X4";2025;"0 km";;"VIDESOL S.A.";30000;;;;;"Colonia del Sacramento";https://auto.mercadolibre.com.uy/MLU-701767552-renault-oroch-intense-outsider-13-mt-4x4-_JM;N/A;;"Renault Oroch Intense  Outsider 1.3 Mt 4x4";USD;Sí;silver;false;N/A;N/A;http://perfil.mercadolibre.com.uy/VIDESOL+S.A.;active;N/A;N/A;Nuevo;Blanco;N/A;Asistida;4x4;Sí;Sí;N/A;N/A;N/A;N/A;N/A;N/A;No;N/A;N/A;Sí;Sí;N/A;No;N/A;N/A;N/A;N/A;N/A;N/A;N/A;N/A;N/A;N/A;N/A;N/A;N/A;N/A;N/A;N/A;N/A;N/A;N/A;Sí;N/A;N/A;N/A;N/A;N/A;N/A;N/A;N/A;N/A;N/A;N/A;N/A;N/A;N/A;N/A;N/A;N/A;N/A;N/A;N/A;N/A;N/A;N/A;Sí;N/A;N/A;N/A;N/A;N/A;N/A;N/A;N/A;N/A;N/A;N/A;N/A;N/A;N/A;N/A;N/A;N/A;N/A;N/A;N/A;N/A;N/A;N/A;N/A;N/A;N/A;N/A;N/A;No;N/A;Sí;Sí;N/A;Sí;Sí;N/A;No;N/A;N/A;Sí;Sí;N/A;N/A;No;"08.00 A 21.00";4;N/A;Nafta;Manual;Pick-Up;"Autos y camionetas";Sí;N/A;N/A;N/A;Sí;N/A;N/A;N/A;Sí;N/A;Sí;N/A;N/A;N/A;N/A;N/A;N/A;N/A;N/A;N/A;N/A;N/A;N/A;N/A;Sí;N/A;N/A;N/A;N/A;N/A;N/A;N/A;N/A;N/A;N/A;N/A;N/A;N/A;N/A;N/A;N/A;N/A;N/A;Sí;N/A;N/A;N/A;N/A;N/A;N/A;N/A;N/A;N/A;N/A;N/A;N/A;N/A;N/A;N/A;N/A;N/A;Sí;Sí;N/A;N/A;N/A;N/A;N/A;N/A;N/A;N/A;N/A;N/A;N/A;N/A;N/A;N/A;N/A;N/A;N/A;N/A;N/A;N/A;N/A;N/A;N/A;N/A;N/A;N/A;N/A;N/A;N/A;N/A;N/A;N/A;No;Sí;Sí;Sí;N/A;Sí;N/A;N/A;N/A;N/A;Sí;N/A;Sí;Sí;N/A;N/A;Sí;Sí;Sí;Sí;Sí;Sí;No;No;No;N/A;Sí
Renault;Oroch;"Expression 1.6 Doble Cabina Mt";2018;"105000 km";;AMAYAPUNTA;15900;;;;;"Punta del Este";https://auto.mercadolibre.com.uy/MLU-646121015-renault-oroch-expression-16-doble-cabina-mt-_JM;N/A;;"Renault Oroch Expression 1.6 Doble Cabina Mt";USD;Sí;silver;false;N/A;N/A;http://perfil.mercadolibre.com.uy/AMAYAPUNTA;active;N/A;N/A;Usado;Blanco;N/A;Hidráulica;4x2;Sí;Sí;N/A;N/A;N/A;N/A;N/A;N/A;N/A;N/A;N/A;N/A;Sí;N/A;N/A;N/A;N/A;N/A;N/A;N/A;N/A;N/A;N/A;N/A;N/A;N/A;N/A;N/A;N/A;N/A;N/A;N/A;N/A;N/A;N/A;N/A;N/A;N/A;N/A;N/A;N/A;N/A;N/A;N/A;N/A;N/A;N/A;N/A;N/A;N/A;N/A;N/A;N/A;N/A;N/A;N/A;N/A;N/A;Sí;N/A;N/A;N/A;N/A;N/A;N/A;N/A;N/A;N/A;N/A;N/A;N/A;N/A;N/A;N/A;N/A;N/A;N/A;N/A;N/A;N/A;N/A;N/A;N/A;N/A;N/A;N/A;N/A;N/A;N/A;N/A;Sí;N/A;Sí;Sí;N/A;N/A;N/A;N/A;N/A;N/A;N/A;N/A;N/A;"De lunes a viernes de 10:00 a 19:00, sábados de 10:00 a 14:00.";4;"1600cc 16V 115Hp";Nafta;Manual;Pick-Up;"Autos y camionetas";N/A;N/A;N/A;N/A;N/A;N/A;N/A;N/A;Sí;N/A;N/A;N/A;N/A;N/A;N/A;N/A;N/A;N/A;N/A;N/A;N/A;N/A;N/A;N/A;N/A;N/A;N/A;N/A;N/A;N/A;N/A;N/A;N/A;N/A;N/A;N/A;N/A;N/A;N/A;N/A;N/A;N/A;N/A;N/A;N/A;N/A;N/A;N/A;N/A;N/A;N/A;N/A;N/A;N/A;N/A;N/A;N/A;N/A;N/A;N/A;N/A;N/A;N/A;N/A;N/A;N/A;N/A;N/A;N/A;N/A;N/A;N/A;N/A;N/A;N/A;N/A;N/A;N/A;N/A;N/A;N/A;N/A;N/A;N/A;N/A;N/A;N/A;N/A;N/A;N/A;N/A;N/A;N/A;N/A;N/A;N/A;Sí;Sí;Sí;N/A;Sí;N/A;N/A;N/A;N/A;Sí;N/A;N/A;Sí;N/A;N/A;N/A;N/A;Sí;Sí;Sí;Sí;N/A;N/A;Sí;N/A;Sí
Renault;Clio;"MIO PLUS";2015;"106600 km";;"CHEVROLET FLORIDA";10500;;;;;Florida;https://auto.mercadolibre.com.uy/MLU-698743054-renault-clio-mio-plus-12-2015-impecable-_JM;N/A;;"Renault Clio Mio Plus 1.2 2015 Impecable!";USD;Sí;silver;false;N/A;N/A;http://perfil.mercadolibre.com.uy/CHEVROLET+FLORIDA;active;N/A;N/A;Usado;Plateado;N/A;Hidráulica;N/A;Sí;Sí;N/A;N/A;N/A;N/A;Sí;N/A;N/A;N/A;N/A;N/A;N/A;N/A;N/A;N/A;N/A;N/A;N/A;N/A;N/A;N/A;N/A;N/A;N/A;N/A;"1200 cc";N/A;5;N/A;N/A;N/A;N/A;N/A;N/A;N/A;N/A;N/A;N/A;N/A;N/A;N/A;N/A;N/A;N/A;N/A;N/A;N/A;N/A;N/A;N/A;N/A;N/A;N/A;N/A;N/A;N/A;N/A;N/A;N/A;N/A;N/A;N/A;N/A;N/A;N/A;N/A;N/A;N/A;N/A;N/A;N/A;N/A;N/A;N/A;N/A;N/A;N/A;N/A;N/A;N/A;N/A;N/A;N/A;N/A;N/A;N/A;N/A;N/A;N/A;N/A;N/A;N/A;N/A;N/A;N/A;N/A;N/A;N/A;N/A;N/A;N/A;N/A;"Lunes a Viernes de 8:30 a 19 hs";5;1.2;Nafta;Manual;Hatchback;"Autos y camionetas";No;N/A;N/A;N/A;No;N/A;N/A;No;Sí;No;No;N/A;N/A;N/A;N/A;N/A;N/A;N/A;N/A;N/A;N/A;N/A;N/A;N/A;N/A;N/A;N/A;N/A;N/A;N/A;N/A;N/A;N/A;N/A;N/A;N/A;N/A;N/A;N/A;N/A;N/A;N/A;N/A;N/A;N/A;N/A;N/A;N/A;N/A;N/A;N/A;N/A;N/A;N/A;N/A;N/A;N/A;N/A;N/A;N/A;N/A;N/A;No;N/A;N/A;N/A;N/A;N/A;N/A;N/A;N/A;N/A;N/A;N/A;N/A;N/A;N/A;N/A;N/A;N/A;N/A;N/A;N/A;N/A;N/A;N/A;N/A;N/A;N/A;N/A;N/A;N/A;N/A;N/A;N/A;N/A;N/A;N/A;N/A;N/A;Sí;N/A;N/A;N/A;Sí;Sí;N/A;N/A;N/A;N/A;N/A;N/A;N/A;N/A;Sí;N/A;Sí;Sí;N/A;N/A;N/A;N/A
Renault;Duster;Dynamique;2016;"70000 km";;CLAUDIOS-MOTORS;15990;;;;;"San Jacinto";https://auto.mercadolibre.com.uy/MLU-646117775-renault-duster-dynamique-16-2016-claudios-motors-_JM;N/A;;"Renault Duster Dynamique 1.6 2016 - Claudio's Motors";usd;Sí;silver;false;N/A;N/A;http://perfil.mercadolibre.com.uy/CLAUDIOS-MOTORS;active;N/A;N/A;Usado;"Gris oscuro";Sí;Hidráulica;N/A;Sí;N/A;N/A;N/A;N/A;N/A;Sí;Sí;N/A;N/A;Sí;N/A;Sí;N/A;N/A;N/A;N/A;N/A;N/A;N/A;N/A;N/A;N/A;N/A;N/A;N/A;"1600 cc";N/A;5;N/A;N/A;N/A;N/A;N/A;N/A;N/A;N/A;N/A;N/A;N/A;N/A;N/A;N/A;N/A;N/A;N/A;N/A;N/A;N/A;N/A;N/A;N/A;N/A;N/A;N/A;N/A;N/A;N/A;Sí;N/A;N/A;N/A;N/A;N/A;N/A;N/A;N/A;N/A;N/A;N/A;N/A;N/A;N/A;N/A;N/A;N/A;N/A;N/A;N/A;N/A;N/A;"110 hp";Dynamique;N/A;N/A;N/A;"12 km/l";N/A;N/A;N/A;Sí;N/A;N/A;N/A;N/A;N/A;N/A;"15 km/l";N/A;N/A;N/A;N/A;Sí;"Lun. a Vie. de 9 a 13 y de 14 a 19 hs";5;1.6;Nafta;Manual;SUV;"Autos y camionetas";No;N/A;N/A;N/A;No;N/A;UY;No;Sí;No;No;N/A;N/A;N/A;N/A;N/A;N/A;N/A;N/A;N/A;N/A;N/A;N/A;N/A;N/A;N/A;N/A;N/A;N/A;N/A;N/A;N/A;N/A;N/A;N/A;N/A;N/A;N/A;N/A;N/A;N/A;N/A;N/A;N/A;N/A;N/A;N/A;N/A;N/A;N/A;N/A;N/A;N/A;N/A;N/A;N/A;N/A;N/A;N/A;N/A;N/A;N/A;No;N/A;N/A;N/A;N/A;N/A;N/A;N/A;N/A;N/A;N/A;N/A;N/A;N/A;N/A;N/A;N/A;N/A;N/A;N/A;N/A;N/A;N/A;N/A;N/A;N/A;N/A;N/A;N/A;N/A;Sí;N/A;N/A;N/A;Sí;N/A;N/A;N/A;Sí;Sí;Sí;N/A;Sí;Sí;N/A;N/A;N/A;N/A;N/A;N/A;Sí;N/A;Sí;Sí;Sí;Sí;N/A;Sí;N/A;Sí
Renault;Kwid;-;2021;"75000 km";;AEROCAR2013;11990;;;;;Carrasco;https://auto.mercadolibre.com.uy/MLU-645885433-renault-kwid-10-2021-impecable-interauto-_JM;N/A;;"Renault Kwid 1.0 2021 Impecable! Interauto";usd;Sí;silver;false;N/A;N/A;http://perfil.mercadolibre.com.uy/AEROCAR2013;active;N/A;N/A;Usado;Rojo;Sí;Hidráulica;Delantera;Sí;Sí;N/A;N/A;N/A;N/A;N/A;Sí;N/A;N/A;Sí;N/A;N/A;N/A;N/A;N/A;N/A;N/A;N/A;N/A;N/A;N/A;N/A;N/A;N/A;N/A;"1000 cc";N/A;5;N/A;N/A;N/A;N/A;N/A;N/A;N/A;N/A;N/A;N/A;N/A;N/A;N/A;N/A;N/A;N/A;N/A;N/A;N/A;N/A;N/A;N/A;N/A;Sí;N/A;Sí;N/A;N/A;N/A;N/A;N/A;N/A;N/A;N/A;N/A;N/A;N/A;N/A;N/A;N/A;N/A;N/A;N/A;N/A;N/A;N/A;N/A;N/A;N/A;N/A;N/A;N/A;N/A;N/A;N/A;N/A;N/A;"17 km/l";N/A;N/A;N/A;Sí;N/A;N/A;N/A;N/A;N/A;N/A;"20 km/l";N/A;N/A;N/A;N/A;N/A;"Lunes a Domingo de 9 a 18:30 hs";5;1.0;Nafta;Manual;Hatchback;"Autos y camionetas";No;N/A;N/A;N/A;No;N/A;UY;No;Sí;No;No;N/A;N/A;N/A;N/A;N/A;N/A;N/A;N/A;N/A;N/A;N/A;N/A;N/A;N/A;N/A;N/A;N/A;N/A;N/A;N/A;N/A;N/A;N/A;N/A;N/A;N/A;N/A;N/A;N/A;N/A;N/A;N/A;N/A;N/A;N/A;N/A;N/A;N/A;N/A;N/A;N/A;N/A;N/A;N/A;N/A;N/A;N/A;N/A;N/A;N/A;N/A;No;N/A;N/A;N/A;N/A;N/A;N/A;N/A;N/A;N/A;N/A;N/A;N/A;N/A;N/A;N/A;N/A;N/A;N/A;N/A;N/A;N/A;N/A;N/A;N/A;N/A;N/A;N/A;N/A;N/A;N/A;N/A;N/A;N/A;N/A;N/A;N/A;N/A;Sí;N/A;N/A;N/A;N/A;Sí;N/A;N/A;N/A;N/A;N/A;N/A;N/A;N/A;Sí;Sí;Sí;N/A;N/A;Sí;Sí;Sí
Renault;Kwid;Outsider;2019;"75933 km";;SILCA_SA;12900;;;;;"Tres Cruces";https://auto.mercadolibre.com.uy/MLU-701449110-renault-kwid-outsider-2019-_JM;N/A;;"Renault Kwid Outsider 2019";USD;Sí;silver;false;N/A;N/A;http://perfil.mercadolibre.com.uy/SILCA_SA;active;N/A;N/A;Usado;Blanco;N/A;Hidráulica;N/A;Sí;N/A;N/A;N/A;N/A;N/A;Sí;N/A;N/A;N/A;N/A;N/A;N/A;N/A;Sí;N/A;N/A;N/A;N/A;N/A;N/A;N/A;N/A;N/A;N/A;N/A;"1000 cc";N/A;5;N/A;N/A;N/A;N/A;N/A;N/A;N/A;N/A;N/A;N/A;N/A;N/A;N/A;N/A;N/A;N/A;N/A;N/A;N/A;N/A;N/A;N/A;N/A;N/A;N/A;N/A;N/A;N/A;N/A;N/A;N/A;N/A;N/A;N/A;N/A;N/A;Sí;N/A;N/A;N/A;N/A;N/A;N/A;N/A;N/A;N/A;N/A;N/A;N/A;N/A;N/A;N/A;N/A;Outsider;N/A;N/A;N/A;N/A;N/A;N/A;N/A;Sí;N/A;N/A;N/A;N/A;N/A;N/A;N/A;N/A;N/A;N/A;N/A;N/A;"Lun. a Vie. de 9 a 18 hs. Sáb. de 10 a 13 hs";5;1.0;Nafta;Manual;Hatchback;"Autos y camionetas";No;N/A;N/A;N/A;No;N/A;N/A;No;Sí;No;No;N/A;N/A;N/A;N/A;N/A;N/A;N/A;N/A;N/A;N/A;N/A;N/A;N/A;N/A;N/A;N/A;N/A;N/A;N/A;N/A;N/A;N/A;N/A;N/A;N/A;N/A;N/A;N/A;N/A;N/A;N/A;N/A;N/A;N/A;N/A;N/A;N/A;N/A;N/A;N/A;N/A;N/A;N/A;N/A;N/A;N/A;N/A;N/A;N/A;N/A;N/A;No;N/A;N/A;N/A;N/A;N/A;N/A;N/A;N/A;N/A;N/A;N/A;N/A;N/A;N/A;N/A;N/A;N/A;N/A;N/A;N/A;N/A;N/A;N/A;N/A;N/A;N/A;N/A;N/A;N/A;N/A;N/A;N/A;N/A;Sí;N/A;N/A;N/A;Sí;N/A;N/A;N/A;N/A;Sí;N/A;N/A;N/A;N/A;N/A;N/A;N/A;N/A;Sí;N/A;N/A;N/A;N/A;N/A;N/A;N/A
Renault;"Grand Captur";"2.0 Zen At";2018;"94000 km";;"VIDESOL S.A.";18800;;;;;"Colonia del Sacramento";https://auto.mercadolibre.com.uy/MLU-646908253-renault-grand-captur-zen-20-at-_JM;N/A;;"Renault Grand Captur Zen 2.0 At";usd;Sí;silver;false;N/A;N/A;http://perfil.mercadolibre.com.uy/VIDESOL+S.A.;active;N/A;N/A;Usado;Gris;N/A;Hidráulica;4x4;Sí;Sí;N/A;N/A;N/A;No;N/A;N/A;No;N/A;N/A;Sí;Sí;N/A;Sí;N/A;N/A;N/A;N/A;N/A;N/A;N/A;N/A;N/A;N/A;"2670 mm";"2 L";"45 L";N/A;N/A;N/A;N/A;N/A;N/A;No;N/A;N/A;N/A;N/A;N/A;N/A;N/A;N/A;N/A;N/A;N/A;N/A;N/A;N/A;N/A;N/A;N/A;N/A;N/A;N/A;N/A;N/A;N/A;No;N/A;N/A;N/A;N/A;N/A;N/A;N/A;N/A;N/A;N/A;N/A;N/A;N/A;N/A;N/A;"1556 mm";"4122 mm";N/A;N/A;N/A;N/A;5;"143 hp";Zen;N/A;4;"1778 mm";N/A;N/A;N/A;Sí;Sí;N/A;N/A;Sí;N/A;No;N/A;N/A;No;No;N/A;N/A;Sí;N/A;5;2.0;Nafta;Automática;Hatchback;"Autos y camionetas";N/A;N/A;N/A;N/A;N/A;N/A;UY;N/A;Sí;N/A;N/A;N/A;N/A;N/A;N/A;N/A;N/A;N/A;N/A;N/A;N/A;N/A;N/A;N/A;No;N/A;N/A;N/A;N/A;N/A;N/A;N/A;N/A;N/A;N/A;N/A;N/A;N/A;N/A;N/A;N/A;N/A;N/A;No;N/A;N/A;N/A;N/A;N/A;N/A;N/A;N/A;N/A;N/A;N/A;N/A;N/A;N/A;N/A;N/A;N/A;No;N/A;N/A;N/A;N/A;N/A;N/A;N/A;N/A;N/A;N/A;N/A;N/A;N/A;N/A;N/A;N/A;N/A;N/A;N/A;N/A;N/A;N/A;N/A;N/A;N/A;N/A;N/A;N/A;N/A;N/A;N/A;N/A;N/A;No;Sí;Sí;Sí;N/A;Sí;N/A;N/A;N/A;N/A;Sí;No;No;Sí;N/A;N/A;No;Sí;Sí;Sí;Sí;Sí;No;No;Sí;N/A;N/A
Renault;"Duster Oroch";"1.6 Dynamique";2020;"163000 km";;ROBERTOMAZONDOAUTOMOVILES;18900;;;;;Rivera;https://auto.mercadolibre.com.uy/MLU-695671772-renault-duster-oroch-2020-16-dynamique-_JM;N/A;;"Renault Duster Oroch 2020 1.6 Dynamique";usd;Sí;silver;false;N/A;N/A;http://perfil.mercadolibre.com.uy/ROBERTOMAZONDOAUTOMOVILES;active;N/A;N/A;Usado;Verde;N/A;N/A;4x2;Sí;Sí;Sí;N/A;N/A;No;N/A;N/A;N/A;N/A;N/A;No;Sí;N/A;No;N/A;N/A;N/A;N/A;N/A;N/A;N/A;N/A;N/A;N/A;"2829 mm";"1.6 L";"50 L";5;N/A;N/A;N/A;N/A;N/A;Sí;N/A;N/A;N/A;N/A;N/A;N/A;N/A;N/A;N/A;N/A;N/A;N/A;N/A;N/A;N/A;N/A;N/A;N/A;N/A;N/A;N/A;N/A;N/A;Sí;N/A;N/A;N/A;N/A;N/A;N/A;N/A;N/A;N/A;N/A;N/A;N/A;N/A;N/A;N/A;"1683 mm";"4329 mm";N/A;N/A;N/A;N/A;5;"110 hp";Dynamique;N/A;4;"1821 mm";"11.1 km/l";No;N/A;No;Sí;N/A;Sí;No;N/A;No;N/A;"10.4 km/l";Sí;Sí;N/A;N/A;No;N/A;4;1.6;Nafta;Manual;SUV;"Autos y camionetas";N/A;N/A;N/A;N/A;N/A;N/A;UY;N/A;N/A;N/A;N/A;N/A;N/A;N/A;N/A;N/A;N/A;N/A;N/A;N/A;N/A;N/A;N/A;N/A;No;N/A;N/A;N/A;N/A;N/A;N/A;N/A;N/A;N/A;N/A;N/A;N/A;N/A;N/A;N/A;N/A;N/A;N/A;N/A;N/A;N/A;N/A;N/A;N/A;N/A;N/A;N/A;N/A;N/A;N/A;N/A;N/A;N/A;N/A;N/A;N/A;N/A;N/A;N/A;N/A;N/A;N/A;N/A;N/A;N/A;N/A;N/A;N/A;N/A;N/A;N/A;N/A;N/A;N/A;N/A;N/A;N/A;N/A;N/A;N/A;N/A;N/A;N/A;N/A;N/A;N/A;N/A;N/A;N/A;N/A;No;Sí;Sí;Sí;N/A;Sí;N/A;N/A;N/A;N/A;Sí;No;Sí;Sí;N/A;N/A;No;Sí;Sí;Sí;Sí;Sí;Sí;Sí;Sí;N/A;Sí
Renault;"Duster Oroch";intens;2023;"97500 km";;"CHEVROLET FLORIDA";20800;;;;;Florida;https://auto.mercadolibre.com.uy/MLU-643998789-renault-oroch-intens-13-2023-impecable-_JM;N/A;;"Renault Oroch Intens 1.3 2023 Impecable!";USD;Sí;silver;false;N/A;N/A;http://perfil.mercadolibre.com.uy/CHEVROLET+FLORIDA;active;N/A;N/A;Usado;Plateado;N/A;Hidráulica;N/A;Sí;Sí;Sí;N/A;N/A;N/A;Sí;N/A;N/A;N/A;N/A;Sí;Sí;N/A;N/A;N/A;N/A;N/A;N/A;N/A;N/A;N/A;N/A;N/A;N/A;N/A;"1300 cc";N/A;8;N/A;N/A;Sí;Sí;Sí;N/A;N/A;N/A;N/A;N/A;N/A;N/A;N/A;N/A;N/A;N/A;N/A;N/A;N/A;N/A;N/A;N/A;N/A;N/A;N/A;Sí;N/A;N/A;N/A;N/A;N/A;N/A;N/A;N/A;N/A;N/A;Sí;N/A;N/A;N/A;N/A;N/A;N/A;N/A;N/A;N/A;N/A;N/A;N/A;N/A;N/A;N/A;N/A;N/A;N/A;N/A;N/A;N/A;N/A;N/A;N/A;N/A;Sí;N/A;Sí;N/A;N/A;N/A;N/A;N/A;N/A;N/A;N/A;N/A;"Lunes a Viernes de 8:30 a 19 hs";4;1.3;Nafta;Automática;Pick-Up;"Autos y camionetas";No;N/A;N/A;N/A;No;N/A;N/A;No;Sí;No;No;N/A;N/A;N/A;N/A;N/A;N/A;N/A;N/A;N/A;N/A;N/A;N/A;N/A;N/A;N/A;N/A;N/A;N/A;N/A;N/A;N/A;N/A;N/A;N/A;N/A;N/A;N/A;N/A;N/A;N/A;N/A;N/A;N/A;N/A;N/A;N/A;N/A;N/A;N/A;N/A;N/A;N/A;N/A;N/A;N/A;N/A;N/A;N/A;N/A;N/A;N/A;No;N/A;N/A;N/A;N/A;N/A;N/A;N/A;N/A;N/A;N/A;N/A;N/A;N/A;N/A;N/A;N/A;N/A;N/A;N/A;N/A;N/A;N/A;N/A;N/A;N/A;N/A;N/A;N/A;N/A;N/A;N/A;N/A;N/A;Sí;Sí;Sí;N/A;Sí;N/A;Sí;N/A;Sí;Sí;N/A;N/A;N/A;N/A;N/A;N/A;N/A;N/A;Sí;N/A;Sí;N/A;N/A;N/A;N/A;N/A
Renault;"Sandero Stepway";Privilege;2017;"132800 km";;"KLEIST AUTOMOVILES";13000;;;;;"Nueva Helvecia";https://auto.mercadolibre.com.uy/MLU-692063830-renault-sandero-stepway-16-2017-kleist-automoviles-_JM;N/A;;"Renault Sandero Stepway 1.6 2017 - Kleist Automóviles";usd;Sí;silver;false;N/A;N/A;http://perfil.mercadolibre.com.uy/KLEIST+AUTOMOVILES;active;N/A;N/A;Usado;Rojo;N/A;Hidráulica;N/A;N/A;Sí;Sí;N/A;N/A;N/A;Sí;N/A;N/A;N/A;Sí;Sí;Sí;N/A;Sí;N/A;N/A;N/A;N/A;N/A;N/A;N/A;N/A;N/A;N/A;N/A;"1600 cc";N/A;5;N/A;N/A;N/A;N/A;N/A;Sí;Sí;N/A;N/A;N/A;N/A;N/A;N/A;N/A;N/A;N/A;N/A;N/A;N/A;N/A;N/A;N/A;N/A;Sí;N/A;Sí;N/A;N/A;N/A;N/A;N/A;N/A;N/A;N/A;N/A;N/A;Sí;N/A;N/A;N/A;N/A;N/A;N/A;N/A;N/A;N/A;N/A;N/A;N/A;N/A;N/A;N/A;"105 hp";Privilege;N/A;N/A;N/A;N/A;N/A;N/A;Sí;Sí;Sí;Sí;Sí;Sí;N/A;N/A;N/A;N/A;N/A;N/A;N/A;Sí;"Lun. a Vie. de 8 a 12 y 14:30 a 18:30. Sáb. de 8 a 12 hs.";5;1.6;Nafta;Manual;Hatchback;"Autos y camionetas";No;N/A;N/A;N/A;No;N/A;UY;No;Sí;No;No;N/A;N/A;N/A;N/A;N/A;N/A;N/A;N/A;N/A;N/A;N/A;N/A;N/A;N/A;N/A;N/A;N/A;N/A;N/A;N/A;N/A;N/A;N/A;N/A;N/A;N/A;N/A;N/A;N/A;N/A;N/A;N/A;N/A;N/A;N/A;N/A;N/A;N/A;N/A;N/A;N/A;N/A;N/A;N/A;N/A;N/A;N/A;N/A;N/A;N/A;N/A;No;N/A;N/A;N/A;N/A;N/A;N/A;N/A;N/A;N/A;N/A;N/A;N/A;N/A;N/A;N/A;N/A;N/A;N/A;N/A;N/A;N/A;N/A;N/A;N/A;N/A;N/A;N/A;N/A;N/A;Sí;N/A;N/A;N/A;Sí;Sí;Sí;N/A;Sí;N/A;N/A;N/A;Sí;Sí;N/A;Sí;N/A;N/A;N/A;N/A;Sí;N/A;Sí;Sí;Sí;Sí;N/A;Sí;N/A;Sí
Renault;"Sandero Stepway";Privilege;2014;"179200 km";;"KLEIST AUTOMOVILES";11000;;;;;"Nueva Helvecia";https://auto.mercadolibre.com.uy/MLU-646776665-renault-sandero-stepway-16-2014-kleist-automoviles-_JM;N/A;;"Renault Sandero Stepway  1.6 2014-kleist Automóviles";usd;Sí;silver;false;N/A;N/A;http://perfil.mercadolibre.com.uy/KLEIST+AUTOMOVILES;active;N/A;N/A;Usado;Rojo;N/A;Hidráulica;N/A;Sí;Sí;Sí;N/A;N/A;N/A;Sí;N/A;N/A;N/A;N/A;N/A;Sí;N/A;Sí;N/A;N/A;N/A;N/A;N/A;N/A;N/A;N/A;N/A;N/A;N/A;"1600 cc";N/A;5;N/A;N/A;N/A;N/A;N/A;Sí;N/A;N/A;N/A;N/A;N/A;N/A;N/A;N/A;N/A;N/A;N/A;N/A;N/A;N/A;N/A;N/A;N/A;N/A;N/A;Sí;N/A;N/A;N/A;N/A;N/A;N/A;N/A;N/A;N/A;N/A;Sí;N/A;N/A;N/A;N/A;N/A;N/A;N/A;N/A;N/A;N/A;N/A;N/A;N/A;N/A;N/A;"105 hp";Privilege;N/A;N/A;N/A;N/A;N/A;N/A;N/A;N/A;N/A;N/A;N/A;N/A;N/A;N/A;N/A;N/A;N/A;N/A;N/A;N/A;"Lun. a Vie. de 8 a 12 y 14:30 a 18:30. Sáb. de 8 a 12 hs.";5;1.6;Nafta;Manual;Hatchback;"Autos y camionetas";No;N/A;N/A;N/A;No;N/A;UY;No;Sí;No;No;N/A;N/A;N/A;N/A;N/A;N/A;N/A;N/A;N/A;N/A;N/A;N/A;N/A;N/A;N/A;N/A;N/A;N/A;N/A;N/A;N/A;N/A;N/A;N/A;N/A;N/A;N/A;N/A;N/A;N/A;N/A;N/A;N/A;N/A;N/A;N/A;N/A;N/A;N/A;N/A;N/A;N/A;N/A;N/A;N/A;N/A;N/A;N/A;N/A;N/A;N/A;No;N/A;N/A;N/A;N/A;N/A;N/A;N/A;N/A;N/A;N/A;N/A;N/A;N/A;N/A;N/A;N/A;N/A;N/A;N/A;N/A;N/A;N/A;N/A;N/A;N/A;N/A;N/A;N/A;N/A;Sí;N/A;N/A;N/A;N/A;Sí;N/A;N/A;Sí;N/A;N/A;N/A;Sí;Sí;N/A;Sí;N/A;N/A;N/A;N/A;N/A;N/A;Sí;Sí;Sí;Sí;N/A;Sí;N/A;Sí
Renault;Kardian;"1.0 Tce Premiere Edition";2024;"0 km";;"VIDESOL S.A.";30500;;;;;"Colonia del Sacramento";https://auto.mercadolibre.com.uy/MLU-701715664-renault-kardian-2024-10-tce-premiere-edition-_JM;N/A;;"Renault Kardian 2024 1.0 Tce Premiere Edition";usd;Sí;silver;false;N/A;N/A;http://perfil.mercadolibre.com.uy/VIDESOL+S.A.;active;N/A;N/A;Nuevo;Plateado;N/A;N/A;Delantera;N/A;N/A;N/A;N/A;N/A;N/A;N/A;N/A;N/A;N/A;N/A;N/A;N/A;N/A;N/A;N/A;N/A;N/A;N/A;N/A;N/A;N/A;N/A;N/A;N/A;"2600 mm";"1 L";"50 L";6;N/A;N/A;N/A;N/A;N/A;N/A;N/A;N/A;N/A;N/A;N/A;N/A;N/A;N/A;N/A;N/A;N/A;N/A;N/A;N/A;N/A;N/A;N/A;N/A;N/A;N/A;N/A;N/A;N/A;N/A;N/A;N/A;N/A;N/A;N/A;N/A;N/A;N/A;N/A;N/A;N/A;N/A;N/A;N/A;N/A;"1545 mm";"4120 mm";N/A;N/A;N/A;N/A;5;"120 hp";"Premiere Edition";N/A;N/A;"1750 mm";N/A;N/A;N/A;N/A;N/A;N/A;N/A;N/A;N/A;N/A;N/A;N/A;N/A;N/A;N/A;N/A;N/A;N/A;5;1.0;Nafta;Automática;N/A;"Autos y camionetas";N/A;N/A;N/A;N/A;N/A;N/A;UY;N/A;N/A;N/A;N/A;N/A;N/A;N/A;N/A;N/A;N/A;N/A;N/A;N/A;N/A;N/A;N/A;N/A;N/A;N/A;N/A;N/A;N/A;N/A;N/A;N/A;N/A;N/A;N/A;N/A;N/A;N/A;N/A;N/A;N/A;N/A;N/A;N/A;N/A;N/A;N/A;N/A;N/A;N/A;N/A;N/A;N/A;N/A;N/A;N/A;N/A;N/A;N/A;N/A;N/A;N/A;N/A;N/A;N/A;N/A;N/A;N/A;N/A;N/A;N/A;N/A;N/A;N/A;N/A;N/A;N/A;N/A;N/A;N/A;N/A;N/A;N/A;N/A;N/A;N/A;N/A;N/A;N/A;N/A;N/A;N/A;N/A;N/A;N/A;N/A;N/A;N/A;N/A;N/A;N/A;N/A;N/A;N/A;N/A;N/A;N/A;N/A;N/A;N/A;N/A;N/A;N/A;N/A;N/A;N/A;N/A;N/A;N/A;N/A;N/A;N/A
Renault;"Duster Oroch";Dynamique;2017;"119000 km";;AEROCAR2020;16490;;;;;"Barra de Carrasco";https://auto.mercadolibre.com.uy/MLU-696612462-renault-oroch-dynamique-20-2017-impecable-aerocar-_JM;N/A;;"Renault Oroch Dynamique 2.0 2017 Impecable! Aerocar";usd;Sí;silver;false;N/A;N/A;http://perfil.mercadolibre.com.uy/AEROCAR2020;active;N/A;N/A;Usado;"Gris oscuro";N/A;Hidráulica;N/A;Sí;Sí;Sí;Sí;N/A;N/A;Sí;N/A;N/A;N/A;Sí;Sí;Sí;N/A;N/A;N/A;N/A;N/A;N/A;N/A;N/A;N/A;N/A;N/A;N/A;N/A;"2000 cc";N/A;6;N/A;N/A;N/A;N/A;N/A;N/A;N/A;N/A;N/A;N/A;N/A;N/A;N/A;N/A;N/A;N/A;N/A;N/A;N/A;N/A;N/A;N/A;N/A;Sí;N/A;N/A;N/A;Sí;N/A;N/A;N/A;N/A;N/A;N/A;N/A;N/A;Sí;N/A;N/A;N/A;N/A;N/A;N/A;N/A;N/A;N/A;N/A;N/A;N/A;N/A;N/A;N/A;N/A;Dynamique;N/A;N/A;N/A;N/A;N/A;N/A;N/A;Sí;Sí;Sí;Sí;N/A;N/A;N/A;N/A;N/A;N/A;N/A;Sí;N/A;"Lun. a Vie. de 9 a 19 hs. Sáb. de 10 a 14 hs.";4;2.0;Nafta;Manual;Pick-Up;"Autos y camionetas";No;N/A;N/A;N/A;No;N/A;UY;No;Sí;No;No;N/A;N/A;N/A;N/A;N/A;N/A;N/A;N/A;N/A;N/A;N/A;N/A;N/A;N/A;N/A;N/A;N/A;N/A;N/A;N/A;N/A;N/A;N/A;N/A;N/A;N/A;N/A;N/A;N/A;N/A;N/A;N/A;N/A;N/A;N/A;N/A;N/A;N/A;N/A;N/A;N/A;N/A;N/A;N/A;N/A;N/A;N/A;N/A;N/A;N/A;N/A;No;N/A;N/A;N/A;N/A;N/A;N/A;N/A;N/A;N/A;N/A;N/A;N/A;N/A;N/A;N/A;N/A;N/A;N/A;N/A;N/A;N/A;N/A;N/A;N/A;N/A;N/A;N/A;N/A;N/A;N/A;N/A;N/A;N/A;Sí;Sí;Sí;N/A;Sí;N/A;N/A;N/A;Sí;Sí;N/A;Sí;N/A;Sí;N/A;N/A;Sí;N/A;N/A;Sí;Sí;N/A;N/A;N/A;N/A;Sí
Renault;Megane;Coupe;1998;"175000 km";;AEROCAR2020;7990;;;;;"Barra de Carrasco";https://auto.mercadolibre.com.uy/MLU-692485768-renault-megane-coupe-20-1998-impecable-aerocar-_JM;N/A;;"Renault Mégane Coupe 2.0 1998 Impecable! Aerocar";usd;No;silver;false;N/A;N/A;http://perfil.mercadolibre.com.uy/AEROCAR2020;active;N/A;N/A;Usado;Amarillo;N/A;Hidráulica;N/A;N/A;Sí;Sí;N/A;N/A;N/A;Sí;N/A;N/A;N/A;N/A;N/A;Sí;N/A;N/A;N/A;N/A;N/A;N/A;N/A;N/A;N/A;N/A;N/A;N/A;N/A;"2000 cc";N/A;5;N/A;N/A;N/A;N/A;N/A;N/A;N/A;N/A;N/A;N/A;N/A;N/A;N/A;N/A;N/A;N/A;N/A;N/A;N/A;N/A;N/A;N/A;N/A;N/A;N/A;N/A;N/A;N/A;N/A;N/A;N/A;N/A;N/A;N/A;N/A;N/A;N/A;N/A;N/A;N/A;N/A;N/A;N/A;N/A;N/A;N/A;N/A;N/A;N/A;N/A;N/A;N/A;N/A;N/A;N/A;N/A;N/A;N/A;N/A;N/A;N/A;N/A;N/A;Sí;N/A;N/A;N/A;N/A;N/A;N/A;N/A;N/A;N/A;N/A;"Lun. a Vie. de 9 a 19 hs. Sáb. de 10 a 14 hs.";2;2.0;Nafta;Manual;Coupé;"Autos y camionetas";No;N/A;N/A;N/A;No;N/A;UY;No;Sí;No;No;N/A;N/A;N/A;N/A;N/A;N/A;N/A;N/A;N/A;N/A;N/A;N/A;N/A;N/A;N/A;N/A;N/A;N/A;N/A;N/A;N/A;N/A;N/A;N/A;N/A;N/A;N/A;N/A;N/A;N/A;N/A;N/A;N/A;N/A;N/A;N/A;N/A;N/A;N/A;N/A;N/A;N/A;N/A;N/A;N/A;N/A;N/A;N/A;N/A;N/A;N/A;No;N/A;N/A;N/A;N/A;N/A;N/A;N/A;N/A;N/A;N/A;N/A;N/A;N/A;N/A;N/A;N/A;N/A;N/A;N/A;N/A;N/A;N/A;N/A;N/A;N/A;N/A;N/A;N/A;N/A;N/A;N/A;N/A;N/A;N/A;N/A;N/A;N/A;Sí;N/A;N/A;N/A;Sí;Sí;N/A;N/A;N/A;N/A;N/A;N/A;N/A;N/A;Sí;Sí;N/A;Sí;N/A;N/A;Sí;Sí
Renault;"Duster Oroch";"1.3 Tce Intens Outsider Cvt 2Wd";2024;"0 km";;"VIDESOL S.A.";28000;;;;;"Colonia del Sacramento";https://auto.mercadolibre.com.uy/MLU-701728598-renault-oroch-13-tce-intense-outsider-cvt-_JM;N/A;;"Renault  Oroch  1.3 Tce Intense Outsider  Cvt  ";usd;Sí;silver;false;N/A;N/A;http://perfil.mercadolibre.com.uy/VIDESOL+S.A.;active;N/A;N/A;Nuevo;N/A;N/A;N/A;4x2;N/A;N/A;N/A;N/A;N/A;N/A;N/A;N/A;N/A;N/A;N/A;N/A;N/A;N/A;N/A;N/A;N/A;N/A;N/A;N/A;N/A;N/A;N/A;N/A;N/A;"2829 mm";"1.3 L";"45 L";N/A;N/A;N/A;N/A;N/A;N/A;N/A;N/A;N/A;N/A;N/A;N/A;N/A;N/A;N/A;N/A;N/A;N/A;N/A;N/A;N/A;N/A;N/A;N/A;N/A;N/A;N/A;N/A;N/A;N/A;N/A;N/A;N/A;N/A;N/A;N/A;N/A;N/A;N/A;N/A;N/A;N/A;N/A;N/A;N/A;N/A;"1631 mm";"4719 mm";N/A;N/A;N/A;N/A;5;"156 hp";"Intens Outsider";N/A;4;"1821 mm";N/A;N/A;N/A;N/A;N/A;N/A;N/A;N/A;N/A;N/A;N/A;N/A;N/A;N/A;N/A;N/A;N/A;N/A;5;1.3;Nafta;Automática;Pick-Up;"Autos y camionetas";N/A;N/A;N/A;N/A;N/A;N/A;UY;N/A;N/A;N/A;N/A;N/A;N/A;N/A;N/A;N/A;N/A;N/A;N/A;N/A;N/A;N/A;N/A;N/A;N/A;N/A;N/A;N/A;N/A;N/A;N/A;N/A;N/A;N/A;N/A;N/A;N/A;N/A;N/A;N/A;N/A;N/A;N/A;N/A;N/A;N/A;N/A;N/A;N/A;N/A;N/A;N/A;N/A;N/A;N/A;N/A;N/A;N/A;N/A;N/A;N/A;N/A;N/A;N/A;N/A;N/A;N/A;N/A;N/A;N/A;N/A;N/A;N/A;N/A;N/A;N/A;N/A;N/A;N/A;N/A;N/A;N/A;N/A;N/A;N/A;N/A;N/A;N/A;N/A;N/A;N/A;N/A;N/A;N/A;N/A;N/A;N/A;N/A;N/A;N/A;N/A;N/A;N/A;N/A;N/A;N/A;N/A;N/A;N/A;N/A;N/A;N/A;N/A;N/A;N/A;N/A;N/A;N/A;N/A;N/A;N/A;N/A
Renault;Kwid;"1.0 Sce 66cv Outsider";2024;"0 km";;"VIDESOL S.A.";16500;;;;;"Colonia del Sacramento";https://auto.mercadolibre.com.uy/MLU-701806606-renault-kwid-2024-10-sce-66cv-outsider-_JM;N/A;;"Renault Kwid 2024 1.0 Sce 66cv Outsider";usd;Sí;silver;false;N/A;N/A;http://perfil.mercadolibre.com.uy/VIDESOL+S.A.;active;N/A;N/A;Nuevo;Blanco;N/A;N/A;Delantera;N/A;N/A;Sí;N/A;N/A;N/A;N/A;N/A;N/A;N/A;N/A;N/A;N/A;N/A;N/A;N/A;N/A;N/A;N/A;N/A;N/A;N/A;N/A;N/A;N/A;"2423 mm";"1 L";"50 L";5;N/A;N/A;N/A;N/A;N/A;N/A;N/A;N/A;N/A;N/A;N/A;N/A;N/A;N/A;N/A;N/A;N/A;N/A;N/A;N/A;N/A;N/A;N/A;N/A;N/A;N/A;N/A;N/A;N/A;N/A;N/A;N/A;N/A;N/A;N/A;N/A;N/A;N/A;N/A;N/A;N/A;N/A;N/A;N/A;N/A;"1474 mm";"3680 mm";N/A;N/A;N/A;N/A;5;"66 hp";Outsider;N/A;4;"1752 mm";N/A;N/A;N/A;N/A;N/A;N/A;N/A;N/A;N/A;N/A;N/A;N/A;N/A;N/A;N/A;N/A;N/A;N/A;5;1.0;Nafta;Manual;Hatchback;"Autos y camionetas";N/A;N/A;N/A;N/A;N/A;N/A;UY;N/A;N/A;N/A;N/A;N/A;N/A;N/A;N/A;N/A;N/A;N/A;N/A;N/A;N/A;N/A;N/A;N/A;N/A;N/A;N/A;N/A;N/A;N/A;N/A;N/A;N/A;N/A;N/A;N/A;N/A;N/A;N/A;N/A;N/A;N/A;N/A;N/A;N/A;N/A;N/A;N/A;N/A;N/A;N/A;N/A;N/A;N/A;N/A;N/A;N/A;N/A;N/A;N/A;N/A;N/A;N/A;N/A;N/A;N/A;N/A;N/A;N/A;N/A;N/A;N/A;N/A;N/A;N/A;N/A;N/A;N/A;N/A;N/A;N/A;N/A;N/A;N/A;N/A;N/A;N/A;N/A;N/A;N/A;N/A;N/A;N/A;N/A;N/A;N/A;N/A;N/A;N/A;N/A;N/A;N/A;N/A;N/A;N/A;N/A;N/A;N/A;N/A;N/A;N/A;N/A;N/A;N/A;N/A;N/A;N/A;N/A;N/A;N/A;N/A;N/A
Renault;Kwid;"1.0 Sce 66cv Intense";2024;"0 km";;"VIDESOL S.A.";15600;;;;;"Colonia del Sacramento";https://auto.mercadolibre.com.uy/MLU-701793594-renault-kwid-2024-10-sce-66cv-intense-_JM;N/A;;"Renault Kwid 2024 1.0 Sce 66cv Intense";usd;Sí;silver;false;N/A;N/A;http://perfil.mercadolibre.com.uy/VIDESOL+S.A.;active;N/A;N/A;Nuevo;Plateado;N/A;N/A;Delantera;N/A;N/A;Sí;N/A;N/A;N/A;N/A;N/A;N/A;N/A;N/A;N/A;N/A;N/A;N/A;N/A;N/A;N/A;N/A;N/A;N/A;N/A;N/A;N/A;N/A;"2423 mm";"1 L";"50 L";5;N/A;N/A;N/A;N/A;N/A;N/A;N/A;N/A;N/A;N/A;N/A;N/A;N/A;N/A;N/A;N/A;N/A;N/A;N/A;N/A;N/A;N/A;N/A;N/A;N/A;N/A;N/A;N/A;N/A;N/A;N/A;N/A;N/A;N/A;N/A;N/A;N/A;N/A;N/A;N/A;N/A;N/A;N/A;N/A;N/A;"1474 mm";"3680 mm";N/A;N/A;N/A;N/A;5;"66 hp";Intense;N/A;4;"1752 mm";N/A;N/A;N/A;N/A;N/A;N/A;N/A;N/A;N/A;N/A;N/A;N/A;N/A;N/A;N/A;N/A;N/A;N/A;5;1.0;Nafta;Manual;Hatchback;"Autos y camionetas";N/A;N/A;N/A;N/A;N/A;N/A;UY;N/A;N/A;N/A;N/A;N/A;N/A;N/A;N/A;N/A;N/A;N/A;N/A;N/A;N/A;N/A;N/A;N/A;N/A;N/A;N/A;N/A;N/A;N/A;N/A;N/A;N/A;N/A;N/A;N/A;N/A;N/A;N/A;N/A;N/A;N/A;N/A;N/A;N/A;N/A;N/A;N/A;N/A;N/A;N/A;N/A;N/A;N/A;N/A;N/A;N/A;N/A;N/A;N/A;N/A;N/A;N/A;N/A;N/A;N/A;N/A;N/A;N/A;N/A;N/A;N/A;N/A;N/A;N/A;N/A;N/A;N/A;N/A;N/A;N/A;N/A;N/A;N/A;N/A;N/A;N/A;N/A;N/A;N/A;N/A;N/A;N/A;N/A;N/A;N/A;N/A;N/A;N/A;N/A;N/A;N/A;N/A;N/A;N/A;N/A;N/A;N/A;N/A;N/A;N/A;N/A;N/A;N/A;N/A;N/A;N/A;N/A;N/A;N/A;N/A;N/A
Renault;"Sandero Stepway";"1.0 Zen MT";2024;"0 km";;"VIDESOL S.A.";20500;;;;;"Colonia del Sacramento";https://auto.mercadolibre.com.uy/MLU-701702588-renault-sandero-stepway-10-zen-mt-_JM;N/A;;"Renault Sandero Stepway 1.0 Zen Mt";USD;Sí;silver;false;N/A;N/A;http://perfil.mercadolibre.com.uy/VIDESOL+S.A.;active;N/A;N/A;Nuevo;N/A;N/A;Asistida;Delantera;Sí;N/A;N/A;N/A;N/A;N/A;N/A;N/A;N/A;N/A;N/A;N/A;Sí;N/A;Sí;N/A;N/A;N/A;N/A;N/A;N/A;N/A;N/A;N/A;N/A;N/A;N/A;N/A;N/A;N/A;N/A;N/A;N/A;N/A;N/A;N/A;N/A;N/A;N/A;N/A;N/A;N/A;N/A;N/A;N/A;N/A;N/A;N/A;N/A;N/A;N/A;N/A;N/A;N/A;N/A;N/A;N/A;N/A;N/A;N/A;N/A;N/A;N/A;N/A;N/A;N/A;N/A;N/A;N/A;N/A;N/A;N/A;N/A;N/A;N/A;N/A;N/A;N/A;N/A;N/A;N/A;N/A;N/A;N/A;N/A;N/A;N/A;N/A;N/A;N/A;Sí;N/A;N/A;N/A;N/A;N/A;N/A;N/A;N/A;N/A;N/A;N/A;Sí;N/A;5;1.0;Nafta;Manual;Sedán;"Autos y camionetas";Sí;N/A;N/A;N/A;N/A;N/A;N/A;N/A;Sí;N/A;Sí;N/A;N/A;N/A;N/A;N/A;N/A;N/A;N/A;N/A;N/A;N/A;N/A;N/A;N/A;N/A;N/A;N/A;N/A;N/A;N/A;N/A;N/A;N/A;N/A;N/A;N/A;N/A;N/A;N/A;N/A;N/A;N/A;Sí;N/A;N/A;N/A;N/A;N/A;N/A;N/A;N/A;N/A;N/A;N/A;N/A;N/A;N/A;N/A;N/A;N/A;Sí;N/A;N/A;N/A;N/A;N/A;N/A;N/A;N/A;N/A;N/A;N/A;N/A;N/A;N/A;N/A;N/A;N/A;N/A;N/A;N/A;N/A;N/A;N/A;N/A;N/A;N/A;N/A;N/A;N/A;N/A;N/A;N/A;N/A;N/A;N/A;N/A;N/A;N/A;N/A;N/A;N/A;N/A;N/A;N/A;N/A;N/A;N/A;N/A;N/A;N/A;N/A;N/A;Sí;N/A;Sí;N/A;N/A;N/A;N/A;Sí
Renault;Clio;"Zen 1.0 Tce";2025;"0 km";;"VIDESOL S.A.";24990;;;;;"Colonia del Sacramento";https://auto.mercadolibre.com.uy/MLU-701741602-renault-clio-zen-10-tce-_JM;N/A;;"Renault Clio Zen 1.0 Tce";USD;Sí;silver;false;N/A;N/A;http://perfil.mercadolibre.com.uy/VIDESOL+S.A.;active;N/A;N/A;Nuevo;N/A;N/A;Asistida;Delantera;Sí;N/A;N/A;N/A;N/A;N/A;N/A;N/A;N/A;N/A;N/A;N/A;N/A;N/A;N/A;N/A;N/A;N/A;N/A;N/A;N/A;N/A;N/A;N/A;N/A;N/A;N/A;N/A;N/A;N/A;N/A;N/A;N/A;N/A;N/A;N/A;N/A;N/A;N/A;N/A;N/A;N/A;N/A;N/A;N/A;N/A;N/A;N/A;N/A;N/A;N/A;N/A;N/A;N/A;N/A;N/A;N/A;N/A;N/A;N/A;N/A;N/A;N/A;N/A;N/A;N/A;N/A;N/A;N/A;N/A;N/A;N/A;N/A;N/A;N/A;N/A;N/A;N/A;N/A;N/A;N/A;N/A;N/A;N/A;N/A;N/A;N/A;N/A;N/A;N/A;Sí;N/A;N/A;N/A;N/A;N/A;N/A;N/A;N/A;N/A;N/A;N/A;N/A;N/A;5;1.0;Nafta;Manual;Hatchback;"Autos y camionetas";Sí;N/A;N/A;N/A;N/A;N/A;N/A;N/A;Sí;N/A;N/A;N/A;N/A;N/A;N/A;N/A;N/A;N/A;N/A;N/A;N/A;N/A;N/A;N/A;Sí;N/A;N/A;N/A;N/A;N/A;N/A;N/A;N/A;N/A;N/A;N/A;N/A;N/A;N/A;N/A;N/A;N/A;N/A;N/A;N/A;N/A;N/A;N/A;N/A;N/A;N/A;N/A;N/A;N/A;N/A;N/A;N/A;N/A;N/A;N/A;N/A;Sí;N/A;N/A;N/A;N/A;N/A;N/A;N/A;N/A;N/A;N/A;N/A;N/A;N/A;N/A;N/A;N/A;N/A;N/A;N/A;N/A;N/A;N/A;N/A;N/A;N/A;N/A;N/A;N/A;N/A;N/A;N/A;N/A;N/A;N/A;Sí;N/A;N/A;N/A;N/A;N/A;N/A;N/A;N/A;Sí;N/A;N/A;N/A;N/A;N/A;Sí;N/A;N/A;Sí;N/A;Sí;N/A;N/A;N/A;N/A;Sí
Renault;"Duster Oroch";Dynamique;2016;"146000 km";;AEROCAR2020;14990;;;;;"Barra de Carrasco";https://auto.mercadolibre.com.uy/MLU-644775501-renault-oroch-dynamique-20-2016-impecable-aerocar-_JM;N/A;;"Renault Oroch Dynamique 2.0 2016 Impecable! Aerocar";usd;Sí;silver;false;N/A;N/A;http://perfil.mercadolibre.com.uy/AEROCAR2020;active;N/A;N/A;Usado;Blanco;N/A;Eléctrica;N/A;Sí;Sí;Sí;N/A;N/A;N/A;Sí;Sí;N/A;N/A;N/A;Sí;Sí;N/A;N/A;N/A;N/A;N/A;N/A;N/A;N/A;N/A;N/A;N/A;N/A;N/A;"2000 cc";N/A;6;N/A;N/A;N/A;N/A;N/A;N/A;N/A;N/A;N/A;N/A;N/A;N/A;N/A;N/A;N/A;N/A;N/A;N/A;N/A;N/A;N/A;N/A;N/A;Sí;N/A;N/A;N/A;N/A;N/A;N/A;N/A;N/A;N/A;N/A;N/A;N/A;N/A;N/A;N/A;N/A;N/A;N/A;N/A;N/A;N/A;N/A;N/A;N/A;N/A;N/A;N/A;N/A;N/A;Dynamique;N/A;N/A;N/A;N/A;N/A;N/A;N/A;N/A;Sí;Sí;N/A;N/A;N/A;N/A;N/A;N/A;N/A;Sí;N/A;N/A;"Lun. a Vie. de 9 a 19 hs. Sáb. y Dom. de 10 a 18 hs.";4;2.0;Nafta;Manual;Pick-Up;"Autos y camionetas";No;N/A;N/A;N/A;No;N/A;UY;No;Sí;No;No;N/A;N/A;N/A;N/A;N/A;N/A;N/A;N/A;N/A;N/A;N/A;N/A;N/A;N/A;N/A;N/A;N/A;N/A;N/A;N/A;N/A;N/A;N/A;N/A;N/A;N/A;N/A;N/A;N/A;N/A;N/A;N/A;N/A;N/A;N/A;N/A;N/A;N/A;N/A;N/A;N/A;N/A;N/A;N/A;N/A;N/A;N/A;N/A;N/A;N/A;N/A;No;N/A;N/A;N/A;N/A;N/A;N/A;N/A;N/A;N/A;N/A;N/A;N/A;N/A;N/A;N/A;N/A;N/A;N/A;N/A;N/A;N/A;N/A;N/A;N/A;N/A;N/A;N/A;N/A;N/A;N/A;N/A;N/A;N/A;Sí;N/A;Sí;N/A;Sí;N/A;N/A;N/A;Sí;Sí;N/A;N/A;N/A;N/A;N/A;N/A;Sí;N/A;Sí;Sí;Sí;N/A;N/A;N/A;N/A;Sí
Renault;Duster;"1.6 CVT intense plus";2024;"0 km";;"VIDESOL S.A.";28000;;;;;"Colonia del Sacramento";https://auto.mercadolibre.com.uy/MLU-701768126-renault-duster-16-cvt-intense-plus-_JM;N/A;;"Renault Duster 1.6 Cvt Intense Plus";usd;Sí;silver;false;N/A;N/A;http://perfil.mercadolibre.com.uy/VIDESOL+S.A.;active;N/A;N/A;Nuevo;N/A;N/A;N/A;4x2;Sí;N/A;Sí;N/A;N/A;N/A;N/A;N/A;N/A;N/A;N/A;N/A;N/A;N/A;N/A;N/A;N/A;N/A;N/A;N/A;N/A;N/A;N/A;N/A;N/A;"2674 mm";"1.6 L";"50 L";6;N/A;N/A;N/A;N/A;N/A;N/A;N/A;N/A;N/A;N/A;N/A;N/A;N/A;N/A;N/A;N/A;N/A;N/A;N/A;N/A;N/A;N/A;N/A;N/A;N/A;N/A;N/A;N/A;N/A;N/A;N/A;N/A;N/A;N/A;N/A;N/A;N/A;N/A;N/A;N/A;N/A;N/A;N/A;N/A;N/A;"1683 mm";"4329 mm";N/A;N/A;N/A;N/A;5;"118 hp";Intens;N/A;4;"1822 mm";"11.1 km/l";N/A;N/A;N/A;N/A;N/A;N/A;N/A;N/A;N/A;N/A;"10.4 km/l";N/A;N/A;N/A;N/A;N/A;N/A;5;1.6;Nafta;Automática;SUV;"Autos y camionetas";Sí;N/A;N/A;N/A;N/A;N/A;UY;N/A;N/A;N/A;N/A;N/A;N/A;N/A;N/A;N/A;N/A;N/A;N/A;N/A;N/A;N/A;N/A;N/A;N/A;N/A;N/A;N/A;N/A;N/A;N/A;N/A;N/A;N/A;N/A;N/A;N/A;N/A;N/A;N/A;N/A;N/A;N/A;N/A;N/A;N/A;N/A;N/A;N/A;N/A;N/A;N/A;N/A;N/A;N/A;N/A;N/A;N/A;N/A;N/A;N/A;Sí;N/A;N/A;N/A;N/A;N/A;N/A;N/A;N/A;N/A;N/A;N/A;N/A;N/A;N/A;N/A;N/A;N/A;N/A;N/A;N/A;N/A;N/A;N/A;N/A;N/A;N/A;N/A;N/A;N/A;N/A;N/A;N/A;N/A;N/A;Sí;N/A;N/A;N/A;N/A;N/A;N/A;N/A;N/A;Sí;N/A;N/A;N/A;N/A;N/A;N/A;N/A;N/A;N/A;N/A;N/A;N/A;N/A;N/A;N/A;N/A
Renault;"Duster Oroch";"Outsider 4x4";2023;"0 km";;APPOLONI-AUTOMOVILES;30000;;;;;"Nueva Helvecia";https://auto.mercadolibre.com.uy/MLU-701285906-renault-oroch-outsider-4x4-permuta-financiacion-_JM;N/A;;"Renault Oroch Outsider 4x4 - Permuta - Financiación";usd;Sí;silver;false;N/A;N/A;http://perfil.mercadolibre.com.uy/APPOLONI-AUTOMOVILES;active;N/A;N/A;Nuevo;Blanco;N/A;Hidráulica;4x4;N/A;N/A;Sí;N/A;N/A;N/A;N/A;N/A;N/A;N/A;N/A;N/A;N/A;N/A;N/A;N/A;N/A;N/A;N/A;N/A;N/A;N/A;N/A;N/A;N/A;"2829 mm";"1.6 L";"50 L";5;N/A;N/A;N/A;N/A;N/A;N/A;N/A;N/A;N/A;N/A;N/A;N/A;N/A;N/A;N/A;N/A;N/A;N/A;N/A;N/A;N/A;N/A;N/A;N/A;N/A;N/A;N/A;N/A;N/A;N/A;N/A;N/A;N/A;N/A;N/A;N/A;N/A;N/A;N/A;N/A;N/A;N/A;N/A;N/A;N/A;"1683 mm";"4329 mm";N/A;N/A;N/A;N/A;5;"110 hp";Outsider;N/A;4;"1821 mm";"11.1 km/l";N/A;N/A;N/A;N/A;N/A;N/A;N/A;N/A;N/A;N/A;"10.4 km/l";N/A;N/A;N/A;N/A;N/A;"L - V 8:30 a 12:00 - 14:00 a 18:30. Sab. 8:30 a 12:30";4;1.3;Nafta;Manual;Pick-Up;"Autos y camionetas";N/A;N/A;N/A;N/A;N/A;N/A;UY;N/A;N/A;N/A;N/A;N/A;N/A;N/A;N/A;N/A;N/A;N/A;N/A;N/A;N/A;N/A;N/A;N/A;N/A;N/A;N/A;N/A;N/A;N/A;N/A;N/A;N/A;N/A;N/A;N/A;N/A;N/A;N/A;N/A;N/A;N/A;N/A;N/A;N/A;N/A;N/A;N/A;N/A;N/A;N/A;N/A;N/A;N/A;N/A;N/A;N/A;N/A;N/A;N/A;N/A;N/A;N/A;N/A;N/A;N/A;N/A;N/A;N/A;N/A;N/A;N/A;N/A;N/A;N/A;N/A;N/A;N/A;N/A;N/A;N/A;N/A;N/A;N/A;N/A;N/A;N/A;N/A;N/A;N/A;N/A;N/A;N/A;N/A;N/A;N/A;N/A;N/A;N/A;N/A;N/A;N/A;N/A;N/A;N/A;N/A;N/A;N/A;N/A;N/A;N/A;N/A;N/A;N/A;N/A;N/A;N/A;N/A;N/A;N/A;N/A;N/A
Renault;"Duster Oroch";"INTENSE OUTSIDER";2025;"0 km";;SOLYCARAUTOMOVILES;28000;;;;;Solymar;https://auto.mercadolibre.com.uy/MLU-702536106-renault-oroch-intense-outsider-13-2025-0km-solycar-_JM;N/A;;"Renault Oroch Intense Outsider 1.3 2025 0km - Solycar";usd;Sí;silver;false;N/A;N/A;http://perfil.mercadolibre.com.uy/SOLYCARAUTOMOVILES;active;N/A;N/A;Nuevo;Blanco;N/A;Hidráulica;4x2;Sí;Sí;Sí;N/A;N/A;N/A;Sí;Sí;N/A;Sí;Sí;Sí;Sí;N/A;N/A;N/A;N/A;N/A;N/A;N/A;N/A;N/A;N/A;N/A;N/A;N/A;"1300 cc";N/A;8;N/A;N/A;Sí;Sí;Sí;N/A;N/A;N/A;N/A;N/A;N/A;N/A;N/A;N/A;N/A;N/A;N/A;N/A;N/A;N/A;N/A;N/A;N/A;N/A;N/A;Sí;N/A;N/A;N/A;Sí;N/A;N/A;N/A;N/A;N/A;N/A;Sí;N/A;N/A;N/A;N/A;N/A;N/A;N/A;N/A;N/A;N/A;N/A;N/A;N/A;N/A;N/A;"160 hp";Outsider;N/A;N/A;N/A;N/A;N/A;N/A;Sí;N/A;Sí;Sí;Sí;N/A;N/A;N/A;N/A;Sí;N/A;Sí;Sí;N/A;"Lun. a Vie. de 9:30 a 18:30 hs. Sáb. de 9:30 a 14 hs";4;1.3;Nafta;"Automática secuencial";Pick-Up;"Autos y camionetas";No;N/A;N/A;N/A;No;N/A;UY;No;Sí;No;No;N/A;N/A;N/A;N/A;N/A;N/A;N/A;N/A;N/A;N/A;N/A;N/A;N/A;N/A;N/A;N/A;N/A;N/A;N/A;N/A;N/A;N/A;N/A;N/A;N/A;N/A;N/A;N/A;N/A;N/A;N/A;N/A;Sí;N/A;N/A;N/A;N/A;N/A;N/A;N/A;N/A;N/A;N/A;N/A;N/A;N/A;N/A;N/A;N/A;N/A;Sí;No;N/A;N/A;N/A;N/A;N/A;N/A;N/A;N/A;N/A;N/A;N/A;N/A;N/A;N/A;N/A;N/A;N/A;N/A;N/A;N/A;N/A;N/A;N/A;N/A;N/A;N/A;N/A;N/A;N/A;N/A;N/A;N/A;N/A;Sí;Sí;Sí;N/A;Sí;Sí;Sí;N/A;Sí;Sí;Sí;Sí;N/A;Sí;N/A;Sí;Sí;N/A;Sí;Sí;Sí;N/A;N/A;Sí;N/A;Sí
Renault;"Duster Oroch";Zen;2024;"0 km";;SOLYCARAUTOMOVILES;23000;;;;;Solymar;https://auto.mercadolibre.com.uy/MLU-681501520-renault-oroch-zen-16-2024-0km-solycar-_JM;N/A;;"Renault Oroch Zen 1.6 2024 0km - Solycar";USD;Sí;silver;false;N/A;N/A;http://perfil.mercadolibre.com.uy/SOLYCARAUTOMOVILES;active;N/A;N/A;Nuevo;"Gris oscuro";N/A;Hidráulica;4x2;Sí;Sí;N/A;N/A;N/A;N/A;Sí;Sí;N/A;N/A;Sí;Sí;Sí;N/A;N/A;N/A;N/A;N/A;N/A;N/A;N/A;N/A;N/A;N/A;N/A;N/A;"1600 cc";N/A;6;N/A;N/A;N/A;N/A;Sí;N/A;N/A;N/A;N/A;N/A;N/A;N/A;N/A;N/A;N/A;N/A;N/A;N/A;N/A;N/A;N/A;N/A;N/A;N/A;N/A;Sí;N/A;N/A;N/A;Sí;N/A;N/A;N/A;N/A;N/A;N/A;N/A;N/A;N/A;N/A;N/A;N/A;N/A;N/A;N/A;N/A;N/A;N/A;N/A;N/A;N/A;N/A;"118 hp";Zen;N/A;N/A;N/A;N/A;N/A;N/A;N/A;N/A;Sí;N/A;Sí;N/A;N/A;N/A;N/A;N/A;N/A;N/A;Sí;N/A;"Lun. a Vie. de 9:30 a 18:30 hs. Sáb. de 9:30 a 14 hs";4;1.6;Nafta;Manual;Pick-Up;"Autos y camionetas";No;N/A;N/A;N/A;No;N/A;N/A;No;Sí;No;No;N/A;N/A;N/A;N/A;N/A;N/A;N/A;N/A;N/A;N/A;N/A;N/A;N/A;N/A;N/A;N/A;N/A;N/A;N/A;N/A;N/A;N/A;N/A;N/A;N/A;N/A;N/A;N/A;N/A;N/A;N/A;N/A;Sí;N/A;N/A;N/A;N/A;N/A;N/A;N/A;N/A;N/A;N/A;N/A;N/A;N/A;N/A;N/A;N/A;N/A;Sí;No;N/A;N/A;N/A;N/A;N/A;N/A;N/A;N/A;N/A;N/A;N/A;N/A;N/A;N/A;N/A;N/A;N/A;N/A;N/A;N/A;N/A;N/A;N/A;N/A;N/A;N/A;N/A;N/A;N/A;N/A;N/A;N/A;N/A;Sí;N/A;Sí;N/A;Sí;Sí;Sí;N/A;Sí;Sí;N/A;Sí;N/A;N/A;N/A;Sí;N/A;N/A;Sí;Sí;Sí;Sí;N/A;Sí;N/A;Sí
Renault;Kwid;"ZEN INTENSE OUTSIDER";2025;"0 km";;SOLYCARAUTOMOVILES;14800;;;;;Solymar;https://auto.mercadolibre.com.uy/MLU-690328270-renault-kwid-zen-intense-outsider-10-2025-0km-solycar-_JM;N/A;;"Renault Kwid Zen Intense Outsider 1.0 2025 0km - Solycar";usd;Sí;silver;false;N/A;N/A;http://perfil.mercadolibre.com.uy/SOLYCARAUTOMOVILES;active;No;N/A;Nuevo;Rojo;No;Asistida;Delantera;Sí;Sí;Sí;N/A;N/A;N/A;Sí;N/A;N/A;N/A;Sí;N/A;Sí;N/A;Sí;N/A;N/A;N/A;N/A;N/A;N/A;N/A;N/A;N/A;N/A;N/A;"1000 cc";N/A;5;N/A;N/A;Sí;Sí;Sí;N/A;N/A;N/A;N/A;N/A;N/A;N/A;N/A;N/A;N/A;N/A;N/A;N/A;N/A;N/A;N/A;N/A;N/A;N/A;N/A;Sí;N/A;N/A;No;N/A;No;N/A;N/A;N/A;N/A;N/A;Sí;N/A;N/A;N/A;N/A;N/A;N/A;No;N/A;N/A;N/A;N/A;N/A;N/A;N/A;N/A;N/A;N/A;N/A;N/A;N/A;N/A;N/A;N/A;N/A;Sí;N/A;Sí;Sí;Sí;N/A;N/A;N/A;N/A;N/A;N/A;N/A;Sí;"Lun. a Vie. de 9:30 a 18:30 hs. Sáb. de 9:30 a 14 hs";5;1.0;Nafta;Manual;Hatchback;"Autos y camionetas";No;No;No;No;No;No;UY;No;Sí;No;No;No;No;No;No;No;No;No;No;No;No;N/A;No;No;N/A;No;No;No;No;No;No;No;N/A;No;No;N/A;No;No;No;No;No;No;No;Sí;No;No;No;No;No;No;No;No;No;N/A;No;No;No;N/A;N/A;No;No;Sí;No;N/A;N/A;No;No;No;No;No;N/A;No;No;No;No;No;No;No;No;No;No;No;N/A;No;No;No;No;No;No;No;No;N/A;N/A;No;No;N/A;Sí;Sí;Sí;N/A;Sí;Sí;Sí;N/A;Sí;Sí;N/A;Sí;N/A;N/A;Sí;Sí;Sí;N/A;Sí;Sí;Sí;N/A;N/A;Sí;N/A;Sí
Renault;Kwid;"1.0 Sce 66cv Intense";2020;"85000 km";;"VIDESOL S.A.";11990;;;;;"Colonia del Sacramento";https://auto.mercadolibre.com.uy/MLU-703199126-renault-kwid-intense-10-mt-2020-_JM;N/A;;"Renault  Kwid Intense 1.0 Mt 2020";usd;Sí;silver;false;N/A;N/A;http://perfil.mercadolibre.com.uy/VIDESOL+S.A.;active;N/A;N/A;Usado;Blanco;N/A;N/A;Delantera;Sí;Sí;Sí;N/A;N/A;N/A;N/A;N/A;No;N/A;N/A;N/A;Sí;N/A;N/A;N/A;N/A;N/A;N/A;N/A;N/A;N/A;N/A;N/A;N/A;"2423 mm";"1 L";"50 L";5;N/A;N/A;N/A;N/A;N/A;N/A;N/A;N/A;N/A;N/A;N/A;N/A;N/A;N/A;N/A;N/A;N/A;N/A;N/A;N/A;N/A;N/A;N/A;N/A;N/A;N/A;N/A;N/A;N/A;N/A;N/A;N/A;N/A;N/A;N/A;N/A;N/A;N/A;N/A;N/A;N/A;N/A;N/A;N/A;N/A;"1474 mm";"3680 mm";N/A;N/A;N/A;N/A;5;"66 hp";Intense;N/A;4;"1752 mm";N/A;N/A;N/A;N/A;N/A;N/A;N/A;Sí;N/A;N/A;N/A;N/A;N/A;N/A;N/A;N/A;Sí;N/A;5;1.0;Nafta;Manual;Hatchback;"Autos y camionetas";N/A;N/A;N/A;N/A;N/A;N/A;UY;N/A;N/A;N/A;N/A;N/A;N/A;N/A;N/A;N/A;N/A;N/A;N/A;N/A;N/A;N/A;N/A;N/A;No;N/A;N/A;N/A;N/A;N/A;N/A;N/A;N/A;N/A;N/A;N/A;N/A;N/A;N/A;N/A;N/A;N/A;N/A;N/A;N/A;N/A;N/A;N/A;N/A;N/A;N/A;N/A;N/A;N/A;N/A;N/A;N/A;N/A;N/A;N/A;N/A;N/A;N/A;N/A;N/A;N/A;N/A;N/A;N/A;N/A;N/A;N/A;N/A;N/A;N/A;N/A;N/A;N/A;N/A;N/A;N/A;N/A;N/A;N/A;N/A;N/A;N/A;N/A;N/A;N/A;N/A;N/A;N/A;N/A;N/A;No;Sí;N/A;Sí;N/A;Sí;N/A;N/A;N/A;N/A;Sí;N/A;N/A;Sí;N/A;N/A;N/A;N/A;N/A;Sí;N/A;Sí;No;No;Sí;N/A;Sí
Renault;Arkana;"1.3 Tce Intens";2024;"0 km";;APPOLONI-AUTOMOVILES;38500;;;;;"Nueva Helvecia";https://auto.mercadolibre.com.uy/MLU-647246795-renault-arkana-0km-permuta-financiacion-_JM;N/A;;"Renault Arkana 0km - Permuta - Financiación ";usd;Sí;silver;false;N/A;N/A;http://perfil.mercadolibre.com.uy/APPOLONI-AUTOMOVILES;active;N/A;N/A;Nuevo;Gris;N/A;N/A;Delantera;N/A;N/A;N/A;N/A;N/A;N/A;N/A;N/A;N/A;N/A;N/A;N/A;N/A;N/A;N/A;N/A;N/A;N/A;N/A;N/A;N/A;N/A;N/A;N/A;N/A;"2720 mm";"1.3 L";"48 L";7;N/A;N/A;N/A;N/A;N/A;N/A;N/A;N/A;N/A;N/A;N/A;N/A;N/A;N/A;N/A;N/A;N/A;N/A;N/A;N/A;N/A;N/A;N/A;N/A;N/A;N/A;N/A;N/A;N/A;N/A;N/A;N/A;N/A;N/A;N/A;N/A;N/A;N/A;N/A;N/A;N/A;N/A;N/A;N/A;N/A;"1571 mm";"4568 mm";N/A;N/A;N/A;N/A;5;"150 hp";Intens;N/A;4;"1821 mm";N/A;N/A;N/A;N/A;N/A;N/A;N/A;N/A;N/A;N/A;N/A;N/A;N/A;N/A;N/A;N/A;N/A;"L - V 8:30 a 12:00 - 14:00 a 18:30. Sab. 8:30 a 12:30";5;1.3;Nafta;Automática;Sedán;"Autos y camionetas";N/A;N/A;N/A;N/A;N/A;N/A;UY;N/A;N/A;N/A;N/A;N/A;N/A;N/A;N/A;N/A;N/A;N/A;N/A;N/A;N/A;N/A;N/A;N/A;N/A;N/A;N/A;N/A;N/A;N/A;N/A;N/A;N/A;N/A;N/A;N/A;N/A;N/A;N/A;N/A;N/A;N/A;N/A;N/A;N/A;N/A;N/A;N/A;N/A;N/A;N/A;N/A;N/A;N/A;N/A;N/A;N/A;N/A;N/A;N/A;N/A;N/A;N/A;N/A;N/A;N/A;N/A;N/A;N/A;N/A;N/A;N/A;N/A;N/A;N/A;N/A;N/A;N/A;N/A;N/A;N/A;N/A;N/A;N/A;N/A;N/A;N/A;N/A;N/A;N/A;N/A;N/A;N/A;N/A;N/A;N/A;N/A;N/A;N/A;N/A;N/A;N/A;N/A;N/A;N/A;N/A;N/A;N/A;N/A;N/A;N/A;N/A;N/A;N/A;N/A;N/A;N/A;N/A;N/A;N/A;N/A;N/A
Renault;"Sandero Stepway";"1.6 Privilege 105cv";2015;"189928 km";;APPOLONI-AUTOMOVILES;10800;;;;;"Nueva Helvecia";https://auto.mercadolibre.com.uy/MLU-702860522-renault-new-stepway-permuta-financiacion-_JM;N/A;;"Renault New Stepway - Permuta - Financiación";usd;Sí;silver;false;N/A;N/A;http://perfil.mercadolibre.com.uy/APPOLONI-AUTOMOVILES;active;N/A;N/A;Usado;Negro;N/A;Hidráulica;Delantera;N/A;N/A;Sí;N/A;N/A;N/A;N/A;N/A;N/A;N/A;N/A;N/A;N/A;N/A;N/A;N/A;N/A;N/A;N/A;N/A;N/A;N/A;N/A;N/A;N/A;"2590 mm";"1.6 L";"50 L";5;N/A;N/A;N/A;N/A;N/A;N/A;N/A;N/A;N/A;N/A;N/A;N/A;N/A;N/A;N/A;N/A;N/A;N/A;N/A;N/A;N/A;N/A;N/A;N/A;N/A;N/A;N/A;N/A;N/A;N/A;N/A;N/A;N/A;N/A;N/A;N/A;N/A;N/A;N/A;N/A;N/A;N/A;N/A;N/A;N/A;"1559 mm";"4066 mm";N/A;N/A;N/A;N/A;5;"105 hp";Privilege;N/A;4;"1761 mm";"9.3 km/l";Sí;N/A;N/A;N/A;N/A;N/A;Sí;N/A;N/A;N/A;"5.9 km/l";N/A;N/A;N/A;N/A;N/A;"L - V 8:30 a 12:00 - 14:00 a 18:30. Sab. 8:30 a 12:30";5;1.6;Nafta;Manual;Hatchback;"Autos y camionetas";N/A;N/A;N/A;N/A;N/A;N/A;UY;N/A;N/A;N/A;N/A;N/A;N/A;N/A;N/A;N/A;N/A;N/A;N/A;N/A;N/A;N/A;N/A;N/A;N/A;N/A;N/A;N/A;N/A;N/A;N/A;N/A;N/A;N/A;N/A;N/A;N/A;N/A;N/A;N/A;N/A;N/A;N/A;N/A;N/A;N/A;N/A;N/A;N/A;N/A;N/A;N/A;N/A;N/A;N/A;N/A;N/A;N/A;N/A;N/A;N/A;N/A;N/A;N/A;N/A;N/A;N/A;N/A;N/A;N/A;N/A;N/A;N/A;N/A;N/A;N/A;N/A;N/A;N/A;N/A;N/A;N/A;N/A;N/A;N/A;N/A;N/A;N/A;N/A;N/A;N/A;N/A;N/A;N/A;N/A;N/A;N/A;N/A;N/A;N/A;N/A;N/A;N/A;N/A;N/A;N/A;N/A;N/A;N/A;N/A;N/A;N/A;N/A;N/A;N/A;N/A;N/A;N/A;N/A;N/A;N/A;N/A
Renault;Kwid;OUTSIDER;2021;"51469 km";;D.MORALESAUTOMOTORES;12500;;;;;"San Jacinto";https://auto.mercadolibre.com.uy/MLU-646753631-renault-kwid-outsider-10-2021-impecable-_JM;N/A;;"Renault Kwid Outsider 1.0 2021 Impecable!";usd;Sí;silver;false;N/A;N/A;http://perfil.mercadolibre.com.uy/D.MORALESAUTOMOTORES;active;N/A;N/A;Usado;Negro;Sí;Hidráulica;Delantera;Sí;Sí;N/A;N/A;N/A;N/A;Sí;N/A;N/A;N/A;N/A;N/A;Sí;N/A;N/A;N/A;N/A;N/A;N/A;N/A;N/A;N/A;N/A;N/A;N/A;N/A;"1000 cc";N/A;5;N/A;N/A;N/A;N/A;N/A;N/A;N/A;N/A;N/A;N/A;N/A;N/A;N/A;N/A;N/A;N/A;N/A;N/A;N/A;N/A;N/A;N/A;N/A;N/A;N/A;N/A;N/A;N/A;N/A;N/A;N/A;N/A;N/A;N/A;N/A;N/A;N/A;N/A;N/A;N/A;N/A;N/A;N/A;N/A;N/A;N/A;N/A;N/A;N/A;N/A;N/A;N/A;N/A;Outsider;N/A;N/A;N/A;N/A;N/A;N/A;N/A;N/A;N/A;N/A;N/A;N/A;N/A;N/A;N/A;N/A;N/A;N/A;N/A;Sí;"Lun. a Vie. de 9 a 18:30 hs. Sáb. de 9 a 12:30 hs";5;1.0;Nafta;Manual;Hatchback;"Autos y camionetas";No;N/A;N/A;N/A;No;N/A;UY;No;Sí;No;No;N/A;N/A;N/A;N/A;N/A;N/A;N/A;N/A;N/A;N/A;N/A;N/A;N/A;N/A;N/A;N/A;N/A;N/A;N/A;N/A;N/A;N/A;N/A;N/A;N/A;N/A;N/A;N/A;N/A;N/A;N/A;N/A;N/A;N/A;N/A;N/A;N/A;N/A;N/A;N/A;N/A;N/A;N/A;N/A;N/A;N/A;N/A;N/A;N/A;N/A;N/A;No;N/A;N/A;N/A;N/A;N/A;N/A;N/A;N/A;N/A;N/A;N/A;N/A;N/A;N/A;N/A;N/A;N/A;N/A;N/A;N/A;N/A;N/A;N/A;N/A;N/A;N/A;N/A;N/A;N/A;Sí;N/A;N/A;N/A;Sí;N/A;Sí;N/A;Sí;N/A;N/A;N/A;Sí;Sí;N/A;Sí;N/A;N/A;N/A;N/A;N/A;N/A;Sí;N/A;Sí;N/A;N/A;Sí;N/A;Sí
Renault;Kangoo;-;2015;"123000 km";;AEROCAR2013;9990;;;;;Carrasco;https://auto.mercadolibre.com.uy/MLU-646147827-renault-kangoo-16-2015-0km-interauto-_JM;N/A;;"Renault Kangoo 1.6 2015 0km Interauto";usd;Sí;silver;false;N/A;N/A;http://perfil.mercadolibre.com.uy/AEROCAR2013;active;N/A;N/A;Usado;Blanco;N/A;Hidráulica;Delantera;Sí;Sí;N/A;N/A;N/A;N/A;N/A;N/A;N/A;N/A;N/A;N/A;N/A;N/A;N/A;N/A;N/A;N/A;N/A;N/A;N/A;N/A;N/A;N/A;N/A;N/A;"1600 cc";N/A;5;N/A;N/A;N/A;N/A;N/A;N/A;N/A;N/A;N/A;N/A;N/A;N/A;N/A;N/A;N/A;N/A;N/A;N/A;N/A;N/A;N/A;N/A;N/A;Sí;N/A;N/A;N/A;N/A;N/A;N/A;N/A;N/A;N/A;N/A;N/A;N/A;N/A;N/A;N/A;N/A;N/A;N/A;N/A;N/A;N/A;N/A;N/A;N/A;N/A;N/A;N/A;N/A;N/A;N/A;N/A;N/A;N/A;N/A;N/A;N/A;N/A;Sí;N/A;N/A;N/A;N/A;N/A;N/A;N/A;N/A;N/A;N/A;N/A;N/A;"Lunes a Domingo de 9 a 18:30 hs";3;1.6;Nafta;Manual;Furgón;"Autos y camionetas";No;N/A;N/A;N/A;No;N/A;UY;No;Sí;No;No;N/A;N/A;N/A;N/A;N/A;N/A;N/A;N/A;N/A;N/A;N/A;N/A;N/A;N/A;N/A;N/A;N/A;N/A;N/A;N/A;N/A;N/A;N/A;N/A;N/A;N/A;N/A;N/A;N/A;N/A;N/A;N/A;Sí;N/A;N/A;N/A;N/A;N/A;N/A;N/A;N/A;N/A;N/A;N/A;N/A;N/A;N/A;N/A;N/A;N/A;Sí;No;N/A;N/A;N/A;N/A;N/A;N/A;N/A;N/A;N/A;N/A;N/A;N/A;N/A;N/A;N/A;N/A;N/A;N/A;N/A;N/A;N/A;N/A;N/A;N/A;N/A;N/A;N/A;N/A;N/A;N/A;N/A;N/A;N/A;N/A;N/A;N/A;N/A;Sí;N/A;N/A;N/A;N/A;Sí;N/A;N/A;N/A;N/A;N/A;N/A;N/A;N/A;Sí;Sí;Sí;N/A;N/A;Sí;Sí;Sí
Renault;Kwid;"1.0  2025 100% FINANCIO 60 DE $13.500 DESDE USD14.800";2025;"0 km";;KORUCAR_AUTOMOVILES;14800;;;;;Unión;https://auto.mercadolibre.com.uy/MLU-698483012-renault-kwid-10-2025-100-financio-60-de-13500-_JM;N/A;;"Renault Kwid 1.0 2025 100% Financio 60 De $13.500 ";usd;Sí;silver;false;N/A;N/A;http://perfil.mercadolibre.com.uy/KORUCAR_AUTOMOVILES;active;N/A;N/A;Nuevo;Plateado;N/A;Hidráulica;Delantera;Sí;Sí;Sí;N/A;N/A;N/A;Sí;N/A;N/A;N/A;Sí;Sí;Sí;N/A;Sí;N/A;N/A;N/A;N/A;N/A;N/A;N/A;N/A;N/A;N/A;N/A;"1000 cc";N/A;5;N/A;N/A;Sí;Sí;N/A;N/A;N/A;N/A;N/A;N/A;N/A;N/A;N/A;N/A;N/A;N/A;N/A;N/A;N/A;N/A;N/A;N/A;N/A;Sí;N/A;Sí;N/A;N/A;N/A;N/A;N/A;N/A;N/A;N/A;N/A;N/A;N/A;N/A;N/A;N/A;N/A;N/A;N/A;N/A;N/A;N/A;N/A;N/A;N/A;N/A;N/A;N/A;"66 hp";N/A;N/A;N/A;N/A;"17 km/l";N/A;N/A;N/A;Sí;N/A;Sí;Sí;N/A;N/A;N/A;"19 km/l";N/A;N/A;N/A;N/A;Sí;"Lun. a Vie. de 9 a 18 hs. Sáb. de 9 a 13 hs.";5;1.0;Nafta;Manual;Hatchback;"Autos y camionetas";No;N/A;N/A;N/A;No;N/A;UY;No;Sí;No;No;N/A;N/A;N/A;N/A;N/A;N/A;N/A;N/A;N/A;N/A;N/A;N/A;N/A;Sí;N/A;N/A;N/A;N/A;N/A;N/A;N/A;N/A;N/A;N/A;N/A;N/A;N/A;N/A;N/A;N/A;N/A;N/A;Sí;N/A;N/A;N/A;N/A;N/A;N/A;N/A;N/A;N/A;N/A;N/A;N/A;N/A;N/A;N/A;N/A;N/A;Sí;No;N/A;N/A;N/A;N/A;N/A;N/A;N/A;N/A;N/A;N/A;N/A;N/A;N/A;N/A;N/A;N/A;N/A;N/A;N/A;N/A;N/A;N/A;N/A;N/A;N/A;N/A;N/A;N/A;N/A;Sí;N/A;N/A;N/A;Sí;Sí;Sí;N/A;Sí;N/A;Sí;N/A;N/A;Sí;N/A;Sí;N/A;N/A;Sí;Sí;Sí;N/A;Sí;Sí;Sí;N/A;N/A;Sí;N/A;Sí
Renault;Oroch;"1.6 Sce Intens Outsider 2Wd Mt";2024;"0 km";;APPOLONI-AUTOMOVILES;25000;;;;;"Nueva Helvecia";https://auto.mercadolibre.com.uy/MLU-696616168-renault-oroch-intens-outsider-permuta-financiacion-_JM;N/A;;"Renault Oroch Intens Outsider - Permuta - Financiación";usd;Sí;silver;false;N/A;N/A;http://perfil.mercadolibre.com.uy/APPOLONI-AUTOMOVILES;active;N/A;N/A;Nuevo;Blanco;N/A;N/A;Delantera;N/A;N/A;N/A;N/A;N/A;N/A;N/A;N/A;N/A;N/A;N/A;N/A;N/A;N/A;N/A;N/A;N/A;N/A;N/A;N/A;N/A;N/A;N/A;N/A;N/A;"2890 mm";"1.6 L";"45 L";6;N/A;N/A;N/A;N/A;N/A;N/A;N/A;N/A;N/A;N/A;N/A;N/A;N/A;N/A;N/A;N/A;N/A;N/A;N/A;N/A;N/A;N/A;N/A;N/A;N/A;N/A;N/A;N/A;N/A;N/A;N/A;N/A;N/A;N/A;N/A;N/A;N/A;N/A;N/A;N/A;N/A;N/A;N/A;N/A;N/A;"1695 mm";"4719 mm";N/A;N/A;N/A;N/A;5;"118 hp";"Intens Outsider";N/A;4;"1834 mm";N/A;N/A;N/A;N/A;N/A;N/A;N/A;N/A;N/A;N/A;N/A;N/A;N/A;N/A;N/A;N/A;N/A;"L - V 8:30 a 12:00 - 14:00 a 18:30. Sab. 8:30 a 12:30";4;1.6;Nafta;Manual;Pick-Up;"Autos y camionetas";N/A;N/A;N/A;N/A;N/A;N/A;UY;N/A;N/A;N/A;N/A;N/A;N/A;N/A;N/A;N/A;N/A;N/A;N/A;N/A;N/A;N/A;N/A;N/A;N/A;N/A;N/A;N/A;N/A;N/A;N/A;N/A;N/A;N/A;N/A;N/A;N/A;N/A;N/A;N/A;N/A;N/A;N/A;N/A;N/A;N/A;N/A;N/A;N/A;N/A;N/A;N/A;N/A;N/A;N/A;N/A;N/A;N/A;N/A;N/A;N/A;N/A;N/A;N/A;N/A;N/A;N/A;N/A;N/A;N/A;N/A;N/A;N/A;N/A;N/A;N/A;N/A;N/A;N/A;N/A;N/A;N/A;N/A;N/A;N/A;N/A;N/A;N/A;N/A;N/A;N/A;N/A;N/A;N/A;N/A;N/A;N/A;N/A;N/A;N/A;N/A;N/A;N/A;N/A;N/A;N/A;N/A;N/A;N/A;N/A;N/A;N/A;N/A;N/A;N/A;N/A;N/A;N/A;N/A;N/A;N/A;N/A
Renault;Clio;mio;2014;"145000 km";;INTERAUTO2024;10490;;;;;"Paso de Carrasco";https://auto.mercadolibre.com.uy/MLU-696107068-renault-clio-mio-12-2014-impecable-interauto-_JM;N/A;;"Renault Clio Mio 1.2 2014 Impecable! Interauto";USD;Sí;silver;false;N/A;N/A;http://perfil.mercadolibre.com.uy/INTERAUTO2024;active;N/A;N/A;Usado;Negro;N/A;Hidráulica;Delantera;Sí;N/A;N/A;N/A;N/A;N/A;N/A;N/A;N/A;N/A;N/A;N/A;Sí;N/A;N/A;N/A;N/A;N/A;N/A;N/A;N/A;N/A;N/A;N/A;N/A;N/A;"1200 cc";N/A;5;N/A;N/A;N/A;N/A;N/A;N/A;N/A;N/A;N/A;N/A;N/A;N/A;N/A;N/A;N/A;N/A;N/A;N/A;N/A;N/A;N/A;N/A;N/A;N/A;N/A;N/A;N/A;N/A;N/A;N/A;N/A;N/A;N/A;N/A;N/A;N/A;N/A;N/A;N/A;N/A;N/A;N/A;N/A;N/A;N/A;N/A;N/A;N/A;N/A;N/A;N/A;N/A;N/A;N/A;N/A;N/A;N/A;"12000 km/l";N/A;N/A;N/A;N/A;N/A;Sí;N/A;N/A;N/A;N/A;"16000 km/l";N/A;N/A;N/A;N/A;N/A;"Lunes a Domingo de 9 a 18:30 hs";5;1.2;Nafta;Manual;Hatchback;"Autos y camionetas";No;N/A;N/A;N/A;No;N/A;N/A;No;Sí;No;No;N/A;N/A;N/A;N/A;N/A;N/A;N/A;N/A;N/A;N/A;N/A;N/A;N/A;N/A;N/A;N/A;N/A;N/A;N/A;N/A;N/A;N/A;N/A;N/A;N/A;N/A;N/A;N/A;N/A;N/A;N/A;N/A;N/A;N/A;N/A;N/A;N/A;N/A;N/A;N/A;N/A;N/A;N/A;N/A;N/A;N/A;N/A;N/A;N/A;N/A;N/A;No;N/A;N/A;N/A;N/A;N/A;N/A;N/A;N/A;N/A;N/A;N/A;N/A;N/A;N/A;N/A;N/A;N/A;N/A;N/A;N/A;N/A;N/A;N/A;N/A;N/A;N/A;N/A;N/A;N/A;Sí;N/A;N/A;N/A;N/A;Sí;N/A;N/A;Sí;N/A;N/A;N/A;N/A;Sí;N/A;N/A;N/A;N/A;N/A;N/A;N/A;N/A;Sí;N/A;N/A;N/A;N/A;Sí;N/A;N/A
Renault;"Sandero Stepway";Confort;2013;"170800 km";;SOLYCARAUTOMOVILES;9900;;;;;Solymar;https://auto.mercadolibre.com.uy/MLU-646961667-renault-sandero-stepway-conf-16-2013-muy-bien-solycar-_JM;N/A;;"Renault Sandero Stepway Conf. 1.6 2013 Muy Bien !! - Solycar";usd;Sí;silver;false;N/A;N/A;http://perfil.mercadolibre.com.uy/SOLYCARAUTOMOVILES;active;N/A;N/A;Usado;Negro;N/A;Hidráulica;4x2;Sí;Sí;N/A;N/A;N/A;N/A;Sí;Sí;N/A;N/A;Sí;N/A;Sí;N/A;Sí;N/A;N/A;N/A;N/A;N/A;N/A;N/A;N/A;N/A;N/A;N/A;"1600 cc";N/A;5;N/A;N/A;N/A;N/A;N/A;N/A;N/A;N/A;N/A;N/A;N/A;N/A;N/A;N/A;N/A;N/A;N/A;N/A;N/A;N/A;N/A;N/A;N/A;N/A;N/A;N/A;N/A;N/A;N/A;Sí;N/A;N/A;N/A;N/A;N/A;N/A;Sí;N/A;N/A;N/A;N/A;N/A;N/A;N/A;N/A;N/A;N/A;N/A;N/A;N/A;N/A;N/A;"106 hp";Confort;N/A;N/A;N/A;"12 km/l";N/A;N/A;N/A;N/A;N/A;N/A;N/A;Sí;N/A;N/A;"14 km/l";N/A;N/A;N/A;N/A;Sí;"Lun. a Vie. de 9:30 a 18:30 hs. Sáb. de 9:30 a 14 hs";5;1.6;Nafta;Manual;SUV;"Autos y camionetas";No;N/A;N/A;N/A;No;N/A;UY;No;Sí;No;No;N/A;N/A;N/A;N/A;N/A;N/A;N/A;N/A;N/A;N/A;N/A;N/A;N/A;N/A;N/A;N/A;N/A;N/A;N/A;N/A;N/A;N/A;N/A;N/A;N/A;N/A;N/A;N/A;N/A;N/A;N/A;N/A;N/A;N/A;N/A;N/A;N/A;N/A;N/A;N/A;N/A;N/A;N/A;N/A;N/A;N/A;N/A;N/A;N/A;N/A;N/A;No;N/A;N/A;N/A;N/A;N/A;N/A;N/A;N/A;N/A;N/A;N/A;N/A;N/A;N/A;N/A;N/A;N/A;N/A;N/A;N/A;N/A;N/A;N/A;N/A;N/A;N/A;N/A;N/A;N/A;N/A;N/A;N/A;N/A;Sí;N/A;Sí;N/A;Sí;N/A;N/A;N/A;Sí;Sí;N/A;Sí;N/A;N/A;N/A;N/A;N/A;N/A;Sí;Sí;Sí;N/A;N/A;Sí;N/A;Sí
Renault;Fluence;"Privilege Plus";2014;"97645 km";;D.MORALESAUTOMOTORES;12900;;;;;"San Jacinto";https://auto.mercadolibre.com.uy/MLU-696816398-renault-fluence-privilege-plus-20-2014-muy-buen-estado-_JM;N/A;;"Renault Fluence Privilege Plus 2.0 2014 Muy Buen Estado!";usd;Sí;silver;false;N/A;N/A;http://perfil.mercadolibre.com.uy/D.MORALESAUTOMOTORES;active;N/A;N/A;Usado;Plateado;N/A;Hidráulica;Delantera;Sí;Sí;Sí;N/A;N/A;N/A;Sí;N/A;N/A;N/A;N/A;N/A;Sí;N/A;N/A;N/A;N/A;N/A;N/A;N/A;N/A;N/A;N/A;N/A;N/A;N/A;"2000 cc";N/A;4;N/A;N/A;N/A;N/A;N/A;N/A;N/A;N/A;N/A;N/A;N/A;N/A;N/A;N/A;N/A;N/A;N/A;N/A;N/A;N/A;N/A;N/A;N/A;N/A;N/A;N/A;N/A;N/A;N/A;N/A;N/A;N/A;N/A;N/A;N/A;N/A;N/A;N/A;N/A;N/A;N/A;N/A;N/A;N/A;N/A;N/A;N/A;N/A;N/A;N/A;N/A;N/A;N/A;Privilege;N/A;N/A;N/A;N/A;N/A;N/A;N/A;N/A;N/A;N/A;Sí;N/A;N/A;N/A;N/A;N/A;N/A;N/A;N/A;N/A;"Lun. a Vie. de 9 a 18:30 hs. Sáb. de 9 a 12:30 hs";4;2.0;Nafta;Automática;Sedán;"Autos y camionetas";No;N/A;N/A;N/A;No;N/A;UY;No;Sí;No;No;N/A;N/A;N/A;N/A;N/A;N/A;N/A;N/A;N/A;N/A;N/A;N/A;N/A;N/A;N/A;N/A;N/A;N/A;N/A;N/A;N/A;N/A;N/A;N/A;N/A;N/A;N/A;N/A;N/A;N/A;N/A;N/A;N/A;N/A;N/A;N/A;N/A;N/A;N/A;N/A;N/A;N/A;N/A;N/A;N/A;N/A;N/A;N/A;N/A;N/A;N/A;No;N/A;N/A;N/A;N/A;N/A;N/A;N/A;Sí;N/A;N/A;N/A;N/A;N/A;N/A;N/A;N/A;N/A;N/A;N/A;N/A;N/A;N/A;N/A;N/A;N/A;N/A;N/A;N/A;N/A;N/A;N/A;N/A;N/A;Sí;N/A;Sí;N/A;Sí;N/A;N/A;N/A;Sí;Sí;N/A;Sí;N/A;N/A;N/A;N/A;N/A;N/A;Sí;N/A;N/A;N/A;N/A;N/A;N/A;N/A
Renault;Stepway;privilige;2019;"98000 km";;AEROCAR2013;14490;;;;;Carrasco;https://auto.mercadolibre.com.uy/MLU-693485558-renault-stepway-privilige-16-2019-impecable-interauto-_JM;N/A;;"Renault Stepway Privilige 1.6 2019 Impecable! Interauto";usd;Sí;silver;false;N/A;N/A;http://perfil.mercadolibre.com.uy/AEROCAR2013;active;N/A;N/A;Usado;Blanco;N/A;Hidráulica;Delantera;Sí;N/A;N/A;N/A;Sí;N/A;N/A;N/A;N/A;N/A;N/A;Sí;Sí;N/A;N/A;N/A;N/A;N/A;N/A;N/A;N/A;N/A;N/A;N/A;N/A;N/A;"1600 cc";N/A;5;N/A;N/A;Sí;N/A;N/A;N/A;N/A;N/A;N/A;N/A;N/A;N/A;N/A;N/A;N/A;N/A;N/A;N/A;N/A;N/A;N/A;N/A;N/A;N/A;N/A;N/A;N/A;N/A;N/A;N/A;N/A;N/A;N/A;N/A;N/A;N/A;N/A;N/A;N/A;N/A;N/A;N/A;N/A;N/A;N/A;N/A;N/A;N/A;N/A;N/A;N/A;N/A;N/A;N/A;N/A;N/A;N/A;"12 km/l";N/A;N/A;N/A;N/A;N/A;Sí;Sí;N/A;N/A;N/A;"15 km/l";N/A;N/A;N/A;N/A;N/A;"Lunes a Domingo de 9 a 18:30 hs";5;1.6;Nafta;Manual;SUV;"Autos y camionetas";No;N/A;N/A;N/A;No;N/A;UY;No;Sí;No;No;N/A;N/A;N/A;N/A;N/A;N/A;N/A;N/A;N/A;N/A;N/A;N/A;N/A;N/A;N/A;N/A;N/A;N/A;N/A;N/A;N/A;N/A;N/A;N/A;N/A;N/A;N/A;N/A;N/A;N/A;N/A;N/A;N/A;N/A;N/A;N/A;N/A;N/A;N/A;N/A;N/A;N/A;N/A;N/A;N/A;N/A;N/A;N/A;N/A;N/A;N/A;No;N/A;N/A;N/A;N/A;N/A;N/A;N/A;N/A;N/A;N/A;N/A;N/A;N/A;N/A;N/A;N/A;N/A;N/A;N/A;N/A;N/A;N/A;N/A;N/A;N/A;N/A;N/A;N/A;N/A;Sí;N/A;N/A;N/A;Sí;Sí;N/A;N/A;N/A;N/A;N/A;N/A;N/A;N/A;N/A;N/A;N/A;N/A;N/A;N/A;N/A;N/A;Sí;N/A;Sí;N/A;N/A;N/A;N/A;N/A
Renault;Duster;"2.0 Ph2 4x2 Privilege 143cv";2016;"165000 km";;"VIDESOL S.A.";14800;;;;;"Colonia del Sacramento";https://auto.mercadolibre.com.uy/MLU-646946913-renault-duster-2016-20-ph2-4x2-privilege-143cv-_JM;N/A;;"Renault Duster 2016 2.0 Ph2 4x2 Privilege 143cv";usd;Sí;silver;false;N/A;N/A;http://perfil.mercadolibre.com.uy/VIDESOL+S.A.;active;N/A;N/A;Usado;N/A;N/A;Hidráulica;4x2;N/A;N/A;Sí;N/A;N/A;N/A;N/A;N/A;N/A;N/A;N/A;N/A;N/A;N/A;N/A;N/A;N/A;N/A;N/A;N/A;N/A;N/A;N/A;N/A;N/A;"2674 mm";"2 L";"50 L";6;N/A;N/A;N/A;N/A;N/A;N/A;N/A;N/A;N/A;N/A;N/A;N/A;N/A;N/A;N/A;N/A;N/A;N/A;N/A;N/A;N/A;N/A;N/A;N/A;N/A;N/A;N/A;N/A;N/A;N/A;N/A;N/A;N/A;N/A;N/A;N/A;N/A;N/A;N/A;N/A;N/A;N/A;N/A;N/A;N/A;"1683 mm";"4329 mm";N/A;N/A;N/A;N/A;5;"143 hp";Privilege;N/A;4;"1822 mm";"10.8 km/l";N/A;N/A;N/A;N/A;N/A;N/A;N/A;N/A;N/A;N/A;N/A;N/A;N/A;N/A;N/A;N/A;N/A;5;2.0;Nafta;Manual;SUV;"Autos y camionetas";N/A;N/A;N/A;N/A;N/A;N/A;UY;N/A;N/A;N/A;N/A;N/A;N/A;N/A;N/A;N/A;N/A;N/A;N/A;N/A;N/A;N/A;N/A;N/A;N/A;N/A;N/A;N/A;N/A;N/A;N/A;N/A;N/A;N/A;N/A;N/A;N/A;N/A;N/A;N/A;N/A;N/A;N/A;N/A;N/A;N/A;N/A;N/A;N/A;N/A;N/A;N/A;N/A;N/A;N/A;N/A;N/A;N/A;N/A;N/A;N/A;N/A;N/A;N/A;N/A;N/A;N/A;N/A;N/A;N/A;N/A;N/A;N/A;N/A;N/A;N/A;N/A;N/A;N/A;N/A;N/A;N/A;N/A;N/A;N/A;N/A;N/A;N/A;N/A;N/A;N/A;N/A;N/A;N/A;N/A;N/A;N/A;N/A;N/A;N/A;N/A;N/A;N/A;N/A;N/A;N/A;N/A;N/A;N/A;N/A;N/A;N/A;N/A;N/A;N/A;N/A;N/A;N/A;N/A;N/A;N/A;N/A
Renault;"Duster Oroch";"Intens 1.3 AT";2024;"0 km";;APPOLONI-AUTOMOVILES;26500;;;;;"Nueva Helvecia";https://auto.mercadolibre.com.uy/MLU-671283452-renault-oroch-intens-at-0km-permuta-financiacion-_JM;N/A;;"Renault Oroch Intens At 0km - Permuta - Financiación";USD;Sí;silver;false;N/A;N/A;http://perfil.mercadolibre.com.uy/APPOLONI-AUTOMOVILES;active;N/A;N/A;Nuevo;Rojo;N/A;Hidráulica;Delantera;Sí;Sí;N/A;N/A;N/A;Sí;N/A;N/A;No;N/A;N/A;Sí;Sí;N/A;No;N/A;N/A;N/A;N/A;N/A;N/A;N/A;N/A;N/A;N/A;N/A;N/A;N/A;N/A;N/A;N/A;N/A;N/A;N/A;No;N/A;N/A;N/A;N/A;N/A;N/A;N/A;N/A;N/A;N/A;N/A;N/A;N/A;N/A;N/A;N/A;N/A;N/A;N/A;N/A;N/A;N/A;N/A;No;N/A;N/A;N/A;N/A;N/A;N/A;N/A;N/A;N/A;N/A;N/A;N/A;N/A;N/A;N/A;N/A;N/A;N/A;N/A;N/A;N/A;N/A;N/A;N/A;N/A;N/A;N/A;N/A;No;N/A;Sí;Sí;N/A;Sí;Sí;N/A;No;N/A;N/A;No;No;N/A;N/A;No;"L - V 8:30 a 12:00 - 14:00 a 18:30. Sab. 8:30 a 12:30";5;"1.3 T";Nafta;Automática;Pick-Up;"Autos y camionetas";No;N/A;N/A;N/A;No;N/A;N/A;N/A;Sí;N/A;Sí;N/A;N/A;N/A;N/A;N/A;N/A;N/A;N/A;N/A;N/A;N/A;N/A;N/A;Sí;N/A;N/A;N/A;N/A;N/A;N/A;N/A;N/A;N/A;N/A;N/A;N/A;N/A;N/A;N/A;N/A;N/A;N/A;Sí;N/A;N/A;N/A;N/A;N/A;N/A;N/A;N/A;N/A;N/A;N/A;N/A;N/A;N/A;N/A;N/A;N/A;Sí;No;N/A;N/A;N/A;N/A;N/A;N/A;N/A;N/A;N/A;N/A;N/A;N/A;N/A;N/A;N/A;N/A;N/A;N/A;N/A;N/A;N/A;N/A;N/A;N/A;N/A;N/A;N/A;N/A;N/A;N/A;N/A;N/A;No;Sí;Sí;Sí;N/A;Sí;N/A;N/A;N/A;N/A;Sí;No;No;No;N/A;N/A;Sí;Sí;Sí;Sí;Sí;Sí;No;No;No;N/A;Sí
Renault;Kwid;Zen;2018;"82000 km";;SHOPPINGDEUSADOSSALTO;11900;;;;;Salto;https://auto.mercadolibre.com.uy/MLU-647351279-renault-kwid-zen-10-2018-impecable-_JM;N/A;;"Renault Kwid Zen 1.0 2018 Impecable!";USD;Sí;silver;false;N/A;N/A;http://perfil.mercadolibre.com.uy/SHOPPINGDEUSADOSSALTO;active;N/A;N/A;Usado;Beige;N/A;Hidráulica;Delantera;Sí;Sí;N/A;N/A;N/A;N/A;Sí;N/A;N/A;N/A;N/A;N/A;Sí;N/A;N/A;N/A;N/A;N/A;N/A;N/A;N/A;N/A;N/A;N/A;N/A;N/A;"1000 cc";N/A;5;N/A;N/A;N/A;N/A;N/A;N/A;N/A;N/A;N/A;N/A;N/A;N/A;N/A;N/A;N/A;N/A;N/A;N/A;N/A;N/A;N/A;N/A;N/A;N/A;N/A;Sí;N/A;N/A;N/A;N/A;N/A;N/A;N/A;N/A;N/A;N/A;N/A;N/A;N/A;N/A;N/A;N/A;N/A;N/A;N/A;N/A;N/A;N/A;N/A;N/A;N/A;N/A;N/A;Zen;N/A;N/A;N/A;"14 km/l";N/A;N/A;N/A;N/A;N/A;N/A;N/A;Sí;N/A;N/A;"19 km/l";N/A;N/A;N/A;N/A;Sí;"Lun a Vie de 8:30 a 12:30 y 14:30 a 18:30. Sáb de 9 a 13 hs";5;1.0;Nafta;Manual;Hatchback;"Autos y camionetas";No;N/A;N/A;N/A;No;N/A;N/A;No;Sí;No;No;N/A;N/A;N/A;N/A;N/A;N/A;N/A;N/A;N/A;N/A;N/A;N/A;N/A;N/A;N/A;N/A;N/A;N/A;N/A;N/A;N/A;N/A;N/A;N/A;N/A;N/A;N/A;N/A;N/A;N/A;N/A;N/A;N/A;N/A;N/A;N/A;N/A;N/A;N/A;N/A;N/A;N/A;N/A;N/A;N/A;N/A;N/A;N/A;N/A;N/A;N/A;No;N/A;N/A;N/A;N/A;N/A;N/A;N/A;N/A;N/A;N/A;N/A;N/A;N/A;N/A;N/A;N/A;N/A;N/A;N/A;N/A;N/A;N/A;N/A;N/A;N/A;N/A;N/A;N/A;N/A;N/A;N/A;N/A;N/A;Sí;Sí;N/A;N/A;Sí;N/A;N/A;N/A;N/A;Sí;N/A;N/A;N/A;N/A;N/A;N/A;N/A;N/A;Sí;Sí;Sí;N/A;N/A;Sí;N/A;Sí
Renault;Sandero;RS;2018;"110327 km";;D.MORALESAUTOMOTORES;16500;;;;;"San Jacinto";https://auto.mercadolibre.com.uy/MLU-706150306-renault-sandero-rs-20-2018-impecable-_JM;N/A;;"Renault Sandero Rs 2.0 2018 Impecable!";USD;Sí;silver;false;N/A;N/A;http://perfil.mercadolibre.com.uy/D.MORALESAUTOMOTORES;active;N/A;N/A;Usado;Rojo;Sí;Hidráulica;Delantera;Sí;Sí;Sí;N/A;Sí;N/A;Sí;N/A;N/A;N/A;N/A;Sí;Sí;N/A;Sí;N/A;N/A;N/A;N/A;N/A;N/A;N/A;N/A;N/A;N/A;N/A;"2000 cc";N/A;5;N/A;N/A;N/A;N/A;N/A;N/A;N/A;N/A;N/A;N/A;N/A;N/A;N/A;N/A;N/A;N/A;N/A;N/A;N/A;N/A;N/A;N/A;N/A;N/A;N/A;N/A;N/A;N/A;N/A;N/A;N/A;N/A;N/A;N/A;N/A;N/A;N/A;N/A;N/A;N/A;N/A;N/A;N/A;N/A;N/A;N/A;N/A;N/A;N/A;N/A;N/A;N/A;N/A;Rs;N/A;N/A;N/A;N/A;N/A;N/A;Sí;N/A;N/A;N/A;Sí;Sí;N/A;N/A;N/A;N/A;N/A;N/A;N/A;Sí;"Lun. a Vie. de 9 a 18:30 hs. Sáb. de 9 a 12:30 hs";5;2.0;Nafta;Manual;Hatchback;"Autos y camionetas";No;N/A;N/A;N/A;No;N/A;N/A;No;Sí;No;No;N/A;N/A;N/A;N/A;N/A;N/A;N/A;N/A;N/A;N/A;N/A;N/A;N/A;N/A;N/A;N/A;N/A;N/A;N/A;N/A;N/A;N/A;N/A;N/A;N/A;N/A;N/A;N/A;N/A;N/A;N/A;N/A;N/A;N/A;N/A;N/A;N/A;N/A;N/A;N/A;N/A;N/A;N/A;N/A;N/A;N/A;N/A;N/A;N/A;N/A;N/A;No;N/A;N/A;N/A;N/A;N/A;N/A;N/A;N/A;N/A;N/A;N/A;N/A;N/A;N/A;N/A;N/A;N/A;N/A;N/A;N/A;N/A;N/A;N/A;N/A;N/A;N/A;N/A;N/A;N/A;N/A;N/A;N/A;N/A;Sí;N/A;Sí;N/A;Sí;N/A;N/A;N/A;Sí;Sí;N/A;Sí;N/A;N/A;N/A;N/A;Sí;N/A;Sí;N/A;Sí;N/A;N/A;N/A;N/A;Sí
Renault;Kwid;"1.0 Sce 66cv Zen";2017;"110000 km";;"AMAYAPUENTE VENTASJOSE";11900;;;;;"San José de Carrasco";https://auto.mercadolibre.com.uy/MLU-705300530-renault-kwid-10-sce-66cv-zen-excelente-estado-_JM;N/A;;"Renault Kwid 1.0 Sce 66cv Zen Excelente Estado";usd;Sí;silver;false;N/A;N/A;http://perfil.mercadolibre.com.uy/AMAYAPUENTE+VENTASJOSE;active;N/A;N/A;Usado;Negro;N/A;Hidráulica;Delantera;N/A;N/A;Sí;N/A;N/A;N/A;N/A;N/A;N/A;N/A;N/A;N/A;N/A;N/A;N/A;N/A;N/A;N/A;N/A;N/A;N/A;N/A;N/A;N/A;N/A;"2423 mm";"1 L";"50 L";5;N/A;N/A;N/A;N/A;N/A;N/A;N/A;N/A;N/A;N/A;N/A;N/A;N/A;N/A;N/A;N/A;N/A;N/A;N/A;N/A;N/A;N/A;N/A;N/A;N/A;N/A;N/A;N/A;N/A;N/A;N/A;N/A;N/A;N/A;N/A;N/A;N/A;N/A;N/A;N/A;N/A;N/A;N/A;N/A;N/A;"1474 mm";"3680 mm";N/A;N/A;N/A;N/A;5;"66 hp";Zen;N/A;4;"1752 mm";N/A;N/A;N/A;N/A;N/A;N/A;N/A;N/A;N/A;N/A;N/A;N/A;N/A;N/A;N/A;N/A;N/A;"Atención Permanente";5;1.0;Nafta;Manual;Hatchback;"Autos y camionetas";N/A;N/A;N/A;N/A;N/A;N/A;UY;N/A;N/A;N/A;N/A;N/A;N/A;N/A;N/A;N/A;N/A;N/A;N/A;N/A;N/A;N/A;N/A;N/A;N/A;N/A;N/A;N/A;N/A;N/A;N/A;N/A;N/A;N/A;N/A;N/A;N/A;N/A;N/A;N/A;N/A;N/A;N/A;N/A;N/A;N/A;N/A;N/A;N/A;N/A;N/A;N/A;N/A;N/A;N/A;N/A;N/A;N/A;N/A;N/A;N/A;N/A;N/A;N/A;N/A;N/A;N/A;N/A;N/A;N/A;N/A;N/A;N/A;N/A;N/A;N/A;N/A;N/A;N/A;N/A;N/A;N/A;N/A;N/A;N/A;N/A;N/A;N/A;N/A;N/A;N/A;N/A;N/A;N/A;N/A;N/A;N/A;N/A;N/A;N/A;N/A;N/A;N/A;N/A;N/A;N/A;N/A;N/A;N/A;N/A;N/A;N/A;N/A;N/A;N/A;N/A;N/A;N/A;N/A;N/A;N/A;N/A
Renault;Clio;"0.9 Iv Fase Ii Turbo Dynamique";2016;"160970 km";;APPOLONI-AUTOMOVILES;14500;;;;;"Nueva Helvecia";https://auto.mercadolibre.com.uy/MLU-705273848-renault-clio-09-iv-fase-ii-turbo-dynamique-_JM;N/A;;"Renault Clio 0.9 Iv Fase Ii Turbo Dynamique";usd;Sí;silver;false;N/A;N/A;http://perfil.mercadolibre.com.uy/APPOLONI-AUTOMOVILES;active;N/A;N/A;Usado;Plateado;No;Hidráulica;Delantera;Sí;Sí;Sí;N/A;N/A;No;N/A;N/A;No;N/A;N/A;No;Sí;N/A;No;N/A;N/A;N/A;N/A;N/A;N/A;N/A;N/A;N/A;N/A;"2472 mm";"0.9 L";"50 L";5;N/A;N/A;N/A;N/A;N/A;Sí;N/A;N/A;N/A;N/A;N/A;N/A;N/A;N/A;N/A;N/A;N/A;N/A;N/A;N/A;N/A;N/A;N/A;N/A;N/A;N/A;N/A;N/A;N/A;No;N/A;N/A;N/A;N/A;N/A;N/A;N/A;N/A;N/A;N/A;N/A;N/A;N/A;N/A;N/A;"1417 mm";"3811 mm";N/A;N/A;N/A;N/A;5;"90 hp";Authentique;N/A;4;"1639 mm";N/A;No;N/A;No;No;N/A;Sí;Sí;N/A;Sí;N/A;N/A;No;No;N/A;N/A;No;"L - V 8:30 a 12:00 - 14:00 a 18:30. Sab. 8:30 a 12:30";3;0.9;Nafta;Manual;Hatchback;"Autos y camionetas";No;N/A;N/A;N/A;No;N/A;UY;N/A;Sí;N/A;Sí;N/A;N/A;N/A;N/A;N/A;N/A;N/A;N/A;N/A;N/A;N/A;N/A;N/A;Sí;N/A;N/A;N/A;N/A;N/A;N/A;N/A;N/A;N/A;N/A;N/A;N/A;N/A;N/A;N/A;N/A;N/A;N/A;No;N/A;N/A;N/A;N/A;N/A;N/A;N/A;N/A;N/A;N/A;N/A;N/A;N/A;N/A;N/A;N/A;N/A;No;No;N/A;N/A;N/A;N/A;N/A;N/A;N/A;N/A;N/A;N/A;N/A;N/A;N/A;N/A;N/A;N/A;N/A;N/A;N/A;N/A;N/A;N/A;N/A;N/A;N/A;N/A;N/A;N/A;N/A;N/A;N/A;N/A;No;Sí;Sí;Sí;N/A;Sí;N/A;N/A;N/A;N/A;Sí;No;Sí;No;N/A;N/A;Sí;Sí;No;Sí;Sí;Sí;No;No;No;N/A;Sí
Renault;Sandero;-;2014;"116416 km";;"KAITAZOFF MOTORS.";11000;;;;;Malvin;https://auto.mercadolibre.com.uy/MLU-699564288-renault-sandero-16-2014-excelente-estado-_JM;N/A;;"Renault Sandero 1.6 2014 Excelente Estado";USD;Sí;silver;false;N/A;N/A;http://perfil.mercadolibre.com.uy/KAITAZOFF+MOTORS.;active;N/A;N/A;Usado;Plateado;N/A;Asistida;N/A;Sí;Sí;Sí;N/A;N/A;N/A;Sí;Sí;N/A;N/A;Sí;N/A;Sí;N/A;N/A;N/A;N/A;N/A;N/A;N/A;N/A;N/A;N/A;N/A;N/A;N/A;"1600 cc";N/A;5;N/A;N/A;N/A;N/A;Sí;N/A;N/A;N/A;N/A;N/A;N/A;N/A;N/A;N/A;N/A;N/A;N/A;N/A;N/A;N/A;N/A;N/A;N/A;Sí;N/A;Sí;N/A;N/A;N/A;N/A;N/A;N/A;N/A;N/A;N/A;N/A;Sí;N/A;N/A;N/A;N/A;N/A;N/A;N/A;N/A;N/A;N/A;N/A;N/A;N/A;N/A;N/A;N/A;N/A;N/A;N/A;N/A;"12 km/l";N/A;N/A;N/A;Sí;N/A;N/A;Sí;N/A;N/A;N/A;"16 km/l";N/A;N/A;N/A;N/A;Sí;"Lun a Vie de 9 a 12:30 y 14 a 18:30 hs. Sáb. de 10 a 13 hs.";5;1.6;Nafta;Manual;SUV;"Autos y camionetas";No;N/A;N/A;N/A;No;N/A;N/A;No;Sí;No;No;N/A;N/A;N/A;N/A;N/A;N/A;N/A;N/A;N/A;N/A;N/A;N/A;N/A;N/A;N/A;N/A;N/A;N/A;N/A;N/A;N/A;N/A;N/A;N/A;N/A;N/A;N/A;N/A;N/A;N/A;N/A;N/A;N/A;N/A;N/A;N/A;N/A;N/A;N/A;N/A;N/A;N/A;N/A;N/A;N/A;N/A;N/A;N/A;N/A;N/A;Sí;No;N/A;N/A;N/A;N/A;N/A;N/A;N/A;N/A;N/A;N/A;N/A;N/A;N/A;N/A;N/A;N/A;N/A;N/A;N/A;N/A;N/A;N/A;N/A;N/A;N/A;N/A;N/A;N/A;N/A;N/A;N/A;N/A;N/A;Sí;Sí;Sí;N/A;Sí;Sí;N/A;N/A;Sí;Sí;N/A;Sí;N/A;N/A;Sí;N/A;N/A;N/A;Sí;Sí;Sí;N/A;N/A;Sí;N/A;Sí
Renault;Logan;-;2019;"104000 km";;INTERAUTO2024;11990;;;;;"Paso de Carrasco";https://auto.mercadolibre.com.uy/MLU-693700056-renault-logan-16-2019-impecable-interauto-_JM;N/A;;"Renault Logan 1.6 2019 Impecable! Interauto";usd;Sí;silver;false;N/A;N/A;http://perfil.mercadolibre.com.uy/INTERAUTO2024;active;N/A;N/A;Usado;Blanco;N/A;Hidráulica;Delantera;Sí;N/A;N/A;N/A;N/A;N/A;N/A;N/A;N/A;N/A;N/A;N/A;Sí;N/A;N/A;N/A;N/A;N/A;N/A;N/A;N/A;N/A;N/A;N/A;N/A;N/A;"1600 cc";N/A;5;N/A;N/A;Sí;N/A;N/A;Sí;N/A;N/A;N/A;N/A;N/A;N/A;N/A;N/A;N/A;N/A;N/A;N/A;N/A;N/A;N/A;N/A;N/A;N/A;N/A;N/A;N/A;N/A;N/A;N/A;N/A;N/A;N/A;N/A;N/A;N/A;N/A;N/A;N/A;N/A;N/A;N/A;N/A;N/A;N/A;N/A;N/A;N/A;N/A;N/A;N/A;N/A;N/A;N/A;N/A;N/A;N/A;"12 km/l";N/A;N/A;N/A;Sí;N/A;Sí;N/A;N/A;N/A;N/A;"15 km/l";N/A;N/A;N/A;N/A;N/A;"Lunes a Domingo de 9 a 18:30 hs";5;1.6;Nafta;Manual;Sedán;"Autos y camionetas";No;N/A;N/A;N/A;No;N/A;UY;No;Sí;No;No;N/A;N/A;N/A;N/A;N/A;N/A;N/A;N/A;N/A;N/A;N/A;N/A;N/A;N/A;N/A;N/A;N/A;N/A;N/A;N/A;N/A;N/A;N/A;N/A;N/A;N/A;N/A;N/A;N/A;N/A;N/A;N/A;N/A;N/A;N/A;N/A;N/A;N/A;N/A;N/A;N/A;N/A;N/A;N/A;N/A;N/A;N/A;N/A;N/A;N/A;N/A;No;N/A;N/A;N/A;N/A;N/A;N/A;N/A;N/A;N/A;N/A;N/A;N/A;N/A;N/A;N/A;N/A;N/A;N/A;N/A;N/A;N/A;N/A;N/A;N/A;N/A;N/A;N/A;N/A;N/A;Sí;N/A;N/A;N/A;Sí;Sí;N/A;N/A;Sí;N/A;N/A;N/A;N/A;Sí;N/A;N/A;N/A;N/A;N/A;N/A;N/A;N/A;Sí;N/A;N/A;N/A;N/A;Sí;N/A;Sí
Renault;Clio;"0.9 Iv Tce90 Intense";2023;"0 km";;RENAULTPUNTADELESTE;26990;;;;;"Punta del Este";https://auto.mercadolibre.com.uy/MLU-680685146-nuevo-renault-clio-v-intense-_JM;N/A;;"Nuevo Renault Clio V Intense";usd;Sí;silver;false;N/A;N/A;http://perfil.mercadolibre.com.uy/RENAULTPUNTADELESTE;active;N/A;N/A;Nuevo;Gris;N/A;Eléctrica;Delantera;Sí;Sí;Sí;N/A;N/A;Sí;N/A;N/A;Sí;N/A;N/A;Sí;Sí;N/A;Sí;N/A;N/A;N/A;N/A;N/A;N/A;N/A;N/A;N/A;N/A;"2472 mm";"0.9 L";"50 L";5;N/A;N/A;N/A;N/A;N/A;N/A;N/A;N/A;N/A;N/A;N/A;N/A;N/A;N/A;N/A;N/A;N/A;N/A;N/A;N/A;N/A;N/A;N/A;N/A;N/A;N/A;N/A;N/A;N/A;N/A;N/A;N/A;N/A;N/A;N/A;N/A;N/A;N/A;N/A;N/A;N/A;N/A;N/A;N/A;N/A;"1417 mm";"3811 mm";N/A;N/A;N/A;N/A;5;"90 hp";Intense;N/A;4;"1639 mm";N/A;N/A;N/A;Sí;Sí;N/A;Sí;Sí;N/A;N/A;N/A;N/A;N/A;Sí;N/A;N/A;Sí;"lunes a viernes de 9 a 13hs  14: 30 a 18: 00hs sabados de 9 a 13 hs";3;0.9;Nafta;Manual;Hatchback;"Autos y camionetas";Sí;N/A;N/A;N/A;N/A;N/A;UY;N/A;Sí;N/A;N/A;N/A;N/A;N/A;N/A;N/A;N/A;N/A;N/A;N/A;N/A;N/A;N/A;N/A;Sí;N/A;N/A;N/A;N/A;N/A;N/A;N/A;N/A;N/A;N/A;N/A;N/A;N/A;N/A;N/A;N/A;N/A;N/A;Sí;N/A;N/A;N/A;N/A;N/A;N/A;N/A;N/A;N/A;N/A;N/A;N/A;N/A;N/A;N/A;N/A;N/A;Sí;N/A;N/A;N/A;N/A;N/A;N/A;N/A;N/A;N/A;N/A;N/A;N/A;N/A;N/A;N/A;N/A;N/A;N/A;N/A;N/A;N/A;N/A;N/A;N/A;N/A;N/A;N/A;N/A;N/A;N/A;N/A;N/A;N/A;Sí;Sí;Sí;Sí;N/A;Sí;N/A;N/A;N/A;N/A;Sí;Sí;Sí;Sí;N/A;N/A;Sí;Sí;Sí;Sí;Sí;Sí;N/A;N/A;N/A;N/A;Sí
Renault;"Duster Oroch";"1.6 Dynamique";2017;"243154 km";;APPOLONI-AUTOMOVILES;12800;;;;;"Nueva Helvecia";https://auto.mercadolibre.com.uy/MLU-702614094-renault-oroch-permuta-financiacion-_JM;N/A;;"Renault Oroch - Permuta - Financiación";usd;Sí;silver;false;N/A;N/A;http://perfil.mercadolibre.com.uy/APPOLONI-AUTOMOVILES;active;N/A;N/A;Usado;Rojo;N/A;Hidráulica;4x2;N/A;N/A;Sí;N/A;N/A;N/A;N/A;N/A;N/A;N/A;N/A;N/A;N/A;N/A;N/A;N/A;N/A;N/A;N/A;N/A;N/A;N/A;N/A;N/A;N/A;"2829 mm";"1.6 L";"50 L";5;N/A;N/A;N/A;N/A;N/A;N/A;N/A;N/A;N/A;N/A;N/A;N/A;N/A;N/A;N/A;N/A;N/A;N/A;N/A;N/A;N/A;N/A;N/A;N/A;N/A;N/A;N/A;N/A;N/A;N/A;N/A;N/A;N/A;N/A;N/A;N/A;N/A;N/A;N/A;N/A;N/A;N/A;N/A;N/A;N/A;"1683 mm";"4329 mm";N/A;N/A;N/A;N/A;5;"110 hp";Dynamique;N/A;4;"1821 mm";"11.1 km/l";N/A;N/A;N/A;N/A;N/A;N/A;N/A;N/A;N/A;N/A;"10.4 km/l";N/A;N/A;N/A;N/A;N/A;"L - V 8:30 a 12:00 - 14:00 a 18:30. Sab. 8:30 a 12:30";4;1.6;Nafta;Manual;SUV;"Autos y camionetas";N/A;N/A;N/A;N/A;N/A;N/A;UY;N/A;N/A;N/A;N/A;N/A;N/A;N/A;N/A;N/A;N/A;N/A;N/A;N/A;N/A;N/A;N/A;N/A;N/A;N/A;N/A;N/A;N/A;N/A;N/A;N/A;N/A;N/A;N/A;N/A;N/A;N/A;N/A;N/A;N/A;N/A;N/A;N/A;N/A;N/A;N/A;N/A;N/A;N/A;N/A;N/A;N/A;N/A;N/A;N/A;N/A;N/A;N/A;N/A;N/A;N/A;N/A;N/A;N/A;N/A;N/A;N/A;N/A;N/A;N/A;N/A;N/A;N/A;N/A;N/A;N/A;N/A;N/A;N/A;N/A;N/A;N/A;N/A;N/A;N/A;N/A;N/A;N/A;N/A;N/A;N/A;N/A;N/A;N/A;N/A;N/A;N/A;N/A;N/A;N/A;N/A;N/A;N/A;N/A;N/A;N/A;N/A;N/A;N/A;N/A;N/A;N/A;N/A;N/A;N/A;N/A;N/A;N/A;N/A;N/A;N/A
Renault;"Duster Oroch";Expression;2016;"93000 km";;NACHOMOVILES;14700;;;;;"Paso de Carrasco";https://auto.mercadolibre.com.uy/MLU-646976865-renault-oroch-expression-16-2016-_JM;N/A;;"Renault Oroch Expression 1.6 2016";USD;Sí;silver;false;N/A;N/A;http://perfil.mercadolibre.com.uy/NACHOMOVILES;active;N/A;N/A;Usado;Verde;Sí;Hidráulica;N/A;Sí;Sí;N/A;N/A;N/A;N/A;Sí;Sí;N/A;N/A;Sí;N/A;Sí;N/A;N/A;N/A;N/A;N/A;N/A;N/A;N/A;N/A;N/A;N/A;N/A;N/A;"1600 cc";N/A;5;N/A;N/A;N/A;N/A;N/A;Sí;N/A;N/A;N/A;N/A;N/A;N/A;N/A;N/A;N/A;N/A;N/A;N/A;N/A;N/A;N/A;N/A;N/A;Sí;N/A;N/A;N/A;N/A;N/A;N/A;N/A;N/A;N/A;N/A;N/A;N/A;Sí;N/A;N/A;N/A;N/A;N/A;N/A;N/A;N/A;N/A;N/A;N/A;N/A;N/A;N/A;N/A;"110 hp";N/A;N/A;N/A;N/A;N/A;N/A;N/A;N/A;Sí;N/A;Sí;N/A;N/A;N/A;N/A;N/A;Sí;N/A;N/A;Sí;N/A;"Lun. a Vie. 9 a 13 y 14:30 a 18:30 hs.";4;1.6;Nafta;Manual;Pick-Up;"Autos y camionetas";No;N/A;N/A;N/A;No;N/A;N/A;No;Sí;No;No;N/A;N/A;N/A;N/A;N/A;N/A;N/A;N/A;N/A;N/A;N/A;N/A;N/A;N/A;N/A;N/A;N/A;N/A;N/A;N/A;N/A;N/A;N/A;N/A;N/A;N/A;N/A;N/A;N/A;N/A;N/A;N/A;N/A;N/A;N/A;N/A;N/A;N/A;N/A;N/A;N/A;N/A;N/A;N/A;N/A;N/A;N/A;N/A;N/A;N/A;N/A;No;N/A;N/A;N/A;N/A;N/A;N/A;N/A;N/A;N/A;N/A;N/A;N/A;N/A;N/A;N/A;N/A;N/A;N/A;N/A;N/A;N/A;N/A;N/A;N/A;N/A;N/A;N/A;N/A;N/A;N/A;N/A;N/A;N/A;Sí;Sí;Sí;N/A;Sí;N/A;N/A;N/A;Sí;Sí;N/A;N/A;N/A;Sí;N/A;N/A;Sí;N/A;Sí;Sí;Sí;Sí;N/A;N/A;N/A;Sí
Renault;Clio;"1.2 Mío Expression Pack I";2013;"234000 km";;"VIDESOL S.A.";6200;;;;;"Colonia del Sacramento";https://auto.mercadolibre.com.uy/MLU-701509150-renault-clio-expression-12-2013-_JM;N/A;;"Renault Clio Expression 1.2 2013";usd;Sí;silver;false;N/A;N/A;http://perfil.mercadolibre.com.uy/VIDESOL+S.A.;active;N/A;N/A;Usado;Negro;N/A;Hidráulica;Delantera;Sí;N/A;N/A;N/A;N/A;N/A;N/A;N/A;N/A;N/A;N/A;N/A;No;N/A;N/A;N/A;N/A;N/A;N/A;N/A;N/A;N/A;N/A;N/A;N/A;"2472 mm";"1.2 L";"50 L";5;N/A;N/A;N/A;N/A;N/A;N/A;N/A;N/A;N/A;N/A;N/A;N/A;N/A;N/A;N/A;N/A;N/A;N/A;N/A;N/A;N/A;N/A;N/A;N/A;N/A;N/A;N/A;N/A;N/A;N/A;N/A;N/A;N/A;Sí;N/A;N/A;N/A;N/A;N/A;N/A;N/A;N/A;N/A;N/A;N/A;"1417 mm";"3813 mm";N/A;N/A;N/A;N/A;5;"75 hp";Expression;N/A;4;"1639 mm";N/A;No;N/A;N/A;Sí;N/A;N/A;N/A;N/A;N/A;N/A;N/A;N/A;N/A;N/A;N/A;N/A;N/A;5;1.2;Nafta;Manual;Hatchback;"Autos y camionetas";N/A;N/A;N/A;N/A;N/A;N/A;UY;N/A;N/A;N/A;N/A;N/A;N/A;N/A;N/A;N/A;N/A;N/A;N/A;N/A;N/A;N/A;N/A;N/A;N/A;N/A;N/A;N/A;N/A;N/A;N/A;N/A;N/A;N/A;N/A;N/A;N/A;N/A;N/A;N/A;N/A;N/A;N/A;N/A;N/A;N/A;N/A;N/A;N/A;N/A;N/A;N/A;N/A;N/A;N/A;N/A;N/A;N/A;N/A;N/A;N/A;N/A;N/A;N/A;N/A;N/A;N/A;N/A;N/A;N/A;N/A;N/A;N/A;N/A;N/A;N/A;N/A;N/A;N/A;N/A;N/A;N/A;N/A;N/A;N/A;N/A;N/A;N/A;N/A;N/A;N/A;N/A;N/A;N/A;N/A;N/A;N/A;N/A;N/A;N/A;N/A;N/A;N/A;N/A;N/A;N/A;N/A;N/A;N/A;N/A;N/A;N/A;Sí;N/A;N/A;N/A;N/A;N/A;N/A;N/A;N/A;N/A
Renault;Duster;"1.6 16v Intens";2022;"96645 km";;APPOLONI-AUTOMOVILES;21800;;;;;"Nueva Helvecia";https://auto.mercadolibre.com.uy/MLU-698769748-renault-new-duster-permuta-financiacion-_JM;N/A;;"Renault New Duster - Permuta - Financiación";usd;Sí;silver;false;N/A;N/A;http://perfil.mercadolibre.com.uy/APPOLONI-AUTOMOVILES;active;N/A;N/A;Usado;Negro;N/A;N/A;4x2;N/A;N/A;Sí;N/A;N/A;N/A;N/A;N/A;N/A;N/A;N/A;N/A;N/A;N/A;N/A;N/A;N/A;N/A;N/A;N/A;N/A;N/A;N/A;N/A;N/A;"2674 mm";"1.6 L";"50 L";5;N/A;N/A;N/A;N/A;N/A;N/A;N/A;N/A;N/A;N/A;N/A;N/A;N/A;N/A;N/A;N/A;N/A;N/A;N/A;N/A;N/A;N/A;N/A;N/A;N/A;N/A;N/A;N/A;N/A;N/A;N/A;N/A;N/A;N/A;N/A;N/A;N/A;N/A;N/A;N/A;N/A;N/A;N/A;N/A;N/A;"1683 mm";"4329 mm";N/A;N/A;N/A;N/A;5;"118 hp";Intens;N/A;4;"1822 mm";"11.1 km/l";N/A;N/A;N/A;N/A;N/A;N/A;N/A;N/A;N/A;N/A;"10.4 km/l";N/A;N/A;N/A;N/A;N/A;"L - V 8:30 a 12:00 - 14:00 a 18:30. Sab. 8:30 a 12:30";5;1.6;Nafta;Manual;SUV;"Autos y camionetas";N/A;N/A;N/A;N/A;N/A;N/A;UY;N/A;N/A;N/A;N/A;N/A;N/A;N/A;N/A;N/A;N/A;N/A;N/A;N/A;N/A;N/A;N/A;N/A;N/A;N/A;N/A;N/A;N/A;N/A;N/A;N/A;N/A;N/A;N/A;N/A;N/A;N/A;N/A;N/A;N/A;N/A;N/A;N/A;N/A;N/A;N/A;N/A;N/A;N/A;N/A;N/A;N/A;N/A;N/A;N/A;N/A;N/A;N/A;N/A;N/A;N/A;N/A;N/A;N/A;N/A;N/A;N/A;N/A;N/A;N/A;N/A;N/A;N/A;N/A;N/A;N/A;N/A;N/A;N/A;N/A;N/A;N/A;N/A;N/A;N/A;N/A;N/A;N/A;N/A;N/A;N/A;N/A;N/A;N/A;N/A;N/A;N/A;N/A;N/A;N/A;N/A;N/A;N/A;N/A;N/A;N/A;N/A;N/A;N/A;N/A;N/A;N/A;N/A;N/A;N/A;N/A;N/A;N/A;N/A;N/A;N/A
Renault;"Sandero Stepway";At;2020;"102000 km";;"VIPERCAR AUTOMOVILES_3";17700;;;;;Centro;https://auto.mercadolibre.com.uy/MLU-697855544-renault-sandero-stepway-at-16-2020-impecable-_JM;N/A;;"Renault Sandero Stepway A/t 1.6 2020 Impecable!";USD;Sí;silver;false;N/A;N/A;http://perfil.mercadolibre.com.uy/VIPERCAR+AUTOMOVILES_3;active;N/A;N/A;Usado;"Gris oscuro";N/A;Hidráulica;N/A;Sí;Sí;Sí;N/A;N/A;N/A;Sí;N/A;Sí;N/A;Sí;N/A;Sí;N/A;N/A;N/A;N/A;N/A;N/A;N/A;N/A;N/A;N/A;N/A;N/A;N/A;"1600 cc";N/A;4;N/A;N/A;N/A;N/A;N/A;N/A;N/A;N/A;N/A;N/A;N/A;N/A;N/A;N/A;N/A;N/A;N/A;N/A;N/A;N/A;N/A;N/A;N/A;Sí;N/A;N/A;N/A;N/A;N/A;N/A;N/A;N/A;N/A;N/A;N/A;N/A;N/A;N/A;N/A;N/A;N/A;N/A;N/A;N/A;N/A;N/A;N/A;N/A;N/A;N/A;N/A;N/A;N/A;N/A;N/A;N/A;N/A;N/A;N/A;N/A;Sí;N/A;Sí;N/A;Sí;Sí;N/A;N/A;N/A;N/A;N/A;N/A;N/A;Sí;"Lun a Vie de 9 a 12:30 y de 13:30 a 19. Sáb de 9 a 13 hs.";5;1.6;Nafta;"Automática secuencial";SUV;"Autos y camionetas";No;N/A;N/A;N/A;No;N/A;N/A;No;Sí;No;No;N/A;N/A;N/A;N/A;N/A;N/A;N/A;N/A;N/A;N/A;N/A;N/A;N/A;N/A;N/A;N/A;N/A;N/A;N/A;N/A;N/A;N/A;N/A;N/A;N/A;N/A;N/A;N/A;N/A;N/A;N/A;N/A;N/A;N/A;N/A;N/A;N/A;N/A;N/A;N/A;N/A;N/A;N/A;N/A;N/A;N/A;N/A;N/A;N/A;N/A;N/A;No;N/A;N/A;N/A;N/A;N/A;N/A;N/A;N/A;N/A;N/A;N/A;N/A;N/A;N/A;N/A;N/A;N/A;N/A;N/A;N/A;N/A;N/A;N/A;N/A;N/A;N/A;N/A;N/A;N/A;Sí;N/A;N/A;N/A;Sí;N/A;Sí;N/A;Sí;Sí;Sí;N/A;Sí;Sí;N/A;Sí;N/A;N/A;N/A;N/A;N/A;N/A;Sí;Sí;Sí;N/A;N/A;N/A;N/A;Sí
Renault;Kwid;Intense;2019;"43000 km";;"HYUNDAI SALTO";12500;;;;;Salto;https://auto.mercadolibre.com.uy/MLU-644027483-renault-kwid-intense-10-2019-impecable-hyundai-salto-_JM;N/A;;"Renault Kwid Intense 1.0 2019 Impecable! - Hyundai Salto";usd;Sí;silver;false;N/A;N/A;http://perfil.mercadolibre.com.uy/HYUNDAI+SALTO;active;N/A;N/A;Usado;Bordó;Sí;Hidráulica;N/A;Sí;Sí;N/A;N/A;N/A;N/A;N/A;Sí;N/A;N/A;N/A;N/A;Sí;N/A;N/A;N/A;N/A;N/A;N/A;N/A;N/A;N/A;N/A;N/A;N/A;N/A;"1000 cc";N/A;5;N/A;N/A;N/A;N/A;Sí;Sí;N/A;N/A;N/A;N/A;N/A;N/A;N/A;N/A;N/A;N/A;N/A;N/A;N/A;N/A;N/A;N/A;N/A;N/A;N/A;Sí;N/A;N/A;N/A;N/A;N/A;N/A;N/A;N/A;N/A;N/A;Sí;N/A;N/A;N/A;N/A;N/A;N/A;N/A;N/A;N/A;N/A;N/A;N/A;N/A;N/A;N/A;"70 hp";Intense;N/A;N/A;N/A;"15 km/l";N/A;N/A;N/A;Sí;N/A;Sí;Sí;Sí;N/A;N/A;"19 km/l";N/A;N/A;N/A;N/A;Sí;"Lun a Vie de 8:30 a 12 y 14:30 a 19 hs. Sáb de 8:30 a 12 hs";5;1.0;Nafta;Manual;Hatchback;"Autos y camionetas";No;N/A;N/A;N/A;No;N/A;UY;No;Sí;No;No;N/A;N/A;N/A;N/A;N/A;N/A;N/A;N/A;N/A;N/A;N/A;N/A;N/A;N/A;N/A;N/A;N/A;N/A;N/A;N/A;N/A;N/A;N/A;N/A;N/A;N/A;N/A;N/A;N/A;N/A;N/A;N/A;N/A;N/A;N/A;N/A;N/A;N/A;N/A;N/A;N/A;N/A;N/A;N/A;N/A;N/A;N/A;N/A;N/A;N/A;N/A;No;N/A;N/A;N/A;N/A;N/A;N/A;N/A;N/A;N/A;N/A;N/A;N/A;N/A;N/A;N/A;N/A;N/A;N/A;N/A;N/A;N/A;N/A;N/A;N/A;N/A;N/A;N/A;N/A;N/A;Sí;N/A;N/A;N/A;Sí;N/A;N/A;N/A;Sí;N/A;N/A;N/A;N/A;Sí;N/A;N/A;N/A;N/A;N/A;N/A;N/A;N/A;Sí;Sí;Sí;N/A;N/A;N/A;Sí;Sí
Renault;Koleos;"2.5 Privilege 4x4 Cvt";2012;"208000 km";;"VIDESOL S.A.";14200;;;;;"Colonia del Sacramento";https://auto.mercadolibre.com.uy/MLU-701898542-renault-koleos-25-privilege-4x4-cvt-_JM;N/A;;"Renault Koleos 2.5 Privilege 4x4 Cvt";usd;Sí;silver;false;N/A;N/A;http://perfil.mercadolibre.com.uy/VIDESOL+S.A.;active;N/A;N/A;Usado;Plateado;N/A;Eléctrica;4x4;N/A;N/A;Sí;N/A;N/A;N/A;N/A;N/A;Sí;Sí;N/A;Sí;N/A;N/A;N/A;N/A;N/A;N/A;N/A;N/A;N/A;N/A;N/A;N/A;N/A;"2690 mm";"2.5 L";"65 L";6;N/A;N/A;N/A;N/A;N/A;N/A;N/A;N/A;N/A;Sí;N/A;N/A;N/A;N/A;N/A;N/A;N/A;N/A;N/A;N/A;N/A;N/A;N/A;N/A;N/A;N/A;N/A;N/A;N/A;N/A;N/A;N/A;N/A;Sí;Sí;Sí;N/A;N/A;N/A;N/A;N/A;N/A;N/A;N/A;N/A;"1695 mm";"4520 mm";N/A;N/A;N/A;N/A;5;"170 hp";Privilege;N/A;4;"1855 mm";"12.5 km/l";Sí;N/A;N/A;Sí;N/A;N/A;Sí;N/A;N/A;N/A;"8.3 km/l";N/A;N/A;N/A;N/A;N/A;N/A;5;2.5;Nafta;Automática;SUV;"Autos y camionetas";N/A;N/A;N/A;N/A;N/A;N/A;UY;N/A;N/A;N/A;N/A;N/A;N/A;N/A;N/A;N/A;N/A;N/A;N/A;N/A;N/A;N/A;N/A;N/A;N/A;N/A;N/A;N/A;N/A;N/A;N/A;N/A;N/A;N/A;N/A;N/A;N/A;N/A;N/A;N/A;N/A;N/A;N/A;N/A;N/A;N/A;N/A;N/A;N/A;N/A;N/A;N/A;N/A;N/A;N/A;N/A;N/A;N/A;N/A;N/A;N/A;N/A;N/A;N/A;N/A;N/A;N/A;N/A;N/A;N/A;N/A;N/A;N/A;N/A;N/A;N/A;N/A;N/A;N/A;N/A;N/A;N/A;N/A;N/A;N/A;N/A;N/A;N/A;N/A;N/A;N/A;N/A;N/A;N/A;N/A;N/A;N/A;N/A;N/A;N/A;N/A;N/A;N/A;N/A;N/A;N/A;Sí;N/A;N/A;N/A;N/A;N/A;Sí;N/A;N/A;N/A;N/A;N/A;N/A;Sí;N/A;N/A
Renault;Kwid;"1.0 Sce 66cv Zen";2019;"60000 km";;RALLYAUT1;10990;;;;;Aguada;https://auto.mercadolibre.com.uy/MLU-702665556-renault-kwid-zen-ano-2019-financiamos-100-_JM;N/A;;"Renault Kwid Zen Año 2019 Financiamos 100% ";usd;Sí;silver;false;N/A;N/A;http://perfil.mercadolibre.com.uy/RALLYAUT1;active;N/A;N/A;Usado;Naranja;N/A;Hidráulica;Delantera;N/A;N/A;Sí;N/A;N/A;N/A;N/A;N/A;N/A;N/A;N/A;N/A;N/A;N/A;N/A;N/A;N/A;N/A;N/A;N/A;N/A;N/A;N/A;N/A;N/A;"2423 mm";"1 L";"50 L";5;N/A;N/A;N/A;N/A;N/A;N/A;N/A;N/A;N/A;N/A;N/A;N/A;N/A;N/A;N/A;N/A;N/A;N/A;N/A;N/A;N/A;N/A;N/A;N/A;N/A;N/A;N/A;N/A;N/A;N/A;N/A;N/A;N/A;N/A;N/A;N/A;N/A;N/A;N/A;N/A;N/A;N/A;N/A;N/A;N/A;"1474 mm";"3680 mm";N/A;N/A;N/A;N/A;5;"66 hp";Zen;N/A;4;"1752 mm";N/A;N/A;N/A;N/A;N/A;N/A;N/A;N/A;N/A;N/A;N/A;N/A;N/A;N/A;N/A;N/A;N/A;"LUNES A VIERNES DE 10 A 18HRS SABADOS DE 9 A 13HRS";5;1.0;Nafta;Manual;Hatchback;"Autos y camionetas";N/A;N/A;N/A;N/A;N/A;N/A;UY;N/A;N/A;N/A;N/A;N/A;N/A;N/A;N/A;N/A;N/A;N/A;N/A;N/A;N/A;N/A;N/A;N/A;N/A;N/A;N/A;N/A;N/A;N/A;N/A;N/A;N/A;N/A;N/A;N/A;N/A;N/A;N/A;N/A;N/A;N/A;N/A;N/A;N/A;N/A;N/A;N/A;N/A;N/A;N/A;N/A;N/A;N/A;N/A;N/A;N/A;N/A;N/A;N/A;N/A;N/A;N/A;N/A;N/A;N/A;N/A;N/A;N/A;N/A;N/A;N/A;N/A;N/A;N/A;N/A;N/A;N/A;N/A;N/A;N/A;N/A;N/A;N/A;N/A;N/A;N/A;N/A;N/A;N/A;N/A;N/A;N/A;N/A;N/A;N/A;N/A;N/A;N/A;N/A;N/A;N/A;N/A;N/A;N/A;N/A;N/A;N/A;N/A;N/A;N/A;N/A;N/A;N/A;N/A;N/A;N/A;N/A;N/A;N/A;N/A;N/A
Renault;"Duster Oroch";Expression;2017;"110000 km";;SOLYCARAUTOMOVILES;15300;;;;;Solymar;https://auto.mercadolibre.com.uy/MLU-701782758-renault-oroch-expression-16-2017-muy-buen-estado-solycar-_JM;N/A;;"Renault Oroch Expression 1.6 2017 Muy Buen Estado! - Solycar";USD;Sí;silver;false;N/A;N/A;http://perfil.mercadolibre.com.uy/SOLYCARAUTOMOVILES;active;N/A;N/A;Usado;Blanco;Sí;Hidráulica;4x2;Sí;Sí;N/A;N/A;N/A;N/A;Sí;Sí;N/A;N/A;Sí;N/A;Sí;N/A;N/A;N/A;N/A;N/A;N/A;N/A;N/A;N/A;N/A;N/A;N/A;N/A;"1600 cc";N/A;5;N/A;N/A;N/A;N/A;N/A;N/A;N/A;N/A;N/A;N/A;N/A;N/A;N/A;N/A;N/A;N/A;N/A;N/A;N/A;N/A;N/A;N/A;N/A;Sí;N/A;Sí;N/A;N/A;N/A;Sí;N/A;N/A;N/A;N/A;N/A;N/A;Sí;N/A;N/A;N/A;N/A;N/A;N/A;N/A;N/A;N/A;N/A;N/A;N/A;N/A;N/A;N/A;"110 hp";N/A;N/A;N/A;N/A;"11 km/l";N/A;N/A;N/A;N/A;N/A;N/A;Sí;Sí;N/A;N/A;"14 km/l";N/A;N/A;N/A;Sí;N/A;"Lun. a Vie. de 9:30 a 18:30 hs. Sáb. de 9:30 a 14 hs";4;1.6;Nafta;Manual;Pick-Up;"Autos y camionetas";No;N/A;N/A;N/A;No;N/A;N/A;No;Sí;No;No;N/A;N/A;N/A;N/A;N/A;N/A;N/A;N/A;N/A;N/A;N/A;N/A;N/A;N/A;N/A;N/A;N/A;N/A;N/A;N/A;N/A;N/A;N/A;N/A;N/A;N/A;N/A;N/A;N/A;N/A;N/A;N/A;N/A;N/A;N/A;N/A;N/A;N/A;N/A;N/A;N/A;N/A;N/A;N/A;N/A;N/A;N/A;N/A;N/A;N/A;N/A;No;N/A;N/A;N/A;N/A;N/A;N/A;N/A;N/A;N/A;N/A;N/A;N/A;N/A;N/A;N/A;N/A;N/A;N/A;N/A;N/A;N/A;N/A;N/A;N/A;N/A;N/A;N/A;N/A;N/A;N/A;N/A;N/A;N/A;Sí;N/A;Sí;N/A;Sí;Sí;N/A;N/A;Sí;Sí;N/A;Sí;N/A;Sí;N/A;N/A;N/A;N/A;Sí;Sí;Sí;N/A;N/A;Sí;N/A;Sí
Renault;"Duster Oroch";"2.0 Privilege";2016;"187108 km";;"AUTOMOTORA MARMOLEJO";15500;;;;;Minas;https://auto.mercadolibre.com.uy/MLU-698418192-renault-oroch-20-nafta-ano-2016-_JM;N/A;;"Renault Oroch 2.0 Nafta, Año 2016";usd;Sí;silver;false;N/A;N/A;http://perfil.mercadolibre.com.uy/AUTOMOTORA+MARMOLEJO;active;N/A;N/A;Usado;Gris;N/A;Hidráulica;4x2;Sí;N/A;N/A;N/A;N/A;N/A;N/A;N/A;N/A;N/A;N/A;N/A;N/A;N/A;N/A;N/A;N/A;N/A;N/A;N/A;N/A;N/A;N/A;N/A;N/A;"2829 mm";"2 L";"50 L";6;N/A;N/A;N/A;N/A;N/A;N/A;N/A;N/A;N/A;N/A;N/A;N/A;N/A;N/A;N/A;N/A;N/A;N/A;N/A;N/A;N/A;N/A;N/A;N/A;N/A;N/A;N/A;N/A;N/A;N/A;N/A;N/A;N/A;N/A;N/A;N/A;N/A;N/A;N/A;N/A;N/A;N/A;N/A;N/A;N/A;"1683 mm";"4329 mm";N/A;N/A;N/A;N/A;5;"143 hp";Privilege;N/A;4;"1821 mm";"10.8 km/l";N/A;N/A;N/A;N/A;N/A;N/A;N/A;N/A;N/A;N/A;N/A;Sí;N/A;N/A;N/A;N/A;"Lunes a Viernes de 8:30 a 12:00 y de 14:30 a 19:00hs, Sábados de 9:00 a 12:00hs.";5;2.0;Nafta;Manual;SUV;"Autos y camionetas";N/A;N/A;N/A;N/A;N/A;N/A;UY;N/A;N/A;N/A;N/A;N/A;N/A;N/A;N/A;N/A;N/A;N/A;N/A;N/A;N/A;N/A;N/A;N/A;N/A;N/A;N/A;N/A;N/A;N/A;N/A;N/A;N/A;N/A;N/A;N/A;N/A;N/A;N/A;N/A;N/A;N/A;N/A;N/A;N/A;N/A;N/A;N/A;N/A;N/A;N/A;N/A;N/A;N/A;N/A;N/A;N/A;N/A;N/A;N/A;N/A;N/A;N/A;N/A;N/A;N/A;N/A;N/A;N/A;N/A;N/A;N/A;N/A;N/A;N/A;N/A;N/A;N/A;N/A;N/A;N/A;N/A;N/A;N/A;N/A;N/A;N/A;N/A;N/A;N/A;N/A;N/A;N/A;N/A;N/A;N/A;Sí;Sí;N/A;N/A;Sí;N/A;N/A;N/A;N/A;Sí;N/A;N/A;N/A;N/A;N/A;N/A;N/A;N/A;N/A;N/A;N/A;N/A;N/A;N/A;N/A;N/A
Renault;Sandero;"1.0 Zen";2021;"87000 km";;RALLYAUT1;11490;;;;;Aguada;https://auto.mercadolibre.com.uy/MLU-696543536-renault-sandero-10-ano-2021-financiamos-100-_JM;N/A;;"Renault Sandero 1.0 Año 2021 Financiamos 100% ";usd;Sí;silver;false;N/A;N/A;http://perfil.mercadolibre.com.uy/RALLYAUT1;active;N/A;N/A;Usado;Blanco;N/A;Hidráulica;Delantera;N/A;N/A;Sí;N/A;N/A;N/A;N/A;N/A;N/A;N/A;N/A;N/A;N/A;N/A;N/A;N/A;N/A;N/A;N/A;N/A;N/A;N/A;N/A;N/A;N/A;"2590 mm";"1 L";"50 L";5;N/A;N/A;N/A;N/A;N/A;N/A;N/A;N/A;N/A;N/A;N/A;N/A;N/A;N/A;N/A;N/A;N/A;N/A;N/A;N/A;N/A;N/A;N/A;N/A;N/A;N/A;N/A;N/A;N/A;N/A;N/A;N/A;N/A;Sí;Sí;Sí;N/A;N/A;N/A;N/A;N/A;N/A;N/A;N/A;N/A;"1559 mm";"4066 mm";N/A;N/A;N/A;N/A;5;"66 hp";Zen;N/A;4;"1761 mm";"9.3 km/l";Sí;N/A;N/A;N/A;N/A;N/A;Sí;N/A;N/A;N/A;"5.9 km/l";N/A;N/A;N/A;N/A;N/A;"LUNES A VIERNES DE 10 A 18HRS SABADOS DE 9 A 13HRS";5;1.0;Nafta;Manual;Hatchback;"Autos y camionetas";N/A;N/A;N/A;N/A;N/A;N/A;UY;N/A;N/A;N/A;N/A;N/A;N/A;N/A;N/A;N/A;N/A;N/A;N/A;N/A;N/A;N/A;N/A;N/A;N/A;N/A;N/A;N/A;N/A;N/A;N/A;N/A;N/A;N/A;N/A;N/A;N/A;N/A;N/A;N/A;N/A;N/A;N/A;N/A;N/A;N/A;N/A;N/A;N/A;N/A;N/A;N/A;N/A;N/A;N/A;N/A;N/A;N/A;N/A;N/A;N/A;N/A;N/A;N/A;N/A;N/A;N/A;N/A;N/A;N/A;N/A;N/A;N/A;N/A;N/A;N/A;N/A;N/A;N/A;N/A;N/A;N/A;N/A;N/A;N/A;N/A;N/A;N/A;N/A;N/A;N/A;N/A;N/A;N/A;N/A;N/A;N/A;N/A;N/A;N/A;N/A;N/A;N/A;N/A;N/A;N/A;N/A;N/A;N/A;N/A;N/A;N/A;N/A;N/A;N/A;N/A;N/A;N/A;N/A;N/A;N/A;N/A
Renault;"Sandero Stepway";"1.6 Expression Abs 105cv";2013;"136000 km";;BRAGAJOSE20220505191744;10700;;;;;Maldonado;https://auto.mercadolibre.com.uy/MLU-697563130-sandero-stepway-_JM;N/A;;"Sandero Stepway";usd;Sí;silver;false;N/A;N/A;http://perfil.mercadolibre.com.uy/BRAGAJOSE20220505191744;active;N/A;N/A;Usado;Rojo;N/A;Hidráulica;Delantera;N/A;N/A;N/A;N/A;N/A;N/A;N/A;N/A;N/A;N/A;N/A;N/A;N/A;N/A;N/A;N/A;N/A;N/A;N/A;N/A;N/A;N/A;N/A;N/A;N/A;"2588 mm";"1.6 L";"50 L";5;N/A;N/A;N/A;N/A;N/A;N/A;N/A;N/A;N/A;N/A;N/A;N/A;N/A;N/A;N/A;N/A;N/A;N/A;N/A;N/A;N/A;N/A;N/A;N/A;N/A;N/A;N/A;N/A;N/A;N/A;N/A;N/A;N/A;Sí;N/A;N/A;N/A;N/A;N/A;N/A;N/A;N/A;N/A;N/A;N/A;"1630 mm";"4091 mm";N/A;N/A;N/A;N/A;5;"105 hp";Expression;N/A;4;"1751 mm";"9.3 km/l";N/A;N/A;N/A;Sí;N/A;N/A;Sí;N/A;N/A;N/A;"5.9 km/l";N/A;N/A;N/A;N/A;N/A;N/A;5;1.6;Nafta;Manual;Hatchback;"Autos y camionetas";N/A;N/A;N/A;N/A;N/A;N/A;UY;N/A;N/A;N/A;N/A;N/A;N/A;N/A;N/A;N/A;N/A;N/A;N/A;N/A;N/A;N/A;N/A;N/A;N/A;N/A;N/A;N/A;N/A;N/A;N/A;N/A;N/A;N/A;N/A;N/A;N/A;N/A;N/A;N/A;N/A;N/A;N/A;N/A;N/A;N/A;N/A;N/A;N/A;N/A;N/A;N/A;N/A;N/A;N/A;N/A;N/A;N/A;N/A;N/A;N/A;N/A;N/A;N/A;N/A;N/A;N/A;N/A;N/A;N/A;N/A;N/A;N/A;N/A;N/A;N/A;N/A;N/A;N/A;N/A;N/A;N/A;N/A;N/A;N/A;N/A;N/A;N/A;N/A;N/A;N/A;N/A;N/A;N/A;N/A;N/A;N/A;N/A;N/A;N/A;N/A;N/A;N/A;N/A;N/A;N/A;N/A;N/A;N/A;N/A;N/A;N/A;Sí;N/A;N/A;N/A;N/A;N/A;N/A;Sí;N/A;N/A
Renault;"Duster Oroch";"1.3 Tce Intens Outsider Cvt 2Wd";2024;"0 km";;APPOLONI-AUTOMOVILES;28000;;;;;"Nueva Helvecia";https://auto.mercadolibre.com.uy/MLU-681870724-renault-oroch-intens-outsider-permuta-financiacion-_JM;N/A;;"Renault Oroch Intens Outsider - Permuta - Financiación";usd;Sí;silver;false;N/A;N/A;http://perfil.mercadolibre.com.uy/APPOLONI-AUTOMOVILES;active;N/A;N/A;Nuevo;Plateado;N/A;N/A;4x2;N/A;N/A;N/A;N/A;N/A;N/A;N/A;N/A;N/A;N/A;N/A;N/A;N/A;N/A;N/A;N/A;N/A;N/A;N/A;N/A;N/A;N/A;N/A;N/A;N/A;"2829 mm";"1.3 L";"45 L";N/A;N/A;N/A;N/A;N/A;N/A;N/A;N/A;N/A;N/A;N/A;N/A;N/A;N/A;N/A;N/A;N/A;N/A;N/A;N/A;N/A;N/A;N/A;N/A;N/A;N/A;N/A;N/A;N/A;N/A;N/A;N/A;N/A;N/A;N/A;N/A;N/A;N/A;N/A;N/A;N/A;N/A;N/A;N/A;N/A;N/A;"1631 mm";"4719 mm";N/A;N/A;N/A;N/A;5;"156 hp";"Intens Outsider";N/A;4;"1821 mm";N/A;N/A;N/A;N/A;N/A;N/A;N/A;N/A;N/A;N/A;N/A;N/A;N/A;N/A;N/A;N/A;N/A;"L - V 8:30 a 12:00 - 14:00 a 18:30. Sab. 8:30 a 12:30";5;1.3;Nafta;Automática;Pick-Up;"Autos y camionetas";N/A;N/A;N/A;N/A;N/A;N/A;UY;N/A;N/A;N/A;N/A;N/A;N/A;N/A;N/A;N/A;N/A;N/A;N/A;N/A;N/A;N/A;N/A;N/A;N/A;N/A;N/A;N/A;N/A;N/A;N/A;N/A;N/A;N/A;N/A;N/A;N/A;N/A;N/A;N/A;N/A;N/A;N/A;N/A;N/A;N/A;N/A;N/A;N/A;N/A;N/A;N/A;N/A;N/A;N/A;N/A;N/A;N/A;N/A;N/A;N/A;N/A;N/A;N/A;N/A;N/A;N/A;N/A;N/A;N/A;N/A;N/A;N/A;N/A;N/A;N/A;N/A;N/A;N/A;N/A;N/A;N/A;N/A;N/A;N/A;N/A;N/A;N/A;N/A;N/A;N/A;N/A;N/A;N/A;N/A;N/A;N/A;N/A;N/A;N/A;N/A;N/A;N/A;N/A;N/A;N/A;N/A;N/A;N/A;N/A;N/A;N/A;N/A;N/A;N/A;N/A;N/A;N/A;N/A;N/A;N/A;N/A
Renault;Kwid;"1.0 Sce 66cv Zen";2023;"0 km";;APPOLONI-AUTOMOVILES;14800;;;;;"Nueva Helvecia";https://auto.mercadolibre.com.uy/MLU-701390594-renault-kwid-0km-permuta-financiacion-_JM;N/A;;"Renault Kwid 0km - Permuta - Financiación";usd;Sí;silver;false;N/A;N/A;http://perfil.mercadolibre.com.uy/APPOLONI-AUTOMOVILES;active;N/A;N/A;Nuevo;Rojo;N/A;N/A;Delantera;N/A;N/A;Sí;N/A;N/A;N/A;N/A;N/A;N/A;N/A;N/A;N/A;N/A;N/A;N/A;N/A;N/A;N/A;N/A;N/A;N/A;N/A;N/A;N/A;N/A;"2423 mm";"1 L";"50 L";5;N/A;N/A;N/A;N/A;N/A;N/A;N/A;N/A;N/A;N/A;N/A;N/A;N/A;N/A;N/A;N/A;N/A;N/A;N/A;N/A;N/A;N/A;N/A;N/A;N/A;N/A;N/A;N/A;N/A;N/A;N/A;N/A;N/A;N/A;N/A;N/A;N/A;N/A;N/A;N/A;N/A;N/A;N/A;N/A;N/A;"1474 mm";"3680 mm";N/A;N/A;N/A;N/A;5;"66 hp";Zen;N/A;4;"1752 mm";N/A;N/A;N/A;N/A;N/A;N/A;N/A;N/A;N/A;N/A;N/A;N/A;N/A;N/A;N/A;N/A;N/A;"L - V 8:30 a 12:00 - 14:00 a 18:30. Sab. 8:30 a 12:30";5;1.0;Nafta;Manual;Hatchback;"Autos y camionetas";N/A;N/A;N/A;N/A;N/A;N/A;UY;N/A;N/A;N/A;N/A;N/A;N/A;N/A;N/A;N/A;N/A;N/A;N/A;N/A;N/A;N/A;N/A;N/A;N/A;N/A;N/A;N/A;N/A;N/A;N/A;N/A;N/A;N/A;N/A;N/A;N/A;N/A;N/A;N/A;N/A;N/A;N/A;N/A;N/A;N/A;N/A;N/A;N/A;N/A;N/A;N/A;N/A;N/A;N/A;N/A;N/A;N/A;N/A;N/A;N/A;N/A;N/A;N/A;N/A;N/A;N/A;N/A;N/A;N/A;N/A;N/A;N/A;N/A;N/A;N/A;N/A;N/A;N/A;N/A;N/A;N/A;N/A;N/A;N/A;N/A;N/A;N/A;N/A;N/A;N/A;N/A;N/A;N/A;N/A;N/A;N/A;N/A;N/A;N/A;N/A;N/A;N/A;N/A;N/A;N/A;N/A;N/A;N/A;N/A;N/A;N/A;N/A;N/A;N/A;N/A;N/A;N/A;N/A;N/A;N/A;N/A
Renault;Oroch;Zen;2023;"0 km";;APPOLONI-AUTOMOVILES;23000;;;;;"Nueva Helvecia";https://auto.mercadolibre.com.uy/MLU-682524030-renault-oroch-zen-permuta-financiacion-_JM;N/A;;"Renault Oroch Zen - Permuta - Financiación";USD;Sí;silver;false;N/A;N/A;http://perfil.mercadolibre.com.uy/APPOLONI-AUTOMOVILES;active;N/A;N/A;Nuevo;Rojo;N/A;Hidráulica;Delantera;N/A;N/A;N/A;N/A;N/A;N/A;N/A;N/A;N/A;N/A;N/A;N/A;N/A;N/A;N/A;N/A;N/A;N/A;N/A;N/A;N/A;N/A;N/A;N/A;N/A;N/A;N/A;N/A;N/A;N/A;N/A;N/A;N/A;N/A;N/A;N/A;N/A;N/A;N/A;N/A;N/A;N/A;N/A;N/A;N/A;N/A;N/A;N/A;N/A;N/A;N/A;N/A;N/A;N/A;N/A;N/A;N/A;N/A;N/A;N/A;N/A;N/A;N/A;N/A;N/A;N/A;N/A;N/A;N/A;N/A;N/A;N/A;N/A;N/A;N/A;N/A;N/A;N/A;N/A;N/A;N/A;N/A;N/A;N/A;N/A;N/A;N/A;N/A;N/A;N/A;N/A;N/A;N/A;N/A;N/A;N/A;N/A;N/A;N/A;N/A;N/A;N/A;N/A;"L - V 8:30 a 12:00 14:00 a 18:30. Sab. 8:30 a 12:30";5;1.6;Nafta;Manual;Pick-Up;"Autos y camionetas";N/A;N/A;N/A;N/A;N/A;N/A;N/A;N/A;N/A;N/A;N/A;N/A;N/A;N/A;N/A;N/A;N/A;N/A;N/A;N/A;N/A;N/A;N/A;N/A;N/A;N/A;N/A;N/A;N/A;N/A;N/A;N/A;N/A;N/A;N/A;N/A;N/A;N/A;N/A;N/A;N/A;N/A;N/A;N/A;N/A;N/A;N/A;N/A;N/A;N/A;N/A;N/A;N/A;N/A;N/A;N/A;N/A;N/A;N/A;N/A;N/A;N/A;N/A;N/A;N/A;N/A;N/A;N/A;N/A;N/A;N/A;N/A;N/A;N/A;N/A;N/A;N/A;N/A;N/A;N/A;N/A;N/A;N/A;N/A;N/A;N/A;N/A;N/A;N/A;N/A;N/A;N/A;N/A;N/A;N/A;N/A;N/A;N/A;N/A;N/A;N/A;N/A;N/A;N/A;N/A;N/A;N/A;N/A;N/A;N/A;N/A;N/A;N/A;N/A;N/A;N/A;N/A;N/A;N/A;N/A;N/A;N/A
Renault;Clio;Expression;2016;"128000 km";;AEROCAR2013;13990;;;;;Carrasco;https://auto.mercadolibre.com.uy/MLU-706063054-renault-clio-iv-expression-12-2016-impecable-interauto-_JM;N/A;;"Renault Clio Iv Expression 1.2 2016 Impecable! Interauto";usd;Sí;silver;false;N/A;N/A;http://perfil.mercadolibre.com.uy/AEROCAR2013;active;N/A;N/A;Usado;"Gris oscuro";N/A;Hidráulica;Delantera;Sí;Sí;Sí;N/A;N/A;N/A;N/A;N/A;N/A;N/A;N/A;N/A;Sí;N/A;N/A;N/A;N/A;N/A;N/A;N/A;N/A;N/A;N/A;N/A;N/A;N/A;"1200 cc";N/A;5;N/A;N/A;N/A;Sí;N/A;N/A;Sí;N/A;N/A;N/A;N/A;N/A;N/A;N/A;N/A;N/A;N/A;N/A;N/A;N/A;N/A;N/A;N/A;N/A;N/A;N/A;N/A;N/A;N/A;N/A;N/A;N/A;N/A;N/A;N/A;N/A;Sí;N/A;N/A;N/A;N/A;N/A;N/A;N/A;N/A;N/A;N/A;N/A;N/A;N/A;N/A;N/A;N/A;Expression;N/A;N/A;N/A;"14 km/l";N/A;N/A;N/A;N/A;N/A;N/A;Sí;N/A;N/A;N/A;"16 km/l";N/A;N/A;N/A;N/A;N/A;"Lunes a Domingo de 9 a 18:30 hs";5;1.2;Nafta;Manual;Hatchback;"Autos y camionetas";No;N/A;N/A;N/A;No;N/A;UY;No;Sí;No;No;N/A;N/A;N/A;N/A;N/A;N/A;N/A;N/A;N/A;N/A;N/A;N/A;N/A;N/A;N/A;N/A;N/A;N/A;N/A;N/A;N/A;N/A;N/A;N/A;N/A;N/A;N/A;N/A;N/A;N/A;N/A;N/A;N/A;N/A;N/A;N/A;N/A;N/A;N/A;N/A;N/A;N/A;N/A;N/A;N/A;N/A;N/A;N/A;N/A;N/A;N/A;No;N/A;N/A;N/A;N/A;N/A;N/A;N/A;N/A;N/A;N/A;N/A;N/A;N/A;N/A;N/A;N/A;N/A;N/A;N/A;N/A;N/A;N/A;N/A;N/A;N/A;N/A;N/A;N/A;N/A;Sí;N/A;N/A;N/A;Sí;Sí;N/A;N/A;Sí;N/A;N/A;N/A;N/A;Sí;N/A;N/A;N/A;N/A;N/A;N/A;N/A;N/A;Sí;N/A;N/A;N/A;N/A;Sí;N/A;N/A
Renault;Oroch;"1.6 Sce Zen 2Wd Mt";2024;"0 km";;C.GROUP;21990;;;;;"La Comercial";https://auto.mercadolibre.com.uy/MLU-702979396-renault-oroch-zen-16-okm-oportunidad-a-precio-unico--_JM;N/A;;"Renault Oroch Zen 1.6 Okm Oportunidad A Precio Unico !!!";usd;Sí;silver;false;N/A;N/A;http://perfil.mercadolibre.com.uy/C.GROUP;active;N/A;N/A;Nuevo;Gris;N/A;N/A;Delantera;N/A;N/A;N/A;N/A;N/A;N/A;N/A;N/A;N/A;N/A;N/A;N/A;N/A;N/A;N/A;N/A;N/A;N/A;N/A;N/A;N/A;N/A;N/A;N/A;N/A;"2890 mm";"1.6 L";"45 L";6;N/A;N/A;N/A;N/A;N/A;N/A;N/A;N/A;N/A;N/A;N/A;N/A;N/A;N/A;N/A;N/A;N/A;N/A;N/A;N/A;N/A;N/A;N/A;N/A;N/A;N/A;N/A;N/A;N/A;N/A;N/A;N/A;N/A;N/A;N/A;N/A;N/A;N/A;N/A;N/A;N/A;N/A;N/A;N/A;N/A;"1694 mm";"4700 mm";N/A;N/A;N/A;N/A;5;"118 hp";Zen;N/A;4;"1821 mm";N/A;N/A;N/A;N/A;N/A;N/A;N/A;N/A;N/A;N/A;N/A;N/A;N/A;N/A;N/A;N/A;N/A;"LUNES A VIERNES 9 A 13 Y 14 A 18 HS";4;1.6;Nafta;Manual;Pick-Up;"Autos y camionetas";N/A;N/A;N/A;N/A;N/A;N/A;UY;N/A;N/A;N/A;N/A;N/A;N/A;N/A;N/A;N/A;N/A;N/A;N/A;N/A;N/A;N/A;N/A;N/A;N/A;N/A;N/A;N/A;N/A;N/A;N/A;N/A;N/A;N/A;N/A;N/A;N/A;N/A;N/A;N/A;N/A;N/A;N/A;N/A;N/A;N/A;N/A;N/A;N/A;N/A;N/A;N/A;N/A;N/A;N/A;N/A;N/A;N/A;N/A;N/A;N/A;N/A;N/A;N/A;N/A;N/A;N/A;N/A;N/A;N/A;N/A;N/A;N/A;N/A;N/A;N/A;N/A;N/A;N/A;N/A;N/A;N/A;N/A;N/A;N/A;N/A;N/A;N/A;N/A;N/A;N/A;N/A;N/A;N/A;N/A;N/A;N/A;N/A;N/A;N/A;N/A;N/A;N/A;N/A;N/A;N/A;N/A;N/A;N/A;N/A;N/A;N/A;N/A;N/A;N/A;N/A;N/A;N/A;N/A;N/A;N/A;N/A
Renault;Stepway;"RENAULT STEPWAY PRIVILEGE 2017.USD 7000+CUOTAS";2017;"85000 km";;KORUCAR_AUTOMOVILES;13490;;;;;Unión;https://auto.mercadolibre.com.uy/MLU-702419870-renault-stepway-privilege-2017ud85000km-usd-7000cuotas-_JM;N/A;;"Renault Stepway Privilege 2017.u/d.85000km Usd 7000+cuotas";USD;Sí;silver;false;N/A;N/A;http://perfil.mercadolibre.com.uy/KORUCAR_AUTOMOVILES;active;N/A;N/A;Usado;"Gris oscuro";Sí;Hidráulica;N/A;Sí;Sí;Sí;N/A;N/A;N/A;Sí;N/A;Sí;N/A;N/A;Sí;Sí;N/A;Sí;N/A;N/A;N/A;N/A;N/A;N/A;N/A;N/A;N/A;N/A;N/A;"1600 cc";N/A;5;N/A;N/A;N/A;N/A;N/A;N/A;N/A;N/A;N/A;N/A;N/A;N/A;N/A;N/A;N/A;N/A;N/A;N/A;N/A;N/A;N/A;N/A;N/A;N/A;N/A;Sí;N/A;N/A;N/A;N/A;N/A;N/A;N/A;N/A;N/A;N/A;Sí;N/A;N/A;N/A;N/A;N/A;Sí;N/A;N/A;N/A;N/A;N/A;N/A;N/A;N/A;N/A;N/A;N/A;N/A;N/A;N/A;"13 km/l";N/A;N/A;N/A;Sí;Sí;Sí;N/A;Sí;N/A;N/A;"15 km/l";N/A;N/A;N/A;N/A;Sí;"Lun. a Vie. de 9 a 18 hs. Sáb. de 9 a 13 hs.";5;1.6;Nafta;Manual;SUV;"Autos y camionetas";No;N/A;N/A;N/A;No;N/A;N/A;No;Sí;No;No;N/A;N/A;N/A;N/A;N/A;N/A;N/A;N/A;N/A;N/A;N/A;N/A;N/A;N/A;N/A;N/A;N/A;N/A;N/A;N/A;N/A;N/A;N/A;N/A;N/A;N/A;N/A;N/A;N/A;N/A;N/A;N/A;N/A;N/A;N/A;N/A;N/A;N/A;N/A;N/A;N/A;N/A;N/A;N/A;N/A;N/A;N/A;N/A;N/A;N/A;Sí;No;N/A;N/A;N/A;N/A;N/A;N/A;N/A;N/A;N/A;N/A;N/A;N/A;N/A;N/A;N/A;N/A;N/A;N/A;N/A;N/A;N/A;N/A;N/A;N/A;N/A;N/A;N/A;N/A;N/A;N/A;N/A;N/A;N/A;Sí;Sí;Sí;N/A;Sí;N/A;Sí;N/A;Sí;Sí;Sí;Sí;N/A;N/A;N/A;N/A;Sí;N/A;Sí;Sí;Sí;N/A;N/A;N/A;N/A;Sí
Renault;Sandero;"1.6 Privilege 105cv";2017;"60000 km";;C.GROUP;11200;;;;;"La Comercial";https://auto.mercadolibre.com.uy/MLU-701396458-renault-sandero-privilege-16-full-2017-llevalo-todo-cuotas-_JM;N/A;;"Renault Sandero Privilege 1.6 Full 2017 Llevalo Todo Cuotas";usd;Sí;silver;false;N/A;N/A;http://perfil.mercadolibre.com.uy/C.GROUP;active;N/A;N/A;Usado;Rojo;N/A;Hidráulica;Delantera;Sí;N/A;Sí;N/A;N/A;Sí;N/A;N/A;N/A;N/A;N/A;N/A;N/A;N/A;N/A;N/A;N/A;N/A;N/A;N/A;N/A;N/A;N/A;N/A;N/A;"2590 mm";"1.6 L";"50 L";5;N/A;N/A;N/A;N/A;N/A;N/A;N/A;N/A;N/A;N/A;N/A;N/A;N/A;N/A;N/A;N/A;N/A;N/A;N/A;N/A;N/A;N/A;N/A;N/A;N/A;N/A;N/A;N/A;N/A;N/A;N/A;N/A;N/A;N/A;N/A;N/A;N/A;N/A;N/A;N/A;N/A;N/A;N/A;N/A;N/A;"1536 mm";"4060 mm";N/A;N/A;N/A;N/A;5;"105 hp";Privilege;N/A;4;"1733 mm";"9.5 km/l";Sí;N/A;N/A;N/A;N/A;N/A;N/A;N/A;N/A;N/A;"5.7 km/l";N/A;N/A;N/A;N/A;N/A;"LUNES A VIERNES 9 A 13 Y 14 A 18 HS";5;1.6;Nafta;Manual;Hatchback;"Autos y camionetas";N/A;N/A;N/A;N/A;N/A;N/A;UY;N/A;N/A;N/A;N/A;N/A;N/A;N/A;N/A;N/A;N/A;N/A;N/A;N/A;N/A;N/A;N/A;N/A;N/A;N/A;N/A;N/A;N/A;N/A;N/A;N/A;N/A;N/A;N/A;N/A;N/A;N/A;N/A;N/A;N/A;N/A;N/A;N/A;N/A;N/A;N/A;N/A;N/A;N/A;N/A;N/A;N/A;N/A;N/A;N/A;N/A;N/A;N/A;N/A;N/A;N/A;N/A;N/A;N/A;N/A;N/A;N/A;N/A;N/A;N/A;N/A;N/A;N/A;N/A;N/A;N/A;N/A;N/A;N/A;N/A;N/A;N/A;N/A;N/A;N/A;N/A;N/A;N/A;N/A;N/A;N/A;N/A;N/A;N/A;N/A;N/A;N/A;N/A;N/A;N/A;N/A;N/A;N/A;N/A;N/A;N/A;N/A;N/A;N/A;N/A;N/A;N/A;N/A;N/A;N/A;N/A;Sí;N/A;N/A;N/A;N/A
Renault;"Duster Oroch";INTENSE;2024;"55000 km";;"DOURADO MOTORS";21900;;;;;Carrasco;https://auto.mercadolibre.com.uy/MLU-696622292-renault-oroch-intense-13-2024-impecable-_JM;N/A;;"Renault Oroch Intense 1.3 2024 Impecable!";USD;Sí;silver;false;N/A;N/A;http://perfil.mercadolibre.com.uy/DOURADO+MOTORS;active;N/A;N/A;Usado;Bordó;Sí;Asistida;N/A;Sí;Sí;Sí;N/A;N/A;N/A;Sí;Sí;N/A;N/A;N/A;Sí;Sí;N/A;N/A;N/A;N/A;N/A;N/A;N/A;N/A;N/A;N/A;N/A;N/A;N/A;"1300 cc";N/A;8;N/A;N/A;Sí;Sí;Sí;N/A;N/A;N/A;N/A;N/A;N/A;N/A;N/A;N/A;N/A;N/A;N/A;N/A;N/A;N/A;N/A;N/A;N/A;Sí;N/A;Sí;N/A;N/A;N/A;N/A;N/A;N/A;N/A;N/A;N/A;N/A;N/A;N/A;N/A;N/A;N/A;N/A;N/A;N/A;N/A;N/A;N/A;N/A;N/A;N/A;N/A;N/A;"156 hp";N/A;N/A;N/A;N/A;"11 km/l";N/A;N/A;Sí;Sí;Sí;Sí;Sí;N/A;N/A;N/A;"14 km/l";N/A;N/A;N/A;N/A;N/A;"Lun. a Vie. de 8:30 a 18:30 hs. Sáb. de 10 a 14 hs.";5;1.3;Nafta;"Automática secuencial";Rural;"Autos y camionetas";No;N/A;N/A;N/A;No;N/A;N/A;No;Sí;No;No;N/A;N/A;N/A;N/A;N/A;N/A;N/A;N/A;N/A;N/A;N/A;N/A;N/A;N/A;N/A;N/A;N/A;N/A;N/A;N/A;N/A;N/A;N/A;N/A;N/A;N/A;N/A;N/A;N/A;N/A;N/A;N/A;N/A;N/A;N/A;N/A;N/A;N/A;N/A;N/A;N/A;N/A;N/A;N/A;N/A;N/A;N/A;N/A;N/A;N/A;Sí;No;N/A;N/A;N/A;N/A;N/A;N/A;N/A;N/A;N/A;N/A;N/A;N/A;N/A;N/A;N/A;N/A;N/A;N/A;N/A;N/A;N/A;N/A;N/A;N/A;N/A;N/A;N/A;N/A;N/A;N/A;N/A;N/A;N/A;Sí;Sí;Sí;N/A;Sí;Sí;Sí;N/A;Sí;Sí;N/A;Sí;N/A;Sí;N/A;Sí;Sí;N/A;Sí;N/A;Sí;N/A;N/A;N/A;N/A;Sí
Renault;"Grand Captur";Zen;2018;"140000 km";;ISSOGARAGE;16500;;;;;Carrasco;https://auto.mercadolibre.com.uy/MLU-692921218-renault-grand-captur-zen-_JM;N/A;;"Renault Grand Captur Zen";USD;Sí;silver;false;N/A;N/A;http://perfil.mercadolibre.com.uy/ISSOGARAGE;active;N/A;N/A;Usado;Gris;Sí;Hidráulica;Delantera;Sí;Sí;N/A;N/A;N/A;Sí;N/A;N/A;No;N/A;N/A;Sí;Sí;N/A;Sí;N/A;N/A;N/A;N/A;N/A;N/A;N/A;N/A;N/A;N/A;N/A;N/A;N/A;N/A;N/A;N/A;N/A;N/A;N/A;Sí;N/A;N/A;N/A;N/A;N/A;N/A;N/A;N/A;N/A;N/A;N/A;N/A;N/A;N/A;N/A;N/A;N/A;N/A;N/A;N/A;N/A;N/A;N/A;No;N/A;N/A;N/A;N/A;N/A;N/A;N/A;N/A;N/A;N/A;N/A;N/A;N/A;N/A;N/A;N/A;N/A;N/A;N/A;N/A;N/A;N/A;N/A;N/A;N/A;N/A;N/A;N/A;Sí;N/A;Sí;Sí;N/A;N/A;Sí;N/A;Sí;N/A;N/A;No;Sí;N/A;N/A;Sí;"Lun a Vie 9 a 18:30 - Sab 10 a 16 hs";4;2.0;Nafta;Manual;SUV;"Autos y camionetas";No;N/A;N/A;N/A;No;N/A;N/A;N/A;Sí;N/A;Sí;N/A;N/A;N/A;N/A;N/A;N/A;N/A;N/A;N/A;N/A;N/A;N/A;N/A;Sí;N/A;N/A;N/A;N/A;N/A;N/A;N/A;N/A;N/A;N/A;N/A;N/A;N/A;N/A;N/A;N/A;N/A;N/A;No;N/A;N/A;N/A;N/A;N/A;N/A;N/A;N/A;N/A;N/A;N/A;N/A;N/A;N/A;N/A;N/A;N/A;No;Sí;N/A;N/A;N/A;N/A;N/A;N/A;N/A;N/A;N/A;N/A;N/A;N/A;N/A;N/A;N/A;N/A;N/A;N/A;N/A;N/A;N/A;N/A;N/A;N/A;N/A;N/A;N/A;N/A;N/A;N/A;N/A;N/A;No;Sí;Sí;Sí;N/A;Sí;N/A;N/A;N/A;N/A;Sí;Sí;Sí;Sí;N/A;N/A;Sí;Sí;Sí;Sí;Sí;Sí;Sí;No;Sí;N/A;Sí
Renault;"Mégane II";"1.6 Rn Expre";2000;"200000 km";;ISSOGARAGE;5900;;;;;Carrasco;https://auto.mercadolibre.com.uy/MLU-692114040-renault-megane-ii-2000-16-rn-expre-_JM;N/A;;"Renault Mégane Ii 2000 1.6 Rn Expre";usd;No;silver;false;N/A;N/A;http://perfil.mercadolibre.com.uy/ISSOGARAGE;active;N/A;N/A;Usado;Plateado;No;Hidráulica;Delantera;Sí;No;N/A;N/A;N/A;No;N/A;N/A;No;N/A;N/A;No;Sí;N/A;No;N/A;N/A;N/A;N/A;N/A;N/A;N/A;N/A;N/A;N/A;"2686 mm";"1.6 L";"60 L";5;N/A;N/A;N/A;N/A;N/A;No;N/A;N/A;N/A;N/A;N/A;N/A;N/A;N/A;N/A;N/A;N/A;N/A;N/A;N/A;N/A;N/A;N/A;N/A;N/A;N/A;N/A;N/A;N/A;No;N/A;N/A;N/A;N/A;N/A;N/A;N/A;N/A;N/A;N/A;N/A;N/A;N/A;N/A;N/A;"1460 mm";"4498 mm";N/A;N/A;N/A;N/A;5;"100 hp";Rn;N/A;4;"2026 mm";N/A;No;N/A;Sí;No;N/A;Sí;Sí;N/A;No;N/A;N/A;No;No;N/A;N/A;No;"Lun a Vie 9 a 18:30 - Sab 10 a 16 hs";4;1.6;Nafta;Manual;Sedán;"Autos y camionetas";No;N/A;N/A;N/A;No;N/A;UY;N/A;Sí;N/A;Sí;N/A;N/A;N/A;N/A;N/A;N/A;N/A;N/A;N/A;N/A;N/A;N/A;N/A;No;N/A;N/A;N/A;N/A;N/A;N/A;N/A;N/A;N/A;N/A;N/A;N/A;N/A;N/A;N/A;N/A;N/A;N/A;No;N/A;N/A;N/A;N/A;N/A;N/A;N/A;N/A;N/A;N/A;N/A;N/A;N/A;N/A;N/A;N/A;N/A;No;Sí;N/A;N/A;N/A;N/A;N/A;N/A;N/A;N/A;N/A;N/A;N/A;N/A;N/A;N/A;N/A;N/A;N/A;N/A;N/A;N/A;N/A;N/A;N/A;N/A;N/A;N/A;N/A;N/A;N/A;N/A;N/A;N/A;No;Sí;Sí;Sí;N/A;Sí;N/A;N/A;N/A;N/A;Sí;No;No;No;N/A;N/A;No;No;No;Sí;Sí;No;Sí;No;Sí;N/A;No
Renault;Kwid;"1.0 Sce 66cv Zen";2024;"0 km";;APPOLONI-AUTOMOVILES;14800;;;;;"Nueva Helvecia";https://auto.mercadolibre.com.uy/MLU-691668118-renault-kwid-zen-0km-permuta-financiacion-_JM;N/A;;"Renault Kwid Zen 0km - Permuta - Financiación";usd;Sí;silver;false;N/A;N/A;http://perfil.mercadolibre.com.uy/APPOLONI-AUTOMOVILES;active;N/A;N/A;Nuevo;Blanco;N/A;N/A;Delantera;N/A;N/A;Sí;N/A;N/A;N/A;N/A;N/A;N/A;N/A;N/A;N/A;N/A;N/A;N/A;N/A;N/A;N/A;N/A;N/A;N/A;N/A;N/A;N/A;N/A;"2423 mm";"1 L";"50 L";5;N/A;N/A;N/A;N/A;N/A;N/A;N/A;N/A;N/A;N/A;N/A;N/A;N/A;N/A;N/A;N/A;N/A;N/A;N/A;N/A;N/A;N/A;N/A;N/A;N/A;N/A;N/A;N/A;N/A;N/A;N/A;N/A;N/A;N/A;N/A;N/A;N/A;N/A;N/A;N/A;N/A;N/A;N/A;N/A;N/A;"1474 mm";"3680 mm";N/A;N/A;N/A;N/A;5;"66 hp";Zen;N/A;4;"1752 mm";N/A;N/A;N/A;N/A;N/A;N/A;N/A;N/A;N/A;N/A;N/A;N/A;N/A;N/A;N/A;N/A;N/A;"L - V 8:30 a 12:00 - 14:00 a 18:30. Sab. 8:30 a 12:30";5;1.0;Nafta;Manual;Hatchback;"Autos y camionetas";N/A;N/A;N/A;N/A;N/A;N/A;UY;N/A;N/A;N/A;N/A;N/A;N/A;N/A;N/A;N/A;N/A;N/A;N/A;N/A;N/A;N/A;N/A;N/A;N/A;N/A;N/A;N/A;N/A;N/A;N/A;N/A;N/A;N/A;N/A;N/A;N/A;N/A;N/A;N/A;N/A;N/A;N/A;N/A;N/A;N/A;N/A;N/A;N/A;N/A;N/A;N/A;N/A;N/A;N/A;N/A;N/A;N/A;N/A;N/A;N/A;N/A;N/A;N/A;N/A;N/A;N/A;N/A;N/A;N/A;N/A;N/A;N/A;N/A;N/A;N/A;N/A;N/A;N/A;N/A;N/A;N/A;N/A;N/A;N/A;N/A;N/A;N/A;N/A;N/A;N/A;N/A;N/A;N/A;N/A;N/A;N/A;N/A;N/A;N/A;N/A;N/A;N/A;N/A;N/A;N/A;N/A;N/A;N/A;N/A;N/A;N/A;N/A;N/A;N/A;N/A;N/A;N/A;N/A;N/A;N/A;N/A
Renault;"Sandero Stepway";"INTENSE AT";2021;"48000 km";;"DOURADO MOTORS";17950;;;;;Carrasco;https://auto.mercadolibre.com.uy/MLU-701779210-renault-sandero-stepway-intense-at-16-2021-impecable-_JM;N/A;;"Renault Sandero Stepway Intense At 1.6 2021 Impecable!";usd;Sí;silver;false;N/A;N/A;http://perfil.mercadolibre.com.uy/DOURADO+MOTORS;active;N/A;N/A;Usado;Plateado;Sí;Asistida;N/A;Sí;Sí;Sí;N/A;N/A;N/A;Sí;Sí;N/A;N/A;Sí;Sí;Sí;N/A;Sí;N/A;N/A;N/A;N/A;N/A;N/A;N/A;N/A;N/A;N/A;N/A;"1600 cc";N/A;5;N/A;N/A;Sí;Sí;Sí;N/A;Sí;N/A;N/A;N/A;N/A;N/A;N/A;N/A;N/A;N/A;N/A;N/A;N/A;N/A;N/A;N/A;N/A;Sí;N/A;Sí;N/A;N/A;N/A;N/A;N/A;N/A;N/A;N/A;N/A;N/A;N/A;N/A;N/A;N/A;N/A;N/A;N/A;N/A;N/A;N/A;N/A;N/A;N/A;N/A;N/A;N/A;"111 hp";N/A;N/A;N/A;N/A;"11 km/l";N/A;N/A;Sí;Sí;Sí;Sí;Sí;N/A;N/A;N/A;"13 km/l";N/A;N/A;N/A;N/A;Sí;"Lun. a Vie. de 8:30 a 18:30 hs. Sáb. de 10 a 14 hs.";5;1.6;Nafta;"Automática secuencial";SUV;"Autos y camionetas";No;N/A;N/A;N/A;No;N/A;UY;No;Sí;No;No;N/A;N/A;N/A;N/A;N/A;N/A;N/A;N/A;N/A;N/A;N/A;N/A;N/A;N/A;N/A;N/A;N/A;N/A;N/A;N/A;N/A;N/A;N/A;N/A;N/A;N/A;N/A;N/A;N/A;N/A;N/A;N/A;N/A;N/A;N/A;N/A;N/A;N/A;N/A;N/A;N/A;N/A;N/A;N/A;N/A;N/A;N/A;N/A;N/A;N/A;N/A;No;N/A;N/A;N/A;N/A;N/A;N/A;N/A;N/A;N/A;N/A;N/A;N/A;N/A;N/A;N/A;N/A;N/A;N/A;N/A;N/A;N/A;N/A;N/A;N/A;N/A;N/A;N/A;N/A;N/A;N/A;N/A;N/A;N/A;Sí;N/A;Sí;N/A;Sí;Sí;Sí;N/A;Sí;Sí;N/A;Sí;N/A;N/A;Sí;Sí;N/A;N/A;Sí;Sí;Sí;N/A;N/A;N/A;N/A;Sí
Renault;Kwid;"1.0 Sce 66cv Intense";2023;"17000 km";;"AMAYAPUENTE VENTASJOSE";14900;;;;;"San José de Carrasco";https://auto.mercadolibre.com.uy/MLU-704862980-renault-kwid-intense-ano-2023-unico-dueno-con-17000km-_JM;N/A;;"Renault Kwid Intense Año 2023 Único Dueño Con 17.000km";usd;Sí;silver;false;N/A;N/A;http://perfil.mercadolibre.com.uy/AMAYAPUENTE+VENTASJOSE;active;N/A;N/A;Usado;Rojo;N/A;N/A;Delantera;N/A;N/A;Sí;N/A;N/A;N/A;N/A;N/A;N/A;N/A;N/A;N/A;N/A;N/A;N/A;N/A;N/A;N/A;N/A;N/A;N/A;N/A;N/A;N/A;N/A;"2423 mm";"1 L";"50 L";5;N/A;N/A;N/A;N/A;N/A;N/A;N/A;N/A;N/A;N/A;N/A;N/A;N/A;N/A;N/A;N/A;N/A;N/A;N/A;N/A;N/A;N/A;N/A;N/A;N/A;N/A;N/A;N/A;N/A;N/A;N/A;N/A;N/A;N/A;N/A;N/A;N/A;N/A;N/A;N/A;N/A;N/A;N/A;N/A;N/A;"1474 mm";"3680 mm";N/A;N/A;N/A;N/A;5;"66 hp";Intense;N/A;4;"1752 mm";N/A;N/A;N/A;N/A;N/A;N/A;N/A;N/A;N/A;N/A;N/A;N/A;N/A;N/A;N/A;N/A;N/A;"Atención Permanente";5;1.0;Nafta;Manual;Hatchback;"Autos y camionetas";N/A;N/A;N/A;N/A;N/A;N/A;UY;N/A;N/A;N/A;N/A;N/A;N/A;N/A;N/A;N/A;N/A;N/A;N/A;N/A;N/A;N/A;N/A;N/A;N/A;N/A;N/A;N/A;N/A;N/A;N/A;N/A;N/A;N/A;N/A;N/A;N/A;N/A;N/A;N/A;N/A;N/A;N/A;N/A;N/A;N/A;N/A;N/A;N/A;N/A;N/A;N/A;N/A;N/A;N/A;N/A;N/A;N/A;N/A;N/A;N/A;N/A;N/A;N/A;N/A;N/A;N/A;N/A;N/A;N/A;N/A;N/A;N/A;N/A;N/A;N/A;N/A;N/A;N/A;N/A;N/A;N/A;N/A;N/A;N/A;N/A;N/A;N/A;N/A;N/A;N/A;N/A;N/A;N/A;N/A;N/A;N/A;N/A;N/A;N/A;N/A;N/A;N/A;N/A;N/A;N/A;N/A;N/A;N/A;N/A;N/A;N/A;N/A;N/A;N/A;N/A;N/A;N/A;N/A;N/A;N/A;N/A
Renault;Kwid;"1.0 Sce 66cv Intense";2022;"59000 km";;ROVELLAAUTOMOVILES;11890;;;;;Goes;https://auto.mercadolibre.com.uy/MLU-701801458-renault-kwid-intense-2022-10-extra-full-service-oficial-_JM;N/A;;"Renault Kwid Intense 2022 1.0 Extra Full, Service Oficial!";usd;Sí;silver;false;N/A;N/A;http://perfil.mercadolibre.com.uy/ROVELLAAUTOMOVILES;active;N/A;N/A;Usado;Naranja;Sí;Hidráulica;Delantera;Sí;Sí;Sí;N/A;N/A;N/A;N/A;N/A;N/A;N/A;N/A;N/A;Sí;N/A;N/A;N/A;N/A;N/A;N/A;N/A;N/A;N/A;N/A;N/A;N/A;"2423 mm";"1 L";"50 L";5;N/A;N/A;N/A;N/A;N/A;Sí;N/A;N/A;N/A;N/A;N/A;N/A;N/A;N/A;N/A;N/A;N/A;N/A;N/A;N/A;N/A;N/A;N/A;N/A;N/A;N/A;N/A;N/A;N/A;N/A;N/A;N/A;N/A;N/A;N/A;N/A;N/A;N/A;N/A;N/A;N/A;N/A;N/A;N/A;N/A;"1474 mm";"3680 mm";N/A;N/A;N/A;N/A;5;"66 hp";Intense;N/A;4;"1752 mm";N/A;N/A;N/A;N/A;Sí;N/A;Sí;Sí;N/A;N/A;N/A;N/A;N/A;N/A;N/A;N/A;Sí;"Lunes a viernes 9 a 17hs";5;1.0;Nafta;Manual;Hatchback;"Autos y camionetas";N/A;N/A;N/A;N/A;N/A;N/A;UY;N/A;Sí;N/A;N/A;N/A;N/A;N/A;N/A;N/A;N/A;N/A;N/A;N/A;N/A;N/A;N/A;N/A;N/A;N/A;N/A;N/A;N/A;N/A;N/A;N/A;N/A;N/A;N/A;N/A;N/A;N/A;N/A;N/A;N/A;N/A;N/A;N/A;N/A;N/A;N/A;N/A;N/A;N/A;N/A;N/A;N/A;N/A;N/A;N/A;N/A;N/A;N/A;N/A;N/A;N/A;N/A;N/A;N/A;N/A;N/A;N/A;N/A;N/A;N/A;N/A;N/A;N/A;N/A;N/A;N/A;N/A;N/A;N/A;N/A;N/A;N/A;N/A;N/A;N/A;N/A;N/A;N/A;N/A;N/A;N/A;N/A;N/A;N/A;N/A;Sí;Sí;N/A;N/A;Sí;N/A;N/A;N/A;N/A;Sí;N/A;N/A;Sí;N/A;N/A;N/A;N/A;Sí;Sí;Sí;Sí;Sí;N/A;Sí;N/A;Sí
Renault;Sandero;Expression;2017;"97790 km";;D.MORALESAUTOMOTORES;11900;;;;;"San Jacinto";https://auto.mercadolibre.com.uy/MLU-705907280-renault-sandero-expression-16-2017-impecable-_JM;N/A;;"Renault Sandero Expression 1.6 2017 Impecable!";usd;Sí;silver;false;N/A;N/A;http://perfil.mercadolibre.com.uy/D.MORALESAUTOMOTORES;active;N/A;N/A;Usado;Rojo;Sí;Hidráulica;Delantera;Sí;Sí;N/A;N/A;N/A;N/A;Sí;N/A;N/A;N/A;Sí;N/A;Sí;N/A;N/A;N/A;N/A;N/A;N/A;N/A;N/A;N/A;N/A;N/A;N/A;N/A;"1600 cc";N/A;5;N/A;N/A;N/A;N/A;N/A;N/A;N/A;N/A;N/A;N/A;N/A;N/A;N/A;N/A;N/A;N/A;N/A;N/A;N/A;N/A;N/A;N/A;N/A;N/A;N/A;Sí;N/A;N/A;N/A;N/A;N/A;N/A;N/A;N/A;N/A;N/A;Sí;N/A;N/A;N/A;N/A;N/A;N/A;N/A;N/A;N/A;N/A;N/A;N/A;N/A;N/A;N/A;N/A;Expression;N/A;N/A;N/A;N/A;N/A;N/A;N/A;N/A;N/A;Sí;Sí;Sí;N/A;N/A;N/A;N/A;N/A;N/A;N/A;N/A;"Lun. a Vie. de 9 a 18:30 hs. Sáb. de 9 a 12:30 hs";5;1.6;Nafta;Manual;Hatchback;"Autos y camionetas";No;N/A;N/A;N/A;No;N/A;UY;No;Sí;No;No;N/A;N/A;N/A;N/A;N/A;N/A;N/A;N/A;N/A;N/A;N/A;N/A;N/A;N/A;N/A;N/A;N/A;N/A;N/A;N/A;N/A;N/A;N/A;N/A;N/A;N/A;N/A;N/A;N/A;N/A;N/A;N/A;N/A;N/A;N/A;N/A;N/A;N/A;N/A;N/A;N/A;N/A;N/A;N/A;N/A;N/A;N/A;N/A;N/A;N/A;N/A;No;N/A;N/A;N/A;N/A;N/A;N/A;N/A;N/A;N/A;N/A;N/A;N/A;N/A;N/A;N/A;N/A;N/A;N/A;N/A;N/A;N/A;N/A;N/A;N/A;N/A;N/A;N/A;N/A;N/A;N/A;N/A;N/A;N/A;Sí;Sí;Sí;N/A;Sí;N/A;N/A;N/A;Sí;Sí;N/A;Sí;N/A;N/A;N/A;N/A;N/A;N/A;Sí;Sí;Sí;N/A;N/A;Sí;N/A;Sí
Renault;Oroch;"1.3 Tce Intens Outsider 2Wd Cvt";2024;"18847 km";;"HAUSSER MOTORS";24700;;;;;Rosario;https://auto.mercadolibre.com.uy/MLU-705300780-renault-oroch-13-tce-intens-outsider-2wd-cvt-_JM;N/A;;"Renault Oroch 1.3 Tce Intens Outsider 2wd Cvt";usd;Sí;silver;false;N/A;N/A;http://perfil.mercadolibre.com.uy/HAUSSER+MOTORS;active;N/A;N/A;Usado;Blanco;Sí;Asistida;Delantera;Sí;N/A;N/A;N/A;N/A;N/A;N/A;N/A;N/A;N/A;N/A;Sí;Sí;N/A;N/A;N/A;N/A;N/A;N/A;N/A;N/A;N/A;N/A;N/A;N/A;"2890 mm";"1.3 L";"45 L";8;N/A;N/A;N/A;N/A;N/A;N/A;N/A;N/A;N/A;N/A;N/A;N/A;N/A;N/A;N/A;N/A;N/A;N/A;N/A;N/A;N/A;N/A;N/A;N/A;N/A;N/A;N/A;N/A;N/A;N/A;N/A;N/A;N/A;N/A;N/A;N/A;N/A;N/A;N/A;N/A;N/A;N/A;N/A;N/A;N/A;"1694 mm";"4719 mm";N/A;N/A;N/A;N/A;5;"156 hp";"Intens Outsider";N/A;4;"1834 mm";N/A;N/A;N/A;N/A;N/A;N/A;N/A;Sí;N/A;N/A;N/A;N/A;Sí;N/A;N/A;N/A;N/A;"Lun. A Vie. 8 a 12 y 14:30 a 19 hs. Sáb. 8:30 a 12:30 hs";4;1.3;Nafta;Automática;Pick-Up;"Autos y camionetas";N/A;N/A;N/A;N/A;N/A;N/A;UY;N/A;Sí;N/A;N/A;N/A;N/A;N/A;N/A;N/A;N/A;N/A;N/A;N/A;N/A;N/A;N/A;N/A;Sí;N/A;N/A;N/A;N/A;N/A;N/A;N/A;N/A;N/A;N/A;N/A;N/A;N/A;N/A;N/A;N/A;N/A;N/A;Sí;N/A;N/A;N/A;N/A;N/A;N/A;N/A;N/A;N/A;N/A;N/A;N/A;N/A;N/A;N/A;N/A;N/A;Sí;N/A;N/A;N/A;N/A;N/A;N/A;N/A;N/A;N/A;N/A;N/A;N/A;N/A;N/A;N/A;N/A;N/A;N/A;N/A;N/A;N/A;N/A;N/A;N/A;N/A;N/A;N/A;N/A;N/A;N/A;N/A;N/A;N/A;N/A;Sí;N/A;Sí;N/A;Sí;N/A;N/A;N/A;N/A;N/A;Sí;N/A;N/A;N/A;N/A;Sí;Sí;N/A;Sí;N/A;Sí;N/A;N/A;N/A;N/A;N/A
Renault;Oroch;"2.0 Dynamique";2021;"110000 km";;"FULLCARS AUTOMOVILES";17500;;;;;Juanicó;https://auto.mercadolibre.com.uy/MLU-705134710-renault-oroch-fullcars-_JM;N/A;;"Renault Oroch Fullcars";USD;Sí;silver;false;N/A;N/A;http://perfil.mercadolibre.com.uy/FULLCARS+AUTOMOVILES;active;N/A;N/A;Usado;Gris;N/A;Hidráulica;N/A;N/A;N/A;N/A;N/A;N/A;N/A;N/A;N/A;N/A;N/A;N/A;N/A;N/A;N/A;N/A;N/A;N/A;N/A;N/A;N/A;N/A;N/A;N/A;N/A;N/A;N/A;N/A;N/A;N/A;N/A;N/A;N/A;N/A;N/A;N/A;N/A;N/A;N/A;N/A;N/A;N/A;N/A;N/A;N/A;N/A;N/A;N/A;N/A;N/A;N/A;N/A;N/A;N/A;N/A;N/A;N/A;N/A;N/A;N/A;N/A;N/A;N/A;N/A;N/A;N/A;N/A;N/A;N/A;N/A;N/A;N/A;N/A;N/A;N/A;N/A;N/A;N/A;N/A;N/A;N/A;N/A;N/A;N/A;N/A;N/A;N/A;N/A;N/A;N/A;N/A;N/A;N/A;N/A;N/A;N/A;N/A;N/A;N/A;N/A;N/A;N/A;N/A;N/A;N/A;4;2.0;Nafta;Manual;Pick-Up;"Autos y camionetas";N/A;N/A;N/A;N/A;N/A;N/A;N/A;N/A;N/A;N/A;N/A;N/A;N/A;N/A;N/A;N/A;N/A;N/A;N/A;N/A;N/A;N/A;N/A;N/A;N/A;N/A;N/A;N/A;N/A;N/A;N/A;N/A;N/A;N/A;N/A;N/A;N/A;N/A;N/A;N/A;N/A;N/A;N/A;N/A;N/A;N/A;N/A;N/A;N/A;N/A;N/A;N/A;N/A;N/A;N/A;N/A;N/A;N/A;N/A;N/A;N/A;N/A;N/A;N/A;N/A;N/A;N/A;N/A;N/A;N/A;N/A;N/A;N/A;N/A;N/A;N/A;N/A;N/A;N/A;N/A;N/A;N/A;N/A;N/A;N/A;N/A;N/A;N/A;N/A;N/A;N/A;N/A;N/A;N/A;N/A;N/A;N/A;N/A;N/A;N/A;N/A;N/A;N/A;N/A;N/A;N/A;N/A;N/A;N/A;N/A;N/A;N/A;N/A;N/A;N/A;N/A;N/A;N/A;N/A;N/A;N/A;N/A
Renault;"Sandero Stepway";"1.6 Privilege 105cv";2017;"82000 km";;"FULLCARS AUTOMOVILES";12500;;;;;Juanicó;https://auto.mercadolibre.com.uy/MLU-704523704-renault-sandero-stepway-fullcars-_JM;N/A;;"Renault Sandero Stepway Fullcars";usd;Sí;silver;false;N/A;N/A;http://perfil.mercadolibre.com.uy/FULLCARS+AUTOMOVILES;active;N/A;N/A;Usado;Blanco;N/A;Hidráulica;Delantera;N/A;N/A;Sí;N/A;N/A;N/A;N/A;N/A;N/A;N/A;N/A;N/A;N/A;N/A;N/A;N/A;N/A;N/A;N/A;N/A;N/A;N/A;N/A;N/A;N/A;"2590 mm";"1.6 L";"50 L";5;N/A;N/A;N/A;N/A;N/A;N/A;N/A;N/A;N/A;N/A;N/A;N/A;N/A;N/A;N/A;N/A;N/A;N/A;N/A;N/A;N/A;N/A;N/A;N/A;N/A;N/A;N/A;N/A;N/A;N/A;N/A;N/A;N/A;N/A;N/A;N/A;N/A;N/A;N/A;N/A;N/A;N/A;N/A;N/A;N/A;"1559 mm";"4066 mm";N/A;N/A;N/A;N/A;5;"105 hp";Privilege;N/A;4;"1761 mm";"9.3 km/l";Sí;N/A;N/A;N/A;N/A;N/A;Sí;N/A;N/A;N/A;"5.9 km/l";N/A;N/A;N/A;N/A;N/A;N/A;5;1.6;Nafta;Manual;Hatchback;"Autos y camionetas";N/A;N/A;N/A;N/A;N/A;N/A;UY;N/A;N/A;N/A;N/A;N/A;N/A;N/A;N/A;N/A;N/A;N/A;N/A;N/A;N/A;N/A;N/A;N/A;N/A;N/A;N/A;N/A;N/A;N/A;N/A;N/A;N/A;N/A;N/A;N/A;N/A;N/A;N/A;N/A;N/A;N/A;N/A;N/A;N/A;N/A;N/A;N/A;N/A;N/A;N/A;N/A;N/A;N/A;N/A;N/A;N/A;N/A;N/A;N/A;N/A;N/A;N/A;N/A;N/A;N/A;N/A;N/A;N/A;N/A;N/A;N/A;N/A;N/A;N/A;N/A;N/A;N/A;N/A;N/A;N/A;N/A;N/A;N/A;N/A;N/A;N/A;N/A;N/A;N/A;N/A;N/A;N/A;N/A;N/A;N/A;N/A;N/A;N/A;N/A;N/A;N/A;N/A;N/A;N/A;N/A;N/A;N/A;N/A;N/A;N/A;N/A;N/A;N/A;N/A;N/A;N/A;N/A;N/A;N/A;N/A;N/A
Renault;"Sandero Stepway";"1.6 Intens Cvt";2022;"20000 km";;"FULLCARS AUTOMOVILES";17900;;;;;Juanicó;https://auto.mercadolibre.com.uy/MLU-704368696-renault-sandero-stepway-fullcars-_JM;N/A;;"Renault Sandero Stepway Fullcars";usd;Sí;silver;false;N/A;N/A;http://perfil.mercadolibre.com.uy/FULLCARS+AUTOMOVILES;active;N/A;N/A;Usado;Gris;N/A;Hidráulica;Delantera;N/A;N/A;Sí;N/A;N/A;N/A;N/A;N/A;N/A;N/A;N/A;N/A;N/A;N/A;N/A;N/A;N/A;N/A;N/A;N/A;N/A;N/A;N/A;N/A;N/A;"2590 mm";"1.6 L";"50 L";6;N/A;N/A;N/A;N/A;N/A;N/A;N/A;N/A;N/A;N/A;N/A;N/A;N/A;N/A;N/A;N/A;N/A;N/A;N/A;N/A;N/A;N/A;N/A;N/A;N/A;N/A;N/A;N/A;N/A;N/A;N/A;N/A;N/A;N/A;N/A;N/A;N/A;N/A;N/A;N/A;N/A;N/A;N/A;N/A;N/A;"1559 mm";"4066 mm";N/A;N/A;N/A;N/A;5;"105 hp";Cvt;N/A;4;"1761 mm";"9.3 km/l";Sí;N/A;N/A;N/A;N/A;N/A;Sí;N/A;N/A;N/A;"5.9 km/l";N/A;N/A;N/A;N/A;N/A;N/A;5;1.6;Nafta;Automática;Hatchback;"Autos y camionetas";N/A;N/A;N/A;N/A;N/A;N/A;UY;N/A;N/A;N/A;N/A;N/A;N/A;N/A;N/A;N/A;N/A;N/A;N/A;N/A;N/A;N/A;N/A;N/A;N/A;N/A;N/A;N/A;N/A;N/A;N/A;N/A;N/A;N/A;N/A;N/A;N/A;N/A;N/A;N/A;N/A;N/A;N/A;N/A;N/A;N/A;N/A;N/A;N/A;N/A;N/A;N/A;N/A;N/A;N/A;N/A;N/A;N/A;N/A;N/A;N/A;N/A;N/A;N/A;N/A;N/A;N/A;N/A;N/A;N/A;N/A;N/A;N/A;N/A;N/A;N/A;N/A;N/A;N/A;N/A;N/A;N/A;N/A;N/A;N/A;N/A;N/A;N/A;N/A;N/A;N/A;N/A;N/A;N/A;N/A;N/A;N/A;N/A;N/A;N/A;N/A;N/A;N/A;N/A;N/A;N/A;N/A;N/A;N/A;N/A;N/A;N/A;N/A;N/A;N/A;N/A;N/A;N/A;N/A;N/A;N/A;N/A
Renault;"Duster Oroch";"INTENSE OUTSIDER";2023;"68000 km";;"AUTOMOTORA MASAUTOS";22990;;;;;"Tres Cruces";https://auto.mercadolibre.com.uy/MLU-704242826-renault-oroch-intense-outsider-13-2023-impecable-_JM;N/A;;"Renault Oroch Intense Outsider 1.3 2023 Impecable!";usd;Sí;silver;false;N/A;N/A;http://perfil.mercadolibre.com.uy/AUTOMOTORA+MASAUTOS;active;N/A;N/A;Usado;Plateado;Sí;Hidráulica;N/A;N/A;Sí;Sí;N/A;Sí;N/A;Sí;N/A;N/A;N/A;N/A;Sí;Sí;N/A;N/A;N/A;N/A;N/A;N/A;N/A;N/A;N/A;N/A;N/A;N/A;N/A;"1300 cc";N/A;5;N/A;N/A;Sí;Sí;Sí;N/A;N/A;N/A;N/A;N/A;N/A;N/A;N/A;N/A;N/A;N/A;N/A;N/A;N/A;N/A;N/A;N/A;N/A;N/A;N/A;Sí;N/A;N/A;N/A;N/A;N/A;N/A;N/A;N/A;N/A;N/A;Sí;N/A;N/A;N/A;N/A;N/A;N/A;N/A;N/A;N/A;N/A;N/A;N/A;N/A;N/A;N/A;N/A;Outsider;N/A;N/A;N/A;N/A;N/A;N/A;Sí;Sí;N/A;N/A;Sí;N/A;N/A;N/A;N/A;Sí;N/A;N/A;N/A;Sí;"Lun. a Vie. de 9:30 a 18:30 hs. Sáb. de 10 a 14 hs";5;1.3;Nafta;"Automática secuencial";Pick-Up;"Autos y camionetas";No;N/A;N/A;N/A;No;N/A;UY;No;Sí;No;No;N/A;N/A;N/A;N/A;N/A;N/A;N/A;N/A;N/A;N/A;N/A;N/A;N/A;Sí;N/A;N/A;N/A;N/A;N/A;N/A;N/A;N/A;N/A;N/A;Sí;N/A;N/A;N/A;N/A;N/A;N/A;N/A;N/A;N/A;N/A;N/A;N/A;N/A;N/A;N/A;N/A;N/A;N/A;N/A;N/A;N/A;Sí;Sí;N/A;N/A;N/A;No;N/A;N/A;N/A;N/A;N/A;N/A;N/A;N/A;N/A;N/A;N/A;N/A;N/A;N/A;N/A;N/A;N/A;N/A;N/A;N/A;N/A;N/A;N/A;N/A;N/A;N/A;N/A;N/A;N/A;Sí;N/A;N/A;N/A;Sí;N/A;Sí;Sí;Sí;Sí;Sí;N/A;N/A;Sí;N/A;N/A;N/A;Sí;N/A;Sí;Sí;N/A;Sí;Sí;Sí;N/A;N/A;N/A;N/A;Sí
Renault;Sandero;"2.0 Rs 145cv";2018;"70174 km";;CREDILAR-MOTORS;14990;;;;;Salto;https://auto.mercadolibre.com.uy/MLU-704020450-renault-sandero-rs-_JM;N/A;;"Renault Sandero Rs";usd;Sí;silver;false;N/A;N/A;http://perfil.mercadolibre.com.uy/CREDILAR-MOTORS;active;N/A;N/A;Usado;Blanco;N/A;Hidráulica;Delantera;Sí;N/A;Sí;N/A;N/A;Sí;N/A;N/A;N/A;N/A;N/A;N/A;N/A;N/A;N/A;N/A;N/A;N/A;N/A;N/A;N/A;N/A;N/A;N/A;N/A;"2590 mm";"2 L";"50 L";5;N/A;N/A;N/A;N/A;N/A;N/A;N/A;N/A;N/A;N/A;N/A;N/A;N/A;N/A;N/A;N/A;N/A;N/A;N/A;N/A;N/A;N/A;N/A;N/A;N/A;N/A;N/A;N/A;N/A;N/A;N/A;N/A;N/A;N/A;N/A;N/A;N/A;N/A;N/A;N/A;N/A;N/A;N/A;N/A;N/A;"1536 mm";"4060 mm";N/A;N/A;N/A;N/A;5;"105 hp";Rs;N/A;4;"1733 mm";"9.5 km/l";Sí;N/A;N/A;N/A;N/A;N/A;N/A;N/A;N/A;N/A;"5.7 km/l";N/A;N/A;N/A;N/A;N/A;"24 Hs";5;2.0;Nafta;Manual;Hatchback;"Autos y camionetas";N/A;N/A;N/A;N/A;N/A;N/A;UY;N/A;N/A;N/A;N/A;N/A;N/A;N/A;N/A;N/A;N/A;N/A;N/A;N/A;N/A;N/A;N/A;N/A;N/A;N/A;N/A;N/A;N/A;N/A;N/A;N/A;N/A;N/A;N/A;N/A;N/A;N/A;N/A;N/A;N/A;N/A;N/A;N/A;N/A;N/A;N/A;N/A;N/A;N/A;N/A;N/A;N/A;N/A;N/A;N/A;N/A;N/A;N/A;N/A;N/A;N/A;N/A;N/A;N/A;N/A;N/A;N/A;N/A;N/A;N/A;N/A;N/A;N/A;N/A;N/A;N/A;N/A;N/A;N/A;N/A;N/A;N/A;N/A;N/A;N/A;N/A;N/A;N/A;N/A;N/A;N/A;N/A;N/A;N/A;N/A;N/A;N/A;N/A;N/A;N/A;N/A;N/A;N/A;N/A;N/A;N/A;N/A;N/A;N/A;N/A;N/A;N/A;N/A;N/A;N/A;N/A;Sí;N/A;N/A;N/A;N/A
Renault;"Sandero Stepway";"1.6 Privilege 105cv";2016;"145000 km";;DANELLOSERGIO;10900;;;;;Maroñas;https://auto.mercadolibre.com.uy/MLU-703813466-renault-sandero-stepway-ano-2016-full-al-dia-10900-dolares-_JM;N/A;;"Renault Sandero Stepway Año 2016 Full Al Dia 10900 Dolares";usd;Sí;silver;false;N/A;N/A;http://perfil.mercadolibre.com.uy/DANELLOSERGIO;active;N/A;N/A;Usado;Rojo;N/A;Hidráulica;Delantera;N/A;N/A;Sí;N/A;N/A;N/A;N/A;N/A;N/A;N/A;N/A;N/A;N/A;N/A;N/A;N/A;N/A;N/A;N/A;N/A;N/A;N/A;N/A;N/A;N/A;"2590 mm";"1.6 L";"50 L";5;N/A;N/A;N/A;N/A;N/A;N/A;N/A;N/A;N/A;N/A;N/A;N/A;N/A;N/A;N/A;N/A;N/A;N/A;N/A;N/A;N/A;N/A;N/A;N/A;N/A;N/A;N/A;N/A;N/A;N/A;N/A;N/A;N/A;N/A;N/A;N/A;N/A;N/A;N/A;N/A;N/A;N/A;N/A;N/A;N/A;"1559 mm";"4066 mm";N/A;N/A;N/A;N/A;5;"105 hp";Privilege;N/A;4;"1761 mm";"9.3 km/l";Sí;N/A;N/A;N/A;N/A;N/A;Sí;N/A;N/A;N/A;"5.9 km/l";N/A;N/A;N/A;N/A;N/A;"TODO AL DIA";5;1.6;Nafta;Manual;Hatchback;"Autos y camionetas";N/A;N/A;N/A;N/A;N/A;N/A;UY;N/A;N/A;N/A;N/A;N/A;N/A;N/A;N/A;N/A;N/A;N/A;N/A;N/A;N/A;N/A;N/A;N/A;N/A;N/A;N/A;N/A;N/A;N/A;N/A;N/A;N/A;N/A;N/A;N/A;N/A;N/A;N/A;N/A;N/A;N/A;N/A;N/A;N/A;N/A;N/A;N/A;N/A;N/A;N/A;N/A;N/A;N/A;N/A;N/A;N/A;N/A;N/A;N/A;N/A;N/A;N/A;N/A;N/A;N/A;N/A;N/A;N/A;N/A;N/A;N/A;N/A;N/A;N/A;N/A;N/A;N/A;N/A;N/A;N/A;N/A;N/A;N/A;N/A;N/A;N/A;N/A;N/A;N/A;N/A;N/A;N/A;N/A;N/A;N/A;N/A;N/A;N/A;N/A;N/A;N/A;N/A;N/A;N/A;N/A;N/A;N/A;N/A;N/A;N/A;N/A;N/A;N/A;N/A;N/A;N/A;N/A;N/A;N/A;N/A;N/A
Renault;Captur;"1.2 Tce120 Expression";2017;"95000 km";;"FULLCARS AUTOMOVILES";15500;;;;;Juanicó;https://auto.mercadolibre.com.uy/MLU-647133799-renault-captur-fullcars-_JM;N/A;;"Renault Captur Fullcars";usd;Sí;silver;false;N/A;N/A;http://perfil.mercadolibre.com.uy/FULLCARS+AUTOMOVILES;active;N/A;N/A;Usado;Blanco;N/A;Hidráulica;Delantera;Sí;N/A;N/A;N/A;N/A;N/A;N/A;N/A;N/A;N/A;N/A;N/A;N/A;N/A;N/A;N/A;N/A;N/A;N/A;N/A;N/A;N/A;N/A;N/A;N/A;"2606 mm";"1.2 L";"45 L";6;N/A;N/A;N/A;N/A;N/A;N/A;N/A;N/A;N/A;N/A;N/A;N/A;N/A;N/A;N/A;N/A;N/A;N/A;N/A;N/A;N/A;N/A;N/A;N/A;N/A;N/A;N/A;N/A;N/A;N/A;N/A;N/A;N/A;N/A;N/A;N/A;N/A;N/A;N/A;N/A;N/A;N/A;N/A;N/A;N/A;"1566 mm";"4122 mm";N/A;N/A;N/A;N/A;5;"130 hp";Expression;N/A;4;"1778 mm";N/A;N/A;N/A;N/A;N/A;N/A;N/A;N/A;N/A;N/A;N/A;N/A;N/A;N/A;N/A;N/A;N/A;N/A;5;1.2;Nafta;Manual;Hatchback;"Autos y camionetas";N/A;N/A;N/A;N/A;N/A;N/A;UY;N/A;N/A;N/A;N/A;N/A;N/A;N/A;N/A;N/A;N/A;N/A;N/A;N/A;N/A;N/A;N/A;N/A;N/A;N/A;N/A;N/A;N/A;N/A;N/A;N/A;N/A;N/A;N/A;N/A;N/A;N/A;N/A;N/A;N/A;N/A;N/A;N/A;N/A;N/A;N/A;N/A;N/A;N/A;N/A;N/A;N/A;N/A;N/A;N/A;N/A;N/A;N/A;N/A;N/A;N/A;N/A;N/A;N/A;N/A;N/A;N/A;N/A;N/A;N/A;N/A;N/A;N/A;N/A;N/A;N/A;N/A;N/A;N/A;N/A;N/A;N/A;N/A;N/A;N/A;N/A;N/A;N/A;N/A;N/A;N/A;N/A;N/A;N/A;N/A;N/A;N/A;N/A;N/A;N/A;N/A;N/A;N/A;N/A;N/A;N/A;N/A;N/A;N/A;N/A;N/A;N/A;N/A;N/A;N/A;N/A;N/A;N/A;N/A;N/A;N/A
Renault;"Duster Oroch";"Oroch Expression";2016;"170000 km";;"ETCHENIQUE AUTOMÓVILES";13800;;;;;Centro;https://auto.mercadolibre.com.uy/MLU-702756182-renault-duster-oroch-16-full-excelente-estado-_JM;N/A;;"Renault Duster Oroch 1.6 Full Excelente Estado ";USD;Sí;silver;false;N/A;N/A;http://perfil.mercadolibre.com.uy/ETCHENIQUE+AUTOM%C3%93VILES;active;N/A;N/A;Usado;Negro;N/A;Hidráulica;Delantera;Sí;Sí;N/A;N/A;N/A;N/A;N/A;N/A;N/A;N/A;N/A;N/A;Sí;N/A;N/A;N/A;N/A;N/A;N/A;N/A;N/A;N/A;N/A;N/A;N/A;N/A;N/A;N/A;N/A;N/A;N/A;N/A;N/A;N/A;N/A;N/A;N/A;N/A;N/A;N/A;N/A;N/A;N/A;N/A;N/A;N/A;N/A;N/A;N/A;N/A;N/A;N/A;N/A;N/A;N/A;N/A;N/A;N/A;N/A;N/A;N/A;N/A;N/A;N/A;N/A;N/A;N/A;N/A;N/A;N/A;N/A;N/A;N/A;N/A;N/A;N/A;N/A;N/A;N/A;N/A;N/A;N/A;N/A;N/A;N/A;N/A;N/A;N/A;N/A;N/A;Sí;N/A;Sí;N/A;N/A;N/A;N/A;N/A;N/A;N/A;N/A;N/A;N/A;"Lunes a Viernes de 9:00 a 19:00 y Sábados de 9:00 a 13:00hs.";4;1.6;Nafta;Manual;Pick-Up;"Autos y camionetas";N/A;N/A;N/A;N/A;N/A;N/A;N/A;N/A;Sí;N/A;N/A;N/A;N/A;N/A;N/A;N/A;N/A;N/A;N/A;N/A;N/A;N/A;N/A;N/A;N/A;N/A;N/A;N/A;N/A;N/A;N/A;N/A;N/A;N/A;N/A;N/A;N/A;N/A;N/A;N/A;N/A;N/A;N/A;N/A;N/A;N/A;N/A;N/A;N/A;N/A;N/A;N/A;N/A;N/A;N/A;N/A;N/A;N/A;N/A;N/A;N/A;N/A;N/A;N/A;N/A;N/A;N/A;N/A;N/A;N/A;N/A;N/A;N/A;N/A;N/A;N/A;N/A;N/A;N/A;N/A;N/A;N/A;N/A;N/A;N/A;N/A;N/A;N/A;N/A;N/A;N/A;N/A;N/A;N/A;N/A;N/A;Sí;N/A;Sí;N/A;Sí;N/A;N/A;N/A;N/A;Sí;N/A;N/A;N/A;N/A;N/A;N/A;Sí;N/A;Sí;Sí;Sí;N/A;N/A;Sí;N/A;Sí
Renault;Oroch;"INTENS OUTSIDER T/M 1.6";2025;"0 km";;"AUTOMOTORA MARMOLEJO";25000;;;;;Minas;https://auto.mercadolibre.com.uy/MLU-702266958-nueva-oroch-intens-outsider-tm-ano-2025-_JM;N/A;;"Nueva Oroch Intens Outsider T/m. Año 2025";USD;Sí;silver;false;N/A;N/A;http://perfil.mercadolibre.com.uy/AUTOMOTORA+MARMOLEJO;active;N/A;N/A;Nuevo;Plateado;N/A;Eléctrica;4x2;N/A;Sí;N/A;N/A;N/A;Sí;N/A;N/A;N/A;N/A;N/A;Sí;Sí;N/A;N/A;N/A;N/A;N/A;N/A;N/A;N/A;N/A;N/A;N/A;N/A;N/A;N/A;N/A;N/A;N/A;N/A;N/A;N/A;N/A;N/A;N/A;N/A;N/A;N/A;N/A;N/A;N/A;N/A;N/A;N/A;N/A;N/A;N/A;N/A;N/A;N/A;N/A;N/A;N/A;N/A;N/A;N/A;N/A;N/A;N/A;N/A;N/A;N/A;N/A;N/A;N/A;N/A;N/A;N/A;N/A;N/A;N/A;N/A;N/A;N/A;N/A;N/A;N/A;N/A;N/A;N/A;N/A;N/A;N/A;N/A;N/A;N/A;Sí;N/A;Sí;Sí;N/A;Sí;Sí;N/A;N/A;N/A;N/A;N/A;N/A;N/A;N/A;N/A;"Lunes a Viernes de 8:30 a 12:00 y de 14:30 a 19:00hs, Sábados de 9:00 a 12:00hs.";5;1.6;Nafta;Manual;Pick-Up;"Autos y camionetas";N/A;N/A;N/A;N/A;N/A;N/A;N/A;N/A;N/A;N/A;N/A;N/A;N/A;N/A;N/A;N/A;N/A;N/A;N/A;N/A;N/A;N/A;N/A;N/A;Sí;N/A;N/A;N/A;N/A;N/A;N/A;N/A;N/A;N/A;N/A;N/A;N/A;N/A;N/A;N/A;N/A;N/A;N/A;N/A;N/A;N/A;N/A;N/A;N/A;N/A;N/A;N/A;N/A;N/A;N/A;N/A;N/A;N/A;N/A;N/A;N/A;N/A;N/A;N/A;N/A;N/A;N/A;N/A;N/A;N/A;N/A;N/A;N/A;N/A;N/A;N/A;N/A;N/A;N/A;N/A;N/A;N/A;N/A;N/A;N/A;N/A;N/A;N/A;N/A;N/A;N/A;N/A;N/A;N/A;N/A;N/A;N/A;N/A;Sí;N/A;N/A;N/A;N/A;N/A;N/A;Sí;Sí;Sí;N/A;N/A;N/A;Sí;N/A;N/A;N/A;N/A;N/A;N/A;N/A;N/A;N/A;N/A
Renault;Logan;"1.6 Privilége 105cv";2017;"94000 km";;"FULLCARS AUTOMOVILES";12900;;;;;Juanicó;https://auto.mercadolibre.com.uy/MLU-701343892-renault-logan-fullcars-_JM;N/A;;"Renault Logan Fullcars";usd;Sí;silver;false;N/A;N/A;http://perfil.mercadolibre.com.uy/FULLCARS+AUTOMOVILES;active;N/A;N/A;Usado;Plateado;N/A;Hidráulica;Delantera;N/A;N/A;N/A;N/A;N/A;N/A;N/A;N/A;N/A;N/A;N/A;N/A;N/A;N/A;N/A;N/A;N/A;N/A;N/A;N/A;N/A;N/A;N/A;N/A;N/A;"2635 mm";"1.6 L";"50 L";5;N/A;N/A;N/A;N/A;N/A;N/A;N/A;N/A;N/A;N/A;N/A;N/A;N/A;N/A;N/A;N/A;N/A;N/A;N/A;N/A;N/A;N/A;N/A;N/A;N/A;N/A;N/A;N/A;N/A;N/A;N/A;N/A;N/A;Sí;Sí;Sí;N/A;N/A;N/A;N/A;N/A;N/A;N/A;N/A;N/A;"1529 mm";"4350 mm";N/A;N/A;N/A;N/A;5;"105 hp";Privilege;N/A;4;"1733 mm";"11.8 km/l";N/A;N/A;N/A;N/A;N/A;N/A;Sí;N/A;N/A;N/A;"9.6 km/l";N/A;N/A;N/A;N/A;N/A;N/A;4;1.6;Nafta;Manual;Sedán;"Autos y camionetas";N/A;N/A;N/A;N/A;N/A;N/A;UY;N/A;N/A;N/A;N/A;N/A;N/A;N/A;N/A;N/A;N/A;N/A;N/A;N/A;N/A;N/A;N/A;N/A;N/A;N/A;N/A;N/A;N/A;N/A;N/A;N/A;N/A;N/A;N/A;N/A;N/A;N/A;N/A;N/A;N/A;N/A;N/A;N/A;N/A;N/A;N/A;N/A;N/A;N/A;N/A;N/A;N/A;N/A;N/A;N/A;N/A;N/A;N/A;N/A;N/A;N/A;N/A;N/A;N/A;N/A;N/A;N/A;N/A;N/A;N/A;N/A;N/A;N/A;N/A;N/A;N/A;N/A;N/A;N/A;N/A;N/A;N/A;N/A;N/A;N/A;N/A;N/A;N/A;N/A;N/A;N/A;N/A;N/A;N/A;N/A;N/A;N/A;N/A;N/A;N/A;N/A;N/A;N/A;N/A;N/A;N/A;N/A;N/A;N/A;N/A;N/A;N/A;N/A;N/A;N/A;N/A;N/A;N/A;N/A;N/A;N/A
Renault;"Duster Oroch";"1.6 Dynamique";2022;"85967 km";;CREDILAR-MOTORS;18990;;;;;Salto;https://auto.mercadolibre.com.uy/MLU-698656182-renault-oroch-_JM;N/A;;"Renault Oroch";usd;Sí;silver;false;N/A;N/A;http://perfil.mercadolibre.com.uy/CREDILAR-MOTORS;active;N/A;N/A;Usado;Plateado;N/A;N/A;4x2;N/A;N/A;Sí;N/A;N/A;N/A;N/A;N/A;N/A;N/A;N/A;N/A;N/A;N/A;N/A;N/A;N/A;N/A;N/A;N/A;N/A;N/A;N/A;N/A;N/A;"2829 mm";"1.6 L";"50 L";5;N/A;N/A;N/A;N/A;N/A;N/A;N/A;N/A;N/A;N/A;N/A;N/A;N/A;N/A;N/A;N/A;N/A;N/A;N/A;N/A;N/A;N/A;N/A;N/A;N/A;N/A;N/A;N/A;N/A;N/A;N/A;N/A;N/A;N/A;N/A;N/A;N/A;N/A;N/A;N/A;N/A;N/A;N/A;N/A;N/A;"1683 mm";"4329 mm";N/A;N/A;N/A;N/A;5;"110 hp";Dynamique;N/A;4;"1821 mm";"11.1 km/l";N/A;N/A;N/A;N/A;N/A;N/A;N/A;N/A;N/A;N/A;"10.4 km/l";N/A;N/A;N/A;N/A;N/A;"24 Hs";4;1.6;Nafta;Manual;SUV;"Autos y camionetas";N/A;N/A;N/A;N/A;N/A;N/A;UY;N/A;N/A;N/A;N/A;N/A;N/A;N/A;N/A;N/A;N/A;N/A;N/A;N/A;N/A;N/A;N/A;N/A;N/A;N/A;N/A;N/A;N/A;N/A;N/A;N/A;N/A;N/A;N/A;N/A;N/A;N/A;N/A;N/A;N/A;N/A;N/A;N/A;N/A;N/A;N/A;N/A;N/A;N/A;N/A;N/A;N/A;N/A;N/A;N/A;N/A;N/A;N/A;N/A;N/A;N/A;N/A;N/A;N/A;N/A;N/A;N/A;N/A;N/A;N/A;N/A;N/A;N/A;N/A;N/A;N/A;N/A;N/A;N/A;N/A;N/A;N/A;N/A;N/A;N/A;N/A;N/A;N/A;N/A;N/A;N/A;N/A;N/A;N/A;N/A;N/A;N/A;N/A;N/A;N/A;N/A;N/A;N/A;N/A;N/A;N/A;N/A;N/A;N/A;N/A;N/A;N/A;N/A;N/A;N/A;N/A;N/A;N/A;N/A;N/A;N/A
Renault;Oroch;Oroch;2016;"170000 km";;"ETCHENIQUE AUTOMÓVILES";13800;;;;;Centro;https://auto.mercadolibre.com.uy/MLU-698636272-renault-oroch-16-full-excelente-estado-_JM;N/A;;"Renault Oroch 1.6 Full Excelente Estado ";USD;Sí;silver;false;N/A;N/A;http://perfil.mercadolibre.com.uy/ETCHENIQUE+AUTOM%C3%93VILES;active;N/A;N/A;Usado;Negro;N/A;Hidráulica;4x2;Sí;Sí;N/A;N/A;N/A;N/A;N/A;N/A;N/A;N/A;N/A;N/A;Sí;N/A;N/A;N/A;N/A;N/A;N/A;N/A;N/A;N/A;N/A;N/A;N/A;N/A;N/A;N/A;N/A;N/A;N/A;N/A;N/A;N/A;N/A;N/A;N/A;N/A;N/A;N/A;N/A;N/A;N/A;N/A;N/A;N/A;N/A;N/A;N/A;N/A;N/A;N/A;N/A;N/A;N/A;N/A;N/A;N/A;N/A;N/A;N/A;N/A;N/A;N/A;N/A;N/A;N/A;N/A;N/A;N/A;N/A;N/A;N/A;N/A;N/A;N/A;N/A;N/A;N/A;N/A;N/A;N/A;N/A;N/A;N/A;N/A;N/A;N/A;N/A;N/A;Sí;N/A;Sí;N/A;N/A;N/A;N/A;N/A;N/A;N/A;N/A;N/A;N/A;"Lunes a Viernes de 9:00 a 19:00 y Sábados de 9:00 a 13:00hs.";5;1.6;Nafta;Manual;Rural;"Autos y camionetas";N/A;N/A;N/A;N/A;N/A;N/A;N/A;N/A;Sí;N/A;N/A;N/A;N/A;N/A;N/A;N/A;N/A;N/A;N/A;N/A;N/A;N/A;N/A;N/A;N/A;N/A;N/A;N/A;N/A;N/A;N/A;N/A;N/A;N/A;N/A;N/A;N/A;N/A;N/A;N/A;N/A;N/A;N/A;N/A;N/A;N/A;N/A;N/A;N/A;N/A;N/A;N/A;N/A;N/A;N/A;N/A;N/A;N/A;N/A;N/A;N/A;N/A;N/A;N/A;N/A;N/A;N/A;N/A;N/A;N/A;N/A;N/A;N/A;N/A;N/A;N/A;N/A;N/A;N/A;N/A;N/A;N/A;N/A;N/A;N/A;N/A;N/A;N/A;N/A;N/A;N/A;N/A;N/A;N/A;N/A;N/A;Sí;N/A;Sí;N/A;Sí;N/A;N/A;N/A;N/A;Sí;N/A;N/A;N/A;N/A;N/A;N/A;Sí;N/A;Sí;Sí;Sí;N/A;N/A;Sí;N/A;Sí
Renault;"Sandero Stepway";-;2012;"88000 km";;"DOURADO MOTORS";10900;;;;;Carrasco;https://auto.mercadolibre.com.uy/MLU-644523559-renault-sandero-stepway-16-2012-impecable-_JM;N/A;;"Renault Sandero Stepway 1.6 2012 Impecable!";usd;Sí;silver;false;N/A;N/A;http://perfil.mercadolibre.com.uy/DOURADO+MOTORS;active;N/A;N/A;Usado;Negro;N/A;Asistida;N/A;Sí;Sí;Sí;N/A;N/A;N/A;Sí;N/A;N/A;N/A;Sí;N/A;Sí;N/A;Sí;N/A;N/A;N/A;N/A;N/A;N/A;N/A;N/A;N/A;N/A;N/A;"1600 cc";N/A;5;N/A;N/A;N/A;N/A;N/A;N/A;N/A;N/A;N/A;N/A;N/A;N/A;N/A;N/A;N/A;N/A;N/A;N/A;N/A;N/A;N/A;N/A;N/A;Sí;N/A;N/A;N/A;N/A;N/A;N/A;N/A;N/A;N/A;N/A;N/A;N/A;N/A;N/A;N/A;N/A;N/A;N/A;N/A;N/A;N/A;N/A;N/A;N/A;N/A;N/A;N/A;N/A;"111 hp";N/A;N/A;N/A;N/A;"13 km/l";N/A;N/A;N/A;Sí;N/A;Sí;N/A;Sí;N/A;N/A;"15 km/l";N/A;N/A;N/A;N/A;Sí;"Lun. a Vie. de 8:30 a 18:30 hs. Sáb. de 10 a 14 hs.";5;1.6;Nafta;Manual;SUV;"Autos y camionetas";No;N/A;N/A;N/A;No;N/A;UY;No;Sí;No;No;N/A;N/A;N/A;N/A;N/A;N/A;N/A;N/A;N/A;N/A;N/A;N/A;N/A;N/A;N/A;N/A;N/A;N/A;N/A;N/A;N/A;N/A;N/A;N/A;N/A;N/A;N/A;N/A;N/A;N/A;N/A;N/A;N/A;N/A;N/A;N/A;N/A;N/A;N/A;N/A;N/A;N/A;N/A;N/A;N/A;N/A;N/A;N/A;N/A;N/A;N/A;No;N/A;N/A;N/A;N/A;N/A;N/A;N/A;N/A;N/A;N/A;N/A;N/A;N/A;N/A;N/A;N/A;N/A;N/A;N/A;N/A;N/A;N/A;N/A;N/A;N/A;N/A;N/A;N/A;N/A;N/A;N/A;N/A;N/A;Sí;Sí;Sí;N/A;Sí;Sí;Sí;N/A;Sí;Sí;N/A;N/A;N/A;N/A;N/A;N/A;Sí;N/A;Sí;Sí;N/A;N/A;N/A;N/A;N/A;Sí
Renault;"Duster Oroch";"1.6 Dynamique";2016;"103000 km";;"MASANTI AUTOMOVILES_JAVIER";14900;;;;;"Barros Blancos";https://auto.mercadolibre.com.uy/MLU-704002372-renault-duster-oroch-2016-16-expresion-masanti-_JM;N/A;;"Renault Duster Oroch 2016 1.6 Expresion Masanti";usd;Sí;silver;false;N/A;N/A;http://perfil.mercadolibre.com.uy/MASANTI+AUTOMOVILES_JAVIER;active;N/A;N/A;Usado;Blanco;N/A;Hidráulica;4x2;Sí;N/A;Sí;N/A;N/A;N/A;N/A;N/A;N/A;N/A;N/A;N/A;Sí;N/A;N/A;N/A;N/A;N/A;N/A;N/A;N/A;N/A;N/A;N/A;N/A;"2829 mm";"1.6 L";"50 L";5;N/A;N/A;N/A;N/A;N/A;N/A;N/A;N/A;N/A;N/A;N/A;N/A;N/A;N/A;N/A;N/A;N/A;N/A;N/A;N/A;N/A;N/A;N/A;N/A;N/A;N/A;N/A;N/A;N/A;N/A;N/A;N/A;N/A;N/A;N/A;N/A;N/A;N/A;N/A;N/A;N/A;N/A;N/A;N/A;N/A;"1683 mm";"4329 mm";N/A;N/A;N/A;N/A;5;"110 hp";Dynamique;N/A;4;"1821 mm";"11.1 km/l";N/A;N/A;N/A;N/A;N/A;Sí;N/A;N/A;N/A;N/A;"10.4 km/l";N/A;N/A;N/A;N/A;N/A;N/A;4;1.6;Nafta;Manual;SUV;"Autos y camionetas";N/A;N/A;N/A;N/A;N/A;N/A;UY;N/A;Sí;N/A;N/A;N/A;N/A;N/A;N/A;N/A;N/A;N/A;N/A;N/A;N/A;N/A;N/A;N/A;N/A;N/A;N/A;N/A;N/A;N/A;N/A;N/A;N/A;N/A;N/A;N/A;N/A;N/A;N/A;N/A;N/A;N/A;N/A;N/A;N/A;N/A;N/A;N/A;N/A;N/A;N/A;N/A;N/A;N/A;N/A;N/A;N/A;N/A;N/A;N/A;N/A;N/A;N/A;N/A;N/A;N/A;N/A;N/A;N/A;N/A;N/A;N/A;N/A;N/A;N/A;N/A;N/A;N/A;N/A;N/A;N/A;N/A;N/A;N/A;N/A;N/A;N/A;N/A;N/A;N/A;N/A;N/A;N/A;N/A;N/A;N/A;Sí;Sí;Sí;N/A;Sí;N/A;N/A;N/A;N/A;Sí;N/A;N/A;N/A;N/A;N/A;N/A;N/A;N/A;Sí;N/A;N/A;N/A;N/A;N/A;N/A;Sí
Renault;Arkana;"1.3 Tce Intens";2023;"32000 km";;"VIDESOL S.A.";32900;;;;;"Colonia del Sacramento";https://auto.mercadolibre.com.uy/MLU-701819550-renault-arkana-e-tech-_JM;N/A;;"Renault Arkana E-tech ";usd;Sí;silver;false;N/A;N/A;http://perfil.mercadolibre.com.uy/VIDESOL+S.A.;active;N/A;N/A;Usado;Blanco;N/A;N/A;Delantera;N/A;N/A;N/A;N/A;N/A;N/A;N/A;N/A;N/A;N/A;N/A;N/A;N/A;N/A;N/A;N/A;N/A;N/A;N/A;N/A;N/A;N/A;N/A;N/A;N/A;"2720 mm";"1.3 L";"48 L";7;N/A;N/A;N/A;N/A;N/A;N/A;N/A;N/A;N/A;N/A;N/A;N/A;N/A;N/A;N/A;N/A;N/A;N/A;N/A;N/A;N/A;N/A;N/A;N/A;N/A;N/A;N/A;N/A;N/A;N/A;N/A;N/A;N/A;N/A;N/A;N/A;N/A;N/A;N/A;N/A;N/A;N/A;N/A;N/A;N/A;"1571 mm";"4568 mm";N/A;N/A;N/A;N/A;5;"150 hp";Intens;N/A;4;"1821 mm";N/A;N/A;N/A;N/A;N/A;N/A;N/A;N/A;N/A;N/A;N/A;N/A;N/A;N/A;N/A;N/A;N/A;N/A;5;1.3;Nafta;Automática;Sedán;"Autos y camionetas";N/A;N/A;N/A;N/A;N/A;N/A;UY;N/A;N/A;N/A;N/A;N/A;N/A;N/A;N/A;N/A;N/A;N/A;N/A;N/A;N/A;N/A;N/A;N/A;N/A;N/A;N/A;N/A;N/A;N/A;N/A;N/A;N/A;N/A;N/A;N/A;N/A;N/A;N/A;N/A;N/A;N/A;N/A;N/A;N/A;N/A;N/A;N/A;N/A;N/A;N/A;N/A;N/A;N/A;N/A;N/A;N/A;N/A;N/A;N/A;N/A;N/A;N/A;N/A;N/A;N/A;N/A;N/A;N/A;N/A;N/A;N/A;N/A;N/A;N/A;N/A;N/A;N/A;N/A;N/A;N/A;N/A;N/A;N/A;N/A;N/A;N/A;N/A;N/A;N/A;N/A;N/A;N/A;N/A;N/A;N/A;N/A;N/A;N/A;N/A;N/A;N/A;N/A;N/A;N/A;N/A;N/A;N/A;N/A;N/A;N/A;N/A;N/A;N/A;N/A;N/A;N/A;N/A;N/A;N/A;N/A;N/A
Renault;Kwid;"1.0 Sce 66cv Zen";2023;"0 km";;RALLYAUT1;14990;;;;;Aguada;https://auto.mercadolibre.com.uy/MLU-701710992-renault-kwid-zen-0-km-financiamos-100-aceptamos-permutas-_JM;N/A;;"Renault Kwid Zen 0 Km  Financiamos 100% Aceptamos Permutas ";usd;Sí;silver;false;N/A;N/A;http://perfil.mercadolibre.com.uy/RALLYAUT1;active;N/A;N/A;Nuevo;Blanco;N/A;N/A;Delantera;N/A;N/A;Sí;N/A;N/A;N/A;N/A;N/A;N/A;N/A;N/A;N/A;N/A;N/A;N/A;N/A;N/A;N/A;N/A;N/A;N/A;N/A;N/A;N/A;N/A;"2423 mm";"999 cc";"50 L";5;N/A;N/A;N/A;N/A;N/A;N/A;N/A;N/A;N/A;N/A;N/A;N/A;N/A;N/A;N/A;N/A;N/A;N/A;N/A;N/A;N/A;N/A;N/A;N/A;N/A;N/A;N/A;N/A;N/A;N/A;N/A;N/A;N/A;N/A;N/A;N/A;N/A;N/A;N/A;N/A;N/A;N/A;N/A;N/A;N/A;"1474 mm";"3680 mm";N/A;N/A;N/A;N/A;5;"66 hp";Zen;N/A;4;"1752 mm";N/A;N/A;N/A;N/A;N/A;N/A;N/A;N/A;N/A;N/A;N/A;N/A;N/A;N/A;N/A;N/A;N/A;"LUNES A VIERNES DE 10 A 18HRS SABADOS DE 9 A 13HRS";5;1.0;Nafta;Manual;Hatchback;"Autos y camionetas";N/A;N/A;N/A;N/A;N/A;N/A;UY;N/A;N/A;N/A;N/A;N/A;N/A;N/A;N/A;N/A;N/A;N/A;N/A;N/A;N/A;N/A;N/A;N/A;N/A;N/A;N/A;N/A;N/A;N/A;N/A;N/A;N/A;N/A;N/A;N/A;N/A;N/A;N/A;N/A;N/A;N/A;N/A;N/A;N/A;N/A;N/A;N/A;N/A;N/A;N/A;N/A;N/A;N/A;N/A;N/A;N/A;N/A;N/A;N/A;N/A;N/A;N/A;N/A;N/A;N/A;N/A;N/A;N/A;N/A;N/A;N/A;N/A;N/A;N/A;N/A;N/A;N/A;N/A;N/A;N/A;N/A;N/A;N/A;N/A;N/A;N/A;N/A;N/A;N/A;N/A;N/A;N/A;N/A;N/A;N/A;N/A;N/A;N/A;N/A;N/A;N/A;N/A;N/A;N/A;N/A;N/A;N/A;N/A;N/A;N/A;N/A;N/A;N/A;N/A;N/A;N/A;N/A;N/A;N/A;N/A;N/A
Renault;Kangoo;"1.6 Furgon Ph3 Confort 1plc";2015;"73000 km";;ROVELLAAUTOMOVILES;8490;;;;;Goes;https://auto.mercadolibre.com.uy/MLU-706167890-renault-kangoo-2015-furgon-16-en-excelentes-condiciones-_JM;N/A;;"Renault Kangoo 2015 Furgon 1.6 En Excelentes Condiciones..";usd;Sí;silver;false;N/A;N/A;http://perfil.mercadolibre.com.uy/ROVELLAAUTOMOVILES;active;N/A;N/A;Usado;Azul;N/A;Hidráulica;Delantera;No;N/A;N/A;N/A;N/A;N/A;N/A;N/A;N/A;N/A;N/A;N/A;N/A;N/A;N/A;N/A;N/A;N/A;N/A;N/A;N/A;N/A;N/A;N/A;N/A;"2600 mm";"1.6 L";"52 L";5;N/A;N/A;N/A;N/A;N/A;N/A;N/A;N/A;N/A;N/A;N/A;N/A;N/A;N/A;N/A;N/A;N/A;N/A;N/A;N/A;N/A;N/A;N/A;N/A;N/A;N/A;N/A;N/A;N/A;N/A;N/A;N/A;N/A;N/A;N/A;N/A;N/A;N/A;N/A;N/A;N/A;N/A;N/A;N/A;N/A;"1860 mm";"4010 mm";N/A;N/A;N/A;N/A;2;"95 hp";Confort;N/A;4;"1672 mm";"11.09 km/l";N/A;N/A;N/A;Sí;N/A;Sí;Sí;N/A;N/A;N/A;N/A;N/A;N/A;N/A;N/A;N/A;"Lunes a viernes 9 a 17hs";3;1.6;Nafta;Manual;N/A;"Autos y camionetas";N/A;N/A;N/A;N/A;N/A;N/A;UY;N/A;Sí;N/A;N/A;N/A;N/A;N/A;N/A;N/A;N/A;N/A;N/A;N/A;N/A;N/A;N/A;N/A;N/A;N/A;N/A;N/A;N/A;N/A;N/A;N/A;N/A;N/A;N/A;N/A;N/A;N/A;N/A;N/A;N/A;N/A;N/A;N/A;N/A;N/A;N/A;N/A;N/A;N/A;N/A;N/A;N/A;N/A;N/A;N/A;N/A;N/A;N/A;N/A;N/A;N/A;N/A;N/A;N/A;N/A;N/A;N/A;N/A;N/A;N/A;N/A;N/A;N/A;N/A;N/A;N/A;N/A;N/A;N/A;N/A;N/A;N/A;N/A;N/A;N/A;N/A;N/A;N/A;N/A;N/A;N/A;N/A;N/A;N/A;N/A;N/A;Sí;N/A;N/A;N/A;N/A;N/A;N/A;N/A;N/A;N/A;N/A;Sí;N/A;N/A;N/A;N/A;Sí;Sí;Sí;Sí;Sí;N/A;Sí;N/A;Sí
Renault;Fluence;"2.0 Privilege Mt";2012;"155000 km";;"FULLCARS AUTOMOVILES";11500;;;;;Juanicó;https://auto.mercadolibre.com.uy/MLU-706219916-renault-fluence-20-privilege-mt-fullcars-_JM;N/A;;"Renault Fluence 2.0 Privilege Mt Fullcars";usd;Sí;silver;false;N/A;N/A;http://perfil.mercadolibre.com.uy/FULLCARS+AUTOMOVILES;active;N/A;N/A;Usado;Blanco;N/A;Eléctrica;Delantera;N/A;N/A;Sí;N/A;N/A;N/A;N/A;N/A;Sí;N/A;N/A;N/A;N/A;N/A;N/A;N/A;N/A;N/A;N/A;N/A;N/A;N/A;N/A;N/A;N/A;"2700 mm";"2 L";"60 L";6;N/A;N/A;N/A;N/A;N/A;N/A;N/A;N/A;N/A;Sí;N/A;N/A;N/A;N/A;N/A;N/A;N/A;N/A;N/A;N/A;N/A;N/A;N/A;N/A;N/A;N/A;N/A;N/A;N/A;N/A;N/A;N/A;N/A;Sí;Sí;Sí;N/A;N/A;N/A;N/A;N/A;N/A;N/A;N/A;N/A;"1479 mm";"4618 mm";N/A;N/A;N/A;N/A;5;"143 hp";Privilege;N/A;4;"1810 mm";"11 km/l";Sí;N/A;N/A;Sí;N/A;N/A;Sí;N/A;N/A;N/A;"6.2 km/l";N/A;N/A;N/A;N/A;N/A;N/A;4;2.0;Nafta;Manual;Sedán;"Autos y camionetas";N/A;N/A;N/A;N/A;N/A;N/A;UY;N/A;N/A;N/A;N/A;N/A;N/A;N/A;N/A;N/A;N/A;N/A;N/A;N/A;N/A;N/A;N/A;N/A;N/A;N/A;N/A;N/A;N/A;N/A;N/A;N/A;N/A;N/A;N/A;N/A;N/A;N/A;N/A;N/A;N/A;N/A;N/A;N/A;N/A;N/A;N/A;N/A;N/A;N/A;N/A;N/A;N/A;N/A;N/A;N/A;N/A;N/A;N/A;N/A;N/A;N/A;N/A;N/A;N/A;N/A;N/A;N/A;N/A;N/A;N/A;N/A;N/A;N/A;N/A;N/A;N/A;N/A;N/A;N/A;N/A;N/A;N/A;N/A;N/A;N/A;N/A;N/A;N/A;N/A;N/A;N/A;N/A;N/A;N/A;N/A;N/A;N/A;N/A;N/A;N/A;N/A;N/A;N/A;N/A;N/A;Sí;N/A;N/A;N/A;N/A;N/A;Sí;N/A;N/A;N/A;N/A;N/A;N/A;Sí;N/A;N/A
Renault;Sandero;"1.6 Expression 90cv";2016;"101000 km";;DANELLOSERGIO;11900;;;;;Maroñas;https://auto.mercadolibre.com.uy/MLU-706123440-renault-sandero-expression-ano-2016-full-al-dia-11900-us-_JM;N/A;;"Renault Sandero Expression Año 2016 Full Al Dia 11900 U$s";usd;Sí;silver;false;N/A;N/A;http://perfil.mercadolibre.com.uy/DANELLOSERGIO;active;N/A;N/A;Usado;Gris;N/A;Hidráulica;Delantera;Sí;N/A;N/A;N/A;N/A;N/A;N/A;N/A;N/A;N/A;N/A;N/A;N/A;N/A;N/A;N/A;N/A;N/A;N/A;N/A;N/A;N/A;N/A;N/A;N/A;"2590 mm";"1.6 L";"50 L";5;N/A;N/A;N/A;N/A;N/A;N/A;N/A;N/A;N/A;N/A;N/A;N/A;N/A;N/A;N/A;N/A;N/A;N/A;N/A;N/A;N/A;N/A;N/A;N/A;N/A;N/A;N/A;N/A;N/A;N/A;N/A;N/A;N/A;N/A;N/A;N/A;N/A;N/A;N/A;N/A;N/A;N/A;N/A;N/A;N/A;"1536 mm";"4060 mm";N/A;N/A;N/A;N/A;5;"90 hp";Expression;N/A;2;"1733 mm";"10 km/l";N/A;N/A;N/A;N/A;N/A;N/A;N/A;N/A;N/A;Sí;"5.8 km/l";N/A;N/A;N/A;N/A;N/A;"TODO AL DIA";5;1.6;Nafta;Manual;Hatchback;"Autos y camionetas";N/A;N/A;N/A;N/A;N/A;N/A;UY;N/A;N/A;N/A;N/A;N/A;N/A;N/A;N/A;N/A;N/A;N/A;N/A;N/A;N/A;N/A;N/A;N/A;N/A;N/A;N/A;N/A;N/A;N/A;N/A;N/A;N/A;N/A;N/A;N/A;N/A;N/A;N/A;N/A;N/A;N/A;N/A;N/A;N/A;N/A;N/A;N/A;N/A;N/A;N/A;N/A;N/A;N/A;N/A;N/A;N/A;N/A;N/A;N/A;N/A;N/A;N/A;N/A;N/A;N/A;N/A;N/A;N/A;N/A;N/A;N/A;N/A;N/A;N/A;N/A;N/A;N/A;N/A;N/A;N/A;N/A;N/A;N/A;N/A;N/A;N/A;N/A;N/A;N/A;N/A;N/A;N/A;N/A;N/A;N/A;N/A;N/A;N/A;N/A;N/A;N/A;N/A;N/A;N/A;N/A;N/A;N/A;N/A;N/A;N/A;N/A;N/A;N/A;N/A;N/A;N/A;Sí;N/A;N/A;N/A;N/A
Renault;Kardian;Evolution;2025;"0 km";;"VIDESOL S.A.";27000;;;;;"Colonia del Sacramento";https://auto.mercadolibre.com.uy/MLU-704819382-renault-kardian-evolution-10-_JM;N/A;;"Renault  Kardian  Evolution  1.0";USD;Sí;silver;false;N/A;N/A;http://perfil.mercadolibre.com.uy/VIDESOL+S.A.;active;N/A;N/A;Nuevo;Gris;N/A;Eléctrica;Delantera;Sí;Sí;N/A;N/A;N/A;Sí;N/A;N/A;No;N/A;N/A;Sí;Sí;N/A;Sí;N/A;N/A;N/A;N/A;N/A;N/A;N/A;N/A;N/A;N/A;N/A;N/A;N/A;N/A;N/A;N/A;N/A;N/A;N/A;Sí;N/A;N/A;N/A;N/A;N/A;N/A;N/A;N/A;N/A;N/A;N/A;N/A;N/A;N/A;N/A;N/A;N/A;N/A;N/A;N/A;N/A;N/A;N/A;No;N/A;N/A;N/A;N/A;N/A;N/A;N/A;N/A;N/A;N/A;N/A;N/A;N/A;N/A;N/A;N/A;N/A;N/A;N/A;N/A;N/A;N/A;N/A;N/A;N/A;N/A;N/A;N/A;No;N/A;Sí;Sí;N/A;Sí;Sí;N/A;No;N/A;N/A;No;Sí;N/A;N/A;Sí;"08.00 A 21.00";5;1.0;Nafta;Manual;Rural;"Autos y camionetas";Sí;N/A;N/A;N/A;Sí;N/A;N/A;N/A;Sí;N/A;Sí;N/A;N/A;N/A;N/A;N/A;N/A;N/A;N/A;N/A;N/A;N/A;N/A;N/A;Sí;N/A;N/A;N/A;N/A;N/A;N/A;N/A;N/A;N/A;N/A;N/A;N/A;N/A;N/A;N/A;N/A;N/A;N/A;Sí;N/A;N/A;N/A;N/A;N/A;N/A;N/A;N/A;N/A;N/A;N/A;N/A;N/A;N/A;N/A;N/A;N/A;Sí;Sí;N/A;N/A;N/A;N/A;N/A;N/A;N/A;N/A;N/A;N/A;N/A;N/A;N/A;N/A;N/A;N/A;N/A;N/A;N/A;N/A;N/A;N/A;N/A;N/A;N/A;N/A;N/A;N/A;N/A;N/A;N/A;N/A;No;Sí;Sí;Sí;N/A;Sí;N/A;N/A;N/A;N/A;Sí;No;Sí;Sí;N/A;N/A;Sí;Sí;Sí;Sí;Sí;Sí;No;No;Sí;N/A;Sí
Renault;Duster;"2.0 Ph2 4x4 Privilege 143cv";2017;"80000 km";;"AMAYA FABIANDASILVA";17900;;;;;"Barra de Carrasco";https://auto.mercadolibre.com.uy/MLU-704563438-renault-duster-20-ph2-4x4-privilege-143cv-_JM;N/A;;"Renault Duster 2.0 Ph2 4x4 Privilege 143cv";usd;Sí;silver;false;N/A;N/A;http://perfil.mercadolibre.com.uy/AMAYA+FABIANDASILVA;active;N/A;N/A;Usado;Gris;N/A;Hidráulica;4x4;N/A;N/A;Sí;N/A;N/A;N/A;N/A;N/A;N/A;N/A;N/A;N/A;N/A;N/A;N/A;N/A;N/A;N/A;N/A;N/A;N/A;N/A;N/A;N/A;N/A;"2674 mm";"2 L";"50 L";6;N/A;N/A;N/A;N/A;N/A;N/A;N/A;N/A;N/A;N/A;N/A;N/A;N/A;N/A;N/A;N/A;N/A;N/A;N/A;N/A;N/A;N/A;N/A;N/A;N/A;N/A;N/A;N/A;N/A;N/A;N/A;N/A;N/A;N/A;N/A;N/A;N/A;N/A;N/A;N/A;N/A;N/A;N/A;N/A;N/A;"1683 mm";"4329 mm";N/A;N/A;N/A;N/A;5;"143 hp";Privilege;N/A;4;"1822 mm";"10.8 km/l";N/A;N/A;N/A;N/A;N/A;N/A;N/A;N/A;N/A;N/A;N/A;N/A;N/A;N/A;N/A;N/A;"Lunes a Viernes de 9:30 a 18:30 Sabado de 9:30 a 13:30Hrs";5;2.0;Nafta;Manual;SUV;"Autos y camionetas";N/A;N/A;N/A;N/A;N/A;N/A;UY;N/A;N/A;N/A;N/A;N/A;N/A;N/A;N/A;N/A;N/A;N/A;N/A;N/A;N/A;N/A;N/A;N/A;N/A;N/A;N/A;N/A;N/A;N/A;N/A;N/A;N/A;N/A;N/A;N/A;N/A;N/A;N/A;N/A;N/A;N/A;N/A;N/A;N/A;N/A;N/A;N/A;N/A;N/A;N/A;N/A;N/A;N/A;N/A;N/A;N/A;N/A;N/A;N/A;N/A;N/A;N/A;N/A;N/A;N/A;N/A;N/A;N/A;N/A;N/A;N/A;N/A;N/A;N/A;N/A;N/A;N/A;N/A;N/A;N/A;N/A;N/A;N/A;N/A;N/A;N/A;N/A;N/A;N/A;N/A;N/A;N/A;N/A;N/A;N/A;N/A;N/A;N/A;N/A;N/A;N/A;N/A;N/A;N/A;N/A;N/A;N/A;N/A;N/A;N/A;N/A;N/A;N/A;N/A;N/A;N/A;N/A;N/A;N/A;N/A;N/A
Renault;Clio;"1.6 Rn";2002;"180000 km";;MVDMOTORS;6490;;;;;"La Blanqueada";https://auto.mercadolibre.com.uy/MLU-704356816-renault-clio-2002-permuto-financio-_JM;N/A;;"Renault Clio 2002 Permuto!! Financio!!";usd;No;silver;false;N/A;N/A;http://perfil.mercadolibre.com.uy/MVDMOTORS;active;N/A;N/A;Usado;Blanco;N/A;Hidráulica;Delantera;Sí;N/A;N/A;N/A;N/A;N/A;N/A;N/A;N/A;N/A;N/A;N/A;N/A;N/A;N/A;N/A;N/A;N/A;N/A;N/A;N/A;N/A;N/A;N/A;N/A;"2472 mm";"1.6 L";"50 L";5;N/A;N/A;N/A;N/A;N/A;N/A;N/A;N/A;N/A;N/A;N/A;N/A;N/A;N/A;N/A;N/A;N/A;N/A;N/A;N/A;N/A;N/A;N/A;N/A;N/A;N/A;N/A;N/A;N/A;N/A;N/A;N/A;N/A;N/A;N/A;N/A;N/A;N/A;N/A;N/A;N/A;N/A;N/A;N/A;N/A;"1435 mm";"4150 mm";N/A;N/A;N/A;N/A;5;"100 hp";Rn;N/A;2;"1639 mm";"9.4 km/l";N/A;N/A;N/A;N/A;N/A;N/A;N/A;N/A;N/A;N/A;"7.1 km/l";N/A;N/A;N/A;N/A;N/A;"Lun-Vier 09:00-19:00 / Sáb. 09:00 - 13:00.";4;1.6;Nafta;Manual;Sedán;"Autos y camionetas";N/A;N/A;N/A;N/A;N/A;N/A;UY;N/A;N/A;N/A;N/A;N/A;N/A;N/A;N/A;N/A;N/A;N/A;N/A;N/A;N/A;N/A;N/A;N/A;N/A;N/A;N/A;N/A;N/A;N/A;N/A;N/A;N/A;N/A;N/A;N/A;N/A;N/A;N/A;N/A;N/A;N/A;N/A;N/A;N/A;N/A;N/A;N/A;N/A;N/A;N/A;N/A;N/A;N/A;N/A;N/A;N/A;N/A;N/A;N/A;N/A;N/A;N/A;N/A;N/A;N/A;N/A;N/A;N/A;N/A;N/A;N/A;N/A;N/A;N/A;N/A;N/A;N/A;N/A;N/A;N/A;N/A;N/A;N/A;N/A;N/A;N/A;N/A;N/A;N/A;N/A;N/A;N/A;N/A;N/A;N/A;N/A;N/A;N/A;N/A;N/A;N/A;N/A;N/A;N/A;N/A;N/A;N/A;N/A;N/A;N/A;N/A;N/A;N/A;N/A;N/A;N/A;N/A;N/A;N/A;N/A;N/A
Renault;"Duster Oroch";"1.6 Dynamique";2020;"134000 km";;"SOLANAS MOTORS";15900;;;;;"P. Ballena";https://auto.mercadolibre.com.uy/MLU-704245920-renault-oroch-_JM;N/A;;"Renault Oroch";usd;Sí;silver;false;N/A;N/A;http://perfil.mercadolibre.com.uy/SOLANAS+MOTORS;active;N/A;N/A;Usado;Gris;N/A;N/A;4x2;N/A;N/A;Sí;N/A;N/A;N/A;N/A;N/A;N/A;N/A;N/A;N/A;N/A;N/A;N/A;N/A;N/A;N/A;N/A;N/A;N/A;N/A;N/A;N/A;N/A;"2829 mm";"1.6 L";"50 L";5;N/A;N/A;N/A;N/A;N/A;N/A;N/A;N/A;N/A;N/A;N/A;N/A;N/A;N/A;N/A;N/A;N/A;N/A;N/A;N/A;N/A;N/A;N/A;N/A;N/A;N/A;N/A;N/A;N/A;N/A;N/A;N/A;N/A;N/A;N/A;N/A;N/A;N/A;N/A;N/A;N/A;N/A;N/A;N/A;N/A;"1683 mm";"4329 mm";N/A;N/A;N/A;N/A;5;"110 hp";Dynamique;N/A;4;"1821 mm";"11.1 km/l";N/A;N/A;N/A;N/A;N/A;N/A;N/A;N/A;N/A;N/A;"10.4 km/l";N/A;N/A;N/A;N/A;N/A;"Lunes a domingos de 9 a 18";4;1.6;Nafta;Manual;SUV;"Autos y camionetas";N/A;N/A;N/A;N/A;N/A;N/A;UY;N/A;N/A;N/A;N/A;N/A;N/A;N/A;N/A;N/A;N/A;N/A;N/A;N/A;N/A;N/A;N/A;N/A;N/A;N/A;N/A;N/A;N/A;N/A;N/A;N/A;N/A;N/A;N/A;N/A;N/A;N/A;N/A;N/A;N/A;N/A;N/A;N/A;N/A;N/A;N/A;N/A;N/A;N/A;N/A;N/A;N/A;N/A;N/A;N/A;N/A;N/A;N/A;N/A;N/A;N/A;N/A;N/A;N/A;N/A;N/A;N/A;N/A;N/A;N/A;N/A;N/A;N/A;N/A;N/A;N/A;N/A;N/A;N/A;N/A;N/A;N/A;N/A;N/A;N/A;N/A;N/A;N/A;N/A;N/A;N/A;N/A;N/A;N/A;N/A;N/A;N/A;N/A;N/A;N/A;N/A;N/A;N/A;N/A;N/A;N/A;N/A;N/A;N/A;N/A;N/A;N/A;N/A;N/A;N/A;N/A;N/A;N/A;N/A;N/A;N/A
Renault;"Duster Oroch";"2.0 Privilege";2018;"150000 km";;DANELLOSERGIO;9900;;;;;Maroñas;https://auto.mercadolibre.com.uy/MLU-702870016-renault-oroch-20-ano-2018-full-9900-dolares-_JM;N/A;;"Renault Oroch 2.0 Año 2018 Full 9900 Dolares";usd;Sí;silver;false;N/A;N/A;http://perfil.mercadolibre.com.uy/DANELLOSERGIO;active;N/A;N/A;Usado;Blanco;N/A;Hidráulica;4x2;Sí;N/A;N/A;N/A;N/A;N/A;N/A;N/A;N/A;N/A;N/A;N/A;N/A;N/A;N/A;N/A;N/A;N/A;N/A;N/A;N/A;N/A;N/A;N/A;N/A;"2829 mm";"2 L";"50 L";6;N/A;N/A;N/A;N/A;N/A;N/A;N/A;N/A;N/A;N/A;N/A;N/A;N/A;N/A;N/A;N/A;N/A;N/A;N/A;N/A;N/A;N/A;N/A;N/A;N/A;N/A;N/A;N/A;N/A;N/A;N/A;N/A;N/A;N/A;N/A;N/A;N/A;N/A;N/A;N/A;N/A;N/A;N/A;N/A;N/A;"1683 mm";"4329 mm";N/A;N/A;N/A;N/A;5;"143 hp";Privilege;N/A;4;"1821 mm";"10.8 km/l";N/A;N/A;N/A;N/A;N/A;N/A;N/A;N/A;N/A;N/A;N/A;N/A;N/A;N/A;N/A;N/A;"TODO AL DIA";5;2.0;Nafta;Manual;SUV;"Autos y camionetas";N/A;N/A;N/A;N/A;N/A;N/A;UY;N/A;N/A;N/A;N/A;N/A;N/A;N/A;N/A;N/A;N/A;N/A;N/A;N/A;N/A;N/A;N/A;N/A;N/A;N/A;N/A;N/A;N/A;N/A;N/A;N/A;N/A;N/A;N/A;N/A;N/A;N/A;N/A;N/A;N/A;N/A;N/A;N/A;N/A;N/A;N/A;N/A;N/A;N/A;N/A;N/A;N/A;N/A;N/A;N/A;N/A;N/A;N/A;N/A;N/A;N/A;N/A;N/A;N/A;N/A;N/A;N/A;N/A;N/A;N/A;N/A;N/A;N/A;N/A;N/A;N/A;N/A;N/A;N/A;N/A;N/A;N/A;N/A;N/A;N/A;N/A;N/A;N/A;N/A;N/A;N/A;N/A;N/A;N/A;N/A;N/A;N/A;N/A;N/A;N/A;N/A;N/A;N/A;N/A;N/A;N/A;N/A;N/A;N/A;N/A;N/A;N/A;N/A;N/A;N/A;N/A;N/A;N/A;N/A;N/A;N/A
Renault;Kangoo;"Furgon Fase 2 AA";2017;"113000 km";;MVDMOTORS;9490;;;;;"La Blanqueada";https://auto.mercadolibre.com.uy/MLU-698666688-renault-kangoo-furgon-permuto-financio-_JM;N/A;;"Renault Kangoo Furgon Permuto!! Financio!!";USD;Sí;silver;false;N/A;N/A;http://perfil.mercadolibre.com.uy/MVDMOTORS;active;N/A;N/A;Usado;Gris;N/A;Hidráulica;Delantera;N/A;N/A;N/A;N/A;N/A;N/A;N/A;N/A;N/A;N/A;N/A;N/A;N/A;N/A;N/A;N/A;N/A;N/A;N/A;N/A;N/A;N/A;N/A;N/A;N/A;N/A;N/A;N/A;N/A;N/A;N/A;N/A;N/A;N/A;N/A;N/A;N/A;N/A;N/A;N/A;N/A;N/A;N/A;N/A;N/A;N/A;N/A;N/A;N/A;N/A;N/A;N/A;N/A;N/A;N/A;N/A;N/A;N/A;N/A;N/A;N/A;N/A;N/A;N/A;N/A;N/A;N/A;N/A;N/A;N/A;N/A;N/A;N/A;N/A;N/A;N/A;N/A;N/A;N/A;N/A;N/A;N/A;N/A;N/A;N/A;N/A;N/A;N/A;N/A;N/A;N/A;N/A;N/A;N/A;N/A;N/A;N/A;N/A;N/A;N/A;N/A;N/A;N/A;N/A;3;1.6;Nafta;Manual;Furgón;"Autos y camionetas";N/A;N/A;N/A;N/A;N/A;N/A;N/A;N/A;N/A;N/A;N/A;N/A;N/A;N/A;N/A;N/A;N/A;N/A;N/A;N/A;N/A;N/A;N/A;N/A;N/A;N/A;N/A;N/A;N/A;N/A;N/A;N/A;N/A;N/A;N/A;N/A;N/A;N/A;N/A;N/A;N/A;N/A;N/A;N/A;N/A;N/A;N/A;N/A;N/A;N/A;N/A;N/A;N/A;N/A;N/A;N/A;N/A;N/A;N/A;N/A;N/A;N/A;N/A;N/A;N/A;N/A;N/A;N/A;N/A;N/A;N/A;N/A;N/A;N/A;N/A;N/A;N/A;N/A;N/A;N/A;N/A;N/A;N/A;N/A;N/A;N/A;N/A;N/A;N/A;N/A;N/A;N/A;N/A;N/A;N/A;N/A;N/A;N/A;N/A;N/A;N/A;N/A;N/A;N/A;N/A;N/A;N/A;N/A;N/A;N/A;N/A;N/A;N/A;N/A;N/A;N/A;N/A;N/A;N/A;N/A;N/A;N/A
Renault;Kwid;"1.0 Sce 66cv Intense";2023;"17000 km";;"AMAYA FABIANDASILVA";14900;;;;;"Barra de Carrasco";https://auto.mercadolibre.com.uy/MLU-698465962-renault-kwid-10-sce-66cv-intense-_JM;N/A;;"Renault Kwid 1.0 Sce 66cv Intense";usd;Sí;silver;false;N/A;N/A;http://perfil.mercadolibre.com.uy/AMAYA+FABIANDASILVA;active;N/A;N/A;Usado;Rojo;N/A;N/A;Delantera;N/A;N/A;Sí;N/A;N/A;N/A;N/A;N/A;N/A;N/A;N/A;N/A;N/A;N/A;N/A;N/A;N/A;N/A;N/A;N/A;N/A;N/A;N/A;N/A;N/A;"2423 mm";"1 L";"50 L";5;N/A;N/A;N/A;N/A;N/A;N/A;N/A;N/A;N/A;N/A;N/A;N/A;N/A;N/A;N/A;N/A;N/A;N/A;N/A;N/A;N/A;N/A;N/A;N/A;N/A;N/A;N/A;N/A;N/A;N/A;N/A;N/A;N/A;N/A;N/A;N/A;N/A;N/A;N/A;N/A;N/A;N/A;N/A;N/A;N/A;"1474 mm";"3680 mm";N/A;N/A;N/A;N/A;5;"66 hp";Intense;N/A;4;"1752 mm";N/A;N/A;N/A;N/A;N/A;N/A;N/A;N/A;N/A;N/A;N/A;N/A;N/A;N/A;N/A;N/A;N/A;"LUNES A VIERNES DE 9:30 A 18:30 SAB DE 9:30 A 13:30HRS";5;1.0;Nafta;Manual;Hatchback;"Autos y camionetas";N/A;N/A;N/A;N/A;N/A;N/A;UY;N/A;N/A;N/A;N/A;N/A;N/A;N/A;N/A;N/A;N/A;N/A;N/A;N/A;N/A;N/A;N/A;N/A;N/A;N/A;N/A;N/A;N/A;N/A;N/A;N/A;N/A;N/A;N/A;N/A;N/A;N/A;N/A;N/A;N/A;N/A;N/A;N/A;N/A;N/A;N/A;N/A;N/A;N/A;N/A;N/A;N/A;N/A;N/A;N/A;N/A;N/A;N/A;N/A;N/A;N/A;N/A;N/A;N/A;N/A;N/A;N/A;N/A;N/A;N/A;N/A;N/A;N/A;N/A;N/A;N/A;N/A;N/A;N/A;N/A;N/A;N/A;N/A;N/A;N/A;N/A;N/A;N/A;N/A;N/A;N/A;N/A;N/A;N/A;N/A;N/A;N/A;N/A;N/A;N/A;N/A;N/A;N/A;N/A;N/A;N/A;N/A;N/A;N/A;N/A;N/A;N/A;N/A;N/A;N/A;N/A;N/A;N/A;N/A;N/A;N/A
Renault;Kangoo;"1.6 Furgon Ph3 Confort 1plc";2016;"150000 km";;DANELLOSERGIO;7500;;;;;Maroñas;https://auto.mercadolibre.com.uy/MLU-697390432-renault-kangoo-ano-2017-16-full-al-dia-7500-dolares-_JM;N/A;;"Renault Kangoo Año 2017 1.6 Full Al Dia 7500 Dolares";usd;Sí;silver;false;N/A;N/A;http://perfil.mercadolibre.com.uy/DANELLOSERGIO;active;N/A;N/A;Usado;Blanco;N/A;Hidráulica;Delantera;N/A;N/A;N/A;N/A;N/A;N/A;N/A;N/A;N/A;N/A;N/A;N/A;N/A;N/A;N/A;N/A;N/A;N/A;N/A;N/A;N/A;N/A;N/A;N/A;N/A;"2600 mm";"1.6 L";"52 L";5;N/A;N/A;N/A;N/A;N/A;N/A;N/A;N/A;N/A;N/A;N/A;N/A;N/A;N/A;N/A;N/A;N/A;N/A;N/A;N/A;N/A;N/A;N/A;N/A;N/A;N/A;N/A;N/A;N/A;N/A;N/A;N/A;N/A;N/A;N/A;N/A;N/A;N/A;N/A;N/A;N/A;N/A;N/A;N/A;N/A;"1860 mm";"4010 mm";N/A;N/A;N/A;N/A;2;"95 hp";Confort;N/A;4;"1672 mm";"11.09 km/l";N/A;N/A;N/A;N/A;N/A;N/A;N/A;N/A;N/A;N/A;N/A;N/A;N/A;N/A;N/A;N/A;"TODO EL DIA";3;1.6;Nafta;Manual;N/A;"Autos y camionetas";N/A;N/A;N/A;N/A;N/A;N/A;UY;N/A;N/A;N/A;N/A;N/A;N/A;N/A;N/A;N/A;N/A;N/A;N/A;N/A;N/A;N/A;N/A;N/A;N/A;N/A;N/A;N/A;N/A;N/A;N/A;N/A;N/A;N/A;N/A;N/A;N/A;N/A;N/A;N/A;N/A;N/A;N/A;N/A;N/A;N/A;N/A;N/A;N/A;N/A;N/A;N/A;N/A;N/A;N/A;N/A;N/A;N/A;N/A;N/A;N/A;N/A;N/A;N/A;N/A;N/A;N/A;N/A;N/A;N/A;N/A;N/A;N/A;N/A;N/A;N/A;N/A;N/A;N/A;N/A;N/A;N/A;N/A;N/A;N/A;N/A;N/A;N/A;N/A;N/A;N/A;N/A;N/A;N/A;N/A;N/A;N/A;N/A;N/A;N/A;N/A;N/A;N/A;N/A;N/A;N/A;N/A;N/A;N/A;N/A;N/A;N/A;N/A;N/A;N/A;N/A;N/A;N/A;N/A;N/A;N/A;N/A
Renault;Oroch;"1.6 Sce Cargo 2Wd Mt";2024;"0 km";;"VIDESOL S.A.";21000;;;;;"Colonia del Sacramento";https://auto.mercadolibre.com.uy/MLU-701742028-renault-oroch-cargo-16-mt-inmediata-_JM;N/A;;"Renault Oroch    Cargo  1.6 Mt Inmediata ";usd;Sí;silver;false;N/A;N/A;http://perfil.mercadolibre.com.uy/VIDESOL+S.A.;active;N/A;N/A;Nuevo;Blanco;N/A;N/A;Delantera;N/A;N/A;N/A;N/A;N/A;N/A;N/A;N/A;N/A;N/A;N/A;N/A;N/A;N/A;N/A;N/A;N/A;N/A;N/A;N/A;N/A;N/A;N/A;N/A;N/A;"2890 mm";"1.6 L";"45 L";6;N/A;N/A;N/A;N/A;N/A;N/A;N/A;N/A;N/A;N/A;N/A;N/A;N/A;N/A;N/A;N/A;N/A;N/A;N/A;N/A;N/A;N/A;N/A;N/A;N/A;N/A;N/A;N/A;N/A;N/A;N/A;N/A;N/A;N/A;N/A;N/A;N/A;N/A;N/A;N/A;N/A;N/A;N/A;N/A;N/A;"1631 mm";"4700 mm";N/A;N/A;N/A;N/A;5;"118 hp";Cargo;N/A;4;"1821 mm";N/A;N/A;N/A;N/A;N/A;N/A;N/A;N/A;N/A;N/A;N/A;N/A;N/A;N/A;N/A;N/A;N/A;N/A;4;1.6;Nafta;Manual;Pick-Up;"Autos y camionetas";N/A;N/A;N/A;N/A;N/A;N/A;UY;N/A;N/A;N/A;N/A;N/A;N/A;N/A;N/A;N/A;N/A;N/A;N/A;N/A;N/A;N/A;N/A;N/A;N/A;N/A;N/A;N/A;N/A;N/A;N/A;N/A;N/A;N/A;N/A;N/A;N/A;N/A;N/A;N/A;N/A;N/A;N/A;N/A;N/A;N/A;N/A;N/A;N/A;N/A;N/A;N/A;N/A;N/A;N/A;N/A;N/A;N/A;N/A;N/A;N/A;N/A;N/A;N/A;N/A;N/A;N/A;N/A;N/A;N/A;N/A;N/A;N/A;N/A;N/A;N/A;N/A;N/A;N/A;N/A;N/A;N/A;N/A;N/A;N/A;N/A;N/A;N/A;N/A;N/A;N/A;N/A;N/A;N/A;N/A;N/A;N/A;N/A;N/A;N/A;N/A;N/A;N/A;N/A;N/A;N/A;N/A;N/A;N/A;N/A;N/A;N/A;N/A;N/A;N/A;N/A;N/A;N/A;N/A;N/A;N/A;N/A
Renault;Kwid;"1.0 Sce 66cv Intense";2018;"76000 km";;"MASANTI AUTOMOVILES_JAVIER";11900;;;;;"Barros Blancos";https://auto.mercadolibre.com.uy/MLU-644923933-renault-kwid-2018-10-sce-66cv-intense-masanti-_JM;N/A;;"Renault Kwid 2018 1.0 Sce 66cv Intense Masanti ";usd;Sí;silver;false;N/A;N/A;http://perfil.mercadolibre.com.uy/MASANTI+AUTOMOVILES_JAVIER;active;N/A;N/A;Usado;Naranja;N/A;Hidráulica;Delantera;Sí;Sí;Sí;N/A;N/A;N/A;N/A;N/A;N/A;N/A;N/A;N/A;N/A;N/A;N/A;N/A;N/A;N/A;N/A;N/A;N/A;N/A;N/A;N/A;N/A;"2423 mm";"1 L";"50 L";5;N/A;N/A;N/A;N/A;N/A;N/A;N/A;N/A;N/A;N/A;N/A;N/A;N/A;N/A;N/A;N/A;N/A;N/A;N/A;N/A;N/A;N/A;N/A;N/A;N/A;N/A;N/A;N/A;N/A;N/A;N/A;N/A;N/A;N/A;N/A;N/A;N/A;N/A;N/A;N/A;N/A;N/A;N/A;N/A;N/A;"1474 mm";"3680 mm";N/A;N/A;N/A;N/A;5;"66 hp";Intense;N/A;4;"1752 mm";N/A;N/A;N/A;N/A;Sí;N/A;Sí;N/A;N/A;N/A;N/A;N/A;N/A;N/A;N/A;N/A;N/A;N/A;5;1.0;Nafta;Manual;Hatchback;"Autos y camionetas";N/A;N/A;N/A;N/A;N/A;N/A;UY;N/A;Sí;N/A;N/A;N/A;N/A;N/A;N/A;N/A;N/A;N/A;N/A;N/A;N/A;N/A;N/A;N/A;N/A;N/A;N/A;N/A;N/A;N/A;N/A;N/A;N/A;N/A;N/A;N/A;N/A;N/A;N/A;N/A;N/A;N/A;N/A;N/A;N/A;N/A;N/A;N/A;N/A;N/A;N/A;N/A;N/A;N/A;N/A;N/A;N/A;N/A;N/A;N/A;N/A;N/A;N/A;N/A;N/A;N/A;N/A;N/A;N/A;N/A;N/A;N/A;N/A;N/A;N/A;N/A;N/A;N/A;N/A;N/A;N/A;N/A;N/A;N/A;N/A;N/A;N/A;N/A;N/A;N/A;N/A;N/A;N/A;N/A;N/A;N/A;Sí;Sí;Sí;N/A;Sí;N/A;N/A;N/A;N/A;Sí;N/A;N/A;Sí;N/A;N/A;N/A;N/A;Sí;Sí;N/A;Sí;N/A;N/A;N/A;N/A;Sí
Renault;"Sandero Stepway";"1.6 Confort 105cv";2014;"150000 km";;DANELLOSERGIO;9900;;;;;Maroñas;https://auto.mercadolibre.com.uy/MLU-693279010-renault-sandero-stepway-ano-2014-full-al-dia-10900-dolares-_JM;N/A;;"Renault Sandero Stepway Año 2014 Full Al Dia 10900 Dolares";usd;Sí;silver;false;N/A;N/A;http://perfil.mercadolibre.com.uy/DANELLOSERGIO;active;N/A;N/A;Usado;Gris;N/A;Hidráulica;Delantera;N/A;N/A;N/A;N/A;N/A;N/A;N/A;N/A;N/A;N/A;N/A;N/A;N/A;N/A;N/A;N/A;N/A;N/A;N/A;N/A;N/A;N/A;N/A;N/A;N/A;"2588 mm";"1.6 L";"50 L";5;N/A;N/A;N/A;N/A;N/A;N/A;N/A;N/A;N/A;N/A;N/A;N/A;N/A;N/A;N/A;N/A;N/A;N/A;N/A;N/A;N/A;N/A;N/A;N/A;N/A;N/A;N/A;N/A;N/A;N/A;N/A;N/A;N/A;Sí;N/A;N/A;N/A;N/A;N/A;N/A;N/A;N/A;N/A;N/A;N/A;"1630 mm";"4091 mm";N/A;N/A;N/A;N/A;5;"105 hp";Confort;N/A;4;"1751 mm";"9.3 km/l";N/A;N/A;N/A;Sí;N/A;N/A;Sí;N/A;N/A;N/A;"5.9 km/l";N/A;N/A;N/A;N/A;N/A;"TODO EL DIA";5;1.6;Nafta;Manual;Hatchback;"Autos y camionetas";N/A;N/A;N/A;N/A;N/A;N/A;UY;N/A;N/A;N/A;N/A;N/A;N/A;N/A;N/A;N/A;N/A;N/A;N/A;N/A;N/A;N/A;N/A;N/A;N/A;N/A;N/A;N/A;N/A;N/A;N/A;N/A;N/A;N/A;N/A;N/A;N/A;N/A;N/A;N/A;N/A;N/A;N/A;N/A;N/A;N/A;N/A;N/A;N/A;N/A;N/A;N/A;N/A;N/A;N/A;N/A;N/A;N/A;N/A;N/A;N/A;N/A;N/A;N/A;N/A;N/A;N/A;N/A;N/A;N/A;N/A;N/A;N/A;N/A;N/A;N/A;N/A;N/A;N/A;N/A;N/A;N/A;N/A;N/A;N/A;N/A;N/A;N/A;N/A;N/A;N/A;N/A;N/A;N/A;N/A;N/A;N/A;N/A;N/A;N/A;N/A;N/A;N/A;N/A;N/A;N/A;N/A;N/A;N/A;N/A;N/A;N/A;Sí;N/A;N/A;N/A;N/A;N/A;N/A;Sí;N/A;N/A
Renault;Captur;"1.2 Tce120 Privilege";2017;"116000 km";;"VIDESOL S.A.";17800;;;;;"Colonia del Sacramento";https://auto.mercadolibre.com.uy/MLU-701780696-renault-captur-2017-12-tce120-privilege-_JM;N/A;;"Renault Captur 2017 1.2 Tce120 Privilege";usd;Sí;silver;false;N/A;N/A;http://perfil.mercadolibre.com.uy/VIDESOL+S.A.;active;N/A;N/A;Usado;N/A;N/A;Hidráulica;Delantera;Sí;N/A;N/A;N/A;N/A;N/A;N/A;N/A;N/A;N/A;N/A;N/A;Sí;N/A;N/A;N/A;N/A;N/A;N/A;N/A;N/A;N/A;N/A;N/A;N/A;"2606 mm";"1.2 L";"45 L";6;N/A;N/A;N/A;N/A;N/A;N/A;N/A;N/A;N/A;N/A;N/A;N/A;N/A;N/A;N/A;N/A;N/A;N/A;N/A;N/A;N/A;N/A;N/A;N/A;N/A;N/A;N/A;N/A;N/A;N/A;N/A;N/A;N/A;N/A;N/A;N/A;N/A;N/A;N/A;N/A;N/A;N/A;N/A;N/A;N/A;"1566 mm";"4122 mm";N/A;N/A;N/A;N/A;5;"130 hp";Privilege;N/A;4;"1778 mm";N/A;N/A;N/A;N/A;N/A;N/A;N/A;N/A;N/A;N/A;N/A;N/A;N/A;N/A;N/A;N/A;N/A;N/A;5;1.2;Nafta;Manual;Hatchback;"Autos y camionetas";N/A;N/A;N/A;N/A;N/A;N/A;UY;N/A;Sí;N/A;N/A;N/A;N/A;N/A;N/A;N/A;N/A;N/A;N/A;N/A;N/A;N/A;N/A;N/A;Sí;N/A;N/A;N/A;N/A;N/A;N/A;N/A;N/A;N/A;N/A;N/A;N/A;N/A;N/A;N/A;N/A;N/A;N/A;N/A;N/A;N/A;N/A;N/A;N/A;N/A;N/A;N/A;N/A;N/A;N/A;N/A;N/A;N/A;N/A;N/A;N/A;N/A;N/A;N/A;N/A;N/A;N/A;N/A;N/A;N/A;N/A;N/A;N/A;N/A;N/A;N/A;N/A;N/A;N/A;N/A;N/A;N/A;N/A;N/A;N/A;N/A;N/A;N/A;N/A;N/A;N/A;N/A;N/A;N/A;N/A;N/A;Sí;N/A;Sí;N/A;N/A;N/A;N/A;N/A;N/A;Sí;N/A;N/A;N/A;N/A;N/A;N/A;N/A;N/A;Sí;N/A;Sí;N/A;N/A;N/A;N/A;Sí
Renault;Kwid;Zen;2024;"0 km";;D.MORALESAUTOMOTORES;14800;;;;;"San Jacinto";https://auto.mercadolibre.com.uy/MLU-702208302-renault-kwid-zen-10-2024-0km-_JM;N/A;;"Renault Kwid Zen 1.0 2024 0km";usd;Sí;silver;false;N/A;N/A;http://perfil.mercadolibre.com.uy/D.MORALESAUTOMOTORES;active;N/A;N/A;Nuevo;N/A;N/A;Hidráulica;N/A;Sí;N/A;N/A;N/A;N/A;N/A;Sí;N/A;N/A;N/A;N/A;N/A;N/A;N/A;N/A;N/A;N/A;N/A;N/A;N/A;N/A;N/A;N/A;N/A;N/A;N/A;"1000 cc";N/A;5;N/A;N/A;N/A;N/A;N/A;N/A;N/A;N/A;N/A;N/A;N/A;N/A;N/A;N/A;N/A;N/A;N/A;N/A;N/A;N/A;N/A;N/A;N/A;N/A;N/A;N/A;N/A;N/A;N/A;N/A;N/A;N/A;N/A;N/A;N/A;N/A;N/A;N/A;N/A;N/A;N/A;N/A;N/A;N/A;N/A;N/A;N/A;N/A;N/A;N/A;N/A;N/A;N/A;Zen;N/A;N/A;N/A;N/A;N/A;N/A;N/A;N/A;N/A;N/A;N/A;N/A;N/A;N/A;N/A;N/A;N/A;N/A;N/A;N/A;"Lun. a Vie. de 9 a 18:30 hs. Sáb. de 9 a 12:30 hs";5;1.0;Nafta;Manual;Hatchback;"Autos y camionetas";No;N/A;N/A;N/A;No;N/A;UY;No;Sí;No;No;N/A;N/A;N/A;N/A;N/A;N/A;N/A;N/A;N/A;N/A;N/A;N/A;N/A;N/A;N/A;N/A;N/A;N/A;N/A;N/A;N/A;N/A;N/A;N/A;N/A;N/A;N/A;N/A;N/A;N/A;N/A;N/A;Sí;N/A;N/A;N/A;N/A;N/A;N/A;N/A;N/A;N/A;N/A;N/A;N/A;N/A;N/A;N/A;N/A;N/A;Sí;No;N/A;N/A;N/A;N/A;N/A;N/A;N/A;N/A;N/A;N/A;N/A;N/A;N/A;N/A;N/A;N/A;N/A;N/A;N/A;N/A;N/A;N/A;N/A;N/A;N/A;N/A;N/A;N/A;N/A;N/A;N/A;N/A;N/A;Sí;N/A;N/A;N/A;Sí;N/A;N/A;N/A;N/A;Sí;N/A;N/A;N/A;N/A;Sí;N/A;N/A;N/A;Sí;N/A;N/A;N/A;N/A;N/A;N/A;N/A
Renault;Megane;1.6;2000;"224000 km";;FABIANCARRICA;5490;;;;;Reducto;https://auto.mercadolibre.com.uy/MLU-705313584-renault-megane-rt-_JM;N/A;;"Renault Megane Rt ";USD;No;silver;false;N/A;N/A;http://perfil.mercadolibre.com.uy/FABIANCARRICA;active;N/A;N/A;Usado;Rojo;N/A;Hidráulica;N/A;N/A;N/A;N/A;N/A;N/A;N/A;N/A;N/A;N/A;N/A;N/A;N/A;N/A;N/A;N/A;N/A;N/A;N/A;N/A;N/A;N/A;N/A;N/A;N/A;N/A;N/A;N/A;N/A;N/A;N/A;N/A;N/A;N/A;N/A;N/A;N/A;N/A;N/A;N/A;N/A;N/A;N/A;N/A;N/A;N/A;N/A;N/A;N/A;N/A;N/A;N/A;N/A;N/A;N/A;N/A;N/A;N/A;N/A;N/A;N/A;N/A;N/A;N/A;N/A;N/A;N/A;N/A;N/A;N/A;N/A;N/A;N/A;N/A;N/A;N/A;N/A;N/A;N/A;N/A;N/A;N/A;N/A;N/A;N/A;N/A;N/A;N/A;N/A;N/A;N/A;N/A;N/A;N/A;N/A;N/A;N/A;N/A;N/A;N/A;N/A;N/A;N/A;N/A;N/A;4;1.6;Nafta;Manual;Sedán;"Autos y camionetas";N/A;N/A;N/A;N/A;N/A;N/A;N/A;N/A;N/A;N/A;N/A;N/A;N/A;N/A;N/A;N/A;N/A;N/A;N/A;N/A;N/A;N/A;N/A;N/A;N/A;N/A;N/A;N/A;N/A;N/A;N/A;N/A;N/A;N/A;N/A;N/A;N/A;N/A;N/A;N/A;N/A;N/A;N/A;N/A;N/A;N/A;N/A;N/A;N/A;N/A;N/A;N/A;N/A;N/A;N/A;N/A;N/A;N/A;N/A;N/A;N/A;N/A;N/A;N/A;N/A;N/A;N/A;N/A;N/A;N/A;N/A;N/A;N/A;N/A;N/A;N/A;N/A;N/A;N/A;N/A;N/A;N/A;N/A;N/A;N/A;N/A;N/A;N/A;N/A;N/A;N/A;N/A;N/A;N/A;N/A;N/A;N/A;N/A;N/A;N/A;N/A;N/A;N/A;N/A;N/A;N/A;N/A;N/A;N/A;N/A;N/A;N/A;N/A;N/A;N/A;N/A;N/A;N/A;N/A;N/A;N/A;N/A
Renault;Kwid;Outsider;2020;"23000 km";;ROVELLAAUTOMOVILES;12990;;;;;Goes;https://auto.mercadolibre.com.uy/MLU-647580297-renault-kwid-outsider-2020-solo-23-mil-km-ficha-oficial-_JM;N/A;;"Renault Kwid Outsider 2020 Solo 23 Mil Km Ficha Oficial!!";USD;Sí;silver;false;N/A;N/A;http://perfil.mercadolibre.com.uy/ROVELLAAUTOMOVILES;active;N/A;N/A;Usado;Gris;Sí;Hidráulica;Delantera;Sí;Sí;N/A;N/A;N/A;N/A;N/A;N/A;N/A;N/A;N/A;Sí;Sí;N/A;Sí;N/A;N/A;N/A;N/A;N/A;N/A;N/A;N/A;N/A;N/A;N/A;N/A;N/A;N/A;N/A;N/A;N/A;N/A;N/A;Sí;N/A;N/A;N/A;N/A;N/A;N/A;N/A;N/A;N/A;N/A;N/A;N/A;N/A;N/A;N/A;N/A;N/A;N/A;N/A;N/A;N/A;N/A;N/A;N/A;N/A;N/A;N/A;N/A;N/A;N/A;N/A;N/A;N/A;N/A;N/A;N/A;N/A;N/A;N/A;N/A;N/A;N/A;N/A;N/A;N/A;N/A;N/A;N/A;N/A;N/A;N/A;N/A;N/A;N/A;Sí;Sí;N/A;Sí;Sí;N/A;N/A;N/A;N/A;N/A;N/A;N/A;N/A;Sí;"Lunes a viernes";5;1.0;Nafta;Manual;SUV;"Autos y camionetas";N/A;N/A;N/A;N/A;N/A;N/A;N/A;N/A;Sí;N/A;N/A;N/A;N/A;N/A;N/A;N/A;N/A;N/A;N/A;N/A;N/A;N/A;N/A;N/A;Sí;N/A;N/A;N/A;N/A;N/A;N/A;N/A;N/A;N/A;N/A;N/A;N/A;N/A;N/A;N/A;N/A;N/A;N/A;N/A;N/A;N/A;N/A;N/A;N/A;N/A;N/A;N/A;N/A;N/A;N/A;N/A;N/A;N/A;N/A;N/A;N/A;N/A;N/A;N/A;N/A;N/A;N/A;N/A;N/A;N/A;N/A;N/A;N/A;N/A;N/A;N/A;N/A;N/A;N/A;N/A;N/A;N/A;N/A;N/A;N/A;N/A;N/A;N/A;N/A;N/A;N/A;N/A;N/A;N/A;N/A;N/A;Sí;Sí;Sí;N/A;Sí;N/A;N/A;N/A;N/A;Sí;Sí;N/A;Sí;N/A;N/A;N/A;Sí;Sí;Sí;Sí;Sí;Sí;N/A;Sí;N/A;Sí
Renault;Clio;"1.2 Athentique";2006;"201000 km";;INESVZ88;6800;;;;;Cordón;https://auto.mercadolibre.com.uy/MLU-704733746-renault-clio-12-authentique-pack-_JM;N/A;;"Renault Clio 1.2 Authentique Pack";usd;No;silver;false;N/A;N/A;http://perfil.mercadolibre.com.uy/INESVZ88;active;N/A;N/A;Usado;Gris;N/A;Hidráulica;Delantera;Sí;N/A;N/A;N/A;N/A;N/A;N/A;N/A;N/A;N/A;N/A;N/A;Sí;N/A;N/A;N/A;N/A;N/A;N/A;N/A;N/A;N/A;N/A;N/A;N/A;"2472 mm";"1.2 L";"50 L";N/A;N/A;N/A;N/A;N/A;N/A;N/A;N/A;N/A;N/A;N/A;N/A;N/A;N/A;N/A;N/A;N/A;N/A;N/A;N/A;N/A;N/A;N/A;N/A;N/A;N/A;N/A;N/A;N/A;N/A;N/A;N/A;N/A;N/A;N/A;N/A;N/A;N/A;N/A;N/A;N/A;N/A;N/A;N/A;N/A;N/A;"1417 mm";"3813 mm";N/A;N/A;N/A;N/A;5;"75 hp";Authentique;N/A;4;"1639 mm";N/A;N/A;N/A;N/A;N/A;N/A;Sí;N/A;N/A;N/A;N/A;N/A;N/A;N/A;N/A;N/A;N/A;N/A;5;1.2;Nafta;Automática;Hatchback;"Autos y camionetas";N/A;N/A;N/A;N/A;N/A;N/A;UY;N/A;N/A;N/A;N/A;N/A;N/A;N/A;N/A;N/A;N/A;N/A;N/A;N/A;N/A;N/A;N/A;N/A;N/A;N/A;N/A;N/A;N/A;N/A;N/A;N/A;N/A;N/A;N/A;N/A;N/A;N/A;N/A;N/A;N/A;N/A;N/A;N/A;N/A;N/A;N/A;N/A;N/A;N/A;N/A;N/A;N/A;N/A;N/A;N/A;N/A;N/A;N/A;N/A;N/A;N/A;N/A;N/A;N/A;N/A;N/A;N/A;N/A;N/A;N/A;N/A;N/A;N/A;N/A;N/A;N/A;N/A;N/A;N/A;N/A;N/A;N/A;N/A;N/A;N/A;N/A;N/A;N/A;N/A;N/A;N/A;N/A;N/A;N/A;N/A;N/A;N/A;N/A;N/A;N/A;N/A;N/A;N/A;N/A;N/A;N/A;N/A;N/A;N/A;N/A;N/A;Sí;N/A;Sí;N/A;N/A;Sí;N/A;N/A;N/A;N/A
Renault;Logan;"1.6 Privilége 105cv";2015;"93000 km";;KRAPLAS;11300;;;;;Centro;https://auto.mercadolibre.com.uy/MLU-704809870-renault-logan-16-privilege-105cv-_JM;N/A;;"Renault Logan 1.6 Privilége 105cv";usd;Sí;silver;false;N/A;N/A;http://perfil.mercadolibre.com.uy/KRAPLAS;active;N/A;N/A;Usado;Gris;No;Hidráulica;Delantera;Sí;Sí;N/A;N/A;N/A;No;N/A;N/A;No;N/A;N/A;No;Sí;N/A;Sí;N/A;N/A;N/A;N/A;N/A;N/A;N/A;N/A;N/A;N/A;"2635 mm";"1.6 L";"50 L";5;N/A;N/A;N/A;N/A;N/A;No;N/A;N/A;N/A;N/A;N/A;N/A;N/A;N/A;N/A;N/A;N/A;N/A;N/A;N/A;N/A;N/A;N/A;N/A;N/A;N/A;N/A;N/A;N/A;No;N/A;N/A;N/A;Sí;Sí;Sí;N/A;N/A;N/A;N/A;N/A;N/A;N/A;N/A;N/A;"1529 mm";"4350 mm";N/A;N/A;N/A;N/A;5;"105 hp";Privilege;N/A;4;"1733 mm";"11.8 km/l";No;N/A;Sí;Sí;N/A;No;Sí;N/A;No;N/A;"9.6 km/l";No;No;N/A;N/A;No;Full;4;1.6;Nafta;Manual;Sedán;"Autos y camionetas";Sí;N/A;N/A;N/A;Sí;N/A;UY;N/A;Sí;N/A;Sí;N/A;N/A;N/A;N/A;N/A;N/A;N/A;N/A;N/A;N/A;N/A;N/A;N/A;Sí;N/A;N/A;N/A;N/A;N/A;N/A;N/A;N/A;N/A;N/A;N/A;N/A;N/A;N/A;N/A;N/A;N/A;N/A;No;N/A;N/A;N/A;N/A;N/A;N/A;N/A;N/A;N/A;N/A;N/A;N/A;N/A;N/A;N/A;N/A;N/A;No;Sí;N/A;N/A;N/A;N/A;N/A;N/A;N/A;N/A;N/A;N/A;N/A;N/A;N/A;N/A;N/A;N/A;N/A;N/A;N/A;N/A;N/A;N/A;N/A;N/A;N/A;N/A;N/A;N/A;N/A;N/A;N/A;N/A;N/A;Sí;Sí;Sí;N/A;Sí;N/A;N/A;N/A;N/A;Sí;No;Sí;Sí;N/A;N/A;No;Sí;Sí;Sí;N/A;Sí;N/A;N/A;N/A;N/A;Sí
Renault;Symbol;Authentique;2010;"176000 km";;CHIQUIAR_AUTOMOTORES;8900;;;;;Pando;https://auto.mercadolibre.com.uy/MLU-703932982-renault-symbol-16-2010-impecable-permuto-financio-_JM;N/A;;"Renault Symbol 1.6 2010 Impecable! - Permuto / Financio";usd;Sí;silver;false;N/A;N/A;http://perfil.mercadolibre.com.uy/CHIQUIAR_AUTOMOTORES;active;N/A;N/A;Usado;Azul;N/A;Hidráulica;N/A;Sí;Sí;N/A;N/A;N/A;N/A;N/A;N/A;N/A;N/A;Sí;N/A;Sí;N/A;N/A;N/A;N/A;N/A;N/A;N/A;N/A;N/A;N/A;N/A;N/A;N/A;"1600 cc";N/A;5;N/A;N/A;N/A;N/A;N/A;N/A;N/A;N/A;N/A;N/A;N/A;N/A;N/A;N/A;N/A;N/A;N/A;N/A;N/A;N/A;N/A;N/A;N/A;N/A;N/A;Sí;N/A;N/A;N/A;N/A;N/A;N/A;N/A;N/A;N/A;N/A;Sí;N/A;N/A;N/A;N/A;N/A;N/A;N/A;N/A;N/A;N/A;N/A;N/A;N/A;N/A;N/A;N/A;Authentique;N/A;N/A;N/A;"11 km/l";N/A;N/A;N/A;Sí;N/A;Sí;N/A;N/A;N/A;N/A;"14 km/l";N/A;N/A;N/A;N/A;N/A;"Lun. a Vie. de 9 a 12 y 13 a 18 hs. Sáb. de 9 a 12 hs";4;1.6;Nafta;Manual;Sedán;"Autos y camionetas";No;N/A;N/A;N/A;No;N/A;UY;No;Sí;No;No;N/A;N/A;N/A;N/A;N/A;N/A;N/A;N/A;N/A;N/A;N/A;N/A;N/A;N/A;N/A;N/A;N/A;N/A;N/A;N/A;N/A;N/A;N/A;N/A;N/A;N/A;N/A;N/A;N/A;N/A;N/A;N/A;N/A;N/A;N/A;N/A;N/A;N/A;N/A;N/A;N/A;N/A;N/A;N/A;N/A;N/A;N/A;N/A;N/A;N/A;N/A;No;N/A;N/A;N/A;N/A;N/A;N/A;N/A;N/A;N/A;N/A;N/A;N/A;N/A;N/A;N/A;N/A;N/A;N/A;N/A;N/A;N/A;N/A;N/A;N/A;N/A;N/A;N/A;N/A;N/A;N/A;N/A;N/A;N/A;Sí;N/A;N/A;N/A;Sí;N/A;N/A;N/A;Sí;Sí;N/A;Sí;N/A;N/A;N/A;N/A;N/A;N/A;Sí;Sí;N/A;Sí;N/A;N/A;N/A;N/A
Renault;"Duster Oroch";"Intens 1.3 Turbo AT";2023;"59000 km";;CHIQUIAR_AUTOMOTORES;22900;;;;;Pando;https://auto.mercadolibre.com.uy/MLU-703062974-renault-oroch-intens-13-turbo-at-impecable-permuto-financio-_JM;N/A;;"Renault Oroch Intens 1.3 Turbo At Impecable Permuto Financio";USD;Sí;silver;false;N/A;N/A;http://perfil.mercadolibre.com.uy/CHIQUIAR_AUTOMOTORES;active;N/A;N/A;Usado;"Gris oscuro";Sí;Eléctrica;N/A;Sí;Sí;Sí;N/A;Sí;N/A;Sí;Sí;Sí;Sí;Sí;Sí;Sí;N/A;N/A;N/A;N/A;N/A;N/A;N/A;N/A;N/A;N/A;N/A;N/A;N/A;"1300 cc";N/A;8;N/A;N/A;Sí;Sí;Sí;Sí;N/A;N/A;N/A;N/A;N/A;N/A;N/A;N/A;N/A;N/A;N/A;N/A;N/A;N/A;N/A;N/A;N/A;Sí;N/A;Sí;N/A;N/A;N/A;Sí;N/A;N/A;N/A;N/A;N/A;N/A;N/A;N/A;N/A;N/A;N/A;N/A;Sí;N/A;N/A;N/A;N/A;N/A;N/A;N/A;N/A;N/A;"150 hp";N/A;N/A;N/A;N/A;"11 km/l";N/A;N/A;Sí;Sí;N/A;Sí;Sí;N/A;N/A;N/A;"14 km/l";Sí;Sí;Sí;Sí;Sí;"Lun. a Vie. de 9 a 12 y 13 a 18 hs. Sáb. de 9 a 12 hs";4;1.3;Nafta;Automática;N/A;"Autos y camionetas";No;N/A;N/A;N/A;No;N/A;N/A;No;Sí;No;No;N/A;N/A;N/A;N/A;N/A;N/A;N/A;N/A;N/A;N/A;N/A;N/A;N/A;N/A;N/A;N/A;N/A;N/A;N/A;N/A;N/A;N/A;N/A;N/A;N/A;N/A;N/A;N/A;N/A;N/A;N/A;N/A;N/A;N/A;N/A;N/A;N/A;N/A;N/A;N/A;N/A;N/A;N/A;N/A;N/A;N/A;N/A;N/A;N/A;N/A;Sí;No;N/A;N/A;N/A;N/A;N/A;N/A;N/A;N/A;N/A;N/A;N/A;N/A;N/A;N/A;N/A;N/A;N/A;N/A;N/A;N/A;N/A;N/A;N/A;N/A;N/A;N/A;N/A;N/A;N/A;N/A;N/A;N/A;N/A;Sí;Sí;Sí;N/A;Sí;Sí;Sí;N/A;Sí;Sí;Sí;Sí;N/A;N/A;N/A;Sí;Sí;N/A;Sí;N/A;Sí;N/A;N/A;Sí;N/A;Sí
Renault;"Duster Oroch";"2.0 Dynamique";2017;"130000 km";;"AMAYA FABIANDASILVA";15900;;;;;"Barra de Carrasco";https://auto.mercadolibre.com.uy/MLU-647148173-renault-oroch-dynamique-20-mt-4x2-_JM;N/A;;"Renault Oroch Dynamique 2.0 Mt 4x2";usd;Sí;silver;false;N/A;N/A;http://perfil.mercadolibre.com.uy/AMAYA+FABIANDASILVA;active;N/A;N/A;Usado;Blanco;N/A;Hidráulica;Delantera;N/A;N/A;Sí;N/A;N/A;N/A;N/A;N/A;N/A;N/A;N/A;N/A;N/A;N/A;N/A;N/A;N/A;N/A;N/A;N/A;N/A;N/A;N/A;N/A;N/A;"2829 mm";"1.6 L";"50 L";5;N/A;N/A;N/A;N/A;N/A;N/A;N/A;N/A;N/A;N/A;N/A;N/A;N/A;N/A;N/A;N/A;N/A;N/A;N/A;N/A;N/A;N/A;N/A;N/A;N/A;N/A;N/A;N/A;N/A;N/A;N/A;N/A;N/A;N/A;N/A;N/A;N/A;N/A;N/A;N/A;N/A;N/A;N/A;N/A;N/A;"1683 mm";"4329 mm";N/A;N/A;N/A;N/A;5;"110 hp";Dynamique;N/A;4;"1821 mm";"11.1 km/l";N/A;N/A;N/A;N/A;N/A;N/A;N/A;N/A;N/A;N/A;"10.4 km/l";N/A;N/A;N/A;N/A;N/A;"Lunes a Viernes de 9:30 a 18:30 Sábados de 9:30 a 13:30hrs";5;2.0;Nafta;Manual;Pick-Up;"Autos y camionetas";N/A;N/A;N/A;N/A;N/A;N/A;UY;N/A;N/A;N/A;N/A;N/A;N/A;N/A;N/A;N/A;N/A;N/A;N/A;N/A;N/A;N/A;N/A;N/A;N/A;N/A;N/A;N/A;N/A;N/A;N/A;N/A;N/A;N/A;N/A;N/A;N/A;N/A;N/A;N/A;N/A;N/A;N/A;N/A;N/A;N/A;N/A;N/A;N/A;N/A;N/A;N/A;N/A;N/A;N/A;N/A;N/A;N/A;N/A;N/A;N/A;N/A;N/A;N/A;N/A;N/A;N/A;N/A;N/A;N/A;N/A;N/A;N/A;N/A;N/A;N/A;N/A;N/A;N/A;N/A;N/A;N/A;N/A;N/A;N/A;N/A;N/A;N/A;N/A;N/A;N/A;N/A;N/A;N/A;N/A;N/A;N/A;N/A;N/A;N/A;N/A;N/A;N/A;N/A;N/A;N/A;N/A;N/A;N/A;N/A;N/A;N/A;N/A;N/A;N/A;N/A;N/A;N/A;N/A;N/A;N/A;N/A
Renault;"Sandero Stepway";"1.6 Privilege 105cv";2016;"140000 km";;FABIANCARRICA;12500;;;;;Reducto;https://auto.mercadolibre.com.uy/MLU-701605232-renault-sandero-stepway-_JM;N/A;;"Renault Sandero Stepway";usd;Sí;silver;false;N/A;N/A;http://perfil.mercadolibre.com.uy/FABIANCARRICA;active;N/A;N/A;Usado;Blanco;N/A;Hidráulica;Delantera;N/A;N/A;Sí;N/A;N/A;N/A;N/A;N/A;N/A;N/A;N/A;N/A;N/A;N/A;N/A;N/A;N/A;N/A;N/A;N/A;N/A;N/A;N/A;N/A;N/A;"2590 mm";"1.6 L";"50 L";5;N/A;N/A;N/A;N/A;N/A;N/A;N/A;N/A;N/A;N/A;N/A;N/A;N/A;N/A;N/A;N/A;N/A;N/A;N/A;N/A;N/A;N/A;N/A;N/A;N/A;N/A;N/A;N/A;N/A;N/A;N/A;N/A;N/A;N/A;N/A;N/A;N/A;N/A;N/A;N/A;N/A;N/A;N/A;N/A;N/A;"1559 mm";"4066 mm";N/A;N/A;N/A;N/A;5;"105 hp";Privilege;N/A;4;"1761 mm";"9.3 km/l";Sí;N/A;N/A;N/A;N/A;N/A;Sí;N/A;N/A;N/A;"5.9 km/l";N/A;N/A;N/A;N/A;N/A;N/A;5;1.6;Nafta;Manual;Hatchback;"Autos y camionetas";N/A;N/A;N/A;N/A;N/A;N/A;UY;N/A;N/A;N/A;N/A;N/A;N/A;N/A;N/A;N/A;N/A;N/A;N/A;N/A;N/A;N/A;N/A;N/A;N/A;N/A;N/A;N/A;N/A;N/A;N/A;N/A;N/A;N/A;N/A;N/A;N/A;N/A;N/A;N/A;N/A;N/A;N/A;N/A;N/A;N/A;N/A;N/A;N/A;N/A;N/A;N/A;N/A;N/A;N/A;N/A;N/A;N/A;N/A;N/A;N/A;N/A;N/A;N/A;N/A;N/A;N/A;N/A;N/A;N/A;N/A;N/A;N/A;N/A;N/A;N/A;N/A;N/A;N/A;N/A;N/A;N/A;N/A;N/A;N/A;N/A;N/A;N/A;N/A;N/A;N/A;N/A;N/A;N/A;N/A;N/A;N/A;N/A;N/A;N/A;N/A;N/A;N/A;N/A;N/A;N/A;N/A;N/A;N/A;N/A;N/A;N/A;N/A;N/A;N/A;N/A;N/A;N/A;N/A;N/A;N/A;N/A
Renault;Logan;Authentique;2017;"125000 km";;CHIQUIAR_AUTOMOTORES;10900;;;;;Pando;https://auto.mercadolibre.com.uy/MLU-700746812-renault-logan-authentique-16-2017-permuto-financio-_JM;N/A;;"Renault Logan Authentique 1.6 2017 - Permuto / Financio";usd;Sí;silver;false;N/A;N/A;http://perfil.mercadolibre.com.uy/CHIQUIAR_AUTOMOTORES;active;N/A;N/A;Usado;Blanco;N/A;Hidráulica;N/A;Sí;Sí;N/A;N/A;N/A;N/A;Sí;N/A;N/A;N/A;Sí;N/A;Sí;N/A;N/A;N/A;N/A;N/A;N/A;N/A;N/A;N/A;N/A;N/A;N/A;N/A;"1600 cc";N/A;5;N/A;N/A;N/A;N/A;N/A;N/A;N/A;N/A;N/A;N/A;N/A;N/A;N/A;N/A;N/A;N/A;N/A;N/A;N/A;N/A;N/A;N/A;N/A;Sí;N/A;N/A;N/A;N/A;N/A;N/A;N/A;N/A;N/A;N/A;N/A;N/A;N/A;N/A;N/A;N/A;N/A;N/A;N/A;N/A;N/A;N/A;N/A;N/A;N/A;N/A;N/A;N/A;N/A;Authentique;N/A;N/A;N/A;"11 km/l";N/A;N/A;N/A;Sí;N/A;Sí;N/A;N/A;N/A;N/A;"13 km/l";N/A;N/A;N/A;N/A;N/A;"Lun. a Vie. de 9 a 12 y 13 a 18 hs. Sáb. de 9 a 12 hs";4;1.6;Nafta;Manual;Sedán;"Autos y camionetas";No;N/A;N/A;N/A;No;N/A;UY;No;Sí;No;No;N/A;N/A;N/A;N/A;N/A;N/A;N/A;N/A;N/A;N/A;N/A;N/A;N/A;N/A;N/A;N/A;N/A;N/A;N/A;N/A;N/A;N/A;N/A;N/A;N/A;N/A;N/A;N/A;N/A;N/A;N/A;N/A;N/A;N/A;N/A;N/A;N/A;N/A;N/A;N/A;N/A;N/A;N/A;N/A;N/A;N/A;N/A;N/A;N/A;N/A;N/A;No;N/A;N/A;N/A;N/A;N/A;N/A;N/A;N/A;N/A;N/A;N/A;N/A;N/A;N/A;N/A;N/A;N/A;N/A;N/A;N/A;N/A;N/A;N/A;N/A;N/A;N/A;N/A;N/A;N/A;N/A;N/A;N/A;N/A;Sí;N/A;N/A;N/A;Sí;N/A;N/A;N/A;N/A;Sí;N/A;N/A;N/A;N/A;N/A;N/A;Sí;N/A;Sí;Sí;N/A;Sí;N/A;N/A;N/A;Sí
Renault;Kwid;"1.0 Sce 66cv Life";2020;"102000 km";;MVDMOTORS;10900;;;;;"La Blanqueada";https://auto.mercadolibre.com.uy/MLU-695278266-renault-kwid-life-_JM;N/A;;"Renault Kwid Life ";usd;Sí;silver;false;N/A;N/A;http://perfil.mercadolibre.com.uy/MVDMOTORS;active;N/A;N/A;Usado;Rojo;N/A;N/A;Delantera;N/A;N/A;Sí;N/A;N/A;N/A;N/A;N/A;N/A;N/A;N/A;N/A;N/A;N/A;N/A;N/A;N/A;N/A;N/A;N/A;N/A;N/A;N/A;N/A;N/A;"2423 mm";"1 L";"50 L";5;N/A;N/A;N/A;N/A;N/A;N/A;N/A;N/A;N/A;N/A;N/A;N/A;N/A;N/A;N/A;N/A;N/A;N/A;N/A;N/A;N/A;N/A;N/A;N/A;N/A;N/A;N/A;N/A;N/A;N/A;N/A;N/A;N/A;N/A;N/A;N/A;N/A;N/A;N/A;N/A;N/A;N/A;N/A;N/A;N/A;"1474 mm";"3680 mm";N/A;N/A;N/A;N/A;5;"66 hp";Life;N/A;4;"1752 mm";N/A;N/A;N/A;N/A;N/A;N/A;N/A;N/A;N/A;N/A;N/A;N/A;N/A;N/A;N/A;N/A;N/A;"Lun-Vier 09:00-19:00 / Sáb. 09:00 - 13:00.";5;1.0;Nafta;Manual;Hatchback;"Autos y camionetas";N/A;N/A;N/A;N/A;N/A;N/A;UY;N/A;N/A;N/A;N/A;N/A;N/A;N/A;N/A;N/A;N/A;N/A;N/A;N/A;N/A;N/A;N/A;N/A;N/A;N/A;N/A;N/A;N/A;N/A;N/A;N/A;N/A;N/A;N/A;N/A;N/A;N/A;N/A;N/A;N/A;N/A;N/A;N/A;N/A;N/A;N/A;N/A;N/A;N/A;N/A;N/A;N/A;N/A;N/A;N/A;N/A;N/A;N/A;N/A;N/A;N/A;N/A;N/A;N/A;N/A;N/A;N/A;N/A;N/A;N/A;N/A;N/A;N/A;N/A;N/A;N/A;N/A;N/A;N/A;N/A;N/A;N/A;N/A;N/A;N/A;N/A;N/A;N/A;N/A;N/A;N/A;N/A;N/A;N/A;N/A;N/A;N/A;N/A;N/A;N/A;N/A;N/A;N/A;N/A;N/A;N/A;N/A;N/A;N/A;N/A;N/A;N/A;N/A;N/A;N/A;N/A;N/A;N/A;N/A;N/A;N/A
Renault;Oroch;"INTENS OUTSIDER T/M";2025;"0 km";;"AUTOMOTORA MARMOLEJO";25000;;;;;Minas;https://auto.mercadolibre.com.uy/MLU-702228070-renault-oroch-intens-outsider-tm-16-ano-2025-_JM;N/A;;"Renault Oroch Intens Outsider T/m 1.6, Año 2025.";USD;Sí;silver;false;N/A;N/A;http://perfil.mercadolibre.com.uy/AUTOMOTORA+MARMOLEJO;active;N/A;N/A;Nuevo;Negro;N/A;Eléctrica;4x2;N/A;Sí;N/A;N/A;N/A;Sí;N/A;N/A;N/A;N/A;N/A;Sí;N/A;N/A;N/A;N/A;N/A;N/A;N/A;N/A;N/A;N/A;N/A;N/A;N/A;N/A;N/A;N/A;N/A;N/A;N/A;N/A;N/A;N/A;N/A;N/A;N/A;N/A;N/A;N/A;N/A;N/A;N/A;N/A;N/A;N/A;N/A;N/A;N/A;N/A;N/A;N/A;N/A;N/A;N/A;N/A;N/A;N/A;N/A;N/A;N/A;N/A;N/A;N/A;N/A;N/A;N/A;N/A;N/A;N/A;N/A;N/A;N/A;N/A;N/A;N/A;N/A;N/A;N/A;N/A;N/A;N/A;N/A;N/A;N/A;N/A;N/A;Sí;N/A;Sí;Sí;N/A;Sí;Sí;N/A;N/A;N/A;N/A;Sí;N/A;N/A;N/A;N/A;"Lunes a Viernes de 8:30 a 12:00 y de 14:30 a 19:00hs, Sábados de 9:00 a 12:00hs.";5;1.6;Nafta;Manual;Pick-Up;"Autos y camionetas";N/A;N/A;N/A;N/A;N/A;N/A;N/A;N/A;N/A;N/A;N/A;N/A;N/A;N/A;N/A;N/A;N/A;N/A;N/A;N/A;N/A;N/A;N/A;N/A;Sí;N/A;N/A;N/A;N/A;N/A;N/A;N/A;N/A;N/A;N/A;N/A;N/A;N/A;N/A;N/A;N/A;N/A;N/A;N/A;N/A;N/A;N/A;N/A;N/A;N/A;N/A;N/A;N/A;N/A;N/A;N/A;N/A;N/A;N/A;N/A;N/A;N/A;N/A;N/A;N/A;N/A;N/A;N/A;N/A;N/A;N/A;N/A;N/A;N/A;N/A;N/A;N/A;N/A;N/A;N/A;N/A;N/A;N/A;N/A;N/A;N/A;N/A;N/A;N/A;N/A;N/A;N/A;N/A;N/A;N/A;N/A;Sí;Sí;N/A;N/A;Sí;N/A;N/A;N/A;N/A;Sí;Sí;N/A;N/A;N/A;N/A;Sí;N/A;Sí;N/A;N/A;N/A;N/A;N/A;N/A;N/A;N/A
Renault;Master;2023;2025;"0 km";;SEREYCIA.;36588;;;;;Durazno;https://auto.mercadolibre.com.uy/MLU-670615586-renault-master-2023-23-2023-0km-_JM;N/A;;"Renault Master 2023 2.3 2023 0km";USD;Sí;silver;false;N/A;N/A;http://perfil.mercadolibre.com.uy/SEREYCIA.;active;N/A;N/A;Nuevo;Plateado;N/A;Hidráulica;N/A;Sí;Sí;Sí;N/A;N/A;N/A;N/A;Sí;N/A;N/A;N/A;N/A;Sí;N/A;N/A;N/A;N/A;N/A;N/A;N/A;N/A;N/A;N/A;N/A;N/A;N/A;"2300 cc";N/A;6;N/A;N/A;N/A;N/A;N/A;N/A;N/A;N/A;N/A;N/A;N/A;N/A;N/A;N/A;N/A;N/A;N/A;N/A;N/A;N/A;N/A;N/A;N/A;Sí;N/A;Sí;N/A;N/A;N/A;N/A;N/A;N/A;N/A;N/A;N/A;N/A;N/A;N/A;N/A;N/A;N/A;N/A;N/A;N/A;N/A;N/A;N/A;N/A;N/A;N/A;N/A;N/A;N/A;2.3;N/A;N/A;N/A;N/A;N/A;N/A;N/A;Sí;N/A;Sí;Sí;N/A;N/A;N/A;N/A;N/A;N/A;N/A;N/A;N/A;"Lun. a Vie. 8:30 a 12 y 14 a 19 hs. Sáb. 8:30 a 12 hs.";4;2.3;Diésel;Manual;Furgón;"Autos y camionetas";No;N/A;N/A;N/A;No;N/A;N/A;No;Sí;No;No;N/A;N/A;N/A;N/A;N/A;N/A;N/A;N/A;N/A;N/A;N/A;N/A;N/A;N/A;N/A;N/A;N/A;N/A;N/A;N/A;N/A;N/A;N/A;N/A;N/A;N/A;N/A;N/A;N/A;N/A;N/A;N/A;Sí;N/A;N/A;N/A;N/A;N/A;N/A;N/A;N/A;N/A;N/A;N/A;N/A;N/A;N/A;N/A;N/A;N/A;Sí;No;N/A;N/A;N/A;N/A;N/A;N/A;N/A;N/A;N/A;N/A;N/A;N/A;N/A;N/A;N/A;N/A;N/A;N/A;N/A;N/A;N/A;N/A;N/A;N/A;N/A;N/A;N/A;N/A;N/A;N/A;N/A;N/A;N/A;Sí;N/A;N/A;N/A;Sí;Sí;Sí;N/A;Sí;Sí;N/A;N/A;N/A;N/A;N/A;N/A;N/A;N/A;Sí;Sí;Sí;N/A;N/A;N/A;N/A;Sí
Renault;Oroch;"1.3 Tce Intens 2Wd Cvt";2023;"74000 km";;ZZ20240910133007;21500;;;;;Solymar;https://auto.mercadolibre.com.uy/MLU-701416654-oroch-intense-13-turbo-2023-_JM;N/A;;"Oroch Intense 1.3 Turbo 2023";usd;Sí;silver;false;N/A;N/A;http://perfil.mercadolibre.com.uy/ZZ20240910133007;active;N/A;N/A;Usado;Blanco;N/A;N/A;Delantera;N/A;N/A;N/A;N/A;N/A;N/A;N/A;N/A;N/A;N/A;N/A;N/A;N/A;N/A;N/A;N/A;N/A;N/A;N/A;N/A;N/A;N/A;N/A;N/A;N/A;"2890 mm";"1.3 L";"45 L";8;N/A;N/A;N/A;N/A;N/A;N/A;N/A;N/A;N/A;N/A;N/A;N/A;N/A;N/A;N/A;N/A;N/A;N/A;N/A;N/A;N/A;N/A;N/A;N/A;N/A;N/A;N/A;N/A;N/A;N/A;N/A;N/A;N/A;N/A;N/A;N/A;N/A;N/A;N/A;N/A;N/A;N/A;N/A;N/A;N/A;"1694 mm";"4719 mm";N/A;N/A;N/A;N/A;5;"156 hp";Intens;N/A;4;"1834 mm";N/A;N/A;N/A;N/A;N/A;N/A;N/A;N/A;N/A;N/A;N/A;N/A;N/A;N/A;N/A;N/A;N/A;N/A;4;1.3;Nafta;Automática;Pick-Up;"Autos y camionetas";N/A;N/A;N/A;N/A;N/A;N/A;UY;N/A;N/A;N/A;N/A;N/A;N/A;N/A;N/A;N/A;N/A;N/A;N/A;N/A;N/A;N/A;N/A;N/A;N/A;N/A;N/A;N/A;N/A;N/A;N/A;N/A;N/A;N/A;N/A;N/A;N/A;N/A;N/A;N/A;N/A;N/A;N/A;N/A;N/A;N/A;N/A;N/A;N/A;N/A;N/A;N/A;N/A;N/A;N/A;N/A;N/A;N/A;N/A;N/A;N/A;N/A;N/A;N/A;N/A;N/A;N/A;N/A;N/A;N/A;N/A;N/A;N/A;N/A;N/A;N/A;N/A;N/A;N/A;N/A;N/A;N/A;N/A;N/A;N/A;N/A;N/A;N/A;N/A;N/A;N/A;N/A;N/A;N/A;N/A;N/A;N/A;N/A;N/A;N/A;N/A;N/A;N/A;N/A;N/A;N/A;N/A;N/A;N/A;N/A;N/A;N/A;N/A;N/A;N/A;N/A;N/A;N/A;N/A;N/A;N/A;N/A
Renault;Kangoo;"Furgon Fase 2";2015;"82950 km";;"VIDESOL S.A.";10290;;;;;"Colonia del Sacramento";https://auto.mercadolibre.com.uy/MLU-706060096-renault-kangoo-furgon-fase-2-ca-2015-_JM;N/A;;"Renault Kangoo Furgon Fase 2 C/a 2015";usd;Sí;silver;false;N/A;N/A;http://perfil.mercadolibre.com.uy/VIDESOL+S.A.;active;N/A;N/A;Usado;Gris;Sí;Asistida;Delantera;Sí;Sí;N/A;N/A;N/A;N/A;N/A;N/A;No;N/A;N/A;N/A;N/A;N/A;N/A;N/A;N/A;N/A;N/A;N/A;N/A;N/A;N/A;N/A;N/A;"2600 mm";"1.5 L";"52 L";5;N/A;N/A;N/A;N/A;N/A;N/A;N/A;N/A;N/A;N/A;N/A;N/A;N/A;N/A;N/A;N/A;N/A;N/A;N/A;N/A;N/A;N/A;N/A;N/A;N/A;N/A;N/A;N/A;N/A;N/A;N/A;N/A;N/A;N/A;N/A;N/A;N/A;N/A;N/A;N/A;N/A;N/A;N/A;N/A;N/A;"1860 mm";"4010 mm";N/A;N/A;N/A;N/A;2;"65 hp";Confort;N/A;2;"1670 mm";N/A;N/A;N/A;N/A;N/A;N/A;N/A;N/A;N/A;N/A;N/A;N/A;N/A;N/A;N/A;N/A;N/A;N/A;5;1.6;Nafta;Manual;Furgón;"Autos y camionetas";N/A;N/A;N/A;N/A;N/A;N/A;UY;N/A;N/A;N/A;N/A;N/A;N/A;N/A;N/A;N/A;N/A;N/A;N/A;N/A;N/A;N/A;N/A;N/A;N/A;N/A;N/A;N/A;N/A;N/A;N/A;N/A;N/A;N/A;N/A;N/A;N/A;N/A;N/A;N/A;N/A;N/A;N/A;N/A;N/A;N/A;N/A;N/A;N/A;N/A;N/A;N/A;N/A;N/A;N/A;N/A;N/A;N/A;N/A;N/A;N/A;N/A;N/A;N/A;N/A;N/A;N/A;N/A;N/A;N/A;N/A;N/A;N/A;N/A;N/A;N/A;N/A;N/A;N/A;N/A;N/A;N/A;N/A;N/A;N/A;N/A;N/A;N/A;N/A;N/A;N/A;N/A;N/A;N/A;N/A;N/A;N/A;N/A;No;N/A;N/A;N/A;N/A;N/A;N/A;Sí;N/A;N/A;N/A;N/A;N/A;N/A;Sí;N/A;Sí;N/A;Sí;N/A;N/A;Sí;N/A;N/A
Renault;Captur;automatica;2017;"103000 km";;AUTOMOTORA_2000;16500;;;;;"Paso Molino";https://auto.mercadolibre.com.uy/MLU-696418814-renault-captur-automatica-super-nueva-_JM;N/A;;"Renault Captur Automatica Super Nueva";USD;Sí;silver;false;N/A;N/A;http://perfil.mercadolibre.com.uy/AUTOMOTORA_2000;active;N/A;N/A;Usado;Negro;N/A;Hidráulica;Delantera;N/A;N/A;N/A;N/A;N/A;N/A;N/A;N/A;N/A;N/A;N/A;N/A;N/A;N/A;N/A;N/A;N/A;N/A;N/A;N/A;N/A;N/A;N/A;N/A;N/A;N/A;N/A;N/A;N/A;N/A;N/A;N/A;N/A;N/A;N/A;N/A;N/A;N/A;N/A;N/A;N/A;N/A;N/A;N/A;N/A;N/A;N/A;N/A;N/A;N/A;N/A;N/A;N/A;N/A;N/A;N/A;N/A;N/A;N/A;N/A;N/A;N/A;N/A;N/A;N/A;N/A;N/A;N/A;N/A;N/A;N/A;N/A;N/A;N/A;N/A;N/A;N/A;N/A;N/A;N/A;N/A;N/A;N/A;N/A;N/A;N/A;N/A;N/A;N/A;N/A;N/A;N/A;Sí;Sí;N/A;N/A;N/A;N/A;N/A;N/A;N/A;N/A;N/A;24H;5;1200;Nafta;Automática;SUV;"Autos y camionetas";N/A;N/A;N/A;N/A;N/A;N/A;N/A;N/A;N/A;N/A;N/A;N/A;N/A;N/A;N/A;N/A;N/A;N/A;N/A;N/A;N/A;N/A;N/A;N/A;N/A;N/A;N/A;N/A;N/A;N/A;N/A;N/A;N/A;N/A;N/A;N/A;N/A;N/A;N/A;N/A;N/A;N/A;N/A;N/A;N/A;N/A;N/A;N/A;N/A;N/A;N/A;N/A;N/A;N/A;N/A;N/A;N/A;N/A;N/A;N/A;N/A;N/A;N/A;N/A;N/A;N/A;N/A;N/A;N/A;N/A;N/A;N/A;N/A;N/A;N/A;N/A;N/A;N/A;N/A;N/A;N/A;N/A;N/A;N/A;N/A;N/A;N/A;N/A;N/A;N/A;N/A;N/A;N/A;N/A;N/A;N/A;N/A;N/A;N/A;N/A;N/A;N/A;N/A;N/A;N/A;N/A;N/A;N/A;N/A;N/A;N/A;N/A;N/A;N/A;N/A;N/A;N/A;N/A;N/A;N/A;N/A;N/A
Renault;Kwid;Outsider;2020;"21700 km";;"K MOTORS.UY";14290;;;;;Maldonado;https://auto.mercadolibre.com.uy/MLU-703978646-renault-kwid-outsider-entrega-7100-y-cuotas-_JM;N/A;;"Renault Kwid Outsider Entrega 7100 Y Cuotas";USD;Sí;silver;false;N/A;N/A;http://perfil.mercadolibre.com.uy/K+MOTORS.UY;active;N/A;N/A;Usado;Blanco;N/A;N/A;N/A;N/A;N/A;N/A;N/A;N/A;N/A;N/A;N/A;N/A;N/A;N/A;N/A;N/A;N/A;N/A;N/A;N/A;N/A;N/A;N/A;N/A;N/A;N/A;N/A;N/A;N/A;N/A;N/A;N/A;N/A;N/A;N/A;N/A;N/A;N/A;N/A;N/A;N/A;N/A;N/A;N/A;N/A;N/A;N/A;N/A;N/A;N/A;N/A;N/A;N/A;N/A;N/A;N/A;N/A;N/A;N/A;N/A;N/A;N/A;N/A;N/A;N/A;N/A;N/A;N/A;N/A;N/A;N/A;N/A;N/A;N/A;N/A;N/A;N/A;N/A;N/A;N/A;N/A;N/A;N/A;N/A;N/A;N/A;N/A;N/A;N/A;N/A;N/A;N/A;N/A;N/A;N/A;N/A;N/A;N/A;N/A;N/A;N/A;N/A;N/A;N/A;N/A;N/A;N/A;5;1.0;Nafta;N/A;N/A;"Autos y camionetas";N/A;N/A;N/A;N/A;N/A;N/A;N/A;N/A;N/A;N/A;N/A;N/A;N/A;N/A;N/A;N/A;N/A;N/A;N/A;N/A;N/A;N/A;N/A;N/A;N/A;N/A;N/A;N/A;N/A;N/A;N/A;N/A;N/A;N/A;N/A;N/A;N/A;N/A;N/A;N/A;N/A;N/A;N/A;N/A;N/A;N/A;N/A;N/A;N/A;N/A;N/A;N/A;N/A;N/A;N/A;N/A;N/A;N/A;N/A;N/A;N/A;N/A;N/A;N/A;N/A;N/A;N/A;N/A;N/A;N/A;N/A;N/A;N/A;N/A;N/A;N/A;N/A;N/A;N/A;N/A;N/A;N/A;N/A;N/A;N/A;N/A;N/A;N/A;N/A;N/A;N/A;N/A;N/A;N/A;N/A;N/A;N/A;N/A;N/A;N/A;N/A;N/A;N/A;N/A;N/A;N/A;N/A;N/A;N/A;N/A;N/A;N/A;N/A;N/A;N/A;N/A;N/A;N/A;N/A;N/A;N/A;N/A
Renault;Duster;"INTENS PLUS 1.6 MT";2025;"0 km";;"DELTACAR S.A.";25990;;;;;Mercedes;https://auto.mercadolibre.com.uy/MLU-706169342-renault-duster-intens-plus-16-mt-_JM;N/A;;"Renault Duster Intens Plus 1.6 Mt";usd;Sí;silver;false;N/A;N/A;http://perfil.mercadolibre.com.uy/DELTACAR+S.A.;active;N/A;N/A;Nuevo;Blanco;N/A;Hidráulica;4x2;Sí;Sí;Sí;N/A;N/A;N/A;N/A;N/A;N/A;N/A;N/A;Sí;Sí;N/A;Sí;N/A;N/A;N/A;N/A;N/A;N/A;N/A;N/A;N/A;N/A;"2674 mm";"1.6 L";"50 L";6;N/A;N/A;N/A;N/A;N/A;N/A;N/A;N/A;N/A;N/A;N/A;N/A;N/A;N/A;N/A;N/A;N/A;N/A;N/A;N/A;N/A;N/A;N/A;N/A;N/A;N/A;N/A;N/A;N/A;N/A;N/A;N/A;N/A;N/A;N/A;N/A;N/A;N/A;N/A;N/A;N/A;N/A;N/A;N/A;N/A;"1683 mm";"4329 mm";N/A;N/A;N/A;N/A;5;"118 hp";Intens;N/A;4;"1822 mm";"11.1 km/l";Sí;N/A;N/A;Sí;N/A;Sí;Sí;N/A;N/A;N/A;"10.4 km/l";N/A;N/A;N/A;N/A;N/A;"todos los dias";4;1.6;Nafta;Manual;SUV;"Autos y camionetas";N/A;N/A;N/A;N/A;Sí;N/A;UY;N/A;Sí;N/A;N/A;N/A;N/A;N/A;N/A;N/A;N/A;N/A;N/A;N/A;N/A;N/A;N/A;N/A;Sí;N/A;N/A;N/A;N/A;N/A;N/A;N/A;N/A;N/A;N/A;N/A;N/A;N/A;N/A;N/A;N/A;N/A;N/A;Sí;N/A;N/A;N/A;N/A;N/A;N/A;N/A;N/A;N/A;N/A;N/A;N/A;N/A;N/A;N/A;N/A;N/A;N/A;N/A;N/A;N/A;N/A;N/A;N/A;N/A;N/A;N/A;N/A;N/A;N/A;N/A;N/A;N/A;N/A;N/A;N/A;N/A;N/A;N/A;N/A;N/A;N/A;N/A;N/A;N/A;N/A;N/A;N/A;N/A;N/A;N/A;N/A;Sí;N/A;Sí;N/A;Sí;N/A;N/A;N/A;N/A;Sí;Sí;Sí;Sí;N/A;N/A;Sí;Sí;Sí;Sí;Sí;Sí;N/A;N/A;Sí;N/A;Sí
Renault;Kwid;Zen;2019;"80400 km";;AEROCAR2020;11990;;;;;"Barra de Carrasco";https://auto.mercadolibre.com.uy/MLU-706071132-renault-kwid-zen-10-2019-impecable-aerocar-_JM;N/A;;"Renault Kwid Zen 1.0 2019 Impecable! Aerocar";USD;Sí;silver;false;N/A;N/A;http://perfil.mercadolibre.com.uy/AEROCAR2020;active;N/A;N/A;Usado;Bordó;N/A;Hidráulica;N/A;Sí;N/A;N/A;N/A;N/A;N/A;N/A;N/A;N/A;N/A;N/A;N/A;Sí;N/A;N/A;N/A;N/A;N/A;N/A;N/A;N/A;N/A;N/A;N/A;N/A;N/A;"1000 cc";N/A;5;N/A;N/A;N/A;N/A;N/A;N/A;N/A;N/A;N/A;N/A;N/A;N/A;N/A;N/A;N/A;N/A;N/A;N/A;N/A;N/A;N/A;N/A;N/A;N/A;N/A;N/A;N/A;N/A;N/A;N/A;N/A;N/A;N/A;N/A;N/A;N/A;N/A;N/A;N/A;N/A;N/A;N/A;N/A;N/A;N/A;N/A;N/A;N/A;N/A;N/A;N/A;N/A;"75 hp";Zen;N/A;N/A;N/A;"17 km/l";N/A;N/A;N/A;N/A;N/A;Sí;N/A;N/A;N/A;N/A;"20 km/l";N/A;N/A;N/A;N/A;N/A;"Lun. a Vie. de 9 a 19 hs. Sáb. y Dom. de 10 a 18 hs.";5;1.0;Nafta;Manual;Hatchback;"Autos y camionetas";No;N/A;N/A;N/A;No;N/A;N/A;No;Sí;No;No;N/A;N/A;N/A;N/A;N/A;N/A;N/A;N/A;N/A;N/A;N/A;N/A;N/A;N/A;N/A;N/A;N/A;N/A;N/A;N/A;N/A;N/A;N/A;N/A;N/A;N/A;N/A;N/A;N/A;N/A;N/A;N/A;N/A;N/A;N/A;N/A;N/A;N/A;N/A;N/A;N/A;N/A;N/A;N/A;N/A;N/A;N/A;N/A;N/A;N/A;N/A;No;N/A;N/A;N/A;N/A;N/A;N/A;N/A;N/A;N/A;N/A;N/A;N/A;N/A;N/A;N/A;N/A;N/A;N/A;N/A;N/A;N/A;N/A;N/A;N/A;N/A;N/A;N/A;N/A;N/A;N/A;N/A;N/A;N/A;Sí;Sí;N/A;N/A;Sí;N/A;Sí;N/A;N/A;Sí;N/A;N/A;N/A;N/A;N/A;N/A;N/A;N/A;Sí;Sí;N/A;Sí;Sí;N/A;N/A;N/A
Renault;"Sandero Stepway";Privilege;2018;"133453 km";;"OSCARPISANO RENAULT-NISSAN";11900;;;;;Sayago;https://auto.mercadolibre.com.uy/MLU-705932320-renault-sandero-stepway-privilege-16-2018-impecable-_JM;N/A;;"Renault Sandero Stepway Privilege 1.6 2018 Impecable!";usd;Sí;silver;false;N/A;N/A;http://perfil.mercadolibre.com.uy/OSCARPISANO+RENAULT-NISSAN;active;N/A;N/A;Usado;Plateado;Sí;Hidráulica;N/A;Sí;N/A;Sí;N/A;N/A;N/A;Sí;Sí;N/A;N/A;Sí;N/A;Sí;N/A;N/A;N/A;N/A;N/A;N/A;N/A;N/A;N/A;N/A;N/A;N/A;N/A;"1600 cc";N/A;5;N/A;N/A;Sí;Sí;N/A;N/A;N/A;N/A;N/A;N/A;N/A;N/A;N/A;N/A;N/A;N/A;N/A;N/A;N/A;N/A;N/A;N/A;N/A;N/A;N/A;Sí;N/A;N/A;N/A;Sí;N/A;N/A;N/A;N/A;N/A;N/A;N/A;N/A;N/A;N/A;N/A;N/A;N/A;N/A;N/A;N/A;N/A;N/A;N/A;N/A;N/A;N/A;"89 hp";Privilege;N/A;N/A;N/A;"11 km/l";N/A;N/A;N/A;Sí;Sí;N/A;Sí;N/A;N/A;N/A;"14 km/l";N/A;N/A;N/A;N/A;Sí;"Lun. a Vie. de 9:30 a 18:30 hs. Sáb. de 9 a 13 hs";5;1.6;Nafta;Manual;SUV;"Autos y camionetas";No;N/A;N/A;N/A;No;N/A;UY;No;Sí;No;No;N/A;N/A;N/A;N/A;N/A;N/A;N/A;N/A;N/A;N/A;Sí;N/A;N/A;N/A;N/A;N/A;N/A;N/A;N/A;N/A;N/A;N/A;N/A;N/A;N/A;N/A;N/A;N/A;N/A;N/A;N/A;N/A;N/A;N/A;N/A;N/A;N/A;N/A;N/A;N/A;N/A;N/A;N/A;N/A;N/A;N/A;N/A;N/A;N/A;N/A;N/A;No;N/A;N/A;N/A;N/A;N/A;N/A;N/A;N/A;N/A;N/A;N/A;N/A;N/A;N/A;N/A;N/A;N/A;N/A;N/A;N/A;N/A;N/A;N/A;N/A;N/A;N/A;N/A;N/A;N/A;N/A;N/A;N/A;N/A;N/A;N/A;Sí;N/A;Sí;N/A;N/A;N/A;Sí;N/A;N/A;Sí;N/A;N/A;N/A;N/A;N/A;N/A;N/A;N/A;Sí;N/A;N/A;N/A;N/A;N/A
Renault;Duster;Dynamique;2016;"91070 km";;"OSCARPISANO RENAULT-NISSAN";14900;;;;;Sayago;https://auto.mercadolibre.com.uy/MLU-705906468-renault-duster-dynamique-160-2016-impecable-_JM;N/A;;"Renault Duster Dynamique 16.0 2016 Impecable!";usd;Sí;silver;false;N/A;N/A;http://perfil.mercadolibre.com.uy/OSCARPISANO+RENAULT-NISSAN;active;N/A;N/A;Usado;Negro;Sí;Hidráulica;N/A;Sí;Sí;N/A;N/A;N/A;N/A;N/A;N/A;N/A;N/A;Sí;N/A;Sí;N/A;N/A;N/A;N/A;N/A;N/A;N/A;N/A;N/A;N/A;N/A;N/A;N/A;"16002 cc";N/A;5;N/A;N/A;Sí;Sí;N/A;N/A;N/A;N/A;N/A;N/A;N/A;N/A;N/A;N/A;N/A;N/A;N/A;N/A;N/A;N/A;N/A;N/A;N/A;N/A;N/A;N/A;N/A;N/A;N/A;Sí;N/A;N/A;N/A;N/A;N/A;N/A;Sí;N/A;N/A;N/A;N/A;N/A;N/A;N/A;N/A;N/A;N/A;N/A;N/A;N/A;N/A;N/A;"137 hp";Dynamique;N/A;N/A;N/A;"11 km/l";N/A;N/A;N/A;Sí;N/A;Sí;Sí;N/A;N/A;N/A;"14 km/l";N/A;N/A;N/A;N/A;Sí;"Lun. a Vie. de 9:30 a 18:30 hs. Sáb. de 9 a 13 hs";4;16.0;Nafta;Manual;SUV;"Autos y camionetas";No;N/A;N/A;N/A;No;N/A;UY;No;Sí;No;No;N/A;N/A;N/A;N/A;N/A;N/A;N/A;N/A;N/A;N/A;N/A;N/A;N/A;N/A;N/A;N/A;N/A;N/A;N/A;N/A;N/A;N/A;N/A;N/A;N/A;N/A;N/A;N/A;N/A;N/A;N/A;N/A;N/A;N/A;N/A;N/A;N/A;N/A;N/A;N/A;N/A;N/A;N/A;N/A;N/A;N/A;N/A;N/A;N/A;N/A;N/A;No;N/A;N/A;N/A;N/A;N/A;N/A;N/A;N/A;N/A;N/A;N/A;N/A;N/A;N/A;N/A;N/A;N/A;N/A;N/A;N/A;N/A;N/A;N/A;N/A;N/A;N/A;N/A;N/A;N/A;Sí;N/A;N/A;N/A;Sí;Sí;N/A;N/A;Sí;N/A;N/A;N/A;Sí;Sí;N/A;Sí;N/A;N/A;N/A;N/A;Sí;N/A;Sí;Sí;Sí;N/A;N/A;N/A;N/A;Sí
Renault;"Duster Oroch";Expression;2018;"140072 km";;"OSCARPISANO RENAULT-NISSAN";13900;;;;;Sayago;https://auto.mercadolibre.com.uy/MLU-705287624-renault-oroch-expression-16-2018-impecable-_JM;N/A;;"Renault Oroch Expression 1.6 2018 Impecable!";USD;Sí;silver;false;N/A;N/A;http://perfil.mercadolibre.com.uy/OSCARPISANO+RENAULT-NISSAN;active;N/A;N/A;Usado;"Gris oscuro";N/A;Hidráulica;N/A;Sí;Sí;N/A;N/A;N/A;N/A;Sí;Sí;N/A;N/A;Sí;N/A;Sí;N/A;N/A;N/A;N/A;N/A;N/A;N/A;N/A;N/A;N/A;N/A;N/A;N/A;"1600 cc";N/A;5;N/A;N/A;N/A;N/A;N/A;Sí;N/A;N/A;N/A;N/A;N/A;N/A;N/A;N/A;N/A;N/A;N/A;N/A;N/A;N/A;N/A;N/A;N/A;Sí;N/A;Sí;N/A;N/A;N/A;Sí;N/A;N/A;N/A;N/A;N/A;N/A;N/A;N/A;N/A;N/A;N/A;N/A;N/A;N/A;N/A;N/A;N/A;N/A;N/A;N/A;N/A;N/A;"110 hp";N/A;N/A;N/A;N/A;"10 km/l";N/A;N/A;N/A;Sí;N/A;Sí;N/A;N/A;N/A;N/A;"14 km/l";N/A;N/A;Sí;Sí;N/A;"Lun. a Vie. de 9:30 a 18:30 hs. Sáb. de 9 a 13 hs";4;1.6;Nafta;Manual;Pick-Up;"Autos y camionetas";No;N/A;N/A;N/A;No;N/A;N/A;No;Sí;No;No;N/A;N/A;N/A;N/A;N/A;N/A;N/A;N/A;N/A;N/A;N/A;N/A;N/A;N/A;N/A;N/A;N/A;N/A;N/A;N/A;N/A;N/A;N/A;N/A;N/A;N/A;N/A;N/A;N/A;N/A;N/A;N/A;N/A;N/A;N/A;N/A;N/A;N/A;N/A;N/A;N/A;N/A;N/A;N/A;N/A;N/A;N/A;N/A;N/A;N/A;N/A;No;N/A;N/A;N/A;N/A;N/A;N/A;N/A;N/A;N/A;N/A;N/A;N/A;N/A;N/A;N/A;N/A;N/A;N/A;N/A;N/A;N/A;N/A;N/A;N/A;N/A;N/A;N/A;N/A;N/A;N/A;N/A;N/A;N/A;Sí;Sí;Sí;N/A;Sí;Sí;Sí;N/A;N/A;Sí;N/A;N/A;N/A;N/A;N/A;N/A;N/A;N/A;Sí;Sí;Sí;N/A;N/A;N/A;N/A;Sí
Renault;"Duster Oroch";Intense;2024;"14000 km";;"CLAUDIOS CAMIONES";23990;;;;;"San Jacinto";https://auto.mercadolibre.com.uy/MLU-705215906-renault-oroch-intense-13-2024-impecable-claudios-motors-_JM;N/A;;"Renault Oroch Intense 1.3 2024 Impecable! - Claudio's Motors";USD;Sí;silver;false;N/A;N/A;http://perfil.mercadolibre.com.uy/CLAUDIOS+CAMIONES;active;N/A;N/A;Usado;Rojo;Sí;Hidráulica;N/A;Sí;Sí;Sí;N/A;Sí;N/A;Sí;Sí;N/A;Sí;Sí;Sí;Sí;N/A;N/A;N/A;N/A;N/A;N/A;N/A;N/A;N/A;N/A;N/A;N/A;N/A;"1300 cc";N/A;8;N/A;N/A;Sí;Sí;Sí;N/A;N/A;N/A;N/A;N/A;N/A;N/A;N/A;N/A;N/A;N/A;N/A;N/A;N/A;N/A;N/A;N/A;N/A;Sí;N/A;Sí;N/A;N/A;N/A;N/A;N/A;N/A;N/A;N/A;N/A;N/A;N/A;N/A;N/A;N/A;N/A;N/A;Sí;N/A;N/A;N/A;N/A;N/A;N/A;N/A;N/A;N/A;"156 hp";N/A;N/A;N/A;N/A;"13 km/l";N/A;N/A;Sí;N/A;Sí;Sí;Sí;N/A;N/A;N/A;"16 km/l";N/A;N/A;N/A;Sí;N/A;"Lun. a Vie. de 9 a 13 y de 14 a 19 hs";4;1.3;Nafta;Automática;Pick-Up;"Autos y camionetas";No;N/A;N/A;N/A;No;N/A;N/A;No;Sí;No;No;N/A;N/A;N/A;N/A;N/A;N/A;N/A;N/A;N/A;N/A;N/A;N/A;N/A;Sí;N/A;N/A;N/A;N/A;N/A;N/A;N/A;N/A;N/A;N/A;Sí;N/A;N/A;N/A;N/A;N/A;N/A;N/A;N/A;N/A;N/A;N/A;N/A;N/A;N/A;N/A;N/A;N/A;N/A;N/A;N/A;N/A;Sí;N/A;N/A;N/A;Sí;No;N/A;N/A;N/A;N/A;N/A;N/A;N/A;N/A;N/A;N/A;N/A;N/A;N/A;N/A;N/A;N/A;N/A;N/A;N/A;N/A;N/A;N/A;N/A;N/A;N/A;N/A;N/A;N/A;N/A;Sí;N/A;N/A;N/A;Sí;Sí;Sí;N/A;Sí;Sí;Sí;N/A;Sí;Sí;N/A;N/A;N/A;N/A;N/A;Sí;Sí;N/A;Sí;Sí;Sí;N/A;N/A;Sí;N/A;Sí
Renault;Duster;"ZEN TECHNO";2022;"51000 km";;"OSCARPISANO RENAULT-NISSAN";19900;;;;;Sayago;https://auto.mercadolibre.com.uy/MLU-705189710-renault-duster-zen-techno-_JM;N/A;;"Renault Duster Zen Techno ";usd;Sí;silver;false;N/A;N/A;http://perfil.mercadolibre.com.uy/OSCARPISANO+RENAULT-NISSAN;active;N/A;N/A;Usado;Rojo;Sí;Eléctrica;N/A;Sí;N/A;N/A;N/A;N/A;N/A;N/A;N/A;N/A;N/A;N/A;N/A;N/A;N/A;N/A;N/A;N/A;N/A;N/A;N/A;N/A;N/A;N/A;N/A;N/A;N/A;"1600 cc";N/A;5;N/A;N/A;Sí;Sí;N/A;N/A;N/A;N/A;N/A;N/A;N/A;N/A;N/A;N/A;N/A;N/A;N/A;N/A;N/A;N/A;N/A;N/A;N/A;N/A;N/A;Sí;N/A;N/A;N/A;N/A;N/A;N/A;N/A;N/A;N/A;N/A;N/A;N/A;N/A;N/A;N/A;N/A;Sí;N/A;N/A;N/A;N/A;N/A;N/A;N/A;N/A;N/A;"115 hp";"Zen Techno";N/A;N/A;N/A;"11 km/l";N/A;N/A;N/A;N/A;N/A;N/A;N/A;N/A;N/A;N/A;"15 km/l";Sí;N/A;N/A;N/A;N/A;"Lun. a Sáb. de 9:30 a 18:30 hs. Dom. de 9:30 a 13 hs";4;1.6;Nafta;Manual;SUV;"Autos y camionetas";No;N/A;N/A;N/A;No;N/A;UY;No;Sí;No;No;N/A;N/A;N/A;N/A;N/A;N/A;N/A;N/A;N/A;N/A;N/A;N/A;N/A;N/A;N/A;N/A;N/A;N/A;N/A;N/A;N/A;N/A;N/A;N/A;N/A;N/A;N/A;N/A;N/A;N/A;N/A;N/A;N/A;N/A;N/A;N/A;N/A;N/A;N/A;N/A;N/A;N/A;N/A;N/A;N/A;N/A;N/A;N/A;N/A;N/A;N/A;No;N/A;N/A;N/A;N/A;N/A;N/A;N/A;N/A;N/A;N/A;N/A;N/A;N/A;N/A;N/A;N/A;N/A;N/A;N/A;N/A;N/A;N/A;N/A;N/A;N/A;N/A;N/A;N/A;N/A;Sí;N/A;N/A;N/A;Sí;Sí;N/A;N/A;Sí;Sí;Sí;N/A;N/A;Sí;N/A;N/A;N/A;N/A;N/A;Sí;N/A;N/A;N/A;N/A;N/A;N/A;N/A;N/A;N/A;N/A
Renault;Oroch;"1.6 Expression";2019;"50000 km";;"G. RODRIGUEZCASTRO";16500;;;;;Salto;https://auto.mercadolibre.com.uy/MLU-704524760-renault-oroch-16-expression-_JM;N/A;;"Renault Oroch 1.6 Expression";USD;Sí;silver;false;N/A;N/A;http://perfil.mercadolibre.com.uy/G.+RODRIGUEZCASTRO;active;N/A;N/A;Usado;Rojo;Sí;Hidráulica;4x2;Sí;Sí;N/A;N/A;N/A;N/A;N/A;N/A;No;N/A;N/A;N/A;Sí;N/A;N/A;N/A;N/A;N/A;N/A;N/A;N/A;N/A;N/A;N/A;N/A;N/A;N/A;N/A;N/A;N/A;N/A;N/A;N/A;N/A;N/A;N/A;N/A;N/A;N/A;N/A;N/A;N/A;N/A;N/A;N/A;N/A;N/A;N/A;N/A;N/A;N/A;N/A;N/A;N/A;N/A;N/A;N/A;N/A;N/A;N/A;N/A;N/A;N/A;N/A;N/A;N/A;N/A;N/A;N/A;N/A;N/A;N/A;N/A;N/A;N/A;N/A;N/A;N/A;N/A;N/A;N/A;N/A;N/A;N/A;N/A;N/A;N/A;N/A;N/A;N/A;Sí;N/A;Sí;N/A;N/A;N/A;N/A;N/A;N/A;N/A;N/A;N/A;N/A;N/A;4;1.6;Nafta;Manual;Pick-Up;"Autos y camionetas";Sí;N/A;N/A;N/A;N/A;N/A;N/A;N/A;Sí;N/A;N/A;N/A;N/A;N/A;N/A;N/A;N/A;N/A;N/A;N/A;N/A;N/A;N/A;N/A;N/A;N/A;N/A;N/A;N/A;N/A;N/A;N/A;N/A;N/A;N/A;N/A;N/A;N/A;N/A;N/A;N/A;N/A;N/A;N/A;N/A;N/A;N/A;N/A;N/A;N/A;N/A;N/A;N/A;N/A;N/A;N/A;N/A;N/A;N/A;N/A;N/A;Sí;Sí;N/A;N/A;N/A;N/A;N/A;N/A;N/A;N/A;N/A;N/A;N/A;N/A;N/A;N/A;N/A;N/A;N/A;N/A;N/A;N/A;N/A;N/A;N/A;N/A;N/A;N/A;N/A;N/A;N/A;N/A;N/A;N/A;N/A;Sí;Sí;Sí;N/A;Sí;N/A;N/A;N/A;N/A;Sí;N/A;Sí;N/A;N/A;N/A;Sí;N/A;N/A;Sí;N/A;Sí;N/A;N/A;Sí;N/A;Sí
Renault;"Sandero Stepway";"1.6 Privilege 105cv";2015;"120000 km";;SOCA2950916;11800;;;;;"Paso de la Arena";https://auto.mercadolibre.com.uy/MLU-704005440-renault-sandero-stepway-16-privilege-105cv-_JM;N/A;;"Renault Sandero Stepway 1.6 Privilege 105cv";usd;Sí;silver;false;N/A;N/A;http://perfil.mercadolibre.com.uy/SOCA2950916;active;N/A;N/A;Usado;Azul;N/A;Hidráulica;Delantera;N/A;N/A;Sí;N/A;N/A;N/A;N/A;N/A;N/A;N/A;N/A;N/A;N/A;N/A;N/A;N/A;N/A;N/A;N/A;N/A;N/A;N/A;N/A;N/A;N/A;"2590 mm";"1.6 L";"50 L";5;N/A;N/A;N/A;N/A;N/A;N/A;N/A;N/A;N/A;N/A;N/A;N/A;N/A;N/A;N/A;N/A;N/A;N/A;N/A;N/A;N/A;N/A;N/A;N/A;N/A;N/A;N/A;N/A;N/A;N/A;N/A;N/A;N/A;N/A;N/A;N/A;N/A;N/A;N/A;N/A;N/A;N/A;N/A;N/A;N/A;"1559 mm";"4066 mm";N/A;N/A;N/A;N/A;5;"105 hp";Privilege;N/A;4;"1761 mm";"9.3 km/l";Sí;N/A;N/A;N/A;N/A;N/A;Sí;N/A;N/A;N/A;"5.9 km/l";N/A;N/A;N/A;N/A;N/A;N/A;5;1.6;Nafta;Manual;Hatchback;"Autos y camionetas";N/A;N/A;N/A;N/A;N/A;N/A;UY;N/A;N/A;N/A;N/A;N/A;N/A;N/A;N/A;N/A;N/A;N/A;N/A;N/A;N/A;N/A;N/A;N/A;N/A;N/A;N/A;N/A;N/A;N/A;N/A;N/A;N/A;N/A;N/A;N/A;N/A;N/A;N/A;N/A;N/A;N/A;N/A;N/A;N/A;N/A;N/A;N/A;N/A;N/A;N/A;N/A;N/A;N/A;N/A;N/A;N/A;N/A;N/A;N/A;N/A;N/A;N/A;N/A;N/A;N/A;N/A;N/A;N/A;N/A;N/A;N/A;N/A;N/A;N/A;N/A;N/A;N/A;N/A;N/A;N/A;N/A;N/A;N/A;N/A;N/A;N/A;N/A;N/A;N/A;N/A;N/A;N/A;N/A;N/A;N/A;N/A;N/A;N/A;N/A;N/A;N/A;N/A;N/A;N/A;N/A;N/A;N/A;N/A;N/A;N/A;N/A;N/A;N/A;N/A;N/A;N/A;N/A;N/A;N/A;N/A;N/A
Renault;"Sandero Stepway";"1.6 Zen";2021;"65950 km";;"RYR AUTOMOVILES";15900;;;;;"San José de Carrasco";https://auto.mercadolibre.com.uy/MLU-703263728-renault-sandero-stepway-16-zen-plus-2021-_JM;N/A;;"Renault Sandero Stepway 1.6 Zen Plus 2021";usd;Sí;silver;false;N/A;N/A;http://perfil.mercadolibre.com.uy/RYR+AUTOMOVILES;active;N/A;N/A;Usado;Dorado;Sí;Hidráulica;Delantera;Sí;Sí;Sí;N/A;N/A;N/A;N/A;N/A;N/A;N/A;N/A;Sí;Sí;N/A;Sí;N/A;N/A;N/A;N/A;N/A;N/A;N/A;N/A;N/A;N/A;"2590 mm";"1.6 L";"50 L";5;N/A;N/A;N/A;N/A;N/A;N/A;N/A;N/A;N/A;N/A;N/A;N/A;N/A;N/A;N/A;N/A;N/A;N/A;N/A;N/A;N/A;N/A;N/A;N/A;N/A;N/A;N/A;N/A;N/A;Sí;N/A;N/A;N/A;N/A;N/A;N/A;N/A;N/A;N/A;N/A;N/A;N/A;N/A;N/A;N/A;"1559 mm";"4066 mm";N/A;N/A;N/A;N/A;5;"105 hp";Zen;N/A;4;"1761 mm";"9.3 km/l";Sí;N/A;N/A;Sí;N/A;N/A;Sí;N/A;N/A;N/A;"5.9 km/l";N/A;N/A;N/A;N/A;Sí;N/A;5;1.6;Nafta;Manual;Hatchback;"Autos y camionetas";N/A;N/A;N/A;N/A;N/A;N/A;UY;N/A;Sí;N/A;N/A;N/A;N/A;N/A;N/A;N/A;N/A;N/A;N/A;N/A;N/A;N/A;N/A;N/A;Sí;N/A;N/A;N/A;N/A;N/A;N/A;N/A;N/A;N/A;N/A;N/A;N/A;N/A;N/A;N/A;N/A;N/A;N/A;N/A;N/A;N/A;N/A;N/A;N/A;N/A;N/A;N/A;N/A;N/A;N/A;N/A;N/A;N/A;N/A;N/A;N/A;N/A;Sí;N/A;N/A;N/A;N/A;N/A;N/A;N/A;N/A;N/A;N/A;N/A;N/A;N/A;N/A;N/A;N/A;N/A;N/A;N/A;N/A;N/A;N/A;N/A;N/A;N/A;N/A;N/A;N/A;N/A;N/A;N/A;N/A;N/A;Sí;Sí;N/A;N/A;N/A;N/A;N/A;N/A;N/A;Sí;N/A;N/A;Sí;N/A;N/A;N/A;Sí;N/A;Sí;Sí;Sí;N/A;N/A;Sí;N/A;Sí
Renault;Captur;INTENSE;2018;"119000 km";;AEROCAR2013;17990;;;;;Carrasco;https://auto.mercadolibre.com.uy/MLU-703158992-renault-captur-intense-20-2018-impecable-interauto-_JM;N/A;;"Renault Captur Intense 2.0 2018 Impecable! Interauto";USD;Sí;silver;false;N/A;N/A;http://perfil.mercadolibre.com.uy/AEROCAR2013;active;N/A;N/A;Usado;Rojo;N/A;Eléctrica;N/A;Sí;Sí;Sí;N/A;N/A;N/A;Sí;Sí;Sí;N/A;Sí;Sí;Sí;N/A;N/A;N/A;N/A;N/A;N/A;N/A;N/A;N/A;N/A;N/A;N/A;N/A;"2000 cc";N/A;N/A;N/A;N/A;Sí;N/A;Sí;Sí;Sí;N/A;N/A;N/A;N/A;N/A;N/A;N/A;N/A;N/A;N/A;N/A;N/A;N/A;N/A;N/A;N/A;Sí;N/A;Sí;N/A;Sí;N/A;N/A;N/A;N/A;N/A;N/A;N/A;N/A;N/A;N/A;N/A;N/A;N/A;N/A;Sí;N/A;N/A;N/A;N/A;N/A;N/A;N/A;N/A;N/A;N/A;N/A;N/A;N/A;N/A;"12 km/l";N/A;N/A;Sí;Sí;Sí;Sí;Sí;Sí;N/A;N/A;"16 km/l";N/A;N/A;N/A;N/A;Sí;"Lunes a Domingo de 9 a 18:30 hs";5;2.0;Nafta;Automática;SUV;"Autos y camionetas";No;N/A;N/A;N/A;No;N/A;N/A;No;Sí;No;No;N/A;N/A;N/A;N/A;N/A;N/A;N/A;N/A;N/A;N/A;N/A;N/A;N/A;Sí;N/A;N/A;N/A;N/A;N/A;N/A;N/A;N/A;N/A;N/A;N/A;N/A;N/A;N/A;N/A;N/A;N/A;N/A;N/A;N/A;N/A;N/A;N/A;N/A;N/A;N/A;N/A;N/A;N/A;N/A;N/A;N/A;Sí;N/A;N/A;N/A;N/A;No;N/A;N/A;N/A;N/A;N/A;N/A;N/A;N/A;N/A;N/A;N/A;N/A;N/A;N/A;N/A;N/A;N/A;N/A;N/A;N/A;N/A;N/A;N/A;N/A;N/A;N/A;N/A;N/A;N/A;Sí;N/A;N/A;N/A;Sí;Sí;Sí;N/A;Sí;N/A;Sí;N/A;Sí;Sí;N/A;Sí;N/A;N/A;N/A;Sí;Sí;N/A;Sí;N/A;Sí;N/A;N/A;Sí;N/A;N/A
Renault;Kwid;"1.0 Sce 66cv Zen";2018;"90000 km";;AUTOMOVILESPUNTOCAR;10200;;;;;"La Blanqueada";https://auto.mercadolibre.com.uy/MLU-702912362-renault-kwind-zen-_JM;N/A;;"Renault Kwind Zen";usd;Sí;silver;false;N/A;N/A;http://perfil.mercadolibre.com.uy/AUTOMOVILESPUNTOCAR;active;N/A;N/A;Usado;Gris;N/A;Hidráulica;Delantera;N/A;N/A;Sí;N/A;N/A;N/A;N/A;N/A;N/A;N/A;N/A;N/A;N/A;N/A;N/A;N/A;N/A;N/A;N/A;N/A;N/A;N/A;N/A;N/A;N/A;"2423 mm";"1 L";"50 L";5;N/A;N/A;N/A;N/A;N/A;N/A;N/A;N/A;N/A;N/A;N/A;N/A;N/A;N/A;N/A;N/A;N/A;N/A;N/A;N/A;N/A;N/A;N/A;N/A;N/A;N/A;N/A;N/A;N/A;N/A;N/A;N/A;N/A;N/A;N/A;N/A;N/A;N/A;N/A;N/A;N/A;N/A;N/A;N/A;N/A;"1474 mm";"3680 mm";N/A;N/A;N/A;N/A;5;"66 hp";Zen;N/A;4;"1752 mm";N/A;N/A;N/A;N/A;N/A;N/A;N/A;N/A;N/A;N/A;N/A;N/A;N/A;N/A;N/A;N/A;N/A;"de lunes a viernes de 9y30hs a 18hs";5;1.0;Nafta;Manual;Hatchback;"Autos y camionetas";N/A;N/A;N/A;N/A;N/A;N/A;UY;N/A;N/A;N/A;N/A;N/A;N/A;N/A;N/A;N/A;N/A;N/A;N/A;N/A;N/A;N/A;N/A;N/A;N/A;N/A;N/A;N/A;N/A;N/A;N/A;N/A;N/A;N/A;N/A;N/A;N/A;N/A;N/A;N/A;N/A;N/A;N/A;N/A;N/A;N/A;N/A;N/A;N/A;N/A;N/A;N/A;N/A;N/A;N/A;N/A;N/A;N/A;N/A;N/A;N/A;N/A;N/A;N/A;N/A;N/A;N/A;N/A;N/A;N/A;N/A;N/A;N/A;N/A;N/A;N/A;N/A;N/A;N/A;N/A;N/A;N/A;N/A;N/A;N/A;N/A;N/A;N/A;N/A;N/A;N/A;N/A;N/A;N/A;N/A;N/A;N/A;N/A;N/A;N/A;N/A;N/A;N/A;N/A;N/A;N/A;N/A;N/A;N/A;N/A;N/A;N/A;N/A;N/A;N/A;N/A;N/A;N/A;N/A;N/A;N/A;N/A
Renault;Kwid;Zen;2024;"0 km";;LAUTOMOTORA;14800;;;;;"San Jacinto";https://auto.mercadolibre.com.uy/MLU-702783060-renault-kwid-zen-10-2024-0km-lautomotora-_JM;N/A;;"Renault Kwid Zen 1.0 2024 0km - Lautomotora";USD;Sí;silver;false;N/A;N/A;http://perfil.mercadolibre.com.uy/LAUTOMOTORA;active;N/A;N/A;Nuevo;Rojo;N/A;Eléctrica;N/A;Sí;Sí;N/A;N/A;N/A;N/A;Sí;N/A;N/A;N/A;N/A;N/A;Sí;N/A;N/A;N/A;N/A;N/A;N/A;N/A;N/A;N/A;N/A;N/A;N/A;N/A;"1000 cc";N/A;5;N/A;N/A;N/A;N/A;N/A;N/A;N/A;N/A;N/A;N/A;N/A;N/A;N/A;N/A;N/A;N/A;N/A;N/A;N/A;N/A;N/A;N/A;N/A;N/A;N/A;Sí;N/A;N/A;N/A;N/A;N/A;N/A;N/A;N/A;N/A;N/A;Sí;N/A;N/A;N/A;N/A;N/A;N/A;N/A;N/A;N/A;N/A;N/A;N/A;N/A;N/A;N/A;"68 hp";Zen;N/A;N/A;N/A;"15 km/l";N/A;N/A;N/A;N/A;N/A;N/A;N/A;N/A;N/A;N/A;"18 km/l";N/A;N/A;N/A;N/A;N/A;"Lunes a viernes de 9 a 13 y de 14 a 19 hs";5;1.0;Nafta;Manual;Hatchback;"Autos y camionetas";No;N/A;N/A;N/A;No;N/A;N/A;No;Sí;No;No;N/A;N/A;N/A;N/A;N/A;N/A;N/A;N/A;N/A;N/A;N/A;N/A;N/A;N/A;N/A;N/A;N/A;N/A;N/A;N/A;N/A;N/A;N/A;N/A;N/A;N/A;N/A;N/A;N/A;N/A;N/A;N/A;Sí;N/A;N/A;N/A;N/A;N/A;N/A;N/A;N/A;N/A;N/A;N/A;N/A;N/A;N/A;N/A;N/A;N/A;Sí;No;N/A;N/A;N/A;N/A;N/A;N/A;N/A;N/A;N/A;N/A;N/A;N/A;N/A;N/A;N/A;N/A;N/A;N/A;N/A;N/A;N/A;N/A;N/A;N/A;N/A;N/A;N/A;N/A;N/A;N/A;N/A;N/A;N/A;Sí;Sí;N/A;N/A;Sí;N/A;Sí;N/A;Sí;Sí;N/A;N/A;N/A;N/A;Sí;N/A;N/A;N/A;Sí;Sí;Sí;N/A;N/A;Sí;N/A;Sí
Renault;Scénic;"1.6 Rxe Privilege";2006;"220000 km";;AUTOMOVILESPUNTOCAR;5900;;;;;"La Blanqueada";https://auto.mercadolibre.com.uy/MLU-702860742-renault-scenic-full-_JM;N/A;;"Renault Scenic Full";usd;No;silver;false;N/A;N/A;http://perfil.mercadolibre.com.uy/AUTOMOVILESPUNTOCAR;active;N/A;N/A;Usado;Gris;N/A;Hidráulica;Delantera;Sí;N/A;N/A;N/A;N/A;N/A;N/A;N/A;N/A;N/A;N/A;N/A;N/A;N/A;N/A;N/A;N/A;N/A;N/A;N/A;N/A;N/A;N/A;N/A;N/A;"2580 mm";"1.6 L";"60 L";5;N/A;N/A;N/A;N/A;N/A;N/A;N/A;N/A;N/A;N/A;N/A;N/A;N/A;N/A;N/A;N/A;N/A;N/A;N/A;N/A;N/A;N/A;N/A;N/A;N/A;N/A;N/A;N/A;N/A;N/A;N/A;N/A;N/A;N/A;N/A;N/A;N/A;N/A;N/A;N/A;N/A;N/A;N/A;N/A;N/A;"1675 mm";"4169 mm";N/A;N/A;N/A;N/A;5;"110 hp";Privilege;N/A;4;"1810 mm";N/A;N/A;N/A;N/A;N/A;N/A;N/A;N/A;N/A;N/A;N/A;N/A;N/A;N/A;N/A;N/A;N/A;"de lunes a viernes de 9y30hs a 18hs";5;1.6;Nafta;Manual;SUV;"Autos y camionetas";N/A;N/A;N/A;N/A;N/A;N/A;UY;N/A;N/A;N/A;N/A;N/A;N/A;N/A;N/A;N/A;N/A;N/A;N/A;N/A;N/A;N/A;N/A;N/A;N/A;N/A;N/A;N/A;N/A;N/A;N/A;N/A;N/A;N/A;N/A;N/A;N/A;N/A;N/A;N/A;N/A;N/A;N/A;N/A;N/A;N/A;N/A;N/A;N/A;N/A;N/A;N/A;N/A;N/A;N/A;N/A;N/A;N/A;N/A;N/A;N/A;N/A;N/A;N/A;N/A;N/A;N/A;N/A;N/A;N/A;N/A;N/A;N/A;N/A;N/A;N/A;N/A;N/A;N/A;N/A;N/A;N/A;N/A;N/A;N/A;N/A;N/A;N/A;N/A;N/A;N/A;N/A;N/A;N/A;N/A;N/A;N/A;N/A;N/A;N/A;N/A;N/A;N/A;N/A;N/A;N/A;N/A;N/A;N/A;N/A;N/A;N/A;N/A;N/A;N/A;N/A;N/A;N/A;N/A;N/A;N/A;N/A
Renault;Captur;"0.9 Tce90 Expression";2017;"110000 km";;"POCITOS GARAGE";14900;;;;;Pocitos;https://auto.mercadolibre.com.uy/MLU-700501570-renault-captur-09-tce90-expression-_JM;N/A;;"Renault Captur 0.9 Tce90 Expression";usd;Sí;silver;false;N/A;N/A;http://perfil.mercadolibre.com.uy/POCITOS+GARAGE;active;N/A;N/A;Usado;Negro;N/A;Hidráulica;Delantera;Sí;N/A;N/A;N/A;N/A;N/A;N/A;N/A;N/A;N/A;N/A;N/A;N/A;N/A;N/A;N/A;N/A;N/A;N/A;N/A;N/A;N/A;N/A;N/A;N/A;"2606 mm";"0.9 L";"45 L";5;N/A;N/A;N/A;N/A;N/A;N/A;N/A;N/A;N/A;N/A;N/A;N/A;N/A;N/A;N/A;N/A;N/A;N/A;N/A;N/A;N/A;N/A;N/A;N/A;N/A;N/A;N/A;N/A;N/A;N/A;N/A;N/A;N/A;N/A;N/A;N/A;N/A;N/A;N/A;N/A;N/A;N/A;N/A;N/A;N/A;"1566 mm";"4122 mm";N/A;N/A;N/A;N/A;5;"90 hp";Expression;N/A;4;"1778 mm";N/A;N/A;N/A;N/A;N/A;N/A;N/A;N/A;N/A;N/A;N/A;N/A;N/A;N/A;N/A;N/A;N/A;N/A;5;0.9;Nafta;Manual;Hatchback;"Autos y camionetas";N/A;N/A;N/A;N/A;N/A;N/A;UY;N/A;N/A;N/A;N/A;N/A;N/A;N/A;N/A;N/A;N/A;N/A;N/A;N/A;N/A;N/A;N/A;N/A;N/A;N/A;N/A;N/A;N/A;N/A;N/A;N/A;N/A;N/A;N/A;N/A;N/A;N/A;N/A;N/A;N/A;N/A;N/A;N/A;N/A;N/A;N/A;N/A;N/A;N/A;N/A;N/A;N/A;N/A;N/A;N/A;N/A;N/A;N/A;N/A;N/A;N/A;N/A;N/A;N/A;N/A;N/A;N/A;N/A;N/A;N/A;N/A;N/A;N/A;N/A;N/A;N/A;N/A;N/A;N/A;N/A;N/A;N/A;N/A;N/A;N/A;N/A;N/A;N/A;N/A;N/A;N/A;N/A;N/A;N/A;N/A;N/A;N/A;N/A;N/A;N/A;N/A;N/A;N/A;N/A;N/A;N/A;N/A;N/A;N/A;N/A;N/A;N/A;N/A;N/A;N/A;N/A;N/A;N/A;N/A;N/A;N/A
Renault;Duster;"1.3 TURBO ICONIC PLUS OUTSIDER CVT";2025;"0 km";;"OSCARPISANO RENAULT-NISSAN";31800;;;;;Sayago;https://auto.mercadolibre.com.uy/MLU-646495855-renault-duster-13-turbo-iconic-plus-outsider-cvt-13-0km-_JM;N/A;;"Renault Duster 1.3 Turbo Iconic Plus Outsider Cvt 1.3  0km";USD;Sí;silver;false;N/A;N/A;http://perfil.mercadolibre.com.uy/OSCARPISANO+RENAULT-NISSAN;active;N/A;N/A;Nuevo;N/A;N/A;Eléctrica;N/A;Sí;Sí;Sí;N/A;Sí;N/A;Sí;Sí;Sí;Sí;Sí;Sí;Sí;N/A;Sí;N/A;N/A;N/A;N/A;N/A;N/A;N/A;N/A;N/A;N/A;N/A;"1300 cc";N/A;8;N/A;N/A;Sí;Sí;Sí;Sí;N/A;N/A;N/A;N/A;N/A;N/A;N/A;N/A;N/A;N/A;N/A;N/A;N/A;N/A;N/A;N/A;N/A;Sí;N/A;Sí;N/A;N/A;N/A;Sí;N/A;N/A;N/A;N/A;N/A;N/A;Sí;N/A;N/A;N/A;N/A;N/A;Sí;N/A;N/A;N/A;N/A;N/A;N/A;N/A;N/A;N/A;"156 hp";N/A;N/A;N/A;N/A;"10 km/l";N/A;N/A;Sí;Sí;Sí;Sí;Sí;Sí;N/A;N/A;"14 km/l";N/A;N/A;N/A;N/A;Sí;"Lun. a Sáb. de 9:30 a 18:30 hs. Dom. de 9:30 a 13 hs";4;1.3;Nafta;Automática;SUV;"Autos y camionetas";No;N/A;N/A;N/A;No;N/A;N/A;No;Sí;No;No;N/A;N/A;N/A;N/A;N/A;N/A;N/A;N/A;N/A;N/A;N/A;N/A;N/A;N/A;N/A;N/A;N/A;N/A;N/A;N/A;N/A;N/A;N/A;N/A;N/A;N/A;N/A;N/A;N/A;N/A;N/A;N/A;Sí;N/A;N/A;N/A;N/A;N/A;N/A;N/A;N/A;N/A;N/A;N/A;N/A;N/A;N/A;N/A;N/A;N/A;Sí;No;N/A;N/A;N/A;N/A;N/A;N/A;N/A;N/A;N/A;N/A;N/A;N/A;N/A;N/A;N/A;N/A;N/A;N/A;N/A;N/A;N/A;N/A;N/A;N/A;N/A;N/A;N/A;N/A;N/A;N/A;N/A;N/A;N/A;Sí;Sí;Sí;Sí;Sí;Sí;Sí;N/A;Sí;Sí;Sí;N/A;N/A;N/A;Sí;Sí;Sí;N/A;Sí;N/A;Sí;N/A;N/A;Sí;Sí;Sí
Renault;Kwid;"1.0 Sce 66cv Outsider";2021;"7500 km";;"POCITOS GARAGE";13900;;;;;Pocitos;https://auto.mercadolibre.com.uy/MLU-646302037-renault-kwid-10-sce-66cv-outsider-_JM;N/A;;"Renault Kwid 1.0 Sce 66cv Outsider";usd;Sí;silver;false;N/A;N/A;http://perfil.mercadolibre.com.uy/POCITOS+GARAGE;active;N/A;N/A;Usado;Blanco;Sí;Eléctrica;Delantera;N/A;N/A;Sí;N/A;N/A;N/A;N/A;N/A;N/A;N/A;N/A;N/A;N/A;N/A;N/A;N/A;N/A;N/A;N/A;N/A;N/A;N/A;N/A;N/A;N/A;"2423 mm";"1 L";"50 L";5;N/A;N/A;N/A;N/A;N/A;N/A;N/A;N/A;N/A;N/A;N/A;N/A;N/A;N/A;N/A;N/A;N/A;N/A;N/A;N/A;N/A;N/A;N/A;N/A;N/A;N/A;N/A;N/A;N/A;N/A;N/A;N/A;N/A;N/A;N/A;N/A;N/A;N/A;N/A;N/A;N/A;N/A;N/A;N/A;N/A;"1474 mm";"3680 mm";N/A;N/A;N/A;N/A;5;"66 hp";Outsider;N/A;4;"1752 mm";N/A;N/A;N/A;N/A;N/A;N/A;N/A;N/A;N/A;N/A;N/A;N/A;N/A;N/A;N/A;N/A;N/A;N/A;5;1.0;Nafta;Manual;Hatchback;"Autos y camionetas";N/A;N/A;N/A;N/A;N/A;N/A;UY;N/A;N/A;N/A;N/A;N/A;N/A;N/A;N/A;N/A;N/A;N/A;N/A;N/A;N/A;N/A;N/A;N/A;N/A;N/A;N/A;N/A;N/A;N/A;N/A;N/A;N/A;N/A;N/A;N/A;N/A;N/A;N/A;N/A;N/A;N/A;N/A;N/A;N/A;N/A;N/A;N/A;N/A;N/A;N/A;N/A;N/A;N/A;N/A;N/A;N/A;N/A;N/A;N/A;N/A;N/A;N/A;N/A;N/A;N/A;N/A;N/A;N/A;N/A;N/A;N/A;N/A;N/A;N/A;N/A;N/A;N/A;N/A;N/A;N/A;N/A;N/A;N/A;N/A;N/A;N/A;N/A;N/A;N/A;N/A;N/A;N/A;N/A;N/A;N/A;N/A;N/A;N/A;N/A;N/A;N/A;N/A;N/A;N/A;N/A;N/A;N/A;N/A;N/A;N/A;N/A;N/A;N/A;N/A;N/A;N/A;N/A;N/A;N/A;N/A;N/A
Renault;Duster;"2.0 4x2 Luxe 138cv";2012;"135000 km";;SOCA2950916;9500;;;;;"Paso de la Arena";https://auto.mercadolibre.com.uy/MLU-699503970-renault-duster-20-4x2-luxe-138cv-_JM;N/A;;"Renault Duster 2.0 4x2 Luxe 138cv";usd;Sí;silver;false;N/A;N/A;http://perfil.mercadolibre.com.uy/SOCA2950916;active;N/A;N/A;Usado;Azul;N/A;Hidráulica;4x2;N/A;N/A;Sí;N/A;N/A;N/A;N/A;N/A;N/A;N/A;N/A;N/A;N/A;N/A;N/A;N/A;N/A;N/A;N/A;N/A;N/A;N/A;N/A;N/A;N/A;"2673 mm";"2 L";"50 L";6;N/A;N/A;N/A;N/A;N/A;N/A;N/A;N/A;N/A;N/A;N/A;N/A;N/A;N/A;N/A;N/A;N/A;N/A;N/A;N/A;N/A;N/A;N/A;N/A;N/A;N/A;N/A;N/A;N/A;N/A;N/A;N/A;N/A;Sí;Sí;N/A;N/A;N/A;N/A;N/A;N/A;N/A;N/A;N/A;N/A;"1695 mm";"4315 mm";N/A;N/A;N/A;N/A;5;"138 hp";Luxe;N/A;4;"1822 mm";"10.2 km/l";N/A;N/A;N/A;Sí;N/A;N/A;Sí;N/A;N/A;N/A;N/A;N/A;N/A;N/A;N/A;N/A;N/A;5;2.0;Nafta;Manual;SUV;"Autos y camionetas";N/A;N/A;N/A;N/A;N/A;N/A;UY;N/A;N/A;N/A;N/A;N/A;N/A;N/A;N/A;N/A;N/A;N/A;N/A;N/A;N/A;N/A;N/A;N/A;N/A;N/A;N/A;N/A;N/A;N/A;N/A;N/A;N/A;N/A;N/A;N/A;N/A;N/A;N/A;N/A;N/A;N/A;N/A;N/A;N/A;N/A;N/A;N/A;N/A;N/A;N/A;N/A;N/A;N/A;N/A;N/A;N/A;N/A;N/A;N/A;N/A;N/A;N/A;N/A;N/A;N/A;N/A;N/A;N/A;N/A;N/A;N/A;N/A;N/A;N/A;N/A;N/A;N/A;N/A;N/A;N/A;N/A;N/A;N/A;N/A;N/A;N/A;N/A;N/A;N/A;N/A;N/A;N/A;N/A;N/A;N/A;N/A;N/A;N/A;N/A;N/A;N/A;N/A;N/A;N/A;N/A;N/A;N/A;N/A;N/A;N/A;N/A;Sí;N/A;N/A;N/A;N/A;N/A;N/A;N/A;N/A;N/A
Renault;"Sandero Stepway";Privilege;2014;"185000 km";;"KIA MOTORSPANDO";9900;;;;;Pando;https://auto.mercadolibre.com.uy/MLU-698766816-renault-sandero-stepway-privilege-16-2014-muy-buen-estado-_JM;N/A;;"Renault Sandero Stepway Privilege 1.6 2014 Muy Buen Estado!";usd;Sí;silver;false;N/A;N/A;http://perfil.mercadolibre.com.uy/KIA+MOTORSPANDO;active;N/A;N/A;Usado;Blanco;N/A;Hidráulica;Delantera;Sí;N/A;Sí;N/A;N/A;N/A;N/A;N/A;Sí;N/A;N/A;N/A;N/A;N/A;Sí;N/A;N/A;N/A;N/A;N/A;N/A;N/A;N/A;N/A;N/A;N/A;"1600 cc";N/A;N/A;N/A;N/A;N/A;N/A;N/A;N/A;N/A;N/A;N/A;N/A;N/A;N/A;N/A;N/A;N/A;N/A;N/A;N/A;N/A;N/A;N/A;N/A;N/A;N/A;N/A;Sí;N/A;N/A;N/A;N/A;N/A;N/A;N/A;N/A;N/A;N/A;N/A;N/A;N/A;N/A;N/A;N/A;N/A;N/A;N/A;N/A;N/A;N/A;N/A;N/A;N/A;N/A;"112 hp";Privilege;N/A;N/A;N/A;"13 km/l";N/A;N/A;N/A;N/A;N/A;N/A;N/A;N/A;N/A;N/A;"15 km/l";N/A;N/A;N/A;N/A;N/A;"Lun. a Vie. de 8:30 a 18:30 hs. Sáb. de 8:30 a 12:30 hs";4;1.6;Nafta;Manual;SUV;"Autos y camionetas";No;N/A;N/A;N/A;No;N/A;UY;No;Sí;No;No;N/A;N/A;N/A;N/A;N/A;N/A;N/A;N/A;N/A;N/A;N/A;N/A;N/A;N/A;N/A;N/A;N/A;N/A;N/A;N/A;N/A;N/A;N/A;N/A;N/A;N/A;N/A;N/A;N/A;N/A;N/A;N/A;N/A;N/A;N/A;N/A;N/A;N/A;N/A;N/A;N/A;N/A;N/A;N/A;N/A;N/A;N/A;N/A;N/A;N/A;N/A;No;N/A;N/A;N/A;N/A;N/A;N/A;N/A;N/A;N/A;N/A;N/A;N/A;N/A;N/A;N/A;N/A;N/A;N/A;N/A;N/A;N/A;N/A;N/A;N/A;N/A;N/A;N/A;N/A;N/A;N/A;N/A;N/A;N/A;N/A;Sí;N/A;N/A;Sí;N/A;N/A;N/A;N/A;Sí;N/A;N/A;N/A;N/A;N/A;N/A;N/A;N/A;Sí;Sí;Sí;N/A;N/A;N/A;N/A;Sí
Renault;Master;"2.3 L1h1 Aa";2022;"180000 km";;LAPAZMOTORSAUTOMOVILES;30900;;;;;"Aeropuerto Internacional De Carrasco";https://auto.mercadolibre.com.uy/MLU-645975053-renault-master-23-l1h1-aa-_JM;N/A;;"Renault Master 2.3 L1h1 Aa";usd;Sí;silver;false;N/A;N/A;http://perfil.mercadolibre.com.uy/LAPAZMOTORSAUTOMOVILES;active;N/A;N/A;Usado;Gris;N/A;Hidráulica;Delantera;Sí;N/A;N/A;N/A;N/A;N/A;N/A;N/A;N/A;N/A;N/A;N/A;N/A;N/A;N/A;N/A;N/A;N/A;N/A;N/A;N/A;N/A;N/A;N/A;N/A;"3578 mm";"2.3 L";"100 L";6;N/A;N/A;N/A;N/A;N/A;N/A;N/A;N/A;N/A;N/A;N/A;N/A;N/A;N/A;N/A;N/A;N/A;N/A;N/A;N/A;N/A;N/A;N/A;N/A;N/A;N/A;N/A;N/A;N/A;N/A;N/A;N/A;N/A;N/A;N/A;N/A;N/A;N/A;N/A;N/A;N/A;N/A;N/A;N/A;N/A;"2303 mm";"5048 mm";N/A;N/A;N/A;N/A;3;"130 hp";2.3;N/A;4;"1990 mm";N/A;N/A;N/A;N/A;N/A;N/A;N/A;N/A;N/A;N/A;N/A;N/A;N/A;N/A;N/A;N/A;N/A;N/A;3;2.3;Diésel;Manual;Furgón;"Autos y camionetas";N/A;N/A;N/A;N/A;N/A;N/A;UY;N/A;Sí;N/A;N/A;N/A;N/A;N/A;N/A;N/A;N/A;N/A;N/A;N/A;N/A;N/A;N/A;N/A;N/A;N/A;N/A;N/A;N/A;N/A;N/A;N/A;N/A;N/A;N/A;N/A;N/A;N/A;N/A;N/A;N/A;N/A;N/A;N/A;N/A;N/A;N/A;N/A;N/A;N/A;N/A;N/A;N/A;N/A;N/A;N/A;N/A;N/A;N/A;N/A;N/A;N/A;Sí;N/A;N/A;N/A;N/A;N/A;N/A;N/A;N/A;N/A;N/A;N/A;N/A;N/A;N/A;N/A;N/A;N/A;N/A;N/A;N/A;N/A;N/A;N/A;N/A;N/A;N/A;N/A;N/A;N/A;N/A;N/A;N/A;N/A;N/A;N/A;N/A;N/A;N/A;N/A;N/A;N/A;N/A;N/A;N/A;N/A;N/A;N/A;N/A;N/A;N/A;N/A;N/A;N/A;N/A;N/A;N/A;N/A;N/A;N/A
Renault;Sandero;Privilege;2018;"130000 km";;CLAUDIOS-MOTORS;11990;;;;;"San Jacinto";https://auto.mercadolibre.com.uy/MLU-698276518-renault-sandero-privilege-16-2018-claudios-motors-_JM;N/A;;"Renault Sandero Privilege 1.6 2018 - Claudio's Motors";usd;Sí;silver;false;N/A;N/A;http://perfil.mercadolibre.com.uy/CLAUDIOS-MOTORS;active;N/A;N/A;Usado;Negro;N/A;Hidráulica;N/A;N/A;N/A;Sí;N/A;N/A;N/A;Sí;Sí;N/A;N/A;Sí;Sí;Sí;N/A;Sí;N/A;N/A;N/A;N/A;N/A;N/A;N/A;N/A;N/A;N/A;N/A;"1600 cc";N/A;5;N/A;N/A;N/A;N/A;N/A;N/A;N/A;N/A;N/A;N/A;N/A;N/A;N/A;N/A;N/A;N/A;N/A;N/A;N/A;N/A;N/A;N/A;N/A;Sí;N/A;Sí;N/A;N/A;N/A;N/A;N/A;N/A;N/A;N/A;N/A;N/A;Sí;N/A;N/A;N/A;N/A;N/A;N/A;N/A;N/A;N/A;N/A;N/A;N/A;N/A;N/A;N/A;"112 hp";Privilege;N/A;N/A;N/A;"14 km/l";N/A;N/A;Sí;N/A;Sí;Sí;Sí;Sí;N/A;N/A;"16 km/l";N/A;N/A;N/A;N/A;Sí;"Lun. a Vie. de 9 a 13 y de 14 a 19 hs";5;1.6;Nafta;Manual;Hatchback;"Autos y camionetas";No;N/A;N/A;N/A;No;N/A;UY;No;Sí;No;No;N/A;N/A;N/A;N/A;N/A;N/A;N/A;N/A;N/A;N/A;N/A;N/A;N/A;N/A;N/A;N/A;N/A;N/A;N/A;N/A;N/A;N/A;N/A;N/A;N/A;N/A;N/A;N/A;N/A;N/A;N/A;N/A;N/A;N/A;N/A;N/A;N/A;N/A;N/A;N/A;N/A;N/A;N/A;N/A;N/A;N/A;N/A;N/A;N/A;N/A;N/A;No;N/A;N/A;N/A;N/A;N/A;N/A;N/A;N/A;N/A;N/A;N/A;N/A;N/A;N/A;N/A;N/A;N/A;N/A;N/A;N/A;N/A;N/A;N/A;N/A;N/A;N/A;N/A;N/A;N/A;Sí;N/A;N/A;N/A;Sí;N/A;Sí;N/A;Sí;N/A;Sí;N/A;Sí;Sí;N/A;N/A;N/A;N/A;N/A;Sí;Sí;N/A;Sí;Sí;Sí;N/A;N/A;Sí;N/A;Sí
Renault;Oroch;"1.6 Sce Zen 2Wd Mt";2020;"96000 km";;SOCA2950916;12500;;;;;"Paso de la Arena";https://auto.mercadolibre.com.uy/MLU-645738521-camioneta-_JM;N/A;;Camioneta;USD;Sí;silver;false;N/A;N/A;http://perfil.mercadolibre.com.uy/SOCA2950916;active;N/A;N/A;Usado;Blanco;No;Hidráulica;4x2;N/A;N/A;N/A;N/A;N/A;N/A;N/A;N/A;N/A;N/A;N/A;N/A;N/A;N/A;N/A;N/A;N/A;N/A;N/A;N/A;N/A;N/A;N/A;N/A;N/A;N/A;N/A;N/A;N/A;N/A;N/A;N/A;N/A;N/A;N/A;N/A;N/A;N/A;N/A;N/A;N/A;N/A;N/A;N/A;N/A;N/A;N/A;N/A;N/A;N/A;N/A;N/A;N/A;N/A;N/A;N/A;N/A;N/A;N/A;N/A;N/A;N/A;N/A;N/A;N/A;N/A;N/A;N/A;N/A;N/A;N/A;N/A;N/A;N/A;N/A;N/A;N/A;N/A;N/A;N/A;N/A;N/A;N/A;N/A;N/A;N/A;N/A;N/A;N/A;N/A;N/A;N/A;N/A;N/A;N/A;N/A;N/A;N/A;N/A;N/A;N/A;N/A;N/A;N/A;4;1.6;Nafta;Manual;N/A;"Autos y camionetas";N/A;N/A;N/A;N/A;N/A;N/A;N/A;N/A;N/A;N/A;N/A;N/A;N/A;N/A;N/A;N/A;N/A;N/A;N/A;N/A;N/A;N/A;N/A;N/A;N/A;N/A;N/A;N/A;N/A;N/A;N/A;N/A;N/A;N/A;N/A;N/A;N/A;N/A;N/A;N/A;N/A;N/A;N/A;N/A;N/A;N/A;N/A;N/A;N/A;N/A;N/A;N/A;N/A;N/A;N/A;N/A;N/A;N/A;N/A;N/A;N/A;N/A;N/A;N/A;N/A;N/A;N/A;N/A;N/A;N/A;N/A;N/A;N/A;N/A;N/A;N/A;N/A;N/A;N/A;N/A;N/A;N/A;N/A;N/A;N/A;N/A;N/A;N/A;N/A;N/A;N/A;N/A;N/A;N/A;N/A;N/A;N/A;N/A;N/A;N/A;N/A;N/A;N/A;N/A;N/A;N/A;N/A;N/A;N/A;N/A;N/A;N/A;N/A;N/A;N/A;N/A;N/A;N/A;N/A;N/A;N/A;N/A
Renault;Clio;"0.9 Iv Tce90 Intense";2021;"62318 km";;"KIA MOTORSPANDO";18800;;;;;Pando;https://auto.mercadolibre.com.uy/MLU-696893936-renault-clio-iv-09-iv-tce90-intense-09-2021-impecable-_JM;N/A;;"Renault Clio Iv 0.9 Iv Tce90 Intense 0.9 2021 Impecable!";usd;Sí;silver;false;N/A;N/A;http://perfil.mercadolibre.com.uy/KIA+MOTORSPANDO;active;N/A;N/A;Usado;Negro;Sí;Hidráulica;Delantera;N/A;Sí;Sí;N/A;N/A;N/A;Sí;Sí;N/A;N/A;Sí;N/A;Sí;N/A;Sí;N/A;N/A;N/A;N/A;N/A;N/A;N/A;N/A;N/A;N/A;N/A;"900 cc";N/A;5;N/A;N/A;N/A;Sí;N/A;Sí;N/A;N/A;N/A;N/A;N/A;N/A;N/A;N/A;N/A;N/A;N/A;N/A;N/A;N/A;N/A;N/A;N/A;Sí;N/A;Sí;N/A;N/A;N/A;N/A;N/A;N/A;N/A;N/A;N/A;N/A;N/A;N/A;N/A;N/A;N/A;N/A;Sí;N/A;N/A;N/A;N/A;N/A;N/A;N/A;N/A;N/A;"90 hp";Intense;N/A;N/A;N/A;"16 km/l";N/A;N/A;Sí;N/A;Sí;N/A;Sí;N/A;N/A;Sí;"18 km/l";N/A;N/A;N/A;N/A;N/A;"Lun. a Vie. de 8:30 a 18:30 hs. Sáb. de 8:30 a 12:30 hs";4;0.9;Nafta;Manual;Hatchback;"Autos y camionetas";No;N/A;N/A;N/A;No;N/A;UY;No;Sí;No;No;N/A;N/A;N/A;N/A;N/A;N/A;N/A;N/A;N/A;N/A;N/A;N/A;N/A;N/A;N/A;N/A;N/A;N/A;N/A;N/A;N/A;N/A;N/A;N/A;Sí;N/A;N/A;N/A;N/A;N/A;N/A;N/A;N/A;N/A;N/A;N/A;N/A;N/A;N/A;N/A;N/A;N/A;N/A;N/A;N/A;N/A;Sí;N/A;N/A;N/A;N/A;No;N/A;N/A;N/A;N/A;N/A;N/A;N/A;Sí;N/A;N/A;N/A;N/A;N/A;N/A;N/A;N/A;N/A;N/A;N/A;N/A;N/A;N/A;N/A;N/A;N/A;N/A;N/A;N/A;N/A;Sí;N/A;N/A;N/A;Sí;N/A;Sí;Sí;Sí;Sí;Sí;N/A;Sí;Sí;N/A;N/A;N/A;N/A;Sí;Sí;N/A;N/A;N/A;N/A;N/A;N/A;N/A;N/A;N/A;N/A
Renault;Kangoo;"Furgon Fase 2";2017;"173000 km";;"MINAS AUTOMOVILES.";9490;;;;;Minas;https://auto.mercadolibre.com.uy/MLU-645478825-renault-kangoo-furgon-fase-2-16-2017-minas-automoviles-_JM;N/A;;"Renault Kangoo Furgón Fase 2 1.6 2017! - Minas Automóviles";USD;Sí;silver;false;N/A;N/A;http://perfil.mercadolibre.com.uy/MINAS+AUTOMOVILES.;active;N/A;N/A;Usado;Plateado;Sí;Hidráulica;N/A;Sí;N/A;N/A;N/A;N/A;N/A;N/A;N/A;N/A;N/A;N/A;N/A;N/A;N/A;N/A;N/A;N/A;N/A;N/A;N/A;N/A;N/A;N/A;N/A;N/A;N/A;"1600 cc";N/A;5;N/A;N/A;N/A;N/A;Sí;N/A;N/A;N/A;N/A;N/A;N/A;N/A;N/A;N/A;N/A;N/A;N/A;N/A;N/A;N/A;N/A;N/A;N/A;N/A;N/A;N/A;N/A;N/A;N/A;N/A;N/A;N/A;N/A;N/A;N/A;N/A;N/A;N/A;N/A;N/A;N/A;N/A;N/A;N/A;N/A;N/A;N/A;N/A;N/A;N/A;N/A;N/A;"115 hp";N/A;N/A;N/A;N/A;"11 km/l";N/A;N/A;N/A;Sí;N/A;Sí;N/A;N/A;N/A;N/A;"14 km/l";N/A;Sí;N/A;N/A;Sí;"Lun. a Vie. de 9 a 12 y de 14 a 19 hs. Sáb. de 9 a 13 hs";5;1.6;Nafta;Manual;Furgón;"Autos y camionetas";No;N/A;N/A;N/A;No;N/A;N/A;No;Sí;No;No;N/A;N/A;N/A;N/A;N/A;N/A;N/A;N/A;N/A;N/A;N/A;N/A;N/A;N/A;N/A;N/A;N/A;N/A;N/A;N/A;N/A;N/A;N/A;N/A;N/A;N/A;N/A;N/A;N/A;N/A;N/A;N/A;N/A;N/A;N/A;N/A;N/A;N/A;N/A;N/A;N/A;N/A;N/A;N/A;N/A;N/A;N/A;N/A;N/A;N/A;N/A;No;N/A;N/A;N/A;N/A;N/A;N/A;N/A;N/A;N/A;N/A;N/A;N/A;N/A;N/A;N/A;N/A;N/A;N/A;N/A;N/A;N/A;N/A;N/A;N/A;N/A;N/A;N/A;N/A;N/A;N/A;N/A;N/A;N/A;Sí;N/A;N/A;N/A;Sí;Sí;Sí;N/A;N/A;Sí;N/A;N/A;N/A;N/A;N/A;Sí;Sí;N/A;Sí;N/A;N/A;N/A;N/A;N/A;N/A;Sí
Renault;Kwid;OUTSIDER;2023;"14275 km";;"MINAS AUTOMOVILES.";14490;;;;;Minas;https://auto.mercadolibre.com.uy/MLU-696842812-renault-kwid-outsider-10-2023-minas-automoviles-_JM;N/A;;"Renault Kwid Outsider 1.0 2023 - Minas Automóviles";usd;Sí;silver;false;N/A;N/A;http://perfil.mercadolibre.com.uy/MINAS+AUTOMOVILES.;active;N/A;N/A;Usado;Plateado;Sí;Eléctrica;N/A;Sí;Sí;N/A;N/A;N/A;N/A;Sí;N/A;Sí;Sí;Sí;N/A;Sí;N/A;Sí;N/A;N/A;N/A;N/A;N/A;N/A;N/A;N/A;N/A;N/A;N/A;"1000 cc";N/A;5;N/A;N/A;Sí;Sí;Sí;N/A;Sí;N/A;N/A;N/A;N/A;N/A;N/A;N/A;N/A;N/A;N/A;N/A;N/A;N/A;N/A;N/A;N/A;Sí;N/A;Sí;N/A;N/A;N/A;Sí;N/A;N/A;N/A;N/A;N/A;N/A;Sí;N/A;N/A;N/A;N/A;N/A;Sí;N/A;N/A;N/A;N/A;N/A;N/A;N/A;N/A;N/A;"67 hp";Outsider;N/A;N/A;N/A;"17 km/l";N/A;N/A;N/A;Sí;N/A;N/A;Sí;Sí;N/A;Sí;"20 km/l";N/A;N/A;N/A;N/A;Sí;"Lun. a Vie. de 9 a 12 y de 14 a 19 hs. Sáb. de 9 a 13 hs";5;1.0;Nafta;Manual;Hatchback;"Autos y camionetas";No;N/A;N/A;N/A;No;N/A;UY;No;Sí;No;No;N/A;N/A;N/A;N/A;N/A;N/A;N/A;N/A;N/A;N/A;N/A;N/A;N/A;N/A;N/A;N/A;N/A;N/A;N/A;N/A;N/A;N/A;N/A;N/A;N/A;N/A;N/A;N/A;N/A;N/A;N/A;N/A;N/A;N/A;N/A;N/A;N/A;N/A;N/A;N/A;N/A;N/A;N/A;N/A;N/A;N/A;N/A;N/A;N/A;N/A;N/A;No;N/A;N/A;N/A;N/A;N/A;N/A;N/A;N/A;N/A;N/A;N/A;N/A;N/A;N/A;N/A;N/A;N/A;N/A;N/A;N/A;N/A;N/A;N/A;N/A;N/A;N/A;N/A;N/A;N/A;N/A;N/A;N/A;N/A;Sí;Sí;Sí;N/A;Sí;Sí;Sí;N/A;Sí;Sí;N/A;Sí;N/A;N/A;N/A;Sí;N/A;N/A;Sí;N/A;Sí;N/A;N/A;N/A;N/A;Sí
Renault;"Sandero Stepway";"1.6 Confort 105cv";2013;"170880 km";;"RYR AUTOMOVILES";9900;;;;;"San José de Carrasco";https://auto.mercadolibre.com.uy/MLU-694631478-renault-sandero-stepway-confort-16-2013-_JM;N/A;;"Renault Sandero Stepway Confort 1.6 2013";usd;Sí;silver;false;N/A;N/A;http://perfil.mercadolibre.com.uy/RYR+AUTOMOVILES;active;N/A;N/A;Usado;Negro;N/A;Hidráulica;Delantera;Sí;Sí;N/A;N/A;N/A;N/A;N/A;N/A;N/A;N/A;N/A;N/A;Sí;N/A;N/A;N/A;N/A;N/A;N/A;N/A;N/A;N/A;N/A;N/A;N/A;"2588 mm";"1.6 L";"50 L";5;N/A;N/A;N/A;N/A;N/A;N/A;N/A;N/A;N/A;N/A;N/A;N/A;N/A;N/A;N/A;N/A;N/A;N/A;N/A;N/A;N/A;N/A;N/A;N/A;N/A;N/A;N/A;N/A;N/A;Sí;N/A;N/A;N/A;Sí;N/A;N/A;N/A;N/A;N/A;N/A;N/A;N/A;N/A;N/A;N/A;"1630 mm";"4091 mm";N/A;N/A;N/A;N/A;5;"105 hp";Confort;N/A;4;"1751 mm";"9.3 km/l";N/A;N/A;N/A;Sí;N/A;N/A;Sí;N/A;N/A;N/A;"5.9 km/l";N/A;N/A;N/A;N/A;Sí;N/A;5;1.6;Nafta;Manual;Hatchback;"Autos y camionetas";N/A;N/A;N/A;N/A;N/A;N/A;UY;N/A;Sí;N/A;N/A;N/A;N/A;N/A;N/A;N/A;N/A;N/A;N/A;N/A;N/A;N/A;N/A;N/A;N/A;N/A;N/A;N/A;N/A;N/A;N/A;N/A;N/A;N/A;N/A;N/A;N/A;N/A;N/A;N/A;N/A;N/A;N/A;N/A;N/A;N/A;N/A;N/A;N/A;N/A;N/A;N/A;N/A;N/A;N/A;N/A;N/A;N/A;N/A;N/A;N/A;N/A;Sí;N/A;N/A;N/A;N/A;N/A;N/A;N/A;N/A;N/A;N/A;N/A;N/A;N/A;N/A;N/A;N/A;N/A;N/A;N/A;N/A;N/A;N/A;N/A;N/A;N/A;N/A;N/A;N/A;N/A;N/A;N/A;N/A;N/A;Sí;Sí;Sí;N/A;N/A;N/A;N/A;N/A;N/A;Sí;N/A;N/A;Sí;N/A;N/A;N/A;Sí;N/A;Sí;Sí;Sí;N/A;N/A;Sí;N/A;Sí
Renault;Oroch;"1.3 Tce Intens 2Wd Cvt";2023;"19300 km";;TORRESYOAN20220823144150;22200;;;;;"Tres Cruces";https://auto.mercadolibre.com.uy/MLU-700532884-renault-oroch-2023-13-tce-intens-2wd-cvt-_JM;N/A;;"Renault Oroch 2023 1.3 Tce Intens 2wd Cvt";usd;Sí;silver;false;N/A;N/A;http://perfil.mercadolibre.com.uy/TORRESYOAN20220823144150;active;N/A;N/A;Usado;N/A;N/A;N/A;Delantera;N/A;N/A;N/A;N/A;N/A;N/A;N/A;N/A;N/A;N/A;N/A;N/A;N/A;N/A;N/A;N/A;N/A;N/A;N/A;N/A;N/A;N/A;N/A;N/A;N/A;"2890 mm";"1.3 L";"45 L";8;N/A;N/A;N/A;N/A;N/A;N/A;N/A;N/A;N/A;N/A;N/A;N/A;N/A;N/A;N/A;N/A;N/A;N/A;N/A;N/A;N/A;N/A;N/A;N/A;N/A;N/A;N/A;N/A;N/A;N/A;N/A;N/A;N/A;N/A;N/A;N/A;N/A;N/A;N/A;N/A;N/A;N/A;N/A;N/A;N/A;"1694 mm";"4719 mm";N/A;N/A;N/A;N/A;5;"156 hp";Intens;N/A;4;"1834 mm";N/A;N/A;N/A;N/A;N/A;N/A;N/A;N/A;N/A;N/A;N/A;N/A;N/A;N/A;N/A;N/A;N/A;N/A;4;1.3;Nafta;Automática;Pick-Up;"Autos y camionetas";N/A;N/A;N/A;N/A;N/A;N/A;UY;N/A;N/A;N/A;N/A;N/A;N/A;N/A;N/A;N/A;N/A;N/A;N/A;N/A;N/A;N/A;N/A;N/A;N/A;N/A;N/A;N/A;N/A;N/A;N/A;N/A;N/A;N/A;N/A;N/A;N/A;N/A;N/A;N/A;N/A;N/A;N/A;N/A;N/A;N/A;N/A;N/A;N/A;N/A;N/A;N/A;N/A;N/A;N/A;N/A;N/A;N/A;N/A;N/A;N/A;N/A;N/A;N/A;N/A;N/A;N/A;N/A;N/A;N/A;N/A;N/A;N/A;N/A;N/A;N/A;N/A;N/A;N/A;N/A;N/A;N/A;N/A;N/A;N/A;N/A;N/A;N/A;N/A;N/A;N/A;N/A;N/A;N/A;N/A;N/A;N/A;N/A;N/A;N/A;N/A;N/A;N/A;N/A;N/A;N/A;N/A;N/A;N/A;N/A;N/A;N/A;N/A;N/A;N/A;N/A;N/A;N/A;N/A;N/A;N/A;N/A
Renault;Oroch;"1.3 Tce Intens Outsider 2Wd Cvt";2024;"0 km";;PIDENOSA;27990;;;;;Maldonado;https://auto.mercadolibre.com.uy/MLU-643839089-nueva-oroch-intens-out-13cvt-_JM;N/A;;"Nueva Oroch Intens Out 1.3cvt";usd;Sí;silver;false;N/A;N/A;http://perfil.mercadolibre.com.uy/PIDENOSA;active;N/A;N/A;Nuevo;Blanco;N/A;N/A;Delantera;N/A;N/A;N/A;N/A;N/A;N/A;N/A;N/A;N/A;N/A;N/A;N/A;N/A;N/A;N/A;N/A;N/A;N/A;N/A;N/A;N/A;N/A;N/A;N/A;N/A;"2890 mm";"1.3 L";"45 L";8;N/A;N/A;N/A;N/A;N/A;N/A;N/A;N/A;N/A;N/A;N/A;N/A;N/A;N/A;N/A;N/A;N/A;N/A;N/A;N/A;N/A;N/A;N/A;N/A;N/A;N/A;N/A;N/A;N/A;N/A;N/A;N/A;N/A;N/A;N/A;N/A;N/A;N/A;N/A;N/A;N/A;N/A;N/A;N/A;N/A;"1694 mm";"4719 mm";N/A;N/A;N/A;N/A;5;"156 hp";"Intens Outsider";N/A;4;"1834 mm";N/A;N/A;N/A;N/A;N/A;N/A;N/A;N/A;N/A;N/A;N/A;N/A;N/A;N/A;N/A;N/A;N/A;"Lunes a Sábados de 8:30 a 18:00 hs";4;1.3;Nafta;Automática;Pick-Up;"Autos y camionetas";N/A;N/A;N/A;N/A;N/A;N/A;UY;N/A;N/A;N/A;N/A;N/A;N/A;N/A;N/A;N/A;N/A;N/A;N/A;N/A;N/A;N/A;N/A;N/A;N/A;N/A;N/A;N/A;N/A;N/A;N/A;N/A;N/A;N/A;N/A;N/A;N/A;N/A;N/A;N/A;N/A;N/A;N/A;N/A;N/A;N/A;N/A;N/A;N/A;N/A;N/A;N/A;N/A;N/A;N/A;N/A;N/A;N/A;N/A;N/A;N/A;N/A;N/A;N/A;N/A;N/A;N/A;N/A;N/A;N/A;N/A;N/A;N/A;N/A;N/A;N/A;N/A;N/A;N/A;N/A;N/A;N/A;N/A;N/A;N/A;N/A;N/A;N/A;N/A;N/A;N/A;N/A;N/A;N/A;N/A;N/A;N/A;N/A;N/A;N/A;N/A;N/A;N/A;N/A;N/A;N/A;N/A;N/A;N/A;N/A;N/A;N/A;N/A;N/A;N/A;N/A;N/A;N/A;N/A;N/A;N/A;N/A
Renault;Kwid;Zen;2024;"0 km";;LAUTOMOTORA;14800;;;;;"San Jacinto";https://auto.mercadolibre.com.uy/MLU-690771592-renault-kwid-zen-10-2024-0km-lautomotora-_JM;N/A;;"Renault Kwid Zen 1.0 2024 0km - Lautomotora";USD;Sí;silver;false;N/A;N/A;http://perfil.mercadolibre.com.uy/LAUTOMOTORA;active;N/A;N/A;Nuevo;Blanco;N/A;Eléctrica;N/A;Sí;Sí;N/A;N/A;N/A;N/A;Sí;N/A;N/A;N/A;Sí;N/A;Sí;N/A;N/A;N/A;N/A;N/A;N/A;N/A;N/A;N/A;N/A;N/A;N/A;N/A;"1000 cc";N/A;5;N/A;N/A;N/A;N/A;N/A;N/A;N/A;N/A;N/A;N/A;N/A;N/A;N/A;N/A;N/A;N/A;N/A;N/A;N/A;N/A;N/A;N/A;N/A;N/A;N/A;Sí;N/A;N/A;N/A;N/A;N/A;N/A;N/A;N/A;N/A;N/A;Sí;N/A;N/A;N/A;N/A;N/A;N/A;N/A;N/A;N/A;N/A;N/A;N/A;N/A;N/A;N/A;"68 hp";Zen;N/A;N/A;N/A;"15 km/l";N/A;N/A;N/A;N/A;N/A;Sí;N/A;N/A;N/A;N/A;"18 km/l";N/A;N/A;N/A;N/A;Sí;"Lunes a viernes de 9 a 13 y de 14 a 19 hs";5;1.0;Nafta;Manual;Hatchback;"Autos y camionetas";No;N/A;N/A;N/A;No;N/A;N/A;No;Sí;No;No;N/A;N/A;N/A;N/A;N/A;N/A;N/A;N/A;N/A;N/A;N/A;N/A;N/A;N/A;N/A;N/A;N/A;N/A;N/A;N/A;N/A;N/A;N/A;N/A;N/A;N/A;N/A;N/A;N/A;N/A;N/A;N/A;Sí;N/A;N/A;N/A;N/A;N/A;N/A;N/A;N/A;N/A;N/A;N/A;N/A;N/A;N/A;N/A;N/A;N/A;Sí;No;N/A;N/A;N/A;N/A;N/A;N/A;N/A;N/A;N/A;N/A;N/A;N/A;N/A;N/A;N/A;N/A;N/A;N/A;N/A;N/A;N/A;N/A;N/A;N/A;N/A;N/A;N/A;N/A;N/A;Sí;N/A;N/A;N/A;Sí;Sí;N/A;N/A;Sí;N/A;Sí;N/A;Sí;Sí;N/A;N/A;N/A;N/A;Sí;N/A;N/A;N/A;Sí;Sí;Sí;N/A;N/A;Sí;N/A;Sí
Renault;Clio;"full multimedia";2015;"98740 km";;AEROCAR2020;13990;;;;;"Barra de Carrasco";https://auto.mercadolibre.com.uy/MLU-702334438-renault-clio-iv-full-multimedia-12-2015-impecable-aerocar-_JM;N/A;;"Renault Clio Iv Full Multimedia 1.2 2015 Impecable! Aerocar";USD;Sí;silver;false;N/A;N/A;http://perfil.mercadolibre.com.uy/AEROCAR2020;active;N/A;N/A;Usado;Blanco;N/A;Eléctrica;N/A;Sí;Sí;Sí;N/A;N/A;N/A;N/A;N/A;N/A;N/A;Sí;N/A;Sí;N/A;N/A;N/A;N/A;N/A;N/A;N/A;N/A;N/A;N/A;N/A;N/A;N/A;"1200 cc";N/A;5;N/A;N/A;Sí;Sí;N/A;N/A;N/A;N/A;N/A;N/A;N/A;N/A;N/A;N/A;N/A;N/A;N/A;N/A;N/A;N/A;N/A;N/A;N/A;Sí;N/A;N/A;N/A;Sí;N/A;N/A;N/A;N/A;N/A;N/A;N/A;N/A;N/A;N/A;N/A;N/A;N/A;N/A;Sí;N/A;N/A;N/A;N/A;N/A;N/A;N/A;N/A;N/A;"85 hp";N/A;N/A;N/A;N/A;"16 km/l";N/A;N/A;N/A;N/A;Sí;Sí;N/A;N/A;N/A;N/A;"20 km/l";N/A;N/A;N/A;N/A;N/A;"Lun. a Vie. de 9 a 19 hs. Sáb. de 10 a 14 hs.";5;1.2;Nafta;Manual;Hatchback;"Autos y camionetas";No;N/A;N/A;N/A;No;N/A;N/A;No;Sí;No;No;N/A;N/A;N/A;N/A;N/A;N/A;N/A;N/A;N/A;N/A;N/A;N/A;N/A;N/A;N/A;N/A;N/A;N/A;N/A;N/A;N/A;N/A;N/A;N/A;N/A;N/A;N/A;N/A;N/A;N/A;N/A;N/A;N/A;N/A;N/A;N/A;N/A;N/A;N/A;N/A;N/A;N/A;N/A;N/A;N/A;N/A;N/A;N/A;N/A;N/A;N/A;No;N/A;N/A;N/A;N/A;N/A;N/A;N/A;N/A;N/A;N/A;N/A;N/A;N/A;N/A;N/A;N/A;N/A;N/A;N/A;N/A;N/A;N/A;N/A;N/A;N/A;N/A;N/A;N/A;N/A;N/A;N/A;N/A;N/A;Sí;Sí;Sí;N/A;Sí;N/A;Sí;N/A;Sí;Sí;N/A;N/A;N/A;N/A;Sí;N/A;Sí;N/A;Sí;Sí;N/A;N/A;N/A;N/A;N/A;Sí
Renault;R19;Rn;1999;"300000 km";;"PANDO AUTOMÓVILES";4200;;;;;Pando;https://auto.mercadolibre.com.uy/MLU-703670584-renault-19-rn-_JM;N/A;;"Renault 19 Rn";USD;No;silver;false;N/A;N/A;http://perfil.mercadolibre.com.uy/PANDO+AUTOM%C3%93VILES;active;N/A;N/A;Usado;Blanco;N/A;Mecánica;Delantera;N/A;N/A;N/A;N/A;N/A;N/A;N/A;N/A;N/A;N/A;N/A;N/A;N/A;N/A;N/A;N/A;N/A;N/A;N/A;N/A;N/A;N/A;N/A;N/A;N/A;N/A;N/A;N/A;N/A;N/A;N/A;N/A;N/A;N/A;N/A;N/A;N/A;N/A;N/A;N/A;N/A;N/A;N/A;N/A;N/A;N/A;N/A;N/A;N/A;N/A;N/A;N/A;N/A;N/A;N/A;N/A;N/A;N/A;N/A;N/A;N/A;N/A;N/A;N/A;N/A;N/A;N/A;N/A;N/A;N/A;N/A;N/A;N/A;N/A;N/A;N/A;N/A;N/A;N/A;N/A;N/A;N/A;N/A;N/A;N/A;N/A;N/A;N/A;N/A;N/A;N/A;N/A;N/A;N/A;N/A;N/A;N/A;N/A;N/A;N/A;N/A;N/A;N/A;"Lunes a Viernes de 9:00 a 18:00 y Sábados de 9:30 a 13:00";4;1.4;Nafta;Manual;Sedán;"Autos y camionetas";N/A;N/A;N/A;N/A;N/A;N/A;N/A;N/A;Sí;N/A;N/A;N/A;N/A;N/A;N/A;N/A;N/A;N/A;N/A;N/A;N/A;N/A;N/A;N/A;N/A;N/A;N/A;N/A;N/A;N/A;N/A;N/A;N/A;N/A;N/A;N/A;N/A;N/A;N/A;N/A;N/A;N/A;N/A;N/A;N/A;N/A;N/A;N/A;N/A;N/A;N/A;N/A;N/A;N/A;N/A;N/A;N/A;N/A;N/A;N/A;N/A;N/A;N/A;N/A;N/A;N/A;N/A;N/A;N/A;N/A;N/A;N/A;N/A;N/A;N/A;N/A;N/A;N/A;N/A;N/A;N/A;N/A;N/A;N/A;N/A;N/A;N/A;N/A;N/A;N/A;N/A;N/A;N/A;N/A;N/A;N/A;N/A;N/A;N/A;N/A;N/A;N/A;N/A;N/A;N/A;N/A;N/A;N/A;N/A;N/A;N/A;N/A;N/A;N/A;N/A;N/A;N/A;N/A;N/A;N/A;N/A;N/A
Renault;"Duster Oroch";Intense;2024;"0 km";;LAUTOMOTORA;26500;;;;;"San Jacinto";https://auto.mercadolibre.com.uy/MLU-639988419-renault-oroch-intense-13-2024-0km-lautomotora-_JM;N/A;;"Renault Oroch Intense 1.3 2024 0km - Lautomotora";USD;Sí;silver;false;N/A;N/A;http://perfil.mercadolibre.com.uy/LAUTOMOTORA;active;N/A;N/A;Nuevo;"Gris oscuro";N/A;Hidráulica;N/A;Sí;Sí;Sí;N/A;Sí;N/A;Sí;Sí;N/A;Sí;Sí;Sí;Sí;N/A;N/A;N/A;N/A;N/A;N/A;N/A;N/A;N/A;N/A;N/A;N/A;N/A;"1300 cc";N/A;8;N/A;N/A;Sí;Sí;Sí;N/A;N/A;N/A;N/A;N/A;N/A;N/A;N/A;N/A;N/A;N/A;N/A;N/A;N/A;N/A;N/A;N/A;N/A;Sí;N/A;Sí;N/A;N/A;N/A;N/A;N/A;N/A;N/A;N/A;N/A;N/A;N/A;N/A;N/A;N/A;N/A;N/A;Sí;N/A;N/A;N/A;N/A;N/A;N/A;N/A;N/A;N/A;"156 hp";N/A;N/A;N/A;N/A;N/A;N/A;N/A;Sí;N/A;Sí;Sí;Sí;N/A;N/A;N/A;N/A;N/A;N/A;N/A;Sí;N/A;"Lunes a viernes de 9 a 13 y de 14 a 19 hs";4;1.3;Nafta;Automática;Pick-Up;"Autos y camionetas";No;N/A;N/A;N/A;No;N/A;N/A;No;Sí;No;No;N/A;N/A;N/A;N/A;N/A;N/A;N/A;N/A;N/A;N/A;N/A;N/A;N/A;Sí;N/A;N/A;N/A;N/A;N/A;N/A;N/A;N/A;N/A;N/A;Sí;N/A;N/A;N/A;N/A;N/A;N/A;N/A;Sí;N/A;N/A;N/A;N/A;N/A;N/A;N/A;N/A;N/A;N/A;N/A;N/A;N/A;Sí;N/A;N/A;N/A;Sí;No;N/A;N/A;N/A;N/A;N/A;N/A;N/A;N/A;N/A;N/A;N/A;N/A;N/A;N/A;N/A;N/A;N/A;N/A;N/A;N/A;N/A;N/A;N/A;N/A;N/A;N/A;N/A;N/A;N/A;Sí;N/A;N/A;N/A;Sí;Sí;Sí;N/A;Sí;Sí;Sí;N/A;Sí;Sí;N/A;N/A;N/A;N/A;N/A;Sí;Sí;N/A;Sí;Sí;Sí;N/A;N/A;Sí;N/A;Sí
Renault;"Duster Oroch";"2.0 Privilege";2018;"149111 km";;"PANDO AUTOMÓVILES";15900;;;;;Pando;https://auto.mercadolibre.com.uy/MLU-644642845-renault-oroch-20-_JM;N/A;;"Renault Oroch 2.0";usd;Sí;silver;false;N/A;N/A;http://perfil.mercadolibre.com.uy/PANDO+AUTOM%C3%93VILES;active;N/A;N/A;Usado;Plateado;N/A;Hidráulica;4x2;Sí;N/A;N/A;N/A;N/A;N/A;N/A;N/A;N/A;N/A;N/A;N/A;N/A;N/A;N/A;N/A;N/A;N/A;N/A;N/A;N/A;N/A;N/A;N/A;N/A;"2829 mm";"2 L";"50 L";6;N/A;N/A;N/A;N/A;N/A;N/A;N/A;N/A;N/A;N/A;N/A;N/A;N/A;N/A;N/A;N/A;N/A;N/A;N/A;N/A;N/A;N/A;N/A;N/A;N/A;N/A;N/A;N/A;N/A;N/A;N/A;N/A;N/A;N/A;N/A;N/A;N/A;N/A;N/A;N/A;N/A;N/A;N/A;N/A;N/A;"1683 mm";"4329 mm";N/A;N/A;N/A;N/A;5;"143 hp";Privilege;N/A;4;"1821 mm";"10.8 km/l";N/A;N/A;N/A;N/A;N/A;N/A;N/A;N/A;N/A;N/A;N/A;N/A;N/A;N/A;N/A;N/A;"Lunes a Viernes de 9:00 a 18:00 y Sábados de 9:30 a 13:00";5;2.0;Nafta;Manual;SUV;"Autos y camionetas";N/A;N/A;N/A;N/A;N/A;N/A;UY;N/A;N/A;N/A;N/A;N/A;N/A;N/A;N/A;N/A;N/A;N/A;N/A;N/A;N/A;N/A;N/A;N/A;N/A;N/A;N/A;N/A;N/A;N/A;N/A;N/A;N/A;N/A;N/A;N/A;N/A;N/A;N/A;N/A;N/A;N/A;N/A;N/A;N/A;N/A;N/A;N/A;N/A;N/A;N/A;N/A;N/A;N/A;N/A;N/A;N/A;N/A;N/A;N/A;N/A;N/A;N/A;N/A;N/A;N/A;N/A;N/A;N/A;N/A;N/A;N/A;N/A;N/A;N/A;N/A;N/A;N/A;N/A;N/A;N/A;N/A;N/A;N/A;N/A;N/A;N/A;N/A;N/A;N/A;N/A;N/A;N/A;N/A;N/A;N/A;N/A;N/A;N/A;N/A;N/A;N/A;N/A;N/A;N/A;N/A;N/A;N/A;N/A;N/A;N/A;N/A;N/A;N/A;N/A;N/A;N/A;N/A;N/A;N/A;N/A;N/A
Renault;"Kangoo Express";"Confort 1.5 Diesel";2024;"0 km";;RENAULTPUNTADELESTE;30488;;;;;"Punta del Este";https://auto.mercadolibre.com.uy/MLU-671168220-nueva-kangoo-confort-diesel-15-entrega-inmediata-_JM;N/A;;"Nueva Kangoo Confort Diesel 1.5 - Entrega Inmediata!!";USD;Sí;silver;false;N/A;N/A;http://perfil.mercadolibre.com.uy/RENAULTPUNTADELESTE;active;N/A;N/A;Nuevo;Blanco;N/A;Asistida;Delantera;N/A;N/A;N/A;N/A;N/A;N/A;N/A;N/A;N/A;N/A;N/A;N/A;N/A;N/A;N/A;N/A;N/A;N/A;N/A;N/A;N/A;N/A;N/A;N/A;N/A;N/A;N/A;N/A;N/A;N/A;N/A;N/A;N/A;N/A;N/A;N/A;N/A;N/A;N/A;N/A;N/A;N/A;N/A;N/A;N/A;N/A;N/A;N/A;N/A;N/A;N/A;N/A;N/A;N/A;N/A;N/A;N/A;N/A;N/A;N/A;N/A;N/A;N/A;N/A;N/A;N/A;N/A;N/A;N/A;N/A;N/A;N/A;N/A;N/A;N/A;N/A;N/A;N/A;N/A;N/A;N/A;N/A;N/A;N/A;N/A;N/A;N/A;N/A;N/A;N/A;N/A;N/A;N/A;N/A;N/A;N/A;N/A;N/A;N/A;N/A;N/A;N/A;N/A;"24 hs";5;N/A;Diésel;Manual;N/A;"Autos y camionetas";N/A;N/A;N/A;N/A;N/A;N/A;N/A;N/A;N/A;N/A;N/A;N/A;N/A;N/A;N/A;N/A;N/A;N/A;N/A;N/A;N/A;N/A;N/A;N/A;N/A;N/A;N/A;N/A;N/A;N/A;N/A;N/A;N/A;N/A;N/A;N/A;N/A;N/A;N/A;N/A;N/A;N/A;N/A;N/A;N/A;N/A;N/A;N/A;N/A;N/A;N/A;N/A;N/A;N/A;N/A;N/A;N/A;N/A;N/A;N/A;N/A;N/A;N/A;N/A;N/A;N/A;N/A;N/A;N/A;N/A;N/A;N/A;N/A;N/A;N/A;N/A;N/A;N/A;N/A;N/A;N/A;N/A;N/A;N/A;N/A;N/A;N/A;N/A;N/A;N/A;N/A;N/A;N/A;N/A;N/A;N/A;N/A;N/A;N/A;N/A;N/A;N/A;N/A;N/A;N/A;N/A;N/A;N/A;N/A;N/A;N/A;N/A;N/A;N/A;N/A;N/A;N/A;N/A;N/A;N/A;N/A;N/A
Renault;Duster;"2.0 4x2 Luxe 138cv";2013;"115000 km";;SOCA2950916;12200;;;;;"Paso de la Arena";https://auto.mercadolibre.com.uy/MLU-705097516-renault-duster-20-4x2-luxe-138cv-_JM;N/A;;"Renault Duster 2.0 4x2 Luxe 138cv";usd;Sí;silver;false;N/A;N/A;http://perfil.mercadolibre.com.uy/SOCA2950916;active;N/A;N/A;Usado;Blanco;N/A;Hidráulica;4x2;N/A;N/A;Sí;N/A;N/A;N/A;N/A;N/A;N/A;N/A;N/A;N/A;N/A;N/A;N/A;N/A;N/A;N/A;N/A;N/A;N/A;N/A;N/A;N/A;N/A;"2673 mm";"2 L";"50 L";6;N/A;N/A;N/A;N/A;N/A;N/A;N/A;N/A;N/A;N/A;N/A;N/A;N/A;N/A;N/A;N/A;N/A;N/A;N/A;N/A;N/A;N/A;N/A;N/A;N/A;N/A;N/A;N/A;N/A;N/A;N/A;N/A;N/A;Sí;Sí;N/A;N/A;N/A;N/A;N/A;N/A;N/A;N/A;N/A;N/A;"1695 mm";"4315 mm";N/A;N/A;N/A;N/A;5;"138 hp";Luxe;N/A;4;"1822 mm";"10.2 km/l";N/A;N/A;N/A;Sí;N/A;N/A;Sí;N/A;N/A;N/A;N/A;N/A;N/A;N/A;N/A;N/A;N/A;5;2.0;Nafta;Manual;SUV;"Autos y camionetas";N/A;N/A;N/A;N/A;N/A;N/A;UY;N/A;N/A;N/A;N/A;N/A;N/A;N/A;N/A;N/A;N/A;N/A;N/A;N/A;N/A;N/A;N/A;N/A;N/A;N/A;N/A;N/A;N/A;N/A;N/A;N/A;N/A;N/A;N/A;N/A;N/A;N/A;N/A;N/A;N/A;N/A;N/A;N/A;N/A;N/A;N/A;N/A;N/A;N/A;N/A;N/A;N/A;N/A;N/A;N/A;N/A;N/A;N/A;N/A;N/A;N/A;N/A;N/A;N/A;N/A;N/A;N/A;N/A;N/A;N/A;N/A;N/A;N/A;N/A;N/A;N/A;N/A;N/A;N/A;N/A;N/A;N/A;N/A;N/A;N/A;N/A;N/A;N/A;N/A;N/A;N/A;N/A;N/A;N/A;N/A;N/A;N/A;N/A;N/A;N/A;N/A;N/A;N/A;N/A;N/A;N/A;N/A;N/A;N/A;N/A;N/A;Sí;N/A;N/A;N/A;N/A;N/A;N/A;N/A;N/A;N/A
Renault;"Duster Oroch";"EXPRESSION 16V";2018;"112000 km";;"MINAS AUTOMOVILES.";15800;;;;;Minas;https://auto.mercadolibre.com.uy/MLU-697359646-renault-oroch-expression-16-16v-2018-minas-automoviles-_JM;N/A;;"Renault Oroch Expression 1.6 16v 2018 - Minas Automóviles";USD;Sí;silver;false;N/A;N/A;http://perfil.mercadolibre.com.uy/MINAS+AUTOMOVILES.;active;N/A;N/A;Usado;"Gris oscuro";N/A;Hidráulica;N/A;Sí;Sí;N/A;N/A;N/A;N/A;Sí;N/A;N/A;N/A;Sí;N/A;Sí;N/A;N/A;N/A;N/A;N/A;N/A;N/A;N/A;N/A;N/A;N/A;N/A;N/A;"1600 cc";N/A;5;N/A;N/A;N/A;N/A;N/A;N/A;N/A;N/A;N/A;N/A;N/A;N/A;N/A;N/A;N/A;N/A;N/A;N/A;N/A;N/A;N/A;N/A;N/A;Sí;N/A;Sí;N/A;Sí;N/A;Sí;N/A;N/A;N/A;N/A;N/A;N/A;Sí;N/A;N/A;N/A;N/A;N/A;N/A;N/A;N/A;N/A;N/A;N/A;N/A;N/A;N/A;N/A;"115 hp";N/A;N/A;N/A;N/A;"11 km/l";N/A;N/A;N/A;Sí;N/A;Sí;N/A;N/A;N/A;N/A;"14 km/l";N/A;Sí;Sí;Sí;Sí;"Lun. a Vie. de 9 a 12 y de 14 a 19 hs. Sáb. de 9 a 13 hs";5;1.6;Nafta;Manual;Pick-Up;"Autos y camionetas";No;N/A;N/A;N/A;No;N/A;N/A;No;Sí;No;No;N/A;N/A;N/A;N/A;N/A;N/A;N/A;N/A;N/A;N/A;N/A;N/A;N/A;N/A;N/A;N/A;N/A;N/A;N/A;N/A;N/A;N/A;N/A;N/A;N/A;N/A;N/A;N/A;N/A;N/A;N/A;N/A;N/A;N/A;N/A;N/A;N/A;N/A;N/A;N/A;N/A;N/A;N/A;N/A;N/A;N/A;N/A;N/A;N/A;N/A;N/A;No;N/A;N/A;N/A;N/A;N/A;N/A;N/A;N/A;N/A;N/A;N/A;N/A;N/A;N/A;N/A;N/A;N/A;N/A;N/A;N/A;N/A;N/A;N/A;N/A;N/A;N/A;N/A;N/A;N/A;N/A;N/A;N/A;N/A;Sí;N/A;Sí;N/A;Sí;Sí;Sí;N/A;Sí;Sí;N/A;Sí;N/A;N/A;N/A;Sí;N/A;N/A;Sí;Sí;Sí;N/A;N/A;N/A;N/A;Sí
Renault;Kwid;"1.0 Sce 66cv Intense";2018;"180000 km";;RZAUTOMOTORES;9100;;;;;Unión;https://auto.mercadolibre.com.uy/MLU-696634420-renault-kwid-10-sce-66cv-intense-_JM;N/A;;"Renault Kwid 1.0 Sce 66cv Intense";usd;Sí;silver;false;N/A;N/A;http://perfil.mercadolibre.com.uy/RZAUTOMOTORES;active;N/A;N/A;Usado;Blanco;No;Hidráulica;Delantera;Sí;Sí;Sí;N/A;N/A;No;N/A;N/A;No;N/A;N/A;No;No;N/A;Sí;N/A;N/A;N/A;N/A;N/A;N/A;N/A;N/A;N/A;N/A;"2423 mm";"1 L";"50 L";5;N/A;N/A;N/A;N/A;N/A;No;N/A;N/A;N/A;N/A;N/A;N/A;N/A;N/A;N/A;N/A;N/A;N/A;N/A;N/A;N/A;N/A;N/A;N/A;N/A;N/A;N/A;N/A;N/A;No;N/A;N/A;N/A;N/A;N/A;N/A;N/A;N/A;N/A;N/A;N/A;N/A;N/A;N/A;N/A;"1474 mm";"3680 mm";N/A;N/A;N/A;N/A;5;"66 hp";Intense;N/A;4;"1752 mm";N/A;No;N/A;No;Sí;N/A;Sí;Sí;N/A;No;N/A;N/A;Sí;No;N/A;N/A;Sí;N/A;5;1.0;Nafta;Manual;Hatchback;"Autos y camionetas";No;N/A;N/A;N/A;No;N/A;UY;N/A;Sí;N/A;No;N/A;N/A;N/A;N/A;N/A;N/A;N/A;N/A;N/A;N/A;N/A;N/A;N/A;No;N/A;N/A;N/A;N/A;N/A;N/A;N/A;N/A;N/A;N/A;N/A;N/A;N/A;N/A;N/A;N/A;N/A;N/A;No;N/A;N/A;N/A;N/A;N/A;N/A;N/A;N/A;N/A;N/A;N/A;N/A;N/A;N/A;N/A;N/A;N/A;No;Sí;N/A;N/A;N/A;N/A;N/A;N/A;N/A;N/A;N/A;N/A;N/A;N/A;N/A;N/A;N/A;N/A;N/A;N/A;N/A;N/A;N/A;N/A;N/A;N/A;N/A;N/A;N/A;N/A;N/A;N/A;N/A;N/A;No;Sí;No;No;N/A;Sí;N/A;N/A;N/A;N/A;Sí;No;Sí;Sí;N/A;N/A;No;No;Sí;Sí;Sí;Sí;No;No;No;N/A;Sí
Renault;Kwid;LIFE;2019;"64000 km";;"MINAS AUTOMOVILES.";11200;;;;;Minas;https://auto.mercadolibre.com.uy/MLU-693323582-renault-kwid-life-10-2019-impecable-minas-automoviles-_JM;N/A;;"Renault Kwid Life 1.0 2019 Impecable! - Minas Automóviles";USD;Sí;silver;false;N/A;N/A;http://perfil.mercadolibre.com.uy/MINAS+AUTOMOVILES.;active;N/A;N/A;Usado;Rojo;N/A;Hidráulica;N/A;Sí;N/A;N/A;N/A;N/A;N/A;Sí;N/A;N/A;N/A;Sí;N/A;N/A;N/A;N/A;N/A;N/A;N/A;N/A;N/A;N/A;N/A;N/A;N/A;N/A;N/A;"998 cc";N/A;5;N/A;N/A;N/A;N/A;N/A;N/A;N/A;N/A;N/A;N/A;N/A;N/A;N/A;N/A;N/A;N/A;N/A;N/A;N/A;N/A;N/A;N/A;N/A;N/A;N/A;Sí;N/A;N/A;N/A;N/A;N/A;N/A;N/A;N/A;N/A;N/A;Sí;N/A;N/A;N/A;N/A;N/A;N/A;N/A;N/A;N/A;N/A;N/A;N/A;N/A;N/A;N/A;"67 hp";Life;N/A;N/A;N/A;"15 km/l";N/A;N/A;N/A;Sí;N/A;N/A;N/A;Sí;N/A;N/A;"20 km/l";N/A;N/A;N/A;N/A;Sí;"Lun. a Vie. de 9 a 12 y de 14 a 19 hs. Sáb. de 9 a 13 hs";4;1.0;Nafta;Manual;N/A;"Autos y camionetas";No;N/A;N/A;N/A;No;N/A;N/A;No;Sí;No;No;N/A;N/A;N/A;N/A;N/A;N/A;N/A;N/A;N/A;N/A;N/A;N/A;N/A;N/A;N/A;N/A;N/A;N/A;N/A;N/A;N/A;N/A;N/A;N/A;N/A;N/A;N/A;N/A;N/A;N/A;N/A;N/A;N/A;N/A;N/A;N/A;N/A;N/A;N/A;N/A;N/A;N/A;N/A;N/A;N/A;N/A;N/A;N/A;N/A;N/A;N/A;No;N/A;N/A;N/A;N/A;N/A;N/A;N/A;N/A;N/A;N/A;N/A;N/A;N/A;N/A;N/A;N/A;N/A;N/A;N/A;N/A;N/A;N/A;N/A;N/A;N/A;N/A;N/A;N/A;N/A;N/A;N/A;N/A;N/A;Sí;Sí;N/A;N/A;Sí;N/A;Sí;N/A;N/A;Sí;N/A;N/A;N/A;N/A;N/A;N/A;N/A;N/A;Sí;Sí;Sí;Sí;N/A;N/A;N/A;N/A
Renault;Logan;Expression;2019;"95000 km";;AEROCAR2023;11490;;;;;Malvin;https://auto.mercadolibre.com.uy/MLU-692425992-renault-logan-expression-16-2019-impecable-aerocar-_JM;N/A;;"Renault Logan Expression 1.6 2019 Impecable! Aerocar";usd;Sí;silver;false;N/A;N/A;http://perfil.mercadolibre.com.uy/AEROCAR2023;active;N/A;N/A;Usado;Blanco;Sí;Hidráulica;N/A;Sí;Sí;N/A;N/A;N/A;N/A;Sí;N/A;N/A;N/A;Sí;N/A;Sí;N/A;N/A;N/A;N/A;N/A;N/A;N/A;N/A;N/A;N/A;N/A;N/A;N/A;"1600 cc";N/A;5;N/A;N/A;N/A;N/A;N/A;N/A;N/A;N/A;N/A;N/A;N/A;N/A;N/A;N/A;N/A;N/A;N/A;N/A;N/A;N/A;N/A;N/A;N/A;N/A;N/A;Sí;N/A;N/A;N/A;N/A;N/A;N/A;N/A;N/A;N/A;N/A;N/A;N/A;N/A;N/A;N/A;N/A;N/A;N/A;N/A;N/A;N/A;N/A;N/A;N/A;N/A;N/A;N/A;Expression;N/A;N/A;N/A;N/A;N/A;N/A;N/A;Sí;N/A;N/A;Sí;N/A;N/A;N/A;N/A;N/A;N/A;N/A;N/A;N/A;"Lun. a Vie. de 9 a 19 hs. Sáb. de 10 a 14 hs.";4;1.6;Nafta;Manual;Sedán;"Autos y camionetas";No;N/A;N/A;N/A;No;N/A;UY;No;Sí;No;No;N/A;N/A;N/A;N/A;N/A;N/A;N/A;N/A;N/A;N/A;N/A;N/A;N/A;N/A;N/A;N/A;N/A;N/A;N/A;N/A;N/A;N/A;N/A;N/A;N/A;N/A;N/A;N/A;N/A;N/A;N/A;N/A;N/A;N/A;N/A;N/A;N/A;N/A;N/A;N/A;N/A;N/A;N/A;N/A;N/A;N/A;N/A;N/A;N/A;N/A;N/A;No;N/A;N/A;N/A;N/A;N/A;N/A;N/A;N/A;N/A;N/A;N/A;N/A;N/A;N/A;N/A;N/A;N/A;N/A;N/A;N/A;N/A;N/A;N/A;N/A;N/A;N/A;N/A;N/A;N/A;N/A;N/A;N/A;N/A;N/A;N/A;N/A;N/A;Sí;Sí;Sí;N/A;N/A;Sí;N/A;N/A;N/A;N/A;N/A;N/A;N/A;N/A;Sí;Sí;N/A;Sí;N/A;Sí;N/A;Sí
Renault;Logan;"1.6 Expression 85cv";2017;"131000 km";;"AG GARAJE";10500;;;;;Maroñas;https://auto.mercadolibre.com.uy/MLU-697219910-renault-logan-2017-16-expression-85cv-_JM;N/A;;"Renault Logan 2017 1.6 Expression 85cv";usd;Sí;silver;false;N/A;N/A;http://perfil.mercadolibre.com.uy/AG+GARAJE;active;N/A;N/A;Usado;N/A;N/A;Hidráulica;Delantera;N/A;N/A;N/A;N/A;N/A;N/A;N/A;N/A;N/A;N/A;N/A;N/A;N/A;N/A;N/A;N/A;N/A;N/A;N/A;N/A;N/A;N/A;N/A;N/A;N/A;"2635 mm";"1.6 L";"50 L";5;N/A;N/A;N/A;N/A;N/A;N/A;N/A;N/A;N/A;N/A;N/A;N/A;N/A;N/A;N/A;N/A;N/A;N/A;N/A;N/A;N/A;N/A;N/A;N/A;N/A;N/A;N/A;N/A;N/A;N/A;N/A;N/A;N/A;Sí;N/A;N/A;N/A;N/A;N/A;N/A;N/A;N/A;N/A;N/A;N/A;"1529 mm";"4350 mm";N/A;N/A;N/A;N/A;5;"85 hp";Expression;N/A;2;"1733 mm";"12.5 km/l";N/A;N/A;N/A;N/A;N/A;N/A;Sí;N/A;N/A;N/A;N/A;N/A;N/A;N/A;N/A;N/A;N/A;4;1.6;Nafta;Manual;Sedán;"Autos y camionetas";N/A;N/A;N/A;N/A;N/A;N/A;UY;N/A;N/A;N/A;N/A;N/A;N/A;N/A;N/A;N/A;N/A;N/A;N/A;N/A;N/A;N/A;N/A;N/A;N/A;N/A;N/A;N/A;N/A;N/A;N/A;N/A;N/A;N/A;N/A;N/A;N/A;N/A;N/A;N/A;N/A;N/A;N/A;N/A;N/A;N/A;N/A;N/A;N/A;N/A;N/A;N/A;N/A;N/A;N/A;N/A;N/A;N/A;N/A;N/A;N/A;N/A;N/A;N/A;N/A;N/A;N/A;N/A;N/A;N/A;N/A;N/A;N/A;N/A;N/A;N/A;N/A;N/A;N/A;N/A;N/A;N/A;N/A;N/A;N/A;N/A;N/A;N/A;N/A;N/A;N/A;N/A;N/A;N/A;N/A;N/A;N/A;N/A;N/A;N/A;N/A;N/A;N/A;N/A;N/A;N/A;N/A;N/A;N/A;N/A;N/A;N/A;N/A;N/A;N/A;N/A;N/A;N/A;N/A;N/A;N/A;N/A
Renault;"Sandero Stepway";Privilege;2011;"184000 km";;"OSCARPISANO RENAULT-NISSAN";8900;;;;;Sayago;https://auto.mercadolibre.com.uy/MLU-706188708-renault-sandero-stepway-privilege-16-2011-impecable-_JM;N/A;;"Renault Sandero Stepway Privilege 1.6 2011 Impecable!";usd;Sí;silver;false;N/A;N/A;http://perfil.mercadolibre.com.uy/OSCARPISANO+RENAULT-NISSAN;active;N/A;N/A;Usado;"Gris oscuro";N/A;Hidráulica;N/A;Sí;Sí;N/A;N/A;N/A;N/A;Sí;N/A;Sí;N/A;N/A;N/A;Sí;N/A;N/A;N/A;N/A;N/A;N/A;N/A;N/A;N/A;N/A;N/A;N/A;N/A;"1600 cc";N/A;5;N/A;N/A;N/A;N/A;N/A;N/A;N/A;N/A;N/A;N/A;N/A;N/A;N/A;N/A;N/A;N/A;N/A;N/A;N/A;N/A;N/A;N/A;N/A;N/A;N/A;N/A;N/A;N/A;N/A;N/A;N/A;N/A;N/A;N/A;N/A;N/A;Sí;N/A;N/A;N/A;N/A;N/A;N/A;N/A;N/A;N/A;N/A;N/A;N/A;N/A;N/A;N/A;"110 hp";Privilege;N/A;N/A;N/A;"11 km/l";N/A;N/A;N/A;N/A;N/A;N/A;N/A;N/A;N/A;N/A;"14 km/l";N/A;N/A;N/A;N/A;N/A;"Lun. a Sáb. de 9:30 a 18:30 hs. Dom. de 9:30 a 13 hs";4;1.6;Nafta;Manual;SUV;"Autos y camionetas";No;N/A;N/A;N/A;No;N/A;UY;No;Sí;No;No;N/A;N/A;N/A;N/A;N/A;N/A;N/A;N/A;N/A;N/A;N/A;N/A;N/A;N/A;N/A;N/A;N/A;N/A;N/A;N/A;N/A;N/A;N/A;N/A;N/A;N/A;N/A;N/A;N/A;N/A;N/A;N/A;N/A;N/A;N/A;N/A;N/A;N/A;N/A;N/A;N/A;N/A;N/A;N/A;N/A;N/A;N/A;N/A;N/A;N/A;N/A;No;N/A;N/A;N/A;N/A;N/A;N/A;N/A;N/A;N/A;N/A;N/A;N/A;N/A;N/A;N/A;N/A;N/A;N/A;N/A;N/A;N/A;N/A;N/A;N/A;N/A;N/A;N/A;N/A;N/A;N/A;N/A;N/A;N/A;Sí;N/A;N/A;N/A;Sí;Sí;Sí;N/A;Sí;Sí;N/A;N/A;N/A;N/A;N/A;N/A;N/A;N/A;N/A;N/A;N/A;N/A;N/A;N/A;N/A;N/A
Renault;Kwid;"1.0 Sce 66cv Life";2020;"62000 km";;LAJA8921767;10400;;;;;"Cumbres De Carrasco";https://auto.mercadolibre.com.uy/MLU-704230576-renault-kwid-2020--_JM;N/A;;"Renault Kwid 2020 /  ";usd;Sí;silver;false;N/A;N/A;http://perfil.mercadolibre.com.uy/LAJA8921767;active;N/A;N/A;Usado;Plateado;N/A;N/A;Delantera;N/A;Sí;Sí;N/A;N/A;Sí;N/A;N/A;N/A;N/A;N/A;N/A;N/A;N/A;N/A;N/A;N/A;N/A;N/A;N/A;N/A;N/A;N/A;N/A;N/A;"2423 mm";"1 L";"50 L";5;N/A;N/A;N/A;N/A;N/A;N/A;N/A;N/A;N/A;N/A;N/A;N/A;N/A;N/A;N/A;N/A;N/A;N/A;N/A;N/A;N/A;N/A;N/A;N/A;N/A;N/A;N/A;N/A;N/A;N/A;N/A;N/A;N/A;N/A;N/A;N/A;N/A;N/A;N/A;N/A;N/A;N/A;N/A;N/A;N/A;"1474 mm";"3680 mm";N/A;N/A;N/A;N/A;5;"66 hp";Life;N/A;4;"1752 mm";N/A;N/A;N/A;N/A;N/A;N/A;Sí;Sí;N/A;N/A;N/A;N/A;N/A;N/A;N/A;N/A;N/A;N/A;5;1.0;Nafta;Manual;Hatchback;"Autos y camionetas";N/A;N/A;N/A;N/A;N/A;N/A;UY;N/A;N/A;N/A;N/A;N/A;N/A;N/A;N/A;N/A;N/A;N/A;N/A;N/A;N/A;N/A;N/A;N/A;N/A;N/A;N/A;N/A;N/A;N/A;N/A;N/A;N/A;N/A;N/A;N/A;N/A;N/A;N/A;N/A;N/A;N/A;N/A;N/A;N/A;N/A;N/A;N/A;N/A;N/A;N/A;N/A;N/A;N/A;N/A;N/A;N/A;N/A;N/A;N/A;N/A;N/A;N/A;N/A;N/A;N/A;N/A;N/A;N/A;N/A;N/A;N/A;N/A;N/A;N/A;N/A;N/A;N/A;N/A;N/A;N/A;N/A;N/A;N/A;N/A;N/A;N/A;N/A;N/A;N/A;N/A;N/A;N/A;N/A;N/A;N/A;Sí;Sí;N/A;N/A;Sí;N/A;N/A;N/A;N/A;Sí;N/A;Sí;Sí;N/A;N/A;N/A;N/A;Sí;N/A;N/A;N/A;N/A;N/A;N/A;N/A;N/A
Renault;Kwid;"1.0 Sce 66cv Intense";2018;"89000 km";;"DELTACAR S.A.";12900;;;;;Mercedes;https://auto.mercadolibre.com.uy/MLU-645088915-kwid-intense-10-mt-_JM;N/A;;"Kwid Intense 1.0 Mt ";usd;Sí;silver;false;N/A;N/A;http://perfil.mercadolibre.com.uy/DELTACAR+S.A.;active;N/A;N/A;Usado;Plateado;N/A;Hidráulica;Delantera;Sí;N/A;Sí;N/A;N/A;N/A;N/A;N/A;N/A;N/A;N/A;N/A;Sí;N/A;N/A;N/A;N/A;N/A;N/A;N/A;N/A;N/A;N/A;N/A;N/A;"2423 mm";"1 L";"50 L";5;N/A;N/A;N/A;N/A;N/A;N/A;N/A;N/A;N/A;N/A;N/A;N/A;N/A;N/A;N/A;N/A;N/A;N/A;N/A;N/A;N/A;N/A;N/A;N/A;N/A;N/A;N/A;N/A;N/A;N/A;N/A;N/A;N/A;N/A;N/A;N/A;N/A;N/A;N/A;N/A;N/A;N/A;N/A;N/A;N/A;"1474 mm";"3680 mm";N/A;N/A;N/A;N/A;5;"66 hp";Intense;N/A;4;"1752 mm";N/A;N/A;N/A;N/A;N/A;N/A;Sí;N/A;N/A;N/A;N/A;N/A;N/A;N/A;N/A;N/A;N/A;"TODOS LOS DIAS";5;1.0;Nafta;Manual;Hatchback;"Autos y camionetas";N/A;N/A;N/A;N/A;N/A;N/A;UY;N/A;N/A;N/A;N/A;N/A;N/A;N/A;N/A;N/A;N/A;N/A;N/A;N/A;N/A;N/A;N/A;N/A;N/A;N/A;N/A;N/A;N/A;N/A;N/A;N/A;N/A;N/A;N/A;N/A;N/A;N/A;N/A;N/A;N/A;N/A;N/A;N/A;N/A;N/A;N/A;N/A;N/A;N/A;N/A;N/A;N/A;N/A;N/A;N/A;N/A;N/A;N/A;N/A;N/A;N/A;N/A;N/A;N/A;N/A;N/A;N/A;N/A;N/A;N/A;N/A;N/A;N/A;N/A;N/A;N/A;N/A;N/A;N/A;N/A;N/A;N/A;N/A;N/A;N/A;N/A;N/A;N/A;N/A;N/A;N/A;N/A;N/A;N/A;N/A;Sí;N/A;N/A;N/A;Sí;N/A;N/A;N/A;N/A;Sí;N/A;N/A;Sí;N/A;N/A;N/A;N/A;Sí;Sí;Sí;N/A;N/A;N/A;Sí;N/A;Sí
Renault;"Duster Oroch";"2.0 Privilege";2019;"115000 km";;ISSOGARAGE;16800;;;;;Carrasco;https://auto.mercadolibre.com.uy/MLU-705293756-renault-duster-oroch-20-privilege-_JM;N/A;;"Renault Duster Oroch 2.0 Privilege";usd;Sí;silver;false;N/A;N/A;http://perfil.mercadolibre.com.uy/ISSOGARAGE;active;N/A;N/A;Usado;Rojo;Sí;Hidráulica;4x2;Sí;Sí;N/A;N/A;N/A;Sí;N/A;N/A;No;N/A;N/A;Sí;Sí;N/A;No;N/A;N/A;N/A;N/A;N/A;N/A;N/A;N/A;N/A;N/A;"2829 mm";"2 L";"50 L";6;N/A;N/A;N/A;N/A;N/A;Sí;N/A;N/A;N/A;N/A;N/A;N/A;N/A;N/A;N/A;N/A;N/A;N/A;N/A;N/A;N/A;N/A;N/A;N/A;N/A;N/A;N/A;N/A;N/A;Sí;N/A;N/A;N/A;N/A;N/A;N/A;N/A;N/A;N/A;N/A;N/A;N/A;N/A;N/A;N/A;"1683 mm";"4329 mm";N/A;N/A;N/A;N/A;5;"143 hp";Privilege;N/A;4;"1821 mm";"10.8 km/l";Sí;N/A;Sí;Sí;N/A;Sí;Sí;N/A;No;N/A;N/A;Sí;Sí;N/A;N/A;Sí;"Lun a Vie 10:30 a 18:30 Sáb 11 a 16 hs";5;2.0;Nafta;Manual;SUV;"Autos y camionetas";No;N/A;N/A;N/A;No;N/A;UY;N/A;Sí;N/A;Sí;N/A;N/A;N/A;N/A;N/A;N/A;N/A;N/A;N/A;N/A;N/A;N/A;N/A;Sí;N/A;N/A;N/A;N/A;N/A;N/A;N/A;N/A;N/A;N/A;N/A;N/A;N/A;N/A;N/A;N/A;N/A;N/A;No;N/A;N/A;N/A;N/A;N/A;N/A;N/A;N/A;N/A;N/A;N/A;N/A;N/A;N/A;N/A;N/A;N/A;No;No;N/A;N/A;N/A;N/A;N/A;N/A;N/A;N/A;N/A;N/A;N/A;N/A;N/A;N/A;N/A;N/A;N/A;N/A;N/A;N/A;N/A;N/A;N/A;N/A;N/A;N/A;N/A;N/A;N/A;N/A;N/A;N/A;No;Sí;Sí;Sí;N/A;Sí;N/A;N/A;N/A;N/A;Sí;Sí;Sí;Sí;N/A;N/A;Sí;Sí;Sí;Sí;Sí;Sí;Sí;Sí;Sí;N/A;Sí
Renault;"Sandero Stepway";"Hatchback SUV";2023;"42235 km";;VKSA2018;18900;;;;;Malvin;https://auto.mercadolibre.com.uy/MLU-704537016-renault-sandero-stepway-hatchback-suv-16-2023-_JM;N/A;;"Renault Sandero Stepway Hatchback Suv 1.6 2023";USD;Sí;silver;false;N/A;N/A;http://perfil.mercadolibre.com.uy/VKSA2018;active;N/A;N/A;Usado;"Gris oscuro";Sí;Hidráulica;N/A;Sí;Sí;Sí;N/A;N/A;N/A;Sí;Sí;Sí;Sí;Sí;Sí;Sí;N/A;Sí;N/A;N/A;N/A;N/A;N/A;N/A;N/A;N/A;N/A;N/A;N/A;"1600 cc";N/A;N/A;N/A;N/A;N/A;N/A;N/A;N/A;N/A;N/A;N/A;N/A;N/A;N/A;N/A;N/A;N/A;N/A;N/A;N/A;N/A;N/A;N/A;N/A;N/A;Sí;N/A;Sí;N/A;N/A;N/A;N/A;N/A;N/A;N/A;N/A;N/A;N/A;Sí;N/A;N/A;N/A;N/A;N/A;Sí;N/A;N/A;N/A;N/A;N/A;N/A;N/A;N/A;N/A;"110 hp";N/A;N/A;N/A;N/A;"11 km/l";N/A;N/A;Sí;Sí;Sí;Sí;Sí;Sí;N/A;N/A;"16 km/l";N/A;N/A;N/A;N/A;Sí;"Lun. a Vie. de 10 a 17 hs. Sábados cerrado.";5;1.6;Nafta;Automática;Hatchback;"Autos y camionetas";No;N/A;N/A;N/A;No;N/A;N/A;No;Sí;No;No;N/A;N/A;N/A;N/A;N/A;N/A;N/A;N/A;N/A;N/A;N/A;N/A;N/A;N/A;N/A;N/A;N/A;N/A;N/A;N/A;N/A;N/A;N/A;N/A;N/A;N/A;N/A;N/A;N/A;N/A;N/A;N/A;N/A;N/A;N/A;N/A;N/A;N/A;N/A;N/A;N/A;N/A;N/A;N/A;N/A;N/A;N/A;N/A;N/A;N/A;Sí;No;N/A;N/A;N/A;N/A;N/A;N/A;N/A;N/A;N/A;N/A;N/A;N/A;N/A;N/A;N/A;N/A;N/A;N/A;N/A;N/A;N/A;N/A;N/A;N/A;N/A;N/A;N/A;N/A;N/A;N/A;N/A;N/A;N/A;Sí;N/A;Sí;N/A;Sí;N/A;Sí;N/A;Sí;Sí;N/A;N/A;N/A;N/A;Sí;N/A;Sí;N/A;Sí;Sí;Sí;N/A;N/A;Sí;N/A;Sí
Renault;Kangoo;"1.6 2 Authentique Da Aa Cd 1plc";2014;"140000 km";;SOCA2950916;6500;;;;;"Paso de la Arena";https://auto.mercadolibre.com.uy/MLU-697538732-renault-kangoo-16-2-authentique-da-aa-cd-1plc-_JM;N/A;;"Renault Kangoo 1.6 2 Authentique Da Aa Cd 1plc";usd;Sí;silver;false;N/A;N/A;http://perfil.mercadolibre.com.uy/SOCA2950916;active;N/A;N/A;Usado;Gris;N/A;Hidráulica;Delantera;Sí;N/A;N/A;N/A;N/A;N/A;N/A;N/A;N/A;N/A;N/A;N/A;N/A;N/A;N/A;N/A;N/A;N/A;N/A;N/A;N/A;N/A;N/A;N/A;N/A;"2600 mm";"1.6 L";"52 L";5;N/A;N/A;N/A;N/A;N/A;N/A;N/A;N/A;N/A;N/A;N/A;N/A;N/A;N/A;N/A;N/A;N/A;N/A;N/A;N/A;N/A;N/A;N/A;N/A;N/A;N/A;N/A;N/A;N/A;N/A;N/A;N/A;N/A;N/A;N/A;N/A;N/A;N/A;N/A;N/A;N/A;N/A;N/A;N/A;N/A;"1860 mm";"4010 mm";N/A;N/A;N/A;N/A;5;"95 hp";Authentique;N/A;4;"1672 mm";"11.09 km/l";N/A;N/A;N/A;N/A;N/A;N/A;N/A;N/A;N/A;N/A;N/A;N/A;N/A;N/A;N/A;N/A;N/A;4;1.6;Nafta;Automática;SUV;"Autos y camionetas";N/A;N/A;N/A;N/A;N/A;N/A;UY;N/A;N/A;N/A;N/A;N/A;N/A;N/A;N/A;N/A;N/A;N/A;N/A;N/A;N/A;N/A;N/A;N/A;N/A;N/A;N/A;N/A;N/A;N/A;N/A;N/A;N/A;N/A;N/A;N/A;N/A;N/A;N/A;N/A;N/A;N/A;N/A;N/A;N/A;N/A;N/A;N/A;N/A;N/A;N/A;N/A;N/A;N/A;N/A;N/A;N/A;N/A;N/A;N/A;N/A;N/A;N/A;N/A;N/A;N/A;N/A;N/A;N/A;N/A;N/A;N/A;N/A;N/A;N/A;N/A;N/A;N/A;N/A;N/A;N/A;N/A;N/A;N/A;N/A;N/A;N/A;N/A;N/A;N/A;N/A;N/A;N/A;N/A;N/A;N/A;N/A;N/A;N/A;N/A;N/A;N/A;N/A;N/A;N/A;N/A;N/A;N/A;N/A;N/A;N/A;N/A;N/A;N/A;N/A;N/A;N/A;N/A;N/A;N/A;N/A;N/A
Renault;Clio;"1.2 Iv Authentique";2015;"110000 km";;AVENIDAAUTOMOVILESRIVERA;10500;;;;;Rivera;https://auto.mercadolibre.com.uy/MLU-645193097-renault-clio-2015-12-iv-authentique-_JM;N/A;;"Renault Clio 2015 1.2 Iv Authentique";usd;Sí;silver;false;N/A;N/A;http://perfil.mercadolibre.com.uy/AVENIDAAUTOMOVILESRIVERA;active;N/A;N/A;Usado;Blanco;N/A;Hidráulica;Delantera;N/A;N/A;Sí;N/A;N/A;N/A;N/A;N/A;N/A;N/A;N/A;N/A;N/A;N/A;N/A;N/A;N/A;N/A;N/A;N/A;N/A;N/A;N/A;N/A;N/A;"2472 mm";"1.2 L";"50 L";5;N/A;N/A;N/A;N/A;N/A;N/A;N/A;N/A;N/A;N/A;N/A;N/A;N/A;N/A;N/A;N/A;N/A;N/A;N/A;N/A;N/A;N/A;N/A;N/A;N/A;N/A;N/A;N/A;N/A;N/A;N/A;N/A;N/A;N/A;N/A;N/A;N/A;N/A;N/A;N/A;N/A;N/A;N/A;N/A;N/A;"1417 mm";"3811 mm";N/A;N/A;N/A;N/A;5;"75 hp";Authentique;N/A;4;"1639 mm";N/A;N/A;N/A;N/A;N/A;N/A;N/A;N/A;N/A;N/A;N/A;N/A;N/A;N/A;N/A;N/A;N/A;N/A;3;1.2;Nafta;Manual;Hatchback;"Autos y camionetas";N/A;N/A;N/A;N/A;N/A;N/A;UY;N/A;N/A;N/A;N/A;N/A;N/A;N/A;N/A;N/A;N/A;N/A;N/A;N/A;N/A;N/A;N/A;N/A;N/A;N/A;N/A;N/A;N/A;N/A;N/A;N/A;N/A;N/A;N/A;N/A;N/A;N/A;N/A;N/A;N/A;N/A;N/A;N/A;N/A;N/A;N/A;N/A;N/A;N/A;N/A;N/A;N/A;N/A;N/A;N/A;N/A;N/A;N/A;N/A;N/A;N/A;N/A;N/A;N/A;N/A;N/A;N/A;N/A;N/A;N/A;N/A;N/A;N/A;N/A;N/A;N/A;N/A;N/A;N/A;N/A;N/A;N/A;N/A;N/A;N/A;N/A;N/A;N/A;N/A;N/A;N/A;N/A;N/A;N/A;N/A;N/A;N/A;N/A;N/A;N/A;N/A;N/A;N/A;N/A;N/A;N/A;N/A;N/A;N/A;N/A;N/A;N/A;N/A;N/A;N/A;N/A;N/A;N/A;N/A;N/A;N/A
Renault;Kwid;"1.0 Sce 66cv Zen";2018;"116000 km";;AVENIDAAUTOMOVILESRIVERA;11500;;;;;Rivera;https://auto.mercadolibre.com.uy/MLU-695742184-renault-kwid-zen-2018-_JM;N/A;;"Renault Kwid Zen 2018";usd;Sí;silver;false;N/A;N/A;http://perfil.mercadolibre.com.uy/AVENIDAAUTOMOVILESRIVERA;active;N/A;N/A;Usado;Blanco;N/A;Hidráulica;Delantera;N/A;N/A;Sí;N/A;N/A;N/A;N/A;N/A;N/A;N/A;N/A;N/A;N/A;N/A;N/A;N/A;N/A;N/A;N/A;N/A;N/A;N/A;N/A;N/A;N/A;"2423 mm";"1 L";"50 L";5;N/A;N/A;N/A;N/A;N/A;N/A;N/A;N/A;N/A;N/A;N/A;N/A;N/A;N/A;N/A;N/A;N/A;N/A;N/A;N/A;N/A;N/A;N/A;N/A;N/A;N/A;N/A;N/A;N/A;N/A;N/A;N/A;N/A;N/A;N/A;N/A;N/A;N/A;N/A;N/A;N/A;N/A;N/A;N/A;N/A;"1474 mm";"3680 mm";N/A;N/A;N/A;N/A;5;"66 hp";Zen;N/A;4;"1752 mm";N/A;N/A;N/A;N/A;N/A;N/A;N/A;N/A;N/A;N/A;N/A;N/A;N/A;N/A;N/A;N/A;N/A;N/A;5;1.0;Nafta;Manual;Hatchback;"Autos y camionetas";N/A;N/A;N/A;N/A;N/A;N/A;UY;N/A;N/A;N/A;N/A;N/A;N/A;N/A;N/A;N/A;N/A;N/A;N/A;N/A;N/A;N/A;N/A;N/A;N/A;N/A;N/A;N/A;N/A;N/A;N/A;N/A;N/A;N/A;N/A;N/A;N/A;N/A;N/A;N/A;N/A;N/A;N/A;N/A;N/A;N/A;N/A;N/A;N/A;N/A;N/A;N/A;N/A;N/A;N/A;N/A;N/A;N/A;N/A;N/A;N/A;N/A;N/A;N/A;N/A;N/A;N/A;N/A;N/A;N/A;N/A;N/A;N/A;N/A;N/A;N/A;N/A;N/A;N/A;N/A;N/A;N/A;N/A;N/A;N/A;N/A;N/A;N/A;N/A;N/A;N/A;N/A;N/A;N/A;N/A;N/A;N/A;N/A;N/A;N/A;N/A;N/A;N/A;N/A;N/A;N/A;N/A;N/A;N/A;N/A;N/A;N/A;N/A;N/A;N/A;N/A;N/A;N/A;N/A;N/A;N/A;N/A
Renault;Arkana;"1.3 Tce Intens";2024;"0 km";;RENAULTPUNTADELESTE;39990;;;;;"Punta del Este";https://auto.mercadolibre.com.uy/MLU-643865487-renault-arkana-intense-0km-_JM;N/A;;"Renault Arkana Intense  0km";usd;Sí;silver;false;N/A;N/A;http://perfil.mercadolibre.com.uy/RENAULTPUNTADELESTE;active;N/A;N/A;Nuevo;Gris;N/A;N/A;Delantera;N/A;N/A;N/A;N/A;N/A;N/A;N/A;N/A;N/A;N/A;N/A;N/A;N/A;N/A;N/A;N/A;N/A;N/A;N/A;N/A;N/A;N/A;N/A;N/A;N/A;"2720 mm";"1.3 L";"48 L";7;N/A;N/A;N/A;N/A;N/A;N/A;N/A;N/A;N/A;N/A;N/A;N/A;N/A;N/A;N/A;N/A;N/A;N/A;N/A;N/A;N/A;N/A;N/A;N/A;N/A;N/A;N/A;N/A;N/A;N/A;N/A;N/A;N/A;N/A;N/A;N/A;N/A;N/A;N/A;N/A;N/A;N/A;N/A;N/A;N/A;"1571 mm";"4568 mm";N/A;N/A;N/A;N/A;5;"150 hp";Intens;N/A;4;"1821 mm";N/A;N/A;N/A;N/A;N/A;N/A;N/A;N/A;N/A;N/A;N/A;N/A;N/A;N/A;N/A;N/A;N/A;"24 hs";5;1.3;Nafta;Automática;Sedán;"Autos y camionetas";N/A;N/A;N/A;N/A;N/A;N/A;UY;N/A;N/A;N/A;N/A;N/A;N/A;N/A;N/A;N/A;N/A;N/A;N/A;N/A;N/A;N/A;N/A;N/A;N/A;N/A;N/A;N/A;N/A;N/A;N/A;N/A;N/A;N/A;N/A;N/A;N/A;N/A;N/A;N/A;N/A;N/A;N/A;N/A;N/A;N/A;N/A;N/A;N/A;N/A;N/A;N/A;N/A;N/A;N/A;N/A;N/A;N/A;N/A;N/A;N/A;N/A;N/A;N/A;N/A;N/A;N/A;N/A;N/A;N/A;N/A;N/A;N/A;N/A;N/A;N/A;N/A;N/A;N/A;N/A;N/A;N/A;N/A;N/A;N/A;N/A;N/A;N/A;N/A;N/A;N/A;N/A;N/A;N/A;N/A;N/A;N/A;N/A;N/A;N/A;N/A;N/A;N/A;N/A;N/A;N/A;N/A;N/A;N/A;N/A;N/A;N/A;N/A;N/A;N/A;N/A;N/A;N/A;N/A;N/A;N/A;N/A
Renault;Kangoo;Nafta;2014;"148000 km";;FEDE-2009;9990;;;;;"Tres Cruces";https://auto.mercadolibre.com.uy/MLU-695334552-renault-kangoo-nafta-_JM;N/A;;"Renault Kangoo Nafta";USD;Sí;silver;false;N/A;N/A;http://perfil.mercadolibre.com.uy/FEDE-2009;active;N/A;N/A;Usado;N/A;N/A;N/A;N/A;N/A;N/A;N/A;N/A;N/A;N/A;N/A;N/A;N/A;N/A;N/A;N/A;N/A;N/A;N/A;N/A;N/A;N/A;N/A;N/A;N/A;N/A;N/A;N/A;N/A;N/A;N/A;N/A;N/A;N/A;N/A;N/A;N/A;N/A;N/A;N/A;N/A;N/A;N/A;N/A;N/A;N/A;N/A;N/A;N/A;N/A;N/A;N/A;N/A;N/A;N/A;N/A;N/A;N/A;N/A;N/A;N/A;N/A;N/A;N/A;N/A;N/A;N/A;N/A;N/A;N/A;N/A;N/A;N/A;N/A;N/A;N/A;N/A;N/A;N/A;N/A;N/A;N/A;N/A;N/A;N/A;N/A;N/A;N/A;N/A;N/A;N/A;N/A;N/A;N/A;N/A;N/A;N/A;N/A;N/A;N/A;N/A;N/A;N/A;N/A;N/A;N/A;N/A;N/A;5;N/A;Nafta;N/A;N/A;"Autos y camionetas";N/A;N/A;N/A;N/A;N/A;N/A;N/A;N/A;N/A;N/A;N/A;N/A;N/A;N/A;N/A;N/A;N/A;N/A;N/A;N/A;N/A;N/A;N/A;N/A;N/A;N/A;N/A;N/A;N/A;N/A;N/A;N/A;N/A;N/A;N/A;N/A;N/A;N/A;N/A;N/A;N/A;N/A;N/A;N/A;N/A;N/A;N/A;N/A;N/A;N/A;N/A;N/A;N/A;N/A;N/A;N/A;N/A;N/A;N/A;N/A;N/A;N/A;N/A;N/A;N/A;N/A;N/A;N/A;N/A;N/A;N/A;N/A;N/A;N/A;N/A;N/A;N/A;N/A;N/A;N/A;N/A;N/A;N/A;N/A;N/A;N/A;N/A;N/A;N/A;N/A;N/A;N/A;N/A;N/A;N/A;N/A;N/A;N/A;N/A;N/A;N/A;N/A;N/A;N/A;N/A;N/A;N/A;N/A;N/A;N/A;N/A;N/A;N/A;N/A;N/A;N/A;N/A;N/A;N/A;N/A;N/A;N/A
Renault;"Duster Oroch";"1.6 Dynamique";2024;"0 km";;RENAULTPUNTADELESTE;25000;;;;;"Punta del Este";https://auto.mercadolibre.com.uy/MLU-670720252-renault-oroch-16-outsider-_JM;N/A;;"Renault Oroch 1.6 Outsider";usd;Sí;silver;false;N/A;N/A;http://perfil.mercadolibre.com.uy/RENAULTPUNTADELESTE;active;N/A;N/A;Nuevo;Gris;N/A;N/A;4x2;N/A;N/A;Sí;N/A;N/A;N/A;N/A;N/A;N/A;N/A;N/A;N/A;N/A;N/A;N/A;N/A;N/A;N/A;N/A;N/A;N/A;N/A;N/A;N/A;N/A;"2829 mm";"1.6 L";"50 L";5;N/A;N/A;N/A;N/A;N/A;N/A;N/A;N/A;N/A;N/A;N/A;N/A;N/A;N/A;N/A;N/A;N/A;N/A;N/A;N/A;N/A;N/A;N/A;N/A;N/A;N/A;N/A;N/A;N/A;N/A;N/A;N/A;N/A;N/A;N/A;N/A;N/A;N/A;N/A;N/A;N/A;N/A;N/A;N/A;N/A;"1683 mm";"4329 mm";N/A;N/A;N/A;N/A;5;"110 hp";Dynamique;N/A;4;"1821 mm";"11.1 km/l";N/A;N/A;N/A;N/A;N/A;N/A;N/A;N/A;N/A;N/A;"10.4 km/l";N/A;N/A;N/A;N/A;N/A;24hs;4;1.6;Nafta;Manual;SUV;"Autos y camionetas";N/A;N/A;N/A;N/A;N/A;N/A;UY;N/A;N/A;N/A;N/A;N/A;N/A;N/A;N/A;N/A;N/A;N/A;N/A;N/A;N/A;N/A;N/A;N/A;N/A;N/A;N/A;N/A;N/A;N/A;N/A;N/A;N/A;N/A;N/A;N/A;N/A;N/A;N/A;N/A;N/A;N/A;N/A;N/A;N/A;N/A;N/A;N/A;N/A;N/A;N/A;N/A;N/A;N/A;N/A;N/A;N/A;N/A;N/A;N/A;N/A;N/A;N/A;N/A;N/A;N/A;N/A;N/A;N/A;N/A;N/A;N/A;N/A;N/A;N/A;N/A;N/A;N/A;N/A;N/A;N/A;N/A;N/A;N/A;N/A;N/A;N/A;N/A;N/A;N/A;N/A;N/A;N/A;N/A;N/A;N/A;N/A;N/A;N/A;N/A;N/A;N/A;N/A;N/A;N/A;N/A;N/A;N/A;N/A;N/A;N/A;N/A;N/A;N/A;N/A;N/A;N/A;N/A;N/A;N/A;N/A;N/A
Renault;"Duster Oroch";"1.6 Expression";2017;"95658 km";;AUTOMOTORA51;17900;;;;;"Paso de los Toros";https://auto.mercadolibre.com.uy/MLU-704536678-renault-oroch-16-expression-_JM;N/A;;"Renault Oroch 1.6 Expression";USD;Sí;silver;false;N/A;N/A;http://perfil.mercadolibre.com.uy/AUTOMOTORA51;active;N/A;N/A;Usado;Verde;N/A;N/A;N/A;N/A;N/A;N/A;N/A;N/A;N/A;N/A;N/A;N/A;N/A;N/A;N/A;N/A;N/A;N/A;N/A;N/A;N/A;N/A;N/A;N/A;N/A;N/A;N/A;N/A;N/A;N/A;N/A;N/A;N/A;N/A;N/A;N/A;N/A;N/A;N/A;N/A;N/A;N/A;N/A;N/A;N/A;N/A;N/A;N/A;N/A;N/A;N/A;N/A;N/A;N/A;N/A;N/A;N/A;N/A;N/A;N/A;N/A;N/A;N/A;N/A;N/A;N/A;N/A;N/A;N/A;N/A;N/A;N/A;N/A;N/A;N/A;N/A;N/A;N/A;N/A;N/A;N/A;N/A;N/A;N/A;N/A;N/A;N/A;N/A;N/A;N/A;N/A;N/A;N/A;N/A;N/A;N/A;N/A;N/A;N/A;N/A;N/A;N/A;N/A;N/A;N/A;N/A;N/A;4;N/A;Nafta;N/A;N/A;"Autos y camionetas";N/A;N/A;N/A;N/A;N/A;N/A;N/A;N/A;N/A;N/A;N/A;N/A;N/A;N/A;N/A;N/A;N/A;N/A;N/A;N/A;N/A;N/A;N/A;N/A;N/A;N/A;N/A;N/A;N/A;N/A;N/A;N/A;N/A;N/A;N/A;N/A;N/A;N/A;N/A;N/A;N/A;N/A;N/A;N/A;N/A;N/A;N/A;N/A;N/A;N/A;N/A;N/A;N/A;N/A;N/A;N/A;N/A;N/A;N/A;N/A;N/A;N/A;N/A;N/A;N/A;N/A;N/A;N/A;N/A;N/A;N/A;N/A;N/A;N/A;N/A;N/A;N/A;N/A;N/A;N/A;N/A;N/A;N/A;N/A;N/A;N/A;N/A;N/A;N/A;N/A;N/A;N/A;N/A;N/A;N/A;N/A;N/A;N/A;N/A;N/A;N/A;N/A;N/A;N/A;N/A;N/A;N/A;N/A;N/A;N/A;N/A;N/A;N/A;N/A;N/A;N/A;N/A;N/A;N/A;N/A;N/A;N/A
Renault;"Sandero Stepway";"1.6 Privilege 105cv";2015;"124000 km";;GERMANBENGOA;10790;;;;;Centro;https://auto.mercadolibre.com.uy/MLU-647342551-renault-sandero-stepway-16-privilege-105cv-_JM;N/A;;"Renault Sandero Stepway 1.6 Privilege 105cv";usd;Sí;silver;false;N/A;N/A;http://perfil.mercadolibre.com.uy/GERMANBENGOA;active;N/A;N/A;Usado;Gris;No;Hidráulica;Delantera;N/A;N/A;Sí;N/A;N/A;N/A;N/A;N/A;N/A;N/A;N/A;N/A;N/A;N/A;N/A;N/A;N/A;N/A;N/A;N/A;N/A;N/A;N/A;N/A;N/A;"2590 mm";"1.6 L";"50 L";5;N/A;N/A;N/A;N/A;N/A;N/A;N/A;N/A;N/A;N/A;N/A;N/A;N/A;N/A;N/A;N/A;N/A;N/A;N/A;N/A;N/A;N/A;N/A;N/A;N/A;N/A;N/A;N/A;N/A;N/A;N/A;N/A;N/A;N/A;N/A;N/A;N/A;N/A;N/A;N/A;N/A;N/A;N/A;N/A;N/A;"1559 mm";"4066 mm";N/A;N/A;N/A;N/A;5;"105 hp";Privilege;N/A;4;"1761 mm";"9.3 km/l";Sí;N/A;N/A;N/A;N/A;N/A;Sí;N/A;N/A;N/A;"5.9 km/l";N/A;N/A;N/A;N/A;N/A;N/A;5;1.6;Nafta;Manual;Hatchback;"Autos y camionetas";N/A;N/A;N/A;N/A;N/A;N/A;UY;N/A;N/A;N/A;N/A;N/A;N/A;N/A;N/A;N/A;N/A;N/A;N/A;N/A;N/A;N/A;N/A;N/A;N/A;N/A;N/A;N/A;N/A;N/A;N/A;N/A;N/A;N/A;N/A;N/A;N/A;N/A;N/A;N/A;N/A;N/A;N/A;N/A;N/A;N/A;N/A;N/A;N/A;N/A;N/A;N/A;N/A;N/A;N/A;N/A;N/A;N/A;N/A;N/A;N/A;N/A;N/A;N/A;N/A;N/A;N/A;N/A;N/A;N/A;N/A;N/A;N/A;N/A;N/A;N/A;N/A;N/A;N/A;N/A;N/A;N/A;N/A;N/A;N/A;N/A;N/A;N/A;N/A;N/A;N/A;N/A;N/A;N/A;N/A;N/A;N/A;N/A;N/A;N/A;N/A;N/A;N/A;N/A;N/A;N/A;N/A;N/A;N/A;N/A;N/A;N/A;N/A;N/A;N/A;N/A;N/A;N/A;N/A;N/A;N/A;N/A
Renault;"Duster Oroch";"2.0 Privilege";2021;"150000 km";;ISSOGARAGE;15900;;;;;Carrasco;https://auto.mercadolibre.com.uy/MLU-703916290-renault-duster-oroch-20-privilege-_JM;N/A;;"Renault Duster Oroch 2.0 Privilege";usd;Sí;silver;false;N/A;N/A;http://perfil.mercadolibre.com.uy/ISSOGARAGE;active;N/A;N/A;Usado;Blanco;N/A;N/A;4x2;Sí;N/A;N/A;N/A;N/A;N/A;N/A;N/A;N/A;N/A;N/A;N/A;N/A;N/A;N/A;N/A;N/A;N/A;N/A;N/A;N/A;N/A;N/A;N/A;N/A;"2829 mm";"2 L";"50 L";6;N/A;N/A;N/A;N/A;N/A;N/A;N/A;N/A;N/A;N/A;N/A;N/A;N/A;N/A;N/A;N/A;N/A;N/A;N/A;N/A;N/A;N/A;N/A;N/A;N/A;N/A;N/A;N/A;N/A;N/A;N/A;N/A;N/A;N/A;N/A;N/A;N/A;N/A;N/A;N/A;N/A;N/A;N/A;N/A;N/A;"1683 mm";"4329 mm";N/A;N/A;N/A;N/A;5;"143 hp";Privilege;N/A;4;"1821 mm";"10.8 km/l";N/A;N/A;N/A;N/A;N/A;N/A;N/A;N/A;N/A;N/A;N/A;N/A;N/A;N/A;N/A;N/A;"lun a vie 10:30 a 18:30 sáb 11 a 16 hs";5;2.0;Nafta;Manual;SUV;"Autos y camionetas";N/A;N/A;N/A;N/A;N/A;N/A;UY;N/A;N/A;N/A;N/A;N/A;N/A;N/A;N/A;N/A;N/A;N/A;N/A;N/A;N/A;N/A;N/A;N/A;N/A;N/A;N/A;N/A;N/A;N/A;N/A;N/A;N/A;N/A;N/A;N/A;N/A;N/A;N/A;N/A;N/A;N/A;N/A;N/A;N/A;N/A;N/A;N/A;N/A;N/A;N/A;N/A;N/A;N/A;N/A;N/A;N/A;N/A;N/A;N/A;N/A;N/A;N/A;N/A;N/A;N/A;N/A;N/A;N/A;N/A;N/A;N/A;N/A;N/A;N/A;N/A;N/A;N/A;N/A;N/A;N/A;N/A;N/A;N/A;N/A;N/A;N/A;N/A;N/A;N/A;N/A;N/A;N/A;N/A;N/A;N/A;N/A;N/A;N/A;N/A;N/A;N/A;N/A;N/A;N/A;N/A;N/A;N/A;N/A;N/A;N/A;N/A;N/A;N/A;N/A;N/A;N/A;N/A;N/A;N/A;N/A;N/A
Renault;"Duster Oroch";"INTENS OUTSIDER AT TURBO";2025;"0 km";;"RIVEROAUTOMOTORES TACUAREMBÓ";28000;;;;;Tacuarembó;https://auto.mercadolibre.com.uy/MLU-703811224-renault-oroch-intens-outsider-at-turbo-13-2025-0km-_JM;N/A;;"Renault Oroch Intens Outsider At Turbo 1.3 2025 0km";USD;Sí;silver;false;N/A;N/A;http://perfil.mercadolibre.com.uy/RIVEROAUTOMOTORES+TACUAREMB%C3%93;active;N/A;N/A;Nuevo;Blanco;N/A;Eléctrica;N/A;Sí;N/A;Sí;N/A;N/A;N/A;N/A;Sí;N/A;N/A;N/A;Sí;Sí;N/A;N/A;N/A;N/A;N/A;N/A;N/A;N/A;N/A;N/A;N/A;N/A;N/A;"1300 cc";N/A;8;N/A;N/A;Sí;Sí;Sí;N/A;N/A;N/A;N/A;N/A;N/A;N/A;N/A;N/A;N/A;N/A;N/A;N/A;N/A;N/A;N/A;N/A;N/A;N/A;N/A;Sí;N/A;N/A;N/A;N/A;N/A;N/A;N/A;N/A;N/A;N/A;N/A;N/A;N/A;N/A;N/A;N/A;Sí;N/A;N/A;N/A;N/A;N/A;N/A;N/A;N/A;N/A;"156 hp";"Intens Outsider";N/A;N/A;N/A;N/A;N/A;N/A;Sí;N/A;Sí;N/A;Sí;N/A;N/A;N/A;N/A;N/A;N/A;N/A;N/A;N/A;"Lun. a Vie. de 8 a 12 y de 14 a 19 hs. Sáb de 8 a 13 hs";3;1.3;Nafta;Automática;Pick-Up;"Autos y camionetas";No;N/A;N/A;N/A;No;N/A;N/A;No;Sí;No;No;N/A;N/A;N/A;N/A;N/A;N/A;N/A;N/A;N/A;N/A;N/A;N/A;N/A;Sí;N/A;N/A;N/A;N/A;N/A;N/A;N/A;N/A;N/A;N/A;N/A;N/A;N/A;N/A;N/A;N/A;N/A;N/A;Sí;N/A;N/A;N/A;N/A;N/A;N/A;N/A;N/A;N/A;N/A;N/A;N/A;N/A;N/A;N/A;N/A;N/A;Sí;No;N/A;N/A;N/A;N/A;N/A;N/A;N/A;N/A;N/A;N/A;N/A;N/A;N/A;N/A;N/A;N/A;N/A;N/A;N/A;N/A;N/A;N/A;N/A;N/A;N/A;N/A;N/A;N/A;N/A;N/A;N/A;N/A;N/A;Sí;N/A;N/A;Sí;Sí;N/A;N/A;N/A;Sí;Sí;N/A;N/A;N/A;Sí;Sí;Sí;Sí;N/A;Sí;N/A;Sí;N/A;N/A;N/A;N/A;Sí
Renault;Clio;"0.9 Iv Fase Ii Turbo Dynamique";2017;"74649 km";;PIDENOSA;18500;;;;;Maldonado;https://auto.mercadolibre.com.uy/MLU-702460322-renault-clio-iv-dyamique-09-_JM;N/A;;"Renault Clio Iv Dyamique 0.9";usd;Sí;silver;false;N/A;N/A;http://perfil.mercadolibre.com.uy/PIDENOSA;active;N/A;N/A;Usado;Blanco;N/A;Hidráulica;Delantera;N/A;N/A;Sí;N/A;N/A;N/A;N/A;N/A;N/A;N/A;N/A;N/A;N/A;N/A;N/A;N/A;N/A;N/A;N/A;N/A;N/A;N/A;N/A;N/A;N/A;"2472 mm";"0.9 L";"50 L";5;N/A;N/A;N/A;N/A;N/A;N/A;N/A;N/A;N/A;N/A;N/A;N/A;N/A;N/A;N/A;N/A;N/A;N/A;N/A;N/A;N/A;N/A;N/A;N/A;N/A;N/A;N/A;N/A;N/A;N/A;N/A;N/A;N/A;N/A;N/A;N/A;N/A;N/A;N/A;N/A;N/A;N/A;N/A;N/A;N/A;"1417 mm";"3811 mm";N/A;N/A;N/A;N/A;5;"90 hp";Authentique;N/A;4;"1639 mm";N/A;N/A;N/A;N/A;N/A;N/A;N/A;N/A;N/A;N/A;N/A;N/A;N/A;N/A;N/A;N/A;N/A;"Lunes a Sábados de 8:30 a 18:00 hs";3;0.9;Nafta;Manual;Hatchback;"Autos y camionetas";N/A;N/A;N/A;N/A;N/A;N/A;UY;N/A;N/A;N/A;N/A;N/A;N/A;N/A;N/A;N/A;N/A;N/A;N/A;N/A;N/A;N/A;N/A;N/A;N/A;N/A;N/A;N/A;N/A;N/A;N/A;N/A;N/A;N/A;N/A;N/A;N/A;N/A;N/A;N/A;N/A;N/A;N/A;N/A;N/A;N/A;N/A;N/A;N/A;N/A;N/A;N/A;N/A;N/A;N/A;N/A;N/A;N/A;N/A;N/A;N/A;N/A;N/A;N/A;N/A;N/A;N/A;N/A;N/A;N/A;N/A;N/A;N/A;N/A;N/A;N/A;N/A;N/A;N/A;N/A;N/A;N/A;N/A;N/A;N/A;N/A;N/A;N/A;N/A;N/A;N/A;N/A;N/A;N/A;N/A;N/A;N/A;N/A;N/A;N/A;N/A;N/A;N/A;N/A;N/A;N/A;N/A;N/A;N/A;N/A;N/A;N/A;N/A;N/A;N/A;N/A;N/A;N/A;N/A;N/A;N/A;N/A
Renault;Symbol;"1.6 Expression Pack Ii 105cv";2010;"211260 km";;AUTOMOTORA51;10900;;;;;"Paso de los Toros";https://auto.mercadolibre.com.uy/MLU-699024560-renault-symbol-16-expression-pack-ii-105cv-_JM;N/A;;"Renault Symbol 1.6 Expression Pack Ii 105cv";usd;Sí;silver;false;N/A;N/A;http://perfil.mercadolibre.com.uy/AUTOMOTORA51;active;N/A;N/A;Usado;Negro;N/A;Hidráulica;Delantera;N/A;N/A;Sí;N/A;N/A;N/A;N/A;N/A;N/A;N/A;N/A;N/A;N/A;N/A;N/A;N/A;N/A;N/A;N/A;N/A;N/A;N/A;N/A;N/A;N/A;"2473 mm";"1.6 L";"50 L";5;N/A;N/A;N/A;N/A;N/A;N/A;N/A;N/A;N/A;N/A;N/A;N/A;N/A;N/A;N/A;N/A;N/A;N/A;N/A;N/A;N/A;N/A;N/A;N/A;N/A;N/A;N/A;N/A;N/A;N/A;N/A;N/A;N/A;N/A;N/A;N/A;N/A;N/A;N/A;N/A;N/A;N/A;N/A;N/A;N/A;"1439 mm";"4261 mm";N/A;N/A;N/A;N/A;5;"105 hp";Expression;N/A;4;"1672 mm";N/A;N/A;N/A;N/A;N/A;N/A;N/A;Sí;N/A;N/A;N/A;N/A;N/A;N/A;N/A;N/A;N/A;"Lunes a Viernes 8:30 a 12:00 y de 14:30 a 19:00. Sábados 8:30 a 12:30";4;1.6;Nafta;Manual;Sedán;"Autos y camionetas";N/A;N/A;N/A;N/A;N/A;N/A;UY;N/A;N/A;N/A;N/A;N/A;N/A;N/A;N/A;N/A;N/A;N/A;N/A;N/A;N/A;N/A;N/A;N/A;N/A;N/A;N/A;N/A;N/A;N/A;N/A;N/A;N/A;N/A;N/A;N/A;N/A;N/A;N/A;N/A;N/A;N/A;N/A;N/A;N/A;N/A;N/A;N/A;N/A;N/A;N/A;N/A;N/A;N/A;N/A;N/A;N/A;N/A;N/A;N/A;N/A;N/A;N/A;N/A;N/A;N/A;N/A;N/A;N/A;N/A;N/A;N/A;N/A;N/A;N/A;N/A;N/A;N/A;N/A;N/A;N/A;N/A;N/A;N/A;N/A;N/A;N/A;N/A;N/A;N/A;N/A;N/A;N/A;N/A;N/A;N/A;N/A;N/A;N/A;N/A;N/A;N/A;N/A;N/A;N/A;N/A;N/A;N/A;N/A;N/A;N/A;N/A;N/A;N/A;N/A;N/A;N/A;N/A;N/A;Sí;N/A;N/A
Renault;Kwid;LIFE;2018;"49000 km";;AEROCAR2023;11990;;;;;Malvin;https://auto.mercadolibre.com.uy/MLU-697426542-renault-kwid-intense-10-2018-impecable-aerocar-_JM;N/A;;"Renault Kwid Intense 1.0 2018 Impecable! Aerocar";usd;Sí;silver;false;N/A;N/A;http://perfil.mercadolibre.com.uy/AEROCAR2023;active;N/A;N/A;Usado;Crema;Sí;Hidráulica;N/A;Sí;Sí;Sí;N/A;N/A;N/A;Sí;N/A;N/A;N/A;Sí;N/A;Sí;N/A;N/A;N/A;N/A;N/A;N/A;N/A;N/A;N/A;N/A;N/A;N/A;N/A;"1000 cc";N/A;5;N/A;N/A;Sí;Sí;N/A;N/A;N/A;N/A;N/A;N/A;N/A;N/A;N/A;N/A;N/A;N/A;N/A;N/A;N/A;N/A;N/A;N/A;N/A;N/A;N/A;Sí;N/A;N/A;N/A;N/A;N/A;N/A;N/A;N/A;N/A;N/A;N/A;N/A;N/A;N/A;N/A;N/A;N/A;N/A;N/A;N/A;N/A;N/A;N/A;N/A;N/A;N/A;N/A;Life;N/A;N/A;N/A;N/A;N/A;N/A;N/A;N/A;N/A;N/A;Sí;N/A;N/A;N/A;N/A;N/A;N/A;N/A;N/A;N/A;"Lun. a Vie. de 9 a 19 hs. Sáb. de 10 a 14 hs.";5;1.0;Nafta;Manual;Hatchback;"Autos y camionetas";No;N/A;N/A;N/A;No;N/A;UY;No;Sí;No;No;N/A;N/A;N/A;N/A;N/A;N/A;N/A;N/A;N/A;N/A;N/A;N/A;N/A;N/A;N/A;N/A;N/A;N/A;N/A;N/A;N/A;N/A;N/A;N/A;N/A;N/A;N/A;N/A;N/A;N/A;N/A;N/A;N/A;N/A;N/A;N/A;N/A;N/A;N/A;N/A;N/A;N/A;N/A;N/A;N/A;N/A;N/A;N/A;N/A;N/A;N/A;No;N/A;N/A;N/A;N/A;N/A;N/A;N/A;N/A;N/A;N/A;N/A;N/A;N/A;N/A;N/A;N/A;N/A;N/A;N/A;N/A;N/A;N/A;N/A;N/A;N/A;N/A;N/A;N/A;N/A;N/A;N/A;N/A;N/A;Sí;N/A;Sí;N/A;Sí;N/A;Sí;N/A;Sí;Sí;N/A;N/A;N/A;N/A;Sí;N/A;N/A;N/A;Sí;Sí;Sí;N/A;N/A;N/A;Sí;Sí
Renault;kardian;Premier;2025;"0 km";;RENAULTPUNTADELESTE;30500;;;;;"Punta del Este";https://auto.mercadolibre.com.uy/MLU-684469710-renault-kardian-_JM;N/A;;"Renault Kardian ";USD;Sí;silver;false;N/A;N/A;http://perfil.mercadolibre.com.uy/RENAULTPUNTADELESTE;active;N/A;N/A;Nuevo;Naranja;N/A;Eléctrica;Delantera;N/A;N/A;N/A;N/A;N/A;N/A;N/A;N/A;N/A;N/A;N/A;N/A;N/A;N/A;N/A;N/A;N/A;N/A;N/A;N/A;N/A;N/A;N/A;N/A;N/A;N/A;N/A;N/A;N/A;N/A;N/A;N/A;N/A;N/A;N/A;N/A;N/A;N/A;N/A;N/A;N/A;N/A;N/A;N/A;N/A;N/A;N/A;N/A;N/A;N/A;N/A;N/A;N/A;N/A;N/A;N/A;N/A;N/A;N/A;N/A;N/A;N/A;N/A;N/A;N/A;N/A;N/A;N/A;N/A;N/A;N/A;N/A;N/A;N/A;N/A;N/A;N/A;N/A;N/A;N/A;N/A;N/A;N/A;N/A;N/A;N/A;N/A;N/A;N/A;N/A;N/A;N/A;N/A;N/A;N/A;N/A;N/A;N/A;N/A;N/A;N/A;N/A;N/A;"24 hs";5;1.0;Nafta;Automática;SUV;"Autos y camionetas";N/A;N/A;N/A;N/A;N/A;N/A;N/A;N/A;N/A;N/A;N/A;N/A;N/A;N/A;N/A;N/A;N/A;N/A;N/A;N/A;N/A;N/A;N/A;N/A;N/A;N/A;N/A;N/A;N/A;N/A;N/A;N/A;N/A;N/A;N/A;N/A;N/A;N/A;N/A;N/A;N/A;N/A;N/A;N/A;N/A;N/A;N/A;N/A;N/A;N/A;N/A;N/A;N/A;N/A;N/A;N/A;N/A;N/A;N/A;N/A;N/A;N/A;N/A;N/A;N/A;N/A;N/A;N/A;N/A;N/A;N/A;N/A;N/A;N/A;N/A;N/A;N/A;N/A;N/A;N/A;N/A;N/A;N/A;N/A;N/A;N/A;N/A;N/A;N/A;N/A;N/A;N/A;N/A;N/A;N/A;N/A;N/A;N/A;N/A;N/A;N/A;N/A;N/A;N/A;N/A;N/A;N/A;N/A;N/A;N/A;N/A;N/A;N/A;N/A;N/A;N/A;N/A;N/A;N/A;N/A;N/A;N/A
Renault;"Duster Oroch";Cargo;2025;"0 km";;SOLYCARAUTOMOVILES;21000;;;;;Solymar;https://auto.mercadolibre.com.uy/MLU-677613770-renault-oroch-cargo-16-2025-0km-solycar-_JM;N/A;;"Renault Oroch Cargo 1.6 2025 0km - Solycar";usd;Sí;silver;false;N/A;N/A;http://perfil.mercadolibre.com.uy/SOLYCARAUTOMOVILES;active;N/A;N/A;Nuevo;Plateado;N/A;Hidráulica;4x2;Sí;Sí;N/A;N/A;N/A;N/A;Sí;Sí;N/A;N/A;N/A;N/A;Sí;N/A;N/A;N/A;N/A;N/A;N/A;N/A;N/A;N/A;N/A;N/A;N/A;N/A;"1600 cc";N/A;6;N/A;N/A;Sí;Sí;Sí;N/A;N/A;N/A;N/A;N/A;N/A;N/A;N/A;N/A;N/A;N/A;N/A;N/A;N/A;N/A;N/A;N/A;N/A;N/A;N/A;Sí;N/A;N/A;N/A;N/A;N/A;N/A;N/A;N/A;N/A;N/A;N/A;N/A;N/A;N/A;N/A;N/A;N/A;N/A;N/A;N/A;N/A;N/A;N/A;N/A;N/A;N/A;"118 hp";Cargo;N/A;N/A;N/A;N/A;N/A;N/A;N/A;N/A;Sí;N/A;Sí;N/A;N/A;N/A;N/A;N/A;N/A;N/A;N/A;N/A;"Lun. a Vie. de 9:30 a 18:30 hs. Sáb. de 9:30 a 14 hs";4;1.6;Nafta;Manual;Pick-Up;"Autos y camionetas";No;N/A;N/A;N/A;No;N/A;UY;No;Sí;No;No;N/A;N/A;N/A;N/A;N/A;N/A;N/A;N/A;N/A;N/A;N/A;N/A;N/A;N/A;N/A;N/A;N/A;N/A;N/A;N/A;N/A;N/A;N/A;N/A;N/A;N/A;N/A;N/A;N/A;N/A;N/A;N/A;Sí;N/A;N/A;N/A;N/A;N/A;N/A;N/A;N/A;N/A;N/A;N/A;N/A;N/A;N/A;N/A;N/A;N/A;Sí;No;N/A;N/A;N/A;N/A;N/A;N/A;N/A;N/A;N/A;N/A;N/A;N/A;N/A;N/A;N/A;N/A;N/A;N/A;N/A;N/A;N/A;N/A;N/A;N/A;N/A;N/A;N/A;N/A;N/A;N/A;N/A;N/A;N/A;Sí;N/A;N/A;N/A;Sí;Sí;Sí;N/A;Sí;Sí;N/A;Sí;N/A;N/A;N/A;Sí;N/A;N/A;Sí;Sí;Sí;Sí;N/A;Sí;N/A;Sí
Renault;Sandero;"1.6 Confort";2011;"212000 km";;"AG GARAJE";8900;;;;;Maroñas;https://auto.mercadolibre.com.uy/MLU-697181558-renault-sandero-2011-16-confort-full-_JM;N/A;;"Renault Sandero 2011 1.6 Confort Full ";usd;Sí;silver;false;N/A;N/A;http://perfil.mercadolibre.com.uy/AG+GARAJE;active;N/A;N/A;Usado;Negro;N/A;Hidráulica;Delantera;N/A;N/A;N/A;N/A;N/A;N/A;N/A;N/A;N/A;N/A;N/A;N/A;N/A;N/A;N/A;N/A;N/A;N/A;N/A;N/A;N/A;N/A;N/A;N/A;N/A;"2591 mm";"1.6 L";"50 L";5;N/A;N/A;N/A;N/A;N/A;N/A;N/A;N/A;N/A;N/A;N/A;N/A;N/A;N/A;N/A;N/A;N/A;N/A;N/A;N/A;N/A;N/A;N/A;N/A;N/A;N/A;N/A;N/A;N/A;N/A;N/A;N/A;N/A;Sí;N/A;N/A;N/A;N/A;N/A;N/A;N/A;N/A;N/A;N/A;N/A;"1528 mm";"4023 mm";N/A;N/A;N/A;N/A;5;"105 hp";Confort;N/A;4;"1746 mm";"9.5 km/l";N/A;N/A;N/A;Sí;N/A;N/A;N/A;N/A;N/A;N/A;"5.7 km/l";N/A;N/A;N/A;N/A;N/A;N/A;5;1.6;Nafta;Manual;Hatchback;"Autos y camionetas";N/A;N/A;N/A;N/A;N/A;N/A;UY;N/A;N/A;N/A;N/A;N/A;N/A;N/A;N/A;N/A;N/A;N/A;N/A;N/A;N/A;N/A;N/A;N/A;N/A;N/A;N/A;N/A;N/A;N/A;N/A;N/A;N/A;N/A;N/A;N/A;N/A;N/A;N/A;N/A;N/A;N/A;N/A;N/A;N/A;N/A;N/A;N/A;N/A;N/A;N/A;N/A;N/A;N/A;N/A;N/A;N/A;N/A;N/A;N/A;N/A;N/A;N/A;N/A;N/A;N/A;N/A;N/A;N/A;N/A;N/A;N/A;N/A;N/A;N/A;N/A;N/A;N/A;N/A;N/A;N/A;N/A;N/A;N/A;N/A;N/A;N/A;N/A;N/A;N/A;N/A;N/A;N/A;N/A;N/A;N/A;N/A;N/A;N/A;N/A;N/A;N/A;N/A;N/A;N/A;N/A;N/A;N/A;N/A;N/A;N/A;N/A;N/A;N/A;N/A;N/A;N/A;N/A;N/A;Sí;N/A;N/A
Renault;"Kangoo Express";Confort;2023;"0 km";;"DELTACAR S.A.";22500;;;;;Mercedes;https://auto.mercadolibre.com.uy/MLU-677119878-renault-nueva-kangoo-express-confort-_JM;N/A;;"Renault Nueva Kangoo Express Confort";USD;Sí;silver;false;N/A;N/A;http://perfil.mercadolibre.com.uy/DELTACAR+S.A.;active;N/A;N/A;Nuevo;Plateado;N/A;Eléctrica;4x2;Sí;Sí;N/A;N/A;N/A;N/A;N/A;N/A;N/A;N/A;N/A;Sí;Sí;N/A;N/A;N/A;N/A;N/A;N/A;N/A;N/A;N/A;N/A;N/A;N/A;N/A;N/A;N/A;N/A;N/A;N/A;N/A;N/A;N/A;N/A;N/A;N/A;N/A;N/A;N/A;N/A;N/A;N/A;N/A;N/A;N/A;N/A;N/A;N/A;N/A;N/A;N/A;N/A;N/A;N/A;N/A;N/A;N/A;N/A;N/A;N/A;N/A;N/A;N/A;N/A;N/A;N/A;N/A;N/A;N/A;N/A;N/A;N/A;N/A;N/A;N/A;N/A;N/A;N/A;N/A;N/A;N/A;N/A;N/A;N/A;N/A;N/A;N/A;N/A;N/A;Sí;N/A;Sí;Sí;N/A;N/A;N/A;N/A;N/A;N/A;N/A;N/A;N/A;"todos los dias";4;1.6;Nafta;Manual;Furgón;"Autos y camionetas";Sí;N/A;N/A;N/A;Sí;N/A;N/A;N/A;Sí;N/A;N/A;N/A;N/A;N/A;N/A;N/A;N/A;N/A;N/A;N/A;N/A;N/A;N/A;N/A;Sí;N/A;N/A;N/A;N/A;N/A;N/A;N/A;N/A;N/A;N/A;N/A;N/A;N/A;N/A;N/A;N/A;N/A;N/A;Sí;N/A;N/A;N/A;N/A;N/A;N/A;N/A;N/A;N/A;N/A;N/A;N/A;N/A;N/A;N/A;N/A;N/A;Sí;Sí;N/A;N/A;N/A;N/A;N/A;N/A;N/A;N/A;N/A;N/A;N/A;N/A;N/A;N/A;N/A;N/A;N/A;N/A;N/A;N/A;N/A;N/A;N/A;N/A;N/A;N/A;N/A;N/A;N/A;N/A;N/A;N/A;N/A;Sí;N/A;N/A;N/A;Sí;N/A;N/A;N/A;N/A;Sí;N/A;N/A;N/A;N/A;N/A;Sí;Sí;N/A;Sí;Sí;Sí;N/A;N/A;Sí;N/A;Sí
Renault;"Duster Oroch";"1.6 Dynamique";2018;"58000 km";;"AUTOMOTORA MARMOLEJO";17000;;;;;Minas;https://auto.mercadolibre.com.uy/MLU-706215650-renault-duster-oroch-16-dynamique-_JM;N/A;;"Renault Duster Oroch 1.6 Dynamique";usd;Sí;silver;false;N/A;N/A;http://perfil.mercadolibre.com.uy/AUTOMOTORA+MARMOLEJO;active;N/A;N/A;Usado;Plateado;N/A;Hidráulica;4x2;N/A;N/A;Sí;N/A;N/A;N/A;N/A;N/A;N/A;N/A;N/A;N/A;N/A;N/A;N/A;N/A;N/A;N/A;N/A;N/A;N/A;N/A;N/A;N/A;N/A;"2829 mm";"1.6 L";"50 L";5;N/A;N/A;N/A;N/A;N/A;N/A;N/A;N/A;N/A;N/A;N/A;N/A;N/A;N/A;N/A;N/A;N/A;N/A;N/A;N/A;N/A;N/A;N/A;N/A;N/A;N/A;N/A;N/A;N/A;N/A;N/A;N/A;N/A;N/A;N/A;N/A;N/A;N/A;N/A;N/A;N/A;N/A;N/A;N/A;N/A;"1683 mm";"4329 mm";N/A;N/A;N/A;N/A;5;"110 hp";Dynamique;N/A;4;"1821 mm";"11.1 km/l";N/A;N/A;N/A;N/A;N/A;N/A;N/A;N/A;N/A;N/A;"10.4 km/l";N/A;N/A;N/A;N/A;N/A;"Lunes a Viernes de 8:30 a12:00hs y de 14:30 a 19:00hs, Sabados de 9:00 a 12:00hs.";4;1.6;Nafta;Manual;SUV;"Autos y camionetas";N/A;N/A;N/A;N/A;N/A;N/A;UY;N/A;N/A;N/A;N/A;N/A;N/A;N/A;N/A;N/A;N/A;N/A;N/A;N/A;N/A;N/A;N/A;N/A;N/A;N/A;N/A;N/A;N/A;N/A;N/A;N/A;N/A;N/A;N/A;N/A;N/A;N/A;N/A;N/A;N/A;N/A;N/A;N/A;N/A;N/A;N/A;N/A;N/A;N/A;N/A;N/A;N/A;N/A;N/A;N/A;N/A;N/A;N/A;N/A;N/A;N/A;N/A;N/A;N/A;N/A;N/A;N/A;N/A;N/A;N/A;N/A;N/A;N/A;N/A;N/A;N/A;N/A;N/A;N/A;N/A;N/A;N/A;N/A;N/A;N/A;N/A;N/A;N/A;N/A;N/A;N/A;N/A;N/A;N/A;N/A;N/A;N/A;N/A;N/A;N/A;N/A;N/A;N/A;N/A;N/A;N/A;N/A;N/A;N/A;N/A;N/A;N/A;N/A;N/A;N/A;N/A;N/A;N/A;N/A;N/A;N/A
Renault;"Duster Oroch";"1.6 Dynamique";2016;"130141 km";;"AUTOMOTORA MARMOLEJO";15300;;;;;Minas;https://auto.mercadolibre.com.uy/MLU-706163698-renault-duster-oroch-16-dynamique-_JM;N/A;;"Renault Duster Oroch 1.6 Dynamique";usd;Sí;silver;false;N/A;N/A;http://perfil.mercadolibre.com.uy/AUTOMOTORA+MARMOLEJO;active;N/A;N/A;Usado;Gris;N/A;Hidráulica;4x2;N/A;N/A;Sí;N/A;N/A;N/A;N/A;N/A;N/A;N/A;N/A;N/A;N/A;N/A;N/A;N/A;N/A;N/A;N/A;N/A;N/A;N/A;N/A;N/A;N/A;"2829 mm";"1.6 L";"50 L";5;N/A;N/A;N/A;N/A;N/A;N/A;N/A;N/A;N/A;N/A;N/A;N/A;N/A;N/A;N/A;N/A;N/A;N/A;N/A;N/A;N/A;N/A;N/A;N/A;N/A;N/A;N/A;N/A;N/A;N/A;N/A;N/A;N/A;N/A;N/A;N/A;N/A;N/A;N/A;N/A;N/A;N/A;N/A;N/A;N/A;"1683 mm";"4329 mm";N/A;N/A;N/A;N/A;5;"110 hp";Dynamique;N/A;4;"1821 mm";"11.1 km/l";N/A;N/A;N/A;Sí;N/A;N/A;N/A;N/A;N/A;N/A;"10.4 km/l";N/A;N/A;N/A;N/A;N/A;N/A;4;1.6;Nafta;Manual;SUV;"Autos y camionetas";N/A;N/A;N/A;N/A;N/A;N/A;UY;N/A;N/A;N/A;N/A;N/A;N/A;N/A;N/A;N/A;N/A;N/A;N/A;N/A;N/A;N/A;N/A;N/A;N/A;N/A;N/A;N/A;N/A;N/A;N/A;N/A;N/A;N/A;N/A;N/A;N/A;N/A;N/A;N/A;N/A;N/A;N/A;N/A;N/A;N/A;N/A;N/A;N/A;N/A;N/A;N/A;N/A;N/A;N/A;N/A;N/A;N/A;N/A;N/A;N/A;N/A;N/A;N/A;N/A;N/A;N/A;N/A;N/A;N/A;N/A;N/A;N/A;N/A;N/A;N/A;N/A;N/A;N/A;N/A;N/A;N/A;N/A;N/A;N/A;N/A;N/A;N/A;N/A;N/A;N/A;N/A;N/A;N/A;N/A;N/A;Sí;Sí;N/A;N/A;Sí;N/A;N/A;N/A;N/A;Sí;N/A;N/A;N/A;N/A;N/A;N/A;N/A;N/A;Sí;N/A;N/A;N/A;N/A;N/A;N/A;Sí
Renault;Clio;-;2005;"131400 km";;360AUTOS;6990;;;;;"La Comercial";https://auto.mercadolibre.com.uy/MLU-705241542-renault-clio-16-2005-permutofinancio-360-autos-_JM;N/A;;"Renault Clio 1.6 2005 Permuto/financio - 360 Autos";usd;No;silver;false;N/A;N/A;http://perfil.mercadolibre.com.uy/360AUTOS;active;N/A;N/A;Usado;Plateado;N/A;Hidráulica;N/A;N/A;N/A;N/A;N/A;N/A;N/A;N/A;N/A;N/A;N/A;N/A;N/A;N/A;N/A;N/A;N/A;N/A;N/A;N/A;N/A;N/A;N/A;N/A;N/A;N/A;N/A;"1600 cc";N/A;N/A;N/A;N/A;N/A;N/A;N/A;N/A;N/A;N/A;N/A;N/A;N/A;N/A;N/A;N/A;N/A;N/A;N/A;N/A;N/A;N/A;N/A;N/A;N/A;N/A;N/A;N/A;N/A;N/A;N/A;N/A;N/A;N/A;N/A;N/A;N/A;N/A;N/A;N/A;N/A;N/A;N/A;N/A;N/A;N/A;N/A;N/A;N/A;N/A;N/A;N/A;N/A;N/A;N/A;N/A;N/A;N/A;N/A;N/A;N/A;N/A;N/A;N/A;N/A;N/A;N/A;N/A;N/A;N/A;N/A;N/A;N/A;N/A;N/A;N/A;"Lun. a Vie. de 9 a 17 hs. Sáb. de 9:30 a 13:30 hs";4;1.6;Nafta;Manual;Hatchback;"Autos y camionetas";No;N/A;N/A;N/A;No;N/A;UY;No;Sí;No;No;N/A;N/A;N/A;N/A;N/A;N/A;N/A;N/A;N/A;N/A;N/A;N/A;N/A;N/A;N/A;N/A;N/A;N/A;N/A;N/A;N/A;N/A;N/A;N/A;N/A;N/A;N/A;N/A;N/A;N/A;N/A;N/A;N/A;N/A;N/A;N/A;N/A;N/A;N/A;N/A;N/A;N/A;N/A;N/A;N/A;N/A;N/A;N/A;N/A;N/A;N/A;No;N/A;N/A;N/A;N/A;N/A;N/A;N/A;N/A;N/A;N/A;N/A;N/A;N/A;N/A;N/A;N/A;N/A;N/A;N/A;N/A;N/A;N/A;N/A;N/A;N/A;N/A;N/A;N/A;N/A;N/A;N/A;N/A;N/A;N/A;N/A;N/A;N/A;N/A;N/A;N/A;N/A;N/A;N/A;N/A;N/A;N/A;N/A;N/A;N/A;N/A;N/A;Sí;N/A;N/A;N/A;N/A;N/A;N/A;N/A
Renault;Oroch;2.0;2018;"108000 km";;"PEDRO AUTOMÓVILES";16800;;;;;Tarariras;https://auto.mercadolibre.com.uy/MLU-647592629-renault-oroch-20-dynamique-_JM;N/A;;"Renault Oroch 2.0 Dynamique";USD;Sí;silver;false;N/A;N/A;http://perfil.mercadolibre.com.uy/PEDRO+AUTOM%C3%93VILES;active;N/A;N/A;Usado;Rojo;No;Hidráulica;Delantera;N/A;N/A;N/A;N/A;N/A;N/A;N/A;N/A;N/A;N/A;N/A;N/A;N/A;N/A;N/A;N/A;N/A;N/A;N/A;N/A;N/A;N/A;N/A;N/A;N/A;N/A;N/A;N/A;N/A;N/A;N/A;N/A;N/A;N/A;N/A;N/A;N/A;N/A;N/A;N/A;N/A;N/A;N/A;N/A;N/A;N/A;N/A;N/A;N/A;N/A;N/A;N/A;N/A;N/A;N/A;N/A;N/A;N/A;N/A;N/A;N/A;N/A;N/A;N/A;N/A;N/A;N/A;N/A;N/A;N/A;N/A;N/A;N/A;N/A;N/A;N/A;N/A;N/A;N/A;N/A;N/A;N/A;N/A;N/A;N/A;N/A;N/A;N/A;N/A;N/A;N/A;N/A;N/A;N/A;N/A;N/A;N/A;N/A;N/A;N/A;N/A;N/A;N/A;N/A;4;N/A;Nafta;Manual;Pick-Up;"Autos y camionetas";N/A;N/A;N/A;N/A;N/A;N/A;N/A;N/A;N/A;N/A;N/A;N/A;N/A;N/A;N/A;N/A;N/A;N/A;N/A;N/A;N/A;N/A;N/A;N/A;N/A;N/A;N/A;N/A;N/A;N/A;N/A;N/A;N/A;N/A;N/A;N/A;N/A;N/A;N/A;N/A;N/A;N/A;N/A;N/A;N/A;N/A;N/A;N/A;N/A;N/A;N/A;N/A;N/A;N/A;N/A;N/A;N/A;N/A;N/A;N/A;N/A;N/A;N/A;N/A;N/A;N/A;N/A;N/A;N/A;N/A;N/A;N/A;N/A;N/A;N/A;N/A;N/A;N/A;N/A;N/A;N/A;N/A;N/A;N/A;N/A;N/A;N/A;N/A;N/A;N/A;N/A;N/A;N/A;N/A;N/A;N/A;N/A;N/A;N/A;N/A;N/A;N/A;N/A;N/A;N/A;N/A;N/A;N/A;N/A;N/A;N/A;N/A;N/A;N/A;N/A;N/A;N/A;N/A;N/A;N/A;N/A;N/A
Renault;Duster;Privilege;2018;"78000 km";;"RIVEROAUTOMOTORES TACUAREMBÓ";17490;;;;;Tacuarembó;https://auto.mercadolibre.com.uy/MLU-646939563-renault-duster-privilege-20-2018-impecable-_JM;N/A;;"Renault Duster Privilege 2.0 2018 Impecable!";usd;Sí;silver;false;N/A;N/A;http://perfil.mercadolibre.com.uy/RIVEROAUTOMOTORES+TACUAREMB%C3%93;active;N/A;N/A;Usado;"Gris oscuro";Sí;Hidráulica;N/A;Sí;N/A;Sí;N/A;N/A;N/A;Sí;N/A;N/A;N/A;N/A;N/A;Sí;N/A;N/A;N/A;N/A;N/A;N/A;N/A;N/A;N/A;N/A;N/A;N/A;N/A;"2000 cc";N/A;6;N/A;N/A;N/A;N/A;N/A;N/A;N/A;N/A;N/A;N/A;N/A;N/A;N/A;N/A;N/A;N/A;N/A;N/A;N/A;N/A;N/A;N/A;N/A;N/A;N/A;Sí;N/A;N/A;N/A;N/A;N/A;N/A;N/A;N/A;N/A;N/A;N/A;N/A;N/A;N/A;N/A;N/A;N/A;N/A;N/A;N/A;N/A;N/A;N/A;N/A;N/A;N/A;N/A;Privilege;N/A;N/A;N/A;N/A;N/A;N/A;N/A;N/A;N/A;N/A;Sí;N/A;N/A;N/A;N/A;N/A;N/A;N/A;N/A;N/A;"Lun. a Vie. de 8 a 12 y de 14 a 19 hs. Sáb de 8 a 13 hs";5;2.0;Nafta;Manual;SUV;"Autos y camionetas";No;N/A;N/A;N/A;No;N/A;UY;No;Sí;No;No;N/A;N/A;N/A;N/A;N/A;N/A;N/A;N/A;N/A;N/A;N/A;N/A;N/A;Sí;N/A;N/A;N/A;N/A;N/A;N/A;N/A;N/A;N/A;N/A;N/A;N/A;N/A;N/A;N/A;N/A;N/A;N/A;N/A;N/A;N/A;N/A;N/A;N/A;N/A;N/A;N/A;N/A;N/A;N/A;N/A;N/A;N/A;N/A;N/A;N/A;N/A;No;N/A;N/A;N/A;N/A;N/A;N/A;N/A;N/A;N/A;N/A;N/A;N/A;N/A;N/A;N/A;N/A;N/A;N/A;N/A;N/A;N/A;N/A;N/A;N/A;N/A;N/A;N/A;N/A;N/A;N/A;N/A;N/A;N/A;Sí;N/A;Sí;N/A;Sí;N/A;N/A;N/A;N/A;Sí;N/A;N/A;N/A;N/A;N/A;N/A;Sí;N/A;Sí;N/A;Sí;N/A;N/A;N/A;N/A;Sí
Renault;Fluence;"2.0 Ph2 Privilege Cvt 143cv";2016;"92000 km";;CARDEALERS.UY;14200;;;;;"La Blanqueada";https://auto.mercadolibre.com.uy/MLU-646062937-renault-fluence-2016-20-ph2-privilege-cvt-143cv-_JM;N/A;;"Renault Fluence 2016 2.0 Ph2 Privilege Cvt 143cv";usd;Sí;silver;false;N/A;N/A;http://perfil.mercadolibre.com.uy/CARDEALERS.UY;active;N/A;N/A;Usado;N/A;N/A;Eléctrica;Delantera;N/A;N/A;Sí;N/A;N/A;N/A;N/A;N/A;N/A;N/A;N/A;N/A;N/A;N/A;N/A;N/A;N/A;N/A;N/A;N/A;N/A;N/A;N/A;N/A;N/A;"2700 mm";"2 L";"60 L";6;N/A;N/A;N/A;N/A;N/A;N/A;N/A;N/A;N/A;Sí;N/A;N/A;N/A;N/A;N/A;N/A;N/A;N/A;N/A;N/A;N/A;N/A;N/A;N/A;N/A;N/A;N/A;N/A;N/A;N/A;N/A;N/A;N/A;Sí;Sí;N/A;N/A;N/A;N/A;N/A;N/A;N/A;N/A;N/A;N/A;"1479 mm";"4618 mm";N/A;N/A;N/A;N/A;5;"143 hp";Privilege;N/A;4;"1810 mm";"11 km/l";N/A;N/A;N/A;Sí;N/A;N/A;Sí;N/A;N/A;N/A;"6.2 km/l";N/A;N/A;N/A;N/A;N/A;N/A;4;2.0;Nafta;Automática;Sedán;"Autos y camionetas";N/A;N/A;N/A;N/A;N/A;N/A;UY;N/A;N/A;N/A;N/A;N/A;N/A;N/A;N/A;N/A;N/A;N/A;N/A;N/A;N/A;N/A;N/A;N/A;N/A;N/A;N/A;N/A;N/A;N/A;N/A;N/A;N/A;N/A;N/A;N/A;N/A;N/A;N/A;N/A;N/A;N/A;N/A;N/A;N/A;N/A;N/A;N/A;N/A;N/A;N/A;N/A;N/A;N/A;N/A;N/A;N/A;N/A;N/A;N/A;N/A;N/A;N/A;N/A;N/A;N/A;N/A;N/A;N/A;N/A;N/A;N/A;N/A;N/A;N/A;N/A;N/A;N/A;N/A;N/A;N/A;N/A;N/A;N/A;N/A;N/A;N/A;N/A;N/A;N/A;N/A;N/A;N/A;N/A;N/A;N/A;N/A;N/A;N/A;N/A;N/A;N/A;N/A;N/A;N/A;N/A;Sí;N/A;N/A;N/A;N/A;N/A;Sí;N/A;N/A;N/A;N/A;N/A;N/A;Sí;N/A;N/A
Renault;Kwid;"1.0 Sce 66cv Bitono";2024;"0 km";;"OMAR CASTROAUTOMOVILES";15600;;;;;Salto;https://auto.mercadolibre.com.uy/MLU-696529414-renault-kwid-intens-10-_JM;N/A;;"Renault Kwid Intens 1.0";usd;Sí;silver;false;N/A;N/A;http://perfil.mercadolibre.com.uy/OMAR+CASTROAUTOMOVILES;active;N/A;N/A;Nuevo;Blanco;N/A;N/A;Delantera;N/A;N/A;Sí;N/A;N/A;N/A;N/A;N/A;N/A;N/A;N/A;N/A;N/A;N/A;N/A;N/A;N/A;N/A;N/A;N/A;N/A;N/A;N/A;N/A;N/A;"2423 mm";"1 L";"50 L";5;N/A;N/A;N/A;N/A;N/A;N/A;N/A;N/A;N/A;N/A;N/A;N/A;N/A;N/A;N/A;N/A;N/A;N/A;N/A;N/A;N/A;N/A;N/A;N/A;N/A;N/A;N/A;N/A;N/A;N/A;N/A;N/A;N/A;N/A;N/A;N/A;N/A;N/A;N/A;N/A;N/A;N/A;N/A;N/A;N/A;"1474 mm";"3680 mm";N/A;N/A;N/A;N/A;5;"66 hp";Bitono;N/A;4;"1752 mm";N/A;N/A;N/A;N/A;N/A;N/A;N/A;N/A;N/A;N/A;N/A;N/A;N/A;N/A;N/A;N/A;N/A;"Lunes a Viernes de 08:00 a 12:00, y de 14:45 a 18:45, sabados de 08:30 a 12:30";5;1.0;Nafta;Manual;Hatchback;"Autos y camionetas";N/A;N/A;N/A;N/A;N/A;N/A;UY;N/A;N/A;N/A;N/A;N/A;N/A;N/A;N/A;N/A;N/A;N/A;N/A;N/A;N/A;N/A;N/A;N/A;N/A;N/A;N/A;N/A;N/A;N/A;N/A;N/A;N/A;N/A;N/A;N/A;N/A;N/A;N/A;N/A;N/A;N/A;N/A;N/A;N/A;N/A;N/A;N/A;N/A;N/A;N/A;N/A;N/A;N/A;N/A;N/A;N/A;N/A;N/A;N/A;N/A;N/A;N/A;N/A;N/A;N/A;N/A;N/A;N/A;N/A;N/A;N/A;N/A;N/A;N/A;N/A;N/A;N/A;N/A;N/A;N/A;N/A;N/A;N/A;N/A;N/A;N/A;N/A;N/A;N/A;N/A;N/A;N/A;N/A;N/A;N/A;N/A;N/A;N/A;N/A;N/A;N/A;N/A;N/A;N/A;N/A;N/A;N/A;N/A;N/A;N/A;N/A;N/A;N/A;N/A;N/A;N/A;N/A;N/A;N/A;N/A;N/A
Renault;Sandero;Hacth;2015;"117000 km";;"VIPERCAR AUTOMOVILES_3";9500;;;;;Centro;https://auto.mercadolibre.com.uy/MLU-694838582-renault-sandero-hacth-16-2015-impecable-_JM;N/A;;"Renault Sandero Hacth 1.6 2015 Impecable!";USD;Sí;silver;false;N/A;N/A;http://perfil.mercadolibre.com.uy/VIPERCAR+AUTOMOVILES_3;active;N/A;N/A;Usado;"Gris oscuro";N/A;Asistida;N/A;Sí;N/A;N/A;N/A;N/A;N/A;Sí;N/A;N/A;N/A;Sí;N/A;Sí;N/A;N/A;N/A;N/A;N/A;N/A;N/A;N/A;N/A;N/A;N/A;N/A;N/A;"1600 cc";N/A;5;N/A;N/A;N/A;N/A;N/A;N/A;N/A;N/A;N/A;N/A;N/A;N/A;N/A;N/A;N/A;N/A;N/A;N/A;N/A;N/A;N/A;N/A;N/A;N/A;N/A;N/A;N/A;N/A;N/A;N/A;N/A;N/A;N/A;N/A;N/A;N/A;N/A;N/A;N/A;N/A;N/A;N/A;N/A;N/A;N/A;N/A;N/A;N/A;N/A;N/A;N/A;N/A;N/A;N/A;N/A;N/A;N/A;N/A;N/A;N/A;Sí;Sí;N/A;N/A;N/A;N/A;N/A;N/A;N/A;N/A;N/A;N/A;N/A;Sí;"Lun a Vie de 9 a 12:30 y de 13:30 a 19. Sáb de 9 a 13 hs.";5;1.6;Nafta;Manual;Hatchback;"Autos y camionetas";No;N/A;N/A;N/A;No;N/A;N/A;No;Sí;No;No;N/A;N/A;N/A;N/A;N/A;N/A;N/A;N/A;N/A;N/A;N/A;N/A;N/A;N/A;N/A;N/A;N/A;N/A;N/A;N/A;N/A;N/A;N/A;N/A;N/A;N/A;N/A;N/A;N/A;N/A;N/A;N/A;N/A;N/A;N/A;N/A;N/A;N/A;N/A;N/A;N/A;N/A;N/A;N/A;N/A;N/A;N/A;N/A;N/A;N/A;N/A;No;N/A;N/A;N/A;N/A;N/A;N/A;N/A;N/A;N/A;N/A;N/A;N/A;N/A;N/A;N/A;N/A;N/A;N/A;N/A;N/A;N/A;N/A;N/A;N/A;N/A;N/A;N/A;N/A;N/A;N/A;N/A;N/A;N/A;Sí;N/A;N/A;N/A;Sí;N/A;N/A;N/A;N/A;Sí;N/A;N/A;N/A;N/A;N/A;N/A;N/A;N/A;Sí;N/A;Sí;N/A;N/A;Sí;Sí;Sí
Renault;"Duster Oroch";"1.6 Expression";2017;"91283 km";;AUTOMOTORA51;17900;;;;;"Paso de los Toros";https://auto.mercadolibre.com.uy/MLU-694153512-renault-oroch-expression-_JM;N/A;;"Renault Oroch Expression";USD;Sí;silver;false;N/A;N/A;http://perfil.mercadolibre.com.uy/AUTOMOTORA51;active;N/A;N/A;Usado;Gris;N/A;Hidráulica;N/A;N/A;N/A;N/A;N/A;N/A;N/A;N/A;N/A;N/A;N/A;N/A;N/A;N/A;N/A;N/A;N/A;N/A;N/A;N/A;N/A;N/A;N/A;N/A;N/A;N/A;N/A;N/A;N/A;N/A;N/A;N/A;N/A;N/A;N/A;N/A;N/A;N/A;N/A;N/A;N/A;N/A;N/A;N/A;N/A;N/A;N/A;N/A;N/A;N/A;N/A;N/A;N/A;N/A;N/A;N/A;N/A;N/A;N/A;N/A;N/A;N/A;N/A;N/A;N/A;N/A;N/A;N/A;N/A;N/A;N/A;N/A;N/A;N/A;N/A;N/A;N/A;N/A;N/A;N/A;N/A;N/A;N/A;N/A;N/A;N/A;N/A;N/A;N/A;N/A;N/A;N/A;N/A;N/A;N/A;N/A;N/A;N/A;N/A;N/A;N/A;N/A;N/A;N/A;"L a V de 8.30 a 12 y de 14.30 a 19. Sábados 8.30 a 12.30";4;1.6;Nafta;Manual;Pick-Up;"Autos y camionetas";N/A;N/A;N/A;N/A;N/A;N/A;N/A;N/A;N/A;N/A;N/A;N/A;N/A;N/A;N/A;N/A;N/A;N/A;N/A;N/A;N/A;N/A;N/A;N/A;N/A;N/A;N/A;N/A;N/A;N/A;N/A;N/A;N/A;N/A;N/A;N/A;N/A;N/A;N/A;N/A;N/A;N/A;N/A;N/A;N/A;N/A;N/A;N/A;N/A;N/A;N/A;N/A;N/A;N/A;N/A;N/A;N/A;N/A;N/A;N/A;N/A;N/A;N/A;N/A;N/A;N/A;N/A;N/A;N/A;N/A;N/A;N/A;N/A;N/A;N/A;N/A;N/A;N/A;N/A;N/A;N/A;N/A;N/A;N/A;N/A;N/A;N/A;N/A;N/A;N/A;N/A;N/A;N/A;N/A;N/A;N/A;N/A;N/A;N/A;N/A;N/A;N/A;N/A;N/A;N/A;N/A;N/A;N/A;N/A;N/A;N/A;N/A;N/A;N/A;N/A;N/A;N/A;N/A;N/A;N/A;N/A;N/A
Renault;Kwid;"1.0 Sce 66cv Life";2020;"61000 km";;BUGU2694120;11300;;;;;"La Blanqueada";https://auto.mercadolibre.com.uy/MLU-705249304-renault-kwid-2020-10-sce-66cv-life-_JM;N/A;;"Renault Kwid 2020 1.0 Sce 66cv Life";usd;Sí;silver;false;N/A;N/A;http://perfil.mercadolibre.com.uy/BUGU2694120;active;N/A;N/A;Usado;N/A;N/A;N/A;Delantera;N/A;N/A;Sí;N/A;N/A;N/A;N/A;N/A;N/A;N/A;N/A;N/A;N/A;N/A;N/A;N/A;N/A;N/A;N/A;N/A;N/A;N/A;N/A;N/A;N/A;"2423 mm";"1 L";"50 L";5;N/A;N/A;N/A;N/A;N/A;N/A;N/A;N/A;N/A;N/A;N/A;N/A;N/A;N/A;N/A;N/A;N/A;N/A;N/A;N/A;N/A;N/A;N/A;N/A;N/A;N/A;N/A;N/A;N/A;N/A;N/A;N/A;N/A;N/A;N/A;N/A;N/A;N/A;N/A;N/A;N/A;N/A;N/A;N/A;N/A;"1474 mm";"3680 mm";N/A;N/A;N/A;N/A;5;"66 hp";Life;N/A;4;"1752 mm";N/A;N/A;N/A;N/A;N/A;N/A;N/A;N/A;N/A;N/A;N/A;N/A;N/A;N/A;N/A;N/A;N/A;N/A;5;1.0;Nafta;Manual;Hatchback;"Autos y camionetas";N/A;N/A;N/A;N/A;N/A;N/A;UY;N/A;N/A;N/A;N/A;N/A;N/A;N/A;N/A;N/A;N/A;N/A;N/A;N/A;N/A;N/A;N/A;N/A;N/A;N/A;N/A;N/A;N/A;N/A;N/A;N/A;N/A;N/A;N/A;N/A;N/A;N/A;N/A;N/A;N/A;N/A;N/A;N/A;N/A;N/A;N/A;N/A;N/A;N/A;N/A;N/A;N/A;N/A;N/A;N/A;N/A;N/A;N/A;N/A;N/A;N/A;N/A;N/A;N/A;N/A;N/A;N/A;N/A;N/A;N/A;N/A;N/A;N/A;N/A;N/A;N/A;N/A;N/A;N/A;N/A;N/A;N/A;N/A;N/A;N/A;N/A;N/A;N/A;N/A;N/A;N/A;N/A;N/A;N/A;N/A;N/A;N/A;N/A;N/A;N/A;N/A;N/A;N/A;N/A;N/A;N/A;N/A;N/A;N/A;N/A;N/A;N/A;N/A;N/A;N/A;N/A;N/A;N/A;N/A;N/A;N/A
Renault;Kwid;"1.0 Sce 66cv Zen";2024;"5000 km";;FABIANYEMURENKO2008;13900;;;;;Buceo;https://auto.mercadolibre.com.uy/MLU-696503860-renault-kwid-ano-2024-10cc-sce-66cv-zen-full-con-gtia-_JM;N/A;;"Renault Kwid Año 2024 1.0cc Sce 66cv Zen¡¡ Full¡¡ Con Gtía¡¡";usd;Sí;silver;false;N/A;N/A;http://perfil.mercadolibre.com.uy/FABIANYEMURENKO2008;active;N/A;N/A;Usado;Blanco;Sí;N/A;Delantera;Sí;Sí;Sí;N/A;N/A;No;N/A;N/A;No;N/A;N/A;Sí;Sí;N/A;No;N/A;N/A;N/A;N/A;N/A;N/A;N/A;N/A;N/A;N/A;"2423 mm";"1 L";"50 L";5;N/A;N/A;N/A;N/A;N/A;No;N/A;N/A;N/A;N/A;N/A;N/A;N/A;N/A;N/A;N/A;N/A;N/A;N/A;N/A;N/A;N/A;N/A;N/A;N/A;N/A;N/A;N/A;N/A;No;N/A;N/A;N/A;N/A;N/A;N/A;N/A;N/A;N/A;N/A;N/A;N/A;N/A;N/A;N/A;"1474 mm";"3680 mm";N/A;N/A;N/A;N/A;5;"66 hp";Zen;N/A;4;"1752 mm";N/A;No;N/A;No;Sí;N/A;Sí;Sí;N/A;No;N/A;N/A;No;No;N/A;N/A;Sí;N/A;5;1.0;Nafta;Manual;Hatchback;"Autos y camionetas";No;N/A;N/A;N/A;No;N/A;UY;N/A;Sí;N/A;No;N/A;N/A;N/A;N/A;N/A;N/A;N/A;N/A;N/A;N/A;N/A;N/A;N/A;No;N/A;N/A;N/A;N/A;N/A;N/A;N/A;N/A;N/A;N/A;N/A;N/A;N/A;N/A;N/A;N/A;N/A;N/A;Sí;N/A;N/A;N/A;N/A;N/A;N/A;N/A;N/A;N/A;N/A;N/A;N/A;N/A;N/A;N/A;N/A;N/A;Sí;No;N/A;N/A;N/A;N/A;N/A;N/A;N/A;N/A;N/A;N/A;N/A;N/A;N/A;N/A;N/A;N/A;N/A;N/A;N/A;N/A;N/A;N/A;N/A;N/A;N/A;N/A;N/A;N/A;N/A;N/A;N/A;N/A;No;Sí;Sí;No;N/A;Sí;N/A;N/A;N/A;N/A;Sí;Sí;Sí;Sí;N/A;N/A;Sí;No;Sí;Sí;Sí;Sí;No;No;No;N/A;Sí
Renault;Master;"2.3 L1h1 Aa";2019;"170000 km";;FABIANYEMURENKO2008;29900;;;;;Buceo;https://auto.mercadolibre.com.uy/MLU-702495692-renault-master-minibus-ano2019-23-l1h1tdiesel12-pasajeros-_JM;N/A;;"Renault Master Minibus Año2019 2.3 L1h1t/diesel,12 Pasajeros";usd;Sí;silver;false;N/A;N/A;http://perfil.mercadolibre.com.uy/FABIANYEMURENKO2008;active;N/A;N/A;Usado;Blanco;Sí;Hidráulica;Delantera;Sí;Sí;N/A;N/A;N/A;Sí;N/A;N/A;Sí;N/A;N/A;No;Sí;N/A;No;N/A;N/A;N/A;N/A;N/A;N/A;N/A;N/A;N/A;N/A;"3578 mm";"2.3 L";"100 L";6;N/A;N/A;N/A;N/A;N/A;No;N/A;N/A;N/A;N/A;N/A;N/A;N/A;N/A;N/A;N/A;N/A;N/A;N/A;N/A;N/A;N/A;N/A;N/A;N/A;N/A;N/A;N/A;N/A;No;N/A;N/A;N/A;N/A;N/A;N/A;N/A;N/A;N/A;N/A;N/A;N/A;N/A;N/A;N/A;"2303 mm";"5048 mm";N/A;N/A;N/A;N/A;3;"130 hp";2.3;N/A;4;"1990 mm";N/A;No;N/A;No;Sí;N/A;Sí;Sí;N/A;No;N/A;N/A;No;No;N/A;N/A;No;N/A;5;2.3;Diésel;Manual;Furgón;"Autos y camionetas";No;N/A;N/A;N/A;No;N/A;UY;N/A;Sí;N/A;No;N/A;N/A;N/A;N/A;N/A;N/A;N/A;N/A;N/A;N/A;N/A;N/A;N/A;No;N/A;N/A;N/A;N/A;N/A;N/A;N/A;N/A;N/A;N/A;N/A;N/A;N/A;N/A;N/A;N/A;N/A;N/A;No;N/A;N/A;N/A;N/A;N/A;N/A;N/A;N/A;N/A;N/A;N/A;N/A;N/A;N/A;N/A;N/A;N/A;No;No;N/A;N/A;N/A;N/A;N/A;N/A;N/A;N/A;N/A;N/A;N/A;N/A;N/A;N/A;N/A;N/A;N/A;N/A;N/A;N/A;N/A;N/A;N/A;N/A;N/A;N/A;N/A;N/A;N/A;N/A;N/A;N/A;No;Sí;Sí;No;N/A;Sí;N/A;N/A;N/A;N/A;Sí;No;Sí;No;N/A;N/A;Sí;Sí;Sí;Sí;Sí;Sí;Sí;No;Sí;N/A;Sí
Renault;"Duster Oroch";"1.6 Outsider";2022;"45000 km";;"JOAQUIMCURI UY";18990;;;;;Rivera;https://auto.mercadolibre.com.uy/MLU-705944648-renault-duster-oroch-16-outsider-_JM;N/A;;"Renault Duster Oroch 1.6 Outsider";usd;Sí;silver;false;N/A;N/A;http://perfil.mercadolibre.com.uy/JOAQUIMCURI+UY;active;N/A;N/A;Usado;Gris;N/A;N/A;4x2;N/A;N/A;Sí;N/A;N/A;N/A;N/A;N/A;N/A;N/A;N/A;N/A;N/A;N/A;N/A;N/A;N/A;N/A;N/A;N/A;N/A;N/A;N/A;N/A;N/A;"2829 mm";"1.6 L";"50 L";5;N/A;N/A;N/A;N/A;N/A;N/A;N/A;N/A;N/A;N/A;N/A;N/A;N/A;N/A;N/A;N/A;N/A;N/A;N/A;N/A;N/A;N/A;N/A;N/A;N/A;N/A;N/A;N/A;N/A;N/A;N/A;N/A;N/A;N/A;N/A;N/A;N/A;N/A;N/A;N/A;N/A;N/A;N/A;N/A;N/A;"1683 mm";"4329 mm";N/A;N/A;N/A;N/A;5;"110 hp";Outsider;N/A;4;"1821 mm";"11.1 km/l";N/A;N/A;N/A;N/A;N/A;N/A;N/A;N/A;N/A;N/A;"10.4 km/l";N/A;N/A;N/A;N/A;N/A;N/A;4;1.6;Nafta;Manual;SUV;"Autos y camionetas";N/A;N/A;N/A;N/A;N/A;N/A;UY;N/A;N/A;N/A;N/A;N/A;N/A;N/A;N/A;N/A;N/A;N/A;N/A;N/A;N/A;N/A;N/A;N/A;N/A;N/A;N/A;N/A;N/A;N/A;N/A;N/A;N/A;N/A;N/A;N/A;N/A;N/A;N/A;N/A;N/A;N/A;N/A;N/A;N/A;N/A;N/A;N/A;N/A;N/A;N/A;N/A;N/A;N/A;N/A;N/A;N/A;N/A;N/A;N/A;N/A;N/A;N/A;N/A;N/A;N/A;N/A;N/A;N/A;N/A;N/A;N/A;N/A;N/A;N/A;N/A;N/A;N/A;N/A;N/A;N/A;N/A;N/A;N/A;N/A;N/A;N/A;N/A;N/A;N/A;N/A;N/A;N/A;N/A;N/A;N/A;N/A;N/A;N/A;N/A;N/A;N/A;N/A;N/A;N/A;N/A;N/A;N/A;N/A;N/A;N/A;N/A;N/A;N/A;N/A;N/A;N/A;N/A;N/A;N/A;N/A;N/A
Renault;Stepway;"1.6 Zen";2021;"59900 km";;SOLYCARAUTOMOVILES;15900;;;;;Solymar;https://auto.mercadolibre.com.uy/MLU-705222364-renault-stepway-16-zen-_JM;N/A;;"Renault Stepway 1.6 Zen";usd;Sí;silver;false;N/A;N/A;http://perfil.mercadolibre.com.uy/SOLYCARAUTOMOVILES;active;N/A;N/A;Usado;Dorado;Sí;Hidráulica;Delantera;Sí;Sí;Sí;N/A;N/A;N/A;N/A;N/A;N/A;N/A;N/A;Sí;Sí;N/A;Sí;N/A;N/A;N/A;N/A;N/A;N/A;N/A;N/A;N/A;N/A;"2590 mm";"1.6 L";"50 L";5;N/A;N/A;N/A;N/A;N/A;N/A;N/A;N/A;N/A;N/A;N/A;N/A;N/A;N/A;N/A;N/A;N/A;N/A;N/A;N/A;N/A;N/A;N/A;N/A;N/A;N/A;N/A;N/A;N/A;Sí;N/A;N/A;N/A;N/A;N/A;N/A;N/A;N/A;N/A;N/A;N/A;N/A;N/A;N/A;N/A;"1559 mm";"4066 mm";N/A;N/A;N/A;N/A;5;"115 hp";Zen;N/A;4;"1761 mm";"9.3 km/l";Sí;N/A;N/A;N/A;N/A;Sí;Sí;N/A;N/A;N/A;"5.9 km/l";N/A;N/A;N/A;N/A;Sí;"L a V de 9:30 a 18:30 HS - Säb 9:00 A 13:30 HS";5;1.6;Nafta;Manual;Hatchback;"Autos y camionetas";N/A;N/A;N/A;N/A;N/A;N/A;UY;N/A;N/A;N/A;N/A;N/A;N/A;N/A;N/A;N/A;N/A;N/A;N/A;N/A;N/A;N/A;N/A;N/A;N/A;N/A;N/A;N/A;N/A;N/A;N/A;N/A;N/A;N/A;N/A;N/A;N/A;N/A;N/A;N/A;N/A;N/A;N/A;N/A;N/A;N/A;N/A;N/A;N/A;N/A;N/A;N/A;N/A;N/A;N/A;N/A;N/A;N/A;N/A;N/A;N/A;N/A;N/A;N/A;N/A;N/A;N/A;N/A;N/A;N/A;N/A;N/A;N/A;N/A;N/A;N/A;N/A;N/A;N/A;N/A;N/A;N/A;N/A;N/A;N/A;N/A;N/A;N/A;N/A;N/A;N/A;N/A;N/A;N/A;N/A;N/A;Sí;N/A;N/A;N/A;N/A;N/A;N/A;N/A;N/A;Sí;N/A;Sí;N/A;N/A;N/A;N/A;N/A;Sí;Sí;Sí;Sí;N/A;N/A;Sí;N/A;N/A
Renault;Kwid;INTENSE;2020;"68800 km";;NACHOMOVILES;11490;;;;;"Paso de Carrasco";https://auto.mercadolibre.com.uy/MLU-705280402-renault-kwid-intense-10-2020-_JM;N/A;;"Renault Kwid Intense 1.0 2020";usd;Sí;silver;false;N/A;N/A;http://perfil.mercadolibre.com.uy/NACHOMOVILES;active;N/A;N/A;Usado;Bordó;N/A;Hidráulica;N/A;Sí;Sí;N/A;N/A;N/A;N/A;Sí;N/A;N/A;N/A;Sí;N/A;Sí;N/A;N/A;N/A;N/A;N/A;N/A;N/A;N/A;N/A;N/A;N/A;N/A;N/A;"1000 cc";N/A;5;N/A;N/A;N/A;N/A;N/A;N/A;N/A;N/A;N/A;N/A;N/A;N/A;N/A;N/A;N/A;N/A;N/A;N/A;N/A;N/A;N/A;N/A;N/A;N/A;N/A;Sí;N/A;N/A;N/A;N/A;N/A;N/A;N/A;N/A;N/A;N/A;Sí;N/A;N/A;N/A;N/A;N/A;N/A;N/A;N/A;N/A;N/A;N/A;N/A;N/A;N/A;N/A;"66 hp";Intense;N/A;N/A;N/A;N/A;N/A;N/A;N/A;Sí;N/A;Sí;Sí;Sí;N/A;N/A;N/A;N/A;N/A;N/A;N/A;Sí;"Lun. a Vie. 9 a 13 y 14:30 a 18:30 hs.";5;1.0;Nafta;Manual;Hatchback;"Autos y camionetas";No;N/A;N/A;N/A;No;N/A;UY;No;Sí;No;No;N/A;N/A;N/A;N/A;N/A;N/A;N/A;N/A;N/A;N/A;N/A;N/A;N/A;N/A;N/A;N/A;N/A;N/A;N/A;N/A;N/A;N/A;N/A;N/A;N/A;N/A;N/A;N/A;N/A;N/A;N/A;N/A;N/A;N/A;N/A;N/A;N/A;N/A;N/A;N/A;N/A;N/A;N/A;N/A;N/A;N/A;N/A;N/A;N/A;N/A;N/A;No;N/A;N/A;N/A;N/A;N/A;N/A;N/A;N/A;N/A;N/A;N/A;N/A;N/A;N/A;N/A;N/A;N/A;N/A;N/A;N/A;N/A;N/A;N/A;N/A;N/A;N/A;N/A;N/A;N/A;Sí;N/A;N/A;N/A;Sí;Sí;N/A;N/A;Sí;N/A;N/A;N/A;Sí;Sí;N/A;N/A;N/A;N/A;Sí;N/A;N/A;N/A;Sí;Sí;Sí;N/A;N/A;N/A;N/A;Sí
Renault;Kwid;Outsider;2020;"99000 km";;SOCA2950916;10900;;;;;"Paso de la Arena";https://auto.mercadolibre.com.uy/MLU-705136460-kwin-_JM;N/A;;Kwin;USD;Sí;silver;false;N/A;N/A;http://perfil.mercadolibre.com.uy/SOCA2950916;active;N/A;N/A;Usado;Blanco;No;Hidráulica;Delantera;N/A;N/A;N/A;N/A;N/A;N/A;N/A;N/A;N/A;N/A;N/A;N/A;N/A;N/A;N/A;N/A;N/A;N/A;N/A;N/A;N/A;N/A;N/A;N/A;N/A;N/A;N/A;N/A;N/A;N/A;N/A;N/A;N/A;N/A;N/A;N/A;N/A;N/A;N/A;N/A;N/A;N/A;N/A;N/A;N/A;N/A;N/A;N/A;N/A;N/A;N/A;N/A;N/A;N/A;N/A;N/A;N/A;N/A;N/A;N/A;N/A;N/A;N/A;N/A;N/A;N/A;N/A;N/A;N/A;N/A;N/A;N/A;N/A;N/A;N/A;N/A;N/A;N/A;N/A;N/A;N/A;N/A;N/A;N/A;N/A;N/A;N/A;N/A;N/A;N/A;N/A;N/A;N/A;N/A;N/A;N/A;N/A;N/A;N/A;N/A;N/A;N/A;N/A;N/A;4;1.0;Nafta;Manual;Hatchback;"Autos y camionetas";N/A;N/A;N/A;N/A;N/A;N/A;N/A;N/A;N/A;N/A;N/A;N/A;N/A;N/A;N/A;N/A;N/A;N/A;N/A;N/A;N/A;N/A;N/A;N/A;N/A;N/A;N/A;N/A;N/A;N/A;N/A;N/A;N/A;N/A;N/A;N/A;N/A;N/A;N/A;N/A;N/A;N/A;N/A;N/A;N/A;N/A;N/A;N/A;N/A;N/A;N/A;N/A;N/A;N/A;N/A;N/A;N/A;N/A;N/A;N/A;N/A;N/A;N/A;N/A;N/A;N/A;N/A;N/A;N/A;N/A;N/A;N/A;N/A;N/A;N/A;N/A;N/A;N/A;N/A;N/A;N/A;N/A;N/A;N/A;N/A;N/A;N/A;N/A;N/A;N/A;N/A;N/A;N/A;N/A;N/A;N/A;N/A;N/A;N/A;N/A;N/A;N/A;N/A;N/A;N/A;N/A;N/A;N/A;N/A;N/A;N/A;N/A;N/A;N/A;N/A;N/A;N/A;N/A;N/A;N/A;N/A;N/A
Renault;Sandero;Life;2023;"120000 km";;GRITAUTOMOTORES;12900;;;;;Aguada;https://auto.mercadolibre.com.uy/MLU-702473186-renault-sandero-life-10-2023-impecable-_JM;N/A;;"Renault Sandero Life 1.0 2023 Impecable!";usd;Sí;silver;false;N/A;N/A;http://perfil.mercadolibre.com.uy/GRITAUTOMOTORES;active;N/A;N/A;Usado;Blanco;Sí;Hidráulica;N/A;Sí;Sí;N/A;N/A;N/A;N/A;Sí;N/A;N/A;N/A;Sí;N/A;N/A;N/A;N/A;N/A;N/A;N/A;N/A;N/A;N/A;N/A;N/A;N/A;N/A;N/A;"1000 cc";N/A;5;N/A;N/A;N/A;N/A;N/A;N/A;N/A;N/A;N/A;N/A;N/A;N/A;N/A;N/A;N/A;N/A;N/A;N/A;N/A;N/A;N/A;N/A;N/A;N/A;N/A;N/A;N/A;N/A;N/A;N/A;N/A;N/A;N/A;N/A;N/A;N/A;Sí;N/A;N/A;N/A;N/A;N/A;N/A;N/A;N/A;N/A;N/A;N/A;N/A;N/A;N/A;N/A;N/A;Life;N/A;N/A;N/A;"20 km/l";N/A;N/A;N/A;Sí;N/A;N/A;N/A;N/A;N/A;N/A;"14 km/l";N/A;N/A;N/A;N/A;N/A;"Lun. a Vie. de 9:30 a 18 hs. Sáb. de 9:30 a 14:30 hs";5;1.0;Nafta;Manual;Hatchback;"Autos y camionetas";No;N/A;N/A;N/A;No;N/A;UY;No;Sí;No;No;N/A;N/A;N/A;N/A;N/A;N/A;N/A;N/A;N/A;N/A;N/A;N/A;N/A;N/A;N/A;N/A;N/A;N/A;N/A;N/A;N/A;N/A;N/A;N/A;N/A;N/A;N/A;N/A;N/A;N/A;N/A;N/A;N/A;N/A;N/A;N/A;N/A;N/A;N/A;N/A;N/A;N/A;N/A;N/A;N/A;N/A;N/A;N/A;N/A;N/A;N/A;No;N/A;N/A;N/A;N/A;N/A;N/A;N/A;N/A;N/A;N/A;N/A;N/A;N/A;N/A;N/A;N/A;N/A;N/A;N/A;N/A;N/A;N/A;N/A;N/A;N/A;N/A;N/A;N/A;N/A;N/A;N/A;N/A;N/A;Sí;N/A;N/A;N/A;Sí;N/A;Sí;N/A;N/A;Sí;N/A;N/A;N/A;N/A;N/A;N/A;N/A;N/A;Sí;Sí;N/A;Sí;N/A;Sí;Sí;Sí
Renault;Kwid;"1.0 Sce 66cv Bitono";2023;"20000 km";;FEDE-2009;13800;;;;;"Tres Cruces";https://auto.mercadolibre.com.uy/MLU-700467790-renault-kwid-2023-10-sce-66cv-bitono-_JM;N/A;;"Renault Kwid 2023 1.0 Sce 66cv Bitono";usd;Sí;silver;false;N/A;N/A;http://perfil.mercadolibre.com.uy/FEDE-2009;active;N/A;N/A;Usado;N/A;N/A;N/A;Delantera;N/A;N/A;Sí;N/A;N/A;N/A;N/A;N/A;N/A;N/A;N/A;N/A;N/A;N/A;N/A;N/A;N/A;N/A;N/A;N/A;N/A;N/A;N/A;N/A;N/A;"2423 mm";"1 L";"50 L";5;N/A;N/A;N/A;N/A;N/A;N/A;N/A;N/A;N/A;N/A;N/A;N/A;N/A;N/A;N/A;N/A;N/A;N/A;N/A;N/A;N/A;N/A;N/A;N/A;N/A;N/A;N/A;N/A;N/A;N/A;N/A;N/A;N/A;N/A;N/A;N/A;N/A;N/A;N/A;N/A;N/A;N/A;N/A;N/A;N/A;"1474 mm";"3680 mm";N/A;N/A;N/A;N/A;5;"66 hp";Bitono;N/A;4;"1752 mm";N/A;N/A;N/A;N/A;N/A;N/A;N/A;N/A;N/A;N/A;N/A;N/A;N/A;N/A;N/A;N/A;N/A;N/A;5;1.0;Nafta;Manual;Hatchback;"Autos y camionetas";N/A;N/A;N/A;N/A;N/A;N/A;UY;N/A;N/A;N/A;N/A;N/A;N/A;N/A;N/A;N/A;N/A;N/A;N/A;N/A;N/A;N/A;N/A;N/A;N/A;N/A;N/A;N/A;N/A;N/A;N/A;N/A;N/A;N/A;N/A;N/A;N/A;N/A;N/A;N/A;N/A;N/A;N/A;N/A;N/A;N/A;N/A;N/A;N/A;N/A;N/A;N/A;N/A;N/A;N/A;N/A;N/A;N/A;N/A;N/A;N/A;N/A;N/A;N/A;N/A;N/A;N/A;N/A;N/A;N/A;N/A;N/A;N/A;N/A;N/A;N/A;N/A;N/A;N/A;N/A;N/A;N/A;N/A;N/A;N/A;N/A;N/A;N/A;N/A;N/A;N/A;N/A;N/A;N/A;N/A;N/A;N/A;N/A;N/A;N/A;N/A;N/A;N/A;N/A;N/A;N/A;N/A;N/A;N/A;N/A;N/A;N/A;N/A;N/A;N/A;N/A;N/A;N/A;N/A;N/A;N/A;N/A
Renault;Kwid;"1.0 Sce 66cv Intense";2024;"0 km";;LAROTONDAAUTOMOVILES;15600;;;;;Sauce;https://auto.mercadolibre.com.uy/MLU-693539296-renault-kwid-2024-10-sce-66cv-intense-_JM;N/A;;"Renault Kwid 2024 1.0 Sce 66cv Intense";usd;Sí;silver;false;N/A;N/A;http://perfil.mercadolibre.com.uy/LAROTONDAAUTOMOVILES;active;N/A;N/A;Nuevo;N/A;N/A;N/A;Delantera;N/A;N/A;Sí;N/A;N/A;N/A;N/A;N/A;N/A;N/A;N/A;N/A;N/A;N/A;N/A;N/A;N/A;N/A;N/A;N/A;N/A;N/A;N/A;N/A;N/A;"2423 mm";"1 L";"50 L";5;N/A;N/A;N/A;N/A;N/A;N/A;N/A;N/A;N/A;N/A;N/A;N/A;N/A;N/A;N/A;N/A;N/A;N/A;N/A;N/A;N/A;N/A;N/A;N/A;N/A;N/A;N/A;N/A;N/A;N/A;N/A;N/A;N/A;N/A;N/A;N/A;N/A;N/A;N/A;N/A;N/A;N/A;N/A;N/A;N/A;"1474 mm";"3680 mm";N/A;N/A;N/A;N/A;5;"66 hp";Intense;N/A;4;"1752 mm";N/A;N/A;N/A;N/A;N/A;N/A;N/A;N/A;N/A;N/A;N/A;N/A;N/A;N/A;N/A;N/A;N/A;N/A;5;1.0;Nafta;Manual;Hatchback;"Autos y camionetas";N/A;N/A;N/A;N/A;N/A;N/A;UY;N/A;N/A;N/A;N/A;N/A;N/A;N/A;N/A;N/A;N/A;N/A;N/A;N/A;N/A;N/A;N/A;N/A;N/A;N/A;N/A;N/A;N/A;N/A;N/A;N/A;N/A;N/A;N/A;N/A;N/A;N/A;N/A;N/A;N/A;N/A;N/A;N/A;N/A;N/A;N/A;N/A;N/A;N/A;N/A;N/A;N/A;N/A;N/A;N/A;N/A;N/A;N/A;N/A;N/A;N/A;N/A;N/A;N/A;N/A;N/A;N/A;N/A;N/A;N/A;N/A;N/A;N/A;N/A;N/A;N/A;N/A;N/A;N/A;N/A;N/A;N/A;N/A;N/A;N/A;N/A;N/A;N/A;N/A;N/A;N/A;N/A;N/A;N/A;N/A;N/A;N/A;N/A;N/A;N/A;N/A;N/A;N/A;N/A;N/A;N/A;N/A;N/A;N/A;N/A;N/A;N/A;N/A;N/A;N/A;N/A;N/A;N/A;N/A;N/A;N/A
Renault;Symbol;Expression;2011;"119949 km";;"AUTOMOTORA ALBANO";9500;;;;;Artigas;https://auto.mercadolibre.com.uy/MLU-644294553-renault-symbol-expression-16-2011-automotora-albano-_JM;N/A;;"Renault Symbol Expression 1.6 2011! - Automotora Albano";usd;Sí;silver;false;N/A;N/A;http://perfil.mercadolibre.com.uy/AUTOMOTORA+ALBANO;active;N/A;N/A;Usado;Azul;N/A;Hidráulica;N/A;Sí;N/A;N/A;N/A;N/A;N/A;Sí;Sí;N/A;N/A;N/A;N/A;Sí;N/A;N/A;N/A;N/A;N/A;N/A;N/A;N/A;N/A;N/A;N/A;N/A;N/A;"1600 cc";N/A;5;N/A;N/A;N/A;N/A;N/A;N/A;N/A;N/A;N/A;N/A;N/A;N/A;N/A;N/A;N/A;N/A;N/A;N/A;N/A;N/A;N/A;N/A;N/A;N/A;N/A;N/A;N/A;N/A;N/A;N/A;N/A;N/A;N/A;N/A;N/A;N/A;N/A;N/A;N/A;N/A;N/A;N/A;N/A;N/A;N/A;N/A;N/A;N/A;N/A;N/A;N/A;N/A;"106 hp";Expression;N/A;N/A;N/A;N/A;N/A;N/A;N/A;Sí;N/A;N/A;Sí;N/A;N/A;N/A;N/A;N/A;N/A;N/A;N/A;Sí;"Lun a Vie 8:30 a 12:30 y 14:30 a 18:30 hs. Sáb 8:30 a 12 hs";4;1.6;Nafta;Manual;Sedán;"Autos y camionetas";No;N/A;N/A;N/A;No;N/A;UY;No;Sí;No;No;N/A;N/A;N/A;N/A;N/A;N/A;N/A;N/A;N/A;N/A;N/A;N/A;N/A;N/A;N/A;N/A;N/A;N/A;N/A;N/A;N/A;N/A;N/A;N/A;N/A;N/A;N/A;N/A;N/A;N/A;N/A;N/A;N/A;N/A;N/A;N/A;N/A;N/A;N/A;N/A;N/A;N/A;N/A;N/A;N/A;N/A;N/A;N/A;N/A;N/A;N/A;No;N/A;N/A;N/A;N/A;N/A;N/A;N/A;N/A;N/A;N/A;N/A;N/A;N/A;N/A;N/A;N/A;N/A;N/A;N/A;N/A;N/A;N/A;N/A;N/A;N/A;N/A;N/A;N/A;N/A;N/A;N/A;N/A;N/A;Sí;Sí;N/A;N/A;Sí;N/A;Sí;N/A;N/A;Sí;N/A;N/A;N/A;N/A;N/A;N/A;N/A;N/A;Sí;Sí;N/A;Sí;N/A;Sí;N/A;N/A
Renault;"Duster Oroch";4x4;2023;"35700 km";;"CHEVROLET PAYSANDÚ";23900;;;;;Mercedes;https://auto.mercadolibre.com.uy/MLU-706240638-renault-oroch-4x4-13-2023-impecable-_JM;N/A;;"Renault Oroch 4x4 1.3 2023 Impecable!";USD;Sí;silver;false;N/A;N/A;http://perfil.mercadolibre.com.uy/CHEVROLET+PAYSAND%C3%9A;active;N/A;N/A;Usado;Plateado;Sí;Eléctrica;N/A;N/A;Sí;Sí;N/A;N/A;N/A;Sí;Sí;N/A;N/A;Sí;Sí;Sí;N/A;N/A;N/A;N/A;N/A;N/A;N/A;N/A;N/A;N/A;N/A;N/A;N/A;"1300 cc";N/A;6;N/A;N/A;Sí;Sí;N/A;N/A;N/A;N/A;N/A;N/A;N/A;N/A;N/A;N/A;N/A;N/A;N/A;N/A;N/A;N/A;N/A;N/A;N/A;N/A;N/A;Sí;N/A;N/A;N/A;N/A;N/A;N/A;N/A;N/A;N/A;N/A;N/A;N/A;N/A;N/A;N/A;N/A;N/A;N/A;N/A;N/A;N/A;N/A;N/A;N/A;N/A;N/A;"164 hp";N/A;N/A;N/A;N/A;"10 km/l";N/A;N/A;Sí;Sí;Sí;Sí;Sí;N/A;N/A;N/A;"14 km/l";Sí;N/A;Sí;Sí;N/A;"Lun. a Vie. 8 a 12 y 14.30 a 18.30 hs. Sáb. 8 a 12 hs";4;1.3;Nafta;Manual;Pick-Up;"Autos y camionetas";No;N/A;N/A;N/A;No;N/A;N/A;No;Sí;No;No;N/A;N/A;N/A;N/A;N/A;N/A;N/A;N/A;N/A;N/A;N/A;N/A;N/A;Sí;N/A;N/A;N/A;N/A;N/A;N/A;N/A;N/A;N/A;N/A;N/A;N/A;N/A;N/A;N/A;N/A;N/A;N/A;N/A;N/A;N/A;N/A;N/A;N/A;N/A;N/A;N/A;N/A;N/A;N/A;N/A;N/A;N/A;N/A;N/A;N/A;N/A;No;N/A;N/A;N/A;N/A;N/A;N/A;N/A;N/A;N/A;N/A;N/A;N/A;N/A;N/A;N/A;N/A;N/A;N/A;N/A;N/A;N/A;N/A;N/A;N/A;N/A;N/A;N/A;N/A;N/A;Sí;N/A;N/A;N/A;Sí;Sí;Sí;N/A;Sí;N/A;Sí;N/A;Sí;Sí;N/A;Sí;N/A;Sí;N/A;Sí;N/A;N/A;Sí;N/A;Sí;N/A;N/A;Sí;Sí;Sí
Renault;"Kwid E-Tech";"0.0 Intens";2024;"0 km";;RENAULTPUNTADELESTE;23990;;;;;"Punta del Este";https://auto.mercadolibre.com.uy/MLU-691705866-renault-kwid-e-tech-2024-0km-_JM;N/A;;"Renault Kwid E-tech 2024 0km";usd;Sí;silver;false;N/A;N/A;http://perfil.mercadolibre.com.uy/RENAULTPUNTADELESTE;active;N/A;N/A;Nuevo;Verde;N/A;N/A;Delantera;N/A;N/A;N/A;N/A;N/A;N/A;N/A;N/A;N/A;N/A;N/A;N/A;N/A;N/A;N/A;N/A;N/A;N/A;N/A;N/A;N/A;N/A;N/A;N/A;N/A;"2423 mm";"0 L";N/A;N/A;N/A;N/A;N/A;N/A;N/A;N/A;N/A;N/A;N/A;N/A;N/A;N/A;N/A;N/A;N/A;N/A;N/A;N/A;N/A;N/A;N/A;N/A;N/A;N/A;N/A;N/A;N/A;N/A;N/A;N/A;N/A;N/A;N/A;N/A;N/A;N/A;N/A;N/A;N/A;N/A;N/A;N/A;N/A;N/A;N/A;"1500 mm";"3734 mm";N/A;N/A;N/A;N/A;5;"65 hp";Intens;N/A;N/A;"1770 mm";N/A;N/A;N/A;N/A;N/A;N/A;N/A;N/A;N/A;N/A;N/A;N/A;N/A;N/A;N/A;N/A;N/A;"24 hs";5;0.0;Eléctrico;Automática;Hatchback;"Autos y camionetas";N/A;N/A;N/A;N/A;N/A;N/A;UY;N/A;N/A;N/A;N/A;N/A;N/A;N/A;N/A;N/A;N/A;N/A;N/A;N/A;N/A;N/A;N/A;N/A;N/A;N/A;N/A;N/A;N/A;N/A;N/A;N/A;N/A;N/A;N/A;N/A;N/A;N/A;N/A;N/A;N/A;N/A;N/A;N/A;N/A;N/A;N/A;N/A;N/A;N/A;N/A;N/A;N/A;N/A;N/A;N/A;N/A;N/A;N/A;N/A;N/A;N/A;N/A;N/A;N/A;N/A;N/A;N/A;N/A;N/A;N/A;N/A;N/A;N/A;N/A;N/A;N/A;N/A;N/A;N/A;N/A;N/A;N/A;N/A;N/A;N/A;N/A;N/A;N/A;N/A;N/A;N/A;N/A;N/A;N/A;N/A;N/A;N/A;N/A;N/A;N/A;N/A;N/A;N/A;N/A;N/A;N/A;N/A;N/A;N/A;N/A;N/A;N/A;N/A;N/A;N/A;N/A;N/A;N/A;N/A;N/A;N/A
Renault;Kardian;"1.0 Tce Premiere Edition";2024;"0 km";;"DELTACAR S.A.";30500;;;;;Mercedes;https://auto.mercadolibre.com.uy/MLU-642659297-renault-kardian-2024-10-tce-premiere-edition-_JM;N/A;;"Renault Kardian 2024 1.0 Tce Premiere Edition";usd;Sí;silver;false;N/A;N/A;http://perfil.mercadolibre.com.uy/DELTACAR+S.A.;active;N/A;N/A;Nuevo;N/A;N/A;N/A;Delantera;N/A;N/A;N/A;N/A;N/A;N/A;N/A;N/A;N/A;N/A;N/A;N/A;N/A;N/A;N/A;N/A;N/A;N/A;N/A;N/A;N/A;N/A;N/A;N/A;N/A;"2600 mm";"1 L";"50 L";6;N/A;N/A;N/A;N/A;N/A;N/A;N/A;N/A;N/A;N/A;N/A;N/A;N/A;N/A;N/A;N/A;N/A;N/A;N/A;N/A;N/A;N/A;N/A;N/A;N/A;N/A;N/A;N/A;N/A;N/A;N/A;N/A;N/A;N/A;N/A;N/A;N/A;N/A;N/A;N/A;N/A;N/A;N/A;N/A;N/A;"1545 mm";"4120 mm";N/A;N/A;N/A;N/A;5;"120 hp";"Premiere Edition";N/A;N/A;"1750 mm";N/A;N/A;N/A;N/A;N/A;N/A;N/A;N/A;N/A;N/A;N/A;N/A;N/A;N/A;N/A;N/A;N/A;N/A;5;1.0;Nafta;Automática;N/A;"Autos y camionetas";N/A;N/A;N/A;N/A;N/A;N/A;UY;N/A;N/A;N/A;N/A;N/A;N/A;N/A;N/A;N/A;N/A;N/A;N/A;N/A;N/A;N/A;N/A;N/A;N/A;N/A;N/A;N/A;N/A;N/A;N/A;N/A;N/A;N/A;N/A;N/A;N/A;N/A;N/A;N/A;N/A;N/A;N/A;N/A;N/A;N/A;N/A;N/A;N/A;N/A;N/A;N/A;N/A;N/A;N/A;N/A;N/A;N/A;N/A;N/A;N/A;N/A;N/A;N/A;N/A;N/A;N/A;N/A;N/A;N/A;N/A;N/A;N/A;N/A;N/A;N/A;N/A;N/A;N/A;N/A;N/A;N/A;N/A;N/A;N/A;N/A;N/A;N/A;N/A;N/A;N/A;N/A;N/A;N/A;N/A;N/A;N/A;N/A;N/A;N/A;N/A;N/A;N/A;N/A;N/A;N/A;N/A;N/A;N/A;N/A;N/A;N/A;N/A;N/A;N/A;N/A;N/A;N/A;N/A;N/A;N/A;N/A
Renault;"Duster Oroch";Expression;2020;"100000 km";;AEROCAR2023;15990;;;;;Malvin;https://auto.mercadolibre.com.uy/MLU-695191008-renault-oroch-expression-16-2020-impecable-aerocar-_JM;N/A;;"Renault Oroch Expression 1.6 2020 Impecable! Aerocar";USD;Sí;silver;false;N/A;N/A;http://perfil.mercadolibre.com.uy/AEROCAR2023;active;N/A;N/A;Usado;Blanco;Sí;Hidráulica;N/A;Sí;Sí;Sí;N/A;Sí;N/A;Sí;Sí;N/A;Sí;Sí;N/A;Sí;N/A;N/A;N/A;N/A;N/A;N/A;N/A;N/A;N/A;N/A;N/A;N/A;N/A;"1600 cc";N/A;5;N/A;N/A;N/A;N/A;N/A;N/A;N/A;N/A;N/A;N/A;N/A;N/A;N/A;N/A;N/A;N/A;N/A;N/A;N/A;N/A;N/A;N/A;N/A;Sí;N/A;N/A;N/A;N/A;N/A;Sí;N/A;N/A;N/A;N/A;N/A;N/A;Sí;N/A;N/A;N/A;N/A;N/A;N/A;N/A;N/A;N/A;N/A;N/A;N/A;N/A;N/A;N/A;N/A;N/A;N/A;N/A;N/A;"12 km/l";N/A;N/A;N/A;Sí;N/A;Sí;Sí;N/A;N/A;N/A;"15 km/l";N/A;N/A;Sí;Sí;N/A;"Lun. a Vie. de 9 a 19 hs. Sáb. de 10 a 14 hs.";4;1.6;Nafta;Manual;Pick-Up;"Autos y camionetas";No;N/A;N/A;N/A;No;N/A;N/A;No;Sí;No;No;N/A;N/A;N/A;N/A;N/A;N/A;N/A;N/A;N/A;N/A;N/A;N/A;N/A;N/A;N/A;N/A;N/A;N/A;N/A;N/A;N/A;N/A;N/A;N/A;N/A;N/A;N/A;N/A;N/A;N/A;N/A;N/A;N/A;N/A;N/A;N/A;N/A;N/A;N/A;N/A;N/A;N/A;N/A;N/A;N/A;N/A;N/A;N/A;N/A;N/A;N/A;No;N/A;N/A;N/A;N/A;N/A;N/A;N/A;N/A;N/A;N/A;N/A;N/A;N/A;N/A;N/A;N/A;N/A;N/A;N/A;N/A;N/A;N/A;N/A;N/A;N/A;N/A;N/A;N/A;N/A;N/A;N/A;N/A;N/A;Sí;Sí;Sí;N/A;Sí;Sí;Sí;N/A;Sí;Sí;N/A;Sí;N/A;N/A;N/A;N/A;N/A;N/A;Sí;Sí;Sí;Sí;N/A;Sí;N/A;Sí
Renault;Kwid;Intense;2019;"43000 km";;"AUTOMOTORA ALBANO";11900;;;;;Artigas;https://auto.mercadolibre.com.uy/MLU-706221246-renault-kwid-intense-10-2019-impecable-automotora-albano-_JM;N/A;;"Renault Kwid Intense 1.0 2019 Impecable! - Automotora Albano";usd;Sí;silver;false;N/A;N/A;http://perfil.mercadolibre.com.uy/AUTOMOTORA+ALBANO;active;N/A;N/A;Usado;Bordó;N/A;Hidráulica;N/A;Sí;Sí;N/A;N/A;N/A;N/A;Sí;Sí;N/A;N/A;N/A;N/A;N/A;N/A;N/A;N/A;N/A;N/A;N/A;N/A;N/A;N/A;N/A;N/A;N/A;N/A;"1000 cc";N/A;5;N/A;N/A;N/A;N/A;N/A;N/A;N/A;N/A;N/A;N/A;N/A;N/A;N/A;N/A;N/A;N/A;N/A;N/A;N/A;N/A;N/A;N/A;N/A;N/A;N/A;Sí;N/A;N/A;N/A;N/A;N/A;N/A;N/A;N/A;N/A;N/A;N/A;N/A;N/A;N/A;N/A;N/A;N/A;N/A;N/A;N/A;N/A;N/A;N/A;N/A;N/A;N/A;"66 hp";Intense;N/A;N/A;N/A;"15 km/l";N/A;N/A;N/A;Sí;N/A;Sí;Sí;N/A;N/A;N/A;"20 km/l";N/A;N/A;N/A;N/A;Sí;"Lun a Vie 8:30 a 12:30 y 14:30 a 18:30 hs. Sáb 8:30 a 12 hs";5;1.0;Nafta;Manual;Hatchback;"Autos y camionetas";No;N/A;N/A;N/A;No;N/A;UY;No;Sí;No;No;N/A;N/A;N/A;N/A;N/A;N/A;N/A;N/A;N/A;N/A;N/A;N/A;N/A;N/A;N/A;N/A;N/A;N/A;N/A;N/A;N/A;N/A;N/A;N/A;N/A;N/A;N/A;N/A;N/A;N/A;N/A;N/A;N/A;N/A;N/A;N/A;N/A;N/A;N/A;N/A;N/A;N/A;N/A;N/A;N/A;N/A;N/A;N/A;N/A;N/A;N/A;No;N/A;N/A;N/A;N/A;N/A;N/A;N/A;N/A;N/A;N/A;N/A;N/A;N/A;N/A;N/A;N/A;N/A;N/A;N/A;N/A;N/A;N/A;N/A;N/A;N/A;N/A;N/A;N/A;N/A;Sí;N/A;N/A;N/A;Sí;N/A;N/A;N/A;Sí;N/A;Sí;N/A;N/A;Sí;N/A;Sí;N/A;N/A;N/A;N/A;N/A;N/A;Sí;Sí;Sí;N/A;N/A;Sí;N/A;Sí
Renault;Kwid;"1.0 Sce 66cv Outsider";2022;"18745 km";;AUTOMOTORA51;13500;;;;;"Paso de los Toros";https://auto.mercadolibre.com.uy/MLU-706240516-renault-kwid-10-sce-66cv-outsider-_JM;N/A;;"Renault Kwid 1.0 Sce 66cv Outsider";usd;Sí;silver;false;N/A;N/A;http://perfil.mercadolibre.com.uy/AUTOMOTORA51;active;N/A;N/A;Usado;Blanco;N/A;Hidráulica;Delantera;N/A;N/A;Sí;N/A;N/A;N/A;N/A;N/A;N/A;N/A;N/A;N/A;N/A;N/A;N/A;N/A;N/A;N/A;N/A;N/A;N/A;N/A;N/A;N/A;N/A;"2423 mm";"1 L";"50 L";5;N/A;N/A;N/A;N/A;N/A;N/A;N/A;N/A;N/A;N/A;N/A;N/A;N/A;N/A;N/A;N/A;N/A;N/A;N/A;N/A;N/A;N/A;N/A;N/A;N/A;N/A;N/A;N/A;N/A;N/A;N/A;N/A;N/A;N/A;N/A;N/A;N/A;N/A;N/A;N/A;N/A;N/A;N/A;N/A;N/A;"1474 mm";"3680 mm";N/A;N/A;N/A;N/A;5;"66 hp";Outsider;N/A;4;"1752 mm";N/A;N/A;N/A;N/A;N/A;N/A;N/A;N/A;N/A;N/A;N/A;N/A;N/A;N/A;N/A;N/A;N/A;N/A;5;1.0;Nafta;Manual;Hatchback;"Autos y camionetas";N/A;N/A;N/A;N/A;N/A;N/A;UY;N/A;N/A;N/A;N/A;N/A;N/A;N/A;N/A;N/A;N/A;N/A;N/A;N/A;N/A;N/A;N/A;N/A;N/A;N/A;N/A;N/A;N/A;N/A;N/A;N/A;N/A;N/A;N/A;N/A;N/A;N/A;N/A;N/A;N/A;N/A;N/A;N/A;N/A;N/A;N/A;N/A;N/A;N/A;N/A;N/A;N/A;N/A;N/A;N/A;N/A;N/A;N/A;N/A;N/A;N/A;N/A;N/A;N/A;N/A;N/A;N/A;N/A;N/A;N/A;N/A;N/A;N/A;N/A;N/A;N/A;N/A;N/A;N/A;N/A;N/A;N/A;N/A;N/A;N/A;N/A;N/A;N/A;N/A;N/A;N/A;N/A;N/A;N/A;N/A;N/A;N/A;N/A;N/A;N/A;N/A;N/A;N/A;N/A;N/A;N/A;N/A;N/A;N/A;N/A;N/A;N/A;N/A;N/A;N/A;N/A;N/A;N/A;N/A;N/A;N/A
Renault;"Duster Oroch";Expression;2019;"98646 km";;"AUTOMAX URUGUAY";14500;;;;;"Ciudad de la Costa";https://auto.mercadolibre.com.uy/MLU-703640796-renault-oroch-expression-2019-_JM;N/A;;"Renault Oroch Expression 2019";USD;Sí;silver;false;N/A;N/A;http://perfil.mercadolibre.com.uy/AUTOMAX+URUGUAY;active;N/A;N/A;Usado;Blanco;Sí;Hidráulica;N/A;Sí;N/A;N/A;N/A;N/A;N/A;Sí;Sí;N/A;N/A;Sí;N/A;Sí;N/A;N/A;N/A;N/A;N/A;N/A;N/A;N/A;N/A;N/A;N/A;N/A;N/A;"1600 cc";N/A;N/A;N/A;N/A;N/A;N/A;N/A;N/A;N/A;N/A;N/A;N/A;N/A;N/A;N/A;N/A;N/A;N/A;N/A;N/A;N/A;N/A;N/A;N/A;N/A;N/A;N/A;N/A;N/A;N/A;N/A;N/A;N/A;N/A;N/A;N/A;N/A;N/A;N/A;N/A;N/A;N/A;N/A;N/A;N/A;N/A;N/A;N/A;N/A;N/A;N/A;N/A;N/A;N/A;N/A;N/A;N/A;N/A;N/A;N/A;N/A;N/A;N/A;Sí;N/A;N/A;Sí;N/A;N/A;N/A;N/A;N/A;N/A;N/A;N/A;N/A;"Lun. a Vier. - 09:30 a 19:00hs. Sab. 09:30 a 13:00";2;1.6;Nafta;Manual;Pick-Up;"Autos y camionetas";No;N/A;N/A;N/A;No;N/A;N/A;No;Sí;No;No;N/A;N/A;N/A;N/A;N/A;N/A;N/A;N/A;N/A;N/A;N/A;N/A;N/A;N/A;N/A;N/A;N/A;N/A;N/A;N/A;N/A;N/A;N/A;N/A;N/A;N/A;N/A;N/A;N/A;N/A;N/A;N/A;N/A;N/A;N/A;N/A;N/A;N/A;N/A;N/A;N/A;N/A;N/A;N/A;N/A;N/A;N/A;N/A;N/A;N/A;N/A;No;N/A;N/A;N/A;N/A;N/A;N/A;N/A;N/A;N/A;N/A;N/A;N/A;N/A;N/A;N/A;N/A;N/A;N/A;N/A;N/A;N/A;N/A;N/A;N/A;N/A;N/A;N/A;N/A;N/A;N/A;N/A;N/A;N/A;Sí;N/A;Sí;N/A;Sí;N/A;N/A;N/A;Sí;Sí;N/A;N/A;N/A;N/A;N/A;N/A;N/A;N/A;Sí;Sí;Sí;N/A;N/A;Sí;N/A;Sí
Renault;"Duster Oroch";"1.6 Dynamique";2021;"35000 km";;"SEBASTIAN MAGALLANES";18900;;;;;"Punta del Este";https://auto.mercadolibre.com.uy/MLU-647220687-renault-oroch-dynamique-16-mt-_JM;N/A;;"Renault Oroch Dynamique 1.6 Mt ";usd;Sí;silver;false;N/A;N/A;http://perfil.mercadolibre.com.uy/SEBASTIAN+MAGALLANES;active;N/A;N/A;Usado;Blanco;Sí;N/A;4x2;Sí;Sí;Sí;N/A;N/A;N/A;N/A;N/A;N/A;N/A;N/A;N/A;Sí;N/A;N/A;N/A;N/A;N/A;N/A;N/A;N/A;N/A;N/A;N/A;N/A;"2829 mm";"1.6 L";"50 L";5;N/A;N/A;N/A;N/A;N/A;N/A;N/A;N/A;N/A;N/A;N/A;N/A;N/A;N/A;N/A;N/A;N/A;N/A;N/A;N/A;N/A;N/A;N/A;N/A;N/A;N/A;N/A;N/A;N/A;Sí;N/A;N/A;N/A;N/A;N/A;N/A;N/A;N/A;N/A;N/A;N/A;N/A;N/A;N/A;N/A;"1683 mm";"4329 mm";N/A;N/A;N/A;N/A;5;"110 hp";Dynamique;N/A;4;"1821 mm";"11.1 km/l";N/A;N/A;N/A;Sí;N/A;Sí;Sí;N/A;N/A;N/A;"10.4 km/l";Sí;Sí;N/A;N/A;N/A;"L-V 9:30-19:00Hs S10-14:00Hs";4;1.6;Nafta;Manual;SUV;"Autos y camionetas";N/A;N/A;N/A;N/A;N/A;N/A;UY;N/A;Sí;N/A;N/A;N/A;N/A;N/A;N/A;N/A;N/A;N/A;N/A;N/A;N/A;N/A;N/A;N/A;N/A;N/A;N/A;N/A;N/A;N/A;N/A;N/A;N/A;N/A;N/A;N/A;N/A;N/A;N/A;N/A;N/A;N/A;N/A;N/A;N/A;N/A;N/A;N/A;N/A;N/A;N/A;N/A;N/A;N/A;N/A;N/A;N/A;N/A;N/A;N/A;N/A;N/A;Sí;N/A;N/A;N/A;N/A;N/A;N/A;N/A;N/A;N/A;N/A;N/A;N/A;N/A;N/A;N/A;N/A;N/A;N/A;N/A;N/A;N/A;N/A;N/A;N/A;N/A;N/A;N/A;N/A;N/A;N/A;N/A;N/A;N/A;Sí;Sí;Sí;N/A;Sí;N/A;N/A;N/A;N/A;Sí;N/A;Sí;Sí;N/A;N/A;N/A;Sí;Sí;Sí;Sí;Sí;N/A;N/A;Sí;N/A;Sí
Renault;Kwid;"1.0 Sce 66cv Zen";2019;"61000 km";;JAVIERCHARREAU;11800;;;;;Carmelo;https://auto.mercadolibre.com.uy/MLU-703103860-renault-kwid-_JM;N/A;;"Renault Kwid";usd;Sí;silver;false;N/A;N/A;http://perfil.mercadolibre.com.uy/JAVIERCHARREAU;active;N/A;N/A;Usado;Blanco;N/A;Hidráulica;Delantera;Sí;Sí;Sí;N/A;N/A;N/A;N/A;N/A;N/A;N/A;N/A;N/A;Sí;N/A;N/A;N/A;N/A;N/A;N/A;N/A;N/A;N/A;N/A;N/A;N/A;"2423 mm";"1 L";"50 L";5;N/A;N/A;N/A;N/A;N/A;N/A;N/A;N/A;N/A;N/A;N/A;N/A;N/A;N/A;N/A;N/A;N/A;N/A;N/A;N/A;N/A;N/A;N/A;N/A;N/A;N/A;N/A;N/A;N/A;N/A;N/A;N/A;N/A;N/A;N/A;N/A;N/A;N/A;N/A;N/A;N/A;N/A;N/A;N/A;N/A;"1474 mm";"3680 mm";N/A;N/A;N/A;N/A;5;"66 hp";Zen;N/A;4;"1752 mm";N/A;N/A;N/A;N/A;N/A;N/A;N/A;N/A;N/A;N/A;N/A;N/A;N/A;N/A;N/A;N/A;N/A;"Lunes a Sábados 08:00 a 18:00 hs";5;1.0;Nafta;Manual;Hatchback;"Autos y camionetas";N/A;N/A;N/A;N/A;N/A;N/A;UY;N/A;N/A;N/A;N/A;N/A;N/A;N/A;N/A;N/A;N/A;N/A;N/A;N/A;N/A;N/A;N/A;N/A;N/A;N/A;N/A;N/A;N/A;N/A;N/A;N/A;N/A;N/A;N/A;N/A;N/A;N/A;N/A;N/A;N/A;N/A;N/A;N/A;N/A;N/A;N/A;N/A;N/A;N/A;N/A;N/A;N/A;N/A;N/A;N/A;N/A;N/A;N/A;N/A;N/A;N/A;N/A;N/A;N/A;N/A;N/A;N/A;N/A;N/A;N/A;N/A;N/A;N/A;N/A;N/A;N/A;N/A;N/A;N/A;N/A;N/A;N/A;N/A;N/A;N/A;N/A;N/A;N/A;N/A;N/A;N/A;N/A;N/A;N/A;N/A;Sí;N/A;N/A;N/A;Sí;N/A;N/A;N/A;N/A;Sí;N/A;N/A;N/A;N/A;N/A;N/A;N/A;N/A;Sí;N/A;Sí;N/A;N/A;Sí;N/A;N/A
Renault;"Grand Captur";Zen;2018;"78706 km";;"CHEVROLET RIVERA";17800;;;;;Florida;https://auto.mercadolibre.com.uy/MLU-702434990-renault-grand-captur-zen-20-2018-muy-buen-estado-_JM;N/A;;"Renault Grand Captur Zen 2.0 2018 Muy Buen Estado!";usd;Sí;silver;false;N/A;N/A;http://perfil.mercadolibre.com.uy/CHEVROLET+RIVERA;active;N/A;N/A;Usado;Rojo;N/A;Hidráulica;N/A;Sí;Sí;Sí;N/A;Sí;N/A;Sí;Sí;N/A;N/A;Sí;Sí;Sí;N/A;Sí;N/A;N/A;N/A;N/A;N/A;N/A;N/A;N/A;N/A;N/A;N/A;"2000 cc";N/A;4;N/A;N/A;N/A;N/A;N/A;N/A;N/A;N/A;N/A;N/A;N/A;N/A;N/A;N/A;N/A;N/A;N/A;N/A;N/A;N/A;N/A;N/A;N/A;N/A;N/A;N/A;N/A;N/A;N/A;N/A;N/A;N/A;N/A;N/A;N/A;N/A;Sí;N/A;N/A;N/A;N/A;N/A;N/A;N/A;N/A;N/A;N/A;N/A;N/A;N/A;N/A;N/A;"143 hp";N/A;N/A;N/A;N/A;N/A;N/A;N/A;N/A;Sí;Sí;Sí;Sí;N/A;N/A;N/A;N/A;N/A;N/A;N/A;N/A;Sí;"Lunes a Viernes de 8:30 a 19 hs";5;2.0;Nafta;Automática;SUV;"Autos y camionetas";No;N/A;N/A;N/A;No;N/A;UY;No;Sí;No;No;N/A;N/A;N/A;N/A;N/A;N/A;N/A;N/A;N/A;N/A;N/A;N/A;N/A;N/A;N/A;N/A;N/A;N/A;N/A;N/A;N/A;N/A;N/A;N/A;N/A;N/A;N/A;N/A;N/A;N/A;N/A;N/A;N/A;N/A;N/A;N/A;N/A;N/A;N/A;N/A;N/A;N/A;N/A;N/A;N/A;N/A;N/A;N/A;N/A;N/A;N/A;No;N/A;N/A;N/A;N/A;N/A;N/A;N/A;N/A;N/A;N/A;N/A;N/A;N/A;N/A;N/A;N/A;N/A;N/A;N/A;N/A;N/A;N/A;N/A;N/A;N/A;N/A;N/A;N/A;N/A;N/A;N/A;N/A;N/A;Sí;Sí;Sí;N/A;Sí;Sí;Sí;N/A;N/A;Sí;N/A;N/A;N/A;N/A;N/A;N/A;Sí;N/A;Sí;N/A;Sí;N/A;N/A;N/A;N/A;Sí
Renault;Kwid;"ZEN 1.0";2025;"0 km";;"AUTOMOTORA MARMOLEJO";14800;;;;;Minas;https://auto.mercadolibre.com.uy/MLU-702345372-renault-kwid-zen-10-ano-2025-_JM;N/A;;"Renault Kwid Zen 1.0, Año 2025.";USD;Sí;silver;false;N/A;N/A;http://perfil.mercadolibre.com.uy/AUTOMOTORA+MARMOLEJO;active;N/A;N/A;Nuevo;Negro;N/A;Eléctrica;N/A;N/A;N/A;N/A;N/A;N/A;N/A;N/A;N/A;N/A;N/A;N/A;N/A;N/A;N/A;N/A;N/A;N/A;N/A;N/A;N/A;N/A;N/A;N/A;N/A;N/A;N/A;N/A;N/A;N/A;N/A;N/A;N/A;N/A;N/A;N/A;N/A;N/A;N/A;N/A;N/A;N/A;N/A;N/A;N/A;N/A;N/A;N/A;N/A;N/A;N/A;N/A;N/A;N/A;N/A;N/A;N/A;N/A;N/A;N/A;N/A;N/A;N/A;N/A;N/A;N/A;N/A;N/A;N/A;N/A;N/A;N/A;N/A;N/A;N/A;N/A;N/A;N/A;N/A;N/A;N/A;N/A;N/A;N/A;N/A;N/A;N/A;N/A;N/A;N/A;N/A;N/A;N/A;N/A;N/A;N/A;N/A;N/A;N/A;N/A;N/A;N/A;N/A;N/A;"Lunes a Viernes de 8:30 a 12:00 y de 14:30 a 19:00hs, Sábados de 9:00 a 12:00hs.";5;1.0;Nafta;Manual;Hatchback;"Autos y camionetas";N/A;N/A;N/A;N/A;N/A;N/A;N/A;N/A;N/A;N/A;N/A;N/A;N/A;N/A;N/A;N/A;N/A;N/A;N/A;N/A;N/A;N/A;N/A;N/A;N/A;N/A;N/A;N/A;N/A;N/A;N/A;N/A;N/A;N/A;N/A;N/A;N/A;N/A;N/A;N/A;N/A;N/A;N/A;Sí;N/A;N/A;N/A;N/A;N/A;N/A;N/A;N/A;N/A;N/A;N/A;N/A;N/A;N/A;N/A;N/A;N/A;Sí;N/A;N/A;N/A;N/A;N/A;N/A;N/A;N/A;N/A;N/A;N/A;N/A;N/A;N/A;N/A;N/A;N/A;N/A;N/A;N/A;N/A;N/A;N/A;N/A;N/A;N/A;N/A;N/A;N/A;N/A;N/A;N/A;N/A;N/A;N/A;N/A;N/A;N/A;N/A;N/A;N/A;N/A;N/A;N/A;N/A;N/A;N/A;N/A;N/A;N/A;N/A;N/A;N/A;N/A;N/A;N/A;N/A;N/A;N/A;N/A
Renault;Kwid;Life;2021;"43000 km";;"VIPERCAR AUTOMOVILES_3";12290;;;;;Centro;https://auto.mercadolibre.com.uy/MLU-700339556-renault-kwid-life-10-2021-impecable-_JM;N/A;;"Renault Kwid Life 1.0 2021 Impecable!";USD;Sí;silver;false;N/A;N/A;http://perfil.mercadolibre.com.uy/VIPERCAR+AUTOMOVILES_3;active;N/A;N/A;Usado;Plateado;Sí;Hidráulica;N/A;Sí;N/A;N/A;N/A;N/A;N/A;Sí;N/A;N/A;N/A;N/A;N/A;N/A;N/A;N/A;N/A;N/A;N/A;N/A;N/A;N/A;N/A;N/A;N/A;N/A;N/A;"1000 cc";N/A;5;N/A;N/A;N/A;N/A;N/A;N/A;N/A;N/A;N/A;N/A;N/A;N/A;N/A;N/A;N/A;N/A;N/A;N/A;N/A;N/A;N/A;N/A;N/A;Sí;N/A;Sí;N/A;N/A;N/A;N/A;N/A;N/A;N/A;N/A;N/A;N/A;Sí;N/A;N/A;N/A;N/A;N/A;N/A;N/A;N/A;N/A;N/A;N/A;N/A;N/A;N/A;N/A;N/A;Life;N/A;N/A;N/A;N/A;N/A;N/A;N/A;N/A;N/A;N/A;N/A;Sí;N/A;N/A;N/A;N/A;N/A;N/A;N/A;N/A;"Lun a Vie de 9 a 12:30 y de 13:30 a 19. Sáb de 9 a 13 hs.";5;1.0;Nafta;Manual;Hatchback;"Autos y camionetas";No;N/A;N/A;N/A;No;N/A;N/A;No;Sí;No;No;N/A;N/A;N/A;N/A;N/A;N/A;N/A;N/A;N/A;N/A;N/A;N/A;N/A;N/A;N/A;N/A;N/A;N/A;N/A;N/A;N/A;N/A;N/A;N/A;N/A;N/A;N/A;N/A;N/A;N/A;N/A;N/A;N/A;N/A;N/A;N/A;N/A;N/A;N/A;N/A;N/A;N/A;N/A;N/A;N/A;N/A;N/A;N/A;N/A;N/A;N/A;No;N/A;N/A;N/A;N/A;N/A;N/A;N/A;N/A;N/A;N/A;N/A;N/A;N/A;N/A;N/A;N/A;N/A;N/A;N/A;N/A;N/A;N/A;N/A;N/A;N/A;N/A;N/A;N/A;N/A;N/A;N/A;N/A;N/A;Sí;Sí;N/A;N/A;Sí;N/A;N/A;N/A;N/A;Sí;N/A;N/A;N/A;N/A;Sí;N/A;N/A;N/A;Sí;N/A;Sí;N/A;N/A;N/A;N/A;N/A
Renault;"Sandero Stepway";Privilege;2014;"117000 km";;VKSA2018;11000;;;;;Malvin;https://auto.mercadolibre.com.uy/MLU-646521189-renault-sandero-stepway-privilege-16-2014-excelente-estado-_JM;N/A;;"Renault Sandero Stepway Privilege 1.6 2014 Excelente Estado";usd;Sí;silver;false;N/A;N/A;http://perfil.mercadolibre.com.uy/VKSA2018;active;N/A;N/A;Usado;"Gris oscuro";N/A;Hidráulica;N/A;Sí;Sí;N/A;N/A;N/A;N/A;Sí;Sí;N/A;N/A;Sí;N/A;Sí;N/A;N/A;N/A;N/A;N/A;N/A;N/A;N/A;N/A;N/A;N/A;N/A;N/A;"1600 cc";N/A;5;N/A;N/A;N/A;N/A;N/A;N/A;N/A;N/A;N/A;N/A;N/A;N/A;N/A;N/A;N/A;N/A;N/A;N/A;N/A;N/A;N/A;N/A;N/A;N/A;N/A;N/A;N/A;N/A;N/A;N/A;N/A;N/A;N/A;N/A;N/A;N/A;Sí;N/A;N/A;N/A;N/A;N/A;N/A;N/A;N/A;N/A;N/A;N/A;N/A;N/A;N/A;N/A;"110 hp";Privilege;N/A;N/A;N/A;"14 km/l";N/A;N/A;N/A;Sí;N/A;Sí;N/A;Sí;N/A;N/A;"18 km/l";N/A;N/A;N/A;N/A;Sí;"Lun. a Vie. de 10 a 17 hs. Sábados cerrado.";5;1.6;Nafta;Manual;Hatchback;"Autos y camionetas";No;N/A;N/A;N/A;No;N/A;UY;No;Sí;No;No;N/A;N/A;N/A;N/A;N/A;N/A;N/A;N/A;N/A;N/A;N/A;N/A;N/A;N/A;N/A;N/A;N/A;N/A;N/A;N/A;N/A;N/A;N/A;N/A;N/A;N/A;N/A;N/A;N/A;N/A;N/A;N/A;N/A;N/A;N/A;N/A;N/A;N/A;N/A;N/A;N/A;N/A;N/A;N/A;N/A;N/A;N/A;N/A;N/A;N/A;N/A;No;N/A;N/A;N/A;N/A;N/A;N/A;N/A;N/A;N/A;N/A;N/A;N/A;N/A;N/A;N/A;N/A;N/A;N/A;N/A;N/A;N/A;N/A;N/A;N/A;N/A;N/A;N/A;N/A;N/A;N/A;N/A;N/A;N/A;Sí;N/A;Sí;N/A;Sí;N/A;N/A;N/A;Sí;Sí;N/A;N/A;N/A;N/A;N/A;N/A;N/A;N/A;Sí;Sí;N/A;Sí;N/A;Sí;N/A;N/A
Renault;"Kwid E-Tech";"0.0 Intens";2024;"0 km";;RECRULSA;19900;;;;;Melo;https://auto.mercadolibre.com.uy/MLU-646480249-renault-kwid-e-tech-00-intens-_JM;N/A;;"Renault Kwid E-tech 0.0 Intens";usd;Sí;silver;false;N/A;N/A;http://perfil.mercadolibre.com.uy/RECRULSA;active;N/A;N/A;Nuevo;Verde;N/A;Eléctrica;Delantera;Sí;Sí;N/A;N/A;N/A;N/A;N/A;N/A;N/A;N/A;N/A;Sí;Sí;N/A;Sí;N/A;N/A;N/A;N/A;N/A;N/A;N/A;N/A;N/A;N/A;"2423 mm";"0 L";N/A;N/A;N/A;N/A;N/A;N/A;N/A;N/A;N/A;N/A;N/A;N/A;N/A;N/A;N/A;N/A;N/A;N/A;N/A;N/A;N/A;N/A;N/A;N/A;N/A;N/A;N/A;N/A;N/A;N/A;N/A;Sí;N/A;N/A;N/A;N/A;N/A;N/A;N/A;N/A;N/A;N/A;N/A;N/A;N/A;N/A;N/A;"1500 mm";"3734 mm";N/A;N/A;N/A;N/A;5;"65 hp";Intens;N/A;N/A;"1770 mm";N/A;Sí;N/A;Sí;Sí;N/A;Sí;Sí;N/A;N/A;N/A;N/A;N/A;N/A;N/A;N/A;Sí;N/A;5;0.0;Eléctrico;Automática;Hatchback;"Autos y camionetas";N/A;N/A;N/A;N/A;N/A;N/A;UY;N/A;N/A;N/A;N/A;N/A;N/A;N/A;N/A;N/A;N/A;N/A;N/A;N/A;N/A;N/A;N/A;N/A;Sí;N/A;N/A;N/A;N/A;N/A;N/A;N/A;N/A;N/A;N/A;N/A;N/A;N/A;N/A;N/A;N/A;N/A;N/A;Sí;N/A;N/A;N/A;N/A;N/A;N/A;N/A;N/A;N/A;N/A;N/A;N/A;N/A;N/A;N/A;N/A;N/A;Sí;N/A;N/A;N/A;N/A;N/A;N/A;N/A;N/A;N/A;N/A;N/A;N/A;N/A;N/A;N/A;N/A;N/A;N/A;N/A;N/A;N/A;N/A;N/A;N/A;N/A;N/A;N/A;N/A;N/A;N/A;N/A;N/A;N/A;N/A;Sí;Sí;N/A;N/A;Sí;N/A;N/A;N/A;N/A;Sí;Sí;Sí;Sí;N/A;N/A;Sí;Sí;Sí;Sí;N/A;Sí;N/A;N/A;N/A;N/A;N/A
Renault;Duster;"2.0 4x2 Luxe Nav 138cv";2014;"167000 km";;"DELTACAR S.A.";13500;;;;;Mercedes;https://auto.mercadolibre.com.uy/MLU-699470214-renault-duster-2014-20-4x2-luxe-nav-138cv-_JM;N/A;;"Renault Duster 2014 2.0 4x2 Luxe Nav 138cv";usd;Sí;silver;false;N/A;N/A;http://perfil.mercadolibre.com.uy/DELTACAR+S.A.;active;N/A;N/A;Usado;Gris;N/A;Hidráulica;4x2;Sí;N/A;Sí;N/A;N/A;N/A;N/A;N/A;N/A;N/A;N/A;N/A;Sí;N/A;N/A;N/A;N/A;N/A;N/A;N/A;N/A;N/A;N/A;N/A;N/A;"2673 mm";"2 L";"50 L";6;N/A;N/A;N/A;N/A;N/A;N/A;N/A;N/A;N/A;N/A;N/A;N/A;N/A;N/A;N/A;N/A;N/A;N/A;N/A;N/A;N/A;N/A;N/A;N/A;N/A;N/A;N/A;N/A;N/A;N/A;N/A;N/A;N/A;Sí;Sí;N/A;N/A;N/A;N/A;N/A;N/A;N/A;N/A;N/A;N/A;"1695 mm";"4315 mm";N/A;N/A;N/A;N/A;5;"138 hp";Luxe;N/A;4;"1822 mm";"10.2 km/l";N/A;N/A;N/A;Sí;N/A;Sí;Sí;N/A;N/A;N/A;N/A;N/A;N/A;N/A;N/A;N/A;"todos los dias";5;2.0;Nafta;Manual;SUV;"Autos y camionetas";N/A;N/A;N/A;N/A;N/A;N/A;UY;N/A;N/A;N/A;N/A;N/A;N/A;N/A;N/A;N/A;N/A;N/A;N/A;N/A;N/A;N/A;N/A;N/A;N/A;N/A;N/A;N/A;N/A;N/A;N/A;N/A;N/A;N/A;N/A;N/A;N/A;N/A;N/A;N/A;N/A;N/A;N/A;N/A;N/A;N/A;N/A;N/A;N/A;N/A;N/A;N/A;N/A;N/A;N/A;N/A;N/A;N/A;N/A;N/A;N/A;N/A;N/A;N/A;N/A;N/A;N/A;N/A;N/A;N/A;N/A;N/A;N/A;N/A;N/A;N/A;N/A;N/A;N/A;N/A;N/A;N/A;N/A;N/A;N/A;N/A;N/A;N/A;N/A;N/A;N/A;N/A;N/A;N/A;N/A;N/A;N/A;N/A;N/A;N/A;N/A;N/A;N/A;N/A;N/A;Sí;N/A;N/A;Sí;N/A;N/A;N/A;Sí;Sí;N/A;N/A;N/A;N/A;N/A;N/A;N/A;N/A
Renault;Kwid;"1.0 Sce 66cv Zen";2018;"49500 km";;"OLIVERA AUTOMOTORES";11800;;;;;Salto;https://auto.mercadolibre.com.uy/MLU-698353662-renault-kwid-zen-10-_JM;N/A;;"Renault Kwid Zen 1.0 ";usd;Sí;silver;false;N/A;N/A;http://perfil.mercadolibre.com.uy/OLIVERA+AUTOMOTORES;active;N/A;N/A;Usado;Blanco;N/A;Hidráulica;Delantera;N/A;N/A;Sí;N/A;N/A;N/A;N/A;N/A;N/A;N/A;N/A;N/A;N/A;N/A;N/A;N/A;N/A;N/A;N/A;N/A;N/A;N/A;N/A;N/A;N/A;"2423 mm";"1 L";"50 L";5;N/A;N/A;N/A;N/A;N/A;N/A;N/A;N/A;N/A;N/A;N/A;N/A;N/A;N/A;N/A;N/A;N/A;N/A;N/A;N/A;N/A;N/A;N/A;N/A;N/A;N/A;N/A;N/A;N/A;N/A;N/A;N/A;N/A;N/A;N/A;N/A;N/A;N/A;N/A;N/A;N/A;N/A;N/A;N/A;N/A;"1474 mm";"3680 mm";N/A;N/A;N/A;N/A;5;"66 hp";Zen;N/A;4;"1752 mm";N/A;N/A;N/A;N/A;N/A;N/A;N/A;N/A;N/A;N/A;N/A;N/A;N/A;N/A;N/A;N/A;N/A;N/A;5;1.0;Nafta;Manual;Hatchback;"Autos y camionetas";N/A;N/A;N/A;N/A;N/A;N/A;UY;N/A;N/A;N/A;N/A;N/A;N/A;N/A;N/A;N/A;N/A;N/A;N/A;N/A;N/A;N/A;N/A;N/A;N/A;N/A;N/A;N/A;N/A;N/A;N/A;N/A;N/A;N/A;N/A;N/A;N/A;N/A;N/A;N/A;N/A;N/A;N/A;N/A;N/A;N/A;N/A;N/A;N/A;N/A;N/A;N/A;N/A;N/A;N/A;N/A;N/A;N/A;N/A;N/A;N/A;N/A;N/A;N/A;N/A;N/A;N/A;N/A;N/A;N/A;N/A;N/A;N/A;N/A;N/A;N/A;N/A;N/A;N/A;N/A;N/A;N/A;N/A;N/A;N/A;N/A;N/A;N/A;N/A;N/A;N/A;N/A;N/A;N/A;N/A;N/A;N/A;N/A;N/A;N/A;N/A;N/A;N/A;N/A;N/A;N/A;N/A;N/A;N/A;N/A;N/A;N/A;N/A;N/A;N/A;N/A;N/A;N/A;N/A;N/A;N/A;N/A
Renault;Kwid;intense;2022;"21000 km";;AEROCAR2023;13490;;;;;Malvin;https://auto.mercadolibre.com.uy/MLU-645377597-renault-kwid-intense-10-2022-impecable-aerocar-_JM;N/A;;"Renault Kwid Intense 1.0 2022 Impecable! Aerocar";usd;Sí;silver;false;N/A;N/A;http://perfil.mercadolibre.com.uy/AEROCAR2023;active;N/A;N/A;Usado;Naranja;Sí;Hidráulica;N/A;Sí;Sí;N/A;N/A;N/A;N/A;Sí;N/A;N/A;N/A;Sí;N/A;Sí;N/A;Sí;N/A;N/A;N/A;N/A;N/A;N/A;N/A;N/A;N/A;N/A;N/A;"1000 cc";N/A;5;N/A;N/A;Sí;Sí;N/A;N/A;N/A;N/A;N/A;N/A;N/A;N/A;N/A;N/A;N/A;N/A;N/A;N/A;N/A;N/A;N/A;N/A;N/A;N/A;N/A;Sí;N/A;N/A;N/A;N/A;N/A;N/A;N/A;N/A;N/A;N/A;N/A;N/A;N/A;N/A;N/A;N/A;N/A;N/A;N/A;N/A;N/A;N/A;N/A;N/A;N/A;N/A;N/A;Intense;N/A;N/A;N/A;N/A;N/A;N/A;N/A;Sí;N/A;N/A;Sí;N/A;N/A;N/A;N/A;N/A;N/A;N/A;N/A;N/A;"Lun. a Vie. de 9 a 19 hs. Sáb. de 10 a 14 hs.";5;1.0;Nafta;Manual;Hatchback;"Autos y camionetas";No;N/A;N/A;N/A;No;N/A;UY;No;Sí;No;No;N/A;N/A;N/A;N/A;N/A;N/A;N/A;N/A;N/A;N/A;N/A;N/A;N/A;N/A;N/A;N/A;N/A;N/A;N/A;N/A;N/A;N/A;N/A;N/A;N/A;N/A;N/A;N/A;N/A;N/A;N/A;N/A;N/A;N/A;N/A;N/A;N/A;N/A;N/A;N/A;N/A;N/A;N/A;N/A;N/A;N/A;N/A;N/A;N/A;N/A;N/A;No;N/A;N/A;N/A;N/A;N/A;N/A;N/A;N/A;N/A;N/A;N/A;N/A;N/A;N/A;N/A;N/A;N/A;N/A;N/A;N/A;N/A;N/A;N/A;N/A;N/A;N/A;N/A;N/A;N/A;N/A;N/A;N/A;N/A;Sí;N/A;N/A;N/A;Sí;N/A;Sí;N/A;N/A;Sí;N/A;N/A;N/A;N/A;Sí;N/A;N/A;N/A;Sí;Sí;Sí;N/A;N/A;N/A;Sí;Sí
Renault;Kardian;"Premiere Edition";2024;"0 km";;AEROCAR2013;29990;;;;;Carrasco;https://auto.mercadolibre.com.uy/MLU-696829648-renault-kardian-premiere-edition-10-2024-0km-interauto-_JM;N/A;;"Renault Kardian Premiere Edition 1.0 2024 0km Interauto";usd;Sí;silver;false;N/A;N/A;http://perfil.mercadolibre.com.uy/AEROCAR2013;active;N/A;N/A;Nuevo;N/A;N/A;Hidráulica;Delantera;Sí;Sí;Sí;N/A;Sí;N/A;Sí;Sí;N/A;Sí;Sí;Sí;Sí;N/A;Sí;N/A;N/A;N/A;N/A;N/A;N/A;N/A;N/A;N/A;N/A;N/A;"1000 cc";N/A;6;N/A;N/A;Sí;Sí;Sí;Sí;N/A;N/A;N/A;N/A;N/A;N/A;N/A;N/A;N/A;N/A;N/A;N/A;N/A;N/A;N/A;N/A;N/A;Sí;N/A;Sí;N/A;Sí;N/A;Sí;N/A;N/A;N/A;N/A;N/A;N/A;Sí;N/A;N/A;N/A;N/A;N/A;Sí;N/A;N/A;N/A;N/A;N/A;N/A;N/A;N/A;N/A;N/A;N/A;N/A;N/A;N/A;"15 km/l";N/A;N/A;Sí;Sí;Sí;Sí;Sí;Sí;N/A;N/A;"17 km/l";N/A;N/A;N/A;N/A;Sí;"Lunes a Domingo de 9 a 18:30 hs";5;1.0;Nafta;Automática;SUV;"Autos y camionetas";No;N/A;N/A;N/A;No;N/A;UY;No;Sí;No;No;N/A;N/A;N/A;N/A;N/A;N/A;N/A;N/A;N/A;N/A;N/A;N/A;N/A;N/A;N/A;N/A;N/A;N/A;N/A;N/A;N/A;N/A;N/A;N/A;N/A;N/A;N/A;N/A;N/A;N/A;N/A;N/A;Sí;N/A;N/A;N/A;N/A;N/A;N/A;N/A;N/A;N/A;N/A;N/A;N/A;N/A;N/A;N/A;N/A;N/A;Sí;No;N/A;N/A;N/A;N/A;N/A;N/A;N/A;N/A;N/A;N/A;N/A;N/A;N/A;N/A;N/A;N/A;N/A;N/A;N/A;N/A;N/A;N/A;N/A;N/A;N/A;N/A;N/A;N/A;N/A;Sí;N/A;N/A;N/A;Sí;Sí;Sí;Sí;Sí;Sí;Sí;N/A;N/A;Sí;Sí;Sí;N/A;N/A;Sí;Sí;N/A;N/A;Sí;N/A;Sí;N/A;N/A;N/A;N/A;N/A
Renault;"Grand Captur";Zen;2018;"53700 km";;"OSCARPISANO RENAULT-NISSAN";18900;;;;;Sayago;https://auto.mercadolibre.com.uy/MLU-697180864-renault-grand-captur-zen-20-2018-impecable-_JM;N/A;;"Renault Grand Captur Zen 2.0 2018 Impecable!";usd;Sí;silver;false;N/A;N/A;http://perfil.mercadolibre.com.uy/OSCARPISANO+RENAULT-NISSAN;active;N/A;N/A;Usado;"Gris oscuro";Sí;Hidráulica;N/A;Sí;Sí;Sí;N/A;Sí;N/A;N/A;Sí;N/A;N/A;Sí;Sí;Sí;N/A;N/A;N/A;N/A;N/A;N/A;N/A;N/A;N/A;N/A;N/A;N/A;N/A;"2000 cc";N/A;6;N/A;N/A;N/A;N/A;N/A;N/A;N/A;N/A;N/A;N/A;N/A;N/A;N/A;N/A;N/A;N/A;N/A;N/A;N/A;N/A;N/A;N/A;N/A;Sí;N/A;N/A;N/A;N/A;N/A;N/A;N/A;N/A;N/A;N/A;N/A;N/A;N/A;N/A;N/A;N/A;N/A;N/A;N/A;N/A;N/A;N/A;N/A;N/A;N/A;N/A;N/A;N/A;N/A;N/A;N/A;N/A;N/A;"10 km/l";N/A;N/A;N/A;Sí;Sí;N/A;Sí;N/A;N/A;N/A;"13 km/l";N/A;N/A;N/A;N/A;Sí;"Lun. a Sáb. de 9:30 a 18:30 hs. Dom. de 9:30 a 13 hs";5;2.0;Nafta;Manual;SUV;"Autos y camionetas";No;N/A;N/A;N/A;No;N/A;UY;No;Sí;No;No;N/A;N/A;N/A;N/A;N/A;N/A;N/A;N/A;N/A;N/A;N/A;N/A;N/A;N/A;N/A;N/A;N/A;N/A;N/A;N/A;N/A;N/A;N/A;N/A;N/A;N/A;N/A;N/A;N/A;N/A;N/A;N/A;N/A;N/A;N/A;N/A;N/A;N/A;N/A;N/A;N/A;N/A;N/A;N/A;N/A;N/A;N/A;N/A;N/A;N/A;N/A;No;N/A;N/A;N/A;N/A;N/A;N/A;N/A;N/A;N/A;N/A;N/A;N/A;N/A;N/A;N/A;N/A;N/A;N/A;N/A;N/A;N/A;N/A;N/A;N/A;N/A;N/A;N/A;N/A;N/A;N/A;N/A;N/A;N/A;Sí;N/A;N/A;N/A;Sí;Sí;Sí;N/A;Sí;Sí;N/A;Sí;N/A;N/A;Sí;Sí;N/A;N/A;Sí;N/A;Sí;N/A;N/A;N/A;N/A;Sí
Renault;Kardian;"1.0 Tce Evolution";2024;"0 km";;"DELTACAR S.A.";27000;;;;;Mercedes;https://auto.mercadolibre.com.uy/MLU-695390304-renault-kardian-2024-10-tce-evolution-_JM;N/A;;"Renault Kardian 2024 1.0 Tce Evolution";usd;Sí;silver;false;N/A;N/A;http://perfil.mercadolibre.com.uy/DELTACAR+S.A.;active;N/A;N/A;Nuevo;Blanco;N/A;N/A;Delantera;N/A;Sí;N/A;N/A;N/A;N/A;N/A;N/A;N/A;N/A;N/A;Sí;Sí;N/A;Sí;N/A;N/A;N/A;N/A;N/A;N/A;N/A;N/A;N/A;N/A;"2600 mm";"1 L";"50 L";6;N/A;N/A;N/A;N/A;N/A;N/A;N/A;N/A;N/A;N/A;N/A;N/A;N/A;N/A;N/A;N/A;N/A;N/A;N/A;N/A;N/A;N/A;N/A;N/A;N/A;N/A;N/A;N/A;N/A;N/A;N/A;N/A;N/A;N/A;N/A;N/A;N/A;N/A;N/A;N/A;N/A;N/A;N/A;N/A;N/A;"1545 mm";"4120 mm";N/A;N/A;N/A;N/A;5;"120 hp";Evolution;N/A;N/A;"1750 mm";N/A;N/A;N/A;Sí;N/A;N/A;Sí;Sí;N/A;N/A;N/A;N/A;N/A;N/A;N/A;N/A;N/A;"todos los dias";5;1.0;Nafta;Automática;N/A;"Autos y camionetas";Sí;N/A;N/A;N/A;N/A;N/A;UY;N/A;Sí;N/A;N/A;N/A;N/A;N/A;N/A;N/A;N/A;N/A;N/A;N/A;N/A;N/A;N/A;N/A;Sí;N/A;N/A;N/A;N/A;N/A;N/A;N/A;N/A;N/A;N/A;N/A;N/A;N/A;N/A;N/A;N/A;N/A;N/A;Sí;N/A;N/A;N/A;N/A;N/A;N/A;N/A;N/A;N/A;N/A;N/A;N/A;N/A;N/A;N/A;N/A;N/A;Sí;Sí;N/A;N/A;N/A;N/A;N/A;N/A;N/A;N/A;N/A;N/A;N/A;N/A;N/A;N/A;N/A;N/A;N/A;N/A;N/A;N/A;N/A;N/A;N/A;N/A;N/A;N/A;N/A;N/A;N/A;N/A;N/A;N/A;N/A;N/A;N/A;N/A;N/A;Sí;N/A;N/A;N/A;N/A;N/A;N/A;N/A;Sí;N/A;N/A;Sí;Sí;Sí;Sí;Sí;Sí;N/A;N/A;Sí;N/A;Sí
Renault;Duster;"1.6 16v Intens";2024;"0 km";;RENAULTPUNTADELESTE;26000;;;;;"Punta del Este";https://auto.mercadolibre.com.uy/MLU-640955939-renault-duster-16-16v-intense-_JM;N/A;;"Renault Duster 1.6 16v Intense";usd;Sí;silver;false;N/A;N/A;http://perfil.mercadolibre.com.uy/RENAULTPUNTADELESTE;active;N/A;N/A;Nuevo;Blanco;N/A;N/A;4x2;N/A;N/A;Sí;N/A;N/A;N/A;N/A;N/A;N/A;N/A;N/A;N/A;N/A;N/A;N/A;N/A;N/A;N/A;N/A;N/A;N/A;N/A;N/A;N/A;N/A;"2674 mm";"1.6 L";"50 L";5;N/A;N/A;N/A;N/A;N/A;N/A;N/A;N/A;N/A;N/A;N/A;N/A;N/A;N/A;N/A;N/A;N/A;N/A;N/A;N/A;N/A;N/A;N/A;N/A;N/A;N/A;N/A;N/A;N/A;N/A;N/A;N/A;N/A;N/A;N/A;N/A;N/A;N/A;N/A;N/A;N/A;N/A;N/A;N/A;N/A;"1683 mm";"4329 mm";N/A;N/A;N/A;N/A;5;"118 hp";Intens;N/A;4;"1822 mm";"11.1 km/l";N/A;N/A;N/A;N/A;N/A;N/A;N/A;N/A;N/A;N/A;"10.4 km/l";N/A;N/A;N/A;N/A;N/A;"24 hs";5;1.6;Nafta;Manual;SUV;"Autos y camionetas";N/A;N/A;N/A;N/A;N/A;N/A;UY;N/A;N/A;N/A;N/A;N/A;N/A;N/A;N/A;N/A;N/A;N/A;N/A;N/A;N/A;N/A;N/A;N/A;N/A;N/A;N/A;N/A;N/A;N/A;N/A;N/A;N/A;N/A;N/A;N/A;N/A;N/A;N/A;N/A;N/A;N/A;N/A;N/A;N/A;N/A;N/A;N/A;N/A;N/A;N/A;N/A;N/A;N/A;N/A;N/A;N/A;N/A;N/A;N/A;N/A;N/A;N/A;N/A;N/A;N/A;N/A;N/A;N/A;N/A;N/A;N/A;N/A;N/A;N/A;N/A;N/A;N/A;N/A;N/A;N/A;N/A;N/A;N/A;N/A;N/A;N/A;N/A;N/A;N/A;N/A;N/A;N/A;N/A;N/A;N/A;N/A;N/A;N/A;N/A;N/A;N/A;N/A;N/A;N/A;N/A;N/A;N/A;N/A;N/A;N/A;N/A;N/A;N/A;N/A;N/A;N/A;N/A;N/A;N/A;N/A;N/A
Renault;Duster;"Intense Plus";2025;"0 km";;"OSCARPISANO RENAULT-NISSAN";26000;;;;;Sayago;https://auto.mercadolibre.com.uy/MLU-687743666-renault-duster-intense-plus-16-2025-0km-_JM;N/A;;"Renault Duster Intense Plus 1.6 2025 0km";USD;Sí;silver;false;N/A;N/A;http://perfil.mercadolibre.com.uy/OSCARPISANO+RENAULT-NISSAN;active;N/A;N/A;Nuevo;Blanco;N/A;Hidráulica;N/A;Sí;Sí;Sí;N/A;Sí;N/A;N/A;N/A;N/A;N/A;Sí;Sí;Sí;N/A;Sí;N/A;N/A;N/A;N/A;N/A;N/A;N/A;N/A;N/A;N/A;N/A;"1600 cc";N/A;5;N/A;N/A;Sí;Sí;N/A;Sí;N/A;N/A;N/A;N/A;N/A;N/A;N/A;N/A;N/A;N/A;N/A;N/A;N/A;N/A;N/A;N/A;N/A;N/A;N/A;Sí;N/A;N/A;N/A;N/A;N/A;N/A;N/A;N/A;N/A;N/A;Sí;N/A;N/A;N/A;N/A;N/A;N/A;N/A;N/A;N/A;N/A;N/A;N/A;N/A;N/A;N/A;N/A;Intens;N/A;N/A;N/A;N/A;N/A;N/A;N/A;N/A;Sí;N/A;Sí;N/A;N/A;N/A;N/A;N/A;N/A;N/A;N/A;N/A;"Lun. a Vie. de 8:30 a 18:30 hs. Sáb. de 9 a 13 hs";5;1.6;Nafta;Manual;SUV;"Autos y camionetas";No;N/A;N/A;N/A;No;N/A;N/A;No;Sí;No;No;N/A;N/A;N/A;N/A;N/A;N/A;N/A;N/A;N/A;N/A;N/A;N/A;N/A;N/A;N/A;N/A;N/A;N/A;N/A;N/A;N/A;N/A;N/A;N/A;N/A;N/A;N/A;N/A;N/A;N/A;N/A;N/A;Sí;N/A;N/A;N/A;N/A;N/A;N/A;N/A;N/A;N/A;N/A;N/A;N/A;N/A;N/A;N/A;N/A;N/A;Sí;No;N/A;N/A;N/A;N/A;N/A;N/A;N/A;N/A;N/A;N/A;N/A;N/A;N/A;N/A;N/A;N/A;N/A;N/A;N/A;N/A;N/A;N/A;N/A;N/A;N/A;N/A;N/A;N/A;N/A;N/A;N/A;N/A;N/A;Sí;N/A;Sí;Sí;Sí;Sí;Sí;N/A;N/A;Sí;N/A;Sí;N/A;N/A;N/A;N/A;N/A;N/A;Sí;Sí;Sí;N/A;N/A;Sí;N/A;Sí
Renault;Sandero;"1.0 Life";2024;"0 km";;RENAULTPUNTADELESTE;17490;;;;;"Punta del Este";https://auto.mercadolibre.com.uy/MLU-675389320-renault-sandero-life-10-entrega-inmediata-_JM;N/A;;"Renault Sandero Life 1.0 Entrega Inmediata!";usd;Sí;silver;false;N/A;N/A;http://perfil.mercadolibre.com.uy/RENAULTPUNTADELESTE;active;N/A;N/A;Nuevo;Blanco;N/A;Hidráulica;Delantera;N/A;N/A;Sí;N/A;N/A;N/A;N/A;N/A;N/A;N/A;N/A;N/A;N/A;N/A;N/A;N/A;N/A;N/A;N/A;N/A;N/A;N/A;N/A;N/A;N/A;"2590 mm";"1 L";"50 L";5;N/A;N/A;N/A;N/A;N/A;N/A;N/A;N/A;N/A;N/A;N/A;N/A;N/A;N/A;N/A;N/A;N/A;N/A;N/A;N/A;N/A;N/A;N/A;N/A;N/A;N/A;N/A;N/A;N/A;N/A;N/A;N/A;N/A;Sí;Sí;Sí;N/A;N/A;N/A;N/A;N/A;N/A;N/A;N/A;N/A;"1559 mm";"4066 mm";N/A;N/A;N/A;N/A;5;"66 hp";Life;N/A;4;"1761 mm";"9.3 km/l";Sí;N/A;N/A;N/A;N/A;N/A;Sí;N/A;N/A;N/A;"5.9 km/l";N/A;N/A;N/A;N/A;N/A;24hs;5;1.0;Nafta;Manual;Hatchback;"Autos y camionetas";N/A;N/A;N/A;N/A;N/A;N/A;UY;N/A;N/A;N/A;N/A;N/A;N/A;N/A;N/A;N/A;N/A;N/A;N/A;N/A;N/A;N/A;N/A;N/A;N/A;N/A;N/A;N/A;N/A;N/A;N/A;N/A;N/A;N/A;N/A;N/A;N/A;N/A;N/A;N/A;N/A;N/A;N/A;N/A;N/A;N/A;N/A;N/A;N/A;N/A;N/A;N/A;N/A;N/A;N/A;N/A;N/A;N/A;N/A;N/A;N/A;N/A;N/A;N/A;N/A;N/A;N/A;N/A;N/A;N/A;N/A;N/A;N/A;N/A;N/A;N/A;N/A;N/A;N/A;N/A;N/A;N/A;N/A;N/A;N/A;N/A;N/A;N/A;N/A;N/A;N/A;N/A;N/A;N/A;N/A;N/A;N/A;N/A;N/A;N/A;N/A;N/A;N/A;N/A;N/A;N/A;N/A;N/A;N/A;N/A;N/A;N/A;N/A;N/A;N/A;N/A;N/A;N/A;N/A;N/A;N/A;N/A
Renault;"Mégane II Grand Tour";"1.6 Luxe";2010;"120000 km";;LOTUS14;10500;;;;;Pando;https://auto.mercadolibre.com.uy/MLU-706155862-renault-megane-_JM;N/A;;"Renault Megane";USD;Sí;silver;false;N/A;N/A;http://perfil.mercadolibre.com.uy/LOTUS14;active;N/A;N/A;Usado;Gris;N/A;N/A;N/A;N/A;N/A;N/A;N/A;N/A;N/A;N/A;N/A;N/A;N/A;N/A;N/A;N/A;N/A;N/A;N/A;N/A;N/A;N/A;N/A;N/A;N/A;N/A;N/A;N/A;N/A;N/A;N/A;N/A;N/A;N/A;N/A;N/A;N/A;N/A;N/A;N/A;N/A;N/A;N/A;N/A;N/A;N/A;N/A;N/A;N/A;N/A;N/A;N/A;N/A;N/A;N/A;N/A;N/A;N/A;N/A;N/A;N/A;N/A;N/A;N/A;N/A;N/A;N/A;N/A;N/A;N/A;N/A;N/A;N/A;N/A;N/A;N/A;N/A;N/A;N/A;N/A;N/A;N/A;N/A;N/A;N/A;N/A;N/A;N/A;N/A;N/A;N/A;N/A;N/A;N/A;N/A;N/A;N/A;N/A;N/A;N/A;N/A;N/A;N/A;N/A;N/A;N/A;"24 hs";5;N/A;Nafta;N/A;N/A;"Autos y camionetas";N/A;N/A;N/A;N/A;N/A;N/A;N/A;N/A;N/A;N/A;N/A;N/A;N/A;N/A;N/A;N/A;N/A;N/A;N/A;N/A;N/A;N/A;N/A;N/A;N/A;N/A;N/A;N/A;N/A;N/A;N/A;N/A;N/A;N/A;N/A;N/A;N/A;N/A;N/A;N/A;N/A;N/A;N/A;N/A;N/A;N/A;N/A;N/A;N/A;N/A;N/A;N/A;N/A;N/A;N/A;N/A;N/A;N/A;N/A;N/A;N/A;N/A;N/A;N/A;N/A;N/A;N/A;N/A;N/A;N/A;N/A;N/A;N/A;N/A;N/A;N/A;N/A;N/A;N/A;N/A;N/A;N/A;N/A;N/A;N/A;N/A;N/A;N/A;N/A;N/A;N/A;N/A;N/A;N/A;N/A;N/A;N/A;N/A;N/A;N/A;N/A;N/A;N/A;N/A;N/A;N/A;N/A;N/A;N/A;N/A;N/A;N/A;N/A;N/A;N/A;N/A;N/A;N/A;N/A;N/A;N/A;N/A
Renault;Sandero;"2.0 Rs 145cv";2018;"55000 km";;MARMOTORSCENTRO1867;17800;;;;;Centro;https://auto.mercadolibre.com.uy/MLU-705890644-renault-sandero-20-rs-145cv-_JM;N/A;;"Renault Sandero 2.0 Rs 145cv";usd;Sí;silver;false;N/A;N/A;http://perfil.mercadolibre.com.uy/MARMOTORSCENTRO1867;active;N/A;N/A;Usado;Plateado;N/A;Hidráulica;Delantera;Sí;N/A;Sí;N/A;N/A;Sí;N/A;N/A;N/A;N/A;N/A;N/A;N/A;N/A;N/A;N/A;N/A;N/A;N/A;N/A;N/A;N/A;N/A;N/A;N/A;"2590 mm";"2 L";"50 L";5;N/A;N/A;N/A;N/A;N/A;N/A;N/A;N/A;N/A;N/A;N/A;N/A;N/A;N/A;N/A;N/A;N/A;N/A;N/A;N/A;N/A;N/A;N/A;N/A;N/A;N/A;N/A;N/A;N/A;N/A;N/A;N/A;N/A;N/A;N/A;N/A;N/A;N/A;N/A;N/A;N/A;N/A;N/A;N/A;N/A;"1536 mm";"4060 mm";N/A;N/A;N/A;N/A;5;"105 hp";Rs;N/A;4;"1733 mm";"9.5 km/l";Sí;N/A;N/A;N/A;N/A;N/A;N/A;N/A;N/A;N/A;"5.7 km/l";N/A;N/A;N/A;N/A;N/A;N/A;5;2.0;Nafta;Manual;Hatchback;"Autos y camionetas";N/A;N/A;N/A;N/A;N/A;N/A;UY;N/A;N/A;N/A;N/A;N/A;N/A;N/A;N/A;N/A;N/A;N/A;N/A;N/A;N/A;N/A;N/A;N/A;N/A;N/A;N/A;N/A;N/A;N/A;N/A;N/A;N/A;N/A;N/A;N/A;N/A;N/A;N/A;N/A;N/A;N/A;N/A;N/A;N/A;N/A;N/A;N/A;N/A;N/A;N/A;N/A;N/A;N/A;N/A;N/A;N/A;N/A;N/A;N/A;N/A;N/A;N/A;N/A;N/A;N/A;N/A;N/A;N/A;N/A;N/A;N/A;N/A;N/A;N/A;N/A;N/A;N/A;N/A;N/A;N/A;N/A;N/A;N/A;N/A;N/A;N/A;N/A;N/A;N/A;N/A;N/A;N/A;N/A;N/A;N/A;N/A;N/A;N/A;N/A;N/A;N/A;N/A;N/A;N/A;N/A;N/A;N/A;N/A;N/A;N/A;N/A;N/A;N/A;N/A;N/A;N/A;Sí;N/A;N/A;N/A;N/A
Renault;Captur;"0.9 Tce90 Expression";2016;"69000 km";;"ETCHENIQUE AUTOMÓVILES";16990;;;;;Centro;https://auto.mercadolibre.com.uy/MLU-705209850-captur-expression-mt-unico-dueno-_JM;N/A;;"Captur Expression Mt (unico Dueño)";usd;Sí;silver;false;N/A;N/A;http://perfil.mercadolibre.com.uy/ETCHENIQUE+AUTOM%C3%93VILES;active;N/A;N/A;Usado;Gris;N/A;Hidráulica;Delantera;Sí;N/A;N/A;N/A;N/A;N/A;N/A;N/A;N/A;N/A;N/A;N/A;N/A;N/A;N/A;N/A;N/A;N/A;N/A;N/A;N/A;N/A;N/A;N/A;N/A;"2606 mm";"0.9 L";"45 L";5;N/A;N/A;N/A;N/A;N/A;N/A;N/A;N/A;N/A;N/A;N/A;N/A;N/A;N/A;N/A;N/A;N/A;N/A;N/A;N/A;N/A;N/A;N/A;N/A;N/A;N/A;N/A;N/A;N/A;N/A;N/A;N/A;N/A;N/A;N/A;N/A;N/A;N/A;N/A;N/A;N/A;N/A;N/A;N/A;N/A;"1566 mm";"4122 mm";N/A;N/A;N/A;N/A;5;"90 hp";Expression;N/A;4;"1778 mm";N/A;N/A;N/A;N/A;N/A;N/A;N/A;N/A;N/A;N/A;N/A;N/A;N/A;N/A;N/A;N/A;N/A;"Lunes a Viernes de 9 a 19 y Sabado de 9 a 13";5;0.9;Nafta;Manual;Hatchback;"Autos y camionetas";N/A;N/A;N/A;N/A;N/A;N/A;UY;N/A;N/A;N/A;N/A;N/A;N/A;N/A;N/A;N/A;N/A;N/A;N/A;N/A;N/A;N/A;N/A;N/A;N/A;N/A;N/A;N/A;N/A;N/A;N/A;N/A;N/A;N/A;N/A;N/A;N/A;N/A;N/A;N/A;N/A;N/A;N/A;N/A;N/A;N/A;N/A;N/A;N/A;N/A;N/A;N/A;N/A;N/A;N/A;N/A;N/A;N/A;N/A;N/A;N/A;N/A;N/A;N/A;N/A;N/A;N/A;N/A;N/A;N/A;N/A;N/A;N/A;N/A;N/A;N/A;N/A;N/A;N/A;N/A;N/A;N/A;N/A;N/A;N/A;N/A;N/A;N/A;N/A;N/A;N/A;N/A;N/A;N/A;N/A;N/A;N/A;N/A;N/A;N/A;N/A;N/A;N/A;N/A;N/A;N/A;N/A;N/A;N/A;N/A;N/A;N/A;N/A;N/A;N/A;N/A;N/A;N/A;N/A;N/A;N/A;N/A
Renault;Megane;Rxe;1998;"1111 km";;360AUTOS;5690;;;;;"La Comercial";https://auto.mercadolibre.com.uy/MLU-705267192-renault-megane-rxe-20-1998-permutofinancio-360-autos-_JM;N/A;;"Renault Mégane Rxe 2.0 1998 Permuto/financio - 360 Autos";usd;No;silver;false;N/A;N/A;http://perfil.mercadolibre.com.uy/360AUTOS;active;N/A;N/A;Usado;Blanco;N/A;Hidráulica;N/A;N/A;N/A;N/A;N/A;N/A;N/A;N/A;N/A;N/A;N/A;N/A;N/A;N/A;N/A;N/A;N/A;N/A;N/A;N/A;N/A;N/A;N/A;N/A;N/A;N/A;N/A;"2000 cc";N/A;N/A;N/A;N/A;N/A;N/A;N/A;N/A;N/A;N/A;N/A;N/A;N/A;N/A;N/A;N/A;N/A;N/A;N/A;N/A;N/A;N/A;N/A;N/A;N/A;N/A;N/A;N/A;N/A;N/A;N/A;N/A;N/A;N/A;N/A;N/A;N/A;N/A;N/A;N/A;N/A;N/A;N/A;N/A;N/A;N/A;N/A;N/A;N/A;N/A;N/A;N/A;N/A;N/A;N/A;Rxe;N/A;N/A;N/A;N/A;N/A;N/A;N/A;N/A;N/A;N/A;N/A;N/A;N/A;N/A;N/A;N/A;N/A;N/A;N/A;N/A;"Lun. a Vie. de 9 a 17 hs. Sáb. de 9:30 a 13:30 hs";4;2.0;Nafta;Manual;Sedán;"Autos y camionetas";No;N/A;N/A;N/A;No;N/A;UY;No;Sí;No;No;N/A;N/A;N/A;N/A;N/A;N/A;N/A;N/A;N/A;N/A;N/A;N/A;N/A;N/A;N/A;N/A;N/A;N/A;N/A;N/A;N/A;N/A;N/A;N/A;N/A;N/A;N/A;N/A;N/A;N/A;N/A;N/A;N/A;N/A;N/A;N/A;N/A;N/A;N/A;N/A;N/A;N/A;N/A;N/A;N/A;N/A;N/A;N/A;N/A;N/A;N/A;No;N/A;N/A;N/A;N/A;N/A;N/A;N/A;N/A;N/A;N/A;N/A;N/A;N/A;N/A;N/A;N/A;N/A;N/A;N/A;N/A;N/A;N/A;N/A;N/A;N/A;N/A;N/A;N/A;N/A;N/A;N/A;N/A;N/A;N/A;N/A;N/A;N/A;N/A;N/A;N/A;N/A;N/A;N/A;N/A;N/A;N/A;N/A;N/A;N/A;N/A;N/A;N/A;N/A;N/A;N/A;N/A;N/A;N/A;N/A
Renault;Fluence;"Fluence RS Sport 2.0 Turbo";2014;"137000 km";;SAPORTAELIAS;15500;;;;;Solymar;https://auto.mercadolibre.com.uy/MLU-703431538-renault-fluence-rs-sport-20turbo-_JM;N/A;;"Renault Fluence Rs Sport 2.0turbo";USD;Sí;silver;false;N/A;N/A;http://perfil.mercadolibre.com.uy/SAPORTAELIAS;active;N/A;N/A;Usado;Gris;N/A;N/A;N/A;N/A;N/A;N/A;N/A;N/A;N/A;N/A;N/A;N/A;N/A;N/A;N/A;N/A;N/A;N/A;N/A;N/A;N/A;N/A;N/A;N/A;N/A;N/A;N/A;N/A;N/A;N/A;N/A;N/A;N/A;N/A;N/A;N/A;N/A;N/A;N/A;N/A;N/A;N/A;N/A;N/A;N/A;N/A;N/A;N/A;N/A;N/A;N/A;N/A;N/A;N/A;N/A;N/A;N/A;N/A;N/A;N/A;N/A;N/A;N/A;N/A;N/A;N/A;N/A;N/A;N/A;N/A;N/A;N/A;N/A;N/A;N/A;N/A;N/A;N/A;N/A;N/A;N/A;N/A;N/A;N/A;N/A;N/A;N/A;N/A;N/A;N/A;N/A;N/A;N/A;N/A;N/A;N/A;N/A;N/A;N/A;N/A;N/A;N/A;N/A;N/A;N/A;N/A;"Lunes a Viernes 10 a 17 Sabados 9 a 12";5;N/A;Nafta;N/A;N/A;"Autos y camionetas";N/A;N/A;N/A;N/A;N/A;N/A;N/A;N/A;N/A;N/A;N/A;N/A;N/A;N/A;N/A;N/A;N/A;N/A;N/A;N/A;N/A;N/A;N/A;N/A;N/A;N/A;N/A;N/A;N/A;N/A;N/A;N/A;N/A;N/A;N/A;N/A;N/A;N/A;N/A;N/A;N/A;N/A;N/A;N/A;N/A;N/A;N/A;N/A;N/A;N/A;N/A;N/A;N/A;N/A;N/A;N/A;N/A;N/A;N/A;N/A;N/A;N/A;N/A;N/A;N/A;N/A;N/A;N/A;N/A;N/A;N/A;N/A;N/A;N/A;N/A;N/A;N/A;N/A;N/A;N/A;N/A;N/A;N/A;N/A;N/A;N/A;N/A;N/A;N/A;N/A;N/A;N/A;N/A;N/A;N/A;N/A;N/A;N/A;N/A;N/A;N/A;N/A;N/A;N/A;N/A;N/A;N/A;N/A;N/A;N/A;N/A;N/A;N/A;N/A;N/A;N/A;N/A;N/A;N/A;N/A;N/A;N/A
Renault;Fluence;"2.0 Privilege Cvt";2012;"240000 km";;"MASANTI AUTOMOVILES";9900;;;;;"Barros Blancos";https://auto.mercadolibre.com.uy/MLU-647177979-renault-fluence-20-privilege-cvt-_JM;N/A;;"Renault Fluence 2.0 Privilege Cvt";usd;Sí;silver;false;N/A;N/A;http://perfil.mercadolibre.com.uy/MASANTI+AUTOMOVILES;active;N/A;N/A;Usado;Gris;N/A;Eléctrica;Delantera;N/A;N/A;Sí;N/A;N/A;N/A;N/A;N/A;Sí;N/A;N/A;N/A;N/A;N/A;N/A;N/A;N/A;N/A;N/A;N/A;N/A;N/A;N/A;N/A;N/A;"2700 mm";"2 L";"60 L";6;N/A;N/A;N/A;N/A;N/A;N/A;N/A;N/A;N/A;Sí;N/A;N/A;N/A;N/A;N/A;N/A;N/A;N/A;N/A;N/A;N/A;N/A;N/A;N/A;N/A;N/A;N/A;N/A;N/A;N/A;N/A;N/A;N/A;Sí;Sí;Sí;N/A;N/A;N/A;N/A;N/A;N/A;N/A;N/A;N/A;"1479 mm";"4618 mm";N/A;N/A;N/A;N/A;5;"143 hp";Privilege;N/A;4;"1810 mm";"11 km/l";Sí;N/A;N/A;Sí;N/A;N/A;Sí;N/A;N/A;N/A;"6.2 km/l";N/A;N/A;N/A;N/A;N/A;"9 a 21";4;2.0;Nafta;Automática;Sedán;"Autos y camionetas";N/A;N/A;N/A;N/A;N/A;N/A;UY;N/A;N/A;N/A;N/A;N/A;N/A;N/A;N/A;N/A;N/A;N/A;N/A;N/A;N/A;N/A;N/A;N/A;N/A;N/A;N/A;N/A;N/A;N/A;N/A;N/A;N/A;N/A;N/A;N/A;N/A;N/A;N/A;N/A;N/A;N/A;N/A;N/A;N/A;N/A;N/A;N/A;N/A;N/A;N/A;N/A;N/A;N/A;N/A;N/A;N/A;N/A;N/A;N/A;N/A;N/A;N/A;N/A;N/A;N/A;N/A;N/A;N/A;N/A;N/A;N/A;N/A;N/A;N/A;N/A;N/A;N/A;N/A;N/A;N/A;N/A;N/A;N/A;N/A;N/A;N/A;N/A;N/A;N/A;N/A;N/A;N/A;N/A;N/A;N/A;N/A;N/A;N/A;N/A;N/A;N/A;N/A;N/A;N/A;N/A;Sí;N/A;N/A;N/A;N/A;N/A;Sí;N/A;N/A;N/A;N/A;N/A;N/A;Sí;N/A;N/A
Renault;Kardian;"1.0 Tce Premiere Edition";2025;"0 km";;RECRULSA;30500;;;;;Melo;https://auto.mercadolibre.com.uy/MLU-702900476-renault-kardian-_JM;N/A;;"Renault Kardian";USD;Sí;silver;false;N/A;N/A;http://perfil.mercadolibre.com.uy/RECRULSA;active;N/A;N/A;Nuevo;Blanco;N/A;Eléctrica;Delantera;Sí;Sí;N/A;N/A;N/A;Sí;N/A;N/A;N/A;N/A;N/A;Sí;Sí;N/A;Sí;N/A;N/A;N/A;N/A;N/A;N/A;N/A;N/A;N/A;N/A;N/A;N/A;N/A;N/A;N/A;N/A;N/A;N/A;N/A;Sí;N/A;N/A;N/A;N/A;N/A;N/A;N/A;N/A;N/A;N/A;N/A;N/A;N/A;N/A;N/A;N/A;N/A;N/A;N/A;N/A;N/A;N/A;N/A;Sí;N/A;N/A;N/A;N/A;N/A;N/A;N/A;N/A;N/A;N/A;N/A;N/A;N/A;N/A;N/A;N/A;N/A;N/A;N/A;N/A;N/A;N/A;N/A;N/A;N/A;N/A;N/A;N/A;Sí;N/A;Sí;Sí;N/A;Sí;Sí;N/A;N/A;N/A;N/A;N/A;Sí;N/A;N/A;Sí;N/A;5;1.0;Nafta;Automática;Crossover;"Autos y camionetas";N/A;N/A;N/A;N/A;N/A;N/A;N/A;N/A;N/A;N/A;N/A;N/A;N/A;N/A;N/A;N/A;N/A;N/A;N/A;N/A;N/A;N/A;N/A;N/A;Sí;N/A;N/A;N/A;N/A;N/A;N/A;N/A;N/A;N/A;N/A;N/A;N/A;N/A;N/A;N/A;N/A;N/A;N/A;Sí;N/A;N/A;N/A;N/A;N/A;N/A;N/A;N/A;N/A;N/A;N/A;N/A;N/A;N/A;N/A;N/A;N/A;Sí;N/A;N/A;N/A;N/A;N/A;N/A;N/A;N/A;N/A;N/A;N/A;N/A;N/A;N/A;N/A;N/A;N/A;N/A;N/A;N/A;N/A;N/A;N/A;N/A;N/A;N/A;N/A;N/A;N/A;N/A;N/A;N/A;N/A;N/A;Sí;Sí;Sí;N/A;Sí;N/A;N/A;N/A;N/A;Sí;Sí;Sí;Sí;N/A;N/A;Sí;Sí;Sí;Sí;N/A;Sí;N/A;N/A;N/A;N/A;Sí
Renault;Clio;"0.9 Iv Fase Ii Turbo Dynamique";2017;"90000 km";;PENI4242591;16990;;;;;Centro;https://auto.mercadolibre.com.uy/MLU-702435236-renault-clio-09-iv-fase-ii-turbo-dynamique-_JM;N/A;;"Renault Clio 0.9 Iv Fase Ii Turbo Dynamique";usd;Sí;silver;false;N/A;N/A;http://perfil.mercadolibre.com.uy/PENI4242591;active;N/A;N/A;Usado;Rojo;No;Hidráulica;Delantera;Sí;Sí;Sí;N/A;N/A;Sí;N/A;N/A;Sí;N/A;N/A;Sí;Sí;N/A;Sí;N/A;N/A;N/A;N/A;N/A;N/A;N/A;N/A;N/A;N/A;"2472 mm";"0.9 L";"50 L";5;N/A;N/A;N/A;N/A;N/A;N/A;N/A;N/A;N/A;N/A;N/A;N/A;N/A;N/A;N/A;N/A;N/A;N/A;N/A;N/A;N/A;N/A;N/A;N/A;N/A;N/A;N/A;N/A;N/A;N/A;N/A;N/A;N/A;N/A;N/A;N/A;N/A;N/A;N/A;N/A;N/A;N/A;N/A;N/A;N/A;"1417 mm";"3811 mm";N/A;N/A;N/A;N/A;5;"90 hp";Authentique;N/A;4;"1639 mm";N/A;N/A;N/A;Sí;Sí;N/A;Sí;Sí;N/A;N/A;N/A;N/A;N/A;Sí;N/A;N/A;Sí;"Lunes a domingo";3;0.9;Nafta;Manual;Hatchback;"Autos y camionetas";N/A;N/A;N/A;N/A;N/A;N/A;UY;N/A;N/A;N/A;N/A;N/A;N/A;N/A;N/A;N/A;N/A;N/A;N/A;N/A;N/A;N/A;N/A;N/A;N/A;N/A;N/A;N/A;N/A;N/A;N/A;N/A;N/A;N/A;N/A;N/A;N/A;N/A;N/A;N/A;N/A;N/A;N/A;N/A;N/A;N/A;N/A;N/A;N/A;N/A;N/A;N/A;N/A;N/A;N/A;N/A;N/A;N/A;N/A;N/A;N/A;N/A;N/A;N/A;N/A;N/A;N/A;N/A;N/A;N/A;N/A;N/A;N/A;N/A;N/A;N/A;N/A;N/A;N/A;N/A;N/A;N/A;N/A;N/A;N/A;N/A;N/A;N/A;N/A;N/A;N/A;N/A;N/A;N/A;N/A;N/A;Sí;N/A;Sí;N/A;Sí;N/A;N/A;N/A;N/A;Sí;Sí;Sí;Sí;N/A;N/A;Sí;Sí;Sí;Sí;Sí;Sí;N/A;N/A;N/A;N/A;Sí
Renault;Duster;"1.6 16v Intens";2023;"38500 km";;MAGE2956739;19500;;;;;Salto;https://auto.mercadolibre.com.uy/MLU-704230448-renault-oroch-20-_JM;N/A;;"Renault Oroch 2.0";usd;Sí;silver;false;N/A;N/A;http://perfil.mercadolibre.com.uy/MAGE2956739;active;N/A;N/A;Usado;Gris;Sí;N/A;4x2;Sí;Sí;Sí;N/A;N/A;N/A;N/A;N/A;N/A;N/A;N/A;Sí;Sí;N/A;N/A;N/A;N/A;N/A;N/A;N/A;N/A;N/A;N/A;N/A;N/A;"2674 mm";"1.6 L";"50 L";5;N/A;N/A;N/A;N/A;N/A;Sí;N/A;N/A;N/A;N/A;N/A;N/A;N/A;N/A;N/A;N/A;N/A;N/A;N/A;N/A;N/A;N/A;N/A;N/A;N/A;N/A;N/A;N/A;N/A;N/A;N/A;N/A;N/A;N/A;N/A;N/A;N/A;N/A;N/A;N/A;N/A;N/A;N/A;N/A;N/A;"1683 mm";"4329 mm";N/A;N/A;N/A;N/A;5;"118 hp";Intens;N/A;4;"1822 mm";"11.1 km/l";Sí;N/A;N/A;Sí;N/A;Sí;Sí;N/A;N/A;N/A;"10.4 km/l";N/A;N/A;N/A;N/A;N/A;N/A;5;1.6;Nafta;Manual;SUV;"Autos y camionetas";N/A;N/A;N/A;N/A;N/A;N/A;UY;N/A;No;N/A;N/A;N/A;N/A;N/A;N/A;N/A;N/A;N/A;N/A;N/A;N/A;N/A;N/A;N/A;N/A;N/A;N/A;N/A;N/A;N/A;N/A;N/A;N/A;N/A;N/A;N/A;N/A;N/A;N/A;N/A;N/A;N/A;N/A;N/A;N/A;N/A;N/A;N/A;N/A;N/A;N/A;N/A;N/A;N/A;N/A;N/A;N/A;N/A;N/A;N/A;N/A;N/A;N/A;N/A;N/A;N/A;N/A;N/A;N/A;N/A;N/A;N/A;N/A;N/A;N/A;N/A;N/A;N/A;N/A;N/A;N/A;N/A;N/A;N/A;N/A;N/A;N/A;N/A;N/A;N/A;N/A;N/A;N/A;N/A;N/A;N/A;Sí;Sí;Sí;N/A;Sí;N/A;N/A;N/A;N/A;Sí;N/A;N/A;Sí;N/A;N/A;Sí;Sí;Sí;Sí;Sí;Sí;N/A;N/A;Sí;N/A;Sí
Renault;Master;"L3h2 FURGON";2024;"0 km";;RENAULTPUNTADELESTE;45000;;;;;"Punta del Este";https://auto.mercadolibre.com.uy/MLU-646655821-renault-master-l3h2-furgon-_JM;N/A;;"Renault Master L3h2 Furgon";usd;Sí;silver;false;N/A;N/A;http://perfil.mercadolibre.com.uy/RENAULTPUNTADELESTE;active;N/A;N/A;Nuevo;Blanco;N/A;Asistida;Delantera;Sí;N/A;N/A;N/A;N/A;N/A;N/A;N/A;N/A;N/A;N/A;N/A;N/A;N/A;N/A;N/A;N/A;N/A;N/A;N/A;N/A;N/A;N/A;N/A;N/A;"3578 mm";"2.3 L";"100 L";6;N/A;N/A;N/A;N/A;N/A;N/A;N/A;N/A;N/A;N/A;N/A;N/A;N/A;N/A;N/A;N/A;N/A;N/A;N/A;N/A;N/A;N/A;N/A;N/A;N/A;N/A;N/A;N/A;N/A;N/A;N/A;N/A;N/A;N/A;N/A;N/A;N/A;N/A;N/A;N/A;N/A;N/A;N/A;N/A;N/A;"2496 mm";"6198 mm";N/A;N/A;N/A;N/A;3;"130 hp";2.3;N/A;4;"1990 mm";N/A;N/A;N/A;N/A;N/A;N/A;N/A;N/A;N/A;N/A;N/A;N/A;N/A;N/A;N/A;N/A;N/A;24hs;4;2.3;Diésel;Manual;Furgón;"Autos y camionetas";N/A;N/A;N/A;N/A;N/A;N/A;UY;N/A;N/A;N/A;N/A;N/A;N/A;N/A;N/A;N/A;N/A;N/A;N/A;N/A;N/A;N/A;N/A;N/A;N/A;N/A;N/A;N/A;N/A;N/A;N/A;N/A;N/A;N/A;N/A;N/A;N/A;N/A;N/A;N/A;N/A;N/A;N/A;N/A;N/A;N/A;N/A;N/A;N/A;N/A;N/A;N/A;N/A;N/A;N/A;N/A;N/A;N/A;N/A;N/A;N/A;N/A;N/A;N/A;N/A;N/A;N/A;N/A;N/A;N/A;N/A;N/A;N/A;N/A;N/A;N/A;N/A;N/A;N/A;N/A;N/A;N/A;N/A;N/A;N/A;N/A;N/A;N/A;N/A;N/A;N/A;N/A;N/A;N/A;N/A;N/A;N/A;N/A;N/A;N/A;N/A;N/A;N/A;N/A;N/A;N/A;N/A;N/A;N/A;N/A;N/A;N/A;N/A;N/A;N/A;N/A;N/A;N/A;N/A;N/A;N/A;N/A
Renault;Kangoo;Express;2024;"0 km";;INTERAUTO2024;30488;;;;;"Paso de Carrasco";https://auto.mercadolibre.com.uy/MLU-697923286-renault-kangoo-express-15-2024-0km-interauto-_JM;N/A;;"Renault Kangoo Express 1.5 2024 0km Interauto";USD;Sí;silver;false;N/A;N/A;http://perfil.mercadolibre.com.uy/INTERAUTO2024;active;N/A;N/A;Nuevo;N/A;N/A;Eléctrica;Delantera;Sí;Sí;Sí;N/A;N/A;N/A;N/A;Sí;N/A;N/A;N/A;N/A;Sí;N/A;N/A;N/A;N/A;N/A;N/A;N/A;N/A;N/A;N/A;N/A;N/A;N/A;"1500 cc";N/A;5;N/A;N/A;N/A;N/A;Sí;N/A;N/A;N/A;N/A;N/A;N/A;N/A;N/A;N/A;N/A;N/A;N/A;N/A;N/A;N/A;N/A;N/A;N/A;Sí;N/A;N/A;N/A;N/A;N/A;N/A;N/A;N/A;N/A;N/A;N/A;N/A;N/A;N/A;N/A;N/A;N/A;N/A;N/A;N/A;N/A;N/A;N/A;N/A;N/A;N/A;N/A;N/A;N/A;N/A;N/A;N/A;N/A;"18 km/l";N/A;N/A;N/A;Sí;N/A;N/A;Sí;N/A;N/A;N/A;"22 km/l";N/A;N/A;N/A;N/A;N/A;"Lunes a Domingo de 9 a 18:30 hs";2;1.5;Diésel;Manual;Furgón;"Autos y camionetas";No;N/A;N/A;N/A;No;N/A;N/A;No;Sí;No;No;N/A;N/A;N/A;N/A;N/A;N/A;N/A;N/A;N/A;N/A;N/A;N/A;N/A;N/A;N/A;N/A;N/A;N/A;N/A;N/A;N/A;N/A;N/A;N/A;N/A;N/A;N/A;N/A;N/A;N/A;N/A;N/A;Sí;N/A;N/A;N/A;N/A;N/A;N/A;N/A;N/A;N/A;N/A;N/A;N/A;N/A;N/A;N/A;N/A;N/A;Sí;No;N/A;N/A;N/A;N/A;N/A;N/A;N/A;N/A;N/A;N/A;N/A;N/A;N/A;N/A;N/A;N/A;N/A;N/A;N/A;N/A;N/A;N/A;N/A;N/A;N/A;N/A;N/A;N/A;N/A;N/A;N/A;N/A;N/A;Sí;N/A;N/A;N/A;Sí;Sí;Sí;N/A;N/A;Sí;N/A;Sí;N/A;N/A;N/A;Sí;N/A;N/A;N/A;N/A;N/A;N/A;N/A;N/A;N/A;N/A
Renault;"Duster Oroch";"2.0 Privilege";2018;"70000 km";;"JONAS AUTOS";16990;;;;;Aguada;https://auto.mercadolibre.com.uy/MLU-703333128-renault-duster-oroch-2018-20-privilege-_JM;N/A;;"Renault Duster Oroch 2018 2.0 Privilege";usd;Sí;silver;false;N/A;N/A;http://perfil.mercadolibre.com.uy/JONAS+AUTOS;active;N/A;N/A;Usado;N/A;N/A;Hidráulica;4x2;Sí;N/A;N/A;N/A;N/A;N/A;N/A;N/A;N/A;N/A;N/A;N/A;N/A;N/A;N/A;N/A;N/A;N/A;N/A;N/A;N/A;N/A;N/A;N/A;N/A;"2829 mm";"2 L";"50 L";6;N/A;N/A;N/A;N/A;N/A;N/A;N/A;N/A;N/A;N/A;N/A;N/A;N/A;N/A;N/A;N/A;N/A;N/A;N/A;N/A;N/A;N/A;N/A;N/A;N/A;N/A;N/A;N/A;N/A;N/A;N/A;N/A;N/A;N/A;N/A;N/A;N/A;N/A;N/A;N/A;N/A;N/A;N/A;N/A;N/A;"1683 mm";"4329 mm";N/A;N/A;N/A;N/A;5;"143 hp";Privilege;N/A;4;"1821 mm";"10.8 km/l";N/A;N/A;N/A;N/A;N/A;N/A;N/A;N/A;N/A;N/A;N/A;N/A;N/A;N/A;N/A;N/A;N/A;5;2.0;Nafta;Manual;SUV;"Autos y camionetas";N/A;N/A;N/A;N/A;N/A;N/A;UY;N/A;N/A;N/A;N/A;N/A;N/A;N/A;N/A;N/A;N/A;N/A;N/A;N/A;N/A;N/A;N/A;N/A;N/A;N/A;N/A;N/A;N/A;N/A;N/A;N/A;N/A;N/A;N/A;N/A;N/A;N/A;N/A;N/A;N/A;N/A;N/A;N/A;N/A;N/A;N/A;N/A;N/A;N/A;N/A;N/A;N/A;N/A;N/A;N/A;N/A;N/A;N/A;N/A;N/A;N/A;N/A;N/A;N/A;N/A;N/A;N/A;N/A;N/A;N/A;N/A;N/A;N/A;N/A;N/A;N/A;N/A;N/A;N/A;N/A;N/A;N/A;N/A;N/A;N/A;N/A;N/A;N/A;N/A;N/A;N/A;N/A;N/A;N/A;N/A;N/A;N/A;N/A;N/A;N/A;N/A;N/A;N/A;N/A;N/A;N/A;N/A;N/A;N/A;N/A;N/A;N/A;N/A;N/A;N/A;N/A;N/A;N/A;N/A;N/A;N/A
Renault;"Grand Captur";Zen;2019;"98000 km";;VALEX29BRUCE;17900;;;;;"Parque Batlle";https://auto.mercadolibre.com.uy/MLU-705256840-renault-grand-captur-2019-divina--_JM;N/A;;"Renault Grand Captur 2019 Divina !!!";USD;Sí;silver;false;N/A;N/A;http://perfil.mercadolibre.com.uy/VALEX29BRUCE;active;N/A;N/A;Usado;Rojo;N/A;N/A;N/A;N/A;N/A;N/A;N/A;N/A;N/A;N/A;N/A;N/A;N/A;N/A;N/A;N/A;N/A;N/A;N/A;N/A;N/A;N/A;N/A;N/A;N/A;N/A;N/A;N/A;N/A;N/A;N/A;N/A;N/A;N/A;N/A;N/A;N/A;N/A;N/A;N/A;N/A;N/A;N/A;N/A;N/A;N/A;N/A;N/A;N/A;N/A;N/A;N/A;N/A;N/A;N/A;N/A;N/A;N/A;N/A;N/A;N/A;N/A;N/A;N/A;N/A;N/A;N/A;N/A;N/A;N/A;N/A;N/A;N/A;N/A;N/A;N/A;N/A;N/A;N/A;N/A;N/A;N/A;N/A;N/A;N/A;N/A;N/A;N/A;N/A;N/A;N/A;N/A;N/A;N/A;N/A;N/A;N/A;N/A;N/A;N/A;N/A;N/A;N/A;N/A;N/A;N/A;N/A;5;N/A;Nafta;N/A;N/A;"Autos y camionetas";N/A;N/A;N/A;N/A;N/A;N/A;N/A;N/A;N/A;N/A;N/A;N/A;N/A;N/A;N/A;N/A;N/A;N/A;N/A;N/A;N/A;N/A;N/A;N/A;N/A;N/A;N/A;N/A;N/A;N/A;N/A;N/A;N/A;N/A;N/A;N/A;N/A;N/A;N/A;N/A;N/A;N/A;N/A;N/A;N/A;N/A;N/A;N/A;N/A;N/A;N/A;N/A;N/A;N/A;N/A;N/A;N/A;N/A;N/A;N/A;N/A;N/A;N/A;N/A;N/A;N/A;N/A;N/A;N/A;N/A;N/A;N/A;N/A;N/A;N/A;N/A;N/A;N/A;N/A;N/A;N/A;N/A;N/A;N/A;N/A;N/A;N/A;N/A;N/A;N/A;N/A;N/A;N/A;N/A;N/A;N/A;N/A;N/A;N/A;N/A;N/A;N/A;N/A;N/A;N/A;N/A;N/A;N/A;N/A;N/A;N/A;N/A;N/A;N/A;N/A;N/A;N/A;N/A;N/A;N/A;N/A;N/A
Renault;Master;"2.3 L2h2 Aa";2019;"265100 km";;ALADELTA2007;32000;;;;;"Lomas de Solymar";https://auto.mercadolibre.com.uy/MLU-647336561-renault-master-23-l2h2-aa-_JM;N/A;;"Renault Master 2.3 L2h2 Aa";usd;Sí;silver;false;N/A;N/A;http://perfil.mercadolibre.com.uy/ALADELTA2007;active;N/A;N/A;Usado;Blanco;Sí;Hidráulica;Delantera;Sí;N/A;N/A;N/A;N/A;N/A;N/A;N/A;N/A;N/A;N/A;N/A;N/A;N/A;N/A;N/A;N/A;N/A;N/A;N/A;N/A;N/A;N/A;N/A;N/A;"3578 mm";"2.3 L";"100 L";6;N/A;N/A;N/A;N/A;N/A;N/A;N/A;N/A;N/A;N/A;N/A;N/A;N/A;N/A;N/A;N/A;N/A;N/A;N/A;N/A;N/A;N/A;N/A;N/A;N/A;N/A;N/A;N/A;N/A;No;N/A;N/A;N/A;N/A;N/A;N/A;N/A;N/A;N/A;N/A;N/A;N/A;N/A;N/A;N/A;"2502 mm";"5546 mm";N/A;N/A;N/A;N/A;3;"130 hp";2.3;N/A;4;"1990 mm";N/A;N/A;N/A;N/A;N/A;N/A;N/A;N/A;N/A;No;N/A;N/A;N/A;No;N/A;N/A;Sí;N/A;3;2.3;Diésel;Manual;Furgón;"Autos y camionetas";N/A;N/A;N/A;N/A;N/A;N/A;UY;N/A;N/A;N/A;N/A;N/A;N/A;N/A;N/A;N/A;N/A;N/A;N/A;N/A;N/A;N/A;N/A;N/A;N/A;N/A;N/A;N/A;N/A;N/A;N/A;N/A;N/A;N/A;N/A;N/A;N/A;N/A;N/A;N/A;N/A;N/A;N/A;N/A;N/A;N/A;N/A;N/A;N/A;N/A;N/A;N/A;N/A;N/A;N/A;N/A;N/A;N/A;N/A;N/A;N/A;N/A;N/A;N/A;N/A;N/A;N/A;N/A;N/A;N/A;N/A;N/A;N/A;N/A;N/A;N/A;N/A;N/A;N/A;N/A;N/A;N/A;N/A;N/A;N/A;N/A;N/A;N/A;N/A;N/A;N/A;N/A;N/A;N/A;N/A;N/A;N/A;N/A;Sí;N/A;N/A;N/A;N/A;N/A;N/A;N/A;N/A;N/A;N/A;N/A;N/A;N/A;N/A;N/A;N/A;N/A;N/A;N/A;N/A;N/A;N/A;N/A
Renault;"Duster Oroch";"1.6 Dynamique";2024;"0 km";;RENAULTPUNTADELESTE;23000;;;;;"Punta del Este";https://auto.mercadolibre.com.uy/MLU-670766120-renault-nueva-oroch-zen-mt-_JM;N/A;;"Renault Nueva Oroch Zen Mt";usd;Sí;silver;false;N/A;N/A;http://perfil.mercadolibre.com.uy/RENAULTPUNTADELESTE;active;N/A;N/A;Nuevo;Gris;N/A;N/A;4x2;N/A;N/A;Sí;N/A;N/A;N/A;N/A;N/A;N/A;N/A;N/A;N/A;N/A;N/A;N/A;N/A;N/A;N/A;N/A;N/A;N/A;N/A;N/A;N/A;N/A;"2829 mm";"1.6 L";"50 L";5;N/A;N/A;N/A;N/A;N/A;N/A;N/A;N/A;N/A;N/A;N/A;N/A;N/A;N/A;N/A;N/A;N/A;N/A;N/A;N/A;N/A;N/A;N/A;N/A;N/A;N/A;N/A;N/A;N/A;N/A;N/A;N/A;N/A;N/A;N/A;N/A;N/A;N/A;N/A;N/A;N/A;N/A;N/A;N/A;N/A;"1683 mm";"4329 mm";N/A;N/A;N/A;N/A;5;"110 hp";Dynamique;N/A;4;"1821 mm";"11.1 km/l";N/A;N/A;N/A;N/A;N/A;N/A;N/A;N/A;N/A;N/A;"10.4 km/l";N/A;N/A;N/A;N/A;N/A;"24 hs";4;1.6;Nafta;Manual;SUV;"Autos y camionetas";N/A;N/A;N/A;N/A;N/A;N/A;UY;N/A;N/A;N/A;N/A;N/A;N/A;N/A;N/A;N/A;N/A;N/A;N/A;N/A;N/A;N/A;N/A;N/A;N/A;N/A;N/A;N/A;N/A;N/A;N/A;N/A;N/A;N/A;N/A;N/A;N/A;N/A;N/A;N/A;N/A;N/A;N/A;N/A;N/A;N/A;N/A;N/A;N/A;N/A;N/A;N/A;N/A;N/A;N/A;N/A;N/A;N/A;N/A;N/A;N/A;N/A;N/A;N/A;N/A;N/A;N/A;N/A;N/A;N/A;N/A;N/A;N/A;N/A;N/A;N/A;N/A;N/A;N/A;N/A;N/A;N/A;N/A;N/A;N/A;N/A;N/A;N/A;N/A;N/A;N/A;N/A;N/A;N/A;N/A;N/A;N/A;N/A;N/A;N/A;N/A;N/A;N/A;N/A;N/A;N/A;N/A;N/A;N/A;N/A;N/A;N/A;N/A;N/A;N/A;N/A;N/A;N/A;N/A;N/A;N/A;N/A
Renault;"Duster Oroch";"1.6 Expression";2018;"81000 km";;KRYNICO20231117075414;14300;;;;;"Brazo Oriental";https://auto.mercadolibre.com.uy/MLU-705299716-renault-duster-oroch-16-expression-2018-_JM;N/A;;"Renault Duster Oroch 1.6 Expression 2018";USD;Sí;silver;false;N/A;N/A;http://perfil.mercadolibre.com.uy/KRYNICO20231117075414;active;N/A;N/A;Usado;Verde;Sí;Hidráulica;N/A;Sí;N/A;N/A;N/A;N/A;N/A;N/A;N/A;N/A;N/A;N/A;N/A;Sí;N/A;N/A;N/A;N/A;N/A;N/A;N/A;N/A;N/A;N/A;N/A;N/A;N/A;N/A;N/A;N/A;N/A;N/A;N/A;N/A;N/A;N/A;N/A;N/A;N/A;N/A;N/A;N/A;N/A;N/A;N/A;N/A;N/A;N/A;N/A;N/A;N/A;N/A;N/A;N/A;N/A;N/A;N/A;N/A;N/A;N/A;N/A;N/A;N/A;N/A;N/A;N/A;N/A;N/A;N/A;N/A;N/A;N/A;N/A;N/A;N/A;N/A;N/A;N/A;N/A;N/A;N/A;N/A;N/A;N/A;N/A;N/A;N/A;N/A;N/A;N/A;Sí;Sí;N/A;N/A;N/A;N/A;N/A;N/A;N/A;N/A;N/A;N/A;N/A;N/A;N/A;4;1.6;Nafta;Manual;N/A;"Autos y camionetas";N/A;N/A;N/A;N/A;N/A;N/A;N/A;N/A;N/A;N/A;N/A;N/A;N/A;N/A;N/A;N/A;N/A;N/A;N/A;N/A;N/A;N/A;N/A;N/A;N/A;N/A;N/A;N/A;N/A;N/A;N/A;N/A;N/A;N/A;N/A;N/A;N/A;N/A;N/A;N/A;N/A;N/A;N/A;N/A;N/A;N/A;N/A;N/A;N/A;N/A;N/A;N/A;N/A;N/A;N/A;N/A;N/A;N/A;N/A;N/A;N/A;N/A;N/A;N/A;N/A;N/A;N/A;N/A;N/A;N/A;N/A;N/A;N/A;N/A;N/A;N/A;N/A;N/A;N/A;N/A;N/A;N/A;N/A;N/A;N/A;N/A;N/A;N/A;N/A;N/A;N/A;N/A;N/A;N/A;N/A;N/A;N/A;N/A;N/A;N/A;N/A;N/A;N/A;N/A;N/A;N/A;N/A;N/A;N/A;N/A;N/A;N/A;Sí;N/A;N/A;N/A;N/A;N/A;N/A;N/A;N/A;N/A
Renault;Kwid;"1.0 Sce 66cv Outsider";2024;"8000 km";;LAROTONDAAUTOMOVILES;15500;;;;;Sauce;https://auto.mercadolibre.com.uy/MLU-704580432-renault-kwid-10-sce-66cv-outsider-_JM;N/A;;"Renault Kwid 1.0 Sce 66cv Outsider";usd;Sí;silver;false;N/A;N/A;http://perfil.mercadolibre.com.uy/LAROTONDAAUTOMOVILES;active;N/A;N/A;Usado;Azul;N/A;N/A;Delantera;N/A;N/A;Sí;N/A;N/A;N/A;N/A;N/A;N/A;N/A;N/A;N/A;N/A;N/A;N/A;N/A;N/A;N/A;N/A;N/A;N/A;N/A;N/A;N/A;N/A;"2423 mm";"1 L";"50 L";5;N/A;N/A;N/A;N/A;N/A;N/A;N/A;N/A;N/A;N/A;N/A;N/A;N/A;N/A;N/A;N/A;N/A;N/A;N/A;N/A;N/A;N/A;N/A;N/A;N/A;N/A;N/A;N/A;N/A;N/A;N/A;N/A;N/A;N/A;N/A;N/A;N/A;N/A;N/A;N/A;N/A;N/A;N/A;N/A;N/A;"1474 mm";"3680 mm";N/A;N/A;N/A;N/A;5;"66 hp";Outsider;N/A;4;"1752 mm";N/A;N/A;N/A;N/A;N/A;N/A;N/A;N/A;N/A;N/A;N/A;N/A;N/A;N/A;N/A;N/A;N/A;"Lunes a viernes de 8.30 a 18.30 sábados de 8.30 a 13 horas";5;1.0;Nafta;Manual;Hatchback;"Autos y camionetas";N/A;N/A;N/A;N/A;N/A;N/A;UY;N/A;N/A;N/A;N/A;N/A;N/A;N/A;N/A;N/A;N/A;N/A;N/A;N/A;N/A;N/A;N/A;N/A;N/A;N/A;N/A;N/A;N/A;N/A;N/A;N/A;N/A;N/A;N/A;N/A;N/A;N/A;N/A;N/A;N/A;N/A;N/A;N/A;N/A;N/A;N/A;N/A;N/A;N/A;N/A;N/A;N/A;N/A;N/A;N/A;N/A;N/A;N/A;N/A;N/A;N/A;N/A;N/A;N/A;N/A;N/A;N/A;N/A;N/A;N/A;N/A;N/A;N/A;N/A;N/A;N/A;N/A;N/A;N/A;N/A;N/A;N/A;N/A;N/A;N/A;N/A;N/A;N/A;N/A;N/A;N/A;N/A;N/A;N/A;N/A;N/A;N/A;N/A;N/A;N/A;N/A;N/A;N/A;N/A;N/A;N/A;N/A;N/A;N/A;N/A;N/A;N/A;N/A;N/A;N/A;N/A;N/A;N/A;N/A;N/A;N/A
Renault;Kwid;Zen;2020;"106000 km";;"OSCARPISANO RENAULT-NISSAN";10900;;;;;Sayago;https://auto.mercadolibre.com.uy/MLU-704564230-renault-kwid-zen-10-2020-impecable-_JM;N/A;;"Renault Kwid Zen 1.0 2020 Impecable!";USD;Sí;silver;false;N/A;N/A;http://perfil.mercadolibre.com.uy/OSCARPISANO+RENAULT-NISSAN;active;N/A;N/A;Usado;Blanco;Sí;Hidráulica;N/A;Sí;N/A;N/A;N/A;N/A;N/A;N/A;N/A;N/A;N/A;Sí;N/A;Sí;N/A;N/A;N/A;N/A;N/A;N/A;N/A;N/A;N/A;N/A;N/A;N/A;N/A;"1000 cc";N/A;5;N/A;N/A;N/A;N/A;N/A;N/A;N/A;N/A;N/A;N/A;N/A;N/A;N/A;N/A;N/A;N/A;N/A;N/A;N/A;N/A;N/A;N/A;N/A;N/A;N/A;N/A;N/A;N/A;N/A;N/A;N/A;N/A;N/A;N/A;N/A;N/A;N/A;N/A;N/A;N/A;N/A;N/A;N/A;N/A;N/A;N/A;N/A;N/A;N/A;N/A;N/A;N/A;N/A;Zen;N/A;N/A;N/A;"15 km/l";N/A;N/A;N/A;Sí;N/A;Sí;Sí;N/A;N/A;N/A;"20 km/l";N/A;N/A;N/A;N/A;N/A;"Lun. a Sáb. de 9:30 a 18:30 hs. Dom. de 9:30 a 13 hs";5;1.0;Nafta;Manual;Hatchback;"Autos y camionetas";No;N/A;N/A;N/A;No;N/A;N/A;No;Sí;No;No;N/A;N/A;N/A;N/A;N/A;N/A;N/A;N/A;N/A;N/A;N/A;N/A;N/A;N/A;N/A;N/A;N/A;N/A;N/A;N/A;N/A;N/A;N/A;N/A;N/A;N/A;N/A;N/A;N/A;N/A;N/A;N/A;N/A;N/A;N/A;N/A;N/A;N/A;N/A;N/A;N/A;N/A;N/A;N/A;N/A;N/A;N/A;N/A;N/A;N/A;N/A;No;N/A;N/A;N/A;N/A;N/A;N/A;N/A;N/A;N/A;N/A;N/A;N/A;N/A;N/A;N/A;N/A;N/A;N/A;N/A;N/A;N/A;N/A;N/A;N/A;N/A;N/A;N/A;N/A;N/A;N/A;N/A;N/A;N/A;Sí;N/A;N/A;N/A;Sí;N/A;Sí;N/A;N/A;Sí;N/A;N/A;N/A;N/A;Sí;N/A;N/A;N/A;Sí;N/A;Sí;N/A;N/A;N/A;N/A;N/A
Renault;Sandero;Express;2013;"132000 km";;"GALBO MOTORS";10900;;;;;Aguada;https://auto.mercadolibre.com.uy/MLU-704018034-renault-sandero-express-16-retira-100-financiado-_JM;N/A;;"Renault Sandero Express 1.6 Retira 100% Financiado!!!";usd;Sí;silver;false;N/A;N/A;http://perfil.mercadolibre.com.uy/GALBO+MOTORS;active;N/A;N/A;Usado;Plateado;N/A;Hidráulica;N/A;Sí;Sí;N/A;N/A;N/A;N/A;Sí;Sí;N/A;N/A;Sí;N/A;Sí;N/A;Sí;N/A;N/A;N/A;N/A;N/A;N/A;N/A;N/A;N/A;N/A;N/A;"1600 cc";N/A;5;N/A;N/A;N/A;N/A;N/A;N/A;Sí;N/A;N/A;N/A;N/A;N/A;N/A;N/A;N/A;N/A;N/A;N/A;N/A;N/A;N/A;N/A;N/A;Sí;N/A;Sí;N/A;N/A;N/A;N/A;N/A;N/A;N/A;N/A;N/A;N/A;N/A;N/A;N/A;N/A;N/A;N/A;N/A;N/A;N/A;N/A;N/A;N/A;N/A;N/A;N/A;N/A;N/A;N/A;N/A;N/A;N/A;"14 km/l";N/A;N/A;Sí;Sí;Sí;N/A;N/A;N/A;N/A;N/A;"16 km/l";N/A;N/A;N/A;N/A;Sí;"Lun. a Vie. de 9:30 a 18:30 hs. Sáb. de 10 a 14 hs";5;1.6;Nafta;Manual;SUV;"Autos y camionetas";No;N/A;N/A;N/A;No;N/A;UY;No;Sí;No;No;N/A;N/A;N/A;N/A;N/A;N/A;N/A;N/A;N/A;N/A;N/A;N/A;N/A;N/A;N/A;N/A;N/A;N/A;N/A;N/A;N/A;N/A;N/A;N/A;N/A;N/A;N/A;N/A;N/A;N/A;N/A;N/A;N/A;N/A;N/A;N/A;N/A;N/A;N/A;N/A;N/A;N/A;N/A;N/A;N/A;N/A;N/A;N/A;N/A;N/A;N/A;No;N/A;N/A;N/A;N/A;N/A;N/A;N/A;N/A;N/A;N/A;N/A;N/A;N/A;N/A;N/A;N/A;N/A;N/A;N/A;N/A;N/A;N/A;N/A;N/A;N/A;N/A;N/A;N/A;N/A;N/A;N/A;N/A;N/A;Sí;Sí;Sí;N/A;Sí;Sí;N/A;N/A;Sí;Sí;N/A;N/A;N/A;N/A;N/A;N/A;N/A;N/A;Sí;Sí;Sí;N/A;N/A;N/A;N/A;Sí
Renault;"Mégane II";"2.0 L Privilege";2010;"150000 km";;PEMA20240519215200;7900;;;;;Colón;https://auto.mercadolibre.com.uy/MLU-703723602-renault-megane-ii-20-l-privilege-_JM;N/A;;"Renault Mégane Ii 2.0 L Privilege";usd;Sí;silver;false;N/A;N/A;http://perfil.mercadolibre.com.uy/PEMA20240519215200;active;N/A;N/A;Usado;Azul;No;Eléctrica;Delantera;N/A;N/A;Sí;N/A;N/A;N/A;N/A;N/A;Sí;Sí;N/A;N/A;N/A;N/A;N/A;N/A;N/A;N/A;N/A;N/A;N/A;N/A;N/A;N/A;N/A;"2625 mm";"2 L";"60 L";6;N/A;N/A;N/A;N/A;N/A;N/A;N/A;N/A;N/A;N/A;N/A;N/A;N/A;N/A;N/A;N/A;N/A;N/A;N/A;N/A;N/A;N/A;N/A;N/A;N/A;N/A;N/A;N/A;N/A;N/A;N/A;N/A;N/A;Sí;Sí;Sí;N/A;N/A;N/A;N/A;N/A;N/A;N/A;N/A;N/A;"1460 mm";"4498 mm";N/A;N/A;N/A;N/A;5;"138 hp";Privilege;N/A;4;"1777 mm";"16.5 km/l";Sí;N/A;N/A;Sí;N/A;N/A;Sí;N/A;N/A;N/A;"10.5 km/l";N/A;N/A;N/A;N/A;N/A;"Lunes a viernes 8 a 19hrs";4;2.0;Nafta;Manual;Sedán;"Autos y camionetas";N/A;N/A;N/A;N/A;N/A;N/A;UY;N/A;N/A;N/A;N/A;N/A;N/A;N/A;N/A;N/A;N/A;N/A;N/A;N/A;N/A;N/A;N/A;N/A;N/A;N/A;N/A;N/A;N/A;N/A;N/A;N/A;N/A;N/A;N/A;N/A;N/A;N/A;N/A;N/A;N/A;N/A;N/A;N/A;N/A;N/A;N/A;N/A;N/A;N/A;N/A;N/A;N/A;N/A;N/A;N/A;N/A;N/A;N/A;N/A;N/A;N/A;N/A;N/A;N/A;N/A;N/A;N/A;N/A;N/A;N/A;N/A;N/A;N/A;N/A;N/A;N/A;N/A;N/A;N/A;N/A;N/A;N/A;N/A;N/A;N/A;N/A;N/A;N/A;N/A;N/A;N/A;N/A;N/A;N/A;N/A;N/A;N/A;N/A;N/A;N/A;N/A;N/A;N/A;N/A;N/A;Sí;N/A;N/A;N/A;N/A;N/A;Sí;N/A;N/A;N/A;N/A;N/A;N/A;N/A;N/A;N/A
Renault;Kangoo;"Furgon Fase II";2018;"60000 km";;FABIANYEMURENKO2008;9900;;;;;Buceo;https://auto.mercadolibre.com.uy/MLU-703263838-renault-kangoo-furgon-fase-2-full-ano-2018-_JM;N/A;;"Renault Kangoo Furgón Fase 2 Full!! Año 2018!!";USD;Sí;silver;false;N/A;N/A;http://perfil.mercadolibre.com.uy/FABIANYEMURENKO2008;active;N/A;N/A;Usado;Blanco;Sí;Hidráulica;Delantera;Sí;No;N/A;N/A;N/A;Sí;N/A;N/A;No;N/A;N/A;No;No;N/A;No;N/A;N/A;N/A;N/A;N/A;N/A;N/A;N/A;N/A;N/A;N/A;N/A;N/A;N/A;N/A;N/A;N/A;N/A;N/A;No;N/A;N/A;N/A;N/A;N/A;N/A;N/A;N/A;N/A;N/A;N/A;N/A;N/A;N/A;N/A;N/A;N/A;N/A;N/A;N/A;N/A;N/A;N/A;No;N/A;N/A;N/A;N/A;N/A;N/A;N/A;N/A;N/A;N/A;N/A;N/A;N/A;N/A;N/A;N/A;N/A;N/A;N/A;N/A;N/A;N/A;N/A;N/A;N/A;N/A;N/A;N/A;No;N/A;No;Sí;N/A;Sí;Sí;N/A;No;N/A;N/A;No;Sí;N/A;N/A;No;"Lunes a viernes de 9 y 30 a 13 hs y de 15 a 18 hs, sábados de 10 a 13 hs.";5;1.6;Nafta;Manual;Furgón;"Autos y camionetas";No;N/A;N/A;N/A;No;N/A;N/A;N/A;Sí;N/A;No;N/A;N/A;N/A;N/A;N/A;N/A;N/A;N/A;N/A;N/A;N/A;N/A;N/A;No;N/A;N/A;N/A;N/A;N/A;N/A;N/A;N/A;N/A;N/A;N/A;N/A;N/A;N/A;N/A;N/A;N/A;N/A;No;N/A;N/A;N/A;N/A;N/A;N/A;N/A;N/A;N/A;N/A;N/A;N/A;N/A;N/A;N/A;N/A;N/A;No;No;N/A;N/A;N/A;N/A;N/A;N/A;N/A;N/A;N/A;N/A;N/A;N/A;N/A;N/A;N/A;N/A;N/A;N/A;N/A;N/A;N/A;N/A;N/A;N/A;N/A;N/A;N/A;N/A;N/A;N/A;N/A;N/A;No;Sí;Sí;No;N/A;Sí;N/A;N/A;N/A;N/A;Sí;Sí;Sí;No;N/A;N/A;Sí;Sí;Sí;Sí;Sí;Sí;No;No;No;N/A;Sí
Renault;Logan;"1.6 Authentique 85cv";2015;"85000 km";;"AUTOMOTORA NOAHCARS";9990;;;;;Carrasco;https://auto.mercadolibre.com.uy/MLU-647313335-renault-logan-2015-full-_JM;N/A;;"Renault Logan 2015 Full!!!!!";usd;Sí;silver;false;N/A;N/A;http://perfil.mercadolibre.com.uy/AUTOMOTORA+NOAHCARS;active;N/A;N/A;Usado;Gris;N/A;Hidráulica;Delantera;N/A;N/A;N/A;N/A;N/A;N/A;N/A;N/A;N/A;N/A;N/A;N/A;N/A;N/A;N/A;N/A;N/A;N/A;N/A;N/A;N/A;N/A;N/A;N/A;N/A;"2635 mm";"1.6 L";"50 L";5;N/A;N/A;N/A;N/A;N/A;N/A;N/A;N/A;N/A;N/A;N/A;N/A;N/A;N/A;N/A;N/A;N/A;N/A;N/A;N/A;N/A;N/A;N/A;N/A;N/A;N/A;N/A;N/A;N/A;N/A;N/A;N/A;N/A;N/A;N/A;N/A;N/A;N/A;N/A;N/A;N/A;N/A;N/A;N/A;N/A;"1529 mm";"4350 mm";N/A;N/A;N/A;N/A;5;"85 hp";Authentique;N/A;2;"1733 mm";"12.5 km/l";N/A;N/A;N/A;N/A;N/A;N/A;N/A;N/A;N/A;N/A;N/A;N/A;N/A;N/A;N/A;N/A;N/A;4;1.6;Nafta;Manual;Sedán;"Autos y camionetas";N/A;N/A;N/A;N/A;N/A;N/A;UY;N/A;N/A;N/A;N/A;N/A;N/A;N/A;N/A;N/A;N/A;N/A;N/A;N/A;N/A;N/A;N/A;N/A;N/A;N/A;N/A;N/A;N/A;N/A;N/A;N/A;N/A;N/A;N/A;N/A;N/A;N/A;N/A;N/A;N/A;N/A;N/A;N/A;N/A;N/A;N/A;N/A;N/A;N/A;N/A;N/A;N/A;N/A;N/A;N/A;N/A;N/A;N/A;N/A;N/A;N/A;N/A;N/A;N/A;N/A;N/A;N/A;N/A;N/A;N/A;N/A;N/A;N/A;N/A;N/A;N/A;N/A;N/A;N/A;N/A;N/A;N/A;N/A;N/A;N/A;N/A;N/A;N/A;N/A;N/A;N/A;N/A;N/A;N/A;N/A;N/A;N/A;N/A;N/A;N/A;N/A;N/A;N/A;N/A;N/A;N/A;N/A;N/A;N/A;N/A;N/A;N/A;N/A;N/A;N/A;N/A;N/A;N/A;N/A;N/A;N/A
Renault;"Duster Oroch";"1.6 Dynamique";2020;"130000 km";;CARLOSFATIGATTI01;16500;;;;;"Las Piedras";https://auto.mercadolibre.com.uy/MLU-702205294-renault-oroch-_JM;N/A;;"Renault Oroch";usd;Sí;silver;false;N/A;N/A;http://perfil.mercadolibre.com.uy/CARLOSFATIGATTI01;active;N/A;N/A;Usado;Gris;N/A;N/A;4x2;N/A;N/A;Sí;N/A;N/A;N/A;N/A;N/A;N/A;N/A;N/A;N/A;N/A;N/A;N/A;N/A;N/A;N/A;N/A;N/A;N/A;N/A;N/A;N/A;N/A;"2829 mm";"1.6 L";"50 L";5;N/A;N/A;N/A;N/A;N/A;N/A;N/A;N/A;N/A;N/A;N/A;N/A;N/A;N/A;N/A;N/A;N/A;N/A;N/A;N/A;N/A;N/A;N/A;N/A;N/A;N/A;N/A;N/A;N/A;N/A;N/A;N/A;N/A;N/A;N/A;N/A;N/A;N/A;N/A;N/A;N/A;N/A;N/A;N/A;N/A;"1683 mm";"4329 mm";N/A;N/A;N/A;N/A;5;"110 hp";Dynamique;N/A;4;"1821 mm";"11.1 km/l";N/A;N/A;N/A;N/A;N/A;N/A;N/A;N/A;N/A;N/A;"10.4 km/l";N/A;N/A;N/A;N/A;N/A;N/A;4;1.6;Nafta;Manual;SUV;"Autos y camionetas";N/A;N/A;N/A;N/A;N/A;N/A;UY;N/A;N/A;N/A;N/A;N/A;N/A;N/A;N/A;N/A;N/A;N/A;N/A;N/A;N/A;N/A;N/A;N/A;N/A;N/A;N/A;N/A;N/A;N/A;N/A;N/A;N/A;N/A;N/A;N/A;N/A;N/A;N/A;N/A;N/A;N/A;N/A;N/A;N/A;N/A;N/A;N/A;N/A;N/A;N/A;N/A;N/A;N/A;N/A;N/A;N/A;N/A;N/A;N/A;N/A;N/A;N/A;N/A;N/A;N/A;N/A;N/A;N/A;N/A;N/A;N/A;N/A;N/A;N/A;N/A;N/A;N/A;N/A;N/A;N/A;N/A;N/A;N/A;N/A;N/A;N/A;N/A;N/A;N/A;N/A;N/A;N/A;N/A;N/A;N/A;N/A;N/A;N/A;N/A;N/A;N/A;N/A;N/A;N/A;N/A;N/A;N/A;N/A;N/A;N/A;N/A;N/A;N/A;N/A;N/A;N/A;N/A;N/A;N/A;N/A;N/A
Renault;R19;"1.8 Rti Coupe";1996;"125900 km";;CARLOSFATIGATTI01;7500;;;;;"Las Piedras";https://auto.mercadolibre.com.uy/MLU-646994381-renault-19-rld-_JM;N/A;;"Renault 19 Rld";usd;No;silver;false;N/A;N/A;http://perfil.mercadolibre.com.uy/CARLOSFATIGATTI01;active;N/A;N/A;Usado;Rojo;N/A;Hidráulica;Delantera;N/A;N/A;N/A;N/A;N/A;N/A;N/A;N/A;N/A;N/A;N/A;N/A;N/A;N/A;N/A;N/A;N/A;N/A;N/A;N/A;N/A;N/A;N/A;N/A;N/A;"2544 mm";"1.8 L";"55 L";5;N/A;N/A;N/A;N/A;N/A;N/A;N/A;N/A;N/A;N/A;N/A;N/A;N/A;N/A;N/A;N/A;N/A;N/A;N/A;N/A;N/A;N/A;N/A;N/A;N/A;N/A;N/A;N/A;N/A;N/A;N/A;N/A;N/A;N/A;N/A;N/A;N/A;N/A;N/A;N/A;N/A;N/A;N/A;N/A;N/A;"1410 mm";"4160 mm";N/A;N/A;N/A;N/A;5;"90 hp";Rt;N/A;2;"1701 mm";N/A;N/A;N/A;N/A;N/A;N/A;N/A;N/A;N/A;N/A;N/A;N/A;N/A;N/A;N/A;N/A;N/A;N/A;2;1.8;Nafta;Manual;Coupé;"Autos y camionetas";N/A;N/A;N/A;N/A;N/A;N/A;UY;N/A;N/A;N/A;N/A;N/A;N/A;N/A;N/A;N/A;N/A;N/A;N/A;N/A;N/A;N/A;N/A;N/A;N/A;N/A;N/A;N/A;N/A;N/A;N/A;N/A;N/A;N/A;N/A;N/A;N/A;N/A;N/A;N/A;N/A;N/A;N/A;N/A;N/A;N/A;N/A;N/A;N/A;N/A;N/A;N/A;N/A;N/A;N/A;N/A;N/A;N/A;N/A;N/A;N/A;N/A;N/A;N/A;N/A;N/A;N/A;N/A;N/A;N/A;N/A;N/A;N/A;N/A;N/A;N/A;N/A;N/A;N/A;N/A;N/A;N/A;N/A;N/A;N/A;N/A;N/A;N/A;N/A;N/A;N/A;N/A;N/A;N/A;N/A;N/A;N/A;N/A;N/A;N/A;N/A;N/A;N/A;N/A;N/A;N/A;N/A;N/A;N/A;N/A;N/A;N/A;N/A;N/A;N/A;N/A;N/A;N/A;N/A;N/A;N/A;N/A
Renault;Sandero;"1.6 Privilege 105cv";2017;"98000 km";;HANGAR-MOTORS;11800;;;;;"La Blanqueada";https://auto.mercadolibre.com.uy/MLU-701888786-renault-sandero-16-privilege-105cv-_JM;N/A;;"Renault Sandero 1.6 Privilege 105cv";usd;Sí;silver;false;N/A;N/A;http://perfil.mercadolibre.com.uy/HANGAR-MOTORS;active;N/A;N/A;Usado;Rojo;No;Hidráulica;Delantera;Sí;N/A;Sí;N/A;N/A;Sí;N/A;N/A;N/A;N/A;N/A;N/A;N/A;N/A;N/A;N/A;N/A;N/A;N/A;N/A;N/A;N/A;N/A;N/A;N/A;"2590 mm";"1.6 L";"50 L";5;N/A;N/A;N/A;N/A;N/A;N/A;N/A;N/A;N/A;N/A;N/A;N/A;N/A;N/A;N/A;N/A;N/A;N/A;N/A;N/A;N/A;N/A;N/A;N/A;N/A;N/A;N/A;N/A;N/A;N/A;N/A;N/A;N/A;N/A;N/A;N/A;N/A;N/A;N/A;N/A;N/A;N/A;N/A;N/A;N/A;"1536 mm";"4060 mm";N/A;N/A;N/A;N/A;5;"105 hp";Privilege;N/A;4;"1733 mm";"9.5 km/l";Sí;N/A;N/A;N/A;N/A;N/A;N/A;N/A;N/A;N/A;"5.7 km/l";N/A;N/A;N/A;N/A;N/A;"Lunes a viernes de 9 a 18:30";5;1.6;Nafta;Manual;Hatchback;"Autos y camionetas";N/A;N/A;N/A;N/A;N/A;N/A;UY;N/A;N/A;N/A;N/A;N/A;N/A;N/A;N/A;N/A;N/A;N/A;N/A;N/A;N/A;N/A;N/A;N/A;N/A;N/A;N/A;N/A;N/A;N/A;N/A;N/A;N/A;N/A;N/A;N/A;N/A;N/A;N/A;N/A;N/A;N/A;N/A;N/A;N/A;N/A;N/A;N/A;N/A;N/A;N/A;N/A;N/A;N/A;N/A;N/A;N/A;N/A;N/A;N/A;N/A;N/A;N/A;N/A;N/A;N/A;N/A;N/A;N/A;N/A;N/A;N/A;N/A;N/A;N/A;N/A;N/A;N/A;N/A;N/A;N/A;N/A;N/A;N/A;N/A;N/A;N/A;N/A;N/A;N/A;N/A;N/A;N/A;N/A;N/A;N/A;N/A;N/A;N/A;N/A;N/A;N/A;N/A;N/A;N/A;N/A;N/A;N/A;N/A;N/A;N/A;N/A;N/A;N/A;N/A;N/A;N/A;Sí;N/A;N/A;N/A;N/A
Renault;Twingo;"1.2 Authentique";1998;"180000 km";;ISSOGARAGE;4900;;;;;Carrasco;https://auto.mercadolibre.com.uy/MLU-646698975-renault-twingo-12-authentique-_JM;N/A;;"Renault Twingo 1.2 Authentique";usd;No;silver;false;N/A;N/A;http://perfil.mercadolibre.com.uy/ISSOGARAGE;active;N/A;N/A;Usado;Azul;No;Hidráulica;Delantera;No;No;N/A;N/A;N/A;No;N/A;N/A;No;N/A;N/A;No;No;N/A;No;N/A;N/A;N/A;N/A;N/A;N/A;N/A;N/A;N/A;N/A;"2347 mm";"1.2 L";"40 L";5;N/A;N/A;N/A;N/A;N/A;No;N/A;N/A;N/A;N/A;N/A;N/A;N/A;N/A;N/A;N/A;N/A;N/A;N/A;N/A;N/A;N/A;N/A;N/A;N/A;N/A;N/A;N/A;N/A;No;N/A;N/A;N/A;N/A;N/A;N/A;N/A;N/A;N/A;N/A;N/A;N/A;N/A;N/A;N/A;"1423 mm";"3433 mm";N/A;N/A;N/A;N/A;4;"75 hp";Authentique;N/A;2;"1630 mm";"13.3 km/l";No;N/A;No;No;N/A;Sí;N/A;N/A;No;N/A;N/A;No;No;N/A;N/A;No;"Lun a Vie 10:30 a 18:30 Sáb 11 a 16 hs";3;1.2;Nafta;Manual;Hatchback;"Autos y camionetas";No;N/A;N/A;N/A;No;N/A;UY;N/A;Sí;N/A;Sí;N/A;N/A;N/A;N/A;N/A;N/A;N/A;N/A;N/A;N/A;N/A;N/A;N/A;No;N/A;N/A;N/A;N/A;N/A;N/A;N/A;N/A;N/A;N/A;N/A;N/A;N/A;N/A;N/A;N/A;N/A;N/A;No;N/A;N/A;N/A;N/A;N/A;N/A;N/A;N/A;N/A;N/A;N/A;N/A;N/A;N/A;N/A;N/A;N/A;No;No;N/A;N/A;N/A;N/A;N/A;N/A;N/A;N/A;N/A;N/A;N/A;N/A;N/A;N/A;N/A;N/A;N/A;N/A;N/A;N/A;N/A;N/A;N/A;N/A;N/A;N/A;N/A;N/A;N/A;N/A;N/A;N/A;No;No;Sí;No;N/A;No;N/A;N/A;N/A;N/A;No;No;No;No;N/A;N/A;No;No;No;Sí;No;No;No;No;No;N/A;No
Renault;"Duster Oroch";"1.6 Outsider";2024;"0 km";;"JHONNY_PERERA AUTOMOVILES";25000;;;;;"Rafael Perazza";https://auto.mercadolibre.com.uy/MLU-700712346-renault-duster-oroch-2024-16-outsider-_JM;N/A;;"Renault Duster Oroch 2024 1.6 Outsider";usd;Sí;silver;false;N/A;N/A;http://perfil.mercadolibre.com.uy/JHONNY_PERERA+AUTOMOVILES;active;N/A;N/A;Nuevo;N/A;N/A;N/A;4x2;N/A;N/A;Sí;N/A;N/A;N/A;N/A;N/A;N/A;N/A;N/A;N/A;N/A;N/A;N/A;N/A;N/A;N/A;N/A;N/A;N/A;N/A;N/A;N/A;N/A;"2829 mm";"1.6 L";"50 L";5;N/A;N/A;N/A;N/A;N/A;N/A;N/A;N/A;N/A;N/A;N/A;N/A;N/A;N/A;N/A;N/A;N/A;N/A;N/A;N/A;N/A;N/A;N/A;N/A;N/A;N/A;N/A;N/A;N/A;N/A;N/A;N/A;N/A;N/A;N/A;N/A;N/A;N/A;N/A;N/A;N/A;N/A;N/A;N/A;N/A;"1683 mm";"4329 mm";N/A;N/A;N/A;N/A;5;"110 hp";Outsider;N/A;4;"1821 mm";"11.1 km/l";N/A;N/A;N/A;N/A;N/A;N/A;N/A;N/A;N/A;N/A;"10.4 km/l";N/A;N/A;N/A;N/A;N/A;N/A;4;1.6;Nafta;Manual;SUV;"Autos y camionetas";N/A;N/A;N/A;N/A;N/A;N/A;UY;N/A;N/A;N/A;N/A;N/A;N/A;N/A;N/A;N/A;N/A;N/A;N/A;N/A;N/A;N/A;N/A;N/A;N/A;N/A;N/A;N/A;N/A;N/A;N/A;N/A;N/A;N/A;N/A;N/A;N/A;N/A;N/A;N/A;N/A;N/A;N/A;N/A;N/A;N/A;N/A;N/A;N/A;N/A;N/A;N/A;N/A;N/A;N/A;N/A;N/A;N/A;N/A;N/A;N/A;N/A;N/A;N/A;N/A;N/A;N/A;N/A;N/A;N/A;N/A;N/A;N/A;N/A;N/A;N/A;N/A;N/A;N/A;N/A;N/A;N/A;N/A;N/A;N/A;N/A;N/A;N/A;N/A;N/A;N/A;N/A;N/A;N/A;N/A;N/A;N/A;N/A;N/A;N/A;N/A;N/A;N/A;N/A;N/A;N/A;N/A;N/A;N/A;N/A;N/A;N/A;N/A;N/A;N/A;N/A;N/A;N/A;N/A;N/A;N/A;N/A
Renault;Duster;"Zen Mt";2023;"64755 km";;"CHEVROLET RIVERA";20500;;;;;Florida;https://auto.mercadolibre.com.uy/MLU-699490026-renault-duster-zen-mt-16-2023-impecable-_JM;N/A;;"Renault Duster Zen Mt 1.6 2023 Impecable!";USD;Sí;silver;false;N/A;N/A;http://perfil.mercadolibre.com.uy/CHEVROLET+RIVERA;active;N/A;N/A;Usado;Blanco;Sí;Hidráulica;N/A;Sí;Sí;Sí;N/A;N/A;N/A;Sí;N/A;N/A;N/A;Sí;N/A;Sí;N/A;N/A;N/A;N/A;N/A;N/A;N/A;N/A;N/A;N/A;N/A;N/A;N/A;"1600 cc";N/A;6;N/A;N/A;Sí;Sí;N/A;N/A;N/A;N/A;N/A;N/A;N/A;N/A;N/A;N/A;N/A;N/A;N/A;N/A;N/A;N/A;N/A;N/A;N/A;N/A;N/A;Sí;N/A;N/A;N/A;Sí;N/A;N/A;N/A;N/A;N/A;N/A;Sí;N/A;N/A;N/A;N/A;N/A;N/A;N/A;N/A;N/A;N/A;N/A;N/A;N/A;N/A;N/A;"115 hp";Zen;N/A;N/A;N/A;N/A;N/A;N/A;N/A;Sí;N/A;Sí;N/A;N/A;N/A;N/A;N/A;N/A;N/A;N/A;N/A;N/A;"Lunes a Viernes de 8:30 a 19 hs";5;1.6;Nafta;Manual;SUV;"Autos y camionetas";No;N/A;N/A;N/A;No;N/A;N/A;No;Sí;No;No;N/A;N/A;N/A;N/A;N/A;N/A;N/A;N/A;N/A;N/A;N/A;N/A;N/A;N/A;N/A;N/A;N/A;N/A;N/A;N/A;N/A;N/A;N/A;N/A;N/A;N/A;N/A;N/A;N/A;N/A;N/A;N/A;N/A;N/A;N/A;N/A;N/A;N/A;N/A;N/A;N/A;N/A;N/A;N/A;N/A;N/A;N/A;N/A;N/A;N/A;N/A;No;N/A;N/A;N/A;N/A;N/A;N/A;N/A;N/A;N/A;N/A;N/A;N/A;N/A;N/A;N/A;N/A;N/A;N/A;N/A;N/A;N/A;N/A;N/A;N/A;N/A;N/A;N/A;N/A;N/A;N/A;N/A;N/A;N/A;Sí;Sí;Sí;N/A;Sí;Sí;Sí;N/A;Sí;Sí;N/A;N/A;N/A;N/A;N/A;N/A;Sí;N/A;Sí;N/A;Sí;N/A;N/A;N/A;N/A;Sí
Renault;Duster;"1.6 16v Zen";2021;"30000 km";;"MICLEN 2013";16990;;;;;"Piedras Blancas";https://auto.mercadolibre.com.uy/MLU-704165472-vendo-o-permuto-renault-duster-16-mt-extra-full-ano-2022-_JM;N/A;;"Vendo O Permuto Renault Duster 1.6 Mt Extra Full Año 2022";usd;Sí;silver;false;N/A;N/A;http://perfil.mercadolibre.com.uy/MICLEN+2013;active;N/A;N/A;Usado;Gris;N/A;N/A;4x2;N/A;N/A;Sí;N/A;N/A;N/A;N/A;N/A;N/A;N/A;N/A;N/A;N/A;N/A;N/A;N/A;N/A;N/A;N/A;N/A;N/A;N/A;N/A;N/A;N/A;"2674 mm";"1.6 L";"50 L";5;N/A;N/A;N/A;N/A;N/A;N/A;N/A;N/A;N/A;N/A;N/A;N/A;N/A;N/A;N/A;N/A;N/A;N/A;N/A;N/A;N/A;N/A;N/A;N/A;N/A;N/A;N/A;N/A;N/A;N/A;N/A;N/A;N/A;N/A;N/A;N/A;N/A;N/A;N/A;N/A;N/A;N/A;N/A;N/A;N/A;"1683 mm";"4329 mm";N/A;N/A;N/A;N/A;5;"118 hp";Zen;N/A;4;"1822 mm";"11.1 km/l";N/A;N/A;N/A;N/A;N/A;N/A;N/A;N/A;N/A;N/A;"10.4 km/l";N/A;N/A;N/A;N/A;N/A;N/A;5;1.6;Nafta;Manual;SUV;"Autos y camionetas";N/A;N/A;N/A;N/A;N/A;N/A;UY;N/A;N/A;N/A;N/A;N/A;N/A;N/A;N/A;N/A;N/A;N/A;N/A;N/A;N/A;N/A;N/A;N/A;N/A;N/A;N/A;N/A;N/A;N/A;N/A;N/A;N/A;N/A;N/A;N/A;N/A;N/A;N/A;N/A;N/A;N/A;N/A;N/A;N/A;N/A;N/A;N/A;N/A;N/A;N/A;N/A;N/A;N/A;N/A;N/A;N/A;N/A;N/A;N/A;N/A;N/A;N/A;N/A;N/A;N/A;N/A;N/A;N/A;N/A;N/A;N/A;N/A;N/A;N/A;N/A;N/A;N/A;N/A;N/A;N/A;N/A;N/A;N/A;N/A;N/A;N/A;N/A;N/A;N/A;N/A;N/A;N/A;N/A;N/A;N/A;N/A;N/A;N/A;N/A;N/A;N/A;N/A;N/A;N/A;N/A;N/A;N/A;N/A;N/A;N/A;N/A;N/A;N/A;N/A;N/A;N/A;N/A;N/A;N/A;N/A;N/A
Renault;Kwid;"1.0 Sce 66cv Outsider";2022;"53000 km";;"MICLEN 2013";12990;;;;;"Piedras Blancas";https://auto.mercadolibre.com.uy/MLU-704217204-vendo-o-permuto-renault-kwid-10-sce-66cv-outsider-ano-2021-_JM;N/A;;"Vendo O Permuto Renault Kwid 1.0 Sce 66cv Outsider Año 2021";usd;Sí;silver;false;N/A;N/A;http://perfil.mercadolibre.com.uy/MICLEN+2013;active;N/A;N/A;Usado;Naranja;N/A;N/A;Delantera;N/A;N/A;Sí;N/A;N/A;N/A;N/A;N/A;N/A;N/A;N/A;N/A;N/A;N/A;N/A;N/A;N/A;N/A;N/A;N/A;N/A;N/A;N/A;N/A;N/A;"2423 mm";"1 L";"50 L";5;N/A;N/A;N/A;N/A;N/A;N/A;N/A;N/A;N/A;N/A;N/A;N/A;N/A;N/A;N/A;N/A;N/A;N/A;N/A;N/A;N/A;N/A;N/A;N/A;N/A;N/A;N/A;N/A;N/A;N/A;N/A;N/A;N/A;N/A;N/A;N/A;N/A;N/A;N/A;N/A;N/A;N/A;N/A;N/A;N/A;"1474 mm";"3680 mm";N/A;N/A;N/A;N/A;5;"66 hp";Outsider;N/A;4;"1752 mm";N/A;N/A;N/A;N/A;N/A;N/A;N/A;N/A;N/A;N/A;N/A;N/A;N/A;N/A;N/A;N/A;N/A;N/A;5;1.0;Nafta;Manual;Hatchback;"Autos y camionetas";N/A;N/A;N/A;N/A;N/A;N/A;UY;N/A;N/A;N/A;N/A;N/A;N/A;N/A;N/A;N/A;N/A;N/A;N/A;N/A;N/A;N/A;N/A;N/A;N/A;N/A;N/A;N/A;N/A;N/A;N/A;N/A;N/A;N/A;N/A;N/A;N/A;N/A;N/A;N/A;N/A;N/A;N/A;N/A;N/A;N/A;N/A;N/A;N/A;N/A;N/A;N/A;N/A;N/A;N/A;N/A;N/A;N/A;N/A;N/A;N/A;N/A;N/A;N/A;N/A;N/A;N/A;N/A;N/A;N/A;N/A;N/A;N/A;N/A;N/A;N/A;N/A;N/A;N/A;N/A;N/A;N/A;N/A;N/A;N/A;N/A;N/A;N/A;N/A;N/A;N/A;N/A;N/A;N/A;N/A;N/A;N/A;N/A;N/A;N/A;N/A;N/A;N/A;N/A;N/A;N/A;N/A;N/A;N/A;N/A;N/A;N/A;N/A;N/A;N/A;N/A;N/A;N/A;N/A;N/A;N/A;N/A
Renault;Kwid;"1.0 Sce 66cv Life";2020;"77000 km";;"OLIVERA AUTOMOTORES";12800;;;;;Salto;https://auto.mercadolibre.com.uy/MLU-645797589-renault-kwid-life-_JM;N/A;;"Renault Kwid  Life ";usd;Sí;silver;false;N/A;N/A;http://perfil.mercadolibre.com.uy/OLIVERA+AUTOMOTORES;active;N/A;N/A;Usado;Plateado;N/A;N/A;Delantera;N/A;N/A;Sí;N/A;N/A;N/A;N/A;N/A;N/A;N/A;N/A;N/A;N/A;N/A;N/A;N/A;N/A;N/A;N/A;N/A;N/A;N/A;N/A;N/A;N/A;"2423 mm";"1 L";"50 L";5;N/A;N/A;N/A;N/A;N/A;N/A;N/A;N/A;N/A;N/A;N/A;N/A;N/A;N/A;N/A;N/A;N/A;N/A;N/A;N/A;N/A;N/A;N/A;N/A;N/A;N/A;N/A;N/A;N/A;N/A;N/A;N/A;N/A;N/A;N/A;N/A;N/A;N/A;N/A;N/A;N/A;N/A;N/A;N/A;N/A;"1474 mm";"3680 mm";N/A;N/A;N/A;N/A;5;"66 hp";Life;N/A;4;"1752 mm";N/A;N/A;N/A;N/A;N/A;N/A;N/A;N/A;N/A;N/A;N/A;N/A;N/A;N/A;N/A;N/A;N/A;N/A;5;1.0;Nafta;Manual;Hatchback;"Autos y camionetas";N/A;N/A;N/A;N/A;N/A;N/A;UY;N/A;N/A;N/A;N/A;N/A;N/A;N/A;N/A;N/A;N/A;N/A;N/A;N/A;N/A;N/A;N/A;N/A;N/A;N/A;N/A;N/A;N/A;N/A;N/A;N/A;N/A;N/A;N/A;N/A;N/A;N/A;N/A;N/A;N/A;N/A;N/A;N/A;N/A;N/A;N/A;N/A;N/A;N/A;N/A;N/A;N/A;N/A;N/A;N/A;N/A;N/A;N/A;N/A;N/A;N/A;N/A;N/A;N/A;N/A;N/A;N/A;N/A;N/A;N/A;N/A;N/A;N/A;N/A;N/A;N/A;N/A;N/A;N/A;N/A;N/A;N/A;N/A;N/A;N/A;N/A;N/A;N/A;N/A;N/A;N/A;N/A;N/A;N/A;N/A;N/A;N/A;N/A;N/A;N/A;N/A;N/A;N/A;N/A;N/A;N/A;N/A;N/A;N/A;N/A;N/A;N/A;N/A;N/A;N/A;N/A;N/A;N/A;N/A;N/A;N/A
Renault;Duster;"2.0 Ph2 4x4 Privilege 143cv";2018;"250000 km";;"VARGAS ANDRE";12900;;;;;"Carrasco Norte";https://auto.mercadolibre.com.uy/MLU-645012525-renault-duster-2018-20-ph2-4x4-privilege-143cv-_JM;N/A;;"Renault Duster 2018 2.0 Ph2 4x4 Privilege 143cv";usd;Sí;silver;false;N/A;N/A;http://perfil.mercadolibre.com.uy/VARGAS+ANDRE;active;N/A;N/A;Usado;N/A;N/A;Hidráulica;4x4;N/A;N/A;Sí;N/A;N/A;N/A;N/A;N/A;N/A;N/A;N/A;N/A;N/A;N/A;N/A;N/A;N/A;N/A;N/A;N/A;N/A;N/A;N/A;N/A;N/A;"2674 mm";"2 L";"50 L";6;N/A;N/A;N/A;N/A;N/A;N/A;N/A;N/A;N/A;N/A;N/A;N/A;N/A;N/A;N/A;N/A;N/A;N/A;N/A;N/A;N/A;N/A;N/A;N/A;N/A;N/A;N/A;N/A;N/A;N/A;N/A;N/A;N/A;N/A;N/A;N/A;N/A;N/A;N/A;N/A;N/A;N/A;N/A;N/A;N/A;"1683 mm";"4329 mm";N/A;N/A;N/A;N/A;5;"143 hp";Privilege;N/A;4;"1822 mm";"10.8 km/l";N/A;N/A;N/A;N/A;N/A;N/A;N/A;N/A;N/A;N/A;N/A;N/A;N/A;N/A;N/A;N/A;N/A;5;2.0;Nafta;Manual;SUV;"Autos y camionetas";N/A;N/A;N/A;N/A;N/A;N/A;UY;N/A;N/A;N/A;N/A;N/A;N/A;N/A;N/A;N/A;N/A;N/A;N/A;N/A;N/A;N/A;N/A;N/A;N/A;N/A;N/A;N/A;N/A;N/A;N/A;N/A;N/A;N/A;N/A;N/A;N/A;N/A;N/A;N/A;N/A;N/A;N/A;N/A;N/A;N/A;N/A;N/A;N/A;N/A;N/A;N/A;N/A;N/A;N/A;N/A;N/A;N/A;N/A;N/A;N/A;N/A;N/A;N/A;N/A;N/A;N/A;N/A;N/A;N/A;N/A;N/A;N/A;N/A;N/A;N/A;N/A;N/A;N/A;N/A;N/A;N/A;N/A;N/A;N/A;N/A;N/A;N/A;N/A;N/A;N/A;N/A;N/A;N/A;N/A;N/A;N/A;N/A;N/A;N/A;N/A;N/A;N/A;N/A;N/A;N/A;N/A;N/A;N/A;N/A;N/A;N/A;N/A;N/A;N/A;N/A;N/A;N/A;N/A;N/A;N/A;N/A
Renault;"Sandero Stepway";"1.6 Privilege 105cv";2012;"143000 km";;NGONCALVES352;10990;;;;;"San José de Carrasco";https://auto.mercadolibre.com.uy/MLU-644893535-renault-sandero-stepway-privilege-1600-full-100-financiado-_JM;N/A;;"Renault Sandero Stepway Privilege 1.600 Full 100% Financiado";usd;Sí;silver;false;N/A;N/A;http://perfil.mercadolibre.com.uy/NGONCALVES352;active;N/A;N/A;Usado;Gris;N/A;Hidráulica;Delantera;N/A;N/A;Sí;N/A;N/A;N/A;N/A;N/A;N/A;N/A;N/A;N/A;N/A;N/A;N/A;N/A;N/A;N/A;N/A;N/A;N/A;N/A;N/A;N/A;N/A;"2588 mm";"1.6 L";"50 L";5;N/A;N/A;N/A;N/A;N/A;N/A;N/A;N/A;N/A;N/A;N/A;N/A;N/A;N/A;N/A;N/A;N/A;N/A;N/A;N/A;N/A;N/A;N/A;N/A;N/A;N/A;N/A;N/A;N/A;N/A;N/A;N/A;N/A;Sí;Sí;N/A;N/A;N/A;N/A;N/A;N/A;N/A;N/A;N/A;N/A;"1630 mm";"4091 mm";N/A;N/A;N/A;N/A;5;"105 hp";Privilege;N/A;4;"1751 mm";"9.3 km/l";N/A;N/A;N/A;Sí;N/A;N/A;Sí;N/A;N/A;N/A;"5.9 km/l";N/A;N/A;N/A;N/A;N/A;N/A;5;1.6;Nafta;Manual;Hatchback;"Autos y camionetas";N/A;N/A;N/A;N/A;N/A;N/A;UY;N/A;N/A;N/A;N/A;N/A;N/A;N/A;N/A;N/A;N/A;N/A;N/A;N/A;N/A;N/A;N/A;N/A;N/A;N/A;N/A;N/A;N/A;N/A;N/A;N/A;N/A;N/A;N/A;N/A;N/A;N/A;N/A;N/A;N/A;N/A;N/A;N/A;N/A;N/A;N/A;N/A;N/A;N/A;N/A;N/A;N/A;N/A;N/A;N/A;N/A;N/A;N/A;N/A;N/A;N/A;N/A;N/A;N/A;N/A;N/A;N/A;N/A;N/A;N/A;N/A;N/A;N/A;N/A;N/A;N/A;N/A;N/A;N/A;N/A;N/A;N/A;N/A;N/A;N/A;N/A;N/A;N/A;N/A;N/A;N/A;N/A;N/A;N/A;N/A;N/A;N/A;N/A;N/A;N/A;N/A;N/A;N/A;N/A;N/A;N/A;N/A;N/A;N/A;N/A;N/A;Sí;N/A;N/A;N/A;N/A;N/A;N/A;Sí;N/A;N/A
Renault;Kwid;"1.0 Sce 66cv Intense";2018;"76000 km";;"MASANTI AUTOMOVILES";11900;;;;;"Barros Blancos";https://auto.mercadolibre.com.uy/MLU-694001136-masanti-renault-kwid-10-sce-66cv-intense-_JM;N/A;;"Masanti Renault Kwid 1.0 Sce 66cv Intense";usd;Sí;silver;false;N/A;N/A;http://perfil.mercadolibre.com.uy/MASANTI+AUTOMOVILES;active;N/A;N/A;Usado;Naranja;N/A;Hidráulica;Delantera;N/A;N/A;Sí;N/A;N/A;N/A;N/A;N/A;N/A;N/A;N/A;N/A;N/A;N/A;N/A;N/A;N/A;N/A;N/A;N/A;N/A;N/A;N/A;N/A;N/A;"2423 mm";"1 L";"50 L";5;N/A;N/A;N/A;N/A;N/A;N/A;N/A;N/A;N/A;N/A;N/A;N/A;N/A;N/A;N/A;N/A;N/A;N/A;N/A;N/A;N/A;N/A;N/A;N/A;N/A;N/A;N/A;N/A;N/A;N/A;N/A;N/A;N/A;N/A;N/A;N/A;N/A;N/A;N/A;N/A;N/A;N/A;N/A;N/A;N/A;"1474 mm";"3680 mm";N/A;N/A;N/A;N/A;5;"66 hp";Intense;N/A;4;"1752 mm";N/A;N/A;N/A;N/A;N/A;N/A;N/A;N/A;N/A;N/A;N/A;N/A;N/A;N/A;N/A;N/A;N/A;"9 a 21";5;1.0;Nafta;Manual;Hatchback;"Autos y camionetas";N/A;N/A;N/A;N/A;N/A;N/A;UY;N/A;N/A;N/A;N/A;N/A;N/A;N/A;N/A;N/A;N/A;N/A;N/A;N/A;N/A;N/A;N/A;N/A;N/A;N/A;N/A;N/A;N/A;N/A;N/A;N/A;N/A;N/A;N/A;N/A;N/A;N/A;N/A;N/A;N/A;N/A;N/A;N/A;N/A;N/A;N/A;N/A;N/A;N/A;N/A;N/A;N/A;N/A;N/A;N/A;N/A;N/A;N/A;N/A;N/A;N/A;N/A;N/A;N/A;N/A;N/A;N/A;N/A;N/A;N/A;N/A;N/A;N/A;N/A;N/A;N/A;N/A;N/A;N/A;N/A;N/A;N/A;N/A;N/A;N/A;N/A;N/A;N/A;N/A;N/A;N/A;N/A;N/A;N/A;N/A;N/A;N/A;N/A;N/A;N/A;N/A;N/A;N/A;N/A;N/A;N/A;N/A;N/A;N/A;N/A;N/A;N/A;N/A;N/A;N/A;N/A;N/A;N/A;N/A;N/A;N/A
Renault;Oroch;Expression;2017;"138000 km";;GERMANBENGOA;13990;;;;;Centro;https://auto.mercadolibre.com.uy/MLU-703050794-renault-oroch-expression-_JM;N/A;;"Renault Oroch Expression ";USD;Sí;silver;false;N/A;N/A;http://perfil.mercadolibre.com.uy/GERMANBENGOA;active;N/A;N/A;Usado;N/A;N/A;N/A;N/A;N/A;N/A;N/A;N/A;N/A;N/A;N/A;N/A;N/A;N/A;N/A;N/A;N/A;N/A;N/A;N/A;N/A;N/A;N/A;N/A;N/A;N/A;N/A;N/A;N/A;N/A;N/A;N/A;N/A;N/A;N/A;N/A;N/A;N/A;N/A;N/A;N/A;N/A;N/A;N/A;N/A;N/A;N/A;N/A;N/A;N/A;N/A;N/A;N/A;N/A;N/A;N/A;N/A;N/A;N/A;N/A;N/A;N/A;N/A;N/A;N/A;N/A;N/A;N/A;N/A;N/A;N/A;N/A;N/A;N/A;N/A;N/A;N/A;N/A;N/A;N/A;N/A;N/A;N/A;N/A;N/A;N/A;N/A;N/A;N/A;N/A;N/A;N/A;N/A;N/A;N/A;N/A;N/A;N/A;N/A;N/A;N/A;N/A;N/A;N/A;N/A;N/A;N/A;N/A;4;N/A;Nafta;N/A;N/A;"Autos y camionetas";N/A;N/A;N/A;N/A;N/A;N/A;N/A;N/A;N/A;N/A;N/A;N/A;N/A;N/A;N/A;N/A;N/A;N/A;N/A;N/A;N/A;N/A;N/A;N/A;N/A;N/A;N/A;N/A;N/A;N/A;N/A;N/A;N/A;N/A;N/A;N/A;N/A;N/A;N/A;N/A;N/A;N/A;N/A;N/A;N/A;N/A;N/A;N/A;N/A;N/A;N/A;N/A;N/A;N/A;N/A;N/A;N/A;N/A;N/A;N/A;N/A;N/A;N/A;N/A;N/A;N/A;N/A;N/A;N/A;N/A;N/A;N/A;N/A;N/A;N/A;N/A;N/A;N/A;N/A;N/A;N/A;N/A;N/A;N/A;N/A;N/A;N/A;N/A;N/A;N/A;N/A;N/A;N/A;N/A;N/A;N/A;N/A;N/A;N/A;N/A;N/A;N/A;N/A;N/A;N/A;N/A;N/A;N/A;N/A;N/A;N/A;N/A;N/A;N/A;N/A;N/A;N/A;N/A;N/A;N/A;N/A;N/A
Renault;Duster;-;2014;"184405 km";;HOMERO_DE_LEÓN;12850;;;;;Aguada;https://auto.mercadolibre.com.uy/MLU-692746970-renault-duster-20-2014-impecable-_JM;N/A;;"Renault Duster 2.0 2014 Impecable!";USD;Sí;silver;false;N/A;N/A;http://perfil.mercadolibre.com.uy/HOMERO_DE_LE%C3%93N;active;N/A;N/A;Usado;Negro;N/A;Hidráulica;N/A;Sí;Sí;Sí;N/A;N/A;N/A;N/A;Sí;N/A;N/A;N/A;N/A;N/A;N/A;N/A;N/A;N/A;N/A;N/A;N/A;N/A;N/A;N/A;N/A;N/A;N/A;"2000 cc";N/A;6;N/A;N/A;N/A;N/A;N/A;N/A;Sí;N/A;N/A;N/A;N/A;N/A;N/A;N/A;N/A;N/A;N/A;N/A;N/A;N/A;N/A;N/A;N/A;N/A;N/A;N/A;N/A;N/A;N/A;N/A;N/A;N/A;N/A;N/A;N/A;N/A;N/A;N/A;N/A;N/A;N/A;N/A;N/A;N/A;N/A;N/A;N/A;N/A;N/A;N/A;N/A;N/A;N/A;N/A;N/A;N/A;N/A;"10 km/l";N/A;N/A;N/A;N/A;N/A;Sí;Sí;N/A;N/A;N/A;"13 km/l";N/A;N/A;N/A;N/A;N/A;"Lun. a Vie. de 10 a 18 hs. Sáb. de 9 a 13 hs.";4;2.0;Nafta;Manual;SUV;"Autos y camionetas";No;N/A;N/A;N/A;No;N/A;N/A;No;Sí;No;No;N/A;N/A;N/A;N/A;N/A;N/A;N/A;N/A;N/A;N/A;N/A;N/A;N/A;N/A;N/A;N/A;N/A;N/A;N/A;N/A;N/A;N/A;N/A;N/A;N/A;N/A;N/A;N/A;N/A;N/A;N/A;N/A;N/A;N/A;N/A;N/A;N/A;N/A;N/A;N/A;N/A;N/A;N/A;N/A;N/A;N/A;N/A;N/A;N/A;N/A;N/A;No;N/A;N/A;N/A;N/A;N/A;N/A;N/A;N/A;N/A;N/A;N/A;N/A;N/A;N/A;N/A;N/A;N/A;N/A;N/A;N/A;N/A;N/A;N/A;N/A;N/A;N/A;N/A;N/A;N/A;N/A;N/A;N/A;N/A;Sí;Sí;N/A;N/A;Sí;N/A;N/A;N/A;Sí;Sí;N/A;Sí;N/A;N/A;N/A;N/A;N/A;N/A;Sí;Sí;Sí;N/A;N/A;Sí;N/A;N/A
Renault;"Sandero Stepway";Luxe;2012;"145000 km";;"CHEVROLET PAYSANDÚ";11900;;;;;Mercedes;https://auto.mercadolibre.com.uy/MLU-705204356-renault-sandero-stepway-luxe-16-2012-impecable-_JM;N/A;;"Renault Sandero Stepway Luxe 1.6 2012 Impecable!";usd;Sí;silver;false;N/A;N/A;http://perfil.mercadolibre.com.uy/CHEVROLET+PAYSAND%C3%9A;active;N/A;N/A;Usado;"Gris oscuro";N/A;Hidráulica;N/A;Sí;N/A;Sí;N/A;N/A;N/A;Sí;N/A;Sí;N/A;Sí;N/A;Sí;N/A;N/A;N/A;N/A;N/A;N/A;N/A;N/A;N/A;N/A;N/A;N/A;N/A;"1600 cc";N/A;5;N/A;N/A;N/A;N/A;N/A;N/A;N/A;N/A;N/A;N/A;N/A;N/A;N/A;N/A;N/A;N/A;N/A;N/A;N/A;N/A;N/A;N/A;N/A;N/A;N/A;N/A;N/A;N/A;N/A;Sí;N/A;N/A;N/A;N/A;N/A;N/A;N/A;N/A;N/A;N/A;N/A;N/A;Sí;N/A;N/A;N/A;N/A;N/A;N/A;N/A;N/A;N/A;"110 hp";Luxe;N/A;N/A;N/A;"9 km/l";N/A;N/A;N/A;Sí;N/A;N/A;Sí;N/A;N/A;N/A;"14 km/l";N/A;N/A;N/A;N/A;Sí;"Lun. a Vie. 8 a 12 y 14.30 a 18.30 hs. Sáb. 8 a 12 hs";5;1.6;Nafta;Manual;Crossover;"Autos y camionetas";No;N/A;N/A;N/A;No;N/A;UY;No;Sí;No;No;N/A;N/A;N/A;N/A;N/A;N/A;N/A;N/A;N/A;N/A;N/A;N/A;N/A;N/A;N/A;N/A;N/A;N/A;N/A;N/A;N/A;N/A;N/A;N/A;N/A;N/A;N/A;N/A;N/A;N/A;N/A;N/A;N/A;N/A;N/A;N/A;N/A;N/A;N/A;N/A;N/A;N/A;N/A;N/A;N/A;N/A;N/A;N/A;N/A;N/A;N/A;No;N/A;N/A;N/A;N/A;N/A;N/A;N/A;N/A;N/A;N/A;N/A;N/A;N/A;N/A;N/A;N/A;N/A;N/A;N/A;N/A;N/A;N/A;N/A;N/A;N/A;N/A;N/A;N/A;N/A;N/A;N/A;N/A;N/A;Sí;Sí;Sí;N/A;Sí;N/A;N/A;N/A;Sí;Sí;N/A;N/A;N/A;N/A;N/A;N/A;N/A;N/A;Sí;N/A;Sí;N/A;N/A;Sí;N/A;Sí
Renault;Kardian;-;2025;"0 km";;"OSCARPISANO RENAULT-NISSAN";27000;;;;;Sayago;https://auto.mercadolibre.com.uy/MLU-688703392-renault-kardian-2025-0km-_JM;N/A;;"Renault Kardian 2025 0km";USD;Sí;silver;false;N/A;N/A;http://perfil.mercadolibre.com.uy/OSCARPISANO+RENAULT-NISSAN;active;N/A;N/A;Nuevo;"Gris oscuro";N/A;Eléctrica;N/A;Sí;Sí;N/A;N/A;N/A;N/A;N/A;N/A;N/A;N/A;N/A;N/A;Sí;N/A;Sí;N/A;N/A;N/A;N/A;N/A;N/A;N/A;N/A;N/A;N/A;N/A;N/A;N/A;5;N/A;N/A;N/A;N/A;N/A;N/A;N/A;N/A;N/A;N/A;N/A;N/A;N/A;N/A;N/A;N/A;N/A;N/A;N/A;N/A;N/A;N/A;N/A;N/A;N/A;Sí;N/A;N/A;N/A;N/A;N/A;N/A;N/A;N/A;N/A;N/A;Sí;N/A;N/A;N/A;N/A;N/A;N/A;N/A;N/A;N/A;N/A;N/A;N/A;N/A;N/A;N/A;N/A;N/A;N/A;N/A;N/A;N/A;N/A;N/A;Sí;N/A;N/A;N/A;Sí;N/A;N/A;N/A;N/A;N/A;N/A;N/A;N/A;N/A;"Lun. a Vie. de 8:30 a 18:30 hs. Sáb. de 9 a 13 hs";5;N/A;Nafta;"Automática secuencial";SUV;"Autos y camionetas";No;N/A;N/A;N/A;No;N/A;N/A;No;Sí;No;No;N/A;N/A;N/A;N/A;N/A;N/A;N/A;N/A;N/A;N/A;N/A;N/A;N/A;N/A;N/A;N/A;N/A;N/A;N/A;N/A;N/A;N/A;N/A;N/A;N/A;N/A;N/A;N/A;N/A;N/A;N/A;N/A;Sí;N/A;N/A;N/A;N/A;N/A;N/A;N/A;N/A;N/A;N/A;N/A;N/A;N/A;N/A;N/A;N/A;N/A;Sí;No;N/A;N/A;N/A;N/A;N/A;N/A;N/A;N/A;N/A;N/A;N/A;N/A;N/A;N/A;N/A;N/A;N/A;N/A;N/A;N/A;N/A;N/A;N/A;N/A;N/A;N/A;N/A;N/A;N/A;N/A;N/A;N/A;N/A;Sí;Sí;N/A;N/A;Sí;Sí;Sí;N/A;N/A;Sí;N/A;N/A;N/A;N/A;N/A;N/A;N/A;N/A;N/A;N/A;N/A;N/A;N/A;N/A;N/A;N/A
Renault;Fluence;"2.0 Ph2 Privilege Cvt 143cv";2014;"165000 km";;"DELTACAR S.A.";12500;;;;;Mercedes;https://auto.mercadolibre.com.uy/MLU-702626194-renault-fluence-2014-20-ph2-privilege-cvt-143cv-_JM;N/A;;"Renault Fluence 2014 2.0 Ph2 Privilege Cvt 143cv";usd;Sí;silver;false;N/A;N/A;http://perfil.mercadolibre.com.uy/DELTACAR+S.A.;active;N/A;N/A;Usado;Blanco;N/A;Eléctrica;Delantera;N/A;Sí;Sí;N/A;N/A;N/A;N/A;N/A;N/A;N/A;N/A;N/A;N/A;N/A;N/A;N/A;N/A;N/A;N/A;N/A;N/A;N/A;N/A;N/A;N/A;"2700 mm";"2 L";"60 L";6;N/A;N/A;N/A;N/A;N/A;N/A;N/A;N/A;N/A;Sí;N/A;N/A;N/A;N/A;N/A;N/A;N/A;N/A;N/A;N/A;N/A;N/A;N/A;N/A;N/A;N/A;N/A;N/A;N/A;N/A;N/A;N/A;N/A;Sí;Sí;N/A;N/A;N/A;N/A;N/A;N/A;N/A;N/A;N/A;N/A;"1479 mm";"4618 mm";N/A;N/A;N/A;N/A;5;"143 hp";Privilege;N/A;4;"1810 mm";"11 km/l";N/A;N/A;N/A;Sí;N/A;Sí;Sí;N/A;N/A;N/A;"6.2 km/l";N/A;N/A;N/A;N/A;N/A;"todos los dias";4;2.0;Nafta;Automática;Sedán;"Autos y camionetas";N/A;N/A;N/A;N/A;N/A;N/A;UY;N/A;N/A;N/A;N/A;N/A;N/A;N/A;N/A;N/A;N/A;N/A;N/A;N/A;N/A;N/A;N/A;N/A;N/A;N/A;N/A;N/A;N/A;N/A;N/A;N/A;N/A;N/A;N/A;N/A;N/A;N/A;N/A;N/A;N/A;N/A;N/A;N/A;N/A;N/A;N/A;N/A;N/A;N/A;N/A;N/A;N/A;N/A;N/A;N/A;N/A;N/A;N/A;N/A;N/A;N/A;N/A;N/A;N/A;N/A;N/A;N/A;N/A;N/A;N/A;N/A;N/A;N/A;N/A;N/A;N/A;N/A;N/A;N/A;N/A;N/A;N/A;N/A;N/A;N/A;N/A;N/A;N/A;N/A;N/A;N/A;N/A;N/A;N/A;N/A;N/A;N/A;N/A;N/A;Sí;N/A;N/A;N/A;N/A;Sí;Sí;Sí;Sí;N/A;N/A;N/A;Sí;Sí;N/A;N/A;N/A;N/A;N/A;Sí;N/A;N/A
Renault;Scénic;Rxe;2001;"250000 km";;"CHEVROLET PAYSANDÚ";5900;;;;;Mercedes;https://auto.mercadolibre.com.uy/MLU-702217290-renault-scenic-rxe-20-2001-buen-estado-_JM;N/A;;"Renault Scénic Rxe 2.0 2001 Buen Estado!";usd;No;silver;false;N/A;N/A;http://perfil.mercadolibre.com.uy/CHEVROLET+PAYSAND%C3%9A;active;N/A;N/A;Usado;Plateado;N/A;Hidráulica;N/A;Sí;N/A;Sí;N/A;N/A;N/A;N/A;N/A;N/A;N/A;Sí;Sí;Sí;N/A;N/A;N/A;N/A;N/A;N/A;N/A;N/A;N/A;N/A;N/A;N/A;N/A;"2000 cc";N/A;5;N/A;N/A;N/A;N/A;N/A;N/A;N/A;N/A;N/A;N/A;N/A;N/A;N/A;N/A;N/A;N/A;N/A;N/A;N/A;N/A;N/A;N/A;N/A;N/A;N/A;N/A;N/A;N/A;N/A;N/A;N/A;N/A;N/A;N/A;N/A;N/A;N/A;N/A;N/A;N/A;N/A;N/A;N/A;N/A;N/A;N/A;N/A;N/A;N/A;N/A;N/A;N/A;"120 hp";Rxe;N/A;N/A;N/A;"9 km/l";N/A;N/A;N/A;Sí;N/A;N/A;N/A;Sí;N/A;N/A;"12 km/l";N/A;N/A;N/A;N/A;Sí;"Lun. a Vie. 8 a 12 y 14.30 a 18.30 hs. Sáb. 8 a 12 hs";5;2.0;Nafta;Manual;Monovolumen;"Autos y camionetas";No;N/A;N/A;N/A;No;N/A;UY;No;Sí;No;No;N/A;N/A;N/A;N/A;N/A;N/A;N/A;N/A;N/A;N/A;N/A;N/A;N/A;N/A;N/A;N/A;N/A;N/A;N/A;N/A;N/A;N/A;N/A;N/A;N/A;N/A;N/A;N/A;N/A;N/A;N/A;N/A;N/A;N/A;N/A;N/A;N/A;N/A;N/A;N/A;N/A;N/A;N/A;N/A;N/A;N/A;N/A;N/A;N/A;N/A;N/A;No;N/A;N/A;N/A;N/A;N/A;N/A;N/A;N/A;N/A;N/A;N/A;N/A;N/A;N/A;N/A;N/A;N/A;N/A;N/A;N/A;N/A;N/A;N/A;N/A;N/A;N/A;N/A;N/A;N/A;N/A;N/A;N/A;N/A;N/A;Sí;Sí;N/A;Sí;N/A;Sí;N/A;Sí;Sí;N/A;N/A;N/A;N/A;N/A;N/A;N/A;N/A;Sí;N/A;N/A;N/A;N/A;N/A;N/A;N/A
Renault;Kwid;"1.0 Sce 66cv Zen";2019;"90000 km";;RRICHARD54073;10300;;;;;Pando;https://auto.mercadolibre.com.uy/MLU-701807592-renault-kwid-_JM;N/A;;"Renault Kwid";usd;Sí;silver;false;N/A;N/A;http://perfil.mercadolibre.com.uy/RRICHARD54073;active;N/A;N/A;Usado;Blanco;N/A;Hidráulica;Delantera;N/A;N/A;Sí;N/A;N/A;N/A;N/A;N/A;N/A;N/A;N/A;N/A;N/A;N/A;N/A;N/A;N/A;N/A;N/A;N/A;N/A;N/A;N/A;N/A;N/A;"2423 mm";"1 L";"50 L";5;N/A;N/A;N/A;N/A;N/A;N/A;N/A;N/A;N/A;N/A;N/A;N/A;N/A;N/A;N/A;N/A;N/A;N/A;N/A;N/A;N/A;N/A;N/A;N/A;N/A;N/A;N/A;N/A;N/A;N/A;N/A;N/A;N/A;N/A;N/A;N/A;N/A;N/A;N/A;N/A;N/A;N/A;N/A;N/A;N/A;"1474 mm";"3680 mm";N/A;N/A;N/A;N/A;5;"66 hp";Zen;N/A;4;"1752 mm";N/A;N/A;N/A;N/A;N/A;N/A;N/A;N/A;N/A;N/A;N/A;N/A;N/A;N/A;N/A;N/A;N/A;N/A;5;1.0;Nafta;Manual;Hatchback;"Autos y camionetas";N/A;N/A;N/A;N/A;N/A;N/A;UY;N/A;N/A;N/A;N/A;N/A;N/A;N/A;N/A;N/A;N/A;N/A;N/A;N/A;N/A;N/A;N/A;N/A;N/A;N/A;N/A;N/A;N/A;N/A;N/A;N/A;N/A;N/A;N/A;N/A;N/A;N/A;N/A;N/A;N/A;N/A;N/A;N/A;N/A;N/A;N/A;N/A;N/A;N/A;N/A;N/A;N/A;N/A;N/A;N/A;N/A;N/A;N/A;N/A;N/A;N/A;N/A;N/A;N/A;N/A;N/A;N/A;N/A;N/A;N/A;N/A;N/A;N/A;N/A;N/A;N/A;N/A;N/A;N/A;N/A;N/A;N/A;N/A;N/A;N/A;N/A;N/A;N/A;N/A;N/A;N/A;N/A;N/A;N/A;N/A;N/A;N/A;N/A;N/A;N/A;N/A;N/A;N/A;N/A;N/A;N/A;N/A;N/A;N/A;N/A;N/A;N/A;N/A;N/A;N/A;N/A;N/A;N/A;N/A;N/A;N/A
Renault;"Duster Oroch";"1.6 Dynamique";2019;"125000 km";;LAROTONDAAUTOMOVILES;15900;;;;;Sauce;https://auto.mercadolibre.com.uy/MLU-698426800-renault-duster-oroch-16-dynamique-_JM;N/A;;"Renault Duster Oroch 1.6 Dynamique";usd;Sí;silver;false;N/A;N/A;http://perfil.mercadolibre.com.uy/LAROTONDAAUTOMOVILES;active;N/A;N/A;Usado;Gris;N/A;Hidráulica;4x2;N/A;N/A;Sí;N/A;N/A;N/A;N/A;N/A;N/A;N/A;N/A;N/A;N/A;N/A;N/A;N/A;N/A;N/A;N/A;N/A;N/A;N/A;N/A;N/A;N/A;"2829 mm";"1.6 L";"50 L";5;N/A;N/A;N/A;N/A;N/A;N/A;N/A;N/A;N/A;N/A;N/A;N/A;N/A;N/A;N/A;N/A;N/A;N/A;N/A;N/A;N/A;N/A;N/A;N/A;N/A;N/A;N/A;N/A;N/A;N/A;N/A;N/A;N/A;N/A;N/A;N/A;N/A;N/A;N/A;N/A;N/A;N/A;N/A;N/A;N/A;"1683 mm";"4329 mm";N/A;N/A;N/A;N/A;5;"110 hp";Dynamique;N/A;4;"1821 mm";"11.1 km/l";N/A;N/A;N/A;N/A;N/A;N/A;N/A;N/A;N/A;N/A;"10.4 km/l";N/A;N/A;N/A;N/A;N/A;"Lunes a viernes de 8.30 a 18 horas Sábados de 8.30 a 13 horas";4;1.6;Nafta;Manual;SUV;"Autos y camionetas";N/A;N/A;N/A;N/A;N/A;N/A;UY;N/A;N/A;N/A;N/A;N/A;N/A;N/A;N/A;N/A;N/A;N/A;N/A;N/A;N/A;N/A;N/A;N/A;N/A;N/A;N/A;N/A;N/A;N/A;N/A;N/A;N/A;N/A;N/A;N/A;N/A;N/A;N/A;N/A;N/A;N/A;N/A;N/A;N/A;N/A;N/A;N/A;N/A;N/A;N/A;N/A;N/A;N/A;N/A;N/A;N/A;N/A;N/A;N/A;N/A;N/A;N/A;N/A;N/A;N/A;N/A;N/A;N/A;N/A;N/A;N/A;N/A;N/A;N/A;N/A;N/A;N/A;N/A;N/A;N/A;N/A;N/A;N/A;N/A;N/A;N/A;N/A;N/A;N/A;N/A;N/A;N/A;N/A;N/A;N/A;N/A;N/A;N/A;N/A;N/A;N/A;N/A;N/A;N/A;N/A;N/A;N/A;N/A;N/A;N/A;N/A;N/A;N/A;N/A;N/A;N/A;N/A;N/A;N/A;N/A;N/A
Renault;Kwid;LIFE;2022;"64000 km";;AEROCAR2023;12990;;;;;Malvin;https://auto.mercadolibre.com.uy/MLU-705295050-renault-kwid-life-10-2022-impecable-aerocar-_JM;N/A;;"Renault Kwid Life 1.0 2022 Impecable! Aerocar";USD;Sí;silver;false;N/A;N/A;http://perfil.mercadolibre.com.uy/AEROCAR2023;active;N/A;N/A;Usado;Blanco;N/A;Hidráulica;N/A;Sí;Sí;N/A;N/A;N/A;N/A;Sí;N/A;N/A;N/A;Sí;N/A;N/A;N/A;Sí;N/A;N/A;N/A;N/A;N/A;N/A;N/A;N/A;N/A;N/A;N/A;"1000 cc";N/A;5;N/A;N/A;N/A;N/A;N/A;N/A;N/A;N/A;N/A;N/A;N/A;N/A;N/A;N/A;N/A;N/A;N/A;N/A;N/A;N/A;N/A;N/A;N/A;Sí;N/A;Sí;N/A;N/A;N/A;N/A;N/A;N/A;N/A;N/A;N/A;N/A;Sí;N/A;N/A;N/A;N/A;N/A;N/A;N/A;N/A;N/A;N/A;N/A;N/A;N/A;N/A;N/A;N/A;Life;N/A;N/A;N/A;"18 km/l";N/A;N/A;N/A;N/A;N/A;N/A;N/A;N/A;N/A;N/A;"20 km/l";N/A;N/A;N/A;N/A;N/A;"Lun. a Vie. de 9 a 19 hs. Sáb. de 10 a 14 hs.";5;1.0;Nafta;Manual;Hatchback;"Autos y camionetas";No;N/A;N/A;N/A;No;N/A;N/A;No;Sí;No;No;N/A;N/A;N/A;N/A;N/A;N/A;N/A;N/A;N/A;N/A;N/A;N/A;N/A;N/A;N/A;N/A;N/A;N/A;N/A;N/A;N/A;N/A;N/A;N/A;N/A;N/A;N/A;N/A;N/A;N/A;N/A;N/A;N/A;N/A;N/A;N/A;N/A;N/A;N/A;N/A;N/A;N/A;N/A;N/A;N/A;N/A;N/A;N/A;N/A;N/A;N/A;No;N/A;N/A;N/A;N/A;N/A;N/A;N/A;N/A;N/A;N/A;N/A;N/A;N/A;N/A;N/A;N/A;N/A;N/A;N/A;N/A;N/A;N/A;N/A;N/A;N/A;N/A;N/A;N/A;N/A;N/A;N/A;N/A;N/A;Sí;N/A;N/A;N/A;Sí;N/A;Sí;N/A;N/A;Sí;N/A;N/A;N/A;N/A;N/A;N/A;N/A;N/A;Sí;Sí;Sí;N/A;N/A;Sí;N/A;Sí
Renault;"Kangoo Express";"1.6 Sce Confort 114Cv";2024;"0 km";;RENAULTPUNTADELESTE;24500;;;;;"Punta del Este";https://auto.mercadolibre.com.uy/MLU-682046564-renault-kangoo-confort-para-5-pasajeros-_JM;N/A;;"Renault Kangoo Confort Para 5 Pasajeros";usd;Sí;silver;false;N/A;N/A;http://perfil.mercadolibre.com.uy/RENAULTPUNTADELESTE;active;N/A;N/A;Nuevo;Gris;N/A;N/A;Delantera;N/A;N/A;N/A;N/A;N/A;N/A;N/A;N/A;N/A;N/A;N/A;N/A;N/A;N/A;N/A;N/A;N/A;N/A;N/A;N/A;N/A;N/A;N/A;N/A;N/A;"2808 mm";"1.6 L";"50 L";5;N/A;N/A;N/A;N/A;N/A;N/A;N/A;N/A;N/A;N/A;N/A;N/A;N/A;N/A;N/A;N/A;N/A;N/A;N/A;N/A;N/A;N/A;N/A;N/A;N/A;N/A;N/A;N/A;N/A;N/A;N/A;N/A;N/A;N/A;N/A;N/A;N/A;N/A;N/A;N/A;N/A;N/A;N/A;N/A;N/A;"1806 mm";"4397 mm";N/A;N/A;N/A;N/A;2;"114 hp";Confort;N/A;4;"1760 mm";N/A;N/A;N/A;N/A;N/A;N/A;N/A;N/A;N/A;N/A;N/A;N/A;N/A;N/A;N/A;N/A;N/A;"24 hs";3;1.6;Nafta;Manual;Furgón;"Autos y camionetas";N/A;N/A;N/A;N/A;N/A;N/A;UY;N/A;N/A;N/A;N/A;N/A;N/A;N/A;N/A;N/A;N/A;N/A;N/A;N/A;N/A;N/A;N/A;N/A;N/A;N/A;N/A;N/A;N/A;N/A;N/A;N/A;N/A;N/A;N/A;N/A;N/A;N/A;N/A;N/A;N/A;N/A;N/A;N/A;N/A;N/A;N/A;N/A;N/A;N/A;N/A;N/A;N/A;N/A;N/A;N/A;N/A;N/A;N/A;N/A;N/A;N/A;N/A;N/A;N/A;N/A;N/A;N/A;N/A;N/A;N/A;N/A;N/A;N/A;N/A;N/A;N/A;N/A;N/A;N/A;N/A;N/A;N/A;N/A;N/A;N/A;N/A;N/A;N/A;N/A;N/A;N/A;N/A;N/A;N/A;N/A;N/A;N/A;N/A;N/A;N/A;N/A;N/A;N/A;N/A;N/A;N/A;N/A;N/A;N/A;N/A;N/A;N/A;N/A;N/A;N/A;N/A;N/A;N/A;N/A;N/A;N/A
Renault;Clio;"1.2 Authentique";2010;"263170 km";;AUTOMOTORA51;9500;;;;;"Paso de los Toros";https://auto.mercadolibre.com.uy/MLU-702263536-renault-clio-authentique-pack-_JM;N/A;;"Renault Clio Authentique Pack ";usd;Sí;silver;false;N/A;N/A;http://perfil.mercadolibre.com.uy/AUTOMOTORA51;active;N/A;N/A;Usado;Gris;N/A;Hidráulica;Delantera;N/A;N/A;N/A;N/A;N/A;N/A;N/A;N/A;N/A;N/A;N/A;N/A;N/A;N/A;N/A;N/A;N/A;N/A;N/A;N/A;N/A;N/A;N/A;N/A;N/A;"2472 mm";"1.2 L";"50 L";5;N/A;N/A;N/A;N/A;N/A;N/A;N/A;N/A;N/A;N/A;N/A;N/A;N/A;N/A;N/A;N/A;N/A;N/A;N/A;N/A;N/A;N/A;N/A;N/A;N/A;N/A;N/A;N/A;N/A;N/A;N/A;N/A;N/A;N/A;N/A;N/A;N/A;N/A;N/A;N/A;N/A;N/A;N/A;N/A;N/A;"1435 mm";"3773 mm";N/A;N/A;N/A;N/A;5;"75 hp";Authentique;N/A;4;"1639 mm";N/A;N/A;N/A;N/A;Sí;N/A;N/A;N/A;N/A;N/A;N/A;N/A;N/A;N/A;N/A;N/A;N/A;"Lunes a viernes de 8:30 a 12:00 y de 14:30 a 19:00. Sábados de 8:30 a 12:30";3;1.2;Nafta;Manual;Hatchback;"Autos y camionetas";N/A;N/A;N/A;N/A;N/A;N/A;UY;N/A;N/A;N/A;N/A;N/A;N/A;N/A;N/A;N/A;N/A;N/A;N/A;N/A;N/A;N/A;N/A;N/A;N/A;N/A;N/A;N/A;N/A;N/A;N/A;N/A;N/A;N/A;N/A;N/A;N/A;N/A;N/A;N/A;N/A;N/A;N/A;N/A;N/A;N/A;N/A;N/A;N/A;N/A;N/A;N/A;N/A;N/A;N/A;N/A;N/A;N/A;N/A;N/A;N/A;N/A;N/A;N/A;N/A;N/A;N/A;N/A;N/A;N/A;N/A;N/A;N/A;N/A;N/A;N/A;N/A;N/A;N/A;N/A;N/A;N/A;N/A;N/A;N/A;N/A;N/A;N/A;N/A;N/A;N/A;N/A;N/A;N/A;N/A;N/A;N/A;N/A;N/A;N/A;N/A;N/A;N/A;N/A;N/A;N/A;N/A;N/A;N/A;N/A;N/A;N/A;Sí;N/A;N/A;N/A;N/A;N/A;N/A;N/A;N/A;N/A
Renault;Kwid;Zen;2025;"0 km";;"OSCARPISANO RENAULT-NISSAN";14800;;;;;Sayago;https://auto.mercadolibre.com.uy/MLU-679543222-renault-kwid-zen-2025-0km-_JM;N/A;;"Renault Kwid Zen 2025 0km";USD;Sí;silver;false;N/A;N/A;http://perfil.mercadolibre.com.uy/OSCARPISANO+RENAULT-NISSAN;active;N/A;N/A;Nuevo;Rojo;N/A;Eléctrica;N/A;Sí;Sí;N/A;N/A;N/A;N/A;N/A;N/A;N/A;N/A;Sí;N/A;Sí;N/A;Sí;N/A;N/A;N/A;N/A;N/A;N/A;N/A;N/A;N/A;N/A;N/A;N/A;N/A;5;N/A;N/A;Sí;Sí;N/A;N/A;N/A;N/A;N/A;N/A;N/A;N/A;N/A;N/A;N/A;N/A;N/A;N/A;N/A;N/A;N/A;N/A;N/A;N/A;N/A;Sí;N/A;N/A;N/A;N/A;N/A;N/A;N/A;N/A;N/A;N/A;Sí;N/A;N/A;N/A;N/A;N/A;N/A;N/A;N/A;N/A;N/A;N/A;N/A;N/A;N/A;N/A;N/A;Zen;N/A;N/A;N/A;N/A;N/A;N/A;N/A;N/A;N/A;Sí;Sí;N/A;N/A;N/A;N/A;N/A;N/A;N/A;N/A;N/A;"Lun. a Vie. de 8:30 a 18:30 hs. Sáb. de 9 a 13 hs";5;N/A;Nafta;Manual;Hatchback;"Autos y camionetas";No;N/A;N/A;N/A;No;N/A;N/A;No;Sí;No;No;N/A;N/A;N/A;N/A;N/A;N/A;N/A;N/A;N/A;N/A;N/A;N/A;N/A;N/A;N/A;N/A;N/A;N/A;N/A;N/A;N/A;N/A;N/A;N/A;N/A;N/A;N/A;N/A;N/A;N/A;N/A;N/A;Sí;N/A;N/A;N/A;N/A;N/A;N/A;N/A;N/A;N/A;N/A;N/A;N/A;N/A;N/A;N/A;N/A;N/A;Sí;No;N/A;N/A;N/A;N/A;N/A;N/A;N/A;N/A;N/A;N/A;N/A;N/A;N/A;N/A;N/A;N/A;N/A;N/A;N/A;N/A;N/A;N/A;N/A;N/A;N/A;N/A;N/A;N/A;N/A;N/A;N/A;N/A;N/A;Sí;N/A;N/A;Sí;Sí;Sí;Sí;N/A;N/A;Sí;N/A;N/A;N/A;N/A;N/A;N/A;N/A;N/A;Sí;Sí;Sí;N/A;N/A;N/A;N/A;Sí
Renault;"Sandero Stepway";"1.6 Intens Cvt";2022;"35000 km";;MG-AUTOMOVILES;18500;;;;;Pocitos;https://auto.mercadolibre.com.uy/MLU-702447652-renault-_JM;N/A;;Renault;usd;Sí;silver;false;N/A;N/A;http://perfil.mercadolibre.com.uy/MG-AUTOMOVILES;active;N/A;N/A;Usado;Plateado;N/A;Hidráulica;Delantera;N/A;N/A;Sí;N/A;N/A;N/A;N/A;N/A;N/A;N/A;N/A;N/A;N/A;N/A;N/A;N/A;N/A;N/A;N/A;N/A;N/A;N/A;N/A;N/A;N/A;"2590 mm";"1.6 L";"50 L";6;N/A;N/A;N/A;N/A;N/A;N/A;N/A;N/A;N/A;N/A;N/A;N/A;N/A;N/A;N/A;N/A;N/A;N/A;N/A;N/A;N/A;N/A;N/A;N/A;N/A;N/A;N/A;N/A;N/A;N/A;N/A;N/A;N/A;Sí;Sí;Sí;N/A;N/A;N/A;N/A;N/A;N/A;N/A;N/A;N/A;"1559 mm";"4066 mm";N/A;N/A;N/A;N/A;5;"105 hp";Cvt;N/A;4;"1761 mm";"9.3 km/l";Sí;N/A;N/A;N/A;N/A;N/A;Sí;N/A;N/A;N/A;"5.9 km/l";N/A;N/A;N/A;N/A;N/A;N/A;5;1.6;Nafta;Automática;Hatchback;"Autos y camionetas";N/A;N/A;N/A;N/A;N/A;N/A;UY;N/A;N/A;N/A;N/A;N/A;N/A;N/A;N/A;N/A;N/A;N/A;N/A;N/A;N/A;N/A;N/A;N/A;N/A;N/A;N/A;N/A;N/A;N/A;N/A;N/A;N/A;N/A;N/A;N/A;N/A;N/A;N/A;N/A;N/A;N/A;N/A;N/A;N/A;N/A;N/A;N/A;N/A;N/A;N/A;N/A;N/A;N/A;N/A;N/A;N/A;N/A;N/A;N/A;N/A;N/A;N/A;N/A;N/A;N/A;N/A;N/A;N/A;N/A;N/A;N/A;N/A;N/A;N/A;N/A;N/A;N/A;N/A;N/A;N/A;N/A;N/A;N/A;N/A;N/A;N/A;N/A;N/A;N/A;N/A;N/A;N/A;N/A;N/A;N/A;N/A;N/A;N/A;N/A;N/A;N/A;N/A;N/A;N/A;N/A;N/A;N/A;N/A;N/A;N/A;N/A;N/A;N/A;N/A;N/A;N/A;N/A;N/A;N/A;N/A;N/A
Renault;Kwid;E-TECH;2024;"0 km";;SOLYCARAUTOMOVILES;23990;;;;;Solymar;https://auto.mercadolibre.com.uy/MLU-674028390-renault-kwid-e-tech-2024-0km-solycar-_JM;N/A;;"Renault Kwid E-tech 2024 0km - Solycar";USD;Sí;silver;false;N/A;N/A;http://perfil.mercadolibre.com.uy/SOLYCARAUTOMOVILES;active;N/A;N/A;Nuevo;Plateado;N/A;Eléctrica;Delantera;Sí;Sí;Sí;N/A;N/A;N/A;Sí;N/A;N/A;N/A;Sí;Sí;Sí;N/A;Sí;N/A;N/A;N/A;N/A;N/A;N/A;N/A;N/A;N/A;N/A;N/A;N/A;N/A;N/A;N/A;N/A;Sí;Sí;Sí;N/A;N/A;N/A;N/A;N/A;N/A;N/A;N/A;N/A;N/A;N/A;N/A;N/A;N/A;N/A;N/A;N/A;N/A;N/A;N/A;Sí;N/A;N/A;N/A;Sí;N/A;N/A;N/A;N/A;N/A;N/A;Sí;N/A;N/A;N/A;N/A;N/A;N/A;N/A;N/A;N/A;N/A;N/A;N/A;N/A;N/A;N/A;"48 kW";N/A;N/A;N/A;N/A;N/A;N/A;N/A;N/A;N/A;N/A;Sí;Sí;Sí;N/A;N/A;N/A;N/A;N/A;N/A;N/A;Sí;"Lun. a Vie. de 9:30 a 18:30 hs. Sáb. de 9:30 a 14 hs";5;N/A;Eléctrico;Automática;Hatchback;"Autos y camionetas";No;N/A;N/A;N/A;No;N/A;N/A;No;Sí;No;No;N/A;N/A;N/A;N/A;N/A;N/A;N/A;N/A;N/A;N/A;N/A;N/A;N/A;N/A;N/A;N/A;N/A;N/A;N/A;N/A;N/A;N/A;N/A;N/A;N/A;N/A;N/A;N/A;N/A;N/A;N/A;N/A;Sí;N/A;N/A;N/A;N/A;N/A;N/A;N/A;N/A;N/A;N/A;N/A;N/A;N/A;N/A;N/A;N/A;N/A;Sí;No;N/A;N/A;N/A;N/A;N/A;N/A;N/A;N/A;N/A;N/A;N/A;N/A;N/A;N/A;N/A;N/A;N/A;N/A;N/A;N/A;N/A;N/A;N/A;N/A;N/A;N/A;N/A;N/A;N/A;N/A;N/A;N/A;N/A;Sí;Sí;Sí;Sí;Sí;Sí;N/A;N/A;Sí;Sí;N/A;Sí;N/A;N/A;Sí;Sí;Sí;N/A;Sí;Sí;Sí;N/A;N/A;Sí;N/A;Sí
Renault;Kwid;"1.0 Sce 66cv Intense";2024;"19700 km";;MARCELOEROSA16;14200;;;;;Prado;https://auto.mercadolibre.com.uy/MLU-702976536-renault-kwid-2024-10-sce-66cv-intense-_JM;N/A;;"Renault Kwid 2024 1.0 Sce 66cv Intense";usd;Sí;silver;false;N/A;N/A;http://perfil.mercadolibre.com.uy/MARCELOEROSA16;active;N/A;N/A;Usado;N/A;N/A;N/A;Delantera;N/A;N/A;Sí;N/A;N/A;N/A;N/A;N/A;N/A;N/A;N/A;N/A;N/A;N/A;N/A;N/A;N/A;N/A;N/A;N/A;N/A;N/A;N/A;N/A;N/A;"2423 mm";"1 L";"50 L";5;N/A;N/A;N/A;N/A;N/A;N/A;N/A;N/A;N/A;N/A;N/A;N/A;N/A;N/A;N/A;N/A;N/A;N/A;N/A;N/A;N/A;N/A;N/A;N/A;N/A;N/A;N/A;N/A;N/A;N/A;N/A;N/A;N/A;N/A;N/A;N/A;N/A;N/A;N/A;N/A;N/A;N/A;N/A;N/A;N/A;"1474 mm";"3680 mm";N/A;N/A;N/A;N/A;5;"66 hp";Intense;N/A;4;"1752 mm";N/A;N/A;N/A;N/A;N/A;N/A;N/A;N/A;N/A;N/A;N/A;N/A;N/A;N/A;N/A;N/A;N/A;N/A;5;1.0;Nafta;Manual;Hatchback;"Autos y camionetas";N/A;N/A;N/A;N/A;N/A;N/A;UY;N/A;N/A;N/A;N/A;N/A;N/A;N/A;N/A;N/A;N/A;N/A;N/A;N/A;N/A;N/A;N/A;N/A;N/A;N/A;N/A;N/A;N/A;N/A;N/A;N/A;N/A;N/A;N/A;N/A;N/A;N/A;N/A;N/A;N/A;N/A;N/A;N/A;N/A;N/A;N/A;N/A;N/A;N/A;N/A;N/A;N/A;N/A;N/A;N/A;N/A;N/A;N/A;N/A;N/A;N/A;N/A;N/A;N/A;N/A;N/A;N/A;N/A;N/A;N/A;N/A;N/A;N/A;N/A;N/A;N/A;N/A;N/A;N/A;N/A;N/A;N/A;N/A;N/A;N/A;N/A;N/A;N/A;N/A;N/A;N/A;N/A;N/A;N/A;N/A;N/A;N/A;N/A;N/A;N/A;N/A;N/A;N/A;N/A;N/A;N/A;N/A;N/A;N/A;N/A;N/A;N/A;N/A;N/A;N/A;N/A;N/A;N/A;N/A;N/A;N/A
Renault;Kwid;"1.0 Sce 66cv Zen";2023;"0 km";;RENAULTPUNTADELESTE;14800;;;;;"Punta del Este";https://auto.mercadolibre.com.uy/MLU-705032330-nuevo-renault-kwid-zen-con-pantalla-entrega-inmediata-_JM;N/A;;"Nuevo Renault Kwid Zen Con Pantalla!! Entrega Inmediata!!";usd;Sí;silver;false;N/A;N/A;http://perfil.mercadolibre.com.uy/RENAULTPUNTADELESTE;active;N/A;N/A;Nuevo;Negro;N/A;N/A;Delantera;N/A;N/A;Sí;N/A;N/A;N/A;N/A;N/A;N/A;N/A;N/A;N/A;N/A;N/A;N/A;N/A;N/A;N/A;N/A;N/A;N/A;N/A;N/A;N/A;N/A;"2423 mm";"1 L";"50 L";5;N/A;N/A;N/A;N/A;N/A;N/A;N/A;N/A;N/A;N/A;N/A;N/A;N/A;N/A;N/A;N/A;N/A;N/A;N/A;N/A;N/A;N/A;N/A;N/A;N/A;N/A;N/A;N/A;N/A;N/A;N/A;N/A;N/A;N/A;N/A;N/A;N/A;N/A;N/A;N/A;N/A;N/A;N/A;N/A;N/A;"1474 mm";"3680 mm";N/A;N/A;N/A;N/A;5;"66 hp";Zen;N/A;4;"1752 mm";N/A;N/A;N/A;N/A;N/A;N/A;N/A;N/A;N/A;N/A;N/A;N/A;N/A;N/A;N/A;N/A;N/A;"lunes a viernes de 9hs a 18hs sabados 9hs a 13hs";5;1.0;Nafta;Manual;Hatchback;"Autos y camionetas";N/A;N/A;N/A;N/A;N/A;N/A;UY;N/A;N/A;N/A;N/A;N/A;N/A;N/A;N/A;N/A;N/A;N/A;N/A;N/A;N/A;N/A;N/A;N/A;N/A;N/A;N/A;N/A;N/A;N/A;N/A;N/A;N/A;N/A;N/A;N/A;N/A;N/A;N/A;N/A;N/A;N/A;N/A;N/A;N/A;N/A;N/A;N/A;N/A;N/A;N/A;N/A;N/A;N/A;N/A;N/A;N/A;N/A;N/A;N/A;N/A;N/A;N/A;N/A;N/A;N/A;N/A;N/A;N/A;N/A;N/A;N/A;N/A;N/A;N/A;N/A;N/A;N/A;N/A;N/A;N/A;N/A;N/A;N/A;N/A;N/A;N/A;N/A;N/A;N/A;N/A;N/A;N/A;N/A;N/A;N/A;N/A;N/A;N/A;N/A;N/A;N/A;N/A;N/A;N/A;N/A;N/A;N/A;N/A;N/A;N/A;N/A;N/A;N/A;N/A;N/A;N/A;N/A;N/A;N/A;N/A;N/A
Renault;Clio;"1.2 Iv Fase Ii Expression";2017;"156000 km";;LUISBENTANCORAUTOMOVILES;8900;;;;;"Playa Verde";https://auto.mercadolibre.com.uy/MLU-705201582-renault-clio-_JM;N/A;;"Renault Clio";usd;Sí;silver;false;N/A;N/A;http://perfil.mercadolibre.com.uy/LUISBENTANCORAUTOMOVILES;active;N/A;N/A;Usado;Blanco;N/A;Hidráulica;Delantera;N/A;N/A;Sí;N/A;N/A;N/A;N/A;N/A;N/A;N/A;N/A;N/A;N/A;N/A;N/A;N/A;N/A;N/A;N/A;N/A;N/A;N/A;N/A;N/A;N/A;"2472 mm";"1.2 L";"50 L";5;N/A;N/A;N/A;N/A;N/A;N/A;N/A;N/A;N/A;N/A;N/A;N/A;N/A;N/A;N/A;N/A;N/A;N/A;N/A;N/A;N/A;N/A;N/A;N/A;N/A;N/A;N/A;N/A;N/A;N/A;N/A;N/A;N/A;N/A;N/A;N/A;N/A;N/A;N/A;N/A;N/A;N/A;N/A;N/A;N/A;"1417 mm";"3811 mm";N/A;N/A;N/A;N/A;5;"75 hp";Authentique;N/A;4;"1639 mm";N/A;N/A;N/A;N/A;N/A;N/A;N/A;N/A;N/A;N/A;N/A;N/A;N/A;N/A;N/A;N/A;N/A;"lunes a viernes de 9 a 18 sábados de 9 a 13";3;1.2;Nafta;Manual;Hatchback;"Autos y camionetas";N/A;N/A;N/A;N/A;N/A;N/A;UY;N/A;N/A;N/A;N/A;N/A;N/A;N/A;N/A;N/A;N/A;N/A;N/A;N/A;N/A;N/A;N/A;N/A;N/A;N/A;N/A;N/A;N/A;N/A;N/A;N/A;N/A;N/A;N/A;N/A;N/A;N/A;N/A;N/A;N/A;N/A;N/A;N/A;N/A;N/A;N/A;N/A;N/A;N/A;N/A;N/A;N/A;N/A;N/A;N/A;N/A;N/A;N/A;N/A;N/A;N/A;N/A;N/A;N/A;N/A;N/A;N/A;N/A;N/A;N/A;N/A;N/A;N/A;N/A;N/A;N/A;N/A;N/A;N/A;N/A;N/A;N/A;N/A;N/A;N/A;N/A;N/A;N/A;N/A;N/A;N/A;N/A;N/A;N/A;N/A;N/A;N/A;N/A;N/A;N/A;N/A;N/A;N/A;N/A;N/A;N/A;N/A;N/A;N/A;N/A;N/A;N/A;N/A;N/A;N/A;N/A;N/A;N/A;N/A;N/A;N/A
Renault;"Sandero Stepway";"1.6 Privilege 105cv";2015;"103000 km";;PROAAUTOMOVILES;11800;;;;;"La Comercial";https://auto.mercadolibre.com.uy/MLU-705058016-renault-sandero-stepway-16-privilege-105cv-_JM;N/A;;"Renault Sandero Stepway 1.6 Privilege 105cv";usd;Sí;silver;false;N/A;N/A;http://perfil.mercadolibre.com.uy/PROAAUTOMOVILES;active;N/A;N/A;Usado;Gris;No;Hidráulica;Delantera;N/A;N/A;Sí;N/A;N/A;N/A;N/A;N/A;N/A;N/A;N/A;N/A;N/A;N/A;N/A;N/A;N/A;N/A;N/A;N/A;N/A;N/A;N/A;N/A;N/A;"2590 mm";"1.6 L";"50 L";5;N/A;N/A;N/A;N/A;N/A;N/A;N/A;N/A;N/A;N/A;N/A;N/A;N/A;N/A;N/A;N/A;N/A;N/A;N/A;N/A;N/A;N/A;N/A;N/A;N/A;N/A;N/A;N/A;N/A;N/A;N/A;N/A;N/A;N/A;N/A;N/A;N/A;N/A;N/A;N/A;N/A;N/A;N/A;N/A;N/A;"1559 mm";"4066 mm";N/A;N/A;N/A;N/A;5;"105 hp";Privilege;N/A;4;"1761 mm";"9.3 km/l";Sí;N/A;N/A;N/A;N/A;N/A;Sí;N/A;N/A;N/A;"5.9 km/l";N/A;N/A;N/A;N/A;N/A;N/A;5;1.6;Nafta;Manual;Hatchback;"Autos y camionetas";N/A;N/A;N/A;N/A;N/A;N/A;UY;N/A;N/A;N/A;N/A;N/A;N/A;N/A;N/A;N/A;N/A;N/A;N/A;N/A;N/A;N/A;N/A;N/A;N/A;N/A;N/A;N/A;N/A;N/A;N/A;N/A;N/A;N/A;N/A;N/A;N/A;N/A;N/A;N/A;N/A;N/A;N/A;N/A;N/A;N/A;N/A;N/A;N/A;N/A;N/A;N/A;N/A;N/A;N/A;N/A;N/A;N/A;N/A;N/A;N/A;N/A;N/A;N/A;N/A;N/A;N/A;N/A;N/A;N/A;N/A;N/A;N/A;N/A;N/A;N/A;N/A;N/A;N/A;N/A;N/A;N/A;N/A;N/A;N/A;N/A;N/A;N/A;N/A;N/A;N/A;N/A;N/A;N/A;N/A;N/A;N/A;N/A;N/A;N/A;N/A;N/A;N/A;N/A;N/A;N/A;N/A;N/A;N/A;N/A;N/A;N/A;N/A;N/A;N/A;N/A;N/A;N/A;N/A;N/A;N/A;N/A
Renault;Kwid;"1.0 Sce 66cv Intense";2018;"85153 km";;WOHLERAUTOMOVILES;11900;;;;;Florida;https://auto.mercadolibre.com.uy/MLU-704939918-renault-kwid-10-sce-66cv-intense-_JM;N/A;;"Renault Kwid 1.0 Sce 66cv Intense";usd;Sí;silver;false;N/A;N/A;http://perfil.mercadolibre.com.uy/WOHLERAUTOMOVILES;active;N/A;N/A;Usado;Negro;No;Hidráulica;Delantera;Sí;Sí;Sí;N/A;N/A;No;N/A;N/A;No;N/A;N/A;No;Sí;N/A;No;N/A;N/A;N/A;N/A;N/A;N/A;N/A;N/A;N/A;N/A;"2423 mm";"1 L";"50 L";5;N/A;N/A;N/A;N/A;N/A;No;N/A;N/A;N/A;N/A;N/A;N/A;N/A;N/A;N/A;N/A;N/A;N/A;N/A;N/A;N/A;N/A;N/A;N/A;N/A;N/A;N/A;N/A;N/A;No;N/A;N/A;N/A;N/A;N/A;N/A;N/A;N/A;N/A;N/A;N/A;N/A;N/A;N/A;N/A;"1474 mm";"3680 mm";N/A;N/A;N/A;N/A;5;"66 hp";Intense;N/A;4;"1752 mm";N/A;No;N/A;No;No;N/A;Sí;Sí;N/A;No;N/A;N/A;No;Sí;N/A;N/A;Sí;"Lunes a viernes de 8 a 12 y 14 a 19; sabados de 8:30 a 13 hs";5;1.0;Nafta;Manual;Hatchback;"Autos y camionetas";Sí;N/A;N/A;N/A;No;N/A;UY;N/A;Sí;N/A;Sí;N/A;N/A;N/A;N/A;N/A;N/A;N/A;N/A;N/A;N/A;N/A;N/A;N/A;No;N/A;N/A;N/A;N/A;N/A;N/A;N/A;N/A;N/A;N/A;N/A;N/A;N/A;N/A;N/A;N/A;N/A;N/A;No;N/A;N/A;N/A;N/A;N/A;N/A;N/A;N/A;N/A;N/A;N/A;N/A;N/A;N/A;N/A;N/A;N/A;Sí;No;N/A;N/A;N/A;N/A;N/A;N/A;N/A;N/A;N/A;N/A;N/A;N/A;N/A;N/A;N/A;N/A;N/A;N/A;N/A;N/A;N/A;N/A;N/A;N/A;N/A;N/A;N/A;N/A;N/A;N/A;N/A;N/A;No;Sí;Sí;No;N/A;Sí;N/A;N/A;N/A;N/A;Sí;No;No;Sí;N/A;N/A;No;Sí;Sí;Sí;Sí;Sí;No;No;Sí;N/A;Sí
Renault;"Duster Oroch";"2.0 Privilege 4x4";2019;"126000 km";;RECRULSA;15800;;;;;Melo;https://auto.mercadolibre.com.uy/MLU-704836404-renault-oroch-_JM;N/A;;"Renault Oroch";usd;Sí;silver;false;N/A;N/A;http://perfil.mercadolibre.com.uy/RECRULSA;active;N/A;N/A;Usado;Rojo;N/A;Hidráulica;4x4;Sí;N/A;N/A;N/A;N/A;N/A;N/A;N/A;N/A;N/A;N/A;N/A;N/A;N/A;N/A;N/A;N/A;N/A;N/A;N/A;N/A;N/A;N/A;N/A;N/A;"2829 mm";"2 L";"50 L";6;N/A;N/A;N/A;N/A;N/A;N/A;N/A;N/A;N/A;N/A;N/A;N/A;N/A;N/A;N/A;N/A;N/A;N/A;N/A;N/A;N/A;N/A;N/A;N/A;N/A;N/A;N/A;N/A;N/A;N/A;N/A;N/A;N/A;N/A;N/A;N/A;N/A;N/A;N/A;N/A;N/A;N/A;N/A;N/A;N/A;"1683 mm";"4329 mm";N/A;N/A;N/A;N/A;5;"143 hp";Privilege;N/A;4;"1821 mm";"10.8 km/l";N/A;N/A;N/A;N/A;N/A;N/A;N/A;N/A;N/A;N/A;N/A;N/A;N/A;N/A;N/A;N/A;N/A;4;2.0;Nafta;Manual;Pick-Up;"Autos y camionetas";N/A;N/A;N/A;N/A;N/A;N/A;UY;N/A;N/A;N/A;N/A;N/A;N/A;N/A;N/A;N/A;N/A;N/A;N/A;N/A;N/A;N/A;N/A;N/A;N/A;N/A;N/A;N/A;N/A;N/A;N/A;N/A;N/A;N/A;N/A;N/A;N/A;N/A;N/A;N/A;N/A;N/A;N/A;N/A;N/A;N/A;N/A;N/A;N/A;N/A;N/A;N/A;N/A;N/A;N/A;N/A;N/A;N/A;N/A;N/A;N/A;N/A;N/A;N/A;N/A;N/A;N/A;N/A;N/A;N/A;N/A;N/A;N/A;N/A;N/A;N/A;N/A;N/A;N/A;N/A;N/A;N/A;N/A;N/A;N/A;N/A;N/A;N/A;N/A;N/A;N/A;N/A;N/A;N/A;N/A;N/A;N/A;N/A;N/A;N/A;N/A;N/A;N/A;N/A;N/A;N/A;N/A;N/A;N/A;N/A;N/A;N/A;N/A;N/A;N/A;N/A;N/A;N/A;N/A;N/A;N/A;N/A
Renault;R11;"1.6 Txe";1990;"180570 km";;RICA9798341;2000;;;;;"Flor de Maroñas";https://auto.mercadolibre.com.uy/MLU-647474203-renault-r11-16-txe-_JM;N/A;;"Renault R11 1.6 Txe";usd;No;silver;false;N/A;N/A;http://perfil.mercadolibre.com.uy/RICA9798341;active;N/A;N/A;Usado;Azul;N/A;Hidráulica;Delantera;N/A;N/A;N/A;N/A;N/A;N/A;N/A;N/A;N/A;N/A;N/A;N/A;N/A;N/A;N/A;N/A;N/A;N/A;N/A;N/A;N/A;N/A;N/A;N/A;N/A;"2483 mm";"1.6 L";"47 L";5;N/A;N/A;N/A;N/A;N/A;N/A;N/A;N/A;N/A;N/A;N/A;N/A;N/A;N/A;N/A;N/A;N/A;N/A;N/A;N/A;N/A;N/A;N/A;N/A;N/A;N/A;N/A;N/A;N/A;N/A;N/A;N/A;N/A;N/A;N/A;N/A;N/A;N/A;N/A;N/A;N/A;N/A;N/A;N/A;N/A;"1395 mm";"3973 mm";N/A;N/A;N/A;N/A;5;"78 hp";Txe;N/A;2;"1660 mm";N/A;N/A;N/A;N/A;N/A;N/A;N/A;N/A;N/A;N/A;N/A;N/A;N/A;N/A;N/A;N/A;N/A;N/A;5;1.6;Nafta;Manual;Hatchback;"Autos y camionetas";N/A;N/A;N/A;N/A;N/A;N/A;UY;N/A;N/A;N/A;N/A;N/A;N/A;N/A;N/A;N/A;N/A;N/A;N/A;N/A;N/A;N/A;N/A;N/A;N/A;N/A;N/A;N/A;N/A;N/A;N/A;N/A;N/A;N/A;N/A;N/A;N/A;N/A;N/A;N/A;N/A;N/A;N/A;N/A;N/A;N/A;N/A;N/A;N/A;N/A;N/A;N/A;N/A;N/A;N/A;N/A;N/A;N/A;N/A;N/A;N/A;N/A;N/A;N/A;N/A;N/A;N/A;N/A;N/A;N/A;N/A;N/A;N/A;N/A;N/A;N/A;N/A;N/A;N/A;N/A;N/A;N/A;N/A;N/A;N/A;N/A;N/A;N/A;N/A;N/A;N/A;N/A;N/A;N/A;N/A;N/A;N/A;N/A;N/A;N/A;N/A;N/A;N/A;N/A;N/A;N/A;N/A;N/A;N/A;N/A;N/A;N/A;N/A;N/A;N/A;N/A;N/A;N/A;N/A;N/A;N/A;N/A
Renault;Kwid;"1.0 Sce 66cv Zen";2017;"110000 km";;"AMAYA FABIANDASILVA";11900;;;;;"Barra de Carrasco";https://auto.mercadolibre.com.uy/MLU-704563320-renault-kwid-10-sce-66cv-zen-_JM;N/A;;"Renault Kwid 1.0 Sce 66cv Zen";usd;Sí;silver;false;N/A;N/A;http://perfil.mercadolibre.com.uy/AMAYA+FABIANDASILVA;active;N/A;N/A;Usado;Negro;N/A;Hidráulica;Delantera;N/A;N/A;Sí;N/A;N/A;N/A;N/A;N/A;N/A;N/A;N/A;N/A;N/A;N/A;N/A;N/A;N/A;N/A;N/A;N/A;N/A;N/A;N/A;N/A;N/A;"2423 mm";"1 L";"50 L";5;N/A;N/A;N/A;N/A;N/A;N/A;N/A;N/A;N/A;N/A;N/A;N/A;N/A;N/A;N/A;N/A;N/A;N/A;N/A;N/A;N/A;N/A;N/A;N/A;N/A;N/A;N/A;N/A;N/A;N/A;N/A;N/A;N/A;N/A;N/A;N/A;N/A;N/A;N/A;N/A;N/A;N/A;N/A;N/A;N/A;"1474 mm";"3680 mm";N/A;N/A;N/A;N/A;5;"66 hp";Zen;N/A;4;"1752 mm";N/A;N/A;N/A;N/A;N/A;N/A;N/A;N/A;N/A;N/A;N/A;N/A;N/A;N/A;N/A;N/A;N/A;"Lunes a Viernes de 9:30 a 18:30 Sabado de 9:30 a 13:30Hrs";5;1.0;Nafta;Manual;Hatchback;"Autos y camionetas";N/A;N/A;N/A;N/A;N/A;N/A;UY;N/A;N/A;N/A;N/A;N/A;N/A;N/A;N/A;N/A;N/A;N/A;N/A;N/A;N/A;N/A;N/A;N/A;N/A;N/A;N/A;N/A;N/A;N/A;N/A;N/A;N/A;N/A;N/A;N/A;N/A;N/A;N/A;N/A;N/A;N/A;N/A;N/A;N/A;N/A;N/A;N/A;N/A;N/A;N/A;N/A;N/A;N/A;N/A;N/A;N/A;N/A;N/A;N/A;N/A;N/A;N/A;N/A;N/A;N/A;N/A;N/A;N/A;N/A;N/A;N/A;N/A;N/A;N/A;N/A;N/A;N/A;N/A;N/A;N/A;N/A;N/A;N/A;N/A;N/A;N/A;N/A;N/A;N/A;N/A;N/A;N/A;N/A;N/A;N/A;N/A;N/A;N/A;N/A;N/A;N/A;N/A;N/A;N/A;N/A;N/A;N/A;N/A;N/A;N/A;N/A;N/A;N/A;N/A;N/A;N/A;N/A;N/A;N/A;N/A;N/A
Renault;Oroch;"1.6 Sce Cargo 2Wd Mt";2024;"0 km";;MUSSINIAUTOMOVILES;20990;;;;;"San José de Mayo";https://auto.mercadolibre.com.uy/MLU-704550464-renault-oroch-16-sce-cargo-2wd-mt-_JM;N/A;;"Renault Oroch 1.6 Sce Cargo 2wd Mt";usd;Sí;silver;false;N/A;N/A;http://perfil.mercadolibre.com.uy/MUSSINIAUTOMOVILES;active;N/A;N/A;Nuevo;Gris;N/A;Hidráulica;Delantera;N/A;N/A;N/A;N/A;N/A;N/A;N/A;N/A;N/A;N/A;N/A;N/A;N/A;N/A;N/A;N/A;N/A;N/A;N/A;N/A;N/A;N/A;N/A;N/A;N/A;"2890 mm";"1.6 L";"45 L";6;N/A;N/A;N/A;N/A;N/A;N/A;N/A;N/A;N/A;N/A;N/A;N/A;N/A;N/A;N/A;N/A;N/A;N/A;N/A;N/A;N/A;N/A;N/A;N/A;N/A;N/A;N/A;N/A;N/A;N/A;N/A;N/A;N/A;N/A;N/A;N/A;N/A;N/A;N/A;N/A;N/A;N/A;N/A;N/A;N/A;"1631 mm";"4700 mm";N/A;N/A;N/A;N/A;5;"118 hp";Cargo;N/A;4;"1821 mm";N/A;N/A;N/A;N/A;N/A;N/A;N/A;N/A;N/A;N/A;N/A;N/A;N/A;N/A;N/A;N/A;N/A;N/A;4;1.6;Nafta;Manual;Pick-Up;"Autos y camionetas";N/A;N/A;N/A;N/A;N/A;N/A;UY;N/A;N/A;N/A;N/A;N/A;N/A;N/A;N/A;N/A;N/A;N/A;N/A;N/A;N/A;N/A;N/A;N/A;N/A;N/A;N/A;N/A;N/A;N/A;N/A;N/A;N/A;N/A;N/A;N/A;N/A;N/A;N/A;N/A;N/A;N/A;N/A;N/A;N/A;N/A;N/A;N/A;N/A;N/A;N/A;N/A;N/A;N/A;N/A;N/A;N/A;N/A;N/A;N/A;N/A;N/A;N/A;N/A;N/A;N/A;N/A;N/A;N/A;N/A;N/A;N/A;N/A;N/A;N/A;N/A;N/A;N/A;N/A;N/A;N/A;N/A;N/A;N/A;N/A;N/A;N/A;N/A;N/A;N/A;N/A;N/A;N/A;N/A;N/A;N/A;N/A;N/A;N/A;N/A;N/A;N/A;N/A;N/A;N/A;N/A;N/A;N/A;N/A;N/A;N/A;N/A;N/A;N/A;N/A;N/A;N/A;N/A;N/A;N/A;N/A;N/A
Renault;Captur;"1.2 Tce120 Privilege";2017;"80000 km";;MUSSINIAUTOMOVILES;18900;;;;;"San José de Mayo";https://auto.mercadolibre.com.uy/MLU-704258598-renault-captur-_JM;N/A;;"Renault Captur";usd;Sí;silver;false;N/A;N/A;http://perfil.mercadolibre.com.uy/MUSSINIAUTOMOVILES;active;N/A;N/A;Usado;Gris;N/A;Hidráulica;Delantera;Sí;N/A;N/A;N/A;N/A;N/A;N/A;N/A;N/A;N/A;N/A;N/A;N/A;N/A;N/A;N/A;N/A;N/A;N/A;N/A;N/A;N/A;N/A;N/A;N/A;"2606 mm";"1.2 L";"45 L";6;N/A;N/A;N/A;N/A;N/A;N/A;N/A;N/A;N/A;N/A;N/A;N/A;N/A;N/A;N/A;N/A;N/A;N/A;N/A;N/A;N/A;N/A;N/A;N/A;N/A;N/A;N/A;N/A;N/A;N/A;N/A;N/A;N/A;N/A;N/A;N/A;N/A;N/A;N/A;N/A;N/A;N/A;N/A;N/A;N/A;"1566 mm";"4122 mm";N/A;N/A;N/A;N/A;5;"130 hp";Privilege;N/A;4;"1778 mm";N/A;N/A;N/A;N/A;N/A;N/A;N/A;N/A;N/A;N/A;N/A;N/A;N/A;N/A;N/A;N/A;N/A;N/A;5;1.2;Nafta;Manual;Hatchback;"Autos y camionetas";N/A;N/A;N/A;N/A;N/A;N/A;UY;N/A;N/A;N/A;N/A;N/A;N/A;N/A;N/A;N/A;N/A;N/A;N/A;N/A;N/A;N/A;N/A;N/A;N/A;N/A;N/A;N/A;N/A;N/A;N/A;N/A;N/A;N/A;N/A;N/A;N/A;N/A;N/A;N/A;N/A;N/A;N/A;N/A;N/A;N/A;N/A;N/A;N/A;N/A;N/A;N/A;N/A;N/A;N/A;N/A;N/A;N/A;N/A;N/A;N/A;N/A;N/A;N/A;N/A;N/A;N/A;N/A;N/A;N/A;N/A;N/A;N/A;N/A;N/A;N/A;N/A;N/A;N/A;N/A;N/A;N/A;N/A;N/A;N/A;N/A;N/A;N/A;N/A;N/A;N/A;N/A;N/A;N/A;N/A;N/A;N/A;N/A;N/A;N/A;N/A;N/A;N/A;N/A;N/A;N/A;N/A;N/A;N/A;N/A;N/A;N/A;N/A;N/A;N/A;N/A;N/A;N/A;N/A;N/A;N/A;N/A
Renault;Kwid;"1.0 Sce 66cv Zen";2024;"0 km";;MUSSINIAUTOMOVILES;14800;;;;;"San José de Mayo";https://auto.mercadolibre.com.uy/MLU-704212686-renault-kwid-zen-10-mt-_JM;N/A;;"Renault Kwid Zen 1.0 Mt";usd;Sí;silver;false;N/A;N/A;http://perfil.mercadolibre.com.uy/MUSSINIAUTOMOVILES;active;N/A;N/A;Nuevo;Gris;N/A;N/A;Delantera;N/A;N/A;Sí;N/A;N/A;N/A;N/A;N/A;N/A;N/A;N/A;N/A;N/A;N/A;N/A;N/A;N/A;N/A;N/A;N/A;N/A;N/A;N/A;N/A;N/A;"2423 mm";"1 L";"50 L";5;N/A;N/A;N/A;N/A;N/A;N/A;N/A;N/A;N/A;N/A;N/A;N/A;N/A;N/A;N/A;N/A;N/A;N/A;N/A;N/A;N/A;N/A;N/A;N/A;N/A;N/A;N/A;N/A;N/A;N/A;N/A;N/A;N/A;N/A;N/A;N/A;N/A;N/A;N/A;N/A;N/A;N/A;N/A;N/A;N/A;"1474 mm";"3680 mm";N/A;N/A;N/A;N/A;5;"66 hp";Zen;N/A;4;"1752 mm";N/A;N/A;N/A;N/A;N/A;N/A;N/A;N/A;N/A;N/A;N/A;N/A;N/A;N/A;N/A;N/A;N/A;N/A;5;1.0;Nafta;Manual;Hatchback;"Autos y camionetas";N/A;N/A;N/A;N/A;N/A;N/A;UY;N/A;N/A;N/A;N/A;N/A;N/A;N/A;N/A;N/A;N/A;N/A;N/A;N/A;N/A;N/A;N/A;N/A;N/A;N/A;N/A;N/A;N/A;N/A;N/A;N/A;N/A;N/A;N/A;N/A;N/A;N/A;N/A;N/A;N/A;N/A;N/A;N/A;N/A;N/A;N/A;N/A;N/A;N/A;N/A;N/A;N/A;N/A;N/A;N/A;N/A;N/A;N/A;N/A;N/A;N/A;N/A;N/A;N/A;N/A;N/A;N/A;N/A;N/A;N/A;N/A;N/A;N/A;N/A;N/A;N/A;N/A;N/A;N/A;N/A;N/A;N/A;N/A;N/A;N/A;N/A;N/A;N/A;N/A;N/A;N/A;N/A;N/A;N/A;N/A;N/A;N/A;N/A;N/A;N/A;N/A;N/A;N/A;N/A;N/A;N/A;N/A;N/A;N/A;N/A;N/A;N/A;N/A;N/A;N/A;N/A;N/A;N/A;N/A;N/A;N/A
Renault;Clio;Oportunidad;2014;"120000 km";;AUTOYA.COM;8300;;;;;Prado;https://auto.mercadolibre.com.uy/MLU-704016686-muy-buen-extra-full-_JM;N/A;;"Muy Buen Extra Full";USD;Sí;silver;false;N/A;N/A;http://perfil.mercadolibre.com.uy/AUTOYA.COM;active;N/A;N/A;Usado;Gris;N/A;Hidráulica;Delantera;N/A;N/A;N/A;N/A;N/A;N/A;N/A;N/A;N/A;N/A;N/A;N/A;N/A;N/A;N/A;N/A;N/A;N/A;N/A;N/A;N/A;N/A;N/A;N/A;N/A;N/A;N/A;N/A;N/A;N/A;N/A;N/A;N/A;N/A;N/A;N/A;N/A;N/A;N/A;N/A;N/A;N/A;N/A;N/A;N/A;N/A;N/A;N/A;N/A;N/A;N/A;N/A;N/A;N/A;N/A;N/A;N/A;N/A;N/A;N/A;N/A;N/A;N/A;N/A;N/A;N/A;N/A;N/A;N/A;N/A;N/A;N/A;N/A;N/A;N/A;N/A;N/A;N/A;N/A;N/A;N/A;N/A;N/A;N/A;N/A;N/A;N/A;N/A;N/A;N/A;N/A;N/A;N/A;N/A;N/A;N/A;N/A;N/A;N/A;N/A;N/A;N/A;N/A;N/A;5;1.2;Nafta;Manual;N/A;"Autos y camionetas";N/A;N/A;N/A;N/A;N/A;N/A;N/A;N/A;N/A;N/A;N/A;N/A;N/A;N/A;N/A;N/A;N/A;N/A;N/A;N/A;N/A;N/A;N/A;N/A;N/A;N/A;N/A;N/A;N/A;N/A;N/A;N/A;N/A;N/A;N/A;N/A;N/A;N/A;N/A;N/A;N/A;N/A;N/A;N/A;N/A;N/A;N/A;N/A;N/A;N/A;N/A;N/A;N/A;N/A;N/A;N/A;N/A;N/A;N/A;N/A;N/A;N/A;N/A;N/A;N/A;N/A;N/A;N/A;N/A;N/A;N/A;N/A;N/A;N/A;N/A;N/A;N/A;N/A;N/A;N/A;N/A;N/A;N/A;N/A;N/A;N/A;N/A;N/A;N/A;N/A;N/A;N/A;N/A;N/A;N/A;N/A;N/A;N/A;N/A;N/A;N/A;N/A;N/A;N/A;N/A;N/A;N/A;N/A;N/A;N/A;N/A;N/A;N/A;N/A;N/A;N/A;N/A;N/A;N/A;N/A;N/A;N/A
Renault;Logan;"Nuevo logan Life";2022;"77000 km";;ROVELLAAUTOMOVILES;12990;;;;;Goes;https://auto.mercadolibre.com.uy/MLU-703851610-renault-logan-2021-life-excelente-estado-oportunidas-_JM;N/A;;"Renault Logan 2021 Life Excelente Estado Oportunidas";usd;Sí;silver;false;N/A;N/A;http://perfil.mercadolibre.com.uy/ROVELLAAUTOMOVILES;active;N/A;N/A;Usado;Gris;Sí;Hidráulica;Delantera;Sí;N/A;N/A;N/A;N/A;N/A;N/A;N/A;N/A;N/A;N/A;N/A;Sí;N/A;N/A;N/A;N/A;N/A;N/A;N/A;N/A;N/A;N/A;N/A;N/A;"2635 mm";"1 L";"50 L";5;N/A;N/A;N/A;N/A;N/A;N/A;N/A;N/A;N/A;N/A;N/A;N/A;N/A;N/A;N/A;N/A;N/A;N/A;N/A;N/A;N/A;N/A;N/A;N/A;N/A;N/A;N/A;N/A;N/A;N/A;N/A;N/A;N/A;N/A;N/A;N/A;N/A;N/A;N/A;N/A;N/A;N/A;N/A;N/A;N/A;"1529 mm";"4350 mm";N/A;N/A;N/A;N/A;5;"66 hp";Life;N/A;2;"1733 mm";"12.5 km/l";N/A;N/A;N/A;Sí;N/A;Sí;Sí;N/A;N/A;N/A;N/A;N/A;N/A;N/A;N/A;N/A;"Lunes a Viernes de 9 a 17 hs";5;1.0;Nafta;Manual;Hatchback;"Autos y camionetas";N/A;N/A;N/A;N/A;N/A;N/A;UY;N/A;Sí;N/A;N/A;N/A;N/A;N/A;N/A;N/A;N/A;N/A;N/A;N/A;N/A;N/A;N/A;N/A;N/A;N/A;N/A;N/A;N/A;N/A;N/A;N/A;N/A;N/A;N/A;N/A;N/A;N/A;N/A;N/A;N/A;N/A;N/A;N/A;N/A;N/A;N/A;N/A;N/A;N/A;N/A;N/A;N/A;N/A;N/A;N/A;N/A;N/A;N/A;N/A;N/A;N/A;N/A;N/A;N/A;N/A;N/A;N/A;N/A;N/A;N/A;N/A;N/A;N/A;N/A;N/A;N/A;N/A;N/A;N/A;N/A;N/A;N/A;N/A;N/A;N/A;N/A;N/A;N/A;N/A;N/A;N/A;N/A;N/A;N/A;N/A;Sí;Sí;N/A;N/A;Sí;N/A;N/A;N/A;N/A;Sí;N/A;N/A;Sí;N/A;N/A;N/A;N/A;Sí;Sí;Sí;Sí;Sí;N/A;N/A;N/A;N/A
Renault;"Sandero Stepway";"1.6 Privilege 105cv";2012;"164125 km";;"BOULEVARD AUTOMOVILES";10900;;;;;Rosario;https://auto.mercadolibre.com.uy/MLU-647182577-renault-sandero-stepway-16-privilege-105cv-_JM;N/A;;"Renault Sandero Stepway 1.6 Privilege 105cv";usd;Sí;silver;false;N/A;N/A;http://perfil.mercadolibre.com.uy/BOULEVARD+AUTOMOVILES;active;N/A;N/A;Usado;Gris;N/A;Hidráulica;Delantera;N/A;N/A;Sí;N/A;N/A;N/A;N/A;N/A;N/A;N/A;N/A;N/A;N/A;N/A;N/A;N/A;N/A;N/A;N/A;N/A;N/A;N/A;N/A;N/A;N/A;"2588 mm";"1.6 L";"50 L";5;N/A;N/A;N/A;N/A;N/A;N/A;N/A;N/A;N/A;N/A;N/A;N/A;N/A;N/A;N/A;N/A;N/A;N/A;N/A;N/A;N/A;N/A;N/A;N/A;N/A;N/A;N/A;N/A;N/A;N/A;N/A;N/A;N/A;N/A;N/A;N/A;N/A;N/A;N/A;N/A;N/A;N/A;N/A;N/A;N/A;"1630 mm";"4091 mm";N/A;N/A;N/A;N/A;5;"105 hp";Privilege;N/A;4;"1751 mm";"9.3 km/l";N/A;N/A;N/A;N/A;N/A;N/A;Sí;N/A;N/A;N/A;"5.9 km/l";N/A;N/A;N/A;N/A;N/A;N/A;5;1.6;Nafta;Manual;Hatchback;"Autos y camionetas";N/A;N/A;N/A;N/A;N/A;N/A;UY;N/A;N/A;N/A;N/A;N/A;N/A;N/A;N/A;N/A;N/A;N/A;N/A;N/A;N/A;N/A;N/A;N/A;N/A;N/A;N/A;N/A;N/A;N/A;N/A;N/A;N/A;N/A;N/A;N/A;N/A;N/A;N/A;N/A;N/A;N/A;N/A;N/A;N/A;N/A;N/A;N/A;N/A;N/A;N/A;N/A;N/A;N/A;N/A;N/A;N/A;N/A;N/A;N/A;N/A;N/A;N/A;N/A;N/A;N/A;N/A;N/A;N/A;N/A;N/A;N/A;N/A;N/A;N/A;N/A;N/A;N/A;N/A;N/A;N/A;N/A;N/A;N/A;N/A;N/A;N/A;N/A;N/A;N/A;N/A;N/A;N/A;N/A;N/A;N/A;N/A;N/A;N/A;N/A;N/A;N/A;N/A;N/A;N/A;N/A;N/A;N/A;N/A;N/A;N/A;N/A;Sí;N/A;N/A;N/A;N/A;N/A;N/A;Sí;N/A;N/A
Renault;Kwid;"1.0 Sce 66cv Intense";2020;"80000 km";;CARITO4306;11800;;;;;"Malvin Norte";https://auto.mercadolibre.com.uy/MLU-702935068-renault-kwid-10-sce-66cv-intense-_JM;N/A;;"Renault Kwid 1.0 Sce 66cv Intense";usd;Sí;silver;false;N/A;N/A;http://perfil.mercadolibre.com.uy/CARITO4306;active;N/A;N/A;Usado;Naranja;Sí;Eléctrica;Delantera;Sí;Sí;Sí;N/A;N/A;N/A;N/A;N/A;N/A;N/A;N/A;N/A;Sí;N/A;N/A;N/A;N/A;N/A;N/A;N/A;N/A;N/A;N/A;N/A;N/A;"2423 mm";"1 L";"50 L";5;N/A;N/A;N/A;N/A;N/A;N/A;N/A;N/A;N/A;N/A;N/A;N/A;N/A;N/A;N/A;N/A;N/A;N/A;N/A;N/A;N/A;N/A;N/A;N/A;N/A;N/A;N/A;N/A;N/A;N/A;N/A;N/A;N/A;N/A;N/A;N/A;N/A;N/A;N/A;N/A;N/A;N/A;N/A;N/A;N/A;"1474 mm";"3680 mm";N/A;N/A;N/A;N/A;5;"66 hp";Intense;N/A;4;"1752 mm";N/A;N/A;N/A;N/A;Sí;N/A;N/A;N/A;N/A;N/A;N/A;N/A;N/A;Sí;N/A;N/A;Sí;N/A;5;1.0;Nafta;Manual;Hatchback;"Autos y camionetas";N/A;N/A;N/A;N/A;N/A;N/A;UY;N/A;N/A;N/A;N/A;N/A;N/A;N/A;N/A;N/A;N/A;N/A;N/A;N/A;N/A;N/A;N/A;N/A;N/A;N/A;N/A;N/A;N/A;N/A;N/A;N/A;N/A;N/A;N/A;N/A;N/A;N/A;N/A;N/A;N/A;N/A;N/A;N/A;N/A;N/A;N/A;N/A;N/A;N/A;N/A;N/A;N/A;N/A;N/A;N/A;N/A;N/A;N/A;N/A;N/A;N/A;N/A;N/A;N/A;N/A;N/A;N/A;N/A;N/A;N/A;N/A;N/A;N/A;N/A;N/A;N/A;N/A;N/A;N/A;N/A;N/A;N/A;N/A;N/A;N/A;N/A;N/A;N/A;N/A;N/A;N/A;N/A;N/A;N/A;N/A;Sí;Sí;N/A;N/A;Sí;N/A;N/A;N/A;N/A;Sí;N/A;N/A;Sí;N/A;N/A;Sí;N/A;Sí;Sí;Sí;Sí;N/A;N/A;N/A;N/A;Sí
Renault;"Sandero Stepway";"1.6 Privilege 105cv";2012;"283000 km";;RENAULTPUNTADELESTE;10500;;;;;"Punta del Este";https://auto.mercadolibre.com.uy/MLU-702331840-renault-sandero-stepway-16-_JM;N/A;;"Renault Sandero Stepway 1.6";usd;Sí;silver;false;N/A;N/A;http://perfil.mercadolibre.com.uy/RENAULTPUNTADELESTE;active;N/A;N/A;Usado;Plateado;N/A;Hidráulica;Delantera;N/A;N/A;Sí;N/A;N/A;N/A;N/A;N/A;N/A;N/A;N/A;N/A;N/A;N/A;N/A;N/A;N/A;N/A;N/A;N/A;N/A;N/A;N/A;N/A;N/A;"2588 mm";"1.6 L";"50 L";5;N/A;N/A;N/A;N/A;N/A;N/A;N/A;N/A;N/A;N/A;N/A;N/A;N/A;N/A;N/A;N/A;N/A;N/A;N/A;N/A;N/A;N/A;N/A;N/A;N/A;N/A;N/A;N/A;N/A;N/A;N/A;N/A;N/A;N/A;N/A;N/A;N/A;N/A;N/A;N/A;N/A;N/A;N/A;N/A;N/A;"1630 mm";"4091 mm";N/A;N/A;N/A;N/A;5;"105 hp";Privilege;N/A;4;"1751 mm";"9.3 km/l";N/A;N/A;N/A;N/A;N/A;N/A;Sí;N/A;N/A;N/A;"5.9 km/l";N/A;N/A;N/A;N/A;N/A;24hs;5;1.6;Nafta;Manual;Hatchback;"Autos y camionetas";N/A;N/A;N/A;N/A;N/A;N/A;UY;N/A;N/A;N/A;N/A;N/A;N/A;N/A;N/A;N/A;N/A;N/A;N/A;N/A;N/A;N/A;N/A;N/A;N/A;N/A;N/A;N/A;N/A;N/A;N/A;N/A;N/A;N/A;N/A;N/A;N/A;N/A;N/A;N/A;N/A;N/A;N/A;N/A;N/A;N/A;N/A;N/A;N/A;N/A;N/A;N/A;N/A;N/A;N/A;N/A;N/A;N/A;N/A;N/A;N/A;N/A;N/A;N/A;N/A;N/A;N/A;N/A;N/A;N/A;N/A;N/A;N/A;N/A;N/A;N/A;N/A;N/A;N/A;N/A;N/A;N/A;N/A;N/A;N/A;N/A;N/A;N/A;N/A;N/A;N/A;N/A;N/A;N/A;N/A;N/A;N/A;N/A;N/A;N/A;N/A;N/A;N/A;N/A;N/A;N/A;N/A;N/A;N/A;N/A;N/A;N/A;Sí;N/A;N/A;N/A;N/A;N/A;N/A;Sí;N/A;N/A
Renault;"Duster Oroch";"2.0 Privilege";2016;"178000 km";;RENAULTPUNTADELESTE;15500;;;;;"Punta del Este";https://auto.mercadolibre.com.uy/MLU-702345134-renault-oroch-20-4x2-mt-_JM;N/A;;"Renault Oroch 2.0 4x2 Mt";usd;Sí;silver;false;N/A;N/A;http://perfil.mercadolibre.com.uy/RENAULTPUNTADELESTE;active;N/A;N/A;Usado;Gris;N/A;Hidráulica;4x2;Sí;N/A;N/A;N/A;N/A;N/A;N/A;N/A;N/A;N/A;N/A;N/A;N/A;N/A;N/A;N/A;N/A;N/A;N/A;N/A;N/A;N/A;N/A;N/A;N/A;"2829 mm";"2 L";"50 L";6;N/A;N/A;N/A;N/A;N/A;N/A;N/A;N/A;N/A;N/A;N/A;N/A;N/A;N/A;N/A;N/A;N/A;N/A;N/A;N/A;N/A;N/A;N/A;N/A;N/A;N/A;N/A;N/A;N/A;N/A;N/A;N/A;N/A;N/A;N/A;N/A;N/A;N/A;N/A;N/A;N/A;N/A;N/A;N/A;N/A;"1683 mm";"4329 mm";N/A;N/A;N/A;N/A;5;"143 hp";Privilege;N/A;4;"1821 mm";"10.8 km/l";N/A;N/A;N/A;N/A;N/A;N/A;N/A;N/A;N/A;N/A;N/A;N/A;N/A;N/A;N/A;N/A;24hs;5;2.0;Nafta;Manual;SUV;"Autos y camionetas";N/A;N/A;N/A;N/A;N/A;N/A;UY;N/A;N/A;N/A;N/A;N/A;N/A;N/A;N/A;N/A;N/A;N/A;N/A;N/A;N/A;N/A;N/A;N/A;N/A;N/A;N/A;N/A;N/A;N/A;N/A;N/A;N/A;N/A;N/A;N/A;N/A;N/A;N/A;N/A;N/A;N/A;N/A;N/A;N/A;N/A;N/A;N/A;N/A;N/A;N/A;N/A;N/A;N/A;N/A;N/A;N/A;N/A;N/A;N/A;N/A;N/A;N/A;N/A;N/A;N/A;N/A;N/A;N/A;N/A;N/A;N/A;N/A;N/A;N/A;N/A;N/A;N/A;N/A;N/A;N/A;N/A;N/A;N/A;N/A;N/A;N/A;N/A;N/A;N/A;N/A;N/A;N/A;N/A;N/A;N/A;N/A;N/A;N/A;N/A;N/A;N/A;N/A;N/A;N/A;N/A;N/A;N/A;N/A;N/A;N/A;N/A;N/A;N/A;N/A;N/A;N/A;N/A;N/A;N/A;N/A;N/A
Renault;Duster;"1.6 Ph2 4x2 Dynamique 110cv";2015;"124000 km";;FABIANYEMURENKO2008;12900;;;;;Buceo;https://auto.mercadolibre.com.uy/MLU-702058056-renault-duster-16cc-ano-2015-4x2-dynamique-unico-dueno-_JM;N/A;;"Renault Duster 1.6cc, Año 2015, 4x2 Dynamique ¡ Único Dueño¡";usd;Sí;silver;false;N/A;N/A;http://perfil.mercadolibre.com.uy/FABIANYEMURENKO2008;active;N/A;N/A;Usado;Gris;Sí;Hidráulica;4x2;Sí;Sí;Sí;N/A;N/A;Sí;N/A;N/A;No;N/A;N/A;Sí;Sí;N/A;Sí;N/A;N/A;N/A;N/A;N/A;N/A;N/A;N/A;N/A;N/A;"2673 mm";"1.6 L";"50 L";5;N/A;N/A;N/A;N/A;N/A;No;N/A;N/A;N/A;N/A;N/A;N/A;N/A;N/A;N/A;N/A;N/A;N/A;N/A;N/A;N/A;N/A;N/A;N/A;N/A;N/A;N/A;N/A;N/A;No;N/A;N/A;N/A;N/A;N/A;N/A;N/A;N/A;N/A;N/A;N/A;N/A;N/A;N/A;N/A;"1683 mm";"4329 mm";N/A;N/A;N/A;N/A;5;"110 hp";Dynamique;N/A;4;"1822 mm";"11.1 km/l";No;N/A;No;Sí;N/A;Sí;Sí;N/A;No;N/A;"10.4 km/l";No;Sí;N/A;N/A;Sí;"Lunes a viernes de 9 y 30 a 13 hs y de 15 a 18 hs, sábados de 10 a 13 hs.";5;1.6;Nafta;Manual;SUV;"Autos y camionetas";No;N/A;N/A;N/A;No;N/A;UY;N/A;Sí;N/A;No;N/A;N/A;N/A;N/A;N/A;N/A;N/A;N/A;N/A;N/A;N/A;N/A;N/A;No;N/A;N/A;N/A;N/A;N/A;N/A;N/A;N/A;N/A;N/A;N/A;N/A;N/A;N/A;N/A;N/A;N/A;N/A;No;N/A;N/A;N/A;N/A;N/A;N/A;N/A;N/A;N/A;N/A;N/A;N/A;N/A;N/A;N/A;N/A;N/A;No;No;N/A;N/A;N/A;N/A;N/A;N/A;N/A;N/A;N/A;N/A;N/A;N/A;N/A;N/A;N/A;N/A;N/A;N/A;N/A;N/A;N/A;N/A;N/A;N/A;N/A;N/A;N/A;N/A;N/A;N/A;N/A;N/A;No;Sí;Sí;No;N/A;Sí;N/A;N/A;N/A;N/A;Sí;Sí;Sí;Sí;N/A;N/A;Sí;Sí;Sí;Sí;Sí;Sí;No;No;No;N/A;Sí
Renault;Kwid;"1.0 Sce 66cv Bitono";2024;"0 km";;"DELTACAR S.A.";16000;;;;;Mercedes;https://auto.mercadolibre.com.uy/MLU-701399456-renault-kwid-10-sce-66cv-bitono-_JM;N/A;;"Renault Kwid 1.0 Sce 66cv Bitono";usd;Sí;silver;false;N/A;N/A;http://perfil.mercadolibre.com.uy/DELTACAR+S.A.;active;N/A;N/A;Nuevo;Rojo;N/A;Asistida;Delantera;N/A;N/A;Sí;N/A;N/A;N/A;N/A;N/A;N/A;N/A;N/A;N/A;N/A;N/A;N/A;N/A;N/A;N/A;N/A;N/A;N/A;N/A;N/A;N/A;N/A;"2423 mm";"1 L";"50 L";5;N/A;N/A;N/A;N/A;N/A;N/A;N/A;N/A;N/A;N/A;N/A;N/A;N/A;N/A;N/A;N/A;N/A;N/A;N/A;N/A;N/A;N/A;N/A;N/A;N/A;N/A;N/A;N/A;N/A;N/A;N/A;N/A;N/A;N/A;N/A;N/A;N/A;N/A;N/A;N/A;N/A;N/A;N/A;N/A;N/A;"1474 mm";"3680 mm";N/A;N/A;N/A;N/A;5;"66 hp";Bitono;N/A;4;"1752 mm";N/A;N/A;N/A;N/A;N/A;N/A;N/A;N/A;N/A;N/A;N/A;N/A;N/A;N/A;N/A;N/A;N/A;N/A;5;1.0;Nafta;Manual;Hatchback;"Autos y camionetas";N/A;N/A;N/A;N/A;N/A;N/A;UY;N/A;N/A;N/A;N/A;N/A;N/A;N/A;N/A;N/A;N/A;N/A;N/A;N/A;N/A;N/A;N/A;N/A;N/A;N/A;N/A;N/A;N/A;N/A;N/A;N/A;N/A;N/A;N/A;N/A;N/A;N/A;N/A;N/A;N/A;N/A;N/A;N/A;N/A;N/A;N/A;N/A;N/A;N/A;N/A;N/A;N/A;N/A;N/A;N/A;N/A;N/A;N/A;N/A;N/A;N/A;N/A;N/A;N/A;N/A;N/A;N/A;N/A;N/A;N/A;N/A;N/A;N/A;N/A;N/A;N/A;N/A;N/A;N/A;N/A;N/A;N/A;N/A;N/A;N/A;N/A;N/A;N/A;N/A;N/A;N/A;N/A;N/A;N/A;N/A;N/A;N/A;N/A;N/A;N/A;N/A;N/A;N/A;N/A;N/A;N/A;N/A;N/A;N/A;N/A;N/A;N/A;N/A;N/A;N/A;N/A;N/A;N/A;N/A;N/A;N/A
Renault;Oroch;"1.6 Sce Zen 2Wd Mt";2024;"0 km";;"DELTACAR S.A.";23000;;;;;Mercedes;https://auto.mercadolibre.com.uy/MLU-701273084-renault-oroch-16-sce-zen-2wd-mt-_JM;N/A;;"Renault Oroch 1.6 Sce Zen 2wd Mt";usd;Sí;silver;false;N/A;N/A;http://perfil.mercadolibre.com.uy/DELTACAR+S.A.;active;N/A;N/A;Nuevo;Gris;N/A;Asistida;Delantera;N/A;N/A;N/A;N/A;N/A;N/A;N/A;N/A;N/A;N/A;N/A;N/A;N/A;N/A;N/A;N/A;N/A;N/A;N/A;N/A;N/A;N/A;N/A;N/A;N/A;"2890 mm";"1.6 L";"45 L";6;N/A;N/A;N/A;N/A;N/A;N/A;N/A;N/A;N/A;N/A;N/A;N/A;N/A;N/A;N/A;N/A;N/A;N/A;N/A;N/A;N/A;N/A;N/A;N/A;N/A;N/A;N/A;N/A;N/A;N/A;N/A;N/A;N/A;N/A;N/A;N/A;N/A;N/A;N/A;N/A;N/A;N/A;N/A;N/A;N/A;"1694 mm";"4700 mm";N/A;N/A;N/A;N/A;5;"118 hp";Zen;N/A;4;"1821 mm";N/A;N/A;N/A;N/A;N/A;N/A;N/A;N/A;N/A;N/A;N/A;N/A;N/A;N/A;N/A;N/A;N/A;"Todos los días";4;1.6;Nafta;Manual;Pick-Up;"Autos y camionetas";N/A;N/A;N/A;N/A;N/A;N/A;UY;N/A;N/A;N/A;N/A;N/A;N/A;N/A;N/A;N/A;N/A;N/A;N/A;N/A;N/A;N/A;N/A;N/A;N/A;N/A;N/A;N/A;N/A;N/A;N/A;N/A;N/A;N/A;N/A;N/A;N/A;N/A;N/A;N/A;N/A;N/A;N/A;N/A;N/A;N/A;N/A;N/A;N/A;N/A;N/A;N/A;N/A;N/A;N/A;N/A;N/A;N/A;N/A;N/A;N/A;N/A;N/A;N/A;N/A;N/A;N/A;N/A;N/A;N/A;N/A;N/A;N/A;N/A;N/A;N/A;N/A;N/A;N/A;N/A;N/A;N/A;N/A;N/A;N/A;N/A;N/A;N/A;N/A;N/A;N/A;N/A;N/A;N/A;N/A;N/A;N/A;N/A;N/A;N/A;N/A;N/A;N/A;N/A;N/A;N/A;N/A;N/A;N/A;N/A;N/A;N/A;N/A;N/A;N/A;N/A;N/A;N/A;N/A;N/A;N/A;N/A
Renault;Sandero;"1.0 Zen";2021;"34000 km";;SILA3661512;14900;;;;;"Las Piedras";https://auto.mercadolibre.com.uy/MLU-706130236-renault-sandero-2021-10-zen-_JM;N/A;;"Renault Sandero 2021 1.0 Zen";usd;Sí;silver;false;N/A;N/A;http://perfil.mercadolibre.com.uy/SILA3661512;active;N/A;N/A;Usado;N/A;N/A;Hidráulica;Delantera;N/A;N/A;Sí;N/A;N/A;N/A;N/A;N/A;N/A;N/A;N/A;N/A;N/A;N/A;N/A;N/A;N/A;N/A;N/A;N/A;N/A;N/A;N/A;N/A;N/A;"2590 mm";"1 L";"50 L";5;N/A;N/A;N/A;N/A;N/A;N/A;N/A;N/A;N/A;N/A;N/A;N/A;N/A;N/A;N/A;N/A;N/A;N/A;N/A;N/A;N/A;N/A;N/A;N/A;N/A;N/A;N/A;N/A;N/A;N/A;N/A;N/A;N/A;Sí;Sí;Sí;N/A;N/A;N/A;N/A;N/A;N/A;N/A;N/A;N/A;"1559 mm";"4066 mm";N/A;N/A;N/A;N/A;5;"66 hp";Zen;N/A;4;"1761 mm";"9.3 km/l";Sí;N/A;N/A;N/A;N/A;N/A;Sí;N/A;N/A;N/A;"5.9 km/l";N/A;N/A;N/A;N/A;N/A;N/A;5;1.0;Nafta;Manual;Hatchback;"Autos y camionetas";N/A;N/A;N/A;N/A;N/A;N/A;UY;N/A;N/A;N/A;N/A;N/A;N/A;N/A;N/A;N/A;N/A;N/A;N/A;N/A;N/A;N/A;N/A;N/A;N/A;N/A;N/A;N/A;N/A;N/A;N/A;N/A;N/A;N/A;N/A;N/A;N/A;N/A;N/A;N/A;N/A;N/A;N/A;N/A;N/A;N/A;N/A;N/A;N/A;N/A;N/A;N/A;N/A;N/A;N/A;N/A;N/A;N/A;N/A;N/A;N/A;N/A;N/A;N/A;N/A;N/A;N/A;N/A;N/A;N/A;N/A;N/A;N/A;N/A;N/A;N/A;N/A;N/A;N/A;N/A;N/A;N/A;N/A;N/A;N/A;N/A;N/A;N/A;N/A;N/A;N/A;N/A;N/A;N/A;N/A;N/A;N/A;N/A;N/A;N/A;N/A;N/A;N/A;N/A;N/A;N/A;N/A;N/A;N/A;N/A;N/A;N/A;N/A;N/A;N/A;N/A;N/A;N/A;N/A;N/A;N/A;N/A
Renault;Logan;"1.0 Life";2021;"62000 km";;MAJO8920660;12200;;;;;"Parque Batlle";https://auto.mercadolibre.com.uy/MLU-704359712-renault-logan-2021-10-life-_JM;N/A;;"Renault Logan 2021 1.0 Life";usd;Sí;silver;false;N/A;N/A;http://perfil.mercadolibre.com.uy/MAJO8920660;active;N/A;N/A;Usado;N/A;N/A;Hidráulica;Delantera;N/A;N/A;N/A;N/A;N/A;N/A;N/A;N/A;N/A;N/A;N/A;N/A;N/A;N/A;N/A;N/A;N/A;N/A;N/A;N/A;N/A;N/A;N/A;N/A;N/A;"2635 mm";"1 L";"50 L";5;N/A;N/A;N/A;N/A;N/A;N/A;N/A;N/A;N/A;N/A;N/A;N/A;N/A;N/A;N/A;N/A;N/A;N/A;N/A;N/A;N/A;N/A;N/A;N/A;N/A;N/A;N/A;N/A;N/A;N/A;N/A;N/A;N/A;N/A;N/A;N/A;N/A;N/A;N/A;N/A;N/A;N/A;N/A;N/A;N/A;"1529 mm";"4350 mm";N/A;N/A;N/A;N/A;5;"66 hp";Life;N/A;2;"1733 mm";"12.5 km/l";N/A;N/A;N/A;N/A;N/A;N/A;N/A;N/A;N/A;N/A;N/A;N/A;N/A;N/A;N/A;N/A;N/A;4;1.0;Nafta;Manual;Sedán;"Autos y camionetas";N/A;N/A;N/A;N/A;N/A;N/A;UY;N/A;N/A;N/A;N/A;N/A;N/A;N/A;N/A;N/A;N/A;N/A;N/A;N/A;N/A;N/A;N/A;N/A;N/A;N/A;N/A;N/A;N/A;N/A;N/A;N/A;N/A;N/A;N/A;N/A;N/A;N/A;N/A;N/A;N/A;N/A;N/A;N/A;N/A;N/A;N/A;N/A;N/A;N/A;N/A;N/A;N/A;N/A;N/A;N/A;N/A;N/A;N/A;N/A;N/A;N/A;N/A;N/A;N/A;N/A;N/A;N/A;N/A;N/A;N/A;N/A;N/A;N/A;N/A;N/A;N/A;N/A;N/A;N/A;N/A;N/A;N/A;N/A;N/A;N/A;N/A;N/A;N/A;N/A;N/A;N/A;N/A;N/A;N/A;N/A;N/A;N/A;N/A;N/A;N/A;N/A;N/A;N/A;N/A;N/A;N/A;N/A;N/A;N/A;N/A;N/A;N/A;N/A;N/A;N/A;N/A;N/A;N/A;N/A;N/A;N/A
Renault;Duster;"1.6 Ph2 4x2 Dynamique 110cv";2016;"70000 km";;"ALEJANDROAUTOMOVILES TALA";15990;;;;;Tala;https://auto.mercadolibre.com.uy/MLU-700390924-renault-duster-dynamique-_JM;N/A;;"Renault Duster Dynamique";usd;Sí;silver;false;N/A;N/A;http://perfil.mercadolibre.com.uy/ALEJANDROAUTOMOVILES+TALA;active;N/A;N/A;Usado;Gris;N/A;Hidráulica;4x2;Sí;N/A;Sí;N/A;N/A;N/A;N/A;N/A;N/A;N/A;N/A;N/A;Sí;N/A;N/A;N/A;N/A;N/A;N/A;N/A;N/A;N/A;N/A;N/A;N/A;"2674 mm";"1.6 L";"50 L";5;N/A;N/A;N/A;N/A;N/A;N/A;N/A;N/A;N/A;N/A;N/A;N/A;N/A;N/A;N/A;N/A;N/A;N/A;N/A;N/A;N/A;N/A;N/A;N/A;N/A;N/A;N/A;N/A;N/A;N/A;N/A;N/A;N/A;N/A;N/A;N/A;N/A;N/A;N/A;N/A;N/A;N/A;N/A;N/A;N/A;"1683 mm";"4329 mm";N/A;N/A;N/A;N/A;5;"110 hp";Dynamique;N/A;4;"1822 mm";"11.1 km/l";N/A;N/A;N/A;N/A;N/A;N/A;Sí;N/A;N/A;N/A;"10.4 km/l";N/A;N/A;N/A;N/A;N/A;N/A;5;1.6;Nafta;Manual;SUV;"Autos y camionetas";N/A;N/A;N/A;N/A;N/A;N/A;UY;N/A;Sí;N/A;N/A;N/A;N/A;N/A;N/A;N/A;N/A;N/A;N/A;N/A;N/A;N/A;N/A;N/A;N/A;N/A;N/A;N/A;N/A;N/A;N/A;N/A;N/A;N/A;N/A;N/A;N/A;N/A;N/A;N/A;N/A;N/A;N/A;N/A;N/A;N/A;N/A;N/A;N/A;N/A;N/A;N/A;N/A;N/A;N/A;N/A;N/A;N/A;N/A;N/A;N/A;N/A;N/A;N/A;N/A;N/A;N/A;N/A;N/A;N/A;N/A;N/A;N/A;N/A;N/A;N/A;N/A;N/A;N/A;N/A;N/A;N/A;N/A;N/A;N/A;N/A;N/A;N/A;N/A;N/A;N/A;N/A;N/A;N/A;N/A;N/A;N/A;Sí;N/A;N/A;Sí;N/A;N/A;N/A;N/A;Sí;N/A;N/A;N/A;N/A;N/A;N/A;N/A;N/A;Sí;N/A;Sí;N/A;N/A;N/A;N/A;Sí
Renault;"Duster Oroch";"1.6 Cargo Cd";2024;"0 km";;RENAULTPUNTADELESTE;21000;;;;;"Punta del Este";https://auto.mercadolibre.com.uy/MLU-645270559-renault-oroch-cargo-_JM;N/A;;"Renault Oroch Cargo";usd;Sí;silver;false;N/A;N/A;http://perfil.mercadolibre.com.uy/RENAULTPUNTADELESTE;active;N/A;N/A;Nuevo;Negro;N/A;N/A;4x2;N/A;N/A;N/A;N/A;N/A;N/A;N/A;N/A;N/A;N/A;N/A;N/A;N/A;N/A;N/A;N/A;N/A;N/A;N/A;N/A;N/A;N/A;N/A;N/A;N/A;N/A;"1.6 L";N/A;5;N/A;N/A;N/A;N/A;N/A;N/A;N/A;N/A;N/A;N/A;N/A;N/A;N/A;N/A;N/A;N/A;N/A;N/A;N/A;N/A;N/A;N/A;N/A;N/A;N/A;N/A;N/A;N/A;N/A;N/A;N/A;N/A;N/A;N/A;N/A;N/A;N/A;N/A;N/A;N/A;N/A;N/A;N/A;N/A;N/A;N/A;N/A;N/A;N/A;N/A;N/A;5;"118 hp";Cargo;N/A;4;N/A;N/A;N/A;N/A;N/A;N/A;N/A;N/A;N/A;N/A;N/A;N/A;N/A;N/A;N/A;N/A;N/A;N/A;24hs;4;1.6;Nafta;Manual;Pick-Up;"Autos y camionetas";N/A;N/A;N/A;N/A;N/A;N/A;UY;N/A;N/A;N/A;N/A;N/A;N/A;N/A;N/A;N/A;N/A;N/A;N/A;N/A;N/A;N/A;N/A;N/A;N/A;N/A;N/A;N/A;N/A;N/A;N/A;N/A;N/A;N/A;N/A;N/A;N/A;N/A;N/A;N/A;N/A;N/A;N/A;N/A;N/A;N/A;N/A;N/A;N/A;N/A;N/A;N/A;N/A;N/A;N/A;N/A;N/A;N/A;N/A;N/A;N/A;N/A;N/A;N/A;N/A;N/A;N/A;N/A;N/A;N/A;N/A;N/A;N/A;N/A;N/A;N/A;N/A;N/A;N/A;N/A;N/A;N/A;N/A;N/A;N/A;N/A;N/A;N/A;N/A;N/A;N/A;N/A;N/A;N/A;N/A;N/A;N/A;N/A;N/A;N/A;N/A;N/A;N/A;N/A;N/A;N/A;N/A;N/A;N/A;N/A;N/A;N/A;N/A;N/A;N/A;N/A;N/A;N/A;N/A;N/A;N/A;N/A
Renault;Kwid;"1.0 Sce 66cv Zen";2018;"103000 km";;NATSUAR02;10000;;;;;"Joaquín Suárez";https://auto.mercadolibre.com.uy/MLU-703015750-renault-kwid-2018-10-sce-66cv-zen-_JM;N/A;;"Renault Kwid 2018 1.0 Sce 66cv Zen";usd;Sí;silver;false;N/A;N/A;http://perfil.mercadolibre.com.uy/NATSUAR02;active;N/A;N/A;Usado;N/A;N/A;Hidráulica;Delantera;N/A;N/A;Sí;N/A;N/A;N/A;N/A;N/A;N/A;N/A;N/A;N/A;N/A;N/A;N/A;N/A;N/A;N/A;N/A;N/A;N/A;N/A;N/A;N/A;N/A;"2423 mm";"1 L";"50 L";5;N/A;N/A;N/A;N/A;N/A;N/A;N/A;N/A;N/A;N/A;N/A;N/A;N/A;N/A;N/A;N/A;N/A;N/A;N/A;N/A;N/A;N/A;N/A;N/A;N/A;N/A;N/A;N/A;N/A;N/A;N/A;N/A;N/A;N/A;N/A;N/A;N/A;N/A;N/A;N/A;N/A;N/A;N/A;N/A;N/A;"1474 mm";"3680 mm";N/A;N/A;N/A;N/A;5;"66 hp";Zen;N/A;4;"1752 mm";N/A;N/A;N/A;N/A;N/A;N/A;N/A;N/A;N/A;N/A;N/A;N/A;N/A;N/A;N/A;N/A;N/A;N/A;5;1.0;Nafta;Manual;Hatchback;"Autos y camionetas";N/A;N/A;N/A;N/A;N/A;N/A;UY;N/A;N/A;N/A;N/A;N/A;N/A;N/A;N/A;N/A;N/A;N/A;N/A;N/A;N/A;N/A;N/A;N/A;N/A;N/A;N/A;N/A;N/A;N/A;N/A;N/A;N/A;N/A;N/A;N/A;N/A;N/A;N/A;N/A;N/A;N/A;N/A;N/A;N/A;N/A;N/A;N/A;N/A;N/A;N/A;N/A;N/A;N/A;N/A;N/A;N/A;N/A;N/A;N/A;N/A;N/A;N/A;N/A;N/A;N/A;N/A;N/A;N/A;N/A;N/A;N/A;N/A;N/A;N/A;N/A;N/A;N/A;N/A;N/A;N/A;N/A;N/A;N/A;N/A;N/A;N/A;N/A;N/A;N/A;N/A;N/A;N/A;N/A;N/A;N/A;N/A;N/A;N/A;N/A;N/A;N/A;N/A;N/A;N/A;N/A;N/A;N/A;N/A;N/A;N/A;N/A;N/A;N/A;N/A;N/A;N/A;N/A;N/A;N/A;N/A;N/A
Renault;Kwid;"1.0 Sce 66cv Zen";2019;"55200 km";;ROMA7407039;11200;;;;;Centro;https://auto.mercadolibre.com.uy/MLU-703539510-renault-kwid-2019-10-sce-66cv-zen-_JM;N/A;;"Renault Kwid 2019 1.0 Sce 66cv Zen";usd;Sí;silver;false;N/A;N/A;http://perfil.mercadolibre.com.uy/ROMA7407039;active;N/A;N/A;Usado;N/A;N/A;Hidráulica;Delantera;N/A;N/A;Sí;N/A;N/A;N/A;N/A;N/A;N/A;N/A;N/A;N/A;N/A;N/A;N/A;N/A;N/A;N/A;N/A;N/A;N/A;N/A;N/A;N/A;N/A;"2423 mm";"1 L";"50 L";5;N/A;N/A;N/A;N/A;N/A;N/A;N/A;N/A;N/A;N/A;N/A;N/A;N/A;N/A;N/A;N/A;N/A;N/A;N/A;N/A;N/A;N/A;N/A;N/A;N/A;N/A;N/A;N/A;N/A;N/A;N/A;N/A;N/A;N/A;N/A;N/A;N/A;N/A;N/A;N/A;N/A;N/A;N/A;N/A;N/A;"1474 mm";"3680 mm";N/A;N/A;N/A;N/A;5;"66 hp";Zen;N/A;4;"1752 mm";N/A;N/A;N/A;N/A;N/A;N/A;N/A;N/A;N/A;N/A;N/A;N/A;N/A;N/A;N/A;N/A;N/A;N/A;5;1.0;Nafta;Manual;Hatchback;"Autos y camionetas";N/A;N/A;N/A;N/A;N/A;N/A;UY;N/A;N/A;N/A;N/A;N/A;N/A;N/A;N/A;N/A;N/A;N/A;N/A;N/A;N/A;N/A;N/A;N/A;N/A;N/A;N/A;N/A;N/A;N/A;N/A;N/A;N/A;N/A;N/A;N/A;N/A;N/A;N/A;N/A;N/A;N/A;N/A;N/A;N/A;N/A;N/A;N/A;N/A;N/A;N/A;N/A;N/A;N/A;N/A;N/A;N/A;N/A;N/A;N/A;N/A;N/A;N/A;N/A;N/A;N/A;N/A;N/A;N/A;N/A;N/A;N/A;N/A;N/A;N/A;N/A;N/A;N/A;N/A;N/A;N/A;N/A;N/A;N/A;N/A;N/A;N/A;N/A;N/A;N/A;N/A;N/A;N/A;N/A;N/A;N/A;N/A;N/A;N/A;N/A;N/A;N/A;N/A;N/A;N/A;N/A;N/A;N/A;N/A;N/A;N/A;N/A;N/A;N/A;N/A;N/A;N/A;N/A;N/A;N/A;N/A;N/A
Renault;"Duster Oroch";"2.0 Privilege";2017;"140000 km";;"ALEJANDROAUTOMOVILES TALA";16990;;;;;Tala;https://auto.mercadolibre.com.uy/MLU-644955911-renault-oroch-_JM;N/A;;"Renault Oroch";usd;Sí;silver;false;N/A;N/A;http://perfil.mercadolibre.com.uy/ALEJANDROAUTOMOVILES+TALA;active;N/A;N/A;Usado;Blanco;N/A;Hidráulica;4x2;Sí;Sí;N/A;N/A;N/A;N/A;N/A;N/A;N/A;N/A;N/A;Sí;Sí;N/A;N/A;N/A;N/A;N/A;N/A;N/A;N/A;N/A;N/A;N/A;N/A;"2829 mm";"2 L";"50 L";6;N/A;N/A;N/A;N/A;N/A;N/A;N/A;N/A;N/A;N/A;N/A;N/A;N/A;N/A;N/A;N/A;N/A;N/A;N/A;N/A;N/A;N/A;N/A;N/A;N/A;N/A;N/A;N/A;N/A;Sí;N/A;N/A;N/A;N/A;N/A;N/A;N/A;N/A;N/A;N/A;N/A;N/A;N/A;N/A;N/A;"1683 mm";"4329 mm";N/A;N/A;N/A;N/A;5;"143 hp";Privilege;N/A;4;"1821 mm";"10.8 km/l";N/A;N/A;N/A;N/A;N/A;N/A;No;N/A;N/A;N/A;N/A;N/A;N/A;N/A;N/A;N/A;N/A;5;2.0;Nafta;Manual;SUV;"Autos y camionetas";N/A;N/A;N/A;N/A;N/A;N/A;UY;N/A;Sí;N/A;N/A;N/A;N/A;N/A;N/A;N/A;N/A;N/A;N/A;N/A;N/A;N/A;N/A;N/A;N/A;N/A;N/A;N/A;N/A;N/A;N/A;N/A;N/A;N/A;N/A;N/A;N/A;N/A;N/A;N/A;N/A;N/A;N/A;N/A;N/A;N/A;N/A;N/A;N/A;N/A;N/A;N/A;N/A;N/A;N/A;N/A;N/A;N/A;N/A;N/A;N/A;N/A;N/A;N/A;N/A;N/A;N/A;N/A;N/A;N/A;N/A;N/A;N/A;N/A;N/A;N/A;N/A;N/A;N/A;N/A;N/A;N/A;N/A;N/A;N/A;N/A;N/A;N/A;N/A;N/A;N/A;N/A;N/A;N/A;N/A;N/A;No;Sí;Sí;N/A;Sí;N/A;N/A;N/A;N/A;Sí;N/A;N/A;N/A;N/A;N/A;N/A;Sí;N/A;Sí;Sí;Sí;N/A;N/A;N/A;N/A;Sí
Renault;Oroch;"1.3 Tce Intens 2Wd Cvt";2025;"0 km";;RECRULSA;25000;;;;;Melo;https://auto.mercadolibre.com.uy/MLU-694084490-renault-oroch-_JM;N/A;;"Renault Oroch";USD;Sí;silver;false;N/A;N/A;http://perfil.mercadolibre.com.uy/RECRULSA;active;N/A;N/A;Nuevo;Blanco;N/A;Eléctrica;Delantera;Sí;Sí;N/A;N/A;N/A;Sí;N/A;N/A;N/A;N/A;N/A;Sí;Sí;N/A;N/A;N/A;N/A;N/A;N/A;N/A;N/A;N/A;N/A;N/A;N/A;N/A;N/A;N/A;N/A;N/A;N/A;N/A;N/A;N/A;Sí;N/A;N/A;N/A;N/A;N/A;N/A;N/A;N/A;N/A;N/A;N/A;N/A;N/A;N/A;N/A;N/A;N/A;N/A;N/A;N/A;N/A;N/A;N/A;Sí;N/A;N/A;N/A;N/A;N/A;N/A;N/A;N/A;N/A;N/A;N/A;N/A;N/A;N/A;N/A;N/A;N/A;N/A;N/A;N/A;N/A;N/A;N/A;N/A;N/A;N/A;N/A;N/A;N/A;N/A;Sí;Sí;N/A;Sí;Sí;N/A;N/A;N/A;N/A;Sí;Sí;N/A;N/A;N/A;N/A;4;1.3;Nafta;Automática;Pick-Up;"Autos y camionetas";N/A;N/A;N/A;N/A;N/A;N/A;N/A;N/A;N/A;N/A;N/A;N/A;N/A;N/A;N/A;N/A;N/A;N/A;N/A;N/A;N/A;N/A;N/A;N/A;Sí;N/A;N/A;N/A;N/A;N/A;N/A;N/A;N/A;N/A;N/A;N/A;N/A;N/A;N/A;N/A;N/A;N/A;N/A;Sí;N/A;N/A;N/A;N/A;N/A;N/A;N/A;N/A;N/A;N/A;N/A;N/A;N/A;N/A;N/A;N/A;N/A;Sí;N/A;N/A;N/A;N/A;N/A;N/A;N/A;N/A;N/A;N/A;N/A;N/A;N/A;N/A;N/A;N/A;N/A;N/A;N/A;N/A;N/A;N/A;N/A;N/A;N/A;N/A;N/A;N/A;N/A;N/A;N/A;N/A;N/A;N/A;Sí;Sí;Sí;N/A;Sí;N/A;N/A;N/A;N/A;Sí;Sí;Sí;Sí;N/A;N/A;Sí;Sí;Sí;Sí;N/A;Sí;N/A;N/A;N/A;N/A;Sí
Renault;"Kangoo Express";Confort;2012;"121400 km";;GRUIZ_AUTOMOVILES;7800;;;;;Centro;https://auto.mercadolibre.com.uy/MLU-694104994-renault-kangoo-express-confort-_JM;N/A;;"Renault Kangoo Express Confort ";USD;Sí;silver;false;N/A;N/A;http://perfil.mercadolibre.com.uy/GRUIZ_AUTOMOVILES;active;N/A;N/A;Usado;Blanco;N/A;N/A;N/A;Sí;N/A;N/A;N/A;N/A;N/A;N/A;N/A;N/A;N/A;N/A;N/A;N/A;N/A;N/A;N/A;N/A;N/A;N/A;N/A;N/A;N/A;N/A;N/A;N/A;N/A;N/A;N/A;N/A;N/A;N/A;N/A;N/A;N/A;N/A;N/A;N/A;N/A;N/A;N/A;N/A;N/A;N/A;N/A;N/A;N/A;N/A;N/A;N/A;N/A;N/A;N/A;N/A;N/A;N/A;N/A;N/A;N/A;N/A;N/A;N/A;N/A;N/A;N/A;N/A;N/A;N/A;N/A;N/A;N/A;N/A;N/A;N/A;N/A;N/A;N/A;N/A;N/A;N/A;N/A;N/A;N/A;N/A;N/A;N/A;N/A;N/A;N/A;N/A;N/A;N/A;N/A;N/A;N/A;N/A;N/A;N/A;N/A;N/A;N/A;N/A;N/A;N/A;"Lunes a viernes de 9 a 18:30 hs";3;1.6;Nafta;Manual;Furgón;"Autos y camionetas";N/A;N/A;N/A;N/A;N/A;N/A;N/A;N/A;Sí;N/A;N/A;N/A;N/A;N/A;N/A;N/A;N/A;N/A;N/A;N/A;N/A;N/A;N/A;N/A;N/A;N/A;N/A;N/A;N/A;N/A;N/A;N/A;N/A;N/A;N/A;N/A;N/A;N/A;N/A;N/A;N/A;N/A;N/A;N/A;N/A;N/A;N/A;N/A;N/A;N/A;N/A;N/A;N/A;N/A;N/A;N/A;N/A;N/A;N/A;N/A;N/A;N/A;N/A;N/A;N/A;N/A;N/A;N/A;N/A;N/A;N/A;N/A;N/A;N/A;N/A;N/A;N/A;N/A;N/A;N/A;N/A;N/A;N/A;N/A;N/A;N/A;N/A;N/A;N/A;N/A;N/A;N/A;N/A;N/A;N/A;N/A;N/A;N/A;N/A;N/A;N/A;N/A;N/A;N/A;N/A;N/A;N/A;N/A;N/A;N/A;N/A;N/A;N/A;Sí;Sí;Sí;N/A;N/A;N/A;N/A;N/A;N/A
Renault;Duster;Dynamique;2013;"197000 km";;"RIVEROAUTOMOTORES TACUAREMBÓ";11990;;;;;Tacuarembó;https://auto.mercadolibre.com.uy/MLU-644504505-renault-duster-dynamique-16-2013-impecable-_JM;N/A;;"Renault Duster Dynamique 1.6 2013 Impecable!";USD;Sí;silver;false;N/A;N/A;http://perfil.mercadolibre.com.uy/RIVEROAUTOMOTORES+TACUAREMB%C3%93;active;N/A;N/A;Usado;Negro;N/A;Hidráulica;N/A;Sí;N/A;N/A;N/A;N/A;N/A;N/A;N/A;N/A;N/A;N/A;N/A;Sí;N/A;N/A;N/A;N/A;N/A;N/A;N/A;N/A;N/A;N/A;N/A;N/A;N/A;"1600 cc";N/A;5;N/A;N/A;N/A;N/A;N/A;N/A;N/A;N/A;N/A;N/A;N/A;N/A;N/A;N/A;N/A;N/A;N/A;N/A;N/A;N/A;N/A;N/A;N/A;N/A;N/A;N/A;N/A;N/A;N/A;N/A;N/A;N/A;N/A;N/A;N/A;N/A;N/A;N/A;N/A;N/A;N/A;N/A;N/A;N/A;N/A;N/A;N/A;N/A;N/A;N/A;N/A;N/A;N/A;Dynamique;N/A;N/A;N/A;N/A;N/A;N/A;N/A;N/A;N/A;N/A;Sí;N/A;N/A;N/A;N/A;N/A;N/A;N/A;N/A;N/A;"Lun. a Vie. de 8 a 12 y de 14 a 19 hs. Sáb de 8 a 13 hs";5;1.6;Nafta;Manual;SUV;"Autos y camionetas";No;N/A;N/A;N/A;No;N/A;N/A;No;Sí;No;No;N/A;N/A;N/A;N/A;N/A;N/A;N/A;N/A;N/A;N/A;N/A;N/A;N/A;N/A;N/A;N/A;N/A;N/A;N/A;N/A;N/A;N/A;N/A;N/A;N/A;N/A;N/A;N/A;N/A;N/A;N/A;N/A;N/A;N/A;N/A;N/A;N/A;N/A;N/A;N/A;N/A;N/A;N/A;N/A;N/A;N/A;N/A;N/A;N/A;N/A;N/A;No;N/A;N/A;N/A;N/A;N/A;N/A;N/A;N/A;N/A;N/A;N/A;N/A;N/A;N/A;N/A;N/A;N/A;N/A;N/A;N/A;N/A;N/A;N/A;N/A;N/A;N/A;N/A;N/A;N/A;N/A;N/A;N/A;N/A;Sí;N/A;Sí;N/A;Sí;N/A;N/A;N/A;Sí;Sí;N/A;N/A;N/A;N/A;N/A;N/A;Sí;N/A;Sí;N/A;Sí;N/A;N/A;N/A;N/A;Sí
Renault;"Duster Oroch";"outsider 4x4";2024;"0 km";;RENAULTPUNTADELESTE;30000;;;;;"Punta del Este";https://auto.mercadolibre.com.uy/MLU-692102776-renault-oroch-outsider-4x4-_JM;N/A;;"Renault Oroch Outsider 4x4";usd;Sí;silver;false;N/A;N/A;http://perfil.mercadolibre.com.uy/RENAULTPUNTADELESTE;active;N/A;N/A;Nuevo;Rojo;N/A;Eléctrica;4x4;N/A;N/A;Sí;N/A;N/A;N/A;N/A;N/A;N/A;N/A;N/A;N/A;N/A;N/A;N/A;N/A;N/A;N/A;N/A;N/A;N/A;N/A;N/A;N/A;N/A;"2829 mm";"1.6 L";"50 L";5;N/A;N/A;N/A;N/A;N/A;N/A;N/A;N/A;N/A;N/A;N/A;N/A;N/A;N/A;N/A;N/A;N/A;N/A;N/A;N/A;N/A;N/A;N/A;N/A;N/A;N/A;N/A;N/A;N/A;N/A;N/A;N/A;N/A;N/A;N/A;N/A;N/A;N/A;N/A;N/A;N/A;N/A;N/A;N/A;N/A;"1683 mm";"4329 mm";N/A;N/A;N/A;N/A;5;"110 hp";Outsider;N/A;4;"1821 mm";"11.1 km/l";N/A;N/A;N/A;N/A;N/A;N/A;N/A;N/A;N/A;N/A;"10.4 km/l";N/A;N/A;N/A;N/A;N/A;"24 hs";4;1.3;Nafta;Manual;Pick-Up;"Autos y camionetas";N/A;N/A;N/A;N/A;N/A;N/A;UY;N/A;N/A;N/A;N/A;N/A;N/A;N/A;N/A;N/A;N/A;N/A;N/A;N/A;N/A;N/A;N/A;N/A;N/A;N/A;N/A;N/A;N/A;N/A;N/A;N/A;N/A;N/A;N/A;N/A;N/A;N/A;N/A;N/A;N/A;N/A;N/A;N/A;N/A;N/A;N/A;N/A;N/A;N/A;N/A;N/A;N/A;N/A;N/A;N/A;N/A;N/A;N/A;N/A;N/A;N/A;N/A;N/A;N/A;N/A;N/A;N/A;N/A;N/A;N/A;N/A;N/A;N/A;N/A;N/A;N/A;N/A;N/A;N/A;N/A;N/A;N/A;N/A;N/A;N/A;N/A;N/A;N/A;N/A;N/A;N/A;N/A;N/A;N/A;N/A;N/A;N/A;N/A;N/A;N/A;N/A;N/A;N/A;N/A;N/A;N/A;N/A;N/A;N/A;N/A;N/A;N/A;N/A;N/A;N/A;N/A;N/A;N/A;N/A;N/A;N/A
Renault;"Sandero Stepway";"1.6 Privilege Nav 105cv";2014;"135000 km";;"DELTACAR S.A.";11900;;;;;Mercedes;https://auto.mercadolibre.com.uy/MLU-702897728-renault-sandero-stepway-2014-16-privilege-nav-105cv-_JM;N/A;;"Renault Sandero Stepway 2014 1.6 Privilege Nav 105cv";usd;Sí;silver;false;N/A;N/A;http://perfil.mercadolibre.com.uy/DELTACAR+S.A.;active;N/A;N/A;Usado;N/A;N/A;Hidráulica;Delantera;N/A;N/A;Sí;N/A;N/A;N/A;N/A;N/A;N/A;N/A;N/A;N/A;N/A;N/A;N/A;N/A;N/A;N/A;N/A;N/A;N/A;N/A;N/A;N/A;N/A;"2588 mm";"1.6 L";"50 L";5;N/A;N/A;N/A;N/A;N/A;N/A;N/A;N/A;N/A;N/A;N/A;N/A;N/A;N/A;N/A;N/A;N/A;N/A;N/A;N/A;N/A;N/A;N/A;N/A;N/A;N/A;N/A;N/A;N/A;N/A;N/A;N/A;N/A;Sí;Sí;N/A;N/A;N/A;N/A;N/A;N/A;N/A;N/A;N/A;N/A;"1630 mm";"4091 mm";N/A;N/A;N/A;N/A;5;"105 hp";Privilege;N/A;4;"1751 mm";"9.3 km/l";N/A;N/A;N/A;Sí;N/A;N/A;Sí;N/A;N/A;N/A;"5.9 km/l";N/A;N/A;N/A;N/A;N/A;"TODOS LOS DIAS";5;1.6;Nafta;Manual;Hatchback;"Autos y camionetas";N/A;N/A;N/A;N/A;N/A;N/A;UY;N/A;N/A;N/A;N/A;N/A;N/A;N/A;N/A;N/A;N/A;N/A;N/A;N/A;N/A;N/A;N/A;N/A;N/A;N/A;N/A;N/A;N/A;N/A;N/A;N/A;N/A;N/A;N/A;N/A;N/A;N/A;N/A;N/A;N/A;N/A;N/A;N/A;N/A;N/A;N/A;N/A;N/A;N/A;N/A;N/A;N/A;N/A;N/A;N/A;N/A;N/A;N/A;N/A;N/A;N/A;N/A;N/A;N/A;N/A;N/A;N/A;N/A;N/A;N/A;N/A;N/A;N/A;N/A;N/A;N/A;N/A;N/A;N/A;N/A;N/A;N/A;N/A;N/A;N/A;N/A;N/A;N/A;N/A;N/A;N/A;N/A;N/A;N/A;N/A;N/A;N/A;N/A;N/A;N/A;N/A;N/A;N/A;N/A;N/A;N/A;N/A;N/A;N/A;N/A;N/A;Sí;N/A;N/A;N/A;N/A;N/A;N/A;Sí;N/A;N/A
Renault;Megane;"SCENIC RXE";2000;"1111 km";;AMAYASELECCIONADOS;6200;;;;;"Brazo Oriental";https://auto.mercadolibre.com.uy/MLU-693751034-renault-megane-scenic-rxe-_JM;N/A;;"Renault Megane Scenic Rxe ";USD;No;silver;false;N/A;N/A;http://perfil.mercadolibre.com.uy/AMAYASELECCIONADOS;active;N/A;N/A;Usado;Blanco;N/A;Hidráulica;Delantera;N/A;N/A;N/A;N/A;N/A;N/A;N/A;N/A;N/A;N/A;N/A;N/A;Sí;N/A;N/A;N/A;N/A;N/A;N/A;N/A;N/A;N/A;N/A;N/A;N/A;N/A;N/A;N/A;N/A;N/A;N/A;N/A;N/A;N/A;N/A;N/A;N/A;N/A;N/A;N/A;N/A;N/A;N/A;N/A;N/A;N/A;N/A;N/A;N/A;N/A;N/A;N/A;N/A;N/A;N/A;N/A;N/A;N/A;N/A;N/A;N/A;N/A;N/A;N/A;N/A;N/A;N/A;N/A;N/A;N/A;N/A;N/A;N/A;N/A;N/A;N/A;N/A;N/A;N/A;N/A;N/A;N/A;N/A;N/A;N/A;N/A;N/A;N/A;N/A;N/A;N/A;N/A;N/A;N/A;N/A;N/A;N/A;N/A;N/A;N/A;N/A;N/A;N/A;N/A;5;1.9;Nafta;Manual;SUV;"Autos y camionetas";N/A;N/A;N/A;N/A;N/A;N/A;N/A;N/A;N/A;N/A;N/A;N/A;N/A;N/A;N/A;N/A;N/A;N/A;N/A;N/A;N/A;N/A;N/A;N/A;N/A;N/A;N/A;N/A;N/A;N/A;N/A;N/A;N/A;N/A;N/A;N/A;N/A;N/A;N/A;N/A;N/A;N/A;N/A;N/A;N/A;N/A;N/A;N/A;N/A;N/A;N/A;N/A;N/A;N/A;N/A;N/A;N/A;N/A;N/A;N/A;N/A;N/A;N/A;N/A;N/A;N/A;N/A;N/A;N/A;N/A;N/A;N/A;N/A;N/A;N/A;N/A;N/A;N/A;N/A;N/A;N/A;N/A;N/A;N/A;N/A;N/A;N/A;N/A;N/A;N/A;N/A;N/A;N/A;N/A;N/A;N/A;N/A;Sí;N/A;N/A;N/A;N/A;N/A;N/A;N/A;N/A;N/A;N/A;N/A;N/A;N/A;N/A;N/A;N/A;N/A;N/A;N/A;N/A;N/A;N/A;N/A;N/A
Renault;Kangoo;"Fase 2";2017;"97000 km";;"AUTOMAX URUGUAY";9500;;;;;"Ciudad de la Costa";https://auto.mercadolibre.com.uy/MLU-699898476-renault-kangoo-fase-2-2017-_JM;N/A;;"Renault Kangoo Fase 2 2017";USD;Sí;silver;false;N/A;N/A;http://perfil.mercadolibre.com.uy/AUTOMAX+URUGUAY;active;N/A;N/A;Usado;"Gris oscuro";Sí;Mecánica;N/A;N/A;N/A;N/A;N/A;N/A;N/A;N/A;N/A;N/A;N/A;Sí;N/A;N/A;N/A;N/A;N/A;N/A;N/A;N/A;N/A;N/A;N/A;N/A;N/A;N/A;N/A;"1600 cc";N/A;N/A;N/A;N/A;N/A;N/A;N/A;N/A;N/A;N/A;N/A;N/A;N/A;N/A;N/A;N/A;N/A;N/A;N/A;N/A;N/A;N/A;N/A;N/A;N/A;N/A;N/A;N/A;N/A;N/A;N/A;N/A;N/A;N/A;N/A;N/A;N/A;N/A;N/A;N/A;N/A;N/A;N/A;N/A;N/A;N/A;N/A;N/A;N/A;N/A;N/A;N/A;N/A;N/A;N/A;N/A;N/A;N/A;N/A;N/A;N/A;N/A;N/A;Sí;N/A;N/A;N/A;N/A;N/A;N/A;N/A;N/A;N/A;N/A;N/A;N/A;"Lun. a Vier. - 09:30 a 19:00hs. Sab. 09:30 a 13:00";3;1.6;Nafta;Manual;Furgón;"Autos y camionetas";No;N/A;N/A;N/A;No;N/A;N/A;No;Sí;No;No;N/A;N/A;N/A;N/A;N/A;N/A;N/A;N/A;N/A;N/A;N/A;N/A;N/A;N/A;N/A;N/A;N/A;N/A;N/A;N/A;N/A;N/A;N/A;N/A;N/A;N/A;N/A;N/A;N/A;N/A;N/A;N/A;N/A;N/A;N/A;N/A;N/A;N/A;N/A;N/A;N/A;N/A;N/A;N/A;N/A;N/A;N/A;N/A;N/A;N/A;N/A;No;N/A;N/A;N/A;N/A;N/A;N/A;N/A;N/A;N/A;N/A;N/A;N/A;N/A;N/A;N/A;N/A;N/A;N/A;N/A;N/A;N/A;N/A;N/A;N/A;N/A;N/A;N/A;N/A;N/A;N/A;N/A;N/A;N/A;N/A;N/A;N/A;N/A;Sí;N/A;N/A;N/A;N/A;Sí;N/A;N/A;N/A;N/A;N/A;N/A;N/A;N/A;Sí;N/A;N/A;N/A;N/A;Sí;N/A;Sí
Renault;Duster;"2.0 4x4 Luxe 138cv";2013;"150000 km";;PUNTO-CARRASCO;12990;;;;;Shangrilá;https://auto.mercadolibre.com.uy/MLU-697389848-renault-duster-20-4x4-full-financio-permuto-_JM;N/A;;"Renault Duster 2.0 4x4 Full - Financio / Permuto";usd;Sí;silver;false;N/A;N/A;http://perfil.mercadolibre.com.uy/PUNTO-CARRASCO;active;N/A;N/A;Usado;Plateado;N/A;Hidráulica;4x4;Sí;Sí;Sí;N/A;N/A;N/A;N/A;N/A;N/A;N/A;N/A;Sí;Sí;N/A;N/A;N/A;N/A;N/A;N/A;N/A;N/A;N/A;N/A;N/A;N/A;"2673 mm";"2 L";"50 L";6;N/A;N/A;N/A;N/A;N/A;N/A;N/A;N/A;N/A;N/A;N/A;N/A;N/A;N/A;N/A;N/A;N/A;N/A;N/A;N/A;N/A;N/A;N/A;N/A;N/A;N/A;N/A;N/A;N/A;N/A;N/A;N/A;N/A;Sí;Sí;N/A;N/A;N/A;N/A;N/A;N/A;N/A;N/A;N/A;N/A;"1695 mm";"4315 mm";N/A;N/A;N/A;N/A;5;"138 hp";Luxe;N/A;4;"1822 mm";"10.2 km/l";N/A;N/A;N/A;Sí;N/A;N/A;Sí;N/A;N/A;N/A;N/A;N/A;N/A;N/A;N/A;N/A;N/A;5;2.0;Nafta;Manual;SUV;"Autos y camionetas";N/A;N/A;N/A;N/A;N/A;N/A;UY;N/A;N/A;N/A;N/A;N/A;N/A;N/A;N/A;N/A;N/A;N/A;N/A;N/A;N/A;N/A;N/A;N/A;N/A;N/A;N/A;N/A;N/A;N/A;N/A;N/A;N/A;N/A;N/A;N/A;N/A;N/A;N/A;N/A;N/A;N/A;N/A;N/A;N/A;N/A;N/A;N/A;N/A;N/A;N/A;N/A;N/A;N/A;N/A;N/A;N/A;N/A;N/A;N/A;N/A;N/A;N/A;N/A;N/A;N/A;N/A;N/A;N/A;N/A;N/A;N/A;N/A;N/A;N/A;N/A;N/A;N/A;N/A;N/A;N/A;N/A;N/A;N/A;N/A;N/A;N/A;N/A;N/A;N/A;N/A;N/A;N/A;N/A;N/A;N/A;Sí;N/A;Sí;N/A;N/A;N/A;N/A;N/A;N/A;Sí;N/A;N/A;N/A;N/A;N/A;N/A;Sí;N/A;Sí;Sí;Sí;N/A;N/A;N/A;N/A;N/A
Renault;Fluence;"2.0 Privilege Cvt";2012;"150000 km";;PUNTO-CARRASCO;10990;;;;;Shangrilá;https://auto.mercadolibre.com.uy/MLU-697324714-renault-fluence-20-privilege-at-financio-permuto-_JM;N/A;;"Renault Fluence 2.0 Privilege At - Financio / Permuto";usd;Sí;silver;false;N/A;N/A;http://perfil.mercadolibre.com.uy/PUNTO-CARRASCO;active;N/A;N/A;Usado;Gris;N/A;Eléctrica;Delantera;Sí;Sí;Sí;N/A;N/A;N/A;N/A;N/A;Sí;N/A;N/A;N/A;Sí;N/A;N/A;N/A;N/A;N/A;N/A;N/A;N/A;N/A;N/A;N/A;N/A;"2700 mm";"2 L";"60 L";6;N/A;N/A;N/A;N/A;N/A;N/A;N/A;N/A;N/A;Sí;N/A;N/A;N/A;N/A;N/A;N/A;N/A;N/A;N/A;N/A;N/A;N/A;N/A;N/A;N/A;N/A;N/A;N/A;N/A;N/A;N/A;N/A;N/A;Sí;Sí;Sí;N/A;N/A;N/A;N/A;N/A;N/A;N/A;N/A;N/A;"1479 mm";"4618 mm";N/A;N/A;N/A;N/A;5;"143 hp";Privilege;N/A;4;"1810 mm";"11 km/l";Sí;N/A;N/A;Sí;N/A;N/A;Sí;N/A;Sí;N/A;"6.2 km/l";N/A;N/A;N/A;N/A;N/A;N/A;4;2.0;Nafta;Automática;Sedán;"Autos y camionetas";N/A;N/A;N/A;N/A;N/A;N/A;UY;N/A;N/A;N/A;N/A;N/A;N/A;N/A;N/A;N/A;N/A;N/A;N/A;N/A;N/A;N/A;N/A;N/A;N/A;N/A;N/A;N/A;N/A;N/A;N/A;N/A;N/A;N/A;N/A;N/A;N/A;N/A;N/A;N/A;N/A;N/A;N/A;N/A;N/A;N/A;N/A;N/A;N/A;N/A;N/A;N/A;N/A;N/A;N/A;N/A;N/A;N/A;N/A;N/A;N/A;N/A;N/A;N/A;N/A;N/A;N/A;N/A;N/A;N/A;N/A;N/A;N/A;N/A;N/A;N/A;N/A;N/A;N/A;N/A;N/A;N/A;N/A;N/A;N/A;N/A;N/A;N/A;N/A;N/A;N/A;N/A;N/A;N/A;N/A;N/A;Sí;N/A;Sí;N/A;N/A;N/A;N/A;N/A;N/A;N/A;Sí;N/A;N/A;N/A;N/A;N/A;Sí;N/A;Sí;N/A;N/A;N/A;N/A;Sí;N/A;N/A
Renault;Kwid;Intens;2024;"0 km";;SEREYCIA.;15490;;;;;Durazno;https://auto.mercadolibre.com.uy/MLU-639199247-renault-kwid-intens-10-2024-0km-_JM;N/A;;"Renault Kwid Intens 1.0 2024 0km";usd;Sí;silver;false;N/A;N/A;http://perfil.mercadolibre.com.uy/SEREYCIA.;active;N/A;N/A;Nuevo;Negro;N/A;Eléctrica;N/A;Sí;Sí;Sí;N/A;N/A;N/A;Sí;N/A;N/A;N/A;Sí;N/A;Sí;N/A;N/A;N/A;N/A;N/A;N/A;N/A;N/A;N/A;N/A;N/A;N/A;N/A;"1000 cc";N/A;N/A;N/A;N/A;N/A;N/A;N/A;N/A;N/A;N/A;N/A;N/A;N/A;N/A;N/A;N/A;N/A;N/A;N/A;N/A;N/A;N/A;N/A;N/A;N/A;N/A;N/A;Sí;N/A;N/A;N/A;N/A;N/A;N/A;N/A;N/A;N/A;N/A;Sí;N/A;N/A;N/A;N/A;N/A;N/A;N/A;N/A;N/A;N/A;N/A;N/A;N/A;N/A;N/A;N/A;N/A;N/A;N/A;N/A;N/A;N/A;N/A;N/A;Sí;N/A;Sí;Sí;Sí;N/A;N/A;N/A;N/A;N/A;N/A;N/A;Sí;"Lun. a Vie. 8:30 a 12 y 14 a 19 hs. Sáb. 8:30 a 12 hs.";5;1.0;Nafta;Manual;Hatchback;"Autos y camionetas";No;N/A;N/A;N/A;No;N/A;UY;No;Sí;No;No;N/A;N/A;N/A;N/A;N/A;N/A;N/A;N/A;N/A;N/A;N/A;N/A;N/A;N/A;N/A;N/A;N/A;N/A;N/A;N/A;N/A;N/A;N/A;N/A;N/A;N/A;N/A;N/A;N/A;N/A;N/A;N/A;Sí;N/A;N/A;N/A;N/A;N/A;N/A;N/A;N/A;N/A;N/A;N/A;N/A;N/A;N/A;N/A;N/A;N/A;Sí;No;N/A;N/A;N/A;N/A;N/A;N/A;N/A;N/A;N/A;N/A;N/A;N/A;N/A;N/A;N/A;N/A;N/A;N/A;N/A;N/A;N/A;N/A;N/A;N/A;N/A;N/A;N/A;N/A;N/A;N/A;N/A;N/A;N/A;Sí;N/A;N/A;N/A;Sí;Sí;Sí;N/A;N/A;Sí;N/A;N/A;N/A;N/A;Sí;N/A;Sí;N/A;Sí;Sí;Sí;N/A;N/A;Sí;N/A;Sí
Renault;Clio;"0.9 Iv Fase Ii Turbo Dynamique";2017;"123000 km";;"AMAYA PEUGEOT";16490;;;;;"La Blanqueada";https://auto.mercadolibre.com.uy/MLU-692174524-renault-clio-iv-turbo-amaya-motors-_JM;N/A;;"Renault Clio Iv Turbo Amaya Motors";usd;Sí;silver;false;N/A;N/A;http://perfil.mercadolibre.com.uy/AMAYA+PEUGEOT;active;N/A;N/A;Usado;Plateado;N/A;Hidráulica;Delantera;N/A;N/A;Sí;N/A;N/A;N/A;N/A;N/A;N/A;N/A;N/A;N/A;N/A;N/A;N/A;N/A;N/A;N/A;N/A;N/A;N/A;N/A;N/A;N/A;N/A;"2472 mm";"0.9 L";"50 L";5;N/A;N/A;N/A;N/A;N/A;N/A;N/A;N/A;N/A;N/A;N/A;N/A;N/A;N/A;N/A;N/A;N/A;N/A;N/A;N/A;N/A;N/A;N/A;N/A;N/A;N/A;N/A;N/A;N/A;N/A;N/A;N/A;N/A;N/A;N/A;N/A;N/A;N/A;N/A;N/A;N/A;N/A;N/A;N/A;N/A;"1417 mm";"3811 mm";N/A;N/A;N/A;N/A;5;"90 hp";Authentique;N/A;4;"1639 mm";N/A;N/A;N/A;N/A;N/A;N/A;N/A;N/A;N/A;N/A;N/A;N/A;N/A;N/A;N/A;N/A;N/A;N/A;3;0.9;Nafta;Manual;Hatchback;"Autos y camionetas";N/A;N/A;N/A;N/A;N/A;N/A;UY;N/A;N/A;N/A;N/A;N/A;N/A;N/A;N/A;N/A;N/A;N/A;N/A;N/A;N/A;N/A;N/A;N/A;N/A;N/A;N/A;N/A;N/A;N/A;N/A;N/A;N/A;N/A;N/A;N/A;N/A;N/A;N/A;N/A;N/A;N/A;N/A;N/A;N/A;N/A;N/A;N/A;N/A;N/A;N/A;N/A;N/A;N/A;N/A;N/A;N/A;N/A;N/A;N/A;N/A;N/A;N/A;N/A;N/A;N/A;N/A;N/A;N/A;N/A;N/A;N/A;N/A;N/A;N/A;N/A;N/A;N/A;N/A;N/A;N/A;N/A;N/A;N/A;N/A;N/A;N/A;N/A;N/A;N/A;N/A;N/A;N/A;N/A;N/A;N/A;N/A;N/A;N/A;N/A;N/A;N/A;N/A;N/A;N/A;N/A;N/A;N/A;N/A;N/A;N/A;N/A;N/A;N/A;N/A;N/A;N/A;N/A;N/A;N/A;N/A;N/A
Renault;Logan;"1.6 Authentique 85cv";2019;"108000 km";;"NICOLASTEJERA AUTOMOVILES";13000;;;;;Tala;https://auto.mercadolibre.com.uy/MLU-647151963-renault-logan-2019-16-authentique-85cv-_JM;N/A;;"Renault Logan 2019 1.6 Authentique 85cv";usd;Sí;silver;false;N/A;N/A;http://perfil.mercadolibre.com.uy/NICOLASTEJERA+AUTOMOVILES;active;N/A;N/A;Usado;Rojo;N/A;Hidráulica;Delantera;N/A;N/A;N/A;N/A;N/A;N/A;N/A;N/A;N/A;N/A;N/A;N/A;N/A;N/A;N/A;N/A;N/A;N/A;N/A;N/A;N/A;N/A;N/A;N/A;N/A;"2635 mm";"1.6 L";"50 L";5;N/A;N/A;N/A;N/A;N/A;N/A;N/A;N/A;N/A;N/A;N/A;N/A;N/A;N/A;N/A;N/A;N/A;N/A;N/A;N/A;N/A;N/A;N/A;N/A;N/A;N/A;N/A;N/A;N/A;N/A;N/A;N/A;N/A;N/A;N/A;N/A;N/A;N/A;N/A;N/A;N/A;N/A;N/A;N/A;N/A;"1529 mm";"4350 mm";N/A;N/A;N/A;N/A;5;"85 hp";Authentique;N/A;2;"1733 mm";"12.5 km/l";N/A;N/A;N/A;N/A;N/A;N/A;N/A;N/A;N/A;N/A;N/A;N/A;N/A;N/A;N/A;N/A;N/A;4;1.6;Nafta;Manual;Sedán;"Autos y camionetas";N/A;N/A;N/A;N/A;N/A;N/A;UY;N/A;N/A;N/A;N/A;N/A;N/A;N/A;N/A;N/A;N/A;N/A;N/A;N/A;N/A;N/A;N/A;N/A;N/A;N/A;N/A;N/A;N/A;N/A;N/A;N/A;N/A;N/A;N/A;N/A;N/A;N/A;N/A;N/A;N/A;N/A;N/A;N/A;N/A;N/A;N/A;N/A;N/A;N/A;N/A;N/A;N/A;N/A;N/A;N/A;N/A;N/A;N/A;N/A;N/A;N/A;N/A;N/A;N/A;N/A;N/A;N/A;N/A;N/A;N/A;N/A;N/A;N/A;N/A;N/A;N/A;N/A;N/A;N/A;N/A;N/A;N/A;N/A;N/A;N/A;N/A;N/A;N/A;N/A;N/A;N/A;N/A;N/A;N/A;N/A;N/A;N/A;N/A;N/A;N/A;N/A;N/A;N/A;N/A;N/A;N/A;N/A;N/A;N/A;N/A;N/A;N/A;N/A;N/A;N/A;N/A;N/A;N/A;N/A;N/A;N/A
Renault;Kwid;"1.0 Sce 66cv Intense";2024;"0 km";;RENAULTPUNTADELESTE;15600;;;;;"Punta del Este";https://auto.mercadolibre.com.uy/MLU-672492320-nuevo-renault-kwid-intense-_JM;N/A;;"Nuevo Renault Kwid Intense";usd;Sí;silver;false;N/A;N/A;http://perfil.mercadolibre.com.uy/RENAULTPUNTADELESTE;active;N/A;N/A;Nuevo;Negro;N/A;N/A;Delantera;N/A;N/A;Sí;N/A;N/A;N/A;N/A;N/A;N/A;N/A;N/A;N/A;N/A;N/A;N/A;N/A;N/A;N/A;N/A;N/A;N/A;N/A;N/A;N/A;N/A;"2423 mm";"1 L";"50 L";5;N/A;N/A;N/A;N/A;N/A;N/A;N/A;N/A;N/A;N/A;N/A;N/A;N/A;N/A;N/A;N/A;N/A;N/A;N/A;N/A;N/A;N/A;N/A;N/A;N/A;N/A;N/A;N/A;N/A;N/A;N/A;N/A;N/A;N/A;N/A;N/A;N/A;N/A;N/A;N/A;N/A;N/A;N/A;N/A;N/A;"1474 mm";"3680 mm";N/A;N/A;N/A;N/A;5;"66 hp";Intense;N/A;4;"1752 mm";N/A;N/A;N/A;N/A;N/A;N/A;N/A;N/A;N/A;N/A;N/A;N/A;N/A;N/A;N/A;N/A;N/A;"24 hs";5;1.0;Nafta;Manual;Hatchback;"Autos y camionetas";N/A;N/A;N/A;N/A;N/A;N/A;UY;N/A;N/A;N/A;N/A;N/A;N/A;N/A;N/A;N/A;N/A;N/A;N/A;N/A;N/A;N/A;N/A;N/A;N/A;N/A;N/A;N/A;N/A;N/A;N/A;N/A;N/A;N/A;N/A;N/A;N/A;N/A;N/A;N/A;N/A;N/A;N/A;N/A;N/A;N/A;N/A;N/A;N/A;N/A;N/A;N/A;N/A;N/A;N/A;N/A;N/A;N/A;N/A;N/A;N/A;N/A;N/A;N/A;N/A;N/A;N/A;N/A;N/A;N/A;N/A;N/A;N/A;N/A;N/A;N/A;N/A;N/A;N/A;N/A;N/A;N/A;N/A;N/A;N/A;N/A;N/A;N/A;N/A;N/A;N/A;N/A;N/A;N/A;N/A;N/A;N/A;N/A;N/A;N/A;N/A;N/A;N/A;N/A;N/A;N/A;N/A;N/A;N/A;N/A;N/A;N/A;N/A;N/A;N/A;N/A;N/A;N/A;N/A;N/A;N/A;N/A
Renault;Master;"2.3 L1h1 Aa";2024;"0 km";;RENAULTPUNTADELESTE;38000;;;;;"Punta del Este";https://auto.mercadolibre.com.uy/MLU-670893376-renault-master-23-l1h1-0km-_JM;N/A;;"Renault Master 2.3 L1h1 0km";usd;Sí;silver;false;N/A;N/A;http://perfil.mercadolibre.com.uy/RENAULTPUNTADELESTE;active;N/A;N/A;Nuevo;Blanco;N/A;N/A;Delantera;Sí;N/A;N/A;N/A;N/A;N/A;N/A;N/A;N/A;N/A;N/A;N/A;N/A;N/A;N/A;N/A;N/A;N/A;N/A;N/A;N/A;N/A;N/A;N/A;N/A;"3578 mm";"2.3 L";"100 L";6;N/A;N/A;N/A;N/A;N/A;N/A;N/A;N/A;N/A;N/A;N/A;N/A;N/A;N/A;N/A;N/A;N/A;N/A;N/A;N/A;N/A;N/A;N/A;N/A;N/A;N/A;N/A;N/A;N/A;N/A;N/A;N/A;N/A;N/A;N/A;N/A;N/A;N/A;N/A;N/A;N/A;N/A;N/A;N/A;N/A;"2303 mm";"5048 mm";N/A;N/A;N/A;N/A;3;"130 hp";2.3;N/A;4;"1990 mm";N/A;N/A;N/A;N/A;N/A;N/A;N/A;N/A;N/A;N/A;N/A;N/A;N/A;N/A;N/A;N/A;N/A;24;3;2.3;Diésel;Manual;Furgón;"Autos y camionetas";N/A;N/A;N/A;N/A;N/A;N/A;UY;N/A;N/A;N/A;N/A;N/A;N/A;N/A;N/A;N/A;N/A;N/A;N/A;N/A;N/A;N/A;N/A;N/A;N/A;N/A;N/A;N/A;N/A;N/A;N/A;N/A;N/A;N/A;N/A;N/A;N/A;N/A;N/A;N/A;N/A;N/A;N/A;N/A;N/A;N/A;N/A;N/A;N/A;N/A;N/A;N/A;N/A;N/A;N/A;N/A;N/A;N/A;N/A;N/A;N/A;N/A;N/A;N/A;N/A;N/A;N/A;N/A;N/A;N/A;N/A;N/A;N/A;N/A;N/A;N/A;N/A;N/A;N/A;N/A;N/A;N/A;N/A;N/A;N/A;N/A;N/A;N/A;N/A;N/A;N/A;N/A;N/A;N/A;N/A;N/A;N/A;N/A;N/A;N/A;N/A;N/A;N/A;N/A;N/A;N/A;N/A;N/A;N/A;N/A;N/A;N/A;N/A;N/A;N/A;N/A;N/A;N/A;N/A;N/A;N/A;N/A
Renault;Kwid;Zen;2025;"0 km";;SEREYCIA.;14490;;;;;Durazno;https://auto.mercadolibre.com.uy/MLU-704437420-renault-kwid-zen-10-2023-0km-_JM;N/A;;"Renault Kwid Zen 1.0 2023 0km";usd;Sí;silver;false;N/A;N/A;http://perfil.mercadolibre.com.uy/SEREYCIA.;active;N/A;N/A;Nuevo;Azul;N/A;Eléctrica;N/A;Sí;Sí;N/A;N/A;N/A;N/A;Sí;N/A;N/A;N/A;Sí;N/A;Sí;N/A;N/A;N/A;N/A;N/A;N/A;N/A;N/A;N/A;N/A;N/A;N/A;N/A;"1000 cc";N/A;5;N/A;N/A;N/A;N/A;N/A;N/A;N/A;N/A;N/A;N/A;N/A;N/A;N/A;N/A;N/A;N/A;N/A;N/A;N/A;N/A;N/A;N/A;N/A;N/A;N/A;Sí;N/A;N/A;N/A;N/A;N/A;N/A;N/A;N/A;N/A;N/A;N/A;N/A;N/A;N/A;N/A;N/A;N/A;N/A;N/A;N/A;N/A;N/A;N/A;N/A;N/A;N/A;N/A;Zen;N/A;N/A;N/A;N/A;N/A;N/A;N/A;Sí;N/A;Sí;Sí;Sí;N/A;N/A;N/A;N/A;N/A;N/A;N/A;Sí;"Lun. a Vie. 8:30 a 12 y 14 a 19 hs. Sáb. 8:30 a 12 hs.";5;1.0;Nafta;Manual;Hatchback;"Autos y camionetas";No;N/A;N/A;N/A;No;N/A;UY;No;Sí;No;No;N/A;N/A;N/A;N/A;N/A;N/A;N/A;N/A;N/A;N/A;N/A;N/A;N/A;N/A;N/A;N/A;N/A;N/A;N/A;N/A;N/A;N/A;N/A;N/A;N/A;N/A;N/A;N/A;N/A;N/A;N/A;N/A;Sí;N/A;N/A;N/A;N/A;N/A;N/A;N/A;N/A;N/A;N/A;N/A;N/A;N/A;N/A;N/A;N/A;N/A;Sí;No;N/A;N/A;N/A;N/A;N/A;N/A;N/A;N/A;N/A;N/A;N/A;N/A;N/A;N/A;N/A;N/A;N/A;N/A;N/A;N/A;N/A;N/A;N/A;N/A;N/A;N/A;N/A;N/A;N/A;N/A;N/A;N/A;N/A;Sí;N/A;N/A;N/A;Sí;N/A;Sí;N/A;N/A;Sí;N/A;N/A;N/A;N/A;Sí;N/A;N/A;N/A;Sí;Sí;Sí;N/A;N/A;N/A;N/A;Sí
Renault;Megane;"1.6 Bic Pack Plus";2008;"180000 km";;JHMOTORS_;7700;;;;;Toledo;https://auto.mercadolibre.com.uy/MLU-706195094-renault-megane-16-bic-pack-plus-_JM;N/A;;"Renault Megane 1.6 Bic Pack Plus";usd;Sí;silver;false;N/A;N/A;http://perfil.mercadolibre.com.uy/JHMOTORS_;active;N/A;N/A;Usado;Gris;N/A;Hidráulica;Delantera;N/A;N/A;N/A;N/A;N/A;N/A;N/A;N/A;N/A;N/A;N/A;N/A;N/A;N/A;N/A;N/A;N/A;N/A;N/A;N/A;N/A;N/A;N/A;N/A;N/A;"2686 mm";"1.6 L";"60 L";5;N/A;N/A;N/A;N/A;N/A;N/A;N/A;N/A;N/A;N/A;N/A;N/A;N/A;N/A;N/A;N/A;N/A;N/A;N/A;N/A;N/A;N/A;N/A;N/A;N/A;N/A;N/A;N/A;N/A;N/A;N/A;N/A;N/A;Sí;N/A;N/A;N/A;N/A;N/A;N/A;N/A;N/A;N/A;N/A;N/A;"1435 mm";"4164 mm";N/A;N/A;N/A;N/A;5;"110 hp";"Pack Plus";N/A;4;"1777 mm";N/A;N/A;N/A;N/A;Sí;N/A;N/A;N/A;N/A;N/A;N/A;N/A;N/A;N/A;N/A;N/A;N/A;N/A;5;1.6;Nafta;Manual;Hatchback;"Autos y camionetas";N/A;N/A;N/A;N/A;N/A;N/A;UY;N/A;N/A;N/A;N/A;N/A;N/A;N/A;N/A;N/A;N/A;N/A;N/A;N/A;N/A;N/A;N/A;N/A;N/A;N/A;N/A;N/A;N/A;N/A;N/A;N/A;N/A;N/A;N/A;N/A;N/A;N/A;N/A;N/A;N/A;N/A;N/A;N/A;N/A;N/A;N/A;N/A;N/A;N/A;N/A;N/A;N/A;N/A;N/A;N/A;N/A;N/A;N/A;N/A;N/A;N/A;N/A;N/A;N/A;N/A;N/A;N/A;N/A;N/A;N/A;N/A;N/A;N/A;N/A;N/A;N/A;N/A;N/A;N/A;N/A;N/A;N/A;N/A;N/A;N/A;N/A;N/A;N/A;N/A;N/A;N/A;N/A;N/A;N/A;N/A;N/A;N/A;N/A;N/A;N/A;N/A;N/A;N/A;N/A;N/A;N/A;N/A;N/A;N/A;N/A;N/A;N/A;N/A;N/A;N/A;N/A;N/A;N/A;N/A;N/A;N/A
Renault;Kwid;Iconic;2020;"80000 km";;MARMOTORSCENTRO1867;11990;;;;;Centro;https://auto.mercadolibre.com.uy/MLU-706175296-renaul-kwid-iconic-_JM;N/A;;"Renaul Kwid Iconic";USD;Sí;silver;false;N/A;N/A;http://perfil.mercadolibre.com.uy/MARMOTORSCENTRO1867;active;N/A;N/A;Usado;Blanco;N/A;N/A;N/A;N/A;N/A;N/A;N/A;N/A;N/A;N/A;N/A;N/A;N/A;N/A;N/A;N/A;N/A;N/A;N/A;N/A;N/A;N/A;N/A;N/A;N/A;N/A;N/A;N/A;N/A;N/A;N/A;N/A;N/A;N/A;N/A;N/A;N/A;N/A;N/A;N/A;N/A;N/A;N/A;N/A;N/A;N/A;N/A;N/A;N/A;N/A;N/A;N/A;N/A;N/A;N/A;N/A;N/A;N/A;N/A;N/A;N/A;N/A;N/A;N/A;N/A;N/A;N/A;N/A;N/A;N/A;N/A;N/A;N/A;N/A;N/A;N/A;N/A;N/A;N/A;N/A;N/A;N/A;N/A;N/A;N/A;N/A;N/A;N/A;N/A;N/A;N/A;N/A;N/A;N/A;N/A;N/A;N/A;N/A;N/A;N/A;N/A;N/A;N/A;N/A;N/A;N/A;N/A;5;N/A;Nafta;N/A;N/A;"Autos y camionetas";N/A;N/A;N/A;N/A;N/A;N/A;N/A;N/A;N/A;N/A;N/A;N/A;N/A;N/A;N/A;N/A;N/A;N/A;N/A;N/A;N/A;N/A;N/A;N/A;N/A;N/A;N/A;N/A;N/A;N/A;N/A;N/A;N/A;N/A;N/A;N/A;N/A;N/A;N/A;N/A;N/A;N/A;N/A;N/A;N/A;N/A;N/A;N/A;N/A;N/A;N/A;N/A;N/A;N/A;N/A;N/A;N/A;N/A;N/A;N/A;N/A;N/A;N/A;N/A;N/A;N/A;N/A;N/A;N/A;N/A;N/A;N/A;N/A;N/A;N/A;N/A;N/A;N/A;N/A;N/A;N/A;N/A;N/A;N/A;N/A;N/A;N/A;N/A;N/A;N/A;N/A;N/A;N/A;N/A;N/A;N/A;N/A;N/A;N/A;N/A;N/A;N/A;N/A;N/A;N/A;N/A;N/A;N/A;N/A;N/A;N/A;N/A;N/A;N/A;N/A;N/A;N/A;N/A;N/A;N/A;N/A;N/A
Renault;Clio;"1.2 Iv Fase Ii Authentique";2017;"178072 km";;"NICOLASTEJERA AUTOMOVILES";13500;;;;;Tala;https://auto.mercadolibre.com.uy/MLU-706161848-renault-clio-12-iv-fase-ii-authentique-_JM;N/A;;"Renault Clio 1.2 Iv Fase Ii Authentique";usd;Sí;silver;false;N/A;N/A;http://perfil.mercadolibre.com.uy/NICOLASTEJERA+AUTOMOVILES;active;N/A;N/A;Usado;Blanco;N/A;Hidráulica;Delantera;N/A;N/A;Sí;N/A;N/A;N/A;N/A;N/A;N/A;N/A;N/A;N/A;N/A;N/A;N/A;N/A;N/A;N/A;N/A;N/A;N/A;N/A;N/A;N/A;N/A;"2472 mm";"1.2 L";"50 L";5;N/A;N/A;N/A;N/A;N/A;N/A;N/A;N/A;N/A;N/A;N/A;N/A;N/A;N/A;N/A;N/A;N/A;N/A;N/A;N/A;N/A;N/A;N/A;N/A;N/A;N/A;N/A;N/A;N/A;N/A;N/A;N/A;N/A;N/A;N/A;N/A;N/A;N/A;N/A;N/A;N/A;N/A;N/A;N/A;N/A;"1417 mm";"3811 mm";N/A;N/A;N/A;N/A;5;"75 hp";Authentique;N/A;4;"1639 mm";N/A;N/A;N/A;N/A;N/A;N/A;N/A;N/A;N/A;N/A;N/A;N/A;N/A;N/A;N/A;N/A;N/A;N/A;3;1.2;Nafta;Manual;Hatchback;"Autos y camionetas";N/A;N/A;N/A;N/A;N/A;N/A;UY;N/A;N/A;N/A;N/A;N/A;N/A;N/A;N/A;N/A;N/A;N/A;N/A;N/A;N/A;N/A;N/A;N/A;N/A;N/A;N/A;N/A;N/A;N/A;N/A;N/A;N/A;N/A;N/A;N/A;N/A;N/A;N/A;N/A;N/A;N/A;N/A;N/A;N/A;N/A;N/A;N/A;N/A;N/A;N/A;N/A;N/A;N/A;N/A;N/A;N/A;N/A;N/A;N/A;N/A;N/A;N/A;N/A;N/A;N/A;N/A;N/A;N/A;N/A;N/A;N/A;N/A;N/A;N/A;N/A;N/A;N/A;N/A;N/A;N/A;N/A;N/A;N/A;N/A;N/A;N/A;N/A;N/A;N/A;N/A;N/A;N/A;N/A;N/A;N/A;N/A;N/A;N/A;N/A;N/A;N/A;N/A;N/A;N/A;N/A;N/A;N/A;N/A;N/A;N/A;N/A;N/A;N/A;N/A;N/A;N/A;N/A;N/A;N/A;N/A;N/A
Renault;Oroch;"Dynamique 2.0 4x4";2020;"90000 km";;DIAMANTIS-CARS;15990;;;;;Malvin;https://auto.mercadolibre.com.uy/MLU-705892704-renault-oroch-dynamique-20-4x4-_JM;N/A;;"Renault Oroch Dynamique 2.0 4x4";USD;Sí;silver;false;N/A;N/A;http://perfil.mercadolibre.com.uy/DIAMANTIS-CARS;active;N/A;N/A;Usado;Blanco;No;N/A;N/A;Sí;N/A;N/A;N/A;N/A;N/A;N/A;N/A;No;N/A;N/A;Sí;N/A;N/A;N/A;N/A;N/A;N/A;N/A;N/A;N/A;N/A;N/A;N/A;N/A;N/A;N/A;N/A;N/A;N/A;N/A;N/A;N/A;N/A;N/A;N/A;N/A;N/A;N/A;N/A;N/A;N/A;N/A;N/A;N/A;N/A;N/A;N/A;N/A;N/A;N/A;N/A;N/A;N/A;N/A;N/A;N/A;N/A;N/A;N/A;N/A;N/A;N/A;N/A;N/A;N/A;N/A;N/A;N/A;N/A;N/A;N/A;N/A;N/A;N/A;N/A;N/A;N/A;N/A;N/A;N/A;N/A;N/A;N/A;N/A;N/A;N/A;N/A;N/A;N/A;N/A;N/A;N/A;N/A;N/A;N/A;N/A;N/A;Sí;Sí;N/A;N/A;N/A;"Lunes a Viernes 10 a 18hs";5;N/A;Nafta;N/A;N/A;"Autos y camionetas";N/A;N/A;N/A;N/A;N/A;N/A;N/A;N/A;N/A;N/A;N/A;N/A;N/A;N/A;N/A;N/A;N/A;N/A;N/A;N/A;N/A;N/A;N/A;N/A;N/A;N/A;N/A;N/A;N/A;N/A;N/A;N/A;N/A;N/A;N/A;N/A;N/A;N/A;N/A;N/A;N/A;N/A;N/A;N/A;N/A;N/A;N/A;N/A;N/A;N/A;N/A;N/A;N/A;N/A;N/A;N/A;N/A;N/A;N/A;N/A;N/A;N/A;N/A;N/A;N/A;N/A;N/A;N/A;N/A;N/A;N/A;N/A;N/A;N/A;N/A;N/A;N/A;N/A;N/A;N/A;N/A;N/A;N/A;N/A;N/A;N/A;N/A;N/A;N/A;N/A;N/A;N/A;N/A;N/A;N/A;N/A;Sí;N/A;N/A;N/A;Sí;N/A;N/A;N/A;N/A;N/A;N/A;N/A;N/A;N/A;N/A;N/A;N/A;N/A;Sí;Sí;Sí;N/A;N/A;N/A;N/A;Sí
Renault;"Duster Oroch";Expression;2020;"54700 km";;"OSCARPISANO RENAULT-NISSAN";16490;;;;;Sayago;https://auto.mercadolibre.com.uy/MLU-705261612-renault-oroch-expression-16-2020-impecable-_JM;N/A;;"Renault Oroch Expression 1.6 2020 Impecable!";USD;Sí;silver;false;N/A;N/A;http://perfil.mercadolibre.com.uy/OSCARPISANO+RENAULT-NISSAN;active;N/A;N/A;Usado;Blanco;Sí;Hidráulica;N/A;Sí;Sí;N/A;N/A;N/A;N/A;Sí;N/A;N/A;N/A;N/A;N/A;Sí;N/A;N/A;N/A;N/A;N/A;N/A;N/A;N/A;N/A;N/A;N/A;N/A;N/A;"1598 cc";N/A;5;N/A;N/A;N/A;N/A;N/A;Sí;N/A;N/A;N/A;N/A;N/A;N/A;N/A;N/A;N/A;N/A;N/A;N/A;N/A;N/A;N/A;N/A;N/A;Sí;N/A;Sí;N/A;N/A;N/A;N/A;N/A;N/A;N/A;N/A;N/A;N/A;Sí;N/A;N/A;N/A;N/A;N/A;N/A;N/A;N/A;N/A;N/A;N/A;N/A;N/A;N/A;N/A;"110 hp";N/A;N/A;N/A;N/A;"11 km/l";N/A;N/A;N/A;Sí;N/A;N/A;N/A;N/A;N/A;N/A;"15 km/l";N/A;N/A;N/A;N/A;N/A;"Lun. a Sáb. de 9:30 a 18:30 hs. Dom. de 9:30 a 13 hs";4;1.6;Nafta;Manual;Pick-Up;"Autos y camionetas";No;N/A;N/A;N/A;No;N/A;N/A;No;Sí;No;No;N/A;N/A;N/A;N/A;N/A;N/A;N/A;N/A;N/A;N/A;N/A;N/A;N/A;N/A;N/A;N/A;N/A;N/A;N/A;N/A;N/A;N/A;N/A;N/A;N/A;N/A;N/A;N/A;N/A;N/A;N/A;N/A;N/A;N/A;N/A;N/A;N/A;N/A;N/A;N/A;N/A;N/A;N/A;N/A;N/A;N/A;N/A;N/A;N/A;N/A;N/A;No;N/A;N/A;N/A;N/A;N/A;N/A;N/A;N/A;N/A;N/A;N/A;N/A;N/A;N/A;N/A;N/A;N/A;N/A;N/A;N/A;N/A;N/A;N/A;N/A;N/A;N/A;N/A;N/A;N/A;N/A;N/A;N/A;N/A;Sí;N/A;Sí;N/A;Sí;Sí;Sí;N/A;Sí;Sí;N/A;N/A;N/A;N/A;N/A;N/A;N/A;N/A;Sí;N/A;Sí;N/A;N/A;N/A;N/A;Sí
Renault;Megane;"RN TD";2002;"440000 km";;AUTCUEVAS;8800;;;;;Trinidad;https://auto.mercadolibre.com.uy/MLU-705267720-undefined-_JM;N/A;;Undefined;USD;No;silver;false;N/A;N/A;http://perfil.mercadolibre.com.uy/AUTCUEVAS;active;N/A;N/A;Usado;Blanco;N/A;Hidráulica;4x2;N/A;N/A;N/A;N/A;N/A;N/A;N/A;N/A;N/A;N/A;N/A;N/A;N/A;N/A;N/A;N/A;N/A;N/A;N/A;N/A;N/A;N/A;N/A;N/A;N/A;N/A;N/A;N/A;N/A;N/A;N/A;N/A;N/A;N/A;N/A;N/A;N/A;N/A;N/A;N/A;N/A;N/A;N/A;N/A;N/A;N/A;N/A;N/A;N/A;N/A;N/A;N/A;N/A;N/A;N/A;N/A;N/A;N/A;N/A;N/A;N/A;N/A;N/A;N/A;N/A;N/A;N/A;N/A;N/A;N/A;N/A;N/A;N/A;N/A;N/A;N/A;N/A;N/A;N/A;N/A;N/A;N/A;N/A;N/A;N/A;N/A;N/A;N/A;N/A;N/A;N/A;N/A;N/A;N/A;N/A;N/A;N/A;N/A;N/A;N/A;N/A;N/A;N/A;"8 a 23";4;2.0;Diésel;Manual;Sedán;"Autos y camionetas";N/A;N/A;N/A;N/A;N/A;N/A;N/A;N/A;N/A;N/A;N/A;N/A;N/A;N/A;N/A;N/A;N/A;N/A;N/A;N/A;N/A;N/A;N/A;N/A;N/A;N/A;N/A;N/A;N/A;N/A;N/A;N/A;N/A;N/A;N/A;N/A;N/A;N/A;N/A;N/A;N/A;N/A;N/A;N/A;N/A;N/A;N/A;N/A;N/A;N/A;N/A;N/A;N/A;N/A;N/A;N/A;N/A;N/A;N/A;N/A;N/A;N/A;N/A;N/A;N/A;N/A;N/A;N/A;N/A;N/A;N/A;N/A;N/A;N/A;N/A;N/A;N/A;N/A;N/A;N/A;N/A;N/A;N/A;N/A;N/A;N/A;N/A;N/A;N/A;N/A;N/A;N/A;N/A;N/A;N/A;N/A;N/A;N/A;N/A;N/A;N/A;N/A;N/A;N/A;N/A;N/A;N/A;N/A;N/A;N/A;N/A;N/A;N/A;N/A;N/A;N/A;N/A;N/A;N/A;N/A;N/A;N/A
Renault;Sandero;LIFE;2023;"120000 km";;"GALBO MOTORS";12900;;;;;Aguada;https://auto.mercadolibre.com.uy/MLU-705280600-renault-sandero-life-10-100-financiado-_JM;N/A;;"Renault Sandero Life 1.0 , 100% Financiado!!";usd;Sí;silver;false;N/A;N/A;http://perfil.mercadolibre.com.uy/GALBO+MOTORS;active;N/A;N/A;Usado;Blanco;Sí;Hidráulica;N/A;Sí;Sí;N/A;N/A;N/A;N/A;Sí;Sí;N/A;N/A;N/A;N/A;Sí;N/A;N/A;N/A;N/A;N/A;N/A;N/A;N/A;N/A;N/A;N/A;N/A;N/A;"999 cc";N/A;5;N/A;N/A;N/A;N/A;N/A;N/A;Sí;N/A;N/A;N/A;N/A;N/A;N/A;N/A;N/A;N/A;N/A;N/A;N/A;N/A;N/A;N/A;N/A;Sí;N/A;N/A;N/A;N/A;N/A;N/A;N/A;N/A;N/A;N/A;N/A;N/A;N/A;N/A;N/A;N/A;N/A;N/A;N/A;N/A;N/A;N/A;N/A;N/A;N/A;N/A;N/A;N/A;N/A;Life;N/A;N/A;N/A;"14 km/l";N/A;N/A;N/A;Sí;Sí;N/A;N/A;Sí;N/A;N/A;"18 km/l";N/A;N/A;N/A;N/A;Sí;"Lun. a Vie. de 9:30 a 18:30 hs. Sáb. de 10 a 14 hs";5;1.0;Nafta;Manual;Hatchback;"Autos y camionetas";No;N/A;N/A;N/A;No;N/A;UY;No;Sí;No;No;N/A;N/A;N/A;N/A;N/A;N/A;N/A;N/A;N/A;N/A;N/A;N/A;N/A;N/A;N/A;N/A;N/A;N/A;N/A;N/A;N/A;N/A;N/A;N/A;N/A;N/A;N/A;N/A;N/A;N/A;N/A;N/A;N/A;N/A;N/A;N/A;N/A;N/A;N/A;N/A;N/A;N/A;N/A;N/A;N/A;N/A;N/A;N/A;N/A;N/A;N/A;No;N/A;N/A;N/A;N/A;N/A;N/A;N/A;N/A;N/A;N/A;N/A;N/A;N/A;N/A;N/A;N/A;N/A;N/A;N/A;N/A;N/A;N/A;N/A;N/A;N/A;N/A;N/A;N/A;N/A;N/A;N/A;N/A;N/A;Sí;Sí;N/A;N/A;Sí;N/A;N/A;N/A;Sí;Sí;N/A;N/A;N/A;N/A;N/A;N/A;N/A;N/A;Sí;Sí;Sí;N/A;N/A;N/A;N/A;Sí
Renault;Kwid;"1.0 Sce 66cv Intense";2024;"0 km";;MUSSINIAUTOMOVILES;15600;;;;;"San José de Mayo";https://auto.mercadolibre.com.uy/MLU-705200098-renault-kwid-10-sce-66cv-intense-_JM;N/A;;"Renault Kwid 1.0 Sce 66cv Intense";usd;Sí;silver;false;N/A;N/A;http://perfil.mercadolibre.com.uy/MUSSINIAUTOMOVILES;active;N/A;N/A;Nuevo;Gris;N/A;N/A;Delantera;N/A;N/A;Sí;N/A;N/A;N/A;N/A;N/A;N/A;N/A;N/A;N/A;N/A;N/A;N/A;N/A;N/A;N/A;N/A;N/A;N/A;N/A;N/A;N/A;N/A;"2423 mm";"1 L";"50 L";5;N/A;N/A;N/A;N/A;N/A;N/A;N/A;N/A;N/A;N/A;N/A;N/A;N/A;N/A;N/A;N/A;N/A;N/A;N/A;N/A;N/A;N/A;N/A;N/A;N/A;N/A;N/A;N/A;N/A;N/A;N/A;N/A;N/A;N/A;N/A;N/A;N/A;N/A;N/A;N/A;N/A;N/A;N/A;N/A;N/A;"1474 mm";"3680 mm";N/A;N/A;N/A;N/A;5;"66 hp";Intense;N/A;4;"1752 mm";N/A;N/A;N/A;N/A;N/A;N/A;N/A;N/A;N/A;N/A;N/A;N/A;N/A;N/A;N/A;N/A;N/A;N/A;5;1.0;Nafta;Manual;Hatchback;"Autos y camionetas";N/A;N/A;N/A;N/A;N/A;N/A;UY;N/A;N/A;N/A;N/A;N/A;N/A;N/A;N/A;N/A;N/A;N/A;N/A;N/A;N/A;N/A;N/A;N/A;N/A;N/A;N/A;N/A;N/A;N/A;N/A;N/A;N/A;N/A;N/A;N/A;N/A;N/A;N/A;N/A;N/A;N/A;N/A;N/A;N/A;N/A;N/A;N/A;N/A;N/A;N/A;N/A;N/A;N/A;N/A;N/A;N/A;N/A;N/A;N/A;N/A;N/A;N/A;N/A;N/A;N/A;N/A;N/A;N/A;N/A;N/A;N/A;N/A;N/A;N/A;N/A;N/A;N/A;N/A;N/A;N/A;N/A;N/A;N/A;N/A;N/A;N/A;N/A;N/A;N/A;N/A;N/A;N/A;N/A;N/A;N/A;N/A;N/A;N/A;N/A;N/A;N/A;N/A;N/A;N/A;N/A;N/A;N/A;N/A;N/A;N/A;N/A;N/A;N/A;N/A;N/A;N/A;N/A;N/A;N/A;N/A;N/A
Renault;Clio;"0.9 Iv Fase Ii Turbo Dynamique";2017;"105000 km";;MARMOTORSCENTRO1867;16800;;;;;Centro;https://auto.mercadolibre.com.uy/MLU-705056600-renault-clio-09-iv-fase-ii-turbo-dynamique-_JM;N/A;;"Renault Clio 0.9 Iv Fase Ii Turbo Dynamique";usd;Sí;silver;false;N/A;N/A;http://perfil.mercadolibre.com.uy/MARMOTORSCENTRO1867;active;N/A;N/A;Usado;Rojo;N/A;Hidráulica;Delantera;N/A;N/A;Sí;N/A;N/A;N/A;N/A;N/A;N/A;N/A;N/A;N/A;N/A;N/A;N/A;N/A;N/A;N/A;N/A;N/A;N/A;N/A;N/A;N/A;N/A;"2472 mm";"0.9 L";"50 L";5;N/A;N/A;N/A;N/A;N/A;N/A;N/A;N/A;N/A;N/A;N/A;N/A;N/A;N/A;N/A;N/A;N/A;N/A;N/A;N/A;N/A;N/A;N/A;N/A;N/A;N/A;N/A;N/A;N/A;N/A;N/A;N/A;N/A;N/A;N/A;N/A;N/A;N/A;N/A;N/A;N/A;N/A;N/A;N/A;N/A;"1417 mm";"3811 mm";N/A;N/A;N/A;N/A;5;"90 hp";Authentique;N/A;4;"1639 mm";N/A;N/A;N/A;N/A;N/A;N/A;N/A;N/A;N/A;N/A;N/A;N/A;N/A;N/A;N/A;N/A;N/A;N/A;3;0.9;Nafta;Manual;Hatchback;"Autos y camionetas";N/A;N/A;N/A;N/A;N/A;N/A;UY;N/A;N/A;N/A;N/A;N/A;N/A;N/A;N/A;N/A;N/A;N/A;N/A;N/A;N/A;N/A;N/A;N/A;N/A;N/A;N/A;N/A;N/A;N/A;N/A;N/A;N/A;N/A;N/A;N/A;N/A;N/A;N/A;N/A;N/A;N/A;N/A;N/A;N/A;N/A;N/A;N/A;N/A;N/A;N/A;N/A;N/A;N/A;N/A;N/A;N/A;N/A;N/A;N/A;N/A;N/A;N/A;N/A;N/A;N/A;N/A;N/A;N/A;N/A;N/A;N/A;N/A;N/A;N/A;N/A;N/A;N/A;N/A;N/A;N/A;N/A;N/A;N/A;N/A;N/A;N/A;N/A;N/A;N/A;N/A;N/A;N/A;N/A;N/A;N/A;N/A;N/A;N/A;N/A;N/A;N/A;N/A;N/A;N/A;N/A;N/A;N/A;N/A;N/A;N/A;N/A;N/A;N/A;N/A;N/A;N/A;N/A;N/A;N/A;N/A;N/A
Renault;Kwid;"1.0 Sce 66cv Life";2022;"70000 km";;MUSSINIAUTOMOVILES;11500;;;;;"San José de Mayo";https://auto.mercadolibre.com.uy/MLU-704472532-renault-kwid-10-sce-66cv-life-_JM;N/A;;"Renault Kwid 1.0 Sce 66cv Life";usd;Sí;silver;false;N/A;N/A;http://perfil.mercadolibre.com.uy/MUSSINIAUTOMOVILES;active;N/A;N/A;Usado;Naranja;Sí;Eléctrica;Delantera;N/A;N/A;Sí;N/A;N/A;N/A;N/A;N/A;N/A;N/A;N/A;N/A;N/A;N/A;N/A;N/A;N/A;N/A;N/A;N/A;N/A;N/A;N/A;N/A;N/A;"2423 mm";"1 L";"50 L";5;N/A;N/A;N/A;N/A;N/A;N/A;N/A;N/A;N/A;N/A;N/A;N/A;N/A;N/A;N/A;N/A;N/A;N/A;N/A;N/A;N/A;N/A;N/A;N/A;N/A;N/A;N/A;N/A;N/A;N/A;N/A;N/A;N/A;N/A;N/A;N/A;N/A;N/A;N/A;N/A;N/A;N/A;N/A;N/A;N/A;"1474 mm";"3680 mm";N/A;N/A;N/A;N/A;5;"66 hp";Life;N/A;4;"1752 mm";N/A;N/A;N/A;N/A;N/A;N/A;N/A;N/A;N/A;N/A;N/A;N/A;N/A;N/A;N/A;N/A;N/A;N/A;5;1.0;Nafta;Manual;Hatchback;"Autos y camionetas";N/A;N/A;N/A;N/A;N/A;N/A;UY;N/A;N/A;N/A;N/A;N/A;N/A;N/A;N/A;N/A;N/A;N/A;N/A;N/A;N/A;N/A;N/A;N/A;N/A;N/A;N/A;N/A;N/A;N/A;N/A;N/A;N/A;N/A;N/A;N/A;N/A;N/A;N/A;N/A;N/A;N/A;N/A;N/A;N/A;N/A;N/A;N/A;N/A;N/A;N/A;N/A;N/A;N/A;N/A;N/A;N/A;N/A;N/A;N/A;N/A;N/A;N/A;N/A;N/A;N/A;N/A;N/A;N/A;N/A;N/A;N/A;N/A;N/A;N/A;N/A;N/A;N/A;N/A;N/A;N/A;N/A;N/A;N/A;N/A;N/A;N/A;N/A;N/A;N/A;N/A;N/A;N/A;N/A;N/A;N/A;N/A;N/A;N/A;N/A;N/A;N/A;N/A;N/A;N/A;N/A;N/A;N/A;N/A;N/A;N/A;N/A;N/A;N/A;N/A;N/A;N/A;N/A;N/A;N/A;N/A;N/A
Renault;Fluence;"Extra Full";2014;"204105 km";;"CHEVROLET MERCEDES";10500;;;;;Mercedes;https://auto.mercadolibre.com.uy/MLU-704371538-renault-fluence-extra-full-20-2014-impecable-_JM;N/A;;"Renault Fluence Extra Full 2.0 2014 Impecable!";USD;Sí;silver;false;N/A;N/A;http://perfil.mercadolibre.com.uy/CHEVROLET+MERCEDES;active;N/A;N/A;Usado;Negro;N/A;Asistida;N/A;Sí;Sí;Sí;N/A;N/A;N/A;N/A;Sí;Sí;N/A;Sí;N/A;Sí;N/A;N/A;N/A;N/A;N/A;N/A;N/A;N/A;N/A;N/A;N/A;N/A;N/A;"2000 cc";N/A;6;N/A;N/A;N/A;N/A;N/A;N/A;N/A;N/A;N/A;N/A;N/A;N/A;N/A;N/A;N/A;N/A;N/A;N/A;N/A;N/A;N/A;N/A;N/A;Sí;N/A;N/A;N/A;N/A;N/A;N/A;N/A;N/A;N/A;N/A;N/A;N/A;Sí;N/A;N/A;N/A;N/A;N/A;Sí;N/A;N/A;N/A;N/A;N/A;N/A;N/A;N/A;N/A;"140 hp";N/A;N/A;N/A;N/A;"10 km/l";N/A;N/A;N/A;Sí;N/A;N/A;Sí;N/A;N/A;N/A;"14 km/l";N/A;N/A;N/A;N/A;N/A;"Lun. a Vie. 8 a 12 y 14.30 a 18.30 hs. Sáb. 8 a 12 hs";4;2.0;Nafta;Automática;Sedán;"Autos y camionetas";No;N/A;N/A;N/A;No;N/A;N/A;No;Sí;No;No;N/A;N/A;N/A;N/A;N/A;N/A;N/A;N/A;N/A;N/A;N/A;N/A;N/A;N/A;N/A;N/A;N/A;N/A;N/A;N/A;N/A;N/A;N/A;N/A;N/A;N/A;N/A;N/A;N/A;N/A;N/A;N/A;N/A;N/A;N/A;N/A;N/A;N/A;N/A;N/A;N/A;N/A;N/A;N/A;N/A;N/A;N/A;N/A;N/A;N/A;N/A;No;N/A;N/A;N/A;N/A;N/A;N/A;N/A;Sí;N/A;N/A;N/A;N/A;N/A;N/A;N/A;N/A;N/A;N/A;N/A;N/A;N/A;N/A;N/A;N/A;N/A;N/A;N/A;N/A;N/A;N/A;N/A;N/A;N/A;Sí;Sí;Sí;N/A;Sí;Sí;N/A;N/A;N/A;Sí;N/A;N/A;N/A;N/A;N/A;N/A;Sí;N/A;Sí;Sí;Sí;N/A;N/A;N/A;N/A;Sí
Renault;Kwid;"1.0 Sce 66cv Intense";2020;"44272 km";;"OLIVERA AUTOMOTORES";12500;;;;;Salto;https://auto.mercadolibre.com.uy/MLU-704315966-renault-kwid-intense-10-mt-_JM;N/A;;"Renault Kwid Intense 1.0 Mt";usd;Sí;silver;false;N/A;N/A;http://perfil.mercadolibre.com.uy/OLIVERA+AUTOMOTORES;active;N/A;N/A;Usado;Negro;N/A;N/A;Delantera;N/A;N/A;Sí;N/A;N/A;N/A;N/A;N/A;N/A;N/A;N/A;N/A;N/A;N/A;N/A;N/A;N/A;N/A;N/A;N/A;N/A;N/A;N/A;N/A;N/A;"2423 mm";"1 L";"50 L";5;N/A;N/A;N/A;N/A;N/A;N/A;N/A;N/A;N/A;N/A;N/A;N/A;N/A;N/A;N/A;N/A;N/A;N/A;N/A;N/A;N/A;N/A;N/A;N/A;N/A;N/A;N/A;N/A;N/A;N/A;N/A;N/A;N/A;N/A;N/A;N/A;N/A;N/A;N/A;N/A;N/A;N/A;N/A;N/A;N/A;"1474 mm";"3680 mm";N/A;N/A;N/A;N/A;5;"66 hp";Intense;N/A;4;"1752 mm";N/A;N/A;N/A;N/A;N/A;N/A;N/A;N/A;N/A;N/A;N/A;N/A;N/A;N/A;N/A;N/A;N/A;N/A;5;1.0;Nafta;Manual;Hatchback;"Autos y camionetas";N/A;N/A;N/A;N/A;N/A;N/A;UY;N/A;N/A;N/A;N/A;N/A;N/A;N/A;N/A;N/A;N/A;N/A;N/A;N/A;N/A;N/A;N/A;N/A;N/A;N/A;N/A;N/A;N/A;N/A;N/A;N/A;N/A;N/A;N/A;N/A;N/A;N/A;N/A;N/A;N/A;N/A;N/A;N/A;N/A;N/A;N/A;N/A;N/A;N/A;N/A;N/A;N/A;N/A;N/A;N/A;N/A;N/A;N/A;N/A;N/A;N/A;N/A;N/A;N/A;N/A;N/A;N/A;N/A;N/A;N/A;N/A;N/A;N/A;N/A;N/A;N/A;N/A;N/A;N/A;N/A;N/A;N/A;N/A;N/A;N/A;N/A;N/A;N/A;N/A;N/A;N/A;N/A;N/A;N/A;N/A;N/A;N/A;N/A;N/A;N/A;N/A;N/A;N/A;N/A;N/A;N/A;N/A;N/A;N/A;N/A;N/A;N/A;N/A;N/A;N/A;N/A;N/A;N/A;N/A;N/A;N/A
Renault;Clio;Rn;2001;"154680 km";;"GALBO MOTORS";6900;;;;;Aguada;https://auto.mercadolibre.com.uy/MLU-647338839-renault-clio-rn-16-retira-100-financiado-_JM;N/A;;"Renault Clio Rn 1.6 Retira 100% Financiado!!!";usd;No;silver;false;N/A;N/A;http://perfil.mercadolibre.com.uy/GALBO+MOTORS;active;N/A;N/A;Usado;Plateado;N/A;Hidráulica;N/A;N/A;N/A;N/A;N/A;N/A;N/A;Sí;N/A;N/A;N/A;N/A;N/A;Sí;N/A;N/A;N/A;N/A;N/A;N/A;N/A;N/A;N/A;N/A;N/A;N/A;N/A;"1600 cc";N/A;5;N/A;N/A;N/A;N/A;N/A;N/A;N/A;N/A;N/A;N/A;N/A;N/A;N/A;N/A;N/A;N/A;N/A;N/A;N/A;N/A;N/A;N/A;N/A;N/A;N/A;Sí;N/A;Sí;N/A;N/A;N/A;N/A;N/A;N/A;N/A;N/A;N/A;N/A;N/A;N/A;N/A;N/A;N/A;N/A;N/A;N/A;N/A;N/A;N/A;N/A;N/A;N/A;N/A;Rn;N/A;N/A;N/A;"12 km/l";N/A;N/A;N/A;Sí;N/A;Sí;N/A;N/A;N/A;Sí;"14 km/l";N/A;N/A;N/A;N/A;N/A;"Lun. a Vie. de 9:30 a 18:30 hs. Sáb. de 10 a 14 hs";5;1.6;Nafta;Manual;Hatchback;"Autos y camionetas";No;N/A;N/A;N/A;No;N/A;UY;No;Sí;No;No;N/A;N/A;N/A;N/A;N/A;N/A;N/A;N/A;N/A;N/A;N/A;N/A;N/A;N/A;N/A;N/A;N/A;N/A;N/A;N/A;N/A;N/A;N/A;N/A;N/A;N/A;N/A;N/A;N/A;N/A;N/A;N/A;N/A;N/A;N/A;N/A;N/A;N/A;N/A;N/A;N/A;N/A;N/A;N/A;N/A;N/A;N/A;N/A;N/A;N/A;N/A;No;N/A;N/A;N/A;N/A;N/A;N/A;N/A;N/A;N/A;N/A;N/A;N/A;N/A;N/A;N/A;N/A;N/A;N/A;N/A;N/A;N/A;N/A;N/A;N/A;N/A;N/A;N/A;N/A;N/A;N/A;N/A;N/A;N/A;Sí;Sí;N/A;N/A;Sí;N/A;N/A;N/A;Sí;Sí;N/A;N/A;N/A;N/A;N/A;N/A;N/A;N/A;Sí;Sí;Sí;N/A;N/A;N/A;N/A;Sí
Renault;"Sandero Stepway";Full;2015;"104731 km";;"CHEVROLET MERCEDES";11900;;;;;Mercedes;https://auto.mercadolibre.com.uy/MLU-703133876-renault-sandero-stepway-full-16-2015-impecable-_JM;N/A;;"Renault Sandero Stepway Full 1.6 2015 Impecable!";USD;Sí;silver;false;N/A;N/A;http://perfil.mercadolibre.com.uy/CHEVROLET+MERCEDES;active;N/A;N/A;Usado;Rojo;N/A;Asistida;N/A;Sí;Sí;N/A;N/A;N/A;N/A;N/A;N/A;N/A;N/A;N/A;N/A;Sí;N/A;N/A;N/A;N/A;N/A;N/A;N/A;N/A;N/A;N/A;N/A;N/A;N/A;"1600 cc";N/A;5;N/A;N/A;N/A;N/A;N/A;N/A;N/A;N/A;N/A;N/A;N/A;N/A;N/A;N/A;N/A;N/A;N/A;N/A;N/A;N/A;N/A;N/A;N/A;N/A;N/A;N/A;N/A;N/A;N/A;N/A;N/A;N/A;N/A;N/A;N/A;N/A;N/A;N/A;N/A;N/A;N/A;N/A;N/A;N/A;N/A;N/A;N/A;N/A;N/A;N/A;N/A;N/A;"90 hp";N/A;N/A;N/A;N/A;"11 km/l";N/A;N/A;N/A;Sí;N/A;N/A;N/A;N/A;N/A;N/A;"14 km/l";N/A;N/A;N/A;N/A;N/A;"Lun. a Vie. 8 a 12 y 14.30 a 18.30 hs. Sáb. 8 a 12 hs";5;1.6;Nafta;Manual;SUV;"Autos y camionetas";No;N/A;N/A;N/A;No;N/A;N/A;No;Sí;No;No;N/A;N/A;N/A;N/A;N/A;N/A;N/A;N/A;N/A;N/A;N/A;N/A;N/A;N/A;N/A;N/A;N/A;N/A;N/A;N/A;N/A;N/A;N/A;N/A;N/A;N/A;N/A;N/A;N/A;N/A;N/A;N/A;N/A;N/A;N/A;N/A;N/A;N/A;N/A;N/A;N/A;N/A;N/A;N/A;N/A;N/A;N/A;N/A;N/A;N/A;N/A;No;N/A;N/A;N/A;N/A;N/A;N/A;N/A;N/A;N/A;N/A;N/A;N/A;N/A;N/A;N/A;N/A;N/A;N/A;N/A;N/A;N/A;N/A;N/A;N/A;N/A;N/A;N/A;N/A;N/A;N/A;N/A;N/A;N/A;N/A;Sí;Sí;N/A;Sí;N/A;N/A;N/A;N/A;Sí;N/A;N/A;N/A;N/A;N/A;N/A;Sí;N/A;Sí;Sí;N/A;N/A;N/A;N/A;N/A;Sí
Renault;Oroch;2.0;2019;"26000 km";;GASTONSTABILE;18700;;;;;Minas;https://auto.mercadolibre.com.uy/MLU-647127783-enganche-llantas-frenders-y-defensa-delantera-_JM;N/A;;"Enganche, Llantas , Frenders Y Defensa Delantera";USD;Sí;silver;false;N/A;N/A;http://perfil.mercadolibre.com.uy/GASTONSTABILE;active;N/A;N/A;Usado;Gris;Sí;Hidráulica;N/A;N/A;N/A;N/A;N/A;N/A;N/A;N/A;N/A;N/A;N/A;N/A;N/A;N/A;N/A;N/A;N/A;N/A;N/A;N/A;N/A;N/A;N/A;N/A;N/A;N/A;N/A;N/A;N/A;N/A;N/A;N/A;N/A;N/A;N/A;N/A;N/A;N/A;N/A;N/A;N/A;N/A;N/A;N/A;N/A;N/A;N/A;N/A;N/A;N/A;N/A;N/A;N/A;N/A;N/A;N/A;N/A;N/A;N/A;N/A;N/A;N/A;N/A;N/A;N/A;N/A;N/A;N/A;N/A;N/A;N/A;N/A;N/A;N/A;N/A;N/A;N/A;N/A;N/A;N/A;N/A;N/A;N/A;N/A;N/A;N/A;N/A;N/A;N/A;N/A;N/A;N/A;N/A;N/A;N/A;N/A;N/A;N/A;N/A;N/A;N/A;N/A;N/A;N/A;08a23;4;2.0;Nafta;Manual;Pick-Up;"Autos y camionetas";N/A;N/A;N/A;N/A;N/A;N/A;N/A;N/A;N/A;N/A;N/A;N/A;N/A;N/A;N/A;N/A;N/A;N/A;N/A;N/A;N/A;N/A;N/A;N/A;N/A;N/A;N/A;N/A;N/A;N/A;N/A;N/A;N/A;N/A;N/A;N/A;N/A;N/A;N/A;N/A;N/A;N/A;N/A;N/A;N/A;N/A;N/A;N/A;N/A;N/A;N/A;N/A;N/A;N/A;N/A;N/A;N/A;N/A;N/A;N/A;N/A;N/A;N/A;N/A;N/A;N/A;N/A;N/A;N/A;N/A;N/A;N/A;N/A;N/A;N/A;N/A;N/A;N/A;N/A;N/A;N/A;N/A;N/A;N/A;N/A;N/A;N/A;N/A;N/A;N/A;N/A;N/A;N/A;N/A;N/A;N/A;N/A;N/A;N/A;N/A;N/A;N/A;N/A;N/A;N/A;N/A;N/A;N/A;N/A;N/A;N/A;N/A;N/A;N/A;N/A;N/A;N/A;N/A;N/A;N/A;N/A;N/A
Renault;Kwid;"ZEN 1.0";2025;"0 km";;"AUTOMOTORA MARMOLEJO";14800;;;;;Minas;https://auto.mercadolibre.com.uy/MLU-702808086-renault-kwid-zen-ano-2025-_JM;N/A;;"Renault Kwid Zen, Año 2025";USD;Sí;silver;false;N/A;N/A;http://perfil.mercadolibre.com.uy/AUTOMOTORA+MARMOLEJO;active;N/A;N/A;Nuevo;Plateado;N/A;Eléctrica;N/A;Sí;N/A;N/A;N/A;N/A;N/A;N/A;N/A;N/A;N/A;N/A;N/A;N/A;N/A;N/A;N/A;N/A;N/A;N/A;N/A;N/A;N/A;N/A;N/A;N/A;N/A;N/A;N/A;N/A;N/A;N/A;N/A;N/A;N/A;N/A;N/A;N/A;N/A;N/A;N/A;N/A;N/A;N/A;N/A;N/A;N/A;N/A;N/A;N/A;N/A;N/A;N/A;N/A;N/A;N/A;N/A;N/A;N/A;N/A;N/A;N/A;N/A;N/A;N/A;N/A;N/A;N/A;N/A;N/A;N/A;N/A;N/A;N/A;N/A;N/A;N/A;N/A;N/A;N/A;N/A;N/A;N/A;N/A;N/A;N/A;N/A;N/A;N/A;N/A;N/A;N/A;N/A;Sí;Sí;N/A;N/A;N/A;N/A;N/A;N/A;N/A;N/A;N/A;"Lunes a Viernes de 8:30 a 12:00 y de 14:30 a 19:00hs, Sábados de 9:00 a 12:00hs.";5;1.0;Nafta;Manual;Hatchback;"Autos y camionetas";N/A;N/A;N/A;N/A;N/A;N/A;N/A;N/A;Sí;N/A;N/A;N/A;N/A;N/A;N/A;N/A;N/A;N/A;N/A;N/A;N/A;N/A;N/A;N/A;N/A;N/A;N/A;N/A;N/A;N/A;N/A;N/A;N/A;N/A;N/A;N/A;N/A;N/A;N/A;N/A;N/A;N/A;N/A;Sí;N/A;N/A;N/A;N/A;N/A;N/A;N/A;N/A;N/A;N/A;N/A;N/A;N/A;N/A;N/A;N/A;N/A;Sí;N/A;N/A;N/A;N/A;N/A;N/A;N/A;N/A;N/A;N/A;N/A;N/A;N/A;N/A;N/A;N/A;N/A;N/A;N/A;N/A;N/A;N/A;N/A;N/A;N/A;N/A;N/A;N/A;N/A;N/A;N/A;N/A;N/A;N/A;Sí;Sí;N/A;N/A;Sí;N/A;N/A;N/A;N/A;Sí;N/A;N/A;N/A;N/A;N/A;N/A;N/A;N/A;N/A;N/A;N/A;N/A;N/A;N/A;N/A;N/A
Renault;"Oroch outsaider";1.6;2022;"76000 km";;BOBADILLAJOSELUIS56;17000;;;;;Maldonado;https://auto.mercadolibre.com.uy/MLU-702710284-renault-oroch-_JM;N/A;;"Renault Oroch";USD;Sí;silver;false;N/A;N/A;http://perfil.mercadolibre.com.uy/BOBADILLAJOSELUIS56;active;N/A;N/A;Usado;Blanco;No;Hidráulica;Delantera;N/A;N/A;N/A;N/A;N/A;N/A;N/A;N/A;N/A;N/A;N/A;N/A;N/A;N/A;N/A;N/A;N/A;N/A;N/A;N/A;N/A;N/A;N/A;N/A;N/A;N/A;N/A;N/A;N/A;N/A;N/A;N/A;N/A;N/A;N/A;N/A;N/A;N/A;N/A;N/A;N/A;N/A;N/A;N/A;N/A;N/A;N/A;N/A;N/A;N/A;N/A;N/A;N/A;N/A;N/A;N/A;N/A;N/A;N/A;N/A;N/A;N/A;N/A;N/A;N/A;N/A;N/A;N/A;N/A;N/A;N/A;N/A;N/A;N/A;N/A;N/A;N/A;N/A;N/A;N/A;N/A;N/A;N/A;N/A;N/A;N/A;N/A;N/A;N/A;N/A;N/A;N/A;N/A;N/A;N/A;N/A;N/A;N/A;N/A;N/A;N/A;N/A;N/A;"18,30 a 21 horas";4;1.6;Nafta;Manual;Rural;"Autos y camionetas";N/A;N/A;N/A;N/A;N/A;N/A;N/A;N/A;N/A;N/A;N/A;N/A;N/A;N/A;N/A;N/A;N/A;N/A;N/A;N/A;N/A;N/A;N/A;N/A;N/A;N/A;N/A;N/A;N/A;N/A;N/A;N/A;N/A;N/A;N/A;N/A;N/A;N/A;N/A;N/A;N/A;N/A;N/A;N/A;N/A;N/A;N/A;N/A;N/A;N/A;N/A;N/A;N/A;N/A;N/A;N/A;N/A;N/A;N/A;N/A;N/A;N/A;N/A;N/A;N/A;N/A;N/A;N/A;N/A;N/A;N/A;N/A;N/A;N/A;N/A;N/A;N/A;N/A;N/A;N/A;N/A;N/A;N/A;N/A;N/A;N/A;N/A;N/A;N/A;N/A;N/A;N/A;N/A;N/A;N/A;N/A;N/A;N/A;N/A;N/A;N/A;N/A;N/A;N/A;N/A;N/A;N/A;N/A;N/A;N/A;N/A;N/A;N/A;N/A;N/A;N/A;N/A;N/A;N/A;N/A;N/A;N/A
Renault;Kwid;"INTENS 1.0";2025;"0 km";;"AUTOMOTORA MARMOLEJO";15600;;;;;Minas;https://auto.mercadolibre.com.uy/MLU-702202750-renault-kwid-intens-10-mt-_JM;N/A;;"Renault Kwid Intens 1.0 Mt";USD;Sí;silver;false;N/A;N/A;http://perfil.mercadolibre.com.uy/AUTOMOTORA+MARMOLEJO;active;N/A;N/A;Nuevo;Blanco;N/A;Eléctrica;4x2;N/A;Sí;N/A;N/A;N/A;N/A;N/A;N/A;N/A;N/A;N/A;N/A;N/A;N/A;N/A;N/A;N/A;N/A;N/A;N/A;N/A;N/A;N/A;N/A;N/A;N/A;N/A;N/A;N/A;N/A;N/A;N/A;N/A;N/A;N/A;N/A;N/A;N/A;N/A;N/A;N/A;N/A;N/A;N/A;N/A;N/A;N/A;N/A;N/A;N/A;N/A;N/A;N/A;N/A;N/A;N/A;N/A;N/A;N/A;N/A;N/A;N/A;N/A;N/A;N/A;N/A;N/A;N/A;N/A;N/A;N/A;N/A;N/A;N/A;N/A;N/A;N/A;N/A;N/A;N/A;N/A;N/A;N/A;N/A;N/A;N/A;N/A;N/A;N/A;N/A;N/A;N/A;N/A;N/A;N/A;N/A;N/A;N/A;N/A;N/A;N/A;N/A;N/A;"Lunes a Viernes de 8:30 a 12:00 y de 14:30 a 19:00hs, Sábados de 9:00 a 12:00hs.";5;1.0;Nafta;Manual;Hatchback;"Autos y camionetas";N/A;N/A;N/A;N/A;N/A;N/A;N/A;N/A;N/A;N/A;N/A;N/A;N/A;N/A;N/A;N/A;N/A;N/A;N/A;N/A;N/A;N/A;N/A;N/A;Sí;N/A;N/A;N/A;N/A;N/A;N/A;N/A;N/A;N/A;N/A;N/A;N/A;N/A;N/A;N/A;N/A;N/A;N/A;Sí;N/A;N/A;N/A;N/A;N/A;N/A;N/A;N/A;N/A;N/A;N/A;N/A;N/A;N/A;N/A;N/A;N/A;Sí;N/A;N/A;N/A;N/A;N/A;N/A;N/A;N/A;N/A;N/A;N/A;N/A;N/A;N/A;N/A;N/A;N/A;N/A;N/A;N/A;N/A;N/A;N/A;N/A;N/A;N/A;N/A;N/A;N/A;N/A;N/A;N/A;N/A;N/A;N/A;N/A;Sí;N/A;N/A;N/A;N/A;N/A;N/A;Sí;N/A;N/A;N/A;N/A;N/A;Sí;N/A;N/A;N/A;N/A;N/A;N/A;N/A;N/A;N/A;Sí
Renault;Duster;"1.6 privilege full";2020;"74200 km";;VENDOAUTOSMARCELO;18500;;;;;"Paso de Carrasco";https://auto.mercadolibre.com.uy/MLU-701348442-renault-duster-16-privilege-full-16-2020-impecable-_JM;N/A;;"Renault Duster 1.6 Privilege Full 1.6 2020 Impecable!";USD;Sí;silver;false;N/A;N/A;http://perfil.mercadolibre.com.uy/VENDOAUTOSMARCELO;active;N/A;N/A;Usado;Blanco;Sí;Hidráulica;N/A;Sí;Sí;Sí;N/A;N/A;N/A;Sí;Sí;N/A;N/A;Sí;Sí;Sí;N/A;N/A;N/A;N/A;N/A;N/A;N/A;N/A;N/A;N/A;N/A;N/A;N/A;"1600 cc";N/A;N/A;N/A;N/A;N/A;N/A;N/A;N/A;N/A;N/A;N/A;N/A;N/A;N/A;N/A;N/A;N/A;N/A;N/A;N/A;N/A;N/A;N/A;N/A;N/A;Sí;N/A;Sí;N/A;N/A;N/A;Sí;N/A;N/A;N/A;N/A;N/A;N/A;N/A;N/A;N/A;N/A;N/A;N/A;N/A;N/A;N/A;N/A;N/A;N/A;N/A;N/A;N/A;N/A;"115 hp";Privilege;N/A;N/A;N/A;"11 km/l";N/A;N/A;N/A;Sí;N/A;Sí;Sí;Sí;N/A;N/A;"13 km/l";N/A;N/A;N/A;N/A;Sí;"Lun. a Vie. de 8:30 a 18 hs. Sáb. de 9 a 13 hs.";4;1.6;Nafta;Manual;SUV;"Autos y camionetas";No;N/A;N/A;N/A;No;N/A;N/A;No;Sí;No;No;N/A;N/A;N/A;N/A;N/A;N/A;N/A;N/A;N/A;N/A;N/A;N/A;N/A;N/A;N/A;N/A;N/A;N/A;N/A;N/A;N/A;N/A;N/A;N/A;N/A;N/A;N/A;N/A;N/A;N/A;N/A;N/A;N/A;N/A;N/A;N/A;N/A;N/A;N/A;N/A;N/A;N/A;N/A;N/A;N/A;N/A;N/A;N/A;N/A;N/A;Sí;No;N/A;N/A;N/A;N/A;N/A;N/A;N/A;N/A;N/A;N/A;N/A;N/A;N/A;N/A;N/A;N/A;N/A;N/A;N/A;N/A;N/A;N/A;N/A;N/A;N/A;N/A;N/A;N/A;N/A;N/A;N/A;N/A;N/A;Sí;N/A;Sí;N/A;Sí;N/A;Sí;N/A;Sí;Sí;N/A;N/A;N/A;N/A;N/A;N/A;N/A;N/A;Sí;Sí;Sí;N/A;N/A;N/A;N/A;Sí
Renault;Oroch;"1.6 Sce Zen 2Wd Mt";2023;"8100 km";;"DELTACAR S.A.";21500;;;;;Mercedes;https://auto.mercadolibre.com.uy/MLU-646357099-renault-oroch-2023-16-sce-zen-2wd-mt-_JM;N/A;;"Renault Oroch 2023 1.6 Sce Zen 2wd Mt";usd;Sí;silver;false;N/A;N/A;http://perfil.mercadolibre.com.uy/DELTACAR+S.A.;active;N/A;N/A;Usado;Gris;Sí;N/A;Delantera;Sí;Sí;N/A;N/A;N/A;N/A;N/A;N/A;N/A;N/A;N/A;Sí;Sí;N/A;N/A;N/A;N/A;N/A;N/A;N/A;N/A;N/A;N/A;N/A;N/A;"2890 mm";"1.6 L";"45 L";6;N/A;N/A;N/A;N/A;N/A;N/A;N/A;N/A;N/A;N/A;N/A;N/A;N/A;N/A;N/A;N/A;N/A;N/A;N/A;N/A;N/A;N/A;N/A;N/A;N/A;N/A;N/A;N/A;N/A;N/A;N/A;N/A;N/A;N/A;N/A;N/A;N/A;N/A;N/A;N/A;N/A;N/A;N/A;N/A;N/A;"1694 mm";"4700 mm";N/A;N/A;N/A;N/A;5;"118 hp";Zen;N/A;4;"1821 mm";N/A;N/A;N/A;N/A;N/A;N/A;Sí;N/A;N/A;N/A;N/A;N/A;N/A;N/A;N/A;N/A;N/A;"todos los dias";4;1.6;Nafta;Manual;Pick-Up;"Autos y camionetas";N/A;N/A;N/A;N/A;N/A;N/A;UY;N/A;N/A;N/A;N/A;N/A;N/A;N/A;N/A;N/A;N/A;N/A;N/A;N/A;N/A;N/A;N/A;N/A;N/A;N/A;N/A;N/A;N/A;N/A;N/A;N/A;N/A;N/A;N/A;N/A;N/A;N/A;N/A;N/A;N/A;N/A;N/A;Sí;N/A;N/A;N/A;N/A;N/A;N/A;N/A;N/A;N/A;N/A;N/A;N/A;N/A;N/A;N/A;N/A;N/A;Sí;N/A;N/A;N/A;N/A;N/A;N/A;N/A;N/A;N/A;N/A;N/A;N/A;N/A;N/A;N/A;N/A;N/A;N/A;N/A;N/A;N/A;N/A;N/A;N/A;N/A;N/A;N/A;N/A;N/A;N/A;N/A;N/A;N/A;N/A;N/A;N/A;Sí;N/A;Sí;N/A;N/A;N/A;N/A;Sí;N/A;N/A;Sí;N/A;N/A;Sí;Sí;Sí;Sí;Sí;Sí;N/A;N/A;Sí;N/A;Sí
Renault;Kwid;"1.0 Sce 66cv Bitono";2024;"25000 km";;"AZUL AUTOMOVILES";13800;;;;;"La Blanqueada";https://auto.mercadolibre.com.uy/MLU-699514842-renault-kwid-10-sce-66cv-bitono-_JM;N/A;;"Renault Kwid 1.0 Sce 66cv Bitono";usd;Sí;silver;false;N/A;N/A;http://perfil.mercadolibre.com.uy/AZUL+AUTOMOVILES;active;N/A;N/A;Usado;Plateado;Sí;Hidráulica;Delantera;N/A;N/A;Sí;N/A;N/A;N/A;N/A;N/A;N/A;N/A;N/A;N/A;N/A;N/A;N/A;N/A;N/A;N/A;N/A;N/A;N/A;N/A;N/A;N/A;N/A;"2423 mm";"1 L";"50 L";5;N/A;N/A;N/A;N/A;N/A;N/A;N/A;N/A;N/A;N/A;N/A;N/A;N/A;N/A;N/A;N/A;N/A;N/A;N/A;N/A;N/A;N/A;N/A;N/A;N/A;N/A;N/A;N/A;N/A;N/A;N/A;N/A;N/A;N/A;N/A;N/A;N/A;N/A;N/A;N/A;N/A;N/A;N/A;N/A;N/A;"1474 mm";"3680 mm";N/A;N/A;N/A;N/A;5;"66 hp";Bitono;N/A;4;"1752 mm";N/A;N/A;N/A;N/A;N/A;N/A;N/A;N/A;N/A;N/A;N/A;N/A;N/A;N/A;N/A;N/A;N/A;N/A;5;1.0;Nafta;Manual;Hatchback;"Autos y camionetas";N/A;N/A;N/A;N/A;N/A;N/A;UY;N/A;N/A;N/A;N/A;N/A;N/A;N/A;N/A;N/A;N/A;N/A;N/A;N/A;N/A;N/A;N/A;N/A;N/A;N/A;N/A;N/A;N/A;N/A;N/A;N/A;N/A;N/A;N/A;N/A;N/A;N/A;N/A;N/A;N/A;N/A;N/A;N/A;N/A;N/A;N/A;N/A;N/A;N/A;N/A;N/A;N/A;N/A;N/A;N/A;N/A;N/A;N/A;N/A;N/A;N/A;N/A;N/A;N/A;N/A;N/A;N/A;N/A;N/A;N/A;N/A;N/A;N/A;N/A;N/A;N/A;N/A;N/A;N/A;N/A;N/A;N/A;N/A;N/A;N/A;N/A;N/A;N/A;N/A;N/A;N/A;N/A;N/A;N/A;N/A;N/A;N/A;N/A;N/A;N/A;N/A;N/A;N/A;N/A;N/A;N/A;N/A;N/A;N/A;N/A;N/A;N/A;N/A;N/A;N/A;N/A;N/A;N/A;N/A;N/A;N/A
Renault;Kwid;"outsider 1.0 full";2020;"59275 km";;VENDOAUTOSMARCELO;12900;;;;;"Paso de Carrasco";https://auto.mercadolibre.com.uy/MLU-698653240-renault-kwid-outsider-10-full-10-2020-muy-buen-estado-_JM;N/A;;"Renault Kwid Outsider 1.0 Full 1.0 2020 Muy Buen Estado!";USD;Sí;silver;false;N/A;N/A;http://perfil.mercadolibre.com.uy/VENDOAUTOSMARCELO;active;N/A;N/A;Usado;Negro;Sí;Hidráulica;N/A;Sí;Sí;N/A;N/A;N/A;N/A;Sí;N/A;N/A;N/A;N/A;N/A;Sí;N/A;N/A;N/A;N/A;N/A;N/A;N/A;N/A;N/A;N/A;N/A;N/A;N/A;"1000 cc";N/A;5;N/A;N/A;N/A;N/A;N/A;N/A;N/A;N/A;N/A;N/A;N/A;N/A;N/A;N/A;N/A;N/A;N/A;N/A;N/A;N/A;N/A;N/A;N/A;Sí;N/A;Sí;N/A;N/A;N/A;N/A;N/A;N/A;N/A;N/A;N/A;N/A;N/A;N/A;N/A;N/A;N/A;N/A;N/A;N/A;N/A;N/A;N/A;N/A;N/A;N/A;N/A;N/A;"68 hp";Outsider;N/A;N/A;N/A;"12 km/l";N/A;N/A;N/A;Sí;N/A;Sí;Sí;Sí;N/A;N/A;"15 km/l";N/A;N/A;N/A;N/A;Sí;"Lun. a Vie. de 8:30 a 18 hs. Sáb. de 9 a 13 hs.";4;1.0;Nafta;Manual;Sedán;"Autos y camionetas";No;N/A;N/A;N/A;No;N/A;N/A;No;Sí;No;No;N/A;N/A;N/A;N/A;N/A;N/A;N/A;N/A;N/A;N/A;N/A;N/A;N/A;N/A;N/A;N/A;N/A;N/A;N/A;N/A;N/A;N/A;N/A;N/A;N/A;N/A;N/A;N/A;N/A;N/A;N/A;N/A;N/A;N/A;N/A;N/A;N/A;N/A;N/A;N/A;N/A;N/A;N/A;N/A;N/A;N/A;N/A;N/A;N/A;N/A;Sí;No;N/A;N/A;N/A;N/A;N/A;N/A;N/A;N/A;N/A;N/A;N/A;N/A;N/A;N/A;N/A;N/A;N/A;N/A;N/A;N/A;N/A;N/A;N/A;N/A;N/A;N/A;N/A;N/A;N/A;N/A;N/A;N/A;N/A;Sí;N/A;N/A;N/A;Sí;N/A;Sí;N/A;N/A;Sí;N/A;N/A;N/A;N/A;Sí;N/A;N/A;N/A;Sí;Sí;Sí;N/A;N/A;N/A;N/A;Sí
Renault;Logan;"1.6 Privilége 105cv";2014;"100000 km";;"AZUL AUTOMOVILES";10990;;;;;"La Blanqueada";https://auto.mercadolibre.com.uy/MLU-696975946-renault-logan-16-privilege-105cv-2014-_JM;N/A;;"Renault Logan 1.6 Privilége 105cv 2014";usd;Sí;silver;false;N/A;N/A;http://perfil.mercadolibre.com.uy/AZUL+AUTOMOVILES;active;N/A;N/A;Usado;Plateado;N/A;Hidráulica;Delantera;N/A;N/A;N/A;N/A;N/A;N/A;N/A;N/A;N/A;N/A;N/A;N/A;N/A;N/A;N/A;N/A;N/A;N/A;N/A;N/A;N/A;N/A;N/A;N/A;N/A;"2635 mm";"1.6 L";"50 L";5;N/A;N/A;N/A;N/A;N/A;N/A;N/A;N/A;N/A;N/A;N/A;N/A;N/A;N/A;N/A;N/A;N/A;N/A;N/A;N/A;N/A;N/A;N/A;N/A;N/A;N/A;N/A;N/A;N/A;N/A;N/A;N/A;N/A;Sí;Sí;Sí;N/A;N/A;N/A;N/A;N/A;N/A;N/A;N/A;N/A;"1529 mm";"4350 mm";N/A;N/A;N/A;N/A;5;"105 hp";Privilege;N/A;4;"1733 mm";"11.8 km/l";N/A;N/A;N/A;N/A;N/A;N/A;Sí;N/A;N/A;N/A;"9.6 km/l";N/A;N/A;N/A;N/A;N/A;N/A;4;1.6;Nafta;Manual;Sedán;"Autos y camionetas";N/A;N/A;N/A;N/A;N/A;N/A;UY;N/A;N/A;N/A;N/A;N/A;N/A;N/A;N/A;N/A;N/A;N/A;N/A;N/A;N/A;N/A;N/A;N/A;N/A;N/A;N/A;N/A;N/A;N/A;N/A;N/A;N/A;N/A;N/A;N/A;N/A;N/A;N/A;N/A;N/A;N/A;N/A;N/A;N/A;N/A;N/A;N/A;N/A;N/A;N/A;N/A;N/A;N/A;N/A;N/A;N/A;N/A;N/A;N/A;N/A;N/A;N/A;N/A;N/A;N/A;N/A;N/A;N/A;N/A;N/A;N/A;N/A;N/A;N/A;N/A;N/A;N/A;N/A;N/A;N/A;N/A;N/A;N/A;N/A;N/A;N/A;N/A;N/A;N/A;N/A;N/A;N/A;N/A;N/A;N/A;N/A;N/A;N/A;N/A;N/A;N/A;N/A;N/A;N/A;N/A;N/A;N/A;N/A;N/A;N/A;N/A;N/A;N/A;N/A;N/A;N/A;N/A;N/A;N/A;N/A;N/A
Renault;"Duster Oroch";"Full dc";2018;"192881 km";;"CHEVROLET MERCEDES";13900;;;;;Mercedes;https://auto.mercadolibre.com.uy/MLU-694747502-renault-oroch-full-dc-20-2018-impecable-_JM;N/A;;"Renault Oroch Full Dc 2.0 2018 Impecable!";USD;Sí;silver;false;N/A;N/A;http://perfil.mercadolibre.com.uy/CHEVROLET+MERCEDES;active;N/A;N/A;Usado;Blanco;Sí;Asistida;N/A;Sí;N/A;N/A;N/A;N/A;N/A;N/A;N/A;N/A;N/A;N/A;N/A;N/A;N/A;N/A;N/A;N/A;N/A;N/A;N/A;N/A;N/A;N/A;N/A;N/A;N/A;"2000 cc";N/A;6;N/A;N/A;N/A;N/A;N/A;N/A;N/A;N/A;N/A;N/A;N/A;N/A;N/A;N/A;N/A;N/A;N/A;N/A;N/A;N/A;N/A;N/A;N/A;N/A;N/A;N/A;N/A;N/A;N/A;N/A;N/A;N/A;N/A;N/A;N/A;N/A;N/A;N/A;N/A;N/A;N/A;N/A;N/A;N/A;N/A;N/A;N/A;N/A;N/A;N/A;N/A;N/A;"130 hp";N/A;N/A;N/A;N/A;"10 km/l";N/A;N/A;N/A;N/A;N/A;N/A;N/A;N/A;N/A;N/A;"13 km/l";N/A;N/A;N/A;N/A;N/A;"Lun. a Vie. 8 a 12 y 14.30 a 18.30 hs. Sáb. 8 a 12 hs";4;2.0;Nafta;Manual;Pick-Up;"Autos y camionetas";No;N/A;N/A;N/A;No;N/A;N/A;No;Sí;No;No;N/A;N/A;N/A;N/A;N/A;N/A;N/A;N/A;N/A;N/A;N/A;N/A;N/A;N/A;N/A;N/A;N/A;N/A;N/A;N/A;N/A;N/A;N/A;N/A;N/A;N/A;N/A;N/A;N/A;N/A;N/A;N/A;N/A;N/A;N/A;N/A;N/A;N/A;N/A;N/A;N/A;N/A;N/A;N/A;N/A;N/A;N/A;N/A;N/A;N/A;N/A;No;N/A;N/A;N/A;N/A;N/A;N/A;N/A;N/A;N/A;N/A;N/A;N/A;N/A;N/A;N/A;N/A;N/A;N/A;N/A;N/A;N/A;N/A;N/A;N/A;N/A;N/A;N/A;N/A;N/A;N/A;N/A;N/A;N/A;N/A;N/A;N/A;N/A;N/A;N/A;N/A;N/A;N/A;N/A;N/A;N/A;N/A;N/A;N/A;N/A;N/A;N/A;N/A;N/A;N/A;N/A;N/A;N/A;N/A;N/A
Renault;"Sandero Stepway";Full;2017;"131290 km";;"CHEVROLET MERCEDES";11500;;;;;Mercedes;https://auto.mercadolibre.com.uy/MLU-694118468-renault-sandero-stepway-full-16-2017-impecable-_JM;N/A;;"Renault Sandero Stepway Full 1.6 2017 Impecable!";USD;Sí;silver;false;N/A;N/A;http://perfil.mercadolibre.com.uy/CHEVROLET+MERCEDES;active;N/A;N/A;Usado;Blanco;Sí;Asistida;N/A;N/A;N/A;N/A;N/A;N/A;N/A;N/A;N/A;N/A;N/A;N/A;N/A;N/A;N/A;N/A;N/A;N/A;N/A;N/A;N/A;N/A;N/A;N/A;N/A;N/A;N/A;"1600 cc";N/A;5;N/A;N/A;N/A;N/A;N/A;N/A;N/A;N/A;N/A;N/A;N/A;N/A;N/A;N/A;N/A;N/A;N/A;N/A;N/A;N/A;N/A;N/A;N/A;N/A;N/A;N/A;N/A;N/A;N/A;N/A;N/A;N/A;N/A;N/A;N/A;N/A;N/A;N/A;N/A;N/A;N/A;N/A;N/A;N/A;N/A;N/A;N/A;N/A;N/A;N/A;N/A;N/A;"99 hp";N/A;N/A;N/A;N/A;"11 km/l";N/A;N/A;N/A;N/A;N/A;N/A;N/A;N/A;N/A;N/A;"14 km/l";N/A;N/A;N/A;N/A;N/A;"Lun. a Vie. 8 a 12 y 14.30 a 18.30 hs. Sáb. 8 a 12 hs";5;1.6;Nafta;Manual;SUV;"Autos y camionetas";No;N/A;N/A;N/A;No;N/A;N/A;No;Sí;No;No;N/A;N/A;N/A;N/A;N/A;N/A;N/A;N/A;N/A;N/A;N/A;N/A;N/A;N/A;N/A;N/A;N/A;N/A;N/A;N/A;N/A;N/A;N/A;N/A;N/A;N/A;N/A;N/A;N/A;N/A;N/A;N/A;N/A;N/A;N/A;N/A;N/A;N/A;N/A;N/A;N/A;N/A;N/A;N/A;N/A;N/A;N/A;N/A;N/A;N/A;N/A;No;N/A;N/A;N/A;N/A;N/A;N/A;N/A;N/A;N/A;N/A;N/A;N/A;N/A;N/A;N/A;N/A;N/A;N/A;N/A;N/A;N/A;N/A;N/A;N/A;N/A;N/A;N/A;N/A;N/A;N/A;N/A;N/A;N/A;N/A;N/A;N/A;N/A;N/A;N/A;N/A;N/A;N/A;N/A;N/A;N/A;N/A;N/A;N/A;N/A;N/A;N/A;N/A;N/A;N/A;N/A;N/A;N/A;N/A;N/A
Renault;"Mégane III";"Extra Full";2015;"116500 km";;"CHEVROLET MERCEDES";13500;;;;;Mercedes;https://auto.mercadolibre.com.uy/MLU-694115300-renault-megane-iii-extra-full-20-2015-impecable-_JM;N/A;;"Renault Mégane Iii Extra Full 2.0 2015 Impecable!";USD;Sí;silver;false;N/A;N/A;http://perfil.mercadolibre.com.uy/CHEVROLET+MERCEDES;active;N/A;N/A;Usado;Plateado;N/A;Asistida;N/A;N/A;Sí;Sí;N/A;N/A;N/A;N/A;N/A;N/A;N/A;Sí;N/A;Sí;N/A;N/A;N/A;N/A;N/A;N/A;N/A;N/A;N/A;N/A;N/A;N/A;N/A;"2000 cc";N/A;5;N/A;N/A;N/A;N/A;N/A;N/A;N/A;N/A;N/A;N/A;N/A;N/A;N/A;N/A;N/A;N/A;N/A;N/A;N/A;N/A;N/A;N/A;N/A;N/A;N/A;N/A;N/A;N/A;N/A;N/A;N/A;N/A;N/A;N/A;N/A;N/A;N/A;N/A;N/A;N/A;N/A;N/A;N/A;N/A;N/A;N/A;N/A;N/A;N/A;N/A;N/A;N/A;"118 hp";N/A;N/A;N/A;N/A;"9 km/l";N/A;N/A;N/A;N/A;N/A;N/A;Sí;N/A;N/A;N/A;"13 km/l";N/A;N/A;N/A;N/A;Sí;"Lun. a Vie. 8 a 12 y 14.30 a 18.30 hs. Sáb. 8 a 12 hs";5;2.0;Nafta;Manual;Hatchback;"Autos y camionetas";No;N/A;N/A;N/A;No;N/A;N/A;No;Sí;No;No;N/A;N/A;N/A;N/A;N/A;N/A;N/A;N/A;N/A;N/A;N/A;N/A;N/A;N/A;N/A;N/A;N/A;N/A;N/A;N/A;N/A;N/A;N/A;N/A;N/A;N/A;N/A;N/A;N/A;N/A;N/A;N/A;N/A;N/A;N/A;N/A;N/A;N/A;N/A;N/A;N/A;N/A;N/A;N/A;N/A;N/A;N/A;N/A;N/A;N/A;N/A;No;N/A;N/A;N/A;N/A;N/A;N/A;N/A;N/A;N/A;N/A;N/A;N/A;N/A;N/A;N/A;N/A;N/A;N/A;N/A;N/A;N/A;N/A;N/A;N/A;N/A;N/A;N/A;N/A;N/A;N/A;N/A;N/A;N/A;N/A;Sí;Sí;N/A;Sí;N/A;N/A;N/A;N/A;Sí;N/A;N/A;N/A;N/A;N/A;N/A;N/A;N/A;Sí;Sí;Sí;N/A;N/A;N/A;N/A;Sí
Renault;Kwid;"1.0 Sce 66cv Bitono";2024;"0 km";;PIDENOSA;15990;;;;;Maldonado;https://auto.mercadolibre.com.uy/MLU-691253164-renault-kwid-bitono-10-mt-_JM;N/A;;"Renault Kwid Bitono 1.0 Mt";usd;Sí;silver;false;N/A;N/A;http://perfil.mercadolibre.com.uy/PIDENOSA;active;N/A;N/A;Nuevo;Azul;N/A;N/A;Delantera;N/A;N/A;Sí;N/A;N/A;N/A;N/A;N/A;N/A;N/A;N/A;N/A;N/A;N/A;N/A;N/A;N/A;N/A;N/A;N/A;N/A;N/A;N/A;N/A;N/A;"2423 mm";"1 L";"50 L";5;N/A;N/A;N/A;N/A;N/A;N/A;N/A;N/A;N/A;N/A;N/A;N/A;N/A;N/A;N/A;N/A;N/A;N/A;N/A;N/A;N/A;N/A;N/A;N/A;N/A;N/A;N/A;N/A;N/A;N/A;N/A;N/A;N/A;N/A;N/A;N/A;N/A;N/A;N/A;N/A;N/A;N/A;N/A;N/A;N/A;"1474 mm";"3680 mm";N/A;N/A;N/A;N/A;5;"66 hp";Bitono;N/A;4;"1752 mm";N/A;N/A;N/A;N/A;N/A;N/A;N/A;N/A;N/A;N/A;N/A;N/A;N/A;N/A;N/A;N/A;N/A;"Lunes a Sábados de 8:30 a 18:00 hs";5;1.0;Nafta;Manual;Hatchback;"Autos y camionetas";N/A;N/A;N/A;N/A;N/A;N/A;UY;N/A;N/A;N/A;N/A;N/A;N/A;N/A;N/A;N/A;N/A;N/A;N/A;N/A;N/A;N/A;N/A;N/A;N/A;N/A;N/A;N/A;N/A;N/A;N/A;N/A;N/A;N/A;N/A;N/A;N/A;N/A;N/A;N/A;N/A;N/A;N/A;N/A;N/A;N/A;N/A;N/A;N/A;N/A;N/A;N/A;N/A;N/A;N/A;N/A;N/A;N/A;N/A;N/A;N/A;N/A;N/A;N/A;N/A;N/A;N/A;N/A;N/A;N/A;N/A;N/A;N/A;N/A;N/A;N/A;N/A;N/A;N/A;N/A;N/A;N/A;N/A;N/A;N/A;N/A;N/A;N/A;N/A;N/A;N/A;N/A;N/A;N/A;N/A;N/A;N/A;N/A;N/A;N/A;N/A;N/A;N/A;N/A;N/A;N/A;N/A;N/A;N/A;N/A;N/A;N/A;N/A;N/A;N/A;N/A;N/A;N/A;N/A;N/A;N/A;N/A
Renault;"Kangoo Express";"1.6 Sce Confort 114Cv";2014;"148000 km";;"AZUL AUTOMOVILES";9990;;;;;"La Blanqueada";https://auto.mercadolibre.com.uy/MLU-705241226-renault-kangoo-5-pasajeros-2014-_JM;N/A;;"Renault Kangoo 5 Pasajeros 2014";USD;Sí;silver;false;N/A;N/A;http://perfil.mercadolibre.com.uy/AZUL+AUTOMOVILES;active;N/A;N/A;Usado;Gris;N/A;Hidráulica;4x2;N/A;N/A;N/A;N/A;N/A;N/A;N/A;N/A;N/A;N/A;N/A;N/A;N/A;N/A;N/A;N/A;N/A;N/A;N/A;N/A;N/A;N/A;N/A;N/A;N/A;N/A;N/A;N/A;N/A;N/A;N/A;N/A;N/A;N/A;N/A;N/A;N/A;N/A;N/A;N/A;N/A;N/A;N/A;N/A;N/A;N/A;N/A;N/A;N/A;N/A;N/A;N/A;N/A;N/A;N/A;N/A;N/A;N/A;N/A;N/A;N/A;N/A;N/A;N/A;N/A;N/A;N/A;N/A;N/A;N/A;N/A;N/A;N/A;N/A;N/A;N/A;N/A;N/A;N/A;N/A;N/A;N/A;N/A;N/A;N/A;N/A;N/A;N/A;N/A;N/A;N/A;N/A;N/A;N/A;N/A;N/A;N/A;N/A;N/A;N/A;N/A;N/A;N/A;N/A;5;1.6;Nafta;Manual;N/A;"Autos y camionetas";N/A;N/A;N/A;N/A;N/A;N/A;N/A;N/A;N/A;N/A;N/A;N/A;N/A;N/A;N/A;N/A;N/A;N/A;N/A;N/A;N/A;N/A;N/A;N/A;N/A;N/A;N/A;N/A;N/A;N/A;N/A;N/A;N/A;N/A;N/A;N/A;N/A;N/A;N/A;N/A;N/A;N/A;N/A;N/A;N/A;N/A;N/A;N/A;N/A;N/A;N/A;N/A;N/A;N/A;N/A;N/A;N/A;N/A;N/A;N/A;N/A;N/A;N/A;N/A;N/A;N/A;N/A;N/A;N/A;N/A;N/A;N/A;N/A;N/A;N/A;N/A;N/A;N/A;N/A;N/A;N/A;N/A;N/A;N/A;N/A;N/A;N/A;N/A;N/A;N/A;N/A;N/A;N/A;N/A;N/A;N/A;N/A;N/A;N/A;N/A;N/A;N/A;N/A;N/A;N/A;N/A;N/A;N/A;N/A;N/A;N/A;N/A;N/A;N/A;N/A;N/A;N/A;N/A;N/A;N/A;N/A;N/A
Renault;Scénic;"2.0 Rxe";2000;"172000 km";;AMAYAMOTORS;6200;;;;;Centro;https://auto.mercadolibre.com.uy/MLU-703366752-renault-scenic-rt-full-amaya-_JM;N/A;;"Renault Scenic Rt Full Amaya";usd;No;silver;false;N/A;N/A;http://perfil.mercadolibre.com.uy/AMAYAMOTORS;active;N/A;N/A;Usado;Blanco;N/A;Hidráulica;Delantera;Sí;Sí;N/A;N/A;N/A;N/A;N/A;N/A;N/A;N/A;N/A;N/A;Sí;N/A;N/A;N/A;N/A;N/A;N/A;N/A;N/A;N/A;N/A;N/A;N/A;"2580 mm";"2 L";"60 L";5;N/A;N/A;N/A;N/A;N/A;N/A;N/A;N/A;N/A;N/A;N/A;N/A;N/A;N/A;N/A;N/A;N/A;N/A;N/A;N/A;N/A;N/A;N/A;N/A;N/A;N/A;N/A;N/A;N/A;Sí;N/A;N/A;N/A;N/A;N/A;N/A;N/A;N/A;N/A;N/A;N/A;N/A;N/A;N/A;N/A;"1675 mm";"4169 mm";N/A;N/A;N/A;N/A;5;"115 hp";Rxe;N/A;2;"1810 mm";"10.8 km/l";N/A;N/A;N/A;Sí;N/A;Sí;Sí;N/A;N/A;N/A;"6.4 km/l";N/A;N/A;N/A;N/A;Sí;N/A;5;2.0;Nafta;Manual;SUV;"Autos y camionetas";N/A;N/A;N/A;N/A;N/A;N/A;UY;N/A;Sí;N/A;N/A;N/A;N/A;N/A;N/A;N/A;N/A;N/A;N/A;N/A;N/A;N/A;N/A;N/A;N/A;N/A;N/A;N/A;N/A;N/A;N/A;N/A;N/A;N/A;N/A;N/A;N/A;N/A;N/A;N/A;N/A;N/A;N/A;N/A;N/A;N/A;N/A;N/A;N/A;N/A;N/A;N/A;N/A;N/A;N/A;N/A;N/A;N/A;N/A;N/A;N/A;Sí;Sí;N/A;N/A;N/A;N/A;N/A;N/A;N/A;N/A;N/A;N/A;N/A;N/A;N/A;N/A;N/A;N/A;N/A;N/A;N/A;N/A;N/A;N/A;N/A;N/A;N/A;N/A;N/A;N/A;N/A;N/A;N/A;N/A;N/A;N/A;Sí;Sí;N/A;N/A;N/A;N/A;N/A;N/A;N/A;N/A;N/A;Sí;N/A;N/A;N/A;N/A;Sí;Sí;N/A;N/A;N/A;N/A;Sí;N/A;Sí
Renault;"Duster Oroch";"outsider 1.6 manual MT";2024;"0 km";;VENDOAUTOSMARCELO;25000;;;;;"Paso de Carrasco";https://auto.mercadolibre.com.uy/MLU-679729772-renault-oroch-outsider-16-manual-mt-16-2024-0km-_JM;N/A;;"Renault Oroch Outsider 1.6 Manual Mt 1.6 2024 0km";usd;Sí;silver;false;N/A;N/A;http://perfil.mercadolibre.com.uy/VENDOAUTOSMARCELO;active;N/A;N/A;Nuevo;"Gris oscuro";N/A;Eléctrica;N/A;Sí;Sí;N/A;N/A;N/A;N/A;Sí;Sí;N/A;N/A;Sí;N/A;Sí;N/A;N/A;N/A;N/A;N/A;N/A;N/A;N/A;N/A;N/A;N/A;N/A;N/A;"1600 cc";N/A;6;N/A;N/A;N/A;N/A;N/A;N/A;N/A;N/A;N/A;N/A;N/A;N/A;N/A;N/A;N/A;N/A;N/A;N/A;N/A;N/A;N/A;N/A;N/A;Sí;N/A;Sí;N/A;N/A;N/A;Sí;N/A;N/A;N/A;N/A;N/A;N/A;N/A;N/A;N/A;N/A;N/A;N/A;N/A;N/A;N/A;N/A;N/A;N/A;N/A;N/A;N/A;N/A;"116 hp";Outsider;N/A;N/A;N/A;"11 km/l";N/A;N/A;N/A;Sí;N/A;Sí;N/A;N/A;N/A;N/A;"15 km/l";Sí;N/A;Sí;Sí;N/A;"Lun. a Vie. de 8:30 a 18 hs. Sáb. de 9 a 13 hs.";4;1.6;Nafta;Manual;Pick-Up;"Autos y camionetas";No;N/A;N/A;N/A;No;N/A;UY;No;Sí;No;No;N/A;N/A;N/A;N/A;N/A;N/A;N/A;N/A;N/A;N/A;N/A;N/A;N/A;N/A;N/A;N/A;N/A;N/A;N/A;N/A;N/A;N/A;N/A;N/A;N/A;N/A;N/A;N/A;N/A;N/A;N/A;N/A;Sí;N/A;N/A;N/A;N/A;N/A;N/A;N/A;N/A;N/A;N/A;N/A;N/A;N/A;N/A;N/A;N/A;N/A;Sí;No;N/A;N/A;N/A;N/A;N/A;N/A;N/A;N/A;N/A;N/A;N/A;N/A;N/A;N/A;N/A;N/A;N/A;N/A;N/A;N/A;N/A;N/A;N/A;N/A;N/A;N/A;N/A;N/A;N/A;N/A;N/A;N/A;N/A;Sí;Sí;Sí;N/A;Sí;N/A;Sí;N/A;Sí;Sí;N/A;N/A;N/A;N/A;N/A;N/A;N/A;N/A;Sí;Sí;Sí;N/A;N/A;N/A;N/A;Sí
Renault;"Duster Oroch";"1.6 Dynamique";2021;"60000 km";;"SAINTDIEGO AUTOMOVILES";14800;;;;;Malvin;https://auto.mercadolibre.com.uy/MLU-645404551-renault-duster-oroch-2021-16-dynamique-_JM;N/A;;"Renault Duster Oroch 2021 1.6 Dynamique";usd;Sí;silver;false;N/A;N/A;http://perfil.mercadolibre.com.uy/SAINTDIEGO+AUTOMOVILES;active;N/A;N/A;Usado;N/A;N/A;N/A;4x2;N/A;N/A;Sí;N/A;N/A;N/A;N/A;N/A;N/A;N/A;N/A;N/A;N/A;N/A;N/A;N/A;N/A;N/A;N/A;N/A;N/A;N/A;N/A;N/A;N/A;"2829 mm";"1.6 L";"50 L";5;N/A;N/A;N/A;N/A;N/A;N/A;N/A;N/A;N/A;N/A;N/A;N/A;N/A;N/A;N/A;N/A;N/A;N/A;N/A;N/A;N/A;N/A;N/A;N/A;N/A;N/A;N/A;N/A;N/A;N/A;N/A;N/A;N/A;N/A;N/A;N/A;N/A;N/A;N/A;N/A;N/A;N/A;N/A;N/A;N/A;"1683 mm";"4329 mm";N/A;N/A;N/A;N/A;5;"110 hp";Dynamique;N/A;4;"1821 mm";"11.1 km/l";N/A;N/A;N/A;N/A;N/A;N/A;N/A;N/A;N/A;N/A;"10.4 km/l";N/A;N/A;N/A;N/A;N/A;N/A;4;1.6;Nafta;Manual;SUV;"Autos y camionetas";N/A;N/A;N/A;N/A;N/A;N/A;UY;N/A;N/A;N/A;N/A;N/A;N/A;N/A;N/A;N/A;N/A;N/A;N/A;N/A;N/A;N/A;N/A;N/A;N/A;N/A;N/A;N/A;N/A;N/A;N/A;N/A;N/A;N/A;N/A;N/A;N/A;N/A;N/A;N/A;N/A;N/A;N/A;N/A;N/A;N/A;N/A;N/A;N/A;N/A;N/A;N/A;N/A;N/A;N/A;N/A;N/A;N/A;N/A;N/A;N/A;N/A;N/A;N/A;N/A;N/A;N/A;N/A;N/A;N/A;N/A;N/A;N/A;N/A;N/A;N/A;N/A;N/A;N/A;N/A;N/A;N/A;N/A;N/A;N/A;N/A;N/A;N/A;N/A;N/A;N/A;N/A;N/A;N/A;N/A;N/A;N/A;N/A;N/A;N/A;N/A;N/A;N/A;N/A;N/A;N/A;N/A;N/A;N/A;N/A;N/A;N/A;N/A;N/A;N/A;N/A;N/A;N/A;N/A;N/A;N/A;N/A
Renault;"Duster Oroch";"2.0 Privilege";2022;"54000 km";;"SAINTDIEGO AUTOMOVILES";17200;;;;;Malvin;https://auto.mercadolibre.com.uy/MLU-697860092-renault-duster-oroch-2022-20-privilege-_JM;N/A;;"Renault Duster Oroch 2022 2.0 Privilege";usd;Sí;silver;false;N/A;N/A;http://perfil.mercadolibre.com.uy/SAINTDIEGO+AUTOMOVILES;active;N/A;N/A;Usado;N/A;N/A;N/A;4x2;Sí;N/A;N/A;N/A;N/A;N/A;N/A;N/A;N/A;N/A;N/A;N/A;N/A;N/A;N/A;N/A;N/A;N/A;N/A;N/A;N/A;N/A;N/A;N/A;N/A;"2829 mm";"2 L";"50 L";6;N/A;N/A;N/A;N/A;N/A;N/A;N/A;N/A;N/A;N/A;N/A;N/A;N/A;N/A;N/A;N/A;N/A;N/A;N/A;N/A;N/A;N/A;N/A;N/A;N/A;N/A;N/A;N/A;N/A;N/A;N/A;N/A;N/A;N/A;N/A;N/A;N/A;N/A;N/A;N/A;N/A;N/A;N/A;N/A;N/A;"1683 mm";"4329 mm";N/A;N/A;N/A;N/A;5;"143 hp";Privilege;N/A;4;"1821 mm";"10.8 km/l";N/A;N/A;N/A;N/A;N/A;N/A;N/A;N/A;N/A;N/A;N/A;N/A;N/A;N/A;N/A;N/A;N/A;5;2.0;Nafta;Manual;SUV;"Autos y camionetas";N/A;N/A;N/A;N/A;N/A;N/A;UY;N/A;N/A;N/A;N/A;N/A;N/A;N/A;N/A;N/A;N/A;N/A;N/A;N/A;N/A;N/A;N/A;N/A;N/A;N/A;N/A;N/A;N/A;N/A;N/A;N/A;N/A;N/A;N/A;N/A;N/A;N/A;N/A;N/A;N/A;N/A;N/A;N/A;N/A;N/A;N/A;N/A;N/A;N/A;N/A;N/A;N/A;N/A;N/A;N/A;N/A;N/A;N/A;N/A;N/A;N/A;N/A;N/A;N/A;N/A;N/A;N/A;N/A;N/A;N/A;N/A;N/A;N/A;N/A;N/A;N/A;N/A;N/A;N/A;N/A;N/A;N/A;N/A;N/A;N/A;N/A;N/A;N/A;N/A;N/A;N/A;N/A;N/A;N/A;N/A;N/A;N/A;N/A;N/A;N/A;N/A;N/A;N/A;N/A;N/A;N/A;N/A;N/A;N/A;N/A;N/A;N/A;N/A;N/A;N/A;N/A;N/A;N/A;N/A;N/A;N/A
Renault;Kwid;"1.0 Sce 66cv Zen";2024;"0 km";;RECRULSA;14800;;;;;Melo;https://auto.mercadolibre.com.uy/MLU-678447196-renault-kwid-2024-10-sce-66cv-zen-_JM;N/A;;"Renault Kwid 2024 1.0 Sce 66cv Zen";usd;Sí;silver;false;N/A;N/A;http://perfil.mercadolibre.com.uy/RECRULSA;active;N/A;N/A;Nuevo;N/A;N/A;N/A;Delantera;N/A;N/A;Sí;N/A;N/A;N/A;N/A;N/A;N/A;N/A;N/A;N/A;N/A;N/A;N/A;N/A;N/A;N/A;N/A;N/A;N/A;N/A;N/A;N/A;N/A;"2423 mm";"1 L";"50 L";5;N/A;N/A;N/A;N/A;N/A;N/A;N/A;N/A;N/A;N/A;N/A;N/A;N/A;N/A;N/A;N/A;N/A;N/A;N/A;N/A;N/A;N/A;N/A;N/A;N/A;N/A;N/A;N/A;N/A;N/A;N/A;N/A;N/A;N/A;N/A;N/A;N/A;N/A;N/A;N/A;N/A;N/A;N/A;N/A;N/A;"1474 mm";"3680 mm";N/A;N/A;N/A;N/A;5;"66 hp";Zen;N/A;4;"1752 mm";N/A;N/A;N/A;N/A;N/A;N/A;N/A;N/A;N/A;N/A;N/A;N/A;N/A;N/A;N/A;N/A;N/A;N/A;5;1.0;Nafta;Manual;Hatchback;"Autos y camionetas";N/A;N/A;N/A;N/A;N/A;N/A;UY;N/A;N/A;N/A;N/A;N/A;N/A;N/A;N/A;N/A;N/A;N/A;N/A;N/A;N/A;N/A;N/A;N/A;N/A;N/A;N/A;N/A;N/A;N/A;N/A;N/A;N/A;N/A;N/A;N/A;N/A;N/A;N/A;N/A;N/A;N/A;N/A;N/A;N/A;N/A;N/A;N/A;N/A;N/A;N/A;N/A;N/A;N/A;N/A;N/A;N/A;N/A;N/A;N/A;N/A;N/A;N/A;N/A;N/A;N/A;N/A;N/A;N/A;N/A;N/A;N/A;N/A;N/A;N/A;N/A;N/A;N/A;N/A;N/A;N/A;N/A;N/A;N/A;N/A;N/A;N/A;N/A;N/A;N/A;N/A;N/A;N/A;N/A;N/A;N/A;N/A;N/A;N/A;N/A;N/A;N/A;N/A;N/A;N/A;N/A;N/A;N/A;N/A;N/A;N/A;N/A;N/A;N/A;N/A;N/A;N/A;N/A;N/A;N/A;N/A;N/A
Renault;"Duster Oroch";"zen 1.6 full";2025;"0 km";;VENDOAUTOSMARCELO;23000;;;;;"Paso de Carrasco";https://auto.mercadolibre.com.uy/MLU-673246722-renault-oroch-zen-16-full-16-2025-0km-_JM;N/A;;"Renault Oroch Zen 1.6 Full 1.6 2025 0km";USD;Sí;silver;false;N/A;N/A;http://perfil.mercadolibre.com.uy/VENDOAUTOSMARCELO;active;N/A;N/A;Nuevo;"Gris oscuro";N/A;Hidráulica;N/A;Sí;Sí;Sí;N/A;N/A;N/A;Sí;Sí;N/A;N/A;Sí;Sí;Sí;N/A;N/A;N/A;N/A;N/A;N/A;N/A;N/A;N/A;N/A;N/A;N/A;N/A;"1600 cc";N/A;6;N/A;N/A;Sí;Sí;N/A;N/A;N/A;N/A;N/A;N/A;N/A;N/A;N/A;N/A;N/A;N/A;N/A;N/A;N/A;N/A;N/A;N/A;N/A;Sí;N/A;N/A;N/A;N/A;N/A;Sí;N/A;N/A;N/A;N/A;N/A;N/A;N/A;N/A;N/A;N/A;N/A;N/A;N/A;N/A;N/A;N/A;N/A;N/A;N/A;N/A;N/A;N/A;"120 hp";Zen;N/A;N/A;N/A;"10 km/l";N/A;N/A;N/A;Sí;N/A;Sí;Sí;N/A;N/A;N/A;"12 km/l";N/A;N/A;N/A;Sí;N/A;"Lun. a Vie. de 8:30 a 18 hs. Sáb. de 9 a 13 hs.";4;1.6;Nafta;Manual;Pick-Up;"Autos y camionetas";No;N/A;N/A;N/A;No;N/A;N/A;No;Sí;No;No;N/A;N/A;N/A;N/A;N/A;N/A;N/A;N/A;N/A;N/A;N/A;N/A;N/A;N/A;N/A;N/A;N/A;N/A;N/A;N/A;N/A;N/A;N/A;N/A;N/A;N/A;N/A;N/A;N/A;N/A;N/A;N/A;Sí;N/A;N/A;N/A;N/A;N/A;N/A;N/A;N/A;N/A;N/A;N/A;N/A;N/A;N/A;N/A;N/A;N/A;Sí;No;N/A;N/A;N/A;N/A;N/A;N/A;N/A;N/A;N/A;N/A;N/A;N/A;N/A;N/A;N/A;N/A;N/A;N/A;N/A;N/A;N/A;N/A;N/A;N/A;N/A;N/A;N/A;N/A;N/A;N/A;N/A;N/A;N/A;Sí;N/A;Sí;N/A;Sí;N/A;Sí;N/A;Sí;Sí;N/A;N/A;N/A;N/A;N/A;N/A;N/A;N/A;Sí;Sí;Sí;N/A;N/A;N/A;N/A;Sí
Renault;Stepway;"ZEN 1.0";2023;"0 km";;"DELTACAR S.A.";20500;;;;;Mercedes;https://auto.mercadolibre.com.uy/MLU-697426988-renault-nueva-stepway-zen-10-_JM;N/A;;"Renault Nueva Stepway Zen 1.0 ";USD;Sí;silver;false;N/A;N/A;http://perfil.mercadolibre.com.uy/DELTACAR+S.A.;active;N/A;N/A;Nuevo;Blanco;N/A;Hidráulica;4x2;Sí;Sí;N/A;N/A;N/A;N/A;N/A;N/A;N/A;N/A;N/A;Sí;Sí;N/A;Sí;N/A;N/A;N/A;N/A;N/A;N/A;N/A;N/A;N/A;N/A;N/A;N/A;N/A;N/A;N/A;N/A;N/A;N/A;N/A;N/A;N/A;N/A;N/A;N/A;N/A;N/A;N/A;N/A;N/A;N/A;N/A;N/A;N/A;N/A;N/A;N/A;N/A;N/A;N/A;N/A;N/A;N/A;N/A;N/A;N/A;N/A;N/A;N/A;N/A;N/A;N/A;N/A;N/A;N/A;N/A;N/A;N/A;N/A;N/A;N/A;N/A;N/A;N/A;N/A;N/A;N/A;N/A;N/A;N/A;N/A;N/A;N/A;N/A;N/A;N/A;Sí;N/A;Sí;Sí;N/A;N/A;N/A;N/A;N/A;Sí;N/A;N/A;N/A;"todos los dias";4;"1.0 cc";Nafta;Manual;SUV;"Autos y camionetas";Sí;N/A;N/A;N/A;N/A;N/A;N/A;N/A;Sí;N/A;N/A;N/A;N/A;N/A;N/A;N/A;N/A;N/A;N/A;N/A;N/A;N/A;N/A;N/A;N/A;N/A;N/A;N/A;N/A;N/A;N/A;N/A;N/A;N/A;N/A;N/A;N/A;N/A;N/A;N/A;N/A;N/A;N/A;Sí;N/A;N/A;N/A;N/A;N/A;N/A;N/A;N/A;N/A;N/A;N/A;N/A;N/A;N/A;N/A;N/A;N/A;N/A;Sí;N/A;N/A;N/A;N/A;N/A;N/A;N/A;N/A;N/A;N/A;N/A;N/A;N/A;N/A;N/A;N/A;N/A;N/A;N/A;N/A;N/A;N/A;N/A;N/A;N/A;N/A;N/A;N/A;N/A;N/A;N/A;N/A;N/A;Sí;N/A;Sí;N/A;Sí;N/A;N/A;N/A;N/A;Sí;N/A;Sí;Sí;N/A;N/A;N/A;Sí;Sí;Sí;Sí;Sí;N/A;N/A;Sí;N/A;Sí
Renault;Kwid;"intens bitono";2024;"0 km";;VENDOAUTOSMARCELO;16490;;;;;"Paso de Carrasco";https://auto.mercadolibre.com.uy/MLU-669535546-renault-kwid-intens-bitono-10-2024-0km-_JM;N/A;;"Renault Kwid Intens Bitono 1.0 2024 0km";usd;Sí;silver;false;N/A;N/A;http://perfil.mercadolibre.com.uy/VENDOAUTOSMARCELO;active;N/A;N/A;Nuevo;Blanco;N/A;Eléctrica;N/A;Sí;Sí;N/A;N/A;N/A;N/A;Sí;N/A;N/A;N/A;Sí;N/A;Sí;N/A;N/A;N/A;N/A;N/A;N/A;N/A;N/A;N/A;N/A;N/A;N/A;N/A;"1000 cc";N/A;5;N/A;N/A;N/A;N/A;N/A;N/A;N/A;N/A;N/A;N/A;N/A;N/A;N/A;N/A;N/A;N/A;N/A;N/A;N/A;N/A;N/A;N/A;N/A;N/A;N/A;N/A;N/A;N/A;N/A;N/A;N/A;N/A;N/A;N/A;N/A;N/A;N/A;N/A;N/A;N/A;N/A;N/A;N/A;N/A;N/A;N/A;N/A;N/A;N/A;N/A;N/A;N/A;"78 hp";Bitono;N/A;N/A;N/A;"12 km/l";N/A;N/A;N/A;N/A;N/A;N/A;N/A;Sí;N/A;N/A;"15 km/l";N/A;N/A;N/A;N/A;Sí;"Lun. a Vie. de 8:30 a 18 hs. Sáb. de 9 a 13 hs.";4;1.0;Nafta;Manual;Sedán;"Autos y camionetas";No;N/A;N/A;N/A;No;N/A;UY;No;Sí;No;No;N/A;N/A;N/A;N/A;N/A;N/A;N/A;N/A;N/A;N/A;N/A;N/A;N/A;N/A;N/A;N/A;N/A;N/A;N/A;N/A;N/A;N/A;N/A;N/A;N/A;N/A;N/A;N/A;N/A;N/A;N/A;N/A;Sí;N/A;N/A;N/A;N/A;N/A;N/A;N/A;N/A;N/A;N/A;N/A;N/A;N/A;N/A;N/A;N/A;N/A;Sí;No;N/A;N/A;N/A;N/A;N/A;N/A;N/A;N/A;N/A;N/A;N/A;N/A;N/A;N/A;N/A;N/A;N/A;N/A;N/A;N/A;N/A;N/A;N/A;N/A;N/A;N/A;N/A;N/A;N/A;N/A;N/A;N/A;N/A;Sí;N/A;N/A;N/A;Sí;N/A;Sí;N/A;N/A;Sí;N/A;N/A;N/A;N/A;Sí;N/A;N/A;N/A;Sí;N/A;Sí;N/A;N/A;N/A;N/A;Sí
Renault;Kwid;outsider;2024;"0 km";;VENDOAUTOSMARCELO;16490;;;;;"Paso de Carrasco";https://auto.mercadolibre.com.uy/MLU-669639302-renault-kwid-outsider-10-2024-0km-_JM;N/A;;"Renault Kwid Outsider 1.0 2024 0km";usd;Sí;silver;false;N/A;N/A;http://perfil.mercadolibre.com.uy/VENDOAUTOSMARCELO;active;N/A;N/A;Nuevo;Azul;N/A;Hidráulica;N/A;Sí;Sí;Sí;N/A;N/A;N/A;Sí;N/A;N/A;N/A;N/A;N/A;Sí;N/A;N/A;N/A;N/A;N/A;N/A;N/A;N/A;N/A;N/A;N/A;N/A;N/A;"1000 cc";N/A;5;N/A;N/A;N/A;N/A;N/A;N/A;N/A;N/A;N/A;N/A;N/A;N/A;N/A;N/A;N/A;N/A;N/A;N/A;N/A;N/A;N/A;N/A;N/A;Sí;N/A;Sí;N/A;N/A;N/A;N/A;N/A;N/A;N/A;N/A;N/A;N/A;N/A;N/A;N/A;N/A;N/A;N/A;N/A;N/A;N/A;N/A;N/A;N/A;N/A;N/A;N/A;N/A;"76 hp";Outsider;N/A;N/A;N/A;"12 km/l";N/A;N/A;N/A;N/A;N/A;Sí;Sí;Sí;N/A;N/A;"15 km/l";N/A;N/A;N/A;N/A;Sí;"Lun. a Vie. de 8:30 a 18 hs. Sáb. de 9 a 13 hs.";4;1.0;Nafta;Manual;Sedán;"Autos y camionetas";No;N/A;N/A;N/A;No;N/A;UY;No;Sí;No;No;N/A;N/A;N/A;N/A;N/A;N/A;N/A;N/A;N/A;N/A;N/A;N/A;N/A;N/A;N/A;N/A;N/A;N/A;N/A;N/A;N/A;N/A;N/A;N/A;N/A;N/A;N/A;N/A;N/A;N/A;N/A;N/A;Sí;N/A;N/A;N/A;N/A;N/A;N/A;N/A;N/A;N/A;N/A;N/A;N/A;N/A;N/A;N/A;N/A;N/A;Sí;No;N/A;N/A;N/A;N/A;N/A;N/A;N/A;N/A;N/A;N/A;N/A;N/A;N/A;N/A;N/A;N/A;N/A;N/A;N/A;N/A;N/A;N/A;N/A;N/A;N/A;N/A;N/A;N/A;N/A;N/A;N/A;N/A;N/A;Sí;N/A;Sí;N/A;Sí;N/A;Sí;N/A;Sí;Sí;N/A;N/A;N/A;N/A;Sí;N/A;N/A;N/A;Sí;Sí;Sí;N/A;N/A;N/A;N/A;Sí
Renault;"Duster Oroch";"INTENS 1.3 Tce CVT 4X2";2023;"0 km";;"DELTACAR S.A.";26500;;;;;Mercedes;https://auto.mercadolibre.com.uy/MLU-673382308-renault-oroch-intens-13-tce-cvt-4x2-_JM;N/A;;"Renault Oroch Intens 1.3 Tce Cvt 4x2";usd;Sí;silver;false;N/A;N/A;http://perfil.mercadolibre.com.uy/DELTACAR+S.A.;active;N/A;N/A;Nuevo;Plateado;N/A;Eléctrica;4x2;N/A;Sí;N/A;N/A;N/A;N/A;N/A;N/A;N/A;N/A;N/A;Sí;Sí;N/A;N/A;N/A;N/A;N/A;N/A;N/A;N/A;N/A;N/A;N/A;N/A;"2829 mm";"1.3 L";"45 L";N/A;N/A;N/A;N/A;N/A;N/A;N/A;N/A;N/A;N/A;N/A;N/A;N/A;N/A;N/A;N/A;N/A;N/A;N/A;N/A;N/A;N/A;N/A;N/A;N/A;N/A;N/A;N/A;N/A;N/A;N/A;N/A;N/A;N/A;N/A;N/A;N/A;N/A;N/A;N/A;N/A;N/A;N/A;N/A;N/A;N/A;"1631 mm";"4719 mm";N/A;N/A;N/A;N/A;5;"156 hp";"Intens Outsider";N/A;4;"1821 mm";N/A;N/A;N/A;Sí;N/A;N/A;Sí;Sí;N/A;N/A;N/A;N/A;N/A;N/A;N/A;N/A;N/A;"todos los dias";4;"1.3 turbo";Nafta;Automática;Pick-Up;"Autos y camionetas";N/A;N/A;N/A;N/A;N/A;N/A;UY;N/A;N/A;N/A;N/A;N/A;N/A;N/A;N/A;N/A;N/A;N/A;N/A;N/A;N/A;N/A;N/A;N/A;Sí;N/A;N/A;N/A;N/A;N/A;N/A;N/A;N/A;N/A;N/A;N/A;N/A;N/A;N/A;N/A;N/A;N/A;N/A;Sí;N/A;N/A;N/A;N/A;N/A;N/A;N/A;N/A;N/A;N/A;N/A;N/A;N/A;N/A;N/A;N/A;N/A;N/A;N/A;N/A;N/A;N/A;N/A;N/A;N/A;N/A;N/A;N/A;N/A;N/A;N/A;N/A;N/A;N/A;N/A;N/A;N/A;N/A;N/A;N/A;N/A;N/A;N/A;N/A;N/A;N/A;N/A;N/A;N/A;N/A;N/A;N/A;Sí;N/A;N/A;N/A;Sí;N/A;N/A;N/A;N/A;Sí;N/A;Sí;Sí;N/A;N/A;Sí;Sí;Sí;N/A;N/A;N/A;N/A;N/A;N/A;N/A;N/A
Renault;Master;"L2H2 PH2 PRO";2024;"0 km";;VENDOAUTOSMARCELO;42690;;;;;"Paso de Carrasco";https://auto.mercadolibre.com.uy/MLU-669600606-renault-master-l2h2-ph2-pro-23-2024-0km-_JM;N/A;;"Renault Master L2h2 Ph2 Pro 2.3 2024 0km";usd;Sí;silver;false;N/A;N/A;http://perfil.mercadolibre.com.uy/VENDOAUTOSMARCELO;active;N/A;N/A;Nuevo;Plateado;N/A;Hidráulica;N/A;Sí;N/A;N/A;N/A;N/A;N/A;N/A;N/A;N/A;N/A;N/A;N/A;Sí;N/A;N/A;N/A;N/A;N/A;N/A;N/A;N/A;N/A;N/A;N/A;N/A;N/A;"2300 cc";N/A;6;N/A;N/A;N/A;N/A;N/A;N/A;N/A;N/A;N/A;N/A;N/A;N/A;N/A;N/A;N/A;N/A;N/A;N/A;N/A;N/A;N/A;N/A;N/A;Sí;N/A;N/A;N/A;N/A;N/A;N/A;N/A;N/A;N/A;N/A;N/A;N/A;N/A;N/A;N/A;N/A;N/A;N/A;N/A;N/A;N/A;N/A;N/A;N/A;N/A;N/A;N/A;N/A;"120 hp";N/A;N/A;N/A;N/A;"12 km/l";N/A;N/A;N/A;Sí;N/A;Sí;N/A;N/A;N/A;N/A;"15 km/l";N/A;N/A;N/A;N/A;N/A;"Lun. a Vie. de 8:30 a 18 hs. Sáb. de 9 a 13 hs.";4;2.3;Diésel;Manual;Furgón;"Autos y camionetas";No;N/A;N/A;N/A;No;N/A;UY;No;Sí;No;No;N/A;N/A;N/A;N/A;N/A;N/A;N/A;N/A;N/A;N/A;N/A;N/A;N/A;N/A;N/A;N/A;N/A;N/A;N/A;N/A;N/A;N/A;N/A;N/A;N/A;N/A;N/A;N/A;N/A;N/A;N/A;N/A;Sí;N/A;N/A;N/A;N/A;N/A;N/A;N/A;N/A;N/A;N/A;N/A;N/A;N/A;N/A;N/A;N/A;N/A;Sí;No;N/A;N/A;N/A;N/A;N/A;N/A;N/A;N/A;N/A;N/A;N/A;N/A;N/A;N/A;N/A;N/A;N/A;N/A;N/A;N/A;N/A;N/A;N/A;N/A;N/A;N/A;N/A;N/A;N/A;N/A;N/A;N/A;N/A;Sí;N/A;N/A;N/A;Sí;N/A;Sí;N/A;N/A;Sí;N/A;N/A;N/A;N/A;N/A;Sí;N/A;N/A;Sí;Sí;Sí;N/A;N/A;N/A;N/A;Sí
Renault;"Duster Oroch";"intens outsider";2025;"0 km";;VENDOAUTOSMARCELO;28000;;;;;"Paso de Carrasco";https://auto.mercadolibre.com.uy/MLU-669511008-renault-oroch-intens-outsider-13-2025-0km-_JM;N/A;;"Renault Oroch Intens Outsider 1.3 2025 0km";usd;Sí;silver;false;N/A;N/A;http://perfil.mercadolibre.com.uy/VENDOAUTOSMARCELO;active;N/A;N/A;Nuevo;"Gris oscuro";N/A;Hidráulica;N/A;Sí;Sí;Sí;N/A;N/A;N/A;N/A;N/A;N/A;N/A;Sí;Sí;Sí;N/A;N/A;N/A;N/A;N/A;N/A;N/A;N/A;N/A;N/A;N/A;N/A;N/A;"1300 cc";N/A;6;N/A;N/A;N/A;N/A;Sí;N/A;Sí;N/A;N/A;N/A;N/A;N/A;N/A;N/A;N/A;N/A;N/A;N/A;N/A;N/A;N/A;N/A;N/A;Sí;N/A;N/A;N/A;N/A;N/A;Sí;N/A;N/A;N/A;N/A;N/A;N/A;N/A;N/A;N/A;N/A;N/A;N/A;Sí;N/A;N/A;N/A;N/A;N/A;N/A;N/A;N/A;N/A;"168 hp";"Intens Outsider";N/A;N/A;N/A;"12 km/l";N/A;N/A;Sí;Sí;Sí;N/A;Sí;N/A;N/A;N/A;"15 km/l";Sí;Sí;N/A;N/A;Sí;"Lun. a Vie. de 8:30 a 18 hs. Sáb. de 9 a 13 hs.";4;1.3;Nafta;Automática;Pick-Up;"Autos y camionetas";No;N/A;N/A;N/A;No;N/A;UY;No;Sí;No;No;N/A;N/A;N/A;N/A;N/A;N/A;N/A;N/A;N/A;N/A;N/A;N/A;N/A;N/A;N/A;N/A;N/A;N/A;N/A;N/A;N/A;N/A;N/A;N/A;N/A;N/A;N/A;N/A;N/A;N/A;N/A;N/A;Sí;N/A;N/A;N/A;N/A;N/A;N/A;N/A;N/A;N/A;N/A;N/A;N/A;N/A;N/A;N/A;N/A;N/A;Sí;No;N/A;N/A;N/A;N/A;N/A;N/A;N/A;N/A;N/A;N/A;N/A;N/A;N/A;N/A;N/A;N/A;N/A;N/A;N/A;N/A;N/A;N/A;N/A;N/A;N/A;N/A;N/A;N/A;N/A;N/A;N/A;N/A;N/A;Sí;N/A;Sí;N/A;Sí;N/A;Sí;N/A;Sí;Sí;N/A;N/A;N/A;Sí;N/A;Sí;N/A;N/A;Sí;Sí;Sí;N/A;N/A;Sí;N/A;Sí
Renault;"Duster Oroch";"intens Tce CVT";2025;"0 km";;VENDOAUTOSMARCELO;26500;;;;;"Paso de Carrasco";https://auto.mercadolibre.com.uy/MLU-669535428-renault-oroch-intens-tce-cvt-13-2025-0km-_JM;N/A;;"Renault Oroch Intens Tce Cvt 1.3 2025 0km";usd;Sí;silver;false;N/A;N/A;http://perfil.mercadolibre.com.uy/VENDOAUTOSMARCELO;active;N/A;N/A;Nuevo;Plateado;N/A;Hidráulica;N/A;Sí;Sí;N/A;N/A;N/A;N/A;N/A;Sí;N/A;N/A;Sí;Sí;Sí;N/A;N/A;N/A;N/A;N/A;N/A;N/A;N/A;N/A;N/A;N/A;N/A;N/A;"1300 cc";N/A;6;N/A;N/A;N/A;N/A;Sí;N/A;N/A;N/A;N/A;N/A;N/A;N/A;N/A;N/A;N/A;N/A;N/A;N/A;N/A;N/A;N/A;N/A;N/A;Sí;N/A;N/A;N/A;N/A;N/A;Sí;N/A;N/A;N/A;N/A;N/A;N/A;N/A;N/A;N/A;N/A;N/A;N/A;Sí;N/A;N/A;N/A;N/A;N/A;N/A;N/A;N/A;N/A;"162 hp";N/A;N/A;N/A;N/A;"12 km/l";N/A;N/A;Sí;Sí;Sí;Sí;Sí;N/A;N/A;N/A;"15 km/l";N/A;N/A;N/A;Sí;N/A;"Lun. a Vie. de 8:30 a 18 hs. Sáb. de 9 a 13 hs.";4;1.3;Nafta;Automática;Pick-Up;"Autos y camionetas";No;N/A;N/A;N/A;No;N/A;UY;No;Sí;No;No;N/A;N/A;N/A;N/A;N/A;N/A;N/A;N/A;N/A;N/A;N/A;N/A;N/A;N/A;N/A;N/A;N/A;N/A;N/A;N/A;N/A;N/A;N/A;N/A;N/A;N/A;N/A;N/A;N/A;N/A;N/A;N/A;Sí;N/A;N/A;N/A;N/A;N/A;N/A;N/A;N/A;N/A;N/A;N/A;N/A;N/A;N/A;N/A;N/A;N/A;Sí;No;N/A;N/A;N/A;N/A;N/A;N/A;N/A;N/A;N/A;N/A;N/A;N/A;N/A;N/A;N/A;N/A;N/A;N/A;N/A;N/A;N/A;N/A;N/A;N/A;N/A;N/A;N/A;N/A;N/A;N/A;N/A;N/A;N/A;Sí;N/A;Sí;N/A;Sí;Sí;Sí;N/A;Sí;Sí;N/A;N/A;N/A;N/A;Sí;N/A;N/A;N/A;Sí;Sí;Sí;N/A;N/A;Sí;N/A;Sí
Renault;"Duster Oroch";"new zen MT";2025;"0 km";;VENDOAUTOSMARCELO;23000;;;;;"Paso de Carrasco";https://auto.mercadolibre.com.uy/MLU-669628058-renault-oroch-new-zen-mt-16-2025-0km-_JM;N/A;;"Renault Oroch New Zen Mt 1.6 2025 0km";USD;Sí;silver;false;N/A;N/A;http://perfil.mercadolibre.com.uy/VENDOAUTOSMARCELO;active;N/A;N/A;Nuevo;Plateado;N/A;Hidráulica;N/A;Sí;Sí;N/A;N/A;N/A;N/A;Sí;Sí;N/A;N/A;N/A;Sí;Sí;N/A;N/A;N/A;N/A;N/A;N/A;N/A;N/A;N/A;N/A;N/A;N/A;N/A;"1600 cc";N/A;6;N/A;N/A;N/A;N/A;Sí;N/A;N/A;N/A;N/A;N/A;N/A;N/A;N/A;N/A;N/A;N/A;N/A;N/A;N/A;N/A;N/A;N/A;N/A;Sí;N/A;Sí;N/A;N/A;N/A;Sí;N/A;N/A;N/A;N/A;N/A;N/A;Sí;N/A;N/A;N/A;N/A;N/A;Sí;N/A;N/A;N/A;N/A;N/A;N/A;N/A;N/A;N/A;"120 hp";Zen;N/A;N/A;N/A;"12 km/l";N/A;N/A;N/A;Sí;Sí;Sí;Sí;N/A;N/A;N/A;"15 km/l";N/A;N/A;N/A;Sí;N/A;"Lun. a Vie. de 8:30 a 18 hs. Sáb. de 9 a 13 hs.";4;1.6;Nafta;Manual;Pick-Up;"Autos y camionetas";No;N/A;N/A;N/A;No;N/A;N/A;No;Sí;No;No;N/A;N/A;N/A;N/A;N/A;N/A;N/A;N/A;N/A;N/A;N/A;N/A;N/A;N/A;N/A;N/A;N/A;N/A;N/A;N/A;N/A;N/A;N/A;N/A;N/A;N/A;N/A;N/A;N/A;N/A;N/A;N/A;Sí;N/A;N/A;N/A;N/A;N/A;N/A;N/A;N/A;N/A;N/A;N/A;N/A;N/A;N/A;N/A;N/A;N/A;Sí;No;N/A;N/A;N/A;N/A;N/A;N/A;N/A;N/A;N/A;N/A;N/A;N/A;N/A;N/A;N/A;N/A;N/A;N/A;N/A;N/A;N/A;N/A;N/A;N/A;N/A;N/A;N/A;N/A;N/A;N/A;N/A;N/A;N/A;Sí;N/A;Sí;N/A;Sí;Sí;Sí;N/A;Sí;Sí;N/A;N/A;N/A;N/A;N/A;Sí;N/A;N/A;Sí;Sí;N/A;N/A;N/A;Sí;N/A;Sí
Renault;Kwid;intens;2024;"0 km";;VENDOAUTOSMARCELO;15490;;;;;"Paso de Carrasco";https://auto.mercadolibre.com.uy/MLU-669600588-renault-kwid-intens-10-2024-0km-_JM;N/A;;"Renault Kwid Intens 1.0 2024 0km";usd;Sí;silver;false;N/A;N/A;http://perfil.mercadolibre.com.uy/VENDOAUTOSMARCELO;active;N/A;N/A;Nuevo;Blanco;N/A;Hidráulica;N/A;Sí;Sí;N/A;N/A;N/A;N/A;Sí;N/A;N/A;N/A;Sí;N/A;Sí;N/A;N/A;N/A;N/A;N/A;N/A;N/A;N/A;N/A;N/A;N/A;N/A;N/A;"1000 cc";N/A;5;N/A;N/A;Sí;Sí;N/A;N/A;N/A;N/A;N/A;N/A;N/A;N/A;N/A;N/A;N/A;N/A;N/A;N/A;N/A;N/A;N/A;N/A;N/A;Sí;N/A;Sí;N/A;N/A;N/A;N/A;N/A;N/A;N/A;N/A;N/A;N/A;N/A;N/A;N/A;N/A;N/A;N/A;N/A;N/A;N/A;N/A;N/A;N/A;N/A;N/A;N/A;N/A;"79 hp";N/A;N/A;N/A;N/A;"12 km/l";N/A;N/A;N/A;Sí;N/A;N/A;Sí;Sí;N/A;N/A;"16 km/l";N/A;Sí;N/A;N/A;Sí;"Lun. a Vie. de 8:30 a 18 hs. Sáb. de 9 a 13 hs.";4;1.0;Nafta;Manual;Sedán;"Autos y camionetas";No;N/A;N/A;N/A;No;N/A;UY;No;Sí;No;No;N/A;N/A;N/A;N/A;N/A;N/A;N/A;N/A;N/A;N/A;N/A;N/A;N/A;N/A;N/A;N/A;N/A;N/A;N/A;N/A;N/A;N/A;N/A;N/A;N/A;N/A;N/A;N/A;N/A;N/A;N/A;N/A;Sí;N/A;N/A;N/A;N/A;N/A;N/A;N/A;N/A;N/A;N/A;N/A;N/A;N/A;N/A;N/A;N/A;N/A;Sí;No;N/A;N/A;N/A;N/A;N/A;N/A;N/A;N/A;N/A;N/A;N/A;N/A;N/A;N/A;N/A;N/A;N/A;N/A;N/A;N/A;N/A;N/A;N/A;N/A;N/A;N/A;N/A;N/A;N/A;N/A;N/A;N/A;N/A;Sí;N/A;N/A;N/A;Sí;N/A;Sí;N/A;N/A;Sí;N/A;N/A;N/A;N/A;Sí;N/A;N/A;N/A;Sí;Sí;Sí;N/A;N/A;Sí;N/A;Sí
Renault;Kangoo;"1.6 Furgon con dirección hidráulica";2012;"142000 km";;LOTUS14;7990;;;;;Pando;https://auto.mercadolibre.com.uy/MLU-706167738-renault-kangoo-16-nafta-furgon-con-direccion-hidraulica-_JM;N/A;;"Renault Kangoo 1.6 Nafta Furgon Con Dirección Hidráulica";usd;Sí;silver;false;N/A;N/A;http://perfil.mercadolibre.com.uy/LOTUS14;active;N/A;N/A;Usado;Plateado;N/A;Hidráulica;Delantera;N/A;N/A;N/A;N/A;N/A;N/A;N/A;N/A;N/A;N/A;N/A;N/A;N/A;N/A;N/A;N/A;N/A;N/A;N/A;N/A;N/A;N/A;N/A;N/A;N/A;"2600 mm";"1.6 L";"52 L";5;N/A;N/A;N/A;N/A;N/A;N/A;N/A;N/A;N/A;N/A;N/A;N/A;N/A;N/A;N/A;N/A;N/A;N/A;N/A;N/A;N/A;N/A;N/A;N/A;N/A;N/A;N/A;N/A;N/A;N/A;N/A;N/A;N/A;No;N/A;N/A;N/A;N/A;N/A;N/A;N/A;N/A;N/A;N/A;N/A;"1860 mm";"4010 mm";N/A;N/A;N/A;N/A;2;"95 hp";Confort;N/A;4;"1672 mm";"11.09 km/l";N/A;N/A;N/A;N/A;N/A;N/A;N/A;N/A;N/A;N/A;N/A;N/A;N/A;N/A;N/A;N/A;"24 hs";4;1.6;Nafta;Manual;N/A;"Autos y camionetas";N/A;N/A;N/A;N/A;N/A;N/A;UY;N/A;N/A;N/A;N/A;N/A;N/A;N/A;N/A;N/A;N/A;N/A;N/A;N/A;N/A;N/A;N/A;N/A;N/A;N/A;N/A;N/A;N/A;N/A;N/A;N/A;N/A;N/A;N/A;N/A;N/A;N/A;N/A;N/A;N/A;N/A;N/A;N/A;N/A;N/A;N/A;N/A;N/A;N/A;N/A;N/A;N/A;N/A;N/A;N/A;N/A;N/A;N/A;N/A;N/A;N/A;N/A;N/A;N/A;N/A;N/A;N/A;N/A;N/A;N/A;N/A;N/A;N/A;N/A;N/A;N/A;N/A;N/A;N/A;N/A;N/A;N/A;N/A;N/A;N/A;N/A;N/A;N/A;N/A;N/A;N/A;N/A;N/A;N/A;N/A;N/A;N/A;N/A;N/A;N/A;N/A;N/A;N/A;N/A;N/A;N/A;N/A;N/A;N/A;N/A;N/A;N/A;N/A;N/A;N/A;N/A;N/A;N/A;N/A;N/A;N/A
Renault;Kwid;"1.0 Sce 66cv Intense";2018;"95000 km";;GHMAUTOMOVILES;11800;;;;;Florida;https://auto.mercadolibre.com.uy/MLU-706202848-renault-kwid-10-sce-66cv-intense-_JM;N/A;;"Renault Kwid 1.0 Sce 66cv Intense";usd;Sí;silver;false;N/A;N/A;http://perfil.mercadolibre.com.uy/GHMAUTOMOVILES;active;N/A;N/A;Usado;Blanco;Sí;Hidráulica;Delantera;N/A;N/A;Sí;N/A;N/A;N/A;N/A;N/A;N/A;N/A;N/A;N/A;N/A;N/A;N/A;N/A;N/A;N/A;N/A;N/A;N/A;N/A;N/A;N/A;N/A;"2423 mm";"1 L";"50 L";5;N/A;N/A;N/A;N/A;N/A;N/A;N/A;N/A;N/A;N/A;N/A;N/A;N/A;N/A;N/A;N/A;N/A;N/A;N/A;N/A;N/A;N/A;N/A;N/A;N/A;N/A;N/A;N/A;N/A;N/A;N/A;N/A;N/A;N/A;N/A;N/A;N/A;N/A;N/A;N/A;N/A;N/A;N/A;N/A;N/A;"1474 mm";"3680 mm";N/A;N/A;N/A;N/A;5;"66 hp";Intense;N/A;4;"1752 mm";N/A;N/A;N/A;N/A;N/A;N/A;N/A;N/A;N/A;N/A;N/A;N/A;N/A;N/A;N/A;N/A;N/A;N/A;5;1.0;Nafta;Manual;Hatchback;"Autos y camionetas";N/A;N/A;N/A;N/A;N/A;N/A;UY;N/A;N/A;N/A;N/A;N/A;N/A;N/A;N/A;N/A;N/A;N/A;N/A;N/A;N/A;N/A;N/A;N/A;N/A;N/A;N/A;N/A;N/A;N/A;N/A;N/A;N/A;N/A;N/A;N/A;N/A;N/A;N/A;N/A;N/A;N/A;N/A;N/A;N/A;N/A;N/A;N/A;N/A;N/A;N/A;N/A;N/A;N/A;N/A;N/A;N/A;N/A;N/A;N/A;N/A;N/A;N/A;N/A;N/A;N/A;N/A;N/A;N/A;N/A;N/A;N/A;N/A;N/A;N/A;N/A;N/A;N/A;N/A;N/A;N/A;N/A;N/A;N/A;N/A;N/A;N/A;N/A;N/A;N/A;N/A;N/A;N/A;N/A;N/A;N/A;N/A;N/A;N/A;N/A;N/A;N/A;N/A;N/A;N/A;N/A;N/A;N/A;N/A;N/A;N/A;N/A;N/A;N/A;N/A;N/A;N/A;N/A;N/A;N/A;N/A;N/A
Renault;"Sandero Stepway";"1.6 Privilege 105cv";2013;"127000 km";;GRUPOALER2014;9900;;;;;"Ciudad de la Costa";https://auto.mercadolibre.com.uy/MLU-705970520-renault-sandero-stepway-16-privilege-105cv-_JM;N/A;;"Renault Sandero Stepway 1.6 Privilege 105cv";usd;Sí;silver;false;N/A;N/A;http://perfil.mercadolibre.com.uy/GRUPOALER2014;active;N/A;N/A;Usado;Gris;Sí;Hidráulica;Delantera;N/A;N/A;Sí;N/A;N/A;N/A;N/A;N/A;N/A;N/A;N/A;N/A;N/A;N/A;N/A;N/A;N/A;N/A;N/A;N/A;N/A;N/A;N/A;N/A;N/A;"2588 mm";"1.6 L";"50 L";5;N/A;N/A;N/A;N/A;N/A;N/A;N/A;N/A;N/A;N/A;N/A;N/A;N/A;N/A;N/A;N/A;N/A;N/A;N/A;N/A;N/A;N/A;N/A;N/A;N/A;N/A;N/A;N/A;N/A;N/A;N/A;N/A;N/A;N/A;N/A;N/A;N/A;N/A;N/A;N/A;N/A;N/A;N/A;N/A;N/A;"1630 mm";"4091 mm";N/A;N/A;N/A;N/A;5;"105 hp";Privilege;N/A;4;"1751 mm";"9.3 km/l";N/A;N/A;N/A;N/A;N/A;N/A;Sí;N/A;N/A;N/A;"5.9 km/l";N/A;N/A;N/A;N/A;N/A;"lunes a viernes de 10 a 18hrs";5;1.6;Nafta;Manual;Hatchback;"Autos y camionetas";N/A;N/A;N/A;N/A;N/A;N/A;UY;N/A;N/A;N/A;N/A;N/A;N/A;N/A;N/A;N/A;N/A;N/A;N/A;N/A;N/A;N/A;N/A;N/A;N/A;N/A;N/A;N/A;N/A;N/A;N/A;N/A;N/A;N/A;N/A;N/A;N/A;N/A;N/A;N/A;N/A;N/A;N/A;N/A;N/A;N/A;N/A;N/A;N/A;N/A;N/A;N/A;N/A;N/A;N/A;N/A;N/A;N/A;N/A;N/A;N/A;N/A;N/A;N/A;N/A;N/A;N/A;N/A;N/A;N/A;N/A;N/A;N/A;N/A;N/A;N/A;N/A;N/A;N/A;N/A;N/A;N/A;N/A;N/A;N/A;N/A;N/A;N/A;N/A;N/A;N/A;N/A;N/A;N/A;N/A;N/A;N/A;N/A;N/A;N/A;N/A;N/A;N/A;N/A;N/A;N/A;N/A;N/A;N/A;N/A;N/A;N/A;Sí;N/A;N/A;N/A;N/A;N/A;N/A;Sí;N/A;N/A
Renault;Kangoo;"1.6 2 Furgon Confort 5as Lc Cd";2009;"123 km";;VALUARTE;7700;;;;;Piriápolis;https://auto.mercadolibre.com.uy/MLU-705288106-renault-kangoo-16-2-furgon-confort-5as-lc-cd-_JM;N/A;;"Renault Kangoo 1.6 2 Furgon Confort 5as Lc Cd";usd;Sí;silver;false;N/A;N/A;http://perfil.mercadolibre.com.uy/VALUARTE;active;N/A;N/A;Usado;Azul;N/A;Hidráulica;Delantera;N/A;N/A;N/A;N/A;N/A;N/A;N/A;N/A;N/A;N/A;N/A;N/A;N/A;N/A;N/A;N/A;N/A;N/A;N/A;N/A;N/A;N/A;N/A;N/A;N/A;"2600 mm";"1.6 L";"52 L";5;N/A;N/A;N/A;N/A;N/A;N/A;N/A;N/A;N/A;N/A;N/A;N/A;N/A;N/A;N/A;N/A;N/A;N/A;N/A;N/A;N/A;N/A;N/A;N/A;N/A;N/A;N/A;N/A;N/A;N/A;N/A;N/A;N/A;No;N/A;N/A;N/A;N/A;N/A;N/A;N/A;N/A;N/A;N/A;N/A;"1860 mm";"4010 mm";N/A;N/A;N/A;N/A;2;"95 hp";Confort;N/A;4;"1672 mm";"11.09 km/l";N/A;N/A;N/A;N/A;N/A;N/A;N/A;N/A;N/A;N/A;N/A;N/A;N/A;N/A;N/A;N/A;N/A;3;1.6;Nafta;Manual;N/A;"Autos y camionetas";N/A;N/A;N/A;N/A;N/A;N/A;UY;N/A;N/A;N/A;N/A;N/A;N/A;N/A;N/A;N/A;N/A;N/A;N/A;N/A;N/A;N/A;N/A;N/A;N/A;N/A;N/A;N/A;N/A;N/A;N/A;N/A;N/A;N/A;N/A;N/A;N/A;N/A;N/A;N/A;N/A;N/A;N/A;N/A;N/A;N/A;N/A;N/A;N/A;N/A;N/A;N/A;N/A;N/A;N/A;N/A;N/A;N/A;N/A;N/A;N/A;N/A;N/A;N/A;N/A;N/A;N/A;N/A;N/A;N/A;N/A;N/A;N/A;N/A;N/A;N/A;N/A;N/A;N/A;N/A;N/A;N/A;N/A;N/A;N/A;N/A;N/A;N/A;N/A;N/A;N/A;N/A;N/A;N/A;N/A;N/A;N/A;N/A;N/A;N/A;N/A;N/A;N/A;N/A;N/A;N/A;N/A;N/A;N/A;N/A;N/A;N/A;N/A;N/A;N/A;N/A;N/A;N/A;N/A;N/A;N/A;N/A
Renault;Megane;"1.6 Tric Pack Plus";2007;"181000 km";;RODRIGUEZ_AUTOMÓVILES;7800;;;;;Florida;https://auto.mercadolibre.com.uy/MLU-705196530-renault-megane-16-tric-pack-plus-_JM;N/A;;"Renault Megane 1.6 Tric Pack Plus";usd;No;silver;false;N/A;N/A;http://perfil.mercadolibre.com.uy/RODRIGUEZ_AUTOM%C3%93VILES;active;N/A;N/A;Usado;Gris;N/A;Hidráulica;Delantera;N/A;N/A;Sí;N/A;N/A;N/A;N/A;N/A;N/A;N/A;N/A;N/A;N/A;N/A;N/A;N/A;N/A;N/A;N/A;N/A;N/A;N/A;N/A;N/A;N/A;"2686 mm";"1.6 L";"60 L";5;N/A;N/A;N/A;N/A;N/A;N/A;N/A;N/A;N/A;N/A;N/A;N/A;N/A;N/A;N/A;N/A;N/A;N/A;N/A;N/A;N/A;N/A;N/A;N/A;N/A;N/A;N/A;N/A;N/A;N/A;N/A;N/A;N/A;Sí;N/A;N/A;N/A;N/A;N/A;N/A;N/A;N/A;N/A;N/A;N/A;"1435 mm";"4436 mm";N/A;N/A;N/A;N/A;5;"110 hp";"Pack Plus";N/A;4;"1777 mm";N/A;N/A;N/A;N/A;Sí;N/A;N/A;Sí;N/A;N/A;N/A;N/A;N/A;N/A;N/A;N/A;N/A;N/A;4;1.6;Nafta;Manual;Sedán;"Autos y camionetas";N/A;N/A;N/A;N/A;N/A;N/A;UY;N/A;N/A;N/A;N/A;N/A;N/A;N/A;N/A;N/A;N/A;N/A;N/A;N/A;N/A;N/A;N/A;N/A;N/A;N/A;N/A;N/A;N/A;N/A;N/A;N/A;N/A;N/A;N/A;N/A;N/A;N/A;N/A;N/A;N/A;N/A;N/A;N/A;N/A;N/A;N/A;N/A;N/A;N/A;N/A;N/A;N/A;N/A;N/A;N/A;N/A;N/A;N/A;N/A;N/A;N/A;N/A;N/A;N/A;N/A;N/A;N/A;N/A;N/A;N/A;N/A;N/A;N/A;N/A;N/A;N/A;N/A;N/A;N/A;N/A;N/A;N/A;N/A;N/A;N/A;N/A;N/A;N/A;N/A;N/A;N/A;N/A;N/A;N/A;N/A;N/A;N/A;N/A;N/A;N/A;N/A;N/A;N/A;N/A;N/A;N/A;N/A;N/A;N/A;N/A;N/A;Sí;N/A;N/A;N/A;N/A;N/A;N/A;N/A;N/A;N/A
Renault;Captur;"0.9 Tce90 Expression";2017;"75000 km";;NICOLASKICELIAN;16200;;;;;Atlántida;https://auto.mercadolibre.com.uy/MLU-705216614-renault-captur-_JM;N/A;;"Renault Captur";usd;Sí;silver;false;N/A;N/A;http://perfil.mercadolibre.com.uy/NICOLASKICELIAN;active;N/A;N/A;Usado;Gris;N/A;Hidráulica;Delantera;Sí;Sí;N/A;N/A;N/A;Sí;N/A;N/A;N/A;N/A;N/A;Sí;Sí;N/A;N/A;N/A;N/A;N/A;N/A;N/A;N/A;N/A;N/A;N/A;N/A;"2606 mm";"0.9 L";"45 L";5;N/A;N/A;N/A;N/A;N/A;Sí;N/A;N/A;N/A;N/A;N/A;N/A;N/A;N/A;N/A;N/A;N/A;N/A;N/A;N/A;N/A;N/A;N/A;N/A;N/A;N/A;N/A;N/A;N/A;N/A;N/A;N/A;N/A;N/A;N/A;N/A;N/A;N/A;N/A;N/A;N/A;N/A;N/A;N/A;N/A;"1566 mm";"4122 mm";N/A;N/A;N/A;N/A;5;"90 hp";Expression;N/A;4;"1778 mm";N/A;Sí;N/A;Sí;Sí;N/A;Sí;Sí;N/A;N/A;N/A;N/A;N/A;N/A;N/A;N/A;N/A;N/A;5;0.9;Nafta;Manual;Hatchback;"Autos y camionetas";N/A;N/A;N/A;N/A;N/A;N/A;UY;N/A;N/A;N/A;N/A;N/A;N/A;N/A;N/A;N/A;N/A;N/A;N/A;N/A;N/A;N/A;N/A;N/A;Sí;N/A;N/A;N/A;N/A;N/A;N/A;N/A;N/A;N/A;N/A;N/A;N/A;N/A;N/A;N/A;N/A;N/A;N/A;N/A;N/A;N/A;N/A;N/A;N/A;N/A;N/A;N/A;N/A;N/A;N/A;N/A;N/A;N/A;N/A;N/A;N/A;N/A;N/A;N/A;N/A;N/A;N/A;N/A;N/A;N/A;N/A;N/A;N/A;N/A;N/A;N/A;N/A;N/A;N/A;N/A;N/A;N/A;N/A;N/A;N/A;N/A;N/A;N/A;N/A;N/A;N/A;N/A;N/A;N/A;N/A;N/A;Sí;Sí;Sí;N/A;Sí;N/A;N/A;N/A;N/A;Sí;Sí;Sí;Sí;N/A;N/A;Sí;Sí;Sí;Sí;Sí;Sí;Sí;Sí;Sí;N/A;Sí
Renault;"Mégane II";"RXE TD 1.9";2002;"420000 km";;FERVERA2010;7000;;;;;Pocitos;https://auto.mercadolibre.com.uy/MLU-705084318-renault-megane-ii-rxe-td-19-_JM;N/A;;"Renault Megane Ii Rxe Td 1.9";USD;No;silver;false;N/A;N/A;http://perfil.mercadolibre.com.uy/FERVERA2010;active;N/A;N/A;Usado;Verde;N/A;Hidráulica;Delantera;N/A;Sí;N/A;N/A;N/A;N/A;N/A;N/A;N/A;N/A;N/A;N/A;N/A;N/A;N/A;N/A;N/A;N/A;N/A;N/A;N/A;N/A;N/A;N/A;N/A;N/A;N/A;N/A;N/A;N/A;N/A;N/A;N/A;N/A;N/A;N/A;N/A;N/A;N/A;N/A;N/A;N/A;N/A;N/A;N/A;N/A;N/A;N/A;N/A;N/A;N/A;N/A;N/A;N/A;N/A;N/A;N/A;N/A;N/A;N/A;N/A;N/A;N/A;N/A;N/A;N/A;N/A;N/A;N/A;N/A;N/A;N/A;N/A;N/A;N/A;N/A;N/A;N/A;N/A;N/A;N/A;N/A;N/A;N/A;N/A;N/A;N/A;N/A;N/A;N/A;N/A;N/A;Sí;Sí;N/A;N/A;N/A;N/A;N/A;N/A;N/A;N/A;N/A;N/A;4;"1.9 TURBO DIESEL";Diésel;Manual;N/A;"Autos y camionetas";N/A;N/A;N/A;N/A;N/A;N/A;N/A;N/A;N/A;N/A;N/A;N/A;N/A;N/A;N/A;N/A;N/A;N/A;N/A;N/A;N/A;N/A;N/A;N/A;N/A;N/A;N/A;N/A;N/A;N/A;N/A;N/A;N/A;N/A;N/A;N/A;N/A;N/A;N/A;N/A;N/A;N/A;N/A;N/A;N/A;N/A;N/A;N/A;N/A;N/A;N/A;N/A;N/A;N/A;N/A;N/A;N/A;N/A;N/A;N/A;N/A;N/A;N/A;N/A;N/A;N/A;N/A;N/A;N/A;N/A;N/A;N/A;N/A;N/A;N/A;N/A;N/A;N/A;N/A;N/A;N/A;N/A;N/A;N/A;N/A;N/A;N/A;N/A;N/A;N/A;N/A;N/A;N/A;N/A;N/A;Sí;Sí;Sí;N/A;N/A;Sí;N/A;N/A;N/A;N/A;Sí;N/A;Sí;Sí;N/A;N/A;N/A;N/A;N/A;Sí;N/A;N/A;Sí;N/A;N/A;N/A;N/A
Renault;Koleos;"2.5 Privilege 4x4 Mt";2011;"224000 km";;MPAUTOMOTIVEUY;8400;;;;;"Paso Molino";https://auto.mercadolibre.com.uy/MLU-704785336-renault-koleos-25-privilege-4x4-mt-_JM;N/A;;"Renault Koleos 2.5 Privilege 4x4 Mt";usd;Sí;silver;false;N/A;N/A;http://perfil.mercadolibre.com.uy/MPAUTOMOTIVEUY;active;N/A;N/A;Usado;Gris;N/A;Eléctrica;4x4;Sí;N/A;Sí;N/A;N/A;N/A;N/A;N/A;Sí;Sí;N/A;Sí;Sí;N/A;N/A;N/A;N/A;N/A;N/A;N/A;N/A;N/A;N/A;N/A;N/A;"2690 mm";"2.5 L";"65 L";6;N/A;N/A;N/A;N/A;N/A;N/A;N/A;N/A;N/A;Sí;N/A;N/A;N/A;N/A;N/A;N/A;N/A;N/A;N/A;N/A;N/A;N/A;N/A;N/A;N/A;N/A;N/A;N/A;N/A;N/A;N/A;N/A;N/A;Sí;Sí;Sí;N/A;N/A;N/A;N/A;N/A;N/A;N/A;N/A;N/A;"1695 mm";"4520 mm";N/A;N/A;N/A;N/A;5;"170 hp";Privilege;N/A;4;"1855 mm";"12.5 km/l";Sí;N/A;N/A;Sí;N/A;N/A;Sí;N/A;N/A;N/A;"8.3 km/l";N/A;N/A;N/A;N/A;N/A;"Lunes a Viernes de 09:00 a 18:00";5;2.5;Nafta;Manual;SUV;"Autos y camionetas";N/A;N/A;N/A;N/A;N/A;N/A;UY;N/A;N/A;N/A;N/A;N/A;N/A;N/A;N/A;N/A;N/A;N/A;N/A;N/A;N/A;N/A;N/A;N/A;N/A;N/A;N/A;N/A;N/A;N/A;N/A;N/A;N/A;N/A;N/A;N/A;N/A;N/A;N/A;N/A;N/A;N/A;N/A;N/A;N/A;N/A;N/A;N/A;N/A;N/A;N/A;N/A;N/A;N/A;N/A;N/A;N/A;N/A;N/A;N/A;N/A;N/A;N/A;N/A;N/A;N/A;N/A;N/A;N/A;N/A;N/A;N/A;N/A;N/A;N/A;N/A;N/A;N/A;N/A;N/A;N/A;N/A;N/A;N/A;N/A;N/A;N/A;N/A;N/A;N/A;N/A;N/A;N/A;N/A;N/A;N/A;N/A;N/A;N/A;N/A;N/A;N/A;N/A;N/A;N/A;N/A;Sí;N/A;N/A;N/A;N/A;N/A;Sí;N/A;N/A;N/A;N/A;N/A;N/A;Sí;N/A;N/A
Renault;Kwid;"1.0 Sce 66cv Zen";2022;"45000 km";;MUSSINIAUTOMOVILES;11990;;;;;"San José de Mayo";https://auto.mercadolibre.com.uy/MLU-704446546-renault-kwid-10-sce-66cv-zen-_JM;N/A;;"Renault Kwid 1.0 Sce 66cv Zen";usd;Sí;silver;false;N/A;N/A;http://perfil.mercadolibre.com.uy/MUSSINIAUTOMOVILES;active;N/A;N/A;Usado;Blanco;Sí;Hidráulica;Delantera;N/A;N/A;Sí;N/A;N/A;N/A;N/A;N/A;N/A;N/A;N/A;N/A;N/A;N/A;N/A;N/A;N/A;N/A;N/A;N/A;N/A;N/A;N/A;N/A;N/A;"2423 mm";"1 L";"50 L";5;N/A;N/A;N/A;N/A;N/A;N/A;N/A;N/A;N/A;N/A;N/A;N/A;N/A;N/A;N/A;N/A;N/A;N/A;N/A;N/A;N/A;N/A;N/A;N/A;N/A;N/A;N/A;N/A;N/A;N/A;N/A;N/A;N/A;N/A;N/A;N/A;N/A;N/A;N/A;N/A;N/A;N/A;N/A;N/A;N/A;"1474 mm";"3680 mm";N/A;N/A;N/A;N/A;5;"66 hp";Zen;N/A;4;"1752 mm";N/A;N/A;N/A;N/A;N/A;N/A;N/A;N/A;N/A;N/A;N/A;N/A;N/A;N/A;N/A;N/A;N/A;N/A;5;1.0;Nafta;Manual;Hatchback;"Autos y camionetas";N/A;N/A;N/A;N/A;N/A;N/A;UY;N/A;N/A;N/A;N/A;N/A;N/A;N/A;N/A;N/A;N/A;N/A;N/A;N/A;N/A;N/A;N/A;N/A;N/A;N/A;N/A;N/A;N/A;N/A;N/A;N/A;N/A;N/A;N/A;N/A;N/A;N/A;N/A;N/A;N/A;N/A;N/A;N/A;N/A;N/A;N/A;N/A;N/A;N/A;N/A;N/A;N/A;N/A;N/A;N/A;N/A;N/A;N/A;N/A;N/A;N/A;N/A;N/A;N/A;N/A;N/A;N/A;N/A;N/A;N/A;N/A;N/A;N/A;N/A;N/A;N/A;N/A;N/A;N/A;N/A;N/A;N/A;N/A;N/A;N/A;N/A;N/A;N/A;N/A;N/A;N/A;N/A;N/A;N/A;N/A;N/A;N/A;N/A;N/A;N/A;N/A;N/A;N/A;N/A;N/A;N/A;N/A;N/A;N/A;N/A;N/A;N/A;N/A;N/A;N/A;N/A;N/A;N/A;N/A;N/A;N/A
Renault;Duster;Dynamique;2017;"79000 km";;SEREYCIA.;14500;;;;;Durazno;https://auto.mercadolibre.com.uy/MLU-704160000-renault-duster-dynamique-16-2017-muy-buen-estado-_JM;N/A;;"Renault Duster Dynamique 1.6 2017 Muy Buen Estado!";usd;Sí;silver;false;N/A;N/A;http://perfil.mercadolibre.com.uy/SEREYCIA.;active;N/A;N/A;Usado;"Gris oscuro";N/A;Asistida;N/A;N/A;N/A;N/A;N/A;N/A;N/A;N/A;N/A;N/A;N/A;N/A;N/A;N/A;N/A;N/A;N/A;N/A;N/A;N/A;N/A;N/A;N/A;N/A;N/A;N/A;N/A;"1600 cc";N/A;5;N/A;N/A;N/A;N/A;N/A;N/A;N/A;N/A;N/A;N/A;N/A;N/A;N/A;N/A;N/A;N/A;N/A;N/A;N/A;N/A;N/A;N/A;N/A;N/A;N/A;N/A;N/A;N/A;N/A;N/A;N/A;N/A;N/A;N/A;N/A;N/A;N/A;N/A;N/A;N/A;N/A;N/A;N/A;N/A;N/A;N/A;N/A;N/A;N/A;N/A;N/A;N/A;N/A;Dynamique;N/A;N/A;N/A;N/A;N/A;N/A;N/A;N/A;N/A;N/A;N/A;N/A;N/A;N/A;N/A;N/A;N/A;N/A;N/A;N/A;"Lun. a Vie. 8:30 a 12 y 14 a 19 hs. Sáb. 8:30 a 12 hs.";4;1.6;Nafta;Manual;SUV;"Autos y camionetas";No;N/A;N/A;N/A;No;N/A;UY;No;Sí;No;No;N/A;N/A;N/A;N/A;N/A;N/A;N/A;N/A;N/A;N/A;N/A;N/A;N/A;N/A;N/A;N/A;N/A;N/A;N/A;N/A;N/A;N/A;N/A;N/A;N/A;N/A;N/A;N/A;N/A;N/A;N/A;N/A;N/A;N/A;N/A;N/A;N/A;N/A;N/A;N/A;N/A;N/A;N/A;N/A;N/A;N/A;N/A;N/A;N/A;N/A;N/A;No;N/A;N/A;N/A;N/A;N/A;N/A;N/A;N/A;N/A;N/A;N/A;N/A;N/A;N/A;N/A;N/A;N/A;N/A;N/A;N/A;N/A;N/A;N/A;N/A;N/A;N/A;N/A;N/A;N/A;N/A;N/A;N/A;N/A;N/A;N/A;N/A;N/A;N/A;N/A;N/A;N/A;N/A;N/A;N/A;N/A;N/A;N/A;N/A;N/A;N/A;N/A;N/A;N/A;N/A;N/A;N/A;N/A;N/A;N/A
Renault;Clio;"Mio Plus 1.2";2016;"145000 km";;GHMAUTOMOVILES;9800;;;;;Florida;https://auto.mercadolibre.com.uy/MLU-703629858-renault-clio-mio-plus-12-16v-_JM;N/A;;"Renault Clio Mio Plus 1.2 16v";USD;Sí;silver;false;N/A;N/A;http://perfil.mercadolibre.com.uy/GHMAUTOMOVILES;active;N/A;N/A;Usado;Blanco;N/A;Hidráulica;Delantera;N/A;N/A;N/A;N/A;N/A;N/A;N/A;N/A;N/A;N/A;N/A;N/A;N/A;N/A;N/A;N/A;N/A;N/A;N/A;N/A;N/A;N/A;N/A;N/A;N/A;N/A;N/A;N/A;N/A;N/A;N/A;N/A;N/A;N/A;N/A;N/A;N/A;N/A;N/A;N/A;N/A;N/A;N/A;N/A;N/A;N/A;N/A;N/A;N/A;N/A;N/A;N/A;N/A;N/A;N/A;N/A;N/A;N/A;N/A;N/A;N/A;N/A;N/A;N/A;N/A;N/A;N/A;N/A;N/A;N/A;N/A;N/A;N/A;N/A;N/A;N/A;N/A;N/A;N/A;N/A;N/A;N/A;N/A;N/A;N/A;N/A;N/A;N/A;N/A;N/A;N/A;N/A;N/A;N/A;N/A;N/A;N/A;N/A;N/A;N/A;N/A;N/A;N/A;N/A;5;1.2;Nafta;Manual;Hatchback;"Autos y camionetas";N/A;N/A;N/A;N/A;N/A;N/A;N/A;N/A;N/A;N/A;N/A;N/A;N/A;N/A;N/A;N/A;N/A;N/A;N/A;N/A;N/A;N/A;N/A;N/A;N/A;N/A;N/A;N/A;N/A;N/A;N/A;N/A;N/A;N/A;N/A;N/A;N/A;N/A;N/A;N/A;N/A;N/A;N/A;N/A;N/A;N/A;N/A;N/A;N/A;N/A;N/A;N/A;N/A;N/A;N/A;N/A;N/A;N/A;N/A;N/A;N/A;N/A;N/A;N/A;N/A;N/A;N/A;N/A;N/A;N/A;N/A;N/A;N/A;N/A;N/A;N/A;N/A;N/A;N/A;N/A;N/A;N/A;N/A;N/A;N/A;N/A;N/A;N/A;N/A;N/A;N/A;N/A;N/A;N/A;N/A;N/A;N/A;N/A;N/A;N/A;N/A;N/A;N/A;N/A;N/A;N/A;N/A;N/A;N/A;N/A;N/A;N/A;N/A;N/A;N/A;N/A;N/A;N/A;N/A;N/A;N/A;N/A
Renault;Oroch;"1.3 Tce Intens 2Wd Cvt";2023;"43908 km";;"AUTOMOTORA MARMOLEJO";22500;;;;;Minas;https://auto.mercadolibre.com.uy/MLU-703627940-renault-oroch-intens-13-cvt-_JM;N/A;;"Renault Oroch Intens  1.3 Cvt";usd;Sí;silver;false;N/A;N/A;http://perfil.mercadolibre.com.uy/AUTOMOTORA+MARMOLEJO;active;N/A;N/A;Usado;Rojo;N/A;N/A;Delantera;N/A;N/A;N/A;N/A;N/A;N/A;N/A;N/A;N/A;N/A;N/A;N/A;N/A;N/A;N/A;N/A;N/A;N/A;N/A;N/A;N/A;N/A;N/A;N/A;N/A;"2890 mm";"1.3 L";"45 L";8;N/A;N/A;N/A;N/A;N/A;N/A;N/A;N/A;N/A;N/A;N/A;N/A;N/A;N/A;N/A;N/A;N/A;N/A;N/A;N/A;N/A;N/A;N/A;N/A;N/A;N/A;N/A;N/A;N/A;N/A;N/A;N/A;N/A;N/A;N/A;N/A;N/A;N/A;N/A;N/A;N/A;N/A;N/A;N/A;N/A;"1694 mm";"4719 mm";N/A;N/A;N/A;N/A;5;"156 hp";Intens;N/A;4;"1834 mm";N/A;N/A;N/A;N/A;N/A;N/A;N/A;N/A;N/A;N/A;N/A;N/A;N/A;N/A;N/A;N/A;N/A;"Lunes a Viernes de 8:30 a 12:00 y de 14:30 a 19:00hs, Sábados de 9:00 a 12:00hs.";4;1.3;Nafta;Automática;Pick-Up;"Autos y camionetas";N/A;N/A;N/A;N/A;N/A;N/A;UY;N/A;N/A;N/A;N/A;N/A;N/A;N/A;N/A;N/A;N/A;N/A;N/A;N/A;N/A;N/A;N/A;N/A;N/A;N/A;N/A;N/A;N/A;N/A;N/A;N/A;N/A;N/A;N/A;N/A;N/A;N/A;N/A;N/A;N/A;N/A;N/A;N/A;N/A;N/A;N/A;N/A;N/A;N/A;N/A;N/A;N/A;N/A;N/A;N/A;N/A;N/A;N/A;N/A;N/A;N/A;N/A;N/A;N/A;N/A;N/A;N/A;N/A;N/A;N/A;N/A;N/A;N/A;N/A;N/A;N/A;N/A;N/A;N/A;N/A;N/A;N/A;N/A;N/A;N/A;N/A;N/A;N/A;N/A;N/A;N/A;N/A;N/A;N/A;N/A;N/A;N/A;N/A;N/A;N/A;N/A;N/A;N/A;N/A;N/A;N/A;N/A;N/A;N/A;N/A;N/A;N/A;N/A;N/A;N/A;N/A;N/A;N/A;N/A;N/A;N/A
Renault;Megane;Full;1997;"298000 km";;"CHEVROLET MERCEDES";6500;;;;;Mercedes;https://auto.mercadolibre.com.uy/MLU-703237842-renault-megane-full-20-1997-impecable-_JM;N/A;;"Renault Mégane Full 2.0 1997 Impecable!";USD;No;silver;false;N/A;N/A;http://perfil.mercadolibre.com.uy/CHEVROLET+MERCEDES;active;N/A;N/A;Usado;Azul;N/A;Asistida;N/A;N/A;N/A;N/A;N/A;N/A;N/A;N/A;N/A;N/A;N/A;N/A;N/A;N/A;N/A;N/A;N/A;N/A;N/A;N/A;N/A;N/A;N/A;N/A;N/A;N/A;N/A;"2000 cc";N/A;5;N/A;N/A;N/A;N/A;N/A;N/A;N/A;N/A;N/A;N/A;N/A;N/A;N/A;N/A;N/A;N/A;N/A;N/A;N/A;N/A;N/A;N/A;N/A;N/A;N/A;N/A;N/A;N/A;N/A;N/A;N/A;N/A;N/A;N/A;N/A;N/A;N/A;N/A;N/A;N/A;N/A;N/A;N/A;N/A;N/A;N/A;N/A;N/A;N/A;N/A;N/A;N/A;"125 hp";N/A;N/A;N/A;N/A;"10 km/l";N/A;N/A;N/A;N/A;N/A;N/A;N/A;N/A;N/A;N/A;"14 km/l";N/A;N/A;N/A;N/A;N/A;"Lun. a Vie. 8 a 12 y 14.30 a 18.30 hs. Sáb. 8 a 12 hs";4;2.0;Nafta;Manual;Sedán;"Autos y camionetas";No;N/A;N/A;N/A;No;N/A;N/A;No;Sí;No;No;N/A;N/A;N/A;N/A;N/A;N/A;N/A;N/A;N/A;N/A;N/A;N/A;N/A;N/A;N/A;N/A;N/A;N/A;N/A;N/A;N/A;N/A;N/A;N/A;N/A;N/A;N/A;N/A;N/A;N/A;N/A;N/A;N/A;N/A;N/A;N/A;N/A;N/A;N/A;N/A;N/A;N/A;N/A;N/A;N/A;N/A;N/A;N/A;N/A;N/A;N/A;No;N/A;N/A;N/A;N/A;N/A;N/A;N/A;N/A;N/A;N/A;N/A;N/A;N/A;N/A;N/A;N/A;N/A;N/A;N/A;N/A;N/A;N/A;N/A;N/A;N/A;N/A;N/A;N/A;N/A;N/A;N/A;N/A;N/A;N/A;N/A;N/A;N/A;N/A;N/A;N/A;N/A;N/A;N/A;N/A;N/A;N/A;N/A;N/A;N/A;N/A;N/A;N/A;N/A;N/A;N/A;N/A;N/A;N/A;N/A
Renault;Megane;"Sedan 2.0cc";1997;"298000 km";;"CHEVROLET MERCEDES";6500;;;;;Mercedes;https://auto.mercadolibre.com.uy/MLU-702909368-renault-megane-sedan-20cc-20-1997-muy-buen-estado-_JM;N/A;;"Renault Mégane Sedan 2.0cc 2.0 1997 Muy Buen Estado!";USD;No;silver;false;N/A;N/A;http://perfil.mercadolibre.com.uy/CHEVROLET+MERCEDES;active;N/A;N/A;Usado;Azul;N/A;Asistida;N/A;N/A;N/A;N/A;N/A;N/A;N/A;N/A;N/A;N/A;N/A;N/A;N/A;N/A;N/A;N/A;N/A;N/A;N/A;N/A;N/A;N/A;N/A;N/A;N/A;N/A;N/A;"2000 cc";N/A;5;N/A;N/A;N/A;N/A;N/A;N/A;N/A;N/A;N/A;N/A;N/A;N/A;N/A;N/A;N/A;N/A;N/A;N/A;N/A;N/A;N/A;N/A;N/A;N/A;N/A;N/A;N/A;N/A;N/A;N/A;N/A;N/A;N/A;N/A;N/A;N/A;N/A;N/A;N/A;N/A;N/A;N/A;N/A;N/A;N/A;N/A;N/A;N/A;N/A;N/A;N/A;N/A;"115 hp";N/A;N/A;N/A;N/A;"10 km/l";N/A;N/A;N/A;N/A;N/A;N/A;N/A;N/A;N/A;N/A;"13 km/l";N/A;N/A;N/A;N/A;N/A;"Lun. a Vie. 8 a 12 y 14.30 a 18.30 hs. Sáb. 8 a 12 hs";4;2.0;Nafta;Manual;Sedán;"Autos y camionetas";No;N/A;N/A;N/A;No;N/A;N/A;No;Sí;No;No;N/A;N/A;N/A;N/A;N/A;N/A;N/A;N/A;N/A;N/A;N/A;N/A;N/A;N/A;N/A;N/A;N/A;N/A;N/A;N/A;N/A;N/A;N/A;N/A;N/A;N/A;N/A;N/A;N/A;N/A;N/A;N/A;N/A;N/A;N/A;N/A;N/A;N/A;N/A;N/A;N/A;N/A;N/A;N/A;N/A;N/A;N/A;N/A;N/A;N/A;N/A;No;N/A;N/A;N/A;N/A;N/A;N/A;N/A;N/A;N/A;N/A;N/A;N/A;N/A;N/A;N/A;N/A;N/A;N/A;N/A;N/A;N/A;N/A;N/A;N/A;N/A;N/A;N/A;N/A;N/A;N/A;N/A;N/A;N/A;N/A;N/A;N/A;N/A;N/A;N/A;N/A;N/A;N/A;N/A;N/A;N/A;N/A;N/A;N/A;N/A;N/A;N/A;N/A;N/A;N/A;N/A;N/A;N/A;N/A;N/A
Renault;"Mégane III";Full;2015;"92000 km";;"CHEVROLET MERCEDES";13500;;;;;Mercedes;https://auto.mercadolibre.com.uy/MLU-702883494-renault-megane-iii-full-16-2015-impecable-_JM;N/A;;"Renault Mégane Iii Full 1.6 2015 Impecable!";USD;Sí;silver;false;N/A;N/A;http://perfil.mercadolibre.com.uy/CHEVROLET+MERCEDES;active;N/A;N/A;Usado;Rojo;N/A;Asistida;N/A;N/A;N/A;N/A;N/A;N/A;N/A;N/A;N/A;N/A;N/A;N/A;N/A;N/A;N/A;N/A;N/A;N/A;N/A;N/A;N/A;N/A;N/A;N/A;N/A;N/A;N/A;"1600 cc";N/A;5;N/A;N/A;N/A;N/A;N/A;N/A;N/A;N/A;N/A;N/A;N/A;N/A;N/A;N/A;N/A;N/A;N/A;N/A;N/A;N/A;N/A;N/A;N/A;N/A;N/A;N/A;N/A;N/A;N/A;N/A;N/A;N/A;N/A;N/A;N/A;N/A;N/A;N/A;N/A;N/A;N/A;N/A;N/A;N/A;N/A;N/A;N/A;N/A;N/A;N/A;N/A;N/A;"115 hp";N/A;N/A;N/A;N/A;"10 km/l";N/A;N/A;N/A;N/A;N/A;N/A;N/A;N/A;N/A;N/A;"14 km/l";N/A;N/A;N/A;N/A;N/A;"Lun. a Vie. 8 a 12 y 14.30 a 18.30 hs. Sáb. 8 a 12 hs";5;1.6;Nafta;Manual;Hatchback;"Autos y camionetas";No;N/A;N/A;N/A;No;N/A;N/A;No;Sí;No;No;N/A;N/A;N/A;N/A;N/A;N/A;N/A;N/A;N/A;N/A;N/A;N/A;N/A;N/A;N/A;N/A;N/A;N/A;N/A;N/A;N/A;N/A;N/A;N/A;N/A;N/A;N/A;N/A;N/A;N/A;N/A;N/A;N/A;N/A;N/A;N/A;N/A;N/A;N/A;N/A;N/A;N/A;N/A;N/A;N/A;N/A;N/A;N/A;N/A;N/A;N/A;No;N/A;N/A;N/A;N/A;N/A;N/A;N/A;N/A;N/A;N/A;N/A;N/A;N/A;N/A;N/A;N/A;N/A;N/A;N/A;N/A;N/A;N/A;N/A;N/A;N/A;N/A;N/A;N/A;N/A;N/A;N/A;N/A;N/A;N/A;N/A;N/A;N/A;N/A;N/A;N/A;N/A;N/A;N/A;N/A;N/A;N/A;N/A;N/A;N/A;N/A;N/A;N/A;N/A;N/A;N/A;N/A;N/A;N/A;N/A
Renault;Sandero;"1.6 Expression 90cv";2015;"125000 km";;AMAYASELECCIONADOS;10290;;;;;"Brazo Oriental";https://auto.mercadolibre.com.uy/MLU-702716980-renault-sandero-expression-_JM;N/A;;"Renault Sandero Expression ";usd;Sí;silver;false;N/A;N/A;http://perfil.mercadolibre.com.uy/AMAYASELECCIONADOS;active;N/A;N/A;Usado;Gris;N/A;Hidráulica;Delantera;Sí;N/A;N/A;N/A;N/A;N/A;N/A;N/A;N/A;N/A;N/A;N/A;N/A;N/A;N/A;N/A;N/A;N/A;N/A;N/A;N/A;N/A;N/A;N/A;N/A;"2590 mm";"1.6 L";"50 L";5;N/A;N/A;N/A;N/A;N/A;N/A;N/A;N/A;N/A;N/A;N/A;N/A;N/A;N/A;N/A;N/A;N/A;N/A;N/A;N/A;N/A;N/A;N/A;N/A;N/A;N/A;N/A;N/A;N/A;N/A;N/A;N/A;N/A;N/A;N/A;N/A;N/A;N/A;N/A;N/A;N/A;N/A;N/A;N/A;N/A;"1536 mm";"4060 mm";N/A;N/A;N/A;N/A;5;"90 hp";Expression;N/A;2;"1733 mm";"10 km/l";N/A;N/A;N/A;N/A;N/A;N/A;N/A;N/A;N/A;Sí;"5.8 km/l";N/A;N/A;N/A;N/A;N/A;"Lunes a Viernes 08:30 a 18:30";5;1.6;Nafta;Manual;Hatchback;"Autos y camionetas";N/A;N/A;N/A;N/A;N/A;N/A;UY;N/A;N/A;N/A;N/A;N/A;N/A;N/A;N/A;N/A;N/A;N/A;N/A;N/A;N/A;N/A;N/A;N/A;N/A;N/A;N/A;N/A;N/A;N/A;N/A;N/A;N/A;N/A;N/A;N/A;N/A;N/A;N/A;N/A;N/A;N/A;N/A;N/A;N/A;N/A;N/A;N/A;N/A;N/A;N/A;N/A;N/A;N/A;N/A;N/A;N/A;N/A;N/A;N/A;N/A;N/A;N/A;N/A;N/A;N/A;N/A;N/A;N/A;N/A;N/A;N/A;N/A;N/A;N/A;N/A;N/A;N/A;N/A;N/A;N/A;N/A;N/A;N/A;N/A;N/A;N/A;N/A;N/A;N/A;N/A;N/A;N/A;N/A;N/A;N/A;N/A;N/A;N/A;N/A;N/A;N/A;N/A;N/A;N/A;N/A;N/A;N/A;N/A;N/A;N/A;N/A;N/A;N/A;N/A;N/A;N/A;Sí;N/A;N/A;N/A;N/A
Renault;"Duster Oroch";"1.6 Sce Zen Mt";2024;"38000 km";;SANABRIAHEBER;19600;;;;;Trinidad;https://auto.mercadolibre.com.uy/MLU-705252544-renault-duster-oroch-16-sce-zen-mt-_JM;N/A;;"Renault Duster Oroch 1.6 Sce Zen Mt";usd;Sí;silver;false;N/A;N/A;http://perfil.mercadolibre.com.uy/SANABRIAHEBER;active;N/A;N/A;Usado;Rojo;Sí;N/A;4x2;Sí;Sí;N/A;N/A;N/A;No;N/A;N/A;N/A;N/A;N/A;Sí;Sí;N/A;Sí;N/A;N/A;N/A;N/A;N/A;N/A;N/A;N/A;N/A;N/A;"2829 mm";"1.6 L";"45 L";6;N/A;N/A;N/A;N/A;N/A;N/A;N/A;N/A;N/A;N/A;N/A;N/A;N/A;N/A;N/A;N/A;N/A;N/A;N/A;N/A;N/A;N/A;N/A;N/A;N/A;N/A;N/A;N/A;N/A;N/A;N/A;N/A;N/A;N/A;N/A;N/A;N/A;N/A;N/A;N/A;N/A;N/A;N/A;N/A;N/A;"1631 mm";"4700 mm";N/A;N/A;N/A;N/A;5;"112 hp";Zen;N/A;4;"1821 mm";N/A;Sí;N/A;Sí;Sí;N/A;Sí;Sí;N/A;N/A;N/A;N/A;No;Sí;N/A;N/A;N/A;"Full time";4;1.6;Nafta;Manual;Pick-Up;"Autos y camionetas";N/A;N/A;N/A;N/A;N/A;N/A;UY;N/A;N/A;N/A;N/A;N/A;N/A;N/A;N/A;N/A;N/A;N/A;N/A;N/A;N/A;N/A;N/A;N/A;Sí;N/A;N/A;N/A;N/A;N/A;N/A;N/A;N/A;N/A;N/A;N/A;N/A;N/A;N/A;N/A;N/A;N/A;N/A;N/A;N/A;N/A;N/A;N/A;N/A;N/A;N/A;N/A;N/A;N/A;N/A;N/A;N/A;N/A;N/A;N/A;N/A;N/A;N/A;N/A;N/A;N/A;N/A;N/A;N/A;N/A;N/A;N/A;N/A;N/A;N/A;N/A;N/A;N/A;N/A;N/A;N/A;N/A;N/A;N/A;N/A;N/A;N/A;N/A;N/A;N/A;N/A;N/A;N/A;N/A;N/A;Sí;Sí;Sí;N/A;N/A;Sí;N/A;N/A;N/A;N/A;Sí;Sí;No;Sí;N/A;N/A;Sí;Sí;Sí;N/A;N/A;N/A;N/A;N/A;N/A;N/A;N/A
Renault;"Duster Oroch";"1.6 Outsider";2022;"70000 km";;"AUSTRAL AUTOMOVILES";19900;;;;;"Brazo Oriental";https://auto.mercadolibre.com.uy/MLU-646583913-renault-oroch-expression-outsider-2022-_JM;N/A;;"Renault Oroch Expression Outsider 2022 ";usd;Sí;silver;false;N/A;N/A;http://perfil.mercadolibre.com.uy/AUSTRAL+AUTOMOVILES;active;N/A;N/A;Usado;Rojo;N/A;N/A;4x2;N/A;N/A;Sí;N/A;N/A;N/A;N/A;N/A;N/A;N/A;N/A;N/A;N/A;N/A;N/A;N/A;N/A;N/A;N/A;N/A;N/A;N/A;N/A;N/A;N/A;"2829 mm";"1.6 L";"50 L";5;N/A;N/A;N/A;N/A;N/A;N/A;N/A;N/A;N/A;N/A;N/A;N/A;N/A;N/A;N/A;N/A;N/A;N/A;N/A;N/A;N/A;N/A;N/A;N/A;N/A;N/A;N/A;N/A;N/A;N/A;N/A;N/A;N/A;N/A;N/A;N/A;N/A;N/A;N/A;N/A;N/A;N/A;N/A;N/A;N/A;"1683 mm";"4329 mm";N/A;N/A;N/A;N/A;5;"110 hp";Outsider;N/A;4;"1821 mm";"11.1 km/l";N/A;N/A;N/A;N/A;N/A;N/A;N/A;N/A;N/A;N/A;"10.4 km/l";N/A;N/A;N/A;N/A;N/A;"10 A 19";4;1.6;Nafta;Manual;SUV;"Autos y camionetas";N/A;N/A;N/A;N/A;N/A;N/A;UY;N/A;N/A;N/A;N/A;N/A;N/A;N/A;N/A;N/A;N/A;N/A;N/A;N/A;N/A;N/A;N/A;N/A;N/A;N/A;N/A;N/A;N/A;N/A;N/A;N/A;N/A;N/A;N/A;N/A;N/A;N/A;N/A;N/A;N/A;N/A;N/A;N/A;N/A;N/A;N/A;N/A;N/A;N/A;N/A;N/A;N/A;N/A;N/A;N/A;N/A;N/A;N/A;N/A;N/A;N/A;N/A;N/A;N/A;N/A;N/A;N/A;N/A;N/A;N/A;N/A;N/A;N/A;N/A;N/A;N/A;N/A;N/A;N/A;N/A;N/A;N/A;N/A;N/A;N/A;N/A;N/A;N/A;N/A;N/A;N/A;N/A;N/A;N/A;N/A;N/A;N/A;N/A;N/A;N/A;N/A;N/A;N/A;N/A;N/A;N/A;N/A;N/A;N/A;N/A;N/A;N/A;N/A;N/A;N/A;N/A;N/A;N/A;N/A;N/A;N/A
Renault;Kwid;"1.0 Sce 66cv Life";2020;"26000 km";;"DELESTE AUTOMOVILES";12900;;;;;Minas;https://auto.mercadolibre.com.uy/MLU-646481285-renault-kwid-life-10-mt-_JM;N/A;;"Renault Kwid Life 1.0 Mt";usd;Sí;silver;false;N/A;N/A;http://perfil.mercadolibre.com.uy/DELESTE+AUTOMOVILES;active;N/A;N/A;Usado;Naranja;N/A;N/A;Delantera;N/A;N/A;Sí;N/A;N/A;N/A;N/A;N/A;N/A;N/A;N/A;N/A;N/A;N/A;N/A;N/A;N/A;N/A;N/A;N/A;N/A;N/A;N/A;N/A;N/A;"2423 mm";"1 L";"50 L";5;N/A;N/A;N/A;N/A;N/A;N/A;N/A;N/A;N/A;N/A;N/A;N/A;N/A;N/A;N/A;N/A;N/A;N/A;N/A;N/A;N/A;N/A;N/A;N/A;N/A;N/A;N/A;N/A;N/A;N/A;N/A;N/A;N/A;N/A;N/A;N/A;N/A;N/A;N/A;N/A;N/A;N/A;N/A;N/A;N/A;"1474 mm";"3680 mm";N/A;N/A;N/A;N/A;5;"66 hp";Life;N/A;4;"1752 mm";N/A;N/A;N/A;N/A;N/A;N/A;N/A;N/A;N/A;N/A;N/A;N/A;N/A;N/A;N/A;N/A;N/A;"Lunes a Viernes de 8.30 a 19.00 y Sabados de 8.30 a 12.30 hrs";5;1.0;Nafta;Manual;Hatchback;"Autos y camionetas";N/A;N/A;N/A;N/A;N/A;N/A;UY;N/A;N/A;N/A;N/A;N/A;N/A;N/A;N/A;N/A;N/A;N/A;N/A;N/A;N/A;N/A;N/A;N/A;N/A;N/A;N/A;N/A;N/A;N/A;N/A;N/A;N/A;N/A;N/A;N/A;N/A;N/A;N/A;N/A;N/A;N/A;N/A;N/A;N/A;N/A;N/A;N/A;N/A;N/A;N/A;N/A;N/A;N/A;N/A;N/A;N/A;N/A;N/A;N/A;N/A;N/A;N/A;N/A;N/A;N/A;N/A;N/A;N/A;N/A;N/A;N/A;N/A;N/A;N/A;N/A;N/A;N/A;N/A;N/A;N/A;N/A;N/A;N/A;N/A;N/A;N/A;N/A;N/A;N/A;N/A;N/A;N/A;N/A;N/A;N/A;N/A;N/A;N/A;N/A;N/A;N/A;N/A;N/A;N/A;N/A;N/A;N/A;N/A;N/A;N/A;N/A;N/A;N/A;N/A;N/A;N/A;N/A;N/A;N/A;N/A;N/A
Renault;"Mégane III";"2.0 Privilege Ph2";2014;"197000 km";;GHMAUTOMOVILES;12800;;;;;Florida;https://auto.mercadolibre.com.uy/MLU-699979660-renault-megane-3-privilege-20-mt-_JM;N/A;;"Renault Megane 3 Privilege 2.0 Mt";usd;Sí;silver;false;N/A;N/A;http://perfil.mercadolibre.com.uy/GHMAUTOMOVILES;active;N/A;N/A;Usado;Negro;N/A;Eléctrica;Delantera;N/A;N/A;Sí;N/A;N/A;N/A;N/A;N/A;Sí;Sí;N/A;N/A;N/A;N/A;N/A;N/A;N/A;N/A;N/A;N/A;N/A;N/A;N/A;N/A;N/A;"2640 mm";"2 L";"60 L";5;N/A;N/A;N/A;N/A;N/A;N/A;N/A;N/A;N/A;Sí;N/A;N/A;N/A;N/A;N/A;N/A;N/A;N/A;N/A;N/A;N/A;N/A;N/A;N/A;N/A;N/A;N/A;N/A;N/A;N/A;N/A;N/A;N/A;Sí;Sí;Sí;N/A;N/A;N/A;N/A;N/A;N/A;N/A;N/A;N/A;"1491 mm";"4296 mm";N/A;N/A;N/A;N/A;5;"143 hp";Privilege;N/A;4;"1808 mm";"10.9 km/l";Sí;N/A;N/A;Sí;N/A;N/A;Sí;N/A;N/A;N/A;"6.1 km/l";N/A;N/A;N/A;N/A;N/A;N/A;5;2.0;Nafta;Manual;Hatchback;"Autos y camionetas";N/A;N/A;N/A;N/A;N/A;N/A;UY;N/A;N/A;N/A;N/A;N/A;N/A;N/A;N/A;N/A;N/A;N/A;N/A;N/A;N/A;N/A;N/A;N/A;N/A;N/A;N/A;N/A;N/A;N/A;N/A;N/A;N/A;N/A;N/A;N/A;N/A;N/A;N/A;N/A;N/A;N/A;N/A;N/A;N/A;N/A;N/A;N/A;N/A;N/A;N/A;N/A;N/A;N/A;N/A;N/A;N/A;N/A;N/A;N/A;N/A;N/A;N/A;N/A;N/A;N/A;N/A;N/A;N/A;N/A;N/A;N/A;N/A;N/A;N/A;N/A;N/A;N/A;N/A;N/A;N/A;N/A;N/A;N/A;N/A;N/A;N/A;N/A;N/A;N/A;N/A;N/A;N/A;N/A;N/A;N/A;N/A;N/A;N/A;N/A;N/A;N/A;N/A;N/A;N/A;N/A;Sí;N/A;N/A;N/A;N/A;N/A;Sí;N/A;N/A;N/A;N/A;N/A;N/A;Sí;N/A;N/A
Renault;Kangoo;"1.6 Furgon Ph3 Confort 5as Lc";2015;"247798 km";;AUTOMOVILESAUTOPARQUE202209021;7990;;;;;"Parque del Plata";https://auto.mercadolibre.com.uy/MLU-699590164-renault-kangoo-fase-2-_JM;N/A;;"Renault Kangoo Fase 2";usd;Sí;silver;false;N/A;N/A;http://perfil.mercadolibre.com.uy/AUTOMOVILESAUTOPARQUE202209021;active;N/A;N/A;Usado;Blanco;N/A;Hidráulica;Delantera;N/A;N/A;N/A;N/A;N/A;N/A;N/A;N/A;N/A;N/A;N/A;N/A;N/A;N/A;N/A;N/A;N/A;N/A;N/A;N/A;N/A;N/A;N/A;N/A;N/A;"2600 mm";"1.6 L";"52 L";5;N/A;N/A;N/A;N/A;N/A;N/A;N/A;N/A;N/A;N/A;N/A;N/A;N/A;N/A;N/A;N/A;N/A;N/A;N/A;N/A;N/A;N/A;N/A;N/A;N/A;N/A;N/A;N/A;N/A;N/A;N/A;N/A;N/A;N/A;N/A;N/A;N/A;N/A;N/A;N/A;N/A;N/A;N/A;N/A;N/A;"1860 mm";"4010 mm";N/A;N/A;N/A;N/A;2;"95 hp";Confort;N/A;4;"1672 mm";"11.09 km/l";N/A;N/A;N/A;N/A;N/A;N/A;N/A;N/A;N/A;N/A;N/A;N/A;N/A;N/A;N/A;N/A;N/A;3;1.6;Nafta;Manual;N/A;"Autos y camionetas";N/A;N/A;N/A;N/A;N/A;N/A;UY;N/A;N/A;N/A;N/A;N/A;N/A;N/A;N/A;N/A;N/A;N/A;N/A;N/A;N/A;N/A;N/A;N/A;N/A;N/A;N/A;N/A;N/A;N/A;N/A;N/A;N/A;N/A;N/A;N/A;N/A;N/A;N/A;N/A;N/A;N/A;N/A;N/A;N/A;N/A;N/A;N/A;N/A;N/A;N/A;N/A;N/A;N/A;N/A;N/A;N/A;N/A;N/A;N/A;N/A;N/A;N/A;N/A;N/A;N/A;N/A;N/A;N/A;N/A;N/A;N/A;N/A;N/A;N/A;N/A;N/A;N/A;N/A;N/A;N/A;N/A;N/A;N/A;N/A;N/A;N/A;N/A;N/A;N/A;N/A;N/A;N/A;N/A;N/A;N/A;N/A;N/A;N/A;N/A;N/A;N/A;N/A;N/A;N/A;N/A;N/A;N/A;N/A;N/A;N/A;N/A;N/A;N/A;N/A;N/A;N/A;N/A;N/A;N/A;N/A;N/A
Renault;Oroch;"2.0 4x4";2020;"85000 km";;"SAINTDIEGO AUTOMOVILES";16990;;;;;Malvin;https://auto.mercadolibre.com.uy/MLU-698431134-renault-oroch-20-4x4-_JM;N/A;;"Renault Oroch 2.0 4x4";USD;Sí;silver;false;N/A;N/A;http://perfil.mercadolibre.com.uy/SAINTDIEGO+AUTOMOVILES;active;N/A;N/A;Usado;N/A;N/A;N/A;N/A;N/A;N/A;N/A;N/A;N/A;N/A;N/A;N/A;N/A;N/A;N/A;N/A;N/A;N/A;N/A;N/A;N/A;N/A;N/A;N/A;N/A;N/A;N/A;N/A;N/A;N/A;N/A;N/A;N/A;N/A;N/A;N/A;N/A;N/A;N/A;N/A;N/A;N/A;N/A;N/A;N/A;N/A;N/A;N/A;N/A;N/A;N/A;N/A;N/A;N/A;N/A;N/A;N/A;N/A;N/A;N/A;N/A;N/A;N/A;N/A;N/A;N/A;N/A;N/A;N/A;N/A;N/A;N/A;N/A;N/A;N/A;N/A;N/A;N/A;N/A;N/A;N/A;N/A;N/A;N/A;N/A;N/A;N/A;N/A;N/A;N/A;N/A;N/A;N/A;N/A;N/A;N/A;N/A;N/A;N/A;N/A;N/A;N/A;N/A;N/A;N/A;N/A;N/A;N/A;4;N/A;Nafta;N/A;N/A;"Autos y camionetas";N/A;N/A;N/A;N/A;N/A;N/A;N/A;N/A;N/A;N/A;N/A;N/A;N/A;N/A;N/A;N/A;N/A;N/A;N/A;N/A;N/A;N/A;N/A;N/A;N/A;N/A;N/A;N/A;N/A;N/A;N/A;N/A;N/A;N/A;N/A;N/A;N/A;N/A;N/A;N/A;N/A;N/A;N/A;N/A;N/A;N/A;N/A;N/A;N/A;N/A;N/A;N/A;N/A;N/A;N/A;N/A;N/A;N/A;N/A;N/A;N/A;N/A;N/A;N/A;N/A;N/A;N/A;N/A;N/A;N/A;N/A;N/A;N/A;N/A;N/A;N/A;N/A;N/A;N/A;N/A;N/A;N/A;N/A;N/A;N/A;N/A;N/A;N/A;N/A;N/A;N/A;N/A;N/A;N/A;N/A;N/A;N/A;N/A;N/A;N/A;N/A;N/A;N/A;N/A;N/A;N/A;N/A;N/A;N/A;N/A;N/A;N/A;N/A;N/A;N/A;N/A;N/A;N/A;N/A;N/A;N/A;N/A
Renault;Stepway;"1.6 Cc";2021;"93000 km";;AMAYASELECCIONADOS;18490;;;;;"Brazo Oriental";https://auto.mercadolibre.com.uy/MLU-644751691-renault-stepway-intense-at-_JM;N/A;;"Renault Stepway Intense At";USD;Sí;silver;false;N/A;N/A;http://perfil.mercadolibre.com.uy/AMAYASELECCIONADOS;active;N/A;N/A;Usado;Gris;N/A;Hidráulica;N/A;Sí;N/A;N/A;N/A;N/A;N/A;N/A;N/A;N/A;N/A;N/A;Sí;Sí;N/A;N/A;N/A;N/A;N/A;N/A;N/A;N/A;N/A;N/A;N/A;N/A;N/A;N/A;N/A;N/A;N/A;N/A;N/A;N/A;N/A;N/A;N/A;N/A;N/A;N/A;N/A;N/A;N/A;N/A;N/A;N/A;N/A;N/A;N/A;N/A;N/A;N/A;N/A;N/A;N/A;N/A;N/A;N/A;N/A;N/A;N/A;N/A;N/A;N/A;N/A;N/A;N/A;N/A;N/A;N/A;N/A;N/A;N/A;N/A;N/A;N/A;N/A;N/A;N/A;N/A;N/A;N/A;N/A;N/A;N/A;N/A;N/A;N/A;N/A;N/A;Sí;Sí;N/A;N/A;Sí;N/A;N/A;N/A;N/A;N/A;N/A;N/A;N/A;N/A;"Luneas a viernes de 9 a 18:30hs";5;"1.6 cc";Nafta;Automática;N/A;"Autos y camionetas";N/A;N/A;N/A;N/A;N/A;N/A;N/A;N/A;N/A;N/A;N/A;N/A;N/A;N/A;N/A;N/A;N/A;N/A;N/A;N/A;N/A;N/A;N/A;N/A;Sí;N/A;N/A;N/A;N/A;N/A;N/A;N/A;N/A;N/A;N/A;N/A;N/A;N/A;N/A;N/A;N/A;N/A;N/A;N/A;N/A;N/A;N/A;N/A;N/A;N/A;N/A;N/A;N/A;N/A;N/A;N/A;N/A;N/A;N/A;N/A;N/A;N/A;N/A;N/A;N/A;N/A;N/A;N/A;N/A;N/A;N/A;N/A;N/A;N/A;N/A;N/A;N/A;N/A;N/A;N/A;N/A;N/A;N/A;N/A;N/A;N/A;N/A;N/A;N/A;N/A;N/A;N/A;N/A;N/A;N/A;N/A;N/A;N/A;Sí;N/A;Sí;N/A;N/A;N/A;N/A;Sí;N/A;N/A;N/A;N/A;N/A;N/A;Sí;N/A;Sí;N/A;Sí;N/A;N/A;Sí;N/A;N/A
Renault;Clio;"1.2 Campus Pack Ii 75cv";2012;"67000 km";;CARSELLER.UY;10500;;;;;Paysandú;https://auto.mercadolibre.com.uy/MLU-706201548-renault-clio-2012-12-campus-pack-ii-75cv-_JM;N/A;;"Renault Clio 2012 1.2 Campus Pack Ii 75cv";usd;Sí;silver;false;N/A;N/A;http://perfil.mercadolibre.com.uy/CARSELLER.UY;active;N/A;N/A;Usado;Blanco;N/A;Hidráulica;Delantera;N/A;N/A;N/A;N/A;N/A;N/A;N/A;N/A;N/A;N/A;N/A;N/A;N/A;N/A;N/A;N/A;N/A;N/A;N/A;N/A;N/A;N/A;N/A;N/A;N/A;"2472 mm";"1.2 L";"50 L";5;N/A;N/A;N/A;N/A;N/A;N/A;N/A;N/A;N/A;N/A;N/A;N/A;N/A;N/A;N/A;N/A;N/A;N/A;N/A;N/A;N/A;N/A;N/A;N/A;N/A;N/A;N/A;N/A;N/A;N/A;N/A;N/A;N/A;Sí;N/A;N/A;N/A;N/A;N/A;N/A;N/A;N/A;N/A;N/A;N/A;"1417 mm";"3813 mm";N/A;N/A;N/A;N/A;5;"75 hp";Campus;N/A;4;"1639 mm";N/A;N/A;N/A;N/A;Sí;N/A;N/A;N/A;N/A;N/A;N/A;N/A;N/A;N/A;N/A;N/A;N/A;N/A;3;1.2;Nafta;Manual;Hatchback;"Autos y camionetas";N/A;N/A;N/A;N/A;N/A;N/A;UY;N/A;N/A;N/A;N/A;N/A;N/A;N/A;N/A;N/A;N/A;N/A;N/A;N/A;N/A;N/A;N/A;N/A;N/A;N/A;N/A;N/A;N/A;N/A;N/A;N/A;N/A;N/A;N/A;N/A;N/A;N/A;N/A;N/A;N/A;N/A;N/A;N/A;N/A;N/A;N/A;N/A;N/A;N/A;N/A;N/A;N/A;N/A;N/A;N/A;N/A;N/A;N/A;N/A;N/A;N/A;N/A;N/A;N/A;N/A;N/A;N/A;N/A;N/A;N/A;N/A;N/A;N/A;N/A;N/A;N/A;N/A;N/A;N/A;N/A;N/A;N/A;N/A;N/A;N/A;N/A;N/A;N/A;N/A;N/A;N/A;N/A;N/A;N/A;N/A;N/A;N/A;N/A;N/A;N/A;N/A;N/A;N/A;N/A;N/A;N/A;N/A;N/A;N/A;N/A;N/A;Sí;N/A;N/A;N/A;N/A;N/A;N/A;N/A;N/A;N/A
Renault;"Sandero Stepway";"1.6 Privilege Plus 105cv";2011;"156000 km";;RECRULSA;10800;;;;;Melo;https://auto.mercadolibre.com.uy/MLU-647592589-renault-sandero-stepway-16-privilege-plus-105cv-_JM;N/A;;"Renault Sandero Stepway 1.6 Privilege Plus 105cv";usd;Sí;silver;false;N/A;N/A;http://perfil.mercadolibre.com.uy/RECRULSA;active;N/A;N/A;Usado;Plateado;N/A;Hidráulica;Delantera;N/A;N/A;Sí;N/A;N/A;N/A;N/A;N/A;Sí;N/A;N/A;N/A;N/A;N/A;N/A;N/A;N/A;N/A;N/A;N/A;N/A;N/A;N/A;N/A;N/A;"2588 mm";"1.6 L";"50 L";5;N/A;N/A;N/A;N/A;N/A;N/A;N/A;N/A;N/A;N/A;N/A;N/A;N/A;N/A;N/A;N/A;N/A;N/A;N/A;N/A;N/A;N/A;N/A;N/A;N/A;N/A;N/A;N/A;N/A;N/A;N/A;N/A;N/A;Sí;Sí;N/A;N/A;N/A;N/A;N/A;N/A;N/A;N/A;N/A;N/A;"1630 mm";"4091 mm";N/A;N/A;N/A;N/A;5;"105 hp";Privilege;N/A;4;"1751 mm";"9.3 km/l";N/A;N/A;N/A;Sí;N/A;N/A;Sí;N/A;N/A;N/A;"5.9 km/l";N/A;N/A;N/A;N/A;N/A;N/A;5;1.6;Nafta;Manual;Hatchback;"Autos y camionetas";N/A;N/A;N/A;N/A;N/A;N/A;UY;N/A;N/A;N/A;N/A;N/A;N/A;N/A;N/A;N/A;N/A;N/A;N/A;N/A;N/A;N/A;N/A;N/A;N/A;N/A;N/A;N/A;N/A;N/A;N/A;N/A;N/A;N/A;N/A;N/A;N/A;N/A;N/A;N/A;N/A;N/A;N/A;N/A;N/A;N/A;N/A;N/A;N/A;N/A;N/A;N/A;N/A;N/A;N/A;N/A;N/A;N/A;N/A;N/A;N/A;N/A;N/A;N/A;N/A;N/A;N/A;N/A;N/A;N/A;N/A;N/A;N/A;N/A;N/A;N/A;N/A;N/A;N/A;N/A;N/A;N/A;N/A;N/A;N/A;N/A;N/A;N/A;N/A;N/A;N/A;N/A;N/A;N/A;N/A;N/A;N/A;N/A;N/A;N/A;N/A;N/A;N/A;N/A;N/A;N/A;N/A;N/A;N/A;N/A;N/A;N/A;Sí;N/A;N/A;N/A;N/A;N/A;N/A;Sí;N/A;N/A
Renault;Oroch;"1.6 Expression";2020;"68000 km";;"SAINTDIEGO AUTOMOVILES";14800;;;;;Malvin;https://auto.mercadolibre.com.uy/MLU-704188182-renault-oroch-16-expression-_JM;N/A;;"Renault Oroch 1.6 Expression";USD;Sí;silver;false;N/A;N/A;http://perfil.mercadolibre.com.uy/SAINTDIEGO+AUTOMOVILES;active;N/A;N/A;Usado;N/A;N/A;N/A;N/A;N/A;N/A;N/A;N/A;N/A;N/A;N/A;N/A;N/A;N/A;N/A;N/A;N/A;N/A;N/A;N/A;N/A;N/A;N/A;N/A;N/A;N/A;N/A;N/A;N/A;N/A;N/A;N/A;N/A;N/A;N/A;N/A;N/A;N/A;N/A;N/A;N/A;N/A;N/A;N/A;N/A;N/A;N/A;N/A;N/A;N/A;N/A;N/A;N/A;N/A;N/A;N/A;N/A;N/A;N/A;N/A;N/A;N/A;N/A;N/A;N/A;N/A;N/A;N/A;N/A;N/A;N/A;N/A;N/A;N/A;N/A;N/A;N/A;N/A;N/A;N/A;N/A;N/A;N/A;N/A;N/A;N/A;N/A;N/A;N/A;N/A;N/A;N/A;N/A;N/A;N/A;N/A;N/A;N/A;N/A;N/A;N/A;N/A;N/A;N/A;N/A;N/A;N/A;N/A;4;N/A;Nafta;N/A;N/A;"Autos y camionetas";N/A;N/A;N/A;N/A;N/A;N/A;N/A;N/A;N/A;N/A;N/A;N/A;N/A;N/A;N/A;N/A;N/A;N/A;N/A;N/A;N/A;N/A;N/A;N/A;N/A;N/A;N/A;N/A;N/A;N/A;N/A;N/A;N/A;N/A;N/A;N/A;N/A;N/A;N/A;N/A;N/A;N/A;N/A;N/A;N/A;N/A;N/A;N/A;N/A;N/A;N/A;N/A;N/A;N/A;N/A;N/A;N/A;N/A;N/A;N/A;N/A;N/A;N/A;N/A;N/A;N/A;N/A;N/A;N/A;N/A;N/A;N/A;N/A;N/A;N/A;N/A;N/A;N/A;N/A;N/A;N/A;N/A;N/A;N/A;N/A;N/A;N/A;N/A;N/A;N/A;N/A;N/A;N/A;N/A;N/A;N/A;N/A;N/A;N/A;N/A;N/A;N/A;N/A;N/A;N/A;N/A;N/A;N/A;N/A;N/A;N/A;N/A;N/A;N/A;N/A;N/A;N/A;N/A;N/A;N/A;N/A;N/A
Renault;Stepway;"Intense CVT";2023;"35000 km";;ABUDYCIA;19900;;;;;Malvin;https://auto.mercadolibre.com.uy/MLU-703955466-renault-stepway-intense-cvt-16-2023-impecable-_JM;N/A;;"Renault Stepway Intense Cvt 1.6 2023 Impecable!";usd;Sí;silver;false;N/A;N/A;http://perfil.mercadolibre.com.uy/ABUDYCIA;active;N/A;N/A;Usado;Plateado;Sí;Hidráulica;N/A;Sí;Sí;Sí;N/A;N/A;N/A;Sí;Sí;Sí;Sí;Sí;Sí;Sí;N/A;N/A;N/A;N/A;N/A;N/A;N/A;N/A;N/A;N/A;N/A;N/A;N/A;"1600 cc";N/A;6;N/A;N/A;Sí;Sí;N/A;N/A;N/A;N/A;N/A;N/A;N/A;N/A;N/A;N/A;N/A;N/A;N/A;N/A;N/A;N/A;N/A;N/A;N/A;Sí;N/A;Sí;N/A;N/A;N/A;Sí;N/A;N/A;N/A;N/A;N/A;N/A;Sí;N/A;N/A;N/A;N/A;N/A;Sí;N/A;N/A;N/A;N/A;N/A;N/A;N/A;N/A;N/A;"115 hp";Cvt;N/A;N/A;N/A;N/A;N/A;N/A;Sí;Sí;Sí;Sí;Sí;Sí;N/A;N/A;N/A;N/A;N/A;N/A;N/A;Sí;"Lun. a Vie. de 9 a 18 hs. Sáb. de 10 a 13 hs.";5;1.6;Nafta;Automática;SUV;"Autos y camionetas";No;N/A;N/A;N/A;No;N/A;UY;No;Sí;No;No;N/A;N/A;N/A;N/A;N/A;N/A;N/A;N/A;N/A;N/A;N/A;N/A;N/A;N/A;N/A;N/A;N/A;N/A;N/A;N/A;N/A;N/A;N/A;N/A;N/A;N/A;N/A;N/A;N/A;N/A;N/A;N/A;N/A;N/A;N/A;N/A;N/A;N/A;N/A;N/A;N/A;N/A;N/A;N/A;N/A;N/A;N/A;N/A;N/A;N/A;Sí;No;N/A;N/A;N/A;N/A;N/A;N/A;N/A;N/A;N/A;N/A;N/A;N/A;N/A;N/A;N/A;N/A;N/A;N/A;N/A;N/A;N/A;N/A;N/A;N/A;N/A;N/A;N/A;N/A;N/A;N/A;N/A;N/A;N/A;Sí;Sí;Sí;N/A;Sí;Sí;Sí;N/A;Sí;Sí;Sí;Sí;N/A;N/A;Sí;N/A;Sí;N/A;Sí;Sí;Sí;N/A;N/A;Sí;N/A;Sí
Renault;Kwid;"1.0 Sce 66cv Outsider";2024;"0 km";;RECRULSA;16500;;;;;Melo;https://auto.mercadolibre.com.uy/MLU-678342934-renault-kwid-2024-10-sce-66cv-outsider-_JM;N/A;;"Renault Kwid 2024 1.0 Sce 66cv Outsider";usd;Sí;silver;false;N/A;N/A;http://perfil.mercadolibre.com.uy/RECRULSA;active;N/A;N/A;Nuevo;N/A;N/A;N/A;Delantera;N/A;N/A;Sí;N/A;N/A;N/A;N/A;N/A;N/A;N/A;N/A;N/A;N/A;N/A;N/A;N/A;N/A;N/A;N/A;N/A;N/A;N/A;N/A;N/A;N/A;"2423 mm";"1 L";"50 L";5;N/A;N/A;N/A;N/A;N/A;N/A;N/A;N/A;N/A;N/A;N/A;N/A;N/A;N/A;N/A;N/A;N/A;N/A;N/A;N/A;N/A;N/A;N/A;N/A;N/A;N/A;N/A;N/A;N/A;N/A;N/A;N/A;N/A;N/A;N/A;N/A;N/A;N/A;N/A;N/A;N/A;N/A;N/A;N/A;N/A;"1474 mm";"3680 mm";N/A;N/A;N/A;N/A;5;"66 hp";Outsider;N/A;4;"1752 mm";N/A;N/A;N/A;N/A;N/A;N/A;N/A;N/A;N/A;N/A;N/A;N/A;N/A;N/A;N/A;N/A;N/A;N/A;5;1.0;Nafta;Manual;Hatchback;"Autos y camionetas";N/A;N/A;N/A;N/A;N/A;N/A;UY;N/A;N/A;N/A;N/A;N/A;N/A;N/A;N/A;N/A;N/A;N/A;N/A;N/A;N/A;N/A;N/A;N/A;N/A;N/A;N/A;N/A;N/A;N/A;N/A;N/A;N/A;N/A;N/A;N/A;N/A;N/A;N/A;N/A;N/A;N/A;N/A;N/A;N/A;N/A;N/A;N/A;N/A;N/A;N/A;N/A;N/A;N/A;N/A;N/A;N/A;N/A;N/A;N/A;N/A;N/A;N/A;N/A;N/A;N/A;N/A;N/A;N/A;N/A;N/A;N/A;N/A;N/A;N/A;N/A;N/A;N/A;N/A;N/A;N/A;N/A;N/A;N/A;N/A;N/A;N/A;N/A;N/A;N/A;N/A;N/A;N/A;N/A;N/A;N/A;N/A;N/A;N/A;N/A;N/A;N/A;N/A;N/A;N/A;N/A;N/A;N/A;N/A;N/A;N/A;N/A;N/A;N/A;N/A;N/A;N/A;N/A;N/A;N/A;N/A;N/A
Renault;Kangoo;"Furgon 1.6";2018;"73000 km";;"SAINTDIEGO AUTOMOVILES";10200;;;;;Malvin;https://auto.mercadolibre.com.uy/MLU-702538916-renault-kangoo-furgon-16-_JM;N/A;;"Renault Kangoo Furgón 1.6";USD;Sí;silver;false;N/A;N/A;http://perfil.mercadolibre.com.uy/SAINTDIEGO+AUTOMOVILES;active;N/A;N/A;Usado;N/A;N/A;N/A;N/A;N/A;N/A;N/A;N/A;N/A;N/A;N/A;N/A;N/A;N/A;N/A;N/A;N/A;N/A;N/A;N/A;N/A;N/A;N/A;N/A;N/A;N/A;N/A;N/A;N/A;N/A;N/A;N/A;N/A;N/A;N/A;N/A;N/A;N/A;N/A;N/A;N/A;N/A;N/A;N/A;N/A;N/A;N/A;N/A;N/A;N/A;N/A;N/A;N/A;N/A;N/A;N/A;N/A;N/A;N/A;N/A;N/A;N/A;N/A;N/A;N/A;N/A;N/A;N/A;N/A;N/A;N/A;N/A;N/A;N/A;N/A;N/A;N/A;N/A;N/A;N/A;N/A;N/A;N/A;N/A;N/A;N/A;N/A;N/A;N/A;N/A;N/A;N/A;N/A;N/A;N/A;N/A;N/A;N/A;N/A;N/A;N/A;N/A;N/A;N/A;N/A;N/A;N/A;N/A;5;N/A;Nafta;N/A;N/A;"Autos y camionetas";N/A;N/A;N/A;N/A;N/A;N/A;N/A;N/A;N/A;N/A;N/A;N/A;N/A;N/A;N/A;N/A;N/A;N/A;N/A;N/A;N/A;N/A;N/A;N/A;N/A;N/A;N/A;N/A;N/A;N/A;N/A;N/A;N/A;N/A;N/A;N/A;N/A;N/A;N/A;N/A;N/A;N/A;N/A;N/A;N/A;N/A;N/A;N/A;N/A;N/A;N/A;N/A;N/A;N/A;N/A;N/A;N/A;N/A;N/A;N/A;N/A;N/A;N/A;N/A;N/A;N/A;N/A;N/A;N/A;N/A;N/A;N/A;N/A;N/A;N/A;N/A;N/A;N/A;N/A;N/A;N/A;N/A;N/A;N/A;N/A;N/A;N/A;N/A;N/A;N/A;N/A;N/A;N/A;N/A;N/A;N/A;N/A;N/A;N/A;N/A;N/A;N/A;N/A;N/A;N/A;N/A;N/A;N/A;N/A;N/A;N/A;N/A;N/A;N/A;N/A;N/A;N/A;N/A;N/A;N/A;N/A;N/A
Renault;Kwid;"1.0 Sce 66cv Intense";2021;"68000 km";;"SAINTDIEGO AUTOMOVILES";12600;;;;;Malvin;https://auto.mercadolibre.com.uy/MLU-704253070-renault-kwid-2021-10-sce-66cv-intense-_JM;N/A;;"Renault Kwid 2021 1.0 Sce 66cv Intense";usd;Sí;silver;false;N/A;N/A;http://perfil.mercadolibre.com.uy/SAINTDIEGO+AUTOMOVILES;active;N/A;N/A;Usado;N/A;N/A;N/A;Delantera;N/A;N/A;Sí;N/A;N/A;N/A;N/A;N/A;N/A;N/A;N/A;N/A;N/A;N/A;N/A;N/A;N/A;N/A;N/A;N/A;N/A;N/A;N/A;N/A;N/A;"2423 mm";"1 L";"50 L";5;N/A;N/A;N/A;N/A;N/A;N/A;N/A;N/A;N/A;N/A;N/A;N/A;N/A;N/A;N/A;N/A;N/A;N/A;N/A;N/A;N/A;N/A;N/A;N/A;N/A;N/A;N/A;N/A;N/A;N/A;N/A;N/A;N/A;N/A;N/A;N/A;N/A;N/A;N/A;N/A;N/A;N/A;N/A;N/A;N/A;"1474 mm";"3680 mm";N/A;N/A;N/A;N/A;5;"66 hp";Intense;N/A;4;"1752 mm";N/A;N/A;N/A;N/A;N/A;N/A;N/A;N/A;N/A;N/A;N/A;N/A;N/A;N/A;N/A;N/A;N/A;N/A;5;1.0;Nafta;Manual;Hatchback;"Autos y camionetas";N/A;N/A;N/A;N/A;N/A;N/A;UY;N/A;N/A;N/A;N/A;N/A;N/A;N/A;N/A;N/A;N/A;N/A;N/A;N/A;N/A;N/A;N/A;N/A;N/A;N/A;N/A;N/A;N/A;N/A;N/A;N/A;N/A;N/A;N/A;N/A;N/A;N/A;N/A;N/A;N/A;N/A;N/A;N/A;N/A;N/A;N/A;N/A;N/A;N/A;N/A;N/A;N/A;N/A;N/A;N/A;N/A;N/A;N/A;N/A;N/A;N/A;N/A;N/A;N/A;N/A;N/A;N/A;N/A;N/A;N/A;N/A;N/A;N/A;N/A;N/A;N/A;N/A;N/A;N/A;N/A;N/A;N/A;N/A;N/A;N/A;N/A;N/A;N/A;N/A;N/A;N/A;N/A;N/A;N/A;N/A;N/A;N/A;N/A;N/A;N/A;N/A;N/A;N/A;N/A;N/A;N/A;N/A;N/A;N/A;N/A;N/A;N/A;N/A;N/A;N/A;N/A;N/A;N/A;N/A;N/A;N/A
Renault;Kwid;Zen;2024;"0 km";;AMAYASELECCIONADOS;14690;;;;;"Brazo Oriental";https://auto.mercadolibre.com.uy/MLU-693777080-renault-kwid-zen-_JM;N/A;;"Renault Kwid Zen";USD;Sí;silver;false;N/A;N/A;http://perfil.mercadolibre.com.uy/AMAYASELECCIONADOS;active;N/A;N/A;Nuevo;Azul;N/A;Hidráulica;Delantera;Sí;N/A;N/A;N/A;N/A;N/A;N/A;N/A;N/A;N/A;N/A;N/A;Sí;N/A;N/A;N/A;N/A;N/A;N/A;N/A;N/A;N/A;N/A;N/A;N/A;N/A;N/A;N/A;N/A;N/A;N/A;N/A;N/A;N/A;N/A;N/A;N/A;N/A;N/A;N/A;N/A;N/A;N/A;N/A;N/A;N/A;N/A;N/A;N/A;N/A;N/A;N/A;N/A;N/A;N/A;N/A;N/A;N/A;N/A;N/A;N/A;N/A;N/A;N/A;N/A;N/A;N/A;N/A;N/A;N/A;N/A;N/A;N/A;N/A;N/A;N/A;N/A;N/A;N/A;N/A;N/A;N/A;N/A;N/A;N/A;N/A;N/A;N/A;N/A;N/A;Sí;N/A;N/A;N/A;N/A;N/A;N/A;N/A;N/A;N/A;N/A;N/A;N/A;N/A;5;1.0;Nafta;Manual;SUV;"Autos y camionetas";N/A;N/A;N/A;N/A;N/A;N/A;N/A;N/A;N/A;N/A;N/A;N/A;N/A;N/A;N/A;N/A;N/A;N/A;N/A;N/A;N/A;N/A;N/A;N/A;N/A;N/A;N/A;N/A;N/A;N/A;N/A;N/A;N/A;N/A;N/A;N/A;N/A;N/A;N/A;N/A;N/A;N/A;N/A;N/A;N/A;N/A;N/A;N/A;N/A;N/A;N/A;N/A;N/A;N/A;N/A;N/A;N/A;N/A;N/A;N/A;N/A;N/A;N/A;N/A;N/A;N/A;N/A;N/A;N/A;N/A;N/A;N/A;N/A;N/A;N/A;N/A;N/A;N/A;N/A;N/A;N/A;N/A;N/A;N/A;N/A;N/A;N/A;N/A;N/A;N/A;N/A;N/A;N/A;N/A;N/A;N/A;N/A;N/A;N/A;N/A;Sí;N/A;N/A;N/A;N/A;Sí;N/A;N/A;N/A;N/A;N/A;N/A;N/A;N/A;N/A;N/A;N/A;N/A;N/A;N/A;N/A;N/A
Renault;"Duster Oroch";"INTENS OUTSIDER 1.3 Tce CVT 4x2";2023;"0 km";;"DELTACAR S.A.";28000;;;;;Mercedes;https://auto.mercadolibre.com.uy/MLU-673330254-renault-oroch-intens-outsider-13-tce-cvt-4x2-_JM;N/A;;"Renault Oroch Intens Outsider 1.3 Tce Cvt 4x2";USD;Sí;silver;false;N/A;N/A;http://perfil.mercadolibre.com.uy/DELTACAR+S.A.;active;N/A;N/A;Nuevo;Blanco;N/A;Eléctrica;4x2;N/A;Sí;N/A;N/A;N/A;N/A;N/A;N/A;N/A;N/A;N/A;Sí;Sí;N/A;N/A;N/A;N/A;N/A;N/A;N/A;N/A;N/A;N/A;N/A;N/A;N/A;N/A;N/A;N/A;N/A;N/A;N/A;N/A;N/A;N/A;N/A;N/A;N/A;N/A;N/A;N/A;N/A;N/A;N/A;N/A;N/A;N/A;N/A;N/A;N/A;N/A;N/A;N/A;N/A;N/A;N/A;N/A;N/A;N/A;N/A;N/A;N/A;N/A;N/A;N/A;N/A;N/A;N/A;N/A;N/A;N/A;N/A;N/A;N/A;N/A;N/A;N/A;N/A;N/A;N/A;N/A;N/A;N/A;N/A;N/A;N/A;N/A;N/A;N/A;Sí;N/A;N/A;Sí;Sí;N/A;N/A;N/A;N/A;N/A;N/A;N/A;N/A;N/A;"TODOS LOS DIAS";5;"1.3 TURBO";Nafta;Automática;Pick-Up;"Autos y camionetas";Sí;N/A;N/A;N/A;N/A;N/A;N/A;N/A;Sí;N/A;N/A;N/A;N/A;N/A;N/A;N/A;N/A;N/A;N/A;N/A;N/A;N/A;N/A;N/A;Sí;N/A;N/A;N/A;N/A;N/A;N/A;N/A;N/A;N/A;N/A;N/A;N/A;N/A;N/A;N/A;N/A;N/A;N/A;Sí;N/A;N/A;N/A;N/A;N/A;N/A;N/A;N/A;N/A;N/A;N/A;N/A;N/A;N/A;N/A;N/A;N/A;Sí;Sí;N/A;N/A;N/A;N/A;N/A;N/A;N/A;N/A;N/A;N/A;N/A;N/A;N/A;N/A;N/A;N/A;N/A;N/A;N/A;N/A;N/A;N/A;N/A;N/A;N/A;N/A;N/A;N/A;N/A;N/A;N/A;N/A;N/A;Sí;N/A;Sí;N/A;Sí;N/A;N/A;N/A;N/A;Sí;N/A;N/A;Sí;N/A;N/A;Sí;Sí;Sí;Sí;Sí;Sí;N/A;N/A;Sí;N/A;Sí
Renault;"Duster Oroch";"Nueva Oroch 1.3 Turbo Automática Outsider";2023;"0 km";;"OSCARPISANO RENAULT-NISSAN";28000;;;;;Sayago;https://auto.mercadolibre.com.uy/MLU-701894832-renault-nueva-oroch-automatica-outsider-13-2023-0km-_JM;N/A;;"Renault Nueva Oroch Automática Outsider 1.3 2023 0km";USD;Sí;silver;false;N/A;N/A;http://perfil.mercadolibre.com.uy/OSCARPISANO+RENAULT-NISSAN;active;N/A;N/A;Nuevo;Blanco;N/A;Hidráulica;N/A;Sí;Sí;Sí;N/A;Sí;N/A;Sí;Sí;N/A;N/A;Sí;Sí;Sí;N/A;N/A;N/A;N/A;N/A;N/A;N/A;N/A;N/A;N/A;N/A;N/A;N/A;"1300 cc";N/A;7;N/A;N/A;Sí;Sí;N/A;N/A;N/A;N/A;N/A;N/A;N/A;N/A;N/A;N/A;N/A;N/A;N/A;N/A;N/A;N/A;N/A;N/A;N/A;N/A;N/A;Sí;N/A;N/A;N/A;N/A;N/A;N/A;N/A;N/A;N/A;N/A;Sí;N/A;N/A;N/A;N/A;N/A;Sí;N/A;N/A;N/A;N/A;N/A;N/A;N/A;N/A;N/A;N/A;Outsider;N/A;N/A;N/A;N/A;N/A;N/A;Sí;N/A;Sí;N/A;Sí;N/A;N/A;N/A;N/A;N/A;N/A;Sí;Sí;N/A;"Lun. a Vie. de 8:30 a 18:30 hs. Sáb. de 9 a 13 hs";4;1.3;Nafta;"Automática secuencial";Pick-Up;"Autos y camionetas";No;N/A;N/A;N/A;No;N/A;N/A;No;Sí;No;No;N/A;N/A;N/A;N/A;N/A;N/A;N/A;N/A;N/A;N/A;N/A;N/A;N/A;N/A;N/A;N/A;N/A;N/A;N/A;N/A;N/A;N/A;N/A;N/A;N/A;N/A;N/A;N/A;N/A;N/A;N/A;N/A;Sí;N/A;N/A;N/A;N/A;N/A;N/A;N/A;N/A;N/A;N/A;N/A;N/A;N/A;N/A;N/A;N/A;N/A;Sí;No;N/A;N/A;N/A;N/A;N/A;N/A;N/A;N/A;N/A;N/A;N/A;N/A;N/A;N/A;N/A;N/A;N/A;N/A;N/A;N/A;N/A;N/A;N/A;N/A;N/A;N/A;N/A;N/A;N/A;N/A;N/A;N/A;N/A;Sí;Sí;Sí;Sí;Sí;Sí;Sí;N/A;Sí;Sí;N/A;Sí;N/A;N/A;N/A;Sí;Sí;N/A;Sí;Sí;Sí;Sí;Sí;Sí;Sí;Sí
Renault;Kwid;Intens;2025;"0 km";;SEREYCIA.;15490;;;;;Durazno;https://auto.mercadolibre.com.uy/MLU-704553160-renault-kwid-intens-10-2024-0km-_JM;N/A;;"Renault Kwid Intens 1.0 2024 0km";usd;Sí;silver;false;N/A;N/A;http://perfil.mercadolibre.com.uy/SEREYCIA.;active;N/A;N/A;Nuevo;Blanco;N/A;Eléctrica;N/A;Sí;Sí;Sí;N/A;N/A;N/A;Sí;N/A;N/A;N/A;Sí;N/A;Sí;N/A;N/A;N/A;N/A;N/A;N/A;N/A;N/A;N/A;N/A;N/A;N/A;N/A;"1000 cc";N/A;N/A;N/A;N/A;N/A;N/A;N/A;N/A;N/A;N/A;N/A;N/A;N/A;N/A;N/A;N/A;N/A;N/A;N/A;N/A;N/A;N/A;N/A;N/A;N/A;N/A;N/A;Sí;N/A;N/A;N/A;N/A;N/A;N/A;N/A;N/A;N/A;N/A;Sí;N/A;N/A;N/A;N/A;N/A;N/A;N/A;N/A;N/A;N/A;N/A;N/A;N/A;N/A;N/A;N/A;N/A;N/A;N/A;N/A;N/A;N/A;N/A;N/A;Sí;N/A;Sí;Sí;Sí;N/A;N/A;N/A;N/A;N/A;N/A;N/A;Sí;"Lun. a Vie. 8:30 a 12 y 14 a 19 hs. Sáb. 8:30 a 12 hs.";5;1.0;Nafta;Manual;Hatchback;"Autos y camionetas";No;N/A;N/A;N/A;No;N/A;UY;No;Sí;No;No;N/A;N/A;N/A;N/A;N/A;N/A;N/A;N/A;N/A;N/A;N/A;N/A;N/A;N/A;N/A;N/A;N/A;N/A;N/A;N/A;N/A;N/A;N/A;N/A;N/A;N/A;N/A;N/A;N/A;N/A;N/A;N/A;Sí;N/A;N/A;N/A;N/A;N/A;N/A;N/A;N/A;N/A;N/A;N/A;N/A;N/A;N/A;N/A;N/A;N/A;Sí;No;N/A;N/A;N/A;N/A;N/A;N/A;N/A;N/A;N/A;N/A;N/A;N/A;N/A;N/A;N/A;N/A;N/A;N/A;N/A;N/A;N/A;N/A;N/A;N/A;N/A;N/A;N/A;N/A;N/A;N/A;N/A;N/A;N/A;Sí;N/A;N/A;N/A;Sí;Sí;Sí;N/A;N/A;Sí;N/A;N/A;N/A;N/A;Sí;N/A;Sí;N/A;Sí;Sí;Sí;N/A;N/A;Sí;N/A;Sí
Renault;Duster;"1.6 Ph2 4x2 Dynamique 110cv";2018;"163305 km";;"BOULEVARD AUTOMOVILES";13900;;;;;Rosario;https://auto.mercadolibre.com.uy/MLU-706126982-renault-duster-16-ph2-4x2-dynamique-110cv-_JM;N/A;;"Renault Duster 1.6 Ph2 4x2 Dynamique 110cv";usd;Sí;silver;false;N/A;N/A;http://perfil.mercadolibre.com.uy/BOULEVARD+AUTOMOVILES;active;N/A;N/A;Usado;Azul;Sí;Hidráulica;4x2;N/A;N/A;Sí;N/A;N/A;N/A;N/A;N/A;N/A;N/A;N/A;N/A;N/A;N/A;N/A;N/A;N/A;N/A;N/A;N/A;N/A;N/A;N/A;N/A;N/A;"2674 mm";"1.6 L";"50 L";5;N/A;N/A;N/A;N/A;N/A;N/A;N/A;N/A;N/A;N/A;N/A;N/A;N/A;N/A;N/A;N/A;N/A;N/A;N/A;N/A;N/A;N/A;N/A;N/A;N/A;N/A;N/A;N/A;N/A;N/A;N/A;N/A;N/A;N/A;N/A;N/A;N/A;N/A;N/A;N/A;N/A;N/A;N/A;N/A;N/A;"1683 mm";"4329 mm";N/A;N/A;N/A;N/A;5;"110 hp";Dynamique;N/A;4;"1822 mm";"11.1 km/l";N/A;N/A;N/A;N/A;N/A;N/A;N/A;N/A;N/A;N/A;"10.4 km/l";N/A;N/A;N/A;N/A;N/A;N/A;5;1.6;Nafta;Manual;SUV;"Autos y camionetas";N/A;N/A;N/A;N/A;N/A;N/A;UY;N/A;N/A;N/A;N/A;N/A;N/A;N/A;N/A;N/A;N/A;N/A;N/A;N/A;N/A;N/A;N/A;N/A;N/A;N/A;N/A;N/A;N/A;N/A;N/A;N/A;N/A;N/A;N/A;N/A;N/A;N/A;N/A;N/A;N/A;N/A;N/A;N/A;N/A;N/A;N/A;N/A;N/A;N/A;N/A;N/A;N/A;N/A;N/A;N/A;N/A;N/A;N/A;N/A;N/A;N/A;N/A;N/A;N/A;N/A;N/A;N/A;N/A;N/A;N/A;N/A;N/A;N/A;N/A;N/A;N/A;N/A;N/A;N/A;N/A;N/A;N/A;N/A;N/A;N/A;N/A;N/A;N/A;N/A;N/A;N/A;N/A;N/A;N/A;N/A;N/A;N/A;N/A;N/A;N/A;N/A;N/A;N/A;N/A;N/A;N/A;N/A;N/A;N/A;N/A;N/A;N/A;N/A;N/A;N/A;N/A;N/A;N/A;N/A;N/A;N/A
Renault;Kardian;"1.0 Tce Evolution";2024;"0 km";;"JHONNY_PERERA AUTOMOVILES";27000;;;;;"Rafael Perazza";https://auto.mercadolibre.com.uy/MLU-647561447-renault-kardian-10-tce-evolution-_JM;N/A;;"Renault Kardian 1.0 Tce Evolution";usd;Sí;silver;false;N/A;N/A;http://perfil.mercadolibre.com.uy/JHONNY_PERERA+AUTOMOVILES;active;N/A;N/A;Nuevo;Gris;N/A;Eléctrica;Delantera;N/A;N/A;N/A;N/A;N/A;N/A;N/A;N/A;N/A;N/A;N/A;N/A;N/A;N/A;N/A;N/A;N/A;N/A;N/A;N/A;N/A;N/A;N/A;N/A;N/A;"2600 mm";"1 L";"50 L";6;N/A;N/A;N/A;N/A;N/A;N/A;N/A;N/A;N/A;N/A;N/A;N/A;N/A;N/A;N/A;N/A;N/A;N/A;N/A;N/A;N/A;N/A;N/A;N/A;N/A;N/A;N/A;N/A;N/A;N/A;N/A;N/A;N/A;N/A;N/A;N/A;N/A;N/A;N/A;N/A;N/A;N/A;N/A;N/A;N/A;"1545 mm";"4120 mm";N/A;N/A;N/A;N/A;5;"120 hp";Evolution;N/A;N/A;"1750 mm";N/A;N/A;N/A;N/A;N/A;N/A;N/A;N/A;N/A;N/A;N/A;N/A;N/A;N/A;N/A;N/A;N/A;N/A;5;1.0;Nafta;Automática;SUV;"Autos y camionetas";N/A;N/A;N/A;N/A;N/A;N/A;UY;N/A;N/A;N/A;N/A;N/A;N/A;N/A;N/A;N/A;N/A;N/A;N/A;N/A;N/A;N/A;N/A;N/A;N/A;N/A;N/A;N/A;N/A;N/A;N/A;N/A;N/A;N/A;N/A;N/A;N/A;N/A;N/A;N/A;N/A;N/A;N/A;N/A;N/A;N/A;N/A;N/A;N/A;N/A;N/A;N/A;N/A;N/A;N/A;N/A;N/A;N/A;N/A;N/A;N/A;N/A;N/A;N/A;N/A;N/A;N/A;N/A;N/A;N/A;N/A;N/A;N/A;N/A;N/A;N/A;N/A;N/A;N/A;N/A;N/A;N/A;N/A;N/A;N/A;N/A;N/A;N/A;N/A;N/A;N/A;N/A;N/A;N/A;N/A;N/A;N/A;N/A;N/A;N/A;N/A;N/A;N/A;N/A;N/A;N/A;N/A;N/A;N/A;N/A;N/A;N/A;N/A;N/A;N/A;N/A;N/A;N/A;N/A;N/A;N/A;N/A
Renault;Kwid;Outsider;2020;"80000 km";;ABUDYCIA;12900;;;;;Malvin;https://auto.mercadolibre.com.uy/MLU-704632588-renault-kwid-outsider-10-2020-muy-buen-estado-_JM;N/A;;"Renault Kwid Outsider 1.0 2020 Muy Buen Estado!";USD;Sí;silver;false;N/A;N/A;http://perfil.mercadolibre.com.uy/ABUDYCIA;active;N/A;N/A;Usado;Blanco;N/A;Hidráulica;Delantera;Sí;Sí;Sí;N/A;Sí;N/A;Sí;Sí;N/A;N/A;Sí;N/A;Sí;N/A;Sí;N/A;N/A;N/A;N/A;N/A;N/A;N/A;N/A;N/A;N/A;N/A;"1000 cc";N/A;5;N/A;N/A;Sí;Sí;N/A;N/A;N/A;N/A;N/A;N/A;N/A;N/A;N/A;N/A;N/A;N/A;N/A;N/A;N/A;N/A;N/A;N/A;N/A;N/A;N/A;Sí;N/A;N/A;N/A;Sí;N/A;N/A;N/A;N/A;N/A;N/A;Sí;N/A;N/A;N/A;N/A;N/A;N/A;N/A;N/A;N/A;N/A;N/A;N/A;N/A;N/A;N/A;"66 hp";Outsider;N/A;N/A;N/A;N/A;N/A;N/A;N/A;Sí;N/A;Sí;Sí;Sí;N/A;N/A;N/A;N/A;N/A;N/A;N/A;Sí;"Lun. a Vie. de 9 a 18 hs. Sáb. de 10 a 13 hs.";5;1.0;Nafta;Manual;Hatchback;"Autos y camionetas";No;N/A;N/A;N/A;No;N/A;N/A;No;Sí;No;No;N/A;N/A;N/A;N/A;N/A;N/A;N/A;N/A;N/A;N/A;N/A;N/A;N/A;N/A;N/A;N/A;N/A;N/A;N/A;N/A;N/A;N/A;N/A;N/A;N/A;N/A;N/A;N/A;N/A;N/A;N/A;N/A;N/A;N/A;N/A;N/A;N/A;N/A;N/A;N/A;N/A;N/A;N/A;N/A;N/A;N/A;N/A;N/A;N/A;N/A;N/A;No;N/A;N/A;N/A;N/A;N/A;N/A;N/A;N/A;N/A;N/A;N/A;N/A;N/A;N/A;N/A;N/A;N/A;N/A;N/A;N/A;N/A;N/A;N/A;N/A;N/A;N/A;N/A;N/A;N/A;Sí;N/A;N/A;N/A;Sí;Sí;Sí;N/A;Sí;Sí;Sí;N/A;Sí;Sí;N/A;N/A;N/A;N/A;Sí;N/A;Sí;N/A;Sí;Sí;Sí;N/A;N/A;Sí;N/A;Sí
Renault;Stepway;"1.6 Intens Cvt";2021;"42200 km";;JOTACAR_PG;18900;;;;;"Punta Gorda";https://auto.mercadolibre.com.uy/MLU-704342976-renault-stepway-16-intens-cvt-_JM;N/A;;"Renault Stepway 1.6 Intens Cvt";usd;Sí;silver;false;N/A;N/A;http://perfil.mercadolibre.com.uy/JOTACAR_PG;active;N/A;N/A;Usado;Blanco;N/A;Hidráulica;Delantera;N/A;N/A;Sí;N/A;N/A;N/A;N/A;N/A;N/A;N/A;N/A;N/A;N/A;N/A;N/A;N/A;N/A;N/A;N/A;N/A;N/A;N/A;N/A;N/A;N/A;"2590 mm";"1.6 L";"50 L";6;N/A;N/A;N/A;N/A;N/A;N/A;N/A;N/A;N/A;N/A;N/A;N/A;N/A;N/A;N/A;N/A;N/A;N/A;N/A;N/A;N/A;N/A;N/A;N/A;N/A;N/A;N/A;N/A;N/A;N/A;N/A;N/A;N/A;N/A;N/A;N/A;N/A;N/A;N/A;N/A;N/A;N/A;N/A;N/A;N/A;"1559 mm";"4066 mm";N/A;N/A;N/A;N/A;5;"115 hp";Cvt;N/A;4;"1761 mm";"9.3 km/l";Sí;N/A;N/A;N/A;N/A;N/A;Sí;N/A;N/A;N/A;"5.9 km/l";N/A;N/A;N/A;N/A;N/A;"L a v: 9 a 12:30 y 13:30 a 19 hs/ S: 10 a 14 hs";5;1.6;Nafta;Automática;Hatchback;"Autos y camionetas";N/A;N/A;N/A;N/A;N/A;N/A;UY;N/A;N/A;N/A;N/A;N/A;N/A;N/A;N/A;N/A;N/A;N/A;N/A;N/A;N/A;N/A;N/A;N/A;N/A;N/A;N/A;N/A;N/A;N/A;N/A;N/A;N/A;N/A;N/A;N/A;N/A;N/A;N/A;N/A;N/A;N/A;N/A;N/A;N/A;N/A;N/A;N/A;N/A;N/A;N/A;N/A;N/A;N/A;N/A;N/A;N/A;N/A;N/A;N/A;N/A;N/A;N/A;N/A;N/A;N/A;N/A;N/A;N/A;N/A;N/A;N/A;N/A;N/A;N/A;N/A;N/A;N/A;N/A;N/A;N/A;N/A;N/A;N/A;N/A;N/A;N/A;N/A;N/A;N/A;N/A;N/A;N/A;N/A;N/A;N/A;N/A;N/A;N/A;N/A;N/A;N/A;N/A;N/A;N/A;N/A;N/A;N/A;N/A;N/A;N/A;N/A;N/A;N/A;N/A;N/A;N/A;N/A;N/A;N/A;N/A;N/A
Renault;Kwid;"1.0 Sce 66cv Zen";2021;"49000 km";;MUSSINIAUTOMOVILES;11900;;;;;"San José de Mayo";https://auto.mercadolibre.com.uy/MLU-704289750-renault-kwid-zen-10-mt-_JM;N/A;;"Renault Kwid Zen 1.0 Mt";usd;Sí;silver;false;N/A;N/A;http://perfil.mercadolibre.com.uy/MUSSINIAUTOMOVILES;active;N/A;N/A;Usado;Rojo;N/A;N/A;Delantera;N/A;N/A;Sí;N/A;N/A;N/A;N/A;N/A;N/A;N/A;N/A;N/A;N/A;N/A;N/A;N/A;N/A;N/A;N/A;N/A;N/A;N/A;N/A;N/A;N/A;"2423 mm";"1 L";"50 L";5;N/A;N/A;N/A;N/A;N/A;N/A;N/A;N/A;N/A;N/A;N/A;N/A;N/A;N/A;N/A;N/A;N/A;N/A;N/A;N/A;N/A;N/A;N/A;N/A;N/A;N/A;N/A;N/A;N/A;N/A;N/A;N/A;N/A;N/A;N/A;N/A;N/A;N/A;N/A;N/A;N/A;N/A;N/A;N/A;N/A;"1474 mm";"3680 mm";N/A;N/A;N/A;N/A;5;"66 hp";Zen;N/A;4;"1752 mm";N/A;N/A;N/A;N/A;N/A;N/A;N/A;N/A;N/A;N/A;N/A;N/A;N/A;N/A;N/A;N/A;N/A;N/A;5;1.0;Nafta;Manual;Hatchback;"Autos y camionetas";N/A;N/A;N/A;N/A;N/A;N/A;UY;N/A;N/A;N/A;N/A;N/A;N/A;N/A;N/A;N/A;N/A;N/A;N/A;N/A;N/A;N/A;N/A;N/A;N/A;N/A;N/A;N/A;N/A;N/A;N/A;N/A;N/A;N/A;N/A;N/A;N/A;N/A;N/A;N/A;N/A;N/A;N/A;N/A;N/A;N/A;N/A;N/A;N/A;N/A;N/A;N/A;N/A;N/A;N/A;N/A;N/A;N/A;N/A;N/A;N/A;N/A;N/A;N/A;N/A;N/A;N/A;N/A;N/A;N/A;N/A;N/A;N/A;N/A;N/A;N/A;N/A;N/A;N/A;N/A;N/A;N/A;N/A;N/A;N/A;N/A;N/A;N/A;N/A;N/A;N/A;N/A;N/A;N/A;N/A;N/A;N/A;N/A;N/A;N/A;N/A;N/A;N/A;N/A;N/A;N/A;N/A;N/A;N/A;N/A;N/A;N/A;N/A;N/A;N/A;N/A;N/A;N/A;N/A;N/A;N/A;N/A
Renault;Logan;"1.6 Authentique 85cv";2017;"155000 km";;AMAYASELECCIONADOS;10490;;;;;"Brazo Oriental";https://auto.mercadolibre.com.uy/MLU-704019432-renault-logan-_JM;N/A;;"Renault Logan";usd;Sí;silver;false;N/A;N/A;http://perfil.mercadolibre.com.uy/AMAYASELECCIONADOS;active;N/A;N/A;Usado;Gris;N/A;Hidráulica;Delantera;N/A;N/A;N/A;N/A;N/A;N/A;N/A;N/A;N/A;N/A;N/A;N/A;N/A;N/A;N/A;N/A;N/A;N/A;N/A;N/A;N/A;N/A;N/A;N/A;N/A;"2635 mm";"1.6 L";"50 L";5;N/A;N/A;N/A;N/A;N/A;N/A;N/A;N/A;N/A;N/A;N/A;N/A;N/A;N/A;N/A;N/A;N/A;N/A;N/A;N/A;N/A;N/A;N/A;N/A;N/A;N/A;N/A;N/A;N/A;N/A;N/A;N/A;N/A;N/A;N/A;N/A;N/A;N/A;N/A;N/A;N/A;N/A;N/A;N/A;N/A;"1529 mm";"4350 mm";N/A;N/A;N/A;N/A;5;"85 hp";Authentique;N/A;2;"1733 mm";"12.5 km/l";N/A;N/A;N/A;N/A;N/A;N/A;N/A;N/A;N/A;N/A;N/A;N/A;N/A;N/A;N/A;N/A;"Lunes a Viernes 08:30 a 18:30";4;1.6;Nafta;Manual;Sedán;"Autos y camionetas";N/A;N/A;N/A;N/A;N/A;N/A;UY;N/A;N/A;N/A;N/A;N/A;N/A;N/A;N/A;N/A;N/A;N/A;N/A;N/A;N/A;N/A;N/A;N/A;N/A;N/A;N/A;N/A;N/A;N/A;N/A;N/A;N/A;N/A;N/A;N/A;N/A;N/A;N/A;N/A;N/A;N/A;N/A;N/A;N/A;N/A;N/A;N/A;N/A;N/A;N/A;N/A;N/A;N/A;N/A;N/A;N/A;N/A;N/A;N/A;N/A;N/A;N/A;N/A;N/A;N/A;N/A;N/A;N/A;N/A;N/A;N/A;N/A;N/A;N/A;N/A;N/A;N/A;N/A;N/A;N/A;N/A;N/A;N/A;N/A;N/A;N/A;N/A;N/A;N/A;N/A;N/A;N/A;N/A;N/A;N/A;N/A;N/A;N/A;N/A;N/A;N/A;N/A;N/A;N/A;N/A;N/A;N/A;N/A;N/A;N/A;N/A;N/A;N/A;N/A;N/A;N/A;N/A;N/A;N/A;N/A;N/A
Renault;Fluence;"2.0 Privilege Mt";2012;"194000 km";;SAPORTAELIAS;11700;;;;;Solymar;https://auto.mercadolibre.com.uy/MLU-703963490-renault-fluence-20-privilege-mt-_JM;N/A;;"Renault Fluence 2.0 Privilege Mt";usd;Sí;silver;false;N/A;N/A;http://perfil.mercadolibre.com.uy/SAPORTAELIAS;active;N/A;N/A;Usado;Blanco;N/A;Eléctrica;Delantera;N/A;N/A;Sí;N/A;N/A;N/A;N/A;N/A;Sí;N/A;N/A;N/A;N/A;N/A;N/A;N/A;N/A;N/A;N/A;N/A;N/A;N/A;N/A;N/A;N/A;"2700 mm";"2 L";"60 L";6;N/A;N/A;N/A;N/A;N/A;N/A;N/A;N/A;N/A;Sí;N/A;N/A;N/A;N/A;N/A;N/A;N/A;N/A;N/A;N/A;N/A;N/A;N/A;N/A;N/A;N/A;N/A;N/A;N/A;N/A;N/A;N/A;N/A;Sí;Sí;Sí;N/A;N/A;N/A;N/A;N/A;N/A;N/A;N/A;N/A;"1479 mm";"4618 mm";N/A;N/A;N/A;N/A;5;"143 hp";Privilege;N/A;4;"1810 mm";"11 km/l";Sí;N/A;N/A;Sí;N/A;N/A;Sí;N/A;N/A;N/A;"6.2 km/l";N/A;N/A;N/A;N/A;N/A;"Lunes a Viernes 10 a 17 Sábados 9 a 12";4;2.0;Nafta;Manual;Sedán;"Autos y camionetas";N/A;N/A;N/A;N/A;N/A;N/A;UY;N/A;N/A;N/A;N/A;N/A;N/A;N/A;N/A;N/A;N/A;N/A;N/A;N/A;N/A;N/A;N/A;N/A;N/A;N/A;N/A;N/A;N/A;N/A;N/A;N/A;N/A;N/A;N/A;N/A;N/A;N/A;N/A;N/A;N/A;N/A;N/A;N/A;N/A;N/A;N/A;N/A;N/A;N/A;N/A;N/A;N/A;N/A;N/A;N/A;N/A;N/A;N/A;N/A;N/A;N/A;N/A;N/A;N/A;N/A;N/A;N/A;N/A;N/A;N/A;N/A;N/A;N/A;N/A;N/A;N/A;N/A;N/A;N/A;N/A;N/A;N/A;N/A;N/A;N/A;N/A;N/A;N/A;N/A;N/A;N/A;N/A;N/A;N/A;N/A;N/A;N/A;N/A;N/A;N/A;N/A;N/A;N/A;N/A;N/A;Sí;N/A;N/A;N/A;N/A;N/A;Sí;N/A;N/A;N/A;N/A;N/A;N/A;Sí;N/A;N/A
Renault;Oroch;Dinamique;2016;"88500 km";;"PABLO VIERA";14900;;;;;"La Figurita";https://auto.mercadolibre.com.uy/MLU-703540336-renault-oroch-dinamique-_JM;N/A;;"Renault Oroch Dinamique";USD;Sí;silver;false;N/A;N/A;http://perfil.mercadolibre.com.uy/PABLO+VIERA;active;N/A;N/A;Usado;Blanco;N/A;N/A;N/A;N/A;N/A;N/A;N/A;N/A;N/A;N/A;N/A;N/A;N/A;N/A;N/A;N/A;N/A;N/A;N/A;N/A;N/A;N/A;N/A;N/A;N/A;N/A;N/A;N/A;N/A;N/A;N/A;N/A;N/A;N/A;N/A;N/A;N/A;N/A;N/A;N/A;N/A;N/A;N/A;N/A;N/A;N/A;N/A;N/A;N/A;N/A;N/A;N/A;N/A;N/A;N/A;N/A;N/A;N/A;N/A;N/A;N/A;N/A;N/A;N/A;N/A;N/A;N/A;N/A;N/A;N/A;N/A;N/A;N/A;N/A;N/A;N/A;N/A;N/A;N/A;N/A;N/A;N/A;N/A;N/A;N/A;N/A;N/A;N/A;N/A;N/A;N/A;N/A;N/A;N/A;N/A;N/A;N/A;N/A;N/A;N/A;N/A;N/A;N/A;N/A;N/A;N/A;N/A;4;N/A;Nafta;N/A;N/A;"Autos y camionetas";N/A;N/A;N/A;N/A;N/A;N/A;N/A;N/A;N/A;N/A;N/A;N/A;N/A;N/A;N/A;N/A;N/A;N/A;N/A;N/A;N/A;N/A;N/A;N/A;N/A;N/A;N/A;N/A;N/A;N/A;N/A;N/A;N/A;N/A;N/A;N/A;N/A;N/A;N/A;N/A;N/A;N/A;N/A;N/A;N/A;N/A;N/A;N/A;N/A;N/A;N/A;N/A;N/A;N/A;N/A;N/A;N/A;N/A;N/A;N/A;N/A;N/A;N/A;N/A;N/A;N/A;N/A;N/A;N/A;N/A;N/A;N/A;N/A;N/A;N/A;N/A;N/A;N/A;N/A;N/A;N/A;N/A;N/A;N/A;N/A;N/A;N/A;N/A;N/A;N/A;N/A;N/A;N/A;N/A;N/A;N/A;N/A;N/A;N/A;N/A;N/A;N/A;N/A;N/A;N/A;N/A;N/A;N/A;N/A;N/A;N/A;N/A;N/A;N/A;N/A;N/A;N/A;N/A;N/A;N/A;N/A;N/A
Renault;"Sandero Stepway";"Luxe 1.6 16v";2014;"179000 km";;PICCOLEANDRO97;10700;;;;;Belvedere;https://auto.mercadolibre.com.uy/MLU-703523164-renault-sandero-_JM;N/A;;"Renault Sandero";USD;Sí;silver;false;N/A;N/A;http://perfil.mercadolibre.com.uy/PICCOLEANDRO97;active;N/A;N/A;Usado;Blanco;Sí;Hidráulica;N/A;N/A;N/A;N/A;N/A;N/A;N/A;N/A;N/A;N/A;N/A;N/A;N/A;N/A;N/A;N/A;N/A;N/A;N/A;N/A;N/A;N/A;N/A;N/A;N/A;N/A;N/A;N/A;N/A;N/A;N/A;N/A;N/A;N/A;N/A;N/A;N/A;N/A;N/A;N/A;N/A;N/A;N/A;N/A;N/A;N/A;N/A;N/A;N/A;N/A;N/A;N/A;N/A;N/A;N/A;N/A;N/A;N/A;N/A;N/A;N/A;N/A;N/A;N/A;N/A;N/A;N/A;N/A;N/A;N/A;N/A;N/A;N/A;N/A;N/A;N/A;N/A;N/A;N/A;N/A;N/A;N/A;N/A;N/A;N/A;N/A;N/A;N/A;N/A;N/A;N/A;N/A;N/A;N/A;N/A;N/A;N/A;N/A;N/A;N/A;N/A;N/A;N/A;N/A;N/A;5;1.6;Nafta;N/A;Rural;"Autos y camionetas";N/A;N/A;N/A;N/A;N/A;N/A;N/A;N/A;N/A;N/A;N/A;N/A;N/A;N/A;N/A;N/A;N/A;N/A;N/A;N/A;N/A;N/A;N/A;N/A;N/A;N/A;N/A;N/A;N/A;N/A;N/A;N/A;N/A;N/A;N/A;N/A;N/A;N/A;N/A;N/A;N/A;N/A;N/A;N/A;N/A;N/A;N/A;N/A;N/A;N/A;N/A;N/A;N/A;N/A;N/A;N/A;N/A;N/A;N/A;N/A;N/A;N/A;N/A;N/A;N/A;N/A;N/A;N/A;N/A;N/A;N/A;N/A;N/A;N/A;N/A;N/A;N/A;N/A;N/A;N/A;N/A;N/A;N/A;N/A;N/A;N/A;N/A;N/A;N/A;N/A;N/A;N/A;N/A;N/A;N/A;N/A;N/A;N/A;N/A;N/A;N/A;N/A;N/A;N/A;N/A;N/A;N/A;N/A;N/A;N/A;N/A;N/A;N/A;N/A;N/A;N/A;N/A;N/A;N/A;N/A;N/A;N/A
Renault;Clio;"1.2 Iv Fase Ii Expression";2017;"63000 km";;"AMAYA PEUGEOT";15200;;;;;"La Blanqueada";https://auto.mercadolibre.com.uy/MLU-647235009-renault-clio-iv-expression-_JM;N/A;;"Renault Clio Iv Expression";usd;Sí;silver;false;N/A;N/A;http://perfil.mercadolibre.com.uy/AMAYA+PEUGEOT;active;N/A;N/A;Usado;Plateado;N/A;Hidráulica;Delantera;N/A;N/A;Sí;N/A;N/A;N/A;N/A;N/A;N/A;N/A;N/A;N/A;N/A;N/A;N/A;N/A;N/A;N/A;N/A;N/A;N/A;N/A;N/A;N/A;N/A;"2472 mm";"1.2 L";"50 L";5;N/A;N/A;N/A;N/A;N/A;N/A;N/A;N/A;N/A;N/A;N/A;N/A;N/A;N/A;N/A;N/A;N/A;N/A;N/A;N/A;N/A;N/A;N/A;N/A;N/A;N/A;N/A;N/A;N/A;N/A;N/A;N/A;N/A;N/A;N/A;N/A;N/A;N/A;N/A;N/A;N/A;N/A;N/A;N/A;N/A;"1417 mm";"3811 mm";N/A;N/A;N/A;N/A;5;"75 hp";Authentique;N/A;4;"1639 mm";N/A;N/A;N/A;N/A;N/A;N/A;N/A;N/A;N/A;N/A;N/A;N/A;N/A;N/A;N/A;N/A;N/A;N/A;3;1.2;Nafta;Manual;Hatchback;"Autos y camionetas";N/A;N/A;N/A;N/A;N/A;N/A;UY;N/A;N/A;N/A;N/A;N/A;N/A;N/A;N/A;N/A;N/A;N/A;N/A;N/A;N/A;N/A;N/A;N/A;N/A;N/A;N/A;N/A;N/A;N/A;N/A;N/A;N/A;N/A;N/A;N/A;N/A;N/A;N/A;N/A;N/A;N/A;N/A;N/A;N/A;N/A;N/A;N/A;N/A;N/A;N/A;N/A;N/A;N/A;N/A;N/A;N/A;N/A;N/A;N/A;N/A;N/A;N/A;N/A;N/A;N/A;N/A;N/A;N/A;N/A;N/A;N/A;N/A;N/A;N/A;N/A;N/A;N/A;N/A;N/A;N/A;N/A;N/A;N/A;N/A;N/A;N/A;N/A;N/A;N/A;N/A;N/A;N/A;N/A;N/A;N/A;N/A;N/A;N/A;N/A;N/A;N/A;N/A;N/A;N/A;N/A;N/A;N/A;N/A;N/A;N/A;N/A;N/A;N/A;N/A;N/A;N/A;N/A;N/A;N/A;N/A;N/A
Renault;Clio;"1.6 Rl";1998;"213320 km";;AGUSTINGOYENI;4200;;;;;Shangrilá;https://auto.mercadolibre.com.uy/MLU-702766386-renault-clio-_JM;N/A;;"Renault Clio";usd;No;silver;false;N/A;N/A;http://perfil.mercadolibre.com.uy/AGUSTINGOYENI;active;N/A;N/A;Usado;Azul;N/A;Hidráulica;Delantera;N/A;N/A;N/A;N/A;N/A;N/A;N/A;N/A;N/A;N/A;N/A;N/A;N/A;N/A;N/A;N/A;N/A;N/A;N/A;N/A;N/A;N/A;N/A;N/A;N/A;"2472 mm";"1.6 L";"43 L";5;N/A;N/A;N/A;N/A;N/A;N/A;N/A;N/A;N/A;N/A;N/A;N/A;N/A;N/A;N/A;N/A;N/A;N/A;N/A;N/A;N/A;N/A;N/A;N/A;N/A;N/A;N/A;N/A;N/A;N/A;N/A;N/A;N/A;N/A;N/A;N/A;N/A;N/A;N/A;N/A;N/A;N/A;N/A;N/A;N/A;"1395 mm";"3709 mm";N/A;N/A;N/A;N/A;5;"74 hp";Rl;N/A;2;"1628 mm";"11.6 km/l";N/A;N/A;N/A;N/A;N/A;N/A;N/A;N/A;N/A;N/A;N/A;N/A;N/A;N/A;N/A;N/A;"de 8 a 18 Hs";3;1.6;Nafta;Manual;Hatchback;"Autos y camionetas";N/A;N/A;N/A;N/A;N/A;N/A;UY;N/A;N/A;N/A;N/A;N/A;N/A;N/A;N/A;N/A;N/A;N/A;N/A;N/A;N/A;N/A;N/A;N/A;N/A;N/A;N/A;N/A;N/A;N/A;N/A;N/A;N/A;N/A;N/A;N/A;N/A;N/A;N/A;N/A;N/A;N/A;N/A;N/A;N/A;N/A;N/A;N/A;N/A;N/A;N/A;N/A;N/A;N/A;N/A;N/A;N/A;N/A;N/A;N/A;N/A;N/A;N/A;N/A;N/A;N/A;N/A;N/A;N/A;N/A;N/A;N/A;N/A;N/A;N/A;N/A;N/A;N/A;N/A;N/A;N/A;N/A;N/A;N/A;N/A;N/A;N/A;N/A;N/A;N/A;N/A;N/A;N/A;N/A;N/A;N/A;N/A;N/A;N/A;N/A;N/A;N/A;N/A;N/A;N/A;N/A;N/A;N/A;N/A;N/A;N/A;N/A;N/A;N/A;N/A;N/A;N/A;N/A;N/A;N/A;N/A;N/A
Renault;Kwid;"1.0 Sce 66cv Intense";2024;"0 km";;"JHONNY_PERERA AUTOMOVILES";15600;;;;;"Rafael Perazza";https://auto.mercadolibre.com.uy/MLU-700751464-renault-kwid-2024-10-sce-66cv-intense-_JM;N/A;;"Renault Kwid 2024 1.0 Sce 66cv Intense";usd;Sí;silver;false;N/A;N/A;http://perfil.mercadolibre.com.uy/JHONNY_PERERA+AUTOMOVILES;active;N/A;N/A;Nuevo;N/A;N/A;N/A;Delantera;N/A;N/A;Sí;N/A;N/A;N/A;N/A;N/A;N/A;N/A;N/A;N/A;N/A;N/A;N/A;N/A;N/A;N/A;N/A;N/A;N/A;N/A;N/A;N/A;N/A;"2423 mm";"1 L";"50 L";5;N/A;N/A;N/A;N/A;N/A;N/A;N/A;N/A;N/A;N/A;N/A;N/A;N/A;N/A;N/A;N/A;N/A;N/A;N/A;N/A;N/A;N/A;N/A;N/A;N/A;N/A;N/A;N/A;N/A;N/A;N/A;N/A;N/A;N/A;N/A;N/A;N/A;N/A;N/A;N/A;N/A;N/A;N/A;N/A;N/A;"1474 mm";"3680 mm";N/A;N/A;N/A;N/A;5;"66 hp";Intense;N/A;4;"1752 mm";N/A;N/A;N/A;N/A;N/A;N/A;N/A;N/A;N/A;N/A;N/A;N/A;N/A;N/A;N/A;N/A;N/A;N/A;5;1.0;Nafta;Manual;Hatchback;"Autos y camionetas";N/A;N/A;N/A;N/A;N/A;N/A;UY;N/A;N/A;N/A;N/A;N/A;N/A;N/A;N/A;N/A;N/A;N/A;N/A;N/A;N/A;N/A;N/A;N/A;N/A;N/A;N/A;N/A;N/A;N/A;N/A;N/A;N/A;N/A;N/A;N/A;N/A;N/A;N/A;N/A;N/A;N/A;N/A;N/A;N/A;N/A;N/A;N/A;N/A;N/A;N/A;N/A;N/A;N/A;N/A;N/A;N/A;N/A;N/A;N/A;N/A;N/A;N/A;N/A;N/A;N/A;N/A;N/A;N/A;N/A;N/A;N/A;N/A;N/A;N/A;N/A;N/A;N/A;N/A;N/A;N/A;N/A;N/A;N/A;N/A;N/A;N/A;N/A;N/A;N/A;N/A;N/A;N/A;N/A;N/A;N/A;N/A;N/A;N/A;N/A;N/A;N/A;N/A;N/A;N/A;N/A;N/A;N/A;N/A;N/A;N/A;N/A;N/A;N/A;N/A;N/A;N/A;N/A;N/A;N/A;N/A;N/A
Renault;Duster;"DUSTER INTENS 1.3 T";2023;"26000 km";;"DELESTE AUTOMOVILES";25500;;;;;Minas;https://auto.mercadolibre.com.uy/MLU-699801014-renault-duster-intens-13-t-_JM;N/A;;"Renault Duster Intens 1.3 T";USD;Sí;silver;false;N/A;N/A;http://perfil.mercadolibre.com.uy/DELESTE+AUTOMOVILES;active;N/A;N/A;Usado;Rojo;N/A;Asistida;Delantera;Sí;Sí;N/A;N/A;N/A;N/A;N/A;N/A;N/A;N/A;N/A;Sí;Sí;N/A;Sí;N/A;N/A;N/A;N/A;N/A;N/A;N/A;N/A;N/A;N/A;N/A;N/A;N/A;N/A;N/A;N/A;N/A;N/A;N/A;Sí;N/A;N/A;N/A;N/A;N/A;N/A;N/A;N/A;N/A;N/A;N/A;N/A;N/A;N/A;N/A;N/A;N/A;N/A;N/A;N/A;N/A;N/A;N/A;N/A;N/A;N/A;N/A;N/A;N/A;N/A;N/A;N/A;N/A;N/A;N/A;N/A;N/A;N/A;N/A;N/A;N/A;N/A;N/A;N/A;N/A;N/A;N/A;N/A;N/A;N/A;N/A;N/A;N/A;N/A;Sí;N/A;N/A;Sí;Sí;N/A;N/A;N/A;N/A;N/A;N/A;N/A;N/A;N/A;"Lunes a Viernes de 8.30 a 19.00 y Sabados de 8.30 a 12.30 hrs";5;"1.3 Turbo";Nafta;Automática;SUV;"Autos y camionetas";N/A;N/A;N/A;N/A;N/A;N/A;N/A;N/A;N/A;N/A;N/A;N/A;N/A;N/A;N/A;N/A;N/A;N/A;N/A;N/A;N/A;N/A;N/A;N/A;Sí;N/A;N/A;N/A;N/A;N/A;N/A;N/A;N/A;N/A;N/A;N/A;N/A;N/A;N/A;N/A;N/A;N/A;N/A;N/A;N/A;N/A;N/A;N/A;N/A;N/A;N/A;N/A;N/A;N/A;N/A;N/A;N/A;N/A;N/A;N/A;N/A;N/A;N/A;N/A;N/A;N/A;N/A;N/A;N/A;N/A;N/A;N/A;N/A;N/A;N/A;N/A;N/A;N/A;N/A;N/A;N/A;N/A;N/A;N/A;N/A;N/A;N/A;N/A;N/A;N/A;N/A;N/A;N/A;N/A;N/A;N/A;Sí;Sí;N/A;N/A;Sí;N/A;N/A;N/A;N/A;Sí;N/A;N/A;N/A;N/A;N/A;Sí;Sí;N/A;Sí;Sí;Sí;N/A;N/A;Sí;N/A;Sí
Renault;Kwid;"1.0 Sce 66cv Life";2019;"74000 km";;AMAYAMOTORS;11300;;;;;Centro;https://auto.mercadolibre.com.uy/MLU-699595946-renault-kwid-life-amaya-_JM;N/A;;"Renault Kwid Life Amaya";usd;Sí;silver;false;N/A;N/A;http://perfil.mercadolibre.com.uy/AMAYAMOTORS;active;N/A;N/A;Usado;Rojo;Sí;Hidráulica;Delantera;Sí;N/A;Sí;N/A;N/A;N/A;N/A;N/A;N/A;N/A;N/A;N/A;N/A;N/A;N/A;N/A;N/A;N/A;N/A;N/A;N/A;N/A;N/A;N/A;N/A;"2423 mm";"1 L";"50 L";5;N/A;N/A;N/A;N/A;N/A;N/A;N/A;N/A;N/A;N/A;N/A;N/A;N/A;N/A;N/A;N/A;N/A;N/A;N/A;N/A;N/A;N/A;N/A;N/A;N/A;N/A;N/A;N/A;N/A;N/A;N/A;N/A;N/A;N/A;N/A;N/A;N/A;N/A;N/A;N/A;N/A;N/A;N/A;N/A;N/A;"1474 mm";"3680 mm";N/A;N/A;N/A;N/A;5;"66 hp";Life;N/A;4;"1752 mm";N/A;N/A;N/A;N/A;Sí;N/A;Sí;N/A;N/A;N/A;N/A;N/A;N/A;N/A;N/A;N/A;N/A;N/A;5;1.0;Nafta;Manual;Hatchback;"Autos y camionetas";N/A;N/A;N/A;N/A;N/A;N/A;UY;N/A;Sí;N/A;N/A;N/A;N/A;N/A;N/A;N/A;N/A;N/A;N/A;N/A;N/A;N/A;N/A;N/A;N/A;N/A;N/A;N/A;N/A;N/A;N/A;N/A;N/A;N/A;N/A;N/A;N/A;N/A;N/A;N/A;N/A;N/A;N/A;N/A;N/A;N/A;N/A;N/A;N/A;N/A;N/A;N/A;N/A;N/A;N/A;N/A;N/A;N/A;N/A;N/A;N/A;Sí;Sí;N/A;N/A;N/A;N/A;N/A;N/A;N/A;N/A;N/A;N/A;N/A;N/A;N/A;N/A;N/A;N/A;N/A;N/A;N/A;N/A;N/A;N/A;N/A;N/A;N/A;N/A;N/A;N/A;N/A;N/A;N/A;N/A;N/A;Sí;N/A;N/A;N/A;Sí;N/A;N/A;N/A;N/A;Sí;N/A;N/A;N/A;N/A;N/A;N/A;N/A;N/A;Sí;N/A;N/A;N/A;N/A;N/A;N/A;N/A
Renault;Kwid;"1.0 Sce 66cv Zen";2021;"49800 km";;KHALEKAUTOMOVILES;11950;;;;;"Santiago Vázquez";https://auto.mercadolibre.com.uy/MLU-699417760-renault-kwid-10-sce-66cv-zen-_JM;N/A;;"Renault Kwid 1.0 Sce 66cv Zen";usd;Sí;silver;false;N/A;N/A;http://perfil.mercadolibre.com.uy/KHALEKAUTOMOVILES;active;N/A;N/A;Usado;Blanco;N/A;Hidráulica;Delantera;Sí;N/A;Sí;N/A;N/A;N/A;N/A;N/A;N/A;N/A;N/A;N/A;Sí;N/A;N/A;N/A;N/A;N/A;N/A;N/A;N/A;N/A;N/A;N/A;N/A;"2423 mm";"1 L";"50 L";5;N/A;N/A;N/A;N/A;N/A;N/A;N/A;N/A;N/A;N/A;N/A;N/A;N/A;N/A;N/A;N/A;N/A;N/A;N/A;N/A;N/A;N/A;N/A;N/A;N/A;N/A;N/A;N/A;N/A;N/A;N/A;N/A;N/A;N/A;N/A;N/A;N/A;N/A;N/A;N/A;N/A;N/A;N/A;N/A;N/A;"1474 mm";"3680 mm";N/A;N/A;N/A;N/A;5;"66 hp";Zen;N/A;4;"1752 mm";N/A;N/A;N/A;N/A;Sí;N/A;N/A;N/A;N/A;N/A;N/A;N/A;N/A;N/A;N/A;N/A;N/A;"Lunes a viernes de 9 a 18hrs y sabado de 9 a 13hrs";5;1.0;Nafta;Manual;Hatchback;"Autos y camionetas";N/A;N/A;N/A;N/A;N/A;N/A;UY;N/A;Sí;N/A;N/A;N/A;N/A;N/A;N/A;N/A;N/A;N/A;N/A;N/A;N/A;N/A;N/A;N/A;N/A;N/A;N/A;N/A;N/A;N/A;N/A;N/A;N/A;N/A;N/A;N/A;N/A;N/A;N/A;N/A;N/A;N/A;N/A;N/A;N/A;N/A;N/A;N/A;N/A;N/A;N/A;N/A;N/A;N/A;N/A;N/A;N/A;N/A;N/A;N/A;N/A;N/A;Sí;N/A;N/A;N/A;N/A;N/A;N/A;N/A;N/A;N/A;N/A;N/A;N/A;N/A;N/A;N/A;N/A;N/A;N/A;N/A;N/A;N/A;N/A;N/A;N/A;N/A;N/A;N/A;N/A;N/A;N/A;N/A;N/A;N/A;Sí;N/A;N/A;N/A;Sí;N/A;N/A;N/A;N/A;Sí;N/A;N/A;N/A;N/A;N/A;N/A;N/A;N/A;N/A;N/A;N/A;N/A;N/A;N/A;N/A;N/A
Renault;Scénic;-;1999;"1111 km";;360AUTOS;5990;;;;;"La Comercial";https://auto.mercadolibre.com.uy/MLU-696879552-renault-scenic-20-1999-permutofinancio-360-autos-_JM;N/A;;"Renault Scénic 2.0 1999 Permuto/financio - 360 Autos";usd;No;silver;false;N/A;N/A;http://perfil.mercadolibre.com.uy/360AUTOS;active;N/A;N/A;Usado;Azul;N/A;Hidráulica;N/A;Sí;N/A;Sí;N/A;N/A;N/A;N/A;N/A;N/A;N/A;N/A;N/A;Sí;N/A;N/A;N/A;N/A;N/A;N/A;N/A;N/A;N/A;N/A;N/A;N/A;N/A;"2000 cc";N/A;N/A;N/A;N/A;N/A;N/A;N/A;N/A;N/A;N/A;N/A;N/A;N/A;N/A;N/A;N/A;N/A;N/A;N/A;N/A;N/A;N/A;N/A;N/A;N/A;N/A;N/A;N/A;N/A;N/A;N/A;N/A;N/A;N/A;N/A;N/A;N/A;N/A;N/A;N/A;N/A;N/A;N/A;N/A;N/A;N/A;N/A;N/A;N/A;N/A;N/A;N/A;N/A;N/A;N/A;N/A;N/A;N/A;N/A;N/A;N/A;N/A;N/A;N/A;N/A;N/A;N/A;N/A;N/A;N/A;N/A;N/A;N/A;N/A;N/A;N/A;"Lun. a Vie. de 9 a 17 hs. Sáb. de 9:30 a 13:30 hs";4;2.0;Nafta;Manual;Rural;"Autos y camionetas";No;N/A;N/A;N/A;No;N/A;UY;No;Sí;No;No;N/A;N/A;N/A;N/A;N/A;N/A;N/A;N/A;N/A;N/A;N/A;N/A;N/A;N/A;N/A;N/A;N/A;N/A;N/A;N/A;N/A;N/A;N/A;N/A;N/A;N/A;N/A;N/A;N/A;N/A;N/A;N/A;N/A;N/A;N/A;N/A;N/A;N/A;N/A;N/A;N/A;N/A;N/A;N/A;N/A;N/A;N/A;N/A;N/A;N/A;N/A;No;N/A;N/A;N/A;N/A;N/A;N/A;N/A;N/A;N/A;N/A;N/A;N/A;N/A;N/A;N/A;N/A;N/A;N/A;N/A;N/A;N/A;N/A;N/A;N/A;N/A;N/A;N/A;N/A;N/A;N/A;N/A;N/A;N/A;N/A;Sí;Sí;N/A;N/A;N/A;N/A;N/A;N/A;N/A;N/A;N/A;N/A;N/A;N/A;N/A;N/A;N/A;Sí;N/A;N/A;N/A;N/A;N/A;N/A;N/A
Renault;Sandero;STEPWAY;2011;"108000 km";;"GALBO MOTORS";10500;;;;;Aguada;https://auto.mercadolibre.com.uy/MLU-696843202-renault-sandero-stepway-16-tomamos-tu-auto-_JM;N/A;;"Renault Sandero Stepway 1.6 ¡tomamos Tu Auto!";USD;Sí;silver;false;N/A;N/A;http://perfil.mercadolibre.com.uy/GALBO+MOTORS;active;N/A;N/A;Usado;Azul;N/A;Hidráulica;N/A;Sí;Sí;N/A;N/A;N/A;N/A;Sí;Sí;N/A;N/A;N/A;N/A;Sí;N/A;N/A;N/A;N/A;N/A;N/A;N/A;N/A;N/A;N/A;N/A;N/A;N/A;"1600 cc";N/A;5;N/A;N/A;N/A;N/A;N/A;N/A;Sí;N/A;N/A;N/A;N/A;N/A;N/A;N/A;N/A;N/A;N/A;N/A;N/A;N/A;N/A;N/A;N/A;N/A;N/A;N/A;N/A;N/A;N/A;N/A;N/A;N/A;N/A;N/A;N/A;N/A;N/A;N/A;N/A;N/A;N/A;N/A;N/A;N/A;N/A;N/A;N/A;N/A;N/A;N/A;N/A;N/A;N/A;N/A;N/A;N/A;N/A;"12 km/l";N/A;N/A;N/A;N/A;Sí;N/A;N/A;N/A;N/A;N/A;"14 km/l";N/A;N/A;N/A;N/A;N/A;"Lun. a Vie. de 9:30 a 18:30 hs. Sáb. de 10 a 14 hs";5;1.6;Nafta;Manual;Hatchback;"Autos y camionetas";No;N/A;N/A;N/A;No;N/A;N/A;No;Sí;No;No;N/A;N/A;N/A;N/A;N/A;N/A;N/A;N/A;N/A;N/A;N/A;N/A;N/A;N/A;N/A;N/A;N/A;N/A;N/A;N/A;N/A;N/A;N/A;N/A;N/A;N/A;N/A;N/A;N/A;N/A;N/A;N/A;N/A;N/A;N/A;N/A;N/A;N/A;N/A;N/A;N/A;N/A;N/A;N/A;N/A;N/A;N/A;N/A;N/A;N/A;N/A;No;N/A;N/A;N/A;N/A;N/A;N/A;N/A;N/A;N/A;N/A;N/A;N/A;N/A;N/A;N/A;N/A;N/A;N/A;N/A;N/A;N/A;N/A;N/A;N/A;N/A;N/A;N/A;N/A;N/A;N/A;N/A;N/A;N/A;Sí;Sí;N/A;N/A;Sí;N/A;N/A;N/A;Sí;Sí;N/A;N/A;N/A;N/A;N/A;N/A;N/A;N/A;Sí;Sí;Sí;N/A;N/A;N/A;N/A;Sí
Renault;Stepway;"1.0 Zen Mt";2024;"0 km";;"OMAR CASTROAUTOMOVILES";20490;;;;;Salto;https://auto.mercadolibre.com.uy/MLU-645272643-renault-stepway-zen-10-_JM;N/A;;"Renault Stepway Zen 1.0";usd;Sí;silver;false;N/A;N/A;http://perfil.mercadolibre.com.uy/OMAR+CASTROAUTOMOVILES;active;N/A;N/A;Nuevo;Negro;N/A;N/A;Delantera;N/A;N/A;N/A;N/A;N/A;N/A;N/A;N/A;N/A;N/A;N/A;N/A;N/A;N/A;N/A;N/A;N/A;N/A;N/A;N/A;N/A;N/A;N/A;N/A;N/A;"2590 mm";"1 L";"50 L";5;N/A;N/A;N/A;N/A;N/A;N/A;N/A;N/A;N/A;N/A;N/A;N/A;N/A;N/A;N/A;N/A;N/A;N/A;N/A;N/A;N/A;N/A;N/A;N/A;N/A;N/A;N/A;N/A;N/A;N/A;N/A;N/A;N/A;N/A;N/A;N/A;N/A;N/A;N/A;N/A;N/A;N/A;N/A;N/A;N/A;"1630 mm";"4070 mm";N/A;N/A;N/A;N/A;5;"79 hp";Zen;N/A;4;"1730 mm";N/A;N/A;N/A;N/A;N/A;N/A;N/A;N/A;N/A;N/A;N/A;N/A;N/A;N/A;N/A;N/A;N/A;"Lunes a viernes de 08:00 a 12:00 y de 14:45 a 18:45, sabados de 08:30 a 12:30";5;1.0;Nafta;Manual;Hatchback;"Autos y camionetas";N/A;N/A;N/A;N/A;N/A;N/A;UY;N/A;N/A;N/A;N/A;N/A;N/A;N/A;N/A;N/A;N/A;N/A;N/A;N/A;N/A;N/A;N/A;N/A;N/A;N/A;N/A;N/A;N/A;N/A;N/A;N/A;N/A;N/A;N/A;N/A;N/A;N/A;N/A;N/A;N/A;N/A;N/A;N/A;N/A;N/A;N/A;N/A;N/A;N/A;N/A;N/A;N/A;N/A;N/A;N/A;N/A;N/A;N/A;N/A;N/A;N/A;N/A;N/A;N/A;N/A;N/A;N/A;N/A;N/A;N/A;N/A;N/A;N/A;N/A;N/A;N/A;N/A;N/A;N/A;N/A;N/A;N/A;N/A;N/A;N/A;N/A;N/A;N/A;N/A;N/A;N/A;N/A;N/A;N/A;N/A;N/A;N/A;N/A;N/A;N/A;N/A;N/A;N/A;N/A;N/A;N/A;N/A;N/A;N/A;N/A;N/A;N/A;N/A;N/A;N/A;N/A;N/A;N/A;N/A;N/A;N/A
Renault;"Duster Oroch";"2.0 Privilege";2019;"85000 km";;SILVERAMARTIN20220831154609;16500;;;;;Cordón;https://auto.mercadolibre.com.uy/MLU-706078826-renault-duster-oroch-2019-20-privilege-_JM;N/A;;"Renault Duster Oroch 2019 2.0 Privilege";usd;Sí;silver;false;N/A;N/A;http://perfil.mercadolibre.com.uy/SILVERAMARTIN20220831154609;active;N/A;N/A;Usado;N/A;N/A;Hidráulica;4x2;Sí;N/A;N/A;N/A;N/A;N/A;N/A;N/A;N/A;N/A;N/A;N/A;N/A;N/A;N/A;N/A;N/A;N/A;N/A;N/A;N/A;N/A;N/A;N/A;N/A;"2829 mm";"2 L";"50 L";6;N/A;N/A;N/A;N/A;N/A;N/A;N/A;N/A;N/A;N/A;N/A;N/A;N/A;N/A;N/A;N/A;N/A;N/A;N/A;N/A;N/A;N/A;N/A;N/A;N/A;N/A;N/A;N/A;N/A;N/A;N/A;N/A;N/A;N/A;N/A;N/A;N/A;N/A;N/A;N/A;N/A;N/A;N/A;N/A;N/A;"1683 mm";"4329 mm";N/A;N/A;N/A;N/A;5;"143 hp";Privilege;N/A;4;"1821 mm";"10.8 km/l";N/A;N/A;N/A;N/A;N/A;N/A;N/A;N/A;N/A;N/A;N/A;N/A;N/A;N/A;N/A;N/A;N/A;5;2.0;Nafta;Manual;SUV;"Autos y camionetas";N/A;N/A;N/A;N/A;N/A;N/A;UY;N/A;N/A;N/A;N/A;N/A;N/A;N/A;N/A;N/A;N/A;N/A;N/A;N/A;N/A;N/A;N/A;N/A;N/A;N/A;N/A;N/A;N/A;N/A;N/A;N/A;N/A;N/A;N/A;N/A;N/A;N/A;N/A;N/A;N/A;N/A;N/A;N/A;N/A;N/A;N/A;N/A;N/A;N/A;N/A;N/A;N/A;N/A;N/A;N/A;N/A;N/A;N/A;N/A;N/A;N/A;N/A;N/A;N/A;N/A;N/A;N/A;N/A;N/A;N/A;N/A;N/A;N/A;N/A;N/A;N/A;N/A;N/A;N/A;N/A;N/A;N/A;N/A;N/A;N/A;N/A;N/A;N/A;N/A;N/A;N/A;N/A;N/A;N/A;N/A;N/A;N/A;N/A;N/A;N/A;N/A;N/A;N/A;N/A;N/A;N/A;N/A;N/A;N/A;N/A;N/A;N/A;N/A;N/A;N/A;N/A;N/A;N/A;N/A;N/A;N/A
Renault;Sandero;"1.6 Privilege 105cv";2018;"62000 km";;SECONDHAND13;13500;;;;;"Pajas Blancas";https://auto.mercadolibre.com.uy/MLU-703922124-renault-sandero-2018-16-privilege-105cv-_JM;N/A;;"Renault Sandero 2018 1.6 Privilege 105cv";usd;Sí;silver;false;N/A;N/A;http://perfil.mercadolibre.com.uy/SECONDHAND13;active;N/A;N/A;Usado;N/A;N/A;Hidráulica;Delantera;Sí;N/A;Sí;N/A;N/A;Sí;N/A;N/A;N/A;N/A;N/A;N/A;N/A;N/A;N/A;N/A;N/A;N/A;N/A;N/A;N/A;N/A;N/A;N/A;N/A;"2590 mm";"1.6 L";"50 L";5;N/A;N/A;N/A;N/A;N/A;N/A;N/A;N/A;N/A;N/A;N/A;N/A;N/A;N/A;N/A;N/A;N/A;N/A;N/A;N/A;N/A;N/A;N/A;N/A;N/A;N/A;N/A;N/A;N/A;N/A;N/A;N/A;N/A;N/A;N/A;N/A;N/A;N/A;N/A;N/A;N/A;N/A;N/A;N/A;N/A;"1536 mm";"4060 mm";N/A;N/A;N/A;N/A;5;"105 hp";Privilege;N/A;4;"1733 mm";"9.5 km/l";Sí;N/A;N/A;N/A;N/A;N/A;N/A;N/A;N/A;N/A;"5.7 km/l";N/A;N/A;N/A;N/A;N/A;N/A;5;1.6;Nafta;Manual;Hatchback;"Autos y camionetas";N/A;N/A;N/A;N/A;N/A;N/A;UY;N/A;N/A;N/A;N/A;N/A;N/A;N/A;N/A;N/A;N/A;N/A;N/A;N/A;N/A;N/A;N/A;N/A;N/A;N/A;N/A;N/A;N/A;N/A;N/A;N/A;N/A;N/A;N/A;N/A;N/A;N/A;N/A;N/A;N/A;N/A;N/A;N/A;N/A;N/A;N/A;N/A;N/A;N/A;N/A;N/A;N/A;N/A;N/A;N/A;N/A;N/A;N/A;N/A;N/A;N/A;N/A;N/A;N/A;N/A;N/A;N/A;N/A;N/A;N/A;N/A;N/A;N/A;N/A;N/A;N/A;N/A;N/A;N/A;N/A;N/A;N/A;N/A;N/A;N/A;N/A;N/A;N/A;N/A;N/A;N/A;N/A;N/A;N/A;N/A;N/A;N/A;N/A;N/A;N/A;N/A;N/A;N/A;N/A;N/A;N/A;N/A;N/A;N/A;N/A;N/A;N/A;N/A;N/A;N/A;N/A;Sí;N/A;N/A;N/A;N/A
Renault;"Duster Oroch";expresion;2018;"199000 km";;SEREYCIA.;15990;;;;;Durazno;https://auto.mercadolibre.com.uy/MLU-691359160-renault-oroch-expresion-20-2018-impecable-_JM;N/A;;"Renault Oroch Expresion 2.0 2018 Impecable!";USD;Sí;silver;false;N/A;N/A;http://perfil.mercadolibre.com.uy/SEREYCIA.;active;N/A;N/A;Usado;Rojo;N/A;Hidráulica;N/A;Sí;Sí;N/A;N/A;N/A;N/A;N/A;N/A;N/A;N/A;N/A;N/A;Sí;N/A;N/A;N/A;N/A;N/A;N/A;N/A;N/A;N/A;N/A;N/A;N/A;N/A;"2000 cc";N/A;6;N/A;N/A;N/A;N/A;N/A;N/A;N/A;N/A;N/A;N/A;N/A;N/A;N/A;N/A;N/A;N/A;N/A;N/A;N/A;N/A;N/A;N/A;N/A;Sí;N/A;N/A;N/A;N/A;N/A;Sí;N/A;N/A;N/A;N/A;N/A;N/A;N/A;N/A;N/A;N/A;N/A;N/A;N/A;N/A;N/A;N/A;N/A;N/A;N/A;N/A;N/A;N/A;N/A;N/A;N/A;N/A;N/A;"13 km/l";N/A;N/A;N/A;Sí;N/A;Sí;Sí;N/A;N/A;N/A;"15 km/l";N/A;N/A;N/A;Sí;N/A;"Lun. a Vie. 8:30 a 12 y 14 a 19 hs. Sáb. 8:30 a 12 hs.";4;2.0;Nafta;Manual;Pick-Up;"Autos y camionetas";No;N/A;N/A;N/A;No;N/A;N/A;No;Sí;No;No;N/A;N/A;N/A;N/A;N/A;N/A;N/A;N/A;N/A;N/A;N/A;N/A;N/A;N/A;N/A;N/A;N/A;N/A;N/A;N/A;N/A;N/A;N/A;N/A;N/A;N/A;N/A;N/A;N/A;N/A;N/A;N/A;N/A;N/A;N/A;N/A;N/A;N/A;N/A;N/A;N/A;N/A;N/A;N/A;N/A;N/A;N/A;N/A;N/A;N/A;Sí;No;N/A;N/A;N/A;N/A;N/A;N/A;N/A;N/A;N/A;N/A;N/A;N/A;N/A;N/A;N/A;N/A;N/A;N/A;N/A;N/A;N/A;N/A;N/A;N/A;N/A;N/A;N/A;N/A;N/A;N/A;N/A;N/A;N/A;Sí;N/A;Sí;N/A;Sí;Sí;Sí;N/A;Sí;Sí;N/A;N/A;N/A;N/A;N/A;N/A;Sí;N/A;Sí;Sí;N/A;Sí;N/A;N/A;N/A;Sí
Renault;Symbol;"1.6 Authentique Pack Ii 105cv";2009;"178000 km";;RECRULSA;7000;;;;;Melo;https://auto.mercadolibre.com.uy/MLU-704887612-renault-symbol-16-authentique-pack-ii-105cv-_JM;N/A;;"Renault Symbol 1.6 Authentique Pack Ii 105cv";usd;Sí;silver;false;N/A;N/A;http://perfil.mercadolibre.com.uy/RECRULSA;active;N/A;N/A;Usado;Negro;N/A;Hidráulica;Delantera;N/A;N/A;N/A;N/A;N/A;N/A;N/A;N/A;N/A;N/A;N/A;N/A;N/A;N/A;N/A;N/A;N/A;N/A;N/A;N/A;N/A;N/A;N/A;N/A;N/A;"2473 mm";"1.6 L";"50 L";5;N/A;N/A;N/A;N/A;N/A;N/A;N/A;N/A;N/A;N/A;N/A;N/A;N/A;N/A;N/A;N/A;N/A;N/A;N/A;N/A;N/A;N/A;N/A;N/A;N/A;N/A;N/A;N/A;N/A;N/A;N/A;N/A;N/A;Sí;Sí;Sí;N/A;N/A;N/A;N/A;N/A;N/A;N/A;N/A;N/A;"1439 mm";"4261 mm";N/A;N/A;N/A;N/A;5;"105 hp";Authentique;N/A;4;"1672 mm";N/A;N/A;N/A;N/A;Sí;N/A;N/A;N/A;N/A;N/A;N/A;N/A;N/A;N/A;N/A;N/A;N/A;N/A;4;1.6;Nafta;Manual;Sedán;"Autos y camionetas";N/A;N/A;N/A;N/A;N/A;N/A;UY;N/A;N/A;N/A;N/A;N/A;N/A;N/A;N/A;N/A;N/A;N/A;N/A;N/A;N/A;N/A;N/A;N/A;N/A;N/A;N/A;N/A;N/A;N/A;N/A;N/A;N/A;N/A;N/A;N/A;N/A;N/A;N/A;N/A;N/A;N/A;N/A;N/A;N/A;N/A;N/A;N/A;N/A;N/A;N/A;N/A;N/A;N/A;N/A;N/A;N/A;N/A;N/A;N/A;N/A;N/A;N/A;N/A;N/A;N/A;N/A;N/A;N/A;N/A;N/A;N/A;N/A;N/A;N/A;N/A;N/A;N/A;N/A;N/A;N/A;N/A;N/A;N/A;N/A;N/A;N/A;N/A;N/A;N/A;N/A;N/A;N/A;N/A;N/A;N/A;N/A;N/A;N/A;N/A;N/A;N/A;N/A;N/A;N/A;N/A;N/A;N/A;N/A;N/A;N/A;N/A;N/A;N/A;N/A;N/A;N/A;N/A;N/A;Sí;N/A;N/A
Renault;Oroch;"Intens Outsider 1.6";2025;"0 km";;AUTOMOTORATREINTAYTRES;25000;;;;;"Treinta y Tres";https://auto.mercadolibre.com.uy/MLU-702547880-nueva-renault-oroch-intens-outsider-16-0-km-_JM;N/A;;"Nueva Renault Oroch Intens Outsider 1.6 0 Km";USD;Sí;silver;false;N/A;N/A;http://perfil.mercadolibre.com.uy/AUTOMOTORATREINTAYTRES;active;N/A;N/A;Nuevo;Plateado;N/A;Hidráulica;4x2;N/A;N/A;N/A;N/A;N/A;N/A;N/A;N/A;N/A;N/A;N/A;N/A;N/A;N/A;N/A;N/A;N/A;N/A;N/A;N/A;N/A;N/A;N/A;N/A;N/A;N/A;N/A;N/A;N/A;N/A;N/A;N/A;N/A;N/A;N/A;N/A;N/A;N/A;N/A;N/A;N/A;N/A;N/A;N/A;N/A;N/A;N/A;N/A;N/A;N/A;N/A;N/A;N/A;N/A;N/A;N/A;N/A;N/A;N/A;N/A;N/A;N/A;N/A;N/A;N/A;N/A;N/A;N/A;N/A;N/A;N/A;N/A;N/A;N/A;N/A;N/A;N/A;N/A;N/A;N/A;N/A;N/A;N/A;N/A;N/A;N/A;N/A;N/A;N/A;N/A;N/A;N/A;N/A;N/A;N/A;N/A;N/A;N/A;N/A;N/A;N/A;N/A;N/A;N/A;4;1.6;Nafta;Manual;Pick-Up;"Autos y camionetas";N/A;N/A;N/A;N/A;N/A;N/A;N/A;N/A;Sí;N/A;N/A;N/A;N/A;N/A;N/A;N/A;N/A;N/A;N/A;N/A;N/A;N/A;N/A;N/A;N/A;N/A;N/A;N/A;N/A;N/A;N/A;N/A;N/A;N/A;N/A;N/A;N/A;N/A;N/A;N/A;N/A;N/A;N/A;Sí;N/A;N/A;N/A;N/A;N/A;N/A;N/A;N/A;N/A;N/A;N/A;N/A;N/A;N/A;N/A;N/A;N/A;N/A;N/A;N/A;N/A;N/A;N/A;N/A;N/A;N/A;N/A;N/A;N/A;N/A;N/A;N/A;N/A;N/A;N/A;N/A;N/A;N/A;N/A;N/A;N/A;N/A;N/A;N/A;N/A;N/A;N/A;N/A;N/A;N/A;N/A;N/A;N/A;N/A;N/A;N/A;N/A;N/A;N/A;N/A;N/A;N/A;N/A;N/A;N/A;N/A;N/A;N/A;N/A;N/A;N/A;N/A;N/A;N/A;N/A;N/A;N/A;N/A
Renault;Oroch;"Oroch Expression 1.6";2018;"105000 km";;"SEBASTIAN MAGALLANES";15900;;;;;"Punta del Este";https://auto.mercadolibre.com.uy/MLU-702421698-renault-oroch-expression-16-doble-cabina-mt-_JM;N/A;;"Renault Oroch Expression 1.6 Doble Cabina Mt";USD;Sí;silver;false;N/A;N/A;http://perfil.mercadolibre.com.uy/SEBASTIAN+MAGALLANES;active;N/A;N/A;Usado;Blanco;N/A;Hidráulica;Delantera;Sí;Sí;N/A;N/A;N/A;N/A;N/A;N/A;N/A;N/A;N/A;N/A;Sí;N/A;N/A;N/A;N/A;N/A;N/A;N/A;N/A;N/A;N/A;N/A;N/A;N/A;N/A;N/A;N/A;N/A;N/A;N/A;N/A;N/A;N/A;N/A;N/A;N/A;N/A;N/A;N/A;N/A;N/A;N/A;N/A;N/A;N/A;N/A;N/A;N/A;N/A;N/A;N/A;N/A;N/A;N/A;N/A;N/A;N/A;N/A;N/A;N/A;N/A;N/A;N/A;N/A;N/A;N/A;N/A;N/A;N/A;N/A;N/A;N/A;N/A;N/A;N/A;N/A;N/A;N/A;N/A;N/A;N/A;N/A;N/A;N/A;N/A;N/A;N/A;N/A;Sí;N/A;Sí;Sí;N/A;N/A;N/A;N/A;N/A;N/A;N/A;N/A;N/A;"L-V 9:30-18:30Hs S10-14:00Hs";4;1.6;Nafta;Manual;Pick-Up;"Autos y camionetas";N/A;N/A;N/A;N/A;N/A;N/A;N/A;N/A;Sí;N/A;N/A;N/A;N/A;N/A;N/A;N/A;N/A;N/A;N/A;N/A;N/A;N/A;N/A;N/A;N/A;N/A;N/A;N/A;N/A;N/A;N/A;N/A;N/A;N/A;N/A;N/A;N/A;N/A;N/A;N/A;N/A;N/A;N/A;N/A;N/A;N/A;N/A;N/A;N/A;N/A;N/A;N/A;N/A;N/A;N/A;N/A;N/A;N/A;N/A;N/A;N/A;N/A;Sí;N/A;N/A;N/A;N/A;N/A;N/A;N/A;N/A;N/A;N/A;N/A;N/A;N/A;N/A;N/A;N/A;N/A;N/A;N/A;N/A;N/A;N/A;N/A;N/A;N/A;N/A;N/A;N/A;N/A;N/A;N/A;N/A;N/A;Sí;Sí;Sí;N/A;Sí;N/A;N/A;N/A;N/A;Sí;N/A;N/A;N/A;N/A;N/A;N/A;Sí;Sí;Sí;Sí;N/A;N/A;N/A;N/A;N/A;Sí
Renault;Sandero;"1.6 Confort";2011;"249278 km";;AUTOMOTORA51;10900;;;;;"Paso de los Toros";https://auto.mercadolibre.com.uy/MLU-694115334-renault-sandero-16-_JM;N/A;;"Renault Sandero 1.6";usd;Sí;silver;false;N/A;N/A;http://perfil.mercadolibre.com.uy/AUTOMOTORA51;active;N/A;N/A;Usado;Negro;N/A;Hidráulica;Delantera;N/A;Sí;N/A;N/A;N/A;No;N/A;N/A;No;N/A;N/A;No;N/A;N/A;N/A;N/A;N/A;N/A;N/A;N/A;N/A;N/A;N/A;N/A;N/A;"2591 mm";"1.6 L";"50 L";5;N/A;N/A;N/A;N/A;N/A;N/A;N/A;N/A;N/A;N/A;N/A;N/A;N/A;N/A;N/A;N/A;N/A;N/A;N/A;N/A;N/A;N/A;N/A;N/A;N/A;N/A;N/A;N/A;N/A;No;N/A;N/A;N/A;Sí;N/A;N/A;N/A;N/A;N/A;N/A;N/A;N/A;N/A;N/A;N/A;"1528 mm";"4023 mm";N/A;N/A;N/A;N/A;5;"105 hp";Confort;N/A;4;"1746 mm";"9.5 km/l";No;N/A;N/A;Sí;N/A;N/A;No;N/A;No;N/A;"5.7 km/l";No;N/A;N/A;N/A;Sí;"Lunes a viernes de 8:30 a 12:00 y de 14:30 a 19:00. Sábados de 8:30 a 12:30";5;1.6;Nafta;Manual;Hatchback;"Autos y camionetas";No;N/A;N/A;N/A;No;N/A;UY;N/A;Sí;N/A;No;N/A;N/A;N/A;N/A;N/A;N/A;N/A;N/A;N/A;N/A;N/A;N/A;N/A;No;N/A;N/A;N/A;N/A;N/A;N/A;N/A;N/A;N/A;N/A;N/A;N/A;N/A;N/A;N/A;N/A;N/A;N/A;No;N/A;N/A;N/A;N/A;N/A;N/A;N/A;N/A;N/A;N/A;N/A;N/A;N/A;N/A;N/A;N/A;N/A;N/A;Sí;N/A;N/A;N/A;N/A;N/A;N/A;N/A;N/A;N/A;N/A;N/A;N/A;N/A;N/A;N/A;N/A;N/A;N/A;N/A;N/A;N/A;N/A;N/A;N/A;N/A;N/A;N/A;N/A;N/A;N/A;N/A;N/A;N/A;No;No;Sí;N/A;No;N/A;N/A;N/A;N/A;No;No;No;N/A;N/A;N/A;N/A;No;No;Sí;N/A;N/A;N/A;N/A;Sí;N/A;Sí
Renault;Stepway;Zen;2025;"0 km";;SOLYCARAUTOMOVILES;19990;;;;;Solymar;https://auto.mercadolibre.com.uy/MLU-673915290-renault-stepway-zen-10-2025-0km-solycar-_JM;N/A;;"Renault Stepway Zen 1.0 2025 0km - Solycar";usd;Sí;silver;false;N/A;N/A;http://perfil.mercadolibre.com.uy/SOLYCARAUTOMOVILES;active;N/A;N/A;Nuevo;"Gris oscuro";N/A;Eléctrica;4x2;Sí;Sí;N/A;N/A;N/A;N/A;Sí;Sí;N/A;N/A;Sí;Sí;Sí;N/A;Sí;N/A;N/A;N/A;N/A;N/A;N/A;N/A;N/A;N/A;N/A;N/A;"1000 cc";N/A;5;N/A;N/A;Sí;Sí;N/A;N/A;N/A;N/A;N/A;N/A;N/A;N/A;N/A;N/A;N/A;N/A;N/A;N/A;N/A;N/A;N/A;N/A;N/A;Sí;N/A;Sí;N/A;N/A;N/A;Sí;N/A;N/A;N/A;N/A;N/A;N/A;Sí;N/A;N/A;N/A;N/A;N/A;N/A;N/A;N/A;N/A;N/A;N/A;N/A;N/A;N/A;N/A;"79 hp";Zen;N/A;N/A;N/A;N/A;N/A;N/A;N/A;N/A;N/A;N/A;Sí;Sí;N/A;N/A;N/A;N/A;N/A;N/A;N/A;N/A;"Lun. a Vie. de 9:30 a 18:30 hs. Sáb. de 9:30 a 14 hs";5;1.0;Nafta;Manual;SUV;"Autos y camionetas";No;N/A;N/A;N/A;No;N/A;UY;No;Sí;No;No;N/A;N/A;N/A;N/A;N/A;N/A;N/A;N/A;N/A;N/A;N/A;N/A;N/A;N/A;N/A;N/A;N/A;N/A;N/A;N/A;N/A;N/A;N/A;N/A;N/A;N/A;N/A;N/A;N/A;N/A;N/A;N/A;Sí;N/A;N/A;N/A;N/A;N/A;N/A;N/A;N/A;N/A;N/A;N/A;N/A;N/A;N/A;N/A;N/A;N/A;Sí;No;N/A;N/A;N/A;N/A;N/A;N/A;N/A;N/A;N/A;N/A;N/A;N/A;N/A;N/A;N/A;N/A;N/A;N/A;N/A;N/A;N/A;N/A;N/A;N/A;N/A;N/A;N/A;N/A;N/A;N/A;N/A;N/A;N/A;Sí;Sí;N/A;N/A;Sí;Sí;N/A;N/A;Sí;Sí;N/A;Sí;N/A;N/A;Sí;N/A;N/A;N/A;Sí;Sí;Sí;N/A;N/A;Sí;N/A;Sí
Renault;Kwid;"1.0 Sce 66cv Outsider";2023;"0 km";;RENAULTPUNTADELESTE;16500;;;;;"Punta del Este";https://auto.mercadolibre.com.uy/MLU-680685144-renault-kwid-outsider-_JM;N/A;;"Renault Kwid Outsider ";usd;Sí;silver;false;N/A;N/A;http://perfil.mercadolibre.com.uy/RENAULTPUNTADELESTE;active;N/A;N/A;Nuevo;Blanco;N/A;N/A;Delantera;N/A;N/A;Sí;N/A;N/A;N/A;N/A;N/A;N/A;N/A;N/A;N/A;N/A;N/A;N/A;N/A;N/A;N/A;N/A;N/A;N/A;N/A;N/A;N/A;N/A;"2423 mm";"999 cc";"50 L";5;N/A;N/A;N/A;N/A;N/A;N/A;N/A;N/A;N/A;N/A;N/A;N/A;N/A;N/A;N/A;N/A;N/A;N/A;N/A;N/A;N/A;N/A;N/A;N/A;N/A;N/A;N/A;N/A;N/A;N/A;N/A;N/A;N/A;N/A;N/A;N/A;N/A;N/A;N/A;N/A;N/A;N/A;N/A;N/A;N/A;"1474 mm";"3680 mm";N/A;N/A;N/A;N/A;5;"66 hp";Outsider;N/A;4;"1752 mm";N/A;N/A;N/A;N/A;N/A;N/A;N/A;N/A;N/A;N/A;N/A;N/A;N/A;N/A;N/A;N/A;N/A;"De lunes a viernes 9hs a 18hs sabados de 9hs a 13hs";5;1.0;Nafta;Manual;Hatchback;"Autos y camionetas";N/A;N/A;N/A;N/A;N/A;N/A;UY;N/A;N/A;N/A;N/A;N/A;N/A;N/A;N/A;N/A;N/A;N/A;N/A;N/A;N/A;N/A;N/A;N/A;N/A;N/A;N/A;N/A;N/A;N/A;N/A;N/A;N/A;N/A;N/A;N/A;N/A;N/A;N/A;N/A;N/A;N/A;N/A;N/A;N/A;N/A;N/A;N/A;N/A;N/A;N/A;N/A;N/A;N/A;N/A;N/A;N/A;N/A;N/A;N/A;N/A;N/A;N/A;N/A;N/A;N/A;N/A;N/A;N/A;N/A;N/A;N/A;N/A;N/A;N/A;N/A;N/A;N/A;N/A;N/A;N/A;N/A;N/A;N/A;N/A;N/A;N/A;N/A;N/A;N/A;N/A;N/A;N/A;N/A;N/A;N/A;N/A;N/A;N/A;N/A;N/A;N/A;N/A;N/A;N/A;N/A;N/A;N/A;N/A;N/A;N/A;N/A;N/A;N/A;N/A;N/A;N/A;N/A;N/A;N/A;N/A;N/A
Renault;Kwid;"Outsider 1.0";2023;"0 km";;"OSCARPISANO RENAULT-NISSAN";16500;;;;;Sayago;https://auto.mercadolibre.com.uy/MLU-701907586-renault-kwid-outsider-10-2023-0km-_JM;N/A;;"Renault Kwid Outsider 1.0 2023 0km";usd;Sí;silver;false;N/A;N/A;http://perfil.mercadolibre.com.uy/OSCARPISANO+RENAULT-NISSAN;active;N/A;N/A;Nuevo;Azul;N/A;Eléctrica;N/A;Sí;Sí;Sí;N/A;Sí;N/A;Sí;N/A;N/A;N/A;Sí;N/A;Sí;N/A;Sí;N/A;N/A;N/A;N/A;N/A;N/A;N/A;N/A;N/A;N/A;N/A;N/A;N/A;5;N/A;N/A;Sí;Sí;N/A;Sí;N/A;N/A;N/A;N/A;N/A;N/A;N/A;N/A;N/A;N/A;N/A;N/A;N/A;N/A;N/A;N/A;N/A;N/A;N/A;Sí;N/A;N/A;N/A;N/A;N/A;N/A;N/A;N/A;N/A;N/A;Sí;N/A;N/A;N/A;N/A;N/A;N/A;N/A;N/A;N/A;N/A;N/A;N/A;N/A;N/A;N/A;N/A;Outsider;N/A;N/A;N/A;N/A;N/A;N/A;N/A;N/A;N/A;Sí;Sí;N/A;N/A;N/A;N/A;N/A;N/A;N/A;N/A;Sí;"Lun. a Vie. de 8:30 a 18:30 hs. Sáb. de 9 a 13 hs";5;N/A;Nafta;Manual;Hatchback;"Autos y camionetas";No;N/A;N/A;N/A;No;N/A;UY;No;Sí;No;No;N/A;N/A;N/A;N/A;N/A;N/A;N/A;N/A;N/A;N/A;N/A;N/A;N/A;N/A;N/A;N/A;N/A;N/A;N/A;N/A;N/A;N/A;N/A;N/A;N/A;N/A;N/A;N/A;N/A;N/A;N/A;N/A;Sí;N/A;N/A;N/A;N/A;N/A;N/A;N/A;N/A;N/A;N/A;N/A;N/A;N/A;N/A;N/A;N/A;N/A;Sí;No;N/A;N/A;N/A;N/A;N/A;N/A;N/A;N/A;N/A;N/A;N/A;N/A;N/A;N/A;N/A;N/A;N/A;N/A;N/A;N/A;N/A;N/A;N/A;N/A;N/A;N/A;N/A;N/A;N/A;N/A;N/A;N/A;N/A;Sí;N/A;Sí;Sí;Sí;Sí;Sí;N/A;N/A;Sí;N/A;N/A;N/A;N/A;N/A;N/A;N/A;N/A;Sí;Sí;Sí;N/A;N/A;Sí;Sí;Sí
Renault;Kwid;Outsider;2025;"0 km";;SEREYCIA.;16490;;;;;Durazno;https://auto.mercadolibre.com.uy/MLU-704513112-renault-kwid-outsider-10-2023-0km-_JM;N/A;;"Renault Kwid Outsider 1.0 2023 0km";usd;Sí;silver;false;N/A;N/A;http://perfil.mercadolibre.com.uy/SEREYCIA.;active;N/A;N/A;Nuevo;Rojo;N/A;Asistida;N/A;Sí;Sí;Sí;N/A;N/A;N/A;N/A;N/A;N/A;N/A;Sí;Sí;Sí;N/A;N/A;N/A;N/A;N/A;N/A;N/A;N/A;N/A;N/A;N/A;N/A;N/A;"1000 cc";N/A;5;N/A;N/A;N/A;Sí;N/A;N/A;N/A;N/A;N/A;N/A;N/A;N/A;N/A;N/A;N/A;N/A;N/A;N/A;N/A;N/A;N/A;N/A;N/A;N/A;N/A;Sí;N/A;N/A;N/A;N/A;N/A;N/A;N/A;N/A;N/A;N/A;N/A;N/A;N/A;N/A;N/A;N/A;N/A;N/A;N/A;N/A;N/A;N/A;N/A;N/A;N/A;N/A;N/A;Outsider;N/A;N/A;N/A;"12 km/l";N/A;N/A;N/A;N/A;N/A;N/A;N/A;N/A;N/A;N/A;"18 km/l";N/A;N/A;N/A;N/A;N/A;"Lun. a Vie. 8:30 a 12 y 14 a 19 hs. Sáb. 8:30 a 12 hs.";5;1.0;Nafta;Manual;Hatchback;"Autos y camionetas";No;N/A;N/A;N/A;No;N/A;UY;No;Sí;No;No;N/A;N/A;N/A;N/A;N/A;N/A;N/A;N/A;N/A;N/A;N/A;N/A;N/A;N/A;N/A;N/A;N/A;N/A;N/A;N/A;N/A;N/A;N/A;N/A;N/A;N/A;N/A;N/A;N/A;N/A;N/A;N/A;Sí;N/A;N/A;N/A;N/A;N/A;N/A;N/A;N/A;N/A;N/A;N/A;N/A;N/A;N/A;N/A;N/A;N/A;Sí;No;N/A;N/A;N/A;N/A;N/A;N/A;N/A;N/A;N/A;N/A;N/A;N/A;N/A;N/A;N/A;N/A;N/A;N/A;N/A;N/A;N/A;N/A;N/A;N/A;N/A;N/A;N/A;N/A;N/A;N/A;N/A;N/A;N/A;Sí;N/A;N/A;N/A;Sí;N/A;N/A;N/A;N/A;Sí;N/A;N/A;N/A;N/A;Sí;N/A;N/A;N/A;Sí;N/A;Sí;N/A;N/A;N/A;Sí;Sí
Renault;Duster;Intense;2021;"0 km";;"OSCARPISANO RENAULT-NISSAN";28000;;;;;Sayago;https://auto.mercadolibre.com.uy/MLU-701894830-renault-duster-intense-16-2021-0km-_JM;N/A;;"Renault Duster Intense 1.6 2021 0km";usd;Sí;silver;false;N/A;N/A;http://perfil.mercadolibre.com.uy/OSCARPISANO+RENAULT-NISSAN;active;N/A;N/A;Nuevo;Rojo;N/A;Eléctrica;N/A;Sí;Sí;Sí;N/A;Sí;N/A;Sí;Sí;N/A;N/A;Sí;Sí;Sí;N/A;N/A;N/A;N/A;N/A;N/A;N/A;N/A;N/A;N/A;N/A;N/A;N/A;"1600 cc";N/A;6;N/A;N/A;Sí;Sí;Sí;N/A;N/A;N/A;N/A;N/A;N/A;N/A;N/A;N/A;N/A;N/A;N/A;N/A;N/A;N/A;N/A;N/A;N/A;Sí;N/A;Sí;N/A;Sí;N/A;N/A;N/A;N/A;N/A;N/A;N/A;N/A;N/A;N/A;N/A;N/A;N/A;N/A;N/A;N/A;N/A;N/A;N/A;N/A;N/A;N/A;N/A;N/A;"115 hp";Intens;N/A;N/A;N/A;"13 km/l";N/A;N/A;Sí;Sí;Sí;Sí;Sí;Sí;N/A;N/A;"16 km/l";N/A;N/A;N/A;N/A;Sí;"Lun. a Vie. de 8:30 a 18:30 hs. Sáb. de 9 a 13 hs";5;1.6;Nafta;Automática;SUV;"Autos y camionetas";No;N/A;N/A;N/A;No;N/A;UY;No;Sí;No;No;N/A;N/A;N/A;N/A;N/A;N/A;N/A;N/A;N/A;N/A;N/A;N/A;N/A;N/A;N/A;N/A;N/A;N/A;N/A;N/A;N/A;N/A;N/A;N/A;N/A;N/A;N/A;N/A;N/A;N/A;N/A;N/A;Sí;N/A;N/A;N/A;N/A;N/A;N/A;N/A;N/A;N/A;N/A;N/A;N/A;N/A;N/A;N/A;N/A;N/A;Sí;No;N/A;N/A;N/A;N/A;N/A;N/A;N/A;N/A;N/A;N/A;N/A;N/A;N/A;N/A;N/A;N/A;N/A;N/A;N/A;N/A;N/A;N/A;N/A;N/A;N/A;N/A;N/A;N/A;N/A;N/A;N/A;N/A;N/A;Sí;N/A;Sí;N/A;Sí;N/A;Sí;N/A;Sí;Sí;N/A;N/A;N/A;N/A;N/A;Sí;Sí;N/A;Sí;Sí;Sí;Sí;N/A;N/A;Sí;Sí
Renault;Oroch;"1.6 Sce Zen 2Wd Mt";2021;"111500 km";;RIBR5241610;16500;;;;;"Playa Pascual";https://auto.mercadolibre.com.uy/MLU-706166878-renault-oroch-_JM;N/A;;"Renault Oroch";USD;Sí;silver;false;N/A;N/A;http://perfil.mercadolibre.com.uy/RIBR5241610;active;N/A;N/A;Usado;Gris;N/A;Hidráulica;Delantera;Sí;Sí;N/A;N/A;N/A;N/A;N/A;N/A;N/A;N/A;N/A;Sí;Sí;N/A;N/A;N/A;N/A;N/A;N/A;N/A;N/A;N/A;N/A;N/A;N/A;N/A;N/A;N/A;N/A;N/A;N/A;N/A;N/A;N/A;N/A;N/A;N/A;N/A;N/A;N/A;N/A;N/A;N/A;N/A;N/A;N/A;N/A;N/A;N/A;N/A;N/A;N/A;N/A;N/A;N/A;N/A;N/A;N/A;Sí;N/A;N/A;N/A;N/A;N/A;N/A;N/A;N/A;N/A;N/A;N/A;N/A;N/A;N/A;N/A;N/A;N/A;N/A;N/A;N/A;N/A;N/A;N/A;N/A;N/A;N/A;N/A;N/A;No;N/A;N/A;Sí;N/A;Sí;Sí;N/A;N/A;N/A;N/A;N/A;N/A;N/A;N/A;N/A;N/A;4;1.6;Nafta;Manual;Pick-Up;"Autos y camionetas";N/A;N/A;N/A;N/A;N/A;N/A;N/A;N/A;N/A;N/A;N/A;N/A;N/A;N/A;N/A;N/A;N/A;N/A;N/A;N/A;N/A;N/A;N/A;N/A;Sí;N/A;N/A;N/A;N/A;N/A;N/A;N/A;N/A;N/A;N/A;N/A;N/A;N/A;N/A;N/A;N/A;N/A;N/A;N/A;N/A;N/A;N/A;N/A;N/A;N/A;N/A;N/A;N/A;N/A;N/A;N/A;N/A;N/A;N/A;N/A;N/A;N/A;N/A;N/A;N/A;N/A;N/A;N/A;N/A;N/A;N/A;N/A;N/A;N/A;N/A;N/A;N/A;N/A;N/A;N/A;N/A;N/A;N/A;N/A;N/A;N/A;N/A;N/A;N/A;N/A;N/A;N/A;N/A;N/A;N/A;N/A;Sí;Sí;Sí;N/A;Sí;N/A;N/A;N/A;N/A;Sí;N/A;N/A;Sí;N/A;N/A;N/A;N/A;Sí;Sí;Sí;Sí;N/A;N/A;N/A;N/A;Sí
Renault;"Sandero Stepway";"1.6 Privilege 105cv";2019;"86350 km";;"AUTOMOTORA MARMOLEJO";16000;;;;;Minas;https://auto.mercadolibre.com.uy/MLU-705223282-renault-sandero-stepway-16-privilege-105cv-_JM;N/A;;"Renault Sandero Stepway 1.6 Privilege 105cv";usd;Sí;silver;false;N/A;N/A;http://perfil.mercadolibre.com.uy/AUTOMOTORA+MARMOLEJO;active;N/A;N/A;Usado;Rojo;N/A;Hidráulica;Delantera;Sí;N/A;Sí;N/A;N/A;Sí;N/A;N/A;N/A;N/A;N/A;N/A;N/A;N/A;N/A;N/A;N/A;N/A;N/A;N/A;N/A;N/A;N/A;N/A;N/A;"2590 mm";"1.6 L";"50 L";5;N/A;N/A;N/A;N/A;N/A;N/A;N/A;N/A;N/A;N/A;N/A;N/A;N/A;N/A;N/A;N/A;N/A;N/A;N/A;N/A;N/A;N/A;N/A;N/A;N/A;N/A;N/A;N/A;N/A;N/A;N/A;N/A;N/A;N/A;N/A;N/A;N/A;N/A;N/A;N/A;N/A;N/A;N/A;N/A;N/A;"1559 mm";"4066 mm";N/A;N/A;N/A;N/A;5;"105 hp";Privilege;N/A;4;"1761 mm";"9.3 km/l";Sí;N/A;N/A;N/A;N/A;N/A;Sí;N/A;N/A;N/A;"5.9 km/l";No;N/A;N/A;N/A;N/A;"Lunes a Viernes de 8:30 a12:00hs y de 14:30 a 19:00hs, Sabados de 9:00 a 12:00hs.";5;1.6;Nafta;Manual;Hatchback;"Autos y camionetas";N/A;N/A;N/A;N/A;N/A;N/A;UY;N/A;N/A;N/A;N/A;N/A;N/A;N/A;N/A;N/A;N/A;N/A;N/A;N/A;N/A;N/A;N/A;N/A;N/A;N/A;N/A;N/A;N/A;N/A;N/A;N/A;N/A;N/A;N/A;N/A;N/A;N/A;N/A;N/A;N/A;N/A;N/A;N/A;N/A;N/A;N/A;N/A;N/A;N/A;N/A;N/A;N/A;N/A;N/A;N/A;N/A;N/A;N/A;N/A;N/A;N/A;N/A;N/A;N/A;N/A;N/A;N/A;N/A;N/A;N/A;N/A;N/A;N/A;N/A;N/A;N/A;N/A;N/A;N/A;N/A;N/A;N/A;N/A;N/A;N/A;N/A;N/A;N/A;N/A;N/A;N/A;N/A;N/A;N/A;N/A;Sí;Sí;N/A;N/A;Sí;N/A;N/A;N/A;N/A;Sí;N/A;N/A;N/A;N/A;N/A;N/A;N/A;N/A;N/A;N/A;N/A;N/A;N/A;N/A;N/A;N/A
Renault;Symbol;"1.6 Confort";2010;"160000 km";;MUSSINIAUTOMOVILES;7900;;;;;"San José de Mayo";https://auto.mercadolibre.com.uy/MLU-704293608-renault-symbol-_JM;N/A;;"Renault Symbol ";usd;Sí;silver;false;N/A;N/A;http://perfil.mercadolibre.com.uy/MUSSINIAUTOMOVILES;active;N/A;N/A;Usado;Azul;N/A;Hidráulica;Delantera;N/A;N/A;Sí;N/A;N/A;N/A;N/A;N/A;N/A;N/A;N/A;N/A;N/A;N/A;N/A;N/A;N/A;N/A;N/A;N/A;N/A;N/A;N/A;N/A;N/A;"2473 mm";"1.6 L";"50 L";5;N/A;N/A;N/A;N/A;N/A;N/A;N/A;N/A;N/A;N/A;N/A;N/A;N/A;N/A;N/A;N/A;N/A;N/A;N/A;N/A;N/A;N/A;N/A;N/A;N/A;N/A;N/A;N/A;N/A;N/A;N/A;N/A;N/A;N/A;N/A;N/A;N/A;N/A;N/A;N/A;N/A;N/A;N/A;N/A;N/A;"1439 mm";"4261 mm";N/A;N/A;N/A;N/A;5;"106 hp";Confort;N/A;4;"1672 mm";N/A;N/A;N/A;N/A;N/A;N/A;N/A;Sí;N/A;N/A;N/A;N/A;N/A;N/A;N/A;N/A;N/A;N/A;4;1.6;Nafta;Manual;Sedán;"Autos y camionetas";N/A;N/A;N/A;N/A;N/A;N/A;UY;N/A;N/A;N/A;N/A;N/A;N/A;N/A;N/A;N/A;N/A;N/A;N/A;N/A;N/A;N/A;N/A;N/A;N/A;N/A;N/A;N/A;N/A;N/A;N/A;N/A;N/A;N/A;N/A;N/A;N/A;N/A;N/A;N/A;N/A;N/A;N/A;N/A;N/A;N/A;N/A;N/A;N/A;N/A;N/A;N/A;N/A;N/A;N/A;N/A;N/A;N/A;N/A;N/A;N/A;N/A;N/A;N/A;N/A;N/A;N/A;N/A;N/A;N/A;N/A;N/A;N/A;N/A;N/A;N/A;N/A;N/A;N/A;N/A;N/A;N/A;N/A;N/A;N/A;N/A;N/A;N/A;N/A;N/A;N/A;N/A;N/A;N/A;N/A;N/A;N/A;N/A;N/A;N/A;N/A;N/A;N/A;N/A;N/A;N/A;N/A;N/A;N/A;N/A;N/A;N/A;N/A;N/A;N/A;N/A;N/A;N/A;N/A;N/A;N/A;N/A
Renault;Clio;"1.2 Iv Authentique";2015;"153000 km";;MUSSINIAUTOMOVILES;9900;;;;;"San José de Mayo";https://auto.mercadolibre.com.uy/MLU-704354906-renault-clio-mio-_JM;N/A;;"Renault Clio Mio";usd;Sí;silver;false;N/A;N/A;http://perfil.mercadolibre.com.uy/MUSSINIAUTOMOVILES;active;N/A;N/A;Usado;Negro;N/A;Hidráulica;Delantera;N/A;N/A;Sí;N/A;N/A;N/A;N/A;N/A;N/A;N/A;N/A;N/A;N/A;N/A;N/A;N/A;N/A;N/A;N/A;N/A;N/A;N/A;N/A;N/A;N/A;"2472 mm";"1.2 L";"50 L";5;N/A;N/A;N/A;N/A;N/A;N/A;N/A;N/A;N/A;N/A;N/A;N/A;N/A;N/A;N/A;N/A;N/A;N/A;N/A;N/A;N/A;N/A;N/A;N/A;N/A;N/A;N/A;N/A;N/A;N/A;N/A;N/A;N/A;N/A;N/A;N/A;N/A;N/A;N/A;N/A;N/A;N/A;N/A;N/A;N/A;"1417 mm";"3811 mm";N/A;N/A;N/A;N/A;5;"75 hp";Authentique;N/A;4;"1639 mm";N/A;N/A;N/A;N/A;N/A;N/A;N/A;N/A;N/A;N/A;N/A;N/A;N/A;N/A;N/A;N/A;N/A;N/A;3;1.2;Nafta;Manual;Hatchback;"Autos y camionetas";N/A;N/A;N/A;N/A;N/A;N/A;UY;N/A;N/A;N/A;N/A;N/A;N/A;N/A;N/A;N/A;N/A;N/A;N/A;N/A;N/A;N/A;N/A;N/A;N/A;N/A;N/A;N/A;N/A;N/A;N/A;N/A;N/A;N/A;N/A;N/A;N/A;N/A;N/A;N/A;N/A;N/A;N/A;N/A;N/A;N/A;N/A;N/A;N/A;N/A;N/A;N/A;N/A;N/A;N/A;N/A;N/A;N/A;N/A;N/A;N/A;N/A;N/A;N/A;N/A;N/A;N/A;N/A;N/A;N/A;N/A;N/A;N/A;N/A;N/A;N/A;N/A;N/A;N/A;N/A;N/A;N/A;N/A;N/A;N/A;N/A;N/A;N/A;N/A;N/A;N/A;N/A;N/A;N/A;N/A;N/A;N/A;N/A;N/A;N/A;N/A;N/A;N/A;N/A;N/A;N/A;N/A;N/A;N/A;N/A;N/A;N/A;N/A;N/A;N/A;N/A;N/A;N/A;N/A;N/A;N/A;N/A
Renault;Kwid;"1.0 Sce 66cv Life";2020;"72000 km";;AMAYASELECCIONADOS;11490;;;;;"Brazo Oriental";https://auto.mercadolibre.com.uy/MLU-703433726-renault-kwid-_JM;N/A;;"Renault Kwid";usd;Sí;silver;false;N/A;N/A;http://perfil.mercadolibre.com.uy/AMAYASELECCIONADOS;active;N/A;N/A;Usado;Naranja;N/A;N/A;Delantera;N/A;N/A;Sí;N/A;N/A;N/A;N/A;N/A;N/A;N/A;N/A;N/A;N/A;N/A;N/A;N/A;N/A;N/A;N/A;N/A;N/A;N/A;N/A;N/A;N/A;"2423 mm";"1 L";"50 L";5;N/A;N/A;N/A;N/A;N/A;N/A;N/A;N/A;N/A;N/A;N/A;N/A;N/A;N/A;N/A;N/A;N/A;N/A;N/A;N/A;N/A;N/A;N/A;N/A;N/A;N/A;N/A;N/A;N/A;N/A;N/A;N/A;N/A;N/A;N/A;N/A;N/A;N/A;N/A;N/A;N/A;N/A;N/A;N/A;N/A;"1474 mm";"3680 mm";N/A;N/A;N/A;N/A;5;"66 hp";Life;N/A;4;"1752 mm";N/A;N/A;N/A;N/A;N/A;N/A;N/A;N/A;N/A;N/A;N/A;N/A;N/A;N/A;N/A;N/A;N/A;"Lunes a Viernes 08:30 a 18:30";5;1.0;Nafta;Manual;Hatchback;"Autos y camionetas";N/A;N/A;N/A;N/A;N/A;N/A;UY;N/A;N/A;N/A;N/A;N/A;N/A;N/A;N/A;N/A;N/A;N/A;N/A;N/A;N/A;N/A;N/A;N/A;N/A;N/A;N/A;N/A;N/A;N/A;N/A;N/A;N/A;N/A;N/A;N/A;N/A;N/A;N/A;N/A;N/A;N/A;N/A;N/A;N/A;N/A;N/A;N/A;N/A;N/A;N/A;N/A;N/A;N/A;N/A;N/A;N/A;N/A;N/A;N/A;N/A;N/A;N/A;N/A;N/A;N/A;N/A;N/A;N/A;N/A;N/A;N/A;N/A;N/A;N/A;N/A;N/A;N/A;N/A;N/A;N/A;N/A;N/A;N/A;N/A;N/A;N/A;N/A;N/A;N/A;N/A;N/A;N/A;N/A;N/A;N/A;N/A;N/A;N/A;N/A;N/A;N/A;N/A;N/A;N/A;N/A;N/A;N/A;N/A;N/A;N/A;N/A;N/A;N/A;N/A;N/A;N/A;N/A;N/A;N/A;N/A;N/A
Renault;"Grand Captur";"2.0 Intens";2020;"40265 km";;"OLIVERA AUTOMOTORES";20500;;;;;Salto;https://auto.mercadolibre.com.uy/MLU-646948357-renault-grand-captur-intense-_JM;N/A;;"Renault Grand Captur Intense";usd;Sí;silver;false;N/A;N/A;http://perfil.mercadolibre.com.uy/OLIVERA+AUTOMOTORES;active;N/A;N/A;Usado;Rojo;N/A;N/A;4x4;Sí;N/A;N/A;N/A;N/A;N/A;N/A;N/A;N/A;N/A;N/A;N/A;N/A;N/A;N/A;N/A;N/A;N/A;N/A;N/A;N/A;N/A;N/A;N/A;N/A;"2670 mm";"2 L";"45 L";N/A;N/A;N/A;N/A;N/A;N/A;N/A;N/A;N/A;N/A;N/A;N/A;N/A;N/A;N/A;N/A;N/A;N/A;N/A;N/A;N/A;N/A;N/A;N/A;N/A;N/A;N/A;N/A;N/A;N/A;N/A;N/A;N/A;N/A;N/A;N/A;N/A;N/A;N/A;N/A;N/A;N/A;N/A;N/A;N/A;N/A;"1556 mm";"4122 mm";N/A;N/A;N/A;N/A;5;"143 hp";Intens;N/A;4;"1778 mm";N/A;N/A;N/A;N/A;N/A;N/A;N/A;N/A;N/A;N/A;N/A;N/A;N/A;N/A;N/A;N/A;N/A;N/A;5;2.0;Nafta;Automática;Hatchback;"Autos y camionetas";N/A;N/A;N/A;N/A;N/A;N/A;UY;N/A;N/A;N/A;N/A;N/A;N/A;N/A;N/A;N/A;N/A;N/A;N/A;N/A;N/A;N/A;N/A;N/A;N/A;N/A;N/A;N/A;N/A;N/A;N/A;N/A;N/A;N/A;N/A;N/A;N/A;N/A;N/A;N/A;N/A;N/A;N/A;N/A;N/A;N/A;N/A;N/A;N/A;N/A;N/A;N/A;N/A;N/A;N/A;N/A;N/A;N/A;N/A;N/A;N/A;N/A;N/A;N/A;N/A;N/A;N/A;N/A;N/A;N/A;N/A;N/A;N/A;N/A;N/A;N/A;N/A;N/A;N/A;N/A;N/A;N/A;N/A;N/A;N/A;N/A;N/A;N/A;N/A;N/A;N/A;N/A;N/A;N/A;N/A;N/A;N/A;N/A;N/A;N/A;N/A;N/A;N/A;N/A;N/A;N/A;N/A;N/A;N/A;N/A;N/A;N/A;N/A;N/A;N/A;N/A;N/A;N/A;N/A;N/A;N/A;N/A
Renault;Scénic;Rxe;1998;"1111 km";;"GALBO MOTORS";5900;;;;;Aguada;https://auto.mercadolibre.com.uy/MLU-701374060-renault-scenic-rxe-20-1998-impecable-_JM;N/A;;"Renault Scénic Rxe 2.0 1998 Impecable!";usd;No;silver;false;N/A;N/A;http://perfil.mercadolibre.com.uy/GALBO+MOTORS;active;N/A;N/A;Usado;Verde;N/A;Hidráulica;N/A;Sí;N/A;N/A;N/A;N/A;N/A;Sí;Sí;N/A;N/A;N/A;N/A;N/A;N/A;N/A;N/A;N/A;N/A;N/A;N/A;N/A;N/A;N/A;N/A;N/A;N/A;"2000 cc";N/A;5;N/A;N/A;N/A;N/A;N/A;N/A;N/A;N/A;N/A;N/A;N/A;N/A;N/A;N/A;N/A;N/A;N/A;N/A;N/A;N/A;N/A;N/A;N/A;Sí;N/A;N/A;N/A;Sí;N/A;N/A;N/A;N/A;N/A;N/A;N/A;N/A;N/A;N/A;N/A;N/A;N/A;N/A;N/A;N/A;N/A;N/A;N/A;N/A;N/A;N/A;N/A;N/A;N/A;Rxe;N/A;N/A;N/A;N/A;N/A;N/A;N/A;N/A;N/A;Sí;N/A;Sí;N/A;N/A;N/A;N/A;N/A;N/A;N/A;N/A;"Lun. a Vie. de 9:30 a 18:30 hs. Sáb. de 10 a 14 hs";5;2.0;Nafta;Manual;Sedán;"Autos y camionetas";No;N/A;N/A;N/A;No;N/A;UY;No;Sí;No;No;N/A;N/A;N/A;N/A;N/A;N/A;N/A;N/A;N/A;N/A;N/A;N/A;N/A;N/A;N/A;N/A;N/A;N/A;N/A;N/A;N/A;N/A;N/A;N/A;N/A;N/A;N/A;N/A;N/A;N/A;N/A;N/A;N/A;N/A;N/A;N/A;N/A;N/A;N/A;N/A;N/A;N/A;N/A;N/A;N/A;N/A;N/A;N/A;N/A;N/A;N/A;No;N/A;N/A;N/A;N/A;N/A;N/A;N/A;N/A;N/A;N/A;N/A;N/A;N/A;N/A;N/A;N/A;N/A;N/A;N/A;N/A;N/A;N/A;N/A;N/A;N/A;N/A;N/A;N/A;N/A;N/A;N/A;N/A;N/A;N/A;N/A;Sí;N/A;Sí;N/A;N/A;N/A;N/A;Sí;N/A;N/A;N/A;N/A;N/A;N/A;N/A;N/A;Sí;N/A;N/A;N/A;N/A;Sí;N/A;N/A
Renault;Kwid;"1.0 Sce 66cv Zen";2022;"51000 km";;JORGE_JAB;11800;;;;;"Malvin Norte";https://auto.mercadolibre.com.uy/MLU-701368798-renault-kwid-10-sce-66cv-zen-_JM;N/A;;"Renault Kwid 1.0 Sce 66cv Zen";usd;Sí;silver;false;N/A;N/A;http://perfil.mercadolibre.com.uy/JORGE_JAB;active;N/A;N/A;Usado;Blanco;N/A;Hidráulica;Delantera;Sí;N/A;Sí;N/A;N/A;N/A;N/A;N/A;N/A;N/A;N/A;N/A;Sí;N/A;N/A;N/A;N/A;N/A;N/A;N/A;N/A;N/A;N/A;N/A;N/A;"2423 mm";"1 L";"50 L";5;N/A;N/A;N/A;N/A;N/A;N/A;N/A;N/A;N/A;N/A;N/A;N/A;N/A;N/A;N/A;N/A;N/A;N/A;N/A;N/A;N/A;N/A;N/A;N/A;N/A;N/A;N/A;N/A;N/A;N/A;N/A;N/A;N/A;N/A;N/A;N/A;N/A;N/A;N/A;N/A;N/A;N/A;N/A;N/A;N/A;"1474 mm";"3680 mm";N/A;N/A;N/A;N/A;5;"66 hp";Zen;N/A;4;"1752 mm";N/A;N/A;N/A;N/A;N/A;N/A;Sí;Sí;N/A;N/A;N/A;N/A;N/A;N/A;N/A;N/A;Sí;N/A;5;1.0;Nafta;Manual;Hatchback;"Autos y camionetas";N/A;N/A;N/A;N/A;N/A;N/A;UY;N/A;Sí;N/A;N/A;N/A;N/A;N/A;N/A;N/A;N/A;N/A;N/A;N/A;N/A;N/A;N/A;N/A;N/A;N/A;N/A;N/A;N/A;N/A;N/A;N/A;N/A;N/A;N/A;N/A;N/A;N/A;N/A;N/A;N/A;N/A;N/A;N/A;N/A;N/A;N/A;N/A;N/A;N/A;N/A;N/A;N/A;N/A;N/A;N/A;N/A;N/A;N/A;N/A;N/A;N/A;Sí;N/A;N/A;N/A;N/A;N/A;N/A;N/A;N/A;N/A;N/A;N/A;N/A;N/A;N/A;N/A;N/A;N/A;N/A;N/A;N/A;N/A;N/A;N/A;N/A;N/A;N/A;N/A;N/A;N/A;N/A;N/A;N/A;N/A;N/A;N/A;Sí;N/A;Sí;N/A;N/A;N/A;N/A;Sí;N/A;N/A;Sí;N/A;N/A;N/A;N/A;Sí;Sí;Sí;N/A;N/A;N/A;N/A;N/A;Sí
Renault;"Kangoo Express";"Nueva Express";2020;"44000 km";;RUTA924;14900;;;;;Rosario;https://auto.mercadolibre.com.uy/MLU-701194912-renault-kangoo-_JM;N/A;;"Renault Kangoo";USD;Sí;silver;false;N/A;N/A;http://perfil.mercadolibre.com.uy/RUTA924;active;N/A;N/A;Usado;Blanco;Sí;Hidráulica;N/A;N/A;N/A;N/A;N/A;N/A;N/A;N/A;N/A;N/A;N/A;N/A;N/A;N/A;N/A;N/A;N/A;N/A;N/A;N/A;N/A;N/A;N/A;N/A;N/A;N/A;N/A;N/A;N/A;N/A;N/A;N/A;N/A;N/A;N/A;N/A;N/A;N/A;N/A;N/A;N/A;N/A;N/A;N/A;N/A;N/A;N/A;N/A;N/A;N/A;N/A;N/A;N/A;N/A;N/A;N/A;N/A;N/A;N/A;N/A;N/A;N/A;N/A;N/A;N/A;N/A;N/A;N/A;N/A;N/A;N/A;N/A;N/A;N/A;N/A;N/A;N/A;N/A;N/A;N/A;N/A;N/A;N/A;N/A;N/A;N/A;N/A;N/A;N/A;N/A;N/A;N/A;N/A;N/A;N/A;N/A;N/A;N/A;N/A;N/A;N/A;N/A;N/A;N/A;N/A;3;1.6;Nafta;Manual;Furgón;"Autos y camionetas";N/A;N/A;N/A;N/A;N/A;N/A;N/A;N/A;N/A;N/A;N/A;N/A;N/A;N/A;N/A;N/A;N/A;N/A;N/A;N/A;N/A;N/A;N/A;N/A;N/A;N/A;N/A;N/A;N/A;N/A;N/A;N/A;N/A;N/A;N/A;N/A;N/A;N/A;N/A;N/A;N/A;N/A;N/A;N/A;N/A;N/A;N/A;N/A;N/A;N/A;N/A;N/A;N/A;N/A;N/A;N/A;N/A;N/A;N/A;N/A;N/A;N/A;N/A;N/A;N/A;N/A;N/A;N/A;N/A;N/A;N/A;N/A;N/A;N/A;N/A;N/A;N/A;N/A;N/A;N/A;N/A;N/A;N/A;N/A;N/A;N/A;N/A;N/A;N/A;N/A;N/A;N/A;N/A;N/A;N/A;N/A;N/A;N/A;N/A;N/A;N/A;N/A;N/A;N/A;N/A;N/A;N/A;N/A;N/A;N/A;N/A;N/A;N/A;N/A;N/A;N/A;N/A;N/A;N/A;N/A;N/A;N/A
Renault;Kwid;"1.0 Sce 66cv Zen";2023;"30000 km";;"AZUL AUTOMOVILES";12490;;;;;"La Blanqueada";https://auto.mercadolibre.com.uy/MLU-700455012-renault-kwid-10-sce-66cv-zen-_JM;N/A;;"Renault Kwid 1.0 Sce 66cv Zen";usd;Sí;silver;false;N/A;N/A;http://perfil.mercadolibre.com.uy/AZUL+AUTOMOVILES;active;N/A;N/A;Usado;Azul;Sí;Hidráulica;Delantera;N/A;N/A;Sí;N/A;N/A;N/A;N/A;N/A;N/A;N/A;N/A;N/A;N/A;N/A;N/A;N/A;N/A;N/A;N/A;N/A;N/A;N/A;N/A;N/A;N/A;"2423 mm";"1 L";"50 L";5;N/A;N/A;N/A;N/A;N/A;N/A;N/A;N/A;N/A;N/A;N/A;N/A;N/A;N/A;N/A;N/A;N/A;N/A;N/A;N/A;N/A;N/A;N/A;N/A;N/A;N/A;N/A;N/A;N/A;N/A;N/A;N/A;N/A;N/A;N/A;N/A;N/A;N/A;N/A;N/A;N/A;N/A;N/A;N/A;N/A;"1474 mm";"3680 mm";N/A;N/A;N/A;N/A;5;"66 hp";Zen;N/A;4;"1752 mm";N/A;N/A;N/A;N/A;N/A;N/A;N/A;N/A;N/A;N/A;N/A;N/A;N/A;N/A;N/A;N/A;N/A;N/A;5;1.0;Nafta;Manual;Hatchback;"Autos y camionetas";N/A;N/A;N/A;N/A;N/A;N/A;UY;N/A;N/A;N/A;N/A;N/A;N/A;N/A;N/A;N/A;N/A;N/A;N/A;N/A;N/A;N/A;N/A;N/A;N/A;N/A;N/A;N/A;N/A;N/A;N/A;N/A;N/A;N/A;N/A;N/A;N/A;N/A;N/A;N/A;N/A;N/A;N/A;N/A;N/A;N/A;N/A;N/A;N/A;N/A;N/A;N/A;N/A;N/A;N/A;N/A;N/A;N/A;N/A;N/A;N/A;N/A;N/A;N/A;N/A;N/A;N/A;N/A;N/A;N/A;N/A;N/A;N/A;N/A;N/A;N/A;N/A;N/A;N/A;N/A;N/A;N/A;N/A;N/A;N/A;N/A;N/A;N/A;N/A;N/A;N/A;N/A;N/A;N/A;N/A;N/A;N/A;N/A;N/A;N/A;N/A;N/A;N/A;N/A;N/A;N/A;N/A;N/A;N/A;N/A;N/A;N/A;N/A;N/A;N/A;N/A;N/A;N/A;N/A;N/A;N/A;N/A
Renault;Kangoo;"5 pasajeros";2016;"215000 km";;"REYES AUTOMOVILES";8490;;;;;Shangrilá;https://auto.mercadolibre.com.uy/MLU-698765768-renault-kangoo-5-pasajeros-16-2016-buen-estado-_JM;N/A;;"Renault Kangoo 5 Pasajeros 1.6 2016 Buen Estado! ";usd;Sí;silver;false;N/A;N/A;http://perfil.mercadolibre.com.uy/REYES+AUTOMOVILES;active;N/A;N/A;Usado;Plateado;Sí;Hidráulica;N/A;N/A;N/A;N/A;N/A;N/A;N/A;N/A;N/A;N/A;N/A;N/A;N/A;N/A;N/A;N/A;N/A;N/A;N/A;N/A;N/A;N/A;N/A;N/A;N/A;N/A;N/A;"1600 cc";N/A;5;N/A;N/A;N/A;N/A;N/A;N/A;N/A;N/A;N/A;N/A;N/A;N/A;N/A;N/A;N/A;N/A;N/A;N/A;N/A;N/A;N/A;N/A;N/A;N/A;N/A;N/A;N/A;N/A;N/A;N/A;N/A;N/A;N/A;N/A;N/A;N/A;N/A;N/A;N/A;N/A;N/A;N/A;N/A;N/A;N/A;N/A;N/A;N/A;N/A;N/A;N/A;N/A;N/A;N/A;N/A;N/A;N/A;"10 km/l";N/A;N/A;N/A;Sí;N/A;N/A;N/A;N/A;N/A;N/A;"12 km/l";N/A;N/A;N/A;N/A;N/A;"Lun. a Vie. de 10 a 18 hs. Sab. de 10 a 14 hs";4;1.6;Nafta;Manual;Rural;"Autos y camionetas";No;N/A;N/A;N/A;No;N/A;UY;No;Sí;No;No;N/A;N/A;N/A;N/A;N/A;N/A;N/A;N/A;N/A;N/A;N/A;N/A;N/A;N/A;N/A;N/A;N/A;N/A;N/A;N/A;N/A;N/A;N/A;N/A;N/A;N/A;N/A;N/A;N/A;N/A;N/A;N/A;N/A;N/A;N/A;N/A;N/A;N/A;N/A;N/A;N/A;N/A;N/A;N/A;N/A;N/A;N/A;N/A;N/A;N/A;N/A;No;N/A;N/A;N/A;N/A;N/A;N/A;N/A;N/A;N/A;N/A;N/A;N/A;N/A;N/A;N/A;N/A;N/A;N/A;N/A;N/A;N/A;N/A;N/A;N/A;N/A;N/A;N/A;N/A;N/A;N/A;N/A;N/A;N/A;Sí;N/A;N/A;N/A;Sí;N/A;N/A;N/A;N/A;Sí;N/A;N/A;N/A;N/A;N/A;N/A;N/A;N/A;N/A;N/A;N/A;N/A;N/A;N/A;N/A;N/A
Renault;Scénic;"Extra Full";2009;"188000 km";;SHOPPINGDEUSADOSSALTO;9300;;;;;Salto;https://auto.mercadolibre.com.uy/MLU-697849190-renault-scenic-extra-full-20-2009-muy-buen-estado-_JM;N/A;;"Renault Scénic Extra Full 2.0 2009 Muy Buen Estado!";USD;Sí;silver;false;N/A;N/A;http://perfil.mercadolibre.com.uy/SHOPPINGDEUSADOSSALTO;active;N/A;N/A;Usado;"Gris oscuro";N/A;Hidráulica;Delantera;Sí;Sí;Sí;N/A;N/A;N/A;Sí;Sí;N/A;N/A;N/A;N/A;Sí;N/A;N/A;N/A;N/A;N/A;N/A;N/A;N/A;N/A;N/A;N/A;N/A;N/A;"2000 cc";N/A;5;N/A;N/A;N/A;N/A;N/A;N/A;N/A;N/A;N/A;N/A;N/A;N/A;N/A;N/A;N/A;N/A;N/A;N/A;N/A;N/A;N/A;N/A;N/A;Sí;N/A;N/A;N/A;N/A;N/A;N/A;N/A;N/A;N/A;N/A;N/A;N/A;N/A;N/A;N/A;N/A;N/A;N/A;N/A;N/A;N/A;N/A;N/A;N/A;N/A;N/A;N/A;N/A;N/A;N/A;N/A;N/A;N/A;"9 km/l";N/A;N/A;N/A;N/A;N/A;N/A;N/A;Sí;N/A;N/A;"14 km/l";N/A;N/A;N/A;N/A;Sí;"Lun a Vie de 8:30 a 12:30 y 14:30 a 18:30. Sáb de 9 a 13 hs";5;2.0;Nafta;Manual;Hatchback;"Autos y camionetas";No;N/A;N/A;N/A;No;N/A;N/A;No;Sí;No;No;N/A;N/A;N/A;N/A;N/A;N/A;N/A;N/A;N/A;N/A;N/A;N/A;N/A;N/A;N/A;N/A;N/A;N/A;N/A;N/A;N/A;N/A;N/A;N/A;N/A;N/A;N/A;N/A;N/A;N/A;N/A;N/A;N/A;N/A;N/A;N/A;N/A;N/A;N/A;N/A;N/A;N/A;N/A;N/A;N/A;N/A;N/A;N/A;N/A;N/A;N/A;No;N/A;N/A;N/A;N/A;N/A;N/A;N/A;N/A;N/A;N/A;N/A;N/A;N/A;N/A;N/A;N/A;N/A;N/A;N/A;N/A;N/A;N/A;N/A;N/A;N/A;N/A;N/A;N/A;N/A;N/A;N/A;N/A;N/A;Sí;N/A;Sí;N/A;Sí;N/A;Sí;N/A;Sí;Sí;N/A;N/A;N/A;N/A;N/A;N/A;N/A;N/A;Sí;Sí;Sí;Sí;N/A;Sí;Sí;Sí
Renault;Kardian;"1.0 Tce Evolution";2024;"0 km";;"OMAR CASTROAUTOMOVILES";26990;;;;;Salto;https://auto.mercadolibre.com.uy/MLU-696621196-renault-kardian-evolution-_JM;N/A;;"Renault Kardian Evolution ";usd;Sí;silver;false;N/A;N/A;http://perfil.mercadolibre.com.uy/OMAR+CASTROAUTOMOVILES;active;N/A;N/A;Nuevo;Blanco;N/A;N/A;Delantera;N/A;N/A;N/A;N/A;N/A;N/A;N/A;N/A;N/A;N/A;N/A;N/A;N/A;N/A;N/A;N/A;N/A;N/A;N/A;N/A;N/A;N/A;N/A;N/A;N/A;"2600 mm";"1 L";"50 L";6;N/A;N/A;N/A;N/A;N/A;N/A;N/A;N/A;N/A;N/A;N/A;N/A;N/A;N/A;N/A;N/A;N/A;N/A;N/A;N/A;N/A;N/A;N/A;N/A;N/A;N/A;N/A;N/A;N/A;N/A;N/A;N/A;N/A;N/A;N/A;N/A;N/A;N/A;N/A;N/A;N/A;N/A;N/A;N/A;N/A;"1545 mm";"4120 mm";N/A;N/A;N/A;N/A;5;"120 hp";Evolution;N/A;N/A;"1750 mm";N/A;N/A;N/A;N/A;N/A;N/A;N/A;N/A;N/A;N/A;N/A;N/A;N/A;N/A;N/A;N/A;N/A;"Lunes a viernes de 08:00 a 12:00, y de 14:45 a 18:45, Sabados 08:30 a 12:30";5;1.0;Nafta;Automática;N/A;"Autos y camionetas";N/A;N/A;N/A;N/A;N/A;N/A;UY;N/A;N/A;N/A;N/A;N/A;N/A;N/A;N/A;N/A;N/A;N/A;N/A;N/A;N/A;N/A;N/A;N/A;N/A;N/A;N/A;N/A;N/A;N/A;N/A;N/A;N/A;N/A;N/A;N/A;N/A;N/A;N/A;N/A;N/A;N/A;N/A;N/A;N/A;N/A;N/A;N/A;N/A;N/A;N/A;N/A;N/A;N/A;N/A;N/A;N/A;N/A;N/A;N/A;N/A;N/A;N/A;N/A;N/A;N/A;N/A;N/A;N/A;N/A;N/A;N/A;N/A;N/A;N/A;N/A;N/A;N/A;N/A;N/A;N/A;N/A;N/A;N/A;N/A;N/A;N/A;N/A;N/A;N/A;N/A;N/A;N/A;N/A;N/A;N/A;N/A;N/A;N/A;N/A;N/A;N/A;N/A;N/A;N/A;N/A;N/A;N/A;N/A;N/A;N/A;N/A;N/A;N/A;N/A;N/A;N/A;N/A;N/A;N/A;N/A;N/A
Renault;Kwid;Zen;2025;"0 km";;SEREYCIA.;14690;;;;;Durazno;https://auto.mercadolibre.com.uy/MLU-677680870-renault-kwid-zen-10-2025-0km-_JM;N/A;;"Renault Kwid Zen 1.0 2025 0km";USD;Sí;silver;false;N/A;N/A;http://perfil.mercadolibre.com.uy/SEREYCIA.;active;N/A;N/A;Nuevo;Rojo;N/A;Eléctrica;N/A;Sí;Sí;N/A;N/A;N/A;N/A;Sí;N/A;N/A;N/A;Sí;N/A;Sí;N/A;N/A;N/A;N/A;N/A;N/A;N/A;N/A;N/A;N/A;N/A;N/A;N/A;"1000 cc";N/A;5;N/A;N/A;N/A;N/A;N/A;N/A;N/A;N/A;N/A;N/A;N/A;N/A;N/A;N/A;N/A;N/A;N/A;N/A;N/A;N/A;N/A;N/A;N/A;N/A;N/A;Sí;N/A;N/A;N/A;N/A;N/A;N/A;N/A;N/A;N/A;N/A;N/A;N/A;N/A;N/A;N/A;N/A;N/A;N/A;N/A;N/A;N/A;N/A;N/A;N/A;N/A;N/A;N/A;Zen;N/A;N/A;N/A;N/A;N/A;N/A;N/A;Sí;N/A;Sí;Sí;Sí;N/A;N/A;N/A;N/A;N/A;N/A;N/A;Sí;"Lun. a Vie. 8:30 a 12 y 14 a 19 hs. Sáb. 8:30 a 12 hs.";5;1.0;Nafta;Manual;Hatchback;"Autos y camionetas";No;N/A;N/A;N/A;No;N/A;N/A;No;Sí;No;No;N/A;N/A;N/A;N/A;N/A;N/A;N/A;N/A;N/A;N/A;N/A;N/A;N/A;N/A;N/A;N/A;N/A;N/A;N/A;N/A;N/A;N/A;N/A;N/A;N/A;N/A;N/A;N/A;N/A;N/A;N/A;N/A;Sí;N/A;N/A;N/A;N/A;N/A;N/A;N/A;N/A;N/A;N/A;N/A;N/A;N/A;N/A;N/A;N/A;N/A;Sí;No;N/A;N/A;N/A;N/A;N/A;N/A;N/A;N/A;N/A;N/A;N/A;N/A;N/A;N/A;N/A;N/A;N/A;N/A;N/A;N/A;N/A;N/A;N/A;N/A;N/A;N/A;N/A;N/A;N/A;N/A;N/A;N/A;N/A;Sí;N/A;N/A;N/A;Sí;N/A;Sí;N/A;N/A;Sí;N/A;N/A;N/A;N/A;Sí;N/A;N/A;N/A;Sí;Sí;Sí;N/A;N/A;N/A;N/A;Sí
Renault;Duster;"1.6 16v OUTSIDER TOPA GAMA";2024;"0 km";;SEREYCIA.;27490;;;;;Durazno;https://auto.mercadolibre.com.uy/MLU-677593478-renault-duster-16-16v-outsider-topa-gama-16-2024-0km-_JM;N/A;;"Renault Duster 1.6 16v Outsider Topa Gama 1.6 2024 0km";usd;Sí;silver;false;N/A;N/A;http://perfil.mercadolibre.com.uy/SEREYCIA.;active;N/A;N/A;Nuevo;Plateado;N/A;Eléctrica;N/A;N/A;N/A;Sí;N/A;N/A;N/A;N/A;N/A;N/A;N/A;N/A;N/A;N/A;N/A;N/A;N/A;N/A;N/A;N/A;N/A;N/A;N/A;N/A;N/A;N/A;N/A;"1598 cc";N/A;6;N/A;N/A;N/A;N/A;N/A;N/A;N/A;N/A;N/A;N/A;N/A;N/A;N/A;N/A;N/A;N/A;N/A;N/A;N/A;N/A;N/A;N/A;N/A;N/A;N/A;N/A;N/A;N/A;N/A;N/A;N/A;N/A;N/A;N/A;N/A;N/A;N/A;N/A;N/A;N/A;N/A;N/A;N/A;N/A;N/A;N/A;N/A;N/A;N/A;N/A;N/A;N/A;"118 hp";N/A;N/A;N/A;N/A;N/A;N/A;N/A;N/A;N/A;N/A;N/A;N/A;N/A;N/A;N/A;N/A;N/A;N/A;N/A;N/A;N/A;"Lun. a Vie. 8:30 a 12 y 14 a 19 hs. Sáb. 8:30 a 12 hs.";5;1.6;Nafta;Automática;SUV;"Autos y camionetas";No;N/A;N/A;N/A;No;N/A;UY;No;Sí;No;No;N/A;N/A;N/A;N/A;N/A;N/A;N/A;N/A;N/A;N/A;N/A;N/A;N/A;N/A;N/A;N/A;N/A;N/A;N/A;N/A;N/A;N/A;N/A;N/A;N/A;N/A;N/A;N/A;N/A;N/A;N/A;N/A;Sí;N/A;N/A;N/A;N/A;N/A;N/A;N/A;N/A;N/A;N/A;N/A;N/A;N/A;N/A;N/A;N/A;N/A;Sí;No;N/A;N/A;N/A;N/A;N/A;N/A;N/A;N/A;N/A;N/A;N/A;N/A;N/A;N/A;N/A;N/A;N/A;N/A;N/A;N/A;N/A;N/A;N/A;N/A;N/A;N/A;N/A;N/A;N/A;N/A;N/A;N/A;N/A;N/A;N/A;N/A;N/A;N/A;N/A;N/A;N/A;N/A;N/A;N/A;N/A;N/A;N/A;N/A;N/A;N/A;N/A;N/A;N/A;N/A;N/A;N/A;N/A;N/A;N/A
Renault;"Kangoo Express";"CONFORT 2A";2024;"0 km";;WAVEAUTOMOTORES;22500;;;;;Paysandú;https://auto.mercadolibre.com.uy/MLU-675963930-nueva-kangoo-express-confort-2a-_JM;N/A;;"Nueva Kangoo Express Confort 2a";USD;Sí;silver;false;N/A;N/A;http://perfil.mercadolibre.com.uy/WAVEAUTOMOTORES;active;N/A;N/A;Nuevo;Gris;N/A;Eléctrica;4x2;N/A;N/A;N/A;N/A;N/A;N/A;N/A;N/A;N/A;N/A;N/A;N/A;N/A;N/A;N/A;N/A;N/A;N/A;N/A;N/A;N/A;N/A;N/A;N/A;N/A;N/A;N/A;N/A;N/A;N/A;N/A;N/A;N/A;N/A;N/A;N/A;N/A;N/A;N/A;N/A;N/A;N/A;N/A;N/A;N/A;N/A;N/A;N/A;N/A;N/A;N/A;N/A;N/A;N/A;N/A;N/A;N/A;N/A;N/A;N/A;N/A;N/A;N/A;N/A;N/A;N/A;N/A;N/A;N/A;N/A;N/A;N/A;N/A;N/A;N/A;N/A;N/A;N/A;N/A;N/A;N/A;N/A;N/A;N/A;N/A;N/A;N/A;N/A;N/A;N/A;N/A;N/A;N/A;Sí;N/A;N/A;N/A;N/A;N/A;N/A;N/A;N/A;N/A;N/A;5;1.6;Nafta;Manual;Furgón;"Autos y camionetas";N/A;N/A;N/A;N/A;N/A;N/A;N/A;N/A;N/A;N/A;N/A;N/A;N/A;N/A;N/A;N/A;N/A;N/A;N/A;N/A;N/A;N/A;N/A;N/A;N/A;N/A;N/A;N/A;N/A;N/A;N/A;N/A;N/A;N/A;N/A;N/A;N/A;N/A;N/A;N/A;N/A;N/A;N/A;N/A;N/A;N/A;N/A;N/A;N/A;N/A;N/A;N/A;N/A;N/A;N/A;N/A;N/A;N/A;N/A;N/A;N/A;N/A;N/A;N/A;N/A;N/A;N/A;N/A;N/A;N/A;N/A;N/A;N/A;N/A;N/A;N/A;N/A;N/A;N/A;N/A;N/A;N/A;N/A;N/A;N/A;N/A;N/A;N/A;N/A;N/A;N/A;N/A;N/A;N/A;N/A;N/A;N/A;N/A;N/A;N/A;N/A;N/A;N/A;N/A;N/A;N/A;N/A;N/A;N/A;N/A;N/A;N/A;N/A;N/A;N/A;N/A;N/A;N/A;N/A;N/A;N/A;N/A
Renault;"Duster Oroch";"1.6 Outsider";2023;"0 km";;WAVEAUTOMOTORES;25000;;;;;Paysandú;https://auto.mercadolibre.com.uy/MLU-706167882-renault-oroch-intense-outsider-_JM;N/A;;"Renault Oroch Intense Outsider";usd;Sí;silver;false;N/A;N/A;http://perfil.mercadolibre.com.uy/WAVEAUTOMOTORES;active;N/A;N/A;Nuevo;Blanco;N/A;N/A;4x2;N/A;N/A;Sí;N/A;N/A;N/A;N/A;N/A;N/A;N/A;N/A;N/A;N/A;N/A;N/A;N/A;N/A;N/A;N/A;N/A;N/A;N/A;N/A;N/A;N/A;"2829 mm";"1.6 L";"50 L";5;N/A;N/A;N/A;N/A;N/A;N/A;N/A;N/A;N/A;N/A;N/A;N/A;N/A;N/A;N/A;N/A;N/A;N/A;N/A;N/A;N/A;N/A;N/A;N/A;N/A;N/A;N/A;N/A;N/A;N/A;N/A;N/A;N/A;N/A;N/A;N/A;N/A;N/A;N/A;N/A;N/A;N/A;N/A;N/A;N/A;"1683 mm";"4329 mm";N/A;N/A;N/A;N/A;5;"110 hp";Outsider;N/A;4;"1821 mm";"11.1 km/l";N/A;N/A;N/A;N/A;N/A;N/A;N/A;N/A;N/A;N/A;"10.4 km/l";N/A;N/A;N/A;N/A;N/A;N/A;4;1.6;Nafta;Manual;SUV;"Autos y camionetas";N/A;N/A;N/A;N/A;N/A;N/A;UY;N/A;N/A;N/A;N/A;N/A;N/A;N/A;N/A;N/A;N/A;N/A;N/A;N/A;N/A;N/A;N/A;N/A;N/A;N/A;N/A;N/A;N/A;N/A;N/A;N/A;N/A;N/A;N/A;N/A;N/A;N/A;N/A;N/A;N/A;N/A;N/A;N/A;N/A;N/A;N/A;N/A;N/A;N/A;N/A;N/A;N/A;N/A;N/A;N/A;N/A;N/A;N/A;N/A;N/A;N/A;N/A;N/A;N/A;N/A;N/A;N/A;N/A;N/A;N/A;N/A;N/A;N/A;N/A;N/A;N/A;N/A;N/A;N/A;N/A;N/A;N/A;N/A;N/A;N/A;N/A;N/A;N/A;N/A;N/A;N/A;N/A;N/A;N/A;N/A;N/A;N/A;N/A;N/A;N/A;N/A;N/A;N/A;N/A;N/A;N/A;N/A;N/A;N/A;N/A;N/A;N/A;N/A;N/A;N/A;N/A;N/A;N/A;N/A;N/A;N/A
Renault;Duster;"1.6 16v Intens Cvt";2021;"100000 km";;SANTI0012006;17200;;;;;Goes;https://auto.mercadolibre.com.uy/MLU-706233978-renault-duster-16-16v-intens-cvt-_JM;N/A;;"Renault Duster 1.6 16v Intens Cvt";usd;Sí;silver;false;N/A;N/A;http://perfil.mercadolibre.com.uy/SANTI0012006;active;N/A;N/A;Usado;Plateado;Sí;Asistida;4x2;Sí;Sí;Sí;N/A;N/A;N/A;N/A;N/A;Sí;N/A;N/A;Sí;Sí;N/A;Sí;N/A;N/A;N/A;N/A;N/A;N/A;N/A;N/A;N/A;N/A;"2674 mm";"1.6 L";"50 L";6;N/A;N/A;N/A;N/A;N/A;Sí;N/A;N/A;N/A;N/A;N/A;N/A;N/A;N/A;N/A;N/A;N/A;N/A;N/A;N/A;N/A;N/A;N/A;N/A;N/A;N/A;N/A;N/A;N/A;Sí;N/A;N/A;N/A;N/A;N/A;N/A;N/A;N/A;N/A;N/A;N/A;N/A;N/A;N/A;N/A;"1683 mm";"4329 mm";N/A;N/A;N/A;N/A;5;"118 hp";Intens;N/A;4;"1822 mm";"11.1 km/l";N/A;N/A;Sí;Sí;N/A;Sí;Sí;N/A;N/A;N/A;"10.4 km/l";N/A;N/A;N/A;N/A;Sí;N/A;5;1.6;Nafta;Automática;SUV;"Autos y camionetas";N/A;N/A;N/A;N/A;N/A;N/A;UY;N/A;Sí;N/A;N/A;N/A;N/A;N/A;N/A;N/A;N/A;N/A;N/A;N/A;N/A;N/A;N/A;N/A;Sí;N/A;N/A;N/A;N/A;N/A;N/A;N/A;N/A;N/A;N/A;N/A;N/A;N/A;N/A;N/A;N/A;N/A;N/A;N/A;N/A;N/A;N/A;N/A;N/A;N/A;N/A;N/A;N/A;N/A;N/A;N/A;N/A;N/A;N/A;N/A;N/A;N/A;N/A;N/A;N/A;N/A;N/A;N/A;N/A;N/A;N/A;N/A;N/A;N/A;N/A;N/A;N/A;N/A;N/A;N/A;N/A;N/A;N/A;N/A;N/A;N/A;N/A;N/A;N/A;N/A;N/A;N/A;N/A;N/A;N/A;N/A;Sí;Sí;Sí;N/A;Sí;N/A;N/A;N/A;N/A;Sí;Sí;Sí;Sí;N/A;N/A;Sí;Sí;Sí;Sí;Sí;Sí;N/A;N/A;Sí;N/A;Sí
Renault;Clio;"1.2 Authentique Pack Ii 75cv";2011;"90350 km";;"AUTOMOTORA MARMOLEJO";9000;;;;;Minas;https://auto.mercadolibre.com.uy/MLU-706072820-renault-clio-12-authentique-pack-ii-75cv-_JM;N/A;;"Renault Clio 1.2 Authentique Pack Ii 75cv";usd;Sí;silver;false;N/A;N/A;http://perfil.mercadolibre.com.uy/AUTOMOTORA+MARMOLEJO;active;N/A;N/A;Usado;Plateado;N/A;Hidráulica;Delantera;N/A;N/A;N/A;N/A;N/A;N/A;N/A;N/A;N/A;N/A;N/A;N/A;N/A;N/A;N/A;N/A;N/A;N/A;N/A;N/A;N/A;N/A;N/A;N/A;N/A;"2472 mm";"1.2 L";"50 L";5;N/A;N/A;N/A;N/A;N/A;N/A;N/A;N/A;N/A;N/A;N/A;N/A;N/A;N/A;N/A;N/A;N/A;N/A;N/A;N/A;N/A;N/A;N/A;N/A;N/A;N/A;N/A;N/A;N/A;N/A;N/A;N/A;N/A;Sí;N/A;N/A;N/A;N/A;N/A;N/A;N/A;N/A;N/A;N/A;N/A;"1417 mm";"3813 mm";N/A;N/A;N/A;N/A;5;"75 hp";Authentique;N/A;4;"1639 mm";N/A;N/A;N/A;N/A;Sí;N/A;N/A;N/A;N/A;N/A;N/A;N/A;N/A;N/A;N/A;N/A;N/A;"Lunes a Viernes de 8:30 a12:00hs y de 14:30 a 19:00hs, Sabados de 9:00 a 12:00hs.";3;1.2;Nafta;Manual;Hatchback;"Autos y camionetas";N/A;N/A;N/A;N/A;N/A;N/A;UY;N/A;N/A;N/A;N/A;N/A;N/A;N/A;N/A;N/A;N/A;N/A;N/A;N/A;N/A;N/A;N/A;N/A;N/A;N/A;N/A;N/A;N/A;N/A;N/A;N/A;N/A;N/A;N/A;N/A;N/A;N/A;N/A;N/A;N/A;N/A;N/A;N/A;N/A;N/A;N/A;N/A;N/A;N/A;N/A;N/A;N/A;N/A;N/A;N/A;N/A;N/A;N/A;N/A;N/A;N/A;N/A;N/A;N/A;N/A;N/A;N/A;N/A;N/A;N/A;N/A;N/A;N/A;N/A;N/A;N/A;N/A;N/A;N/A;N/A;N/A;N/A;N/A;N/A;N/A;N/A;N/A;N/A;N/A;N/A;N/A;N/A;N/A;N/A;N/A;N/A;N/A;N/A;N/A;N/A;N/A;N/A;N/A;N/A;N/A;N/A;N/A;N/A;N/A;N/A;N/A;Sí;N/A;N/A;N/A;N/A;N/A;N/A;N/A;N/A;N/A
Renault;Sandero;"1.6 Authentique 90cv";2019;"98000 km";;IGIR20240308121442;10900;;;;;"Villa García";https://auto.mercadolibre.com.uy/MLU-706214758-renault-sandero-16-authentique-90cv-_JM;N/A;;"Renault Sandero 1.6 Authentique 90cv";usd;Sí;silver;false;N/A;N/A;http://perfil.mercadolibre.com.uy/IGIR20240308121442;active;N/A;N/A;Usado;Blanco;N/A;Hidráulica;Delantera;N/A;N/A;N/A;N/A;N/A;N/A;N/A;N/A;N/A;N/A;N/A;N/A;N/A;N/A;N/A;N/A;N/A;N/A;N/A;N/A;N/A;N/A;N/A;N/A;N/A;"2590 mm";"1.6 L";"50 L";5;N/A;N/A;N/A;N/A;N/A;N/A;N/A;N/A;N/A;N/A;N/A;N/A;N/A;N/A;N/A;N/A;N/A;N/A;N/A;N/A;N/A;N/A;N/A;N/A;N/A;N/A;N/A;N/A;N/A;N/A;N/A;N/A;N/A;N/A;N/A;N/A;N/A;N/A;N/A;N/A;N/A;N/A;N/A;N/A;N/A;"1528 mm";"4023 mm";N/A;N/A;N/A;N/A;5;"90 hp";Authentique;N/A;2;"1733 mm";"10 km/l";N/A;N/A;N/A;Sí;N/A;N/A;N/A;N/A;N/A;N/A;"5.8 km/l";N/A;N/A;N/A;N/A;N/A;N/A;5;1.6;Nafta;Manual;Hatchback;"Autos y camionetas";N/A;N/A;N/A;N/A;N/A;N/A;UY;N/A;N/A;N/A;N/A;N/A;N/A;N/A;N/A;N/A;N/A;N/A;N/A;N/A;N/A;N/A;N/A;N/A;N/A;N/A;N/A;N/A;N/A;N/A;N/A;N/A;N/A;N/A;N/A;N/A;N/A;N/A;N/A;N/A;N/A;N/A;N/A;N/A;N/A;N/A;N/A;N/A;N/A;N/A;N/A;N/A;N/A;N/A;N/A;N/A;N/A;N/A;N/A;N/A;N/A;N/A;N/A;N/A;N/A;N/A;N/A;N/A;N/A;N/A;N/A;N/A;N/A;N/A;N/A;N/A;N/A;N/A;N/A;N/A;N/A;N/A;N/A;N/A;N/A;N/A;N/A;N/A;N/A;N/A;N/A;N/A;N/A;N/A;N/A;N/A;N/A;N/A;N/A;N/A;N/A;N/A;N/A;N/A;N/A;N/A;N/A;N/A;N/A;N/A;N/A;N/A;Sí;N/A;N/A;N/A;N/A;N/A;N/A;Sí;N/A;N/A
Renault;Kwid;"1.0 Sce 66cv Intense";2022;"64662 km";;"AUTOMOTORA MARMOLEJO";12000;;;;;Minas;https://auto.mercadolibre.com.uy/MLU-705287972-renault-kwid-10-sce-66cv-intense-_JM;N/A;;"Renault Kwid 1.0 Sce 66cv Intense";usd;Sí;silver;false;N/A;N/A;http://perfil.mercadolibre.com.uy/AUTOMOTORA+MARMOLEJO;active;N/A;N/A;Usado;Rojo;Sí;Asistida;Delantera;Sí;N/A;Sí;N/A;N/A;Sí;N/A;N/A;N/A;N/A;N/A;N/A;Sí;N/A;N/A;N/A;N/A;N/A;N/A;N/A;N/A;N/A;N/A;N/A;N/A;"2423 mm";"1 L";"50 L";5;N/A;N/A;N/A;N/A;N/A;N/A;N/A;N/A;N/A;N/A;N/A;N/A;N/A;N/A;N/A;N/A;N/A;N/A;N/A;N/A;N/A;N/A;N/A;N/A;N/A;N/A;N/A;N/A;N/A;N/A;N/A;N/A;N/A;N/A;N/A;N/A;N/A;N/A;N/A;N/A;N/A;N/A;N/A;N/A;N/A;"1474 mm";"3680 mm";N/A;N/A;N/A;N/A;5;"66 hp";Intense;N/A;4;"1752 mm";N/A;N/A;N/A;N/A;Sí;N/A;N/A;Sí;N/A;N/A;N/A;N/A;N/A;N/A;N/A;N/A;N/A;"Lunes a Viernes de 8:30 a12:00hs y de 14:30 a 19:00hs, Sabados de 9:00 a 12:00hs.";5;1.0;Nafta;Manual;Hatchback;"Autos y camionetas";N/A;N/A;N/A;N/A;N/A;N/A;UY;N/A;N/A;N/A;N/A;N/A;N/A;N/A;N/A;N/A;N/A;N/A;N/A;N/A;N/A;N/A;N/A;N/A;N/A;N/A;N/A;N/A;N/A;N/A;N/A;N/A;N/A;N/A;N/A;N/A;N/A;N/A;N/A;N/A;N/A;N/A;N/A;N/A;N/A;N/A;N/A;N/A;N/A;N/A;N/A;N/A;N/A;N/A;N/A;N/A;N/A;N/A;N/A;N/A;N/A;N/A;N/A;N/A;N/A;N/A;N/A;N/A;N/A;N/A;N/A;N/A;N/A;N/A;N/A;N/A;N/A;N/A;N/A;N/A;N/A;N/A;N/A;N/A;N/A;N/A;N/A;N/A;N/A;N/A;N/A;N/A;N/A;N/A;N/A;N/A;Sí;Sí;N/A;N/A;Sí;N/A;N/A;N/A;N/A;Sí;N/A;N/A;N/A;N/A;N/A;N/A;N/A;N/A;N/A;N/A;N/A;N/A;N/A;N/A;N/A;N/A
Renault;Sandero;"1.0 Life";2023;"37000 km";;"JHONNY_PERERA AUTOMOVILES";15300;;;;;"Rafael Perazza";https://auto.mercadolibre.com.uy/MLU-647469071-renault-sandero-10-life-_JM;N/A;;"Renault Sandero 1.0 Life";usd;Sí;silver;false;N/A;N/A;http://perfil.mercadolibre.com.uy/JHONNY_PERERA+AUTOMOVILES;active;N/A;N/A;Usado;Blanco;N/A;Hidráulica;Delantera;N/A;N/A;Sí;N/A;N/A;N/A;N/A;N/A;N/A;N/A;N/A;N/A;N/A;N/A;N/A;N/A;N/A;N/A;N/A;N/A;N/A;N/A;N/A;N/A;N/A;"2590 mm";"1 L";"50 L";5;N/A;N/A;N/A;N/A;N/A;N/A;N/A;N/A;N/A;N/A;N/A;N/A;N/A;N/A;N/A;N/A;N/A;N/A;N/A;N/A;N/A;N/A;N/A;N/A;N/A;N/A;N/A;N/A;N/A;N/A;N/A;N/A;N/A;Sí;Sí;Sí;N/A;N/A;N/A;N/A;N/A;N/A;N/A;N/A;N/A;"1559 mm";"4066 mm";N/A;N/A;N/A;N/A;5;"66 hp";Life;N/A;4;"1761 mm";"9.3 km/l";Sí;N/A;N/A;N/A;N/A;N/A;Sí;N/A;N/A;N/A;"5.9 km/l";N/A;N/A;N/A;N/A;N/A;N/A;5;1.0;Nafta;Manual;Hatchback;"Autos y camionetas";N/A;N/A;N/A;N/A;N/A;N/A;UY;N/A;N/A;N/A;N/A;N/A;N/A;N/A;N/A;N/A;N/A;N/A;N/A;N/A;N/A;N/A;N/A;N/A;N/A;N/A;N/A;N/A;N/A;N/A;N/A;N/A;N/A;N/A;N/A;N/A;N/A;N/A;N/A;N/A;N/A;N/A;N/A;N/A;N/A;N/A;N/A;N/A;N/A;N/A;N/A;N/A;N/A;N/A;N/A;N/A;N/A;N/A;N/A;N/A;N/A;N/A;N/A;N/A;N/A;N/A;N/A;N/A;N/A;N/A;N/A;N/A;N/A;N/A;N/A;N/A;N/A;N/A;N/A;N/A;N/A;N/A;N/A;N/A;N/A;N/A;N/A;N/A;N/A;N/A;N/A;N/A;N/A;N/A;N/A;N/A;N/A;N/A;N/A;N/A;N/A;N/A;N/A;N/A;N/A;N/A;N/A;N/A;N/A;N/A;N/A;N/A;N/A;N/A;N/A;N/A;N/A;N/A;N/A;N/A;N/A;N/A
Renault;Duster;"1.6 16v Intens Cvt";2022;"16850 km";;FERU82;25500;;;;;"Punta Carretas";https://auto.mercadolibre.com.uy/MLU-704799988-renault-duster-16-16v-intens-cvt-_JM;N/A;;"Renault Duster 1.6 16v Intens Cvt";usd;Sí;silver;false;N/A;N/A;http://perfil.mercadolibre.com.uy/FERU82;active;N/A;N/A;Usado;Marrón;Sí;Hidráulica;4x2;N/A;N/A;Sí;N/A;N/A;N/A;N/A;N/A;N/A;N/A;N/A;N/A;N/A;N/A;N/A;N/A;N/A;N/A;N/A;N/A;N/A;N/A;N/A;N/A;N/A;"2674 mm";"1.6 L";"50 L";6;N/A;N/A;N/A;N/A;N/A;N/A;N/A;N/A;N/A;N/A;N/A;N/A;N/A;N/A;N/A;N/A;N/A;N/A;N/A;N/A;N/A;N/A;N/A;N/A;N/A;N/A;N/A;N/A;N/A;N/A;N/A;N/A;N/A;N/A;N/A;N/A;N/A;N/A;N/A;N/A;N/A;N/A;N/A;N/A;N/A;"1683 mm";"4329 mm";N/A;N/A;N/A;N/A;5;"118 hp";Intens;N/A;4;"1822 mm";"11.1 km/l";N/A;N/A;N/A;N/A;N/A;N/A;N/A;N/A;N/A;N/A;"10.4 km/l";N/A;N/A;N/A;N/A;N/A;"8 a 22hs";5;1.6;Nafta;Automática;SUV;"Autos y camionetas";N/A;N/A;N/A;N/A;N/A;N/A;UY;N/A;N/A;N/A;N/A;N/A;N/A;N/A;N/A;N/A;N/A;N/A;N/A;N/A;N/A;N/A;N/A;N/A;N/A;N/A;N/A;N/A;N/A;N/A;N/A;N/A;N/A;N/A;N/A;N/A;N/A;N/A;N/A;N/A;N/A;N/A;N/A;N/A;N/A;N/A;N/A;N/A;N/A;N/A;N/A;N/A;N/A;N/A;N/A;N/A;N/A;N/A;N/A;N/A;N/A;N/A;N/A;N/A;N/A;N/A;N/A;N/A;N/A;N/A;N/A;N/A;N/A;N/A;N/A;N/A;N/A;N/A;N/A;N/A;N/A;N/A;N/A;N/A;N/A;N/A;N/A;N/A;N/A;N/A;N/A;N/A;N/A;N/A;N/A;N/A;N/A;N/A;N/A;N/A;N/A;N/A;N/A;N/A;N/A;N/A;N/A;N/A;N/A;N/A;N/A;N/A;N/A;N/A;N/A;N/A;N/A;N/A;N/A;N/A;N/A;N/A
Renault;Fluence;"Privilege plus 2.0";2014;"230000 km";;"OLIVERA AUTOMOTORES";12500;;;;;Salto;https://auto.mercadolibre.com.uy/MLU-704320046-renault-fluence-privilege-plus-20-_JM;N/A;;"Renault Fluence Privilege Plus 2.0 ";usd;Sí;silver;false;N/A;N/A;http://perfil.mercadolibre.com.uy/OLIVERA+AUTOMOTORES;active;N/A;N/A;Usado;Azul;N/A;Hidráulica;Delantera;Sí;N/A;Sí;N/A;N/A;N/A;N/A;N/A;Sí;N/A;N/A;N/A;N/A;N/A;N/A;N/A;N/A;N/A;N/A;N/A;N/A;N/A;N/A;N/A;N/A;"2700 mm";"2 L";"60 L";6;N/A;N/A;N/A;N/A;N/A;N/A;N/A;N/A;N/A;Sí;N/A;N/A;N/A;N/A;N/A;N/A;N/A;N/A;N/A;N/A;N/A;N/A;N/A;N/A;N/A;N/A;N/A;N/A;N/A;N/A;N/A;N/A;N/A;Sí;Sí;N/A;N/A;N/A;N/A;N/A;N/A;N/A;N/A;N/A;N/A;"1479 mm";"4618 mm";N/A;N/A;N/A;N/A;5;"143 hp";Privilege;N/A;4;"1810 mm";"11 km/l";N/A;N/A;Sí;Sí;N/A;N/A;Sí;N/A;N/A;N/A;"6.2 km/l";N/A;N/A;N/A;N/A;N/A;N/A;5;2.0;Nafta;Manual;Sedán;"Autos y camionetas";N/A;N/A;N/A;N/A;N/A;N/A;UY;N/A;Sí;N/A;N/A;N/A;N/A;N/A;N/A;N/A;N/A;N/A;N/A;N/A;N/A;N/A;N/A;N/A;N/A;N/A;N/A;N/A;N/A;N/A;N/A;N/A;N/A;N/A;N/A;N/A;N/A;N/A;N/A;N/A;N/A;N/A;N/A;N/A;N/A;N/A;N/A;N/A;N/A;N/A;N/A;N/A;N/A;N/A;N/A;N/A;N/A;N/A;N/A;N/A;N/A;N/A;N/A;N/A;N/A;N/A;N/A;N/A;N/A;N/A;N/A;N/A;N/A;N/A;N/A;N/A;N/A;N/A;N/A;N/A;N/A;N/A;N/A;N/A;N/A;N/A;N/A;N/A;N/A;N/A;N/A;N/A;N/A;N/A;N/A;N/A;N/A;N/A;N/A;N/A;Sí;N/A;N/A;N/A;N/A;Sí;Sí;Sí;Sí;N/A;N/A;N/A;Sí;N/A;Sí;Sí;N/A;Sí;N/A;Sí;N/A;N/A
Renault;Symbol;"1.6 Expression Pack Ii 105cv";2012;"312439 km";;"OLIVERA AUTOMOTORES";8500;;;;;Salto;https://auto.mercadolibre.com.uy/MLU-704217248-renault-symbol-expression-16-full-_JM;N/A;;"Renault Symbol Expression 1.6 Full";usd;Sí;silver;false;N/A;N/A;http://perfil.mercadolibre.com.uy/OLIVERA+AUTOMOTORES;active;N/A;N/A;Usado;Gris;N/A;Hidráulica;Delantera;N/A;N/A;Sí;N/A;N/A;N/A;N/A;N/A;N/A;N/A;N/A;N/A;N/A;N/A;N/A;N/A;N/A;N/A;N/A;N/A;N/A;N/A;N/A;N/A;N/A;"2473 mm";"1.6 L";"50 L";5;N/A;N/A;N/A;N/A;N/A;N/A;N/A;N/A;N/A;N/A;N/A;N/A;N/A;N/A;N/A;N/A;N/A;N/A;N/A;N/A;N/A;N/A;N/A;N/A;N/A;N/A;N/A;N/A;N/A;N/A;N/A;N/A;N/A;N/A;N/A;N/A;N/A;N/A;N/A;N/A;N/A;N/A;N/A;N/A;N/A;"1439 mm";"4261 mm";N/A;N/A;N/A;N/A;5;"105 hp";Expression;N/A;4;"1672 mm";N/A;N/A;N/A;N/A;N/A;N/A;N/A;Sí;N/A;N/A;N/A;N/A;N/A;N/A;N/A;N/A;N/A;N/A;4;1.6;Nafta;Manual;Sedán;"Autos y camionetas";N/A;N/A;N/A;N/A;N/A;N/A;UY;N/A;N/A;N/A;N/A;N/A;N/A;N/A;N/A;N/A;N/A;N/A;N/A;N/A;N/A;N/A;N/A;N/A;N/A;N/A;N/A;N/A;N/A;N/A;N/A;N/A;N/A;N/A;N/A;N/A;N/A;N/A;N/A;N/A;N/A;N/A;N/A;N/A;N/A;N/A;N/A;N/A;N/A;N/A;N/A;N/A;N/A;N/A;N/A;N/A;N/A;N/A;N/A;N/A;N/A;N/A;N/A;N/A;N/A;N/A;N/A;N/A;N/A;N/A;N/A;N/A;N/A;N/A;N/A;N/A;N/A;N/A;N/A;N/A;N/A;N/A;N/A;N/A;N/A;N/A;N/A;N/A;N/A;N/A;N/A;N/A;N/A;N/A;N/A;N/A;N/A;N/A;N/A;N/A;N/A;N/A;N/A;N/A;N/A;N/A;N/A;N/A;N/A;N/A;N/A;N/A;N/A;N/A;N/A;N/A;N/A;N/A;N/A;Sí;N/A;N/A
Renault;Kangoo;"1.6 2 Authentique Da Aa Cd 1plc";2012;"135000 km";;ANDRESGONZALEZ006;8500;;;;;Cardona;https://auto.mercadolibre.com.uy/MLU-704186564-renault-kangoo-16-2-authentique-da-aa-cd-1plc-_JM;N/A;;"Renault Kangoo 1.6 2 Authentique Da Aa Cd 1plc";usd;Sí;silver;false;N/A;N/A;http://perfil.mercadolibre.com.uy/ANDRESGONZALEZ006;active;N/A;N/A;Usado;Plateado;No;Hidráulica;Delantera;Sí;N/A;N/A;N/A;N/A;N/A;N/A;N/A;N/A;N/A;N/A;N/A;N/A;N/A;N/A;N/A;N/A;N/A;N/A;N/A;N/A;N/A;N/A;N/A;N/A;"2600 mm";"1.6 L";"52 L";5;N/A;N/A;N/A;N/A;N/A;N/A;N/A;N/A;N/A;N/A;N/A;N/A;N/A;N/A;N/A;N/A;N/A;N/A;N/A;N/A;N/A;N/A;N/A;N/A;N/A;N/A;N/A;N/A;N/A;N/A;N/A;N/A;N/A;N/A;N/A;N/A;N/A;N/A;N/A;N/A;N/A;N/A;N/A;N/A;N/A;"1860 mm";"4010 mm";N/A;N/A;N/A;N/A;5;"95 hp";Authentique;N/A;4;"1672 mm";"11.09 km/l";N/A;N/A;N/A;N/A;N/A;N/A;Sí;N/A;N/A;N/A;N/A;N/A;N/A;N/A;N/A;N/A;N/A;4;1.6;Nafta;Automática;SUV;"Autos y camionetas";N/A;N/A;N/A;N/A;N/A;N/A;UY;N/A;N/A;N/A;N/A;N/A;N/A;N/A;N/A;N/A;N/A;N/A;N/A;N/A;N/A;N/A;N/A;N/A;N/A;N/A;N/A;N/A;N/A;N/A;N/A;N/A;N/A;N/A;N/A;N/A;N/A;N/A;N/A;N/A;N/A;N/A;N/A;N/A;N/A;N/A;N/A;N/A;N/A;N/A;N/A;N/A;N/A;N/A;N/A;N/A;N/A;N/A;N/A;N/A;N/A;N/A;N/A;N/A;N/A;N/A;N/A;N/A;N/A;N/A;N/A;N/A;N/A;N/A;N/A;N/A;N/A;N/A;N/A;N/A;N/A;N/A;N/A;N/A;N/A;N/A;N/A;N/A;N/A;N/A;N/A;N/A;N/A;N/A;N/A;N/A;Sí;N/A;N/A;N/A;Sí;N/A;N/A;N/A;N/A;N/A;N/A;N/A;N/A;N/A;N/A;N/A;N/A;N/A;N/A;N/A;N/A;N/A;N/A;N/A;N/A;N/A
Renault;Duster;"2.0 Ph2 4x4 Privilege 143cv";2015;"76000 km";;LOAN4378894;15500;;;;;"La Teja";https://auto.mercadolibre.com.uy/MLU-647389595-renault-duster-20-ph2-4x4-privilege-143cv-_JM;N/A;;"Renault Duster 2.0 Ph2 4x4 Privilege 143cv";usd;Sí;silver;false;N/A;N/A;http://perfil.mercadolibre.com.uy/LOAN4378894;active;N/A;N/A;Usado;Blanco;No;Hidráulica;4x4;N/A;N/A;Sí;N/A;N/A;N/A;N/A;N/A;N/A;N/A;N/A;N/A;N/A;N/A;N/A;N/A;N/A;N/A;N/A;N/A;N/A;N/A;N/A;N/A;N/A;"2673 mm";"2 L";"50 L";6;N/A;N/A;N/A;N/A;N/A;N/A;N/A;N/A;N/A;N/A;N/A;N/A;N/A;N/A;N/A;N/A;N/A;N/A;N/A;N/A;N/A;N/A;N/A;N/A;N/A;N/A;N/A;N/A;N/A;N/A;N/A;N/A;N/A;N/A;N/A;N/A;N/A;N/A;N/A;N/A;N/A;N/A;N/A;N/A;N/A;"1683 mm";"4329 mm";N/A;N/A;N/A;N/A;5;"143 hp";Privilege;N/A;4;"1822 mm";"10.8 km/l";N/A;N/A;N/A;N/A;N/A;N/A;N/A;N/A;N/A;N/A;N/A;N/A;N/A;N/A;N/A;N/A;"A coordinar de tarde.";5;2.0;Nafta;Manual;SUV;"Autos y camionetas";N/A;N/A;N/A;N/A;N/A;N/A;UY;N/A;N/A;N/A;N/A;N/A;N/A;N/A;N/A;N/A;N/A;N/A;N/A;N/A;N/A;N/A;N/A;N/A;N/A;N/A;N/A;N/A;N/A;N/A;N/A;N/A;N/A;N/A;N/A;N/A;N/A;N/A;N/A;N/A;N/A;N/A;N/A;N/A;N/A;N/A;N/A;N/A;N/A;N/A;N/A;N/A;N/A;N/A;N/A;N/A;N/A;N/A;N/A;N/A;N/A;N/A;N/A;N/A;N/A;N/A;N/A;N/A;N/A;N/A;N/A;N/A;N/A;N/A;N/A;N/A;N/A;N/A;N/A;N/A;N/A;N/A;N/A;N/A;N/A;N/A;N/A;N/A;N/A;N/A;N/A;N/A;N/A;N/A;N/A;N/A;N/A;N/A;N/A;N/A;N/A;N/A;N/A;N/A;N/A;N/A;N/A;N/A;N/A;N/A;N/A;N/A;N/A;N/A;N/A;N/A;N/A;N/A;N/A;N/A;N/A;N/A
Renault;Duster;"1.6 Ph2 4x2 Dynamique 110cv";2020;"87000 km";;VITACCAANDREA20211119210505;17000;;;;;Capurro;https://auto.mercadolibre.com.uy/MLU-646796829-renault-duster-16-ph2-4x2-dynamique-110cv-_JM;N/A;;"Renault Duster 1.6 Ph2 4x2 Dynamique 110cv";usd;Sí;silver;false;N/A;N/A;http://perfil.mercadolibre.com.uy/VITACCAANDREA20211119210505;active;N/A;N/A;Usado;Rojo;Sí;Hidráulica;4x2;Sí;Sí;Sí;N/A;N/A;N/A;N/A;N/A;N/A;N/A;N/A;N/A;N/A;N/A;N/A;N/A;N/A;N/A;N/A;N/A;N/A;N/A;N/A;N/A;N/A;"2674 mm";"1.6 L";"50 L";5;N/A;N/A;N/A;N/A;N/A;N/A;N/A;N/A;N/A;N/A;N/A;N/A;N/A;N/A;N/A;N/A;N/A;N/A;N/A;N/A;N/A;N/A;N/A;N/A;N/A;N/A;N/A;N/A;N/A;N/A;N/A;N/A;N/A;N/A;N/A;N/A;N/A;N/A;N/A;N/A;N/A;N/A;N/A;N/A;N/A;"1683 mm";"4329 mm";N/A;N/A;N/A;N/A;5;"110 hp";Dynamique;N/A;4;"1822 mm";"11.1 km/l";N/A;N/A;N/A;Sí;N/A;Sí;N/A;N/A;N/A;N/A;"10.4 km/l";N/A;Sí;N/A;N/A;N/A;N/A;5;1.6;Nafta;Manual;SUV;"Autos y camionetas";N/A;N/A;N/A;N/A;N/A;N/A;UY;N/A;N/A;N/A;N/A;N/A;N/A;N/A;N/A;N/A;N/A;N/A;N/A;N/A;N/A;N/A;N/A;N/A;N/A;N/A;N/A;N/A;N/A;N/A;N/A;N/A;N/A;N/A;N/A;N/A;N/A;N/A;N/A;N/A;N/A;N/A;N/A;N/A;N/A;N/A;N/A;N/A;N/A;N/A;N/A;N/A;N/A;N/A;N/A;N/A;N/A;N/A;N/A;N/A;N/A;N/A;N/A;N/A;N/A;N/A;N/A;N/A;N/A;N/A;N/A;N/A;N/A;N/A;N/A;N/A;N/A;N/A;N/A;N/A;N/A;N/A;N/A;N/A;N/A;N/A;N/A;N/A;N/A;N/A;N/A;N/A;N/A;N/A;N/A;N/A;N/A;Sí;N/A;N/A;Sí;N/A;N/A;N/A;N/A;Sí;N/A;N/A;Sí;N/A;N/A;N/A;Sí;Sí;N/A;N/A;N/A;N/A;N/A;N/A;N/A;N/A
Renault;Clio;"1.2 Iv Authentique";2015;"83000 km";;"AZUL AUTOMOVILES";12500;;;;;"La Blanqueada";https://auto.mercadolibre.com.uy/MLU-699564366-renault-clio-12-iv-authentique-_JM;N/A;;"Renault Clio 1.2 Iv Authentique";usd;Sí;silver;false;N/A;N/A;http://perfil.mercadolibre.com.uy/AZUL+AUTOMOVILES;active;N/A;N/A;Usado;Plateado;N/A;Hidráulica;Delantera;N/A;N/A;Sí;N/A;N/A;N/A;N/A;N/A;N/A;N/A;N/A;N/A;N/A;N/A;N/A;N/A;N/A;N/A;N/A;N/A;N/A;N/A;N/A;N/A;N/A;"2472 mm";"1.2 L";"50 L";5;N/A;N/A;N/A;N/A;N/A;N/A;N/A;N/A;N/A;N/A;N/A;N/A;N/A;N/A;N/A;N/A;N/A;N/A;N/A;N/A;N/A;N/A;N/A;N/A;N/A;N/A;N/A;N/A;N/A;N/A;N/A;N/A;N/A;N/A;N/A;N/A;N/A;N/A;N/A;N/A;N/A;N/A;N/A;N/A;N/A;"1417 mm";"3811 mm";N/A;N/A;N/A;N/A;5;"75 hp";Authentique;N/A;4;"1639 mm";N/A;N/A;N/A;N/A;N/A;N/A;N/A;N/A;N/A;N/A;N/A;N/A;N/A;N/A;N/A;N/A;N/A;N/A;3;1.2;Nafta;Manual;Hatchback;"Autos y camionetas";N/A;N/A;N/A;N/A;N/A;N/A;UY;N/A;N/A;N/A;N/A;N/A;N/A;N/A;N/A;N/A;N/A;N/A;N/A;N/A;N/A;N/A;N/A;N/A;N/A;N/A;N/A;N/A;N/A;N/A;N/A;N/A;N/A;N/A;N/A;N/A;N/A;N/A;N/A;N/A;N/A;N/A;N/A;N/A;N/A;N/A;N/A;N/A;N/A;N/A;N/A;N/A;N/A;N/A;N/A;N/A;N/A;N/A;N/A;N/A;N/A;N/A;N/A;N/A;N/A;N/A;N/A;N/A;N/A;N/A;N/A;N/A;N/A;N/A;N/A;N/A;N/A;N/A;N/A;N/A;N/A;N/A;N/A;N/A;N/A;N/A;N/A;N/A;N/A;N/A;N/A;N/A;N/A;N/A;N/A;N/A;N/A;N/A;N/A;N/A;N/A;N/A;N/A;N/A;N/A;N/A;N/A;N/A;N/A;N/A;N/A;N/A;N/A;N/A;N/A;N/A;N/A;N/A;N/A;N/A;N/A;N/A
Renault;Kwid;Zen;2021;"89000 km";;"CHEVROLET SALTO";12500;;;;;Mercedes;https://auto.mercadolibre.com.uy/MLU-697871306-renault-kwid-zen-10-2021-impecable-_JM;N/A;;"Renault Kwid Zen 1.0 2021 Impecable!";USD;Sí;silver;false;N/A;N/A;http://perfil.mercadolibre.com.uy/CHEVROLET+SALTO;active;N/A;N/A;Usado;Negro;Sí;Asistida;N/A;Sí;N/A;N/A;N/A;N/A;N/A;N/A;N/A;N/A;N/A;N/A;N/A;Sí;N/A;N/A;N/A;N/A;N/A;N/A;N/A;N/A;N/A;N/A;N/A;N/A;N/A;"1000 cc";N/A;5;N/A;N/A;N/A;N/A;N/A;N/A;N/A;N/A;N/A;N/A;N/A;N/A;N/A;N/A;N/A;N/A;N/A;N/A;N/A;N/A;N/A;N/A;N/A;N/A;N/A;Sí;N/A;N/A;N/A;N/A;N/A;N/A;N/A;N/A;N/A;N/A;N/A;N/A;N/A;N/A;N/A;N/A;N/A;N/A;N/A;N/A;N/A;N/A;N/A;N/A;N/A;N/A;"65 hp";Zen;N/A;N/A;N/A;"11 km/l";N/A;N/A;N/A;N/A;N/A;Sí;N/A;N/A;N/A;N/A;"19 km/l";N/A;N/A;N/A;N/A;N/A;"Lun. a Vie. 8 a 12 y 14.30 a 18.30 hs. Sáb. 8 a 12 hs";4;1.0;Nafta;Manual;Hatchback;"Autos y camionetas";No;N/A;N/A;N/A;No;N/A;N/A;No;Sí;No;No;N/A;N/A;N/A;N/A;N/A;N/A;N/A;N/A;N/A;N/A;N/A;N/A;N/A;N/A;N/A;N/A;N/A;N/A;N/A;N/A;N/A;N/A;N/A;N/A;N/A;N/A;N/A;N/A;N/A;N/A;N/A;N/A;N/A;N/A;N/A;N/A;N/A;N/A;N/A;N/A;N/A;N/A;N/A;N/A;N/A;N/A;N/A;N/A;N/A;N/A;N/A;No;N/A;N/A;N/A;N/A;N/A;N/A;N/A;N/A;N/A;N/A;N/A;N/A;N/A;N/A;N/A;N/A;N/A;N/A;N/A;N/A;N/A;N/A;N/A;N/A;N/A;N/A;N/A;N/A;N/A;N/A;N/A;N/A;N/A;Sí;Sí;N/A;N/A;Sí;Sí;Sí;N/A;N/A;Sí;N/A;N/A;N/A;N/A;N/A;N/A;N/A;N/A;Sí;N/A;Sí;N/A;N/A;N/A;N/A;N/A
Renault;Kangoo;1.6;2014;"138000 km";;3697MOTORS;7990;;;;;Cerrito;https://auto.mercadolibre.com.uy/MLU-647237621-renaul-kangoo-_JM;N/A;;"Renaul Kangoo ";USD;Sí;silver;false;N/A;N/A;http://perfil.mercadolibre.com.uy/3697MOTORS;active;N/A;N/A;Usado;Gris;N/A;Hidráulica;N/A;Sí;N/A;N/A;N/A;N/A;N/A;N/A;N/A;N/A;N/A;N/A;N/A;N/A;N/A;N/A;N/A;N/A;N/A;N/A;N/A;N/A;N/A;N/A;N/A;N/A;N/A;N/A;N/A;N/A;N/A;N/A;N/A;N/A;N/A;N/A;N/A;N/A;N/A;N/A;N/A;N/A;N/A;N/A;N/A;N/A;N/A;N/A;N/A;N/A;N/A;N/A;N/A;N/A;N/A;N/A;N/A;N/A;N/A;N/A;N/A;N/A;N/A;N/A;N/A;N/A;N/A;N/A;N/A;N/A;N/A;N/A;N/A;N/A;N/A;N/A;N/A;N/A;N/A;N/A;N/A;N/A;N/A;N/A;N/A;N/A;N/A;N/A;N/A;N/A;N/A;N/A;N/A;N/A;N/A;N/A;N/A;N/A;N/A;N/A;N/A;N/A;N/A;N/A;"Luneas a viernes de 9 a 19 hs";4;1.6;Nafta;Manual;N/A;"Autos y camionetas";N/A;N/A;N/A;N/A;N/A;N/A;N/A;N/A;N/A;N/A;N/A;N/A;N/A;N/A;N/A;N/A;N/A;N/A;N/A;N/A;N/A;N/A;N/A;N/A;N/A;N/A;N/A;N/A;N/A;N/A;N/A;N/A;N/A;N/A;N/A;N/A;N/A;N/A;N/A;N/A;N/A;N/A;N/A;N/A;N/A;N/A;N/A;N/A;N/A;N/A;N/A;N/A;N/A;N/A;N/A;N/A;N/A;N/A;N/A;N/A;N/A;N/A;N/A;N/A;N/A;N/A;N/A;N/A;N/A;N/A;N/A;N/A;N/A;N/A;N/A;N/A;N/A;N/A;N/A;N/A;N/A;N/A;N/A;N/A;N/A;N/A;N/A;N/A;N/A;N/A;N/A;N/A;N/A;N/A;N/A;N/A;N/A;N/A;N/A;N/A;N/A;N/A;N/A;N/A;N/A;N/A;N/A;N/A;N/A;N/A;N/A;N/A;N/A;N/A;Sí;N/A;N/A;N/A;N/A;N/A;N/A;N/A
Renault;Duster;"2.0 Ph2 4x2 Privilege 143cv";2016;"111000 km";;HERDTBRIAN20220516114622;15000;;;;;Malvin;https://auto.mercadolibre.com.uy/MLU-647456537-renault-duster-2016-20-ph2-4x2-privilege-143cv-_JM;N/A;;"Renault Duster 2016 2.0 Ph2 4x2 Privilege 143cv";usd;Sí;silver;false;N/A;N/A;http://perfil.mercadolibre.com.uy/HERDTBRIAN20220516114622;active;N/A;N/A;Usado;N/A;N/A;Hidráulica;4x2;N/A;N/A;Sí;N/A;N/A;N/A;N/A;N/A;N/A;N/A;N/A;N/A;N/A;N/A;N/A;N/A;N/A;N/A;N/A;N/A;N/A;N/A;N/A;N/A;N/A;"2674 mm";"2 L";"50 L";6;N/A;N/A;N/A;N/A;N/A;N/A;N/A;N/A;N/A;N/A;N/A;N/A;N/A;N/A;N/A;N/A;N/A;N/A;N/A;N/A;N/A;N/A;N/A;N/A;N/A;N/A;N/A;N/A;N/A;N/A;N/A;N/A;N/A;N/A;N/A;N/A;N/A;N/A;N/A;N/A;N/A;N/A;N/A;N/A;N/A;"1683 mm";"4329 mm";N/A;N/A;N/A;N/A;5;"143 hp";Privilege;N/A;4;"1822 mm";"10.8 km/l";N/A;N/A;N/A;N/A;N/A;N/A;N/A;N/A;N/A;N/A;N/A;N/A;N/A;N/A;N/A;N/A;N/A;5;2.0;Nafta;Manual;SUV;"Autos y camionetas";N/A;N/A;N/A;N/A;N/A;N/A;UY;N/A;N/A;N/A;N/A;N/A;N/A;N/A;N/A;N/A;N/A;N/A;N/A;N/A;N/A;N/A;N/A;N/A;N/A;N/A;N/A;N/A;N/A;N/A;N/A;N/A;N/A;N/A;N/A;N/A;N/A;N/A;N/A;N/A;N/A;N/A;N/A;N/A;N/A;N/A;N/A;N/A;N/A;N/A;N/A;N/A;N/A;N/A;N/A;N/A;N/A;N/A;N/A;N/A;N/A;N/A;N/A;N/A;N/A;N/A;N/A;N/A;N/A;N/A;N/A;N/A;N/A;N/A;N/A;N/A;N/A;N/A;N/A;N/A;N/A;N/A;N/A;N/A;N/A;N/A;N/A;N/A;N/A;N/A;N/A;N/A;N/A;N/A;N/A;N/A;N/A;N/A;N/A;N/A;N/A;N/A;N/A;N/A;N/A;N/A;N/A;N/A;N/A;N/A;N/A;N/A;N/A;N/A;N/A;N/A;N/A;N/A;N/A;N/A;N/A;N/A
Renault;"Kwid Iconic";1.0;2020;"138000 km";;AMAYASELECCIONADOS;11400;;;;;"Brazo Oriental";https://auto.mercadolibre.com.uy/MLU-696642194-renault-kwid-iconic-_JM;N/A;;"Renault Kwid Iconic";USD;Sí;silver;false;N/A;N/A;http://perfil.mercadolibre.com.uy/AMAYASELECCIONADOS;active;N/A;N/A;Usado;Marrón;N/A;Hidráulica;N/A;Sí;N/A;N/A;N/A;N/A;N/A;N/A;N/A;N/A;N/A;N/A;N/A;Sí;N/A;N/A;N/A;N/A;N/A;N/A;N/A;N/A;N/A;N/A;N/A;N/A;N/A;N/A;N/A;N/A;N/A;N/A;N/A;N/A;N/A;N/A;N/A;N/A;N/A;N/A;N/A;N/A;N/A;N/A;N/A;N/A;N/A;N/A;N/A;N/A;N/A;N/A;N/A;N/A;N/A;N/A;N/A;N/A;N/A;N/A;N/A;N/A;N/A;N/A;N/A;N/A;N/A;N/A;N/A;N/A;N/A;N/A;N/A;N/A;N/A;N/A;N/A;N/A;N/A;N/A;N/A;N/A;N/A;N/A;N/A;N/A;N/A;N/A;N/A;N/A;N/A;Sí;N/A;N/A;N/A;N/A;N/A;N/A;N/A;N/A;N/A;N/A;N/A;N/A;"Luneas a viernes de 9 a 18:30hs";5;1.0;Nafta;Manual;N/A;"Autos y camionetas";N/A;N/A;N/A;N/A;N/A;N/A;N/A;N/A;N/A;N/A;N/A;N/A;N/A;N/A;N/A;N/A;N/A;N/A;N/A;N/A;N/A;N/A;N/A;N/A;Sí;N/A;N/A;N/A;N/A;N/A;N/A;N/A;N/A;N/A;N/A;N/A;N/A;N/A;N/A;N/A;N/A;N/A;N/A;N/A;N/A;N/A;N/A;N/A;N/A;N/A;N/A;N/A;N/A;N/A;N/A;N/A;N/A;N/A;N/A;N/A;N/A;N/A;N/A;N/A;N/A;N/A;N/A;N/A;N/A;N/A;N/A;N/A;N/A;N/A;N/A;N/A;N/A;N/A;N/A;N/A;N/A;N/A;N/A;N/A;N/A;N/A;N/A;N/A;N/A;N/A;N/A;N/A;N/A;N/A;N/A;N/A;N/A;N/A;N/A;N/A;Sí;N/A;N/A;N/A;N/A;Sí;N/A;N/A;N/A;N/A;N/A;N/A;N/A;N/A;N/A;N/A;N/A;N/A;N/A;N/A;N/A;N/A
Renault;"Duster Oroch";-;2025;"0 km";;SEREYCIA.;27990;;;;;Durazno;https://auto.mercadolibre.com.uy/MLU-694399502-renault-oroch-13-2024-0km-_JM;N/A;;"Renault Oroch 1.3 2024 0km";usd;Sí;silver;false;N/A;N/A;http://perfil.mercadolibre.com.uy/SEREYCIA.;active;N/A;N/A;Nuevo;"Gris oscuro";N/A;Hidráulica;N/A;N/A;N/A;N/A;N/A;N/A;N/A;N/A;N/A;N/A;N/A;N/A;N/A;N/A;N/A;N/A;N/A;N/A;N/A;N/A;N/A;N/A;N/A;N/A;N/A;N/A;N/A;"1300 cc";N/A;6;N/A;N/A;N/A;N/A;N/A;N/A;N/A;N/A;N/A;N/A;N/A;N/A;N/A;N/A;N/A;N/A;N/A;N/A;N/A;N/A;N/A;N/A;N/A;N/A;N/A;N/A;N/A;N/A;N/A;N/A;N/A;N/A;N/A;N/A;N/A;N/A;N/A;N/A;N/A;N/A;N/A;N/A;N/A;N/A;N/A;N/A;N/A;N/A;N/A;N/A;N/A;N/A;N/A;N/A;N/A;N/A;N/A;N/A;N/A;N/A;N/A;N/A;N/A;N/A;N/A;N/A;N/A;N/A;N/A;N/A;N/A;N/A;N/A;N/A;"Lun. a Vie. 8:30 a 12 y 14 a 19 hs. Sáb. 8:30 a 12 hs.";4;1.3;Nafta;Manual;Pick-Up;"Autos y camionetas";No;N/A;N/A;N/A;No;N/A;UY;No;Sí;No;No;N/A;N/A;N/A;N/A;N/A;N/A;N/A;N/A;N/A;N/A;N/A;N/A;N/A;N/A;N/A;N/A;N/A;N/A;N/A;N/A;N/A;N/A;N/A;N/A;N/A;N/A;N/A;N/A;N/A;N/A;N/A;N/A;Sí;N/A;N/A;N/A;N/A;N/A;N/A;N/A;N/A;N/A;N/A;N/A;N/A;N/A;N/A;N/A;N/A;N/A;Sí;No;N/A;N/A;N/A;N/A;N/A;N/A;N/A;N/A;N/A;N/A;N/A;N/A;N/A;N/A;N/A;N/A;N/A;N/A;N/A;N/A;N/A;N/A;N/A;N/A;N/A;N/A;N/A;N/A;N/A;N/A;N/A;N/A;N/A;N/A;N/A;N/A;N/A;N/A;N/A;N/A;N/A;N/A;N/A;N/A;N/A;N/A;N/A;N/A;N/A;N/A;N/A;N/A;N/A;N/A;N/A;N/A;N/A;N/A;N/A
Renault;"Duster Oroch";-;2025;"0 km";;SEREYCIA.;20990;;;;;Durazno;https://auto.mercadolibre.com.uy/MLU-694373594-renault-oroch-2024-0km-_JM;N/A;;"Renault Oroch 2024 0km";usd;Sí;silver;false;N/A;N/A;http://perfil.mercadolibre.com.uy/SEREYCIA.;active;N/A;N/A;Nuevo;Plateado;N/A;Hidráulica;N/A;N/A;N/A;N/A;N/A;N/A;N/A;N/A;N/A;N/A;N/A;N/A;N/A;N/A;N/A;N/A;N/A;N/A;N/A;N/A;N/A;N/A;N/A;N/A;N/A;N/A;N/A;N/A;N/A;6;N/A;N/A;N/A;N/A;N/A;N/A;N/A;N/A;N/A;N/A;N/A;N/A;N/A;N/A;N/A;N/A;N/A;N/A;N/A;N/A;N/A;N/A;N/A;N/A;N/A;N/A;N/A;N/A;N/A;N/A;N/A;N/A;N/A;N/A;N/A;N/A;N/A;N/A;N/A;N/A;N/A;N/A;N/A;N/A;N/A;N/A;N/A;N/A;N/A;N/A;N/A;N/A;N/A;N/A;N/A;N/A;N/A;N/A;N/A;N/A;N/A;N/A;N/A;N/A;N/A;N/A;N/A;N/A;N/A;N/A;N/A;N/A;N/A;N/A;"Lun. a Vie. 8:30 a 12 y 14 a 19 hs. Sáb. 8:30 a 12 hs.";4;N/A;Nafta;Manual;Pick-Up;"Autos y camionetas";No;N/A;N/A;N/A;No;N/A;UY;No;Sí;No;No;N/A;N/A;N/A;N/A;N/A;N/A;N/A;N/A;N/A;N/A;N/A;N/A;N/A;N/A;N/A;N/A;N/A;N/A;N/A;N/A;N/A;N/A;N/A;N/A;N/A;N/A;N/A;N/A;N/A;N/A;N/A;N/A;Sí;N/A;N/A;N/A;N/A;N/A;N/A;N/A;N/A;N/A;N/A;N/A;N/A;N/A;N/A;N/A;N/A;N/A;Sí;No;N/A;N/A;N/A;N/A;N/A;N/A;N/A;N/A;N/A;N/A;N/A;N/A;N/A;N/A;N/A;N/A;N/A;N/A;N/A;N/A;N/A;N/A;N/A;N/A;N/A;N/A;N/A;N/A;N/A;N/A;N/A;N/A;N/A;N/A;N/A;N/A;N/A;N/A;N/A;N/A;N/A;N/A;N/A;N/A;N/A;N/A;N/A;N/A;N/A;N/A;N/A;N/A;N/A;N/A;N/A;N/A;N/A;N/A;N/A
Renault;"Otros Modelos";-;2025;"0 km";;SEREYCIA.;21500;;;;;Durazno;https://auto.mercadolibre.com.uy/MLU-694334420-renault-16-2024-0km-_JM;N/A;;"Renault 1.6 2024 0km";usd;Sí;silver;false;N/A;N/A;http://perfil.mercadolibre.com.uy/SEREYCIA.;active;N/A;N/A;Nuevo;Blanco;N/A;Hidráulica;N/A;N/A;N/A;N/A;N/A;N/A;N/A;N/A;N/A;N/A;N/A;N/A;N/A;N/A;N/A;N/A;N/A;N/A;N/A;N/A;N/A;N/A;N/A;N/A;N/A;N/A;N/A;"1600 cc";N/A;6;N/A;N/A;N/A;N/A;N/A;N/A;N/A;N/A;N/A;N/A;N/A;N/A;N/A;N/A;N/A;N/A;N/A;N/A;N/A;N/A;N/A;N/A;N/A;N/A;N/A;N/A;N/A;N/A;N/A;N/A;N/A;N/A;N/A;N/A;N/A;N/A;N/A;N/A;N/A;N/A;N/A;N/A;N/A;N/A;N/A;N/A;N/A;N/A;N/A;N/A;N/A;N/A;N/A;N/A;N/A;N/A;N/A;N/A;N/A;N/A;N/A;N/A;N/A;N/A;N/A;N/A;N/A;N/A;N/A;N/A;N/A;N/A;N/A;N/A;"Lun. a Vie. 8:30 a 12 y 14 a 19 hs. Sáb. 8:30 a 12 hs.";4;1.6;Nafta;Manual;Pick-Up;"Autos y camionetas";No;N/A;N/A;N/A;No;N/A;UY;No;Sí;No;No;N/A;N/A;N/A;N/A;N/A;N/A;N/A;N/A;N/A;N/A;N/A;N/A;N/A;N/A;N/A;N/A;N/A;N/A;N/A;N/A;N/A;N/A;N/A;N/A;N/A;N/A;N/A;N/A;N/A;N/A;N/A;N/A;Sí;N/A;N/A;N/A;N/A;N/A;N/A;N/A;N/A;N/A;N/A;N/A;N/A;N/A;N/A;N/A;N/A;N/A;Sí;No;N/A;N/A;N/A;N/A;N/A;N/A;N/A;N/A;N/A;N/A;N/A;N/A;N/A;N/A;N/A;N/A;N/A;N/A;N/A;N/A;N/A;N/A;N/A;N/A;N/A;N/A;N/A;N/A;N/A;N/A;N/A;N/A;N/A;N/A;N/A;N/A;N/A;N/A;N/A;N/A;N/A;N/A;N/A;N/A;N/A;N/A;N/A;N/A;N/A;N/A;N/A;N/A;N/A;N/A;N/A;N/A;N/A;N/A;N/A
Renault;Kwid;LIFE;2020;"78000 km";;"AUTOMOTORA DRIVERS";10900;;;;;Centro;https://auto.mercadolibre.com.uy/MLU-644310427-renault-kwid-zen-2020-us-10900-dta-iva-permutas-_JM;N/A;;"Renault Kwid Zen 2020 U$s 10900 Dta Iva Permutas";USD;Sí;silver;false;N/A;N/A;http://perfil.mercadolibre.com.uy/AUTOMOTORA+DRIVERS;active;N/A;N/A;Usado;Blanco;N/A;Hidráulica;Delantera;Sí;Sí;N/A;N/A;N/A;N/A;N/A;N/A;N/A;N/A;N/A;N/A;Sí;N/A;N/A;N/A;N/A;N/A;N/A;N/A;N/A;N/A;N/A;N/A;N/A;N/A;N/A;N/A;N/A;N/A;N/A;N/A;N/A;N/A;N/A;N/A;N/A;N/A;N/A;N/A;N/A;N/A;N/A;N/A;N/A;N/A;N/A;N/A;N/A;N/A;N/A;N/A;N/A;N/A;N/A;N/A;N/A;N/A;N/A;N/A;N/A;N/A;N/A;N/A;N/A;N/A;N/A;N/A;N/A;N/A;N/A;N/A;N/A;N/A;N/A;N/A;N/A;N/A;N/A;N/A;N/A;N/A;N/A;N/A;N/A;N/A;N/A;N/A;N/A;N/A;Sí;N/A;N/A;N/A;N/A;N/A;N/A;N/A;N/A;N/A;N/A;N/A;Sí;"LUNES A VIERNES DE 10 A 18 HRS";5;1.0;Nafta;Manual;Hatchback;"Autos y camionetas";N/A;N/A;N/A;N/A;N/A;N/A;N/A;N/A;Sí;N/A;N/A;N/A;N/A;N/A;N/A;N/A;N/A;N/A;N/A;N/A;N/A;N/A;N/A;N/A;N/A;N/A;N/A;N/A;N/A;N/A;N/A;N/A;N/A;N/A;N/A;N/A;N/A;N/A;N/A;N/A;N/A;N/A;N/A;N/A;N/A;N/A;N/A;N/A;N/A;N/A;N/A;N/A;N/A;N/A;N/A;N/A;N/A;N/A;N/A;N/A;N/A;N/A;N/A;N/A;N/A;N/A;N/A;N/A;N/A;N/A;N/A;N/A;N/A;N/A;N/A;N/A;N/A;N/A;N/A;N/A;N/A;N/A;N/A;N/A;N/A;N/A;N/A;N/A;N/A;N/A;N/A;N/A;N/A;N/A;N/A;N/A;Sí;N/A;N/A;N/A;N/A;N/A;N/A;N/A;N/A;Sí;N/A;Sí;Sí;N/A;N/A;N/A;N/A;Sí;Sí;Sí;N/A;N/A;N/A;N/A;N/A;Sí
Renault;Oroch;"1.6 Sce Zen 2Wd Mt";2025;"0 km";;RECRULSA;23000;;;;;Melo;https://auto.mercadolibre.com.uy/MLU-691370050-renault-oroch-_JM;N/A;;"Renault Oroch";USD;Sí;silver;false;N/A;N/A;http://perfil.mercadolibre.com.uy/RECRULSA;active;N/A;N/A;Nuevo;Negro;N/A;Hidráulica;Delantera;N/A;N/A;N/A;N/A;N/A;N/A;N/A;N/A;N/A;N/A;N/A;N/A;N/A;N/A;N/A;N/A;N/A;N/A;N/A;N/A;N/A;N/A;N/A;N/A;N/A;N/A;N/A;N/A;N/A;N/A;N/A;N/A;N/A;N/A;N/A;N/A;N/A;N/A;N/A;N/A;N/A;N/A;N/A;N/A;N/A;N/A;N/A;N/A;N/A;N/A;N/A;N/A;N/A;N/A;N/A;N/A;N/A;N/A;N/A;N/A;N/A;N/A;N/A;N/A;N/A;N/A;N/A;N/A;N/A;N/A;N/A;N/A;N/A;N/A;N/A;N/A;N/A;N/A;N/A;N/A;N/A;N/A;N/A;N/A;N/A;N/A;N/A;N/A;N/A;N/A;N/A;N/A;N/A;N/A;N/A;N/A;N/A;N/A;N/A;N/A;N/A;N/A;N/A;N/A;4;1.6;Nafta;Manual;Pick-Up;"Autos y camionetas";N/A;N/A;N/A;N/A;N/A;N/A;N/A;N/A;N/A;N/A;N/A;N/A;N/A;N/A;N/A;N/A;N/A;N/A;N/A;N/A;N/A;N/A;N/A;N/A;N/A;N/A;N/A;N/A;N/A;N/A;N/A;N/A;N/A;N/A;N/A;N/A;N/A;N/A;N/A;N/A;N/A;N/A;N/A;N/A;N/A;N/A;N/A;N/A;N/A;N/A;N/A;N/A;N/A;N/A;N/A;N/A;N/A;N/A;N/A;N/A;N/A;N/A;N/A;N/A;N/A;N/A;N/A;N/A;N/A;N/A;N/A;N/A;N/A;N/A;N/A;N/A;N/A;N/A;N/A;N/A;N/A;N/A;N/A;N/A;N/A;N/A;N/A;N/A;N/A;N/A;N/A;N/A;N/A;N/A;N/A;N/A;N/A;N/A;N/A;N/A;N/A;N/A;N/A;N/A;N/A;N/A;N/A;N/A;N/A;N/A;N/A;N/A;N/A;N/A;N/A;N/A;N/A;N/A;N/A;N/A;N/A;N/A
Renault;Fluence;"2.0 Privilege Mt";2011;"152000 km";;CUTINELLA_AUTOMOVILES;11500;;;;;"Colonia del Sacramento";https://auto.mercadolibre.com.uy/MLU-703731054-renault-fluence-_JM;N/A;;"Renault Fluence.";usd;Sí;silver;false;N/A;N/A;http://perfil.mercadolibre.com.uy/CUTINELLA_AUTOMOVILES;active;N/A;N/A;Usado;Rojo;N/A;Eléctrica;Delantera;N/A;N/A;Sí;N/A;N/A;N/A;N/A;N/A;Sí;N/A;N/A;N/A;N/A;N/A;N/A;N/A;N/A;N/A;N/A;N/A;N/A;N/A;N/A;N/A;N/A;"2700 mm";"2 L";"60 L";6;N/A;N/A;N/A;N/A;N/A;N/A;N/A;N/A;N/A;Sí;N/A;N/A;N/A;N/A;N/A;N/A;N/A;N/A;N/A;N/A;N/A;N/A;N/A;N/A;N/A;N/A;N/A;N/A;N/A;N/A;N/A;N/A;N/A;Sí;Sí;Sí;N/A;N/A;N/A;N/A;N/A;N/A;N/A;N/A;N/A;"1479 mm";"4618 mm";N/A;N/A;N/A;N/A;5;"143 hp";Privilege;N/A;4;"1810 mm";"11 km/l";No;N/A;N/A;Sí;N/A;N/A;Sí;N/A;N/A;N/A;"6.2 km/l";N/A;N/A;N/A;N/A;N/A;N/A;4;2.0;Nafta;Manual;Sedán;"Autos y camionetas";N/A;N/A;N/A;N/A;N/A;N/A;UY;N/A;N/A;N/A;N/A;N/A;N/A;N/A;N/A;N/A;N/A;N/A;N/A;N/A;N/A;N/A;N/A;N/A;N/A;N/A;N/A;N/A;N/A;N/A;N/A;N/A;N/A;N/A;N/A;N/A;N/A;N/A;N/A;N/A;N/A;N/A;N/A;N/A;N/A;N/A;N/A;N/A;N/A;N/A;N/A;N/A;N/A;N/A;N/A;N/A;N/A;N/A;N/A;N/A;N/A;N/A;N/A;N/A;N/A;N/A;N/A;N/A;N/A;N/A;N/A;N/A;N/A;N/A;N/A;N/A;N/A;N/A;N/A;N/A;N/A;N/A;N/A;N/A;N/A;N/A;N/A;N/A;N/A;N/A;N/A;N/A;N/A;N/A;N/A;N/A;N/A;N/A;N/A;N/A;N/A;N/A;N/A;N/A;N/A;N/A;Sí;N/A;N/A;N/A;N/A;N/A;Sí;N/A;N/A;N/A;N/A;N/A;N/A;Sí;N/A;N/A
Renault;"Duster Oroch";Expression;2021;"150000 km";;AUTCUEVAS;16700;;;;;Trinidad;https://auto.mercadolibre.com.uy/MLU-700571796-renault-duster-oroch-expression-_JM;N/A;;"Renault Duster Oroch Expression";USD;Sí;silver;false;N/A;N/A;http://perfil.mercadolibre.com.uy/AUTCUEVAS;active;N/A;N/A;Usado;N/A;N/A;N/A;N/A;N/A;N/A;N/A;N/A;N/A;N/A;N/A;N/A;N/A;N/A;N/A;N/A;N/A;N/A;N/A;N/A;N/A;N/A;N/A;N/A;N/A;N/A;N/A;N/A;N/A;N/A;N/A;N/A;N/A;N/A;N/A;N/A;N/A;N/A;N/A;N/A;N/A;N/A;N/A;N/A;N/A;N/A;N/A;N/A;N/A;N/A;N/A;N/A;N/A;N/A;N/A;N/A;N/A;N/A;N/A;N/A;N/A;N/A;N/A;N/A;N/A;N/A;N/A;N/A;N/A;N/A;N/A;N/A;N/A;N/A;N/A;N/A;N/A;N/A;N/A;N/A;N/A;N/A;N/A;N/A;N/A;N/A;N/A;N/A;N/A;N/A;N/A;N/A;N/A;N/A;N/A;N/A;N/A;N/A;N/A;N/A;N/A;N/A;N/A;N/A;N/A;N/A;N/A;N/A;4;N/A;Nafta;N/A;N/A;"Autos y camionetas";N/A;N/A;N/A;N/A;N/A;N/A;N/A;N/A;N/A;N/A;N/A;N/A;N/A;N/A;N/A;N/A;N/A;N/A;N/A;N/A;N/A;N/A;N/A;N/A;N/A;N/A;N/A;N/A;N/A;N/A;N/A;N/A;N/A;N/A;N/A;N/A;N/A;N/A;N/A;N/A;N/A;N/A;N/A;N/A;N/A;N/A;N/A;N/A;N/A;N/A;N/A;N/A;N/A;N/A;N/A;N/A;N/A;N/A;N/A;N/A;N/A;N/A;N/A;N/A;N/A;N/A;N/A;N/A;N/A;N/A;N/A;N/A;N/A;N/A;N/A;N/A;N/A;N/A;N/A;N/A;N/A;N/A;N/A;N/A;N/A;N/A;N/A;N/A;N/A;N/A;N/A;N/A;N/A;N/A;N/A;N/A;N/A;N/A;N/A;N/A;N/A;N/A;N/A;N/A;N/A;N/A;N/A;N/A;N/A;N/A;N/A;N/A;N/A;N/A;N/A;N/A;N/A;N/A;N/A;N/A;N/A;N/A
Renault;"Duster Oroch";Cargo;2025;"0 km";;SEREYCIA.;24990;;;;;Durazno;https://auto.mercadolibre.com.uy/MLU-677652990-renault-oroch-cargo-16-2025-0km-_JM;N/A;;"Renault Oroch Cargo 1.6 2025 0km";USD;Sí;silver;false;N/A;N/A;http://perfil.mercadolibre.com.uy/SEREYCIA.;active;N/A;N/A;Nuevo;Blanco;N/A;Hidráulica;N/A;Sí;Sí;N/A;N/A;N/A;N/A;N/A;N/A;N/A;N/A;N/A;N/A;Sí;N/A;N/A;N/A;N/A;N/A;N/A;N/A;N/A;N/A;N/A;N/A;N/A;N/A;"1600 cc";N/A;6;N/A;N/A;N/A;N/A;N/A;N/A;N/A;N/A;N/A;N/A;N/A;N/A;N/A;N/A;N/A;N/A;N/A;N/A;N/A;N/A;N/A;N/A;N/A;Sí;N/A;N/A;N/A;N/A;N/A;Sí;N/A;N/A;N/A;N/A;N/A;N/A;N/A;N/A;N/A;N/A;N/A;N/A;N/A;N/A;N/A;N/A;N/A;N/A;N/A;N/A;N/A;N/A;N/A;Cargo;N/A;N/A;N/A;N/A;N/A;N/A;N/A;Sí;N/A;Sí;Sí;N/A;N/A;N/A;N/A;N/A;N/A;N/A;Sí;N/A;"Lun. a Vie. 8:30 a 12 y 14 a 19 hs. Sáb. 8:30 a 12 hs.";4;1.6;Nafta;Manual;Pick-Up;"Autos y camionetas";No;N/A;N/A;N/A;No;N/A;N/A;No;Sí;No;No;N/A;N/A;N/A;N/A;N/A;N/A;N/A;N/A;N/A;N/A;N/A;N/A;N/A;N/A;N/A;N/A;N/A;N/A;N/A;N/A;N/A;N/A;N/A;N/A;N/A;N/A;N/A;N/A;N/A;N/A;N/A;N/A;Sí;N/A;N/A;N/A;N/A;N/A;N/A;N/A;N/A;N/A;N/A;N/A;N/A;N/A;N/A;N/A;N/A;N/A;Sí;No;N/A;N/A;N/A;N/A;N/A;N/A;N/A;N/A;N/A;N/A;N/A;N/A;N/A;N/A;N/A;N/A;N/A;N/A;N/A;N/A;N/A;N/A;N/A;N/A;N/A;N/A;N/A;N/A;N/A;N/A;N/A;N/A;N/A;Sí;N/A;Sí;N/A;Sí;Sí;Sí;N/A;Sí;Sí;N/A;N/A;N/A;N/A;N/A;N/A;Sí;N/A;Sí;Sí;N/A;Sí;N/A;N/A;N/A;Sí
Renault;"Duster Oroch";"Intense Outsider 1.3 Turbo";2025;"0 km";;SEREYCIA.;26490;;;;;Durazno;https://auto.mercadolibre.com.uy/MLU-688277978-renault-oroch-intense-outsider-13-turbo-13-2025-0km-_JM;N/A;;"Renault Oroch Intense Outsider 1.3 Turbo 1.3 2025 0km";usd;Sí;silver;false;N/A;N/A;http://perfil.mercadolibre.com.uy/SEREYCIA.;active;N/A;N/A;Nuevo;Rojo;N/A;Hidráulica;N/A;N/A;Sí;Sí;N/A;N/A;N/A;Sí;Sí;N/A;N/A;N/A;Sí;Sí;N/A;N/A;N/A;N/A;N/A;N/A;N/A;N/A;N/A;N/A;N/A;N/A;N/A;"1300 cc";N/A;6;N/A;N/A;Sí;Sí;Sí;Sí;N/A;N/A;N/A;N/A;N/A;N/A;N/A;N/A;N/A;N/A;N/A;N/A;N/A;N/A;N/A;N/A;N/A;Sí;N/A;Sí;N/A;N/A;N/A;N/A;N/A;N/A;N/A;N/A;N/A;N/A;Sí;N/A;N/A;N/A;N/A;N/A;N/A;N/A;N/A;N/A;N/A;N/A;N/A;N/A;N/A;N/A;N/A;Outsider;N/A;N/A;N/A;N/A;N/A;N/A;Sí;Sí;N/A;Sí;Sí;N/A;N/A;N/A;N/A;N/A;N/A;Sí;N/A;N/A;"Lun. a Vie. 8:30 a 12 y 14 a 19 hs. Sáb. 8:30 a 12 hs.";4;1.3;Nafta;Automática;Pick-Up;"Autos y camionetas";No;N/A;N/A;N/A;No;N/A;UY;No;Sí;No;No;N/A;N/A;N/A;N/A;N/A;N/A;N/A;N/A;N/A;N/A;N/A;N/A;N/A;N/A;N/A;N/A;N/A;N/A;N/A;N/A;N/A;N/A;N/A;N/A;N/A;N/A;N/A;N/A;N/A;N/A;N/A;N/A;Sí;N/A;N/A;N/A;N/A;N/A;N/A;N/A;N/A;N/A;N/A;N/A;N/A;N/A;N/A;N/A;N/A;N/A;Sí;No;N/A;N/A;N/A;N/A;N/A;N/A;N/A;N/A;N/A;N/A;N/A;N/A;N/A;N/A;N/A;N/A;N/A;N/A;N/A;N/A;N/A;N/A;N/A;N/A;N/A;N/A;N/A;N/A;N/A;N/A;N/A;N/A;N/A;Sí;Sí;Sí;N/A;Sí;Sí;N/A;N/A;Sí;N/A;N/A;Sí;N/A;N/A;N/A;Sí;N/A;N/A;Sí;N/A;Sí;N/A;N/A;N/A;N/A;Sí
Renault;"Duster Oroch";"Oroch Outsider 1.3 4x4 MT";2025;"0 km";;SEREYCIA.;29990;;;;;Durazno;https://auto.mercadolibre.com.uy/MLU-669376604-renault-oroch-oroch-outsider-13-4x4-mt-13-2025-0km-_JM;N/A;;"Renault Oroch Oroch Outsider 1.3 4x4 Mt 1.3 2025 0km";usd;Sí;silver;false;N/A;N/A;http://perfil.mercadolibre.com.uy/SEREYCIA.;active;N/A;N/A;Nuevo;Blanco;N/A;Hidráulica;N/A;Sí;Sí;Sí;N/A;N/A;N/A;Sí;Sí;N/A;N/A;N/A;Sí;Sí;N/A;N/A;N/A;N/A;N/A;N/A;N/A;N/A;N/A;N/A;N/A;N/A;N/A;"1300 cc";N/A;6;N/A;N/A;Sí;Sí;Sí;N/A;N/A;N/A;N/A;N/A;N/A;N/A;N/A;N/A;N/A;N/A;N/A;N/A;N/A;N/A;N/A;N/A;N/A;Sí;N/A;Sí;N/A;N/A;N/A;N/A;N/A;N/A;N/A;N/A;N/A;N/A;N/A;N/A;N/A;N/A;N/A;N/A;N/A;N/A;N/A;N/A;N/A;N/A;N/A;N/A;N/A;N/A;"156 hp";Outsider;N/A;N/A;N/A;N/A;N/A;N/A;N/A;Sí;N/A;Sí;Sí;N/A;N/A;N/A;N/A;N/A;N/A;Sí;Sí;N/A;"Lun. a Vie. 8:30 a 12 y 14 a 19 hs. Sáb. 8:30 a 12 hs.";4;1.3;Nafta;Manual;Rural;"Autos y camionetas";No;N/A;N/A;N/A;No;N/A;UY;No;Sí;No;No;N/A;N/A;N/A;N/A;N/A;N/A;N/A;N/A;N/A;N/A;N/A;N/A;N/A;N/A;N/A;N/A;N/A;N/A;N/A;N/A;N/A;N/A;N/A;N/A;N/A;N/A;N/A;N/A;N/A;N/A;N/A;N/A;Sí;N/A;N/A;N/A;N/A;N/A;N/A;N/A;N/A;N/A;N/A;N/A;N/A;N/A;N/A;N/A;N/A;N/A;Sí;No;N/A;N/A;N/A;N/A;N/A;N/A;N/A;N/A;N/A;N/A;N/A;N/A;N/A;N/A;N/A;N/A;N/A;N/A;N/A;N/A;N/A;N/A;N/A;N/A;N/A;N/A;N/A;N/A;N/A;N/A;N/A;N/A;N/A;Sí;N/A;Sí;N/A;Sí;N/A;Sí;N/A;Sí;Sí;N/A;N/A;N/A;N/A;N/A;N/A;N/A;N/A;Sí;N/A;Sí;N/A;N/A;N/A;N/A;Sí
Renault;"Duster Oroch";"cero kilometro";2025;"0 km";;SEREYCIA.;22990;;;;;Durazno;https://auto.mercadolibre.com.uy/MLU-704437700-renault-oroch-cero-kilometro-16-2025-0km-_JM;N/A;;"Renault Oroch Cero Kilometro 1.6 2025 0km";USD;Sí;silver;false;N/A;N/A;http://perfil.mercadolibre.com.uy/SEREYCIA.;active;N/A;N/A;Nuevo;Plateado;N/A;Hidráulica;N/A;Sí;Sí;N/A;N/A;N/A;N/A;Sí;Sí;N/A;N/A;N/A;N/A;Sí;N/A;N/A;N/A;N/A;N/A;N/A;N/A;N/A;N/A;N/A;N/A;N/A;N/A;"1600 cc";N/A;6;N/A;N/A;N/A;N/A;Sí;N/A;N/A;N/A;N/A;N/A;N/A;N/A;N/A;N/A;N/A;N/A;N/A;N/A;N/A;N/A;N/A;N/A;N/A;Sí;N/A;Sí;N/A;N/A;N/A;N/A;N/A;N/A;N/A;N/A;N/A;N/A;Sí;N/A;N/A;N/A;N/A;N/A;N/A;N/A;N/A;N/A;N/A;N/A;N/A;N/A;N/A;N/A;N/A;N/A;N/A;N/A;N/A;"14 km/l";N/A;N/A;N/A;Sí;Sí;Sí;Sí;N/A;N/A;N/A;"16 km/l";N/A;N/A;N/A;Sí;N/A;"Lun. a Vie. 8:30 a 12 y 14 a 19 hs. Sáb. 8:30 a 12 hs.";4;1.6;Nafta;Manual;Pick-Up;"Autos y camionetas";No;N/A;N/A;N/A;No;N/A;N/A;No;Sí;No;No;N/A;N/A;N/A;N/A;N/A;N/A;N/A;N/A;N/A;N/A;N/A;N/A;N/A;N/A;N/A;N/A;N/A;N/A;N/A;N/A;N/A;N/A;N/A;N/A;N/A;N/A;N/A;N/A;N/A;N/A;N/A;N/A;Sí;N/A;N/A;N/A;N/A;N/A;N/A;N/A;N/A;N/A;N/A;N/A;N/A;N/A;N/A;N/A;N/A;N/A;Sí;No;N/A;N/A;N/A;N/A;N/A;N/A;N/A;N/A;N/A;N/A;N/A;N/A;N/A;N/A;N/A;N/A;N/A;N/A;N/A;N/A;N/A;N/A;N/A;N/A;N/A;N/A;N/A;N/A;N/A;N/A;N/A;N/A;N/A;Sí;N/A;Sí;N/A;Sí;Sí;Sí;N/A;N/A;Sí;N/A;N/A;N/A;N/A;N/A;Sí;Sí;N/A;Sí;N/A;Sí;N/A;N/A;Sí;N/A;Sí
Renault;Oroch;"1.6 Expression";2020;"81000 km";;JORGE.TUB.AUTOMOTORES;16900;;;;;"Jacinto Vera";https://auto.mercadolibre.com.uy/MLU-706058086-renault-oroch-muy-linda-_JM;N/A;;"Renault Oroch Muy Linda";USD;Sí;silver;false;N/A;N/A;http://perfil.mercadolibre.com.uy/JORGE.TUB.AUTOMOTORES;active;N/A;N/A;Usado;Gris;Sí;Hidráulica;Delantera;Sí;Sí;N/A;N/A;N/A;N/A;N/A;N/A;N/A;N/A;N/A;N/A;Sí;N/A;N/A;N/A;N/A;N/A;N/A;N/A;N/A;N/A;N/A;N/A;N/A;N/A;N/A;N/A;N/A;N/A;N/A;N/A;N/A;N/A;N/A;N/A;N/A;N/A;N/A;N/A;N/A;N/A;N/A;N/A;N/A;N/A;N/A;N/A;N/A;N/A;N/A;N/A;N/A;N/A;N/A;N/A;N/A;N/A;N/A;N/A;N/A;N/A;N/A;N/A;N/A;N/A;N/A;N/A;N/A;N/A;N/A;N/A;N/A;N/A;N/A;N/A;N/A;N/A;N/A;N/A;N/A;N/A;N/A;N/A;N/A;N/A;N/A;N/A;N/A;N/A;N/A;N/A;Sí;N/A;N/A;N/A;N/A;N/A;N/A;N/A;N/A;N/A;N/A;N/A;4;1.6;Nafta;Manual;Pick-Up;"Autos y camionetas";N/A;N/A;N/A;N/A;N/A;N/A;N/A;N/A;Sí;N/A;N/A;N/A;N/A;N/A;N/A;N/A;N/A;N/A;N/A;N/A;N/A;N/A;N/A;N/A;Sí;N/A;N/A;N/A;N/A;N/A;N/A;N/A;N/A;N/A;N/A;N/A;N/A;N/A;N/A;N/A;N/A;N/A;N/A;N/A;N/A;N/A;N/A;N/A;N/A;N/A;N/A;N/A;N/A;N/A;N/A;N/A;N/A;N/A;N/A;N/A;N/A;N/A;N/A;N/A;N/A;N/A;N/A;N/A;N/A;N/A;N/A;N/A;N/A;N/A;N/A;N/A;N/A;N/A;N/A;N/A;N/A;N/A;N/A;N/A;N/A;N/A;N/A;N/A;N/A;N/A;N/A;N/A;N/A;N/A;N/A;N/A;Sí;N/A;Sí;N/A;N/A;N/A;N/A;N/A;N/A;Sí;N/A;N/A;N/A;N/A;N/A;N/A;N/A;N/A;Sí;Sí;Sí;N/A;N/A;N/A;N/A;Sí
Renault;R19;"1.9 R";1995;"456000 km";;PIALEOSENCO;4000;;;;;Salto;https://auto.mercadolibre.com.uy/MLU-705210234-renault-r19-19-r-_JM;N/A;;"Renault R19 1.9 R";usd;No;silver;false;N/A;N/A;http://perfil.mercadolibre.com.uy/PIALEOSENCO;active;N/A;N/A;Usado;Gris;N/A;Hidráulica;Delantera;No;N/A;N/A;N/A;N/A;N/A;N/A;N/A;N/A;N/A;N/A;N/A;Sí;N/A;N/A;N/A;N/A;N/A;N/A;N/A;N/A;N/A;N/A;N/A;N/A;"2544 mm";"1.9 L";"55 L";N/A;N/A;N/A;N/A;N/A;N/A;N/A;N/A;N/A;N/A;N/A;N/A;N/A;N/A;N/A;N/A;N/A;N/A;N/A;N/A;N/A;N/A;N/A;N/A;N/A;N/A;N/A;N/A;N/A;N/A;N/A;N/A;N/A;N/A;N/A;N/A;N/A;N/A;N/A;N/A;N/A;N/A;N/A;N/A;N/A;N/A;"1420 mm";"4260 mm";N/A;N/A;N/A;N/A;5;"73 hp";Rt;N/A;N/A;"1690 mm";N/A;N/A;N/A;N/A;No;N/A;N/A;N/A;N/A;N/A;N/A;N/A;N/A;N/A;N/A;N/A;N/A;N/A;4;1.9;Diésel;Manual;Sedán;"Autos y camionetas";N/A;N/A;N/A;N/A;N/A;N/A;UY;N/A;N/A;N/A;Sí;N/A;N/A;N/A;N/A;N/A;N/A;N/A;N/A;N/A;N/A;N/A;N/A;N/A;N/A;N/A;N/A;N/A;N/A;N/A;N/A;N/A;N/A;N/A;N/A;N/A;N/A;N/A;N/A;N/A;N/A;N/A;N/A;N/A;N/A;N/A;N/A;N/A;N/A;N/A;N/A;N/A;N/A;N/A;N/A;N/A;N/A;N/A;N/A;N/A;N/A;N/A;Sí;N/A;N/A;N/A;N/A;N/A;N/A;N/A;N/A;N/A;N/A;N/A;N/A;N/A;N/A;N/A;N/A;N/A;N/A;N/A;N/A;N/A;N/A;N/A;N/A;N/A;N/A;N/A;N/A;N/A;N/A;N/A;N/A;N/A;N/A;N/A;N/A;N/A;N/A;N/A;N/A;N/A;N/A;N/A;N/A;N/A;N/A;N/A;N/A;N/A;N/A;N/A;Sí;N/A;N/A;N/A;N/A;N/A;N/A;No
Renault;Kwid;"1.0 Sce 66cv Intense";2020;"58000 km";;RINA20240104133501;11800;;;;;"Ciudad de la Costa";https://auto.mercadolibre.com.uy/MLU-705248196-renault-kwid-10-sce-66cv-intense-_JM;N/A;;"Renault Kwid 1.0 Sce 66cv Intense";usd;Sí;silver;false;N/A;N/A;http://perfil.mercadolibre.com.uy/RINA20240104133501;active;N/A;N/A;Usado;Blanco;No;Hidráulica;Delantera;Sí;N/A;Sí;N/A;N/A;N/A;N/A;N/A;N/A;N/A;N/A;N/A;Sí;N/A;No;N/A;N/A;N/A;N/A;N/A;N/A;N/A;N/A;N/A;N/A;"2423 mm";"1 L";"50 L";5;N/A;N/A;N/A;N/A;N/A;No;N/A;N/A;N/A;N/A;N/A;N/A;N/A;N/A;N/A;N/A;N/A;N/A;N/A;N/A;N/A;N/A;N/A;N/A;N/A;N/A;N/A;N/A;N/A;N/A;N/A;N/A;N/A;N/A;N/A;N/A;N/A;N/A;N/A;N/A;N/A;N/A;N/A;N/A;N/A;"1474 mm";"3680 mm";N/A;N/A;N/A;N/A;5;"66 hp";Intense;N/A;4;"1752 mm";N/A;N/A;N/A;Sí;Sí;N/A;N/A;N/A;N/A;N/A;N/A;N/A;N/A;N/A;N/A;N/A;N/A;N/A;5;1.0;Nafta;Manual;Hatchback;"Autos y camionetas";N/A;N/A;N/A;N/A;N/A;N/A;UY;N/A;N/A;N/A;N/A;N/A;N/A;N/A;N/A;N/A;N/A;N/A;N/A;N/A;N/A;N/A;N/A;N/A;N/A;N/A;N/A;N/A;N/A;N/A;N/A;N/A;N/A;N/A;N/A;N/A;N/A;N/A;N/A;N/A;N/A;N/A;N/A;N/A;N/A;N/A;N/A;N/A;N/A;N/A;N/A;N/A;N/A;N/A;N/A;N/A;N/A;N/A;N/A;N/A;N/A;N/A;N/A;N/A;N/A;N/A;N/A;N/A;N/A;N/A;N/A;N/A;N/A;N/A;N/A;N/A;N/A;N/A;N/A;N/A;N/A;N/A;N/A;N/A;N/A;N/A;N/A;N/A;N/A;N/A;N/A;N/A;N/A;N/A;N/A;N/A;N/A;N/A;N/A;N/A;N/A;N/A;N/A;N/A;N/A;Sí;N/A;N/A;N/A;N/A;N/A;N/A;No;N/A;N/A;N/A;N/A;N/A;N/A;N/A;N/A;N/A
Renault;Clio;"1.2 Iv Authentique";2015;"123000 km";;MOTORTECH;13500;;;;;"La Paz";https://auto.mercadolibre.com.uy/MLU-647588409-renault-clio-12-iv-authentique-_JM;N/A;;"Renault Clio 1.2 Iv Authentique";usd;Sí;silver;false;N/A;N/A;http://perfil.mercadolibre.com.uy/MOTORTECH;active;N/A;N/A;Usado;Rojo;N/A;Hidráulica;Delantera;N/A;N/A;Sí;N/A;N/A;N/A;N/A;N/A;N/A;N/A;N/A;N/A;N/A;N/A;N/A;N/A;N/A;N/A;N/A;N/A;N/A;N/A;N/A;N/A;N/A;"2472 mm";"1.2 L";"50 L";5;N/A;N/A;N/A;N/A;N/A;N/A;N/A;N/A;N/A;N/A;N/A;N/A;N/A;N/A;N/A;N/A;N/A;N/A;N/A;N/A;N/A;N/A;N/A;N/A;N/A;N/A;N/A;N/A;N/A;N/A;N/A;N/A;N/A;N/A;N/A;N/A;N/A;N/A;N/A;N/A;N/A;N/A;N/A;N/A;N/A;"1417 mm";"3811 mm";N/A;N/A;N/A;N/A;5;"75 hp";Authentique;N/A;4;"1639 mm";N/A;N/A;N/A;N/A;N/A;N/A;N/A;N/A;N/A;N/A;N/A;N/A;N/A;N/A;N/A;N/A;N/A;N/A;3;1.2;Nafta;Manual;Hatchback;"Autos y camionetas";N/A;N/A;N/A;N/A;N/A;N/A;UY;N/A;N/A;N/A;N/A;N/A;N/A;N/A;N/A;N/A;N/A;N/A;N/A;N/A;N/A;N/A;N/A;N/A;N/A;N/A;N/A;N/A;N/A;N/A;N/A;N/A;N/A;N/A;N/A;N/A;N/A;N/A;N/A;N/A;N/A;N/A;N/A;N/A;N/A;N/A;N/A;N/A;N/A;N/A;N/A;N/A;N/A;N/A;N/A;N/A;N/A;N/A;N/A;N/A;N/A;N/A;N/A;N/A;N/A;N/A;N/A;N/A;N/A;N/A;N/A;N/A;N/A;N/A;N/A;N/A;N/A;N/A;N/A;N/A;N/A;N/A;N/A;N/A;N/A;N/A;N/A;N/A;N/A;N/A;N/A;N/A;N/A;N/A;N/A;N/A;N/A;N/A;N/A;N/A;N/A;N/A;N/A;N/A;N/A;N/A;N/A;N/A;N/A;N/A;N/A;N/A;N/A;N/A;N/A;N/A;N/A;N/A;N/A;N/A;N/A;N/A
Renault;Kwid;"1.0 Sce 66cv Zen";2024;"20000 km";;"RUTA DURAZNO";12900;;;;;Durazno;https://auto.mercadolibre.com.uy/MLU-704797892-renault-kwid-10-sce-66cv-zen-_JM;N/A;;"Renault Kwid 1.0 Sce 66cv Zen";usd;Sí;silver;false;N/A;N/A;http://perfil.mercadolibre.com.uy/RUTA+DURAZNO;active;N/A;N/A;Usado;Plateado;N/A;Hidráulica;Delantera;N/A;N/A;Sí;N/A;N/A;N/A;N/A;N/A;N/A;N/A;N/A;N/A;N/A;N/A;N/A;N/A;N/A;N/A;N/A;N/A;N/A;N/A;N/A;N/A;N/A;"2423 mm";"1 L";"50 L";5;N/A;N/A;N/A;N/A;N/A;N/A;N/A;N/A;N/A;N/A;N/A;N/A;N/A;N/A;N/A;N/A;N/A;N/A;N/A;N/A;N/A;N/A;N/A;N/A;N/A;N/A;N/A;N/A;N/A;N/A;N/A;N/A;N/A;N/A;N/A;N/A;N/A;N/A;N/A;N/A;N/A;N/A;N/A;N/A;N/A;"1474 mm";"3680 mm";N/A;N/A;N/A;N/A;5;"66 hp";Zen;N/A;4;"1752 mm";N/A;N/A;N/A;N/A;N/A;N/A;N/A;N/A;N/A;N/A;N/A;N/A;N/A;N/A;N/A;N/A;N/A;N/A;5;1.0;Nafta;Manual;Hatchback;"Autos y camionetas";N/A;N/A;N/A;N/A;N/A;N/A;UY;N/A;N/A;N/A;N/A;N/A;N/A;N/A;N/A;N/A;N/A;N/A;N/A;N/A;N/A;N/A;N/A;N/A;N/A;N/A;N/A;N/A;N/A;N/A;N/A;N/A;N/A;N/A;N/A;N/A;N/A;N/A;N/A;N/A;N/A;N/A;N/A;N/A;N/A;N/A;N/A;N/A;N/A;N/A;N/A;N/A;N/A;N/A;N/A;N/A;N/A;N/A;N/A;N/A;N/A;N/A;N/A;N/A;N/A;N/A;N/A;N/A;N/A;N/A;N/A;N/A;N/A;N/A;N/A;N/A;N/A;N/A;N/A;N/A;N/A;N/A;N/A;N/A;N/A;N/A;N/A;N/A;N/A;N/A;N/A;N/A;N/A;N/A;N/A;N/A;N/A;N/A;N/A;N/A;N/A;N/A;N/A;N/A;N/A;N/A;N/A;N/A;N/A;N/A;N/A;N/A;N/A;N/A;N/A;N/A;N/A;N/A;N/A;N/A;N/A;N/A
Renault;Sandero;"1.0 Zen";2022;"60000 km";;"RUTA DURAZNO";12900;;;;;Durazno;https://auto.mercadolibre.com.uy/MLU-704733750-renault-sandero-10-zen-_JM;N/A;;"Renault Sandero 1.0 Zen";usd;Sí;silver;false;N/A;N/A;http://perfil.mercadolibre.com.uy/RUTA+DURAZNO;active;N/A;N/A;Usado;Plateado;N/A;Hidráulica;Delantera;N/A;N/A;Sí;N/A;N/A;N/A;N/A;N/A;N/A;N/A;N/A;N/A;N/A;N/A;N/A;N/A;N/A;N/A;N/A;N/A;N/A;N/A;N/A;N/A;N/A;"2590 mm";"1 L";"50 L";5;N/A;N/A;N/A;N/A;N/A;N/A;N/A;N/A;N/A;N/A;N/A;N/A;N/A;N/A;N/A;N/A;N/A;N/A;N/A;N/A;N/A;N/A;N/A;N/A;N/A;N/A;N/A;N/A;N/A;N/A;N/A;N/A;N/A;Sí;Sí;Sí;N/A;N/A;N/A;N/A;N/A;N/A;N/A;N/A;N/A;"1559 mm";"4066 mm";N/A;N/A;N/A;N/A;5;"66 hp";Zen;N/A;4;"1761 mm";"9.3 km/l";Sí;N/A;N/A;N/A;N/A;N/A;Sí;N/A;N/A;N/A;"5.9 km/l";N/A;N/A;N/A;N/A;N/A;N/A;5;1.0;Nafta;Manual;Hatchback;"Autos y camionetas";N/A;N/A;N/A;N/A;N/A;N/A;UY;N/A;N/A;N/A;N/A;N/A;N/A;N/A;N/A;N/A;N/A;N/A;N/A;N/A;N/A;N/A;N/A;N/A;N/A;N/A;N/A;N/A;N/A;N/A;N/A;N/A;N/A;N/A;N/A;N/A;N/A;N/A;N/A;N/A;N/A;N/A;N/A;N/A;N/A;N/A;N/A;N/A;N/A;N/A;N/A;N/A;N/A;N/A;N/A;N/A;N/A;N/A;N/A;N/A;N/A;N/A;N/A;N/A;N/A;N/A;N/A;N/A;N/A;N/A;N/A;N/A;N/A;N/A;N/A;N/A;N/A;N/A;N/A;N/A;N/A;N/A;N/A;N/A;N/A;N/A;N/A;N/A;N/A;N/A;N/A;N/A;N/A;N/A;N/A;N/A;N/A;N/A;N/A;N/A;N/A;N/A;N/A;N/A;N/A;N/A;N/A;N/A;N/A;N/A;N/A;N/A;N/A;N/A;N/A;N/A;N/A;N/A;N/A;N/A;N/A;N/A
Renault;Logan;"1.6 Expression 85cv";2017;"63100 km";;GARZÓNAUTOMÓVILES;11500;;;;;Belvedere;https://auto.mercadolibre.com.uy/MLU-704759258-renault-logan-16-expression-85cv-_JM;N/A;;"Renault Logan 1.6 Expression 85cv";usd;Sí;silver;false;N/A;N/A;http://perfil.mercadolibre.com.uy/GARZ%C3%93NAUTOM%C3%93VILES;active;N/A;N/A;Usado;Blanco;Sí;Hidráulica;Delantera;Sí;N/A;N/A;N/A;N/A;N/A;N/A;N/A;N/A;N/A;N/A;N/A;Sí;N/A;Sí;N/A;N/A;N/A;N/A;N/A;N/A;N/A;N/A;N/A;N/A;"2635 mm";"1.6 L";"50 L";5;N/A;N/A;N/A;N/A;N/A;N/A;N/A;N/A;N/A;N/A;N/A;N/A;N/A;N/A;N/A;N/A;N/A;N/A;N/A;N/A;N/A;N/A;N/A;N/A;N/A;N/A;N/A;N/A;N/A;N/A;N/A;N/A;N/A;Sí;N/A;N/A;N/A;N/A;N/A;N/A;N/A;N/A;N/A;N/A;N/A;"1529 mm";"4350 mm";N/A;N/A;N/A;N/A;5;"85 hp";Expression;N/A;2;"1733 mm";"12.5 km/l";N/A;N/A;N/A;Sí;N/A;Sí;Sí;N/A;N/A;N/A;N/A;N/A;N/A;N/A;N/A;N/A;"Lunes a viernes de 09 a 18 hrs";4;1.6;Nafta;Manual;Sedán;"Autos y camionetas";N/A;N/A;N/A;N/A;N/A;N/A;UY;N/A;Sí;N/A;N/A;N/A;N/A;N/A;N/A;N/A;N/A;N/A;N/A;N/A;N/A;N/A;N/A;N/A;N/A;N/A;N/A;N/A;N/A;N/A;N/A;N/A;N/A;N/A;N/A;N/A;N/A;N/A;N/A;N/A;N/A;N/A;N/A;N/A;N/A;N/A;N/A;N/A;N/A;N/A;N/A;N/A;N/A;N/A;N/A;N/A;N/A;N/A;N/A;N/A;N/A;N/A;N/A;N/A;N/A;N/A;N/A;N/A;N/A;N/A;N/A;N/A;N/A;N/A;N/A;N/A;N/A;N/A;N/A;N/A;N/A;N/A;N/A;N/A;N/A;N/A;N/A;N/A;N/A;N/A;N/A;N/A;N/A;N/A;N/A;N/A;N/A;N/A;N/A;N/A;Sí;N/A;N/A;N/A;N/A;Sí;N/A;N/A;Sí;N/A;N/A;N/A;N/A;Sí;Sí;N/A;Sí;N/A;N/A;N/A;N/A;Sí
Renault;Oroch;"1.6 Sce Zen 2Wd Mt";2023;"80000 km";;FELIPEMARTINPESCEDURAN;20000;;;;;Young;https://auto.mercadolibre.com.uy/MLU-647455215-renault-oroch-zen-16-2023-_JM;N/A;;"Renault Oroch Zen 1.6 2023";usd;Sí;silver;false;N/A;N/A;http://perfil.mercadolibre.com.uy/FELIPEMARTINPESCEDURAN;active;N/A;N/A;Usado;Blanco;N/A;N/A;Delantera;Sí;Sí;N/A;N/A;N/A;No;N/A;N/A;N/A;N/A;N/A;Sí;Sí;N/A;N/A;N/A;N/A;N/A;N/A;N/A;N/A;N/A;N/A;N/A;N/A;"2890 mm";"1.6 L";"45 L";6;N/A;N/A;N/A;N/A;N/A;Sí;N/A;N/A;N/A;N/A;N/A;N/A;N/A;N/A;N/A;N/A;N/A;N/A;N/A;N/A;N/A;N/A;N/A;N/A;N/A;N/A;N/A;N/A;N/A;N/A;N/A;N/A;N/A;N/A;N/A;N/A;N/A;N/A;N/A;N/A;N/A;N/A;N/A;N/A;N/A;"1694 mm";"4700 mm";N/A;N/A;N/A;N/A;5;"118 hp";Zen;N/A;4;"1821 mm";N/A;No;N/A;Sí;Sí;N/A;Sí;Sí;N/A;N/A;N/A;N/A;Sí;N/A;N/A;N/A;N/A;N/A;4;1.6;Nafta;Manual;Pick-Up;"Autos y camionetas";N/A;N/A;N/A;N/A;N/A;N/A;UY;N/A;N/A;N/A;N/A;N/A;N/A;N/A;N/A;N/A;N/A;N/A;N/A;N/A;N/A;N/A;N/A;N/A;N/A;N/A;N/A;N/A;N/A;N/A;N/A;N/A;N/A;N/A;N/A;N/A;N/A;N/A;N/A;N/A;N/A;N/A;N/A;N/A;N/A;N/A;N/A;N/A;N/A;N/A;N/A;N/A;N/A;N/A;N/A;N/A;N/A;N/A;N/A;N/A;N/A;N/A;Sí;N/A;N/A;N/A;N/A;N/A;N/A;N/A;N/A;N/A;N/A;N/A;N/A;N/A;N/A;N/A;N/A;N/A;N/A;N/A;N/A;N/A;N/A;N/A;N/A;N/A;N/A;N/A;N/A;N/A;N/A;N/A;N/A;N/A;Sí;No;N/A;N/A;Sí;N/A;N/A;N/A;N/A;Sí;No;N/A;Sí;N/A;N/A;Sí;Sí;Sí;Sí;Sí;Sí;N/A;N/A;N/A;N/A;Sí
Renault;"Sandero Stepway";"1.6 Confort 105cv";2014;"97016 km";;"MELE SRL";10990;;;;;Centro;https://auto.mercadolibre.com.uy/MLU-703149828-renault-sandero-stepway-16-confort-105cv-_JM;N/A;;"Renault Sandero Stepway 1.6 Confort 105cv";usd;Sí;silver;false;N/A;N/A;http://perfil.mercadolibre.com.uy/MELE+SRL;active;N/A;N/A;Usado;Blanco;N/A;Hidráulica;Delantera;N/A;N/A;N/A;N/A;N/A;N/A;N/A;N/A;N/A;N/A;N/A;N/A;N/A;N/A;N/A;N/A;N/A;N/A;N/A;N/A;N/A;N/A;N/A;N/A;N/A;"2588 mm";"1.6 L";"50 L";5;N/A;N/A;N/A;N/A;N/A;N/A;N/A;N/A;N/A;N/A;N/A;N/A;N/A;N/A;N/A;N/A;N/A;N/A;N/A;N/A;N/A;N/A;N/A;N/A;N/A;N/A;N/A;N/A;N/A;N/A;N/A;N/A;N/A;N/A;N/A;N/A;N/A;N/A;N/A;N/A;N/A;N/A;N/A;N/A;N/A;"1630 mm";"4091 mm";N/A;N/A;N/A;N/A;5;"105 hp";Confort;N/A;4;"1751 mm";"9.3 km/l";N/A;N/A;N/A;N/A;N/A;N/A;Sí;N/A;N/A;N/A;"5.9 km/l";N/A;N/A;N/A;N/A;N/A;N/A;5;1.6;Nafta;Manual;Hatchback;"Autos y camionetas";N/A;N/A;N/A;N/A;N/A;N/A;UY;N/A;N/A;N/A;N/A;N/A;N/A;N/A;N/A;N/A;N/A;N/A;N/A;N/A;N/A;N/A;N/A;N/A;N/A;N/A;N/A;N/A;N/A;N/A;N/A;N/A;N/A;N/A;N/A;N/A;N/A;N/A;N/A;N/A;N/A;N/A;N/A;N/A;N/A;N/A;N/A;N/A;N/A;N/A;N/A;N/A;N/A;N/A;N/A;N/A;N/A;N/A;N/A;N/A;N/A;N/A;N/A;N/A;N/A;N/A;N/A;N/A;N/A;N/A;N/A;N/A;N/A;N/A;N/A;N/A;N/A;N/A;N/A;N/A;N/A;N/A;N/A;N/A;N/A;N/A;N/A;N/A;N/A;N/A;N/A;N/A;N/A;N/A;N/A;N/A;N/A;N/A;N/A;N/A;N/A;N/A;N/A;N/A;N/A;N/A;N/A;N/A;N/A;N/A;N/A;N/A;Sí;N/A;N/A;N/A;N/A;N/A;N/A;Sí;N/A;N/A
Renault;Kwid;Zen;2019;"103000 km";;"AUTOMOTORA DRIVERS";10500;;;;;Centro;https://auto.mercadolibre.com.uy/MLU-647234793-renault-kwid-zen-2019-us-10500-permuta-financia-_JM;N/A;;"Renault Kwid Zen 2019 U$s 10500 Permuta Financia";USD;Sí;silver;false;N/A;N/A;http://perfil.mercadolibre.com.uy/AUTOMOTORA+DRIVERS;active;N/A;N/A;Usado;Plateado;N/A;Hidráulica;Delantera;Sí;Sí;N/A;N/A;N/A;N/A;N/A;N/A;N/A;N/A;N/A;N/A;Sí;N/A;Sí;N/A;N/A;N/A;N/A;N/A;N/A;N/A;N/A;N/A;N/A;N/A;N/A;N/A;N/A;N/A;N/A;N/A;N/A;N/A;N/A;N/A;N/A;N/A;N/A;N/A;N/A;N/A;N/A;N/A;N/A;N/A;N/A;N/A;N/A;N/A;N/A;N/A;N/A;N/A;N/A;N/A;N/A;N/A;N/A;N/A;N/A;N/A;N/A;N/A;N/A;N/A;N/A;N/A;N/A;N/A;N/A;N/A;N/A;N/A;N/A;N/A;N/A;N/A;N/A;N/A;N/A;N/A;N/A;N/A;N/A;N/A;N/A;N/A;N/A;N/A;Sí;N/A;Sí;N/A;N/A;N/A;N/A;N/A;N/A;N/A;N/A;N/A;Sí;"LUNES A VIERNES DE 10 A 18 HRS";5;1.0;Nafta;Manual;Hatchback;"Autos y camionetas";N/A;N/A;N/A;N/A;N/A;N/A;N/A;N/A;Sí;N/A;N/A;N/A;N/A;N/A;N/A;N/A;N/A;N/A;N/A;N/A;N/A;N/A;N/A;N/A;N/A;N/A;N/A;N/A;N/A;N/A;N/A;N/A;N/A;N/A;N/A;N/A;N/A;N/A;N/A;N/A;N/A;N/A;N/A;N/A;N/A;N/A;N/A;N/A;N/A;N/A;N/A;N/A;N/A;N/A;N/A;N/A;N/A;N/A;N/A;N/A;N/A;N/A;N/A;N/A;N/A;N/A;N/A;N/A;N/A;N/A;N/A;N/A;N/A;N/A;N/A;N/A;N/A;N/A;N/A;N/A;N/A;N/A;N/A;N/A;N/A;N/A;N/A;N/A;N/A;N/A;N/A;N/A;N/A;N/A;N/A;N/A;Sí;N/A;N/A;N/A;N/A;N/A;N/A;N/A;N/A;Sí;N/A;Sí;Sí;N/A;N/A;N/A;N/A;Sí;Sí;Sí;N/A;N/A;N/A;N/A;N/A;Sí
Renault;Oroch;"1.3 Tce Intens 2Wd Cvt";2023;"69000 km";;"DUTRA AUTOMÓVILES";23800;;;;;Rivera;https://auto.mercadolibre.com.uy/MLU-647164849-nueva-oroch-intens-13-cvt-_JM;N/A;;"Nueva Oroch Intens 1.3 Cvt";usd;Sí;silver;false;N/A;N/A;http://perfil.mercadolibre.com.uy/DUTRA+AUTOM%C3%93VILES;active;N/A;N/A;Usado;Plateado;N/A;N/A;Delantera;N/A;N/A;N/A;N/A;N/A;N/A;N/A;N/A;N/A;N/A;N/A;N/A;N/A;N/A;N/A;N/A;N/A;N/A;N/A;N/A;N/A;N/A;N/A;N/A;N/A;"2890 mm";"1.3 L";"45 L";8;N/A;N/A;N/A;N/A;N/A;N/A;N/A;N/A;N/A;N/A;N/A;N/A;N/A;N/A;N/A;N/A;N/A;N/A;N/A;N/A;N/A;N/A;N/A;N/A;N/A;N/A;N/A;N/A;N/A;N/A;N/A;N/A;N/A;N/A;N/A;N/A;N/A;N/A;N/A;N/A;N/A;N/A;N/A;N/A;N/A;"1694 mm";"4719 mm";N/A;N/A;N/A;N/A;5;"156 hp";Intens;N/A;4;"1834 mm";N/A;N/A;N/A;N/A;N/A;N/A;N/A;N/A;N/A;N/A;N/A;N/A;N/A;N/A;N/A;N/A;N/A;"08:30 a 18:00";4;1.3;Nafta;Automática;Pick-Up;"Autos y camionetas";N/A;N/A;N/A;N/A;N/A;N/A;UY;N/A;N/A;N/A;N/A;N/A;N/A;N/A;N/A;N/A;N/A;N/A;N/A;N/A;N/A;N/A;N/A;N/A;N/A;N/A;N/A;N/A;N/A;N/A;N/A;N/A;N/A;N/A;N/A;N/A;N/A;N/A;N/A;N/A;N/A;N/A;N/A;N/A;N/A;N/A;N/A;N/A;N/A;N/A;N/A;N/A;N/A;N/A;N/A;N/A;N/A;N/A;N/A;N/A;N/A;N/A;N/A;N/A;N/A;N/A;N/A;N/A;N/A;N/A;N/A;N/A;N/A;N/A;N/A;N/A;N/A;N/A;N/A;N/A;N/A;N/A;N/A;N/A;N/A;N/A;N/A;N/A;N/A;N/A;N/A;N/A;N/A;N/A;N/A;N/A;N/A;N/A;N/A;N/A;N/A;N/A;N/A;N/A;N/A;N/A;N/A;N/A;N/A;N/A;N/A;N/A;N/A;N/A;N/A;N/A;N/A;N/A;N/A;N/A;N/A;N/A
Renault;"Duster Oroch";"2.0 Privilege";2018;"140000 km";;"G.ARISPE AUTOMOTORES";14900;;;;;Prado;https://auto.mercadolibre.com.uy/MLU-702991872-renault-duster-oroch-20-privilege-_JM;N/A;;"Renault Duster Oroch 2.0 Privilege";usd;Sí;silver;false;N/A;N/A;http://perfil.mercadolibre.com.uy/G.ARISPE+AUTOMOTORES;active;N/A;N/A;Usado;Gris;N/A;Hidráulica;4x2;Sí;N/A;N/A;N/A;N/A;N/A;N/A;N/A;N/A;N/A;N/A;N/A;N/A;N/A;N/A;N/A;N/A;N/A;N/A;N/A;N/A;N/A;N/A;N/A;N/A;"2829 mm";"2 L";"50 L";6;N/A;N/A;N/A;N/A;N/A;N/A;N/A;N/A;N/A;N/A;N/A;N/A;N/A;N/A;N/A;N/A;N/A;N/A;N/A;N/A;N/A;N/A;N/A;N/A;N/A;N/A;N/A;N/A;N/A;N/A;N/A;N/A;N/A;N/A;N/A;N/A;N/A;N/A;N/A;N/A;N/A;N/A;N/A;N/A;N/A;"1683 mm";"4329 mm";N/A;N/A;N/A;N/A;5;"143 hp";Privilege;N/A;4;"1821 mm";"10.8 km/l";N/A;N/A;N/A;N/A;N/A;N/A;N/A;N/A;N/A;N/A;N/A;N/A;N/A;N/A;N/A;N/A;N/A;5;2.0;Nafta;Manual;SUV;"Autos y camionetas";N/A;N/A;N/A;N/A;N/A;N/A;UY;N/A;N/A;N/A;N/A;N/A;N/A;N/A;N/A;N/A;N/A;N/A;N/A;N/A;N/A;N/A;N/A;N/A;N/A;N/A;N/A;N/A;N/A;N/A;N/A;N/A;N/A;N/A;N/A;N/A;N/A;N/A;N/A;N/A;N/A;N/A;N/A;N/A;N/A;N/A;N/A;N/A;N/A;N/A;N/A;N/A;N/A;N/A;N/A;N/A;N/A;N/A;N/A;N/A;N/A;N/A;N/A;N/A;N/A;N/A;N/A;N/A;N/A;N/A;N/A;N/A;N/A;N/A;N/A;N/A;N/A;N/A;N/A;N/A;N/A;N/A;N/A;N/A;N/A;N/A;N/A;N/A;N/A;N/A;N/A;N/A;N/A;N/A;N/A;N/A;N/A;N/A;N/A;N/A;N/A;N/A;N/A;N/A;N/A;N/A;N/A;N/A;N/A;N/A;N/A;N/A;N/A;N/A;N/A;N/A;N/A;N/A;N/A;N/A;N/A;N/A
Renault;Master;"2.3 T4 Dci130 L1h1 Aa Furgon Corto";2016;"280 km";;WILSONMATIASRAMIREZPALAVECIN;21000;;;;;Minas;https://auto.mercadolibre.com.uy/MLU-702869998-renault-master-23-t4-dci130-l1h1-aa-furgon-corto-_JM;N/A;;"Renault Master 2.3 T4 Dci130 L1h1 Aa Furgon Corto";usd;Sí;silver;false;N/A;N/A;http://perfil.mercadolibre.com.uy/WILSONMATIASRAMIREZPALAVECIN;active;N/A;N/A;Usado;Blanco;No;Hidráulica;Delantera;Sí;Sí;N/A;N/A;N/A;Sí;N/A;N/A;Sí;N/A;N/A;Sí;Sí;N/A;N/A;N/A;N/A;N/A;N/A;N/A;N/A;N/A;N/A;N/A;N/A;"3578 mm";"2.3 L";"100 L";6;N/A;N/A;N/A;N/A;N/A;N/A;N/A;N/A;N/A;N/A;N/A;N/A;N/A;N/A;N/A;N/A;N/A;N/A;N/A;N/A;N/A;N/A;N/A;N/A;N/A;N/A;N/A;N/A;N/A;N/A;N/A;N/A;N/A;N/A;N/A;N/A;N/A;N/A;N/A;N/A;N/A;N/A;N/A;N/A;N/A;"2303 mm";"5048 mm";N/A;N/A;N/A;N/A;3;"130 hp";2.3;N/A;4;"1990 mm";N/A;N/A;N/A;Sí;N/A;N/A;N/A;N/A;N/A;N/A;N/A;N/A;N/A;N/A;N/A;N/A;N/A;N/A;3;2.3;Diésel;Manual;N/A;"Autos y camionetas";N/A;N/A;N/A;N/A;N/A;N/A;UY;N/A;N/A;N/A;N/A;N/A;N/A;N/A;N/A;N/A;N/A;N/A;N/A;N/A;N/A;N/A;N/A;N/A;N/A;N/A;N/A;N/A;N/A;N/A;N/A;N/A;N/A;N/A;N/A;N/A;N/A;N/A;N/A;N/A;N/A;N/A;N/A;N/A;N/A;N/A;N/A;N/A;N/A;N/A;N/A;N/A;N/A;N/A;N/A;N/A;N/A;N/A;N/A;N/A;N/A;N/A;N/A;N/A;N/A;N/A;N/A;N/A;N/A;N/A;N/A;N/A;N/A;N/A;N/A;N/A;N/A;N/A;N/A;N/A;N/A;N/A;N/A;N/A;N/A;N/A;N/A;N/A;N/A;N/A;N/A;N/A;N/A;N/A;N/A;N/A;Sí;N/A;N/A;N/A;Sí;N/A;N/A;N/A;N/A;Sí;N/A;N/A;N/A;N/A;N/A;Sí;N/A;N/A;Sí;Sí;Sí;N/A;N/A;N/A;N/A;Sí
Renault;Kwid;"1.0 Sce 66cv Zen";2020;"35000 km";;FERREIRAAUTOMOVILES;12990;;;;;Tacuarembó;https://auto.mercadolibre.com.uy/MLU-702484156-renault-kwid-_JM;N/A;;"Renault Kwid";usd;Sí;silver;false;N/A;N/A;http://perfil.mercadolibre.com.uy/FERREIRAAUTOMOVILES;active;N/A;N/A;Usado;Rojo;N/A;N/A;Delantera;N/A;N/A;Sí;N/A;N/A;N/A;N/A;N/A;N/A;N/A;N/A;N/A;N/A;N/A;N/A;N/A;N/A;N/A;N/A;N/A;N/A;N/A;N/A;N/A;N/A;"2423 mm";"1 L";"50 L";5;N/A;N/A;N/A;N/A;N/A;N/A;N/A;N/A;N/A;N/A;N/A;N/A;N/A;N/A;N/A;N/A;N/A;N/A;N/A;N/A;N/A;N/A;N/A;N/A;N/A;N/A;N/A;N/A;N/A;N/A;N/A;N/A;N/A;N/A;N/A;N/A;N/A;N/A;N/A;N/A;N/A;N/A;N/A;N/A;N/A;"1474 mm";"3680 mm";N/A;N/A;N/A;N/A;5;"66 hp";Zen;N/A;4;"1752 mm";N/A;N/A;N/A;N/A;N/A;N/A;N/A;N/A;N/A;N/A;N/A;N/A;N/A;N/A;N/A;N/A;N/A;N/A;5;1.0;Nafta;Manual;Hatchback;"Autos y camionetas";N/A;N/A;N/A;N/A;N/A;N/A;UY;N/A;N/A;N/A;N/A;N/A;N/A;N/A;N/A;N/A;N/A;N/A;N/A;N/A;N/A;N/A;N/A;N/A;N/A;N/A;N/A;N/A;N/A;N/A;N/A;N/A;N/A;N/A;N/A;N/A;N/A;N/A;N/A;N/A;N/A;N/A;N/A;N/A;N/A;N/A;N/A;N/A;N/A;N/A;N/A;N/A;N/A;N/A;N/A;N/A;N/A;N/A;N/A;N/A;N/A;N/A;N/A;N/A;N/A;N/A;N/A;N/A;N/A;N/A;N/A;N/A;N/A;N/A;N/A;N/A;N/A;N/A;N/A;N/A;N/A;N/A;N/A;N/A;N/A;N/A;N/A;N/A;N/A;N/A;N/A;N/A;N/A;N/A;N/A;N/A;N/A;N/A;N/A;N/A;N/A;N/A;N/A;N/A;N/A;N/A;N/A;N/A;N/A;N/A;N/A;N/A;N/A;N/A;N/A;N/A;N/A;N/A;N/A;N/A;N/A;N/A
Renault;Oroch;"1.3 Tce Intens Outsider 4Wd Mt";2023;"50000 km";;"AUTOMOTORA ALFACAR";25900;;;;;Castillos;https://auto.mercadolibre.com.uy/MLU-701615092-renault-oroch-4x4-ano-2023-_JM;N/A;;"Renault Oroch 4x4 Año 2023";usd;Sí;silver;false;N/A;N/A;http://perfil.mercadolibre.com.uy/AUTOMOTORA+ALFACAR;active;N/A;N/A;Usado;Blanco;N/A;N/A;4x4;N/A;N/A;N/A;N/A;N/A;N/A;N/A;N/A;N/A;N/A;N/A;N/A;N/A;N/A;N/A;N/A;N/A;N/A;N/A;N/A;N/A;N/A;N/A;N/A;N/A;"2890 mm";"1.3 L";"45 L";6;N/A;N/A;N/A;N/A;N/A;N/A;N/A;N/A;N/A;N/A;N/A;N/A;N/A;N/A;N/A;N/A;N/A;N/A;N/A;N/A;N/A;N/A;N/A;N/A;N/A;N/A;N/A;N/A;N/A;N/A;N/A;N/A;N/A;N/A;N/A;N/A;N/A;N/A;N/A;N/A;N/A;N/A;N/A;N/A;N/A;"1694 mm";"4719 mm";N/A;N/A;N/A;N/A;5;"156 hp";"Intens Outsider";N/A;4;"1834 mm";N/A;N/A;N/A;N/A;N/A;N/A;N/A;N/A;N/A;N/A;N/A;N/A;N/A;N/A;N/A;N/A;N/A;"Lunes a viernes de 9a12 y de 14.30 a 19";4;1.3;Nafta;Manual;Pick-Up;"Autos y camionetas";N/A;N/A;N/A;N/A;N/A;N/A;UY;N/A;N/A;N/A;N/A;N/A;N/A;N/A;N/A;N/A;N/A;N/A;N/A;N/A;N/A;N/A;N/A;N/A;N/A;N/A;N/A;N/A;N/A;N/A;N/A;N/A;N/A;N/A;N/A;N/A;N/A;N/A;N/A;N/A;N/A;N/A;N/A;N/A;N/A;N/A;N/A;N/A;N/A;N/A;N/A;N/A;N/A;N/A;N/A;N/A;N/A;N/A;N/A;N/A;N/A;N/A;N/A;N/A;N/A;N/A;N/A;N/A;N/A;N/A;N/A;N/A;N/A;N/A;N/A;N/A;N/A;N/A;N/A;N/A;N/A;N/A;N/A;N/A;N/A;N/A;N/A;N/A;N/A;N/A;N/A;N/A;N/A;N/A;N/A;N/A;N/A;N/A;N/A;N/A;N/A;N/A;N/A;N/A;N/A;N/A;N/A;N/A;N/A;N/A;N/A;N/A;N/A;N/A;N/A;N/A;N/A;N/A;N/A;N/A;N/A;N/A
Renault;Oroch;Full;2020;"161000 km";;"GRUPO ALER";16790;;;;;"Carrasco Norte";https://auto.mercadolibre.com.uy/MLU-701454110-gran-oportunidad-renault-oroch-4x4-grupoaler-_JM;N/A;;"Gran Oportunidad Renault Oroch 4x4 - Grupoaler";USD;Sí;silver;false;N/A;N/A;http://perfil.mercadolibre.com.uy/GRUPO+ALER;active;N/A;N/A;Usado;Blanco;N/A;Hidráulica;N/A;Sí;N/A;N/A;N/A;N/A;N/A;N/A;N/A;No;N/A;N/A;N/A;Sí;N/A;N/A;N/A;N/A;N/A;N/A;N/A;N/A;N/A;N/A;N/A;N/A;N/A;N/A;N/A;N/A;N/A;N/A;N/A;N/A;N/A;N/A;N/A;N/A;N/A;N/A;N/A;N/A;N/A;N/A;N/A;N/A;N/A;N/A;N/A;N/A;N/A;N/A;N/A;N/A;N/A;N/A;N/A;N/A;N/A;N/A;N/A;N/A;N/A;N/A;N/A;N/A;N/A;N/A;N/A;N/A;N/A;N/A;N/A;N/A;N/A;N/A;N/A;N/A;N/A;N/A;N/A;N/A;N/A;N/A;N/A;N/A;N/A;N/A;N/A;N/A;N/A;Sí;N/A;N/A;N/A;N/A;N/A;N/A;N/A;N/A;N/A;N/A;N/A;N/A;N/A;4;N/A;Nafta;Manual;Pick-Up;"Autos y camionetas";N/A;N/A;N/A;N/A;N/A;N/A;N/A;N/A;N/A;N/A;N/A;N/A;N/A;N/A;N/A;N/A;N/A;N/A;N/A;N/A;N/A;N/A;N/A;N/A;N/A;N/A;N/A;N/A;N/A;N/A;N/A;N/A;N/A;N/A;N/A;N/A;N/A;N/A;N/A;N/A;N/A;N/A;N/A;N/A;N/A;N/A;N/A;N/A;N/A;N/A;N/A;N/A;N/A;N/A;N/A;N/A;N/A;N/A;N/A;N/A;N/A;N/A;N/A;N/A;N/A;N/A;N/A;N/A;N/A;N/A;N/A;N/A;N/A;N/A;N/A;N/A;N/A;N/A;N/A;N/A;N/A;N/A;N/A;N/A;N/A;N/A;N/A;N/A;N/A;N/A;N/A;N/A;N/A;N/A;N/A;N/A;Sí;N/A;N/A;N/A;Sí;N/A;N/A;N/A;N/A;Sí;N/A;N/A;N/A;N/A;N/A;N/A;N/A;N/A;Sí;Sí;N/A;N/A;N/A;N/A;N/A;Sí
Renault;"Duster Oroch";Expression;2021;"125000 km";;"AUTOMOTORA DRIVERS";16500;;;;;Centro;https://auto.mercadolibre.com.uy/MLU-699248562-renault-oroch-expression-16-2021-us-16500-dta-iva-permuta-_JM;N/A;;"Renault Oroch Expression 1.6 2021 U$s 16500 Dta Iva Permuta";USD;Sí;silver;false;N/A;N/A;http://perfil.mercadolibre.com.uy/AUTOMOTORA+DRIVERS;active;N/A;N/A;Usado;Blanco;N/A;Hidráulica;Delantera;Sí;Sí;N/A;N/A;N/A;N/A;N/A;N/A;N/A;N/A;N/A;N/A;Sí;N/A;N/A;N/A;N/A;N/A;N/A;N/A;N/A;N/A;N/A;N/A;N/A;N/A;N/A;N/A;N/A;N/A;N/A;N/A;N/A;N/A;N/A;N/A;N/A;N/A;N/A;N/A;N/A;N/A;N/A;N/A;N/A;N/A;N/A;N/A;N/A;N/A;N/A;N/A;N/A;N/A;N/A;N/A;N/A;N/A;N/A;N/A;N/A;N/A;N/A;N/A;N/A;N/A;N/A;N/A;N/A;N/A;N/A;N/A;N/A;N/A;N/A;N/A;N/A;N/A;N/A;N/A;N/A;N/A;N/A;N/A;N/A;N/A;N/A;N/A;N/A;N/A;Sí;N/A;Sí;Sí;N/A;N/A;N/A;N/A;N/A;N/A;N/A;N/A;N/A;"LUNES A VIERNES DE 10 A 18 HRS";4;1.6;Nafta;Manual;N/A;"Autos y camionetas";N/A;N/A;N/A;N/A;N/A;N/A;N/A;N/A;Sí;N/A;N/A;N/A;N/A;N/A;N/A;N/A;N/A;N/A;N/A;N/A;N/A;N/A;N/A;N/A;N/A;N/A;N/A;N/A;N/A;N/A;N/A;N/A;N/A;N/A;N/A;N/A;N/A;N/A;N/A;N/A;N/A;N/A;N/A;N/A;N/A;N/A;N/A;N/A;N/A;N/A;N/A;N/A;N/A;N/A;N/A;N/A;N/A;N/A;N/A;N/A;N/A;N/A;N/A;N/A;N/A;N/A;N/A;N/A;N/A;N/A;N/A;N/A;N/A;N/A;N/A;N/A;N/A;N/A;N/A;N/A;N/A;N/A;N/A;N/A;N/A;N/A;N/A;N/A;N/A;N/A;N/A;N/A;N/A;N/A;N/A;N/A;Sí;N/A;Sí;N/A;N/A;N/A;N/A;N/A;N/A;Sí;N/A;Sí;Sí;N/A;N/A;Sí;N/A;Sí;Sí;Sí;Sí;N/A;N/A;N/A;N/A;Sí
Renault;Kangoo;"1.6 Confort";2008;"180000 km";;"DANIEL RODRIGUEZ16";9500;;;;;Tacuarembó;https://auto.mercadolibre.com.uy/MLU-697353262-renault-kangoo-2008-16-confort-_JM;N/A;;"Renault Kangoo 2008 1.6 Confort";usd;Sí;silver;false;N/A;N/A;http://perfil.mercadolibre.com.uy/DANIEL+RODRIGUEZ16;active;N/A;N/A;Usado;N/A;N/A;Hidráulica;Delantera;N/A;N/A;N/A;N/A;N/A;N/A;N/A;N/A;N/A;N/A;N/A;N/A;N/A;N/A;N/A;N/A;N/A;N/A;N/A;N/A;N/A;N/A;N/A;N/A;N/A;"2600 mm";"1.6 L";"52 L";5;N/A;N/A;N/A;N/A;N/A;N/A;N/A;N/A;N/A;N/A;N/A;N/A;N/A;N/A;N/A;N/A;N/A;N/A;N/A;N/A;N/A;N/A;N/A;N/A;N/A;N/A;N/A;N/A;N/A;N/A;N/A;N/A;N/A;N/A;N/A;N/A;N/A;N/A;N/A;N/A;N/A;N/A;N/A;N/A;N/A;"1860 mm";"3995 mm";N/A;N/A;N/A;N/A;5;"95 hp";Confort;N/A;4;"1672 mm";"11.09 km/l";N/A;N/A;N/A;N/A;N/A;N/A;N/A;N/A;N/A;N/A;N/A;N/A;N/A;N/A;N/A;N/A;N/A;4;1.6;Nafta;Manual;SUV;"Autos y camionetas";N/A;N/A;N/A;N/A;N/A;N/A;UY;N/A;N/A;N/A;N/A;N/A;N/A;N/A;N/A;N/A;N/A;N/A;N/A;N/A;N/A;N/A;N/A;N/A;N/A;N/A;N/A;N/A;N/A;N/A;N/A;N/A;N/A;N/A;N/A;N/A;N/A;N/A;N/A;N/A;N/A;N/A;N/A;N/A;N/A;N/A;N/A;N/A;N/A;N/A;N/A;N/A;N/A;N/A;N/A;N/A;N/A;N/A;N/A;N/A;N/A;N/A;N/A;N/A;N/A;N/A;N/A;N/A;N/A;N/A;N/A;N/A;N/A;N/A;N/A;N/A;N/A;N/A;N/A;N/A;N/A;N/A;N/A;N/A;N/A;N/A;N/A;N/A;N/A;N/A;N/A;N/A;N/A;N/A;N/A;N/A;N/A;N/A;N/A;N/A;N/A;N/A;N/A;N/A;N/A;N/A;N/A;N/A;N/A;N/A;N/A;N/A;N/A;N/A;N/A;N/A;N/A;N/A;N/A;N/A;N/A;N/A
Renault;Oroch;"1.6 Sce Zen 2Wd Mt";2024;"0 km";;"OMAR CASTROAUTOMOVILES";22990;;;;;Salto;https://auto.mercadolibre.com.uy/MLU-645350403-renault-oroch-zen-16-mt-_JM;N/A;;"Renault  Oroch Zen 1.6 Mt";usd;Sí;silver;false;N/A;N/A;http://perfil.mercadolibre.com.uy/OMAR+CASTROAUTOMOVILES;active;N/A;N/A;Nuevo;Rojo;N/A;N/A;Delantera;N/A;N/A;N/A;N/A;N/A;N/A;N/A;N/A;N/A;N/A;N/A;N/A;N/A;N/A;N/A;N/A;N/A;N/A;N/A;N/A;N/A;N/A;N/A;N/A;N/A;"2890 mm";"1.6 L";"45 L";6;N/A;N/A;N/A;N/A;N/A;N/A;N/A;N/A;N/A;N/A;N/A;N/A;N/A;N/A;N/A;N/A;N/A;N/A;N/A;N/A;N/A;N/A;N/A;N/A;N/A;N/A;N/A;N/A;N/A;N/A;N/A;N/A;N/A;N/A;N/A;N/A;N/A;N/A;N/A;N/A;N/A;N/A;N/A;N/A;N/A;"1694 mm";"4700 mm";N/A;N/A;N/A;N/A;5;"118 hp";Zen;N/A;4;"1821 mm";N/A;N/A;N/A;N/A;N/A;N/A;N/A;N/A;N/A;N/A;N/A;N/A;N/A;N/A;N/A;N/A;N/A;"Lunes a Viernes de 08:00 a 12:00, y de 14:45 a 18:45, sabados de 08:30 a 12:30";4;1.6;Nafta;Manual;Pick-Up;"Autos y camionetas";N/A;N/A;N/A;N/A;N/A;N/A;UY;N/A;N/A;N/A;N/A;N/A;N/A;N/A;N/A;N/A;N/A;N/A;N/A;N/A;N/A;N/A;N/A;N/A;N/A;N/A;N/A;N/A;N/A;N/A;N/A;N/A;N/A;N/A;N/A;N/A;N/A;N/A;N/A;N/A;N/A;N/A;N/A;N/A;N/A;N/A;N/A;N/A;N/A;N/A;N/A;N/A;N/A;N/A;N/A;N/A;N/A;N/A;N/A;N/A;N/A;N/A;N/A;N/A;N/A;N/A;N/A;N/A;N/A;N/A;N/A;N/A;N/A;N/A;N/A;N/A;N/A;N/A;N/A;N/A;N/A;N/A;N/A;N/A;N/A;N/A;N/A;N/A;N/A;N/A;N/A;N/A;N/A;N/A;N/A;N/A;N/A;N/A;N/A;N/A;N/A;N/A;N/A;N/A;N/A;N/A;N/A;N/A;N/A;N/A;N/A;N/A;N/A;N/A;N/A;N/A;N/A;N/A;N/A;N/A;N/A;N/A
Renault;Oroch;"1.6 Nafta";2025;"0 km";;AMAYASELECCIONADOS;24990;;;;;"Brazo Oriental";https://auto.mercadolibre.com.uy/MLU-695429678-renault-oroch-intense-outsider-_JM;N/A;;"Renault Oroch Intense Outsider ";USD;Sí;silver;false;N/A;N/A;http://perfil.mercadolibre.com.uy/AMAYASELECCIONADOS;active;N/A;N/A;Nuevo;Blanco;N/A;N/A;N/A;N/A;N/A;N/A;N/A;N/A;N/A;N/A;N/A;N/A;N/A;N/A;N/A;N/A;N/A;N/A;N/A;N/A;N/A;N/A;N/A;N/A;N/A;N/A;N/A;N/A;N/A;N/A;N/A;N/A;N/A;N/A;N/A;N/A;N/A;N/A;N/A;N/A;N/A;N/A;N/A;N/A;N/A;N/A;N/A;N/A;N/A;N/A;N/A;N/A;N/A;N/A;N/A;N/A;N/A;N/A;N/A;N/A;N/A;N/A;N/A;N/A;N/A;N/A;N/A;N/A;N/A;N/A;N/A;N/A;N/A;N/A;N/A;N/A;N/A;N/A;N/A;N/A;N/A;N/A;N/A;N/A;N/A;N/A;N/A;N/A;N/A;N/A;N/A;N/A;N/A;N/A;N/A;N/A;N/A;N/A;N/A;N/A;N/A;N/A;N/A;N/A;N/A;N/A;"Luneas a viernes de 9 a 18:30hs";5;N/A;Nafta;N/A;N/A;"Autos y camionetas";N/A;N/A;N/A;N/A;N/A;N/A;N/A;N/A;N/A;N/A;N/A;N/A;N/A;N/A;N/A;N/A;N/A;N/A;N/A;N/A;N/A;N/A;N/A;N/A;N/A;N/A;N/A;N/A;N/A;N/A;N/A;N/A;N/A;N/A;N/A;N/A;N/A;N/A;N/A;N/A;N/A;N/A;N/A;N/A;N/A;N/A;N/A;N/A;N/A;N/A;N/A;N/A;N/A;N/A;N/A;N/A;N/A;N/A;N/A;N/A;N/A;N/A;N/A;N/A;N/A;N/A;N/A;N/A;N/A;N/A;N/A;N/A;N/A;N/A;N/A;N/A;N/A;N/A;N/A;N/A;N/A;N/A;N/A;N/A;N/A;N/A;N/A;N/A;N/A;N/A;N/A;N/A;N/A;N/A;N/A;N/A;N/A;N/A;N/A;N/A;N/A;N/A;N/A;N/A;N/A;N/A;N/A;N/A;N/A;N/A;N/A;N/A;N/A;N/A;N/A;N/A;N/A;N/A;N/A;N/A;N/A;N/A
Renault;"Sandero Stepway";"1.6 Privilege 105cv";2020;"75000 km";;JORGE.TUB.AUTOMOTORES;16200;;;;;"Jacinto Vera";https://auto.mercadolibre.com.uy/MLU-706058160-renault-stepway-privilege-2020-_JM;N/A;;"Renault Stepway Privilege 2020";usd;Sí;silver;false;N/A;N/A;http://perfil.mercadolibre.com.uy/JORGE.TUB.AUTOMOTORES;active;N/A;N/A;Usado;Blanco;N/A;Hidráulica;Delantera;N/A;N/A;Sí;N/A;N/A;N/A;N/A;N/A;N/A;N/A;N/A;N/A;N/A;N/A;N/A;N/A;N/A;N/A;N/A;N/A;N/A;N/A;N/A;N/A;N/A;"2590 mm";"1.6 L";"50 L";5;N/A;N/A;N/A;N/A;N/A;N/A;N/A;N/A;N/A;N/A;N/A;N/A;N/A;N/A;N/A;N/A;N/A;N/A;N/A;N/A;N/A;N/A;N/A;N/A;N/A;N/A;N/A;N/A;N/A;N/A;N/A;N/A;N/A;Sí;Sí;Sí;N/A;N/A;N/A;N/A;N/A;N/A;N/A;N/A;N/A;"1559 mm";"4066 mm";N/A;N/A;N/A;N/A;5;"105 hp";Privilege;N/A;4;"1761 mm";"9.3 km/l";Sí;N/A;N/A;N/A;N/A;N/A;Sí;N/A;N/A;N/A;"5.9 km/l";N/A;N/A;N/A;N/A;N/A;N/A;5;1.6;Nafta;Manual;Hatchback;"Autos y camionetas";N/A;N/A;N/A;N/A;N/A;N/A;UY;N/A;N/A;N/A;N/A;N/A;N/A;N/A;N/A;N/A;N/A;N/A;N/A;N/A;N/A;N/A;N/A;N/A;N/A;N/A;N/A;N/A;N/A;N/A;N/A;N/A;N/A;N/A;N/A;N/A;N/A;N/A;N/A;N/A;N/A;N/A;N/A;N/A;N/A;N/A;N/A;N/A;N/A;N/A;N/A;N/A;N/A;N/A;N/A;N/A;N/A;N/A;N/A;N/A;N/A;N/A;N/A;N/A;N/A;N/A;N/A;N/A;N/A;N/A;N/A;N/A;N/A;N/A;N/A;N/A;N/A;N/A;N/A;N/A;N/A;N/A;N/A;N/A;N/A;N/A;N/A;N/A;N/A;N/A;N/A;N/A;N/A;N/A;N/A;N/A;N/A;N/A;N/A;N/A;N/A;N/A;N/A;N/A;N/A;N/A;N/A;N/A;N/A;N/A;N/A;N/A;N/A;N/A;N/A;N/A;N/A;N/A;N/A;N/A;N/A;N/A
Renault;"Duster Oroch";"Duster Oroch 4X4 FULL 4X4";2024;"9497 km";;SEREYCIA.;27990;;;;;Durazno;https://auto.mercadolibre.com.uy/MLU-691303276-renault-oroch-duster-oroch-4x4-full-4x4-20-2024-impecable-_JM;N/A;;"Renault Oroch Duster Oroch 4x4 Full 4x4 2.0 2024 Impecable!";USD;Sí;silver;false;N/A;N/A;http://perfil.mercadolibre.com.uy/SEREYCIA.;active;N/A;N/A;Usado;Blanco;N/A;Hidráulica;N/A;N/A;N/A;N/A;N/A;N/A;N/A;N/A;N/A;N/A;N/A;N/A;N/A;N/A;N/A;N/A;N/A;N/A;N/A;N/A;N/A;N/A;N/A;N/A;N/A;N/A;N/A;"2000 cc";N/A;N/A;N/A;N/A;N/A;N/A;N/A;N/A;N/A;N/A;N/A;N/A;N/A;N/A;N/A;N/A;N/A;N/A;N/A;N/A;N/A;N/A;N/A;N/A;N/A;N/A;N/A;N/A;N/A;N/A;N/A;N/A;N/A;N/A;N/A;N/A;N/A;N/A;N/A;N/A;N/A;N/A;N/A;N/A;N/A;N/A;N/A;N/A;N/A;N/A;N/A;N/A;N/A;N/A;N/A;N/A;N/A;N/A;N/A;"15 km/l";N/A;N/A;N/A;N/A;N/A;N/A;N/A;N/A;N/A;N/A;"17 km/l";N/A;N/A;N/A;N/A;N/A;"Lun. a Vie. 8:30 a 12 y 14 a 19 hs. Sáb. 8:30 a 12 hs.";4;2.0;Nafta;Manual;Pick-Up;"Autos y camionetas";No;N/A;N/A;N/A;No;N/A;N/A;No;Sí;No;No;N/A;N/A;N/A;N/A;N/A;N/A;N/A;N/A;N/A;N/A;N/A;N/A;N/A;N/A;N/A;N/A;N/A;N/A;N/A;N/A;N/A;N/A;N/A;N/A;N/A;N/A;N/A;N/A;N/A;N/A;N/A;N/A;N/A;N/A;N/A;N/A;N/A;N/A;N/A;N/A;N/A;N/A;N/A;N/A;N/A;N/A;N/A;N/A;N/A;N/A;Sí;No;N/A;N/A;N/A;N/A;N/A;N/A;N/A;N/A;N/A;N/A;N/A;N/A;N/A;N/A;N/A;N/A;N/A;N/A;N/A;N/A;N/A;N/A;N/A;N/A;N/A;N/A;N/A;N/A;N/A;N/A;N/A;N/A;N/A;N/A;N/A;N/A;N/A;N/A;N/A;N/A;N/A;N/A;N/A;N/A;N/A;N/A;N/A;N/A;N/A;N/A;N/A;N/A;N/A;N/A;N/A;N/A;N/A;N/A;N/A
Renault;Megane;-;1997;"178000 km";;MONTOSSIAUTOMVILES;5000;;;;;Maldonado;https://auto.mercadolibre.com.uy/MLU-647362635-renault-megane-1997-muy-buen-estado-_JM;N/A;;"Renault Mégane 1997 Muy Buen Estado!";usd;No;silver;false;N/A;N/A;http://perfil.mercadolibre.com.uy/MONTOSSIAUTOMVILES;active;N/A;N/A;Usado;Azul;N/A;Hidráulica;N/A;N/A;Sí;N/A;N/A;N/A;N/A;N/A;N/A;N/A;N/A;Sí;N/A;Sí;N/A;N/A;N/A;N/A;N/A;N/A;N/A;N/A;N/A;N/A;N/A;N/A;N/A;"2000 cc";N/A;N/A;N/A;N/A;N/A;N/A;N/A;N/A;N/A;N/A;N/A;N/A;N/A;N/A;N/A;N/A;N/A;N/A;N/A;N/A;N/A;N/A;N/A;N/A;N/A;N/A;N/A;N/A;N/A;N/A;N/A;N/A;N/A;N/A;N/A;N/A;N/A;N/A;N/A;N/A;N/A;N/A;N/A;N/A;N/A;N/A;N/A;N/A;N/A;N/A;N/A;N/A;N/A;N/A;N/A;N/A;N/A;N/A;N/A;N/A;N/A;N/A;N/A;Sí;N/A;N/A;N/A;N/A;N/A;N/A;N/A;N/A;N/A;N/A;N/A;N/A;"Lun. a Vie. 9:00 a 12:30 - 14:30 a 19:00 hs. Sáb. 9 a 13 hs";4;2.0;Nafta;Manual;Sedán;"Autos y camionetas";No;N/A;N/A;N/A;No;N/A;UY;No;Sí;No;No;N/A;N/A;N/A;N/A;N/A;N/A;N/A;N/A;N/A;N/A;N/A;N/A;N/A;N/A;N/A;N/A;N/A;N/A;N/A;N/A;N/A;N/A;N/A;N/A;N/A;N/A;N/A;N/A;N/A;N/A;N/A;N/A;N/A;N/A;N/A;N/A;N/A;N/A;N/A;N/A;N/A;N/A;N/A;N/A;N/A;N/A;N/A;N/A;N/A;N/A;N/A;No;N/A;N/A;N/A;N/A;N/A;N/A;N/A;N/A;N/A;N/A;N/A;N/A;N/A;N/A;N/A;N/A;N/A;N/A;N/A;N/A;N/A;N/A;N/A;N/A;N/A;N/A;N/A;N/A;N/A;N/A;N/A;N/A;N/A;N/A;N/A;N/A;N/A;N/A;N/A;Sí;N/A;Sí;N/A;N/A;N/A;N/A;N/A;N/A;N/A;N/A;N/A;Sí;Sí;N/A;N/A;N/A;Sí;N/A;Sí
Renault;Kwid;Outsider;2023;"0 km";;"OSCARPISANO RENAULT-NISSAN";16500;;;;;Sayago;https://auto.mercadolibre.com.uy/MLU-701894838-renault-kwid-outsider-100-2023-0km-_JM;N/A;;"Renault Kwid Outsider 10.0 2023 0km";usd;Sí;silver;false;N/A;N/A;http://perfil.mercadolibre.com.uy/OSCARPISANO+RENAULT-NISSAN;active;N/A;N/A;Nuevo;Rojo;N/A;Eléctrica;N/A;Sí;Sí;Sí;N/A;N/A;N/A;Sí;N/A;N/A;N/A;Sí;N/A;Sí;N/A;Sí;N/A;N/A;N/A;N/A;N/A;N/A;N/A;N/A;N/A;N/A;N/A;"10000 cc";N/A;5;N/A;N/A;Sí;Sí;N/A;N/A;N/A;N/A;N/A;N/A;N/A;N/A;N/A;N/A;N/A;N/A;N/A;N/A;N/A;N/A;N/A;N/A;N/A;N/A;N/A;Sí;N/A;N/A;N/A;Sí;N/A;N/A;N/A;N/A;N/A;N/A;Sí;N/A;N/A;N/A;N/A;N/A;N/A;N/A;N/A;N/A;N/A;N/A;N/A;N/A;N/A;N/A;N/A;Outsider;N/A;N/A;N/A;"20 km/l";N/A;N/A;N/A;N/A;N/A;N/A;Sí;N/A;N/A;N/A;"20 km/l";N/A;N/A;N/A;N/A;Sí;"Lun. a Vie. de 8:30 a 18:30 hs. Sáb. de 9 a 13 hs";5;10.0;Nafta;Manual;Hatchback;"Autos y camionetas";No;N/A;N/A;N/A;No;N/A;UY;No;Sí;No;No;N/A;N/A;N/A;N/A;N/A;N/A;N/A;N/A;N/A;N/A;N/A;N/A;N/A;N/A;N/A;N/A;N/A;N/A;N/A;N/A;N/A;N/A;N/A;N/A;N/A;N/A;N/A;N/A;N/A;N/A;N/A;N/A;Sí;N/A;N/A;N/A;N/A;N/A;N/A;N/A;N/A;N/A;N/A;N/A;N/A;N/A;N/A;N/A;N/A;N/A;Sí;No;N/A;N/A;N/A;N/A;N/A;N/A;N/A;N/A;N/A;N/A;N/A;N/A;N/A;N/A;N/A;N/A;N/A;N/A;N/A;N/A;N/A;N/A;N/A;N/A;N/A;N/A;N/A;N/A;N/A;N/A;N/A;N/A;N/A;Sí;Sí;Sí;Sí;Sí;Sí;Sí;N/A;N/A;Sí;N/A;N/A;N/A;N/A;Sí;Sí;N/A;N/A;Sí;Sí;Sí;Sí;N/A;Sí;Sí;Sí
Renault;Kangoo;"1.6 2 Confort 5as Aa Da Svt 1plc";2012;"180000 km";;MAXIMILIANODEUS;8400;;;;;"La Blanqueada";https://auto.mercadolibre.com.uy/MLU-706190366-renault-kangoo-16-2-confort-5as-aa-da-svt-1plc-_JM;N/A;;"Renault Kangoo 1.6 2 Confort 5as Aa Da Svt 1plc";usd;Sí;silver;false;N/A;N/A;http://perfil.mercadolibre.com.uy/MAXIMILIANODEUS;active;N/A;N/A;Usado;Gris;N/A;Hidráulica;Delantera;Sí;N/A;N/A;N/A;N/A;N/A;N/A;N/A;N/A;N/A;N/A;N/A;N/A;N/A;N/A;N/A;N/A;N/A;N/A;N/A;N/A;N/A;N/A;N/A;N/A;"2600 mm";"1.6 L";"52 L";5;N/A;N/A;N/A;N/A;N/A;N/A;N/A;N/A;N/A;N/A;N/A;N/A;N/A;N/A;N/A;N/A;N/A;N/A;N/A;N/A;N/A;N/A;N/A;N/A;N/A;N/A;N/A;N/A;N/A;N/A;N/A;N/A;N/A;No;N/A;N/A;N/A;N/A;N/A;N/A;N/A;N/A;N/A;N/A;N/A;"1860 mm";"4010 mm";N/A;N/A;N/A;N/A;2;"95 hp";Confort;N/A;4;"1672 mm";"11.09 km/l";N/A;N/A;N/A;N/A;N/A;N/A;N/A;N/A;N/A;N/A;N/A;N/A;N/A;N/A;N/A;N/A;N/A;3;1.6;Nafta;Manual;Furgón;"Autos y camionetas";N/A;N/A;N/A;N/A;N/A;N/A;UY;N/A;N/A;N/A;N/A;N/A;N/A;N/A;N/A;N/A;N/A;N/A;N/A;N/A;N/A;N/A;N/A;N/A;N/A;N/A;N/A;N/A;N/A;N/A;N/A;N/A;N/A;N/A;N/A;N/A;N/A;N/A;N/A;N/A;N/A;N/A;N/A;N/A;N/A;N/A;N/A;N/A;N/A;N/A;N/A;N/A;N/A;N/A;N/A;N/A;N/A;N/A;N/A;N/A;N/A;N/A;N/A;N/A;N/A;N/A;N/A;N/A;N/A;N/A;N/A;N/A;N/A;N/A;N/A;N/A;N/A;N/A;N/A;N/A;N/A;N/A;N/A;N/A;N/A;N/A;N/A;N/A;N/A;N/A;N/A;N/A;N/A;N/A;N/A;N/A;N/A;N/A;N/A;N/A;N/A;N/A;N/A;N/A;N/A;N/A;N/A;N/A;N/A;N/A;N/A;N/A;N/A;N/A;N/A;N/A;N/A;N/A;N/A;N/A;N/A;N/A
Renault;"Megane 2";"1.6 Rt Abs";2000;"231000 km";;"AUBERGE AUTOMÓVILES";5500;;;;;"Aires Puros";https://auto.mercadolibre.com.uy/MLU-706072728-renault-megane-2-16-rt-abs-_JM;N/A;;"Renault Megane 2 1.6 Rt Abs";usd;No;silver;false;N/A;N/A;http://perfil.mercadolibre.com.uy/AUBERGE+AUTOM%C3%93VILES;active;N/A;N/A;Usado;Dorado;N/A;Hidráulica;Delantera;Sí;N/A;N/A;N/A;N/A;N/A;N/A;N/A;N/A;N/A;N/A;N/A;N/A;N/A;N/A;N/A;N/A;N/A;N/A;N/A;N/A;N/A;N/A;N/A;N/A;"2686 mm";"1.6 L";"60 L";5;N/A;N/A;N/A;N/A;N/A;N/A;N/A;N/A;N/A;N/A;N/A;N/A;N/A;N/A;N/A;N/A;N/A;N/A;N/A;N/A;N/A;N/A;N/A;N/A;N/A;N/A;N/A;N/A;N/A;N/A;N/A;N/A;N/A;N/A;N/A;N/A;N/A;N/A;N/A;N/A;N/A;N/A;N/A;N/A;N/A;"1460 mm";"4498 mm";N/A;N/A;N/A;N/A;5;"100 hp";Rt;N/A;4;"2026 mm";N/A;N/A;N/A;N/A;N/A;N/A;N/A;N/A;N/A;N/A;N/A;N/A;N/A;N/A;N/A;N/A;N/A;N/A;4;1.6;Nafta;Manual;Sedán;"Autos y camionetas";N/A;N/A;N/A;N/A;N/A;N/A;UY;N/A;N/A;N/A;N/A;N/A;N/A;N/A;N/A;N/A;N/A;N/A;N/A;N/A;N/A;N/A;N/A;N/A;N/A;N/A;N/A;N/A;N/A;N/A;N/A;N/A;N/A;N/A;N/A;N/A;N/A;N/A;N/A;N/A;N/A;N/A;N/A;N/A;N/A;N/A;N/A;N/A;N/A;N/A;N/A;N/A;N/A;N/A;N/A;N/A;N/A;N/A;N/A;N/A;N/A;N/A;N/A;N/A;N/A;N/A;N/A;N/A;N/A;N/A;N/A;N/A;N/A;N/A;N/A;N/A;N/A;N/A;N/A;N/A;N/A;N/A;N/A;N/A;N/A;N/A;N/A;N/A;N/A;N/A;N/A;N/A;N/A;N/A;N/A;N/A;N/A;N/A;N/A;N/A;N/A;N/A;N/A;N/A;N/A;N/A;N/A;N/A;N/A;N/A;N/A;N/A;N/A;N/A;N/A;N/A;N/A;N/A;N/A;N/A;N/A;N/A
Renault;Logan;"1.6 Privilége 105cv";2015;"129000 km";;"ALE AR";10500;;;;;"Fray Bentos";https://auto.mercadolibre.com.uy/MLU-647404273-renault-logan-2015-16-privilege-105cv-_JM;N/A;;"Renault Logan 2015 1.6 Privilége 105cv";usd;Sí;silver;false;N/A;N/A;http://perfil.mercadolibre.com.uy/ALE+AR;active;N/A;N/A;Usado;N/A;N/A;Hidráulica;Delantera;N/A;N/A;N/A;N/A;N/A;N/A;N/A;N/A;N/A;N/A;N/A;N/A;N/A;N/A;N/A;N/A;N/A;N/A;N/A;N/A;N/A;N/A;N/A;N/A;N/A;"2635 mm";"1.6 L";"50 L";5;N/A;N/A;N/A;N/A;N/A;N/A;N/A;N/A;N/A;N/A;N/A;N/A;N/A;N/A;N/A;N/A;N/A;N/A;N/A;N/A;N/A;N/A;N/A;N/A;N/A;N/A;N/A;N/A;N/A;N/A;N/A;N/A;N/A;Sí;Sí;Sí;N/A;N/A;N/A;N/A;N/A;N/A;N/A;N/A;N/A;"1529 mm";"4350 mm";N/A;N/A;N/A;N/A;5;"105 hp";Privilege;N/A;4;"1733 mm";"11.8 km/l";N/A;N/A;N/A;N/A;N/A;N/A;Sí;N/A;N/A;N/A;"9.6 km/l";N/A;N/A;N/A;N/A;N/A;N/A;4;1.6;Nafta;Manual;Sedán;"Autos y camionetas";N/A;N/A;N/A;N/A;N/A;N/A;UY;N/A;N/A;N/A;N/A;N/A;N/A;N/A;N/A;N/A;N/A;N/A;N/A;N/A;N/A;N/A;N/A;N/A;N/A;N/A;N/A;N/A;N/A;N/A;N/A;N/A;N/A;N/A;N/A;N/A;N/A;N/A;N/A;N/A;N/A;N/A;N/A;N/A;N/A;N/A;N/A;N/A;N/A;N/A;N/A;N/A;N/A;N/A;N/A;N/A;N/A;N/A;N/A;N/A;N/A;N/A;N/A;N/A;N/A;N/A;N/A;N/A;N/A;N/A;N/A;N/A;N/A;N/A;N/A;N/A;N/A;N/A;N/A;N/A;N/A;N/A;N/A;N/A;N/A;N/A;N/A;N/A;N/A;N/A;N/A;N/A;N/A;N/A;N/A;N/A;N/A;N/A;N/A;N/A;N/A;N/A;N/A;N/A;N/A;N/A;N/A;N/A;N/A;N/A;N/A;N/A;N/A;N/A;N/A;N/A;N/A;N/A;N/A;N/A;N/A;N/A
Renault;Duster;"1.6 Ph2 4x2 Dynamique 110cv";2016;"145000 km";;FELIPEGINDEL;12000;;;;;"Barra de Carrasco";https://auto.mercadolibre.com.uy/MLU-703960300-renault-duster-16-ph2-4x2-dynamique-110cv-_JM;N/A;;"Renault Duster 1.6 Ph2 4x2 Dynamique 110cv";usd;Sí;silver;false;N/A;N/A;http://perfil.mercadolibre.com.uy/FELIPEGINDEL;active;N/A;N/A;Usado;Negro;N/A;Hidráulica;4x2;N/A;N/A;Sí;N/A;N/A;N/A;N/A;N/A;N/A;N/A;N/A;N/A;N/A;N/A;N/A;N/A;N/A;N/A;N/A;N/A;N/A;N/A;N/A;N/A;N/A;"2674 mm";"1.6 L";"50 L";5;N/A;N/A;N/A;N/A;N/A;N/A;N/A;N/A;N/A;N/A;N/A;N/A;N/A;N/A;N/A;N/A;N/A;N/A;N/A;N/A;N/A;N/A;N/A;N/A;N/A;N/A;N/A;N/A;N/A;N/A;N/A;N/A;N/A;N/A;N/A;N/A;N/A;N/A;N/A;N/A;N/A;N/A;N/A;N/A;N/A;"1683 mm";"4329 mm";N/A;N/A;N/A;N/A;5;"110 hp";Dynamique;N/A;4;"1822 mm";"11.1 km/l";N/A;N/A;N/A;N/A;N/A;N/A;N/A;N/A;N/A;N/A;"10.4 km/l";N/A;N/A;N/A;N/A;N/A;N/A;5;1.6;Nafta;Manual;SUV;"Autos y camionetas";N/A;N/A;N/A;N/A;N/A;N/A;UY;N/A;N/A;N/A;N/A;N/A;N/A;N/A;N/A;N/A;N/A;N/A;N/A;N/A;N/A;N/A;N/A;N/A;N/A;N/A;N/A;N/A;N/A;N/A;N/A;N/A;N/A;N/A;N/A;N/A;N/A;N/A;N/A;N/A;N/A;N/A;N/A;N/A;N/A;N/A;N/A;N/A;N/A;N/A;N/A;N/A;N/A;N/A;N/A;N/A;N/A;N/A;N/A;N/A;N/A;N/A;N/A;N/A;N/A;N/A;N/A;N/A;N/A;N/A;N/A;N/A;N/A;N/A;N/A;N/A;N/A;N/A;N/A;N/A;N/A;N/A;N/A;N/A;N/A;N/A;N/A;N/A;N/A;N/A;N/A;N/A;N/A;N/A;N/A;N/A;N/A;N/A;N/A;N/A;N/A;N/A;N/A;N/A;N/A;N/A;N/A;N/A;N/A;N/A;N/A;N/A;N/A;N/A;N/A;N/A;N/A;N/A;N/A;N/A;N/A;N/A
Renault;Captur;2.0;2018;"100000 km";;"AUTOMOTORA ALFACAR";18900;;;;;Castillos;https://auto.mercadolibre.com.uy/MLU-703811202-renault-_JM;N/A;;Renault;USD;Sí;silver;false;N/A;N/A;http://perfil.mercadolibre.com.uy/AUTOMOTORA+ALFACAR;active;N/A;N/A;Usado;Rojo;N/A;N/A;N/A;N/A;N/A;N/A;N/A;N/A;N/A;N/A;N/A;N/A;N/A;N/A;N/A;N/A;N/A;N/A;N/A;N/A;N/A;N/A;N/A;N/A;N/A;N/A;N/A;N/A;N/A;N/A;N/A;N/A;N/A;N/A;N/A;N/A;N/A;N/A;N/A;N/A;N/A;N/A;N/A;N/A;N/A;N/A;N/A;N/A;N/A;N/A;N/A;N/A;N/A;N/A;N/A;N/A;N/A;N/A;N/A;N/A;N/A;N/A;N/A;N/A;N/A;N/A;N/A;N/A;N/A;N/A;N/A;N/A;N/A;N/A;N/A;N/A;N/A;N/A;N/A;N/A;N/A;N/A;N/A;N/A;N/A;N/A;N/A;N/A;N/A;N/A;N/A;N/A;N/A;N/A;N/A;N/A;N/A;N/A;N/A;N/A;N/A;N/A;N/A;N/A;N/A;N/A;"Lunes a viernes de 9a12 y de 14.30 a 19";5;N/A;Nafta;N/A;N/A;"Autos y camionetas";N/A;N/A;N/A;N/A;N/A;N/A;N/A;N/A;N/A;N/A;N/A;N/A;N/A;N/A;N/A;N/A;N/A;N/A;N/A;N/A;N/A;N/A;N/A;N/A;N/A;N/A;N/A;N/A;N/A;N/A;N/A;N/A;N/A;N/A;N/A;N/A;N/A;N/A;N/A;N/A;N/A;N/A;N/A;N/A;N/A;N/A;N/A;N/A;N/A;N/A;N/A;N/A;N/A;N/A;N/A;N/A;N/A;N/A;N/A;N/A;N/A;N/A;N/A;N/A;N/A;N/A;N/A;N/A;N/A;N/A;N/A;N/A;N/A;N/A;N/A;N/A;N/A;N/A;N/A;N/A;N/A;N/A;N/A;N/A;N/A;N/A;N/A;N/A;N/A;N/A;N/A;N/A;N/A;N/A;N/A;N/A;N/A;N/A;N/A;N/A;N/A;N/A;N/A;N/A;N/A;N/A;N/A;N/A;N/A;N/A;N/A;N/A;N/A;N/A;N/A;N/A;N/A;N/A;N/A;N/A;N/A;N/A
Renault;Sandero;"1.0 Life";2021;"61000 km";;TORRESAUTOMOVILESCANELONES;14900;;;;;Canelones;https://auto.mercadolibre.com.uy/MLU-703263240-renault-nuevo-sandero-life-_JM;N/A;;"Renault Nuevo Sandero Life";usd;Sí;silver;false;N/A;N/A;http://perfil.mercadolibre.com.uy/TORRESAUTOMOVILESCANELONES;active;N/A;N/A;Usado;Gris;Sí;Hidráulica;Delantera;Sí;Sí;Sí;N/A;N/A;N/A;N/A;N/A;N/A;N/A;N/A;N/A;Sí;N/A;N/A;N/A;N/A;N/A;N/A;N/A;N/A;N/A;N/A;N/A;N/A;"2590 mm";"1 L";"50 L";5;N/A;N/A;N/A;N/A;N/A;N/A;N/A;N/A;N/A;N/A;N/A;N/A;N/A;N/A;N/A;N/A;N/A;N/A;N/A;N/A;N/A;N/A;N/A;N/A;N/A;N/A;N/A;N/A;N/A;N/A;N/A;N/A;N/A;Sí;Sí;Sí;N/A;N/A;N/A;N/A;N/A;N/A;N/A;N/A;N/A;"1559 mm";"4066 mm";N/A;N/A;N/A;N/A;5;"66 hp";Life;N/A;4;"1761 mm";"9.3 km/l";No;N/A;Sí;Sí;N/A;N/A;No;N/A;N/A;N/A;"5.9 km/l";N/A;N/A;N/A;N/A;Sí;"LAS 24 HS";5;1.0;Nafta;Manual;Hatchback;"Autos y camionetas";N/A;N/A;N/A;N/A;N/A;N/A;UY;N/A;Sí;N/A;N/A;N/A;N/A;N/A;N/A;N/A;N/A;N/A;N/A;N/A;N/A;N/A;N/A;N/A;N/A;N/A;N/A;N/A;N/A;N/A;N/A;N/A;N/A;N/A;N/A;N/A;N/A;N/A;N/A;N/A;N/A;N/A;N/A;N/A;N/A;N/A;N/A;N/A;N/A;N/A;N/A;N/A;N/A;N/A;N/A;N/A;N/A;N/A;N/A;N/A;N/A;N/A;N/A;N/A;N/A;N/A;N/A;N/A;N/A;N/A;N/A;N/A;N/A;N/A;N/A;N/A;N/A;N/A;N/A;N/A;N/A;N/A;N/A;N/A;N/A;N/A;N/A;N/A;N/A;N/A;N/A;N/A;N/A;N/A;N/A;N/A;Sí;Sí;N/A;N/A;N/A;N/A;N/A;N/A;N/A;Sí;N/A;N/A;Sí;N/A;N/A;Sí;Sí;Sí;Sí;Sí;Sí;N/A;N/A;Sí;N/A;Sí
Renault;Duster;"2.0 Ph2 4x2 Privilege 143cv";2016;"116000 km";;"DUTRA AUTOMÓVILES";17800;;;;;Rivera;https://auto.mercadolibre.com.uy/MLU-703041488-duster-privilege-20-4x2-_JM;N/A;;"Duster Privilege 2.0 4x2";usd;Sí;silver;false;N/A;N/A;http://perfil.mercadolibre.com.uy/DUTRA+AUTOM%C3%93VILES;active;N/A;N/A;Usado;Blanco;N/A;Hidráulica;4x2;N/A;N/A;Sí;N/A;N/A;N/A;N/A;N/A;N/A;N/A;N/A;N/A;N/A;N/A;N/A;N/A;N/A;N/A;N/A;N/A;N/A;N/A;N/A;N/A;N/A;"2674 mm";"2 L";"50 L";6;N/A;N/A;N/A;N/A;N/A;N/A;N/A;N/A;N/A;N/A;N/A;N/A;N/A;N/A;N/A;N/A;N/A;N/A;N/A;N/A;N/A;N/A;N/A;N/A;N/A;N/A;N/A;N/A;N/A;N/A;N/A;N/A;N/A;N/A;N/A;N/A;N/A;N/A;N/A;N/A;N/A;N/A;N/A;N/A;N/A;"1683 mm";"4329 mm";N/A;N/A;N/A;N/A;5;"143 hp";Privilege;N/A;4;"1822 mm";"10.8 km/l";N/A;N/A;N/A;N/A;N/A;N/A;N/A;N/A;N/A;N/A;N/A;N/A;N/A;N/A;N/A;N/A;"08:30 a 18:00";5;2.0;Nafta;Manual;SUV;"Autos y camionetas";N/A;N/A;N/A;N/A;N/A;N/A;UY;N/A;N/A;N/A;N/A;N/A;N/A;N/A;N/A;N/A;N/A;N/A;N/A;N/A;N/A;N/A;N/A;N/A;N/A;N/A;N/A;N/A;N/A;N/A;N/A;N/A;N/A;N/A;N/A;N/A;N/A;N/A;N/A;N/A;N/A;N/A;N/A;N/A;N/A;N/A;N/A;N/A;N/A;N/A;N/A;N/A;N/A;N/A;N/A;N/A;N/A;N/A;N/A;N/A;N/A;N/A;N/A;N/A;N/A;N/A;N/A;N/A;N/A;N/A;N/A;N/A;N/A;N/A;N/A;N/A;N/A;N/A;N/A;N/A;N/A;N/A;N/A;N/A;N/A;N/A;N/A;N/A;N/A;N/A;N/A;N/A;N/A;N/A;N/A;N/A;N/A;N/A;N/A;N/A;N/A;N/A;N/A;N/A;N/A;N/A;N/A;N/A;N/A;N/A;N/A;N/A;N/A;N/A;N/A;N/A;N/A;N/A;N/A;N/A;N/A;N/A
Renault;Duster;"1.6 Privilege";2020;"140000 km";;MARCELOVICOAUTOMOVILES;16400;;;;;Carmelo;https://auto.mercadolibre.com.uy/MLU-702703562-renault-duster-privilege-_JM;N/A;;"Renault Duster Privilege";USD;Sí;silver;false;N/A;N/A;http://perfil.mercadolibre.com.uy/MARCELOVICOAUTOMOVILES;active;N/A;N/A;Usado;Plateado;No;N/A;N/A;N/A;N/A;N/A;N/A;N/A;N/A;N/A;N/A;N/A;N/A;N/A;N/A;N/A;N/A;N/A;N/A;N/A;N/A;N/A;N/A;N/A;N/A;N/A;N/A;N/A;N/A;N/A;N/A;N/A;N/A;N/A;N/A;N/A;N/A;N/A;N/A;N/A;N/A;N/A;N/A;N/A;N/A;N/A;N/A;N/A;N/A;N/A;N/A;N/A;N/A;N/A;N/A;N/A;N/A;N/A;N/A;N/A;N/A;N/A;N/A;N/A;N/A;N/A;N/A;N/A;N/A;N/A;N/A;N/A;N/A;N/A;N/A;N/A;N/A;N/A;N/A;N/A;N/A;N/A;N/A;N/A;N/A;N/A;N/A;N/A;N/A;N/A;N/A;N/A;N/A;N/A;N/A;N/A;N/A;N/A;N/A;N/A;N/A;N/A;N/A;N/A;N/A;N/A;N/A;5;1.6;Nafta;N/A;N/A;"Autos y camionetas";N/A;N/A;N/A;N/A;N/A;N/A;N/A;N/A;N/A;N/A;N/A;N/A;N/A;N/A;N/A;N/A;N/A;N/A;N/A;N/A;N/A;N/A;N/A;N/A;N/A;N/A;N/A;N/A;N/A;N/A;N/A;N/A;N/A;N/A;N/A;N/A;N/A;N/A;N/A;N/A;N/A;N/A;N/A;N/A;N/A;N/A;N/A;N/A;N/A;N/A;N/A;N/A;N/A;N/A;N/A;N/A;N/A;N/A;N/A;N/A;N/A;N/A;N/A;N/A;N/A;N/A;N/A;N/A;N/A;N/A;N/A;N/A;N/A;N/A;N/A;N/A;N/A;N/A;N/A;N/A;N/A;N/A;N/A;N/A;N/A;N/A;N/A;N/A;N/A;N/A;N/A;N/A;N/A;N/A;N/A;N/A;N/A;N/A;N/A;N/A;N/A;N/A;N/A;N/A;N/A;N/A;N/A;N/A;N/A;N/A;N/A;N/A;N/A;N/A;N/A;N/A;N/A;N/A;N/A;N/A;N/A;N/A
Renault;Sandero;"1.6 Expression 90cv";2018;"162924 km";;VARGASALEJANDRA20211202124831;10900;;;;;Florida;https://auto.mercadolibre.com.uy/MLU-702729560-renault-sandero-16-expression-90cv-_JM;N/A;;"Renault Sandero 1.6 Expression 90cv";usd;Sí;silver;false;N/A;N/A;http://perfil.mercadolibre.com.uy/VARGASALEJANDRA20211202124831;active;N/A;N/A;Usado;Blanco;No;Hidráulica;Delantera;Sí;N/A;N/A;N/A;N/A;N/A;N/A;N/A;N/A;N/A;N/A;N/A;N/A;N/A;N/A;N/A;N/A;N/A;N/A;N/A;N/A;N/A;N/A;N/A;N/A;"2590 mm";"1.6 L";"50 L";5;N/A;N/A;N/A;N/A;N/A;N/A;N/A;N/A;N/A;N/A;N/A;N/A;N/A;N/A;N/A;N/A;N/A;N/A;N/A;N/A;N/A;N/A;N/A;N/A;N/A;N/A;N/A;N/A;N/A;N/A;N/A;N/A;N/A;N/A;N/A;N/A;N/A;N/A;N/A;N/A;N/A;N/A;N/A;N/A;N/A;"1536 mm";"4060 mm";N/A;N/A;N/A;N/A;5;"90 hp";Expression;N/A;2;"1733 mm";"10 km/l";N/A;N/A;N/A;N/A;N/A;N/A;N/A;N/A;N/A;Sí;"5.8 km/l";N/A;N/A;N/A;N/A;N/A;"Hasta las 22 horas";5;1.6;Nafta;Manual;Hatchback;"Autos y camionetas";N/A;N/A;N/A;N/A;N/A;N/A;UY;N/A;N/A;N/A;N/A;N/A;N/A;N/A;N/A;N/A;N/A;N/A;N/A;N/A;N/A;N/A;N/A;N/A;N/A;N/A;N/A;N/A;N/A;N/A;N/A;N/A;N/A;N/A;N/A;N/A;N/A;N/A;N/A;N/A;N/A;N/A;N/A;N/A;N/A;N/A;N/A;N/A;N/A;N/A;N/A;N/A;N/A;N/A;N/A;N/A;N/A;N/A;N/A;N/A;N/A;N/A;N/A;N/A;N/A;N/A;N/A;N/A;N/A;N/A;N/A;N/A;N/A;N/A;N/A;N/A;N/A;N/A;N/A;N/A;N/A;N/A;N/A;N/A;N/A;N/A;N/A;N/A;N/A;N/A;N/A;N/A;N/A;N/A;N/A;N/A;N/A;N/A;N/A;N/A;N/A;N/A;N/A;N/A;N/A;N/A;N/A;N/A;N/A;N/A;N/A;N/A;N/A;N/A;N/A;N/A;N/A;Sí;N/A;N/A;N/A;N/A
Renault;Fluence;"1.6 Expression";2018;"56000 km";;GARZÓNAUTOMÓVILES;14990;;;;;Belvedere;https://auto.mercadolibre.com.uy/MLU-702043280-renault-fluence-garzon-automoviles-_JM;N/A;;"Renault Fluence Garzón Automóviles";usd;Sí;silver;false;N/A;N/A;http://perfil.mercadolibre.com.uy/GARZ%C3%93NAUTOM%C3%93VILES;active;N/A;N/A;Usado;Blanco;Sí;Hidráulica;Delantera;Sí;N/A;N/A;N/A;N/A;N/A;N/A;N/A;N/A;N/A;N/A;Sí;Sí;N/A;Sí;N/A;N/A;N/A;N/A;N/A;N/A;N/A;N/A;N/A;N/A;"2700 mm";"1.6 L";"60 L";5;N/A;N/A;N/A;N/A;N/A;N/A;N/A;N/A;N/A;N/A;N/A;N/A;N/A;N/A;N/A;N/A;N/A;N/A;N/A;N/A;N/A;N/A;N/A;N/A;N/A;N/A;N/A;N/A;N/A;N/A;N/A;N/A;N/A;N/A;N/A;N/A;N/A;N/A;N/A;N/A;N/A;N/A;N/A;N/A;N/A;"1479 mm";"4618 mm";N/A;N/A;N/A;N/A;5;"110 hp";Expression;N/A;4;"1810 mm";"8.8 km/l";N/A;N/A;N/A;Sí;N/A;Sí;Sí;N/A;N/A;N/A;"5.3 km/l";N/A;N/A;N/A;N/A;N/A;"Lunes a viernes de 09 a 18 hrs";4;1.6;Nafta;Manual;Sedán;"Autos y camionetas";N/A;N/A;N/A;N/A;N/A;N/A;UY;N/A;Sí;N/A;N/A;N/A;N/A;N/A;N/A;N/A;N/A;N/A;N/A;N/A;N/A;N/A;N/A;N/A;N/A;N/A;N/A;N/A;N/A;N/A;N/A;N/A;N/A;N/A;N/A;N/A;N/A;N/A;N/A;N/A;N/A;N/A;N/A;N/A;N/A;N/A;N/A;N/A;N/A;N/A;N/A;N/A;N/A;N/A;N/A;N/A;N/A;N/A;N/A;N/A;N/A;N/A;N/A;N/A;N/A;N/A;N/A;N/A;N/A;N/A;N/A;N/A;N/A;N/A;N/A;N/A;N/A;N/A;N/A;N/A;N/A;N/A;N/A;N/A;N/A;N/A;N/A;N/A;N/A;N/A;N/A;N/A;N/A;N/A;N/A;N/A;Sí;N/A;Sí;N/A;Sí;N/A;N/A;N/A;N/A;Sí;N/A;N/A;Sí;N/A;N/A;N/A;N/A;Sí;Sí;N/A;Sí;N/A;N/A;N/A;N/A;Sí
Renault;Clio;"1.0 V Fase Ii Intens Tce";2024;"0 km";;"OMAR CASTROAUTOMOVILES";26990;;;;;Salto;https://auto.mercadolibre.com.uy/MLU-697924908-renault-clio-v-intense-_JM;N/A;;"Renault Clio V Intense";usd;Sí;silver;false;N/A;N/A;http://perfil.mercadolibre.com.uy/OMAR+CASTROAUTOMOVILES;active;N/A;N/A;Nuevo;Negro;N/A;N/A;Delantera;N/A;N/A;N/A;N/A;N/A;N/A;N/A;N/A;N/A;N/A;N/A;N/A;N/A;N/A;N/A;N/A;N/A;N/A;N/A;N/A;N/A;N/A;N/A;N/A;N/A;N/A;"1 L";"42 L";5;N/A;N/A;N/A;N/A;N/A;N/A;N/A;N/A;N/A;N/A;N/A;N/A;N/A;N/A;N/A;N/A;N/A;N/A;N/A;N/A;N/A;N/A;N/A;N/A;N/A;N/A;N/A;N/A;N/A;N/A;N/A;N/A;N/A;N/A;N/A;N/A;N/A;N/A;N/A;N/A;N/A;N/A;N/A;N/A;N/A;"1988 mm";"4050 mm";N/A;N/A;N/A;N/A;5;"100 hp";N/A;N/A;4;"1440 mm";N/A;N/A;N/A;N/A;N/A;N/A;N/A;N/A;N/A;N/A;N/A;N/A;N/A;N/A;N/A;N/A;N/A;"Lunes a viernes de 08:00 a 12:00, y de 14:45 a 18:45, Sabados de 08:30 a 12:30";5;1.0;Nafta;Manual;Hatchback;"Autos y camionetas";N/A;N/A;N/A;N/A;N/A;N/A;UY;N/A;N/A;N/A;N/A;N/A;N/A;N/A;N/A;N/A;N/A;N/A;N/A;N/A;N/A;N/A;N/A;N/A;N/A;N/A;N/A;N/A;N/A;N/A;N/A;N/A;N/A;N/A;N/A;N/A;N/A;N/A;N/A;N/A;N/A;N/A;N/A;N/A;N/A;N/A;N/A;N/A;N/A;N/A;N/A;N/A;N/A;N/A;N/A;N/A;N/A;N/A;N/A;N/A;N/A;N/A;N/A;N/A;N/A;N/A;N/A;N/A;N/A;N/A;N/A;N/A;N/A;N/A;N/A;N/A;N/A;N/A;N/A;N/A;N/A;N/A;N/A;N/A;N/A;N/A;N/A;N/A;N/A;N/A;N/A;N/A;N/A;N/A;N/A;N/A;N/A;N/A;N/A;N/A;N/A;N/A;N/A;N/A;N/A;N/A;N/A;N/A;N/A;N/A;N/A;N/A;N/A;N/A;N/A;N/A;N/A;N/A;N/A;N/A;N/A;N/A
Renault;"Sandero Stepway";"1.6 Intens Cvt";2020;"89000 km";;"DANIEL RODRIGUEZ16";17900;;;;;Tacuarembó;https://auto.mercadolibre.com.uy/MLU-697403012-renault-sandero-stepway-2020-16-intens-cvt-_JM;N/A;;"Renault Sandero Stepway 2020 1.6 Intens Cvt";usd;Sí;silver;false;N/A;N/A;http://perfil.mercadolibre.com.uy/DANIEL+RODRIGUEZ16;active;N/A;N/A;Usado;N/A;N/A;Hidráulica;Delantera;N/A;N/A;Sí;N/A;N/A;N/A;N/A;N/A;N/A;N/A;N/A;N/A;N/A;N/A;N/A;N/A;N/A;N/A;N/A;N/A;N/A;N/A;N/A;N/A;N/A;"2590 mm";"1.6 L";"50 L";6;N/A;N/A;N/A;N/A;N/A;N/A;N/A;N/A;N/A;N/A;N/A;N/A;N/A;N/A;N/A;N/A;N/A;N/A;N/A;N/A;N/A;N/A;N/A;N/A;N/A;N/A;N/A;N/A;N/A;N/A;N/A;N/A;N/A;N/A;N/A;N/A;N/A;N/A;N/A;N/A;N/A;N/A;N/A;N/A;N/A;"1559 mm";"4066 mm";N/A;N/A;N/A;N/A;5;"105 hp";Cvt;N/A;4;"1761 mm";"9.3 km/l";Sí;N/A;N/A;N/A;N/A;N/A;Sí;N/A;N/A;N/A;"5.9 km/l";N/A;N/A;N/A;N/A;N/A;N/A;5;1.6;Nafta;Automática;Hatchback;"Autos y camionetas";N/A;N/A;N/A;N/A;N/A;N/A;UY;N/A;N/A;N/A;N/A;N/A;N/A;N/A;N/A;N/A;N/A;N/A;N/A;N/A;N/A;N/A;N/A;N/A;N/A;N/A;N/A;N/A;N/A;N/A;N/A;N/A;N/A;N/A;N/A;N/A;N/A;N/A;N/A;N/A;N/A;N/A;N/A;N/A;N/A;N/A;N/A;N/A;N/A;N/A;N/A;N/A;N/A;N/A;N/A;N/A;N/A;N/A;N/A;N/A;N/A;N/A;N/A;N/A;N/A;N/A;N/A;N/A;N/A;N/A;N/A;N/A;N/A;N/A;N/A;N/A;N/A;N/A;N/A;N/A;N/A;N/A;N/A;N/A;N/A;N/A;N/A;N/A;N/A;N/A;N/A;N/A;N/A;N/A;N/A;N/A;N/A;N/A;N/A;N/A;N/A;N/A;N/A;N/A;N/A;N/A;N/A;N/A;N/A;N/A;N/A;N/A;N/A;N/A;N/A;N/A;N/A;N/A;N/A;N/A;N/A;N/A
Renault;"Duster Oroch";Zen;2025;"0 km";;AEROCAR2013;22990;;;;;Carrasco;https://auto.mercadolibre.com.uy/MLU-694644668-renault-oroch-zen-16-2025-0km-interauto-_JM;N/A;;"Renault Oroch Zen 1.6 2025 0km Interauto";USD;Sí;silver;false;N/A;N/A;http://perfil.mercadolibre.com.uy/AEROCAR2013;active;N/A;N/A;Nuevo;Blanco;N/A;Asistida;N/A;Sí;Sí;N/A;N/A;N/A;N/A;N/A;N/A;N/A;N/A;N/A;N/A;Sí;N/A;N/A;N/A;N/A;N/A;N/A;N/A;N/A;N/A;N/A;N/A;N/A;N/A;"1600 cc";N/A;5;N/A;N/A;Sí;Sí;N/A;N/A;N/A;N/A;N/A;N/A;N/A;N/A;N/A;N/A;N/A;N/A;N/A;N/A;N/A;N/A;N/A;N/A;N/A;N/A;N/A;Sí;N/A;N/A;N/A;N/A;N/A;N/A;N/A;N/A;N/A;N/A;N/A;N/A;N/A;N/A;N/A;N/A;N/A;N/A;N/A;N/A;N/A;N/A;N/A;N/A;N/A;N/A;N/A;Zen;N/A;N/A;N/A;N/A;N/A;N/A;N/A;Sí;N/A;N/A;N/A;N/A;N/A;N/A;N/A;N/A;N/A;N/A;N/A;N/A;"Lunes a Domingo de 9 a 18:30 hs";5;1.6;Nafta;Manual;Pick-Up;"Autos y camionetas";No;N/A;N/A;N/A;No;N/A;N/A;No;Sí;No;No;N/A;N/A;N/A;N/A;N/A;N/A;N/A;N/A;N/A;N/A;N/A;N/A;N/A;N/A;N/A;N/A;N/A;N/A;N/A;N/A;N/A;N/A;N/A;N/A;N/A;N/A;N/A;N/A;N/A;N/A;N/A;N/A;Sí;N/A;N/A;N/A;N/A;N/A;N/A;N/A;N/A;N/A;N/A;N/A;N/A;N/A;N/A;N/A;N/A;N/A;Sí;No;N/A;N/A;N/A;N/A;N/A;N/A;N/A;N/A;N/A;N/A;N/A;N/A;N/A;N/A;N/A;N/A;N/A;N/A;N/A;N/A;N/A;N/A;N/A;N/A;N/A;N/A;N/A;N/A;N/A;Sí;N/A;N/A;N/A;Sí;N/A;Sí;N/A;Sí;N/A;N/A;N/A;N/A;Sí;N/A;N/A;N/A;N/A;N/A;Sí;N/A;N/A;Sí;Sí;Sí;N/A;N/A;N/A;N/A;Sí
Renault;Kwid;Zen;2025;"0 km";;AEROCAR2013;14690;;;;;Carrasco;https://auto.mercadolibre.com.uy/MLU-694644612-renault-kwid-zen-10-2025-0km-interauto-_JM;N/A;;"Renault Kwid Zen 1.0 2025 0km Interauto";USD;Sí;silver;false;N/A;N/A;http://perfil.mercadolibre.com.uy/AEROCAR2013;active;N/A;N/A;Nuevo;Plateado;N/A;Asistida;Delantera;Sí;Sí;N/A;N/A;N/A;N/A;N/A;N/A;N/A;N/A;Sí;N/A;Sí;N/A;N/A;N/A;N/A;N/A;N/A;N/A;N/A;N/A;N/A;N/A;N/A;N/A;"1000 cc";N/A;N/A;N/A;N/A;Sí;Sí;N/A;N/A;N/A;N/A;N/A;N/A;N/A;N/A;N/A;N/A;N/A;N/A;N/A;N/A;N/A;N/A;N/A;N/A;N/A;N/A;N/A;Sí;N/A;N/A;N/A;N/A;N/A;N/A;N/A;N/A;N/A;N/A;N/A;N/A;N/A;N/A;N/A;N/A;N/A;N/A;N/A;N/A;N/A;N/A;N/A;N/A;N/A;N/A;N/A;Zen;N/A;N/A;N/A;"16 km/l";N/A;N/A;N/A;Sí;N/A;Sí;N/A;N/A;N/A;N/A;"20 km/l";N/A;N/A;N/A;N/A;N/A;"Lunes a Domingo de 9 a 18:30 hs";5;1.0;Nafta;Manual;Hatchback;"Autos y camionetas";No;N/A;N/A;N/A;No;N/A;N/A;No;Sí;No;No;N/A;N/A;N/A;N/A;N/A;N/A;N/A;N/A;N/A;N/A;N/A;N/A;N/A;N/A;N/A;N/A;N/A;N/A;N/A;N/A;N/A;N/A;N/A;N/A;N/A;N/A;N/A;N/A;N/A;N/A;N/A;N/A;Sí;N/A;N/A;N/A;N/A;N/A;N/A;N/A;N/A;N/A;N/A;N/A;N/A;N/A;Sí;N/A;N/A;N/A;Sí;No;N/A;N/A;N/A;N/A;N/A;N/A;N/A;N/A;N/A;N/A;N/A;N/A;N/A;N/A;N/A;N/A;N/A;N/A;N/A;N/A;N/A;N/A;N/A;N/A;N/A;N/A;N/A;N/A;N/A;Sí;N/A;N/A;N/A;Sí;Sí;N/A;N/A;Sí;N/A;Sí;N/A;N/A;Sí;N/A;N/A;N/A;N/A;Sí;Sí;N/A;N/A;Sí;Sí;N/A;N/A;N/A;N/A;N/A;Sí
Renault;Megane;"1.9 Tdi Tric Pack Plus";2008;"322000 km";;LEONARLOP789;7900;;;;;Pando;https://auto.mercadolibre.com.uy/MLU-706123060-renault-megane-19-tdi-tric-pack-plus-_JM;N/A;;"Renault Megane 1.9 Tdi Tric Pack Plus";usd;Sí;silver;false;N/A;N/A;http://perfil.mercadolibre.com.uy/LEONARLOP789;active;N/A;N/A;Usado;Blanco;N/A;Hidráulica;Delantera;Sí;N/A;Sí;N/A;N/A;N/A;N/A;N/A;N/A;N/A;N/A;N/A;Sí;N/A;N/A;N/A;N/A;N/A;N/A;N/A;N/A;N/A;N/A;N/A;N/A;"2686 mm";"1.9 L";"60 L";5;N/A;N/A;N/A;N/A;N/A;N/A;N/A;N/A;N/A;N/A;N/A;N/A;N/A;N/A;N/A;N/A;N/A;N/A;N/A;N/A;N/A;N/A;N/A;N/A;N/A;N/A;N/A;N/A;N/A;N/A;N/A;N/A;N/A;Sí;N/A;N/A;N/A;N/A;N/A;N/A;N/A;N/A;N/A;N/A;N/A;"1435 mm";"4436 mm";N/A;N/A;N/A;N/A;5;"100 hp";"Pack Plus";N/A;2;"1777 mm";N/A;N/A;N/A;Sí;Sí;N/A;Sí;Sí;N/A;N/A;N/A;N/A;N/A;N/A;N/A;N/A;N/A;N/A;4;1.9;Diésel;Manual;Sedán;"Autos y camionetas";N/A;N/A;N/A;N/A;N/A;N/A;UY;N/A;N/A;N/A;N/A;N/A;N/A;N/A;N/A;N/A;N/A;N/A;N/A;N/A;N/A;N/A;N/A;N/A;N/A;N/A;N/A;N/A;N/A;N/A;N/A;N/A;N/A;N/A;N/A;N/A;N/A;N/A;N/A;N/A;N/A;N/A;N/A;N/A;N/A;N/A;N/A;N/A;N/A;N/A;N/A;N/A;N/A;N/A;N/A;N/A;N/A;N/A;N/A;N/A;N/A;N/A;N/A;N/A;N/A;N/A;N/A;N/A;N/A;N/A;N/A;N/A;N/A;N/A;N/A;N/A;N/A;N/A;N/A;N/A;N/A;N/A;N/A;N/A;N/A;N/A;N/A;N/A;N/A;N/A;N/A;N/A;N/A;N/A;N/A;N/A;N/A;N/A;N/A;N/A;N/A;N/A;N/A;N/A;N/A;N/A;N/A;N/A;N/A;N/A;N/A;N/A;Sí;N/A;N/A;N/A;N/A;N/A;N/A;N/A;N/A;N/A
Renault;Kangoo;"FASE 2";2018;"144000 km";;"AUTOMOTORA DRIVERS";9500;;;;;Centro;https://auto.mercadolibre.com.uy/MLU-644803331-renault-kangoo-fase-2-furgon-2018-us-9500-dta-iva-_JM;N/A;;"Renault Kangoo Fase 2 Furgon 2018 U$s 9500 Dta Iva ";USD;Sí;silver;false;N/A;N/A;http://perfil.mercadolibre.com.uy/AUTOMOTORA+DRIVERS;active;N/A;N/A;Usado;Blanco;N/A;Hidráulica;Delantera;N/A;Sí;N/A;N/A;N/A;N/A;N/A;N/A;N/A;N/A;N/A;N/A;N/A;N/A;N/A;N/A;N/A;N/A;N/A;N/A;N/A;N/A;N/A;N/A;N/A;N/A;N/A;N/A;N/A;N/A;N/A;N/A;N/A;N/A;N/A;N/A;N/A;N/A;N/A;N/A;N/A;N/A;N/A;N/A;N/A;N/A;N/A;N/A;N/A;N/A;N/A;N/A;N/A;N/A;N/A;N/A;N/A;N/A;N/A;N/A;N/A;N/A;N/A;N/A;N/A;N/A;N/A;N/A;N/A;N/A;N/A;N/A;N/A;N/A;N/A;N/A;N/A;N/A;N/A;N/A;N/A;N/A;N/A;N/A;N/A;N/A;N/A;N/A;N/A;N/A;Sí;N/A;Sí;N/A;N/A;N/A;N/A;N/A;N/A;N/A;N/A;N/A;N/A;"LUNES A VIERNES DE 10 A 18 HRS";5;1.6;Nafta;Manual;Furgón;"Autos y camionetas";N/A;N/A;N/A;N/A;N/A;N/A;N/A;N/A;Sí;N/A;N/A;N/A;N/A;N/A;N/A;N/A;N/A;N/A;N/A;N/A;N/A;N/A;N/A;N/A;N/A;N/A;N/A;N/A;N/A;N/A;N/A;N/A;N/A;N/A;N/A;N/A;N/A;N/A;N/A;N/A;N/A;N/A;N/A;N/A;N/A;N/A;N/A;N/A;N/A;N/A;N/A;N/A;N/A;N/A;N/A;N/A;N/A;N/A;N/A;N/A;N/A;N/A;N/A;N/A;N/A;N/A;N/A;N/A;N/A;N/A;N/A;N/A;N/A;N/A;N/A;N/A;N/A;N/A;N/A;N/A;N/A;N/A;N/A;N/A;N/A;N/A;N/A;N/A;N/A;N/A;N/A;N/A;N/A;N/A;N/A;N/A;Sí;N/A;N/A;N/A;N/A;N/A;N/A;N/A;N/A;Sí;N/A;Sí;N/A;N/A;N/A;N/A;N/A;Sí;Sí;Sí;N/A;N/A;N/A;N/A;N/A;Sí
Renault;Sandero;"1.0 Life";2022;"76000 km";;"AUBERGE AUTOMÓVILES";13500;;;;;"Aires Puros";https://auto.mercadolibre.com.uy/MLU-693392950-renault-sandero-10-life-_JM;N/A;;"Renault Sandero 1.0 Life";usd;Sí;silver;false;N/A;N/A;http://perfil.mercadolibre.com.uy/AUBERGE+AUTOM%C3%93VILES;active;N/A;N/A;Usado;Blanco;N/A;Hidráulica;Delantera;N/A;N/A;Sí;N/A;N/A;N/A;N/A;N/A;N/A;N/A;N/A;N/A;N/A;N/A;N/A;N/A;N/A;N/A;N/A;N/A;N/A;N/A;N/A;N/A;N/A;"2590 mm";"1 L";"50 L";5;N/A;N/A;N/A;N/A;N/A;N/A;N/A;N/A;N/A;N/A;N/A;N/A;N/A;N/A;N/A;N/A;N/A;N/A;N/A;N/A;N/A;N/A;N/A;N/A;N/A;N/A;N/A;N/A;N/A;N/A;N/A;N/A;N/A;Sí;Sí;Sí;N/A;N/A;N/A;N/A;N/A;N/A;N/A;N/A;N/A;"1559 mm";"4066 mm";N/A;N/A;N/A;N/A;5;"66 hp";Life;N/A;4;"1761 mm";"9.3 km/l";Sí;N/A;N/A;N/A;N/A;N/A;Sí;N/A;N/A;N/A;"5.9 km/l";N/A;N/A;N/A;N/A;N/A;N/A;5;1.0;Nafta;Manual;Hatchback;"Autos y camionetas";N/A;N/A;N/A;N/A;N/A;N/A;UY;N/A;N/A;N/A;N/A;N/A;N/A;N/A;N/A;N/A;N/A;N/A;N/A;N/A;N/A;N/A;N/A;N/A;N/A;N/A;N/A;N/A;N/A;N/A;N/A;N/A;N/A;N/A;N/A;N/A;N/A;N/A;N/A;N/A;N/A;N/A;N/A;N/A;N/A;N/A;N/A;N/A;N/A;N/A;N/A;N/A;N/A;N/A;N/A;N/A;N/A;N/A;N/A;N/A;N/A;N/A;N/A;N/A;N/A;N/A;N/A;N/A;N/A;N/A;N/A;N/A;N/A;N/A;N/A;N/A;N/A;N/A;N/A;N/A;N/A;N/A;N/A;N/A;N/A;N/A;N/A;N/A;N/A;N/A;N/A;N/A;N/A;N/A;N/A;N/A;N/A;N/A;N/A;N/A;N/A;N/A;N/A;N/A;N/A;N/A;N/A;N/A;N/A;N/A;N/A;N/A;N/A;N/A;N/A;N/A;N/A;N/A;N/A;N/A;N/A;N/A
Renault;Kwid;"1.0 Sce 66cv Life";2023;"37000 km";;SEBAKELLERMAN;11990;;;;;Colón;https://auto.mercadolibre.com.uy/MLU-647511103-renault-kwid-2023-10-sce-66cv-life-_JM;N/A;;"Renault Kwid 2023 1.0 Sce 66cv Life";usd;Sí;silver;false;N/A;N/A;http://perfil.mercadolibre.com.uy/SEBAKELLERMAN;active;N/A;N/A;Usado;N/A;N/A;N/A;Delantera;N/A;N/A;Sí;N/A;N/A;N/A;N/A;N/A;N/A;N/A;N/A;N/A;N/A;N/A;N/A;N/A;N/A;N/A;N/A;N/A;N/A;N/A;N/A;N/A;N/A;"2423 mm";"1 L";"50 L";5;N/A;N/A;N/A;N/A;N/A;N/A;N/A;N/A;N/A;N/A;N/A;N/A;N/A;N/A;N/A;N/A;N/A;N/A;N/A;N/A;N/A;N/A;N/A;N/A;N/A;N/A;N/A;N/A;N/A;N/A;N/A;N/A;N/A;N/A;N/A;N/A;N/A;N/A;N/A;N/A;N/A;N/A;N/A;N/A;N/A;"1474 mm";"3680 mm";N/A;N/A;N/A;N/A;5;"66 hp";Life;N/A;4;"1752 mm";N/A;N/A;N/A;N/A;N/A;N/A;N/A;N/A;N/A;N/A;N/A;N/A;N/A;N/A;N/A;N/A;N/A;N/A;5;1.0;Nafta;Manual;Hatchback;"Autos y camionetas";N/A;N/A;N/A;N/A;N/A;N/A;UY;N/A;N/A;N/A;N/A;N/A;N/A;N/A;N/A;N/A;N/A;N/A;N/A;N/A;N/A;N/A;N/A;N/A;N/A;N/A;N/A;N/A;N/A;N/A;N/A;N/A;N/A;N/A;N/A;N/A;N/A;N/A;N/A;N/A;N/A;N/A;N/A;N/A;N/A;N/A;N/A;N/A;N/A;N/A;N/A;N/A;N/A;N/A;N/A;N/A;N/A;N/A;N/A;N/A;N/A;N/A;N/A;N/A;N/A;N/A;N/A;N/A;N/A;N/A;N/A;N/A;N/A;N/A;N/A;N/A;N/A;N/A;N/A;N/A;N/A;N/A;N/A;N/A;N/A;N/A;N/A;N/A;N/A;N/A;N/A;N/A;N/A;N/A;N/A;N/A;N/A;N/A;N/A;N/A;N/A;N/A;N/A;N/A;N/A;N/A;N/A;N/A;N/A;N/A;N/A;N/A;N/A;N/A;N/A;N/A;N/A;N/A;N/A;N/A;N/A;N/A
Renault;Clio;Std;1994;"195708 km";;SHOPPINGDEUSADOSSALTO;4500;;;;;Salto;https://auto.mercadolibre.com.uy/MLU-702222644-renault-clio-std-12-1994-impecable-_JM;N/A;;"Renault Clio Std 1.2 1994 Impecable!";USD;No;silver;false;N/A;N/A;http://perfil.mercadolibre.com.uy/SHOPPINGDEUSADOSSALTO;active;N/A;N/A;Usado;Blanco;N/A;Mecánica;N/A;N/A;N/A;N/A;N/A;N/A;N/A;N/A;N/A;N/A;N/A;N/A;N/A;N/A;N/A;N/A;N/A;N/A;N/A;N/A;N/A;N/A;N/A;N/A;N/A;N/A;N/A;"1200 cc";N/A;N/A;N/A;N/A;N/A;N/A;N/A;N/A;N/A;N/A;N/A;N/A;N/A;N/A;N/A;N/A;N/A;N/A;N/A;N/A;N/A;N/A;N/A;N/A;N/A;N/A;N/A;N/A;N/A;N/A;N/A;N/A;N/A;N/A;N/A;N/A;N/A;N/A;N/A;N/A;N/A;N/A;N/A;N/A;N/A;N/A;N/A;N/A;N/A;N/A;N/A;N/A;N/A;N/A;N/A;N/A;N/A;N/A;N/A;N/A;N/A;N/A;N/A;N/A;N/A;N/A;N/A;Sí;N/A;N/A;N/A;N/A;N/A;N/A;N/A;Sí;"Lun a Vie de 8:30 a 12:30 y 14:30 a 18:30. Sáb de 9 a 13 hs";3;1.2;Nafta;Manual;Hatchback;"Autos y camionetas";No;N/A;N/A;N/A;No;N/A;N/A;No;Sí;No;No;N/A;N/A;N/A;N/A;N/A;N/A;N/A;N/A;N/A;N/A;N/A;N/A;N/A;N/A;N/A;N/A;N/A;N/A;N/A;N/A;N/A;N/A;N/A;N/A;N/A;N/A;N/A;N/A;N/A;N/A;N/A;N/A;N/A;N/A;N/A;N/A;N/A;N/A;N/A;N/A;N/A;N/A;N/A;N/A;N/A;N/A;N/A;N/A;N/A;N/A;N/A;No;N/A;N/A;N/A;N/A;N/A;N/A;N/A;N/A;N/A;N/A;N/A;N/A;N/A;N/A;N/A;N/A;N/A;N/A;N/A;N/A;N/A;N/A;N/A;N/A;N/A;N/A;N/A;N/A;N/A;N/A;N/A;N/A;N/A;N/A;N/A;Sí;N/A;N/A;N/A;N/A;N/A;N/A;N/A;N/A;N/A;N/A;N/A;N/A;N/A;N/A;N/A;Sí;Sí;N/A;Sí;N/A;N/A;N/A;N/A
Renault;Kwid;"1.0 Sce 66cv Zen";2020;"55000 km";;JSAUTOMOTORES_;12500;;;;;Mercedes;https://auto.mercadolibre.com.uy/MLU-699778374-renault-kwid-2020-10-sce-66cv-zen-_JM;N/A;;"Renault Kwid 2020 1.0 Sce 66cv Zen";usd;Sí;silver;false;N/A;N/A;http://perfil.mercadolibre.com.uy/JSAUTOMOTORES_;active;N/A;N/A;Usado;N/A;N/A;N/A;Delantera;N/A;N/A;Sí;N/A;N/A;N/A;N/A;N/A;N/A;N/A;N/A;N/A;N/A;N/A;N/A;N/A;N/A;N/A;N/A;N/A;N/A;N/A;N/A;N/A;N/A;"2423 mm";"1 L";"50 L";5;N/A;N/A;N/A;N/A;N/A;N/A;N/A;N/A;N/A;N/A;N/A;N/A;N/A;N/A;N/A;N/A;N/A;N/A;N/A;N/A;N/A;N/A;N/A;N/A;N/A;N/A;N/A;N/A;N/A;N/A;N/A;N/A;N/A;N/A;N/A;N/A;N/A;N/A;N/A;N/A;N/A;N/A;N/A;N/A;N/A;"1474 mm";"3680 mm";N/A;N/A;N/A;N/A;5;"66 hp";Zen;N/A;4;"1752 mm";N/A;N/A;N/A;N/A;N/A;N/A;N/A;N/A;N/A;N/A;N/A;N/A;N/A;N/A;N/A;N/A;N/A;N/A;5;1.0;Nafta;Manual;Hatchback;"Autos y camionetas";N/A;N/A;N/A;N/A;N/A;N/A;UY;N/A;N/A;N/A;N/A;N/A;N/A;N/A;N/A;N/A;N/A;N/A;N/A;N/A;N/A;N/A;N/A;N/A;N/A;N/A;N/A;N/A;N/A;N/A;N/A;N/A;N/A;N/A;N/A;N/A;N/A;N/A;N/A;N/A;N/A;N/A;N/A;N/A;N/A;N/A;N/A;N/A;N/A;N/A;N/A;N/A;N/A;N/A;N/A;N/A;N/A;N/A;N/A;N/A;N/A;N/A;N/A;N/A;N/A;N/A;N/A;N/A;N/A;N/A;N/A;N/A;N/A;N/A;N/A;N/A;N/A;N/A;N/A;N/A;N/A;N/A;N/A;N/A;N/A;N/A;N/A;N/A;N/A;N/A;N/A;N/A;N/A;N/A;N/A;N/A;N/A;N/A;N/A;N/A;N/A;N/A;N/A;N/A;N/A;N/A;N/A;N/A;N/A;N/A;N/A;N/A;N/A;N/A;N/A;N/A;N/A;N/A;N/A;N/A;N/A;N/A
Renault;"Mini 4 s";"2 puertas";1971;"80000 km";;AUTCUEVAS;6000;;;;;Trinidad;https://auto.mercadolibre.com.uy/MLU-699993034-renault-mini-4-s-2-puertas-_JM;N/A;;"Renault Mini 4 S 2 Puertas ";USD;No;silver;false;N/A;N/A;http://perfil.mercadolibre.com.uy/AUTCUEVAS;active;N/A;N/A;Usado;N/A;N/A;N/A;N/A;N/A;N/A;N/A;N/A;N/A;N/A;N/A;N/A;N/A;N/A;N/A;N/A;N/A;N/A;N/A;N/A;N/A;N/A;N/A;N/A;N/A;N/A;N/A;N/A;N/A;N/A;N/A;N/A;N/A;N/A;N/A;N/A;N/A;N/A;N/A;N/A;N/A;N/A;N/A;N/A;N/A;N/A;N/A;N/A;N/A;N/A;N/A;N/A;N/A;N/A;N/A;N/A;N/A;N/A;N/A;N/A;N/A;N/A;N/A;N/A;N/A;N/A;N/A;N/A;N/A;N/A;N/A;N/A;N/A;N/A;N/A;N/A;N/A;N/A;N/A;N/A;N/A;N/A;N/A;N/A;N/A;N/A;N/A;N/A;N/A;N/A;N/A;N/A;N/A;N/A;N/A;N/A;N/A;N/A;N/A;N/A;N/A;N/A;N/A;N/A;N/A;N/A;N/A;N/A;2;N/A;Nafta;N/A;N/A;"Autos y camionetas";N/A;N/A;N/A;N/A;N/A;N/A;N/A;N/A;N/A;N/A;N/A;N/A;N/A;N/A;N/A;N/A;N/A;N/A;N/A;N/A;N/A;N/A;N/A;N/A;N/A;N/A;N/A;N/A;N/A;N/A;N/A;N/A;N/A;N/A;N/A;N/A;N/A;N/A;N/A;N/A;N/A;N/A;N/A;N/A;N/A;N/A;N/A;N/A;N/A;N/A;N/A;N/A;N/A;N/A;N/A;N/A;N/A;N/A;N/A;N/A;N/A;N/A;N/A;N/A;N/A;N/A;N/A;N/A;N/A;N/A;N/A;N/A;N/A;N/A;N/A;N/A;N/A;N/A;N/A;N/A;N/A;N/A;N/A;N/A;N/A;N/A;N/A;N/A;N/A;N/A;N/A;N/A;N/A;N/A;N/A;N/A;N/A;N/A;N/A;N/A;N/A;N/A;N/A;N/A;N/A;N/A;N/A;N/A;N/A;N/A;N/A;N/A;N/A;N/A;N/A;N/A;N/A;N/A;N/A;N/A;N/A;N/A
Renault;Oroch;"Dinamique 2.0";2016;"198000 km";;DANYQUERVES;12500;;;;;Florida;https://auto.mercadolibre.com.uy/MLU-702947944-renault-oroch-20-_JM;N/A;;"Renault Oroch 2.0";USD;Sí;silver;false;N/A;N/A;http://perfil.mercadolibre.com.uy/DANYQUERVES;active;N/A;N/A;Usado;Blanco;No;Eléctrica;Delantera;Sí;Sí;N/A;N/A;N/A;N/A;N/A;N/A;No;N/A;N/A;Sí;Sí;N/A;N/A;N/A;N/A;N/A;N/A;N/A;N/A;N/A;N/A;N/A;N/A;N/A;N/A;N/A;N/A;N/A;N/A;N/A;N/A;N/A;N/A;N/A;N/A;N/A;N/A;N/A;N/A;N/A;N/A;N/A;N/A;N/A;N/A;N/A;N/A;N/A;N/A;N/A;N/A;N/A;N/A;N/A;N/A;N/A;No;N/A;N/A;N/A;N/A;N/A;N/A;N/A;N/A;N/A;N/A;N/A;N/A;N/A;N/A;N/A;N/A;N/A;N/A;N/A;N/A;N/A;N/A;N/A;N/A;N/A;N/A;N/A;N/A;No;N/A;N/A;Sí;N/A;Sí;Sí;N/A;No;N/A;N/A;N/A;N/A;N/A;N/A;N/A;N/A;4;2.0;Nafta;Manual;Pick-Up;"Autos y camionetas";N/A;N/A;N/A;N/A;N/A;N/A;N/A;N/A;No;N/A;N/A;N/A;N/A;N/A;N/A;N/A;N/A;N/A;N/A;N/A;N/A;N/A;N/A;N/A;No;N/A;N/A;N/A;N/A;N/A;N/A;N/A;N/A;N/A;N/A;N/A;N/A;N/A;N/A;N/A;N/A;N/A;N/A;N/A;N/A;N/A;N/A;N/A;N/A;N/A;N/A;N/A;N/A;N/A;N/A;N/A;N/A;N/A;N/A;N/A;N/A;N/A;N/A;N/A;N/A;N/A;N/A;N/A;N/A;N/A;N/A;N/A;N/A;N/A;N/A;N/A;N/A;N/A;N/A;N/A;N/A;N/A;N/A;N/A;N/A;N/A;N/A;N/A;N/A;N/A;N/A;N/A;N/A;N/A;N/A;No;N/A;N/A;Sí;N/A;N/A;N/A;N/A;N/A;N/A;N/A;N/A;N/A;N/A;N/A;N/A;N/A;Sí;N/A;Sí;Sí;Sí;No;No;Sí;N/A;Sí
Renault;Oroch;"1.6 Sce Cargo 2Wd Mt";2024;"0 km";;"DELTACAR S.A.";20990;;;;;Mercedes;https://auto.mercadolibre.com.uy/MLU-701641782-nueva-oroch-cargo-16-mt-_JM;N/A;;"Nueva Oroch Cargo 1.6 Mt";usd;Sí;silver;false;N/A;N/A;http://perfil.mercadolibre.com.uy/DELTACAR+S.A.;active;N/A;N/A;Nuevo;Plateado;N/A;N/A;Delantera;N/A;N/A;N/A;N/A;N/A;N/A;N/A;N/A;N/A;N/A;N/A;N/A;N/A;N/A;N/A;N/A;N/A;N/A;N/A;N/A;N/A;N/A;N/A;N/A;N/A;"2890 mm";"1.6 L";"45 L";6;N/A;N/A;N/A;N/A;N/A;N/A;N/A;N/A;N/A;N/A;N/A;N/A;N/A;N/A;N/A;N/A;N/A;N/A;N/A;N/A;N/A;N/A;N/A;N/A;N/A;N/A;N/A;N/A;N/A;N/A;N/A;N/A;N/A;N/A;N/A;N/A;N/A;N/A;N/A;N/A;N/A;N/A;N/A;N/A;N/A;"1631 mm";"4700 mm";N/A;N/A;N/A;N/A;5;"118 hp";Cargo;N/A;4;"1821 mm";N/A;N/A;N/A;N/A;N/A;N/A;N/A;N/A;N/A;N/A;N/A;N/A;N/A;N/A;N/A;N/A;N/A;"TODOS LOS DIAS";4;1.6;Nafta;Manual;Pick-Up;"Autos y camionetas";N/A;N/A;N/A;N/A;N/A;N/A;UY;N/A;N/A;N/A;N/A;N/A;N/A;N/A;N/A;N/A;N/A;N/A;N/A;N/A;N/A;N/A;N/A;N/A;N/A;N/A;N/A;N/A;N/A;N/A;N/A;N/A;N/A;N/A;N/A;N/A;N/A;N/A;N/A;N/A;N/A;N/A;N/A;N/A;N/A;N/A;N/A;N/A;N/A;N/A;N/A;N/A;N/A;N/A;N/A;N/A;N/A;N/A;N/A;N/A;N/A;N/A;N/A;N/A;N/A;N/A;N/A;N/A;N/A;N/A;N/A;N/A;N/A;N/A;N/A;N/A;N/A;N/A;N/A;N/A;N/A;N/A;N/A;N/A;N/A;N/A;N/A;N/A;N/A;N/A;N/A;N/A;N/A;N/A;N/A;N/A;N/A;N/A;N/A;N/A;N/A;N/A;N/A;N/A;N/A;N/A;N/A;N/A;N/A;N/A;N/A;N/A;N/A;N/A;N/A;N/A;N/A;N/A;N/A;N/A;N/A;N/A
Renault;Fluence;"2.0 Privilege Mt";2013;"165000 km";;"DELTACAR S.A.";10500;;;;;Mercedes;https://auto.mercadolibre.com.uy/MLU-646824953-renault-fluence-privilege-_JM;N/A;;"Renault Fluence Privilege ";usd;Sí;silver;false;N/A;N/A;http://perfil.mercadolibre.com.uy/DELTACAR+S.A.;active;N/A;N/A;Usado;Dorado;N/A;Eléctrica;Delantera;N/A;N/A;Sí;N/A;N/A;N/A;N/A;N/A;Sí;N/A;N/A;N/A;N/A;N/A;N/A;N/A;N/A;N/A;N/A;N/A;N/A;N/A;N/A;N/A;N/A;"2700 mm";"2 L";"60 L";6;N/A;N/A;N/A;N/A;N/A;N/A;N/A;N/A;N/A;Sí;N/A;N/A;N/A;N/A;N/A;N/A;N/A;N/A;N/A;N/A;N/A;N/A;N/A;N/A;N/A;N/A;N/A;N/A;N/A;N/A;N/A;N/A;N/A;Sí;Sí;Sí;N/A;N/A;N/A;N/A;N/A;N/A;N/A;N/A;N/A;"1479 mm";"4618 mm";N/A;N/A;N/A;N/A;5;"143 hp";Privilege;N/A;4;"1810 mm";"11 km/l";Sí;N/A;N/A;Sí;N/A;N/A;Sí;N/A;N/A;N/A;"6.2 km/l";N/A;N/A;N/A;N/A;N/A;"todos los dias";4;2.0;Nafta;Manual;Sedán;"Autos y camionetas";N/A;N/A;N/A;N/A;N/A;N/A;UY;N/A;N/A;N/A;N/A;N/A;N/A;N/A;N/A;N/A;N/A;N/A;N/A;N/A;N/A;N/A;N/A;N/A;N/A;N/A;N/A;N/A;N/A;N/A;N/A;N/A;N/A;N/A;N/A;N/A;N/A;N/A;N/A;N/A;N/A;N/A;N/A;N/A;N/A;N/A;N/A;N/A;N/A;N/A;N/A;N/A;N/A;N/A;N/A;N/A;N/A;N/A;N/A;N/A;N/A;N/A;N/A;N/A;N/A;N/A;N/A;N/A;N/A;N/A;N/A;N/A;N/A;N/A;N/A;N/A;N/A;N/A;N/A;N/A;N/A;N/A;N/A;N/A;N/A;N/A;N/A;N/A;N/A;N/A;N/A;N/A;N/A;N/A;N/A;N/A;N/A;N/A;N/A;N/A;N/A;N/A;N/A;N/A;N/A;N/A;Sí;N/A;N/A;N/A;N/A;N/A;Sí;N/A;N/A;N/A;N/A;N/A;N/A;Sí;N/A;N/A
Renault;Koleos;"INTENS 4WD CVT";2019;"86424 km";;"DELTACAR S.A.";29900;;;;;Mercedes;https://auto.mercadolibre.com.uy/MLU-705018704-renault-koleos-_JM;N/A;;"Renault Koleos";USD;Sí;silver;false;N/A;N/A;http://perfil.mercadolibre.com.uy/DELTACAR+S.A.;active;N/A;N/A;Usado;Plateado;Sí;Eléctrica;4x4;Sí;Sí;N/A;N/A;N/A;Sí;N/A;N/A;Sí;N/A;N/A;Sí;Sí;N/A;Sí;N/A;N/A;N/A;N/A;N/A;N/A;N/A;N/A;N/A;N/A;N/A;N/A;N/A;N/A;N/A;N/A;N/A;N/A;N/A;Sí;N/A;N/A;N/A;N/A;N/A;N/A;N/A;N/A;N/A;N/A;N/A;N/A;N/A;N/A;N/A;N/A;N/A;N/A;N/A;N/A;N/A;N/A;N/A;N/A;N/A;N/A;N/A;N/A;N/A;N/A;N/A;N/A;N/A;N/A;N/A;N/A;N/A;N/A;N/A;N/A;N/A;N/A;N/A;N/A;N/A;N/A;N/A;N/A;N/A;N/A;N/A;N/A;Sí;N/A;Sí;Sí;N/A;Sí;Sí;N/A;Sí;N/A;N/A;N/A;N/A;N/A;N/A;N/A;"todos los dias";5;2.5;Nafta;Automática;SUV;"Autos y camionetas";N/A;N/A;N/A;N/A;N/A;N/A;N/A;N/A;N/A;N/A;N/A;N/A;N/A;N/A;N/A;N/A;N/A;N/A;N/A;N/A;N/A;N/A;N/A;N/A;Sí;N/A;N/A;N/A;N/A;N/A;N/A;N/A;N/A;N/A;N/A;N/A;N/A;N/A;N/A;N/A;N/A;N/A;N/A;N/A;N/A;N/A;N/A;N/A;N/A;N/A;N/A;N/A;N/A;N/A;N/A;N/A;N/A;N/A;N/A;N/A;N/A;N/A;N/A;N/A;N/A;N/A;N/A;N/A;N/A;N/A;N/A;N/A;N/A;N/A;N/A;N/A;N/A;N/A;N/A;N/A;N/A;N/A;N/A;N/A;N/A;N/A;N/A;N/A;N/A;N/A;N/A;N/A;N/A;N/A;N/A;N/A;Sí;N/A;Sí;N/A;Sí;N/A;N/A;N/A;N/A;Sí;Sí;Sí;Sí;N/A;N/A;Sí;Sí;Sí;Sí;N/A;Sí;N/A;N/A;Sí;N/A;Sí
Renault;"Kangoo Express";Confort;2024;"0 km";;PIDENOSA;23990;;;;;Maldonado;https://auto.mercadolibre.com.uy/MLU-679462572-nueva-kangoo-express-_JM;N/A;;"Nueva Kangoo Express";USD;Sí;silver;false;N/A;N/A;http://perfil.mercadolibre.com.uy/PIDENOSA;active;N/A;N/A;Nuevo;Gris;N/A;Hidráulica;Delantera;N/A;N/A;N/A;N/A;N/A;N/A;N/A;N/A;N/A;N/A;N/A;N/A;N/A;N/A;N/A;N/A;N/A;N/A;N/A;N/A;N/A;N/A;N/A;N/A;N/A;N/A;N/A;N/A;N/A;N/A;N/A;N/A;N/A;N/A;N/A;N/A;N/A;N/A;N/A;N/A;N/A;N/A;N/A;N/A;N/A;N/A;N/A;N/A;N/A;N/A;N/A;N/A;N/A;N/A;N/A;N/A;N/A;N/A;N/A;N/A;N/A;N/A;N/A;N/A;N/A;N/A;N/A;N/A;N/A;N/A;N/A;N/A;N/A;N/A;N/A;N/A;N/A;N/A;N/A;N/A;N/A;N/A;N/A;N/A;N/A;N/A;N/A;N/A;N/A;N/A;N/A;N/A;N/A;N/A;N/A;N/A;N/A;N/A;N/A;N/A;N/A;N/A;N/A;N/A;4;1.6;Nafta;Manual;Furgón;"Autos y camionetas";N/A;N/A;N/A;N/A;N/A;N/A;N/A;N/A;N/A;N/A;N/A;N/A;N/A;N/A;N/A;N/A;N/A;N/A;N/A;N/A;N/A;N/A;N/A;N/A;N/A;N/A;N/A;N/A;N/A;N/A;N/A;N/A;N/A;N/A;N/A;N/A;N/A;N/A;N/A;N/A;N/A;N/A;N/A;N/A;N/A;N/A;N/A;N/A;N/A;N/A;N/A;N/A;N/A;N/A;N/A;N/A;N/A;N/A;N/A;N/A;N/A;N/A;N/A;N/A;N/A;N/A;N/A;N/A;N/A;N/A;N/A;N/A;N/A;N/A;N/A;N/A;N/A;N/A;N/A;N/A;N/A;N/A;N/A;N/A;N/A;N/A;N/A;N/A;N/A;N/A;N/A;N/A;N/A;N/A;N/A;N/A;N/A;N/A;N/A;N/A;N/A;N/A;N/A;N/A;N/A;N/A;N/A;N/A;N/A;N/A;N/A;N/A;N/A;N/A;N/A;N/A;N/A;N/A;N/A;N/A;N/A;N/A
Renault;Kwid;"1.0 Sce 66cv Zen";2019;"125000 km";;PRO_VENTASS;9900;;;;;"San Carlos";https://auto.mercadolibre.com.uy/MLU-647414791-renault-kwid-10-sce-66cv-zen-_JM;N/A;;"Renault Kwid 1.0 Sce 66cv Zen";usd;Sí;silver;false;N/A;N/A;http://perfil.mercadolibre.com.uy/PRO_VENTASS;active;N/A;N/A;Usado;Blanco;N/A;Hidráulica;Delantera;N/A;N/A;Sí;N/A;N/A;N/A;N/A;N/A;N/A;N/A;N/A;N/A;N/A;N/A;N/A;N/A;N/A;N/A;N/A;N/A;N/A;N/A;N/A;N/A;N/A;"2423 mm";"1 L";"50 L";5;N/A;N/A;N/A;N/A;N/A;N/A;N/A;N/A;N/A;N/A;N/A;N/A;N/A;N/A;N/A;N/A;N/A;N/A;N/A;N/A;N/A;N/A;N/A;N/A;N/A;N/A;N/A;N/A;N/A;N/A;N/A;N/A;N/A;N/A;N/A;N/A;N/A;N/A;N/A;N/A;N/A;N/A;N/A;N/A;N/A;"1474 mm";"3680 mm";N/A;N/A;N/A;N/A;5;"66 hp";Zen;N/A;4;"1752 mm";N/A;N/A;N/A;N/A;N/A;N/A;N/A;N/A;N/A;N/A;N/A;N/A;N/A;N/A;N/A;N/A;N/A;N/A;5;1.0;Nafta;Manual;Hatchback;"Autos y camionetas";N/A;N/A;N/A;N/A;N/A;N/A;UY;N/A;N/A;N/A;N/A;N/A;N/A;N/A;N/A;N/A;N/A;N/A;N/A;N/A;N/A;N/A;N/A;N/A;N/A;N/A;N/A;N/A;N/A;N/A;N/A;N/A;N/A;N/A;N/A;N/A;N/A;N/A;N/A;N/A;N/A;N/A;N/A;N/A;N/A;N/A;N/A;N/A;N/A;N/A;N/A;N/A;N/A;N/A;N/A;N/A;N/A;N/A;N/A;N/A;N/A;N/A;N/A;N/A;N/A;N/A;N/A;N/A;N/A;N/A;N/A;N/A;N/A;N/A;N/A;N/A;N/A;N/A;N/A;N/A;N/A;N/A;N/A;N/A;N/A;N/A;N/A;N/A;N/A;N/A;N/A;N/A;N/A;N/A;N/A;N/A;N/A;N/A;N/A;N/A;N/A;N/A;N/A;N/A;N/A;N/A;N/A;N/A;N/A;N/A;N/A;N/A;N/A;N/A;N/A;N/A;N/A;N/A;N/A;N/A;N/A;N/A
Renault;Kangoo;"1.6 2 Furgon Confort 5as Lc Cd";2012;"179116 km";;"GRUPO ALER";8900;;;;;"Carrasco Norte";https://auto.mercadolibre.com.uy/MLU-703133488-renault-kangoo-furgon-ano-2012-grupoaler-_JM;N/A;;"Renault Kangoo Furgon Año 2012 - Grupoaler";usd;Sí;silver;false;N/A;N/A;http://perfil.mercadolibre.com.uy/GRUPO+ALER;active;N/A;N/A;Usado;Blanco;N/A;Hidráulica;Delantera;N/A;N/A;N/A;N/A;N/A;N/A;N/A;N/A;N/A;N/A;N/A;N/A;N/A;N/A;N/A;N/A;N/A;N/A;N/A;N/A;N/A;N/A;N/A;N/A;N/A;"2600 mm";"1.6 L";"52 L";5;N/A;N/A;N/A;N/A;N/A;N/A;N/A;N/A;N/A;N/A;N/A;N/A;N/A;N/A;N/A;N/A;N/A;N/A;N/A;N/A;N/A;N/A;N/A;N/A;N/A;N/A;N/A;N/A;N/A;N/A;N/A;N/A;N/A;No;N/A;N/A;N/A;N/A;N/A;N/A;N/A;N/A;N/A;N/A;N/A;"1860 mm";"4010 mm";N/A;N/A;N/A;N/A;2;"95 hp";Confort;N/A;4;"1672 mm";"11.09 km/l";N/A;N/A;N/A;N/A;N/A;N/A;N/A;N/A;N/A;N/A;N/A;N/A;N/A;N/A;N/A;N/A;N/A;3;1.6;Nafta;Manual;N/A;"Autos y camionetas";N/A;N/A;N/A;N/A;N/A;N/A;UY;N/A;N/A;N/A;N/A;N/A;N/A;N/A;N/A;N/A;N/A;N/A;N/A;N/A;N/A;N/A;N/A;N/A;N/A;N/A;N/A;N/A;N/A;N/A;N/A;N/A;N/A;N/A;N/A;N/A;N/A;N/A;N/A;N/A;N/A;N/A;N/A;N/A;N/A;N/A;N/A;N/A;N/A;N/A;N/A;N/A;N/A;N/A;N/A;N/A;N/A;N/A;N/A;N/A;N/A;N/A;N/A;N/A;N/A;N/A;N/A;N/A;N/A;N/A;N/A;N/A;N/A;N/A;N/A;N/A;N/A;N/A;N/A;N/A;N/A;N/A;N/A;N/A;N/A;N/A;N/A;N/A;N/A;N/A;N/A;N/A;N/A;N/A;N/A;N/A;N/A;N/A;N/A;N/A;N/A;N/A;N/A;N/A;N/A;N/A;N/A;N/A;N/A;N/A;N/A;N/A;N/A;N/A;N/A;N/A;N/A;N/A;N/A;N/A;N/A;N/A
Renault;"Duster Oroch";"1.6 Dynamique";2022;"24000 km";;"DUTRA AUTOMÓVILES";21200;;;;;Rivera;https://auto.mercadolibre.com.uy/MLU-703078296-oroch-dynamique-outsider-16-_JM;N/A;;"Oroch Dynamique Outsider 1.6";usd;Sí;silver;false;N/A;N/A;http://perfil.mercadolibre.com.uy/DUTRA+AUTOM%C3%93VILES;active;N/A;N/A;Usado;Rojo;N/A;N/A;4x2;N/A;N/A;Sí;N/A;N/A;N/A;N/A;N/A;N/A;N/A;N/A;N/A;N/A;N/A;N/A;N/A;N/A;N/A;N/A;N/A;N/A;N/A;N/A;N/A;N/A;"2829 mm";"1.6 L";"50 L";5;N/A;N/A;N/A;N/A;N/A;N/A;N/A;N/A;N/A;N/A;N/A;N/A;N/A;N/A;N/A;N/A;N/A;N/A;N/A;N/A;N/A;N/A;N/A;N/A;N/A;N/A;N/A;N/A;N/A;N/A;N/A;N/A;N/A;N/A;N/A;N/A;N/A;N/A;N/A;N/A;N/A;N/A;N/A;N/A;N/A;"1683 mm";"4329 mm";N/A;N/A;N/A;N/A;5;"110 hp";Dynamique;N/A;4;"1821 mm";"11.1 km/l";N/A;N/A;N/A;N/A;N/A;N/A;N/A;N/A;N/A;N/A;"10.4 km/l";N/A;N/A;N/A;N/A;N/A;"08:30 a 18:00";4;1.6;Nafta;Manual;SUV;"Autos y camionetas";N/A;N/A;N/A;N/A;N/A;N/A;UY;N/A;N/A;N/A;N/A;N/A;N/A;N/A;N/A;N/A;N/A;N/A;N/A;N/A;N/A;N/A;N/A;N/A;N/A;N/A;N/A;N/A;N/A;N/A;N/A;N/A;N/A;N/A;N/A;N/A;N/A;N/A;N/A;N/A;N/A;N/A;N/A;N/A;N/A;N/A;N/A;N/A;N/A;N/A;N/A;N/A;N/A;N/A;N/A;N/A;N/A;N/A;N/A;N/A;N/A;N/A;N/A;N/A;N/A;N/A;N/A;N/A;N/A;N/A;N/A;N/A;N/A;N/A;N/A;N/A;N/A;N/A;N/A;N/A;N/A;N/A;N/A;N/A;N/A;N/A;N/A;N/A;N/A;N/A;N/A;N/A;N/A;N/A;N/A;N/A;N/A;N/A;N/A;N/A;N/A;N/A;N/A;N/A;N/A;N/A;N/A;N/A;N/A;N/A;N/A;N/A;N/A;N/A;N/A;N/A;N/A;N/A;N/A;N/A;N/A;N/A
Renault;Fluence;"Extra Full";2012;"110000 km";;AUTOMOTORAKIYU;11300;;;;;Libertad;https://auto.mercadolibre.com.uy/MLU-701715588-renault-fluence-extra-full-_JM;N/A;;"Renault Fluence Extra Full";USD;Sí;silver;false;N/A;N/A;http://perfil.mercadolibre.com.uy/AUTOMOTORAKIYU;active;N/A;N/A;Usado;Negro;N/A;N/A;N/A;N/A;N/A;N/A;N/A;N/A;N/A;N/A;N/A;N/A;N/A;N/A;N/A;N/A;N/A;N/A;N/A;N/A;N/A;N/A;N/A;N/A;N/A;N/A;N/A;N/A;N/A;N/A;N/A;N/A;N/A;N/A;N/A;N/A;N/A;N/A;N/A;N/A;N/A;N/A;N/A;N/A;N/A;N/A;N/A;N/A;N/A;N/A;N/A;N/A;N/A;N/A;N/A;N/A;N/A;N/A;N/A;N/A;N/A;N/A;N/A;N/A;N/A;N/A;N/A;N/A;N/A;N/A;N/A;N/A;N/A;N/A;N/A;N/A;N/A;N/A;N/A;N/A;N/A;N/A;N/A;N/A;N/A;N/A;N/A;N/A;N/A;N/A;N/A;N/A;N/A;N/A;N/A;N/A;N/A;N/A;N/A;N/A;N/A;N/A;N/A;N/A;N/A;N/A;N/A;4;N/A;Nafta;N/A;N/A;"Autos y camionetas";N/A;N/A;N/A;N/A;N/A;N/A;N/A;N/A;N/A;N/A;N/A;N/A;N/A;N/A;N/A;N/A;N/A;N/A;N/A;N/A;N/A;N/A;N/A;N/A;N/A;N/A;N/A;N/A;N/A;N/A;N/A;N/A;N/A;N/A;N/A;N/A;N/A;N/A;N/A;N/A;N/A;N/A;N/A;N/A;N/A;N/A;N/A;N/A;N/A;N/A;N/A;N/A;N/A;N/A;N/A;N/A;N/A;N/A;N/A;N/A;N/A;N/A;N/A;N/A;N/A;N/A;N/A;N/A;N/A;N/A;N/A;N/A;N/A;N/A;N/A;N/A;N/A;N/A;N/A;N/A;N/A;N/A;N/A;N/A;N/A;N/A;N/A;N/A;N/A;N/A;N/A;N/A;N/A;N/A;N/A;N/A;N/A;N/A;N/A;N/A;N/A;N/A;N/A;N/A;N/A;N/A;N/A;N/A;N/A;N/A;N/A;N/A;N/A;N/A;N/A;N/A;N/A;N/A;N/A;N/A;N/A;N/A
Renault;"Duster Oroch";Outsider;2025;"0 km";;AEROCAR2013;24990;;;;;Carrasco;https://auto.mercadolibre.com.uy/MLU-694696578-renault-oroch-outsider-16-2025-0km-interauto-_JM;N/A;;"Renault Oroch Outsider 1.6 2025 0km Interauto";USD;Sí;silver;false;N/A;N/A;http://perfil.mercadolibre.com.uy/AEROCAR2013;active;N/A;N/A;Nuevo;Plateado;N/A;Eléctrica;N/A;Sí;Sí;Sí;N/A;Sí;N/A;Sí;Sí;N/A;Sí;N/A;Sí;Sí;N/A;N/A;N/A;N/A;N/A;N/A;N/A;N/A;N/A;N/A;N/A;N/A;N/A;"1600 cc";N/A;N/A;N/A;N/A;Sí;Sí;Sí;Sí;N/A;N/A;N/A;N/A;N/A;N/A;N/A;N/A;N/A;N/A;N/A;N/A;N/A;N/A;N/A;N/A;N/A;Sí;N/A;Sí;N/A;N/A;N/A;Sí;N/A;N/A;N/A;N/A;N/A;N/A;N/A;N/A;N/A;N/A;N/A;N/A;N/A;N/A;N/A;N/A;N/A;N/A;N/A;N/A;N/A;N/A;N/A;Outsider;N/A;N/A;N/A;"12 km/l";N/A;N/A;Sí;Sí;Sí;Sí;Sí;N/A;N/A;N/A;"15 km/l";Sí;N/A;Sí;Sí;N/A;"Lunes a Domingo de 9 a 18:30 hs";5;1.6;Nafta;Automática;Pick-Up;"Autos y camionetas";No;N/A;N/A;N/A;No;N/A;N/A;No;Sí;No;No;N/A;N/A;N/A;N/A;N/A;N/A;N/A;N/A;N/A;N/A;N/A;N/A;N/A;N/A;N/A;N/A;N/A;N/A;N/A;N/A;N/A;N/A;N/A;N/A;N/A;N/A;N/A;N/A;N/A;N/A;N/A;N/A;Sí;N/A;N/A;N/A;N/A;N/A;N/A;N/A;N/A;N/A;N/A;N/A;N/A;N/A;N/A;N/A;N/A;N/A;Sí;No;N/A;N/A;N/A;N/A;N/A;N/A;N/A;N/A;N/A;N/A;N/A;N/A;N/A;N/A;N/A;N/A;N/A;N/A;N/A;N/A;N/A;N/A;N/A;N/A;N/A;N/A;N/A;N/A;N/A;Sí;N/A;N/A;N/A;Sí;Sí;Sí;N/A;Sí;Sí;Sí;N/A;Sí;Sí;Sí;N/A;N/A;Sí;N/A;Sí;Sí;N/A;Sí;Sí;Sí;Sí;Sí;Sí;Sí;Sí
Renault;Oroch;"Extra Full";2020;"148000 km";;"GRUPO ALER";17290;;;;;"Carrasco Norte";https://auto.mercadolibre.com.uy/MLU-692651038-oportunidad-renault-oroch-ano-2020-4x4-inteligente-grupoaler-_JM;N/A;;"Oportunidad Renault Oroch Año 2020 4x4 Inteligente Grupoaler";USD;Sí;silver;false;N/A;N/A;http://perfil.mercadolibre.com.uy/GRUPO+ALER;active;N/A;N/A;Usado;Blanco;N/A;Hidráulica;4x4;Sí;Sí;N/A;N/A;N/A;No;N/A;N/A;N/A;N/A;N/A;Sí;Sí;N/A;N/A;N/A;N/A;N/A;N/A;N/A;N/A;N/A;N/A;N/A;N/A;N/A;N/A;N/A;N/A;N/A;N/A;N/A;N/A;N/A;N/A;N/A;N/A;N/A;N/A;N/A;N/A;N/A;N/A;N/A;N/A;N/A;N/A;N/A;N/A;N/A;N/A;N/A;N/A;N/A;N/A;N/A;N/A;N/A;Sí;N/A;N/A;N/A;N/A;N/A;N/A;N/A;N/A;N/A;N/A;N/A;N/A;N/A;N/A;N/A;N/A;N/A;N/A;N/A;N/A;N/A;N/A;N/A;N/A;N/A;N/A;N/A;N/A;N/A;N/A;Sí;Sí;N/A;N/A;N/A;N/A;No;N/A;N/A;No;Sí;N/A;N/A;No;N/A;4;"2.0 16 valvulas";Nafta;Manual;Rural;"Autos y camionetas";N/A;N/A;N/A;N/A;N/A;N/A;N/A;N/A;Sí;N/A;N/A;N/A;N/A;N/A;N/A;N/A;N/A;N/A;N/A;N/A;N/A;N/A;N/A;N/A;No;N/A;N/A;N/A;N/A;N/A;N/A;N/A;N/A;N/A;N/A;N/A;N/A;N/A;N/A;N/A;N/A;N/A;N/A;N/A;N/A;N/A;N/A;N/A;N/A;N/A;N/A;N/A;N/A;N/A;N/A;N/A;N/A;N/A;N/A;N/A;N/A;N/A;N/A;N/A;N/A;N/A;N/A;N/A;N/A;N/A;N/A;N/A;N/A;N/A;N/A;N/A;N/A;N/A;N/A;N/A;N/A;N/A;N/A;N/A;N/A;N/A;N/A;N/A;N/A;N/A;N/A;N/A;N/A;N/A;N/A;No;Sí;Sí;Sí;N/A;Sí;N/A;N/A;N/A;N/A;Sí;No;Sí;Sí;N/A;N/A;Sí;Sí;Sí;Sí;Sí;N/A;N/A;N/A;N/A;N/A;N/A
Renault;Kwid;"1.0 Sce 66cv Zen";2019;"16500 km";;"COPPOLA AUTOMÓVILES";11990;;;;;Carmelo;https://auto.mercadolibre.com.uy/MLU-704368802-renault-kwid-zen-ano-2019-unico-dueno-16500kmts-_JM;N/A;;"Renault Kwid Zen Año 2019, Unico Dueño! 16.500kmts!!";usd;Sí;silver;false;N/A;N/A;http://perfil.mercadolibre.com.uy/COPPOLA+AUTOM%C3%93VILES;active;N/A;N/A;Usado;Blanco;N/A;Hidráulica;Delantera;N/A;N/A;Sí;N/A;N/A;N/A;N/A;N/A;N/A;N/A;N/A;N/A;N/A;N/A;N/A;N/A;N/A;N/A;N/A;N/A;N/A;N/A;N/A;N/A;N/A;"2423 mm";"1 L";"50 L";5;N/A;N/A;N/A;N/A;N/A;N/A;N/A;N/A;N/A;N/A;N/A;N/A;N/A;N/A;N/A;N/A;N/A;N/A;N/A;N/A;N/A;N/A;N/A;N/A;N/A;N/A;N/A;N/A;N/A;N/A;N/A;N/A;N/A;N/A;N/A;N/A;N/A;N/A;N/A;N/A;N/A;N/A;N/A;N/A;N/A;"1474 mm";"3680 mm";N/A;N/A;N/A;N/A;5;"66 hp";Zen;N/A;4;"1752 mm";N/A;N/A;N/A;N/A;N/A;N/A;N/A;N/A;N/A;N/A;N/A;N/A;N/A;N/A;N/A;N/A;N/A;N/A;5;1.0;Nafta;Manual;Hatchback;"Autos y camionetas";N/A;N/A;N/A;N/A;N/A;N/A;UY;N/A;N/A;N/A;N/A;N/A;N/A;N/A;N/A;N/A;N/A;N/A;N/A;N/A;N/A;N/A;N/A;N/A;N/A;N/A;N/A;N/A;N/A;N/A;N/A;N/A;N/A;N/A;N/A;N/A;N/A;N/A;N/A;N/A;N/A;N/A;N/A;N/A;N/A;N/A;N/A;N/A;N/A;N/A;N/A;N/A;N/A;N/A;N/A;N/A;N/A;N/A;N/A;N/A;N/A;N/A;N/A;N/A;N/A;N/A;N/A;N/A;N/A;N/A;N/A;N/A;N/A;N/A;N/A;N/A;N/A;N/A;N/A;N/A;N/A;N/A;N/A;N/A;N/A;N/A;N/A;N/A;N/A;N/A;N/A;N/A;N/A;N/A;N/A;N/A;N/A;N/A;N/A;N/A;N/A;N/A;N/A;N/A;N/A;N/A;N/A;N/A;N/A;N/A;N/A;N/A;N/A;N/A;N/A;N/A;N/A;N/A;N/A;N/A;N/A;N/A
Renault;"Duster Oroch";"2.0 Privilege";2018;"110500 km";;"VILLALBA AUTOMOVILES";14900;;;;;"Barros Blancos";https://auto.mercadolibre.com.uy/MLU-703333204-oportunidad-preciosa-renault-oroch-20-ano-2018-_JM;N/A;;"Oportunidad Preciosa Renault Oroch 2.0 Año 2018";usd;Sí;silver;false;N/A;N/A;http://perfil.mercadolibre.com.uy/VILLALBA+AUTOMOVILES;active;N/A;N/A;Usado;Blanco;N/A;Hidráulica;4x2;Sí;N/A;N/A;N/A;N/A;N/A;N/A;N/A;N/A;N/A;N/A;N/A;N/A;N/A;N/A;N/A;N/A;N/A;N/A;N/A;N/A;N/A;N/A;N/A;N/A;"2829 mm";"2 L";"50 L";6;N/A;N/A;N/A;N/A;N/A;N/A;N/A;N/A;N/A;N/A;N/A;N/A;N/A;N/A;N/A;N/A;N/A;N/A;N/A;N/A;N/A;N/A;N/A;N/A;N/A;N/A;N/A;N/A;N/A;N/A;N/A;N/A;N/A;N/A;N/A;N/A;N/A;N/A;N/A;N/A;N/A;N/A;N/A;N/A;N/A;"1683 mm";"4329 mm";N/A;N/A;N/A;N/A;5;"143 hp";Privilege;N/A;4;"1821 mm";"10.8 km/l";N/A;N/A;N/A;N/A;N/A;N/A;N/A;N/A;N/A;N/A;N/A;N/A;N/A;N/A;N/A;N/A;N/A;5;2.0;Nafta;Manual;SUV;"Autos y camionetas";N/A;N/A;N/A;N/A;N/A;N/A;UY;N/A;N/A;N/A;N/A;N/A;N/A;N/A;N/A;N/A;N/A;N/A;N/A;N/A;N/A;N/A;N/A;N/A;N/A;N/A;N/A;N/A;N/A;N/A;N/A;N/A;N/A;N/A;N/A;N/A;N/A;N/A;N/A;N/A;N/A;N/A;N/A;N/A;N/A;N/A;N/A;N/A;N/A;N/A;N/A;N/A;N/A;N/A;N/A;N/A;N/A;N/A;N/A;N/A;N/A;N/A;N/A;N/A;N/A;N/A;N/A;N/A;N/A;N/A;N/A;N/A;N/A;N/A;N/A;N/A;N/A;N/A;N/A;N/A;N/A;N/A;N/A;N/A;N/A;N/A;N/A;N/A;N/A;N/A;N/A;N/A;N/A;N/A;N/A;N/A;N/A;N/A;N/A;N/A;N/A;N/A;N/A;N/A;N/A;N/A;N/A;N/A;N/A;N/A;N/A;N/A;N/A;N/A;N/A;N/A;N/A;N/A;N/A;N/A;N/A;N/A
Renault;Megane;"III Expression 1.6 N Full";2015;"101000 km";;"G.ARISPE AUTOMOTORES";11900;;;;;Prado;https://auto.mercadolibre.com.uy/MLU-697738052-renault-megane-iii-expression-16-n-full-2015-_JM;N/A;;"Renault Megane Iii Expression 1.6 N Full 2015";USD;Sí;silver;false;N/A;N/A;http://perfil.mercadolibre.com.uy/G.ARISPE+AUTOMOTORES;active;N/A;N/A;Usado;Blanco;N/A;Hidráulica;4x2;Sí;Sí;N/A;N/A;N/A;N/A;N/A;N/A;N/A;N/A;N/A;Sí;Sí;N/A;Sí;N/A;N/A;N/A;N/A;N/A;N/A;N/A;N/A;N/A;N/A;N/A;N/A;N/A;N/A;N/A;N/A;N/A;N/A;N/A;N/A;N/A;N/A;N/A;N/A;N/A;N/A;N/A;N/A;N/A;N/A;N/A;N/A;N/A;N/A;N/A;N/A;N/A;N/A;N/A;N/A;N/A;N/A;N/A;N/A;N/A;N/A;N/A;N/A;N/A;N/A;N/A;N/A;N/A;N/A;N/A;N/A;N/A;N/A;N/A;N/A;N/A;N/A;N/A;N/A;N/A;N/A;N/A;N/A;N/A;N/A;N/A;N/A;N/A;N/A;N/A;N/A;N/A;Sí;Sí;N/A;N/A;N/A;N/A;N/A;N/A;N/A;N/A;Sí;N/A;4;1.6;Nafta;Manual;Sedán;"Autos y camionetas";N/A;N/A;N/A;N/A;N/A;N/A;N/A;N/A;N/A;N/A;N/A;N/A;N/A;N/A;N/A;N/A;N/A;N/A;N/A;N/A;N/A;N/A;N/A;N/A;N/A;N/A;N/A;N/A;N/A;N/A;N/A;N/A;N/A;N/A;N/A;N/A;N/A;N/A;N/A;N/A;N/A;N/A;N/A;N/A;N/A;N/A;N/A;N/A;N/A;N/A;N/A;N/A;N/A;N/A;N/A;N/A;N/A;N/A;N/A;N/A;N/A;N/A;N/A;N/A;N/A;N/A;N/A;N/A;N/A;N/A;N/A;N/A;N/A;N/A;N/A;N/A;N/A;N/A;N/A;N/A;N/A;N/A;N/A;N/A;N/A;N/A;N/A;N/A;N/A;N/A;N/A;N/A;N/A;N/A;N/A;N/A;Sí;Sí;Sí;N/A;Sí;N/A;N/A;N/A;N/A;Sí;N/A;Sí;Sí;N/A;N/A;N/A;N/A;Sí;Sí;Sí;N/A;Sí;N/A;N/A;N/A;N/A
Renault;"Duster Oroch";"intense 1.3 turbo at";2024;"0 km";;"JHONNY_PERERA AUTOMOVILES";26490;;;;;"Rafael Perazza";https://auto.mercadolibre.com.uy/MLU-688962612-renault-duster-oroch-intense-13-turbo-at-_JM;N/A;;"Renault Duster Oroch Intense 1.3 Turbo At";USD;Sí;silver;false;N/A;N/A;http://perfil.mercadolibre.com.uy/JHONNY_PERERA+AUTOMOVILES;active;N/A;N/A;Nuevo;N/A;N/A;N/A;N/A;N/A;N/A;N/A;N/A;N/A;N/A;N/A;N/A;N/A;N/A;N/A;N/A;N/A;N/A;N/A;N/A;N/A;N/A;N/A;N/A;N/A;N/A;N/A;N/A;N/A;N/A;N/A;N/A;N/A;N/A;N/A;N/A;N/A;N/A;N/A;N/A;N/A;N/A;N/A;N/A;N/A;N/A;N/A;N/A;N/A;N/A;N/A;N/A;N/A;N/A;N/A;N/A;N/A;N/A;N/A;N/A;N/A;N/A;N/A;N/A;N/A;N/A;N/A;N/A;N/A;N/A;N/A;N/A;N/A;N/A;N/A;N/A;N/A;N/A;N/A;N/A;N/A;N/A;N/A;N/A;N/A;N/A;N/A;N/A;N/A;N/A;N/A;N/A;N/A;N/A;N/A;N/A;N/A;N/A;N/A;N/A;N/A;N/A;N/A;N/A;N/A;N/A;N/A;N/A;4;N/A;Nafta;N/A;N/A;"Autos y camionetas";N/A;N/A;N/A;N/A;N/A;N/A;N/A;N/A;N/A;N/A;N/A;N/A;N/A;N/A;N/A;N/A;N/A;N/A;N/A;N/A;N/A;N/A;N/A;N/A;N/A;N/A;N/A;N/A;N/A;N/A;N/A;N/A;N/A;N/A;N/A;N/A;N/A;N/A;N/A;N/A;N/A;N/A;N/A;N/A;N/A;N/A;N/A;N/A;N/A;N/A;N/A;N/A;N/A;N/A;N/A;N/A;N/A;N/A;N/A;N/A;N/A;N/A;N/A;N/A;N/A;N/A;N/A;N/A;N/A;N/A;N/A;N/A;N/A;N/A;N/A;N/A;N/A;N/A;N/A;N/A;N/A;N/A;N/A;N/A;N/A;N/A;N/A;N/A;N/A;N/A;N/A;N/A;N/A;N/A;N/A;N/A;N/A;N/A;N/A;N/A;N/A;N/A;N/A;N/A;N/A;N/A;N/A;N/A;N/A;N/A;N/A;N/A;N/A;N/A;N/A;N/A;N/A;N/A;N/A;N/A;N/A;N/A
Renault;"Duster Oroch";"1.6 Outsider";2023;"0 km";;"DELTACAR S.A.";30000;;;;;Mercedes;https://auto.mercadolibre.com.uy/MLU-673382344-renault-oroch-intens-outsider-13-tce-mt-4x4-_JM;N/A;;"Renault Oroch Intens Outsider 1.3 Tce Mt 4x4";usd;Sí;silver;false;N/A;N/A;http://perfil.mercadolibre.com.uy/DELTACAR+S.A.;active;N/A;N/A;Nuevo;Blanco;N/A;Eléctrica;4x2;Sí;Sí;Sí;N/A;N/A;N/A;N/A;N/A;N/A;N/A;N/A;Sí;Sí;N/A;N/A;N/A;N/A;N/A;N/A;N/A;N/A;N/A;N/A;N/A;N/A;"2829 mm";"1.6 L";"50 L";5;N/A;N/A;N/A;N/A;N/A;N/A;N/A;N/A;N/A;N/A;N/A;N/A;N/A;N/A;N/A;N/A;N/A;N/A;N/A;N/A;N/A;N/A;N/A;N/A;N/A;N/A;N/A;N/A;N/A;N/A;N/A;N/A;N/A;N/A;N/A;N/A;N/A;N/A;N/A;N/A;N/A;N/A;N/A;N/A;N/A;"1683 mm";"4329 mm";N/A;N/A;N/A;N/A;5;"110 hp";Outsider;N/A;4;"1821 mm";"11.1 km/l";N/A;N/A;N/A;N/A;N/A;Sí;Sí;N/A;N/A;N/A;"10.4 km/l";Sí;N/A;N/A;N/A;N/A;N/A;4;1.6;Nafta;Manual;SUV;"Autos y camionetas";Sí;N/A;N/A;N/A;Sí;N/A;UY;N/A;Sí;N/A;N/A;N/A;N/A;N/A;N/A;N/A;N/A;N/A;N/A;N/A;N/A;N/A;N/A;N/A;Sí;N/A;N/A;N/A;N/A;N/A;N/A;N/A;N/A;N/A;N/A;N/A;N/A;N/A;N/A;N/A;N/A;N/A;N/A;Sí;N/A;N/A;N/A;N/A;N/A;N/A;N/A;N/A;N/A;N/A;N/A;N/A;N/A;N/A;N/A;N/A;N/A;Sí;Sí;N/A;N/A;N/A;N/A;N/A;N/A;N/A;N/A;N/A;N/A;N/A;N/A;N/A;N/A;N/A;N/A;N/A;N/A;N/A;N/A;N/A;N/A;N/A;N/A;N/A;N/A;N/A;N/A;N/A;N/A;N/A;N/A;N/A;N/A;N/A;Sí;N/A;Sí;N/A;N/A;N/A;N/A;Sí;N/A;N/A;Sí;N/A;N/A;Sí;Sí;Sí;Sí;Sí;Sí;N/A;N/A;Sí;N/A;Sí
Renault;Kwid;"1.0 Sce 66cv Outsider";2023;"0 km";;"DELTACAR S.A.";16500;;;;;Mercedes;https://auto.mercadolibre.com.uy/MLU-673278196-renault-kwid-10-sce-66cv-outsider-_JM;N/A;;"Renault Kwid 1.0 Sce 66cv Outsider";usd;Sí;silver;false;N/A;N/A;http://perfil.mercadolibre.com.uy/DELTACAR+S.A.;active;N/A;N/A;Nuevo;Rojo;N/A;N/A;Delantera;N/A;N/A;Sí;N/A;N/A;N/A;N/A;N/A;N/A;N/A;N/A;N/A;N/A;N/A;N/A;N/A;N/A;N/A;N/A;N/A;N/A;N/A;N/A;N/A;N/A;"2423 mm";"999 cc";"50 L";5;N/A;N/A;N/A;N/A;N/A;N/A;N/A;N/A;N/A;N/A;N/A;N/A;N/A;N/A;N/A;N/A;N/A;N/A;N/A;N/A;N/A;N/A;N/A;N/A;N/A;N/A;N/A;N/A;N/A;N/A;N/A;N/A;N/A;N/A;N/A;N/A;N/A;N/A;N/A;N/A;N/A;N/A;N/A;N/A;N/A;"1474 mm";"3680 mm";N/A;N/A;N/A;N/A;5;"66 hp";Outsider;N/A;4;"1752 mm";N/A;N/A;N/A;N/A;N/A;N/A;N/A;N/A;N/A;N/A;N/A;N/A;N/A;N/A;N/A;N/A;N/A;N/A;5;1.0;Nafta;Manual;Hatchback;"Autos y camionetas";N/A;N/A;N/A;N/A;N/A;N/A;UY;N/A;N/A;N/A;N/A;N/A;N/A;N/A;N/A;N/A;N/A;N/A;N/A;N/A;N/A;N/A;N/A;N/A;N/A;N/A;N/A;N/A;N/A;N/A;N/A;N/A;N/A;N/A;N/A;N/A;N/A;N/A;N/A;N/A;N/A;N/A;N/A;N/A;N/A;N/A;N/A;N/A;N/A;N/A;N/A;N/A;N/A;N/A;N/A;N/A;N/A;N/A;N/A;N/A;N/A;N/A;N/A;N/A;N/A;N/A;N/A;N/A;N/A;N/A;N/A;N/A;N/A;N/A;N/A;N/A;N/A;N/A;N/A;N/A;N/A;N/A;N/A;N/A;N/A;N/A;N/A;N/A;N/A;N/A;N/A;N/A;N/A;N/A;N/A;N/A;N/A;N/A;N/A;N/A;N/A;N/A;N/A;N/A;N/A;N/A;N/A;N/A;N/A;N/A;N/A;N/A;N/A;N/A;N/A;N/A;N/A;N/A;N/A;N/A;N/A;N/A
Renault;Clio;"CLIO V ZEN";2025;"0 km";;RECRULSA;24990;;;;;Melo;https://auto.mercadolibre.com.uy/MLU-640768051-renalut-clio-v-_JM;N/A;;"Renalut Clio V";USD;Sí;silver;false;N/A;N/A;http://perfil.mercadolibre.com.uy/RECRULSA;active;N/A;N/A;Nuevo;Gris;N/A;Eléctrica;Delantera;N/A;N/A;N/A;N/A;N/A;N/A;N/A;N/A;N/A;N/A;N/A;N/A;N/A;N/A;N/A;N/A;N/A;N/A;N/A;N/A;N/A;N/A;N/A;N/A;N/A;N/A;N/A;N/A;N/A;N/A;N/A;N/A;N/A;N/A;N/A;N/A;N/A;N/A;N/A;N/A;N/A;N/A;N/A;N/A;N/A;N/A;N/A;N/A;N/A;N/A;N/A;N/A;N/A;N/A;N/A;N/A;N/A;N/A;N/A;N/A;N/A;N/A;N/A;N/A;N/A;N/A;N/A;N/A;N/A;N/A;N/A;N/A;N/A;N/A;N/A;N/A;N/A;N/A;N/A;N/A;N/A;N/A;N/A;N/A;N/A;N/A;N/A;N/A;N/A;N/A;N/A;N/A;N/A;N/A;N/A;N/A;N/A;N/A;N/A;N/A;N/A;N/A;N/A;N/A;5;1.0;Nafta;Manual;Hatchback;"Autos y camionetas";N/A;N/A;N/A;N/A;N/A;N/A;N/A;N/A;N/A;N/A;N/A;N/A;N/A;N/A;N/A;N/A;N/A;N/A;N/A;N/A;N/A;N/A;N/A;N/A;N/A;N/A;N/A;N/A;N/A;N/A;N/A;N/A;N/A;N/A;N/A;N/A;N/A;N/A;N/A;N/A;N/A;N/A;N/A;N/A;N/A;N/A;N/A;N/A;N/A;N/A;N/A;N/A;N/A;N/A;N/A;N/A;N/A;N/A;N/A;N/A;N/A;N/A;N/A;N/A;N/A;N/A;N/A;N/A;N/A;N/A;N/A;N/A;N/A;N/A;N/A;N/A;N/A;N/A;N/A;N/A;N/A;N/A;N/A;N/A;N/A;N/A;N/A;N/A;N/A;N/A;N/A;N/A;N/A;N/A;N/A;N/A;N/A;N/A;N/A;N/A;N/A;N/A;N/A;N/A;N/A;N/A;N/A;N/A;N/A;N/A;N/A;N/A;N/A;N/A;N/A;N/A;N/A;N/A;N/A;N/A;N/A;N/A
Renault;Kwid;"1.0 Sce 66cv Zen";2023;"0 km";;"DELTACAR S.A.";14800;;;;;Mercedes;https://auto.mercadolibre.com.uy/MLU-673304184-renault-kwid-zen-_JM;N/A;;"Renault Kwid Zen";usd;Sí;silver;false;N/A;N/A;http://perfil.mercadolibre.com.uy/DELTACAR+S.A.;active;N/A;N/A;Nuevo;Azul;N/A;N/A;Delantera;N/A;N/A;Sí;N/A;N/A;N/A;N/A;N/A;N/A;N/A;N/A;N/A;N/A;N/A;N/A;N/A;N/A;N/A;N/A;N/A;N/A;N/A;N/A;N/A;N/A;"2423 mm";"999 cc";"50 L";5;N/A;N/A;N/A;N/A;N/A;N/A;N/A;N/A;N/A;N/A;N/A;N/A;N/A;N/A;N/A;N/A;N/A;N/A;N/A;N/A;N/A;N/A;N/A;N/A;N/A;N/A;N/A;N/A;N/A;N/A;N/A;N/A;N/A;N/A;N/A;N/A;N/A;N/A;N/A;N/A;N/A;N/A;N/A;N/A;N/A;"1474 mm";"3680 mm";N/A;N/A;N/A;N/A;5;"66 hp";Zen;N/A;4;"1752 mm";N/A;N/A;N/A;N/A;N/A;N/A;N/A;N/A;N/A;N/A;N/A;N/A;N/A;N/A;N/A;N/A;N/A;N/A;5;1.0;Nafta;Manual;Hatchback;"Autos y camionetas";N/A;N/A;N/A;N/A;N/A;N/A;UY;N/A;N/A;N/A;N/A;N/A;N/A;N/A;N/A;N/A;N/A;N/A;N/A;N/A;N/A;N/A;N/A;N/A;N/A;N/A;N/A;N/A;N/A;N/A;N/A;N/A;N/A;N/A;N/A;N/A;N/A;N/A;N/A;N/A;N/A;N/A;N/A;N/A;N/A;N/A;N/A;N/A;N/A;N/A;N/A;N/A;N/A;N/A;N/A;N/A;N/A;N/A;N/A;N/A;N/A;N/A;N/A;N/A;N/A;N/A;N/A;N/A;N/A;N/A;N/A;N/A;N/A;N/A;N/A;N/A;N/A;N/A;N/A;N/A;N/A;N/A;N/A;N/A;N/A;N/A;N/A;N/A;N/A;N/A;N/A;N/A;N/A;N/A;N/A;N/A;N/A;N/A;N/A;N/A;N/A;N/A;N/A;N/A;N/A;N/A;N/A;N/A;N/A;N/A;N/A;N/A;N/A;N/A;N/A;N/A;N/A;N/A;N/A;N/A;N/A;N/A
Renault;Kwid;"1.0 Sce 66cv Life";2023;"21000 km";;CUTINELLA_AUTOMOVILES;12200;;;;;"Colonia del Sacramento";https://auto.mercadolibre.com.uy/MLU-706232908-renault-kwid-10-sce-66cv-life-_JM;N/A;;"Renault Kwid 1.0 Sce 66cv Life";usd;Sí;silver;false;N/A;N/A;http://perfil.mercadolibre.com.uy/CUTINELLA_AUTOMOVILES;active;N/A;N/A;Usado;Blanco;Sí;N/A;Delantera;Sí;Sí;Sí;N/A;N/A;N/A;N/A;N/A;N/A;N/A;N/A;N/A;No;N/A;N/A;N/A;N/A;N/A;N/A;N/A;N/A;N/A;N/A;N/A;N/A;"2423 mm";"1 L";"50 L";5;N/A;N/A;N/A;N/A;N/A;N/A;N/A;N/A;N/A;N/A;N/A;N/A;N/A;N/A;N/A;N/A;N/A;N/A;N/A;N/A;N/A;N/A;N/A;N/A;N/A;N/A;N/A;N/A;N/A;N/A;N/A;N/A;N/A;N/A;N/A;N/A;N/A;N/A;N/A;N/A;N/A;N/A;N/A;N/A;N/A;"1474 mm";"3680 mm";N/A;N/A;N/A;N/A;5;"66 hp";Life;N/A;4;"1752 mm";N/A;N/A;N/A;N/A;N/A;N/A;N/A;Sí;N/A;N/A;N/A;N/A;N/A;N/A;N/A;N/A;N/A;N/A;5;1.0;Nafta;Manual;Hatchback;"Autos y camionetas";N/A;N/A;N/A;N/A;N/A;N/A;UY;N/A;N/A;N/A;N/A;N/A;N/A;N/A;N/A;N/A;N/A;N/A;N/A;N/A;N/A;N/A;N/A;N/A;N/A;N/A;N/A;N/A;N/A;N/A;N/A;N/A;N/A;N/A;N/A;N/A;N/A;N/A;N/A;N/A;N/A;N/A;N/A;N/A;N/A;N/A;N/A;N/A;N/A;N/A;N/A;N/A;N/A;N/A;N/A;N/A;N/A;N/A;N/A;N/A;N/A;N/A;N/A;N/A;N/A;N/A;N/A;N/A;N/A;N/A;N/A;N/A;N/A;N/A;N/A;N/A;N/A;N/A;N/A;N/A;N/A;N/A;N/A;N/A;N/A;N/A;N/A;N/A;N/A;N/A;N/A;N/A;N/A;N/A;N/A;N/A;Sí;Sí;N/A;N/A;Sí;N/A;N/A;N/A;N/A;Sí;N/A;N/A;N/A;N/A;N/A;N/A;N/A;N/A;Sí;Sí;N/A;N/A;N/A;N/A;N/A;Sí
Renault;Kwid;"1.0 Sce 66cv Zen";2024;"2600 km";;"CAR PLUS_AUTOMÓVILES";13800;;;;;Paysandú;https://auto.mercadolibre.com.uy/MLU-705996344-renault-nuevo-kwid-10-zen-2025-azul-2600-km-ref3108-_JM;N/A;;"Renault Nuevo Kwid 1.0 Zen 2025 Azul 2.600 Km - Ref:3108 ";usd;Sí;silver;false;N/A;N/A;http://perfil.mercadolibre.com.uy/CAR+PLUS_AUTOM%C3%93VILES;active;N/A;N/A;Usado;Azul;Sí;N/A;Delantera;Sí;N/A;Sí;N/A;N/A;N/A;N/A;N/A;N/A;N/A;N/A;Sí;Sí;N/A;N/A;N/A;N/A;N/A;N/A;N/A;N/A;N/A;N/A;N/A;N/A;"2423 mm";"1 L";"50 L";5;N/A;N/A;N/A;N/A;N/A;N/A;N/A;N/A;N/A;N/A;N/A;N/A;N/A;N/A;N/A;N/A;N/A;N/A;N/A;N/A;N/A;N/A;N/A;N/A;N/A;N/A;N/A;N/A;N/A;N/A;N/A;N/A;N/A;N/A;N/A;N/A;N/A;N/A;N/A;N/A;N/A;N/A;N/A;N/A;N/A;"1474 mm";"3680 mm";N/A;N/A;N/A;N/A;5;"66 hp";Zen;N/A;4;"1752 mm";N/A;N/A;N/A;N/A;N/A;N/A;Sí;Sí;N/A;N/A;N/A;N/A;N/A;N/A;N/A;N/A;Sí;N/A;5;1.0;Nafta;Manual;Hatchback;"Autos y camionetas";N/A;N/A;N/A;N/A;N/A;N/A;UY;N/A;Sí;N/A;N/A;N/A;N/A;N/A;N/A;N/A;N/A;N/A;N/A;N/A;N/A;N/A;N/A;N/A;N/A;N/A;N/A;N/A;N/A;N/A;N/A;N/A;N/A;N/A;N/A;N/A;N/A;N/A;N/A;N/A;N/A;N/A;N/A;Sí;N/A;N/A;N/A;N/A;N/A;N/A;N/A;N/A;N/A;N/A;N/A;N/A;N/A;N/A;N/A;N/A;N/A;N/A;N/A;N/A;N/A;N/A;N/A;N/A;N/A;N/A;N/A;N/A;N/A;N/A;N/A;N/A;N/A;N/A;N/A;N/A;N/A;N/A;N/A;N/A;N/A;N/A;N/A;N/A;N/A;N/A;N/A;N/A;N/A;N/A;N/A;N/A;Sí;Sí;Sí;N/A;N/A;N/A;N/A;N/A;N/A;Sí;N/A;N/A;Sí;N/A;N/A;Sí;Sí;Sí;Sí;Sí;Sí;N/A;N/A;Sí;N/A;Sí
Renault;Duster;"2.0 Ph2 4x2 Privilege 143cv";2017;"126000 km";;JORGEVALICOSQUI;13800;;;;;"Colonia del Sacramento";https://auto.mercadolibre.com.uy/MLU-703056078-renault-duster-20-ph2-4x2-privilege-143cv-_JM;N/A;;"Renault Duster 2.0 Ph2 4x2 Privilege 143cv";usd;Sí;silver;false;N/A;N/A;http://perfil.mercadolibre.com.uy/JORGEVALICOSQUI;active;N/A;N/A;Usado;Gris;Sí;Hidráulica;4x2;Sí;Sí;Sí;N/A;N/A;N/A;N/A;N/A;Sí;N/A;N/A;Sí;Sí;N/A;Sí;N/A;N/A;N/A;N/A;N/A;N/A;N/A;N/A;N/A;N/A;"2674 mm";"2 L";"50 L";6;N/A;N/A;N/A;N/A;N/A;N/A;N/A;N/A;N/A;N/A;N/A;N/A;N/A;N/A;N/A;N/A;N/A;N/A;N/A;N/A;N/A;N/A;N/A;N/A;N/A;N/A;N/A;N/A;N/A;N/A;N/A;N/A;N/A;N/A;N/A;N/A;N/A;N/A;N/A;N/A;N/A;N/A;N/A;N/A;N/A;"1683 mm";"4329 mm";N/A;N/A;N/A;N/A;5;"143 hp";Privilege;N/A;4;"1822 mm";"10.8 km/l";Sí;N/A;N/A;Sí;N/A;Sí;Sí;N/A;N/A;N/A;N/A;N/A;N/A;N/A;N/A;Sí;N/A;5;2.0;Nafta;Manual;SUV;"Autos y camionetas";N/A;N/A;N/A;N/A;N/A;N/A;UY;N/A;N/A;N/A;N/A;N/A;N/A;N/A;N/A;N/A;N/A;N/A;N/A;N/A;N/A;N/A;N/A;N/A;Sí;N/A;N/A;N/A;N/A;N/A;N/A;N/A;N/A;N/A;N/A;N/A;N/A;N/A;N/A;N/A;N/A;N/A;N/A;N/A;N/A;N/A;N/A;N/A;N/A;N/A;N/A;N/A;N/A;N/A;N/A;N/A;N/A;N/A;N/A;N/A;N/A;N/A;N/A;N/A;N/A;N/A;N/A;N/A;N/A;N/A;N/A;N/A;N/A;N/A;N/A;N/A;N/A;N/A;N/A;N/A;N/A;N/A;N/A;N/A;N/A;N/A;N/A;N/A;N/A;N/A;N/A;N/A;N/A;N/A;N/A;N/A;Sí;Sí;Sí;N/A;Sí;N/A;N/A;N/A;N/A;Sí;N/A;Sí;Sí;N/A;N/A;N/A;Sí;Sí;Sí;Sí;Sí;N/A;N/A;Sí;N/A;Sí
Renault;Oroch;"1.6 Sce Cargo 2Wd Mt";2024;"300 km";;"DELTACAR S.A.";19900;;;;;Mercedes;https://auto.mercadolibre.com.uy/MLU-702666436-renault-oroch-_JM;N/A;;"Renault Oroch";usd;Sí;silver;false;N/A;N/A;http://perfil.mercadolibre.com.uy/DELTACAR+S.A.;active;N/A;N/A;Usado;Plateado;N/A;N/A;Delantera;N/A;N/A;N/A;N/A;N/A;N/A;N/A;N/A;N/A;N/A;N/A;N/A;N/A;N/A;N/A;N/A;N/A;N/A;N/A;N/A;N/A;N/A;N/A;N/A;N/A;"2890 mm";"1.6 L";"45 L";6;N/A;N/A;N/A;N/A;N/A;N/A;N/A;N/A;N/A;N/A;N/A;N/A;N/A;N/A;N/A;N/A;N/A;N/A;N/A;N/A;N/A;N/A;N/A;N/A;N/A;N/A;N/A;N/A;N/A;N/A;N/A;N/A;N/A;N/A;N/A;N/A;N/A;N/A;N/A;N/A;N/A;N/A;N/A;N/A;N/A;"1631 mm";"4700 mm";N/A;N/A;N/A;N/A;5;"118 hp";Cargo;N/A;4;"1821 mm";N/A;N/A;N/A;N/A;N/A;N/A;N/A;N/A;N/A;N/A;N/A;N/A;N/A;N/A;N/A;N/A;N/A;N/A;4;1.6;Nafta;Manual;Pick-Up;"Autos y camionetas";N/A;N/A;N/A;N/A;N/A;N/A;UY;N/A;N/A;N/A;N/A;N/A;N/A;N/A;N/A;N/A;N/A;N/A;N/A;N/A;N/A;N/A;N/A;N/A;N/A;N/A;N/A;N/A;N/A;N/A;N/A;N/A;N/A;N/A;N/A;N/A;N/A;N/A;N/A;N/A;N/A;N/A;N/A;N/A;N/A;N/A;N/A;N/A;N/A;N/A;N/A;N/A;N/A;N/A;N/A;N/A;N/A;N/A;N/A;N/A;N/A;N/A;N/A;N/A;N/A;N/A;N/A;N/A;N/A;N/A;N/A;N/A;N/A;N/A;N/A;N/A;N/A;N/A;N/A;N/A;N/A;N/A;N/A;N/A;N/A;N/A;N/A;N/A;N/A;N/A;N/A;N/A;N/A;N/A;N/A;N/A;N/A;N/A;N/A;N/A;N/A;N/A;N/A;N/A;N/A;N/A;N/A;N/A;N/A;N/A;N/A;N/A;N/A;N/A;N/A;N/A;N/A;N/A;N/A;N/A;N/A;N/A
Renault;Kwid;"1.0 Sce 66cv Intense";2023;"0 km";;"DELTACAR S.A.";15600;;;;;Mercedes;https://auto.mercadolibre.com.uy/MLU-673369034-renault-kwid-intens-_JM;N/A;;"Renault Kwid Intens";usd;Sí;silver;false;N/A;N/A;http://perfil.mercadolibre.com.uy/DELTACAR+S.A.;active;N/A;N/A;Nuevo;Gris;N/A;N/A;Delantera;N/A;N/A;Sí;N/A;N/A;N/A;N/A;N/A;N/A;N/A;N/A;N/A;N/A;N/A;N/A;N/A;N/A;N/A;N/A;N/A;N/A;N/A;N/A;N/A;N/A;"2423 mm";"999 cc";"50 L";5;N/A;N/A;N/A;N/A;N/A;N/A;N/A;N/A;N/A;N/A;N/A;N/A;N/A;N/A;N/A;N/A;N/A;N/A;N/A;N/A;N/A;N/A;N/A;N/A;N/A;N/A;N/A;N/A;N/A;N/A;N/A;N/A;N/A;N/A;N/A;N/A;N/A;N/A;N/A;N/A;N/A;N/A;N/A;N/A;N/A;"1474 mm";"3680 mm";N/A;N/A;N/A;N/A;5;"66 hp";Intense;N/A;4;"1752 mm";N/A;N/A;N/A;N/A;N/A;N/A;N/A;N/A;N/A;N/A;N/A;N/A;N/A;N/A;N/A;N/A;N/A;N/A;5;1.0;Nafta;Manual;Hatchback;"Autos y camionetas";N/A;N/A;N/A;N/A;N/A;N/A;UY;N/A;N/A;N/A;N/A;N/A;N/A;N/A;N/A;N/A;N/A;N/A;N/A;N/A;N/A;N/A;N/A;N/A;N/A;N/A;N/A;N/A;N/A;N/A;N/A;N/A;N/A;N/A;N/A;N/A;N/A;N/A;N/A;N/A;N/A;N/A;N/A;N/A;N/A;N/A;N/A;N/A;N/A;N/A;N/A;N/A;N/A;N/A;N/A;N/A;N/A;N/A;N/A;N/A;N/A;N/A;N/A;N/A;N/A;N/A;N/A;N/A;N/A;N/A;N/A;N/A;N/A;N/A;N/A;N/A;N/A;N/A;N/A;N/A;N/A;N/A;N/A;N/A;N/A;N/A;N/A;N/A;N/A;N/A;N/A;N/A;N/A;N/A;N/A;N/A;N/A;N/A;N/A;N/A;N/A;N/A;N/A;N/A;N/A;N/A;N/A;N/A;N/A;N/A;N/A;N/A;N/A;N/A;N/A;N/A;N/A;N/A;N/A;N/A;N/A;N/A
Renault;Kwid;"1.0 Sce 66cv Zen";2024;"21000 km";;"RUTA DURAZNO";12900;;;;;Durazno;https://auto.mercadolibre.com.uy/MLU-704797658-renault-kwid-10-sce-66cv-zen-_JM;N/A;;"Renault Kwid 1.0 Sce 66cv Zen";usd;Sí;silver;false;N/A;N/A;http://perfil.mercadolibre.com.uy/RUTA+DURAZNO;active;N/A;N/A;Usado;Blanco;N/A;Hidráulica;Delantera;N/A;N/A;Sí;N/A;N/A;N/A;N/A;N/A;N/A;N/A;N/A;N/A;N/A;N/A;N/A;N/A;N/A;N/A;N/A;N/A;N/A;N/A;N/A;N/A;N/A;"2423 mm";"1 L";"50 L";5;N/A;N/A;N/A;N/A;N/A;N/A;N/A;N/A;N/A;N/A;N/A;N/A;N/A;N/A;N/A;N/A;N/A;N/A;N/A;N/A;N/A;N/A;N/A;N/A;N/A;N/A;N/A;N/A;N/A;N/A;N/A;N/A;N/A;N/A;N/A;N/A;N/A;N/A;N/A;N/A;N/A;N/A;N/A;N/A;N/A;"1474 mm";"3680 mm";N/A;N/A;N/A;N/A;5;"66 hp";Zen;N/A;4;"1752 mm";N/A;N/A;N/A;N/A;N/A;N/A;N/A;N/A;N/A;N/A;N/A;N/A;N/A;N/A;N/A;N/A;N/A;N/A;5;1.0;Nafta;Manual;Hatchback;"Autos y camionetas";N/A;N/A;N/A;N/A;N/A;N/A;UY;N/A;N/A;N/A;N/A;N/A;N/A;N/A;N/A;N/A;N/A;N/A;N/A;N/A;N/A;N/A;N/A;N/A;N/A;N/A;N/A;N/A;N/A;N/A;N/A;N/A;N/A;N/A;N/A;N/A;N/A;N/A;N/A;N/A;N/A;N/A;N/A;N/A;N/A;N/A;N/A;N/A;N/A;N/A;N/A;N/A;N/A;N/A;N/A;N/A;N/A;N/A;N/A;N/A;N/A;N/A;N/A;N/A;N/A;N/A;N/A;N/A;N/A;N/A;N/A;N/A;N/A;N/A;N/A;N/A;N/A;N/A;N/A;N/A;N/A;N/A;N/A;N/A;N/A;N/A;N/A;N/A;N/A;N/A;N/A;N/A;N/A;N/A;N/A;N/A;N/A;N/A;N/A;N/A;N/A;N/A;N/A;N/A;N/A;N/A;N/A;N/A;N/A;N/A;N/A;N/A;N/A;N/A;N/A;N/A;N/A;N/A;N/A;N/A;N/A;N/A
Renault;Clio;"1.6 Rn";1997;"200000 km";;ENRIQUE_CIOMPI_AUTOMOVILES;4500;;;;;"Parque Batlle";https://auto.mercadolibre.com.uy/MLU-704255884-renault-clio-16-rn-_JM;N/A;;"Renault Clio 1.6 Rn";usd;No;silver;false;N/A;N/A;http://perfil.mercadolibre.com.uy/ENRIQUE_CIOMPI_AUTOMOVILES;active;N/A;N/A;Usado;Rojo;N/A;Hidráulica;Delantera;N/A;N/A;N/A;N/A;N/A;N/A;N/A;N/A;N/A;N/A;N/A;N/A;N/A;N/A;N/A;N/A;N/A;N/A;N/A;N/A;N/A;N/A;N/A;N/A;N/A;"2472 mm";"1.6 L";"43 L";5;N/A;N/A;N/A;N/A;N/A;N/A;N/A;N/A;N/A;N/A;N/A;N/A;N/A;N/A;N/A;N/A;N/A;N/A;N/A;N/A;N/A;N/A;N/A;N/A;N/A;N/A;N/A;N/A;N/A;N/A;N/A;N/A;N/A;N/A;N/A;N/A;N/A;N/A;N/A;N/A;N/A;N/A;N/A;N/A;N/A;"1395 mm";"3709 mm";N/A;N/A;N/A;N/A;5;"74 hp";Rn;N/A;2;"1628 mm";"11.6 km/l";N/A;N/A;N/A;N/A;N/A;N/A;N/A;N/A;N/A;N/A;N/A;N/A;N/A;N/A;N/A;N/A;"De lunes a viernes de 9 a 18 horas y los sábados de 9 a 1230 horas";3;1.6;Nafta;Manual;Hatchback;"Autos y camionetas";N/A;N/A;N/A;N/A;N/A;N/A;UY;N/A;N/A;N/A;N/A;N/A;N/A;N/A;N/A;N/A;N/A;N/A;N/A;N/A;N/A;N/A;N/A;N/A;N/A;N/A;N/A;N/A;N/A;N/A;N/A;N/A;N/A;N/A;N/A;N/A;N/A;N/A;N/A;N/A;N/A;N/A;N/A;N/A;N/A;N/A;N/A;N/A;N/A;N/A;N/A;N/A;N/A;N/A;N/A;N/A;N/A;N/A;N/A;N/A;N/A;N/A;N/A;N/A;N/A;N/A;N/A;N/A;N/A;N/A;N/A;N/A;N/A;N/A;N/A;N/A;N/A;N/A;N/A;N/A;N/A;N/A;N/A;N/A;N/A;N/A;N/A;N/A;N/A;N/A;N/A;N/A;N/A;N/A;N/A;N/A;N/A;N/A;N/A;N/A;N/A;N/A;N/A;N/A;N/A;N/A;N/A;N/A;N/A;N/A;N/A;N/A;N/A;N/A;N/A;N/A;N/A;N/A;N/A;N/A;N/A;N/A
Renault;Stepway;"1.6 privilegie";2012;"240000 km";;IRON_AND_WOOD;9500;;;;;Maldonado;https://auto.mercadolibre.com.uy/MLU-647455169-renault-stepway-privilege-_JM;N/A;;"Renault Stepway Privilege";USD;Sí;silver;false;N/A;N/A;http://perfil.mercadolibre.com.uy/IRON_AND_WOOD;active;N/A;N/A;Usado;Gris;N/A;N/A;N/A;N/A;N/A;N/A;N/A;N/A;N/A;N/A;N/A;N/A;N/A;N/A;N/A;N/A;N/A;N/A;N/A;N/A;N/A;N/A;N/A;N/A;N/A;N/A;N/A;N/A;N/A;N/A;N/A;N/A;N/A;N/A;N/A;N/A;N/A;N/A;N/A;N/A;N/A;N/A;N/A;N/A;N/A;N/A;N/A;N/A;N/A;N/A;N/A;N/A;N/A;N/A;N/A;N/A;N/A;N/A;N/A;N/A;N/A;N/A;N/A;N/A;N/A;N/A;N/A;N/A;N/A;N/A;N/A;N/A;N/A;N/A;N/A;N/A;N/A;N/A;N/A;N/A;N/A;N/A;N/A;N/A;N/A;N/A;N/A;N/A;N/A;N/A;N/A;N/A;N/A;N/A;N/A;N/A;N/A;N/A;N/A;N/A;N/A;N/A;N/A;N/A;N/A;N/A;"Lunes a sabados de 8 a 18 hs";5;N/A;Nafta;N/A;N/A;"Autos y camionetas";N/A;N/A;N/A;N/A;N/A;N/A;N/A;N/A;N/A;N/A;N/A;N/A;N/A;N/A;N/A;N/A;N/A;N/A;N/A;N/A;N/A;N/A;N/A;N/A;N/A;N/A;N/A;N/A;N/A;N/A;N/A;N/A;N/A;N/A;N/A;N/A;N/A;N/A;N/A;N/A;N/A;N/A;N/A;N/A;N/A;N/A;N/A;N/A;N/A;N/A;N/A;N/A;N/A;N/A;N/A;N/A;N/A;N/A;N/A;N/A;N/A;N/A;N/A;N/A;N/A;N/A;N/A;N/A;N/A;N/A;N/A;N/A;N/A;N/A;N/A;N/A;N/A;N/A;N/A;N/A;N/A;N/A;N/A;N/A;N/A;N/A;N/A;N/A;N/A;N/A;N/A;N/A;N/A;N/A;N/A;N/A;N/A;N/A;N/A;N/A;N/A;N/A;N/A;N/A;N/A;N/A;N/A;N/A;N/A;N/A;N/A;N/A;N/A;N/A;N/A;N/A;N/A;N/A;N/A;N/A;N/A;N/A
Renault;Scénic;"1.6 Rt Ab Rn";2000;"260000 km";;LAJU4638498;6000;;;;;N/A;https://auto.mercadolibre.com.uy/MLU-703859536-renault-scenic-16-rt-ab-rn-_JM;N/A;;"Renault Scénic 1.6 Rt Ab Rn";usd;No;silver;false;N/A;N/A;http://perfil.mercadolibre.com.uy/LAJU4638498;active;N/A;N/A;Usado;Rojo;N/A;Hidráulica;Delantera;Sí;N/A;N/A;N/A;N/A;N/A;N/A;N/A;N/A;N/A;N/A;N/A;N/A;N/A;N/A;N/A;N/A;N/A;N/A;N/A;N/A;N/A;N/A;N/A;N/A;"2580 mm";"1.6 L";"60 L";5;N/A;N/A;N/A;N/A;N/A;N/A;N/A;N/A;N/A;N/A;N/A;N/A;N/A;N/A;N/A;N/A;N/A;N/A;N/A;N/A;N/A;N/A;N/A;N/A;N/A;N/A;N/A;N/A;N/A;N/A;N/A;N/A;N/A;N/A;N/A;N/A;N/A;N/A;N/A;N/A;N/A;N/A;N/A;N/A;N/A;"1675 mm";"4169 mm";N/A;N/A;N/A;N/A;5;"110 hp";Rt;N/A;4;"1810 mm";N/A;N/A;N/A;N/A;N/A;N/A;N/A;N/A;N/A;N/A;N/A;N/A;N/A;N/A;N/A;N/A;N/A;N/A;5;1.6;Nafta;Manual;SUV;"Autos y camionetas";N/A;N/A;N/A;N/A;N/A;N/A;UY;N/A;N/A;N/A;N/A;N/A;N/A;N/A;N/A;N/A;N/A;N/A;N/A;N/A;N/A;N/A;N/A;N/A;N/A;N/A;N/A;N/A;N/A;N/A;N/A;N/A;N/A;N/A;N/A;N/A;N/A;N/A;N/A;N/A;N/A;N/A;N/A;N/A;N/A;N/A;N/A;N/A;N/A;N/A;N/A;N/A;N/A;N/A;N/A;N/A;N/A;N/A;N/A;N/A;N/A;N/A;N/A;N/A;N/A;N/A;N/A;N/A;N/A;N/A;N/A;N/A;N/A;N/A;N/A;N/A;N/A;N/A;N/A;N/A;N/A;N/A;N/A;N/A;N/A;N/A;N/A;N/A;N/A;N/A;N/A;N/A;N/A;N/A;N/A;N/A;N/A;N/A;N/A;N/A;N/A;N/A;N/A;N/A;N/A;N/A;N/A;N/A;N/A;N/A;N/A;N/A;N/A;N/A;N/A;N/A;N/A;N/A;N/A;N/A;N/A;N/A
Renault;Logan;"1.6 Authentique 85cv";2020;"65000 km";;"AUSTRAL AUTOMOVILES";12900;;;;;"Brazo Oriental";https://auto.mercadolibre.com.uy/MLU-703932930-renault-logan-2020-_JM;N/A;;"Renault Logan 2020 ";usd;Sí;silver;false;N/A;N/A;http://perfil.mercadolibre.com.uy/AUSTRAL+AUTOMOVILES;active;N/A;N/A;Usado;Gris;N/A;Hidráulica;Delantera;N/A;N/A;N/A;N/A;N/A;N/A;N/A;N/A;N/A;N/A;N/A;N/A;N/A;N/A;N/A;N/A;N/A;N/A;N/A;N/A;N/A;N/A;N/A;N/A;N/A;"2635 mm";"1.6 L";"50 L";5;N/A;N/A;N/A;N/A;N/A;N/A;N/A;N/A;N/A;N/A;N/A;N/A;N/A;N/A;N/A;N/A;N/A;N/A;N/A;N/A;N/A;N/A;N/A;N/A;N/A;N/A;N/A;N/A;N/A;N/A;N/A;N/A;N/A;N/A;N/A;N/A;N/A;N/A;N/A;N/A;N/A;N/A;N/A;N/A;N/A;"1529 mm";"4350 mm";N/A;N/A;N/A;N/A;5;"85 hp";Authentique;N/A;2;"1733 mm";"12.5 km/l";N/A;N/A;N/A;N/A;N/A;N/A;N/A;N/A;N/A;N/A;N/A;N/A;N/A;N/A;N/A;N/A;"10 A 19";4;1.6;Nafta;Manual;Sedán;"Autos y camionetas";N/A;N/A;N/A;N/A;N/A;N/A;UY;N/A;N/A;N/A;N/A;N/A;N/A;N/A;N/A;N/A;N/A;N/A;N/A;N/A;N/A;N/A;N/A;N/A;N/A;N/A;N/A;N/A;N/A;N/A;N/A;N/A;N/A;N/A;N/A;N/A;N/A;N/A;N/A;N/A;N/A;N/A;N/A;N/A;N/A;N/A;N/A;N/A;N/A;N/A;N/A;N/A;N/A;N/A;N/A;N/A;N/A;N/A;N/A;N/A;N/A;N/A;N/A;N/A;N/A;N/A;N/A;N/A;N/A;N/A;N/A;N/A;N/A;N/A;N/A;N/A;N/A;N/A;N/A;N/A;N/A;N/A;N/A;N/A;N/A;N/A;N/A;N/A;N/A;N/A;N/A;N/A;N/A;N/A;N/A;N/A;N/A;N/A;N/A;N/A;N/A;N/A;N/A;N/A;N/A;N/A;N/A;N/A;N/A;N/A;N/A;N/A;N/A;N/A;N/A;N/A;N/A;N/A;N/A;N/A;N/A;N/A
Renault;Kwid;"1.0 Sce 66cv Zen";2024;"32000 km";;PALMIRAAUTOMOVILESS;13200;;;;;"Nueva Palmira";https://auto.mercadolibre.com.uy/MLU-703640334-renault-kwid-10-sce-66cv-zen-_JM;N/A;;"Renault Kwid 1.0 Sce 66cv Zen";usd;Sí;silver;false;N/A;N/A;http://perfil.mercadolibre.com.uy/PALMIRAAUTOMOVILESS;active;N/A;N/A;Usado;Gris;N/A;N/A;Delantera;N/A;N/A;Sí;N/A;N/A;N/A;N/A;N/A;N/A;N/A;N/A;N/A;N/A;N/A;N/A;N/A;N/A;N/A;N/A;N/A;N/A;N/A;N/A;N/A;N/A;"2423 mm";"1 L";"50 L";5;N/A;N/A;N/A;N/A;N/A;N/A;N/A;N/A;N/A;N/A;N/A;N/A;N/A;N/A;N/A;N/A;N/A;N/A;N/A;N/A;N/A;N/A;N/A;N/A;N/A;N/A;N/A;N/A;N/A;N/A;N/A;N/A;N/A;N/A;N/A;N/A;N/A;N/A;N/A;N/A;N/A;N/A;N/A;N/A;N/A;"1474 mm";"3680 mm";N/A;N/A;N/A;N/A;5;"66 hp";Zen;N/A;4;"1752 mm";N/A;N/A;N/A;N/A;N/A;N/A;N/A;N/A;N/A;N/A;N/A;N/A;N/A;N/A;N/A;N/A;N/A;N/A;5;1.0;Nafta;Manual;Hatchback;"Autos y camionetas";N/A;N/A;N/A;N/A;N/A;N/A;UY;N/A;N/A;N/A;N/A;N/A;N/A;N/A;N/A;N/A;N/A;N/A;N/A;N/A;N/A;N/A;N/A;N/A;N/A;N/A;N/A;N/A;N/A;N/A;N/A;N/A;N/A;N/A;N/A;N/A;N/A;N/A;N/A;N/A;N/A;N/A;N/A;N/A;N/A;N/A;N/A;N/A;N/A;N/A;N/A;N/A;N/A;N/A;N/A;N/A;N/A;N/A;N/A;N/A;N/A;N/A;N/A;N/A;N/A;N/A;N/A;N/A;N/A;N/A;N/A;N/A;N/A;N/A;N/A;N/A;N/A;N/A;N/A;N/A;N/A;N/A;N/A;N/A;N/A;N/A;N/A;N/A;N/A;N/A;N/A;N/A;N/A;N/A;N/A;N/A;N/A;N/A;N/A;N/A;N/A;N/A;N/A;N/A;N/A;N/A;N/A;N/A;N/A;N/A;N/A;N/A;N/A;N/A;N/A;N/A;N/A;N/A;N/A;N/A;N/A;N/A
Renault;"Duster Oroch";"2.0 Privilege";2016;"158000 km";;ALEVIN025;14200;;;;;Prado;https://auto.mercadolibre.com.uy/MLU-703431708-renault-duster-oroch-2016-20-privilege-_JM;N/A;;"Renault Duster Oroch 2016 2.0 Privilege";usd;Sí;silver;false;N/A;N/A;http://perfil.mercadolibre.com.uy/ALEVIN025;active;N/A;N/A;Usado;Negro;Sí;Hidráulica;4x2;Sí;Sí;N/A;N/A;N/A;N/A;N/A;N/A;N/A;N/A;N/A;Sí;Sí;N/A;N/A;N/A;N/A;N/A;N/A;N/A;N/A;N/A;N/A;N/A;N/A;"2829 mm";"2 L";"50 L";6;N/A;N/A;N/A;N/A;N/A;N/A;N/A;N/A;N/A;N/A;N/A;N/A;N/A;N/A;N/A;N/A;N/A;N/A;N/A;N/A;N/A;N/A;N/A;N/A;N/A;N/A;N/A;N/A;N/A;N/A;N/A;N/A;N/A;N/A;N/A;N/A;N/A;N/A;N/A;N/A;N/A;N/A;N/A;N/A;N/A;"1683 mm";"4329 mm";N/A;N/A;N/A;N/A;5;"143 hp";Privilege;N/A;4;"1821 mm";"10.8 km/l";N/A;N/A;N/A;Sí;N/A;N/A;N/A;N/A;N/A;N/A;N/A;N/A;Sí;N/A;N/A;N/A;N/A;5;2.0;Nafta;Manual;SUV;"Autos y camionetas";N/A;N/A;N/A;N/A;N/A;N/A;UY;N/A;N/A;N/A;No;N/A;N/A;N/A;N/A;N/A;N/A;N/A;N/A;N/A;N/A;N/A;N/A;N/A;N/A;N/A;N/A;N/A;N/A;N/A;N/A;N/A;N/A;N/A;N/A;N/A;N/A;N/A;N/A;N/A;N/A;N/A;N/A;No;N/A;N/A;N/A;N/A;N/A;N/A;N/A;N/A;N/A;N/A;N/A;N/A;N/A;N/A;N/A;N/A;N/A;N/A;N/A;N/A;N/A;N/A;N/A;N/A;N/A;N/A;N/A;N/A;N/A;N/A;N/A;N/A;N/A;N/A;N/A;N/A;N/A;N/A;N/A;N/A;N/A;N/A;N/A;N/A;N/A;N/A;N/A;N/A;N/A;N/A;N/A;N/A;Sí;Sí;Sí;N/A;Sí;N/A;N/A;N/A;N/A;Sí;N/A;N/A;Sí;N/A;N/A;Sí;Sí;Sí;Sí;Sí;Sí;N/A;N/A;No;N/A;Sí
Renault;Kwid;"Zen 1.0";2019;"28000 km";;AUTOMOTORATREINTAYTRES;12800;;;;;"Treinta y Tres";https://auto.mercadolibre.com.uy/MLU-646050241-renault-kwid-zen-10-unica-duena-_JM;N/A;;"Renault Kwid Zen 1.0 Única Dueña";USD;Sí;silver;false;N/A;N/A;http://perfil.mercadolibre.com.uy/AUTOMOTORATREINTAYTRES;active;N/A;N/A;Usado;Blanco;Sí;Hidráulica;N/A;N/A;N/A;N/A;N/A;N/A;N/A;N/A;N/A;N/A;N/A;N/A;N/A;N/A;N/A;N/A;N/A;N/A;N/A;N/A;N/A;N/A;N/A;N/A;N/A;N/A;N/A;N/A;N/A;N/A;N/A;N/A;N/A;N/A;N/A;N/A;N/A;N/A;N/A;N/A;N/A;N/A;N/A;N/A;N/A;N/A;N/A;N/A;N/A;N/A;N/A;N/A;N/A;N/A;N/A;N/A;N/A;N/A;N/A;N/A;N/A;N/A;N/A;N/A;N/A;N/A;N/A;N/A;N/A;N/A;N/A;N/A;N/A;N/A;N/A;N/A;N/A;N/A;N/A;N/A;N/A;N/A;N/A;N/A;N/A;N/A;N/A;N/A;N/A;N/A;N/A;N/A;N/A;N/A;N/A;N/A;N/A;N/A;N/A;N/A;N/A;N/A;N/A;N/A;N/A;5;1.0;Nafta;Manual;Hatchback;"Autos y camionetas";N/A;N/A;N/A;N/A;N/A;N/A;N/A;N/A;Sí;N/A;N/A;N/A;N/A;N/A;N/A;N/A;N/A;N/A;N/A;N/A;N/A;N/A;N/A;N/A;N/A;N/A;N/A;N/A;N/A;N/A;N/A;N/A;N/A;N/A;N/A;N/A;N/A;N/A;N/A;N/A;N/A;N/A;N/A;N/A;N/A;N/A;N/A;N/A;N/A;N/A;N/A;N/A;N/A;N/A;N/A;N/A;N/A;N/A;N/A;N/A;N/A;N/A;N/A;N/A;N/A;N/A;N/A;N/A;N/A;N/A;N/A;N/A;N/A;N/A;N/A;N/A;N/A;N/A;N/A;N/A;N/A;N/A;N/A;N/A;N/A;N/A;N/A;N/A;N/A;N/A;N/A;N/A;N/A;N/A;N/A;N/A;N/A;N/A;N/A;N/A;N/A;N/A;N/A;N/A;N/A;N/A;N/A;N/A;N/A;N/A;N/A;N/A;N/A;N/A;N/A;N/A;N/A;N/A;N/A;N/A;N/A;N/A
Renault;Megane;"1.9 Tdi Tric Sl Fairway";2006;"200000 km";;"AUSTRAL AUTOMOVILES";8500;;;;;"Brazo Oriental";https://auto.mercadolibre.com.uy/MLU-694332148-renault-megane-diesel-ano-2004-_JM;N/A;;"Renault Megane Diesel Año 2004";usd;No;silver;false;N/A;N/A;http://perfil.mercadolibre.com.uy/AUSTRAL+AUTOMOVILES;active;N/A;N/A;Usado;Verde;N/A;Hidráulica;Delantera;N/A;N/A;Sí;N/A;N/A;N/A;N/A;N/A;N/A;N/A;N/A;N/A;N/A;N/A;N/A;N/A;N/A;N/A;N/A;N/A;N/A;N/A;N/A;N/A;N/A;"2625 mm";"1.9 L";"60 L";5;N/A;N/A;N/A;N/A;N/A;N/A;N/A;N/A;N/A;N/A;N/A;N/A;N/A;N/A;N/A;N/A;N/A;N/A;N/A;N/A;N/A;N/A;N/A;N/A;N/A;N/A;N/A;N/A;N/A;N/A;N/A;N/A;N/A;Sí;N/A;N/A;N/A;N/A;N/A;N/A;N/A;N/A;N/A;N/A;N/A;"1435 mm";"4436 mm";N/A;N/A;N/A;N/A;5;"100 hp";Fairway;N/A;2;"1777 mm";N/A;N/A;N/A;N/A;Sí;N/A;N/A;Sí;N/A;N/A;N/A;N/A;N/A;N/A;N/A;N/A;N/A;"10 A 19";4;1.9;Diésel;Manual;Sedán;"Autos y camionetas";N/A;N/A;N/A;N/A;N/A;N/A;UY;N/A;N/A;N/A;N/A;N/A;N/A;N/A;N/A;N/A;N/A;N/A;N/A;N/A;N/A;N/A;N/A;N/A;N/A;N/A;N/A;N/A;N/A;N/A;N/A;N/A;N/A;N/A;N/A;N/A;N/A;N/A;N/A;N/A;N/A;N/A;N/A;N/A;N/A;N/A;N/A;N/A;N/A;N/A;N/A;N/A;N/A;N/A;N/A;N/A;N/A;N/A;N/A;N/A;N/A;N/A;N/A;N/A;N/A;N/A;N/A;N/A;N/A;N/A;N/A;N/A;N/A;N/A;N/A;N/A;N/A;N/A;N/A;N/A;N/A;N/A;N/A;N/A;N/A;N/A;N/A;N/A;N/A;N/A;N/A;N/A;N/A;N/A;N/A;N/A;N/A;N/A;N/A;N/A;N/A;N/A;N/A;N/A;N/A;N/A;N/A;N/A;N/A;N/A;N/A;N/A;Sí;N/A;N/A;N/A;N/A;N/A;N/A;N/A;N/A;N/A
Renault;Logan;"1.6 Expression 85cv";2018;"137000 km";;"ZONAOESTE AUTOMOTORES";12500;;;;;"Pan de Azúcar";https://auto.mercadolibre.com.uy/MLU-644276333-renault-logan-2018-16-expression-85cv-_JM;N/A;;"Renault Logan 2018 1.6 Expression 85cv";usd;Sí;silver;false;N/A;N/A;http://perfil.mercadolibre.com.uy/ZONAOESTE+AUTOMOTORES;active;N/A;N/A;Usado;N/A;N/A;Hidráulica;Delantera;N/A;N/A;N/A;N/A;N/A;N/A;N/A;N/A;N/A;N/A;N/A;N/A;N/A;N/A;N/A;N/A;N/A;N/A;N/A;N/A;N/A;N/A;N/A;N/A;N/A;"2635 mm";"1.6 L";"50 L";5;N/A;N/A;N/A;N/A;N/A;N/A;N/A;N/A;N/A;N/A;N/A;N/A;N/A;N/A;N/A;N/A;N/A;N/A;N/A;N/A;N/A;N/A;N/A;N/A;N/A;N/A;N/A;N/A;N/A;N/A;N/A;N/A;N/A;Sí;N/A;N/A;N/A;N/A;N/A;N/A;N/A;N/A;N/A;N/A;N/A;"1529 mm";"4350 mm";N/A;N/A;N/A;N/A;5;"85 hp";Expression;N/A;2;"1733 mm";"12.5 km/l";N/A;N/A;N/A;N/A;N/A;N/A;Sí;N/A;N/A;N/A;N/A;N/A;N/A;N/A;N/A;N/A;N/A;4;1.6;Nafta;Manual;Sedán;"Autos y camionetas";N/A;N/A;N/A;N/A;N/A;N/A;UY;N/A;N/A;N/A;N/A;N/A;N/A;N/A;N/A;N/A;N/A;N/A;N/A;N/A;N/A;N/A;N/A;N/A;N/A;N/A;N/A;N/A;N/A;N/A;N/A;N/A;N/A;N/A;N/A;N/A;N/A;N/A;N/A;N/A;N/A;N/A;N/A;N/A;N/A;N/A;N/A;N/A;N/A;N/A;N/A;N/A;N/A;N/A;N/A;N/A;N/A;N/A;N/A;N/A;N/A;N/A;N/A;N/A;N/A;N/A;N/A;N/A;N/A;N/A;N/A;N/A;N/A;N/A;N/A;N/A;N/A;N/A;N/A;N/A;N/A;N/A;N/A;N/A;N/A;N/A;N/A;N/A;N/A;N/A;N/A;N/A;N/A;N/A;N/A;N/A;N/A;N/A;N/A;N/A;N/A;N/A;N/A;N/A;N/A;N/A;N/A;N/A;N/A;N/A;N/A;N/A;N/A;N/A;N/A;N/A;N/A;N/A;N/A;N/A;N/A;N/A
Renault;Logan;"1.6 Authentique 85cv";2017;"105000 km";;ENRIQUE_CIOMPI_AUTOMOVILES;10500;;;;;"Parque Batlle";https://auto.mercadolibre.com.uy/MLU-692400278-renault-logan-2017-16-authentique-hasta-100-financiado-_JM;N/A;;"Renault Logan 2017 1.6 Authentique Hasta 100% Financiado";usd;Sí;silver;false;N/A;N/A;http://perfil.mercadolibre.com.uy/ENRIQUE_CIOMPI_AUTOMOVILES;active;N/A;N/A;Usado;N/A;N/A;Hidráulica;Delantera;N/A;N/A;N/A;N/A;N/A;N/A;N/A;N/A;N/A;N/A;N/A;N/A;N/A;N/A;N/A;N/A;N/A;N/A;N/A;N/A;N/A;N/A;N/A;N/A;N/A;"2635 mm";"1.6 L";"50 L";5;N/A;N/A;N/A;N/A;N/A;N/A;N/A;N/A;N/A;N/A;N/A;N/A;N/A;N/A;N/A;N/A;N/A;N/A;N/A;N/A;N/A;N/A;N/A;N/A;N/A;N/A;N/A;N/A;N/A;N/A;N/A;N/A;N/A;N/A;N/A;N/A;N/A;N/A;N/A;N/A;N/A;N/A;N/A;N/A;N/A;"1529 mm";"4350 mm";N/A;N/A;N/A;N/A;5;"85 hp";Authentique;N/A;2;"1733 mm";"12.5 km/l";N/A;N/A;N/A;N/A;N/A;N/A;N/A;N/A;N/A;N/A;N/A;N/A;N/A;N/A;N/A;N/A;N/A;4;1.6;Nafta;Manual;Sedán;"Autos y camionetas";N/A;N/A;N/A;N/A;N/A;N/A;UY;N/A;N/A;N/A;N/A;N/A;N/A;N/A;N/A;N/A;N/A;N/A;N/A;N/A;N/A;N/A;N/A;N/A;N/A;N/A;N/A;N/A;N/A;N/A;N/A;N/A;N/A;N/A;N/A;N/A;N/A;N/A;N/A;N/A;N/A;N/A;N/A;N/A;N/A;N/A;N/A;N/A;N/A;N/A;N/A;N/A;N/A;N/A;N/A;N/A;N/A;N/A;N/A;N/A;N/A;N/A;N/A;N/A;N/A;N/A;N/A;N/A;N/A;N/A;N/A;N/A;N/A;N/A;N/A;N/A;N/A;N/A;N/A;N/A;N/A;N/A;N/A;N/A;N/A;N/A;N/A;N/A;N/A;N/A;N/A;N/A;N/A;N/A;N/A;N/A;N/A;N/A;N/A;N/A;N/A;N/A;N/A;N/A;N/A;N/A;N/A;N/A;N/A;N/A;N/A;N/A;N/A;N/A;N/A;N/A;N/A;N/A;N/A;N/A;N/A;N/A
Renault;Kwid;"1.0 Sce 66cv Zen";2023;"0 km";;WAVEAUTOMOTORES;14800;;;;;Paysandú;https://auto.mercadolibre.com.uy/MLU-706076840-renault-kwid-_JM;N/A;;"Renault Kwid";usd;Sí;silver;false;N/A;N/A;http://perfil.mercadolibre.com.uy/WAVEAUTOMOTORES;active;N/A;N/A;Nuevo;Azul;N/A;N/A;Delantera;N/A;N/A;Sí;N/A;N/A;N/A;N/A;N/A;N/A;N/A;N/A;N/A;N/A;N/A;N/A;N/A;N/A;N/A;N/A;N/A;N/A;N/A;N/A;N/A;N/A;"2423 mm";"1 L";"50 L";5;N/A;N/A;N/A;N/A;N/A;N/A;N/A;N/A;N/A;N/A;N/A;N/A;N/A;N/A;N/A;N/A;N/A;N/A;N/A;N/A;N/A;N/A;N/A;N/A;N/A;N/A;N/A;N/A;N/A;N/A;N/A;N/A;N/A;N/A;N/A;N/A;N/A;N/A;N/A;N/A;N/A;N/A;N/A;N/A;N/A;"1474 mm";"3680 mm";N/A;N/A;N/A;N/A;5;"66 hp";Zen;N/A;4;"1752 mm";N/A;N/A;N/A;N/A;N/A;N/A;N/A;N/A;N/A;N/A;N/A;N/A;N/A;N/A;N/A;N/A;N/A;N/A;5;1.0;Nafta;Manual;Hatchback;"Autos y camionetas";N/A;N/A;N/A;N/A;N/A;N/A;UY;N/A;N/A;N/A;N/A;N/A;N/A;N/A;N/A;N/A;N/A;N/A;N/A;N/A;N/A;N/A;N/A;N/A;N/A;N/A;N/A;N/A;N/A;N/A;N/A;N/A;N/A;N/A;N/A;N/A;N/A;N/A;N/A;N/A;N/A;N/A;N/A;N/A;N/A;N/A;N/A;N/A;N/A;N/A;N/A;N/A;N/A;N/A;N/A;N/A;N/A;N/A;N/A;N/A;N/A;N/A;N/A;N/A;N/A;N/A;N/A;N/A;N/A;N/A;N/A;N/A;N/A;N/A;N/A;N/A;N/A;N/A;N/A;N/A;N/A;N/A;N/A;N/A;N/A;N/A;N/A;N/A;N/A;N/A;N/A;N/A;N/A;N/A;N/A;N/A;N/A;N/A;N/A;N/A;N/A;N/A;N/A;N/A;N/A;N/A;N/A;N/A;N/A;N/A;N/A;N/A;N/A;N/A;N/A;N/A;N/A;N/A;N/A;N/A;N/A;N/A
Renault;"Sandero Stepway";"Stepway 1.6 Zen";2025;"0 km";;SEREYCIA.;22990;;;;;Durazno;https://auto.mercadolibre.com.uy/MLU-704436204-renault-sandero-stepway-stepway-16-zen-16-2023-0km-_JM;N/A;;"Renault Sandero Stepway Stepway 1.6 Zen 1.6 2023 0km";usd;Sí;silver;false;N/A;N/A;http://perfil.mercadolibre.com.uy/SEREYCIA.;active;N/A;N/A;Nuevo;Blanco;N/A;Hidráulica;N/A;N/A;N/A;Sí;N/A;N/A;N/A;N/A;N/A;N/A;N/A;N/A;Sí;Sí;N/A;N/A;N/A;N/A;N/A;N/A;N/A;N/A;N/A;N/A;N/A;N/A;N/A;"1598 cc";N/A;5;N/A;N/A;N/A;N/A;N/A;N/A;N/A;N/A;N/A;N/A;N/A;N/A;N/A;N/A;N/A;N/A;N/A;N/A;N/A;N/A;N/A;N/A;N/A;N/A;N/A;N/A;N/A;N/A;N/A;N/A;N/A;N/A;N/A;N/A;N/A;N/A;N/A;N/A;N/A;N/A;N/A;N/A;N/A;N/A;N/A;N/A;N/A;N/A;N/A;N/A;N/A;N/A;"115 hp";Zen;N/A;N/A;N/A;N/A;N/A;N/A;N/A;N/A;N/A;N/A;Sí;N/A;N/A;N/A;N/A;N/A;N/A;N/A;N/A;N/A;"Lun. a Vie. 8:30 a 12 y 14 a 19 hs. Sáb. 8:30 a 12 hs.";5;1.6;Nafta;Manual;Hatchback;"Autos y camionetas";No;N/A;N/A;N/A;No;N/A;UY;No;Sí;No;No;N/A;N/A;N/A;N/A;N/A;N/A;N/A;N/A;N/A;N/A;N/A;N/A;N/A;N/A;N/A;N/A;N/A;N/A;N/A;N/A;N/A;N/A;N/A;N/A;N/A;N/A;N/A;N/A;N/A;N/A;N/A;N/A;Sí;N/A;N/A;N/A;N/A;N/A;N/A;N/A;N/A;N/A;N/A;N/A;N/A;N/A;N/A;N/A;N/A;N/A;Sí;No;N/A;N/A;N/A;N/A;N/A;N/A;N/A;N/A;N/A;N/A;N/A;N/A;N/A;N/A;N/A;N/A;N/A;N/A;N/A;N/A;N/A;N/A;N/A;N/A;N/A;N/A;N/A;N/A;N/A;N/A;N/A;N/A;N/A;N/A;N/A;N/A;N/A;N/A;N/A;N/A;N/A;N/A;N/A;N/A;N/A;N/A;N/A;N/A;N/A;Sí;N/A;N/A;N/A;N/A;N/A;N/A;N/A;N/A;N/A
Renault;Kwid;"1.0 Sce 66cv Life";2020;"110000 km";;"GUSMÁN RÍOS";10000;;;;;Tacuarembó;https://auto.mercadolibre.com.uy/MLU-705017762-renault-kwid-10-sce-66cv-life-_JM;N/A;;"Renault Kwid 1.0 Sce 66cv Life";usd;No;silver;false;N/A;N/A;http://perfil.mercadolibre.com.uy/GUSM%C3%81N+R%C3%8DOS;active;N/A;N/A;Usado;Blanco;Sí;Hidráulica;Delantera;N/A;N/A;Sí;N/A;N/A;N/A;N/A;N/A;N/A;N/A;N/A;N/A;N/A;N/A;N/A;N/A;N/A;N/A;N/A;N/A;N/A;N/A;N/A;N/A;N/A;"2423 mm";"1 L";"50 L";5;N/A;N/A;N/A;N/A;N/A;N/A;N/A;N/A;N/A;N/A;N/A;N/A;N/A;N/A;N/A;N/A;N/A;N/A;N/A;N/A;N/A;N/A;N/A;N/A;N/A;N/A;N/A;N/A;N/A;N/A;N/A;N/A;N/A;N/A;N/A;N/A;N/A;N/A;N/A;N/A;N/A;N/A;N/A;N/A;N/A;"1474 mm";"3680 mm";N/A;N/A;N/A;N/A;5;"66 hp";Life;N/A;4;"1752 mm";N/A;N/A;N/A;N/A;N/A;N/A;N/A;N/A;N/A;N/A;N/A;N/A;N/A;N/A;N/A;N/A;N/A;N/A;5;1.0;Nafta;Manual;Hatchback;"Autos y camionetas";N/A;N/A;N/A;N/A;N/A;N/A;UY;N/A;N/A;N/A;N/A;N/A;N/A;N/A;N/A;N/A;N/A;N/A;N/A;N/A;N/A;N/A;N/A;N/A;N/A;N/A;N/A;N/A;N/A;N/A;N/A;N/A;N/A;N/A;N/A;N/A;N/A;N/A;N/A;N/A;N/A;N/A;N/A;N/A;N/A;N/A;N/A;N/A;N/A;N/A;N/A;N/A;N/A;N/A;N/A;N/A;N/A;N/A;N/A;N/A;N/A;N/A;N/A;N/A;N/A;N/A;N/A;N/A;N/A;N/A;N/A;N/A;N/A;N/A;N/A;N/A;N/A;N/A;N/A;N/A;N/A;N/A;N/A;N/A;N/A;N/A;N/A;N/A;N/A;N/A;N/A;N/A;N/A;N/A;N/A;N/A;N/A;N/A;N/A;N/A;N/A;N/A;N/A;N/A;N/A;N/A;N/A;N/A;N/A;N/A;N/A;N/A;N/A;N/A;N/A;N/A;N/A;N/A;N/A;N/A;N/A;N/A
Renault;Oroch;"2.0 Privilege";2016;"159000 km";;ALEVIN025;14200;;;;;Prado;https://auto.mercadolibre.com.uy/MLU-704303472-renault-_JM;N/A;;Renault;USD;Sí;silver;false;N/A;N/A;http://perfil.mercadolibre.com.uy/ALEVIN025;active;N/A;N/A;Usado;Negro;N/A;Asistida;Delantera;Sí;N/A;N/A;N/A;N/A;N/A;N/A;N/A;No;N/A;N/A;N/A;N/A;N/A;N/A;N/A;N/A;N/A;N/A;N/A;N/A;N/A;N/A;N/A;N/A;N/A;N/A;N/A;N/A;N/A;N/A;N/A;N/A;N/A;No;N/A;N/A;N/A;N/A;N/A;N/A;N/A;N/A;N/A;N/A;N/A;N/A;N/A;N/A;N/A;N/A;N/A;N/A;N/A;N/A;N/A;N/A;N/A;N/A;N/A;N/A;N/A;N/A;N/A;N/A;N/A;N/A;N/A;N/A;N/A;N/A;N/A;N/A;N/A;N/A;N/A;N/A;N/A;N/A;N/A;N/A;N/A;N/A;N/A;N/A;N/A;N/A;N/A;N/A;N/A;Sí;N/A;Sí;Sí;N/A;N/A;N/A;N/A;N/A;N/A;N/A;N/A;N/A;N/A;4;2.0;Nafta;Manual;Pick-Up;"Autos y camionetas";N/A;N/A;N/A;N/A;N/A;N/A;N/A;N/A;N/A;N/A;N/A;N/A;N/A;N/A;N/A;N/A;N/A;N/A;N/A;N/A;N/A;N/A;N/A;N/A;N/A;N/A;N/A;N/A;N/A;N/A;N/A;N/A;N/A;N/A;N/A;N/A;N/A;N/A;N/A;N/A;N/A;N/A;N/A;N/A;N/A;N/A;N/A;N/A;N/A;N/A;N/A;N/A;N/A;N/A;N/A;N/A;N/A;N/A;N/A;N/A;N/A;N/A;N/A;N/A;N/A;N/A;N/A;N/A;N/A;N/A;N/A;N/A;N/A;N/A;N/A;N/A;N/A;N/A;N/A;N/A;N/A;N/A;N/A;N/A;N/A;N/A;N/A;N/A;N/A;N/A;N/A;N/A;N/A;N/A;N/A;N/A;N/A;N/A;N/A;N/A;N/A;N/A;N/A;N/A;N/A;N/A;N/A;N/A;N/A;N/A;N/A;N/A;N/A;N/A;N/A;N/A;N/A;N/A;N/A;N/A;N/A;N/A
Renault;Kwid;"1.0 Sce 66cv Zen";2025;"1 km";;"ISMAEL PENEDO";13900;;;;;Buceo;https://auto.mercadolibre.com.uy/MLU-703107230-renault-kwid-cero-kms-_JM;N/A;;"Renault Kwid Cero Kms!!!!";USD;Sí;silver;false;N/A;N/A;http://perfil.mercadolibre.com.uy/ISMAEL+PENEDO;active;N/A;N/A;Usado;Blanco;Sí;Hidráulica;N/A;N/A;N/A;N/A;N/A;N/A;N/A;N/A;N/A;N/A;N/A;N/A;N/A;N/A;N/A;N/A;N/A;N/A;N/A;N/A;N/A;N/A;N/A;N/A;N/A;N/A;N/A;N/A;N/A;N/A;N/A;N/A;N/A;N/A;N/A;N/A;N/A;N/A;N/A;N/A;N/A;N/A;N/A;N/A;N/A;N/A;N/A;N/A;N/A;N/A;N/A;N/A;N/A;N/A;N/A;N/A;N/A;N/A;N/A;N/A;N/A;N/A;N/A;N/A;N/A;N/A;N/A;N/A;N/A;N/A;N/A;N/A;N/A;N/A;N/A;N/A;N/A;N/A;N/A;N/A;N/A;N/A;N/A;N/A;N/A;N/A;N/A;N/A;N/A;N/A;N/A;N/A;N/A;N/A;N/A;N/A;N/A;N/A;N/A;N/A;N/A;N/A;N/A;N/A;"La l 08 a 23hrs";5;1.0;Nafta;Manual;N/A;"Autos y camionetas";N/A;N/A;N/A;N/A;N/A;N/A;N/A;N/A;N/A;N/A;N/A;N/A;N/A;N/A;N/A;N/A;N/A;N/A;N/A;N/A;N/A;N/A;N/A;N/A;N/A;N/A;N/A;N/A;N/A;N/A;N/A;N/A;N/A;N/A;N/A;N/A;N/A;N/A;N/A;N/A;N/A;N/A;N/A;N/A;N/A;N/A;N/A;N/A;N/A;N/A;N/A;N/A;N/A;N/A;N/A;N/A;N/A;N/A;N/A;N/A;N/A;N/A;N/A;N/A;N/A;N/A;N/A;N/A;N/A;N/A;N/A;N/A;N/A;N/A;N/A;N/A;N/A;N/A;N/A;N/A;N/A;N/A;N/A;N/A;N/A;N/A;N/A;N/A;N/A;N/A;N/A;N/A;N/A;N/A;N/A;N/A;N/A;N/A;N/A;N/A;N/A;N/A;N/A;N/A;N/A;N/A;N/A;N/A;N/A;N/A;N/A;N/A;N/A;N/A;N/A;N/A;N/A;N/A;N/A;N/A;N/A;N/A
Renault;Kwid;"1.0 Sce 66cv Intense";2020;"44100 km";;GARZÓNAUTOMÓVILES;12500;;;;;Belvedere;https://auto.mercadolibre.com.uy/MLU-701991054-renault-kwid-intense-unico-dueno-garzon-automoviles-_JM;N/A;;"Renault Kwid Intense Único Dueño Garzón Automóviles";usd;Sí;silver;false;N/A;N/A;http://perfil.mercadolibre.com.uy/GARZ%C3%93NAUTOM%C3%93VILES;active;N/A;N/A;Usado;Blanco;Sí;N/A;Delantera;Sí;N/A;Sí;N/A;N/A;N/A;N/A;N/A;N/A;N/A;N/A;N/A;Sí;N/A;Sí;N/A;N/A;N/A;N/A;N/A;N/A;N/A;N/A;N/A;N/A;"2423 mm";"1 L";"50 L";5;N/A;N/A;N/A;N/A;N/A;N/A;N/A;N/A;N/A;N/A;N/A;N/A;N/A;N/A;N/A;N/A;N/A;N/A;N/A;N/A;N/A;N/A;N/A;N/A;N/A;N/A;N/A;N/A;N/A;N/A;N/A;N/A;N/A;N/A;N/A;N/A;N/A;N/A;N/A;N/A;N/A;N/A;N/A;N/A;N/A;"1474 mm";"3680 mm";N/A;N/A;N/A;N/A;5;"66 hp";Intense;N/A;4;"1752 mm";N/A;N/A;N/A;N/A;Sí;N/A;Sí;Sí;N/A;N/A;N/A;N/A;N/A;N/A;N/A;N/A;N/A;"Lunes a viernes de 09 a 18 hrs";5;1.0;Nafta;Manual;Hatchback;"Autos y camionetas";N/A;N/A;N/A;N/A;N/A;N/A;UY;N/A;Sí;N/A;N/A;N/A;N/A;N/A;N/A;N/A;N/A;N/A;N/A;N/A;N/A;N/A;N/A;N/A;N/A;N/A;N/A;N/A;N/A;N/A;N/A;N/A;N/A;N/A;N/A;N/A;N/A;N/A;N/A;N/A;N/A;N/A;N/A;N/A;N/A;N/A;N/A;N/A;N/A;N/A;N/A;N/A;N/A;N/A;N/A;N/A;N/A;N/A;N/A;N/A;N/A;N/A;N/A;N/A;N/A;N/A;N/A;N/A;N/A;N/A;N/A;N/A;N/A;N/A;N/A;N/A;N/A;N/A;N/A;N/A;N/A;N/A;N/A;N/A;N/A;N/A;N/A;N/A;N/A;N/A;N/A;N/A;N/A;N/A;N/A;N/A;Sí;N/A;N/A;N/A;Sí;N/A;N/A;N/A;N/A;Sí;N/A;N/A;Sí;N/A;N/A;N/A;N/A;Sí;Sí;N/A;Sí;N/A;N/A;N/A;N/A;Sí
Renault;Logan;"1.6 Authentique 85cv";2017;"93000 km";;"VILLALBA AUTOMOVILES";10990;;;;;"Barros Blancos";https://auto.mercadolibre.com.uy/MLU-695385662-oportunidad-precioso-renault-logan-autentique-_JM;N/A;;"Oportunidad Precioso Renault Logan Autentique ";usd;Sí;silver;false;N/A;N/A;http://perfil.mercadolibre.com.uy/VILLALBA+AUTOMOVILES;active;N/A;N/A;Usado;Blanco;N/A;Hidráulica;Delantera;N/A;N/A;N/A;N/A;N/A;N/A;N/A;N/A;N/A;N/A;N/A;N/A;N/A;N/A;N/A;N/A;N/A;N/A;N/A;N/A;N/A;N/A;N/A;N/A;N/A;"2635 mm";"1.6 L";"50 L";5;N/A;N/A;N/A;N/A;N/A;N/A;N/A;N/A;N/A;N/A;N/A;N/A;N/A;N/A;N/A;N/A;N/A;N/A;N/A;N/A;N/A;N/A;N/A;N/A;N/A;N/A;N/A;N/A;N/A;N/A;N/A;N/A;N/A;N/A;N/A;N/A;N/A;N/A;N/A;N/A;N/A;N/A;N/A;N/A;N/A;"1529 mm";"4350 mm";N/A;N/A;N/A;N/A;5;"85 hp";Authentique;N/A;2;"1733 mm";"12.5 km/l";N/A;N/A;N/A;N/A;N/A;N/A;N/A;N/A;N/A;N/A;N/A;N/A;N/A;N/A;N/A;N/A;N/A;4;1.6;Nafta;Manual;Sedán;"Autos y camionetas";N/A;N/A;N/A;N/A;N/A;N/A;UY;N/A;N/A;N/A;N/A;N/A;N/A;N/A;N/A;N/A;N/A;N/A;N/A;N/A;N/A;N/A;N/A;N/A;N/A;N/A;N/A;N/A;N/A;N/A;N/A;N/A;N/A;N/A;N/A;N/A;N/A;N/A;N/A;N/A;N/A;N/A;N/A;N/A;N/A;N/A;N/A;N/A;N/A;N/A;N/A;N/A;N/A;N/A;N/A;N/A;N/A;N/A;N/A;N/A;N/A;N/A;N/A;N/A;N/A;N/A;N/A;N/A;N/A;N/A;N/A;N/A;N/A;N/A;N/A;N/A;N/A;N/A;N/A;N/A;N/A;N/A;N/A;N/A;N/A;N/A;N/A;N/A;N/A;N/A;N/A;N/A;N/A;N/A;N/A;N/A;N/A;N/A;N/A;N/A;N/A;N/A;N/A;N/A;N/A;N/A;N/A;N/A;N/A;N/A;N/A;N/A;N/A;N/A;N/A;N/A;N/A;N/A;N/A;N/A;N/A;N/A
Renault;Duster;Intense;2025;"0 km";;INTERAUTO2024;25990;;;;;"Paso de Carrasco";https://auto.mercadolibre.com.uy/MLU-694657314-renault-duster-intense-16-2025-0km-interauto-_JM;N/A;;"Renault Duster Intense 1.6 2025 0km Interauto";USD;Sí;silver;false;N/A;N/A;http://perfil.mercadolibre.com.uy/INTERAUTO2024;active;N/A;N/A;Nuevo;"Gris oscuro";N/A;Eléctrica;Delantera;Sí;Sí;Sí;N/A;Sí;N/A;Sí;Sí;N/A;Sí;Sí;Sí;Sí;N/A;Sí;N/A;N/A;N/A;N/A;N/A;N/A;N/A;N/A;N/A;N/A;N/A;"1600 cc";N/A;N/A;N/A;N/A;N/A;N/A;Sí;Sí;N/A;N/A;N/A;N/A;N/A;N/A;N/A;N/A;N/A;N/A;N/A;N/A;N/A;N/A;N/A;N/A;N/A;Sí;N/A;Sí;N/A;Sí;N/A;N/A;N/A;N/A;N/A;N/A;N/A;N/A;N/A;N/A;N/A;N/A;N/A;N/A;N/A;N/A;N/A;N/A;N/A;N/A;N/A;N/A;N/A;N/A;N/A;Intens;N/A;N/A;N/A;N/A;N/A;N/A;Sí;N/A;Sí;Sí;Sí;Sí;N/A;N/A;N/A;N/A;N/A;N/A;N/A;Sí;"Lunes a Domingo de 9 a 18:30 hs";5;1.6;Nafta;Manual;SUV;"Autos y camionetas";No;N/A;N/A;N/A;No;N/A;N/A;No;Sí;No;No;N/A;N/A;N/A;N/A;N/A;N/A;N/A;N/A;N/A;N/A;N/A;N/A;N/A;N/A;N/A;N/A;N/A;N/A;N/A;N/A;N/A;N/A;N/A;N/A;Sí;N/A;N/A;N/A;N/A;N/A;N/A;N/A;Sí;N/A;N/A;N/A;N/A;N/A;N/A;N/A;N/A;N/A;N/A;N/A;N/A;N/A;N/A;N/A;N/A;N/A;Sí;No;N/A;N/A;N/A;N/A;N/A;N/A;N/A;N/A;N/A;N/A;N/A;N/A;N/A;N/A;N/A;N/A;N/A;N/A;N/A;N/A;N/A;N/A;N/A;N/A;N/A;N/A;N/A;N/A;N/A;Sí;N/A;N/A;N/A;Sí;Sí;Sí;N/A;Sí;Sí;Sí;N/A;Sí;Sí;N/A;Sí;N/A;N/A;N/A;Sí;Sí;N/A;Sí;N/A;Sí;N/A;N/A;N/A;Sí;Sí
Renault;"Duster Oroch";"2.0 Privilege";2018;"170000 km";;CARRATTOAUTOMOVILES17;16800;;;;;Trinidad;https://auto.mercadolibre.com.uy/MLU-694656808-renault-duster-oroch-20-privilege-_JM;N/A;;"Renault Duster Oroch 2.0 Privilege";usd;Sí;silver;false;N/A;N/A;http://perfil.mercadolibre.com.uy/CARRATTOAUTOMOVILES17;active;N/A;N/A;Usado;Gris;N/A;Hidráulica;4x2;Sí;N/A;N/A;N/A;N/A;N/A;N/A;N/A;N/A;N/A;N/A;N/A;N/A;N/A;N/A;N/A;N/A;N/A;N/A;N/A;N/A;N/A;N/A;N/A;N/A;"2829 mm";"2 L";"50 L";6;N/A;N/A;N/A;N/A;N/A;N/A;N/A;N/A;N/A;N/A;N/A;N/A;N/A;N/A;N/A;N/A;N/A;N/A;N/A;N/A;N/A;N/A;N/A;N/A;N/A;N/A;N/A;N/A;N/A;N/A;N/A;N/A;N/A;N/A;N/A;N/A;N/A;N/A;N/A;N/A;N/A;N/A;N/A;N/A;N/A;"1683 mm";"4329 mm";N/A;N/A;N/A;N/A;5;"143 hp";Privilege;N/A;4;"1821 mm";"10.8 km/l";N/A;N/A;N/A;N/A;N/A;N/A;N/A;N/A;N/A;N/A;N/A;N/A;N/A;N/A;N/A;N/A;N/A;5;2.0;Nafta;Manual;SUV;"Autos y camionetas";N/A;N/A;N/A;N/A;N/A;N/A;UY;N/A;N/A;N/A;N/A;N/A;N/A;N/A;N/A;N/A;N/A;N/A;N/A;N/A;N/A;N/A;N/A;N/A;N/A;N/A;N/A;N/A;N/A;N/A;N/A;N/A;N/A;N/A;N/A;N/A;N/A;N/A;N/A;N/A;N/A;N/A;N/A;N/A;N/A;N/A;N/A;N/A;N/A;N/A;N/A;N/A;N/A;N/A;N/A;N/A;N/A;N/A;N/A;N/A;N/A;N/A;N/A;N/A;N/A;N/A;N/A;N/A;N/A;N/A;N/A;N/A;N/A;N/A;N/A;N/A;N/A;N/A;N/A;N/A;N/A;N/A;N/A;N/A;N/A;N/A;N/A;N/A;N/A;N/A;N/A;N/A;N/A;N/A;N/A;N/A;N/A;N/A;N/A;N/A;N/A;N/A;N/A;N/A;N/A;N/A;N/A;N/A;N/A;N/A;N/A;N/A;N/A;N/A;N/A;N/A;N/A;N/A;N/A;N/A;N/A;N/A
Renault;Renault;"Renault sandero";2020;"60000 km";;VILLALBAANDRES2012;6990;;;;;"Barros Blancos";https://auto.mercadolibre.com.uy/MLU-705242738-oportunidad-renault-sandero-chocada-en-marcha-_JM;N/A;;"Oportunidad Renault Sandero Chocada En Marcha ";USD;Sí;silver;false;N/A;N/A;http://perfil.mercadolibre.com.uy/VILLALBAANDRES2012;active;N/A;N/A;Usado;Rojo;N/A;N/A;N/A;N/A;N/A;N/A;N/A;N/A;N/A;N/A;N/A;N/A;N/A;N/A;N/A;N/A;N/A;N/A;N/A;N/A;N/A;N/A;N/A;N/A;N/A;N/A;N/A;N/A;N/A;N/A;N/A;N/A;N/A;N/A;N/A;N/A;N/A;N/A;N/A;N/A;N/A;N/A;N/A;N/A;N/A;N/A;N/A;N/A;N/A;N/A;N/A;N/A;N/A;N/A;N/A;N/A;N/A;N/A;N/A;N/A;N/A;N/A;N/A;N/A;N/A;N/A;N/A;N/A;N/A;N/A;N/A;N/A;N/A;N/A;N/A;N/A;N/A;N/A;N/A;N/A;N/A;N/A;N/A;N/A;N/A;N/A;N/A;N/A;N/A;N/A;N/A;N/A;N/A;N/A;N/A;N/A;N/A;N/A;N/A;N/A;N/A;N/A;N/A;N/A;N/A;N/A;N/A;4;N/A;Nafta;N/A;N/A;"Autos y camionetas";N/A;N/A;N/A;N/A;N/A;N/A;N/A;N/A;N/A;N/A;N/A;N/A;N/A;N/A;N/A;N/A;N/A;N/A;N/A;N/A;N/A;N/A;N/A;N/A;N/A;N/A;N/A;N/A;N/A;N/A;N/A;N/A;N/A;N/A;N/A;N/A;N/A;N/A;N/A;N/A;N/A;N/A;N/A;N/A;N/A;N/A;N/A;N/A;N/A;N/A;N/A;N/A;N/A;N/A;N/A;N/A;N/A;N/A;N/A;N/A;N/A;N/A;N/A;N/A;N/A;N/A;N/A;N/A;N/A;N/A;N/A;N/A;N/A;N/A;N/A;N/A;N/A;N/A;N/A;N/A;N/A;N/A;N/A;N/A;N/A;N/A;N/A;N/A;N/A;N/A;N/A;N/A;N/A;N/A;N/A;N/A;N/A;N/A;N/A;N/A;N/A;N/A;N/A;N/A;N/A;N/A;N/A;N/A;N/A;N/A;N/A;N/A;N/A;N/A;N/A;N/A;N/A;N/A;N/A;N/A;N/A;N/A
Renault;Renault;"Renault megane 1.6";2007;"111111 km";;VILLALBAANDRES2012;4350;;;;;"Barros Blancos";https://auto.mercadolibre.com.uy/MLU-705242728-oportunidad-renault-megane-chocado-vuelco-leve-en-marcha-_JM;N/A;;"Oportunidad Renault Megane Chocado (vuelco Leve ) En Marcha ";USD;No;silver;false;N/A;N/A;http://perfil.mercadolibre.com.uy/VILLALBAANDRES2012;active;N/A;N/A;Usado;Gris;N/A;N/A;N/A;N/A;N/A;N/A;N/A;N/A;N/A;N/A;N/A;N/A;N/A;N/A;N/A;N/A;N/A;N/A;N/A;N/A;N/A;N/A;N/A;N/A;N/A;N/A;N/A;N/A;N/A;N/A;N/A;N/A;N/A;N/A;N/A;N/A;N/A;N/A;N/A;N/A;N/A;N/A;N/A;N/A;N/A;N/A;N/A;N/A;N/A;N/A;N/A;N/A;N/A;N/A;N/A;N/A;N/A;N/A;N/A;N/A;N/A;N/A;N/A;N/A;N/A;N/A;N/A;N/A;N/A;N/A;N/A;N/A;N/A;N/A;N/A;N/A;N/A;N/A;N/A;N/A;N/A;N/A;N/A;N/A;N/A;N/A;N/A;N/A;N/A;N/A;N/A;N/A;N/A;N/A;N/A;N/A;N/A;N/A;N/A;N/A;N/A;N/A;N/A;N/A;N/A;N/A;N/A;4;N/A;Nafta;N/A;N/A;"Autos y camionetas";N/A;N/A;N/A;N/A;N/A;N/A;N/A;N/A;N/A;N/A;N/A;N/A;N/A;N/A;N/A;N/A;N/A;N/A;N/A;N/A;N/A;N/A;N/A;N/A;N/A;N/A;N/A;N/A;N/A;N/A;N/A;N/A;N/A;N/A;N/A;N/A;N/A;N/A;N/A;N/A;N/A;N/A;N/A;N/A;N/A;N/A;N/A;N/A;N/A;N/A;N/A;N/A;N/A;N/A;N/A;N/A;N/A;N/A;N/A;N/A;N/A;N/A;N/A;N/A;N/A;N/A;N/A;N/A;N/A;N/A;N/A;N/A;N/A;N/A;N/A;N/A;N/A;N/A;N/A;N/A;N/A;N/A;N/A;N/A;N/A;N/A;N/A;N/A;N/A;N/A;N/A;N/A;N/A;N/A;N/A;N/A;N/A;N/A;N/A;N/A;N/A;N/A;N/A;N/A;N/A;N/A;N/A;N/A;N/A;N/A;N/A;N/A;N/A;N/A;N/A;N/A;N/A;N/A;N/A;N/A;N/A;N/A
Renault;Renault;"Renault Captur 1.2";2017;"25000 km";;VILLALBAANDRES2012;1900;;;;;"Barros Blancos";https://auto.mercadolibre.com.uy/MLU-705177552-renault-captur-12-turbo-autom-2017-no-chocado-por-partes-_JM;N/A;;"Renault Captur 1.2 Turbo Autom. 2017 No Chocado Por Partes";USD;Sí;silver;false;N/A;N/A;http://perfil.mercadolibre.com.uy/VILLALBAANDRES2012;active;N/A;N/A;Usado;Naranja;N/A;N/A;N/A;N/A;N/A;N/A;N/A;N/A;N/A;N/A;N/A;N/A;N/A;N/A;N/A;N/A;N/A;N/A;N/A;N/A;N/A;N/A;N/A;N/A;N/A;N/A;N/A;N/A;N/A;N/A;N/A;N/A;N/A;N/A;N/A;N/A;N/A;N/A;N/A;N/A;N/A;N/A;N/A;N/A;N/A;N/A;N/A;N/A;N/A;N/A;N/A;N/A;N/A;N/A;N/A;N/A;N/A;N/A;N/A;N/A;N/A;N/A;N/A;N/A;N/A;N/A;N/A;N/A;N/A;N/A;N/A;N/A;N/A;N/A;N/A;N/A;N/A;N/A;N/A;N/A;N/A;N/A;N/A;N/A;N/A;N/A;N/A;N/A;N/A;N/A;N/A;N/A;N/A;N/A;N/A;N/A;N/A;N/A;N/A;N/A;N/A;N/A;N/A;N/A;N/A;N/A;N/A;4;N/A;Nafta;Automática;N/A;"Autos y camionetas";N/A;N/A;N/A;N/A;N/A;N/A;N/A;N/A;N/A;N/A;N/A;N/A;N/A;N/A;N/A;N/A;N/A;N/A;N/A;N/A;N/A;N/A;N/A;N/A;N/A;N/A;N/A;N/A;N/A;N/A;N/A;N/A;N/A;N/A;N/A;N/A;N/A;N/A;N/A;N/A;N/A;N/A;N/A;N/A;N/A;N/A;N/A;N/A;N/A;N/A;N/A;N/A;N/A;N/A;N/A;N/A;N/A;N/A;N/A;N/A;N/A;N/A;N/A;N/A;N/A;N/A;N/A;N/A;N/A;N/A;N/A;N/A;N/A;N/A;N/A;N/A;N/A;N/A;N/A;N/A;N/A;N/A;N/A;N/A;N/A;N/A;N/A;N/A;N/A;N/A;N/A;N/A;N/A;N/A;N/A;N/A;N/A;N/A;N/A;N/A;N/A;N/A;N/A;N/A;N/A;N/A;N/A;N/A;N/A;N/A;N/A;N/A;N/A;N/A;N/A;N/A;N/A;N/A;N/A;N/A;N/A;N/A
Renault;Symbol;"1.6 Authentique Pack I 105cv";2013;"143100 km";;OLLU3271590;7499;;;;;Maldonado;https://auto.mercadolibre.com.uy/MLU-702802748-renault-symbol-16-authentique-pack-i-105cv-_JM;N/A;;"Renault Symbol 1.6 Authentique Pack I 105cv";usd;Sí;silver;false;N/A;N/A;http://perfil.mercadolibre.com.uy/OLLU3271590;active;N/A;N/A;Usado;Gris;N/A;Hidráulica;Delantera;N/A;Sí;N/A;N/A;N/A;N/A;N/A;N/A;No;N/A;N/A;N/A;N/A;N/A;N/A;N/A;N/A;N/A;N/A;N/A;N/A;N/A;N/A;N/A;N/A;"2473 mm";"1.6 L";"50 L";5;N/A;N/A;N/A;N/A;N/A;N/A;N/A;N/A;N/A;N/A;N/A;N/A;N/A;N/A;N/A;N/A;N/A;N/A;N/A;N/A;N/A;N/A;N/A;N/A;N/A;N/A;N/A;N/A;N/A;N/A;N/A;N/A;N/A;N/A;N/A;N/A;N/A;N/A;N/A;N/A;N/A;N/A;N/A;N/A;N/A;"1439 mm";"4261 mm";N/A;N/A;N/A;N/A;5;"105 hp";Authentique;N/A;4;"1672 mm";N/A;N/A;N/A;N/A;N/A;N/A;N/A;N/A;N/A;N/A;N/A;N/A;N/A;N/A;N/A;N/A;N/A;N/A;4;1.6;Nafta;Manual;Sedán;"Autos y camionetas";N/A;N/A;N/A;N/A;N/A;N/A;UY;N/A;N/A;N/A;N/A;N/A;N/A;N/A;N/A;N/A;N/A;N/A;N/A;N/A;N/A;N/A;N/A;N/A;N/A;N/A;N/A;N/A;N/A;N/A;N/A;N/A;N/A;N/A;N/A;N/A;N/A;N/A;N/A;N/A;N/A;N/A;N/A;N/A;N/A;N/A;N/A;N/A;N/A;N/A;N/A;N/A;N/A;N/A;N/A;N/A;N/A;N/A;N/A;N/A;N/A;N/A;N/A;N/A;N/A;N/A;N/A;N/A;N/A;N/A;N/A;N/A;N/A;N/A;N/A;N/A;N/A;N/A;N/A;N/A;N/A;N/A;N/A;N/A;N/A;N/A;N/A;N/A;N/A;N/A;N/A;N/A;N/A;N/A;N/A;N/A;N/A;N/A;N/A;N/A;Sí;N/A;N/A;N/A;N/A;N/A;N/A;N/A;N/A;N/A;N/A;N/A;N/A;Sí;Sí;Sí;No;Sí;No;Sí;N/A;No
Renault;Twingo;"1.2 Authentique";1999;"1 km";;PEPELAMBO;40000;;;;;"Punta Gorda";https://auto.mercadolibre.com.uy/MLU-702625802-renault-twingo-12-authentique-_JM;N/A;;"Renault Twingo 1.2 Authentique";usd;No;silver;false;N/A;N/A;http://perfil.mercadolibre.com.uy/PEPELAMBO;active;N/A;N/A;Usado;Azul;No;Hidráulica;Delantera;N/A;N/A;N/A;N/A;N/A;N/A;N/A;N/A;N/A;N/A;N/A;N/A;N/A;N/A;N/A;N/A;N/A;N/A;N/A;N/A;N/A;N/A;N/A;N/A;N/A;"2347 mm";"1.2 L";"40 L";5;N/A;N/A;N/A;N/A;N/A;N/A;N/A;N/A;N/A;N/A;N/A;N/A;N/A;N/A;N/A;N/A;N/A;N/A;N/A;N/A;N/A;N/A;N/A;N/A;N/A;N/A;N/A;N/A;N/A;N/A;N/A;N/A;N/A;N/A;N/A;N/A;N/A;N/A;N/A;N/A;N/A;N/A;N/A;N/A;N/A;"1423 mm";"3433 mm";N/A;N/A;N/A;N/A;4;"75 hp";Authentique;N/A;2;"1630 mm";"13.3 km/l";N/A;N/A;N/A;N/A;N/A;N/A;N/A;N/A;N/A;N/A;N/A;N/A;N/A;N/A;N/A;N/A;N/A;3;1.2;Nafta;Manual;Hatchback;"Autos y camionetas";N/A;N/A;N/A;N/A;N/A;N/A;UY;N/A;N/A;N/A;N/A;N/A;N/A;N/A;N/A;N/A;N/A;N/A;N/A;N/A;N/A;N/A;N/A;N/A;N/A;N/A;N/A;N/A;N/A;N/A;N/A;N/A;N/A;N/A;N/A;N/A;N/A;N/A;N/A;N/A;N/A;N/A;N/A;N/A;N/A;N/A;N/A;N/A;N/A;N/A;N/A;N/A;N/A;N/A;N/A;N/A;N/A;N/A;N/A;N/A;N/A;N/A;N/A;N/A;N/A;N/A;N/A;N/A;N/A;N/A;N/A;N/A;N/A;N/A;N/A;N/A;N/A;N/A;N/A;N/A;N/A;N/A;N/A;N/A;N/A;N/A;N/A;N/A;N/A;N/A;N/A;N/A;N/A;N/A;N/A;N/A;N/A;N/A;N/A;N/A;N/A;N/A;N/A;N/A;N/A;N/A;N/A;N/A;N/A;N/A;N/A;N/A;N/A;N/A;N/A;N/A;N/A;N/A;N/A;N/A;N/A;N/A
Renault;"Laguna 2";"2.0 Rxt";1999;"350 km";;FAJO1342010;5200;;;;;"La Floresta";https://auto.mercadolibre.com.uy/MLU-706217990-renault-laguna-2-1999-20-rxt-_JM;N/A;;"Renault Laguna 2 1999 2.0 Rxt";usd;No;silver;false;N/A;N/A;http://perfil.mercadolibre.com.uy/FAJO1342010;active;N/A;N/A;Usado;N/A;N/A;Hidráulica;Delantera;N/A;N/A;N/A;N/A;N/A;N/A;N/A;N/A;N/A;N/A;N/A;N/A;N/A;N/A;N/A;N/A;N/A;N/A;N/A;N/A;N/A;N/A;N/A;N/A;N/A;"2670 mm";"2 L";"70 L";5;N/A;N/A;N/A;N/A;N/A;N/A;N/A;N/A;N/A;N/A;N/A;N/A;N/A;N/A;N/A;N/A;N/A;N/A;N/A;N/A;N/A;N/A;N/A;N/A;N/A;N/A;N/A;N/A;N/A;N/A;N/A;N/A;N/A;N/A;N/A;N/A;N/A;N/A;N/A;N/A;N/A;N/A;N/A;N/A;N/A;"1429 mm";"4576 mm";N/A;N/A;N/A;N/A;5;"137 hp";Rxt;N/A;4;"1772 mm";"11 km/l";N/A;N/A;N/A;N/A;N/A;N/A;N/A;N/A;N/A;N/A;N/A;N/A;N/A;N/A;N/A;N/A;N/A;4;2.0;Nafta;Manual;Sedán;"Autos y camionetas";N/A;N/A;N/A;N/A;N/A;N/A;UY;N/A;N/A;N/A;N/A;N/A;N/A;N/A;N/A;N/A;N/A;N/A;N/A;N/A;N/A;N/A;N/A;N/A;N/A;N/A;N/A;N/A;N/A;N/A;N/A;N/A;N/A;N/A;N/A;N/A;N/A;N/A;N/A;N/A;N/A;N/A;N/A;N/A;N/A;N/A;N/A;N/A;N/A;N/A;N/A;N/A;N/A;N/A;N/A;N/A;N/A;N/A;N/A;N/A;N/A;N/A;N/A;N/A;N/A;N/A;N/A;N/A;N/A;N/A;N/A;N/A;N/A;N/A;N/A;N/A;N/A;N/A;N/A;N/A;N/A;N/A;N/A;N/A;N/A;N/A;N/A;N/A;N/A;N/A;N/A;N/A;N/A;N/A;N/A;N/A;N/A;N/A;N/A;N/A;N/A;N/A;N/A;N/A;N/A;N/A;N/A;N/A;N/A;N/A;N/A;N/A;N/A;N/A;N/A;N/A;N/A;N/A;N/A;N/A;N/A;N/A
Renault;Renault;"Renault Duster 2.0";2013;"111111 km";;VILLALBAANDRES2012;2990;;;;;"Barros Blancos";https://auto.mercadolibre.com.uy/MLU-692575114-renault-duster-20-chocado-por-partes-_JM;N/A;;"Renault Duster 2.0 Chocado Por Partes  ";USD;Sí;silver;false;N/A;N/A;http://perfil.mercadolibre.com.uy/VILLALBAANDRES2012;active;N/A;N/A;Usado;Verde;N/A;N/A;N/A;N/A;N/A;N/A;N/A;N/A;N/A;N/A;N/A;N/A;N/A;N/A;N/A;N/A;N/A;N/A;N/A;N/A;N/A;N/A;N/A;N/A;N/A;N/A;N/A;N/A;N/A;N/A;N/A;N/A;N/A;N/A;N/A;N/A;N/A;N/A;N/A;N/A;N/A;N/A;N/A;N/A;N/A;N/A;N/A;N/A;N/A;N/A;N/A;N/A;N/A;N/A;N/A;N/A;N/A;N/A;N/A;N/A;N/A;N/A;N/A;N/A;N/A;N/A;N/A;N/A;N/A;N/A;N/A;N/A;N/A;N/A;N/A;N/A;N/A;N/A;N/A;N/A;N/A;N/A;N/A;N/A;N/A;N/A;N/A;N/A;N/A;N/A;N/A;N/A;N/A;N/A;N/A;N/A;N/A;N/A;N/A;N/A;N/A;N/A;N/A;N/A;N/A;N/A;N/A;4;2.0;Nafta;N/A;N/A;"Autos y camionetas";N/A;N/A;N/A;N/A;N/A;N/A;N/A;N/A;N/A;N/A;N/A;N/A;N/A;N/A;N/A;N/A;N/A;N/A;N/A;N/A;N/A;N/A;N/A;N/A;N/A;N/A;N/A;N/A;N/A;N/A;N/A;N/A;N/A;N/A;N/A;N/A;N/A;N/A;N/A;N/A;N/A;N/A;N/A;N/A;N/A;N/A;N/A;N/A;N/A;N/A;N/A;N/A;N/A;N/A;N/A;N/A;N/A;N/A;N/A;N/A;N/A;N/A;N/A;N/A;N/A;N/A;N/A;N/A;N/A;N/A;N/A;N/A;N/A;N/A;N/A;N/A;N/A;N/A;N/A;N/A;N/A;N/A;N/A;N/A;N/A;N/A;N/A;N/A;N/A;N/A;N/A;N/A;N/A;N/A;N/A;N/A;N/A;N/A;N/A;N/A;N/A;N/A;N/A;N/A;N/A;N/A;N/A;N/A;N/A;N/A;N/A;N/A;N/A;N/A;N/A;N/A;N/A;N/A;N/A;N/A;N/A;N/A
Renault;Kwid;"1.0 Sce 66cv Intense";2019;"23500 km";;CAHU3823295;12000;;;;;"La Teja";https://auto.mercadolibre.com.uy/MLU-647443965-renault-kwid-2019-10-sce-66cv-intense-_JM;N/A;;"Renault Kwid 2019 1.0 Sce 66cv Intense";usd;Sí;silver;false;N/A;N/A;http://perfil.mercadolibre.com.uy/CAHU3823295;active;N/A;N/A;Usado;N/A;N/A;Hidráulica;Delantera;N/A;N/A;Sí;N/A;N/A;N/A;N/A;N/A;N/A;N/A;N/A;N/A;N/A;N/A;N/A;N/A;N/A;N/A;N/A;N/A;N/A;N/A;N/A;N/A;N/A;"2423 mm";"1 L";"50 L";5;N/A;N/A;N/A;N/A;N/A;N/A;N/A;N/A;N/A;N/A;N/A;N/A;N/A;N/A;N/A;N/A;N/A;N/A;N/A;N/A;N/A;N/A;N/A;N/A;N/A;N/A;N/A;N/A;N/A;N/A;N/A;N/A;N/A;N/A;N/A;N/A;N/A;N/A;N/A;N/A;N/A;N/A;N/A;N/A;N/A;"1474 mm";"3680 mm";N/A;N/A;N/A;N/A;5;"66 hp";Intense;N/A;4;"1752 mm";N/A;N/A;N/A;N/A;N/A;N/A;N/A;N/A;N/A;N/A;N/A;N/A;N/A;N/A;N/A;N/A;N/A;N/A;5;1.0;Nafta;Manual;Hatchback;"Autos y camionetas";N/A;N/A;N/A;N/A;N/A;N/A;UY;N/A;N/A;N/A;N/A;N/A;N/A;N/A;N/A;N/A;N/A;N/A;N/A;N/A;N/A;N/A;N/A;N/A;N/A;N/A;N/A;N/A;N/A;N/A;N/A;N/A;N/A;N/A;N/A;N/A;N/A;N/A;N/A;N/A;N/A;N/A;N/A;N/A;N/A;N/A;N/A;N/A;N/A;N/A;N/A;N/A;N/A;N/A;N/A;N/A;N/A;N/A;N/A;N/A;N/A;N/A;N/A;N/A;N/A;N/A;N/A;N/A;N/A;N/A;N/A;N/A;N/A;N/A;N/A;N/A;N/A;N/A;N/A;N/A;N/A;N/A;N/A;N/A;N/A;N/A;N/A;N/A;N/A;N/A;N/A;N/A;N/A;N/A;N/A;N/A;N/A;N/A;N/A;N/A;N/A;N/A;N/A;N/A;N/A;N/A;N/A;N/A;N/A;N/A;N/A;N/A;N/A;N/A;N/A;N/A;N/A;N/A;N/A;N/A;N/A;N/A
Renault;Fluence;"2.0 Dynamique";2011;"147545 km";;ALDI9425396;8500;;;;;Sayago;https://auto.mercadolibre.com.uy/MLU-647179663-renault-fluence-2011-20-dynamique-_JM;N/A;;"Renault Fluence 2011 2.0 Dynamique";usd;Sí;free;false;N/A;N/A;http://perfil.mercadolibre.com.uy/ALDI9425396;active;N/A;N/A;Usado;Blanco;N/A;Eléctrica;Delantera;Sí;Sí;Sí;N/A;N/A;No;N/A;N/A;N/A;N/A;N/A;No;Sí;N/A;Sí;N/A;N/A;N/A;N/A;N/A;N/A;N/A;N/A;N/A;N/A;"2700 mm";"2 L";"60 L";6;N/A;N/A;N/A;N/A;N/A;Sí;N/A;N/A;N/A;Sí;N/A;N/A;N/A;N/A;N/A;N/A;N/A;N/A;N/A;N/A;N/A;N/A;N/A;N/A;N/A;N/A;N/A;N/A;N/A;N/A;N/A;N/A;N/A;Sí;Sí;N/A;N/A;N/A;N/A;N/A;N/A;N/A;N/A;N/A;N/A;"1479 mm";"4618 mm";N/A;N/A;N/A;N/A;5;"143 hp";Dynamique;N/A;4;"1810 mm";"11 km/l";N/A;N/A;N/A;Sí;N/A;Sí;Sí;N/A;N/A;N/A;"6.2 km/l";Sí;N/A;N/A;N/A;N/A;N/A;4;2.0;Nafta;Manual;Sedán;"Autos y camionetas";N/A;N/A;N/A;N/A;N/A;N/A;UY;N/A;N/A;N/A;N/A;N/A;N/A;N/A;N/A;N/A;N/A;N/A;N/A;N/A;N/A;N/A;N/A;N/A;N/A;N/A;N/A;N/A;N/A;N/A;N/A;N/A;N/A;N/A;N/A;N/A;N/A;N/A;N/A;N/A;N/A;N/A;N/A;N/A;N/A;N/A;N/A;N/A;N/A;N/A;N/A;N/A;N/A;N/A;N/A;N/A;N/A;N/A;N/A;N/A;N/A;N/A;N/A;N/A;N/A;N/A;N/A;N/A;N/A;N/A;N/A;N/A;N/A;N/A;N/A;N/A;N/A;N/A;N/A;N/A;N/A;N/A;N/A;N/A;N/A;N/A;N/A;N/A;N/A;N/A;N/A;N/A;N/A;N/A;N/A;N/A;Sí;Sí;N/A;N/A;Sí;N/A;N/A;N/A;N/A;Sí;Sí;N/A;Sí;N/A;N/A;N/A;Sí;N/A;Sí;Sí;N/A;Sí;N/A;N/A;N/A;N/A
Renault;Clio;"0.9 Iv Tce90 Intense";2021;"52000 km";;VIMA6104702;19000;;;;;"Bella Vista";https://auto.mercadolibre.com.uy/MLU-703645752-renault-clio-09-iv-tce90-intense-_JM;N/A;;"Renault Clio 0.9 Iv Tce90 Intense";usd;Sí;free;false;N/A;N/A;http://perfil.mercadolibre.com.uy/VIMA6104702;active;N/A;N/A;Usado;Azul;No;Asistida;Delantera;Sí;N/A;Sí;N/A;N/A;Sí;N/A;N/A;N/A;N/A;N/A;N/A;Sí;N/A;Sí;N/A;N/A;N/A;N/A;N/A;N/A;N/A;N/A;N/A;N/A;"2472 mm";"0.9 L";"50 L";5;N/A;N/A;N/A;N/A;N/A;Sí;N/A;N/A;N/A;N/A;N/A;N/A;N/A;N/A;N/A;N/A;N/A;N/A;N/A;N/A;N/A;N/A;N/A;N/A;N/A;N/A;N/A;N/A;N/A;No;N/A;N/A;N/A;N/A;N/A;N/A;N/A;N/A;N/A;N/A;N/A;N/A;N/A;N/A;N/A;"1417 mm";"3811 mm";N/A;N/A;N/A;N/A;5;"90 hp";Intense;N/A;4;"1639 mm";N/A;No;N/A;Sí;Sí;N/A;Sí;Sí;N/A;No;N/A;N/A;No;Sí;N/A;N/A;Sí;N/A;3;0.9;Nafta;Manual;Hatchback;"Autos y camionetas";N/A;N/A;N/A;N/A;N/A;N/A;UY;N/A;N/A;N/A;N/A;N/A;N/A;N/A;N/A;N/A;N/A;N/A;N/A;N/A;N/A;N/A;N/A;N/A;N/A;N/A;N/A;N/A;N/A;N/A;N/A;N/A;N/A;N/A;N/A;N/A;N/A;N/A;N/A;N/A;N/A;N/A;N/A;N/A;N/A;N/A;N/A;N/A;N/A;N/A;N/A;N/A;N/A;N/A;N/A;N/A;N/A;N/A;N/A;N/A;N/A;N/A;N/A;N/A;N/A;N/A;N/A;N/A;N/A;N/A;N/A;N/A;N/A;N/A;N/A;N/A;N/A;N/A;N/A;N/A;N/A;N/A;N/A;N/A;N/A;N/A;N/A;N/A;N/A;N/A;N/A;N/A;N/A;N/A;N/A;N/A;Sí;Sí;Sí;N/A;Sí;N/A;N/A;N/A;N/A;N/A;N/A;N/A;N/A;N/A;N/A;N/A;Sí;N/A;Sí;Sí;Sí;No;No;Sí;N/A;Sí
Renault;Oroch;Oroch;2017;"107000 km";;GONZALO_20;15900;;;;;"San Jacinto";https://auto.mercadolibre.com.uy/MLU-705252122-undefined-_JM;N/A;;Undefined;USD;Sí;free;false;N/A;N/A;http://perfil.mercadolibre.com.uy/GONZALO_20;active;N/A;N/A;Usado;Gris;Sí;Hidráulica;N/A;N/A;N/A;N/A;N/A;N/A;N/A;N/A;N/A;N/A;N/A;N/A;N/A;N/A;N/A;N/A;N/A;N/A;N/A;N/A;N/A;N/A;N/A;N/A;N/A;N/A;N/A;N/A;N/A;N/A;N/A;N/A;N/A;N/A;N/A;N/A;N/A;N/A;N/A;N/A;N/A;N/A;N/A;N/A;N/A;N/A;N/A;N/A;N/A;N/A;N/A;N/A;N/A;N/A;N/A;N/A;N/A;N/A;N/A;N/A;N/A;N/A;N/A;N/A;N/A;N/A;N/A;N/A;N/A;N/A;N/A;N/A;N/A;N/A;N/A;N/A;N/A;N/A;N/A;N/A;N/A;N/A;N/A;N/A;N/A;N/A;N/A;N/A;N/A;N/A;N/A;N/A;N/A;N/A;N/A;N/A;N/A;N/A;N/A;N/A;N/A;N/A;N/A;N/A;N/A;5;N/A;Nafta;N/A;N/A;"Autos y camionetas";N/A;N/A;N/A;N/A;N/A;N/A;N/A;N/A;N/A;N/A;N/A;N/A;N/A;N/A;N/A;N/A;N/A;N/A;N/A;N/A;N/A;N/A;N/A;N/A;N/A;N/A;N/A;N/A;N/A;N/A;N/A;N/A;N/A;N/A;N/A;N/A;N/A;N/A;N/A;N/A;N/A;N/A;N/A;N/A;N/A;N/A;N/A;N/A;N/A;N/A;N/A;N/A;N/A;N/A;N/A;N/A;N/A;N/A;N/A;N/A;N/A;N/A;N/A;N/A;N/A;N/A;N/A;N/A;N/A;N/A;N/A;N/A;N/A;N/A;N/A;N/A;N/A;N/A;N/A;N/A;N/A;N/A;N/A;N/A;N/A;N/A;N/A;N/A;N/A;N/A;N/A;N/A;N/A;N/A;N/A;N/A;N/A;N/A;N/A;N/A;N/A;N/A;N/A;N/A;N/A;N/A;N/A;N/A;N/A;N/A;N/A;N/A;N/A;N/A;N/A;N/A;N/A;N/A;N/A;N/A;N/A;N/A
Renault;"Sandero Stepway";"1.6 Intens Cvt";2022;"30600 km";;CITYSAUL;20500;;;;;Unión;https://auto.mercadolibre.com.uy/MLU-647404761-16-intense-automatica-_JM;N/A;;"1,6 Intense Automática";usd;Sí;free;false;N/A;N/A;http://perfil.mercadolibre.com.uy/CITYSAUL;active;N/A;N/A;Usado;Dorado;No;Hidráulica;Delantera;Sí;Sí;Sí;N/A;N/A;No;N/A;N/A;Sí;N/A;N/A;Sí;Sí;N/A;Sí;N/A;N/A;N/A;N/A;N/A;N/A;N/A;N/A;N/A;N/A;"2590 mm";"1.6 L";"50 L";6;N/A;N/A;N/A;N/A;N/A;No;N/A;N/A;N/A;N/A;N/A;N/A;N/A;N/A;N/A;N/A;N/A;N/A;N/A;N/A;N/A;N/A;N/A;N/A;N/A;N/A;N/A;N/A;N/A;No;N/A;N/A;N/A;N/A;N/A;N/A;N/A;N/A;N/A;N/A;N/A;N/A;N/A;N/A;N/A;"1559 mm";"4066 mm";N/A;N/A;N/A;N/A;5;"105 hp";Cvt;N/A;4;"1761 mm";"9.3 km/l";No;N/A;Sí;Sí;N/A;Sí;Sí;N/A;No;N/A;"5.9 km/l";No;No;N/A;N/A;Sí;"10 a 19";5;1.6;Nafta;Automática;SUV;"Autos y camionetas";No;N/A;N/A;N/A;No;N/A;UY;N/A;No;N/A;No;N/A;N/A;N/A;N/A;N/A;N/A;N/A;N/A;N/A;N/A;N/A;N/A;N/A;Sí;N/A;N/A;N/A;N/A;N/A;N/A;N/A;N/A;N/A;N/A;N/A;N/A;N/A;N/A;N/A;N/A;N/A;N/A;No;N/A;N/A;N/A;N/A;N/A;N/A;N/A;N/A;N/A;N/A;N/A;N/A;N/A;N/A;N/A;N/A;N/A;No;N/A;N/A;N/A;N/A;N/A;N/A;N/A;N/A;N/A;N/A;N/A;N/A;N/A;N/A;N/A;N/A;N/A;N/A;N/A;N/A;N/A;N/A;N/A;N/A;N/A;N/A;N/A;N/A;N/A;N/A;N/A;N/A;N/A;No;Sí;Sí;Sí;N/A;Sí;N/A;N/A;N/A;N/A;Sí;Sí;Sí;Sí;N/A;N/A;Sí;Sí;Sí;Sí;Sí;Sí;No;No;Sí;N/A;Sí
Renault;Fluence;"2.0 Privilege Cvt";2013;"130000 km";;SHAL9885250;14000;;;;;Salto;https://auto.mercadolibre.com.uy/MLU-703814702-renault-fluence-20-privilege-cvt-_JM;N/A;;"Renault Fluence 2.0 Privilege Cvt";usd;Sí;free;false;N/A;N/A;http://perfil.mercadolibre.com.uy/SHAL9885250;active;N/A;N/A;Usado;Blanco;N/A;Eléctrica;Delantera;N/A;N/A;Sí;N/A;N/A;N/A;N/A;N/A;Sí;N/A;N/A;N/A;N/A;N/A;N/A;N/A;N/A;N/A;N/A;N/A;N/A;N/A;N/A;N/A;N/A;"2700 mm";"2 L";"60 L";6;N/A;N/A;N/A;N/A;N/A;N/A;N/A;N/A;N/A;Sí;N/A;N/A;N/A;N/A;N/A;N/A;N/A;N/A;N/A;N/A;N/A;N/A;N/A;N/A;N/A;N/A;N/A;N/A;N/A;N/A;N/A;N/A;N/A;Sí;Sí;Sí;N/A;N/A;N/A;N/A;N/A;N/A;N/A;N/A;N/A;"1479 mm";"4618 mm";N/A;N/A;N/A;N/A;5;"143 hp";Privilege;N/A;4;"1810 mm";"11 km/l";Sí;N/A;N/A;Sí;N/A;N/A;Sí;N/A;N/A;N/A;"6.2 km/l";N/A;N/A;N/A;N/A;N/A;N/A;4;2.0;Nafta;Automática;Sedán;"Autos y camionetas";N/A;N/A;N/A;N/A;N/A;N/A;UY;N/A;N/A;N/A;N/A;N/A;N/A;N/A;N/A;N/A;N/A;N/A;N/A;N/A;N/A;N/A;N/A;N/A;N/A;N/A;N/A;N/A;N/A;N/A;N/A;N/A;N/A;N/A;N/A;N/A;N/A;N/A;N/A;N/A;N/A;N/A;N/A;N/A;N/A;N/A;N/A;N/A;N/A;N/A;N/A;N/A;N/A;N/A;N/A;N/A;N/A;N/A;N/A;N/A;N/A;N/A;N/A;N/A;N/A;N/A;N/A;N/A;N/A;N/A;N/A;N/A;N/A;N/A;N/A;N/A;N/A;N/A;N/A;N/A;N/A;N/A;N/A;N/A;N/A;N/A;N/A;N/A;N/A;N/A;N/A;N/A;N/A;N/A;N/A;N/A;N/A;N/A;N/A;N/A;N/A;N/A;N/A;N/A;N/A;N/A;Sí;N/A;N/A;N/A;N/A;N/A;Sí;N/A;N/A;N/A;N/A;N/A;N/A;Sí;N/A;N/A
Renault;Gtl;1.4;1999;"130000 km";;STAL5045771;3800;;;;;"Fray Bentos";https://auto.mercadolibre.com.uy/MLU-703954466-modelo-gtl-14-_JM;N/A;;"Modelo Gtl 1.4";USD;No;free;false;N/A;N/A;http://perfil.mercadolibre.com.uy/STAL5045771;active;N/A;N/A;Usado;Gris;N/A;Mecánica;N/A;N/A;N/A;N/A;N/A;N/A;N/A;N/A;N/A;N/A;N/A;N/A;N/A;N/A;N/A;N/A;N/A;N/A;N/A;N/A;N/A;N/A;N/A;N/A;N/A;N/A;N/A;N/A;N/A;N/A;N/A;N/A;N/A;N/A;N/A;N/A;N/A;N/A;N/A;N/A;N/A;N/A;N/A;N/A;N/A;N/A;N/A;N/A;N/A;N/A;N/A;N/A;N/A;N/A;N/A;N/A;N/A;N/A;N/A;N/A;N/A;N/A;N/A;N/A;N/A;N/A;N/A;N/A;N/A;N/A;N/A;N/A;N/A;N/A;N/A;N/A;N/A;N/A;N/A;N/A;N/A;N/A;N/A;N/A;N/A;N/A;N/A;N/A;N/A;N/A;N/A;N/A;N/A;N/A;N/A;N/A;N/A;N/A;N/A;N/A;N/A;N/A;N/A;N/A;N/A;4;N/A;Nafta;N/A;N/A;"Autos y camionetas";N/A;N/A;N/A;N/A;N/A;N/A;N/A;N/A;N/A;N/A;N/A;N/A;N/A;N/A;N/A;N/A;N/A;N/A;N/A;N/A;N/A;N/A;N/A;N/A;N/A;N/A;N/A;N/A;N/A;N/A;N/A;N/A;N/A;N/A;N/A;N/A;N/A;N/A;N/A;N/A;N/A;N/A;N/A;N/A;N/A;N/A;N/A;N/A;N/A;N/A;N/A;N/A;N/A;N/A;N/A;N/A;N/A;N/A;N/A;N/A;N/A;N/A;N/A;N/A;N/A;N/A;N/A;N/A;N/A;N/A;N/A;N/A;N/A;N/A;N/A;N/A;N/A;N/A;N/A;N/A;N/A;N/A;N/A;N/A;N/A;N/A;N/A;N/A;N/A;N/A;N/A;N/A;N/A;N/A;N/A;N/A;N/A;N/A;N/A;N/A;N/A;N/A;N/A;N/A;N/A;N/A;N/A;N/A;N/A;N/A;N/A;N/A;N/A;N/A;N/A;N/A;N/A;N/A;N/A;N/A;N/A;N/A
Renault;Duster;"1.6 Ph2 4x2 Dynamique 110cv";2015;"143000 km";;SANDRAVERNICAVEGADACOSTA;11900;;;;;Chuy;https://auto.mercadolibre.com.uy/MLU-706174678-renault-duster-dynamique-16-_JM;N/A;;"Renault Duster Dynamique 1.6";usd;Sí;free;false;N/A;N/A;http://perfil.mercadolibre.com.uy/SANDRAVERNICAVEGADACOSTA;active;N/A;N/A;Usado;Gris;N/A;Hidráulica;4x2;N/A;N/A;Sí;N/A;N/A;N/A;N/A;N/A;N/A;N/A;N/A;N/A;N/A;N/A;N/A;N/A;N/A;N/A;N/A;N/A;N/A;N/A;N/A;N/A;N/A;"2673 mm";"1.6 L";"50 L";5;N/A;N/A;N/A;N/A;N/A;N/A;N/A;N/A;N/A;N/A;N/A;N/A;N/A;N/A;N/A;N/A;N/A;N/A;N/A;N/A;N/A;N/A;N/A;N/A;N/A;N/A;N/A;N/A;N/A;N/A;N/A;N/A;N/A;N/A;N/A;N/A;N/A;N/A;N/A;N/A;N/A;N/A;N/A;N/A;N/A;"1683 mm";"4329 mm";N/A;N/A;N/A;N/A;5;"110 hp";Dynamique;N/A;4;"1822 mm";"11.1 km/l";N/A;N/A;N/A;N/A;N/A;N/A;N/A;N/A;N/A;N/A;"10.4 km/l";N/A;N/A;N/A;N/A;N/A;N/A;5;1.6;Nafta;Manual;SUV;"Autos y camionetas";N/A;N/A;N/A;N/A;N/A;N/A;UY;N/A;N/A;N/A;N/A;N/A;N/A;N/A;N/A;N/A;N/A;N/A;N/A;N/A;N/A;N/A;N/A;N/A;N/A;N/A;N/A;N/A;N/A;N/A;N/A;N/A;N/A;N/A;N/A;N/A;N/A;N/A;N/A;N/A;N/A;N/A;N/A;N/A;N/A;N/A;N/A;N/A;N/A;N/A;N/A;N/A;N/A;N/A;N/A;N/A;N/A;N/A;N/A;N/A;N/A;N/A;N/A;N/A;N/A;N/A;N/A;N/A;N/A;N/A;N/A;N/A;N/A;N/A;N/A;N/A;N/A;N/A;N/A;N/A;N/A;N/A;N/A;N/A;N/A;N/A;N/A;N/A;N/A;N/A;N/A;N/A;N/A;N/A;N/A;N/A;N/A;N/A;N/A;N/A;N/A;N/A;N/A;N/A;N/A;N/A;N/A;N/A;N/A;N/A;N/A;N/A;N/A;N/A;N/A;N/A;N/A;N/A;N/A;N/A;N/A;N/A
Renault;Fluence;"2.0 Privilege Cvt";2013;"139000 km";;JORGEPIPE_GAR;11490;;;;;"San José de Mayo";https://auto.mercadolibre.com.uy/MLU-647118561-renault-fluence-2013-20-privilege-cvt-_JM;N/A;;"Renault Fluence 2013 2.0 Privilege Cvt";usd;Sí;free;false;N/A;N/A;http://perfil.mercadolibre.com.uy/JORGEPIPE_GAR;active;N/A;N/A;Usado;N/A;N/A;Eléctrica;Delantera;N/A;N/A;Sí;N/A;N/A;N/A;N/A;N/A;Sí;N/A;N/A;N/A;N/A;N/A;N/A;N/A;N/A;N/A;N/A;N/A;N/A;N/A;N/A;N/A;N/A;"2700 mm";"2 L";"60 L";6;N/A;N/A;N/A;N/A;N/A;N/A;N/A;N/A;N/A;Sí;N/A;N/A;N/A;N/A;N/A;N/A;N/A;N/A;N/A;N/A;N/A;N/A;N/A;N/A;N/A;N/A;N/A;N/A;N/A;N/A;N/A;N/A;N/A;Sí;Sí;Sí;N/A;N/A;N/A;N/A;N/A;N/A;N/A;N/A;N/A;"1479 mm";"4618 mm";N/A;N/A;N/A;N/A;5;"143 hp";Privilege;N/A;4;"1810 mm";"11 km/l";Sí;N/A;N/A;Sí;N/A;N/A;Sí;N/A;N/A;N/A;"6.2 km/l";N/A;N/A;N/A;N/A;N/A;N/A;4;2.0;Nafta;Automática;Sedán;"Autos y camionetas";N/A;N/A;N/A;N/A;N/A;N/A;UY;N/A;N/A;N/A;N/A;N/A;N/A;N/A;N/A;N/A;N/A;N/A;N/A;N/A;N/A;N/A;N/A;N/A;N/A;N/A;N/A;N/A;N/A;N/A;N/A;N/A;N/A;N/A;N/A;N/A;N/A;N/A;N/A;N/A;N/A;N/A;N/A;N/A;N/A;N/A;N/A;N/A;N/A;N/A;N/A;N/A;N/A;N/A;N/A;N/A;N/A;N/A;N/A;N/A;N/A;N/A;N/A;N/A;N/A;N/A;N/A;N/A;N/A;N/A;N/A;N/A;N/A;N/A;N/A;N/A;N/A;N/A;N/A;N/A;N/A;N/A;N/A;N/A;N/A;N/A;N/A;N/A;N/A;N/A;N/A;N/A;N/A;N/A;N/A;N/A;N/A;N/A;N/A;N/A;N/A;N/A;N/A;N/A;N/A;N/A;Sí;N/A;N/A;N/A;N/A;N/A;Sí;N/A;N/A;N/A;N/A;N/A;N/A;Sí;N/A;N/A
Renault;"Sandero Stepway";"1.6 Privilege 105cv";2017;"117500 km";;ESC.GMNA;12500;;;;;Araminda;https://auto.mercadolibre.com.uy/MLU-706057506-renault-sandero-stepway-16-privilege-105cv-_JM;N/A;;"Renault Sandero Stepway 1.6 Privilege 105cv";usd;Sí;free;false;N/A;N/A;http://perfil.mercadolibre.com.uy/ESC.GMNA;active;N/A;N/A;Usado;Blanco;No;Hidráulica;Delantera;N/A;Sí;Sí;N/A;N/A;N/A;N/A;N/A;No;N/A;N/A;Sí;Sí;N/A;N/A;N/A;N/A;N/A;N/A;N/A;N/A;N/A;N/A;N/A;N/A;"2590 mm";"1.6 L";"50 L";5;N/A;N/A;N/A;N/A;N/A;N/A;N/A;N/A;N/A;N/A;N/A;N/A;N/A;N/A;N/A;N/A;N/A;N/A;N/A;N/A;N/A;N/A;N/A;N/A;N/A;N/A;N/A;N/A;N/A;Sí;N/A;N/A;N/A;N/A;N/A;N/A;N/A;N/A;N/A;N/A;N/A;N/A;N/A;N/A;N/A;"1559 mm";"4066 mm";N/A;N/A;N/A;N/A;5;"105 hp";Privilege;N/A;4;"1761 mm";"9.3 km/l";Sí;N/A;Sí;Sí;N/A;N/A;Sí;N/A;N/A;N/A;"5.9 km/l";N/A;N/A;N/A;N/A;Sí;N/A;5;1.6;Nafta;Manual;Hatchback;"Autos y camionetas";N/A;N/A;N/A;N/A;N/A;N/A;UY;N/A;No;N/A;N/A;N/A;N/A;N/A;N/A;N/A;N/A;N/A;N/A;N/A;N/A;N/A;N/A;N/A;No;N/A;N/A;N/A;N/A;N/A;N/A;N/A;N/A;N/A;N/A;N/A;N/A;N/A;N/A;N/A;N/A;N/A;N/A;N/A;N/A;N/A;N/A;N/A;N/A;N/A;N/A;N/A;N/A;N/A;N/A;N/A;N/A;N/A;N/A;N/A;N/A;N/A;N/A;N/A;N/A;N/A;N/A;N/A;N/A;N/A;N/A;N/A;N/A;N/A;N/A;N/A;N/A;N/A;N/A;N/A;N/A;N/A;N/A;N/A;N/A;N/A;N/A;N/A;N/A;N/A;N/A;N/A;N/A;N/A;N/A;N/A;N/A;Sí;Sí;N/A;Sí;N/A;N/A;N/A;N/A;Sí;N/A;N/A;Sí;N/A;N/A;N/A;Sí;N/A;Sí;Sí;Sí;No;No;Sí;N/A;Sí
Renault;Scenic2;"Diesel privileg";2006;"250000 km";;FEJO4105431;9200;;;;;Prado;https://auto.mercadolibre.com.uy/MLU-647165745-renault-senic-diesel-tdi-privileg-todo-el-equipamiento-de-fr-_JM;N/A;;"Renault Senic Diesel Tdi Privileg Todo El Equipamiento De Fr";usd;No;free;false;N/A;N/A;http://perfil.mercadolibre.com.uy/FEJO4105431;active;N/A;N/A;Usado;Plateado;N/A;Hidráulica;Delantera;Sí;N/A;N/A;N/A;N/A;N/A;N/A;N/A;N/A;N/A;N/A;N/A;N/A;N/A;N/A;N/A;N/A;N/A;N/A;N/A;N/A;N/A;N/A;N/A;N/A;"2580 mm";"2 L";"60 L";5;N/A;N/A;N/A;N/A;N/A;N/A;N/A;N/A;N/A;N/A;N/A;N/A;N/A;N/A;N/A;N/A;N/A;N/A;N/A;N/A;N/A;N/A;N/A;N/A;N/A;N/A;N/A;N/A;N/A;N/A;N/A;N/A;N/A;N/A;N/A;N/A;N/A;N/A;N/A;N/A;N/A;N/A;N/A;N/A;N/A;"1640 mm";"4490 mm";N/A;N/A;N/A;N/A;5;"115 hp";Privilege;N/A;2;"1810 mm";"10.8 km/l";N/A;N/A;N/A;N/A;N/A;N/A;N/A;N/A;N/A;N/A;"6.4 km/l";N/A;N/A;N/A;N/A;N/A;N/A;5;2.0;Diésel;Manual;SUV;"Autos y camionetas";N/A;N/A;N/A;N/A;N/A;N/A;UY;N/A;N/A;N/A;N/A;N/A;N/A;N/A;N/A;N/A;N/A;N/A;N/A;N/A;N/A;N/A;N/A;N/A;N/A;N/A;N/A;N/A;N/A;N/A;N/A;N/A;N/A;N/A;N/A;N/A;N/A;N/A;N/A;N/A;N/A;N/A;N/A;N/A;N/A;N/A;N/A;N/A;N/A;N/A;N/A;N/A;N/A;N/A;N/A;N/A;N/A;N/A;N/A;N/A;N/A;N/A;N/A;N/A;N/A;N/A;N/A;N/A;N/A;N/A;N/A;N/A;N/A;N/A;N/A;N/A;N/A;N/A;N/A;N/A;N/A;N/A;N/A;N/A;N/A;N/A;N/A;N/A;N/A;N/A;N/A;N/A;N/A;N/A;N/A;N/A;N/A;N/A;N/A;N/A;N/A;N/A;N/A;N/A;N/A;N/A;N/A;N/A;N/A;N/A;N/A;N/A;N/A;N/A;N/A;N/A;N/A;N/A;N/A;N/A;N/A;N/A
Renault;"Sandero Stepway";"1.6 Privilege Nav 105cv";2014;"150000 km";;MICA20240306094931;11200;;;;;Paysandú;https://auto.mercadolibre.com.uy/MLU-702651640-renault-sandero-stepway-16-privilege-nav-105cv-_JM;N/A;;"Renault Sandero Stepway 1.6 Privilege Nav 105cv";usd;Sí;free;false;N/A;N/A;http://perfil.mercadolibre.com.uy/MICA20240306094931;active;N/A;N/A;Usado;Negro;N/A;Hidráulica;Delantera;Sí;Sí;Sí;N/A;N/A;N/A;N/A;N/A;N/A;N/A;N/A;Sí;Sí;N/A;Sí;N/A;N/A;N/A;N/A;N/A;N/A;N/A;N/A;N/A;N/A;"2588 mm";"1.6 L";"50 L";5;N/A;N/A;N/A;N/A;N/A;N/A;N/A;N/A;N/A;N/A;N/A;N/A;N/A;N/A;N/A;N/A;N/A;N/A;N/A;N/A;N/A;N/A;N/A;N/A;N/A;N/A;N/A;N/A;N/A;Sí;N/A;N/A;N/A;N/A;N/A;N/A;N/A;N/A;N/A;N/A;N/A;N/A;N/A;N/A;N/A;"1630 mm";"4091 mm";N/A;N/A;N/A;N/A;5;"105 hp";Privilege;N/A;4;"1751 mm";"9.3 km/l";N/A;N/A;N/A;Sí;N/A;Sí;Sí;N/A;N/A;N/A;"5.9 km/l";N/A;N/A;N/A;N/A;Sí;N/A;5;1.6;Nafta;Manual;Hatchback;"Autos y camionetas";N/A;N/A;N/A;N/A;N/A;N/A;UY;N/A;N/A;N/A;N/A;N/A;N/A;N/A;N/A;N/A;N/A;N/A;N/A;N/A;N/A;N/A;N/A;N/A;Sí;N/A;N/A;N/A;N/A;N/A;N/A;N/A;N/A;N/A;N/A;N/A;N/A;N/A;N/A;N/A;N/A;N/A;N/A;N/A;N/A;N/A;N/A;N/A;N/A;N/A;N/A;N/A;N/A;N/A;N/A;N/A;N/A;N/A;N/A;N/A;N/A;N/A;N/A;N/A;N/A;N/A;N/A;N/A;N/A;N/A;N/A;N/A;N/A;N/A;N/A;N/A;N/A;N/A;N/A;N/A;N/A;N/A;N/A;N/A;N/A;N/A;N/A;N/A;N/A;N/A;N/A;N/A;N/A;N/A;N/A;N/A;Sí;Sí;Sí;N/A;Sí;N/A;N/A;N/A;N/A;Sí;N/A;Sí;Sí;N/A;N/A;N/A;Sí;Sí;Sí;Sí;Sí;No;Sí;Sí;N/A;Sí
Renault;"Sandero Stepway";"1.6 Privilege 105cv";2017;"82000 km";;ELCOLO1405;13500;;;;;Unión;https://auto.mercadolibre.com.uy/MLU-706150058-renault-sandero-stepway-16-privilege-105cv-_JM;N/A;;"Renault Sandero Stepway 1.6 Privilege 105cv";usd;Sí;free;false;N/A;N/A;http://perfil.mercadolibre.com.uy/ELCOLO1405;active;N/A;N/A;Usado;Gris;No;Hidráulica;Delantera;Sí;Sí;Sí;N/A;N/A;No;N/A;N/A;Sí;N/A;N/A;Sí;Sí;N/A;Sí;N/A;N/A;N/A;N/A;N/A;N/A;N/A;N/A;N/A;N/A;"2590 mm";"1.6 L";"50 L";5;N/A;N/A;N/A;N/A;N/A;Sí;N/A;N/A;N/A;N/A;N/A;N/A;N/A;N/A;N/A;N/A;N/A;N/A;N/A;N/A;N/A;N/A;N/A;N/A;N/A;N/A;N/A;N/A;N/A;Sí;N/A;N/A;N/A;N/A;N/A;N/A;N/A;N/A;N/A;N/A;N/A;N/A;N/A;N/A;N/A;"1559 mm";"4066 mm";N/A;N/A;N/A;N/A;5;"105 hp";Privilege;N/A;4;"1761 mm";"9.3 km/l";Sí;N/A;Sí;Sí;N/A;Sí;Sí;N/A;No;N/A;"5.9 km/l";No;Sí;N/A;N/A;Sí;N/A;5;1.6;Nafta;Manual;Hatchback;"Autos y camionetas";No;N/A;N/A;N/A;N/A;N/A;UY;N/A;Sí;N/A;N/A;N/A;N/A;N/A;N/A;N/A;N/A;N/A;N/A;N/A;N/A;N/A;N/A;N/A;No;N/A;N/A;N/A;N/A;N/A;N/A;N/A;N/A;N/A;N/A;N/A;N/A;N/A;N/A;N/A;N/A;N/A;N/A;N/A;N/A;N/A;N/A;N/A;N/A;N/A;N/A;N/A;N/A;N/A;N/A;N/A;N/A;N/A;N/A;N/A;N/A;N/A;N/A;N/A;N/A;N/A;N/A;N/A;N/A;N/A;N/A;N/A;N/A;N/A;N/A;N/A;N/A;N/A;N/A;N/A;N/A;N/A;N/A;N/A;N/A;N/A;N/A;N/A;N/A;N/A;N/A;N/A;N/A;N/A;N/A;No;Sí;Sí;Sí;N/A;Sí;N/A;N/A;N/A;N/A;Sí;Sí;Sí;Sí;N/A;N/A;Sí;Sí;Sí;Sí;Sí;Sí;No;No;Sí;N/A;Sí
Renault;Oroch;"1.3 Tce Intens Outsider 2Wd Cvt";2024;"11858 km";;ABERTURASJP;25900;;;;;Malvin;https://auto.mercadolibre.com.uy/MLU-703535594-renault-oroch-2024-13-tce-intens-outsider-2wd-cvt-_JM;N/A;;"Renault Oroch 2024 1.3 Tce Intens Outsider 2wd Cvt";usd;Sí;free;false;N/A;N/A;http://perfil.mercadolibre.com.uy/ABERTURASJP;active;N/A;N/A;Usado;N/A;N/A;N/A;Delantera;N/A;N/A;N/A;N/A;N/A;N/A;N/A;N/A;N/A;N/A;N/A;N/A;N/A;N/A;N/A;N/A;N/A;N/A;N/A;N/A;N/A;N/A;N/A;N/A;N/A;"2890 mm";"1.3 L";"45 L";8;N/A;N/A;N/A;N/A;N/A;N/A;N/A;N/A;N/A;N/A;N/A;N/A;N/A;N/A;N/A;N/A;N/A;N/A;N/A;N/A;N/A;N/A;N/A;N/A;N/A;N/A;N/A;N/A;N/A;N/A;N/A;N/A;N/A;N/A;N/A;N/A;N/A;N/A;N/A;N/A;N/A;N/A;N/A;N/A;N/A;"1694 mm";"4719 mm";N/A;N/A;N/A;N/A;5;"156 hp";"Intens Outsider";N/A;4;"1834 mm";N/A;N/A;N/A;N/A;N/A;N/A;N/A;N/A;N/A;N/A;N/A;N/A;N/A;N/A;N/A;N/A;N/A;N/A;4;1.3;Nafta;Automática;Pick-Up;"Autos y camionetas";N/A;N/A;N/A;N/A;N/A;N/A;UY;N/A;N/A;N/A;N/A;N/A;N/A;N/A;N/A;N/A;N/A;N/A;N/A;N/A;N/A;N/A;N/A;N/A;N/A;N/A;N/A;N/A;N/A;N/A;N/A;N/A;N/A;N/A;N/A;N/A;N/A;N/A;N/A;N/A;N/A;N/A;N/A;N/A;N/A;N/A;N/A;N/A;N/A;N/A;N/A;N/A;N/A;N/A;N/A;N/A;N/A;N/A;N/A;N/A;N/A;N/A;N/A;N/A;N/A;N/A;N/A;N/A;N/A;N/A;N/A;N/A;N/A;N/A;N/A;N/A;N/A;N/A;N/A;N/A;N/A;N/A;N/A;N/A;N/A;N/A;N/A;N/A;N/A;N/A;N/A;N/A;N/A;N/A;N/A;N/A;N/A;N/A;N/A;N/A;N/A;N/A;N/A;N/A;N/A;N/A;N/A;N/A;N/A;N/A;N/A;N/A;N/A;N/A;N/A;N/A;N/A;N/A;N/A;N/A;N/A;N/A
Renault;Megane;"Expression 1.6";2009;"189000 km";;GULE1901730;8200;;;;;Lezica;https://auto.mercadolibre.com.uy/MLU-705248332-renault-megane-16-_JM;N/A;;"Renault Megane 1.6 ";USD;Sí;free;false;N/A;N/A;http://perfil.mercadolibre.com.uy/GULE1901730;active;N/A;N/A;Usado;N/A;N/A;N/A;N/A;N/A;N/A;N/A;N/A;N/A;N/A;N/A;N/A;N/A;N/A;N/A;N/A;N/A;N/A;N/A;N/A;N/A;N/A;N/A;N/A;N/A;N/A;N/A;N/A;N/A;N/A;N/A;N/A;N/A;N/A;N/A;N/A;N/A;N/A;N/A;N/A;N/A;N/A;N/A;N/A;N/A;N/A;N/A;N/A;N/A;N/A;N/A;N/A;N/A;N/A;N/A;N/A;N/A;N/A;N/A;N/A;N/A;N/A;N/A;N/A;N/A;N/A;N/A;N/A;N/A;N/A;N/A;N/A;N/A;N/A;N/A;N/A;N/A;N/A;N/A;N/A;N/A;N/A;N/A;N/A;N/A;N/A;N/A;N/A;N/A;N/A;N/A;N/A;N/A;N/A;N/A;N/A;N/A;N/A;N/A;N/A;N/A;N/A;N/A;N/A;N/A;N/A;N/A;N/A;5;N/A;Nafta;N/A;N/A;"Autos y camionetas";N/A;N/A;N/A;N/A;N/A;N/A;N/A;N/A;N/A;N/A;N/A;N/A;N/A;N/A;N/A;N/A;N/A;N/A;N/A;N/A;N/A;N/A;N/A;N/A;N/A;N/A;N/A;N/A;N/A;N/A;N/A;N/A;N/A;N/A;N/A;N/A;N/A;N/A;N/A;N/A;N/A;N/A;N/A;N/A;N/A;N/A;N/A;N/A;N/A;N/A;N/A;N/A;N/A;N/A;N/A;N/A;N/A;N/A;N/A;N/A;N/A;N/A;N/A;N/A;N/A;N/A;N/A;N/A;N/A;N/A;N/A;N/A;N/A;N/A;N/A;N/A;N/A;N/A;N/A;N/A;N/A;N/A;N/A;N/A;N/A;N/A;N/A;N/A;N/A;N/A;N/A;N/A;N/A;N/A;N/A;N/A;N/A;N/A;N/A;N/A;N/A;N/A;N/A;N/A;N/A;N/A;N/A;N/A;N/A;N/A;N/A;N/A;N/A;N/A;N/A;N/A;N/A;N/A;N/A;N/A;N/A;N/A
Renault;Logan;"1.0 Zen";2020;"62000 km";;CAJAGAVA;13000;;;;;Pocitos;https://auto.mercadolibre.com.uy/MLU-702717226-renault-logan-2020-10-zen-_JM;N/A;;"Renault Logan 2020 1.0 Zen";usd;Sí;free;false;N/A;N/A;http://perfil.mercadolibre.com.uy/CAJAGAVA;active;N/A;N/A;Usado;N/A;N/A;Hidráulica;Delantera;N/A;N/A;N/A;N/A;N/A;N/A;N/A;N/A;N/A;N/A;N/A;N/A;N/A;N/A;N/A;N/A;N/A;N/A;N/A;N/A;N/A;N/A;N/A;N/A;N/A;"2635 mm";"1 L";"50 L";5;N/A;N/A;N/A;N/A;N/A;N/A;N/A;N/A;N/A;N/A;N/A;N/A;N/A;N/A;N/A;N/A;N/A;N/A;N/A;N/A;N/A;N/A;N/A;N/A;N/A;N/A;N/A;N/A;N/A;N/A;N/A;N/A;N/A;Sí;N/A;N/A;N/A;N/A;N/A;N/A;N/A;N/A;N/A;N/A;N/A;"1529 mm";"4350 mm";N/A;N/A;N/A;N/A;5;"66 hp";Zen;N/A;2;"1733 mm";"12.5 km/l";N/A;N/A;N/A;N/A;N/A;N/A;Sí;N/A;N/A;N/A;N/A;N/A;N/A;N/A;N/A;N/A;N/A;4;1.0;Nafta;Manual;Sedán;"Autos y camionetas";N/A;N/A;N/A;N/A;N/A;N/A;UY;N/A;N/A;N/A;N/A;N/A;N/A;N/A;N/A;N/A;N/A;N/A;N/A;N/A;N/A;N/A;N/A;N/A;N/A;N/A;N/A;N/A;N/A;N/A;N/A;N/A;N/A;N/A;N/A;N/A;N/A;N/A;N/A;N/A;N/A;N/A;N/A;N/A;N/A;N/A;N/A;N/A;N/A;N/A;N/A;N/A;N/A;N/A;N/A;N/A;N/A;N/A;N/A;N/A;N/A;N/A;N/A;N/A;N/A;N/A;N/A;N/A;N/A;N/A;N/A;N/A;N/A;N/A;N/A;N/A;N/A;N/A;N/A;N/A;N/A;N/A;N/A;N/A;N/A;N/A;N/A;N/A;N/A;N/A;N/A;N/A;N/A;N/A;N/A;N/A;N/A;N/A;N/A;N/A;N/A;N/A;N/A;N/A;N/A;N/A;N/A;N/A;N/A;N/A;N/A;N/A;N/A;N/A;N/A;N/A;N/A;N/A;N/A;N/A;N/A;N/A
Renault;Clio;"1.6 Rn Aa";2002;"291000 km";;CHARBLAN;6500;;;;;Salto;https://auto.mercadolibre.com.uy/MLU-703963248-renault-clio-2002-16-rn-aa-_JM;N/A;;"Renault Clio 2002 1.6 Rn Aa";usd;No;free;false;N/A;N/A;http://perfil.mercadolibre.com.uy/CHARBLAN;active;N/A;N/A;Usado;N/A;N/A;Hidráulica;Delantera;Sí;N/A;N/A;N/A;N/A;N/A;N/A;N/A;N/A;N/A;N/A;N/A;N/A;N/A;N/A;N/A;N/A;N/A;N/A;N/A;N/A;N/A;N/A;N/A;N/A;"2472 mm";"1.6 L";"50 L";5;N/A;N/A;N/A;N/A;N/A;N/A;N/A;N/A;N/A;N/A;N/A;N/A;N/A;N/A;N/A;N/A;N/A;N/A;N/A;N/A;N/A;N/A;N/A;N/A;N/A;N/A;N/A;N/A;N/A;N/A;N/A;N/A;N/A;N/A;N/A;N/A;N/A;N/A;N/A;N/A;N/A;N/A;N/A;N/A;N/A;"1435 mm";"4150 mm";N/A;N/A;N/A;N/A;5;"100 hp";Rn;N/A;2;"1639 mm";"9.4 km/l";N/A;N/A;N/A;N/A;N/A;N/A;N/A;N/A;N/A;N/A;"7.1 km/l";N/A;N/A;N/A;N/A;N/A;N/A;4;1.6;Nafta;Manual;Sedán;"Autos y camionetas";N/A;N/A;N/A;N/A;N/A;N/A;UY;N/A;N/A;N/A;N/A;N/A;N/A;N/A;N/A;N/A;N/A;N/A;N/A;N/A;N/A;N/A;N/A;N/A;N/A;N/A;N/A;N/A;N/A;N/A;N/A;N/A;N/A;N/A;N/A;N/A;N/A;N/A;N/A;N/A;N/A;N/A;N/A;N/A;N/A;N/A;N/A;N/A;N/A;N/A;N/A;N/A;N/A;N/A;N/A;N/A;N/A;N/A;N/A;N/A;N/A;N/A;N/A;N/A;N/A;N/A;N/A;N/A;N/A;N/A;N/A;N/A;N/A;N/A;N/A;N/A;N/A;N/A;N/A;N/A;N/A;N/A;N/A;N/A;N/A;N/A;N/A;N/A;N/A;N/A;N/A;N/A;N/A;N/A;N/A;N/A;N/A;N/A;N/A;N/A;N/A;N/A;N/A;N/A;N/A;N/A;N/A;N/A;N/A;N/A;N/A;N/A;N/A;N/A;N/A;N/A;N/A;N/A;N/A;N/A;N/A;N/A
Renault;Kwid;"1.0 Sce 66cv Life";2019;"104430 km";;"PABLO ARENAS";10800;;;;;"Nueva Helvecia";https://auto.mercadolibre.com.uy/MLU-706162778-renault-kwid-10-sce-66cv-life-_JM;N/A;;"Renault Kwid 1.0 Sce 66cv Life";usd;No;free;false;N/A;N/A;http://perfil.mercadolibre.com.uy/PABLO+ARENAS;active;N/A;N/A;Usado;Rojo;Sí;Hidráulica;Delantera;Sí;No;Sí;N/A;N/A;No;N/A;N/A;No;N/A;N/A;No;No;N/A;No;N/A;N/A;N/A;N/A;N/A;N/A;N/A;N/A;N/A;N/A;"2423 mm";"1 L";"50 L";5;N/A;N/A;N/A;N/A;N/A;No;N/A;N/A;N/A;N/A;N/A;N/A;N/A;N/A;N/A;N/A;N/A;N/A;N/A;N/A;N/A;N/A;N/A;N/A;N/A;N/A;N/A;N/A;N/A;No;N/A;N/A;N/A;N/A;N/A;N/A;N/A;N/A;N/A;N/A;N/A;N/A;N/A;N/A;N/A;"1474 mm";"3680 mm";N/A;N/A;N/A;N/A;5;"66 hp";Life;N/A;4;"1752 mm";N/A;No;N/A;No;Sí;N/A;Sí;Sí;N/A;No;N/A;N/A;Sí;No;N/A;N/A;No;"9 en adelante";5;1.0;Nafta;Manual;Hatchback;"Autos y camionetas";No;N/A;N/A;N/A;No;N/A;UY;N/A;Sí;N/A;No;N/A;N/A;N/A;N/A;N/A;N/A;N/A;N/A;N/A;N/A;N/A;N/A;N/A;No;N/A;N/A;N/A;N/A;N/A;N/A;N/A;N/A;N/A;N/A;N/A;N/A;N/A;N/A;N/A;N/A;N/A;N/A;No;N/A;N/A;N/A;N/A;N/A;N/A;N/A;N/A;N/A;N/A;N/A;N/A;N/A;N/A;N/A;N/A;N/A;No;Sí;N/A;N/A;N/A;N/A;N/A;N/A;N/A;N/A;N/A;N/A;N/A;N/A;N/A;N/A;N/A;N/A;N/A;N/A;N/A;N/A;N/A;N/A;N/A;N/A;N/A;N/A;N/A;N/A;N/A;N/A;N/A;N/A;No;Sí;No;No;N/A;Sí;N/A;N/A;N/A;N/A;Sí;No;No;Sí;N/A;N/A;No;No;No;Sí;Sí;Sí;No;No;No;N/A;Sí
Renault;Oroch;"1.6 Expession";2022;"52000 km";;ALEDANI2010;17400;;;;;Malvin;https://auto.mercadolibre.com.uy/MLU-705313260-renault-oroch-expression-16-_JM;N/A;;"Renault Oroch Expression 1.6";USD;Sí;free;false;N/A;N/A;http://perfil.mercadolibre.com.uy/ALEDANI2010;active;N/A;N/A;Usado;Blanco;Sí;Asistida;N/A;N/A;N/A;N/A;N/A;N/A;N/A;N/A;N/A;N/A;N/A;N/A;N/A;N/A;N/A;N/A;N/A;N/A;N/A;N/A;N/A;N/A;N/A;N/A;N/A;N/A;N/A;N/A;N/A;N/A;N/A;N/A;N/A;N/A;N/A;N/A;N/A;N/A;N/A;N/A;N/A;N/A;N/A;N/A;N/A;N/A;N/A;N/A;N/A;N/A;N/A;N/A;N/A;N/A;N/A;N/A;N/A;N/A;N/A;N/A;N/A;N/A;N/A;N/A;N/A;N/A;N/A;N/A;N/A;N/A;N/A;N/A;N/A;N/A;N/A;N/A;N/A;N/A;N/A;N/A;N/A;N/A;N/A;N/A;N/A;N/A;N/A;N/A;N/A;N/A;N/A;N/A;N/A;N/A;N/A;N/A;N/A;N/A;N/A;N/A;N/A;N/A;N/A;N/A;"Todo el día";4;1.6;Nafta;Manual;Pick-Up;"Autos y camionetas";N/A;N/A;N/A;N/A;N/A;N/A;N/A;N/A;N/A;N/A;N/A;N/A;N/A;N/A;N/A;N/A;N/A;N/A;N/A;N/A;N/A;N/A;N/A;N/A;N/A;N/A;N/A;N/A;N/A;N/A;N/A;N/A;N/A;N/A;N/A;N/A;N/A;N/A;N/A;N/A;N/A;N/A;N/A;N/A;N/A;N/A;N/A;N/A;N/A;N/A;N/A;N/A;N/A;N/A;N/A;N/A;N/A;N/A;N/A;N/A;N/A;N/A;N/A;N/A;N/A;N/A;N/A;N/A;N/A;N/A;N/A;N/A;N/A;N/A;N/A;N/A;N/A;N/A;N/A;N/A;N/A;N/A;N/A;N/A;N/A;N/A;N/A;N/A;N/A;N/A;N/A;N/A;N/A;N/A;N/A;N/A;N/A;N/A;N/A;N/A;N/A;N/A;N/A;N/A;N/A;N/A;N/A;N/A;N/A;N/A;N/A;N/A;N/A;N/A;N/A;N/A;N/A;N/A;N/A;N/A;N/A;N/A
Renault;Express;Furgon;1999;"64000 km";;NEPANI0960;8000;;;;;"Las Piedras";https://auto.mercadolibre.com.uy/MLU-703937784-renault-express-19-diesel-impecable-_JM;N/A;;"Renault Express 1.9 Diesel Impecable";USD;No;free;false;N/A;N/A;http://perfil.mercadolibre.com.uy/NEPANI0960;active;N/A;N/A;Usado;Blanco;No;Mecánica;Delantera;No;No;N/A;N/A;N/A;No;N/A;N/A;No;N/A;N/A;No;No;N/A;No;N/A;N/A;N/A;N/A;N/A;N/A;N/A;N/A;N/A;N/A;N/A;N/A;N/A;N/A;N/A;N/A;N/A;N/A;N/A;No;N/A;N/A;N/A;N/A;N/A;N/A;N/A;N/A;N/A;N/A;N/A;N/A;N/A;N/A;N/A;N/A;N/A;N/A;N/A;N/A;N/A;N/A;N/A;No;N/A;N/A;N/A;N/A;N/A;N/A;N/A;N/A;N/A;N/A;N/A;N/A;N/A;N/A;N/A;N/A;N/A;N/A;N/A;N/A;N/A;N/A;N/A;N/A;N/A;N/A;N/A;N/A;No;N/A;No;No;N/A;No;No;N/A;No;N/A;N/A;No;Sí;N/A;N/A;No;N/A;2;diesel;Diésel;Manual;Furgón;"Autos y camionetas";No;N/A;N/A;N/A;No;N/A;N/A;N/A;Sí;N/A;No;N/A;N/A;N/A;N/A;N/A;N/A;N/A;N/A;N/A;N/A;N/A;N/A;N/A;No;N/A;N/A;N/A;N/A;N/A;N/A;N/A;N/A;N/A;N/A;N/A;N/A;N/A;N/A;N/A;N/A;N/A;N/A;No;N/A;N/A;N/A;N/A;N/A;N/A;N/A;N/A;N/A;N/A;N/A;N/A;N/A;N/A;N/A;N/A;N/A;No;Sí;N/A;N/A;N/A;N/A;N/A;N/A;N/A;N/A;N/A;N/A;N/A;N/A;N/A;N/A;N/A;N/A;N/A;N/A;N/A;N/A;N/A;N/A;N/A;N/A;N/A;N/A;N/A;N/A;N/A;N/A;N/A;N/A;No;No;No;Sí;N/A;No;N/A;N/A;N/A;N/A;No;No;Sí;No;N/A;N/A;No;No;Sí;Sí;Sí;No;No;No;No;N/A;Sí
Renault;Fluence;"2.0 Dynamique";2014;"160000 km";;BAJU4777408;12000;;;;;Melo;https://auto.mercadolibre.com.uy/MLU-702993572-renault-fluence-2014-20-dynamique-_JM;N/A;;"Renault Fluence 2014 2.0 Dynamique";usd;Sí;free;false;N/A;N/A;http://perfil.mercadolibre.com.uy/BAJU4777408;active;N/A;N/A;Usado;N/A;N/A;Eléctrica;Delantera;N/A;N/A;Sí;N/A;N/A;N/A;N/A;N/A;N/A;N/A;N/A;N/A;N/A;N/A;N/A;N/A;N/A;N/A;N/A;N/A;N/A;N/A;N/A;N/A;N/A;"2700 mm";"2 L";"60 L";6;N/A;N/A;N/A;N/A;N/A;N/A;N/A;N/A;N/A;Sí;N/A;N/A;N/A;N/A;N/A;N/A;N/A;N/A;N/A;N/A;N/A;N/A;N/A;N/A;N/A;N/A;N/A;N/A;N/A;N/A;N/A;N/A;N/A;Sí;Sí;N/A;N/A;N/A;N/A;N/A;N/A;N/A;N/A;N/A;N/A;"1479 mm";"4618 mm";N/A;N/A;N/A;N/A;5;"143 hp";Dynamique;N/A;4;"1810 mm";"11 km/l";N/A;N/A;N/A;Sí;N/A;N/A;Sí;N/A;N/A;N/A;"6.2 km/l";N/A;N/A;N/A;N/A;N/A;N/A;4;2.0;Nafta;Manual;Sedán;"Autos y camionetas";N/A;N/A;N/A;N/A;N/A;N/A;UY;N/A;N/A;N/A;N/A;N/A;N/A;N/A;N/A;N/A;N/A;N/A;N/A;N/A;N/A;N/A;N/A;N/A;N/A;N/A;N/A;N/A;N/A;N/A;N/A;N/A;N/A;N/A;N/A;N/A;N/A;N/A;N/A;N/A;N/A;N/A;N/A;N/A;N/A;N/A;N/A;N/A;N/A;N/A;N/A;N/A;N/A;N/A;N/A;N/A;N/A;N/A;N/A;N/A;N/A;N/A;N/A;N/A;N/A;N/A;N/A;N/A;N/A;N/A;N/A;N/A;N/A;N/A;N/A;N/A;N/A;N/A;N/A;N/A;N/A;N/A;N/A;N/A;N/A;N/A;N/A;N/A;N/A;N/A;N/A;N/A;N/A;N/A;N/A;N/A;N/A;N/A;N/A;N/A;N/A;N/A;N/A;N/A;N/A;N/A;N/A;N/A;N/A;N/A;N/A;N/A;Sí;N/A;N/A;N/A;N/A;N/A;N/A;N/A;N/A;N/A
Renault;Clio;Mio;2016;"27000 km";;FABIO191;12500;;;;;Maldonado;https://auto.mercadolibre.com.uy/MLU-702769044-renault-clio-_JM;N/A;;"Renault Clio";USD;Sí;free;false;N/A;N/A;http://perfil.mercadolibre.com.uy/FABIO191;active;N/A;N/A;Usado;Gris;No;Hidráulica;Delantera;Sí;No;N/A;N/A;N/A;No;N/A;N/A;No;N/A;N/A;No;Sí;N/A;No;N/A;N/A;N/A;N/A;N/A;N/A;N/A;N/A;N/A;N/A;N/A;N/A;N/A;N/A;N/A;N/A;N/A;N/A;N/A;No;N/A;N/A;N/A;N/A;N/A;N/A;N/A;N/A;N/A;N/A;N/A;N/A;N/A;N/A;N/A;N/A;N/A;N/A;N/A;N/A;N/A;N/A;N/A;No;N/A;N/A;N/A;N/A;N/A;N/A;N/A;N/A;N/A;N/A;N/A;N/A;N/A;N/A;N/A;N/A;N/A;N/A;N/A;N/A;N/A;N/A;N/A;N/A;N/A;N/A;N/A;N/A;No;N/A;No;No;N/A;Sí;Sí;N/A;No;N/A;N/A;Sí;Sí;N/A;N/A;Sí;N/A;5;1.2;Nafta;Manual;Hatchback;"Autos y camionetas";Sí;N/A;N/A;N/A;Sí;N/A;N/A;N/A;No;N/A;No;N/A;N/A;N/A;N/A;N/A;N/A;N/A;N/A;N/A;N/A;N/A;N/A;N/A;No;N/A;N/A;N/A;N/A;N/A;N/A;N/A;N/A;N/A;N/A;N/A;N/A;N/A;N/A;N/A;N/A;N/A;N/A;No;N/A;N/A;N/A;N/A;N/A;N/A;N/A;N/A;N/A;N/A;N/A;N/A;N/A;N/A;N/A;N/A;N/A;No;Sí;N/A;N/A;N/A;N/A;N/A;N/A;N/A;N/A;N/A;N/A;N/A;N/A;N/A;N/A;N/A;N/A;N/A;N/A;N/A;N/A;N/A;N/A;N/A;N/A;N/A;N/A;N/A;N/A;N/A;N/A;N/A;N/A;No;Sí;Sí;Sí;N/A;Sí;N/A;N/A;N/A;N/A;Sí;No;No;Sí;N/A;N/A;No;No;No;Sí;Sí;Sí;Sí;No;Sí;N/A;Sí
Renault;Oroch;Trenqui;2021;"46000 km";;ABMA987750;17000;;;;;Melo;https://auto.mercadolibre.com.uy/MLU-704874508-renol-oroch-unico-dueno-42000-k-_JM;N/A;;"Renol Oroch Único Dueño 42000 K";USD;Sí;free;false;N/A;N/A;http://perfil.mercadolibre.com.uy/ABMA987750;active;N/A;N/A;Usado;Rojo;Sí;Asistida;N/A;N/A;Sí;N/A;N/A;N/A;Sí;N/A;N/A;N/A;N/A;N/A;No;N/A;N/A;N/A;N/A;N/A;N/A;N/A;N/A;N/A;N/A;N/A;N/A;N/A;N/A;N/A;N/A;N/A;N/A;N/A;N/A;N/A;N/A;N/A;N/A;N/A;N/A;N/A;N/A;N/A;N/A;N/A;N/A;N/A;N/A;N/A;N/A;N/A;N/A;N/A;N/A;N/A;N/A;N/A;N/A;N/A;N/A;N/A;N/A;N/A;N/A;N/A;N/A;N/A;N/A;N/A;N/A;N/A;N/A;N/A;N/A;N/A;N/A;N/A;N/A;N/A;N/A;N/A;N/A;N/A;N/A;N/A;N/A;N/A;N/A;N/A;No;N/A;N/A;N/A;N/A;Sí;No;N/A;N/A;N/A;N/A;No;N/A;N/A;N/A;N/A;"Todos los dias";4;1.6;Nafta;Automática;N/A;"Autos y camionetas";N/A;N/A;N/A;N/A;N/A;N/A;N/A;N/A;N/A;N/A;N/A;N/A;N/A;N/A;N/A;N/A;N/A;N/A;N/A;N/A;N/A;N/A;N/A;N/A;No;N/A;N/A;N/A;N/A;N/A;N/A;N/A;N/A;N/A;N/A;N/A;N/A;N/A;N/A;N/A;N/A;N/A;N/A;N/A;N/A;N/A;N/A;N/A;N/A;N/A;N/A;N/A;N/A;N/A;N/A;N/A;N/A;N/A;N/A;N/A;N/A;N/A;N/A;N/A;N/A;N/A;N/A;N/A;N/A;N/A;N/A;N/A;N/A;N/A;N/A;N/A;N/A;N/A;N/A;N/A;N/A;N/A;N/A;N/A;N/A;N/A;N/A;N/A;N/A;N/A;N/A;N/A;N/A;N/A;N/A;No;Sí;Sí;N/A;N/A;Sí;N/A;N/A;N/A;N/A;Sí;No;Sí;Sí;N/A;N/A;Sí;N/A;Sí;N/A;N/A;N/A;N/A;N/A;N/A;N/A;N/A
Renault;Megane;"1.6 16V";2008;"198000 km";;BESE7148482;6800;;;;;Centro;https://auto.mercadolibre.com.uy/MLU-706070502-renault-megane-_JM;N/A;;"Renault Megane";USD;Sí;free;false;N/A;N/A;http://perfil.mercadolibre.com.uy/BESE7148482;active;N/A;N/A;Usado;Rojo;No;Hidráulica;Delantera;Sí;N/A;N/A;N/A;N/A;N/A;N/A;N/A;No;N/A;N/A;N/A;Sí;N/A;No;N/A;N/A;N/A;N/A;N/A;N/A;N/A;N/A;N/A;N/A;N/A;N/A;N/A;N/A;N/A;N/A;N/A;N/A;N/A;No;N/A;N/A;N/A;N/A;N/A;N/A;N/A;N/A;N/A;N/A;N/A;N/A;N/A;N/A;N/A;N/A;N/A;N/A;N/A;N/A;N/A;N/A;N/A;No;N/A;N/A;N/A;N/A;N/A;N/A;N/A;N/A;N/A;N/A;N/A;N/A;N/A;N/A;N/A;N/A;N/A;N/A;N/A;N/A;N/A;N/A;N/A;N/A;N/A;N/A;N/A;N/A;No;N/A;No;Sí;N/A;Sí;No;N/A;No;N/A;N/A;N/A;No;N/A;N/A;No;N/A;4;1.6;Nafta;Manual;Sedán;"Autos y camionetas";N/A;N/A;N/A;N/A;N/A;N/A;N/A;N/A;N/A;N/A;N/A;N/A;N/A;N/A;N/A;N/A;N/A;N/A;N/A;N/A;N/A;N/A;N/A;N/A;N/A;N/A;N/A;N/A;N/A;N/A;N/A;N/A;N/A;N/A;N/A;N/A;N/A;N/A;N/A;N/A;N/A;N/A;N/A;N/A;N/A;N/A;N/A;N/A;N/A;N/A;N/A;N/A;N/A;N/A;N/A;N/A;N/A;N/A;N/A;N/A;N/A;N/A;N/A;N/A;N/A;N/A;N/A;N/A;N/A;N/A;N/A;N/A;N/A;N/A;N/A;N/A;N/A;N/A;N/A;N/A;N/A;N/A;N/A;N/A;N/A;N/A;N/A;N/A;N/A;N/A;N/A;N/A;N/A;N/A;N/A;N/A;N/A;N/A;No;N/A;N/A;N/A;N/A;N/A;N/A;N/A;N/A;N/A;N/A;N/A;N/A;N/A;No;N/A;Sí;No;No;Sí;No;No;N/A;No
Renault;"Megane 2";"1.6 grand turd";2011;"173000 km";;GANU9126979;9000;;;;;"Piedras Blancas";https://auto.mercadolibre.com.uy/MLU-703015778-renault-megane-grand-turd-_JM;N/A;;"Renault Megane Grand Turd";USD;Sí;free;false;N/A;N/A;http://perfil.mercadolibre.com.uy/GANU9126979;active;N/A;N/A;Usado;Gris;No;Hidráulica;Delantera;Sí;N/A;N/A;N/A;N/A;N/A;N/A;N/A;No;N/A;N/A;N/A;Sí;N/A;No;N/A;N/A;N/A;N/A;N/A;N/A;N/A;N/A;N/A;N/A;N/A;N/A;N/A;N/A;N/A;N/A;N/A;N/A;N/A;Sí;N/A;N/A;N/A;N/A;N/A;N/A;N/A;N/A;N/A;N/A;N/A;N/A;N/A;N/A;N/A;N/A;N/A;N/A;N/A;N/A;N/A;N/A;N/A;N/A;N/A;N/A;N/A;N/A;N/A;N/A;N/A;N/A;N/A;N/A;N/A;N/A;N/A;N/A;N/A;N/A;N/A;N/A;N/A;N/A;N/A;N/A;N/A;N/A;N/A;N/A;N/A;N/A;N/A;N/A;No;Sí;N/A;N/A;Sí;N/A;No;N/A;N/A;N/A;No;N/A;N/A;Sí;N/A;5;1.6;Nafta;Manual;N/A;"Autos y camionetas";N/A;N/A;N/A;N/A;N/A;N/A;N/A;N/A;N/A;N/A;N/A;N/A;N/A;N/A;N/A;N/A;N/A;N/A;N/A;N/A;N/A;N/A;N/A;N/A;N/A;N/A;N/A;N/A;N/A;N/A;N/A;N/A;N/A;N/A;N/A;N/A;N/A;N/A;N/A;N/A;N/A;N/A;N/A;N/A;N/A;N/A;N/A;N/A;N/A;N/A;N/A;N/A;N/A;N/A;N/A;N/A;N/A;N/A;N/A;N/A;N/A;Sí;N/A;N/A;N/A;N/A;N/A;N/A;N/A;N/A;N/A;N/A;N/A;N/A;N/A;N/A;N/A;N/A;N/A;N/A;N/A;N/A;N/A;N/A;N/A;N/A;N/A;N/A;N/A;N/A;N/A;N/A;N/A;N/A;N/A;N/A;N/A;N/A;Sí;N/A;N/A;N/A;N/A;N/A;N/A;N/A;N/A;N/A;N/A;N/A;N/A;N/A;Sí;N/A;Sí;Sí;Sí;No;No;N/A;N/A;Sí
Renault;Fluence;"2.0 privilege caja 6";2014;"150000 km";;"BRUZZONE NEGOCIOS";9990;;;;;"Ciudad de la Costa";https://auto.mercadolibre.com.uy/MLU-703792216-renault-fluence-20-privilege-caja-6-_JM;N/A;;"Renault Fluence 2.0 Privilege Caja 6";usd;Sí;free;false;N/A;N/A;http://perfil.mercadolibre.com.uy/BRUZZONE+NEGOCIOS;active;N/A;N/A;Usado;Azul;N/A;Eléctrica;Delantera;N/A;Sí;Sí;N/A;N/A;No;N/A;N/A;N/A;N/A;N/A;No;N/A;N/A;N/A;N/A;N/A;N/A;N/A;N/A;N/A;N/A;N/A;N/A;N/A;"2700 mm";"2 L";"60 L";6;N/A;N/A;N/A;N/A;N/A;N/A;N/A;N/A;N/A;Sí;N/A;N/A;N/A;N/A;N/A;N/A;N/A;N/A;N/A;N/A;N/A;N/A;N/A;N/A;N/A;N/A;N/A;N/A;N/A;N/A;N/A;N/A;N/A;Sí;Sí;N/A;N/A;N/A;N/A;N/A;N/A;N/A;N/A;N/A;N/A;"1479 mm";"4618 mm";N/A;N/A;N/A;N/A;5;"143 hp";Privilege;N/A;4;"1810 mm";"11 km/l";No;N/A;N/A;Sí;N/A;Sí;Sí;N/A;N/A;N/A;"6.2 km/l";No;N/A;N/A;N/A;N/A;N/A;5;2.0;Nafta;Automática;Sedán;"Autos y camionetas";N/A;N/A;N/A;N/A;N/A;N/A;UY;N/A;N/A;N/A;N/A;N/A;N/A;N/A;N/A;N/A;N/A;N/A;N/A;N/A;N/A;N/A;N/A;N/A;No;N/A;N/A;N/A;N/A;N/A;N/A;N/A;N/A;N/A;N/A;N/A;N/A;N/A;N/A;N/A;N/A;N/A;N/A;N/A;N/A;N/A;N/A;N/A;N/A;N/A;N/A;N/A;N/A;N/A;N/A;N/A;N/A;N/A;N/A;N/A;N/A;N/A;N/A;N/A;N/A;N/A;N/A;N/A;N/A;N/A;N/A;N/A;N/A;N/A;N/A;N/A;N/A;N/A;N/A;N/A;N/A;N/A;N/A;N/A;N/A;N/A;N/A;N/A;N/A;N/A;N/A;N/A;N/A;N/A;N/A;No;Sí;Sí;N/A;N/A;Sí;N/A;N/A;N/A;N/A;Sí;No;Sí;Sí;N/A;N/A;Sí;Sí;Sí;N/A;N/A;N/A;N/A;N/A;Sí;N/A;N/A
Renault;Scénic;"1.6 Rxe Privilege";2006;"187000 km";;ASDREYER10;6800;;;;;Sayago;https://auto.mercadolibre.com.uy/MLU-706167070-renault-scenic-16-rxe-privilege-_JM;N/A;;"Renault Scénic 1.6 Rxe Privilege";usd;No;free;false;N/A;N/A;http://perfil.mercadolibre.com.uy/ASDREYER10;active;N/A;N/A;Usado;Violeta;No;Hidráulica;Delantera;Sí;Sí;N/A;N/A;N/A;No;N/A;N/A;No;N/A;N/A;No;Sí;N/A;Sí;N/A;N/A;N/A;N/A;N/A;N/A;N/A;N/A;N/A;N/A;"2580 mm";"1.6 L";"60 L";5;N/A;N/A;N/A;N/A;N/A;No;N/A;N/A;N/A;N/A;N/A;N/A;N/A;N/A;N/A;N/A;N/A;N/A;N/A;N/A;N/A;N/A;N/A;N/A;N/A;N/A;N/A;N/A;N/A;No;N/A;N/A;N/A;N/A;N/A;N/A;N/A;N/A;N/A;N/A;N/A;N/A;N/A;N/A;N/A;"1675 mm";"4169 mm";N/A;N/A;N/A;N/A;5;"110 hp";Privilege;N/A;4;"1810 mm";N/A;N/A;N/A;No;Sí;N/A;Sí;Sí;N/A;No;N/A;N/A;No;No;N/A;N/A;Sí;"Todo el día";5;1.6;Nafta;Manual;SUV;"Autos y camionetas";No;N/A;N/A;N/A;No;N/A;UY;N/A;Sí;N/A;No;N/A;N/A;N/A;N/A;N/A;N/A;N/A;N/A;N/A;N/A;N/A;N/A;N/A;No;N/A;N/A;N/A;N/A;N/A;N/A;N/A;N/A;N/A;N/A;N/A;N/A;N/A;N/A;N/A;N/A;N/A;N/A;No;N/A;N/A;N/A;N/A;N/A;N/A;N/A;N/A;N/A;N/A;N/A;N/A;N/A;N/A;N/A;N/A;N/A;No;Sí;N/A;N/A;N/A;N/A;N/A;N/A;N/A;N/A;N/A;N/A;N/A;N/A;N/A;N/A;N/A;N/A;N/A;N/A;N/A;N/A;N/A;N/A;N/A;N/A;N/A;N/A;N/A;N/A;N/A;N/A;N/A;N/A;No;Sí;Sí;Sí;N/A;Sí;N/A;N/A;N/A;N/A;Sí;No;Sí;Sí;N/A;N/A;No;Sí;Sí;Sí;No;No;Sí;No;Sí;N/A;No
Renault;Kwid;Outsider;2020;"35700 km";;MATHCT;13000;;;;;"Jacinto Vera";https://auto.mercadolibre.com.uy/MLU-706205560-renault-kwid-outsider-_JM;N/A;;"Renault Kwid Outsider";USD;Sí;free;false;N/A;N/A;http://perfil.mercadolibre.com.uy/MATHCT;active;N/A;N/A;Usado;Blanco;Sí;Eléctrica;Delantera;Sí;Sí;N/A;N/A;N/A;N/A;N/A;N/A;N/A;N/A;N/A;N/A;Sí;N/A;Sí;N/A;N/A;N/A;N/A;N/A;N/A;N/A;N/A;N/A;N/A;N/A;N/A;N/A;N/A;N/A;N/A;N/A;N/A;N/A;N/A;N/A;N/A;N/A;N/A;N/A;N/A;N/A;N/A;N/A;N/A;N/A;N/A;N/A;N/A;N/A;N/A;N/A;N/A;N/A;N/A;N/A;N/A;N/A;N/A;N/A;N/A;N/A;N/A;N/A;N/A;N/A;N/A;N/A;N/A;N/A;N/A;N/A;N/A;N/A;N/A;N/A;N/A;N/A;N/A;N/A;N/A;N/A;N/A;N/A;N/A;N/A;N/A;N/A;N/A;N/A;Sí;N/A;N/A;Sí;N/A;N/A;N/A;N/A;N/A;N/A;N/A;N/A;Sí;"9 a 21 horas";5;1.0;Nafta;Manual;Hatchback;"Autos y camionetas";N/A;N/A;N/A;N/A;N/A;N/A;N/A;N/A;No;N/A;N/A;N/A;N/A;N/A;N/A;N/A;N/A;N/A;N/A;N/A;N/A;N/A;N/A;N/A;Sí;N/A;N/A;N/A;N/A;N/A;N/A;N/A;N/A;N/A;N/A;N/A;N/A;N/A;N/A;N/A;N/A;N/A;N/A;N/A;N/A;N/A;N/A;N/A;N/A;N/A;N/A;N/A;N/A;N/A;N/A;N/A;N/A;N/A;N/A;N/A;N/A;N/A;N/A;N/A;N/A;N/A;N/A;N/A;N/A;N/A;N/A;N/A;N/A;N/A;N/A;N/A;N/A;N/A;N/A;N/A;N/A;N/A;N/A;N/A;N/A;N/A;N/A;N/A;N/A;N/A;N/A;N/A;N/A;N/A;N/A;N/A;Sí;Sí;Sí;N/A;Sí;N/A;N/A;N/A;N/A;Sí;N/A;N/A;Sí;N/A;N/A;N/A;N/A;Sí;Sí;N/A;Sí;N/A;N/A;N/A;N/A;Sí
Renault;Clio;"Mio Plus C/PACK 1.2 16V";2016;"77993 km";;GMEZGEISSER;10500;;;;;Malvin;https://auto.mercadolibre.com.uy/MLU-706177108-renault-clio-mio-plus-2016-12l-_JM;N/A;;"Renault Clio Mio Plus 2016 1.2l";USD;Sí;free;false;N/A;N/A;http://perfil.mercadolibre.com.uy/GMEZGEISSER;active;N/A;N/A;Usado;Gris;N/A;Hidráulica;Delantera;Sí;Sí;N/A;N/A;N/A;No;N/A;N/A;No;N/A;N/A;No;Sí;N/A;No;N/A;N/A;N/A;N/A;N/A;N/A;N/A;N/A;N/A;N/A;N/A;N/A;N/A;N/A;N/A;N/A;N/A;N/A;N/A;No;N/A;N/A;N/A;N/A;N/A;N/A;N/A;N/A;N/A;N/A;N/A;N/A;N/A;N/A;N/A;N/A;N/A;N/A;N/A;N/A;N/A;N/A;N/A;No;N/A;N/A;N/A;N/A;N/A;N/A;N/A;N/A;N/A;N/A;N/A;N/A;N/A;N/A;N/A;N/A;N/A;N/A;N/A;N/A;N/A;N/A;N/A;N/A;N/A;N/A;N/A;N/A;No;N/A;Sí;Sí;N/A;Sí;No;N/A;No;N/A;N/A;N/A;No;N/A;N/A;No;"Lunes a lunes de 9 a 21 horas";5;1.2;Nafta;Manual;Hatchback;"Autos y camionetas";N/A;N/A;N/A;N/A;N/A;N/A;N/A;N/A;N/A;N/A;N/A;N/A;N/A;N/A;N/A;N/A;N/A;N/A;N/A;N/A;N/A;N/A;N/A;N/A;No;N/A;N/A;N/A;N/A;N/A;N/A;N/A;N/A;N/A;N/A;N/A;N/A;N/A;N/A;N/A;N/A;N/A;N/A;N/A;N/A;N/A;N/A;N/A;N/A;N/A;N/A;N/A;N/A;N/A;N/A;N/A;N/A;N/A;N/A;N/A;N/A;N/A;N/A;N/A;N/A;N/A;N/A;N/A;N/A;N/A;N/A;N/A;N/A;N/A;N/A;N/A;N/A;N/A;N/A;N/A;N/A;N/A;N/A;N/A;N/A;N/A;N/A;N/A;N/A;N/A;N/A;N/A;N/A;N/A;N/A;No;N/A;Sí;No;N/A;Sí;N/A;N/A;N/A;N/A;Sí;No;No;Sí;N/A;N/A;N/A;No;Sí;Sí;Sí;Sí;Sí;No;N/A;N/A;Sí
Renault;Scénic;"1.6 Sportway";2007;"237000 km";;PASSADOREMIG2010;6900;;;;;Colón;https://auto.mercadolibre.com.uy/MLU-705958674-renault-scenic-16-sportway-_JM;N/A;;"Renault Scénic 1.6 Sportway";usd;No;free;false;N/A;N/A;http://perfil.mercadolibre.com.uy/PASSADOREMIG2010;active;N/A;N/A;Usado;Gris;No;Hidráulica;Delantera;Sí;Sí;Sí;N/A;N/A;No;N/A;N/A;N/A;N/A;N/A;No;Sí;N/A;Sí;N/A;N/A;N/A;N/A;N/A;N/A;N/A;N/A;N/A;N/A;"2580 mm";"1.6 L";"60 L";5;N/A;N/A;N/A;N/A;N/A;No;N/A;N/A;N/A;N/A;N/A;N/A;N/A;N/A;N/A;N/A;N/A;N/A;N/A;N/A;N/A;N/A;N/A;N/A;N/A;N/A;N/A;N/A;N/A;N/A;N/A;N/A;N/A;Sí;Sí;N/A;N/A;N/A;N/A;N/A;N/A;N/A;N/A;N/A;N/A;"1675 mm";"4169 mm";N/A;N/A;N/A;N/A;5;"110 hp";Sportway;N/A;4;"1810 mm";N/A;Sí;N/A;Sí;Sí;N/A;Sí;Sí;N/A;N/A;N/A;N/A;No;N/A;N/A;N/A;N/A;"DE 8 H A22 H";5;1.6;Nafta;Manual;SUV;"Autos y camionetas";N/A;N/A;N/A;N/A;N/A;N/A;UY;N/A;N/A;N/A;N/A;N/A;N/A;N/A;N/A;N/A;N/A;N/A;N/A;N/A;N/A;N/A;N/A;N/A;N/A;N/A;N/A;N/A;N/A;N/A;N/A;N/A;N/A;N/A;N/A;N/A;N/A;N/A;N/A;N/A;N/A;N/A;N/A;N/A;N/A;N/A;N/A;N/A;N/A;N/A;N/A;N/A;N/A;N/A;N/A;N/A;N/A;N/A;N/A;N/A;N/A;N/A;N/A;N/A;N/A;N/A;N/A;N/A;N/A;N/A;N/A;N/A;N/A;N/A;N/A;N/A;N/A;N/A;N/A;N/A;N/A;N/A;N/A;N/A;N/A;N/A;N/A;N/A;N/A;N/A;N/A;N/A;N/A;N/A;N/A;N/A;No;Sí;N/A;N/A;Sí;N/A;N/A;N/A;N/A;Sí;N/A;No;Sí;N/A;N/A;N/A;Sí;Sí;N/A;N/A;N/A;N/A;N/A;N/A;N/A;N/A
Renault;Kangoo;"1.9 Rld";2000;"500000 km";;PICARDOANDRES20220903120416;5800;;;;;"San José de Mayo";https://auto.mercadolibre.com.uy/MLU-647587679-renault-kangoo-19-rld-_JM;N/A;;"Renault Kangoo 1.9 Rld";usd;No;free;false;N/A;N/A;http://perfil.mercadolibre.com.uy/PICARDOANDRES20220903120416;active;N/A;N/A;Usado;Rojo;No;Hidráulica;Delantera;Sí;N/A;N/A;N/A;N/A;N/A;N/A;N/A;N/A;N/A;N/A;N/A;Sí;N/A;N/A;N/A;N/A;N/A;N/A;N/A;N/A;N/A;N/A;N/A;N/A;"2600 mm";"1.9 L";"50 L";5;N/A;N/A;N/A;N/A;N/A;N/A;N/A;N/A;N/A;N/A;N/A;N/A;N/A;N/A;N/A;N/A;N/A;N/A;N/A;N/A;N/A;N/A;N/A;N/A;N/A;N/A;N/A;N/A;N/A;N/A;N/A;N/A;N/A;N/A;N/A;N/A;N/A;N/A;N/A;N/A;N/A;N/A;N/A;N/A;N/A;"1820 mm";"4040 mm";N/A;N/A;N/A;N/A;5;"65 hp";Rld;N/A;2;"1670 mm";N/A;N/A;N/A;N/A;N/A;N/A;N/A;N/A;N/A;N/A;N/A;N/A;N/A;N/A;N/A;N/A;N/A;N/A;5;1.9;Diésel;Manual;Rural;"Autos y camionetas";N/A;N/A;N/A;N/A;N/A;N/A;UY;N/A;N/A;N/A;N/A;N/A;N/A;N/A;N/A;N/A;N/A;N/A;N/A;N/A;N/A;N/A;N/A;N/A;N/A;N/A;N/A;N/A;N/A;N/A;N/A;N/A;N/A;N/A;N/A;N/A;N/A;N/A;N/A;N/A;N/A;N/A;N/A;N/A;N/A;N/A;N/A;N/A;N/A;N/A;N/A;N/A;N/A;N/A;N/A;N/A;N/A;N/A;N/A;N/A;N/A;N/A;N/A;N/A;N/A;N/A;N/A;N/A;N/A;N/A;N/A;N/A;N/A;N/A;N/A;N/A;N/A;N/A;N/A;N/A;N/A;N/A;N/A;N/A;N/A;N/A;N/A;N/A;N/A;N/A;N/A;N/A;N/A;N/A;N/A;N/A;N/A;N/A;N/A;N/A;N/A;N/A;N/A;N/A;N/A;N/A;N/A;Sí;Sí;N/A;N/A;N/A;Sí;Sí;N/A;N/A;N/A;N/A;N/A;N/A;N/A;N/A
Renault;Fluence;"Privilege Plus 2.0";2014;"176450 km";;JBARRUTIA2007;13000;;;;;"Lomas de Solymar";https://auto.mercadolibre.com.uy/MLU-704633724-renuault-fluence-full-20-del-2014-_JM;N/A;;"Renuault Fluence Full, 2.0, Del 2014";usd;Sí;free;false;N/A;N/A;http://perfil.mercadolibre.com.uy/JBARRUTIA2007;active;N/A;N/A;Usado;Gris;No;Eléctrica;Delantera;N/A;N/A;Sí;N/A;N/A;N/A;N/A;N/A;N/A;N/A;N/A;N/A;N/A;N/A;N/A;N/A;N/A;N/A;N/A;N/A;N/A;N/A;N/A;N/A;N/A;"2700 mm";"2 L";"60 L";6;N/A;N/A;N/A;N/A;N/A;N/A;N/A;N/A;N/A;Sí;N/A;N/A;N/A;N/A;N/A;N/A;N/A;N/A;N/A;N/A;N/A;N/A;N/A;N/A;N/A;N/A;N/A;N/A;N/A;N/A;N/A;N/A;N/A;Sí;Sí;N/A;N/A;N/A;N/A;N/A;N/A;N/A;N/A;N/A;N/A;"1479 mm";"4618 mm";N/A;N/A;N/A;N/A;5;"143 hp";Privilege;N/A;4;"1810 mm";"11 km/l";N/A;N/A;N/A;Sí;N/A;N/A;Sí;N/A;N/A;N/A;"6.2 km/l";N/A;N/A;N/A;N/A;N/A;N/A;4;2.0;Nafta;Manual;Sedán;"Autos y camionetas";N/A;N/A;N/A;N/A;N/A;N/A;UY;N/A;N/A;N/A;N/A;N/A;N/A;N/A;N/A;N/A;N/A;N/A;N/A;N/A;N/A;N/A;N/A;N/A;N/A;N/A;N/A;N/A;N/A;N/A;N/A;N/A;N/A;N/A;N/A;N/A;N/A;N/A;N/A;N/A;N/A;N/A;N/A;N/A;N/A;N/A;N/A;N/A;N/A;N/A;N/A;N/A;N/A;N/A;N/A;N/A;N/A;N/A;N/A;N/A;N/A;N/A;N/A;N/A;N/A;N/A;N/A;N/A;N/A;N/A;N/A;N/A;N/A;N/A;N/A;N/A;N/A;N/A;N/A;N/A;N/A;N/A;N/A;N/A;N/A;N/A;N/A;N/A;N/A;N/A;N/A;N/A;N/A;N/A;N/A;N/A;N/A;N/A;N/A;N/A;N/A;N/A;N/A;N/A;N/A;N/A;Sí;N/A;N/A;N/A;N/A;N/A;Sí;N/A;N/A;N/A;N/A;N/A;N/A;Sí;N/A;N/A
Renault;Symbol;"1.6 Luxe";2011;"221500 km";;KEYSEN;7900;;;;;Solymar;https://auto.mercadolibre.com.uy/MLU-647113445-renault-symbol-privilege-extra-full-16-16v-2011-_JM;N/A;;"Renault Symbol Privilege Extra Full 1.6 16v 2011";usd;Sí;free;false;N/A;N/A;http://perfil.mercadolibre.com.uy/KEYSEN;active;N/A;N/A;Usado;Plateado;N/A;Hidráulica;Delantera;Sí;Sí;Sí;N/A;N/A;N/A;N/A;N/A;N/A;N/A;N/A;N/A;Sí;N/A;N/A;N/A;N/A;N/A;N/A;N/A;N/A;N/A;N/A;N/A;N/A;"2473 mm";"1.6 L";"50 L";5;N/A;N/A;N/A;N/A;N/A;N/A;N/A;N/A;N/A;N/A;N/A;N/A;N/A;N/A;N/A;N/A;N/A;N/A;N/A;N/A;N/A;N/A;N/A;N/A;N/A;N/A;N/A;N/A;N/A;N/A;N/A;N/A;N/A;N/A;N/A;N/A;N/A;N/A;N/A;N/A;N/A;N/A;N/A;N/A;N/A;"1439 mm";"4261 mm";N/A;N/A;N/A;N/A;5;"106 hp";Luxe;N/A;4;"1672 mm";N/A;No;N/A;Sí;Sí;N/A;Sí;Sí;N/A;N/A;N/A;N/A;N/A;N/A;N/A;N/A;N/A;N/A;4;1.6;Nafta;Manual;Sedán;"Autos y camionetas";N/A;N/A;N/A;N/A;N/A;N/A;UY;N/A;No;N/A;N/A;N/A;N/A;N/A;N/A;N/A;N/A;N/A;N/A;N/A;N/A;N/A;N/A;N/A;N/A;N/A;N/A;N/A;N/A;N/A;N/A;N/A;N/A;N/A;N/A;N/A;N/A;N/A;N/A;N/A;N/A;N/A;N/A;N/A;N/A;N/A;N/A;N/A;N/A;N/A;N/A;N/A;N/A;N/A;N/A;N/A;N/A;N/A;N/A;N/A;N/A;N/A;Sí;N/A;N/A;N/A;N/A;N/A;N/A;N/A;N/A;N/A;N/A;N/A;N/A;N/A;N/A;N/A;N/A;N/A;N/A;N/A;N/A;N/A;N/A;N/A;N/A;N/A;N/A;N/A;N/A;N/A;N/A;N/A;N/A;N/A;N/A;N/A;Sí;N/A;N/A;N/A;N/A;N/A;N/A;Sí;N/A;Sí;Sí;N/A;N/A;N/A;Sí;Sí;Sí;Sí;N/A;Sí;N/A;N/A;N/A;N/A
Renault;Kwid;"1.0 Sce 66cv Zen";2018;"125000 km";;MARTINEZFLORENCIA2023072913102;10900;;;;;"Ciudad del Plata";https://auto.mercadolibre.com.uy/MLU-647117513-renault-kwid-10-sce-66cv-zen-_JM;N/A;;"Renault Kwid 1.0 Sce 66cv Zen";usd;Sí;free;false;N/A;N/A;http://perfil.mercadolibre.com.uy/MARTINEZFLORENCIA2023072913102;active;N/A;N/A;Usado;Negro;Sí;Hidráulica;Delantera;N/A;N/A;Sí;N/A;N/A;N/A;N/A;N/A;N/A;N/A;N/A;N/A;N/A;N/A;N/A;N/A;N/A;N/A;N/A;N/A;N/A;N/A;N/A;N/A;N/A;"2423 mm";"1 L";"50 L";5;N/A;N/A;N/A;N/A;N/A;N/A;N/A;N/A;N/A;N/A;N/A;N/A;N/A;N/A;N/A;N/A;N/A;N/A;N/A;N/A;N/A;N/A;N/A;N/A;N/A;N/A;N/A;N/A;N/A;N/A;N/A;N/A;N/A;N/A;N/A;N/A;N/A;N/A;N/A;N/A;N/A;N/A;N/A;N/A;N/A;"1474 mm";"3680 mm";N/A;N/A;N/A;N/A;5;"66 hp";Zen;N/A;4;"1752 mm";N/A;N/A;N/A;N/A;N/A;N/A;N/A;N/A;N/A;N/A;N/A;N/A;N/A;N/A;N/A;N/A;N/A;"Lunes a viernes 10 a 22";5;1.0;Nafta;Manual;Hatchback;"Autos y camionetas";N/A;N/A;N/A;N/A;N/A;N/A;UY;N/A;N/A;N/A;N/A;N/A;N/A;N/A;N/A;N/A;N/A;N/A;N/A;N/A;N/A;N/A;N/A;N/A;N/A;N/A;N/A;N/A;N/A;N/A;N/A;N/A;N/A;N/A;N/A;N/A;N/A;N/A;N/A;N/A;N/A;N/A;N/A;N/A;N/A;N/A;N/A;N/A;N/A;N/A;N/A;N/A;N/A;N/A;N/A;N/A;N/A;N/A;N/A;N/A;N/A;N/A;N/A;N/A;N/A;N/A;N/A;N/A;N/A;N/A;N/A;N/A;N/A;N/A;N/A;N/A;N/A;N/A;N/A;N/A;N/A;N/A;N/A;N/A;N/A;N/A;N/A;N/A;N/A;N/A;N/A;N/A;N/A;N/A;N/A;N/A;N/A;N/A;N/A;N/A;N/A;N/A;N/A;N/A;N/A;N/A;N/A;N/A;N/A;N/A;N/A;N/A;N/A;N/A;N/A;N/A;N/A;N/A;N/A;N/A;N/A;N/A
Renault;"Sandero Stepway";"1.6 Intens Cvt";2022;"10000 km";;GARABEDIANSOFIA20231214203751;18900;;;;;Prado;https://auto.mercadolibre.com.uy/MLU-706217790-renault-sandero-stepway-16-intens-cvt-_JM;N/A;;"Renault Sandero Stepway 1.6 Intens Cvt";usd;Sí;free;false;N/A;N/A;http://perfil.mercadolibre.com.uy/GARABEDIANSOFIA20231214203751;active;N/A;N/A;Usado;Gris;No;Hidráulica;Delantera;Sí;Sí;Sí;N/A;N/A;Sí;N/A;N/A;Sí;N/A;N/A;Sí;Sí;N/A;Sí;N/A;N/A;N/A;N/A;N/A;N/A;N/A;N/A;N/A;N/A;"2590 mm";"1.6 L";"50 L";6;N/A;N/A;N/A;N/A;N/A;Sí;N/A;N/A;N/A;N/A;N/A;N/A;N/A;N/A;N/A;N/A;N/A;N/A;N/A;N/A;N/A;N/A;N/A;N/A;N/A;N/A;N/A;N/A;N/A;Sí;N/A;N/A;N/A;N/A;N/A;N/A;N/A;N/A;N/A;N/A;N/A;N/A;N/A;N/A;N/A;"1559 mm";"4066 mm";N/A;N/A;N/A;N/A;5;"105 hp";Cvt;N/A;4;"1761 mm";"9.3 km/l";Sí;N/A;Sí;Sí;N/A;Sí;Sí;N/A;No;N/A;"5.9 km/l";Sí;No;N/A;N/A;Sí;"Todos los días de 9 a 20";5;1.6;Nafta;Automática;Hatchback;"Autos y camionetas";N/A;N/A;N/A;N/A;N/A;N/A;UY;N/A;N/A;N/A;N/A;N/A;N/A;N/A;N/A;N/A;N/A;N/A;N/A;N/A;N/A;N/A;N/A;N/A;Sí;N/A;N/A;N/A;N/A;N/A;N/A;N/A;N/A;N/A;N/A;N/A;N/A;N/A;N/A;N/A;N/A;N/A;N/A;N/A;N/A;N/A;N/A;N/A;N/A;N/A;N/A;N/A;N/A;N/A;N/A;N/A;N/A;N/A;N/A;N/A;N/A;N/A;N/A;N/A;N/A;N/A;N/A;N/A;N/A;N/A;N/A;N/A;N/A;N/A;N/A;N/A;N/A;N/A;N/A;N/A;N/A;N/A;N/A;N/A;N/A;N/A;N/A;N/A;N/A;N/A;N/A;N/A;N/A;N/A;N/A;No;Sí;Sí;Sí;N/A;Sí;N/A;N/A;N/A;N/A;Sí;No;Sí;Sí;N/A;N/A;Sí;Sí;Sí;Sí;Sí;Sí;No;No;No;N/A;Sí
Renault;Clio;"1.5 Expression";2005;"265000 km";;HCTORVALENTN;6800;;;;;"Florencio Sánchez";https://auto.mercadolibre.com.uy/MLU-705256798-renault-clio-15-expression-_JM;N/A;;"Renault Clio 1.5 Expression";usd;No;free;false;N/A;N/A;http://perfil.mercadolibre.com.uy/HCTORVALENTN;active;N/A;N/A;Usado;Rojo;No;Hidráulica;Delantera;Sí;Sí;N/A;N/A;N/A;N/A;N/A;N/A;N/A;N/A;N/A;N/A;Sí;N/A;N/A;N/A;N/A;N/A;N/A;N/A;N/A;N/A;N/A;N/A;N/A;"2472 mm";"1.5 L";"50 L";5;N/A;N/A;N/A;N/A;N/A;N/A;N/A;N/A;N/A;N/A;N/A;N/A;N/A;N/A;N/A;N/A;N/A;N/A;N/A;N/A;N/A;N/A;N/A;N/A;N/A;N/A;N/A;N/A;N/A;N/A;N/A;N/A;N/A;N/A;N/A;N/A;N/A;N/A;N/A;N/A;N/A;N/A;N/A;N/A;N/A;"1435 mm";"4150 mm";N/A;N/A;N/A;N/A;5;"65 hp";Expression;N/A;2;"1639 mm";N/A;N/A;N/A;Sí;N/A;N/A;Sí;N/A;N/A;N/A;N/A;N/A;N/A;Sí;N/A;N/A;N/A;N/A;4;1.5;Diésel;Manual;Sedán;"Autos y camionetas";N/A;N/A;N/A;N/A;N/A;N/A;UY;N/A;N/A;N/A;N/A;N/A;N/A;N/A;N/A;N/A;N/A;N/A;N/A;N/A;N/A;N/A;N/A;N/A;N/A;N/A;N/A;N/A;N/A;N/A;N/A;N/A;N/A;N/A;N/A;N/A;N/A;N/A;N/A;N/A;N/A;N/A;N/A;N/A;N/A;N/A;N/A;N/A;N/A;N/A;N/A;N/A;N/A;N/A;N/A;N/A;N/A;N/A;N/A;N/A;N/A;N/A;N/A;N/A;N/A;N/A;N/A;N/A;N/A;N/A;N/A;N/A;N/A;N/A;N/A;N/A;N/A;N/A;N/A;N/A;N/A;N/A;N/A;N/A;N/A;N/A;N/A;N/A;N/A;N/A;N/A;N/A;N/A;N/A;N/A;N/A;N/A;N/A;Sí;N/A;N/A;N/A;N/A;N/A;N/A;N/A;N/A;N/A;Sí;N/A;N/A;N/A;N/A;N/A;Sí;Sí;No;Sí;N/A;N/A;N/A;Sí
Renault;Kangoo;2017;2017;"165000 km";;GALONOVELLI;9500;;;;;"Punta del Este";https://auto.mercadolibre.com.uy/MLU-647502003-renault-kangoo-2017-_JM;N/A;;"Renault Kangoo 2017";USD;Sí;free;false;N/A;N/A;http://perfil.mercadolibre.com.uy/GALONOVELLI;active;N/A;N/A;Usado;Gris;Sí;Mecánica;Trasera;Sí;No;N/A;N/A;N/A;No;N/A;N/A;No;N/A;N/A;No;No;N/A;No;N/A;N/A;N/A;N/A;N/A;N/A;N/A;N/A;N/A;N/A;N/A;N/A;N/A;N/A;N/A;N/A;N/A;N/A;N/A;No;N/A;N/A;N/A;N/A;N/A;N/A;N/A;N/A;N/A;N/A;N/A;N/A;N/A;N/A;N/A;N/A;N/A;N/A;N/A;N/A;N/A;N/A;N/A;No;N/A;N/A;N/A;N/A;N/A;N/A;N/A;N/A;N/A;N/A;N/A;N/A;N/A;N/A;N/A;N/A;N/A;N/A;N/A;N/A;N/A;N/A;N/A;N/A;N/A;N/A;N/A;N/A;No;N/A;No;No;N/A;Sí;No;N/A;No;N/A;N/A;N/A;Sí;N/A;N/A;No;24hs;4;1.6;Nafta;Manual;Furgón;"Autos y camionetas";N/A;N/A;N/A;N/A;N/A;N/A;N/A;N/A;N/A;N/A;N/A;N/A;N/A;N/A;N/A;N/A;N/A;N/A;N/A;N/A;N/A;N/A;N/A;N/A;No;N/A;N/A;N/A;N/A;N/A;N/A;N/A;N/A;N/A;N/A;N/A;N/A;N/A;N/A;N/A;N/A;N/A;N/A;N/A;N/A;N/A;N/A;N/A;N/A;N/A;N/A;N/A;N/A;N/A;N/A;N/A;N/A;N/A;N/A;N/A;N/A;N/A;N/A;N/A;N/A;N/A;N/A;N/A;N/A;N/A;N/A;N/A;N/A;N/A;N/A;N/A;N/A;N/A;N/A;N/A;N/A;N/A;N/A;N/A;N/A;N/A;N/A;N/A;N/A;N/A;N/A;N/A;N/A;N/A;N/A;No;N/A;N/A;No;N/A;N/A;N/A;N/A;N/A;N/A;Sí;No;No;No;N/A;N/A;No;No;No;N/A;N/A;N/A;N/A;N/A;N/A;N/A;N/A
Renault;Kwid;"1.0 Sce 66cv Intense";2019;"78000 km";;ACMA6822399;11490;;;;;Carrasco;https://auto.mercadolibre.com.uy/MLU-703201968-renault-kwid-10-sce-66cv-intense-_JM;N/A;;"Renault Kwid 1.0 Sce 66cv Intense";usd;Sí;free;false;N/A;N/A;http://perfil.mercadolibre.com.uy/ACMA6822399;active;N/A;N/A;Usado;Rojo;Sí;Hidráulica;Delantera;N/A;N/A;Sí;N/A;N/A;N/A;N/A;N/A;N/A;N/A;N/A;N/A;N/A;N/A;N/A;N/A;N/A;N/A;N/A;N/A;N/A;N/A;N/A;N/A;N/A;"2423 mm";"1 L";"50 L";5;N/A;N/A;N/A;N/A;N/A;N/A;N/A;N/A;N/A;N/A;N/A;N/A;N/A;N/A;N/A;N/A;N/A;N/A;N/A;N/A;N/A;N/A;N/A;N/A;N/A;N/A;N/A;N/A;N/A;N/A;N/A;N/A;N/A;N/A;N/A;N/A;N/A;N/A;N/A;N/A;N/A;N/A;N/A;N/A;N/A;"1474 mm";"3680 mm";N/A;N/A;N/A;N/A;5;"66 hp";Intense;N/A;4;"1752 mm";N/A;N/A;N/A;N/A;N/A;N/A;N/A;N/A;N/A;N/A;N/A;N/A;N/A;N/A;N/A;N/A;N/A;N/A;5;1.0;Nafta;Manual;Hatchback;"Autos y camionetas";N/A;N/A;N/A;N/A;N/A;N/A;UY;N/A;N/A;N/A;N/A;N/A;N/A;N/A;N/A;N/A;N/A;N/A;N/A;N/A;N/A;N/A;N/A;N/A;N/A;N/A;N/A;N/A;N/A;N/A;N/A;N/A;N/A;N/A;N/A;N/A;N/A;N/A;N/A;N/A;N/A;N/A;N/A;N/A;N/A;N/A;N/A;N/A;N/A;N/A;N/A;N/A;N/A;N/A;N/A;N/A;N/A;N/A;N/A;N/A;N/A;N/A;N/A;N/A;N/A;N/A;N/A;N/A;N/A;N/A;N/A;N/A;N/A;N/A;N/A;N/A;N/A;N/A;N/A;N/A;N/A;N/A;N/A;N/A;N/A;N/A;N/A;N/A;N/A;N/A;N/A;N/A;N/A;N/A;N/A;N/A;N/A;N/A;N/A;N/A;N/A;N/A;N/A;N/A;N/A;N/A;N/A;N/A;N/A;N/A;N/A;N/A;N/A;N/A;N/A;N/A;N/A;N/A;N/A;N/A;N/A;N/A
Renault;"Mégane III";"2.0 Luxe Ph2";2014;"100000 km";;ALST9342863;15000;;;;;"San José de Mayo";https://auto.mercadolibre.com.uy/MLU-703924834-renault-megane-iii-20-luxe-ph2-_JM;N/A;;"Renault Mégane Iii 2.0 Luxe Ph2";usd;Sí;free;false;N/A;N/A;http://perfil.mercadolibre.com.uy/ALST9342863;active;N/A;N/A;Usado;Blanco;No;Eléctrica;Delantera;Sí;Sí;Sí;N/A;N/A;Sí;N/A;N/A;Sí;Sí;N/A;Sí;Sí;N/A;Sí;N/A;N/A;N/A;N/A;N/A;N/A;N/A;N/A;N/A;N/A;"2641 mm";"2 L";"60 L";5;N/A;N/A;N/A;N/A;N/A;Sí;N/A;N/A;N/A;Sí;N/A;N/A;N/A;N/A;N/A;N/A;N/A;N/A;N/A;N/A;N/A;N/A;N/A;N/A;N/A;N/A;N/A;N/A;N/A;No;N/A;N/A;N/A;Sí;Sí;Sí;N/A;N/A;N/A;N/A;N/A;N/A;N/A;N/A;N/A;"1491 mm";"4296 mm";N/A;N/A;N/A;N/A;5;"143 hp";Luxe;N/A;4;"1808 mm";"10.9 km/l";Sí;N/A;Sí;Sí;N/A;Sí;Sí;N/A;Sí;N/A;"6.1 km/l";Sí;Sí;N/A;N/A;Sí;"Todo el día";5;2.0;Nafta;Manual;Hatchback;"Autos y camionetas";No;N/A;N/A;N/A;No;N/A;UY;N/A;No;N/A;No;N/A;N/A;N/A;N/A;N/A;N/A;N/A;N/A;N/A;N/A;N/A;N/A;N/A;No;N/A;N/A;N/A;N/A;N/A;N/A;N/A;N/A;N/A;N/A;N/A;N/A;N/A;N/A;N/A;N/A;N/A;N/A;No;N/A;N/A;N/A;N/A;N/A;N/A;N/A;N/A;N/A;N/A;N/A;N/A;N/A;N/A;N/A;N/A;N/A;Sí;No;N/A;N/A;N/A;N/A;N/A;N/A;N/A;N/A;N/A;N/A;N/A;N/A;N/A;N/A;N/A;N/A;N/A;N/A;N/A;N/A;N/A;N/A;N/A;N/A;N/A;N/A;N/A;N/A;N/A;N/A;N/A;N/A;No;Sí;Sí;Sí;N/A;Sí;N/A;N/A;N/A;N/A;Sí;Sí;Sí;Sí;N/A;N/A;Sí;Sí;Sí;Sí;Sí;Sí;Sí;No;Sí;N/A;Sí
Renault;Laguna;"Rt 1.8 nafa";1997;"287333 km";;DOSPASTILLAS;4500;;;;;"Parque del Plata";https://auto.mercadolibre.com.uy/MLU-647133317-renault-laguna-rt-18-nafa-_JM;N/A;;"Renault Laguna Rt 1.8 Nafa ";USD;No;free;false;N/A;N/A;http://perfil.mercadolibre.com.uy/DOSPASTILLAS;active;N/A;N/A;Usado;N/A;N/A;N/A;N/A;N/A;N/A;N/A;N/A;N/A;N/A;N/A;N/A;N/A;N/A;N/A;N/A;N/A;N/A;N/A;N/A;N/A;N/A;N/A;N/A;N/A;N/A;N/A;N/A;N/A;N/A;N/A;N/A;N/A;N/A;N/A;N/A;N/A;N/A;N/A;N/A;N/A;N/A;N/A;N/A;N/A;N/A;N/A;N/A;N/A;N/A;N/A;N/A;N/A;N/A;N/A;N/A;N/A;N/A;N/A;N/A;N/A;N/A;N/A;N/A;N/A;N/A;N/A;N/A;N/A;N/A;N/A;N/A;N/A;N/A;N/A;N/A;N/A;N/A;N/A;N/A;N/A;N/A;N/A;N/A;N/A;N/A;N/A;N/A;N/A;N/A;N/A;N/A;N/A;N/A;N/A;N/A;N/A;N/A;N/A;N/A;N/A;N/A;N/A;N/A;N/A;N/A;N/A;N/A;5;N/A;Nafta;N/A;N/A;"Autos y camionetas";N/A;N/A;N/A;N/A;N/A;N/A;N/A;N/A;N/A;N/A;N/A;N/A;N/A;N/A;N/A;N/A;N/A;N/A;N/A;N/A;N/A;N/A;N/A;N/A;N/A;N/A;N/A;N/A;N/A;N/A;N/A;N/A;N/A;N/A;N/A;N/A;N/A;N/A;N/A;N/A;N/A;N/A;N/A;N/A;N/A;N/A;N/A;N/A;N/A;N/A;N/A;N/A;N/A;N/A;N/A;N/A;N/A;N/A;N/A;N/A;N/A;N/A;N/A;N/A;N/A;N/A;N/A;N/A;N/A;N/A;N/A;N/A;N/A;N/A;N/A;N/A;N/A;N/A;N/A;N/A;N/A;N/A;N/A;N/A;N/A;N/A;N/A;N/A;N/A;N/A;N/A;N/A;N/A;N/A;N/A;N/A;N/A;N/A;N/A;N/A;N/A;N/A;N/A;N/A;N/A;N/A;N/A;N/A;N/A;N/A;N/A;N/A;N/A;N/A;N/A;N/A;N/A;N/A;N/A;N/A;N/A;N/A
Renault;Stepway;"1.6 Intens Cvt";2021;"31059 km";;ANTONELLACOLA;18500;;;;;Buceo;https://auto.mercadolibre.com.uy/MLU-647417521-renault-stepway-2021-16-intens-cvt-_JM;N/A;;"Renault Stepway 2021 1.6 Intens Cvt";usd;Sí;free;false;N/A;N/A;http://perfil.mercadolibre.com.uy/ANTONELLACOLA;active;N/A;N/A;Usado;N/A;N/A;Hidráulica;Delantera;N/A;N/A;Sí;N/A;N/A;N/A;N/A;N/A;N/A;N/A;N/A;N/A;N/A;N/A;N/A;N/A;N/A;N/A;N/A;N/A;N/A;N/A;N/A;N/A;N/A;"2590 mm";"1.6 L";"50 L";6;N/A;N/A;N/A;N/A;N/A;N/A;N/A;N/A;N/A;N/A;N/A;N/A;N/A;N/A;N/A;N/A;N/A;N/A;N/A;N/A;N/A;N/A;N/A;N/A;N/A;N/A;N/A;N/A;N/A;N/A;N/A;N/A;N/A;N/A;N/A;N/A;N/A;N/A;N/A;N/A;N/A;N/A;N/A;N/A;N/A;"1559 mm";"4066 mm";N/A;N/A;N/A;N/A;5;"115 hp";Cvt;N/A;4;"1761 mm";"9.3 km/l";Sí;N/A;N/A;N/A;N/A;N/A;Sí;N/A;N/A;N/A;"5.9 km/l";N/A;N/A;N/A;N/A;N/A;N/A;5;1.6;Nafta;Automática;Hatchback;"Autos y camionetas";N/A;N/A;N/A;N/A;N/A;N/A;UY;N/A;N/A;N/A;N/A;N/A;N/A;N/A;N/A;N/A;N/A;N/A;N/A;N/A;N/A;N/A;N/A;N/A;N/A;N/A;N/A;N/A;N/A;N/A;N/A;N/A;N/A;N/A;N/A;N/A;N/A;N/A;N/A;N/A;N/A;N/A;N/A;N/A;N/A;N/A;N/A;N/A;N/A;N/A;N/A;N/A;N/A;N/A;N/A;N/A;N/A;N/A;N/A;N/A;N/A;N/A;N/A;N/A;N/A;N/A;N/A;N/A;N/A;N/A;N/A;N/A;N/A;N/A;N/A;N/A;N/A;N/A;N/A;N/A;N/A;N/A;N/A;N/A;N/A;N/A;N/A;N/A;N/A;N/A;N/A;N/A;N/A;N/A;N/A;N/A;N/A;N/A;N/A;N/A;N/A;N/A;N/A;N/A;N/A;N/A;N/A;N/A;N/A;N/A;N/A;N/A;N/A;N/A;N/A;N/A;N/A;N/A;N/A;N/A;N/A;N/A
Renault;"R 18";2.0;1988;"180000 km";;ELMSYANINA;125000;;;;;"Fray Bentos";https://auto.mercadolibre.com.uy/MLU-704448162-renault-r18-20-_JM;N/A;;"Renault R18 2.0";UYU;No;free;false;N/A;N/A;http://perfil.mercadolibre.com.uy/ELMSYANINA;active;N/A;N/A;Usado;N/A;N/A;N/A;N/A;N/A;N/A;N/A;N/A;N/A;N/A;N/A;N/A;N/A;N/A;N/A;N/A;N/A;N/A;N/A;N/A;N/A;N/A;N/A;N/A;N/A;N/A;N/A;N/A;N/A;N/A;N/A;N/A;N/A;N/A;N/A;N/A;N/A;N/A;N/A;N/A;N/A;N/A;N/A;N/A;N/A;N/A;N/A;N/A;N/A;N/A;N/A;N/A;N/A;N/A;N/A;N/A;N/A;N/A;N/A;N/A;N/A;N/A;N/A;N/A;N/A;N/A;N/A;N/A;N/A;N/A;N/A;N/A;N/A;N/A;N/A;N/A;N/A;N/A;N/A;N/A;N/A;N/A;N/A;N/A;N/A;N/A;N/A;N/A;N/A;N/A;N/A;N/A;N/A;N/A;N/A;N/A;N/A;N/A;N/A;N/A;N/A;N/A;N/A;N/A;N/A;N/A;N/A;N/A;4;N/A;Nafta;N/A;N/A;"Autos y camionetas";N/A;N/A;N/A;N/A;N/A;N/A;N/A;N/A;N/A;N/A;N/A;N/A;N/A;N/A;N/A;N/A;N/A;N/A;N/A;N/A;N/A;N/A;N/A;N/A;N/A;N/A;N/A;N/A;N/A;N/A;N/A;N/A;N/A;N/A;N/A;N/A;N/A;N/A;N/A;N/A;N/A;N/A;N/A;N/A;N/A;N/A;N/A;N/A;N/A;N/A;N/A;N/A;N/A;N/A;N/A;N/A;N/A;N/A;N/A;N/A;N/A;N/A;N/A;N/A;N/A;N/A;N/A;N/A;N/A;N/A;N/A;N/A;N/A;N/A;N/A;N/A;N/A;N/A;N/A;N/A;N/A;N/A;N/A;N/A;N/A;N/A;N/A;N/A;N/A;N/A;N/A;N/A;N/A;N/A;N/A;N/A;N/A;N/A;N/A;N/A;N/A;N/A;N/A;N/A;N/A;N/A;N/A;N/A;N/A;N/A;N/A;N/A;N/A;N/A;N/A;N/A;N/A;N/A;N/A;N/A;N/A;N/A
Renault;Duster;"1.6 16v Zen Techno";2022;"25000 km";;JOANRODRIGUESDESA;21500;;;;;"Villa Muñoz";https://auto.mercadolibre.com.uy/MLU-703627254-renault-duster-2022-16-16v-zen-techno-_JM;N/A;;"Renault Duster 2022 1.6 16v Zen Techno";usd;Sí;free;false;N/A;N/A;http://perfil.mercadolibre.com.uy/JOANRODRIGUESDESA;active;N/A;N/A;Usado;N/A;N/A;N/A;4x2;N/A;N/A;Sí;N/A;N/A;N/A;N/A;N/A;N/A;N/A;N/A;N/A;N/A;N/A;N/A;N/A;N/A;N/A;N/A;N/A;N/A;N/A;N/A;N/A;N/A;"2674 mm";"1.6 L";"50 L";5;N/A;N/A;N/A;N/A;N/A;N/A;N/A;N/A;N/A;N/A;N/A;N/A;N/A;N/A;N/A;N/A;N/A;N/A;N/A;N/A;N/A;N/A;N/A;N/A;N/A;N/A;N/A;N/A;N/A;N/A;N/A;N/A;N/A;N/A;N/A;N/A;N/A;N/A;N/A;N/A;N/A;N/A;N/A;N/A;N/A;"1683 mm";"4329 mm";N/A;N/A;N/A;N/A;5;"118 hp";"Zen Techno";N/A;4;"1822 mm";"11.1 km/l";N/A;N/A;N/A;N/A;N/A;N/A;N/A;N/A;N/A;N/A;"10.4 km/l";N/A;N/A;N/A;N/A;N/A;N/A;5;1.6;Nafta;Manual;SUV;"Autos y camionetas";N/A;N/A;N/A;N/A;N/A;N/A;UY;N/A;N/A;N/A;N/A;N/A;N/A;N/A;N/A;N/A;N/A;N/A;N/A;N/A;N/A;N/A;N/A;N/A;N/A;N/A;N/A;N/A;N/A;N/A;N/A;N/A;N/A;N/A;N/A;N/A;N/A;N/A;N/A;N/A;N/A;N/A;N/A;N/A;N/A;N/A;N/A;N/A;N/A;N/A;N/A;N/A;N/A;N/A;N/A;N/A;N/A;N/A;N/A;N/A;N/A;N/A;N/A;N/A;N/A;N/A;N/A;N/A;N/A;N/A;N/A;N/A;N/A;N/A;N/A;N/A;N/A;N/A;N/A;N/A;N/A;N/A;N/A;N/A;N/A;N/A;N/A;N/A;N/A;N/A;N/A;N/A;N/A;N/A;N/A;N/A;N/A;N/A;N/A;N/A;N/A;N/A;N/A;N/A;N/A;N/A;N/A;N/A;N/A;N/A;N/A;N/A;N/A;N/A;N/A;N/A;N/A;N/A;N/A;N/A;N/A;N/A
Renault;Clio;Mio;2015;"91000 km";;GGAIONE;11500;;;;;Centro;https://auto.mercadolibre.com.uy/MLU-647247663-renault-clio-mio-_JM;N/A;;"Renault Clio Mio";USD;Sí;free;false;N/A;N/A;http://perfil.mercadolibre.com.uy/GGAIONE;active;N/A;N/A;Usado;Rojo;Sí;N/A;N/A;Sí;N/A;N/A;N/A;N/A;N/A;N/A;N/A;N/A;N/A;N/A;N/A;Sí;N/A;N/A;N/A;N/A;N/A;N/A;N/A;N/A;N/A;N/A;N/A;N/A;N/A;N/A;N/A;N/A;N/A;N/A;N/A;N/A;N/A;N/A;N/A;N/A;N/A;N/A;N/A;N/A;N/A;N/A;N/A;N/A;N/A;N/A;N/A;N/A;N/A;N/A;N/A;N/A;N/A;N/A;N/A;N/A;N/A;N/A;N/A;N/A;N/A;N/A;N/A;N/A;N/A;N/A;N/A;N/A;N/A;N/A;N/A;N/A;N/A;N/A;N/A;N/A;N/A;N/A;N/A;N/A;N/A;N/A;N/A;N/A;N/A;N/A;N/A;N/A;N/A;Sí;N/A;Sí;Sí;N/A;N/A;N/A;N/A;N/A;N/A;N/A;N/A;N/A;N/A;5;1.2;Nafta;Manual;N/A;"Autos y camionetas";N/A;N/A;N/A;N/A;N/A;N/A;N/A;N/A;N/A;N/A;N/A;N/A;N/A;N/A;N/A;N/A;N/A;N/A;N/A;N/A;N/A;N/A;N/A;N/A;N/A;N/A;N/A;N/A;N/A;N/A;N/A;N/A;N/A;N/A;N/A;N/A;N/A;N/A;N/A;N/A;N/A;N/A;N/A;N/A;N/A;N/A;N/A;N/A;N/A;N/A;N/A;N/A;N/A;N/A;N/A;N/A;N/A;N/A;N/A;N/A;N/A;N/A;N/A;N/A;N/A;N/A;N/A;N/A;N/A;N/A;N/A;N/A;N/A;N/A;N/A;N/A;N/A;N/A;N/A;N/A;N/A;N/A;N/A;N/A;N/A;N/A;N/A;N/A;N/A;N/A;N/A;N/A;N/A;N/A;N/A;N/A;Sí;Sí;Sí;N/A;Sí;N/A;N/A;N/A;N/A;Sí;N/A;Sí;Sí;N/A;N/A;N/A;Sí;Sí;Sí;Sí;Sí;Sí;N/A;N/A;N/A;Sí
Renault;Symbol;"1.6 Authentique Pack I 105cv";2013;"98000 km";;ROTUNDOEDUARDO20231005165920;8500;;;;;Paysandú;https://auto.mercadolibre.com.uy/MLU-647274207-renault-symbol-2013-16-authentique-pack-i-105cv-_JM;N/A;;"Renault Symbol 2013 1.6 Authentique Pack I 105cv";usd;Sí;free;false;N/A;N/A;http://perfil.mercadolibre.com.uy/ROTUNDOEDUARDO20231005165920;active;N/A;N/A;Usado;N/A;N/A;Hidráulica;Delantera;N/A;N/A;N/A;N/A;N/A;N/A;N/A;N/A;N/A;N/A;N/A;N/A;N/A;N/A;N/A;N/A;N/A;N/A;N/A;N/A;N/A;N/A;N/A;N/A;N/A;"2473 mm";"1.6 L";"50 L";5;N/A;N/A;N/A;N/A;N/A;N/A;N/A;N/A;N/A;N/A;N/A;N/A;N/A;N/A;N/A;N/A;N/A;N/A;N/A;N/A;N/A;N/A;N/A;N/A;N/A;N/A;N/A;N/A;N/A;N/A;N/A;N/A;N/A;N/A;N/A;N/A;N/A;N/A;N/A;N/A;N/A;N/A;N/A;N/A;N/A;"1439 mm";"4261 mm";N/A;N/A;N/A;N/A;5;"105 hp";Authentique;N/A;4;"1672 mm";N/A;N/A;N/A;N/A;Sí;N/A;N/A;N/A;N/A;N/A;N/A;N/A;N/A;N/A;N/A;N/A;N/A;N/A;4;1.6;Nafta;Manual;Sedán;"Autos y camionetas";N/A;N/A;N/A;N/A;N/A;N/A;UY;N/A;N/A;N/A;N/A;N/A;N/A;N/A;N/A;N/A;N/A;N/A;N/A;N/A;N/A;N/A;N/A;N/A;N/A;N/A;N/A;N/A;N/A;N/A;N/A;N/A;N/A;N/A;N/A;N/A;N/A;N/A;N/A;N/A;N/A;N/A;N/A;N/A;N/A;N/A;N/A;N/A;N/A;N/A;N/A;N/A;N/A;N/A;N/A;N/A;N/A;N/A;N/A;N/A;N/A;N/A;N/A;N/A;N/A;N/A;N/A;N/A;N/A;N/A;N/A;N/A;N/A;N/A;N/A;N/A;N/A;N/A;N/A;N/A;N/A;N/A;N/A;N/A;N/A;N/A;N/A;N/A;N/A;N/A;N/A;N/A;N/A;N/A;N/A;N/A;N/A;N/A;N/A;N/A;N/A;N/A;N/A;N/A;N/A;N/A;N/A;N/A;N/A;N/A;N/A;N/A;N/A;N/A;N/A;N/A;N/A;N/A;N/A;Sí;N/A;N/A
Renault;Master;"2.3 L1h1 Aa";2020;"91000 km";;MARCELOEROSA16;27600;;;;;Prado;https://auto.mercadolibre.com.uy/MLU-704243896-renault-master-2020-23-l1h1-aa-_JM;N/A;;"Renault Master 2020 2.3 L1h1 Aa";usd;Sí;free;false;N/A;N/A;http://perfil.mercadolibre.com.uy/MARCELOEROSA16;active;N/A;N/A;Usado;N/A;N/A;N/A;Delantera;Sí;N/A;N/A;N/A;N/A;N/A;N/A;N/A;N/A;N/A;N/A;N/A;N/A;N/A;N/A;N/A;N/A;N/A;N/A;N/A;N/A;N/A;N/A;N/A;N/A;"3578 mm";"2.3 L";"100 L";6;N/A;N/A;N/A;N/A;N/A;N/A;N/A;N/A;N/A;N/A;N/A;N/A;N/A;N/A;N/A;N/A;N/A;N/A;N/A;N/A;N/A;N/A;N/A;N/A;N/A;N/A;N/A;N/A;N/A;N/A;N/A;N/A;N/A;N/A;N/A;N/A;N/A;N/A;N/A;N/A;N/A;N/A;N/A;N/A;N/A;"2303 mm";"5048 mm";N/A;N/A;N/A;N/A;3;"130 hp";2.3;N/A;4;"1990 mm";N/A;N/A;N/A;N/A;N/A;N/A;N/A;N/A;N/A;N/A;N/A;N/A;N/A;N/A;N/A;N/A;N/A;N/A;3;2.3;Diésel;Manual;Furgón;"Autos y camionetas";N/A;N/A;N/A;N/A;N/A;N/A;UY;N/A;N/A;N/A;N/A;N/A;N/A;N/A;N/A;N/A;N/A;N/A;N/A;N/A;N/A;N/A;N/A;N/A;N/A;N/A;N/A;N/A;N/A;N/A;N/A;N/A;N/A;N/A;N/A;N/A;N/A;N/A;N/A;N/A;N/A;N/A;N/A;N/A;N/A;N/A;N/A;N/A;N/A;N/A;N/A;N/A;N/A;N/A;N/A;N/A;N/A;N/A;N/A;N/A;N/A;N/A;N/A;N/A;N/A;N/A;N/A;N/A;N/A;N/A;N/A;N/A;N/A;N/A;N/A;N/A;N/A;N/A;N/A;N/A;N/A;N/A;N/A;N/A;N/A;N/A;N/A;N/A;N/A;N/A;N/A;N/A;N/A;N/A;N/A;N/A;N/A;N/A;N/A;N/A;N/A;N/A;N/A;N/A;N/A;N/A;N/A;N/A;N/A;N/A;N/A;N/A;N/A;N/A;N/A;N/A;N/A;N/A;N/A;N/A;N/A;N/A
Renault;Clio;"1.5 Authent.";2004;"300000 km";;MASOSA19;5400;;;;;Melilla;https://auto.mercadolibre.com.uy/MLU-702981058-renault-clio-2004-15-authent-_JM;N/A;;"Renault Clio 2004 1.5 Authent.";usd;No;free;false;N/A;N/A;http://perfil.mercadolibre.com.uy/MASOSA19;active;N/A;N/A;Usado;N/A;N/A;Hidráulica;Delantera;Sí;N/A;N/A;N/A;N/A;N/A;N/A;N/A;N/A;N/A;N/A;N/A;N/A;N/A;N/A;N/A;N/A;N/A;N/A;N/A;N/A;N/A;N/A;N/A;N/A;"2472 mm";"1.5 L";"50 L";N/A;N/A;N/A;N/A;N/A;N/A;N/A;N/A;N/A;N/A;N/A;N/A;N/A;N/A;N/A;N/A;N/A;N/A;N/A;N/A;N/A;N/A;N/A;N/A;N/A;N/A;N/A;N/A;N/A;N/A;N/A;N/A;N/A;N/A;N/A;N/A;N/A;N/A;N/A;N/A;N/A;N/A;N/A;N/A;N/A;N/A;"1417 mm";"3182 mm";N/A;N/A;N/A;N/A;5;"65 hp";Authentique;N/A;2;"1639 mm";N/A;N/A;N/A;N/A;N/A;N/A;N/A;N/A;N/A;N/A;N/A;N/A;N/A;N/A;N/A;N/A;N/A;N/A;5;1.5;Diésel;Automática;Hatchback;"Autos y camionetas";N/A;N/A;N/A;N/A;N/A;N/A;UY;N/A;N/A;N/A;N/A;N/A;N/A;N/A;N/A;N/A;N/A;N/A;N/A;N/A;N/A;N/A;N/A;N/A;N/A;N/A;N/A;N/A;N/A;N/A;N/A;N/A;N/A;N/A;N/A;N/A;N/A;N/A;N/A;N/A;N/A;N/A;N/A;N/A;N/A;N/A;N/A;N/A;N/A;N/A;N/A;N/A;N/A;N/A;N/A;N/A;N/A;N/A;N/A;N/A;N/A;N/A;N/A;N/A;N/A;N/A;N/A;N/A;N/A;N/A;N/A;N/A;N/A;N/A;N/A;N/A;N/A;N/A;N/A;N/A;N/A;N/A;N/A;N/A;N/A;N/A;N/A;N/A;N/A;N/A;N/A;N/A;N/A;N/A;N/A;N/A;N/A;N/A;N/A;N/A;N/A;N/A;N/A;N/A;N/A;N/A;N/A;N/A;N/A;N/A;N/A;N/A;N/A;N/A;N/A;N/A;N/A;N/A;N/A;N/A;N/A;N/A
Renault;Kangoo;"1.5 Furgon Ph3 Confort 5as Lc";2016;"120000 km";;ESTADESMANON20230922203642;11500;;;;;Cerro;https://auto.mercadolibre.com.uy/MLU-704258172-renault-kangoo-2016-16-furgon-ph3-confort-5as-lc-_JM;N/A;;"Renault Kangoo 2016 1.6 Furgon Ph3 Confort 5as Lc";usd;Sí;free;false;N/A;N/A;http://perfil.mercadolibre.com.uy/ESTADESMANON20230922203642;active;N/A;N/A;Usado;Gris;No;Hidráulica;Delantera;Sí;No;N/A;N/A;N/A;No;N/A;N/A;No;N/A;N/A;No;No;N/A;No;N/A;N/A;N/A;N/A;N/A;N/A;N/A;N/A;N/A;N/A;"2600 mm";"1.5 L";"52 L";5;N/A;N/A;N/A;N/A;N/A;No;N/A;N/A;N/A;N/A;N/A;N/A;N/A;N/A;N/A;N/A;N/A;N/A;N/A;N/A;N/A;N/A;N/A;N/A;N/A;N/A;N/A;N/A;N/A;Sí;N/A;N/A;N/A;N/A;N/A;N/A;N/A;N/A;N/A;N/A;N/A;N/A;N/A;N/A;N/A;"1860 mm";"4010 mm";N/A;N/A;N/A;N/A;2;"65 hp";Confort;N/A;2;"1670 mm";N/A;No;N/A;Sí;No;N/A;Sí;No;N/A;No;N/A;N/A;No;Sí;N/A;N/A;No;N/A;3;1.5;Nafta;Manual;N/A;"Autos y camionetas";Sí;N/A;N/A;N/A;No;N/A;UY;N/A;Sí;N/A;No;N/A;N/A;N/A;N/A;N/A;N/A;N/A;N/A;N/A;N/A;N/A;N/A;N/A;No;N/A;N/A;N/A;N/A;N/A;N/A;N/A;N/A;N/A;N/A;N/A;N/A;N/A;N/A;N/A;N/A;N/A;N/A;No;N/A;N/A;N/A;N/A;N/A;N/A;N/A;N/A;N/A;N/A;N/A;N/A;N/A;N/A;N/A;N/A;N/A;No;Sí;N/A;N/A;N/A;N/A;N/A;N/A;N/A;N/A;N/A;N/A;N/A;N/A;N/A;N/A;N/A;N/A;N/A;N/A;N/A;N/A;N/A;N/A;N/A;N/A;N/A;N/A;N/A;N/A;N/A;N/A;N/A;N/A;No;Sí;No;Sí;N/A;Sí;N/A;N/A;N/A;N/A;Sí;No;No;No;N/A;N/A;Sí;Sí;No;Sí;Sí;Sí;Sí;No;Sí;N/A;Sí
Renault;"Mégane III";"2.0 Privilege Plus AT";2014;"190000 km";;IRIGOYKEVIN20230915182528;14000;;;;;N/A;https://auto.mercadolibre.com.uy/MLU-705266650-renault-megane-privilege-16v-plus-at-_JM;N/A;;"Renault Megane ||| Privilege 16v Plus At";usd;Sí;free;false;N/A;N/A;http://perfil.mercadolibre.com.uy/IRIGOYKEVIN20230915182528;active;N/A;N/A;Usado;Gris;No;Hidráulica;Delantera;Sí;Sí;Sí;N/A;N/A;Sí;N/A;N/A;Sí;Sí;N/A;Sí;Sí;N/A;Sí;N/A;N/A;N/A;N/A;N/A;N/A;N/A;N/A;N/A;N/A;"2640 mm";"2 L";"60 L";5;N/A;N/A;N/A;N/A;N/A;Sí;N/A;N/A;N/A;Sí;N/A;N/A;N/A;N/A;N/A;N/A;N/A;N/A;N/A;N/A;N/A;N/A;N/A;N/A;N/A;N/A;N/A;N/A;N/A;No;N/A;N/A;N/A;Sí;Sí;Sí;N/A;N/A;N/A;N/A;N/A;N/A;N/A;N/A;N/A;"1491 mm";"4296 mm";N/A;N/A;N/A;N/A;5;"143 hp";Privilege;N/A;4;"1808 mm";"10.9 km/l";No;N/A;Sí;Sí;N/A;No;Sí;N/A;Sí;N/A;"6.1 km/l";N/A;Sí;N/A;N/A;Sí;"Lunes a Domingo 10:00 a 17:00";5;2.0;Nafta;Automática;Hatchback;"Autos y camionetas";No;N/A;N/A;N/A;No;N/A;UY;N/A;Sí;N/A;No;N/A;N/A;N/A;N/A;N/A;N/A;N/A;N/A;N/A;N/A;N/A;N/A;N/A;No;N/A;N/A;N/A;N/A;N/A;N/A;N/A;N/A;N/A;N/A;N/A;N/A;N/A;N/A;N/A;N/A;N/A;N/A;No;N/A;N/A;N/A;N/A;N/A;N/A;N/A;N/A;N/A;N/A;N/A;N/A;N/A;N/A;N/A;N/A;N/A;No;Sí;N/A;N/A;N/A;N/A;N/A;N/A;N/A;N/A;N/A;N/A;N/A;N/A;N/A;N/A;N/A;N/A;N/A;N/A;N/A;N/A;N/A;N/A;N/A;N/A;N/A;N/A;N/A;N/A;N/A;N/A;N/A;N/A;No;Sí;Sí;Sí;N/A;Sí;N/A;N/A;N/A;N/A;Sí;Sí;Sí;Sí;N/A;N/A;Sí;Sí;Sí;Sí;Sí;Sí;Sí;No;Sí;N/A;Sí
Renault;Clio;"1.4 Rsi";1996;"1 km";;MAAG199306;6000;;;;;Unión;https://auto.mercadolibre.com.uy/MLU-704771236-renault-clio-14-rsi-_JM;N/A;;"Renault Clio 1.4 Rsi";usd;No;free;false;N/A;N/A;http://perfil.mercadolibre.com.uy/MAAG199306;active;N/A;N/A;Usado;Violeta;N/A;Hidráulica;Delantera;Sí;N/A;N/A;N/A;N/A;N/A;N/A;N/A;N/A;N/A;N/A;N/A;Sí;N/A;N/A;N/A;N/A;N/A;N/A;N/A;N/A;N/A;N/A;N/A;N/A;"2472 mm";"1.4 L";"50 L";5;N/A;N/A;N/A;N/A;N/A;N/A;N/A;N/A;N/A;N/A;N/A;N/A;N/A;N/A;N/A;N/A;N/A;N/A;N/A;N/A;N/A;N/A;N/A;N/A;N/A;N/A;N/A;N/A;N/A;N/A;N/A;N/A;N/A;N/A;N/A;N/A;N/A;N/A;N/A;N/A;N/A;N/A;N/A;N/A;N/A;"1417 mm";"3813 mm";N/A;N/A;N/A;N/A;5;"75 hp";Rsi;N/A;2;"1639 mm";"7 km/l";N/A;N/A;N/A;N/A;N/A;N/A;N/A;N/A;N/A;N/A;"5 km/l";N/A;N/A;N/A;N/A;N/A;N/A;3;1.4;Nafta;Manual;Hatchback;"Autos y camionetas";N/A;N/A;N/A;N/A;N/A;N/A;UY;N/A;N/A;N/A;N/A;N/A;N/A;N/A;N/A;N/A;N/A;N/A;N/A;N/A;N/A;N/A;N/A;N/A;N/A;N/A;N/A;N/A;N/A;N/A;N/A;N/A;N/A;N/A;N/A;N/A;N/A;N/A;N/A;N/A;N/A;N/A;N/A;N/A;N/A;N/A;N/A;N/A;N/A;N/A;N/A;N/A;N/A;N/A;N/A;N/A;N/A;N/A;N/A;N/A;N/A;N/A;N/A;N/A;N/A;N/A;N/A;N/A;N/A;N/A;N/A;N/A;N/A;N/A;N/A;N/A;N/A;N/A;N/A;N/A;N/A;N/A;N/A;N/A;N/A;N/A;N/A;N/A;N/A;N/A;N/A;N/A;N/A;N/A;N/A;N/A;N/A;N/A;N/A;N/A;N/A;N/A;N/A;N/A;N/A;N/A;N/A;N/A;N/A;N/A;N/A;N/A;N/A;N/A;N/A;N/A;N/A;N/A;N/A;N/A;N/A;N/A
Renault;Megane;"1.6 Tric Sl Exception";2009;"111111 km";;TALERDA2;6800;;;;;"Treinta y Tres";https://auto.mercadolibre.com.uy/MLU-647114119-renault-megane-16-tric-sl-exception-_JM;N/A;;"Renault Megane 1.6 Tric Sl Exception";usd;Sí;free;false;N/A;N/A;http://perfil.mercadolibre.com.uy/TALERDA2;active;N/A;N/A;Usado;Gris;No;Hidráulica;Delantera;Sí;N/A;Sí;N/A;N/A;N/A;N/A;N/A;No;N/A;N/A;N/A;Sí;N/A;Sí;N/A;N/A;N/A;N/A;N/A;N/A;N/A;N/A;N/A;N/A;"2625 mm";"1.6 L";"60 L";5;N/A;N/A;N/A;N/A;N/A;No;N/A;N/A;N/A;N/A;N/A;N/A;N/A;N/A;N/A;N/A;N/A;N/A;N/A;N/A;N/A;N/A;N/A;N/A;N/A;N/A;N/A;N/A;N/A;N/A;N/A;N/A;N/A;Sí;N/A;N/A;N/A;N/A;N/A;N/A;N/A;N/A;N/A;N/A;N/A;"1435 mm";"4436 mm";N/A;N/A;N/A;N/A;5;"110 hp";Exception;N/A;4;"1777 mm";N/A;No;N/A;No;Sí;N/A;Sí;Sí;N/A;N/A;N/A;N/A;N/A;N/A;N/A;N/A;Sí;"Todo el dia";4;1.6;Nafta;Manual;Sedán;"Autos y camionetas";N/A;N/A;N/A;N/A;N/A;N/A;UY;N/A;N/A;N/A;N/A;N/A;N/A;N/A;N/A;N/A;N/A;N/A;N/A;N/A;N/A;N/A;N/A;N/A;N/A;N/A;N/A;N/A;N/A;N/A;N/A;N/A;N/A;N/A;N/A;N/A;N/A;N/A;N/A;N/A;N/A;N/A;N/A;N/A;N/A;N/A;N/A;N/A;N/A;N/A;N/A;N/A;N/A;N/A;N/A;N/A;N/A;N/A;N/A;N/A;N/A;N/A;N/A;N/A;N/A;N/A;N/A;N/A;N/A;N/A;N/A;N/A;N/A;N/A;N/A;N/A;N/A;N/A;N/A;N/A;N/A;N/A;N/A;N/A;N/A;N/A;N/A;N/A;N/A;N/A;N/A;N/A;N/A;N/A;N/A;N/A;N/A;N/A;Sí;N/A;N/A;N/A;N/A;N/A;N/A;N/A;N/A;N/A;N/A;N/A;N/A;N/A;Sí;N/A;Sí;Sí;Sí;Sí;N/A;Sí;N/A;Sí
Renault;R12;"1.4 L";1988;"123456 km";;PACUCA2010;90000;;;;;"La Paz";https://auto.mercadolibre.com.uy/MLU-647527135-renault-12-1977-vendo-o-permuto-papeles-al-dia-_JM;N/A;;"Renault 12 1977 Vendo O Permuto Papeles Al Dia";usd;No;free;false;N/A;N/A;http://perfil.mercadolibre.com.uy/PACUCA2010;active;N/A;N/A;Usado;Rojo;N/A;Hidráulica;Delantera;N/A;N/A;N/A;N/A;N/A;N/A;N/A;N/A;N/A;N/A;N/A;N/A;N/A;N/A;N/A;N/A;N/A;N/A;N/A;N/A;N/A;N/A;N/A;N/A;N/A;"2441 mm";"1.4 L";"47 L";4;N/A;N/A;N/A;N/A;N/A;N/A;N/A;N/A;N/A;N/A;N/A;N/A;N/A;N/A;N/A;N/A;N/A;N/A;N/A;N/A;N/A;N/A;N/A;N/A;N/A;N/A;N/A;N/A;N/A;N/A;N/A;N/A;N/A;N/A;N/A;N/A;N/A;N/A;N/A;N/A;N/A;N/A;N/A;N/A;N/A;"1435 mm";"4343 mm";N/A;N/A;N/A;N/A;5;"63 hp";L;N/A;2;"1613 mm";"12 km/l";N/A;N/A;N/A;N/A;N/A;N/A;N/A;N/A;N/A;N/A;N/A;N/A;N/A;N/A;N/A;N/A;"todo el dia";4;1.4;Nafta;Manual;Sedán;"Autos y camionetas";N/A;N/A;N/A;N/A;N/A;N/A;UY;N/A;N/A;N/A;N/A;N/A;N/A;N/A;N/A;N/A;N/A;N/A;N/A;N/A;N/A;N/A;N/A;N/A;N/A;N/A;N/A;N/A;N/A;N/A;N/A;N/A;N/A;N/A;N/A;N/A;N/A;N/A;N/A;N/A;N/A;N/A;N/A;N/A;N/A;N/A;N/A;N/A;N/A;N/A;N/A;N/A;N/A;N/A;N/A;N/A;N/A;N/A;N/A;N/A;N/A;N/A;N/A;N/A;N/A;N/A;N/A;N/A;N/A;N/A;N/A;N/A;N/A;N/A;N/A;N/A;N/A;N/A;N/A;N/A;N/A;N/A;N/A;N/A;N/A;N/A;N/A;N/A;N/A;N/A;N/A;N/A;N/A;N/A;N/A;N/A;N/A;N/A;N/A;N/A;N/A;N/A;N/A;N/A;N/A;N/A;N/A;N/A;N/A;N/A;N/A;N/A;N/A;N/A;N/A;N/A;N/A;N/A;N/A;N/A;N/A;N/A
Renault;"NUEVO LOGAN EXPRESSION 1.6";"1.6 Expression";2018;"105000 km";;VAPE1544131;12500;;;;;Libertad;https://auto.mercadolibre.com.uy/MLU-647338435-renaul-sedan-nuevo-logan-expression-16-_JM;N/A;;"Renaul Sedan Nuevo Logan Expression 1.6";USD;Sí;free;false;N/A;N/A;http://perfil.mercadolibre.com.uy/VAPE1544131;active;N/A;N/A;Usado;Gris;N/A;N/A;N/A;N/A;N/A;N/A;N/A;N/A;N/A;N/A;N/A;N/A;N/A;N/A;N/A;N/A;N/A;N/A;N/A;N/A;N/A;N/A;N/A;N/A;N/A;N/A;N/A;N/A;N/A;N/A;N/A;N/A;N/A;N/A;N/A;N/A;N/A;N/A;N/A;N/A;N/A;N/A;N/A;N/A;N/A;N/A;N/A;N/A;N/A;N/A;N/A;N/A;N/A;N/A;N/A;N/A;N/A;N/A;N/A;N/A;N/A;N/A;N/A;N/A;N/A;N/A;N/A;N/A;N/A;N/A;N/A;N/A;N/A;N/A;N/A;N/A;N/A;N/A;N/A;N/A;N/A;N/A;N/A;N/A;N/A;N/A;N/A;N/A;N/A;N/A;N/A;N/A;N/A;N/A;N/A;N/A;N/A;N/A;N/A;N/A;N/A;N/A;N/A;N/A;N/A;N/A;N/A;5;N/A;Nafta;N/A;N/A;"Autos y camionetas";N/A;N/A;N/A;N/A;N/A;N/A;N/A;N/A;N/A;N/A;N/A;N/A;N/A;N/A;N/A;N/A;N/A;N/A;N/A;N/A;N/A;N/A;N/A;N/A;N/A;N/A;N/A;N/A;N/A;N/A;N/A;N/A;N/A;N/A;N/A;N/A;N/A;N/A;N/A;N/A;N/A;N/A;N/A;N/A;N/A;N/A;N/A;N/A;N/A;N/A;N/A;N/A;N/A;N/A;N/A;N/A;N/A;N/A;N/A;N/A;N/A;N/A;N/A;N/A;N/A;N/A;N/A;N/A;N/A;N/A;N/A;N/A;N/A;N/A;N/A;N/A;N/A;N/A;N/A;N/A;N/A;N/A;N/A;N/A;N/A;N/A;N/A;N/A;N/A;N/A;N/A;N/A;N/A;N/A;N/A;N/A;N/A;N/A;N/A;N/A;N/A;N/A;N/A;N/A;N/A;N/A;N/A;N/A;N/A;N/A;N/A;N/A;N/A;N/A;N/A;N/A;N/A;N/A;N/A;N/A;N/A;N/A
Renault;"Sandero Stepway";"1.6 v extra full";2012;"101000 km";;ZACCARONSEBASTIAN2022032101163;10000;;;;;"Villa Biarritz";https://auto.mercadolibre.com.uy/MLU-703052414-renault-sandero-stepway-16-v-extra-full-_JM;N/A;;"Renault Sandero Stepway 1.6 V Extra Full ";USD;Sí;free;false;N/A;N/A;http://perfil.mercadolibre.com.uy/ZACCARONSEBASTIAN2022032101163;active;N/A;N/A;Usado;N/A;N/A;N/A;N/A;N/A;N/A;N/A;N/A;N/A;N/A;N/A;N/A;N/A;N/A;N/A;N/A;N/A;N/A;N/A;N/A;N/A;N/A;N/A;N/A;N/A;N/A;N/A;N/A;N/A;N/A;N/A;N/A;N/A;N/A;N/A;N/A;N/A;N/A;N/A;N/A;N/A;N/A;N/A;N/A;N/A;N/A;N/A;N/A;N/A;N/A;N/A;N/A;N/A;N/A;N/A;N/A;N/A;N/A;N/A;N/A;N/A;N/A;N/A;N/A;N/A;N/A;N/A;N/A;N/A;N/A;N/A;N/A;N/A;N/A;N/A;N/A;N/A;N/A;N/A;N/A;N/A;N/A;N/A;N/A;N/A;N/A;N/A;N/A;N/A;N/A;N/A;N/A;N/A;N/A;N/A;N/A;N/A;N/A;N/A;N/A;N/A;N/A;N/A;N/A;N/A;N/A;N/A;N/A;5;N/A;Nafta;N/A;N/A;"Autos y camionetas";N/A;N/A;N/A;N/A;N/A;N/A;N/A;N/A;N/A;N/A;N/A;N/A;N/A;N/A;N/A;N/A;N/A;N/A;N/A;N/A;N/A;N/A;N/A;N/A;N/A;N/A;N/A;N/A;N/A;N/A;N/A;N/A;N/A;N/A;N/A;N/A;N/A;N/A;N/A;N/A;N/A;N/A;N/A;N/A;N/A;N/A;N/A;N/A;N/A;N/A;N/A;N/A;N/A;N/A;N/A;N/A;N/A;N/A;N/A;N/A;N/A;N/A;N/A;N/A;N/A;N/A;N/A;N/A;N/A;N/A;N/A;N/A;N/A;N/A;N/A;N/A;N/A;N/A;N/A;N/A;N/A;N/A;N/A;N/A;N/A;N/A;N/A;N/A;N/A;N/A;N/A;N/A;N/A;N/A;N/A;N/A;N/A;N/A;N/A;N/A;N/A;N/A;N/A;N/A;N/A;N/A;N/A;N/A;N/A;N/A;N/A;N/A;N/A;N/A;N/A;N/A;N/A;N/A;N/A;N/A;N/A;N/A
Renault;Clio;1.2;2011;"226000 km";;ROJASFLORENCIA20221221050226;5900;;;;;Florida;https://auto.mercadolibre.com.uy/MLU-706065320-renault-clio-12-_JM;N/A;;"Renault Clio 1.2";usd;Sí;free;false;N/A;N/A;http://perfil.mercadolibre.com.uy/ROJASFLORENCIA20221221050226;active;N/A;N/A;Usado;Azul;No;Hidráulica;Delantera;N/A;N/A;N/A;N/A;N/A;N/A;N/A;N/A;N/A;N/A;N/A;N/A;N/A;N/A;N/A;N/A;N/A;N/A;N/A;N/A;N/A;N/A;N/A;N/A;N/A;"2472 mm";"1.2 L";"50 L";5;N/A;N/A;N/A;N/A;N/A;N/A;N/A;N/A;N/A;N/A;N/A;N/A;N/A;N/A;N/A;N/A;N/A;N/A;N/A;N/A;N/A;N/A;N/A;N/A;N/A;N/A;N/A;N/A;N/A;N/A;N/A;N/A;N/A;N/A;N/A;N/A;N/A;N/A;N/A;N/A;N/A;N/A;N/A;N/A;N/A;"1417 mm";"3813 mm";N/A;N/A;N/A;N/A;5;"75 hp";Base;N/A;4;"1639 mm";N/A;N/A;N/A;N/A;Sí;N/A;N/A;N/A;N/A;N/A;N/A;N/A;N/A;N/A;N/A;N/A;N/A;"De lunes a lunes 24hs";3;1.2;Nafta;Manual;Hatchback;"Autos y camionetas";N/A;N/A;N/A;N/A;N/A;N/A;UY;N/A;N/A;N/A;N/A;N/A;N/A;N/A;N/A;N/A;N/A;N/A;N/A;N/A;N/A;N/A;N/A;N/A;N/A;N/A;N/A;N/A;N/A;N/A;N/A;N/A;N/A;N/A;N/A;N/A;N/A;N/A;N/A;N/A;N/A;N/A;N/A;N/A;N/A;N/A;N/A;N/A;N/A;N/A;N/A;N/A;N/A;N/A;N/A;N/A;N/A;N/A;N/A;N/A;N/A;N/A;N/A;N/A;N/A;N/A;N/A;N/A;N/A;N/A;N/A;N/A;N/A;N/A;N/A;N/A;N/A;N/A;N/A;N/A;N/A;N/A;N/A;N/A;N/A;N/A;N/A;N/A;N/A;N/A;N/A;N/A;N/A;N/A;N/A;N/A;N/A;N/A;N/A;N/A;N/A;N/A;N/A;N/A;N/A;N/A;N/A;N/A;N/A;N/A;N/A;N/A;N/A;N/A;N/A;N/A;N/A;N/A;N/A;N/A;N/A;N/A
Renault;Kwid;"1.0 Sce 66cv Zen";2023;"18100 km";;LAURAGIACOPELLI;13900;;;;;Victoria;https://auto.mercadolibre.com.uy/MLU-706214112-renault-kwid-2023-10-sce-66cv-zen-_JM;N/A;;"Renault Kwid 2023 1.0 Sce 66cv Zen";usd;Sí;free;false;N/A;N/A;http://perfil.mercadolibre.com.uy/LAURAGIACOPELLI;active;N/A;N/A;Usado;N/A;N/A;N/A;Delantera;N/A;N/A;Sí;N/A;N/A;N/A;N/A;N/A;N/A;N/A;N/A;N/A;N/A;N/A;N/A;N/A;N/A;N/A;N/A;N/A;N/A;N/A;N/A;N/A;N/A;"2423 mm";"1 L";"50 L";5;N/A;N/A;N/A;N/A;N/A;N/A;N/A;N/A;N/A;N/A;N/A;N/A;N/A;N/A;N/A;N/A;N/A;N/A;N/A;N/A;N/A;N/A;N/A;N/A;N/A;N/A;N/A;N/A;N/A;N/A;N/A;N/A;N/A;N/A;N/A;N/A;N/A;N/A;N/A;N/A;N/A;N/A;N/A;N/A;N/A;"1474 mm";"3680 mm";N/A;N/A;N/A;N/A;5;"66 hp";Zen;N/A;4;"1752 mm";N/A;N/A;N/A;N/A;N/A;N/A;N/A;N/A;N/A;N/A;N/A;N/A;N/A;N/A;N/A;N/A;N/A;N/A;5;1.0;Nafta;Manual;Hatchback;"Autos y camionetas";N/A;N/A;N/A;N/A;N/A;N/A;UY;N/A;N/A;N/A;N/A;N/A;N/A;N/A;N/A;N/A;N/A;N/A;N/A;N/A;N/A;N/A;N/A;N/A;N/A;N/A;N/A;N/A;N/A;N/A;N/A;N/A;N/A;N/A;N/A;N/A;N/A;N/A;N/A;N/A;N/A;N/A;N/A;N/A;N/A;N/A;N/A;N/A;N/A;N/A;N/A;N/A;N/A;N/A;N/A;N/A;N/A;N/A;N/A;N/A;N/A;N/A;N/A;N/A;N/A;N/A;N/A;N/A;N/A;N/A;N/A;N/A;N/A;N/A;N/A;N/A;N/A;N/A;N/A;N/A;N/A;N/A;N/A;N/A;N/A;N/A;N/A;N/A;N/A;N/A;N/A;N/A;N/A;N/A;N/A;N/A;N/A;N/A;N/A;N/A;N/A;N/A;N/A;N/A;N/A;N/A;N/A;N/A;N/A;N/A;N/A;N/A;N/A;N/A;N/A;N/A;N/A;N/A;N/A;N/A;N/A;N/A
Renault;Clio;"Renault Clio Authentique del 2011, motor 1.2";2011;"226000 km";;ROGA539213;5900;;;;;Florida;https://auto.mercadolibre.com.uy/MLU-705279448-renault-clio-_JM;N/A;;"Renault Clio";usd;Sí;free;false;N/A;N/A;http://perfil.mercadolibre.com.uy/ROGA539213;active;N/A;N/A;Usado;Violeta;N/A;Hidráulica;Delantera;N/A;N/A;N/A;N/A;N/A;N/A;N/A;N/A;N/A;N/A;N/A;N/A;N/A;N/A;N/A;N/A;N/A;N/A;N/A;N/A;N/A;N/A;N/A;N/A;N/A;"2472 mm";"1.2 L";"50 L";5;N/A;N/A;N/A;N/A;N/A;N/A;N/A;N/A;N/A;N/A;N/A;N/A;N/A;N/A;N/A;N/A;N/A;N/A;N/A;N/A;N/A;N/A;N/A;N/A;N/A;N/A;N/A;N/A;N/A;N/A;N/A;N/A;N/A;N/A;N/A;N/A;N/A;N/A;N/A;N/A;N/A;N/A;N/A;N/A;N/A;"1417 mm";"3813 mm";N/A;N/A;N/A;N/A;5;"75 hp";Authentique;N/A;4;"1639 mm";N/A;N/A;N/A;N/A;Sí;N/A;N/A;N/A;N/A;N/A;N/A;N/A;N/A;N/A;N/A;N/A;N/A;N/A;5;1.2;Nafta;Manual;Hatchback;"Autos y camionetas";N/A;N/A;N/A;N/A;N/A;N/A;UY;N/A;N/A;N/A;N/A;N/A;N/A;N/A;N/A;N/A;N/A;N/A;N/A;N/A;N/A;N/A;N/A;N/A;N/A;N/A;N/A;N/A;N/A;N/A;N/A;N/A;N/A;N/A;N/A;N/A;N/A;N/A;N/A;N/A;N/A;N/A;N/A;N/A;N/A;N/A;N/A;N/A;N/A;N/A;N/A;N/A;N/A;N/A;N/A;N/A;N/A;N/A;N/A;N/A;N/A;N/A;N/A;N/A;N/A;N/A;N/A;N/A;N/A;N/A;N/A;N/A;N/A;N/A;N/A;N/A;N/A;N/A;N/A;N/A;N/A;N/A;N/A;N/A;N/A;N/A;N/A;N/A;N/A;N/A;N/A;N/A;N/A;N/A;N/A;N/A;N/A;N/A;N/A;N/A;N/A;N/A;N/A;N/A;N/A;N/A;N/A;N/A;N/A;N/A;N/A;N/A;N/A;N/A;N/A;N/A;N/A;N/A;N/A;N/A;N/A;N/A
Renault;Oroch;Expression;2017;"118000 km";;BRRE8543558;15000;;;;;Cerrito;https://auto.mercadolibre.com.uy/MLU-704697160-renault-oroch-16-full-aire-direccion-vidrios-etc-correa-de-_JM;N/A;;"Renault Oroch 1.6 Full Aire Direccion Vidrios Etc Correa De";USD;Sí;free;false;N/A;N/A;http://perfil.mercadolibre.com.uy/BRRE8543558;active;N/A;N/A;Usado;Gris;Sí;Hidráulica;4x2;N/A;Sí;N/A;N/A;N/A;Sí;N/A;N/A;N/A;N/A;N/A;Sí;N/A;N/A;N/A;N/A;N/A;N/A;N/A;N/A;N/A;N/A;N/A;N/A;N/A;N/A;N/A;N/A;N/A;N/A;N/A;N/A;N/A;N/A;N/A;N/A;N/A;N/A;N/A;N/A;N/A;N/A;N/A;N/A;N/A;N/A;N/A;N/A;N/A;N/A;N/A;N/A;N/A;N/A;N/A;N/A;N/A;N/A;N/A;N/A;N/A;N/A;N/A;N/A;N/A;N/A;N/A;N/A;N/A;N/A;N/A;N/A;N/A;N/A;N/A;N/A;N/A;N/A;N/A;N/A;N/A;N/A;N/A;N/A;N/A;N/A;N/A;No;N/A;N/A;N/A;N/A;No;Sí;N/A;N/A;N/A;N/A;No;N/A;N/A;N/A;N/A;"24 hs";5;1.6;Nafta;Manual;Pick-Up;"Autos y camionetas";N/A;N/A;N/A;N/A;N/A;N/A;N/A;N/A;N/A;N/A;N/A;N/A;N/A;N/A;N/A;N/A;N/A;N/A;N/A;N/A;N/A;N/A;N/A;N/A;No;N/A;N/A;N/A;N/A;N/A;N/A;N/A;N/A;N/A;N/A;N/A;N/A;N/A;N/A;N/A;N/A;N/A;N/A;N/A;N/A;N/A;N/A;N/A;N/A;N/A;N/A;N/A;N/A;N/A;N/A;N/A;N/A;N/A;N/A;N/A;N/A;N/A;N/A;N/A;N/A;N/A;N/A;N/A;N/A;N/A;N/A;N/A;N/A;N/A;N/A;N/A;N/A;N/A;N/A;N/A;N/A;N/A;N/A;N/A;N/A;N/A;N/A;N/A;N/A;N/A;N/A;N/A;N/A;N/A;N/A;No;Sí;Sí;N/A;N/A;Sí;N/A;N/A;N/A;N/A;Sí;No;Sí;No;N/A;N/A;Sí;N/A;Sí;N/A;N/A;N/A;N/A;N/A;N/A;N/A;N/A
Renault;Symbol;"1.6 Expression Pack Ii 105cv";2011;"140000 km";;VALERIAOLIVARES_DRU;7900;;;;;Piriápolis;https://auto.mercadolibre.com.uy/MLU-704330234-renault-symbol-16-expression-pack-ii-105cv-_JM;N/A;;"Renault Symbol 1.6 Expression Pack Ii 105cv";usd;Sí;free;false;N/A;N/A;http://perfil.mercadolibre.com.uy/VALERIAOLIVARES_DRU;active;N/A;N/A;Usado;Plateado;N/A;Hidráulica;Delantera;N/A;N/A;Sí;N/A;N/A;N/A;N/A;N/A;N/A;N/A;N/A;N/A;N/A;N/A;N/A;N/A;N/A;N/A;N/A;N/A;N/A;N/A;N/A;N/A;N/A;"2473 mm";"1.6 L";"50 L";5;N/A;N/A;N/A;N/A;N/A;N/A;N/A;N/A;N/A;N/A;N/A;N/A;N/A;N/A;N/A;N/A;N/A;N/A;N/A;N/A;N/A;N/A;N/A;N/A;N/A;N/A;N/A;N/A;N/A;N/A;N/A;N/A;N/A;N/A;N/A;N/A;N/A;N/A;N/A;N/A;N/A;N/A;N/A;N/A;N/A;"1439 mm";"4261 mm";N/A;N/A;N/A;N/A;5;"105 hp";Expression;N/A;4;"1672 mm";N/A;N/A;N/A;N/A;N/A;N/A;N/A;Sí;N/A;N/A;N/A;N/A;N/A;N/A;N/A;N/A;N/A;9.00-24.00;4;1.6;Nafta;Manual;Sedán;"Autos y camionetas";N/A;N/A;N/A;N/A;N/A;N/A;UY;N/A;N/A;N/A;N/A;N/A;N/A;N/A;N/A;N/A;N/A;N/A;N/A;N/A;N/A;N/A;N/A;N/A;N/A;N/A;N/A;N/A;N/A;N/A;N/A;N/A;N/A;N/A;N/A;N/A;N/A;N/A;N/A;N/A;N/A;N/A;N/A;N/A;N/A;N/A;N/A;N/A;N/A;N/A;N/A;N/A;N/A;N/A;N/A;N/A;N/A;N/A;N/A;N/A;N/A;N/A;N/A;N/A;N/A;N/A;N/A;N/A;N/A;N/A;N/A;N/A;N/A;N/A;N/A;N/A;N/A;N/A;N/A;N/A;N/A;N/A;N/A;N/A;N/A;N/A;N/A;N/A;N/A;N/A;N/A;N/A;N/A;N/A;N/A;N/A;N/A;N/A;N/A;N/A;N/A;N/A;N/A;N/A;N/A;N/A;N/A;N/A;N/A;N/A;N/A;N/A;N/A;N/A;N/A;N/A;N/A;N/A;N/A;Sí;N/A;N/A
Renault;Kangoo;1.6;2014;"199447 km";;FERNANDEZFIORELA20220418200041;8500;;;;;N/A;https://auto.mercadolibre.com.uy/MLU-704276658-renault-kangoo-16-_JM;N/A;;"Renault Kangoo 1.6";USD;Sí;free;false;N/A;N/A;http://perfil.mercadolibre.com.uy/FERNANDEZFIORELA20220418200041;active;N/A;N/A;Usado;N/A;N/A;N/A;N/A;N/A;N/A;N/A;N/A;N/A;N/A;N/A;N/A;N/A;N/A;N/A;N/A;N/A;N/A;N/A;N/A;N/A;N/A;N/A;N/A;N/A;N/A;N/A;N/A;N/A;N/A;N/A;N/A;N/A;N/A;N/A;N/A;N/A;N/A;N/A;N/A;N/A;N/A;N/A;N/A;N/A;N/A;N/A;N/A;N/A;N/A;N/A;N/A;N/A;N/A;N/A;N/A;N/A;N/A;N/A;N/A;N/A;N/A;N/A;N/A;N/A;N/A;N/A;N/A;N/A;N/A;N/A;N/A;N/A;N/A;N/A;N/A;N/A;N/A;N/A;N/A;N/A;N/A;N/A;N/A;N/A;N/A;N/A;N/A;N/A;N/A;N/A;N/A;N/A;N/A;N/A;N/A;N/A;N/A;N/A;N/A;N/A;N/A;N/A;N/A;N/A;N/A;N/A;N/A;3;N/A;Nafta;N/A;N/A;"Autos y camionetas";N/A;N/A;N/A;N/A;N/A;N/A;N/A;N/A;N/A;N/A;N/A;N/A;N/A;N/A;N/A;N/A;N/A;N/A;N/A;N/A;N/A;N/A;N/A;N/A;N/A;N/A;N/A;N/A;N/A;N/A;N/A;N/A;N/A;N/A;N/A;N/A;N/A;N/A;N/A;N/A;N/A;N/A;N/A;N/A;N/A;N/A;N/A;N/A;N/A;N/A;N/A;N/A;N/A;N/A;N/A;N/A;N/A;N/A;N/A;N/A;N/A;N/A;N/A;N/A;N/A;N/A;N/A;N/A;N/A;N/A;N/A;N/A;N/A;N/A;N/A;N/A;N/A;N/A;N/A;N/A;N/A;N/A;N/A;N/A;N/A;N/A;N/A;N/A;N/A;N/A;N/A;N/A;N/A;N/A;N/A;N/A;N/A;N/A;N/A;N/A;N/A;N/A;N/A;N/A;N/A;N/A;N/A;N/A;N/A;N/A;N/A;N/A;N/A;N/A;N/A;N/A;N/A;N/A;N/A;N/A;N/A;N/A
Renault;Kwid;"1.0 Sce 66cv Zen";2020;"62000 km";;FEDEFARAL;10800;;;;;"Punta Gorda";https://auto.mercadolibre.com.uy/MLU-705252474-renault-kwid-10-sce-66cv-zen-_JM;N/A;;"Renault Kwid 1.0 Sce 66cv Zen";usd;Sí;free;false;N/A;N/A;http://perfil.mercadolibre.com.uy/FEDEFARAL;active;N/A;N/A;Usado;Blanco;Sí;Eléctrica;Delantera;N/A;N/A;Sí;N/A;N/A;N/A;N/A;N/A;N/A;N/A;N/A;N/A;N/A;N/A;N/A;N/A;N/A;N/A;N/A;N/A;N/A;N/A;N/A;N/A;N/A;"2423 mm";"1 L";"50 L";5;N/A;N/A;N/A;N/A;N/A;N/A;N/A;N/A;N/A;N/A;N/A;N/A;N/A;N/A;N/A;N/A;N/A;N/A;N/A;N/A;N/A;N/A;N/A;N/A;N/A;N/A;N/A;N/A;N/A;N/A;N/A;N/A;N/A;N/A;N/A;N/A;N/A;N/A;N/A;N/A;N/A;N/A;N/A;N/A;N/A;"1474 mm";"3680 mm";N/A;N/A;N/A;N/A;5;"66 hp";Zen;N/A;4;"1752 mm";N/A;N/A;N/A;N/A;N/A;N/A;N/A;N/A;N/A;N/A;N/A;N/A;N/A;N/A;N/A;N/A;N/A;"Respondo whatsapp durante el día";5;1.0;Nafta;Manual;Hatchback;"Autos y camionetas";N/A;N/A;N/A;N/A;N/A;N/A;UY;N/A;N/A;N/A;N/A;N/A;N/A;N/A;N/A;N/A;N/A;N/A;N/A;N/A;N/A;N/A;N/A;N/A;N/A;N/A;N/A;N/A;N/A;N/A;N/A;N/A;N/A;N/A;N/A;N/A;N/A;N/A;N/A;N/A;N/A;N/A;N/A;N/A;N/A;N/A;N/A;N/A;N/A;N/A;N/A;N/A;N/A;N/A;N/A;N/A;N/A;N/A;N/A;N/A;N/A;N/A;N/A;N/A;N/A;N/A;N/A;N/A;N/A;N/A;N/A;N/A;N/A;N/A;N/A;N/A;N/A;N/A;N/A;N/A;N/A;N/A;N/A;N/A;N/A;N/A;N/A;N/A;N/A;N/A;N/A;N/A;N/A;N/A;N/A;N/A;N/A;N/A;N/A;N/A;N/A;N/A;N/A;N/A;N/A;N/A;N/A;N/A;N/A;N/A;N/A;N/A;N/A;N/A;N/A;N/A;N/A;N/A;N/A;N/A;N/A;N/A
Renault;Kwid;"1.0 Sce 66cv Zen";2020;"104000 km";;RICHARDCESAR;10800;;;;;N/A;https://auto.mercadolibre.com.uy/MLU-703963492-renault-kwid-zen-_JM;N/A;;"Renault Kwid Zen";usd;Sí;free;false;N/A;N/A;http://perfil.mercadolibre.com.uy/RICHARDCESAR;active;N/A;N/A;Usado;Blanco;Sí;N/A;Delantera;Sí;Sí;Sí;N/A;N/A;N/A;N/A;N/A;N/A;N/A;N/A;N/A;Sí;N/A;Sí;N/A;N/A;N/A;N/A;N/A;N/A;N/A;N/A;N/A;N/A;"2423 mm";"1 L";"50 L";5;N/A;N/A;N/A;N/A;N/A;N/A;N/A;N/A;N/A;N/A;N/A;N/A;N/A;N/A;N/A;N/A;N/A;N/A;N/A;N/A;N/A;N/A;N/A;N/A;N/A;N/A;N/A;N/A;N/A;N/A;N/A;N/A;N/A;N/A;N/A;N/A;N/A;N/A;N/A;N/A;N/A;N/A;N/A;N/A;N/A;"1474 mm";"3680 mm";N/A;N/A;N/A;N/A;5;"66 hp";Zen;N/A;4;"1752 mm";N/A;No;N/A;N/A;N/A;N/A;Sí;Sí;N/A;N/A;N/A;N/A;N/A;N/A;N/A;N/A;N/A;"9 A 20";5;1.0;Nafta;Manual;Hatchback;"Autos y camionetas";N/A;N/A;N/A;N/A;N/A;N/A;UY;N/A;Sí;N/A;N/A;N/A;N/A;N/A;N/A;N/A;N/A;N/A;N/A;N/A;N/A;N/A;N/A;N/A;N/A;N/A;N/A;N/A;N/A;N/A;N/A;N/A;N/A;N/A;N/A;N/A;N/A;N/A;N/A;N/A;N/A;N/A;N/A;N/A;N/A;N/A;N/A;N/A;N/A;N/A;N/A;N/A;N/A;N/A;N/A;N/A;N/A;N/A;N/A;N/A;N/A;N/A;Sí;N/A;N/A;N/A;N/A;N/A;N/A;N/A;N/A;N/A;N/A;N/A;N/A;N/A;N/A;N/A;N/A;N/A;N/A;N/A;N/A;N/A;N/A;N/A;N/A;N/A;N/A;N/A;N/A;N/A;N/A;N/A;N/A;N/A;Sí;N/A;N/A;N/A;Sí;N/A;N/A;N/A;N/A;Sí;N/A;N/A;Sí;N/A;N/A;Sí;N/A;N/A;N/A;N/A;N/A;N/A;N/A;N/A;N/A;N/A
Renault;Megane;"1.6 Rt";1998;"180000 km";;QUEBARATOVENDO;8200;;;;;"La Blanqueada";https://auto.mercadolibre.com.uy/MLU-706235246-renault-megane-16-rt-_JM;N/A;;"Renault Megane 1.6 Rt";usd;No;free;false;N/A;N/A;http://perfil.mercadolibre.com.uy/QUEBARATOVENDO;active;N/A;N/A;Usado;Amarillo;No;Hidráulica;Delantera;Sí;Sí;N/A;N/A;N/A;Sí;N/A;N/A;N/A;N/A;N/A;N/A;Sí;N/A;Sí;N/A;N/A;N/A;N/A;N/A;N/A;N/A;N/A;N/A;N/A;"2686 mm";"1.6 L";"60 L";5;N/A;N/A;N/A;N/A;N/A;N/A;N/A;N/A;N/A;N/A;N/A;N/A;N/A;N/A;N/A;N/A;N/A;N/A;N/A;N/A;N/A;N/A;N/A;N/A;N/A;N/A;N/A;N/A;N/A;N/A;N/A;N/A;N/A;N/A;N/A;N/A;N/A;N/A;N/A;N/A;N/A;N/A;N/A;N/A;N/A;"1435 mm";"4164 mm";N/A;N/A;N/A;N/A;5;"100 hp";Rt;N/A;4;"1777 mm";N/A;N/A;N/A;N/A;Sí;N/A;Sí;Sí;N/A;N/A;N/A;N/A;N/A;Sí;N/A;N/A;Sí;N/A;5;1.6;Nafta;Manual;Hatchback;"Autos y camionetas";N/A;N/A;N/A;N/A;N/A;N/A;UY;N/A;N/A;N/A;N/A;N/A;N/A;N/A;N/A;N/A;N/A;N/A;N/A;N/A;N/A;N/A;N/A;N/A;N/A;N/A;N/A;N/A;N/A;N/A;N/A;N/A;N/A;N/A;N/A;N/A;N/A;N/A;N/A;N/A;N/A;N/A;N/A;N/A;N/A;N/A;N/A;N/A;N/A;N/A;N/A;N/A;N/A;N/A;N/A;N/A;N/A;N/A;N/A;N/A;N/A;N/A;N/A;N/A;N/A;N/A;N/A;N/A;N/A;N/A;N/A;N/A;N/A;N/A;N/A;N/A;N/A;N/A;N/A;N/A;N/A;N/A;N/A;N/A;N/A;N/A;N/A;N/A;N/A;N/A;N/A;N/A;N/A;N/A;N/A;Sí;N/A;Sí;Sí;N/A;N/A;N/A;N/A;N/A;N/A;N/A;N/A;Sí;Sí;N/A;N/A;N/A;N/A;Sí;Sí;Sí;Sí;Sí;N/A;Sí;N/A;Sí
Renault;"Sandero Stepway";"1.6 Privilege 105cv";2019;"73000 km";;VIAU1005;15500;;;;;"Colonia del Sacramento";https://auto.mercadolibre.com.uy/MLU-703963340-renault-sandero-stepway-16-privilege-105cv-_JM;N/A;;"Renault Sandero Stepway 1.6 Privilege 105cv";usd;Sí;free;false;N/A;N/A;http://perfil.mercadolibre.com.uy/VIAU1005;active;N/A;N/A;Usado;Gris;No;Hidráulica;Delantera;N/A;Sí;Sí;N/A;N/A;No;N/A;N/A;N/A;N/A;N/A;Sí;N/A;N/A;N/A;N/A;N/A;N/A;N/A;N/A;N/A;N/A;N/A;N/A;N/A;"2590 mm";"1.6 L";"50 L";5;N/A;N/A;N/A;N/A;N/A;N/A;N/A;N/A;N/A;N/A;N/A;N/A;N/A;N/A;N/A;N/A;N/A;N/A;N/A;N/A;N/A;N/A;N/A;N/A;N/A;N/A;N/A;N/A;N/A;N/A;N/A;N/A;N/A;N/A;N/A;N/A;N/A;N/A;N/A;N/A;N/A;N/A;N/A;N/A;N/A;"1559 mm";"4066 mm";N/A;N/A;N/A;N/A;5;"105 hp";Privilege;N/A;4;"1761 mm";"9.3 km/l";Sí;N/A;N/A;N/A;N/A;Sí;Sí;N/A;N/A;N/A;"5.9 km/l";N/A;N/A;N/A;N/A;N/A;N/A;5;1.6;Nafta;Manual;Hatchback;"Autos y camionetas";N/A;N/A;N/A;N/A;N/A;N/A;UY;N/A;N/A;N/A;N/A;N/A;N/A;N/A;N/A;N/A;N/A;N/A;N/A;N/A;N/A;N/A;N/A;N/A;Sí;N/A;N/A;N/A;N/A;N/A;N/A;N/A;N/A;N/A;N/A;N/A;N/A;N/A;N/A;N/A;N/A;N/A;N/A;N/A;N/A;N/A;N/A;N/A;N/A;N/A;N/A;N/A;N/A;N/A;N/A;N/A;N/A;N/A;N/A;N/A;N/A;N/A;N/A;N/A;N/A;N/A;N/A;N/A;N/A;N/A;N/A;N/A;N/A;N/A;N/A;N/A;N/A;N/A;N/A;N/A;N/A;N/A;N/A;N/A;N/A;N/A;N/A;N/A;N/A;N/A;N/A;N/A;N/A;N/A;N/A;No;Sí;Sí;N/A;N/A;Sí;N/A;N/A;N/A;N/A;Sí;No;No;Sí;N/A;N/A;Sí;N/A;Sí;N/A;N/A;N/A;N/A;N/A;N/A;N/A;N/A
Renault;"Sandero Stepway";"1.6 Privilege 105cv";2015;"134000 km";;ALSE636266;10800;;;;;Florida;https://auto.mercadolibre.com.uy/MLU-703858420-renault-sandero-stepway-privilege-16-2015-_JM;N/A;;"Renault Sandero Stepway Privilege 1.6 2015";usd;Sí;free;false;N/A;N/A;http://perfil.mercadolibre.com.uy/ALSE636266;active;N/A;N/A;Usado;Gris;N/A;Hidráulica;Delantera;N/A;N/A;Sí;N/A;N/A;N/A;N/A;N/A;N/A;N/A;N/A;N/A;N/A;N/A;N/A;N/A;N/A;N/A;N/A;N/A;N/A;N/A;N/A;N/A;N/A;"2590 mm";"1.6 L";"50 L";5;N/A;N/A;N/A;N/A;N/A;N/A;N/A;N/A;N/A;N/A;N/A;N/A;N/A;N/A;N/A;N/A;N/A;N/A;N/A;N/A;N/A;N/A;N/A;N/A;N/A;N/A;N/A;N/A;N/A;N/A;N/A;N/A;N/A;Sí;Sí;Sí;N/A;N/A;N/A;N/A;N/A;N/A;N/A;N/A;N/A;"1559 mm";"4066 mm";N/A;N/A;N/A;N/A;5;"105 hp";Privilege;N/A;4;"1761 mm";"9.3 km/l";Sí;N/A;N/A;N/A;N/A;N/A;Sí;N/A;N/A;N/A;"5.9 km/l";N/A;N/A;N/A;N/A;N/A;N/A;5;1.6;Nafta;Manual;Hatchback;"Autos y camionetas";N/A;N/A;N/A;N/A;N/A;N/A;UY;N/A;N/A;N/A;N/A;N/A;N/A;N/A;N/A;N/A;N/A;N/A;N/A;N/A;N/A;N/A;N/A;N/A;N/A;N/A;N/A;N/A;N/A;N/A;N/A;N/A;N/A;N/A;N/A;N/A;N/A;N/A;N/A;N/A;N/A;N/A;N/A;N/A;N/A;N/A;N/A;N/A;N/A;N/A;N/A;N/A;N/A;N/A;N/A;N/A;N/A;N/A;N/A;N/A;N/A;N/A;N/A;N/A;N/A;N/A;N/A;N/A;N/A;N/A;N/A;N/A;N/A;N/A;N/A;N/A;N/A;N/A;N/A;N/A;N/A;N/A;N/A;N/A;N/A;N/A;N/A;N/A;N/A;N/A;N/A;N/A;N/A;N/A;N/A;N/A;N/A;N/A;N/A;N/A;N/A;N/A;N/A;N/A;N/A;N/A;N/A;N/A;N/A;N/A;N/A;N/A;N/A;N/A;N/A;N/A;N/A;N/A;N/A;N/A;N/A;N/A
Renault;Kwid;"1.0 Sce 66cv Intense";2024;"8000 km";;MARTNBAT;13490;;;;;Salto;https://auto.mercadolibre.com.uy/MLU-703862366-renault-kwid-2024-10-sce-66cv-intense-_JM;N/A;;"Renault Kwid 2024 1.0 Sce 66cv Intense";usd;Sí;free;false;N/A;N/A;http://perfil.mercadolibre.com.uy/MARTNBAT;active;N/A;N/A;Usado;Gris;N/A;N/A;Delantera;N/A;N/A;Sí;N/A;N/A;N/A;N/A;N/A;N/A;N/A;N/A;N/A;N/A;N/A;N/A;N/A;N/A;N/A;N/A;N/A;N/A;N/A;N/A;N/A;N/A;"2423 mm";"1 L";"50 L";5;N/A;N/A;N/A;N/A;N/A;N/A;N/A;N/A;N/A;N/A;N/A;N/A;N/A;N/A;N/A;N/A;N/A;N/A;N/A;N/A;N/A;N/A;N/A;N/A;N/A;N/A;N/A;N/A;N/A;N/A;N/A;N/A;N/A;N/A;N/A;N/A;N/A;N/A;N/A;N/A;N/A;N/A;N/A;N/A;N/A;"1474 mm";"3680 mm";N/A;N/A;N/A;N/A;5;"66 hp";Intense;N/A;4;"1752 mm";N/A;N/A;N/A;N/A;N/A;N/A;N/A;N/A;N/A;N/A;N/A;N/A;N/A;N/A;N/A;N/A;N/A;N/A;5;1.0;Nafta;Manual;Hatchback;"Autos y camionetas";N/A;N/A;N/A;N/A;N/A;N/A;UY;N/A;N/A;N/A;N/A;N/A;N/A;N/A;N/A;N/A;N/A;N/A;N/A;N/A;N/A;N/A;N/A;N/A;N/A;N/A;N/A;N/A;N/A;N/A;N/A;N/A;N/A;N/A;N/A;N/A;N/A;N/A;N/A;N/A;N/A;N/A;N/A;N/A;N/A;N/A;N/A;N/A;N/A;N/A;N/A;N/A;N/A;N/A;N/A;N/A;N/A;N/A;N/A;N/A;N/A;N/A;N/A;N/A;N/A;N/A;N/A;N/A;N/A;N/A;N/A;N/A;N/A;N/A;N/A;N/A;N/A;N/A;N/A;N/A;N/A;N/A;N/A;N/A;N/A;N/A;N/A;N/A;N/A;N/A;N/A;N/A;N/A;N/A;N/A;N/A;N/A;N/A;N/A;N/A;N/A;N/A;N/A;N/A;N/A;N/A;N/A;N/A;N/A;N/A;N/A;N/A;N/A;N/A;N/A;N/A;N/A;N/A;N/A;N/A;N/A;N/A
Renault;"Kangoo Express";"1.9 Ex. Rld Confort";2007;"287500 km";;DIEGO_FERNANDEZ_84;6500;;;;;"San Carlos";https://auto.mercadolibre.com.uy/MLU-647393945-renault-kangoo-express-19-ex-rld-confort-_JM;N/A;;"Renault Kangoo Express 1.9 Ex. Rld Confort";usd;No;free;false;N/A;N/A;http://perfil.mercadolibre.com.uy/DIEGO_FERNANDEZ_84;active;N/A;N/A;Usado;Blanco;No;Hidráulica;Delantera;Sí;N/A;N/A;N/A;N/A;N/A;N/A;N/A;N/A;N/A;N/A;N/A;N/A;N/A;N/A;N/A;N/A;N/A;N/A;N/A;N/A;N/A;N/A;N/A;N/A;"2600 mm";"1.9 L";"52 L";5;N/A;N/A;N/A;N/A;N/A;N/A;N/A;N/A;N/A;N/A;N/A;N/A;N/A;N/A;N/A;N/A;N/A;N/A;N/A;N/A;N/A;N/A;N/A;N/A;N/A;N/A;N/A;N/A;N/A;N/A;N/A;N/A;N/A;N/A;N/A;N/A;N/A;N/A;N/A;N/A;N/A;N/A;N/A;N/A;N/A;"1860 mm";"3995 mm";N/A;N/A;N/A;N/A;2;"65 hp";Confort;N/A;2;"1672 mm";N/A;N/A;N/A;N/A;N/A;N/A;N/A;N/A;N/A;N/A;N/A;N/A;N/A;N/A;N/A;N/A;N/A;N/A;3;1.9;Diésel;Manual;Furgón;"Autos y camionetas";N/A;N/A;N/A;N/A;N/A;N/A;UY;N/A;N/A;N/A;N/A;N/A;N/A;N/A;N/A;N/A;N/A;N/A;N/A;N/A;N/A;N/A;N/A;N/A;N/A;N/A;N/A;N/A;N/A;N/A;N/A;N/A;N/A;N/A;N/A;N/A;N/A;N/A;N/A;N/A;N/A;N/A;N/A;N/A;N/A;N/A;N/A;N/A;N/A;N/A;N/A;N/A;N/A;N/A;N/A;N/A;N/A;N/A;N/A;N/A;N/A;N/A;N/A;N/A;N/A;N/A;N/A;N/A;N/A;N/A;N/A;N/A;N/A;N/A;N/A;N/A;N/A;N/A;N/A;N/A;N/A;N/A;N/A;N/A;N/A;N/A;N/A;N/A;N/A;N/A;N/A;N/A;N/A;N/A;N/A;N/A;N/A;N/A;N/A;N/A;N/A;N/A;N/A;N/A;N/A;N/A;N/A;N/A;N/A;N/A;N/A;N/A;N/A;N/A;N/A;N/A;N/A;N/A;N/A;N/A;N/A;N/A
Renault;Clio;"1.4 Rsi";1996;"309000 km";;ELTINCHOVENDE;4200;;;;;"Punta Gorda";https://auto.mercadolibre.com.uy/MLU-703962982-renault-clio-1996-14-s-_JM;N/A;;"Renault Clio 1996 1.4 S";usd;No;free;false;N/A;N/A;http://perfil.mercadolibre.com.uy/ELTINCHOVENDE;active;N/A;N/A;Usado;Blanco;N/A;Hidráulica;Delantera;No;N/A;N/A;N/A;N/A;N/A;N/A;N/A;No;N/A;N/A;N/A;Sí;N/A;No;N/A;N/A;N/A;N/A;N/A;N/A;N/A;N/A;N/A;N/A;"2472 mm";"1.4 L";"50 L";5;N/A;N/A;N/A;N/A;N/A;No;N/A;N/A;N/A;N/A;N/A;N/A;N/A;N/A;N/A;N/A;N/A;N/A;N/A;N/A;N/A;N/A;N/A;N/A;N/A;N/A;N/A;N/A;N/A;N/A;N/A;N/A;N/A;N/A;N/A;N/A;N/A;N/A;N/A;N/A;N/A;N/A;N/A;N/A;N/A;"1417 mm";"3813 mm";N/A;N/A;N/A;N/A;5;"75 hp";Rsi;N/A;2;"1639 mm";"7 km/l";No;N/A;Sí;No;N/A;No;No;N/A;No;N/A;"5 km/l";N/A;Sí;N/A;N/A;N/A;N/A;3;1.4;Nafta;Manual;Hatchback;"Autos y camionetas";N/A;N/A;N/A;N/A;N/A;N/A;UY;N/A;N/A;N/A;N/A;N/A;N/A;N/A;N/A;N/A;N/A;N/A;N/A;N/A;N/A;N/A;N/A;N/A;N/A;N/A;N/A;N/A;N/A;N/A;N/A;N/A;N/A;N/A;N/A;N/A;N/A;N/A;N/A;N/A;N/A;N/A;N/A;N/A;N/A;N/A;N/A;N/A;N/A;N/A;N/A;N/A;N/A;N/A;N/A;N/A;N/A;N/A;N/A;N/A;N/A;N/A;N/A;N/A;N/A;N/A;N/A;N/A;N/A;N/A;N/A;N/A;N/A;N/A;N/A;N/A;N/A;N/A;N/A;N/A;N/A;N/A;N/A;N/A;N/A;N/A;N/A;N/A;N/A;N/A;N/A;N/A;N/A;N/A;N/A;N/A;N/A;N/A;No;N/A;N/A;N/A;N/A;N/A;N/A;N/A;N/A;N/A;N/A;N/A;N/A;N/A;No;N/A;Sí;Sí;No;Sí;No;N/A;N/A;N/A
Renault;"Sandero Stepway";"1.6 Privilege 105cv";2017;"169700 km";;EDUARDOMARTINEZ959;12500;;;;;Canelones;https://auto.mercadolibre.com.uy/MLU-706150866-renault-sandero-stepway-16-privilege-105cv-_JM;N/A;;"Renault Sandero Stepway 1.6 Privilege 105cv";usd;Sí;free;false;N/A;N/A;http://perfil.mercadolibre.com.uy/EDUARDOMARTINEZ959;active;N/A;N/A;Usado;Blanco;No;Hidráulica;Delantera;N/A;N/A;Sí;N/A;N/A;N/A;N/A;N/A;N/A;N/A;N/A;N/A;N/A;N/A;N/A;N/A;N/A;N/A;N/A;N/A;N/A;N/A;N/A;N/A;N/A;"2590 mm";"1.6 L";"50 L";5;N/A;N/A;N/A;N/A;N/A;N/A;N/A;N/A;N/A;N/A;N/A;N/A;N/A;N/A;N/A;N/A;N/A;N/A;N/A;N/A;N/A;N/A;N/A;N/A;N/A;N/A;N/A;N/A;N/A;N/A;N/A;N/A;N/A;N/A;N/A;N/A;N/A;N/A;N/A;N/A;N/A;N/A;N/A;N/A;N/A;"1559 mm";"4066 mm";N/A;N/A;N/A;N/A;5;"105 hp";Privilege;N/A;4;"1761 mm";"9.3 km/l";Sí;N/A;N/A;N/A;N/A;N/A;Sí;N/A;N/A;N/A;"5.9 km/l";N/A;N/A;N/A;N/A;N/A;N/A;5;1.6;Nafta;Manual;Hatchback;"Autos y camionetas";N/A;N/A;N/A;N/A;N/A;N/A;UY;N/A;N/A;N/A;N/A;N/A;N/A;N/A;N/A;N/A;N/A;N/A;N/A;N/A;N/A;N/A;N/A;N/A;N/A;N/A;N/A;N/A;N/A;N/A;N/A;N/A;N/A;N/A;N/A;N/A;N/A;N/A;N/A;N/A;N/A;N/A;N/A;N/A;N/A;N/A;N/A;N/A;N/A;N/A;N/A;N/A;N/A;N/A;N/A;N/A;N/A;N/A;N/A;N/A;N/A;N/A;N/A;N/A;N/A;N/A;N/A;N/A;N/A;N/A;N/A;N/A;N/A;N/A;N/A;N/A;N/A;N/A;N/A;N/A;N/A;N/A;N/A;N/A;N/A;N/A;N/A;N/A;N/A;N/A;N/A;N/A;N/A;N/A;N/A;N/A;N/A;N/A;N/A;N/A;N/A;N/A;N/A;N/A;N/A;N/A;N/A;N/A;N/A;N/A;N/A;N/A;N/A;N/A;N/A;N/A;N/A;N/A;N/A;N/A;N/A;N/A
Renault;"Sandero Stepway";"1.6 Luxe 105cv";2012;"168000 km";;CANI9269917;9800;;;;;"La Paz";https://auto.mercadolibre.com.uy/MLU-647362693-renault-sandero-stepway-2012-16-luxe-105cv-_JM;N/A;;"Renault Sandero Stepway 2012 1.6 Luxe 105cv";usd;Sí;free;false;N/A;N/A;http://perfil.mercadolibre.com.uy/CANI9269917;active;N/A;N/A;Usado;N/A;N/A;Hidráulica;Delantera;N/A;N/A;Sí;N/A;N/A;N/A;N/A;N/A;N/A;N/A;N/A;N/A;N/A;N/A;N/A;N/A;N/A;N/A;N/A;N/A;N/A;N/A;N/A;N/A;N/A;"2588 mm";"1.6 L";"50 L";5;N/A;N/A;N/A;N/A;N/A;N/A;N/A;N/A;N/A;N/A;N/A;N/A;N/A;N/A;N/A;N/A;N/A;N/A;N/A;N/A;N/A;N/A;N/A;N/A;N/A;N/A;N/A;N/A;N/A;N/A;N/A;N/A;N/A;N/A;N/A;N/A;N/A;N/A;N/A;N/A;N/A;N/A;N/A;N/A;N/A;"1630 mm";"4091 mm";N/A;N/A;N/A;N/A;5;"105 hp";Luxe;N/A;4;"1751 mm";"9.3 km/l";N/A;N/A;N/A;N/A;N/A;N/A;Sí;N/A;N/A;N/A;"5.9 km/l";N/A;N/A;N/A;N/A;N/A;N/A;5;1.6;Nafta;Manual;Hatchback;"Autos y camionetas";N/A;N/A;N/A;N/A;N/A;N/A;UY;N/A;N/A;N/A;N/A;N/A;N/A;N/A;N/A;N/A;N/A;N/A;N/A;N/A;N/A;N/A;N/A;N/A;N/A;N/A;N/A;N/A;N/A;N/A;N/A;N/A;N/A;N/A;N/A;N/A;N/A;N/A;N/A;N/A;N/A;N/A;N/A;N/A;N/A;N/A;N/A;N/A;N/A;N/A;N/A;N/A;N/A;N/A;N/A;N/A;N/A;N/A;N/A;N/A;N/A;N/A;N/A;N/A;N/A;N/A;N/A;N/A;N/A;N/A;N/A;N/A;N/A;N/A;N/A;N/A;N/A;N/A;N/A;N/A;N/A;N/A;N/A;N/A;N/A;N/A;N/A;N/A;N/A;N/A;N/A;N/A;N/A;N/A;N/A;N/A;N/A;N/A;N/A;N/A;N/A;N/A;N/A;N/A;N/A;N/A;N/A;N/A;N/A;N/A;N/A;N/A;Sí;N/A;N/A;N/A;N/A;N/A;N/A;Sí;N/A;N/A
Renault;Sandero;"1.6 Privilege 105cv";2018;"43500 km";;NICOLASKICELIAN;13900;;;;;Atlántida;https://auto.mercadolibre.com.uy/MLU-647535711-renault-sandero-16-privilege-_JM;N/A;;"Renault Sandero 1.6 Privilege";usd;Sí;free;false;N/A;N/A;http://perfil.mercadolibre.com.uy/NICOLASKICELIAN;active;N/A;N/A;Usado;Blanco;N/A;Hidráulica;Delantera;Sí;Sí;Sí;N/A;N/A;Sí;N/A;N/A;N/A;N/A;N/A;Sí;Sí;N/A;N/A;N/A;N/A;N/A;N/A;N/A;N/A;N/A;N/A;N/A;N/A;"2590 mm";"1.6 L";"50 L";5;N/A;N/A;N/A;N/A;N/A;N/A;N/A;N/A;N/A;N/A;N/A;N/A;N/A;N/A;N/A;N/A;N/A;N/A;N/A;N/A;N/A;N/A;N/A;N/A;N/A;N/A;N/A;N/A;N/A;N/A;N/A;N/A;N/A;N/A;N/A;N/A;N/A;N/A;N/A;N/A;N/A;N/A;N/A;N/A;N/A;"1536 mm";"4060 mm";N/A;N/A;N/A;N/A;5;"105 hp";Privilege;N/A;4;"1733 mm";"9.5 km/l";Sí;N/A;N/A;Sí;N/A;Sí;N/A;N/A;N/A;N/A;"5.7 km/l";N/A;N/A;N/A;N/A;N/A;N/A;5;1.6;Nafta;Manual;Hatchback;"Autos y camionetas";N/A;N/A;N/A;N/A;N/A;N/A;UY;N/A;N/A;N/A;N/A;N/A;N/A;N/A;N/A;N/A;N/A;N/A;N/A;N/A;N/A;N/A;N/A;N/A;N/A;N/A;N/A;N/A;N/A;N/A;N/A;N/A;N/A;N/A;N/A;N/A;N/A;N/A;N/A;N/A;N/A;N/A;N/A;N/A;N/A;N/A;N/A;N/A;N/A;N/A;N/A;N/A;N/A;N/A;N/A;N/A;N/A;N/A;N/A;N/A;N/A;N/A;N/A;N/A;N/A;N/A;N/A;N/A;N/A;N/A;N/A;N/A;N/A;N/A;N/A;N/A;N/A;N/A;N/A;N/A;N/A;N/A;N/A;N/A;N/A;N/A;N/A;N/A;N/A;N/A;N/A;N/A;N/A;N/A;N/A;N/A;N/A;Sí;Sí;N/A;Sí;N/A;N/A;N/A;N/A;Sí;N/A;N/A;Sí;N/A;N/A;N/A;Sí;Sí;Sí;N/A;Sí;Sí;N/A;N/A;N/A;N/A
Renault;Kwid;"1.0 Sce 66cv Zen";2021;"60000 km";;VERDIRROJO;10990;;;;;"Jacinto Vera";https://auto.mercadolibre.com.uy/MLU-705258900-renault-kwid-10-sce-66cv-zen-_JM;N/A;;"Renault Kwid 1.0 Sce 66cv Zen";usd;Sí;free;false;N/A;N/A;http://perfil.mercadolibre.com.uy/VERDIRROJO;active;N/A;N/A;Usado;Naranja;Sí;Hidráulica;Delantera;N/A;Sí;Sí;N/A;N/A;N/A;N/A;N/A;N/A;N/A;N/A;Sí;N/A;N/A;N/A;N/A;N/A;N/A;N/A;N/A;N/A;N/A;N/A;N/A;N/A;"2423 mm";"1 L";"50 L";5;N/A;N/A;N/A;N/A;N/A;N/A;N/A;N/A;N/A;N/A;N/A;N/A;N/A;N/A;N/A;N/A;N/A;N/A;N/A;N/A;N/A;N/A;N/A;N/A;N/A;N/A;N/A;N/A;N/A;N/A;N/A;N/A;N/A;N/A;N/A;N/A;N/A;N/A;N/A;N/A;N/A;N/A;N/A;N/A;N/A;"1474 mm";"3680 mm";N/A;N/A;N/A;N/A;5;"66 hp";Zen;N/A;4;"1752 mm";N/A;N/A;N/A;N/A;N/A;N/A;Sí;Sí;N/A;N/A;N/A;N/A;N/A;N/A;N/A;N/A;N/A;N/A;5;1.0;Nafta;Manual;Hatchback;"Autos y camionetas";N/A;N/A;N/A;N/A;N/A;N/A;UY;N/A;N/A;N/A;N/A;N/A;N/A;N/A;N/A;N/A;N/A;N/A;N/A;N/A;N/A;N/A;N/A;N/A;N/A;N/A;N/A;N/A;N/A;N/A;N/A;N/A;N/A;N/A;N/A;N/A;N/A;N/A;N/A;N/A;N/A;N/A;N/A;N/A;N/A;N/A;N/A;N/A;N/A;N/A;N/A;N/A;N/A;N/A;N/A;N/A;N/A;N/A;N/A;N/A;N/A;N/A;N/A;N/A;N/A;N/A;N/A;N/A;N/A;N/A;N/A;N/A;N/A;N/A;N/A;N/A;N/A;N/A;N/A;N/A;N/A;N/A;N/A;N/A;N/A;N/A;N/A;N/A;N/A;N/A;N/A;N/A;N/A;N/A;N/A;N/A;Sí;Sí;N/A;N/A;Sí;N/A;N/A;N/A;N/A;Sí;N/A;N/A;Sí;N/A;N/A;N/A;N/A;N/A;N/A;N/A;N/A;N/A;N/A;N/A;N/A;N/A
Renault;Sandero;"1.0 Life";2021;"200000 km";;ALAL7985989;8900;;;;;Pocitos;https://auto.mercadolibre.com.uy/MLU-705970378-renault-sandero-2021-10-life-_JM;N/A;;"Renault Sandero 2021 1.0 Life";usd;Sí;free;false;N/A;N/A;http://perfil.mercadolibre.com.uy/ALAL7985989;active;N/A;N/A;Usado;N/A;N/A;Hidráulica;Delantera;N/A;N/A;Sí;N/A;N/A;N/A;N/A;N/A;N/A;N/A;N/A;N/A;N/A;N/A;N/A;N/A;N/A;N/A;N/A;N/A;N/A;N/A;N/A;N/A;N/A;"2590 mm";"1 L";"50 L";5;N/A;N/A;N/A;N/A;N/A;N/A;N/A;N/A;N/A;N/A;N/A;N/A;N/A;N/A;N/A;N/A;N/A;N/A;N/A;N/A;N/A;N/A;N/A;N/A;N/A;N/A;N/A;N/A;N/A;N/A;N/A;N/A;N/A;Sí;Sí;Sí;N/A;N/A;N/A;N/A;N/A;N/A;N/A;N/A;N/A;"1559 mm";"4066 mm";N/A;N/A;N/A;N/A;5;"66 hp";Life;N/A;4;"1761 mm";"9.3 km/l";Sí;N/A;N/A;N/A;N/A;N/A;Sí;N/A;N/A;N/A;"5.9 km/l";N/A;N/A;N/A;N/A;N/A;N/A;5;1.0;Nafta;Manual;Hatchback;"Autos y camionetas";N/A;N/A;N/A;N/A;N/A;N/A;UY;N/A;N/A;N/A;N/A;N/A;N/A;N/A;N/A;N/A;N/A;N/A;N/A;N/A;N/A;N/A;N/A;N/A;N/A;N/A;N/A;N/A;N/A;N/A;N/A;N/A;N/A;N/A;N/A;N/A;N/A;N/A;N/A;N/A;N/A;N/A;N/A;N/A;N/A;N/A;N/A;N/A;N/A;N/A;N/A;N/A;N/A;N/A;N/A;N/A;N/A;N/A;N/A;N/A;N/A;N/A;N/A;N/A;N/A;N/A;N/A;N/A;N/A;N/A;N/A;N/A;N/A;N/A;N/A;N/A;N/A;N/A;N/A;N/A;N/A;N/A;N/A;N/A;N/A;N/A;N/A;N/A;N/A;N/A;N/A;N/A;N/A;N/A;N/A;N/A;N/A;N/A;N/A;N/A;N/A;N/A;N/A;N/A;N/A;N/A;N/A;N/A;N/A;N/A;N/A;N/A;N/A;N/A;N/A;N/A;N/A;N/A;N/A;N/A;N/A;N/A
Renault;Symbol;"1.6 Authentique Pack Ii 105cv";2011;"155000 km";;RICHARDGARCIA.;8800;;;;;Tala;https://auto.mercadolibre.com.uy/MLU-703900020-renault-symbol-2011-16-authentique-pack-ii-105cv-_JM;N/A;;"Renault Symbol 2011 1.6 Authentique Pack Ii 105cv";usd;Sí;free;false;N/A;N/A;http://perfil.mercadolibre.com.uy/RICHARDGARCIA.;active;N/A;N/A;Usado;N/A;N/A;Hidráulica;Delantera;N/A;N/A;N/A;N/A;N/A;N/A;N/A;N/A;N/A;N/A;N/A;Sí;Sí;N/A;N/A;N/A;N/A;N/A;N/A;N/A;N/A;N/A;N/A;N/A;N/A;"2473 mm";"1598 cc";"50 L";5;N/A;N/A;N/A;N/A;N/A;N/A;N/A;N/A;N/A;N/A;N/A;N/A;N/A;N/A;N/A;N/A;N/A;N/A;N/A;N/A;N/A;N/A;N/A;N/A;N/A;N/A;N/A;N/A;N/A;N/A;N/A;N/A;N/A;N/A;N/A;N/A;N/A;N/A;N/A;N/A;N/A;N/A;N/A;N/A;N/A;"1439 mm";"4261 mm";N/A;N/A;N/A;N/A;5;"105 hp";Authentique;N/A;4;"1672 mm";N/A;N/A;N/A;N/A;Sí;N/A;N/A;N/A;N/A;N/A;N/A;N/A;N/A;N/A;N/A;N/A;N/A;N/A;4;1.6;Nafta;Manual;Sedán;"Autos y camionetas";N/A;N/A;N/A;N/A;N/A;N/A;UY;N/A;N/A;N/A;N/A;N/A;N/A;N/A;N/A;N/A;N/A;N/A;N/A;N/A;N/A;N/A;N/A;N/A;N/A;N/A;N/A;N/A;N/A;N/A;N/A;N/A;N/A;N/A;N/A;N/A;N/A;N/A;N/A;N/A;N/A;N/A;N/A;N/A;N/A;N/A;N/A;N/A;N/A;N/A;N/A;N/A;N/A;N/A;N/A;N/A;N/A;N/A;N/A;N/A;N/A;N/A;N/A;N/A;N/A;N/A;N/A;N/A;N/A;N/A;N/A;N/A;N/A;N/A;N/A;N/A;N/A;N/A;N/A;N/A;N/A;N/A;N/A;N/A;N/A;N/A;N/A;N/A;N/A;N/A;N/A;N/A;N/A;N/A;N/A;N/A;N/A;N/A;N/A;N/A;N/A;N/A;N/A;N/A;N/A;N/A;N/A;N/A;N/A;N/A;N/A;N/A;N/A;N/A;N/A;N/A;N/A;N/A;N/A;Sí;N/A;N/A
Renault;Kangoo;"1.6 2 Confort 5as Aa Da Svt 1plc";2012;"129200 km";;BAZALDOWALTER20220528113016;9000;;;;;Salto;https://auto.mercadolibre.com.uy/MLU-706193072-renault-kangoo-16-2-confort-5as-aa-da-svt-1plc-_JM;N/A;;"Renault Kangoo 1.6 2 Confort 5as Aa Da Svt 1plc";usd;Sí;free;false;N/A;N/A;http://perfil.mercadolibre.com.uy/BAZALDOWALTER20220528113016;active;N/A;N/A;Usado;Blanco;No;Hidráulica;Delantera;Sí;N/A;N/A;N/A;N/A;Sí;N/A;N/A;N/A;N/A;N/A;Sí;Sí;N/A;N/A;N/A;N/A;N/A;N/A;N/A;N/A;N/A;N/A;N/A;N/A;"2600 mm";"1.6 L";"52 L";5;N/A;N/A;N/A;N/A;N/A;Sí;N/A;N/A;N/A;N/A;N/A;N/A;N/A;N/A;N/A;N/A;N/A;N/A;N/A;N/A;N/A;N/A;N/A;N/A;N/A;N/A;N/A;N/A;N/A;N/A;N/A;N/A;N/A;No;N/A;N/A;N/A;N/A;N/A;N/A;N/A;N/A;N/A;N/A;N/A;"1860 mm";"4010 mm";N/A;N/A;N/A;N/A;2;"95 hp";Confort;N/A;4;"1672 mm";"11.09 km/l";N/A;N/A;Sí;N/A;N/A;N/A;N/A;N/A;N/A;N/A;N/A;N/A;N/A;N/A;N/A;N/A;"De lunes a domingo las 24 horas";3;1.6;Nafta;Manual;Furgón;"Autos y camionetas";N/A;N/A;N/A;N/A;N/A;N/A;UY;N/A;N/A;N/A;N/A;N/A;N/A;N/A;N/A;N/A;N/A;N/A;N/A;N/A;N/A;N/A;N/A;N/A;N/A;N/A;N/A;N/A;N/A;N/A;N/A;N/A;N/A;N/A;N/A;N/A;N/A;N/A;N/A;N/A;N/A;N/A;N/A;N/A;N/A;N/A;N/A;N/A;N/A;N/A;N/A;N/A;N/A;N/A;N/A;N/A;N/A;N/A;N/A;N/A;N/A;N/A;N/A;N/A;N/A;N/A;N/A;N/A;N/A;N/A;N/A;N/A;N/A;N/A;N/A;N/A;N/A;N/A;N/A;N/A;N/A;N/A;N/A;N/A;N/A;N/A;N/A;N/A;N/A;N/A;N/A;N/A;N/A;N/A;N/A;N/A;N/A;Sí;Sí;N/A;N/A;N/A;N/A;N/A;N/A;N/A;N/A;Sí;N/A;N/A;N/A;N/A;N/A;Sí;Sí;Sí;N/A;Sí;N/A;Sí;N/A;N/A
Renault;Kwid;"1.0 Sce 66cv Zen";2018;"49400 km";;ALFE211090;10800;;;;;"Villa Dolores";https://auto.mercadolibre.com.uy/MLU-647588571-renault-kwid-10-sce-66cv-zen-_JM;N/A;;"Renault Kwid 1.0 Sce 66cv Zen";usd;Sí;free;false;N/A;N/A;http://perfil.mercadolibre.com.uy/ALFE211090;active;N/A;N/A;Usado;Gris;Sí;Hidráulica;Delantera;Sí;Sí;Sí;N/A;N/A;N/A;N/A;N/A;N/A;N/A;N/A;N/A;N/A;N/A;N/A;N/A;N/A;N/A;N/A;N/A;N/A;N/A;N/A;N/A;N/A;"2423 mm";"1 L";"50 L";5;N/A;N/A;N/A;N/A;N/A;N/A;N/A;N/A;N/A;N/A;N/A;N/A;N/A;N/A;N/A;N/A;N/A;N/A;N/A;N/A;N/A;N/A;N/A;N/A;N/A;N/A;N/A;N/A;N/A;N/A;N/A;N/A;N/A;N/A;N/A;N/A;N/A;N/A;N/A;N/A;N/A;N/A;N/A;N/A;N/A;"1474 mm";"3680 mm";N/A;N/A;N/A;N/A;5;"66 hp";Zen;N/A;4;"1752 mm";N/A;N/A;N/A;N/A;N/A;N/A;Sí;N/A;N/A;N/A;N/A;N/A;N/A;N/A;N/A;N/A;N/A;N/A;5;1.0;Nafta;Manual;Hatchback;"Autos y camionetas";N/A;N/A;N/A;N/A;N/A;N/A;UY;N/A;N/A;N/A;N/A;N/A;N/A;N/A;N/A;N/A;N/A;N/A;N/A;N/A;N/A;N/A;N/A;N/A;N/A;N/A;N/A;N/A;N/A;N/A;N/A;N/A;N/A;N/A;N/A;N/A;N/A;N/A;N/A;N/A;N/A;N/A;N/A;N/A;N/A;N/A;N/A;N/A;N/A;N/A;N/A;N/A;N/A;N/A;N/A;N/A;N/A;N/A;N/A;N/A;N/A;N/A;N/A;N/A;N/A;N/A;N/A;N/A;N/A;N/A;N/A;N/A;N/A;N/A;N/A;N/A;N/A;N/A;N/A;N/A;N/A;N/A;N/A;N/A;N/A;N/A;N/A;N/A;N/A;N/A;N/A;N/A;N/A;N/A;N/A;N/A;N/A;N/A;N/A;N/A;N/A;N/A;N/A;N/A;N/A;N/A;N/A;N/A;N/A;N/A;N/A;N/A;N/A;N/A;N/A;N/A;N/A;N/A;N/A;N/A;N/A;N/A
Renault;Oroch;Exprecion;2017;"84000 km";;AR20241113101124;15000;;;;;N/A;https://auto.mercadolibre.com.uy/MLU-704781980-unico-dueno-excelente-estado-kit-de-correa-nuevo-_JM;N/A;;"Unico Dueño, Excelente Estado. Kit De Correa Nuevo";USD;Sí;free;false;N/A;N/A;http://perfil.mercadolibre.com.uy/AR20241113101124;active;N/A;N/A;Usado;Blanco;Sí;Hidráulica;4x2;N/A;N/A;N/A;N/A;N/A;N/A;N/A;N/A;N/A;N/A;N/A;N/A;N/A;N/A;N/A;N/A;N/A;N/A;N/A;N/A;N/A;N/A;N/A;N/A;N/A;N/A;N/A;N/A;N/A;N/A;N/A;N/A;N/A;N/A;N/A;N/A;N/A;N/A;N/A;N/A;N/A;N/A;N/A;N/A;N/A;N/A;N/A;N/A;N/A;N/A;N/A;N/A;N/A;N/A;N/A;N/A;N/A;N/A;N/A;N/A;N/A;N/A;N/A;N/A;N/A;N/A;N/A;N/A;N/A;N/A;N/A;N/A;N/A;N/A;N/A;N/A;N/A;N/A;N/A;N/A;N/A;N/A;N/A;N/A;N/A;N/A;N/A;N/A;N/A;N/A;N/A;N/A;N/A;N/A;N/A;N/A;N/A;N/A;N/A;N/A;N/A;N/A;N/A;N/A;4;1.6;Nafta;Manual;Pick-Up;"Autos y camionetas";N/A;N/A;N/A;N/A;N/A;N/A;N/A;N/A;N/A;N/A;N/A;N/A;N/A;N/A;N/A;N/A;N/A;N/A;N/A;N/A;N/A;N/A;N/A;N/A;N/A;N/A;N/A;N/A;N/A;N/A;N/A;N/A;N/A;N/A;N/A;N/A;N/A;N/A;N/A;N/A;N/A;N/A;N/A;N/A;N/A;N/A;N/A;N/A;N/A;N/A;N/A;N/A;N/A;N/A;N/A;N/A;N/A;N/A;N/A;N/A;N/A;N/A;N/A;N/A;N/A;N/A;N/A;N/A;N/A;N/A;N/A;N/A;N/A;N/A;N/A;N/A;N/A;N/A;N/A;N/A;N/A;N/A;N/A;N/A;N/A;N/A;N/A;N/A;N/A;N/A;N/A;N/A;N/A;N/A;N/A;N/A;N/A;N/A;N/A;N/A;N/A;N/A;N/A;N/A;N/A;N/A;N/A;N/A;N/A;N/A;N/A;N/A;N/A;N/A;N/A;N/A;N/A;N/A;N/A;N/A;N/A;N/A
Renault;Clio;1.2;2007;"143900 km";;CIUCCIALICIA;7000;;;;;Carmelo;https://auto.mercadolibre.com.uy/MLU-704632462-renault-clio-12-_JM;N/A;;"Renault Clio 1.2";usd;No;free;false;N/A;N/A;http://perfil.mercadolibre.com.uy/CIUCCIALICIA;active;N/A;N/A;Usado;Plateado;N/A;Hidráulica;Delantera;Sí;N/A;N/A;N/A;N/A;N/A;N/A;N/A;N/A;N/A;N/A;N/A;Sí;N/A;No;N/A;N/A;N/A;N/A;N/A;N/A;N/A;N/A;N/A;N/A;"2472 mm";"1.2 L";"50 L";5;N/A;N/A;N/A;N/A;N/A;N/A;N/A;N/A;N/A;N/A;N/A;N/A;N/A;N/A;N/A;N/A;N/A;N/A;N/A;N/A;N/A;N/A;N/A;N/A;N/A;N/A;N/A;N/A;N/A;N/A;N/A;N/A;N/A;N/A;N/A;N/A;N/A;N/A;N/A;N/A;N/A;N/A;N/A;N/A;N/A;"1435 mm";"3773 mm";N/A;N/A;N/A;N/A;5;"75 hp";Base;N/A;4;"1639 mm";N/A;No;N/A;Sí;Sí;N/A;Sí;Sí;N/A;N/A;N/A;N/A;N/A;Sí;N/A;N/A;N/A;Siempre;3;1.2;Nafta;Manual;Hatchback;"Autos y camionetas";N/A;N/A;N/A;N/A;N/A;N/A;UY;N/A;N/A;N/A;N/A;N/A;N/A;N/A;N/A;N/A;N/A;N/A;N/A;N/A;N/A;N/A;N/A;N/A;N/A;N/A;N/A;N/A;N/A;N/A;N/A;N/A;N/A;N/A;N/A;N/A;N/A;N/A;N/A;N/A;N/A;N/A;N/A;N/A;N/A;N/A;N/A;N/A;N/A;N/A;N/A;N/A;N/A;N/A;N/A;N/A;N/A;N/A;N/A;N/A;N/A;N/A;N/A;N/A;N/A;N/A;N/A;N/A;N/A;N/A;N/A;N/A;N/A;N/A;N/A;N/A;N/A;N/A;N/A;N/A;N/A;N/A;N/A;N/A;N/A;N/A;N/A;N/A;N/A;N/A;N/A;N/A;N/A;N/A;N/A;N/A;N/A;N/A;N/A;N/A;Sí;N/A;N/A;N/A;N/A;Sí;N/A;N/A;Sí;N/A;N/A;N/A;Sí;Sí;Sí;Sí;N/A;N/A;N/A;N/A;N/A;Sí
Renault;Master;"2.3 L2h2 Furgón";2021;"7891 km";;MAXIKIOSCOARTIGAS;78000;;;;;Artigas;https://auto.mercadolibre.com.uy/MLU-704380682-renault-master-23-l2h2-furgon-motorhome-_JM;N/A;;"Renault Master 2.3 L2h2 Furgón Motorhome";usd;Sí;free;false;N/A;N/A;http://perfil.mercadolibre.com.uy/MAXIKIOSCOARTIGAS;active;N/A;N/A;Usado;Blanco;N/A;N/A;Delantera;Sí;N/A;N/A;N/A;N/A;N/A;N/A;N/A;N/A;N/A;N/A;N/A;N/A;N/A;N/A;N/A;N/A;N/A;N/A;N/A;N/A;N/A;N/A;N/A;N/A;"3578 mm";"2.3 L";"100 L";6;N/A;N/A;N/A;N/A;N/A;N/A;N/A;N/A;N/A;N/A;N/A;N/A;N/A;N/A;N/A;N/A;N/A;N/A;N/A;N/A;N/A;N/A;N/A;N/A;N/A;N/A;N/A;N/A;N/A;N/A;N/A;N/A;N/A;N/A;N/A;N/A;N/A;N/A;N/A;N/A;N/A;N/A;N/A;N/A;N/A;"2496 mm";"6198 mm";N/A;N/A;N/A;N/A;3;"130 hp";2.3;N/A;4;"1990 mm";N/A;N/A;N/A;N/A;N/A;N/A;N/A;N/A;N/A;N/A;N/A;N/A;N/A;N/A;N/A;N/A;N/A;"lunes a viernes de 8 a 18";3;2.3;Diésel;Manual;Furgón;"Autos y camionetas";N/A;N/A;N/A;N/A;N/A;N/A;UY;N/A;N/A;N/A;N/A;N/A;N/A;N/A;N/A;N/A;N/A;N/A;N/A;N/A;N/A;N/A;N/A;N/A;N/A;N/A;N/A;N/A;N/A;N/A;N/A;N/A;N/A;N/A;N/A;N/A;N/A;N/A;N/A;N/A;N/A;N/A;N/A;N/A;N/A;N/A;N/A;N/A;N/A;N/A;N/A;N/A;N/A;N/A;N/A;N/A;N/A;N/A;N/A;N/A;N/A;N/A;N/A;N/A;N/A;N/A;N/A;N/A;N/A;N/A;N/A;N/A;N/A;N/A;N/A;N/A;N/A;N/A;N/A;N/A;N/A;N/A;N/A;N/A;N/A;N/A;N/A;N/A;N/A;N/A;N/A;N/A;N/A;N/A;N/A;N/A;N/A;N/A;N/A;N/A;N/A;N/A;N/A;N/A;N/A;N/A;N/A;N/A;N/A;N/A;N/A;N/A;N/A;N/A;N/A;N/A;N/A;N/A;N/A;N/A;N/A;N/A
Renault;"R 12";"1.4 L";1999;"10000 km";;MOMA7533044;70000;;;;;Trinidad;https://auto.mercadolibre.com.uy/MLU-704178510-renault-12-impecable-1990-_JM;N/A;;"Renault 12 Impecable 1990";UYU;No;free;false;N/A;N/A;http://perfil.mercadolibre.com.uy/MOMA7533044;active;N/A;N/A;Usado;Gris;N/A;N/A;N/A;N/A;N/A;N/A;N/A;N/A;N/A;N/A;N/A;N/A;N/A;N/A;N/A;N/A;N/A;N/A;N/A;N/A;N/A;N/A;N/A;N/A;N/A;N/A;N/A;N/A;N/A;N/A;N/A;N/A;N/A;N/A;N/A;N/A;N/A;N/A;N/A;N/A;N/A;N/A;N/A;N/A;N/A;N/A;N/A;N/A;N/A;N/A;N/A;N/A;N/A;N/A;N/A;N/A;N/A;N/A;N/A;N/A;N/A;N/A;N/A;N/A;N/A;N/A;N/A;N/A;N/A;N/A;N/A;N/A;N/A;N/A;N/A;N/A;N/A;N/A;N/A;N/A;N/A;N/A;N/A;N/A;N/A;N/A;N/A;N/A;N/A;N/A;N/A;N/A;N/A;N/A;N/A;N/A;N/A;N/A;N/A;N/A;N/A;N/A;N/A;N/A;N/A;N/A;N/A;4;1.4;Nafta;N/A;N/A;"Autos y camionetas";N/A;N/A;N/A;N/A;N/A;N/A;N/A;N/A;N/A;N/A;N/A;N/A;N/A;N/A;N/A;N/A;N/A;N/A;N/A;N/A;N/A;N/A;N/A;N/A;N/A;N/A;N/A;N/A;N/A;N/A;N/A;N/A;N/A;N/A;N/A;N/A;N/A;N/A;N/A;N/A;N/A;N/A;N/A;N/A;N/A;N/A;N/A;N/A;N/A;N/A;N/A;N/A;N/A;N/A;N/A;N/A;N/A;N/A;N/A;N/A;N/A;N/A;N/A;N/A;N/A;N/A;N/A;N/A;N/A;N/A;N/A;N/A;N/A;N/A;N/A;N/A;N/A;N/A;N/A;N/A;N/A;N/A;N/A;N/A;N/A;N/A;N/A;N/A;N/A;N/A;N/A;N/A;N/A;N/A;N/A;N/A;N/A;N/A;N/A;N/A;N/A;N/A;N/A;N/A;N/A;N/A;N/A;N/A;N/A;N/A;N/A;N/A;N/A;N/A;N/A;N/A;N/A;N/A;N/A;N/A;N/A;N/A
Renault;"Mégane III";"2.0 Privilege Ph2";2014;"120000 km";;FABIANMUOZ233;14000;;;;;"Aires Puros";https://auto.mercadolibre.com.uy/MLU-703807388-renault-megane-iii-20-privilege-ph2-_JM;N/A;;"Renault Mégane Iii 2.0 Privilege Ph2";usd;Sí;free;false;N/A;N/A;http://perfil.mercadolibre.com.uy/FABIANMUOZ233;active;N/A;N/A;Usado;Negro;No;Eléctrica;Delantera;Sí;Sí;Sí;N/A;N/A;Sí;N/A;N/A;Sí;Sí;N/A;Sí;Sí;N/A;N/A;N/A;N/A;N/A;N/A;N/A;N/A;N/A;N/A;N/A;N/A;"2640 mm";"2 L";"60 L";5;N/A;N/A;N/A;N/A;N/A;Sí;N/A;N/A;N/A;Sí;N/A;N/A;N/A;N/A;N/A;N/A;N/A;N/A;N/A;N/A;N/A;N/A;N/A;N/A;N/A;N/A;N/A;N/A;N/A;N/A;N/A;N/A;N/A;Sí;Sí;Sí;N/A;N/A;N/A;N/A;N/A;N/A;N/A;N/A;N/A;"1491 mm";"4296 mm";N/A;N/A;N/A;N/A;5;"143 hp";Privilege;N/A;4;"1808 mm";"10.9 km/l";Sí;N/A;Sí;Sí;N/A;Sí;Sí;N/A;Sí;N/A;"6.1 km/l";N/A;N/A;N/A;N/A;N/A;N/A;5;2.0;Nafta;Manual;Hatchback;"Autos y camionetas";N/A;N/A;N/A;N/A;N/A;N/A;UY;N/A;N/A;N/A;N/A;N/A;N/A;N/A;N/A;N/A;N/A;N/A;N/A;N/A;N/A;N/A;N/A;N/A;N/A;N/A;N/A;N/A;N/A;N/A;N/A;N/A;N/A;N/A;N/A;N/A;N/A;N/A;N/A;N/A;N/A;N/A;N/A;N/A;N/A;N/A;N/A;N/A;N/A;N/A;N/A;N/A;N/A;N/A;N/A;N/A;N/A;N/A;N/A;N/A;N/A;N/A;N/A;N/A;N/A;N/A;N/A;N/A;N/A;N/A;N/A;N/A;N/A;N/A;N/A;N/A;N/A;N/A;N/A;N/A;N/A;N/A;N/A;N/A;N/A;N/A;N/A;N/A;N/A;N/A;N/A;N/A;N/A;N/A;N/A;N/A;Sí;Sí;Sí;N/A;Sí;N/A;N/A;N/A;N/A;Sí;Sí;Sí;Sí;N/A;N/A;N/A;Sí;Sí;Sí;Sí;Sí;Sí;N/A;Sí;N/A;Sí
Renault;Kwid;"1.0 Sce 66cv Outsider";2021;"40000 km";;MAAN731068;13000;;;;;"Las Piedras";https://auto.mercadolibre.com.uy/MLU-703461242-renault-kwid-10-sce-66cv-outsider-_JM;N/A;;"Renault Kwid 1.0 Sce 66cv Outsider";usd;Sí;free;false;N/A;N/A;http://perfil.mercadolibre.com.uy/MAAN731068;active;N/A;N/A;Usado;Rojo;Sí;Asistida;Delantera;Sí;Sí;Sí;N/A;N/A;Sí;N/A;N/A;No;N/A;N/A;No;Sí;N/A;Sí;N/A;N/A;N/A;N/A;N/A;N/A;N/A;N/A;N/A;N/A;"2423 mm";"1 L";"50 L";5;N/A;N/A;N/A;N/A;N/A;No;N/A;N/A;N/A;N/A;N/A;N/A;N/A;N/A;N/A;N/A;N/A;N/A;N/A;N/A;N/A;N/A;N/A;N/A;N/A;N/A;N/A;N/A;N/A;No;N/A;N/A;N/A;N/A;N/A;N/A;N/A;N/A;N/A;N/A;N/A;N/A;N/A;N/A;N/A;"1474 mm";"3680 mm";N/A;N/A;N/A;N/A;5;"66 hp";Outsider;N/A;4;"1752 mm";N/A;No;N/A;Sí;Sí;N/A;No;No;N/A;No;N/A;N/A;No;No;N/A;N/A;Sí;"De domingo a domingo de 10 a 22";5;1.0;Nafta;Manual;Hatchback;"Autos y camionetas";Sí;N/A;N/A;N/A;No;N/A;UY;N/A;No;N/A;No;N/A;N/A;N/A;N/A;N/A;N/A;N/A;N/A;N/A;N/A;N/A;N/A;N/A;Sí;N/A;N/A;N/A;N/A;N/A;N/A;N/A;N/A;N/A;N/A;N/A;N/A;N/A;N/A;N/A;N/A;N/A;N/A;No;N/A;N/A;N/A;N/A;N/A;N/A;N/A;N/A;N/A;N/A;N/A;N/A;N/A;N/A;N/A;N/A;N/A;No;Sí;N/A;N/A;N/A;N/A;N/A;N/A;N/A;N/A;N/A;N/A;N/A;N/A;N/A;N/A;N/A;N/A;N/A;N/A;N/A;N/A;N/A;N/A;N/A;N/A;N/A;N/A;N/A;N/A;N/A;N/A;N/A;N/A;No;Sí;No;Sí;N/A;Sí;N/A;N/A;N/A;N/A;Sí;Sí;Sí;Sí;N/A;N/A;No;No;No;Sí;Sí;Sí;No;No;Sí;N/A;Sí
Renault;Sandero;"2.0 Rs 145cv";2018;"83000 km";;XAVI_160896;16990;;;;;"La Barra";https://auto.mercadolibre.com.uy/MLU-703432354-renault-sandero-2018-20-rs-145cv-_JM;N/A;;"Renault Sandero 2018 2.0 Rs 145cv";usd;Sí;free;false;N/A;N/A;http://perfil.mercadolibre.com.uy/XAVI_160896;active;N/A;N/A;Usado;N/A;N/A;Hidráulica;Delantera;Sí;N/A;Sí;N/A;N/A;Sí;N/A;N/A;N/A;N/A;N/A;N/A;N/A;N/A;N/A;N/A;N/A;N/A;N/A;N/A;N/A;N/A;N/A;N/A;N/A;"2590 mm";"2 L";"50 L";5;N/A;N/A;N/A;N/A;N/A;N/A;N/A;N/A;N/A;N/A;N/A;N/A;N/A;N/A;N/A;N/A;N/A;N/A;N/A;N/A;N/A;N/A;N/A;N/A;N/A;N/A;N/A;N/A;N/A;N/A;N/A;N/A;N/A;N/A;N/A;N/A;N/A;N/A;N/A;N/A;N/A;N/A;N/A;N/A;N/A;"1536 mm";"4060 mm";N/A;N/A;N/A;N/A;5;"105 hp";Rs;N/A;4;"1733 mm";"9.5 km/l";Sí;N/A;N/A;N/A;N/A;N/A;N/A;N/A;N/A;N/A;"5.7 km/l";N/A;N/A;N/A;N/A;N/A;N/A;5;2.0;Nafta;Manual;Hatchback;"Autos y camionetas";N/A;N/A;N/A;N/A;N/A;N/A;UY;N/A;N/A;N/A;N/A;N/A;N/A;N/A;N/A;N/A;N/A;N/A;N/A;N/A;N/A;N/A;N/A;N/A;N/A;N/A;N/A;N/A;N/A;N/A;N/A;N/A;N/A;N/A;N/A;N/A;N/A;N/A;N/A;N/A;N/A;N/A;N/A;N/A;N/A;N/A;N/A;N/A;N/A;N/A;N/A;N/A;N/A;N/A;N/A;N/A;N/A;N/A;N/A;N/A;N/A;N/A;N/A;N/A;N/A;N/A;N/A;N/A;N/A;N/A;N/A;N/A;N/A;N/A;N/A;N/A;N/A;N/A;N/A;N/A;N/A;N/A;N/A;N/A;N/A;N/A;N/A;N/A;N/A;N/A;N/A;N/A;N/A;N/A;N/A;N/A;N/A;N/A;N/A;N/A;N/A;N/A;N/A;N/A;N/A;N/A;N/A;N/A;N/A;N/A;N/A;N/A;N/A;N/A;N/A;N/A;N/A;Sí;N/A;N/A;N/A;N/A
Renault;Kwid;"1.0 Sce 66cv Intense";2019;"125000 km";;CORNACCHIONEGASTON202302011234;11400;;;;;"Malvin Norte";https://auto.mercadolibre.com.uy/MLU-703228378-renault-kwid-10-sce-66cv-intense-_JM;N/A;;"Renault Kwid 1.0 Sce 66cv Intense";usd;Sí;free;false;N/A;N/A;http://perfil.mercadolibre.com.uy/CORNACCHIONEGASTON202302011234;active;N/A;N/A;Usado;Rojo;Sí;Hidráulica;Delantera;Sí;Sí;Sí;N/A;N/A;N/A;N/A;N/A;No;N/A;N/A;N/A;Sí;N/A;Sí;N/A;N/A;N/A;N/A;N/A;N/A;N/A;N/A;N/A;N/A;"2423 mm";"1 L";"50 L";5;N/A;N/A;N/A;N/A;N/A;No;N/A;N/A;N/A;N/A;N/A;N/A;N/A;N/A;N/A;N/A;N/A;N/A;N/A;N/A;N/A;N/A;N/A;N/A;N/A;N/A;N/A;N/A;N/A;N/A;N/A;N/A;N/A;N/A;N/A;N/A;N/A;N/A;N/A;N/A;N/A;N/A;N/A;N/A;N/A;"1474 mm";"3680 mm";N/A;N/A;N/A;N/A;5;"66 hp";Intense;N/A;4;"1752 mm";N/A;N/A;N/A;Sí;Sí;N/A;Sí;Sí;N/A;N/A;N/A;N/A;Sí;N/A;N/A;N/A;N/A;N/A;5;1.0;Nafta;Manual;Hatchback;"Autos y camionetas";Sí;N/A;N/A;N/A;N/A;N/A;UY;N/A;No;N/A;N/A;N/A;N/A;N/A;N/A;N/A;N/A;N/A;N/A;N/A;N/A;N/A;N/A;N/A;N/A;N/A;N/A;N/A;N/A;N/A;N/A;N/A;N/A;N/A;N/A;N/A;N/A;N/A;N/A;N/A;N/A;N/A;N/A;N/A;N/A;N/A;N/A;N/A;N/A;N/A;N/A;N/A;N/A;N/A;N/A;N/A;N/A;N/A;N/A;N/A;N/A;Sí;Sí;N/A;N/A;N/A;N/A;N/A;N/A;N/A;N/A;N/A;N/A;N/A;N/A;N/A;N/A;N/A;N/A;N/A;N/A;N/A;N/A;N/A;N/A;N/A;N/A;N/A;N/A;N/A;N/A;N/A;N/A;N/A;N/A;N/A;Sí;Sí;Sí;N/A;Sí;N/A;N/A;N/A;N/A;Sí;N/A;Sí;Sí;N/A;N/A;N/A;N/A;Sí;Sí;Sí;Sí;No;No;Sí;N/A;Sí
Renault;"Mégane II";"2.0 Grand Tour Privilege";2008;"170000 km";;ALEJANDRODANIELLUCASNUEZ;5000;;;;;N/A;https://auto.mercadolibre.com.uy/MLU-702944278-renault-megane-ii-2008-20-grand-tour-privilege-_JM;N/A;;"Renault Mégane Ii 2008 2.0 Grand Tour Privilege";usd;Sí;free;false;N/A;N/A;http://perfil.mercadolibre.com.uy/ALEJANDRODANIELLUCASNUEZ;active;N/A;N/A;Usado;N/A;N/A;Eléctrica;Delantera;N/A;N/A;Sí;N/A;N/A;N/A;N/A;N/A;Sí;Sí;N/A;N/A;N/A;N/A;N/A;N/A;N/A;N/A;N/A;N/A;N/A;N/A;N/A;N/A;N/A;"2625 mm";"2 L";"60 L";6;N/A;N/A;N/A;N/A;N/A;N/A;N/A;N/A;N/A;N/A;N/A;N/A;N/A;N/A;N/A;N/A;N/A;N/A;N/A;N/A;N/A;N/A;N/A;N/A;N/A;N/A;N/A;N/A;N/A;N/A;N/A;N/A;N/A;Sí;Sí;Sí;N/A;N/A;N/A;N/A;N/A;N/A;N/A;N/A;N/A;"1467 mm";"4500 mm";N/A;N/A;N/A;N/A;5;"138 hp";Privilege;N/A;4;"1777 mm";"16.5 km/l";Sí;N/A;N/A;Sí;N/A;N/A;Sí;N/A;N/A;N/A;"10.5 km/l";N/A;N/A;N/A;N/A;N/A;N/A;5;2.0;Nafta;Manual;Rural;"Autos y camionetas";N/A;N/A;N/A;N/A;N/A;N/A;UY;N/A;N/A;N/A;N/A;N/A;N/A;N/A;N/A;N/A;N/A;N/A;N/A;N/A;N/A;N/A;N/A;N/A;N/A;N/A;N/A;N/A;N/A;N/A;N/A;N/A;N/A;N/A;N/A;N/A;N/A;N/A;N/A;N/A;N/A;N/A;N/A;N/A;N/A;N/A;N/A;N/A;N/A;N/A;N/A;N/A;N/A;N/A;N/A;N/A;N/A;N/A;N/A;N/A;N/A;N/A;N/A;N/A;N/A;N/A;N/A;N/A;N/A;N/A;N/A;N/A;N/A;N/A;N/A;N/A;N/A;N/A;N/A;N/A;N/A;N/A;N/A;N/A;N/A;N/A;N/A;N/A;N/A;N/A;N/A;N/A;N/A;N/A;N/A;N/A;N/A;N/A;N/A;N/A;N/A;N/A;N/A;N/A;N/A;N/A;Sí;N/A;N/A;N/A;N/A;N/A;Sí;N/A;N/A;N/A;N/A;N/A;N/A;N/A;N/A;N/A
Renault;Logan;"1.0 Life";2022;"42000 km";;ROFA1689031;13500;;;;;Belvedere;https://auto.mercadolibre.com.uy/MLU-706061478-renault-logan-2022-10-life-_JM;N/A;;"Renault Logan 2022 1.0 Life";usd;Sí;free;false;N/A;N/A;http://perfil.mercadolibre.com.uy/ROFA1689031;active;N/A;N/A;Usado;N/A;N/A;Hidráulica;Delantera;N/A;N/A;N/A;N/A;N/A;N/A;N/A;N/A;N/A;N/A;N/A;N/A;N/A;N/A;N/A;N/A;N/A;N/A;N/A;N/A;N/A;N/A;N/A;N/A;N/A;"2635 mm";"1 L";"50 L";5;N/A;N/A;N/A;N/A;N/A;N/A;N/A;N/A;N/A;N/A;N/A;N/A;N/A;N/A;N/A;N/A;N/A;N/A;N/A;N/A;N/A;N/A;N/A;N/A;N/A;N/A;N/A;N/A;N/A;N/A;N/A;N/A;N/A;N/A;N/A;N/A;N/A;N/A;N/A;N/A;N/A;N/A;N/A;N/A;N/A;"1529 mm";"4350 mm";N/A;N/A;N/A;N/A;5;"66 hp";Life;N/A;2;"1733 mm";"12.5 km/l";N/A;N/A;N/A;N/A;N/A;N/A;N/A;N/A;N/A;N/A;N/A;N/A;N/A;N/A;N/A;N/A;N/A;4;1.0;Nafta;Manual;Sedán;"Autos y camionetas";N/A;N/A;N/A;N/A;N/A;N/A;UY;N/A;N/A;N/A;N/A;N/A;N/A;N/A;N/A;N/A;N/A;N/A;N/A;N/A;N/A;N/A;N/A;N/A;N/A;N/A;N/A;N/A;N/A;N/A;N/A;N/A;N/A;N/A;N/A;N/A;N/A;N/A;N/A;N/A;N/A;N/A;N/A;N/A;N/A;N/A;N/A;N/A;N/A;N/A;N/A;N/A;N/A;N/A;N/A;N/A;N/A;N/A;N/A;N/A;N/A;N/A;N/A;N/A;N/A;N/A;N/A;N/A;N/A;N/A;N/A;N/A;N/A;N/A;N/A;N/A;N/A;N/A;N/A;N/A;N/A;N/A;N/A;N/A;N/A;N/A;N/A;N/A;N/A;N/A;N/A;N/A;N/A;N/A;N/A;N/A;N/A;N/A;N/A;N/A;N/A;N/A;N/A;N/A;N/A;N/A;N/A;N/A;N/A;N/A;N/A;N/A;N/A;N/A;N/A;N/A;N/A;N/A;N/A;N/A;N/A;N/A
Renault;Oroch;"1.3 Tce Intens Outsider 4Wd Mt";2023;"70000 km";;JCOMBE;23490;;;;;"Ombues De Lavalle";https://auto.mercadolibre.com.uy/MLU-705996838-renault-oroch-13-tce-intens-outsider-4wd-mt-_JM;N/A;;"Renault Oroch 1.3 Tce Intens Outsider 4wd Mt";usd;Sí;free;false;N/A;N/A;http://perfil.mercadolibre.com.uy/JCOMBE;active;N/A;N/A;Usado;Gris;Sí;Asistida;4x4;Sí;Sí;N/A;N/A;N/A;Sí;N/A;N/A;No;N/A;N/A;No;Sí;N/A;No;N/A;N/A;N/A;N/A;N/A;N/A;N/A;N/A;N/A;N/A;"2890 mm";"1.3 L";"45 L";6;N/A;N/A;N/A;N/A;N/A;Sí;N/A;N/A;N/A;N/A;N/A;N/A;N/A;N/A;N/A;N/A;N/A;N/A;N/A;N/A;N/A;N/A;N/A;N/A;N/A;N/A;N/A;N/A;N/A;Sí;N/A;N/A;N/A;N/A;N/A;N/A;N/A;N/A;N/A;N/A;N/A;N/A;N/A;N/A;N/A;"1694 mm";"4719 mm";N/A;N/A;N/A;N/A;5;"156 hp";"Intens Outsider";N/A;4;"1834 mm";N/A;N/A;N/A;Sí;Sí;N/A;Sí;Sí;N/A;No;N/A;N/A;Sí;Sí;N/A;N/A;Sí;"De 8 a 20hs";4;1.3;Nafta;Manual;Pick-Up;"Autos y camionetas";No;N/A;N/A;N/A;No;N/A;UY;N/A;No;N/A;No;N/A;N/A;N/A;N/A;N/A;N/A;N/A;N/A;N/A;N/A;N/A;N/A;N/A;Sí;N/A;N/A;N/A;N/A;N/A;N/A;N/A;N/A;N/A;N/A;N/A;N/A;N/A;N/A;N/A;N/A;N/A;N/A;Sí;N/A;N/A;N/A;N/A;N/A;N/A;N/A;N/A;N/A;N/A;N/A;N/A;N/A;N/A;N/A;N/A;N/A;Sí;Sí;N/A;N/A;N/A;N/A;N/A;N/A;N/A;N/A;N/A;N/A;N/A;N/A;N/A;N/A;N/A;N/A;N/A;N/A;N/A;N/A;N/A;N/A;N/A;N/A;N/A;N/A;N/A;N/A;N/A;N/A;N/A;N/A;No;Sí;Sí;Sí;N/A;Sí;N/A;N/A;N/A;N/A;Sí;Sí;No;Sí;N/A;N/A;Sí;Sí;Sí;Sí;Sí;Sí;No;No;Sí;N/A;Sí
Renault;"Sandero Stepway";"Sandero Stepway 16 v";2011;"145000 km";;LAZOROBERT20230425201355;9600;;;;;Pando;https://auto.mercadolibre.com.uy/MLU-702757302-renault-sandero-stepway-sandero-stepway-16-v-_JM;N/A;;"Renault Sandero Stepway Sandero Stepway 16 V";USD;Sí;free;false;N/A;N/A;http://perfil.mercadolibre.com.uy/LAZOROBERT20230425201355;active;N/A;N/A;Usado;N/A;N/A;N/A;N/A;N/A;N/A;N/A;N/A;N/A;N/A;N/A;N/A;N/A;N/A;N/A;N/A;N/A;N/A;N/A;N/A;N/A;N/A;N/A;N/A;N/A;N/A;N/A;N/A;N/A;N/A;N/A;N/A;N/A;N/A;N/A;N/A;N/A;N/A;N/A;N/A;N/A;N/A;N/A;N/A;N/A;N/A;N/A;N/A;N/A;N/A;N/A;N/A;N/A;N/A;N/A;N/A;N/A;N/A;N/A;N/A;N/A;N/A;N/A;N/A;N/A;N/A;N/A;N/A;N/A;N/A;N/A;N/A;N/A;N/A;N/A;N/A;N/A;N/A;N/A;N/A;N/A;N/A;N/A;N/A;N/A;N/A;N/A;N/A;N/A;N/A;N/A;N/A;N/A;N/A;N/A;N/A;N/A;N/A;N/A;N/A;N/A;N/A;N/A;N/A;N/A;N/A;N/A;N/A;4;N/A;Nafta;N/A;N/A;"Autos y camionetas";N/A;N/A;N/A;N/A;N/A;N/A;N/A;N/A;N/A;N/A;N/A;N/A;N/A;N/A;N/A;N/A;N/A;N/A;N/A;N/A;N/A;N/A;N/A;N/A;N/A;N/A;N/A;N/A;N/A;N/A;N/A;N/A;N/A;N/A;N/A;N/A;N/A;N/A;N/A;N/A;N/A;N/A;N/A;N/A;N/A;N/A;N/A;N/A;N/A;N/A;N/A;N/A;N/A;N/A;N/A;N/A;N/A;N/A;N/A;N/A;N/A;N/A;N/A;N/A;N/A;N/A;N/A;N/A;N/A;N/A;N/A;N/A;N/A;N/A;N/A;N/A;N/A;N/A;N/A;N/A;N/A;N/A;N/A;N/A;N/A;N/A;N/A;N/A;N/A;N/A;N/A;N/A;N/A;N/A;N/A;N/A;N/A;N/A;N/A;N/A;N/A;N/A;N/A;N/A;N/A;N/A;N/A;N/A;N/A;N/A;N/A;N/A;N/A;N/A;N/A;N/A;N/A;N/A;N/A;N/A;N/A;N/A
Renault;Duster;"2.0 Ph2 4x2 Privilege 143cv";2015;"130000 km";;GOAV6918557;13500;;;;;Buceo;https://auto.mercadolibre.com.uy/MLU-647126151-renault-duster-2015-20-ph2-4x2-privilege-143cv-_JM;N/A;;"Renault Duster 2015 2.0 Ph2 4x2 Privilege 143cv";usd;Sí;free;false;N/A;N/A;http://perfil.mercadolibre.com.uy/GOAV6918557;active;N/A;N/A;Usado;N/A;N/A;Hidráulica;4x2;N/A;N/A;Sí;N/A;N/A;N/A;N/A;N/A;N/A;N/A;N/A;N/A;N/A;N/A;N/A;N/A;N/A;N/A;N/A;N/A;N/A;N/A;N/A;N/A;N/A;"2673 mm";"2 L";"50 L";6;N/A;N/A;N/A;N/A;N/A;N/A;N/A;N/A;N/A;N/A;N/A;N/A;N/A;N/A;N/A;N/A;N/A;N/A;N/A;N/A;N/A;N/A;N/A;N/A;N/A;N/A;N/A;N/A;N/A;N/A;N/A;N/A;N/A;N/A;N/A;N/A;N/A;N/A;N/A;N/A;N/A;N/A;N/A;N/A;N/A;"1683 mm";"4329 mm";N/A;N/A;N/A;N/A;5;"143 hp";Privilege;N/A;4;"1822 mm";"10.8 km/l";N/A;N/A;N/A;N/A;N/A;N/A;N/A;N/A;N/A;N/A;N/A;N/A;N/A;N/A;N/A;N/A;N/A;5;2.0;Nafta;Manual;SUV;"Autos y camionetas";N/A;N/A;N/A;N/A;N/A;N/A;UY;N/A;N/A;N/A;N/A;N/A;N/A;N/A;N/A;N/A;N/A;N/A;N/A;N/A;N/A;N/A;N/A;N/A;N/A;N/A;N/A;N/A;N/A;N/A;N/A;N/A;N/A;N/A;N/A;N/A;N/A;N/A;N/A;N/A;N/A;N/A;N/A;N/A;N/A;N/A;N/A;N/A;N/A;N/A;N/A;N/A;N/A;N/A;N/A;N/A;N/A;N/A;N/A;N/A;N/A;N/A;N/A;N/A;N/A;N/A;N/A;N/A;N/A;N/A;N/A;N/A;N/A;N/A;N/A;N/A;N/A;N/A;N/A;N/A;N/A;N/A;N/A;N/A;N/A;N/A;N/A;N/A;N/A;N/A;N/A;N/A;N/A;N/A;N/A;N/A;N/A;N/A;N/A;N/A;N/A;N/A;N/A;N/A;N/A;N/A;N/A;N/A;N/A;N/A;N/A;N/A;N/A;N/A;N/A;N/A;N/A;N/A;N/A;N/A;N/A;N/A
Renault;Sandero;"1.6 Expression 90cv";2018;"156000 km";;FUJU6074460;9100;;;;;N/A;https://auto.mercadolibre.com.uy/MLU-705249280-renault-sandero-16-expression-90cv-_JM;N/A;;"Renault Sandero 1.6 Expression 90cv";usd;Sí;free;false;N/A;N/A;http://perfil.mercadolibre.com.uy/FUJU6074460;active;N/A;N/A;Usado;Plateado;No;Hidráulica;Delantera;Sí;Sí;N/A;N/A;N/A;N/A;N/A;N/A;N/A;N/A;N/A;N/A;Sí;N/A;N/A;N/A;N/A;N/A;N/A;N/A;N/A;N/A;N/A;N/A;N/A;"2590 mm";"1.6 L";"50 L";5;N/A;N/A;N/A;N/A;N/A;N/A;N/A;N/A;N/A;N/A;N/A;N/A;N/A;N/A;N/A;N/A;N/A;N/A;N/A;N/A;N/A;N/A;N/A;N/A;N/A;N/A;N/A;N/A;N/A;N/A;N/A;N/A;N/A;N/A;N/A;N/A;N/A;N/A;N/A;N/A;N/A;N/A;N/A;N/A;N/A;"1536 mm";"4060 mm";N/A;N/A;N/A;N/A;5;"90 hp";Expression;N/A;2;"1733 mm";"10 km/l";N/A;N/A;N/A;Sí;N/A;N/A;N/A;N/A;N/A;Sí;"5.8 km/l";N/A;N/A;N/A;N/A;N/A;"Lunes a Domingo 9am a 9pm.";5;1.6;Nafta;Manual;Hatchback;"Autos y camionetas";N/A;N/A;N/A;N/A;N/A;N/A;UY;N/A;No;N/A;N/A;N/A;N/A;N/A;N/A;N/A;N/A;N/A;N/A;N/A;N/A;N/A;N/A;N/A;N/A;N/A;N/A;N/A;N/A;N/A;N/A;N/A;N/A;N/A;N/A;N/A;N/A;N/A;N/A;N/A;N/A;N/A;N/A;N/A;N/A;N/A;N/A;N/A;N/A;N/A;N/A;N/A;N/A;N/A;N/A;N/A;N/A;N/A;N/A;N/A;N/A;N/A;N/A;N/A;N/A;N/A;N/A;N/A;N/A;N/A;N/A;N/A;N/A;N/A;N/A;N/A;N/A;N/A;N/A;N/A;N/A;N/A;N/A;N/A;N/A;N/A;N/A;N/A;N/A;N/A;N/A;N/A;N/A;N/A;N/A;N/A;No;Sí;N/A;N/A;Sí;N/A;N/A;N/A;N/A;Sí;N/A;N/A;Sí;N/A;N/A;N/A;Sí;N/A;Sí;Sí;N/A;Sí;N/A;N/A;N/A;N/A
Renault;Sandero;"1.6 Expression 90cv";2016;"100000 km";;PEREYRAMYRNA20220729155400;13500;;;;;"Malvin Norte";https://auto.mercadolibre.com.uy/MLU-705274062-renault-sandero-2016-16-expression-90cv-_JM;N/A;;"Renault Sandero 2016 1.6 Expression 90cv";usd;Sí;free;false;N/A;N/A;http://perfil.mercadolibre.com.uy/PEREYRAMYRNA20220729155400;active;N/A;N/A;Usado;N/A;N/A;Hidráulica;Delantera;Sí;N/A;N/A;N/A;N/A;N/A;N/A;N/A;N/A;N/A;N/A;N/A;N/A;N/A;N/A;N/A;N/A;N/A;N/A;N/A;N/A;N/A;N/A;N/A;N/A;"2590 mm";"1.6 L";"50 L";5;N/A;N/A;N/A;N/A;N/A;N/A;N/A;N/A;N/A;N/A;N/A;N/A;N/A;N/A;N/A;N/A;N/A;N/A;N/A;N/A;N/A;N/A;N/A;N/A;N/A;N/A;N/A;N/A;N/A;N/A;N/A;N/A;N/A;N/A;N/A;N/A;N/A;N/A;N/A;N/A;N/A;N/A;N/A;N/A;N/A;"1536 mm";"4060 mm";N/A;N/A;N/A;N/A;5;"90 hp";Expression;N/A;2;"1733 mm";"10 km/l";N/A;N/A;N/A;N/A;N/A;N/A;N/A;N/A;N/A;Sí;"5.8 km/l";N/A;N/A;N/A;N/A;N/A;N/A;5;1.6;Nafta;Manual;Hatchback;"Autos y camionetas";N/A;N/A;N/A;N/A;N/A;N/A;UY;N/A;N/A;N/A;N/A;N/A;N/A;N/A;N/A;N/A;N/A;N/A;N/A;N/A;N/A;N/A;N/A;N/A;N/A;N/A;N/A;N/A;N/A;N/A;N/A;N/A;N/A;N/A;N/A;N/A;N/A;N/A;N/A;N/A;N/A;N/A;N/A;N/A;N/A;N/A;N/A;N/A;N/A;N/A;N/A;N/A;N/A;N/A;N/A;N/A;N/A;N/A;N/A;N/A;N/A;N/A;N/A;N/A;N/A;N/A;N/A;N/A;N/A;N/A;N/A;N/A;N/A;N/A;N/A;N/A;N/A;N/A;N/A;N/A;N/A;N/A;N/A;N/A;N/A;N/A;N/A;N/A;N/A;N/A;N/A;N/A;N/A;N/A;N/A;N/A;N/A;N/A;N/A;N/A;N/A;N/A;N/A;N/A;N/A;N/A;N/A;N/A;N/A;N/A;N/A;N/A;N/A;N/A;N/A;N/A;N/A;Sí;N/A;N/A;N/A;N/A
Renault;Clio;1.0;2009;"103500 km";;GANI9491453;8100;;;;;Paysandú;https://auto.mercadolibre.com.uy/MLU-705045056-renault-clio-10-ano-2009-mantenimiento-recien-hecho-_JM;N/A;;"Renault Clio 1.0, Año 2009. Mantenimiento Recién Hecho";USD;Sí;free;false;N/A;N/A;http://perfil.mercadolibre.com.uy/GANI9491453;active;N/A;N/A;Usado;Blanco;Sí;Mecánica;N/A;No;N/A;N/A;N/A;N/A;N/A;N/A;N/A;N/A;N/A;N/A;N/A;No;N/A;N/A;N/A;N/A;N/A;N/A;N/A;N/A;N/A;N/A;N/A;N/A;N/A;N/A;N/A;N/A;N/A;N/A;N/A;N/A;N/A;N/A;N/A;N/A;N/A;N/A;N/A;N/A;N/A;N/A;N/A;N/A;N/A;N/A;N/A;N/A;N/A;N/A;N/A;N/A;N/A;N/A;N/A;N/A;N/A;N/A;N/A;N/A;N/A;N/A;N/A;N/A;N/A;N/A;N/A;N/A;N/A;N/A;N/A;N/A;N/A;N/A;N/A;N/A;N/A;N/A;N/A;N/A;N/A;N/A;N/A;N/A;N/A;N/A;No;N/A;N/A;N/A;N/A;Sí;No;N/A;N/A;N/A;N/A;N/A;N/A;N/A;N/A;N/A;N/A;2;1.0;Nafta;Manual;N/A;"Autos y camionetas";N/A;N/A;N/A;N/A;N/A;N/A;N/A;N/A;N/A;N/A;N/A;N/A;N/A;N/A;N/A;N/A;N/A;N/A;N/A;N/A;N/A;N/A;N/A;N/A;N/A;N/A;N/A;N/A;N/A;N/A;N/A;N/A;N/A;N/A;N/A;N/A;N/A;N/A;N/A;N/A;N/A;N/A;N/A;N/A;N/A;N/A;N/A;N/A;N/A;N/A;N/A;N/A;N/A;N/A;N/A;N/A;N/A;N/A;N/A;N/A;N/A;N/A;N/A;N/A;N/A;N/A;N/A;N/A;N/A;N/A;N/A;N/A;N/A;N/A;N/A;N/A;N/A;N/A;N/A;N/A;N/A;N/A;N/A;N/A;N/A;N/A;N/A;N/A;N/A;N/A;N/A;N/A;N/A;N/A;N/A;N/A;N/A;N/A;N/A;N/A;N/A;N/A;N/A;N/A;N/A;N/A;N/A;N/A;N/A;N/A;N/A;N/A;N/A;N/A;N/A;N/A;N/A;N/A;N/A;N/A;N/A;N/A
Renault;Oroch;"1,6 expresión";2020;"76500 km";;MARTINROVIGLIO;16500;;;;;Mercedes;https://auto.mercadolibre.com.uy/MLU-704559330-renault-oroch-_JM;N/A;;"Renault Oroch";USD;Sí;free;false;N/A;N/A;http://perfil.mercadolibre.com.uy/MARTINROVIGLIO;active;N/A;N/A;Usado;Rojo;No;Hidráulica;Delantera;Sí;Sí;N/A;N/A;N/A;N/A;N/A;N/A;N/A;N/A;N/A;N/A;Sí;N/A;N/A;N/A;N/A;N/A;N/A;N/A;N/A;N/A;N/A;N/A;N/A;N/A;N/A;N/A;N/A;N/A;N/A;N/A;N/A;N/A;Sí;N/A;N/A;N/A;N/A;N/A;N/A;N/A;N/A;N/A;N/A;N/A;N/A;N/A;N/A;N/A;N/A;N/A;N/A;N/A;N/A;N/A;N/A;N/A;N/A;N/A;N/A;N/A;N/A;N/A;N/A;N/A;N/A;N/A;N/A;N/A;N/A;N/A;N/A;N/A;N/A;N/A;N/A;N/A;N/A;N/A;N/A;N/A;N/A;N/A;N/A;N/A;N/A;No;N/A;N/A;N/A;N/A;Sí;Sí;N/A;N/A;N/A;N/A;N/A;N/A;N/A;N/A;N/A;"09:00 a 20:00";4;1.6;Nafta;Manual;Pick-Up;"Autos y camionetas";N/A;N/A;N/A;N/A;N/A;N/A;N/A;N/A;N/A;N/A;N/A;N/A;N/A;N/A;N/A;N/A;N/A;N/A;N/A;N/A;N/A;N/A;N/A;N/A;N/A;N/A;N/A;N/A;N/A;N/A;N/A;N/A;N/A;N/A;N/A;N/A;N/A;N/A;N/A;N/A;N/A;N/A;N/A;N/A;N/A;N/A;N/A;N/A;N/A;N/A;N/A;N/A;N/A;N/A;N/A;N/A;N/A;N/A;N/A;N/A;N/A;N/A;N/A;N/A;N/A;N/A;N/A;N/A;N/A;N/A;N/A;N/A;N/A;N/A;N/A;N/A;N/A;N/A;N/A;N/A;N/A;N/A;N/A;N/A;N/A;N/A;N/A;N/A;N/A;N/A;N/A;N/A;N/A;N/A;N/A;N/A;N/A;Sí;N/A;N/A;Sí;N/A;N/A;N/A;N/A;Sí;N/A;N/A;N/A;N/A;N/A;N/A;Sí;Sí;Sí;Sí;Sí;N/A;N/A;N/A;N/A;Sí
Renault;Kwid;"1.0 Sce 66cv Zen";2018;"106500 km";;LATIENDADEROLLOS;10500;;;;;Maldonado;https://auto.mercadolibre.com.uy/MLU-704346334-renault-kwid-10-sce-66cv-zen-_JM;N/A;;"Renault Kwid 1.0 Sce 66cv Zen";usd;Sí;free;false;N/A;N/A;http://perfil.mercadolibre.com.uy/LATIENDADEROLLOS;active;N/A;N/A;Usado;Blanco;No;Hidráulica;Delantera;N/A;N/A;Sí;N/A;N/A;N/A;N/A;N/A;N/A;N/A;N/A;N/A;N/A;N/A;N/A;N/A;N/A;N/A;N/A;N/A;N/A;N/A;N/A;N/A;N/A;"2423 mm";"1 L";"50 L";5;N/A;N/A;N/A;N/A;N/A;N/A;N/A;N/A;N/A;N/A;N/A;N/A;N/A;N/A;N/A;N/A;N/A;N/A;N/A;N/A;N/A;N/A;N/A;N/A;N/A;N/A;N/A;N/A;N/A;N/A;N/A;N/A;N/A;N/A;N/A;N/A;N/A;N/A;N/A;N/A;N/A;N/A;N/A;N/A;N/A;"1474 mm";"3680 mm";N/A;N/A;N/A;N/A;5;"66 hp";Zen;N/A;4;"1752 mm";N/A;No;N/A;N/A;N/A;N/A;Sí;No;N/A;N/A;N/A;N/A;N/A;N/A;N/A;N/A;N/A;N/A;5;1.0;Nafta;Manual;Hatchback;"Autos y camionetas";N/A;N/A;N/A;N/A;N/A;N/A;UY;N/A;N/A;N/A;N/A;N/A;N/A;N/A;N/A;N/A;N/A;N/A;N/A;N/A;N/A;N/A;N/A;N/A;N/A;N/A;N/A;N/A;N/A;N/A;N/A;N/A;N/A;N/A;N/A;N/A;N/A;N/A;N/A;N/A;N/A;N/A;N/A;N/A;N/A;N/A;N/A;N/A;N/A;N/A;N/A;N/A;N/A;N/A;N/A;N/A;N/A;N/A;N/A;N/A;N/A;N/A;N/A;N/A;N/A;N/A;N/A;N/A;N/A;N/A;N/A;N/A;N/A;N/A;N/A;N/A;N/A;N/A;N/A;N/A;N/A;N/A;N/A;N/A;N/A;N/A;N/A;N/A;N/A;N/A;N/A;N/A;N/A;N/A;N/A;N/A;N/A;N/A;N/A;N/A;N/A;N/A;N/A;N/A;N/A;N/A;N/A;N/A;N/A;N/A;N/A;N/A;N/A;N/A;N/A;N/A;N/A;N/A;N/A;N/A;N/A;N/A
Renault;Sandero;"2.0 Rs 145cv";2018;"72000 km";;BENTANCORLEANDRO20221004200804;16500;;;;;N/A;https://auto.mercadolibre.com.uy/MLU-703814368-renault-sandero-20-rs-145cv-_JM;N/A;;"Renault Sandero 2.0 Rs 145cv";usd;Sí;free;false;N/A;N/A;http://perfil.mercadolibre.com.uy/BENTANCORLEANDRO20221004200804;active;N/A;N/A;Usado;Negro;Sí;Hidráulica;Delantera;Sí;N/A;Sí;N/A;N/A;Sí;N/A;N/A;N/A;N/A;N/A;N/A;N/A;N/A;N/A;N/A;N/A;N/A;N/A;N/A;N/A;N/A;N/A;N/A;N/A;"2590 mm";"2 L";"50 L";5;N/A;N/A;N/A;N/A;N/A;N/A;N/A;N/A;N/A;N/A;N/A;N/A;N/A;N/A;N/A;N/A;N/A;N/A;N/A;N/A;N/A;N/A;N/A;N/A;N/A;N/A;N/A;N/A;N/A;N/A;N/A;N/A;N/A;N/A;N/A;N/A;N/A;N/A;N/A;N/A;N/A;N/A;N/A;N/A;N/A;"1536 mm";"4060 mm";N/A;N/A;N/A;N/A;5;"105 hp";Rs;N/A;4;"1733 mm";"9.5 km/l";Sí;N/A;N/A;N/A;N/A;Sí;Sí;N/A;N/A;N/A;"5.7 km/l";Sí;N/A;N/A;N/A;N/A;N/A;5;2.0;Nafta;Manual;Hatchback;"Autos y camionetas";N/A;N/A;N/A;N/A;N/A;N/A;UY;N/A;N/A;N/A;N/A;N/A;N/A;N/A;N/A;N/A;N/A;N/A;N/A;N/A;N/A;N/A;N/A;N/A;N/A;N/A;N/A;N/A;N/A;N/A;N/A;N/A;N/A;N/A;N/A;N/A;N/A;N/A;N/A;N/A;N/A;N/A;N/A;N/A;N/A;N/A;N/A;N/A;N/A;N/A;N/A;N/A;N/A;N/A;N/A;N/A;N/A;N/A;N/A;N/A;N/A;N/A;N/A;N/A;N/A;N/A;N/A;N/A;N/A;N/A;N/A;N/A;N/A;N/A;N/A;N/A;N/A;N/A;N/A;N/A;N/A;N/A;N/A;N/A;N/A;N/A;N/A;N/A;N/A;N/A;N/A;N/A;N/A;N/A;N/A;N/A;Sí;Sí;N/A;N/A;Sí;N/A;N/A;N/A;N/A;N/A;N/A;N/A;N/A;N/A;N/A;N/A;N/A;N/A;N/A;N/A;N/A;Sí;N/A;N/A;N/A;N/A
Renault;"Duster Oroch";"1.6 Sce Zen Mt";2023;"26000 km";;ALEJOKAY;20000;;;;;"San José de Mayo";https://auto.mercadolibre.com.uy/MLU-703912512-renault-duster-oroch-16-sce-zen-mt-_JM;N/A;;"Renault Duster Oroch 1.6 Sce Zen Mt";usd;Sí;free;false;N/A;N/A;http://perfil.mercadolibre.com.uy/ALEJOKAY;active;N/A;N/A;Usado;Gris;No;Hidráulica;4x2;Sí;N/A;N/A;N/A;N/A;N/A;N/A;N/A;N/A;N/A;N/A;N/A;Sí;N/A;N/A;N/A;N/A;N/A;N/A;N/A;N/A;N/A;N/A;N/A;N/A;"2829 mm";"1.6 L";"45 L";6;N/A;N/A;N/A;N/A;N/A;Sí;N/A;N/A;N/A;N/A;N/A;N/A;N/A;N/A;N/A;N/A;N/A;N/A;N/A;N/A;N/A;N/A;N/A;N/A;N/A;N/A;N/A;N/A;N/A;N/A;N/A;N/A;N/A;N/A;N/A;N/A;N/A;N/A;N/A;N/A;N/A;N/A;N/A;N/A;N/A;"1631 mm";"4700 mm";N/A;N/A;N/A;N/A;5;"112 hp";Zen;N/A;4;"1821 mm";N/A;N/A;N/A;N/A;N/A;N/A;Sí;Sí;N/A;N/A;N/A;N/A;N/A;N/A;N/A;N/A;N/A;"8 a 20";4;1.6;Nafta;Manual;Pick-Up;"Autos y camionetas";N/A;N/A;N/A;N/A;N/A;N/A;UY;N/A;N/A;N/A;N/A;N/A;N/A;N/A;N/A;N/A;N/A;N/A;N/A;N/A;N/A;N/A;N/A;N/A;N/A;N/A;N/A;N/A;N/A;N/A;N/A;N/A;N/A;N/A;N/A;N/A;N/A;N/A;N/A;N/A;N/A;N/A;N/A;N/A;N/A;N/A;N/A;N/A;N/A;N/A;N/A;N/A;N/A;N/A;N/A;N/A;N/A;N/A;N/A;N/A;N/A;N/A;N/A;N/A;N/A;N/A;N/A;N/A;N/A;N/A;N/A;N/A;N/A;N/A;N/A;N/A;N/A;N/A;N/A;N/A;N/A;N/A;N/A;N/A;N/A;N/A;N/A;N/A;N/A;N/A;N/A;N/A;N/A;N/A;N/A;N/A;N/A;N/A;Sí;N/A;N/A;N/A;N/A;N/A;N/A;N/A;N/A;N/A;N/A;N/A;N/A;N/A;Sí;N/A;N/A;N/A;N/A;N/A;N/A;N/A;N/A;N/A
Renault;Kangoo;"Express Confort VF";2013;"130000 km";;NUÑEZIRIS20230302162001;8200;;;;;Salto;https://auto.mercadolibre.com.uy/MLU-702910666-pasajeros-2-_JM;N/A;;"Pasajeros 2";usd;Sí;free;false;N/A;N/A;http://perfil.mercadolibre.com.uy/NU%C3%91EZIRIS20230302162001;active;N/A;N/A;Usado;Gris;Sí;Hidráulica;Delantera;N/A;N/A;N/A;N/A;N/A;N/A;N/A;N/A;N/A;N/A;N/A;N/A;N/A;N/A;N/A;N/A;N/A;N/A;N/A;N/A;N/A;N/A;N/A;N/A;N/A;"2600 mm";"1.5 L";"52 L";5;N/A;N/A;N/A;N/A;N/A;N/A;N/A;N/A;N/A;N/A;N/A;N/A;N/A;N/A;N/A;N/A;N/A;N/A;N/A;N/A;N/A;N/A;N/A;N/A;N/A;N/A;N/A;N/A;N/A;N/A;N/A;N/A;N/A;No;N/A;N/A;N/A;N/A;N/A;N/A;N/A;N/A;N/A;N/A;N/A;"1860 mm";"4010 mm";N/A;N/A;N/A;N/A;2;"65 hp";Confort;N/A;2;"1670 mm";N/A;N/A;N/A;N/A;N/A;N/A;N/A;N/A;N/A;N/A;N/A;N/A;N/A;N/A;N/A;N/A;N/A;N/A;4;1.5;Nafta;Manual;Furgón;"Autos y camionetas";N/A;N/A;N/A;N/A;N/A;N/A;UY;N/A;N/A;N/A;N/A;N/A;N/A;N/A;N/A;N/A;N/A;N/A;N/A;N/A;N/A;N/A;N/A;N/A;N/A;N/A;N/A;N/A;N/A;N/A;N/A;N/A;N/A;N/A;N/A;N/A;N/A;N/A;N/A;N/A;N/A;N/A;N/A;N/A;N/A;N/A;N/A;N/A;N/A;N/A;N/A;N/A;N/A;N/A;N/A;N/A;N/A;N/A;N/A;N/A;N/A;N/A;N/A;N/A;N/A;N/A;N/A;N/A;N/A;N/A;N/A;N/A;N/A;N/A;N/A;N/A;N/A;N/A;N/A;N/A;N/A;N/A;N/A;N/A;N/A;N/A;N/A;N/A;N/A;N/A;N/A;N/A;N/A;N/A;N/A;N/A;N/A;N/A;N/A;N/A;N/A;N/A;N/A;N/A;N/A;N/A;N/A;N/A;N/A;N/A;N/A;N/A;N/A;N/A;N/A;N/A;N/A;N/A;N/A;N/A;N/A;N/A
Renault;Fluence;"RS 2.0 turbo";2014;"175000 km";;AMILCARAIRA;14500;;;;;"Villa García";https://auto.mercadolibre.com.uy/MLU-702937692-renault-fluence-rs-turbo-_JM;N/A;;"Renault Fluence Rs Turbo";USD;Sí;free;false;N/A;N/A;http://perfil.mercadolibre.com.uy/AMILCARAIRA;active;N/A;N/A;Usado;Plateado;Sí;N/A;Delantera;Sí;Sí;N/A;N/A;N/A;Sí;N/A;N/A;Sí;N/A;N/A;Sí;Sí;N/A;Sí;N/A;N/A;N/A;N/A;N/A;N/A;N/A;N/A;N/A;N/A;N/A;N/A;N/A;N/A;N/A;N/A;N/A;N/A;N/A;Sí;N/A;N/A;N/A;N/A;N/A;N/A;N/A;N/A;N/A;N/A;N/A;N/A;N/A;N/A;N/A;N/A;N/A;N/A;N/A;N/A;N/A;N/A;N/A;N/A;N/A;N/A;N/A;N/A;N/A;N/A;N/A;N/A;N/A;N/A;N/A;N/A;N/A;N/A;N/A;N/A;N/A;N/A;N/A;N/A;N/A;N/A;N/A;N/A;N/A;N/A;N/A;N/A;No;N/A;Sí;Sí;N/A;Sí;Sí;N/A;N/A;N/A;N/A;N/A;N/A;N/A;N/A;N/A;N/A;4;2.0;Nafta;Manual;N/A;"Autos y camionetas";N/A;N/A;N/A;N/A;N/A;N/A;N/A;N/A;N/A;N/A;N/A;N/A;N/A;N/A;N/A;N/A;N/A;N/A;N/A;N/A;N/A;N/A;N/A;N/A;No;N/A;N/A;N/A;N/A;N/A;N/A;N/A;N/A;N/A;N/A;N/A;N/A;N/A;N/A;N/A;N/A;N/A;N/A;N/A;N/A;N/A;N/A;N/A;N/A;N/A;N/A;N/A;N/A;N/A;N/A;N/A;N/A;N/A;N/A;N/A;N/A;N/A;N/A;N/A;N/A;N/A;N/A;N/A;N/A;N/A;N/A;N/A;N/A;N/A;N/A;N/A;N/A;N/A;N/A;N/A;N/A;N/A;N/A;N/A;N/A;N/A;N/A;N/A;N/A;N/A;N/A;N/A;N/A;N/A;N/A;No;Sí;Sí;N/A;N/A;Sí;N/A;N/A;N/A;N/A;Sí;Sí;Sí;Sí;N/A;N/A;Sí;Sí;Sí;Sí;Sí;Sí;Sí;No;Sí;N/A;Sí
Renault;Kwid;"1.0 Sce 66cv Zen";2020;"72000 km";;ALICIARABUAL;11800;;;;;"El Pinar";https://auto.mercadolibre.com.uy/MLU-705186950-renault-kwid-zen-10-_JM;N/A;;"Renault Kwid Zen 1.0";usd;Sí;free;false;N/A;N/A;http://perfil.mercadolibre.com.uy/ALICIARABUAL;active;N/A;N/A;Usado;Naranja;No;Asistida;Delantera;Sí;Sí;Sí;N/A;N/A;N/A;N/A;N/A;N/A;N/A;N/A;N/A;Sí;N/A;N/A;N/A;N/A;N/A;N/A;N/A;N/A;N/A;N/A;N/A;N/A;"2423 mm";"1 L";"50 L";5;N/A;N/A;N/A;N/A;N/A;N/A;N/A;N/A;N/A;N/A;N/A;N/A;N/A;N/A;N/A;N/A;N/A;N/A;N/A;N/A;N/A;N/A;N/A;N/A;N/A;N/A;N/A;N/A;N/A;N/A;N/A;N/A;N/A;N/A;N/A;N/A;N/A;N/A;N/A;N/A;N/A;N/A;N/A;N/A;N/A;"1474 mm";"3680 mm";N/A;N/A;N/A;N/A;5;"66 hp";Zen;N/A;4;"1752 mm";N/A;N/A;N/A;N/A;N/A;N/A;Sí;N/A;N/A;N/A;N/A;N/A;N/A;N/A;N/A;N/A;N/A;"Pablo y Alicia";5;1.0;Nafta;Manual;Hatchback;"Autos y camionetas";N/A;N/A;N/A;N/A;N/A;N/A;UY;N/A;N/A;N/A;N/A;N/A;N/A;N/A;N/A;N/A;N/A;N/A;N/A;N/A;N/A;N/A;N/A;N/A;Sí;N/A;N/A;N/A;N/A;N/A;N/A;N/A;N/A;N/A;N/A;N/A;N/A;N/A;N/A;N/A;N/A;N/A;N/A;N/A;N/A;N/A;N/A;N/A;N/A;N/A;N/A;N/A;N/A;N/A;N/A;N/A;N/A;N/A;N/A;N/A;N/A;N/A;N/A;N/A;N/A;N/A;N/A;N/A;N/A;N/A;N/A;N/A;N/A;N/A;N/A;N/A;N/A;N/A;N/A;N/A;N/A;N/A;N/A;N/A;N/A;N/A;N/A;N/A;N/A;N/A;N/A;N/A;N/A;N/A;N/A;N/A;Sí;Sí;N/A;N/A;Sí;N/A;N/A;N/A;N/A;Sí;N/A;N/A;Sí;N/A;N/A;N/A;N/A;N/A;Sí;Sí;Sí;N/A;N/A;N/A;N/A;Sí
Renault;"Sandero Stepway";"1.6 Privilege 105cv";2012;"137000 km";;J-ES19862011;10000;;;;;"Ecilda Paullier";https://auto.mercadolibre.com.uy/MLU-705203668-renault-sandero-stepway-2012-16-privilege-105cv-_JM;N/A;;"Renault Sandero Stepway 2012 1.6 Privilege 105cv";usd;Sí;free;false;N/A;N/A;http://perfil.mercadolibre.com.uy/J-ES19862011;active;N/A;N/A;Usado;N/A;N/A;Hidráulica;Delantera;N/A;N/A;Sí;N/A;N/A;N/A;N/A;N/A;N/A;N/A;N/A;N/A;N/A;N/A;N/A;N/A;N/A;N/A;N/A;N/A;N/A;N/A;N/A;N/A;N/A;"2588 mm";"1.6 L";"50 L";5;N/A;N/A;N/A;N/A;N/A;N/A;N/A;N/A;N/A;N/A;N/A;N/A;N/A;N/A;N/A;N/A;N/A;N/A;N/A;N/A;N/A;N/A;N/A;N/A;N/A;N/A;N/A;N/A;N/A;N/A;N/A;N/A;N/A;N/A;N/A;N/A;N/A;N/A;N/A;N/A;N/A;N/A;N/A;N/A;N/A;"1630 mm";"4091 mm";N/A;N/A;N/A;N/A;5;"105 hp";Privilege;N/A;4;"1751 mm";"9.3 km/l";N/A;N/A;N/A;N/A;N/A;N/A;Sí;N/A;N/A;N/A;"5.9 km/l";N/A;N/A;N/A;N/A;N/A;N/A;5;1.6;Nafta;Manual;Hatchback;"Autos y camionetas";N/A;N/A;N/A;N/A;N/A;N/A;UY;N/A;N/A;N/A;N/A;N/A;N/A;N/A;N/A;N/A;N/A;N/A;N/A;N/A;N/A;N/A;N/A;N/A;N/A;N/A;N/A;N/A;N/A;N/A;N/A;N/A;N/A;N/A;N/A;N/A;N/A;N/A;N/A;N/A;N/A;N/A;N/A;N/A;N/A;N/A;N/A;N/A;N/A;N/A;N/A;N/A;N/A;N/A;N/A;N/A;N/A;N/A;N/A;N/A;N/A;N/A;N/A;N/A;N/A;N/A;N/A;N/A;N/A;N/A;N/A;N/A;N/A;N/A;N/A;N/A;N/A;N/A;N/A;N/A;N/A;N/A;N/A;N/A;N/A;N/A;N/A;N/A;N/A;N/A;N/A;N/A;N/A;N/A;N/A;N/A;N/A;N/A;N/A;N/A;N/A;N/A;N/A;N/A;N/A;N/A;N/A;N/A;N/A;N/A;N/A;N/A;Sí;N/A;N/A;N/A;N/A;N/A;N/A;Sí;N/A;N/A
Renault;Kwid;"1.0 Sce 66cv Zen";2020;"69950 km";;GUZMANAMILIVIA;10500;;;;;Malvin;https://auto.mercadolibre.com.uy/MLU-706149192-renault-kwid-zen-2020-69950km-_JM;N/A;;"Renault Kwid Zen 2020 69.950km";usd;Sí;free;false;N/A;N/A;http://perfil.mercadolibre.com.uy/GUZMANAMILIVIA;active;N/A;N/A;Usado;Blanco;N/A;N/A;Delantera;N/A;N/A;Sí;N/A;N/A;N/A;N/A;N/A;N/A;N/A;N/A;N/A;N/A;N/A;N/A;N/A;N/A;N/A;N/A;N/A;N/A;N/A;N/A;N/A;N/A;"2423 mm";"1 L";"50 L";5;N/A;N/A;N/A;N/A;N/A;N/A;N/A;N/A;N/A;N/A;N/A;N/A;N/A;N/A;N/A;N/A;N/A;N/A;N/A;N/A;N/A;N/A;N/A;N/A;N/A;N/A;N/A;N/A;N/A;N/A;N/A;N/A;N/A;N/A;N/A;N/A;N/A;N/A;N/A;N/A;N/A;N/A;N/A;N/A;N/A;"1474 mm";"3680 mm";N/A;N/A;N/A;N/A;5;"66 hp";Zen;N/A;4;"1752 mm";N/A;N/A;N/A;N/A;N/A;N/A;N/A;N/A;N/A;N/A;N/A;N/A;N/A;N/A;N/A;N/A;N/A;N/A;5;1.0;Nafta;Manual;Hatchback;"Autos y camionetas";N/A;N/A;N/A;N/A;N/A;N/A;UY;N/A;N/A;N/A;N/A;N/A;N/A;N/A;N/A;N/A;N/A;N/A;N/A;N/A;N/A;N/A;N/A;N/A;N/A;N/A;N/A;N/A;N/A;N/A;N/A;N/A;N/A;N/A;N/A;N/A;N/A;N/A;N/A;N/A;N/A;N/A;N/A;N/A;N/A;N/A;N/A;N/A;N/A;N/A;N/A;N/A;N/A;N/A;N/A;N/A;N/A;N/A;N/A;N/A;N/A;N/A;N/A;N/A;N/A;N/A;N/A;N/A;N/A;N/A;N/A;N/A;N/A;N/A;N/A;N/A;N/A;N/A;N/A;N/A;N/A;N/A;N/A;N/A;N/A;N/A;N/A;N/A;N/A;N/A;N/A;N/A;N/A;N/A;N/A;N/A;N/A;N/A;N/A;N/A;N/A;N/A;N/A;N/A;N/A;N/A;N/A;N/A;N/A;N/A;N/A;N/A;N/A;N/A;N/A;N/A;N/A;N/A;N/A;N/A;N/A;N/A
Renault;Clio;"Pack Mio 1.2 16V";2016;"163000 km";;BURGUEOFERNANDO;8700;;;;;Pando;https://auto.mercadolibre.com.uy/MLU-704307732-renault-clio-pack-mio-12-16v-_JM;N/A;;"Renault Clio Pack Mio 1.2 16v";USD;Sí;free;false;N/A;N/A;http://perfil.mercadolibre.com.uy/BURGUEOFERNANDO;active;N/A;N/A;Usado;N/A;N/A;N/A;N/A;N/A;N/A;N/A;N/A;N/A;N/A;N/A;N/A;N/A;N/A;N/A;N/A;N/A;N/A;N/A;N/A;N/A;N/A;N/A;N/A;N/A;N/A;N/A;N/A;N/A;N/A;N/A;N/A;N/A;N/A;N/A;N/A;N/A;N/A;N/A;N/A;N/A;N/A;N/A;N/A;N/A;N/A;N/A;N/A;N/A;N/A;N/A;N/A;N/A;N/A;N/A;N/A;N/A;N/A;N/A;N/A;N/A;N/A;N/A;N/A;N/A;N/A;N/A;N/A;N/A;N/A;N/A;N/A;N/A;N/A;N/A;N/A;N/A;N/A;N/A;N/A;N/A;N/A;N/A;N/A;N/A;N/A;N/A;N/A;N/A;N/A;N/A;N/A;N/A;N/A;N/A;N/A;N/A;N/A;N/A;N/A;N/A;N/A;N/A;N/A;N/A;N/A;N/A;N/A;5;N/A;Nafta;N/A;N/A;"Autos y camionetas";N/A;N/A;N/A;N/A;N/A;N/A;N/A;N/A;N/A;N/A;N/A;N/A;N/A;N/A;N/A;N/A;N/A;N/A;N/A;N/A;N/A;N/A;N/A;N/A;N/A;N/A;N/A;N/A;N/A;N/A;N/A;N/A;N/A;N/A;N/A;N/A;N/A;N/A;N/A;N/A;N/A;N/A;N/A;N/A;N/A;N/A;N/A;N/A;N/A;N/A;N/A;N/A;N/A;N/A;N/A;N/A;N/A;N/A;N/A;N/A;N/A;N/A;N/A;N/A;N/A;N/A;N/A;N/A;N/A;N/A;N/A;N/A;N/A;N/A;N/A;N/A;N/A;N/A;N/A;N/A;N/A;N/A;N/A;N/A;N/A;N/A;N/A;N/A;N/A;N/A;N/A;N/A;N/A;N/A;N/A;N/A;N/A;N/A;N/A;N/A;N/A;N/A;N/A;N/A;N/A;N/A;N/A;N/A;N/A;N/A;N/A;N/A;N/A;N/A;N/A;N/A;N/A;N/A;N/A;N/A;N/A;N/A
Renault;Oroch;"1.6 Sce Intens Outsider 2Wd Mt";2017;"95000 km";;NIK_DU;15600;;;;;"Nuevo Berlín";https://auto.mercadolibre.com.uy/MLU-703924734-renault-oroch-16-_JM;N/A;;"Renault Oroch 1.6";USD;Sí;free;false;N/A;N/A;http://perfil.mercadolibre.com.uy/NIK_DU;active;N/A;N/A;Usado;Blanco;No;Hidráulica;N/A;Sí;Sí;N/A;N/A;N/A;No;N/A;N/A;No;N/A;N/A;No;Sí;N/A;No;N/A;N/A;N/A;N/A;N/A;N/A;N/A;N/A;N/A;N/A;N/A;N/A;N/A;N/A;N/A;N/A;N/A;N/A;N/A;No;N/A;N/A;N/A;N/A;N/A;N/A;N/A;N/A;N/A;N/A;N/A;N/A;N/A;N/A;N/A;N/A;N/A;N/A;N/A;N/A;N/A;N/A;N/A;Sí;N/A;N/A;N/A;N/A;N/A;N/A;N/A;N/A;N/A;N/A;N/A;N/A;N/A;N/A;N/A;N/A;N/A;N/A;N/A;N/A;N/A;N/A;N/A;N/A;N/A;N/A;N/A;N/A;No;N/A;Sí;Sí;N/A;Sí;No;N/A;No;N/A;N/A;Sí;Sí;N/A;N/A;No;"Lunes a sábado de 8 a 19 hs";5;1.6;Nafta;Manual;Pick-Up;"Autos y camionetas";No;N/A;N/A;N/A;No;N/A;N/A;N/A;Sí;N/A;Sí;N/A;N/A;N/A;N/A;N/A;N/A;N/A;N/A;N/A;N/A;N/A;N/A;N/A;No;N/A;N/A;N/A;N/A;N/A;N/A;N/A;N/A;N/A;N/A;N/A;N/A;N/A;N/A;N/A;N/A;N/A;N/A;No;N/A;N/A;N/A;N/A;N/A;N/A;N/A;N/A;N/A;N/A;N/A;N/A;N/A;N/A;N/A;N/A;N/A;No;Sí;N/A;N/A;N/A;N/A;N/A;N/A;N/A;N/A;N/A;N/A;N/A;N/A;N/A;N/A;N/A;N/A;N/A;N/A;N/A;N/A;N/A;N/A;N/A;N/A;N/A;N/A;N/A;N/A;N/A;N/A;N/A;N/A;No;Sí;No;Sí;N/A;Sí;N/A;N/A;N/A;N/A;Sí;No;No;No;N/A;N/A;No;Sí;Sí;Sí;Sí;Sí;Sí;No;No;N/A;Sí
Renault;R11;"1.6 Ts";1990;"199990 km";;CANA8108884;3000;;;;;"Flor de Maroñas";https://auto.mercadolibre.com.uy/MLU-703899604-renault-r11-16ts-_JM;N/A;;"Renault R11 1.6ts";usd;No;free;false;N/A;N/A;http://perfil.mercadolibre.com.uy/CANA8108884;active;N/A;N/A;Usado;N/A;N/A;Hidráulica;Delantera;N/A;N/A;N/A;N/A;N/A;N/A;N/A;N/A;N/A;N/A;N/A;N/A;N/A;N/A;N/A;N/A;N/A;N/A;N/A;N/A;N/A;N/A;N/A;N/A;N/A;"2483 mm";"1.4 L";"47 L";5;N/A;N/A;N/A;N/A;N/A;N/A;N/A;N/A;N/A;N/A;N/A;N/A;N/A;N/A;N/A;N/A;N/A;N/A;N/A;N/A;N/A;N/A;N/A;N/A;N/A;N/A;N/A;N/A;N/A;N/A;N/A;N/A;N/A;N/A;N/A;N/A;N/A;N/A;N/A;N/A;N/A;N/A;N/A;N/A;N/A;"1395 mm";"3973 mm";N/A;N/A;N/A;N/A;5;"72 hp";Ts;N/A;2;"1660 mm";"10.2 km/l";N/A;N/A;N/A;N/A;N/A;N/A;N/A;N/A;N/A;N/A;"5.9 km/l";N/A;N/A;N/A;N/A;N/A;N/A;5;1.4;Nafta;Manual;Hatchback;"Autos y camionetas";N/A;N/A;N/A;N/A;N/A;N/A;UY;N/A;N/A;N/A;N/A;N/A;N/A;N/A;N/A;N/A;N/A;N/A;N/A;N/A;N/A;N/A;N/A;N/A;N/A;N/A;N/A;N/A;N/A;N/A;N/A;N/A;N/A;N/A;N/A;N/A;N/A;N/A;N/A;N/A;N/A;N/A;N/A;N/A;N/A;N/A;N/A;N/A;N/A;N/A;N/A;N/A;N/A;N/A;N/A;N/A;N/A;N/A;N/A;N/A;N/A;N/A;N/A;N/A;N/A;N/A;N/A;N/A;N/A;N/A;N/A;N/A;N/A;N/A;N/A;N/A;N/A;N/A;N/A;N/A;N/A;N/A;N/A;N/A;N/A;N/A;N/A;N/A;N/A;N/A;N/A;N/A;N/A;N/A;N/A;N/A;N/A;N/A;N/A;N/A;N/A;N/A;N/A;N/A;N/A;N/A;N/A;N/A;N/A;N/A;N/A;N/A;N/A;N/A;N/A;N/A;N/A;N/A;N/A;N/A;N/A;N/A
Renault;Clio;1.0;2001;"140000 km";;BAL4811045;6200;;;;;Palmitas;https://auto.mercadolibre.com.uy/MLU-703014832-renault-clio-2-10-_JM;N/A;;"Renault Clio 2 1.0";USD;No;free;false;N/A;N/A;http://perfil.mercadolibre.com.uy/BAL4811045;active;N/A;N/A;Usado;Negro;No;Mecánica;Delantera;No;Sí;N/A;N/A;N/A;N/A;N/A;N/A;N/A;N/A;N/A;N/A;Sí;N/A;N/A;N/A;N/A;N/A;N/A;N/A;N/A;N/A;N/A;N/A;N/A;N/A;N/A;N/A;N/A;N/A;N/A;N/A;N/A;N/A;N/A;N/A;N/A;N/A;N/A;N/A;N/A;N/A;N/A;N/A;N/A;N/A;N/A;N/A;N/A;N/A;N/A;N/A;N/A;N/A;N/A;N/A;N/A;N/A;N/A;N/A;N/A;N/A;N/A;N/A;N/A;N/A;N/A;N/A;N/A;N/A;N/A;N/A;N/A;N/A;N/A;N/A;N/A;N/A;N/A;N/A;N/A;N/A;N/A;N/A;N/A;N/A;N/A;N/A;N/A;Sí;N/A;N/A;N/A;N/A;N/A;N/A;N/A;N/A;N/A;N/A;N/A;N/A;Sí;"Si quiere realizar llamada enviar mensaje previo.";5;1.0;Nafta;Manual;Hatchback;"Autos y camionetas";N/A;N/A;N/A;N/A;N/A;N/A;N/A;N/A;Sí;N/A;N/A;N/A;N/A;N/A;N/A;N/A;N/A;N/A;N/A;N/A;N/A;N/A;N/A;N/A;N/A;N/A;N/A;N/A;N/A;N/A;N/A;N/A;N/A;N/A;N/A;N/A;N/A;N/A;N/A;N/A;N/A;N/A;N/A;N/A;N/A;N/A;N/A;N/A;N/A;N/A;N/A;N/A;N/A;N/A;N/A;N/A;N/A;N/A;N/A;N/A;N/A;N/A;N/A;N/A;N/A;N/A;N/A;N/A;N/A;N/A;N/A;N/A;N/A;N/A;N/A;N/A;N/A;N/A;N/A;N/A;N/A;N/A;N/A;N/A;N/A;N/A;N/A;N/A;N/A;N/A;N/A;N/A;N/A;N/A;N/A;N/A;N/A;Sí;N/A;N/A;Sí;N/A;N/A;N/A;N/A;Sí;N/A;Sí;Sí;N/A;N/A;N/A;N/A;N/A;Sí;Sí;Sí;N/A;N/A;Sí;N/A;Sí
Renault;Clio;"1.2 Iv Fase Ii Authentique";2017;"98700 km";;GUSTAFFAF;12600;;;;;Unión;https://auto.mercadolibre.com.uy/MLU-703054684-renault-clio-2017-12-iv-fase-ii-authentique-_JM;N/A;;"Renault Clio 2017 1.2 Iv Fase Ii Authentique";usd;Sí;free;false;N/A;N/A;http://perfil.mercadolibre.com.uy/GUSTAFFAF;active;N/A;N/A;Usado;N/A;N/A;Hidráulica;Delantera;N/A;N/A;Sí;N/A;N/A;N/A;N/A;N/A;N/A;N/A;N/A;N/A;N/A;N/A;N/A;N/A;N/A;N/A;N/A;N/A;N/A;N/A;N/A;N/A;N/A;"2472 mm";"1.2 L";"50 L";5;N/A;N/A;N/A;N/A;N/A;N/A;N/A;N/A;N/A;N/A;N/A;N/A;N/A;N/A;N/A;N/A;N/A;N/A;N/A;N/A;N/A;N/A;N/A;N/A;N/A;N/A;N/A;N/A;N/A;N/A;N/A;N/A;N/A;N/A;N/A;N/A;N/A;N/A;N/A;N/A;N/A;N/A;N/A;N/A;N/A;"1417 mm";"3811 mm";N/A;N/A;N/A;N/A;5;"75 hp";Authentique;N/A;4;"1639 mm";N/A;N/A;N/A;N/A;N/A;N/A;N/A;N/A;N/A;N/A;N/A;N/A;N/A;N/A;N/A;N/A;N/A;N/A;3;1.2;Nafta;Manual;Hatchback;"Autos y camionetas";N/A;N/A;N/A;N/A;N/A;N/A;UY;N/A;N/A;N/A;N/A;N/A;N/A;N/A;N/A;N/A;N/A;N/A;N/A;N/A;N/A;N/A;N/A;N/A;N/A;N/A;N/A;N/A;N/A;N/A;N/A;N/A;N/A;N/A;N/A;N/A;N/A;N/A;N/A;N/A;N/A;N/A;N/A;N/A;N/A;N/A;N/A;N/A;N/A;N/A;N/A;N/A;N/A;N/A;N/A;N/A;N/A;N/A;N/A;N/A;N/A;N/A;N/A;N/A;N/A;N/A;N/A;N/A;N/A;N/A;N/A;N/A;N/A;N/A;N/A;N/A;N/A;N/A;N/A;N/A;N/A;N/A;N/A;N/A;N/A;N/A;N/A;N/A;N/A;N/A;N/A;N/A;N/A;N/A;N/A;N/A;N/A;N/A;N/A;N/A;N/A;N/A;N/A;N/A;N/A;N/A;N/A;N/A;N/A;N/A;N/A;N/A;N/A;N/A;N/A;N/A;N/A;N/A;N/A;N/A;N/A;N/A
Renault;Oroch;"1.6 Sce Cargo 2Wd Mt";2022;"69200 km";;ELECTROMARCIANO;19000;;;;;Cerrito;https://auto.mercadolibre.com.uy/MLU-647107651-renault-oroch-16-sce-cargo-2wd-mt-_JM;N/A;;"Renault Oroch 1.6 Sce Cargo 2wd Mt";usd;Sí;free;false;N/A;N/A;http://perfil.mercadolibre.com.uy/ELECTROMARCIANO;active;N/A;N/A;Usado;Rojo;Sí;Eléctrica;Delantera;Sí;N/A;N/A;N/A;N/A;N/A;N/A;N/A;N/A;N/A;N/A;N/A;Sí;N/A;N/A;N/A;N/A;N/A;N/A;N/A;N/A;N/A;N/A;N/A;N/A;"2890 mm";"1.6 L";"45 L";6;N/A;N/A;N/A;N/A;N/A;Sí;N/A;N/A;N/A;N/A;N/A;N/A;N/A;N/A;N/A;N/A;N/A;N/A;N/A;N/A;N/A;N/A;N/A;N/A;N/A;N/A;N/A;N/A;N/A;N/A;N/A;N/A;N/A;N/A;N/A;N/A;N/A;N/A;N/A;N/A;N/A;N/A;N/A;N/A;N/A;"1631 mm";"4700 mm";N/A;N/A;N/A;N/A;5;"118 hp";Cargo;N/A;4;"1821 mm";N/A;Sí;N/A;Sí;N/A;N/A;Sí;N/A;N/A;N/A;N/A;N/A;N/A;N/A;N/A;N/A;N/A;N/A;4;1.6;Nafta;Manual;Pick-Up;"Autos y camionetas";N/A;N/A;N/A;N/A;N/A;N/A;UY;N/A;N/A;N/A;N/A;N/A;N/A;N/A;N/A;N/A;N/A;N/A;N/A;N/A;N/A;N/A;N/A;N/A;N/A;N/A;N/A;N/A;N/A;N/A;N/A;N/A;N/A;N/A;N/A;N/A;N/A;N/A;N/A;N/A;N/A;N/A;N/A;N/A;N/A;N/A;N/A;N/A;N/A;N/A;N/A;N/A;N/A;N/A;N/A;N/A;N/A;N/A;N/A;N/A;N/A;N/A;N/A;N/A;N/A;N/A;N/A;N/A;N/A;N/A;N/A;N/A;N/A;N/A;N/A;N/A;N/A;N/A;N/A;N/A;N/A;N/A;N/A;N/A;N/A;N/A;N/A;N/A;N/A;N/A;N/A;N/A;N/A;N/A;N/A;N/A;N/A;N/A;Sí;N/A;N/A;N/A;N/A;N/A;N/A;N/A;N/A;N/A;N/A;N/A;N/A;N/A;N/A;N/A;Sí;Sí;Sí;N/A;Sí;Sí;N/A;Sí
Renault;Duster;"1.6 16v Intens";2022;"51000 km";;JPGSYR;20700;;;;;"Tres Cruces";https://auto.mercadolibre.com.uy/MLU-703080390-renault-duster-2022-16-16v-intens-_JM;N/A;;"Renault Duster 2022 1.6 16v Intens";usd;Sí;free;false;N/A;N/A;http://perfil.mercadolibre.com.uy/JPGSYR;active;N/A;N/A;Usado;N/A;N/A;N/A;4x2;N/A;N/A;Sí;N/A;N/A;N/A;N/A;N/A;N/A;N/A;N/A;N/A;N/A;N/A;N/A;N/A;N/A;N/A;N/A;N/A;N/A;N/A;N/A;N/A;N/A;"2674 mm";"1.6 L";"50 L";5;N/A;N/A;N/A;N/A;N/A;N/A;N/A;N/A;N/A;N/A;N/A;N/A;N/A;N/A;N/A;N/A;N/A;N/A;N/A;N/A;N/A;N/A;N/A;N/A;N/A;N/A;N/A;N/A;N/A;N/A;N/A;N/A;N/A;N/A;N/A;N/A;N/A;N/A;N/A;N/A;N/A;N/A;N/A;N/A;N/A;"1683 mm";"4329 mm";N/A;N/A;N/A;N/A;5;"118 hp";Intens;N/A;4;"1822 mm";"11.1 km/l";N/A;N/A;N/A;N/A;N/A;N/A;N/A;N/A;N/A;N/A;"10.4 km/l";N/A;N/A;N/A;N/A;N/A;N/A;5;1.6;Nafta;Manual;SUV;"Autos y camionetas";N/A;N/A;N/A;N/A;N/A;N/A;UY;N/A;N/A;N/A;N/A;N/A;N/A;N/A;N/A;N/A;N/A;N/A;N/A;N/A;N/A;N/A;N/A;N/A;N/A;N/A;N/A;N/A;N/A;N/A;N/A;N/A;N/A;N/A;N/A;N/A;N/A;N/A;N/A;N/A;N/A;N/A;N/A;N/A;N/A;N/A;N/A;N/A;N/A;N/A;N/A;N/A;N/A;N/A;N/A;N/A;N/A;N/A;N/A;N/A;N/A;N/A;N/A;N/A;N/A;N/A;N/A;N/A;N/A;N/A;N/A;N/A;N/A;N/A;N/A;N/A;N/A;N/A;N/A;N/A;N/A;N/A;N/A;N/A;N/A;N/A;N/A;N/A;N/A;N/A;N/A;N/A;N/A;N/A;N/A;N/A;N/A;N/A;N/A;N/A;N/A;N/A;N/A;N/A;N/A;N/A;N/A;N/A;N/A;N/A;N/A;N/A;N/A;N/A;N/A;N/A;N/A;N/A;N/A;N/A;N/A;N/A
Renault;Logan;"1.6 Expression 85cv";2017;"92000 km";;ANDREAYLEAN;10000;;;;;Unión;https://auto.mercadolibre.com.uy/MLU-702996236-renault-logan-2017-16-expression-85cv-_JM;N/A;;"Renault Logan 2017 1.6 Expression 85cv";usd;Sí;free;false;N/A;N/A;http://perfil.mercadolibre.com.uy/ANDREAYLEAN;active;N/A;N/A;Usado;N/A;N/A;Hidráulica;Delantera;N/A;N/A;N/A;N/A;N/A;N/A;N/A;N/A;N/A;N/A;N/A;N/A;N/A;N/A;N/A;N/A;N/A;N/A;N/A;N/A;N/A;N/A;N/A;N/A;N/A;"2635 mm";"1.6 L";"50 L";5;N/A;N/A;N/A;N/A;N/A;N/A;N/A;N/A;N/A;N/A;N/A;N/A;N/A;N/A;N/A;N/A;N/A;N/A;N/A;N/A;N/A;N/A;N/A;N/A;N/A;N/A;N/A;N/A;N/A;N/A;N/A;N/A;N/A;Sí;N/A;N/A;N/A;N/A;N/A;N/A;N/A;N/A;N/A;N/A;N/A;"1529 mm";"4350 mm";N/A;N/A;N/A;N/A;5;"85 hp";Expression;N/A;2;"1733 mm";"12.5 km/l";N/A;N/A;N/A;N/A;N/A;N/A;Sí;N/A;N/A;N/A;N/A;N/A;N/A;N/A;N/A;N/A;N/A;4;1.6;Nafta;Manual;Sedán;"Autos y camionetas";N/A;N/A;N/A;N/A;N/A;N/A;UY;N/A;N/A;N/A;N/A;N/A;N/A;N/A;N/A;N/A;N/A;N/A;N/A;N/A;N/A;N/A;N/A;N/A;N/A;N/A;N/A;N/A;N/A;N/A;N/A;N/A;N/A;N/A;N/A;N/A;N/A;N/A;N/A;N/A;N/A;N/A;N/A;N/A;N/A;N/A;N/A;N/A;N/A;N/A;N/A;N/A;N/A;N/A;N/A;N/A;N/A;N/A;N/A;N/A;N/A;N/A;N/A;N/A;N/A;N/A;N/A;N/A;N/A;N/A;N/A;N/A;N/A;N/A;N/A;N/A;N/A;N/A;N/A;N/A;N/A;N/A;N/A;N/A;N/A;N/A;N/A;N/A;N/A;N/A;N/A;N/A;N/A;N/A;N/A;N/A;N/A;N/A;N/A;N/A;N/A;N/A;N/A;N/A;N/A;N/A;N/A;N/A;N/A;N/A;N/A;N/A;N/A;N/A;N/A;N/A;N/A;N/A;N/A;N/A;N/A;N/A
Renault;Scénic;Scenic;2000;"111111 km";;DESUEGO20230602181741;5800;;;;;"Barra de Carrasco";https://auto.mercadolibre.com.uy/MLU-703121142-renault-scenic-20-_JM;N/A;;"Renault Scenic 2.0";USD;No;free;false;N/A;N/A;http://perfil.mercadolibre.com.uy/DESUEGO20230602181741;active;N/A;N/A;Usado;Gris;No;Hidráulica;Delantera;N/A;N/A;N/A;N/A;N/A;N/A;N/A;N/A;N/A;N/A;N/A;N/A;N/A;N/A;N/A;N/A;N/A;N/A;N/A;N/A;N/A;N/A;N/A;N/A;N/A;N/A;N/A;N/A;N/A;N/A;N/A;N/A;N/A;N/A;N/A;N/A;N/A;N/A;N/A;N/A;N/A;N/A;N/A;N/A;N/A;N/A;N/A;N/A;N/A;N/A;N/A;N/A;N/A;N/A;N/A;N/A;N/A;N/A;N/A;N/A;N/A;N/A;N/A;N/A;N/A;N/A;N/A;N/A;N/A;N/A;N/A;N/A;N/A;N/A;N/A;N/A;N/A;N/A;N/A;N/A;N/A;N/A;N/A;N/A;N/A;N/A;N/A;N/A;N/A;N/A;N/A;N/A;N/A;N/A;N/A;N/A;N/A;N/A;N/A;N/A;N/A;N/A;N/A;N/A;5;2.0;Nafta;Manual;SUV;"Autos y camionetas";N/A;N/A;N/A;N/A;N/A;N/A;N/A;N/A;N/A;N/A;N/A;N/A;N/A;N/A;N/A;N/A;N/A;N/A;N/A;N/A;N/A;N/A;N/A;N/A;N/A;N/A;N/A;N/A;N/A;N/A;N/A;N/A;N/A;N/A;N/A;N/A;N/A;N/A;N/A;N/A;N/A;N/A;N/A;N/A;N/A;N/A;N/A;N/A;N/A;N/A;N/A;N/A;N/A;N/A;N/A;N/A;N/A;N/A;N/A;N/A;N/A;N/A;N/A;N/A;N/A;N/A;N/A;N/A;N/A;N/A;N/A;N/A;N/A;N/A;N/A;N/A;N/A;N/A;N/A;N/A;N/A;N/A;N/A;N/A;N/A;N/A;N/A;N/A;N/A;N/A;N/A;N/A;N/A;N/A;N/A;N/A;N/A;N/A;N/A;N/A;N/A;N/A;N/A;N/A;N/A;N/A;N/A;N/A;N/A;N/A;N/A;N/A;N/A;N/A;N/A;N/A;N/A;N/A;N/A;N/A;N/A;N/A
Renault;Clio;"1.2 16v";2015;"97000 km";;RODA4302402;8900;;;;;"Bella Unión";https://auto.mercadolibre.com.uy/MLU-702586510-clio-mio-12-16v-2015-_JM;N/A;;"Clio Mío 1.2 16v 2015";USD;Sí;free;false;N/A;N/A;http://perfil.mercadolibre.com.uy/RODA4302402;active;N/A;N/A;Usado;Blanco;No;Hidráulica;Delantera;Sí;N/A;N/A;N/A;N/A;N/A;N/A;N/A;N/A;N/A;N/A;N/A;Sí;N/A;N/A;N/A;N/A;N/A;N/A;N/A;N/A;N/A;N/A;N/A;N/A;N/A;N/A;N/A;N/A;N/A;N/A;N/A;N/A;N/A;N/A;N/A;N/A;N/A;N/A;N/A;N/A;N/A;N/A;N/A;N/A;N/A;N/A;N/A;N/A;N/A;N/A;N/A;N/A;N/A;N/A;N/A;N/A;N/A;N/A;N/A;N/A;N/A;N/A;N/A;N/A;N/A;N/A;N/A;N/A;N/A;N/A;N/A;N/A;N/A;N/A;N/A;N/A;N/A;N/A;N/A;N/A;N/A;N/A;N/A;N/A;N/A;N/A;N/A;N/A;N/A;Sí;N/A;N/A;N/A;N/A;N/A;N/A;N/A;N/A;N/A;N/A;N/A;N/A;N/A;4;1.2;Nafta;Manual;Hatchback;"Autos y camionetas";N/A;N/A;N/A;N/A;N/A;N/A;N/A;N/A;N/A;N/A;N/A;N/A;N/A;N/A;N/A;N/A;N/A;N/A;N/A;N/A;N/A;N/A;N/A;N/A;N/A;N/A;N/A;N/A;N/A;N/A;N/A;N/A;N/A;N/A;N/A;N/A;N/A;N/A;N/A;N/A;N/A;N/A;N/A;N/A;N/A;N/A;N/A;N/A;N/A;N/A;N/A;N/A;N/A;N/A;N/A;N/A;N/A;N/A;N/A;N/A;N/A;N/A;N/A;N/A;N/A;N/A;N/A;N/A;N/A;N/A;N/A;N/A;N/A;N/A;N/A;N/A;N/A;N/A;N/A;N/A;N/A;N/A;N/A;N/A;N/A;N/A;N/A;N/A;N/A;N/A;N/A;N/A;N/A;N/A;N/A;N/A;Sí;N/A;N/A;N/A;Sí;N/A;N/A;N/A;N/A;Sí;N/A;N/A;N/A;N/A;N/A;N/A;N/A;Sí;N/A;N/A;N/A;N/A;N/A;N/A;N/A;N/A
Renault;Kwid;"1.0 Sce 66cv Life";2020;"50800 km";;SOFYSALO2011;11500;;;;;Reducto;https://auto.mercadolibre.com.uy/MLU-703121440-con-alarma-_JM;N/A;;"Con Alarma";usd;Sí;free;false;N/A;N/A;http://perfil.mercadolibre.com.uy/SOFYSALO2011;active;N/A;N/A;Usado;Negro;No;Eléctrica;Trasera;N/A;N/A;Sí;N/A;N/A;N/A;N/A;N/A;N/A;N/A;N/A;N/A;N/A;N/A;N/A;N/A;N/A;N/A;N/A;N/A;N/A;N/A;N/A;N/A;N/A;"2423 mm";"1 L";"50 L";5;N/A;N/A;N/A;N/A;N/A;N/A;N/A;N/A;N/A;N/A;N/A;N/A;N/A;N/A;N/A;N/A;N/A;N/A;N/A;N/A;N/A;N/A;N/A;N/A;N/A;N/A;N/A;N/A;N/A;N/A;N/A;N/A;N/A;N/A;N/A;N/A;N/A;N/A;N/A;N/A;N/A;N/A;N/A;N/A;N/A;"1474 mm";"3680 mm";N/A;N/A;N/A;N/A;5;"66 hp";Life;N/A;4;"1752 mm";N/A;No;N/A;N/A;N/A;N/A;Sí;No;N/A;N/A;N/A;N/A;N/A;N/A;N/A;N/A;N/A;N/A;4;1.0;Nafta;Manual;Hatchback;"Autos y camionetas";N/A;N/A;N/A;N/A;N/A;N/A;UY;N/A;N/A;N/A;N/A;N/A;N/A;N/A;N/A;N/A;N/A;N/A;N/A;N/A;N/A;N/A;N/A;N/A;N/A;N/A;N/A;N/A;N/A;N/A;N/A;N/A;N/A;N/A;N/A;N/A;N/A;N/A;N/A;N/A;N/A;N/A;N/A;N/A;N/A;N/A;N/A;N/A;N/A;N/A;N/A;N/A;N/A;N/A;N/A;N/A;N/A;N/A;N/A;N/A;N/A;N/A;N/A;N/A;N/A;N/A;N/A;N/A;N/A;N/A;N/A;N/A;N/A;N/A;N/A;N/A;N/A;N/A;N/A;N/A;N/A;N/A;N/A;N/A;N/A;N/A;N/A;N/A;N/A;N/A;N/A;N/A;N/A;N/A;N/A;N/A;N/A;Sí;N/A;N/A;Sí;N/A;N/A;N/A;N/A;Sí;N/A;N/A;N/A;N/A;N/A;N/A;N/A;N/A;N/A;N/A;N/A;N/A;N/A;N/A;N/A;N/A
Renault;Master;"2.3 L2h2 Furgón";2022;"65000 km";;"FABIO 270";34900;;;;;"Bañados de Carrasco";https://auto.mercadolibre.com.uy/MLU-704315880-renault-master-23-l2h2-furgon-_JM;N/A;;"Renault Master 2.3 L2h2 Furgón";usd;Sí;free;false;N/A;N/A;http://perfil.mercadolibre.com.uy/FABIO+270;active;N/A;N/A;Usado;Blanco;No;Hidráulica;Delantera;Sí;N/A;N/A;N/A;N/A;N/A;N/A;N/A;N/A;N/A;N/A;N/A;N/A;N/A;N/A;N/A;N/A;N/A;N/A;N/A;N/A;N/A;N/A;N/A;N/A;"3578 mm";"2.3 L";"100 L";6;N/A;N/A;N/A;N/A;N/A;N/A;N/A;N/A;N/A;N/A;N/A;N/A;N/A;N/A;N/A;N/A;N/A;N/A;N/A;N/A;N/A;N/A;N/A;N/A;N/A;N/A;N/A;N/A;N/A;N/A;N/A;N/A;N/A;N/A;N/A;N/A;N/A;N/A;N/A;N/A;N/A;N/A;N/A;N/A;N/A;"2496 mm";"6198 mm";N/A;N/A;N/A;N/A;3;"130 hp";2.3;N/A;4;"1990 mm";N/A;No;N/A;N/A;N/A;N/A;Sí;Sí;N/A;N/A;N/A;N/A;N/A;N/A;N/A;N/A;N/A;N/A;3;2.3;Diésel;Manual;Furgón;"Autos y camionetas";N/A;N/A;N/A;N/A;N/A;N/A;UY;N/A;N/A;N/A;N/A;N/A;N/A;N/A;N/A;N/A;N/A;N/A;N/A;N/A;N/A;N/A;N/A;N/A;N/A;N/A;N/A;N/A;N/A;N/A;N/A;N/A;N/A;N/A;N/A;N/A;N/A;N/A;N/A;N/A;N/A;N/A;N/A;N/A;N/A;N/A;N/A;N/A;N/A;N/A;N/A;N/A;N/A;N/A;N/A;N/A;N/A;N/A;N/A;N/A;N/A;N/A;N/A;N/A;N/A;N/A;N/A;N/A;N/A;N/A;N/A;N/A;N/A;N/A;N/A;N/A;N/A;N/A;N/A;N/A;N/A;N/A;N/A;N/A;N/A;N/A;N/A;N/A;N/A;N/A;N/A;N/A;N/A;N/A;N/A;N/A;N/A;N/A;N/A;N/A;N/A;N/A;N/A;N/A;N/A;N/A;N/A;N/A;N/A;N/A;N/A;N/A;N/A;N/A;N/A;N/A;N/A;N/A;N/A;N/A;N/A;N/A
Renault;Duster;"1.6 Ph2 4x2 Dynamique 110cv";2020;"58000 km";;"GONZA 87";16500;;;;;Colón;https://auto.mercadolibre.com.uy/MLU-702743170-renault-duster-2020-16-ph2-4x2-dynamique-110cv-_JM;N/A;;"Renault Duster 2020 1.6 Ph2 4x2 Dynamique 110cv";usd;Sí;free;false;N/A;N/A;http://perfil.mercadolibre.com.uy/GONZA+87;active;N/A;N/A;Usado;N/A;N/A;N/A;4x2;N/A;N/A;Sí;N/A;N/A;N/A;N/A;N/A;N/A;N/A;N/A;N/A;N/A;N/A;N/A;N/A;N/A;N/A;N/A;N/A;N/A;N/A;N/A;N/A;N/A;"2674 mm";"1.6 L";"50 L";5;N/A;N/A;N/A;N/A;N/A;N/A;N/A;N/A;N/A;N/A;N/A;N/A;N/A;N/A;N/A;N/A;N/A;N/A;N/A;N/A;N/A;N/A;N/A;N/A;N/A;N/A;N/A;N/A;N/A;N/A;N/A;N/A;N/A;N/A;N/A;N/A;N/A;N/A;N/A;N/A;N/A;N/A;N/A;N/A;N/A;"1683 mm";"4329 mm";N/A;N/A;N/A;N/A;5;"110 hp";Dynamique;N/A;4;"1822 mm";"11.1 km/l";N/A;N/A;N/A;N/A;N/A;N/A;N/A;N/A;N/A;N/A;"10.4 km/l";N/A;N/A;N/A;N/A;N/A;N/A;5;1.6;Nafta;Manual;SUV;"Autos y camionetas";N/A;N/A;N/A;N/A;N/A;N/A;UY;N/A;N/A;N/A;N/A;N/A;N/A;N/A;N/A;N/A;N/A;N/A;N/A;N/A;N/A;N/A;N/A;N/A;N/A;N/A;N/A;N/A;N/A;N/A;N/A;N/A;N/A;N/A;N/A;N/A;N/A;N/A;N/A;N/A;N/A;N/A;N/A;N/A;N/A;N/A;N/A;N/A;N/A;N/A;N/A;N/A;N/A;N/A;N/A;N/A;N/A;N/A;N/A;N/A;N/A;N/A;N/A;N/A;N/A;N/A;N/A;N/A;N/A;N/A;N/A;N/A;N/A;N/A;N/A;N/A;N/A;N/A;N/A;N/A;N/A;N/A;N/A;N/A;N/A;N/A;N/A;N/A;N/A;N/A;N/A;N/A;N/A;N/A;N/A;N/A;N/A;N/A;N/A;N/A;N/A;N/A;N/A;N/A;N/A;N/A;N/A;N/A;N/A;N/A;N/A;N/A;N/A;N/A;N/A;N/A;N/A;N/A;N/A;N/A;N/A;N/A
Renault;Gtl;1.4;1988;"250000 km";;NOJU6498360;1500;;;;;"Piedras Blancas";https://auto.mercadolibre.com.uy/MLU-706179056-renault-18-gtl-_JM;N/A;;"Renault 18 Gtl";USD;No;free;false;N/A;N/A;http://perfil.mercadolibre.com.uy/NOJU6498360;active;N/A;N/A;Usado;Blanco;No;Mecánica;Delantera;N/A;N/A;N/A;N/A;N/A;N/A;N/A;N/A;No;N/A;N/A;N/A;N/A;N/A;N/A;N/A;N/A;N/A;N/A;N/A;N/A;N/A;N/A;N/A;N/A;N/A;N/A;N/A;N/A;N/A;N/A;N/A;N/A;N/A;N/A;N/A;N/A;N/A;N/A;N/A;N/A;N/A;N/A;N/A;N/A;N/A;N/A;N/A;N/A;N/A;N/A;N/A;N/A;N/A;N/A;N/A;N/A;N/A;N/A;N/A;N/A;N/A;N/A;N/A;N/A;N/A;N/A;N/A;N/A;N/A;N/A;N/A;N/A;N/A;N/A;N/A;N/A;N/A;N/A;N/A;N/A;N/A;N/A;N/A;N/A;N/A;N/A;N/A;N/A;N/A;N/A;N/A;N/A;N/A;N/A;N/A;N/A;N/A;N/A;N/A;N/A;N/A;N/A;N/A;5;1.4;Nafta;Manual;Sedán;"Autos y camionetas";No;N/A;N/A;N/A;N/A;N/A;N/A;N/A;Sí;N/A;N/A;N/A;N/A;N/A;N/A;N/A;N/A;N/A;N/A;N/A;N/A;N/A;N/A;N/A;N/A;N/A;N/A;N/A;N/A;N/A;N/A;N/A;N/A;N/A;N/A;N/A;N/A;N/A;N/A;N/A;N/A;N/A;N/A;Sí;N/A;N/A;N/A;N/A;N/A;N/A;N/A;N/A;N/A;N/A;N/A;N/A;N/A;N/A;N/A;N/A;N/A;No;Sí;N/A;N/A;N/A;N/A;N/A;N/A;N/A;N/A;N/A;N/A;N/A;N/A;N/A;N/A;N/A;N/A;N/A;N/A;N/A;N/A;N/A;N/A;N/A;N/A;N/A;N/A;N/A;N/A;N/A;N/A;N/A;N/A;N/A;N/A;N/A;N/A;N/A;N/A;N/A;N/A;N/A;N/A;N/A;N/A;N/A;N/A;N/A;N/A;N/A;N/A;N/A;N/A;N/A;N/A;N/A;N/A;N/A;N/A;N/A
Renault;Duster;"2.0 Ph2 4x2 Privilege 143cv";2017;"75000 km";;ISMA1404;17500;;;;;Canelones;https://auto.mercadolibre.com.uy/MLU-702872868-renault-duster-20-ph2-4x2-privilege-143cv-_JM;N/A;;"Renault Duster 2.0 Ph2 4x2 Privilege 143cv";usd;Sí;free;false;N/A;N/A;http://perfil.mercadolibre.com.uy/ISMA1404;active;N/A;N/A;Usado;Gris;No;Hidráulica;4x2;Sí;Sí;Sí;N/A;N/A;N/A;N/A;N/A;N/A;N/A;N/A;Sí;Sí;N/A;N/A;N/A;N/A;N/A;N/A;N/A;N/A;N/A;N/A;N/A;N/A;"2674 mm";"2 L";"50 L";6;N/A;N/A;N/A;N/A;N/A;N/A;N/A;N/A;N/A;N/A;N/A;N/A;N/A;N/A;N/A;N/A;N/A;N/A;N/A;N/A;N/A;N/A;N/A;N/A;N/A;N/A;N/A;N/A;N/A;No;N/A;N/A;N/A;N/A;N/A;N/A;N/A;N/A;N/A;N/A;N/A;N/A;N/A;N/A;N/A;"1683 mm";"4329 mm";N/A;N/A;N/A;N/A;5;"143 hp";Privilege;N/A;4;"1822 mm";"10.8 km/l";N/A;N/A;N/A;Sí;N/A;Sí;Sí;N/A;N/A;N/A;N/A;N/A;N/A;N/A;N/A;Sí;N/A;5;2.0;Nafta;Manual;SUV;"Autos y camionetas";N/A;N/A;N/A;N/A;N/A;N/A;UY;N/A;Sí;N/A;N/A;N/A;N/A;N/A;N/A;N/A;N/A;N/A;N/A;N/A;N/A;N/A;N/A;N/A;Sí;N/A;N/A;N/A;N/A;N/A;N/A;N/A;N/A;N/A;N/A;N/A;N/A;N/A;N/A;N/A;N/A;N/A;N/A;N/A;N/A;N/A;N/A;N/A;N/A;N/A;N/A;N/A;N/A;N/A;N/A;N/A;N/A;N/A;N/A;N/A;N/A;N/A;Sí;N/A;N/A;N/A;N/A;N/A;N/A;N/A;N/A;N/A;N/A;N/A;N/A;N/A;N/A;N/A;N/A;N/A;N/A;N/A;N/A;N/A;N/A;N/A;N/A;N/A;N/A;N/A;N/A;N/A;N/A;N/A;N/A;N/A;Sí;Sí;Sí;N/A;Sí;N/A;N/A;N/A;N/A;Sí;N/A;N/A;Sí;N/A;N/A;N/A;Sí;Sí;Sí;Sí;Sí;N/A;N/A;Sí;N/A;Sí
Renault;Scénic;"1.6 Rxe Privilege";2007;"199800 km";;DURAZNO555;7900;;;;;Durazno;https://auto.mercadolibre.com.uy/MLU-703794090-renault-scenic-2007-16-rxe-privilege-_JM;N/A;;"Renault Scénic 2007 1.6 Rxe Privilege";usd;No;free;false;N/A;N/A;http://perfil.mercadolibre.com.uy/DURAZNO555;active;N/A;N/A;Usado;N/A;N/A;Hidráulica;Delantera;Sí;N/A;N/A;N/A;N/A;N/A;N/A;N/A;N/A;N/A;N/A;N/A;N/A;N/A;N/A;N/A;N/A;N/A;N/A;N/A;N/A;N/A;N/A;N/A;N/A;"2580 mm";"1.6 L";"60 L";5;N/A;N/A;N/A;N/A;N/A;N/A;N/A;N/A;N/A;N/A;N/A;N/A;N/A;N/A;N/A;N/A;N/A;N/A;N/A;N/A;N/A;N/A;N/A;N/A;N/A;N/A;N/A;N/A;N/A;N/A;N/A;N/A;N/A;N/A;N/A;N/A;N/A;N/A;N/A;N/A;N/A;N/A;N/A;N/A;N/A;"1675 mm";"4169 mm";N/A;N/A;N/A;N/A;5;"110 hp";Privilege;N/A;4;"1810 mm";N/A;N/A;N/A;N/A;N/A;N/A;N/A;N/A;N/A;N/A;N/A;N/A;N/A;N/A;N/A;N/A;N/A;N/A;5;1.6;Nafta;Manual;SUV;"Autos y camionetas";N/A;N/A;N/A;N/A;N/A;N/A;UY;N/A;N/A;N/A;N/A;N/A;N/A;N/A;N/A;N/A;N/A;N/A;N/A;N/A;N/A;N/A;N/A;N/A;N/A;N/A;N/A;N/A;N/A;N/A;N/A;N/A;N/A;N/A;N/A;N/A;N/A;N/A;N/A;N/A;N/A;N/A;N/A;N/A;N/A;N/A;N/A;N/A;N/A;N/A;N/A;N/A;N/A;N/A;N/A;N/A;N/A;N/A;N/A;N/A;N/A;N/A;N/A;N/A;N/A;N/A;N/A;N/A;N/A;N/A;N/A;N/A;N/A;N/A;N/A;N/A;N/A;N/A;N/A;N/A;N/A;N/A;N/A;N/A;N/A;N/A;N/A;N/A;N/A;N/A;N/A;N/A;N/A;N/A;N/A;N/A;N/A;N/A;N/A;N/A;N/A;N/A;N/A;N/A;N/A;N/A;N/A;N/A;N/A;N/A;N/A;N/A;N/A;N/A;N/A;N/A;N/A;N/A;N/A;N/A;N/A;N/A
Renault;"Kangoo Express";"Vendó tfnail kango 2";2010;"160000 km";;RODRIGUEZJORGE20220430181833;6500;;;;;Florida;https://auto.mercadolibre.com.uy/MLU-705680718-renault-kangoo-express-vendo-tfnail-kango-2-_JM;N/A;;"Renault Kangoo Express Vendó Tfnail Kango 2";USD;Sí;free;false;N/A;N/A;http://perfil.mercadolibre.com.uy/RODRIGUEZJORGE20220430181833;active;N/A;N/A;Usado;N/A;N/A;N/A;N/A;N/A;N/A;N/A;N/A;N/A;N/A;N/A;N/A;N/A;N/A;N/A;N/A;N/A;N/A;N/A;N/A;N/A;N/A;N/A;N/A;N/A;N/A;N/A;N/A;N/A;N/A;N/A;N/A;N/A;N/A;N/A;N/A;N/A;N/A;N/A;N/A;N/A;N/A;N/A;N/A;N/A;N/A;N/A;N/A;N/A;N/A;N/A;N/A;N/A;N/A;N/A;N/A;N/A;N/A;N/A;N/A;N/A;N/A;N/A;N/A;N/A;N/A;N/A;N/A;N/A;N/A;N/A;N/A;N/A;N/A;N/A;N/A;N/A;N/A;N/A;N/A;N/A;N/A;N/A;N/A;N/A;N/A;N/A;N/A;N/A;N/A;N/A;N/A;N/A;N/A;N/A;N/A;N/A;N/A;N/A;N/A;N/A;N/A;N/A;N/A;N/A;N/A;N/A;N/A;5;N/A;Nafta;N/A;N/A;"Autos y camionetas";N/A;N/A;N/A;N/A;N/A;N/A;N/A;N/A;N/A;N/A;N/A;N/A;N/A;N/A;N/A;N/A;N/A;N/A;N/A;N/A;N/A;N/A;N/A;N/A;N/A;N/A;N/A;N/A;N/A;N/A;N/A;N/A;N/A;N/A;N/A;N/A;N/A;N/A;N/A;N/A;N/A;N/A;N/A;N/A;N/A;N/A;N/A;N/A;N/A;N/A;N/A;N/A;N/A;N/A;N/A;N/A;N/A;N/A;N/A;N/A;N/A;N/A;N/A;N/A;N/A;N/A;N/A;N/A;N/A;N/A;N/A;N/A;N/A;N/A;N/A;N/A;N/A;N/A;N/A;N/A;N/A;N/A;N/A;N/A;N/A;N/A;N/A;N/A;N/A;N/A;N/A;N/A;N/A;N/A;N/A;N/A;N/A;N/A;N/A;N/A;N/A;N/A;N/A;N/A;N/A;N/A;N/A;N/A;N/A;N/A;N/A;N/A;N/A;N/A;N/A;N/A;N/A;N/A;N/A;N/A;N/A;N/A
Renault;Duster;"1.6 16v Intens";2021;"30000 km";;SYLVANAFAGUNDEZ;21500;;;;;Maroñas;https://auto.mercadolibre.com.uy/MLU-706233662-renault-duster-2021-16-16v-intens-_JM;N/A;;"Renault Duster 2021 1.6 16v Intens";usd;Sí;free;false;N/A;N/A;http://perfil.mercadolibre.com.uy/SYLVANAFAGUNDEZ;active;N/A;N/A;Usado;N/A;N/A;N/A;4x2;N/A;N/A;Sí;N/A;N/A;N/A;N/A;N/A;N/A;N/A;N/A;N/A;N/A;N/A;N/A;N/A;N/A;N/A;N/A;N/A;N/A;N/A;N/A;N/A;N/A;"2674 mm";"1.6 L";"50 L";5;N/A;N/A;N/A;N/A;N/A;N/A;N/A;N/A;N/A;N/A;N/A;N/A;N/A;N/A;N/A;N/A;N/A;N/A;N/A;N/A;N/A;N/A;N/A;N/A;N/A;N/A;N/A;N/A;N/A;N/A;N/A;N/A;N/A;N/A;N/A;N/A;N/A;N/A;N/A;N/A;N/A;N/A;N/A;N/A;N/A;"1683 mm";"4329 mm";N/A;N/A;N/A;N/A;5;"118 hp";Intens;N/A;4;"1822 mm";"11.1 km/l";N/A;N/A;N/A;N/A;N/A;N/A;N/A;N/A;N/A;N/A;"10.4 km/l";N/A;N/A;N/A;N/A;N/A;N/A;5;1.6;Nafta;Manual;SUV;"Autos y camionetas";N/A;N/A;N/A;N/A;N/A;N/A;UY;N/A;N/A;N/A;N/A;N/A;N/A;N/A;N/A;N/A;N/A;N/A;N/A;N/A;N/A;N/A;N/A;N/A;N/A;N/A;N/A;N/A;N/A;N/A;N/A;N/A;N/A;N/A;N/A;N/A;N/A;N/A;N/A;N/A;N/A;N/A;N/A;N/A;N/A;N/A;N/A;N/A;N/A;N/A;N/A;N/A;N/A;N/A;N/A;N/A;N/A;N/A;N/A;N/A;N/A;N/A;N/A;N/A;N/A;N/A;N/A;N/A;N/A;N/A;N/A;N/A;N/A;N/A;N/A;N/A;N/A;N/A;N/A;N/A;N/A;N/A;N/A;N/A;N/A;N/A;N/A;N/A;N/A;N/A;N/A;N/A;N/A;N/A;N/A;N/A;N/A;N/A;N/A;N/A;N/A;N/A;N/A;N/A;N/A;N/A;N/A;N/A;N/A;N/A;N/A;N/A;N/A;N/A;N/A;N/A;N/A;N/A;N/A;N/A;N/A;N/A
Renault;Kangoo;"Fuegon face 2 C/AA 1.6";2017;"166946 km";;MAGI291985;9000;;;;;Maldonado;https://auto.mercadolibre.com.uy/MLU-705959454-renault-kangoo-furgon-_JM;N/A;;"Renault Kangoo Furgón";USD;Sí;free;false;N/A;N/A;http://perfil.mercadolibre.com.uy/MAGI291985;active;N/A;N/A;Usado;Rojo;No;Hidráulica;N/A;Sí;No;N/A;N/A;N/A;Sí;N/A;N/A;No;N/A;N/A;No;No;N/A;No;N/A;N/A;N/A;N/A;N/A;N/A;N/A;N/A;N/A;N/A;N/A;N/A;N/A;N/A;N/A;N/A;N/A;N/A;N/A;No;N/A;N/A;N/A;N/A;N/A;N/A;N/A;N/A;N/A;N/A;N/A;N/A;N/A;N/A;N/A;N/A;N/A;N/A;N/A;N/A;N/A;N/A;N/A;No;N/A;N/A;N/A;N/A;N/A;N/A;N/A;N/A;N/A;N/A;N/A;N/A;N/A;N/A;N/A;N/A;N/A;N/A;N/A;N/A;N/A;N/A;N/A;N/A;N/A;N/A;N/A;N/A;No;N/A;No;No;N/A;Sí;No;N/A;No;N/A;N/A;No;Sí;N/A;N/A;No;"Todo el día";4;1.6;Nafta;Semiautomática;Furgón;"Autos y camionetas";No;N/A;N/A;N/A;N/A;N/A;N/A;N/A;No;N/A;N/A;N/A;N/A;N/A;N/A;N/A;N/A;N/A;N/A;N/A;N/A;N/A;N/A;N/A;No;N/A;N/A;N/A;N/A;N/A;N/A;N/A;N/A;N/A;N/A;N/A;N/A;N/A;N/A;N/A;N/A;N/A;N/A;N/A;N/A;N/A;N/A;N/A;N/A;N/A;N/A;N/A;N/A;N/A;N/A;N/A;N/A;N/A;N/A;N/A;N/A;N/A;Sí;N/A;N/A;N/A;N/A;N/A;N/A;N/A;N/A;N/A;N/A;N/A;N/A;N/A;N/A;N/A;N/A;N/A;N/A;N/A;N/A;N/A;N/A;N/A;N/A;N/A;N/A;N/A;N/A;N/A;N/A;N/A;N/A;No;Sí;Sí;Sí;N/A;Sí;N/A;N/A;N/A;N/A;Sí;No;No;No;N/A;N/A;No;No;Sí;Sí;Sí;Sí;No;No;Sí;N/A;Sí
Renault;Clio;"1.2 Iv Fase Ii Expression";2018;"80650 km";;ACOSTA1991;16500;;;;;Buceo;https://auto.mercadolibre.com.uy/MLU-705294792-renault-clio-12-iv-fase-ii-expression-_JM;N/A;;"Renault Clio 1.2 Iv Fase Ii Expression";usd;Sí;free;false;N/A;N/A;http://perfil.mercadolibre.com.uy/ACOSTA1991;active;N/A;N/A;Usado;Blanco;No;Hidráulica;Delantera;Sí;N/A;Sí;N/A;N/A;N/A;N/A;N/A;N/A;N/A;N/A;N/A;Sí;N/A;N/A;N/A;N/A;N/A;N/A;N/A;N/A;N/A;N/A;N/A;N/A;"2472 mm";"1.2 L";"50 L";5;N/A;N/A;N/A;N/A;N/A;N/A;N/A;N/A;N/A;N/A;N/A;N/A;N/A;N/A;N/A;N/A;N/A;N/A;N/A;N/A;N/A;N/A;N/A;N/A;N/A;N/A;N/A;N/A;N/A;N/A;N/A;N/A;N/A;N/A;N/A;N/A;N/A;N/A;N/A;N/A;N/A;N/A;N/A;N/A;N/A;"1417 mm";"3811 mm";N/A;N/A;N/A;N/A;5;"75 hp";Authentique;N/A;4;"1639 mm";N/A;N/A;N/A;Sí;Sí;N/A;Sí;Sí;N/A;N/A;N/A;N/A;N/A;N/A;N/A;N/A;N/A;N/A;3;1.2;Nafta;Manual;Hatchback;"Autos y camionetas";N/A;N/A;N/A;N/A;N/A;N/A;UY;N/A;N/A;N/A;N/A;N/A;N/A;N/A;N/A;N/A;N/A;N/A;N/A;N/A;N/A;N/A;N/A;N/A;N/A;N/A;N/A;N/A;N/A;N/A;N/A;N/A;N/A;N/A;N/A;N/A;N/A;N/A;N/A;N/A;N/A;N/A;N/A;N/A;N/A;N/A;N/A;N/A;N/A;N/A;N/A;N/A;N/A;N/A;N/A;N/A;N/A;N/A;N/A;N/A;N/A;N/A;N/A;N/A;N/A;N/A;N/A;N/A;N/A;N/A;N/A;N/A;N/A;N/A;N/A;N/A;N/A;N/A;N/A;N/A;N/A;N/A;N/A;N/A;N/A;N/A;N/A;N/A;N/A;N/A;N/A;N/A;N/A;N/A;N/A;N/A;N/A;N/A;Sí;N/A;N/A;N/A;N/A;N/A;N/A;N/A;N/A;N/A;N/A;N/A;N/A;N/A;Sí;N/A;Sí;Sí;Sí;N/A;N/A;Sí;N/A;Sí
Renault;Kwid;"1.0 Sce 66cv Zen";2024;"16300 km";;OLLU737362;12500;;;;;N/A;https://auto.mercadolibre.com.uy/MLU-647487565-renault-kwid-10-sce-66cv-zen-_JM;N/A;;"Renault Kwid 1.0 Sce 66cv Zen";usd;Sí;free;false;N/A;N/A;http://perfil.mercadolibre.com.uy/OLLU737362;active;N/A;N/A;Usado;Blanco;N/A;N/A;Delantera;N/A;N/A;Sí;N/A;N/A;N/A;N/A;N/A;N/A;N/A;N/A;N/A;N/A;N/A;N/A;N/A;N/A;N/A;N/A;N/A;N/A;N/A;N/A;N/A;N/A;"2423 mm";"1 L";"50 L";5;N/A;N/A;N/A;N/A;N/A;N/A;N/A;N/A;N/A;N/A;N/A;N/A;N/A;N/A;N/A;N/A;N/A;N/A;N/A;N/A;N/A;N/A;N/A;N/A;N/A;N/A;N/A;N/A;N/A;N/A;N/A;N/A;N/A;N/A;N/A;N/A;N/A;N/A;N/A;N/A;N/A;N/A;N/A;N/A;N/A;"1474 mm";"3680 mm";N/A;N/A;N/A;N/A;5;"66 hp";Zen;N/A;4;"1752 mm";N/A;N/A;N/A;N/A;N/A;N/A;N/A;N/A;N/A;N/A;N/A;N/A;N/A;N/A;N/A;N/A;N/A;N/A;5;1.0;Nafta;Manual;Hatchback;"Autos y camionetas";N/A;N/A;N/A;N/A;N/A;N/A;UY;N/A;N/A;N/A;N/A;N/A;N/A;N/A;N/A;N/A;N/A;N/A;N/A;N/A;N/A;N/A;N/A;N/A;N/A;N/A;N/A;N/A;N/A;N/A;N/A;N/A;N/A;N/A;N/A;N/A;N/A;N/A;N/A;N/A;N/A;N/A;N/A;N/A;N/A;N/A;N/A;N/A;N/A;N/A;N/A;N/A;N/A;N/A;N/A;N/A;N/A;N/A;N/A;N/A;N/A;N/A;N/A;N/A;N/A;N/A;N/A;N/A;N/A;N/A;N/A;N/A;N/A;N/A;N/A;N/A;N/A;N/A;N/A;N/A;N/A;N/A;N/A;N/A;N/A;N/A;N/A;N/A;N/A;N/A;N/A;N/A;N/A;N/A;N/A;N/A;N/A;N/A;N/A;N/A;N/A;N/A;N/A;N/A;N/A;N/A;N/A;N/A;N/A;N/A;N/A;N/A;N/A;N/A;N/A;N/A;N/A;N/A;N/A;N/A;N/A;N/A
Renault;Oroch;2.0;2020;"160000 km";;BEFA3089515;15500;;;;;Pocitos;https://auto.mercadolibre.com.uy/MLU-703709970-renault-oroch-20-2020-excelente-estado-160000km-_JM;N/A;;"Renault Oroch 2.0 2020. Excelente Estado. 160.000km";USD;Sí;free;false;N/A;N/A;http://perfil.mercadolibre.com.uy/BEFA3089515;active;N/A;N/A;Usado;Verde;Sí;Hidráulica;N/A;Sí;N/A;N/A;N/A;N/A;No;N/A;N/A;N/A;N/A;N/A;Sí;Sí;N/A;N/A;N/A;N/A;N/A;N/A;N/A;N/A;N/A;N/A;N/A;N/A;N/A;N/A;N/A;N/A;N/A;N/A;N/A;N/A;N/A;No;N/A;N/A;N/A;N/A;N/A;N/A;N/A;N/A;N/A;N/A;N/A;N/A;N/A;N/A;N/A;N/A;N/A;N/A;N/A;N/A;N/A;N/A;N/A;N/A;N/A;N/A;N/A;N/A;N/A;N/A;N/A;N/A;N/A;N/A;N/A;N/A;N/A;N/A;N/A;N/A;N/A;N/A;N/A;N/A;N/A;N/A;N/A;N/A;N/A;N/A;N/A;N/A;Sí;N/A;Sí;Sí;N/A;Sí;Sí;N/A;N/A;N/A;N/A;Sí;N/A;N/A;N/A;N/A;N/A;4;2.00;Nafta;Manual;Pick-Up;"Autos y camionetas";N/A;N/A;N/A;N/A;N/A;N/A;N/A;N/A;N/A;N/A;N/A;N/A;N/A;N/A;N/A;N/A;N/A;N/A;N/A;N/A;N/A;N/A;N/A;N/A;N/A;N/A;N/A;N/A;N/A;N/A;N/A;N/A;N/A;N/A;N/A;N/A;N/A;N/A;N/A;N/A;N/A;N/A;N/A;N/A;N/A;N/A;N/A;N/A;N/A;N/A;N/A;N/A;N/A;N/A;N/A;N/A;N/A;N/A;N/A;N/A;N/A;N/A;N/A;N/A;N/A;N/A;N/A;N/A;N/A;N/A;N/A;N/A;N/A;N/A;N/A;N/A;N/A;N/A;N/A;N/A;N/A;N/A;N/A;N/A;N/A;N/A;N/A;N/A;N/A;N/A;N/A;N/A;N/A;N/A;N/A;N/A;Sí;Sí;N/A;N/A;Sí;N/A;N/A;N/A;N/A;No;N/A;N/A;Sí;N/A;N/A;N/A;N/A;N/A;N/A;Sí;Sí;No;No;No;N/A;Sí
Renault;Oroch;Dinamique;2016;"96000 km";;ELGNOSTICO12007;16000;;;;;"La Blanqueada";https://auto.mercadolibre.com.uy/MLU-703118764-renault-oroch-16-excelente-estado-_JM;N/A;;"Renault Oroch 1.6 Excelente Estado.";USD;Sí;free;false;N/A;N/A;http://perfil.mercadolibre.com.uy/ELGNOSTICO12007;active;N/A;N/A;Usado;Blanco;No;Asistida;N/A;Sí;Sí;N/A;N/A;N/A;No;N/A;N/A;N/A;N/A;N/A;No;Sí;N/A;N/A;N/A;N/A;N/A;N/A;N/A;N/A;N/A;N/A;N/A;N/A;N/A;N/A;N/A;N/A;N/A;N/A;N/A;N/A;N/A;N/A;N/A;N/A;N/A;N/A;N/A;N/A;N/A;N/A;N/A;N/A;N/A;N/A;N/A;N/A;N/A;N/A;N/A;N/A;N/A;N/A;N/A;N/A;N/A;N/A;N/A;N/A;N/A;N/A;N/A;N/A;N/A;N/A;N/A;N/A;N/A;N/A;N/A;N/A;N/A;N/A;N/A;N/A;N/A;N/A;N/A;N/A;N/A;N/A;N/A;N/A;N/A;N/A;N/A;N/A;N/A;N/A;N/A;N/A;N/A;N/A;N/A;N/A;N/A;N/A;N/A;N/A;N/A;N/A;N/A;5;1.6;Nafta;Manual;N/A;"Autos y camionetas";N/A;N/A;N/A;N/A;N/A;N/A;N/A;N/A;N/A;N/A;N/A;N/A;N/A;N/A;N/A;N/A;N/A;N/A;N/A;N/A;N/A;N/A;N/A;N/A;N/A;N/A;N/A;N/A;N/A;N/A;N/A;N/A;N/A;N/A;N/A;N/A;N/A;N/A;N/A;N/A;N/A;N/A;N/A;N/A;N/A;N/A;N/A;N/A;N/A;N/A;N/A;N/A;N/A;N/A;N/A;N/A;N/A;N/A;N/A;N/A;N/A;N/A;N/A;N/A;N/A;N/A;N/A;N/A;N/A;N/A;N/A;N/A;N/A;N/A;N/A;N/A;N/A;N/A;N/A;N/A;N/A;N/A;N/A;N/A;N/A;N/A;N/A;N/A;N/A;N/A;N/A;N/A;N/A;N/A;N/A;N/A;Sí;Sí;N/A;N/A;N/A;N/A;N/A;N/A;N/A;Sí;N/A;N/A;Sí;N/A;N/A;N/A;Sí;Sí;Sí;Sí;Sí;Sí;N/A;Sí;N/A;Sí
Renault;Clio;"1.2 Authentique Aa Da";2006;"200000 km";;JUANMAXR3;7500;;;;;Peñarol;https://auto.mercadolibre.com.uy/MLU-703120698-renault-clio-_JM;N/A;;"Renault Clio ";usd;No;free;false;N/A;N/A;http://perfil.mercadolibre.com.uy/JUANMAXR3;active;N/A;N/A;Usado;Plateado;N/A;Hidráulica;Delantera;Sí;N/A;N/A;N/A;N/A;N/A;N/A;N/A;N/A;N/A;N/A;N/A;N/A;N/A;N/A;N/A;N/A;N/A;N/A;N/A;N/A;N/A;N/A;N/A;N/A;"2472 mm";"1.2 L";"50 L";5;N/A;N/A;N/A;N/A;N/A;N/A;N/A;N/A;N/A;N/A;N/A;N/A;N/A;N/A;N/A;N/A;N/A;N/A;N/A;N/A;N/A;N/A;N/A;N/A;N/A;N/A;N/A;N/A;N/A;N/A;N/A;N/A;N/A;N/A;N/A;N/A;N/A;N/A;N/A;N/A;N/A;N/A;N/A;N/A;N/A;"1435 mm";"3773 mm";N/A;N/A;N/A;N/A;5;"75 hp";Authentique;N/A;4;"1639 mm";N/A;N/A;N/A;N/A;Sí;N/A;N/A;N/A;N/A;N/A;N/A;N/A;N/A;N/A;N/A;N/A;N/A;"Lunes a Lunes";3;1.2;Nafta;Manual;Hatchback;"Autos y camionetas";N/A;N/A;N/A;N/A;N/A;N/A;UY;N/A;N/A;N/A;N/A;N/A;N/A;N/A;N/A;N/A;N/A;N/A;N/A;N/A;N/A;N/A;N/A;N/A;N/A;N/A;N/A;N/A;N/A;N/A;N/A;N/A;N/A;N/A;N/A;N/A;N/A;N/A;N/A;N/A;N/A;N/A;N/A;N/A;N/A;N/A;N/A;N/A;N/A;N/A;N/A;N/A;N/A;N/A;N/A;N/A;N/A;N/A;N/A;N/A;N/A;N/A;N/A;N/A;N/A;N/A;N/A;N/A;N/A;N/A;N/A;N/A;N/A;N/A;N/A;N/A;N/A;N/A;N/A;N/A;N/A;N/A;N/A;N/A;N/A;N/A;N/A;N/A;N/A;N/A;N/A;N/A;N/A;N/A;N/A;N/A;N/A;N/A;N/A;N/A;N/A;N/A;N/A;N/A;N/A;N/A;N/A;N/A;N/A;N/A;N/A;N/A;Sí;N/A;N/A;N/A;N/A;N/A;N/A;N/A;N/A;N/A
Renault;Megane;Autentic;2007;"312000 km";;KWA1;6900;;;;;"La Teja";https://auto.mercadolibre.com.uy/MLU-705890650-renault-megane-diesel-al-dia-vendo-_JM;N/A;;"Renault Megane Diesel Al Dia. Vendo ";USD;No;free;false;N/A;N/A;http://perfil.mercadolibre.com.uy/KWA1;active;N/A;N/A;Usado;Blanco;N/A;Hidráulica;N/A;N/A;N/A;N/A;N/A;N/A;N/A;N/A;N/A;No;N/A;N/A;N/A;N/A;N/A;N/A;N/A;N/A;N/A;N/A;N/A;N/A;N/A;N/A;N/A;N/A;N/A;N/A;N/A;N/A;N/A;N/A;N/A;N/A;N/A;N/A;N/A;N/A;N/A;N/A;N/A;N/A;N/A;N/A;N/A;N/A;N/A;N/A;N/A;N/A;N/A;N/A;N/A;N/A;N/A;N/A;N/A;N/A;N/A;N/A;N/A;N/A;N/A;N/A;N/A;N/A;N/A;N/A;N/A;N/A;N/A;N/A;N/A;N/A;N/A;N/A;N/A;N/A;N/A;N/A;N/A;N/A;N/A;N/A;N/A;N/A;N/A;N/A;N/A;N/A;N/A;N/A;N/A;N/A;N/A;N/A;N/A;N/A;N/A;N/A;N/A;N/A;N/A;N/A;N/A;4;"motor 1.9 tdi";Diésel;Manual;Sedán;"Autos y camionetas";N/A;N/A;N/A;N/A;N/A;N/A;N/A;N/A;N/A;N/A;N/A;N/A;N/A;N/A;N/A;N/A;N/A;N/A;N/A;N/A;N/A;N/A;N/A;N/A;N/A;N/A;N/A;N/A;N/A;N/A;N/A;N/A;N/A;N/A;N/A;N/A;N/A;N/A;N/A;N/A;N/A;N/A;N/A;N/A;N/A;N/A;N/A;N/A;N/A;N/A;N/A;N/A;N/A;N/A;N/A;N/A;N/A;N/A;N/A;N/A;N/A;N/A;N/A;N/A;N/A;N/A;N/A;N/A;N/A;N/A;N/A;N/A;N/A;N/A;N/A;N/A;N/A;N/A;N/A;N/A;N/A;N/A;N/A;N/A;N/A;N/A;N/A;N/A;N/A;N/A;N/A;N/A;N/A;N/A;N/A;N/A;N/A;N/A;N/A;N/A;N/A;N/A;N/A;N/A;N/A;N/A;N/A;N/A;N/A;N/A;N/A;N/A;N/A;N/A;N/A;N/A;N/A;N/A;N/A;N/A;N/A;N/A
Renault;Captur;"1.2 Tce120 Expression";2017;"67000 km";;DANPAO26;17200;;;;;Cerro;https://auto.mercadolibre.com.uy/MLU-705981374-renault-captur-2017-12-tce120-expression-_JM;N/A;;"Renault Captur 2017 1.2 Tce120 Expression";usd;Sí;free;false;N/A;N/A;http://perfil.mercadolibre.com.uy/DANPAO26;active;N/A;N/A;Usado;N/A;N/A;Hidráulica;Delantera;Sí;N/A;N/A;N/A;N/A;N/A;N/A;N/A;N/A;N/A;N/A;N/A;N/A;N/A;N/A;N/A;N/A;N/A;N/A;N/A;N/A;N/A;N/A;N/A;N/A;"2606 mm";"1.2 L";"45 L";6;N/A;N/A;N/A;N/A;N/A;N/A;N/A;N/A;N/A;N/A;N/A;N/A;N/A;N/A;N/A;N/A;N/A;N/A;N/A;N/A;N/A;N/A;N/A;N/A;N/A;N/A;N/A;N/A;N/A;N/A;N/A;N/A;N/A;N/A;N/A;N/A;N/A;N/A;N/A;N/A;N/A;N/A;N/A;N/A;N/A;"1566 mm";"4122 mm";N/A;N/A;N/A;N/A;5;"130 hp";Expression;N/A;4;"1778 mm";N/A;N/A;N/A;N/A;N/A;N/A;N/A;N/A;N/A;N/A;N/A;N/A;N/A;N/A;N/A;N/A;N/A;N/A;5;1.2;Nafta;Manual;Hatchback;"Autos y camionetas";N/A;N/A;N/A;N/A;N/A;N/A;UY;N/A;N/A;N/A;N/A;N/A;N/A;N/A;N/A;N/A;N/A;N/A;N/A;N/A;N/A;N/A;N/A;N/A;N/A;N/A;N/A;N/A;N/A;N/A;N/A;N/A;N/A;N/A;N/A;N/A;N/A;N/A;N/A;N/A;N/A;N/A;N/A;N/A;N/A;N/A;N/A;N/A;N/A;N/A;N/A;N/A;N/A;N/A;N/A;N/A;N/A;N/A;N/A;N/A;N/A;N/A;N/A;N/A;N/A;N/A;N/A;N/A;N/A;N/A;N/A;N/A;N/A;N/A;N/A;N/A;N/A;N/A;N/A;N/A;N/A;N/A;N/A;N/A;N/A;N/A;N/A;N/A;N/A;N/A;N/A;N/A;N/A;N/A;N/A;N/A;N/A;N/A;N/A;N/A;N/A;N/A;N/A;N/A;N/A;N/A;N/A;N/A;N/A;N/A;N/A;N/A;N/A;N/A;N/A;N/A;N/A;N/A;N/A;N/A;N/A;N/A
Renault;Oroch;"1.3 Tce Intens 2Wd Cvt";2024;"36800 km";;ESSE20240323175842;23400;;;;;Maldonado;https://auto.mercadolibre.com.uy/MLU-703136618-renault-oroch-13-tce-intens-2wd-cvt-_JM;N/A;;"Renault Oroch 1.3 Tce Intens 2wd Cvt";usd;Sí;free;false;N/A;N/A;http://perfil.mercadolibre.com.uy/ESSE20240323175842;active;N/A;N/A;Usado;Gris;N/A;Eléctrica;Delantera;Sí;Sí;N/A;N/A;N/A;Sí;N/A;N/A;No;N/A;N/A;Sí;Sí;N/A;No;N/A;N/A;N/A;N/A;N/A;N/A;N/A;N/A;N/A;N/A;"2890 mm";"1.3 L";"45 L";8;N/A;N/A;N/A;N/A;N/A;Sí;N/A;N/A;N/A;N/A;N/A;N/A;N/A;N/A;N/A;N/A;N/A;N/A;N/A;N/A;N/A;N/A;N/A;N/A;N/A;N/A;N/A;N/A;N/A;Sí;N/A;N/A;N/A;N/A;N/A;N/A;N/A;N/A;N/A;N/A;N/A;N/A;N/A;N/A;N/A;"1694 mm";"4719 mm";N/A;N/A;N/A;N/A;5;"156 hp";Intens;N/A;4;"1834 mm";N/A;N/A;N/A;Sí;Sí;N/A;Sí;Sí;N/A;No;N/A;N/A;Sí;Sí;N/A;N/A;No;"Lunes a domingo";4;1.3;Nafta;Automática;Pick-Up;"Autos y camionetas";N/A;N/A;N/A;N/A;N/A;N/A;UY;N/A;N/A;N/A;N/A;N/A;N/A;N/A;N/A;N/A;N/A;N/A;N/A;N/A;N/A;N/A;N/A;N/A;Sí;N/A;N/A;N/A;N/A;N/A;N/A;N/A;N/A;N/A;N/A;N/A;N/A;N/A;N/A;N/A;N/A;N/A;N/A;N/A;N/A;N/A;N/A;N/A;N/A;N/A;N/A;N/A;N/A;N/A;N/A;N/A;N/A;N/A;N/A;N/A;N/A;N/A;N/A;N/A;N/A;N/A;N/A;N/A;N/A;N/A;N/A;N/A;N/A;N/A;N/A;N/A;N/A;N/A;N/A;N/A;N/A;N/A;N/A;N/A;N/A;N/A;N/A;N/A;N/A;N/A;N/A;N/A;N/A;N/A;N/A;No;Sí;Sí;Sí;N/A;Sí;N/A;N/A;N/A;N/A;Sí;Sí;Sí;Sí;N/A;N/A;Sí;Sí;Sí;Sí;Sí;Sí;No;No;Sí;N/A;Sí
Renault;Laguna;Full;2018;"140000 km";;ALAN7151722;10000;;;;;Casarino;https://auto.mercadolibre.com.uy/MLU-704581434-renot-logan-16-nafta-full-ano-2018-nuevo-093-350-099-_JM;N/A;;"Renot Logan 1.6 Nafta Full Año 2018 Nuevo 093 350 099";USD;Sí;free;false;N/A;N/A;http://perfil.mercadolibre.com.uy/ALAN7151722;active;N/A;N/A;Usado;Blanco;N/A;N/A;N/A;N/A;N/A;N/A;N/A;N/A;N/A;N/A;N/A;N/A;N/A;N/A;N/A;N/A;N/A;N/A;N/A;N/A;N/A;N/A;N/A;N/A;N/A;N/A;N/A;N/A;N/A;N/A;N/A;N/A;N/A;N/A;N/A;N/A;N/A;N/A;N/A;N/A;N/A;N/A;N/A;N/A;N/A;N/A;N/A;N/A;N/A;N/A;N/A;N/A;N/A;N/A;N/A;N/A;N/A;N/A;N/A;N/A;N/A;N/A;N/A;N/A;N/A;N/A;N/A;N/A;N/A;N/A;N/A;N/A;N/A;N/A;N/A;N/A;N/A;N/A;N/A;N/A;N/A;N/A;N/A;N/A;N/A;N/A;N/A;N/A;N/A;N/A;N/A;N/A;N/A;N/A;N/A;N/A;N/A;N/A;N/A;N/A;N/A;N/A;N/A;N/A;N/A;N/A;N/A;5;N/A;Nafta;N/A;N/A;"Autos y camionetas";N/A;N/A;N/A;N/A;N/A;N/A;N/A;N/A;N/A;N/A;N/A;N/A;N/A;N/A;N/A;N/A;N/A;N/A;N/A;N/A;N/A;N/A;N/A;N/A;N/A;N/A;N/A;N/A;N/A;N/A;N/A;N/A;N/A;N/A;N/A;N/A;N/A;N/A;N/A;N/A;N/A;N/A;N/A;N/A;N/A;N/A;N/A;N/A;N/A;N/A;N/A;N/A;N/A;N/A;N/A;N/A;N/A;N/A;N/A;N/A;N/A;N/A;N/A;N/A;N/A;N/A;N/A;N/A;N/A;N/A;N/A;N/A;N/A;N/A;N/A;N/A;N/A;N/A;N/A;N/A;N/A;N/A;N/A;N/A;N/A;N/A;N/A;N/A;N/A;N/A;N/A;N/A;N/A;N/A;N/A;N/A;N/A;N/A;N/A;N/A;N/A;N/A;N/A;N/A;N/A;N/A;N/A;N/A;N/A;N/A;N/A;N/A;N/A;N/A;N/A;N/A;N/A;N/A;N/A;N/A;N/A;N/A
Renault;Sandero;"1.6 Authentique 90cv";2019;"40000 km";;SANJACINTO1944;13500;;;;;"San Jacinto";https://auto.mercadolibre.com.uy/MLU-704329326-renault-sandero-_JM;N/A;;"Renault  Sandero";usd;Sí;free;false;N/A;N/A;http://perfil.mercadolibre.com.uy/SANJACINTO1944;active;N/A;N/A;Usado;Rojo;No;Hidráulica;Trasera;N/A;Sí;N/A;N/A;N/A;Sí;N/A;N/A;N/A;N/A;N/A;No;N/A;N/A;N/A;N/A;N/A;N/A;N/A;N/A;N/A;N/A;N/A;N/A;N/A;"2590 mm";"1.6 L";"50 L";5;N/A;N/A;N/A;N/A;N/A;N/A;N/A;N/A;N/A;N/A;N/A;N/A;N/A;N/A;N/A;N/A;N/A;N/A;N/A;N/A;N/A;N/A;N/A;N/A;N/A;N/A;N/A;N/A;N/A;N/A;N/A;N/A;N/A;N/A;N/A;N/A;N/A;N/A;N/A;N/A;N/A;N/A;N/A;N/A;N/A;"1528 mm";"4023 mm";N/A;N/A;N/A;N/A;5;"90 hp";Authentique;N/A;2;"1733 mm";"10 km/l";No;N/A;N/A;Sí;N/A;Sí;No;N/A;N/A;N/A;"5.8 km/l";No;N/A;N/A;N/A;N/A;"Lunes a Domingo de 10:00 a 23:00";4;1.6;Nafta;Manual;Sedán;"Autos y camionetas";N/A;N/A;N/A;N/A;N/A;N/A;UY;N/A;N/A;N/A;N/A;N/A;N/A;N/A;N/A;N/A;N/A;N/A;N/A;N/A;N/A;N/A;N/A;N/A;No;N/A;N/A;N/A;N/A;N/A;N/A;N/A;N/A;N/A;N/A;N/A;N/A;N/A;N/A;N/A;N/A;N/A;N/A;N/A;N/A;N/A;N/A;N/A;N/A;N/A;N/A;N/A;N/A;N/A;N/A;N/A;N/A;N/A;N/A;N/A;N/A;N/A;N/A;N/A;N/A;N/A;N/A;N/A;N/A;N/A;N/A;N/A;N/A;N/A;N/A;N/A;N/A;N/A;N/A;N/A;N/A;N/A;N/A;N/A;N/A;N/A;N/A;N/A;N/A;N/A;N/A;N/A;N/A;N/A;N/A;No;Sí;Sí;N/A;N/A;Sí;N/A;N/A;N/A;N/A;Sí;No;Sí;Sí;N/A;N/A;No;Sí;Sí;N/A;N/A;N/A;N/A;N/A;Sí;N/A;N/A
Renault;Duster;"2.0 Ph2 4x4 Privilege 143cv";2018;"70200 km";;DESE20231215142901;16900;;;;;Durazno;https://auto.mercadolibre.com.uy/MLU-704152436-renault-duster-20-ph2-4x4-privilege-143cv-_JM;N/A;;"Renault Duster 2.0 Ph2 4x4 Privilege 143cv";usd;Sí;free;false;N/A;N/A;http://perfil.mercadolibre.com.uy/DESE20231215142901;active;N/A;N/A;Usado;Negro;No;Hidráulica;4x4;Sí;Sí;Sí;N/A;N/A;N/A;N/A;N/A;N/A;N/A;N/A;Sí;Sí;N/A;N/A;N/A;N/A;N/A;N/A;N/A;N/A;N/A;N/A;N/A;N/A;"2674 mm";"2 L";"50 L";6;N/A;N/A;N/A;N/A;N/A;Sí;N/A;N/A;N/A;N/A;N/A;N/A;N/A;N/A;N/A;N/A;N/A;N/A;N/A;N/A;N/A;N/A;N/A;N/A;N/A;N/A;N/A;N/A;N/A;N/A;N/A;N/A;N/A;N/A;N/A;N/A;N/A;N/A;N/A;N/A;N/A;N/A;N/A;N/A;N/A;"1683 mm";"4329 mm";N/A;N/A;N/A;N/A;5;"143 hp";Privilege;N/A;4;"1822 mm";"10.8 km/l";Sí;N/A;N/A;Sí;N/A;Sí;Sí;N/A;N/A;N/A;N/A;N/A;N/A;N/A;N/A;Sí;N/A;5;2.0;Nafta;Manual;SUV;"Autos y camionetas";N/A;N/A;N/A;N/A;N/A;N/A;UY;N/A;Sí;N/A;N/A;N/A;N/A;N/A;N/A;N/A;N/A;N/A;N/A;N/A;N/A;N/A;N/A;N/A;Sí;N/A;N/A;N/A;N/A;N/A;N/A;N/A;N/A;N/A;N/A;N/A;N/A;N/A;N/A;N/A;N/A;N/A;N/A;N/A;N/A;N/A;N/A;N/A;N/A;N/A;N/A;N/A;N/A;N/A;N/A;N/A;N/A;N/A;N/A;N/A;N/A;N/A;N/A;N/A;N/A;N/A;N/A;N/A;N/A;N/A;N/A;N/A;N/A;N/A;N/A;N/A;N/A;N/A;N/A;N/A;N/A;N/A;N/A;N/A;N/A;N/A;N/A;N/A;N/A;N/A;N/A;N/A;N/A;N/A;N/A;N/A;Sí;N/A;Sí;N/A;Sí;N/A;N/A;N/A;N/A;Sí;Sí;N/A;Sí;N/A;N/A;Sí;Sí;Sí;Sí;Sí;Sí;N/A;N/A;Sí;N/A;Sí
Renault;Sandero;"1.6 Authentique 90cv";2015;"94000 km";;LEONARDOCASTING1982;9300;;;;;Colón;https://auto.mercadolibre.com.uy/MLU-647148205-renault-sandero-2015-16-authentique-90cv-_JM;N/A;;"Renault Sandero 2015 1.6 Authentique 90cv";usd;Sí;free;false;N/A;N/A;http://perfil.mercadolibre.com.uy/LEONARDOCASTING1982;active;N/A;N/A;Usado;N/A;N/A;Hidráulica;Delantera;N/A;N/A;N/A;N/A;N/A;N/A;N/A;N/A;N/A;N/A;N/A;N/A;N/A;N/A;N/A;N/A;N/A;N/A;N/A;N/A;N/A;N/A;N/A;N/A;N/A;"2590 mm";"1.6 L";"50 L";5;N/A;N/A;N/A;N/A;N/A;N/A;N/A;N/A;N/A;N/A;N/A;N/A;N/A;N/A;N/A;N/A;N/A;N/A;N/A;N/A;N/A;N/A;N/A;N/A;N/A;N/A;N/A;N/A;N/A;N/A;N/A;N/A;N/A;N/A;N/A;N/A;N/A;N/A;N/A;N/A;N/A;N/A;N/A;N/A;N/A;"1528 mm";"4023 mm";N/A;N/A;N/A;N/A;5;"90 hp";Authentique;N/A;2;"1733 mm";"10 km/l";N/A;N/A;N/A;Sí;N/A;N/A;N/A;N/A;N/A;N/A;"5.8 km/l";N/A;N/A;N/A;N/A;N/A;N/A;5;1.6;Nafta;Manual;Hatchback;"Autos y camionetas";N/A;N/A;N/A;N/A;N/A;N/A;UY;N/A;N/A;N/A;N/A;N/A;N/A;N/A;N/A;N/A;N/A;N/A;N/A;N/A;N/A;N/A;N/A;N/A;N/A;N/A;N/A;N/A;N/A;N/A;N/A;N/A;N/A;N/A;N/A;N/A;N/A;N/A;N/A;N/A;N/A;N/A;N/A;N/A;N/A;N/A;N/A;N/A;N/A;N/A;N/A;N/A;N/A;N/A;N/A;N/A;N/A;N/A;N/A;N/A;N/A;N/A;N/A;N/A;N/A;N/A;N/A;N/A;N/A;N/A;N/A;N/A;N/A;N/A;N/A;N/A;N/A;N/A;N/A;N/A;N/A;N/A;N/A;N/A;N/A;N/A;N/A;N/A;N/A;N/A;N/A;N/A;N/A;N/A;N/A;N/A;N/A;N/A;N/A;N/A;N/A;N/A;N/A;N/A;N/A;N/A;N/A;N/A;N/A;N/A;N/A;N/A;Sí;N/A;N/A;N/A;N/A;N/A;N/A;Sí;N/A;N/A
Renault;Clio;"1.2 Iv Fase Ii Expression";2016;"75999 km";;"OSCAR 1981";15200;;;;;Maldonado;https://auto.mercadolibre.com.uy/MLU-706124360-renault-clio-2016-12-iv-fase-ii-expression-_JM;N/A;;"Renault Clio 2016 1.2 Iv Fase Ii Expression";usd;Sí;free;false;N/A;N/A;http://perfil.mercadolibre.com.uy/OSCAR+1981;active;N/A;N/A;Usado;N/A;N/A;Hidráulica;Delantera;N/A;N/A;Sí;N/A;N/A;N/A;N/A;N/A;N/A;N/A;N/A;N/A;N/A;N/A;N/A;N/A;N/A;N/A;N/A;N/A;N/A;N/A;N/A;N/A;N/A;"2472 mm";"1.2 L";"50 L";5;N/A;N/A;N/A;N/A;N/A;N/A;N/A;N/A;N/A;N/A;N/A;N/A;N/A;N/A;N/A;N/A;N/A;N/A;N/A;N/A;N/A;N/A;N/A;N/A;N/A;N/A;N/A;N/A;N/A;N/A;N/A;N/A;N/A;N/A;N/A;N/A;N/A;N/A;N/A;N/A;N/A;N/A;N/A;N/A;N/A;"1417 mm";"3811 mm";N/A;N/A;N/A;N/A;5;"75 hp";Authentique;N/A;4;"1639 mm";N/A;N/A;N/A;N/A;N/A;N/A;N/A;N/A;N/A;N/A;N/A;N/A;N/A;N/A;N/A;N/A;N/A;N/A;3;1.2;Nafta;Manual;Hatchback;"Autos y camionetas";N/A;N/A;N/A;N/A;N/A;N/A;UY;N/A;N/A;N/A;N/A;N/A;N/A;N/A;N/A;N/A;N/A;N/A;N/A;N/A;N/A;N/A;N/A;N/A;N/A;N/A;N/A;N/A;N/A;N/A;N/A;N/A;N/A;N/A;N/A;N/A;N/A;N/A;N/A;N/A;N/A;N/A;N/A;N/A;N/A;N/A;N/A;N/A;N/A;N/A;N/A;N/A;N/A;N/A;N/A;N/A;N/A;N/A;N/A;N/A;N/A;N/A;N/A;N/A;N/A;N/A;N/A;N/A;N/A;N/A;N/A;N/A;N/A;N/A;N/A;N/A;N/A;N/A;N/A;N/A;N/A;N/A;N/A;N/A;N/A;N/A;N/A;N/A;N/A;N/A;N/A;N/A;N/A;N/A;N/A;N/A;N/A;N/A;N/A;N/A;N/A;N/A;N/A;N/A;N/A;N/A;N/A;N/A;N/A;N/A;N/A;N/A;N/A;N/A;N/A;N/A;N/A;N/A;N/A;N/A;N/A;N/A
Renault;Kwid;"1.0 Sce 66cv Zen";2020;"62 km";;SAMUEL23458;11700;;;;;Minas;https://auto.mercadolibre.com.uy/MLU-705893402-renault-kwid-10-sce-66cv-zen-_JM;N/A;;"Renault Kwid 1.0 Sce 66cv Zen";usd;Sí;free;false;N/A;N/A;http://perfil.mercadolibre.com.uy/SAMUEL23458;active;N/A;N/A;Usado;Gris;Sí;Hidráulica;Delantera;Sí;Sí;Sí;N/A;N/A;N/A;N/A;N/A;N/A;N/A;N/A;N/A;Sí;N/A;Sí;N/A;N/A;N/A;N/A;N/A;N/A;N/A;N/A;N/A;N/A;"2423 mm";"1 L";"50 L";5;N/A;N/A;N/A;N/A;N/A;Sí;N/A;N/A;N/A;N/A;N/A;N/A;N/A;N/A;N/A;N/A;N/A;N/A;N/A;N/A;N/A;N/A;N/A;N/A;N/A;N/A;N/A;N/A;N/A;N/A;N/A;N/A;N/A;N/A;N/A;N/A;N/A;N/A;N/A;N/A;N/A;N/A;N/A;N/A;N/A;"1474 mm";"3680 mm";N/A;N/A;N/A;N/A;5;"66 hp";Zen;N/A;4;"1752 mm";N/A;N/A;N/A;Sí;Sí;N/A;Sí;Sí;N/A;N/A;N/A;N/A;N/A;N/A;N/A;N/A;N/A;"Domingo a domingo sin horario.";5;1.0;Nafta;Manual;Hatchback;"Autos y camionetas";N/A;N/A;N/A;N/A;N/A;N/A;UY;N/A;N/A;N/A;N/A;N/A;N/A;N/A;N/A;N/A;N/A;N/A;N/A;N/A;N/A;N/A;N/A;N/A;N/A;N/A;N/A;N/A;N/A;N/A;N/A;N/A;N/A;N/A;N/A;N/A;N/A;N/A;N/A;N/A;N/A;N/A;N/A;N/A;N/A;N/A;N/A;N/A;N/A;N/A;N/A;N/A;N/A;N/A;N/A;N/A;N/A;N/A;N/A;N/A;N/A;N/A;N/A;N/A;N/A;N/A;N/A;N/A;N/A;N/A;N/A;N/A;N/A;N/A;N/A;N/A;N/A;N/A;N/A;N/A;N/A;N/A;N/A;N/A;N/A;N/A;N/A;N/A;N/A;N/A;N/A;N/A;N/A;N/A;N/A;N/A;Sí;Sí;N/A;N/A;Sí;N/A;N/A;N/A;N/A;Sí;N/A;N/A;Sí;N/A;N/A;N/A;N/A;N/A;N/A;N/A;N/A;N/A;N/A;N/A;N/A;N/A
Renault;"Duster Oroch";"1.3 Tce Intens Outsider Cvt 2Wd";2025;"800 km";;MAI_DU2009;25500;;;;;"Treinta y Tres";https://auto.mercadolibre.com.uy/MLU-705202104-renault-oroch-_JM;N/A;;"Renault Oroch";USD;Sí;free;false;N/A;N/A;http://perfil.mercadolibre.com.uy/MAI_DU2009;active;N/A;N/A;Usado;Blanco;Sí;Hidráulica;Delantera;N/A;N/A;N/A;N/A;N/A;N/A;N/A;N/A;N/A;N/A;N/A;N/A;N/A;N/A;N/A;N/A;N/A;N/A;N/A;N/A;N/A;N/A;N/A;N/A;N/A;N/A;N/A;N/A;N/A;N/A;N/A;N/A;N/A;N/A;N/A;N/A;N/A;N/A;N/A;N/A;N/A;N/A;N/A;N/A;N/A;N/A;N/A;N/A;N/A;N/A;N/A;N/A;N/A;N/A;N/A;N/A;N/A;N/A;N/A;N/A;N/A;N/A;N/A;N/A;N/A;N/A;N/A;N/A;N/A;N/A;N/A;N/A;N/A;N/A;N/A;N/A;N/A;N/A;N/A;N/A;N/A;N/A;N/A;N/A;N/A;N/A;N/A;N/A;N/A;N/A;N/A;N/A;N/A;N/A;N/A;N/A;N/A;N/A;N/A;N/A;N/A;N/A;N/A;N/A;5;1.3;Nafta;Automática;Pick-Up;"Autos y camionetas";N/A;N/A;N/A;N/A;N/A;N/A;N/A;N/A;N/A;N/A;N/A;N/A;N/A;N/A;N/A;N/A;N/A;N/A;N/A;N/A;N/A;N/A;N/A;N/A;N/A;N/A;N/A;N/A;N/A;N/A;N/A;N/A;N/A;N/A;N/A;N/A;N/A;N/A;N/A;N/A;N/A;N/A;N/A;N/A;N/A;N/A;N/A;N/A;N/A;N/A;N/A;N/A;N/A;N/A;N/A;N/A;N/A;N/A;N/A;N/A;N/A;N/A;N/A;N/A;N/A;N/A;N/A;N/A;N/A;N/A;N/A;N/A;N/A;N/A;N/A;N/A;N/A;N/A;N/A;N/A;N/A;N/A;N/A;N/A;N/A;N/A;N/A;N/A;N/A;N/A;N/A;N/A;N/A;N/A;N/A;N/A;N/A;N/A;N/A;N/A;N/A;N/A;N/A;N/A;N/A;N/A;N/A;N/A;N/A;N/A;N/A;N/A;N/A;N/A;N/A;N/A;N/A;N/A;N/A;N/A;N/A;N/A
Renault;Duster;"1.6 Ph2 4x2 Dynamique 110cv";2016;"93000 km";;MORTEOGABRIELA20230422154434;13600;;;;;"La Comercial";https://auto.mercadolibre.com.uy/MLU-704811532-renault-duster-_JM;N/A;;"Renault Duster";usd;Sí;free;false;N/A;N/A;http://perfil.mercadolibre.com.uy/MORTEOGABRIELA20230422154434;active;N/A;N/A;Usado;Blanco;N/A;Hidráulica;4x2;N/A;N/A;Sí;N/A;N/A;N/A;N/A;N/A;N/A;N/A;N/A;N/A;N/A;N/A;N/A;N/A;N/A;N/A;N/A;N/A;N/A;N/A;N/A;N/A;N/A;"2674 mm";"1.6 L";"50 L";5;N/A;N/A;N/A;N/A;N/A;N/A;N/A;N/A;N/A;N/A;N/A;N/A;N/A;N/A;N/A;N/A;N/A;N/A;N/A;N/A;N/A;N/A;N/A;N/A;N/A;N/A;N/A;N/A;N/A;N/A;N/A;N/A;N/A;N/A;N/A;N/A;N/A;N/A;N/A;N/A;N/A;N/A;N/A;N/A;N/A;"1683 mm";"4329 mm";N/A;N/A;N/A;N/A;5;"110 hp";Dynamique;N/A;4;"1822 mm";"11.1 km/l";N/A;N/A;N/A;N/A;N/A;N/A;N/A;N/A;N/A;N/A;"10.4 km/l";N/A;N/A;N/A;N/A;N/A;"Todo el dia";5;1.6;Nafta;Manual;SUV;"Autos y camionetas";N/A;N/A;N/A;N/A;N/A;N/A;UY;N/A;N/A;N/A;N/A;N/A;N/A;N/A;N/A;N/A;N/A;N/A;N/A;N/A;N/A;N/A;N/A;N/A;N/A;N/A;N/A;N/A;N/A;N/A;N/A;N/A;N/A;N/A;N/A;N/A;N/A;N/A;N/A;N/A;N/A;N/A;N/A;N/A;N/A;N/A;N/A;N/A;N/A;N/A;N/A;N/A;N/A;N/A;N/A;N/A;N/A;N/A;N/A;N/A;N/A;N/A;N/A;N/A;N/A;N/A;N/A;N/A;N/A;N/A;N/A;N/A;N/A;N/A;N/A;N/A;N/A;N/A;N/A;N/A;N/A;N/A;N/A;N/A;N/A;N/A;N/A;N/A;N/A;N/A;N/A;N/A;N/A;N/A;N/A;N/A;N/A;N/A;N/A;N/A;N/A;N/A;N/A;N/A;N/A;N/A;N/A;N/A;N/A;N/A;N/A;N/A;N/A;N/A;N/A;N/A;N/A;N/A;N/A;N/A;N/A;N/A
Renault;Kwid;"1.0 Sce 66cv Life";2021;"98906 km";;DUMPI2008;10750;;;;;"Los Cerrillos";https://auto.mercadolibre.com.uy/MLU-704248606-renault-kwid-_JM;N/A;;"Renault Kwid";usd;Sí;free;false;N/A;N/A;http://perfil.mercadolibre.com.uy/DUMPI2008;active;N/A;N/A;Usado;Rojo;Sí;N/A;Delantera;Sí;N/A;Sí;N/A;N/A;N/A;N/A;N/A;No;N/A;N/A;N/A;No;N/A;Sí;N/A;N/A;N/A;N/A;N/A;N/A;N/A;N/A;N/A;N/A;"2423 mm";"1 L";"50 L";5;N/A;N/A;N/A;N/A;N/A;No;N/A;N/A;N/A;N/A;N/A;N/A;N/A;N/A;N/A;N/A;N/A;N/A;N/A;N/A;N/A;N/A;N/A;N/A;N/A;N/A;N/A;N/A;N/A;N/A;N/A;N/A;N/A;N/A;N/A;N/A;N/A;N/A;N/A;N/A;N/A;N/A;N/A;N/A;N/A;"1474 mm";"3680 mm";N/A;N/A;N/A;N/A;5;"66 hp";Life;N/A;4;"1752 mm";N/A;No;N/A;Sí;Sí;N/A;Sí;N/A;N/A;No;N/A;N/A;N/A;N/A;N/A;N/A;Sí;"Todos los dìas de 9 a 21 hs";5;1.0;Nafta;Manual;Hatchback;"Autos y camionetas";N/A;N/A;N/A;N/A;N/A;N/A;UY;N/A;No;N/A;N/A;N/A;N/A;N/A;N/A;N/A;N/A;N/A;N/A;N/A;N/A;N/A;N/A;N/A;N/A;N/A;N/A;N/A;N/A;N/A;N/A;N/A;N/A;N/A;N/A;N/A;N/A;N/A;N/A;N/A;N/A;N/A;N/A;N/A;N/A;N/A;N/A;N/A;N/A;N/A;N/A;N/A;N/A;N/A;N/A;N/A;N/A;N/A;N/A;N/A;N/A;N/A;N/A;N/A;N/A;N/A;N/A;N/A;N/A;N/A;N/A;N/A;N/A;N/A;N/A;N/A;N/A;N/A;N/A;N/A;N/A;N/A;N/A;N/A;N/A;N/A;N/A;N/A;N/A;N/A;N/A;N/A;N/A;N/A;N/A;N/A;N/A;N/A;No;N/A;Sí;N/A;N/A;N/A;N/A;Sí;N/A;No;Sí;N/A;N/A;N/A;No;Sí;Sí;N/A;Sí;N/A;N/A;Sí;N/A;Sí
Renault;Clio;"0.9 Iv Fase Ii Turbo Dynamique";2018;"80000 km";;COBRAJOYERIA;17500;;;;;Belvedere;https://auto.mercadolibre.com.uy/MLU-704020814-renault-clio-09-iv-fase-ii-turbo-dynamique-_JM;N/A;;"Renault Clio 0.9 Iv Fase Ii Turbo Dynamique";usd;Sí;free;false;N/A;N/A;http://perfil.mercadolibre.com.uy/COBRAJOYERIA;active;N/A;N/A;Usado;Azul;No;Hidráulica;Delantera;Sí;N/A;Sí;N/A;N/A;N/A;N/A;N/A;Sí;N/A;N/A;Sí;Sí;N/A;N/A;N/A;N/A;N/A;N/A;N/A;N/A;N/A;N/A;N/A;N/A;"2472 mm";"0.9 L";"50 L";5;N/A;N/A;N/A;N/A;N/A;N/A;N/A;N/A;N/A;N/A;N/A;N/A;N/A;N/A;N/A;N/A;N/A;N/A;N/A;N/A;N/A;N/A;N/A;N/A;N/A;N/A;N/A;N/A;N/A;N/A;N/A;N/A;N/A;N/A;N/A;N/A;N/A;N/A;N/A;N/A;N/A;N/A;N/A;N/A;N/A;"1417 mm";"3811 mm";N/A;N/A;N/A;N/A;5;"90 hp";Authentique;N/A;4;"1639 mm";N/A;N/A;N/A;N/A;Sí;N/A;N/A;Sí;N/A;N/A;N/A;N/A;N/A;N/A;N/A;N/A;N/A;N/A;3;0.9;Nafta;Manual;Hatchback;"Autos y camionetas";N/A;N/A;N/A;N/A;N/A;N/A;UY;N/A;No;N/A;N/A;N/A;N/A;N/A;N/A;N/A;N/A;N/A;N/A;N/A;N/A;N/A;N/A;N/A;N/A;N/A;N/A;N/A;N/A;N/A;N/A;N/A;N/A;N/A;N/A;N/A;N/A;N/A;N/A;N/A;N/A;N/A;N/A;N/A;N/A;N/A;N/A;N/A;N/A;N/A;N/A;N/A;N/A;N/A;N/A;N/A;N/A;N/A;N/A;N/A;N/A;N/A;N/A;N/A;N/A;N/A;N/A;N/A;N/A;N/A;N/A;N/A;N/A;N/A;N/A;N/A;N/A;N/A;N/A;N/A;N/A;N/A;N/A;N/A;N/A;N/A;N/A;N/A;N/A;N/A;N/A;N/A;N/A;N/A;N/A;N/A;N/A;N/A;N/A;N/A;Sí;N/A;N/A;N/A;N/A;Sí;Sí;N/A;N/A;N/A;N/A;N/A;Sí;N/A;N/A;N/A;N/A;N/A;N/A;N/A;N/A;N/A
Renault;Sandero;"1.6 Expression 90cv";2017;"150000 km";;FLWI3219727;12500;;;;;Carmelo;https://auto.mercadolibre.com.uy/MLU-647363407-renault-sandero-16-expression-90cv-_JM;N/A;;"Renault Sandero 1.6 Expression 90cv";usd;Sí;free;false;N/A;N/A;http://perfil.mercadolibre.com.uy/FLWI3219727;active;N/A;N/A;Usado;Blanco;N/A;Hidráulica;Delantera;Sí;N/A;N/A;N/A;N/A;N/A;N/A;N/A;N/A;N/A;N/A;N/A;N/A;N/A;N/A;N/A;N/A;N/A;N/A;N/A;N/A;N/A;N/A;N/A;N/A;"2590 mm";"1.6 L";"50 L";5;N/A;N/A;N/A;N/A;N/A;N/A;N/A;N/A;N/A;N/A;N/A;N/A;N/A;N/A;N/A;N/A;N/A;N/A;N/A;N/A;N/A;N/A;N/A;N/A;N/A;N/A;N/A;N/A;N/A;N/A;N/A;N/A;N/A;N/A;N/A;N/A;N/A;N/A;N/A;N/A;N/A;N/A;N/A;N/A;N/A;"1536 mm";"4060 mm";N/A;N/A;N/A;N/A;5;"90 hp";Expression;N/A;2;"1733 mm";"10 km/l";N/A;N/A;N/A;N/A;N/A;N/A;N/A;N/A;N/A;Sí;"5.8 km/l";N/A;N/A;N/A;N/A;N/A;N/A;5;1.6;Nafta;Manual;Hatchback;"Autos y camionetas";N/A;N/A;N/A;N/A;N/A;N/A;UY;N/A;N/A;N/A;N/A;N/A;N/A;N/A;N/A;N/A;N/A;N/A;N/A;N/A;N/A;N/A;N/A;N/A;N/A;N/A;N/A;N/A;N/A;N/A;N/A;N/A;N/A;N/A;N/A;N/A;N/A;N/A;N/A;N/A;N/A;N/A;N/A;N/A;N/A;N/A;N/A;N/A;N/A;N/A;N/A;N/A;N/A;N/A;N/A;N/A;N/A;N/A;N/A;N/A;N/A;N/A;N/A;N/A;N/A;N/A;N/A;N/A;N/A;N/A;N/A;N/A;N/A;N/A;N/A;N/A;N/A;N/A;N/A;N/A;N/A;N/A;N/A;N/A;N/A;N/A;N/A;N/A;N/A;N/A;N/A;N/A;N/A;N/A;N/A;N/A;N/A;N/A;N/A;N/A;N/A;N/A;N/A;N/A;N/A;N/A;N/A;N/A;N/A;N/A;N/A;N/A;N/A;N/A;N/A;N/A;N/A;Sí;N/A;N/A;N/A;N/A
Renault;Oroch;"1.3 Tce Intens 2Wd Cvt";2024;"86200 km";;CB20240807101627;25000;;;;;N/A;https://auto.mercadolibre.com.uy/MLU-703226714-renault-oroch-13-tce-intens-2wd-cvt-_JM;N/A;;"Renault Oroch 1.3 Tce Intens 2wd Cvt";usd;Sí;free;false;N/A;N/A;http://perfil.mercadolibre.com.uy/CB20240807101627;active;N/A;N/A;Usado;Gris;Sí;Eléctrica;Delantera;N/A;N/A;N/A;N/A;N/A;N/A;N/A;N/A;N/A;N/A;N/A;N/A;N/A;N/A;N/A;N/A;N/A;N/A;N/A;N/A;N/A;N/A;N/A;N/A;N/A;"2890 mm";"1.3 L";"45 L";8;N/A;N/A;N/A;N/A;N/A;N/A;N/A;N/A;N/A;N/A;N/A;N/A;N/A;N/A;N/A;N/A;N/A;N/A;N/A;N/A;N/A;N/A;N/A;N/A;N/A;N/A;N/A;N/A;N/A;N/A;N/A;N/A;N/A;N/A;N/A;N/A;N/A;N/A;N/A;N/A;N/A;N/A;N/A;N/A;N/A;"1694 mm";"4719 mm";N/A;N/A;N/A;N/A;5;"156 hp";Intens;N/A;4;"1834 mm";N/A;Sí;N/A;N/A;N/A;N/A;Sí;Sí;N/A;N/A;N/A;N/A;N/A;N/A;N/A;N/A;N/A;N/A;4;1.3;Nafta;Automática;Pick-Up;"Autos y camionetas";N/A;N/A;N/A;N/A;N/A;N/A;UY;N/A;N/A;N/A;N/A;N/A;N/A;N/A;N/A;N/A;N/A;N/A;N/A;N/A;N/A;N/A;N/A;N/A;N/A;N/A;N/A;N/A;N/A;N/A;N/A;N/A;N/A;N/A;N/A;N/A;N/A;N/A;N/A;N/A;N/A;N/A;N/A;N/A;N/A;N/A;N/A;N/A;N/A;N/A;N/A;N/A;N/A;N/A;N/A;N/A;N/A;N/A;N/A;N/A;N/A;N/A;N/A;N/A;N/A;N/A;N/A;N/A;N/A;N/A;N/A;N/A;N/A;N/A;N/A;N/A;N/A;N/A;N/A;N/A;N/A;N/A;N/A;N/A;N/A;N/A;N/A;N/A;N/A;N/A;N/A;N/A;N/A;N/A;N/A;N/A;N/A;N/A;N/A;N/A;N/A;N/A;N/A;N/A;N/A;N/A;N/A;N/A;N/A;N/A;N/A;N/A;N/A;N/A;N/A;N/A;N/A;N/A;N/A;N/A;N/A;N/A
Renault;19;1.4;1999;"210000 km";;GASE729464;2800;;;;;"Pajas Blancas";https://auto.mercadolibre.com.uy/MLU-703122792-renault-19-rl-14-_JM;N/A;;"Renault 19 Rl 1.4";USD;No;free;false;N/A;N/A;http://perfil.mercadolibre.com.uy/GASE729464;active;N/A;N/A;Usado;Blanco;N/A;Mecánica;N/A;No;N/A;N/A;N/A;N/A;N/A;N/A;N/A;N/A;N/A;N/A;N/A;No;N/A;N/A;N/A;N/A;N/A;N/A;N/A;N/A;N/A;N/A;N/A;N/A;N/A;N/A;N/A;N/A;N/A;N/A;N/A;N/A;N/A;N/A;N/A;N/A;N/A;N/A;N/A;N/A;N/A;N/A;N/A;N/A;N/A;N/A;N/A;N/A;N/A;N/A;N/A;N/A;N/A;N/A;N/A;N/A;N/A;N/A;N/A;N/A;N/A;N/A;N/A;N/A;N/A;N/A;N/A;N/A;N/A;N/A;N/A;N/A;N/A;N/A;N/A;N/A;N/A;N/A;N/A;N/A;N/A;N/A;N/A;N/A;N/A;N/A;No;N/A;Sí;N/A;N/A;No;No;N/A;N/A;N/A;N/A;N/A;N/A;N/A;N/A;N/A;"Todos los días, de 8 a 17";4;1.4;Nafta;Manual;Sedán;"Autos y camionetas";N/A;N/A;N/A;N/A;N/A;N/A;N/A;N/A;N/A;N/A;N/A;N/A;N/A;N/A;N/A;N/A;N/A;N/A;N/A;N/A;N/A;N/A;N/A;N/A;N/A;N/A;N/A;N/A;N/A;N/A;N/A;N/A;N/A;N/A;N/A;N/A;N/A;N/A;N/A;N/A;N/A;N/A;N/A;N/A;N/A;N/A;N/A;N/A;N/A;N/A;N/A;N/A;N/A;N/A;N/A;N/A;N/A;N/A;N/A;N/A;N/A;N/A;N/A;N/A;N/A;N/A;N/A;N/A;N/A;N/A;N/A;N/A;N/A;N/A;N/A;N/A;N/A;N/A;N/A;N/A;N/A;N/A;N/A;N/A;N/A;N/A;N/A;N/A;N/A;N/A;N/A;N/A;N/A;N/A;N/A;N/A;N/A;No;N/A;N/A;N/A;N/A;N/A;N/A;N/A;N/A;N/A;N/A;N/A;N/A;N/A;N/A;N/A;N/A;Sí;N/A;Sí;N/A;N/A;N/A;N/A;Sí
Renault;Kwid;"1.0 Sce 66cv Intense";2019;"135263 km";;ALSE20240119202734;11500;;;;;"Santa Rosa";https://auto.mercadolibre.com.uy/MLU-703013898-renault-kwid-10-sce-66cv-intense-_JM;N/A;;"Renault Kwid 1.0 Sce 66cv Intense";usd;Sí;free;false;N/A;N/A;http://perfil.mercadolibre.com.uy/ALSE20240119202734;active;N/A;N/A;Usado;Rojo;Sí;Hidráulica;Delantera;Sí;N/A;Sí;N/A;N/A;No;N/A;N/A;No;N/A;N/A;No;Sí;N/A;No;N/A;N/A;N/A;N/A;N/A;N/A;N/A;N/A;N/A;N/A;"2423 mm";"1 L";"50 L";5;N/A;N/A;N/A;N/A;N/A;No;N/A;N/A;N/A;N/A;N/A;N/A;N/A;N/A;N/A;N/A;N/A;N/A;N/A;N/A;N/A;N/A;N/A;N/A;N/A;N/A;N/A;N/A;N/A;No;N/A;N/A;N/A;N/A;N/A;N/A;N/A;N/A;N/A;N/A;N/A;N/A;N/A;N/A;N/A;"1474 mm";"3680 mm";N/A;N/A;N/A;N/A;5;"66 hp";Intense;N/A;4;"1752 mm";N/A;No;N/A;Sí;No;N/A;No;Sí;N/A;No;N/A;N/A;Sí;No;N/A;N/A;Sí;N/A;5;1.0;Nafta;Manual;Hatchback;"Autos y camionetas";No;N/A;N/A;N/A;No;N/A;UY;N/A;No;N/A;No;N/A;N/A;N/A;N/A;N/A;N/A;N/A;N/A;N/A;N/A;N/A;N/A;N/A;No;N/A;N/A;N/A;N/A;N/A;N/A;N/A;N/A;N/A;N/A;N/A;N/A;N/A;N/A;N/A;N/A;N/A;N/A;No;N/A;N/A;N/A;N/A;N/A;N/A;N/A;N/A;N/A;N/A;N/A;N/A;N/A;N/A;N/A;N/A;N/A;No;Sí;N/A;N/A;N/A;N/A;N/A;N/A;N/A;N/A;N/A;N/A;N/A;N/A;N/A;N/A;N/A;N/A;N/A;N/A;N/A;N/A;N/A;N/A;N/A;N/A;N/A;N/A;N/A;N/A;N/A;N/A;N/A;N/A;No;Sí;No;No;N/A;Sí;N/A;N/A;N/A;N/A;Sí;No;No;Sí;N/A;N/A;N/A;No;Sí;Sí;Sí;Sí;No;No;Sí;N/A;Sí
Renault;"Renault oroch";"2.0 Ph2 4x4 Privilege 143cv";2020;"148000 km";;VIVIANAYAQUELINEBENTANCOR;16800;;;;;Libertad;https://auto.mercadolibre.com.uy/MLU-647201671-renault-oroch-_JM;N/A;;"Renault Oroch";usd;Sí;free;false;N/A;N/A;http://perfil.mercadolibre.com.uy/VIVIANAYAQUELINEBENTANCOR;active;N/A;N/A;Usado;Gris;No;Hidráulica;4x4;Sí;N/A;N/A;N/A;N/A;N/A;N/A;N/A;N/A;N/A;N/A;N/A;N/A;N/A;N/A;N/A;N/A;N/A;N/A;N/A;N/A;N/A;N/A;N/A;N/A;"2829 mm";"2 L";"50 L";6;N/A;N/A;N/A;N/A;N/A;N/A;N/A;N/A;N/A;N/A;N/A;N/A;N/A;N/A;N/A;N/A;N/A;N/A;N/A;N/A;N/A;N/A;N/A;N/A;N/A;N/A;N/A;N/A;N/A;N/A;N/A;N/A;N/A;N/A;N/A;N/A;N/A;N/A;N/A;N/A;N/A;N/A;N/A;N/A;N/A;"1683 mm";"4329 mm";N/A;N/A;N/A;N/A;5;"143 hp";Privilege;N/A;4;"1821 mm";"10.8 km/l";N/A;N/A;N/A;N/A;N/A;N/A;N/A;N/A;N/A;N/A;N/A;N/A;N/A;N/A;N/A;N/A;N/A;5;2.0;Nafta;Manual;Pick-Up;"Autos y camionetas";N/A;N/A;N/A;N/A;N/A;N/A;UY;N/A;N/A;N/A;N/A;N/A;N/A;N/A;N/A;N/A;N/A;N/A;N/A;N/A;N/A;N/A;N/A;N/A;N/A;N/A;N/A;N/A;N/A;N/A;N/A;N/A;N/A;N/A;N/A;N/A;N/A;N/A;N/A;N/A;N/A;N/A;N/A;N/A;N/A;N/A;N/A;N/A;N/A;N/A;N/A;N/A;N/A;N/A;N/A;N/A;N/A;N/A;N/A;N/A;N/A;N/A;N/A;N/A;N/A;N/A;N/A;N/A;N/A;N/A;N/A;N/A;N/A;N/A;N/A;N/A;N/A;N/A;N/A;N/A;N/A;N/A;N/A;N/A;N/A;N/A;N/A;N/A;N/A;N/A;N/A;N/A;N/A;N/A;N/A;N/A;N/A;N/A;N/A;N/A;N/A;N/A;N/A;N/A;N/A;N/A;N/A;N/A;N/A;N/A;N/A;N/A;N/A;N/A;N/A;N/A;N/A;N/A;N/A;N/A;N/A;N/A
Renault;"Duster Oroch";"1.6 Dynamique";2022;"64500 km";;BESE9700969;18500;;;;;Paysandú;https://auto.mercadolibre.com.uy/MLU-702625520-renault-duster-oroch-16-dynamique-_JM;N/A;;"Renault Duster Oroch 1.6 Dynamique";usd;Sí;free;false;N/A;N/A;http://perfil.mercadolibre.com.uy/BESE9700969;active;N/A;N/A;Usado;Blanco;No;Hidráulica;4x2;N/A;N/A;Sí;N/A;N/A;N/A;N/A;N/A;N/A;N/A;N/A;N/A;N/A;N/A;N/A;N/A;N/A;N/A;N/A;N/A;N/A;N/A;N/A;N/A;N/A;"2829 mm";"1.6 L";"50 L";5;N/A;N/A;N/A;N/A;N/A;N/A;N/A;N/A;N/A;N/A;N/A;N/A;N/A;N/A;N/A;N/A;N/A;N/A;N/A;N/A;N/A;N/A;N/A;N/A;N/A;N/A;N/A;N/A;N/A;N/A;N/A;N/A;N/A;N/A;N/A;N/A;N/A;N/A;N/A;N/A;N/A;N/A;N/A;N/A;N/A;"1683 mm";"4329 mm";N/A;N/A;N/A;N/A;5;"110 hp";Dynamique;N/A;4;"1821 mm";"11.1 km/l";N/A;N/A;N/A;N/A;N/A;N/A;N/A;N/A;N/A;N/A;"10.4 km/l";N/A;N/A;N/A;N/A;N/A;"De 06 a 21 horas";4;1.6;Nafta;Manual;SUV;"Autos y camionetas";N/A;N/A;N/A;N/A;N/A;N/A;UY;N/A;N/A;N/A;N/A;N/A;N/A;N/A;N/A;N/A;N/A;N/A;N/A;N/A;N/A;N/A;N/A;N/A;N/A;N/A;N/A;N/A;N/A;N/A;N/A;N/A;N/A;N/A;N/A;N/A;N/A;N/A;N/A;N/A;N/A;N/A;N/A;N/A;N/A;N/A;N/A;N/A;N/A;N/A;N/A;N/A;N/A;N/A;N/A;N/A;N/A;N/A;N/A;N/A;N/A;N/A;N/A;N/A;N/A;N/A;N/A;N/A;N/A;N/A;N/A;N/A;N/A;N/A;N/A;N/A;N/A;N/A;N/A;N/A;N/A;N/A;N/A;N/A;N/A;N/A;N/A;N/A;N/A;N/A;N/A;N/A;N/A;N/A;N/A;N/A;N/A;N/A;N/A;N/A;N/A;N/A;N/A;N/A;N/A;N/A;N/A;N/A;N/A;N/A;N/A;N/A;N/A;N/A;N/A;N/A;N/A;N/A;N/A;N/A;N/A;N/A
Renault;Kwid;"1.0 Sce 66cv Life";2019;"104000 km";;PATO199523;9900;;;;;"Tres Cruces";https://auto.mercadolibre.com.uy/MLU-706064810-renault-kwid-2019-10-sce-66cv-life-_JM;N/A;;"Renault Kwid 2019 1.0 Sce 66cv Life";usd;Sí;free;false;N/A;N/A;http://perfil.mercadolibre.com.uy/PATO199523;active;N/A;N/A;Usado;N/A;N/A;Hidráulica;Delantera;N/A;N/A;Sí;N/A;N/A;N/A;N/A;N/A;N/A;N/A;N/A;N/A;N/A;N/A;N/A;N/A;N/A;N/A;N/A;N/A;N/A;N/A;N/A;N/A;N/A;"2423 mm";"1 L";"50 L";5;N/A;N/A;N/A;N/A;N/A;N/A;N/A;N/A;N/A;N/A;N/A;N/A;N/A;N/A;N/A;N/A;N/A;N/A;N/A;N/A;N/A;N/A;N/A;N/A;N/A;N/A;N/A;N/A;N/A;N/A;N/A;N/A;N/A;N/A;N/A;N/A;N/A;N/A;N/A;N/A;N/A;N/A;N/A;N/A;N/A;"1474 mm";"3680 mm";N/A;N/A;N/A;N/A;5;"66 hp";Life;N/A;4;"1752 mm";N/A;N/A;N/A;N/A;N/A;N/A;N/A;N/A;N/A;N/A;N/A;N/A;N/A;N/A;N/A;N/A;N/A;N/A;5;1.0;Nafta;Manual;Hatchback;"Autos y camionetas";N/A;N/A;N/A;N/A;N/A;N/A;UY;N/A;N/A;N/A;N/A;N/A;N/A;N/A;N/A;N/A;N/A;N/A;N/A;N/A;N/A;N/A;N/A;N/A;N/A;N/A;N/A;N/A;N/A;N/A;N/A;N/A;N/A;N/A;N/A;N/A;N/A;N/A;N/A;N/A;N/A;N/A;N/A;N/A;N/A;N/A;N/A;N/A;N/A;N/A;N/A;N/A;N/A;N/A;N/A;N/A;N/A;N/A;N/A;N/A;N/A;N/A;N/A;N/A;N/A;N/A;N/A;N/A;N/A;N/A;N/A;N/A;N/A;N/A;N/A;N/A;N/A;N/A;N/A;N/A;N/A;N/A;N/A;N/A;N/A;N/A;N/A;N/A;N/A;N/A;N/A;N/A;N/A;N/A;N/A;N/A;N/A;N/A;N/A;N/A;N/A;N/A;N/A;N/A;N/A;N/A;N/A;N/A;N/A;N/A;N/A;N/A;N/A;N/A;N/A;N/A;N/A;N/A;N/A;N/A;N/A;N/A
Renault;Kangoo;"Express RL 1.6";2005;"190000 km";;PEST6915705;6300;;;;;Minas;https://auto.mercadolibre.com.uy/MLU-706126342-renault-kangoo-_JM;N/A;;"Renault Kangoo";USD;No;free;false;N/A;N/A;http://perfil.mercadolibre.com.uy/PEST6915705;active;N/A;N/A;Usado;Rojo;No;Mecánica;Delantera;N/A;N/A;N/A;N/A;N/A;N/A;N/A;N/A;N/A;N/A;N/A;N/A;N/A;N/A;N/A;N/A;N/A;N/A;N/A;N/A;N/A;N/A;N/A;N/A;N/A;N/A;N/A;N/A;N/A;N/A;N/A;N/A;N/A;N/A;N/A;N/A;N/A;N/A;N/A;N/A;N/A;N/A;N/A;N/A;N/A;N/A;N/A;N/A;N/A;N/A;N/A;N/A;N/A;N/A;N/A;N/A;N/A;N/A;N/A;N/A;N/A;N/A;N/A;N/A;N/A;N/A;N/A;N/A;N/A;N/A;N/A;N/A;N/A;N/A;N/A;N/A;N/A;N/A;N/A;N/A;N/A;N/A;N/A;N/A;N/A;N/A;N/A;N/A;N/A;N/A;N/A;N/A;N/A;N/A;N/A;N/A;N/A;N/A;N/A;N/A;N/A;N/A;N/A;"Todos los días";5;1.6;Nafta;Manual;Furgón;"Autos y camionetas";N/A;N/A;N/A;N/A;N/A;N/A;N/A;N/A;N/A;N/A;N/A;N/A;N/A;N/A;N/A;N/A;N/A;N/A;N/A;N/A;N/A;N/A;N/A;N/A;N/A;N/A;N/A;N/A;N/A;N/A;N/A;N/A;N/A;N/A;N/A;N/A;N/A;N/A;N/A;N/A;N/A;N/A;N/A;N/A;N/A;N/A;N/A;N/A;N/A;N/A;N/A;N/A;N/A;N/A;N/A;N/A;N/A;N/A;N/A;N/A;N/A;N/A;N/A;N/A;N/A;N/A;N/A;N/A;N/A;N/A;N/A;N/A;N/A;N/A;N/A;N/A;N/A;N/A;N/A;N/A;N/A;N/A;N/A;N/A;N/A;N/A;N/A;N/A;N/A;N/A;N/A;N/A;N/A;N/A;N/A;N/A;N/A;N/A;N/A;N/A;N/A;N/A;N/A;N/A;N/A;N/A;N/A;N/A;N/A;N/A;N/A;N/A;N/A;N/A;N/A;N/A;N/A;N/A;N/A;N/A;N/A;N/A
Renault;Duster;"1.6 Ph2 4x2 Dynamique 110cv";2020;"70000 km";;GIMENEZMARRIN20230924113633;15800;;;;;Durazno;https://auto.mercadolibre.com.uy/MLU-705940826-renault-duster-16-ph2-4x2-dynamique-110cv-_JM;N/A;;"Renault Duster 1.6 Ph2 4x2 Dynamique 110cv";usd;Sí;free;false;N/A;N/A;http://perfil.mercadolibre.com.uy/GIMENEZMARRIN20230924113633;active;N/A;N/A;Usado;Blanco;No;Asistida;4x2;Sí;Sí;Sí;N/A;N/A;No;N/A;N/A;No;N/A;N/A;No;Sí;N/A;No;N/A;N/A;N/A;N/A;N/A;N/A;N/A;N/A;N/A;N/A;"2674 mm";"1.6 L";"50 L";5;N/A;N/A;N/A;N/A;N/A;No;N/A;N/A;N/A;N/A;N/A;N/A;N/A;N/A;N/A;N/A;N/A;N/A;N/A;N/A;N/A;N/A;N/A;N/A;N/A;N/A;N/A;N/A;N/A;No;N/A;N/A;N/A;N/A;N/A;N/A;N/A;N/A;N/A;N/A;N/A;N/A;N/A;N/A;N/A;"1683 mm";"4329 mm";N/A;N/A;N/A;N/A;5;"110 hp";Dynamique;N/A;4;"1822 mm";"11.1 km/l";No;N/A;No;Sí;N/A;Sí;No;N/A;No;N/A;"10.4 km/l";No;No;N/A;N/A;No;N/A;5;1.6;Nafta;Manual;SUV;"Autos y camionetas";N/A;N/A;N/A;N/A;N/A;N/A;UY;N/A;Sí;N/A;N/A;N/A;N/A;N/A;N/A;N/A;N/A;N/A;N/A;N/A;N/A;N/A;N/A;N/A;Sí;N/A;N/A;N/A;N/A;N/A;N/A;N/A;N/A;N/A;N/A;N/A;N/A;N/A;N/A;N/A;N/A;N/A;N/A;N/A;N/A;N/A;N/A;N/A;N/A;N/A;N/A;N/A;N/A;N/A;N/A;N/A;N/A;N/A;N/A;N/A;N/A;N/A;Sí;N/A;N/A;N/A;N/A;N/A;N/A;N/A;N/A;N/A;N/A;N/A;N/A;N/A;N/A;N/A;N/A;N/A;N/A;N/A;N/A;N/A;N/A;N/A;N/A;N/A;N/A;N/A;N/A;N/A;N/A;N/A;N/A;No;No;No;No;N/A;Sí;N/A;N/A;N/A;N/A;Sí;No;Sí;Sí;N/A;N/A;No;Sí;No;Sí;Sí;Sí;Sí;No;Sí;N/A;Sí
Renault;Duster;"2.0 Ph2 4x2 Privilege 143cv";2016;"110000 km";;JHONBARU;16500;;;;;"La Paz";https://auto.mercadolibre.com.uy/MLU-705242458-renault-duster-2016-20-ph2-4x2-privilege-143cv-_JM;N/A;;"Renault Duster 2016 2.0 Ph2 4x2 Privilege 143cv";usd;Sí;free;false;N/A;N/A;http://perfil.mercadolibre.com.uy/JHONBARU;active;N/A;N/A;Usado;N/A;N/A;Hidráulica;4x2;N/A;N/A;Sí;N/A;N/A;N/A;N/A;N/A;N/A;N/A;N/A;N/A;N/A;N/A;N/A;N/A;N/A;N/A;N/A;N/A;N/A;N/A;N/A;N/A;N/A;"2674 mm";"2 L";"50 L";6;N/A;N/A;N/A;N/A;N/A;N/A;N/A;N/A;N/A;N/A;N/A;N/A;N/A;N/A;N/A;N/A;N/A;N/A;N/A;N/A;N/A;N/A;N/A;N/A;N/A;N/A;N/A;N/A;N/A;N/A;N/A;N/A;N/A;N/A;N/A;N/A;N/A;N/A;N/A;N/A;N/A;N/A;N/A;N/A;N/A;"1683 mm";"4329 mm";N/A;N/A;N/A;N/A;5;"143 hp";Privilege;N/A;4;"1822 mm";"10.8 km/l";N/A;N/A;N/A;N/A;N/A;N/A;N/A;N/A;N/A;N/A;N/A;N/A;N/A;N/A;N/A;N/A;N/A;5;2.0;Nafta;Manual;SUV;"Autos y camionetas";N/A;N/A;N/A;N/A;N/A;N/A;UY;N/A;N/A;N/A;N/A;N/A;N/A;N/A;N/A;N/A;N/A;N/A;N/A;N/A;N/A;N/A;N/A;N/A;N/A;N/A;N/A;N/A;N/A;N/A;N/A;N/A;N/A;N/A;N/A;N/A;N/A;N/A;N/A;N/A;N/A;N/A;N/A;N/A;N/A;N/A;N/A;N/A;N/A;N/A;N/A;N/A;N/A;N/A;N/A;N/A;N/A;N/A;N/A;N/A;N/A;N/A;N/A;N/A;N/A;N/A;N/A;N/A;N/A;N/A;N/A;N/A;N/A;N/A;N/A;N/A;N/A;N/A;N/A;N/A;N/A;N/A;N/A;N/A;N/A;N/A;N/A;N/A;N/A;N/A;N/A;N/A;N/A;N/A;N/A;N/A;N/A;N/A;N/A;N/A;N/A;N/A;N/A;N/A;N/A;N/A;N/A;N/A;N/A;N/A;N/A;N/A;N/A;N/A;N/A;N/A;N/A;N/A;N/A;N/A;N/A;N/A
Renault;R19;"1.7 RT";1992;"84200 km";;MOFE20240430210606;4000;;;;;"Aires Puros";https://auto.mercadolibre.com.uy/MLU-704120560-renault-r19-17-rt-_JM;N/A;;"Renault R19 1.7 Rt";USD;No;free;false;N/A;N/A;http://perfil.mercadolibre.com.uy/MOFE20240430210606;active;N/A;N/A;Usado;N/A;N/A;N/A;N/A;N/A;N/A;N/A;N/A;N/A;N/A;N/A;N/A;N/A;N/A;N/A;N/A;N/A;N/A;N/A;N/A;N/A;N/A;N/A;N/A;N/A;N/A;N/A;N/A;N/A;N/A;N/A;N/A;N/A;N/A;N/A;N/A;N/A;N/A;N/A;N/A;N/A;N/A;N/A;N/A;N/A;N/A;N/A;N/A;N/A;N/A;N/A;N/A;N/A;N/A;N/A;N/A;N/A;N/A;N/A;N/A;N/A;N/A;N/A;N/A;N/A;N/A;N/A;N/A;N/A;N/A;N/A;N/A;N/A;N/A;N/A;N/A;N/A;N/A;N/A;N/A;N/A;N/A;N/A;N/A;N/A;N/A;N/A;N/A;N/A;N/A;N/A;N/A;N/A;N/A;N/A;N/A;N/A;N/A;N/A;N/A;N/A;N/A;N/A;N/A;N/A;N/A;N/A;N/A;5;N/A;Nafta;N/A;N/A;"Autos y camionetas";N/A;N/A;N/A;N/A;N/A;N/A;N/A;N/A;N/A;N/A;N/A;N/A;N/A;N/A;N/A;N/A;N/A;N/A;N/A;N/A;N/A;N/A;N/A;N/A;N/A;N/A;N/A;N/A;N/A;N/A;N/A;N/A;N/A;N/A;N/A;N/A;N/A;N/A;N/A;N/A;N/A;N/A;N/A;N/A;N/A;N/A;N/A;N/A;N/A;N/A;N/A;N/A;N/A;N/A;N/A;N/A;N/A;N/A;N/A;N/A;N/A;N/A;N/A;N/A;N/A;N/A;N/A;N/A;N/A;N/A;N/A;N/A;N/A;N/A;N/A;N/A;N/A;N/A;N/A;N/A;N/A;N/A;N/A;N/A;N/A;N/A;N/A;N/A;N/A;N/A;N/A;N/A;N/A;N/A;N/A;N/A;N/A;N/A;N/A;N/A;N/A;N/A;N/A;N/A;N/A;N/A;N/A;N/A;N/A;N/A;N/A;N/A;N/A;N/A;N/A;N/A;N/A;N/A;N/A;N/A;N/A;N/A
Renault;R18;"1.6 Ts";1989;"111111 km";;GOMA7734019;95000;;;;;"Florencio Sánchez";https://auto.mercadolibre.com.uy/MLU-647193821-renault-r18-1989-16-ts-_JM;N/A;;"Renault R18 1989 1.6 Ts";usd;No;free;false;N/A;N/A;http://perfil.mercadolibre.com.uy/GOMA7734019;active;N/A;N/A;Usado;N/A;N/A;Hidráulica;Delantera;N/A;N/A;N/A;N/A;N/A;N/A;N/A;N/A;N/A;N/A;N/A;N/A;N/A;N/A;N/A;N/A;N/A;N/A;N/A;N/A;N/A;N/A;N/A;N/A;N/A;"2441 mm";"1.6 L";"53 L";5;N/A;N/A;N/A;N/A;N/A;N/A;N/A;N/A;N/A;N/A;N/A;N/A;N/A;N/A;N/A;N/A;N/A;N/A;N/A;N/A;N/A;N/A;N/A;N/A;N/A;N/A;N/A;N/A;N/A;N/A;N/A;N/A;N/A;N/A;N/A;N/A;N/A;N/A;N/A;N/A;N/A;N/A;N/A;N/A;N/A;"1401 mm";"4390 mm";N/A;N/A;N/A;N/A;5;"90 hp";Ts;N/A;2;"1701 mm";"7.3 km/l";N/A;N/A;N/A;N/A;N/A;N/A;N/A;N/A;N/A;N/A;"4.9 km/l";N/A;N/A;N/A;N/A;N/A;N/A;4;1.6;Nafta;Manual;Sedán;"Autos y camionetas";N/A;N/A;N/A;N/A;N/A;N/A;UY;N/A;N/A;N/A;N/A;N/A;N/A;N/A;N/A;N/A;N/A;N/A;N/A;N/A;N/A;N/A;N/A;N/A;N/A;N/A;N/A;N/A;N/A;N/A;N/A;N/A;N/A;N/A;N/A;N/A;N/A;N/A;N/A;N/A;N/A;N/A;N/A;N/A;N/A;N/A;N/A;N/A;N/A;N/A;N/A;N/A;N/A;N/A;N/A;N/A;N/A;N/A;N/A;N/A;N/A;N/A;N/A;N/A;N/A;N/A;N/A;N/A;N/A;N/A;N/A;N/A;N/A;N/A;N/A;N/A;N/A;N/A;N/A;N/A;N/A;N/A;N/A;N/A;N/A;N/A;N/A;N/A;N/A;N/A;N/A;N/A;N/A;N/A;N/A;N/A;N/A;N/A;N/A;N/A;N/A;N/A;N/A;N/A;N/A;N/A;N/A;N/A;N/A;N/A;N/A;N/A;N/A;N/A;N/A;N/A;N/A;N/A;N/A;N/A;N/A;N/A
Renault;Duster;"2.0 4x2 Privilege 138cv";2012;"112000 km";;"PABLO VIERA";12800;;;;;"La Figurita";https://auto.mercadolibre.com.uy/MLU-703540346-renault-duster-2012-20-4x2-privilege-138cv-_JM;N/A;;"Renault Duster 2012 2.0 4x2 Privilege 138cv";usd;Sí;free;false;N/A;N/A;http://perfil.mercadolibre.com.uy/PABLO+VIERA;active;N/A;N/A;Usado;N/A;N/A;Hidráulica;4x2;N/A;N/A;Sí;N/A;N/A;N/A;N/A;N/A;N/A;N/A;N/A;N/A;N/A;N/A;N/A;N/A;N/A;N/A;N/A;N/A;N/A;N/A;N/A;N/A;N/A;"2673 mm";"2 L";"50 L";6;N/A;N/A;N/A;N/A;N/A;N/A;N/A;N/A;N/A;N/A;N/A;N/A;N/A;N/A;N/A;N/A;N/A;N/A;N/A;N/A;N/A;N/A;N/A;N/A;N/A;N/A;N/A;N/A;N/A;N/A;N/A;N/A;N/A;Sí;Sí;N/A;N/A;N/A;N/A;N/A;N/A;N/A;N/A;N/A;N/A;"1695 mm";"4315 mm";N/A;N/A;N/A;N/A;5;"138 hp";Privilege;N/A;4;"1822 mm";"10.2 km/l";N/A;N/A;N/A;Sí;N/A;N/A;Sí;N/A;N/A;N/A;N/A;N/A;N/A;N/A;N/A;N/A;N/A;5;2.0;Nafta;Manual;SUV;"Autos y camionetas";N/A;N/A;N/A;N/A;N/A;N/A;UY;N/A;N/A;N/A;N/A;N/A;N/A;N/A;N/A;N/A;N/A;N/A;N/A;N/A;N/A;N/A;N/A;N/A;N/A;N/A;N/A;N/A;N/A;N/A;N/A;N/A;N/A;N/A;N/A;N/A;N/A;N/A;N/A;N/A;N/A;N/A;N/A;N/A;N/A;N/A;N/A;N/A;N/A;N/A;N/A;N/A;N/A;N/A;N/A;N/A;N/A;N/A;N/A;N/A;N/A;N/A;N/A;N/A;N/A;N/A;N/A;N/A;N/A;N/A;N/A;N/A;N/A;N/A;N/A;N/A;N/A;N/A;N/A;N/A;N/A;N/A;N/A;N/A;N/A;N/A;N/A;N/A;N/A;N/A;N/A;N/A;N/A;N/A;N/A;N/A;N/A;N/A;N/A;N/A;N/A;N/A;N/A;N/A;N/A;N/A;N/A;N/A;N/A;N/A;N/A;N/A;Sí;N/A;N/A;N/A;N/A;N/A;N/A;N/A;N/A;N/A
Renault;Clio;"1.9 Rnd";2002;"16100 km";;FFERNANDEZ1387;5500;;;;;"Punta Rieles";https://auto.mercadolibre.com.uy/MLU-705070088-renault-clio-2002-19-rnd-_JM;N/A;;"Renault Clio 2002 1.9 Rnd";usd;No;free;false;N/A;N/A;http://perfil.mercadolibre.com.uy/FFERNANDEZ1387;active;N/A;N/A;Usado;N/A;N/A;Hidráulica;Delantera;Sí;N/A;N/A;N/A;N/A;N/A;N/A;N/A;N/A;N/A;N/A;N/A;N/A;N/A;N/A;N/A;N/A;N/A;N/A;N/A;N/A;N/A;N/A;N/A;N/A;"2472 mm";"1.9 L";"50 L";5;N/A;N/A;N/A;N/A;N/A;N/A;N/A;N/A;N/A;N/A;N/A;N/A;N/A;N/A;N/A;N/A;N/A;N/A;N/A;N/A;N/A;N/A;N/A;N/A;N/A;N/A;N/A;N/A;N/A;N/A;N/A;N/A;N/A;N/A;N/A;N/A;N/A;N/A;N/A;N/A;N/A;N/A;N/A;N/A;N/A;"1435 mm";"4150 mm";N/A;N/A;N/A;N/A;5;"65 hp";Rnd;N/A;2;"1639 mm";"6.2 km/l";N/A;N/A;N/A;N/A;N/A;N/A;N/A;N/A;N/A;N/A;"4.8 km/l";N/A;N/A;N/A;N/A;N/A;N/A;4;1.9;Diésel;Manual;Sedán;"Autos y camionetas";N/A;N/A;N/A;N/A;N/A;N/A;UY;N/A;N/A;N/A;N/A;N/A;N/A;N/A;N/A;N/A;N/A;N/A;N/A;N/A;N/A;N/A;N/A;N/A;N/A;N/A;N/A;N/A;N/A;N/A;N/A;N/A;N/A;N/A;N/A;N/A;N/A;N/A;N/A;N/A;N/A;N/A;N/A;N/A;N/A;N/A;N/A;N/A;N/A;N/A;N/A;N/A;N/A;N/A;N/A;N/A;N/A;N/A;N/A;N/A;N/A;N/A;N/A;N/A;N/A;N/A;N/A;N/A;N/A;N/A;N/A;N/A;N/A;N/A;N/A;N/A;N/A;N/A;N/A;N/A;N/A;N/A;N/A;N/A;N/A;N/A;N/A;N/A;N/A;N/A;N/A;N/A;N/A;N/A;N/A;N/A;N/A;N/A;N/A;N/A;N/A;N/A;N/A;N/A;N/A;N/A;N/A;N/A;N/A;N/A;N/A;N/A;N/A;N/A;N/A;N/A;N/A;N/A;N/A;N/A;N/A;N/A
Renault;Oroch;Expression;2018;"78000 km";;FER_ABAN;15500;;;;;"Las Piedras";https://auto.mercadolibre.com.uy/MLU-647208543-renault-oroch-expression-_JM;N/A;;"Renault Oroch Expression ";USD;Sí;free;false;N/A;N/A;http://perfil.mercadolibre.com.uy/FER_ABAN;active;N/A;N/A;Usado;N/A;N/A;N/A;N/A;N/A;N/A;N/A;N/A;N/A;N/A;N/A;N/A;N/A;N/A;N/A;N/A;N/A;N/A;N/A;N/A;N/A;N/A;N/A;N/A;N/A;N/A;N/A;N/A;N/A;N/A;N/A;N/A;N/A;N/A;N/A;N/A;N/A;N/A;N/A;N/A;N/A;N/A;N/A;N/A;N/A;N/A;N/A;N/A;N/A;N/A;N/A;N/A;N/A;N/A;N/A;N/A;N/A;N/A;N/A;N/A;N/A;N/A;N/A;N/A;N/A;N/A;N/A;N/A;N/A;N/A;N/A;N/A;N/A;N/A;N/A;N/A;N/A;N/A;N/A;N/A;N/A;N/A;N/A;N/A;N/A;N/A;N/A;N/A;N/A;N/A;N/A;N/A;N/A;N/A;N/A;N/A;N/A;N/A;N/A;N/A;N/A;N/A;N/A;N/A;N/A;N/A;N/A;N/A;4;N/A;Nafta;N/A;N/A;"Autos y camionetas";N/A;N/A;N/A;N/A;N/A;N/A;N/A;N/A;N/A;N/A;N/A;N/A;N/A;N/A;N/A;N/A;N/A;N/A;N/A;N/A;N/A;N/A;N/A;N/A;N/A;N/A;N/A;N/A;N/A;N/A;N/A;N/A;N/A;N/A;N/A;N/A;N/A;N/A;N/A;N/A;N/A;N/A;N/A;N/A;N/A;N/A;N/A;N/A;N/A;N/A;N/A;N/A;N/A;N/A;N/A;N/A;N/A;N/A;N/A;N/A;N/A;N/A;N/A;N/A;N/A;N/A;N/A;N/A;N/A;N/A;N/A;N/A;N/A;N/A;N/A;N/A;N/A;N/A;N/A;N/A;N/A;N/A;N/A;N/A;N/A;N/A;N/A;N/A;N/A;N/A;N/A;N/A;N/A;N/A;N/A;N/A;N/A;N/A;N/A;N/A;N/A;N/A;N/A;N/A;N/A;N/A;N/A;N/A;N/A;N/A;N/A;N/A;N/A;N/A;N/A;N/A;N/A;N/A;N/A;N/A;N/A;N/A
Renault;Kwid;"1.0 Sce 66cv Zen";2020;"56700 km";;"LETRASY SOUVENIRSUY";11750;;;;;Cerro;https://auto.mercadolibre.com.uy/MLU-703068170-renault-kwid-unico-dueno-56700km-servicies-al-dia-_JM;N/A;;"Renault Kwid - Único Dueño 56.700km. Servicies Al Día.";usd;Sí;free;false;N/A;N/A;http://perfil.mercadolibre.com.uy/LETRASY+SOUVENIRSUY;active;N/A;N/A;Usado;Blanco;N/A;N/A;Delantera;N/A;N/A;Sí;N/A;N/A;N/A;N/A;N/A;N/A;N/A;N/A;N/A;N/A;N/A;N/A;N/A;N/A;N/A;N/A;N/A;N/A;N/A;N/A;N/A;N/A;"2423 mm";"1 L";"50 L";5;N/A;N/A;N/A;N/A;N/A;N/A;N/A;N/A;N/A;N/A;N/A;N/A;N/A;N/A;N/A;N/A;N/A;N/A;N/A;N/A;N/A;N/A;N/A;N/A;N/A;N/A;N/A;N/A;N/A;N/A;N/A;N/A;N/A;N/A;N/A;N/A;N/A;N/A;N/A;N/A;N/A;N/A;N/A;N/A;N/A;"1474 mm";"3680 mm";N/A;N/A;N/A;N/A;5;"66 hp";Zen;N/A;4;"1752 mm";N/A;N/A;N/A;N/A;N/A;N/A;N/A;N/A;N/A;N/A;N/A;N/A;N/A;N/A;N/A;N/A;N/A;N/A;5;1.0;Nafta;Manual;Hatchback;"Autos y camionetas";N/A;N/A;N/A;N/A;N/A;N/A;UY;N/A;N/A;N/A;N/A;N/A;N/A;N/A;N/A;N/A;N/A;N/A;N/A;N/A;N/A;N/A;N/A;N/A;N/A;N/A;N/A;N/A;N/A;N/A;N/A;N/A;N/A;N/A;N/A;N/A;N/A;N/A;N/A;N/A;N/A;N/A;N/A;N/A;N/A;N/A;N/A;N/A;N/A;N/A;N/A;N/A;N/A;N/A;N/A;N/A;N/A;N/A;N/A;N/A;N/A;N/A;N/A;N/A;N/A;N/A;N/A;N/A;N/A;N/A;N/A;N/A;N/A;N/A;N/A;N/A;N/A;N/A;N/A;N/A;N/A;N/A;N/A;N/A;N/A;N/A;N/A;N/A;N/A;N/A;N/A;N/A;N/A;N/A;N/A;N/A;N/A;N/A;N/A;N/A;N/A;N/A;N/A;N/A;N/A;N/A;N/A;N/A;N/A;N/A;N/A;N/A;N/A;N/A;N/A;N/A;N/A;N/A;N/A;N/A;N/A;N/A
Renault;"Sandero Stepway";"1.6 Privilege 105cv";2018;"103000 km";;ESTEBANSDSFW;14000;;;;;Malvin;https://auto.mercadolibre.com.uy/MLU-703028254-renault-sandero-stepway-2018-16-privilege-105cv-_JM;N/A;;"Renault Sandero Stepway 2018 1.6 Privilege 105cv";usd;Sí;free;false;N/A;N/A;http://perfil.mercadolibre.com.uy/ESTEBANSDSFW;active;N/A;N/A;Usado;N/A;N/A;Hidráulica;Delantera;N/A;N/A;Sí;N/A;N/A;N/A;N/A;N/A;N/A;N/A;N/A;N/A;N/A;N/A;N/A;N/A;N/A;N/A;N/A;N/A;N/A;N/A;N/A;N/A;N/A;"2590 mm";"1.6 L";"50 L";5;N/A;N/A;N/A;N/A;N/A;N/A;N/A;N/A;N/A;N/A;N/A;N/A;N/A;N/A;N/A;N/A;N/A;N/A;N/A;N/A;N/A;N/A;N/A;N/A;N/A;N/A;N/A;N/A;N/A;N/A;N/A;N/A;N/A;N/A;N/A;N/A;N/A;N/A;N/A;N/A;N/A;N/A;N/A;N/A;N/A;"1559 mm";"4066 mm";N/A;N/A;N/A;N/A;5;"105 hp";Privilege;N/A;4;"1761 mm";"9.3 km/l";Sí;N/A;N/A;N/A;N/A;N/A;Sí;N/A;N/A;N/A;"5.9 km/l";N/A;N/A;N/A;N/A;N/A;N/A;5;1.6;Nafta;Manual;Hatchback;"Autos y camionetas";N/A;N/A;N/A;N/A;N/A;N/A;UY;N/A;N/A;N/A;N/A;N/A;N/A;N/A;N/A;N/A;N/A;N/A;N/A;N/A;N/A;N/A;N/A;N/A;N/A;N/A;N/A;N/A;N/A;N/A;N/A;N/A;N/A;N/A;N/A;N/A;N/A;N/A;N/A;N/A;N/A;N/A;N/A;N/A;N/A;N/A;N/A;N/A;N/A;N/A;N/A;N/A;N/A;N/A;N/A;N/A;N/A;N/A;N/A;N/A;N/A;N/A;N/A;N/A;N/A;N/A;N/A;N/A;N/A;N/A;N/A;N/A;N/A;N/A;N/A;N/A;N/A;N/A;N/A;N/A;N/A;N/A;N/A;N/A;N/A;N/A;N/A;N/A;N/A;N/A;N/A;N/A;N/A;N/A;N/A;N/A;N/A;N/A;N/A;N/A;N/A;N/A;N/A;N/A;N/A;N/A;N/A;N/A;N/A;N/A;N/A;N/A;N/A;N/A;N/A;N/A;N/A;N/A;N/A;N/A;N/A;N/A
Renault;Captur;"0.9 Tce90 Expression";2016;"58000 km";;HUGOJAROV;15500;;;;;"Punta Carretas";https://auto.mercadolibre.com.uy/MLU-705866498-renault-captur-09-tce90-expression-_JM;N/A;;"Renault Captur 0.9 Tce90 Expression";usd;Sí;free;false;N/A;N/A;http://perfil.mercadolibre.com.uy/HUGOJAROV;active;N/A;N/A;Usado;Blanco;Sí;Hidráulica;Delantera;Sí;Sí;N/A;N/A;N/A;N/A;N/A;N/A;No;N/A;N/A;Sí;Sí;N/A;N/A;N/A;N/A;N/A;N/A;N/A;N/A;N/A;N/A;N/A;N/A;"2606 mm";"0.9 L";"45 L";5;N/A;N/A;N/A;N/A;N/A;N/A;N/A;N/A;N/A;N/A;N/A;N/A;N/A;N/A;N/A;N/A;N/A;N/A;N/A;N/A;N/A;N/A;N/A;N/A;N/A;N/A;N/A;N/A;N/A;N/A;N/A;N/A;N/A;N/A;N/A;N/A;N/A;N/A;N/A;N/A;N/A;N/A;N/A;N/A;N/A;"1566 mm";"4122 mm";N/A;N/A;N/A;N/A;5;"90 hp";Expression;N/A;4;"1778 mm";N/A;N/A;N/A;Sí;Sí;N/A;Sí;Sí;N/A;N/A;N/A;N/A;Sí;N/A;N/A;N/A;N/A;"10 AM a 20 PM";5;0.9;Nafta;Manual;Hatchback;"Autos y camionetas";N/A;N/A;N/A;N/A;N/A;N/A;UY;N/A;N/A;N/A;N/A;N/A;N/A;N/A;N/A;N/A;N/A;N/A;N/A;N/A;N/A;N/A;N/A;N/A;N/A;N/A;N/A;N/A;N/A;N/A;N/A;N/A;N/A;N/A;N/A;N/A;N/A;N/A;N/A;N/A;N/A;N/A;N/A;N/A;N/A;N/A;N/A;N/A;N/A;N/A;N/A;N/A;N/A;N/A;N/A;N/A;N/A;N/A;N/A;N/A;N/A;N/A;N/A;N/A;N/A;N/A;N/A;N/A;N/A;N/A;N/A;N/A;N/A;N/A;N/A;N/A;N/A;N/A;N/A;N/A;N/A;N/A;N/A;N/A;N/A;N/A;N/A;N/A;N/A;N/A;N/A;N/A;N/A;N/A;N/A;N/A;Sí;Sí;Sí;N/A;Sí;N/A;N/A;N/A;N/A;Sí;Sí;N/A;Sí;N/A;N/A;N/A;N/A;N/A;Sí;Sí;Sí;N/A;N/A;N/A;N/A;Sí
Renault;Kwid;"1.0 Sce 66cv Intense";2022;"54000 km";;NICOFLEITAS;11000;;;;;Pando;https://auto.mercadolibre.com.uy/MLU-705196074-renault-kwid-10-sce-66cv-intense-_JM;N/A;;"Renault Kwid 1.0 Sce 66cv Intense";usd;Sí;free;false;N/A;N/A;http://perfil.mercadolibre.com.uy/NICOFLEITAS;active;N/A;N/A;Usado;Blanco;Sí;Eléctrica;Delantera;Sí;N/A;Sí;N/A;N/A;N/A;N/A;N/A;No;N/A;N/A;N/A;Sí;N/A;No;N/A;N/A;N/A;N/A;N/A;N/A;N/A;N/A;N/A;N/A;"2423 mm";"1 L";"50 L";5;N/A;N/A;N/A;N/A;N/A;No;N/A;N/A;N/A;N/A;N/A;N/A;N/A;N/A;N/A;N/A;N/A;N/A;N/A;N/A;N/A;N/A;N/A;N/A;N/A;N/A;N/A;N/A;N/A;N/A;N/A;N/A;N/A;N/A;N/A;N/A;N/A;N/A;N/A;N/A;N/A;N/A;N/A;N/A;N/A;"1474 mm";"3680 mm";N/A;N/A;N/A;N/A;5;"66 hp";Intense;N/A;4;"1752 mm";N/A;No;N/A;No;Sí;N/A;Sí;Sí;N/A;N/A;N/A;N/A;N/A;N/A;N/A;N/A;N/A;N/A;5;1.0;Nafta;Manual;Hatchback;"Autos y camionetas";No;N/A;N/A;N/A;No;N/A;UY;N/A;No;N/A;No;N/A;N/A;N/A;N/A;N/A;N/A;N/A;N/A;N/A;N/A;N/A;N/A;N/A;N/A;N/A;N/A;N/A;N/A;N/A;N/A;N/A;N/A;N/A;N/A;N/A;N/A;N/A;N/A;N/A;N/A;N/A;N/A;No;N/A;N/A;N/A;N/A;N/A;N/A;N/A;N/A;N/A;N/A;N/A;N/A;N/A;N/A;N/A;N/A;N/A;No;No;N/A;N/A;N/A;N/A;N/A;N/A;N/A;N/A;N/A;N/A;N/A;N/A;N/A;N/A;N/A;N/A;N/A;N/A;N/A;N/A;N/A;N/A;N/A;N/A;N/A;N/A;N/A;N/A;N/A;N/A;N/A;N/A;N/A;N/A;N/A;N/A;N/A;N/A;N/A;N/A;N/A;N/A;N/A;N/A;N/A;N/A;N/A;N/A;N/A;No;N/A;Sí;Sí;Sí;No;No;Sí;N/A;Sí
Renault;Symbol;"1.6 Expression Pack Ii 105cv";2009;"244000 km";;DAMTHE1;5200;;;;;Centro;https://auto.mercadolibre.com.uy/MLU-704782404-renault-symbol-16-expression-pack-ii-105cv-_JM;N/A;;"Renault Symbol 1.6 Expression Pack Ii 105cv";usd;Sí;free;false;N/A;N/A;http://perfil.mercadolibre.com.uy/DAMTHE1;active;N/A;N/A;Usado;Gris;N/A;Hidráulica;Delantera;Sí;N/A;Sí;N/A;N/A;N/A;N/A;N/A;N/A;N/A;N/A;N/A;Sí;N/A;No;N/A;N/A;N/A;N/A;N/A;N/A;N/A;N/A;N/A;N/A;"2473 mm";"1.6 L";"50 L";5;N/A;N/A;N/A;N/A;N/A;No;N/A;N/A;N/A;N/A;N/A;N/A;N/A;N/A;N/A;N/A;N/A;N/A;N/A;N/A;N/A;N/A;N/A;N/A;N/A;N/A;N/A;N/A;N/A;N/A;N/A;N/A;N/A;N/A;N/A;N/A;N/A;N/A;N/A;N/A;N/A;N/A;N/A;N/A;N/A;"1439 mm";"4261 mm";N/A;N/A;N/A;N/A;5;"105 hp";Expression;N/A;4;"1672 mm";N/A;N/A;N/A;No;No;N/A;Sí;Sí;N/A;N/A;N/A;N/A;N/A;N/A;N/A;N/A;N/A;"Lunes a viernes de 8 a 16";4;1.6;Nafta;Manual;Sedán;"Autos y camionetas";N/A;N/A;N/A;N/A;N/A;N/A;UY;N/A;No;N/A;N/A;N/A;N/A;N/A;N/A;N/A;N/A;N/A;N/A;N/A;N/A;N/A;N/A;N/A;N/A;N/A;N/A;N/A;N/A;N/A;N/A;N/A;N/A;N/A;N/A;N/A;N/A;N/A;N/A;N/A;N/A;N/A;N/A;N/A;N/A;N/A;N/A;N/A;N/A;N/A;N/A;N/A;N/A;N/A;N/A;N/A;N/A;N/A;N/A;N/A;N/A;N/A;Sí;N/A;N/A;N/A;N/A;N/A;N/A;N/A;N/A;N/A;N/A;N/A;N/A;N/A;N/A;N/A;N/A;N/A;N/A;N/A;N/A;N/A;N/A;N/A;N/A;N/A;N/A;N/A;N/A;N/A;N/A;N/A;N/A;N/A;N/A;N/A;N/A;N/A;N/A;N/A;N/A;N/A;N/A;N/A;N/A;N/A;N/A;N/A;N/A;N/A;Sí;N/A;Sí;N/A;N/A;Sí;N/A;Sí;N/A;N/A
Renault;Oroch;Expreccion;2017;"145000 km";;"MARCELO 55";13950;;;;;Dolores;https://auto.mercadolibre.com.uy/MLU-704781592-impecable-estado-_JM;N/A;;"Impecable Estado";USD;Sí;free;false;N/A;N/A;http://perfil.mercadolibre.com.uy/MARCELO+55;active;N/A;N/A;Usado;Verde;N/A;N/A;N/A;N/A;N/A;N/A;N/A;N/A;N/A;N/A;N/A;N/A;N/A;N/A;N/A;N/A;N/A;N/A;N/A;N/A;N/A;N/A;N/A;N/A;N/A;N/A;N/A;N/A;N/A;N/A;N/A;N/A;N/A;N/A;N/A;N/A;N/A;N/A;N/A;N/A;N/A;N/A;N/A;N/A;N/A;N/A;N/A;N/A;N/A;N/A;N/A;N/A;N/A;N/A;N/A;N/A;N/A;N/A;N/A;N/A;N/A;N/A;N/A;N/A;N/A;N/A;N/A;N/A;N/A;N/A;N/A;N/A;N/A;N/A;N/A;N/A;N/A;N/A;N/A;N/A;N/A;N/A;N/A;N/A;N/A;N/A;N/A;N/A;N/A;N/A;N/A;N/A;N/A;N/A;N/A;N/A;N/A;N/A;N/A;N/A;N/A;N/A;N/A;N/A;N/A;N/A;"todos los dias de 8 a 20";4;N/A;Nafta;N/A;N/A;"Autos y camionetas";N/A;N/A;N/A;N/A;N/A;N/A;N/A;N/A;N/A;N/A;N/A;N/A;N/A;N/A;N/A;N/A;N/A;N/A;N/A;N/A;N/A;N/A;N/A;N/A;N/A;N/A;N/A;N/A;N/A;N/A;N/A;N/A;N/A;N/A;N/A;N/A;N/A;N/A;N/A;N/A;N/A;N/A;N/A;N/A;N/A;N/A;N/A;N/A;N/A;N/A;N/A;N/A;N/A;N/A;N/A;N/A;N/A;N/A;N/A;N/A;N/A;N/A;N/A;N/A;N/A;N/A;N/A;N/A;N/A;N/A;N/A;N/A;N/A;N/A;N/A;N/A;N/A;N/A;N/A;N/A;N/A;N/A;N/A;N/A;N/A;N/A;N/A;N/A;N/A;N/A;N/A;N/A;N/A;N/A;N/A;N/A;N/A;N/A;N/A;N/A;N/A;N/A;N/A;N/A;N/A;N/A;N/A;N/A;N/A;N/A;N/A;N/A;N/A;N/A;N/A;N/A;N/A;N/A;N/A;N/A;N/A;N/A
Renault;Master;"2.5 Ph3 Dci120 L2h2 Pkcn Furgon Largo";2012;"200000 km";;GACA20231220220914;25000;;;;;Cordón;https://auto.mercadolibre.com.uy/MLU-704797864-renault-master-25-ph3-dci120-l2h2-pkcn-furgon-largo-_JM;N/A;;"Renault Master 2.5 Ph3 Dci120 L2h2 Pkcn Furgon Largo";usd;Sí;free;false;N/A;N/A;http://perfil.mercadolibre.com.uy/GACA20231220220914;active;N/A;N/A;Usado;Blanco;Sí;Hidráulica;Delantera;Sí;N/A;Sí;N/A;N/A;Sí;N/A;N/A;N/A;N/A;N/A;N/A;N/A;N/A;N/A;N/A;N/A;N/A;N/A;N/A;N/A;N/A;N/A;N/A;N/A;"3578 mm";"2.5 L";"100 L";6;N/A;N/A;N/A;N/A;N/A;N/A;N/A;N/A;N/A;N/A;N/A;N/A;N/A;N/A;N/A;N/A;N/A;N/A;N/A;N/A;N/A;N/A;N/A;N/A;N/A;N/A;N/A;N/A;N/A;N/A;N/A;N/A;N/A;Sí;N/A;N/A;N/A;N/A;N/A;N/A;N/A;N/A;N/A;N/A;N/A;"2490 mm";"5388 mm";N/A;N/A;N/A;N/A;3;"115 hp";N/A;N/A;4;"1990 mm";N/A;N/A;N/A;Sí;N/A;N/A;Sí;Sí;N/A;N/A;N/A;N/A;N/A;Sí;N/A;N/A;N/A;N/A;3;2.5;Diésel;Manual;Furgón;"Autos y camionetas";N/A;N/A;N/A;N/A;N/A;N/A;UY;N/A;No;N/A;N/A;N/A;N/A;N/A;N/A;N/A;N/A;N/A;N/A;N/A;N/A;N/A;N/A;N/A;Sí;N/A;N/A;N/A;N/A;N/A;N/A;N/A;N/A;N/A;N/A;N/A;N/A;N/A;N/A;N/A;N/A;N/A;N/A;N/A;N/A;N/A;N/A;N/A;N/A;N/A;N/A;N/A;N/A;N/A;N/A;N/A;N/A;N/A;N/A;N/A;N/A;N/A;N/A;N/A;N/A;N/A;N/A;N/A;N/A;N/A;N/A;N/A;N/A;N/A;N/A;N/A;N/A;N/A;N/A;N/A;N/A;N/A;N/A;N/A;N/A;N/A;N/A;N/A;N/A;N/A;N/A;N/A;N/A;N/A;N/A;N/A;N/A;Sí;N/A;N/A;Sí;N/A;N/A;N/A;N/A;N/A;N/A;N/A;N/A;N/A;N/A;N/A;N/A;N/A;Sí;N/A;N/A;N/A;N/A;N/A;N/A;N/A
Renault;Trafic;"2.1 diesel";1996;"1111 km";;LOGE2426055;6900;;;;;Cerro;https://auto.mercadolibre.com.uy/MLU-704451866-trafic-21-diesel-al-dia-_JM;N/A;;"Trafic 2.1 Diesel Al Dia";USD;No;free;false;N/A;N/A;http://perfil.mercadolibre.com.uy/LOGE2426055;active;N/A;N/A;Usado;Blanco;No;N/A;Delantera;N/A;N/A;N/A;N/A;N/A;N/A;N/A;N/A;N/A;N/A;N/A;N/A;N/A;N/A;N/A;N/A;N/A;N/A;N/A;N/A;N/A;N/A;N/A;N/A;N/A;N/A;N/A;N/A;N/A;N/A;N/A;N/A;N/A;N/A;N/A;N/A;N/A;N/A;N/A;N/A;N/A;N/A;N/A;N/A;N/A;N/A;N/A;N/A;N/A;N/A;N/A;N/A;N/A;N/A;N/A;N/A;N/A;N/A;N/A;N/A;N/A;N/A;N/A;N/A;N/A;N/A;N/A;N/A;N/A;N/A;N/A;N/A;N/A;N/A;N/A;N/A;N/A;N/A;N/A;N/A;N/A;N/A;N/A;N/A;N/A;N/A;N/A;N/A;N/A;N/A;N/A;N/A;N/A;N/A;N/A;N/A;N/A;N/A;N/A;N/A;N/A;N/A;N/A;24/7;4;2.1;Diésel;Manual;Furgón;"Autos y camionetas";N/A;N/A;N/A;N/A;N/A;N/A;N/A;N/A;N/A;N/A;N/A;N/A;N/A;N/A;N/A;N/A;N/A;N/A;N/A;N/A;N/A;N/A;N/A;N/A;N/A;N/A;N/A;N/A;N/A;N/A;N/A;N/A;N/A;N/A;N/A;N/A;N/A;N/A;N/A;N/A;N/A;N/A;N/A;N/A;N/A;N/A;N/A;N/A;N/A;N/A;N/A;N/A;N/A;N/A;N/A;N/A;N/A;N/A;N/A;N/A;N/A;N/A;N/A;N/A;N/A;N/A;N/A;N/A;N/A;N/A;N/A;N/A;N/A;N/A;N/A;N/A;N/A;N/A;N/A;N/A;N/A;N/A;N/A;N/A;N/A;N/A;N/A;N/A;N/A;N/A;N/A;N/A;N/A;N/A;N/A;N/A;N/A;N/A;N/A;N/A;N/A;N/A;N/A;N/A;N/A;N/A;N/A;N/A;N/A;N/A;N/A;N/A;N/A;N/A;N/A;N/A;N/A;N/A;N/A;N/A;N/A;N/A
Renault;Symbol;"1.6 Expression Pack Ii 105cv";2010;"132000 km";;CANALEJIMENA20230507175304;8800;;;;;Paysandú;https://auto.mercadolibre.com.uy/MLU-704217274-renault-symbol-16-expression-pack-ii-105cv-_JM;N/A;;"Renault Symbol 1.6 Expression Pack Ii 105cv";usd;Sí;free;false;N/A;N/A;http://perfil.mercadolibre.com.uy/CANALEJIMENA20230507175304;active;N/A;N/A;Usado;Gris;N/A;Hidráulica;Delantera;Sí;N/A;Sí;N/A;N/A;N/A;N/A;N/A;N/A;N/A;N/A;N/A;Sí;N/A;N/A;N/A;N/A;N/A;N/A;N/A;N/A;N/A;N/A;N/A;N/A;"2473 mm";"1.6 L";"50 L";5;N/A;N/A;N/A;N/A;N/A;No;N/A;N/A;N/A;N/A;N/A;N/A;N/A;N/A;N/A;N/A;N/A;N/A;N/A;N/A;N/A;N/A;N/A;N/A;N/A;N/A;N/A;N/A;N/A;N/A;N/A;N/A;N/A;N/A;N/A;N/A;N/A;N/A;N/A;N/A;N/A;N/A;N/A;N/A;N/A;"1439 mm";"4261 mm";N/A;N/A;N/A;N/A;5;"105 hp";Expression;N/A;4;"1672 mm";N/A;N/A;N/A;N/A;Sí;N/A;N/A;Sí;N/A;N/A;N/A;N/A;N/A;N/A;N/A;N/A;N/A;N/A;4;1.6;Nafta;Manual;Sedán;"Autos y camionetas";N/A;N/A;N/A;N/A;N/A;N/A;UY;N/A;N/A;N/A;N/A;N/A;N/A;N/A;N/A;N/A;N/A;N/A;N/A;N/A;N/A;N/A;N/A;N/A;N/A;N/A;N/A;N/A;N/A;N/A;N/A;N/A;N/A;N/A;N/A;N/A;N/A;N/A;N/A;N/A;N/A;N/A;N/A;N/A;N/A;N/A;N/A;N/A;N/A;N/A;N/A;N/A;N/A;N/A;N/A;N/A;N/A;N/A;N/A;N/A;N/A;N/A;N/A;N/A;N/A;N/A;N/A;N/A;N/A;N/A;N/A;N/A;N/A;N/A;N/A;N/A;N/A;N/A;N/A;N/A;N/A;N/A;N/A;N/A;N/A;N/A;N/A;N/A;N/A;N/A;N/A;N/A;N/A;N/A;N/A;N/A;N/A;N/A;N/A;N/A;N/A;N/A;N/A;N/A;N/A;N/A;N/A;N/A;N/A;N/A;N/A;N/A;N/A;N/A;N/A;N/A;N/A;N/A;N/A;Sí;N/A;N/A
Renault;"Sandero Stepway";"Extra full 1.6";2012;"226000 km";;CARITO_CARPE_DIEM;9800;;;;;"La Sonrisa";https://auto.mercadolibre.com.uy/MLU-703963488-extra-full-16-inmaculada-papeles-en-regla-segundo-dueno-_JM;N/A;;"Extra Full. 1.6. Inmaculada. Papeles En Regla. Segundo Dueño";USD;Sí;free;false;N/A;N/A;http://perfil.mercadolibre.com.uy/CARITO_CARPE_DIEM;active;N/A;N/A;Usado;Plateado;No;Asistida;Integral;Sí;Sí;N/A;N/A;N/A;No;N/A;N/A;Sí;N/A;N/A;N/A;Sí;N/A;Sí;N/A;N/A;N/A;N/A;N/A;N/A;N/A;N/A;N/A;N/A;N/A;N/A;N/A;N/A;N/A;N/A;N/A;N/A;N/A;N/A;N/A;N/A;N/A;N/A;N/A;N/A;N/A;N/A;N/A;N/A;N/A;N/A;N/A;N/A;N/A;N/A;N/A;N/A;N/A;N/A;N/A;N/A;N/A;N/A;N/A;N/A;N/A;N/A;N/A;N/A;N/A;N/A;N/A;N/A;N/A;N/A;N/A;N/A;N/A;N/A;N/A;N/A;N/A;N/A;N/A;N/A;N/A;N/A;N/A;N/A;N/A;N/A;No;N/A;N/A;Sí;N/A;Sí;No;N/A;N/A;N/A;N/A;N/A;N/A;N/A;N/A;N/A;N/A;5;1.6;Nafta;Manual;Rural;"Autos y camionetas";N/A;N/A;N/A;N/A;N/A;N/A;N/A;N/A;N/A;N/A;N/A;N/A;N/A;N/A;N/A;N/A;N/A;N/A;N/A;N/A;N/A;N/A;N/A;N/A;N/A;N/A;N/A;N/A;N/A;N/A;N/A;N/A;N/A;N/A;N/A;N/A;N/A;N/A;N/A;N/A;N/A;N/A;N/A;N/A;N/A;N/A;N/A;N/A;N/A;N/A;N/A;N/A;N/A;N/A;N/A;N/A;N/A;N/A;N/A;N/A;N/A;N/A;N/A;N/A;N/A;N/A;N/A;N/A;N/A;N/A;N/A;N/A;N/A;N/A;N/A;N/A;N/A;N/A;N/A;N/A;N/A;N/A;N/A;N/A;N/A;N/A;N/A;N/A;N/A;N/A;N/A;N/A;N/A;N/A;N/A;N/A;N/A;Sí;Sí;N/A;Sí;N/A;N/A;N/A;N/A;Sí;N/A;N/A;Sí;N/A;N/A;N/A;Sí;Sí;Sí;Sí;Sí;No;N/A;N/A;N/A;Sí
Renault;Fluence;"2.0 Privilege Mt";2011;"170000 km";;FRACHIP;9900;;;;;Carmelo;https://auto.mercadolibre.com.uy/MLU-704002076-renault-fluence-20-privilege-mt-_JM;N/A;;"Renault Fluence 2.0 Privilege Mt";usd;Sí;free;false;N/A;N/A;http://perfil.mercadolibre.com.uy/FRACHIP;active;N/A;N/A;Usado;Gris;N/A;Eléctrica;Delantera;N/A;N/A;Sí;N/A;N/A;N/A;N/A;N/A;Sí;N/A;N/A;N/A;N/A;N/A;N/A;N/A;N/A;N/A;N/A;N/A;N/A;N/A;N/A;N/A;N/A;"2700 mm";"2 L";"60 L";6;N/A;N/A;N/A;N/A;N/A;N/A;N/A;N/A;N/A;Sí;N/A;N/A;N/A;N/A;N/A;N/A;N/A;N/A;N/A;N/A;N/A;N/A;N/A;N/A;N/A;N/A;N/A;N/A;N/A;N/A;N/A;N/A;N/A;Sí;Sí;Sí;N/A;N/A;N/A;N/A;N/A;N/A;N/A;N/A;N/A;"1479 mm";"4618 mm";N/A;N/A;N/A;N/A;5;"143 hp";Privilege;N/A;4;"1810 mm";"11 km/l";Sí;N/A;N/A;Sí;N/A;N/A;Sí;N/A;N/A;N/A;"6.2 km/l";N/A;N/A;N/A;N/A;N/A;N/A;4;2.0;Nafta;Manual;Sedán;"Autos y camionetas";N/A;N/A;N/A;N/A;N/A;N/A;UY;N/A;N/A;N/A;N/A;N/A;N/A;N/A;N/A;N/A;N/A;N/A;N/A;N/A;N/A;N/A;N/A;N/A;N/A;N/A;N/A;N/A;N/A;N/A;N/A;N/A;N/A;N/A;N/A;N/A;N/A;N/A;N/A;N/A;N/A;N/A;N/A;N/A;N/A;N/A;N/A;N/A;N/A;N/A;N/A;N/A;N/A;N/A;N/A;N/A;N/A;N/A;N/A;N/A;N/A;N/A;N/A;N/A;N/A;N/A;N/A;N/A;N/A;N/A;N/A;N/A;N/A;N/A;N/A;N/A;N/A;N/A;N/A;N/A;N/A;N/A;N/A;N/A;N/A;N/A;N/A;N/A;N/A;N/A;N/A;N/A;N/A;N/A;N/A;N/A;N/A;N/A;N/A;N/A;N/A;N/A;N/A;N/A;N/A;N/A;Sí;N/A;N/A;N/A;N/A;N/A;Sí;N/A;N/A;N/A;N/A;N/A;N/A;Sí;N/A;N/A
Renault;Oroch;"1.6 Sce Cargo 2Wd Mt";2022;"74800 km";;ULISESLLORENTE;18500;;;;;Minas;https://auto.mercadolibre.com.uy/MLU-703911310-renault-oroch-16-sce-cargo-2wd-mt-_JM;N/A;;"Renault Oroch 1.6 Sce Cargo 2wd Mt";usd;Sí;free;false;N/A;N/A;http://perfil.mercadolibre.com.uy/ULISESLLORENTE;active;N/A;N/A;Usado;Rojo;Sí;Asistida;Delantera;Sí;Sí;N/A;N/A;N/A;No;N/A;N/A;No;N/A;N/A;Sí;Sí;N/A;No;N/A;N/A;N/A;N/A;N/A;N/A;N/A;N/A;N/A;N/A;"2890 mm";"1.6 L";"45 L";6;N/A;N/A;N/A;N/A;N/A;Sí;N/A;N/A;N/A;N/A;N/A;N/A;N/A;N/A;N/A;N/A;N/A;N/A;N/A;N/A;N/A;N/A;N/A;N/A;N/A;N/A;N/A;N/A;N/A;Sí;N/A;N/A;N/A;N/A;N/A;N/A;N/A;N/A;N/A;N/A;N/A;N/A;N/A;N/A;N/A;"1631 mm";"4700 mm";N/A;N/A;N/A;N/A;5;"118 hp";Cargo;N/A;4;"1821 mm";N/A;No;N/A;No;Sí;N/A;Sí;Sí;N/A;No;N/A;N/A;No;Sí;N/A;N/A;No;"A cualquiera";4;1.6;Nafta;Manual;Pick-Up;"Autos y camionetas";N/A;N/A;N/A;N/A;N/A;N/A;UY;N/A;N/A;N/A;N/A;N/A;N/A;N/A;N/A;N/A;N/A;N/A;N/A;N/A;N/A;N/A;N/A;N/A;Sí;N/A;N/A;N/A;N/A;N/A;N/A;N/A;N/A;N/A;N/A;N/A;N/A;N/A;N/A;N/A;N/A;N/A;N/A;N/A;N/A;N/A;N/A;N/A;N/A;N/A;N/A;N/A;N/A;N/A;N/A;N/A;N/A;N/A;N/A;N/A;N/A;N/A;N/A;N/A;N/A;N/A;N/A;N/A;N/A;N/A;N/A;N/A;N/A;N/A;N/A;N/A;N/A;N/A;N/A;N/A;N/A;N/A;N/A;N/A;N/A;N/A;N/A;N/A;N/A;N/A;N/A;N/A;N/A;N/A;N/A;N/A;Sí;Sí;Sí;N/A;Sí;N/A;N/A;N/A;N/A;Sí;No;Sí;Sí;N/A;N/A;N/A;Sí;Sí;Sí;Sí;Sí;N/A;N/A;Sí;N/A;Sí
Renault;Oroch;"EXPRESSION 1.6 16V";2022;"40000 km";;RUHU1237986;18500;;;;;"Fray Bentos";https://auto.mercadolibre.com.uy/MLU-703228258-excelente-estado-todo-al-dia-version-full-motor-nissan16-_JM;N/A;;"Excelente Estado, Todo Al Dia, Versión Full. Motor Nissan1.6";USD;Sí;free;false;N/A;N/A;http://perfil.mercadolibre.com.uy/RUHU1237986;active;N/A;N/A;Usado;Gris;No;Hidráulica;Delantera;Sí;Sí;N/A;N/A;N/A;No;N/A;N/A;Sí;N/A;N/A;No;Sí;N/A;No;N/A;N/A;N/A;N/A;N/A;N/A;N/A;N/A;N/A;N/A;N/A;N/A;N/A;N/A;N/A;N/A;N/A;N/A;N/A;No;N/A;N/A;N/A;N/A;N/A;N/A;N/A;N/A;N/A;N/A;N/A;N/A;N/A;N/A;N/A;N/A;N/A;N/A;N/A;N/A;N/A;N/A;N/A;No;N/A;N/A;N/A;N/A;N/A;N/A;N/A;N/A;N/A;N/A;N/A;N/A;N/A;N/A;N/A;N/A;N/A;N/A;N/A;N/A;N/A;N/A;N/A;N/A;N/A;N/A;N/A;N/A;No;N/A;Sí;Sí;N/A;Sí;Sí;N/A;No;N/A;N/A;No;Sí;N/A;N/A;No;N/A;4;1.6;Nafta;Manual;Rural;"Autos y camionetas";No;N/A;N/A;N/A;Sí;N/A;N/A;N/A;Sí;N/A;No;N/A;N/A;N/A;N/A;N/A;N/A;N/A;N/A;N/A;N/A;N/A;N/A;N/A;No;N/A;N/A;N/A;N/A;N/A;N/A;N/A;N/A;N/A;N/A;N/A;N/A;N/A;N/A;N/A;N/A;N/A;N/A;No;N/A;N/A;N/A;N/A;N/A;N/A;N/A;N/A;N/A;N/A;N/A;N/A;N/A;N/A;N/A;N/A;N/A;No;Sí;N/A;N/A;N/A;N/A;N/A;N/A;N/A;N/A;N/A;N/A;N/A;N/A;N/A;N/A;N/A;N/A;N/A;N/A;N/A;N/A;N/A;N/A;N/A;N/A;N/A;N/A;N/A;N/A;N/A;N/A;N/A;N/A;No;Sí;Sí;Sí;N/A;Sí;N/A;N/A;N/A;N/A;Sí;No;Sí;No;N/A;N/A;Sí;Sí;Sí;Sí;Sí;Sí;No;No;No;N/A;Sí
Renault;Kangoo;"1.6 2 Confort 5as Aa Da Svt 1plc";2014;"230000 km";;RADI9585002;8300;;;;;Prado;https://auto.mercadolibre.com.uy/MLU-702884480-renault-kangoo-16-2-confort-5as-aa-da-svt-1plc-_JM;N/A;;"Renault Kangoo 1.6 2 Confort 5as Aa Da Svt 1plc";usd;Sí;free;false;N/A;N/A;http://perfil.mercadolibre.com.uy/RADI9585002;active;N/A;N/A;Usado;Plateado;No;Hidráulica;Delantera;Sí;Sí;N/A;N/A;N/A;N/A;N/A;N/A;No;N/A;N/A;N/A;No;N/A;No;N/A;N/A;N/A;N/A;N/A;N/A;N/A;N/A;N/A;N/A;"2600 mm";"1.6 L";"52 L";5;N/A;N/A;N/A;N/A;N/A;No;N/A;N/A;N/A;N/A;N/A;N/A;N/A;N/A;N/A;N/A;N/A;N/A;N/A;N/A;N/A;N/A;N/A;N/A;N/A;N/A;N/A;N/A;N/A;No;N/A;N/A;N/A;No;N/A;N/A;N/A;N/A;N/A;N/A;N/A;N/A;N/A;N/A;N/A;"1860 mm";"4010 mm";N/A;N/A;N/A;N/A;2;"95 hp";Confort;N/A;4;"1672 mm";"11.09 km/l";N/A;N/A;Sí;Sí;N/A;N/A;N/A;N/A;No;N/A;N/A;N/A;Sí;N/A;N/A;Sí;"9 a 19  hs";3;1.6;Nafta;Manual;Furgón;"Autos y camionetas";No;N/A;N/A;N/A;N/A;N/A;UY;N/A;No;N/A;No;N/A;N/A;N/A;N/A;N/A;N/A;N/A;N/A;N/A;N/A;N/A;N/A;N/A;Sí;N/A;N/A;N/A;N/A;N/A;N/A;N/A;N/A;N/A;N/A;N/A;N/A;N/A;N/A;N/A;N/A;N/A;N/A;N/A;N/A;N/A;N/A;N/A;N/A;N/A;N/A;N/A;N/A;N/A;N/A;N/A;N/A;N/A;N/A;N/A;N/A;N/A;N/A;N/A;N/A;N/A;N/A;N/A;N/A;N/A;N/A;N/A;N/A;N/A;N/A;N/A;N/A;N/A;N/A;N/A;N/A;N/A;N/A;N/A;N/A;N/A;N/A;N/A;N/A;N/A;N/A;N/A;N/A;N/A;N/A;No;N/A;Sí;No;N/A;N/A;N/A;N/A;N/A;N/A;Sí;N/A;N/A;N/A;N/A;N/A;N/A;Sí;Sí;Sí;Sí;Sí;No;No;No;N/A;Sí
Renault;Duster;"1.6 4x2 Confort 110cv";2013;"158000 km";;CDTA2006;11000;;;;;Buceo;https://auto.mercadolibre.com.uy/MLU-702884406-renault-duster-16-4x2-confort-110cv-_JM;N/A;;"Renault Duster 1.6 4x2 Confort 110cv";usd;Sí;free;false;N/A;N/A;http://perfil.mercadolibre.com.uy/CDTA2006;active;N/A;N/A;Usado;Gris;No;Hidráulica;4x2;Sí;Sí;N/A;N/A;N/A;N/A;N/A;N/A;N/A;N/A;N/A;N/A;Sí;N/A;N/A;N/A;N/A;N/A;N/A;N/A;N/A;N/A;N/A;N/A;N/A;"2673 mm";"1.6 L";"50 L";5;N/A;N/A;N/A;N/A;N/A;N/A;N/A;N/A;N/A;N/A;N/A;N/A;N/A;N/A;N/A;N/A;N/A;N/A;N/A;N/A;N/A;N/A;N/A;N/A;N/A;N/A;N/A;N/A;N/A;N/A;N/A;N/A;N/A;Sí;N/A;N/A;N/A;N/A;N/A;N/A;N/A;N/A;N/A;N/A;N/A;"1695 mm";"4315 mm";N/A;N/A;N/A;N/A;5;"110 hp";Confort;N/A;4;"1822 mm";"11.1 km/l";N/A;N/A;N/A;Sí;N/A;Sí;Sí;N/A;N/A;N/A;"10.4 km/l";N/A;N/A;N/A;N/A;N/A;N/A;5;1.6;Nafta;Manual;SUV;"Autos y camionetas";N/A;N/A;N/A;N/A;N/A;N/A;UY;N/A;No;N/A;N/A;N/A;N/A;N/A;N/A;N/A;N/A;N/A;N/A;N/A;N/A;N/A;N/A;N/A;N/A;N/A;N/A;N/A;N/A;N/A;N/A;N/A;N/A;N/A;N/A;N/A;N/A;N/A;N/A;N/A;N/A;N/A;N/A;N/A;N/A;N/A;N/A;N/A;N/A;N/A;N/A;N/A;N/A;N/A;N/A;N/A;N/A;N/A;N/A;N/A;N/A;N/A;N/A;N/A;N/A;N/A;N/A;N/A;N/A;N/A;N/A;N/A;N/A;N/A;N/A;N/A;N/A;N/A;N/A;N/A;N/A;N/A;N/A;N/A;N/A;N/A;N/A;N/A;N/A;N/A;N/A;N/A;N/A;N/A;N/A;N/A;Sí;Sí;N/A;N/A;Sí;N/A;N/A;N/A;N/A;Sí;N/A;Sí;N/A;N/A;N/A;N/A;Sí;N/A;Sí;Sí;Sí;Sí;N/A;Sí;N/A;Sí
Renault;"Kangoo Express";"1.6 Sce Confort 114Cv";2013;"238920 km";;SERVIRUEDAS;7300;;;;;Tala;https://auto.mercadolibre.com.uy/MLU-647592847-renault-kangoo-muy-cuidada-excelente-de-mecanica-_JM;N/A;;"Renault Kangoo Muy Cuidada, Excelente De Mecanica,";USD;Sí;free;false;N/A;N/A;http://perfil.mercadolibre.com.uy/SERVIRUEDAS;active;N/A;N/A;Usado;Blanco;N/A;N/A;N/A;N/A;N/A;N/A;N/A;N/A;N/A;N/A;N/A;N/A;N/A;N/A;N/A;N/A;N/A;N/A;N/A;N/A;N/A;N/A;N/A;N/A;N/A;N/A;N/A;N/A;N/A;N/A;N/A;N/A;N/A;N/A;N/A;N/A;N/A;N/A;N/A;N/A;N/A;N/A;N/A;N/A;N/A;N/A;N/A;N/A;N/A;N/A;N/A;N/A;N/A;N/A;N/A;N/A;N/A;N/A;N/A;N/A;N/A;N/A;N/A;N/A;N/A;N/A;N/A;N/A;N/A;N/A;N/A;N/A;N/A;N/A;N/A;N/A;N/A;N/A;N/A;N/A;N/A;N/A;N/A;N/A;N/A;N/A;N/A;N/A;N/A;N/A;N/A;N/A;N/A;N/A;N/A;N/A;N/A;N/A;N/A;N/A;N/A;N/A;N/A;N/A;N/A;N/A;N/A;2;N/A;Nafta;N/A;N/A;"Autos y camionetas";N/A;N/A;N/A;N/A;N/A;N/A;N/A;N/A;N/A;N/A;N/A;N/A;N/A;N/A;N/A;N/A;N/A;N/A;N/A;N/A;N/A;N/A;N/A;N/A;N/A;N/A;N/A;N/A;N/A;N/A;N/A;N/A;N/A;N/A;N/A;N/A;N/A;N/A;N/A;N/A;N/A;N/A;N/A;N/A;N/A;N/A;N/A;N/A;N/A;N/A;N/A;N/A;N/A;N/A;N/A;N/A;N/A;N/A;N/A;N/A;N/A;N/A;N/A;N/A;N/A;N/A;N/A;N/A;N/A;N/A;N/A;N/A;N/A;N/A;N/A;N/A;N/A;N/A;N/A;N/A;N/A;N/A;N/A;N/A;N/A;N/A;N/A;N/A;N/A;N/A;N/A;N/A;N/A;N/A;N/A;N/A;N/A;N/A;N/A;N/A;N/A;N/A;N/A;N/A;N/A;N/A;N/A;N/A;N/A;N/A;N/A;N/A;N/A;N/A;N/A;N/A;N/A;N/A;N/A;N/A;N/A;N/A
Renault;Clio;"1.2 Mio Plus";2015;"25000 km";;ANRG15;11000;;;;;Salto;https://auto.mercadolibre.com.uy/MLU-704306952-renault-clio-12-mio-plus-_JM;N/A;;"Renault Clio 1.2 Mio Plus";USD;Sí;free;false;N/A;N/A;http://perfil.mercadolibre.com.uy/ANRG15;active;N/A;N/A;Usado;N/A;N/A;N/A;N/A;N/A;N/A;N/A;N/A;N/A;N/A;N/A;N/A;N/A;N/A;N/A;N/A;N/A;N/A;N/A;N/A;N/A;N/A;N/A;N/A;N/A;N/A;N/A;N/A;N/A;N/A;N/A;N/A;N/A;N/A;N/A;N/A;N/A;N/A;N/A;N/A;N/A;N/A;N/A;N/A;N/A;N/A;N/A;N/A;N/A;N/A;N/A;N/A;N/A;N/A;N/A;N/A;N/A;N/A;N/A;N/A;N/A;N/A;N/A;N/A;N/A;N/A;N/A;N/A;N/A;N/A;N/A;N/A;N/A;N/A;N/A;N/A;N/A;N/A;N/A;N/A;N/A;N/A;N/A;N/A;N/A;N/A;N/A;N/A;N/A;N/A;N/A;N/A;N/A;N/A;N/A;N/A;N/A;N/A;N/A;N/A;N/A;N/A;N/A;N/A;N/A;N/A;N/A;N/A;5;N/A;Nafta;N/A;N/A;"Autos y camionetas";N/A;N/A;N/A;N/A;N/A;N/A;N/A;N/A;N/A;N/A;N/A;N/A;N/A;N/A;N/A;N/A;N/A;N/A;N/A;N/A;N/A;N/A;N/A;N/A;N/A;N/A;N/A;N/A;N/A;N/A;N/A;N/A;N/A;N/A;N/A;N/A;N/A;N/A;N/A;N/A;N/A;N/A;N/A;N/A;N/A;N/A;N/A;N/A;N/A;N/A;N/A;N/A;N/A;N/A;N/A;N/A;N/A;N/A;N/A;N/A;N/A;N/A;N/A;N/A;N/A;N/A;N/A;N/A;N/A;N/A;N/A;N/A;N/A;N/A;N/A;N/A;N/A;N/A;N/A;N/A;N/A;N/A;N/A;N/A;N/A;N/A;N/A;N/A;N/A;N/A;N/A;N/A;N/A;N/A;N/A;N/A;N/A;N/A;N/A;N/A;N/A;N/A;N/A;N/A;N/A;N/A;N/A;N/A;N/A;N/A;N/A;N/A;N/A;N/A;N/A;N/A;N/A;N/A;N/A;N/A;N/A;N/A
Renault;Kangoo;"capacidad 5 personas";2013;"135000 km";;CALOMERCADO;10600;;;;;Malvin;https://auto.mercadolibre.com.uy/MLU-703528606-renault-kangoo-2013-con-asientos-traseros-y-puerta-lateral-_JM;N/A;;"Renault Kangoo 2013 Con Asientos Traseros Y Puerta Lateral.";USD;Sí;free;false;N/A;N/A;http://perfil.mercadolibre.com.uy/CALOMERCADO;active;N/A;N/A;Usado;Gris;N/A;Hidráulica;Delantera;N/A;N/A;N/A;N/A;N/A;N/A;N/A;N/A;N/A;N/A;N/A;N/A;N/A;N/A;N/A;N/A;N/A;N/A;N/A;N/A;N/A;N/A;N/A;N/A;N/A;N/A;N/A;N/A;N/A;N/A;N/A;N/A;N/A;N/A;N/A;N/A;N/A;N/A;N/A;N/A;N/A;N/A;N/A;N/A;N/A;N/A;N/A;N/A;N/A;N/A;N/A;N/A;N/A;N/A;N/A;N/A;N/A;N/A;N/A;N/A;N/A;N/A;N/A;N/A;N/A;N/A;N/A;N/A;N/A;N/A;N/A;N/A;N/A;N/A;N/A;N/A;N/A;N/A;N/A;N/A;N/A;N/A;N/A;N/A;N/A;N/A;N/A;N/A;N/A;N/A;N/A;N/A;N/A;N/A;N/A;N/A;N/A;N/A;N/A;N/A;N/A;N/A;N/A;"9 a 20";3;1.6;Nafta;Manual;Minivan;"Autos y camionetas";N/A;N/A;N/A;N/A;N/A;N/A;N/A;N/A;N/A;N/A;N/A;N/A;N/A;N/A;N/A;N/A;N/A;N/A;N/A;N/A;N/A;N/A;N/A;N/A;N/A;N/A;N/A;N/A;N/A;N/A;N/A;N/A;N/A;N/A;N/A;N/A;N/A;N/A;N/A;N/A;N/A;N/A;N/A;N/A;N/A;N/A;N/A;N/A;N/A;N/A;N/A;N/A;N/A;N/A;N/A;N/A;N/A;N/A;N/A;N/A;N/A;N/A;N/A;N/A;N/A;N/A;N/A;N/A;N/A;N/A;N/A;N/A;N/A;N/A;N/A;N/A;N/A;N/A;N/A;N/A;N/A;N/A;N/A;N/A;N/A;N/A;N/A;N/A;N/A;N/A;N/A;N/A;N/A;N/A;N/A;N/A;N/A;N/A;N/A;N/A;N/A;N/A;N/A;N/A;N/A;N/A;N/A;N/A;N/A;N/A;N/A;N/A;N/A;N/A;N/A;N/A;N/A;N/A;N/A;N/A;N/A;N/A
Renault;Sandero;"2.0 Rs 145cv";2018;"70000 km";;SABRINA5080;16500;;;;;Florida;https://auto.mercadolibre.com.uy/MLU-703915986-renault-sandero-2018-20-rs-145cv-_JM;N/A;;"Renault Sandero 2018 2.0 Rs 145cv";usd;Sí;free;false;N/A;N/A;http://perfil.mercadolibre.com.uy/SABRINA5080;active;N/A;N/A;Usado;N/A;N/A;Hidráulica;Delantera;Sí;N/A;Sí;N/A;N/A;Sí;N/A;N/A;N/A;N/A;N/A;N/A;N/A;N/A;N/A;N/A;N/A;N/A;N/A;N/A;N/A;N/A;N/A;N/A;N/A;"2590 mm";"2 L";"50 L";5;N/A;N/A;N/A;N/A;N/A;N/A;N/A;N/A;N/A;N/A;N/A;N/A;N/A;N/A;N/A;N/A;N/A;N/A;N/A;N/A;N/A;N/A;N/A;N/A;N/A;N/A;N/A;N/A;N/A;N/A;N/A;N/A;N/A;N/A;N/A;N/A;N/A;N/A;N/A;N/A;N/A;N/A;N/A;N/A;N/A;"1536 mm";"4060 mm";N/A;N/A;N/A;N/A;5;"105 hp";Rs;N/A;4;"1733 mm";"9.5 km/l";Sí;N/A;N/A;N/A;N/A;N/A;N/A;N/A;N/A;N/A;"5.7 km/l";N/A;N/A;N/A;N/A;N/A;N/A;5;2.0;Nafta;Manual;Hatchback;"Autos y camionetas";N/A;N/A;N/A;N/A;N/A;N/A;UY;N/A;N/A;N/A;N/A;N/A;N/A;N/A;N/A;N/A;N/A;N/A;N/A;N/A;N/A;N/A;N/A;N/A;N/A;N/A;N/A;N/A;N/A;N/A;N/A;N/A;N/A;N/A;N/A;N/A;N/A;N/A;N/A;N/A;N/A;N/A;N/A;N/A;N/A;N/A;N/A;N/A;N/A;N/A;N/A;N/A;N/A;N/A;N/A;N/A;N/A;N/A;N/A;N/A;N/A;N/A;N/A;N/A;N/A;N/A;N/A;N/A;N/A;N/A;N/A;N/A;N/A;N/A;N/A;N/A;N/A;N/A;N/A;N/A;N/A;N/A;N/A;N/A;N/A;N/A;N/A;N/A;N/A;N/A;N/A;N/A;N/A;N/A;N/A;N/A;N/A;N/A;N/A;N/A;N/A;N/A;N/A;N/A;N/A;N/A;N/A;N/A;N/A;N/A;N/A;N/A;N/A;N/A;N/A;N/A;N/A;Sí;N/A;N/A;N/A;N/A
Renault;Oroch;2.0;2017;"90000 km";;NANCY1206;17500;;;;;Rocha;https://auto.mercadolibre.com.uy/MLU-647196943-renault-oroch-20-_JM;N/A;;"Renault Oroch 2.0";USD;Sí;free;false;N/A;N/A;http://perfil.mercadolibre.com.uy/NANCY1206;active;N/A;N/A;Usado;N/A;N/A;N/A;N/A;N/A;N/A;N/A;N/A;N/A;N/A;N/A;N/A;N/A;N/A;N/A;N/A;N/A;N/A;N/A;N/A;N/A;N/A;N/A;N/A;N/A;N/A;N/A;N/A;N/A;N/A;N/A;N/A;N/A;N/A;N/A;N/A;N/A;N/A;N/A;N/A;N/A;N/A;N/A;N/A;N/A;N/A;N/A;N/A;N/A;N/A;N/A;N/A;N/A;N/A;N/A;N/A;N/A;N/A;N/A;N/A;N/A;N/A;N/A;N/A;N/A;N/A;N/A;N/A;N/A;N/A;N/A;N/A;N/A;N/A;N/A;N/A;N/A;N/A;N/A;N/A;N/A;N/A;N/A;N/A;N/A;N/A;N/A;N/A;N/A;N/A;N/A;N/A;N/A;N/A;N/A;N/A;N/A;N/A;N/A;N/A;N/A;N/A;N/A;N/A;N/A;N/A;N/A;N/A;4;N/A;Nafta;N/A;N/A;"Autos y camionetas";N/A;N/A;N/A;N/A;N/A;N/A;N/A;N/A;N/A;N/A;N/A;N/A;N/A;N/A;N/A;N/A;N/A;N/A;N/A;N/A;N/A;N/A;N/A;N/A;N/A;N/A;N/A;N/A;N/A;N/A;N/A;N/A;N/A;N/A;N/A;N/A;N/A;N/A;N/A;N/A;N/A;N/A;N/A;N/A;N/A;N/A;N/A;N/A;N/A;N/A;N/A;N/A;N/A;N/A;N/A;N/A;N/A;N/A;N/A;N/A;N/A;N/A;N/A;N/A;N/A;N/A;N/A;N/A;N/A;N/A;N/A;N/A;N/A;N/A;N/A;N/A;N/A;N/A;N/A;N/A;N/A;N/A;N/A;N/A;N/A;N/A;N/A;N/A;N/A;N/A;N/A;N/A;N/A;N/A;N/A;N/A;N/A;N/A;N/A;N/A;N/A;N/A;N/A;N/A;N/A;N/A;N/A;N/A;N/A;N/A;N/A;N/A;N/A;N/A;N/A;N/A;N/A;N/A;N/A;N/A;N/A;N/A
Renault;Duster;"1.6 16v Zen";2022;"78000 km";;CRAMPET;18500;;;;;Salto;https://auto.mercadolibre.com.uy/MLU-705905598-renault-duster-16-16v-zen-_JM;N/A;;"Renault Duster 1.6 16v Zen";usd;Sí;free;false;N/A;N/A;http://perfil.mercadolibre.com.uy/CRAMPET;active;N/A;N/A;Usado;Dorado;Sí;Hidráulica;4x2;Sí;Sí;Sí;N/A;N/A;N/A;N/A;N/A;N/A;N/A;N/A;N/A;Sí;N/A;N/A;N/A;N/A;N/A;N/A;N/A;N/A;N/A;N/A;N/A;N/A;"2674 mm";"1.6 L";"50 L";5;N/A;N/A;N/A;N/A;N/A;Sí;N/A;N/A;N/A;N/A;N/A;N/A;N/A;N/A;N/A;N/A;N/A;N/A;N/A;N/A;N/A;N/A;N/A;N/A;N/A;N/A;N/A;N/A;N/A;N/A;N/A;N/A;N/A;N/A;N/A;N/A;N/A;N/A;N/A;N/A;N/A;N/A;N/A;N/A;N/A;"1683 mm";"4329 mm";N/A;N/A;N/A;N/A;5;"118 hp";Zen;N/A;4;"1822 mm";"11.1 km/l";No;N/A;N/A;N/A;N/A;Sí;Sí;N/A;N/A;N/A;"10.4 km/l";N/A;N/A;N/A;N/A;Sí;N/A;5;1.6;Nafta;Manual;SUV;"Autos y camionetas";N/A;N/A;N/A;N/A;N/A;N/A;UY;N/A;N/A;N/A;N/A;N/A;N/A;N/A;N/A;N/A;N/A;N/A;N/A;N/A;N/A;N/A;N/A;N/A;N/A;N/A;N/A;N/A;N/A;N/A;N/A;N/A;N/A;N/A;N/A;N/A;N/A;N/A;N/A;N/A;N/A;N/A;N/A;N/A;N/A;N/A;N/A;N/A;N/A;N/A;N/A;N/A;N/A;N/A;N/A;N/A;N/A;N/A;N/A;N/A;N/A;N/A;N/A;N/A;N/A;N/A;N/A;N/A;N/A;N/A;N/A;N/A;N/A;N/A;N/A;N/A;N/A;N/A;N/A;N/A;N/A;N/A;N/A;N/A;N/A;N/A;N/A;N/A;N/A;N/A;N/A;N/A;N/A;N/A;N/A;N/A;Sí;Sí;Sí;N/A;Sí;N/A;N/A;N/A;N/A;Sí;N/A;N/A;Sí;N/A;N/A;Sí;Sí;Sí;N/A;N/A;N/A;N/A;N/A;N/A;N/A;N/A
Renault;"Megane 2";Tuñado;1999;"300 km";;ROER20240326180855;5500;;;;;"La Paz";https://auto.mercadolibre.com.uy/MLU-703925654-verde-gris-_JM;N/A;;"Verde Gris";USD;No;free;false;N/A;N/A;http://perfil.mercadolibre.com.uy/ROER20240326180855;active;N/A;N/A;Usado;Blanco;N/A;N/A;N/A;N/A;N/A;N/A;N/A;N/A;N/A;N/A;N/A;N/A;N/A;N/A;N/A;N/A;N/A;N/A;N/A;N/A;N/A;N/A;N/A;N/A;N/A;N/A;N/A;N/A;N/A;N/A;N/A;N/A;N/A;N/A;N/A;N/A;N/A;N/A;N/A;N/A;N/A;N/A;N/A;N/A;N/A;N/A;N/A;N/A;N/A;N/A;N/A;N/A;N/A;N/A;N/A;N/A;N/A;N/A;N/A;N/A;N/A;N/A;N/A;N/A;N/A;N/A;N/A;N/A;N/A;N/A;N/A;N/A;N/A;N/A;N/A;N/A;N/A;N/A;N/A;N/A;N/A;N/A;N/A;N/A;N/A;N/A;N/A;N/A;N/A;N/A;N/A;N/A;N/A;N/A;N/A;N/A;N/A;N/A;N/A;N/A;N/A;N/A;N/A;N/A;N/A;N/A;N/A;5;N/A;Nafta;N/A;N/A;"Autos y camionetas";N/A;N/A;N/A;N/A;N/A;N/A;N/A;N/A;N/A;N/A;N/A;N/A;N/A;N/A;N/A;N/A;N/A;N/A;N/A;N/A;N/A;N/A;N/A;N/A;N/A;N/A;N/A;N/A;N/A;N/A;N/A;N/A;N/A;N/A;N/A;N/A;N/A;N/A;N/A;N/A;N/A;N/A;N/A;N/A;N/A;N/A;N/A;N/A;N/A;N/A;N/A;N/A;N/A;N/A;N/A;N/A;N/A;N/A;N/A;N/A;N/A;N/A;N/A;N/A;N/A;N/A;N/A;N/A;N/A;N/A;N/A;N/A;N/A;N/A;N/A;N/A;N/A;N/A;N/A;N/A;N/A;N/A;N/A;N/A;N/A;N/A;N/A;N/A;N/A;N/A;N/A;N/A;N/A;N/A;N/A;N/A;N/A;N/A;N/A;N/A;N/A;N/A;N/A;N/A;N/A;N/A;N/A;N/A;N/A;N/A;N/A;N/A;N/A;N/A;N/A;N/A;N/A;N/A;N/A;N/A;N/A;N/A
Renault;"Duster Oroch";"1.6 Dynamique";2017;"126000 km";;FULINIANDRES20221205204452;14800;;;;;"Paso de Carrasco";https://auto.mercadolibre.com.uy/MLU-704372438-renault-duster-oroch-16-dynamique-_JM;N/A;;"Renault Duster Oroch 1.6 Dynamique";usd;Sí;free;false;N/A;N/A;http://perfil.mercadolibre.com.uy/FULINIANDRES20221205204452;active;N/A;N/A;Usado;Blanco;N/A;Hidráulica;4x2;Sí;Sí;Sí;N/A;N/A;Sí;N/A;N/A;N/A;N/A;N/A;Sí;Sí;N/A;N/A;N/A;N/A;N/A;N/A;N/A;N/A;N/A;N/A;N/A;N/A;"2829 mm";"1.6 L";"50 L";5;N/A;N/A;N/A;N/A;N/A;N/A;N/A;N/A;N/A;N/A;N/A;N/A;N/A;N/A;N/A;N/A;N/A;N/A;N/A;N/A;N/A;N/A;N/A;N/A;N/A;N/A;N/A;N/A;N/A;N/A;N/A;N/A;N/A;N/A;N/A;N/A;N/A;N/A;N/A;N/A;N/A;N/A;N/A;N/A;N/A;"1683 mm";"4329 mm";N/A;N/A;N/A;N/A;5;"110 hp";Dynamique;N/A;4;"1821 mm";"11.1 km/l";N/A;N/A;Sí;Sí;N/A;Sí;N/A;N/A;N/A;N/A;"10.4 km/l";N/A;N/A;N/A;N/A;N/A;N/A;4;1.6;Nafta;Manual;SUV;"Autos y camionetas";N/A;N/A;N/A;N/A;N/A;N/A;UY;N/A;N/A;N/A;N/A;N/A;N/A;N/A;N/A;N/A;N/A;N/A;N/A;N/A;N/A;N/A;N/A;N/A;Sí;N/A;N/A;N/A;N/A;N/A;N/A;N/A;N/A;N/A;N/A;N/A;N/A;N/A;N/A;N/A;N/A;N/A;N/A;N/A;N/A;N/A;N/A;N/A;N/A;N/A;N/A;N/A;N/A;N/A;N/A;N/A;N/A;N/A;N/A;N/A;N/A;N/A;N/A;N/A;N/A;N/A;N/A;N/A;N/A;N/A;N/A;N/A;N/A;N/A;N/A;N/A;N/A;N/A;N/A;N/A;N/A;N/A;N/A;N/A;N/A;N/A;N/A;N/A;N/A;N/A;N/A;N/A;N/A;N/A;N/A;N/A;Sí;Sí;Sí;N/A;Sí;N/A;N/A;N/A;N/A;Sí;Sí;Sí;Sí;N/A;N/A;Sí;Sí;Sí;Sí;Sí;Sí;Sí;Sí;Sí;N/A;Sí
Renault;Express;"1.9 Diesel";2000;"411000 km";;GER_BORG2006;3000;;;;;Neptunia;https://auto.mercadolibre.com.uy/MLU-705888828-renault-express-_JM;N/A;;"Renault Express";usd;No;free;false;N/A;N/A;http://perfil.mercadolibre.com.uy/GER_BORG2006;active;N/A;N/A;Usado;Blanco;No;Mecánica;Delantera;Sí;N/A;N/A;N/A;N/A;N/A;N/A;N/A;N/A;N/A;N/A;N/A;N/A;N/A;N/A;N/A;N/A;N/A;N/A;N/A;N/A;N/A;N/A;N/A;N/A;"2580 mm";"1.9 L";"43 L";5;N/A;N/A;N/A;N/A;N/A;N/A;N/A;N/A;N/A;N/A;N/A;N/A;N/A;N/A;N/A;N/A;N/A;N/A;N/A;N/A;N/A;N/A;N/A;N/A;N/A;N/A;N/A;N/A;N/A;N/A;N/A;N/A;N/A;N/A;N/A;N/A;N/A;N/A;N/A;N/A;N/A;N/A;N/A;N/A;N/A;"1808 mm";"4056 mm";N/A;N/A;N/A;N/A;2;"55 hp";Rl;N/A;2;"1326 mm";"8.4 km/l";N/A;N/A;N/A;N/A;N/A;N/A;N/A;N/A;N/A;N/A;"5.3 km/l";N/A;N/A;N/A;N/A;N/A;N/A;4;1.9;Diésel;Manual;Furgón;"Autos y camionetas";N/A;N/A;N/A;N/A;N/A;N/A;UY;N/A;N/A;N/A;N/A;N/A;N/A;N/A;N/A;N/A;N/A;N/A;N/A;N/A;N/A;N/A;N/A;N/A;N/A;N/A;N/A;N/A;N/A;N/A;N/A;N/A;N/A;N/A;N/A;N/A;N/A;N/A;N/A;N/A;N/A;N/A;N/A;N/A;N/A;N/A;N/A;N/A;N/A;N/A;N/A;N/A;N/A;N/A;N/A;N/A;N/A;N/A;N/A;N/A;N/A;N/A;N/A;N/A;N/A;N/A;N/A;N/A;N/A;N/A;N/A;N/A;N/A;N/A;N/A;N/A;N/A;N/A;N/A;N/A;N/A;N/A;N/A;N/A;N/A;N/A;N/A;N/A;N/A;N/A;N/A;N/A;N/A;N/A;N/A;N/A;N/A;N/A;N/A;N/A;N/A;N/A;N/A;N/A;N/A;N/A;N/A;N/A;N/A;N/A;N/A;N/A;N/A;N/A;N/A;N/A;N/A;N/A;N/A;N/A;N/A;N/A
Renault;Oroch;1.6;2018;"135000 km";;BACCI9;14900;;;;;Aguada;https://auto.mercadolibre.com.uy/MLU-703937722-renault-oroch-expression-_JM;N/A;;"Renault Oroch Expression";USD;Sí;free;false;N/A;N/A;http://perfil.mercadolibre.com.uy/BACCI9;active;N/A;N/A;Usado;Negro;Sí;Asistida;4x2;Sí;Sí;N/A;N/A;N/A;No;N/A;N/A;No;N/A;N/A;No;Sí;N/A;N/A;N/A;N/A;N/A;N/A;N/A;N/A;N/A;N/A;N/A;N/A;N/A;N/A;N/A;N/A;N/A;N/A;N/A;N/A;N/A;Sí;N/A;N/A;N/A;N/A;N/A;N/A;N/A;N/A;N/A;N/A;N/A;N/A;N/A;N/A;N/A;N/A;N/A;N/A;N/A;N/A;N/A;N/A;N/A;Sí;N/A;N/A;N/A;N/A;N/A;N/A;N/A;N/A;N/A;N/A;N/A;N/A;N/A;N/A;N/A;N/A;N/A;N/A;N/A;N/A;N/A;N/A;N/A;N/A;N/A;N/A;N/A;N/A;No;N/A;N/A;Sí;N/A;Sí;Sí;N/A;No;N/A;N/A;Sí;Sí;N/A;N/A;No;N/A;4;1.6;Nafta;Manual;Pick-Up;"Autos y camionetas";N/A;N/A;N/A;N/A;N/A;N/A;N/A;N/A;No;N/A;N/A;N/A;N/A;N/A;N/A;N/A;N/A;N/A;N/A;N/A;N/A;N/A;N/A;N/A;N/A;N/A;N/A;N/A;N/A;N/A;N/A;N/A;N/A;N/A;N/A;N/A;N/A;N/A;N/A;N/A;N/A;N/A;N/A;N/A;N/A;N/A;N/A;N/A;N/A;N/A;N/A;N/A;N/A;N/A;N/A;N/A;N/A;N/A;N/A;N/A;N/A;N/A;Sí;N/A;N/A;N/A;N/A;N/A;N/A;N/A;N/A;N/A;N/A;N/A;N/A;N/A;N/A;N/A;N/A;N/A;N/A;N/A;N/A;N/A;N/A;N/A;N/A;N/A;N/A;N/A;N/A;N/A;N/A;N/A;N/A;N/A;Sí;N/A;Sí;N/A;Sí;N/A;N/A;N/A;N/A;Sí;No;Sí;Sí;N/A;N/A;No;Sí;Sí;Sí;Sí;Sí;N/A;N/A;N/A;N/A;Sí
Renault;"Sandero Stepway";"1.6 Privilege 105cv";2016;"108000 km";;RATUTI;12750;;;;;"La Teja";https://auto.mercadolibre.com.uy/MLU-647551335-renault-sandero-stepway-16-privilege-105-cv-full-_JM;N/A;;"Renault Sandero Stepway 1,6 Privilege 105 Cv Full ";usd;Sí;free;false;N/A;N/A;http://perfil.mercadolibre.com.uy/RATUTI;active;N/A;N/A;Usado;Negro;N/A;Hidráulica;Delantera;N/A;N/A;Sí;N/A;N/A;N/A;N/A;N/A;N/A;N/A;N/A;N/A;N/A;N/A;N/A;N/A;N/A;N/A;N/A;N/A;N/A;N/A;N/A;N/A;N/A;"2590 mm";"1.6 L";"50 L";5;N/A;N/A;N/A;N/A;N/A;N/A;N/A;N/A;N/A;N/A;N/A;N/A;N/A;N/A;N/A;N/A;N/A;N/A;N/A;N/A;N/A;N/A;N/A;N/A;N/A;N/A;N/A;N/A;N/A;N/A;N/A;N/A;N/A;Sí;Sí;Sí;N/A;N/A;N/A;N/A;N/A;N/A;N/A;N/A;N/A;"1559 mm";"4066 mm";N/A;N/A;N/A;N/A;5;"105 hp";Privilege;N/A;4;"1761 mm";"9.3 km/l";Sí;N/A;N/A;N/A;N/A;N/A;Sí;N/A;N/A;N/A;"5.9 km/l";N/A;N/A;N/A;N/A;N/A;N/A;5;1.6;Nafta;Manual;Hatchback;"Autos y camionetas";N/A;N/A;N/A;N/A;N/A;N/A;UY;N/A;N/A;N/A;N/A;N/A;N/A;N/A;N/A;N/A;N/A;N/A;N/A;N/A;N/A;N/A;N/A;N/A;N/A;N/A;N/A;N/A;N/A;N/A;N/A;N/A;N/A;N/A;N/A;N/A;N/A;N/A;N/A;N/A;N/A;N/A;N/A;N/A;N/A;N/A;N/A;N/A;N/A;N/A;N/A;N/A;N/A;N/A;N/A;N/A;N/A;N/A;N/A;N/A;N/A;N/A;N/A;N/A;N/A;N/A;N/A;N/A;N/A;N/A;N/A;N/A;N/A;N/A;N/A;N/A;N/A;N/A;N/A;N/A;N/A;N/A;N/A;N/A;N/A;N/A;N/A;N/A;N/A;N/A;N/A;N/A;N/A;N/A;N/A;N/A;N/A;N/A;N/A;N/A;N/A;N/A;N/A;N/A;N/A;N/A;N/A;N/A;N/A;N/A;N/A;N/A;N/A;N/A;N/A;N/A;N/A;N/A;N/A;N/A;N/A;N/A
Renault;R19;"1.6 Rl Dh Aa";1997;"200000 km";;EDUARDOMARCAE;4000;;;;;"La Floresta";https://auto.mercadolibre.com.uy/MLU-706220268-renault-19-rn-del-97-_JM;N/A;;"Renault 19 Rn, Del 97";usd;No;free;false;N/A;N/A;http://perfil.mercadolibre.com.uy/EDUARDOMARCAE;active;N/A;N/A;Usado;Plateado;No;Hidráulica;Delantera;Sí;N/A;N/A;N/A;N/A;N/A;N/A;N/A;No;N/A;N/A;N/A;Sí;N/A;N/A;N/A;N/A;N/A;N/A;N/A;N/A;N/A;N/A;N/A;N/A;"2544 mm";"1.6 L";"55 L";5;N/A;N/A;N/A;N/A;N/A;N/A;N/A;N/A;N/A;N/A;N/A;N/A;N/A;N/A;N/A;N/A;N/A;N/A;N/A;N/A;N/A;N/A;N/A;N/A;N/A;N/A;N/A;N/A;N/A;N/A;N/A;N/A;N/A;N/A;N/A;N/A;N/A;N/A;N/A;N/A;N/A;N/A;N/A;N/A;N/A;"1420 mm";"4260 mm";N/A;N/A;N/A;N/A;5;"65 hp";Rl;N/A;2;"1690 mm";"9.3 km/l";N/A;N/A;N/A;N/A;N/A;Sí;N/A;N/A;N/A;N/A;"7 km/l";N/A;N/A;N/A;N/A;N/A;N/A;4;1.6;Nafta;Manual;Sedán;"Autos y camionetas";N/A;N/A;N/A;N/A;N/A;N/A;UY;N/A;Sí;N/A;N/A;N/A;N/A;N/A;N/A;N/A;N/A;N/A;N/A;N/A;N/A;N/A;N/A;N/A;N/A;N/A;N/A;N/A;N/A;N/A;N/A;N/A;N/A;N/A;N/A;N/A;N/A;N/A;N/A;N/A;N/A;N/A;N/A;N/A;N/A;N/A;N/A;N/A;N/A;N/A;N/A;N/A;N/A;N/A;N/A;N/A;N/A;N/A;N/A;N/A;N/A;N/A;Sí;N/A;N/A;N/A;N/A;N/A;N/A;N/A;N/A;N/A;N/A;N/A;N/A;N/A;N/A;N/A;N/A;N/A;N/A;N/A;N/A;N/A;N/A;N/A;N/A;N/A;N/A;N/A;N/A;N/A;N/A;N/A;N/A;N/A;N/A;N/A;N/A;N/A;N/A;N/A;N/A;N/A;N/A;N/A;N/A;N/A;N/A;N/A;N/A;N/A;N/A;N/A;N/A;N/A;N/A;N/A;N/A;N/A;N/A;N/A
Renault;Kwid;"1.0 Sce 66cv Zen";2018;"56000 km";;GVI2300665;11500;;;;;"Chamizo Chico";https://auto.mercadolibre.com.uy/MLU-704019404-renault-kwid-10-sce-66cv-zen-_JM;N/A;;"Renault Kwid 1.0 Sce 66cv Zen";usd;Sí;free;false;N/A;N/A;http://perfil.mercadolibre.com.uy/GVI2300665;active;N/A;N/A;Usado;Rojo;Sí;Hidráulica;Delantera;Sí;Sí;Sí;N/A;N/A;N/A;N/A;N/A;N/A;N/A;N/A;N/A;Sí;N/A;Sí;N/A;N/A;N/A;N/A;N/A;N/A;N/A;N/A;N/A;N/A;"2423 mm";"1 L";"50 L";5;N/A;N/A;N/A;N/A;N/A;N/A;N/A;N/A;N/A;N/A;N/A;N/A;N/A;N/A;N/A;N/A;N/A;N/A;N/A;N/A;N/A;N/A;N/A;N/A;N/A;N/A;N/A;N/A;N/A;N/A;N/A;N/A;N/A;N/A;N/A;N/A;N/A;N/A;N/A;N/A;N/A;N/A;N/A;N/A;N/A;"1474 mm";"3680 mm";N/A;N/A;N/A;N/A;5;"66 hp";Zen;N/A;4;"1752 mm";N/A;N/A;N/A;N/A;N/A;N/A;N/A;N/A;N/A;N/A;N/A;N/A;N/A;N/A;N/A;N/A;N/A;N/A;5;1.0;Nafta;Manual;Hatchback;"Autos y camionetas";N/A;N/A;N/A;N/A;N/A;N/A;UY;N/A;No;N/A;N/A;N/A;N/A;N/A;N/A;N/A;N/A;N/A;N/A;N/A;N/A;N/A;N/A;N/A;N/A;N/A;N/A;N/A;N/A;N/A;N/A;N/A;N/A;N/A;N/A;N/A;N/A;N/A;N/A;N/A;N/A;N/A;N/A;N/A;N/A;N/A;N/A;N/A;N/A;N/A;N/A;N/A;N/A;N/A;N/A;N/A;N/A;N/A;N/A;N/A;N/A;N/A;N/A;N/A;N/A;N/A;N/A;N/A;N/A;N/A;N/A;N/A;N/A;N/A;N/A;N/A;N/A;N/A;N/A;N/A;N/A;N/A;N/A;N/A;N/A;N/A;N/A;N/A;N/A;N/A;N/A;N/A;N/A;N/A;N/A;N/A;Sí;N/A;N/A;N/A;N/A;N/A;N/A;N/A;N/A;Sí;N/A;N/A;N/A;N/A;N/A;N/A;N/A;N/A;Sí;Sí;Sí;N/A;N/A;N/A;N/A;Sí
Renault;Kwid;"1.0 Sce 66cv Intense";2018;"100000 km";;GROENURUGUAY;10990;;;;;"El Pinar";https://auto.mercadolibre.com.uy/MLU-703959058-renault-kwid-10-sce-66cv-intense-_JM;N/A;;"Renault Kwid 1.0 Sce 66cv Intense";usd;Sí;free;false;N/A;N/A;http://perfil.mercadolibre.com.uy/GROENURUGUAY;active;N/A;N/A;Usado;Rojo;Sí;Hidráulica;Delantera;Sí;Sí;Sí;N/A;N/A;N/A;N/A;N/A;No;N/A;N/A;No;Sí;N/A;No;N/A;N/A;N/A;N/A;N/A;N/A;N/A;N/A;N/A;N/A;"2423 mm";"1 L";"50 L";5;N/A;N/A;N/A;N/A;N/A;No;N/A;N/A;N/A;N/A;N/A;N/A;N/A;N/A;N/A;N/A;N/A;N/A;N/A;N/A;N/A;N/A;N/A;N/A;N/A;N/A;N/A;N/A;N/A;No;N/A;N/A;N/A;N/A;N/A;N/A;N/A;N/A;N/A;N/A;N/A;N/A;N/A;N/A;N/A;"1474 mm";"3680 mm";N/A;N/A;N/A;N/A;5;"66 hp";Intense;N/A;4;"1752 mm";N/A;No;N/A;No;No;N/A;Sí;Sí;N/A;No;N/A;N/A;N/A;N/A;N/A;N/A;Sí;N/A;5;1.0;Nafta;Manual;Hatchback;"Autos y camionetas";No;N/A;N/A;N/A;N/A;N/A;UY;N/A;Sí;N/A;N/A;N/A;N/A;N/A;N/A;N/A;N/A;N/A;N/A;N/A;N/A;N/A;N/A;N/A;No;N/A;N/A;N/A;N/A;N/A;N/A;N/A;N/A;N/A;N/A;N/A;N/A;N/A;N/A;N/A;N/A;N/A;N/A;No;N/A;N/A;N/A;N/A;N/A;N/A;N/A;N/A;N/A;N/A;N/A;N/A;N/A;N/A;N/A;N/A;N/A;No;Sí;N/A;N/A;N/A;N/A;N/A;N/A;N/A;N/A;N/A;N/A;N/A;N/A;N/A;N/A;N/A;N/A;N/A;N/A;N/A;N/A;N/A;N/A;N/A;N/A;N/A;N/A;N/A;N/A;N/A;N/A;N/A;N/A;No;Sí;No;No;N/A;Sí;N/A;N/A;N/A;N/A;Sí;No;Sí;Sí;N/A;N/A;N/A;No;Sí;Sí;Sí;Sí;No;No;No;N/A;Sí
Renault;Kwid;"1.0 Sce 66cv Intense";2021;"46500 km";;FAMA2979613;11980;;;;;Cordón;https://auto.mercadolibre.com.uy/MLU-704243864-renault-kwid-2021-10-sce-66cv-intense-_JM;N/A;;"Renault Kwid 2021 1.0 Sce 66cv Intense";usd;Sí;free;false;N/A;N/A;http://perfil.mercadolibre.com.uy/FAMA2979613;active;N/A;N/A;Usado;N/A;N/A;N/A;Delantera;N/A;N/A;Sí;N/A;N/A;N/A;N/A;N/A;N/A;N/A;N/A;N/A;N/A;N/A;N/A;N/A;N/A;N/A;N/A;N/A;N/A;N/A;N/A;N/A;N/A;"2423 mm";"1 L";"50 L";5;N/A;N/A;N/A;N/A;N/A;N/A;N/A;N/A;N/A;N/A;N/A;N/A;N/A;N/A;N/A;N/A;N/A;N/A;N/A;N/A;N/A;N/A;N/A;N/A;N/A;N/A;N/A;N/A;N/A;N/A;N/A;N/A;N/A;N/A;N/A;N/A;N/A;N/A;N/A;N/A;N/A;N/A;N/A;N/A;N/A;"1474 mm";"3680 mm";N/A;N/A;N/A;N/A;5;"66 hp";Intense;N/A;4;"1752 mm";N/A;N/A;N/A;N/A;N/A;N/A;N/A;N/A;N/A;N/A;N/A;N/A;N/A;N/A;N/A;N/A;N/A;N/A;5;1.0;Nafta;Manual;Hatchback;"Autos y camionetas";N/A;N/A;N/A;N/A;N/A;N/A;UY;N/A;N/A;N/A;N/A;N/A;N/A;N/A;N/A;N/A;N/A;N/A;N/A;N/A;N/A;N/A;N/A;N/A;N/A;N/A;N/A;N/A;N/A;N/A;N/A;N/A;N/A;N/A;N/A;N/A;N/A;N/A;N/A;N/A;N/A;N/A;N/A;N/A;N/A;N/A;N/A;N/A;N/A;N/A;N/A;N/A;N/A;N/A;N/A;N/A;N/A;N/A;N/A;N/A;N/A;N/A;N/A;N/A;N/A;N/A;N/A;N/A;N/A;N/A;N/A;N/A;N/A;N/A;N/A;N/A;N/A;N/A;N/A;N/A;N/A;N/A;N/A;N/A;N/A;N/A;N/A;N/A;N/A;N/A;N/A;N/A;N/A;N/A;N/A;N/A;N/A;N/A;N/A;N/A;N/A;N/A;N/A;N/A;N/A;N/A;N/A;N/A;N/A;N/A;N/A;N/A;N/A;N/A;N/A;N/A;N/A;N/A;N/A;N/A;N/A;N/A
Renault;"Mégane III";1.6;2015;"236000 km";;FLP12371;11500;;;;;Abayubá;https://auto.mercadolibre.com.uy/MLU-647212051-renault-megane-iii-ano-2015-motor-16-_JM;N/A;;"Renault Megane Iii Año 2015 Motor 1.6";USD;Sí;free;false;N/A;N/A;http://perfil.mercadolibre.com.uy/FLP12371;active;N/A;N/A;Usado;Azul;Sí;N/A;N/A;Sí;Sí;N/A;N/A;N/A;N/A;N/A;N/A;N/A;N/A;N/A;N/A;Sí;N/A;N/A;N/A;N/A;N/A;N/A;N/A;N/A;N/A;N/A;N/A;N/A;N/A;N/A;N/A;N/A;N/A;N/A;N/A;N/A;N/A;Sí;N/A;N/A;N/A;N/A;N/A;N/A;N/A;N/A;N/A;N/A;N/A;N/A;N/A;N/A;N/A;N/A;N/A;N/A;N/A;N/A;N/A;N/A;N/A;N/A;N/A;N/A;N/A;N/A;N/A;N/A;N/A;N/A;N/A;N/A;N/A;N/A;N/A;N/A;N/A;N/A;N/A;N/A;N/A;N/A;N/A;N/A;N/A;N/A;N/A;N/A;N/A;N/A;N/A;N/A;N/A;Sí;N/A;Sí;Sí;N/A;N/A;N/A;N/A;N/A;N/A;N/A;N/A;N/A;N/A;5;1.6;Nafta;Manual;N/A;"Autos y camionetas";N/A;N/A;N/A;N/A;N/A;N/A;N/A;N/A;N/A;N/A;N/A;N/A;N/A;N/A;N/A;N/A;N/A;N/A;N/A;N/A;N/A;N/A;N/A;N/A;N/A;N/A;N/A;N/A;N/A;N/A;N/A;N/A;N/A;N/A;N/A;N/A;N/A;N/A;N/A;N/A;N/A;N/A;N/A;N/A;N/A;N/A;N/A;N/A;N/A;N/A;N/A;N/A;N/A;N/A;N/A;N/A;N/A;N/A;N/A;N/A;N/A;N/A;Sí;N/A;N/A;N/A;N/A;N/A;N/A;N/A;N/A;N/A;N/A;N/A;N/A;N/A;N/A;N/A;N/A;N/A;N/A;N/A;N/A;N/A;N/A;N/A;N/A;N/A;N/A;N/A;N/A;N/A;N/A;N/A;N/A;N/A;N/A;N/A;Sí;N/A;N/A;N/A;N/A;N/A;N/A;Sí;N/A;Sí;N/A;N/A;N/A;N/A;Sí;N/A;Sí;Sí;Sí;Sí;N/A;Sí;N/A;Sí
Renault;Captur;"grand captur Intense 2.0 automatica";2019;"94000 km";;BEAL188247;18800;;;;;Carrasco;https://auto.mercadolibre.com.uy/MLU-705252348-renault-grand-captur-intense-20-automatica-nueva-_JM;N/A;;"Renault Grand Captur Intense 2.0 Automática Nueva";USD;Sí;free;false;N/A;N/A;http://perfil.mercadolibre.com.uy/BEAL188247;active;N/A;N/A;Usado;Rojo;N/A;Asistida;4x2;Sí;Sí;N/A;N/A;N/A;Sí;N/A;N/A;Sí;N/A;N/A;N/A;Sí;N/A;Sí;N/A;N/A;N/A;N/A;N/A;N/A;N/A;N/A;N/A;N/A;N/A;N/A;N/A;N/A;N/A;N/A;N/A;N/A;N/A;Sí;N/A;N/A;N/A;N/A;N/A;N/A;N/A;N/A;N/A;N/A;N/A;N/A;N/A;N/A;N/A;N/A;N/A;N/A;N/A;N/A;N/A;N/A;N/A;Sí;N/A;N/A;N/A;N/A;N/A;N/A;N/A;N/A;N/A;N/A;N/A;N/A;N/A;N/A;N/A;N/A;N/A;N/A;N/A;N/A;N/A;N/A;N/A;N/A;N/A;N/A;N/A;N/A;Sí;N/A;Sí;Sí;N/A;Sí;Sí;N/A;N/A;N/A;N/A;N/A;N/A;N/A;N/A;N/A;N/A;5;2.0;Nafta;Automática;Monovolumen;"Autos y camionetas";N/A;N/A;N/A;N/A;N/A;N/A;N/A;N/A;N/A;N/A;N/A;N/A;N/A;N/A;N/A;N/A;N/A;N/A;N/A;N/A;N/A;N/A;N/A;N/A;Sí;N/A;N/A;N/A;N/A;N/A;N/A;N/A;N/A;N/A;N/A;N/A;N/A;N/A;N/A;N/A;N/A;N/A;N/A;N/A;N/A;N/A;N/A;N/A;N/A;N/A;N/A;N/A;N/A;N/A;N/A;N/A;N/A;N/A;N/A;N/A;N/A;N/A;N/A;N/A;N/A;N/A;N/A;N/A;N/A;N/A;N/A;N/A;N/A;N/A;N/A;N/A;N/A;N/A;N/A;N/A;N/A;N/A;N/A;N/A;N/A;N/A;N/A;N/A;N/A;N/A;N/A;N/A;N/A;N/A;N/A;No;N/A;N/A;Sí;N/A;N/A;N/A;N/A;N/A;N/A;Sí;N/A;Sí;Sí;N/A;N/A;N/A;Sí;Sí;Sí;Sí;Sí;Sí;N/A;Sí;N/A;Sí
Renault;Kwid;"1.0 Sce 66cv Intense";2019;"85000 km";;RODOLFORAMA;11500;;;;;"Malvin Norte";https://auto.mercadolibre.com.uy/MLU-704152356-renault-kwid-10-sce-66cv-intense-_JM;N/A;;"Renault Kwid 1.0 Sce 66cv Intense";usd;Sí;free;false;N/A;N/A;http://perfil.mercadolibre.com.uy/RODOLFORAMA;active;N/A;N/A;Usado;Naranja;Sí;Hidráulica;Delantera;Sí;Sí;Sí;N/A;N/A;N/A;N/A;N/A;No;N/A;N/A;N/A;Sí;N/A;No;N/A;N/A;N/A;N/A;N/A;N/A;N/A;N/A;N/A;N/A;"2423 mm";"1 L";"50 L";5;N/A;N/A;N/A;N/A;N/A;No;N/A;N/A;N/A;N/A;N/A;N/A;N/A;N/A;N/A;N/A;N/A;N/A;N/A;N/A;N/A;N/A;N/A;N/A;N/A;N/A;N/A;N/A;N/A;N/A;N/A;N/A;N/A;N/A;N/A;N/A;N/A;N/A;N/A;N/A;N/A;N/A;N/A;N/A;N/A;"1474 mm";"3680 mm";N/A;N/A;N/A;N/A;5;"66 hp";Intense;N/A;4;"1752 mm";N/A;No;N/A;No;Sí;N/A;Sí;Sí;N/A;N/A;N/A;N/A;No;N/A;N/A;N/A;Sí;N/A;5;1.0;Nafta;Manual;Hatchback;"Autos y camionetas";N/A;N/A;N/A;N/A;N/A;N/A;UY;N/A;N/A;N/A;N/A;N/A;N/A;N/A;N/A;N/A;N/A;N/A;N/A;N/A;N/A;N/A;N/A;N/A;No;N/A;N/A;N/A;N/A;N/A;N/A;N/A;N/A;N/A;N/A;N/A;N/A;N/A;N/A;N/A;N/A;N/A;N/A;N/A;N/A;N/A;N/A;N/A;N/A;N/A;N/A;N/A;N/A;N/A;N/A;N/A;N/A;N/A;N/A;N/A;N/A;N/A;N/A;N/A;N/A;N/A;N/A;N/A;N/A;N/A;N/A;N/A;N/A;N/A;N/A;N/A;N/A;N/A;N/A;N/A;N/A;N/A;N/A;N/A;N/A;N/A;N/A;N/A;N/A;N/A;N/A;N/A;N/A;N/A;N/A;Sí;Sí;Sí;N/A;N/A;Sí;N/A;N/A;N/A;N/A;Sí;No;Sí;Sí;N/A;N/A;N/A;No;Sí;Sí;Sí;Sí;No;No;Sí;N/A;Sí
Renault;"Sandero Stepway";"1.6 Confort 105cv";2014;"150000 km";;BRUNO.NOBLE;11700;;;;;Prado;https://auto.mercadolibre.com.uy/MLU-706180156-renault-sandero-stepway-2014-_JM;N/A;;"Renault Sandero Stepway 2014";usd;Sí;free;false;N/A;N/A;http://perfil.mercadolibre.com.uy/BRUNO.NOBLE;active;N/A;N/A;Usado;Blanco;N/A;Hidráulica;Delantera;N/A;N/A;N/A;N/A;N/A;N/A;N/A;N/A;N/A;N/A;N/A;N/A;N/A;N/A;N/A;N/A;N/A;N/A;N/A;N/A;N/A;N/A;N/A;N/A;N/A;"2588 mm";"1.6 L";"50 L";5;N/A;N/A;N/A;N/A;N/A;N/A;N/A;N/A;N/A;N/A;N/A;N/A;N/A;N/A;N/A;N/A;N/A;N/A;N/A;N/A;N/A;N/A;N/A;N/A;N/A;N/A;N/A;N/A;N/A;N/A;N/A;N/A;N/A;Sí;N/A;N/A;N/A;N/A;N/A;N/A;N/A;N/A;N/A;N/A;N/A;"1630 mm";"4091 mm";N/A;N/A;N/A;N/A;5;"105 hp";Confort;N/A;4;"1751 mm";"9.3 km/l";N/A;N/A;N/A;Sí;N/A;N/A;Sí;N/A;N/A;N/A;"5.9 km/l";N/A;N/A;N/A;N/A;N/A;N/A;5;1.6;Nafta;Manual;Hatchback;"Autos y camionetas";N/A;N/A;N/A;N/A;N/A;N/A;UY;N/A;N/A;N/A;N/A;N/A;N/A;N/A;N/A;N/A;N/A;N/A;N/A;N/A;N/A;N/A;N/A;N/A;N/A;N/A;N/A;N/A;N/A;N/A;N/A;N/A;N/A;N/A;N/A;N/A;N/A;N/A;N/A;N/A;N/A;N/A;N/A;N/A;N/A;N/A;N/A;N/A;N/A;N/A;N/A;N/A;N/A;N/A;N/A;N/A;N/A;N/A;N/A;N/A;N/A;N/A;N/A;N/A;N/A;N/A;N/A;N/A;N/A;N/A;N/A;N/A;N/A;N/A;N/A;N/A;N/A;N/A;N/A;N/A;N/A;N/A;N/A;N/A;N/A;N/A;N/A;N/A;N/A;N/A;N/A;N/A;N/A;N/A;N/A;N/A;N/A;N/A;N/A;N/A;N/A;N/A;N/A;N/A;N/A;N/A;N/A;N/A;N/A;N/A;N/A;N/A;Sí;N/A;N/A;N/A;N/A;N/A;N/A;Sí;N/A;N/A
Renault;Kwid;"1.0 Sce 66cv Zen";2019;"56500 km";;ZAVA6304076;11200;;;;;Young;https://auto.mercadolibre.com.uy/MLU-705210174-renault-kwid-10-sce-66cv-zen-_JM;N/A;;"Renault Kwid 1.0 Sce 66cv Zen";usd;Sí;free;false;N/A;N/A;http://perfil.mercadolibre.com.uy/ZAVA6304076;active;N/A;N/A;Usado;Rojo;N/A;Hidráulica;Delantera;N/A;N/A;Sí;N/A;N/A;N/A;N/A;N/A;N/A;N/A;N/A;N/A;N/A;N/A;N/A;N/A;N/A;N/A;N/A;N/A;N/A;N/A;N/A;N/A;N/A;"2423 mm";"1 L";"50 L";5;N/A;N/A;N/A;N/A;N/A;N/A;N/A;N/A;N/A;N/A;N/A;N/A;N/A;N/A;N/A;N/A;N/A;N/A;N/A;N/A;N/A;N/A;N/A;N/A;N/A;N/A;N/A;N/A;N/A;N/A;N/A;N/A;N/A;N/A;N/A;N/A;N/A;N/A;N/A;N/A;N/A;N/A;N/A;N/A;N/A;"1474 mm";"3680 mm";N/A;N/A;N/A;N/A;5;"66 hp";Zen;N/A;4;"1752 mm";N/A;N/A;N/A;N/A;N/A;N/A;N/A;N/A;N/A;N/A;N/A;N/A;N/A;N/A;N/A;N/A;N/A;N/A;5;1.0;Nafta;Manual;Hatchback;"Autos y camionetas";N/A;N/A;N/A;N/A;N/A;N/A;UY;N/A;N/A;N/A;N/A;N/A;N/A;N/A;N/A;N/A;N/A;N/A;N/A;N/A;N/A;N/A;N/A;N/A;N/A;N/A;N/A;N/A;N/A;N/A;N/A;N/A;N/A;N/A;N/A;N/A;N/A;N/A;N/A;N/A;N/A;N/A;N/A;N/A;N/A;N/A;N/A;N/A;N/A;N/A;N/A;N/A;N/A;N/A;N/A;N/A;N/A;N/A;N/A;N/A;N/A;N/A;N/A;N/A;N/A;N/A;N/A;N/A;N/A;N/A;N/A;N/A;N/A;N/A;N/A;N/A;N/A;N/A;N/A;N/A;N/A;N/A;N/A;N/A;N/A;N/A;N/A;N/A;N/A;N/A;N/A;N/A;N/A;N/A;N/A;N/A;N/A;N/A;N/A;N/A;N/A;N/A;N/A;N/A;N/A;N/A;N/A;N/A;N/A;N/A;N/A;N/A;N/A;N/A;N/A;N/A;N/A;N/A;N/A;N/A;N/A;N/A
Renault;Fluence;"2.0 Privilege Cvt";2011;"204000 km";;LEONARLOP789;10900;;;;;Pando;https://auto.mercadolibre.com.uy/MLU-702792968-renault-fluence-20-privilege-cvt-_JM;N/A;;"Renault Fluence 2.0 Privilege Cvt";usd;Sí;free;false;N/A;N/A;http://perfil.mercadolibre.com.uy/LEONARLOP789;active;N/A;N/A;Usado;Gris;N/A;Eléctrica;Delantera;Sí;Sí;Sí;N/A;N/A;Sí;N/A;N/A;Sí;N/A;N/A;N/A;Sí;N/A;Sí;N/A;N/A;N/A;N/A;N/A;N/A;N/A;N/A;N/A;N/A;"2700 mm";"2 L";"60 L";6;N/A;N/A;N/A;N/A;N/A;Sí;N/A;N/A;N/A;Sí;N/A;N/A;N/A;N/A;N/A;N/A;N/A;N/A;N/A;N/A;N/A;N/A;N/A;N/A;N/A;N/A;N/A;N/A;N/A;N/A;N/A;N/A;N/A;Sí;Sí;Sí;N/A;N/A;N/A;N/A;N/A;N/A;N/A;N/A;N/A;"1479 mm";"4618 mm";N/A;N/A;N/A;N/A;5;"143 hp";Privilege;N/A;4;"1810 mm";"11 km/l";Sí;N/A;Sí;Sí;N/A;Sí;Sí;N/A;Sí;N/A;"6.2 km/l";N/A;N/A;N/A;N/A;N/A;"Todos los días";4;2.0;Nafta;Automática;Sedán;"Autos y camionetas";N/A;N/A;N/A;N/A;N/A;N/A;UY;N/A;N/A;N/A;N/A;N/A;N/A;N/A;N/A;N/A;N/A;N/A;N/A;N/A;N/A;N/A;N/A;N/A;N/A;N/A;N/A;N/A;N/A;N/A;N/A;N/A;N/A;N/A;N/A;N/A;N/A;N/A;N/A;N/A;N/A;N/A;N/A;N/A;N/A;N/A;N/A;N/A;N/A;N/A;N/A;N/A;N/A;N/A;N/A;N/A;N/A;N/A;N/A;N/A;N/A;N/A;N/A;N/A;N/A;N/A;N/A;N/A;N/A;N/A;N/A;N/A;N/A;N/A;N/A;N/A;N/A;N/A;N/A;N/A;N/A;N/A;N/A;N/A;N/A;N/A;N/A;N/A;N/A;N/A;N/A;N/A;N/A;N/A;N/A;N/A;Sí;N/A;Sí;N/A;N/A;N/A;N/A;N/A;N/A;Sí;Sí;Sí;Sí;N/A;N/A;Sí;Sí;Sí;Sí;Sí;Sí;Sí;N/A;Sí;N/A;Sí
Renault;Kwid;"1.0 Sce 66cv Intense";2020;"27000 km";;ROSAFLEC;13500;;;;;"Las Acacias";https://auto.mercadolibre.com.uy/MLU-704772944-renault-kwid-2020-10-sce-66cv-intense-_JM;N/A;;"Renault Kwid 2020 1.0 Sce 66cv Intense";usd;Sí;free;false;N/A;N/A;http://perfil.mercadolibre.com.uy/ROSAFLEC;active;N/A;N/A;Usado;N/A;N/A;N/A;Delantera;N/A;N/A;Sí;N/A;N/A;N/A;N/A;N/A;N/A;N/A;N/A;N/A;N/A;N/A;N/A;N/A;N/A;N/A;N/A;N/A;N/A;N/A;N/A;N/A;N/A;"2423 mm";"1 L";"50 L";5;N/A;N/A;N/A;N/A;N/A;N/A;N/A;N/A;N/A;N/A;N/A;N/A;N/A;N/A;N/A;N/A;N/A;N/A;N/A;N/A;N/A;N/A;N/A;N/A;N/A;N/A;N/A;N/A;N/A;N/A;N/A;N/A;N/A;N/A;N/A;N/A;N/A;N/A;N/A;N/A;N/A;N/A;N/A;N/A;N/A;"1474 mm";"3680 mm";N/A;N/A;N/A;N/A;5;"66 hp";Intense;N/A;4;"1752 mm";N/A;N/A;N/A;N/A;N/A;N/A;N/A;N/A;N/A;N/A;N/A;N/A;N/A;N/A;N/A;N/A;N/A;N/A;5;1.0;Nafta;Manual;Hatchback;"Autos y camionetas";N/A;N/A;N/A;N/A;N/A;N/A;UY;N/A;N/A;N/A;N/A;N/A;N/A;N/A;N/A;N/A;N/A;N/A;N/A;N/A;N/A;N/A;N/A;N/A;N/A;N/A;N/A;N/A;N/A;N/A;N/A;N/A;N/A;N/A;N/A;N/A;N/A;N/A;N/A;N/A;N/A;N/A;N/A;N/A;N/A;N/A;N/A;N/A;N/A;N/A;N/A;N/A;N/A;N/A;N/A;N/A;N/A;N/A;N/A;N/A;N/A;N/A;N/A;N/A;N/A;N/A;N/A;N/A;N/A;N/A;N/A;N/A;N/A;N/A;N/A;N/A;N/A;N/A;N/A;N/A;N/A;N/A;N/A;N/A;N/A;N/A;N/A;N/A;N/A;N/A;N/A;N/A;N/A;N/A;N/A;N/A;N/A;N/A;N/A;N/A;N/A;N/A;N/A;N/A;N/A;N/A;N/A;N/A;N/A;N/A;N/A;N/A;N/A;N/A;N/A;N/A;N/A;N/A;N/A;N/A;N/A;N/A
Renault;"Sandero Stepway";"no se";2012;"228000 km";;AURTA;10500;;;;;Cerrito;https://auto.mercadolibre.com.uy/MLU-647350039-renault-sandero-stepway-privilage-_JM;N/A;;"Renault Sandero Stepway Privilage";USD;Sí;free;false;N/A;N/A;http://perfil.mercadolibre.com.uy/AURTA;active;N/A;N/A;Usado;Rojo;N/A;Hidráulica;Delantera;N/A;Sí;N/A;N/A;N/A;N/A;N/A;N/A;N/A;N/A;N/A;N/A;N/A;N/A;N/A;N/A;N/A;N/A;N/A;N/A;N/A;N/A;N/A;N/A;N/A;N/A;N/A;N/A;N/A;N/A;N/A;N/A;N/A;N/A;N/A;N/A;N/A;N/A;N/A;N/A;N/A;N/A;N/A;N/A;N/A;N/A;N/A;N/A;N/A;N/A;N/A;N/A;N/A;N/A;N/A;N/A;N/A;N/A;N/A;N/A;N/A;N/A;N/A;N/A;N/A;N/A;N/A;N/A;N/A;N/A;N/A;N/A;N/A;N/A;N/A;N/A;N/A;N/A;N/A;N/A;N/A;N/A;N/A;N/A;N/A;N/A;N/A;No;N/A;N/A;N/A;N/A;Sí;Sí;N/A;N/A;N/A;N/A;N/A;N/A;N/A;N/A;N/A;N/A;5;1,6;Nafta;Manual;Rural;"Autos y camionetas";N/A;N/A;N/A;N/A;N/A;N/A;N/A;N/A;N/A;N/A;N/A;N/A;N/A;N/A;N/A;N/A;N/A;N/A;N/A;N/A;N/A;N/A;N/A;N/A;N/A;N/A;N/A;N/A;N/A;N/A;N/A;N/A;N/A;N/A;N/A;N/A;N/A;N/A;N/A;N/A;N/A;N/A;N/A;N/A;N/A;N/A;N/A;N/A;N/A;N/A;N/A;N/A;N/A;N/A;N/A;N/A;N/A;N/A;N/A;N/A;N/A;N/A;N/A;N/A;N/A;N/A;N/A;N/A;N/A;N/A;N/A;N/A;N/A;N/A;N/A;N/A;N/A;N/A;N/A;N/A;N/A;N/A;N/A;N/A;N/A;N/A;N/A;N/A;N/A;N/A;N/A;N/A;N/A;N/A;N/A;N/A;Sí;Sí;N/A;N/A;Sí;N/A;N/A;N/A;N/A;Sí;N/A;N/A;Sí;N/A;N/A;N/A;N/A;N/A;N/A;N/A;N/A;N/A;Sí;N/A;N/A;Sí
Renault;Fluence;"2.0 Privilege Cvt";2011;"210000 km";;ARSA8063745;10000;;;;;"Malvin Norte";https://auto.mercadolibre.com.uy/MLU-703210718-renault-fluence-20-privilege-cvt-_JM;N/A;;"Renault Fluence 2.0 Privilege Cvt";usd;Sí;free;false;N/A;N/A;http://perfil.mercadolibre.com.uy/ARSA8063745;active;N/A;N/A;Usado;Blanco;No;Eléctrica;Delantera;Sí;Sí;Sí;N/A;N/A;Sí;N/A;N/A;Sí;N/A;N/A;Sí;Sí;N/A;Sí;N/A;N/A;N/A;N/A;N/A;N/A;N/A;N/A;N/A;N/A;"2700 mm";"2 L";"60 L";6;N/A;N/A;N/A;N/A;N/A;Sí;N/A;N/A;N/A;Sí;N/A;N/A;N/A;N/A;N/A;N/A;N/A;N/A;N/A;N/A;N/A;N/A;N/A;N/A;N/A;N/A;N/A;N/A;N/A;N/A;N/A;N/A;N/A;Sí;Sí;Sí;N/A;N/A;N/A;N/A;N/A;N/A;N/A;N/A;N/A;"1479 mm";"4618 mm";N/A;N/A;N/A;N/A;5;"143 hp";Privilege;N/A;4;"1810 mm";"11 km/l";Sí;N/A;Sí;Sí;N/A;Sí;Sí;N/A;Sí;N/A;"6.2 km/l";N/A;N/A;N/A;N/A;N/A;N/A;4;2.0;Nafta;Automática;Sedán;"Autos y camionetas";N/A;N/A;N/A;N/A;N/A;N/A;UY;N/A;Sí;N/A;N/A;N/A;N/A;N/A;N/A;N/A;N/A;N/A;N/A;N/A;N/A;N/A;N/A;N/A;N/A;N/A;N/A;N/A;N/A;N/A;N/A;N/A;N/A;N/A;N/A;N/A;N/A;N/A;N/A;N/A;N/A;N/A;N/A;N/A;N/A;N/A;N/A;N/A;N/A;N/A;N/A;N/A;N/A;N/A;N/A;N/A;N/A;N/A;N/A;N/A;N/A;N/A;N/A;N/A;N/A;N/A;N/A;N/A;N/A;N/A;N/A;N/A;N/A;N/A;N/A;N/A;N/A;N/A;N/A;N/A;N/A;N/A;N/A;N/A;N/A;N/A;N/A;N/A;N/A;N/A;N/A;N/A;N/A;N/A;N/A;N/A;Sí;Sí;Sí;N/A;Sí;N/A;N/A;N/A;N/A;Sí;Sí;Sí;Sí;N/A;N/A;Sí;Sí;Sí;Sí;Sí;Sí;Sí;N/A;Sí;N/A;Sí
Renault;Fluence;"2.0 Dynamique";2012;"180000 km";;"GRAMEN CESPED";12000;;;;;Neptunia;https://auto.mercadolibre.com.uy/MLU-705266854-renault-fluence-20-dynamique-_JM;N/A;;"Renault Fluence 2.0 Dynamique";usd;Sí;free;false;N/A;N/A;http://perfil.mercadolibre.com.uy/GRAMEN+CESPED;active;N/A;N/A;Usado;Gris;No;Eléctrica;Delantera;Sí;Sí;Sí;N/A;N/A;Sí;N/A;N/A;Sí;N/A;N/A;N/A;Sí;N/A;Sí;N/A;N/A;N/A;N/A;N/A;N/A;N/A;N/A;N/A;N/A;"2700 mm";"2 L";"60 L";6;N/A;N/A;N/A;N/A;N/A;Sí;N/A;N/A;N/A;Sí;N/A;N/A;N/A;N/A;N/A;N/A;N/A;N/A;N/A;N/A;N/A;N/A;N/A;N/A;N/A;N/A;N/A;N/A;N/A;N/A;N/A;N/A;N/A;Sí;Sí;N/A;N/A;N/A;N/A;N/A;N/A;N/A;N/A;N/A;N/A;"1479 mm";"4618 mm";N/A;N/A;N/A;N/A;5;"143 hp";Dynamique;N/A;4;"1810 mm";"11 km/l";N/A;N/A;N/A;Sí;N/A;Sí;Sí;N/A;Sí;N/A;"6.2 km/l";N/A;N/A;N/A;N/A;N/A;N/A;4;2.0;Nafta;Manual;Sedán;"Autos y camionetas";N/A;N/A;N/A;N/A;N/A;N/A;UY;N/A;N/A;N/A;N/A;N/A;N/A;N/A;N/A;N/A;N/A;N/A;N/A;N/A;N/A;N/A;N/A;N/A;Sí;N/A;N/A;N/A;N/A;N/A;N/A;N/A;N/A;N/A;N/A;N/A;N/A;N/A;N/A;N/A;N/A;N/A;N/A;N/A;N/A;N/A;N/A;N/A;N/A;N/A;N/A;N/A;N/A;N/A;N/A;N/A;N/A;N/A;N/A;N/A;N/A;N/A;N/A;N/A;N/A;N/A;N/A;N/A;N/A;N/A;N/A;N/A;N/A;N/A;N/A;N/A;N/A;N/A;N/A;N/A;N/A;N/A;N/A;N/A;N/A;N/A;N/A;N/A;N/A;N/A;N/A;N/A;N/A;N/A;N/A;N/A;Sí;Sí;Sí;N/A;Sí;N/A;N/A;N/A;N/A;Sí;Sí;N/A;Sí;N/A;N/A;N/A;Sí;Sí;Sí;Sí;N/A;N/A;N/A;N/A;N/A;N/A
Renault;Sandero;"2.0 Rs 145cv";2018;"47000 km";;RACER2995;18500;;;;;Peñarol;https://auto.mercadolibre.com.uy/MLU-704781482-renault-sandero-2018-20-rs-145cv-_JM;N/A;;"Renault Sandero 2018 2.0 Rs 145cv";usd;Sí;free;false;N/A;N/A;http://perfil.mercadolibre.com.uy/RACER2995;active;N/A;N/A;Usado;N/A;N/A;Hidráulica;Delantera;Sí;N/A;Sí;N/A;N/A;Sí;N/A;N/A;N/A;N/A;N/A;N/A;N/A;N/A;N/A;N/A;N/A;N/A;N/A;N/A;N/A;N/A;N/A;N/A;N/A;"2590 mm";"2 L";"50 L";5;N/A;N/A;N/A;N/A;N/A;N/A;N/A;N/A;N/A;N/A;N/A;N/A;N/A;N/A;N/A;N/A;N/A;N/A;N/A;N/A;N/A;N/A;N/A;N/A;N/A;N/A;N/A;N/A;N/A;N/A;N/A;N/A;N/A;N/A;N/A;N/A;N/A;N/A;N/A;N/A;N/A;N/A;N/A;N/A;N/A;"1536 mm";"4060 mm";N/A;N/A;N/A;N/A;5;"105 hp";Rs;N/A;4;"1733 mm";"9.5 km/l";Sí;N/A;N/A;N/A;N/A;N/A;N/A;N/A;N/A;N/A;"5.7 km/l";N/A;N/A;N/A;N/A;N/A;N/A;5;2.0;Nafta;Manual;Hatchback;"Autos y camionetas";N/A;N/A;N/A;N/A;N/A;N/A;UY;N/A;N/A;N/A;N/A;N/A;N/A;N/A;N/A;N/A;N/A;N/A;N/A;N/A;N/A;N/A;N/A;N/A;N/A;N/A;N/A;N/A;N/A;N/A;N/A;N/A;N/A;N/A;N/A;N/A;N/A;N/A;N/A;N/A;N/A;N/A;N/A;N/A;N/A;N/A;N/A;N/A;N/A;N/A;N/A;N/A;N/A;N/A;N/A;N/A;N/A;N/A;N/A;N/A;N/A;N/A;N/A;N/A;N/A;N/A;N/A;N/A;N/A;N/A;N/A;N/A;N/A;N/A;N/A;N/A;N/A;N/A;N/A;N/A;N/A;N/A;N/A;N/A;N/A;N/A;N/A;N/A;N/A;N/A;N/A;N/A;N/A;N/A;N/A;N/A;N/A;N/A;N/A;N/A;N/A;N/A;N/A;N/A;N/A;N/A;N/A;N/A;N/A;N/A;N/A;N/A;N/A;N/A;N/A;N/A;N/A;Sí;N/A;N/A;N/A;N/A
Renault;Fluence;"2.0 Privilege Cvt";2013;"128000 km";;GAAG2957380;13500;;;;;Totoral;https://auto.mercadolibre.com.uy/MLU-706065394-renault-fluence-20-privilege-cvt-_JM;N/A;;"Renault Fluence 2.0 Privilege Cvt";usd;Sí;free;false;N/A;N/A;http://perfil.mercadolibre.com.uy/GAAG2957380;active;N/A;N/A;Usado;Blanco;No;Eléctrica;Delantera;Sí;Sí;Sí;N/A;N/A;N/A;N/A;N/A;Sí;N/A;N/A;N/A;Sí;N/A;Sí;N/A;N/A;N/A;N/A;N/A;N/A;N/A;N/A;N/A;N/A;"2700 mm";"2 L";"60 L";6;N/A;N/A;N/A;N/A;N/A;Sí;N/A;N/A;N/A;Sí;N/A;N/A;N/A;N/A;N/A;N/A;N/A;N/A;N/A;N/A;N/A;N/A;N/A;N/A;N/A;N/A;N/A;N/A;N/A;No;N/A;N/A;N/A;Sí;Sí;Sí;N/A;N/A;N/A;N/A;N/A;N/A;N/A;N/A;N/A;"1479 mm";"4618 mm";N/A;N/A;N/A;N/A;5;"143 hp";Privilege;N/A;4;"1810 mm";"11 km/l";No;N/A;N/A;Sí;N/A;Sí;No;N/A;Sí;N/A;"6.2 km/l";N/A;Sí;N/A;N/A;Sí;24hs;4;2.0;Nafta;Automática;Sedán;"Autos y camionetas";N/A;N/A;N/A;N/A;N/A;N/A;UY;N/A;No;N/A;N/A;N/A;N/A;N/A;N/A;N/A;N/A;N/A;N/A;N/A;N/A;N/A;N/A;N/A;N/A;N/A;N/A;N/A;N/A;N/A;N/A;N/A;N/A;N/A;N/A;N/A;N/A;N/A;N/A;N/A;N/A;N/A;N/A;N/A;N/A;N/A;N/A;N/A;N/A;N/A;N/A;N/A;N/A;N/A;N/A;N/A;N/A;N/A;N/A;N/A;N/A;N/A;Sí;N/A;N/A;N/A;N/A;N/A;N/A;N/A;N/A;N/A;N/A;N/A;N/A;N/A;N/A;N/A;N/A;N/A;N/A;N/A;N/A;N/A;N/A;N/A;N/A;N/A;N/A;N/A;N/A;N/A;N/A;N/A;N/A;N/A;Sí;Sí;Sí;N/A;Sí;N/A;N/A;N/A;N/A;Sí;Sí;Sí;N/A;N/A;N/A;N/A;No;N/A;Sí;Sí;Sí;Sí;No;Sí;N/A;Sí
Renault;R19;"1.4 Energy";1994;"357000 km";;MARCELODARRIULAT;2800;;;;;"Las Piedras";https://auto.mercadolibre.com.uy/MLU-706163920-renault-19-_JM;N/A;;"Renault 19";USD;No;free;false;N/A;N/A;http://perfil.mercadolibre.com.uy/MARCELODARRIULAT;active;N/A;N/A;Usado;Gris;No;Mecánica;Delantera;No;No;N/A;N/A;N/A;No;N/A;N/A;N/A;N/A;N/A;No;No;N/A;No;N/A;N/A;N/A;N/A;N/A;N/A;N/A;N/A;N/A;N/A;N/A;N/A;N/A;N/A;N/A;N/A;N/A;N/A;N/A;No;N/A;N/A;N/A;N/A;N/A;N/A;N/A;N/A;N/A;N/A;N/A;N/A;N/A;N/A;N/A;N/A;N/A;N/A;N/A;N/A;N/A;N/A;N/A;N/A;N/A;N/A;N/A;N/A;N/A;N/A;N/A;N/A;N/A;N/A;N/A;N/A;N/A;N/A;N/A;N/A;N/A;N/A;N/A;N/A;N/A;N/A;N/A;N/A;N/A;N/A;N/A;N/A;No;N/A;No;No;N/A;No;No;N/A;N/A;N/A;N/A;No;N/A;N/A;N/A;N/A;N/A;4;1.4;Nafta;Manual;Sedán;"Autos y camionetas";N/A;N/A;N/A;N/A;N/A;N/A;N/A;N/A;N/A;N/A;N/A;N/A;N/A;N/A;N/A;N/A;N/A;N/A;N/A;N/A;N/A;N/A;N/A;N/A;No;N/A;N/A;N/A;N/A;N/A;N/A;N/A;N/A;N/A;N/A;N/A;N/A;N/A;N/A;N/A;N/A;N/A;N/A;N/A;N/A;N/A;N/A;N/A;N/A;N/A;N/A;N/A;N/A;N/A;N/A;N/A;N/A;N/A;N/A;N/A;N/A;N/A;N/A;N/A;N/A;N/A;N/A;N/A;N/A;N/A;N/A;N/A;N/A;N/A;N/A;N/A;N/A;N/A;N/A;N/A;N/A;N/A;N/A;N/A;N/A;N/A;N/A;N/A;N/A;N/A;N/A;N/A;N/A;N/A;N/A;No;No;No;N/A;N/A;No;N/A;N/A;N/A;N/A;No;No;No;Sí;N/A;N/A;No;No;No;N/A;N/A;N/A;N/A;N/A;N/A;N/A;N/A
Renault;Twingo;"1.2 Authentique";2001;"254000 km";;ROSTORTEROLO;5500;;;;;Lezica;https://auto.mercadolibre.com.uy/MLU-706163174-renault-twingo-12-authentique-_JM;N/A;;"Renault Twingo 1.2 Authentique";usd;No;free;false;N/A;N/A;http://perfil.mercadolibre.com.uy/ROSTORTEROLO;active;N/A;N/A;Usado;Azul;No;Hidráulica;Delantera;Sí;Sí;N/A;N/A;N/A;Sí;N/A;N/A;No;N/A;N/A;No;No;N/A;No;N/A;N/A;N/A;N/A;N/A;N/A;N/A;N/A;N/A;N/A;"2347 mm";"1.2 L";"40 L";5;N/A;N/A;N/A;N/A;N/A;No;N/A;N/A;N/A;N/A;N/A;N/A;N/A;N/A;N/A;N/A;N/A;N/A;N/A;N/A;N/A;N/A;N/A;N/A;N/A;N/A;N/A;N/A;N/A;No;N/A;N/A;N/A;N/A;N/A;N/A;N/A;N/A;N/A;N/A;N/A;N/A;N/A;N/A;N/A;"1423 mm";"3433 mm";N/A;N/A;N/A;N/A;4;"75 hp";Authentique;N/A;2;"1630 mm";"13.3 km/l";N/A;N/A;Sí;Sí;N/A;Sí;No;N/A;No;N/A;N/A;Sí;No;N/A;N/A;Sí;"Lunes a sábado de 10 a 18";3;1.2;Nafta;Manual;Hatchback;"Autos y camionetas";N/A;N/A;N/A;N/A;N/A;N/A;UY;N/A;N/A;N/A;N/A;N/A;N/A;N/A;N/A;N/A;N/A;N/A;N/A;N/A;N/A;N/A;N/A;N/A;Sí;N/A;N/A;N/A;N/A;N/A;N/A;N/A;N/A;N/A;N/A;N/A;N/A;N/A;N/A;N/A;N/A;N/A;N/A;N/A;N/A;N/A;N/A;N/A;N/A;N/A;N/A;N/A;N/A;N/A;N/A;N/A;N/A;N/A;N/A;N/A;N/A;N/A;N/A;N/A;N/A;N/A;N/A;N/A;N/A;N/A;N/A;N/A;N/A;N/A;N/A;N/A;N/A;N/A;N/A;N/A;N/A;N/A;N/A;N/A;N/A;N/A;N/A;N/A;N/A;N/A;N/A;N/A;N/A;N/A;N/A;No;Sí;Sí;Sí;N/A;No;N/A;N/A;N/A;N/A;No;No;Sí;Sí;N/A;N/A;Sí;No;Sí;Sí;Sí;Sí;Sí;No;Sí;N/A;Sí
Renault;Kwid;"1.0 Sce 66cv Intense";2019;"78000 km";;DEPI4840935;11500;;;;;"San José de Mayo";https://auto.mercadolibre.com.uy/MLU-706162052-renault-kwid-10-sce-66cv-intense-_JM;N/A;;"Renault Kwid 1.0 Sce 66cv Intense";usd;Sí;free;false;N/A;N/A;http://perfil.mercadolibre.com.uy/DEPI4840935;active;N/A;N/A;Usado;Amarillo;Sí;Hidráulica;Delantera;Sí;N/A;Sí;N/A;N/A;N/A;N/A;N/A;N/A;N/A;N/A;N/A;Sí;N/A;N/A;N/A;N/A;N/A;N/A;N/A;N/A;N/A;N/A;N/A;N/A;"2423 mm";"1 L";"50 L";5;N/A;N/A;N/A;N/A;N/A;N/A;N/A;N/A;N/A;N/A;N/A;N/A;N/A;N/A;N/A;N/A;N/A;N/A;N/A;N/A;N/A;N/A;N/A;N/A;N/A;N/A;N/A;N/A;N/A;N/A;N/A;N/A;N/A;N/A;N/A;N/A;N/A;N/A;N/A;N/A;N/A;N/A;N/A;N/A;N/A;"1474 mm";"3680 mm";N/A;N/A;N/A;N/A;5;"66 hp";Intense;N/A;4;"1752 mm";N/A;N/A;N/A;N/A;N/A;N/A;Sí;Sí;N/A;N/A;N/A;N/A;N/A;N/A;N/A;N/A;N/A;N/A;5;1.0;Nafta;Manual;Hatchback;"Autos y camionetas";N/A;N/A;N/A;N/A;N/A;N/A;UY;N/A;N/A;N/A;N/A;N/A;N/A;N/A;N/A;N/A;N/A;N/A;N/A;N/A;N/A;N/A;N/A;N/A;N/A;N/A;N/A;N/A;N/A;N/A;N/A;N/A;N/A;N/A;N/A;N/A;N/A;N/A;N/A;N/A;N/A;N/A;N/A;N/A;N/A;N/A;N/A;N/A;N/A;N/A;N/A;N/A;N/A;N/A;N/A;N/A;N/A;N/A;N/A;N/A;N/A;N/A;N/A;N/A;N/A;N/A;N/A;N/A;N/A;N/A;N/A;N/A;N/A;N/A;N/A;N/A;N/A;N/A;N/A;N/A;N/A;N/A;N/A;N/A;N/A;N/A;N/A;N/A;N/A;N/A;N/A;N/A;N/A;N/A;N/A;N/A;N/A;N/A;N/A;N/A;N/A;N/A;N/A;N/A;N/A;N/A;N/A;N/A;N/A;N/A;N/A;N/A;N/A;N/A;N/A;N/A;N/A;No;No;No;N/A;N/A
Renault;Sandero;"2.0 Rs 145cv";2018;"56614 km";;SIMA9565261;17500;;;;;"San Carlos";https://auto.mercadolibre.com.uy/MLU-705043744-renault-sandero-20-rs-145cv-_JM;N/A;;"Renault Sandero 2.0 Rs 145cv";usd;Sí;free;false;N/A;N/A;http://perfil.mercadolibre.com.uy/SIMA9565261;active;N/A;N/A;Usado;Gris;N/A;Hidráulica;Delantera;Sí;N/A;Sí;N/A;N/A;Sí;N/A;N/A;N/A;N/A;N/A;N/A;N/A;N/A;N/A;N/A;N/A;N/A;N/A;N/A;N/A;N/A;N/A;N/A;N/A;"2590 mm";"2 L";"50 L";5;N/A;N/A;N/A;N/A;N/A;N/A;N/A;N/A;N/A;N/A;N/A;N/A;N/A;N/A;N/A;N/A;N/A;N/A;N/A;N/A;N/A;N/A;N/A;N/A;N/A;N/A;N/A;N/A;N/A;N/A;N/A;N/A;N/A;N/A;N/A;N/A;N/A;N/A;N/A;N/A;N/A;N/A;N/A;N/A;N/A;"1536 mm";"4060 mm";N/A;N/A;N/A;N/A;5;"105 hp";Rs;N/A;4;"1733 mm";"9.5 km/l";Sí;N/A;N/A;N/A;N/A;N/A;N/A;N/A;N/A;N/A;"5.7 km/l";N/A;N/A;N/A;N/A;N/A;N/A;5;2.0;Nafta;Manual;Hatchback;"Autos y camionetas";N/A;N/A;N/A;N/A;N/A;N/A;UY;N/A;N/A;N/A;N/A;N/A;N/A;N/A;N/A;N/A;N/A;N/A;N/A;N/A;N/A;N/A;N/A;N/A;N/A;N/A;N/A;N/A;N/A;N/A;N/A;N/A;N/A;N/A;N/A;N/A;N/A;N/A;N/A;N/A;N/A;N/A;N/A;N/A;N/A;N/A;N/A;N/A;N/A;N/A;N/A;N/A;N/A;N/A;N/A;N/A;N/A;N/A;N/A;N/A;N/A;N/A;N/A;N/A;N/A;N/A;N/A;N/A;N/A;N/A;N/A;N/A;N/A;N/A;N/A;N/A;N/A;N/A;N/A;N/A;N/A;N/A;N/A;N/A;N/A;N/A;N/A;N/A;N/A;N/A;N/A;N/A;N/A;N/A;N/A;N/A;N/A;N/A;N/A;N/A;N/A;N/A;N/A;N/A;N/A;N/A;N/A;N/A;N/A;N/A;N/A;N/A;N/A;N/A;N/A;N/A;N/A;Sí;N/A;N/A;N/A;N/A
Renault;Kwid;"1.0 Sce 66cv Intense";2022;"19000 km";;EJHERNANDEZREYES;12950;;;;;"Parque del Plata";https://auto.mercadolibre.com.uy/MLU-704836540-renault-kwid-2022-10-sce-66cv-intense-_JM;N/A;;"Renault Kwid 2022 1.0 Sce 66cv Intense";usd;Sí;free;false;N/A;N/A;http://perfil.mercadolibre.com.uy/EJHERNANDEZREYES;active;N/A;N/A;Usado;N/A;N/A;N/A;Delantera;N/A;N/A;Sí;N/A;N/A;N/A;N/A;N/A;N/A;N/A;N/A;N/A;N/A;N/A;N/A;N/A;N/A;N/A;N/A;N/A;N/A;N/A;N/A;N/A;N/A;"2423 mm";"1 L";"50 L";5;N/A;N/A;N/A;N/A;N/A;N/A;N/A;N/A;N/A;N/A;N/A;N/A;N/A;N/A;N/A;N/A;N/A;N/A;N/A;N/A;N/A;N/A;N/A;N/A;N/A;N/A;N/A;N/A;N/A;N/A;N/A;N/A;N/A;N/A;N/A;N/A;N/A;N/A;N/A;N/A;N/A;N/A;N/A;N/A;N/A;"1474 mm";"3680 mm";N/A;N/A;N/A;N/A;5;"66 hp";Intense;N/A;4;"1752 mm";N/A;N/A;N/A;N/A;N/A;N/A;N/A;N/A;N/A;N/A;N/A;N/A;N/A;N/A;N/A;N/A;N/A;N/A;5;1.0;Nafta;Manual;Hatchback;"Autos y camionetas";N/A;N/A;N/A;N/A;N/A;N/A;UY;N/A;N/A;N/A;N/A;N/A;N/A;N/A;N/A;N/A;N/A;N/A;N/A;N/A;N/A;N/A;N/A;N/A;N/A;N/A;N/A;N/A;N/A;N/A;N/A;N/A;N/A;N/A;N/A;N/A;N/A;N/A;N/A;N/A;N/A;N/A;N/A;N/A;N/A;N/A;N/A;N/A;N/A;N/A;N/A;N/A;N/A;N/A;N/A;N/A;N/A;N/A;N/A;N/A;N/A;N/A;N/A;N/A;N/A;N/A;N/A;N/A;N/A;N/A;N/A;N/A;N/A;N/A;N/A;N/A;N/A;N/A;N/A;N/A;N/A;N/A;N/A;N/A;N/A;N/A;N/A;N/A;N/A;N/A;N/A;N/A;N/A;N/A;N/A;N/A;N/A;N/A;N/A;N/A;N/A;N/A;N/A;N/A;N/A;N/A;N/A;N/A;N/A;N/A;N/A;N/A;N/A;N/A;N/A;N/A;N/A;N/A;N/A;N/A;N/A;N/A
Renault;Kwid;"1.0 Sce 66cv Intense";2018;"126000 km";;RAMIRO_XDD;10490;;;;;Progreso;https://auto.mercadolibre.com.uy/MLU-647522661-renault-kwid-2018-10-sce-66cv-intense-_JM;N/A;;"Renault Kwid 2018 1.0 Sce 66cv Intense";usd;Sí;free;false;N/A;N/A;http://perfil.mercadolibre.com.uy/RAMIRO_XDD;active;N/A;N/A;Usado;N/A;N/A;Hidráulica;Delantera;N/A;N/A;Sí;N/A;N/A;N/A;N/A;N/A;N/A;N/A;N/A;N/A;N/A;N/A;N/A;N/A;N/A;N/A;N/A;N/A;N/A;N/A;N/A;N/A;N/A;"2423 mm";"1 L";"50 L";5;N/A;N/A;N/A;N/A;N/A;N/A;N/A;N/A;N/A;N/A;N/A;N/A;N/A;N/A;N/A;N/A;N/A;N/A;N/A;N/A;N/A;N/A;N/A;N/A;N/A;N/A;N/A;N/A;N/A;N/A;N/A;N/A;N/A;N/A;N/A;N/A;N/A;N/A;N/A;N/A;N/A;N/A;N/A;N/A;N/A;"1474 mm";"3680 mm";N/A;N/A;N/A;N/A;5;"66 hp";Intense;N/A;4;"1752 mm";N/A;N/A;N/A;N/A;N/A;N/A;N/A;N/A;N/A;N/A;N/A;N/A;N/A;N/A;N/A;N/A;N/A;N/A;5;1.0;Nafta;Manual;Hatchback;"Autos y camionetas";N/A;N/A;N/A;N/A;N/A;N/A;UY;N/A;N/A;N/A;N/A;N/A;N/A;N/A;N/A;N/A;N/A;N/A;N/A;N/A;N/A;N/A;N/A;N/A;N/A;N/A;N/A;N/A;N/A;N/A;N/A;N/A;N/A;N/A;N/A;N/A;N/A;N/A;N/A;N/A;N/A;N/A;N/A;N/A;N/A;N/A;N/A;N/A;N/A;N/A;N/A;N/A;N/A;N/A;N/A;N/A;N/A;N/A;N/A;N/A;N/A;N/A;N/A;N/A;N/A;N/A;N/A;N/A;N/A;N/A;N/A;N/A;N/A;N/A;N/A;N/A;N/A;N/A;N/A;N/A;N/A;N/A;N/A;N/A;N/A;N/A;N/A;N/A;N/A;N/A;N/A;N/A;N/A;N/A;N/A;N/A;N/A;N/A;N/A;N/A;N/A;N/A;N/A;N/A;N/A;N/A;N/A;N/A;N/A;N/A;N/A;N/A;N/A;N/A;N/A;N/A;N/A;N/A;N/A;N/A;N/A;N/A
Renault;Oroch;"1.6 Sce Zen 2Wd Mt";2023;"39000 km";;MOAL2510192;18800;;;;;Florida;https://auto.mercadolibre.com.uy/MLU-704192058-impecable-estado-2do-dueno-_JM;N/A;;"Impecable Estado 2do Dueño";usd;Sí;free;false;N/A;N/A;http://perfil.mercadolibre.com.uy/MOAL2510192;active;N/A;N/A;Usado;Gris;No;N/A;Delantera;Sí;N/A;N/A;N/A;N/A;N/A;N/A;N/A;N/A;N/A;N/A;N/A;Sí;N/A;No;N/A;N/A;N/A;N/A;N/A;N/A;N/A;N/A;N/A;N/A;"2890 mm";"1.6 L";"45 L";6;N/A;N/A;N/A;N/A;N/A;Sí;N/A;N/A;N/A;N/A;N/A;N/A;N/A;N/A;N/A;N/A;N/A;N/A;N/A;N/A;N/A;N/A;N/A;N/A;N/A;N/A;N/A;N/A;N/A;N/A;N/A;N/A;N/A;N/A;N/A;N/A;N/A;N/A;N/A;N/A;N/A;N/A;N/A;N/A;N/A;"1694 mm";"4700 mm";N/A;N/A;N/A;N/A;5;"118 hp";Zen;N/A;4;"1821 mm";N/A;No;N/A;N/A;Sí;N/A;Sí;Sí;N/A;N/A;N/A;N/A;N/A;N/A;N/A;N/A;N/A;N/A;4;1.6;Nafta;Manual;Pick-Up;"Autos y camionetas";N/A;N/A;N/A;N/A;N/A;N/A;UY;N/A;N/A;N/A;N/A;N/A;N/A;N/A;N/A;N/A;N/A;N/A;N/A;N/A;N/A;N/A;N/A;N/A;N/A;N/A;N/A;N/A;N/A;N/A;N/A;N/A;N/A;N/A;N/A;N/A;N/A;N/A;N/A;N/A;N/A;N/A;N/A;N/A;N/A;N/A;N/A;N/A;N/A;N/A;N/A;N/A;N/A;N/A;N/A;N/A;N/A;N/A;N/A;N/A;N/A;N/A;N/A;N/A;N/A;N/A;N/A;N/A;N/A;N/A;N/A;N/A;N/A;N/A;N/A;N/A;N/A;N/A;N/A;N/A;N/A;N/A;N/A;N/A;N/A;N/A;N/A;N/A;N/A;N/A;N/A;N/A;N/A;N/A;N/A;N/A;N/A;N/A;N/A;N/A;N/A;N/A;N/A;N/A;N/A;N/A;N/A;N/A;N/A;N/A;N/A;N/A;Sí;N/A;N/A;N/A;N/A;N/A;N/A;N/A;N/A;N/A
Renault;Kwid;"1.0 Sce 66cv Outsider";2021;"58400 km";;DANIELACOSTA667;13000;;;;;Maldonado;https://auto.mercadolibre.com.uy/MLU-703793010-renault-kwid-10-sce-66cv-outsider-_JM;N/A;;"Renault Kwid 1.0 Sce 66cv Outsider";usd;Sí;free;false;N/A;N/A;http://perfil.mercadolibre.com.uy/DANIELACOSTA667;active;N/A;N/A;Usado;Negro;Sí;Asistida;Delantera;Sí;Sí;Sí;N/A;N/A;N/A;N/A;N/A;N/A;N/A;N/A;Sí;Sí;N/A;Sí;N/A;N/A;N/A;N/A;N/A;N/A;N/A;N/A;N/A;N/A;"2423 mm";"1 L";"50 L";5;N/A;N/A;N/A;N/A;N/A;N/A;N/A;N/A;N/A;N/A;N/A;N/A;N/A;N/A;N/A;N/A;N/A;N/A;N/A;N/A;N/A;N/A;N/A;N/A;N/A;N/A;N/A;N/A;N/A;N/A;N/A;N/A;N/A;N/A;N/A;N/A;N/A;N/A;N/A;N/A;N/A;N/A;N/A;N/A;N/A;"1474 mm";"3680 mm";N/A;N/A;N/A;N/A;5;"66 hp";Outsider;N/A;4;"1752 mm";N/A;N/A;N/A;N/A;Sí;N/A;N/A;Sí;N/A;N/A;N/A;N/A;N/A;N/A;N/A;N/A;N/A;N/A;5;1.0;Nafta;Manual;Hatchback;"Autos y camionetas";N/A;N/A;N/A;N/A;N/A;N/A;UY;N/A;N/A;N/A;N/A;N/A;N/A;N/A;N/A;N/A;N/A;N/A;N/A;N/A;N/A;N/A;N/A;N/A;Sí;N/A;N/A;N/A;N/A;N/A;N/A;N/A;N/A;N/A;N/A;N/A;N/A;N/A;N/A;N/A;N/A;N/A;N/A;N/A;N/A;N/A;N/A;N/A;N/A;N/A;N/A;N/A;N/A;N/A;N/A;N/A;N/A;N/A;N/A;N/A;N/A;N/A;N/A;N/A;N/A;N/A;N/A;N/A;N/A;N/A;N/A;N/A;N/A;N/A;N/A;N/A;N/A;N/A;N/A;N/A;N/A;N/A;N/A;N/A;N/A;N/A;N/A;N/A;N/A;N/A;N/A;N/A;N/A;N/A;N/A;N/A;Sí;Sí;N/A;N/A;Sí;N/A;N/A;N/A;N/A;Sí;N/A;No;Sí;N/A;N/A;N/A;N/A;Sí;N/A;N/A;N/A;N/A;N/A;N/A;N/A;N/A
Renault;Oroch;"1.6 Sce Zen 2Wd Mt";2024;"6800 km";;GTRANSUY;22800;;;;;"San Carlos";https://auto.mercadolibre.com.uy/MLU-703818266-renault-oroch-16-sce-zen-2wd-mt-_JM;N/A;;"Renault Oroch 1.6 Sce Zen 2wd Mt";usd;Sí;free;false;N/A;N/A;http://perfil.mercadolibre.com.uy/GTRANSUY;active;N/A;N/A;Usado;Gris;Sí;Hidráulica;Delantera;N/A;N/A;N/A;N/A;N/A;N/A;N/A;N/A;Sí;N/A;N/A;N/A;N/A;N/A;N/A;N/A;N/A;N/A;N/A;N/A;N/A;N/A;N/A;N/A;N/A;"2890 mm";"1.6 L";"45 L";6;N/A;N/A;N/A;N/A;N/A;N/A;N/A;N/A;N/A;N/A;N/A;N/A;N/A;N/A;N/A;N/A;N/A;N/A;N/A;N/A;N/A;N/A;N/A;N/A;N/A;N/A;N/A;N/A;N/A;N/A;N/A;N/A;N/A;N/A;N/A;N/A;N/A;N/A;N/A;N/A;N/A;N/A;N/A;N/A;N/A;"1694 mm";"4700 mm";N/A;N/A;N/A;N/A;5;"118 hp";Zen;N/A;4;"1821 mm";N/A;N/A;N/A;N/A;N/A;N/A;N/A;N/A;N/A;N/A;N/A;N/A;N/A;N/A;N/A;N/A;N/A;N/A;4;1.6;Nafta;Manual;Pick-Up;"Autos y camionetas";N/A;N/A;N/A;N/A;N/A;N/A;UY;N/A;No;N/A;N/A;N/A;N/A;N/A;N/A;N/A;N/A;N/A;N/A;N/A;N/A;N/A;N/A;N/A;N/A;N/A;N/A;N/A;N/A;N/A;N/A;N/A;N/A;N/A;N/A;N/A;N/A;N/A;N/A;N/A;N/A;N/A;N/A;Sí;N/A;N/A;N/A;N/A;N/A;N/A;N/A;N/A;N/A;N/A;N/A;N/A;N/A;N/A;N/A;N/A;N/A;Sí;No;N/A;N/A;N/A;N/A;N/A;N/A;N/A;N/A;N/A;N/A;N/A;N/A;N/A;N/A;N/A;N/A;N/A;N/A;N/A;N/A;N/A;N/A;N/A;N/A;N/A;N/A;N/A;N/A;N/A;N/A;N/A;N/A;N/A;N/A;N/A;N/A;N/A;N/A;N/A;N/A;N/A;N/A;N/A;N/A;N/A;N/A;N/A;N/A;N/A;N/A;N/A;Sí;Sí;Sí;No;N/A;Sí;N/A;Sí
Renault;Kwid;"1.0 Sce 66cv Zen";2018;"103000 km";;VILLALBAANSELMO;10600;;;;;"Piedras Blancas";https://auto.mercadolibre.com.uy/MLU-702893836-renault-kwid-10-sce-66cv-zen-_JM;N/A;;"Renault Kwid 1.0 Sce 66cv Zen";usd;Sí;free;false;N/A;N/A;http://perfil.mercadolibre.com.uy/VILLALBAANSELMO;active;N/A;N/A;Usado;Blanco;N/A;Hidráulica;Delantera;N/A;N/A;Sí;N/A;N/A;N/A;N/A;N/A;N/A;N/A;N/A;N/A;N/A;N/A;N/A;N/A;N/A;N/A;N/A;N/A;N/A;N/A;N/A;N/A;N/A;"2423 mm";"1 L";"50 L";5;N/A;N/A;N/A;N/A;N/A;N/A;N/A;N/A;N/A;N/A;N/A;N/A;N/A;N/A;N/A;N/A;N/A;N/A;N/A;N/A;N/A;N/A;N/A;N/A;N/A;N/A;N/A;N/A;N/A;N/A;N/A;N/A;N/A;N/A;N/A;N/A;N/A;N/A;N/A;N/A;N/A;N/A;N/A;N/A;N/A;"1474 mm";"3680 mm";N/A;N/A;N/A;N/A;5;"66 hp";Zen;N/A;4;"1752 mm";N/A;N/A;N/A;N/A;N/A;N/A;N/A;N/A;N/A;N/A;N/A;N/A;N/A;N/A;N/A;N/A;N/A;N/A;5;1.0;Nafta;Manual;Hatchback;"Autos y camionetas";N/A;N/A;N/A;N/A;N/A;N/A;UY;N/A;N/A;N/A;N/A;N/A;N/A;N/A;N/A;N/A;N/A;N/A;N/A;N/A;N/A;N/A;N/A;N/A;N/A;N/A;N/A;N/A;N/A;N/A;N/A;N/A;N/A;N/A;N/A;N/A;N/A;N/A;N/A;N/A;N/A;N/A;N/A;N/A;N/A;N/A;N/A;N/A;N/A;N/A;N/A;N/A;N/A;N/A;N/A;N/A;N/A;N/A;N/A;N/A;N/A;N/A;N/A;N/A;N/A;N/A;N/A;N/A;N/A;N/A;N/A;N/A;N/A;N/A;N/A;N/A;N/A;N/A;N/A;N/A;N/A;N/A;N/A;N/A;N/A;N/A;N/A;N/A;N/A;N/A;N/A;N/A;N/A;N/A;N/A;N/A;N/A;N/A;N/A;N/A;N/A;N/A;N/A;N/A;N/A;N/A;N/A;N/A;N/A;N/A;N/A;N/A;N/A;N/A;N/A;N/A;N/A;N/A;N/A;N/A;N/A;N/A
Renault;"Kangoo Express";"1.6 Ex. Rl Confort Aa";2020;"82000 km";;MENEZYANPIER20230329215627;14500;;;;;"San Carlos";https://auto.mercadolibre.com.uy/MLU-702876004-vendo-renault-kangoo-16-_JM;N/A;;"Vendo Renault Kangoo 1.6";USD;Sí;free;false;N/A;N/A;http://perfil.mercadolibre.com.uy/MENEZYANPIER20230329215627;active;N/A;N/A;Usado;Blanco;N/A;N/A;N/A;N/A;N/A;N/A;N/A;N/A;N/A;N/A;N/A;N/A;N/A;N/A;N/A;N/A;N/A;N/A;N/A;N/A;N/A;N/A;N/A;N/A;N/A;N/A;N/A;N/A;N/A;N/A;N/A;N/A;N/A;N/A;N/A;N/A;N/A;N/A;N/A;N/A;N/A;N/A;N/A;N/A;N/A;N/A;N/A;N/A;N/A;N/A;N/A;N/A;N/A;N/A;N/A;N/A;N/A;N/A;N/A;N/A;N/A;N/A;N/A;N/A;N/A;N/A;N/A;N/A;N/A;N/A;N/A;N/A;N/A;N/A;N/A;N/A;N/A;N/A;N/A;N/A;N/A;N/A;N/A;N/A;N/A;N/A;N/A;N/A;N/A;N/A;N/A;N/A;N/A;N/A;N/A;N/A;N/A;N/A;N/A;N/A;N/A;N/A;N/A;N/A;N/A;N/A;N/A;4;1.6;Nafta;N/A;N/A;"Autos y camionetas";N/A;N/A;N/A;N/A;N/A;N/A;N/A;N/A;N/A;N/A;N/A;N/A;N/A;N/A;N/A;N/A;N/A;N/A;N/A;N/A;N/A;N/A;N/A;N/A;N/A;N/A;N/A;N/A;N/A;N/A;N/A;N/A;N/A;N/A;N/A;N/A;N/A;N/A;N/A;N/A;N/A;N/A;N/A;N/A;N/A;N/A;N/A;N/A;N/A;N/A;N/A;N/A;N/A;N/A;N/A;N/A;N/A;N/A;N/A;N/A;N/A;N/A;N/A;N/A;N/A;N/A;N/A;N/A;N/A;N/A;N/A;N/A;N/A;N/A;N/A;N/A;N/A;N/A;N/A;N/A;N/A;N/A;N/A;N/A;N/A;N/A;N/A;N/A;N/A;N/A;N/A;N/A;N/A;N/A;N/A;N/A;N/A;N/A;N/A;N/A;N/A;N/A;N/A;N/A;N/A;N/A;N/A;N/A;N/A;N/A;N/A;N/A;N/A;N/A;N/A;N/A;N/A;N/A;N/A;N/A;N/A;N/A
Renault;Oroch;"1.3 Tce Intens 2Wd Cvt";2023;"47000 km";;LELEJOSE;23200;;;;;Palermo;https://auto.mercadolibre.com.uy/MLU-702685090-renault-oroch-13-tce-intens-2wd-cvt-_JM;N/A;;"Renault Oroch 1.3 Tce Intens 2wd Cvt";usd;Sí;free;false;N/A;N/A;http://perfil.mercadolibre.com.uy/LELEJOSE;active;N/A;N/A;Usado;Rojo;Sí;Eléctrica;Delantera;N/A;N/A;N/A;N/A;N/A;N/A;N/A;N/A;N/A;N/A;N/A;N/A;N/A;N/A;N/A;N/A;N/A;N/A;N/A;N/A;N/A;N/A;N/A;N/A;N/A;"2890 mm";"1.3 L";"45 L";8;N/A;N/A;N/A;N/A;N/A;N/A;N/A;N/A;N/A;N/A;N/A;N/A;N/A;N/A;N/A;N/A;N/A;N/A;N/A;N/A;N/A;N/A;N/A;N/A;N/A;N/A;N/A;N/A;N/A;N/A;N/A;N/A;N/A;N/A;N/A;N/A;N/A;N/A;N/A;N/A;N/A;N/A;N/A;N/A;N/A;"1694 mm";"4719 mm";N/A;N/A;N/A;N/A;5;"156 hp";Intens;N/A;4;"1834 mm";N/A;N/A;N/A;N/A;N/A;N/A;N/A;N/A;N/A;N/A;N/A;N/A;N/A;N/A;N/A;N/A;N/A;"Todos los días";4;1.3;Nafta;Automática;Pick-Up;"Autos y camionetas";N/A;N/A;N/A;N/A;N/A;N/A;UY;N/A;N/A;N/A;N/A;N/A;N/A;N/A;N/A;N/A;N/A;N/A;N/A;N/A;N/A;N/A;N/A;N/A;N/A;N/A;N/A;N/A;N/A;N/A;N/A;N/A;N/A;N/A;N/A;N/A;N/A;N/A;N/A;N/A;N/A;N/A;N/A;N/A;N/A;N/A;N/A;N/A;N/A;N/A;N/A;N/A;N/A;N/A;N/A;N/A;N/A;N/A;N/A;N/A;N/A;N/A;N/A;N/A;N/A;N/A;N/A;N/A;N/A;N/A;N/A;N/A;N/A;N/A;N/A;N/A;N/A;N/A;N/A;N/A;N/A;N/A;N/A;N/A;N/A;N/A;N/A;N/A;N/A;N/A;N/A;N/A;N/A;N/A;N/A;N/A;N/A;N/A;N/A;N/A;N/A;N/A;N/A;N/A;N/A;N/A;N/A;N/A;N/A;N/A;N/A;N/A;N/A;N/A;N/A;N/A;N/A;N/A;N/A;N/A;N/A;N/A
Renault;"Sandero Stepway";"1.6 Privilege 105cv";2017;"130000 km";;ALSB;11500;;;;;Solís;https://auto.mercadolibre.com.uy/MLU-647592491-renault-spiwey-privileg-_JM;N/A;;"Renault Spiwey Privileg";usd;Sí;free;false;N/A;N/A;http://perfil.mercadolibre.com.uy/ALSB;active;N/A;N/A;Usado;Gris;N/A;Hidráulica;Delantera;N/A;N/A;Sí;N/A;N/A;N/A;N/A;N/A;N/A;N/A;N/A;N/A;N/A;N/A;N/A;N/A;N/A;N/A;N/A;N/A;N/A;N/A;N/A;N/A;N/A;"2590 mm";"1.6 L";"50 L";5;N/A;N/A;N/A;N/A;N/A;N/A;N/A;N/A;N/A;N/A;N/A;N/A;N/A;N/A;N/A;N/A;N/A;N/A;N/A;N/A;N/A;N/A;N/A;N/A;N/A;N/A;N/A;N/A;N/A;N/A;N/A;N/A;N/A;N/A;N/A;N/A;N/A;N/A;N/A;N/A;N/A;N/A;N/A;N/A;N/A;"1559 mm";"4066 mm";N/A;N/A;N/A;N/A;5;"105 hp";Privilege;N/A;4;"1761 mm";"9.3 km/l";Sí;N/A;N/A;N/A;N/A;N/A;Sí;N/A;N/A;N/A;"5.9 km/l";N/A;N/A;N/A;N/A;N/A;N/A;5;1.6;Nafta;Manual;Hatchback;"Autos y camionetas";N/A;N/A;N/A;N/A;N/A;N/A;UY;N/A;N/A;N/A;N/A;N/A;N/A;N/A;N/A;N/A;N/A;N/A;N/A;N/A;N/A;N/A;N/A;N/A;N/A;N/A;N/A;N/A;N/A;N/A;N/A;N/A;N/A;N/A;N/A;N/A;N/A;N/A;N/A;N/A;N/A;N/A;N/A;N/A;N/A;N/A;N/A;N/A;N/A;N/A;N/A;N/A;N/A;N/A;N/A;N/A;N/A;N/A;N/A;N/A;N/A;N/A;N/A;N/A;N/A;N/A;N/A;N/A;N/A;N/A;N/A;N/A;N/A;N/A;N/A;N/A;N/A;N/A;N/A;N/A;N/A;N/A;N/A;N/A;N/A;N/A;N/A;N/A;N/A;N/A;N/A;N/A;N/A;N/A;N/A;N/A;N/A;N/A;N/A;N/A;N/A;N/A;N/A;N/A;N/A;N/A;N/A;N/A;N/A;N/A;N/A;N/A;N/A;N/A;N/A;N/A;N/A;N/A;N/A;N/A;N/A;N/A
Renault;Clio;"1.6 Rn";2001;"255000 km";;SEPA2020107;3500;;;;;Malvin;https://auto.mercadolibre.com.uy/MLU-704733948-renault-clio-_JM;N/A;;"Renault Clio";usd;No;free;false;N/A;N/A;http://perfil.mercadolibre.com.uy/SEPA2020107;active;N/A;N/A;Usado;Rojo;N/A;Hidráulica;Delantera;Sí;N/A;N/A;N/A;N/A;N/A;N/A;N/A;N/A;N/A;N/A;N/A;N/A;N/A;N/A;N/A;N/A;N/A;N/A;N/A;N/A;N/A;N/A;N/A;N/A;"2472 mm";"1.6 L";"50 L";5;N/A;N/A;N/A;N/A;N/A;N/A;N/A;N/A;N/A;N/A;N/A;N/A;N/A;N/A;N/A;N/A;N/A;N/A;N/A;N/A;N/A;N/A;N/A;N/A;N/A;N/A;N/A;N/A;N/A;N/A;N/A;N/A;N/A;N/A;N/A;N/A;N/A;N/A;N/A;N/A;N/A;N/A;N/A;N/A;N/A;"1435 mm";"4150 mm";N/A;N/A;N/A;N/A;5;"100 hp";Rn;N/A;2;"1639 mm";"9.4 km/l";N/A;N/A;N/A;N/A;N/A;N/A;N/A;N/A;N/A;N/A;"7.1 km/l";N/A;N/A;N/A;N/A;N/A;N/A;4;1.6;Nafta;Manual;Sedán;"Autos y camionetas";N/A;N/A;N/A;N/A;N/A;N/A;UY;N/A;N/A;N/A;N/A;N/A;N/A;N/A;N/A;N/A;N/A;N/A;N/A;N/A;N/A;N/A;N/A;N/A;N/A;N/A;N/A;N/A;N/A;N/A;N/A;N/A;N/A;N/A;N/A;N/A;N/A;N/A;N/A;N/A;N/A;N/A;N/A;N/A;N/A;N/A;N/A;N/A;N/A;N/A;N/A;N/A;N/A;N/A;N/A;N/A;N/A;N/A;N/A;N/A;N/A;N/A;N/A;N/A;N/A;N/A;N/A;N/A;N/A;N/A;N/A;N/A;N/A;N/A;N/A;N/A;N/A;N/A;N/A;N/A;N/A;N/A;N/A;N/A;N/A;N/A;N/A;N/A;N/A;N/A;N/A;N/A;N/A;N/A;N/A;N/A;N/A;N/A;N/A;N/A;N/A;N/A;N/A;N/A;N/A;N/A;N/A;N/A;N/A;N/A;N/A;N/A;N/A;N/A;N/A;N/A;N/A;N/A;N/A;N/A;N/A;N/A
Renault;Oroch;"Dynamique 2.0";2017;"73053 km";;CALO5476149;18000;;;;;Durazno;https://auto.mercadolibre.com.uy/MLU-703039604-unico-dueno-muy-cuidada-patente-paga-todo-el-ano-_JM;N/A;;"Único Dueño, Muy Cuidada. Patente Paga Todo El Año.";USD;Sí;free;false;N/A;N/A;http://perfil.mercadolibre.com.uy/CALO5476149;active;N/A;N/A;Usado;Blanco;Sí;Eléctrica;Delantera;Sí;Sí;N/A;N/A;N/A;N/A;N/A;N/A;No;N/A;N/A;Sí;Sí;N/A;N/A;N/A;N/A;N/A;N/A;N/A;N/A;N/A;N/A;N/A;N/A;N/A;N/A;N/A;N/A;N/A;N/A;N/A;N/A;N/A;Sí;N/A;N/A;N/A;N/A;N/A;N/A;N/A;N/A;N/A;N/A;N/A;N/A;N/A;N/A;N/A;N/A;N/A;N/A;N/A;N/A;N/A;N/A;N/A;Sí;N/A;N/A;N/A;N/A;N/A;N/A;N/A;N/A;N/A;N/A;N/A;N/A;N/A;N/A;N/A;N/A;N/A;N/A;N/A;N/A;N/A;N/A;N/A;N/A;N/A;N/A;N/A;N/A;Sí;N/A;Sí;N/A;N/A;Sí;Sí;N/A;N/A;N/A;N/A;N/A;Sí;N/A;N/A;N/A;N/A;4;2.0;Nafta;Manual;Rural;"Autos y camionetas";N/A;N/A;N/A;N/A;N/A;N/A;N/A;N/A;N/A;N/A;N/A;N/A;N/A;N/A;N/A;N/A;N/A;N/A;N/A;N/A;N/A;N/A;N/A;N/A;No;N/A;N/A;N/A;N/A;N/A;N/A;N/A;N/A;N/A;N/A;N/A;N/A;N/A;N/A;N/A;N/A;N/A;N/A;N/A;N/A;N/A;N/A;N/A;N/A;N/A;N/A;N/A;N/A;N/A;N/A;N/A;N/A;N/A;N/A;N/A;N/A;N/A;N/A;N/A;N/A;N/A;N/A;N/A;N/A;N/A;N/A;N/A;N/A;N/A;N/A;N/A;N/A;N/A;N/A;N/A;N/A;N/A;N/A;N/A;N/A;N/A;N/A;N/A;N/A;N/A;N/A;N/A;N/A;N/A;N/A;N/A;Sí;N/A;N/A;N/A;Sí;N/A;N/A;N/A;N/A;Sí;N/A;N/A;Sí;N/A;N/A;Sí;Sí;N/A;Sí;Sí;Sí;N/A;N/A;Sí;N/A;Sí
Renault;Megane;"1.6 Bic Pack Plus";2008;"145000 km";;GONZALOTAFERNABERRY;7500;;;;;"Bella Unión";https://auto.mercadolibre.com.uy/MLU-703145538-renault-megane-16-bic-pack-plus-_JM;N/A;;"Renault Megane 1.6 Bic Pack Plus";usd;Sí;free;false;N/A;N/A;http://perfil.mercadolibre.com.uy/GONZALOTAFERNABERRY;active;N/A;N/A;Usado;Azul;No;Hidráulica;Delantera;N/A;N/A;N/A;N/A;N/A;N/A;N/A;N/A;N/A;N/A;N/A;N/A;N/A;N/A;N/A;N/A;N/A;N/A;N/A;N/A;N/A;N/A;N/A;N/A;N/A;"2686 mm";"1.6 L";"60 L";5;N/A;N/A;N/A;N/A;N/A;N/A;N/A;N/A;N/A;N/A;N/A;N/A;N/A;N/A;N/A;N/A;N/A;N/A;N/A;N/A;N/A;N/A;N/A;N/A;N/A;N/A;N/A;N/A;N/A;N/A;N/A;N/A;N/A;Sí;N/A;N/A;N/A;N/A;N/A;N/A;N/A;N/A;N/A;N/A;N/A;"1435 mm";"4164 mm";N/A;N/A;N/A;N/A;5;"110 hp";"Pack Plus";N/A;4;"1777 mm";N/A;N/A;N/A;N/A;Sí;N/A;N/A;N/A;N/A;N/A;N/A;N/A;N/A;N/A;N/A;N/A;N/A;N/A;5;1.6;Nafta;Manual;Hatchback;"Autos y camionetas";N/A;N/A;N/A;N/A;N/A;N/A;UY;N/A;N/A;N/A;N/A;N/A;N/A;N/A;N/A;N/A;N/A;N/A;N/A;N/A;N/A;N/A;N/A;N/A;N/A;N/A;N/A;N/A;N/A;N/A;N/A;N/A;N/A;N/A;N/A;N/A;N/A;N/A;N/A;N/A;N/A;N/A;N/A;N/A;N/A;N/A;N/A;N/A;N/A;N/A;N/A;N/A;N/A;N/A;N/A;N/A;N/A;N/A;N/A;N/A;N/A;N/A;N/A;N/A;N/A;N/A;N/A;N/A;N/A;N/A;N/A;N/A;N/A;N/A;N/A;N/A;N/A;N/A;N/A;N/A;N/A;N/A;N/A;N/A;N/A;N/A;N/A;N/A;N/A;N/A;N/A;N/A;N/A;N/A;N/A;N/A;N/A;N/A;N/A;N/A;N/A;N/A;N/A;N/A;N/A;N/A;N/A;N/A;N/A;N/A;N/A;N/A;N/A;N/A;N/A;N/A;N/A;N/A;N/A;N/A;N/A;N/A
Renault;Megane;"Authentique 1.6 16v Sedan";2006;"187000 km";;DENATHALIE20220604192313;6500;;;;;Pocitos;https://auto.mercadolibre.com.uy/MLU-703936448-renault-megane-authentique-16-sedan-_JM;N/A;;"Renault Megane Authentique 1.6 Sedan";USD;No;free;false;N/A;N/A;http://perfil.mercadolibre.com.uy/DENATHALIE20220604192313;active;N/A;N/A;Usado;Rojo;No;Hidráulica;N/A;Sí;N/A;N/A;N/A;N/A;N/A;N/A;N/A;N/A;N/A;N/A;N/A;Sí;N/A;No;N/A;N/A;N/A;N/A;N/A;N/A;N/A;N/A;N/A;N/A;N/A;N/A;N/A;N/A;N/A;N/A;N/A;N/A;N/A;No;N/A;N/A;N/A;N/A;N/A;N/A;N/A;N/A;N/A;N/A;N/A;N/A;N/A;N/A;N/A;N/A;N/A;N/A;N/A;N/A;N/A;N/A;N/A;N/A;N/A;N/A;N/A;N/A;N/A;N/A;N/A;N/A;N/A;N/A;N/A;N/A;N/A;N/A;N/A;N/A;N/A;N/A;N/A;N/A;N/A;N/A;N/A;N/A;N/A;N/A;N/A;N/A;N/A;N/A;Sí;N/A;N/A;N/A;N/A;N/A;N/A;N/A;N/A;N/A;N/A;N/A;N/A;N/A;"Cualquier horario";4;N/A;Nafta;Manual;Sedán;"Autos y camionetas";N/A;N/A;N/A;N/A;N/A;N/A;N/A;N/A;N/A;N/A;N/A;N/A;N/A;N/A;N/A;N/A;N/A;N/A;N/A;N/A;N/A;N/A;N/A;N/A;N/A;N/A;N/A;N/A;N/A;N/A;N/A;N/A;N/A;N/A;N/A;N/A;N/A;N/A;N/A;N/A;N/A;N/A;N/A;N/A;N/A;N/A;N/A;N/A;N/A;N/A;N/A;N/A;N/A;N/A;N/A;N/A;N/A;N/A;N/A;N/A;N/A;N/A;N/A;N/A;N/A;N/A;N/A;N/A;N/A;N/A;N/A;N/A;N/A;N/A;N/A;N/A;N/A;N/A;N/A;N/A;N/A;N/A;N/A;N/A;N/A;N/A;N/A;N/A;N/A;N/A;N/A;N/A;N/A;N/A;N/A;N/A;Sí;N/A;N/A;N/A;N/A;N/A;N/A;N/A;N/A;N/A;N/A;N/A;N/A;N/A;N/A;N/A;N/A;N/A;Sí;Sí;Sí;N/A;N/A;Sí;N/A;Sí
Renault;R11;ts;1999;"169000 km";;XALEW;4000;;;;;Rosario;https://auto.mercadolibre.com.uy/MLU-647455253-renault-11-ts-_JM;N/A;;"Renault 11 Ts";USD;No;free;false;N/A;N/A;http://perfil.mercadolibre.com.uy/XALEW;active;N/A;N/A;Usado;Blanco;N/A;Mecánica;Delantera;N/A;N/A;N/A;N/A;N/A;N/A;N/A;N/A;N/A;N/A;N/A;N/A;N/A;N/A;N/A;N/A;N/A;N/A;N/A;N/A;N/A;N/A;N/A;N/A;N/A;N/A;N/A;N/A;N/A;N/A;N/A;N/A;N/A;N/A;N/A;N/A;N/A;N/A;N/A;N/A;N/A;N/A;N/A;N/A;N/A;N/A;N/A;N/A;N/A;N/A;N/A;N/A;N/A;N/A;N/A;N/A;N/A;N/A;N/A;N/A;N/A;N/A;N/A;N/A;N/A;N/A;N/A;N/A;N/A;N/A;N/A;N/A;N/A;N/A;N/A;N/A;N/A;N/A;N/A;N/A;N/A;N/A;N/A;N/A;N/A;N/A;N/A;No;N/A;N/A;N/A;N/A;No;No;N/A;N/A;N/A;N/A;N/A;N/A;N/A;N/A;N/A;"10 a 18";4;1.6;Nafta;Manual;Hatchback;"Autos y camionetas";N/A;N/A;N/A;N/A;N/A;N/A;N/A;N/A;N/A;N/A;N/A;N/A;N/A;N/A;N/A;N/A;N/A;N/A;N/A;N/A;N/A;N/A;N/A;N/A;N/A;N/A;N/A;N/A;N/A;N/A;N/A;N/A;N/A;N/A;N/A;N/A;N/A;N/A;N/A;N/A;N/A;N/A;N/A;N/A;N/A;N/A;N/A;N/A;N/A;N/A;N/A;N/A;N/A;N/A;N/A;N/A;N/A;N/A;N/A;N/A;N/A;N/A;N/A;N/A;N/A;N/A;N/A;N/A;N/A;N/A;N/A;N/A;N/A;N/A;N/A;N/A;N/A;N/A;N/A;N/A;N/A;N/A;N/A;N/A;N/A;N/A;N/A;N/A;N/A;N/A;N/A;N/A;N/A;N/A;N/A;N/A;N/A;N/A;N/A;N/A;N/A;N/A;N/A;N/A;N/A;N/A;N/A;N/A;N/A;N/A;N/A;N/A;N/A;N/A;N/A;N/A;N/A;N/A;N/A;N/A;N/A;N/A
Renault;Scénic;"Privilegie 1.6";2008;"214150 km";;PIEN2981951;7500;;;;;"Juan Lacaze";https://auto.mercadolibre.com.uy/MLU-704836434-undefined-_JM;N/A;;Undefined;USD;Sí;free;false;N/A;N/A;http://perfil.mercadolibre.com.uy/PIEN2981951;active;N/A;N/A;Usado;Gris;No;Hidráulica;N/A;N/A;N/A;N/A;N/A;N/A;N/A;N/A;N/A;N/A;N/A;N/A;N/A;N/A;N/A;N/A;N/A;N/A;N/A;N/A;N/A;N/A;N/A;N/A;N/A;N/A;N/A;N/A;N/A;N/A;N/A;N/A;N/A;N/A;N/A;N/A;N/A;N/A;N/A;N/A;N/A;N/A;N/A;N/A;N/A;N/A;N/A;N/A;N/A;N/A;N/A;N/A;N/A;N/A;N/A;N/A;N/A;N/A;N/A;N/A;N/A;N/A;N/A;N/A;N/A;N/A;N/A;N/A;N/A;N/A;N/A;N/A;N/A;N/A;N/A;N/A;N/A;N/A;N/A;N/A;N/A;N/A;N/A;N/A;N/A;N/A;N/A;N/A;N/A;N/A;N/A;N/A;N/A;N/A;N/A;N/A;N/A;N/A;N/A;N/A;N/A;N/A;N/A;N/A;N/A;4;1.6;Nafta;N/A;N/A;"Autos y camionetas";N/A;N/A;N/A;N/A;N/A;N/A;N/A;N/A;N/A;N/A;N/A;N/A;N/A;N/A;N/A;N/A;N/A;N/A;N/A;N/A;N/A;N/A;N/A;N/A;N/A;N/A;N/A;N/A;N/A;N/A;N/A;N/A;N/A;N/A;N/A;N/A;N/A;N/A;N/A;N/A;N/A;N/A;N/A;N/A;N/A;N/A;N/A;N/A;N/A;N/A;N/A;N/A;N/A;N/A;N/A;N/A;N/A;N/A;N/A;N/A;N/A;N/A;N/A;N/A;N/A;N/A;N/A;N/A;N/A;N/A;N/A;N/A;N/A;N/A;N/A;N/A;N/A;N/A;N/A;N/A;N/A;N/A;N/A;N/A;N/A;N/A;N/A;N/A;N/A;N/A;N/A;N/A;N/A;N/A;N/A;N/A;N/A;N/A;N/A;N/A;N/A;N/A;N/A;N/A;N/A;N/A;N/A;N/A;N/A;N/A;N/A;N/A;N/A;N/A;N/A;N/A;N/A;N/A;N/A;N/A;N/A;N/A
Renault;"Sandero Stepway";"1.6 Privilege 105cv";2018;"62000 km";;TATIARA77;17000;;;;;Buceo;https://auto.mercadolibre.com.uy/MLU-703250642-renault-sandero-stepway-2018-16-privilege-105cv-_JM;N/A;;"Renault Sandero Stepway 2018 1.6 Privilege 105cv";usd;Sí;free;false;N/A;N/A;http://perfil.mercadolibre.com.uy/TATIARA77;active;N/A;N/A;Usado;N/A;N/A;Hidráulica;Delantera;N/A;N/A;Sí;N/A;N/A;N/A;N/A;N/A;N/A;N/A;N/A;N/A;N/A;N/A;N/A;N/A;N/A;N/A;N/A;N/A;N/A;N/A;N/A;N/A;N/A;"2590 mm";"1.6 L";"50 L";5;N/A;N/A;N/A;N/A;N/A;N/A;N/A;N/A;N/A;N/A;N/A;N/A;N/A;N/A;N/A;N/A;N/A;N/A;N/A;N/A;N/A;N/A;N/A;N/A;N/A;N/A;N/A;N/A;N/A;N/A;N/A;N/A;N/A;Sí;Sí;Sí;N/A;N/A;N/A;N/A;N/A;N/A;N/A;N/A;N/A;"1559 mm";"4066 mm";N/A;N/A;N/A;N/A;5;"105 hp";Privilege;N/A;4;"1761 mm";"9.3 km/l";Sí;N/A;N/A;N/A;N/A;N/A;Sí;N/A;N/A;N/A;"5.9 km/l";N/A;N/A;N/A;N/A;N/A;N/A;5;1.6;Nafta;Manual;Hatchback;"Autos y camionetas";N/A;N/A;N/A;N/A;N/A;N/A;UY;N/A;N/A;N/A;N/A;N/A;N/A;N/A;N/A;N/A;N/A;N/A;N/A;N/A;N/A;N/A;N/A;N/A;N/A;N/A;N/A;N/A;N/A;N/A;N/A;N/A;N/A;N/A;N/A;N/A;N/A;N/A;N/A;N/A;N/A;N/A;N/A;N/A;N/A;N/A;N/A;N/A;N/A;N/A;N/A;N/A;N/A;N/A;N/A;N/A;N/A;N/A;N/A;N/A;N/A;N/A;N/A;N/A;N/A;N/A;N/A;N/A;N/A;N/A;N/A;N/A;N/A;N/A;N/A;N/A;N/A;N/A;N/A;N/A;N/A;N/A;N/A;N/A;N/A;N/A;N/A;N/A;N/A;N/A;N/A;N/A;N/A;N/A;N/A;N/A;N/A;N/A;N/A;N/A;N/A;N/A;N/A;N/A;N/A;N/A;N/A;N/A;N/A;N/A;N/A;N/A;N/A;N/A;N/A;N/A;N/A;N/A;N/A;N/A;N/A;N/A
Renault;"Megane 2";"Megan2 full preville";2010;"176000 km";;SACCHIJ;8500;;;;;Casabo;https://auto.mercadolibre.com.uy/MLU-703977602-renault-megane-2-megan2-full-_JM;N/A;;"Renault Megane 2 Megan2 Full";USD;Sí;free;false;N/A;N/A;http://perfil.mercadolibre.com.uy/SACCHIJ;active;N/A;N/A;Usado;N/A;N/A;N/A;N/A;N/A;N/A;N/A;N/A;N/A;N/A;N/A;N/A;N/A;N/A;N/A;N/A;N/A;N/A;N/A;N/A;N/A;N/A;N/A;N/A;N/A;N/A;N/A;N/A;N/A;N/A;N/A;N/A;N/A;N/A;N/A;N/A;N/A;N/A;N/A;N/A;N/A;N/A;N/A;N/A;N/A;N/A;N/A;N/A;N/A;N/A;N/A;N/A;N/A;N/A;N/A;N/A;N/A;N/A;N/A;N/A;N/A;N/A;N/A;N/A;N/A;N/A;N/A;N/A;N/A;N/A;N/A;N/A;N/A;N/A;N/A;N/A;N/A;N/A;N/A;N/A;N/A;N/A;N/A;N/A;N/A;N/A;N/A;N/A;N/A;N/A;N/A;N/A;N/A;N/A;N/A;N/A;N/A;N/A;N/A;N/A;N/A;N/A;N/A;N/A;N/A;N/A;N/A;N/A;5;N/A;Nafta;N/A;N/A;"Autos y camionetas";N/A;N/A;N/A;N/A;N/A;N/A;N/A;N/A;N/A;N/A;N/A;N/A;N/A;N/A;N/A;N/A;N/A;N/A;N/A;N/A;N/A;N/A;N/A;N/A;N/A;N/A;N/A;N/A;N/A;N/A;N/A;N/A;N/A;N/A;N/A;N/A;N/A;N/A;N/A;N/A;N/A;N/A;N/A;N/A;N/A;N/A;N/A;N/A;N/A;N/A;N/A;N/A;N/A;N/A;N/A;N/A;N/A;N/A;N/A;N/A;N/A;N/A;N/A;N/A;N/A;N/A;N/A;N/A;N/A;N/A;N/A;N/A;N/A;N/A;N/A;N/A;N/A;N/A;N/A;N/A;N/A;N/A;N/A;N/A;N/A;N/A;N/A;N/A;N/A;N/A;N/A;N/A;N/A;N/A;N/A;N/A;N/A;N/A;N/A;N/A;N/A;N/A;N/A;N/A;N/A;N/A;N/A;N/A;N/A;N/A;N/A;N/A;N/A;N/A;N/A;N/A;N/A;N/A;N/A;N/A;N/A;N/A
Renault;Trafic;"2.1 Ta 1j 170 Dh Larga Diesel";1998;"350000 km";;LAURAVIDART;8500;;;;;Florida;https://auto.mercadolibre.com.uy/MLU-706064096-renault-trafic-21-ta-1j-170-dh-larga-diesel-_JM;N/A;;"Renault Trafic 2.1 Ta 1j 170 Dh Larga Diesel";usd;No;free;false;N/A;N/A;http://perfil.mercadolibre.com.uy/LAURAVIDART;active;N/A;N/A;Usado;Blanco;N/A;Hidráulica;Delantera;N/A;N/A;N/A;N/A;N/A;N/A;N/A;N/A;N/A;N/A;N/A;N/A;N/A;N/A;N/A;N/A;N/A;N/A;N/A;N/A;N/A;N/A;N/A;N/A;N/A;"3498 mm";"2.1 L";"65 L";5;N/A;N/A;N/A;N/A;N/A;N/A;N/A;N/A;N/A;N/A;N/A;N/A;N/A;N/A;N/A;N/A;N/A;N/A;N/A;N/A;N/A;N/A;N/A;N/A;N/A;N/A;N/A;N/A;N/A;Sí;N/A;N/A;N/A;N/A;N/A;N/A;N/A;N/A;N/A;N/A;N/A;N/A;N/A;N/A;N/A;"1962 mm";"5192 mm";N/A;N/A;N/A;N/A;2;"60 hp";N/A;N/A;2;"1904 mm";"11 km/l";No;N/A;N/A;N/A;N/A;No;No;N/A;N/A;N/A;"8 km/l";N/A;Sí;N/A;N/A;N/A;N/A;3;2.1;Diésel;Manual;Furgón;"Autos y camionetas";N/A;N/A;N/A;N/A;N/A;N/A;UY;N/A;N/A;N/A;N/A;N/A;N/A;N/A;N/A;N/A;N/A;N/A;N/A;N/A;N/A;N/A;N/A;N/A;N/A;N/A;N/A;N/A;N/A;N/A;N/A;N/A;N/A;N/A;N/A;N/A;N/A;N/A;N/A;N/A;N/A;N/A;N/A;N/A;N/A;N/A;N/A;N/A;N/A;N/A;N/A;N/A;N/A;N/A;N/A;N/A;N/A;N/A;N/A;N/A;N/A;N/A;N/A;N/A;N/A;N/A;N/A;N/A;N/A;N/A;N/A;N/A;N/A;N/A;N/A;N/A;N/A;N/A;N/A;N/A;N/A;N/A;N/A;N/A;N/A;N/A;N/A;N/A;N/A;N/A;N/A;N/A;N/A;N/A;N/A;N/A;N/A;N/A;N/A;N/A;N/A;N/A;N/A;N/A;N/A;N/A;N/A;N/A;N/A;N/A;N/A;N/A;N/A;N/A;Sí;Sí;N/A;Sí;N/A;N/A;N/A;Sí
Renault;Kwid;"1.0 Sce 66cv Life";2022;"25600 km";;IBEZ8537123;12800;;;;;Cordón;https://auto.mercadolibre.com.uy/MLU-706062488-renault-kwid-10-sce-66cv-life-_JM;N/A;;"Renault Kwid 1.0 Sce 66cv Life";usd;Sí;free;false;N/A;N/A;http://perfil.mercadolibre.com.uy/IBEZ8537123;active;N/A;N/A;Usado;Rojo;N/A;Hidráulica;Delantera;Sí;N/A;Sí;N/A;N/A;N/A;N/A;N/A;N/A;N/A;N/A;N/A;N/A;N/A;N/A;N/A;N/A;N/A;N/A;N/A;N/A;N/A;N/A;N/A;N/A;"2423 mm";"1 L";"50 L";5;N/A;N/A;N/A;N/A;N/A;N/A;N/A;N/A;N/A;N/A;N/A;N/A;N/A;N/A;N/A;N/A;N/A;N/A;N/A;N/A;N/A;N/A;N/A;N/A;N/A;N/A;N/A;N/A;N/A;N/A;N/A;N/A;N/A;N/A;N/A;N/A;N/A;N/A;N/A;N/A;N/A;N/A;N/A;N/A;N/A;"1474 mm";"3680 mm";N/A;N/A;N/A;N/A;5;"66 hp";Life;N/A;4;"1752 mm";N/A;N/A;N/A;N/A;N/A;N/A;N/A;N/A;N/A;N/A;N/A;N/A;N/A;N/A;N/A;N/A;N/A;N/A;5;1.0;Nafta;Manual;Hatchback;"Autos y camionetas";N/A;N/A;N/A;N/A;N/A;N/A;UY;N/A;N/A;N/A;N/A;N/A;N/A;N/A;N/A;N/A;N/A;N/A;N/A;N/A;N/A;N/A;N/A;N/A;N/A;N/A;N/A;N/A;N/A;N/A;N/A;N/A;N/A;N/A;N/A;N/A;N/A;N/A;N/A;N/A;N/A;N/A;N/A;N/A;N/A;N/A;N/A;N/A;N/A;N/A;N/A;N/A;N/A;N/A;N/A;N/A;N/A;N/A;N/A;N/A;N/A;N/A;N/A;N/A;N/A;N/A;N/A;N/A;N/A;N/A;N/A;N/A;N/A;N/A;N/A;N/A;N/A;N/A;N/A;N/A;N/A;N/A;N/A;N/A;N/A;N/A;N/A;N/A;N/A;N/A;N/A;N/A;N/A;N/A;N/A;N/A;N/A;N/A;N/A;N/A;Sí;N/A;N/A;N/A;N/A;Sí;N/A;N/A;N/A;N/A;N/A;N/A;N/A;N/A;Sí;Sí;Sí;N/A;N/A;N/A;N/A;Sí
Renault;Duster;"1.6 16v Zen";2021;"66000 km";;ACDC-DIEGO;15900;;;;;"Flor de Maroñas";https://auto.mercadolibre.com.uy/MLU-706175172-renault-duster-16-16v-zen-_JM;N/A;;"Renault Duster 1.6 16v Zen";usd;Sí;free;false;N/A;N/A;http://perfil.mercadolibre.com.uy/ACDC-DIEGO;active;N/A;N/A;Usado;Gris;No;Hidráulica;4x2;N/A;N/A;Sí;N/A;N/A;N/A;N/A;N/A;N/A;N/A;N/A;N/A;N/A;N/A;N/A;N/A;N/A;N/A;N/A;N/A;N/A;N/A;N/A;N/A;N/A;"2674 mm";"1.6 L";"50 L";5;N/A;N/A;N/A;N/A;N/A;N/A;N/A;N/A;N/A;N/A;N/A;N/A;N/A;N/A;N/A;N/A;N/A;N/A;N/A;N/A;N/A;N/A;N/A;N/A;N/A;N/A;N/A;N/A;N/A;N/A;N/A;N/A;N/A;N/A;N/A;N/A;N/A;N/A;N/A;N/A;N/A;N/A;N/A;N/A;N/A;"1683 mm";"4329 mm";N/A;N/A;N/A;N/A;5;"118 hp";Zen;N/A;4;"1822 mm";"11.1 km/l";N/A;N/A;N/A;N/A;N/A;N/A;N/A;N/A;N/A;N/A;"10.4 km/l";N/A;N/A;N/A;N/A;N/A;N/A;5;1.6;Nafta;Manual;SUV;"Autos y camionetas";N/A;N/A;N/A;N/A;N/A;N/A;UY;N/A;N/A;N/A;N/A;N/A;N/A;N/A;N/A;N/A;N/A;N/A;N/A;N/A;N/A;N/A;N/A;N/A;N/A;N/A;N/A;N/A;N/A;N/A;N/A;N/A;N/A;N/A;N/A;N/A;N/A;N/A;N/A;N/A;N/A;N/A;N/A;N/A;N/A;N/A;N/A;N/A;N/A;N/A;N/A;N/A;N/A;N/A;N/A;N/A;N/A;N/A;N/A;N/A;N/A;N/A;N/A;N/A;N/A;N/A;N/A;N/A;N/A;N/A;N/A;N/A;N/A;N/A;N/A;N/A;N/A;N/A;N/A;N/A;N/A;N/A;N/A;N/A;N/A;N/A;N/A;N/A;N/A;N/A;N/A;N/A;N/A;N/A;N/A;N/A;N/A;N/A;N/A;N/A;N/A;N/A;N/A;N/A;N/A;N/A;N/A;N/A;N/A;N/A;N/A;N/A;N/A;N/A;N/A;N/A;N/A;N/A;N/A;N/A;N/A;N/A
Renault;Clio;"1.5 Expression";2005;"250000 km";;RN20240716142533;6500;;;;;Progreso;https://auto.mercadolibre.com.uy/MLU-705196268-renault-clio-15-expression-_JM;N/A;;"Renault Clio 1.5 Expression";usd;No;free;false;N/A;N/A;http://perfil.mercadolibre.com.uy/RN20240716142533;active;N/A;N/A;Usado;Gris;No;Hidráulica;Delantera;Sí;N/A;N/A;N/A;N/A;N/A;N/A;N/A;N/A;N/A;N/A;N/A;Sí;N/A;N/A;N/A;N/A;N/A;N/A;N/A;N/A;N/A;N/A;N/A;N/A;"2472 mm";"1.5 L";"50 L";5;N/A;N/A;N/A;N/A;N/A;N/A;N/A;N/A;N/A;N/A;N/A;N/A;N/A;N/A;N/A;N/A;N/A;N/A;N/A;N/A;N/A;N/A;N/A;N/A;N/A;N/A;N/A;N/A;N/A;N/A;N/A;N/A;N/A;N/A;N/A;N/A;N/A;N/A;N/A;N/A;N/A;N/A;N/A;N/A;N/A;"1435 mm";"4150 mm";N/A;N/A;N/A;N/A;5;"65 hp";Expression;N/A;2;"1639 mm";N/A;N/A;N/A;N/A;Sí;N/A;N/A;N/A;N/A;N/A;N/A;N/A;N/A;N/A;N/A;N/A;N/A;N/A;4;1.5;Diésel;Manual;Sedán;"Autos y camionetas";N/A;N/A;N/A;N/A;N/A;N/A;UY;N/A;Sí;N/A;N/A;N/A;N/A;N/A;N/A;N/A;N/A;N/A;N/A;N/A;N/A;N/A;N/A;N/A;N/A;N/A;N/A;N/A;N/A;N/A;N/A;N/A;N/A;N/A;N/A;N/A;N/A;N/A;N/A;N/A;N/A;N/A;N/A;N/A;N/A;N/A;N/A;N/A;N/A;N/A;N/A;N/A;N/A;N/A;N/A;N/A;N/A;N/A;N/A;N/A;N/A;N/A;Sí;N/A;N/A;N/A;N/A;N/A;N/A;N/A;N/A;N/A;N/A;N/A;N/A;N/A;N/A;N/A;N/A;N/A;N/A;N/A;N/A;N/A;N/A;N/A;N/A;N/A;N/A;N/A;N/A;N/A;N/A;N/A;N/A;N/A;N/A;Sí;N/A;N/A;Sí;N/A;N/A;N/A;N/A;Sí;N/A;N/A;Sí;N/A;N/A;N/A;N/A;N/A;Sí;Sí;Sí;Sí;N/A;Sí;N/A;Sí
Renault;Clio;"1.2 Authentique";2005;"250000 km";;GANI5435641;7500;;;;;"Nuevo París";https://auto.mercadolibre.com.uy/MLU-705202940-renault-clio-12-authentique-_JM;N/A;;"Renault Clio 1.2 Authentique";usd;No;free;false;N/A;N/A;http://perfil.mercadolibre.com.uy/GANI5435641;active;N/A;N/A;Usado;Gris;No;Hidráulica;Delantera;Sí;N/A;N/A;N/A;N/A;N/A;N/A;N/A;N/A;N/A;N/A;N/A;N/A;N/A;N/A;N/A;N/A;N/A;N/A;N/A;N/A;N/A;N/A;N/A;N/A;"2472 mm";"1.2 L";"50 L";N/A;N/A;N/A;N/A;N/A;N/A;N/A;N/A;N/A;N/A;N/A;N/A;N/A;N/A;N/A;N/A;N/A;N/A;N/A;N/A;N/A;N/A;N/A;N/A;N/A;N/A;N/A;N/A;N/A;N/A;N/A;N/A;N/A;N/A;N/A;N/A;N/A;N/A;N/A;N/A;N/A;N/A;N/A;N/A;N/A;N/A;"1417 mm";"3813 mm";N/A;N/A;N/A;N/A;5;"75 hp";Authentique;N/A;4;"1639 mm";N/A;N/A;N/A;N/A;N/A;N/A;N/A;N/A;N/A;N/A;N/A;N/A;N/A;N/A;N/A;N/A;N/A;N/A;5;1.2;Nafta;Automática;Hatchback;"Autos y camionetas";N/A;N/A;N/A;N/A;N/A;N/A;UY;N/A;N/A;N/A;N/A;N/A;N/A;N/A;N/A;N/A;N/A;N/A;N/A;N/A;N/A;N/A;N/A;N/A;N/A;N/A;N/A;N/A;N/A;N/A;N/A;N/A;N/A;N/A;N/A;N/A;N/A;N/A;N/A;N/A;N/A;N/A;N/A;N/A;N/A;N/A;N/A;N/A;N/A;N/A;N/A;N/A;N/A;N/A;N/A;N/A;N/A;N/A;N/A;N/A;N/A;N/A;N/A;N/A;N/A;N/A;N/A;N/A;N/A;N/A;N/A;N/A;N/A;N/A;N/A;N/A;N/A;N/A;N/A;N/A;N/A;N/A;N/A;N/A;N/A;N/A;N/A;N/A;N/A;N/A;N/A;N/A;N/A;N/A;N/A;N/A;N/A;N/A;N/A;N/A;N/A;N/A;N/A;N/A;N/A;N/A;N/A;N/A;N/A;N/A;N/A;N/A;N/A;N/A;N/A;N/A;N/A;N/A;N/A;N/A;N/A;N/A
Renault;Clio;"1.2 Authentique Pack";2006;"360000 km";;ELYJOGY;180000;;;;;Solymar;https://auto.mercadolibre.com.uy/MLU-647402617-renault-clio-12-authentique-pack-_JM;N/A;;"Renault Clio 1.2 Authentique Pack";usd;No;free;false;N/A;N/A;http://perfil.mercadolibre.com.uy/ELYJOGY;active;N/A;N/A;Usado;Azul;No;Hidráulica;Delantera;Sí;Sí;N/A;N/A;N/A;N/A;N/A;N/A;N/A;N/A;N/A;N/A;N/A;N/A;N/A;N/A;N/A;N/A;N/A;N/A;N/A;N/A;N/A;N/A;N/A;"2472 mm";"1.2 L";"50 L";5;N/A;N/A;N/A;N/A;N/A;N/A;N/A;N/A;N/A;N/A;N/A;N/A;N/A;N/A;N/A;N/A;N/A;N/A;N/A;N/A;N/A;N/A;N/A;N/A;N/A;N/A;N/A;N/A;N/A;N/A;N/A;N/A;N/A;N/A;N/A;N/A;N/A;N/A;N/A;N/A;N/A;N/A;N/A;N/A;N/A;"1435 mm";"3773 mm";N/A;N/A;N/A;N/A;5;"75 hp";Authentique;N/A;4;"1639 mm";N/A;N/A;N/A;N/A;Sí;N/A;Sí;No;N/A;N/A;N/A;N/A;N/A;N/A;N/A;N/A;N/A;"Lunes a lunes de 8hs a 22hs";5;1.2;Nafta;Manual;Hatchback;"Autos y camionetas";Sí;N/A;N/A;N/A;N/A;N/A;UY;N/A;No;N/A;N/A;N/A;N/A;N/A;N/A;N/A;N/A;N/A;N/A;N/A;N/A;N/A;N/A;N/A;N/A;N/A;N/A;N/A;N/A;N/A;N/A;N/A;N/A;N/A;N/A;N/A;N/A;N/A;N/A;N/A;N/A;N/A;N/A;No;N/A;N/A;N/A;N/A;N/A;N/A;N/A;N/A;N/A;N/A;N/A;N/A;N/A;N/A;N/A;N/A;N/A;No;Sí;N/A;N/A;N/A;N/A;N/A;N/A;N/A;N/A;N/A;N/A;N/A;N/A;N/A;N/A;N/A;N/A;N/A;N/A;N/A;N/A;N/A;N/A;N/A;N/A;N/A;N/A;N/A;N/A;N/A;N/A;N/A;N/A;N/A;N/A;Sí;N/A;N/A;N/A;N/A;N/A;N/A;N/A;N/A;N/A;N/A;Sí;N/A;N/A;N/A;Sí;Sí;Sí;Sí;Sí;Sí;Sí;Sí;N/A;Sí
Renault;Symbol;"1.6 Confort";2011;"280000 km";;ESPINOSAMARTIN20220615073513;6500;;;;;Minas;https://auto.mercadolibre.com.uy/MLU-647336761-renault-symbol-16-confort-_JM;N/A;;"Renault Symbol 1.6 Confort";usd;Sí;free;false;N/A;N/A;http://perfil.mercadolibre.com.uy/ESPINOSAMARTIN20220615073513;active;N/A;N/A;Usado;Rojo;No;Hidráulica;Delantera;N/A;N/A;Sí;N/A;N/A;N/A;N/A;N/A;N/A;N/A;N/A;N/A;N/A;N/A;N/A;N/A;N/A;N/A;N/A;N/A;N/A;N/A;N/A;N/A;N/A;"2473 mm";"1.6 L";"50 L";5;N/A;N/A;N/A;N/A;N/A;N/A;N/A;N/A;N/A;N/A;N/A;N/A;N/A;N/A;N/A;N/A;N/A;N/A;N/A;N/A;N/A;N/A;N/A;N/A;N/A;N/A;N/A;N/A;N/A;N/A;N/A;N/A;N/A;N/A;N/A;N/A;N/A;N/A;N/A;N/A;N/A;N/A;N/A;N/A;N/A;"1439 mm";"4261 mm";N/A;N/A;N/A;N/A;5;"106 hp";Confort;N/A;4;"1672 mm";N/A;N/A;N/A;N/A;N/A;N/A;N/A;Sí;N/A;N/A;N/A;N/A;N/A;N/A;N/A;N/A;N/A;N/A;4;1.6;Nafta;Manual;Sedán;"Autos y camionetas";N/A;N/A;N/A;N/A;N/A;N/A;UY;N/A;N/A;N/A;N/A;N/A;N/A;N/A;N/A;N/A;N/A;N/A;N/A;N/A;N/A;N/A;N/A;N/A;N/A;N/A;N/A;N/A;N/A;N/A;N/A;N/A;N/A;N/A;N/A;N/A;N/A;N/A;N/A;N/A;N/A;N/A;N/A;N/A;N/A;N/A;N/A;N/A;N/A;N/A;N/A;N/A;N/A;N/A;N/A;N/A;N/A;N/A;N/A;N/A;N/A;N/A;N/A;N/A;N/A;N/A;N/A;N/A;N/A;N/A;N/A;N/A;N/A;N/A;N/A;N/A;N/A;N/A;N/A;N/A;N/A;N/A;N/A;N/A;N/A;N/A;N/A;N/A;N/A;N/A;N/A;N/A;N/A;N/A;N/A;N/A;N/A;N/A;N/A;N/A;N/A;N/A;N/A;N/A;N/A;N/A;N/A;N/A;N/A;N/A;N/A;N/A;N/A;N/A;N/A;N/A;N/A;N/A;N/A;N/A;N/A;N/A
Renault;Captur;"0.9 Tce90 Expression";2016;"63186 km";;LUCIACHUMINO;16700;;;;;Paysandú;https://auto.mercadolibre.com.uy/MLU-703932830-renault-captur-09-tce90-expression-_JM;N/A;;"Renault Captur 0.9 Tce90 Expression";usd;Sí;free;false;N/A;N/A;http://perfil.mercadolibre.com.uy/LUCIACHUMINO;active;N/A;N/A;Usado;Gris;Sí;Hidráulica;Delantera;Sí;N/A;N/A;N/A;N/A;N/A;N/A;N/A;N/A;N/A;N/A;N/A;N/A;N/A;N/A;N/A;N/A;N/A;N/A;N/A;N/A;N/A;N/A;N/A;N/A;"2606 mm";"0.9 L";"45 L";5;N/A;N/A;N/A;N/A;N/A;N/A;N/A;N/A;N/A;N/A;N/A;N/A;N/A;N/A;N/A;N/A;N/A;N/A;N/A;N/A;N/A;N/A;N/A;N/A;N/A;N/A;N/A;N/A;N/A;N/A;N/A;N/A;N/A;N/A;N/A;N/A;N/A;N/A;N/A;N/A;N/A;N/A;N/A;N/A;N/A;"1566 mm";"4122 mm";N/A;N/A;N/A;N/A;5;"90 hp";Expression;N/A;4;"1778 mm";N/A;N/A;N/A;N/A;N/A;N/A;N/A;N/A;N/A;N/A;N/A;N/A;N/A;N/A;N/A;N/A;N/A;"Solo llamadas de lunes a viernes 9:00 a 17:00 horas";5;0.9;Nafta;Manual;Hatchback;"Autos y camionetas";N/A;N/A;N/A;N/A;N/A;N/A;UY;N/A;N/A;N/A;N/A;N/A;N/A;N/A;N/A;N/A;N/A;N/A;N/A;N/A;N/A;N/A;N/A;N/A;N/A;N/A;N/A;N/A;N/A;N/A;N/A;N/A;N/A;N/A;N/A;N/A;N/A;N/A;N/A;N/A;N/A;N/A;N/A;N/A;N/A;N/A;N/A;N/A;N/A;N/A;N/A;N/A;N/A;N/A;N/A;N/A;N/A;N/A;N/A;N/A;N/A;N/A;N/A;N/A;N/A;N/A;N/A;N/A;N/A;N/A;N/A;N/A;N/A;N/A;N/A;N/A;N/A;N/A;N/A;N/A;N/A;N/A;N/A;N/A;N/A;N/A;N/A;N/A;N/A;N/A;N/A;N/A;N/A;N/A;N/A;N/A;N/A;N/A;N/A;N/A;N/A;N/A;N/A;N/A;N/A;N/A;N/A;N/A;N/A;N/A;N/A;N/A;N/A;N/A;N/A;N/A;N/A;N/A;N/A;N/A;N/A;N/A
Renault;Megane;Sedan;2008;"200 km";;NANDOO_17;7300;;;;;Centro;https://auto.mercadolibre.com.uy/MLU-703837148-megane-sedan-full-_JM;N/A;;"Megane  Sedan Full";USD;Sí;free;false;N/A;N/A;http://perfil.mercadolibre.com.uy/NANDOO_17;active;N/A;N/A;Usado;Blanco;N/A;Hidráulica;4x2;N/A;N/A;N/A;N/A;N/A;N/A;N/A;N/A;N/A;N/A;N/A;N/A;N/A;N/A;N/A;N/A;N/A;N/A;N/A;N/A;N/A;N/A;N/A;N/A;N/A;N/A;N/A;N/A;N/A;N/A;N/A;N/A;N/A;N/A;N/A;N/A;N/A;N/A;N/A;N/A;N/A;N/A;N/A;N/A;N/A;N/A;N/A;N/A;N/A;N/A;N/A;N/A;N/A;N/A;N/A;N/A;N/A;N/A;N/A;N/A;N/A;N/A;N/A;N/A;N/A;N/A;N/A;N/A;N/A;N/A;N/A;N/A;N/A;N/A;N/A;N/A;N/A;N/A;N/A;N/A;N/A;N/A;N/A;N/A;N/A;N/A;N/A;N/A;N/A;N/A;N/A;N/A;N/A;N/A;N/A;N/A;N/A;N/A;N/A;N/A;N/A;N/A;N/A;"Todo el dia";4;N/A;Nafta;Manual;N/A;"Autos y camionetas";N/A;N/A;N/A;N/A;N/A;N/A;N/A;N/A;N/A;N/A;N/A;N/A;N/A;N/A;N/A;N/A;N/A;N/A;N/A;N/A;N/A;N/A;N/A;N/A;N/A;N/A;N/A;N/A;N/A;N/A;N/A;N/A;N/A;N/A;N/A;N/A;N/A;N/A;N/A;N/A;N/A;N/A;N/A;N/A;N/A;N/A;N/A;N/A;N/A;N/A;N/A;N/A;N/A;N/A;N/A;N/A;N/A;N/A;N/A;N/A;N/A;N/A;N/A;N/A;N/A;N/A;N/A;N/A;N/A;N/A;N/A;N/A;N/A;N/A;N/A;N/A;N/A;N/A;N/A;N/A;N/A;N/A;N/A;N/A;N/A;N/A;N/A;N/A;N/A;N/A;N/A;N/A;N/A;N/A;N/A;N/A;N/A;N/A;N/A;N/A;N/A;N/A;N/A;N/A;N/A;N/A;N/A;N/A;N/A;N/A;N/A;N/A;N/A;N/A;N/A;N/A;N/A;N/A;N/A;N/A;N/A;N/A
Renault;Stepway;"1.0 Zen Mt";2024;"22500 km";;BRUSCHERASEBASTIAN;17900;;;;;"Parque Rodó";https://auto.mercadolibre.com.uy/MLU-703367860-renault-stepway-10-zen-mt-_JM;N/A;;"Renault Stepway 1.0 Zen Mt";usd;Sí;free;false;N/A;N/A;http://perfil.mercadolibre.com.uy/BRUSCHERASEBASTIAN;active;N/A;N/A;Usado;Blanco;N/A;N/A;Delantera;N/A;N/A;N/A;N/A;N/A;N/A;N/A;N/A;N/A;N/A;N/A;N/A;N/A;N/A;N/A;N/A;N/A;N/A;N/A;N/A;N/A;N/A;N/A;N/A;N/A;"2590 mm";"1 L";"50 L";5;N/A;N/A;N/A;N/A;N/A;N/A;N/A;N/A;N/A;N/A;N/A;N/A;N/A;N/A;N/A;N/A;N/A;N/A;N/A;N/A;N/A;N/A;N/A;N/A;N/A;N/A;N/A;N/A;N/A;N/A;N/A;N/A;N/A;N/A;N/A;N/A;N/A;N/A;N/A;N/A;N/A;N/A;N/A;N/A;N/A;"1630 mm";"4070 mm";N/A;N/A;N/A;N/A;5;"79 hp";Zen;N/A;4;"1730 mm";N/A;N/A;N/A;N/A;N/A;N/A;N/A;N/A;N/A;N/A;N/A;N/A;N/A;N/A;N/A;N/A;N/A;N/A;5;1.0;Nafta;Manual;Hatchback;"Autos y camionetas";N/A;N/A;N/A;N/A;N/A;N/A;UY;N/A;N/A;N/A;N/A;N/A;N/A;N/A;N/A;N/A;N/A;N/A;N/A;N/A;N/A;N/A;N/A;N/A;N/A;N/A;N/A;N/A;N/A;N/A;N/A;N/A;N/A;N/A;N/A;N/A;N/A;N/A;N/A;N/A;N/A;N/A;N/A;N/A;N/A;N/A;N/A;N/A;N/A;N/A;N/A;N/A;N/A;N/A;N/A;N/A;N/A;N/A;N/A;N/A;N/A;N/A;N/A;N/A;N/A;N/A;N/A;N/A;N/A;N/A;N/A;N/A;N/A;N/A;N/A;N/A;N/A;N/A;N/A;N/A;N/A;N/A;N/A;N/A;N/A;N/A;N/A;N/A;N/A;N/A;N/A;N/A;N/A;N/A;N/A;N/A;N/A;N/A;N/A;N/A;N/A;N/A;N/A;N/A;N/A;N/A;N/A;N/A;N/A;N/A;N/A;N/A;N/A;N/A;N/A;N/A;N/A;N/A;N/A;N/A;N/A;N/A
Renault;Megane;Sedan;2005;"318000 km";;MASE4995807;6300;;;;;"Ciudad del Plata";https://auto.mercadolibre.com.uy/MLU-647220461-renault-megane-sedan-_JM;N/A;;"Renault Megane Sedan ";USD;No;free;false;N/A;N/A;http://perfil.mercadolibre.com.uy/MASE4995807;active;N/A;N/A;Usado;N/A;N/A;N/A;N/A;N/A;N/A;N/A;N/A;N/A;N/A;N/A;N/A;N/A;N/A;N/A;N/A;N/A;N/A;N/A;N/A;N/A;N/A;N/A;N/A;N/A;N/A;N/A;N/A;N/A;N/A;N/A;N/A;N/A;N/A;N/A;N/A;N/A;N/A;N/A;N/A;N/A;N/A;N/A;N/A;N/A;N/A;N/A;N/A;N/A;N/A;N/A;N/A;N/A;N/A;N/A;N/A;N/A;N/A;N/A;N/A;N/A;N/A;N/A;N/A;N/A;N/A;N/A;N/A;N/A;N/A;N/A;N/A;N/A;N/A;N/A;N/A;N/A;N/A;N/A;N/A;N/A;N/A;N/A;N/A;N/A;N/A;N/A;N/A;N/A;N/A;N/A;N/A;N/A;N/A;N/A;N/A;N/A;N/A;N/A;N/A;N/A;N/A;N/A;N/A;N/A;N/A;N/A;N/A;5;N/A;Diésel;N/A;N/A;"Autos y camionetas";N/A;N/A;N/A;N/A;N/A;N/A;N/A;N/A;N/A;N/A;N/A;N/A;N/A;N/A;N/A;N/A;N/A;N/A;N/A;N/A;N/A;N/A;N/A;N/A;N/A;N/A;N/A;N/A;N/A;N/A;N/A;N/A;N/A;N/A;N/A;N/A;N/A;N/A;N/A;N/A;N/A;N/A;N/A;N/A;N/A;N/A;N/A;N/A;N/A;N/A;N/A;N/A;N/A;N/A;N/A;N/A;N/A;N/A;N/A;N/A;N/A;N/A;N/A;N/A;N/A;N/A;N/A;N/A;N/A;N/A;N/A;N/A;N/A;N/A;N/A;N/A;N/A;N/A;N/A;N/A;N/A;N/A;N/A;N/A;N/A;N/A;N/A;N/A;N/A;N/A;N/A;N/A;N/A;N/A;N/A;N/A;N/A;N/A;N/A;N/A;N/A;N/A;N/A;N/A;N/A;N/A;N/A;N/A;N/A;N/A;N/A;N/A;N/A;N/A;N/A;N/A;N/A;N/A;N/A;N/A;N/A;N/A
Renault;Kwid;"1.0 Sce 66cv Zen";2018;"84000 km";;GUSMANZANA;10800;;;;;Larrañaga;https://auto.mercadolibre.com.uy/MLU-703031832-renault-kwid-zen-10-mt-_JM;N/A;;"Renault Kwid Zen 1.0 Mt";usd;Sí;free;false;N/A;N/A;http://perfil.mercadolibre.com.uy/GUSMANZANA;active;N/A;N/A;Usado;Naranja;N/A;Hidráulica;Delantera;N/A;N/A;Sí;N/A;N/A;N/A;N/A;N/A;N/A;N/A;N/A;N/A;N/A;N/A;N/A;N/A;N/A;N/A;N/A;N/A;N/A;N/A;N/A;N/A;N/A;"2423 mm";"1 L";"50 L";5;N/A;N/A;N/A;N/A;N/A;N/A;N/A;N/A;N/A;N/A;N/A;N/A;N/A;N/A;N/A;N/A;N/A;N/A;N/A;N/A;N/A;N/A;N/A;N/A;N/A;N/A;N/A;N/A;N/A;N/A;N/A;N/A;N/A;N/A;N/A;N/A;N/A;N/A;N/A;N/A;N/A;N/A;N/A;N/A;N/A;"1474 mm";"3680 mm";N/A;N/A;N/A;N/A;5;"66 hp";Zen;N/A;4;"1752 mm";N/A;N/A;N/A;N/A;N/A;N/A;N/A;N/A;N/A;N/A;N/A;N/A;N/A;N/A;N/A;N/A;N/A;"Lunes a Viernes 08:00 a 18:00";5;1.0;Nafta;Manual;Hatchback;"Autos y camionetas";N/A;N/A;N/A;N/A;N/A;N/A;UY;N/A;N/A;N/A;N/A;N/A;N/A;N/A;N/A;N/A;N/A;N/A;N/A;N/A;N/A;N/A;N/A;N/A;N/A;N/A;N/A;N/A;N/A;N/A;N/A;N/A;N/A;N/A;N/A;N/A;N/A;N/A;N/A;N/A;N/A;N/A;N/A;N/A;N/A;N/A;N/A;N/A;N/A;N/A;N/A;N/A;N/A;N/A;N/A;N/A;N/A;N/A;N/A;N/A;N/A;N/A;N/A;N/A;N/A;N/A;N/A;N/A;N/A;N/A;N/A;N/A;N/A;N/A;N/A;N/A;N/A;N/A;N/A;N/A;N/A;N/A;N/A;N/A;N/A;N/A;N/A;N/A;N/A;N/A;N/A;N/A;N/A;N/A;N/A;N/A;N/A;N/A;N/A;N/A;N/A;N/A;N/A;N/A;N/A;N/A;N/A;N/A;N/A;N/A;N/A;N/A;N/A;N/A;N/A;N/A;N/A;N/A;N/A;N/A;N/A;N/A
Renault;Oroch;"1.6 Sce Intens Outsider 2Wd Mt";2018;"130000 km";;SICA3797680;15000;;;;;"Paso de la Arena";https://auto.mercadolibre.com.uy/MLU-702775636-ranault-oroch-_JM;N/A;;"Ranault Oroch";USD;Sí;free;false;N/A;N/A;http://perfil.mercadolibre.com.uy/SICA3797680;active;N/A;N/A;Usado;Blanco;No;Hidráulica;Delantera;N/A;N/A;N/A;N/A;N/A;N/A;N/A;N/A;N/A;N/A;N/A;N/A;N/A;N/A;N/A;N/A;N/A;N/A;N/A;N/A;N/A;N/A;N/A;N/A;N/A;N/A;N/A;N/A;N/A;N/A;N/A;N/A;N/A;N/A;N/A;N/A;N/A;N/A;N/A;N/A;N/A;N/A;N/A;N/A;N/A;N/A;N/A;N/A;N/A;N/A;N/A;N/A;N/A;N/A;N/A;N/A;N/A;N/A;N/A;N/A;N/A;N/A;N/A;N/A;N/A;N/A;N/A;N/A;N/A;N/A;N/A;N/A;N/A;N/A;N/A;N/A;N/A;N/A;N/A;N/A;N/A;N/A;N/A;N/A;N/A;N/A;N/A;N/A;N/A;N/A;N/A;N/A;N/A;N/A;N/A;N/A;N/A;N/A;N/A;N/A;N/A;N/A;N/A;N/A;4;1.6;Nafta;Manual;Pick-Up;"Autos y camionetas";N/A;N/A;N/A;N/A;N/A;N/A;N/A;N/A;N/A;N/A;N/A;N/A;N/A;N/A;N/A;N/A;N/A;N/A;N/A;N/A;N/A;N/A;N/A;N/A;N/A;N/A;N/A;N/A;N/A;N/A;N/A;N/A;N/A;N/A;N/A;N/A;N/A;N/A;N/A;N/A;N/A;N/A;N/A;N/A;N/A;N/A;N/A;N/A;N/A;N/A;N/A;N/A;N/A;N/A;N/A;N/A;N/A;N/A;N/A;N/A;N/A;N/A;N/A;N/A;N/A;N/A;N/A;N/A;N/A;N/A;N/A;N/A;N/A;N/A;N/A;N/A;N/A;N/A;N/A;N/A;N/A;N/A;N/A;N/A;N/A;N/A;N/A;N/A;N/A;N/A;N/A;N/A;N/A;N/A;N/A;N/A;N/A;N/A;N/A;N/A;N/A;N/A;N/A;N/A;N/A;N/A;N/A;N/A;N/A;N/A;N/A;N/A;N/A;N/A;N/A;N/A;N/A;N/A;N/A;N/A;N/A;N/A
Renault;Clio;"1.2 energy";1995;"286000 km";;COPA1467581;3500;;;;;Colón;https://auto.mercadolibre.com.uy/MLU-702808182-renault-clio-12-_JM;N/A;;"Renault Clio 1.2";USD;No;free;false;N/A;N/A;http://perfil.mercadolibre.com.uy/COPA1467581;active;N/A;N/A;Usado;Blanco;N/A;Asistida;N/A;N/A;N/A;N/A;N/A;N/A;N/A;N/A;N/A;N/A;N/A;N/A;N/A;N/A;N/A;N/A;N/A;N/A;N/A;N/A;N/A;N/A;N/A;N/A;N/A;N/A;N/A;N/A;N/A;N/A;N/A;N/A;N/A;N/A;N/A;N/A;N/A;N/A;N/A;N/A;N/A;N/A;N/A;N/A;N/A;N/A;N/A;N/A;N/A;N/A;N/A;N/A;N/A;N/A;N/A;N/A;N/A;N/A;N/A;N/A;N/A;N/A;N/A;N/A;N/A;N/A;N/A;N/A;N/A;N/A;N/A;N/A;N/A;N/A;N/A;N/A;N/A;N/A;N/A;N/A;N/A;N/A;N/A;N/A;N/A;N/A;N/A;N/A;N/A;N/A;N/A;N/A;N/A;N/A;N/A;N/A;N/A;N/A;N/A;N/A;N/A;N/A;N/A;N/A;N/A;2;1.2;Nafta;Manual;N/A;"Autos y camionetas";N/A;N/A;N/A;N/A;N/A;N/A;N/A;N/A;N/A;N/A;N/A;N/A;N/A;N/A;N/A;N/A;N/A;N/A;N/A;N/A;N/A;N/A;N/A;N/A;N/A;N/A;N/A;N/A;N/A;N/A;N/A;N/A;N/A;N/A;N/A;N/A;N/A;N/A;N/A;N/A;N/A;N/A;N/A;N/A;N/A;N/A;N/A;N/A;N/A;N/A;N/A;N/A;N/A;N/A;N/A;N/A;N/A;N/A;N/A;N/A;N/A;N/A;N/A;N/A;N/A;N/A;N/A;N/A;N/A;N/A;N/A;N/A;N/A;N/A;N/A;N/A;N/A;N/A;N/A;N/A;N/A;N/A;N/A;N/A;N/A;N/A;N/A;N/A;N/A;N/A;N/A;N/A;N/A;N/A;N/A;N/A;N/A;N/A;N/A;N/A;N/A;N/A;N/A;N/A;N/A;N/A;N/A;N/A;N/A;N/A;N/A;N/A;N/A;N/A;N/A;N/A;N/A;N/A;N/A;N/A;N/A;N/A
Renault;Kwid;"1.0 Sce 66cv Life";2020;"96000 km";;SILVIAMELFI;10900;;;;;Colón;https://auto.mercadolibre.com.uy/MLU-706227994-renault-kwid-2020-10-sce-66cv-life-_JM;N/A;;"Renault Kwid 2020 1.0 Sce 66cv Life";usd;Sí;free;false;N/A;N/A;http://perfil.mercadolibre.com.uy/SILVIAMELFI;active;N/A;N/A;Usado;N/A;N/A;N/A;Delantera;N/A;N/A;Sí;N/A;N/A;N/A;N/A;N/A;N/A;N/A;N/A;N/A;N/A;N/A;N/A;N/A;N/A;N/A;N/A;N/A;N/A;N/A;N/A;N/A;N/A;"2423 mm";"1 L";"50 L";5;N/A;N/A;N/A;N/A;N/A;N/A;N/A;N/A;N/A;N/A;N/A;N/A;N/A;N/A;N/A;N/A;N/A;N/A;N/A;N/A;N/A;N/A;N/A;N/A;N/A;N/A;N/A;N/A;N/A;N/A;N/A;N/A;N/A;N/A;N/A;N/A;N/A;N/A;N/A;N/A;N/A;N/A;N/A;N/A;N/A;"1474 mm";"3680 mm";N/A;N/A;N/A;N/A;5;"66 hp";Life;N/A;4;"1752 mm";N/A;N/A;N/A;N/A;N/A;N/A;N/A;N/A;N/A;N/A;N/A;N/A;N/A;N/A;N/A;N/A;N/A;N/A;5;1.0;Nafta;Manual;Hatchback;"Autos y camionetas";N/A;N/A;N/A;N/A;N/A;N/A;UY;N/A;N/A;N/A;N/A;N/A;N/A;N/A;N/A;N/A;N/A;N/A;N/A;N/A;N/A;N/A;N/A;N/A;N/A;N/A;N/A;N/A;N/A;N/A;N/A;N/A;N/A;N/A;N/A;N/A;N/A;N/A;N/A;N/A;N/A;N/A;N/A;N/A;N/A;N/A;N/A;N/A;N/A;N/A;N/A;N/A;N/A;N/A;N/A;N/A;N/A;N/A;N/A;N/A;N/A;N/A;N/A;N/A;N/A;N/A;N/A;N/A;N/A;N/A;N/A;N/A;N/A;N/A;N/A;N/A;N/A;N/A;N/A;N/A;N/A;N/A;N/A;N/A;N/A;N/A;N/A;N/A;N/A;N/A;N/A;N/A;N/A;N/A;N/A;N/A;N/A;N/A;N/A;N/A;N/A;N/A;N/A;N/A;N/A;N/A;N/A;N/A;N/A;N/A;N/A;N/A;N/A;N/A;N/A;N/A;N/A;N/A;N/A;N/A;N/A;N/A
Renault;Megane;"1.6 Tric Sl Exception";2007;"240000 km";;"LANUS GRANATE";5500;;;;;N/A;https://auto.mercadolibre.com.uy/MLU-704346682-renault-megane-16-tric-sl-exception-_JM;N/A;;"Renault Megane 1.6 Tric Sl Exception";usd;No;free;false;N/A;N/A;http://perfil.mercadolibre.com.uy/LANUS+GRANATE;active;N/A;N/A;Usado;Blanco;No;Hidráulica;Delantera;N/A;N/A;Sí;N/A;N/A;N/A;N/A;N/A;N/A;N/A;N/A;N/A;N/A;N/A;N/A;N/A;N/A;N/A;N/A;N/A;N/A;N/A;N/A;N/A;N/A;"2625 mm";"1.6 L";"60 L";5;N/A;N/A;N/A;N/A;N/A;N/A;N/A;N/A;N/A;N/A;N/A;N/A;N/A;N/A;N/A;N/A;N/A;N/A;N/A;N/A;N/A;N/A;N/A;N/A;N/A;N/A;N/A;N/A;N/A;N/A;N/A;N/A;N/A;Sí;N/A;N/A;N/A;N/A;N/A;N/A;N/A;N/A;N/A;N/A;N/A;"1435 mm";"4436 mm";N/A;N/A;N/A;N/A;5;"110 hp";Exception;N/A;4;"1777 mm";N/A;N/A;N/A;N/A;Sí;N/A;N/A;Sí;N/A;N/A;N/A;N/A;N/A;N/A;N/A;N/A;N/A;N/A;4;1.6;Nafta;Manual;Sedán;"Autos y camionetas";N/A;N/A;N/A;N/A;N/A;N/A;UY;N/A;N/A;N/A;N/A;N/A;N/A;N/A;N/A;N/A;N/A;N/A;N/A;N/A;N/A;N/A;N/A;N/A;N/A;N/A;N/A;N/A;N/A;N/A;N/A;N/A;N/A;N/A;N/A;N/A;N/A;N/A;N/A;N/A;N/A;N/A;N/A;N/A;N/A;N/A;N/A;N/A;N/A;N/A;N/A;N/A;N/A;N/A;N/A;N/A;N/A;N/A;N/A;N/A;N/A;N/A;N/A;N/A;N/A;N/A;N/A;N/A;N/A;N/A;N/A;N/A;N/A;N/A;N/A;N/A;N/A;N/A;N/A;N/A;N/A;N/A;N/A;N/A;N/A;N/A;N/A;N/A;N/A;N/A;N/A;N/A;N/A;N/A;N/A;N/A;N/A;N/A;N/A;N/A;N/A;N/A;N/A;N/A;N/A;N/A;N/A;N/A;N/A;N/A;N/A;N/A;Sí;N/A;N/A;N/A;N/A;N/A;N/A;N/A;N/A;N/A
Renault;Oroch;"expression 1.6";2018;"140 km";;JEANLUCASAGUILAR;14500;;;;;Paysandú;https://auto.mercadolibre.com.uy/MLU-703121610-renault-oroch-_JM;N/A;;"Renault Oroch";USD;Sí;free;false;N/A;N/A;http://perfil.mercadolibre.com.uy/JEANLUCASAGUILAR;active;N/A;N/A;Usado;Verde;N/A;Hidráulica;N/A;N/A;N/A;N/A;N/A;N/A;N/A;N/A;N/A;N/A;N/A;N/A;N/A;N/A;N/A;N/A;N/A;N/A;N/A;N/A;N/A;N/A;N/A;N/A;N/A;N/A;N/A;N/A;N/A;N/A;N/A;N/A;N/A;N/A;N/A;N/A;N/A;N/A;N/A;N/A;N/A;N/A;N/A;N/A;N/A;N/A;N/A;N/A;N/A;N/A;N/A;N/A;N/A;N/A;N/A;N/A;N/A;N/A;N/A;N/A;N/A;N/A;N/A;N/A;N/A;N/A;N/A;N/A;N/A;N/A;N/A;N/A;N/A;N/A;N/A;N/A;N/A;N/A;N/A;N/A;N/A;N/A;N/A;N/A;N/A;N/A;N/A;N/A;N/A;N/A;N/A;N/A;N/A;N/A;N/A;N/A;N/A;N/A;N/A;N/A;N/A;N/A;N/A;N/A;N/A;4;1.6;Nafta;Manual;N/A;"Autos y camionetas";N/A;N/A;N/A;N/A;N/A;N/A;N/A;N/A;N/A;N/A;N/A;N/A;N/A;N/A;N/A;N/A;N/A;N/A;N/A;N/A;N/A;N/A;N/A;N/A;N/A;N/A;N/A;N/A;N/A;N/A;N/A;N/A;N/A;N/A;N/A;N/A;N/A;N/A;N/A;N/A;N/A;N/A;N/A;N/A;N/A;N/A;N/A;N/A;N/A;N/A;N/A;N/A;N/A;N/A;N/A;N/A;N/A;N/A;N/A;N/A;N/A;N/A;N/A;N/A;N/A;N/A;N/A;N/A;N/A;N/A;N/A;N/A;N/A;N/A;N/A;N/A;N/A;N/A;N/A;N/A;N/A;N/A;N/A;N/A;N/A;N/A;N/A;N/A;N/A;N/A;N/A;N/A;N/A;N/A;N/A;N/A;N/A;N/A;N/A;N/A;N/A;N/A;N/A;N/A;N/A;N/A;N/A;N/A;N/A;N/A;N/A;N/A;N/A;N/A;N/A;N/A;N/A;N/A;N/A;N/A;N/A;N/A
Renault;Kwid;"1.0 Sce 66cv Intense";2022;"60700 km";;ANDRESMENDIBOURE;12100;;;;;"La Paz";https://auto.mercadolibre.com.uy/MLU-702866362-renault-kwid-10-sce-66cv-intense-_JM;N/A;;"Renault Kwid 1.0 Sce 66cv Intense";usd;Sí;free;false;N/A;N/A;http://perfil.mercadolibre.com.uy/ANDRESMENDIBOURE;active;N/A;N/A;Usado;Dorado;Sí;N/A;Delantera;N/A;N/A;Sí;N/A;N/A;N/A;N/A;N/A;N/A;N/A;N/A;N/A;N/A;N/A;N/A;N/A;N/A;N/A;N/A;N/A;N/A;N/A;N/A;N/A;N/A;"2423 mm";"1 L";"50 L";5;N/A;N/A;N/A;N/A;N/A;N/A;N/A;N/A;N/A;N/A;N/A;N/A;N/A;N/A;N/A;N/A;N/A;N/A;N/A;N/A;N/A;N/A;N/A;N/A;N/A;N/A;N/A;N/A;N/A;N/A;N/A;N/A;N/A;N/A;N/A;N/A;N/A;N/A;N/A;N/A;N/A;N/A;N/A;N/A;N/A;"1474 mm";"3680 mm";N/A;N/A;N/A;N/A;5;"66 hp";Intense;N/A;4;"1752 mm";N/A;N/A;N/A;N/A;N/A;N/A;N/A;N/A;N/A;N/A;N/A;N/A;N/A;N/A;N/A;N/A;N/A;N/A;5;1.0;Nafta;Manual;Hatchback;"Autos y camionetas";N/A;N/A;N/A;N/A;N/A;N/A;UY;N/A;N/A;N/A;N/A;N/A;N/A;N/A;N/A;N/A;N/A;N/A;N/A;N/A;N/A;N/A;N/A;N/A;N/A;N/A;N/A;N/A;N/A;N/A;N/A;N/A;N/A;N/A;N/A;N/A;N/A;N/A;N/A;N/A;N/A;N/A;N/A;N/A;N/A;N/A;N/A;N/A;N/A;N/A;N/A;N/A;N/A;N/A;N/A;N/A;N/A;N/A;N/A;N/A;N/A;N/A;N/A;N/A;N/A;N/A;N/A;N/A;N/A;N/A;N/A;N/A;N/A;N/A;N/A;N/A;N/A;N/A;N/A;N/A;N/A;N/A;N/A;N/A;N/A;N/A;N/A;N/A;N/A;N/A;N/A;N/A;N/A;N/A;N/A;N/A;N/A;N/A;N/A;N/A;N/A;N/A;N/A;N/A;N/A;N/A;N/A;N/A;N/A;N/A;N/A;N/A;N/A;N/A;N/A;N/A;N/A;N/A;N/A;N/A;N/A;N/A
Renault;R18;"1.6 Ts";1993;"200000 km";;YOANNAREY;2500;;;;;Paysandú;https://auto.mercadolibre.com.uy/MLU-704446834-renault-r18-1993-16-ts-_JM;N/A;;"Renault R18 1993 1.6 Ts";usd;No;free;false;N/A;N/A;http://perfil.mercadolibre.com.uy/YOANNAREY;active;N/A;N/A;Usado;N/A;N/A;Hidráulica;Delantera;N/A;N/A;N/A;N/A;N/A;N/A;N/A;N/A;N/A;N/A;N/A;N/A;N/A;N/A;N/A;N/A;N/A;N/A;N/A;N/A;N/A;N/A;N/A;N/A;N/A;"2441 mm";"1.6 L";"53 L";5;N/A;N/A;N/A;N/A;N/A;N/A;N/A;N/A;N/A;N/A;N/A;N/A;N/A;N/A;N/A;N/A;N/A;N/A;N/A;N/A;N/A;N/A;N/A;N/A;N/A;N/A;N/A;N/A;N/A;N/A;N/A;N/A;N/A;N/A;N/A;N/A;N/A;N/A;N/A;N/A;N/A;N/A;N/A;N/A;N/A;"1401 mm";"4390 mm";N/A;N/A;N/A;N/A;5;"90 hp";Ts;N/A;2;"1701 mm";"7.3 km/l";N/A;N/A;N/A;N/A;N/A;N/A;N/A;N/A;N/A;N/A;"4.9 km/l";N/A;N/A;N/A;N/A;N/A;N/A;4;1.6;Nafta;Manual;Sedán;"Autos y camionetas";N/A;N/A;N/A;N/A;N/A;N/A;UY;N/A;N/A;N/A;N/A;N/A;N/A;N/A;N/A;N/A;N/A;N/A;N/A;N/A;N/A;N/A;N/A;N/A;N/A;N/A;N/A;N/A;N/A;N/A;N/A;N/A;N/A;N/A;N/A;N/A;N/A;N/A;N/A;N/A;N/A;N/A;N/A;N/A;N/A;N/A;N/A;N/A;N/A;N/A;N/A;N/A;N/A;N/A;N/A;N/A;N/A;N/A;N/A;N/A;N/A;N/A;N/A;N/A;N/A;N/A;N/A;N/A;N/A;N/A;N/A;N/A;N/A;N/A;N/A;N/A;N/A;N/A;N/A;N/A;N/A;N/A;N/A;N/A;N/A;N/A;N/A;N/A;N/A;N/A;N/A;N/A;N/A;N/A;N/A;N/A;N/A;N/A;N/A;N/A;N/A;N/A;N/A;N/A;N/A;N/A;N/A;N/A;N/A;N/A;N/A;N/A;N/A;N/A;N/A;N/A;N/A;N/A;N/A;N/A;N/A;N/A
Renault;Clio;"1.4 Rt";1993;"320000 km";;MAFO138;3000;;;;;"Paso Molino";https://auto.mercadolibre.com.uy/MLU-704006632-renault-clio-14-rt-_JM;N/A;;"Renault Clio 1.4 Rt";USD;No;free;false;N/A;N/A;http://perfil.mercadolibre.com.uy/MAFO138;active;N/A;N/A;Usado;Rojo;N/A;N/A;N/A;N/A;N/A;N/A;N/A;N/A;N/A;N/A;N/A;N/A;N/A;N/A;N/A;N/A;N/A;N/A;N/A;N/A;N/A;N/A;N/A;N/A;N/A;N/A;N/A;N/A;N/A;N/A;N/A;N/A;N/A;N/A;N/A;N/A;N/A;N/A;N/A;N/A;N/A;N/A;N/A;N/A;N/A;N/A;N/A;N/A;N/A;N/A;N/A;N/A;N/A;N/A;N/A;N/A;N/A;N/A;N/A;N/A;N/A;N/A;N/A;N/A;N/A;N/A;N/A;N/A;N/A;N/A;N/A;N/A;N/A;N/A;N/A;N/A;N/A;N/A;N/A;N/A;N/A;N/A;N/A;N/A;N/A;N/A;N/A;N/A;N/A;N/A;N/A;N/A;N/A;N/A;N/A;N/A;N/A;N/A;N/A;N/A;N/A;N/A;N/A;N/A;N/A;N/A;N/A;4;N/A;Nafta;N/A;N/A;"Autos y camionetas";N/A;N/A;N/A;N/A;N/A;N/A;N/A;N/A;N/A;N/A;N/A;N/A;N/A;N/A;N/A;N/A;N/A;N/A;N/A;N/A;N/A;N/A;N/A;N/A;N/A;N/A;N/A;N/A;N/A;N/A;N/A;N/A;N/A;N/A;N/A;N/A;N/A;N/A;N/A;N/A;N/A;N/A;N/A;N/A;N/A;N/A;N/A;N/A;N/A;N/A;N/A;N/A;N/A;N/A;N/A;N/A;N/A;N/A;N/A;N/A;N/A;N/A;N/A;N/A;N/A;N/A;N/A;N/A;N/A;N/A;N/A;N/A;N/A;N/A;N/A;N/A;N/A;N/A;N/A;N/A;N/A;N/A;N/A;N/A;N/A;N/A;N/A;N/A;N/A;N/A;N/A;N/A;N/A;N/A;N/A;N/A;N/A;N/A;N/A;N/A;N/A;N/A;N/A;N/A;N/A;N/A;N/A;N/A;N/A;N/A;N/A;N/A;N/A;N/A;N/A;N/A;N/A;N/A;N/A;N/A;N/A;N/A
Renault;Kangoo;Express;2006;"183000 km";;MELFX;7900;;;;;"La Blanqueada";https://auto.mercadolibre.com.uy/MLU-705222210-vendo-renault-kangoo-gas-oil-19d-_JM;N/A;;"Vendo Renault Kangoo Gas Oil 1.9d";USD;No;free;false;N/A;N/A;http://perfil.mercadolibre.com.uy/MELFX;active;N/A;N/A;Usado;Gris;N/A;Asistida;Delantera;No;Sí;N/A;N/A;N/A;No;N/A;N/A;N/A;N/A;N/A;No;Sí;N/A;No;N/A;N/A;N/A;N/A;N/A;N/A;N/A;N/A;N/A;N/A;N/A;N/A;N/A;N/A;N/A;N/A;N/A;N/A;N/A;No;N/A;N/A;N/A;N/A;N/A;N/A;N/A;N/A;N/A;N/A;N/A;N/A;N/A;N/A;N/A;N/A;N/A;N/A;N/A;N/A;N/A;N/A;N/A;N/A;N/A;N/A;N/A;N/A;N/A;N/A;N/A;N/A;N/A;N/A;N/A;N/A;N/A;N/A;N/A;N/A;N/A;N/A;N/A;N/A;N/A;N/A;N/A;N/A;N/A;N/A;N/A;N/A;No;N/A;No;No;N/A;No;Sí;N/A;N/A;N/A;N/A;Sí;N/A;N/A;N/A;N/A;N/A;4;1.9;Diésel;Manual;Furgón;"Autos y camionetas";N/A;N/A;N/A;N/A;N/A;N/A;N/A;N/A;N/A;N/A;N/A;N/A;N/A;N/A;N/A;N/A;N/A;N/A;N/A;N/A;N/A;N/A;N/A;N/A;No;N/A;N/A;N/A;N/A;N/A;N/A;N/A;N/A;N/A;N/A;N/A;N/A;N/A;N/A;N/A;N/A;N/A;N/A;N/A;N/A;N/A;N/A;N/A;N/A;N/A;N/A;N/A;N/A;N/A;N/A;N/A;N/A;N/A;N/A;N/A;N/A;N/A;N/A;N/A;N/A;N/A;N/A;N/A;N/A;N/A;N/A;N/A;N/A;N/A;N/A;N/A;N/A;N/A;N/A;N/A;N/A;N/A;N/A;N/A;N/A;N/A;N/A;N/A;N/A;N/A;N/A;N/A;N/A;N/A;N/A;No;No;Sí;N/A;N/A;No;N/A;N/A;N/A;N/A;No;No;No;No;N/A;N/A;No;No;Sí;N/A;N/A;N/A;N/A;N/A;N/A;N/A;N/A
Renault;Kangoo;"1.6 2 Confort 5as Aa Da Svt 1plc";2014;"175000 km";;LELO20100;9000;;;;;Canelones;https://auto.mercadolibre.com.uy/MLU-703935980-renault-kangoo-2014-16-2-confort-5as-aa-da-svt-1plc-_JM;N/A;;"Renault Kangoo 2014 1.6 2 Confort 5as Aa Da Svt 1plc";usd;Sí;free;false;N/A;N/A;http://perfil.mercadolibre.com.uy/LELO20100;active;N/A;N/A;Usado;N/A;N/A;Hidráulica;Delantera;Sí;N/A;N/A;N/A;N/A;N/A;N/A;N/A;N/A;N/A;N/A;N/A;N/A;N/A;N/A;N/A;N/A;N/A;N/A;N/A;N/A;N/A;N/A;N/A;N/A;"2600 mm";"1.6 L";"52 L";5;N/A;N/A;N/A;N/A;N/A;N/A;N/A;N/A;N/A;N/A;N/A;N/A;N/A;N/A;N/A;N/A;N/A;N/A;N/A;N/A;N/A;N/A;N/A;N/A;N/A;N/A;N/A;N/A;N/A;N/A;N/A;N/A;N/A;No;N/A;N/A;N/A;N/A;N/A;N/A;N/A;N/A;N/A;N/A;N/A;"1860 mm";"4010 mm";N/A;N/A;N/A;N/A;2;"95 hp";Confort;N/A;4;"1672 mm";"11.09 km/l";N/A;N/A;N/A;N/A;N/A;N/A;N/A;N/A;N/A;N/A;N/A;N/A;N/A;N/A;N/A;N/A;N/A;3;1.6;Nafta;Manual;Furgón;"Autos y camionetas";N/A;N/A;N/A;N/A;N/A;N/A;UY;N/A;N/A;N/A;N/A;N/A;N/A;N/A;N/A;N/A;N/A;N/A;N/A;N/A;N/A;N/A;N/A;N/A;N/A;N/A;N/A;N/A;N/A;N/A;N/A;N/A;N/A;N/A;N/A;N/A;N/A;N/A;N/A;N/A;N/A;N/A;N/A;N/A;N/A;N/A;N/A;N/A;N/A;N/A;N/A;N/A;N/A;N/A;N/A;N/A;N/A;N/A;N/A;N/A;N/A;N/A;N/A;N/A;N/A;N/A;N/A;N/A;N/A;N/A;N/A;N/A;N/A;N/A;N/A;N/A;N/A;N/A;N/A;N/A;N/A;N/A;N/A;N/A;N/A;N/A;N/A;N/A;N/A;N/A;N/A;N/A;N/A;N/A;N/A;N/A;N/A;N/A;N/A;N/A;N/A;N/A;N/A;N/A;N/A;N/A;N/A;N/A;N/A;N/A;N/A;N/A;N/A;N/A;N/A;N/A;N/A;N/A;N/A;N/A;N/A;N/A
Renault;Kwid;"1.0 Sce 66cv Intense";2018;"64725 km";;BRDI7501113;12500;;;;;Salto;https://auto.mercadolibre.com.uy/MLU-706220270-renault-kwid-10-sce-66cv-intense-_JM;N/A;;"Renault Kwid 1.0 Sce 66cv Intense";usd;Sí;free;false;N/A;N/A;http://perfil.mercadolibre.com.uy/BRDI7501113;active;N/A;N/A;Usado;Gris;N/A;Hidráulica;Delantera;N/A;N/A;Sí;N/A;N/A;N/A;N/A;N/A;N/A;N/A;N/A;N/A;N/A;N/A;N/A;N/A;N/A;N/A;N/A;N/A;N/A;N/A;N/A;N/A;N/A;"2423 mm";"1 L";"50 L";5;N/A;N/A;N/A;N/A;N/A;N/A;N/A;N/A;N/A;N/A;N/A;N/A;N/A;N/A;N/A;N/A;N/A;N/A;N/A;N/A;N/A;N/A;N/A;N/A;N/A;N/A;N/A;N/A;N/A;N/A;N/A;N/A;N/A;N/A;N/A;N/A;N/A;N/A;N/A;N/A;N/A;N/A;N/A;N/A;N/A;"1474 mm";"3680 mm";N/A;N/A;N/A;N/A;5;"66 hp";Intense;N/A;4;"1752 mm";N/A;N/A;N/A;N/A;N/A;N/A;N/A;N/A;N/A;N/A;N/A;N/A;N/A;N/A;N/A;N/A;N/A;N/A;5;1.0;Nafta;Manual;Hatchback;"Autos y camionetas";N/A;N/A;N/A;N/A;N/A;N/A;UY;N/A;N/A;N/A;N/A;N/A;N/A;N/A;N/A;N/A;N/A;N/A;N/A;N/A;N/A;N/A;N/A;N/A;N/A;N/A;N/A;N/A;N/A;N/A;N/A;N/A;N/A;N/A;N/A;N/A;N/A;N/A;N/A;N/A;N/A;N/A;N/A;N/A;N/A;N/A;N/A;N/A;N/A;N/A;N/A;N/A;N/A;N/A;N/A;N/A;N/A;N/A;N/A;N/A;N/A;N/A;N/A;N/A;N/A;N/A;N/A;N/A;N/A;N/A;N/A;N/A;N/A;N/A;N/A;N/A;N/A;N/A;N/A;N/A;N/A;N/A;N/A;N/A;N/A;N/A;N/A;N/A;N/A;N/A;N/A;N/A;N/A;N/A;N/A;N/A;N/A;N/A;N/A;N/A;N/A;N/A;N/A;N/A;N/A;N/A;N/A;N/A;N/A;N/A;N/A;N/A;N/A;N/A;N/A;N/A;N/A;N/A;N/A;N/A;N/A;N/A
Renault;Megane;"1.9 Tdi Tric Pack";2009;"390000 km";;JAVIERIFER;3800;;;;;Malvin;https://auto.mercadolibre.com.uy/MLU-705300314-renault-megane-19-tdi-2009-_JM;N/A;;"Renault Megane 1.9 Tdi 2009";usd;Sí;free;false;N/A;N/A;http://perfil.mercadolibre.com.uy/JAVIERIFER;active;N/A;N/A;Usado;Azul;N/A;Hidráulica;Delantera;N/A;N/A;Sí;N/A;N/A;N/A;N/A;N/A;No;N/A;N/A;N/A;N/A;N/A;N/A;N/A;N/A;N/A;N/A;N/A;N/A;N/A;N/A;N/A;N/A;"2686 mm";"1.9 L";"60 L";5;N/A;N/A;N/A;N/A;N/A;N/A;N/A;N/A;N/A;N/A;N/A;N/A;N/A;N/A;N/A;N/A;N/A;N/A;N/A;N/A;N/A;N/A;N/A;N/A;N/A;N/A;N/A;N/A;N/A;N/A;N/A;N/A;N/A;Sí;N/A;N/A;N/A;N/A;N/A;N/A;N/A;N/A;N/A;N/A;N/A;"1435 mm";"4436 mm";N/A;N/A;N/A;N/A;5;"100 hp";Pack;N/A;2;"1777 mm";N/A;N/A;N/A;N/A;Sí;N/A;N/A;Sí;N/A;No;N/A;N/A;N/A;N/A;N/A;N/A;N/A;N/A;4;1.9;Diésel;Manual;Sedán;"Autos y camionetas";N/A;N/A;N/A;N/A;N/A;N/A;UY;N/A;N/A;N/A;N/A;N/A;N/A;N/A;N/A;N/A;N/A;N/A;N/A;N/A;N/A;N/A;N/A;N/A;N/A;N/A;N/A;N/A;N/A;N/A;N/A;N/A;N/A;N/A;N/A;N/A;N/A;N/A;N/A;N/A;N/A;N/A;N/A;N/A;N/A;N/A;N/A;N/A;N/A;N/A;N/A;N/A;N/A;N/A;N/A;N/A;N/A;N/A;N/A;N/A;N/A;N/A;N/A;N/A;N/A;N/A;N/A;N/A;N/A;N/A;N/A;N/A;N/A;N/A;N/A;N/A;N/A;N/A;N/A;N/A;N/A;N/A;N/A;N/A;N/A;N/A;N/A;N/A;N/A;N/A;N/A;N/A;N/A;N/A;N/A;N/A;N/A;N/A;Sí;N/A;N/A;N/A;N/A;N/A;N/A;N/A;N/A;N/A;N/A;N/A;N/A;N/A;Sí;N/A;N/A;N/A;N/A;N/A;N/A;N/A;N/A;N/A
Renault;Megane;"1.9 Tdi Tric Pack";2007;"32400 km";;ESQUIVELMARCELA51;7200;;;;;Maroñas;https://auto.mercadolibre.com.uy/MLU-705293996-renault-megane-19-tdi-tric-pack-_JM;N/A;;"Renault Megane 1.9 Tdi Tric Pack";usd;No;free;false;N/A;N/A;http://perfil.mercadolibre.com.uy/ESQUIVELMARCELA51;active;N/A;N/A;Usado;Azul;N/A;Hidráulica;Delantera;N/A;N/A;Sí;N/A;N/A;N/A;N/A;N/A;Sí;N/A;N/A;N/A;N/A;N/A;N/A;N/A;N/A;N/A;N/A;N/A;N/A;N/A;N/A;N/A;N/A;"2686 mm";"1.9 L";"60 L";5;N/A;N/A;N/A;N/A;N/A;N/A;N/A;N/A;N/A;N/A;N/A;N/A;N/A;N/A;N/A;N/A;N/A;N/A;N/A;N/A;N/A;N/A;N/A;N/A;N/A;N/A;N/A;N/A;N/A;N/A;N/A;N/A;N/A;Sí;N/A;N/A;N/A;N/A;N/A;N/A;N/A;N/A;N/A;N/A;N/A;"1435 mm";"4436 mm";N/A;N/A;N/A;N/A;5;"100 hp";Pack;N/A;2;"1777 mm";N/A;N/A;N/A;N/A;Sí;N/A;N/A;Sí;N/A;N/A;N/A;N/A;N/A;N/A;N/A;N/A;N/A;"Después de las 17:00. Fin de semana a toda hora.";4;1.9;Diésel;Manual;Sedán;"Autos y camionetas";No;N/A;N/A;N/A;N/A;N/A;UY;N/A;Sí;N/A;N/A;N/A;N/A;N/A;N/A;N/A;N/A;N/A;N/A;N/A;N/A;N/A;N/A;N/A;N/A;N/A;N/A;N/A;N/A;N/A;N/A;N/A;N/A;N/A;N/A;N/A;N/A;N/A;N/A;N/A;N/A;N/A;N/A;N/A;N/A;N/A;N/A;N/A;N/A;N/A;N/A;N/A;N/A;N/A;N/A;N/A;N/A;N/A;N/A;N/A;N/A;N/A;Sí;N/A;N/A;N/A;N/A;N/A;N/A;N/A;N/A;N/A;N/A;N/A;N/A;N/A;N/A;N/A;N/A;N/A;N/A;N/A;N/A;N/A;N/A;N/A;N/A;N/A;N/A;N/A;N/A;N/A;N/A;N/A;N/A;N/A;N/A;N/A;N/A;N/A;N/A;N/A;N/A;N/A;N/A;N/A;N/A;N/A;N/A;N/A;N/A;N/A;Sí;N/A;Sí;Sí;Sí;Sí;N/A;N/A;N/A;Sí
Renault;Kangoo;"1.6 Furgon Ph3 Confort 1plc";2017;"103000 km";;MATIVA2911;9500;;;;;"El Tesoro";https://auto.mercadolibre.com.uy/MLU-705187664-renault-kangoo-16-16v-_JM;N/A;;"Renault Kangoo 1.6 16v";USD;Sí;free;false;N/A;N/A;http://perfil.mercadolibre.com.uy/MATIVA2911;active;N/A;N/A;Usado;Rojo;No;Hidráulica;Delantera;N/A;N/A;N/A;N/A;N/A;N/A;N/A;N/A;N/A;N/A;N/A;N/A;N/A;N/A;N/A;N/A;N/A;N/A;N/A;N/A;N/A;N/A;N/A;N/A;N/A;N/A;N/A;N/A;N/A;N/A;N/A;N/A;N/A;N/A;N/A;N/A;N/A;N/A;N/A;N/A;N/A;N/A;N/A;N/A;N/A;N/A;N/A;N/A;N/A;N/A;N/A;N/A;N/A;N/A;N/A;N/A;N/A;N/A;N/A;N/A;N/A;N/A;N/A;N/A;N/A;N/A;N/A;N/A;N/A;N/A;N/A;N/A;N/A;N/A;N/A;N/A;N/A;N/A;N/A;N/A;N/A;N/A;N/A;N/A;N/A;N/A;N/A;N/A;N/A;N/A;N/A;N/A;N/A;N/A;N/A;N/A;N/A;N/A;N/A;N/A;N/A;N/A;N/A;N/A;4;1.6;Nafta;Manual;Furgón;"Autos y camionetas";N/A;N/A;N/A;N/A;N/A;N/A;N/A;N/A;N/A;N/A;N/A;N/A;N/A;N/A;N/A;N/A;N/A;N/A;N/A;N/A;N/A;N/A;N/A;N/A;N/A;N/A;N/A;N/A;N/A;N/A;N/A;N/A;N/A;N/A;N/A;N/A;N/A;N/A;N/A;N/A;N/A;N/A;N/A;N/A;N/A;N/A;N/A;N/A;N/A;N/A;N/A;N/A;N/A;N/A;N/A;N/A;N/A;N/A;N/A;N/A;N/A;N/A;N/A;N/A;N/A;N/A;N/A;N/A;N/A;N/A;N/A;N/A;N/A;N/A;N/A;N/A;N/A;N/A;N/A;N/A;N/A;N/A;N/A;N/A;N/A;N/A;N/A;N/A;N/A;N/A;N/A;N/A;N/A;N/A;N/A;N/A;N/A;N/A;N/A;N/A;N/A;N/A;N/A;N/A;N/A;N/A;N/A;N/A;N/A;N/A;N/A;N/A;N/A;N/A;N/A;N/A;N/A;N/A;N/A;N/A;N/A;N/A
Renault;Logan;"1.6 Privilége 105cv";2018;"30625 km";;GOLA2797486;14000;;;;;Melo;https://auto.mercadolibre.com.uy/MLU-704743496-renault-logan-16-privilege-105cv-_JM;N/A;;"Renault Logan 1.6 Privilége 105cv";usd;Sí;free;false;N/A;N/A;http://perfil.mercadolibre.com.uy/GOLA2797486;active;N/A;N/A;Usado;Rojo;Sí;Hidráulica;Delantera;N/A;N/A;N/A;N/A;N/A;N/A;N/A;N/A;N/A;N/A;N/A;N/A;N/A;N/A;N/A;N/A;N/A;N/A;N/A;N/A;N/A;N/A;N/A;N/A;N/A;"2635 mm";"1.6 L";"50 L";5;N/A;N/A;N/A;N/A;N/A;N/A;N/A;N/A;N/A;N/A;N/A;N/A;N/A;N/A;N/A;N/A;N/A;N/A;N/A;N/A;N/A;N/A;N/A;N/A;N/A;N/A;N/A;N/A;N/A;N/A;N/A;N/A;N/A;Sí;Sí;Sí;N/A;N/A;N/A;N/A;N/A;N/A;N/A;N/A;N/A;"1529 mm";"4350 mm";N/A;N/A;N/A;N/A;5;"105 hp";Privilege;N/A;4;"1733 mm";"11.8 km/l";N/A;N/A;N/A;N/A;N/A;N/A;Sí;N/A;N/A;N/A;"9.6 km/l";N/A;N/A;N/A;N/A;N/A;N/A;4;1.6;Nafta;Manual;Sedán;"Autos y camionetas";N/A;N/A;N/A;N/A;N/A;N/A;UY;N/A;N/A;N/A;N/A;N/A;N/A;N/A;N/A;N/A;N/A;N/A;N/A;N/A;N/A;N/A;N/A;N/A;N/A;N/A;N/A;N/A;N/A;N/A;N/A;N/A;N/A;N/A;N/A;N/A;N/A;N/A;N/A;N/A;N/A;N/A;N/A;N/A;N/A;N/A;N/A;N/A;N/A;N/A;N/A;N/A;N/A;N/A;N/A;N/A;N/A;N/A;N/A;N/A;N/A;N/A;N/A;N/A;N/A;N/A;N/A;N/A;N/A;N/A;N/A;N/A;N/A;N/A;N/A;N/A;N/A;N/A;N/A;N/A;N/A;N/A;N/A;N/A;N/A;N/A;N/A;N/A;N/A;N/A;N/A;N/A;N/A;N/A;N/A;N/A;N/A;N/A;N/A;N/A;N/A;N/A;N/A;N/A;N/A;N/A;N/A;N/A;N/A;N/A;N/A;N/A;N/A;N/A;N/A;N/A;N/A;N/A;N/A;N/A;N/A;N/A
Renault;Sandero;"1.0 Zen";2021;"60000 km";;NLOMANDO;14000;;;;;"Canelon Chico";https://auto.mercadolibre.com.uy/MLU-704358836-renault-sandero-10-zen-_JM;N/A;;"Renault Sandero 1.0 Zen";usd;Sí;free;false;N/A;N/A;http://perfil.mercadolibre.com.uy/NLOMANDO;active;N/A;N/A;Usado;Blanco;Sí;Hidráulica;Delantera;N/A;N/A;Sí;N/A;N/A;N/A;N/A;N/A;N/A;N/A;N/A;N/A;N/A;N/A;N/A;N/A;N/A;N/A;N/A;N/A;N/A;N/A;N/A;N/A;N/A;"2590 mm";"1 L";"50 L";5;N/A;N/A;N/A;N/A;N/A;N/A;N/A;N/A;N/A;N/A;N/A;N/A;N/A;N/A;N/A;N/A;N/A;N/A;N/A;N/A;N/A;N/A;N/A;N/A;N/A;N/A;N/A;N/A;N/A;N/A;N/A;N/A;N/A;Sí;Sí;Sí;N/A;N/A;N/A;N/A;N/A;N/A;N/A;N/A;N/A;"1559 mm";"4066 mm";N/A;N/A;N/A;N/A;5;"66 hp";Zen;N/A;4;"1761 mm";"9.3 km/l";Sí;N/A;N/A;N/A;N/A;N/A;Sí;N/A;N/A;N/A;"5.9 km/l";N/A;N/A;N/A;N/A;N/A;N/A;5;1.0;Nafta;Manual;Hatchback;"Autos y camionetas";N/A;N/A;N/A;N/A;N/A;N/A;UY;N/A;N/A;N/A;N/A;N/A;N/A;N/A;N/A;N/A;N/A;N/A;N/A;N/A;N/A;N/A;N/A;N/A;N/A;N/A;N/A;N/A;N/A;N/A;N/A;N/A;N/A;N/A;N/A;N/A;N/A;N/A;N/A;N/A;N/A;N/A;N/A;N/A;N/A;N/A;N/A;N/A;N/A;N/A;N/A;N/A;N/A;N/A;N/A;N/A;N/A;N/A;N/A;N/A;N/A;N/A;N/A;N/A;N/A;N/A;N/A;N/A;N/A;N/A;N/A;N/A;N/A;N/A;N/A;N/A;N/A;N/A;N/A;N/A;N/A;N/A;N/A;N/A;N/A;N/A;N/A;N/A;N/A;N/A;N/A;N/A;N/A;N/A;N/A;N/A;N/A;N/A;N/A;N/A;N/A;N/A;N/A;N/A;N/A;N/A;N/A;N/A;N/A;N/A;N/A;N/A;N/A;N/A;N/A;N/A;N/A;N/A;N/A;N/A;N/A;N/A
Renault;Kangoo;"1.6 Ph3 Authentique Plus Lc 7as";2013;"111111 km";;"5 MASCINCO";900000;;;;;"Fray Bentos";https://auto.mercadolibre.com.uy/MLU-704230632-caja-de-cambio-para-repuesto-_JM;N/A;;"Caja De Cambio .para Repuesto";usd;No;free;false;N/A;N/A;http://perfil.mercadolibre.com.uy/5+MASCINCO;active;N/A;N/A;Usado;Plateado;N/A;Hidráulica;Delantera;N/A;N/A;N/A;N/A;N/A;N/A;N/A;N/A;N/A;N/A;N/A;N/A;N/A;N/A;N/A;N/A;N/A;N/A;N/A;N/A;N/A;N/A;N/A;N/A;N/A;"2600 mm";"1.6 L";"52 L";5;N/A;N/A;N/A;N/A;N/A;N/A;N/A;N/A;N/A;N/A;N/A;N/A;N/A;N/A;N/A;N/A;N/A;N/A;N/A;N/A;N/A;N/A;N/A;N/A;N/A;N/A;N/A;N/A;N/A;N/A;N/A;N/A;N/A;Sí;N/A;N/A;N/A;N/A;N/A;N/A;N/A;N/A;N/A;N/A;N/A;"1860 mm";"4010 mm";N/A;N/A;N/A;N/A;7;"95 hp";Authentique;N/A;4;"1670 mm";"11.09 km/l";N/A;N/A;N/A;N/A;N/A;N/A;N/A;N/A;N/A;N/A;N/A;N/A;N/A;N/A;N/A;N/A;N/A;4;1.6;Nafta;Automática;SUV;"Autos y camionetas";N/A;N/A;N/A;N/A;N/A;N/A;UY;N/A;N/A;N/A;N/A;N/A;N/A;N/A;N/A;N/A;N/A;N/A;N/A;N/A;N/A;N/A;N/A;N/A;N/A;N/A;N/A;N/A;N/A;N/A;N/A;N/A;N/A;N/A;N/A;N/A;N/A;N/A;N/A;N/A;N/A;N/A;N/A;N/A;N/A;N/A;N/A;N/A;N/A;N/A;N/A;N/A;N/A;N/A;N/A;N/A;N/A;N/A;N/A;N/A;N/A;N/A;N/A;N/A;N/A;N/A;N/A;N/A;N/A;N/A;N/A;N/A;N/A;N/A;N/A;N/A;N/A;N/A;N/A;N/A;N/A;N/A;N/A;N/A;N/A;N/A;N/A;N/A;N/A;N/A;N/A;N/A;N/A;N/A;N/A;N/A;N/A;N/A;N/A;N/A;N/A;N/A;N/A;N/A;N/A;N/A;N/A;N/A;N/A;N/A;N/A;N/A;N/A;N/A;N/A;N/A;N/A;N/A;N/A;N/A;N/A;N/A
Renault;"Duster Oroch";"2.0 Privilege";2017;"147000 km";;CUCR7746112;15500;;;;;Cardal;https://auto.mercadolibre.com.uy/MLU-647342491-renault-duster-oroch-20-privilege-_JM;N/A;;"Renault Duster Oroch 2.0 Privilege";usd;Sí;free;false;N/A;N/A;http://perfil.mercadolibre.com.uy/CUCR7746112;active;N/A;N/A;Usado;Blanco;No;Hidráulica;4x2;Sí;Sí;N/A;N/A;N/A;N/A;N/A;N/A;N/A;N/A;N/A;Sí;Sí;N/A;N/A;N/A;N/A;N/A;N/A;N/A;N/A;N/A;N/A;N/A;N/A;"2829 mm";"2 L";"50 L";6;N/A;N/A;N/A;N/A;N/A;Sí;N/A;N/A;N/A;N/A;N/A;N/A;N/A;N/A;N/A;N/A;N/A;N/A;N/A;N/A;N/A;N/A;N/A;N/A;N/A;N/A;N/A;N/A;N/A;N/A;N/A;N/A;N/A;N/A;N/A;N/A;N/A;N/A;N/A;N/A;N/A;N/A;N/A;N/A;N/A;"1683 mm";"4329 mm";N/A;N/A;N/A;N/A;5;"143 hp";Privilege;N/A;4;"1821 mm";"10.8 km/l";No;N/A;N/A;N/A;N/A;Sí;Sí;N/A;N/A;N/A;N/A;N/A;N/A;N/A;N/A;N/A;N/A;5;2.0;Nafta;Manual;SUV;"Autos y camionetas";N/A;N/A;N/A;N/A;N/A;N/A;UY;N/A;N/A;N/A;N/A;N/A;N/A;N/A;N/A;N/A;N/A;N/A;N/A;N/A;N/A;N/A;N/A;N/A;N/A;N/A;N/A;N/A;N/A;N/A;N/A;N/A;N/A;N/A;N/A;N/A;N/A;N/A;N/A;N/A;N/A;N/A;N/A;N/A;N/A;N/A;N/A;N/A;N/A;N/A;N/A;N/A;N/A;N/A;N/A;N/A;N/A;N/A;N/A;N/A;N/A;N/A;N/A;N/A;N/A;N/A;N/A;N/A;N/A;N/A;N/A;N/A;N/A;N/A;N/A;N/A;N/A;N/A;N/A;N/A;N/A;N/A;N/A;N/A;N/A;N/A;N/A;N/A;N/A;N/A;N/A;N/A;N/A;N/A;N/A;N/A;Sí;Sí;Sí;N/A;Sí;N/A;N/A;N/A;N/A;Sí;N/A;N/A;Sí;N/A;N/A;N/A;Sí;N/A;Sí;Sí;Sí;N/A;N/A;N/A;N/A;Sí
Renault;Logan;"1.6 Authentique 85cv";2018;"84000 km";;CAAL7869508;11200;;;;;Carmelo;https://auto.mercadolibre.com.uy/MLU-647455775-renault-logan-16-authentique-85cv-_JM;N/A;;"Renault Logan 1.6 Authentique 85cv";usd;Sí;free;false;N/A;N/A;http://perfil.mercadolibre.com.uy/CAAL7869508;active;N/A;N/A;Usado;Azul;N/A;Hidráulica;Delantera;N/A;N/A;N/A;N/A;N/A;N/A;N/A;N/A;N/A;N/A;N/A;N/A;N/A;N/A;N/A;N/A;N/A;N/A;N/A;N/A;N/A;N/A;N/A;N/A;N/A;"2635 mm";"1.6 L";"50 L";5;N/A;N/A;N/A;N/A;N/A;N/A;N/A;N/A;N/A;N/A;N/A;N/A;N/A;N/A;N/A;N/A;N/A;N/A;N/A;N/A;N/A;N/A;N/A;N/A;N/A;N/A;N/A;N/A;N/A;N/A;N/A;N/A;N/A;N/A;N/A;N/A;N/A;N/A;N/A;N/A;N/A;N/A;N/A;N/A;N/A;"1529 mm";"4350 mm";N/A;N/A;N/A;N/A;5;"85 hp";Authentique;N/A;2;"1733 mm";"12.5 km/l";N/A;N/A;N/A;N/A;N/A;N/A;N/A;N/A;N/A;N/A;N/A;N/A;N/A;N/A;N/A;N/A;N/A;4;1.6;Nafta;Manual;Sedán;"Autos y camionetas";N/A;N/A;N/A;N/A;N/A;N/A;UY;N/A;N/A;N/A;N/A;N/A;N/A;N/A;N/A;N/A;N/A;N/A;N/A;N/A;N/A;N/A;N/A;N/A;N/A;N/A;N/A;N/A;N/A;N/A;N/A;N/A;N/A;N/A;N/A;N/A;N/A;N/A;N/A;N/A;N/A;N/A;N/A;N/A;N/A;N/A;N/A;N/A;N/A;N/A;N/A;N/A;N/A;N/A;N/A;N/A;N/A;N/A;N/A;N/A;N/A;N/A;N/A;N/A;N/A;N/A;N/A;N/A;N/A;N/A;N/A;N/A;N/A;N/A;N/A;N/A;N/A;N/A;N/A;N/A;N/A;N/A;N/A;N/A;N/A;N/A;N/A;N/A;N/A;N/A;N/A;N/A;N/A;N/A;N/A;N/A;N/A;N/A;N/A;N/A;N/A;N/A;N/A;N/A;N/A;N/A;N/A;N/A;N/A;N/A;N/A;N/A;N/A;N/A;N/A;N/A;N/A;N/A;N/A;N/A;N/A;N/A
Renault;Megane;"1.6 Rt";1999;"216170 km";;TADA8161450;6500;;;;;Manga;https://auto.mercadolibre.com.uy/MLU-703710388-renault-megane-16-rt-_JM;N/A;;"Renault Megane 1.6 Rt";usd;No;free;false;N/A;N/A;http://perfil.mercadolibre.com.uy/TADA8161450;active;N/A;N/A;Usado;Plateado;No;Hidráulica;Delantera;N/A;N/A;N/A;N/A;N/A;N/A;N/A;N/A;N/A;N/A;N/A;N/A;N/A;N/A;N/A;N/A;N/A;N/A;N/A;N/A;N/A;N/A;N/A;N/A;N/A;"2686 mm";"1.6 L";"60 L";5;N/A;N/A;N/A;N/A;N/A;N/A;N/A;N/A;N/A;N/A;N/A;N/A;N/A;N/A;N/A;N/A;N/A;N/A;N/A;N/A;N/A;N/A;N/A;N/A;N/A;N/A;N/A;N/A;N/A;N/A;N/A;N/A;N/A;N/A;N/A;N/A;N/A;N/A;N/A;N/A;N/A;N/A;N/A;N/A;N/A;"1435 mm";"4164 mm";N/A;N/A;N/A;N/A;5;"100 hp";Rt;N/A;4;"1777 mm";N/A;N/A;N/A;N/A;N/A;N/A;N/A;N/A;N/A;N/A;N/A;N/A;N/A;N/A;N/A;N/A;N/A;N/A;5;1.6;Nafta;Manual;Hatchback;"Autos y camionetas";N/A;N/A;N/A;N/A;N/A;N/A;UY;N/A;N/A;N/A;N/A;N/A;N/A;N/A;N/A;N/A;N/A;N/A;N/A;N/A;N/A;N/A;N/A;N/A;N/A;N/A;N/A;N/A;N/A;N/A;N/A;N/A;N/A;N/A;N/A;N/A;N/A;N/A;N/A;N/A;N/A;N/A;N/A;N/A;N/A;N/A;N/A;N/A;N/A;N/A;N/A;N/A;N/A;N/A;N/A;N/A;N/A;N/A;N/A;N/A;N/A;N/A;N/A;N/A;N/A;N/A;N/A;N/A;N/A;N/A;N/A;N/A;N/A;N/A;N/A;N/A;N/A;N/A;N/A;N/A;N/A;N/A;N/A;N/A;N/A;N/A;N/A;N/A;N/A;N/A;N/A;N/A;N/A;N/A;N/A;N/A;N/A;N/A;N/A;N/A;N/A;N/A;N/A;N/A;N/A;N/A;N/A;N/A;N/A;N/A;N/A;N/A;N/A;N/A;N/A;N/A;N/A;N/A;N/A;N/A;N/A;N/A
Renault;Clio;Mio;2015;"159000 km";;MICHAELVIAZZO;8500;;;;;"Bella Vista";https://auto.mercadolibre.com.uy/MLU-703643930-renault-clio-mio-2015-_JM;N/A;;"Renault Clio Mío 2015";USD;Sí;free;false;N/A;N/A;http://perfil.mercadolibre.com.uy/MICHAELVIAZZO;active;N/A;N/A;Usado;Gris;N/A;Hidráulica;N/A;N/A;N/A;N/A;N/A;N/A;N/A;N/A;N/A;N/A;N/A;N/A;N/A;N/A;N/A;N/A;N/A;N/A;N/A;N/A;N/A;N/A;N/A;N/A;N/A;N/A;N/A;N/A;N/A;N/A;N/A;N/A;N/A;N/A;N/A;N/A;N/A;N/A;N/A;N/A;N/A;N/A;N/A;N/A;N/A;N/A;N/A;N/A;N/A;N/A;N/A;N/A;N/A;N/A;N/A;N/A;N/A;N/A;N/A;N/A;N/A;N/A;N/A;N/A;N/A;N/A;N/A;N/A;N/A;N/A;N/A;N/A;N/A;N/A;N/A;N/A;N/A;N/A;N/A;N/A;N/A;N/A;N/A;N/A;N/A;N/A;N/A;N/A;N/A;N/A;N/A;N/A;N/A;Sí;N/A;N/A;N/A;N/A;N/A;N/A;N/A;N/A;N/A;N/A;N/A;5;1.2;Nafta;Manual;N/A;"Autos y camionetas";N/A;N/A;N/A;N/A;N/A;N/A;N/A;N/A;N/A;N/A;N/A;N/A;N/A;N/A;N/A;N/A;N/A;N/A;N/A;N/A;N/A;N/A;N/A;N/A;N/A;N/A;N/A;N/A;N/A;N/A;N/A;N/A;N/A;N/A;N/A;N/A;N/A;N/A;N/A;N/A;N/A;N/A;N/A;N/A;N/A;N/A;N/A;N/A;N/A;N/A;N/A;N/A;N/A;N/A;N/A;N/A;N/A;N/A;N/A;N/A;N/A;N/A;N/A;N/A;N/A;N/A;N/A;N/A;N/A;N/A;N/A;N/A;N/A;N/A;N/A;N/A;N/A;N/A;N/A;N/A;N/A;N/A;N/A;N/A;N/A;N/A;N/A;N/A;N/A;N/A;N/A;N/A;N/A;N/A;N/A;N/A;N/A;N/A;N/A;N/A;N/A;N/A;N/A;N/A;N/A;N/A;N/A;N/A;N/A;N/A;N/A;N/A;N/A;N/A;N/A;N/A;N/A;N/A;N/A;N/A;N/A;N/A
Renault;Oroch;"1.6 Sce Intens Outsider 2Wd Mt";2024;"11000 km";;FASA8416154;23500;;;;;Melo;https://auto.mercadolibre.com.uy/MLU-705894434-renault-oroch-16-sce-intens-outsider-2wd-mt-_JM;N/A;;"Renault Oroch 1.6 Sce Intens Outsider 2wd Mt";usd;Sí;free;false;N/A;N/A;http://perfil.mercadolibre.com.uy/FASA8416154;active;N/A;N/A;Usado;Blanco;Sí;N/A;Delantera;N/A;N/A;N/A;N/A;N/A;N/A;N/A;N/A;N/A;N/A;N/A;N/A;N/A;N/A;N/A;N/A;N/A;N/A;N/A;N/A;N/A;N/A;N/A;N/A;N/A;"2890 mm";"1.6 L";"45 L";6;N/A;N/A;N/A;N/A;N/A;N/A;N/A;N/A;N/A;N/A;N/A;N/A;N/A;N/A;N/A;N/A;N/A;N/A;N/A;N/A;N/A;N/A;N/A;N/A;N/A;N/A;N/A;N/A;N/A;N/A;N/A;N/A;N/A;N/A;N/A;N/A;N/A;N/A;N/A;N/A;N/A;N/A;N/A;N/A;N/A;"1695 mm";"4719 mm";N/A;N/A;N/A;N/A;5;"118 hp";"Intens Outsider";N/A;4;"1834 mm";N/A;Sí;N/A;N/A;N/A;N/A;Sí;Sí;N/A;N/A;N/A;N/A;N/A;N/A;N/A;N/A;N/A;N/A;4;1.6;Nafta;Manual;Pick-Up;"Autos y camionetas";N/A;N/A;N/A;N/A;N/A;N/A;UY;N/A;N/A;N/A;N/A;N/A;N/A;N/A;N/A;N/A;N/A;N/A;N/A;N/A;N/A;N/A;N/A;N/A;N/A;N/A;N/A;N/A;N/A;N/A;N/A;N/A;N/A;N/A;N/A;N/A;N/A;N/A;N/A;N/A;N/A;N/A;N/A;N/A;N/A;N/A;N/A;N/A;N/A;N/A;N/A;N/A;N/A;N/A;N/A;N/A;N/A;N/A;N/A;N/A;N/A;N/A;N/A;N/A;N/A;N/A;N/A;N/A;N/A;N/A;N/A;N/A;N/A;N/A;N/A;N/A;N/A;N/A;N/A;N/A;N/A;N/A;N/A;N/A;N/A;N/A;N/A;N/A;N/A;N/A;N/A;N/A;N/A;N/A;N/A;N/A;N/A;N/A;N/A;N/A;N/A;N/A;N/A;N/A;N/A;N/A;N/A;N/A;N/A;N/A;N/A;N/A;N/A;N/A;N/A;N/A;N/A;N/A;N/A;N/A;N/A;N/A
Renault;Oroch;"1.6 Expression";2019;"92000 km";;MAICOLARIAS8;15800;;;;;Melo;https://auto.mercadolibre.com.uy/MLU-704328726-renault-oroch-16-expression-_JM;N/A;;"Renault Oroch 1.6 Expression";USD;Sí;free;false;N/A;N/A;http://perfil.mercadolibre.com.uy/MAICOLARIAS8;active;N/A;N/A;Usado;N/A;N/A;N/A;N/A;N/A;N/A;N/A;N/A;N/A;N/A;N/A;N/A;N/A;N/A;N/A;N/A;N/A;N/A;N/A;N/A;N/A;N/A;N/A;N/A;N/A;N/A;N/A;N/A;N/A;N/A;N/A;N/A;N/A;N/A;N/A;N/A;N/A;N/A;N/A;N/A;N/A;N/A;N/A;N/A;N/A;N/A;N/A;N/A;N/A;N/A;N/A;N/A;N/A;N/A;N/A;N/A;N/A;N/A;N/A;N/A;N/A;N/A;N/A;N/A;N/A;N/A;N/A;N/A;N/A;N/A;N/A;N/A;N/A;N/A;N/A;N/A;N/A;N/A;N/A;N/A;N/A;N/A;N/A;N/A;N/A;N/A;N/A;N/A;N/A;N/A;N/A;N/A;N/A;N/A;N/A;N/A;N/A;N/A;N/A;N/A;N/A;N/A;N/A;N/A;N/A;N/A;N/A;N/A;4;N/A;Nafta;N/A;N/A;"Autos y camionetas";N/A;N/A;N/A;N/A;N/A;N/A;N/A;N/A;N/A;N/A;N/A;N/A;N/A;N/A;N/A;N/A;N/A;N/A;N/A;N/A;N/A;N/A;N/A;N/A;N/A;N/A;N/A;N/A;N/A;N/A;N/A;N/A;N/A;N/A;N/A;N/A;N/A;N/A;N/A;N/A;N/A;N/A;N/A;N/A;N/A;N/A;N/A;N/A;N/A;N/A;N/A;N/A;N/A;N/A;N/A;N/A;N/A;N/A;N/A;N/A;N/A;N/A;N/A;N/A;N/A;N/A;N/A;N/A;N/A;N/A;N/A;N/A;N/A;N/A;N/A;N/A;N/A;N/A;N/A;N/A;N/A;N/A;N/A;N/A;N/A;N/A;N/A;N/A;N/A;N/A;N/A;N/A;N/A;N/A;N/A;N/A;N/A;N/A;N/A;N/A;N/A;N/A;N/A;N/A;N/A;N/A;N/A;N/A;N/A;N/A;N/A;N/A;N/A;N/A;N/A;N/A;N/A;N/A;N/A;N/A;N/A;N/A
Renault;R11;"1.4 Ts";1989;"636062 km";;ALAL8338259;3500;;;;;Pando;https://auto.mercadolibre.com.uy/MLU-647388551-renault-r11-1989-14-ts-_JM;N/A;;"Renault R11 1989 1.4 Ts";usd;No;free;false;N/A;N/A;http://perfil.mercadolibre.com.uy/ALAL8338259;active;N/A;N/A;Usado;N/A;N/A;Hidráulica;Delantera;N/A;N/A;N/A;N/A;N/A;N/A;N/A;N/A;N/A;N/A;N/A;N/A;N/A;N/A;N/A;N/A;N/A;N/A;N/A;N/A;N/A;N/A;N/A;N/A;N/A;"2483 mm";"1.4 L";"47 L";5;N/A;N/A;N/A;N/A;N/A;N/A;N/A;N/A;N/A;N/A;N/A;N/A;N/A;N/A;N/A;N/A;N/A;N/A;N/A;N/A;N/A;N/A;N/A;N/A;N/A;N/A;N/A;N/A;N/A;N/A;N/A;N/A;N/A;N/A;N/A;N/A;N/A;N/A;N/A;N/A;N/A;N/A;N/A;N/A;N/A;"1395 mm";"3973 mm";N/A;N/A;N/A;N/A;5;"72 hp";Ts;N/A;2;"1660 mm";"10.2 km/l";N/A;N/A;N/A;N/A;N/A;N/A;N/A;N/A;N/A;N/A;"5.9 km/l";N/A;N/A;N/A;N/A;N/A;N/A;5;1.4;Nafta;Manual;Hatchback;"Autos y camionetas";N/A;N/A;N/A;N/A;N/A;N/A;UY;N/A;N/A;N/A;N/A;N/A;N/A;N/A;N/A;N/A;N/A;N/A;N/A;N/A;N/A;N/A;N/A;N/A;N/A;N/A;N/A;N/A;N/A;N/A;N/A;N/A;N/A;N/A;N/A;N/A;N/A;N/A;N/A;N/A;N/A;N/A;N/A;N/A;N/A;N/A;N/A;N/A;N/A;N/A;N/A;N/A;N/A;N/A;N/A;N/A;N/A;N/A;N/A;N/A;N/A;N/A;N/A;N/A;N/A;N/A;N/A;N/A;N/A;N/A;N/A;N/A;N/A;N/A;N/A;N/A;N/A;N/A;N/A;N/A;N/A;N/A;N/A;N/A;N/A;N/A;N/A;N/A;N/A;N/A;N/A;N/A;N/A;N/A;N/A;N/A;N/A;N/A;N/A;N/A;N/A;N/A;N/A;N/A;N/A;N/A;N/A;N/A;N/A;N/A;N/A;N/A;N/A;N/A;N/A;N/A;N/A;N/A;N/A;N/A;N/A;N/A
Renault;Clio;"1.2 Authentique Pack";2006;"173624 km";;LAUCARABALLO2010;6900;;;;;Atahualpa;https://auto.mercadolibre.com.uy/MLU-703640244-renault-clio-2006-12-authentique-pack-_JM;N/A;;"Renault Clio 2006 1.2 Authentique Pack";usd;No;free;false;N/A;N/A;http://perfil.mercadolibre.com.uy/LAUCARABALLO2010;active;N/A;N/A;Usado;N/A;N/A;Hidráulica;Delantera;N/A;N/A;N/A;N/A;N/A;N/A;N/A;N/A;N/A;N/A;N/A;N/A;N/A;N/A;N/A;N/A;N/A;N/A;N/A;N/A;N/A;N/A;N/A;N/A;N/A;"2472 mm";"1.2 L";"50 L";5;N/A;N/A;N/A;N/A;N/A;N/A;N/A;N/A;N/A;N/A;N/A;N/A;N/A;N/A;N/A;N/A;N/A;N/A;N/A;N/A;N/A;N/A;N/A;N/A;N/A;N/A;N/A;N/A;N/A;N/A;N/A;N/A;N/A;N/A;N/A;N/A;N/A;N/A;N/A;N/A;N/A;N/A;N/A;N/A;N/A;"1435 mm";"3773 mm";N/A;N/A;N/A;N/A;5;"75 hp";Authentique;N/A;4;"1639 mm";N/A;N/A;N/A;N/A;Sí;N/A;N/A;N/A;N/A;N/A;N/A;N/A;N/A;N/A;N/A;N/A;N/A;N/A;5;1.2;Nafta;Manual;Hatchback;"Autos y camionetas";N/A;N/A;N/A;N/A;N/A;N/A;UY;N/A;N/A;N/A;N/A;N/A;N/A;N/A;N/A;N/A;N/A;N/A;N/A;N/A;N/A;N/A;N/A;N/A;N/A;N/A;N/A;N/A;N/A;N/A;N/A;N/A;N/A;N/A;N/A;N/A;N/A;N/A;N/A;N/A;N/A;N/A;N/A;N/A;N/A;N/A;N/A;N/A;N/A;N/A;N/A;N/A;N/A;N/A;N/A;N/A;N/A;N/A;N/A;N/A;N/A;N/A;N/A;N/A;N/A;N/A;N/A;N/A;N/A;N/A;N/A;N/A;N/A;N/A;N/A;N/A;N/A;N/A;N/A;N/A;N/A;N/A;N/A;N/A;N/A;N/A;N/A;N/A;N/A;N/A;N/A;N/A;N/A;N/A;N/A;N/A;N/A;N/A;N/A;N/A;N/A;N/A;N/A;N/A;N/A;N/A;N/A;N/A;N/A;N/A;N/A;N/A;Sí;N/A;N/A;N/A;N/A;N/A;N/A;N/A;N/A;N/A
Renault;Megane;"1.9 Tdi Tric Pack";2007;"34176 km";;ESQUIVELMARCELA68;7200;;;;;"Jardines Hipódromo";https://auto.mercadolibre.com.uy/MLU-647580103-renault-megane-2007-19-tdi-tric-pack-_JM;N/A;;"Renault Megane 2007 1.9 Tdi Tric Pack";usd;No;free;false;N/A;N/A;http://perfil.mercadolibre.com.uy/ESQUIVELMARCELA68;active;N/A;N/A;Usado;N/A;N/A;Hidráulica;Delantera;N/A;N/A;Sí;N/A;N/A;N/A;N/A;N/A;N/A;N/A;N/A;N/A;N/A;N/A;N/A;N/A;N/A;N/A;N/A;N/A;N/A;N/A;N/A;N/A;N/A;"2686 mm";"1.9 L";"60 L";5;N/A;N/A;N/A;N/A;N/A;N/A;N/A;N/A;N/A;N/A;N/A;N/A;N/A;N/A;N/A;N/A;N/A;N/A;N/A;N/A;N/A;N/A;N/A;N/A;N/A;N/A;N/A;N/A;N/A;N/A;N/A;N/A;N/A;Sí;N/A;N/A;N/A;N/A;N/A;N/A;N/A;N/A;N/A;N/A;N/A;"1435 mm";"4436 mm";N/A;N/A;N/A;N/A;5;"100 hp";Pack;N/A;2;"1777 mm";N/A;N/A;N/A;N/A;Sí;N/A;N/A;Sí;N/A;N/A;N/A;N/A;N/A;N/A;N/A;N/A;N/A;N/A;4;1.9;Diésel;Manual;Sedán;"Autos y camionetas";N/A;N/A;N/A;N/A;N/A;N/A;UY;N/A;N/A;N/A;N/A;N/A;N/A;N/A;N/A;N/A;N/A;N/A;N/A;N/A;N/A;N/A;N/A;N/A;N/A;N/A;N/A;N/A;N/A;N/A;N/A;N/A;N/A;N/A;N/A;N/A;N/A;N/A;N/A;N/A;N/A;N/A;N/A;N/A;N/A;N/A;N/A;N/A;N/A;N/A;N/A;N/A;N/A;N/A;N/A;N/A;N/A;N/A;N/A;N/A;N/A;N/A;N/A;N/A;N/A;N/A;N/A;N/A;N/A;N/A;N/A;N/A;N/A;N/A;N/A;N/A;N/A;N/A;N/A;N/A;N/A;N/A;N/A;N/A;N/A;N/A;N/A;N/A;N/A;N/A;N/A;N/A;N/A;N/A;N/A;N/A;N/A;N/A;N/A;N/A;N/A;N/A;N/A;N/A;N/A;N/A;N/A;N/A;N/A;N/A;N/A;N/A;Sí;N/A;N/A;N/A;N/A;N/A;N/A;N/A;N/A;N/A
Renault;Symbol;"1.6 Authentique Pack I 105cv";2011;"164000 km";;JONHATANLEANDROACOSTACARBONE;7500;;;;;Salto;https://auto.mercadolibre.com.uy/MLU-702690600-renault-symbol-16-authentique-pack-i-105cv-_JM;N/A;;"Renault Symbol 1.6 Authentique Pack I 105cv";usd;Sí;free;false;N/A;N/A;http://perfil.mercadolibre.com.uy/JONHATANLEANDROACOSTACARBONE;active;N/A;N/A;Usado;Gris;No;Hidráulica;Delantera;N/A;N/A;N/A;N/A;N/A;N/A;N/A;N/A;N/A;N/A;N/A;N/A;N/A;N/A;N/A;N/A;N/A;N/A;N/A;N/A;N/A;N/A;N/A;N/A;N/A;"2473 mm";"1.6 L";"50 L";5;N/A;N/A;N/A;N/A;N/A;N/A;N/A;N/A;N/A;N/A;N/A;N/A;N/A;N/A;N/A;N/A;N/A;N/A;N/A;N/A;N/A;N/A;N/A;N/A;N/A;N/A;N/A;N/A;N/A;N/A;N/A;N/A;N/A;N/A;N/A;N/A;N/A;N/A;N/A;N/A;N/A;N/A;N/A;N/A;N/A;"1439 mm";"4261 mm";N/A;N/A;N/A;N/A;5;"105 hp";Authentique;N/A;4;"1672 mm";N/A;N/A;N/A;N/A;Sí;N/A;N/A;N/A;N/A;N/A;N/A;N/A;N/A;N/A;N/A;N/A;N/A;"Lunes a lunes todo el día";4;1.6;Nafta;Manual;Sedán;"Autos y camionetas";N/A;N/A;N/A;N/A;N/A;N/A;UY;N/A;N/A;N/A;N/A;N/A;N/A;N/A;N/A;N/A;N/A;N/A;N/A;N/A;N/A;N/A;N/A;N/A;N/A;N/A;N/A;N/A;N/A;N/A;N/A;N/A;N/A;N/A;N/A;N/A;N/A;N/A;N/A;N/A;N/A;N/A;N/A;N/A;N/A;N/A;N/A;N/A;N/A;N/A;N/A;N/A;N/A;N/A;N/A;N/A;N/A;N/A;N/A;N/A;N/A;N/A;N/A;N/A;N/A;N/A;N/A;N/A;N/A;N/A;N/A;N/A;N/A;N/A;N/A;N/A;N/A;N/A;N/A;N/A;N/A;N/A;N/A;N/A;N/A;N/A;N/A;N/A;N/A;N/A;N/A;N/A;N/A;N/A;N/A;N/A;N/A;N/A;N/A;N/A;N/A;N/A;N/A;N/A;N/A;N/A;N/A;N/A;N/A;N/A;N/A;N/A;N/A;N/A;N/A;N/A;N/A;N/A;N/A;Sí;N/A;N/A
Renault;"Sandero Stepway";"1.6 Privilege Nav 105cv";2014;"29000 km";;CURBELOMARCELO46;15700;;;;;Pando;https://auto.mercadolibre.com.uy/MLU-647338227-renault-_JM;N/A;;Renault;usd;Sí;free;false;N/A;N/A;http://perfil.mercadolibre.com.uy/CURBELOMARCELO46;active;N/A;N/A;Usado;Gris;N/A;Hidráulica;Delantera;N/A;N/A;Sí;N/A;N/A;N/A;N/A;N/A;N/A;N/A;N/A;N/A;N/A;N/A;N/A;N/A;N/A;N/A;N/A;N/A;N/A;N/A;N/A;N/A;N/A;"2588 mm";"1.6 L";"50 L";5;N/A;N/A;N/A;N/A;N/A;N/A;N/A;N/A;N/A;N/A;N/A;N/A;N/A;N/A;N/A;N/A;N/A;N/A;N/A;N/A;N/A;N/A;N/A;N/A;N/A;N/A;N/A;N/A;N/A;N/A;N/A;N/A;N/A;Sí;Sí;N/A;N/A;N/A;N/A;N/A;N/A;N/A;N/A;N/A;N/A;"1630 mm";"4091 mm";N/A;N/A;N/A;N/A;5;"105 hp";Privilege;N/A;4;"1751 mm";"9.3 km/l";N/A;N/A;N/A;Sí;N/A;N/A;Sí;N/A;N/A;N/A;"5.9 km/l";N/A;N/A;N/A;N/A;N/A;N/A;5;1.6;Nafta;Manual;Hatchback;"Autos y camionetas";N/A;N/A;N/A;N/A;N/A;N/A;UY;N/A;N/A;N/A;N/A;N/A;N/A;N/A;N/A;N/A;N/A;N/A;N/A;N/A;N/A;N/A;N/A;N/A;N/A;N/A;N/A;N/A;N/A;N/A;N/A;N/A;N/A;N/A;N/A;N/A;N/A;N/A;N/A;N/A;N/A;N/A;N/A;N/A;N/A;N/A;N/A;N/A;N/A;N/A;N/A;N/A;N/A;N/A;N/A;N/A;N/A;N/A;N/A;N/A;N/A;N/A;N/A;N/A;N/A;N/A;N/A;N/A;N/A;N/A;N/A;N/A;N/A;N/A;N/A;N/A;N/A;N/A;N/A;N/A;N/A;N/A;N/A;N/A;N/A;N/A;N/A;N/A;N/A;N/A;N/A;N/A;N/A;N/A;N/A;N/A;N/A;N/A;N/A;N/A;N/A;N/A;N/A;N/A;N/A;N/A;N/A;N/A;N/A;N/A;N/A;N/A;Sí;N/A;N/A;N/A;N/A;N/A;N/A;Sí;N/A;N/A
Renault;R9;"1.4 Gtl";1994;"158000 km";;ZOTANOVENTAS;3500;;;;;Buceo;https://auto.mercadolibre.com.uy/MLU-704768104-renault-r9-alarma-y-bloqueo-16-gtl-_JM;N/A;;"Renault R9, Alarma Y Bloqueo 1,6 Gtl";usd;No;free;false;N/A;N/A;http://perfil.mercadolibre.com.uy/ZOTANOVENTAS;active;N/A;N/A;Usado;N/A;N/A;Hidráulica;Delantera;N/A;N/A;N/A;N/A;N/A;N/A;N/A;N/A;N/A;N/A;N/A;N/A;N/A;N/A;N/A;N/A;N/A;N/A;N/A;N/A;N/A;N/A;N/A;N/A;N/A;"2483 mm";"1.4 L";"47 L";5;N/A;N/A;N/A;N/A;N/A;N/A;N/A;N/A;N/A;N/A;N/A;N/A;N/A;N/A;N/A;N/A;N/A;N/A;N/A;N/A;N/A;N/A;N/A;N/A;N/A;N/A;N/A;N/A;N/A;N/A;N/A;N/A;N/A;N/A;N/A;N/A;N/A;N/A;N/A;N/A;N/A;N/A;N/A;N/A;N/A;"1410 mm";"4130 mm";N/A;N/A;N/A;N/A;5;"71 hp";Gtl;N/A;2;"1670 mm";"10.2 km/l";N/A;N/A;N/A;N/A;N/A;N/A;N/A;N/A;N/A;N/A;"5.9 km/l";N/A;N/A;N/A;N/A;N/A;N/A;4;1.4;Nafta;Manual;Sedán;"Autos y camionetas";N/A;N/A;N/A;N/A;N/A;N/A;UY;N/A;N/A;N/A;N/A;N/A;N/A;N/A;N/A;N/A;N/A;N/A;N/A;N/A;N/A;N/A;N/A;N/A;N/A;N/A;N/A;N/A;N/A;N/A;N/A;N/A;N/A;N/A;N/A;N/A;N/A;N/A;N/A;N/A;N/A;N/A;N/A;N/A;N/A;N/A;N/A;N/A;N/A;N/A;N/A;N/A;N/A;N/A;N/A;N/A;N/A;N/A;N/A;N/A;N/A;N/A;N/A;N/A;N/A;N/A;N/A;N/A;N/A;N/A;N/A;N/A;N/A;N/A;N/A;N/A;N/A;N/A;N/A;N/A;N/A;N/A;N/A;N/A;N/A;N/A;N/A;N/A;N/A;N/A;N/A;N/A;N/A;N/A;N/A;N/A;N/A;N/A;N/A;N/A;N/A;N/A;N/A;N/A;N/A;N/A;N/A;N/A;N/A;N/A;N/A;N/A;N/A;N/A;N/A;N/A;N/A;N/A;N/A;N/A;N/A;N/A
Renault;Kwid;"1.0 Sce 66cv Life";2021;"75000 km";;MI20241112155821;10800;;;;;Buceo;https://auto.mercadolibre.com.uy/MLU-704242940-renault-kwid-10-sce-66cv-life-_JM;N/A;;"Renault Kwid 1.0 Sce 66cv Life";usd;Sí;free;false;N/A;N/A;http://perfil.mercadolibre.com.uy/MI20241112155821;active;N/A;N/A;Usado;Rojo;No;Hidráulica;Delantera;Sí;N/A;Sí;N/A;N/A;N/A;N/A;N/A;N/A;N/A;N/A;N/A;No;N/A;N/A;N/A;N/A;N/A;N/A;N/A;N/A;N/A;N/A;N/A;N/A;"2423 mm";"1 L";"50 L";5;N/A;N/A;N/A;N/A;N/A;No;N/A;N/A;N/A;N/A;N/A;N/A;N/A;N/A;N/A;N/A;N/A;N/A;N/A;N/A;N/A;N/A;N/A;N/A;N/A;N/A;N/A;N/A;N/A;N/A;N/A;N/A;N/A;N/A;N/A;N/A;N/A;N/A;N/A;N/A;N/A;N/A;N/A;N/A;N/A;"1474 mm";"3680 mm";N/A;N/A;N/A;N/A;5;"66 hp";Life;N/A;4;"1752 mm";N/A;N/A;N/A;N/A;N/A;N/A;N/A;N/A;N/A;N/A;N/A;N/A;N/A;N/A;N/A;N/A;N/A;"Lunes a domingos 9:00 a 21:00";5;1.0;Nafta;Manual;Hatchback;"Autos y camionetas";N/A;N/A;N/A;N/A;N/A;N/A;UY;N/A;N/A;N/A;N/A;N/A;N/A;N/A;N/A;N/A;N/A;N/A;N/A;N/A;N/A;N/A;N/A;N/A;N/A;N/A;N/A;N/A;N/A;N/A;N/A;N/A;N/A;N/A;N/A;N/A;N/A;N/A;N/A;N/A;N/A;N/A;N/A;N/A;N/A;N/A;N/A;N/A;N/A;N/A;N/A;N/A;N/A;N/A;N/A;N/A;N/A;N/A;N/A;N/A;N/A;N/A;N/A;N/A;N/A;N/A;N/A;N/A;N/A;N/A;N/A;N/A;N/A;N/A;N/A;N/A;N/A;N/A;N/A;N/A;N/A;N/A;N/A;N/A;N/A;N/A;N/A;N/A;N/A;N/A;N/A;N/A;N/A;N/A;N/A;N/A;N/A;N/A;N/A;N/A;N/A;N/A;N/A;N/A;N/A;N/A;N/A;N/A;N/A;N/A;N/A;N/A;N/A;N/A;N/A;N/A;N/A;N/A;N/A;N/A;N/A;N/A
Renault;Captur;"0.9 Tce90 Expression";2017;"104000 km";;"EL GUZ";14500;;;;;"Tres Cruces";https://auto.mercadolibre.com.uy/MLU-647196571-renault-captur-_JM;N/A;;"Renault Captur";usd;Sí;free;false;N/A;N/A;http://perfil.mercadolibre.com.uy/EL+GUZ;active;N/A;N/A;Usado;Azul;Sí;Hidráulica;Delantera;Sí;Sí;N/A;N/A;N/A;No;N/A;N/A;No;N/A;N/A;No;Sí;N/A;No;N/A;N/A;N/A;N/A;N/A;N/A;N/A;N/A;N/A;N/A;"2606 mm";"0.9 L";"45 L";5;N/A;N/A;N/A;N/A;N/A;No;N/A;N/A;N/A;N/A;N/A;N/A;N/A;N/A;N/A;N/A;N/A;N/A;N/A;N/A;N/A;N/A;N/A;N/A;N/A;N/A;N/A;N/A;N/A;N/A;N/A;N/A;N/A;N/A;N/A;N/A;N/A;N/A;N/A;N/A;N/A;N/A;N/A;N/A;N/A;"1566 mm";"4122 mm";N/A;N/A;N/A;N/A;5;"90 hp";Expression;N/A;4;"1778 mm";N/A;No;N/A;No;Sí;N/A;Sí;Sí;N/A;No;N/A;N/A;N/A;N/A;N/A;N/A;N/A;"Sábados no atiendo";5;0.9;Nafta;Manual;Hatchback;"Autos y camionetas";No;N/A;N/A;N/A;No;N/A;UY;N/A;No;N/A;No;N/A;N/A;N/A;N/A;N/A;N/A;N/A;N/A;N/A;N/A;N/A;N/A;N/A;No;N/A;N/A;N/A;N/A;N/A;N/A;N/A;N/A;N/A;N/A;N/A;N/A;N/A;N/A;N/A;N/A;N/A;N/A;N/A;N/A;N/A;N/A;N/A;N/A;N/A;N/A;N/A;N/A;N/A;N/A;N/A;N/A;N/A;N/A;N/A;N/A;N/A;N/A;N/A;N/A;N/A;N/A;N/A;N/A;N/A;N/A;N/A;N/A;N/A;N/A;N/A;N/A;N/A;N/A;N/A;N/A;N/A;N/A;N/A;N/A;N/A;N/A;N/A;N/A;N/A;N/A;N/A;N/A;N/A;N/A;N/A;Sí;No;Sí;N/A;Sí;N/A;N/A;N/A;N/A;Sí;No;Sí;Sí;N/A;N/A;Sí;Sí;Sí;Sí;Sí;Sí;No;No;No;N/A;Sí
Renault;Sandero;"1.6 Expression 90cv";2018;"144000 km";;GOHE4523490;10000;;;;;"Parque Batlle";https://auto.mercadolibre.com.uy/MLU-702885166-renault-sandero-16-expression-90cv-_JM;N/A;;"Renault Sandero 1.6 Expression 90cv";usd;Sí;free;false;N/A;N/A;http://perfil.mercadolibre.com.uy/GOHE4523490;active;N/A;N/A;Usado;Gris;No;Hidráulica;Delantera;Sí;Sí;N/A;N/A;N/A;Sí;N/A;N/A;N/A;N/A;N/A;N/A;N/A;N/A;N/A;N/A;N/A;N/A;N/A;N/A;N/A;N/A;N/A;N/A;N/A;"2590 mm";"1.6 L";"50 L";5;N/A;N/A;N/A;N/A;N/A;N/A;N/A;N/A;N/A;N/A;N/A;N/A;N/A;N/A;N/A;N/A;N/A;N/A;N/A;N/A;N/A;N/A;N/A;N/A;N/A;N/A;N/A;N/A;N/A;N/A;N/A;N/A;N/A;N/A;N/A;N/A;N/A;N/A;N/A;N/A;N/A;N/A;N/A;N/A;N/A;"1536 mm";"4060 mm";N/A;N/A;N/A;N/A;5;"90 hp";Expression;N/A;2;"1733 mm";"10 km/l";N/A;N/A;N/A;N/A;N/A;N/A;N/A;N/A;N/A;Sí;"5.8 km/l";N/A;N/A;N/A;N/A;N/A;"Todo el día";5;1.6;Nafta;Manual;Hatchback;"Autos y camionetas";N/A;N/A;N/A;N/A;N/A;N/A;UY;N/A;N/A;N/A;N/A;N/A;N/A;N/A;N/A;N/A;N/A;N/A;N/A;N/A;N/A;N/A;N/A;N/A;N/A;N/A;N/A;N/A;N/A;N/A;N/A;N/A;N/A;N/A;N/A;N/A;N/A;N/A;N/A;N/A;N/A;N/A;N/A;N/A;N/A;N/A;N/A;N/A;N/A;N/A;N/A;N/A;N/A;N/A;N/A;N/A;N/A;N/A;N/A;N/A;N/A;N/A;N/A;N/A;N/A;N/A;N/A;N/A;N/A;N/A;N/A;N/A;N/A;N/A;N/A;N/A;N/A;N/A;N/A;N/A;N/A;N/A;N/A;N/A;N/A;N/A;N/A;N/A;N/A;N/A;N/A;N/A;N/A;N/A;N/A;N/A;Sí;N/A;N/A;N/A;Sí;N/A;N/A;N/A;N/A;Sí;N/A;N/A;Sí;N/A;N/A;Sí;N/A;Sí;Sí;Sí;Sí;Sí;N/A;Sí;N/A;Sí
Renault;Megane;"Cuatro puertas";2000;"280000 km";;GASTANFERNANDO20220816175628;5200;;;;;"San Luis";https://auto.mercadolibre.com.uy/MLU-702806570-renault-megane-_JM;N/A;;"Renault Megane";USD;No;free;false;N/A;N/A;http://perfil.mercadolibre.com.uy/GASTANFERNANDO20220816175628;active;N/A;N/A;Usado;Verde;No;Hidráulica;4x2;N/A;N/A;N/A;N/A;N/A;N/A;N/A;N/A;N/A;N/A;N/A;N/A;N/A;N/A;N/A;N/A;N/A;N/A;N/A;N/A;N/A;N/A;N/A;N/A;N/A;N/A;N/A;N/A;N/A;N/A;N/A;N/A;N/A;N/A;N/A;N/A;N/A;N/A;N/A;N/A;N/A;N/A;N/A;N/A;N/A;N/A;N/A;N/A;N/A;N/A;N/A;N/A;N/A;N/A;N/A;N/A;N/A;N/A;N/A;N/A;N/A;N/A;N/A;N/A;N/A;N/A;N/A;N/A;N/A;N/A;N/A;N/A;N/A;N/A;N/A;N/A;N/A;N/A;N/A;N/A;N/A;N/A;N/A;N/A;N/A;N/A;N/A;N/A;N/A;N/A;N/A;N/A;Sí;Sí;N/A;N/A;N/A;N/A;N/A;N/A;N/A;N/A;N/A;"Todos los días";4;1.6;Nafta;Manual;N/A;"Autos y camionetas";N/A;N/A;N/A;N/A;N/A;N/A;N/A;N/A;N/A;N/A;N/A;N/A;N/A;N/A;N/A;N/A;N/A;N/A;N/A;N/A;N/A;N/A;N/A;N/A;N/A;N/A;N/A;N/A;N/A;N/A;N/A;N/A;N/A;N/A;N/A;N/A;N/A;N/A;N/A;N/A;N/A;N/A;N/A;N/A;N/A;N/A;N/A;N/A;N/A;N/A;N/A;N/A;N/A;N/A;N/A;N/A;N/A;N/A;N/A;N/A;N/A;N/A;N/A;N/A;N/A;N/A;N/A;N/A;N/A;N/A;N/A;N/A;N/A;N/A;N/A;N/A;N/A;N/A;N/A;N/A;N/A;N/A;N/A;N/A;N/A;N/A;N/A;N/A;N/A;N/A;N/A;N/A;N/A;N/A;N/A;N/A;N/A;N/A;N/A;N/A;N/A;N/A;N/A;N/A;N/A;N/A;N/A;N/A;N/A;N/A;N/A;N/A;N/A;N/A;N/A;N/A;N/A;N/A;N/A;N/A;N/A;N/A
Renault;Kwid;"1.0 Sce 66cv Zen";2025;"1 km";;LABORIDODOMINGO20230807215246;13500;;;;;"San José de Mayo";https://auto.mercadolibre.com.uy/MLU-702901764-0k-a-estrenar-esta-en-una-concesionaria-_JM;N/A;;"0k A Estrenar Está En Una Concesionaria";USD;Sí;free;false;N/A;N/A;http://perfil.mercadolibre.com.uy/LABORIDODOMINGO20230807215246;active;N/A;N/A;Usado;Blanco;Sí;Eléctrica;4x2;Sí;Sí;N/A;N/A;N/A;Sí;N/A;N/A;No;N/A;N/A;No;Sí;N/A;Sí;N/A;N/A;N/A;N/A;N/A;N/A;N/A;N/A;N/A;N/A;N/A;N/A;N/A;N/A;N/A;N/A;N/A;N/A;N/A;No;N/A;N/A;N/A;N/A;N/A;N/A;N/A;N/A;N/A;N/A;N/A;N/A;N/A;N/A;N/A;N/A;N/A;N/A;N/A;N/A;N/A;N/A;N/A;N/A;N/A;N/A;N/A;N/A;N/A;N/A;N/A;N/A;N/A;N/A;N/A;N/A;N/A;N/A;N/A;N/A;N/A;N/A;N/A;N/A;N/A;N/A;N/A;N/A;N/A;N/A;N/A;N/A;No;N/A;No;No;N/A;Sí;Sí;N/A;No;N/A;N/A;No;Sí;N/A;N/A;N/A;Cualquiera;5;1.0;Nafta;Manual;Hatchback;"Autos y camionetas";N/A;N/A;N/A;N/A;N/A;N/A;N/A;N/A;N/A;N/A;N/A;N/A;N/A;N/A;N/A;N/A;N/A;N/A;N/A;N/A;N/A;N/A;N/A;N/A;No;N/A;N/A;N/A;N/A;N/A;N/A;N/A;N/A;N/A;N/A;N/A;N/A;N/A;N/A;N/A;N/A;N/A;N/A;N/A;N/A;N/A;N/A;N/A;N/A;N/A;N/A;N/A;N/A;N/A;N/A;N/A;N/A;N/A;N/A;N/A;N/A;N/A;N/A;N/A;N/A;N/A;N/A;N/A;N/A;N/A;N/A;N/A;N/A;N/A;N/A;N/A;N/A;N/A;N/A;N/A;N/A;N/A;N/A;N/A;N/A;N/A;N/A;N/A;N/A;N/A;N/A;N/A;N/A;N/A;N/A;No;Sí;Sí;No;N/A;Sí;N/A;N/A;N/A;N/A;Sí;Sí;No;No;N/A;N/A;N/A;No;N/A;Sí;N/A;N/A;N/A;N/A;N/A;N/A;N/A
Renault;Megane;"1.6 Rt";1997;"190000 km";;"DARÍO 2023";80000;;;;;"Barra de Carrasco";https://auto.mercadolibre.com.uy/MLU-704862920-renault-megane-16-full-_JM;N/A;;"Renault Megane 1.6 Full ";usd;No;free;false;N/A;N/A;http://perfil.mercadolibre.com.uy/DAR%C3%8DO+2023;active;N/A;N/A;Usado;Azul;N/A;Hidráulica;Delantera;N/A;N/A;N/A;N/A;N/A;N/A;N/A;N/A;N/A;N/A;N/A;N/A;N/A;N/A;N/A;N/A;N/A;N/A;N/A;N/A;N/A;N/A;N/A;N/A;N/A;"2686 mm";"1.6 L";"60 L";5;N/A;N/A;N/A;N/A;N/A;N/A;N/A;N/A;N/A;N/A;N/A;N/A;N/A;N/A;N/A;N/A;N/A;N/A;N/A;N/A;N/A;N/A;N/A;N/A;N/A;N/A;N/A;N/A;N/A;N/A;N/A;N/A;N/A;N/A;N/A;N/A;N/A;N/A;N/A;N/A;N/A;N/A;N/A;N/A;N/A;"1435 mm";"4164 mm";N/A;N/A;N/A;N/A;5;"100 hp";Rt;N/A;4;"1777 mm";N/A;N/A;N/A;N/A;N/A;N/A;N/A;N/A;N/A;N/A;N/A;N/A;N/A;N/A;N/A;N/A;N/A;"10 a 12";5;1.6;Nafta;Manual;Hatchback;"Autos y camionetas";N/A;N/A;N/A;N/A;N/A;N/A;UY;N/A;N/A;N/A;N/A;N/A;N/A;N/A;N/A;N/A;N/A;N/A;N/A;N/A;N/A;N/A;N/A;N/A;N/A;N/A;N/A;N/A;N/A;N/A;N/A;N/A;N/A;N/A;N/A;N/A;N/A;N/A;N/A;N/A;N/A;N/A;N/A;N/A;N/A;N/A;N/A;N/A;N/A;N/A;N/A;N/A;N/A;N/A;N/A;N/A;N/A;N/A;N/A;N/A;N/A;N/A;N/A;N/A;N/A;N/A;N/A;N/A;N/A;N/A;N/A;N/A;N/A;N/A;N/A;N/A;N/A;N/A;N/A;N/A;N/A;N/A;N/A;N/A;N/A;N/A;N/A;N/A;N/A;N/A;N/A;N/A;N/A;N/A;N/A;N/A;N/A;N/A;N/A;N/A;N/A;N/A;N/A;N/A;N/A;N/A;N/A;N/A;N/A;N/A;N/A;N/A;N/A;N/A;N/A;N/A;N/A;N/A;N/A;N/A;N/A;N/A
Renault;Kwid;"1.0 Sce 66cv Intense";2024;"9500 km";;SANTIBERMUDEZ05;14500;;;;;"Ciudad del Plata";https://auto.mercadolibre.com.uy/MLU-706076210-renault-kwid-10-sce-66cv-intense-_JM;N/A;;"Renault Kwid 1.0 Sce 66cv Intense";usd;Sí;free;false;N/A;N/A;http://perfil.mercadolibre.com.uy/SANTIBERMUDEZ05;active;N/A;N/A;Usado;Azul;Sí;Eléctrica;Delantera;N/A;N/A;Sí;N/A;N/A;N/A;N/A;N/A;N/A;N/A;N/A;N/A;N/A;N/A;N/A;N/A;N/A;N/A;N/A;N/A;N/A;N/A;N/A;N/A;N/A;"2423 mm";"1 L";"50 L";5;N/A;N/A;N/A;N/A;N/A;N/A;N/A;N/A;N/A;N/A;N/A;N/A;N/A;N/A;N/A;N/A;N/A;N/A;N/A;N/A;N/A;N/A;N/A;N/A;N/A;N/A;N/A;N/A;N/A;N/A;N/A;N/A;N/A;N/A;N/A;N/A;N/A;N/A;N/A;N/A;N/A;N/A;N/A;N/A;N/A;"1474 mm";"3680 mm";N/A;N/A;N/A;N/A;5;"66 hp";Intense;N/A;4;"1752 mm";N/A;N/A;N/A;N/A;N/A;N/A;Sí;Sí;N/A;N/A;N/A;N/A;N/A;N/A;N/A;N/A;N/A;"Lunes a Domingo,cualquier horario.";5;1.0;Nafta;Manual;Hatchback;"Autos y camionetas";N/A;N/A;N/A;N/A;N/A;N/A;UY;N/A;N/A;N/A;N/A;N/A;N/A;N/A;N/A;N/A;N/A;N/A;N/A;N/A;N/A;N/A;N/A;N/A;N/A;N/A;N/A;N/A;N/A;N/A;N/A;N/A;N/A;N/A;N/A;N/A;N/A;N/A;N/A;N/A;N/A;N/A;N/A;N/A;N/A;N/A;N/A;N/A;N/A;N/A;N/A;N/A;N/A;N/A;N/A;N/A;N/A;N/A;N/A;N/A;N/A;N/A;N/A;N/A;N/A;N/A;N/A;N/A;N/A;N/A;N/A;N/A;N/A;N/A;N/A;N/A;N/A;N/A;N/A;N/A;N/A;N/A;N/A;N/A;N/A;N/A;N/A;N/A;N/A;N/A;N/A;N/A;N/A;N/A;N/A;N/A;N/A;N/A;N/A;N/A;N/A;N/A;N/A;N/A;N/A;N/A;N/A;N/A;N/A;N/A;N/A;N/A;N/A;N/A;N/A;N/A;N/A;N/A;N/A;N/A;N/A;N/A
Renault;Duster;"1.6 Ph2 4x2 Dynamique 110cv";2020;"65000 km";;DRSRODRIGUEZ;17000;;;;;Paysandú;https://auto.mercadolibre.com.uy/MLU-706065332-renault-duster-16-ph2-4x2-dynamique-110cv-_JM;N/A;;"Renault Duster 1.6 Ph2 4x2 Dynamique 110cv";usd;Sí;free;false;N/A;N/A;http://perfil.mercadolibre.com.uy/DRSRODRIGUEZ;active;N/A;N/A;Usado;Blanco;No;Asistida;4x2;Sí;Sí;Sí;N/A;N/A;N/A;N/A;N/A;N/A;N/A;N/A;No;Sí;N/A;No;N/A;N/A;N/A;N/A;N/A;N/A;N/A;N/A;N/A;N/A;"2674 mm";"1.6 L";"50 L";5;N/A;N/A;N/A;N/A;N/A;N/A;N/A;N/A;N/A;N/A;N/A;N/A;N/A;N/A;N/A;N/A;N/A;N/A;N/A;N/A;N/A;N/A;N/A;N/A;N/A;N/A;N/A;N/A;N/A;Sí;N/A;N/A;N/A;N/A;N/A;N/A;N/A;N/A;N/A;N/A;N/A;N/A;N/A;N/A;N/A;"1683 mm";"4329 mm";N/A;N/A;N/A;N/A;5;"110 hp";Dynamique;N/A;4;"1822 mm";"11.1 km/l";No;N/A;Sí;Sí;N/A;Sí;Sí;N/A;N/A;N/A;"10.4 km/l";N/A;Sí;N/A;N/A;N/A;N/A;5;1.6;Nafta;Manual;SUV;"Autos y camionetas";N/A;N/A;N/A;N/A;N/A;N/A;UY;N/A;N/A;N/A;N/A;N/A;N/A;N/A;N/A;N/A;N/A;N/A;N/A;N/A;N/A;N/A;N/A;N/A;No;N/A;N/A;N/A;N/A;N/A;N/A;N/A;N/A;N/A;N/A;N/A;N/A;N/A;N/A;N/A;N/A;N/A;N/A;N/A;N/A;N/A;N/A;N/A;N/A;N/A;N/A;N/A;N/A;N/A;N/A;N/A;N/A;N/A;N/A;N/A;N/A;N/A;N/A;N/A;N/A;N/A;N/A;N/A;N/A;N/A;N/A;N/A;N/A;N/A;N/A;N/A;N/A;N/A;N/A;N/A;N/A;N/A;N/A;N/A;N/A;N/A;N/A;N/A;N/A;N/A;N/A;N/A;N/A;N/A;N/A;N/A;Sí;Sí;N/A;N/A;Sí;N/A;N/A;N/A;N/A;Sí;N/A;Sí;Sí;N/A;N/A;Sí;N/A;Sí;Sí;Sí;Sí;No;N/A;Sí;N/A;Sí
Renault;"Authetique 1.6 v";1.6;2008;"168880 km";;ANAMARIARODRGUEZBERTULO;6800;;;;;N/A;https://auto.mercadolibre.com.uy/MLU-705122790-buen-estadoeconomico-andar-seguro-en-ruta-comodo-_JM;N/A;;"Buen Estado,económico, Andar Seguro En Ruta, Cómodo";USD;Sí;free;false;N/A;N/A;http://perfil.mercadolibre.com.uy/ANAMARIARODRGUEZBERTULO;active;N/A;N/A;Usado;Plateado;N/A;Hidráulica;Trasera;N/A;N/A;N/A;N/A;N/A;N/A;N/A;N/A;N/A;N/A;N/A;N/A;N/A;N/A;N/A;N/A;N/A;N/A;N/A;N/A;N/A;N/A;N/A;N/A;N/A;N/A;N/A;N/A;N/A;N/A;N/A;N/A;N/A;N/A;N/A;N/A;N/A;N/A;N/A;N/A;N/A;N/A;N/A;N/A;N/A;N/A;N/A;N/A;N/A;N/A;N/A;N/A;N/A;N/A;N/A;N/A;N/A;N/A;N/A;N/A;N/A;N/A;N/A;N/A;N/A;N/A;N/A;N/A;N/A;N/A;N/A;N/A;N/A;N/A;N/A;N/A;N/A;N/A;N/A;N/A;N/A;N/A;N/A;N/A;N/A;N/A;N/A;N/A;N/A;N/A;N/A;N/A;N/A;N/A;N/A;N/A;N/A;N/A;N/A;N/A;N/A;N/A;N/A;"Lunes a Domingo de 9 a 21 hs";5;N/A;Nafta;Manual;N/A;"Autos y camionetas";N/A;N/A;N/A;N/A;N/A;N/A;N/A;N/A;N/A;N/A;N/A;N/A;N/A;N/A;N/A;N/A;N/A;N/A;N/A;N/A;N/A;N/A;N/A;N/A;N/A;N/A;N/A;N/A;N/A;N/A;N/A;N/A;N/A;N/A;N/A;N/A;N/A;N/A;N/A;N/A;N/A;N/A;N/A;N/A;N/A;N/A;N/A;N/A;N/A;N/A;N/A;N/A;N/A;N/A;N/A;N/A;N/A;N/A;N/A;N/A;N/A;N/A;N/A;N/A;N/A;N/A;N/A;N/A;N/A;N/A;N/A;N/A;N/A;N/A;N/A;N/A;N/A;N/A;N/A;N/A;N/A;N/A;N/A;N/A;N/A;N/A;N/A;N/A;N/A;N/A;N/A;N/A;N/A;N/A;N/A;N/A;N/A;N/A;N/A;N/A;N/A;N/A;N/A;N/A;N/A;N/A;N/A;N/A;N/A;N/A;N/A;N/A;N/A;N/A;N/A;N/A;N/A;N/A;N/A;N/A;N/A;N/A
Renault;R12;"1.4 L";1990;"50000 km";;AG20241215193851;50000;;;;;N/A;https://auto.mercadolibre.com.uy/MLU-647550125-renault-r12-14-l-_JM;N/A;;"Renault R12 1.4 L";usd;No;free;false;N/A;N/A;http://perfil.mercadolibre.com.uy/AG20241215193851;active;N/A;N/A;Usado;Rojo;No;Hidráulica;Delantera;N/A;N/A;N/A;N/A;N/A;N/A;N/A;N/A;N/A;N/A;N/A;N/A;N/A;N/A;N/A;N/A;N/A;N/A;N/A;N/A;N/A;N/A;N/A;N/A;N/A;"2441 mm";"1.4 L";"47 L";4;N/A;N/A;N/A;N/A;N/A;N/A;N/A;N/A;N/A;N/A;N/A;N/A;N/A;N/A;N/A;N/A;N/A;N/A;N/A;N/A;N/A;N/A;N/A;N/A;N/A;N/A;N/A;N/A;N/A;N/A;N/A;N/A;N/A;N/A;N/A;N/A;N/A;N/A;N/A;N/A;N/A;N/A;N/A;N/A;N/A;"1435 mm";"4343 mm";N/A;N/A;N/A;N/A;5;"63 hp";L;N/A;2;"1613 mm";"12 km/l";N/A;N/A;N/A;N/A;N/A;N/A;N/A;N/A;N/A;N/A;N/A;N/A;N/A;N/A;N/A;N/A;N/A;4;1.4;Nafta;Manual;Sedán;"Autos y camionetas";N/A;N/A;N/A;N/A;N/A;N/A;UY;N/A;N/A;N/A;N/A;N/A;N/A;N/A;N/A;N/A;N/A;N/A;N/A;N/A;N/A;N/A;N/A;N/A;N/A;N/A;N/A;N/A;N/A;N/A;N/A;N/A;N/A;N/A;N/A;N/A;N/A;N/A;N/A;N/A;N/A;N/A;N/A;N/A;N/A;N/A;N/A;N/A;N/A;N/A;N/A;N/A;N/A;N/A;N/A;N/A;N/A;N/A;N/A;N/A;N/A;N/A;N/A;N/A;N/A;N/A;N/A;N/A;N/A;N/A;N/A;N/A;N/A;N/A;N/A;N/A;N/A;N/A;N/A;N/A;N/A;N/A;N/A;N/A;N/A;N/A;N/A;N/A;N/A;N/A;N/A;N/A;N/A;N/A;N/A;N/A;N/A;N/A;N/A;N/A;N/A;N/A;N/A;N/A;N/A;N/A;N/A;N/A;N/A;N/A;N/A;N/A;N/A;N/A;N/A;N/A;N/A;N/A;N/A;N/A;N/A;N/A
Renault;Oroch;1.4;2017;"98000 km";;COLU4375423;14500;;;;;Florida;https://auto.mercadolibre.com.uy/MLU-704735720-buen-estado-particular-no-de-empresas-_JM;N/A;;"Buen Estado, Particular No De Empresas";USD;Sí;free;false;N/A;N/A;http://perfil.mercadolibre.com.uy/COLU4375423;active;N/A;N/A;Usado;Negro;No;Asistida;Delantera;N/A;N/A;N/A;N/A;N/A;N/A;N/A;N/A;Sí;N/A;N/A;N/A;N/A;N/A;N/A;N/A;N/A;N/A;N/A;N/A;N/A;N/A;N/A;N/A;N/A;N/A;N/A;N/A;N/A;N/A;N/A;N/A;N/A;N/A;N/A;N/A;N/A;N/A;N/A;N/A;N/A;N/A;N/A;N/A;N/A;N/A;N/A;N/A;N/A;N/A;N/A;N/A;N/A;N/A;N/A;N/A;N/A;N/A;N/A;N/A;N/A;N/A;N/A;N/A;N/A;N/A;N/A;N/A;N/A;N/A;N/A;N/A;N/A;N/A;N/A;N/A;N/A;N/A;N/A;N/A;N/A;N/A;N/A;N/A;N/A;N/A;N/A;No;N/A;N/A;N/A;N/A;Sí;Sí;N/A;N/A;N/A;N/A;N/A;N/A;N/A;N/A;N/A;"24 hs";4;1.4;Nafta;"Automática secuencial";Pick-Up;"Autos y camionetas";N/A;N/A;N/A;N/A;N/A;N/A;N/A;N/A;N/A;N/A;N/A;N/A;N/A;N/A;N/A;N/A;N/A;N/A;N/A;N/A;N/A;N/A;N/A;N/A;N/A;N/A;N/A;N/A;N/A;N/A;N/A;N/A;N/A;N/A;N/A;N/A;N/A;N/A;N/A;N/A;N/A;N/A;N/A;N/A;N/A;N/A;N/A;N/A;N/A;N/A;N/A;N/A;N/A;N/A;N/A;N/A;N/A;N/A;N/A;N/A;N/A;N/A;N/A;N/A;N/A;N/A;N/A;N/A;N/A;N/A;N/A;N/A;N/A;N/A;N/A;N/A;N/A;N/A;N/A;N/A;N/A;N/A;N/A;N/A;N/A;N/A;N/A;N/A;N/A;N/A;N/A;N/A;N/A;N/A;N/A;N/A;N/A;N/A;N/A;N/A;N/A;N/A;N/A;N/A;N/A;N/A;N/A;N/A;N/A;N/A;N/A;N/A;N/A;N/A;Sí;Sí;Sí;No;No;Sí;N/A;Sí
Renault;Kwid;"1.0 Sce 66cv Life";2022;"24800 km";;MAGUNACLAUDIA;12900;;;;;"Pan de Azúcar";https://auto.mercadolibre.com.uy/MLU-647286775-renault-kwid-10-sce-66cv-life-_JM;N/A;;"Renault Kwid 1.0 Sce 66cv Life";usd;Sí;free;false;N/A;N/A;http://perfil.mercadolibre.com.uy/MAGUNACLAUDIA;active;N/A;N/A;Usado;Rojo;N/A;Asistida;Delantera;Sí;Sí;Sí;N/A;N/A;N/A;N/A;N/A;N/A;N/A;N/A;N/A;N/A;N/A;N/A;N/A;N/A;N/A;N/A;N/A;N/A;N/A;N/A;N/A;N/A;"2423 mm";"1 L";"50 L";5;N/A;N/A;N/A;N/A;N/A;N/A;N/A;N/A;N/A;N/A;N/A;N/A;N/A;N/A;N/A;N/A;N/A;N/A;N/A;N/A;N/A;N/A;N/A;N/A;N/A;N/A;N/A;N/A;N/A;N/A;N/A;N/A;N/A;N/A;N/A;N/A;N/A;N/A;N/A;N/A;N/A;N/A;N/A;N/A;N/A;"1474 mm";"3680 mm";N/A;N/A;N/A;N/A;5;"66 hp";Life;N/A;4;"1752 mm";N/A;N/A;N/A;N/A;N/A;N/A;Sí;N/A;N/A;N/A;N/A;N/A;N/A;N/A;N/A;N/A;N/A;N/A;5;1.0;Nafta;Manual;Hatchback;"Autos y camionetas";N/A;N/A;N/A;N/A;N/A;N/A;UY;N/A;N/A;N/A;N/A;N/A;N/A;N/A;N/A;N/A;N/A;N/A;N/A;N/A;N/A;N/A;N/A;N/A;N/A;N/A;N/A;N/A;N/A;N/A;N/A;N/A;N/A;N/A;N/A;N/A;N/A;N/A;N/A;N/A;N/A;N/A;N/A;N/A;N/A;N/A;N/A;N/A;N/A;N/A;N/A;N/A;N/A;N/A;N/A;N/A;N/A;N/A;N/A;N/A;N/A;N/A;N/A;N/A;N/A;N/A;N/A;N/A;N/A;N/A;N/A;N/A;N/A;N/A;N/A;N/A;N/A;N/A;N/A;N/A;N/A;N/A;N/A;N/A;N/A;N/A;N/A;N/A;N/A;N/A;N/A;N/A;N/A;N/A;N/A;N/A;N/A;Sí;N/A;N/A;N/A;N/A;N/A;N/A;N/A;Sí;N/A;N/A;Sí;N/A;N/A;N/A;N/A;N/A;Sí;Sí;Sí;N/A;N/A;Sí;N/A;Sí
Renault;Oroch;"1.6  Expression 1.6";2020;"100000 km";;MARTINEZWASHINGTON43;17000;;;;;"Las Piedras";https://auto.mercadolibre.com.uy/MLU-703043426-unico-dueno-_JM;N/A;;"Único Dueño";USD;Sí;free;false;N/A;N/A;http://perfil.mercadolibre.com.uy/MARTINEZWASHINGTON43;active;N/A;N/A;Usado;Gris;Sí;Hidráulica;N/A;N/A;N/A;N/A;N/A;N/A;N/A;N/A;N/A;N/A;N/A;N/A;N/A;N/A;N/A;N/A;N/A;N/A;N/A;N/A;N/A;N/A;N/A;N/A;N/A;N/A;N/A;N/A;N/A;N/A;N/A;N/A;N/A;N/A;N/A;N/A;N/A;N/A;N/A;N/A;N/A;N/A;N/A;N/A;N/A;N/A;N/A;N/A;N/A;N/A;N/A;N/A;N/A;N/A;N/A;N/A;N/A;N/A;N/A;N/A;N/A;N/A;N/A;N/A;N/A;N/A;N/A;N/A;N/A;N/A;N/A;N/A;N/A;N/A;N/A;N/A;N/A;N/A;N/A;N/A;N/A;N/A;N/A;N/A;N/A;N/A;N/A;N/A;No;N/A;N/A;N/A;N/A;Sí;No;N/A;N/A;N/A;N/A;N/A;N/A;N/A;N/A;N/A;"9 a 23";4;1.6;Nafta;Automática;N/A;"Autos y camionetas";N/A;N/A;N/A;N/A;N/A;N/A;N/A;N/A;N/A;N/A;N/A;N/A;N/A;N/A;N/A;N/A;N/A;N/A;N/A;N/A;N/A;N/A;N/A;N/A;N/A;N/A;N/A;N/A;N/A;N/A;N/A;N/A;N/A;N/A;N/A;N/A;N/A;N/A;N/A;N/A;N/A;N/A;N/A;N/A;N/A;N/A;N/A;N/A;N/A;N/A;N/A;N/A;N/A;N/A;N/A;N/A;N/A;N/A;N/A;N/A;N/A;N/A;N/A;N/A;N/A;N/A;N/A;N/A;N/A;N/A;N/A;N/A;N/A;N/A;N/A;N/A;N/A;N/A;N/A;N/A;N/A;N/A;N/A;N/A;N/A;N/A;N/A;N/A;N/A;N/A;N/A;N/A;N/A;N/A;N/A;N/A;N/A;N/A;N/A;N/A;N/A;N/A;N/A;N/A;N/A;N/A;N/A;N/A;N/A;N/A;N/A;N/A;N/A;N/A;N/A;N/A;N/A;N/A;N/A;N/A;N/A;N/A
Renault;Express;"1.9 Rn D";1997;"315000 km";;DH20241119112608;2700;;;;;Aiguá;https://auto.mercadolibre.com.uy/MLU-705868458-renault-express-19-rn-d-_JM;N/A;;"Renault Express 1.9 Rn D";usd;No;free;false;N/A;N/A;http://perfil.mercadolibre.com.uy/DH20241119112608;active;N/A;N/A;Usado;Blanco;N/A;Hidráulica;Delantera;N/A;N/A;N/A;N/A;N/A;N/A;N/A;N/A;N/A;N/A;N/A;N/A;N/A;N/A;N/A;N/A;N/A;N/A;N/A;N/A;N/A;N/A;N/A;N/A;N/A;"2580 mm";"1.9 L";"43 L";5;N/A;N/A;N/A;N/A;N/A;N/A;N/A;N/A;N/A;N/A;N/A;N/A;N/A;N/A;N/A;N/A;N/A;N/A;N/A;N/A;N/A;N/A;N/A;N/A;N/A;N/A;N/A;N/A;N/A;N/A;N/A;N/A;N/A;N/A;N/A;N/A;N/A;N/A;N/A;N/A;N/A;N/A;N/A;N/A;N/A;"1808 mm";"4056 mm";N/A;N/A;N/A;N/A;2;"55 hp";Rn;N/A;2;"1326 mm";"8.4 km/l";N/A;N/A;N/A;N/A;N/A;N/A;N/A;N/A;N/A;N/A;"5.3 km/l";N/A;N/A;N/A;N/A;N/A;N/A;3;1.9;Diésel;Manual;Furgón;"Autos y camionetas";N/A;N/A;N/A;N/A;N/A;N/A;UY;N/A;N/A;N/A;N/A;N/A;N/A;N/A;N/A;N/A;N/A;N/A;N/A;N/A;N/A;N/A;N/A;N/A;N/A;N/A;N/A;N/A;N/A;N/A;N/A;N/A;N/A;N/A;N/A;N/A;N/A;N/A;N/A;N/A;N/A;N/A;N/A;N/A;N/A;N/A;N/A;N/A;N/A;N/A;N/A;N/A;N/A;N/A;N/A;N/A;N/A;N/A;N/A;N/A;N/A;N/A;N/A;N/A;N/A;N/A;N/A;N/A;N/A;N/A;N/A;N/A;N/A;N/A;N/A;N/A;N/A;N/A;N/A;N/A;N/A;N/A;N/A;N/A;N/A;N/A;N/A;N/A;N/A;N/A;N/A;N/A;N/A;N/A;N/A;N/A;N/A;N/A;N/A;N/A;N/A;N/A;N/A;N/A;N/A;N/A;N/A;N/A;N/A;N/A;N/A;N/A;N/A;N/A;N/A;N/A;N/A;N/A;N/A;N/A;N/A;N/A
Renault;R19;"1.6 Rni";1996;"200000 km";;FIGUEROAMARTIN20220409105035;4450;;;;;N/A;https://auto.mercadolibre.com.uy/MLU-706221066-renault-r19-muy-economico-_JM;N/A;;"Renault R19 Muy Económico";usd;No;free;false;N/A;N/A;http://perfil.mercadolibre.com.uy/FIGUEROAMARTIN20220409105035;active;N/A;N/A;Usado;Verde;N/A;Hidráulica;Delantera;N/A;N/A;N/A;N/A;N/A;N/A;N/A;N/A;N/A;N/A;N/A;N/A;N/A;N/A;N/A;N/A;N/A;N/A;N/A;N/A;N/A;N/A;N/A;N/A;N/A;"2544 mm";"1.6 L";"55 L";5;N/A;N/A;N/A;N/A;N/A;N/A;N/A;N/A;N/A;N/A;N/A;N/A;N/A;N/A;N/A;N/A;N/A;N/A;N/A;N/A;N/A;N/A;N/A;N/A;N/A;N/A;N/A;N/A;N/A;N/A;N/A;N/A;N/A;N/A;N/A;N/A;N/A;N/A;N/A;N/A;N/A;N/A;N/A;N/A;N/A;"1420 mm";"4260 mm";N/A;N/A;N/A;N/A;5;"90 hp";Rn;N/A;2;"1690 mm";"8.5 km/l";N/A;N/A;N/A;N/A;N/A;N/A;N/A;N/A;N/A;N/A;"5.3 km/l";N/A;N/A;N/A;N/A;N/A;N/A;4;1.6;Nafta;Manual;Sedán;"Autos y camionetas";N/A;N/A;N/A;N/A;N/A;N/A;UY;N/A;N/A;N/A;N/A;N/A;N/A;N/A;N/A;N/A;N/A;N/A;N/A;N/A;N/A;N/A;N/A;N/A;N/A;N/A;N/A;N/A;N/A;N/A;N/A;N/A;N/A;N/A;N/A;N/A;N/A;N/A;N/A;N/A;N/A;N/A;N/A;N/A;N/A;N/A;N/A;N/A;N/A;N/A;N/A;N/A;N/A;N/A;N/A;N/A;N/A;N/A;N/A;N/A;N/A;N/A;N/A;N/A;N/A;N/A;N/A;N/A;N/A;N/A;N/A;N/A;N/A;N/A;N/A;N/A;N/A;N/A;N/A;N/A;N/A;N/A;N/A;N/A;N/A;N/A;N/A;N/A;N/A;N/A;N/A;N/A;N/A;N/A;N/A;N/A;N/A;N/A;N/A;N/A;N/A;N/A;N/A;N/A;N/A;N/A;N/A;N/A;N/A;N/A;N/A;N/A;N/A;N/A;N/A;N/A;N/A;N/A;N/A;N/A;N/A;N/A
Renault;R19;1.4;1999;"11111 km";;ALEJANDROANTOGNAZZA;2000;;;;;"25 De Agosto";https://auto.mercadolibre.com.uy/MLU-706175206-vendo-renault-19-14-hay-que-hacerle-cambio-de-aros-y-debe-_JM;N/A;;"Vendo Renault 19 1.4 Hay Que Hacerle  Cambio De Aros Y Debe";USD;No;free;false;N/A;N/A;http://perfil.mercadolibre.com.uy/ALEJANDROANTOGNAZZA;active;N/A;N/A;Usado;Blanco;No;Mecánica;Delantera;N/A;N/A;N/A;N/A;N/A;N/A;N/A;N/A;N/A;N/A;N/A;N/A;N/A;N/A;N/A;N/A;N/A;N/A;N/A;N/A;N/A;N/A;N/A;N/A;N/A;N/A;N/A;N/A;N/A;N/A;N/A;N/A;N/A;N/A;N/A;N/A;N/A;N/A;N/A;N/A;N/A;N/A;N/A;N/A;N/A;N/A;N/A;N/A;N/A;N/A;N/A;N/A;N/A;N/A;N/A;N/A;N/A;N/A;N/A;N/A;N/A;N/A;N/A;N/A;N/A;N/A;N/A;N/A;N/A;N/A;N/A;N/A;N/A;N/A;N/A;N/A;N/A;N/A;N/A;N/A;N/A;N/A;N/A;N/A;N/A;N/A;N/A;N/A;N/A;N/A;N/A;N/A;N/A;N/A;N/A;N/A;N/A;N/A;N/A;N/A;N/A;N/A;N/A;N/A;5;1.4;Nafta;Manual;Coupé;"Autos y camionetas";N/A;N/A;N/A;N/A;N/A;N/A;N/A;N/A;N/A;N/A;N/A;N/A;N/A;N/A;N/A;N/A;N/A;N/A;N/A;N/A;N/A;N/A;N/A;N/A;N/A;N/A;N/A;N/A;N/A;N/A;N/A;N/A;N/A;N/A;N/A;N/A;N/A;N/A;N/A;N/A;N/A;N/A;N/A;N/A;N/A;N/A;N/A;N/A;N/A;N/A;N/A;N/A;N/A;N/A;N/A;N/A;N/A;N/A;N/A;N/A;N/A;N/A;N/A;N/A;N/A;N/A;N/A;N/A;N/A;N/A;N/A;N/A;N/A;N/A;N/A;N/A;N/A;N/A;N/A;N/A;N/A;N/A;N/A;N/A;N/A;N/A;N/A;N/A;N/A;N/A;N/A;N/A;N/A;N/A;N/A;N/A;N/A;N/A;N/A;N/A;N/A;N/A;N/A;N/A;N/A;N/A;N/A;N/A;N/A;N/A;N/A;N/A;N/A;N/A;N/A;N/A;N/A;N/A;N/A;N/A;N/A;N/A
Renault;Clio;"1.6 Rl";1997;"10 km";;OVFL1120018;158000;;;;;"Barrio Duran";https://auto.mercadolibre.com.uy/MLU-705290968-renault-clio-16-rl-_JM;N/A;;"Renault Clio 1.6 Rl";usd;No;free;false;N/A;N/A;http://perfil.mercadolibre.com.uy/OVFL1120018;active;N/A;N/A;Usado;Gris;No;Hidráulica;Delantera;Sí;N/A;N/A;N/A;N/A;N/A;N/A;N/A;N/A;N/A;N/A;N/A;No;N/A;N/A;N/A;N/A;N/A;N/A;N/A;N/A;N/A;N/A;N/A;N/A;"2472 mm";"1.6 L";"43 L";5;N/A;N/A;N/A;N/A;N/A;N/A;N/A;N/A;N/A;N/A;N/A;N/A;N/A;N/A;N/A;N/A;N/A;N/A;N/A;N/A;N/A;N/A;N/A;N/A;N/A;N/A;N/A;N/A;N/A;N/A;N/A;N/A;N/A;N/A;N/A;N/A;N/A;N/A;N/A;N/A;N/A;N/A;N/A;N/A;N/A;"1395 mm";"3709 mm";N/A;N/A;N/A;N/A;5;"74 hp";Rl;N/A;2;"1628 mm";"11.6 km/l";Sí;N/A;N/A;N/A;N/A;N/A;No;N/A;N/A;N/A;N/A;N/A;N/A;N/A;N/A;N/A;N/A;3;1.6;Nafta;Manual;Hatchback;"Autos y camionetas";N/A;N/A;N/A;N/A;N/A;N/A;UY;N/A;No;N/A;N/A;N/A;N/A;N/A;N/A;N/A;N/A;N/A;N/A;N/A;N/A;N/A;N/A;N/A;N/A;N/A;N/A;N/A;N/A;N/A;N/A;N/A;N/A;N/A;N/A;N/A;N/A;N/A;N/A;N/A;N/A;N/A;N/A;N/A;N/A;N/A;N/A;N/A;N/A;N/A;N/A;N/A;N/A;N/A;N/A;N/A;N/A;N/A;N/A;N/A;N/A;N/A;Sí;N/A;N/A;N/A;N/A;N/A;N/A;N/A;N/A;N/A;N/A;N/A;N/A;N/A;N/A;N/A;N/A;N/A;N/A;N/A;N/A;N/A;N/A;N/A;N/A;N/A;N/A;N/A;N/A;N/A;N/A;N/A;N/A;N/A;N/A;N/A;N/A;N/A;N/A;N/A;N/A;N/A;N/A;N/A;N/A;N/A;N/A;N/A;N/A;N/A;N/A;N/A;Sí;Sí;N/A;Sí;N/A;Sí;N/A;Sí
Renault;Kwid;"1.0 zen mt";2018;"103000 km";;VALENMARTINEZ2014;450000;;;;;"La Teja";https://auto.mercadolibre.com.uy/MLU-704315832-renault-kwid-2018-_JM;N/A;;"Renault Kwid 2018";usd;No;free;false;N/A;N/A;http://perfil.mercadolibre.com.uy/VALENMARTINEZ2014;active;N/A;N/A;Usado;Rojo;No;Asistida;Delantera;Sí;N/A;Sí;N/A;N/A;N/A;N/A;N/A;N/A;N/A;N/A;N/A;Sí;N/A;Sí;N/A;N/A;N/A;N/A;N/A;N/A;N/A;N/A;N/A;N/A;"2423 mm";"1 L";"50 L";5;N/A;N/A;N/A;N/A;N/A;N/A;N/A;N/A;N/A;N/A;N/A;N/A;N/A;N/A;N/A;N/A;N/A;N/A;N/A;N/A;N/A;N/A;N/A;N/A;N/A;N/A;N/A;N/A;N/A;N/A;N/A;N/A;N/A;N/A;N/A;N/A;N/A;N/A;N/A;N/A;N/A;N/A;N/A;N/A;N/A;"1474 mm";"3680 mm";N/A;N/A;N/A;N/A;5;"66 hp";Zen;N/A;4;"1752 mm";N/A;N/A;N/A;Sí;N/A;N/A;Sí;Sí;N/A;N/A;N/A;N/A;Sí;N/A;N/A;N/A;N/A;N/A;4;1.0;Nafta;Manual;Hatchback;"Autos y camionetas";N/A;N/A;N/A;N/A;N/A;N/A;UY;N/A;N/A;N/A;N/A;N/A;N/A;N/A;N/A;N/A;N/A;N/A;N/A;N/A;N/A;N/A;N/A;N/A;N/A;N/A;N/A;N/A;N/A;N/A;N/A;N/A;N/A;N/A;N/A;N/A;N/A;N/A;N/A;N/A;N/A;N/A;N/A;N/A;N/A;N/A;N/A;N/A;N/A;N/A;N/A;N/A;N/A;N/A;N/A;N/A;N/A;N/A;N/A;N/A;N/A;N/A;Sí;N/A;N/A;N/A;N/A;N/A;N/A;N/A;N/A;N/A;N/A;N/A;N/A;N/A;N/A;N/A;N/A;N/A;N/A;N/A;N/A;N/A;N/A;N/A;N/A;N/A;N/A;N/A;N/A;N/A;N/A;N/A;N/A;N/A;Sí;Sí;N/A;N/A;Sí;N/A;N/A;N/A;N/A;Sí;N/A;N/A;N/A;N/A;N/A;N/A;Sí;Sí;Sí;Sí;Sí;N/A;N/A;Sí;N/A;Sí
Renault;Duster;"1.6 16v Intens Cvt";2021;"80000 km";;GABRIELA_LLUBERAS;21000;;;;;"La Comercial";https://auto.mercadolibre.com.uy/MLU-647443107-renault-duster-2021-16-16v-intens-cvt-_JM;N/A;;"Renault Duster 2021 1.6 16v Intens Cvt";usd;Sí;free;false;N/A;N/A;http://perfil.mercadolibre.com.uy/GABRIELA_LLUBERAS;active;N/A;N/A;Usado;N/A;N/A;N/A;4x2;N/A;N/A;Sí;N/A;N/A;N/A;N/A;N/A;N/A;N/A;N/A;N/A;N/A;N/A;N/A;N/A;N/A;N/A;N/A;N/A;N/A;N/A;N/A;N/A;N/A;"2674 mm";"1.6 L";"50 L";6;N/A;N/A;N/A;N/A;N/A;N/A;N/A;N/A;N/A;N/A;N/A;N/A;N/A;N/A;N/A;N/A;N/A;N/A;N/A;N/A;N/A;N/A;N/A;N/A;N/A;N/A;N/A;N/A;N/A;N/A;N/A;N/A;N/A;N/A;N/A;N/A;N/A;N/A;N/A;N/A;N/A;N/A;N/A;N/A;N/A;"1683 mm";"4329 mm";N/A;N/A;N/A;N/A;5;"118 hp";Intens;N/A;4;"1822 mm";"11.1 km/l";N/A;N/A;N/A;N/A;N/A;N/A;N/A;N/A;N/A;N/A;"10.4 km/l";N/A;N/A;N/A;N/A;N/A;N/A;5;1.6;Nafta;Automática;SUV;"Autos y camionetas";N/A;N/A;N/A;N/A;N/A;N/A;UY;N/A;N/A;N/A;N/A;N/A;N/A;N/A;N/A;N/A;N/A;N/A;N/A;N/A;N/A;N/A;N/A;N/A;N/A;N/A;N/A;N/A;N/A;N/A;N/A;N/A;N/A;N/A;N/A;N/A;N/A;N/A;N/A;N/A;N/A;N/A;N/A;N/A;N/A;N/A;N/A;N/A;N/A;N/A;N/A;N/A;N/A;N/A;N/A;N/A;N/A;N/A;N/A;N/A;N/A;N/A;N/A;N/A;N/A;N/A;N/A;N/A;N/A;N/A;N/A;N/A;N/A;N/A;N/A;N/A;N/A;N/A;N/A;N/A;N/A;N/A;N/A;N/A;N/A;N/A;N/A;N/A;N/A;N/A;N/A;N/A;N/A;N/A;N/A;N/A;N/A;N/A;N/A;N/A;N/A;N/A;N/A;N/A;N/A;N/A;N/A;N/A;N/A;N/A;N/A;N/A;N/A;N/A;N/A;N/A;N/A;N/A;N/A;N/A;N/A;N/A
Renault;Symbol;"1.6 Expression Pack Ii 105cv";2010;"220000 km";;PATRICIAG1;6900;;;;;"Ciudad del Plata";https://auto.mercadolibre.com.uy/MLU-703932920-renault-symbol-16-expression-pack-ii-105cv-_JM;N/A;;"Renault Symbol 1.6 Expression Pack Ii 105cv";usd;Sí;free;false;N/A;N/A;http://perfil.mercadolibre.com.uy/PATRICIAG1;active;N/A;N/A;Usado;Rojo;No;Hidráulica;Delantera;Sí;Sí;Sí;N/A;N/A;N/A;N/A;N/A;N/A;N/A;N/A;N/A;N/A;N/A;N/A;N/A;N/A;N/A;N/A;N/A;N/A;N/A;N/A;N/A;N/A;"2473 mm";"1.6 L";"50 L";5;N/A;N/A;N/A;N/A;N/A;N/A;N/A;N/A;N/A;N/A;N/A;N/A;N/A;N/A;N/A;N/A;N/A;N/A;N/A;N/A;N/A;N/A;N/A;N/A;N/A;N/A;N/A;N/A;N/A;N/A;N/A;N/A;N/A;N/A;N/A;N/A;N/A;N/A;N/A;N/A;N/A;N/A;N/A;N/A;N/A;"1439 mm";"4261 mm";N/A;N/A;N/A;N/A;5;"105 hp";Expression;N/A;4;"1672 mm";N/A;N/A;N/A;N/A;N/A;N/A;Sí;Sí;N/A;N/A;N/A;N/A;N/A;Sí;N/A;N/A;N/A;N/A;4;1.6;Nafta;Manual;Sedán;"Autos y camionetas";N/A;N/A;N/A;N/A;N/A;N/A;UY;N/A;N/A;N/A;N/A;N/A;N/A;N/A;N/A;N/A;N/A;N/A;N/A;N/A;N/A;N/A;N/A;N/A;N/A;N/A;N/A;N/A;N/A;N/A;N/A;N/A;N/A;N/A;N/A;N/A;N/A;N/A;N/A;N/A;N/A;N/A;N/A;N/A;N/A;N/A;N/A;N/A;N/A;N/A;N/A;N/A;N/A;N/A;N/A;N/A;N/A;N/A;N/A;N/A;N/A;N/A;N/A;N/A;N/A;N/A;N/A;N/A;N/A;N/A;N/A;N/A;N/A;N/A;N/A;N/A;N/A;N/A;N/A;N/A;N/A;N/A;N/A;N/A;N/A;N/A;N/A;N/A;N/A;N/A;N/A;N/A;N/A;N/A;N/A;N/A;Sí;Sí;N/A;N/A;Sí;N/A;N/A;N/A;N/A;Sí;N/A;N/A;N/A;N/A;N/A;N/A;Sí;Sí;Sí;N/A;N/A;Sí;N/A;Sí;N/A;N/A
Renault;Oroch;4x4;2018;"150000 km";;MARIARULLN;15800;;;;;Solymar;https://auto.mercadolibre.com.uy/MLU-703679854-renault-oroch-4x4-_JM;N/A;;"Renault Oroch 4x4";USD;Sí;free;false;N/A;N/A;http://perfil.mercadolibre.com.uy/MARIARULLN;active;N/A;N/A;Usado;N/A;N/A;N/A;N/A;N/A;N/A;N/A;N/A;N/A;N/A;N/A;N/A;N/A;N/A;N/A;N/A;N/A;N/A;N/A;N/A;N/A;N/A;N/A;N/A;N/A;N/A;N/A;N/A;N/A;N/A;N/A;N/A;N/A;N/A;N/A;N/A;N/A;N/A;N/A;N/A;N/A;N/A;N/A;N/A;N/A;N/A;N/A;N/A;N/A;N/A;N/A;N/A;N/A;N/A;N/A;N/A;N/A;N/A;N/A;N/A;N/A;N/A;N/A;N/A;N/A;N/A;N/A;N/A;N/A;N/A;N/A;N/A;N/A;N/A;N/A;N/A;N/A;N/A;N/A;N/A;N/A;N/A;N/A;N/A;N/A;N/A;N/A;N/A;N/A;N/A;N/A;N/A;N/A;N/A;N/A;N/A;N/A;N/A;N/A;N/A;N/A;N/A;N/A;N/A;N/A;N/A;N/A;N/A;4;N/A;Nafta;N/A;N/A;"Autos y camionetas";N/A;N/A;N/A;N/A;N/A;N/A;N/A;N/A;N/A;N/A;N/A;N/A;N/A;N/A;N/A;N/A;N/A;N/A;N/A;N/A;N/A;N/A;N/A;N/A;N/A;N/A;N/A;N/A;N/A;N/A;N/A;N/A;N/A;N/A;N/A;N/A;N/A;N/A;N/A;N/A;N/A;N/A;N/A;N/A;N/A;N/A;N/A;N/A;N/A;N/A;N/A;N/A;N/A;N/A;N/A;N/A;N/A;N/A;N/A;N/A;N/A;N/A;N/A;N/A;N/A;N/A;N/A;N/A;N/A;N/A;N/A;N/A;N/A;N/A;N/A;N/A;N/A;N/A;N/A;N/A;N/A;N/A;N/A;N/A;N/A;N/A;N/A;N/A;N/A;N/A;N/A;N/A;N/A;N/A;N/A;N/A;N/A;N/A;N/A;N/A;N/A;N/A;N/A;N/A;N/A;N/A;N/A;N/A;N/A;N/A;N/A;N/A;N/A;N/A;N/A;N/A;N/A;N/A;N/A;N/A;N/A;N/A
Renault;Twingo;Sedan;1999;"250000 km";;CUAL1131890;1000000000;;;;;Neptunia;https://auto.mercadolibre.com.uy/MLU-705996518-twingo-1998-escucho-ofertas-tiene-deuda-funciona-_JM;N/A;;"Twingo 1998 Escucho Ofertas Tiene Deuda , Funciona";UYU;No;free;false;N/A;N/A;http://perfil.mercadolibre.com.uy/CUAL1131890;active;N/A;N/A;Usado;Azul;No;Mecánica;N/A;N/A;N/A;N/A;N/A;N/A;N/A;N/A;N/A;N/A;N/A;N/A;N/A;N/A;N/A;N/A;N/A;N/A;N/A;N/A;N/A;N/A;N/A;N/A;N/A;N/A;N/A;N/A;N/A;N/A;N/A;N/A;N/A;N/A;N/A;N/A;N/A;N/A;N/A;N/A;N/A;N/A;N/A;N/A;N/A;N/A;N/A;N/A;N/A;N/A;N/A;N/A;N/A;N/A;N/A;N/A;N/A;N/A;N/A;N/A;N/A;N/A;N/A;N/A;N/A;N/A;N/A;N/A;N/A;N/A;N/A;N/A;N/A;N/A;N/A;N/A;N/A;N/A;N/A;N/A;N/A;N/A;N/A;N/A;N/A;N/A;N/A;N/A;N/A;N/A;N/A;N/A;N/A;N/A;N/A;N/A;N/A;N/A;N/A;N/A;N/A;N/A;N/A;N/A;N/A;2;N/A;Nafta;N/A;Sedán;"Autos y camionetas";N/A;N/A;N/A;N/A;N/A;N/A;N/A;N/A;N/A;N/A;N/A;N/A;N/A;N/A;N/A;N/A;N/A;N/A;N/A;N/A;N/A;N/A;N/A;N/A;N/A;N/A;N/A;N/A;N/A;N/A;N/A;N/A;N/A;N/A;N/A;N/A;N/A;N/A;N/A;N/A;N/A;N/A;N/A;N/A;N/A;N/A;N/A;N/A;N/A;N/A;N/A;N/A;N/A;N/A;N/A;N/A;N/A;N/A;N/A;N/A;N/A;N/A;N/A;N/A;N/A;N/A;N/A;N/A;N/A;N/A;N/A;N/A;N/A;N/A;N/A;N/A;N/A;N/A;N/A;N/A;N/A;N/A;N/A;N/A;N/A;N/A;N/A;N/A;N/A;N/A;N/A;N/A;N/A;N/A;N/A;N/A;N/A;N/A;N/A;N/A;N/A;N/A;N/A;N/A;N/A;N/A;N/A;N/A;N/A;N/A;N/A;N/A;N/A;N/A;N/A;N/A;N/A;N/A;N/A;N/A;N/A;N/A
Renault;Duster;"1.6 16v Intens Cvt";2021;"80000 km";;ENVA_11;21000;;;;;Centro;https://auto.mercadolibre.com.uy/MLU-703922350-renault-duster-16-16v-intens-cvt-_JM;N/A;;"Renault Duster 1.6 16v Intens Cvt";usd;Sí;free;false;N/A;N/A;http://perfil.mercadolibre.com.uy/ENVA_11;active;N/A;N/A;Usado;Blanco;Sí;N/A;4x2;N/A;N/A;Sí;N/A;N/A;N/A;N/A;N/A;N/A;N/A;N/A;N/A;N/A;N/A;N/A;N/A;N/A;N/A;N/A;N/A;N/A;N/A;N/A;N/A;N/A;"2674 mm";"1.6 L";"50 L";6;N/A;N/A;N/A;N/A;N/A;N/A;N/A;N/A;N/A;N/A;N/A;N/A;N/A;N/A;N/A;N/A;N/A;N/A;N/A;N/A;N/A;N/A;N/A;N/A;N/A;N/A;N/A;N/A;N/A;N/A;N/A;N/A;N/A;N/A;N/A;N/A;N/A;N/A;N/A;N/A;N/A;N/A;N/A;N/A;N/A;"1683 mm";"4329 mm";N/A;N/A;N/A;N/A;5;"118 hp";Intens;N/A;4;"1822 mm";"11.1 km/l";N/A;N/A;N/A;N/A;N/A;N/A;N/A;N/A;N/A;N/A;"10.4 km/l";N/A;N/A;N/A;N/A;N/A;N/A;5;1.6;Nafta;Automática;SUV;"Autos y camionetas";N/A;N/A;N/A;N/A;N/A;N/A;UY;N/A;N/A;N/A;N/A;N/A;N/A;N/A;N/A;N/A;N/A;N/A;N/A;N/A;N/A;N/A;N/A;N/A;N/A;N/A;N/A;N/A;N/A;N/A;N/A;N/A;N/A;N/A;N/A;N/A;N/A;N/A;N/A;N/A;N/A;N/A;N/A;N/A;N/A;N/A;N/A;N/A;N/A;N/A;N/A;N/A;N/A;N/A;N/A;N/A;N/A;N/A;N/A;N/A;N/A;N/A;N/A;N/A;N/A;N/A;N/A;N/A;N/A;N/A;N/A;N/A;N/A;N/A;N/A;N/A;N/A;N/A;N/A;N/A;N/A;N/A;N/A;N/A;N/A;N/A;N/A;N/A;N/A;N/A;N/A;N/A;N/A;N/A;N/A;N/A;N/A;N/A;N/A;N/A;N/A;N/A;N/A;N/A;N/A;N/A;N/A;N/A;N/A;N/A;N/A;N/A;N/A;N/A;N/A;N/A;N/A;N/A;N/A;N/A;N/A;N/A
Renault;Megane;"1.9 Tdi Tric Pack";2008;"1111111 km";;"FERNANDO SANTOS.CHURI";7000;;;;;Tala;https://auto.mercadolibre.com.uy/MLU-702924926-renault-megane-19-tdi-tric-pack-_JM;N/A;;"Renault Megane 1.9 Tdi Tric Pack";usd;Sí;gold;false;N/A;N/A;http://perfil.mercadolibre.com.uy/FERNANDO+SANTOS.CHURI;active;N/A;N/A;Usado;Gris;No;Hidráulica;Delantera;Sí;Sí;Sí;N/A;N/A;No;N/A;N/A;No;N/A;N/A;No;Sí;N/A;No;N/A;N/A;N/A;N/A;N/A;N/A;N/A;N/A;N/A;N/A;"2686 mm";"1.9 L";"60 L";5;N/A;N/A;N/A;N/A;N/A;No;N/A;N/A;N/A;N/A;N/A;N/A;N/A;N/A;N/A;N/A;N/A;N/A;N/A;N/A;N/A;N/A;N/A;N/A;N/A;N/A;N/A;N/A;N/A;No;N/A;N/A;N/A;Sí;N/A;N/A;N/A;N/A;N/A;N/A;N/A;N/A;N/A;N/A;N/A;"1435 mm";"4436 mm";N/A;N/A;N/A;N/A;5;"100 hp";Pack;N/A;2;"1777 mm";N/A;No;N/A;No;Sí;N/A;Sí;Sí;N/A;No;N/A;N/A;No;No;N/A;N/A;No;"Todo el día";4;1.9;Diésel;Manual;Sedán;"Autos y camionetas";N/A;N/A;N/A;N/A;N/A;N/A;UY;N/A;N/A;N/A;N/A;N/A;N/A;N/A;N/A;N/A;N/A;N/A;N/A;N/A;N/A;N/A;N/A;N/A;No;N/A;N/A;N/A;N/A;N/A;N/A;N/A;N/A;N/A;N/A;N/A;N/A;N/A;N/A;N/A;N/A;N/A;N/A;N/A;N/A;N/A;N/A;N/A;N/A;N/A;N/A;N/A;N/A;N/A;N/A;N/A;N/A;N/A;N/A;N/A;N/A;N/A;N/A;N/A;N/A;N/A;N/A;N/A;N/A;N/A;N/A;N/A;N/A;N/A;N/A;N/A;N/A;N/A;N/A;N/A;N/A;N/A;N/A;N/A;N/A;N/A;N/A;N/A;N/A;N/A;N/A;N/A;N/A;N/A;N/A;No;No;Sí;Sí;N/A;No;N/A;N/A;N/A;N/A;No;No;N/A;Sí;N/A;N/A;No;Sí;Sí;Sí;Sí;Sí;Sí;N/A;Sí;N/A;Sí
Renault;Renault;"Renault megane II";2008;"1111111 km";;VILLALBAANDRES2012;2490;;;;;"Barros Blancos";https://auto.mercadolibre.com.uy/MLU-705255528-renault-megane-ii-chocado-en-marcha-entero-o-por-partes-_JM;N/A;;"Renault Megane Ii Chocado En Marcha  Entero O Por Partes ";USD;Sí;silver;false;N/A;N/A;http://perfil.mercadolibre.com.uy/VILLALBAANDRES2012;active;N/A;N/A;Usado;Azul;N/A;N/A;N/A;N/A;N/A;N/A;N/A;N/A;N/A;N/A;N/A;N/A;N/A;N/A;N/A;N/A;N/A;N/A;N/A;N/A;N/A;N/A;N/A;N/A;N/A;N/A;N/A;N/A;N/A;N/A;N/A;N/A;N/A;N/A;N/A;N/A;N/A;N/A;N/A;N/A;N/A;N/A;N/A;N/A;N/A;N/A;N/A;N/A;N/A;N/A;N/A;N/A;N/A;N/A;N/A;N/A;N/A;N/A;N/A;N/A;N/A;N/A;N/A;N/A;N/A;N/A;N/A;N/A;N/A;N/A;N/A;N/A;N/A;N/A;N/A;N/A;N/A;N/A;N/A;N/A;N/A;N/A;N/A;N/A;N/A;N/A;N/A;N/A;N/A;N/A;N/A;N/A;N/A;N/A;N/A;N/A;N/A;N/A;N/A;N/A;N/A;N/A;N/A;N/A;N/A;N/A;N/A;4;N/A;Nafta;N/A;N/A;"Autos y camionetas";N/A;N/A;N/A;N/A;N/A;N/A;N/A;N/A;N/A;N/A;N/A;N/A;N/A;N/A;N/A;N/A;N/A;N/A;N/A;N/A;N/A;N/A;N/A;N/A;N/A;N/A;N/A;N/A;N/A;N/A;N/A;N/A;N/A;N/A;N/A;N/A;N/A;N/A;N/A;N/A;N/A;N/A;N/A;N/A;N/A;N/A;N/A;N/A;N/A;N/A;N/A;N/A;N/A;N/A;N/A;N/A;N/A;N/A;N/A;N/A;N/A;N/A;N/A;N/A;N/A;N/A;N/A;N/A;N/A;N/A;N/A;N/A;N/A;N/A;N/A;N/A;N/A;N/A;N/A;N/A;N/A;N/A;N/A;N/A;N/A;N/A;N/A;N/A;N/A;N/A;N/A;N/A;N/A;N/A;N/A;N/A;N/A;N/A;N/A;N/A;N/A;N/A;N/A;N/A;N/A;N/A;N/A;N/A;N/A;N/A;N/A;N/A;N/A;N/A;N/A;N/A;N/A;N/A;N/A;N/A;N/A;N/A
Renault;"R 12";"1.4 L";1999;"1111111 km";;GM20240901004052;2500;;;;;Solymar;https://auto.mercadolibre.com.uy/MLU-647487203-renault-12-_JM;N/A;;"Renault 12";USD;No;free;false;N/A;N/A;http://perfil.mercadolibre.com.uy/GM20240901004052;active;N/A;N/A;Usado;Gris;No;Mecánica;Delantera;N/A;N/A;N/A;N/A;N/A;N/A;N/A;N/A;N/A;N/A;N/A;N/A;N/A;N/A;N/A;N/A;N/A;N/A;N/A;N/A;N/A;N/A;N/A;N/A;N/A;N/A;N/A;N/A;N/A;N/A;N/A;N/A;N/A;N/A;N/A;N/A;N/A;N/A;N/A;N/A;N/A;N/A;N/A;N/A;N/A;N/A;N/A;N/A;N/A;N/A;N/A;N/A;N/A;N/A;N/A;N/A;N/A;N/A;N/A;N/A;N/A;N/A;N/A;N/A;N/A;N/A;N/A;N/A;N/A;N/A;N/A;N/A;N/A;N/A;N/A;N/A;N/A;N/A;N/A;N/A;N/A;N/A;N/A;N/A;N/A;N/A;N/A;No;N/A;N/A;N/A;N/A;No;No;N/A;N/A;N/A;N/A;N/A;N/A;N/A;N/A;N/A;N/A;4;1.4;Nafta;Manual;Sedán;"Autos y camionetas";N/A;N/A;N/A;N/A;N/A;N/A;N/A;N/A;N/A;N/A;N/A;N/A;N/A;N/A;N/A;N/A;N/A;N/A;N/A;N/A;N/A;N/A;N/A;N/A;N/A;N/A;N/A;N/A;N/A;N/A;N/A;N/A;N/A;N/A;N/A;N/A;N/A;N/A;N/A;N/A;N/A;N/A;N/A;N/A;N/A;N/A;N/A;N/A;N/A;N/A;N/A;N/A;N/A;N/A;N/A;N/A;N/A;N/A;N/A;N/A;N/A;N/A;N/A;N/A;N/A;N/A;N/A;N/A;N/A;N/A;N/A;N/A;N/A;N/A;N/A;N/A;N/A;N/A;N/A;N/A;N/A;N/A;N/A;N/A;N/A;N/A;N/A;N/A;N/A;N/A;N/A;N/A;N/A;N/A;N/A;N/A;N/A;N/A;N/A;N/A;N/A;N/A;N/A;N/A;N/A;N/A;N/A;N/A;N/A;N/A;N/A;N/A;N/A;N/A;N/A;N/A;N/A;N/A;N/A;N/A;N/A;N/A
Renault;Clio;"Francés 1.2";1995;"1111111 km";;LAGU9936555;4600;;;;;Aguada;https://auto.mercadolibre.com.uy/MLU-702943840-renault-clio-_JM;N/A;;"Renault Clio";USD;No;free;false;N/A;N/A;http://perfil.mercadolibre.com.uy/LAGU9936555;active;N/A;N/A;Usado;Plateado;No;N/A;N/A;N/A;N/A;N/A;N/A;N/A;N/A;N/A;N/A;N/A;N/A;N/A;N/A;N/A;N/A;N/A;N/A;N/A;N/A;N/A;N/A;N/A;N/A;N/A;N/A;N/A;N/A;N/A;N/A;N/A;N/A;N/A;N/A;N/A;N/A;N/A;N/A;N/A;N/A;N/A;N/A;N/A;N/A;N/A;N/A;N/A;N/A;N/A;N/A;N/A;N/A;N/A;N/A;N/A;N/A;N/A;N/A;N/A;N/A;N/A;N/A;N/A;N/A;N/A;N/A;N/A;N/A;N/A;N/A;N/A;N/A;N/A;N/A;N/A;N/A;N/A;N/A;N/A;N/A;N/A;N/A;N/A;N/A;N/A;N/A;N/A;N/A;N/A;N/A;N/A;N/A;N/A;N/A;N/A;N/A;N/A;N/A;N/A;N/A;N/A;N/A;N/A;N/A;N/A;N/A;2;1.2;Nafta;N/A;Coupé;"Autos y camionetas";N/A;N/A;N/A;N/A;N/A;N/A;N/A;N/A;N/A;N/A;N/A;N/A;N/A;N/A;N/A;N/A;N/A;N/A;N/A;N/A;N/A;N/A;N/A;N/A;N/A;N/A;N/A;N/A;N/A;N/A;N/A;N/A;N/A;N/A;N/A;N/A;N/A;N/A;N/A;N/A;N/A;N/A;N/A;N/A;N/A;N/A;N/A;N/A;N/A;N/A;N/A;N/A;N/A;N/A;N/A;N/A;N/A;N/A;N/A;N/A;N/A;N/A;N/A;N/A;N/A;N/A;N/A;N/A;N/A;N/A;N/A;N/A;N/A;N/A;N/A;N/A;N/A;N/A;N/A;N/A;N/A;N/A;N/A;N/A;N/A;N/A;N/A;N/A;N/A;N/A;N/A;N/A;N/A;N/A;N/A;N/A;N/A;N/A;N/A;N/A;N/A;N/A;N/A;N/A;N/A;N/A;N/A;N/A;N/A;N/A;N/A;N/A;N/A;N/A;N/A;N/A;N/A;N/A;N/A;N/A;N/A;N/A
Renault;R18;"1.6 Ts";1993;"1111111 km";;PEREIRAESTHER96;80000;;;;;Paysandú;https://auto.mercadolibre.com.uy/MLU-704343458-renault-r18-16-ts-_JM;N/A;;"Renault R18 1.6 Ts";usd;No;free;false;N/A;N/A;http://perfil.mercadolibre.com.uy/PEREIRAESTHER96;active;N/A;N/A;Usado;Blanco;No;Hidráulica;Delantera;No;No;N/A;N/A;N/A;No;N/A;N/A;No;N/A;N/A;No;No;N/A;No;N/A;N/A;N/A;N/A;N/A;N/A;N/A;N/A;N/A;N/A;"2441 mm";"1.6 L";"53 L";5;N/A;N/A;N/A;N/A;N/A;No;N/A;N/A;N/A;N/A;N/A;N/A;N/A;N/A;N/A;N/A;N/A;N/A;N/A;N/A;N/A;N/A;N/A;N/A;N/A;N/A;N/A;N/A;N/A;N/A;N/A;N/A;N/A;N/A;N/A;N/A;N/A;N/A;N/A;N/A;N/A;N/A;N/A;N/A;N/A;"1401 mm";"4390 mm";N/A;N/A;N/A;N/A;5;"90 hp";Ts;N/A;2;"1701 mm";"7.3 km/l";No;N/A;No;No;N/A;No;No;N/A;No;N/A;"4.9 km/l";No;N/A;N/A;N/A;N/A;"Lunes a viernes de 8 a 19";4;1.6;Nafta;Manual;Sedán;"Autos y camionetas";No;N/A;N/A;N/A;No;N/A;UY;N/A;Sí;N/A;No;N/A;N/A;N/A;N/A;N/A;N/A;N/A;N/A;N/A;N/A;N/A;N/A;N/A;No;N/A;N/A;N/A;N/A;N/A;N/A;N/A;N/A;N/A;N/A;N/A;N/A;N/A;N/A;N/A;N/A;N/A;N/A;No;N/A;N/A;N/A;N/A;N/A;N/A;N/A;N/A;N/A;N/A;N/A;N/A;N/A;N/A;N/A;N/A;N/A;No;Sí;N/A;N/A;N/A;N/A;N/A;N/A;N/A;N/A;N/A;N/A;N/A;N/A;N/A;N/A;N/A;N/A;N/A;N/A;N/A;N/A;N/A;N/A;N/A;N/A;N/A;N/A;N/A;N/A;N/A;N/A;N/A;N/A;No;No;No;N/A;N/A;No;N/A;N/A;N/A;N/A;No;No;No;No;N/A;N/A;N/A;No;No;Sí;Sí;N/A;N/A;No;Sí;N/A;Sí
Renault;Clio;"1.6 Rl";2000;"1111111 km";;TRPA4327001;138000;;;;;"El Pinar";https://auto.mercadolibre.com.uy/MLU-705313446-renault-clio-16-rl-_JM;N/A;;"Renault Clio 1.6 Rl";usd;No;free;false;N/A;N/A;http://perfil.mercadolibre.com.uy/TRPA4327001;active;N/A;N/A;Usado;Gris;N/A;Hidráulica;Delantera;Sí;N/A;N/A;N/A;N/A;N/A;N/A;N/A;N/A;N/A;N/A;N/A;N/A;N/A;N/A;N/A;N/A;N/A;N/A;N/A;N/A;N/A;N/A;N/A;N/A;"2472 mm";"1.6 L";"43 L";5;N/A;N/A;N/A;N/A;N/A;N/A;N/A;N/A;N/A;N/A;N/A;N/A;N/A;N/A;N/A;N/A;N/A;N/A;N/A;N/A;N/A;N/A;N/A;N/A;N/A;N/A;N/A;N/A;N/A;N/A;N/A;N/A;N/A;N/A;N/A;N/A;N/A;N/A;N/A;N/A;N/A;N/A;N/A;N/A;N/A;"1395 mm";"3709 mm";N/A;N/A;N/A;N/A;5;"74 hp";Rl;N/A;2;"1628 mm";"11.6 km/l";N/A;N/A;N/A;N/A;N/A;N/A;N/A;N/A;N/A;N/A;N/A;N/A;N/A;N/A;N/A;N/A;N/A;3;1.6;Nafta;Manual;Hatchback;"Autos y camionetas";N/A;N/A;N/A;N/A;N/A;N/A;UY;N/A;N/A;N/A;N/A;N/A;N/A;N/A;N/A;N/A;N/A;N/A;N/A;N/A;N/A;N/A;N/A;N/A;N/A;N/A;N/A;N/A;N/A;N/A;N/A;N/A;N/A;N/A;N/A;N/A;N/A;N/A;N/A;N/A;N/A;N/A;N/A;N/A;N/A;N/A;N/A;N/A;N/A;N/A;N/A;N/A;N/A;N/A;N/A;N/A;N/A;N/A;N/A;N/A;N/A;N/A;N/A;N/A;N/A;N/A;N/A;N/A;N/A;N/A;N/A;N/A;N/A;N/A;N/A;N/A;N/A;N/A;N/A;N/A;N/A;N/A;N/A;N/A;N/A;N/A;N/A;N/A;N/A;N/A;N/A;N/A;N/A;N/A;N/A;N/A;N/A;N/A;N/A;N/A;N/A;N/A;N/A;N/A;N/A;N/A;N/A;N/A;N/A;N/A;N/A;N/A;N/A;N/A;N/A;N/A;N/A;N/A;N/A;N/A;N/A;N/A
Renault;Kwid;Intense;2022;"2037000 km";;"AUTOMAX URUGUAY";12700;;;;;"Ciudad de la Costa";https://auto.mercadolibre.com.uy/MLU-706219966-renault-kwid-intense-2022-_JM;N/A;;"Renault Kwid Intense 2022";usd;Sí;silver;false;N/A;N/A;http://perfil.mercadolibre.com.uy/AUTOMAX+URUGUAY;active;N/A;N/A;Usado;Naranja;Sí;Hidráulica;N/A;Sí;N/A;N/A;N/A;N/A;N/A;Sí;N/A;N/A;N/A;Sí;N/A;Sí;N/A;N/A;N/A;N/A;N/A;N/A;N/A;N/A;N/A;N/A;N/A;N/A;N/A;"1000 cc";N/A;N/A;N/A;N/A;N/A;N/A;N/A;N/A;N/A;N/A;N/A;N/A;N/A;N/A;N/A;N/A;N/A;N/A;N/A;N/A;N/A;N/A;N/A;N/A;N/A;N/A;N/A;N/A;N/A;N/A;N/A;N/A;N/A;N/A;N/A;N/A;N/A;N/A;N/A;N/A;N/A;N/A;N/A;N/A;N/A;N/A;N/A;N/A;N/A;N/A;N/A;N/A;N/A;N/A;N/A;Intense;N/A;N/A;N/A;N/A;N/A;N/A;N/A;Sí;N/A;N/A;Sí;N/A;N/A;N/A;N/A;N/A;N/A;N/A;N/A;Sí;"Lun. a Vier. - 09:30 a 19:00hs. Sab. 09:30 a 13:00";5;1.0;Nafta;Manual;Hatchback;"Autos y camionetas";No;N/A;N/A;N/A;No;N/A;UY;No;Sí;No;No;N/A;N/A;N/A;N/A;N/A;N/A;N/A;N/A;N/A;N/A;N/A;N/A;N/A;N/A;N/A;N/A;N/A;N/A;N/A;N/A;N/A;N/A;N/A;N/A;N/A;N/A;N/A;N/A;N/A;N/A;N/A;N/A;N/A;N/A;N/A;N/A;N/A;N/A;N/A;N/A;N/A;N/A;N/A;N/A;N/A;N/A;N/A;N/A;N/A;N/A;N/A;No;N/A;N/A;N/A;N/A;N/A;N/A;N/A;N/A;N/A;N/A;N/A;N/A;N/A;N/A;N/A;N/A;N/A;N/A;N/A;N/A;N/A;N/A;N/A;N/A;N/A;N/A;N/A;N/A;N/A;N/A;N/A;N/A;N/A;Sí;N/A;N/A;N/A;Sí;N/A;N/A;N/A;Sí;Sí;N/A;N/A;N/A;N/A;N/A;N/A;N/A;N/A;Sí;Sí;Sí;N/A;N/A;N/A;N/A;Sí
