Marca;Modelo;Versión;Año;Km;"Ficha Of.";Dueños;"Precio Vta";Min;Max;"Val Mercado";Márgen;Ubicación;Link;Cel;Part/Autom;Titulo;Moneda;Financiable;Type;"Acepta MercadoPago";"Fecha de Registro";Puntos;Perfil;Status;"Gestión administrativa";"Doble tracción";"Condición del ítem";Color;"Único dueño";Dirección;"Control de tracción";"Aire acondicionado";"Cierre centralizado de puertas";"Control eléctrico para los retrovisores";"Asientos eléctricos";GPS;"Faros con regulación automática";"Apoya cabeza en asientos traseros";"Asiento conductor regulable en altura";"Tapizado de cuero";"Sensor de luz";"Paragolpes pintados";"Sensor de estacionamiento";"Cristales eléctricos";"Respaldo trasero";"Apertura remota de baúl";"Aceleración alcohol";"Aceleración diesel";"Aceleración nafta";"Autonomía con alcohol";"Autonomía con diesel";"Autonomía con nafta";"Consumo promedio alcohol";"Consumo promedio diesel";"Consumo promedio nafta";Cilindros;"Distancia entre ejes";Cilindrada;"Capacidad del tanque";"Numero de velocidades";"Color de engomado";"Tablero con detalles en aluminio";"Android auto";"Apple CarPlay";"Tracción ASR";"Cierre automático de vidrios";"Asiento trasero con apoyabrazo central";"Tablero con detalles cromados";"Manijas externas de puertas cromadas";"Posavasos en apoyabrazos central trasero";"Asiento trasero con respaldo bipartido";"Asiento delantero conductor con regulación eléctrica de la inclinación del respaldo";"Asiento delantero pasajero con regulación eléctrica de la inclinación del respaldo";"Asiento delantero pasajero con regulación eléctrica de altura";"Asiento delantero conductor con regulación eléctrica longitudinal";"Asiento delantero pasajero con regulación eléctrica longitudinal";"Asiento delantero conductor con regulación eléctrica de inclinación";"Asiento delantero pasajero con regulación eléctrica de inclinación";"Asiento delantero integral bipartido";"Asiento delantero integral";"Sensor delantero de distancia para estacionamiento";"Asientos delanteros calefaccionados";"Asiento acompañante regulable en altura";"Regulación de altura del volante";"Asientos delanteros individuales";"Sistema ISOFIX";"Asiento trasero con regulación longitudinal";"Regulación longitudinal del volante";"Tiene licencia";"Porta equipaje en techo";Pintado;"Paragolpe delantero del color del vehículo";"Paragolpe trasero del color del vehículo";"Levantavidrios eléctricos delanteros";"Levantavidrios eléctricos traseros";"Sensor trasero de distancia para estacionamiento";"Apertura remota de puertas";"Airbag laterales delanteros";"Airbag laterales traseros";"Tablero con detalles en color especial";"Paragolpe trasero pintados de color especial";"Paragolpe delantero pintados de color especial";"Volante revestido en cuero";Taximetro;"Tablero con detalles en madera";Altura;Largo;Baúl;"Velocidad máxima con alcohol";"Velocidad máxima con diesel";"Velocidad máxima con nafta";"Capacidad de personas";Potencia;Versiones;"Detalle transmisión";"Válvulas por cilindro";Ancho;"Consumo medio en ciudad";"Piloto automático";"Aviso de punto ciego";Climatizador;"Porta vasos";"Control de velocidad crucero";"Alarma de luces encendidas";"Computadora de abordo";"Asiento trasero rebatible";"Techo solar eléctrico retráctil";"Faros de xenón";"Consumo medio en ruta";"Defensa delantera";"Soporte para rueda de auxilio";"Capota marítima";"Cobertor de caja";"Limpia/lava luneta";"Horario de contacto";Puertas;Motor;"Tipo de combustible";Transmisión;"Tipo de carrocería";"Tipo de vehículo";"Entrega a domicilio";"Tapizado de tela";"Tapizado de semicuero";"Inspección vehicular";"Test drive a domicilio";"Vehículo asegurado";Mercado;"Documentación en casa";"Acepta permuta";"Sanitiza el vehículo";"Tours virtuales";"Sensor de cambio de carril activo";"Aire acondicionado con control automático de la temperatura";"Aire acondicionado con controles individuales";"Rueda de auxilio de aleación";"Apoyabrazos entre los asientos delanteros";"Amplificador de audio";"Aire acondicionado automático con controles individuales";"Aire acondicionado automático con controles individuales del/tras (3 zonas)";"Aire acondicionado automático con controles individuales del/tras (4 zonas)";"Aire acondicionado automático con controles individuales delanteros/traseros";"Sistema de estacionamiento automático";"Destrabamiento automático de puertas en caso de accidente";"Accionamiento de luces auxiliares en caso de frenado brusco";"Cámara de retroceso";"Tapa de caja";"Viva-voz con sistema bluetooth";Blu-ray;"Llantas de aleación cromadas";"Manija de puertas cromadas";"Paragolpes delantero cromado";"Paragolpes trasero cromado";"Sistema de control de frenado en curva (CBC)";"Protector de cárter";"LCD en panel de instrumentos";"Con faros diurnos LED";"Apoyabrazos conductor";"Asiento del conductor con regulación eléctrica de altura";"Con modo Eco";"Espejo retrovisor interno electro crómico";"Motor con tecnología de reducción de emisiones (Efficiency)";"Espejos externos con inclinación automática en marcha atrás";"Espejos retrovisores externos rebatibles eléctricamente";"Con garantía de fábrica";"Apoyabrazos delanteros individuales";"LCD en respaldo asiento delantero";"Protector de tanque de combustible";"Cambio de marchas en el volante";"Teléfono celular manos libres";"Faros con encendido en caso de lluvia";"Faros con accionamiento automático-encendido";"Limpiador de faros";"Lavador de faros";"Sensor de cambio de carril";"LCD entre asientos delanteros";"LCD para asientos traseros";"Con faros de neblina LED";"Con faros delanteros LED";"Con faros traseros LED";"Llantas de lujo";"Vidrios manuales";"Con garantía mecánica";"Precio negociable";Estribos;"Llantas nuevas";"Luces exploradoras";"IPVA pago";"Manija de puertas en color del vehículo";"LCD en panel";"Techo de vidrio panorámico";"Techo solar panorámico";"Sensor de estacionamiento por cámara delantera";"Sensor de estacionamiento por cámara trasera";"Sistema de estacionamiento con gráficos";"Asiento del pasajero con regulación eléctrica de altura";"Cinturones de seguridad delanteros retráctiles";"Cinturones de seguridad delanteros retráctiles con regulación eléctrica de altura";"Cinturones de seguridad delanteros retráctiles con regulación de altura";"Cinturones de seguridad traseros retráctiles";"Cinturones de seguridad traseros retráctiles con regulación eléctrica de altura";"Cinturones de seguridad traseros retráctiles con regulación de altura";"LCD en techo";"Films de seguridad";"Techo solar sky window";"Llantas de aleación en color especial";"Manija de puertas en color especial";Alerón;"Rueda de auxilio de acero";"Llantas de acero";"Revisión tecnomecánica";"Rueda de auxilio temporal";"Tercera fila";"LCD con sistema touch screen";"Sistema de GPS con indicación por voz";"Sistema de comando de voz";Blindado;"Frenos ABS";Alarma;"Llantas de aleación";"Airbag de cortina";"Airbag conductor";"Repartidor electrónico de fuerza de frenado";"Sistema de bloqueo de encendido";"Faros antiniebla";"Faros antinieblas delanteros";"Airbag para conductor y pasajero";"Sensor de lluvia";"Faros antinieblas traseros";"Desempañador trasero";"Barra anti vuelco";"Airbag laterales";"Control de estabilidad";"Comando remoto para radio en el volante";"Tercera luz de freno led";AM/FM;"Entrada auxiliar";Bluetooth;CD;DVD;"Reproductor de MP3";"Tarjeta SD";"Entrada USB"
Nissan;Sentra;"1.8 Exclusive CVT Extra Full";2015;"100107 km";;MOTORLIDER.;15290;;;;;"Barra de Carrasco";https://auto.mercadolibre.com.uy/MLU-656146382-nissan-sentra-exclusive-cvt-extra-full-permuta-financia-_JM;N/A;;"Nissan Sentra Exclusive Cvt Extra Full | Permuta / Financia";usd;Sí;gold_premium;false;N/A;N/A;http://perfil.mercadolibre.com.uy/MOTORLIDER.;active;N/A;N/A;Usado;Plateado;N/A;Eléctrica;Delantera;Sí;Sí;Sí;N/A;N/A;N/A;Sí;Sí;Sí;N/A;N/A;N/A;Sí;N/A;Sí;N/A;N/A;N/A;N/A;N/A;N/A;N/A;N/A;N/A;N/A;N/A;"1800 cc";N/A;6;N/A;N/A;N/A;N/A;N/A;N/A;Sí;N/A;N/A;N/A;N/A;N/A;N/A;N/A;N/A;N/A;N/A;N/A;N/A;N/A;N/A;N/A;N/A;Sí;N/A;Sí;N/A;N/A;N/A;N/A;N/A;N/A;N/A;N/A;N/A;N/A;Sí;N/A;N/A;N/A;N/A;N/A;N/A;N/A;N/A;N/A;N/A;N/A;N/A;N/A;N/A;N/A;"131 hp";Exclusive;N/A;N/A;N/A;"12 km/l";N/A;N/A;Sí;Sí;Sí;Sí;Sí;Sí;Sí;N/A;"14 km/l";N/A;N/A;N/A;N/A;N/A;"Lun. a Sáb. de 9 a 18:30";4;1.8;Nafta;Automática;Sedán;"Autos y camionetas";No;N/A;N/A;N/A;No;N/A;UY;No;Sí;No;No;N/A;N/A;N/A;N/A;N/A;N/A;N/A;N/A;N/A;N/A;N/A;N/A;N/A;N/A;N/A;N/A;N/A;N/A;N/A;N/A;N/A;N/A;N/A;N/A;N/A;N/A;N/A;N/A;N/A;N/A;N/A;N/A;N/A;N/A;N/A;N/A;N/A;N/A;N/A;N/A;N/A;N/A;N/A;N/A;N/A;N/A;N/A;N/A;N/A;N/A;N/A;No;N/A;N/A;N/A;N/A;N/A;N/A;N/A;N/A;N/A;N/A;N/A;N/A;N/A;N/A;N/A;N/A;N/A;N/A;N/A;N/A;N/A;N/A;N/A;N/A;N/A;N/A;N/A;N/A;N/A;N/A;N/A;N/A;N/A;Sí;Sí;Sí;Sí;Sí;N/A;Sí;N/A;Sí;Sí;Sí;Sí;N/A;N/A;Sí;N/A;Sí;N/A;Sí;Sí;Sí;N/A;N/A;Sí;N/A;Sí
Nissan;Kicks;"1.6 Exclusive Cvt";2022;"42431 km";;MOTORLIDER.;29990;;;;;"Barra de Carrasco";https://auto.mercadolibre.com.uy/MLU-656224048-nissan-kicks-16-exclusive-cvt-permuta-financia-_JM;N/A;;"Nissan Kicks 1.6 Exclusive Cvt | Permuta / Financia";USD;Sí;gold_premium;false;N/A;N/A;http://perfil.mercadolibre.com.uy/MOTORLIDER.;active;N/A;N/A;Usado;Blanco;Sí;Asistida;Delantera;Sí;Sí;Sí;N/A;N/A;N/A;Sí;Sí;Sí;Sí;N/A;Sí;Sí;N/A;Sí;N/A;N/A;N/A;N/A;N/A;N/A;N/A;N/A;N/A;N/A;N/A;"1598 cc";N/A;6;N/A;N/A;Sí;Sí;N/A;N/A;N/A;N/A;N/A;N/A;N/A;N/A;N/A;N/A;N/A;N/A;N/A;N/A;N/A;N/A;N/A;N/A;N/A;Sí;N/A;Sí;N/A;Sí;N/A;N/A;N/A;N/A;N/A;N/A;N/A;N/A;Sí;N/A;N/A;N/A;N/A;N/A;Sí;N/A;N/A;N/A;N/A;N/A;N/A;N/A;N/A;N/A;"118 hp";Exclusive;N/A;N/A;N/A;"12 km/l";N/A;N/A;Sí;Sí;Sí;Sí;Sí;Sí;N/A;N/A;"14 km/l";N/A;N/A;N/A;N/A;Sí;"Lun. a Sáb. de 9 a 18:30";5;1.6;Nafta;Automática;SUV;"Autos y camionetas";No;N/A;N/A;N/A;No;N/A;N/A;No;Sí;No;No;N/A;N/A;N/A;N/A;N/A;N/A;N/A;N/A;N/A;N/A;N/A;N/A;N/A;N/A;N/A;N/A;N/A;N/A;N/A;N/A;N/A;N/A;N/A;N/A;N/A;N/A;N/A;N/A;N/A;N/A;N/A;N/A;N/A;N/A;N/A;N/A;N/A;N/A;N/A;N/A;N/A;N/A;N/A;N/A;N/A;N/A;N/A;N/A;N/A;N/A;N/A;No;N/A;N/A;N/A;N/A;N/A;N/A;N/A;N/A;N/A;N/A;N/A;N/A;N/A;N/A;N/A;N/A;N/A;N/A;N/A;N/A;N/A;N/A;N/A;N/A;N/A;N/A;N/A;N/A;N/A;N/A;N/A;N/A;N/A;Sí;Sí;Sí;Sí;Sí;Sí;Sí;N/A;Sí;Sí;Sí;Sí;N/A;N/A;Sí;Sí;Sí;N/A;Sí;Sí;Sí;N/A;N/A;Sí;Sí;Sí
Nissan;Sentra;"1.8 Advance CVT Extra Full";2015;"100918 km";;MOTORLIDER.;14490;;;;;"Barra de Carrasco";https://auto.mercadolibre.com.uy/MLU-656313790-nissan-sentra-18-advance-cvt-permuta-financia-_JM;N/A;;"Nissan Sentra 1.8 Advance Cvt | Permuta / Financia";usd;Sí;gold_premium;false;N/A;N/A;http://perfil.mercadolibre.com.uy/MOTORLIDER.;active;N/A;N/A;Usado;Azul;N/A;Hidráulica;Delantera;Sí;Sí;Sí;N/A;N/A;N/A;Sí;Sí;N/A;N/A;Sí;N/A;Sí;N/A;Sí;N/A;N/A;N/A;N/A;N/A;N/A;N/A;N/A;N/A;N/A;N/A;"1800 cc";N/A;6;N/A;N/A;N/A;N/A;N/A;N/A;Sí;N/A;N/A;N/A;N/A;N/A;N/A;N/A;N/A;N/A;N/A;N/A;N/A;N/A;N/A;N/A;N/A;Sí;N/A;Sí;N/A;N/A;N/A;Sí;N/A;N/A;N/A;N/A;N/A;N/A;Sí;N/A;N/A;N/A;N/A;N/A;N/A;N/A;N/A;N/A;N/A;N/A;N/A;N/A;N/A;N/A;"131 hp";Advance;N/A;N/A;N/A;"12 km/l";N/A;N/A;Sí;Sí;N/A;Sí;Sí;Sí;N/A;N/A;"14 km/l";N/A;N/A;N/A;N/A;N/A;"Lun. a Sáb. de 9 a 18:30";5;1.8;Nafta;Automática;Sedán;"Autos y camionetas";No;N/A;N/A;N/A;No;N/A;UY;No;Sí;No;No;N/A;N/A;N/A;N/A;N/A;N/A;N/A;N/A;N/A;N/A;N/A;N/A;N/A;N/A;N/A;N/A;N/A;N/A;N/A;N/A;N/A;N/A;N/A;N/A;N/A;N/A;N/A;N/A;N/A;N/A;N/A;N/A;N/A;N/A;N/A;N/A;N/A;N/A;N/A;N/A;N/A;N/A;N/A;N/A;N/A;N/A;N/A;N/A;N/A;N/A;N/A;No;N/A;N/A;N/A;N/A;N/A;N/A;N/A;N/A;N/A;N/A;N/A;N/A;N/A;N/A;N/A;N/A;N/A;N/A;N/A;N/A;N/A;N/A;N/A;N/A;N/A;N/A;N/A;N/A;N/A;N/A;N/A;N/A;N/A;Sí;Sí;Sí;Sí;Sí;N/A;Sí;N/A;Sí;Sí;N/A;Sí;N/A;N/A;Sí;N/A;Sí;N/A;Sí;Sí;Sí;Sí;N/A;Sí;Sí;Sí
Nissan;Sentra;"1.8 Exclusive CVT Extra Full";2015;"150799 km";;MOTORLIDER.;14990;;;;;"Barra de Carrasco";https://auto.mercadolibre.com.uy/MLU-656249912-nissan-sentra-18-exclusive-cvt-permuta-financia-_JM;N/A;;"Nissan Sentra 1.8 Exclusive Cvt | Permuta / Financia";usd;Sí;gold_premium;false;N/A;N/A;http://perfil.mercadolibre.com.uy/MOTORLIDER.;active;N/A;N/A;Usado;Plateado;N/A;Eléctrica;Delantera;Sí;Sí;Sí;N/A;N/A;N/A;Sí;Sí;Sí;N/A;N/A;N/A;Sí;N/A;N/A;N/A;N/A;N/A;N/A;N/A;N/A;N/A;N/A;N/A;N/A;N/A;"1800 cc";N/A;6;N/A;N/A;N/A;N/A;N/A;N/A;N/A;N/A;N/A;N/A;N/A;N/A;N/A;N/A;N/A;N/A;N/A;N/A;N/A;N/A;N/A;N/A;N/A;Sí;N/A;Sí;N/A;N/A;N/A;N/A;N/A;N/A;N/A;N/A;N/A;N/A;Sí;N/A;N/A;N/A;N/A;N/A;Sí;N/A;N/A;N/A;N/A;N/A;N/A;N/A;N/A;N/A;"131 hp";Exclusive;N/A;N/A;N/A;"12 km/l";N/A;N/A;Sí;Sí;Sí;Sí;Sí;Sí;Sí;N/A;"14 km/l";N/A;N/A;N/A;N/A;Sí;"Lun. a Sáb. de 9 a 18:30";5;1.8;Nafta;Automática;Sedán;"Autos y camionetas";No;N/A;N/A;N/A;No;N/A;UY;No;Sí;No;No;N/A;N/A;N/A;N/A;N/A;N/A;N/A;N/A;N/A;N/A;N/A;N/A;N/A;N/A;N/A;N/A;N/A;N/A;N/A;N/A;N/A;N/A;N/A;N/A;N/A;N/A;N/A;N/A;N/A;N/A;N/A;N/A;N/A;N/A;N/A;N/A;N/A;N/A;N/A;N/A;N/A;N/A;N/A;N/A;N/A;N/A;N/A;N/A;N/A;N/A;N/A;No;N/A;N/A;N/A;N/A;N/A;N/A;N/A;N/A;N/A;N/A;N/A;N/A;N/A;N/A;N/A;N/A;N/A;N/A;N/A;N/A;N/A;N/A;N/A;N/A;N/A;N/A;N/A;N/A;N/A;N/A;N/A;N/A;N/A;Sí;Sí;Sí;Sí;Sí;N/A;Sí;N/A;Sí;Sí;N/A;Sí;N/A;N/A;Sí;N/A;Sí;N/A;Sí;Sí;Sí;N/A;N/A;Sí;Sí;Sí
Nissan;Kicks;"EXCLUSIVE 1.6 AT";2018;"82840 km";;"CAR ONE_4";22000;;;;;"Ciudad de la Costa";https://auto.mercadolibre.com.uy/MLU-635345087-nissan-kicks-exclusive-16-at-_JM;N/A;;"Nissan Kicks Exclusive 1.6 At";usd;Sí;gold_premium;false;N/A;N/A;http://perfil.mercadolibre.com.uy/CAR+ONE_4;active;N/A;N/A;Usado;N/A;No;Hidráulica;4x2;Sí;N/A;N/A;N/A;N/A;N/A;N/A;N/A;Sí;N/A;N/A;N/A;N/A;N/A;N/A;N/A;N/A;N/A;N/A;N/A;N/A;N/A;N/A;N/A;N/A;"2620 mm";"1.6 L";"41 L";6;N/A;N/A;Sí;Sí;N/A;N/A;N/A;N/A;N/A;N/A;N/A;N/A;N/A;N/A;N/A;N/A;N/A;N/A;N/A;N/A;N/A;N/A;N/A;N/A;N/A;Sí;N/A;N/A;N/A;N/A;N/A;N/A;N/A;Sí;Sí;N/A;N/A;Sí;N/A;N/A;N/A;N/A;N/A;N/A;N/A;"1590 mm";"4295 mm";N/A;N/A;N/A;N/A;5;"118 hp";Exclusive;N/A;4;"1760 mm";N/A;N/A;N/A;N/A;N/A;N/A;N/A;N/A;N/A;N/A;N/A;N/A;N/A;N/A;N/A;N/A;N/A;"Lunes a Domingos de 10 a 20 hs";5;1.6;Nafta;Automática;SUV;"Autos y camionetas";N/A;N/A;N/A;N/A;N/A;N/A;UY;N/A;Sí;N/A;N/A;N/A;N/A;N/A;N/A;N/A;N/A;N/A;N/A;N/A;N/A;N/A;N/A;N/A;N/A;N/A;N/A;N/A;N/A;N/A;N/A;N/A;N/A;N/A;N/A;N/A;N/A;N/A;N/A;N/A;N/A;N/A;N/A;N/A;N/A;N/A;N/A;N/A;N/A;N/A;N/A;N/A;N/A;N/A;N/A;N/A;N/A;N/A;N/A;N/A;N/A;N/A;N/A;N/A;N/A;N/A;N/A;N/A;N/A;N/A;N/A;N/A;N/A;N/A;N/A;N/A;N/A;N/A;N/A;N/A;N/A;N/A;N/A;N/A;N/A;N/A;N/A;N/A;N/A;N/A;N/A;N/A;N/A;N/A;N/A;No;Sí;N/A;Sí;N/A;Sí;N/A;N/A;N/A;N/A;Sí;N/A;N/A;N/A;N/A;N/A;Sí;Sí;N/A;Sí;N/A;N/A;N/A;N/A;Sí;N/A;Sí
Nissan;Kicks;"EXCLUSIVE 1.6 AT";2018;"92520 km";;"CAR ONE_3";21900;;;;;"Ciudad de la Costa";https://auto.mercadolibre.com.uy/MLU-635341303-nissan-kicks-exclusive-16-at-_JM;N/A;;"Nissan Kicks Exclusive 1.6 At";usd;Sí;gold_premium;false;N/A;N/A;http://perfil.mercadolibre.com.uy/CAR+ONE_3;active;N/A;N/A;Usado;N/A;No;Hidráulica;4x2;Sí;N/A;N/A;N/A;N/A;N/A;N/A;N/A;Sí;N/A;N/A;N/A;N/A;N/A;N/A;N/A;N/A;N/A;N/A;N/A;N/A;N/A;N/A;N/A;N/A;"2620 mm";"1.6 L";"41 L";6;N/A;N/A;Sí;Sí;N/A;N/A;N/A;N/A;N/A;N/A;N/A;N/A;N/A;N/A;N/A;N/A;N/A;N/A;N/A;N/A;N/A;N/A;N/A;N/A;N/A;Sí;N/A;N/A;N/A;N/A;N/A;N/A;N/A;Sí;Sí;N/A;N/A;Sí;N/A;N/A;N/A;N/A;N/A;N/A;N/A;"1590 mm";"4295 mm";N/A;N/A;N/A;N/A;5;"118 hp";Exclusive;N/A;4;"1760 mm";N/A;N/A;N/A;N/A;N/A;N/A;N/A;N/A;N/A;N/A;N/A;N/A;N/A;N/A;N/A;N/A;N/A;"Lunes a Domingos de 10 a 20 hs";5;1.6;Nafta;Automática;SUV;"Autos y camionetas";N/A;N/A;N/A;N/A;N/A;N/A;UY;N/A;Sí;N/A;N/A;N/A;N/A;N/A;N/A;N/A;N/A;N/A;N/A;N/A;N/A;N/A;N/A;N/A;N/A;N/A;N/A;N/A;N/A;N/A;N/A;N/A;N/A;N/A;N/A;N/A;N/A;N/A;N/A;N/A;N/A;N/A;N/A;N/A;N/A;N/A;N/A;N/A;N/A;N/A;N/A;N/A;N/A;N/A;N/A;N/A;N/A;N/A;N/A;N/A;N/A;N/A;N/A;N/A;N/A;N/A;N/A;N/A;N/A;N/A;N/A;N/A;N/A;N/A;N/A;N/A;N/A;N/A;N/A;N/A;N/A;N/A;N/A;N/A;N/A;N/A;N/A;N/A;N/A;N/A;N/A;N/A;N/A;N/A;N/A;No;Sí;N/A;Sí;N/A;Sí;N/A;N/A;N/A;N/A;Sí;N/A;N/A;N/A;N/A;N/A;Sí;Sí;N/A;Sí;N/A;N/A;N/A;N/A;Sí;N/A;Sí
Nissan;"NP300 Frontier";"Pro4x 4x4 diesel";2024;"0 km";;MOREIRAAUTOMOVILES;69538;;;;;Pando;https://auto.mercadolibre.com.uy/MLU-664578906-nissan-np300-frontier-pro4x-4x4-diesel-_JM;N/A;;"Nissan Np300 Frontier Pro4x 4x4 Diesel ";USD;Sí;gold_premium;false;N/A;N/A;http://perfil.mercadolibre.com.uy/MOREIRAAUTOMOVILES;active;N/A;N/A;Nuevo;N/A;N/A;Eléctrica;4x4;Sí;Sí;N/A;N/A;N/A;Sí;N/A;N/A;Sí;N/A;N/A;Sí;Sí;N/A;Sí;N/A;N/A;N/A;N/A;N/A;N/A;N/A;N/A;N/A;N/A;N/A;N/A;N/A;N/A;N/A;N/A;N/A;N/A;N/A;Sí;N/A;N/A;N/A;N/A;N/A;N/A;N/A;N/A;N/A;N/A;N/A;N/A;N/A;N/A;N/A;N/A;N/A;N/A;N/A;N/A;N/A;N/A;N/A;Sí;N/A;N/A;N/A;N/A;N/A;N/A;N/A;N/A;N/A;N/A;N/A;N/A;N/A;N/A;N/A;N/A;N/A;N/A;N/A;N/A;N/A;N/A;N/A;N/A;N/A;N/A;N/A;N/A;Sí;N/A;Sí;Sí;N/A;Sí;Sí;N/A;Sí;N/A;N/A;Sí;Sí;N/A;N/A;Sí;N/A;4;2.5;Diésel;Automática;N/A;"Autos y camionetas";Sí;N/A;N/A;N/A;Sí;N/A;N/A;N/A;Sí;N/A;No;N/A;N/A;N/A;N/A;N/A;N/A;N/A;N/A;N/A;N/A;N/A;N/A;N/A;Sí;N/A;N/A;N/A;N/A;N/A;N/A;N/A;N/A;N/A;N/A;N/A;N/A;N/A;N/A;N/A;N/A;N/A;N/A;Sí;N/A;N/A;N/A;N/A;N/A;N/A;N/A;N/A;N/A;N/A;N/A;N/A;N/A;N/A;N/A;N/A;N/A;Sí;Sí;N/A;N/A;N/A;N/A;N/A;N/A;N/A;N/A;N/A;N/A;N/A;N/A;N/A;N/A;N/A;N/A;N/A;N/A;N/A;N/A;N/A;N/A;N/A;N/A;N/A;N/A;N/A;N/A;N/A;N/A;N/A;N/A;N/A;Sí;Sí;Sí;N/A;Sí;N/A;N/A;N/A;N/A;Sí;Sí;Sí;Sí;N/A;N/A;Sí;Sí;Sí;Sí;Sí;Sí;Sí;Sí;Sí;N/A;Sí
Nissan;"NP300 Frontier";"2.5 Se Doble Cabina";2023;"3200 km";;"ALONSO AUTOMOVILES";31900;;;;;"Las Piedras";https://auto.mercadolibre.com.uy/MLU-664358702-nissan-frontier-se-4x2-nafta-6mt-_JM;N/A;;"Nissan Frontier Se 4x2 Nafta 6mt";usd;Sí;gold_premium;false;N/A;N/A;http://perfil.mercadolibre.com.uy/ALONSO+AUTOMOVILES;active;N/A;N/A;Usado;Blanco;N/A;Hidráulica;4x2;Sí;N/A;N/A;N/A;N/A;N/A;N/A;N/A;N/A;N/A;N/A;N/A;N/A;N/A;N/A;N/A;N/A;N/A;N/A;N/A;N/A;N/A;N/A;N/A;N/A;"3150 mm";"2.5 L";"80 L";6;N/A;N/A;N/A;N/A;N/A;N/A;N/A;N/A;N/A;N/A;N/A;N/A;N/A;N/A;N/A;N/A;N/A;N/A;N/A;N/A;N/A;N/A;N/A;N/A;N/A;N/A;N/A;N/A;N/A;N/A;N/A;N/A;N/A;Sí;Sí;N/A;N/A;N/A;N/A;N/A;N/A;N/A;N/A;N/A;N/A;"1860 mm";"5258 mm";N/A;N/A;N/A;N/A;N/A;"120 hp";Se;N/A;4;"1850 mm";N/A;N/A;N/A;N/A;N/A;N/A;N/A;N/A;N/A;N/A;N/A;N/A;N/A;N/A;N/A;N/A;N/A;N/A;4;2.5;Nafta;Manual;Pick-Up;"Autos y camionetas";N/A;N/A;N/A;N/A;N/A;N/A;UY;N/A;N/A;N/A;N/A;N/A;N/A;N/A;N/A;N/A;N/A;N/A;N/A;N/A;N/A;N/A;N/A;N/A;N/A;N/A;N/A;N/A;N/A;N/A;N/A;N/A;N/A;N/A;N/A;N/A;N/A;N/A;N/A;N/A;N/A;N/A;N/A;N/A;N/A;N/A;N/A;N/A;N/A;N/A;N/A;N/A;N/A;N/A;N/A;N/A;N/A;N/A;N/A;N/A;N/A;N/A;N/A;N/A;N/A;N/A;N/A;N/A;N/A;N/A;N/A;N/A;N/A;N/A;N/A;N/A;N/A;N/A;N/A;N/A;N/A;N/A;N/A;N/A;N/A;N/A;N/A;N/A;N/A;N/A;N/A;N/A;N/A;N/A;N/A;N/A;Sí;N/A;N/A;N/A;N/A;N/A;N/A;N/A;N/A;Sí;N/A;N/A;N/A;N/A;N/A;N/A;N/A;N/A;Sí;N/A;N/A;N/A;N/A;N/A;N/A;N/A
Nissan;Kicks;Exclusive;2019;"85840 km";;"AUTOLAND VW";22900;;;;;Canelones;https://auto.mercadolibre.com.uy/MLU-664096500-nissan-kicks-exclusive-16-2019-impecable-autoland-_JM;N/A;;"Nissan Kicks Exclusive 1.6 2019 Impecable! - Autoland";USD;Sí;gold_premium;false;N/A;N/A;http://perfil.mercadolibre.com.uy/AUTOLAND+VW;active;N/A;N/A;Usado;Blanco;Sí;Asistida;N/A;Sí;Sí;Sí;N/A;N/A;N/A;Sí;Sí;Sí;N/A;N/A;Sí;Sí;N/A;N/A;N/A;N/A;N/A;N/A;N/A;N/A;N/A;N/A;N/A;N/A;N/A;"1600 cc";N/A;N/A;N/A;N/A;N/A;N/A;N/A;N/A;N/A;N/A;N/A;N/A;N/A;N/A;N/A;N/A;N/A;N/A;N/A;N/A;N/A;N/A;N/A;N/A;N/A;N/A;N/A;Sí;N/A;N/A;N/A;Sí;N/A;N/A;N/A;N/A;N/A;N/A;N/A;N/A;N/A;N/A;N/A;N/A;Sí;N/A;N/A;N/A;N/A;N/A;N/A;N/A;N/A;N/A;N/A;Exclusive;N/A;N/A;N/A;N/A;N/A;N/A;Sí;Sí;N/A;N/A;Sí;Sí;N/A;N/A;N/A;N/A;N/A;N/A;N/A;Sí;"Lun. a Vie. de 9 a 18 hs";5;1.6;Nafta;Automática;SUV;"Autos y camionetas";No;N/A;N/A;N/A;No;N/A;N/A;No;Sí;No;No;N/A;N/A;N/A;N/A;N/A;N/A;N/A;N/A;N/A;N/A;N/A;N/A;N/A;Sí;N/A;N/A;N/A;N/A;N/A;N/A;N/A;N/A;N/A;N/A;N/A;N/A;N/A;N/A;N/A;N/A;N/A;N/A;N/A;N/A;N/A;N/A;N/A;N/A;N/A;N/A;N/A;N/A;N/A;N/A;N/A;N/A;N/A;N/A;N/A;N/A;N/A;No;N/A;N/A;N/A;N/A;N/A;N/A;N/A;N/A;N/A;N/A;N/A;N/A;N/A;N/A;N/A;N/A;N/A;N/A;N/A;N/A;N/A;N/A;N/A;N/A;N/A;N/A;N/A;N/A;N/A;Sí;N/A;N/A;N/A;Sí;Sí;Sí;Sí;Sí;Sí;Sí;N/A;Sí;Sí;N/A;N/A;N/A;N/A;Sí;Sí;Sí;N/A;Sí;N/A;Sí;N/A;N/A;Sí;N/A;Sí
Nissan;Sentra;"Gsx Mt";1996;"333000 km";;"GONZALO GARAGE";5500;;;;;Malvin;https://auto.mercadolibre.com.uy/MLU-661116550-nissan-sentra-b14-1996-gsx-mt-_JM;N/A;;"Nissan Sentra B14 1996 Gsx Mt";usd;Sí;gold_premium;false;N/A;N/A;http://perfil.mercadolibre.com.uy/GONZALO+GARAGE;active;N/A;N/A;Usado;Rojo;N/A;Hidráulica;Delantera;Sí;N/A;N/A;N/A;N/A;N/A;N/A;N/A;N/A;N/A;N/A;N/A;N/A;N/A;N/A;N/A;N/A;N/A;N/A;N/A;N/A;N/A;N/A;N/A;N/A;N/A;"2 L";N/A;N/A;N/A;N/A;N/A;N/A;N/A;N/A;N/A;N/A;N/A;N/A;N/A;N/A;N/A;N/A;N/A;N/A;N/A;N/A;N/A;N/A;N/A;N/A;N/A;N/A;N/A;N/A;N/A;N/A;N/A;N/A;N/A;N/A;N/A;N/A;N/A;N/A;N/A;N/A;N/A;N/A;N/A;N/A;N/A;N/A;N/A;N/A;N/A;N/A;N/A;N/A;N/A;5;N/A;Gsx;N/A;N/A;N/A;N/A;N/A;N/A;N/A;N/A;N/A;N/A;N/A;N/A;N/A;N/A;N/A;N/A;N/A;N/A;N/A;N/A;N/A;4;2.0;Nafta;Manual;Sedán;"Autos y camionetas";N/A;N/A;N/A;N/A;N/A;N/A;UY;N/A;N/A;N/A;N/A;N/A;N/A;N/A;N/A;N/A;N/A;N/A;N/A;N/A;N/A;N/A;N/A;N/A;N/A;N/A;N/A;N/A;N/A;N/A;N/A;N/A;N/A;N/A;N/A;N/A;N/A;N/A;N/A;N/A;N/A;N/A;N/A;N/A;N/A;N/A;N/A;N/A;N/A;N/A;N/A;N/A;N/A;N/A;N/A;N/A;N/A;N/A;N/A;N/A;N/A;N/A;N/A;N/A;N/A;N/A;N/A;N/A;N/A;N/A;N/A;N/A;N/A;N/A;N/A;N/A;N/A;N/A;N/A;N/A;N/A;N/A;N/A;N/A;N/A;N/A;N/A;N/A;N/A;N/A;N/A;N/A;N/A;N/A;N/A;N/A;Sí;N/A;N/A;N/A;N/A;N/A;N/A;N/A;N/A;N/A;N/A;N/A;N/A;N/A;N/A;N/A;N/A;N/A;Sí;N/A;N/A;N/A;N/A;N/A;N/A;N/A
Nissan;March;"1.6 Advance Mt";2020;"29060 km";;"CAR ONE_4";16200;;;;;"Ciudad de la Costa";https://auto.mercadolibre.com.uy/MLU-660689132-nissan-march-16-advance-mt-_JM;N/A;;"Nissan March 1.6 Advance Mt";usd;Sí;gold_premium;false;N/A;N/A;http://perfil.mercadolibre.com.uy/CAR+ONE_4;active;N/A;N/A;Usado;N/A;Sí;Hidráulica;4x2;Sí;N/A;N/A;N/A;N/A;N/A;N/A;N/A;N/A;N/A;N/A;N/A;N/A;N/A;N/A;N/A;N/A;N/A;N/A;N/A;N/A;N/A;N/A;N/A;N/A;"2450 mm";"1.6 L";"41 L";5;N/A;N/A;No;No;N/A;N/A;N/A;N/A;N/A;N/A;N/A;N/A;N/A;N/A;N/A;N/A;N/A;N/A;N/A;N/A;N/A;N/A;N/A;N/A;N/A;Sí;N/A;N/A;N/A;N/A;N/A;N/A;N/A;Sí;Sí;N/A;N/A;N/A;N/A;N/A;N/A;N/A;N/A;N/A;N/A;"1532 mm";"3827 mm";N/A;N/A;N/A;N/A;5;"106 hp";Advance;N/A;4;"1665 mm";N/A;N/A;N/A;N/A;N/A;N/A;N/A;Sí;N/A;N/A;N/A;N/A;N/A;N/A;N/A;N/A;N/A;"Lunes a Domingos de 10 a 20 hs";5;1.6;Nafta;Manual;HATCH;"Autos y camionetas";N/A;N/A;N/A;N/A;N/A;N/A;UY;N/A;Sí;N/A;N/A;N/A;N/A;N/A;N/A;N/A;N/A;N/A;N/A;N/A;N/A;N/A;N/A;N/A;N/A;N/A;N/A;N/A;N/A;N/A;N/A;N/A;N/A;N/A;N/A;N/A;N/A;N/A;N/A;N/A;N/A;N/A;N/A;N/A;N/A;N/A;N/A;N/A;N/A;N/A;N/A;N/A;N/A;N/A;N/A;N/A;N/A;N/A;N/A;N/A;N/A;N/A;N/A;N/A;N/A;N/A;N/A;N/A;N/A;N/A;N/A;N/A;N/A;N/A;N/A;N/A;N/A;N/A;N/A;N/A;N/A;N/A;N/A;N/A;N/A;N/A;N/A;N/A;N/A;N/A;N/A;N/A;N/A;N/A;N/A;No;Sí;N/A;Sí;N/A;Sí;N/A;N/A;Sí;N/A;Sí;N/A;N/A;N/A;N/A;N/A;N/A;Sí;N/A;Sí;N/A;N/A;N/A;N/A;Sí;N/A;Sí
Nissan;Kicks;"EXCLUSIVE 1.6 AT";2018;"108647 km";;"CAR ONE_2";22400;;;;;"Ciudad de la Costa";https://auto.mercadolibre.com.uy/MLU-655668894-nissan-kicks-exclusive-16-at-_JM;N/A;;"Nissan Kicks Exclusive 1.6 At";usd;Sí;gold_premium;false;N/A;N/A;http://perfil.mercadolibre.com.uy/CAR+ONE_2;active;N/A;N/A;Usado;N/A;No;Hidráulica;4x2;Sí;N/A;N/A;N/A;N/A;N/A;N/A;N/A;Sí;N/A;N/A;N/A;N/A;N/A;N/A;N/A;N/A;N/A;N/A;N/A;N/A;N/A;N/A;N/A;N/A;"2620 mm";"1.6 L";"41 L";6;N/A;N/A;Sí;Sí;N/A;N/A;N/A;N/A;N/A;N/A;N/A;N/A;N/A;N/A;N/A;N/A;N/A;N/A;N/A;N/A;N/A;N/A;N/A;N/A;N/A;Sí;N/A;N/A;N/A;N/A;N/A;N/A;N/A;Sí;Sí;N/A;N/A;Sí;N/A;N/A;N/A;N/A;N/A;N/A;N/A;"1590 mm";"4295 mm";N/A;N/A;N/A;N/A;5;"118 hp";Exclusive;N/A;4;"1760 mm";N/A;N/A;N/A;N/A;N/A;N/A;N/A;N/A;N/A;N/A;N/A;N/A;N/A;N/A;N/A;N/A;N/A;"Lunes a Domingos de 10 a 20 hs";5;1.6;Nafta;Automática;SUV;"Autos y camionetas";N/A;N/A;N/A;N/A;N/A;N/A;UY;N/A;Sí;N/A;N/A;N/A;N/A;N/A;N/A;N/A;N/A;N/A;N/A;N/A;N/A;N/A;N/A;N/A;N/A;N/A;N/A;N/A;N/A;N/A;N/A;N/A;N/A;N/A;N/A;N/A;N/A;N/A;N/A;N/A;N/A;N/A;N/A;N/A;N/A;N/A;N/A;N/A;N/A;N/A;N/A;N/A;N/A;N/A;N/A;N/A;N/A;N/A;N/A;N/A;N/A;N/A;N/A;N/A;N/A;N/A;N/A;N/A;N/A;N/A;N/A;N/A;N/A;N/A;N/A;N/A;N/A;N/A;N/A;N/A;N/A;N/A;N/A;N/A;N/A;N/A;N/A;N/A;N/A;N/A;N/A;N/A;N/A;N/A;N/A;No;Sí;N/A;Sí;N/A;Sí;N/A;N/A;N/A;N/A;Sí;N/A;N/A;N/A;N/A;N/A;Sí;Sí;N/A;Sí;N/A;N/A;N/A;N/A;Sí;N/A;Sí
Nissan;Kicks;"ADVANCE 1.6 AT";2020;"93360 km";;"CAR ONE_2";22700;;;;;"Ciudad de la Costa";https://auto.mercadolibre.com.uy/MLU-654528200-nissan-kicks-advance-16-at-_JM;N/A;;"Nissan Kicks Advance 1.6 At";usd;Sí;gold_premium;false;N/A;N/A;http://perfil.mercadolibre.com.uy/CAR+ONE_2;active;N/A;N/A;Usado;N/A;No;Hidráulica;4x2;Sí;N/A;N/A;N/A;N/A;N/A;N/A;N/A;N/A;N/A;N/A;N/A;N/A;N/A;N/A;N/A;N/A;N/A;N/A;N/A;N/A;N/A;N/A;N/A;N/A;"2620 mm";"1.6 L";"41 L";6;N/A;N/A;Sí;Sí;N/A;N/A;N/A;N/A;N/A;N/A;N/A;N/A;N/A;N/A;N/A;N/A;N/A;N/A;N/A;N/A;N/A;N/A;N/A;N/A;N/A;Sí;N/A;N/A;N/A;N/A;N/A;N/A;N/A;Sí;Sí;Sí;N/A;N/A;N/A;N/A;N/A;N/A;N/A;N/A;N/A;"1590 mm";"4295 mm";N/A;N/A;N/A;N/A;5;"118 hp";Advance;N/A;4;"1760 mm";N/A;N/A;N/A;N/A;N/A;N/A;N/A;N/A;N/A;N/A;N/A;N/A;N/A;N/A;N/A;N/A;N/A;"Lunes a Domingos de 10 a 20 hs";5;1.6;Nafta;Automática;SUV;"Autos y camionetas";N/A;N/A;N/A;N/A;N/A;N/A;UY;N/A;Sí;N/A;N/A;N/A;N/A;N/A;N/A;N/A;N/A;N/A;N/A;N/A;N/A;N/A;N/A;N/A;N/A;N/A;N/A;N/A;N/A;N/A;N/A;N/A;N/A;N/A;N/A;N/A;N/A;N/A;N/A;N/A;N/A;N/A;N/A;N/A;N/A;N/A;N/A;N/A;N/A;N/A;N/A;N/A;N/A;N/A;N/A;N/A;N/A;N/A;N/A;N/A;N/A;N/A;N/A;N/A;N/A;N/A;N/A;N/A;N/A;N/A;N/A;N/A;N/A;N/A;N/A;N/A;N/A;N/A;N/A;N/A;N/A;N/A;N/A;N/A;N/A;N/A;N/A;N/A;N/A;N/A;N/A;N/A;N/A;N/A;N/A;No;Sí;N/A;Sí;N/A;Sí;N/A;N/A;N/A;N/A;Sí;N/A;N/A;N/A;N/A;N/A;N/A;Sí;N/A;Sí;N/A;N/A;N/A;N/A;Sí;N/A;Sí
Nissan;Frontier;"NEW  2.5 XE TDSL DC 4X4 AT";2022;"28204 km";;"CAR ONE_1";62200;;;;;"Ciudad de la Costa";https://auto.mercadolibre.com.uy/MLU-632987039-nissan-new-frontier-25-xe-tdsl-dc-4x4-at-_JM;N/A;;"Nissan New Frontier 2.5 Xe Tdsl Dc 4x4 At";USD;Sí;gold_premium;false;N/A;N/A;http://perfil.mercadolibre.com.uy/CAR+ONE_1;active;N/A;N/A;Usado;N/A;Sí;N/A;4x4;N/A;N/A;N/A;N/A;N/A;N/A;N/A;N/A;N/A;N/A;N/A;N/A;N/A;N/A;N/A;N/A;N/A;N/A;N/A;N/A;N/A;N/A;N/A;N/A;N/A;N/A;N/A;"80 L";7;N/A;N/A;Sí;Sí;N/A;N/A;N/A;N/A;N/A;N/A;N/A;N/A;N/A;N/A;N/A;N/A;N/A;N/A;N/A;N/A;N/A;N/A;N/A;N/A;N/A;Sí;N/A;N/A;N/A;N/A;N/A;N/A;N/A;N/A;N/A;N/A;N/A;N/A;N/A;N/A;N/A;N/A;N/A;N/A;N/A;N/A;N/A;N/A;N/A;N/A;N/A;5;"187 hp";N/A;N/A;N/A;N/A;N/A;N/A;N/A;N/A;N/A;N/A;N/A;N/A;N/A;N/A;N/A;N/A;N/A;N/A;N/A;N/A;N/A;"Lunes a Domingos de 10 a 20 hs";4;N/A;Diésel;Automática;Pick-Up;"Autos y camionetas";N/A;N/A;N/A;N/A;N/A;N/A;N/A;N/A;Sí;N/A;N/A;N/A;N/A;N/A;N/A;N/A;N/A;N/A;N/A;N/A;N/A;N/A;N/A;N/A;N/A;N/A;N/A;N/A;N/A;N/A;N/A;N/A;N/A;N/A;N/A;N/A;N/A;N/A;N/A;N/A;N/A;N/A;N/A;N/A;N/A;N/A;N/A;N/A;N/A;N/A;N/A;N/A;N/A;N/A;N/A;N/A;N/A;N/A;N/A;N/A;N/A;N/A;N/A;N/A;N/A;N/A;N/A;N/A;N/A;N/A;N/A;N/A;N/A;N/A;N/A;N/A;N/A;N/A;N/A;N/A;N/A;N/A;N/A;N/A;N/A;N/A;N/A;N/A;N/A;N/A;N/A;N/A;N/A;N/A;N/A;No;Sí;N/A;N/A;N/A;Sí;N/A;N/A;N/A;N/A;Sí;N/A;N/A;N/A;N/A;N/A;N/A;N/A;N/A;N/A;N/A;N/A;N/A;N/A;N/A;N/A;N/A
Nissan;"SENTRA B18";"2.0 EXCLUSIVE AT";2022;"81000 km";;"CAR ONE_7";29500;;;;;"Ciudad de la Costa";https://auto.mercadolibre.com.uy/MLU-632716683-nissan-sentra-b18-20-exclusive-at-_JM;N/A;;"Nissan Sentra B18 2.0 Exclusive At";usd;Sí;gold_premium;false;N/A;N/A;http://perfil.mercadolibre.com.uy/CAR+ONE_7;active;N/A;N/A;Usado;N/A;Sí;Hidráulica;4x2;Sí;N/A;N/A;N/A;N/A;N/A;N/A;N/A;Sí;N/A;N/A;N/A;N/A;N/A;N/A;N/A;N/A;N/A;N/A;N/A;N/A;N/A;N/A;N/A;N/A;"2700 mm";"1.8 L";"47 L";8;N/A;N/A;Sí;Sí;N/A;N/A;N/A;N/A;N/A;N/A;N/A;N/A;N/A;N/A;N/A;N/A;N/A;N/A;N/A;N/A;N/A;N/A;N/A;N/A;N/A;Sí;N/A;N/A;N/A;N/A;N/A;N/A;N/A;Sí;Sí;N/A;N/A;Sí;N/A;N/A;N/A;N/A;N/A;N/A;N/A;"1509 mm";"4636 mm";N/A;N/A;N/A;N/A;5;"145 hp";Exclusive;N/A;4;"1761 mm";N/A;N/A;N/A;N/A;N/A;N/A;N/A;Sí;N/A;Sí;N/A;N/A;N/A;N/A;N/A;N/A;N/A;"Lunes a Domingos de 10 a 20 hs";4;1.8;Nafta;Automática;Sedán;"Autos y camionetas";N/A;N/A;N/A;N/A;N/A;N/A;UY;N/A;Sí;N/A;N/A;N/A;N/A;N/A;N/A;N/A;N/A;N/A;N/A;N/A;N/A;N/A;N/A;N/A;N/A;N/A;N/A;N/A;N/A;N/A;N/A;N/A;N/A;N/A;N/A;N/A;N/A;N/A;N/A;N/A;N/A;N/A;N/A;N/A;N/A;N/A;N/A;N/A;N/A;N/A;N/A;N/A;N/A;N/A;N/A;N/A;N/A;N/A;N/A;N/A;N/A;N/A;N/A;N/A;N/A;N/A;N/A;N/A;N/A;N/A;N/A;N/A;N/A;N/A;N/A;N/A;N/A;N/A;N/A;N/A;N/A;N/A;N/A;N/A;N/A;N/A;N/A;N/A;N/A;N/A;N/A;N/A;N/A;N/A;N/A;No;Sí;N/A;Sí;N/A;Sí;N/A;N/A;Sí;N/A;Sí;N/A;N/A;N/A;N/A;N/A;N/A;N/A;N/A;Sí;N/A;N/A;N/A;N/A;Sí;N/A;Sí
Nissan;"SENTRA B18";"2.0 Sr At";2021;"50650 km";;"CAR ONE_4";31800;;;;;"Ciudad de la Costa";https://auto.mercadolibre.com.uy/MLU-653655278-nissan-sentra-b18-20-sr-at-_JM;N/A;;"Nissan Sentra B18 2.0 Sr At";USD;Sí;gold_premium;false;N/A;N/A;http://perfil.mercadolibre.com.uy/CAR+ONE_4;active;N/A;N/A;Usado;N/A;Sí;N/A;4x2;N/A;N/A;N/A;N/A;N/A;N/A;N/A;N/A;N/A;N/A;N/A;N/A;N/A;N/A;N/A;N/A;N/A;N/A;N/A;N/A;N/A;N/A;N/A;N/A;N/A;N/A;N/A;"47 L";8;N/A;N/A;Sí;Sí;N/A;N/A;N/A;N/A;N/A;N/A;N/A;N/A;N/A;N/A;N/A;N/A;N/A;N/A;N/A;N/A;N/A;N/A;N/A;N/A;N/A;Sí;N/A;N/A;N/A;N/A;N/A;N/A;N/A;N/A;N/A;N/A;N/A;N/A;N/A;N/A;N/A;N/A;N/A;N/A;N/A;N/A;N/A;N/A;N/A;N/A;N/A;5;"145 hp";N/A;N/A;N/A;N/A;N/A;N/A;N/A;N/A;N/A;N/A;N/A;N/A;N/A;N/A;N/A;N/A;N/A;N/A;N/A;N/A;N/A;"Lunes a Domingos de 10 a 20 hs";4;N/A;Nafta;Automática;Sedán;"Autos y camionetas";N/A;N/A;N/A;N/A;N/A;N/A;N/A;N/A;Sí;N/A;N/A;N/A;N/A;N/A;N/A;N/A;N/A;N/A;N/A;N/A;N/A;N/A;N/A;N/A;N/A;N/A;N/A;N/A;N/A;N/A;N/A;N/A;N/A;N/A;N/A;N/A;N/A;N/A;N/A;N/A;N/A;N/A;N/A;N/A;N/A;N/A;N/A;N/A;N/A;N/A;N/A;N/A;N/A;N/A;N/A;N/A;N/A;N/A;N/A;N/A;N/A;N/A;N/A;N/A;N/A;N/A;N/A;N/A;N/A;N/A;N/A;N/A;N/A;N/A;N/A;N/A;N/A;N/A;N/A;N/A;N/A;N/A;N/A;N/A;N/A;N/A;N/A;N/A;N/A;N/A;N/A;N/A;N/A;N/A;N/A;No;Sí;N/A;N/A;N/A;Sí;N/A;N/A;N/A;N/A;Sí;N/A;N/A;N/A;N/A;N/A;N/A;N/A;N/A;N/A;N/A;N/A;N/A;N/A;N/A;N/A;N/A
Nissan;Frontier;"NEW  2.5 PRO-4X 187 HP TDSL DC 4X4 AT";2022;"54840 km";;"CAR ONE_2";59600;;;;;"Ciudad de la Costa";https://auto.mercadolibre.com.uy/MLU-652372388-nissan-new-frontier-25-pro-4x-187-hp-tdsl-dc-4x4-at-_JM;N/A;;"Nissan New Frontier 2.5 Pro-4x 187 Hp Tdsl Dc 4x4 At";USD;Sí;gold_premium;false;N/A;N/A;http://perfil.mercadolibre.com.uy/CAR+ONE_2;active;N/A;N/A;Usado;N/A;Sí;N/A;4x4;N/A;N/A;N/A;N/A;N/A;N/A;N/A;N/A;N/A;N/A;N/A;N/A;N/A;N/A;N/A;N/A;N/A;N/A;N/A;N/A;N/A;N/A;N/A;N/A;N/A;N/A;N/A;"80 L";7;N/A;N/A;Sí;Sí;N/A;N/A;N/A;N/A;N/A;N/A;N/A;N/A;N/A;N/A;N/A;N/A;N/A;N/A;N/A;N/A;N/A;N/A;N/A;N/A;N/A;Sí;N/A;N/A;N/A;N/A;N/A;N/A;N/A;N/A;N/A;N/A;N/A;N/A;N/A;N/A;N/A;N/A;N/A;N/A;N/A;N/A;N/A;N/A;N/A;N/A;N/A;5;"187 hp";N/A;N/A;N/A;N/A;N/A;N/A;N/A;N/A;N/A;N/A;N/A;N/A;N/A;N/A;N/A;N/A;N/A;N/A;N/A;N/A;N/A;"Lunes a Domingos de 10 a 20 hs";4;N/A;Diésel;Automática;Pick-Up;"Autos y camionetas";N/A;N/A;N/A;N/A;N/A;N/A;N/A;N/A;Sí;N/A;N/A;N/A;N/A;N/A;N/A;N/A;N/A;N/A;N/A;N/A;N/A;N/A;N/A;N/A;N/A;N/A;N/A;N/A;N/A;N/A;N/A;N/A;N/A;N/A;N/A;N/A;N/A;N/A;N/A;N/A;N/A;N/A;N/A;N/A;N/A;N/A;N/A;N/A;N/A;N/A;N/A;N/A;N/A;N/A;N/A;N/A;N/A;N/A;N/A;N/A;N/A;N/A;N/A;N/A;N/A;N/A;N/A;N/A;N/A;N/A;N/A;N/A;N/A;N/A;N/A;N/A;N/A;N/A;N/A;N/A;N/A;N/A;N/A;N/A;N/A;N/A;N/A;N/A;N/A;N/A;N/A;N/A;N/A;N/A;N/A;No;Sí;N/A;N/A;N/A;Sí;N/A;N/A;N/A;N/A;Sí;N/A;N/A;N/A;N/A;N/A;N/A;N/A;N/A;N/A;N/A;N/A;N/A;N/A;N/A;N/A;N/A
Nissan;Versa;"1.6 Exclusive At";2023;"0 km";;"MOREIRA AUTOMOVILES";30490;;;;;"Las Piedras";https://auto.mercadolibre.com.uy/MLU-631991705-nissan-versa-2023-16-exclusive-at-_JM;N/A;;"Nissan Versa 2023 1.6 Exclusive At";usd;Sí;gold_premium;false;N/A;N/A;http://perfil.mercadolibre.com.uy/MOREIRA+AUTOMOVILES;active;N/A;N/A;Nuevo;N/A;N/A;Hidráulica;Delantera;Sí;N/A;N/A;N/A;Sí;N/A;N/A;N/A;Sí;N/A;N/A;N/A;N/A;N/A;N/A;N/A;N/A;N/A;N/A;N/A;N/A;N/A;N/A;N/A;N/A;"2600 mm";"1.6 L";"41 L";4;N/A;N/A;N/A;N/A;N/A;N/A;N/A;N/A;N/A;N/A;N/A;N/A;N/A;N/A;N/A;N/A;N/A;N/A;N/A;N/A;N/A;N/A;N/A;N/A;N/A;N/A;N/A;N/A;N/A;N/A;N/A;N/A;N/A;Sí;Sí;N/A;N/A;N/A;N/A;N/A;N/A;N/A;N/A;N/A;N/A;"1506 mm";"4465 mm";N/A;N/A;N/A;N/A;5;"106 hp";Exclusive;N/A;4;"1695 mm";N/A;N/A;N/A;N/A;N/A;N/A;N/A;Sí;N/A;N/A;N/A;N/A;N/A;N/A;N/A;N/A;N/A;N/A;4;1.6;Nafta;Automática;Sedán;"Autos y camionetas";N/A;N/A;N/A;N/A;N/A;N/A;UY;N/A;N/A;N/A;N/A;N/A;N/A;N/A;N/A;N/A;N/A;N/A;N/A;N/A;N/A;N/A;N/A;N/A;N/A;N/A;N/A;N/A;N/A;N/A;N/A;N/A;N/A;N/A;N/A;N/A;N/A;N/A;N/A;N/A;N/A;N/A;N/A;N/A;N/A;N/A;N/A;N/A;N/A;N/A;N/A;N/A;N/A;N/A;N/A;N/A;N/A;N/A;N/A;N/A;N/A;N/A;N/A;N/A;N/A;N/A;N/A;N/A;N/A;N/A;N/A;N/A;N/A;N/A;N/A;N/A;N/A;N/A;N/A;N/A;N/A;N/A;N/A;N/A;N/A;N/A;N/A;N/A;N/A;N/A;N/A;N/A;N/A;N/A;N/A;N/A;Sí;N/A;Sí;N/A;N/A;N/A;N/A;Sí;N/A;Sí;N/A;N/A;N/A;N/A;N/A;N/A;Sí;N/A;Sí;N/A;N/A;N/A;N/A;Sí;N/A;N/A
Nissan;"SENTRA B18";"2.0 Sr At";2021;"36240 km";;"CAR ONE_5";32490;;;;;Carrasco;https://auto.mercadolibre.com.uy/MLU-650849870-nissan-sentra-b18-20-sr-at-_JM;N/A;;"Nissan Sentra B18 2.0 Sr At";USD;Sí;gold_premium;false;N/A;N/A;http://perfil.mercadolibre.com.uy/CAR+ONE_5;active;N/A;N/A;Usado;N/A;Sí;N/A;4x2;N/A;N/A;N/A;N/A;N/A;N/A;N/A;N/A;N/A;N/A;N/A;N/A;N/A;N/A;N/A;N/A;N/A;N/A;N/A;N/A;N/A;N/A;N/A;N/A;N/A;N/A;N/A;"47 L";8;N/A;N/A;Sí;Sí;N/A;N/A;N/A;N/A;N/A;N/A;N/A;N/A;N/A;N/A;N/A;N/A;N/A;N/A;N/A;N/A;N/A;N/A;N/A;N/A;N/A;Sí;N/A;N/A;N/A;N/A;N/A;N/A;N/A;N/A;N/A;N/A;N/A;N/A;N/A;N/A;N/A;N/A;N/A;N/A;N/A;N/A;N/A;N/A;N/A;N/A;N/A;5;"145 hp";N/A;N/A;N/A;N/A;N/A;N/A;N/A;N/A;N/A;N/A;N/A;N/A;N/A;N/A;N/A;N/A;N/A;N/A;N/A;N/A;N/A;"Lunes a Domingos de 10 a 20 hs";4;N/A;Nafta;Automática;Sedán;"Autos y camionetas";N/A;N/A;N/A;N/A;N/A;N/A;N/A;N/A;Sí;N/A;N/A;N/A;N/A;N/A;N/A;N/A;N/A;N/A;N/A;N/A;N/A;N/A;N/A;N/A;N/A;N/A;N/A;N/A;N/A;N/A;N/A;N/A;N/A;N/A;N/A;N/A;N/A;N/A;N/A;N/A;N/A;N/A;N/A;N/A;N/A;N/A;N/A;N/A;N/A;N/A;N/A;N/A;N/A;N/A;N/A;N/A;N/A;N/A;N/A;N/A;N/A;N/A;N/A;N/A;N/A;N/A;N/A;N/A;N/A;N/A;N/A;N/A;N/A;N/A;N/A;N/A;N/A;N/A;N/A;N/A;N/A;N/A;N/A;N/A;N/A;N/A;N/A;N/A;N/A;N/A;N/A;N/A;N/A;N/A;N/A;No;Sí;N/A;N/A;N/A;Sí;N/A;N/A;N/A;N/A;Sí;N/A;N/A;N/A;N/A;N/A;N/A;N/A;N/A;N/A;N/A;N/A;N/A;N/A;N/A;N/A;N/A
Nissan;"SENTRA B18";"2.0 Sr At";2021;"53000 km";;"CAR ONE_5";32700;;;;;Carrasco;https://auto.mercadolibre.com.uy/MLU-649407890-nissan-sentra-b18-20-sr-at-_JM;N/A;;"Nissan Sentra B18 2.0 Sr At";USD;Sí;gold_premium;false;N/A;N/A;http://perfil.mercadolibre.com.uy/CAR+ONE_5;active;N/A;N/A;Usado;N/A;Sí;N/A;4x2;N/A;N/A;N/A;N/A;N/A;N/A;N/A;N/A;N/A;N/A;N/A;N/A;N/A;N/A;N/A;N/A;N/A;N/A;N/A;N/A;N/A;N/A;N/A;N/A;N/A;N/A;N/A;"47 L";8;N/A;N/A;Sí;Sí;N/A;N/A;N/A;N/A;N/A;N/A;N/A;N/A;N/A;N/A;N/A;N/A;N/A;N/A;N/A;N/A;N/A;N/A;N/A;N/A;N/A;Sí;N/A;N/A;N/A;N/A;N/A;N/A;N/A;N/A;N/A;N/A;N/A;N/A;N/A;N/A;N/A;N/A;N/A;N/A;N/A;N/A;N/A;N/A;N/A;N/A;N/A;5;"145 hp";N/A;N/A;N/A;N/A;N/A;N/A;N/A;N/A;N/A;N/A;N/A;N/A;N/A;N/A;N/A;N/A;N/A;N/A;N/A;N/A;N/A;"Lunes a Domingos de 10 a 20 hs";4;N/A;Nafta;Automática;Sedán;"Autos y camionetas";N/A;N/A;N/A;N/A;N/A;N/A;N/A;N/A;Sí;N/A;N/A;N/A;N/A;N/A;N/A;N/A;N/A;N/A;N/A;N/A;N/A;N/A;N/A;N/A;N/A;N/A;N/A;N/A;N/A;N/A;N/A;N/A;N/A;N/A;N/A;N/A;N/A;N/A;N/A;N/A;N/A;N/A;N/A;N/A;N/A;N/A;N/A;N/A;N/A;N/A;N/A;N/A;N/A;N/A;N/A;N/A;N/A;N/A;N/A;N/A;N/A;N/A;N/A;N/A;N/A;N/A;N/A;N/A;N/A;N/A;N/A;N/A;N/A;N/A;N/A;N/A;N/A;N/A;N/A;N/A;N/A;N/A;N/A;N/A;N/A;N/A;N/A;N/A;N/A;N/A;N/A;N/A;N/A;N/A;N/A;No;Sí;N/A;N/A;N/A;Sí;N/A;N/A;N/A;N/A;Sí;N/A;N/A;N/A;N/A;N/A;N/A;N/A;N/A;N/A;N/A;N/A;N/A;N/A;N/A;N/A;N/A
Nissan;Kicks;"ADVANCE 1.6";2020;"88210 km";;"CAR ONE_2";21200;;;;;"Ciudad de la Costa";https://auto.mercadolibre.com.uy/MLU-649328610-nissan-kicks-advance-16-_JM;N/A;;"Nissan Kicks Advance 1.6 ";usd;Sí;gold_premium;false;N/A;N/A;http://perfil.mercadolibre.com.uy/CAR+ONE_2;active;N/A;N/A;Usado;N/A;No;Hidráulica;4x2;Sí;N/A;N/A;N/A;N/A;N/A;N/A;N/A;N/A;N/A;N/A;N/A;N/A;N/A;N/A;N/A;N/A;N/A;N/A;N/A;N/A;N/A;N/A;N/A;N/A;"2620 mm";"1.6 L";"41 L";5;N/A;N/A;Sí;Sí;N/A;N/A;N/A;N/A;N/A;N/A;N/A;N/A;N/A;N/A;N/A;N/A;N/A;N/A;N/A;N/A;N/A;N/A;N/A;N/A;N/A;Sí;N/A;N/A;N/A;N/A;N/A;N/A;N/A;Sí;Sí;N/A;N/A;N/A;N/A;N/A;N/A;N/A;N/A;N/A;N/A;"1590 mm";"4295 mm";N/A;N/A;N/A;N/A;5;"118 hp";Advance;N/A;4;"1760 mm";N/A;N/A;N/A;N/A;N/A;N/A;N/A;N/A;N/A;N/A;N/A;N/A;N/A;N/A;N/A;N/A;N/A;"Lunes a Domingos de 10 a 20 hs";5;1.6;Nafta;Manual;SUV;"Autos y camionetas";N/A;N/A;N/A;N/A;N/A;N/A;UY;N/A;Sí;N/A;N/A;N/A;N/A;N/A;N/A;N/A;N/A;N/A;N/A;N/A;N/A;N/A;N/A;N/A;N/A;N/A;N/A;N/A;N/A;N/A;N/A;N/A;N/A;N/A;N/A;N/A;N/A;N/A;N/A;N/A;N/A;N/A;N/A;N/A;N/A;N/A;N/A;N/A;N/A;N/A;N/A;N/A;N/A;N/A;N/A;N/A;N/A;N/A;N/A;N/A;N/A;N/A;N/A;N/A;N/A;N/A;N/A;N/A;N/A;N/A;N/A;N/A;N/A;N/A;N/A;N/A;N/A;N/A;N/A;N/A;N/A;N/A;N/A;N/A;N/A;N/A;N/A;N/A;N/A;N/A;N/A;N/A;N/A;N/A;N/A;No;Sí;N/A;N/A;N/A;Sí;N/A;N/A;N/A;N/A;Sí;N/A;N/A;N/A;N/A;N/A;N/A;Sí;N/A;Sí;N/A;N/A;N/A;N/A;Sí;N/A;Sí
Nissan;Kicks;"ADVANCE 1.6 AT";2019;"136984 km";;"CAR ONE_3";20200;;;;;"Ciudad de la Costa";https://auto.mercadolibre.com.uy/MLU-648873698-nissan-kicks-advance-16-at-_JM;N/A;;"Nissan Kicks Advance 1.6 At";usd;Sí;gold_premium;false;N/A;N/A;http://perfil.mercadolibre.com.uy/CAR+ONE_3;active;N/A;N/A;Usado;N/A;Sí;Hidráulica;4x2;Sí;N/A;N/A;N/A;N/A;N/A;N/A;N/A;N/A;N/A;N/A;N/A;N/A;N/A;N/A;N/A;N/A;N/A;N/A;N/A;N/A;N/A;N/A;N/A;N/A;"2620 mm";"1.6 L";"41 L";6;N/A;N/A;Sí;Sí;N/A;N/A;N/A;N/A;N/A;N/A;N/A;N/A;N/A;N/A;N/A;N/A;N/A;N/A;N/A;N/A;N/A;N/A;N/A;N/A;N/A;Sí;N/A;N/A;N/A;N/A;N/A;N/A;N/A;Sí;Sí;Sí;N/A;N/A;N/A;N/A;N/A;N/A;N/A;N/A;N/A;"1590 mm";"4295 mm";N/A;N/A;N/A;N/A;5;"118 hp";Advance;N/A;4;"1760 mm";N/A;N/A;N/A;N/A;N/A;N/A;N/A;N/A;N/A;N/A;N/A;N/A;N/A;N/A;N/A;N/A;N/A;"Lunes a Domingos de 10 a 20 hs";5;1.6;Nafta;Automática;SUV;"Autos y camionetas";N/A;N/A;N/A;N/A;N/A;N/A;UY;N/A;Sí;N/A;N/A;N/A;N/A;N/A;N/A;N/A;N/A;N/A;N/A;N/A;N/A;N/A;N/A;N/A;N/A;N/A;N/A;N/A;N/A;N/A;N/A;N/A;N/A;N/A;N/A;N/A;N/A;N/A;N/A;N/A;N/A;N/A;N/A;N/A;N/A;N/A;N/A;N/A;N/A;N/A;N/A;N/A;N/A;N/A;N/A;N/A;N/A;N/A;N/A;N/A;N/A;N/A;N/A;N/A;N/A;N/A;N/A;N/A;N/A;N/A;N/A;N/A;N/A;N/A;N/A;N/A;N/A;N/A;N/A;N/A;N/A;N/A;N/A;N/A;N/A;N/A;N/A;N/A;N/A;N/A;N/A;N/A;N/A;N/A;N/A;No;Sí;N/A;Sí;N/A;Sí;N/A;N/A;N/A;N/A;Sí;N/A;N/A;N/A;N/A;N/A;N/A;Sí;N/A;Sí;N/A;N/A;N/A;N/A;Sí;N/A;Sí
Nissan;Kicks;"ADVANCE 1.6";2020;"93000 km";;"CAR ONE_3";20800;;;;;"Ciudad de la Costa";https://auto.mercadolibre.com.uy/MLU-647843570-nissan-kicks-advance-16-_JM;N/A;;"Nissan Kicks Advance 1.6 ";usd;Sí;gold_premium;false;N/A;N/A;http://perfil.mercadolibre.com.uy/CAR+ONE_3;active;N/A;N/A;Usado;N/A;No;Hidráulica;4x2;Sí;N/A;N/A;N/A;N/A;N/A;N/A;N/A;N/A;N/A;N/A;N/A;N/A;N/A;N/A;N/A;N/A;N/A;N/A;N/A;N/A;N/A;N/A;N/A;N/A;"2620 mm";"1.6 L";"41 L";5;N/A;N/A;Sí;Sí;N/A;N/A;N/A;N/A;N/A;N/A;N/A;N/A;N/A;N/A;N/A;N/A;N/A;N/A;N/A;N/A;N/A;N/A;N/A;N/A;N/A;Sí;N/A;N/A;N/A;N/A;N/A;N/A;N/A;Sí;Sí;N/A;N/A;N/A;N/A;N/A;N/A;N/A;N/A;N/A;N/A;"1590 mm";"4295 mm";N/A;N/A;N/A;N/A;5;"118 hp";Advance;N/A;4;"1760 mm";N/A;N/A;N/A;N/A;N/A;N/A;N/A;N/A;N/A;N/A;N/A;N/A;N/A;N/A;N/A;N/A;N/A;"Lunes a Domingos de 10 a 20 hs";5;1.6;Nafta;Manual;SUV;"Autos y camionetas";N/A;N/A;N/A;N/A;N/A;N/A;UY;N/A;Sí;N/A;N/A;N/A;N/A;N/A;N/A;N/A;N/A;N/A;N/A;N/A;N/A;N/A;N/A;N/A;N/A;N/A;N/A;N/A;N/A;N/A;N/A;N/A;N/A;N/A;N/A;N/A;N/A;N/A;N/A;N/A;N/A;N/A;N/A;N/A;N/A;N/A;N/A;N/A;N/A;N/A;N/A;N/A;N/A;N/A;N/A;N/A;N/A;N/A;N/A;N/A;N/A;N/A;N/A;N/A;N/A;N/A;N/A;N/A;N/A;N/A;N/A;N/A;N/A;N/A;N/A;N/A;N/A;N/A;N/A;N/A;N/A;N/A;N/A;N/A;N/A;N/A;N/A;N/A;N/A;N/A;N/A;N/A;N/A;N/A;N/A;No;Sí;N/A;N/A;N/A;Sí;N/A;N/A;N/A;N/A;Sí;N/A;N/A;N/A;N/A;N/A;N/A;Sí;N/A;Sí;N/A;N/A;N/A;N/A;Sí;N/A;Sí
Nissan;Kicks;"1.6 Advance At";2023;"0 km";;"VIDESOL S.A.";31990;;;;;"Colonia del Sacramento";https://auto.mercadolibre.com.uy/MLU-645932538-nissan-kicks-2023-16-advance-at-_JM;N/A;;"Nissan Kicks 2023 1.6 Advance At  ";usd;Sí;gold_premium;false;N/A;N/A;http://perfil.mercadolibre.com.uy/VIDESOL+S.A.;active;N/A;N/A;Nuevo;N/A;N/A;Hidráulica;Delantera;Sí;N/A;N/A;N/A;N/A;N/A;N/A;N/A;N/A;N/A;N/A;N/A;N/A;N/A;N/A;N/A;N/A;N/A;N/A;N/A;N/A;N/A;N/A;N/A;N/A;"2620 mm";"1.6 L";"50 L";N/A;N/A;N/A;N/A;N/A;N/A;N/A;N/A;N/A;N/A;N/A;N/A;N/A;N/A;N/A;N/A;N/A;N/A;N/A;N/A;N/A;N/A;N/A;N/A;N/A;N/A;N/A;N/A;N/A;N/A;N/A;N/A;N/A;N/A;Sí;Sí;Sí;N/A;N/A;N/A;N/A;N/A;N/A;N/A;N/A;N/A;"1590 mm";"4295 mm";N/A;N/A;N/A;N/A;5;"118 hp";Advance;N/A;4;"1760 mm";N/A;N/A;N/A;N/A;N/A;N/A;N/A;N/A;N/A;N/A;N/A;N/A;N/A;N/A;N/A;N/A;N/A;N/A;5;1.6;Nafta;Automática;N/A;"Autos y camionetas";N/A;N/A;N/A;N/A;N/A;N/A;UY;N/A;N/A;N/A;N/A;N/A;N/A;N/A;N/A;N/A;N/A;N/A;N/A;N/A;N/A;N/A;N/A;N/A;N/A;N/A;N/A;N/A;N/A;N/A;N/A;N/A;N/A;N/A;N/A;N/A;N/A;N/A;N/A;N/A;N/A;N/A;N/A;N/A;N/A;N/A;N/A;N/A;N/A;N/A;N/A;N/A;N/A;N/A;N/A;N/A;N/A;N/A;N/A;N/A;N/A;N/A;N/A;N/A;N/A;N/A;N/A;N/A;N/A;N/A;N/A;N/A;N/A;N/A;N/A;N/A;N/A;N/A;N/A;N/A;N/A;N/A;N/A;N/A;N/A;N/A;N/A;N/A;N/A;N/A;N/A;N/A;N/A;N/A;N/A;N/A;Sí;N/A;Sí;N/A;N/A;N/A;N/A;N/A;N/A;Sí;N/A;N/A;N/A;N/A;N/A;N/A;Sí;N/A;Sí;N/A;N/A;N/A;N/A;Sí;N/A;Sí
Nissan;Versa;"1.6 Advance";2023;"0 km";;"VIDESOL S.A.";28490;;;;;"Colonia del Sacramento";https://auto.mercadolibre.com.uy/MLU-645811556-nissan-versa-new-advance-cvt-16-_JM;N/A;;"Nissan Versa New Advance Cvt 1.6";usd;Sí;gold_premium;false;N/A;N/A;http://perfil.mercadolibre.com.uy/VIDESOL+S.A.;active;N/A;N/A;Nuevo;N/A;N/A;Hidráulica;Delantera;Sí;N/A;N/A;N/A;N/A;N/A;N/A;N/A;N/A;N/A;N/A;N/A;N/A;N/A;N/A;N/A;N/A;N/A;N/A;N/A;N/A;N/A;N/A;N/A;N/A;"2600 mm";"1.6 L";"41 L";5;N/A;N/A;N/A;N/A;N/A;N/A;N/A;N/A;N/A;N/A;N/A;N/A;N/A;N/A;N/A;N/A;N/A;N/A;N/A;N/A;N/A;N/A;N/A;N/A;N/A;N/A;N/A;N/A;N/A;N/A;N/A;N/A;N/A;Sí;Sí;N/A;N/A;N/A;N/A;N/A;N/A;N/A;N/A;N/A;N/A;"1506 mm";"4492 mm";N/A;N/A;N/A;N/A;5;"106 hp";Advance;N/A;4;"1695 mm";N/A;N/A;N/A;N/A;N/A;N/A;N/A;Sí;N/A;N/A;N/A;N/A;N/A;N/A;N/A;N/A;N/A;N/A;4;1.6;Nafta;Manual;Sedán;"Autos y camionetas";N/A;N/A;N/A;N/A;N/A;N/A;UY;N/A;N/A;N/A;N/A;N/A;N/A;N/A;N/A;N/A;N/A;N/A;N/A;N/A;N/A;N/A;N/A;N/A;N/A;N/A;N/A;N/A;N/A;N/A;N/A;N/A;N/A;N/A;N/A;N/A;N/A;N/A;N/A;N/A;N/A;N/A;N/A;N/A;N/A;N/A;N/A;N/A;N/A;N/A;N/A;N/A;N/A;N/A;N/A;N/A;N/A;N/A;N/A;N/A;N/A;N/A;N/A;N/A;N/A;N/A;N/A;N/A;N/A;N/A;N/A;N/A;N/A;N/A;N/A;N/A;N/A;N/A;N/A;N/A;N/A;N/A;N/A;N/A;N/A;N/A;N/A;N/A;N/A;N/A;N/A;N/A;N/A;N/A;N/A;N/A;Sí;N/A;Sí;N/A;N/A;N/A;N/A;Sí;N/A;Sí;N/A;N/A;N/A;N/A;N/A;N/A;Sí;N/A;Sí;N/A;N/A;N/A;N/A;Sí;N/A;N/A
Nissan;"SENTRA B18";"2.0 EXCLUSIVE AT";2021;"60000 km";;"CAR ONE_6";31800;;;;;Carrasco;https://auto.mercadolibre.com.uy/MLU-645173098-nissan-sentra-b18-20-exclusive-at-_JM;N/A;;"Nissan Sentra B18 2.0 Exclusive At";usd;Sí;gold_premium;false;N/A;N/A;http://perfil.mercadolibre.com.uy/CAR+ONE_6;active;N/A;N/A;Usado;N/A;No;Hidráulica;4x2;Sí;N/A;N/A;N/A;N/A;N/A;N/A;N/A;Sí;N/A;N/A;N/A;N/A;N/A;N/A;N/A;N/A;N/A;N/A;N/A;N/A;N/A;N/A;N/A;N/A;"2700 mm";"1.8 L";"47 L";8;N/A;N/A;Sí;Sí;N/A;N/A;N/A;N/A;N/A;N/A;N/A;N/A;N/A;N/A;N/A;N/A;N/A;N/A;N/A;N/A;N/A;N/A;N/A;N/A;N/A;Sí;N/A;N/A;N/A;N/A;N/A;N/A;N/A;Sí;Sí;N/A;N/A;Sí;N/A;N/A;N/A;N/A;N/A;N/A;N/A;"1509 mm";"4636 mm";N/A;N/A;N/A;N/A;5;"145 hp";Exclusive;N/A;4;"1761 mm";N/A;N/A;N/A;N/A;N/A;N/A;N/A;Sí;N/A;Sí;N/A;N/A;N/A;N/A;N/A;N/A;N/A;"Lunes a Domingos de 10 a 20 hs";4;1.8;Nafta;Automática;Sedán;"Autos y camionetas";N/A;N/A;N/A;N/A;N/A;N/A;UY;N/A;Sí;N/A;N/A;N/A;N/A;N/A;N/A;N/A;N/A;N/A;N/A;N/A;N/A;N/A;N/A;N/A;N/A;N/A;N/A;N/A;N/A;N/A;N/A;N/A;N/A;N/A;N/A;N/A;N/A;N/A;N/A;N/A;N/A;N/A;N/A;N/A;N/A;N/A;N/A;N/A;N/A;N/A;N/A;N/A;N/A;N/A;N/A;N/A;N/A;N/A;N/A;N/A;N/A;N/A;N/A;N/A;N/A;N/A;N/A;N/A;N/A;N/A;N/A;N/A;N/A;N/A;N/A;N/A;N/A;N/A;N/A;N/A;N/A;N/A;N/A;N/A;N/A;N/A;N/A;N/A;N/A;N/A;N/A;N/A;N/A;N/A;N/A;No;Sí;N/A;Sí;N/A;Sí;N/A;N/A;Sí;N/A;Sí;N/A;N/A;N/A;N/A;N/A;N/A;N/A;N/A;Sí;N/A;N/A;N/A;N/A;Sí;N/A;Sí
Nissan;Kicks;"ADVANCE 1.6 AT";2017;"116000 km";;"CAR ONE_1";20300;;;;;"Ciudad de la Costa";https://auto.mercadolibre.com.uy/MLU-644771216-nissan-kicks-advance-16-at-_JM;N/A;;"Nissan Kicks Advance 1.6 At";usd;Sí;gold_premium;false;N/A;N/A;http://perfil.mercadolibre.com.uy/CAR+ONE_1;active;N/A;N/A;Usado;N/A;No;Hidráulica;4x2;Sí;N/A;N/A;N/A;N/A;N/A;N/A;N/A;N/A;N/A;N/A;N/A;N/A;N/A;N/A;N/A;N/A;N/A;N/A;N/A;N/A;N/A;N/A;N/A;N/A;"2620 mm";"1.6 L";"41 L";6;N/A;N/A;Sí;Sí;N/A;N/A;N/A;N/A;N/A;N/A;N/A;N/A;N/A;N/A;N/A;N/A;N/A;N/A;N/A;N/A;N/A;N/A;N/A;N/A;N/A;Sí;N/A;N/A;N/A;N/A;N/A;N/A;N/A;Sí;Sí;Sí;N/A;N/A;N/A;N/A;N/A;N/A;N/A;N/A;N/A;"1590 mm";"4295 mm";N/A;N/A;N/A;N/A;5;"118 hp";Advance;N/A;4;"1760 mm";N/A;N/A;N/A;N/A;N/A;N/A;N/A;N/A;N/A;N/A;N/A;N/A;N/A;N/A;N/A;N/A;N/A;"Lunes a Domingos de 10 a 20 hs";5;1.6;Nafta;Automática;SUV;"Autos y camionetas";N/A;N/A;N/A;N/A;N/A;N/A;UY;N/A;Sí;N/A;N/A;N/A;N/A;N/A;N/A;N/A;N/A;N/A;N/A;N/A;N/A;N/A;N/A;N/A;N/A;N/A;N/A;N/A;N/A;N/A;N/A;N/A;N/A;N/A;N/A;N/A;N/A;N/A;N/A;N/A;N/A;N/A;N/A;N/A;N/A;N/A;N/A;N/A;N/A;N/A;N/A;N/A;N/A;N/A;N/A;N/A;N/A;N/A;N/A;N/A;N/A;N/A;N/A;N/A;N/A;N/A;N/A;N/A;N/A;N/A;N/A;N/A;N/A;N/A;N/A;N/A;N/A;N/A;N/A;N/A;N/A;N/A;N/A;N/A;N/A;N/A;N/A;N/A;N/A;N/A;N/A;N/A;N/A;N/A;N/A;No;Sí;N/A;Sí;N/A;Sí;N/A;N/A;N/A;N/A;Sí;N/A;N/A;N/A;N/A;N/A;N/A;Sí;N/A;Sí;N/A;N/A;N/A;N/A;Sí;N/A;Sí
Nissan;"SENTRA B18";"2.0 Sr At";2020;"59000 km";;"CAR ONE_4";31300;;;;;"Ciudad de la Costa";https://auto.mercadolibre.com.uy/MLU-640525754-nissan-sentra-b18-20-sr-at-_JM;N/A;;"Nissan Sentra B18 2.0 Sr At";USD;Sí;gold_premium;false;N/A;N/A;http://perfil.mercadolibre.com.uy/CAR+ONE_4;active;N/A;N/A;Usado;N/A;Sí;N/A;4x2;N/A;N/A;N/A;N/A;N/A;N/A;N/A;N/A;N/A;N/A;N/A;N/A;N/A;N/A;N/A;N/A;N/A;N/A;N/A;N/A;N/A;N/A;N/A;N/A;N/A;N/A;N/A;"47 L";8;N/A;N/A;Sí;Sí;N/A;N/A;N/A;N/A;N/A;N/A;N/A;N/A;N/A;N/A;N/A;N/A;N/A;N/A;N/A;N/A;N/A;N/A;N/A;N/A;N/A;Sí;N/A;N/A;N/A;N/A;N/A;N/A;N/A;N/A;N/A;N/A;N/A;N/A;N/A;N/A;N/A;N/A;N/A;N/A;N/A;N/A;N/A;N/A;N/A;N/A;N/A;5;"145 hp";N/A;N/A;N/A;N/A;N/A;N/A;N/A;N/A;N/A;N/A;N/A;N/A;N/A;N/A;N/A;N/A;N/A;N/A;N/A;N/A;N/A;"Lunes a Domingos de 10 a 20 hs";4;N/A;Nafta;Automática;Sedán;"Autos y camionetas";N/A;N/A;N/A;N/A;N/A;N/A;N/A;N/A;Sí;N/A;N/A;N/A;N/A;N/A;N/A;N/A;N/A;N/A;N/A;N/A;N/A;N/A;N/A;N/A;N/A;N/A;N/A;N/A;N/A;N/A;N/A;N/A;N/A;N/A;N/A;N/A;N/A;N/A;N/A;N/A;N/A;N/A;N/A;N/A;N/A;N/A;N/A;N/A;N/A;N/A;N/A;N/A;N/A;N/A;N/A;N/A;N/A;N/A;N/A;N/A;N/A;N/A;N/A;N/A;N/A;N/A;N/A;N/A;N/A;N/A;N/A;N/A;N/A;N/A;N/A;N/A;N/A;N/A;N/A;N/A;N/A;N/A;N/A;N/A;N/A;N/A;N/A;N/A;N/A;N/A;N/A;N/A;N/A;N/A;N/A;No;Sí;N/A;N/A;N/A;Sí;N/A;N/A;N/A;N/A;Sí;N/A;N/A;N/A;N/A;N/A;N/A;N/A;N/A;N/A;N/A;N/A;N/A;N/A;N/A;N/A;N/A
Nissan;"NP300 Frontier";"2.5 Xe Tdsl 188hp D.cab.";2023;"0 km";;MOREIRAAUTOMOVILES;48188;;;;;Pando;https://auto.mercadolibre.com.uy/MLU-639071254-nissan-np300-frontier-2023-25-xe-tdsl-188hp-dcab-_JM;N/A;;"Nissan Np300 Frontier 2023 2.5 Xe Tdsl 188hp D.cab.";usd;Sí;gold_premium;false;N/A;N/A;http://perfil.mercadolibre.com.uy/MOREIRAAUTOMOVILES;active;N/A;N/A;Nuevo;N/A;N/A;Hidráulica;4x2;Sí;N/A;N/A;N/A;N/A;N/A;N/A;N/A;Sí;N/A;N/A;Sí;Sí;N/A;N/A;N/A;N/A;N/A;N/A;N/A;N/A;N/A;N/A;N/A;N/A;"3150 mm";"2489 cc";"80 L";6;N/A;N/A;N/A;N/A;N/A;N/A;N/A;N/A;N/A;N/A;N/A;N/A;N/A;N/A;N/A;N/A;N/A;N/A;N/A;N/A;N/A;N/A;N/A;N/A;N/A;N/A;N/A;N/A;N/A;N/A;N/A;N/A;N/A;N/A;N/A;N/A;N/A;N/A;N/A;N/A;N/A;N/A;N/A;N/A;N/A;"1860 mm";"5258 mm";N/A;N/A;N/A;N/A;N/A;"188 hp";Xe;N/A;4;"1850 mm";N/A;N/A;N/A;N/A;N/A;N/A;N/A;N/A;N/A;N/A;N/A;N/A;N/A;N/A;N/A;N/A;N/A;N/A;2;2.5;Diésel;Manual;Pick-Up;"Autos y camionetas";N/A;N/A;N/A;N/A;N/A;N/A;UY;N/A;N/A;N/A;N/A;N/A;N/A;N/A;N/A;N/A;N/A;N/A;N/A;N/A;N/A;N/A;N/A;N/A;N/A;N/A;N/A;N/A;N/A;N/A;N/A;N/A;N/A;N/A;N/A;N/A;N/A;N/A;N/A;N/A;N/A;N/A;N/A;N/A;N/A;N/A;N/A;N/A;N/A;N/A;N/A;N/A;N/A;N/A;N/A;N/A;N/A;N/A;N/A;N/A;N/A;N/A;N/A;N/A;N/A;N/A;N/A;N/A;N/A;N/A;N/A;N/A;N/A;N/A;N/A;N/A;N/A;N/A;N/A;N/A;N/A;N/A;N/A;N/A;N/A;N/A;N/A;N/A;N/A;N/A;N/A;N/A;N/A;N/A;N/A;N/A;N/A;N/A;N/A;N/A;N/A;N/A;N/A;N/A;N/A;N/A;N/A;N/A;N/A;N/A;N/A;N/A;Sí;N/A;Sí;N/A;N/A;N/A;N/A;Sí;N/A;Sí
Nissan;X-Trail;E-power;2023;"0 km";;MOREIRAAUTOMOVILES;59990;;;;;Pando;https://auto.mercadolibre.com.uy/MLU-629819779-nissan-x-trail-e-power-_JM;N/A;;"Nissan X-trail E-power";USD;Sí;gold_premium;false;N/A;N/A;http://perfil.mercadolibre.com.uy/MOREIRAAUTOMOVILES;active;N/A;N/A;Nuevo;N/A;N/A;Eléctrica;4x4;Sí;Sí;N/A;N/A;N/A;Sí;N/A;N/A;No;N/A;N/A;Sí;Sí;N/A;No;N/A;N/A;N/A;N/A;N/A;N/A;N/A;N/A;N/A;N/A;N/A;N/A;N/A;N/A;N/A;N/A;N/A;N/A;N/A;Sí;N/A;N/A;N/A;N/A;N/A;N/A;N/A;N/A;N/A;N/A;N/A;N/A;N/A;N/A;N/A;N/A;N/A;N/A;N/A;N/A;N/A;N/A;N/A;No;N/A;N/A;N/A;N/A;N/A;N/A;N/A;N/A;N/A;N/A;N/A;N/A;N/A;N/A;N/A;N/A;N/A;N/A;N/A;N/A;N/A;N/A;N/A;N/A;N/A;N/A;N/A;N/A;Sí;N/A;Sí;Sí;N/A;Sí;Sí;N/A;Sí;N/A;N/A;No;No;N/A;N/A;Sí;N/A;4;1.5;Eléctrico;Automática;SUV;"Autos y camionetas";Sí;N/A;N/A;N/A;Sí;N/A;N/A;N/A;Sí;N/A;Sí;N/A;N/A;N/A;N/A;N/A;N/A;N/A;N/A;N/A;N/A;N/A;N/A;N/A;Sí;N/A;N/A;N/A;N/A;N/A;N/A;N/A;N/A;N/A;N/A;N/A;N/A;N/A;N/A;N/A;N/A;N/A;N/A;Sí;N/A;N/A;N/A;N/A;N/A;N/A;N/A;N/A;N/A;N/A;N/A;N/A;N/A;N/A;N/A;N/A;N/A;Sí;Sí;N/A;N/A;N/A;N/A;N/A;N/A;N/A;N/A;N/A;N/A;N/A;N/A;N/A;N/A;N/A;N/A;N/A;N/A;N/A;N/A;N/A;N/A;N/A;N/A;N/A;N/A;N/A;N/A;N/A;N/A;N/A;N/A;No;Sí;No;Sí;N/A;Sí;N/A;N/A;N/A;N/A;Sí;Sí;Sí;Sí;N/A;N/A;Sí;Sí;Sí;Sí;Sí;Sí;No;No;Sí;N/A;Sí
Nissan;X-Trail;E-POWER;2023;"0 km";;OSCARPISANOAUTOMOVILES;59990;;;;;Prado;https://auto.mercadolibre.com.uy/MLU-634819940-nissan-x-trail-e-power-2023-0km-_JM;N/A;;"Nissan X-trail E-power 2023 0km";USD;Sí;gold_premium;false;N/A;N/A;http://perfil.mercadolibre.com.uy/OSCARPISANOAUTOMOVILES;active;N/A;N/A;Nuevo;Blanco;N/A;Eléctrica;N/A;N/A;Sí;Sí;N/A;N/A;N/A;Sí;Sí;N/A;N/A;Sí;N/A;Sí;N/A;N/A;N/A;N/A;N/A;N/A;N/A;N/A;N/A;N/A;N/A;N/A;N/A;N/A;N/A;N/A;N/A;N/A;Sí;Sí;Sí;N/A;Sí;N/A;N/A;N/A;N/A;N/A;N/A;N/A;N/A;N/A;N/A;N/A;N/A;N/A;N/A;N/A;N/A;Sí;N/A;Sí;N/A;N/A;N/A;N/A;N/A;N/A;N/A;N/A;N/A;N/A;Sí;N/A;N/A;N/A;N/A;N/A;Sí;N/A;N/A;N/A;N/A;N/A;N/A;N/A;N/A;N/A;"205 kW";N/A;N/A;N/A;N/A;N/A;N/A;N/A;Sí;Sí;Sí;Sí;Sí;N/A;Sí;N/A;N/A;N/A;N/A;N/A;N/A;N/A;"Lun. a Sáb. de 9:30 a 18:30 hs. Dom. de 9:30 a 13 hs";5;N/A;Eléctrico;Automática;SUV;"Autos y camionetas";No;N/A;N/A;N/A;No;N/A;N/A;No;Sí;No;No;N/A;N/A;N/A;N/A;N/A;N/A;N/A;N/A;N/A;N/A;N/A;N/A;N/A;N/A;N/A;N/A;N/A;N/A;N/A;N/A;N/A;N/A;N/A;N/A;N/A;N/A;N/A;N/A;N/A;N/A;N/A;N/A;Sí;N/A;N/A;N/A;N/A;N/A;N/A;N/A;N/A;N/A;N/A;N/A;N/A;N/A;N/A;N/A;N/A;N/A;Sí;No;N/A;N/A;N/A;N/A;N/A;N/A;N/A;N/A;N/A;N/A;N/A;N/A;N/A;N/A;N/A;N/A;N/A;N/A;N/A;N/A;N/A;N/A;N/A;N/A;N/A;N/A;N/A;N/A;N/A;N/A;N/A;N/A;N/A;Sí;Sí;Sí;Sí;Sí;Sí;Sí;N/A;N/A;Sí;N/A;N/A;N/A;N/A;Sí;Sí;N/A;N/A;Sí;N/A;Sí;N/A;N/A;Sí;N/A;Sí
Nissan;X-Trail;"E-Power Advance 1.5";2023;"0 km";;"VIDESOL S.A.";59990;;;;;"Colonia del Sacramento";https://auto.mercadolibre.com.uy/MLU-634701982-nissan-x-trail-e-power-advance-15-e-4orce-_JM;N/A;;"Nissan X-trail E-power Advance 1.5 E-4orce";USD;Sí;gold_premium;false;N/A;N/A;http://perfil.mercadolibre.com.uy/VIDESOL+S.A.;active;N/A;N/A;Nuevo;Negro;N/A;Asistida;Integral;Sí;Sí;N/A;N/A;N/A;Sí;N/A;N/A;N/A;N/A;N/A;Sí;Sí;N/A;Sí;N/A;N/A;N/A;N/A;N/A;N/A;N/A;N/A;N/A;N/A;N/A;N/A;N/A;N/A;N/A;N/A;N/A;N/A;N/A;Sí;N/A;N/A;N/A;N/A;N/A;N/A;N/A;N/A;N/A;N/A;N/A;N/A;N/A;N/A;N/A;N/A;N/A;N/A;N/A;N/A;N/A;N/A;N/A;N/A;N/A;N/A;N/A;N/A;N/A;N/A;N/A;N/A;N/A;N/A;N/A;N/A;N/A;N/A;N/A;N/A;N/A;N/A;N/A;N/A;N/A;N/A;N/A;N/A;N/A;N/A;N/A;N/A;Sí;N/A;Sí;Sí;N/A;Sí;Sí;N/A;Sí;N/A;N/A;N/A;Sí;N/A;N/A;Sí;N/A;5;"1.5 Turbo";Nafta/GNC;Automática;SUV;"Autos y camionetas";Sí;N/A;N/A;N/A;Sí;N/A;N/A;N/A;Sí;N/A;Sí;N/A;N/A;N/A;N/A;N/A;N/A;N/A;N/A;N/A;N/A;N/A;N/A;N/A;Sí;N/A;N/A;N/A;N/A;N/A;N/A;N/A;N/A;N/A;N/A;N/A;N/A;N/A;N/A;N/A;N/A;N/A;N/A;Sí;N/A;N/A;N/A;N/A;N/A;N/A;N/A;N/A;N/A;N/A;N/A;N/A;N/A;N/A;N/A;N/A;N/A;Sí;Sí;N/A;N/A;N/A;N/A;N/A;N/A;N/A;N/A;N/A;N/A;N/A;N/A;N/A;N/A;N/A;N/A;N/A;N/A;N/A;N/A;N/A;N/A;N/A;N/A;N/A;N/A;N/A;N/A;N/A;N/A;N/A;N/A;N/A;Sí;Sí;Sí;N/A;Sí;N/A;N/A;N/A;N/A;Sí;Sí;Sí;Sí;N/A;N/A;Sí;Sí;Sí;Sí;N/A;Sí;N/A;N/A;N/A;N/A;Sí
Nissan;Sentra;"B18 EXCLUSIVE";2023;"0 km";;OSCARPISANOAUTOMOVILES;37990;;;;;Prado;https://auto.mercadolibre.com.uy/MLU-633687902-nissan-sentra-b18-exclusive-20-2023-0km-_JM;N/A;;"Nissan Sentra B18 Exclusive 2.0 2023 0km";USD;Sí;gold_premium;false;N/A;N/A;http://perfil.mercadolibre.com.uy/OSCARPISANOAUTOMOVILES;active;N/A;N/A;Nuevo;Naranja;N/A;Eléctrica;N/A;No;Sí;Sí;Sí;Sí;No;Sí;Sí;Sí;Sí;Sí;Sí;Sí;No;Sí;N/A;N/A;N/A;N/A;N/A;N/A;N/A;N/A;N/A;N/A;N/A;"2000 cc";N/A;N/A;N/A;No;Sí;Sí;No;No;Sí;No;No;No;No;No;No;No;No;No;No;No;No;No;No;Sí;No;Sí;No;No;No;Sí;N/A;No;N/A;No;No;No;No;No;Sí;No;No;No;No;No;Sí;N/A;No;N/A;N/A;N/A;N/A;N/A;N/A;N/A;"145 hp";Exclusive;N/A;N/A;N/A;"11 km/l";No;No;Sí;Sí;Sí;Sí;Sí;Sí;Sí;No;"14 km/l";No;No;No;No;No;"Lun. a Sáb. de 9:30 a 18:30 hs. Dom. de 9:30 a 13 hs";5;2.0;Nafta;"Automática secuencial";Sedán;"Autos y camionetas";No;N/A;N/A;N/A;No;N/A;N/A;No;Sí;No;No;N/A;N/A;N/A;N/A;N/A;N/A;N/A;N/A;N/A;N/A;No;N/A;N/A;No;N/A;N/A;N/A;N/A;N/A;N/A;N/A;N/A;N/A;N/A;No;N/A;N/A;N/A;N/A;N/A;N/A;N/A;Sí;N/A;N/A;N/A;N/A;N/A;N/A;N/A;N/A;N/A;No;N/A;N/A;N/A;No;No;N/A;N/A;Sí;No;No;No;N/A;N/A;N/A;N/A;N/A;No;N/A;N/A;N/A;N/A;N/A;N/A;N/A;N/A;N/A;N/A;N/A;No;N/A;N/A;N/A;N/A;N/A;N/A;N/A;N/A;No;No;N/A;N/A;No;Sí;Sí;Sí;Sí;Sí;Sí;No;No;Sí;Sí;Sí;Sí;No;No;Sí;Sí;Sí;No;Sí;Sí;Sí;No;No;Sí;Sí;Sí
Nissan;Versa;"1.6 Exclusive At";2023;"0 km";;MOREIRAAUTOMOVILES;30490;;;;;Pando;https://auto.mercadolibre.com.uy/MLU-629196627-nissan-versa-2023-16-exclusive-at-_JM;N/A;;"Nissan Versa 2023 1.6 Exclusive At";usd;Sí;gold_premium;false;N/A;N/A;http://perfil.mercadolibre.com.uy/MOREIRAAUTOMOVILES;active;N/A;N/A;Nuevo;N/A;N/A;Hidráulica;Delantera;Sí;N/A;N/A;N/A;Sí;N/A;N/A;N/A;Sí;N/A;N/A;N/A;Sí;N/A;N/A;N/A;N/A;N/A;N/A;N/A;N/A;N/A;N/A;N/A;N/A;"2600 mm";"1598 cc";"41 L";4;N/A;N/A;N/A;N/A;N/A;N/A;N/A;N/A;N/A;N/A;N/A;N/A;N/A;N/A;N/A;N/A;N/A;N/A;N/A;N/A;N/A;N/A;N/A;N/A;N/A;Sí;N/A;N/A;N/A;N/A;N/A;N/A;N/A;N/A;N/A;N/A;N/A;N/A;N/A;N/A;N/A;N/A;N/A;N/A;N/A;"1506 mm";"4465 mm";N/A;N/A;N/A;N/A;5;"106 hp";Exclusive;N/A;4;"1695 mm";N/A;N/A;N/A;N/A;N/A;N/A;N/A;Sí;N/A;N/A;N/A;N/A;N/A;N/A;N/A;N/A;N/A;N/A;4;1.6;Nafta;Automática;Sedán;"Autos y camionetas";N/A;N/A;N/A;N/A;N/A;N/A;UY;N/A;N/A;N/A;N/A;N/A;N/A;N/A;N/A;N/A;N/A;N/A;N/A;N/A;N/A;N/A;N/A;N/A;N/A;N/A;N/A;N/A;N/A;N/A;N/A;N/A;N/A;N/A;N/A;N/A;N/A;N/A;N/A;N/A;N/A;N/A;N/A;N/A;N/A;N/A;N/A;N/A;N/A;N/A;N/A;N/A;N/A;N/A;N/A;N/A;N/A;N/A;N/A;N/A;N/A;N/A;N/A;N/A;N/A;N/A;N/A;N/A;N/A;N/A;N/A;N/A;N/A;N/A;N/A;N/A;N/A;N/A;N/A;N/A;N/A;N/A;N/A;N/A;N/A;N/A;N/A;N/A;N/A;N/A;N/A;N/A;N/A;N/A;N/A;N/A;Sí;N/A;Sí;N/A;N/A;N/A;N/A;Sí;N/A;Sí;N/A;N/A;N/A;N/A;N/A;N/A;Sí;N/A;Sí;N/A;N/A;N/A;N/A;Sí;N/A;N/A
Nissan;Versa;"1.6 Advance";2023;"0 km";;MOREIRAAUTOMOVILES;27490;;;;;Pando;https://auto.mercadolibre.com.uy/MLU-628858618-nissan-versa-advance-fase-il-2024-_JM;N/A;;"Nissan Versa Advance Fase Il 2024";usd;Sí;gold_premium;false;N/A;N/A;http://perfil.mercadolibre.com.uy/MOREIRAAUTOMOVILES;active;N/A;N/A;Nuevo;N/A;N/A;Hidráulica;Delantera;Sí;N/A;N/A;N/A;N/A;N/A;N/A;N/A;N/A;N/A;N/A;N/A;N/A;N/A;N/A;N/A;N/A;N/A;N/A;N/A;N/A;N/A;N/A;N/A;N/A;"2600 mm";"1.6 L";"41 L";5;N/A;N/A;N/A;N/A;N/A;N/A;N/A;N/A;N/A;N/A;N/A;N/A;N/A;N/A;N/A;N/A;N/A;N/A;N/A;N/A;N/A;N/A;N/A;N/A;N/A;N/A;N/A;N/A;N/A;N/A;N/A;N/A;N/A;Sí;Sí;N/A;N/A;N/A;N/A;N/A;N/A;N/A;N/A;N/A;N/A;"1506 mm";"4492 mm";N/A;N/A;N/A;N/A;5;"106 hp";Advance;N/A;4;"1695 mm";N/A;N/A;N/A;N/A;N/A;N/A;N/A;Sí;N/A;N/A;N/A;N/A;N/A;N/A;N/A;N/A;N/A;N/A;4;1.6;Nafta;Manual;Sedán;"Autos y camionetas";N/A;N/A;N/A;N/A;N/A;N/A;UY;N/A;N/A;N/A;N/A;N/A;N/A;N/A;N/A;N/A;N/A;N/A;N/A;N/A;N/A;N/A;N/A;N/A;N/A;N/A;N/A;N/A;N/A;N/A;N/A;N/A;N/A;N/A;N/A;N/A;N/A;N/A;N/A;N/A;N/A;N/A;N/A;N/A;N/A;N/A;N/A;N/A;N/A;N/A;N/A;N/A;N/A;N/A;N/A;N/A;N/A;N/A;N/A;N/A;N/A;N/A;N/A;N/A;N/A;N/A;N/A;N/A;N/A;N/A;N/A;N/A;N/A;N/A;N/A;N/A;N/A;N/A;N/A;N/A;N/A;N/A;N/A;N/A;N/A;N/A;N/A;N/A;N/A;N/A;N/A;N/A;N/A;N/A;N/A;N/A;Sí;N/A;Sí;N/A;N/A;N/A;N/A;Sí;N/A;Sí;N/A;N/A;N/A;N/A;N/A;N/A;Sí;N/A;Sí;N/A;N/A;N/A;N/A;Sí;N/A;N/A
Nissan;Frontier;"LE DIESEL 4*4";2023;"0 km";;OSCARPISANOAUTOMOVILES;66488;;;;;Prado;https://auto.mercadolibre.com.uy/MLU-635108863-nissan-frontier-le-diesel-44-25-2023-0km-_JM;N/A;;"Nissan Frontier Le Diesel 4*4 2.5 2023 0km";USD;Sí;gold_premium;false;N/A;N/A;http://perfil.mercadolibre.com.uy/OSCARPISANOAUTOMOVILES;active;N/A;N/A;Nuevo;"Gris oscuro";N/A;Eléctrica;N/A;No;Sí;Sí;Sí;Sí;No;Sí;Sí;Sí;No;Sí;Sí;Sí;No;No;N/A;N/A;N/A;N/A;N/A;N/A;N/A;N/A;N/A;N/A;N/A;"2500 cc";N/A;7;N/A;No;Sí;Sí;Sí;No;Sí;No;No;No;No;No;No;No;No;No;No;No;No;No;No;Sí;No;Sí;No;Sí;No;Sí;N/A;No;N/A;No;No;No;No;No;Sí;No;No;No;No;No;Sí;N/A;No;N/A;N/A;N/A;N/A;N/A;N/A;N/A;"188 hp";Le;N/A;N/A;N/A;"9 km/l";No;No;Sí;No;Sí;Sí;Sí;No;No;No;"11 km/l";No;No;No;Sí;No;"Lun. a Sáb. de 9:30 a 18:30 hs. Dom. de 9:30 a 13 hs";5;2.5;Diésel;Automática;Pick-Up;"Autos y camionetas";No;N/A;N/A;N/A;No;N/A;N/A;No;Sí;No;No;N/A;N/A;N/A;N/A;N/A;N/A;N/A;N/A;N/A;N/A;No;N/A;N/A;No;N/A;N/A;N/A;N/A;N/A;N/A;N/A;N/A;N/A;N/A;No;N/A;N/A;N/A;N/A;N/A;N/A;N/A;Sí;N/A;N/A;N/A;N/A;N/A;N/A;N/A;N/A;N/A;No;N/A;N/A;N/A;No;No;N/A;N/A;Sí;No;No;No;N/A;N/A;N/A;N/A;N/A;No;N/A;N/A;N/A;N/A;N/A;N/A;N/A;N/A;N/A;N/A;N/A;No;N/A;N/A;N/A;N/A;N/A;N/A;N/A;N/A;No;No;N/A;N/A;No;Sí;No;Sí;Sí;Sí;Sí;Sí;No;Sí;Sí;No;Sí;No;No;No;Sí;No;No;Sí;Sí;Sí;No;No;No;No;Sí
Nissan;Frontier;PRO4EX;2023;"0 km";;OSCARPISANOAUTOMOVILES;69538;;;;;Prado;https://auto.mercadolibre.com.uy/MLU-635109109-nissan-frontier-pro4ex-25-2023-0km-_JM;N/A;;"Nissan Frontier Pro4ex 2.5 2023 0km";USD;Sí;gold_premium;false;N/A;N/A;http://perfil.mercadolibre.com.uy/OSCARPISANOAUTOMOVILES;active;N/A;N/A;Nuevo;Blanco;N/A;Eléctrica;N/A;No;No;Sí;No;No;No;Sí;Sí;Sí;Sí;Sí;Sí;Sí;No;No;N/A;N/A;N/A;N/A;N/A;N/A;N/A;N/A;N/A;N/A;N/A;"2500 cc";N/A;7;N/A;No;Sí;Sí;Sí;No;No;No;No;No;No;No;No;No;No;No;No;No;No;No;No;No;No;Sí;No;Sí;No;Sí;N/A;No;N/A;No;No;No;No;No;No;No;No;No;No;No;Sí;N/A;No;N/A;N/A;N/A;N/A;N/A;N/A;N/A;"189 hp";N/A;N/A;N/A;N/A;"10 km/l";No;No;Sí;Sí;Sí;Sí;Sí;No;No;No;"12 km/l";No;No;No;Sí;No;"Lun. a Sáb. de 9:30 a 18:30 hs. Dom. de 9:30 a 13 hs";5;2.5;Diésel;Automática;Pick-Up;"Autos y camionetas";No;N/A;N/A;N/A;No;N/A;N/A;No;Sí;No;No;N/A;N/A;N/A;N/A;N/A;N/A;N/A;N/A;N/A;N/A;No;N/A;N/A;No;N/A;N/A;N/A;N/A;N/A;N/A;N/A;N/A;N/A;N/A;No;N/A;N/A;N/A;N/A;N/A;N/A;N/A;Sí;N/A;N/A;N/A;N/A;N/A;N/A;N/A;N/A;N/A;No;N/A;N/A;N/A;No;No;N/A;N/A;Sí;No;No;No;N/A;N/A;N/A;N/A;N/A;No;N/A;N/A;N/A;N/A;N/A;N/A;N/A;N/A;N/A;N/A;N/A;No;N/A;N/A;N/A;N/A;N/A;N/A;N/A;N/A;No;No;N/A;N/A;No;Sí;Sí;No;Sí;Sí;Sí;Sí;No;Sí;Sí;No;Sí;No;No;Sí;Sí;No;No;Sí;Sí;Sí;No;No;Sí;No;Sí
Nissan;Kicks;"NEW KICKS ADVANCE CVT";2023;"0 km";;OSCARPISANOAUTOMOVILES;31990;;;;;Prado;https://auto.mercadolibre.com.uy/MLU-635134835-nissan-kicks-new-kicks-advance-cvt-16-2023-0km-_JM;N/A;;"Nissan Kicks New Kicks Advance Cvt 1.6 2023 0km";usd;Sí;gold_premium;false;N/A;N/A;http://perfil.mercadolibre.com.uy/OSCARPISANOAUTOMOVILES;active;N/A;N/A;Nuevo;Plateado;N/A;Eléctrica;N/A;Sí;N/A;Sí;N/A;N/A;N/A;Sí;Sí;N/A;N/A;Sí;Sí;Sí;N/A;Sí;N/A;N/A;N/A;N/A;N/A;N/A;N/A;N/A;N/A;N/A;N/A;"1600 cc";N/A;N/A;N/A;N/A;Sí;Sí;Sí;N/A;N/A;N/A;N/A;N/A;N/A;N/A;N/A;N/A;N/A;N/A;N/A;N/A;N/A;N/A;N/A;N/A;N/A;Sí;N/A;Sí;N/A;Sí;N/A;N/A;N/A;N/A;N/A;N/A;N/A;N/A;Sí;N/A;N/A;N/A;N/A;N/A;N/A;N/A;N/A;N/A;N/A;N/A;N/A;N/A;N/A;N/A;"118 hp";Advance;N/A;N/A;N/A;"12 km/l";N/A;N/A;N/A;N/A;Sí;Sí;Sí;Sí;N/A;Sí;"14 km/l";N/A;N/A;N/A;N/A;Sí;"Lun. a Sáb. de 9:30 a 18:30 hs. Dom. de 9:30 a 13 hs";5;1.6;Nafta;Automática;SUV;"Autos y camionetas";No;N/A;N/A;N/A;No;N/A;UY;No;Sí;No;No;N/A;N/A;N/A;N/A;N/A;N/A;N/A;N/A;N/A;N/A;N/A;N/A;N/A;N/A;N/A;N/A;N/A;N/A;N/A;N/A;N/A;N/A;N/A;N/A;N/A;N/A;N/A;N/A;N/A;N/A;N/A;N/A;Sí;N/A;N/A;N/A;N/A;N/A;N/A;N/A;N/A;N/A;N/A;N/A;N/A;N/A;N/A;N/A;N/A;N/A;Sí;No;N/A;N/A;N/A;N/A;N/A;N/A;N/A;N/A;N/A;N/A;N/A;N/A;N/A;N/A;N/A;N/A;N/A;N/A;N/A;N/A;N/A;N/A;N/A;N/A;N/A;N/A;N/A;N/A;N/A;N/A;N/A;N/A;N/A;Sí;Sí;Sí;Sí;Sí;Sí;Sí;N/A;Sí;Sí;N/A;N/A;N/A;N/A;Sí;Sí;N/A;N/A;N/A;N/A;Sí;N/A;N/A;Sí;N/A;Sí
Nissan;Versa;Sense;2023;"0 km";;OSCARPISANOAUTOMOVILES;25990;;;;;Prado;https://auto.mercadolibre.com.uy/MLU-635096301-nissan-versa-sense-16-2023-0km-_JM;N/A;;"Nissan Versa Sense 1.6 2023 0km";USD;Sí;gold_premium;false;N/A;N/A;http://perfil.mercadolibre.com.uy/OSCARPISANOAUTOMOVILES;active;N/A;N/A;Nuevo;Blanco;N/A;Eléctrica;N/A;Sí;Sí;Sí;No;No;No;Sí;Sí;No;No;No;Sí;Sí;No;Sí;N/A;N/A;N/A;N/A;N/A;N/A;N/A;N/A;N/A;N/A;N/A;"1600 cc";N/A;5;N/A;No;Sí;Sí;No;No;No;No;No;No;No;No;No;No;No;No;No;No;No;No;No;No;No;Sí;No;Sí;No;No;N/A;No;N/A;No;No;No;No;No;Sí;No;No;No;No;No;No;N/A;No;N/A;N/A;N/A;N/A;N/A;N/A;N/A;"118 hp";Sense;N/A;N/A;N/A;"12 km/l";No;No;No;No;Sí;No;Sí;No;No;No;"16 km/l";No;No;No;No;No;"Lun. a Sáb. de 9:30 a 18:30 hs. Dom. de 9:30 a 13 hs";5;1.6;Nafta;Manual;Sedán;"Autos y camionetas";No;N/A;N/A;N/A;No;N/A;N/A;No;Sí;No;No;N/A;N/A;N/A;N/A;N/A;N/A;N/A;N/A;N/A;N/A;No;N/A;N/A;No;N/A;N/A;N/A;N/A;N/A;N/A;N/A;N/A;N/A;N/A;No;N/A;N/A;N/A;N/A;N/A;N/A;N/A;Sí;N/A;N/A;N/A;N/A;N/A;N/A;N/A;N/A;N/A;No;N/A;N/A;N/A;No;No;N/A;N/A;Sí;No;No;No;N/A;N/A;N/A;N/A;N/A;No;N/A;N/A;N/A;N/A;N/A;N/A;N/A;N/A;N/A;N/A;N/A;No;N/A;N/A;N/A;N/A;N/A;N/A;N/A;N/A;No;No;N/A;N/A;No;Sí;No;No;Sí;Sí;Sí;Sí;No;Sí;Sí;No;Sí;No;No;Sí;Sí;No;No;Sí;Sí;Sí;No;No;No;No;Sí
Nissan;Kicks;"Advance Manual";2023;"0 km";;OSCARPISANOAUTOMOVILES;30490;;;;;Prado;https://auto.mercadolibre.com.uy/MLU-635197745-nissan-kicks-advancemanual-16-2023-0km-_JM;N/A;;"Nissan Kicks Advancemanual 1.6 2023 0km";USD;Sí;gold_premium;false;N/A;N/A;http://perfil.mercadolibre.com.uy/OSCARPISANOAUTOMOVILES;active;N/A;N/A;Nuevo;Blanco;N/A;Eléctrica;N/A;Sí;No;Sí;No;No;No;Sí;Sí;No;No;Sí;Sí;Sí;No;No;N/A;N/A;N/A;N/A;N/A;N/A;N/A;N/A;N/A;N/A;N/A;"1600 cc";N/A;N/A;N/A;No;Sí;Sí;Sí;No;No;No;No;No;No;No;No;No;No;No;No;No;No;No;No;No;No;Sí;No;Sí;No;Sí;N/A;No;N/A;No;No;No;No;No;No;No;No;No;No;No;No;N/A;No;N/A;N/A;N/A;N/A;N/A;N/A;N/A;"118 hp";Advance;N/A;N/A;N/A;"12 km/l";No;No;No;No;No;Sí;Sí;Sí;No;No;"15 km/l";No;No;No;No;Sí;"Lun. a Sáb. de 9:30 a 18:30 hs. Dom. de 9:30 a 13 hs";5;1.6;Nafta;Manual;SUV;"Autos y camionetas";No;N/A;N/A;N/A;No;N/A;N/A;No;Sí;No;No;N/A;N/A;N/A;N/A;N/A;N/A;N/A;N/A;N/A;N/A;No;N/A;N/A;No;N/A;N/A;N/A;N/A;N/A;N/A;N/A;N/A;N/A;N/A;No;N/A;N/A;N/A;N/A;N/A;N/A;N/A;Sí;N/A;N/A;N/A;N/A;N/A;N/A;N/A;N/A;N/A;No;N/A;N/A;N/A;No;No;N/A;N/A;Sí;No;No;No;N/A;N/A;N/A;N/A;N/A;No;N/A;N/A;N/A;N/A;N/A;N/A;N/A;N/A;N/A;N/A;N/A;No;N/A;N/A;N/A;N/A;N/A;N/A;N/A;N/A;No;No;N/A;N/A;No;Sí;No;Sí;Sí;Sí;Sí;Sí;No;No;Sí;No;No;No;No;Sí;Sí;No;No;Sí;Sí;Sí;No;No;No;No;Sí
Nissan;Kicks;"1.6 Sense Mt";2023;"0 km";;"OSCARPISANO RENAULT-NISSAN";28990;;;;;Sayago;https://auto.mercadolibre.com.uy/MLU-635173915-nissan-kicks-16-sense-mt-16-2023-0km-_JM;N/A;;"Nissan Kicks 1.6 Sense Mt 1.6 2023 0km";USD;Sí;gold_premium;false;N/A;N/A;http://perfil.mercadolibre.com.uy/OSCARPISANO+RENAULT-NISSAN;active;No;N/A;Nuevo;"Gris oscuro";No;Eléctrica;N/A;Sí;No;Sí;No;No;No;Sí;Sí;No;No;Sí;Sí;Sí;No;No;N/A;N/A;N/A;N/A;N/A;N/A;N/A;N/A;N/A;N/A;N/A;"1598 cc";N/A;5;N/A;No;Sí;Sí;Sí;No;No;No;No;No;No;No;No;No;No;No;No;No;No;No;No;No;No;Sí;No;Sí;No;No;No;No;No;No;No;No;No;No;Sí;No;No;No;No;No;No;No;No;N/A;N/A;N/A;N/A;N/A;N/A;N/A;"118 hp";Sense;N/A;N/A;N/A;"12 km/l";No;No;No;Sí;No;No;Sí;Sí;No;No;"14 km/l";No;No;No;No;Sí;"Lun. a Sáb. de 9:30 a 18:30 hs. Dom. de 9:30 a 13 hs";5;1.6;Nafta;Manual;SUV;"Autos y camionetas";No;No;No;No;No;No;UY;No;Sí;No;No;No;No;No;No;No;No;No;No;No;No;No;No;No;No;No;No;No;No;No;No;No;N/A;No;No;No;No;No;No;No;No;No;No;Sí;No;No;No;No;No;No;No;No;No;No;No;No;No;No;No;No;No;Sí;No;No;No;No;No;No;No;No;No;No;No;No;No;No;No;No;No;No;No;No;No;No;No;No;No;No;No;No;No;No;No;No;No;No;Sí;Sí;Sí;Sí;Sí;Sí;Sí;No;No;Sí;No;Sí;No;No;Sí;Sí;Sí;No;Sí;No;No;No;No;Sí;No;Sí
Nissan;Kicks;Exclusive;2023;"0 km";;"OSCARPISANO RENAULT-NISSAN";34990;;;;;Sayago;https://auto.mercadolibre.com.uy/MLU-635096257-nissan-kicks-exclusive-16-2023-0km-_JM;N/A;;"Nissan Kicks Exclusive 1.6 2023 0km";USD;Sí;gold_premium;false;N/A;N/A;http://perfil.mercadolibre.com.uy/OSCARPISANO+RENAULT-NISSAN;active;No;N/A;Nuevo;Blanco;No;Hidráulica;N/A;No;Sí;Sí;No;Sí;No;Sí;Sí;Sí;Sí;Sí;Sí;Sí;No;Sí;N/A;N/A;N/A;N/A;N/A;N/A;N/A;N/A;N/A;N/A;N/A;"1600 cc";N/A;N/A;N/A;No;Sí;Sí;Sí;No;No;No;No;No;No;No;No;No;No;No;No;No;No;No;No;No;No;Sí;No;Sí;No;Sí;No;No;No;No;No;No;No;No;Sí;No;No;No;No;No;Sí;No;No;N/A;N/A;N/A;N/A;N/A;N/A;N/A;"118 hp";Exclusive;N/A;N/A;N/A;"12 km/l";No;No;Sí;No;Sí;Sí;Sí;Sí;No;No;"14 km/l";No;No;No;Sí;Sí;"Lun. a Sáb. de 9:30 a 18:30 hs. Dom. de 9:30 a 13 hs";5;1.6;Nafta;Automática;SUV;"Autos y camionetas";No;No;No;No;No;No;UY;No;Sí;No;No;No;No;No;No;No;No;No;No;No;No;No;No;No;No;No;No;No;No;No;No;No;N/A;No;No;No;No;No;No;No;No;No;No;Sí;No;No;No;No;No;No;No;No;No;No;No;No;No;No;No;No;No;Sí;No;No;No;No;No;No;No;No;No;No;No;No;No;No;No;No;No;No;No;No;No;No;No;No;No;No;No;No;No;No;No;No;No;No;Sí;Sí;Sí;Sí;Sí;Sí;Sí;No;Sí;Sí;No;Sí;No;No;Sí;Sí;Sí;No;Sí;Sí;Sí;No;No;No;No;Sí
Nissan;Frontier;"NEW  2.5 S TDSL DC";2022;"119520 km";;"CAR ONE_4";30900;;;;;"Ciudad de la Costa";https://auto.mercadolibre.com.uy/MLU-635422639-nissan-new-frontier-25-s-tdsl-dc-_JM;N/A;;"Nissan New Frontier 2.5 S Tdsl Dc ";USD;Sí;gold_premium;false;N/A;N/A;http://perfil.mercadolibre.com.uy/CAR+ONE_4;active;N/A;N/A;Usado;N/A;No;N/A;4x2;N/A;N/A;N/A;N/A;N/A;N/A;N/A;N/A;N/A;N/A;N/A;N/A;N/A;N/A;N/A;N/A;N/A;N/A;N/A;N/A;N/A;N/A;N/A;N/A;N/A;N/A;N/A;"80 L";6;N/A;N/A;No;No;N/A;N/A;N/A;N/A;N/A;N/A;N/A;N/A;N/A;N/A;N/A;N/A;N/A;N/A;N/A;N/A;N/A;N/A;N/A;N/A;N/A;Sí;N/A;N/A;N/A;N/A;N/A;N/A;N/A;N/A;N/A;N/A;N/A;N/A;N/A;N/A;N/A;N/A;N/A;N/A;N/A;N/A;N/A;N/A;N/A;N/A;N/A;5;"160 hp";N/A;N/A;N/A;N/A;N/A;N/A;N/A;N/A;N/A;N/A;N/A;N/A;N/A;N/A;N/A;N/A;N/A;N/A;N/A;N/A;N/A;"Lunes a Domingos de 10 a 20 hs";4;N/A;Diésel;Manual;Pick-Up;"Autos y camionetas";N/A;N/A;N/A;N/A;N/A;N/A;N/A;N/A;Sí;N/A;N/A;N/A;N/A;N/A;N/A;N/A;N/A;N/A;N/A;N/A;N/A;N/A;N/A;N/A;N/A;N/A;N/A;N/A;N/A;N/A;N/A;N/A;N/A;N/A;N/A;N/A;N/A;N/A;N/A;N/A;N/A;N/A;N/A;N/A;N/A;N/A;N/A;N/A;N/A;N/A;N/A;N/A;N/A;N/A;N/A;N/A;N/A;N/A;N/A;N/A;N/A;N/A;N/A;N/A;N/A;N/A;N/A;N/A;N/A;N/A;N/A;N/A;N/A;N/A;N/A;N/A;N/A;N/A;N/A;N/A;N/A;N/A;N/A;N/A;N/A;N/A;N/A;N/A;N/A;N/A;N/A;N/A;N/A;N/A;N/A;No;Sí;N/A;N/A;N/A;Sí;N/A;N/A;N/A;N/A;Sí;N/A;N/A;N/A;N/A;N/A;N/A;N/A;N/A;N/A;N/A;N/A;N/A;N/A;N/A;N/A;N/A
Nissan;Leaf;"TEKNA 110 KW 5P AT";2020;"30150 km";;"CAR ONE_4";30900;;;;;"Ciudad de la Costa";https://auto.mercadolibre.com.uy/MLU-635409809-nissan-leaf-tekna-110-kw-5p-at-_JM;N/A;;"Nissan Leaf Tekna 110 Kw 5p At ";USD;Sí;gold_premium;false;N/A;N/A;http://perfil.mercadolibre.com.uy/CAR+ONE_4;active;N/A;N/A;Usado;N/A;Sí;N/A;4x2;N/A;N/A;N/A;N/A;N/A;N/A;N/A;N/A;N/A;N/A;N/A;N/A;N/A;N/A;N/A;N/A;N/A;N/A;N/A;N/A;N/A;N/A;N/A;N/A;N/A;N/A;N/A;"0 L";1;N/A;N/A;Sí;Sí;N/A;N/A;N/A;N/A;N/A;N/A;N/A;N/A;N/A;N/A;N/A;N/A;N/A;N/A;N/A;N/A;N/A;N/A;N/A;N/A;N/A;Sí;N/A;N/A;N/A;N/A;N/A;N/A;N/A;N/A;N/A;N/A;N/A;N/A;N/A;N/A;N/A;N/A;N/A;N/A;N/A;N/A;N/A;N/A;N/A;N/A;N/A;5;"147 hp";N/A;N/A;N/A;N/A;N/A;N/A;N/A;N/A;N/A;N/A;N/A;N/A;N/A;N/A;N/A;N/A;N/A;N/A;N/A;N/A;N/A;"Lunes a Domingos de 10 a 20 hs";5;N/A;Eléctrico;Automática;HATCH;"Autos y camionetas";N/A;N/A;N/A;N/A;N/A;N/A;N/A;N/A;Sí;N/A;N/A;N/A;N/A;N/A;N/A;N/A;N/A;N/A;N/A;N/A;N/A;N/A;N/A;N/A;N/A;N/A;N/A;N/A;N/A;N/A;N/A;N/A;N/A;N/A;N/A;N/A;N/A;N/A;N/A;N/A;N/A;N/A;N/A;N/A;N/A;N/A;N/A;N/A;N/A;N/A;N/A;N/A;N/A;N/A;N/A;N/A;N/A;N/A;N/A;N/A;N/A;N/A;N/A;N/A;N/A;N/A;N/A;N/A;N/A;N/A;N/A;N/A;N/A;N/A;N/A;N/A;N/A;N/A;N/A;N/A;N/A;N/A;N/A;N/A;N/A;N/A;N/A;N/A;N/A;N/A;N/A;N/A;N/A;N/A;N/A;No;Sí;N/A;N/A;N/A;Sí;N/A;N/A;N/A;N/A;Sí;N/A;N/A;N/A;N/A;N/A;N/A;N/A;N/A;N/A;N/A;N/A;N/A;N/A;N/A;N/A;N/A
Nissan;Kicks;"NEW  1.6 EXCLUSIVE 5P AT";2022;"13160 km";;"CAR ONE_4";31900;;;;;"Ciudad de la Costa";https://auto.mercadolibre.com.uy/MLU-635344863-nissan-new-kicks-16-exclusive-5p-at-_JM;N/A;;"Nissan New Kicks 1.6 Exclusive 5p At";usd;Sí;gold_premium;false;N/A;N/A;http://perfil.mercadolibre.com.uy/CAR+ONE_4;active;N/A;N/A;Usado;N/A;No;Hidráulica;4x2;Sí;N/A;N/A;N/A;N/A;N/A;N/A;N/A;Sí;N/A;N/A;N/A;N/A;N/A;N/A;N/A;N/A;N/A;N/A;N/A;N/A;N/A;N/A;N/A;N/A;"2620 mm";"1.6 L";"41 L";6;N/A;N/A;Sí;Sí;N/A;N/A;N/A;N/A;N/A;N/A;N/A;N/A;N/A;N/A;N/A;N/A;N/A;N/A;N/A;N/A;N/A;N/A;N/A;N/A;N/A;Sí;N/A;N/A;N/A;N/A;N/A;N/A;N/A;Sí;Sí;N/A;N/A;Sí;N/A;N/A;N/A;N/A;N/A;N/A;N/A;"1590 mm";"4295 mm";N/A;N/A;N/A;N/A;5;"118 hp";Exclusive;N/A;4;"1760 mm";N/A;N/A;N/A;N/A;N/A;N/A;N/A;N/A;N/A;N/A;N/A;N/A;N/A;N/A;N/A;N/A;N/A;"Lunes a Domingos de 10 a 20 hs";5;1.6;Nafta;Automática;SUV;"Autos y camionetas";N/A;N/A;N/A;N/A;N/A;N/A;UY;N/A;Sí;N/A;N/A;N/A;N/A;N/A;N/A;N/A;N/A;N/A;N/A;N/A;N/A;N/A;N/A;N/A;N/A;N/A;N/A;N/A;N/A;N/A;N/A;N/A;N/A;N/A;N/A;N/A;N/A;N/A;N/A;N/A;N/A;N/A;N/A;N/A;N/A;N/A;N/A;N/A;N/A;N/A;N/A;N/A;N/A;N/A;N/A;N/A;N/A;N/A;N/A;N/A;N/A;N/A;N/A;N/A;N/A;N/A;N/A;N/A;N/A;N/A;N/A;N/A;N/A;N/A;N/A;N/A;N/A;N/A;N/A;N/A;N/A;N/A;N/A;N/A;N/A;N/A;N/A;N/A;N/A;N/A;N/A;N/A;N/A;N/A;N/A;No;Sí;N/A;Sí;N/A;Sí;N/A;N/A;N/A;N/A;Sí;N/A;N/A;N/A;N/A;N/A;Sí;Sí;N/A;Sí;N/A;N/A;N/A;N/A;Sí;N/A;Sí
Nissan;Frontier;"NEW  2.5 S TDSL DC";2021;"117590 km";;"CAR ONE_4";30900;;;;;"Ciudad de la Costa";https://auto.mercadolibre.com.uy/MLU-635448649-nissan-new-frontier-25-s-tdsl-dc-_JM;N/A;;"Nissan New Frontier 2.5 S Tdsl Dc ";USD;Sí;gold_premium;false;N/A;N/A;http://perfil.mercadolibre.com.uy/CAR+ONE_4;active;N/A;N/A;Usado;N/A;No;N/A;4x2;N/A;N/A;N/A;N/A;N/A;N/A;N/A;N/A;N/A;N/A;N/A;N/A;N/A;N/A;N/A;N/A;N/A;N/A;N/A;N/A;N/A;N/A;N/A;N/A;N/A;N/A;N/A;"80 L";6;N/A;N/A;No;No;N/A;N/A;N/A;N/A;N/A;N/A;N/A;N/A;N/A;N/A;N/A;N/A;N/A;N/A;N/A;N/A;N/A;N/A;N/A;N/A;N/A;Sí;N/A;N/A;N/A;N/A;N/A;N/A;N/A;N/A;N/A;N/A;N/A;N/A;N/A;N/A;N/A;N/A;N/A;N/A;N/A;N/A;N/A;N/A;N/A;N/A;N/A;5;"160 hp";N/A;N/A;N/A;N/A;N/A;N/A;N/A;N/A;N/A;N/A;N/A;N/A;N/A;N/A;N/A;N/A;N/A;N/A;N/A;N/A;N/A;"Lunes a Domingos de 10 a 20 hs";4;N/A;Diésel;Manual;Pick-Up;"Autos y camionetas";N/A;N/A;N/A;N/A;N/A;N/A;N/A;N/A;Sí;N/A;N/A;N/A;N/A;N/A;N/A;N/A;N/A;N/A;N/A;N/A;N/A;N/A;N/A;N/A;N/A;N/A;N/A;N/A;N/A;N/A;N/A;N/A;N/A;N/A;N/A;N/A;N/A;N/A;N/A;N/A;N/A;N/A;N/A;N/A;N/A;N/A;N/A;N/A;N/A;N/A;N/A;N/A;N/A;N/A;N/A;N/A;N/A;N/A;N/A;N/A;N/A;N/A;N/A;N/A;N/A;N/A;N/A;N/A;N/A;N/A;N/A;N/A;N/A;N/A;N/A;N/A;N/A;N/A;N/A;N/A;N/A;N/A;N/A;N/A;N/A;N/A;N/A;N/A;N/A;N/A;N/A;N/A;N/A;N/A;N/A;No;Sí;N/A;N/A;N/A;Sí;N/A;N/A;N/A;N/A;Sí;N/A;N/A;N/A;N/A;N/A;N/A;N/A;N/A;N/A;N/A;N/A;N/A;N/A;N/A;N/A;N/A
Nissan;Frontier;"NEW  2.5 S PUP TDSL";2022;"110100 km";;"CAR ONE_3";30900;;;;;"Ciudad de la Costa";https://auto.mercadolibre.com.uy/MLU-635395029-nissan-new-frontier-25-s-pup-tdsl-_JM;N/A;;"Nissan New Frontier 2.5 S Pup Tdsl ";USD;Sí;gold_premium;false;N/A;N/A;http://perfil.mercadolibre.com.uy/CAR+ONE_3;active;N/A;N/A;Usado;N/A;No;N/A;4x2;N/A;N/A;N/A;N/A;N/A;N/A;N/A;N/A;N/A;N/A;N/A;N/A;N/A;N/A;N/A;N/A;N/A;N/A;N/A;N/A;N/A;N/A;N/A;N/A;N/A;N/A;N/A;"80 L";6;N/A;N/A;No;No;N/A;N/A;N/A;N/A;N/A;N/A;N/A;N/A;N/A;N/A;N/A;N/A;N/A;N/A;N/A;N/A;N/A;N/A;N/A;N/A;N/A;Sí;N/A;N/A;N/A;N/A;N/A;N/A;N/A;N/A;N/A;N/A;N/A;N/A;N/A;N/A;N/A;N/A;N/A;N/A;N/A;N/A;N/A;N/A;N/A;N/A;N/A;3;"160 hp";N/A;N/A;N/A;N/A;N/A;N/A;N/A;N/A;N/A;N/A;N/A;N/A;N/A;N/A;N/A;N/A;N/A;N/A;N/A;N/A;N/A;"Lunes a Domingos de 10 a 20 hs";2;N/A;Diésel;Manual;Pick-Up;"Autos y camionetas";N/A;N/A;N/A;N/A;N/A;N/A;N/A;N/A;Sí;N/A;N/A;N/A;N/A;N/A;N/A;N/A;N/A;N/A;N/A;N/A;N/A;N/A;N/A;N/A;N/A;N/A;N/A;N/A;N/A;N/A;N/A;N/A;N/A;N/A;N/A;N/A;N/A;N/A;N/A;N/A;N/A;N/A;N/A;N/A;N/A;N/A;N/A;N/A;N/A;N/A;N/A;N/A;N/A;N/A;N/A;N/A;N/A;N/A;N/A;N/A;N/A;N/A;N/A;N/A;N/A;N/A;N/A;N/A;N/A;N/A;N/A;N/A;N/A;N/A;N/A;N/A;N/A;N/A;N/A;N/A;N/A;N/A;N/A;N/A;N/A;N/A;N/A;N/A;N/A;N/A;N/A;N/A;N/A;N/A;N/A;No;Sí;N/A;N/A;N/A;Sí;N/A;N/A;N/A;N/A;Sí;N/A;N/A;N/A;N/A;N/A;N/A;N/A;N/A;N/A;N/A;N/A;N/A;N/A;N/A;N/A;N/A
Nissan;Frontier;"NEW  2.5 S TDSL DC";2022;"118540 km";;"CAR ONE_3";30900;;;;;"Ciudad de la Costa";https://auto.mercadolibre.com.uy/MLU-666111960-nissan-new-frontier-25-s-tdsl-dc-_JM;N/A;;"Nissan New Frontier 2.5 S Tdsl Dc ";USD;Sí;gold_premium;false;N/A;N/A;http://perfil.mercadolibre.com.uy/CAR+ONE_3;active;N/A;N/A;Usado;N/A;No;N/A;4x2;N/A;N/A;N/A;N/A;N/A;N/A;N/A;N/A;N/A;N/A;N/A;N/A;N/A;N/A;N/A;N/A;N/A;N/A;N/A;N/A;N/A;N/A;N/A;N/A;N/A;N/A;N/A;"80 L";6;N/A;N/A;No;No;N/A;N/A;N/A;N/A;N/A;N/A;N/A;N/A;N/A;N/A;N/A;N/A;N/A;N/A;N/A;N/A;N/A;N/A;N/A;N/A;N/A;Sí;N/A;N/A;N/A;N/A;N/A;N/A;N/A;N/A;N/A;N/A;N/A;N/A;N/A;N/A;N/A;N/A;N/A;N/A;N/A;N/A;N/A;N/A;N/A;N/A;N/A;5;"160 hp";N/A;N/A;N/A;N/A;N/A;N/A;N/A;N/A;N/A;N/A;N/A;N/A;N/A;N/A;N/A;N/A;N/A;N/A;N/A;N/A;N/A;"Lunes a Domingos de 10 a 20 hs";4;N/A;Diésel;Manual;Pick-Up;"Autos y camionetas";N/A;N/A;N/A;N/A;N/A;N/A;N/A;N/A;Sí;N/A;N/A;N/A;N/A;N/A;N/A;N/A;N/A;N/A;N/A;N/A;N/A;N/A;N/A;N/A;N/A;N/A;N/A;N/A;N/A;N/A;N/A;N/A;N/A;N/A;N/A;N/A;N/A;N/A;N/A;N/A;N/A;N/A;N/A;N/A;N/A;N/A;N/A;N/A;N/A;N/A;N/A;N/A;N/A;N/A;N/A;N/A;N/A;N/A;N/A;N/A;N/A;N/A;N/A;N/A;N/A;N/A;N/A;N/A;N/A;N/A;N/A;N/A;N/A;N/A;N/A;N/A;N/A;N/A;N/A;N/A;N/A;N/A;N/A;N/A;N/A;N/A;N/A;N/A;N/A;N/A;N/A;N/A;N/A;N/A;N/A;No;Sí;N/A;N/A;N/A;Sí;N/A;N/A;N/A;N/A;Sí;N/A;N/A;N/A;N/A;N/A;N/A;N/A;N/A;N/A;N/A;N/A;N/A;N/A;N/A;N/A;N/A
Nissan;Frontier;"NEW  2.5 S TDSL DC";2021;"105600 km";;"CAR ONE_1";30900;;;;;"Ciudad de la Costa";https://auto.mercadolibre.com.uy/MLU-665983142-nissan-new-frontier-25-s-tdsl-dc-_JM;N/A;;"Nissan New Frontier 2.5 S Tdsl Dc ";USD;Sí;gold_premium;false;N/A;N/A;http://perfil.mercadolibre.com.uy/CAR+ONE_1;active;N/A;N/A;Usado;N/A;No;N/A;4x2;N/A;N/A;N/A;N/A;N/A;N/A;N/A;N/A;N/A;N/A;N/A;N/A;N/A;N/A;N/A;N/A;N/A;N/A;N/A;N/A;N/A;N/A;N/A;N/A;N/A;N/A;N/A;"80 L";6;N/A;N/A;No;No;N/A;N/A;N/A;N/A;N/A;N/A;N/A;N/A;N/A;N/A;N/A;N/A;N/A;N/A;N/A;N/A;N/A;N/A;N/A;N/A;N/A;Sí;N/A;N/A;N/A;N/A;N/A;N/A;N/A;N/A;N/A;N/A;N/A;N/A;N/A;N/A;N/A;N/A;N/A;N/A;N/A;N/A;N/A;N/A;N/A;N/A;N/A;5;"160 hp";N/A;N/A;N/A;N/A;N/A;N/A;N/A;N/A;N/A;N/A;N/A;N/A;N/A;N/A;N/A;N/A;N/A;N/A;N/A;N/A;N/A;"Lunes a Domingos de 10 a 20 hs";4;N/A;Diésel;Manual;Pick-Up;"Autos y camionetas";N/A;N/A;N/A;N/A;N/A;N/A;N/A;N/A;Sí;N/A;N/A;N/A;N/A;N/A;N/A;N/A;N/A;N/A;N/A;N/A;N/A;N/A;N/A;N/A;N/A;N/A;N/A;N/A;N/A;N/A;N/A;N/A;N/A;N/A;N/A;N/A;N/A;N/A;N/A;N/A;N/A;N/A;N/A;N/A;N/A;N/A;N/A;N/A;N/A;N/A;N/A;N/A;N/A;N/A;N/A;N/A;N/A;N/A;N/A;N/A;N/A;N/A;N/A;N/A;N/A;N/A;N/A;N/A;N/A;N/A;N/A;N/A;N/A;N/A;N/A;N/A;N/A;N/A;N/A;N/A;N/A;N/A;N/A;N/A;N/A;N/A;N/A;N/A;N/A;N/A;N/A;N/A;N/A;N/A;N/A;No;Sí;N/A;N/A;N/A;Sí;N/A;N/A;N/A;N/A;Sí;N/A;N/A;N/A;N/A;N/A;N/A;N/A;N/A;N/A;N/A;N/A;N/A;N/A;N/A;N/A;N/A
Nissan;Frontier;"NEW  2.5 S TDSL DC";2021;"102100 km";;"CAR ONE_4";30900;;;;;"Ciudad de la Costa";https://auto.mercadolibre.com.uy/MLU-665901808-nissan-new-frontier-25-s-tdsl-dc-_JM;N/A;;"Nissan New Frontier 2.5 S Tdsl Dc ";USD;Sí;gold_premium;false;N/A;N/A;http://perfil.mercadolibre.com.uy/CAR+ONE_4;active;N/A;N/A;Usado;N/A;No;N/A;4x2;N/A;N/A;N/A;N/A;N/A;N/A;N/A;N/A;N/A;N/A;N/A;N/A;N/A;N/A;N/A;N/A;N/A;N/A;N/A;N/A;N/A;N/A;N/A;N/A;N/A;N/A;N/A;"80 L";6;N/A;N/A;No;No;N/A;N/A;N/A;N/A;N/A;N/A;N/A;N/A;N/A;N/A;N/A;N/A;N/A;N/A;N/A;N/A;N/A;N/A;N/A;N/A;N/A;Sí;N/A;N/A;N/A;N/A;N/A;N/A;N/A;N/A;N/A;N/A;N/A;N/A;N/A;N/A;N/A;N/A;N/A;N/A;N/A;N/A;N/A;N/A;N/A;N/A;N/A;5;"160 hp";N/A;N/A;N/A;N/A;N/A;N/A;N/A;N/A;N/A;N/A;N/A;N/A;N/A;N/A;N/A;N/A;N/A;N/A;N/A;N/A;N/A;"Lunes a Domingos de 10 a 20 hs";4;N/A;Diésel;Manual;Pick-Up;"Autos y camionetas";N/A;N/A;N/A;N/A;N/A;N/A;N/A;N/A;Sí;N/A;N/A;N/A;N/A;N/A;N/A;N/A;N/A;N/A;N/A;N/A;N/A;N/A;N/A;N/A;N/A;N/A;N/A;N/A;N/A;N/A;N/A;N/A;N/A;N/A;N/A;N/A;N/A;N/A;N/A;N/A;N/A;N/A;N/A;N/A;N/A;N/A;N/A;N/A;N/A;N/A;N/A;N/A;N/A;N/A;N/A;N/A;N/A;N/A;N/A;N/A;N/A;N/A;N/A;N/A;N/A;N/A;N/A;N/A;N/A;N/A;N/A;N/A;N/A;N/A;N/A;N/A;N/A;N/A;N/A;N/A;N/A;N/A;N/A;N/A;N/A;N/A;N/A;N/A;N/A;N/A;N/A;N/A;N/A;N/A;N/A;No;Sí;N/A;N/A;N/A;Sí;N/A;N/A;N/A;N/A;Sí;N/A;N/A;N/A;N/A;N/A;N/A;N/A;N/A;N/A;N/A;N/A;N/A;N/A;N/A;N/A;N/A
Nissan;Frontier;"2.5 TDI S DC";2022;"108000 km";;"CAR ONE_4";30900;;;;;"Ciudad de la Costa";https://auto.mercadolibre.com.uy/MLU-665979852-nissan-frontier-25-tdi-s-dc-_JM;N/A;;"Nissan Frontier 2.5 Tdi S Dc ";USD;Sí;gold_premium;false;N/A;N/A;http://perfil.mercadolibre.com.uy/CAR+ONE_4;active;N/A;N/A;Usado;N/A;No;N/A;4x2;N/A;N/A;N/A;N/A;N/A;N/A;N/A;N/A;N/A;N/A;N/A;N/A;N/A;N/A;N/A;N/A;N/A;N/A;N/A;N/A;N/A;N/A;N/A;N/A;N/A;N/A;N/A;"0 L";6;N/A;N/A;No;No;N/A;N/A;N/A;N/A;N/A;N/A;N/A;N/A;N/A;N/A;N/A;N/A;N/A;N/A;N/A;N/A;N/A;N/A;N/A;N/A;N/A;Sí;N/A;N/A;N/A;N/A;N/A;N/A;N/A;N/A;N/A;N/A;N/A;N/A;N/A;N/A;N/A;N/A;N/A;N/A;N/A;N/A;N/A;N/A;N/A;N/A;N/A;5;"161 hp";N/A;N/A;N/A;N/A;N/A;N/A;N/A;N/A;N/A;N/A;N/A;N/A;N/A;N/A;N/A;N/A;N/A;N/A;N/A;N/A;N/A;"Lunes a Domingos de 10 a 20 hs";4;N/A;Diésel;Manual;Pick-Up;"Autos y camionetas";N/A;N/A;N/A;N/A;N/A;N/A;N/A;N/A;Sí;N/A;N/A;N/A;N/A;N/A;N/A;N/A;N/A;N/A;N/A;N/A;N/A;N/A;N/A;N/A;N/A;N/A;N/A;N/A;N/A;N/A;N/A;N/A;N/A;N/A;N/A;N/A;N/A;N/A;N/A;N/A;N/A;N/A;N/A;N/A;N/A;N/A;N/A;N/A;N/A;N/A;N/A;N/A;N/A;N/A;N/A;N/A;N/A;N/A;N/A;N/A;N/A;N/A;N/A;N/A;N/A;N/A;N/A;N/A;N/A;N/A;N/A;N/A;N/A;N/A;N/A;N/A;N/A;N/A;N/A;N/A;N/A;N/A;N/A;N/A;N/A;N/A;N/A;N/A;N/A;N/A;N/A;N/A;N/A;N/A;N/A;No;Sí;N/A;N/A;N/A;Sí;N/A;N/A;N/A;N/A;Sí;N/A;N/A;N/A;N/A;N/A;N/A;N/A;N/A;N/A;N/A;N/A;N/A;N/A;N/A;N/A;N/A
Nissan;Frontier;"NEW  2.5 S TDSL DC";2022;"104190 km";;"CAR ONE_3";30900;;;;;"Ciudad de la Costa";https://auto.mercadolibre.com.uy/MLU-666005918-nissan-new-frontier-25-s-tdsl-dc-_JM;N/A;;"Nissan New Frontier 2.5 S Tdsl Dc ";USD;Sí;gold_premium;false;N/A;N/A;http://perfil.mercadolibre.com.uy/CAR+ONE_3;active;N/A;N/A;Usado;N/A;No;N/A;4x2;N/A;N/A;N/A;N/A;N/A;N/A;N/A;N/A;N/A;N/A;N/A;N/A;N/A;N/A;N/A;N/A;N/A;N/A;N/A;N/A;N/A;N/A;N/A;N/A;N/A;N/A;N/A;"80 L";6;N/A;N/A;No;No;N/A;N/A;N/A;N/A;N/A;N/A;N/A;N/A;N/A;N/A;N/A;N/A;N/A;N/A;N/A;N/A;N/A;N/A;N/A;N/A;N/A;Sí;N/A;N/A;N/A;N/A;N/A;N/A;N/A;N/A;N/A;N/A;N/A;N/A;N/A;N/A;N/A;N/A;N/A;N/A;N/A;N/A;N/A;N/A;N/A;N/A;N/A;5;"160 hp";N/A;N/A;N/A;N/A;N/A;N/A;N/A;N/A;N/A;N/A;N/A;N/A;N/A;N/A;N/A;N/A;N/A;N/A;N/A;N/A;N/A;"Lunes a Domingos de 10 a 20 hs";4;N/A;Diésel;Manual;Pick-Up;"Autos y camionetas";N/A;N/A;N/A;N/A;N/A;N/A;N/A;N/A;Sí;N/A;N/A;N/A;N/A;N/A;N/A;N/A;N/A;N/A;N/A;N/A;N/A;N/A;N/A;N/A;N/A;N/A;N/A;N/A;N/A;N/A;N/A;N/A;N/A;N/A;N/A;N/A;N/A;N/A;N/A;N/A;N/A;N/A;N/A;N/A;N/A;N/A;N/A;N/A;N/A;N/A;N/A;N/A;N/A;N/A;N/A;N/A;N/A;N/A;N/A;N/A;N/A;N/A;N/A;N/A;N/A;N/A;N/A;N/A;N/A;N/A;N/A;N/A;N/A;N/A;N/A;N/A;N/A;N/A;N/A;N/A;N/A;N/A;N/A;N/A;N/A;N/A;N/A;N/A;N/A;N/A;N/A;N/A;N/A;N/A;N/A;No;Sí;N/A;N/A;N/A;Sí;N/A;N/A;N/A;N/A;Sí;N/A;N/A;N/A;N/A;N/A;N/A;N/A;N/A;N/A;N/A;N/A;N/A;N/A;N/A;N/A;N/A
Nissan;Note;"ADVANCE 1.6 AT";2019;"89000 km";;"CAR ONE_3";16490;;;;;"Ciudad de la Costa";https://auto.mercadolibre.com.uy/MLU-665810204-nissan-note-advance-16-at-_JM;N/A;;"Nissan Note Advance 1.6 At";usd;Sí;gold_premium;false;N/A;N/A;http://perfil.mercadolibre.com.uy/CAR+ONE_3;active;N/A;N/A;Usado;N/A;Sí;Hidráulica;4x2;Sí;N/A;N/A;N/A;N/A;N/A;N/A;N/A;N/A;N/A;N/A;N/A;N/A;N/A;N/A;N/A;N/A;N/A;N/A;N/A;N/A;N/A;N/A;N/A;N/A;"2600 mm";"1.6 L";"41 L";1;N/A;N/A;No;No;N/A;N/A;N/A;N/A;N/A;N/A;N/A;N/A;N/A;N/A;N/A;N/A;N/A;N/A;N/A;N/A;N/A;N/A;N/A;N/A;N/A;Sí;N/A;N/A;N/A;N/A;N/A;N/A;N/A;Sí;Sí;N/A;N/A;N/A;N/A;N/A;N/A;N/A;N/A;N/A;N/A;"1535 mm";"4150 mm";N/A;N/A;N/A;N/A;5;"109 hp";Advance;N/A;4;N/A;N/A;N/A;N/A;N/A;N/A;N/A;N/A;Sí;N/A;N/A;N/A;N/A;N/A;N/A;N/A;N/A;N/A;"Lunes a Domingos de 10 a 20 hs";5;1.6;Nafta;Automática;HATCH;"Autos y camionetas";N/A;N/A;N/A;N/A;N/A;N/A;UY;N/A;Sí;N/A;N/A;N/A;N/A;N/A;N/A;N/A;N/A;N/A;N/A;N/A;N/A;N/A;N/A;N/A;N/A;N/A;N/A;N/A;N/A;N/A;N/A;N/A;N/A;N/A;N/A;N/A;N/A;N/A;N/A;N/A;N/A;N/A;N/A;N/A;N/A;N/A;N/A;N/A;N/A;N/A;N/A;N/A;N/A;N/A;N/A;N/A;N/A;N/A;N/A;N/A;N/A;N/A;N/A;N/A;N/A;N/A;N/A;N/A;N/A;N/A;N/A;N/A;N/A;N/A;N/A;N/A;N/A;N/A;N/A;N/A;N/A;N/A;N/A;N/A;N/A;N/A;N/A;N/A;N/A;N/A;N/A;N/A;N/A;N/A;N/A;No;Sí;N/A;Sí;N/A;Sí;N/A;N/A;Sí;N/A;Sí;N/A;N/A;N/A;N/A;N/A;N/A;Sí;N/A;Sí;N/A;N/A;N/A;N/A;Sí;N/A;N/A
Nissan;Frontier;"NEW  2.5 S TDSL DC";2021;"91400 km";;"CAR ONE_3";30900;;;;;"Ciudad de la Costa";https://auto.mercadolibre.com.uy/MLU-635282249-nissan-new-frontier-25-s-tdsl-dc-_JM;N/A;;"Nissan New Frontier 2.5 S Tdsl Dc ";USD;Sí;gold_premium;false;N/A;N/A;http://perfil.mercadolibre.com.uy/CAR+ONE_3;active;N/A;N/A;Usado;N/A;No;N/A;4x2;N/A;N/A;N/A;N/A;N/A;N/A;N/A;N/A;N/A;N/A;N/A;N/A;N/A;N/A;N/A;N/A;N/A;N/A;N/A;N/A;N/A;N/A;N/A;N/A;N/A;N/A;N/A;"80 L";6;N/A;N/A;No;No;N/A;N/A;N/A;N/A;N/A;N/A;N/A;N/A;N/A;N/A;N/A;N/A;N/A;N/A;N/A;N/A;N/A;N/A;N/A;N/A;N/A;Sí;N/A;N/A;N/A;N/A;N/A;N/A;N/A;N/A;N/A;N/A;N/A;N/A;N/A;N/A;N/A;N/A;N/A;N/A;N/A;N/A;N/A;N/A;N/A;N/A;N/A;5;"160 hp";N/A;N/A;N/A;N/A;N/A;N/A;N/A;N/A;N/A;N/A;N/A;N/A;N/A;N/A;N/A;N/A;N/A;N/A;N/A;N/A;N/A;"Lunes a Domingos de 10 a 20 hs";4;N/A;Diésel;Manual;Pick-Up;"Autos y camionetas";N/A;N/A;N/A;N/A;N/A;N/A;N/A;N/A;Sí;N/A;N/A;N/A;N/A;N/A;N/A;N/A;N/A;N/A;N/A;N/A;N/A;N/A;N/A;N/A;N/A;N/A;N/A;N/A;N/A;N/A;N/A;N/A;N/A;N/A;N/A;N/A;N/A;N/A;N/A;N/A;N/A;N/A;N/A;N/A;N/A;N/A;N/A;N/A;N/A;N/A;N/A;N/A;N/A;N/A;N/A;N/A;N/A;N/A;N/A;N/A;N/A;N/A;N/A;N/A;N/A;N/A;N/A;N/A;N/A;N/A;N/A;N/A;N/A;N/A;N/A;N/A;N/A;N/A;N/A;N/A;N/A;N/A;N/A;N/A;N/A;N/A;N/A;N/A;N/A;N/A;N/A;N/A;N/A;N/A;N/A;No;Sí;N/A;N/A;N/A;Sí;N/A;N/A;N/A;N/A;Sí;N/A;N/A;N/A;N/A;N/A;N/A;N/A;N/A;N/A;N/A;N/A;N/A;N/A;N/A;N/A;N/A
Nissan;Kicks;"NEW  1.6 ADVANCE 5P";2022;"30730 km";;"CAR ONE_2";27490;;;;;"Ciudad de la Costa";https://auto.mercadolibre.com.uy/MLU-635330305-nissan-new-kicks-16-advance-5p-_JM;N/A;;"Nissan New Kicks 1.6 Advance 5p ";usd;Sí;gold_premium;false;N/A;N/A;http://perfil.mercadolibre.com.uy/CAR+ONE_2;active;N/A;N/A;Usado;N/A;Sí;Hidráulica;4x2;Sí;N/A;N/A;N/A;N/A;N/A;N/A;N/A;N/A;N/A;N/A;N/A;N/A;N/A;N/A;N/A;N/A;N/A;N/A;N/A;N/A;N/A;N/A;N/A;N/A;"2620 mm";"1.6 L";"41 L";5;N/A;N/A;Sí;Sí;N/A;N/A;N/A;N/A;N/A;N/A;N/A;N/A;N/A;N/A;N/A;N/A;N/A;N/A;N/A;N/A;N/A;N/A;N/A;N/A;N/A;Sí;N/A;N/A;N/A;N/A;N/A;N/A;N/A;Sí;Sí;N/A;N/A;N/A;N/A;N/A;N/A;N/A;N/A;N/A;N/A;"1590 mm";"4295 mm";N/A;N/A;N/A;N/A;5;"118 hp";Advance;N/A;4;"1760 mm";N/A;N/A;N/A;N/A;N/A;N/A;N/A;N/A;N/A;N/A;N/A;N/A;N/A;N/A;N/A;N/A;N/A;"Lunes a Domingos de 10 a 20 hs";5;1.6;Nafta;Manual;SUV;"Autos y camionetas";N/A;N/A;N/A;N/A;N/A;N/A;UY;N/A;Sí;N/A;N/A;N/A;N/A;N/A;N/A;N/A;N/A;N/A;N/A;N/A;N/A;N/A;N/A;N/A;N/A;N/A;N/A;N/A;N/A;N/A;N/A;N/A;N/A;N/A;N/A;N/A;N/A;N/A;N/A;N/A;N/A;N/A;N/A;N/A;N/A;N/A;N/A;N/A;N/A;N/A;N/A;N/A;N/A;N/A;N/A;N/A;N/A;N/A;N/A;N/A;N/A;N/A;N/A;N/A;N/A;N/A;N/A;N/A;N/A;N/A;N/A;N/A;N/A;N/A;N/A;N/A;N/A;N/A;N/A;N/A;N/A;N/A;N/A;N/A;N/A;N/A;N/A;N/A;N/A;N/A;N/A;N/A;N/A;N/A;N/A;No;Sí;N/A;N/A;N/A;Sí;N/A;N/A;N/A;N/A;Sí;N/A;N/A;N/A;N/A;N/A;N/A;Sí;N/A;Sí;N/A;N/A;N/A;N/A;Sí;N/A;Sí
Nissan;Frontier;"NEW  2.5 S TDSL DC";2021;"102300 km";;"CAR ONE_3";30900;;;;;"Ciudad de la Costa";https://auto.mercadolibre.com.uy/MLU-665008384-nissan-new-frontier-25-s-tdsl-dc-_JM;N/A;;"Nissan New Frontier 2.5 S Tdsl Dc ";USD;Sí;gold_premium;false;N/A;N/A;http://perfil.mercadolibre.com.uy/CAR+ONE_3;active;N/A;N/A;Usado;N/A;No;N/A;4x2;N/A;N/A;N/A;N/A;N/A;N/A;N/A;N/A;N/A;N/A;N/A;N/A;N/A;N/A;N/A;N/A;N/A;N/A;N/A;N/A;N/A;N/A;N/A;N/A;N/A;N/A;N/A;"80 L";6;N/A;N/A;No;No;N/A;N/A;N/A;N/A;N/A;N/A;N/A;N/A;N/A;N/A;N/A;N/A;N/A;N/A;N/A;N/A;N/A;N/A;N/A;N/A;N/A;Sí;N/A;N/A;N/A;N/A;N/A;N/A;N/A;N/A;N/A;N/A;N/A;N/A;N/A;N/A;N/A;N/A;N/A;N/A;N/A;N/A;N/A;N/A;N/A;N/A;N/A;5;"160 hp";N/A;N/A;N/A;N/A;N/A;N/A;N/A;N/A;N/A;N/A;N/A;N/A;N/A;N/A;N/A;N/A;N/A;N/A;N/A;N/A;N/A;"Lunes a Domingos de 10 a 20 hs";4;N/A;Diésel;Manual;Pick-Up;"Autos y camionetas";N/A;N/A;N/A;N/A;N/A;N/A;N/A;N/A;Sí;N/A;N/A;N/A;N/A;N/A;N/A;N/A;N/A;N/A;N/A;N/A;N/A;N/A;N/A;N/A;N/A;N/A;N/A;N/A;N/A;N/A;N/A;N/A;N/A;N/A;N/A;N/A;N/A;N/A;N/A;N/A;N/A;N/A;N/A;N/A;N/A;N/A;N/A;N/A;N/A;N/A;N/A;N/A;N/A;N/A;N/A;N/A;N/A;N/A;N/A;N/A;N/A;N/A;N/A;N/A;N/A;N/A;N/A;N/A;N/A;N/A;N/A;N/A;N/A;N/A;N/A;N/A;N/A;N/A;N/A;N/A;N/A;N/A;N/A;N/A;N/A;N/A;N/A;N/A;N/A;N/A;N/A;N/A;N/A;N/A;N/A;No;Sí;N/A;N/A;N/A;Sí;N/A;N/A;N/A;N/A;Sí;N/A;N/A;N/A;N/A;N/A;N/A;N/A;N/A;N/A;N/A;N/A;N/A;N/A;N/A;N/A;N/A
Nissan;Frontier;"2.5 TDI S DC";2021;"87610 km";;"CAR ONE_1";29100;;;;;"Ciudad de la Costa";https://auto.mercadolibre.com.uy/MLU-664398378-nissan-frontier-25-tdi-s-dc-_JM;N/A;;"Nissan Frontier 2.5 Tdi S Dc ";USD;Sí;gold_premium;false;N/A;N/A;http://perfil.mercadolibre.com.uy/CAR+ONE_1;active;N/A;N/A;Usado;N/A;No;N/A;4x2;N/A;N/A;N/A;N/A;N/A;N/A;N/A;N/A;N/A;N/A;N/A;N/A;N/A;N/A;N/A;N/A;N/A;N/A;N/A;N/A;N/A;N/A;N/A;N/A;N/A;N/A;N/A;"0 L";6;N/A;N/A;No;No;N/A;N/A;N/A;N/A;N/A;N/A;N/A;N/A;N/A;N/A;N/A;N/A;N/A;N/A;N/A;N/A;N/A;N/A;N/A;N/A;N/A;Sí;N/A;N/A;N/A;N/A;N/A;N/A;N/A;N/A;N/A;N/A;N/A;N/A;N/A;N/A;N/A;N/A;N/A;N/A;N/A;N/A;N/A;N/A;N/A;N/A;N/A;5;"161 hp";N/A;N/A;N/A;N/A;N/A;N/A;N/A;N/A;N/A;N/A;N/A;N/A;N/A;N/A;N/A;N/A;N/A;N/A;N/A;N/A;N/A;"Lunes a Domingos de 10 a 20 hs";4;N/A;Diésel;Manual;Pick-Up;"Autos y camionetas";N/A;N/A;N/A;N/A;N/A;N/A;N/A;N/A;Sí;N/A;N/A;N/A;N/A;N/A;N/A;N/A;N/A;N/A;N/A;N/A;N/A;N/A;N/A;N/A;N/A;N/A;N/A;N/A;N/A;N/A;N/A;N/A;N/A;N/A;N/A;N/A;N/A;N/A;N/A;N/A;N/A;N/A;N/A;N/A;N/A;N/A;N/A;N/A;N/A;N/A;N/A;N/A;N/A;N/A;N/A;N/A;N/A;N/A;N/A;N/A;N/A;N/A;N/A;N/A;N/A;N/A;N/A;N/A;N/A;N/A;N/A;N/A;N/A;N/A;N/A;N/A;N/A;N/A;N/A;N/A;N/A;N/A;N/A;N/A;N/A;N/A;N/A;N/A;N/A;N/A;N/A;N/A;N/A;N/A;N/A;No;Sí;N/A;N/A;N/A;Sí;N/A;N/A;N/A;N/A;Sí;N/A;N/A;N/A;N/A;N/A;N/A;N/A;N/A;N/A;N/A;N/A;N/A;N/A;N/A;N/A;N/A
Nissan;Kicks;"SENSE 1.6";2019;"74006 km";;"CAR ONE_3";18300;;;;;"Ciudad de la Costa";https://auto.mercadolibre.com.uy/MLU-664435794-nissan-kicks-sense-16-_JM;N/A;;"Nissan Kicks Sense 1.6 ";usd;Sí;gold_premium;false;N/A;N/A;http://perfil.mercadolibre.com.uy/CAR+ONE_3;active;N/A;N/A;Usado;N/A;No;Hidráulica;4x2;Sí;N/A;N/A;N/A;N/A;N/A;N/A;N/A;N/A;N/A;N/A;N/A;N/A;N/A;N/A;N/A;N/A;N/A;N/A;N/A;N/A;N/A;N/A;N/A;N/A;"2620 mm";"1.6 L";"41 L";5;N/A;N/A;No;No;N/A;N/A;N/A;N/A;N/A;N/A;N/A;N/A;N/A;N/A;N/A;N/A;N/A;N/A;N/A;N/A;N/A;N/A;N/A;N/A;N/A;Sí;N/A;N/A;N/A;N/A;N/A;N/A;N/A;Sí;Sí;N/A;N/A;N/A;N/A;N/A;N/A;N/A;N/A;N/A;N/A;"1590 mm";"4295 mm";N/A;N/A;N/A;N/A;5;"118 hp";Sense;N/A;4;"1760 mm";N/A;N/A;N/A;N/A;N/A;N/A;N/A;N/A;N/A;N/A;N/A;N/A;N/A;N/A;N/A;N/A;N/A;"Lunes a Domingos de 10 a 20 hs";5;1.6;Nafta;Manual;SUV;"Autos y camionetas";N/A;N/A;N/A;N/A;N/A;N/A;UY;N/A;Sí;N/A;N/A;N/A;N/A;N/A;N/A;N/A;N/A;N/A;N/A;N/A;N/A;N/A;N/A;N/A;N/A;N/A;N/A;N/A;N/A;N/A;N/A;N/A;N/A;N/A;N/A;N/A;N/A;N/A;N/A;N/A;N/A;N/A;N/A;N/A;N/A;N/A;N/A;N/A;N/A;N/A;N/A;N/A;N/A;N/A;N/A;N/A;N/A;N/A;N/A;N/A;N/A;N/A;N/A;N/A;N/A;N/A;N/A;N/A;N/A;N/A;N/A;N/A;N/A;N/A;N/A;N/A;N/A;N/A;N/A;N/A;N/A;N/A;N/A;N/A;N/A;N/A;N/A;N/A;N/A;N/A;N/A;N/A;N/A;N/A;N/A;No;Sí;N/A;N/A;N/A;Sí;N/A;N/A;N/A;N/A;Sí;N/A;N/A;N/A;N/A;N/A;N/A;Sí;N/A;Sí;N/A;N/A;N/A;N/A;Sí;N/A;Sí
Nissan;March;1.6;2018;"75655 km";;"CAR ONE_1";14290;;;;;"Ciudad de la Costa";https://auto.mercadolibre.com.uy/MLU-634947657-nissan-march-16-_JM;N/A;;"Nissan March 1.6 ";USD;Sí;gold_premium;false;N/A;N/A;http://perfil.mercadolibre.com.uy/CAR+ONE_1;active;N/A;N/A;Usado;N/A;Sí;N/A;4x2;N/A;N/A;N/A;N/A;N/A;N/A;N/A;N/A;N/A;N/A;N/A;N/A;N/A;N/A;N/A;N/A;N/A;N/A;N/A;N/A;N/A;N/A;N/A;N/A;N/A;N/A;N/A;"0 L";5;N/A;N/A;No;No;N/A;N/A;N/A;N/A;N/A;N/A;N/A;N/A;N/A;N/A;N/A;N/A;N/A;N/A;N/A;N/A;N/A;N/A;N/A;N/A;N/A;Sí;N/A;N/A;N/A;N/A;N/A;N/A;N/A;N/A;N/A;N/A;N/A;N/A;N/A;N/A;N/A;N/A;N/A;N/A;N/A;N/A;N/A;N/A;N/A;N/A;N/A;5;"106 hp";N/A;N/A;N/A;N/A;N/A;N/A;N/A;N/A;N/A;N/A;N/A;N/A;N/A;N/A;N/A;N/A;N/A;N/A;N/A;N/A;N/A;"Lunes a Domingos de 10 a 20 hs";5;N/A;Nafta;Manual;HATCH;"Autos y camionetas";N/A;N/A;N/A;N/A;N/A;N/A;N/A;N/A;Sí;N/A;N/A;N/A;N/A;N/A;N/A;N/A;N/A;N/A;N/A;N/A;N/A;N/A;N/A;N/A;N/A;N/A;N/A;N/A;N/A;N/A;N/A;N/A;N/A;N/A;N/A;N/A;N/A;N/A;N/A;N/A;N/A;N/A;N/A;N/A;N/A;N/A;N/A;N/A;N/A;N/A;N/A;N/A;N/A;N/A;N/A;N/A;N/A;N/A;N/A;N/A;N/A;N/A;N/A;N/A;N/A;N/A;N/A;N/A;N/A;N/A;N/A;N/A;N/A;N/A;N/A;N/A;N/A;N/A;N/A;N/A;N/A;N/A;N/A;N/A;N/A;N/A;N/A;N/A;N/A;N/A;N/A;N/A;N/A;N/A;N/A;No;Sí;N/A;N/A;N/A;Sí;N/A;N/A;N/A;N/A;Sí;N/A;N/A;N/A;N/A;N/A;N/A;N/A;N/A;N/A;N/A;N/A;N/A;N/A;N/A;N/A;N/A
Nissan;Kicks;"1.6 Exclusive At";2022;"67000 km";;PAKAUTOMOVILES;27990;;;;;Malvin;https://auto.mercadolibre.com.uy/MLU-663417802-nissan-new-kicks-16-exclusive-at-_JM;N/A;;"Nissan New Kicks 1.6 Exclusive At";usd;Sí;gold_premium;false;N/A;N/A;http://perfil.mercadolibre.com.uy/PAKAUTOMOVILES;active;N/A;N/A;Usado;Gris;N/A;Hidráulica;Delantera;Sí;N/A;N/A;N/A;N/A;N/A;N/A;N/A;Sí;N/A;N/A;N/A;N/A;N/A;N/A;N/A;N/A;N/A;N/A;N/A;N/A;N/A;N/A;N/A;N/A;"2620 mm";"1.6 L";"50 L";N/A;N/A;N/A;N/A;N/A;N/A;N/A;N/A;N/A;N/A;N/A;N/A;N/A;N/A;N/A;N/A;N/A;N/A;N/A;N/A;N/A;N/A;N/A;N/A;N/A;N/A;N/A;N/A;N/A;N/A;N/A;N/A;N/A;N/A;Sí;Sí;N/A;N/A;Sí;N/A;N/A;N/A;N/A;N/A;N/A;N/A;"1590 mm";"4295 mm";N/A;N/A;N/A;N/A;5;"118 hp";Exclusive;N/A;4;"1760 mm";N/A;N/A;N/A;N/A;N/A;N/A;N/A;N/A;N/A;N/A;N/A;N/A;N/A;N/A;N/A;N/A;N/A;N/A;5;1.6;Nafta;Automática;SUV;"Autos y camionetas";N/A;N/A;N/A;N/A;N/A;N/A;UY;N/A;N/A;N/A;N/A;N/A;N/A;N/A;N/A;N/A;N/A;N/A;N/A;N/A;N/A;N/A;N/A;N/A;N/A;N/A;N/A;N/A;N/A;N/A;N/A;N/A;N/A;N/A;N/A;N/A;N/A;N/A;N/A;N/A;N/A;N/A;N/A;N/A;N/A;N/A;N/A;N/A;N/A;N/A;N/A;N/A;N/A;N/A;N/A;N/A;N/A;N/A;N/A;N/A;N/A;N/A;N/A;N/A;N/A;N/A;N/A;N/A;N/A;N/A;N/A;N/A;N/A;N/A;N/A;N/A;N/A;N/A;N/A;N/A;N/A;N/A;N/A;N/A;N/A;N/A;N/A;N/A;N/A;N/A;N/A;N/A;N/A;N/A;N/A;N/A;Sí;N/A;Sí;N/A;N/A;N/A;N/A;N/A;N/A;Sí;N/A;N/A;N/A;N/A;N/A;Sí;Sí;N/A;Sí;N/A;N/A;N/A;N/A;Sí;N/A;Sí
Nissan;Frontier;"2.5 SE TDSL 188HP DC 4X4";2018;"29880 km";;"CAR ONE_4";37900;;;;;"Ciudad de la Costa";https://auto.mercadolibre.com.uy/MLU-663288580-nissan-frontier-25-se-tdsl-188hp-dc-4x4-_JM;N/A;;"Nissan Frontier 2.5 Se Tdsl 188hp Dc 4x4";USD;Sí;gold_premium;false;N/A;N/A;http://perfil.mercadolibre.com.uy/CAR+ONE_4;active;N/A;N/A;Usado;N/A;No;N/A;4x4;N/A;N/A;N/A;N/A;N/A;N/A;N/A;N/A;N/A;N/A;N/A;N/A;N/A;N/A;N/A;N/A;N/A;N/A;N/A;N/A;N/A;N/A;N/A;N/A;N/A;N/A;N/A;"0 L";6;N/A;N/A;No;No;N/A;N/A;N/A;N/A;N/A;N/A;N/A;N/A;N/A;N/A;N/A;N/A;N/A;N/A;N/A;N/A;N/A;N/A;N/A;N/A;N/A;Sí;N/A;N/A;N/A;N/A;N/A;N/A;N/A;N/A;N/A;N/A;N/A;N/A;N/A;N/A;N/A;N/A;N/A;N/A;N/A;N/A;N/A;N/A;N/A;N/A;N/A;5;"188 hp";N/A;N/A;N/A;N/A;N/A;N/A;N/A;N/A;N/A;N/A;N/A;N/A;N/A;N/A;N/A;N/A;N/A;N/A;N/A;N/A;N/A;"Lunes a Domingos de 10 a 20 hs";4;N/A;Diésel;Manual;Pick-Up;"Autos y camionetas";N/A;N/A;N/A;N/A;N/A;N/A;N/A;N/A;Sí;N/A;N/A;N/A;N/A;N/A;N/A;N/A;N/A;N/A;N/A;N/A;N/A;N/A;N/A;N/A;N/A;N/A;N/A;N/A;N/A;N/A;N/A;N/A;N/A;N/A;N/A;N/A;N/A;N/A;N/A;N/A;N/A;N/A;N/A;N/A;N/A;N/A;N/A;N/A;N/A;N/A;N/A;N/A;N/A;N/A;N/A;N/A;N/A;N/A;N/A;N/A;N/A;N/A;N/A;N/A;N/A;N/A;N/A;N/A;N/A;N/A;N/A;N/A;N/A;N/A;N/A;N/A;N/A;N/A;N/A;N/A;N/A;N/A;N/A;N/A;N/A;N/A;N/A;N/A;N/A;N/A;N/A;N/A;N/A;N/A;N/A;No;Sí;N/A;N/A;N/A;Sí;N/A;N/A;N/A;N/A;Sí;N/A;N/A;N/A;N/A;N/A;N/A;N/A;N/A;N/A;N/A;N/A;N/A;N/A;N/A;N/A;N/A
Nissan;Kicks;"NEW  1.6 ADVANCE 5P AT";2022;"21200 km";;"CAR ONE_3";28900;;;;;"Ciudad de la Costa";https://auto.mercadolibre.com.uy/MLU-663199672-nissan-new-kicks-16-advance-5p-at-_JM;N/A;;"Nissan New Kicks 1.6 Advance 5p At";usd;Sí;gold_premium;false;N/A;N/A;http://perfil.mercadolibre.com.uy/CAR+ONE_3;active;N/A;N/A;Usado;N/A;No;Hidráulica;4x2;Sí;N/A;N/A;N/A;N/A;N/A;N/A;N/A;N/A;N/A;N/A;N/A;N/A;N/A;N/A;N/A;N/A;N/A;N/A;N/A;N/A;N/A;N/A;N/A;N/A;"2620 mm";"1.6 L";"41 L";6;N/A;N/A;Sí;Sí;N/A;N/A;N/A;N/A;N/A;N/A;N/A;N/A;N/A;N/A;N/A;N/A;N/A;N/A;N/A;N/A;N/A;N/A;N/A;N/A;N/A;Sí;N/A;N/A;N/A;N/A;N/A;N/A;N/A;Sí;Sí;Sí;N/A;N/A;N/A;N/A;N/A;N/A;N/A;N/A;N/A;"1590 mm";"4295 mm";N/A;N/A;N/A;N/A;5;"118 hp";Advance;N/A;4;"1760 mm";N/A;N/A;N/A;N/A;N/A;N/A;N/A;N/A;N/A;N/A;N/A;N/A;N/A;N/A;N/A;N/A;N/A;"Lunes a Domingos de 10 a 20 hs";5;1.6;Nafta;Automática;SUV;"Autos y camionetas";N/A;N/A;N/A;N/A;N/A;N/A;UY;N/A;Sí;N/A;N/A;N/A;N/A;N/A;N/A;N/A;N/A;N/A;N/A;N/A;N/A;N/A;N/A;N/A;N/A;N/A;N/A;N/A;N/A;N/A;N/A;N/A;N/A;N/A;N/A;N/A;N/A;N/A;N/A;N/A;N/A;N/A;N/A;N/A;N/A;N/A;N/A;N/A;N/A;N/A;N/A;N/A;N/A;N/A;N/A;N/A;N/A;N/A;N/A;N/A;N/A;N/A;N/A;N/A;N/A;N/A;N/A;N/A;N/A;N/A;N/A;N/A;N/A;N/A;N/A;N/A;N/A;N/A;N/A;N/A;N/A;N/A;N/A;N/A;N/A;N/A;N/A;N/A;N/A;N/A;N/A;N/A;N/A;N/A;N/A;No;Sí;N/A;Sí;N/A;Sí;N/A;N/A;N/A;N/A;Sí;N/A;N/A;N/A;N/A;N/A;N/A;Sí;N/A;Sí;N/A;N/A;N/A;N/A;Sí;N/A;Sí
Nissan;Frontier;"2.5 SE TDSL 188HP DC 4X4";2018;"79260 km";;"CAR ONE_4";34900;;;;;"Ciudad de la Costa";https://auto.mercadolibre.com.uy/MLU-662814620-nissan-frontier-25-se-tdsl-188hp-dc-4x4-_JM;N/A;;"Nissan Frontier 2.5 Se Tdsl 188hp Dc 4x4";USD;Sí;gold_premium;false;N/A;N/A;http://perfil.mercadolibre.com.uy/CAR+ONE_4;active;N/A;N/A;Usado;N/A;No;N/A;4x4;N/A;N/A;N/A;N/A;N/A;N/A;N/A;N/A;N/A;N/A;N/A;N/A;N/A;N/A;N/A;N/A;N/A;N/A;N/A;N/A;N/A;N/A;N/A;N/A;N/A;N/A;N/A;"0 L";6;N/A;N/A;No;No;N/A;N/A;N/A;N/A;N/A;N/A;N/A;N/A;N/A;N/A;N/A;N/A;N/A;N/A;N/A;N/A;N/A;N/A;N/A;N/A;N/A;Sí;N/A;N/A;N/A;N/A;N/A;N/A;N/A;N/A;N/A;N/A;N/A;N/A;N/A;N/A;N/A;N/A;N/A;N/A;N/A;N/A;N/A;N/A;N/A;N/A;N/A;5;"188 hp";N/A;N/A;N/A;N/A;N/A;N/A;N/A;N/A;N/A;N/A;N/A;N/A;N/A;N/A;N/A;N/A;N/A;N/A;N/A;N/A;N/A;"Lunes a Domingos de 10 a 20 hs";4;N/A;Diésel;Manual;Pick-Up;"Autos y camionetas";N/A;N/A;N/A;N/A;N/A;N/A;N/A;N/A;Sí;N/A;N/A;N/A;N/A;N/A;N/A;N/A;N/A;N/A;N/A;N/A;N/A;N/A;N/A;N/A;N/A;N/A;N/A;N/A;N/A;N/A;N/A;N/A;N/A;N/A;N/A;N/A;N/A;N/A;N/A;N/A;N/A;N/A;N/A;N/A;N/A;N/A;N/A;N/A;N/A;N/A;N/A;N/A;N/A;N/A;N/A;N/A;N/A;N/A;N/A;N/A;N/A;N/A;N/A;N/A;N/A;N/A;N/A;N/A;N/A;N/A;N/A;N/A;N/A;N/A;N/A;N/A;N/A;N/A;N/A;N/A;N/A;N/A;N/A;N/A;N/A;N/A;N/A;N/A;N/A;N/A;N/A;N/A;N/A;N/A;N/A;No;Sí;N/A;N/A;N/A;Sí;N/A;N/A;N/A;N/A;Sí;N/A;N/A;N/A;N/A;N/A;N/A;N/A;N/A;N/A;N/A;N/A;N/A;N/A;N/A;N/A;N/A
Nissan;Versa;"1.6 EXCLUSIVE 4P AT";2020;"29320 km";;"CAR ONE_1";24690;;;;;"Ciudad de la Costa";https://auto.mercadolibre.com.uy/MLU-662341974-nissan-versa-16-exclusive-4p-at-_JM;N/A;;"Nissan Versa 1.6 Exclusive 4p At ";usd;Sí;gold_premium;false;N/A;N/A;http://perfil.mercadolibre.com.uy/CAR+ONE_1;active;N/A;N/A;Usado;N/A;Sí;Hidráulica;4x2;Sí;N/A;N/A;N/A;Sí;N/A;N/A;N/A;Sí;N/A;N/A;N/A;N/A;N/A;N/A;N/A;N/A;N/A;N/A;N/A;N/A;N/A;N/A;N/A;N/A;"2600 mm";"1.6 L";"0 L";4;N/A;N/A;No;No;N/A;N/A;N/A;N/A;N/A;N/A;N/A;N/A;N/A;N/A;N/A;N/A;N/A;N/A;N/A;N/A;N/A;N/A;N/A;N/A;N/A;Sí;N/A;N/A;N/A;N/A;N/A;N/A;N/A;Sí;Sí;N/A;N/A;N/A;N/A;N/A;N/A;N/A;N/A;N/A;N/A;"1506 mm";"4465 mm";N/A;N/A;N/A;N/A;5;"106 hp";Exclusive;N/A;4;"1695 mm";N/A;N/A;N/A;N/A;N/A;N/A;N/A;Sí;N/A;N/A;N/A;N/A;N/A;N/A;N/A;N/A;N/A;"Lunes a Domingos de 10 a 20 hs";4;1.6;Nafta;Automática;Sedán;"Autos y camionetas";N/A;N/A;N/A;N/A;N/A;N/A;UY;N/A;Sí;N/A;N/A;N/A;N/A;N/A;N/A;N/A;N/A;N/A;N/A;N/A;N/A;N/A;N/A;N/A;N/A;N/A;N/A;N/A;N/A;N/A;N/A;N/A;N/A;N/A;N/A;N/A;N/A;N/A;N/A;N/A;N/A;N/A;N/A;N/A;N/A;N/A;N/A;N/A;N/A;N/A;N/A;N/A;N/A;N/A;N/A;N/A;N/A;N/A;N/A;N/A;N/A;N/A;N/A;N/A;N/A;N/A;N/A;N/A;N/A;N/A;N/A;N/A;N/A;N/A;N/A;N/A;N/A;N/A;N/A;N/A;N/A;N/A;N/A;N/A;N/A;N/A;N/A;N/A;N/A;N/A;N/A;N/A;N/A;N/A;N/A;No;Sí;N/A;Sí;N/A;Sí;N/A;N/A;Sí;N/A;Sí;N/A;N/A;N/A;N/A;N/A;N/A;Sí;N/A;Sí;N/A;N/A;N/A;N/A;Sí;N/A;N/A
Nissan;Kicks;"NEW  1.6 EXCLUSIVE 5P AT";2022;"19270 km";;"CAR ONE_4";30900;;;;;"Ciudad de la Costa";https://auto.mercadolibre.com.uy/MLU-662248020-nissan-new-kicks-16-exclusive-5p-at-_JM;N/A;;"Nissan New Kicks 1.6 Exclusive 5p At";usd;Sí;gold_premium;false;N/A;N/A;http://perfil.mercadolibre.com.uy/CAR+ONE_4;active;N/A;N/A;Usado;N/A;Sí;Hidráulica;4x2;Sí;N/A;N/A;N/A;N/A;N/A;N/A;N/A;Sí;N/A;N/A;N/A;N/A;N/A;N/A;N/A;N/A;N/A;N/A;N/A;N/A;N/A;N/A;N/A;N/A;"2620 mm";"1.6 L";"41 L";6;N/A;N/A;Sí;Sí;N/A;N/A;N/A;N/A;N/A;N/A;N/A;N/A;N/A;N/A;N/A;N/A;N/A;N/A;N/A;N/A;N/A;N/A;N/A;N/A;N/A;Sí;N/A;N/A;N/A;N/A;N/A;N/A;N/A;Sí;Sí;N/A;N/A;Sí;N/A;N/A;N/A;N/A;N/A;N/A;N/A;"1590 mm";"4295 mm";N/A;N/A;N/A;N/A;5;"118 hp";Exclusive;N/A;4;"1760 mm";N/A;N/A;N/A;N/A;N/A;N/A;N/A;N/A;N/A;N/A;N/A;N/A;N/A;N/A;N/A;N/A;N/A;"Lunes a Domingos de 10 a 20 hs";5;1.6;Nafta;Automática;SUV;"Autos y camionetas";N/A;N/A;N/A;N/A;N/A;N/A;UY;N/A;Sí;N/A;N/A;N/A;N/A;N/A;N/A;N/A;N/A;N/A;N/A;N/A;N/A;N/A;N/A;N/A;N/A;N/A;N/A;N/A;N/A;N/A;N/A;N/A;N/A;N/A;N/A;N/A;N/A;N/A;N/A;N/A;N/A;N/A;N/A;N/A;N/A;N/A;N/A;N/A;N/A;N/A;N/A;N/A;N/A;N/A;N/A;N/A;N/A;N/A;N/A;N/A;N/A;N/A;N/A;N/A;N/A;N/A;N/A;N/A;N/A;N/A;N/A;N/A;N/A;N/A;N/A;N/A;N/A;N/A;N/A;N/A;N/A;N/A;N/A;N/A;N/A;N/A;N/A;N/A;N/A;N/A;N/A;N/A;N/A;N/A;N/A;No;Sí;N/A;Sí;N/A;Sí;N/A;N/A;N/A;N/A;Sí;N/A;N/A;N/A;N/A;N/A;Sí;Sí;N/A;Sí;N/A;N/A;N/A;N/A;Sí;N/A;Sí
Nissan;Note;"Advance 1.6 Mt";2020;"79601 km";;"CAR ONE_2";16900;;;;;"Ciudad de la Costa";https://auto.mercadolibre.com.uy/MLU-661468078-nissan-note-advance-16-mt-_JM;N/A;;"Nissan Note Advance 1.6 Mt";USD;Sí;gold_premium;false;N/A;N/A;http://perfil.mercadolibre.com.uy/CAR+ONE_2;active;N/A;N/A;Usado;N/A;No;N/A;4x2;N/A;N/A;N/A;N/A;N/A;N/A;N/A;N/A;N/A;N/A;N/A;N/A;N/A;N/A;N/A;N/A;N/A;N/A;N/A;N/A;N/A;N/A;N/A;N/A;N/A;N/A;N/A;"41 L";5;N/A;N/A;No;No;N/A;N/A;N/A;N/A;N/A;N/A;N/A;N/A;N/A;N/A;N/A;N/A;N/A;N/A;N/A;N/A;N/A;N/A;N/A;N/A;N/A;Sí;N/A;N/A;N/A;N/A;N/A;N/A;N/A;N/A;N/A;N/A;N/A;N/A;N/A;N/A;N/A;N/A;N/A;N/A;N/A;N/A;N/A;N/A;N/A;N/A;N/A;5;"109 hp";N/A;N/A;N/A;N/A;N/A;N/A;N/A;N/A;N/A;N/A;N/A;N/A;N/A;N/A;N/A;N/A;N/A;N/A;N/A;N/A;N/A;"Lunes a Domingos de 10 a 20 hs";5;N/A;Nafta;Manual;HATCH;"Autos y camionetas";N/A;N/A;N/A;N/A;N/A;N/A;N/A;N/A;Sí;N/A;N/A;N/A;N/A;N/A;N/A;N/A;N/A;N/A;N/A;N/A;N/A;N/A;N/A;N/A;N/A;N/A;N/A;N/A;N/A;N/A;N/A;N/A;N/A;N/A;N/A;N/A;N/A;N/A;N/A;N/A;N/A;N/A;N/A;N/A;N/A;N/A;N/A;N/A;N/A;N/A;N/A;N/A;N/A;N/A;N/A;N/A;N/A;N/A;N/A;N/A;N/A;N/A;N/A;N/A;N/A;N/A;N/A;N/A;N/A;N/A;N/A;N/A;N/A;N/A;N/A;N/A;N/A;N/A;N/A;N/A;N/A;N/A;N/A;N/A;N/A;N/A;N/A;N/A;N/A;N/A;N/A;N/A;N/A;N/A;N/A;No;Sí;N/A;N/A;N/A;Sí;N/A;N/A;N/A;N/A;Sí;N/A;N/A;N/A;N/A;N/A;N/A;N/A;N/A;N/A;N/A;N/A;N/A;N/A;N/A;N/A;N/A
Nissan;Frontier;"NEW  2.5 S TDSL DC";2021;"119960 km";;"CAR ONE_2";28900;;;;;"Ciudad de la Costa";https://auto.mercadolibre.com.uy/MLU-660896624-nissan-new-frontier-25-s-tdsl-dc-_JM;N/A;;"Nissan New Frontier 2.5 S Tdsl Dc ";USD;Sí;gold_premium;false;N/A;N/A;http://perfil.mercadolibre.com.uy/CAR+ONE_2;active;N/A;N/A;Usado;N/A;No;N/A;4x2;N/A;N/A;N/A;N/A;N/A;N/A;N/A;N/A;N/A;N/A;N/A;N/A;N/A;N/A;N/A;N/A;N/A;N/A;N/A;N/A;N/A;N/A;N/A;N/A;N/A;N/A;N/A;"80 L";6;N/A;N/A;No;No;N/A;N/A;N/A;N/A;N/A;N/A;N/A;N/A;N/A;N/A;N/A;N/A;N/A;N/A;N/A;N/A;N/A;N/A;N/A;N/A;N/A;Sí;N/A;N/A;N/A;N/A;N/A;N/A;N/A;N/A;N/A;N/A;N/A;N/A;N/A;N/A;N/A;N/A;N/A;N/A;N/A;N/A;N/A;N/A;N/A;N/A;N/A;5;"160 hp";N/A;N/A;N/A;N/A;N/A;N/A;N/A;N/A;N/A;N/A;N/A;N/A;N/A;N/A;N/A;N/A;N/A;N/A;N/A;N/A;N/A;"Lunes a Domingos de 10 a 20 hs";4;N/A;Diésel;Manual;Pick-Up;"Autos y camionetas";N/A;N/A;N/A;N/A;N/A;N/A;N/A;N/A;Sí;N/A;N/A;N/A;N/A;N/A;N/A;N/A;N/A;N/A;N/A;N/A;N/A;N/A;N/A;N/A;N/A;N/A;N/A;N/A;N/A;N/A;N/A;N/A;N/A;N/A;N/A;N/A;N/A;N/A;N/A;N/A;N/A;N/A;N/A;N/A;N/A;N/A;N/A;N/A;N/A;N/A;N/A;N/A;N/A;N/A;N/A;N/A;N/A;N/A;N/A;N/A;N/A;N/A;N/A;N/A;N/A;N/A;N/A;N/A;N/A;N/A;N/A;N/A;N/A;N/A;N/A;N/A;N/A;N/A;N/A;N/A;N/A;N/A;N/A;N/A;N/A;N/A;N/A;N/A;N/A;N/A;N/A;N/A;N/A;N/A;N/A;No;Sí;N/A;N/A;N/A;Sí;N/A;N/A;N/A;N/A;Sí;N/A;N/A;N/A;N/A;N/A;N/A;N/A;N/A;N/A;N/A;N/A;N/A;N/A;N/A;N/A;N/A
Nissan;"SENTRA B18";"2.0 EXCLUSIVE AT";2022;"23500 km";;"CAR ONE_3";32000;;;;;"Ciudad de la Costa";https://auto.mercadolibre.com.uy/MLU-634168681-nissan-sentra-b18-20-exclusive-at-_JM;N/A;;"Nissan Sentra B18 2.0 Exclusive At";usd;Sí;gold_premium;false;N/A;N/A;http://perfil.mercadolibre.com.uy/CAR+ONE_3;active;N/A;N/A;Usado;N/A;Sí;Hidráulica;4x2;Sí;N/A;N/A;N/A;N/A;N/A;N/A;N/A;Sí;N/A;N/A;N/A;N/A;N/A;N/A;N/A;N/A;N/A;N/A;N/A;N/A;N/A;N/A;N/A;N/A;"2700 mm";"1.8 L";"47 L";8;N/A;N/A;Sí;Sí;N/A;N/A;N/A;N/A;N/A;N/A;N/A;N/A;N/A;N/A;N/A;N/A;N/A;N/A;N/A;N/A;N/A;N/A;N/A;N/A;N/A;Sí;N/A;N/A;N/A;N/A;N/A;N/A;N/A;Sí;Sí;N/A;N/A;Sí;N/A;N/A;N/A;N/A;N/A;N/A;N/A;"1509 mm";"4636 mm";N/A;N/A;N/A;N/A;5;"145 hp";Exclusive;N/A;4;"1761 mm";N/A;N/A;N/A;N/A;N/A;N/A;N/A;Sí;N/A;Sí;N/A;N/A;N/A;N/A;N/A;N/A;N/A;"Lunes a Domingos de 10 a 20 hs";4;1.8;Nafta;Automática;Sedán;"Autos y camionetas";N/A;N/A;N/A;N/A;N/A;N/A;UY;N/A;Sí;N/A;N/A;N/A;N/A;N/A;N/A;N/A;N/A;N/A;N/A;N/A;N/A;N/A;N/A;N/A;N/A;N/A;N/A;N/A;N/A;N/A;N/A;N/A;N/A;N/A;N/A;N/A;N/A;N/A;N/A;N/A;N/A;N/A;N/A;N/A;N/A;N/A;N/A;N/A;N/A;N/A;N/A;N/A;N/A;N/A;N/A;N/A;N/A;N/A;N/A;N/A;N/A;N/A;N/A;N/A;N/A;N/A;N/A;N/A;N/A;N/A;N/A;N/A;N/A;N/A;N/A;N/A;N/A;N/A;N/A;N/A;N/A;N/A;N/A;N/A;N/A;N/A;N/A;N/A;N/A;N/A;N/A;N/A;N/A;N/A;N/A;No;Sí;N/A;Sí;N/A;Sí;N/A;N/A;Sí;N/A;Sí;N/A;N/A;N/A;N/A;N/A;N/A;N/A;N/A;Sí;N/A;N/A;N/A;N/A;Sí;N/A;Sí
Nissan;Frontier;"2.5 TDI S DC";2021;"98222 km";;"CAR ONE_1";28750;;;;;"Ciudad de la Costa";https://auto.mercadolibre.com.uy/MLU-659829874-nissan-frontier-25-tdi-s-dc-_JM;N/A;;"Nissan Frontier 2.5 Tdi S Dc ";USD;Sí;gold_premium;false;N/A;N/A;http://perfil.mercadolibre.com.uy/CAR+ONE_1;active;N/A;N/A;Usado;N/A;No;N/A;4x2;N/A;N/A;N/A;N/A;N/A;N/A;N/A;N/A;N/A;N/A;N/A;N/A;N/A;N/A;N/A;N/A;N/A;N/A;N/A;N/A;N/A;N/A;N/A;N/A;N/A;N/A;N/A;"0 L";6;N/A;N/A;No;No;N/A;N/A;N/A;N/A;N/A;N/A;N/A;N/A;N/A;N/A;N/A;N/A;N/A;N/A;N/A;N/A;N/A;N/A;N/A;N/A;N/A;Sí;N/A;N/A;N/A;N/A;N/A;N/A;N/A;N/A;N/A;N/A;N/A;N/A;N/A;N/A;N/A;N/A;N/A;N/A;N/A;N/A;N/A;N/A;N/A;N/A;N/A;5;"161 hp";N/A;N/A;N/A;N/A;N/A;N/A;N/A;N/A;N/A;N/A;N/A;N/A;N/A;N/A;N/A;N/A;N/A;N/A;N/A;N/A;N/A;"Lunes a Domingos de 10 a 20 hs";4;N/A;Diésel;Manual;Pick-Up;"Autos y camionetas";N/A;N/A;N/A;N/A;N/A;N/A;N/A;N/A;Sí;N/A;N/A;N/A;N/A;N/A;N/A;N/A;N/A;N/A;N/A;N/A;N/A;N/A;N/A;N/A;N/A;N/A;N/A;N/A;N/A;N/A;N/A;N/A;N/A;N/A;N/A;N/A;N/A;N/A;N/A;N/A;N/A;N/A;N/A;N/A;N/A;N/A;N/A;N/A;N/A;N/A;N/A;N/A;N/A;N/A;N/A;N/A;N/A;N/A;N/A;N/A;N/A;N/A;N/A;N/A;N/A;N/A;N/A;N/A;N/A;N/A;N/A;N/A;N/A;N/A;N/A;N/A;N/A;N/A;N/A;N/A;N/A;N/A;N/A;N/A;N/A;N/A;N/A;N/A;N/A;N/A;N/A;N/A;N/A;N/A;N/A;No;Sí;N/A;N/A;N/A;Sí;N/A;N/A;N/A;N/A;Sí;N/A;N/A;N/A;N/A;N/A;N/A;N/A;N/A;N/A;N/A;N/A;N/A;N/A;N/A;N/A;N/A
Nissan;Frontier;"2.5 S TDSL 120HP DC 4X4";2019;"102250 km";;"CAR ONE_2";36900;;;;;"Ciudad de la Costa";https://auto.mercadolibre.com.uy/MLU-659639560-nissan-frontier-25-s-tdsl-120hp-dc-4x4-_JM;N/A;;"Nissan Frontier 2.5 S Tdsl 120hp Dc 4x4";USD;Sí;gold_premium;false;N/A;N/A;http://perfil.mercadolibre.com.uy/CAR+ONE_2;active;N/A;N/A;Usado;N/A;Sí;N/A;4x4;N/A;N/A;N/A;N/A;N/A;N/A;N/A;N/A;N/A;N/A;N/A;N/A;N/A;N/A;N/A;N/A;N/A;N/A;N/A;N/A;N/A;N/A;N/A;N/A;N/A;N/A;N/A;"0 L";6;N/A;N/A;No;No;N/A;N/A;N/A;N/A;N/A;N/A;N/A;N/A;N/A;N/A;N/A;N/A;N/A;N/A;N/A;N/A;N/A;N/A;N/A;N/A;N/A;Sí;N/A;N/A;N/A;N/A;N/A;N/A;N/A;N/A;N/A;N/A;N/A;N/A;N/A;N/A;N/A;N/A;N/A;N/A;N/A;N/A;N/A;N/A;N/A;N/A;N/A;5;"120 hp";N/A;N/A;N/A;N/A;N/A;N/A;N/A;N/A;N/A;N/A;N/A;N/A;N/A;N/A;N/A;N/A;N/A;N/A;N/A;N/A;N/A;"Lunes a Domingos de 10 a 20 hs";4;N/A;Diésel;Manual;Pick-Up;"Autos y camionetas";N/A;N/A;N/A;N/A;N/A;N/A;N/A;N/A;Sí;N/A;N/A;N/A;N/A;N/A;N/A;N/A;N/A;N/A;N/A;N/A;N/A;N/A;N/A;N/A;N/A;N/A;N/A;N/A;N/A;N/A;N/A;N/A;N/A;N/A;N/A;N/A;N/A;N/A;N/A;N/A;N/A;N/A;N/A;N/A;N/A;N/A;N/A;N/A;N/A;N/A;N/A;N/A;N/A;N/A;N/A;N/A;N/A;N/A;N/A;N/A;N/A;N/A;N/A;N/A;N/A;N/A;N/A;N/A;N/A;N/A;N/A;N/A;N/A;N/A;N/A;N/A;N/A;N/A;N/A;N/A;N/A;N/A;N/A;N/A;N/A;N/A;N/A;N/A;N/A;N/A;N/A;N/A;N/A;N/A;N/A;No;Sí;N/A;N/A;N/A;Sí;N/A;N/A;N/A;N/A;Sí;N/A;N/A;N/A;N/A;N/A;N/A;N/A;N/A;N/A;N/A;N/A;N/A;N/A;N/A;N/A;N/A
Nissan;March;"1.6 Advance Mt";2020;"55000 km";;"CAR ONE_4";15850;;;;;"Ciudad de la Costa";https://auto.mercadolibre.com.uy/MLU-658623404-nissan-march-16-advance-mt-_JM;N/A;;"Nissan March 1.6 Advance Mt";USD;Sí;gold_premium;false;N/A;N/A;http://perfil.mercadolibre.com.uy/CAR+ONE_4;active;N/A;N/A;Usado;N/A;Sí;N/A;4x2;N/A;N/A;N/A;N/A;N/A;N/A;N/A;N/A;N/A;N/A;N/A;N/A;N/A;N/A;N/A;N/A;N/A;N/A;N/A;N/A;N/A;N/A;N/A;N/A;N/A;N/A;N/A;"41 L";5;N/A;N/A;No;No;N/A;N/A;N/A;N/A;N/A;N/A;N/A;N/A;N/A;N/A;N/A;N/A;N/A;N/A;N/A;N/A;N/A;N/A;N/A;N/A;N/A;Sí;N/A;N/A;N/A;N/A;N/A;N/A;N/A;N/A;N/A;N/A;N/A;N/A;N/A;N/A;N/A;N/A;N/A;N/A;N/A;N/A;N/A;N/A;N/A;N/A;N/A;5;"106 hp";N/A;N/A;N/A;N/A;N/A;N/A;N/A;N/A;N/A;N/A;N/A;N/A;N/A;N/A;N/A;N/A;N/A;N/A;N/A;N/A;N/A;"Lunes a Domingos de 10 a 20 hs";5;N/A;Nafta;Manual;HATCH;"Autos y camionetas";N/A;N/A;N/A;N/A;N/A;N/A;N/A;N/A;Sí;N/A;N/A;N/A;N/A;N/A;N/A;N/A;N/A;N/A;N/A;N/A;N/A;N/A;N/A;N/A;N/A;N/A;N/A;N/A;N/A;N/A;N/A;N/A;N/A;N/A;N/A;N/A;N/A;N/A;N/A;N/A;N/A;N/A;N/A;N/A;N/A;N/A;N/A;N/A;N/A;N/A;N/A;N/A;N/A;N/A;N/A;N/A;N/A;N/A;N/A;N/A;N/A;N/A;N/A;N/A;N/A;N/A;N/A;N/A;N/A;N/A;N/A;N/A;N/A;N/A;N/A;N/A;N/A;N/A;N/A;N/A;N/A;N/A;N/A;N/A;N/A;N/A;N/A;N/A;N/A;N/A;N/A;N/A;N/A;N/A;N/A;No;Sí;N/A;N/A;N/A;Sí;N/A;N/A;N/A;N/A;Sí;N/A;N/A;N/A;N/A;N/A;N/A;N/A;N/A;N/A;N/A;N/A;N/A;N/A;N/A;N/A;N/A
Nissan;Note;"SENSE 1.6 MT";2018;"61347 km";;"CAR ONE_2";15900;;;;;"Ciudad de la Costa";https://auto.mercadolibre.com.uy/MLU-658558256-nissan-note-sense-16-mt-_JM;N/A;;"Nissan Note Sense 1.6 Mt";usd;Sí;gold_premium;false;N/A;N/A;http://perfil.mercadolibre.com.uy/CAR+ONE_2;active;N/A;N/A;Usado;N/A;No;Hidráulica;4x2;Sí;N/A;N/A;N/A;N/A;N/A;N/A;N/A;N/A;N/A;N/A;N/A;N/A;N/A;N/A;N/A;N/A;N/A;N/A;N/A;N/A;N/A;N/A;N/A;N/A;"2600 mm";"1.6 L";"41 L";5;N/A;N/A;No;No;N/A;N/A;N/A;N/A;N/A;N/A;N/A;N/A;N/A;N/A;N/A;N/A;N/A;N/A;N/A;N/A;N/A;N/A;N/A;N/A;N/A;Sí;N/A;N/A;N/A;N/A;N/A;N/A;N/A;Sí;Sí;N/A;N/A;N/A;N/A;N/A;N/A;N/A;N/A;N/A;N/A;"1535 mm";"4150 mm";N/A;N/A;N/A;N/A;5;"109 hp";Sense;N/A;4;N/A;N/A;N/A;N/A;N/A;N/A;N/A;N/A;Sí;N/A;N/A;N/A;N/A;N/A;N/A;N/A;N/A;N/A;"Lunes a Domingos de 10 a 20 hs";5;1.6;Nafta;Manual;HATCH;"Autos y camionetas";N/A;N/A;N/A;N/A;N/A;N/A;UY;N/A;Sí;N/A;N/A;N/A;N/A;N/A;N/A;N/A;N/A;N/A;N/A;N/A;N/A;N/A;N/A;N/A;N/A;N/A;N/A;N/A;N/A;N/A;N/A;N/A;N/A;N/A;N/A;N/A;N/A;N/A;N/A;N/A;N/A;N/A;N/A;N/A;N/A;N/A;N/A;N/A;N/A;N/A;N/A;N/A;N/A;N/A;N/A;N/A;N/A;N/A;N/A;N/A;N/A;N/A;N/A;N/A;N/A;N/A;N/A;N/A;N/A;N/A;N/A;N/A;N/A;N/A;N/A;N/A;N/A;N/A;N/A;N/A;N/A;N/A;N/A;N/A;N/A;N/A;N/A;N/A;N/A;N/A;N/A;N/A;N/A;N/A;N/A;No;Sí;N/A;Sí;N/A;Sí;N/A;N/A;N/A;N/A;Sí;N/A;N/A;N/A;N/A;N/A;N/A;Sí;N/A;Sí;N/A;N/A;N/A;N/A;Sí;N/A;N/A
Nissan;Kicks;"NEW  1.6 EXCLUSIVE 5P AT";2021;"23460 km";;"CAR ONE_1";31900;;;;;"Ciudad de la Costa";https://auto.mercadolibre.com.uy/MLU-658401062-nissan-new-kicks-16-exclusive-5p-at-_JM;N/A;;"Nissan New Kicks 1.6 Exclusive 5p At";usd;Sí;gold_premium;false;N/A;N/A;http://perfil.mercadolibre.com.uy/CAR+ONE_1;active;N/A;N/A;Usado;N/A;Sí;Hidráulica;4x2;Sí;N/A;N/A;N/A;N/A;N/A;N/A;N/A;Sí;N/A;N/A;N/A;N/A;N/A;N/A;N/A;N/A;N/A;N/A;N/A;N/A;N/A;N/A;N/A;N/A;"2620 mm";"1.6 L";"41 L";6;N/A;N/A;Sí;Sí;N/A;N/A;N/A;N/A;N/A;N/A;N/A;N/A;N/A;N/A;N/A;N/A;N/A;N/A;N/A;N/A;N/A;N/A;N/A;N/A;N/A;Sí;N/A;N/A;N/A;N/A;N/A;N/A;N/A;Sí;Sí;N/A;N/A;Sí;N/A;N/A;N/A;N/A;N/A;N/A;N/A;"1590 mm";"4295 mm";N/A;N/A;N/A;N/A;5;"118 hp";Exclusive;N/A;4;"1760 mm";N/A;N/A;N/A;N/A;N/A;N/A;N/A;N/A;N/A;N/A;N/A;N/A;N/A;N/A;N/A;N/A;N/A;"Lunes a Domingos de 10 a 20 hs";5;1.6;Nafta;Automática;SUV;"Autos y camionetas";N/A;N/A;N/A;N/A;N/A;N/A;UY;N/A;Sí;N/A;N/A;N/A;N/A;N/A;N/A;N/A;N/A;N/A;N/A;N/A;N/A;N/A;N/A;N/A;N/A;N/A;N/A;N/A;N/A;N/A;N/A;N/A;N/A;N/A;N/A;N/A;N/A;N/A;N/A;N/A;N/A;N/A;N/A;N/A;N/A;N/A;N/A;N/A;N/A;N/A;N/A;N/A;N/A;N/A;N/A;N/A;N/A;N/A;N/A;N/A;N/A;N/A;N/A;N/A;N/A;N/A;N/A;N/A;N/A;N/A;N/A;N/A;N/A;N/A;N/A;N/A;N/A;N/A;N/A;N/A;N/A;N/A;N/A;N/A;N/A;N/A;N/A;N/A;N/A;N/A;N/A;N/A;N/A;N/A;N/A;No;Sí;N/A;Sí;N/A;Sí;N/A;N/A;N/A;N/A;Sí;N/A;N/A;N/A;N/A;N/A;Sí;Sí;N/A;Sí;N/A;N/A;N/A;N/A;Sí;N/A;Sí
Nissan;Qashqai;"NEW  ADVANCE 2.0 AT";2018;"82180 km";;"CAR ONE_3";24200;;;;;"Ciudad de la Costa";https://auto.mercadolibre.com.uy/MLU-658310314-nissan-new-qashqai-advance-20-at-_JM;N/A;;"Nissan New Qashqai Advance 2.0 At ";usd;Sí;gold_premium;false;N/A;N/A;http://perfil.mercadolibre.com.uy/CAR+ONE_3;active;N/A;N/A;Usado;N/A;Sí;Hidráulica;4x2;Sí;N/A;N/A;N/A;N/A;N/A;N/A;N/A;N/A;N/A;N/A;N/A;N/A;N/A;N/A;N/A;N/A;N/A;N/A;N/A;N/A;N/A;N/A;N/A;N/A;"2705 mm";"2 L";"65 L";6;N/A;N/A;No;No;N/A;N/A;N/A;N/A;N/A;N/A;N/A;N/A;N/A;N/A;N/A;N/A;N/A;N/A;N/A;N/A;N/A;N/A;N/A;N/A;N/A;Sí;N/A;N/A;N/A;N/A;N/A;N/A;N/A;Sí;Sí;Sí;N/A;Sí;N/A;N/A;N/A;N/A;N/A;N/A;N/A;"1740 mm";"4690 mm";N/A;N/A;N/A;N/A;5;"142 hp";Advance;N/A;4;"1820 mm";N/A;N/A;N/A;N/A;N/A;N/A;N/A;Sí;N/A;Sí;N/A;N/A;N/A;N/A;N/A;N/A;N/A;"Lunes a Domingos de 10 a 20 hs";5;2.0;Nafta;Automática;SUV;"Autos y camionetas";N/A;N/A;N/A;N/A;N/A;N/A;UY;N/A;Sí;N/A;N/A;N/A;N/A;N/A;N/A;N/A;N/A;N/A;N/A;N/A;N/A;N/A;N/A;N/A;N/A;N/A;N/A;N/A;N/A;N/A;N/A;N/A;N/A;N/A;N/A;N/A;N/A;N/A;N/A;N/A;N/A;N/A;N/A;N/A;N/A;N/A;N/A;N/A;N/A;N/A;N/A;N/A;N/A;N/A;N/A;N/A;N/A;N/A;N/A;N/A;N/A;N/A;N/A;N/A;N/A;N/A;N/A;N/A;N/A;N/A;N/A;N/A;N/A;N/A;N/A;N/A;N/A;N/A;N/A;N/A;N/A;N/A;N/A;N/A;N/A;N/A;N/A;N/A;N/A;N/A;N/A;N/A;N/A;N/A;N/A;No;Sí;N/A;Sí;N/A;Sí;N/A;N/A;Sí;N/A;Sí;N/A;N/A;N/A;N/A;N/A;Sí;Sí;N/A;Sí;N/A;Sí;N/A;N/A;Sí;N/A;Sí
Nissan;March;Active;2015;"158498 km";;"AUTOMOTORA BARRIOLA";11900;;;;;"Las Piedras";https://auto.mercadolibre.com.uy/MLU-657826482-nissan-march-active-16-2015-muy-buen-estado-barriola-_JM;N/A;;"Nissan March Active 1.6 2015 Muy Buen Estado! - Barriola";USD;Sí;gold_premium;false;N/A;N/A;http://perfil.mercadolibre.com.uy/AUTOMOTORA+BARRIOLA;active;N/A;N/A;Usado;Negro;N/A;Hidráulica;N/A;Sí;Sí;N/A;N/A;N/A;N/A;Sí;N/A;N/A;N/A;N/A;N/A;N/A;N/A;N/A;N/A;N/A;N/A;N/A;N/A;N/A;N/A;N/A;N/A;N/A;N/A;"1600 cc";N/A;5;N/A;N/A;N/A;N/A;N/A;N/A;N/A;N/A;N/A;N/A;N/A;N/A;N/A;N/A;N/A;N/A;N/A;N/A;N/A;N/A;N/A;N/A;N/A;N/A;N/A;N/A;N/A;N/A;N/A;N/A;N/A;N/A;N/A;N/A;N/A;N/A;N/A;N/A;N/A;N/A;N/A;N/A;N/A;N/A;N/A;N/A;N/A;N/A;N/A;N/A;N/A;N/A;N/A;Active;N/A;N/A;N/A;N/A;N/A;N/A;N/A;N/A;N/A;N/A;N/A;N/A;N/A;N/A;N/A;N/A;N/A;N/A;N/A;N/A;"Lun. a Vie. de 9 a 19 hs. Sáb. de 9:30 a 13 hs.";5;1.6;Nafta;Manual;Hatchback;"Autos y camionetas";No;N/A;N/A;N/A;No;N/A;N/A;No;Sí;No;No;N/A;N/A;N/A;N/A;N/A;N/A;N/A;N/A;N/A;N/A;N/A;N/A;N/A;N/A;N/A;N/A;N/A;N/A;N/A;N/A;N/A;N/A;N/A;N/A;N/A;N/A;N/A;N/A;N/A;N/A;N/A;N/A;N/A;N/A;N/A;N/A;N/A;N/A;N/A;N/A;N/A;N/A;N/A;N/A;N/A;N/A;N/A;N/A;N/A;N/A;N/A;No;N/A;N/A;N/A;N/A;N/A;N/A;N/A;N/A;N/A;N/A;N/A;N/A;N/A;N/A;N/A;N/A;N/A;N/A;N/A;N/A;N/A;N/A;N/A;N/A;N/A;N/A;N/A;N/A;N/A;N/A;N/A;N/A;N/A;Sí;N/A;N/A;N/A;Sí;N/A;N/A;N/A;N/A;Sí;N/A;N/A;N/A;N/A;N/A;N/A;N/A;N/A;Sí;N/A;N/A;Sí;N/A;Sí;N/A;N/A
Nissan;Kicks;"NEW  1.6 EXCLUSIVE 5P AT";2022;"35190 km";;"CAR ONE_2";31400;;;;;"Ciudad de la Costa";https://auto.mercadolibre.com.uy/MLU-657224310-nissan-new-kicks-16-exclusive-5p-at-_JM;N/A;;"Nissan New Kicks 1.6 Exclusive 5p At";usd;Sí;gold_premium;false;N/A;N/A;http://perfil.mercadolibre.com.uy/CAR+ONE_2;active;N/A;N/A;Usado;N/A;Sí;Hidráulica;4x2;Sí;N/A;N/A;N/A;N/A;N/A;N/A;N/A;Sí;N/A;N/A;N/A;N/A;N/A;N/A;N/A;N/A;N/A;N/A;N/A;N/A;N/A;N/A;N/A;N/A;"2620 mm";"1.6 L";"41 L";6;N/A;N/A;Sí;Sí;N/A;N/A;N/A;N/A;N/A;N/A;N/A;N/A;N/A;N/A;N/A;N/A;N/A;N/A;N/A;N/A;N/A;N/A;N/A;N/A;N/A;Sí;N/A;N/A;N/A;N/A;N/A;N/A;N/A;Sí;Sí;N/A;N/A;Sí;N/A;N/A;N/A;N/A;N/A;N/A;N/A;"1590 mm";"4295 mm";N/A;N/A;N/A;N/A;5;"118 hp";Exclusive;N/A;4;"1760 mm";N/A;N/A;N/A;N/A;N/A;N/A;N/A;N/A;N/A;N/A;N/A;N/A;N/A;N/A;N/A;N/A;N/A;"Lunes a Domingos de 10 a 20 hs";5;1.6;Nafta;Automática;SUV;"Autos y camionetas";N/A;N/A;N/A;N/A;N/A;N/A;UY;N/A;Sí;N/A;N/A;N/A;N/A;N/A;N/A;N/A;N/A;N/A;N/A;N/A;N/A;N/A;N/A;N/A;N/A;N/A;N/A;N/A;N/A;N/A;N/A;N/A;N/A;N/A;N/A;N/A;N/A;N/A;N/A;N/A;N/A;N/A;N/A;N/A;N/A;N/A;N/A;N/A;N/A;N/A;N/A;N/A;N/A;N/A;N/A;N/A;N/A;N/A;N/A;N/A;N/A;N/A;N/A;N/A;N/A;N/A;N/A;N/A;N/A;N/A;N/A;N/A;N/A;N/A;N/A;N/A;N/A;N/A;N/A;N/A;N/A;N/A;N/A;N/A;N/A;N/A;N/A;N/A;N/A;N/A;N/A;N/A;N/A;N/A;N/A;No;Sí;N/A;Sí;N/A;Sí;N/A;N/A;N/A;N/A;Sí;N/A;N/A;N/A;N/A;N/A;Sí;Sí;N/A;Sí;N/A;N/A;N/A;N/A;Sí;N/A;Sí
Nissan;D-21;4x2;2005;"336415 km";;"AUTOMOTORA BARRIOLA";14700;;;;;"Las Piedras";https://auto.mercadolibre.com.uy/MLU-657138418-nissan-d21-4x2-27-2005-buen-estado-barriola-_JM;N/A;;"Nissan D21 4x2 2.7 2005 Buen Estado! - Barriola";USD;No;gold_premium;false;N/A;N/A;http://perfil.mercadolibre.com.uy/AUTOMOTORA+BARRIOLA;active;N/A;N/A;Usado;Plateado;N/A;Hidráulica;N/A;N/A;N/A;N/A;N/A;N/A;N/A;N/A;N/A;N/A;N/A;N/A;N/A;N/A;N/A;N/A;N/A;N/A;N/A;N/A;N/A;N/A;N/A;N/A;N/A;N/A;N/A;"2700 cc";N/A;5;N/A;N/A;N/A;N/A;N/A;N/A;N/A;N/A;N/A;N/A;N/A;N/A;N/A;N/A;N/A;N/A;N/A;N/A;N/A;N/A;N/A;N/A;N/A;N/A;N/A;N/A;N/A;N/A;N/A;N/A;N/A;N/A;N/A;N/A;N/A;N/A;N/A;N/A;N/A;N/A;N/A;N/A;N/A;N/A;N/A;N/A;N/A;N/A;N/A;N/A;N/A;N/A;N/A;N/A;N/A;N/A;N/A;N/A;N/A;N/A;N/A;N/A;N/A;N/A;N/A;N/A;N/A;N/A;N/A;N/A;N/A;N/A;N/A;N/A;"Lun. a Vie. de 9 a 19 hs. Sáb. de 9:30 a 13 hs.";2;2.7;Diésel;Manual;Pick-Up;"Autos y camionetas";No;N/A;N/A;N/A;No;N/A;N/A;No;Sí;No;No;N/A;N/A;N/A;N/A;N/A;N/A;N/A;N/A;N/A;N/A;N/A;N/A;N/A;N/A;N/A;N/A;N/A;N/A;N/A;N/A;N/A;N/A;N/A;N/A;N/A;N/A;N/A;N/A;N/A;N/A;N/A;N/A;N/A;N/A;N/A;N/A;N/A;N/A;N/A;N/A;N/A;N/A;N/A;N/A;N/A;N/A;N/A;N/A;N/A;N/A;N/A;No;N/A;N/A;N/A;N/A;N/A;N/A;N/A;N/A;N/A;N/A;N/A;N/A;N/A;N/A;N/A;N/A;N/A;N/A;N/A;N/A;N/A;N/A;N/A;N/A;N/A;N/A;N/A;N/A;N/A;N/A;N/A;N/A;N/A;N/A;N/A;N/A;N/A;N/A;N/A;N/A;N/A;N/A;N/A;N/A;N/A;N/A;N/A;N/A;N/A;N/A;N/A;N/A;N/A;N/A;N/A;N/A;N/A;N/A;N/A
Nissan;Frontier;4x4;2013;"282805 km";;"AUTOMOTORA BARRIOLA";13500;;;;;"Las Piedras";https://auto.mercadolibre.com.uy/MLU-633541457-nissan-frontier-4x4-24-2013-excelente-estado-barriola-_JM;N/A;;"Nissan Frontier 4x4 2.4 2013 Excelente Estado! - Barriola";USD;Sí;gold_premium;false;N/A;N/A;http://perfil.mercadolibre.com.uy/AUTOMOTORA+BARRIOLA;active;N/A;N/A;Usado;Blanco;N/A;Hidráulica;N/A;Sí;Sí;N/A;N/A;N/A;N/A;N/A;N/A;N/A;N/A;N/A;N/A;Sí;N/A;N/A;N/A;N/A;N/A;N/A;N/A;N/A;N/A;N/A;N/A;N/A;N/A;"2400 cc";N/A;5;N/A;N/A;N/A;N/A;N/A;N/A;N/A;N/A;N/A;N/A;N/A;N/A;N/A;N/A;N/A;N/A;N/A;N/A;N/A;N/A;N/A;N/A;N/A;N/A;N/A;N/A;N/A;N/A;N/A;N/A;N/A;N/A;N/A;N/A;N/A;N/A;N/A;N/A;N/A;N/A;N/A;N/A;N/A;N/A;N/A;N/A;N/A;N/A;N/A;N/A;N/A;N/A;N/A;N/A;N/A;N/A;N/A;N/A;N/A;N/A;N/A;N/A;N/A;N/A;N/A;N/A;N/A;N/A;N/A;N/A;N/A;N/A;N/A;N/A;"Lun. a Vie. de 9 a 19 hs. Sáb. de 9:30 a 13 hs.";5;2.4;Nafta;Manual;Pick-Up;"Autos y camionetas";No;N/A;N/A;N/A;No;N/A;N/A;No;Sí;No;No;N/A;N/A;N/A;N/A;N/A;N/A;N/A;N/A;N/A;N/A;N/A;N/A;N/A;N/A;N/A;N/A;N/A;N/A;N/A;N/A;N/A;N/A;N/A;N/A;N/A;N/A;N/A;N/A;N/A;N/A;N/A;N/A;N/A;N/A;N/A;N/A;N/A;N/A;N/A;N/A;N/A;N/A;N/A;N/A;N/A;N/A;N/A;N/A;N/A;N/A;N/A;No;N/A;N/A;N/A;N/A;N/A;N/A;N/A;N/A;N/A;N/A;N/A;N/A;N/A;N/A;N/A;N/A;N/A;N/A;N/A;N/A;N/A;N/A;N/A;N/A;N/A;N/A;N/A;N/A;N/A;N/A;N/A;N/A;N/A;Sí;N/A;N/A;N/A;Sí;N/A;N/A;N/A;Sí;Sí;N/A;N/A;N/A;N/A;N/A;N/A;N/A;N/A;Sí;N/A;N/A;N/A;N/A;N/A;N/A;N/A
Nissan;March;1.6;2017;"121000 km";;"CAR ONE_1";13250;;;;;"Ciudad de la Costa";https://auto.mercadolibre.com.uy/MLU-655554084-nissan-march-16-_JM;N/A;;"Nissan March 1.6 ";USD;Sí;gold_premium;false;N/A;N/A;http://perfil.mercadolibre.com.uy/CAR+ONE_1;active;N/A;N/A;Usado;N/A;No;N/A;4x2;N/A;N/A;N/A;N/A;N/A;N/A;N/A;N/A;N/A;N/A;N/A;N/A;N/A;N/A;N/A;N/A;N/A;N/A;N/A;N/A;N/A;N/A;N/A;N/A;N/A;N/A;N/A;"0 L";5;N/A;N/A;No;No;N/A;N/A;N/A;N/A;N/A;N/A;N/A;N/A;N/A;N/A;N/A;N/A;N/A;N/A;N/A;N/A;N/A;N/A;N/A;N/A;N/A;Sí;N/A;N/A;N/A;N/A;N/A;N/A;N/A;N/A;N/A;N/A;N/A;N/A;N/A;N/A;N/A;N/A;N/A;N/A;N/A;N/A;N/A;N/A;N/A;N/A;N/A;5;"106 hp";N/A;N/A;N/A;N/A;N/A;N/A;N/A;N/A;N/A;N/A;N/A;N/A;N/A;N/A;N/A;N/A;N/A;N/A;N/A;N/A;N/A;"Lunes a Domingos de 10 a 20 hs";5;N/A;Nafta;Manual;HATCH;"Autos y camionetas";N/A;N/A;N/A;N/A;N/A;N/A;N/A;N/A;Sí;N/A;N/A;N/A;N/A;N/A;N/A;N/A;N/A;N/A;N/A;N/A;N/A;N/A;N/A;N/A;N/A;N/A;N/A;N/A;N/A;N/A;N/A;N/A;N/A;N/A;N/A;N/A;N/A;N/A;N/A;N/A;N/A;N/A;N/A;N/A;N/A;N/A;N/A;N/A;N/A;N/A;N/A;N/A;N/A;N/A;N/A;N/A;N/A;N/A;N/A;N/A;N/A;N/A;N/A;N/A;N/A;N/A;N/A;N/A;N/A;N/A;N/A;N/A;N/A;N/A;N/A;N/A;N/A;N/A;N/A;N/A;N/A;N/A;N/A;N/A;N/A;N/A;N/A;N/A;N/A;N/A;N/A;N/A;N/A;N/A;N/A;No;Sí;N/A;N/A;N/A;Sí;N/A;N/A;N/A;N/A;Sí;N/A;N/A;N/A;N/A;N/A;N/A;N/A;N/A;N/A;N/A;N/A;N/A;N/A;N/A;N/A;N/A
Nissan;Versa;"NEW  1.6 ADVANCE 4P";2021;"8260 km";;"CAR ONE_1";24750;;;;;"Ciudad de la Costa";https://auto.mercadolibre.com.uy/MLU-654238616-nissan-new-versa-16-advance-4p-_JM;N/A;;"Nissan New Versa 1.6 Advance 4p";usd;Sí;gold_premium;false;N/A;N/A;http://perfil.mercadolibre.com.uy/CAR+ONE_1;active;N/A;N/A;Usado;N/A;Sí;Hidráulica;4x2;Sí;N/A;N/A;N/A;N/A;N/A;N/A;N/A;N/A;N/A;N/A;N/A;N/A;N/A;N/A;N/A;N/A;N/A;N/A;N/A;N/A;N/A;N/A;N/A;N/A;"2600 mm";"1.6 L";"41 L";5;N/A;N/A;Sí;Sí;N/A;N/A;N/A;N/A;N/A;N/A;N/A;N/A;N/A;N/A;N/A;N/A;N/A;N/A;N/A;N/A;N/A;N/A;N/A;N/A;N/A;Sí;N/A;N/A;N/A;N/A;N/A;N/A;N/A;Sí;Sí;N/A;N/A;N/A;N/A;N/A;N/A;N/A;N/A;N/A;N/A;"1506 mm";"4492 mm";N/A;N/A;N/A;N/A;5;"118 hp";Advance;N/A;4;"1695 mm";N/A;N/A;N/A;N/A;N/A;N/A;N/A;Sí;N/A;N/A;N/A;N/A;N/A;N/A;N/A;N/A;N/A;"Lunes a Domingos de 10 a 20 hs";4;1.6;Nafta;Manual;Sedán;"Autos y camionetas";N/A;N/A;N/A;N/A;N/A;N/A;UY;N/A;Sí;N/A;N/A;N/A;N/A;N/A;N/A;N/A;N/A;N/A;N/A;N/A;N/A;N/A;N/A;N/A;N/A;N/A;N/A;N/A;N/A;N/A;N/A;N/A;N/A;N/A;N/A;N/A;N/A;N/A;N/A;N/A;N/A;N/A;N/A;N/A;N/A;N/A;N/A;N/A;N/A;N/A;N/A;N/A;N/A;N/A;N/A;N/A;N/A;N/A;N/A;N/A;N/A;N/A;N/A;N/A;N/A;N/A;N/A;N/A;N/A;N/A;N/A;N/A;N/A;N/A;N/A;N/A;N/A;N/A;N/A;N/A;N/A;N/A;N/A;N/A;N/A;N/A;N/A;N/A;N/A;N/A;N/A;N/A;N/A;N/A;N/A;No;Sí;N/A;Sí;N/A;Sí;N/A;N/A;Sí;N/A;Sí;N/A;N/A;N/A;N/A;N/A;N/A;Sí;N/A;Sí;N/A;N/A;N/A;N/A;Sí;N/A;N/A
Nissan;D-21;"Doble Cabina";1994;"247294 km";;"AUTOMOTORA BARRIOLA";9900;;;;;"Las Piedras";https://auto.mercadolibre.com.uy/MLU-659074662-nissan-d21-doble-cabina-1994-excelente-estado-barriola-_JM;N/A;;"Nissan D21 Doble Cabina 1994 Excelente Estado! - Barriola";USD;No;gold_premium;false;N/A;N/A;http://perfil.mercadolibre.com.uy/AUTOMOTORA+BARRIOLA;active;N/A;N/A;Usado;Plateado;Sí;Mecánica;N/A;N/A;N/A;N/A;N/A;N/A;N/A;N/A;N/A;N/A;N/A;N/A;N/A;N/A;N/A;N/A;N/A;N/A;N/A;N/A;N/A;N/A;N/A;N/A;N/A;N/A;N/A;N/A;N/A;5;N/A;N/A;N/A;N/A;N/A;N/A;N/A;N/A;N/A;N/A;N/A;N/A;N/A;N/A;N/A;N/A;N/A;N/A;N/A;N/A;N/A;N/A;N/A;N/A;N/A;N/A;N/A;N/A;N/A;N/A;N/A;N/A;N/A;N/A;N/A;N/A;N/A;N/A;N/A;N/A;N/A;N/A;N/A;N/A;N/A;N/A;N/A;N/A;N/A;N/A;N/A;N/A;N/A;N/A;N/A;N/A;N/A;N/A;N/A;N/A;N/A;N/A;N/A;N/A;N/A;N/A;N/A;N/A;N/A;N/A;N/A;N/A;N/A;N/A;"Lun. a Vie. de 9 a 19 hs. Sáb. de 9:30 a 13 hs.";5;N/A;Nafta;Manual;Pick-Up;"Autos y camionetas";No;N/A;N/A;N/A;No;N/A;N/A;No;Sí;No;No;N/A;N/A;N/A;N/A;N/A;N/A;N/A;N/A;N/A;N/A;N/A;N/A;N/A;N/A;N/A;N/A;N/A;N/A;N/A;N/A;N/A;N/A;N/A;N/A;N/A;N/A;N/A;N/A;N/A;N/A;N/A;N/A;N/A;N/A;N/A;N/A;N/A;N/A;N/A;N/A;N/A;N/A;N/A;N/A;N/A;N/A;N/A;N/A;N/A;N/A;N/A;No;N/A;N/A;N/A;N/A;N/A;N/A;N/A;N/A;N/A;N/A;N/A;N/A;N/A;N/A;N/A;N/A;N/A;N/A;N/A;N/A;N/A;N/A;N/A;N/A;N/A;N/A;N/A;N/A;N/A;N/A;N/A;N/A;N/A;N/A;N/A;N/A;N/A;N/A;N/A;N/A;N/A;N/A;N/A;N/A;N/A;N/A;N/A;N/A;N/A;N/A;N/A;Sí;N/A;N/A;N/A;N/A;N/A;N/A;N/A
Nissan;March;"1.6 Advance Mt";2020;"89650 km";;"CAR ONE_6";13700;;;;;Carrasco;https://auto.mercadolibre.com.uy/MLU-649443636-nissan-march-16-advance-mt-_JM;N/A;;"Nissan March 1.6 Advance Mt";USD;Sí;gold_premium;false;N/A;N/A;http://perfil.mercadolibre.com.uy/CAR+ONE_6;active;N/A;N/A;Usado;N/A;No;N/A;4x2;N/A;N/A;N/A;N/A;N/A;N/A;N/A;N/A;N/A;N/A;N/A;N/A;N/A;N/A;N/A;N/A;N/A;N/A;N/A;N/A;N/A;N/A;N/A;N/A;N/A;N/A;N/A;"41 L";5;N/A;N/A;No;No;N/A;N/A;N/A;N/A;N/A;N/A;N/A;N/A;N/A;N/A;N/A;N/A;N/A;N/A;N/A;N/A;N/A;N/A;N/A;N/A;N/A;Sí;N/A;N/A;N/A;N/A;N/A;N/A;N/A;N/A;N/A;N/A;N/A;N/A;N/A;N/A;N/A;N/A;N/A;N/A;N/A;N/A;N/A;N/A;N/A;N/A;N/A;5;"106 hp";N/A;N/A;N/A;N/A;N/A;N/A;N/A;N/A;N/A;N/A;N/A;N/A;N/A;N/A;N/A;N/A;N/A;N/A;N/A;N/A;N/A;"Lunes a Domingos de 10 a 20 hs";5;N/A;Nafta;Manual;HATCH;"Autos y camionetas";N/A;N/A;N/A;N/A;N/A;N/A;N/A;N/A;Sí;N/A;N/A;N/A;N/A;N/A;N/A;N/A;N/A;N/A;N/A;N/A;N/A;N/A;N/A;N/A;N/A;N/A;N/A;N/A;N/A;N/A;N/A;N/A;N/A;N/A;N/A;N/A;N/A;N/A;N/A;N/A;N/A;N/A;N/A;N/A;N/A;N/A;N/A;N/A;N/A;N/A;N/A;N/A;N/A;N/A;N/A;N/A;N/A;N/A;N/A;N/A;N/A;N/A;N/A;N/A;N/A;N/A;N/A;N/A;N/A;N/A;N/A;N/A;N/A;N/A;N/A;N/A;N/A;N/A;N/A;N/A;N/A;N/A;N/A;N/A;N/A;N/A;N/A;N/A;N/A;N/A;N/A;N/A;N/A;N/A;N/A;No;Sí;N/A;N/A;N/A;Sí;N/A;N/A;N/A;N/A;Sí;N/A;N/A;N/A;N/A;N/A;N/A;N/A;N/A;N/A;N/A;N/A;N/A;N/A;N/A;N/A;N/A
Nissan;Versa;"NEW  1.6 ADVANCE 4P";2022;"12200 km";;"CAR ONE_2";24150;;;;;"Ciudad de la Costa";https://auto.mercadolibre.com.uy/MLU-649104878-nissan-new-versa-16-advance-4p-_JM;N/A;;"Nissan New Versa 1.6 Advance 4p";usd;Sí;gold_premium;false;N/A;N/A;http://perfil.mercadolibre.com.uy/CAR+ONE_2;active;N/A;N/A;Usado;N/A;Sí;Hidráulica;4x2;Sí;N/A;N/A;N/A;N/A;N/A;N/A;N/A;N/A;N/A;N/A;N/A;N/A;N/A;N/A;N/A;N/A;N/A;N/A;N/A;N/A;N/A;N/A;N/A;N/A;"2600 mm";"1.6 L";"41 L";5;N/A;N/A;Sí;Sí;N/A;N/A;N/A;N/A;N/A;N/A;N/A;N/A;N/A;N/A;N/A;N/A;N/A;N/A;N/A;N/A;N/A;N/A;N/A;N/A;N/A;Sí;N/A;N/A;N/A;N/A;N/A;N/A;N/A;Sí;Sí;N/A;N/A;N/A;N/A;N/A;N/A;N/A;N/A;N/A;N/A;"1506 mm";"4492 mm";N/A;N/A;N/A;N/A;5;"118 hp";Advance;N/A;4;"1695 mm";N/A;N/A;N/A;N/A;N/A;N/A;N/A;Sí;N/A;N/A;N/A;N/A;N/A;N/A;N/A;N/A;N/A;"Lunes a Domingos de 10 a 20 hs";4;1.6;Nafta;Manual;Sedán;"Autos y camionetas";N/A;N/A;N/A;N/A;N/A;N/A;UY;N/A;Sí;N/A;N/A;N/A;N/A;N/A;N/A;N/A;N/A;N/A;N/A;N/A;N/A;N/A;N/A;N/A;N/A;N/A;N/A;N/A;N/A;N/A;N/A;N/A;N/A;N/A;N/A;N/A;N/A;N/A;N/A;N/A;N/A;N/A;N/A;N/A;N/A;N/A;N/A;N/A;N/A;N/A;N/A;N/A;N/A;N/A;N/A;N/A;N/A;N/A;N/A;N/A;N/A;N/A;N/A;N/A;N/A;N/A;N/A;N/A;N/A;N/A;N/A;N/A;N/A;N/A;N/A;N/A;N/A;N/A;N/A;N/A;N/A;N/A;N/A;N/A;N/A;N/A;N/A;N/A;N/A;N/A;N/A;N/A;N/A;N/A;N/A;No;Sí;N/A;Sí;N/A;Sí;N/A;N/A;Sí;N/A;Sí;N/A;N/A;N/A;N/A;N/A;N/A;Sí;N/A;Sí;N/A;N/A;N/A;N/A;Sí;N/A;N/A
Nissan;Versa;"NEW  1.6 EXCLUSIVE AT 4P";2021;"71120 km";;"CAR ONE_3";23150;;;;;"Ciudad de la Costa";https://auto.mercadolibre.com.uy/MLU-648325420-nissan-new-versa-16-exclusive-at-4p-_JM;N/A;;"Nissan New Versa 1.6 Exclusive At 4p";usd;Sí;gold_premium;false;N/A;N/A;http://perfil.mercadolibre.com.uy/CAR+ONE_3;active;N/A;N/A;Usado;N/A;No;Hidráulica;4x2;Sí;N/A;N/A;N/A;Sí;N/A;N/A;N/A;Sí;N/A;N/A;N/A;N/A;N/A;N/A;N/A;N/A;N/A;N/A;N/A;N/A;N/A;N/A;N/A;N/A;"2600 mm";"1.6 L";"41 L";4;N/A;N/A;Sí;Sí;N/A;N/A;N/A;N/A;N/A;N/A;N/A;N/A;N/A;N/A;N/A;N/A;N/A;N/A;N/A;N/A;N/A;N/A;N/A;N/A;N/A;Sí;N/A;N/A;N/A;N/A;N/A;N/A;N/A;Sí;Sí;N/A;N/A;N/A;N/A;N/A;N/A;N/A;N/A;N/A;N/A;"1506 mm";"4465 mm";N/A;N/A;N/A;N/A;5;"118 hp";Exclusive;N/A;4;"1695 mm";N/A;N/A;N/A;N/A;N/A;N/A;N/A;Sí;N/A;N/A;N/A;N/A;N/A;N/A;N/A;N/A;N/A;"Lunes a Domingos de 10 a 20 hs";4;1.6;Nafta;Automática;Sedán;"Autos y camionetas";N/A;N/A;N/A;N/A;N/A;N/A;UY;N/A;Sí;N/A;N/A;N/A;N/A;N/A;N/A;N/A;N/A;N/A;N/A;N/A;N/A;N/A;N/A;N/A;N/A;N/A;N/A;N/A;N/A;N/A;N/A;N/A;N/A;N/A;N/A;N/A;N/A;N/A;N/A;N/A;N/A;N/A;N/A;N/A;N/A;N/A;N/A;N/A;N/A;N/A;N/A;N/A;N/A;N/A;N/A;N/A;N/A;N/A;N/A;N/A;N/A;N/A;N/A;N/A;N/A;N/A;N/A;N/A;N/A;N/A;N/A;N/A;N/A;N/A;N/A;N/A;N/A;N/A;N/A;N/A;N/A;N/A;N/A;N/A;N/A;N/A;N/A;N/A;N/A;N/A;N/A;N/A;N/A;N/A;N/A;No;Sí;N/A;Sí;N/A;Sí;N/A;N/A;Sí;N/A;Sí;N/A;N/A;N/A;N/A;N/A;N/A;Sí;N/A;Sí;N/A;N/A;N/A;N/A;Sí;N/A;N/A
Nissan;Versa;"NEW  1.6 EXCLUSIVE AT 4P";2020;"34930 km";;"CAR ONE_1";24550;;;;;"Ciudad de la Costa";https://auto.mercadolibre.com.uy/MLU-648299276-nissan-new-versa-16-exclusive-at-4p-_JM;N/A;;"Nissan New Versa 1.6 Exclusive At 4p";usd;Sí;gold_premium;false;N/A;N/A;http://perfil.mercadolibre.com.uy/CAR+ONE_1;active;N/A;N/A;Usado;N/A;Sí;Hidráulica;4x2;Sí;N/A;N/A;N/A;Sí;N/A;N/A;N/A;Sí;N/A;N/A;N/A;N/A;N/A;N/A;N/A;N/A;N/A;N/A;N/A;N/A;N/A;N/A;N/A;N/A;"2600 mm";"1.6 L";"41 L";4;N/A;N/A;Sí;Sí;N/A;N/A;N/A;N/A;N/A;N/A;N/A;N/A;N/A;N/A;N/A;N/A;N/A;N/A;N/A;N/A;N/A;N/A;N/A;N/A;N/A;Sí;N/A;N/A;N/A;N/A;N/A;N/A;N/A;Sí;Sí;N/A;N/A;N/A;N/A;N/A;N/A;N/A;N/A;N/A;N/A;"1506 mm";"4465 mm";N/A;N/A;N/A;N/A;5;"118 hp";Exclusive;N/A;4;"1695 mm";N/A;N/A;N/A;N/A;N/A;N/A;N/A;Sí;N/A;N/A;N/A;N/A;N/A;N/A;N/A;N/A;N/A;"Lunes a Domingos de 10 a 20 hs";4;1.6;Nafta;Automática;Sedán;"Autos y camionetas";N/A;N/A;N/A;N/A;N/A;N/A;UY;N/A;Sí;N/A;N/A;N/A;N/A;N/A;N/A;N/A;N/A;N/A;N/A;N/A;N/A;N/A;N/A;N/A;N/A;N/A;N/A;N/A;N/A;N/A;N/A;N/A;N/A;N/A;N/A;N/A;N/A;N/A;N/A;N/A;N/A;N/A;N/A;N/A;N/A;N/A;N/A;N/A;N/A;N/A;N/A;N/A;N/A;N/A;N/A;N/A;N/A;N/A;N/A;N/A;N/A;N/A;N/A;N/A;N/A;N/A;N/A;N/A;N/A;N/A;N/A;N/A;N/A;N/A;N/A;N/A;N/A;N/A;N/A;N/A;N/A;N/A;N/A;N/A;N/A;N/A;N/A;N/A;N/A;N/A;N/A;N/A;N/A;N/A;N/A;No;Sí;N/A;Sí;N/A;Sí;N/A;N/A;Sí;N/A;Sí;N/A;N/A;N/A;N/A;N/A;N/A;Sí;N/A;Sí;N/A;N/A;N/A;N/A;Sí;N/A;N/A
Nissan;Versa;"1.6 EXCLUSIVE 4P AT";2020;"80000 km";;"CAR ONE_6";23150;;;;;Carrasco;https://auto.mercadolibre.com.uy/MLU-644987584-nissan-versa-16-exclusive-4p-at-_JM;N/A;;"Nissan Versa 1.6 Exclusive 4p At ";usd;Sí;gold_premium;false;N/A;N/A;http://perfil.mercadolibre.com.uy/CAR+ONE_6;active;N/A;N/A;Usado;N/A;Sí;Hidráulica;4x2;Sí;N/A;N/A;N/A;Sí;N/A;N/A;N/A;Sí;N/A;N/A;N/A;N/A;N/A;N/A;N/A;N/A;N/A;N/A;N/A;N/A;N/A;N/A;N/A;N/A;"2600 mm";"1.6 L";"0 L";4;N/A;N/A;No;No;N/A;N/A;N/A;N/A;N/A;N/A;N/A;N/A;N/A;N/A;N/A;N/A;N/A;N/A;N/A;N/A;N/A;N/A;N/A;N/A;N/A;Sí;N/A;N/A;N/A;N/A;N/A;N/A;N/A;Sí;Sí;N/A;N/A;N/A;N/A;N/A;N/A;N/A;N/A;N/A;N/A;"1506 mm";"4465 mm";N/A;N/A;N/A;N/A;5;"106 hp";Exclusive;N/A;4;"1695 mm";N/A;N/A;N/A;N/A;N/A;N/A;N/A;Sí;N/A;N/A;N/A;N/A;N/A;N/A;N/A;N/A;N/A;"Lunes a Domingos de 10 a 20 hs";4;1.6;Nafta;Automática;Sedán;"Autos y camionetas";N/A;N/A;N/A;N/A;N/A;N/A;UY;N/A;Sí;N/A;N/A;N/A;N/A;N/A;N/A;N/A;N/A;N/A;N/A;N/A;N/A;N/A;N/A;N/A;N/A;N/A;N/A;N/A;N/A;N/A;N/A;N/A;N/A;N/A;N/A;N/A;N/A;N/A;N/A;N/A;N/A;N/A;N/A;N/A;N/A;N/A;N/A;N/A;N/A;N/A;N/A;N/A;N/A;N/A;N/A;N/A;N/A;N/A;N/A;N/A;N/A;N/A;N/A;N/A;N/A;N/A;N/A;N/A;N/A;N/A;N/A;N/A;N/A;N/A;N/A;N/A;N/A;N/A;N/A;N/A;N/A;N/A;N/A;N/A;N/A;N/A;N/A;N/A;N/A;N/A;N/A;N/A;N/A;N/A;N/A;No;Sí;N/A;Sí;N/A;Sí;N/A;N/A;Sí;N/A;Sí;N/A;N/A;N/A;N/A;N/A;N/A;Sí;N/A;Sí;N/A;N/A;N/A;N/A;Sí;N/A;N/A
Nissan;Versa;"NEW  1.6 EXCLUSIVE AT 4P";2021;"59000 km";;"CAR ONE_4";23450;;;;;"Ciudad de la Costa";https://auto.mercadolibre.com.uy/MLU-640499512-nissan-new-versa-16-exclusive-at-4p-_JM;N/A;;"Nissan New Versa 1.6 Exclusive At 4p";usd;Sí;gold_premium;false;N/A;N/A;http://perfil.mercadolibre.com.uy/CAR+ONE_4;active;N/A;N/A;Usado;N/A;Sí;Hidráulica;4x2;Sí;N/A;N/A;N/A;Sí;N/A;N/A;N/A;Sí;N/A;N/A;N/A;N/A;N/A;N/A;N/A;N/A;N/A;N/A;N/A;N/A;N/A;N/A;N/A;N/A;"2600 mm";"1.6 L";"41 L";4;N/A;N/A;Sí;Sí;N/A;N/A;N/A;N/A;N/A;N/A;N/A;N/A;N/A;N/A;N/A;N/A;N/A;N/A;N/A;N/A;N/A;N/A;N/A;N/A;N/A;Sí;N/A;N/A;N/A;N/A;N/A;N/A;N/A;Sí;Sí;N/A;N/A;N/A;N/A;N/A;N/A;N/A;N/A;N/A;N/A;"1506 mm";"4465 mm";N/A;N/A;N/A;N/A;5;"118 hp";Exclusive;N/A;4;"1695 mm";N/A;N/A;N/A;N/A;N/A;N/A;N/A;Sí;N/A;N/A;N/A;N/A;N/A;N/A;N/A;N/A;N/A;"Lunes a Domingos de 10 a 20 hs";4;1.6;Nafta;Automática;Sedán;"Autos y camionetas";N/A;N/A;N/A;N/A;N/A;N/A;UY;N/A;Sí;N/A;N/A;N/A;N/A;N/A;N/A;N/A;N/A;N/A;N/A;N/A;N/A;N/A;N/A;N/A;N/A;N/A;N/A;N/A;N/A;N/A;N/A;N/A;N/A;N/A;N/A;N/A;N/A;N/A;N/A;N/A;N/A;N/A;N/A;N/A;N/A;N/A;N/A;N/A;N/A;N/A;N/A;N/A;N/A;N/A;N/A;N/A;N/A;N/A;N/A;N/A;N/A;N/A;N/A;N/A;N/A;N/A;N/A;N/A;N/A;N/A;N/A;N/A;N/A;N/A;N/A;N/A;N/A;N/A;N/A;N/A;N/A;N/A;N/A;N/A;N/A;N/A;N/A;N/A;N/A;N/A;N/A;N/A;N/A;N/A;N/A;No;Sí;N/A;Sí;N/A;Sí;N/A;N/A;Sí;N/A;Sí;N/A;N/A;N/A;N/A;N/A;N/A;Sí;N/A;Sí;N/A;N/A;N/A;N/A;Sí;N/A;N/A
Nissan;Kicks;"NEW  1.6 EXCLUSIVE 5P AT";2022;"49000 km";;"CAR ONE_4";29900;;;;;"Ciudad de la Costa";https://auto.mercadolibre.com.uy/MLU-640680998-nissan-new-kicks-16-exclusive-5p-at-_JM;N/A;;"Nissan New Kicks 1.6 Exclusive 5p At";usd;Sí;gold_premium;false;N/A;N/A;http://perfil.mercadolibre.com.uy/CAR+ONE_4;active;N/A;N/A;Usado;N/A;Sí;Hidráulica;4x2;Sí;N/A;N/A;N/A;N/A;N/A;N/A;N/A;Sí;N/A;N/A;N/A;N/A;N/A;N/A;N/A;N/A;N/A;N/A;N/A;N/A;N/A;N/A;N/A;N/A;"2620 mm";"1.6 L";"41 L";6;N/A;N/A;Sí;Sí;N/A;N/A;N/A;N/A;N/A;N/A;N/A;N/A;N/A;N/A;N/A;N/A;N/A;N/A;N/A;N/A;N/A;N/A;N/A;N/A;N/A;Sí;N/A;N/A;N/A;N/A;N/A;N/A;N/A;Sí;Sí;N/A;N/A;Sí;N/A;N/A;N/A;N/A;N/A;N/A;N/A;"1590 mm";"4295 mm";N/A;N/A;N/A;N/A;5;"118 hp";Exclusive;N/A;4;"1760 mm";N/A;N/A;N/A;N/A;N/A;N/A;N/A;N/A;N/A;N/A;N/A;N/A;N/A;N/A;N/A;N/A;N/A;"Lunes a Domingos de 10 a 20 hs";5;1.6;Nafta;Automática;SUV;"Autos y camionetas";N/A;N/A;N/A;N/A;N/A;N/A;UY;N/A;Sí;N/A;N/A;N/A;N/A;N/A;N/A;N/A;N/A;N/A;N/A;N/A;N/A;N/A;N/A;N/A;N/A;N/A;N/A;N/A;N/A;N/A;N/A;N/A;N/A;N/A;N/A;N/A;N/A;N/A;N/A;N/A;N/A;N/A;N/A;N/A;N/A;N/A;N/A;N/A;N/A;N/A;N/A;N/A;N/A;N/A;N/A;N/A;N/A;N/A;N/A;N/A;N/A;N/A;N/A;N/A;N/A;N/A;N/A;N/A;N/A;N/A;N/A;N/A;N/A;N/A;N/A;N/A;N/A;N/A;N/A;N/A;N/A;N/A;N/A;N/A;N/A;N/A;N/A;N/A;N/A;N/A;N/A;N/A;N/A;N/A;N/A;No;Sí;N/A;Sí;N/A;Sí;N/A;N/A;N/A;N/A;Sí;N/A;N/A;N/A;N/A;N/A;Sí;Sí;N/A;Sí;N/A;N/A;N/A;N/A;Sí;N/A;Sí
Nissan;Frontier;S;2023;"0 km";;"OSCARPISANO RENAULT-NISSAN";29888;;;;;Sayago;https://auto.mercadolibre.com.uy/MLU-635173903-nissan-frontier-s-25-2023-0km-_JM;N/A;;"Nissan Frontier S 2.5 2023 0km";USD;Sí;gold_premium;false;N/A;N/A;http://perfil.mercadolibre.com.uy/OSCARPISANO+RENAULT-NISSAN;active;No;N/A;Nuevo;Blanco;No;Eléctrica;N/A;Sí;No;No;No;No;No;No;Sí;No;No;No;No;Sí;No;No;N/A;N/A;N/A;N/A;N/A;N/A;N/A;N/A;N/A;N/A;N/A;"2500 cc";N/A;6;N/A;No;No;No;Sí;No;No;No;No;No;No;No;No;No;No;No;No;No;No;No;No;No;No;No;No;Sí;No;No;No;No;No;No;No;No;No;No;No;No;No;No;No;No;No;No;No;N/A;N/A;N/A;N/A;N/A;N/A;N/A;"158 hp";N/A;N/A;N/A;N/A;"8 km/l";No;No;No;No;Sí;Sí;Sí;No;No;No;"10 km/l";No;No;No;No;No;"Lun. a Sáb. de 9:30 a 18:30 hs. Dom. de 9:30 a 13 hs";5;2.5;Nafta;Manual;Pick-Up;"Autos y camionetas";No;No;No;No;No;No;N/A;No;Sí;No;No;No;No;No;No;No;No;No;No;No;No;No;No;No;No;No;No;No;No;No;No;No;N/A;No;No;No;No;No;No;No;No;No;No;Sí;No;No;No;No;No;No;No;No;No;No;No;No;No;No;No;No;No;Sí;No;No;No;No;No;No;No;No;No;No;No;No;No;No;No;No;No;No;No;No;No;No;No;No;No;No;No;No;No;No;No;No;No;No;Sí;Sí;No;Sí;Sí;Sí;Sí;No;No;Sí;No;No;No;No;Sí;Sí;No;No;Sí;Sí;No;No;No;No;No;No
Nissan;Frontier;"2.5 TDI S 161 HP PUP";2020;"70856 km";;"CAR ONE_2";27900;;;;;"Ciudad de la Costa";https://auto.mercadolibre.com.uy/MLU-665929062-nissan-frontier-25-tdi-s-161-hp-pup-_JM;N/A;;"Nissan Frontier 2.5 Tdi S 161 Hp Pup ";USD;Sí;gold_premium;false;N/A;N/A;http://perfil.mercadolibre.com.uy/CAR+ONE_2;active;N/A;N/A;Usado;N/A;No;N/A;4x2;N/A;N/A;N/A;N/A;N/A;N/A;N/A;N/A;N/A;N/A;N/A;N/A;N/A;N/A;N/A;N/A;N/A;N/A;N/A;N/A;N/A;N/A;N/A;N/A;N/A;N/A;N/A;"0 L";6;N/A;N/A;No;No;N/A;N/A;N/A;N/A;N/A;N/A;N/A;N/A;N/A;N/A;N/A;N/A;N/A;N/A;N/A;N/A;N/A;N/A;N/A;N/A;N/A;Sí;N/A;N/A;N/A;N/A;N/A;N/A;N/A;N/A;N/A;N/A;N/A;N/A;N/A;N/A;N/A;N/A;N/A;N/A;N/A;N/A;N/A;N/A;N/A;N/A;N/A;2;"161 hp";N/A;N/A;N/A;N/A;N/A;N/A;N/A;N/A;N/A;N/A;N/A;N/A;N/A;N/A;N/A;N/A;N/A;N/A;N/A;N/A;N/A;"Lunes a Domingos de 10 a 20 hs";2;N/A;Diésel;Manual;Pick-Up;"Autos y camionetas";N/A;N/A;N/A;N/A;N/A;N/A;N/A;N/A;Sí;N/A;N/A;N/A;N/A;N/A;N/A;N/A;N/A;N/A;N/A;N/A;N/A;N/A;N/A;N/A;N/A;N/A;N/A;N/A;N/A;N/A;N/A;N/A;N/A;N/A;N/A;N/A;N/A;N/A;N/A;N/A;N/A;N/A;N/A;N/A;N/A;N/A;N/A;N/A;N/A;N/A;N/A;N/A;N/A;N/A;N/A;N/A;N/A;N/A;N/A;N/A;N/A;N/A;N/A;N/A;N/A;N/A;N/A;N/A;N/A;N/A;N/A;N/A;N/A;N/A;N/A;N/A;N/A;N/A;N/A;N/A;N/A;N/A;N/A;N/A;N/A;N/A;N/A;N/A;N/A;N/A;N/A;N/A;N/A;N/A;N/A;No;Sí;N/A;N/A;N/A;Sí;N/A;N/A;N/A;N/A;Sí;N/A;N/A;N/A;N/A;N/A;N/A;N/A;N/A;N/A;N/A;N/A;N/A;N/A;N/A;N/A;N/A
Nissan;Frontier;"Crew Cab Le 5vel 4x2 Mt";2012;"170000 km";;"GONZALO GARAGE";11999;;;;;Malvin;https://auto.mercadolibre.com.uy/MLU-664578032-nissan-frontier-2012-crew-cab-le-5vel-4x2-mt-_JM;N/A;;"Nissan Frontier 2012 Crew Cab Le 5vel 4x2 Mt";usd;Sí;gold_premium;false;N/A;N/A;http://perfil.mercadolibre.com.uy/GONZALO+GARAGE;active;N/A;N/A;Usado;Plateado;N/A;Hidráulica;4x2;Sí;N/A;N/A;N/A;N/A;N/A;N/A;N/A;N/A;N/A;N/A;N/A;N/A;N/A;N/A;N/A;N/A;N/A;N/A;N/A;N/A;N/A;N/A;N/A;N/A;N/A;"3.3 L";N/A;N/A;N/A;N/A;N/A;N/A;N/A;N/A;N/A;N/A;N/A;N/A;N/A;N/A;N/A;N/A;N/A;N/A;N/A;N/A;N/A;N/A;N/A;N/A;N/A;N/A;N/A;N/A;N/A;N/A;N/A;N/A;N/A;N/A;N/A;N/A;N/A;N/A;N/A;N/A;N/A;N/A;N/A;N/A;N/A;N/A;N/A;N/A;N/A;N/A;N/A;N/A;N/A;N/A;N/A;Le;N/A;N/A;N/A;N/A;N/A;N/A;N/A;N/A;N/A;N/A;N/A;N/A;N/A;N/A;N/A;N/A;N/A;N/A;N/A;N/A;N/A;4;3.3;Nafta;Manual;Pick-Up;"Autos y camionetas";N/A;N/A;N/A;N/A;N/A;N/A;UY;N/A;N/A;N/A;N/A;N/A;N/A;N/A;N/A;N/A;N/A;N/A;N/A;N/A;N/A;N/A;N/A;N/A;N/A;N/A;N/A;N/A;N/A;N/A;N/A;N/A;N/A;N/A;N/A;N/A;N/A;N/A;N/A;N/A;N/A;N/A;N/A;N/A;N/A;N/A;N/A;N/A;N/A;N/A;N/A;N/A;N/A;N/A;N/A;N/A;N/A;N/A;N/A;N/A;N/A;N/A;N/A;N/A;N/A;N/A;N/A;N/A;N/A;N/A;N/A;N/A;N/A;N/A;N/A;N/A;N/A;N/A;N/A;N/A;N/A;N/A;N/A;N/A;N/A;N/A;N/A;N/A;N/A;N/A;N/A;N/A;N/A;N/A;N/A;N/A;Sí;N/A;N/A;N/A;N/A;N/A;N/A;N/A;N/A;N/A;N/A;N/A;N/A;N/A;N/A;N/A;N/A;N/A;Sí;N/A;N/A;N/A;N/A;N/A;N/A;N/A
Nissan;Frontier;"2.5 TDI S 161 HP PUP";2021;"100210 km";;"CAR ONE_1";28300;;;;;"Ciudad de la Costa";https://auto.mercadolibre.com.uy/MLU-662111428-nissan-frontier-25-tdi-s-161-hp-pup-_JM;N/A;;"Nissan Frontier 2.5 Tdi S 161 Hp Pup ";USD;Sí;gold_premium;false;N/A;N/A;http://perfil.mercadolibre.com.uy/CAR+ONE_1;active;N/A;N/A;Usado;N/A;No;N/A;4x2;N/A;N/A;N/A;N/A;N/A;N/A;N/A;N/A;N/A;N/A;N/A;N/A;N/A;N/A;N/A;N/A;N/A;N/A;N/A;N/A;N/A;N/A;N/A;N/A;N/A;N/A;N/A;"0 L";6;N/A;N/A;No;No;N/A;N/A;N/A;N/A;N/A;N/A;N/A;N/A;N/A;N/A;N/A;N/A;N/A;N/A;N/A;N/A;N/A;N/A;N/A;N/A;N/A;Sí;N/A;N/A;N/A;N/A;N/A;N/A;N/A;N/A;N/A;N/A;N/A;N/A;N/A;N/A;N/A;N/A;N/A;N/A;N/A;N/A;N/A;N/A;N/A;N/A;N/A;2;"161 hp";N/A;N/A;N/A;N/A;N/A;N/A;N/A;N/A;N/A;N/A;N/A;N/A;N/A;N/A;N/A;N/A;N/A;N/A;N/A;N/A;N/A;"Lunes a Domingos de 10 a 20 hs";2;N/A;Diésel;Manual;Pick-Up;"Autos y camionetas";N/A;N/A;N/A;N/A;N/A;N/A;N/A;N/A;Sí;N/A;N/A;N/A;N/A;N/A;N/A;N/A;N/A;N/A;N/A;N/A;N/A;N/A;N/A;N/A;N/A;N/A;N/A;N/A;N/A;N/A;N/A;N/A;N/A;N/A;N/A;N/A;N/A;N/A;N/A;N/A;N/A;N/A;N/A;N/A;N/A;N/A;N/A;N/A;N/A;N/A;N/A;N/A;N/A;N/A;N/A;N/A;N/A;N/A;N/A;N/A;N/A;N/A;N/A;N/A;N/A;N/A;N/A;N/A;N/A;N/A;N/A;N/A;N/A;N/A;N/A;N/A;N/A;N/A;N/A;N/A;N/A;N/A;N/A;N/A;N/A;N/A;N/A;N/A;N/A;N/A;N/A;N/A;N/A;N/A;N/A;No;Sí;N/A;N/A;N/A;Sí;N/A;N/A;N/A;N/A;Sí;N/A;N/A;N/A;N/A;N/A;N/A;N/A;N/A;N/A;N/A;N/A;N/A;N/A;N/A;N/A;N/A
Nissan;March;1.6;2018;"78000 km";;"CAR ONE_2";14200;;;;;"Ciudad de la Costa";https://auto.mercadolibre.com.uy/MLU-661443370-nissan-march-16-_JM;N/A;;"Nissan March 1.6 ";USD;Sí;gold_premium;false;N/A;N/A;http://perfil.mercadolibre.com.uy/CAR+ONE_2;active;N/A;N/A;Usado;N/A;No;N/A;4x2;N/A;N/A;N/A;N/A;N/A;N/A;N/A;N/A;N/A;N/A;N/A;N/A;N/A;N/A;N/A;N/A;N/A;N/A;N/A;N/A;N/A;N/A;N/A;N/A;N/A;N/A;N/A;"0 L";5;N/A;N/A;No;No;N/A;N/A;N/A;N/A;N/A;N/A;N/A;N/A;N/A;N/A;N/A;N/A;N/A;N/A;N/A;N/A;N/A;N/A;N/A;N/A;N/A;Sí;N/A;N/A;N/A;N/A;N/A;N/A;N/A;N/A;N/A;N/A;N/A;N/A;N/A;N/A;N/A;N/A;N/A;N/A;N/A;N/A;N/A;N/A;N/A;N/A;N/A;5;"106 hp";N/A;N/A;N/A;N/A;N/A;N/A;N/A;N/A;N/A;N/A;N/A;N/A;N/A;N/A;N/A;N/A;N/A;N/A;N/A;N/A;N/A;"Lunes a Domingos de 10 a 20 hs";5;N/A;Nafta;Manual;HATCH;"Autos y camionetas";N/A;N/A;N/A;N/A;N/A;N/A;N/A;N/A;Sí;N/A;N/A;N/A;N/A;N/A;N/A;N/A;N/A;N/A;N/A;N/A;N/A;N/A;N/A;N/A;N/A;N/A;N/A;N/A;N/A;N/A;N/A;N/A;N/A;N/A;N/A;N/A;N/A;N/A;N/A;N/A;N/A;N/A;N/A;N/A;N/A;N/A;N/A;N/A;N/A;N/A;N/A;N/A;N/A;N/A;N/A;N/A;N/A;N/A;N/A;N/A;N/A;N/A;N/A;N/A;N/A;N/A;N/A;N/A;N/A;N/A;N/A;N/A;N/A;N/A;N/A;N/A;N/A;N/A;N/A;N/A;N/A;N/A;N/A;N/A;N/A;N/A;N/A;N/A;N/A;N/A;N/A;N/A;N/A;N/A;N/A;No;Sí;N/A;N/A;N/A;Sí;N/A;N/A;N/A;N/A;Sí;N/A;N/A;N/A;N/A;N/A;N/A;N/A;N/A;N/A;N/A;N/A;N/A;N/A;N/A;N/A;N/A
Nissan;Versa;"DRIVE 1.6 4P AT";2020;"99700 km";;"CAR ONE_1";15050;;;;;"Ciudad de la Costa";https://auto.mercadolibre.com.uy/MLU-657282828-nissan-versa-drive-16-4p-at-_JM;N/A;;"Nissan Versa Drive 1.6 4p At";usd;Sí;gold_premium;false;N/A;N/A;http://perfil.mercadolibre.com.uy/CAR+ONE_1;active;N/A;N/A;Usado;N/A;Sí;Hidráulica;4x2;Sí;N/A;N/A;N/A;N/A;N/A;N/A;N/A;N/A;N/A;N/A;N/A;N/A;N/A;N/A;N/A;N/A;N/A;N/A;N/A;N/A;N/A;N/A;N/A;N/A;"2600 mm";"1.6 L";"41 L";4;N/A;N/A;No;No;N/A;N/A;N/A;N/A;N/A;N/A;N/A;N/A;N/A;N/A;N/A;N/A;N/A;N/A;N/A;N/A;N/A;N/A;N/A;N/A;N/A;Sí;N/A;N/A;N/A;N/A;N/A;N/A;N/A;N/A;N/A;N/A;N/A;N/A;N/A;N/A;N/A;N/A;N/A;N/A;N/A;"1506 mm";"4492 mm";N/A;N/A;N/A;N/A;5;"106 hp";Drive;N/A;4;"1695 mm";N/A;N/A;N/A;N/A;N/A;N/A;N/A;Sí;N/A;N/A;N/A;N/A;N/A;N/A;N/A;N/A;N/A;"Lunes a Domingos de 10 a 20 hs";4;1.6;Nafta;Automática;Sedán;"Autos y camionetas";N/A;N/A;N/A;N/A;N/A;N/A;UY;N/A;Sí;N/A;N/A;N/A;N/A;N/A;N/A;N/A;N/A;N/A;N/A;N/A;N/A;N/A;N/A;N/A;N/A;N/A;N/A;N/A;N/A;N/A;N/A;N/A;N/A;N/A;N/A;N/A;N/A;N/A;N/A;N/A;N/A;N/A;N/A;N/A;N/A;N/A;N/A;N/A;N/A;N/A;N/A;N/A;N/A;N/A;N/A;N/A;N/A;N/A;N/A;N/A;N/A;N/A;N/A;N/A;N/A;N/A;N/A;N/A;N/A;N/A;N/A;N/A;N/A;N/A;N/A;N/A;N/A;N/A;N/A;N/A;N/A;N/A;N/A;N/A;N/A;N/A;N/A;N/A;N/A;N/A;N/A;N/A;N/A;N/A;N/A;No;Sí;N/A;N/A;N/A;Sí;N/A;N/A;N/A;N/A;Sí;N/A;N/A;N/A;N/A;N/A;N/A;N/A;N/A;Sí;N/A;N/A;N/A;N/A;N/A;N/A;N/A
Nissan;Frontier;"2.5 TDI S PUP";2020;"123110 km";;"CAR ONE_4";27900;;;;;"Ciudad de la Costa";https://auto.mercadolibre.com.uy/MLU-656307612-nissan-frontier-25-tdi-s-pup-_JM;N/A;;"Nissan Frontier 2.5 Tdi S Pup ";USD;Sí;gold_premium;false;N/A;N/A;http://perfil.mercadolibre.com.uy/CAR+ONE_4;active;N/A;N/A;Usado;N/A;No;N/A;4x2;N/A;N/A;N/A;N/A;N/A;N/A;N/A;N/A;N/A;N/A;N/A;N/A;N/A;N/A;N/A;N/A;N/A;N/A;N/A;N/A;N/A;N/A;N/A;N/A;N/A;N/A;N/A;"0 L";6;N/A;N/A;No;No;N/A;N/A;N/A;N/A;N/A;N/A;N/A;N/A;N/A;N/A;N/A;N/A;N/A;N/A;N/A;N/A;N/A;N/A;N/A;N/A;N/A;Sí;N/A;N/A;N/A;N/A;N/A;N/A;N/A;N/A;N/A;N/A;N/A;N/A;N/A;N/A;N/A;N/A;N/A;N/A;N/A;N/A;N/A;N/A;N/A;N/A;N/A;2;"161 hp";N/A;N/A;N/A;N/A;N/A;N/A;N/A;N/A;N/A;N/A;N/A;N/A;N/A;N/A;N/A;N/A;N/A;N/A;N/A;N/A;N/A;"Lunes a Domingos de 10 a 20 hs";2;N/A;Diésel;Manual;Pick-Up;"Autos y camionetas";N/A;N/A;N/A;N/A;N/A;N/A;N/A;N/A;Sí;N/A;N/A;N/A;N/A;N/A;N/A;N/A;N/A;N/A;N/A;N/A;N/A;N/A;N/A;N/A;N/A;N/A;N/A;N/A;N/A;N/A;N/A;N/A;N/A;N/A;N/A;N/A;N/A;N/A;N/A;N/A;N/A;N/A;N/A;N/A;N/A;N/A;N/A;N/A;N/A;N/A;N/A;N/A;N/A;N/A;N/A;N/A;N/A;N/A;N/A;N/A;N/A;N/A;N/A;N/A;N/A;N/A;N/A;N/A;N/A;N/A;N/A;N/A;N/A;N/A;N/A;N/A;N/A;N/A;N/A;N/A;N/A;N/A;N/A;N/A;N/A;N/A;N/A;N/A;N/A;N/A;N/A;N/A;N/A;N/A;N/A;No;Sí;N/A;N/A;N/A;Sí;N/A;N/A;N/A;N/A;Sí;N/A;N/A;N/A;N/A;N/A;N/A;N/A;N/A;N/A;N/A;N/A;N/A;N/A;N/A;N/A;N/A
Nissan;Frontier;"2.5 TDI S 161 HP PUP";2020;"111800 km";;"CAR ONE_1";27900;;;;;"Ciudad de la Costa";https://auto.mercadolibre.com.uy/MLU-653037000-nissan-frontier-25-tdi-s-161-hp-pup-_JM;N/A;;"Nissan Frontier 2.5 Tdi S 161 Hp Pup ";USD;Sí;gold_premium;false;N/A;N/A;http://perfil.mercadolibre.com.uy/CAR+ONE_1;active;N/A;N/A;Usado;N/A;No;N/A;4x2;N/A;N/A;N/A;N/A;N/A;N/A;N/A;N/A;N/A;N/A;N/A;N/A;N/A;N/A;N/A;N/A;N/A;N/A;N/A;N/A;N/A;N/A;N/A;N/A;N/A;N/A;N/A;"0 L";6;N/A;N/A;No;No;N/A;N/A;N/A;N/A;N/A;N/A;N/A;N/A;N/A;N/A;N/A;N/A;N/A;N/A;N/A;N/A;N/A;N/A;N/A;N/A;N/A;Sí;N/A;N/A;N/A;N/A;N/A;N/A;N/A;N/A;N/A;N/A;N/A;N/A;N/A;N/A;N/A;N/A;N/A;N/A;N/A;N/A;N/A;N/A;N/A;N/A;N/A;2;"161 hp";N/A;N/A;N/A;N/A;N/A;N/A;N/A;N/A;N/A;N/A;N/A;N/A;N/A;N/A;N/A;N/A;N/A;N/A;N/A;N/A;N/A;"Lunes a Domingos de 10 a 20 hs";2;N/A;Diésel;Manual;Pick-Up;"Autos y camionetas";N/A;N/A;N/A;N/A;N/A;N/A;N/A;N/A;Sí;N/A;N/A;N/A;N/A;N/A;N/A;N/A;N/A;N/A;N/A;N/A;N/A;N/A;N/A;N/A;N/A;N/A;N/A;N/A;N/A;N/A;N/A;N/A;N/A;N/A;N/A;N/A;N/A;N/A;N/A;N/A;N/A;N/A;N/A;N/A;N/A;N/A;N/A;N/A;N/A;N/A;N/A;N/A;N/A;N/A;N/A;N/A;N/A;N/A;N/A;N/A;N/A;N/A;N/A;N/A;N/A;N/A;N/A;N/A;N/A;N/A;N/A;N/A;N/A;N/A;N/A;N/A;N/A;N/A;N/A;N/A;N/A;N/A;N/A;N/A;N/A;N/A;N/A;N/A;N/A;N/A;N/A;N/A;N/A;N/A;N/A;No;Sí;N/A;N/A;N/A;Sí;N/A;N/A;N/A;N/A;Sí;N/A;N/A;N/A;N/A;N/A;N/A;N/A;N/A;N/A;N/A;N/A;N/A;N/A;N/A;N/A;N/A
Nissan;Frontier;"2.5 TDI S 161 HP PUP";2020;"100530 km";;"CAR ONE_7";27900;;;;;"Ciudad de la Costa";https://auto.mercadolibre.com.uy/MLU-652682500-nissan-frontier-25-tdi-s-161-hp-pup-_JM;N/A;;"Nissan Frontier 2.5 Tdi S 161 Hp Pup ";USD;Sí;gold_premium;false;N/A;N/A;http://perfil.mercadolibre.com.uy/CAR+ONE_7;active;N/A;N/A;Usado;N/A;No;N/A;4x2;N/A;N/A;N/A;N/A;N/A;N/A;N/A;N/A;N/A;N/A;N/A;N/A;N/A;N/A;N/A;N/A;N/A;N/A;N/A;N/A;N/A;N/A;N/A;N/A;N/A;N/A;N/A;"0 L";6;N/A;N/A;No;No;N/A;N/A;N/A;N/A;N/A;N/A;N/A;N/A;N/A;N/A;N/A;N/A;N/A;N/A;N/A;N/A;N/A;N/A;N/A;N/A;N/A;Sí;N/A;N/A;N/A;N/A;N/A;N/A;N/A;N/A;N/A;N/A;N/A;N/A;N/A;N/A;N/A;N/A;N/A;N/A;N/A;N/A;N/A;N/A;N/A;N/A;N/A;2;"161 hp";N/A;N/A;N/A;N/A;N/A;N/A;N/A;N/A;N/A;N/A;N/A;N/A;N/A;N/A;N/A;N/A;N/A;N/A;N/A;N/A;N/A;"Lunes a Domingos de 10 a 20 hs";2;N/A;Diésel;Manual;Pick-Up;"Autos y camionetas";N/A;N/A;N/A;N/A;N/A;N/A;N/A;N/A;Sí;N/A;N/A;N/A;N/A;N/A;N/A;N/A;N/A;N/A;N/A;N/A;N/A;N/A;N/A;N/A;N/A;N/A;N/A;N/A;N/A;N/A;N/A;N/A;N/A;N/A;N/A;N/A;N/A;N/A;N/A;N/A;N/A;N/A;N/A;N/A;N/A;N/A;N/A;N/A;N/A;N/A;N/A;N/A;N/A;N/A;N/A;N/A;N/A;N/A;N/A;N/A;N/A;N/A;N/A;N/A;N/A;N/A;N/A;N/A;N/A;N/A;N/A;N/A;N/A;N/A;N/A;N/A;N/A;N/A;N/A;N/A;N/A;N/A;N/A;N/A;N/A;N/A;N/A;N/A;N/A;N/A;N/A;N/A;N/A;N/A;N/A;No;Sí;N/A;N/A;N/A;Sí;N/A;N/A;N/A;N/A;Sí;N/A;N/A;N/A;N/A;N/A;N/A;N/A;N/A;N/A;N/A;N/A;N/A;N/A;N/A;N/A;N/A
Nissan;Frontier;"2.5 TDI S PUP";2021;"152890 km";;"CAR ONE_7";26500;;;;;"Ciudad de la Costa";https://auto.mercadolibre.com.uy/MLU-652773546-nissan-frontier-25-tdi-s-pup-_JM;N/A;;"Nissan Frontier 2.5 Tdi S Pup ";USD;Sí;gold_premium;false;N/A;N/A;http://perfil.mercadolibre.com.uy/CAR+ONE_7;active;N/A;N/A;Usado;N/A;No;N/A;4x2;N/A;N/A;N/A;N/A;N/A;N/A;N/A;N/A;N/A;N/A;N/A;N/A;N/A;N/A;N/A;N/A;N/A;N/A;N/A;N/A;N/A;N/A;N/A;N/A;N/A;N/A;N/A;"0 L";6;N/A;N/A;No;No;N/A;N/A;N/A;N/A;N/A;N/A;N/A;N/A;N/A;N/A;N/A;N/A;N/A;N/A;N/A;N/A;N/A;N/A;N/A;N/A;N/A;Sí;N/A;N/A;N/A;N/A;N/A;N/A;N/A;N/A;N/A;N/A;N/A;N/A;N/A;N/A;N/A;N/A;N/A;N/A;N/A;N/A;N/A;N/A;N/A;N/A;N/A;2;"161 hp";N/A;N/A;N/A;N/A;N/A;N/A;N/A;N/A;N/A;N/A;N/A;N/A;N/A;N/A;N/A;N/A;N/A;N/A;N/A;N/A;N/A;"Lunes a Domingos de 10 a 20 hs";2;N/A;Diésel;Manual;Pick-Up;"Autos y camionetas";N/A;N/A;N/A;N/A;N/A;N/A;N/A;N/A;Sí;N/A;N/A;N/A;N/A;N/A;N/A;N/A;N/A;N/A;N/A;N/A;N/A;N/A;N/A;N/A;N/A;N/A;N/A;N/A;N/A;N/A;N/A;N/A;N/A;N/A;N/A;N/A;N/A;N/A;N/A;N/A;N/A;N/A;N/A;N/A;N/A;N/A;N/A;N/A;N/A;N/A;N/A;N/A;N/A;N/A;N/A;N/A;N/A;N/A;N/A;N/A;N/A;N/A;N/A;N/A;N/A;N/A;N/A;N/A;N/A;N/A;N/A;N/A;N/A;N/A;N/A;N/A;N/A;N/A;N/A;N/A;N/A;N/A;N/A;N/A;N/A;N/A;N/A;N/A;N/A;N/A;N/A;N/A;N/A;N/A;N/A;No;Sí;N/A;N/A;N/A;Sí;N/A;N/A;N/A;N/A;Sí;N/A;N/A;N/A;N/A;N/A;N/A;N/A;N/A;N/A;N/A;N/A;N/A;N/A;N/A;N/A;N/A
Nissan;NP300;"DC 4X2 S 2.5 TD MT";2020;"97500 km";;"CAR ONE_2";30600;;;;;"Ciudad de la Costa";https://auto.mercadolibre.com.uy/MLU-652002894-nissan-np300-dc-4x2-s-25-td-mt-_JM;N/A;;"Nissan Np300 Dc 4x2 S 2.5 Td Mt";USD;Sí;gold_premium;false;N/A;N/A;http://perfil.mercadolibre.com.uy/CAR+ONE_2;active;N/A;N/A;Usado;N/A;No;N/A;4x2;N/A;N/A;N/A;N/A;N/A;N/A;N/A;N/A;N/A;N/A;N/A;N/A;N/A;N/A;N/A;N/A;N/A;N/A;N/A;N/A;N/A;N/A;N/A;N/A;N/A;N/A;N/A;"80 L";6;N/A;N/A;No;No;N/A;N/A;N/A;N/A;N/A;N/A;N/A;N/A;N/A;N/A;N/A;N/A;N/A;N/A;N/A;N/A;N/A;N/A;N/A;N/A;N/A;No;N/A;N/A;N/A;N/A;N/A;N/A;N/A;N/A;N/A;N/A;N/A;N/A;N/A;N/A;N/A;N/A;N/A;N/A;N/A;N/A;N/A;N/A;N/A;N/A;N/A;5;"163 hp";N/A;N/A;N/A;N/A;N/A;N/A;N/A;N/A;N/A;N/A;N/A;N/A;N/A;N/A;N/A;N/A;N/A;N/A;N/A;N/A;N/A;"Lunes a Domingos de 10 a 20 hs";4;N/A;Diésel;Manual;Pick-Up;"Autos y camionetas";N/A;N/A;N/A;N/A;N/A;N/A;N/A;N/A;Sí;N/A;N/A;N/A;N/A;N/A;N/A;N/A;N/A;N/A;N/A;N/A;N/A;N/A;N/A;N/A;N/A;N/A;N/A;N/A;N/A;N/A;N/A;N/A;N/A;N/A;N/A;N/A;N/A;N/A;N/A;N/A;N/A;N/A;N/A;N/A;N/A;N/A;N/A;N/A;N/A;N/A;N/A;N/A;N/A;N/A;N/A;N/A;N/A;N/A;N/A;N/A;N/A;N/A;N/A;N/A;N/A;N/A;N/A;N/A;N/A;N/A;N/A;N/A;N/A;N/A;N/A;N/A;N/A;N/A;N/A;N/A;N/A;N/A;N/A;N/A;N/A;N/A;N/A;N/A;N/A;N/A;N/A;N/A;N/A;N/A;N/A;No;No;N/A;N/A;N/A;Sí;N/A;N/A;N/A;N/A;Sí;N/A;N/A;N/A;N/A;N/A;N/A;N/A;N/A;N/A;N/A;N/A;N/A;N/A;N/A;N/A;N/A
Nissan;Frontier;"2.5 TDI S PUP";2020;"74310 km";;"CAR ONE_4";28500;;;;;"Ciudad de la Costa";https://auto.mercadolibre.com.uy/MLU-651265182-nissan-frontier-25-tdi-s-pup-_JM;N/A;;"Nissan Frontier 2.5 Tdi S Pup ";USD;Sí;gold_premium;false;N/A;N/A;http://perfil.mercadolibre.com.uy/CAR+ONE_4;active;N/A;N/A;Usado;N/A;No;N/A;4x2;N/A;N/A;N/A;N/A;N/A;N/A;N/A;N/A;N/A;N/A;N/A;N/A;N/A;N/A;N/A;N/A;N/A;N/A;N/A;N/A;N/A;N/A;N/A;N/A;N/A;N/A;N/A;"0 L";6;N/A;N/A;No;No;N/A;N/A;N/A;N/A;N/A;N/A;N/A;N/A;N/A;N/A;N/A;N/A;N/A;N/A;N/A;N/A;N/A;N/A;N/A;N/A;N/A;Sí;N/A;N/A;N/A;N/A;N/A;N/A;N/A;N/A;N/A;N/A;N/A;N/A;N/A;N/A;N/A;N/A;N/A;N/A;N/A;N/A;N/A;N/A;N/A;N/A;N/A;2;"161 hp";N/A;N/A;N/A;N/A;N/A;N/A;N/A;N/A;N/A;N/A;N/A;N/A;N/A;N/A;N/A;N/A;N/A;N/A;N/A;N/A;N/A;"Lunes a Domingos de 10 a 20 hs";2;N/A;Diésel;Manual;Pick-Up;"Autos y camionetas";N/A;N/A;N/A;N/A;N/A;N/A;N/A;N/A;Sí;N/A;N/A;N/A;N/A;N/A;N/A;N/A;N/A;N/A;N/A;N/A;N/A;N/A;N/A;N/A;N/A;N/A;N/A;N/A;N/A;N/A;N/A;N/A;N/A;N/A;N/A;N/A;N/A;N/A;N/A;N/A;N/A;N/A;N/A;N/A;N/A;N/A;N/A;N/A;N/A;N/A;N/A;N/A;N/A;N/A;N/A;N/A;N/A;N/A;N/A;N/A;N/A;N/A;N/A;N/A;N/A;N/A;N/A;N/A;N/A;N/A;N/A;N/A;N/A;N/A;N/A;N/A;N/A;N/A;N/A;N/A;N/A;N/A;N/A;N/A;N/A;N/A;N/A;N/A;N/A;N/A;N/A;N/A;N/A;N/A;N/A;No;Sí;N/A;N/A;N/A;Sí;N/A;N/A;N/A;N/A;Sí;N/A;N/A;N/A;N/A;N/A;N/A;N/A;N/A;N/A;N/A;N/A;N/A;N/A;N/A;N/A;N/A
Nissan;Frontier;"2.5 TDI S PUP";2020;"104610 km";;"CAR ONE_4";27500;;;;;"Ciudad de la Costa";https://auto.mercadolibre.com.uy/MLU-631670401-nissan-frontier-25-tdi-s-pup-_JM;N/A;;"Nissan Frontier 2.5 Tdi S Pup ";USD;Sí;gold_premium;false;N/A;N/A;http://perfil.mercadolibre.com.uy/CAR+ONE_4;active;N/A;N/A;Usado;N/A;No;N/A;4x2;N/A;N/A;N/A;N/A;N/A;N/A;N/A;N/A;N/A;N/A;N/A;N/A;N/A;N/A;N/A;N/A;N/A;N/A;N/A;N/A;N/A;N/A;N/A;N/A;N/A;N/A;N/A;"0 L";6;N/A;N/A;No;No;N/A;N/A;N/A;N/A;N/A;N/A;N/A;N/A;N/A;N/A;N/A;N/A;N/A;N/A;N/A;N/A;N/A;N/A;N/A;N/A;N/A;Sí;N/A;N/A;N/A;N/A;N/A;N/A;N/A;N/A;N/A;N/A;N/A;N/A;N/A;N/A;N/A;N/A;N/A;N/A;N/A;N/A;N/A;N/A;N/A;N/A;N/A;2;"161 hp";N/A;N/A;N/A;N/A;N/A;N/A;N/A;N/A;N/A;N/A;N/A;N/A;N/A;N/A;N/A;N/A;N/A;N/A;N/A;N/A;N/A;"Lunes a Domingos de 10 a 20 hs";2;N/A;Diésel;Manual;Pick-Up;"Autos y camionetas";N/A;N/A;N/A;N/A;N/A;N/A;N/A;N/A;Sí;N/A;N/A;N/A;N/A;N/A;N/A;N/A;N/A;N/A;N/A;N/A;N/A;N/A;N/A;N/A;N/A;N/A;N/A;N/A;N/A;N/A;N/A;N/A;N/A;N/A;N/A;N/A;N/A;N/A;N/A;N/A;N/A;N/A;N/A;N/A;N/A;N/A;N/A;N/A;N/A;N/A;N/A;N/A;N/A;N/A;N/A;N/A;N/A;N/A;N/A;N/A;N/A;N/A;N/A;N/A;N/A;N/A;N/A;N/A;N/A;N/A;N/A;N/A;N/A;N/A;N/A;N/A;N/A;N/A;N/A;N/A;N/A;N/A;N/A;N/A;N/A;N/A;N/A;N/A;N/A;N/A;N/A;N/A;N/A;N/A;N/A;No;Sí;N/A;N/A;N/A;Sí;N/A;N/A;N/A;N/A;Sí;N/A;N/A;N/A;N/A;N/A;N/A;N/A;N/A;N/A;N/A;N/A;N/A;N/A;N/A;N/A;N/A
Nissan;Versa;"DRIVE 1.6 4P";2018;"129920 km";;"CAR ONE_4";13100;;;;;"Ciudad de la Costa";https://auto.mercadolibre.com.uy/MLU-642409862-nissan-versa-drive-16-4p-_JM;N/A;;"Nissan Versa Drive 1.6 4p";usd;Sí;gold_premium;false;N/A;N/A;http://perfil.mercadolibre.com.uy/CAR+ONE_4;active;N/A;N/A;Usado;N/A;Sí;Hidráulica;4x2;Sí;N/A;N/A;N/A;N/A;N/A;N/A;N/A;N/A;N/A;N/A;N/A;N/A;N/A;N/A;N/A;N/A;N/A;N/A;N/A;N/A;N/A;N/A;N/A;N/A;"2600 mm";"1.6 L";"41 L";5;N/A;N/A;No;No;N/A;N/A;N/A;N/A;N/A;N/A;N/A;N/A;N/A;N/A;N/A;N/A;N/A;N/A;N/A;N/A;N/A;N/A;N/A;N/A;N/A;Sí;N/A;N/A;N/A;N/A;N/A;N/A;N/A;N/A;N/A;N/A;N/A;N/A;N/A;N/A;N/A;N/A;N/A;N/A;N/A;"1506 mm";"4492 mm";N/A;N/A;N/A;N/A;5;"106 hp";Drive;N/A;4;"1695 mm";N/A;N/A;N/A;N/A;N/A;N/A;N/A;Sí;N/A;N/A;N/A;N/A;N/A;N/A;N/A;N/A;N/A;"Lunes a Domingos de 10 a 20 hs";4;1.6;Nafta;Manual;Sedán;"Autos y camionetas";N/A;N/A;N/A;N/A;N/A;N/A;UY;N/A;Sí;N/A;N/A;N/A;N/A;N/A;N/A;N/A;N/A;N/A;N/A;N/A;N/A;N/A;N/A;N/A;N/A;N/A;N/A;N/A;N/A;N/A;N/A;N/A;N/A;N/A;N/A;N/A;N/A;N/A;N/A;N/A;N/A;N/A;N/A;N/A;N/A;N/A;N/A;N/A;N/A;N/A;N/A;N/A;N/A;N/A;N/A;N/A;N/A;N/A;N/A;N/A;N/A;N/A;N/A;N/A;N/A;N/A;N/A;N/A;N/A;N/A;N/A;N/A;N/A;N/A;N/A;N/A;N/A;N/A;N/A;N/A;N/A;N/A;N/A;N/A;N/A;N/A;N/A;N/A;N/A;N/A;N/A;N/A;N/A;N/A;N/A;No;Sí;N/A;N/A;N/A;Sí;N/A;N/A;N/A;N/A;Sí;N/A;N/A;N/A;N/A;N/A;N/A;N/A;N/A;Sí;N/A;N/A;N/A;N/A;N/A;N/A;N/A
Nissan;Versa;"1.6 Advance At";2023;"0 km";;MOREIRAAUTOMOVILES;28490;;;;;Pando;https://auto.mercadolibre.com.uy/MLU-629315583-nissan-versa-advance-cvt-2024-_JM;N/A;;"Nissan Versa Advance Cvt 2024";usd;Sí;gold_premium;false;N/A;N/A;http://perfil.mercadolibre.com.uy/MOREIRAAUTOMOVILES;active;N/A;N/A;Nuevo;N/A;N/A;Hidráulica;Delantera;Sí;Sí;N/A;N/A;N/A;Sí;N/A;N/A;No;N/A;N/A;Sí;Sí;N/A;Sí;N/A;N/A;N/A;N/A;N/A;N/A;N/A;N/A;N/A;N/A;"2600 mm";"1.6 L";"41 L";4;N/A;N/A;N/A;N/A;N/A;Sí;N/A;N/A;N/A;N/A;N/A;N/A;N/A;N/A;N/A;N/A;N/A;N/A;N/A;N/A;N/A;N/A;N/A;N/A;N/A;N/A;N/A;N/A;N/A;No;N/A;N/A;N/A;N/A;N/A;N/A;N/A;N/A;N/A;N/A;N/A;N/A;N/A;N/A;N/A;"1506 mm";"4492 mm";N/A;N/A;N/A;N/A;5;"106 hp";Advance;N/A;4;"1695 mm";N/A;Sí;N/A;No;Sí;N/A;Sí;Sí;N/A;No;N/A;N/A;No;No;N/A;N/A;Sí;N/A;4;1.6;Nafta;Automática;Sedán;"Autos y camionetas";Sí;N/A;N/A;N/A;Sí;N/A;UY;N/A;Sí;N/A;No;N/A;N/A;N/A;N/A;N/A;N/A;N/A;N/A;N/A;N/A;N/A;N/A;N/A;Sí;N/A;N/A;N/A;N/A;N/A;N/A;N/A;N/A;N/A;N/A;N/A;N/A;N/A;N/A;N/A;N/A;N/A;N/A;Sí;N/A;N/A;N/A;N/A;N/A;N/A;N/A;N/A;N/A;N/A;N/A;N/A;N/A;N/A;N/A;N/A;N/A;Sí;Sí;N/A;N/A;N/A;N/A;N/A;N/A;N/A;N/A;N/A;N/A;N/A;N/A;N/A;N/A;N/A;N/A;N/A;N/A;N/A;N/A;N/A;N/A;N/A;N/A;N/A;N/A;N/A;N/A;N/A;N/A;N/A;N/A;No;Sí;No;Sí;N/A;Sí;N/A;N/A;N/A;N/A;Sí;No;Sí;Sí;N/A;N/A;Sí;Sí;Sí;Sí;Sí;Sí;No;No;Sí;N/A;Sí
Nissan;Frontier;"Forntier CS DIESWL";2023;"0 km";;"MOREIRA AUTOMOVILES";37818;;;;;"Las Piedras";https://auto.mercadolibre.com.uy/MLU-630791048-nissan-frontier-forntier-cs-diesel-_JM;N/A;;"Nissan Frontier Forntier Cs Diesel";USD;Sí;gold_premium;false;N/A;N/A;http://perfil.mercadolibre.com.uy/MOREIRA+AUTOMOVILES;active;N/A;N/A;Nuevo;N/A;N/A;Hidráulica;4x2;N/A;N/A;N/A;N/A;N/A;N/A;N/A;N/A;N/A;N/A;N/A;N/A;N/A;N/A;N/A;N/A;N/A;N/A;N/A;N/A;N/A;N/A;N/A;N/A;N/A;N/A;N/A;N/A;N/A;N/A;N/A;N/A;N/A;N/A;N/A;N/A;N/A;N/A;N/A;N/A;N/A;N/A;N/A;N/A;N/A;N/A;N/A;N/A;N/A;N/A;N/A;N/A;N/A;N/A;N/A;N/A;N/A;N/A;N/A;N/A;N/A;N/A;N/A;N/A;N/A;N/A;N/A;N/A;N/A;N/A;N/A;N/A;N/A;N/A;N/A;N/A;N/A;N/A;N/A;N/A;N/A;N/A;N/A;N/A;N/A;N/A;N/A;N/A;N/A;N/A;N/A;N/A;N/A;N/A;N/A;N/A;N/A;N/A;N/A;N/A;N/A;N/A;N/A;N/A;3;2.5;Diésel;Manual;Pick-Up;"Autos y camionetas";N/A;N/A;N/A;N/A;N/A;N/A;N/A;N/A;N/A;N/A;N/A;N/A;N/A;N/A;N/A;N/A;N/A;N/A;N/A;N/A;N/A;N/A;N/A;N/A;N/A;N/A;N/A;N/A;N/A;N/A;N/A;N/A;N/A;N/A;N/A;N/A;N/A;N/A;N/A;N/A;N/A;N/A;N/A;N/A;N/A;N/A;N/A;N/A;N/A;N/A;N/A;N/A;N/A;N/A;N/A;N/A;N/A;N/A;N/A;N/A;N/A;N/A;N/A;N/A;N/A;N/A;N/A;N/A;N/A;N/A;N/A;N/A;N/A;N/A;N/A;N/A;N/A;N/A;N/A;N/A;N/A;N/A;N/A;N/A;N/A;N/A;N/A;N/A;N/A;N/A;N/A;N/A;N/A;N/A;N/A;N/A;N/A;N/A;N/A;N/A;N/A;N/A;N/A;N/A;N/A;N/A;N/A;N/A;N/A;N/A;N/A;N/A;N/A;N/A;N/A;N/A;N/A;N/A;N/A;N/A;N/A;N/A
Nissan;Note;"ADVANCE 1.6 MT 5 Puertas";2018;"47650 km";;"CHEVROLET MONTEVIDEO";15900;;;;;Carrasco;https://auto.mercadolibre.com.uy/MLU-665942340-nissan-note-advance-16-mt-5-puertas-2018-_JM;N/A;;"Nissan Note Advance 1.6 Mt 5 Puertas 2018";usd;Sí;gold_premium;false;N/A;N/A;http://perfil.mercadolibre.com.uy/CHEVROLET+MONTEVIDEO;active;N/A;N/A;Usado;Bordó;N/A;Hidráulica;N/A;Sí;Sí;Sí;N/A;Sí;N/A;Sí;Sí;N/A;N/A;Sí;N/A;Sí;N/A;Sí;N/A;N/A;N/A;N/A;N/A;N/A;N/A;N/A;N/A;N/A;N/A;"1600 cc";N/A;N/A;N/A;N/A;N/A;N/A;N/A;N/A;Sí;N/A;N/A;N/A;N/A;N/A;N/A;N/A;N/A;N/A;N/A;N/A;N/A;N/A;N/A;N/A;N/A;Sí;N/A;Sí;N/A;N/A;N/A;N/A;N/A;N/A;N/A;N/A;N/A;N/A;Sí;N/A;N/A;N/A;N/A;N/A;Sí;N/A;N/A;N/A;N/A;N/A;N/A;N/A;N/A;N/A;N/A;Advance;N/A;N/A;N/A;N/A;N/A;N/A;N/A;Sí;N/A;N/A;Sí;Sí;N/A;N/A;N/A;N/A;N/A;N/A;N/A;Sí;"Lunes a Viernes de 10 a 19 hs";5;1.6;Nafta;Manual;Hatchback;"Autos y camionetas";No;N/A;N/A;N/A;No;N/A;UY;No;Sí;No;No;N/A;N/A;N/A;N/A;N/A;N/A;N/A;N/A;N/A;N/A;N/A;N/A;N/A;N/A;N/A;N/A;N/A;N/A;N/A;N/A;N/A;N/A;N/A;N/A;N/A;N/A;N/A;N/A;N/A;N/A;N/A;N/A;N/A;N/A;N/A;N/A;N/A;N/A;N/A;N/A;N/A;N/A;N/A;N/A;N/A;N/A;N/A;N/A;N/A;N/A;Sí;No;N/A;N/A;N/A;N/A;N/A;N/A;N/A;N/A;N/A;N/A;N/A;N/A;N/A;N/A;N/A;N/A;N/A;N/A;N/A;N/A;N/A;N/A;N/A;N/A;N/A;N/A;N/A;N/A;N/A;N/A;N/A;N/A;N/A;Sí;Sí;Sí;N/A;Sí;Sí;Sí;N/A;Sí;Sí;N/A;N/A;N/A;N/A;N/A;N/A;Sí;N/A;Sí;N/A;Sí;Sí;N/A;Sí;N/A;Sí
Nissan;Frontier;"2.5 Turbo Diesel 4x2 D/C";2021;"35371 km";;"GF CARRASCO";35900;;;;;Centro;https://auto.mercadolibre.com.uy/MLU-665952960-nissan-frontier-25-turbo-diesel-4x2-dc-2021-_JM;N/A;;"Nissan Frontier 2.5 Turbo Diesel 4x2 D/c 2021";USD;Sí;gold_premium;false;N/A;N/A;http://perfil.mercadolibre.com.uy/GF+CARRASCO;active;N/A;N/A;Usado;Blanco;N/A;Hidráulica;N/A;Sí;Sí;Sí;N/A;N/A;N/A;Sí;Sí;N/A;N/A;Sí;N/A;Sí;N/A;N/A;N/A;N/A;N/A;N/A;N/A;N/A;N/A;N/A;N/A;N/A;N/A;"2500 cc";N/A;N/A;N/A;N/A;N/A;N/A;Sí;N/A;N/A;N/A;N/A;N/A;N/A;N/A;N/A;N/A;N/A;N/A;N/A;N/A;N/A;N/A;N/A;N/A;N/A;Sí;N/A;Sí;N/A;N/A;N/A;N/A;N/A;N/A;N/A;N/A;N/A;N/A;Sí;N/A;N/A;N/A;N/A;N/A;N/A;N/A;N/A;N/A;N/A;N/A;N/A;N/A;N/A;N/A;N/A;N/A;N/A;N/A;N/A;N/A;N/A;N/A;N/A;Sí;N/A;N/A;Sí;N/A;N/A;N/A;N/A;N/A;N/A;Sí;Sí;N/A;"Lun. a Vier. de 09 a 18.45 hs.";4;2.5;Diésel;Manual;Pick-Up;"Autos y camionetas";No;N/A;N/A;N/A;No;N/A;N/A;No;Sí;No;No;N/A;N/A;N/A;N/A;N/A;N/A;N/A;N/A;N/A;N/A;N/A;N/A;N/A;N/A;N/A;N/A;N/A;N/A;N/A;N/A;N/A;N/A;N/A;N/A;N/A;N/A;N/A;N/A;N/A;N/A;N/A;N/A;N/A;N/A;N/A;N/A;N/A;N/A;N/A;N/A;N/A;N/A;N/A;N/A;N/A;N/A;N/A;N/A;N/A;N/A;Sí;No;N/A;N/A;N/A;N/A;N/A;N/A;N/A;N/A;N/A;N/A;N/A;N/A;N/A;N/A;N/A;N/A;N/A;N/A;N/A;N/A;N/A;N/A;N/A;N/A;N/A;N/A;N/A;N/A;N/A;N/A;N/A;N/A;N/A;Sí;N/A;Sí;N/A;Sí;N/A;Sí;N/A;N/A;Sí;N/A;N/A;N/A;Sí;N/A;N/A;N/A;N/A;Sí;Sí;Sí;Sí;N/A;N/A;N/A;Sí
Nissan;Versa;"FULL 1.6 MT";2014;"80254 km";;"CHEVROLET MONTEVIDEO";11900;;;;;Carrasco;https://auto.mercadolibre.com.uy/MLU-665926674-nissan-versa-full-16-mt-2014-_JM;N/A;;"Nissan Versa Full 1.6 Mt 2014";usd;Sí;gold_premium;false;N/A;N/A;http://perfil.mercadolibre.com.uy/CHEVROLET+MONTEVIDEO;active;N/A;N/A;Usado;Bordó;N/A;Hidráulica;N/A;Sí;Sí;Sí;N/A;N/A;N/A;Sí;Sí;N/A;N/A;Sí;N/A;Sí;N/A;Sí;N/A;N/A;N/A;N/A;N/A;N/A;N/A;N/A;N/A;N/A;N/A;"1600 cc";N/A;N/A;N/A;N/A;N/A;N/A;N/A;N/A;N/A;N/A;N/A;N/A;N/A;N/A;N/A;N/A;N/A;N/A;N/A;N/A;N/A;N/A;N/A;N/A;N/A;N/A;N/A;Sí;N/A;N/A;N/A;N/A;N/A;N/A;N/A;N/A;N/A;N/A;Sí;N/A;N/A;N/A;N/A;N/A;N/A;N/A;N/A;N/A;N/A;N/A;N/A;N/A;N/A;N/A;N/A;N/A;N/A;N/A;N/A;N/A;N/A;N/A;N/A;Sí;N/A;N/A;N/A;Sí;N/A;N/A;N/A;N/A;N/A;N/A;N/A;N/A;"Lunes a Viernes de 10 a 19 hs";4;1.6;Nafta;Manual;Sedán;"Autos y camionetas";No;N/A;N/A;N/A;No;N/A;UY;No;Sí;No;No;N/A;N/A;N/A;N/A;N/A;N/A;N/A;N/A;N/A;N/A;N/A;N/A;N/A;N/A;N/A;N/A;N/A;N/A;N/A;N/A;N/A;N/A;N/A;N/A;N/A;N/A;N/A;N/A;N/A;N/A;N/A;N/A;N/A;N/A;N/A;N/A;N/A;N/A;N/A;N/A;N/A;N/A;N/A;N/A;N/A;N/A;N/A;N/A;N/A;N/A;Sí;No;N/A;N/A;N/A;N/A;N/A;N/A;N/A;N/A;N/A;N/A;N/A;N/A;N/A;N/A;N/A;N/A;N/A;N/A;N/A;N/A;N/A;N/A;N/A;N/A;N/A;N/A;N/A;N/A;N/A;N/A;N/A;N/A;N/A;Sí;N/A;N/A;N/A;Sí;N/A;N/A;N/A;N/A;Sí;N/A;N/A;N/A;N/A;N/A;N/A;Sí;N/A;Sí;Sí;N/A;Sí;N/A;N/A;N/A;Sí
Nissan;Frontier;S;2024;"0 km";;MOREIRAAUTOMOVILES;29888;;;;;Pando;https://auto.mercadolibre.com.uy/MLU-664499574-nissan-frontier-s-_JM;N/A;;"Nissan Frontier S";USD;Sí;gold_premium;false;N/A;N/A;http://perfil.mercadolibre.com.uy/MOREIRAAUTOMOVILES;active;N/A;N/A;Nuevo;N/A;N/A;Eléctrica;4x2;Sí;No;N/A;N/A;N/A;No;N/A;N/A;No;N/A;N/A;No;Sí;N/A;No;N/A;N/A;N/A;N/A;N/A;N/A;N/A;N/A;N/A;N/A;N/A;N/A;N/A;N/A;N/A;N/A;N/A;N/A;N/A;No;N/A;N/A;N/A;N/A;N/A;N/A;N/A;N/A;N/A;N/A;N/A;N/A;N/A;N/A;N/A;N/A;N/A;N/A;N/A;N/A;N/A;N/A;N/A;No;N/A;N/A;N/A;N/A;N/A;N/A;N/A;N/A;N/A;N/A;N/A;N/A;N/A;N/A;N/A;N/A;N/A;N/A;N/A;N/A;N/A;N/A;N/A;N/A;N/A;N/A;N/A;N/A;No;N/A;No;Sí;N/A;Sí;Sí;N/A;No;N/A;N/A;No;Sí;N/A;N/A;Sí;N/A;4;2.5;Nafta;Manual;Pick-Up;"Autos y camionetas";No;N/A;N/A;N/A;Sí;N/A;N/A;N/A;Sí;N/A;No;N/A;N/A;N/A;N/A;N/A;N/A;N/A;N/A;N/A;N/A;N/A;N/A;N/A;No;N/A;N/A;N/A;N/A;N/A;N/A;N/A;N/A;N/A;N/A;N/A;N/A;N/A;N/A;N/A;N/A;N/A;N/A;Sí;N/A;N/A;N/A;N/A;N/A;N/A;N/A;N/A;N/A;N/A;N/A;N/A;N/A;N/A;N/A;N/A;N/A;Sí;Sí;N/A;N/A;N/A;N/A;N/A;N/A;N/A;N/A;N/A;N/A;N/A;N/A;N/A;N/A;N/A;N/A;N/A;N/A;N/A;N/A;N/A;N/A;N/A;N/A;N/A;N/A;N/A;N/A;N/A;N/A;N/A;N/A;No;Sí;No;No;N/A;Sí;N/A;N/A;N/A;N/A;Sí;No;Sí;No;N/A;N/A;Sí;Sí;Sí;Sí;Sí;Sí;Sí;No;Sí;N/A;Sí
Nissan;March;"1.6 Active Mt";2017;"49340 km";;"CAR ONE_1";12900;;;;;"Ciudad de la Costa";https://auto.mercadolibre.com.uy/MLU-634770849-nissan-march-16-active-mt-_JM;N/A;;"Nissan March 1.6 Active Mt";usd;Sí;gold_premium;false;N/A;N/A;http://perfil.mercadolibre.com.uy/CAR+ONE_1;active;N/A;N/A;Usado;N/A;No;Hidráulica;4x2;Sí;N/A;N/A;N/A;N/A;N/A;N/A;N/A;N/A;N/A;N/A;N/A;N/A;N/A;N/A;N/A;N/A;N/A;N/A;N/A;N/A;N/A;N/A;N/A;N/A;"2450 mm";"1.6 L";"41 L";5;N/A;N/A;No;No;N/A;N/A;N/A;N/A;N/A;N/A;N/A;N/A;N/A;N/A;N/A;N/A;N/A;N/A;N/A;N/A;N/A;N/A;N/A;N/A;N/A;Sí;N/A;N/A;N/A;N/A;N/A;N/A;N/A;N/A;N/A;N/A;N/A;N/A;N/A;N/A;N/A;N/A;N/A;N/A;N/A;"1532 mm";"3827 mm";N/A;N/A;N/A;N/A;5;"106 hp";Active;N/A;4;"1665 mm";N/A;N/A;N/A;N/A;N/A;N/A;N/A;Sí;N/A;N/A;N/A;N/A;N/A;N/A;N/A;N/A;N/A;"Lunes a Domingos de 10 a 20 hs";5;1.6;Nafta;Manual;HATCH;"Autos y camionetas";N/A;N/A;N/A;N/A;N/A;N/A;UY;N/A;Sí;N/A;N/A;N/A;N/A;N/A;N/A;N/A;N/A;N/A;N/A;N/A;N/A;N/A;N/A;N/A;N/A;N/A;N/A;N/A;N/A;N/A;N/A;N/A;N/A;N/A;N/A;N/A;N/A;N/A;N/A;N/A;N/A;N/A;N/A;N/A;N/A;N/A;N/A;N/A;N/A;N/A;N/A;N/A;N/A;N/A;N/A;N/A;N/A;N/A;N/A;N/A;N/A;N/A;N/A;N/A;N/A;N/A;N/A;N/A;N/A;N/A;N/A;N/A;N/A;N/A;N/A;N/A;N/A;N/A;N/A;N/A;N/A;N/A;N/A;N/A;N/A;N/A;N/A;N/A;N/A;N/A;N/A;N/A;N/A;N/A;N/A;No;Sí;N/A;N/A;N/A;Sí;N/A;N/A;N/A;N/A;Sí;N/A;N/A;N/A;N/A;N/A;N/A;N/A;N/A;Sí;N/A;N/A;N/A;N/A;N/A;N/A;N/A
Nissan;Frontier;"NP300 4x4 2.5 Diesel";2020;"114757 km";;"GF CARRASCO";34900;;;;;Centro;https://auto.mercadolibre.com.uy/MLU-659973998-nissan-frontier-np300-4x4-25-diesel-2020-_JM;N/A;;"Nissan Frontier Np300 4x4 2.5 Diesel 2020";USD;Sí;gold_premium;false;N/A;N/A;http://perfil.mercadolibre.com.uy/GF+CARRASCO;active;N/A;N/A;Usado;Blanco;N/A;Hidráulica;N/A;Sí;Sí;Sí;N/A;N/A;N/A;Sí;Sí;N/A;N/A;Sí;N/A;Sí;N/A;N/A;N/A;N/A;N/A;N/A;N/A;N/A;N/A;N/A;N/A;N/A;N/A;"2500 cc";N/A;N/A;N/A;N/A;N/A;N/A;Sí;N/A;N/A;N/A;N/A;N/A;N/A;N/A;N/A;N/A;N/A;N/A;N/A;N/A;N/A;N/A;N/A;N/A;N/A;Sí;N/A;Sí;N/A;N/A;N/A;N/A;N/A;N/A;N/A;N/A;N/A;N/A;Sí;N/A;N/A;N/A;N/A;N/A;N/A;N/A;N/A;N/A;N/A;N/A;N/A;N/A;N/A;N/A;N/A;N/A;N/A;N/A;N/A;N/A;N/A;N/A;N/A;Sí;N/A;Sí;Sí;N/A;N/A;N/A;N/A;N/A;N/A;N/A;Sí;N/A;"Lun. a Vier. de 09 a 18.45 hs.";4;2.5;Diésel;Manual;Pick-Up;"Autos y camionetas";No;N/A;N/A;N/A;No;N/A;N/A;No;Sí;No;No;N/A;N/A;N/A;N/A;N/A;N/A;N/A;N/A;N/A;N/A;N/A;N/A;N/A;N/A;N/A;N/A;N/A;N/A;N/A;N/A;N/A;N/A;N/A;N/A;N/A;N/A;N/A;N/A;N/A;N/A;N/A;N/A;N/A;N/A;N/A;N/A;N/A;N/A;N/A;N/A;N/A;N/A;N/A;N/A;N/A;N/A;N/A;N/A;N/A;N/A;Sí;No;N/A;N/A;N/A;N/A;N/A;N/A;N/A;N/A;N/A;N/A;N/A;N/A;N/A;N/A;N/A;N/A;N/A;N/A;N/A;N/A;N/A;N/A;N/A;N/A;N/A;N/A;N/A;N/A;N/A;N/A;N/A;N/A;N/A;Sí;N/A;Sí;Sí;Sí;N/A;Sí;N/A;N/A;Sí;N/A;N/A;N/A;Sí;Sí;Sí;N/A;N/A;Sí;Sí;Sí;Sí;N/A;N/A;N/A;Sí
Nissan;Sentra;"EXCLUSIVE CVT 1.8 PURE DRIVE";2015;"125502 km";;"GF CARRASCO";14900;;;;;Centro;https://auto.mercadolibre.com.uy/MLU-659592590-nissan-sentra-exclusive-cvt-18-pure-drive-2015-_JM;N/A;;"Nissan Sentra Exclusive Cvt 1.8 Pure Drive 2015";USD;Sí;gold_premium;false;N/A;N/A;http://perfil.mercadolibre.com.uy/GF+CARRASCO;active;N/A;N/A;Usado;"Gris oscuro";N/A;Hidráulica;N/A;Sí;Sí;Sí;N/A;N/A;N/A;Sí;Sí;Sí;N/A;Sí;N/A;Sí;N/A;Sí;N/A;N/A;N/A;N/A;N/A;N/A;N/A;N/A;N/A;N/A;N/A;"1800 cc";N/A;N/A;N/A;N/A;N/A;N/A;N/A;N/A;Sí;N/A;N/A;N/A;N/A;N/A;N/A;N/A;N/A;N/A;N/A;N/A;N/A;N/A;N/A;N/A;N/A;Sí;N/A;Sí;N/A;N/A;N/A;N/A;N/A;N/A;N/A;N/A;N/A;N/A;Sí;N/A;N/A;N/A;N/A;N/A;Sí;N/A;N/A;N/A;N/A;N/A;N/A;N/A;N/A;N/A;N/A;Exclusive;N/A;N/A;N/A;N/A;N/A;N/A;Sí;Sí;N/A;N/A;Sí;Sí;Sí;N/A;N/A;N/A;N/A;N/A;N/A;N/A;"Lun. a Vier. de 09 a 18.45 hs.";4;1.8;Nafta;Automática;Sedán;"Autos y camionetas";No;N/A;N/A;N/A;No;N/A;N/A;No;Sí;No;No;N/A;N/A;N/A;N/A;N/A;N/A;N/A;N/A;N/A;N/A;N/A;N/A;N/A;N/A;N/A;N/A;N/A;N/A;N/A;N/A;N/A;N/A;N/A;N/A;N/A;N/A;N/A;N/A;N/A;N/A;N/A;N/A;N/A;N/A;N/A;N/A;N/A;N/A;N/A;N/A;N/A;N/A;N/A;N/A;N/A;N/A;N/A;N/A;N/A;N/A;Sí;No;N/A;N/A;N/A;N/A;N/A;N/A;N/A;N/A;N/A;N/A;N/A;N/A;N/A;N/A;N/A;N/A;N/A;N/A;N/A;N/A;N/A;N/A;N/A;N/A;N/A;N/A;N/A;N/A;N/A;N/A;N/A;N/A;N/A;Sí;Sí;Sí;Sí;Sí;N/A;N/A;N/A;Sí;Sí;N/A;Sí;N/A;N/A;Sí;Sí;Sí;N/A;Sí;Sí;Sí;N/A;N/A;N/A;N/A;Sí
Nissan;Kicks;"1.6 Exclusive At";2023;"0 km";;MOREIRAAUTOMOVILES;34990;;;;;Pando;https://auto.mercadolibre.com.uy/MLU-625646898-nissan-kicks-2023-16-exclusive-at-_JM;N/A;;"Nissan Kicks 2023 1.6 Exclusive At";usd;Sí;gold_premium;false;N/A;N/A;http://perfil.mercadolibre.com.uy/MOREIRAAUTOMOVILES;active;N/A;N/A;Nuevo;N/A;N/A;Hidráulica;Delantera;Sí;N/A;N/A;N/A;N/A;N/A;N/A;N/A;Sí;N/A;N/A;N/A;Sí;N/A;N/A;N/A;N/A;N/A;N/A;N/A;N/A;N/A;N/A;N/A;N/A;"2620 mm";"1598 cc";"50 L";N/A;N/A;N/A;N/A;N/A;N/A;N/A;N/A;N/A;N/A;N/A;N/A;N/A;N/A;N/A;N/A;N/A;N/A;N/A;N/A;N/A;N/A;N/A;N/A;N/A;N/A;N/A;N/A;N/A;N/A;N/A;N/A;N/A;N/A;N/A;N/A;N/A;N/A;N/A;N/A;N/A;N/A;N/A;N/A;N/A;N/A;"1590 mm";"4295 mm";N/A;N/A;N/A;N/A;5;"118 hp";Exclusive;N/A;4;"1760 mm";N/A;N/A;N/A;N/A;N/A;N/A;N/A;N/A;N/A;N/A;N/A;N/A;N/A;N/A;N/A;N/A;N/A;N/A;5;1.6;Nafta;Automática;SUV;"Autos y camionetas";N/A;N/A;N/A;N/A;N/A;N/A;UY;N/A;N/A;N/A;N/A;N/A;N/A;N/A;N/A;N/A;N/A;N/A;N/A;N/A;N/A;N/A;N/A;N/A;N/A;N/A;N/A;N/A;N/A;N/A;N/A;N/A;N/A;N/A;N/A;N/A;N/A;N/A;N/A;N/A;N/A;N/A;N/A;N/A;N/A;N/A;N/A;N/A;N/A;N/A;N/A;N/A;N/A;N/A;N/A;N/A;N/A;N/A;N/A;N/A;N/A;N/A;N/A;N/A;N/A;N/A;N/A;N/A;N/A;N/A;N/A;N/A;N/A;N/A;N/A;N/A;N/A;N/A;N/A;N/A;N/A;N/A;N/A;N/A;N/A;N/A;N/A;N/A;N/A;N/A;N/A;N/A;N/A;N/A;N/A;N/A;Sí;N/A;Sí;N/A;N/A;N/A;N/A;N/A;N/A;Sí;N/A;N/A;N/A;N/A;Sí;Sí;Sí;N/A;Sí;N/A;N/A;N/A;N/A;Sí;N/A;Sí
Nissan;Kicks;"1.6 Advance";2023;"0 km";;MOREIRAAUTOMOVILES;30490;;;;;Pando;https://auto.mercadolibre.com.uy/MLU-625646885-nissan-kicks-2023-16-advance-_JM;N/A;;"Nissan Kicks 2023 1.6 Advance";usd;Sí;gold_premium;false;N/A;N/A;http://perfil.mercadolibre.com.uy/MOREIRAAUTOMOVILES;active;N/A;N/A;Nuevo;N/A;N/A;Hidráulica;Delantera;Sí;N/A;N/A;N/A;N/A;N/A;N/A;N/A;N/A;N/A;N/A;N/A;Sí;N/A;N/A;N/A;N/A;N/A;N/A;N/A;N/A;N/A;N/A;N/A;N/A;"2620 mm";"1598 cc";"50 L";5;N/A;N/A;N/A;N/A;N/A;N/A;N/A;N/A;N/A;N/A;N/A;N/A;N/A;N/A;N/A;N/A;N/A;N/A;N/A;N/A;N/A;N/A;N/A;N/A;N/A;N/A;N/A;N/A;N/A;N/A;N/A;N/A;N/A;N/A;N/A;N/A;N/A;N/A;N/A;N/A;N/A;N/A;N/A;N/A;N/A;"1590 mm";"4295 mm";N/A;N/A;N/A;N/A;5;"118 hp";Advance;N/A;4;"1760 mm";N/A;N/A;N/A;N/A;N/A;N/A;N/A;N/A;N/A;N/A;N/A;N/A;N/A;N/A;N/A;N/A;N/A;N/A;5;1.6;Nafta;Manual;SUV;"Autos y camionetas";N/A;N/A;N/A;N/A;N/A;N/A;UY;N/A;N/A;N/A;N/A;N/A;N/A;N/A;N/A;N/A;N/A;N/A;N/A;N/A;N/A;N/A;N/A;N/A;N/A;N/A;N/A;N/A;N/A;N/A;N/A;N/A;N/A;N/A;N/A;N/A;N/A;N/A;N/A;N/A;N/A;N/A;N/A;N/A;N/A;N/A;N/A;N/A;N/A;N/A;N/A;N/A;N/A;N/A;N/A;N/A;N/A;N/A;N/A;N/A;N/A;N/A;N/A;N/A;N/A;N/A;N/A;N/A;N/A;N/A;N/A;N/A;N/A;N/A;N/A;N/A;N/A;N/A;N/A;N/A;N/A;N/A;N/A;N/A;N/A;N/A;N/A;N/A;N/A;N/A;N/A;N/A;N/A;N/A;N/A;N/A;N/A;N/A;N/A;N/A;N/A;N/A;N/A;N/A;N/A;N/A;N/A;N/A;N/A;N/A;N/A;N/A;Sí;N/A;Sí;N/A;N/A;N/A;N/A;Sí;N/A;Sí
Nissan;"NP300 Frontier";"2.5 Le Tdsl 188hp D.cab.";2023;"0 km";;MOREIRAAUTOMOVILES;52458;;;;;Pando;https://auto.mercadolibre.com.uy/MLU-633611561-nissan-np300-frontier-2023-25-le-tdsl-188hp-dcab-_JM;N/A;;"Nissan Np300 Frontier 2023 2.5 Le Tdsl 188hp D.cab.";usd;Sí;gold_premium;false;N/A;N/A;http://perfil.mercadolibre.com.uy/MOREIRAAUTOMOVILES;active;N/A;N/A;Nuevo;N/A;N/A;Hidráulica;4x2;Sí;N/A;N/A;N/A;N/A;N/A;N/A;N/A;Sí;N/A;N/A;N/A;N/A;N/A;N/A;N/A;N/A;N/A;N/A;N/A;N/A;N/A;N/A;N/A;N/A;"3150 mm";"2.5 L";"80 L";6;N/A;N/A;N/A;N/A;N/A;N/A;N/A;N/A;N/A;N/A;N/A;N/A;N/A;N/A;N/A;N/A;N/A;N/A;N/A;N/A;N/A;N/A;N/A;N/A;N/A;N/A;N/A;N/A;N/A;N/A;N/A;N/A;N/A;Sí;Sí;Sí;N/A;N/A;N/A;N/A;N/A;N/A;N/A;N/A;N/A;"1860 mm";"5258 mm";N/A;N/A;N/A;N/A;N/A;"188 hp";Le;N/A;4;"1850 mm";N/A;N/A;N/A;N/A;N/A;N/A;N/A;N/A;N/A;N/A;N/A;N/A;N/A;N/A;N/A;N/A;N/A;N/A;2;2.5;Diésel;Manual;Pick-Up;"Autos y camionetas";N/A;N/A;N/A;N/A;N/A;N/A;UY;N/A;N/A;N/A;N/A;N/A;N/A;N/A;N/A;N/A;N/A;N/A;N/A;N/A;N/A;N/A;N/A;N/A;N/A;N/A;N/A;N/A;N/A;N/A;N/A;N/A;N/A;N/A;N/A;N/A;N/A;N/A;N/A;N/A;N/A;N/A;N/A;N/A;N/A;N/A;N/A;N/A;N/A;N/A;N/A;N/A;N/A;N/A;N/A;N/A;N/A;N/A;N/A;N/A;N/A;N/A;N/A;N/A;N/A;N/A;N/A;N/A;N/A;N/A;N/A;N/A;N/A;N/A;N/A;N/A;N/A;N/A;N/A;N/A;N/A;N/A;N/A;N/A;N/A;N/A;N/A;N/A;N/A;N/A;N/A;N/A;N/A;N/A;N/A;N/A;Sí;N/A;Sí;N/A;N/A;N/A;N/A;Sí;N/A;Sí;N/A;N/A;N/A;N/A;N/A;Sí;Sí;N/A;Sí;N/A;N/A;N/A;N/A;Sí;N/A;Sí
Nissan;"NP300 Frontier";"2.5 S 161 Hp Pick Up";2023;"0 km";;MOREIRAAUTOMOVILES;37818;;;;;Pando;https://auto.mercadolibre.com.uy/MLU-637111018-nissan-np300-frontier-2023-25-s-161-hp-pick-up-_JM;N/A;;"Nissan Np300 Frontier 2023 2.5 S 161 Hp Pick Up";usd;Sí;gold_premium;false;N/A;N/A;http://perfil.mercadolibre.com.uy/MOREIRAAUTOMOVILES;active;N/A;N/A;Nuevo;N/A;N/A;Hidráulica;4x2;Sí;N/A;N/A;N/A;N/A;N/A;N/A;N/A;N/A;N/A;N/A;N/A;Sí;N/A;N/A;N/A;N/A;N/A;N/A;N/A;N/A;N/A;N/A;N/A;N/A;"3150 mm";"2489 cc";"80 L";6;N/A;N/A;N/A;N/A;N/A;N/A;N/A;N/A;N/A;N/A;N/A;N/A;N/A;N/A;N/A;N/A;N/A;N/A;N/A;N/A;N/A;N/A;N/A;N/A;N/A;N/A;N/A;N/A;N/A;N/A;N/A;N/A;N/A;N/A;N/A;N/A;N/A;N/A;N/A;N/A;N/A;N/A;N/A;N/A;N/A;"1860 mm";"5258 mm";N/A;N/A;N/A;N/A;N/A;"161 hp";S;N/A;4;"1850 mm";N/A;N/A;N/A;N/A;N/A;N/A;N/A;N/A;N/A;N/A;N/A;N/A;N/A;N/A;N/A;N/A;N/A;N/A;4;2.5;Diésel;Manual;Pick-Up;"Autos y camionetas";N/A;N/A;N/A;N/A;N/A;N/A;UY;N/A;N/A;N/A;N/A;N/A;N/A;N/A;N/A;N/A;N/A;N/A;N/A;N/A;N/A;N/A;N/A;N/A;N/A;N/A;N/A;N/A;N/A;N/A;N/A;N/A;N/A;N/A;N/A;N/A;N/A;N/A;N/A;N/A;N/A;N/A;N/A;N/A;N/A;N/A;N/A;N/A;N/A;N/A;N/A;N/A;N/A;N/A;N/A;N/A;N/A;N/A;N/A;N/A;N/A;N/A;N/A;N/A;N/A;N/A;N/A;N/A;N/A;N/A;N/A;N/A;N/A;N/A;N/A;N/A;N/A;N/A;N/A;N/A;N/A;N/A;N/A;N/A;N/A;N/A;N/A;N/A;N/A;N/A;N/A;N/A;N/A;N/A;N/A;N/A;Sí;N/A;N/A;N/A;N/A;N/A;N/A;N/A;N/A;Sí;N/A;N/A;N/A;N/A;N/A;N/A;N/A;N/A;Sí;N/A;N/A;N/A;N/A;N/A;N/A;N/A
Nissan;Versa;"1.6 Advance";2023;"0 km";;"MOREIRA AUTOMOVILES";27490;;;;;"Las Piedras";https://auto.mercadolibre.com.uy/MLU-629692115-nissan-versa-2023-16-advance-_JM;N/A;;"Nissan Versa 2023 1.6 Advance";usd;Sí;gold_premium;false;N/A;N/A;http://perfil.mercadolibre.com.uy/MOREIRA+AUTOMOVILES;active;N/A;N/A;Nuevo;N/A;N/A;Hidráulica;Delantera;Sí;N/A;N/A;N/A;N/A;N/A;N/A;N/A;N/A;N/A;N/A;N/A;Sí;N/A;N/A;N/A;N/A;N/A;N/A;N/A;N/A;N/A;N/A;N/A;N/A;"2600 mm";"1598 cc";"41 L";5;N/A;N/A;N/A;N/A;N/A;N/A;N/A;N/A;N/A;N/A;N/A;N/A;N/A;N/A;N/A;N/A;N/A;N/A;N/A;N/A;N/A;N/A;N/A;N/A;N/A;Sí;N/A;N/A;N/A;N/A;N/A;N/A;N/A;N/A;N/A;N/A;N/A;N/A;N/A;N/A;N/A;N/A;N/A;N/A;N/A;"1506 mm";"4492 mm";N/A;N/A;N/A;N/A;5;"106 hp";Advance;N/A;4;"1695 mm";N/A;N/A;N/A;N/A;N/A;N/A;N/A;Sí;N/A;N/A;N/A;N/A;N/A;N/A;N/A;N/A;N/A;N/A;4;1.6;Nafta;Manual;Sedán;"Autos y camionetas";N/A;N/A;N/A;N/A;N/A;N/A;UY;N/A;N/A;N/A;N/A;N/A;N/A;N/A;N/A;N/A;N/A;N/A;N/A;N/A;N/A;N/A;N/A;N/A;N/A;N/A;N/A;N/A;N/A;N/A;N/A;N/A;N/A;N/A;N/A;N/A;N/A;N/A;N/A;N/A;N/A;N/A;N/A;N/A;N/A;N/A;N/A;N/A;N/A;N/A;N/A;N/A;N/A;N/A;N/A;N/A;N/A;N/A;N/A;N/A;N/A;N/A;N/A;N/A;N/A;N/A;N/A;N/A;N/A;N/A;N/A;N/A;N/A;N/A;N/A;N/A;N/A;N/A;N/A;N/A;N/A;N/A;N/A;N/A;N/A;N/A;N/A;N/A;N/A;N/A;N/A;N/A;N/A;N/A;N/A;N/A;Sí;N/A;Sí;N/A;N/A;N/A;N/A;Sí;N/A;Sí;N/A;N/A;N/A;N/A;N/A;N/A;Sí;N/A;Sí;N/A;N/A;N/A;N/A;Sí;N/A;N/A
Nissan;"NP300 Frontier";"2.5 Le Tdsl 188hp D.cab. 4x4 Aut";2023;"0 km";;MOREIRAAUTOMOVILES;66488;;;;;Pando;https://auto.mercadolibre.com.uy/MLU-626628414-nissan-np300-frontier-2023-25-le-tdsl-188hp-dcab-4x4-aut-_JM;N/A;;"Nissan Np300 Frontier 2023 2.5 Le Tdsl 188hp D.cab. 4x4 Aut";usd;Sí;gold_premium;false;N/A;N/A;http://perfil.mercadolibre.com.uy/MOREIRAAUTOMOVILES;active;N/A;N/A;Nuevo;N/A;N/A;Hidráulica;4x4;Sí;N/A;N/A;N/A;N/A;N/A;N/A;N/A;Sí;N/A;N/A;Sí;Sí;N/A;N/A;N/A;N/A;N/A;N/A;N/A;N/A;N/A;N/A;N/A;N/A;"3150 mm";"2489 cc";"80 L";7;N/A;N/A;N/A;N/A;N/A;N/A;N/A;N/A;N/A;N/A;N/A;N/A;N/A;N/A;N/A;N/A;N/A;N/A;N/A;N/A;N/A;N/A;N/A;N/A;N/A;N/A;N/A;N/A;N/A;N/A;N/A;N/A;N/A;N/A;N/A;N/A;N/A;N/A;N/A;N/A;N/A;N/A;N/A;N/A;N/A;"1860 mm";"5258 mm";N/A;N/A;N/A;N/A;N/A;"188 hp";Le;N/A;4;"1850 mm";N/A;N/A;N/A;N/A;N/A;N/A;N/A;N/A;N/A;N/A;N/A;N/A;N/A;N/A;N/A;N/A;N/A;N/A;2;2.5;Diésel;Automática;Pick-Up;"Autos y camionetas";N/A;N/A;N/A;N/A;N/A;N/A;UY;N/A;N/A;N/A;N/A;N/A;N/A;N/A;N/A;N/A;N/A;N/A;N/A;N/A;N/A;N/A;N/A;N/A;N/A;N/A;N/A;N/A;N/A;N/A;N/A;N/A;N/A;N/A;N/A;N/A;N/A;N/A;N/A;N/A;N/A;N/A;N/A;N/A;N/A;N/A;N/A;N/A;N/A;N/A;N/A;N/A;N/A;N/A;N/A;N/A;N/A;N/A;N/A;N/A;N/A;N/A;N/A;N/A;N/A;N/A;N/A;N/A;N/A;N/A;N/A;N/A;N/A;N/A;N/A;N/A;N/A;N/A;N/A;N/A;N/A;N/A;N/A;N/A;N/A;N/A;N/A;N/A;N/A;N/A;N/A;N/A;N/A;N/A;N/A;N/A;Sí;N/A;Sí;N/A;N/A;N/A;N/A;Sí;N/A;Sí;N/A;N/A;N/A;N/A;N/A;Sí;Sí;N/A;Sí;N/A;N/A;N/A;N/A;Sí;N/A;Sí
Nissan;Maxima;Infiniti;1998;"151000 km";;BAUXITA2010;10750;;;;;"La Blanqueada";https://auto.mercadolibre.com.uy/MLU-635398053-nissan-maxima-infiniti-v6-automatico-extra-full-ex-embajada-_JM;N/A;;"Nissan Maxima Infiniti V6 Automatico Extra Full Ex Embajada";USD;No;gold_premium;false;N/A;N/A;http://perfil.mercadolibre.com.uy/BAUXITA2010;active;N/A;No;Usado;Azul;No;Hidráulica;N/A;Sí;Sí;Sí;Sí;No;No;Sí;Sí;Sí;No;Sí;No;Sí;N/A;Sí;N/A;N/A;N/A;N/A;N/A;N/A;N/A;N/A;N/A;N/A;N/A;N/A;N/A;N/A;N/A;N/A;N/A;N/A;No;Sí;N/A;N/A;N/A;N/A;N/A;N/A;N/A;N/A;N/A;N/A;N/A;N/A;N/A;N/A;N/A;N/A;N/A;Sí;N/A;No;N/A;N/A;N/A;No;N/A;N/A;N/A;N/A;N/A;N/A;N/A;N/A;N/A;N/A;N/A;N/A;N/A;N/A;N/A;N/A;N/A;N/A;N/A;N/A;N/A;N/A;N/A;N/A;N/A;N/A;N/A;N/A;N/A;N/A;Sí;Sí;Sí;Sí;No;No;Sí;Sí;N/A;No;No;No;No;No;"24 h";4;"V6 3.0 24 Vàlvulas";Nafta;Automática;Sedán;"Autos y camionetas";Sí;N/A;N/A;N/A;Sí;N/A;N/A;Sí;Sí;Sí;No;N/A;N/A;N/A;N/A;N/A;N/A;N/A;N/A;N/A;N/A;N/A;N/A;N/A;N/A;N/A;N/A;N/A;N/A;N/A;N/A;N/A;N/A;N/A;N/A;N/A;N/A;N/A;N/A;N/A;N/A;N/A;N/A;No;N/A;N/A;N/A;N/A;N/A;N/A;N/A;N/A;N/A;N/A;N/A;N/A;N/A;N/A;N/A;N/A;N/A;N/A;Sí;N/A;N/A;N/A;N/A;N/A;N/A;N/A;N/A;N/A;N/A;N/A;N/A;N/A;N/A;N/A;N/A;N/A;N/A;N/A;N/A;N/A;N/A;N/A;N/A;N/A;N/A;N/A;N/A;N/A;N/A;N/A;N/A;No;Sí;Sí;Sí;Sí;Sí;No;Sí;N/A;Sí;Sí;No;No;Sí;No;Sí;No;No;Sí;Sí;No;No;Sí;No;No;No;No
Nissan;Versa;"1.6 AT 6 Airbags 4 Puertas Full";2012;"113375 km";;"GF CARRASCO";10900;;;;;Centro;https://auto.mercadolibre.com.uy/MLU-665939956-nissan-versa-16-at-6-airbags-4-puertas-full-2012-_JM;N/A;;"Nissan Versa 1.6 At 6 Airbags 4 Puertas Full 2012";USD;Sí;gold_premium;false;N/A;N/A;http://perfil.mercadolibre.com.uy/GF+CARRASCO;active;N/A;N/A;Usado;Negro;N/A;Hidráulica;N/A;Sí;N/A;Sí;N/A;N/A;N/A;Sí;N/A;N/A;N/A;Sí;N/A;Sí;N/A;N/A;N/A;N/A;N/A;N/A;N/A;N/A;N/A;N/A;N/A;N/A;N/A;"1600 cc";N/A;N/A;N/A;N/A;N/A;N/A;Sí;N/A;N/A;N/A;N/A;N/A;N/A;N/A;N/A;N/A;N/A;N/A;N/A;N/A;N/A;N/A;N/A;N/A;N/A;N/A;N/A;Sí;N/A;N/A;N/A;N/A;N/A;N/A;N/A;N/A;N/A;N/A;Sí;N/A;N/A;N/A;N/A;N/A;N/A;N/A;N/A;N/A;N/A;N/A;N/A;N/A;N/A;N/A;N/A;N/A;N/A;N/A;N/A;N/A;N/A;N/A;N/A;Sí;N/A;N/A;Sí;Sí;N/A;N/A;N/A;N/A;N/A;N/A;N/A;N/A;"Lun. a Vier. de 09 a 18.45 hs.";5;1.6;Nafta;Automática;Sedán;"Autos y camionetas";No;N/A;N/A;N/A;No;N/A;N/A;No;Sí;No;No;N/A;N/A;N/A;N/A;N/A;N/A;N/A;N/A;N/A;N/A;N/A;N/A;N/A;N/A;N/A;N/A;N/A;N/A;N/A;N/A;N/A;N/A;N/A;N/A;N/A;N/A;N/A;N/A;N/A;N/A;N/A;N/A;N/A;N/A;N/A;N/A;N/A;N/A;N/A;N/A;N/A;N/A;N/A;N/A;N/A;N/A;N/A;N/A;N/A;N/A;Sí;No;N/A;N/A;N/A;N/A;N/A;N/A;N/A;N/A;N/A;N/A;N/A;N/A;N/A;N/A;N/A;N/A;N/A;N/A;N/A;N/A;N/A;N/A;N/A;N/A;N/A;N/A;N/A;N/A;N/A;N/A;N/A;N/A;N/A;Sí;N/A;N/A;Sí;Sí;N/A;Sí;N/A;N/A;Sí;N/A;N/A;N/A;N/A;Sí;N/A;Sí;N/A;Sí;Sí;N/A;Sí;N/A;N/A;N/A;Sí
Nissan;Frontier;"2.4 Le 4x4 Mt";2013;"252000 km";;"GONZALO GARAGE";12490;;;;;Malvin;https://auto.mercadolibre.com.uy/MLU-665679750-nissan-frontier-2013-24-le-4x4-mt-_JM;N/A;;"Nissan Frontier 2013 2.4 Le 4x4 Mt";usd;Sí;gold_premium;false;N/A;N/A;http://perfil.mercadolibre.com.uy/GONZALO+GARAGE;active;N/A;N/A;Usado;Blanco;N/A;Hidráulica;4x4;Sí;N/A;N/A;N/A;N/A;N/A;N/A;N/A;N/A;N/A;N/A;N/A;N/A;N/A;N/A;N/A;N/A;N/A;N/A;N/A;N/A;N/A;N/A;N/A;N/A;"2950 mm";"2.4 L";"75 L";N/A;N/A;N/A;N/A;N/A;N/A;N/A;N/A;N/A;N/A;N/A;N/A;N/A;N/A;N/A;N/A;N/A;N/A;N/A;N/A;N/A;N/A;N/A;N/A;N/A;N/A;N/A;N/A;N/A;N/A;N/A;N/A;N/A;N/A;N/A;N/A;N/A;N/A;N/A;N/A;N/A;N/A;N/A;N/A;N/A;N/A;"1720 mm";"5010 mm";N/A;N/A;N/A;N/A;N/A;N/A;Le;N/A;N/A;"1820 mm";N/A;N/A;N/A;N/A;N/A;N/A;N/A;N/A;N/A;N/A;N/A;N/A;N/A;N/A;N/A;N/A;N/A;N/A;2;2.4;Nafta;Manual;Pick-Up;"Autos y camionetas";N/A;N/A;N/A;N/A;N/A;N/A;UY;N/A;N/A;N/A;N/A;N/A;N/A;N/A;N/A;N/A;N/A;N/A;N/A;N/A;N/A;N/A;N/A;N/A;N/A;N/A;N/A;N/A;N/A;N/A;N/A;N/A;N/A;N/A;N/A;N/A;N/A;N/A;N/A;N/A;N/A;N/A;N/A;N/A;N/A;N/A;N/A;N/A;N/A;N/A;N/A;N/A;N/A;N/A;N/A;N/A;N/A;N/A;N/A;N/A;N/A;N/A;N/A;N/A;N/A;N/A;N/A;N/A;N/A;N/A;N/A;N/A;N/A;N/A;N/A;N/A;N/A;N/A;N/A;N/A;N/A;N/A;N/A;N/A;N/A;N/A;N/A;N/A;N/A;N/A;N/A;N/A;N/A;N/A;N/A;N/A;Sí;N/A;N/A;N/A;N/A;N/A;N/A;N/A;N/A;N/A;N/A;N/A;N/A;N/A;N/A;N/A;N/A;N/A;Sí;N/A;N/A;N/A;N/A;N/A;N/A;N/A
Nissan;Kicks;"1.6 Exclusive At";2018;"93000 km";;PAKAUTOMOVILES;21990;;;;;Malvin;https://auto.mercadolibre.com.uy/MLU-634630947-nissan-kicks-16-exclusive-_JM;N/A;;"Nissan Kicks 1.6 Exclusive";usd;Sí;gold_premium;false;N/A;N/A;http://perfil.mercadolibre.com.uy/PAKAUTOMOVILES;active;N/A;N/A;Usado;Azul;N/A;Hidráulica;Delantera;Sí;N/A;N/A;N/A;N/A;N/A;N/A;N/A;Sí;N/A;N/A;N/A;N/A;N/A;N/A;N/A;N/A;N/A;N/A;N/A;N/A;N/A;N/A;N/A;N/A;"2620 mm";"1.6 L";"50 L";N/A;N/A;N/A;N/A;N/A;N/A;N/A;N/A;N/A;N/A;N/A;N/A;N/A;N/A;N/A;N/A;N/A;N/A;N/A;N/A;N/A;N/A;N/A;N/A;N/A;N/A;N/A;N/A;N/A;N/A;N/A;N/A;N/A;N/A;Sí;Sí;N/A;N/A;Sí;N/A;N/A;N/A;N/A;N/A;N/A;N/A;"1590 mm";"4295 mm";N/A;N/A;N/A;N/A;5;"118 hp";Exclusive;N/A;4;"1760 mm";N/A;N/A;N/A;N/A;N/A;N/A;N/A;N/A;N/A;N/A;N/A;N/A;N/A;N/A;N/A;N/A;N/A;N/A;5;1.6;Nafta;Automática;SUV;"Autos y camionetas";N/A;N/A;N/A;N/A;N/A;N/A;UY;N/A;N/A;N/A;N/A;N/A;N/A;N/A;N/A;N/A;N/A;N/A;N/A;N/A;N/A;N/A;N/A;N/A;N/A;N/A;N/A;N/A;N/A;N/A;N/A;N/A;N/A;N/A;N/A;N/A;N/A;N/A;N/A;N/A;N/A;N/A;N/A;N/A;N/A;N/A;N/A;N/A;N/A;N/A;N/A;N/A;N/A;N/A;N/A;N/A;N/A;N/A;N/A;N/A;N/A;N/A;N/A;N/A;N/A;N/A;N/A;N/A;N/A;N/A;N/A;N/A;N/A;N/A;N/A;N/A;N/A;N/A;N/A;N/A;N/A;N/A;N/A;N/A;N/A;N/A;N/A;N/A;N/A;N/A;N/A;N/A;N/A;N/A;N/A;N/A;Sí;N/A;Sí;N/A;N/A;N/A;N/A;N/A;N/A;Sí;N/A;N/A;N/A;N/A;N/A;Sí;Sí;N/A;Sí;N/A;N/A;N/A;N/A;Sí;N/A;Sí
Nissan;Note;"1.6 Note Advance At";2015;"141055 km";;RAQUELBSENA;11000;;;;;"El Pinar";https://auto.mercadolibre.com.uy/MLU-634610431-nissan-note-advance-cvt-unico-dueno-servicios-oficiales-_JM;N/A;;"Nissan Note Advance Cvt Unico Dueño Servicios Oficiales";usd;Sí;gold_premium;false;N/A;N/A;http://perfil.mercadolibre.com.uy/RAQUELBSENA;active;N/A;N/A;Usado;Gris;Sí;Hidráulica;Delantera;Sí;Sí;N/A;N/A;N/A;No;N/A;N/A;No;N/A;N/A;Sí;N/A;N/A;N/A;N/A;N/A;N/A;N/A;N/A;N/A;N/A;N/A;N/A;N/A;"2600 mm";"1.6 L";"41 L";N/A;N/A;N/A;N/A;N/A;N/A;No;N/A;N/A;N/A;N/A;N/A;N/A;N/A;N/A;N/A;N/A;N/A;N/A;N/A;N/A;N/A;N/A;N/A;N/A;N/A;N/A;N/A;N/A;N/A;No;N/A;N/A;N/A;N/A;N/A;N/A;N/A;N/A;N/A;N/A;N/A;N/A;N/A;N/A;N/A;"1537 mm";"4142 mm";N/A;N/A;N/A;N/A;5;"109 hp";Advance;N/A;N/A;N/A;N/A;Sí;N/A;Sí;Sí;N/A;Sí;Sí;N/A;No;N/A;N/A;No;Sí;N/A;N/A;Sí;N/A;5;1.6;Nafta;Automática;Hatchback;"Autos y camionetas";No;N/A;N/A;N/A;No;N/A;UY;N/A;No;N/A;No;N/A;N/A;N/A;N/A;N/A;N/A;N/A;N/A;N/A;N/A;N/A;N/A;N/A;Sí;N/A;N/A;N/A;N/A;N/A;N/A;N/A;N/A;N/A;N/A;N/A;N/A;N/A;N/A;N/A;N/A;N/A;N/A;No;N/A;N/A;N/A;N/A;N/A;N/A;N/A;N/A;N/A;N/A;N/A;N/A;N/A;N/A;N/A;N/A;N/A;Sí;No;N/A;N/A;N/A;N/A;N/A;N/A;N/A;N/A;N/A;N/A;N/A;N/A;N/A;N/A;N/A;N/A;N/A;N/A;N/A;N/A;N/A;N/A;N/A;N/A;N/A;N/A;N/A;N/A;N/A;N/A;N/A;N/A;No;Sí;Sí;Sí;N/A;Sí;N/A;N/A;N/A;N/A;Sí;No;Sí;Sí;N/A;N/A;Sí;N/A;Sí;Sí;Sí;Sí;Sí;Sí;Sí;N/A;Sí
Nissan;Sentra;"1.8 Advance At";2022;"0 km";;RURALAUTOMOTORA;34990;;;;;Trinidad;https://auto.mercadolibre.com.uy/MLU-631234572-nissan-sentra-2022-18-advance-at-_JM;N/A;;"Nissan Sentra 2022 1.8 Advance At";usd;Sí;gold_premium;false;N/A;N/A;http://perfil.mercadolibre.com.uy/RURALAUTOMOTORA;active;N/A;N/A;Nuevo;N/A;N/A;Hidráulica;Delantera;Sí;Sí;N/A;N/A;N/A;Sí;N/A;N/A;N/A;N/A;N/A;Sí;Sí;N/A;Sí;N/A;N/A;N/A;N/A;N/A;N/A;N/A;N/A;N/A;N/A;"2700 mm";"1798 cc";"52 L";N/A;N/A;N/A;N/A;N/A;N/A;Sí;N/A;N/A;N/A;N/A;N/A;N/A;N/A;N/A;N/A;N/A;N/A;N/A;N/A;N/A;N/A;N/A;N/A;N/A;N/A;Sí;N/A;N/A;N/A;N/A;N/A;N/A;N/A;N/A;N/A;N/A;N/A;N/A;N/A;N/A;N/A;N/A;N/A;N/A;N/A;"1505 mm";"4636 mm";N/A;N/A;N/A;N/A;5;"129 hp";Advance;N/A;4;"1761 mm";N/A;No;N/A;Sí;N/A;N/A;Sí;Sí;N/A;N/A;N/A;N/A;No;N/A;N/A;N/A;N/A;N/A;4;1.8;Nafta;Automática;Sedán;"Autos y camionetas";No;N/A;N/A;N/A;No;N/A;UY;N/A;Sí;N/A;Sí;N/A;N/A;N/A;N/A;N/A;N/A;N/A;N/A;N/A;N/A;N/A;N/A;N/A;N/A;N/A;N/A;N/A;N/A;N/A;N/A;N/A;N/A;N/A;N/A;N/A;N/A;N/A;N/A;N/A;N/A;N/A;N/A;Sí;N/A;N/A;N/A;N/A;N/A;N/A;N/A;N/A;N/A;N/A;N/A;N/A;N/A;N/A;N/A;N/A;N/A;Sí;Sí;N/A;N/A;N/A;N/A;N/A;N/A;N/A;N/A;N/A;N/A;N/A;N/A;N/A;N/A;N/A;N/A;N/A;N/A;N/A;N/A;N/A;N/A;N/A;N/A;N/A;N/A;N/A;N/A;N/A;N/A;N/A;N/A;No;Sí;N/A;Sí;N/A;Sí;N/A;N/A;Sí;N/A;Sí;Sí;Sí;Sí;N/A;N/A;Sí;Sí;Sí;Sí;Sí;Sí;No;No;Sí;N/A;Sí
Nissan;Sentra;"SR CVT";2022;"0 km";;MOREIRAAUTOMOVILES;37990;;;;;Pando;https://auto.mercadolibre.com.uy/MLU-603305732-nissan-new-sentra-2023-sr-20-cvt-_JM;N/A;;"Nissan New Sentra  2023 Sr  2.0 Cvt";USD;Sí;gold_premium;false;N/A;N/A;http://perfil.mercadolibre.com.uy/MOREIRAAUTOMOVILES;active;Sí;N/A;Nuevo;Gris;No;Hidráulica;Delantera;No;Sí;Sí;Sí;Sí;Sí;Sí;Sí;Sí;Sí;Sí;Sí;Sí;Sí;Sí;N/A;N/A;N/A;N/A;N/A;N/A;N/A;N/A;N/A;N/A;"2700 mm";"1798 cc";"52 L";N/A;N/A;No;No;No;No;Sí;No;No;No;No;No;No;No;No;No;No;No;No;No;No;No;No;No;Sí;No;No;No;No;N/A;No;N/A;No;No;No;No;No;No;No;No;No;No;No;No;N/A;No;"1505 mm";"4636 mm";N/A;N/A;N/A;N/A;5;"129 hp";Advance;N/A;4;"1761 mm";N/A;Sí;No;Sí;No;No;Sí;Sí;Sí;Sí;Sí;N/A;No;No;No;No;No;"8:30 a 18:30";5;2.0;Nafta;Automática;Sedán;"Autos y camionetas";Sí;No;No;No;No;No;UY;No;Sí;No;No;No;No;No;No;No;No;No;No;No;No;No;No;No;No;No;No;No;No;No;No;No;N/A;No;No;No;No;No;No;No;No;No;No;Sí;No;No;No;No;No;No;No;No;No;No;No;No;No;No;No;No;No;No;No;No;No;No;No;No;No;No;No;No;No;No;No;No;No;No;No;No;No;No;No;No;No;No;No;No;No;No;No;No;No;No;No;No;Sí;Sí;Sí;Sí;No;Sí;Sí;No;No;Sí;Sí;Sí;No;No;Sí;Sí;Sí;Sí;No;No;No;No;No;No;No;No
Nissan;Versa;"PURE DRIVE AT 1.6 EXTRA FULL";2013;"140522 km";;"SHOPPING GRUPO_FIANCAR";9900;;;;;Carrasco;https://auto.mercadolibre.com.uy/MLU-635173239-nissan-versa-pure-drive-at-16-extra-full-2013-_JM;N/A;;"Nissan Versa Pure Drive At 1.6 Extra Full 2013";usd;Sí;gold_premium;false;N/A;N/A;http://perfil.mercadolibre.com.uy/SHOPPING+GRUPO_FIANCAR;active;N/A;N/A;Usado;"Gris oscuro";N/A;Hidráulica;N/A;Sí;Sí;Sí;N/A;N/A;N/A;Sí;N/A;N/A;N/A;Sí;N/A;Sí;N/A;N/A;N/A;N/A;N/A;N/A;N/A;N/A;N/A;N/A;N/A;N/A;N/A;"1600 cc";N/A;N/A;N/A;N/A;N/A;N/A;N/A;N/A;N/A;N/A;N/A;N/A;N/A;N/A;N/A;N/A;N/A;N/A;N/A;N/A;N/A;N/A;N/A;N/A;N/A;N/A;N/A;Sí;N/A;N/A;N/A;N/A;N/A;N/A;N/A;N/A;N/A;N/A;Sí;N/A;N/A;N/A;N/A;N/A;Sí;N/A;N/A;N/A;N/A;N/A;N/A;N/A;N/A;N/A;N/A;Drive;N/A;N/A;N/A;N/A;N/A;N/A;N/A;Sí;N/A;N/A;N/A;Sí;N/A;N/A;N/A;N/A;N/A;N/A;N/A;N/A;"Lun. a Vie. de 10 a 19hs";5;1.6;Nafta;Automática;Sedán;"Autos y camionetas";No;N/A;N/A;N/A;No;N/A;UY;No;Sí;No;No;N/A;N/A;N/A;N/A;N/A;N/A;N/A;N/A;N/A;N/A;N/A;N/A;N/A;N/A;N/A;N/A;N/A;N/A;N/A;N/A;N/A;N/A;N/A;N/A;N/A;N/A;N/A;N/A;N/A;N/A;N/A;N/A;N/A;N/A;N/A;N/A;N/A;N/A;N/A;N/A;N/A;N/A;N/A;N/A;N/A;N/A;N/A;N/A;N/A;N/A;Sí;No;N/A;N/A;N/A;N/A;N/A;N/A;N/A;N/A;N/A;N/A;N/A;N/A;N/A;N/A;N/A;N/A;N/A;N/A;N/A;N/A;N/A;N/A;N/A;N/A;N/A;N/A;N/A;N/A;N/A;N/A;N/A;N/A;N/A;Sí;N/A;Sí;N/A;Sí;N/A;N/A;N/A;Sí;Sí;N/A;N/A;N/A;N/A;N/A;N/A;Sí;N/A;Sí;Sí;N/A;Sí;N/A;N/A;N/A;Sí
Nissan;March;"1.6 Advance At";2017;"90000 km";;AUTONEGOCIOSUY;13900;;;;;Carrasco;https://auto.mercadolibre.com.uy/MLU-634994037-nissan-march-16-at-extrafull-_JM;N/A;;"Nissan March 1.6 At Extrafull";usd;Sí;gold_premium;false;N/A;N/A;http://perfil.mercadolibre.com.uy/AUTONEGOCIOSUY;active;N/A;N/A;Usado;Blanco;Sí;Hidráulica;Delantera;Sí;Sí;N/A;N/A;N/A;Sí;N/A;N/A;N/A;N/A;N/A;N/A;Sí;N/A;Sí;N/A;N/A;N/A;N/A;N/A;N/A;N/A;N/A;N/A;N/A;"2450 mm";"1.6 L";"41 L";4;N/A;N/A;N/A;N/A;N/A;Sí;N/A;N/A;N/A;N/A;N/A;N/A;N/A;N/A;N/A;N/A;N/A;N/A;N/A;N/A;N/A;N/A;N/A;N/A;N/A;N/A;N/A;N/A;N/A;N/A;N/A;N/A;N/A;Sí;Sí;N/A;N/A;N/A;N/A;N/A;N/A;N/A;N/A;N/A;N/A;"1532 mm";"3827 mm";N/A;N/A;N/A;N/A;5;"106 hp";Advance;N/A;4;"1665 mm";N/A;N/A;N/A;Sí;Sí;N/A;Sí;Sí;N/A;N/A;N/A;N/A;N/A;N/A;N/A;N/A;Sí;"Lunes a Viernes de 9:30 a 20hs. Sabados de 10 a 15hs";5;1.6;Nafta;Automática;Hatchback;"Autos y camionetas";N/A;N/A;N/A;N/A;N/A;N/A;UY;N/A;Sí;N/A;Sí;N/A;N/A;N/A;N/A;N/A;N/A;N/A;N/A;N/A;N/A;N/A;N/A;N/A;N/A;N/A;N/A;N/A;N/A;N/A;N/A;N/A;N/A;N/A;N/A;N/A;N/A;N/A;N/A;N/A;N/A;N/A;N/A;N/A;N/A;N/A;N/A;N/A;N/A;N/A;N/A;N/A;N/A;N/A;N/A;N/A;N/A;N/A;N/A;N/A;N/A;N/A;Sí;N/A;N/A;N/A;N/A;N/A;N/A;N/A;N/A;N/A;N/A;N/A;N/A;N/A;N/A;N/A;N/A;N/A;N/A;N/A;N/A;N/A;N/A;N/A;N/A;N/A;N/A;N/A;N/A;N/A;N/A;N/A;N/A;N/A;Sí;Sí;Sí;N/A;Sí;N/A;N/A;Sí;N/A;Sí;N/A;Sí;Sí;N/A;N/A;N/A;Sí;Sí;Sí;Sí;Sí;Sí;N/A;Sí;N/A;Sí
Nissan;Versa;"1.6 Advance At";2022;"20000 km";;"KM0 MOTORS";17800;;;;;"Aeropuerto Internacional De Carrasco";https://auto.mercadolibre.com.uy/MLU-659124724-nissan-versa-2022-16-advance-at-_JM;N/A;;"Nissan Versa 2022 1.6 Advance At";usd;Sí;gold_premium;false;N/A;N/A;http://perfil.mercadolibre.com.uy/KM0+MOTORS;active;N/A;N/A;Usado;N/A;Sí;Hidráulica;Delantera;Sí;N/A;N/A;N/A;N/A;N/A;N/A;N/A;N/A;N/A;N/A;N/A;N/A;N/A;N/A;N/A;N/A;N/A;N/A;N/A;N/A;N/A;N/A;N/A;N/A;"2600 mm";"1.6 L";"41 L";4;N/A;N/A;N/A;N/A;N/A;N/A;N/A;N/A;N/A;N/A;N/A;N/A;N/A;N/A;N/A;N/A;N/A;N/A;N/A;N/A;N/A;N/A;N/A;N/A;N/A;N/A;N/A;N/A;N/A;N/A;N/A;N/A;N/A;N/A;N/A;N/A;N/A;N/A;N/A;N/A;N/A;N/A;N/A;N/A;N/A;"1506 mm";"4492 mm";N/A;N/A;N/A;N/A;5;"106 hp";Advance;N/A;4;"1695 mm";N/A;N/A;N/A;N/A;N/A;N/A;N/A;Sí;N/A;N/A;N/A;N/A;Sí;N/A;N/A;N/A;N/A;N/A;4;1.6;Nafta;Automática;Sedán;"Autos y camionetas";N/A;N/A;N/A;N/A;N/A;N/A;UY;N/A;Sí;N/A;N/A;N/A;N/A;N/A;N/A;N/A;N/A;N/A;N/A;N/A;N/A;N/A;N/A;N/A;N/A;N/A;N/A;N/A;N/A;N/A;N/A;N/A;N/A;N/A;N/A;N/A;N/A;N/A;N/A;N/A;N/A;N/A;N/A;Sí;N/A;N/A;N/A;N/A;N/A;N/A;N/A;N/A;N/A;N/A;N/A;N/A;N/A;N/A;N/A;N/A;N/A;Sí;N/A;N/A;N/A;N/A;N/A;N/A;N/A;N/A;N/A;N/A;N/A;N/A;N/A;N/A;N/A;N/A;N/A;N/A;N/A;N/A;N/A;N/A;N/A;N/A;N/A;N/A;N/A;N/A;N/A;N/A;N/A;N/A;N/A;N/A;Sí;N/A;Sí;N/A;N/A;N/A;N/A;N/A;N/A;Sí;N/A;N/A;N/A;N/A;N/A;Sí;N/A;Sí;Sí;Sí;Sí;Sí;N/A;Sí;N/A;Sí
Nissan;Qashqai;"Exclusive cvt 1.5";2023;"0 km";;MOREIRAAUTOMOVILES;55990;;;;;Pando;https://auto.mercadolibre.com.uy/MLU-655421906-nissan-qashqai-exclusive-cvt-15-_JM;N/A;;"Nissan Qashqai Exclusive Cvt 1.5 ";USD;Sí;gold_premium;false;N/A;N/A;http://perfil.mercadolibre.com.uy/MOREIRAAUTOMOVILES;active;N/A;N/A;Nuevo;N/A;N/A;N/A;N/A;N/A;N/A;N/A;N/A;N/A;N/A;N/A;N/A;N/A;N/A;N/A;N/A;N/A;N/A;N/A;N/A;N/A;N/A;N/A;N/A;N/A;N/A;N/A;N/A;N/A;N/A;N/A;N/A;N/A;N/A;N/A;N/A;N/A;N/A;N/A;N/A;N/A;N/A;N/A;N/A;N/A;N/A;N/A;N/A;N/A;N/A;N/A;N/A;N/A;N/A;N/A;N/A;N/A;N/A;N/A;N/A;N/A;N/A;N/A;N/A;N/A;N/A;N/A;N/A;N/A;N/A;N/A;N/A;N/A;N/A;N/A;N/A;N/A;N/A;N/A;N/A;N/A;N/A;N/A;N/A;N/A;N/A;N/A;N/A;N/A;N/A;N/A;N/A;N/A;N/A;N/A;N/A;N/A;N/A;N/A;N/A;N/A;N/A;N/A;N/A;N/A;N/A;N/A;N/A;5;N/A;Nafta;N/A;N/A;"Autos y camionetas";N/A;N/A;N/A;N/A;N/A;N/A;N/A;N/A;N/A;N/A;N/A;N/A;N/A;N/A;N/A;N/A;N/A;N/A;N/A;N/A;N/A;N/A;N/A;N/A;N/A;N/A;N/A;N/A;N/A;N/A;N/A;N/A;N/A;N/A;N/A;N/A;N/A;N/A;N/A;N/A;N/A;N/A;N/A;N/A;N/A;N/A;N/A;N/A;N/A;N/A;N/A;N/A;N/A;N/A;N/A;N/A;N/A;N/A;N/A;N/A;N/A;N/A;N/A;N/A;N/A;N/A;N/A;N/A;N/A;N/A;N/A;N/A;N/A;N/A;N/A;N/A;N/A;N/A;N/A;N/A;N/A;N/A;N/A;N/A;N/A;N/A;N/A;N/A;N/A;N/A;N/A;N/A;N/A;N/A;N/A;N/A;N/A;N/A;N/A;N/A;N/A;N/A;N/A;N/A;N/A;N/A;N/A;N/A;N/A;N/A;N/A;N/A;N/A;N/A;N/A;N/A;N/A;N/A;N/A;N/A;N/A;N/A
Nissan;X-Trail;e-POWER;2024;"0 km";;"NISSAN SANTAROSA";59990;;;;;Centro;https://auto.mercadolibre.com.uy/MLU-661871252-nissan-x-trail-e-power-15-2024-0km-_JM;N/A;;"Nissan X-trail E-power 1.5 2024 0km";USD;Sí;gold_premium;false;N/A;N/A;http://perfil.mercadolibre.com.uy/NISSAN+SANTAROSA;active;N/A;N/A;Nuevo;Plateado;N/A;Eléctrica;N/A;N/A;N/A;Sí;Sí;N/A;N/A;Sí;Sí;N/A;N/A;N/A;Sí;Sí;N/A;N/A;N/A;N/A;N/A;N/A;N/A;N/A;N/A;N/A;N/A;N/A;N/A;"1500 cc";N/A;N/A;N/A;N/A;Sí;Sí;Sí;N/A;Sí;N/A;N/A;N/A;N/A;N/A;N/A;N/A;N/A;N/A;N/A;N/A;N/A;N/A;N/A;N/A;N/A;Sí;N/A;Sí;N/A;Sí;N/A;N/A;N/A;N/A;N/A;N/A;N/A;N/A;N/A;N/A;N/A;N/A;N/A;N/A;Sí;N/A;N/A;N/A;N/A;N/A;N/A;N/A;N/A;N/A;N/A;N/A;N/A;N/A;N/A;N/A;N/A;N/A;Sí;N/A;N/A;Sí;Sí;Sí;Sí;N/A;N/A;N/A;N/A;N/A;N/A;Sí;"Lun. a Vie. de 9 a 18:30 hs. Sáb. de 10 a 13 hs.";4;1.5;Eléctrico;Automática;SUV;"Autos y camionetas";Sí;N/A;N/A;N/A;Sí;N/A;N/A;Sí;Sí;Sí;No;N/A;N/A;N/A;N/A;N/A;N/A;N/A;N/A;N/A;N/A;N/A;N/A;N/A;Sí;N/A;N/A;N/A;N/A;N/A;N/A;N/A;N/A;N/A;N/A;Sí;N/A;N/A;N/A;N/A;N/A;N/A;N/A;Sí;N/A;N/A;N/A;N/A;N/A;N/A;N/A;N/A;N/A;Sí;N/A;N/A;N/A;Sí;Sí;N/A;N/A;Sí;No;N/A;N/A;N/A;N/A;N/A;N/A;N/A;N/A;N/A;N/A;N/A;N/A;N/A;N/A;N/A;N/A;N/A;N/A;N/A;N/A;N/A;N/A;N/A;N/A;N/A;N/A;N/A;N/A;Sí;Sí;N/A;N/A;N/A;Sí;Sí;Sí;Sí;Sí;Sí;Sí;N/A;Sí;Sí;N/A;N/A;N/A;N/A;Sí;Sí;N/A;N/A;Sí;Sí;Sí;N/A;N/A;Sí;N/A;Sí
Nissan;Kicks;"1.6 Exclusive At";2017;"58000 km";;"BIELCAR AUTOMOVILES";23990;;;;;"Tres Cruces";https://auto.mercadolibre.com.uy/MLU-664028594-nissan-kicks-16-exclusive-at-excelente-estado-_JM;N/A;;"Nissan Kicks 1.6 Exclusive At Excelente Estado";usd;Sí;gold_premium;false;N/A;N/A;http://perfil.mercadolibre.com.uy/BIELCAR+AUTOMOVILES;active;N/A;N/A;Usado;Blanco;Sí;Eléctrica;N/A;Sí;Sí;Sí;N/A;N/A;N/A;Sí;Sí;Sí;N/A;N/A;Sí;Sí;N/A;Sí;N/A;N/A;N/A;N/A;N/A;N/A;N/A;N/A;N/A;N/A;N/A;"1600 cc";N/A;6;N/A;N/A;N/A;N/A;Sí;N/A;Sí;N/A;N/A;N/A;N/A;N/A;N/A;N/A;N/A;N/A;N/A;N/A;N/A;N/A;N/A;N/A;N/A;Sí;N/A;Sí;N/A;N/A;N/A;N/A;N/A;N/A;N/A;N/A;N/A;N/A;Sí;N/A;N/A;N/A;N/A;N/A;Sí;N/A;N/A;N/A;N/A;N/A;N/A;N/A;N/A;N/A;N/A;Exclusive;N/A;N/A;N/A;N/A;N/A;N/A;Sí;N/A;N/A;N/A;Sí;N/A;N/A;N/A;N/A;N/A;N/A;N/A;N/A;Sí;"Lunes a Viernes de 9:30 a 19 horas";5;1.6;Nafta;Automática;SUV;"Autos y camionetas";No;N/A;N/A;N/A;No;N/A;UY;No;Sí;No;No;N/A;N/A;N/A;N/A;N/A;N/A;N/A;N/A;N/A;N/A;N/A;N/A;N/A;N/A;N/A;N/A;N/A;N/A;N/A;N/A;N/A;N/A;N/A;N/A;N/A;N/A;N/A;N/A;N/A;N/A;N/A;N/A;N/A;N/A;N/A;N/A;N/A;N/A;N/A;N/A;N/A;N/A;N/A;N/A;N/A;N/A;N/A;N/A;N/A;N/A;N/A;No;N/A;N/A;N/A;N/A;N/A;N/A;N/A;N/A;N/A;N/A;N/A;N/A;N/A;N/A;N/A;N/A;N/A;N/A;N/A;N/A;N/A;N/A;N/A;N/A;N/A;N/A;N/A;N/A;N/A;N/A;N/A;N/A;N/A;Sí;Sí;Sí;Sí;Sí;Sí;N/A;N/A;Sí;Sí;N/A;N/A;N/A;N/A;Sí;Sí;N/A;N/A;N/A;N/A;N/A;N/A;N/A;N/A;N/A;N/A
Nissan;March;-;2014;"116307 km";;"SHOPPING GRUPO_FIANCAR";11900;;;;;Carrasco;https://auto.mercadolibre.com.uy/MLU-634784027-nissan-march-2014-_JM;N/A;;"Nissan March 2014";USD;Sí;gold_premium;false;N/A;N/A;http://perfil.mercadolibre.com.uy/SHOPPING+GRUPO_FIANCAR;active;N/A;N/A;Usado;"Gris oscuro";N/A;Hidráulica;N/A;Sí;N/A;N/A;N/A;N/A;N/A;Sí;N/A;N/A;N/A;Sí;N/A;N/A;N/A;N/A;N/A;N/A;N/A;N/A;N/A;N/A;N/A;N/A;N/A;N/A;N/A;"1600 cc";N/A;N/A;N/A;N/A;N/A;N/A;N/A;N/A;N/A;N/A;N/A;N/A;N/A;N/A;N/A;N/A;N/A;N/A;N/A;N/A;N/A;N/A;N/A;N/A;N/A;N/A;N/A;N/A;N/A;N/A;N/A;N/A;N/A;N/A;N/A;N/A;N/A;N/A;N/A;N/A;N/A;N/A;N/A;N/A;N/A;N/A;N/A;N/A;N/A;N/A;N/A;N/A;N/A;N/A;N/A;N/A;N/A;N/A;N/A;N/A;N/A;N/A;N/A;N/A;N/A;N/A;N/A;Sí;N/A;N/A;N/A;N/A;N/A;N/A;N/A;N/A;"Lun. a Vie. de 10 a 19hs";5;1.6;Nafta;Manual;Hatchback;"Autos y camionetas";No;N/A;N/A;N/A;No;N/A;N/A;No;Sí;No;No;N/A;N/A;N/A;N/A;N/A;N/A;N/A;N/A;N/A;N/A;N/A;N/A;N/A;N/A;N/A;N/A;N/A;N/A;N/A;N/A;N/A;N/A;N/A;N/A;N/A;N/A;N/A;N/A;N/A;N/A;N/A;N/A;N/A;N/A;N/A;N/A;N/A;N/A;N/A;N/A;N/A;N/A;N/A;N/A;N/A;N/A;N/A;N/A;N/A;N/A;Sí;No;N/A;N/A;N/A;N/A;N/A;N/A;N/A;N/A;N/A;N/A;N/A;N/A;N/A;N/A;N/A;N/A;N/A;N/A;N/A;N/A;N/A;N/A;N/A;N/A;N/A;N/A;N/A;N/A;N/A;N/A;N/A;N/A;N/A;N/A;N/A;N/A;N/A;N/A;N/A;N/A;N/A;N/A;N/A;N/A;N/A;N/A;N/A;N/A;N/A;N/A;N/A;Sí;Sí;N/A;N/A;N/A;N/A;N/A;Sí
Nissan;Versa;Sr;2023;"0 km";;MOREIRAAUTOMOVILES;29490;;;;;Pando;https://auto.mercadolibre.com.uy/MLU-629183572-nissan-versa-sr-cvt-_JM;N/A;;"Nissan Versa Sr Cvt";USD;Sí;gold_premium;false;N/A;N/A;http://perfil.mercadolibre.com.uy/MOREIRAAUTOMOVILES;active;N/A;N/A;Nuevo;N/A;N/A;Eléctrica;Delantera;Sí;Sí;N/A;N/A;N/A;Sí;N/A;N/A;No;N/A;N/A;Sí;Sí;N/A;Sí;N/A;N/A;N/A;N/A;N/A;N/A;N/A;N/A;N/A;N/A;N/A;N/A;N/A;N/A;N/A;N/A;N/A;N/A;N/A;No;N/A;N/A;N/A;N/A;N/A;N/A;N/A;N/A;N/A;N/A;N/A;N/A;N/A;N/A;N/A;N/A;N/A;N/A;N/A;N/A;N/A;N/A;N/A;No;N/A;N/A;N/A;N/A;N/A;N/A;N/A;N/A;N/A;N/A;N/A;N/A;N/A;N/A;N/A;N/A;N/A;N/A;N/A;N/A;N/A;N/A;N/A;N/A;N/A;N/A;N/A;N/A;N/A;N/A;Sí;Sí;N/A;N/A;N/A;N/A;No;N/A;N/A;No;No;N/A;N/A;No;N/A;4;1.6;Nafta;Automática;Sedán;"Autos y camionetas";Sí;N/A;N/A;N/A;Sí;N/A;N/A;N/A;Sí;N/A;No;N/A;N/A;N/A;N/A;N/A;N/A;N/A;N/A;N/A;N/A;N/A;N/A;N/A;Sí;N/A;N/A;N/A;N/A;N/A;N/A;N/A;N/A;N/A;N/A;N/A;N/A;N/A;N/A;N/A;N/A;N/A;N/A;Sí;N/A;N/A;N/A;N/A;N/A;N/A;N/A;N/A;N/A;N/A;N/A;N/A;N/A;N/A;N/A;N/A;N/A;Sí;N/A;N/A;N/A;N/A;N/A;N/A;N/A;N/A;N/A;N/A;N/A;N/A;N/A;N/A;N/A;N/A;N/A;N/A;N/A;N/A;N/A;N/A;N/A;N/A;N/A;N/A;N/A;N/A;N/A;N/A;N/A;N/A;N/A;No;Sí;No;Sí;N/A;Sí;N/A;N/A;N/A;N/A;Sí;Sí;Sí;Sí;N/A;N/A;Sí;Sí;Sí;Sí;Sí;Sí;No;No;Sí;N/A;Sí
Nissan;"NP300 Frontier";"2.5 Xe Tdsl 188hp D.cab. 4x4";2023;"0 km";;MOREIRAAUTOMOVILES;60388;;;;;Pando;https://auto.mercadolibre.com.uy/MLU-646584212-nissan-np300-frontier-2023-25-xe-tdsl-188hp-dcab-4x4-_JM;N/A;;"Nissan Np300 Frontier 2023 2.5 Xe Tdsl 188hp D.cab. 4x4";usd;Sí;gold_premium;false;N/A;N/A;http://perfil.mercadolibre.com.uy/MOREIRAAUTOMOVILES;active;N/A;N/A;Nuevo;N/A;N/A;Hidráulica;4x4;Sí;N/A;N/A;N/A;N/A;N/A;N/A;N/A;Sí;N/A;N/A;Sí;Sí;N/A;N/A;N/A;N/A;N/A;N/A;N/A;N/A;N/A;N/A;N/A;N/A;"3150 mm";"2489 cc";"80 L";7;N/A;N/A;N/A;N/A;N/A;N/A;N/A;N/A;N/A;N/A;N/A;N/A;N/A;N/A;N/A;N/A;N/A;N/A;N/A;N/A;N/A;N/A;N/A;N/A;N/A;N/A;N/A;N/A;N/A;N/A;N/A;N/A;N/A;N/A;N/A;N/A;N/A;N/A;N/A;N/A;N/A;N/A;N/A;N/A;N/A;"1860 mm";"5258 mm";N/A;N/A;N/A;N/A;N/A;"188 hp";Xe;N/A;4;"1850 mm";N/A;N/A;N/A;N/A;N/A;N/A;N/A;N/A;N/A;N/A;N/A;N/A;N/A;N/A;N/A;N/A;N/A;N/A;2;2.5;Diésel;Manual;Pick-Up;"Autos y camionetas";N/A;N/A;N/A;N/A;N/A;N/A;UY;N/A;N/A;N/A;N/A;N/A;N/A;N/A;N/A;N/A;N/A;N/A;N/A;N/A;N/A;N/A;N/A;N/A;N/A;N/A;N/A;N/A;N/A;N/A;N/A;N/A;N/A;N/A;N/A;N/A;N/A;N/A;N/A;N/A;N/A;N/A;N/A;N/A;N/A;N/A;N/A;N/A;N/A;N/A;N/A;N/A;N/A;N/A;N/A;N/A;N/A;N/A;N/A;N/A;N/A;N/A;N/A;N/A;N/A;N/A;N/A;N/A;N/A;N/A;N/A;N/A;N/A;N/A;N/A;N/A;N/A;N/A;N/A;N/A;N/A;N/A;N/A;N/A;N/A;N/A;N/A;N/A;N/A;N/A;N/A;N/A;N/A;N/A;N/A;N/A;Sí;N/A;Sí;N/A;N/A;N/A;N/A;Sí;N/A;Sí;N/A;N/A;N/A;N/A;N/A;Sí;Sí;N/A;Sí;N/A;N/A;N/A;N/A;Sí;N/A;Sí
Nissan;March;"1.6 Advance Mt";2016;"130000 km";;"GL MOTORS.AUTOMOTORA";11990;;;;;"Brazo Oriental";https://auto.mercadolibre.com.uy/MLU-635307473-nissan-march-gl-motors-financiamos-100-en-pesos-_JM;N/A;;"Nissan March ((gl Motors)) Financiamos 100% En Pesos ";usd;Sí;gold_premium;false;N/A;N/A;http://perfil.mercadolibre.com.uy/GL+MOTORS.AUTOMOTORA;active;N/A;N/A;Usado;Blanco;N/A;Hidráulica;Delantera;Sí;N/A;N/A;N/A;N/A;N/A;N/A;N/A;N/A;N/A;N/A;N/A;N/A;N/A;N/A;N/A;N/A;N/A;N/A;N/A;N/A;N/A;N/A;N/A;N/A;"2450 mm";"1.6 L";"41 L";5;N/A;N/A;N/A;N/A;N/A;N/A;N/A;N/A;N/A;N/A;N/A;N/A;N/A;N/A;N/A;N/A;N/A;N/A;N/A;N/A;N/A;N/A;N/A;N/A;N/A;N/A;N/A;N/A;N/A;N/A;N/A;N/A;N/A;Sí;Sí;N/A;N/A;N/A;N/A;N/A;N/A;N/A;N/A;N/A;N/A;"1532 mm";"3827 mm";N/A;N/A;N/A;N/A;5;"106 hp";Advance;N/A;4;"1665 mm";N/A;N/A;N/A;N/A;N/A;N/A;N/A;Sí;N/A;N/A;N/A;N/A;N/A;N/A;N/A;N/A;N/A;N/A;5;1.6;Nafta;Manual;Hatchback;"Autos y camionetas";N/A;N/A;N/A;N/A;N/A;N/A;UY;N/A;N/A;N/A;N/A;N/A;N/A;N/A;N/A;N/A;N/A;N/A;N/A;N/A;N/A;N/A;N/A;N/A;N/A;N/A;N/A;N/A;N/A;N/A;N/A;N/A;N/A;N/A;N/A;N/A;N/A;N/A;N/A;N/A;N/A;N/A;N/A;N/A;N/A;N/A;N/A;N/A;N/A;N/A;N/A;N/A;N/A;N/A;N/A;N/A;N/A;N/A;N/A;N/A;N/A;N/A;N/A;N/A;N/A;N/A;N/A;N/A;N/A;N/A;N/A;N/A;N/A;N/A;N/A;N/A;N/A;N/A;N/A;N/A;N/A;N/A;N/A;N/A;N/A;N/A;N/A;N/A;N/A;N/A;N/A;N/A;N/A;N/A;N/A;N/A;Sí;N/A;Sí;N/A;N/A;N/A;N/A;Sí;N/A;Sí;N/A;N/A;N/A;N/A;N/A;N/A;Sí;N/A;Sí;N/A;N/A;N/A;N/A;Sí;N/A;Sí
Nissan;Versa;"1.6 Drive";2021;"70000 km";;"GL MOTORS.AUTOMOTORA";13990;;;;;"Brazo Oriental";https://auto.mercadolibre.com.uy/MLU-635307143-nissan-versa-drive-gl-motors-financiamos-100-en-pesos-_JM;N/A;;"Nissan Versa Drive ((gl Motors)) Financiamos 100% En Pesos ";usd;Sí;gold_premium;false;N/A;N/A;http://perfil.mercadolibre.com.uy/GL+MOTORS.AUTOMOTORA;active;N/A;N/A;Usado;Blanco;N/A;Hidráulica;Delantera;Sí;N/A;N/A;N/A;N/A;N/A;N/A;N/A;N/A;N/A;N/A;N/A;N/A;N/A;N/A;N/A;N/A;N/A;N/A;N/A;N/A;N/A;N/A;N/A;N/A;"2600 mm";"1.6 L";"41 L";5;N/A;N/A;N/A;N/A;N/A;N/A;N/A;N/A;N/A;N/A;N/A;N/A;N/A;N/A;N/A;N/A;N/A;N/A;N/A;N/A;N/A;N/A;N/A;N/A;N/A;N/A;N/A;N/A;N/A;N/A;N/A;N/A;N/A;N/A;N/A;N/A;N/A;N/A;N/A;N/A;N/A;N/A;N/A;N/A;N/A;"1506 mm";"4492 mm";N/A;N/A;N/A;N/A;5;"106 hp";Drive;N/A;4;"1695 mm";N/A;N/A;N/A;N/A;N/A;N/A;N/A;Sí;N/A;N/A;N/A;N/A;N/A;N/A;N/A;N/A;N/A;N/A;4;1.6;Nafta;Manual;Sedán;"Autos y camionetas";N/A;N/A;N/A;N/A;N/A;N/A;UY;N/A;N/A;N/A;N/A;N/A;N/A;N/A;N/A;N/A;N/A;N/A;N/A;N/A;N/A;N/A;N/A;N/A;N/A;N/A;N/A;N/A;N/A;N/A;N/A;N/A;N/A;N/A;N/A;N/A;N/A;N/A;N/A;N/A;N/A;N/A;N/A;N/A;N/A;N/A;N/A;N/A;N/A;N/A;N/A;N/A;N/A;N/A;N/A;N/A;N/A;N/A;N/A;N/A;N/A;N/A;N/A;N/A;N/A;N/A;N/A;N/A;N/A;N/A;N/A;N/A;N/A;N/A;N/A;N/A;N/A;N/A;N/A;N/A;N/A;N/A;N/A;N/A;N/A;N/A;N/A;N/A;N/A;N/A;N/A;N/A;N/A;N/A;N/A;N/A;Sí;N/A;N/A;N/A;N/A;N/A;N/A;N/A;N/A;Sí;N/A;N/A;N/A;N/A;N/A;N/A;N/A;N/A;Sí;N/A;N/A;N/A;N/A;N/A;N/A;N/A
Nissan;March;"1.6 Advance Mt";2013;"180000 km";;"AUTOMOTORA CANEPAS";9800;;;;;Pando;https://auto.mercadolibre.com.uy/MLU-665058192-nissan-march-_JM;N/A;;"Nissan March";usd;Sí;gold_premium;false;N/A;N/A;http://perfil.mercadolibre.com.uy/AUTOMOTORA+CANEPAS;active;N/A;N/A;Usado;Plateado;N/A;Hidráulica;Delantera;Sí;N/A;N/A;N/A;N/A;N/A;N/A;N/A;N/A;N/A;N/A;N/A;N/A;N/A;N/A;N/A;N/A;N/A;N/A;N/A;N/A;N/A;N/A;N/A;N/A;"2450 mm";"1.6 L";"41 L";N/A;N/A;N/A;N/A;N/A;N/A;N/A;N/A;N/A;N/A;N/A;N/A;N/A;N/A;N/A;N/A;N/A;N/A;N/A;N/A;N/A;N/A;N/A;N/A;N/A;N/A;N/A;N/A;N/A;N/A;N/A;N/A;N/A;N/A;N/A;N/A;N/A;N/A;N/A;N/A;N/A;N/A;N/A;N/A;N/A;N/A;"1528 mm";"3780 mm";N/A;N/A;N/A;N/A;5;"109 hp";Advance;N/A;N/A;"1665 mm";N/A;N/A;N/A;N/A;N/A;N/A;N/A;N/A;N/A;N/A;N/A;N/A;N/A;N/A;N/A;N/A;N/A;N/A;5;1.6;Nafta;Manual;Hatchback;"Autos y camionetas";N/A;N/A;N/A;N/A;N/A;N/A;UY;N/A;N/A;N/A;N/A;N/A;N/A;N/A;N/A;N/A;N/A;N/A;N/A;N/A;N/A;N/A;N/A;N/A;N/A;N/A;N/A;N/A;N/A;N/A;N/A;N/A;N/A;N/A;N/A;N/A;N/A;N/A;N/A;N/A;N/A;N/A;N/A;N/A;N/A;N/A;N/A;N/A;N/A;N/A;N/A;N/A;N/A;N/A;N/A;N/A;N/A;N/A;N/A;N/A;N/A;N/A;N/A;N/A;N/A;N/A;N/A;N/A;N/A;N/A;N/A;N/A;N/A;N/A;N/A;N/A;N/A;N/A;N/A;N/A;N/A;N/A;N/A;N/A;N/A;N/A;N/A;N/A;N/A;N/A;N/A;N/A;N/A;N/A;N/A;N/A;Sí;N/A;N/A;N/A;N/A;N/A;N/A;N/A;N/A;N/A;N/A;N/A;N/A;N/A;N/A;N/A;N/A;N/A;Sí;N/A;N/A;N/A;N/A;N/A;N/A;N/A
Nissan;Frontier;Diesel;2013;"250000 km";;"GL MOTORS.AUTOMOTORA";17990;;;;;"Brazo Oriental";https://auto.mercadolibre.com.uy/MLU-664928144-nissan-frontier-diesel-gl-motors-financiamos-100-en--_JM;N/A;;"Nissan Frontier Diesel ((gl Motors)) Financiamos 100% En $";USD;Sí;gold_premium;false;N/A;N/A;http://perfil.mercadolibre.com.uy/GL+MOTORS.AUTOMOTORA;active;N/A;N/A;Usado;Plateado;N/A;Hidráulica;4x2;N/A;N/A;N/A;N/A;N/A;N/A;N/A;N/A;N/A;N/A;N/A;N/A;N/A;N/A;N/A;N/A;N/A;N/A;N/A;N/A;N/A;N/A;N/A;N/A;N/A;N/A;N/A;N/A;N/A;N/A;N/A;N/A;N/A;N/A;N/A;N/A;N/A;N/A;N/A;N/A;N/A;N/A;N/A;N/A;N/A;N/A;N/A;N/A;N/A;N/A;N/A;N/A;N/A;N/A;N/A;N/A;N/A;N/A;N/A;N/A;N/A;N/A;N/A;N/A;N/A;N/A;N/A;N/A;N/A;N/A;N/A;N/A;N/A;N/A;N/A;N/A;N/A;N/A;N/A;N/A;N/A;N/A;N/A;N/A;N/A;N/A;N/A;N/A;N/A;N/A;N/A;N/A;N/A;N/A;N/A;N/A;N/A;N/A;N/A;N/A;N/A;N/A;N/A;N/A;4;"2.5 td";Diésel;Manual;Pick-Up;"Autos y camionetas";N/A;N/A;N/A;N/A;N/A;N/A;N/A;N/A;N/A;N/A;N/A;N/A;N/A;N/A;N/A;N/A;N/A;N/A;N/A;N/A;N/A;N/A;N/A;N/A;N/A;N/A;N/A;N/A;N/A;N/A;N/A;N/A;N/A;N/A;N/A;N/A;N/A;N/A;N/A;N/A;N/A;N/A;N/A;N/A;N/A;N/A;N/A;N/A;N/A;N/A;N/A;N/A;N/A;N/A;N/A;N/A;N/A;N/A;N/A;N/A;N/A;N/A;N/A;N/A;N/A;N/A;N/A;N/A;N/A;N/A;N/A;N/A;N/A;N/A;N/A;N/A;N/A;N/A;N/A;N/A;N/A;N/A;N/A;N/A;N/A;N/A;N/A;N/A;N/A;N/A;N/A;N/A;N/A;N/A;N/A;N/A;N/A;N/A;N/A;N/A;N/A;N/A;N/A;N/A;N/A;N/A;N/A;N/A;N/A;N/A;N/A;N/A;N/A;N/A;N/A;N/A;N/A;N/A;N/A;N/A;N/A;N/A
Nissan;March;"Extra Full";2018;"83000 km";;NIMBUSTAR1162;14490;;;;;Buceo;https://auto.mercadolibre.com.uy/MLU-661988676-nissan-march-extra-full-16-2018-_JM;N/A;;"Nissan March Extra Full 1.6 2018";USD;Sí;gold_premium;false;N/A;N/A;http://perfil.mercadolibre.com.uy/NIMBUSTAR1162;active;N/A;N/A;Usado;Plateado;N/A;Asistida;N/A;Sí;Sí;Sí;N/A;N/A;N/A;N/A;N/A;N/A;N/A;N/A;N/A;Sí;N/A;N/A;N/A;N/A;N/A;N/A;N/A;N/A;N/A;N/A;N/A;N/A;N/A;"1600 cc";N/A;5;N/A;N/A;N/A;N/A;N/A;N/A;N/A;N/A;N/A;N/A;N/A;N/A;N/A;N/A;N/A;N/A;N/A;N/A;N/A;N/A;N/A;N/A;N/A;Sí;N/A;Sí;N/A;Sí;N/A;N/A;N/A;N/A;N/A;N/A;N/A;N/A;N/A;N/A;N/A;N/A;N/A;N/A;N/A;N/A;N/A;N/A;N/A;N/A;N/A;N/A;N/A;N/A;N/A;N/A;N/A;N/A;N/A;N/A;N/A;N/A;N/A;N/A;N/A;Sí;N/A;N/A;N/A;N/A;N/A;N/A;N/A;N/A;N/A;Sí;"Lun. a Vie. 9 a 19 hs. Sáb. de 9 a 13 hs.";5;1.6;Nafta;Manual;Hatchback;"Autos y camionetas";No;N/A;N/A;N/A;No;N/A;N/A;No;Sí;No;No;N/A;N/A;N/A;N/A;N/A;N/A;N/A;N/A;N/A;N/A;N/A;N/A;N/A;N/A;N/A;N/A;N/A;N/A;N/A;N/A;N/A;N/A;N/A;N/A;N/A;N/A;N/A;N/A;N/A;N/A;N/A;N/A;Sí;N/A;N/A;N/A;N/A;N/A;N/A;N/A;N/A;N/A;N/A;N/A;N/A;N/A;N/A;N/A;N/A;N/A;Sí;No;N/A;N/A;N/A;N/A;N/A;N/A;N/A;N/A;N/A;N/A;N/A;N/A;N/A;N/A;N/A;N/A;N/A;N/A;N/A;N/A;N/A;N/A;N/A;N/A;N/A;N/A;N/A;N/A;N/A;N/A;N/A;N/A;N/A;Sí;N/A;Sí;N/A;Sí;Sí;Sí;N/A;Sí;Sí;N/A;Sí;N/A;N/A;Sí;N/A;Sí;N/A;Sí;Sí;Sí;N/A;N/A;N/A;N/A;Sí
Nissan;Kicks;"1.6 Advance At";2018;"115000 km";;"GL MOTORS.AUTOMOTORA";19990;;;;;"Brazo Oriental";https://auto.mercadolibre.com.uy/MLU-659740192-nissan-kicks-advance-gl-motors-financiamos-100-en-pesos-_JM;N/A;;"Nissan Kicks Advance ((gl Motors)) Financiamos 100% En Pesos";usd;Sí;gold_premium;false;N/A;N/A;http://perfil.mercadolibre.com.uy/GL+MOTORS.AUTOMOTORA;active;N/A;N/A;Usado;Gris;N/A;Hidráulica;Delantera;Sí;N/A;N/A;N/A;N/A;N/A;N/A;N/A;N/A;N/A;N/A;N/A;N/A;N/A;N/A;N/A;N/A;N/A;N/A;N/A;N/A;N/A;N/A;N/A;N/A;"2620 mm";"1.6 L";"50 L";N/A;N/A;N/A;N/A;N/A;N/A;N/A;N/A;N/A;N/A;N/A;N/A;N/A;N/A;N/A;N/A;N/A;N/A;N/A;N/A;N/A;N/A;N/A;N/A;N/A;N/A;N/A;N/A;N/A;N/A;N/A;N/A;N/A;N/A;Sí;Sí;Sí;N/A;N/A;N/A;N/A;N/A;N/A;N/A;N/A;N/A;"1590 mm";"4295 mm";N/A;N/A;N/A;N/A;5;"118 hp";Advance;N/A;4;"1760 mm";N/A;N/A;N/A;N/A;N/A;N/A;N/A;N/A;N/A;N/A;N/A;N/A;N/A;N/A;N/A;N/A;N/A;N/A;5;1.6;Nafta;Automática;SUV;"Autos y camionetas";N/A;N/A;N/A;N/A;N/A;N/A;UY;N/A;N/A;N/A;N/A;N/A;N/A;N/A;N/A;N/A;N/A;N/A;N/A;N/A;N/A;N/A;N/A;N/A;N/A;N/A;N/A;N/A;N/A;N/A;N/A;N/A;N/A;N/A;N/A;N/A;N/A;N/A;N/A;N/A;N/A;N/A;N/A;N/A;N/A;N/A;N/A;N/A;N/A;N/A;N/A;N/A;N/A;N/A;N/A;N/A;N/A;N/A;N/A;N/A;N/A;N/A;N/A;N/A;N/A;N/A;N/A;N/A;N/A;N/A;N/A;N/A;N/A;N/A;N/A;N/A;N/A;N/A;N/A;N/A;N/A;N/A;N/A;N/A;N/A;N/A;N/A;N/A;N/A;N/A;N/A;N/A;N/A;N/A;N/A;N/A;Sí;N/A;Sí;N/A;N/A;N/A;N/A;N/A;N/A;Sí;N/A;N/A;N/A;N/A;N/A;N/A;Sí;N/A;Sí;N/A;N/A;N/A;N/A;Sí;N/A;Sí
Nissan;Versa;"1.6 Exclusive At";2023;"16000 km";;"AUTOMOTORA MARMOTORS";26900;;;;;"La Teja";https://auto.mercadolibre.com.uy/MLU-659156258-nissan-new-versa-exclusive-_JM;N/A;;"Nissan New Versa Exclusive";usd;Sí;gold_premium;false;N/A;N/A;http://perfil.mercadolibre.com.uy/AUTOMOTORA+MARMOTORS;active;N/A;N/A;Usado;Blanco;N/A;Hidráulica;Delantera;Sí;N/A;N/A;N/A;Sí;N/A;N/A;N/A;Sí;N/A;N/A;N/A;N/A;N/A;N/A;N/A;N/A;N/A;N/A;N/A;N/A;N/A;N/A;N/A;N/A;"2600 mm";"1.6 L";"41 L";4;N/A;N/A;N/A;N/A;N/A;N/A;N/A;N/A;N/A;N/A;N/A;N/A;N/A;N/A;N/A;N/A;N/A;N/A;N/A;N/A;N/A;N/A;N/A;N/A;N/A;N/A;N/A;N/A;N/A;N/A;N/A;N/A;N/A;Sí;Sí;N/A;N/A;N/A;N/A;N/A;N/A;N/A;N/A;N/A;N/A;"1506 mm";"4465 mm";N/A;N/A;N/A;N/A;5;"106 hp";Exclusive;N/A;4;"1695 mm";N/A;N/A;N/A;N/A;N/A;N/A;N/A;Sí;N/A;N/A;N/A;N/A;N/A;N/A;N/A;N/A;N/A;"10 A 19HS";4;1.6;Nafta;Automática;Sedán;"Autos y camionetas";N/A;N/A;N/A;N/A;N/A;N/A;UY;N/A;N/A;N/A;N/A;N/A;N/A;N/A;N/A;N/A;N/A;N/A;N/A;N/A;N/A;N/A;N/A;N/A;N/A;N/A;N/A;N/A;N/A;N/A;N/A;N/A;N/A;N/A;N/A;N/A;N/A;N/A;N/A;N/A;N/A;N/A;N/A;N/A;N/A;N/A;N/A;N/A;N/A;N/A;N/A;N/A;N/A;N/A;N/A;N/A;N/A;N/A;N/A;N/A;N/A;N/A;N/A;N/A;N/A;N/A;N/A;N/A;N/A;N/A;N/A;N/A;N/A;N/A;N/A;N/A;N/A;N/A;N/A;N/A;N/A;N/A;N/A;N/A;N/A;N/A;N/A;N/A;N/A;N/A;N/A;N/A;N/A;N/A;N/A;N/A;Sí;N/A;Sí;N/A;N/A;N/A;N/A;Sí;N/A;Sí;N/A;N/A;N/A;N/A;N/A;N/A;Sí;N/A;Sí;N/A;N/A;N/A;N/A;Sí;N/A;N/A
Nissan;Versa;"exclusive at";2021;"81713 km";;"AUTOLAND VW";20900;;;;;Canelones;https://auto.mercadolibre.com.uy/MLU-653148610-nissan-versa-exclusive-at-16-2021-impecable-autoland-_JM;N/A;;"Nissan Versa Exclusive At 1.6 2021 Impecable! - Autoland";usd;Sí;gold_premium;false;N/A;N/A;http://perfil.mercadolibre.com.uy/AUTOLAND+VW;active;N/A;N/A;Usado;Plateado;Sí;Asistida;N/A;N/A;Sí;N/A;N/A;N/A;N/A;Sí;N/A;Sí;Sí;N/A;Sí;Sí;N/A;Sí;N/A;N/A;N/A;N/A;N/A;N/A;N/A;N/A;N/A;N/A;N/A;"1600 cc";N/A;N/A;N/A;N/A;Sí;Sí;N/A;N/A;N/A;N/A;N/A;N/A;N/A;N/A;N/A;N/A;N/A;N/A;N/A;N/A;N/A;N/A;N/A;N/A;N/A;Sí;N/A;Sí;N/A;Sí;N/A;N/A;N/A;N/A;N/A;N/A;N/A;N/A;Sí;N/A;N/A;N/A;N/A;N/A;Sí;N/A;N/A;N/A;N/A;N/A;N/A;N/A;N/A;N/A;N/A;Exclusive;N/A;N/A;N/A;N/A;N/A;N/A;Sí;Sí;Sí;Sí;N/A;N/A;N/A;N/A;N/A;N/A;N/A;N/A;N/A;N/A;"Lun. a Vie. de 9 a 18 hs";4;1.6;Nafta;Automática;Sedán;"Autos y camionetas";No;N/A;N/A;N/A;No;N/A;UY;No;Sí;No;No;N/A;N/A;N/A;N/A;N/A;N/A;N/A;N/A;N/A;N/A;N/A;N/A;N/A;Sí;N/A;N/A;N/A;N/A;N/A;N/A;N/A;N/A;N/A;N/A;N/A;N/A;N/A;N/A;N/A;N/A;N/A;N/A;N/A;N/A;N/A;N/A;N/A;N/A;N/A;N/A;N/A;N/A;N/A;N/A;N/A;N/A;N/A;N/A;N/A;N/A;N/A;No;N/A;N/A;N/A;N/A;N/A;N/A;N/A;N/A;N/A;N/A;N/A;N/A;N/A;N/A;N/A;N/A;N/A;N/A;N/A;N/A;N/A;N/A;N/A;N/A;N/A;N/A;N/A;N/A;N/A;Sí;N/A;N/A;N/A;Sí;Sí;Sí;Sí;Sí;Sí;N/A;N/A;Sí;Sí;Sí;N/A;N/A;N/A;Sí;Sí;Sí;N/A;Sí;N/A;N/A;N/A;N/A;N/A;N/A;N/A
Nissan;"NP300 Frontier";"2.5 Doble Cabina Aa Pack Seg 4x4";2016;"271327 km";;RURALAUTOMOTORA;26900;;;;;Trinidad;https://auto.mercadolibre.com.uy/MLU-653736042-nissan-np300-frontier-25tdi-s-dcabina4x2-_JM;N/A;;"Nissan Np300 Frontier 2.5tdi S D/cabina4x2";usd;Sí;gold_premium;false;N/A;N/A;http://perfil.mercadolibre.com.uy/RURALAUTOMOTORA;active;N/A;N/A;Usado;N/A;N/A;Hidráulica;4x4;Sí;N/A;N/A;N/A;N/A;N/A;N/A;N/A;N/A;N/A;N/A;N/A;N/A;N/A;N/A;N/A;N/A;N/A;N/A;N/A;N/A;N/A;N/A;N/A;N/A;"3150 mm";"2.5 L";"80 L";6;N/A;N/A;N/A;N/A;N/A;N/A;N/A;N/A;N/A;N/A;N/A;N/A;N/A;N/A;N/A;N/A;N/A;N/A;N/A;N/A;N/A;N/A;N/A;N/A;N/A;N/A;N/A;N/A;N/A;N/A;N/A;N/A;N/A;Sí;Sí;N/A;N/A;N/A;N/A;N/A;N/A;N/A;N/A;N/A;N/A;"1860 mm";"5258 mm";N/A;N/A;N/A;N/A;N/A;"161 hp";N/A;N/A;4;"1850 mm";N/A;N/A;N/A;N/A;N/A;N/A;N/A;N/A;N/A;N/A;N/A;N/A;N/A;N/A;N/A;N/A;N/A;N/A;4;2.5;Diésel;Manual;Pick-Up;"Autos y camionetas";N/A;N/A;N/A;N/A;N/A;N/A;UY;N/A;N/A;N/A;N/A;N/A;N/A;N/A;N/A;N/A;N/A;N/A;N/A;N/A;N/A;N/A;N/A;N/A;N/A;N/A;N/A;N/A;N/A;N/A;N/A;N/A;N/A;N/A;N/A;N/A;N/A;N/A;N/A;N/A;N/A;N/A;N/A;N/A;N/A;N/A;N/A;N/A;N/A;N/A;N/A;N/A;N/A;N/A;N/A;N/A;N/A;N/A;N/A;N/A;N/A;N/A;N/A;N/A;N/A;N/A;N/A;N/A;N/A;N/A;N/A;N/A;N/A;N/A;N/A;N/A;N/A;N/A;N/A;N/A;N/A;N/A;N/A;N/A;N/A;N/A;N/A;N/A;N/A;N/A;N/A;N/A;N/A;N/A;N/A;N/A;Sí;N/A;N/A;N/A;N/A;N/A;N/A;N/A;N/A;Sí;N/A;N/A;N/A;N/A;N/A;N/A;N/A;N/A;Sí;N/A;N/A;N/A;N/A;N/A;N/A;N/A
Nissan;Versa;"1.6 Sense";2023;"0 km";;MOREIRAAUTOMOVILES;25990;;;;;Pando;https://auto.mercadolibre.com.uy/MLU-629680467-nissan-versa-2023-16-sense-_JM;N/A;;"Nissan Versa 2023 1.6 Sense";usd;Sí;gold_premium;false;N/A;N/A;http://perfil.mercadolibre.com.uy/MOREIRAAUTOMOVILES;active;N/A;N/A;Nuevo;N/A;N/A;Hidráulica;Delantera;Sí;N/A;N/A;N/A;N/A;N/A;N/A;N/A;N/A;N/A;N/A;N/A;Sí;N/A;N/A;N/A;N/A;N/A;N/A;N/A;N/A;N/A;N/A;N/A;N/A;"2600 mm";"1598 cc";"41 L";5;N/A;N/A;N/A;N/A;N/A;N/A;N/A;N/A;N/A;N/A;N/A;N/A;N/A;N/A;N/A;N/A;N/A;N/A;N/A;N/A;N/A;N/A;N/A;N/A;N/A;Sí;N/A;N/A;N/A;N/A;N/A;N/A;N/A;N/A;N/A;N/A;N/A;N/A;N/A;N/A;N/A;N/A;N/A;N/A;N/A;"1506 mm";"4492 mm";N/A;N/A;N/A;N/A;5;"106 hp";Sense;N/A;4;"1695 mm";N/A;N/A;N/A;N/A;N/A;N/A;N/A;Sí;N/A;N/A;N/A;N/A;N/A;N/A;N/A;N/A;N/A;N/A;4;1.6;Nafta;Manual;Sedán;"Autos y camionetas";N/A;N/A;N/A;N/A;N/A;N/A;UY;N/A;N/A;N/A;N/A;N/A;N/A;N/A;N/A;N/A;N/A;N/A;N/A;N/A;N/A;N/A;N/A;N/A;N/A;N/A;N/A;N/A;N/A;N/A;N/A;N/A;N/A;N/A;N/A;N/A;N/A;N/A;N/A;N/A;N/A;N/A;N/A;N/A;N/A;N/A;N/A;N/A;N/A;N/A;N/A;N/A;N/A;N/A;N/A;N/A;N/A;N/A;N/A;N/A;N/A;N/A;N/A;N/A;N/A;N/A;N/A;N/A;N/A;N/A;N/A;N/A;N/A;N/A;N/A;N/A;N/A;N/A;N/A;N/A;N/A;N/A;N/A;N/A;N/A;N/A;N/A;N/A;N/A;N/A;N/A;N/A;N/A;N/A;N/A;N/A;Sí;N/A;N/A;N/A;N/A;N/A;N/A;N/A;N/A;Sí;N/A;N/A;N/A;N/A;N/A;N/A;Sí;N/A;Sí;N/A;N/A;N/A;N/A;Sí;N/A;N/A
Nissan;Frontier;"Pick up nafta";2023;"0 km";;MOREIRAAUTOMOVILES;26828;;;;;Pando;https://auto.mercadolibre.com.uy/MLU-629357892-nissan-frontier-pick-up-nafta-_JM;N/A;;"Nissan Frontier Pick Up Nafta ";USD;Sí;gold_premium;false;N/A;N/A;http://perfil.mercadolibre.com.uy/MOREIRAAUTOMOVILES;active;N/A;N/A;Nuevo;N/A;N/A;Eléctrica;4x2;Sí;No;N/A;N/A;N/A;No;N/A;N/A;No;N/A;N/A;No;No;N/A;No;N/A;N/A;N/A;N/A;N/A;N/A;N/A;N/A;N/A;N/A;N/A;N/A;N/A;N/A;N/A;N/A;N/A;N/A;N/A;No;N/A;N/A;N/A;N/A;N/A;N/A;N/A;N/A;N/A;N/A;N/A;N/A;N/A;N/A;N/A;N/A;N/A;N/A;N/A;N/A;N/A;N/A;N/A;No;N/A;N/A;N/A;N/A;N/A;N/A;N/A;N/A;N/A;N/A;N/A;N/A;N/A;N/A;N/A;N/A;N/A;N/A;N/A;N/A;N/A;N/A;N/A;N/A;N/A;N/A;N/A;N/A;No;N/A;N/A;Sí;N/A;Sí;No;N/A;No;N/A;N/A;No;No;N/A;N/A;Sí;N/A;2;2.5;Nafta;Manual;Pick-Up;"Autos y camionetas";Sí;N/A;N/A;N/A;Sí;N/A;N/A;N/A;Sí;N/A;No;N/A;N/A;N/A;N/A;N/A;N/A;N/A;N/A;N/A;N/A;N/A;N/A;N/A;No;N/A;N/A;N/A;N/A;N/A;N/A;N/A;N/A;N/A;N/A;N/A;N/A;N/A;N/A;N/A;N/A;N/A;N/A;Sí;N/A;N/A;N/A;N/A;N/A;N/A;N/A;N/A;N/A;N/A;N/A;N/A;N/A;N/A;N/A;N/A;N/A;Sí;No;N/A;N/A;N/A;N/A;N/A;N/A;N/A;N/A;N/A;N/A;N/A;N/A;N/A;N/A;N/A;N/A;N/A;N/A;N/A;N/A;N/A;N/A;N/A;N/A;N/A;N/A;N/A;N/A;N/A;N/A;N/A;N/A;No;Sí;No;No;N/A;Sí;N/A;N/A;N/A;N/A;Sí;No;No;No;N/A;N/A;Sí;Sí;Sí;Sí;Sí;Sí;N/A;N/A;Sí;N/A;Sí
Nissan;Frontier;"Pro 4x 7 A/T";2023;"0 km";;MOREIRAAUTOMOVILES;46968;;;;;Pando;https://auto.mercadolibre.com.uy/MLU-629140295-nissan-frontier-pro-4x-7-at-_JM;N/A;;"Nissan Frontier Pro 4x 7 A/t";USD;Sí;gold_premium;false;N/A;N/A;http://perfil.mercadolibre.com.uy/MOREIRAAUTOMOVILES;active;N/A;N/A;Nuevo;N/A;N/A;Eléctrica;4x4;Sí;Sí;N/A;N/A;N/A;Sí;N/A;N/A;Sí;N/A;N/A;Sí;Sí;N/A;No;N/A;N/A;N/A;N/A;N/A;N/A;N/A;N/A;N/A;N/A;N/A;N/A;N/A;N/A;N/A;N/A;N/A;N/A;N/A;No;N/A;N/A;N/A;N/A;N/A;N/A;N/A;N/A;N/A;N/A;N/A;N/A;N/A;N/A;N/A;N/A;N/A;N/A;N/A;N/A;N/A;N/A;N/A;No;N/A;N/A;N/A;N/A;N/A;N/A;N/A;N/A;N/A;N/A;N/A;N/A;N/A;N/A;N/A;N/A;N/A;N/A;N/A;N/A;N/A;N/A;N/A;N/A;N/A;N/A;N/A;N/A;Sí;N/A;Sí;Sí;N/A;Sí;Sí;N/A;No;N/A;N/A;No;Sí;N/A;N/A;No;N/A;4;2.5;Nafta;Automática;Pick-Up;"Autos y camionetas";Sí;N/A;N/A;N/A;N/A;N/A;N/A;N/A;Sí;N/A;N/A;N/A;N/A;N/A;N/A;N/A;N/A;N/A;N/A;N/A;N/A;N/A;N/A;N/A;Sí;N/A;N/A;N/A;N/A;N/A;N/A;N/A;N/A;N/A;N/A;N/A;N/A;N/A;N/A;N/A;N/A;N/A;N/A;Sí;N/A;N/A;N/A;N/A;N/A;N/A;N/A;N/A;N/A;N/A;N/A;N/A;N/A;N/A;N/A;N/A;N/A;Sí;No;N/A;N/A;N/A;N/A;N/A;N/A;N/A;N/A;N/A;N/A;N/A;N/A;N/A;N/A;N/A;N/A;N/A;N/A;N/A;N/A;N/A;N/A;N/A;N/A;N/A;N/A;N/A;N/A;N/A;N/A;N/A;N/A;No;Sí;No;Sí;N/A;Sí;N/A;N/A;N/A;N/A;Sí;No;Sí;Sí;N/A;N/A;Sí;Sí;Sí;Sí;Sí;Sí;No;No;Sí;N/A;Sí
Nissan;Versa;"New Nissan Versa Sense Fase II";2023;"0 km";;"NISSAN CAR_ONE";25990;;;;;"Ciudad de la Costa";https://auto.mercadolibre.com.uy/MLU-661871234-nissan-versa-new-nissan-versa-sense-fase-ii-16-2023-0km-_JM;N/A;;"Nissan Versa New Nissan Versa Sense Fase Ii 1.6 2023 0km";usd;Sí;gold_premium;false;N/A;N/A;http://perfil.mercadolibre.com.uy/NISSAN+CAR_ONE;active;N/A;N/A;Nuevo;N/A;N/A;Eléctrica;N/A;Sí;Sí;Sí;N/A;N/A;N/A;Sí;Sí;N/A;N/A;Sí;Sí;Sí;N/A;Sí;N/A;N/A;N/A;N/A;N/A;N/A;N/A;N/A;N/A;N/A;N/A;"1600 cc";N/A;5;N/A;N/A;N/A;N/A;Sí;N/A;Sí;N/A;N/A;N/A;N/A;N/A;N/A;N/A;N/A;N/A;N/A;N/A;N/A;N/A;N/A;Sí;N/A;Sí;N/A;Sí;N/A;Sí;N/A;N/A;N/A;N/A;N/A;N/A;N/A;N/A;Sí;N/A;N/A;N/A;N/A;N/A;N/A;N/A;N/A;N/A;N/A;N/A;N/A;N/A;N/A;N/A;"120 hp";Sense;N/A;N/A;N/A;"13 km/l";N/A;N/A;N/A;Sí;Sí;Sí;Sí;N/A;N/A;N/A;"15 km/l";N/A;N/A;N/A;N/A;N/A;"Lunes a Domingos de 10 a 20 hs";4;1.6;Nafta;Manual;Sedán;"Autos y camionetas";Sí;N/A;N/A;N/A;Sí;N/A;UY;Sí;Sí;Sí;No;N/A;N/A;N/A;N/A;N/A;N/A;N/A;N/A;N/A;N/A;N/A;N/A;N/A;N/A;N/A;N/A;N/A;N/A;N/A;N/A;N/A;N/A;N/A;N/A;N/A;N/A;N/A;N/A;N/A;N/A;N/A;N/A;Sí;N/A;N/A;N/A;N/A;N/A;N/A;N/A;N/A;N/A;N/A;N/A;N/A;N/A;N/A;Sí;N/A;N/A;Sí;No;N/A;N/A;N/A;N/A;N/A;N/A;N/A;N/A;N/A;N/A;N/A;N/A;N/A;N/A;N/A;N/A;N/A;N/A;N/A;N/A;N/A;N/A;N/A;N/A;N/A;N/A;N/A;N/A;N/A;N/A;N/A;N/A;N/A;Sí;Sí;N/A;Sí;Sí;Sí;Sí;N/A;N/A;Sí;N/A;N/A;N/A;N/A;Sí;Sí;Sí;N/A;Sí;Sí;Sí;N/A;N/A;Sí;N/A;Sí
Nissan;Kicks;"NEW KICKS ADVANCE TM";2023;"0 km";;"NISSAN CAR_ONE";30490;;;;;"Ciudad de la Costa";https://auto.mercadolibre.com.uy/MLU-663131206-nissan-kicks-new-kicks-advance-tm-16-2023-0km-_JM;N/A;;"Nissan Kicks New Kicks Advance Tm 1.6 2023 0km";usd;Sí;gold_premium;false;N/A;N/A;http://perfil.mercadolibre.com.uy/NISSAN+CAR_ONE;active;N/A;N/A;Nuevo;Blanco;N/A;Eléctrica;N/A;Sí;Sí;Sí;N/A;N/A;N/A;Sí;Sí;N/A;N/A;Sí;Sí;Sí;N/A;Sí;N/A;N/A;N/A;N/A;N/A;N/A;N/A;N/A;N/A;N/A;N/A;"1600 cc";N/A;5;N/A;N/A;Sí;Sí;Sí;N/A;Sí;N/A;N/A;N/A;N/A;N/A;N/A;N/A;N/A;N/A;N/A;N/A;N/A;N/A;N/A;N/A;N/A;Sí;N/A;Sí;N/A;N/A;N/A;N/A;N/A;N/A;N/A;N/A;N/A;N/A;N/A;N/A;N/A;N/A;N/A;N/A;N/A;N/A;N/A;N/A;N/A;N/A;N/A;N/A;N/A;N/A;"118 hp";Advance;N/A;N/A;N/A;"14 km/l";N/A;N/A;N/A;N/A;Sí;Sí;Sí;Sí;N/A;N/A;"16 km/l";N/A;N/A;N/A;Sí;N/A;"Lunes a Domingos de 10 a 20 hs";4;1.6;Nafta;Manual;SUV;"Autos y camionetas";Sí;N/A;N/A;N/A;Sí;N/A;UY;Sí;Sí;Sí;No;N/A;N/A;N/A;N/A;N/A;N/A;N/A;N/A;N/A;N/A;N/A;N/A;N/A;Sí;N/A;N/A;N/A;N/A;N/A;N/A;N/A;N/A;N/A;N/A;N/A;N/A;N/A;N/A;N/A;N/A;N/A;N/A;Sí;N/A;N/A;N/A;N/A;N/A;N/A;N/A;N/A;N/A;N/A;N/A;N/A;N/A;N/A;N/A;N/A;N/A;Sí;No;N/A;N/A;N/A;N/A;N/A;N/A;N/A;N/A;N/A;N/A;N/A;N/A;N/A;N/A;N/A;N/A;N/A;N/A;N/A;N/A;N/A;N/A;N/A;N/A;N/A;N/A;N/A;N/A;N/A;Sí;N/A;N/A;N/A;Sí;Sí;Sí;Sí;Sí;Sí;Sí;N/A;Sí;Sí;N/A;N/A;N/A;N/A;Sí;Sí;Sí;N/A;Sí;Sí;Sí;N/A;N/A;N/A;N/A;Sí
Nissan;"NP300 Frontier";"2.5 Se Doble Cabina";2023;"1000 km";;"PUNTO SUBARU";30900;;;;;Pando;https://auto.mercadolibre.com.uy/MLU-635421147-nissan-frontier-se-4x2-nafta-dc-_JM;N/A;;"Nissan Frontier Se 4x2 Nafta Dc";usd;Sí;gold_premium;false;N/A;N/A;http://perfil.mercadolibre.com.uy/PUNTO+SUBARU;active;N/A;N/A;Usado;Blanco;N/A;Hidráulica;4x2;Sí;N/A;N/A;N/A;N/A;N/A;N/A;N/A;N/A;N/A;N/A;N/A;N/A;N/A;N/A;N/A;N/A;N/A;N/A;N/A;N/A;N/A;N/A;N/A;N/A;"3150 mm";"2.5 L";"80 L";6;N/A;N/A;N/A;N/A;N/A;N/A;N/A;N/A;N/A;N/A;N/A;N/A;N/A;N/A;N/A;N/A;N/A;N/A;N/A;N/A;N/A;N/A;N/A;N/A;N/A;N/A;N/A;N/A;N/A;N/A;N/A;N/A;N/A;Sí;Sí;N/A;N/A;N/A;N/A;N/A;N/A;N/A;N/A;N/A;N/A;"1860 mm";"5258 mm";N/A;N/A;N/A;N/A;N/A;"120 hp";Se;N/A;4;"1850 mm";N/A;N/A;N/A;N/A;N/A;N/A;N/A;N/A;N/A;N/A;N/A;N/A;N/A;N/A;N/A;N/A;N/A;"Lunes a domingo de 10 a 20 hrs";4;2.5;Diésel;Manual;Pick-Up;"Autos y camionetas";N/A;N/A;N/A;N/A;N/A;N/A;UY;N/A;N/A;N/A;N/A;N/A;N/A;N/A;N/A;N/A;N/A;N/A;N/A;N/A;N/A;N/A;N/A;N/A;N/A;N/A;N/A;N/A;N/A;N/A;N/A;N/A;N/A;N/A;N/A;N/A;N/A;N/A;N/A;N/A;N/A;N/A;N/A;N/A;N/A;N/A;N/A;N/A;N/A;N/A;N/A;N/A;N/A;N/A;N/A;N/A;N/A;N/A;N/A;N/A;N/A;N/A;N/A;N/A;N/A;N/A;N/A;N/A;N/A;N/A;N/A;N/A;N/A;N/A;N/A;N/A;N/A;N/A;N/A;N/A;N/A;N/A;N/A;N/A;N/A;N/A;N/A;N/A;N/A;N/A;N/A;N/A;N/A;N/A;N/A;N/A;Sí;N/A;N/A;N/A;N/A;N/A;N/A;N/A;N/A;Sí;N/A;N/A;N/A;N/A;N/A;N/A;N/A;N/A;Sí;N/A;N/A;N/A;N/A;N/A;N/A;N/A
Nissan;"NP300 Frontier";"2.5 Xe Tdsl 188hp D.cab.";2021;"110000 km";;"GL MOTORS.AUTOMOTORA";32990;;;;;"Brazo Oriental";https://auto.mercadolibre.com.uy/MLU-660363454-nissan-frontier-diesel-gl-motors-financiamos-100-en--_JM;N/A;;"Nissan Frontier Diesel ((gl Motors)) Financiamos 100% En $";usd;Sí;gold_premium;false;N/A;N/A;http://perfil.mercadolibre.com.uy/GL+MOTORS.AUTOMOTORA;active;N/A;N/A;Usado;Blanco;N/A;Hidráulica;4x2;Sí;N/A;N/A;N/A;N/A;N/A;N/A;N/A;Sí;N/A;N/A;N/A;N/A;N/A;N/A;N/A;N/A;N/A;N/A;N/A;N/A;N/A;N/A;N/A;N/A;"3150 mm";"2.5 L";"80 L";6;N/A;N/A;N/A;N/A;N/A;N/A;N/A;N/A;N/A;N/A;N/A;N/A;N/A;N/A;N/A;N/A;N/A;N/A;N/A;N/A;N/A;N/A;N/A;N/A;N/A;N/A;N/A;N/A;N/A;N/A;N/A;N/A;N/A;Sí;Sí;Sí;N/A;N/A;N/A;N/A;N/A;N/A;N/A;N/A;N/A;"1860 mm";"5258 mm";N/A;N/A;N/A;N/A;N/A;"188 hp";Xe;N/A;4;"1850 mm";N/A;N/A;N/A;N/A;N/A;N/A;N/A;N/A;N/A;N/A;N/A;N/A;N/A;N/A;N/A;N/A;N/A;N/A;2;2.5;Diésel;Manual;Pick-Up;"Autos y camionetas";N/A;N/A;N/A;N/A;N/A;N/A;UY;N/A;N/A;N/A;N/A;N/A;N/A;N/A;N/A;N/A;N/A;N/A;N/A;N/A;N/A;N/A;N/A;N/A;N/A;N/A;N/A;N/A;N/A;N/A;N/A;N/A;N/A;N/A;N/A;N/A;N/A;N/A;N/A;N/A;N/A;N/A;N/A;N/A;N/A;N/A;N/A;N/A;N/A;N/A;N/A;N/A;N/A;N/A;N/A;N/A;N/A;N/A;N/A;N/A;N/A;N/A;N/A;N/A;N/A;N/A;N/A;N/A;N/A;N/A;N/A;N/A;N/A;N/A;N/A;N/A;N/A;N/A;N/A;N/A;N/A;N/A;N/A;N/A;N/A;N/A;N/A;N/A;N/A;N/A;N/A;N/A;N/A;N/A;N/A;N/A;N/A;N/A;N/A;N/A;N/A;N/A;N/A;N/A;N/A;N/A;N/A;N/A;N/A;N/A;N/A;N/A;Sí;N/A;Sí;N/A;N/A;N/A;N/A;Sí;N/A;Sí
Nissan;"NP300 Frontier";"2.5 Le Tdsl 188hp D.cab. 4x4";2018;"90000 km";;"GL MOTORS.AUTOMOTORA";39990;;;;;"Brazo Oriental";https://auto.mercadolibre.com.uy/MLU-659909004-nissan-frontier-le-4x4-diesel-gl-motors-financiamos-100-_JM;N/A;;"Nissan Frontier Le 4x4 Diesel ((gl Motors)) Financiamos 100%";usd;Sí;gold_premium;false;N/A;N/A;http://perfil.mercadolibre.com.uy/GL+MOTORS.AUTOMOTORA;active;N/A;N/A;Usado;Plateado;N/A;Hidráulica;4x4;Sí;N/A;N/A;N/A;N/A;N/A;N/A;N/A;Sí;N/A;N/A;N/A;N/A;N/A;N/A;N/A;N/A;N/A;N/A;N/A;N/A;N/A;N/A;N/A;N/A;"3150 mm";"2.5 L";"80 L";7;N/A;N/A;N/A;N/A;N/A;N/A;N/A;N/A;N/A;N/A;N/A;N/A;N/A;N/A;N/A;N/A;N/A;N/A;N/A;N/A;N/A;N/A;N/A;N/A;N/A;N/A;N/A;N/A;N/A;N/A;N/A;N/A;N/A;Sí;Sí;Sí;N/A;N/A;N/A;N/A;N/A;N/A;N/A;N/A;N/A;"1860 mm";"5258 mm";N/A;N/A;N/A;N/A;N/A;"188 hp";Le;N/A;4;"1850 mm";N/A;N/A;N/A;N/A;N/A;N/A;N/A;N/A;N/A;N/A;N/A;N/A;N/A;N/A;N/A;N/A;N/A;N/A;2;2.5;Diésel;Manual;Pick-Up;"Autos y camionetas";N/A;N/A;N/A;N/A;N/A;N/A;UY;N/A;N/A;N/A;N/A;N/A;N/A;N/A;N/A;N/A;N/A;N/A;N/A;N/A;N/A;N/A;N/A;N/A;N/A;N/A;N/A;N/A;N/A;N/A;N/A;N/A;N/A;N/A;N/A;N/A;N/A;N/A;N/A;N/A;N/A;N/A;N/A;N/A;N/A;N/A;N/A;N/A;N/A;N/A;N/A;N/A;N/A;N/A;N/A;N/A;N/A;N/A;N/A;N/A;N/A;N/A;N/A;N/A;N/A;N/A;N/A;N/A;N/A;N/A;N/A;N/A;N/A;N/A;N/A;N/A;N/A;N/A;N/A;N/A;N/A;N/A;N/A;N/A;N/A;N/A;N/A;N/A;N/A;N/A;N/A;N/A;N/A;N/A;N/A;N/A;Sí;N/A;Sí;N/A;N/A;N/A;N/A;Sí;N/A;Sí;N/A;N/A;N/A;N/A;N/A;Sí;Sí;N/A;Sí;N/A;N/A;N/A;N/A;Sí;N/A;Sí
Nissan;Versa;Drive;2019;"97085 km";;"SHOPPING GRUPO_FIANCAR";15900;;;;;Carrasco;https://auto.mercadolibre.com.uy/MLU-655751626-nissan-versa-drive-2019-_JM;N/A;;"Nissan Versa Drive 2019";USD;Sí;gold_premium;false;N/A;N/A;http://perfil.mercadolibre.com.uy/SHOPPING+GRUPO_FIANCAR;active;N/A;N/A;Usado;Blanco;N/A;Asistida;N/A;Sí;Sí;N/A;N/A;N/A;N/A;Sí;Sí;N/A;N/A;Sí;N/A;Sí;N/A;N/A;N/A;N/A;N/A;N/A;N/A;N/A;N/A;N/A;N/A;N/A;N/A;"1600 cc";N/A;N/A;N/A;N/A;N/A;N/A;N/A;N/A;N/A;N/A;N/A;N/A;N/A;N/A;N/A;N/A;N/A;N/A;N/A;N/A;N/A;N/A;N/A;N/A;N/A;N/A;N/A;N/A;N/A;N/A;N/A;N/A;N/A;N/A;N/A;N/A;N/A;N/A;N/A;N/A;N/A;N/A;N/A;N/A;N/A;N/A;N/A;N/A;N/A;N/A;N/A;N/A;N/A;N/A;N/A;Drive;N/A;N/A;N/A;N/A;N/A;N/A;N/A;Sí;N/A;N/A;N/A;N/A;N/A;N/A;N/A;N/A;N/A;N/A;N/A;N/A;"Lun. a Vie. de 10 a 19hs";4;1.6;Nafta;Automática;Sedán;"Autos y camionetas";No;N/A;N/A;N/A;No;N/A;N/A;No;Sí;No;No;N/A;N/A;N/A;N/A;N/A;N/A;N/A;N/A;N/A;N/A;N/A;N/A;N/A;N/A;N/A;N/A;N/A;N/A;N/A;N/A;N/A;N/A;N/A;N/A;N/A;N/A;N/A;N/A;N/A;N/A;N/A;N/A;N/A;N/A;N/A;N/A;N/A;N/A;N/A;N/A;N/A;N/A;N/A;N/A;N/A;N/A;N/A;N/A;N/A;N/A;Sí;No;N/A;N/A;N/A;N/A;N/A;N/A;N/A;N/A;N/A;N/A;N/A;N/A;N/A;N/A;N/A;N/A;N/A;N/A;N/A;N/A;N/A;N/A;N/A;N/A;N/A;N/A;N/A;N/A;N/A;N/A;N/A;N/A;N/A;Sí;Sí;N/A;N/A;Sí;N/A;Sí;N/A;N/A;Sí;N/A;N/A;N/A;N/A;N/A;N/A;N/A;N/A;Sí;Sí;Sí;Sí;N/A;N/A;N/A;Sí
Nissan;Qashqai;Advance;2023;"0 km";;"NISSAN CAR_ONE";49990;;;;;"Ciudad de la Costa";https://auto.mercadolibre.com.uy/MLU-661897088-nissan-qashqai-advance-13t-2023-0km-_JM;N/A;;"Nissan Qashqai Advance 1.3t 2023 0km";USD;Sí;gold_premium;false;N/A;N/A;http://perfil.mercadolibre.com.uy/NISSAN+CAR_ONE;active;N/A;N/A;Nuevo;N/A;N/A;Eléctrica;N/A;N/A;Sí;Sí;N/A;N/A;N/A;Sí;Sí;N/A;N/A;Sí;Sí;Sí;N/A;N/A;N/A;N/A;N/A;N/A;N/A;N/A;N/A;N/A;N/A;N/A;N/A;"1300 cc";N/A;7;N/A;N/A;Sí;N/A;Sí;N/A;Sí;N/A;N/A;N/A;N/A;N/A;N/A;N/A;N/A;N/A;N/A;N/A;N/A;N/A;N/A;N/A;N/A;Sí;N/A;Sí;N/A;N/A;N/A;N/A;N/A;N/A;N/A;N/A;N/A;N/A;Sí;N/A;N/A;N/A;N/A;N/A;Sí;N/A;N/A;N/A;N/A;N/A;N/A;N/A;N/A;N/A;"147 hp";Advance;N/A;N/A;N/A;N/A;N/A;N/A;Sí;Sí;Sí;Sí;Sí;Sí;N/A;N/A;N/A;N/A;N/A;N/A;N/A;Sí;"Lunes a Domingos de 10 a 20 hs";5;1.3;Nafta;"Automática secuencial";SUV;"Autos y camionetas";Sí;N/A;N/A;N/A;Sí;N/A;N/A;Sí;Sí;Sí;No;N/A;N/A;N/A;N/A;N/A;N/A;N/A;N/A;N/A;N/A;N/A;N/A;N/A;Sí;N/A;N/A;N/A;N/A;N/A;N/A;N/A;N/A;N/A;N/A;Sí;N/A;N/A;N/A;N/A;N/A;N/A;N/A;Sí;N/A;N/A;N/A;N/A;N/A;N/A;N/A;N/A;N/A;Sí;N/A;N/A;N/A;Sí;Sí;N/A;N/A;Sí;No;N/A;N/A;N/A;N/A;N/A;N/A;N/A;Sí;N/A;N/A;N/A;N/A;N/A;N/A;N/A;N/A;N/A;N/A;N/A;N/A;N/A;N/A;N/A;N/A;N/A;N/A;N/A;N/A;N/A;Sí;N/A;N/A;N/A;Sí;Sí;N/A;Sí;Sí;Sí;N/A;N/A;Sí;Sí;N/A;N/A;N/A;N/A;Sí;Sí;Sí;N/A;Sí;N/A;Sí;N/A;N/A;Sí;N/A;Sí
Nissan;Frontier;"2.4 4x4";2015;"190000 km";;"GL MOTORS.AUTOMOTORA";13990;;;;;"Brazo Oriental";https://auto.mercadolibre.com.uy/MLU-634630613-nissan-frontier-4x4-24-2015-_JM;N/A;;"Nissan Frontier 4x4 2.4 2015";USD;Sí;gold_premium;false;N/A;N/A;http://perfil.mercadolibre.com.uy/GL+MOTORS.AUTOMOTORA;active;N/A;N/A;Usado;Blanco;Sí;Hidráulica;4x4;Sí;N/A;N/A;N/A;N/A;N/A;N/A;N/A;N/A;N/A;N/A;N/A;Sí;N/A;Sí;N/A;N/A;N/A;N/A;N/A;N/A;N/A;N/A;N/A;N/A;N/A;N/A;N/A;N/A;N/A;N/A;N/A;N/A;N/A;Sí;N/A;N/A;N/A;N/A;N/A;N/A;N/A;N/A;N/A;N/A;N/A;N/A;N/A;N/A;N/A;N/A;N/A;N/A;N/A;N/A;N/A;N/A;N/A;N/A;N/A;N/A;N/A;N/A;N/A;N/A;N/A;N/A;N/A;N/A;N/A;N/A;N/A;N/A;N/A;N/A;N/A;N/A;N/A;N/A;N/A;N/A;N/A;N/A;N/A;N/A;N/A;N/A;N/A;N/A;N/A;Sí;N/A;Sí;N/A;N/A;N/A;N/A;N/A;N/A;N/A;N/A;N/A;N/A;N/A;4;2.4;Nafta;Manual;Pick-Up;"Autos y camionetas";Sí;N/A;N/A;N/A;Sí;N/A;N/A;N/A;Sí;N/A;Sí;N/A;N/A;N/A;N/A;N/A;N/A;N/A;N/A;N/A;N/A;N/A;N/A;N/A;N/A;N/A;N/A;N/A;N/A;N/A;N/A;N/A;N/A;N/A;N/A;N/A;N/A;N/A;N/A;N/A;N/A;N/A;N/A;N/A;N/A;N/A;N/A;N/A;N/A;N/A;N/A;N/A;N/A;N/A;N/A;N/A;N/A;N/A;N/A;N/A;N/A;N/A;N/A;N/A;N/A;N/A;N/A;N/A;N/A;N/A;N/A;N/A;N/A;N/A;N/A;N/A;N/A;N/A;N/A;N/A;N/A;N/A;N/A;N/A;N/A;N/A;N/A;N/A;N/A;N/A;N/A;N/A;N/A;N/A;N/A;N/A;Sí;N/A;N/A;N/A;Sí;N/A;N/A;N/A;N/A;Sí;N/A;N/A;Sí;N/A;N/A;N/A;Sí;Sí;N/A;N/A;N/A;N/A;N/A;N/A;N/A;N/A
Nissan;"NP300 Frontier";"2.5 Le Tdsl 188hp D.cab.";2021;"114000 km";;GLMOTORS3;32990;;;;;Cerrito;https://auto.mercadolibre.com.uy/MLU-633979363-nissan-frontier-diesel-4x2-gl-motors-financiamos-100-_JM;N/A;;"Nissan Frontier Diesel 4x2 (( Gl Motors )) Financiamos 100% ";usd;Sí;gold_premium;false;N/A;N/A;http://perfil.mercadolibre.com.uy/GLMOTORS3;active;N/A;N/A;Usado;Blanco;Sí;Hidráulica;4x2;Sí;Sí;N/A;N/A;N/A;Sí;N/A;N/A;Sí;N/A;N/A;N/A;Sí;N/A;N/A;N/A;N/A;N/A;N/A;N/A;N/A;N/A;N/A;N/A;N/A;"3150 mm";"2.5 L";"80 L";6;N/A;N/A;N/A;N/A;N/A;Sí;N/A;N/A;N/A;N/A;N/A;N/A;N/A;N/A;N/A;N/A;N/A;N/A;N/A;N/A;N/A;N/A;N/A;N/A;N/A;N/A;N/A;N/A;N/A;N/A;N/A;N/A;N/A;Sí;Sí;Sí;N/A;N/A;N/A;N/A;N/A;N/A;N/A;N/A;N/A;"1860 mm";"5258 mm";N/A;N/A;N/A;N/A;N/A;"188 hp";Le;N/A;4;"1850 mm";N/A;N/A;N/A;N/A;Sí;N/A;Sí;Sí;N/A;N/A;N/A;N/A;N/A;Sí;N/A;N/A;N/A;"lunes a viernes de 9 a 18:30 sábados de 10 a 13 hs";4;2.5;Diésel;Manual;Pick-Up;"Autos y camionetas";Sí;N/A;N/A;N/A;Sí;N/A;UY;N/A;Sí;N/A;Sí;N/A;N/A;N/A;N/A;N/A;N/A;N/A;N/A;N/A;N/A;N/A;N/A;N/A;N/A;N/A;N/A;N/A;N/A;N/A;N/A;N/A;N/A;N/A;N/A;N/A;N/A;N/A;N/A;N/A;N/A;N/A;N/A;N/A;N/A;N/A;N/A;N/A;N/A;N/A;N/A;N/A;N/A;N/A;N/A;N/A;N/A;N/A;N/A;N/A;N/A;N/A;Sí;N/A;N/A;N/A;N/A;N/A;N/A;N/A;N/A;N/A;N/A;N/A;N/A;N/A;N/A;N/A;N/A;N/A;N/A;N/A;N/A;N/A;N/A;N/A;N/A;N/A;N/A;N/A;N/A;N/A;N/A;N/A;N/A;N/A;Sí;Sí;Sí;N/A;Sí;N/A;N/A;Sí;N/A;Sí;N/A;N/A;Sí;N/A;N/A;Sí;Sí;Sí;Sí;Sí;Sí;Sí;N/A;Sí;N/A;Sí
Nissan;Versa;"Exclusive Cvt";2023;"0 km";;OSCARPISANOAUTOMOVILES;30490;;;;;Prado;https://auto.mercadolibre.com.uy/MLU-635083155-nissan-versa-exclusive-cvt-16-2023-0km-_JM;N/A;;"Nissan Versa Exclusive Cvt 1.6 2023 0km";USD;Sí;gold_premium;false;N/A;N/A;http://perfil.mercadolibre.com.uy/OSCARPISANOAUTOMOVILES;active;N/A;N/A;Nuevo;Plateado;N/A;Eléctrica;N/A;N/A;Sí;Sí;N/A;N/A;N/A;Sí;Sí;Sí;Sí;Sí;Sí;Sí;N/A;Sí;N/A;N/A;N/A;N/A;N/A;N/A;N/A;N/A;N/A;N/A;N/A;"1600 cc";N/A;N/A;N/A;N/A;Sí;Sí;Sí;N/A;Sí;N/A;N/A;N/A;N/A;N/A;N/A;N/A;N/A;N/A;N/A;N/A;N/A;N/A;N/A;N/A;N/A;Sí;N/A;Sí;N/A;N/A;N/A;N/A;N/A;N/A;N/A;N/A;N/A;N/A;Sí;N/A;N/A;N/A;N/A;N/A;Sí;N/A;N/A;N/A;N/A;N/A;N/A;N/A;N/A;N/A;"118 hp";Exclusive;N/A;N/A;N/A;"12 km/l";N/A;N/A;Sí;N/A;Sí;Sí;Sí;Sí;N/A;N/A;"16 km/l";N/A;N/A;N/A;N/A;N/A;"Lun. a Sáb. de 9:30 a 18:30 hs. Dom. de 9:30 a 13 hs";5;1.6;Nafta;Automática;Sedán;"Autos y camionetas";No;N/A;N/A;N/A;No;N/A;N/A;No;Sí;No;No;N/A;N/A;N/A;N/A;N/A;N/A;N/A;N/A;N/A;N/A;N/A;N/A;N/A;N/A;N/A;N/A;N/A;N/A;N/A;N/A;N/A;N/A;N/A;N/A;N/A;N/A;N/A;N/A;N/A;N/A;N/A;N/A;Sí;N/A;N/A;N/A;N/A;N/A;N/A;N/A;N/A;N/A;N/A;N/A;N/A;N/A;N/A;N/A;N/A;N/A;Sí;No;N/A;N/A;N/A;N/A;N/A;N/A;N/A;N/A;N/A;N/A;N/A;N/A;N/A;N/A;N/A;N/A;N/A;N/A;N/A;N/A;N/A;N/A;N/A;N/A;N/A;N/A;N/A;N/A;N/A;N/A;N/A;N/A;N/A;Sí;Sí;Sí;Sí;Sí;Sí;Sí;N/A;Sí;Sí;N/A;Sí;N/A;N/A;Sí;Sí;Sí;N/A;Sí;Sí;Sí;N/A;N/A;Sí;N/A;Sí
Nissan;"NP300 Frontier";"2.5 Xe Aa Paquete De Seguridad Mt";2016;"190000 km";;JSIMONCUNETTI;16700;;;;;"Ciudad Vieja";https://auto.mercadolibre.com.uy/MLU-666199622-nissan-frontier-np300-_JM;N/A;;"Nissan Frontier Np300 ";usd;Sí;gold_premium;false;N/A;N/A;http://perfil.mercadolibre.com.uy/JSIMONCUNETTI;active;N/A;N/A;Usado;Blanco;N/A;Hidráulica;Trasera;Sí;N/A;N/A;N/A;N/A;N/A;N/A;N/A;N/A;N/A;N/A;N/A;N/A;N/A;N/A;N/A;N/A;N/A;N/A;N/A;N/A;N/A;N/A;N/A;N/A;"3150 mm";"2.5 L";"80 L";6;N/A;N/A;N/A;N/A;N/A;N/A;N/A;N/A;N/A;N/A;N/A;N/A;N/A;N/A;N/A;N/A;N/A;N/A;N/A;N/A;N/A;N/A;N/A;N/A;N/A;N/A;N/A;N/A;N/A;N/A;N/A;N/A;N/A;N/A;N/A;N/A;N/A;N/A;N/A;N/A;N/A;N/A;N/A;N/A;N/A;"1758 mm";"5258 mm";N/A;N/A;N/A;N/A;N/A;"158 hp";Xe;N/A;4;"1850 mm";N/A;N/A;N/A;N/A;N/A;N/A;N/A;N/A;N/A;N/A;N/A;N/A;N/A;N/A;N/A;N/A;N/A;N/A;2;2.5;Nafta;Manual;Pick-Up;"Autos y camionetas";N/A;N/A;N/A;N/A;N/A;N/A;UY;N/A;N/A;N/A;N/A;N/A;N/A;N/A;N/A;N/A;N/A;N/A;N/A;N/A;N/A;N/A;N/A;N/A;N/A;N/A;N/A;N/A;N/A;N/A;N/A;N/A;N/A;N/A;N/A;N/A;N/A;N/A;N/A;N/A;N/A;N/A;N/A;N/A;N/A;N/A;N/A;N/A;N/A;N/A;N/A;N/A;N/A;N/A;N/A;N/A;N/A;N/A;N/A;N/A;N/A;N/A;N/A;N/A;N/A;N/A;N/A;N/A;N/A;N/A;N/A;N/A;N/A;N/A;N/A;N/A;N/A;N/A;N/A;N/A;N/A;N/A;N/A;N/A;N/A;N/A;N/A;N/A;N/A;N/A;N/A;N/A;N/A;N/A;N/A;N/A;Sí;N/A;N/A;N/A;N/A;N/A;N/A;N/A;N/A;Sí;N/A;N/A;N/A;N/A;N/A;N/A;N/A;N/A;Sí;N/A;N/A;N/A;N/A;Sí;N/A;Sí
Nissan;"NP300 Frontier";"2.5 Le Aa Mt";2016;"140000 km";;GLMOTORS3;16990;;;;;Cerrito;https://auto.mercadolibre.com.uy/MLU-665926578-nissan-frontier-s-2016-nafta-gl-motors--_JM;N/A;;"Nissan Frontier S 2016 Nafta (( Gl Motors ))";usd;Sí;gold_premium;false;N/A;N/A;http://perfil.mercadolibre.com.uy/GLMOTORS3;active;N/A;N/A;Usado;Negro;N/A;Hidráulica;Trasera;Sí;N/A;N/A;N/A;N/A;N/A;N/A;N/A;N/A;N/A;N/A;N/A;N/A;N/A;N/A;N/A;N/A;N/A;N/A;N/A;N/A;N/A;N/A;N/A;N/A;"3150 mm";"2.5 L";"80 L";6;N/A;N/A;N/A;N/A;N/A;N/A;N/A;N/A;N/A;N/A;N/A;N/A;N/A;N/A;N/A;N/A;N/A;N/A;N/A;N/A;N/A;N/A;N/A;N/A;N/A;N/A;N/A;N/A;N/A;N/A;N/A;N/A;N/A;Sí;Sí;N/A;N/A;N/A;N/A;N/A;N/A;N/A;N/A;N/A;N/A;"1819 mm";"5258 mm";N/A;N/A;N/A;N/A;N/A;"158 hp";Le;N/A;4;"1850 mm";N/A;N/A;N/A;N/A;N/A;N/A;N/A;N/A;N/A;N/A;N/A;N/A;N/A;N/A;N/A;N/A;N/A;"lunes a viernes de 9 a 18:30 sábados de 10 13 hs";2;2.5;Nafta;Manual;Pick-Up;"Autos y camionetas";N/A;N/A;N/A;N/A;N/A;N/A;UY;N/A;N/A;N/A;N/A;N/A;N/A;N/A;N/A;N/A;N/A;N/A;N/A;N/A;N/A;N/A;N/A;N/A;N/A;N/A;N/A;N/A;N/A;N/A;N/A;N/A;N/A;N/A;N/A;N/A;N/A;N/A;N/A;N/A;N/A;N/A;N/A;N/A;N/A;N/A;N/A;N/A;N/A;N/A;N/A;N/A;N/A;N/A;N/A;N/A;N/A;N/A;N/A;N/A;N/A;N/A;N/A;N/A;N/A;N/A;N/A;N/A;N/A;N/A;N/A;N/A;N/A;N/A;N/A;N/A;N/A;N/A;N/A;N/A;N/A;N/A;N/A;N/A;N/A;N/A;N/A;N/A;N/A;N/A;N/A;N/A;N/A;N/A;N/A;N/A;Sí;N/A;Sí;N/A;N/A;N/A;N/A;Sí;N/A;Sí;N/A;N/A;N/A;N/A;N/A;N/A;Sí;N/A;Sí;N/A;N/A;N/A;N/A;Sí;N/A;Sí
Nissan;Frontier;"2.4 Le 4x4 Mt";2013;"180000 km";;GLMOTORS3;13990;;;;;Cerrito;https://auto.mercadolibre.com.uy/MLU-664714948-nissan-frontier-4x4-nafta-gl-motors--_JM;N/A;;"Nissan Frontier 4x4 Nafta (( Gl Motors ))";usd;Sí;gold_premium;false;N/A;N/A;http://perfil.mercadolibre.com.uy/GLMOTORS3;active;N/A;N/A;Usado;Blanco;N/A;Hidráulica;4x4;Sí;N/A;N/A;N/A;N/A;N/A;N/A;N/A;N/A;N/A;N/A;N/A;N/A;N/A;N/A;N/A;N/A;N/A;N/A;N/A;N/A;N/A;N/A;N/A;N/A;"2950 mm";"2.4 L";"75 L";N/A;N/A;N/A;N/A;N/A;N/A;N/A;N/A;N/A;N/A;N/A;N/A;N/A;N/A;N/A;N/A;N/A;N/A;N/A;N/A;N/A;N/A;N/A;N/A;N/A;N/A;N/A;N/A;N/A;N/A;N/A;N/A;N/A;N/A;N/A;N/A;N/A;N/A;N/A;N/A;N/A;N/A;N/A;N/A;N/A;N/A;"1720 mm";"5010 mm";N/A;N/A;N/A;N/A;N/A;N/A;Le;N/A;N/A;"1820 mm";N/A;N/A;N/A;N/A;N/A;N/A;N/A;N/A;N/A;N/A;N/A;N/A;N/A;N/A;N/A;N/A;N/A;"lunes a viernes de 9 a 18:30 sábados de 10 a 13 hs";2;2.4;Nafta;Manual;Pick-Up;"Autos y camionetas";N/A;N/A;N/A;N/A;N/A;N/A;UY;N/A;N/A;N/A;N/A;N/A;N/A;N/A;N/A;N/A;N/A;N/A;N/A;N/A;N/A;N/A;N/A;N/A;N/A;N/A;N/A;N/A;N/A;N/A;N/A;N/A;N/A;N/A;N/A;N/A;N/A;N/A;N/A;N/A;N/A;N/A;N/A;N/A;N/A;N/A;N/A;N/A;N/A;N/A;N/A;N/A;N/A;N/A;N/A;N/A;N/A;N/A;N/A;N/A;N/A;N/A;N/A;N/A;N/A;N/A;N/A;N/A;N/A;N/A;N/A;N/A;N/A;N/A;N/A;N/A;N/A;N/A;N/A;N/A;N/A;N/A;N/A;N/A;N/A;N/A;N/A;N/A;N/A;N/A;N/A;N/A;N/A;N/A;N/A;N/A;Sí;N/A;N/A;N/A;N/A;N/A;N/A;N/A;N/A;N/A;N/A;N/A;N/A;N/A;N/A;N/A;N/A;N/A;Sí;N/A;N/A;N/A;N/A;N/A;N/A;N/A
Nissan;Kicks;"1.6 Exclusive At";2023;"70000 km";;GLMOTORS3;29990;;;;;Cerrito;https://auto.mercadolibre.com.uy/MLU-664498016-nissan-kicks-exclusive-gl-motors--_JM;N/A;;"Nissan Kicks Exclusive (( Gl Motors ))";usd;Sí;gold_premium;false;N/A;N/A;http://perfil.mercadolibre.com.uy/GLMOTORS3;active;N/A;N/A;Usado;Blanco;N/A;Hidráulica;Delantera;Sí;N/A;N/A;N/A;N/A;N/A;N/A;N/A;Sí;N/A;N/A;N/A;N/A;N/A;N/A;N/A;N/A;N/A;N/A;N/A;N/A;N/A;N/A;N/A;N/A;"2620 mm";"1.6 L";"50 L";N/A;N/A;N/A;N/A;N/A;N/A;N/A;N/A;N/A;N/A;N/A;N/A;N/A;N/A;N/A;N/A;N/A;N/A;N/A;N/A;N/A;N/A;N/A;N/A;N/A;N/A;N/A;N/A;N/A;N/A;N/A;N/A;N/A;N/A;Sí;Sí;N/A;N/A;Sí;N/A;N/A;N/A;N/A;N/A;N/A;N/A;"1590 mm";"4295 mm";N/A;N/A;N/A;N/A;5;"118 hp";Exclusive;N/A;4;"1760 mm";N/A;N/A;N/A;N/A;N/A;N/A;N/A;N/A;N/A;N/A;N/A;N/A;N/A;N/A;N/A;N/A;N/A;"lunes a viernes de 9 a 18:30 sábados de 10 a 13 hs";5;1.6;Nafta;Automática;SUV;"Autos y camionetas";N/A;N/A;N/A;N/A;N/A;N/A;UY;N/A;N/A;N/A;N/A;N/A;N/A;N/A;N/A;N/A;N/A;N/A;N/A;N/A;N/A;N/A;N/A;N/A;N/A;N/A;N/A;N/A;N/A;N/A;N/A;N/A;N/A;N/A;N/A;N/A;N/A;N/A;N/A;N/A;N/A;N/A;N/A;N/A;N/A;N/A;N/A;N/A;N/A;N/A;N/A;N/A;N/A;N/A;N/A;N/A;N/A;N/A;N/A;N/A;N/A;N/A;N/A;N/A;N/A;N/A;N/A;N/A;N/A;N/A;N/A;N/A;N/A;N/A;N/A;N/A;N/A;N/A;N/A;N/A;N/A;N/A;N/A;N/A;N/A;N/A;N/A;N/A;N/A;N/A;N/A;N/A;N/A;N/A;N/A;N/A;Sí;N/A;Sí;N/A;N/A;N/A;N/A;N/A;N/A;Sí;N/A;N/A;N/A;N/A;N/A;Sí;Sí;N/A;Sí;N/A;N/A;N/A;N/A;Sí;N/A;Sí
Nissan;Versa;"SR CVT";2024;"0 km";;"NISSAN SANTAROSA";27990;;;;;Centro;https://auto.mercadolibre.com.uy/MLU-663419918-nissan-versa-sr-cvt-16-2024-0km-_JM;N/A;;"Nissan Versa Sr Cvt 1.6 2024 0km";USD;Sí;gold_premium;false;N/A;N/A;http://perfil.mercadolibre.com.uy/NISSAN+SANTAROSA;active;N/A;N/A;Nuevo;Naranja;N/A;Eléctrica;N/A;Sí;N/A;Sí;N/A;N/A;N/A;Sí;Sí;N/A;N/A;Sí;Sí;Sí;N/A;Sí;N/A;N/A;N/A;N/A;N/A;N/A;N/A;N/A;N/A;N/A;N/A;"1600 cc";N/A;N/A;N/A;N/A;Sí;Sí;Sí;N/A;N/A;N/A;N/A;N/A;N/A;N/A;N/A;N/A;N/A;N/A;N/A;N/A;N/A;N/A;N/A;N/A;N/A;Sí;N/A;Sí;N/A;Sí;N/A;N/A;N/A;N/A;N/A;N/A;N/A;N/A;Sí;N/A;N/A;N/A;N/A;N/A;Sí;N/A;N/A;N/A;N/A;N/A;N/A;N/A;N/A;N/A;"120 hp";N/A;N/A;N/A;N/A;N/A;N/A;N/A;N/A;Sí;Sí;Sí;Sí;Sí;N/A;N/A;N/A;N/A;N/A;N/A;N/A;N/A;"Lun. a Vie. de 9 a 18:30 hs. Sáb. de 10 a 13 hs.";4;1.6;Nafta;Automática;Sedán;"Autos y camionetas";Sí;N/A;N/A;N/A;Sí;N/A;N/A;Sí;Sí;Sí;No;N/A;N/A;N/A;N/A;N/A;N/A;N/A;N/A;N/A;N/A;N/A;N/A;N/A;N/A;N/A;N/A;N/A;N/A;N/A;N/A;N/A;N/A;N/A;N/A;N/A;N/A;N/A;N/A;N/A;N/A;N/A;N/A;Sí;N/A;N/A;N/A;N/A;N/A;N/A;N/A;N/A;N/A;N/A;N/A;N/A;N/A;N/A;N/A;N/A;N/A;Sí;No;N/A;N/A;N/A;N/A;N/A;N/A;N/A;N/A;N/A;N/A;N/A;N/A;N/A;N/A;N/A;N/A;N/A;N/A;N/A;N/A;N/A;N/A;N/A;N/A;N/A;N/A;N/A;N/A;N/A;Sí;N/A;N/A;N/A;Sí;Sí;Sí;Sí;Sí;N/A;Sí;N/A;Sí;Sí;N/A;Sí;N/A;N/A;Sí;Sí;N/A;N/A;Sí;N/A;Sí;N/A;N/A;N/A;N/A;N/A
Nissan;NP300;PRO4X;2024;"2000 km";;MOREIRAAUTOMOVILES;46968;;;;;Pando;https://auto.mercadolibre.com.uy/MLU-662299934-nissan-np300-pro4x-_JM;N/A;;"Nissan Np300 Pro4x ";USD;Sí;gold_premium;false;N/A;N/A;http://perfil.mercadolibre.com.uy/MOREIRAAUTOMOVILES;active;N/A;N/A;Usado;N/A;Sí;Eléctrica;4x4;Sí;Sí;N/A;N/A;N/A;Sí;N/A;N/A;Sí;N/A;N/A;Sí;Sí;N/A;No;N/A;N/A;N/A;N/A;N/A;N/A;N/A;N/A;N/A;N/A;N/A;N/A;N/A;N/A;N/A;N/A;N/A;N/A;N/A;N/A;N/A;N/A;N/A;N/A;N/A;N/A;N/A;N/A;N/A;N/A;N/A;N/A;N/A;N/A;N/A;N/A;N/A;N/A;N/A;N/A;N/A;N/A;N/A;No;N/A;N/A;N/A;N/A;N/A;N/A;N/A;N/A;N/A;N/A;N/A;N/A;N/A;N/A;N/A;N/A;N/A;N/A;N/A;N/A;N/A;N/A;N/A;N/A;N/A;N/A;N/A;N/A;Sí;N/A;Sí;Sí;N/A;Sí;Sí;N/A;No;N/A;N/A;No;Sí;N/A;N/A;Sí;N/A;4;2.5;Nafta;Automática;Pick-Up;"Autos y camionetas";No;N/A;N/A;N/A;No;N/A;N/A;N/A;Sí;N/A;No;N/A;N/A;N/A;N/A;N/A;N/A;N/A;N/A;N/A;N/A;N/A;N/A;N/A;Sí;N/A;N/A;N/A;N/A;N/A;N/A;N/A;N/A;N/A;N/A;N/A;N/A;N/A;N/A;N/A;N/A;N/A;N/A;Sí;N/A;N/A;N/A;N/A;N/A;N/A;N/A;N/A;N/A;N/A;N/A;N/A;N/A;N/A;N/A;N/A;N/A;Sí;Sí;N/A;N/A;N/A;N/A;N/A;N/A;N/A;N/A;N/A;N/A;N/A;N/A;N/A;N/A;N/A;N/A;N/A;N/A;N/A;N/A;N/A;N/A;N/A;N/A;N/A;N/A;N/A;N/A;N/A;N/A;N/A;N/A;No;Sí;No;Sí;N/A;Sí;N/A;N/A;N/A;N/A;Sí;No;Sí;No;N/A;N/A;Sí;Sí;Sí;Sí;No;Sí;No;No;Sí;N/A;Sí
Nissan;Kicks;"1.6 Advance At";2018;"95000 km";;CARLINEAUTOMÓVILES;19900;;;;;Malvin;https://auto.mercadolibre.com.uy/MLU-661845034-nissan-kicks-advance-at-_JM;N/A;;"Nissan Kicks Advance At";usd;Sí;gold_premium;false;N/A;N/A;http://perfil.mercadolibre.com.uy/CARLINEAUTOM%C3%93VILES;active;N/A;N/A;Usado;Azul;N/A;Hidráulica;Delantera;Sí;N/A;N/A;N/A;N/A;N/A;N/A;N/A;N/A;N/A;N/A;N/A;N/A;N/A;N/A;N/A;N/A;N/A;N/A;N/A;N/A;N/A;N/A;N/A;N/A;"2620 mm";"1.6 L";"50 L";N/A;N/A;N/A;N/A;N/A;N/A;N/A;N/A;N/A;N/A;N/A;N/A;N/A;N/A;N/A;N/A;N/A;N/A;N/A;N/A;N/A;N/A;N/A;N/A;N/A;N/A;N/A;N/A;N/A;N/A;N/A;N/A;N/A;N/A;Sí;Sí;Sí;N/A;N/A;N/A;N/A;N/A;N/A;N/A;N/A;N/A;"1590 mm";"4295 mm";N/A;N/A;N/A;N/A;5;"118 hp";Advance;N/A;4;"1760 mm";N/A;N/A;N/A;N/A;N/A;N/A;N/A;N/A;N/A;N/A;N/A;N/A;N/A;N/A;N/A;N/A;N/A;N/A;5;1.6;Nafta;Automática;SUV;"Autos y camionetas";N/A;N/A;N/A;N/A;N/A;N/A;UY;N/A;N/A;N/A;N/A;N/A;N/A;N/A;N/A;N/A;N/A;N/A;N/A;N/A;N/A;N/A;N/A;N/A;N/A;N/A;N/A;N/A;N/A;N/A;N/A;N/A;N/A;N/A;N/A;N/A;N/A;N/A;N/A;N/A;N/A;N/A;N/A;N/A;N/A;N/A;N/A;N/A;N/A;N/A;N/A;N/A;N/A;N/A;N/A;N/A;N/A;N/A;N/A;N/A;N/A;N/A;N/A;N/A;N/A;N/A;N/A;N/A;N/A;N/A;N/A;N/A;N/A;N/A;N/A;N/A;N/A;N/A;N/A;N/A;N/A;N/A;N/A;N/A;N/A;N/A;N/A;N/A;N/A;N/A;N/A;N/A;N/A;N/A;N/A;N/A;Sí;N/A;Sí;N/A;N/A;N/A;N/A;N/A;N/A;Sí;N/A;N/A;N/A;N/A;N/A;N/A;Sí;N/A;Sí;N/A;N/A;N/A;N/A;Sí;N/A;Sí
Nissan;Frontier;Se;2018;"151000 km";;VILU6923827;17200;;;;;"Punta Carretas";https://auto.mercadolibre.com.uy/MLU-664140676-nissan-frontier-np300-se-4x2-_JM;N/A;;"Nissan Frontier Np300 Se 4x2";USD;Sí;gold_premium;false;N/A;N/A;http://perfil.mercadolibre.com.uy/VILU6923827;active;N/A;N/A;Usado;Blanco;Sí;Hidráulica;4x2;Sí;Sí;N/A;N/A;N/A;No;N/A;N/A;No;N/A;N/A;No;Sí;N/A;No;N/A;N/A;N/A;N/A;N/A;N/A;N/A;N/A;N/A;N/A;N/A;N/A;N/A;N/A;N/A;N/A;N/A;N/A;N/A;No;N/A;N/A;N/A;N/A;N/A;N/A;N/A;N/A;N/A;N/A;N/A;N/A;N/A;N/A;N/A;N/A;N/A;N/A;N/A;N/A;N/A;N/A;N/A;No;N/A;N/A;N/A;N/A;N/A;N/A;N/A;N/A;N/A;N/A;N/A;N/A;N/A;N/A;N/A;N/A;N/A;N/A;N/A;N/A;N/A;N/A;N/A;N/A;N/A;N/A;N/A;N/A;No;N/A;Sí;Sí;N/A;Sí;Sí;N/A;No;N/A;N/A;No;Sí;N/A;N/A;Sí;N/A;4;N/A;Nafta;Manual;Pick-Up;"Autos y camionetas";No;N/A;N/A;N/A;Sí;N/A;N/A;N/A;No;N/A;No;N/A;N/A;N/A;N/A;N/A;N/A;N/A;N/A;N/A;N/A;N/A;N/A;N/A;No;N/A;N/A;N/A;N/A;N/A;N/A;N/A;N/A;N/A;N/A;N/A;N/A;N/A;N/A;N/A;N/A;N/A;N/A;No;N/A;N/A;N/A;N/A;N/A;N/A;N/A;N/A;N/A;N/A;N/A;N/A;N/A;N/A;N/A;N/A;N/A;No;Sí;N/A;N/A;N/A;N/A;N/A;N/A;N/A;N/A;N/A;N/A;N/A;N/A;N/A;N/A;N/A;N/A;N/A;N/A;N/A;N/A;N/A;N/A;N/A;N/A;N/A;N/A;N/A;N/A;N/A;N/A;N/A;N/A;No;Sí;Sí;No;N/A;Sí;N/A;N/A;N/A;N/A;Sí;No;No;Sí;N/A;N/A;No;No;No;Sí;Sí;No;Sí;No;Sí;N/A;Sí
Nissan;"NP300 Frontier";"2.5 Le Aa Mt";2016;"148000 km";;GLMOTORS3;16990;;;;;Cerrito;https://auto.mercadolibre.com.uy/MLU-658247784-nissan-frontier-2016-gl-motors--_JM;N/A;;"Nissan Frontier 2016 (( Gl Motors ))";usd;Sí;gold_premium;false;N/A;N/A;http://perfil.mercadolibre.com.uy/GLMOTORS3;active;N/A;N/A;Usado;Blanco;N/A;Hidráulica;Trasera;Sí;N/A;N/A;N/A;N/A;N/A;N/A;N/A;N/A;N/A;N/A;N/A;N/A;N/A;N/A;N/A;N/A;N/A;N/A;N/A;N/A;N/A;N/A;N/A;N/A;"3150 mm";"2.5 L";"80 L";6;N/A;N/A;N/A;N/A;N/A;N/A;N/A;N/A;N/A;N/A;N/A;N/A;N/A;N/A;N/A;N/A;N/A;N/A;N/A;N/A;N/A;N/A;N/A;N/A;N/A;N/A;N/A;N/A;N/A;N/A;N/A;N/A;N/A;Sí;Sí;N/A;N/A;N/A;N/A;N/A;N/A;N/A;N/A;N/A;N/A;"1819 mm";"5258 mm";N/A;N/A;N/A;N/A;N/A;"158 hp";Le;N/A;4;"1850 mm";N/A;N/A;N/A;N/A;N/A;N/A;N/A;N/A;N/A;N/A;N/A;N/A;N/A;N/A;N/A;N/A;N/A;"lunes a viernes de 9 a 18:30 sábados de 10 a 13 hs";2;2.5;Nafta;Manual;Pick-Up;"Autos y camionetas";N/A;N/A;N/A;N/A;N/A;N/A;UY;N/A;N/A;N/A;N/A;N/A;N/A;N/A;N/A;N/A;N/A;N/A;N/A;N/A;N/A;N/A;N/A;N/A;N/A;N/A;N/A;N/A;N/A;N/A;N/A;N/A;N/A;N/A;N/A;N/A;N/A;N/A;N/A;N/A;N/A;N/A;N/A;N/A;N/A;N/A;N/A;N/A;N/A;N/A;N/A;N/A;N/A;N/A;N/A;N/A;N/A;N/A;N/A;N/A;N/A;N/A;N/A;N/A;N/A;N/A;N/A;N/A;N/A;N/A;N/A;N/A;N/A;N/A;N/A;N/A;N/A;N/A;N/A;N/A;N/A;N/A;N/A;N/A;N/A;N/A;N/A;N/A;N/A;N/A;N/A;N/A;N/A;N/A;N/A;N/A;Sí;N/A;Sí;N/A;N/A;N/A;N/A;Sí;N/A;Sí;N/A;N/A;N/A;N/A;N/A;N/A;Sí;N/A;Sí;N/A;N/A;N/A;N/A;Sí;N/A;Sí
Nissan;March;"1.6 Sense Mt";2014;"130000 km";;GLMOTORS3;12500;;;;;Cerrito;https://auto.mercadolibre.com.uy/MLU-657174076-nissan-march-extra-full-gl-motors--_JM;N/A;;"Nissan March Extra Full (( Gl Motors ))";usd;Sí;gold_premium;false;N/A;N/A;http://perfil.mercadolibre.com.uy/GLMOTORS3;active;N/A;N/A;Usado;Blanco;N/A;Hidráulica;Delantera;Sí;N/A;N/A;N/A;N/A;N/A;N/A;N/A;N/A;N/A;N/A;N/A;N/A;N/A;N/A;N/A;N/A;N/A;N/A;N/A;N/A;N/A;N/A;N/A;N/A;"2450 mm";"1.6 L";"41 L";N/A;N/A;N/A;N/A;N/A;N/A;N/A;N/A;N/A;N/A;N/A;N/A;N/A;N/A;N/A;N/A;N/A;N/A;N/A;N/A;N/A;N/A;N/A;N/A;N/A;N/A;N/A;N/A;N/A;N/A;N/A;N/A;N/A;N/A;N/A;N/A;N/A;N/A;N/A;N/A;N/A;N/A;N/A;N/A;N/A;N/A;"1532 mm";"3827 mm";N/A;N/A;N/A;N/A;5;"109 hp";Sense;N/A;N/A;"1665 mm";N/A;N/A;N/A;N/A;N/A;N/A;N/A;N/A;N/A;N/A;N/A;N/A;N/A;N/A;N/A;N/A;N/A;"lunes a viernes de 9 a 18:30 sábados de 10 a 13 hs";5;1.6;Nafta;Manual;Hatchback;"Autos y camionetas";N/A;N/A;N/A;N/A;N/A;N/A;UY;N/A;N/A;N/A;N/A;N/A;N/A;N/A;N/A;N/A;N/A;N/A;N/A;N/A;N/A;N/A;N/A;N/A;N/A;N/A;N/A;N/A;N/A;N/A;N/A;N/A;N/A;N/A;N/A;N/A;N/A;N/A;N/A;N/A;N/A;N/A;N/A;N/A;N/A;N/A;N/A;N/A;N/A;N/A;N/A;N/A;N/A;N/A;N/A;N/A;N/A;N/A;N/A;N/A;N/A;N/A;N/A;N/A;N/A;N/A;N/A;N/A;N/A;N/A;N/A;N/A;N/A;N/A;N/A;N/A;N/A;N/A;N/A;N/A;N/A;N/A;N/A;N/A;N/A;N/A;N/A;N/A;N/A;N/A;N/A;N/A;N/A;N/A;N/A;N/A;Sí;N/A;N/A;N/A;N/A;N/A;N/A;N/A;N/A;N/A;N/A;N/A;N/A;N/A;N/A;N/A;N/A;N/A;Sí;N/A;N/A;N/A;N/A;N/A;N/A;N/A
Nissan;Versa;"1.6 Advance 5vel Mt";2013;"96000 km";;"KM0 MOTORS";11800;;;;;"Aeropuerto Internacional De Carrasco";https://auto.mercadolibre.com.uy/MLU-653687600-nissan-versa-2013-16-advance-5vel-mt-_JM;N/A;;"Nissan Versa 2013 1.6 Advance 5vel Mt";usd;Sí;gold_premium;false;N/A;N/A;http://perfil.mercadolibre.com.uy/KM0+MOTORS;active;N/A;N/A;Usado;N/A;N/A;Hidráulica;Delantera;Sí;N/A;N/A;N/A;N/A;N/A;N/A;N/A;N/A;N/A;N/A;N/A;N/A;N/A;N/A;N/A;N/A;N/A;N/A;N/A;N/A;N/A;N/A;N/A;N/A;N/A;"1.6 L";N/A;N/A;N/A;N/A;N/A;N/A;N/A;N/A;N/A;N/A;N/A;N/A;N/A;N/A;N/A;N/A;N/A;N/A;N/A;N/A;N/A;N/A;N/A;N/A;N/A;N/A;N/A;N/A;N/A;N/A;N/A;N/A;N/A;N/A;N/A;N/A;N/A;N/A;N/A;N/A;N/A;N/A;N/A;N/A;N/A;N/A;N/A;N/A;N/A;N/A;N/A;N/A;N/A;N/A;N/A;Advance;N/A;N/A;N/A;N/A;N/A;N/A;N/A;N/A;N/A;N/A;N/A;N/A;N/A;N/A;N/A;N/A;N/A;N/A;N/A;N/A;N/A;4;1.6;Nafta;Manual;Hatchback;"Autos y camionetas";N/A;N/A;N/A;N/A;N/A;N/A;UY;N/A;N/A;N/A;N/A;N/A;N/A;N/A;N/A;N/A;N/A;N/A;N/A;N/A;N/A;N/A;N/A;N/A;N/A;N/A;N/A;N/A;N/A;N/A;N/A;N/A;N/A;N/A;N/A;N/A;N/A;N/A;N/A;N/A;N/A;N/A;N/A;N/A;N/A;N/A;N/A;N/A;N/A;N/A;N/A;N/A;N/A;N/A;N/A;N/A;N/A;N/A;N/A;N/A;N/A;N/A;N/A;N/A;N/A;N/A;N/A;N/A;N/A;N/A;N/A;N/A;N/A;N/A;N/A;N/A;N/A;N/A;N/A;N/A;N/A;N/A;N/A;N/A;N/A;N/A;N/A;N/A;N/A;N/A;N/A;N/A;N/A;N/A;N/A;N/A;Sí;N/A;N/A;N/A;N/A;N/A;N/A;N/A;N/A;N/A;N/A;N/A;N/A;N/A;N/A;N/A;N/A;N/A;Sí;N/A;N/A;N/A;N/A;N/A;N/A;N/A
Nissan;"NP300 Frontier";"Se 4X2";2023;"0 km";;MOREIRAAUTOMOVILES;32328;;;;;Pando;https://auto.mercadolibre.com.uy/MLU-631790710-nissan-np300-frontier-se-4x2-2024-_JM;N/A;;"Nissan Np300 Frontier Se 4x2 2024";USD;Sí;gold_premium;false;N/A;N/A;http://perfil.mercadolibre.com.uy/MOREIRAAUTOMOVILES;active;N/A;N/A;Nuevo;N/A;N/A;Eléctrica;4x2;Sí;Sí;N/A;N/A;N/A;No;N/A;N/A;No;N/A;N/A;No;Sí;N/A;No;N/A;N/A;N/A;N/A;N/A;N/A;N/A;N/A;N/A;N/A;N/A;N/A;N/A;N/A;N/A;N/A;N/A;N/A;N/A;No;N/A;N/A;N/A;N/A;N/A;N/A;N/A;N/A;N/A;N/A;N/A;N/A;N/A;N/A;N/A;N/A;N/A;N/A;N/A;N/A;N/A;N/A;N/A;N/A;N/A;N/A;N/A;N/A;N/A;N/A;N/A;N/A;N/A;N/A;N/A;N/A;N/A;N/A;N/A;N/A;N/A;N/A;N/A;N/A;N/A;N/A;N/A;N/A;N/A;N/A;N/A;N/A;Sí;N/A;No;Sí;N/A;Sí;Sí;N/A;N/A;N/A;N/A;No;No;N/A;N/A;N/A;N/A;4;2.5;Nafta;Manual;Pick-Up;"Autos y camionetas";Sí;N/A;N/A;N/A;Sí;N/A;N/A;N/A;Sí;N/A;No;N/A;N/A;N/A;N/A;N/A;N/A;N/A;N/A;N/A;N/A;N/A;N/A;N/A;No;N/A;N/A;N/A;N/A;N/A;N/A;N/A;N/A;N/A;N/A;N/A;N/A;N/A;N/A;N/A;N/A;N/A;N/A;Sí;N/A;N/A;N/A;N/A;N/A;N/A;N/A;N/A;N/A;N/A;N/A;N/A;N/A;N/A;N/A;N/A;N/A;Sí;Sí;N/A;N/A;N/A;N/A;N/A;N/A;N/A;N/A;N/A;N/A;N/A;N/A;N/A;N/A;N/A;N/A;N/A;N/A;N/A;N/A;N/A;N/A;N/A;N/A;N/A;N/A;N/A;N/A;N/A;N/A;N/A;N/A;No;Sí;No;Sí;N/A;Sí;N/A;N/A;N/A;N/A;Sí;No;Sí;Sí;N/A;N/A;Sí;Sí;Sí;Sí;Sí;Sí;No;No;Sí;N/A;Sí
Nissan;Kicks;Exclusive;2018;"87110 km";;"SHOPPING USADOS";21900;;;;;Carrasco;https://auto.mercadolibre.com.uy/MLU-655698944-nissan-kicks-exclusive-2018-_JM;N/A;;"Nissan Kicks Exclusive 2018";USD;Sí;gold_premium;false;N/A;N/A;http://perfil.mercadolibre.com.uy/SHOPPING+USADOS;active;N/A;N/A;Usado;Plateado;N/A;Hidráulica;N/A;Sí;N/A;Sí;N/A;N/A;N/A;Sí;N/A;N/A;N/A;Sí;N/A;Sí;N/A;N/A;N/A;N/A;N/A;N/A;N/A;N/A;N/A;N/A;N/A;N/A;N/A;"1600 cc";N/A;N/A;N/A;N/A;Sí;N/A;N/A;N/A;N/A;N/A;N/A;N/A;N/A;N/A;N/A;N/A;N/A;N/A;N/A;N/A;N/A;N/A;N/A;N/A;N/A;N/A;N/A;Sí;N/A;N/A;N/A;N/A;N/A;N/A;N/A;N/A;N/A;N/A;N/A;N/A;N/A;N/A;N/A;N/A;N/A;N/A;N/A;N/A;N/A;N/A;N/A;N/A;N/A;N/A;N/A;Exclusive;N/A;N/A;N/A;N/A;N/A;N/A;N/A;Sí;N/A;N/A;N/A;Sí;N/A;N/A;N/A;N/A;N/A;N/A;N/A;N/A;"Lun. a Vie. de 10 a 19hs";5;1.6;Nafta;Automática;SUV;"Autos y camionetas";No;N/A;N/A;N/A;No;N/A;N/A;No;Sí;No;No;N/A;N/A;N/A;N/A;N/A;N/A;N/A;N/A;N/A;N/A;N/A;N/A;N/A;N/A;N/A;N/A;N/A;N/A;N/A;N/A;N/A;N/A;N/A;N/A;N/A;N/A;N/A;N/A;N/A;N/A;N/A;N/A;N/A;N/A;N/A;N/A;N/A;N/A;N/A;N/A;N/A;N/A;N/A;N/A;N/A;N/A;N/A;N/A;N/A;N/A;Sí;No;N/A;N/A;N/A;N/A;N/A;N/A;N/A;N/A;N/A;N/A;N/A;N/A;N/A;N/A;N/A;N/A;N/A;N/A;N/A;N/A;N/A;N/A;N/A;N/A;N/A;N/A;N/A;N/A;N/A;N/A;N/A;N/A;N/A;Sí;N/A;N/A;N/A;Sí;N/A;N/A;N/A;N/A;Sí;N/A;N/A;N/A;N/A;N/A;N/A;N/A;N/A;Sí;Sí;N/A;N/A;N/A;N/A;N/A;Sí
Nissan;Kicks;"NEW KICKS ADVANCE CVT";2023;"0 km";;"NISSAN CAR_ONE";31990;;;;;"Ciudad de la Costa";https://auto.mercadolibre.com.uy/MLU-661884074-nissan-kicks-new-kicks-advance-cvt-16-2023-0km-_JM;N/A;;"Nissan Kicks New Kicks Advance Cvt 1.6 2023 0km";usd;Sí;gold_premium;false;N/A;N/A;http://perfil.mercadolibre.com.uy/NISSAN+CAR_ONE;active;N/A;N/A;Nuevo;Blanco;N/A;Eléctrica;N/A;Sí;Sí;Sí;N/A;N/A;N/A;Sí;Sí;N/A;N/A;Sí;Sí;Sí;N/A;N/A;N/A;N/A;N/A;N/A;N/A;N/A;N/A;N/A;N/A;N/A;N/A;"1600 cc";N/A;7;N/A;N/A;Sí;Sí;Sí;N/A;Sí;N/A;N/A;N/A;N/A;N/A;N/A;N/A;N/A;N/A;N/A;N/A;N/A;N/A;N/A;N/A;N/A;Sí;N/A;Sí;N/A;Sí;N/A;N/A;N/A;N/A;N/A;N/A;N/A;N/A;Sí;N/A;N/A;N/A;N/A;N/A;Sí;N/A;N/A;N/A;N/A;N/A;N/A;N/A;N/A;N/A;"118 hp";Advance;N/A;N/A;N/A;"14 km/l";N/A;N/A;N/A;N/A;Sí;Sí;Sí;Sí;N/A;N/A;"16 km/l";N/A;N/A;N/A;Sí;Sí;"Lunes a Domingos de 10 a 20 hs";5;1.6;Nafta;Automática;SUV;"Autos y camionetas";Sí;N/A;N/A;N/A;Sí;N/A;UY;Sí;Sí;Sí;No;N/A;N/A;N/A;N/A;N/A;N/A;N/A;N/A;N/A;N/A;N/A;N/A;N/A;Sí;N/A;N/A;N/A;N/A;N/A;N/A;N/A;N/A;N/A;N/A;Sí;N/A;N/A;N/A;N/A;N/A;N/A;N/A;Sí;N/A;N/A;N/A;N/A;N/A;N/A;N/A;N/A;N/A;N/A;N/A;N/A;N/A;Sí;N/A;N/A;N/A;Sí;No;N/A;N/A;N/A;N/A;N/A;N/A;N/A;N/A;N/A;N/A;N/A;N/A;N/A;N/A;N/A;N/A;N/A;N/A;N/A;N/A;N/A;N/A;N/A;N/A;N/A;N/A;N/A;N/A;N/A;Sí;N/A;N/A;N/A;Sí;Sí;Sí;Sí;Sí;Sí;Sí;N/A;Sí;Sí;N/A;Sí;N/A;N/A;Sí;Sí;Sí;N/A;Sí;Sí;Sí;N/A;N/A;Sí;N/A;Sí
Nissan;Kicks;"1.6 Exclusive At";2023;"0 km";;"MOREIRA AUTOMOVILES";34990;;;;;"Las Piedras";https://auto.mercadolibre.com.uy/MLU-615768442-nissan-kicks-2023-16-exclusive-at-_JM;N/A;;"Nissan Kicks 2023 1.6 Exclusive At";usd;Sí;gold_premium;false;N/A;N/A;http://perfil.mercadolibre.com.uy/MOREIRA+AUTOMOVILES;active;N/A;N/A;Nuevo;N/A;No;Hidráulica;Delantera;Sí;No;No;No;No;No;No;No;Sí;No;No;No;Sí;No;No;N/A;N/A;N/A;N/A;N/A;N/A;N/A;N/A;N/A;N/A;"2620 mm";"1.6 L";"50 L";N/A;N/A;No;No;No;No;No;No;No;No;No;No;No;No;No;No;No;No;No;No;No;No;No;No;No;No;No;No;No;N/A;No;N/A;No;No;Sí;Sí;No;No;Sí;No;No;No;No;No;N/A;No;"1590 mm";"4295 mm";N/A;N/A;N/A;N/A;5;"118 hp";Exclusive;N/A;4;"1760 mm";N/A;No;No;No;No;No;No;No;No;No;No;N/A;No;No;No;No;No;N/A;5;1.6;Nafta;Automática;SUV;"Autos y camionetas";No;No;No;No;No;No;UY;No;No;No;No;No;No;No;No;No;No;No;No;No;No;No;No;No;No;No;No;No;No;No;No;No;N/A;No;No;No;No;No;No;No;No;No;No;No;No;No;No;No;No;No;No;No;No;No;No;No;No;No;No;No;No;No;No;No;No;No;No;No;No;No;No;No;No;No;No;No;No;No;No;No;No;No;No;No;No;No;No;No;No;No;No;No;No;No;No;No;Sí;No;Sí;No;No;No;No;No;No;Sí;No;No;No;No;Sí;Sí;Sí;No;Sí;No;No;No;No;Sí;No;Sí
Nissan;Sentra;Sr;2023;"0 km";;"NISSAN SANTAROSA";37990;;;;;Centro;https://auto.mercadolibre.com.uy/MLU-661769948-nissan-sentra-sr-20-2023-0km-_JM;N/A;;"Nissan Sentra Sr 2.0 2023 0km";USD;Sí;gold_premium;false;N/A;N/A;http://perfil.mercadolibre.com.uy/NISSAN+SANTAROSA;active;N/A;N/A;Nuevo;Bordó;N/A;Eléctrica;N/A;N/A;Sí;Sí;Sí;Sí;N/A;Sí;Sí;Sí;Sí;N/A;Sí;Sí;N/A;Sí;N/A;N/A;N/A;N/A;N/A;N/A;N/A;N/A;N/A;N/A;N/A;"2000 cc";N/A;6;N/A;N/A;Sí;Sí;Sí;Sí;Sí;N/A;N/A;N/A;N/A;N/A;N/A;N/A;N/A;N/A;N/A;N/A;N/A;N/A;N/A;Sí;N/A;Sí;N/A;Sí;N/A;Sí;N/A;N/A;N/A;N/A;N/A;N/A;N/A;N/A;Sí;N/A;N/A;N/A;N/A;N/A;Sí;N/A;N/A;N/A;N/A;N/A;N/A;N/A;N/A;N/A;"140 hp";Sr;N/A;N/A;N/A;"10 km/l";N/A;N/A;Sí;Sí;Sí;Sí;Sí;Sí;Sí;Sí;"12 km/l";N/A;N/A;N/A;N/A;Sí;"Lun. a Vie. de 9 a 18:30 hs. Sáb. de 10 a 13 hs.";5;2.0;Nafta;Automática;Sedán;"Autos y camionetas";Sí;N/A;N/A;N/A;Sí;N/A;N/A;Sí;Sí;Sí;No;N/A;N/A;N/A;N/A;N/A;N/A;N/A;N/A;N/A;N/A;N/A;N/A;N/A;N/A;N/A;N/A;N/A;N/A;N/A;N/A;N/A;N/A;N/A;N/A;N/A;N/A;N/A;N/A;N/A;N/A;N/A;N/A;Sí;N/A;N/A;N/A;N/A;N/A;N/A;N/A;N/A;N/A;N/A;N/A;N/A;N/A;N/A;N/A;N/A;N/A;Sí;No;N/A;N/A;N/A;N/A;N/A;N/A;N/A;N/A;N/A;N/A;N/A;N/A;N/A;N/A;N/A;N/A;N/A;N/A;N/A;N/A;N/A;N/A;N/A;N/A;N/A;N/A;N/A;N/A;N/A;N/A;N/A;N/A;N/A;Sí;N/A;Sí;Sí;Sí;Sí;Sí;N/A;Sí;Sí;Sí;N/A;N/A;N/A;Sí;Sí;Sí;N/A;Sí;Sí;Sí;N/A;N/A;Sí;N/A;Sí
Nissan;Versa;"New Versa ADVANCE CVT FASE II";2023;"0 km";;"NISSAN CAR_ONE";28490;;;;;"Ciudad de la Costa";https://auto.mercadolibre.com.uy/MLU-663270926-nissan-versa-new-versa-advance-cvt-fase-ii-16-2023-0km-_JM;N/A;;"Nissan Versa New Versa Advance Cvt Fase Ii 1.6 2023 0km";usd;Sí;gold_premium;false;N/A;N/A;http://perfil.mercadolibre.com.uy/NISSAN+CAR_ONE;active;N/A;N/A;Nuevo;N/A;N/A;Eléctrica;N/A;Sí;Sí;Sí;N/A;N/A;N/A;Sí;Sí;Sí;N/A;N/A;Sí;Sí;N/A;Sí;N/A;N/A;N/A;N/A;N/A;N/A;N/A;N/A;N/A;N/A;N/A;"1600 cc";N/A;6;N/A;N/A;Sí;Sí;Sí;N/A;Sí;N/A;N/A;N/A;N/A;N/A;N/A;N/A;N/A;N/A;N/A;N/A;N/A;N/A;N/A;N/A;N/A;Sí;N/A;Sí;N/A;Sí;N/A;N/A;N/A;N/A;N/A;N/A;N/A;N/A;N/A;N/A;N/A;N/A;N/A;N/A;Sí;N/A;N/A;N/A;N/A;N/A;N/A;N/A;N/A;N/A;"120 hp";Advance;N/A;N/A;N/A;"13 km/l";N/A;N/A;N/A;N/A;Sí;Sí;Sí;Sí;N/A;N/A;"18 km/l";N/A;N/A;N/A;N/A;N/A;"Lunes a Domingos de 10 a 20 hs";5;1.6;Nafta;Automática;Sedán;"Autos y camionetas";Sí;N/A;N/A;N/A;Sí;N/A;UY;Sí;Sí;Sí;No;N/A;N/A;N/A;N/A;N/A;N/A;N/A;N/A;N/A;N/A;N/A;N/A;N/A;N/A;N/A;N/A;N/A;N/A;N/A;N/A;N/A;N/A;N/A;N/A;N/A;N/A;N/A;N/A;N/A;N/A;N/A;N/A;Sí;N/A;N/A;N/A;N/A;N/A;N/A;N/A;N/A;N/A;N/A;N/A;N/A;N/A;N/A;N/A;N/A;N/A;Sí;No;N/A;N/A;N/A;N/A;N/A;N/A;N/A;N/A;N/A;N/A;N/A;N/A;N/A;N/A;N/A;N/A;N/A;N/A;N/A;N/A;N/A;N/A;N/A;N/A;N/A;N/A;N/A;N/A;N/A;Sí;N/A;N/A;N/A;Sí;Sí;Sí;Sí;Sí;Sí;Sí;N/A;Sí;Sí;N/A;N/A;N/A;N/A;Sí;Sí;Sí;N/A;Sí;Sí;Sí;N/A;N/A;N/A;N/A;Sí
Nissan;Sentra;"New Sentra SR CVT Extra Full";2023;"0 km";;"NISSAN CAR_ONE";37990;;;;;"Ciudad de la Costa";https://auto.mercadolibre.com.uy/MLU-661935638-nissan-sentra-new-sentra-sr-cvt-extra-full-20-2023-0km-_JM;N/A;;"Nissan Sentra New Sentra Sr Cvt Extra Full 2.0 2023 0km";usd;Sí;gold_premium;false;N/A;N/A;http://perfil.mercadolibre.com.uy/NISSAN+CAR_ONE;active;N/A;N/A;Nuevo;N/A;N/A;Eléctrica;N/A;N/A;Sí;Sí;Sí;Sí;N/A;Sí;Sí;Sí;Sí;N/A;Sí;Sí;N/A;Sí;N/A;N/A;N/A;N/A;N/A;N/A;N/A;N/A;N/A;N/A;N/A;"2000 cc";N/A;8;N/A;N/A;Sí;Sí;Sí;N/A;Sí;N/A;N/A;N/A;N/A;N/A;N/A;N/A;N/A;N/A;N/A;N/A;N/A;N/A;N/A;Sí;N/A;Sí;N/A;Sí;N/A;Sí;N/A;N/A;N/A;N/A;N/A;N/A;N/A;N/A;N/A;N/A;N/A;N/A;N/A;N/A;Sí;N/A;N/A;N/A;N/A;N/A;N/A;N/A;N/A;N/A;"149 hp";Sr;N/A;N/A;N/A;"10 km/l";N/A;N/A;Sí;Sí;Sí;Sí;Sí;Sí;Sí;N/A;"12 km/l";N/A;N/A;N/A;N/A;N/A;"Lunes a Domingos de 10 a 20 hs";5;2.0;Nafta;Automática;Sedán;"Autos y camionetas";Sí;N/A;N/A;N/A;Sí;N/A;UY;Sí;Sí;Sí;No;N/A;N/A;N/A;N/A;N/A;N/A;N/A;N/A;N/A;N/A;N/A;N/A;N/A;Sí;N/A;N/A;N/A;N/A;N/A;N/A;N/A;N/A;N/A;N/A;N/A;N/A;N/A;N/A;N/A;N/A;N/A;N/A;Sí;N/A;N/A;N/A;N/A;N/A;N/A;N/A;N/A;N/A;Sí;N/A;N/A;N/A;Sí;N/A;N/A;N/A;Sí;No;N/A;N/A;N/A;N/A;N/A;N/A;N/A;N/A;N/A;N/A;N/A;N/A;N/A;N/A;N/A;N/A;N/A;N/A;N/A;N/A;N/A;N/A;N/A;N/A;N/A;N/A;N/A;N/A;N/A;Sí;N/A;N/A;N/A;Sí;Sí;Sí;Sí;Sí;Sí;Sí;N/A;Sí;Sí;N/A;N/A;N/A;N/A;Sí;Sí;N/A;N/A;Sí;Sí;Sí;N/A;N/A;N/A;N/A;Sí
Nissan;Frontier;Se;2022;"0 km";;"MOREIRA AUTOMOVILES";26498;;;;;"Las Piedras";https://auto.mercadolibre.com.uy/MLU-645491150-nissan-frontier-se-2023-_JM;N/A;;"Nissan Frontier Se 2023";USD;Sí;gold_premium;false;N/A;N/A;http://perfil.mercadolibre.com.uy/MOREIRA+AUTOMOVILES;active;N/A;N/A;Nuevo;N/A;No;Hidráulica;4x2;No;No;No;No;No;No;No;No;No;No;No;No;No;No;No;N/A;N/A;N/A;N/A;N/A;N/A;N/A;N/A;N/A;N/A;N/A;N/A;N/A;N/A;N/A;No;No;No;No;No;No;No;No;No;No;No;No;No;No;No;No;No;No;No;No;No;No;No;No;No;No;No;N/A;No;N/A;No;No;No;No;No;No;No;No;No;No;No;No;N/A;No;N/A;N/A;N/A;N/A;N/A;N/A;N/A;N/A;N/A;N/A;N/A;N/A;N/A;No;No;No;No;No;No;No;No;No;No;N/A;No;No;No;No;No;N/A;5;2.5;Nafta;Manual;Pick-Up;"Autos y camionetas";No;No;No;No;No;No;N/A;No;Sí;No;No;No;No;No;No;No;No;No;No;No;No;No;No;No;No;No;No;No;No;No;No;No;N/A;No;No;No;No;No;No;No;No;No;No;No;No;No;No;No;No;No;No;No;No;No;No;No;No;No;No;No;No;No;No;No;No;No;No;No;No;No;No;No;No;No;No;No;No;No;No;No;No;No;No;No;No;No;No;No;No;No;No;No;No;No;No;No;No;No;No;No;No;No;No;No;No;No;No;No;No;No;No;No;No;No;No;No;No;No;No;No;No;No
Nissan;Qashqai;Exclusive;2024;"0 km";;"NISSAN SANTAROSA";55990;;;;;Centro;https://auto.mercadolibre.com.uy/MLU-661665942-nissan-new-qashqai-exclusive-2024-0km-_JM;N/A;;"Nissan New Qashqai Exclusive 2024 0km";USD;Sí;gold_premium;false;N/A;N/A;http://perfil.mercadolibre.com.uy/NISSAN+SANTAROSA;active;N/A;N/A;Nuevo;Blanco;N/A;Eléctrica;N/A;N/A;Sí;Sí;Sí;Sí;N/A;Sí;Sí;Sí;Sí;N/A;Sí;Sí;N/A;Sí;N/A;N/A;N/A;N/A;N/A;N/A;N/A;N/A;N/A;N/A;N/A;"1300 cc";N/A;N/A;N/A;N/A;Sí;Sí;Sí;N/A;Sí;N/A;N/A;N/A;N/A;N/A;N/A;N/A;N/A;N/A;N/A;N/A;N/A;N/A;N/A;Sí;N/A;Sí;N/A;Sí;N/A;Sí;N/A;N/A;N/A;N/A;N/A;N/A;N/A;N/A;Sí;N/A;N/A;N/A;N/A;N/A;Sí;N/A;N/A;N/A;N/A;N/A;N/A;N/A;N/A;N/A;N/A;Exclusive;N/A;N/A;N/A;N/A;N/A;N/A;Sí;N/A;N/A;Sí;Sí;Sí;N/A;N/A;N/A;N/A;N/A;N/A;N/A;Sí;"Lun. a Vie. de 9 a 18:30 hs. Sáb. de 10 a 13 hs.";5;1.3;Nafta;Automática;SUV;"Autos y camionetas";Sí;N/A;N/A;N/A;Sí;N/A;N/A;Sí;Sí;Sí;No;N/A;N/A;N/A;N/A;N/A;N/A;N/A;N/A;N/A;N/A;N/A;N/A;N/A;N/A;N/A;N/A;N/A;N/A;N/A;N/A;N/A;N/A;N/A;N/A;Sí;N/A;N/A;N/A;N/A;N/A;N/A;N/A;Sí;N/A;N/A;N/A;N/A;N/A;N/A;N/A;N/A;N/A;Sí;N/A;N/A;N/A;Sí;Sí;N/A;N/A;Sí;No;N/A;N/A;N/A;N/A;N/A;N/A;N/A;Sí;N/A;N/A;N/A;N/A;N/A;N/A;N/A;N/A;N/A;N/A;N/A;N/A;N/A;N/A;N/A;N/A;N/A;N/A;N/A;N/A;N/A;Sí;N/A;N/A;N/A;Sí;Sí;Sí;Sí;Sí;Sí;Sí;N/A;Sí;Sí;Sí;N/A;N/A;N/A;Sí;Sí;Sí;N/A;Sí;Sí;Sí;N/A;N/A;Sí;N/A;Sí
Nissan;Kicks;Advance;2018;"107265 km";;"CHEVROLET MONTEVIDEO";19900;;;;;Carrasco;https://auto.mercadolibre.com.uy/MLU-654801182-nissan-kicks-advance-2018-_JM;N/A;;"Nissan Kicks Advance 2018";USD;Sí;gold_premium;false;N/A;N/A;http://perfil.mercadolibre.com.uy/CHEVROLET+MONTEVIDEO;active;N/A;N/A;Usado;Bordó;N/A;Eléctrica;N/A;Sí;Sí;Sí;N/A;N/A;N/A;Sí;Sí;N/A;N/A;Sí;Sí;Sí;N/A;Sí;N/A;N/A;N/A;N/A;N/A;N/A;N/A;N/A;N/A;N/A;N/A;"1600 cc";N/A;N/A;N/A;N/A;N/A;N/A;Sí;N/A;N/A;N/A;N/A;N/A;N/A;N/A;N/A;N/A;N/A;N/A;N/A;N/A;N/A;N/A;N/A;N/A;N/A;Sí;N/A;Sí;N/A;Sí;N/A;N/A;N/A;N/A;N/A;N/A;N/A;N/A;Sí;N/A;N/A;N/A;N/A;N/A;Sí;N/A;N/A;N/A;N/A;N/A;N/A;N/A;N/A;N/A;N/A;N/A;N/A;N/A;N/A;N/A;N/A;N/A;N/A;Sí;N/A;Sí;Sí;Sí;N/A;N/A;N/A;N/A;N/A;N/A;N/A;Sí;"Lunes a Viernes de 10 a 19 hs";5;1.6;Nafta;Manual;SUV;"Autos y camionetas";No;N/A;N/A;N/A;No;N/A;N/A;No;Sí;No;No;N/A;N/A;N/A;N/A;N/A;N/A;N/A;N/A;N/A;N/A;N/A;N/A;N/A;N/A;N/A;N/A;N/A;N/A;N/A;N/A;N/A;N/A;N/A;N/A;N/A;N/A;N/A;N/A;N/A;N/A;N/A;N/A;N/A;N/A;N/A;N/A;N/A;N/A;N/A;N/A;N/A;N/A;N/A;N/A;N/A;N/A;N/A;N/A;N/A;N/A;Sí;No;N/A;N/A;N/A;N/A;N/A;N/A;N/A;N/A;N/A;N/A;N/A;N/A;N/A;N/A;N/A;N/A;N/A;N/A;N/A;N/A;N/A;N/A;N/A;N/A;N/A;N/A;N/A;N/A;N/A;N/A;N/A;N/A;N/A;Sí;Sí;Sí;N/A;Sí;Sí;Sí;N/A;Sí;Sí;N/A;Sí;N/A;N/A;N/A;Sí;Sí;N/A;Sí;Sí;Sí;N/A;N/A;N/A;N/A;Sí
Nissan;Versa;"NEW VERSA ADVANCE CVT FASE II";2023;"0 km";;"NISSAN SANTAROSA";28490;;;;;Centro;https://auto.mercadolibre.com.uy/MLU-661665968-nissan-versa-new-versa-advance-cvt-fase-ii-16-2023-0km-_JM;N/A;;"Nissan Versa New Versa Advance Cvt Fase Ii 1.6 2023 0km";usd;Sí;gold_premium;false;N/A;N/A;http://perfil.mercadolibre.com.uy/NISSAN+SANTAROSA;active;N/A;N/A;Nuevo;"Gris oscuro";N/A;Eléctrica;N/A;Sí;Sí;Sí;N/A;N/A;N/A;Sí;Sí;N/A;N/A;Sí;Sí;Sí;N/A;Sí;N/A;N/A;N/A;N/A;N/A;N/A;N/A;N/A;N/A;N/A;N/A;"1600 cc";N/A;6;N/A;N/A;N/A;N/A;N/A;N/A;Sí;N/A;N/A;N/A;N/A;N/A;N/A;N/A;N/A;N/A;N/A;N/A;N/A;N/A;N/A;N/A;N/A;Sí;N/A;Sí;N/A;N/A;N/A;N/A;N/A;N/A;N/A;N/A;N/A;N/A;Sí;N/A;N/A;N/A;N/A;N/A;N/A;N/A;N/A;N/A;N/A;N/A;N/A;N/A;N/A;N/A;"118 hp";Advance;N/A;N/A;N/A;"12 km/l";N/A;N/A;N/A;Sí;Sí;Sí;Sí;Sí;N/A;N/A;"15 km/l";N/A;N/A;N/A;N/A;N/A;"Lun. a Vie. de 9 a 18:30 hs. Sáb. de 10 a 13 hs.";5;1.6;Nafta;Automática;Sedán;"Autos y camionetas";Sí;N/A;N/A;N/A;Sí;N/A;UY;Sí;Sí;Sí;No;N/A;N/A;N/A;N/A;N/A;N/A;N/A;N/A;N/A;N/A;N/A;N/A;N/A;N/A;N/A;N/A;N/A;N/A;N/A;N/A;N/A;N/A;N/A;N/A;N/A;N/A;N/A;N/A;N/A;N/A;N/A;N/A;Sí;N/A;N/A;N/A;N/A;N/A;N/A;N/A;N/A;N/A;N/A;N/A;N/A;N/A;N/A;N/A;N/A;N/A;Sí;No;N/A;N/A;N/A;N/A;N/A;N/A;N/A;N/A;N/A;N/A;N/A;N/A;N/A;N/A;N/A;N/A;N/A;N/A;N/A;N/A;N/A;N/A;N/A;N/A;N/A;N/A;N/A;N/A;N/A;N/A;N/A;N/A;N/A;Sí;Sí;N/A;Sí;Sí;Sí;Sí;N/A;N/A;Sí;N/A;N/A;N/A;N/A;Sí;Sí;Sí;N/A;Sí;Sí;Sí;N/A;N/A;N/A;N/A;Sí
Nissan;Sentra;Exclusive;2023;"0 km";;"NISSAN SANTAROSA";37990;;;;;Centro;https://auto.mercadolibre.com.uy/MLU-661665946-nissan-sentra-exclusive-20-2023-0km-_JM;N/A;;"Nissan Sentra Exclusive 2.0 2023 0km";USD;Sí;gold_premium;false;N/A;N/A;http://perfil.mercadolibre.com.uy/NISSAN+SANTAROSA;active;N/A;N/A;Nuevo;"Gris oscuro";N/A;Eléctrica;N/A;N/A;Sí;Sí;Sí;Sí;N/A;Sí;Sí;Sí;N/A;Sí;Sí;Sí;N/A;Sí;N/A;N/A;N/A;N/A;N/A;N/A;N/A;N/A;N/A;N/A;N/A;"2000 cc";N/A;6;N/A;N/A;Sí;Sí;Sí;N/A;Sí;N/A;N/A;N/A;N/A;N/A;N/A;N/A;N/A;N/A;N/A;N/A;N/A;N/A;N/A;Sí;N/A;Sí;N/A;Sí;N/A;Sí;N/A;N/A;N/A;N/A;N/A;N/A;N/A;N/A;Sí;N/A;N/A;N/A;N/A;N/A;Sí;N/A;N/A;N/A;N/A;N/A;N/A;N/A;N/A;N/A;"146 hp";Exclusive;N/A;N/A;N/A;"10 km/l";N/A;N/A;Sí;Sí;Sí;Sí;Sí;Sí;Sí;N/A;"12 km/l";N/A;N/A;N/A;N/A;N/A;"Lun. a Vie. de 9 a 18:30 hs. Sáb. de 10 a 13 hs.";5;2.0;Nafta;Automática;Sedán;"Autos y camionetas";Sí;N/A;N/A;N/A;Sí;N/A;N/A;Sí;Sí;Sí;No;N/A;N/A;N/A;N/A;N/A;N/A;N/A;N/A;N/A;N/A;N/A;N/A;N/A;N/A;N/A;N/A;N/A;N/A;N/A;N/A;N/A;N/A;N/A;N/A;N/A;N/A;N/A;N/A;N/A;N/A;N/A;N/A;Sí;N/A;N/A;N/A;N/A;N/A;N/A;N/A;N/A;N/A;N/A;N/A;N/A;N/A;N/A;N/A;N/A;N/A;Sí;No;N/A;N/A;N/A;N/A;N/A;N/A;N/A;N/A;N/A;N/A;N/A;N/A;N/A;N/A;N/A;N/A;N/A;N/A;N/A;N/A;N/A;N/A;N/A;N/A;N/A;N/A;N/A;N/A;N/A;N/A;N/A;N/A;N/A;Sí;Sí;Sí;Sí;Sí;Sí;Sí;N/A;Sí;Sí;N/A;N/A;N/A;N/A;Sí;Sí;Sí;N/A;Sí;Sí;Sí;N/A;N/A;Sí;N/A;Sí
Nissan;Versa;"NEW VERSA SENSE";2023;"0 km";;"NISSAN SANTAROSA";25990;;;;;Centro;https://auto.mercadolibre.com.uy/MLU-661665944-nissan-versa-new-versa-sense-16-2023-0km-_JM;N/A;;"Nissan Versa New Versa Sense 1.6 2023 0km";usd;Sí;gold_premium;false;N/A;N/A;http://perfil.mercadolibre.com.uy/NISSAN+SANTAROSA;active;N/A;N/A;Nuevo;Blanco;N/A;Eléctrica;N/A;Sí;N/A;Sí;N/A;N/A;N/A;Sí;Sí;N/A;N/A;Sí;Sí;Sí;N/A;Sí;N/A;N/A;N/A;N/A;N/A;N/A;N/A;N/A;N/A;N/A;N/A;"1600 cc";N/A;5;N/A;N/A;N/A;N/A;Sí;N/A;Sí;N/A;N/A;N/A;N/A;N/A;N/A;N/A;N/A;N/A;N/A;N/A;N/A;N/A;N/A;N/A;N/A;Sí;N/A;Sí;N/A;Sí;N/A;N/A;N/A;N/A;N/A;N/A;N/A;N/A;Sí;N/A;N/A;N/A;N/A;N/A;N/A;N/A;N/A;N/A;N/A;N/A;N/A;N/A;N/A;N/A;"120 hp";Sense;N/A;N/A;N/A;"13 km/l";N/A;N/A;N/A;Sí;Sí;Sí;Sí;N/A;N/A;N/A;"15 km/l";N/A;N/A;N/A;N/A;N/A;"Lun. a Vie. de 9 a 18:30 hs. Sáb. de 10 a 13 hs.";5;1.6;Nafta;Manual;Sedán;"Autos y camionetas";Sí;N/A;N/A;N/A;Sí;N/A;UY;Sí;Sí;Sí;No;N/A;N/A;N/A;N/A;N/A;N/A;N/A;N/A;N/A;N/A;N/A;N/A;N/A;N/A;N/A;N/A;N/A;N/A;N/A;N/A;N/A;N/A;N/A;N/A;N/A;N/A;N/A;N/A;N/A;N/A;N/A;N/A;Sí;N/A;N/A;N/A;N/A;N/A;N/A;N/A;N/A;N/A;N/A;N/A;N/A;N/A;N/A;N/A;N/A;N/A;Sí;No;N/A;N/A;N/A;N/A;N/A;N/A;N/A;N/A;N/A;N/A;N/A;N/A;N/A;N/A;N/A;N/A;N/A;N/A;N/A;N/A;N/A;N/A;N/A;N/A;N/A;N/A;N/A;N/A;N/A;N/A;N/A;N/A;N/A;Sí;Sí;Sí;Sí;Sí;Sí;Sí;N/A;N/A;Sí;N/A;N/A;N/A;N/A;Sí;Sí;N/A;N/A;Sí;Sí;Sí;Sí;N/A;Sí;N/A;Sí
Nissan;Kicks;"1.6 Advance";2020;"35200 km";;"AUTOMOTORA UNION";23250;;;;;Cordón;https://auto.mercadolibre.com.uy/MLU-663199442-nissan-kicks-advance-2020-automotora-union-_JM;N/A;;"Nissan Kicks Advance 2020 Automotora Union";usd;Sí;gold_premium;false;N/A;N/A;http://perfil.mercadolibre.com.uy/AUTOMOTORA+UNION;active;N/A;N/A;Usado;Plateado;N/A;Hidráulica;Delantera;Sí;N/A;N/A;N/A;N/A;N/A;N/A;N/A;N/A;N/A;N/A;N/A;N/A;N/A;N/A;N/A;N/A;N/A;N/A;N/A;N/A;N/A;N/A;N/A;N/A;"2620 mm";"1.6 L";"50 L";5;N/A;N/A;N/A;N/A;N/A;N/A;N/A;N/A;N/A;N/A;N/A;N/A;N/A;N/A;N/A;N/A;N/A;N/A;N/A;N/A;N/A;N/A;N/A;N/A;N/A;N/A;N/A;N/A;N/A;N/A;N/A;N/A;N/A;Sí;Sí;N/A;N/A;N/A;N/A;N/A;N/A;N/A;N/A;N/A;N/A;"1590 mm";"4295 mm";N/A;N/A;N/A;N/A;5;"118 hp";Advance;N/A;4;"1760 mm";N/A;N/A;N/A;N/A;N/A;N/A;N/A;N/A;N/A;N/A;N/A;N/A;N/A;N/A;N/A;N/A;N/A;"LUNES A VIERNES DE 9 A 19H Y SABADOS DE 9 A 13H";5;1.6;Nafta;Manual;SUV;"Autos y camionetas";N/A;N/A;N/A;N/A;N/A;N/A;UY;N/A;N/A;N/A;N/A;N/A;N/A;N/A;N/A;N/A;N/A;N/A;N/A;N/A;N/A;N/A;N/A;N/A;N/A;N/A;N/A;N/A;N/A;N/A;N/A;N/A;N/A;N/A;N/A;N/A;N/A;N/A;N/A;N/A;N/A;N/A;N/A;N/A;N/A;N/A;N/A;N/A;N/A;N/A;N/A;N/A;N/A;N/A;N/A;N/A;N/A;N/A;N/A;N/A;N/A;N/A;N/A;N/A;N/A;N/A;N/A;N/A;N/A;N/A;N/A;N/A;N/A;N/A;N/A;N/A;N/A;N/A;N/A;N/A;N/A;N/A;N/A;N/A;N/A;N/A;N/A;N/A;N/A;N/A;N/A;N/A;N/A;N/A;N/A;N/A;N/A;N/A;N/A;N/A;N/A;N/A;N/A;N/A;N/A;N/A;N/A;N/A;N/A;N/A;N/A;N/A;Sí;N/A;Sí;N/A;N/A;N/A;N/A;Sí;N/A;Sí
Nissan;Frontier;Se;2023;"0 km";;"NISSAN CAR_ONE";32328;;;;;"Ciudad de la Costa";https://auto.mercadolibre.com.uy/MLU-634652901-nissan-frontier-se-25-2023-0km-_JM;N/A;;"Nissan Frontier Se 2.5 2023 0km";USD;Sí;gold_premium;false;N/A;N/A;http://perfil.mercadolibre.com.uy/NISSAN+CAR_ONE;active;N/A;N/A;Nuevo;N/A;N/A;Eléctrica;N/A;Sí;Sí;Sí;N/A;N/A;N/A;Sí;Sí;N/A;N/A;Sí;N/A;Sí;N/A;N/A;N/A;N/A;N/A;N/A;N/A;N/A;N/A;N/A;N/A;N/A;N/A;"2500 cc";N/A;6;N/A;N/A;N/A;N/A;N/A;N/A;N/A;N/A;N/A;N/A;N/A;N/A;N/A;N/A;N/A;N/A;N/A;N/A;N/A;N/A;N/A;N/A;N/A;Sí;N/A;Sí;N/A;Sí;N/A;N/A;N/A;N/A;N/A;N/A;N/A;N/A;Sí;N/A;N/A;N/A;N/A;N/A;N/A;N/A;N/A;N/A;N/A;N/A;N/A;N/A;N/A;N/A;"146 hp";Se;N/A;N/A;N/A;"8 km/l";N/A;N/A;N/A;Sí;Sí;Sí;Sí;N/A;N/A;N/A;"10 km/l";N/A;N/A;N/A;Sí;Sí;"Lunes a Domingos de 10 a 20 hs";5;2.5;Nafta;Manual;Pick-Up;"Autos y camionetas";Sí;N/A;N/A;N/A;Sí;N/A;N/A;Sí;Sí;Sí;No;N/A;N/A;N/A;N/A;N/A;N/A;N/A;N/A;N/A;N/A;N/A;N/A;N/A;N/A;N/A;N/A;N/A;N/A;N/A;N/A;N/A;N/A;N/A;N/A;N/A;N/A;N/A;N/A;N/A;N/A;N/A;N/A;Sí;N/A;N/A;N/A;N/A;N/A;N/A;N/A;N/A;N/A;N/A;N/A;N/A;N/A;N/A;N/A;N/A;N/A;Sí;No;N/A;N/A;N/A;N/A;N/A;N/A;N/A;N/A;N/A;N/A;N/A;N/A;N/A;N/A;N/A;N/A;N/A;N/A;N/A;N/A;N/A;N/A;N/A;N/A;N/A;N/A;N/A;N/A;N/A;N/A;N/A;N/A;N/A;Sí;N/A;Sí;Sí;Sí;Sí;Sí;N/A;N/A;Sí;N/A;N/A;N/A;N/A;Sí;Sí;Sí;N/A;Sí;Sí;Sí;N/A;N/A;Sí;N/A;Sí
Nissan;Kicks;Sens;2023;"0 km";;"NISSAN CAR_ONE";28990;;;;;"Ciudad de la Costa";https://auto.mercadolibre.com.uy/MLU-661935652-nissan-kicks-sens-16-2023-0km-_JM;N/A;;"Nissan Kicks Sens 1.6 2023 0km";usd;Sí;gold_premium;false;N/A;N/A;http://perfil.mercadolibre.com.uy/NISSAN+CAR_ONE;active;N/A;N/A;Nuevo;N/A;N/A;Hidráulica;N/A;N/A;Sí;Sí;N/A;Sí;N/A;Sí;Sí;N/A;Sí;N/A;Sí;Sí;N/A;Sí;N/A;N/A;N/A;N/A;N/A;N/A;N/A;N/A;N/A;N/A;N/A;"1600 cc";N/A;5;N/A;N/A;Sí;Sí;Sí;N/A;N/A;N/A;N/A;N/A;N/A;N/A;N/A;N/A;N/A;N/A;N/A;N/A;N/A;N/A;N/A;N/A;N/A;Sí;N/A;Sí;N/A;Sí;N/A;N/A;N/A;N/A;N/A;N/A;N/A;N/A;Sí;N/A;N/A;N/A;N/A;N/A;N/A;N/A;N/A;N/A;N/A;N/A;N/A;N/A;N/A;N/A;"118 hp";N/A;N/A;N/A;N/A;"13 km/l";N/A;N/A;Sí;Sí;N/A;Sí;Sí;Sí;N/A;N/A;"15 km/l";N/A;N/A;N/A;N/A;Sí;"Lunes a Domingos de 10 a 20 hs";5;1.6;Nafta;Manual;SUV;"Autos y camionetas";Sí;N/A;N/A;N/A;Sí;N/A;UY;Sí;Sí;Sí;No;N/A;N/A;N/A;N/A;N/A;N/A;N/A;N/A;N/A;N/A;N/A;N/A;N/A;N/A;N/A;N/A;N/A;N/A;N/A;N/A;N/A;N/A;N/A;N/A;N/A;N/A;N/A;N/A;N/A;N/A;N/A;N/A;Sí;N/A;N/A;N/A;N/A;N/A;N/A;N/A;N/A;N/A;N/A;N/A;N/A;N/A;N/A;N/A;N/A;N/A;Sí;No;N/A;N/A;N/A;N/A;N/A;N/A;N/A;N/A;N/A;N/A;N/A;N/A;N/A;N/A;N/A;N/A;N/A;N/A;N/A;N/A;N/A;N/A;N/A;N/A;N/A;N/A;N/A;N/A;N/A;Sí;N/A;N/A;N/A;Sí;Sí;Sí;Sí;Sí;Sí;Sí;N/A;N/A;Sí;N/A;N/A;N/A;N/A;Sí;Sí;N/A;N/A;Sí;Sí;Sí;N/A;N/A;Sí;N/A;Sí
Nissan;Frontier;"PRO 4X 7 A/T";2023;"0 km";;"NISSAN CAR_ONE";46968;;;;;"Ciudad de la Costa";https://auto.mercadolibre.com.uy/MLU-661743852-nissan-frontier-pro-4x-7-at-25-2023-0km-_JM;N/A;;"Nissan Frontier Pro 4x 7 A/t 2.5 2023 0km";USD;Sí;gold_premium;false;N/A;N/A;http://perfil.mercadolibre.com.uy/NISSAN+CAR_ONE;active;N/A;N/A;Nuevo;N/A;N/A;Eléctrica;N/A;Sí;N/A;Sí;N/A;Sí;N/A;Sí;Sí;Sí;Sí;Sí;Sí;Sí;N/A;N/A;N/A;N/A;N/A;N/A;N/A;N/A;N/A;N/A;N/A;N/A;N/A;"2500 cc";N/A;7;N/A;N/A;Sí;Sí;Sí;N/A;N/A;N/A;N/A;N/A;N/A;N/A;N/A;N/A;N/A;N/A;N/A;N/A;N/A;N/A;N/A;Sí;N/A;Sí;N/A;Sí;N/A;Sí;N/A;N/A;N/A;N/A;N/A;N/A;N/A;N/A;Sí;N/A;N/A;N/A;N/A;N/A;Sí;N/A;N/A;N/A;N/A;N/A;N/A;N/A;N/A;N/A;"160 hp";Pro-4x;N/A;N/A;N/A;"10 km/l";N/A;N/A;Sí;Sí;Sí;Sí;Sí;N/A;N/A;N/A;"13 km/l";N/A;N/A;N/A;Sí;Sí;"Lunes a Domingos de 10 a 20 hs";5;2.5;Nafta;Automática;Pick-Up;"Autos y camionetas";Sí;N/A;N/A;N/A;Sí;N/A;N/A;Sí;Sí;Sí;No;N/A;N/A;N/A;N/A;N/A;N/A;N/A;N/A;N/A;N/A;N/A;N/A;N/A;Sí;N/A;N/A;N/A;N/A;N/A;N/A;N/A;N/A;N/A;N/A;Sí;N/A;N/A;N/A;N/A;N/A;N/A;N/A;Sí;N/A;N/A;N/A;N/A;N/A;N/A;N/A;N/A;N/A;N/A;N/A;N/A;N/A;Sí;N/A;N/A;N/A;Sí;No;Sí;N/A;N/A;N/A;N/A;N/A;N/A;N/A;N/A;N/A;N/A;N/A;N/A;N/A;N/A;N/A;N/A;N/A;N/A;N/A;N/A;N/A;N/A;N/A;N/A;N/A;N/A;N/A;N/A;N/A;N/A;N/A;N/A;Sí;N/A;Sí;Sí;Sí;Sí;Sí;N/A;Sí;Sí;Sí;Sí;N/A;N/A;N/A;Sí;Sí;N/A;Sí;Sí;Sí;N/A;N/A;N/A;N/A;Sí
Nissan;Frontier;"PRO 4X 7 A/T";2023;"0 km";;"NISSAN CAR_ONE";69538;;;;;"Ciudad de la Costa";https://auto.mercadolibre.com.uy/MLU-634689159-nissan-frontier-pro-4x-7-at-25-2023-0km-_JM;N/A;;"Nissan Frontier Pro 4x 7 A/t 2.5 2023 0km";USD;Sí;gold_premium;false;N/A;N/A;http://perfil.mercadolibre.com.uy/NISSAN+CAR_ONE;active;N/A;N/A;Nuevo;N/A;N/A;Eléctrica;N/A;Sí;N/A;Sí;N/A;Sí;N/A;Sí;Sí;Sí;Sí;Sí;Sí;Sí;N/A;N/A;N/A;N/A;N/A;N/A;N/A;N/A;N/A;N/A;N/A;N/A;N/A;"2500 cc";N/A;7;N/A;N/A;Sí;Sí;Sí;N/A;N/A;N/A;N/A;N/A;N/A;N/A;N/A;N/A;N/A;N/A;N/A;N/A;N/A;N/A;N/A;Sí;N/A;Sí;N/A;Sí;N/A;Sí;N/A;N/A;N/A;N/A;N/A;N/A;N/A;N/A;Sí;N/A;N/A;N/A;N/A;N/A;Sí;N/A;N/A;N/A;N/A;N/A;N/A;N/A;N/A;N/A;"188 hp";Pro-4x;N/A;N/A;N/A;"9 km/l";N/A;N/A;Sí;Sí;Sí;Sí;Sí;N/A;N/A;N/A;"11 km/l";N/A;N/A;N/A;N/A;Sí;"Lunes a Domingos de 10 a 20 hs";5;2.5;Diésel;Automática;Pick-Up;"Autos y camionetas";Sí;N/A;N/A;N/A;Sí;N/A;N/A;Sí;Sí;Sí;No;N/A;N/A;N/A;N/A;N/A;N/A;N/A;N/A;N/A;N/A;N/A;N/A;N/A;Sí;N/A;N/A;N/A;N/A;N/A;N/A;N/A;N/A;N/A;N/A;Sí;N/A;N/A;N/A;N/A;N/A;N/A;N/A;Sí;N/A;N/A;N/A;N/A;N/A;N/A;N/A;N/A;N/A;Sí;N/A;N/A;N/A;Sí;N/A;N/A;N/A;Sí;No;Sí;N/A;N/A;N/A;N/A;N/A;N/A;N/A;N/A;N/A;N/A;N/A;N/A;N/A;N/A;N/A;N/A;N/A;N/A;N/A;N/A;N/A;N/A;N/A;N/A;N/A;N/A;N/A;N/A;Sí;N/A;N/A;N/A;Sí;Sí;Sí;Sí;Sí;Sí;Sí;N/A;Sí;Sí;Sí;Sí;N/A;N/A;N/A;Sí;Sí;N/A;Sí;Sí;Sí;N/A;N/A;N/A;N/A;Sí
Nissan;Kicks;"Advance Manual";2023;"0 km";;"NISSAN SANTAROSA";30490;;;;;Centro;https://auto.mercadolibre.com.uy/MLU-661845184-nissan-kicks-advance-manual-16-2023-0km-_JM;N/A;;"Nissan Kicks Advance Manual 1.6 2023 0km";USD;Sí;gold_premium;false;N/A;N/A;http://perfil.mercadolibre.com.uy/NISSAN+SANTAROSA;active;N/A;N/A;Nuevo;Plateado;N/A;Asistida;N/A;Sí;Sí;Sí;N/A;N/A;N/A;Sí;Sí;N/A;Sí;Sí;Sí;Sí;N/A;N/A;N/A;N/A;N/A;N/A;N/A;N/A;N/A;N/A;N/A;N/A;N/A;"1600 cc";N/A;6;N/A;N/A;Sí;Sí;Sí;N/A;N/A;N/A;N/A;N/A;N/A;N/A;N/A;N/A;N/A;N/A;N/A;N/A;N/A;N/A;N/A;N/A;N/A;Sí;N/A;Sí;N/A;Sí;N/A;N/A;N/A;N/A;N/A;N/A;N/A;N/A;Sí;N/A;N/A;N/A;N/A;N/A;N/A;N/A;N/A;N/A;N/A;N/A;N/A;N/A;N/A;N/A;"120 hp";Advance;N/A;N/A;N/A;"12 km/l";N/A;N/A;N/A;Sí;N/A;Sí;Sí;Sí;N/A;N/A;"15 km/l";N/A;N/A;N/A;N/A;Sí;"Lun. a Vie. de 9 a 18:30 hs. Sáb. de 10 a 13 hs.";5;1.6;Nafta;Automática;SUV;"Autos y camionetas";Sí;N/A;N/A;N/A;Sí;N/A;N/A;Sí;Sí;Sí;No;N/A;N/A;N/A;N/A;N/A;N/A;N/A;N/A;N/A;N/A;N/A;N/A;N/A;N/A;N/A;N/A;N/A;N/A;N/A;N/A;N/A;N/A;N/A;N/A;N/A;N/A;N/A;N/A;N/A;N/A;N/A;N/A;Sí;N/A;N/A;N/A;N/A;N/A;N/A;N/A;N/A;N/A;N/A;N/A;N/A;N/A;N/A;N/A;N/A;N/A;Sí;No;N/A;N/A;N/A;N/A;N/A;N/A;N/A;N/A;N/A;N/A;N/A;N/A;N/A;N/A;N/A;N/A;N/A;N/A;N/A;N/A;N/A;N/A;N/A;N/A;N/A;N/A;N/A;N/A;N/A;N/A;N/A;N/A;N/A;Sí;Sí;Sí;Sí;Sí;Sí;Sí;N/A;Sí;Sí;N/A;N/A;N/A;N/A;Sí;Sí;N/A;N/A;Sí;Sí;Sí;N/A;N/A;Sí;N/A;Sí
Nissan;Kicks;Exclusive;2023;"0 km";;"NISSAN SANTAROSA";34990;;;;;Centro;https://auto.mercadolibre.com.uy/MLU-661858118-nissan-kicks-exclusive-16-2023-0km-_JM;N/A;;"Nissan Kicks Exclusive 1.6 2023 0km";USD;Sí;gold_premium;false;N/A;N/A;http://perfil.mercadolibre.com.uy/NISSAN+SANTAROSA;active;N/A;N/A;Nuevo;Plateado;N/A;Eléctrica;N/A;N/A;Sí;Sí;Sí;N/A;N/A;Sí;Sí;Sí;Sí;Sí;Sí;Sí;N/A;Sí;N/A;N/A;N/A;N/A;N/A;N/A;N/A;N/A;N/A;N/A;N/A;"1600 cc";N/A;N/A;N/A;N/A;Sí;Sí;Sí;N/A;Sí;N/A;N/A;N/A;N/A;N/A;N/A;N/A;N/A;N/A;N/A;N/A;N/A;N/A;N/A;Sí;N/A;Sí;N/A;Sí;N/A;Sí;N/A;N/A;N/A;N/A;N/A;N/A;N/A;N/A;Sí;N/A;N/A;N/A;N/A;N/A;Sí;N/A;N/A;N/A;N/A;N/A;N/A;N/A;N/A;N/A;"120 hp";Exclusive;N/A;N/A;N/A;"13 km/l";N/A;N/A;Sí;Sí;Sí;Sí;Sí;Sí;N/A;N/A;"15 km/l";N/A;N/A;N/A;N/A;N/A;"Lun. a Vie. de 9 a 18:30 hs. Sáb. de 10 a 13 hs.";5;1.6;Nafta;Automática;SUV;"Autos y camionetas";Sí;N/A;N/A;N/A;Sí;N/A;N/A;Sí;Sí;Sí;No;N/A;N/A;N/A;N/A;N/A;N/A;N/A;N/A;N/A;N/A;N/A;N/A;N/A;N/A;N/A;N/A;N/A;N/A;N/A;N/A;N/A;N/A;N/A;N/A;N/A;N/A;N/A;N/A;N/A;N/A;N/A;N/A;Sí;N/A;N/A;N/A;N/A;N/A;N/A;N/A;N/A;N/A;N/A;N/A;N/A;N/A;N/A;N/A;N/A;N/A;Sí;No;N/A;N/A;N/A;N/A;N/A;N/A;N/A;N/A;N/A;N/A;N/A;N/A;N/A;N/A;N/A;N/A;N/A;N/A;N/A;N/A;N/A;N/A;N/A;N/A;N/A;N/A;N/A;N/A;N/A;N/A;N/A;N/A;N/A;Sí;N/A;Sí;Sí;Sí;Sí;Sí;N/A;Sí;Sí;N/A;N/A;N/A;N/A;Sí;Sí;Sí;N/A;Sí;Sí;Sí;N/A;N/A;Sí;N/A;Sí
Nissan;Sentra;Sr;2023;"0 km";;"NISSAN SANTAROSA";37990;;;;;Centro;https://auto.mercadolibre.com.uy/MLU-661858116-nissan-sentra-sr-20-2023-0km-_JM;N/A;;"Nissan Sentra Sr 2.0 2023 0km";USD;Sí;gold_premium;false;N/A;N/A;http://perfil.mercadolibre.com.uy/NISSAN+SANTAROSA;active;N/A;N/A;Nuevo;Blanco;N/A;Eléctrica;N/A;N/A;Sí;Sí;Sí;Sí;N/A;Sí;Sí;Sí;N/A;Sí;Sí;Sí;N/A;Sí;N/A;N/A;N/A;N/A;N/A;N/A;N/A;N/A;N/A;N/A;N/A;"2000 cc";N/A;6;N/A;N/A;Sí;Sí;Sí;N/A;Sí;N/A;N/A;N/A;N/A;N/A;N/A;N/A;N/A;N/A;N/A;N/A;N/A;N/A;N/A;Sí;N/A;Sí;N/A;Sí;N/A;Sí;N/A;N/A;N/A;N/A;N/A;N/A;N/A;N/A;Sí;N/A;N/A;N/A;N/A;N/A;Sí;N/A;N/A;N/A;N/A;N/A;N/A;N/A;N/A;N/A;"146 hp";Sr;N/A;N/A;N/A;"10 km/l";N/A;N/A;Sí;Sí;Sí;Sí;Sí;Sí;Sí;N/A;"12 km/l";N/A;N/A;N/A;N/A;N/A;"Lun. a Vie. de 9 a 18:30 hs. Sáb. de 10 a 13 hs.";5;2.0;Nafta;Automática;Sedán;"Autos y camionetas";Sí;N/A;N/A;N/A;Sí;N/A;N/A;Sí;Sí;Sí;No;N/A;N/A;N/A;N/A;N/A;N/A;N/A;N/A;N/A;N/A;N/A;N/A;N/A;N/A;N/A;N/A;N/A;N/A;N/A;N/A;N/A;N/A;N/A;N/A;N/A;N/A;N/A;N/A;N/A;N/A;N/A;N/A;Sí;N/A;N/A;N/A;N/A;N/A;N/A;N/A;N/A;N/A;N/A;N/A;N/A;N/A;N/A;N/A;N/A;N/A;Sí;No;N/A;N/A;N/A;N/A;N/A;N/A;N/A;N/A;N/A;N/A;N/A;N/A;N/A;N/A;N/A;N/A;N/A;N/A;N/A;N/A;N/A;N/A;N/A;N/A;N/A;N/A;N/A;N/A;N/A;N/A;N/A;N/A;N/A;Sí;N/A;Sí;Sí;Sí;Sí;Sí;N/A;Sí;Sí;N/A;N/A;N/A;N/A;Sí;Sí;Sí;N/A;Sí;Sí;Sí;N/A;N/A;Sí;N/A;Sí
Nissan;Sentra;Exclusive;2023;"0 km";;"NISSAN SANTAROSA";37990;;;;;Centro;https://auto.mercadolibre.com.uy/MLU-661871278-nissan-sentra-exclusive-20-2023-0km-_JM;N/A;;"Nissan Sentra Exclusive 2.0 2023 0km";USD;Sí;gold_premium;false;N/A;N/A;http://perfil.mercadolibre.com.uy/NISSAN+SANTAROSA;active;N/A;N/A;Nuevo;Bordó;N/A;Eléctrica;N/A;N/A;Sí;Sí;Sí;Sí;N/A;Sí;Sí;Sí;N/A;Sí;Sí;Sí;N/A;Sí;N/A;N/A;N/A;N/A;N/A;N/A;N/A;N/A;N/A;N/A;N/A;"2000 cc";N/A;6;N/A;N/A;Sí;Sí;Sí;N/A;Sí;N/A;N/A;N/A;N/A;N/A;N/A;N/A;N/A;N/A;N/A;N/A;N/A;N/A;N/A;Sí;N/A;Sí;N/A;Sí;N/A;Sí;N/A;N/A;N/A;N/A;N/A;N/A;N/A;N/A;Sí;N/A;N/A;N/A;N/A;N/A;Sí;N/A;N/A;N/A;N/A;N/A;N/A;N/A;N/A;N/A;"146 hp";Exclusive;N/A;N/A;N/A;"10 km/l";N/A;N/A;Sí;Sí;Sí;Sí;Sí;Sí;Sí;N/A;"12 km/l";N/A;N/A;N/A;N/A;N/A;"Lun. a Vie. de 9 a 18:30 hs. Sáb. de 10 a 13 hs.";5;2.0;Nafta;Automática;Sedán;"Autos y camionetas";Sí;N/A;N/A;N/A;Sí;N/A;N/A;Sí;Sí;Sí;No;N/A;N/A;N/A;N/A;N/A;N/A;N/A;N/A;N/A;N/A;N/A;N/A;N/A;N/A;N/A;N/A;N/A;N/A;N/A;N/A;N/A;N/A;N/A;N/A;N/A;N/A;N/A;N/A;N/A;N/A;N/A;N/A;Sí;N/A;N/A;N/A;N/A;N/A;N/A;N/A;N/A;N/A;N/A;N/A;N/A;N/A;N/A;N/A;N/A;N/A;Sí;No;N/A;N/A;N/A;N/A;N/A;N/A;N/A;N/A;N/A;N/A;N/A;N/A;N/A;N/A;N/A;N/A;N/A;N/A;N/A;N/A;N/A;N/A;N/A;N/A;N/A;N/A;N/A;N/A;N/A;N/A;N/A;N/A;N/A;Sí;Sí;Sí;Sí;Sí;Sí;Sí;N/A;Sí;Sí;N/A;N/A;N/A;N/A;Sí;Sí;Sí;N/A;Sí;Sí;Sí;N/A;N/A;Sí;N/A;Sí
Nissan;Kicks;"Exclusive AT";2023;"0 km";;"NISSAN SANTAROSA";34990;;;;;Centro;https://auto.mercadolibre.com.uy/MLU-661743868-nissan-kicks-exclusive-at-16-2023-0km-_JM;N/A;;"Nissan Kicks Exclusive At 1.6 2023 0km";usd;Sí;gold_premium;false;N/A;N/A;http://perfil.mercadolibre.com.uy/NISSAN+SANTAROSA;active;N/A;N/A;Nuevo;Rojo;N/A;Eléctrica;N/A;N/A;Sí;Sí;Sí;N/A;N/A;Sí;Sí;Sí;N/A;Sí;Sí;Sí;N/A;Sí;N/A;N/A;N/A;N/A;N/A;N/A;N/A;N/A;N/A;N/A;N/A;"1600 cc";N/A;N/A;N/A;N/A;Sí;Sí;Sí;N/A;Sí;N/A;N/A;N/A;N/A;N/A;N/A;N/A;N/A;N/A;N/A;N/A;N/A;N/A;N/A;Sí;N/A;Sí;N/A;Sí;N/A;Sí;N/A;N/A;N/A;N/A;N/A;N/A;N/A;N/A;Sí;N/A;N/A;N/A;N/A;N/A;Sí;N/A;N/A;N/A;N/A;N/A;N/A;N/A;N/A;N/A;"120 hp";Exclusive;N/A;N/A;N/A;"13 km/l";N/A;N/A;Sí;Sí;Sí;Sí;Sí;Sí;N/A;N/A;"15 km/l";N/A;N/A;N/A;N/A;N/A;"Lun. a Vie. de 9 a 18:30 hs. Sáb. de 10 a 13 hs.";5;1.6;Nafta;Automática;SUV;"Autos y camionetas";Sí;N/A;N/A;N/A;Sí;N/A;UY;Sí;Sí;Sí;No;N/A;N/A;N/A;N/A;N/A;N/A;N/A;N/A;N/A;N/A;N/A;N/A;N/A;N/A;N/A;N/A;N/A;N/A;N/A;N/A;N/A;N/A;N/A;N/A;N/A;N/A;N/A;N/A;N/A;N/A;N/A;N/A;Sí;N/A;N/A;N/A;N/A;N/A;N/A;N/A;N/A;N/A;N/A;N/A;N/A;N/A;N/A;N/A;N/A;N/A;Sí;No;N/A;N/A;N/A;N/A;N/A;N/A;N/A;N/A;N/A;N/A;N/A;N/A;N/A;N/A;N/A;N/A;N/A;N/A;N/A;N/A;N/A;N/A;N/A;N/A;N/A;N/A;N/A;N/A;N/A;N/A;N/A;N/A;N/A;Sí;Sí;Sí;Sí;Sí;Sí;Sí;N/A;Sí;Sí;N/A;N/A;N/A;N/A;Sí;Sí;Sí;N/A;Sí;Sí;Sí;N/A;N/A;Sí;N/A;Sí
Nissan;Kicks;Exclusive;2023;"0 km";;"NISSAN SANTAROSA";34990;;;;;Centro;https://auto.mercadolibre.com.uy/MLU-661832252-nissan-kicks-exclusive-16-2023-0km-_JM;N/A;;"Nissan Kicks Exclusive 1.6 2023 0km";USD;Sí;gold_premium;false;N/A;N/A;http://perfil.mercadolibre.com.uy/NISSAN+SANTAROSA;active;N/A;N/A;Nuevo;Blanco;N/A;Eléctrica;N/A;N/A;Sí;Sí;Sí;N/A;N/A;Sí;Sí;Sí;N/A;Sí;Sí;Sí;N/A;Sí;N/A;N/A;N/A;N/A;N/A;N/A;N/A;N/A;N/A;N/A;N/A;"1600 cc";N/A;N/A;N/A;N/A;Sí;Sí;Sí;N/A;Sí;N/A;N/A;N/A;N/A;N/A;N/A;N/A;N/A;N/A;N/A;N/A;N/A;N/A;N/A;Sí;N/A;Sí;N/A;Sí;N/A;Sí;N/A;N/A;N/A;N/A;N/A;N/A;N/A;N/A;Sí;N/A;N/A;N/A;N/A;N/A;Sí;N/A;N/A;N/A;N/A;N/A;N/A;N/A;N/A;N/A;"120 hp";Exclusive;N/A;N/A;N/A;"13 km/l";N/A;N/A;Sí;Sí;Sí;Sí;Sí;Sí;N/A;N/A;"15 km/l";N/A;N/A;N/A;N/A;Sí;"Lun. a Vie. de 9 a 18:30 hs. Sáb. de 10 a 13 hs.";5;1.6;Nafta;Automática;SUV;"Autos y camionetas";Sí;N/A;N/A;N/A;Sí;N/A;N/A;Sí;Sí;Sí;No;N/A;N/A;N/A;N/A;N/A;N/A;N/A;N/A;N/A;N/A;N/A;N/A;N/A;N/A;N/A;N/A;N/A;N/A;N/A;N/A;N/A;N/A;N/A;N/A;N/A;N/A;N/A;N/A;N/A;N/A;N/A;N/A;Sí;N/A;N/A;N/A;N/A;N/A;N/A;N/A;N/A;N/A;N/A;N/A;N/A;N/A;N/A;N/A;N/A;N/A;Sí;No;N/A;N/A;N/A;N/A;N/A;N/A;N/A;N/A;N/A;N/A;N/A;N/A;N/A;N/A;N/A;N/A;N/A;N/A;N/A;N/A;N/A;N/A;N/A;N/A;N/A;N/A;N/A;N/A;N/A;N/A;N/A;N/A;N/A;Sí;Sí;Sí;Sí;Sí;Sí;Sí;N/A;Sí;Sí;N/A;N/A;N/A;N/A;Sí;Sí;Sí;N/A;Sí;Sí;Sí;N/A;N/A;Sí;N/A;Sí
Nissan;Versa;"NEW VERSA ADVANCE TM FASE II";2023;"0 km";;"NISSAN SANTAROSA";27490;;;;;Centro;https://auto.mercadolibre.com.uy/MLU-661845170-nissan-versa-new-versa-advance-tm-fase-ii-16-2023-0km-_JM;N/A;;"Nissan Versa New Versa Advance Tm Fase Ii 1.6 2023 0km";usd;Sí;gold_premium;false;N/A;N/A;http://perfil.mercadolibre.com.uy/NISSAN+SANTAROSA;active;No;N/A;Nuevo;Plateado;No;Eléctrica;N/A;Sí;Sí;Sí;N/A;N/A;N/A;Sí;Sí;N/A;N/A;Sí;Sí;Sí;N/A;Sí;N/A;N/A;N/A;N/A;N/A;N/A;N/A;N/A;N/A;N/A;N/A;"1600 cc";N/A;5;N/A;N/A;Sí;Sí;Sí;N/A;Sí;N/A;N/A;N/A;N/A;N/A;N/A;N/A;N/A;N/A;N/A;N/A;N/A;N/A;N/A;N/A;N/A;Sí;N/A;Sí;N/A;Sí;N/A;N/A;N/A;N/A;N/A;N/A;N/A;N/A;Sí;N/A;N/A;N/A;N/A;N/A;N/A;N/A;N/A;N/A;N/A;N/A;N/A;N/A;N/A;N/A;"120 hp";Advance;N/A;N/A;N/A;"13 km/l";N/A;N/A;Sí;Sí;Sí;Sí;Sí;Sí;N/A;N/A;"15 km/l";N/A;N/A;N/A;N/A;N/A;"Lun. a Vie. de 9 a 18:30 hs. Sáb. de 10 a 13 hs.";5;1.6;Nafta;Manual;Sedán;"Autos y camionetas";Sí;No;No;No;Sí;No;UY;Sí;Sí;Sí;No;No;No;No;No;No;No;No;No;No;No;N/A;No;No;Sí;No;No;No;No;No;No;No;N/A;No;No;N/A;No;No;No;No;No;No;No;Sí;No;No;No;No;No;No;No;No;No;N/A;No;No;No;N/A;N/A;No;No;Sí;No;N/A;N/A;No;No;No;No;No;N/A;No;No;No;No;No;No;No;No;No;No;No;N/A;No;No;No;No;No;No;No;No;N/A;Sí;No;No;N/A;Sí;N/A;Sí;Sí;Sí;N/A;Sí;N/A;Sí;Sí;N/A;Sí;N/A;N/A;Sí;Sí;Sí;N/A;Sí;N/A;Sí;N/A;N/A;N/A;N/A;N/A
Nissan;Versa;"NEW VERSA SENSE FASE II";2023;"0 km";;"NISSAN SANTAROSA";25990;;;;;Centro;https://auto.mercadolibre.com.uy/MLU-661845172-nissan-versa-new-versa-sense-fase-ii-16-2023-0km-_JM;N/A;;"Nissan Versa New Versa Sense Fase Ii 1.6 2023 0km";usd;Sí;gold_premium;false;N/A;N/A;http://perfil.mercadolibre.com.uy/NISSAN+SANTAROSA;active;N/A;N/A;Nuevo;Rojo;N/A;Eléctrica;N/A;Sí;Sí;Sí;Sí;N/A;N/A;Sí;Sí;N/A;N/A;Sí;Sí;Sí;N/A;Sí;N/A;N/A;N/A;N/A;N/A;N/A;N/A;N/A;N/A;N/A;N/A;"1600 cc";N/A;5;N/A;N/A;Sí;Sí;Sí;N/A;Sí;N/A;N/A;N/A;N/A;N/A;N/A;N/A;N/A;N/A;N/A;N/A;N/A;N/A;N/A;N/A;N/A;Sí;N/A;Sí;N/A;N/A;N/A;N/A;N/A;N/A;N/A;N/A;N/A;N/A;Sí;N/A;N/A;N/A;N/A;N/A;Sí;N/A;N/A;N/A;N/A;N/A;N/A;N/A;N/A;N/A;"120 hp";Sense;N/A;N/A;N/A;"15 km/l";N/A;N/A;N/A;N/A;Sí;Sí;Sí;N/A;N/A;N/A;"13 km/l";N/A;N/A;N/A;N/A;N/A;"Lun. a Vie. de 9 a 18:30 hs. Sáb. de 10 a 13 hs.";5;1.6;Nafta;Manual;Sedán;"Autos y camionetas";Sí;N/A;N/A;N/A;Sí;N/A;UY;Sí;Sí;Sí;No;N/A;N/A;N/A;N/A;N/A;N/A;N/A;N/A;N/A;N/A;N/A;N/A;N/A;N/A;N/A;N/A;N/A;N/A;N/A;N/A;N/A;N/A;N/A;N/A;N/A;N/A;N/A;N/A;N/A;N/A;N/A;N/A;Sí;N/A;N/A;N/A;N/A;N/A;N/A;N/A;N/A;N/A;N/A;N/A;N/A;N/A;N/A;N/A;N/A;N/A;Sí;No;N/A;N/A;N/A;N/A;N/A;N/A;N/A;N/A;N/A;N/A;N/A;N/A;N/A;N/A;N/A;N/A;N/A;N/A;N/A;N/A;N/A;N/A;N/A;N/A;N/A;N/A;N/A;N/A;N/A;Sí;N/A;N/A;N/A;Sí;Sí;N/A;Sí;Sí;Sí;Sí;N/A;N/A;Sí;N/A;N/A;N/A;N/A;Sí;Sí;Sí;N/A;Sí;Sí;Sí;N/A;N/A;Sí;N/A;Sí
Nissan;Kicks;"1.6 Advance At";2023;"0 km";;RURALAUTOMOTORA;31990;;;;;Trinidad;https://auto.mercadolibre.com.uy/MLU-666089326-nissan-kicks-2023-16-advance-at-_JM;N/A;;"Nissan Kicks 2023 1.6 Advance At";usd;Sí;gold_premium;false;N/A;N/A;http://perfil.mercadolibre.com.uy/RURALAUTOMOTORA;active;N/A;N/A;Nuevo;N/A;N/A;Hidráulica;Delantera;Sí;N/A;N/A;N/A;N/A;N/A;N/A;N/A;N/A;N/A;N/A;N/A;N/A;N/A;N/A;N/A;N/A;N/A;N/A;N/A;N/A;N/A;N/A;N/A;N/A;"2620 mm";"1.6 L";"50 L";N/A;N/A;N/A;N/A;N/A;N/A;N/A;N/A;N/A;N/A;N/A;N/A;N/A;N/A;N/A;N/A;N/A;N/A;N/A;N/A;N/A;N/A;N/A;N/A;N/A;N/A;N/A;N/A;N/A;N/A;N/A;N/A;N/A;N/A;Sí;Sí;Sí;N/A;N/A;N/A;N/A;N/A;N/A;N/A;N/A;N/A;"1590 mm";"4295 mm";N/A;N/A;N/A;N/A;5;"118 hp";Advance;N/A;4;"1760 mm";N/A;N/A;N/A;N/A;N/A;N/A;N/A;N/A;N/A;N/A;N/A;N/A;N/A;N/A;N/A;N/A;N/A;N/A;5;1.6;Nafta;Automática;SUV;"Autos y camionetas";N/A;N/A;N/A;N/A;N/A;N/A;UY;N/A;N/A;N/A;N/A;N/A;N/A;N/A;N/A;N/A;N/A;N/A;N/A;N/A;N/A;N/A;N/A;N/A;N/A;N/A;N/A;N/A;N/A;N/A;N/A;N/A;N/A;N/A;N/A;N/A;N/A;N/A;N/A;N/A;N/A;N/A;N/A;N/A;N/A;N/A;N/A;N/A;N/A;N/A;N/A;N/A;N/A;N/A;N/A;N/A;N/A;N/A;N/A;N/A;N/A;N/A;N/A;N/A;N/A;N/A;N/A;N/A;N/A;N/A;N/A;N/A;N/A;N/A;N/A;N/A;N/A;N/A;N/A;N/A;N/A;N/A;N/A;N/A;N/A;N/A;N/A;N/A;N/A;N/A;N/A;N/A;N/A;N/A;N/A;N/A;Sí;N/A;Sí;N/A;N/A;N/A;N/A;N/A;N/A;Sí;N/A;N/A;N/A;N/A;N/A;N/A;Sí;N/A;Sí;N/A;N/A;N/A;N/A;Sí;N/A;Sí
Nissan;Versa;"1.6 Advance";2023;"13500 km";;"AUTOMOTORA UNION";23900;;;;;Cordón;https://auto.mercadolibre.com.uy/MLU-663339514-nissan-new-versa-advance-2023-automotora-union-_JM;N/A;;"Nissan New Versa Advance 2023 Automotora Union";usd;Sí;gold_premium;false;N/A;N/A;http://perfil.mercadolibre.com.uy/AUTOMOTORA+UNION;active;N/A;N/A;Usado;Blanco;N/A;Hidráulica;Delantera;Sí;N/A;N/A;N/A;N/A;N/A;N/A;N/A;N/A;N/A;N/A;N/A;N/A;N/A;N/A;N/A;N/A;N/A;N/A;N/A;N/A;N/A;N/A;N/A;N/A;"2600 mm";"1.6 L";"41 L";5;N/A;N/A;N/A;N/A;N/A;N/A;N/A;N/A;N/A;N/A;N/A;N/A;N/A;N/A;N/A;N/A;N/A;N/A;N/A;N/A;N/A;N/A;N/A;N/A;N/A;N/A;N/A;N/A;N/A;N/A;N/A;N/A;N/A;Sí;Sí;N/A;N/A;N/A;N/A;N/A;N/A;N/A;N/A;N/A;N/A;"1506 mm";"4492 mm";N/A;N/A;N/A;N/A;5;"106 hp";Advance;N/A;4;"1695 mm";N/A;N/A;N/A;N/A;N/A;N/A;N/A;Sí;N/A;N/A;N/A;N/A;N/A;N/A;N/A;N/A;N/A;"LUNES A VIERNES DE 9 A 19H Y SABADOS DE 9 A 13H";4;1.6;Nafta;Manual;Sedán;"Autos y camionetas";N/A;N/A;N/A;N/A;N/A;N/A;UY;N/A;N/A;N/A;N/A;N/A;N/A;N/A;N/A;N/A;N/A;N/A;N/A;N/A;N/A;N/A;N/A;N/A;N/A;N/A;N/A;N/A;N/A;N/A;N/A;N/A;N/A;N/A;N/A;N/A;N/A;N/A;N/A;N/A;N/A;N/A;N/A;N/A;N/A;N/A;N/A;N/A;N/A;N/A;N/A;N/A;N/A;N/A;N/A;N/A;N/A;N/A;N/A;N/A;N/A;N/A;N/A;N/A;N/A;N/A;N/A;N/A;N/A;N/A;N/A;N/A;N/A;N/A;N/A;N/A;N/A;N/A;N/A;N/A;N/A;N/A;N/A;N/A;N/A;N/A;N/A;N/A;N/A;N/A;N/A;N/A;N/A;N/A;N/A;N/A;Sí;N/A;Sí;N/A;N/A;N/A;N/A;Sí;N/A;Sí;N/A;N/A;N/A;N/A;N/A;N/A;Sí;N/A;Sí;N/A;N/A;N/A;N/A;Sí;N/A;N/A
Nissan;Versa;"Advance Manual";2023;"0 km";;"NISSAN SANTAROSA";27490;;;;;Centro;https://auto.mercadolibre.com.uy/MLU-661743882-nissan-versa-advance-manual-16-2023-0km-_JM;N/A;;"Nissan Versa Advance Manual 1.6 2023 0km";USD;Sí;gold_premium;false;N/A;N/A;http://perfil.mercadolibre.com.uy/NISSAN+SANTAROSA;active;N/A;N/A;Nuevo;"Gris oscuro";N/A;Hidráulica;N/A;Sí;Sí;Sí;N/A;N/A;N/A;Sí;Sí;N/A;N/A;Sí;Sí;Sí;N/A;Sí;N/A;N/A;N/A;N/A;N/A;N/A;N/A;N/A;N/A;N/A;N/A;"1600 cc";N/A;6;N/A;N/A;Sí;Sí;N/A;N/A;N/A;N/A;N/A;N/A;N/A;N/A;N/A;N/A;N/A;N/A;N/A;N/A;N/A;N/A;N/A;N/A;N/A;Sí;N/A;Sí;N/A;N/A;N/A;N/A;N/A;N/A;N/A;N/A;N/A;N/A;Sí;N/A;N/A;N/A;N/A;N/A;N/A;N/A;N/A;N/A;N/A;N/A;N/A;N/A;N/A;N/A;"120 hp";Advance;N/A;N/A;N/A;"15 km/l";N/A;N/A;N/A;N/A;Sí;Sí;Sí;N/A;N/A;N/A;"12 km/l";N/A;N/A;N/A;N/A;N/A;"Lun. a Vie. de 9 a 18:30 hs. Sáb. de 10 a 13 hs.";4;1.6;Nafta;Manual;Sedán;"Autos y camionetas";Sí;N/A;N/A;N/A;Sí;N/A;N/A;Sí;Sí;Sí;No;N/A;N/A;N/A;N/A;N/A;N/A;N/A;N/A;N/A;N/A;N/A;N/A;N/A;Sí;N/A;N/A;N/A;N/A;N/A;N/A;N/A;N/A;N/A;N/A;N/A;N/A;N/A;N/A;N/A;N/A;N/A;N/A;Sí;N/A;N/A;N/A;N/A;N/A;N/A;N/A;N/A;N/A;N/A;N/A;N/A;N/A;N/A;N/A;N/A;N/A;Sí;No;N/A;N/A;N/A;N/A;N/A;N/A;N/A;N/A;N/A;N/A;N/A;N/A;N/A;N/A;N/A;N/A;N/A;N/A;N/A;N/A;N/A;N/A;N/A;N/A;N/A;N/A;N/A;N/A;N/A;Sí;N/A;N/A;N/A;Sí;Sí;Sí;Sí;Sí;Sí;Sí;N/A;Sí;Sí;N/A;N/A;N/A;N/A;Sí;Sí;Sí;N/A;Sí;Sí;Sí;N/A;N/A;Sí;N/A;Sí
Nissan;Kicks;Exclusive;2023;"0 km";;"NISSAN SANTAROSA";34990;;;;;Centro;https://auto.mercadolibre.com.uy/MLU-661858126-nissan-kicks-exclusive-16-2023-0km-_JM;N/A;;"Nissan Kicks Exclusive 1.6 2023 0km";USD;Sí;gold_premium;false;N/A;N/A;http://perfil.mercadolibre.com.uy/NISSAN+SANTAROSA;active;N/A;N/A;Nuevo;Negro;No;Eléctrica;N/A;N/A;Sí;Sí;N/A;Sí;N/A;Sí;Sí;Sí;N/A;Sí;Sí;Sí;N/A;N/A;N/A;N/A;N/A;N/A;N/A;N/A;N/A;N/A;N/A;N/A;N/A;"1598 cc";N/A;5;N/A;N/A;Sí;Sí;Sí;N/A;Sí;N/A;N/A;N/A;N/A;N/A;N/A;N/A;N/A;N/A;N/A;N/A;N/A;N/A;N/A;N/A;N/A;Sí;N/A;Sí;N/A;N/A;N/A;N/A;N/A;N/A;N/A;N/A;N/A;N/A;Sí;N/A;N/A;N/A;N/A;N/A;Sí;N/A;N/A;N/A;N/A;N/A;N/A;N/A;N/A;N/A;"118 hp";Exclusive;N/A;N/A;N/A;"15 km/l";N/A;N/A;Sí;Sí;Sí;Sí;Sí;Sí;N/A;N/A;"13 km/l";N/A;N/A;N/A;N/A;Sí;"Lun. a Vie. de 9 a 18:30 hs. Sáb. de 10 a 13 hs.";5;1.6;Nafta;Automática;SUV;"Autos y camionetas";Sí;No;No;N/A;Sí;No;N/A;Sí;Sí;Sí;No;No;No;No;No;No;No;No;No;No;No;N/A;No;No;N/A;No;No;No;No;No;No;No;N/A;No;No;N/A;No;No;No;No;No;No;No;Sí;No;No;No;No;No;No;No;No;No;N/A;No;No;No;N/A;N/A;No;No;Sí;No;N/A;N/A;No;No;No;No;No;N/A;No;No;No;No;No;No;No;No;No;No;No;N/A;No;No;No;No;No;No;No;No;N/A;N/A;No;No;N/A;Sí;Sí;Sí;Sí;Sí;Sí;Sí;N/A;Sí;Sí;N/A;N/A;N/A;N/A;Sí;Sí;N/A;N/A;Sí;Sí;Sí;N/A;N/A;Sí;N/A;Sí
Nissan;Kicks;"SENSE MANUAL";2024;"0 km";;"NISSAN SANTAROSA";28990;;;;;Centro;https://auto.mercadolibre.com.uy/MLU-661743876-nissan-kicks-sense-manual-16-2024-0km-_JM;N/A;;"Nissan Kicks Sense Manual 1.6 2024 0km";usd;Sí;gold_premium;false;N/A;N/A;http://perfil.mercadolibre.com.uy/NISSAN+SANTAROSA;active;N/A;N/A;Nuevo;Naranja;N/A;Eléctrica;N/A;Sí;Sí;Sí;N/A;N/A;N/A;Sí;Sí;N/A;N/A;Sí;Sí;Sí;N/A;Sí;N/A;N/A;N/A;N/A;N/A;N/A;N/A;N/A;N/A;N/A;N/A;"1600 cc";N/A;5;N/A;N/A;Sí;Sí;N/A;N/A;N/A;N/A;N/A;N/A;N/A;N/A;N/A;N/A;N/A;N/A;N/A;N/A;N/A;N/A;N/A;N/A;N/A;Sí;N/A;Sí;N/A;N/A;N/A;N/A;N/A;N/A;N/A;N/A;N/A;N/A;Sí;N/A;N/A;N/A;N/A;N/A;N/A;N/A;N/A;N/A;N/A;N/A;N/A;N/A;N/A;N/A;"118 hp";Sense;N/A;N/A;N/A;"15 km/l";N/A;N/A;N/A;Sí;N/A;Sí;Sí;Sí;N/A;N/A;"13 km/l";N/A;N/A;N/A;N/A;N/A;"Lun. a Vie. de 9 a 18:30 hs. Sáb. de 10 a 13 hs.";5;1.6;Nafta;Manual;SUV;"Autos y camionetas";Sí;N/A;N/A;N/A;Sí;N/A;UY;Sí;Sí;Sí;No;N/A;N/A;N/A;N/A;N/A;N/A;N/A;N/A;N/A;N/A;N/A;N/A;N/A;N/A;N/A;N/A;N/A;N/A;N/A;N/A;N/A;N/A;N/A;N/A;N/A;N/A;N/A;N/A;N/A;N/A;N/A;N/A;Sí;N/A;N/A;N/A;N/A;N/A;N/A;N/A;N/A;N/A;N/A;N/A;N/A;N/A;N/A;N/A;N/A;N/A;Sí;No;N/A;N/A;N/A;N/A;N/A;N/A;N/A;N/A;N/A;N/A;N/A;N/A;N/A;N/A;N/A;N/A;N/A;N/A;N/A;N/A;N/A;N/A;N/A;N/A;N/A;N/A;N/A;N/A;N/A;N/A;N/A;N/A;N/A;Sí;Sí;Sí;N/A;Sí;Sí;Sí;N/A;N/A;Sí;N/A;N/A;N/A;N/A;N/A;Sí;N/A;N/A;Sí;N/A;Sí;N/A;N/A;N/A;N/A;N/A
Nissan;Kicks;Exclusive;2023;"0 km";;"NISSAN SANTAROSA";34990;;;;;Centro;https://auto.mercadolibre.com.uy/MLU-661935666-nissan-kicks-exclusive-16-2023-0km-_JM;N/A;;"Nissan Kicks Exclusive 1.6 2023 0km";USD;Sí;gold_premium;false;N/A;N/A;http://perfil.mercadolibre.com.uy/NISSAN+SANTAROSA;active;N/A;N/A;Nuevo;Azul;N/A;Eléctrica;N/A;N/A;Sí;Sí;Sí;N/A;N/A;Sí;Sí;Sí;N/A;Sí;Sí;Sí;N/A;Sí;N/A;N/A;N/A;N/A;N/A;N/A;N/A;N/A;N/A;N/A;N/A;"1600 cc";N/A;N/A;N/A;N/A;Sí;Sí;Sí;N/A;Sí;N/A;N/A;N/A;N/A;N/A;N/A;N/A;N/A;N/A;N/A;N/A;N/A;N/A;N/A;Sí;N/A;Sí;N/A;Sí;N/A;Sí;N/A;N/A;N/A;N/A;N/A;N/A;N/A;N/A;Sí;N/A;N/A;N/A;N/A;N/A;Sí;N/A;N/A;N/A;N/A;N/A;N/A;N/A;N/A;N/A;"120 hp";Exclusive;N/A;N/A;N/A;"13 km/l";N/A;N/A;Sí;Sí;Sí;Sí;Sí;Sí;N/A;N/A;"15 km/l";N/A;N/A;N/A;N/A;N/A;"Lun. a Vie. de 9 a 18:30 hs. Sáb. de 10 a 13 hs.";5;1.6;Nafta;Automática;SUV;"Autos y camionetas";Sí;N/A;N/A;N/A;Sí;N/A;N/A;Sí;Sí;Sí;No;N/A;N/A;N/A;N/A;N/A;N/A;N/A;N/A;N/A;N/A;N/A;N/A;N/A;N/A;N/A;N/A;N/A;N/A;N/A;N/A;N/A;N/A;N/A;N/A;N/A;N/A;N/A;N/A;N/A;N/A;N/A;N/A;Sí;N/A;N/A;N/A;N/A;N/A;N/A;N/A;N/A;N/A;N/A;N/A;N/A;N/A;N/A;N/A;N/A;N/A;Sí;No;N/A;N/A;N/A;N/A;N/A;N/A;N/A;N/A;N/A;N/A;N/A;N/A;N/A;N/A;N/A;N/A;N/A;N/A;N/A;N/A;N/A;N/A;N/A;N/A;N/A;N/A;N/A;N/A;N/A;N/A;N/A;N/A;N/A;Sí;Sí;Sí;Sí;Sí;Sí;Sí;N/A;Sí;Sí;N/A;N/A;N/A;N/A;Sí;Sí;Sí;N/A;Sí;Sí;Sí;N/A;N/A;Sí;N/A;Sí
Nissan;Frontier;"PRO - 4  4 X 4 DIESEL AUTOMATICA";2023;"0 km";;"NISSAN SANTAROSA";56998;;;;;Centro;https://auto.mercadolibre.com.uy/MLU-661743892-nissan-frontier-pro-4-4-x-4-diesel-automatica-25-2023-0km-_JM;N/A;;"Nissan Frontier Pro - 4 4 X 4 Diesel Automatica 2.5 2023 0km";USD;Sí;gold_premium;false;N/A;N/A;http://perfil.mercadolibre.com.uy/NISSAN+SANTAROSA;active;N/A;N/A;Nuevo;"Gris oscuro";No;Asistida;N/A;Sí;Sí;Sí;Sí;N/A;N/A;Sí;Sí;N/A;N/A;N/A;N/A;Sí;N/A;N/A;N/A;N/A;N/A;N/A;N/A;N/A;N/A;N/A;N/A;N/A;N/A;"2500 cc";N/A;7;N/A;N/A;Sí;Sí;N/A;N/A;N/A;N/A;N/A;N/A;N/A;N/A;N/A;N/A;N/A;N/A;N/A;N/A;N/A;N/A;N/A;N/A;N/A;N/A;N/A;Sí;N/A;N/A;No;N/A;No;N/A;N/A;N/A;N/A;N/A;N/A;N/A;N/A;N/A;N/A;N/A;Sí;No;N/A;N/A;N/A;N/A;N/A;N/A;N/A;N/A;"180 hp";N/A;N/A;N/A;N/A;"10 km/l";N/A;N/A;Sí;N/A;N/A;Sí;Sí;N/A;N/A;N/A;"12 km/l";N/A;N/A;N/A;N/A;N/A;"Lun. a Vie. de 9 a 18:30 hs. Sáb. de 10 a 13 hs.";4;2.5;Diésel;Automática;Pick-Up;"Autos y camionetas";Sí;No;No;N/A;Sí;No;N/A;Sí;Sí;Sí;No;No;No;No;No;No;No;No;No;No;No;N/A;No;No;N/A;No;No;No;No;No;No;No;N/A;No;No;N/A;No;No;No;No;No;No;No;Sí;No;No;No;No;No;No;No;No;No;N/A;No;No;No;N/A;N/A;No;No;Sí;No;N/A;N/A;No;No;No;No;No;N/A;No;No;No;No;No;No;No;No;No;No;No;N/A;No;No;No;No;No;No;No;No;N/A;N/A;No;No;N/A;Sí;Sí;Sí;Sí;Sí;Sí;Sí;N/A;N/A;Sí;N/A;N/A;N/A;N/A;Sí;Sí;Sí;N/A;Sí;N/A;Sí;Sí;N/A;Sí;N/A;Sí
Nissan;Versa;"ADVANCE TM FASE II";2023;"0 km";;"NISSAN CAR_ONE";27490;;;;;"Ciudad de la Costa";https://auto.mercadolibre.com.uy/MLU-661871242-nissan-versa-advance-tm-fase-ii-16-2023-0km-_JM;N/A;;"Nissan Versa Advance Tm Fase Ii 1.6 2023 0km";usd;Sí;gold_premium;false;N/A;N/A;http://perfil.mercadolibre.com.uy/NISSAN+CAR_ONE;active;N/A;N/A;Nuevo;"Gris oscuro";N/A;Hidráulica;N/A;Sí;Sí;Sí;N/A;N/A;N/A;Sí;Sí;N/A;N/A;Sí;Sí;Sí;N/A;Sí;N/A;N/A;N/A;N/A;N/A;N/A;N/A;N/A;N/A;N/A;N/A;"1600 cc";N/A;5;N/A;N/A;Sí;Sí;Sí;N/A;N/A;N/A;N/A;N/A;N/A;N/A;N/A;N/A;N/A;N/A;N/A;N/A;N/A;N/A;N/A;N/A;N/A;Sí;N/A;Sí;N/A;Sí;N/A;N/A;N/A;N/A;N/A;N/A;N/A;N/A;Sí;N/A;N/A;N/A;N/A;N/A;N/A;N/A;N/A;N/A;N/A;N/A;N/A;N/A;N/A;N/A;"120 hp";Advance;N/A;N/A;N/A;"12 km/l";N/A;N/A;N/A;N/A;Sí;Sí;Sí;Sí;N/A;N/A;"15 km/l";N/A;N/A;N/A;N/A;Sí;"Lunes a Domingos de 10 a 20 hs";4;1.6;Nafta;Manual;Sedán;"Autos y camionetas";Sí;N/A;N/A;N/A;Sí;N/A;UY;Sí;Sí;Sí;No;N/A;N/A;N/A;N/A;N/A;N/A;N/A;N/A;N/A;N/A;N/A;N/A;N/A;Sí;N/A;N/A;N/A;N/A;N/A;N/A;N/A;N/A;N/A;N/A;N/A;N/A;N/A;N/A;N/A;N/A;N/A;N/A;Sí;N/A;N/A;N/A;N/A;N/A;N/A;N/A;N/A;N/A;N/A;N/A;N/A;N/A;N/A;N/A;N/A;N/A;Sí;No;N/A;N/A;N/A;N/A;N/A;N/A;N/A;N/A;N/A;N/A;N/A;N/A;N/A;N/A;N/A;N/A;N/A;N/A;N/A;N/A;N/A;N/A;N/A;N/A;N/A;N/A;N/A;N/A;N/A;Sí;N/A;N/A;N/A;Sí;Sí;Sí;Sí;Sí;Sí;Sí;N/A;Sí;Sí;N/A;N/A;N/A;N/A;Sí;Sí;Sí;N/A;Sí;Sí;Sí;N/A;N/A;Sí;N/A;Sí
Nissan;Frontier;Se;2023;"0 km";;"NISSAN SANTAROSA";26498;;;;;Centro;https://auto.mercadolibre.com.uy/MLU-661845178-nissan-frontier-se-25-2023-0km-_JM;N/A;;"Nissan Frontier Se 2.5 2023 0km";USD;Sí;gold_premium;false;N/A;N/A;http://perfil.mercadolibre.com.uy/NISSAN+SANTAROSA;active;N/A;N/A;Nuevo;Blanco;N/A;Eléctrica;N/A;Sí;Sí;Sí;N/A;N/A;N/A;Sí;Sí;N/A;N/A;Sí;N/A;Sí;N/A;N/A;N/A;N/A;N/A;N/A;N/A;N/A;N/A;N/A;N/A;N/A;N/A;"2500 cc";N/A;6;N/A;N/A;N/A;N/A;N/A;N/A;N/A;N/A;N/A;N/A;N/A;N/A;N/A;N/A;N/A;N/A;N/A;N/A;N/A;N/A;N/A;N/A;N/A;Sí;N/A;Sí;N/A;Sí;N/A;N/A;N/A;N/A;N/A;N/A;N/A;N/A;Sí;N/A;N/A;N/A;N/A;N/A;N/A;N/A;N/A;N/A;N/A;N/A;N/A;N/A;N/A;N/A;"146 hp";Se;N/A;N/A;N/A;"10 km/l";N/A;N/A;N/A;Sí;Sí;Sí;Sí;N/A;N/A;N/A;"8 km/l";N/A;N/A;N/A;Sí;N/A;"Lun. a Vie. de 9 a 18:30 hs. Sáb. de 10 a 13 hs.";5;2.5;Nafta;Manual;Pick-Up;"Autos y camionetas";Sí;N/A;N/A;N/A;Sí;N/A;N/A;Sí;Sí;Sí;No;N/A;N/A;N/A;N/A;N/A;N/A;N/A;N/A;N/A;N/A;N/A;N/A;N/A;N/A;N/A;N/A;N/A;N/A;N/A;N/A;N/A;N/A;N/A;N/A;N/A;N/A;N/A;N/A;N/A;N/A;N/A;N/A;Sí;N/A;N/A;N/A;N/A;N/A;N/A;N/A;N/A;N/A;N/A;N/A;N/A;N/A;N/A;N/A;N/A;N/A;Sí;No;N/A;N/A;N/A;N/A;N/A;N/A;N/A;N/A;N/A;N/A;N/A;N/A;N/A;N/A;N/A;N/A;N/A;N/A;N/A;N/A;N/A;N/A;N/A;N/A;N/A;N/A;N/A;N/A;N/A;N/A;N/A;N/A;N/A;Sí;N/A;Sí;Sí;Sí;Sí;Sí;N/A;N/A;Sí;N/A;N/A;N/A;N/A;Sí;Sí;Sí;N/A;Sí;Sí;Sí;N/A;N/A;Sí;N/A;Sí
Nissan;Sentra;"Advance Cvt";2023;"0 km";;"NISSAN CAR_ONE";34990;;;;;"Ciudad de la Costa";https://auto.mercadolibre.com.uy/MLU-661743856-nissan-sentra-advance-cvt-20-2023-0km-_JM;N/A;;"Nissan Sentra Advance Cvt 2.0 2023 0km";USD;Sí;gold_premium;false;N/A;N/A;http://perfil.mercadolibre.com.uy/NISSAN+CAR_ONE;active;N/A;N/A;Nuevo;N/A;N/A;Eléctrica;N/A;N/A;Sí;Sí;N/A;N/A;N/A;Sí;Sí;N/A;Sí;N/A;Sí;Sí;N/A;N/A;N/A;N/A;N/A;N/A;N/A;N/A;N/A;N/A;N/A;N/A;N/A;"2000 cc";N/A;8;N/A;N/A;Sí;Sí;N/A;N/A;Sí;N/A;N/A;N/A;N/A;N/A;N/A;N/A;N/A;N/A;N/A;N/A;N/A;N/A;N/A;N/A;N/A;Sí;N/A;Sí;N/A;Sí;N/A;N/A;N/A;N/A;N/A;N/A;N/A;N/A;N/A;N/A;N/A;N/A;N/A;N/A;Sí;N/A;N/A;N/A;N/A;N/A;N/A;N/A;N/A;N/A;N/A;Advance;N/A;N/A;N/A;N/A;N/A;N/A;Sí;Sí;Sí;Sí;Sí;Sí;N/A;N/A;N/A;N/A;N/A;N/A;N/A;N/A;"Lunes a Domingos de 10 a 20 hs";5;2.0;Nafta;Automática;Sedán;"Autos y camionetas";Sí;N/A;N/A;N/A;Sí;N/A;N/A;Sí;Sí;Sí;No;N/A;N/A;N/A;N/A;N/A;N/A;N/A;N/A;N/A;N/A;N/A;N/A;N/A;Sí;N/A;N/A;N/A;N/A;N/A;N/A;N/A;N/A;N/A;N/A;Sí;N/A;N/A;N/A;N/A;N/A;N/A;N/A;Sí;N/A;N/A;N/A;N/A;N/A;N/A;N/A;N/A;N/A;Sí;N/A;N/A;N/A;Sí;Sí;N/A;N/A;Sí;No;N/A;N/A;N/A;N/A;N/A;N/A;N/A;N/A;N/A;N/A;N/A;N/A;N/A;N/A;N/A;N/A;N/A;N/A;N/A;N/A;N/A;N/A;N/A;N/A;N/A;N/A;N/A;N/A;N/A;Sí;N/A;N/A;N/A;Sí;Sí;Sí;Sí;Sí;N/A;N/A;N/A;N/A;Sí;N/A;N/A;N/A;N/A;Sí;Sí;Sí;N/A;Sí;Sí;Sí;Sí;N/A;N/A;N/A;Sí
Nissan;Sentra;"Advance Cvt";2023;"0 km";;"NISSAN SANTAROSA";34990;;;;;Centro;https://auto.mercadolibre.com.uy/MLU-661845188-nissan-sentra-advance-cvt-20-2023-0km-_JM;N/A;;"Nissan Sentra Advance Cvt 2.0 2023 0km";USD;Sí;gold_premium;false;N/A;N/A;http://perfil.mercadolibre.com.uy/NISSAN+SANTAROSA;active;N/A;N/A;Nuevo;Naranja;N/A;Eléctrica;N/A;N/A;Sí;Sí;Sí;N/A;N/A;Sí;Sí;Sí;Sí;Sí;Sí;Sí;N/A;Sí;N/A;N/A;N/A;N/A;N/A;N/A;N/A;N/A;N/A;N/A;N/A;"2000 cc";N/A;6;N/A;N/A;Sí;Sí;Sí;N/A;Sí;N/A;N/A;N/A;N/A;N/A;N/A;N/A;N/A;N/A;N/A;N/A;N/A;N/A;N/A;Sí;N/A;Sí;N/A;Sí;N/A;Sí;N/A;N/A;N/A;N/A;N/A;N/A;N/A;N/A;Sí;N/A;N/A;N/A;N/A;N/A;Sí;N/A;N/A;N/A;N/A;N/A;N/A;N/A;N/A;N/A;"146 hp";Advance;N/A;N/A;N/A;"10 km/l";N/A;N/A;Sí;Sí;Sí;Sí;Sí;Sí;N/A;N/A;"12 km/l";N/A;N/A;N/A;N/A;N/A;"Lun. a Vie. de 9 a 18:30 hs. Sáb. de 10 a 13 hs.";5;2.0;Nafta;Automática;Sedán;"Autos y camionetas";Sí;N/A;N/A;N/A;Sí;N/A;N/A;Sí;Sí;Sí;No;N/A;N/A;N/A;N/A;N/A;N/A;N/A;N/A;N/A;N/A;N/A;N/A;N/A;N/A;N/A;N/A;N/A;N/A;N/A;N/A;N/A;N/A;N/A;N/A;N/A;N/A;N/A;N/A;N/A;N/A;N/A;N/A;Sí;N/A;N/A;N/A;N/A;N/A;N/A;N/A;N/A;N/A;N/A;N/A;N/A;N/A;N/A;N/A;N/A;N/A;Sí;No;N/A;N/A;N/A;N/A;N/A;N/A;N/A;N/A;N/A;N/A;N/A;N/A;N/A;N/A;N/A;N/A;N/A;N/A;N/A;N/A;N/A;N/A;N/A;N/A;N/A;N/A;N/A;N/A;N/A;N/A;N/A;N/A;N/A;Sí;N/A;Sí;Sí;Sí;Sí;Sí;N/A;Sí;Sí;Sí;N/A;N/A;N/A;Sí;Sí;Sí;N/A;Sí;Sí;Sí;N/A;N/A;Sí;N/A;Sí
Nissan;Tiida;"1.8 Emotion Mt";2010;"160000 km";;"GL MOTORS.AUTOMOTORA";9500;;;;;"Brazo Oriental";https://auto.mercadolibre.com.uy/MLU-635234469-nissan-tiida-sedan-gl-motors-financiamos-100-en-pesos-_JM;N/A;;"Nissan Tiida Sedan ((gl Motors)) Financiamos 100% En Pesos ";usd;Sí;gold_premium;false;N/A;N/A;http://perfil.mercadolibre.com.uy/GL+MOTORS.AUTOMOTORA;active;N/A;N/A;Usado;Plateado;N/A;Hidráulica;Delantera;Sí;N/A;N/A;N/A;N/A;N/A;N/A;N/A;N/A;N/A;N/A;N/A;N/A;N/A;N/A;N/A;N/A;N/A;N/A;N/A;N/A;N/A;N/A;N/A;N/A;"2600 mm";"1.8 L";"52.4 L";N/A;N/A;N/A;N/A;N/A;N/A;N/A;N/A;N/A;N/A;N/A;N/A;N/A;N/A;N/A;N/A;N/A;N/A;N/A;N/A;N/A;N/A;N/A;N/A;N/A;N/A;N/A;N/A;N/A;N/A;N/A;N/A;N/A;N/A;N/A;N/A;N/A;N/A;N/A;N/A;N/A;N/A;N/A;N/A;N/A;N/A;"1548 mm";"4297 mm";N/A;N/A;N/A;N/A;N/A;N/A;Emotion;N/A;N/A;"1695 mm";N/A;N/A;N/A;N/A;N/A;N/A;N/A;N/A;N/A;N/A;N/A;N/A;N/A;N/A;N/A;N/A;N/A;N/A;5;1.8;Nafta;Manual;Hatchback;"Autos y camionetas";N/A;N/A;N/A;N/A;N/A;N/A;UY;N/A;N/A;N/A;N/A;N/A;N/A;N/A;N/A;N/A;N/A;N/A;N/A;N/A;N/A;N/A;N/A;N/A;N/A;N/A;N/A;N/A;N/A;N/A;N/A;N/A;N/A;N/A;N/A;N/A;N/A;N/A;N/A;N/A;N/A;N/A;N/A;N/A;N/A;N/A;N/A;N/A;N/A;N/A;N/A;N/A;N/A;N/A;N/A;N/A;N/A;N/A;N/A;N/A;N/A;N/A;N/A;N/A;N/A;N/A;N/A;N/A;N/A;N/A;N/A;N/A;N/A;N/A;N/A;N/A;N/A;N/A;N/A;N/A;N/A;N/A;N/A;N/A;N/A;N/A;N/A;N/A;N/A;N/A;N/A;N/A;N/A;N/A;N/A;N/A;Sí;N/A;N/A;N/A;N/A;N/A;N/A;N/A;N/A;N/A;N/A;N/A;N/A;N/A;N/A;N/A;N/A;N/A;Sí;N/A;N/A;N/A;N/A;N/A;N/A;N/A
Nissan;X-Trail;"2.5 Exclusive 3 Row Mt";2015;"199000 km";;"VIDESOL S.A.";22300;;;;;"Colonia del Sacramento";https://auto.mercadolibre.com.uy/MLU-666007868-nissan-x-trail-2015-25-exclusive-3-row-mt-_JM;N/A;;"Nissan X-trail 2015 2.5 Exclusive 3 Row Mt";usd;Sí;gold_premium;false;N/A;N/A;http://perfil.mercadolibre.com.uy/VIDESOL+S.A.;active;N/A;N/A;Usado;N/A;N/A;Hidráulica;4x4;Sí;N/A;N/A;N/A;N/A;N/A;N/A;N/A;N/A;N/A;N/A;N/A;N/A;N/A;N/A;N/A;N/A;N/A;N/A;N/A;N/A;N/A;N/A;N/A;N/A;"2706 mm";"2.5 L";"55 L";N/A;N/A;N/A;N/A;N/A;N/A;N/A;N/A;N/A;N/A;N/A;N/A;N/A;N/A;N/A;N/A;N/A;N/A;N/A;N/A;N/A;N/A;N/A;N/A;N/A;N/A;N/A;N/A;N/A;N/A;N/A;N/A;N/A;N/A;N/A;N/A;N/A;N/A;N/A;N/A;N/A;N/A;N/A;N/A;N/A;N/A;"1685 mm";"4630 mm";N/A;N/A;N/A;N/A;5;N/A;Exclusive;N/A;N/A;"1840 mm";N/A;N/A;N/A;N/A;N/A;N/A;N/A;N/A;N/A;N/A;N/A;N/A;N/A;N/A;N/A;N/A;N/A;N/A;5;2.5;Nafta;Manual;SUV;"Autos y camionetas";N/A;N/A;N/A;N/A;N/A;N/A;UY;N/A;N/A;N/A;N/A;N/A;N/A;N/A;N/A;N/A;N/A;N/A;N/A;N/A;N/A;N/A;N/A;N/A;N/A;N/A;N/A;N/A;N/A;N/A;N/A;N/A;N/A;N/A;N/A;N/A;N/A;N/A;N/A;N/A;N/A;N/A;N/A;N/A;N/A;N/A;N/A;N/A;N/A;N/A;N/A;N/A;N/A;N/A;N/A;N/A;N/A;N/A;N/A;N/A;N/A;N/A;N/A;N/A;N/A;N/A;N/A;N/A;N/A;N/A;N/A;N/A;N/A;N/A;N/A;N/A;N/A;N/A;N/A;N/A;N/A;N/A;N/A;N/A;N/A;N/A;N/A;N/A;N/A;N/A;N/A;N/A;N/A;N/A;N/A;N/A;Sí;N/A;N/A;N/A;N/A;N/A;N/A;N/A;N/A;N/A;N/A;N/A;N/A;N/A;N/A;N/A;N/A;N/A;Sí;N/A;N/A;N/A;N/A;N/A;N/A;N/A
Nissan;Versa;"1.6 Drive";2018;"142000 km";;"VIDESOL S.A.";13700;;;;;"Colonia del Sacramento";https://auto.mercadolibre.com.uy/MLU-665994318-nissan-versa-2018-16-drive-_JM;N/A;;"Nissan Versa 2018 1.6 Drive";usd;Sí;gold_premium;false;N/A;N/A;http://perfil.mercadolibre.com.uy/VIDESOL+S.A.;active;N/A;N/A;Usado;N/A;N/A;Hidráulica;Delantera;Sí;N/A;N/A;N/A;N/A;N/A;N/A;N/A;N/A;N/A;N/A;N/A;N/A;N/A;N/A;N/A;N/A;N/A;N/A;N/A;N/A;N/A;N/A;N/A;N/A;"2600 mm";"1.6 L";"41 L";5;N/A;N/A;N/A;N/A;N/A;N/A;N/A;N/A;N/A;N/A;N/A;N/A;N/A;N/A;N/A;N/A;N/A;N/A;N/A;N/A;N/A;N/A;N/A;N/A;N/A;N/A;N/A;N/A;N/A;N/A;N/A;N/A;N/A;N/A;N/A;N/A;N/A;N/A;N/A;N/A;N/A;N/A;N/A;N/A;N/A;"1506 mm";"4492 mm";N/A;N/A;N/A;N/A;5;"106 hp";Drive;N/A;4;"1695 mm";N/A;N/A;N/A;N/A;N/A;N/A;N/A;Sí;N/A;N/A;N/A;N/A;N/A;N/A;N/A;N/A;N/A;N/A;4;1.6;Nafta;Manual;Sedán;"Autos y camionetas";N/A;N/A;N/A;N/A;N/A;N/A;UY;N/A;N/A;N/A;N/A;N/A;N/A;N/A;N/A;N/A;N/A;N/A;N/A;N/A;N/A;N/A;N/A;N/A;N/A;N/A;N/A;N/A;N/A;N/A;N/A;N/A;N/A;N/A;N/A;N/A;N/A;N/A;N/A;N/A;N/A;N/A;N/A;N/A;N/A;N/A;N/A;N/A;N/A;N/A;N/A;N/A;N/A;N/A;N/A;N/A;N/A;N/A;N/A;N/A;N/A;N/A;N/A;N/A;N/A;N/A;N/A;N/A;N/A;N/A;N/A;N/A;N/A;N/A;N/A;N/A;N/A;N/A;N/A;N/A;N/A;N/A;N/A;N/A;N/A;N/A;N/A;N/A;N/A;N/A;N/A;N/A;N/A;N/A;N/A;N/A;Sí;N/A;N/A;N/A;N/A;N/A;N/A;N/A;N/A;Sí;N/A;N/A;N/A;N/A;N/A;N/A;N/A;N/A;Sí;N/A;N/A;N/A;N/A;N/A;N/A;N/A
Nissan;Tiida;"1.8 Emotion At";2011;"156000 km";;CABRALFERNANDO20220601111907;11900;;;;;Carmelo;https://auto.mercadolibre.com.uy/MLU-635259705-nissan-tiida-2011-18-emotion-at-_JM;N/A;;"Nissan Tiida 2011 1.8 Emotion At";usd;Sí;gold_premium;false;N/A;N/A;http://perfil.mercadolibre.com.uy/CABRALFERNANDO20220601111907;active;N/A;N/A;Usado;N/A;N/A;Hidráulica;Delantera;Sí;N/A;N/A;N/A;N/A;N/A;N/A;N/A;N/A;N/A;N/A;N/A;N/A;N/A;N/A;N/A;N/A;N/A;N/A;N/A;N/A;N/A;N/A;N/A;N/A;"2600 mm";"1.8 L";"52 L";N/A;N/A;N/A;N/A;N/A;N/A;N/A;N/A;N/A;N/A;N/A;N/A;N/A;N/A;N/A;N/A;N/A;N/A;N/A;N/A;N/A;N/A;N/A;N/A;N/A;N/A;N/A;N/A;N/A;N/A;N/A;N/A;N/A;N/A;N/A;N/A;N/A;N/A;N/A;N/A;N/A;N/A;N/A;N/A;N/A;N/A;"1548 mm";"4297 mm";N/A;N/A;N/A;N/A;N/A;N/A;Emotion;N/A;N/A;"1695 mm";N/A;N/A;N/A;N/A;N/A;N/A;N/A;N/A;N/A;N/A;N/A;N/A;N/A;N/A;N/A;N/A;N/A;N/A;5;1.8;Nafta;Automática;Hatchback;"Autos y camionetas";N/A;N/A;N/A;N/A;N/A;N/A;UY;N/A;N/A;N/A;N/A;N/A;N/A;N/A;N/A;N/A;N/A;N/A;N/A;N/A;N/A;N/A;N/A;N/A;N/A;N/A;N/A;N/A;N/A;N/A;N/A;N/A;N/A;N/A;N/A;N/A;N/A;N/A;N/A;N/A;N/A;N/A;N/A;N/A;N/A;N/A;N/A;N/A;N/A;N/A;N/A;N/A;N/A;N/A;N/A;N/A;N/A;N/A;N/A;N/A;N/A;N/A;N/A;N/A;N/A;N/A;N/A;N/A;N/A;N/A;N/A;N/A;N/A;N/A;N/A;N/A;N/A;N/A;N/A;N/A;N/A;N/A;N/A;N/A;N/A;N/A;N/A;N/A;N/A;N/A;N/A;N/A;N/A;N/A;N/A;N/A;Sí;N/A;N/A;N/A;N/A;N/A;N/A;N/A;N/A;N/A;N/A;N/A;N/A;N/A;N/A;N/A;N/A;N/A;Sí;N/A;N/A;N/A;N/A;N/A;N/A;N/A
Nissan;"NP300 Frontier";"2.5 Se Tdsl 188hp D.cab. 4x4";2021;"90000 km";;LATORREWILSON40;35900;;;;;Trinidad;https://auto.mercadolibre.com.uy/MLU-664165338-nissan-np300-frontier-2021-25-se-tdsl-188hp-dcab-4x4-_JM;N/A;;"Nissan Np300 Frontier 2021 2.5 Se Tdsl 188hp D.cab. 4x4";usd;Sí;gold_premium;false;N/A;N/A;http://perfil.mercadolibre.com.uy/LATORREWILSON40;active;N/A;N/A;Usado;N/A;N/A;Hidráulica;4x4;Sí;N/A;N/A;N/A;N/A;N/A;N/A;N/A;Sí;N/A;N/A;N/A;N/A;N/A;N/A;N/A;N/A;N/A;N/A;N/A;N/A;N/A;N/A;N/A;N/A;"3150 mm";"2.5 L";"80 L";7;N/A;N/A;N/A;N/A;N/A;N/A;N/A;N/A;N/A;N/A;N/A;N/A;N/A;N/A;N/A;N/A;N/A;N/A;N/A;N/A;N/A;N/A;N/A;N/A;N/A;N/A;N/A;N/A;N/A;N/A;N/A;N/A;N/A;Sí;Sí;Sí;N/A;N/A;N/A;N/A;N/A;N/A;N/A;N/A;N/A;"1860 mm";"5258 mm";N/A;N/A;N/A;N/A;N/A;"188 hp";Se;N/A;4;"1850 mm";N/A;N/A;N/A;N/A;N/A;N/A;N/A;N/A;N/A;N/A;N/A;N/A;N/A;N/A;N/A;N/A;N/A;N/A;2;2.5;Diésel;Manual;Pick-Up;"Autos y camionetas";N/A;N/A;N/A;N/A;N/A;N/A;UY;N/A;N/A;N/A;N/A;N/A;N/A;N/A;N/A;N/A;N/A;N/A;N/A;N/A;N/A;N/A;N/A;N/A;N/A;N/A;N/A;N/A;N/A;N/A;N/A;N/A;N/A;N/A;N/A;N/A;N/A;N/A;N/A;N/A;N/A;N/A;N/A;N/A;N/A;N/A;N/A;N/A;N/A;N/A;N/A;N/A;N/A;N/A;N/A;N/A;N/A;N/A;N/A;N/A;N/A;N/A;N/A;N/A;N/A;N/A;N/A;N/A;N/A;N/A;N/A;N/A;N/A;N/A;N/A;N/A;N/A;N/A;N/A;N/A;N/A;N/A;N/A;N/A;N/A;N/A;N/A;N/A;N/A;N/A;N/A;N/A;N/A;N/A;N/A;N/A;Sí;N/A;Sí;N/A;N/A;N/A;N/A;Sí;N/A;Sí;N/A;N/A;N/A;N/A;N/A;Sí;Sí;N/A;Sí;N/A;N/A;N/A;N/A;Sí;N/A;Sí
Nissan;Kicks;"Exclusive 1.6 AT";2024;"6500 km";;PIAL5557863;31000;;;;;Pando;https://auto.mercadolibre.com.uy/MLU-663742032-nissan-kicks-exclusive-16-at-_JM;N/A;;"Nissan Kicks Exclusive 1.6 At";USD;Sí;gold_premium;false;N/A;N/A;http://perfil.mercadolibre.com.uy/PIAL5557863;active;N/A;N/A;Usado;N/A;N/A;N/A;N/A;N/A;N/A;N/A;N/A;N/A;N/A;N/A;N/A;N/A;N/A;N/A;N/A;N/A;N/A;N/A;N/A;N/A;N/A;N/A;N/A;N/A;N/A;N/A;N/A;N/A;N/A;N/A;N/A;N/A;N/A;N/A;N/A;N/A;N/A;N/A;N/A;N/A;N/A;N/A;N/A;N/A;N/A;N/A;N/A;N/A;N/A;N/A;N/A;N/A;N/A;N/A;N/A;N/A;N/A;N/A;N/A;N/A;N/A;N/A;N/A;N/A;N/A;N/A;N/A;N/A;N/A;N/A;N/A;N/A;N/A;N/A;N/A;N/A;N/A;N/A;N/A;N/A;N/A;N/A;N/A;N/A;N/A;N/A;N/A;N/A;N/A;N/A;N/A;N/A;N/A;N/A;N/A;N/A;N/A;N/A;N/A;N/A;N/A;N/A;N/A;N/A;N/A;N/A;N/A;5;N/A;Nafta;N/A;N/A;"Autos y camionetas";N/A;N/A;N/A;N/A;N/A;N/A;N/A;N/A;N/A;N/A;N/A;N/A;N/A;N/A;N/A;N/A;N/A;N/A;N/A;N/A;N/A;N/A;N/A;N/A;N/A;N/A;N/A;N/A;N/A;N/A;N/A;N/A;N/A;N/A;N/A;N/A;N/A;N/A;N/A;N/A;N/A;N/A;N/A;N/A;N/A;N/A;N/A;N/A;N/A;N/A;N/A;N/A;N/A;N/A;N/A;N/A;N/A;N/A;N/A;N/A;N/A;N/A;N/A;N/A;N/A;N/A;N/A;N/A;N/A;N/A;N/A;N/A;N/A;N/A;N/A;N/A;N/A;N/A;N/A;N/A;N/A;N/A;N/A;N/A;N/A;N/A;N/A;N/A;N/A;N/A;N/A;N/A;N/A;N/A;N/A;N/A;N/A;N/A;N/A;N/A;N/A;N/A;N/A;N/A;N/A;N/A;N/A;N/A;N/A;N/A;N/A;N/A;N/A;N/A;N/A;N/A;N/A;N/A;N/A;N/A;N/A;N/A
Nissan;March;"1.6 Advance Mt";2012;"164000 km";;ARRETCHECOELHO;9500;;;;;Cordón;https://auto.mercadolibre.com.uy/MLU-666169500-nissan-march-2012-16-advance-mt-_JM;N/A;;"Nissan March 2012 1.6 Advance Mt";usd;Sí;gold_premium;false;N/A;N/A;http://perfil.mercadolibre.com.uy/ARRETCHECOELHO;active;N/A;N/A;Usado;N/A;N/A;Hidráulica;Delantera;Sí;N/A;N/A;N/A;N/A;N/A;N/A;N/A;N/A;N/A;N/A;N/A;N/A;N/A;N/A;N/A;N/A;N/A;N/A;N/A;N/A;N/A;N/A;N/A;N/A;"2450 mm";"1.6 L";"41 L";N/A;N/A;N/A;N/A;N/A;N/A;N/A;N/A;N/A;N/A;N/A;N/A;N/A;N/A;N/A;N/A;N/A;N/A;N/A;N/A;N/A;N/A;N/A;N/A;N/A;N/A;N/A;N/A;N/A;N/A;N/A;N/A;N/A;N/A;N/A;N/A;N/A;N/A;N/A;N/A;N/A;N/A;N/A;N/A;N/A;N/A;"1528 mm";"3780 mm";N/A;N/A;N/A;N/A;5;"109 hp";Advance;N/A;N/A;"1665 mm";N/A;N/A;N/A;N/A;N/A;N/A;N/A;N/A;N/A;N/A;N/A;N/A;N/A;N/A;N/A;N/A;N/A;N/A;5;1.6;Nafta;Manual;Hatchback;"Autos y camionetas";N/A;N/A;N/A;N/A;N/A;N/A;UY;N/A;N/A;N/A;N/A;N/A;N/A;N/A;N/A;N/A;N/A;N/A;N/A;N/A;N/A;N/A;N/A;N/A;N/A;N/A;N/A;N/A;N/A;N/A;N/A;N/A;N/A;N/A;N/A;N/A;N/A;N/A;N/A;N/A;N/A;N/A;N/A;N/A;N/A;N/A;N/A;N/A;N/A;N/A;N/A;N/A;N/A;N/A;N/A;N/A;N/A;N/A;N/A;N/A;N/A;N/A;N/A;N/A;N/A;N/A;N/A;N/A;N/A;N/A;N/A;N/A;N/A;N/A;N/A;N/A;N/A;N/A;N/A;N/A;N/A;N/A;N/A;N/A;N/A;N/A;N/A;N/A;N/A;N/A;N/A;N/A;N/A;N/A;N/A;N/A;Sí;N/A;N/A;N/A;N/A;N/A;N/A;N/A;N/A;N/A;N/A;N/A;N/A;N/A;N/A;N/A;N/A;N/A;Sí;N/A;N/A;N/A;N/A;N/A;N/A;N/A
Nissan;Note;"1.6 Advance Mt";2018;"126000 km";;"VIDESOL S.A.";13650;;;;;"Colonia del Sacramento";https://auto.mercadolibre.com.uy/MLU-662737288-nissan-note-2018-16-advance-mt-_JM;N/A;;"Nissan Note 2018 1.6 Advance Mt";usd;Sí;gold_premium;false;N/A;N/A;http://perfil.mercadolibre.com.uy/VIDESOL+S.A.;active;N/A;N/A;Usado;N/A;N/A;Hidráulica;Delantera;Sí;N/A;N/A;N/A;N/A;N/A;N/A;N/A;N/A;N/A;N/A;N/A;N/A;N/A;N/A;N/A;N/A;N/A;N/A;N/A;N/A;N/A;N/A;N/A;N/A;"2600 mm";"1.6 L";"41 L";5;N/A;N/A;N/A;N/A;N/A;N/A;N/A;N/A;N/A;N/A;N/A;N/A;N/A;N/A;N/A;N/A;N/A;N/A;N/A;N/A;N/A;N/A;N/A;N/A;N/A;N/A;N/A;N/A;N/A;N/A;N/A;N/A;N/A;Sí;Sí;N/A;N/A;N/A;N/A;N/A;N/A;N/A;N/A;N/A;N/A;"1535 mm";"4150 mm";N/A;N/A;N/A;N/A;5;"109 hp";Advance;N/A;2;N/A;N/A;N/A;N/A;N/A;N/A;N/A;N/A;Sí;N/A;N/A;N/A;N/A;N/A;N/A;N/A;N/A;N/A;N/A;5;1.6;Nafta;Manual;Hatchback;"Autos y camionetas";N/A;N/A;N/A;N/A;N/A;N/A;UY;N/A;N/A;N/A;N/A;N/A;N/A;N/A;N/A;N/A;N/A;N/A;N/A;N/A;N/A;N/A;N/A;N/A;N/A;N/A;N/A;N/A;N/A;N/A;N/A;N/A;N/A;N/A;N/A;N/A;N/A;N/A;N/A;N/A;N/A;N/A;N/A;N/A;N/A;N/A;N/A;N/A;N/A;N/A;N/A;N/A;N/A;N/A;N/A;N/A;N/A;N/A;N/A;N/A;N/A;N/A;N/A;N/A;N/A;N/A;N/A;N/A;N/A;N/A;N/A;N/A;N/A;N/A;N/A;N/A;N/A;N/A;N/A;N/A;N/A;N/A;N/A;N/A;N/A;N/A;N/A;N/A;N/A;N/A;N/A;N/A;N/A;N/A;N/A;N/A;Sí;N/A;Sí;N/A;N/A;N/A;N/A;N/A;N/A;Sí;N/A;N/A;N/A;N/A;N/A;N/A;Sí;N/A;Sí;N/A;N/A;N/A;N/A;Sí;N/A;N/A
Nissan;Sentra;-;2022;"71800 km";;"AUTOLAND VW";26900;;;;;Canelones;https://auto.mercadolibre.com.uy/MLU-660427846-nissan-sentra-20-2022-impecable-autoland-_JM;N/A;;"Nissan Sentra 2.0 2022 Impecable! - Autoland";USD;Sí;gold_premium;false;N/A;N/A;http://perfil.mercadolibre.com.uy/AUTOLAND+VW;active;N/A;N/A;Usado;Plateado;Sí;Asistida;N/A;N/A;Sí;Sí;Sí;N/A;N/A;Sí;Sí;Sí;Sí;N/A;Sí;Sí;N/A;Sí;N/A;N/A;N/A;N/A;N/A;N/A;N/A;N/A;N/A;N/A;N/A;"2000 cc";N/A;6;N/A;N/A;Sí;Sí;N/A;Sí;N/A;N/A;N/A;N/A;N/A;N/A;N/A;N/A;N/A;N/A;N/A;N/A;N/A;N/A;N/A;N/A;N/A;Sí;N/A;Sí;N/A;N/A;N/A;N/A;N/A;N/A;N/A;N/A;N/A;N/A;Sí;N/A;N/A;N/A;N/A;N/A;Sí;N/A;N/A;N/A;N/A;N/A;N/A;N/A;N/A;N/A;N/A;N/A;N/A;N/A;N/A;N/A;N/A;N/A;Sí;Sí;Sí;Sí;Sí;N/A;Sí;N/A;N/A;N/A;N/A;N/A;N/A;N/A;"Lun. a Vie. de 9 a 18 hs";4;2.0;Nafta;Automática;Sedán;"Autos y camionetas";No;N/A;N/A;N/A;No;N/A;N/A;No;Sí;No;No;N/A;N/A;N/A;N/A;N/A;N/A;N/A;N/A;N/A;N/A;N/A;N/A;N/A;Sí;N/A;N/A;N/A;N/A;N/A;N/A;N/A;N/A;N/A;N/A;N/A;N/A;N/A;N/A;N/A;N/A;N/A;N/A;N/A;N/A;N/A;N/A;N/A;N/A;N/A;N/A;N/A;N/A;N/A;N/A;N/A;N/A;Sí;N/A;N/A;N/A;N/A;No;N/A;N/A;N/A;N/A;N/A;N/A;N/A;N/A;N/A;N/A;N/A;N/A;N/A;N/A;N/A;N/A;N/A;N/A;N/A;N/A;N/A;N/A;N/A;N/A;N/A;N/A;N/A;N/A;N/A;Sí;N/A;N/A;N/A;Sí;Sí;Sí;Sí;Sí;Sí;Sí;N/A;Sí;Sí;Sí;N/A;N/A;N/A;Sí;Sí;Sí;N/A;Sí;Sí;Sí;N/A;N/A;Sí;N/A;Sí
Nissan;Versa;Sense;2021;"108290 km";;"AUTOLAND VW";17900;;;;;Canelones;https://auto.mercadolibre.com.uy/MLU-659885998-nissan-versa-sense-16-2021-impecable-autoland-_JM;N/A;;"Nissan Versa Sense 1.6 2021 Impecable! - Autoland";USD;Sí;gold_premium;false;N/A;N/A;http://perfil.mercadolibre.com.uy/AUTOLAND+VW;active;N/A;N/A;Usado;Azul;Sí;Asistida;N/A;Sí;N/A;Sí;N/A;N/A;N/A;Sí;N/A;N/A;N/A;N/A;N/A;Sí;N/A;N/A;N/A;N/A;N/A;N/A;N/A;N/A;N/A;N/A;N/A;N/A;N/A;"1600 cc";N/A;5;N/A;N/A;N/A;N/A;N/A;N/A;N/A;N/A;N/A;N/A;N/A;N/A;N/A;N/A;N/A;N/A;N/A;N/A;N/A;N/A;N/A;N/A;N/A;N/A;N/A;Sí;N/A;N/A;N/A;N/A;N/A;N/A;N/A;N/A;N/A;N/A;N/A;N/A;N/A;N/A;N/A;N/A;Sí;N/A;N/A;N/A;N/A;N/A;N/A;N/A;N/A;N/A;N/A;Sense;N/A;N/A;N/A;N/A;N/A;N/A;N/A;Sí;N/A;Sí;Sí;N/A;N/A;N/A;N/A;N/A;N/A;N/A;N/A;N/A;"Lun. a Vie. de 9 a 18 hs";4;1.6;Nafta;Manual;Sedán;"Autos y camionetas";No;N/A;N/A;N/A;No;N/A;N/A;No;Sí;No;No;N/A;N/A;N/A;N/A;N/A;N/A;N/A;N/A;N/A;N/A;N/A;N/A;N/A;N/A;N/A;N/A;N/A;N/A;N/A;N/A;N/A;N/A;N/A;N/A;N/A;N/A;N/A;N/A;N/A;N/A;N/A;N/A;N/A;N/A;N/A;N/A;N/A;N/A;N/A;N/A;N/A;N/A;N/A;N/A;N/A;N/A;N/A;N/A;N/A;N/A;N/A;No;N/A;N/A;N/A;N/A;N/A;N/A;N/A;N/A;N/A;N/A;N/A;N/A;N/A;N/A;N/A;N/A;N/A;N/A;N/A;N/A;N/A;N/A;N/A;N/A;N/A;N/A;N/A;N/A;N/A;N/A;N/A;N/A;N/A;Sí;Sí;N/A;Sí;Sí;N/A;Sí;N/A;Sí;Sí;N/A;N/A;N/A;N/A;Sí;Sí;Sí;N/A;Sí;Sí;Sí;N/A;N/A;Sí;N/A;Sí
Nissan;Frontier;"np 300 dc 4x2";2020;"164163 km";;"AUTOLAND VW";32500;;;;;Canelones;https://auto.mercadolibre.com.uy/MLU-659350558-nissan-frontier-np-300-dc-4x2-25-2020-impecable-autoland-_JM;N/A;;"Nissan Frontier Np 300 Dc 4x2 2.5 2020 Impecable! - Autoland";USD;Sí;gold_premium;false;N/A;N/A;http://perfil.mercadolibre.com.uy/AUTOLAND+VW;active;N/A;N/A;Usado;Plateado;Sí;Asistida;N/A;Sí;Sí;Sí;N/A;N/A;N/A;Sí;Sí;N/A;N/A;N/A;Sí;Sí;N/A;N/A;N/A;N/A;N/A;N/A;N/A;N/A;N/A;N/A;N/A;N/A;N/A;"2500 cc";N/A;6;N/A;N/A;N/A;N/A;Sí;N/A;N/A;N/A;N/A;N/A;N/A;N/A;N/A;N/A;N/A;N/A;N/A;N/A;N/A;N/A;N/A;N/A;N/A;Sí;N/A;Sí;N/A;N/A;N/A;N/A;N/A;N/A;N/A;N/A;N/A;N/A;Sí;N/A;N/A;N/A;N/A;N/A;Sí;N/A;N/A;N/A;N/A;N/A;N/A;N/A;N/A;N/A;N/A;N/A;N/A;N/A;N/A;N/A;N/A;N/A;N/A;Sí;Sí;Sí;Sí;N/A;N/A;N/A;N/A;N/A;N/A;N/A;Sí;N/A;"Lun. a Vie. de 9 a 18 hs";4;2.5;Diésel;Manual;Pick-Up;"Autos y camionetas";No;N/A;N/A;N/A;No;N/A;N/A;No;Sí;No;No;N/A;N/A;N/A;N/A;N/A;N/A;N/A;N/A;N/A;N/A;N/A;N/A;N/A;Sí;N/A;N/A;N/A;N/A;N/A;N/A;N/A;N/A;N/A;N/A;N/A;N/A;N/A;N/A;N/A;N/A;N/A;N/A;N/A;N/A;N/A;N/A;N/A;N/A;N/A;N/A;N/A;N/A;N/A;N/A;N/A;N/A;N/A;N/A;N/A;N/A;N/A;No;N/A;N/A;N/A;N/A;N/A;N/A;N/A;N/A;N/A;N/A;N/A;N/A;N/A;N/A;N/A;N/A;N/A;N/A;N/A;N/A;N/A;N/A;N/A;N/A;N/A;N/A;N/A;N/A;N/A;Sí;N/A;N/A;N/A;Sí;Sí;Sí;N/A;Sí;Sí;Sí;N/A;Sí;Sí;N/A;N/A;N/A;N/A;N/A;Sí;Sí;N/A;Sí;Sí;Sí;N/A;N/A;Sí;N/A;Sí
Nissan;Qashqai;"2.0 Advance At";2019;"75000 km";;"VIDESOL S.A.";30100;;;;;"Colonia del Sacramento";https://auto.mercadolibre.com.uy/MLU-634013405-nissan-qashqai-2019-20-advance-at-_JM;N/A;;"Nissan Qashqai 2019 2.0 Advance At";usd;Sí;gold_premium;false;N/A;N/A;http://perfil.mercadolibre.com.uy/VIDESOL+S.A.;active;N/A;N/A;Usado;N/A;N/A;Hidráulica;Delantera;Sí;N/A;N/A;N/A;N/A;N/A;N/A;N/A;N/A;N/A;N/A;N/A;N/A;N/A;N/A;N/A;N/A;N/A;N/A;N/A;N/A;N/A;N/A;N/A;N/A;"2705 mm";"2 L";"60 L";N/A;N/A;N/A;N/A;N/A;N/A;N/A;N/A;N/A;N/A;N/A;N/A;N/A;N/A;N/A;N/A;N/A;N/A;N/A;N/A;N/A;N/A;N/A;N/A;N/A;N/A;N/A;N/A;N/A;N/A;N/A;N/A;N/A;N/A;Sí;Sí;Sí;N/A;Sí;N/A;N/A;N/A;N/A;N/A;N/A;N/A;"1740 mm";"4690 mm";N/A;N/A;N/A;N/A;5;"150 hp";Advance;N/A;4;"1820 mm";N/A;N/A;N/A;N/A;N/A;N/A;N/A;Sí;N/A;Sí;N/A;N/A;N/A;N/A;N/A;N/A;N/A;N/A;5;2.0;Nafta;Automática;SUV;"Autos y camionetas";N/A;N/A;N/A;N/A;N/A;N/A;UY;N/A;N/A;N/A;N/A;N/A;N/A;N/A;N/A;N/A;N/A;N/A;N/A;N/A;N/A;N/A;N/A;N/A;N/A;N/A;N/A;N/A;N/A;N/A;N/A;N/A;N/A;N/A;N/A;N/A;N/A;N/A;N/A;N/A;N/A;N/A;N/A;N/A;N/A;N/A;N/A;N/A;N/A;N/A;N/A;N/A;N/A;N/A;N/A;N/A;N/A;N/A;N/A;N/A;N/A;N/A;N/A;N/A;N/A;N/A;N/A;N/A;N/A;N/A;N/A;N/A;N/A;N/A;N/A;N/A;N/A;N/A;N/A;N/A;N/A;N/A;N/A;N/A;N/A;N/A;N/A;N/A;N/A;N/A;N/A;N/A;N/A;N/A;N/A;N/A;Sí;N/A;Sí;N/A;N/A;N/A;N/A;Sí;N/A;Sí;N/A;N/A;N/A;N/A;N/A;Sí;Sí;N/A;Sí;N/A;Sí;N/A;N/A;Sí;N/A;Sí
Nissan;Frontier;Se;2023;"7500 km";;SPYKIN;32900;;;;;Atlántida;https://auto.mercadolibre.com.uy/MLU-635226347-nissan-frontier-se-_JM;N/A;;"Nissan Frontier Se";USD;Sí;gold_premium;false;N/A;N/A;http://perfil.mercadolibre.com.uy/SPYKIN;active;N/A;N/A;Usado;N/A;N/A;N/A;N/A;N/A;N/A;N/A;N/A;N/A;N/A;N/A;N/A;N/A;N/A;N/A;N/A;N/A;N/A;N/A;N/A;N/A;N/A;N/A;N/A;N/A;N/A;N/A;N/A;N/A;N/A;N/A;N/A;N/A;N/A;N/A;N/A;N/A;N/A;N/A;N/A;N/A;N/A;N/A;N/A;N/A;N/A;N/A;N/A;N/A;N/A;N/A;N/A;N/A;N/A;N/A;N/A;N/A;N/A;N/A;N/A;N/A;N/A;N/A;N/A;N/A;N/A;N/A;N/A;N/A;N/A;N/A;N/A;N/A;N/A;N/A;N/A;N/A;N/A;N/A;N/A;N/A;N/A;N/A;N/A;N/A;N/A;N/A;N/A;N/A;N/A;N/A;N/A;N/A;N/A;N/A;N/A;N/A;N/A;N/A;N/A;N/A;N/A;N/A;N/A;N/A;N/A;N/A;N/A;4;N/A;Nafta;N/A;N/A;"Autos y camionetas";N/A;N/A;N/A;N/A;N/A;N/A;N/A;N/A;N/A;N/A;N/A;N/A;N/A;N/A;N/A;N/A;N/A;N/A;N/A;N/A;N/A;N/A;N/A;N/A;N/A;N/A;N/A;N/A;N/A;N/A;N/A;N/A;N/A;N/A;N/A;N/A;N/A;N/A;N/A;N/A;N/A;N/A;N/A;N/A;N/A;N/A;N/A;N/A;N/A;N/A;N/A;N/A;N/A;N/A;N/A;N/A;N/A;N/A;N/A;N/A;N/A;N/A;N/A;N/A;N/A;N/A;N/A;N/A;N/A;N/A;N/A;N/A;N/A;N/A;N/A;N/A;N/A;N/A;N/A;N/A;N/A;N/A;N/A;N/A;N/A;N/A;N/A;N/A;N/A;N/A;N/A;N/A;N/A;N/A;N/A;N/A;N/A;N/A;N/A;N/A;N/A;N/A;N/A;N/A;N/A;N/A;N/A;N/A;N/A;N/A;N/A;N/A;N/A;N/A;N/A;N/A;N/A;N/A;N/A;N/A;N/A;N/A
Nissan;"NP300 Frontier";"2.5 Xe Tdsl 188hp D.cab.";2023;"0 km";;"VIDESOL S.A.";48188;;;;;"Colonia del Sacramento";https://auto.mercadolibre.com.uy/MLU-655904358-nissan-np300-frontier-2023-25-xe-tdsl-188hp-dcab-_JM;N/A;;"Nissan Np300 Frontier 2023 2.5 Xe Tdsl 188hp D.cab.";usd;Sí;gold_premium;false;N/A;N/A;http://perfil.mercadolibre.com.uy/VIDESOL+S.A.;active;N/A;N/A;Nuevo;N/A;N/A;Hidráulica;4x2;Sí;N/A;N/A;N/A;N/A;N/A;N/A;N/A;Sí;N/A;N/A;N/A;N/A;N/A;N/A;N/A;N/A;N/A;N/A;N/A;N/A;N/A;N/A;N/A;N/A;"3150 mm";"2.5 L";"80 L";6;N/A;N/A;N/A;N/A;N/A;N/A;N/A;N/A;N/A;N/A;N/A;N/A;N/A;N/A;N/A;N/A;N/A;N/A;N/A;N/A;N/A;N/A;N/A;N/A;N/A;N/A;N/A;N/A;N/A;N/A;N/A;N/A;N/A;Sí;Sí;Sí;N/A;N/A;N/A;N/A;N/A;N/A;N/A;N/A;N/A;"1860 mm";"5258 mm";N/A;N/A;N/A;N/A;N/A;"188 hp";Xe;N/A;4;"1850 mm";N/A;N/A;N/A;N/A;N/A;N/A;N/A;N/A;N/A;N/A;N/A;N/A;N/A;N/A;N/A;N/A;N/A;N/A;2;2.5;Diésel;Manual;Pick-Up;"Autos y camionetas";N/A;N/A;N/A;N/A;N/A;N/A;UY;N/A;N/A;N/A;N/A;N/A;N/A;N/A;N/A;N/A;N/A;N/A;N/A;N/A;N/A;N/A;N/A;N/A;N/A;N/A;N/A;N/A;N/A;N/A;N/A;N/A;N/A;N/A;N/A;N/A;N/A;N/A;N/A;N/A;N/A;N/A;N/A;N/A;N/A;N/A;N/A;N/A;N/A;N/A;N/A;N/A;N/A;N/A;N/A;N/A;N/A;N/A;N/A;N/A;N/A;N/A;N/A;N/A;N/A;N/A;N/A;N/A;N/A;N/A;N/A;N/A;N/A;N/A;N/A;N/A;N/A;N/A;N/A;N/A;N/A;N/A;N/A;N/A;N/A;N/A;N/A;N/A;N/A;N/A;N/A;N/A;N/A;N/A;N/A;N/A;N/A;N/A;N/A;N/A;N/A;N/A;N/A;N/A;N/A;N/A;N/A;N/A;N/A;N/A;N/A;N/A;Sí;N/A;Sí;N/A;N/A;N/A;N/A;Sí;N/A;Sí
Nissan;Sentra;"SR cvt";2022;"76600 km";;"AUTOLAND VW";26900;;;;;Canelones;https://auto.mercadolibre.com.uy/MLU-657182712-nissan-sentra-sr-cvt-20-2022-impecable-autoland-_JM;N/A;;"Nissan Sentra Sr Cvt 2.0 2022 Impecable! - Autoland";USD;Sí;gold_premium;false;N/A;N/A;http://perfil.mercadolibre.com.uy/AUTOLAND+VW;active;N/A;N/A;Usado;Plateado;Sí;Asistida;N/A;N/A;Sí;Sí;Sí;N/A;N/A;Sí;Sí;Sí;Sí;N/A;Sí;Sí;N/A;Sí;N/A;N/A;N/A;N/A;N/A;N/A;N/A;N/A;N/A;N/A;N/A;"2000 cc";N/A;6;N/A;N/A;Sí;Sí;Sí;Sí;N/A;N/A;N/A;N/A;N/A;N/A;N/A;N/A;N/A;N/A;N/A;N/A;N/A;N/A;N/A;N/A;N/A;N/A;N/A;Sí;N/A;Sí;N/A;N/A;N/A;N/A;N/A;N/A;N/A;N/A;Sí;N/A;N/A;N/A;N/A;N/A;Sí;N/A;N/A;N/A;N/A;N/A;N/A;N/A;N/A;N/A;N/A;Sr;N/A;N/A;N/A;N/A;N/A;N/A;Sí;Sí;Sí;Sí;Sí;N/A;Sí;N/A;N/A;N/A;N/A;N/A;N/A;N/A;"Lun. a Vie. de 9 a 18 hs";4;2.0;Nafta;Automática;Sedán;"Autos y camionetas";No;N/A;N/A;N/A;No;N/A;N/A;No;Sí;No;No;N/A;N/A;N/A;N/A;N/A;N/A;N/A;N/A;N/A;N/A;N/A;N/A;N/A;Sí;N/A;N/A;N/A;N/A;N/A;N/A;N/A;N/A;N/A;N/A;N/A;N/A;N/A;N/A;N/A;N/A;N/A;N/A;N/A;N/A;N/A;N/A;N/A;N/A;N/A;N/A;N/A;N/A;N/A;N/A;N/A;N/A;N/A;N/A;N/A;N/A;N/A;No;N/A;N/A;N/A;N/A;N/A;N/A;N/A;N/A;N/A;N/A;N/A;N/A;N/A;N/A;N/A;N/A;N/A;N/A;N/A;N/A;N/A;N/A;N/A;N/A;N/A;N/A;N/A;N/A;N/A;Sí;N/A;N/A;N/A;Sí;Sí;Sí;Sí;Sí;Sí;Sí;N/A;Sí;Sí;Sí;N/A;N/A;N/A;Sí;Sí;Sí;N/A;Sí;N/A;Sí;N/A;N/A;Sí;N/A;Sí
Nissan;"NP300 Frontier";"2.5 Pro-4X 4x4";2023;"0 km";;"VIDESOL S.A.";69538;;;;;"Colonia del Sacramento";https://auto.mercadolibre.com.uy/MLU-645583594-nissan-np300-frontier-25-pro-4x-4x4-_JM;N/A;;"Nissan Np300 Frontier 2.5 Pro-4x 4x4";USD;Sí;gold_premium;false;N/A;N/A;http://perfil.mercadolibre.com.uy/VIDESOL+S.A.;active;N/A;N/A;Nuevo;N/A;N/A;N/A;N/A;N/A;N/A;N/A;N/A;N/A;N/A;N/A;N/A;N/A;N/A;N/A;N/A;N/A;N/A;N/A;N/A;N/A;N/A;N/A;N/A;N/A;N/A;N/A;N/A;N/A;N/A;N/A;N/A;N/A;N/A;N/A;N/A;N/A;N/A;N/A;N/A;N/A;N/A;N/A;N/A;N/A;N/A;N/A;N/A;N/A;N/A;N/A;N/A;N/A;N/A;N/A;N/A;N/A;N/A;N/A;N/A;N/A;N/A;N/A;N/A;N/A;N/A;N/A;N/A;N/A;N/A;N/A;N/A;N/A;N/A;N/A;N/A;N/A;N/A;N/A;N/A;N/A;N/A;N/A;N/A;N/A;N/A;N/A;N/A;N/A;N/A;N/A;N/A;N/A;N/A;N/A;N/A;N/A;N/A;N/A;N/A;N/A;N/A;N/A;N/A;N/A;N/A;N/A;N/A;4;N/A;Diésel;N/A;N/A;"Autos y camionetas";N/A;N/A;N/A;N/A;N/A;N/A;N/A;N/A;N/A;N/A;N/A;N/A;N/A;N/A;N/A;N/A;N/A;N/A;N/A;N/A;N/A;N/A;N/A;N/A;N/A;N/A;N/A;N/A;N/A;N/A;N/A;N/A;N/A;N/A;N/A;N/A;N/A;N/A;N/A;N/A;N/A;N/A;N/A;N/A;N/A;N/A;N/A;N/A;N/A;N/A;N/A;N/A;N/A;N/A;N/A;N/A;N/A;N/A;N/A;N/A;N/A;N/A;N/A;N/A;N/A;N/A;N/A;N/A;N/A;N/A;N/A;N/A;N/A;N/A;N/A;N/A;N/A;N/A;N/A;N/A;N/A;N/A;N/A;N/A;N/A;N/A;N/A;N/A;N/A;N/A;N/A;N/A;N/A;N/A;N/A;N/A;N/A;N/A;N/A;N/A;N/A;N/A;N/A;N/A;N/A;N/A;N/A;N/A;N/A;N/A;N/A;N/A;N/A;N/A;N/A;N/A;N/A;N/A;N/A;N/A;N/A;N/A
Nissan;"NP300 Frontier";"2.5 Se Doble Cabina";2022;"120000 km";;LATORREWILSON40;30900;;;;;Trinidad;https://auto.mercadolibre.com.uy/MLU-665443250-nissan-np300-frontier-2022-25-se-doble-cabina-_JM;N/A;;"Nissan Np300 Frontier 2022 2.5 Se Doble Cabina";usd;Sí;gold_premium;false;N/A;N/A;http://perfil.mercadolibre.com.uy/LATORREWILSON40;active;N/A;N/A;Usado;N/A;N/A;Hidráulica;4x2;Sí;N/A;N/A;N/A;N/A;N/A;N/A;N/A;N/A;N/A;N/A;N/A;N/A;N/A;N/A;N/A;N/A;N/A;N/A;N/A;N/A;N/A;N/A;N/A;N/A;"3150 mm";"2.5 L";"80 L";6;N/A;N/A;N/A;N/A;N/A;N/A;N/A;N/A;N/A;N/A;N/A;N/A;N/A;N/A;N/A;N/A;N/A;N/A;N/A;N/A;N/A;N/A;N/A;N/A;N/A;N/A;N/A;N/A;N/A;N/A;N/A;N/A;N/A;Sí;Sí;N/A;N/A;N/A;N/A;N/A;N/A;N/A;N/A;N/A;N/A;"1860 mm";"5258 mm";N/A;N/A;N/A;N/A;N/A;"120 hp";Se;N/A;4;"1850 mm";N/A;N/A;N/A;N/A;N/A;N/A;N/A;N/A;N/A;N/A;N/A;N/A;N/A;N/A;N/A;N/A;N/A;N/A;4;2.5;Diésel;Manual;Pick-Up;"Autos y camionetas";N/A;N/A;N/A;N/A;N/A;N/A;UY;N/A;N/A;N/A;N/A;N/A;N/A;N/A;N/A;N/A;N/A;N/A;N/A;N/A;N/A;N/A;N/A;N/A;N/A;N/A;N/A;N/A;N/A;N/A;N/A;N/A;N/A;N/A;N/A;N/A;N/A;N/A;N/A;N/A;N/A;N/A;N/A;N/A;N/A;N/A;N/A;N/A;N/A;N/A;N/A;N/A;N/A;N/A;N/A;N/A;N/A;N/A;N/A;N/A;N/A;N/A;N/A;N/A;N/A;N/A;N/A;N/A;N/A;N/A;N/A;N/A;N/A;N/A;N/A;N/A;N/A;N/A;N/A;N/A;N/A;N/A;N/A;N/A;N/A;N/A;N/A;N/A;N/A;N/A;N/A;N/A;N/A;N/A;N/A;N/A;Sí;N/A;N/A;N/A;N/A;N/A;N/A;N/A;N/A;Sí;N/A;N/A;N/A;N/A;N/A;N/A;N/A;N/A;Sí;N/A;N/A;N/A;N/A;N/A;N/A;N/A
Nissan;Tiida;"1.8 Emotion At";2012;"140000 km";;"SEBACARS AUTOMÓVILES";12490;;;;;Cardona;https://auto.mercadolibre.com.uy/MLU-664147926-nissan-tiida-2012-18-emotion-at-_JM;N/A;;"Nissan Tiida 2012 1.8 Emotion At";usd;Sí;gold_premium;false;N/A;N/A;http://perfil.mercadolibre.com.uy/SEBACARS+AUTOM%C3%93VILES;active;N/A;N/A;Usado;N/A;N/A;Hidráulica;Delantera;Sí;N/A;N/A;N/A;N/A;N/A;N/A;N/A;N/A;N/A;N/A;N/A;N/A;N/A;N/A;N/A;N/A;N/A;N/A;N/A;N/A;N/A;N/A;N/A;N/A;"2600 mm";"1.8 L";"52 L";N/A;N/A;N/A;N/A;N/A;N/A;N/A;N/A;N/A;N/A;N/A;N/A;N/A;N/A;N/A;N/A;N/A;N/A;N/A;N/A;N/A;N/A;N/A;N/A;N/A;N/A;N/A;N/A;N/A;N/A;N/A;N/A;N/A;N/A;N/A;N/A;N/A;N/A;N/A;N/A;N/A;N/A;N/A;N/A;N/A;N/A;"1548 mm";"4297 mm";N/A;N/A;N/A;N/A;N/A;N/A;Emotion;N/A;N/A;"1695 mm";N/A;N/A;N/A;N/A;N/A;N/A;N/A;N/A;N/A;N/A;N/A;N/A;N/A;N/A;N/A;N/A;N/A;N/A;5;1.8;Nafta;Automática;Hatchback;"Autos y camionetas";N/A;N/A;N/A;N/A;N/A;N/A;UY;N/A;N/A;N/A;N/A;N/A;N/A;N/A;N/A;N/A;N/A;N/A;N/A;N/A;N/A;N/A;N/A;N/A;N/A;N/A;N/A;N/A;N/A;N/A;N/A;N/A;N/A;N/A;N/A;N/A;N/A;N/A;N/A;N/A;N/A;N/A;N/A;N/A;N/A;N/A;N/A;N/A;N/A;N/A;N/A;N/A;N/A;N/A;N/A;N/A;N/A;N/A;N/A;N/A;N/A;N/A;N/A;N/A;N/A;N/A;N/A;N/A;N/A;N/A;N/A;N/A;N/A;N/A;N/A;N/A;N/A;N/A;N/A;N/A;N/A;N/A;N/A;N/A;N/A;N/A;N/A;N/A;N/A;N/A;N/A;N/A;N/A;N/A;N/A;N/A;Sí;N/A;N/A;N/A;N/A;N/A;N/A;N/A;N/A;N/A;N/A;N/A;N/A;N/A;N/A;N/A;N/A;N/A;Sí;N/A;N/A;N/A;N/A;N/A;N/A;N/A
Nissan;Tiida;"1.8 Emotion At";2010;"125988 km";;NEWMASTERCARS;10690;;;;;"Aires Puros";https://auto.mercadolibre.com.uy/MLU-635370771-nissan-tiida-2010-18-emotion-at-_JM;N/A;;"Nissan Tiida 2010 1.8 Emotion At";usd;Sí;gold_premium;false;N/A;N/A;http://perfil.mercadolibre.com.uy/NEWMASTERCARS;active;N/A;N/A;Usado;N/A;N/A;Hidráulica;Delantera;Sí;N/A;N/A;N/A;N/A;N/A;N/A;N/A;N/A;N/A;N/A;N/A;N/A;N/A;N/A;N/A;N/A;N/A;N/A;N/A;N/A;N/A;N/A;N/A;N/A;"2600 mm";"1.8 L";"52.4 L";N/A;N/A;N/A;N/A;N/A;N/A;N/A;N/A;N/A;N/A;N/A;N/A;N/A;N/A;N/A;N/A;N/A;N/A;N/A;N/A;N/A;N/A;N/A;N/A;N/A;N/A;N/A;N/A;N/A;N/A;N/A;N/A;N/A;N/A;N/A;N/A;N/A;N/A;N/A;N/A;N/A;N/A;N/A;N/A;N/A;N/A;"1548 mm";"4297 mm";N/A;N/A;N/A;N/A;N/A;N/A;Emotion;N/A;N/A;"1695 mm";N/A;N/A;N/A;N/A;N/A;N/A;N/A;N/A;N/A;N/A;N/A;N/A;N/A;N/A;N/A;N/A;N/A;N/A;5;1.8;Nafta;Automática;Hatchback;"Autos y camionetas";N/A;N/A;N/A;N/A;N/A;N/A;UY;N/A;N/A;N/A;N/A;N/A;N/A;N/A;N/A;N/A;N/A;N/A;N/A;N/A;N/A;N/A;N/A;N/A;N/A;N/A;N/A;N/A;N/A;N/A;N/A;N/A;N/A;N/A;N/A;N/A;N/A;N/A;N/A;N/A;N/A;N/A;N/A;N/A;N/A;N/A;N/A;N/A;N/A;N/A;N/A;N/A;N/A;N/A;N/A;N/A;N/A;N/A;N/A;N/A;N/A;N/A;N/A;N/A;N/A;N/A;N/A;N/A;N/A;N/A;N/A;N/A;N/A;N/A;N/A;N/A;N/A;N/A;N/A;N/A;N/A;N/A;N/A;N/A;N/A;N/A;N/A;N/A;N/A;N/A;N/A;N/A;N/A;N/A;N/A;N/A;Sí;N/A;N/A;N/A;N/A;N/A;N/A;N/A;N/A;N/A;N/A;N/A;N/A;N/A;N/A;N/A;N/A;N/A;Sí;N/A;N/A;N/A;N/A;N/A;N/A;N/A
Nissan;"SENTRA  B 13";Full;2014;"68000 km";;"ESCRITORIO CARLITOSHERNANDEZ";8900;;;;;"San José de Mayo";https://auto.mercadolibre.com.uy/MLU-635406179-vendo-pmto-auto-nissan-sentra-b-13-2014-ful-impecable-68000-_JM;N/A;;"Vendo Pmto Auto Nissan Sentra B 13 2014 Ful Impecable 68.000";USD;No;gold_premium;false;N/A;N/A;http://perfil.mercadolibre.com.uy/ESCRITORIO+CARLITOSHERNANDEZ;active;N/A;N/A;Usado;Rojo;N/A;Hidráulica;Delantera;Sí;Sí;N/A;N/A;N/A;N/A;N/A;N/A;N/A;N/A;N/A;N/A;N/A;N/A;N/A;N/A;N/A;N/A;N/A;N/A;N/A;N/A;N/A;N/A;N/A;N/A;N/A;N/A;N/A;N/A;N/A;N/A;N/A;N/A;N/A;N/A;N/A;N/A;N/A;N/A;N/A;N/A;N/A;N/A;N/A;N/A;N/A;N/A;N/A;N/A;N/A;N/A;N/A;N/A;N/A;N/A;N/A;N/A;N/A;N/A;N/A;N/A;N/A;N/A;N/A;N/A;N/A;N/A;N/A;N/A;N/A;N/A;N/A;N/A;N/A;N/A;N/A;N/A;N/A;N/A;N/A;N/A;N/A;N/A;N/A;N/A;N/A;No;N/A;N/A;N/A;N/A;Sí;Sí;N/A;N/A;N/A;N/A;N/A;N/A;N/A;N/A;N/A;"8 A  20 HORAS";4;1.600;Nafta;Manual;Sedán;"Autos y camionetas";N/A;N/A;N/A;N/A;N/A;N/A;N/A;N/A;Sí;N/A;N/A;N/A;N/A;N/A;N/A;N/A;N/A;N/A;N/A;N/A;N/A;N/A;N/A;N/A;N/A;N/A;N/A;N/A;N/A;N/A;N/A;N/A;N/A;N/A;N/A;N/A;N/A;N/A;N/A;N/A;N/A;N/A;N/A;N/A;N/A;N/A;N/A;N/A;N/A;N/A;N/A;N/A;N/A;N/A;N/A;N/A;N/A;N/A;N/A;N/A;N/A;N/A;N/A;N/A;N/A;N/A;N/A;N/A;N/A;N/A;N/A;N/A;N/A;N/A;N/A;N/A;N/A;N/A;N/A;N/A;N/A;N/A;N/A;N/A;N/A;N/A;N/A;N/A;N/A;N/A;N/A;N/A;N/A;N/A;N/A;N/A;N/A;Sí;N/A;N/A;N/A;N/A;N/A;N/A;N/A;N/A;N/A;N/A;Sí;N/A;N/A;N/A;N/A;Sí;Sí;N/A;Sí;Sí;N/A;Sí;N/A;Sí
Nissan;X-Trail;"4x4 TDI Super Full";2007;"333000 km";;RIPA1358148;15500;;;;;Malvin;https://auto.mercadolibre.com.uy/MLU-666173642-nissan-x-trail-tdi-common-rail-_JM;N/A;;"Nissan X-trail Tdi Common Rail";USD;No;gold_premium;false;N/A;N/A;http://perfil.mercadolibre.com.uy/RIPA1358148;active;N/A;N/A;Usado;Negro;N/A;Hidráulica;N/A;Sí;Sí;N/A;N/A;N/A;N/A;N/A;N/A;No;N/A;N/A;N/A;Sí;N/A;N/A;N/A;N/A;N/A;N/A;N/A;N/A;N/A;N/A;N/A;N/A;N/A;N/A;N/A;N/A;N/A;N/A;N/A;N/A;N/A;N/A;N/A;N/A;N/A;N/A;N/A;N/A;N/A;N/A;N/A;N/A;N/A;N/A;N/A;N/A;N/A;N/A;N/A;N/A;N/A;N/A;N/A;N/A;N/A;Sí;N/A;N/A;N/A;N/A;N/A;N/A;N/A;N/A;N/A;N/A;N/A;N/A;N/A;N/A;N/A;N/A;N/A;N/A;N/A;N/A;N/A;N/A;N/A;N/A;N/A;N/A;N/A;N/A;N/A;N/A;Sí;Sí;N/A;Sí;N/A;N/A;Sí;N/A;N/A;N/A;N/A;N/A;N/A;Sí;N/A;5;"2.2 TDI Common Rail";Diésel;Manual;SUV;"Autos y camionetas";N/A;N/A;N/A;N/A;N/A;N/A;N/A;N/A;N/A;N/A;N/A;N/A;N/A;N/A;N/A;N/A;N/A;N/A;N/A;N/A;N/A;N/A;N/A;N/A;Sí;N/A;N/A;N/A;N/A;N/A;N/A;N/A;N/A;N/A;N/A;N/A;N/A;N/A;N/A;N/A;N/A;N/A;N/A;N/A;N/A;N/A;N/A;N/A;N/A;N/A;N/A;N/A;N/A;N/A;N/A;N/A;N/A;N/A;N/A;N/A;N/A;N/A;N/A;N/A;N/A;N/A;N/A;N/A;N/A;N/A;N/A;N/A;N/A;N/A;N/A;N/A;N/A;N/A;N/A;N/A;N/A;N/A;N/A;N/A;N/A;N/A;N/A;N/A;N/A;N/A;N/A;N/A;N/A;N/A;N/A;N/A;Sí;Sí;Sí;N/A;Sí;N/A;N/A;N/A;N/A;Sí;N/A;Sí;N/A;N/A;N/A;N/A;N/A;Sí;Sí;Sí;Sí;N/A;N/A;Sí;N/A;Sí
Nissan;Versa;"1.6 Advance Mt";2015;"134000 km";;"ENRIQUE SHAW_AUTOMOVILES";12500;;;;;"Empalme Nicolich";https://auto.mercadolibre.com.uy/MLU-665920402-nissan-versa-2015-16-advance-extra-full-_JM;N/A;;"Nissan Versa 2015 1.6 Advance  Extra Full";usd;Sí;gold_premium;false;N/A;N/A;http://perfil.mercadolibre.com.uy/ENRIQUE+SHAW_AUTOMOVILES;active;N/A;N/A;Usado;Azul;Sí;Hidráulica;Delantera;Sí;Sí;N/A;N/A;N/A;N/A;N/A;N/A;N/A;N/A;N/A;N/A;Sí;N/A;Sí;N/A;N/A;N/A;N/A;N/A;N/A;N/A;N/A;N/A;N/A;"2600 mm";"1.6 L";"41 L";N/A;N/A;N/A;N/A;N/A;N/A;N/A;N/A;N/A;N/A;N/A;N/A;N/A;N/A;N/A;N/A;N/A;N/A;N/A;N/A;N/A;N/A;N/A;N/A;N/A;N/A;N/A;N/A;N/A;N/A;N/A;N/A;N/A;N/A;N/A;N/A;N/A;N/A;N/A;N/A;N/A;N/A;N/A;N/A;N/A;N/A;"1506 mm";"4492 mm";N/A;N/A;N/A;N/A;5;N/A;Advance;N/A;N/A;"1695 mm";N/A;Sí;N/A;Sí;Sí;N/A;Sí;Sí;N/A;N/A;N/A;N/A;N/A;N/A;N/A;N/A;N/A;"LUNES A VIERNES DE 9:30 A 13 Y 14:30 A 18:30 HRS. SABADOS DE 10-13 HRS";4;1.6;Nafta;Manual;Sedán;"Autos y camionetas";N/A;N/A;N/A;N/A;N/A;N/A;UY;N/A;Sí;N/A;Sí;N/A;N/A;N/A;N/A;N/A;N/A;N/A;N/A;N/A;N/A;N/A;N/A;N/A;N/A;N/A;N/A;N/A;N/A;N/A;N/A;N/A;N/A;N/A;N/A;N/A;N/A;N/A;N/A;N/A;N/A;N/A;N/A;N/A;N/A;N/A;N/A;N/A;N/A;N/A;N/A;N/A;N/A;N/A;N/A;N/A;N/A;N/A;N/A;N/A;N/A;N/A;N/A;N/A;N/A;N/A;N/A;N/A;N/A;N/A;N/A;N/A;N/A;N/A;N/A;N/A;N/A;N/A;N/A;N/A;N/A;N/A;N/A;N/A;N/A;N/A;N/A;N/A;N/A;N/A;N/A;N/A;N/A;N/A;N/A;N/A;Sí;Sí;Sí;N/A;Sí;N/A;N/A;N/A;N/A;Sí;N/A;Sí;Sí;N/A;N/A;N/A;Sí;Sí;Sí;Sí;Sí;Sí;N/A;Sí;N/A;N/A
Nissan;Kicks;"1.6 Advance At";2019;"72000 km";;"OLIVA AUTOMOTORES";20900;;;;;Malvin;https://auto.mercadolibre.com.uy/MLU-665946160-nissan-kicks-advance-_JM;N/A;;"Nissan Kicks Advance";usd;Sí;gold_premium;false;N/A;N/A;http://perfil.mercadolibre.com.uy/OLIVA+AUTOMOTORES;active;N/A;N/A;Usado;Gris;N/A;Hidráulica;Delantera;Sí;N/A;N/A;N/A;N/A;N/A;N/A;N/A;N/A;N/A;N/A;N/A;N/A;N/A;N/A;N/A;N/A;N/A;N/A;N/A;N/A;N/A;N/A;N/A;N/A;"2620 mm";"1.6 L";"50 L";N/A;N/A;N/A;N/A;N/A;N/A;N/A;N/A;N/A;N/A;N/A;N/A;N/A;N/A;N/A;N/A;N/A;N/A;N/A;N/A;N/A;N/A;N/A;N/A;N/A;N/A;N/A;N/A;N/A;N/A;N/A;N/A;N/A;N/A;Sí;Sí;Sí;N/A;N/A;N/A;N/A;N/A;N/A;N/A;N/A;N/A;"1590 mm";"4295 mm";N/A;N/A;N/A;N/A;5;"118 hp";Advance;N/A;4;"1760 mm";N/A;N/A;N/A;N/A;N/A;N/A;N/A;N/A;N/A;N/A;N/A;N/A;N/A;N/A;N/A;N/A;N/A;"Lunes a Viernes de 9:00 a 18:30hs, Sáb. de 10 a 13 hs";5;1.6;Nafta;Automática;SUV;"Autos y camionetas";N/A;N/A;N/A;N/A;N/A;N/A;UY;N/A;N/A;N/A;N/A;N/A;N/A;N/A;N/A;N/A;N/A;N/A;N/A;N/A;N/A;N/A;N/A;N/A;N/A;N/A;N/A;N/A;N/A;N/A;N/A;N/A;N/A;N/A;N/A;N/A;N/A;N/A;N/A;N/A;N/A;N/A;N/A;N/A;N/A;N/A;N/A;N/A;N/A;N/A;N/A;N/A;N/A;N/A;N/A;N/A;N/A;N/A;N/A;N/A;N/A;N/A;N/A;N/A;N/A;N/A;N/A;N/A;N/A;N/A;N/A;N/A;N/A;N/A;N/A;N/A;N/A;N/A;N/A;N/A;N/A;N/A;N/A;N/A;N/A;N/A;N/A;N/A;N/A;N/A;N/A;N/A;N/A;N/A;N/A;N/A;Sí;N/A;Sí;N/A;N/A;N/A;N/A;N/A;N/A;Sí;N/A;N/A;N/A;N/A;N/A;N/A;Sí;N/A;Sí;N/A;N/A;N/A;N/A;Sí;N/A;Sí
Nissan;Versa;"1.6 Exclusive At";2023;"12000 km";;"OLIVA AUTOMOTORES";25900;;;;;Malvin;https://auto.mercadolibre.com.uy/MLU-665903156-nissan-versa-exclusive-at-_JM;N/A;;"Nissan Versa Exclusive At";usd;Sí;gold_premium;false;N/A;N/A;http://perfil.mercadolibre.com.uy/OLIVA+AUTOMOTORES;active;N/A;N/A;Usado;Rojo;N/A;Hidráulica;Delantera;Sí;N/A;N/A;N/A;Sí;N/A;N/A;N/A;Sí;N/A;N/A;N/A;N/A;N/A;N/A;N/A;N/A;N/A;N/A;N/A;N/A;N/A;N/A;N/A;N/A;"2600 mm";"1.6 L";"41 L";4;N/A;N/A;N/A;N/A;N/A;N/A;N/A;N/A;N/A;N/A;N/A;N/A;N/A;N/A;N/A;N/A;N/A;N/A;N/A;N/A;N/A;N/A;N/A;N/A;N/A;N/A;N/A;N/A;N/A;N/A;N/A;N/A;N/A;Sí;Sí;N/A;N/A;N/A;N/A;N/A;N/A;N/A;N/A;N/A;N/A;"1506 mm";"4465 mm";N/A;N/A;N/A;N/A;5;"106 hp";Exclusive;N/A;4;"1695 mm";N/A;N/A;N/A;N/A;N/A;N/A;N/A;Sí;N/A;N/A;N/A;N/A;N/A;N/A;N/A;N/A;N/A;"Lunes a Viernes de 9:00 a 18:30hs, Sáb. de 10 a 13 hs";4;1.6;Nafta;Automática;Sedán;"Autos y camionetas";N/A;N/A;N/A;N/A;N/A;N/A;UY;N/A;N/A;N/A;N/A;N/A;N/A;N/A;N/A;N/A;N/A;N/A;N/A;N/A;N/A;N/A;N/A;N/A;N/A;N/A;N/A;N/A;N/A;N/A;N/A;N/A;N/A;N/A;N/A;N/A;N/A;N/A;N/A;N/A;N/A;N/A;N/A;N/A;N/A;N/A;N/A;N/A;N/A;N/A;N/A;N/A;N/A;N/A;N/A;N/A;N/A;N/A;N/A;N/A;N/A;N/A;N/A;N/A;N/A;N/A;N/A;N/A;N/A;N/A;N/A;N/A;N/A;N/A;N/A;N/A;N/A;N/A;N/A;N/A;N/A;N/A;N/A;N/A;N/A;N/A;N/A;N/A;N/A;N/A;N/A;N/A;N/A;N/A;N/A;N/A;Sí;N/A;Sí;N/A;N/A;N/A;N/A;Sí;N/A;Sí;N/A;N/A;N/A;N/A;N/A;N/A;Sí;N/A;Sí;N/A;N/A;N/A;N/A;Sí;N/A;N/A
Nissan;Kicks;"1.6 Exclusive At";2023;"0 km";;"VIDESOL S.A.";34990;;;;;"Colonia del Sacramento";https://auto.mercadolibre.com.uy/MLU-664707818-nissan-kicks-2023-16-exclusive-at-_JM;N/A;;"Nissan Kicks 2023 1.6 Exclusive At";usd;Sí;gold_premium;false;N/A;N/A;http://perfil.mercadolibre.com.uy/VIDESOL+S.A.;active;N/A;N/A;Nuevo;N/A;N/A;Hidráulica;Delantera;Sí;N/A;N/A;N/A;N/A;N/A;N/A;N/A;Sí;N/A;N/A;N/A;N/A;N/A;N/A;N/A;N/A;N/A;N/A;N/A;N/A;N/A;N/A;N/A;N/A;"2620 mm";"1.6 L";"50 L";N/A;N/A;N/A;N/A;N/A;N/A;N/A;N/A;N/A;N/A;N/A;N/A;N/A;N/A;N/A;N/A;N/A;N/A;N/A;N/A;N/A;N/A;N/A;N/A;N/A;N/A;N/A;N/A;N/A;N/A;N/A;N/A;N/A;N/A;Sí;Sí;N/A;N/A;Sí;N/A;N/A;N/A;N/A;N/A;N/A;N/A;"1590 mm";"4295 mm";N/A;N/A;N/A;N/A;5;"118 hp";Exclusive;N/A;4;"1760 mm";N/A;N/A;N/A;N/A;N/A;N/A;N/A;N/A;N/A;N/A;N/A;N/A;N/A;N/A;N/A;N/A;N/A;N/A;5;1.6;Nafta;Automática;SUV;"Autos y camionetas";N/A;N/A;N/A;N/A;N/A;N/A;UY;N/A;N/A;N/A;N/A;N/A;N/A;N/A;N/A;N/A;N/A;N/A;N/A;N/A;N/A;N/A;N/A;N/A;N/A;N/A;N/A;N/A;N/A;N/A;N/A;N/A;N/A;N/A;N/A;N/A;N/A;N/A;N/A;N/A;N/A;N/A;N/A;N/A;N/A;N/A;N/A;N/A;N/A;N/A;N/A;N/A;N/A;N/A;N/A;N/A;N/A;N/A;N/A;N/A;N/A;N/A;N/A;N/A;N/A;N/A;N/A;N/A;N/A;N/A;N/A;N/A;N/A;N/A;N/A;N/A;N/A;N/A;N/A;N/A;N/A;N/A;N/A;N/A;N/A;N/A;N/A;N/A;N/A;N/A;N/A;N/A;N/A;N/A;N/A;N/A;Sí;N/A;Sí;N/A;N/A;N/A;N/A;N/A;N/A;Sí;N/A;N/A;N/A;N/A;N/A;Sí;Sí;N/A;Sí;N/A;N/A;N/A;N/A;Sí;N/A;Sí
Nissan;Kicks;"1.6 Exclusive At";2022;"6990 km";;AUGO152616;29900;;;;;"Lomas de Solymar";https://auto.mercadolibre.com.uy/MLU-634823715-nissan-kicks-exclusive-cvt-2022-permuto-financio-100-_JM;N/A;;"Nissan Kicks Exclusive Cvt 2022 Permuto Financio 100%";usd;Sí;gold_premium;false;N/A;N/A;http://perfil.mercadolibre.com.uy/AUGO152616;active;N/A;N/A;Usado;Blanco;N/A;Hidráulica;Delantera;Sí;Sí;N/A;N/A;N/A;N/A;N/A;N/A;Sí;N/A;N/A;Sí;Sí;N/A;N/A;N/A;N/A;N/A;N/A;N/A;N/A;N/A;N/A;N/A;N/A;"2620 mm";"1.6 L";"50 L";N/A;N/A;N/A;N/A;N/A;N/A;N/A;N/A;N/A;N/A;N/A;N/A;N/A;N/A;N/A;N/A;N/A;N/A;N/A;N/A;N/A;N/A;N/A;N/A;N/A;N/A;N/A;N/A;N/A;N/A;N/A;N/A;N/A;N/A;Sí;Sí;N/A;N/A;Sí;N/A;N/A;N/A;N/A;N/A;N/A;N/A;"1590 mm";"4295 mm";N/A;N/A;N/A;N/A;5;"118 hp";Exclusive;N/A;4;"1760 mm";N/A;Sí;N/A;Sí;Sí;N/A;Sí;Sí;N/A;N/A;N/A;N/A;N/A;N/A;N/A;N/A;Sí;N/A;5;1.6;Nafta;Automática;SUV;"Autos y camionetas";N/A;N/A;N/A;N/A;N/A;N/A;UY;N/A;Sí;N/A;Sí;N/A;N/A;N/A;N/A;N/A;N/A;N/A;N/A;N/A;N/A;N/A;N/A;N/A;Sí;N/A;N/A;N/A;N/A;N/A;N/A;N/A;N/A;N/A;N/A;N/A;N/A;N/A;N/A;N/A;N/A;N/A;N/A;N/A;N/A;N/A;N/A;N/A;N/A;N/A;N/A;N/A;N/A;N/A;N/A;N/A;N/A;N/A;N/A;N/A;N/A;Sí;N/A;N/A;N/A;N/A;N/A;N/A;N/A;N/A;N/A;N/A;N/A;N/A;N/A;N/A;N/A;N/A;N/A;N/A;N/A;N/A;N/A;N/A;N/A;N/A;N/A;N/A;N/A;N/A;N/A;N/A;N/A;N/A;N/A;N/A;Sí;Sí;Sí;N/A;N/A;N/A;N/A;N/A;N/A;Sí;Sí;Sí;Sí;N/A;N/A;Sí;Sí;Sí;Sí;Sí;Sí;N/A;N/A;Sí;N/A;Sí
Nissan;Frontier;"D22 2.5 Turbo diesel";2006;"370000 km";;RISOC2013;13800;;;;;"Colonia del Sacramento";https://auto.mercadolibre.com.uy/MLU-664081518-nissan-frontier-d22-25-turbo-diesel-_JM;N/A;;"Nissan Frontier D22 2.5 Turbo Diesel";USD;No;gold_premium;false;N/A;N/A;http://perfil.mercadolibre.com.uy/RISOC2013;active;N/A;N/A;Usado;Rojo;N/A;Hidráulica;Trasera;N/A;N/A;N/A;N/A;N/A;N/A;N/A;N/A;N/A;N/A;N/A;N/A;N/A;N/A;N/A;N/A;N/A;N/A;N/A;N/A;N/A;N/A;N/A;N/A;N/A;N/A;N/A;N/A;N/A;N/A;N/A;N/A;N/A;N/A;N/A;N/A;N/A;N/A;N/A;N/A;N/A;N/A;N/A;N/A;N/A;N/A;N/A;N/A;N/A;N/A;N/A;N/A;N/A;N/A;N/A;N/A;N/A;N/A;N/A;N/A;N/A;N/A;N/A;N/A;N/A;N/A;N/A;N/A;N/A;N/A;N/A;N/A;N/A;N/A;N/A;N/A;N/A;N/A;N/A;N/A;N/A;N/A;N/A;N/A;N/A;N/A;N/A;No;N/A;N/A;N/A;N/A;No;No;N/A;N/A;N/A;N/A;N/A;N/A;N/A;N/A;N/A;N/A;4;2.5;Diésel;Manual;Pick-Up;"Autos y camionetas";N/A;N/A;N/A;N/A;N/A;N/A;N/A;N/A;N/A;N/A;N/A;N/A;N/A;N/A;N/A;N/A;N/A;N/A;N/A;N/A;N/A;N/A;N/A;N/A;N/A;N/A;N/A;N/A;N/A;N/A;N/A;N/A;N/A;N/A;N/A;N/A;N/A;N/A;N/A;N/A;N/A;N/A;N/A;N/A;N/A;N/A;N/A;N/A;N/A;N/A;N/A;N/A;N/A;N/A;N/A;N/A;N/A;N/A;N/A;N/A;N/A;N/A;N/A;N/A;N/A;N/A;N/A;N/A;N/A;N/A;N/A;N/A;N/A;N/A;N/A;N/A;N/A;N/A;N/A;N/A;N/A;N/A;N/A;N/A;N/A;N/A;N/A;N/A;N/A;N/A;N/A;N/A;N/A;N/A;N/A;N/A;N/A;N/A;N/A;N/A;N/A;N/A;N/A;N/A;N/A;N/A;N/A;N/A;N/A;N/A;N/A;N/A;N/A;N/A;Sí;N/A;Sí;N/A;N/A;Sí;N/A;Sí
Nissan;X-Trail;e-power;2024;"0 km";;"NISSAN CAR_ONE";64990;;;;;"Ciudad de la Costa";https://auto.mercadolibre.com.uy/MLU-661665932-nissan-x-trail-e-power-2024-0km-_JM;N/A;;"Nissan X-trail E-power 2024 0km";USD;Sí;gold_premium;false;N/A;N/A;http://perfil.mercadolibre.com.uy/NISSAN+CAR_ONE;active;N/A;N/A;Nuevo;N/A;N/A;Eléctrica;N/A;N/A;Sí;N/A;N/A;N/A;N/A;Sí;Sí;Sí;N/A;Sí;Sí;Sí;N/A;N/A;N/A;N/A;N/A;N/A;N/A;N/A;N/A;N/A;N/A;N/A;N/A;N/A;N/A;N/A;N/A;N/A;Sí;Sí;Sí;N/A;Sí;N/A;N/A;N/A;N/A;N/A;N/A;N/A;N/A;N/A;N/A;N/A;N/A;N/A;N/A;N/A;N/A;Sí;N/A;Sí;N/A;Sí;N/A;N/A;N/A;N/A;N/A;N/A;N/A;N/A;Sí;N/A;N/A;N/A;N/A;N/A;Sí;N/A;N/A;N/A;N/A;N/A;N/A;N/A;N/A;N/A;"153 kW";N/A;N/A;N/A;N/A;N/A;N/A;N/A;Sí;Sí;Sí;N/A;N/A;Sí;Sí;N/A;N/A;N/A;N/A;N/A;N/A;Sí;"Lunes a Domingos de 10 a 20 hs";5;N/A;Eléctrico;Automática;SUV;"Autos y camionetas";Sí;N/A;N/A;N/A;Sí;N/A;N/A;Sí;Sí;Sí;No;N/A;N/A;N/A;N/A;N/A;N/A;N/A;N/A;N/A;N/A;N/A;N/A;N/A;Sí;N/A;N/A;N/A;N/A;N/A;N/A;N/A;N/A;N/A;N/A;Sí;N/A;N/A;N/A;N/A;N/A;N/A;N/A;Sí;N/A;N/A;N/A;N/A;N/A;N/A;N/A;N/A;N/A;Sí;N/A;N/A;N/A;N/A;Sí;N/A;N/A;Sí;No;N/A;N/A;N/A;N/A;N/A;N/A;N/A;Sí;N/A;N/A;N/A;N/A;N/A;N/A;N/A;N/A;N/A;N/A;N/A;N/A;N/A;N/A;N/A;N/A;N/A;N/A;N/A;N/A;Sí;Sí;N/A;N/A;N/A;Sí;Sí;Sí;Sí;Sí;N/A;N/A;N/A;Sí;Sí;N/A;Sí;N/A;N/A;N/A;Sí;Sí;N/A;Sí;Sí;Sí;N/A;N/A;N/A;N/A;Sí
Nissan;Frontier;"Np300 se";2018;"70000 km";;MORÁNMORÁN20230531220806;19500;;;;;Malvin;https://auto.mercadolibre.com.uy/MLU-635428549-nissan-frontier-np300-se-_JM;N/A;;"Nissan Frontier Np300 Se";USD;Sí;gold_premium;false;N/A;N/A;http://perfil.mercadolibre.com.uy/MOR%C3%81NMOR%C3%81N20230531220806;active;N/A;N/A;Usado;N/A;N/A;N/A;N/A;N/A;N/A;N/A;N/A;N/A;N/A;N/A;N/A;N/A;N/A;N/A;N/A;N/A;N/A;N/A;N/A;N/A;N/A;N/A;N/A;N/A;N/A;N/A;N/A;N/A;N/A;N/A;N/A;N/A;N/A;N/A;N/A;N/A;N/A;N/A;N/A;N/A;N/A;N/A;N/A;N/A;N/A;N/A;N/A;N/A;N/A;N/A;N/A;N/A;N/A;N/A;N/A;N/A;N/A;N/A;N/A;N/A;N/A;N/A;N/A;N/A;N/A;N/A;N/A;N/A;N/A;N/A;N/A;N/A;N/A;N/A;N/A;N/A;N/A;N/A;N/A;N/A;N/A;N/A;N/A;N/A;N/A;N/A;N/A;N/A;N/A;N/A;N/A;N/A;N/A;N/A;N/A;N/A;N/A;N/A;N/A;N/A;N/A;N/A;N/A;N/A;N/A;N/A;N/A;4;N/A;Nafta;N/A;N/A;"Autos y camionetas";N/A;N/A;N/A;N/A;N/A;N/A;N/A;N/A;N/A;N/A;N/A;N/A;N/A;N/A;N/A;N/A;N/A;N/A;N/A;N/A;N/A;N/A;N/A;N/A;N/A;N/A;N/A;N/A;N/A;N/A;N/A;N/A;N/A;N/A;N/A;N/A;N/A;N/A;N/A;N/A;N/A;N/A;N/A;N/A;N/A;N/A;N/A;N/A;N/A;N/A;N/A;N/A;N/A;N/A;N/A;N/A;N/A;N/A;N/A;N/A;N/A;N/A;N/A;N/A;N/A;N/A;N/A;N/A;N/A;N/A;N/A;N/A;N/A;N/A;N/A;N/A;N/A;N/A;N/A;N/A;N/A;N/A;N/A;N/A;N/A;N/A;N/A;N/A;N/A;N/A;N/A;N/A;N/A;N/A;N/A;N/A;N/A;N/A;N/A;N/A;N/A;N/A;N/A;N/A;N/A;N/A;N/A;N/A;N/A;N/A;N/A;N/A;N/A;N/A;N/A;N/A;N/A;N/A;N/A;N/A;N/A;N/A
Nissan;Kicks;"1.6 Exclusive At";2019;"60000 km";;VETARRAYANES;23500;;;;;Pocitos;https://auto.mercadolibre.com.uy/MLU-666235012-nissan-kicks-2019-16-exclusive-at-_JM;N/A;;"Nissan Kicks 2019 1.6 Exclusive At";usd;Sí;gold_premium;false;N/A;N/A;http://perfil.mercadolibre.com.uy/VETARRAYANES;active;N/A;N/A;Usado;N/A;N/A;Hidráulica;Delantera;Sí;N/A;N/A;N/A;N/A;N/A;N/A;N/A;Sí;N/A;N/A;N/A;N/A;N/A;N/A;N/A;N/A;N/A;N/A;N/A;N/A;N/A;N/A;N/A;N/A;"2620 mm";"1.6 L";"50 L";N/A;N/A;N/A;N/A;N/A;N/A;N/A;N/A;N/A;N/A;N/A;N/A;N/A;N/A;N/A;N/A;N/A;N/A;N/A;N/A;N/A;N/A;N/A;N/A;N/A;N/A;N/A;N/A;N/A;N/A;N/A;N/A;N/A;N/A;Sí;Sí;N/A;N/A;Sí;N/A;N/A;N/A;N/A;N/A;N/A;N/A;"1590 mm";"4295 mm";N/A;N/A;N/A;N/A;5;"118 hp";Exclusive;N/A;4;"1760 mm";N/A;N/A;N/A;N/A;N/A;N/A;N/A;N/A;N/A;N/A;N/A;N/A;N/A;N/A;N/A;N/A;N/A;N/A;5;1.6;Nafta;Automática;SUV;"Autos y camionetas";N/A;N/A;N/A;N/A;N/A;N/A;UY;N/A;N/A;N/A;N/A;N/A;N/A;N/A;N/A;N/A;N/A;N/A;N/A;N/A;N/A;N/A;N/A;N/A;N/A;N/A;N/A;N/A;N/A;N/A;N/A;N/A;N/A;N/A;N/A;N/A;N/A;N/A;N/A;N/A;N/A;N/A;N/A;N/A;N/A;N/A;N/A;N/A;N/A;N/A;N/A;N/A;N/A;N/A;N/A;N/A;N/A;N/A;N/A;N/A;N/A;N/A;N/A;N/A;N/A;N/A;N/A;N/A;N/A;N/A;N/A;N/A;N/A;N/A;N/A;N/A;N/A;N/A;N/A;N/A;N/A;N/A;N/A;N/A;N/A;N/A;N/A;N/A;N/A;N/A;N/A;N/A;N/A;N/A;N/A;N/A;Sí;N/A;Sí;N/A;N/A;N/A;N/A;N/A;N/A;Sí;N/A;N/A;N/A;N/A;N/A;Sí;Sí;N/A;Sí;N/A;N/A;N/A;N/A;Sí;N/A;Sí
Nissan;"NP300 Frontier";"2.5 Se Doble Cabina";2021;"160000 km";;FLFL1457439;29400;;;;;Centro;https://auto.mercadolibre.com.uy/MLU-635334523-nissan-np300-frontier-2021-25-se-doble-cabina-_JM;N/A;;"Nissan Np300 Frontier 2021 2.5 Se Doble Cabina";usd;Sí;gold_premium;false;N/A;N/A;http://perfil.mercadolibre.com.uy/FLFL1457439;active;N/A;N/A;Usado;N/A;N/A;Hidráulica;4x2;Sí;N/A;N/A;N/A;N/A;N/A;N/A;N/A;N/A;N/A;N/A;N/A;N/A;N/A;N/A;N/A;N/A;N/A;N/A;N/A;N/A;N/A;N/A;N/A;N/A;"3150 mm";"2.5 L";"80 L";6;N/A;N/A;N/A;N/A;N/A;N/A;N/A;N/A;N/A;N/A;N/A;N/A;N/A;N/A;N/A;N/A;N/A;N/A;N/A;N/A;N/A;N/A;N/A;N/A;N/A;N/A;N/A;N/A;N/A;N/A;N/A;N/A;N/A;Sí;Sí;N/A;N/A;N/A;N/A;N/A;N/A;N/A;N/A;N/A;N/A;"1860 mm";"5258 mm";N/A;N/A;N/A;N/A;N/A;"120 hp";Se;N/A;4;"1850 mm";N/A;N/A;N/A;N/A;N/A;N/A;N/A;N/A;N/A;N/A;N/A;N/A;N/A;N/A;N/A;N/A;N/A;N/A;4;2.5;Diésel;Manual;Pick-Up;"Autos y camionetas";N/A;N/A;N/A;N/A;N/A;N/A;UY;N/A;N/A;N/A;N/A;N/A;N/A;N/A;N/A;N/A;N/A;N/A;N/A;N/A;N/A;N/A;N/A;N/A;N/A;N/A;N/A;N/A;N/A;N/A;N/A;N/A;N/A;N/A;N/A;N/A;N/A;N/A;N/A;N/A;N/A;N/A;N/A;N/A;N/A;N/A;N/A;N/A;N/A;N/A;N/A;N/A;N/A;N/A;N/A;N/A;N/A;N/A;N/A;N/A;N/A;N/A;N/A;N/A;N/A;N/A;N/A;N/A;N/A;N/A;N/A;N/A;N/A;N/A;N/A;N/A;N/A;N/A;N/A;N/A;N/A;N/A;N/A;N/A;N/A;N/A;N/A;N/A;N/A;N/A;N/A;N/A;N/A;N/A;N/A;N/A;Sí;N/A;N/A;N/A;N/A;N/A;N/A;N/A;N/A;Sí;N/A;N/A;N/A;N/A;N/A;N/A;N/A;N/A;Sí;N/A;N/A;N/A;N/A;N/A;N/A;N/A
Nissan;Versa;"EXTRAFULL AUTOMATICO";2013;"100000 km";;"OLIVA AUTOMOTORES";12500;;;;;Malvin;https://auto.mercadolibre.com.uy/MLU-660455076-nissan-versa-automatico-_JM;N/A;;"Nissan Versa Automatico";USD;Sí;gold_premium;false;N/A;N/A;http://perfil.mercadolibre.com.uy/OLIVA+AUTOMOTORES;active;N/A;N/A;Usado;Rojo;N/A;Hidráulica;Delantera;N/A;N/A;N/A;N/A;N/A;N/A;N/A;N/A;N/A;N/A;N/A;N/A;N/A;N/A;N/A;N/A;N/A;N/A;N/A;N/A;N/A;N/A;N/A;N/A;N/A;N/A;N/A;N/A;N/A;N/A;N/A;N/A;N/A;N/A;N/A;N/A;N/A;N/A;N/A;N/A;N/A;N/A;N/A;N/A;N/A;N/A;N/A;N/A;N/A;N/A;N/A;N/A;N/A;N/A;N/A;N/A;N/A;N/A;N/A;N/A;N/A;N/A;N/A;N/A;N/A;N/A;N/A;N/A;N/A;N/A;N/A;N/A;N/A;N/A;N/A;N/A;N/A;N/A;N/A;N/A;N/A;N/A;N/A;N/A;N/A;N/A;N/A;N/A;N/A;N/A;N/A;N/A;N/A;N/A;N/A;N/A;N/A;N/A;N/A;N/A;N/A;N/A;N/A;"Lunes a Viernes de 9:00 a 18:30hs, Sáb. de 10 a 13 hs";5;1.6;Nafta;Automática;Sedán;"Autos y camionetas";N/A;N/A;N/A;N/A;N/A;N/A;N/A;N/A;N/A;N/A;N/A;N/A;N/A;N/A;N/A;N/A;N/A;N/A;N/A;N/A;N/A;N/A;N/A;N/A;N/A;N/A;N/A;N/A;N/A;N/A;N/A;N/A;N/A;N/A;N/A;N/A;N/A;N/A;N/A;N/A;N/A;N/A;N/A;N/A;N/A;N/A;N/A;N/A;N/A;N/A;N/A;N/A;N/A;N/A;N/A;N/A;N/A;N/A;N/A;N/A;N/A;N/A;N/A;N/A;N/A;N/A;N/A;N/A;N/A;N/A;N/A;N/A;N/A;N/A;N/A;N/A;N/A;N/A;N/A;N/A;N/A;N/A;N/A;N/A;N/A;N/A;N/A;N/A;N/A;N/A;N/A;N/A;N/A;N/A;N/A;N/A;N/A;N/A;N/A;N/A;N/A;N/A;N/A;N/A;N/A;N/A;N/A;N/A;N/A;N/A;N/A;N/A;N/A;N/A;N/A;N/A;N/A;N/A;N/A;N/A;N/A;N/A
Nissan;Frontier;"4.0 Pro-4x V6 4x2 Mt";2015;"30000 km";;FYG2021;33900;;;;;"Ciudad Vieja";https://auto.mercadolibre.com.uy/MLU-633401343-nissan-frontier-frontier-v6-40-_JM;N/A;;"Nissan Frontier Frontier V6 4.0";usd;Sí;gold_premium;false;N/A;N/A;http://perfil.mercadolibre.com.uy/FYG2021;active;N/A;N/A;Usado;N/A;N/A;Hidráulica;4x2;Sí;N/A;N/A;N/A;N/A;N/A;N/A;N/A;N/A;N/A;N/A;N/A;N/A;N/A;N/A;N/A;N/A;N/A;N/A;N/A;N/A;N/A;N/A;N/A;N/A;N/A;"4 L";N/A;N/A;N/A;N/A;N/A;N/A;N/A;N/A;N/A;N/A;N/A;N/A;N/A;N/A;N/A;N/A;N/A;N/A;N/A;N/A;N/A;N/A;N/A;N/A;N/A;N/A;N/A;N/A;N/A;N/A;N/A;N/A;N/A;N/A;N/A;N/A;N/A;N/A;N/A;N/A;N/A;N/A;N/A;N/A;N/A;N/A;N/A;N/A;N/A;N/A;N/A;N/A;N/A;N/A;"261 hp";Pro-4x;N/A;N/A;N/A;N/A;N/A;N/A;N/A;N/A;N/A;N/A;N/A;N/A;N/A;N/A;N/A;N/A;N/A;N/A;N/A;N/A;N/A;2;4.0;Nafta;Manual;Pick-Up;"Autos y camionetas";N/A;N/A;N/A;N/A;N/A;N/A;UY;N/A;N/A;N/A;N/A;N/A;N/A;N/A;N/A;N/A;N/A;N/A;N/A;N/A;N/A;N/A;N/A;N/A;N/A;N/A;N/A;N/A;N/A;N/A;N/A;N/A;N/A;N/A;N/A;N/A;N/A;N/A;N/A;N/A;N/A;N/A;N/A;N/A;N/A;N/A;N/A;N/A;N/A;N/A;N/A;N/A;N/A;N/A;N/A;N/A;N/A;N/A;N/A;N/A;N/A;N/A;N/A;N/A;N/A;N/A;N/A;N/A;N/A;N/A;N/A;N/A;N/A;N/A;N/A;N/A;N/A;N/A;N/A;N/A;N/A;N/A;N/A;N/A;N/A;N/A;N/A;N/A;N/A;N/A;N/A;N/A;N/A;N/A;N/A;N/A;Sí;N/A;N/A;N/A;N/A;N/A;N/A;N/A;N/A;N/A;N/A;N/A;N/A;N/A;N/A;N/A;N/A;N/A;Sí;N/A;N/A;N/A;N/A;N/A;N/A;N/A
Nissan;Kicks;"1.6 Advance At";2022;"19000 km";;GLMOTORS2;28500;;;;;Malvin;https://auto.mercadolibre.com.uy/MLU-665454396-nissan-kicks-advance-_JM;N/A;;"Nissan Kicks Advance ";usd;Sí;gold_premium;false;N/A;N/A;http://perfil.mercadolibre.com.uy/GLMOTORS2;active;N/A;N/A;Usado;Gris;N/A;Hidráulica;Delantera;Sí;N/A;N/A;N/A;N/A;N/A;N/A;N/A;N/A;N/A;N/A;N/A;N/A;N/A;N/A;N/A;N/A;N/A;N/A;N/A;N/A;N/A;N/A;N/A;N/A;"2620 mm";"1.6 L";"50 L";N/A;N/A;N/A;N/A;N/A;N/A;N/A;N/A;N/A;N/A;N/A;N/A;N/A;N/A;N/A;N/A;N/A;N/A;N/A;N/A;N/A;N/A;N/A;N/A;N/A;N/A;N/A;N/A;N/A;N/A;N/A;N/A;N/A;N/A;Sí;Sí;Sí;N/A;N/A;N/A;N/A;N/A;N/A;N/A;N/A;N/A;"1590 mm";"4295 mm";N/A;N/A;N/A;N/A;5;"118 hp";Advance;N/A;4;"1760 mm";N/A;N/A;N/A;N/A;N/A;N/A;N/A;N/A;N/A;N/A;N/A;N/A;N/A;N/A;N/A;N/A;N/A;"DE 9 A 18.30";5;1.6;Nafta;Automática;SUV;"Autos y camionetas";N/A;N/A;N/A;N/A;N/A;N/A;UY;N/A;N/A;N/A;N/A;N/A;N/A;N/A;N/A;N/A;N/A;N/A;N/A;N/A;N/A;N/A;N/A;N/A;N/A;N/A;N/A;N/A;N/A;N/A;N/A;N/A;N/A;N/A;N/A;N/A;N/A;N/A;N/A;N/A;N/A;N/A;N/A;N/A;N/A;N/A;N/A;N/A;N/A;N/A;N/A;N/A;N/A;N/A;N/A;N/A;N/A;N/A;N/A;N/A;N/A;N/A;N/A;N/A;N/A;N/A;N/A;N/A;N/A;N/A;N/A;N/A;N/A;N/A;N/A;N/A;N/A;N/A;N/A;N/A;N/A;N/A;N/A;N/A;N/A;N/A;N/A;N/A;N/A;N/A;N/A;N/A;N/A;N/A;N/A;N/A;Sí;N/A;Sí;N/A;N/A;N/A;N/A;N/A;N/A;Sí;N/A;N/A;N/A;N/A;N/A;N/A;Sí;N/A;Sí;N/A;N/A;N/A;N/A;Sí;N/A;Sí
Nissan;"NP300 Frontier";"2.5 Xe Tdsl 188hp D.cab.";2022;"62800 km";;JPAUTOMVILES;45500;;;;;Paysandú;https://auto.mercadolibre.com.uy/MLU-665045464-nissan-np300-frontier-2022-25-xe-tdsl-188hp-dcab-_JM;N/A;;"Nissan Np300 Frontier 2022 2.5 Xe Tdsl 188hp D.cab.";usd;Sí;gold_premium;false;N/A;N/A;http://perfil.mercadolibre.com.uy/JPAUTOMVILES;active;N/A;N/A;Usado;N/A;N/A;Hidráulica;4x2;Sí;N/A;N/A;N/A;N/A;N/A;N/A;N/A;Sí;N/A;N/A;N/A;N/A;N/A;N/A;N/A;N/A;N/A;N/A;N/A;N/A;N/A;N/A;N/A;N/A;"3150 mm";"2.5 L";"80 L";6;N/A;N/A;N/A;N/A;N/A;N/A;N/A;N/A;N/A;N/A;N/A;N/A;N/A;N/A;N/A;N/A;N/A;N/A;N/A;N/A;N/A;N/A;N/A;N/A;N/A;N/A;N/A;N/A;N/A;N/A;N/A;N/A;N/A;Sí;Sí;Sí;N/A;N/A;N/A;N/A;N/A;N/A;N/A;N/A;N/A;"1860 mm";"5258 mm";N/A;N/A;N/A;N/A;N/A;"188 hp";Xe;N/A;4;"1850 mm";N/A;N/A;N/A;N/A;N/A;N/A;N/A;N/A;N/A;N/A;N/A;N/A;N/A;N/A;N/A;N/A;N/A;N/A;2;2.5;Diésel;Manual;Pick-Up;"Autos y camionetas";N/A;N/A;N/A;N/A;N/A;N/A;UY;N/A;N/A;N/A;N/A;N/A;N/A;N/A;N/A;N/A;N/A;N/A;N/A;N/A;N/A;N/A;N/A;N/A;N/A;N/A;N/A;N/A;N/A;N/A;N/A;N/A;N/A;N/A;N/A;N/A;N/A;N/A;N/A;N/A;N/A;N/A;N/A;N/A;N/A;N/A;N/A;N/A;N/A;N/A;N/A;N/A;N/A;N/A;N/A;N/A;N/A;N/A;N/A;N/A;N/A;N/A;N/A;N/A;N/A;N/A;N/A;N/A;N/A;N/A;N/A;N/A;N/A;N/A;N/A;N/A;N/A;N/A;N/A;N/A;N/A;N/A;N/A;N/A;N/A;N/A;N/A;N/A;N/A;N/A;N/A;N/A;N/A;N/A;N/A;N/A;N/A;N/A;N/A;N/A;N/A;N/A;N/A;N/A;N/A;N/A;N/A;N/A;N/A;N/A;N/A;N/A;Sí;N/A;Sí;N/A;N/A;N/A;N/A;Sí;N/A;Sí
Nissan;Note;"1.6 Advance At";2018;"92600 km";;MOREIRAAUTOMOVILES;15990;;;;;Pando;https://auto.mercadolibre.com.uy/MLU-664536634-nissan-note-2018-16-advance-at-_JM;N/A;;"Nissan Note 2018 1.6 Advance At";usd;Sí;gold_premium;false;N/A;N/A;http://perfil.mercadolibre.com.uy/MOREIRAAUTOMOVILES;active;N/A;N/A;Usado;N/A;N/A;Hidráulica;Delantera;Sí;N/A;N/A;N/A;N/A;N/A;N/A;N/A;N/A;N/A;N/A;N/A;N/A;N/A;N/A;N/A;N/A;N/A;N/A;N/A;N/A;N/A;N/A;N/A;N/A;"2600 mm";"1.6 L";"41 L";N/A;N/A;N/A;N/A;N/A;N/A;N/A;N/A;N/A;N/A;N/A;N/A;N/A;N/A;N/A;N/A;N/A;N/A;N/A;N/A;N/A;N/A;N/A;N/A;N/A;N/A;N/A;N/A;N/A;N/A;N/A;N/A;N/A;N/A;Sí;Sí;N/A;N/A;N/A;N/A;N/A;N/A;N/A;N/A;N/A;N/A;"1535 mm";"4150 mm";N/A;N/A;N/A;N/A;5;"109 hp";Advance;N/A;4;N/A;N/A;N/A;N/A;N/A;N/A;N/A;N/A;Sí;N/A;N/A;N/A;N/A;N/A;N/A;N/A;N/A;N/A;N/A;5;1.6;Nafta;Automática;Hatchback;"Autos y camionetas";N/A;N/A;N/A;N/A;N/A;N/A;UY;N/A;N/A;N/A;N/A;N/A;N/A;N/A;N/A;N/A;N/A;N/A;N/A;N/A;N/A;N/A;N/A;N/A;N/A;N/A;N/A;N/A;N/A;N/A;N/A;N/A;N/A;N/A;N/A;N/A;N/A;N/A;N/A;N/A;N/A;N/A;N/A;N/A;N/A;N/A;N/A;N/A;N/A;N/A;N/A;N/A;N/A;N/A;N/A;N/A;N/A;N/A;N/A;N/A;N/A;N/A;N/A;N/A;N/A;N/A;N/A;N/A;N/A;N/A;N/A;N/A;N/A;N/A;N/A;N/A;N/A;N/A;N/A;N/A;N/A;N/A;N/A;N/A;N/A;N/A;N/A;N/A;N/A;N/A;N/A;N/A;N/A;N/A;N/A;N/A;Sí;N/A;Sí;N/A;N/A;N/A;N/A;Sí;N/A;Sí;N/A;N/A;N/A;N/A;N/A;N/A;Sí;N/A;Sí;N/A;N/A;N/A;N/A;Sí;N/A;N/A
Nissan;Sentra;--;2013;"200000 km";;DANILOMARTINEZSNCHEZ;5700;;;;;Cardona;https://auto.mercadolibre.com.uy/MLU-634727811-nissan-sentra-2013-excelente-de-motor-todo-al-dia--_JM;N/A;;"Nissan Sentra 2013 Excelente De Motor, Todo Al Día !!";USD;Sí;gold_premium;false;N/A;N/A;http://perfil.mercadolibre.com.uy/DANILOMARTINEZSNCHEZ;active;N/A;N/A;Usado;Blanco;N/A;Hidráulica;N/A;N/A;N/A;N/A;N/A;N/A;N/A;N/A;N/A;N/A;N/A;N/A;N/A;N/A;N/A;N/A;N/A;N/A;N/A;N/A;N/A;N/A;N/A;N/A;N/A;N/A;N/A;N/A;N/A;N/A;N/A;N/A;N/A;N/A;N/A;N/A;N/A;N/A;N/A;N/A;N/A;N/A;N/A;N/A;N/A;N/A;N/A;N/A;N/A;N/A;N/A;N/A;N/A;N/A;N/A;N/A;N/A;N/A;N/A;N/A;N/A;N/A;N/A;N/A;N/A;N/A;N/A;N/A;N/A;N/A;N/A;N/A;N/A;N/A;N/A;N/A;N/A;N/A;N/A;N/A;N/A;N/A;N/A;N/A;N/A;N/A;N/A;N/A;No;N/A;N/A;N/A;N/A;No;No;N/A;N/A;N/A;N/A;N/A;N/A;N/A;N/A;N/A;"Lunes a Domingos 8 a 22 hs";5;N/A;Nafta;Manual;Sedán;"Autos y camionetas";N/A;N/A;N/A;N/A;N/A;N/A;N/A;N/A;N/A;N/A;N/A;N/A;N/A;N/A;N/A;N/A;N/A;N/A;N/A;N/A;N/A;N/A;N/A;N/A;N/A;N/A;N/A;N/A;N/A;N/A;N/A;N/A;N/A;N/A;N/A;N/A;N/A;N/A;N/A;N/A;N/A;N/A;N/A;N/A;N/A;N/A;N/A;N/A;N/A;N/A;N/A;N/A;N/A;N/A;N/A;N/A;N/A;N/A;N/A;N/A;N/A;N/A;N/A;N/A;N/A;N/A;N/A;N/A;N/A;N/A;N/A;N/A;N/A;N/A;N/A;N/A;N/A;N/A;N/A;N/A;N/A;N/A;N/A;N/A;N/A;N/A;N/A;N/A;N/A;N/A;N/A;N/A;N/A;N/A;N/A;N/A;N/A;N/A;N/A;N/A;N/A;N/A;N/A;N/A;N/A;N/A;N/A;N/A;N/A;N/A;N/A;N/A;N/A;N/A;N/A;N/A;N/A;N/A;N/A;N/A;N/A;N/A
Nissan;Kicks;"1.6 Advance At";2018;"117000 km";;"MOREIRA AUTOMOVILES";19490;;;;;"Las Piedras";https://auto.mercadolibre.com.uy/MLU-662210266-nissan-kicks-2018-16-advance-at-_JM;N/A;;"Nissan Kicks 2018 1.6 Advance At";usd;Sí;gold_premium;false;N/A;N/A;http://perfil.mercadolibre.com.uy/MOREIRA+AUTOMOVILES;active;N/A;N/A;Usado;N/A;N/A;Hidráulica;Delantera;Sí;N/A;N/A;N/A;N/A;N/A;N/A;N/A;N/A;N/A;N/A;N/A;N/A;N/A;N/A;N/A;N/A;N/A;N/A;N/A;N/A;N/A;N/A;N/A;N/A;"2620 mm";"1.6 L";"50 L";N/A;N/A;N/A;N/A;N/A;N/A;N/A;N/A;N/A;N/A;N/A;N/A;N/A;N/A;N/A;N/A;N/A;N/A;N/A;N/A;N/A;N/A;N/A;N/A;N/A;N/A;N/A;N/A;N/A;N/A;N/A;N/A;N/A;N/A;Sí;Sí;Sí;N/A;N/A;N/A;N/A;N/A;N/A;N/A;N/A;N/A;"1590 mm";"4295 mm";N/A;N/A;N/A;N/A;5;"118 hp";Advance;N/A;4;"1760 mm";N/A;N/A;N/A;N/A;N/A;N/A;N/A;N/A;N/A;N/A;N/A;N/A;N/A;N/A;N/A;N/A;N/A;N/A;5;1.6;Nafta;Automática;SUV;"Autos y camionetas";N/A;N/A;N/A;N/A;N/A;N/A;UY;N/A;N/A;N/A;N/A;N/A;N/A;N/A;N/A;N/A;N/A;N/A;N/A;N/A;N/A;N/A;N/A;N/A;N/A;N/A;N/A;N/A;N/A;N/A;N/A;N/A;N/A;N/A;N/A;N/A;N/A;N/A;N/A;N/A;N/A;N/A;N/A;N/A;N/A;N/A;N/A;N/A;N/A;N/A;N/A;N/A;N/A;N/A;N/A;N/A;N/A;N/A;N/A;N/A;N/A;N/A;N/A;N/A;N/A;N/A;N/A;N/A;N/A;N/A;N/A;N/A;N/A;N/A;N/A;N/A;N/A;N/A;N/A;N/A;N/A;N/A;N/A;N/A;N/A;N/A;N/A;N/A;N/A;N/A;N/A;N/A;N/A;N/A;N/A;N/A;Sí;N/A;Sí;N/A;N/A;N/A;N/A;N/A;N/A;Sí;N/A;N/A;N/A;N/A;N/A;N/A;Sí;N/A;Sí;N/A;N/A;N/A;N/A;Sí;N/A;Sí
Nissan;Qashqai;"1.3T Exclusive AWD";2024;"0 km";;"NISSAN CAR_ONE";55990;;;;;"Ciudad de la Costa";https://auto.mercadolibre.com.uy/MLU-661845156-nissan-qashqai-13t-exclusive-awd-13-2024-0km-_JM;N/A;;"Nissan Qashqai 1.3t Exclusive Awd 1.3 2024 0km";USD;Sí;gold_premium;false;N/A;N/A;http://perfil.mercadolibre.com.uy/NISSAN+CAR_ONE;active;N/A;N/A;Nuevo;N/A;N/A;Eléctrica;N/A;N/A;Sí;N/A;Sí;Sí;N/A;Sí;Sí;Sí;Sí;N/A;Sí;Sí;N/A;Sí;N/A;N/A;N/A;N/A;N/A;N/A;N/A;N/A;N/A;N/A;N/A;"1300 cc";N/A;7;N/A;N/A;Sí;Sí;Sí;N/A;Sí;N/A;N/A;N/A;N/A;N/A;N/A;N/A;N/A;N/A;N/A;N/A;N/A;N/A;N/A;Sí;N/A;Sí;N/A;Sí;N/A;Sí;N/A;N/A;N/A;N/A;N/A;N/A;N/A;N/A;Sí;N/A;N/A;N/A;N/A;N/A;Sí;N/A;N/A;N/A;N/A;N/A;N/A;N/A;N/A;N/A;"147 hp";Exclusive;N/A;N/A;N/A;N/A;N/A;N/A;Sí;Sí;N/A;Sí;Sí;Sí;N/A;N/A;N/A;N/A;N/A;N/A;N/A;N/A;"Lunes a Domingos de 10 a 20 hs";5;1.3;Nafta;"Automática secuencial";SUV;"Autos y camionetas";Sí;N/A;N/A;N/A;Sí;N/A;N/A;Sí;Sí;Sí;No;N/A;N/A;N/A;N/A;N/A;N/A;N/A;N/A;N/A;N/A;N/A;N/A;N/A;Sí;N/A;N/A;N/A;N/A;N/A;N/A;N/A;N/A;N/A;N/A;Sí;N/A;N/A;N/A;N/A;N/A;N/A;N/A;Sí;N/A;N/A;N/A;N/A;N/A;N/A;N/A;N/A;N/A;Sí;N/A;N/A;N/A;Sí;Sí;N/A;N/A;Sí;No;N/A;N/A;N/A;N/A;N/A;N/A;N/A;Sí;N/A;N/A;N/A;N/A;N/A;N/A;N/A;N/A;N/A;N/A;N/A;N/A;N/A;N/A;N/A;N/A;N/A;N/A;N/A;N/A;N/A;Sí;N/A;N/A;N/A;Sí;N/A;Sí;Sí;Sí;Sí;Sí;N/A;Sí;Sí;N/A;Sí;N/A;N/A;Sí;Sí;Sí;N/A;Sí;N/A;Sí;N/A;N/A;Sí;N/A;Sí
Nissan;Frontier;"NP 300 Diesel LE 6MT";2018;"211000 km";;LOTO4386217;30800;;;;;Carrasco;https://auto.mercadolibre.com.uy/MLU-635244775-nissan-frontier-np-300-disel-le-6mt-_JM;N/A;;"Nissan Frontier Np 300 Disel Le 6mt";USD;Sí;gold_premium;false;N/A;N/A;http://perfil.mercadolibre.com.uy/LOTO4386217;active;N/A;N/A;Usado;N/A;N/A;N/A;N/A;N/A;N/A;N/A;N/A;N/A;N/A;N/A;N/A;N/A;N/A;N/A;N/A;N/A;N/A;N/A;N/A;N/A;N/A;N/A;N/A;N/A;N/A;N/A;N/A;N/A;N/A;N/A;N/A;N/A;N/A;N/A;N/A;N/A;N/A;N/A;N/A;N/A;N/A;N/A;N/A;N/A;N/A;N/A;N/A;N/A;N/A;N/A;N/A;N/A;N/A;N/A;N/A;N/A;N/A;N/A;N/A;N/A;N/A;N/A;N/A;N/A;N/A;N/A;N/A;N/A;N/A;N/A;N/A;N/A;N/A;N/A;N/A;N/A;N/A;N/A;N/A;N/A;N/A;N/A;N/A;N/A;N/A;N/A;N/A;N/A;N/A;N/A;N/A;N/A;N/A;N/A;N/A;N/A;N/A;N/A;N/A;N/A;N/A;N/A;N/A;N/A;N/A;N/A;N/A;5;N/A;Diésel;N/A;N/A;"Autos y camionetas";N/A;N/A;N/A;N/A;N/A;N/A;N/A;N/A;N/A;N/A;N/A;N/A;N/A;N/A;N/A;N/A;N/A;N/A;N/A;N/A;N/A;N/A;N/A;N/A;N/A;N/A;N/A;N/A;N/A;N/A;N/A;N/A;N/A;N/A;N/A;N/A;N/A;N/A;N/A;N/A;N/A;N/A;N/A;N/A;N/A;N/A;N/A;N/A;N/A;N/A;N/A;N/A;N/A;N/A;N/A;N/A;N/A;N/A;N/A;N/A;N/A;N/A;N/A;N/A;N/A;N/A;N/A;N/A;N/A;N/A;N/A;N/A;N/A;N/A;N/A;N/A;N/A;N/A;N/A;N/A;N/A;N/A;N/A;N/A;N/A;N/A;N/A;N/A;N/A;N/A;N/A;N/A;N/A;N/A;N/A;N/A;N/A;N/A;N/A;N/A;N/A;N/A;N/A;N/A;N/A;N/A;N/A;N/A;N/A;N/A;N/A;N/A;N/A;N/A;N/A;N/A;N/A;N/A;N/A;N/A;N/A;N/A
Nissan;"NP300 Frontier";"2.5 Se Doble Cabina";2022;"36000 km";;GLMOTORS2;41990;;;;;Malvin;https://auto.mercadolibre.com.uy/MLU-635405025-nissan-frontier-pro4x-_JM;N/A;;"Nissan Frontier Pro4x";usd;Sí;gold_premium;false;N/A;N/A;http://perfil.mercadolibre.com.uy/GLMOTORS2;active;N/A;N/A;Usado;Negro;N/A;Hidráulica;4x2;Sí;N/A;N/A;N/A;N/A;N/A;N/A;N/A;N/A;N/A;N/A;N/A;N/A;N/A;N/A;N/A;N/A;N/A;N/A;N/A;N/A;N/A;N/A;N/A;N/A;"3150 mm";"2.5 L";"80 L";6;N/A;N/A;N/A;N/A;N/A;N/A;N/A;N/A;N/A;N/A;N/A;N/A;N/A;N/A;N/A;N/A;N/A;N/A;N/A;N/A;N/A;N/A;N/A;N/A;N/A;N/A;N/A;N/A;N/A;N/A;N/A;N/A;N/A;Sí;Sí;N/A;N/A;N/A;N/A;N/A;N/A;N/A;N/A;N/A;N/A;"1860 mm";"5258 mm";N/A;N/A;N/A;N/A;N/A;"120 hp";Se;N/A;4;"1850 mm";N/A;N/A;N/A;N/A;N/A;N/A;N/A;N/A;N/A;N/A;N/A;N/A;N/A;N/A;N/A;N/A;N/A;"DE 9 A 18.30";4;2.5;Diésel;Manual;Pick-Up;"Autos y camionetas";N/A;N/A;N/A;N/A;N/A;N/A;UY;N/A;N/A;N/A;N/A;N/A;N/A;N/A;N/A;N/A;N/A;N/A;N/A;N/A;N/A;N/A;N/A;N/A;N/A;N/A;N/A;N/A;N/A;N/A;N/A;N/A;N/A;N/A;N/A;N/A;N/A;N/A;N/A;N/A;N/A;N/A;N/A;N/A;N/A;N/A;N/A;N/A;N/A;N/A;N/A;N/A;N/A;N/A;N/A;N/A;N/A;N/A;N/A;N/A;N/A;N/A;N/A;N/A;N/A;N/A;N/A;N/A;N/A;N/A;N/A;N/A;N/A;N/A;N/A;N/A;N/A;N/A;N/A;N/A;N/A;N/A;N/A;N/A;N/A;N/A;N/A;N/A;N/A;N/A;N/A;N/A;N/A;N/A;N/A;N/A;Sí;N/A;N/A;N/A;N/A;N/A;N/A;N/A;N/A;Sí;N/A;N/A;N/A;N/A;N/A;N/A;N/A;N/A;Sí;N/A;N/A;N/A;N/A;N/A;N/A;N/A
Nissan;Sentra;"1.8 Advance Mt";2014;"88500 km";;"MARIÑO SPORT";14490;;;;;Pocitos;https://auto.mercadolibre.com.uy/MLU-665979898-nissan-sentra-2014-18-advance-mt-_JM;N/A;;"Nissan Sentra 2014 1.8 Advance Mt";usd;Sí;gold_premium;false;N/A;N/A;http://perfil.mercadolibre.com.uy/MARI%C3%91O+SPORT;active;N/A;N/A;Usado;N/A;N/A;Hidráulica;Delantera;Sí;N/A;N/A;N/A;N/A;N/A;N/A;N/A;N/A;N/A;N/A;N/A;N/A;N/A;N/A;N/A;N/A;N/A;N/A;N/A;N/A;N/A;N/A;N/A;N/A;N/A;"1.8 L";N/A;N/A;N/A;N/A;N/A;N/A;N/A;N/A;N/A;N/A;N/A;N/A;N/A;N/A;N/A;N/A;N/A;N/A;N/A;N/A;N/A;N/A;N/A;N/A;N/A;N/A;N/A;N/A;N/A;N/A;N/A;N/A;N/A;N/A;N/A;N/A;N/A;N/A;N/A;N/A;N/A;N/A;N/A;N/A;N/A;N/A;N/A;N/A;N/A;N/A;N/A;N/A;N/A;N/A;"129 hp";Advance;N/A;N/A;N/A;N/A;N/A;N/A;N/A;N/A;N/A;N/A;N/A;N/A;N/A;N/A;N/A;N/A;N/A;N/A;N/A;N/A;N/A;4;1.8;Nafta;Manual;Coupé;"Autos y camionetas";N/A;N/A;N/A;N/A;N/A;N/A;UY;N/A;N/A;N/A;N/A;N/A;N/A;N/A;N/A;N/A;N/A;N/A;N/A;N/A;N/A;N/A;N/A;N/A;N/A;N/A;N/A;N/A;N/A;N/A;N/A;N/A;N/A;N/A;N/A;N/A;N/A;N/A;N/A;N/A;N/A;N/A;N/A;N/A;N/A;N/A;N/A;N/A;N/A;N/A;N/A;N/A;N/A;N/A;N/A;N/A;N/A;N/A;N/A;N/A;N/A;N/A;N/A;N/A;N/A;N/A;N/A;N/A;N/A;N/A;N/A;N/A;N/A;N/A;N/A;N/A;N/A;N/A;N/A;N/A;N/A;N/A;N/A;N/A;N/A;N/A;N/A;N/A;N/A;N/A;N/A;N/A;N/A;N/A;N/A;N/A;Sí;N/A;N/A;N/A;N/A;N/A;N/A;N/A;N/A;N/A;N/A;N/A;N/A;N/A;N/A;N/A;N/A;N/A;Sí;N/A;N/A;N/A;N/A;N/A;N/A;N/A
Nissan;Note;"1.6 Advance Mt";2017;"98000 km";;"MARIÑO SPORT";14600;;;;;Pocitos;https://auto.mercadolibre.com.uy/MLU-660882710-nissan-note-16-advance-mt-_JM;N/A;;"Nissan Note 1.6 Advance Mt";USD;Sí;gold_premium;false;N/A;N/A;http://perfil.mercadolibre.com.uy/MARI%C3%91O+SPORT;active;N/A;N/A;Usado;N/A;N/A;N/A;N/A;N/A;N/A;N/A;N/A;N/A;N/A;N/A;N/A;N/A;N/A;N/A;N/A;N/A;N/A;N/A;N/A;N/A;N/A;N/A;N/A;N/A;N/A;N/A;N/A;N/A;N/A;N/A;N/A;N/A;N/A;N/A;N/A;N/A;N/A;N/A;N/A;N/A;N/A;N/A;N/A;N/A;N/A;N/A;N/A;N/A;N/A;N/A;N/A;N/A;N/A;N/A;N/A;N/A;N/A;N/A;N/A;N/A;N/A;N/A;N/A;N/A;N/A;N/A;N/A;N/A;N/A;N/A;N/A;N/A;N/A;N/A;N/A;N/A;N/A;N/A;N/A;N/A;N/A;N/A;N/A;N/A;N/A;N/A;N/A;N/A;N/A;N/A;N/A;N/A;N/A;N/A;N/A;N/A;N/A;N/A;N/A;N/A;N/A;N/A;N/A;N/A;N/A;N/A;N/A;5;N/A;Nafta;N/A;N/A;"Autos y camionetas";N/A;N/A;N/A;N/A;N/A;N/A;N/A;N/A;N/A;N/A;N/A;N/A;N/A;N/A;N/A;N/A;N/A;N/A;N/A;N/A;N/A;N/A;N/A;N/A;N/A;N/A;N/A;N/A;N/A;N/A;N/A;N/A;N/A;N/A;N/A;N/A;N/A;N/A;N/A;N/A;N/A;N/A;N/A;N/A;N/A;N/A;N/A;N/A;N/A;N/A;N/A;N/A;N/A;N/A;N/A;N/A;N/A;N/A;N/A;N/A;N/A;N/A;N/A;N/A;N/A;N/A;N/A;N/A;N/A;N/A;N/A;N/A;N/A;N/A;N/A;N/A;N/A;N/A;N/A;N/A;N/A;N/A;N/A;N/A;N/A;N/A;N/A;N/A;N/A;N/A;N/A;N/A;N/A;N/A;N/A;N/A;N/A;N/A;N/A;N/A;N/A;N/A;N/A;N/A;N/A;N/A;N/A;N/A;N/A;N/A;N/A;N/A;N/A;N/A;N/A;N/A;N/A;N/A;N/A;N/A;N/A;N/A
Nissan;Juke;"1.6 Advance Cvt Mt";2014;"125000 km";;GUSTAVO.D.;20900;;;;;"Parque Miramar";https://auto.mercadolibre.com.uy/MLU-635363849-nissan-juke-2014-16-advance-cvt-mt-_JM;N/A;;"Nissan Juke 2014 1.6 Advance Cvt Mt";usd;Sí;gold_premium;false;N/A;N/A;http://perfil.mercadolibre.com.uy/GUSTAVO.D.;active;N/A;N/A;Usado;N/A;N/A;Hidráulica;Delantera;Sí;N/A;N/A;N/A;N/A;N/A;N/A;N/A;N/A;N/A;N/A;N/A;N/A;N/A;N/A;N/A;N/A;N/A;N/A;N/A;N/A;N/A;N/A;N/A;N/A;"2530 mm";"1.6 L";"52 L";N/A;N/A;N/A;N/A;N/A;N/A;N/A;N/A;N/A;N/A;N/A;N/A;N/A;N/A;N/A;N/A;N/A;N/A;N/A;N/A;N/A;N/A;N/A;N/A;N/A;N/A;N/A;N/A;N/A;N/A;N/A;N/A;N/A;N/A;N/A;N/A;N/A;N/A;N/A;N/A;N/A;N/A;N/A;N/A;N/A;N/A;"1575 mm";"4135 mm";N/A;N/A;N/A;N/A;5;N/A;Advance;N/A;N/A;"1765 mm";N/A;N/A;N/A;N/A;N/A;N/A;N/A;N/A;N/A;N/A;N/A;N/A;N/A;N/A;N/A;N/A;N/A;N/A;5;1.6;Nafta;Manual;SUV;"Autos y camionetas";N/A;N/A;N/A;N/A;N/A;N/A;UY;N/A;N/A;N/A;N/A;N/A;N/A;N/A;N/A;N/A;N/A;N/A;N/A;N/A;N/A;N/A;N/A;N/A;N/A;N/A;N/A;N/A;N/A;N/A;N/A;N/A;N/A;N/A;N/A;N/A;N/A;N/A;N/A;N/A;N/A;N/A;N/A;N/A;N/A;N/A;N/A;N/A;N/A;N/A;N/A;N/A;N/A;N/A;N/A;N/A;N/A;N/A;N/A;N/A;N/A;N/A;N/A;N/A;N/A;N/A;N/A;N/A;N/A;N/A;N/A;N/A;N/A;N/A;N/A;N/A;N/A;N/A;N/A;N/A;N/A;N/A;N/A;N/A;N/A;N/A;N/A;N/A;N/A;N/A;N/A;N/A;N/A;N/A;N/A;N/A;Sí;N/A;N/A;N/A;N/A;N/A;N/A;N/A;N/A;N/A;N/A;N/A;N/A;N/A;N/A;N/A;N/A;N/A;Sí;N/A;N/A;N/A;N/A;N/A;N/A;N/A
Nissan;Qashqai;Exclusive;2015;"115000 km";;"MARIÑO SPORT";23990;;;;;Pocitos;https://auto.mercadolibre.com.uy/MLU-656925200-nissan-qashqai-exclusive-_JM;N/A;;"Nissan Qashqai Exclusive";USD;Sí;gold_premium;false;N/A;N/A;http://perfil.mercadolibre.com.uy/MARI%C3%91O+SPORT;active;N/A;N/A;Usado;N/A;N/A;N/A;N/A;N/A;N/A;N/A;N/A;N/A;N/A;N/A;N/A;N/A;N/A;N/A;N/A;N/A;N/A;N/A;N/A;N/A;N/A;N/A;N/A;N/A;N/A;N/A;N/A;N/A;N/A;N/A;N/A;N/A;N/A;N/A;N/A;N/A;N/A;N/A;N/A;N/A;N/A;N/A;N/A;N/A;N/A;N/A;N/A;N/A;N/A;N/A;N/A;N/A;N/A;N/A;N/A;N/A;N/A;N/A;N/A;N/A;N/A;N/A;N/A;N/A;N/A;N/A;N/A;N/A;N/A;N/A;N/A;N/A;N/A;N/A;N/A;N/A;N/A;N/A;N/A;N/A;N/A;N/A;N/A;N/A;N/A;N/A;N/A;N/A;N/A;N/A;N/A;N/A;N/A;N/A;N/A;N/A;N/A;N/A;N/A;N/A;N/A;N/A;N/A;N/A;N/A;N/A;N/A;5;N/A;Nafta;N/A;N/A;"Autos y camionetas";N/A;N/A;N/A;N/A;N/A;N/A;N/A;N/A;N/A;N/A;N/A;N/A;N/A;N/A;N/A;N/A;N/A;N/A;N/A;N/A;N/A;N/A;N/A;N/A;N/A;N/A;N/A;N/A;N/A;N/A;N/A;N/A;N/A;N/A;N/A;N/A;N/A;N/A;N/A;N/A;N/A;N/A;N/A;N/A;N/A;N/A;N/A;N/A;N/A;N/A;N/A;N/A;N/A;N/A;N/A;N/A;N/A;N/A;N/A;N/A;N/A;N/A;N/A;N/A;N/A;N/A;N/A;N/A;N/A;N/A;N/A;N/A;N/A;N/A;N/A;N/A;N/A;N/A;N/A;N/A;N/A;N/A;N/A;N/A;N/A;N/A;N/A;N/A;N/A;N/A;N/A;N/A;N/A;N/A;N/A;N/A;N/A;N/A;N/A;N/A;N/A;N/A;N/A;N/A;N/A;N/A;N/A;N/A;N/A;N/A;N/A;N/A;N/A;N/A;N/A;N/A;N/A;N/A;N/A;N/A;N/A;N/A
Nissan;Versa;"Exclusive 1.6 AT Gris Plata";2020;"99829 km";;"USADOS_GRUPO FIANCAR";23490;;;;;Carrasco;https://auto.mercadolibre.com.uy/MLU-654540142-nissan-versa-exclusive-16-at-gris-plata-2020-_JM;N/A;;"Nissan Versa Exclusive 1.6 At Gris Plata 2020";USD;Sí;gold_premium;false;N/A;N/A;http://perfil.mercadolibre.com.uy/USADOS_GRUPO+FIANCAR;active;N/A;N/A;Usado;Plateado;N/A;Eléctrica;N/A;Sí;Sí;Sí;N/A;N/A;N/A;Sí;Sí;Sí;N/A;Sí;Sí;Sí;N/A;Sí;N/A;N/A;N/A;N/A;N/A;N/A;N/A;N/A;N/A;N/A;N/A;"1600 cc";N/A;N/A;N/A;N/A;Sí;Sí;Sí;N/A;Sí;N/A;N/A;N/A;N/A;N/A;N/A;N/A;N/A;N/A;N/A;N/A;N/A;N/A;N/A;N/A;N/A;Sí;N/A;Sí;N/A;N/A;N/A;N/A;N/A;N/A;N/A;N/A;N/A;N/A;Sí;N/A;N/A;N/A;N/A;N/A;Sí;N/A;N/A;N/A;N/A;N/A;N/A;N/A;N/A;N/A;N/A;Exclusive;N/A;N/A;N/A;N/A;N/A;N/A;Sí;Sí;Sí;N/A;Sí;N/A;N/A;N/A;N/A;N/A;N/A;N/A;N/A;N/A;"Lunes a Viernes de 9 a 18";4;1.6;Nafta;Automática;Sedán;"Autos y camionetas";No;N/A;N/A;N/A;No;N/A;N/A;No;Sí;No;No;N/A;N/A;N/A;N/A;N/A;N/A;N/A;N/A;N/A;N/A;N/A;N/A;N/A;N/A;N/A;N/A;N/A;N/A;N/A;N/A;N/A;N/A;N/A;N/A;N/A;N/A;N/A;N/A;N/A;N/A;N/A;N/A;N/A;N/A;N/A;N/A;N/A;N/A;N/A;N/A;N/A;N/A;N/A;N/A;N/A;N/A;N/A;N/A;N/A;N/A;Sí;No;N/A;N/A;N/A;N/A;N/A;N/A;N/A;N/A;N/A;N/A;N/A;N/A;N/A;N/A;N/A;N/A;N/A;N/A;N/A;N/A;N/A;N/A;N/A;N/A;N/A;N/A;N/A;N/A;N/A;N/A;N/A;N/A;N/A;Sí;Sí;Sí;Sí;Sí;N/A;Sí;N/A;Sí;Sí;Sí;Sí;N/A;N/A;Sí;Sí;Sí;N/A;Sí;Sí;Sí;N/A;N/A;N/A;N/A;Sí
Nissan;Sentra;"New B18 2.0 Automático";2021;"33736 km";;"USADOS_GRUPO FIANCAR";31900;;;;;Carrasco;https://auto.mercadolibre.com.uy/MLU-654501466-nissan-sentra-new-b18-20-automatico-2021-_JM;N/A;;"Nissan Sentra New B18 2.0 Automático 2021";USD;Sí;gold_premium;false;N/A;N/A;http://perfil.mercadolibre.com.uy/USADOS_GRUPO+FIANCAR;active;N/A;N/A;Usado;Blanco;N/A;Hidráulica;N/A;Sí;Sí;Sí;N/A;N/A;N/A;Sí;Sí;Sí;N/A;Sí;Sí;Sí;N/A;Sí;N/A;N/A;N/A;N/A;N/A;N/A;N/A;N/A;N/A;N/A;N/A;"2000 cc";N/A;N/A;N/A;N/A;Sí;Sí;Sí;N/A;Sí;N/A;N/A;N/A;N/A;N/A;N/A;N/A;N/A;N/A;N/A;N/A;N/A;N/A;N/A;N/A;N/A;Sí;N/A;Sí;N/A;N/A;N/A;N/A;N/A;N/A;N/A;N/A;N/A;N/A;Sí;N/A;N/A;N/A;N/A;N/A;Sí;N/A;N/A;N/A;N/A;N/A;N/A;N/A;N/A;N/A;N/A;N/A;N/A;N/A;N/A;N/A;N/A;N/A;Sí;Sí;Sí;N/A;Sí;Sí;Sí;N/A;N/A;N/A;N/A;N/A;N/A;N/A;"Lunes a Viernes de 9 a 18";4;2.0;Nafta;Automática;Sedán;"Autos y camionetas";No;N/A;N/A;N/A;No;N/A;N/A;No;Sí;No;No;N/A;N/A;N/A;N/A;N/A;N/A;N/A;N/A;N/A;N/A;N/A;N/A;N/A;N/A;N/A;N/A;N/A;N/A;N/A;N/A;N/A;N/A;N/A;N/A;N/A;N/A;N/A;N/A;N/A;N/A;N/A;N/A;N/A;N/A;N/A;N/A;N/A;N/A;N/A;N/A;N/A;N/A;N/A;N/A;N/A;N/A;N/A;N/A;N/A;N/A;Sí;No;N/A;N/A;N/A;N/A;N/A;N/A;N/A;N/A;N/A;N/A;N/A;N/A;N/A;N/A;N/A;N/A;N/A;N/A;N/A;N/A;N/A;N/A;N/A;N/A;N/A;N/A;N/A;N/A;N/A;N/A;N/A;N/A;N/A;Sí;Sí;Sí;Sí;Sí;Sí;N/A;N/A;Sí;Sí;N/A;Sí;N/A;N/A;Sí;Sí;Sí;N/A;Sí;Sí;Sí;N/A;N/A;N/A;N/A;Sí
Nissan;March;"EXTRA FULL MANU";2015;"122000 km";;LEGARRAMARCEL;11800;;;;;Cordón;https://auto.mercadolibre.com.uy/MLU-635380299-nissan-march-extra-full-_JM;N/A;;"Nissan March Extra Full";USD;Sí;gold_premium;false;N/A;N/A;http://perfil.mercadolibre.com.uy/LEGARRAMARCEL;active;N/A;N/A;Usado;Azul;Sí;Asistida;Delantera;Sí;Sí;N/A;N/A;N/A;Sí;N/A;N/A;No;N/A;N/A;No;Sí;N/A;Sí;N/A;N/A;N/A;N/A;N/A;N/A;N/A;N/A;N/A;N/A;N/A;N/A;N/A;N/A;N/A;N/A;N/A;N/A;N/A;Sí;N/A;N/A;N/A;N/A;N/A;N/A;N/A;N/A;N/A;N/A;N/A;N/A;N/A;N/A;N/A;N/A;N/A;N/A;N/A;N/A;N/A;N/A;N/A;No;N/A;N/A;N/A;N/A;N/A;N/A;N/A;N/A;N/A;N/A;N/A;N/A;N/A;N/A;N/A;N/A;N/A;N/A;N/A;N/A;N/A;N/A;N/A;N/A;N/A;N/A;N/A;N/A;No;N/A;No;Sí;N/A;Sí;Sí;N/A;No;N/A;N/A;Sí;Sí;N/A;N/A;Sí;"lunes a domingo de 10 a 21 hrs";5;1600;Nafta;Manual;Sedán;"Autos y camionetas";Sí;N/A;N/A;N/A;No;N/A;N/A;N/A;No;N/A;No;N/A;N/A;N/A;N/A;N/A;N/A;N/A;N/A;N/A;N/A;N/A;N/A;N/A;No;N/A;N/A;N/A;N/A;N/A;N/A;N/A;N/A;N/A;N/A;N/A;N/A;N/A;N/A;N/A;N/A;N/A;N/A;No;N/A;N/A;N/A;N/A;N/A;N/A;N/A;N/A;N/A;N/A;N/A;N/A;N/A;N/A;N/A;N/A;N/A;No;No;N/A;N/A;N/A;N/A;N/A;N/A;N/A;N/A;N/A;N/A;N/A;N/A;N/A;N/A;N/A;N/A;N/A;N/A;N/A;N/A;N/A;N/A;N/A;N/A;N/A;N/A;N/A;N/A;N/A;N/A;N/A;N/A;No;Sí;Sí;No;N/A;Sí;N/A;N/A;N/A;N/A;Sí;No;No;Sí;N/A;N/A;No;Sí;Sí;Sí;Sí;Sí;No;No;Sí;N/A;Sí
Nissan;Tiida;"1.8 Sense Sedan Mt";2014;"122000 km";;"MARIÑO SPORT";10200;;;;;Pocitos;https://auto.mercadolibre.com.uy/MLU-664618504-nissan-tiida-2014-18-sense-sedan-mt-_JM;N/A;;"Nissan Tiida 2014 1.8 Sense Sedan Mt";usd;Sí;gold_premium;false;N/A;N/A;http://perfil.mercadolibre.com.uy/MARI%C3%91O+SPORT;active;N/A;N/A;Usado;N/A;N/A;Hidráulica;Delantera;Sí;N/A;N/A;N/A;N/A;N/A;N/A;N/A;N/A;N/A;N/A;N/A;N/A;N/A;N/A;N/A;N/A;N/A;N/A;N/A;N/A;N/A;N/A;N/A;N/A;"2600 mm";"1.8 L";"52 L";N/A;N/A;N/A;N/A;N/A;N/A;N/A;N/A;N/A;N/A;N/A;N/A;N/A;N/A;N/A;N/A;N/A;N/A;N/A;N/A;N/A;N/A;N/A;N/A;N/A;N/A;N/A;N/A;N/A;N/A;N/A;N/A;N/A;N/A;N/A;N/A;N/A;N/A;N/A;N/A;N/A;N/A;N/A;N/A;N/A;N/A;"1548 mm";"4470 mm";N/A;N/A;N/A;N/A;5;N/A;Sense;N/A;N/A;"1695 mm";N/A;N/A;N/A;N/A;N/A;N/A;N/A;N/A;N/A;N/A;N/A;N/A;N/A;N/A;N/A;N/A;N/A;N/A;4;1.8;Nafta;Manual;Sedán;"Autos y camionetas";N/A;N/A;N/A;N/A;N/A;N/A;UY;N/A;N/A;N/A;N/A;N/A;N/A;N/A;N/A;N/A;N/A;N/A;N/A;N/A;N/A;N/A;N/A;N/A;N/A;N/A;N/A;N/A;N/A;N/A;N/A;N/A;N/A;N/A;N/A;N/A;N/A;N/A;N/A;N/A;N/A;N/A;N/A;N/A;N/A;N/A;N/A;N/A;N/A;N/A;N/A;N/A;N/A;N/A;N/A;N/A;N/A;N/A;N/A;N/A;N/A;N/A;N/A;N/A;N/A;N/A;N/A;N/A;N/A;N/A;N/A;N/A;N/A;N/A;N/A;N/A;N/A;N/A;N/A;N/A;N/A;N/A;N/A;N/A;N/A;N/A;N/A;N/A;N/A;N/A;N/A;N/A;N/A;N/A;N/A;N/A;Sí;N/A;N/A;N/A;N/A;N/A;N/A;N/A;N/A;N/A;N/A;N/A;N/A;N/A;N/A;N/A;N/A;N/A;Sí;N/A;N/A;N/A;N/A;N/A;N/A;N/A
Nissan;Versa;"1.6 Advance At";2015;"117000 km";;DADANILO43;11300;;;;;Peñarol;https://auto.mercadolibre.com.uy/MLU-666145604-nissan-versa-2015-16-advance-at-_JM;N/A;;"Nissan Versa 2015 1.6 Advance At";usd;Sí;gold_premium;false;N/A;N/A;http://perfil.mercadolibre.com.uy/DADANILO43;active;N/A;N/A;Usado;N/A;N/A;Hidráulica;Delantera;Sí;N/A;N/A;N/A;N/A;N/A;N/A;N/A;N/A;N/A;N/A;N/A;N/A;N/A;N/A;N/A;N/A;N/A;N/A;N/A;N/A;N/A;N/A;N/A;N/A;"2600 mm";"1.6 L";"41 L";N/A;N/A;N/A;N/A;N/A;N/A;N/A;N/A;N/A;N/A;N/A;N/A;N/A;N/A;N/A;N/A;N/A;N/A;N/A;N/A;N/A;N/A;N/A;N/A;N/A;N/A;N/A;N/A;N/A;N/A;N/A;N/A;N/A;N/A;N/A;N/A;N/A;N/A;N/A;N/A;N/A;N/A;N/A;N/A;N/A;N/A;"1506 mm";"4492 mm";N/A;N/A;N/A;N/A;5;N/A;Advance;N/A;N/A;"1695 mm";N/A;N/A;N/A;N/A;N/A;N/A;N/A;N/A;N/A;N/A;N/A;N/A;N/A;N/A;N/A;N/A;N/A;N/A;4;1.6;Nafta;Automática;Sedán;"Autos y camionetas";N/A;N/A;N/A;N/A;N/A;N/A;UY;N/A;N/A;N/A;N/A;N/A;N/A;N/A;N/A;N/A;N/A;N/A;N/A;N/A;N/A;N/A;N/A;N/A;N/A;N/A;N/A;N/A;N/A;N/A;N/A;N/A;N/A;N/A;N/A;N/A;N/A;N/A;N/A;N/A;N/A;N/A;N/A;N/A;N/A;N/A;N/A;N/A;N/A;N/A;N/A;N/A;N/A;N/A;N/A;N/A;N/A;N/A;N/A;N/A;N/A;N/A;N/A;N/A;N/A;N/A;N/A;N/A;N/A;N/A;N/A;N/A;N/A;N/A;N/A;N/A;N/A;N/A;N/A;N/A;N/A;N/A;N/A;N/A;N/A;N/A;N/A;N/A;N/A;N/A;N/A;N/A;N/A;N/A;N/A;N/A;Sí;N/A;N/A;N/A;N/A;N/A;N/A;N/A;N/A;N/A;N/A;N/A;N/A;N/A;N/A;N/A;N/A;N/A;Sí;N/A;N/A;N/A;N/A;N/A;N/A;N/A
Nissan;Sentra;"1.8 Advance Mt";2015;"136000 km";;CARLOSV32;14200;;;;;Durazno;https://auto.mercadolibre.com.uy/MLU-664394236-nissan-sentra-2015-18-advance-mt-_JM;N/A;;"Nissan Sentra 2015 1.8 Advance Mt";usd;Sí;gold_premium;false;N/A;N/A;http://perfil.mercadolibre.com.uy/CARLOSV32;active;N/A;N/A;Usado;N/A;N/A;Hidráulica;Delantera;Sí;N/A;N/A;N/A;N/A;N/A;N/A;N/A;N/A;N/A;N/A;N/A;N/A;N/A;N/A;N/A;N/A;N/A;N/A;N/A;N/A;N/A;N/A;N/A;N/A;"2700 mm";"1.8 L";"52 L";N/A;N/A;N/A;N/A;N/A;N/A;N/A;N/A;N/A;N/A;N/A;N/A;N/A;N/A;N/A;N/A;N/A;N/A;N/A;N/A;N/A;N/A;N/A;N/A;N/A;N/A;N/A;N/A;N/A;N/A;N/A;N/A;N/A;N/A;N/A;N/A;N/A;N/A;N/A;N/A;N/A;N/A;N/A;N/A;N/A;N/A;"1505 mm";"4625 mm";N/A;N/A;N/A;N/A;5;N/A;Advance;N/A;N/A;"1761 mm";N/A;N/A;N/A;N/A;N/A;N/A;N/A;N/A;N/A;N/A;N/A;N/A;N/A;N/A;N/A;N/A;N/A;N/A;4;1.8;Nafta;Manual;Sedán;"Autos y camionetas";N/A;N/A;N/A;N/A;N/A;N/A;UY;N/A;N/A;N/A;N/A;N/A;N/A;N/A;N/A;N/A;N/A;N/A;N/A;N/A;N/A;N/A;N/A;N/A;N/A;N/A;N/A;N/A;N/A;N/A;N/A;N/A;N/A;N/A;N/A;N/A;N/A;N/A;N/A;N/A;N/A;N/A;N/A;N/A;N/A;N/A;N/A;N/A;N/A;N/A;N/A;N/A;N/A;N/A;N/A;N/A;N/A;N/A;N/A;N/A;N/A;N/A;N/A;N/A;N/A;N/A;N/A;N/A;N/A;N/A;N/A;N/A;N/A;N/A;N/A;N/A;N/A;N/A;N/A;N/A;N/A;N/A;N/A;N/A;N/A;N/A;N/A;N/A;N/A;N/A;N/A;N/A;N/A;N/A;N/A;N/A;Sí;N/A;N/A;N/A;N/A;N/A;N/A;N/A;N/A;N/A;N/A;N/A;N/A;N/A;N/A;N/A;N/A;N/A;Sí;N/A;N/A;N/A;N/A;N/A;N/A;N/A
Nissan;Kicks;"1.6 Sense Mt";2018;"81000 km";;RICE4085060;20000;;;;;Trinidad;https://auto.mercadolibre.com.uy/MLU-665441678-nissan-kicks-2018-16-sense-mt-_JM;N/A;;"Nissan Kicks 2018 1.6 Sense Mt";usd;Sí;gold_premium;false;N/A;N/A;http://perfil.mercadolibre.com.uy/RICE4085060;active;N/A;N/A;Usado;N/A;N/A;Hidráulica;Delantera;Sí;N/A;N/A;N/A;N/A;N/A;N/A;N/A;N/A;N/A;N/A;N/A;N/A;N/A;N/A;N/A;N/A;N/A;N/A;N/A;N/A;N/A;N/A;N/A;N/A;"2620 mm";"1.6 L";"50 L";5;N/A;N/A;N/A;N/A;N/A;N/A;N/A;N/A;N/A;N/A;N/A;N/A;N/A;N/A;N/A;N/A;N/A;N/A;N/A;N/A;N/A;N/A;N/A;N/A;N/A;N/A;N/A;N/A;N/A;N/A;N/A;N/A;N/A;Sí;Sí;N/A;N/A;N/A;N/A;N/A;N/A;N/A;N/A;N/A;N/A;"1590 mm";"4295 mm";N/A;N/A;N/A;N/A;5;"118 hp";Sense;N/A;4;"1760 mm";N/A;N/A;N/A;N/A;N/A;N/A;N/A;N/A;N/A;N/A;N/A;N/A;N/A;N/A;N/A;N/A;N/A;N/A;5;1.6;Nafta;Manual;SUV;"Autos y camionetas";N/A;N/A;N/A;N/A;N/A;N/A;UY;N/A;N/A;N/A;N/A;N/A;N/A;N/A;N/A;N/A;N/A;N/A;N/A;N/A;N/A;N/A;N/A;N/A;N/A;N/A;N/A;N/A;N/A;N/A;N/A;N/A;N/A;N/A;N/A;N/A;N/A;N/A;N/A;N/A;N/A;N/A;N/A;N/A;N/A;N/A;N/A;N/A;N/A;N/A;N/A;N/A;N/A;N/A;N/A;N/A;N/A;N/A;N/A;N/A;N/A;N/A;N/A;N/A;N/A;N/A;N/A;N/A;N/A;N/A;N/A;N/A;N/A;N/A;N/A;N/A;N/A;N/A;N/A;N/A;N/A;N/A;N/A;N/A;N/A;N/A;N/A;N/A;N/A;N/A;N/A;N/A;N/A;N/A;N/A;N/A;Sí;N/A;N/A;N/A;N/A;N/A;N/A;N/A;N/A;Sí;N/A;N/A;N/A;N/A;N/A;N/A;Sí;N/A;Sí;N/A;N/A;N/A;N/A;Sí;N/A;Sí
Nissan;Qashqai;"Advance tm";2016;"107439 km";;OVOV5414539;21290;;;;;"La Comercial";https://auto.mercadolibre.com.uy/MLU-665249026-nissan-qashqai-advance-_JM;N/A;;"Nissan Qashqai Advance ";USD;Sí;gold_premium;false;N/A;N/A;http://perfil.mercadolibre.com.uy/OVOV5414539;active;N/A;N/A;Usado;Plateado;Sí;Eléctrica;Delantera;N/A;N/A;N/A;N/A;N/A;N/A;N/A;N/A;N/A;N/A;N/A;N/A;N/A;N/A;N/A;N/A;N/A;N/A;N/A;N/A;N/A;N/A;N/A;N/A;N/A;N/A;N/A;N/A;N/A;N/A;N/A;N/A;N/A;N/A;N/A;N/A;N/A;N/A;N/A;N/A;N/A;N/A;N/A;N/A;N/A;N/A;N/A;N/A;N/A;N/A;N/A;N/A;N/A;N/A;N/A;N/A;N/A;N/A;N/A;N/A;N/A;N/A;N/A;N/A;N/A;N/A;N/A;N/A;N/A;N/A;N/A;N/A;N/A;N/A;N/A;N/A;N/A;N/A;N/A;N/A;N/A;N/A;N/A;N/A;N/A;N/A;N/A;N/A;N/A;N/A;N/A;N/A;Sí;Sí;N/A;N/A;N/A;N/A;N/A;N/A;N/A;N/A;N/A;"Lunes a Viernes de 9 a 18hs";5;2.0;Nafta;Manual;SUV;"Autos y camionetas";N/A;N/A;N/A;N/A;N/A;N/A;N/A;N/A;Sí;N/A;N/A;N/A;N/A;N/A;N/A;N/A;N/A;N/A;N/A;N/A;N/A;N/A;N/A;N/A;N/A;N/A;N/A;N/A;N/A;N/A;N/A;N/A;N/A;N/A;N/A;N/A;N/A;N/A;N/A;N/A;N/A;N/A;N/A;N/A;N/A;N/A;N/A;N/A;N/A;N/A;N/A;N/A;N/A;N/A;N/A;N/A;N/A;N/A;N/A;N/A;N/A;N/A;Sí;N/A;N/A;N/A;N/A;N/A;N/A;N/A;N/A;N/A;N/A;N/A;N/A;N/A;N/A;N/A;N/A;N/A;N/A;N/A;N/A;N/A;N/A;N/A;N/A;N/A;N/A;N/A;N/A;N/A;N/A;N/A;N/A;N/A;N/A;N/A;N/A;N/A;N/A;N/A;N/A;N/A;N/A;N/A;N/A;N/A;N/A;N/A;N/A;N/A;N/A;N/A;N/A;N/A;N/A;N/A;N/A;N/A;N/A;N/A
Nissan;March;"1.6 Advance Navi At";2016;"95000 km";;MORÁNMORÁN20230531220806;12300;;;;;Malvin;https://auto.mercadolibre.com.uy/MLU-665387056-nissan-march-2016-16-advance-at-permuto-financio-100-_JM;N/A;;"Nissan March 2016 1.6 Advance At Permuto Financio 100%";usd;Sí;gold_premium;false;N/A;N/A;http://perfil.mercadolibre.com.uy/MOR%C3%81NMOR%C3%81N20230531220806;active;N/A;N/A;Usado;N/A;N/A;Hidráulica;Delantera;Sí;N/A;N/A;N/A;Sí;N/A;N/A;N/A;N/A;N/A;N/A;N/A;N/A;N/A;N/A;N/A;N/A;N/A;N/A;N/A;N/A;N/A;N/A;N/A;N/A;"2450 mm";"1.6 L";"41 L";4;N/A;N/A;N/A;N/A;N/A;N/A;N/A;N/A;N/A;N/A;N/A;N/A;N/A;N/A;N/A;N/A;N/A;N/A;N/A;N/A;N/A;N/A;N/A;N/A;N/A;N/A;N/A;N/A;N/A;N/A;N/A;N/A;N/A;Sí;Sí;N/A;N/A;N/A;N/A;N/A;N/A;N/A;N/A;N/A;N/A;"1532 mm";"3827 mm";N/A;N/A;N/A;N/A;5;"106 hp";Advance;N/A;4;"1665 mm";N/A;N/A;N/A;N/A;N/A;N/A;N/A;Sí;N/A;N/A;N/A;N/A;N/A;N/A;N/A;N/A;N/A;N/A;5;1.6;Nafta;Automática;Hatchback;"Autos y camionetas";N/A;N/A;N/A;N/A;N/A;N/A;UY;N/A;N/A;N/A;N/A;N/A;N/A;N/A;N/A;N/A;N/A;N/A;N/A;N/A;N/A;N/A;N/A;N/A;N/A;N/A;N/A;N/A;N/A;N/A;N/A;N/A;N/A;N/A;N/A;N/A;N/A;N/A;N/A;N/A;N/A;N/A;N/A;N/A;N/A;N/A;N/A;N/A;N/A;N/A;N/A;N/A;N/A;N/A;N/A;N/A;N/A;N/A;N/A;N/A;N/A;N/A;N/A;N/A;N/A;N/A;N/A;N/A;N/A;N/A;N/A;N/A;N/A;N/A;N/A;N/A;N/A;N/A;N/A;N/A;N/A;N/A;N/A;N/A;N/A;N/A;N/A;N/A;N/A;N/A;N/A;N/A;N/A;N/A;N/A;N/A;Sí;N/A;Sí;N/A;N/A;N/A;N/A;Sí;N/A;Sí;N/A;N/A;N/A;N/A;N/A;N/A;Sí;N/A;Sí;N/A;Sí;N/A;N/A;Sí;N/A;Sí
Nissan;Sentra;"2.0 Custom 6vel Mt";2011;"151000 km";;MARCELO_MACHIN;9800;;;;;Durazno;https://auto.mercadolibre.com.uy/MLU-665387230-nissan-sentra-2011-20-custom-6vel-mt-_JM;N/A;;"Nissan Sentra 2011 2.0 Custom 6vel Mt";usd;Sí;gold_premium;false;N/A;N/A;http://perfil.mercadolibre.com.uy/MARCELO_MACHIN;active;N/A;N/A;Usado;Dorado;N/A;Hidráulica;Delantera;Sí;N/A;N/A;N/A;N/A;N/A;N/A;N/A;N/A;N/A;N/A;N/A;N/A;N/A;N/A;N/A;N/A;N/A;N/A;N/A;N/A;N/A;N/A;N/A;N/A;N/A;"2 L";N/A;N/A;N/A;N/A;N/A;N/A;N/A;N/A;N/A;N/A;N/A;N/A;N/A;N/A;N/A;N/A;N/A;N/A;N/A;N/A;N/A;N/A;N/A;N/A;N/A;N/A;N/A;N/A;N/A;N/A;N/A;N/A;N/A;N/A;N/A;N/A;N/A;N/A;N/A;N/A;N/A;N/A;N/A;N/A;N/A;N/A;N/A;N/A;N/A;N/A;N/A;N/A;N/A;N/A;N/A;Custom;N/A;N/A;N/A;N/A;No;N/A;N/A;N/A;N/A;Sí;Sí;N/A;N/A;N/A;N/A;N/A;N/A;N/A;N/A;N/A;N/A;4;2.0;Nafta;Manual;Coupé;"Autos y camionetas";N/A;N/A;N/A;N/A;N/A;N/A;UY;N/A;N/A;N/A;N/A;N/A;N/A;N/A;N/A;N/A;N/A;N/A;N/A;N/A;N/A;N/A;N/A;N/A;N/A;N/A;N/A;N/A;N/A;N/A;N/A;N/A;N/A;N/A;N/A;N/A;N/A;N/A;N/A;N/A;N/A;N/A;N/A;N/A;N/A;N/A;N/A;N/A;N/A;N/A;N/A;N/A;N/A;N/A;N/A;N/A;N/A;N/A;N/A;N/A;N/A;N/A;N/A;N/A;N/A;N/A;N/A;N/A;N/A;N/A;N/A;N/A;N/A;N/A;N/A;N/A;N/A;N/A;N/A;N/A;N/A;N/A;N/A;N/A;N/A;N/A;N/A;N/A;N/A;N/A;N/A;N/A;N/A;N/A;N/A;N/A;Sí;N/A;N/A;N/A;N/A;N/A;N/A;N/A;N/A;N/A;N/A;N/A;N/A;N/A;N/A;N/A;N/A;N/A;Sí;N/A;N/A;N/A;N/A;N/A;N/A;N/A
Nissan;Note;"1.6 Note Advance Mt";2014;"120000 km";;GONELD;11900;;;;;"Fray Bentos";https://auto.mercadolibre.com.uy/MLU-666089220-nissan-note-2014-16-note-advance-mt-montevideo-_JM;N/A;;"Nissan Note 2014 1.6 Note Advance Mt  Montevideo";usd;Sí;gold_premium;false;N/A;N/A;http://perfil.mercadolibre.com.uy/GONELD;active;N/A;N/A;Usado;N/A;N/A;Hidráulica;Delantera;Sí;N/A;N/A;N/A;N/A;N/A;N/A;N/A;N/A;N/A;N/A;N/A;N/A;N/A;N/A;N/A;N/A;N/A;N/A;N/A;N/A;N/A;N/A;N/A;N/A;"2600 mm";"1.6 L";"41 L";N/A;N/A;N/A;N/A;N/A;N/A;N/A;N/A;N/A;N/A;N/A;N/A;N/A;N/A;N/A;N/A;N/A;N/A;N/A;N/A;N/A;N/A;N/A;N/A;N/A;N/A;N/A;N/A;N/A;N/A;N/A;N/A;N/A;N/A;N/A;N/A;N/A;N/A;N/A;N/A;N/A;N/A;N/A;N/A;N/A;N/A;"1537 mm";"4142 mm";N/A;N/A;N/A;N/A;5;"109 hp";Advance;N/A;N/A;N/A;N/A;N/A;N/A;N/A;N/A;N/A;N/A;N/A;N/A;N/A;N/A;N/A;N/A;N/A;N/A;N/A;N/A;N/A;5;1.6;Nafta;Manual;Hatchback;"Autos y camionetas";N/A;N/A;N/A;N/A;N/A;N/A;UY;N/A;N/A;N/A;N/A;N/A;N/A;N/A;N/A;N/A;N/A;N/A;N/A;N/A;N/A;N/A;N/A;N/A;N/A;N/A;N/A;N/A;N/A;N/A;N/A;N/A;N/A;N/A;N/A;N/A;N/A;N/A;N/A;N/A;N/A;N/A;N/A;N/A;N/A;N/A;N/A;N/A;N/A;N/A;N/A;N/A;N/A;N/A;N/A;N/A;N/A;N/A;N/A;N/A;N/A;N/A;N/A;N/A;N/A;N/A;N/A;N/A;N/A;N/A;N/A;N/A;N/A;N/A;N/A;N/A;N/A;N/A;N/A;N/A;N/A;N/A;N/A;N/A;N/A;N/A;N/A;N/A;N/A;N/A;N/A;N/A;N/A;N/A;N/A;N/A;Sí;N/A;N/A;N/A;N/A;N/A;N/A;N/A;N/A;N/A;N/A;N/A;N/A;N/A;N/A;N/A;N/A;N/A;Sí;N/A;N/A;N/A;N/A;N/A;N/A;N/A
Nissan;Tiida;"1.8 Emotion At";2011;"142000 km";;PEREZBRUNO20220505200458;9500;;;;;Maldonado;https://auto.mercadolibre.com.uy/MLU-635230989-nissan-tiida-2011-18-emotion-at-_JM;N/A;;"Nissan Tiida 2011 1.8 Emotion At";usd;Sí;gold_premium;false;N/A;N/A;http://perfil.mercadolibre.com.uy/PEREZBRUNO20220505200458;active;N/A;N/A;Usado;N/A;N/A;Hidráulica;Delantera;Sí;N/A;N/A;N/A;N/A;N/A;N/A;N/A;N/A;N/A;N/A;N/A;N/A;N/A;N/A;N/A;N/A;N/A;N/A;N/A;N/A;N/A;N/A;N/A;N/A;"2600 mm";"1.8 L";"52 L";N/A;N/A;N/A;N/A;N/A;N/A;N/A;N/A;N/A;N/A;N/A;N/A;N/A;N/A;N/A;N/A;N/A;N/A;N/A;N/A;N/A;N/A;N/A;N/A;N/A;N/A;N/A;N/A;N/A;N/A;N/A;N/A;N/A;N/A;N/A;N/A;N/A;N/A;N/A;N/A;N/A;N/A;N/A;N/A;N/A;N/A;"1548 mm";"4297 mm";N/A;N/A;N/A;N/A;N/A;N/A;Emotion;N/A;N/A;"1695 mm";N/A;N/A;N/A;N/A;N/A;N/A;N/A;N/A;N/A;N/A;N/A;N/A;N/A;N/A;N/A;N/A;N/A;N/A;5;1.8;Nafta;Automática;Hatchback;"Autos y camionetas";N/A;N/A;N/A;N/A;N/A;N/A;UY;N/A;N/A;N/A;N/A;N/A;N/A;N/A;N/A;N/A;N/A;N/A;N/A;N/A;N/A;N/A;N/A;N/A;N/A;N/A;N/A;N/A;N/A;N/A;N/A;N/A;N/A;N/A;N/A;N/A;N/A;N/A;N/A;N/A;N/A;N/A;N/A;N/A;N/A;N/A;N/A;N/A;N/A;N/A;N/A;N/A;N/A;N/A;N/A;N/A;N/A;N/A;N/A;N/A;N/A;N/A;N/A;N/A;N/A;N/A;N/A;N/A;N/A;N/A;N/A;N/A;N/A;N/A;N/A;N/A;N/A;N/A;N/A;N/A;N/A;N/A;N/A;N/A;N/A;N/A;N/A;N/A;N/A;N/A;N/A;N/A;N/A;N/A;N/A;N/A;Sí;N/A;N/A;N/A;N/A;N/A;N/A;N/A;N/A;N/A;N/A;N/A;N/A;N/A;N/A;N/A;N/A;N/A;Sí;N/A;N/A;N/A;N/A;N/A;N/A;N/A
Nissan;Kicks;"1.6 Exclusive At";2018;"89000 km";;"MARIÑO SPORT";22300;;;;;Pocitos;https://auto.mercadolibre.com.uy/MLU-654741260-nissan-kicks-2018-16-exclusive-at-_JM;N/A;;"Nissan Kicks 2018 1.6 Exclusive At";usd;Sí;gold_premium;false;N/A;N/A;http://perfil.mercadolibre.com.uy/MARI%C3%91O+SPORT;active;N/A;N/A;Usado;N/A;N/A;Hidráulica;Delantera;Sí;N/A;N/A;N/A;N/A;N/A;N/A;N/A;Sí;N/A;N/A;N/A;Sí;N/A;N/A;N/A;N/A;N/A;N/A;N/A;N/A;N/A;N/A;N/A;N/A;"2620 mm";"1598 cc";"50 L";N/A;N/A;N/A;N/A;N/A;N/A;N/A;N/A;N/A;N/A;N/A;N/A;N/A;N/A;N/A;N/A;N/A;N/A;N/A;N/A;N/A;N/A;N/A;N/A;N/A;N/A;N/A;N/A;N/A;N/A;N/A;N/A;N/A;N/A;N/A;N/A;N/A;N/A;N/A;N/A;N/A;N/A;N/A;N/A;N/A;N/A;"1590 mm";"4295 mm";N/A;N/A;N/A;N/A;5;"118 hp";Exclusive;N/A;4;"1760 mm";N/A;N/A;N/A;N/A;N/A;N/A;N/A;N/A;N/A;N/A;N/A;N/A;N/A;N/A;N/A;N/A;N/A;N/A;5;1.6;Nafta;Automática;SUV;"Autos y camionetas";N/A;N/A;N/A;N/A;N/A;N/A;UY;N/A;N/A;N/A;N/A;N/A;N/A;N/A;N/A;N/A;N/A;N/A;N/A;N/A;N/A;N/A;N/A;N/A;N/A;N/A;N/A;N/A;N/A;N/A;N/A;N/A;N/A;N/A;N/A;N/A;N/A;N/A;N/A;N/A;N/A;N/A;N/A;N/A;N/A;N/A;N/A;N/A;N/A;N/A;N/A;N/A;N/A;N/A;N/A;N/A;N/A;N/A;N/A;N/A;N/A;N/A;N/A;N/A;N/A;N/A;N/A;N/A;N/A;N/A;N/A;N/A;N/A;N/A;N/A;N/A;N/A;N/A;N/A;N/A;N/A;N/A;N/A;N/A;N/A;N/A;N/A;N/A;N/A;N/A;N/A;N/A;N/A;N/A;N/A;N/A;Sí;N/A;Sí;N/A;N/A;N/A;N/A;N/A;N/A;Sí;N/A;N/A;N/A;N/A;Sí;Sí;Sí;N/A;Sí;N/A;N/A;N/A;N/A;Sí;N/A;Sí
Nissan;Versa;"1.6 Drive";2018;"71000 km";;"DE CHAMUYO";13200;;;;;"Parque Rodó";https://auto.mercadolibre.com.uy/MLU-666169676-nissan-versa-full-2018-_JM;N/A;;"Nissan Versa Full 2018";usd;Sí;gold_premium;false;N/A;N/A;http://perfil.mercadolibre.com.uy/DE+CHAMUYO;active;N/A;N/A;Usado;Rojo;N/A;Hidráulica;Delantera;Sí;N/A;N/A;N/A;N/A;N/A;N/A;N/A;N/A;N/A;N/A;N/A;N/A;N/A;N/A;N/A;N/A;N/A;N/A;N/A;N/A;N/A;N/A;N/A;N/A;"2600 mm";"1.6 L";"41 L";5;N/A;N/A;N/A;N/A;N/A;N/A;N/A;N/A;N/A;N/A;N/A;N/A;N/A;N/A;N/A;N/A;N/A;N/A;N/A;N/A;N/A;N/A;N/A;N/A;N/A;N/A;N/A;N/A;N/A;N/A;N/A;N/A;N/A;N/A;N/A;N/A;N/A;N/A;N/A;N/A;N/A;N/A;N/A;N/A;N/A;"1506 mm";"4492 mm";N/A;N/A;N/A;N/A;5;"106 hp";Drive;N/A;4;"1695 mm";N/A;N/A;N/A;N/A;N/A;N/A;N/A;Sí;N/A;N/A;N/A;N/A;N/A;N/A;N/A;N/A;N/A;N/A;4;1.6;Nafta;Manual;Sedán;"Autos y camionetas";N/A;N/A;N/A;N/A;N/A;N/A;UY;N/A;N/A;N/A;N/A;N/A;N/A;N/A;N/A;N/A;N/A;N/A;N/A;N/A;N/A;N/A;N/A;N/A;N/A;N/A;N/A;N/A;N/A;N/A;N/A;N/A;N/A;N/A;N/A;N/A;N/A;N/A;N/A;N/A;N/A;N/A;N/A;N/A;N/A;N/A;N/A;N/A;N/A;N/A;N/A;N/A;N/A;N/A;N/A;N/A;N/A;N/A;N/A;N/A;N/A;N/A;N/A;N/A;N/A;N/A;N/A;N/A;N/A;N/A;N/A;N/A;N/A;N/A;N/A;N/A;N/A;N/A;N/A;N/A;N/A;N/A;N/A;N/A;N/A;N/A;N/A;N/A;N/A;N/A;N/A;N/A;N/A;N/A;N/A;N/A;Sí;N/A;N/A;N/A;N/A;N/A;N/A;N/A;N/A;Sí;N/A;N/A;N/A;N/A;N/A;N/A;N/A;N/A;Sí;N/A;N/A;N/A;N/A;N/A;N/A;N/A
Nissan;Versa;"1.6 Exclusive At";2022;"73499 km";;MADELCARA2010;23200;;;;;Malvin;https://auto.mercadolibre.com.uy/MLU-666155162-nissan-versa-16-exclusive-at-2022-_JM;N/A;;"Nissan Versa 1.6 Exclusive At 2022";usd;Sí;gold_premium;false;N/A;N/A;http://perfil.mercadolibre.com.uy/MADELCARA2010;active;N/A;N/A;Usado;Gris;N/A;Hidráulica;Delantera;Sí;N/A;N/A;N/A;Sí;N/A;N/A;N/A;Sí;N/A;N/A;N/A;N/A;N/A;N/A;N/A;N/A;N/A;N/A;N/A;N/A;N/A;N/A;N/A;N/A;"2600 mm";"1.6 L";"41 L";4;N/A;N/A;N/A;N/A;N/A;N/A;N/A;N/A;N/A;N/A;N/A;N/A;N/A;N/A;N/A;N/A;N/A;N/A;N/A;N/A;N/A;N/A;N/A;N/A;N/A;N/A;N/A;N/A;N/A;N/A;N/A;N/A;N/A;Sí;Sí;N/A;N/A;N/A;N/A;N/A;N/A;N/A;N/A;N/A;N/A;"1506 mm";"4465 mm";N/A;N/A;N/A;N/A;5;"106 hp";Exclusive;N/A;4;"1695 mm";N/A;N/A;N/A;N/A;N/A;N/A;N/A;Sí;N/A;N/A;N/A;N/A;N/A;N/A;N/A;N/A;N/A;N/A;4;1.6;Nafta;Automática;Sedán;"Autos y camionetas";N/A;N/A;N/A;N/A;N/A;N/A;UY;N/A;N/A;N/A;N/A;N/A;N/A;N/A;N/A;N/A;N/A;N/A;N/A;N/A;N/A;N/A;N/A;N/A;N/A;N/A;N/A;N/A;N/A;N/A;N/A;N/A;N/A;N/A;N/A;N/A;N/A;N/A;N/A;N/A;N/A;N/A;N/A;N/A;N/A;N/A;N/A;N/A;N/A;N/A;N/A;N/A;N/A;N/A;N/A;N/A;N/A;N/A;N/A;N/A;N/A;N/A;N/A;N/A;N/A;N/A;N/A;N/A;N/A;N/A;N/A;N/A;N/A;N/A;N/A;N/A;N/A;N/A;N/A;N/A;N/A;N/A;N/A;N/A;N/A;N/A;N/A;N/A;N/A;N/A;N/A;N/A;N/A;N/A;N/A;N/A;Sí;N/A;Sí;N/A;N/A;N/A;N/A;Sí;N/A;Sí;N/A;N/A;N/A;N/A;N/A;N/A;Sí;N/A;Sí;N/A;N/A;N/A;N/A;Sí;N/A;N/A
Nissan;Tiida;"1.8 Premium Mt";2011;"167000 km";;GOGU6042789;11500;;;;;Solymar;https://auto.mercadolibre.com.uy/MLU-665084212-nissan-tiida-2011-18-premium-mt-_JM;N/A;;"Nissan Tiida 2011 1.8 Premium Mt";usd;Sí;gold_premium;false;N/A;N/A;http://perfil.mercadolibre.com.uy/GOGU6042789;active;N/A;N/A;Usado;N/A;N/A;Hidráulica;Delantera;Sí;N/A;N/A;N/A;N/A;N/A;N/A;N/A;N/A;N/A;N/A;N/A;N/A;N/A;N/A;N/A;N/A;N/A;N/A;N/A;N/A;N/A;N/A;N/A;N/A;"2600 mm";"1.8 L";"52 L";N/A;N/A;N/A;N/A;N/A;N/A;N/A;N/A;N/A;N/A;N/A;N/A;N/A;N/A;N/A;N/A;N/A;N/A;N/A;N/A;N/A;N/A;N/A;N/A;N/A;N/A;N/A;N/A;N/A;N/A;N/A;N/A;N/A;N/A;N/A;N/A;N/A;N/A;N/A;N/A;N/A;N/A;N/A;N/A;N/A;N/A;"1548 mm";"4297 mm";N/A;N/A;N/A;N/A;N/A;N/A;Premium;N/A;N/A;"1695 mm";N/A;N/A;N/A;N/A;N/A;N/A;N/A;N/A;N/A;N/A;N/A;N/A;N/A;N/A;N/A;N/A;N/A;N/A;5;1.8;Nafta;Manual;Hatchback;"Autos y camionetas";N/A;N/A;N/A;N/A;N/A;N/A;UY;N/A;N/A;N/A;N/A;N/A;N/A;N/A;N/A;N/A;N/A;N/A;N/A;N/A;N/A;N/A;N/A;N/A;N/A;N/A;N/A;N/A;N/A;N/A;N/A;N/A;N/A;N/A;N/A;N/A;N/A;N/A;N/A;N/A;N/A;N/A;N/A;N/A;N/A;N/A;N/A;N/A;N/A;N/A;N/A;N/A;N/A;N/A;N/A;N/A;N/A;N/A;N/A;N/A;N/A;N/A;N/A;N/A;N/A;N/A;N/A;N/A;N/A;N/A;N/A;N/A;N/A;N/A;N/A;N/A;N/A;N/A;N/A;N/A;N/A;N/A;N/A;N/A;N/A;N/A;N/A;N/A;N/A;N/A;N/A;N/A;N/A;N/A;N/A;N/A;Sí;N/A;N/A;N/A;N/A;N/A;N/A;N/A;N/A;N/A;N/A;N/A;N/A;N/A;N/A;N/A;N/A;N/A;Sí;N/A;N/A;N/A;N/A;N/A;N/A;N/A
Nissan;Tiida;"1.8 Emotion Mt";2012;"129000 km";;MOREIRAAUTOMOVILES;12500;;;;;Pando;https://auto.mercadolibre.com.uy/MLU-664860626-nissan-tiida-2012-18-emotion-mt-_JM;N/A;;"Nissan Tiida 2012 1.8 Emotion Mt";usd;Sí;gold_premium;false;N/A;N/A;http://perfil.mercadolibre.com.uy/MOREIRAAUTOMOVILES;active;N/A;N/A;Usado;N/A;N/A;Hidráulica;Delantera;Sí;N/A;N/A;N/A;N/A;N/A;N/A;N/A;N/A;N/A;N/A;N/A;N/A;N/A;N/A;N/A;N/A;N/A;N/A;N/A;N/A;N/A;N/A;N/A;N/A;"2600 mm";"1.8 L";"52 L";N/A;N/A;N/A;N/A;N/A;N/A;N/A;N/A;N/A;N/A;N/A;N/A;N/A;N/A;N/A;N/A;N/A;N/A;N/A;N/A;N/A;N/A;N/A;N/A;N/A;N/A;N/A;N/A;N/A;N/A;N/A;N/A;N/A;N/A;N/A;N/A;N/A;N/A;N/A;N/A;N/A;N/A;N/A;N/A;N/A;N/A;"1548 mm";"4297 mm";N/A;N/A;N/A;N/A;N/A;N/A;Emotion;N/A;N/A;"1695 mm";N/A;N/A;N/A;N/A;N/A;N/A;N/A;N/A;N/A;N/A;N/A;N/A;N/A;N/A;N/A;N/A;N/A;N/A;5;1.8;Nafta;Manual;Hatchback;"Autos y camionetas";N/A;N/A;N/A;N/A;N/A;N/A;UY;N/A;N/A;N/A;N/A;N/A;N/A;N/A;N/A;N/A;N/A;N/A;N/A;N/A;N/A;N/A;N/A;N/A;N/A;N/A;N/A;N/A;N/A;N/A;N/A;N/A;N/A;N/A;N/A;N/A;N/A;N/A;N/A;N/A;N/A;N/A;N/A;N/A;N/A;N/A;N/A;N/A;N/A;N/A;N/A;N/A;N/A;N/A;N/A;N/A;N/A;N/A;N/A;N/A;N/A;N/A;N/A;N/A;N/A;N/A;N/A;N/A;N/A;N/A;N/A;N/A;N/A;N/A;N/A;N/A;N/A;N/A;N/A;N/A;N/A;N/A;N/A;N/A;N/A;N/A;N/A;N/A;N/A;N/A;N/A;N/A;N/A;N/A;N/A;N/A;Sí;N/A;N/A;N/A;N/A;N/A;N/A;N/A;N/A;N/A;N/A;N/A;N/A;N/A;N/A;N/A;N/A;N/A;Sí;N/A;N/A;N/A;N/A;N/A;N/A;N/A
Nissan;Frontier;"Crew Cab Se 4x2 At";2011;"148000 km";;MAGDABOC2009;9800;;;;;"Balneario Buenos Aires";https://auto.mercadolibre.com.uy/MLU-663343374-nissan-frontier-pick-up-_JM;N/A;;"Nissan Frontier Pick Up";usd;Sí;gold_premium;false;N/A;N/A;http://perfil.mercadolibre.com.uy/MAGDABOC2009;active;N/A;N/A;Usado;Plateado;N/A;Hidráulica;4x2;Sí;N/A;N/A;N/A;N/A;N/A;N/A;N/A;N/A;N/A;N/A;N/A;N/A;N/A;N/A;N/A;N/A;N/A;N/A;N/A;N/A;N/A;N/A;N/A;N/A;N/A;"3.3 L";N/A;N/A;N/A;N/A;N/A;N/A;N/A;N/A;N/A;N/A;N/A;N/A;N/A;N/A;N/A;N/A;N/A;N/A;N/A;N/A;N/A;N/A;N/A;N/A;N/A;N/A;N/A;N/A;N/A;N/A;N/A;N/A;N/A;N/A;N/A;N/A;N/A;N/A;N/A;N/A;N/A;N/A;N/A;N/A;N/A;N/A;N/A;N/A;N/A;N/A;N/A;N/A;N/A;N/A;N/A;Se;N/A;N/A;N/A;N/A;N/A;N/A;N/A;N/A;N/A;N/A;N/A;N/A;N/A;N/A;N/A;N/A;N/A;N/A;N/A;N/A;N/A;2;3.3;Nafta;Automática;Pick-Up;"Autos y camionetas";N/A;N/A;N/A;N/A;N/A;N/A;UY;N/A;N/A;N/A;N/A;N/A;N/A;N/A;N/A;N/A;N/A;N/A;N/A;N/A;N/A;N/A;N/A;N/A;N/A;N/A;N/A;N/A;N/A;N/A;N/A;N/A;N/A;N/A;N/A;N/A;N/A;N/A;N/A;N/A;N/A;N/A;N/A;N/A;N/A;N/A;N/A;N/A;N/A;N/A;N/A;N/A;N/A;N/A;N/A;N/A;N/A;N/A;N/A;N/A;N/A;N/A;N/A;N/A;N/A;N/A;N/A;N/A;N/A;N/A;N/A;N/A;N/A;N/A;N/A;N/A;N/A;N/A;N/A;N/A;N/A;N/A;N/A;N/A;N/A;N/A;N/A;N/A;N/A;N/A;N/A;N/A;N/A;N/A;N/A;N/A;Sí;N/A;N/A;N/A;N/A;N/A;N/A;N/A;N/A;N/A;N/A;N/A;N/A;N/A;N/A;N/A;N/A;N/A;Sí;N/A;N/A;N/A;N/A;N/A;N/A;N/A
Nissan;March;"Advance Extra Full";2018;"83000 km";;SHOPPINGCAR26;14490;;;;;Pocitos;https://auto.mercadolibre.com.uy/MLU-662247586-nissan-march-advance-extra-full-16-2018-_JM;N/A;;"Nissan March Advance Extra Full 1.6 2018";usd;Sí;gold_premium;false;N/A;N/A;http://perfil.mercadolibre.com.uy/SHOPPINGCAR26;active;N/A;N/A;Usado;Blanco;N/A;Asistida;N/A;Sí;Sí;Sí;N/A;N/A;N/A;Sí;Sí;N/A;N/A;Sí;N/A;Sí;N/A;N/A;N/A;N/A;N/A;N/A;N/A;N/A;N/A;N/A;N/A;N/A;N/A;"1600 cc";N/A;5;N/A;N/A;N/A;N/A;N/A;N/A;N/A;N/A;N/A;N/A;N/A;N/A;N/A;N/A;N/A;N/A;N/A;N/A;N/A;N/A;N/A;N/A;N/A;Sí;N/A;Sí;N/A;N/A;N/A;N/A;N/A;N/A;N/A;N/A;N/A;N/A;Sí;N/A;N/A;N/A;N/A;N/A;N/A;N/A;N/A;N/A;N/A;N/A;N/A;N/A;N/A;N/A;"106 hp";Advance;N/A;N/A;N/A;N/A;N/A;N/A;Sí;Sí;N/A;N/A;Sí;Sí;N/A;N/A;N/A;N/A;N/A;N/A;N/A;Sí;"Lun. a Vie. 9 a 19 hs. Sáb. de 9 a 13 hs.";5;1.6;Nafta;Manual;Hatchback;"Autos y camionetas";No;N/A;N/A;N/A;No;N/A;UY;No;Sí;No;No;N/A;N/A;N/A;N/A;N/A;N/A;N/A;N/A;N/A;N/A;N/A;N/A;N/A;N/A;N/A;N/A;N/A;N/A;N/A;N/A;N/A;N/A;N/A;N/A;N/A;N/A;N/A;N/A;N/A;N/A;N/A;N/A;N/A;N/A;N/A;N/A;N/A;N/A;N/A;N/A;N/A;N/A;N/A;N/A;N/A;N/A;N/A;N/A;N/A;N/A;N/A;No;N/A;N/A;N/A;N/A;N/A;N/A;N/A;N/A;N/A;N/A;N/A;N/A;N/A;N/A;N/A;N/A;N/A;N/A;N/A;N/A;N/A;N/A;N/A;N/A;N/A;N/A;N/A;N/A;N/A;N/A;N/A;N/A;N/A;Sí;Sí;Sí;N/A;Sí;Sí;N/A;N/A;Sí;Sí;N/A;Sí;N/A;N/A;N/A;N/A;Sí;N/A;Sí;Sí;Sí;N/A;N/A;Sí;N/A;Sí
Nissan;Sentra;B13;1995;"190000 km";;"MARIÑO SPORT";4800;;;;;Pocitos;https://auto.mercadolibre.com.uy/MLU-661886694-nissan-sentra-b13-_JM;N/A;;"Nissan Sentra B13";USD;Sí;gold_premium;false;N/A;N/A;http://perfil.mercadolibre.com.uy/MARI%C3%91O+SPORT;active;N/A;N/A;Usado;N/A;N/A;N/A;N/A;N/A;N/A;N/A;N/A;N/A;N/A;N/A;N/A;N/A;N/A;N/A;N/A;N/A;N/A;N/A;N/A;N/A;N/A;N/A;N/A;N/A;N/A;N/A;N/A;N/A;N/A;N/A;N/A;N/A;N/A;N/A;N/A;N/A;N/A;N/A;N/A;N/A;N/A;N/A;N/A;N/A;N/A;N/A;N/A;N/A;N/A;N/A;N/A;N/A;N/A;N/A;N/A;N/A;N/A;N/A;N/A;N/A;N/A;N/A;N/A;N/A;N/A;N/A;N/A;N/A;N/A;N/A;N/A;N/A;N/A;N/A;N/A;N/A;N/A;N/A;N/A;N/A;N/A;N/A;N/A;N/A;N/A;N/A;N/A;N/A;N/A;N/A;N/A;N/A;N/A;N/A;N/A;N/A;N/A;N/A;N/A;N/A;N/A;N/A;N/A;N/A;N/A;N/A;N/A;4;N/A;Nafta;N/A;N/A;"Autos y camionetas";N/A;N/A;N/A;N/A;N/A;N/A;N/A;N/A;N/A;N/A;N/A;N/A;N/A;N/A;N/A;N/A;N/A;N/A;N/A;N/A;N/A;N/A;N/A;N/A;N/A;N/A;N/A;N/A;N/A;N/A;N/A;N/A;N/A;N/A;N/A;N/A;N/A;N/A;N/A;N/A;N/A;N/A;N/A;N/A;N/A;N/A;N/A;N/A;N/A;N/A;N/A;N/A;N/A;N/A;N/A;N/A;N/A;N/A;N/A;N/A;N/A;N/A;N/A;N/A;N/A;N/A;N/A;N/A;N/A;N/A;N/A;N/A;N/A;N/A;N/A;N/A;N/A;N/A;N/A;N/A;N/A;N/A;N/A;N/A;N/A;N/A;N/A;N/A;N/A;N/A;N/A;N/A;N/A;N/A;N/A;N/A;N/A;N/A;N/A;N/A;N/A;N/A;N/A;N/A;N/A;N/A;N/A;N/A;N/A;N/A;N/A;N/A;N/A;N/A;N/A;N/A;N/A;N/A;N/A;N/A;N/A;N/A
Nissan;March;-;2012;"165694 km";;"SHOPPING USADOS";9900;;;;;Carrasco;https://auto.mercadolibre.com.uy/MLU-634753203-nissan-march-2012-_JM;N/A;;"Nissan March 2012";usd;Sí;gold_premium;false;N/A;N/A;http://perfil.mercadolibre.com.uy/SHOPPING+USADOS;active;N/A;N/A;Usado;Plateado;N/A;Hidráulica;N/A;Sí;N/A;N/A;N/A;N/A;N/A;Sí;N/A;N/A;N/A;Sí;N/A;N/A;N/A;N/A;N/A;N/A;N/A;N/A;N/A;N/A;N/A;N/A;N/A;N/A;N/A;"1600 cc";N/A;N/A;N/A;N/A;N/A;N/A;N/A;N/A;N/A;N/A;N/A;N/A;N/A;N/A;N/A;N/A;N/A;N/A;N/A;N/A;N/A;N/A;N/A;N/A;N/A;N/A;N/A;N/A;N/A;N/A;N/A;N/A;N/A;N/A;N/A;N/A;N/A;N/A;N/A;N/A;N/A;N/A;N/A;N/A;N/A;N/A;N/A;N/A;N/A;N/A;N/A;N/A;N/A;N/A;N/A;N/A;N/A;N/A;N/A;N/A;N/A;N/A;N/A;N/A;N/A;N/A;N/A;Sí;N/A;N/A;N/A;N/A;N/A;N/A;N/A;N/A;"Lun. a Vie. de 10 a 19hs";5;1.6;Nafta;Manual;Hatchback;"Autos y camionetas";No;N/A;N/A;N/A;No;N/A;UY;No;Sí;No;No;N/A;N/A;N/A;N/A;N/A;N/A;N/A;N/A;N/A;N/A;N/A;N/A;N/A;N/A;N/A;N/A;N/A;N/A;N/A;N/A;N/A;N/A;N/A;N/A;N/A;N/A;N/A;N/A;N/A;N/A;N/A;N/A;N/A;N/A;N/A;N/A;N/A;N/A;N/A;N/A;N/A;N/A;N/A;N/A;N/A;N/A;N/A;N/A;N/A;N/A;Sí;No;N/A;N/A;N/A;N/A;N/A;N/A;N/A;N/A;N/A;N/A;N/A;N/A;N/A;N/A;N/A;N/A;N/A;N/A;N/A;N/A;N/A;N/A;N/A;N/A;N/A;N/A;N/A;N/A;N/A;N/A;N/A;N/A;N/A;N/A;N/A;N/A;N/A;N/A;N/A;N/A;N/A;N/A;N/A;N/A;N/A;N/A;N/A;N/A;N/A;N/A;N/A;Sí;Sí;N/A;N/A;N/A;N/A;N/A;Sí
Nissan;Kicks;"1.6 Advance";2019;"122000 km";;"MARIÑO SPORT";18300;;;;;Pocitos;https://auto.mercadolibre.com.uy/MLU-660158554-nissan-kicks-2019-16-advance-_JM;N/A;;"Nissan Kicks 2019 1.6 Advance";usd;Sí;gold_premium;false;N/A;N/A;http://perfil.mercadolibre.com.uy/MARI%C3%91O+SPORT;active;N/A;N/A;Usado;N/A;N/A;Hidráulica;Delantera;Sí;N/A;N/A;N/A;N/A;N/A;N/A;N/A;N/A;N/A;N/A;N/A;N/A;N/A;N/A;N/A;N/A;N/A;N/A;N/A;N/A;N/A;N/A;N/A;N/A;"2620 mm";"1.6 L";"50 L";5;N/A;N/A;N/A;N/A;N/A;N/A;N/A;N/A;N/A;N/A;N/A;N/A;N/A;N/A;N/A;N/A;N/A;N/A;N/A;N/A;N/A;N/A;N/A;N/A;N/A;N/A;N/A;N/A;N/A;N/A;N/A;N/A;N/A;Sí;Sí;N/A;N/A;N/A;N/A;N/A;N/A;N/A;N/A;N/A;N/A;"1590 mm";"4295 mm";N/A;N/A;N/A;N/A;5;"118 hp";Advance;N/A;4;"1760 mm";N/A;N/A;N/A;N/A;N/A;N/A;N/A;N/A;N/A;N/A;N/A;N/A;N/A;N/A;N/A;N/A;N/A;N/A;5;1.6;Nafta;Manual;SUV;"Autos y camionetas";N/A;N/A;N/A;N/A;N/A;N/A;UY;N/A;N/A;N/A;N/A;N/A;N/A;N/A;N/A;N/A;N/A;N/A;N/A;N/A;N/A;N/A;N/A;N/A;N/A;N/A;N/A;N/A;N/A;N/A;N/A;N/A;N/A;N/A;N/A;N/A;N/A;N/A;N/A;N/A;N/A;N/A;N/A;N/A;N/A;N/A;N/A;N/A;N/A;N/A;N/A;N/A;N/A;N/A;N/A;N/A;N/A;N/A;N/A;N/A;N/A;N/A;N/A;N/A;N/A;N/A;N/A;N/A;N/A;N/A;N/A;N/A;N/A;N/A;N/A;N/A;N/A;N/A;N/A;N/A;N/A;N/A;N/A;N/A;N/A;N/A;N/A;N/A;N/A;N/A;N/A;N/A;N/A;N/A;N/A;N/A;N/A;N/A;N/A;N/A;N/A;N/A;N/A;N/A;N/A;N/A;N/A;N/A;N/A;N/A;N/A;N/A;Sí;N/A;Sí;N/A;N/A;N/A;N/A;Sí;N/A;Sí
Nissan;Sentra;"1.8 Advance Mt";2014;"170000 km";;REGE1754627;12800;;;;;Palermo;https://auto.mercadolibre.com.uy/MLU-635394475-nissan-sentra-b17-_JM;N/A;;"Nissan Sentra B17";usd;Sí;gold_premium;false;N/A;N/A;http://perfil.mercadolibre.com.uy/REGE1754627;active;N/A;N/A;Usado;Gris;N/A;Hidráulica;Delantera;Sí;N/A;N/A;N/A;N/A;N/A;N/A;N/A;N/A;N/A;N/A;N/A;N/A;N/A;N/A;N/A;N/A;N/A;N/A;N/A;N/A;N/A;N/A;N/A;N/A;N/A;"1.8 L";N/A;N/A;N/A;N/A;N/A;N/A;N/A;N/A;N/A;N/A;N/A;N/A;N/A;N/A;N/A;N/A;N/A;N/A;N/A;N/A;N/A;N/A;N/A;N/A;N/A;N/A;N/A;N/A;N/A;N/A;N/A;N/A;N/A;N/A;N/A;N/A;N/A;N/A;N/A;N/A;N/A;N/A;N/A;N/A;N/A;N/A;N/A;N/A;N/A;N/A;N/A;N/A;N/A;N/A;"129 hp";Advance;N/A;N/A;N/A;N/A;N/A;N/A;N/A;N/A;N/A;N/A;N/A;N/A;N/A;N/A;N/A;N/A;N/A;N/A;N/A;N/A;"24 Hrs";4;1.8;Nafta;Manual;Coupé;"Autos y camionetas";N/A;N/A;N/A;N/A;N/A;N/A;UY;N/A;N/A;N/A;N/A;N/A;N/A;N/A;N/A;N/A;N/A;N/A;N/A;N/A;N/A;N/A;N/A;N/A;N/A;N/A;N/A;N/A;N/A;N/A;N/A;N/A;N/A;N/A;N/A;N/A;N/A;N/A;N/A;N/A;N/A;N/A;N/A;N/A;N/A;N/A;N/A;N/A;N/A;N/A;N/A;N/A;N/A;N/A;N/A;N/A;N/A;N/A;N/A;N/A;N/A;N/A;N/A;N/A;N/A;N/A;N/A;N/A;N/A;N/A;N/A;N/A;N/A;N/A;N/A;N/A;N/A;N/A;N/A;N/A;N/A;N/A;N/A;N/A;N/A;N/A;N/A;N/A;N/A;N/A;N/A;N/A;N/A;N/A;N/A;N/A;Sí;N/A;N/A;N/A;N/A;N/A;N/A;N/A;N/A;N/A;N/A;N/A;N/A;N/A;N/A;N/A;N/A;N/A;Sí;N/A;N/A;N/A;N/A;N/A;N/A;N/A
Nissan;Kicks;"1.6 Exclusive At";2018;"100000 km";;"ABR VENTAS";11990;;;;;Malvin;https://auto.mercadolibre.com.uy/MLU-664549574-nissan-kicks-2018-16-exclusive-at-_JM;N/A;;"Nissan Kicks 2018 1.6 Exclusive At";usd;Sí;gold_premium;false;N/A;N/A;http://perfil.mercadolibre.com.uy/ABR+VENTAS;active;N/A;N/A;Usado;N/A;N/A;Hidráulica;Delantera;Sí;N/A;N/A;N/A;N/A;N/A;N/A;N/A;Sí;N/A;N/A;N/A;N/A;N/A;N/A;N/A;N/A;N/A;N/A;N/A;N/A;N/A;N/A;N/A;N/A;"2620 mm";"1.6 L";"50 L";N/A;N/A;N/A;N/A;N/A;N/A;N/A;N/A;N/A;N/A;N/A;N/A;N/A;N/A;N/A;N/A;N/A;N/A;N/A;N/A;N/A;N/A;N/A;N/A;N/A;N/A;N/A;N/A;N/A;N/A;N/A;N/A;N/A;N/A;Sí;Sí;N/A;N/A;Sí;N/A;N/A;N/A;N/A;N/A;N/A;N/A;"1590 mm";"4295 mm";N/A;N/A;N/A;N/A;5;"118 hp";Exclusive;N/A;4;"1760 mm";N/A;N/A;N/A;N/A;N/A;N/A;N/A;N/A;N/A;N/A;N/A;N/A;N/A;N/A;N/A;N/A;N/A;N/A;5;1.6;Nafta;Automática;SUV;"Autos y camionetas";N/A;N/A;N/A;N/A;N/A;N/A;UY;N/A;N/A;N/A;N/A;N/A;N/A;N/A;N/A;N/A;N/A;N/A;N/A;N/A;N/A;N/A;N/A;N/A;N/A;N/A;N/A;N/A;N/A;N/A;N/A;N/A;N/A;N/A;N/A;N/A;N/A;N/A;N/A;N/A;N/A;N/A;N/A;N/A;N/A;N/A;N/A;N/A;N/A;N/A;N/A;N/A;N/A;N/A;N/A;N/A;N/A;N/A;N/A;N/A;N/A;N/A;N/A;N/A;N/A;N/A;N/A;N/A;N/A;N/A;N/A;N/A;N/A;N/A;N/A;N/A;N/A;N/A;N/A;N/A;N/A;N/A;N/A;N/A;N/A;N/A;N/A;N/A;N/A;N/A;N/A;N/A;N/A;N/A;N/A;N/A;Sí;N/A;Sí;N/A;N/A;N/A;N/A;N/A;N/A;Sí;N/A;N/A;N/A;N/A;N/A;Sí;Sí;N/A;Sí;N/A;N/A;N/A;N/A;Sí;N/A;Sí
Nissan;"Patrol 4x4 pick up";"Patrol 4x4 pick up";1998;"65000 km";;JUSSEPPEPIETRO;23900;;;;;Carrasco;https://auto.mercadolibre.com.uy/MLU-635436725-nissan-patrol-4x4-pick-up-patrol-4x4-pick-up-_JM;N/A;;"Nissan Patrol 4x4 Pick Up  Patrol 4x4 Pick Up ";USD;No;gold_premium;false;N/A;N/A;http://perfil.mercadolibre.com.uy/JUSSEPPEPIETRO;active;N/A;N/A;Usado;N/A;N/A;N/A;N/A;N/A;N/A;N/A;N/A;N/A;N/A;N/A;N/A;N/A;N/A;N/A;N/A;N/A;N/A;N/A;N/A;N/A;N/A;N/A;N/A;N/A;N/A;N/A;N/A;N/A;N/A;N/A;N/A;N/A;N/A;N/A;N/A;N/A;N/A;N/A;N/A;N/A;N/A;N/A;N/A;N/A;N/A;N/A;N/A;N/A;N/A;N/A;N/A;N/A;N/A;N/A;N/A;N/A;N/A;N/A;N/A;N/A;N/A;N/A;N/A;N/A;N/A;N/A;N/A;N/A;N/A;N/A;N/A;N/A;N/A;N/A;N/A;N/A;N/A;N/A;N/A;N/A;N/A;N/A;N/A;N/A;N/A;N/A;N/A;N/A;N/A;N/A;N/A;N/A;N/A;N/A;N/A;N/A;N/A;N/A;N/A;N/A;N/A;N/A;N/A;N/A;N/A;N/A;N/A;3;N/A;Nafta;N/A;N/A;"Autos y camionetas";N/A;N/A;N/A;N/A;N/A;N/A;N/A;N/A;N/A;N/A;N/A;N/A;N/A;N/A;N/A;N/A;N/A;N/A;N/A;N/A;N/A;N/A;N/A;N/A;N/A;N/A;N/A;N/A;N/A;N/A;N/A;N/A;N/A;N/A;N/A;N/A;N/A;N/A;N/A;N/A;N/A;N/A;N/A;N/A;N/A;N/A;N/A;N/A;N/A;N/A;N/A;N/A;N/A;N/A;N/A;N/A;N/A;N/A;N/A;N/A;N/A;N/A;N/A;N/A;N/A;N/A;N/A;N/A;N/A;N/A;N/A;N/A;N/A;N/A;N/A;N/A;N/A;N/A;N/A;N/A;N/A;N/A;N/A;N/A;N/A;N/A;N/A;N/A;N/A;N/A;N/A;N/A;N/A;N/A;N/A;N/A;N/A;N/A;N/A;N/A;N/A;N/A;N/A;N/A;N/A;N/A;N/A;N/A;N/A;N/A;N/A;N/A;N/A;N/A;N/A;N/A;N/A;N/A;N/A;N/A;N/A;N/A
Nissan;Note;"1.6 Note Sense Mt";2015;"130679 km";;OVOV5414539;11790;;;;;"La Comercial";https://auto.mercadolibre.com.uy/MLU-665144856-nissan-note-sense-tm-2015-_JM;N/A;;"Nissan Note Sense Tm 2015";usd;Sí;gold_premium;false;N/A;N/A;http://perfil.mercadolibre.com.uy/OVOV5414539;active;N/A;N/A;Usado;Gris;N/A;Hidráulica;Delantera;Sí;N/A;N/A;N/A;N/A;N/A;N/A;N/A;N/A;N/A;N/A;N/A;N/A;N/A;N/A;N/A;N/A;N/A;N/A;N/A;N/A;N/A;N/A;N/A;N/A;"2600 mm";"1.6 L";"41 L";N/A;N/A;N/A;N/A;N/A;N/A;N/A;N/A;N/A;N/A;N/A;N/A;N/A;N/A;N/A;N/A;N/A;N/A;N/A;N/A;N/A;N/A;N/A;N/A;N/A;N/A;N/A;N/A;N/A;N/A;N/A;N/A;N/A;N/A;N/A;N/A;N/A;N/A;N/A;N/A;N/A;N/A;N/A;N/A;N/A;N/A;"1537 mm";"4142 mm";N/A;N/A;N/A;N/A;5;"109 hp";Sense;N/A;N/A;N/A;N/A;N/A;N/A;N/A;N/A;N/A;N/A;N/A;N/A;N/A;N/A;N/A;N/A;N/A;N/A;N/A;N/A;"Lunes a Viernes de 9 a 18 hs";5;1.6;Nafta;Manual;Hatchback;"Autos y camionetas";N/A;N/A;N/A;N/A;N/A;N/A;UY;N/A;N/A;N/A;N/A;N/A;N/A;N/A;N/A;N/A;N/A;N/A;N/A;N/A;N/A;N/A;N/A;N/A;N/A;N/A;N/A;N/A;N/A;N/A;N/A;N/A;N/A;N/A;N/A;N/A;N/A;N/A;N/A;N/A;N/A;N/A;N/A;N/A;N/A;N/A;N/A;N/A;N/A;N/A;N/A;N/A;N/A;N/A;N/A;N/A;N/A;N/A;N/A;N/A;N/A;N/A;N/A;N/A;N/A;N/A;N/A;N/A;N/A;N/A;N/A;N/A;N/A;N/A;N/A;N/A;N/A;N/A;N/A;N/A;N/A;N/A;N/A;N/A;N/A;N/A;N/A;N/A;N/A;N/A;N/A;N/A;N/A;N/A;N/A;N/A;Sí;N/A;N/A;N/A;N/A;N/A;N/A;N/A;N/A;N/A;N/A;N/A;N/A;N/A;N/A;N/A;N/A;N/A;Sí;N/A;N/A;N/A;N/A;N/A;N/A;N/A
Nissan;Sentra;"B13 automático";2013;"125000 km";;MINCHO998;8900;;;;;Maldonado;https://auto.mercadolibre.com.uy/MLU-663660914-nissan-sentra-b-13-automatico-_JM;N/A;;"Nissan Sentra B 13 Automático";USD;Sí;gold_premium;false;N/A;N/A;http://perfil.mercadolibre.com.uy/MINCHO998;active;N/A;N/A;Usado;N/A;N/A;N/A;N/A;N/A;N/A;N/A;N/A;N/A;N/A;N/A;N/A;N/A;N/A;N/A;N/A;N/A;N/A;N/A;N/A;N/A;N/A;N/A;N/A;N/A;N/A;N/A;N/A;N/A;N/A;N/A;N/A;N/A;N/A;N/A;N/A;N/A;N/A;N/A;N/A;N/A;N/A;N/A;N/A;N/A;N/A;N/A;N/A;N/A;N/A;N/A;N/A;N/A;N/A;N/A;N/A;N/A;N/A;N/A;N/A;N/A;N/A;N/A;N/A;N/A;N/A;N/A;N/A;N/A;N/A;N/A;N/A;N/A;N/A;N/A;N/A;N/A;N/A;N/A;N/A;N/A;N/A;N/A;N/A;N/A;N/A;N/A;N/A;N/A;N/A;N/A;N/A;N/A;N/A;N/A;N/A;N/A;N/A;N/A;N/A;N/A;N/A;N/A;N/A;N/A;N/A;N/A;N/A;4;N/A;Nafta;N/A;N/A;"Autos y camionetas";N/A;N/A;N/A;N/A;N/A;N/A;N/A;N/A;N/A;N/A;N/A;N/A;N/A;N/A;N/A;N/A;N/A;N/A;N/A;N/A;N/A;N/A;N/A;N/A;N/A;N/A;N/A;N/A;N/A;N/A;N/A;N/A;N/A;N/A;N/A;N/A;N/A;N/A;N/A;N/A;N/A;N/A;N/A;N/A;N/A;N/A;N/A;N/A;N/A;N/A;N/A;N/A;N/A;N/A;N/A;N/A;N/A;N/A;N/A;N/A;N/A;N/A;N/A;N/A;N/A;N/A;N/A;N/A;N/A;N/A;N/A;N/A;N/A;N/A;N/A;N/A;N/A;N/A;N/A;N/A;N/A;N/A;N/A;N/A;N/A;N/A;N/A;N/A;N/A;N/A;N/A;N/A;N/A;N/A;N/A;N/A;N/A;N/A;N/A;N/A;N/A;N/A;N/A;N/A;N/A;N/A;N/A;N/A;N/A;N/A;N/A;N/A;N/A;N/A;N/A;N/A;N/A;N/A;N/A;N/A;N/A;N/A
Nissan;Sentra;"Advance Cvt";2023;"0 km";;"NISSAN SANTAROSA";34990;;;;;Centro;https://auto.mercadolibre.com.uy/MLU-661769946-nissan-sentra-advance-cvt-20-2023-0km-_JM;N/A;;"Nissan Sentra Advance Cvt 2.0 2023 0km";USD;Sí;gold_premium;false;N/A;N/A;http://perfil.mercadolibre.com.uy/NISSAN+SANTAROSA;active;N/A;N/A;Nuevo;Plateado;N/A;Eléctrica;N/A;N/A;Sí;Sí;Sí;N/A;N/A;Sí;Sí;Sí;Sí;Sí;Sí;Sí;N/A;Sí;N/A;N/A;N/A;N/A;N/A;N/A;N/A;N/A;N/A;N/A;N/A;"2000 cc";N/A;6;N/A;N/A;Sí;Sí;Sí;N/A;Sí;N/A;N/A;N/A;N/A;N/A;N/A;N/A;N/A;N/A;N/A;N/A;N/A;N/A;N/A;Sí;N/A;Sí;N/A;Sí;N/A;Sí;N/A;N/A;N/A;N/A;N/A;N/A;N/A;N/A;Sí;N/A;N/A;N/A;N/A;N/A;Sí;N/A;N/A;N/A;N/A;N/A;N/A;N/A;N/A;N/A;"146 hp";Advance;N/A;N/A;N/A;"10 km/l";N/A;N/A;Sí;Sí;Sí;Sí;Sí;Sí;N/A;N/A;"12 km/l";N/A;N/A;N/A;N/A;N/A;"Lun. a Vie. de 9 a 18:30 hs. Sáb. de 10 a 13 hs.";5;2.0;Nafta;Automática;Sedán;"Autos y camionetas";Sí;N/A;N/A;N/A;Sí;N/A;N/A;Sí;Sí;Sí;No;N/A;N/A;N/A;N/A;N/A;N/A;N/A;N/A;N/A;N/A;N/A;N/A;N/A;N/A;N/A;N/A;N/A;N/A;N/A;N/A;N/A;N/A;N/A;N/A;N/A;N/A;N/A;N/A;N/A;N/A;N/A;N/A;Sí;N/A;N/A;N/A;N/A;N/A;N/A;N/A;N/A;N/A;N/A;N/A;N/A;N/A;N/A;N/A;N/A;N/A;Sí;No;N/A;N/A;N/A;N/A;N/A;N/A;N/A;N/A;N/A;N/A;N/A;N/A;N/A;N/A;N/A;N/A;N/A;N/A;N/A;N/A;N/A;N/A;N/A;N/A;N/A;N/A;N/A;N/A;N/A;N/A;N/A;N/A;N/A;Sí;N/A;Sí;Sí;Sí;Sí;Sí;N/A;Sí;Sí;Sí;N/A;N/A;N/A;Sí;Sí;Sí;N/A;Sí;Sí;Sí;N/A;N/A;Sí;N/A;Sí
Nissan;Sentra;"Advance Cvt";2023;"0 km";;"NISSAN SANTAROSA";34990;;;;;Centro;https://auto.mercadolibre.com.uy/MLU-661832248-nissan-sentra-advance-cvt-20-2023-0km-_JM;N/A;;"Nissan Sentra Advance Cvt 2.0 2023 0km";USD;Sí;gold_premium;false;N/A;N/A;http://perfil.mercadolibre.com.uy/NISSAN+SANTAROSA;active;N/A;N/A;Nuevo;"Gris oscuro";N/A;Eléctrica;N/A;N/A;Sí;Sí;Sí;Sí;N/A;Sí;Sí;Sí;Sí;Sí;Sí;Sí;N/A;Sí;N/A;N/A;N/A;N/A;N/A;N/A;N/A;N/A;N/A;N/A;N/A;"2000 cc";N/A;6;N/A;N/A;Sí;Sí;Sí;N/A;Sí;N/A;N/A;N/A;N/A;N/A;N/A;N/A;N/A;N/A;N/A;N/A;N/A;N/A;N/A;Sí;N/A;Sí;N/A;Sí;N/A;Sí;N/A;N/A;N/A;N/A;N/A;N/A;N/A;N/A;Sí;N/A;N/A;N/A;N/A;N/A;Sí;N/A;N/A;N/A;N/A;N/A;N/A;N/A;N/A;N/A;"146 hp";Advance;N/A;N/A;N/A;"10 km/l";N/A;N/A;Sí;Sí;Sí;Sí;Sí;Sí;Sí;N/A;"12 km/l";N/A;N/A;N/A;N/A;N/A;"Lun. a Vie. de 9 a 18:30 hs. Sáb. de 10 a 13 hs.";5;2.0;Nafta;Automática;Sedán;"Autos y camionetas";Sí;N/A;N/A;N/A;Sí;N/A;N/A;Sí;Sí;Sí;No;N/A;N/A;N/A;N/A;N/A;N/A;N/A;N/A;N/A;N/A;N/A;N/A;N/A;N/A;N/A;N/A;N/A;N/A;N/A;N/A;N/A;N/A;N/A;N/A;N/A;N/A;N/A;N/A;N/A;N/A;N/A;N/A;Sí;N/A;N/A;N/A;N/A;N/A;N/A;N/A;N/A;N/A;N/A;N/A;N/A;N/A;N/A;N/A;N/A;N/A;Sí;No;N/A;N/A;N/A;N/A;N/A;N/A;N/A;N/A;N/A;N/A;N/A;N/A;N/A;N/A;N/A;N/A;N/A;N/A;N/A;N/A;N/A;N/A;N/A;N/A;N/A;N/A;N/A;N/A;N/A;N/A;N/A;N/A;N/A;Sí;N/A;Sí;Sí;Sí;Sí;Sí;N/A;Sí;Sí;Sí;N/A;N/A;N/A;Sí;Sí;Sí;N/A;Sí;Sí;Sí;N/A;N/A;Sí;N/A;Sí
Nissan;Kicks;Sense;2023;"0 km";;"NISSAN SANTAROSA";28990;;;;;Centro;https://auto.mercadolibre.com.uy/MLU-661769962-nissan-kicks-sense-16-2023-0km-_JM;N/A;;"Nissan Kicks Sense 1.6 2023 0km";USD;Sí;gold_premium;false;N/A;N/A;http://perfil.mercadolibre.com.uy/NISSAN+SANTAROSA;active;N/A;N/A;Nuevo;Azul;N/A;Eléctrica;N/A;Sí;Sí;N/A;N/A;N/A;N/A;Sí;N/A;N/A;N/A;Sí;N/A;Sí;N/A;Sí;N/A;N/A;N/A;N/A;N/A;N/A;N/A;N/A;N/A;N/A;N/A;"1600 cc";N/A;5;N/A;N/A;N/A;N/A;N/A;N/A;N/A;N/A;N/A;N/A;N/A;N/A;N/A;N/A;N/A;N/A;N/A;N/A;N/A;N/A;N/A;N/A;N/A;Sí;N/A;Sí;N/A;N/A;N/A;N/A;N/A;N/A;N/A;N/A;N/A;N/A;Sí;N/A;N/A;N/A;N/A;N/A;N/A;N/A;N/A;N/A;N/A;N/A;N/A;N/A;N/A;N/A;"120 hp";Sense;N/A;N/A;N/A;"15 km/l";N/A;N/A;N/A;Sí;N/A;N/A;Sí;Sí;N/A;N/A;"13 km/l";N/A;N/A;N/A;N/A;N/A;"Lun. a Vie. de 9 a 18:30 hs. Sáb. de 10 a 13 hs.";5;1.6;Nafta;Manual;SUV;"Autos y camionetas";Sí;N/A;N/A;N/A;Sí;N/A;N/A;Sí;Sí;Sí;No;N/A;N/A;N/A;N/A;N/A;N/A;N/A;N/A;N/A;N/A;N/A;N/A;N/A;N/A;N/A;N/A;N/A;N/A;N/A;N/A;N/A;N/A;N/A;N/A;N/A;N/A;N/A;N/A;N/A;N/A;N/A;N/A;Sí;N/A;N/A;N/A;N/A;N/A;N/A;N/A;N/A;N/A;N/A;N/A;N/A;N/A;N/A;N/A;N/A;N/A;Sí;No;N/A;N/A;N/A;N/A;N/A;N/A;N/A;N/A;N/A;N/A;N/A;N/A;N/A;N/A;N/A;N/A;N/A;N/A;N/A;N/A;N/A;N/A;N/A;N/A;N/A;N/A;N/A;N/A;N/A;N/A;N/A;N/A;N/A;Sí;Sí;N/A;N/A;Sí;Sí;Sí;N/A;N/A;Sí;N/A;N/A;N/A;N/A;N/A;N/A;N/A;N/A;Sí;N/A;Sí;N/A;N/A;N/A;N/A;N/A
Nissan;Frontier;S;2023;"0 km";;"NISSAN SANTAROSA";24498;;;;;Centro;https://auto.mercadolibre.com.uy/MLU-661769940-nissan-frontier-s-25-2023-0km-_JM;N/A;;"Nissan Frontier S 2.5 2023 0km";USD;Sí;gold_premium;false;N/A;N/A;http://perfil.mercadolibre.com.uy/NISSAN+SANTAROSA;active;N/A;N/A;Nuevo;Blanco;N/A;Asistida;N/A;Sí;Sí;N/A;N/A;N/A;N/A;Sí;Sí;N/A;N/A;Sí;N/A;Sí;N/A;N/A;N/A;N/A;N/A;N/A;N/A;N/A;N/A;N/A;N/A;N/A;N/A;"2500 cc";N/A;6;N/A;N/A;N/A;N/A;Sí;N/A;Sí;N/A;N/A;N/A;N/A;N/A;N/A;N/A;N/A;N/A;N/A;N/A;N/A;N/A;N/A;N/A;N/A;Sí;N/A;Sí;N/A;N/A;N/A;N/A;N/A;N/A;N/A;N/A;N/A;N/A;N/A;N/A;N/A;N/A;N/A;N/A;N/A;N/A;N/A;N/A;N/A;N/A;N/A;N/A;N/A;N/A;"160 hp";N/A;N/A;N/A;N/A;"10 km/l";N/A;N/A;N/A;N/A;Sí;Sí;Sí;N/A;N/A;Sí;"8 km/l";N/A;N/A;N/A;Sí;N/A;"Lun. a Vie. de 9 a 18:30 hs. Sáb. de 10 a 13 hs.";5;2.5;Nafta;Manual;Pick-Up;"Autos y camionetas";Sí;N/A;N/A;N/A;Sí;N/A;N/A;Sí;Sí;Sí;No;N/A;N/A;N/A;N/A;N/A;N/A;N/A;N/A;N/A;N/A;N/A;N/A;N/A;N/A;N/A;N/A;N/A;N/A;N/A;N/A;N/A;N/A;N/A;N/A;N/A;N/A;N/A;N/A;N/A;N/A;N/A;N/A;Sí;N/A;N/A;N/A;N/A;N/A;N/A;N/A;N/A;N/A;N/A;N/A;N/A;N/A;N/A;N/A;N/A;N/A;Sí;No;N/A;N/A;N/A;N/A;N/A;N/A;N/A;N/A;N/A;N/A;N/A;N/A;N/A;N/A;N/A;N/A;N/A;N/A;N/A;N/A;N/A;N/A;N/A;N/A;N/A;N/A;N/A;N/A;N/A;N/A;N/A;N/A;N/A;Sí;Sí;N/A;Sí;Sí;Sí;Sí;N/A;N/A;Sí;N/A;N/A;N/A;N/A;Sí;Sí;N/A;N/A;Sí;Sí;Sí;Sí;N/A;Sí;N/A;Sí
Nissan;March;"1.6 Advance Mt";2019;"77000 km";;"MOREIRA AUTOMOVILES";14490;;;;;"Las Piedras";https://auto.mercadolibre.com.uy/MLU-635366401-nissan-march-2019-16-advance-mt-_JM;N/A;;"Nissan March 2019 1.6 Advance Mt";usd;Sí;gold_premium;false;N/A;N/A;http://perfil.mercadolibre.com.uy/MOREIRA+AUTOMOVILES;active;N/A;N/A;Usado;N/A;N/A;Hidráulica;Delantera;Sí;N/A;N/A;N/A;N/A;N/A;N/A;N/A;N/A;N/A;N/A;N/A;N/A;N/A;N/A;N/A;N/A;N/A;N/A;N/A;N/A;N/A;N/A;N/A;N/A;"2450 mm";"1.6 L";"41 L";5;N/A;N/A;N/A;N/A;N/A;N/A;N/A;N/A;N/A;N/A;N/A;N/A;N/A;N/A;N/A;N/A;N/A;N/A;N/A;N/A;N/A;N/A;N/A;N/A;N/A;N/A;N/A;N/A;N/A;N/A;N/A;N/A;N/A;Sí;Sí;N/A;N/A;N/A;N/A;N/A;N/A;N/A;N/A;N/A;N/A;"1532 mm";"3827 mm";N/A;N/A;N/A;N/A;5;"106 hp";Advance;N/A;4;"1665 mm";N/A;N/A;N/A;N/A;N/A;N/A;N/A;Sí;N/A;N/A;N/A;N/A;N/A;N/A;N/A;N/A;N/A;N/A;5;1.6;Nafta;Manual;Hatchback;"Autos y camionetas";N/A;N/A;N/A;N/A;N/A;N/A;UY;N/A;N/A;N/A;N/A;N/A;N/A;N/A;N/A;N/A;N/A;N/A;N/A;N/A;N/A;N/A;N/A;N/A;N/A;N/A;N/A;N/A;N/A;N/A;N/A;N/A;N/A;N/A;N/A;N/A;N/A;N/A;N/A;N/A;N/A;N/A;N/A;N/A;N/A;N/A;N/A;N/A;N/A;N/A;N/A;N/A;N/A;N/A;N/A;N/A;N/A;N/A;N/A;N/A;N/A;N/A;N/A;N/A;N/A;N/A;N/A;N/A;N/A;N/A;N/A;N/A;N/A;N/A;N/A;N/A;N/A;N/A;N/A;N/A;N/A;N/A;N/A;N/A;N/A;N/A;N/A;N/A;N/A;N/A;N/A;N/A;N/A;N/A;N/A;N/A;Sí;N/A;Sí;N/A;N/A;N/A;N/A;Sí;N/A;Sí;N/A;N/A;N/A;N/A;N/A;N/A;Sí;N/A;Sí;N/A;N/A;N/A;N/A;Sí;N/A;Sí
Nissan;Sentra;"new advance CVT 2.0";2021;"19300 km";;AGUSKOPRO;30990;;;;;Pocitos;https://auto.mercadolibre.com.uy/MLU-635351407-nissan-sentra-new-advance-cvt-20-_JM;N/A;;"Nissan Sentra New Advance Cvt 2.0";USD;Sí;gold_premium;false;N/A;N/A;http://perfil.mercadolibre.com.uy/AGUSKOPRO;active;N/A;N/A;Usado;N/A;N/A;N/A;N/A;N/A;N/A;N/A;N/A;N/A;N/A;N/A;N/A;N/A;N/A;N/A;N/A;N/A;N/A;N/A;N/A;N/A;N/A;N/A;N/A;N/A;N/A;N/A;N/A;N/A;N/A;N/A;N/A;N/A;N/A;N/A;N/A;N/A;N/A;N/A;N/A;N/A;N/A;N/A;N/A;N/A;N/A;N/A;N/A;N/A;N/A;N/A;N/A;N/A;N/A;N/A;N/A;N/A;N/A;N/A;N/A;N/A;N/A;N/A;N/A;N/A;N/A;N/A;N/A;N/A;N/A;N/A;N/A;N/A;N/A;N/A;N/A;N/A;N/A;N/A;N/A;N/A;N/A;N/A;N/A;N/A;N/A;N/A;N/A;N/A;N/A;N/A;N/A;N/A;N/A;N/A;N/A;N/A;N/A;N/A;N/A;N/A;N/A;N/A;N/A;N/A;N/A;N/A;N/A;4;N/A;Nafta;N/A;N/A;"Autos y camionetas";N/A;N/A;N/A;N/A;N/A;N/A;N/A;N/A;N/A;N/A;N/A;N/A;N/A;N/A;N/A;N/A;N/A;N/A;N/A;N/A;N/A;N/A;N/A;N/A;N/A;N/A;N/A;N/A;N/A;N/A;N/A;N/A;N/A;N/A;N/A;N/A;N/A;N/A;N/A;N/A;N/A;N/A;N/A;N/A;N/A;N/A;N/A;N/A;N/A;N/A;N/A;N/A;N/A;N/A;N/A;N/A;N/A;N/A;N/A;N/A;N/A;N/A;N/A;N/A;N/A;N/A;N/A;N/A;N/A;N/A;N/A;N/A;N/A;N/A;N/A;N/A;N/A;N/A;N/A;N/A;N/A;N/A;N/A;N/A;N/A;N/A;N/A;N/A;N/A;N/A;N/A;N/A;N/A;N/A;N/A;N/A;N/A;N/A;N/A;N/A;N/A;N/A;N/A;N/A;N/A;N/A;N/A;N/A;N/A;N/A;N/A;N/A;N/A;N/A;N/A;N/A;N/A;N/A;N/A;N/A;N/A;N/A
Nissan;Versa;"1.6 Exclusive At";2021;"53000 km";;"FRENE-CAR AUTOMOVILES";23900;;;;;Maldonado;https://auto.mercadolibre.com.uy/MLU-666146848-nissan-versa-2021-16-exclusive-at-_JM;N/A;;"Nissan Versa 2021 1.6 Exclusive At";usd;Sí;gold_premium;false;N/A;N/A;http://perfil.mercadolibre.com.uy/FRENE-CAR+AUTOMOVILES;active;N/A;N/A;Usado;N/A;N/A;Hidráulica;Delantera;Sí;N/A;N/A;N/A;Sí;N/A;N/A;N/A;Sí;N/A;N/A;N/A;N/A;N/A;N/A;N/A;N/A;N/A;N/A;N/A;N/A;N/A;N/A;N/A;N/A;"2600 mm";"1.6 L";"41 L";4;N/A;N/A;N/A;N/A;N/A;N/A;N/A;N/A;N/A;N/A;N/A;N/A;N/A;N/A;N/A;N/A;N/A;N/A;N/A;N/A;N/A;N/A;N/A;N/A;N/A;N/A;N/A;N/A;N/A;N/A;N/A;N/A;N/A;Sí;Sí;N/A;N/A;N/A;N/A;N/A;N/A;N/A;N/A;N/A;N/A;"1506 mm";"4465 mm";N/A;N/A;N/A;N/A;5;"106 hp";Exclusive;N/A;4;"1695 mm";N/A;N/A;N/A;N/A;N/A;N/A;N/A;Sí;N/A;N/A;N/A;N/A;N/A;N/A;N/A;N/A;N/A;N/A;4;1.6;Nafta;Automática;Sedán;"Autos y camionetas";N/A;N/A;N/A;N/A;N/A;N/A;UY;N/A;N/A;N/A;N/A;N/A;N/A;N/A;N/A;N/A;N/A;N/A;N/A;N/A;N/A;N/A;N/A;N/A;N/A;N/A;N/A;N/A;N/A;N/A;N/A;N/A;N/A;N/A;N/A;N/A;N/A;N/A;N/A;N/A;N/A;N/A;N/A;N/A;N/A;N/A;N/A;N/A;N/A;N/A;N/A;N/A;N/A;N/A;N/A;N/A;N/A;N/A;N/A;N/A;N/A;N/A;N/A;N/A;N/A;N/A;N/A;N/A;N/A;N/A;N/A;N/A;N/A;N/A;N/A;N/A;N/A;N/A;N/A;N/A;N/A;N/A;N/A;N/A;N/A;N/A;N/A;N/A;N/A;N/A;N/A;N/A;N/A;N/A;N/A;N/A;Sí;N/A;Sí;N/A;N/A;N/A;N/A;Sí;N/A;Sí;N/A;N/A;N/A;N/A;N/A;N/A;Sí;N/A;Sí;N/A;N/A;N/A;N/A;Sí;N/A;N/A
Nissan;March;"1.6 Advance Mt";2012;"122000 km";;BLONDE428;9700;;;;;"Ciudad de la Costa";https://auto.mercadolibre.com.uy/MLU-666117548-nissan-march-2012-16-advance-mt-_JM;N/A;;"Nissan March 2012 1.6 Advance Mt";usd;Sí;gold_premium;false;N/A;N/A;http://perfil.mercadolibre.com.uy/BLONDE428;active;N/A;N/A;Usado;N/A;N/A;Hidráulica;Delantera;Sí;N/A;N/A;N/A;N/A;N/A;N/A;N/A;N/A;N/A;N/A;N/A;N/A;N/A;N/A;N/A;N/A;N/A;N/A;N/A;N/A;N/A;N/A;N/A;N/A;"2450 mm";"1.6 L";"41 L";N/A;N/A;N/A;N/A;N/A;N/A;N/A;N/A;N/A;N/A;N/A;N/A;N/A;N/A;N/A;N/A;N/A;N/A;N/A;N/A;N/A;N/A;N/A;N/A;N/A;N/A;N/A;N/A;N/A;N/A;N/A;N/A;N/A;N/A;N/A;N/A;N/A;N/A;N/A;N/A;N/A;N/A;N/A;N/A;N/A;N/A;"1528 mm";"3780 mm";N/A;N/A;N/A;N/A;5;"109 hp";Advance;N/A;N/A;"1665 mm";N/A;N/A;N/A;N/A;N/A;N/A;N/A;N/A;N/A;N/A;N/A;N/A;N/A;N/A;N/A;N/A;N/A;N/A;5;1.6;Nafta;Manual;Hatchback;"Autos y camionetas";N/A;N/A;N/A;N/A;N/A;N/A;UY;N/A;N/A;N/A;N/A;N/A;N/A;N/A;N/A;N/A;N/A;N/A;N/A;N/A;N/A;N/A;N/A;N/A;N/A;N/A;N/A;N/A;N/A;N/A;N/A;N/A;N/A;N/A;N/A;N/A;N/A;N/A;N/A;N/A;N/A;N/A;N/A;N/A;N/A;N/A;N/A;N/A;N/A;N/A;N/A;N/A;N/A;N/A;N/A;N/A;N/A;N/A;N/A;N/A;N/A;N/A;N/A;N/A;N/A;N/A;N/A;N/A;N/A;N/A;N/A;N/A;N/A;N/A;N/A;N/A;N/A;N/A;N/A;N/A;N/A;N/A;N/A;N/A;N/A;N/A;N/A;N/A;N/A;N/A;N/A;N/A;N/A;N/A;N/A;N/A;Sí;N/A;N/A;N/A;N/A;N/A;N/A;N/A;N/A;N/A;N/A;N/A;N/A;N/A;N/A;N/A;N/A;N/A;Sí;N/A;N/A;N/A;N/A;N/A;N/A;N/A
Nissan;"Sentra sr";"Exclusive 2.0";2022;"100000 km";;ALEMAUMAURENTR;26500;;;;;Jaureguiberry;https://auto.mercadolibre.com.uy/MLU-665915832-nissan-sentra-exclusive-20-_JM;N/A;;"Nissan Sentra Exclusive 2.0";USD;Sí;gold_premium;false;N/A;N/A;http://perfil.mercadolibre.com.uy/ALEMAUMAURENTR;active;N/A;N/A;Usado;N/A;N/A;N/A;N/A;N/A;N/A;N/A;N/A;N/A;N/A;N/A;N/A;N/A;N/A;N/A;N/A;N/A;N/A;N/A;N/A;N/A;N/A;N/A;N/A;N/A;N/A;N/A;N/A;N/A;N/A;N/A;N/A;N/A;N/A;N/A;N/A;N/A;N/A;N/A;N/A;N/A;N/A;N/A;N/A;N/A;N/A;N/A;N/A;N/A;N/A;N/A;N/A;N/A;N/A;N/A;N/A;N/A;N/A;N/A;N/A;N/A;N/A;N/A;N/A;N/A;N/A;N/A;N/A;N/A;N/A;N/A;N/A;N/A;N/A;N/A;N/A;N/A;N/A;N/A;N/A;N/A;N/A;N/A;N/A;N/A;N/A;N/A;N/A;N/A;N/A;N/A;N/A;N/A;N/A;N/A;N/A;N/A;N/A;N/A;N/A;N/A;N/A;N/A;N/A;N/A;N/A;N/A;N/A;5;N/A;Nafta;N/A;N/A;"Autos y camionetas";N/A;N/A;N/A;N/A;N/A;N/A;N/A;N/A;N/A;N/A;N/A;N/A;N/A;N/A;N/A;N/A;N/A;N/A;N/A;N/A;N/A;N/A;N/A;N/A;N/A;N/A;N/A;N/A;N/A;N/A;N/A;N/A;N/A;N/A;N/A;N/A;N/A;N/A;N/A;N/A;N/A;N/A;N/A;N/A;N/A;N/A;N/A;N/A;N/A;N/A;N/A;N/A;N/A;N/A;N/A;N/A;N/A;N/A;N/A;N/A;N/A;N/A;N/A;N/A;N/A;N/A;N/A;N/A;N/A;N/A;N/A;N/A;N/A;N/A;N/A;N/A;N/A;N/A;N/A;N/A;N/A;N/A;N/A;N/A;N/A;N/A;N/A;N/A;N/A;N/A;N/A;N/A;N/A;N/A;N/A;N/A;N/A;N/A;N/A;N/A;N/A;N/A;N/A;N/A;N/A;N/A;N/A;N/A;N/A;N/A;N/A;N/A;N/A;N/A;N/A;N/A;N/A;N/A;N/A;N/A;N/A;N/A
Nissan;Sentra;"Xe At";2005;"151000 km";;FRANCISCOLEBBORONI;6900;;;;;Solymar;https://auto.mercadolibre.com.uy/MLU-635231799-nissan-sentra-2005-xe-at-_JM;N/A;;"Nissan Sentra 2005 Xe At";usd;Sí;gold_premium;false;N/A;N/A;http://perfil.mercadolibre.com.uy/FRANCISCOLEBBORONI;active;N/A;N/A;Usado;N/A;N/A;Hidráulica;Delantera;Sí;N/A;N/A;N/A;N/A;N/A;N/A;N/A;N/A;N/A;N/A;N/A;N/A;N/A;N/A;N/A;N/A;N/A;N/A;N/A;N/A;N/A;N/A;N/A;N/A;N/A;"1.8 L";N/A;N/A;N/A;N/A;N/A;N/A;N/A;N/A;N/A;N/A;N/A;N/A;N/A;N/A;N/A;N/A;N/A;N/A;N/A;N/A;N/A;N/A;N/A;N/A;N/A;N/A;N/A;N/A;N/A;N/A;N/A;N/A;N/A;N/A;N/A;N/A;N/A;N/A;N/A;N/A;N/A;N/A;N/A;N/A;N/A;N/A;N/A;N/A;N/A;N/A;N/A;N/A;N/A;N/A;N/A;Xe;N/A;N/A;N/A;N/A;N/A;N/A;N/A;N/A;N/A;N/A;N/A;N/A;N/A;N/A;N/A;N/A;N/A;N/A;N/A;N/A;N/A;4;1.8;Nafta;Automática;Coupé;"Autos y camionetas";N/A;N/A;N/A;N/A;N/A;N/A;UY;N/A;N/A;N/A;N/A;N/A;N/A;N/A;N/A;N/A;N/A;N/A;N/A;N/A;N/A;N/A;N/A;N/A;N/A;N/A;N/A;N/A;N/A;N/A;N/A;N/A;N/A;N/A;N/A;N/A;N/A;N/A;N/A;N/A;N/A;N/A;N/A;N/A;N/A;N/A;N/A;N/A;N/A;N/A;N/A;N/A;N/A;N/A;N/A;N/A;N/A;N/A;N/A;N/A;N/A;N/A;N/A;N/A;N/A;N/A;N/A;N/A;N/A;N/A;N/A;N/A;N/A;N/A;N/A;N/A;N/A;N/A;N/A;N/A;N/A;N/A;N/A;N/A;N/A;N/A;N/A;N/A;N/A;N/A;N/A;N/A;N/A;N/A;N/A;N/A;Sí;N/A;N/A;N/A;N/A;N/A;N/A;N/A;N/A;N/A;N/A;N/A;N/A;N/A;N/A;N/A;N/A;N/A;Sí;N/A;N/A;N/A;N/A;N/A;N/A;N/A
Nissan;Versa;"1.6 Advance Mt";2016;"95000 km";;"RENZO CARRABS";12400;;;;;"Jacinto Vera";https://auto.mercadolibre.com.uy/MLU-635148251-nissan-versa-2016-16-advance-mt-_JM;N/A;;"Nissan Versa 2016 1.6 Advance Mt";usd;Sí;gold_premium;false;N/A;N/A;http://perfil.mercadolibre.com.uy/RENZO+CARRABS;active;N/A;N/A;Usado;N/A;N/A;Hidráulica;Delantera;Sí;N/A;N/A;N/A;N/A;N/A;N/A;N/A;N/A;N/A;N/A;N/A;N/A;N/A;N/A;N/A;N/A;N/A;N/A;N/A;N/A;N/A;N/A;N/A;N/A;"2600 mm";"1.6 L";"41 L";5;N/A;N/A;N/A;N/A;N/A;N/A;N/A;N/A;N/A;N/A;N/A;N/A;N/A;N/A;N/A;N/A;N/A;N/A;N/A;N/A;N/A;N/A;N/A;N/A;N/A;N/A;N/A;N/A;N/A;N/A;N/A;N/A;N/A;Sí;Sí;N/A;N/A;N/A;N/A;N/A;N/A;N/A;N/A;N/A;N/A;"1506 mm";"4492 mm";N/A;N/A;N/A;N/A;5;"106 hp";Advance;N/A;4;"1695 mm";N/A;N/A;N/A;N/A;N/A;N/A;N/A;Sí;N/A;N/A;N/A;N/A;N/A;N/A;N/A;N/A;N/A;N/A;4;1.6;Nafta;Manual;Sedán;"Autos y camionetas";N/A;N/A;N/A;N/A;N/A;N/A;UY;N/A;N/A;N/A;N/A;N/A;N/A;N/A;N/A;N/A;N/A;N/A;N/A;N/A;N/A;N/A;N/A;N/A;N/A;N/A;N/A;N/A;N/A;N/A;N/A;N/A;N/A;N/A;N/A;N/A;N/A;N/A;N/A;N/A;N/A;N/A;N/A;N/A;N/A;N/A;N/A;N/A;N/A;N/A;N/A;N/A;N/A;N/A;N/A;N/A;N/A;N/A;N/A;N/A;N/A;N/A;N/A;N/A;N/A;N/A;N/A;N/A;N/A;N/A;N/A;N/A;N/A;N/A;N/A;N/A;N/A;N/A;N/A;N/A;N/A;N/A;N/A;N/A;N/A;N/A;N/A;N/A;N/A;N/A;N/A;N/A;N/A;N/A;N/A;N/A;Sí;N/A;Sí;N/A;N/A;N/A;N/A;Sí;N/A;Sí;N/A;N/A;N/A;N/A;N/A;N/A;Sí;N/A;Sí;N/A;N/A;N/A;N/A;Sí;N/A;N/A
Nissan;Kicks;"1.6 Sense Mt";2017;"106000 km";;MORENOARA;18500;;;;;Malvin;https://auto.mercadolibre.com.uy/MLU-635160971-nissan-kicks-sense-16-_JM;N/A;;"Nissan Kicks Sense 1.6";usd;Sí;gold_premium;false;N/A;N/A;http://perfil.mercadolibre.com.uy/MORENOARA;active;N/A;N/A;Usado;Plateado;Sí;Hidráulica;Delantera;Sí;Sí;N/A;N/A;N/A;No;N/A;N/A;No;N/A;N/A;Sí;Sí;N/A;No;N/A;N/A;N/A;N/A;N/A;N/A;N/A;N/A;N/A;N/A;"2620 mm";"1.6 L";"50 L";5;N/A;N/A;N/A;N/A;N/A;No;N/A;N/A;N/A;N/A;N/A;N/A;N/A;N/A;N/A;N/A;N/A;N/A;N/A;N/A;N/A;N/A;N/A;N/A;N/A;N/A;N/A;N/A;N/A;Sí;N/A;N/A;N/A;Sí;Sí;N/A;N/A;N/A;N/A;N/A;N/A;N/A;N/A;N/A;N/A;"1590 mm";"4295 mm";N/A;N/A;N/A;N/A;5;"118 hp";Sense;N/A;4;"1760 mm";N/A;No;N/A;No;Sí;N/A;Sí;Sí;N/A;No;N/A;N/A;No;Sí;N/A;N/A;Sí;N/A;5;1.6;Nafta;Manual;SUV;"Autos y camionetas";N/A;N/A;N/A;N/A;N/A;N/A;UY;N/A;N/A;N/A;N/A;N/A;N/A;N/A;N/A;N/A;N/A;N/A;N/A;N/A;N/A;N/A;N/A;N/A;No;N/A;N/A;N/A;N/A;N/A;N/A;N/A;N/A;N/A;N/A;N/A;N/A;N/A;N/A;N/A;N/A;N/A;N/A;N/A;N/A;N/A;N/A;N/A;N/A;N/A;N/A;N/A;N/A;N/A;N/A;N/A;N/A;N/A;N/A;N/A;N/A;N/A;N/A;N/A;N/A;N/A;N/A;N/A;N/A;N/A;N/A;N/A;N/A;N/A;N/A;N/A;N/A;N/A;N/A;N/A;N/A;N/A;N/A;N/A;N/A;N/A;N/A;N/A;N/A;N/A;N/A;N/A;N/A;N/A;N/A;No;Sí;No;Sí;N/A;Sí;N/A;N/A;N/A;N/A;Sí;No;No;Sí;N/A;N/A;No;Sí;Sí;Sí;Sí;Sí;No;No;Sí;N/A;Sí
Nissan;Versa;"1.6 Drive";2018;"74000 km";;"MARIÑO SPORT";13990;;;;;Pocitos;https://auto.mercadolibre.com.uy/MLU-662834746-nissan-versa-2018-16-drive-_JM;N/A;;"Nissan Versa 2018 1.6 Drive";usd;Sí;gold_premium;false;N/A;N/A;http://perfil.mercadolibre.com.uy/MARI%C3%91O+SPORT;active;N/A;N/A;Usado;N/A;N/A;Hidráulica;Delantera;Sí;N/A;N/A;N/A;N/A;N/A;N/A;N/A;N/A;N/A;N/A;N/A;N/A;N/A;N/A;N/A;N/A;N/A;N/A;N/A;N/A;N/A;N/A;N/A;N/A;"2600 mm";"1.6 L";"41 L";5;N/A;N/A;N/A;N/A;N/A;N/A;N/A;N/A;N/A;N/A;N/A;N/A;N/A;N/A;N/A;N/A;N/A;N/A;N/A;N/A;N/A;N/A;N/A;N/A;N/A;N/A;N/A;N/A;N/A;N/A;N/A;N/A;N/A;N/A;N/A;N/A;N/A;N/A;N/A;N/A;N/A;N/A;N/A;N/A;N/A;"1506 mm";"4492 mm";N/A;N/A;N/A;N/A;5;"106 hp";Drive;N/A;4;"1695 mm";N/A;N/A;N/A;N/A;N/A;N/A;N/A;Sí;N/A;N/A;N/A;N/A;N/A;N/A;N/A;N/A;N/A;N/A;4;1.6;Nafta;Manual;Sedán;"Autos y camionetas";N/A;N/A;N/A;N/A;N/A;N/A;UY;N/A;N/A;N/A;N/A;N/A;N/A;N/A;N/A;N/A;N/A;N/A;N/A;N/A;N/A;N/A;N/A;N/A;N/A;N/A;N/A;N/A;N/A;N/A;N/A;N/A;N/A;N/A;N/A;N/A;N/A;N/A;N/A;N/A;N/A;N/A;N/A;N/A;N/A;N/A;N/A;N/A;N/A;N/A;N/A;N/A;N/A;N/A;N/A;N/A;N/A;N/A;N/A;N/A;N/A;N/A;N/A;N/A;N/A;N/A;N/A;N/A;N/A;N/A;N/A;N/A;N/A;N/A;N/A;N/A;N/A;N/A;N/A;N/A;N/A;N/A;N/A;N/A;N/A;N/A;N/A;N/A;N/A;N/A;N/A;N/A;N/A;N/A;N/A;N/A;Sí;N/A;N/A;N/A;N/A;N/A;N/A;N/A;N/A;Sí;N/A;N/A;N/A;N/A;N/A;N/A;N/A;N/A;Sí;N/A;N/A;N/A;N/A;N/A;N/A;N/A
Nissan;March;"1.6 Advance Mt";2014;"85000 km";;"MOREIRA AUTOMOVILES";12390;;;;;"Las Piedras";https://auto.mercadolibre.com.uy/MLU-662124094-nissan-march-2014-16-advance-mt-_JM;N/A;;"Nissan March 2014 1.6 Advance Mt";usd;Sí;gold_premium;false;N/A;N/A;http://perfil.mercadolibre.com.uy/MOREIRA+AUTOMOVILES;active;N/A;N/A;Usado;N/A;N/A;Hidráulica;Delantera;Sí;N/A;N/A;N/A;N/A;N/A;N/A;N/A;N/A;N/A;N/A;N/A;N/A;N/A;N/A;N/A;N/A;N/A;N/A;N/A;N/A;N/A;N/A;N/A;N/A;"2450 mm";"1.6 L";"41 L";N/A;N/A;N/A;N/A;N/A;N/A;N/A;N/A;N/A;N/A;N/A;N/A;N/A;N/A;N/A;N/A;N/A;N/A;N/A;N/A;N/A;N/A;N/A;N/A;N/A;N/A;N/A;N/A;N/A;N/A;N/A;N/A;N/A;N/A;N/A;N/A;N/A;N/A;N/A;N/A;N/A;N/A;N/A;N/A;N/A;N/A;"1532 mm";"3827 mm";N/A;N/A;N/A;N/A;5;"109 hp";Advance;N/A;N/A;"1665 mm";N/A;N/A;N/A;N/A;N/A;N/A;N/A;N/A;N/A;N/A;N/A;N/A;N/A;N/A;N/A;N/A;N/A;N/A;5;1.6;Nafta;Manual;Hatchback;"Autos y camionetas";N/A;N/A;N/A;N/A;N/A;N/A;UY;N/A;N/A;N/A;N/A;N/A;N/A;N/A;N/A;N/A;N/A;N/A;N/A;N/A;N/A;N/A;N/A;N/A;N/A;N/A;N/A;N/A;N/A;N/A;N/A;N/A;N/A;N/A;N/A;N/A;N/A;N/A;N/A;N/A;N/A;N/A;N/A;N/A;N/A;N/A;N/A;N/A;N/A;N/A;N/A;N/A;N/A;N/A;N/A;N/A;N/A;N/A;N/A;N/A;N/A;N/A;N/A;N/A;N/A;N/A;N/A;N/A;N/A;N/A;N/A;N/A;N/A;N/A;N/A;N/A;N/A;N/A;N/A;N/A;N/A;N/A;N/A;N/A;N/A;N/A;N/A;N/A;N/A;N/A;N/A;N/A;N/A;N/A;N/A;N/A;Sí;N/A;N/A;N/A;N/A;N/A;N/A;N/A;N/A;N/A;N/A;N/A;N/A;N/A;N/A;N/A;N/A;N/A;Sí;N/A;N/A;N/A;N/A;N/A;N/A;N/A
Nissan;March;"1.6 Advance Mt";2011;"220000 km";;DEPABLO20220705214248;8500;;;;;"La Paz";https://auto.mercadolibre.com.uy/MLU-664094890-nissan-march-2011-16-advance-mt-_JM;N/A;;"Nissan March 2011 1.6 Advance Mt";usd;Sí;gold_premium;false;N/A;N/A;http://perfil.mercadolibre.com.uy/DEPABLO20220705214248;active;N/A;N/A;Usado;N/A;N/A;Hidráulica;Delantera;Sí;N/A;N/A;N/A;N/A;N/A;N/A;N/A;N/A;N/A;N/A;N/A;N/A;N/A;N/A;N/A;N/A;N/A;N/A;N/A;N/A;N/A;N/A;N/A;N/A;"2450 mm";"1.6 L";"41 L";N/A;N/A;N/A;N/A;N/A;N/A;N/A;N/A;N/A;N/A;N/A;N/A;N/A;N/A;N/A;N/A;N/A;N/A;N/A;N/A;N/A;N/A;N/A;N/A;N/A;N/A;N/A;N/A;N/A;N/A;N/A;N/A;N/A;N/A;N/A;N/A;N/A;N/A;N/A;N/A;N/A;N/A;N/A;N/A;N/A;N/A;"1528 mm";"3780 mm";N/A;N/A;N/A;N/A;5;"109 hp";Advance;N/A;N/A;"1665 mm";N/A;N/A;N/A;N/A;N/A;N/A;N/A;N/A;N/A;N/A;N/A;N/A;N/A;N/A;N/A;N/A;N/A;N/A;5;1.6;Nafta;Manual;Hatchback;"Autos y camionetas";N/A;N/A;N/A;N/A;N/A;N/A;UY;N/A;N/A;N/A;N/A;N/A;N/A;N/A;N/A;N/A;N/A;N/A;N/A;N/A;N/A;N/A;N/A;N/A;N/A;N/A;N/A;N/A;N/A;N/A;N/A;N/A;N/A;N/A;N/A;N/A;N/A;N/A;N/A;N/A;N/A;N/A;N/A;N/A;N/A;N/A;N/A;N/A;N/A;N/A;N/A;N/A;N/A;N/A;N/A;N/A;N/A;N/A;N/A;N/A;N/A;N/A;N/A;N/A;N/A;N/A;N/A;N/A;N/A;N/A;N/A;N/A;N/A;N/A;N/A;N/A;N/A;N/A;N/A;N/A;N/A;N/A;N/A;N/A;N/A;N/A;N/A;N/A;N/A;N/A;N/A;N/A;N/A;N/A;N/A;N/A;Sí;N/A;N/A;N/A;N/A;N/A;N/A;N/A;N/A;N/A;N/A;N/A;N/A;N/A;N/A;N/A;N/A;N/A;Sí;N/A;N/A;N/A;N/A;N/A;N/A;N/A
Nissan;Tiida;"1.8 Special Edition Mt";2012;"170000 km";;JAPYMJS;10900;;;;;"Las Piedras";https://auto.mercadolibre.com.uy/MLU-635045635-nissan-tiida-2012-18-special-edition-mt-_JM;N/A;;"Nissan Tiida 2012 1.8 Special Edition Mt";usd;Sí;gold_premium;false;N/A;N/A;http://perfil.mercadolibre.com.uy/JAPYMJS;active;N/A;N/A;Usado;N/A;N/A;Hidráulica;Delantera;Sí;N/A;N/A;N/A;N/A;N/A;N/A;N/A;N/A;N/A;N/A;N/A;N/A;N/A;N/A;N/A;N/A;N/A;N/A;N/A;N/A;N/A;N/A;N/A;N/A;"2600 mm";"1.8 L";"52 L";N/A;N/A;N/A;N/A;N/A;N/A;N/A;N/A;N/A;N/A;N/A;N/A;N/A;N/A;N/A;N/A;N/A;N/A;N/A;N/A;N/A;N/A;N/A;N/A;N/A;N/A;N/A;N/A;N/A;N/A;N/A;N/A;N/A;N/A;N/A;N/A;N/A;N/A;N/A;N/A;N/A;N/A;N/A;N/A;N/A;N/A;"1548 mm";"4297 mm";N/A;N/A;N/A;N/A;N/A;N/A;"Special Edition";N/A;N/A;"1695 mm";N/A;N/A;N/A;N/A;N/A;N/A;N/A;N/A;N/A;N/A;N/A;N/A;N/A;N/A;N/A;N/A;N/A;N/A;5;1.8;Nafta;Manual;Hatchback;"Autos y camionetas";N/A;N/A;N/A;N/A;N/A;N/A;UY;N/A;N/A;N/A;N/A;N/A;N/A;N/A;N/A;N/A;N/A;N/A;N/A;N/A;N/A;N/A;N/A;N/A;N/A;N/A;N/A;N/A;N/A;N/A;N/A;N/A;N/A;N/A;N/A;N/A;N/A;N/A;N/A;N/A;N/A;N/A;N/A;N/A;N/A;N/A;N/A;N/A;N/A;N/A;N/A;N/A;N/A;N/A;N/A;N/A;N/A;N/A;N/A;N/A;N/A;N/A;N/A;N/A;N/A;N/A;N/A;N/A;N/A;N/A;N/A;N/A;N/A;N/A;N/A;N/A;N/A;N/A;N/A;N/A;N/A;N/A;N/A;N/A;N/A;N/A;N/A;N/A;N/A;N/A;N/A;N/A;N/A;N/A;N/A;N/A;Sí;N/A;N/A;N/A;N/A;N/A;N/A;N/A;N/A;N/A;N/A;N/A;N/A;N/A;N/A;N/A;N/A;N/A;Sí;N/A;N/A;N/A;N/A;N/A;N/A;N/A
Nissan;March;"1.6 Automatico";2012;"116000 km";;"MARIÑO SPORT";10490;;;;;Pocitos;https://auto.mercadolibre.com.uy/MLU-655503770-nissan-march-16-automatico-_JM;N/A;;"Nissan March 1.6 Automático ";USD;Sí;gold_premium;false;N/A;N/A;http://perfil.mercadolibre.com.uy/MARI%C3%91O+SPORT;active;N/A;N/A;Usado;N/A;N/A;N/A;N/A;N/A;N/A;N/A;N/A;N/A;N/A;N/A;N/A;N/A;N/A;N/A;N/A;N/A;N/A;N/A;N/A;N/A;N/A;N/A;N/A;N/A;N/A;N/A;N/A;N/A;N/A;N/A;N/A;N/A;N/A;N/A;N/A;N/A;N/A;N/A;N/A;N/A;N/A;N/A;N/A;N/A;N/A;N/A;N/A;N/A;N/A;N/A;N/A;N/A;N/A;N/A;N/A;N/A;N/A;N/A;N/A;N/A;N/A;N/A;N/A;N/A;N/A;N/A;N/A;N/A;N/A;N/A;N/A;N/A;N/A;N/A;N/A;N/A;N/A;N/A;N/A;N/A;N/A;N/A;N/A;N/A;N/A;N/A;N/A;N/A;N/A;N/A;N/A;N/A;N/A;N/A;N/A;N/A;N/A;N/A;N/A;N/A;N/A;N/A;N/A;N/A;N/A;N/A;N/A;5;N/A;Nafta;N/A;N/A;"Autos y camionetas";N/A;N/A;N/A;N/A;N/A;N/A;N/A;N/A;N/A;N/A;N/A;N/A;N/A;N/A;N/A;N/A;N/A;N/A;N/A;N/A;N/A;N/A;N/A;N/A;N/A;N/A;N/A;N/A;N/A;N/A;N/A;N/A;N/A;N/A;N/A;N/A;N/A;N/A;N/A;N/A;N/A;N/A;N/A;N/A;N/A;N/A;N/A;N/A;N/A;N/A;N/A;N/A;N/A;N/A;N/A;N/A;N/A;N/A;N/A;N/A;N/A;N/A;N/A;N/A;N/A;N/A;N/A;N/A;N/A;N/A;N/A;N/A;N/A;N/A;N/A;N/A;N/A;N/A;N/A;N/A;N/A;N/A;N/A;N/A;N/A;N/A;N/A;N/A;N/A;N/A;N/A;N/A;N/A;N/A;N/A;N/A;N/A;N/A;N/A;N/A;N/A;N/A;N/A;N/A;N/A;N/A;N/A;N/A;N/A;N/A;N/A;N/A;N/A;N/A;N/A;N/A;N/A;N/A;N/A;N/A;N/A;N/A
Nissan;"Patrol 4x4";"2.7 Tdi";1998;"198000 km";;ABMA1739549;22990;;;;;Malvin;https://auto.mercadolibre.com.uy/MLU-635402707-nissan-patrol-4x4-27-tdi-_JM;N/A;;"Nissan Patrol 4x4 2.7 Tdi";USD;No;gold_premium;false;N/A;N/A;http://perfil.mercadolibre.com.uy/ABMA1739549;active;N/A;N/A;Usado;Blanco;N/A;N/A;4x4;N/A;N/A;N/A;N/A;N/A;N/A;N/A;N/A;N/A;N/A;N/A;N/A;N/A;N/A;N/A;N/A;N/A;N/A;N/A;N/A;N/A;N/A;N/A;N/A;N/A;N/A;N/A;N/A;N/A;N/A;N/A;N/A;N/A;N/A;N/A;N/A;N/A;N/A;N/A;N/A;N/A;N/A;N/A;N/A;N/A;N/A;N/A;N/A;N/A;N/A;N/A;N/A;N/A;N/A;N/A;N/A;N/A;N/A;N/A;N/A;N/A;N/A;N/A;N/A;N/A;N/A;N/A;N/A;N/A;N/A;N/A;N/A;N/A;N/A;N/A;N/A;N/A;N/A;N/A;N/A;N/A;N/A;N/A;N/A;N/A;N/A;N/A;N/A;N/A;N/A;N/A;N/A;N/A;N/A;N/A;N/A;N/A;N/A;N/A;N/A;N/A;N/A;N/A;N/A;2;Nissan;Diésel;Manual;Pick-Up;"Autos y camionetas";N/A;N/A;N/A;N/A;N/A;N/A;N/A;N/A;N/A;N/A;N/A;N/A;N/A;N/A;N/A;N/A;N/A;N/A;N/A;N/A;N/A;N/A;N/A;N/A;N/A;N/A;N/A;N/A;N/A;N/A;N/A;N/A;N/A;N/A;N/A;N/A;N/A;N/A;N/A;N/A;N/A;N/A;N/A;N/A;N/A;N/A;N/A;N/A;N/A;N/A;N/A;N/A;N/A;N/A;N/A;N/A;N/A;N/A;N/A;N/A;N/A;N/A;N/A;N/A;N/A;N/A;N/A;N/A;N/A;N/A;N/A;N/A;N/A;N/A;N/A;N/A;N/A;N/A;N/A;N/A;N/A;N/A;N/A;N/A;N/A;N/A;N/A;N/A;N/A;N/A;N/A;N/A;N/A;N/A;N/A;N/A;N/A;N/A;N/A;N/A;N/A;N/A;N/A;N/A;N/A;N/A;N/A;N/A;N/A;N/A;N/A;N/A;N/A;N/A;N/A;N/A;N/A;N/A;N/A;N/A;N/A;N/A
Nissan;Frontier;"4.0 Crew Cab Xe 5vel 4x2 Mt";2014;"90000 km";;DEAVILAGABRIELA;10900;;;;;"La Blanqueada";https://auto.mercadolibre.com.uy/MLU-635281461-nissan-frontier-2014-full-dc-flamante-us-5950-y-cedula-pto-_JM;N/A;;"Nissan Frontier 2014 Full Dc Flamante U$s 5950 Y Cedula Pto";usd;Sí;gold_premium;false;N/A;N/A;http://perfil.mercadolibre.com.uy/DEAVILAGABRIELA;active;N/A;N/A;Usado;Blanco;Sí;Hidráulica;4x2;Sí;N/A;N/A;N/A;N/A;N/A;N/A;N/A;N/A;N/A;N/A;N/A;N/A;N/A;N/A;N/A;N/A;N/A;N/A;N/A;N/A;N/A;N/A;N/A;N/A;N/A;"4 L";N/A;N/A;N/A;N/A;N/A;N/A;N/A;N/A;N/A;N/A;N/A;N/A;N/A;N/A;N/A;N/A;N/A;N/A;N/A;N/A;N/A;N/A;N/A;N/A;N/A;N/A;N/A;N/A;N/A;N/A;N/A;N/A;N/A;N/A;N/A;N/A;N/A;N/A;N/A;N/A;N/A;N/A;N/A;N/A;N/A;N/A;N/A;N/A;N/A;N/A;N/A;N/A;N/A;N/A;"261 hp";N/A;N/A;N/A;N/A;N/A;N/A;N/A;N/A;N/A;N/A;N/A;N/A;N/A;N/A;N/A;N/A;N/A;N/A;N/A;N/A;N/A;"24 HORAS";4;4.0;Nafta;Manual;Pick-Up;"Autos y camionetas";N/A;N/A;N/A;N/A;N/A;N/A;UY;N/A;N/A;N/A;N/A;N/A;N/A;N/A;N/A;N/A;N/A;N/A;N/A;N/A;N/A;N/A;N/A;N/A;N/A;N/A;N/A;N/A;N/A;N/A;N/A;N/A;N/A;N/A;N/A;N/A;N/A;N/A;N/A;N/A;N/A;N/A;N/A;N/A;N/A;N/A;N/A;N/A;N/A;N/A;N/A;N/A;N/A;N/A;N/A;N/A;N/A;N/A;N/A;N/A;N/A;N/A;N/A;N/A;N/A;N/A;N/A;N/A;N/A;N/A;N/A;N/A;N/A;N/A;N/A;N/A;N/A;N/A;N/A;N/A;N/A;N/A;N/A;N/A;N/A;N/A;N/A;N/A;N/A;N/A;N/A;N/A;N/A;N/A;N/A;N/A;Sí;N/A;N/A;N/A;N/A;N/A;N/A;N/A;N/A;N/A;N/A;N/A;N/A;N/A;N/A;N/A;N/A;N/A;Sí;N/A;N/A;N/A;N/A;N/A;N/A;N/A
Nissan;"NP300 Frontier";"2.5 Le Diesel Aa 4x4 At";2016;"127000 km";;REAL1632076;33900;;;;;Aguada;https://auto.mercadolibre.com.uy/MLU-666267150-nissan-np300-frontier-2016-25-le-diesel-aa-4x4-at-_JM;N/A;;"Nissan Np300 Frontier 2016 2.5 Le Diesel Aa 4x4 At";usd;Sí;gold_premium;false;N/A;N/A;http://perfil.mercadolibre.com.uy/REAL1632076;active;N/A;N/A;Usado;Azul;Sí;Hidráulica;4x4;Sí;Sí;N/A;N/A;N/A;Sí;N/A;N/A;Sí;N/A;N/A;Sí;Sí;N/A;No;N/A;N/A;N/A;N/A;N/A;N/A;N/A;N/A;N/A;N/A;"3150 mm";"2.5 L";"80 L";7;N/A;N/A;N/A;N/A;N/A;No;N/A;N/A;N/A;N/A;N/A;N/A;N/A;N/A;N/A;N/A;N/A;N/A;N/A;N/A;N/A;N/A;N/A;N/A;N/A;N/A;N/A;N/A;N/A;No;N/A;N/A;N/A;Sí;Sí;Sí;N/A;N/A;N/A;N/A;N/A;N/A;N/A;N/A;N/A;"1860 mm";"5258 mm";N/A;N/A;N/A;N/A;N/A;"188 hp";Le;N/A;4;"1850 mm";N/A;No;N/A;Sí;Sí;N/A;Sí;Sí;N/A;No;N/A;N/A;No;Sí;N/A;N/A;No;N/A;4;2.5;Diésel;Automática;Pick-Up;"Autos y camionetas";No;N/A;N/A;N/A;No;N/A;UY;N/A;No;N/A;No;N/A;N/A;N/A;N/A;N/A;N/A;N/A;N/A;N/A;N/A;N/A;N/A;N/A;Sí;N/A;N/A;N/A;N/A;N/A;N/A;N/A;N/A;N/A;N/A;N/A;N/A;N/A;N/A;N/A;N/A;N/A;N/A;No;N/A;N/A;N/A;N/A;N/A;N/A;N/A;N/A;N/A;N/A;N/A;N/A;N/A;N/A;N/A;N/A;N/A;No;Sí;N/A;N/A;N/A;N/A;N/A;N/A;N/A;N/A;N/A;N/A;N/A;N/A;N/A;N/A;N/A;N/A;N/A;N/A;N/A;N/A;N/A;N/A;N/A;N/A;N/A;N/A;N/A;N/A;N/A;N/A;N/A;N/A;No;Sí;Sí;Sí;N/A;Sí;N/A;N/A;Sí;N/A;Sí;No;No;Sí;N/A;N/A;Sí;Sí;Sí;Sí;Sí;Sí;Sí;No;Sí;N/A;Sí
Nissan;Kicks;"1.6 Exclusive At";2019;"100000 km";;ALONSOMANUEL62;23000;;;;;"El Pinar";https://auto.mercadolibre.com.uy/MLU-635243883-nissan-kicks-exclusive-2019-muy-buen-estado-_JM;N/A;;"Nissan Kicks Exclusive 2019 (muy Buen Estado)";usd;Sí;gold_premium;false;N/A;N/A;http://perfil.mercadolibre.com.uy/ALONSOMANUEL62;active;N/A;N/A;Usado;Gris;N/A;Hidráulica;Delantera;Sí;N/A;N/A;N/A;N/A;N/A;N/A;N/A;Sí;N/A;N/A;N/A;N/A;N/A;N/A;N/A;N/A;N/A;N/A;N/A;N/A;N/A;N/A;N/A;N/A;"2620 mm";"1.6 L";"50 L";N/A;N/A;N/A;N/A;N/A;N/A;N/A;N/A;N/A;N/A;N/A;N/A;N/A;N/A;N/A;N/A;N/A;N/A;N/A;N/A;N/A;N/A;N/A;N/A;N/A;N/A;N/A;N/A;N/A;N/A;N/A;N/A;N/A;N/A;Sí;Sí;N/A;N/A;Sí;N/A;N/A;N/A;N/A;N/A;N/A;N/A;"1590 mm";"4295 mm";N/A;N/A;N/A;N/A;5;"118 hp";Exclusive;N/A;4;"1760 mm";N/A;N/A;N/A;N/A;N/A;N/A;N/A;N/A;N/A;N/A;N/A;N/A;N/A;N/A;N/A;N/A;N/A;N/A;5;1.6;Nafta;Automática;SUV;"Autos y camionetas";N/A;N/A;N/A;N/A;N/A;N/A;UY;N/A;N/A;N/A;N/A;N/A;N/A;N/A;N/A;N/A;N/A;N/A;N/A;N/A;N/A;N/A;N/A;N/A;N/A;N/A;N/A;N/A;N/A;N/A;N/A;N/A;N/A;N/A;N/A;N/A;N/A;N/A;N/A;N/A;N/A;N/A;N/A;N/A;N/A;N/A;N/A;N/A;N/A;N/A;N/A;N/A;N/A;N/A;N/A;N/A;N/A;N/A;N/A;N/A;N/A;N/A;N/A;N/A;N/A;N/A;N/A;N/A;N/A;N/A;N/A;N/A;N/A;N/A;N/A;N/A;N/A;N/A;N/A;N/A;N/A;N/A;N/A;N/A;N/A;N/A;N/A;N/A;N/A;N/A;N/A;N/A;N/A;N/A;N/A;N/A;Sí;N/A;Sí;N/A;N/A;N/A;N/A;N/A;N/A;Sí;N/A;N/A;N/A;N/A;N/A;Sí;Sí;N/A;Sí;N/A;N/A;N/A;N/A;Sí;N/A;Sí
Nissan;March;"1.6 Advance At";2016;"55000 km";;VIROGAJOEL20221014210828;13480;;;;;"San Carlos";https://auto.mercadolibre.com.uy/MLU-635299117-nissan-march-2016-16-advance-at-_JM;N/A;;"Nissan March 2016 1.6 Advance At";usd;Sí;gold_premium;false;N/A;N/A;http://perfil.mercadolibre.com.uy/VIROGAJOEL20221014210828;active;N/A;N/A;Usado;N/A;N/A;Hidráulica;Delantera;Sí;N/A;N/A;N/A;N/A;N/A;N/A;N/A;N/A;N/A;N/A;N/A;N/A;N/A;N/A;N/A;N/A;N/A;N/A;N/A;N/A;N/A;N/A;N/A;N/A;"2450 mm";"1.6 L";"41 L";4;N/A;N/A;N/A;N/A;N/A;N/A;N/A;N/A;N/A;N/A;N/A;N/A;N/A;N/A;N/A;N/A;N/A;N/A;N/A;N/A;N/A;N/A;N/A;N/A;N/A;N/A;N/A;N/A;N/A;N/A;N/A;N/A;N/A;Sí;Sí;N/A;N/A;N/A;N/A;N/A;N/A;N/A;N/A;N/A;N/A;"1532 mm";"3827 mm";N/A;N/A;N/A;N/A;5;"106 hp";Advance;N/A;4;"1665 mm";N/A;N/A;N/A;N/A;N/A;N/A;N/A;Sí;N/A;N/A;N/A;N/A;N/A;N/A;N/A;N/A;N/A;N/A;5;1.6;Nafta;Automática;Hatchback;"Autos y camionetas";N/A;N/A;N/A;N/A;N/A;N/A;UY;N/A;N/A;N/A;N/A;N/A;N/A;N/A;N/A;N/A;N/A;N/A;N/A;N/A;N/A;N/A;N/A;N/A;N/A;N/A;N/A;N/A;N/A;N/A;N/A;N/A;N/A;N/A;N/A;N/A;N/A;N/A;N/A;N/A;N/A;N/A;N/A;N/A;N/A;N/A;N/A;N/A;N/A;N/A;N/A;N/A;N/A;N/A;N/A;N/A;N/A;N/A;N/A;N/A;N/A;N/A;N/A;N/A;N/A;N/A;N/A;N/A;N/A;N/A;N/A;N/A;N/A;N/A;N/A;N/A;N/A;N/A;N/A;N/A;N/A;N/A;N/A;N/A;N/A;N/A;N/A;N/A;N/A;N/A;N/A;N/A;N/A;N/A;N/A;N/A;Sí;N/A;Sí;N/A;N/A;N/A;N/A;Sí;N/A;Sí;N/A;N/A;N/A;N/A;N/A;N/A;Sí;N/A;Sí;N/A;N/A;N/A;N/A;Sí;N/A;Sí
Nissan;"FRONTIER NEW 2023";"PRO 4X  Super Full";2023;"25000 km";;GERARDO369;43500;;;;;"Santa Lucía";https://auto.mercadolibre.com.uy/MLU-665379730-nissan-frontier-pro-4x-_JM;N/A;;"Nissan Frontier Pro 4x ";USD;Sí;gold_premium;false;N/A;N/A;http://perfil.mercadolibre.com.uy/GERARDO369;active;N/A;N/A;Usado;N/A;N/A;N/A;N/A;N/A;N/A;N/A;N/A;N/A;N/A;N/A;N/A;N/A;N/A;N/A;N/A;N/A;N/A;N/A;N/A;N/A;N/A;N/A;N/A;N/A;N/A;N/A;N/A;N/A;N/A;N/A;N/A;N/A;N/A;N/A;N/A;N/A;N/A;N/A;N/A;N/A;N/A;N/A;N/A;N/A;N/A;N/A;N/A;N/A;N/A;N/A;N/A;N/A;N/A;N/A;N/A;N/A;N/A;N/A;N/A;N/A;N/A;N/A;N/A;N/A;N/A;N/A;N/A;N/A;N/A;N/A;N/A;N/A;N/A;N/A;N/A;N/A;N/A;N/A;N/A;N/A;N/A;N/A;N/A;N/A;N/A;N/A;N/A;N/A;N/A;N/A;N/A;N/A;N/A;N/A;N/A;N/A;N/A;N/A;N/A;N/A;N/A;N/A;N/A;N/A;N/A;N/A;N/A;5;N/A;Nafta;N/A;N/A;"Autos y camionetas";N/A;N/A;N/A;N/A;N/A;N/A;N/A;N/A;N/A;N/A;N/A;N/A;N/A;N/A;N/A;N/A;N/A;N/A;N/A;N/A;N/A;N/A;N/A;N/A;N/A;N/A;N/A;N/A;N/A;N/A;N/A;N/A;N/A;N/A;N/A;N/A;N/A;N/A;N/A;N/A;N/A;N/A;N/A;N/A;N/A;N/A;N/A;N/A;N/A;N/A;N/A;N/A;N/A;N/A;N/A;N/A;N/A;N/A;N/A;N/A;N/A;N/A;N/A;N/A;N/A;N/A;N/A;N/A;N/A;N/A;N/A;N/A;N/A;N/A;N/A;N/A;N/A;N/A;N/A;N/A;N/A;N/A;N/A;N/A;N/A;N/A;N/A;N/A;N/A;N/A;N/A;N/A;N/A;N/A;N/A;N/A;N/A;N/A;N/A;N/A;N/A;N/A;N/A;N/A;N/A;N/A;N/A;N/A;N/A;N/A;N/A;N/A;N/A;N/A;N/A;N/A;N/A;N/A;N/A;N/A;N/A;N/A
Nissan;Juke;"1.6t 190 Hp";2012;"158000 km";;ARTIGASPEDRO53;18900;;;;;Colón;https://auto.mercadolibre.com.uy/MLU-665046060-nissan-juke-2012-16t-190-hp-_JM;N/A;;"Nissan Juke 2012 1.6t 190 Hp";usd;Sí;gold_premium;false;N/A;N/A;http://perfil.mercadolibre.com.uy/ARTIGASPEDRO53;active;N/A;N/A;Usado;N/A;N/A;Hidráulica;Delantera;Sí;N/A;N/A;N/A;N/A;N/A;N/A;N/A;N/A;N/A;N/A;N/A;N/A;N/A;N/A;N/A;N/A;N/A;N/A;N/A;N/A;N/A;N/A;N/A;N/A;N/A;"1.6 L";N/A;N/A;N/A;N/A;N/A;N/A;N/A;N/A;N/A;N/A;N/A;N/A;N/A;N/A;N/A;N/A;N/A;N/A;N/A;N/A;N/A;N/A;N/A;N/A;N/A;N/A;N/A;N/A;N/A;N/A;N/A;N/A;N/A;N/A;N/A;N/A;N/A;N/A;N/A;N/A;N/A;N/A;N/A;N/A;N/A;N/A;N/A;N/A;N/A;N/A;N/A;N/A;N/A;5;"190 hp";N/A;N/A;4;N/A;N/A;N/A;N/A;N/A;N/A;N/A;N/A;N/A;N/A;N/A;N/A;N/A;N/A;N/A;N/A;N/A;N/A;N/A;5;1.6;Nafta;Automática;SUV;"Autos y camionetas";N/A;N/A;N/A;N/A;N/A;N/A;UY;N/A;N/A;N/A;N/A;N/A;N/A;N/A;N/A;N/A;N/A;N/A;N/A;N/A;N/A;N/A;N/A;N/A;N/A;N/A;N/A;N/A;N/A;N/A;N/A;N/A;N/A;N/A;N/A;N/A;N/A;N/A;N/A;N/A;N/A;N/A;N/A;N/A;N/A;N/A;N/A;N/A;N/A;N/A;N/A;N/A;N/A;N/A;N/A;N/A;N/A;N/A;N/A;N/A;N/A;N/A;N/A;N/A;N/A;N/A;N/A;N/A;N/A;N/A;N/A;N/A;N/A;N/A;N/A;N/A;N/A;N/A;N/A;N/A;N/A;N/A;N/A;N/A;N/A;N/A;N/A;N/A;N/A;N/A;N/A;N/A;N/A;N/A;N/A;N/A;Sí;N/A;N/A;N/A;N/A;N/A;N/A;N/A;N/A;N/A;N/A;N/A;N/A;N/A;N/A;N/A;N/A;N/A;Sí;N/A;N/A;N/A;N/A;N/A;N/A;N/A
Nissan;Frontier;Se;2021;"54000 km";;NOGUEJOAQUIN20211214184308;27400;;;;;Mercedes;https://auto.mercadolibre.com.uy/MLU-634995571-nissan-frontier-se-_JM;N/A;;"Nissan Frontier Se";USD;Sí;gold_premium;false;N/A;N/A;http://perfil.mercadolibre.com.uy/NOGUEJOAQUIN20211214184308;active;N/A;N/A;Usado;N/A;N/A;N/A;N/A;N/A;N/A;N/A;N/A;N/A;N/A;N/A;N/A;N/A;N/A;N/A;N/A;N/A;N/A;N/A;N/A;N/A;N/A;N/A;N/A;N/A;N/A;N/A;N/A;N/A;N/A;N/A;N/A;N/A;N/A;N/A;N/A;N/A;N/A;N/A;N/A;N/A;N/A;N/A;N/A;N/A;N/A;N/A;N/A;N/A;N/A;N/A;N/A;N/A;N/A;N/A;N/A;N/A;N/A;N/A;N/A;N/A;N/A;N/A;N/A;N/A;N/A;N/A;N/A;N/A;N/A;N/A;N/A;N/A;N/A;N/A;N/A;N/A;N/A;N/A;N/A;N/A;N/A;N/A;N/A;N/A;N/A;N/A;N/A;N/A;N/A;N/A;N/A;N/A;N/A;N/A;N/A;N/A;N/A;N/A;N/A;N/A;N/A;N/A;N/A;N/A;N/A;N/A;N/A;4;N/A;Nafta;N/A;N/A;"Autos y camionetas";N/A;N/A;N/A;N/A;N/A;N/A;N/A;N/A;N/A;N/A;N/A;N/A;N/A;N/A;N/A;N/A;N/A;N/A;N/A;N/A;N/A;N/A;N/A;N/A;N/A;N/A;N/A;N/A;N/A;N/A;N/A;N/A;N/A;N/A;N/A;N/A;N/A;N/A;N/A;N/A;N/A;N/A;N/A;N/A;N/A;N/A;N/A;N/A;N/A;N/A;N/A;N/A;N/A;N/A;N/A;N/A;N/A;N/A;N/A;N/A;N/A;N/A;N/A;N/A;N/A;N/A;N/A;N/A;N/A;N/A;N/A;N/A;N/A;N/A;N/A;N/A;N/A;N/A;N/A;N/A;N/A;N/A;N/A;N/A;N/A;N/A;N/A;N/A;N/A;N/A;N/A;N/A;N/A;N/A;N/A;N/A;N/A;N/A;N/A;N/A;N/A;N/A;N/A;N/A;N/A;N/A;N/A;N/A;N/A;N/A;N/A;N/A;N/A;N/A;N/A;N/A;N/A;N/A;N/A;N/A;N/A;N/A
Nissan;Tiida;"Extra Full";2017;"80000 km";;DEAVILAGABRIELA;10900;;;;;"La Blanqueada";https://auto.mercadolibre.com.uy/MLU-664942638-nissan-tiida-2017-16-full-nuevo-us-5950-y-cedula-o-permuto-_JM;N/A;;"Nissan Tiida 2017 1.6 Full Nuevo U$s 5950 Y Cedula O Permuto";USD;Sí;gold_premium;false;N/A;N/A;http://perfil.mercadolibre.com.uy/DEAVILAGABRIELA;active;N/A;N/A;Usado;Gris;Sí;Hidráulica;N/A;N/A;N/A;N/A;N/A;N/A;N/A;N/A;N/A;N/A;N/A;N/A;N/A;N/A;N/A;N/A;N/A;N/A;N/A;N/A;N/A;N/A;N/A;N/A;N/A;N/A;N/A;N/A;N/A;N/A;N/A;N/A;N/A;N/A;N/A;N/A;N/A;N/A;N/A;N/A;N/A;N/A;N/A;N/A;N/A;N/A;N/A;N/A;N/A;N/A;N/A;N/A;N/A;N/A;N/A;N/A;N/A;N/A;N/A;N/A;N/A;N/A;N/A;N/A;N/A;N/A;N/A;N/A;N/A;N/A;N/A;N/A;N/A;N/A;N/A;N/A;N/A;N/A;N/A;N/A;N/A;N/A;N/A;N/A;N/A;N/A;N/A;N/A;N/A;N/A;N/A;N/A;N/A;N/A;N/A;N/A;N/A;N/A;N/A;N/A;N/A;N/A;N/A;N/A;"24 HORAS";4;1600;Nafta;Manual;N/A;"Autos y camionetas";N/A;N/A;N/A;N/A;N/A;N/A;N/A;N/A;N/A;N/A;N/A;N/A;N/A;N/A;N/A;N/A;N/A;N/A;N/A;N/A;N/A;N/A;N/A;N/A;N/A;N/A;N/A;N/A;N/A;N/A;N/A;N/A;N/A;N/A;N/A;N/A;N/A;N/A;N/A;N/A;N/A;N/A;N/A;N/A;N/A;N/A;N/A;N/A;N/A;N/A;N/A;N/A;N/A;N/A;N/A;N/A;N/A;N/A;N/A;N/A;N/A;N/A;N/A;N/A;N/A;N/A;N/A;N/A;N/A;N/A;N/A;N/A;N/A;N/A;N/A;N/A;N/A;N/A;N/A;N/A;N/A;N/A;N/A;N/A;N/A;N/A;N/A;N/A;N/A;N/A;N/A;N/A;N/A;N/A;N/A;N/A;N/A;N/A;N/A;N/A;N/A;N/A;N/A;N/A;N/A;N/A;N/A;N/A;N/A;N/A;N/A;N/A;N/A;N/A;N/A;N/A;N/A;N/A;N/A;N/A;N/A;N/A
Nissan;Sentra;"1.8 Advance At";2015;"38224 km";;GRUPODSPURUGUAY;16500;;;;;Centro;https://auto.mercadolibre.com.uy/MLU-663778742-nissan-sentra-2015-18-advance-at-_JM;N/A;;"Nissan Sentra 2015 1.8 Advance At";usd;Sí;gold_premium;false;N/A;N/A;http://perfil.mercadolibre.com.uy/GRUPODSPURUGUAY;active;N/A;N/A;Usado;N/A;N/A;Hidráulica;Delantera;Sí;N/A;N/A;N/A;N/A;N/A;N/A;N/A;N/A;N/A;N/A;N/A;N/A;N/A;N/A;N/A;N/A;N/A;N/A;N/A;N/A;N/A;N/A;N/A;N/A;N/A;"1.8 L";N/A;N/A;N/A;N/A;N/A;N/A;N/A;N/A;N/A;N/A;N/A;N/A;N/A;N/A;N/A;N/A;N/A;N/A;N/A;N/A;N/A;N/A;N/A;N/A;N/A;N/A;N/A;N/A;N/A;N/A;N/A;N/A;N/A;N/A;N/A;N/A;N/A;N/A;N/A;N/A;N/A;N/A;N/A;N/A;N/A;N/A;N/A;N/A;N/A;N/A;N/A;N/A;N/A;N/A;"129 hp";Advance;N/A;N/A;N/A;N/A;N/A;N/A;N/A;N/A;N/A;N/A;N/A;N/A;N/A;N/A;N/A;N/A;N/A;N/A;N/A;N/A;N/A;4;1.8;Nafta;Automática;Coupé;"Autos y camionetas";N/A;N/A;N/A;N/A;N/A;N/A;UY;N/A;N/A;N/A;N/A;N/A;N/A;N/A;N/A;N/A;N/A;N/A;N/A;N/A;N/A;N/A;N/A;N/A;N/A;N/A;N/A;N/A;N/A;N/A;N/A;N/A;N/A;N/A;N/A;N/A;N/A;N/A;N/A;N/A;N/A;N/A;N/A;N/A;N/A;N/A;N/A;N/A;N/A;N/A;N/A;N/A;N/A;N/A;N/A;N/A;N/A;N/A;N/A;N/A;N/A;N/A;N/A;N/A;N/A;N/A;N/A;N/A;N/A;N/A;N/A;N/A;N/A;N/A;N/A;N/A;N/A;N/A;N/A;N/A;N/A;N/A;N/A;N/A;N/A;N/A;N/A;N/A;N/A;N/A;N/A;N/A;N/A;N/A;N/A;N/A;Sí;N/A;N/A;N/A;N/A;N/A;N/A;N/A;N/A;N/A;N/A;N/A;N/A;N/A;N/A;N/A;N/A;N/A;Sí;N/A;N/A;N/A;N/A;N/A;N/A;N/A
Nissan;"NP300 Frontier";"2.5 Se Doble Cabina";2018;"158000 km";;SUPERTOYSURUGUAY;18900;;;;;Lagomar;https://auto.mercadolibre.com.uy/MLU-634631171-nissan-frontier-np300-25-se-4x2-doble-cabina-_JM;N/A;;"Nissan Frontier Np300 2.5 Se 4x2 Doble Cabina";usd;Sí;gold_premium;false;N/A;N/A;http://perfil.mercadolibre.com.uy/SUPERTOYSURUGUAY;active;N/A;N/A;Usado;Blanco;No;Hidráulica;4x2;Sí;Sí;N/A;N/A;N/A;No;N/A;N/A;No;N/A;N/A;No;Sí;N/A;No;N/A;N/A;N/A;N/A;N/A;N/A;N/A;N/A;N/A;N/A;"3150 mm";"2.5 L";"80 L";6;N/A;N/A;N/A;N/A;N/A;No;N/A;N/A;N/A;N/A;N/A;N/A;N/A;N/A;N/A;N/A;N/A;N/A;N/A;N/A;N/A;N/A;N/A;N/A;N/A;N/A;N/A;N/A;N/A;No;N/A;N/A;N/A;Sí;Sí;N/A;N/A;N/A;N/A;N/A;N/A;N/A;N/A;N/A;N/A;"1860 mm";"5258 mm";N/A;N/A;N/A;N/A;N/A;"120 hp";Se;N/A;4;"1850 mm";N/A;No;N/A;No;Sí;N/A;Sí;No;N/A;No;N/A;N/A;Sí;Sí;N/A;N/A;No;N/A;4;2.5;Nafta;Manual;Pick-Up;"Autos y camionetas";Sí;N/A;N/A;N/A;No;N/A;UY;N/A;No;N/A;No;N/A;N/A;N/A;N/A;N/A;N/A;N/A;N/A;N/A;N/A;N/A;N/A;N/A;No;N/A;N/A;N/A;N/A;N/A;N/A;N/A;N/A;N/A;N/A;N/A;N/A;N/A;N/A;N/A;N/A;N/A;N/A;No;N/A;N/A;N/A;N/A;N/A;N/A;N/A;N/A;N/A;N/A;N/A;N/A;N/A;N/A;N/A;N/A;N/A;No;Sí;N/A;N/A;N/A;N/A;N/A;N/A;N/A;N/A;N/A;N/A;N/A;N/A;N/A;N/A;N/A;N/A;N/A;N/A;N/A;N/A;N/A;N/A;N/A;N/A;N/A;N/A;N/A;N/A;N/A;N/A;N/A;N/A;No;Sí;Sí;Sí;N/A;Sí;N/A;N/A;N/A;N/A;Sí;No;No;No;N/A;N/A;Sí;No;Sí;Sí;Sí;No;No;No;Sí;N/A;Sí
Nissan;Versa;"Versa  SR";2024;"0 km";;"NISSAN CAR_ONE";27990;;;;;"Ciudad de la Costa";https://auto.mercadolibre.com.uy/MLU-663156984-nissan-versa-versa-sr-2024-0km-_JM;N/A;;"Nissan Versa Versa Sr 2024 0km";USD;Sí;gold_premium;false;N/A;N/A;http://perfil.mercadolibre.com.uy/NISSAN+CAR_ONE;active;N/A;N/A;Nuevo;N/A;N/A;Eléctrica;N/A;Sí;Sí;Sí;N/A;N/A;N/A;Sí;Sí;N/A;Sí;Sí;Sí;Sí;N/A;Sí;N/A;N/A;N/A;N/A;N/A;N/A;N/A;N/A;N/A;N/A;N/A;N/A;N/A;6;N/A;N/A;Sí;Sí;Sí;N/A;Sí;N/A;N/A;N/A;N/A;N/A;N/A;N/A;N/A;N/A;N/A;N/A;N/A;N/A;N/A;N/A;N/A;Sí;N/A;Sí;N/A;Sí;N/A;N/A;N/A;N/A;N/A;N/A;N/A;N/A;Sí;N/A;N/A;N/A;N/A;N/A;Sí;N/A;N/A;N/A;N/A;N/A;N/A;N/A;N/A;N/A;"118 hp";N/A;N/A;N/A;N/A;"13 km/l";N/A;N/A;N/A;Sí;Sí;Sí;Sí;Sí;N/A;N/A;"19 km/l";N/A;N/A;N/A;N/A;Sí;"Lunes a Domingos de 10 a 20 hs";5;N/A;Nafta;Automática;Sedán;"Autos y camionetas";Sí;N/A;N/A;N/A;Sí;N/A;N/A;Sí;Sí;Sí;No;N/A;N/A;N/A;N/A;N/A;N/A;N/A;N/A;N/A;N/A;N/A;N/A;N/A;Sí;N/A;N/A;N/A;N/A;N/A;N/A;N/A;N/A;N/A;N/A;N/A;N/A;N/A;N/A;N/A;N/A;N/A;N/A;Sí;N/A;N/A;N/A;N/A;N/A;N/A;N/A;N/A;N/A;N/A;N/A;N/A;N/A;N/A;N/A;N/A;N/A;Sí;No;N/A;N/A;N/A;N/A;N/A;N/A;N/A;N/A;N/A;N/A;N/A;N/A;N/A;N/A;N/A;N/A;N/A;N/A;N/A;N/A;N/A;N/A;N/A;N/A;N/A;N/A;N/A;N/A;N/A;Sí;N/A;N/A;N/A;Sí;Sí;Sí;Sí;Sí;N/A;Sí;N/A;Sí;Sí;N/A;N/A;N/A;N/A;Sí;Sí;Sí;N/A;Sí;Sí;Sí;N/A;N/A;N/A;N/A;Sí
Nissan;Kicks;Advance;2018;"40363 km";;"GO SELECT";21900;;;;;Aguada;https://auto.mercadolibre.com.uy/MLU-635107773-nissan-kicks-advance-2018-azul-muy-buen-estado-_JM;N/A;;"Nissan Kicks Advance 2018 Azul Muy Buen Estado";usd;Sí;gold_premium;false;N/A;N/A;http://perfil.mercadolibre.com.uy/GO+SELECT;active;N/A;N/A;Usado;Azul;Sí;Hidráulica;N/A;Sí;Sí;Sí;N/A;N/A;N/A;Sí;Sí;Sí;N/A;N/A;N/A;Sí;N/A;N/A;N/A;N/A;N/A;N/A;N/A;N/A;N/A;N/A;N/A;N/A;N/A;"1600 cc";N/A;N/A;N/A;N/A;N/A;N/A;Sí;N/A;N/A;N/A;N/A;N/A;N/A;N/A;N/A;N/A;N/A;N/A;N/A;N/A;N/A;N/A;N/A;N/A;N/A;Sí;N/A;Sí;N/A;N/A;N/A;N/A;N/A;N/A;N/A;N/A;N/A;N/A;N/A;N/A;N/A;N/A;N/A;N/A;Sí;N/A;N/A;N/A;N/A;N/A;N/A;N/A;N/A;N/A;N/A;Advance;N/A;N/A;N/A;N/A;N/A;N/A;Sí;N/A;Sí;N/A;Sí;N/A;N/A;N/A;N/A;N/A;N/A;N/A;N/A;Sí;"Lun. a Jue. de 9 a 18 hs. Vie de 9 a 17 hs";5;1.6;Nafta;Manual;SUV;"Autos y camionetas";No;N/A;N/A;N/A;No;N/A;UY;No;Sí;No;No;N/A;N/A;N/A;N/A;N/A;N/A;N/A;N/A;N/A;N/A;N/A;N/A;N/A;N/A;N/A;N/A;N/A;N/A;N/A;N/A;N/A;N/A;N/A;N/A;N/A;N/A;N/A;N/A;N/A;N/A;N/A;N/A;N/A;N/A;N/A;N/A;N/A;N/A;N/A;N/A;N/A;N/A;N/A;N/A;N/A;N/A;N/A;N/A;N/A;N/A;N/A;No;N/A;N/A;N/A;N/A;N/A;N/A;N/A;N/A;N/A;N/A;N/A;N/A;N/A;N/A;N/A;N/A;N/A;N/A;N/A;N/A;N/A;N/A;N/A;N/A;N/A;N/A;N/A;N/A;N/A;N/A;N/A;N/A;N/A;Sí;N/A;Sí;Sí;Sí;N/A;Sí;N/A;Sí;Sí;N/A;N/A;N/A;N/A;N/A;Sí;N/A;N/A;Sí;N/A;Sí;N/A;N/A;N/A;N/A;Sí
Nissan;Versa;"Versa full manual";2014;"142000 km";;SANGUS2006;10800;;;;;"Brazo Oriental";https://auto.mercadolibre.com.uy/MLU-635254887-nissan-versa-versa-full-manual-_JM;N/A;;"Nissan Versa Versa Full Manual ";USD;Sí;gold_premium;false;N/A;N/A;http://perfil.mercadolibre.com.uy/SANGUS2006;active;N/A;N/A;Usado;N/A;N/A;N/A;N/A;N/A;N/A;N/A;N/A;N/A;N/A;N/A;N/A;N/A;N/A;N/A;N/A;N/A;N/A;N/A;N/A;N/A;N/A;N/A;N/A;N/A;N/A;N/A;N/A;N/A;N/A;N/A;N/A;N/A;N/A;N/A;N/A;N/A;N/A;N/A;N/A;N/A;N/A;N/A;N/A;N/A;N/A;N/A;N/A;N/A;N/A;N/A;N/A;N/A;N/A;N/A;N/A;N/A;N/A;N/A;N/A;N/A;N/A;N/A;N/A;N/A;N/A;N/A;N/A;N/A;N/A;N/A;N/A;N/A;N/A;N/A;N/A;N/A;N/A;N/A;N/A;N/A;N/A;N/A;N/A;N/A;N/A;N/A;N/A;N/A;N/A;N/A;N/A;N/A;N/A;N/A;N/A;N/A;N/A;N/A;N/A;N/A;N/A;N/A;N/A;N/A;N/A;N/A;N/A;4;N/A;Nafta;N/A;N/A;"Autos y camionetas";N/A;N/A;N/A;N/A;N/A;N/A;N/A;N/A;N/A;N/A;N/A;N/A;N/A;N/A;N/A;N/A;N/A;N/A;N/A;N/A;N/A;N/A;N/A;N/A;N/A;N/A;N/A;N/A;N/A;N/A;N/A;N/A;N/A;N/A;N/A;N/A;N/A;N/A;N/A;N/A;N/A;N/A;N/A;N/A;N/A;N/A;N/A;N/A;N/A;N/A;N/A;N/A;N/A;N/A;N/A;N/A;N/A;N/A;N/A;N/A;N/A;N/A;N/A;N/A;N/A;N/A;N/A;N/A;N/A;N/A;N/A;N/A;N/A;N/A;N/A;N/A;N/A;N/A;N/A;N/A;N/A;N/A;N/A;N/A;N/A;N/A;N/A;N/A;N/A;N/A;N/A;N/A;N/A;N/A;N/A;N/A;N/A;N/A;N/A;N/A;N/A;N/A;N/A;N/A;N/A;N/A;N/A;N/A;N/A;N/A;N/A;N/A;N/A;N/A;N/A;N/A;N/A;N/A;N/A;N/A;N/A;N/A
Nissan;Kicks;"1.6 Exclusive At";2018;"83042 km";;GRUPODSPURUGUAY;22900;;;;;Centro;https://auto.mercadolibre.com.uy/MLU-665044716-nissan-kicks-2018-16-exclusive-at-_JM;N/A;;"Nissan Kicks 2018 1.6 Exclusive At";usd;Sí;gold_premium;false;N/A;N/A;http://perfil.mercadolibre.com.uy/GRUPODSPURUGUAY;active;N/A;N/A;Usado;N/A;N/A;Hidráulica;Delantera;Sí;N/A;N/A;N/A;N/A;N/A;N/A;N/A;Sí;N/A;N/A;N/A;N/A;N/A;N/A;N/A;N/A;N/A;N/A;N/A;N/A;N/A;N/A;N/A;N/A;"2620 mm";"1.6 L";"50 L";N/A;N/A;N/A;N/A;N/A;N/A;N/A;N/A;N/A;N/A;N/A;N/A;N/A;N/A;N/A;N/A;N/A;N/A;N/A;N/A;N/A;N/A;N/A;N/A;N/A;N/A;N/A;N/A;N/A;N/A;N/A;N/A;N/A;N/A;Sí;Sí;N/A;N/A;Sí;N/A;N/A;N/A;N/A;N/A;N/A;N/A;"1590 mm";"4295 mm";N/A;N/A;N/A;N/A;5;"118 hp";Exclusive;N/A;4;"1760 mm";N/A;N/A;N/A;N/A;N/A;N/A;N/A;N/A;N/A;N/A;N/A;N/A;N/A;N/A;N/A;N/A;N/A;N/A;5;1.6;Nafta;Automática;SUV;"Autos y camionetas";N/A;N/A;N/A;N/A;N/A;N/A;UY;N/A;N/A;N/A;N/A;N/A;N/A;N/A;N/A;N/A;N/A;N/A;N/A;N/A;N/A;N/A;N/A;N/A;N/A;N/A;N/A;N/A;N/A;N/A;N/A;N/A;N/A;N/A;N/A;N/A;N/A;N/A;N/A;N/A;N/A;N/A;N/A;N/A;N/A;N/A;N/A;N/A;N/A;N/A;N/A;N/A;N/A;N/A;N/A;N/A;N/A;N/A;N/A;N/A;N/A;N/A;N/A;N/A;N/A;N/A;N/A;N/A;N/A;N/A;N/A;N/A;N/A;N/A;N/A;N/A;N/A;N/A;N/A;N/A;N/A;N/A;N/A;N/A;N/A;N/A;N/A;N/A;N/A;N/A;N/A;N/A;N/A;N/A;N/A;N/A;Sí;N/A;Sí;N/A;N/A;N/A;N/A;N/A;N/A;Sí;N/A;N/A;N/A;N/A;N/A;Sí;Sí;N/A;Sí;N/A;N/A;N/A;N/A;Sí;N/A;Sí
Nissan;NP300;Se;2018;"67000 km";;SEBASTIANVIEGASBERMUDEZ;29995;;;;;"Punta del Diablo";https://auto.mercadolibre.com.uy/MLU-635044527-se-plus-diesel-190hp-biturbo-nissan-np300-4x2-_JM;N/A;;"Se Plus Diesel 190hp Biturbo Nissan Np300 4x2";USD;Sí;gold_premium;false;N/A;N/A;http://perfil.mercadolibre.com.uy/SEBASTIANVIEGASBERMUDEZ;active;N/A;N/A;Usado;Gris;Sí;Hidráulica;4x2;Sí;Sí;N/A;N/A;N/A;No;N/A;N/A;No;N/A;N/A;No;Sí;N/A;No;N/A;N/A;N/A;N/A;N/A;N/A;N/A;N/A;N/A;N/A;N/A;N/A;N/A;N/A;N/A;N/A;N/A;N/A;N/A;No;N/A;N/A;N/A;N/A;N/A;N/A;N/A;N/A;N/A;N/A;N/A;N/A;N/A;N/A;N/A;N/A;N/A;N/A;N/A;N/A;N/A;N/A;N/A;No;N/A;N/A;N/A;N/A;N/A;N/A;N/A;N/A;N/A;N/A;N/A;N/A;N/A;N/A;N/A;N/A;N/A;N/A;N/A;N/A;N/A;N/A;N/A;N/A;N/A;N/A;N/A;N/A;No;N/A;N/A;Sí;N/A;Sí;No;N/A;No;N/A;N/A;No;N/A;N/A;N/A;No;N/A;4;2.300;Diésel;Manual;Pick-Up;"Autos y camionetas";No;N/A;N/A;N/A;No;N/A;N/A;N/A;No;N/A;N/A;N/A;N/A;N/A;N/A;N/A;N/A;N/A;N/A;N/A;N/A;N/A;N/A;N/A;No;N/A;N/A;N/A;N/A;N/A;N/A;N/A;N/A;N/A;N/A;N/A;N/A;N/A;N/A;N/A;N/A;N/A;N/A;No;N/A;N/A;N/A;N/A;N/A;N/A;N/A;N/A;N/A;N/A;N/A;N/A;N/A;N/A;N/A;N/A;N/A;N/A;Sí;N/A;N/A;N/A;N/A;N/A;N/A;N/A;N/A;N/A;N/A;N/A;N/A;N/A;N/A;N/A;N/A;N/A;N/A;N/A;N/A;N/A;N/A;N/A;N/A;N/A;N/A;N/A;N/A;N/A;N/A;N/A;N/A;No;Sí;No;Sí;N/A;Sí;N/A;N/A;N/A;N/A;Sí;No;Sí;Sí;N/A;N/A;Sí;No;Sí;Sí;Sí;No;Sí;No;Sí;N/A;Sí
Nissan;Tiida;"HB Full Manual";2011;"127000 km";;FAINAANDRES20221229225848;9600;;;;;"La Paz";https://auto.mercadolibre.com.uy/MLU-634795971-nissan-tiida-hb-full-manual-_JM;N/A;;"Nissan Tiida Hb Full Manual";USD;Sí;gold_premium;false;N/A;N/A;http://perfil.mercadolibre.com.uy/FAINAANDRES20221229225848;active;N/A;N/A;Usado;N/A;N/A;N/A;N/A;N/A;N/A;N/A;N/A;N/A;N/A;N/A;N/A;N/A;N/A;N/A;N/A;N/A;N/A;N/A;N/A;N/A;N/A;N/A;N/A;N/A;N/A;N/A;N/A;N/A;N/A;N/A;N/A;N/A;N/A;N/A;N/A;N/A;N/A;N/A;N/A;N/A;N/A;N/A;N/A;N/A;N/A;N/A;N/A;N/A;N/A;N/A;N/A;N/A;N/A;N/A;N/A;N/A;N/A;N/A;N/A;N/A;N/A;N/A;N/A;N/A;N/A;N/A;N/A;N/A;N/A;N/A;N/A;N/A;N/A;N/A;N/A;N/A;N/A;N/A;N/A;N/A;N/A;N/A;N/A;N/A;N/A;N/A;N/A;N/A;N/A;N/A;N/A;N/A;N/A;N/A;N/A;N/A;N/A;N/A;N/A;N/A;N/A;N/A;N/A;N/A;N/A;N/A;N/A;5;N/A;Nafta;N/A;N/A;"Autos y camionetas";N/A;N/A;N/A;N/A;N/A;N/A;N/A;N/A;N/A;N/A;N/A;N/A;N/A;N/A;N/A;N/A;N/A;N/A;N/A;N/A;N/A;N/A;N/A;N/A;N/A;N/A;N/A;N/A;N/A;N/A;N/A;N/A;N/A;N/A;N/A;N/A;N/A;N/A;N/A;N/A;N/A;N/A;N/A;N/A;N/A;N/A;N/A;N/A;N/A;N/A;N/A;N/A;N/A;N/A;N/A;N/A;N/A;N/A;N/A;N/A;N/A;N/A;N/A;N/A;N/A;N/A;N/A;N/A;N/A;N/A;N/A;N/A;N/A;N/A;N/A;N/A;N/A;N/A;N/A;N/A;N/A;N/A;N/A;N/A;N/A;N/A;N/A;N/A;N/A;N/A;N/A;N/A;N/A;N/A;N/A;N/A;N/A;N/A;N/A;N/A;N/A;N/A;N/A;N/A;N/A;N/A;N/A;N/A;N/A;N/A;N/A;N/A;N/A;N/A;N/A;N/A;N/A;N/A;N/A;N/A;N/A;N/A
Nissan;"March extra full";Manual;2015;"80000 km";;MARTIN1019;13000;;;;;Belvedere;https://auto.mercadolibre.com.uy/MLU-664114738-nissan-370z-manual-_JM;N/A;;"Nissan 370z Manual";USD;Sí;gold_premium;false;N/A;N/A;http://perfil.mercadolibre.com.uy/MARTIN1019;active;N/A;N/A;Usado;N/A;N/A;N/A;N/A;N/A;N/A;N/A;N/A;N/A;N/A;N/A;N/A;N/A;N/A;N/A;N/A;N/A;N/A;N/A;N/A;N/A;N/A;N/A;N/A;N/A;N/A;N/A;N/A;N/A;N/A;N/A;N/A;N/A;N/A;N/A;N/A;N/A;N/A;N/A;N/A;N/A;N/A;N/A;N/A;N/A;N/A;N/A;N/A;N/A;N/A;N/A;N/A;N/A;N/A;N/A;N/A;N/A;N/A;N/A;N/A;N/A;N/A;N/A;N/A;N/A;N/A;N/A;N/A;N/A;N/A;N/A;N/A;N/A;N/A;N/A;N/A;N/A;N/A;N/A;N/A;N/A;N/A;N/A;N/A;N/A;N/A;N/A;N/A;N/A;N/A;N/A;N/A;N/A;N/A;N/A;N/A;N/A;N/A;N/A;N/A;N/A;N/A;N/A;N/A;N/A;N/A;N/A;N/A;5;N/A;Nafta;N/A;N/A;"Autos y camionetas";N/A;N/A;N/A;N/A;N/A;N/A;N/A;N/A;N/A;N/A;N/A;N/A;N/A;N/A;N/A;N/A;N/A;N/A;N/A;N/A;N/A;N/A;N/A;N/A;N/A;N/A;N/A;N/A;N/A;N/A;N/A;N/A;N/A;N/A;N/A;N/A;N/A;N/A;N/A;N/A;N/A;N/A;N/A;N/A;N/A;N/A;N/A;N/A;N/A;N/A;N/A;N/A;N/A;N/A;N/A;N/A;N/A;N/A;N/A;N/A;N/A;N/A;N/A;N/A;N/A;N/A;N/A;N/A;N/A;N/A;N/A;N/A;N/A;N/A;N/A;N/A;N/A;N/A;N/A;N/A;N/A;N/A;N/A;N/A;N/A;N/A;N/A;N/A;N/A;N/A;N/A;N/A;N/A;N/A;N/A;N/A;N/A;N/A;N/A;N/A;N/A;N/A;N/A;N/A;N/A;N/A;N/A;N/A;N/A;N/A;N/A;N/A;N/A;N/A;N/A;N/A;N/A;N/A;N/A;N/A;N/A;N/A
Nissan;Kicks;"1.6 Sense Mt";2019;"60000 km";;DELMIRAAPELLANIZ;18400;;;;;Malvin;https://auto.mercadolibre.com.uy/MLU-635398303-nissan-kicks-2019-16-sense-mt-_JM;N/A;;"Nissan Kicks 2019 1.6 Sense Mt";usd;Sí;gold_premium;false;N/A;N/A;http://perfil.mercadolibre.com.uy/DELMIRAAPELLANIZ;active;N/A;N/A;Usado;N/A;N/A;Hidráulica;Delantera;Sí;N/A;N/A;N/A;N/A;N/A;N/A;N/A;N/A;N/A;N/A;N/A;N/A;N/A;N/A;N/A;N/A;N/A;N/A;N/A;N/A;N/A;N/A;N/A;N/A;"2620 mm";"1.6 L";"50 L";5;N/A;N/A;N/A;N/A;N/A;N/A;N/A;N/A;N/A;N/A;N/A;N/A;N/A;N/A;N/A;N/A;N/A;N/A;N/A;N/A;N/A;N/A;N/A;N/A;N/A;N/A;N/A;N/A;N/A;N/A;N/A;N/A;N/A;Sí;Sí;N/A;N/A;N/A;N/A;N/A;N/A;N/A;N/A;N/A;N/A;"1590 mm";"4295 mm";N/A;N/A;N/A;N/A;5;"118 hp";Sense;N/A;4;"1760 mm";N/A;N/A;N/A;N/A;N/A;N/A;N/A;N/A;N/A;N/A;N/A;N/A;N/A;N/A;N/A;N/A;N/A;N/A;5;1.6;Nafta;Manual;SUV;"Autos y camionetas";N/A;N/A;N/A;N/A;N/A;N/A;UY;N/A;N/A;N/A;N/A;N/A;N/A;N/A;N/A;N/A;N/A;N/A;N/A;N/A;N/A;N/A;N/A;N/A;N/A;N/A;N/A;N/A;N/A;N/A;N/A;N/A;N/A;N/A;N/A;N/A;N/A;N/A;N/A;N/A;N/A;N/A;N/A;N/A;N/A;N/A;N/A;N/A;N/A;N/A;N/A;N/A;N/A;N/A;N/A;N/A;N/A;N/A;N/A;N/A;N/A;N/A;N/A;N/A;N/A;N/A;N/A;N/A;N/A;N/A;N/A;N/A;N/A;N/A;N/A;N/A;N/A;N/A;N/A;N/A;N/A;N/A;N/A;N/A;N/A;N/A;N/A;N/A;N/A;N/A;N/A;N/A;N/A;N/A;N/A;N/A;Sí;N/A;N/A;N/A;N/A;N/A;N/A;N/A;N/A;Sí;N/A;N/A;N/A;N/A;N/A;N/A;Sí;N/A;Sí;N/A;N/A;N/A;N/A;Sí;N/A;Sí
Nissan;Kicks;"Exclusive Cvt";2022;"55999 km";;"GO SELECT";27900;;;;;Aguada;https://auto.mercadolibre.com.uy/MLU-654531920-nissan-kicks-exclusive-cvt-2022-anaranjado-excelente-estado-_JM;N/A;;"Nissan Kicks Exclusive Cvt 2022 Anaranjado Excelente Estado";USD;Sí;gold_premium;false;N/A;N/A;http://perfil.mercadolibre.com.uy/GO+SELECT;active;N/A;N/A;Usado;Naranja;Sí;Hidráulica;N/A;Sí;Sí;Sí;N/A;N/A;N/A;Sí;Sí;Sí;N/A;N/A;N/A;Sí;N/A;N/A;N/A;N/A;N/A;N/A;N/A;N/A;N/A;N/A;N/A;N/A;N/A;"1600 cc";N/A;N/A;N/A;N/A;N/A;N/A;Sí;N/A;N/A;N/A;N/A;N/A;N/A;N/A;N/A;N/A;N/A;N/A;N/A;N/A;N/A;N/A;N/A;N/A;N/A;Sí;N/A;Sí;N/A;N/A;N/A;N/A;N/A;N/A;N/A;N/A;N/A;N/A;N/A;N/A;N/A;N/A;N/A;N/A;Sí;N/A;N/A;N/A;N/A;N/A;N/A;N/A;N/A;N/A;"118 hp";Exclusive;N/A;N/A;N/A;N/A;N/A;N/A;Sí;N/A;Sí;N/A;Sí;N/A;N/A;N/A;N/A;N/A;N/A;N/A;N/A;Sí;"Lun. a Jue. de 9 a 18 hs. Vie de 9 a 17 hs";5;1.6;Nafta;Automática;SUV;"Autos y camionetas";No;N/A;N/A;N/A;No;N/A;N/A;No;Sí;No;No;N/A;N/A;N/A;N/A;N/A;N/A;N/A;N/A;N/A;N/A;N/A;N/A;N/A;N/A;N/A;N/A;N/A;N/A;N/A;N/A;N/A;N/A;N/A;N/A;N/A;N/A;N/A;N/A;N/A;N/A;N/A;N/A;N/A;N/A;N/A;N/A;N/A;N/A;N/A;N/A;N/A;N/A;N/A;N/A;N/A;N/A;N/A;N/A;N/A;N/A;N/A;No;N/A;N/A;N/A;N/A;N/A;N/A;N/A;N/A;N/A;N/A;N/A;N/A;N/A;N/A;N/A;N/A;N/A;N/A;N/A;N/A;N/A;N/A;N/A;N/A;N/A;N/A;N/A;N/A;N/A;N/A;N/A;N/A;N/A;Sí;N/A;Sí;Sí;Sí;N/A;Sí;N/A;Sí;Sí;N/A;N/A;N/A;N/A;N/A;Sí;N/A;N/A;Sí;N/A;Sí;N/A;N/A;N/A;N/A;Sí
Nissan;"Nissan Navara 4x4";"Automatica 4x4 diese";2009;"250000 km";;JAARA1;27900;;;;;Durazno;https://auto.mercadolibre.com.uy/MLU-664119948-nissan-nissan-navara-4x4-automatica-4x4-diese-_JM;N/A;;"Nissan Nissan Navara 4x4 Automatica 4x4 Diese";USD;Sí;gold_premium;false;N/A;N/A;http://perfil.mercadolibre.com.uy/JAARA1;active;N/A;N/A;Usado;N/A;N/A;N/A;N/A;N/A;N/A;N/A;N/A;N/A;N/A;N/A;N/A;N/A;N/A;N/A;N/A;N/A;N/A;N/A;N/A;N/A;N/A;N/A;N/A;N/A;N/A;N/A;N/A;N/A;N/A;N/A;N/A;N/A;N/A;N/A;N/A;N/A;N/A;N/A;N/A;N/A;N/A;N/A;N/A;N/A;N/A;N/A;N/A;N/A;N/A;N/A;N/A;N/A;N/A;N/A;N/A;N/A;N/A;N/A;N/A;N/A;N/A;N/A;N/A;N/A;N/A;N/A;N/A;N/A;N/A;N/A;N/A;N/A;N/A;N/A;N/A;N/A;N/A;N/A;N/A;N/A;N/A;N/A;N/A;N/A;N/A;N/A;N/A;N/A;N/A;N/A;N/A;N/A;N/A;N/A;N/A;N/A;N/A;N/A;N/A;N/A;N/A;N/A;N/A;N/A;N/A;N/A;N/A;4;N/A;Diésel;N/A;N/A;"Autos y camionetas";N/A;N/A;N/A;N/A;N/A;N/A;N/A;N/A;N/A;N/A;N/A;N/A;N/A;N/A;N/A;N/A;N/A;N/A;N/A;N/A;N/A;N/A;N/A;N/A;N/A;N/A;N/A;N/A;N/A;N/A;N/A;N/A;N/A;N/A;N/A;N/A;N/A;N/A;N/A;N/A;N/A;N/A;N/A;N/A;N/A;N/A;N/A;N/A;N/A;N/A;N/A;N/A;N/A;N/A;N/A;N/A;N/A;N/A;N/A;N/A;N/A;N/A;N/A;N/A;N/A;N/A;N/A;N/A;N/A;N/A;N/A;N/A;N/A;N/A;N/A;N/A;N/A;N/A;N/A;N/A;N/A;N/A;N/A;N/A;N/A;N/A;N/A;N/A;N/A;N/A;N/A;N/A;N/A;N/A;N/A;N/A;N/A;N/A;N/A;N/A;N/A;N/A;N/A;N/A;N/A;N/A;N/A;N/A;N/A;N/A;N/A;N/A;N/A;N/A;N/A;N/A;N/A;N/A;N/A;N/A;N/A;N/A
Nissan;Kicks;"1.6 Advance";2018;"92000 km";;"MARIÑO SPORT";18700;;;;;Pocitos;https://auto.mercadolibre.com.uy/MLU-659585664-nissan-kicks-2018-16-advance-_JM;N/A;;"Nissan Kicks 2018 1.6 Advance";usd;Sí;gold_premium;false;N/A;N/A;http://perfil.mercadolibre.com.uy/MARI%C3%91O+SPORT;active;N/A;N/A;Usado;Negro;N/A;Hidráulica;Delantera;Sí;Sí;N/A;N/A;N/A;N/A;N/A;N/A;N/A;N/A;N/A;Sí;Sí;N/A;N/A;N/A;N/A;N/A;N/A;N/A;N/A;N/A;N/A;N/A;N/A;"2620 mm";"1.6 L";"50 L";5;N/A;N/A;N/A;N/A;N/A;N/A;N/A;N/A;N/A;N/A;N/A;N/A;N/A;N/A;N/A;N/A;N/A;N/A;N/A;N/A;N/A;N/A;N/A;N/A;N/A;N/A;N/A;N/A;N/A;N/A;N/A;N/A;N/A;Sí;Sí;N/A;N/A;N/A;N/A;N/A;N/A;N/A;N/A;N/A;N/A;"1590 mm";"4295 mm";N/A;N/A;N/A;N/A;5;"118 hp";Advance;N/A;4;"1760 mm";N/A;N/A;N/A;N/A;Sí;N/A;N/A;N/A;N/A;N/A;N/A;N/A;N/A;N/A;N/A;N/A;N/A;N/A;5;1.6;Nafta;Manual;SUV;"Autos y camionetas";N/A;N/A;N/A;N/A;N/A;N/A;UY;N/A;N/A;N/A;N/A;N/A;N/A;N/A;N/A;N/A;N/A;N/A;N/A;N/A;N/A;N/A;N/A;N/A;Sí;N/A;N/A;N/A;N/A;N/A;N/A;N/A;N/A;N/A;N/A;N/A;N/A;N/A;N/A;N/A;N/A;N/A;N/A;N/A;N/A;N/A;N/A;N/A;N/A;N/A;N/A;N/A;N/A;N/A;N/A;N/A;N/A;N/A;N/A;N/A;N/A;N/A;N/A;N/A;N/A;N/A;N/A;N/A;N/A;N/A;N/A;N/A;N/A;N/A;N/A;N/A;N/A;N/A;N/A;N/A;N/A;N/A;N/A;N/A;N/A;N/A;N/A;N/A;N/A;N/A;N/A;N/A;N/A;N/A;N/A;N/A;Sí;Sí;N/A;N/A;Sí;N/A;N/A;N/A;N/A;Sí;N/A;N/A;Sí;N/A;N/A;N/A;Sí;Sí;Sí;Sí;Sí;N/A;N/A;Sí;N/A;Sí
Nissan;Sentra;Std;1999;"1111 km";;MT4675;5590;;;;;Malvin;https://auto.mercadolibre.com.uy/MLU-664047806-nissan-sentra-b14-_JM;N/A;;"Nissan Sentra B14";USD;Sí;gold_premium;false;N/A;N/A;http://perfil.mercadolibre.com.uy/MT4675;active;N/A;N/A;Usado;Verde;N/A;N/A;Delantera;N/A;N/A;N/A;N/A;N/A;N/A;N/A;N/A;N/A;N/A;N/A;N/A;N/A;N/A;Sí;N/A;N/A;N/A;N/A;N/A;N/A;N/A;N/A;N/A;N/A;N/A;N/A;N/A;N/A;N/A;N/A;N/A;N/A;N/A;N/A;N/A;N/A;N/A;N/A;N/A;N/A;N/A;N/A;N/A;N/A;N/A;N/A;N/A;N/A;N/A;N/A;N/A;N/A;N/A;N/A;N/A;N/A;N/A;N/A;N/A;N/A;N/A;N/A;N/A;N/A;N/A;N/A;N/A;N/A;N/A;N/A;N/A;N/A;N/A;N/A;N/A;N/A;N/A;N/A;N/A;N/A;N/A;N/A;N/A;N/A;N/A;N/A;N/A;N/A;N/A;N/A;N/A;N/A;N/A;N/A;N/A;N/A;N/A;N/A;N/A;N/A;N/A;N/A;N/A;4;1600;Nafta;Manual;Sedán;"Autos y camionetas";N/A;N/A;N/A;N/A;N/A;N/A;N/A;N/A;Sí;N/A;N/A;N/A;N/A;N/A;N/A;N/A;N/A;N/A;N/A;N/A;N/A;N/A;N/A;N/A;N/A;N/A;N/A;N/A;N/A;N/A;N/A;N/A;N/A;N/A;N/A;N/A;N/A;N/A;N/A;N/A;N/A;N/A;N/A;N/A;N/A;N/A;N/A;N/A;N/A;N/A;N/A;N/A;N/A;N/A;N/A;N/A;N/A;N/A;N/A;N/A;N/A;N/A;N/A;N/A;N/A;N/A;N/A;N/A;N/A;N/A;N/A;N/A;N/A;N/A;N/A;N/A;N/A;N/A;N/A;N/A;N/A;N/A;N/A;N/A;N/A;N/A;N/A;N/A;N/A;N/A;N/A;N/A;N/A;N/A;N/A;N/A;N/A;Sí;Sí;N/A;N/A;N/A;N/A;N/A;N/A;N/A;N/A;N/A;Sí;N/A;N/A;N/A;N/A;Sí;Sí;Sí;N/A;Sí;N/A;Sí;N/A;Sí
Nissan;Versa;"1.6 Advance At";2012;"170000 km";;NETVENTA.;11500;;;;;Sauce;https://auto.mercadolibre.com.uy/MLU-635307003-nissan-versa-extra-full-16-automatico-_JM;N/A;;"Nissan Versa Extra Full 1.6 Automático";usd;Sí;gold_premium;false;N/A;N/A;http://perfil.mercadolibre.com.uy/NETVENTA.;active;N/A;N/A;Usado;Gris;N/A;Hidráulica;Delantera;Sí;N/A;N/A;N/A;N/A;N/A;N/A;N/A;N/A;N/A;N/A;N/A;N/A;N/A;N/A;N/A;N/A;N/A;N/A;N/A;N/A;N/A;N/A;N/A;N/A;N/A;"1.6 L";N/A;N/A;N/A;N/A;N/A;N/A;N/A;N/A;N/A;N/A;N/A;N/A;N/A;N/A;N/A;N/A;N/A;N/A;N/A;N/A;N/A;N/A;N/A;N/A;N/A;N/A;N/A;N/A;N/A;N/A;N/A;N/A;N/A;N/A;N/A;N/A;N/A;N/A;N/A;N/A;N/A;N/A;N/A;N/A;N/A;N/A;N/A;N/A;N/A;N/A;N/A;N/A;N/A;N/A;N/A;Advance;N/A;N/A;N/A;N/A;N/A;N/A;N/A;N/A;N/A;N/A;N/A;N/A;N/A;N/A;N/A;N/A;N/A;N/A;N/A;N/A;"Lunes a Sábado de 9 a 20";4;1.6;Nafta;Automática;Hatchback;"Autos y camionetas";N/A;N/A;N/A;N/A;N/A;N/A;UY;N/A;N/A;N/A;N/A;N/A;N/A;N/A;N/A;N/A;N/A;N/A;N/A;N/A;N/A;N/A;N/A;N/A;N/A;N/A;N/A;N/A;N/A;N/A;N/A;N/A;N/A;N/A;N/A;N/A;N/A;N/A;N/A;N/A;N/A;N/A;N/A;N/A;N/A;N/A;N/A;N/A;N/A;N/A;N/A;N/A;N/A;N/A;N/A;N/A;N/A;N/A;N/A;N/A;N/A;N/A;N/A;N/A;N/A;N/A;N/A;N/A;N/A;N/A;N/A;N/A;N/A;N/A;N/A;N/A;N/A;N/A;N/A;N/A;N/A;N/A;N/A;N/A;N/A;N/A;N/A;N/A;N/A;N/A;N/A;N/A;N/A;N/A;N/A;N/A;Sí;N/A;N/A;N/A;N/A;N/A;N/A;N/A;N/A;N/A;N/A;N/A;N/A;N/A;N/A;N/A;N/A;N/A;Sí;N/A;N/A;N/A;N/A;N/A;N/A;N/A
Nissan;Kicks;"EXCLUSIVE AUTOMATICA 2da.  DUEÑA PERMUTO FINANCIO 100%";2018;"80000 km";;"POMBO NOVO_AUTOMOVILES";22500;;;;;Malvin;https://auto.mercadolibre.com.uy/MLU-664145440-nissan-kicks-exclusive-automatica-2018-_JM;N/A;;"Nissan Kicks Exclusive Automatica 2018 ";USD;Sí;gold_premium;false;N/A;N/A;http://perfil.mercadolibre.com.uy/POMBO+NOVO_AUTOMOVILES;active;N/A;N/A;Usado;Negro;No;Hidráulica;Delantera;Sí;Sí;N/A;N/A;N/A;No;N/A;N/A;Sí;N/A;N/A;Sí;Sí;N/A;Sí;N/A;N/A;N/A;N/A;N/A;N/A;N/A;N/A;N/A;N/A;N/A;N/A;N/A;N/A;N/A;N/A;N/A;N/A;N/A;Sí;N/A;N/A;N/A;N/A;N/A;N/A;N/A;N/A;N/A;N/A;N/A;N/A;N/A;N/A;N/A;N/A;N/A;N/A;N/A;N/A;N/A;N/A;N/A;Sí;N/A;N/A;N/A;N/A;N/A;N/A;N/A;N/A;N/A;N/A;N/A;N/A;N/A;N/A;N/A;N/A;N/A;N/A;N/A;N/A;N/A;N/A;N/A;N/A;N/A;N/A;N/A;N/A;No;N/A;Sí;Sí;N/A;Sí;Sí;N/A;No;N/A;N/A;No;No;N/A;N/A;Sí;"Lunes a Viernes 10:00 a 18:30";5;1.6;Nafta;Automática;SUV;"Autos y camionetas";Sí;N/A;N/A;N/A;No;N/A;N/A;N/A;Sí;N/A;Sí;N/A;N/A;N/A;N/A;N/A;N/A;N/A;N/A;N/A;N/A;N/A;N/A;N/A;Sí;N/A;N/A;N/A;N/A;N/A;N/A;N/A;N/A;N/A;N/A;N/A;N/A;N/A;N/A;N/A;N/A;N/A;N/A;No;N/A;N/A;N/A;N/A;N/A;N/A;N/A;N/A;N/A;N/A;N/A;N/A;N/A;N/A;N/A;N/A;N/A;No;No;N/A;N/A;N/A;N/A;N/A;N/A;N/A;N/A;N/A;N/A;N/A;N/A;N/A;N/A;N/A;N/A;N/A;N/A;N/A;N/A;N/A;N/A;N/A;N/A;N/A;N/A;N/A;N/A;N/A;N/A;N/A;N/A;No;Sí;Sí;Sí;N/A;Sí;N/A;N/A;N/A;N/A;Sí;No;Sí;N/A;N/A;N/A;Sí;Sí;Sí;Sí;Sí;Sí;Sí;Sí;Sí;N/A;Sí
Nissan;Frontier;np300;2013;"181000 km";;ALVAROSUAREZ_AUTOMOVILES;10900;;;;;Cardona;https://auto.mercadolibre.com.uy/MLU-664109230-nissan-frontier-_JM;N/A;;"Nissan Frontier";USD;Sí;gold_premium;false;N/A;N/A;http://perfil.mercadolibre.com.uy/ALVAROSUAREZ_AUTOMOVILES;active;N/A;N/A;Usado;Azul;N/A;Hidráulica;N/A;N/A;N/A;N/A;N/A;N/A;N/A;N/A;N/A;N/A;N/A;N/A;N/A;N/A;N/A;N/A;N/A;N/A;N/A;N/A;N/A;N/A;N/A;N/A;N/A;N/A;N/A;N/A;N/A;N/A;N/A;N/A;N/A;N/A;N/A;N/A;N/A;N/A;N/A;N/A;N/A;N/A;N/A;N/A;N/A;N/A;N/A;N/A;N/A;N/A;N/A;N/A;N/A;N/A;N/A;N/A;N/A;N/A;N/A;N/A;N/A;N/A;N/A;N/A;N/A;N/A;N/A;N/A;N/A;N/A;N/A;N/A;N/A;N/A;N/A;N/A;N/A;N/A;N/A;N/A;N/A;N/A;N/A;N/A;N/A;N/A;N/A;N/A;N/A;N/A;N/A;N/A;N/A;N/A;N/A;N/A;N/A;N/A;N/A;N/A;N/A;N/A;N/A;N/A;N/A;4;2.4;Nafta;Manual;N/A;"Autos y camionetas";N/A;N/A;N/A;N/A;N/A;N/A;N/A;N/A;N/A;N/A;N/A;N/A;N/A;N/A;N/A;N/A;N/A;N/A;N/A;N/A;N/A;N/A;N/A;N/A;N/A;N/A;N/A;N/A;N/A;N/A;N/A;N/A;N/A;N/A;N/A;N/A;N/A;N/A;N/A;N/A;N/A;N/A;N/A;N/A;N/A;N/A;N/A;N/A;N/A;N/A;N/A;N/A;N/A;N/A;N/A;N/A;N/A;N/A;N/A;N/A;N/A;N/A;N/A;N/A;N/A;N/A;N/A;N/A;N/A;N/A;N/A;N/A;N/A;N/A;N/A;N/A;N/A;N/A;N/A;N/A;N/A;N/A;N/A;N/A;N/A;N/A;N/A;N/A;N/A;N/A;N/A;N/A;N/A;N/A;N/A;N/A;N/A;N/A;N/A;N/A;N/A;N/A;N/A;N/A;N/A;N/A;N/A;N/A;N/A;N/A;N/A;N/A;N/A;N/A;N/A;N/A;N/A;N/A;N/A;N/A;N/A;N/A
Nissan;Pathfinder;"DIESEL 2.7";1998;"300000 km";;DANIELHADJIAN;8000;;;;;Malvin;https://auto.mercadolibre.com.uy/MLU-635365137-nissan-pathfinder-4x4-diesel-_JM;N/A;;"Nissan Pathfinder 4x4 Diesel";USD;No;gold_premium;false;N/A;N/A;http://perfil.mercadolibre.com.uy/DANIELHADJIAN;active;N/A;N/A;Usado;Blanco;N/A;Hidráulica;4x4;N/A;N/A;N/A;N/A;N/A;N/A;N/A;N/A;N/A;N/A;N/A;N/A;N/A;N/A;N/A;N/A;N/A;N/A;N/A;N/A;N/A;N/A;N/A;N/A;N/A;N/A;N/A;N/A;N/A;N/A;N/A;N/A;N/A;N/A;N/A;N/A;N/A;N/A;N/A;N/A;N/A;N/A;N/A;N/A;N/A;N/A;N/A;N/A;N/A;N/A;N/A;N/A;N/A;N/A;N/A;N/A;N/A;N/A;N/A;N/A;N/A;N/A;N/A;N/A;N/A;N/A;N/A;N/A;N/A;N/A;N/A;N/A;N/A;N/A;N/A;N/A;N/A;N/A;N/A;N/A;N/A;N/A;N/A;N/A;N/A;N/A;N/A;N/A;N/A;N/A;N/A;N/A;N/A;N/A;N/A;N/A;N/A;N/A;N/A;N/A;N/A;N/A;N/A;N/A;4;"2.7 DIESEL";Diésel;Manual;SUV;"Autos y camionetas";N/A;N/A;N/A;N/A;N/A;N/A;N/A;N/A;N/A;N/A;N/A;N/A;N/A;N/A;N/A;N/A;N/A;N/A;N/A;N/A;N/A;N/A;N/A;N/A;N/A;N/A;N/A;N/A;N/A;N/A;N/A;N/A;N/A;N/A;N/A;N/A;N/A;N/A;N/A;N/A;N/A;N/A;N/A;N/A;N/A;N/A;N/A;N/A;N/A;N/A;N/A;N/A;N/A;N/A;N/A;N/A;N/A;N/A;N/A;N/A;N/A;N/A;N/A;N/A;N/A;N/A;N/A;N/A;N/A;N/A;N/A;N/A;N/A;N/A;N/A;N/A;N/A;N/A;N/A;N/A;N/A;N/A;N/A;N/A;N/A;N/A;N/A;N/A;N/A;N/A;N/A;N/A;N/A;N/A;N/A;N/A;N/A;N/A;N/A;N/A;N/A;N/A;N/A;N/A;N/A;N/A;N/A;N/A;N/A;N/A;N/A;N/A;N/A;N/A;N/A;N/A;N/A;N/A;N/A;N/A;N/A;N/A
Nissan;March;"1.6 Advance Mt";2019;"45000 km";;JAVIERM188;14999;;;;;Peñarol;https://auto.mercadolibre.com.uy/MLU-666235038-nissan-march-2019-16-advance-mt-_JM;N/A;;"Nissan March 2019 1.6 Advance Mt";usd;Sí;gold_premium;false;N/A;N/A;http://perfil.mercadolibre.com.uy/JAVIERM188;active;N/A;N/A;Usado;N/A;N/A;Hidráulica;Delantera;Sí;N/A;N/A;N/A;N/A;N/A;N/A;N/A;N/A;N/A;N/A;N/A;N/A;N/A;N/A;N/A;N/A;N/A;N/A;N/A;N/A;N/A;N/A;N/A;N/A;"2450 mm";"1.6 L";"41 L";5;N/A;N/A;N/A;N/A;N/A;N/A;N/A;N/A;N/A;N/A;N/A;N/A;N/A;N/A;N/A;N/A;N/A;N/A;N/A;N/A;N/A;N/A;N/A;N/A;N/A;N/A;N/A;N/A;N/A;N/A;N/A;N/A;N/A;Sí;Sí;N/A;N/A;N/A;N/A;N/A;N/A;N/A;N/A;N/A;N/A;"1532 mm";"3827 mm";N/A;N/A;N/A;N/A;5;"106 hp";Advance;N/A;4;"1665 mm";N/A;N/A;N/A;N/A;N/A;N/A;N/A;Sí;N/A;N/A;N/A;N/A;N/A;N/A;N/A;N/A;N/A;N/A;5;1.6;Nafta;Manual;Hatchback;"Autos y camionetas";N/A;N/A;N/A;N/A;N/A;N/A;UY;N/A;N/A;N/A;N/A;N/A;N/A;N/A;N/A;N/A;N/A;N/A;N/A;N/A;N/A;N/A;N/A;N/A;N/A;N/A;N/A;N/A;N/A;N/A;N/A;N/A;N/A;N/A;N/A;N/A;N/A;N/A;N/A;N/A;N/A;N/A;N/A;N/A;N/A;N/A;N/A;N/A;N/A;N/A;N/A;N/A;N/A;N/A;N/A;N/A;N/A;N/A;N/A;N/A;N/A;N/A;N/A;N/A;N/A;N/A;N/A;N/A;N/A;N/A;N/A;N/A;N/A;N/A;N/A;N/A;N/A;N/A;N/A;N/A;N/A;N/A;N/A;N/A;N/A;N/A;N/A;N/A;N/A;N/A;N/A;N/A;N/A;N/A;N/A;N/A;Sí;N/A;Sí;N/A;N/A;N/A;N/A;Sí;N/A;Sí;N/A;N/A;N/A;N/A;N/A;N/A;Sí;N/A;Sí;N/A;N/A;N/A;N/A;Sí;N/A;Sí
Nissan;Kicks;"1.6 Exclusive At";2022;"36129 km";;"ZUCCHINO MOTORS";27990;;;;;"Tres Cruces";https://auto.mercadolibre.com.uy/MLU-634236369-nissan-kicks-_JM;N/A;;"Nissan Kicks";usd;Sí;gold_premium;false;N/A;N/A;http://perfil.mercadolibre.com.uy/ZUCCHINO+MOTORS;active;N/A;N/A;Usado;Rojo;N/A;Hidráulica;Delantera;Sí;N/A;N/A;N/A;N/A;N/A;N/A;N/A;Sí;N/A;N/A;N/A;N/A;N/A;N/A;N/A;N/A;N/A;N/A;N/A;N/A;N/A;N/A;N/A;N/A;"2620 mm";"1.6 L";"50 L";N/A;N/A;N/A;N/A;N/A;N/A;N/A;N/A;N/A;N/A;N/A;N/A;N/A;N/A;N/A;N/A;N/A;N/A;N/A;N/A;N/A;N/A;N/A;N/A;N/A;N/A;N/A;N/A;N/A;N/A;N/A;N/A;N/A;N/A;Sí;Sí;N/A;N/A;Sí;N/A;N/A;N/A;N/A;N/A;N/A;N/A;"1590 mm";"4295 mm";N/A;N/A;N/A;N/A;5;"118 hp";Exclusive;N/A;4;"1760 mm";N/A;N/A;N/A;N/A;N/A;N/A;N/A;N/A;N/A;N/A;N/A;N/A;N/A;N/A;N/A;N/A;N/A;N/A;5;1.6;Nafta;Automática;SUV;"Autos y camionetas";N/A;N/A;N/A;N/A;N/A;N/A;UY;N/A;N/A;N/A;N/A;N/A;N/A;N/A;N/A;N/A;N/A;N/A;N/A;N/A;N/A;N/A;N/A;N/A;N/A;N/A;N/A;N/A;N/A;N/A;N/A;N/A;N/A;N/A;N/A;N/A;N/A;N/A;N/A;N/A;N/A;N/A;N/A;N/A;N/A;N/A;N/A;N/A;N/A;N/A;N/A;N/A;N/A;N/A;N/A;N/A;N/A;N/A;N/A;N/A;N/A;N/A;N/A;N/A;N/A;N/A;N/A;N/A;N/A;N/A;N/A;N/A;N/A;N/A;N/A;N/A;N/A;N/A;N/A;N/A;N/A;N/A;N/A;N/A;N/A;N/A;N/A;N/A;N/A;N/A;N/A;N/A;N/A;N/A;N/A;N/A;Sí;N/A;Sí;N/A;N/A;N/A;N/A;N/A;N/A;Sí;N/A;N/A;N/A;N/A;N/A;Sí;Sí;N/A;Sí;N/A;N/A;N/A;N/A;Sí;N/A;Sí
Nissan;March;"1.6 Advance Mt";2019;"50825 km";;OVOV5414539;14300;;;;;"La Comercial";https://auto.mercadolibre.com.uy/MLU-665196674-nissan-march-_JM;N/A;;"Nissan March ";usd;Sí;gold_premium;false;N/A;N/A;http://perfil.mercadolibre.com.uy/OVOV5414539;active;N/A;N/A;Usado;Gris;Sí;Hidráulica;Delantera;Sí;Sí;N/A;N/A;N/A;No;N/A;N/A;No;N/A;N/A;Sí;Sí;N/A;No;N/A;N/A;N/A;N/A;N/A;N/A;N/A;N/A;N/A;N/A;"2450 mm";"1.6 L";"41 L";5;N/A;N/A;N/A;N/A;N/A;No;N/A;N/A;N/A;N/A;N/A;N/A;N/A;N/A;N/A;N/A;N/A;N/A;N/A;N/A;N/A;N/A;N/A;N/A;N/A;N/A;N/A;N/A;N/A;No;N/A;N/A;N/A;Sí;Sí;N/A;N/A;N/A;N/A;N/A;N/A;N/A;N/A;N/A;N/A;"1532 mm";"3827 mm";N/A;N/A;N/A;N/A;5;"106 hp";Advance;N/A;4;"1665 mm";N/A;No;N/A;Sí;Sí;N/A;No;Sí;N/A;No;N/A;N/A;No;No;N/A;N/A;Sí;N/A;5;1.6;Nafta;Manual;Hatchback;"Autos y camionetas";No;N/A;N/A;N/A;No;N/A;UY;N/A;Sí;N/A;No;N/A;N/A;N/A;N/A;N/A;N/A;N/A;N/A;N/A;N/A;N/A;N/A;N/A;No;N/A;N/A;N/A;N/A;N/A;N/A;N/A;N/A;N/A;N/A;N/A;N/A;N/A;N/A;N/A;N/A;N/A;N/A;No;N/A;N/A;N/A;N/A;N/A;N/A;N/A;N/A;N/A;N/A;N/A;N/A;N/A;N/A;N/A;N/A;N/A;No;Sí;N/A;N/A;N/A;N/A;N/A;N/A;N/A;N/A;N/A;N/A;N/A;N/A;N/A;N/A;N/A;N/A;N/A;N/A;N/A;N/A;N/A;N/A;N/A;N/A;N/A;N/A;N/A;N/A;N/A;N/A;N/A;N/A;No;Sí;Sí;Sí;N/A;Sí;N/A;N/A;Sí;N/A;Sí;No;No;Sí;N/A;N/A;No;Sí;Sí;Sí;Sí;Sí;No;No;Sí;N/A;Sí
Nissan;Note;"1.6 Note Advance Mt";2014;"69000 km";;GASTONKORTIZ;13590;;;;;Malvin;https://auto.mercadolibre.com.uy/MLU-634758081-nissan-note-2014-16-note-advance-mt-_JM;N/A;;"Nissan Note 2014 1.6 Note Advance Mt";usd;Sí;gold_premium;false;N/A;N/A;http://perfil.mercadolibre.com.uy/GASTONKORTIZ;active;N/A;N/A;Usado;N/A;N/A;Hidráulica;Delantera;Sí;N/A;N/A;N/A;N/A;N/A;N/A;N/A;N/A;N/A;N/A;N/A;N/A;N/A;N/A;N/A;N/A;N/A;N/A;N/A;N/A;N/A;N/A;N/A;N/A;"2600 mm";"1.6 L";"41 L";N/A;N/A;N/A;N/A;N/A;N/A;N/A;N/A;N/A;N/A;N/A;N/A;N/A;N/A;N/A;N/A;N/A;N/A;N/A;N/A;N/A;N/A;N/A;N/A;N/A;N/A;N/A;N/A;N/A;N/A;N/A;N/A;N/A;N/A;N/A;N/A;N/A;N/A;N/A;N/A;N/A;N/A;N/A;N/A;N/A;N/A;"1537 mm";"4142 mm";N/A;N/A;N/A;N/A;5;"109 hp";Advance;N/A;N/A;N/A;N/A;N/A;N/A;N/A;N/A;N/A;N/A;N/A;N/A;N/A;N/A;N/A;N/A;N/A;N/A;N/A;N/A;N/A;5;1.6;Nafta;Manual;Hatchback;"Autos y camionetas";N/A;N/A;N/A;N/A;N/A;N/A;UY;N/A;N/A;N/A;N/A;N/A;N/A;N/A;N/A;N/A;N/A;N/A;N/A;N/A;N/A;N/A;N/A;N/A;N/A;N/A;N/A;N/A;N/A;N/A;N/A;N/A;N/A;N/A;N/A;N/A;N/A;N/A;N/A;N/A;N/A;N/A;N/A;N/A;N/A;N/A;N/A;N/A;N/A;N/A;N/A;N/A;N/A;N/A;N/A;N/A;N/A;N/A;N/A;N/A;N/A;N/A;N/A;N/A;N/A;N/A;N/A;N/A;N/A;N/A;N/A;N/A;N/A;N/A;N/A;N/A;N/A;N/A;N/A;N/A;N/A;N/A;N/A;N/A;N/A;N/A;N/A;N/A;N/A;N/A;N/A;N/A;N/A;N/A;N/A;N/A;Sí;N/A;N/A;N/A;N/A;N/A;N/A;N/A;N/A;N/A;N/A;N/A;N/A;N/A;N/A;N/A;N/A;N/A;Sí;N/A;N/A;N/A;N/A;N/A;N/A;N/A
Nissan;Frontier;"XE 4X4 M/T";2023;"0 km";;"NISSAN CAR_ONE";57338;;;;;"Ciudad de la Costa";https://auto.mercadolibre.com.uy/MLU-663380564-nissan-frontier-xe-4x4-mt-25-2023-0km-_JM;N/A;;"Nissan Frontier Xe 4x4 M/t 2.5 2023 0km";USD;Sí;gold_premium;false;N/A;N/A;http://perfil.mercadolibre.com.uy/NISSAN+CAR_ONE;active;N/A;N/A;Nuevo;Blanco;N/A;Eléctrica;N/A;Sí;Sí;Sí;N/A;N/A;N/A;Sí;Sí;N/A;N/A;Sí;N/A;Sí;N/A;N/A;N/A;N/A;N/A;N/A;N/A;N/A;N/A;N/A;N/A;N/A;N/A;"2500 cc";N/A;6;N/A;N/A;N/A;N/A;Sí;N/A;Sí;N/A;N/A;N/A;N/A;N/A;N/A;N/A;N/A;N/A;N/A;N/A;N/A;N/A;N/A;N/A;N/A;Sí;N/A;Sí;N/A;N/A;N/A;N/A;N/A;N/A;N/A;N/A;N/A;N/A;N/A;N/A;N/A;N/A;N/A;N/A;Sí;N/A;N/A;N/A;N/A;N/A;N/A;N/A;N/A;N/A;"188 hp";Xe;N/A;N/A;N/A;N/A;N/A;N/A;N/A;Sí;Sí;Sí;Sí;Sí;N/A;N/A;N/A;N/A;N/A;N/A;Sí;N/A;"Lunes a Domingos de 10 a 20 hs";5;2.5;Diésel;Manual;Pick-Up;"Autos y camionetas";Sí;N/A;N/A;N/A;Sí;N/A;N/A;Sí;Sí;Sí;No;N/A;N/A;N/A;N/A;N/A;N/A;N/A;N/A;N/A;N/A;N/A;N/A;N/A;Sí;N/A;N/A;N/A;N/A;N/A;N/A;N/A;N/A;N/A;N/A;N/A;N/A;N/A;N/A;N/A;N/A;N/A;N/A;Sí;N/A;N/A;N/A;N/A;N/A;N/A;N/A;N/A;N/A;N/A;N/A;N/A;N/A;N/A;N/A;N/A;N/A;Sí;No;N/A;N/A;N/A;N/A;N/A;N/A;N/A;N/A;N/A;N/A;N/A;N/A;N/A;N/A;N/A;N/A;N/A;N/A;N/A;N/A;N/A;N/A;N/A;N/A;N/A;N/A;N/A;N/A;N/A;N/A;N/A;N/A;N/A;Sí;Sí;Sí;Sí;Sí;Sí;Sí;N/A;Sí;Sí;N/A;N/A;N/A;N/A;N/A;Sí;N/A;N/A;Sí;Sí;Sí;Sí;N/A;N/A;N/A;Sí
Nissan;Frontier;"Le 4X4 Mt";2023;"0 km";;"NISSAN CAR_ONE";62828;;;;;"Ciudad de la Costa";https://auto.mercadolibre.com.uy/MLU-663380566-nissan-frontier-le-4x4-mt-25-2023-0km-_JM;N/A;;"Nissan Frontier Le 4x4 M/t 2.5 2023 0km";USD;Sí;gold_premium;false;N/A;N/A;http://perfil.mercadolibre.com.uy/NISSAN+CAR_ONE;active;N/A;N/A;Nuevo;"Gris oscuro";N/A;Eléctrica;N/A;Sí;Sí;Sí;Sí;Sí;N/A;Sí;Sí;Sí;N/A;Sí;Sí;Sí;N/A;N/A;N/A;N/A;N/A;N/A;N/A;N/A;N/A;N/A;N/A;N/A;N/A;"2500 cc";N/A;6;N/A;N/A;Sí;Sí;Sí;N/A;N/A;N/A;N/A;N/A;N/A;N/A;N/A;N/A;N/A;N/A;N/A;N/A;N/A;N/A;N/A;Sí;N/A;Sí;N/A;Sí;N/A;N/A;N/A;N/A;N/A;N/A;N/A;N/A;N/A;N/A;N/A;N/A;N/A;N/A;N/A;N/A;Sí;N/A;N/A;N/A;N/A;N/A;N/A;N/A;N/A;N/A;"188 hp";Le;N/A;N/A;N/A;N/A;N/A;N/A;Sí;Sí;Sí;Sí;Sí;Sí;N/A;N/A;N/A;N/A;N/A;N/A;Sí;N/A;"Lunes a Domingos de 10 a 20 hs";5;2.5;Diésel;Manual;Pick-Up;"Autos y camionetas";Sí;N/A;N/A;N/A;Sí;N/A;N/A;Sí;Sí;Sí;No;N/A;N/A;N/A;N/A;N/A;N/A;N/A;N/A;N/A;N/A;N/A;N/A;N/A;Sí;N/A;N/A;N/A;N/A;N/A;N/A;N/A;N/A;N/A;N/A;Sí;N/A;N/A;N/A;N/A;N/A;N/A;N/A;Sí;N/A;N/A;N/A;N/A;N/A;N/A;N/A;N/A;N/A;Sí;N/A;N/A;N/A;N/A;N/A;N/A;N/A;Sí;No;N/A;N/A;N/A;N/A;N/A;N/A;N/A;N/A;N/A;N/A;N/A;N/A;N/A;N/A;N/A;N/A;N/A;N/A;N/A;N/A;N/A;N/A;N/A;N/A;N/A;N/A;N/A;N/A;N/A;Sí;N/A;N/A;N/A;Sí;Sí;Sí;Sí;Sí;Sí;Sí;N/A;Sí;Sí;N/A;N/A;N/A;N/A;Sí;Sí;Sí;N/A;Sí;Sí;Sí;Sí;N/A;Sí;N/A;Sí
Nissan;Versa;"1.6 Advance 5vel Mt";2013;"120000 km";;ARTEC_TECNOLOGIA;12400;;;;;"San José de Mayo";https://auto.mercadolibre.com.uy/MLU-635112449-nissan-versa-2013-16-advance-5vel-mt-_JM;N/A;;"Nissan Versa 2013 1.6 Advance 5vel Mt";usd;Sí;gold_premium;false;N/A;N/A;http://perfil.mercadolibre.com.uy/ARTEC_TECNOLOGIA;active;N/A;N/A;Usado;N/A;N/A;Hidráulica;Delantera;Sí;N/A;N/A;N/A;N/A;N/A;N/A;N/A;N/A;N/A;N/A;N/A;N/A;N/A;N/A;N/A;N/A;N/A;N/A;N/A;N/A;N/A;N/A;N/A;N/A;N/A;"1.6 L";N/A;N/A;N/A;N/A;N/A;N/A;N/A;N/A;N/A;N/A;N/A;N/A;N/A;N/A;N/A;N/A;N/A;N/A;N/A;N/A;N/A;N/A;N/A;N/A;N/A;N/A;N/A;N/A;N/A;N/A;N/A;N/A;N/A;N/A;N/A;N/A;N/A;N/A;N/A;N/A;N/A;N/A;N/A;N/A;N/A;N/A;N/A;N/A;N/A;N/A;N/A;N/A;N/A;N/A;N/A;Advance;N/A;N/A;N/A;N/A;N/A;N/A;N/A;N/A;N/A;N/A;N/A;N/A;N/A;N/A;N/A;N/A;N/A;N/A;N/A;N/A;N/A;4;1.6;Nafta;Manual;Hatchback;"Autos y camionetas";N/A;N/A;N/A;N/A;N/A;N/A;UY;N/A;N/A;N/A;N/A;N/A;N/A;N/A;N/A;N/A;N/A;N/A;N/A;N/A;N/A;N/A;N/A;N/A;N/A;N/A;N/A;N/A;N/A;N/A;N/A;N/A;N/A;N/A;N/A;N/A;N/A;N/A;N/A;N/A;N/A;N/A;N/A;N/A;N/A;N/A;N/A;N/A;N/A;N/A;N/A;N/A;N/A;N/A;N/A;N/A;N/A;N/A;N/A;N/A;N/A;N/A;N/A;N/A;N/A;N/A;N/A;N/A;N/A;N/A;N/A;N/A;N/A;N/A;N/A;N/A;N/A;N/A;N/A;N/A;N/A;N/A;N/A;N/A;N/A;N/A;N/A;N/A;N/A;N/A;N/A;N/A;N/A;N/A;N/A;N/A;Sí;N/A;N/A;N/A;N/A;N/A;N/A;N/A;N/A;N/A;N/A;N/A;N/A;N/A;N/A;N/A;N/A;N/A;Sí;N/A;N/A;N/A;N/A;N/A;N/A;N/A
Nissan;Sentra;"1.8 exclusive cvt";2015;"125000 km";;CHRISTIANBACCIARINI;15000;;;;;Salto;https://auto.mercadolibre.com.uy/MLU-664124808-nissan-sentra-18-exclusive-cvt-_JM;N/A;;"Nissan Sentra 1.8 Exclusive Cvt";usd;Sí;gold_premium;false;N/A;N/A;http://perfil.mercadolibre.com.uy/CHRISTIANBACCIARINI;active;N/A;N/A;Usado;N/A;N/A;Hidráulica;Delantera;Sí;N/A;N/A;N/A;Sí;N/A;N/A;N/A;N/A;N/A;N/A;N/A;N/A;N/A;N/A;N/A;N/A;N/A;N/A;N/A;N/A;N/A;N/A;N/A;N/A;N/A;"1.8 L";N/A;N/A;N/A;N/A;N/A;N/A;N/A;N/A;N/A;N/A;N/A;N/A;N/A;N/A;N/A;N/A;N/A;N/A;N/A;N/A;N/A;N/A;N/A;N/A;N/A;N/A;N/A;N/A;N/A;N/A;N/A;N/A;N/A;N/A;N/A;N/A;N/A;N/A;N/A;N/A;N/A;N/A;N/A;N/A;N/A;N/A;N/A;N/A;N/A;N/A;N/A;N/A;N/A;N/A;"129 hp";Exclusive;N/A;N/A;N/A;N/A;N/A;N/A;N/A;N/A;N/A;N/A;N/A;N/A;N/A;N/A;N/A;N/A;N/A;N/A;N/A;N/A;N/A;4;1.8;Nafta;Automática;Coupé;"Autos y camionetas";N/A;N/A;N/A;N/A;N/A;N/A;UY;N/A;N/A;N/A;N/A;N/A;N/A;N/A;N/A;N/A;N/A;N/A;N/A;N/A;N/A;N/A;N/A;N/A;N/A;N/A;N/A;N/A;N/A;N/A;N/A;N/A;N/A;N/A;N/A;N/A;N/A;N/A;N/A;N/A;N/A;N/A;N/A;N/A;N/A;N/A;N/A;N/A;N/A;N/A;N/A;N/A;N/A;N/A;N/A;N/A;N/A;N/A;N/A;N/A;N/A;N/A;N/A;N/A;N/A;N/A;N/A;N/A;N/A;N/A;N/A;N/A;N/A;N/A;N/A;N/A;N/A;N/A;N/A;N/A;N/A;N/A;N/A;N/A;N/A;N/A;N/A;N/A;N/A;N/A;N/A;N/A;N/A;N/A;N/A;N/A;Sí;N/A;N/A;N/A;N/A;N/A;N/A;N/A;N/A;N/A;N/A;N/A;N/A;N/A;N/A;N/A;N/A;N/A;Sí;N/A;N/A;N/A;N/A;N/A;N/A;N/A
Nissan;March;"1.6 Advance Mt";2015;"62000 km";;DGMMOTORS;12490;;;;;Malvin;https://auto.mercadolibre.com.uy/MLU-664044240-nissan-march-2015-16-advance-mt-_JM;N/A;;"Nissan March 2015 1.6 Advance Mt";usd;Sí;gold_premium;false;N/A;N/A;http://perfil.mercadolibre.com.uy/DGMMOTORS;active;N/A;N/A;Usado;N/A;N/A;Hidráulica;Delantera;Sí;N/A;N/A;N/A;N/A;N/A;N/A;N/A;N/A;N/A;N/A;N/A;N/A;N/A;N/A;N/A;N/A;N/A;N/A;N/A;N/A;N/A;N/A;N/A;N/A;"2450 mm";"1.6 L";"41 L";N/A;N/A;N/A;N/A;N/A;N/A;N/A;N/A;N/A;N/A;N/A;N/A;N/A;N/A;N/A;N/A;N/A;N/A;N/A;N/A;N/A;N/A;N/A;N/A;N/A;N/A;N/A;N/A;N/A;N/A;N/A;N/A;N/A;N/A;N/A;N/A;N/A;N/A;N/A;N/A;N/A;N/A;N/A;N/A;N/A;N/A;"1532 mm";"3827 mm";N/A;N/A;N/A;N/A;5;"109 hp";Advance;N/A;N/A;"1665 mm";N/A;N/A;N/A;N/A;N/A;N/A;N/A;N/A;N/A;N/A;N/A;N/A;N/A;N/A;N/A;N/A;N/A;N/A;5;1.6;Nafta;Manual;Hatchback;"Autos y camionetas";N/A;N/A;N/A;N/A;N/A;N/A;UY;N/A;N/A;N/A;N/A;N/A;N/A;N/A;N/A;N/A;N/A;N/A;N/A;N/A;N/A;N/A;N/A;N/A;N/A;N/A;N/A;N/A;N/A;N/A;N/A;N/A;N/A;N/A;N/A;N/A;N/A;N/A;N/A;N/A;N/A;N/A;N/A;N/A;N/A;N/A;N/A;N/A;N/A;N/A;N/A;N/A;N/A;N/A;N/A;N/A;N/A;N/A;N/A;N/A;N/A;N/A;N/A;N/A;N/A;N/A;N/A;N/A;N/A;N/A;N/A;N/A;N/A;N/A;N/A;N/A;N/A;N/A;N/A;N/A;N/A;N/A;N/A;N/A;N/A;N/A;N/A;N/A;N/A;N/A;N/A;N/A;N/A;N/A;N/A;N/A;Sí;N/A;N/A;N/A;N/A;N/A;N/A;N/A;N/A;N/A;N/A;N/A;N/A;N/A;N/A;N/A;N/A;N/A;Sí;N/A;N/A;N/A;N/A;N/A;N/A;N/A
Nissan;Frontier;"LE 4x4 2.5 TdsI DC";2019;"240000 km";;URUBYTESOFICIAL;37200;;;;;"Punta Carretas";https://auto.mercadolibre.com.uy/MLU-664044178-nissan-frontier-le-4x4-25-tdsi-dc-_JM;N/A;;"Nissan Frontier Le 4x4 2.5 Tdsi Dc";USD;Sí;gold_premium;false;N/A;N/A;http://perfil.mercadolibre.com.uy/URUBYTESOFICIAL;active;N/A;N/A;Usado;N/A;N/A;N/A;N/A;N/A;N/A;N/A;N/A;N/A;N/A;N/A;N/A;N/A;N/A;N/A;N/A;N/A;N/A;N/A;N/A;N/A;N/A;N/A;N/A;N/A;N/A;N/A;N/A;N/A;N/A;N/A;N/A;N/A;N/A;N/A;N/A;N/A;N/A;N/A;N/A;N/A;N/A;N/A;N/A;N/A;N/A;N/A;N/A;N/A;N/A;N/A;N/A;N/A;N/A;N/A;N/A;N/A;N/A;N/A;N/A;N/A;N/A;N/A;N/A;N/A;N/A;N/A;N/A;N/A;N/A;N/A;N/A;N/A;N/A;N/A;N/A;N/A;N/A;N/A;N/A;N/A;N/A;N/A;N/A;N/A;N/A;N/A;N/A;N/A;N/A;N/A;N/A;N/A;N/A;N/A;N/A;N/A;N/A;N/A;N/A;N/A;N/A;N/A;N/A;N/A;N/A;N/A;N/A;4;N/A;Diésel;N/A;N/A;"Autos y camionetas";N/A;N/A;N/A;N/A;N/A;N/A;N/A;N/A;N/A;N/A;N/A;N/A;N/A;N/A;N/A;N/A;N/A;N/A;N/A;N/A;N/A;N/A;N/A;N/A;N/A;N/A;N/A;N/A;N/A;N/A;N/A;N/A;N/A;N/A;N/A;N/A;N/A;N/A;N/A;N/A;N/A;N/A;N/A;N/A;N/A;N/A;N/A;N/A;N/A;N/A;N/A;N/A;N/A;N/A;N/A;N/A;N/A;N/A;N/A;N/A;N/A;N/A;N/A;N/A;N/A;N/A;N/A;N/A;N/A;N/A;N/A;N/A;N/A;N/A;N/A;N/A;N/A;N/A;N/A;N/A;N/A;N/A;N/A;N/A;N/A;N/A;N/A;N/A;N/A;N/A;N/A;N/A;N/A;N/A;N/A;N/A;N/A;N/A;N/A;N/A;N/A;N/A;N/A;N/A;N/A;N/A;N/A;N/A;N/A;N/A;N/A;N/A;N/A;N/A;N/A;N/A;N/A;N/A;N/A;N/A;N/A;N/A
Nissan;Sentra;"B18 SR";2021;"69000 km";;WINTER2007;29500;;;;;"Villa García";https://auto.mercadolibre.com.uy/MLU-663887484-nissan-sentra-sr-2021-garantia-extendida-_JM;N/A;;"Nissan Sentra Sr 2021 Garantía Extendida ";USD;Sí;gold_premium;false;N/A;N/A;http://perfil.mercadolibre.com.uy/WINTER2007;active;N/A;N/A;Usado;Blanco;Sí;Eléctrica;N/A;N/A;N/A;N/A;N/A;N/A;N/A;N/A;N/A;N/A;N/A;N/A;N/A;N/A;N/A;N/A;N/A;N/A;N/A;N/A;N/A;N/A;N/A;N/A;N/A;N/A;N/A;N/A;N/A;N/A;N/A;N/A;N/A;N/A;N/A;N/A;N/A;N/A;N/A;N/A;N/A;N/A;N/A;N/A;N/A;N/A;N/A;N/A;N/A;N/A;N/A;N/A;N/A;N/A;N/A;N/A;N/A;N/A;N/A;N/A;N/A;N/A;N/A;N/A;N/A;N/A;N/A;N/A;N/A;N/A;N/A;N/A;N/A;N/A;N/A;N/A;N/A;N/A;N/A;N/A;N/A;N/A;N/A;N/A;N/A;N/A;N/A;N/A;N/A;N/A;N/A;N/A;N/A;N/A;N/A;N/A;N/A;N/A;N/A;N/A;N/A;N/A;N/A;N/A;N/A;4;N/A;Nafta;Automática;N/A;"Autos y camionetas";N/A;N/A;N/A;N/A;N/A;N/A;N/A;N/A;N/A;N/A;N/A;N/A;N/A;N/A;N/A;N/A;N/A;N/A;N/A;N/A;N/A;N/A;N/A;N/A;N/A;N/A;N/A;N/A;N/A;N/A;N/A;N/A;N/A;N/A;N/A;N/A;N/A;N/A;N/A;N/A;N/A;N/A;N/A;Sí;N/A;N/A;N/A;N/A;N/A;N/A;N/A;N/A;N/A;N/A;N/A;N/A;N/A;N/A;N/A;N/A;N/A;Sí;N/A;N/A;N/A;N/A;N/A;N/A;N/A;N/A;N/A;N/A;N/A;N/A;N/A;N/A;N/A;N/A;N/A;N/A;N/A;N/A;N/A;N/A;N/A;N/A;N/A;N/A;N/A;N/A;N/A;N/A;N/A;N/A;N/A;N/A;N/A;N/A;N/A;N/A;N/A;N/A;N/A;N/A;N/A;N/A;N/A;N/A;N/A;N/A;N/A;N/A;N/A;N/A;N/A;N/A;N/A;N/A;N/A;N/A;N/A;N/A
Nissan;Versa;"1.6 Advance 5vel Mt";2014;"120000 km";;DEPABLO20220705214248;11500;;;;;"La Paz";https://auto.mercadolibre.com.uy/MLU-665238500-nissan-versa-2014-16-advance-5vel-mt-_JM;N/A;;"Nissan Versa 2014 1.6 Advance 5vel Mt";usd;Sí;gold_premium;false;N/A;N/A;http://perfil.mercadolibre.com.uy/DEPABLO20220705214248;active;N/A;N/A;Usado;N/A;N/A;Hidráulica;Delantera;Sí;N/A;N/A;N/A;N/A;N/A;N/A;N/A;N/A;N/A;N/A;N/A;N/A;N/A;N/A;N/A;N/A;N/A;N/A;N/A;N/A;N/A;N/A;N/A;N/A;N/A;"1.6 L";N/A;N/A;N/A;N/A;N/A;N/A;N/A;N/A;N/A;N/A;N/A;N/A;N/A;N/A;N/A;N/A;N/A;N/A;N/A;N/A;N/A;N/A;N/A;N/A;N/A;N/A;N/A;N/A;N/A;N/A;N/A;N/A;N/A;N/A;N/A;N/A;N/A;N/A;N/A;N/A;N/A;N/A;N/A;N/A;N/A;N/A;N/A;N/A;N/A;N/A;N/A;N/A;N/A;N/A;"106 hp";Advance;N/A;N/A;N/A;N/A;N/A;N/A;N/A;N/A;N/A;N/A;N/A;N/A;N/A;N/A;N/A;N/A;N/A;N/A;N/A;N/A;N/A;4;1.6;Nafta;Manual;Hatchback;"Autos y camionetas";N/A;N/A;N/A;N/A;N/A;N/A;UY;N/A;N/A;N/A;N/A;N/A;N/A;N/A;N/A;N/A;N/A;N/A;N/A;N/A;N/A;N/A;N/A;N/A;N/A;N/A;N/A;N/A;N/A;N/A;N/A;N/A;N/A;N/A;N/A;N/A;N/A;N/A;N/A;N/A;N/A;N/A;N/A;N/A;N/A;N/A;N/A;N/A;N/A;N/A;N/A;N/A;N/A;N/A;N/A;N/A;N/A;N/A;N/A;N/A;N/A;N/A;N/A;N/A;N/A;N/A;N/A;N/A;N/A;N/A;N/A;N/A;N/A;N/A;N/A;N/A;N/A;N/A;N/A;N/A;N/A;N/A;N/A;N/A;N/A;N/A;N/A;N/A;N/A;N/A;N/A;N/A;N/A;N/A;N/A;N/A;Sí;N/A;N/A;N/A;N/A;N/A;N/A;N/A;N/A;N/A;N/A;N/A;N/A;N/A;N/A;N/A;N/A;N/A;Sí;N/A;N/A;N/A;N/A;N/A;N/A;N/A
Nissan;Pathfinder;"SE MANUAL 4X4";1998;"355000 km";;"GALLINAL AUTOMOVILES1964";9990;;;;;Malvin;https://auto.mercadolibre.com.uy/MLU-655255398-nissan-pathfinder-4x4-nueva-permuto-financio-_JM;N/A;;"Nissan Pathfinder - 4x4 - Nueva - Permuto Financio";USD;No;gold_premium;false;N/A;N/A;http://perfil.mercadolibre.com.uy/GALLINAL+AUTOMOVILES1964;active;N/A;N/A;Usado;Negro;N/A;Hidráulica;4x4;N/A;N/A;N/A;N/A;N/A;N/A;N/A;N/A;N/A;N/A;N/A;N/A;N/A;N/A;N/A;N/A;N/A;N/A;N/A;N/A;N/A;N/A;N/A;N/A;N/A;N/A;N/A;N/A;N/A;N/A;N/A;N/A;N/A;N/A;N/A;N/A;N/A;N/A;N/A;N/A;N/A;N/A;N/A;N/A;N/A;N/A;N/A;N/A;N/A;N/A;N/A;N/A;N/A;N/A;N/A;N/A;N/A;N/A;N/A;N/A;N/A;N/A;N/A;N/A;N/A;N/A;N/A;N/A;N/A;N/A;N/A;N/A;N/A;N/A;N/A;N/A;N/A;N/A;N/A;N/A;N/A;N/A;N/A;N/A;N/A;N/A;N/A;N/A;N/A;N/A;N/A;N/A;N/A;N/A;N/A;N/A;N/A;N/A;N/A;N/A;N/A;N/A;N/A;N/A;5;3200;Nafta;Manual;Rural;"Autos y camionetas";N/A;N/A;N/A;N/A;N/A;N/A;N/A;N/A;N/A;N/A;N/A;N/A;N/A;N/A;N/A;N/A;N/A;N/A;N/A;N/A;N/A;N/A;N/A;N/A;N/A;N/A;N/A;N/A;N/A;N/A;N/A;N/A;N/A;N/A;N/A;N/A;N/A;N/A;N/A;N/A;N/A;N/A;N/A;N/A;N/A;N/A;N/A;N/A;N/A;N/A;N/A;N/A;N/A;N/A;N/A;N/A;N/A;N/A;N/A;N/A;N/A;N/A;N/A;N/A;N/A;N/A;N/A;N/A;N/A;N/A;N/A;N/A;N/A;N/A;N/A;N/A;N/A;N/A;N/A;N/A;N/A;N/A;N/A;N/A;N/A;N/A;N/A;N/A;N/A;N/A;N/A;N/A;N/A;N/A;N/A;N/A;N/A;N/A;N/A;N/A;N/A;N/A;N/A;N/A;N/A;N/A;N/A;N/A;N/A;N/A;N/A;N/A;N/A;N/A;N/A;N/A;N/A;N/A;N/A;N/A;N/A;N/A
Nissan;Leaf;-;2024;"0 km";;"NISSAN SANTAROSA";47990;;;;;Centro;https://auto.mercadolibre.com.uy/MLU-661871284-nissan-leaf-2024-0km-_JM;N/A;;"Nissan Leaf 2024 0km";USD;Sí;gold_premium;false;N/A;N/A;http://perfil.mercadolibre.com.uy/NISSAN+SANTAROSA;active;N/A;N/A;Nuevo;Blanco;N/A;Eléctrica;N/A;Sí;N/A;N/A;N/A;N/A;N/A;Sí;Sí;Sí;N/A;N/A;N/A;Sí;N/A;Sí;N/A;N/A;N/A;N/A;N/A;N/A;N/A;N/A;N/A;N/A;N/A;N/A;N/A;N/A;N/A;N/A;Sí;Sí;Sí;N/A;N/A;N/A;N/A;N/A;N/A;N/A;N/A;N/A;N/A;N/A;N/A;N/A;N/A;N/A;N/A;Sí;N/A;N/A;N/A;Sí;N/A;N/A;N/A;N/A;N/A;N/A;N/A;N/A;N/A;N/A;Sí;N/A;N/A;N/A;N/A;N/A;Sí;N/A;N/A;N/A;N/A;N/A;N/A;N/A;N/A;N/A;"109 kW";N/A;N/A;N/A;N/A;N/A;N/A;N/A;Sí;N/A;Sí;N/A;Sí;Sí;N/A;N/A;N/A;N/A;N/A;N/A;N/A;N/A;"Lun. a Vie. de 9 a 18:30 hs. Sáb. de 10 a 13 hs.";5;N/A;Eléctrico;Automática;Hatchback;"Autos y camionetas";Sí;N/A;N/A;N/A;Sí;N/A;N/A;Sí;Sí;Sí;No;N/A;N/A;N/A;N/A;N/A;N/A;N/A;N/A;N/A;N/A;N/A;N/A;N/A;N/A;N/A;N/A;N/A;N/A;N/A;N/A;N/A;N/A;N/A;N/A;N/A;N/A;N/A;N/A;N/A;N/A;N/A;N/A;Sí;N/A;N/A;N/A;N/A;N/A;N/A;N/A;N/A;N/A;N/A;N/A;N/A;N/A;N/A;N/A;N/A;N/A;Sí;No;N/A;N/A;N/A;N/A;N/A;N/A;N/A;N/A;N/A;N/A;N/A;N/A;N/A;N/A;N/A;N/A;N/A;N/A;N/A;N/A;N/A;N/A;N/A;N/A;N/A;N/A;N/A;N/A;N/A;N/A;N/A;N/A;N/A;Sí;Sí;N/A;Sí;Sí;N/A;N/A;N/A;Sí;Sí;Sí;Sí;N/A;N/A;Sí;Sí;Sí;N/A;Sí;Sí;Sí;N/A;N/A;N/A;N/A;Sí
Nissan;March;"1.6 Advance At";2015;"95300 km";;LABINA21;10900;;;;;"Tres Cruces";https://auto.mercadolibre.com.uy/MLU-664701690-nissan-march-2015-16-advance-at-_JM;N/A;;"Nissan March 2015 1.6 Advance At";usd;Sí;gold_premium;false;N/A;N/A;http://perfil.mercadolibre.com.uy/LABINA21;active;N/A;N/A;Usado;N/A;N/A;Hidráulica;Delantera;Sí;N/A;N/A;N/A;N/A;N/A;N/A;N/A;N/A;N/A;N/A;N/A;N/A;N/A;N/A;N/A;N/A;N/A;N/A;N/A;N/A;N/A;N/A;N/A;N/A;"2450 mm";"1.6 L";"41 L";N/A;N/A;N/A;N/A;N/A;N/A;N/A;N/A;N/A;N/A;N/A;N/A;N/A;N/A;N/A;N/A;N/A;N/A;N/A;N/A;N/A;N/A;N/A;N/A;N/A;N/A;N/A;N/A;N/A;N/A;N/A;N/A;N/A;N/A;N/A;N/A;N/A;N/A;N/A;N/A;N/A;N/A;N/A;N/A;N/A;N/A;"1532 mm";"3827 mm";N/A;N/A;N/A;N/A;5;"109 hp";Advance;N/A;N/A;"1665 mm";N/A;N/A;N/A;N/A;N/A;N/A;N/A;N/A;N/A;N/A;N/A;N/A;N/A;N/A;N/A;N/A;N/A;N/A;5;1.6;Nafta;Automática;Hatchback;"Autos y camionetas";N/A;N/A;N/A;N/A;N/A;N/A;UY;N/A;N/A;N/A;N/A;N/A;N/A;N/A;N/A;N/A;N/A;N/A;N/A;N/A;N/A;N/A;N/A;N/A;N/A;N/A;N/A;N/A;N/A;N/A;N/A;N/A;N/A;N/A;N/A;N/A;N/A;N/A;N/A;N/A;N/A;N/A;N/A;N/A;N/A;N/A;N/A;N/A;N/A;N/A;N/A;N/A;N/A;N/A;N/A;N/A;N/A;N/A;N/A;N/A;N/A;N/A;N/A;N/A;N/A;N/A;N/A;N/A;N/A;N/A;N/A;N/A;N/A;N/A;N/A;N/A;N/A;N/A;N/A;N/A;N/A;N/A;N/A;N/A;N/A;N/A;N/A;N/A;N/A;N/A;N/A;N/A;N/A;N/A;N/A;N/A;Sí;N/A;N/A;N/A;N/A;N/A;N/A;N/A;N/A;N/A;N/A;N/A;N/A;N/A;N/A;N/A;N/A;N/A;Sí;N/A;N/A;N/A;N/A;N/A;N/A;N/A
Nissan;Kicks;"1.6 Exclusive At";2023;"0 km";;ALIANZAMOTORS;34990;;;;;Pocitos;https://auto.mercadolibre.com.uy/MLU-664828756-nissan-kicks-exclusive-at-_JM;N/A;;"Nissan Kicks Exclusive At";usd;Sí;gold_premium;false;N/A;N/A;http://perfil.mercadolibre.com.uy/ALIANZAMOTORS;active;N/A;N/A;Nuevo;Blanco;N/A;Hidráulica;Delantera;Sí;N/A;N/A;N/A;N/A;N/A;N/A;N/A;Sí;N/A;N/A;N/A;N/A;N/A;N/A;N/A;N/A;N/A;N/A;N/A;N/A;N/A;N/A;N/A;N/A;"2620 mm";"1.6 L";"50 L";N/A;N/A;N/A;N/A;N/A;N/A;N/A;N/A;N/A;N/A;N/A;N/A;N/A;N/A;N/A;N/A;N/A;N/A;N/A;N/A;N/A;N/A;N/A;N/A;N/A;N/A;N/A;N/A;N/A;N/A;N/A;N/A;N/A;N/A;Sí;Sí;N/A;N/A;Sí;N/A;N/A;N/A;N/A;N/A;N/A;N/A;"1590 mm";"4295 mm";N/A;N/A;N/A;N/A;5;"118 hp";Exclusive;N/A;4;"1760 mm";N/A;N/A;N/A;N/A;N/A;N/A;N/A;N/A;N/A;N/A;N/A;N/A;N/A;N/A;N/A;N/A;N/A;"LUNES A VIERNES 9 A 19 30 HS";5;1.6;Nafta;Automática;SUV;"Autos y camionetas";N/A;N/A;N/A;N/A;N/A;N/A;UY;N/A;N/A;N/A;N/A;N/A;N/A;N/A;N/A;N/A;N/A;N/A;N/A;N/A;N/A;N/A;N/A;N/A;N/A;N/A;N/A;N/A;N/A;N/A;N/A;N/A;N/A;N/A;N/A;N/A;N/A;N/A;N/A;N/A;N/A;N/A;N/A;N/A;N/A;N/A;N/A;N/A;N/A;N/A;N/A;N/A;N/A;N/A;N/A;N/A;N/A;N/A;N/A;N/A;N/A;N/A;N/A;N/A;N/A;N/A;N/A;N/A;N/A;N/A;N/A;N/A;N/A;N/A;N/A;N/A;N/A;N/A;N/A;N/A;N/A;N/A;N/A;N/A;N/A;N/A;N/A;N/A;N/A;N/A;N/A;N/A;N/A;N/A;N/A;N/A;Sí;N/A;Sí;N/A;N/A;N/A;N/A;N/A;N/A;Sí;N/A;N/A;N/A;N/A;N/A;Sí;Sí;N/A;Sí;N/A;N/A;N/A;N/A;Sí;N/A;Sí
Nissan;March;"1.6 Drive Mt";2011;"112000 km";;LAS_NUEVAS_VENTAS;8990;;;;;"Ciudad Vieja";https://auto.mercadolibre.com.uy/MLU-664089948-nissan-march-2011-16-drive-mt-_JM;N/A;;"Nissan March 2011 1.6 Drive Mt";usd;Sí;gold_premium;false;N/A;N/A;http://perfil.mercadolibre.com.uy/LAS_NUEVAS_VENTAS;active;N/A;N/A;Usado;N/A;N/A;Hidráulica;Delantera;Sí;N/A;N/A;N/A;N/A;N/A;N/A;N/A;N/A;N/A;N/A;N/A;N/A;N/A;N/A;N/A;N/A;N/A;N/A;N/A;N/A;N/A;N/A;N/A;N/A;"2450 mm";"1.6 L";"41 L";N/A;N/A;N/A;N/A;N/A;N/A;N/A;N/A;N/A;N/A;N/A;N/A;N/A;N/A;N/A;N/A;N/A;N/A;N/A;N/A;N/A;N/A;N/A;N/A;N/A;N/A;N/A;N/A;N/A;N/A;N/A;N/A;N/A;N/A;N/A;N/A;N/A;N/A;N/A;N/A;N/A;N/A;N/A;N/A;N/A;N/A;"1528 mm";"3780 mm";N/A;N/A;N/A;N/A;5;"109 hp";Drive;N/A;N/A;"1665 mm";N/A;N/A;N/A;N/A;N/A;N/A;N/A;N/A;N/A;N/A;N/A;N/A;N/A;N/A;N/A;N/A;N/A;N/A;5;1.6;Nafta;Manual;Hatchback;"Autos y camionetas";N/A;N/A;N/A;N/A;N/A;N/A;UY;N/A;N/A;N/A;N/A;N/A;N/A;N/A;N/A;N/A;N/A;N/A;N/A;N/A;N/A;N/A;N/A;N/A;N/A;N/A;N/A;N/A;N/A;N/A;N/A;N/A;N/A;N/A;N/A;N/A;N/A;N/A;N/A;N/A;N/A;N/A;N/A;N/A;N/A;N/A;N/A;N/A;N/A;N/A;N/A;N/A;N/A;N/A;N/A;N/A;N/A;N/A;N/A;N/A;N/A;N/A;N/A;N/A;N/A;N/A;N/A;N/A;N/A;N/A;N/A;N/A;N/A;N/A;N/A;N/A;N/A;N/A;N/A;N/A;N/A;N/A;N/A;N/A;N/A;N/A;N/A;N/A;N/A;N/A;N/A;N/A;N/A;N/A;N/A;N/A;Sí;N/A;N/A;N/A;N/A;N/A;N/A;N/A;N/A;N/A;N/A;N/A;N/A;N/A;N/A;N/A;N/A;N/A;Sí;N/A;N/A;N/A;N/A;N/A;N/A;N/A
Nissan;Kicks;"1.6 Advance At";2018;"85000 km";;"FEMAX AUTOMÓVILES";19990;;;;;Aguada;https://auto.mercadolibre.com.uy/MLU-664769592-nissan-kicks-advance-cvt-_JM;N/A;;"Nissan Kicks Advance Cvt";usd;Sí;gold_premium;false;N/A;N/A;http://perfil.mercadolibre.com.uy/FEMAX+AUTOM%C3%93VILES;active;N/A;N/A;Usado;Blanco;N/A;Hidráulica;Delantera;Sí;N/A;N/A;N/A;N/A;N/A;N/A;N/A;N/A;N/A;N/A;N/A;N/A;N/A;N/A;N/A;N/A;N/A;N/A;N/A;N/A;N/A;N/A;N/A;N/A;"2620 mm";"1.6 L";"50 L";N/A;N/A;N/A;N/A;N/A;N/A;N/A;N/A;N/A;N/A;N/A;N/A;N/A;N/A;N/A;N/A;N/A;N/A;N/A;N/A;N/A;N/A;N/A;N/A;N/A;N/A;N/A;N/A;N/A;N/A;N/A;N/A;N/A;N/A;Sí;Sí;Sí;N/A;N/A;N/A;N/A;N/A;N/A;N/A;N/A;N/A;"1590 mm";"4295 mm";N/A;N/A;N/A;N/A;5;"118 hp";Advance;N/A;4;"1760 mm";N/A;N/A;N/A;N/A;N/A;N/A;N/A;N/A;N/A;N/A;N/A;N/A;N/A;N/A;N/A;N/A;N/A;N/A;5;1.6;Nafta;Automática;SUV;"Autos y camionetas";N/A;N/A;N/A;N/A;N/A;N/A;UY;N/A;N/A;N/A;N/A;N/A;N/A;N/A;N/A;N/A;N/A;N/A;N/A;N/A;N/A;N/A;N/A;N/A;N/A;N/A;N/A;N/A;N/A;N/A;N/A;N/A;N/A;N/A;N/A;N/A;N/A;N/A;N/A;N/A;N/A;N/A;N/A;N/A;N/A;N/A;N/A;N/A;N/A;N/A;N/A;N/A;N/A;N/A;N/A;N/A;N/A;N/A;N/A;N/A;N/A;N/A;N/A;N/A;N/A;N/A;N/A;N/A;N/A;N/A;N/A;N/A;N/A;N/A;N/A;N/A;N/A;N/A;N/A;N/A;N/A;N/A;N/A;N/A;N/A;N/A;N/A;N/A;N/A;N/A;N/A;N/A;N/A;N/A;N/A;N/A;Sí;N/A;Sí;N/A;N/A;N/A;N/A;N/A;N/A;Sí;N/A;N/A;N/A;N/A;N/A;N/A;Sí;N/A;Sí;N/A;N/A;N/A;N/A;Sí;N/A;Sí
Nissan;Versa;-;2018;"161542 km";;"SHOPPING GRUPO_FIANCAR";12900;;;;;Carrasco;https://auto.mercadolibre.com.uy/MLU-657261306-nissan-versa-2018-_JM;N/A;;"Nissan Versa 2018";USD;Sí;gold_premium;false;N/A;N/A;http://perfil.mercadolibre.com.uy/SHOPPING+GRUPO_FIANCAR;active;N/A;N/A;Usado;Bordó;N/A;Hidráulica;N/A;Sí;N/A;N/A;N/A;N/A;N/A;Sí;N/A;N/A;N/A;Sí;N/A;Sí;N/A;N/A;N/A;N/A;N/A;N/A;N/A;N/A;N/A;N/A;N/A;N/A;N/A;"1600 cc";N/A;N/A;N/A;N/A;N/A;N/A;N/A;N/A;N/A;N/A;N/A;N/A;N/A;N/A;N/A;N/A;N/A;N/A;N/A;N/A;N/A;N/A;N/A;N/A;N/A;N/A;N/A;N/A;N/A;N/A;N/A;N/A;N/A;N/A;N/A;N/A;N/A;N/A;N/A;N/A;N/A;N/A;N/A;N/A;N/A;N/A;N/A;N/A;N/A;N/A;N/A;N/A;N/A;N/A;N/A;N/A;N/A;N/A;N/A;N/A;N/A;N/A;N/A;Sí;N/A;N/A;N/A;N/A;N/A;N/A;N/A;N/A;N/A;N/A;N/A;N/A;"Lun. a Vie. de 10 a 19hs";5;1.6;Nafta;Manual;Sedán;"Autos y camionetas";No;N/A;N/A;N/A;No;N/A;N/A;No;Sí;No;No;N/A;N/A;N/A;N/A;N/A;N/A;N/A;N/A;N/A;N/A;N/A;N/A;N/A;N/A;N/A;N/A;N/A;N/A;N/A;N/A;N/A;N/A;N/A;N/A;N/A;N/A;N/A;N/A;N/A;N/A;N/A;N/A;N/A;N/A;N/A;N/A;N/A;N/A;N/A;N/A;N/A;N/A;N/A;N/A;N/A;N/A;N/A;N/A;N/A;N/A;Sí;No;N/A;N/A;N/A;N/A;N/A;N/A;N/A;N/A;N/A;N/A;N/A;N/A;N/A;N/A;N/A;N/A;N/A;N/A;N/A;N/A;N/A;N/A;N/A;N/A;N/A;N/A;N/A;N/A;N/A;N/A;N/A;N/A;N/A;Sí;N/A;N/A;N/A;Sí;N/A;N/A;N/A;N/A;Sí;N/A;N/A;N/A;N/A;N/A;N/A;N/A;N/A;Sí;Sí;N/A;N/A;N/A;N/A;N/A;Sí
Nissan;Qashqai;"2.0 Advance At";2019;"111000 km";;ANDREAFERNANDEZ1975;24000;;;;;Pocitos;https://auto.mercadolibre.com.uy/MLU-664839298-dueno-vende-nissan-qashqai-advance-at-20-2019-full-_JM;N/A;;"Dueño Vende! Nissan Qashqai Advance At 2.0 2019 Full ";usd;Sí;gold_premium;false;N/A;N/A;http://perfil.mercadolibre.com.uy/ANDREAFERNANDEZ1975;active;N/A;N/A;Usado;Blanco;Sí;Hidráulica;Delantera;Sí;Sí;N/A;N/A;N/A;Sí;N/A;N/A;N/A;N/A;N/A;Sí;Sí;N/A;N/A;N/A;N/A;N/A;N/A;N/A;N/A;N/A;N/A;N/A;N/A;"2705 mm";"2 L";"60 L";N/A;N/A;N/A;N/A;N/A;N/A;Sí;N/A;N/A;N/A;N/A;N/A;N/A;N/A;N/A;N/A;N/A;N/A;N/A;N/A;N/A;N/A;N/A;N/A;N/A;N/A;N/A;N/A;N/A;N/A;N/A;N/A;N/A;N/A;Sí;Sí;Sí;N/A;Sí;N/A;N/A;N/A;N/A;N/A;N/A;N/A;"1740 mm";"4690 mm";N/A;N/A;N/A;N/A;5;"150 hp";Advance;N/A;4;"1820 mm";N/A;Sí;N/A;N/A;Sí;N/A;Sí;Sí;N/A;No;N/A;N/A;N/A;N/A;N/A;N/A;N/A;N/A;5;2.0;Nafta;Automática;N/A;"Autos y camionetas";N/A;N/A;N/A;N/A;N/A;N/A;UY;N/A;No;N/A;No;N/A;N/A;N/A;N/A;N/A;N/A;N/A;N/A;N/A;N/A;N/A;N/A;N/A;Sí;N/A;N/A;N/A;N/A;N/A;N/A;N/A;N/A;N/A;N/A;N/A;N/A;N/A;N/A;N/A;N/A;N/A;N/A;N/A;N/A;N/A;N/A;N/A;N/A;N/A;N/A;N/A;N/A;N/A;N/A;N/A;N/A;N/A;N/A;N/A;N/A;N/A;Sí;N/A;N/A;N/A;N/A;N/A;N/A;N/A;N/A;N/A;N/A;N/A;N/A;N/A;N/A;N/A;N/A;N/A;N/A;N/A;N/A;N/A;N/A;N/A;N/A;N/A;N/A;N/A;N/A;N/A;N/A;N/A;N/A;N/A;Sí;Sí;Sí;N/A;Sí;N/A;N/A;Sí;N/A;Sí;N/A;N/A;Sí;N/A;N/A;Sí;Sí;Sí;Sí;N/A;Sí;N/A;N/A;Sí;N/A;Sí
Nissan;Frontier;"Se 4X4 tm";2023;"0 km";;"NISSAN CAR_ONE";53678;;;;;"Ciudad de la Costa";https://auto.mercadolibre.com.uy/MLU-661935648-nissan-frontier-se-4x4-tm-25-2023-0km-_JM;N/A;;"Nissan Frontier Se 4x4 Tm 2.5 2023 0km";USD;Sí;gold_premium;false;N/A;N/A;http://perfil.mercadolibre.com.uy/NISSAN+CAR_ONE;active;N/A;N/A;Nuevo;Plateado;N/A;Eléctrica;N/A;Sí;N/A;Sí;N/A;N/A;N/A;Sí;N/A;N/A;N/A;N/A;N/A;N/A;N/A;N/A;N/A;N/A;N/A;N/A;N/A;N/A;N/A;N/A;N/A;N/A;N/A;"2500 cc";N/A;6;N/A;N/A;N/A;N/A;Sí;N/A;N/A;N/A;N/A;N/A;N/A;N/A;N/A;N/A;N/A;N/A;N/A;N/A;N/A;N/A;N/A;N/A;N/A;N/A;N/A;Sí;N/A;N/A;N/A;N/A;N/A;N/A;N/A;N/A;N/A;N/A;N/A;N/A;N/A;N/A;N/A;N/A;N/A;N/A;N/A;N/A;N/A;N/A;N/A;N/A;N/A;N/A;"160 hp";Se;N/A;N/A;N/A;N/A;N/A;N/A;N/A;Sí;N/A;N/A;N/A;N/A;N/A;N/A;N/A;N/A;N/A;N/A;Sí;N/A;"Lunes a Domingos de 10 a 20 hs";5;2.5;Diésel;Manual;Pick-Up;"Autos y camionetas";Sí;N/A;N/A;N/A;Sí;N/A;N/A;Sí;Sí;Sí;No;N/A;N/A;N/A;N/A;N/A;N/A;N/A;N/A;N/A;N/A;N/A;N/A;N/A;N/A;N/A;N/A;N/A;N/A;N/A;N/A;N/A;N/A;N/A;N/A;N/A;N/A;N/A;N/A;N/A;N/A;N/A;N/A;Sí;N/A;N/A;N/A;N/A;N/A;N/A;N/A;N/A;N/A;N/A;N/A;N/A;N/A;N/A;N/A;N/A;N/A;Sí;No;N/A;N/A;N/A;N/A;N/A;N/A;N/A;N/A;N/A;N/A;N/A;N/A;N/A;N/A;N/A;N/A;N/A;N/A;N/A;N/A;N/A;N/A;N/A;N/A;N/A;N/A;N/A;N/A;N/A;N/A;N/A;N/A;N/A;Sí;N/A;N/A;Sí;Sí;Sí;Sí;N/A;N/A;Sí;N/A;N/A;N/A;N/A;Sí;Sí;N/A;N/A;Sí;Sí;Sí;Sí;N/A;N/A;N/A;Sí
Nissan;Kicks;"1.6 Exclusive At";2019;"210000 km";;LOLOTELO;19800;;;;;"Parque Batlle";https://auto.mercadolibre.com.uy/MLU-665967164-nissan-kicks-2019-16-exclusive-at-_JM;N/A;;"Nissan Kicks 2019 1.6 Exclusive At";usd;Sí;gold_premium;false;N/A;N/A;http://perfil.mercadolibre.com.uy/LOLOTELO;active;N/A;N/A;Usado;N/A;N/A;Hidráulica;Delantera;Sí;N/A;N/A;N/A;N/A;N/A;N/A;N/A;Sí;N/A;N/A;N/A;N/A;N/A;N/A;N/A;N/A;N/A;N/A;N/A;N/A;N/A;N/A;N/A;N/A;"2620 mm";"1.6 L";"50 L";N/A;N/A;N/A;N/A;N/A;N/A;N/A;N/A;N/A;N/A;N/A;N/A;N/A;N/A;N/A;N/A;N/A;N/A;N/A;N/A;N/A;N/A;N/A;N/A;N/A;N/A;N/A;N/A;N/A;N/A;N/A;N/A;N/A;N/A;Sí;Sí;N/A;N/A;Sí;N/A;N/A;N/A;N/A;N/A;N/A;N/A;"1590 mm";"4295 mm";N/A;N/A;N/A;N/A;5;"118 hp";Exclusive;N/A;4;"1760 mm";N/A;N/A;N/A;N/A;N/A;N/A;N/A;N/A;N/A;N/A;N/A;N/A;N/A;N/A;N/A;N/A;N/A;N/A;5;1.6;Nafta;Automática;SUV;"Autos y camionetas";N/A;N/A;N/A;N/A;N/A;N/A;UY;N/A;N/A;N/A;N/A;N/A;N/A;N/A;N/A;N/A;N/A;N/A;N/A;N/A;N/A;N/A;N/A;N/A;N/A;N/A;N/A;N/A;N/A;N/A;N/A;N/A;N/A;N/A;N/A;N/A;N/A;N/A;N/A;N/A;N/A;N/A;N/A;N/A;N/A;N/A;N/A;N/A;N/A;N/A;N/A;N/A;N/A;N/A;N/A;N/A;N/A;N/A;N/A;N/A;N/A;N/A;N/A;N/A;N/A;N/A;N/A;N/A;N/A;N/A;N/A;N/A;N/A;N/A;N/A;N/A;N/A;N/A;N/A;N/A;N/A;N/A;N/A;N/A;N/A;N/A;N/A;N/A;N/A;N/A;N/A;N/A;N/A;N/A;N/A;N/A;Sí;N/A;Sí;N/A;N/A;N/A;N/A;N/A;N/A;Sí;N/A;N/A;N/A;N/A;N/A;Sí;Sí;N/A;Sí;N/A;N/A;N/A;N/A;Sí;N/A;Sí
Nissan;Versa;"1.6 Drive";2020;"127800 km";;PEREIRABRUNO20231104085526;11990;;;;;Pocitos;https://auto.mercadolibre.com.uy/MLU-635057843-nissan-versa-2020-16-drive-_JM;N/A;;"Nissan Versa 2020 1.6 Drive";usd;Sí;gold_premium;false;N/A;N/A;http://perfil.mercadolibre.com.uy/PEREIRABRUNO20231104085526;active;N/A;N/A;Usado;N/A;N/A;Hidráulica;Delantera;Sí;N/A;N/A;N/A;N/A;N/A;N/A;N/A;N/A;N/A;N/A;N/A;N/A;N/A;N/A;N/A;N/A;N/A;N/A;N/A;N/A;N/A;N/A;N/A;N/A;"2600 mm";"1.6 L";"41 L";5;N/A;N/A;N/A;N/A;N/A;N/A;N/A;N/A;N/A;N/A;N/A;N/A;N/A;N/A;N/A;N/A;N/A;N/A;N/A;N/A;N/A;N/A;N/A;N/A;N/A;N/A;N/A;N/A;N/A;N/A;N/A;N/A;N/A;N/A;N/A;N/A;N/A;N/A;N/A;N/A;N/A;N/A;N/A;N/A;N/A;"1506 mm";"4492 mm";N/A;N/A;N/A;N/A;5;"106 hp";Drive;N/A;4;"1695 mm";N/A;N/A;N/A;N/A;N/A;N/A;N/A;Sí;N/A;N/A;N/A;N/A;N/A;N/A;N/A;N/A;N/A;N/A;4;1.6;Nafta;Manual;Sedán;"Autos y camionetas";N/A;N/A;N/A;N/A;N/A;N/A;UY;N/A;N/A;N/A;N/A;N/A;N/A;N/A;N/A;N/A;N/A;N/A;N/A;N/A;N/A;N/A;N/A;N/A;N/A;N/A;N/A;N/A;N/A;N/A;N/A;N/A;N/A;N/A;N/A;N/A;N/A;N/A;N/A;N/A;N/A;N/A;N/A;N/A;N/A;N/A;N/A;N/A;N/A;N/A;N/A;N/A;N/A;N/A;N/A;N/A;N/A;N/A;N/A;N/A;N/A;N/A;N/A;N/A;N/A;N/A;N/A;N/A;N/A;N/A;N/A;N/A;N/A;N/A;N/A;N/A;N/A;N/A;N/A;N/A;N/A;N/A;N/A;N/A;N/A;N/A;N/A;N/A;N/A;N/A;N/A;N/A;N/A;N/A;N/A;N/A;Sí;N/A;N/A;N/A;N/A;N/A;N/A;N/A;N/A;Sí;N/A;N/A;N/A;N/A;N/A;N/A;N/A;N/A;Sí;N/A;N/A;N/A;N/A;N/A;N/A;N/A
Nissan;Versa;Sr;2023;"0 km";;ALIANZAMOTORS;29490;;;;;Pocitos;https://auto.mercadolibre.com.uy/MLU-664704162-nissan-versa-sr-cvt-_JM;N/A;;"Nissan Versa Sr Cvt";USD;Sí;gold_premium;false;N/A;N/A;http://perfil.mercadolibre.com.uy/ALIANZAMOTORS;active;N/A;N/A;Nuevo;Blanco;N/A;Eléctrica;Delantera;N/A;N/A;N/A;N/A;N/A;N/A;N/A;N/A;N/A;N/A;N/A;N/A;N/A;N/A;N/A;N/A;N/A;N/A;N/A;N/A;N/A;N/A;N/A;N/A;N/A;N/A;N/A;N/A;N/A;N/A;N/A;N/A;N/A;N/A;N/A;N/A;N/A;N/A;N/A;N/A;N/A;N/A;N/A;N/A;N/A;N/A;N/A;N/A;N/A;N/A;N/A;N/A;N/A;N/A;N/A;N/A;N/A;N/A;N/A;N/A;N/A;N/A;N/A;N/A;N/A;N/A;N/A;N/A;N/A;N/A;N/A;N/A;N/A;N/A;N/A;N/A;N/A;N/A;N/A;N/A;N/A;N/A;N/A;N/A;N/A;N/A;N/A;Sí;N/A;N/A;N/A;N/A;N/A;Sí;N/A;N/A;N/A;N/A;N/A;N/A;N/A;N/A;N/A;"LUNES A VIERNES DE 9 A 19 30 HS";5;1600;Nafta;Automática;Sedán;"Autos y camionetas";N/A;N/A;N/A;N/A;N/A;N/A;N/A;N/A;N/A;N/A;N/A;N/A;N/A;N/A;N/A;N/A;N/A;N/A;N/A;N/A;N/A;N/A;N/A;N/A;N/A;N/A;N/A;N/A;N/A;N/A;N/A;N/A;N/A;N/A;N/A;N/A;N/A;N/A;N/A;N/A;N/A;N/A;N/A;N/A;N/A;N/A;N/A;N/A;N/A;N/A;N/A;N/A;N/A;N/A;N/A;N/A;N/A;N/A;N/A;N/A;N/A;N/A;N/A;N/A;N/A;N/A;N/A;N/A;N/A;N/A;N/A;N/A;N/A;N/A;N/A;N/A;N/A;N/A;N/A;N/A;N/A;N/A;N/A;N/A;N/A;N/A;N/A;N/A;N/A;N/A;N/A;N/A;N/A;N/A;N/A;N/A;N/A;N/A;N/A;N/A;N/A;N/A;N/A;N/A;N/A;N/A;N/A;N/A;N/A;N/A;N/A;N/A;N/A;N/A;N/A;N/A;N/A;N/A;N/A;N/A;N/A;N/A
Nissan;Tiida;"1.6 Drive Sedan Mt";2015;"145000 km";;URMA849775;9500;;;;;"José Pedro Varela";https://auto.mercadolibre.com.uy/MLU-664563166-nissan-tiida-2015-16-drive-sedan-mt-_JM;N/A;;"Nissan Tiida 2015 1.6 Drive Sedan Mt";usd;Sí;gold_premium;false;N/A;N/A;http://perfil.mercadolibre.com.uy/URMA849775;active;N/A;N/A;Usado;N/A;N/A;Hidráulica;Delantera;Sí;N/A;N/A;N/A;N/A;N/A;N/A;N/A;N/A;N/A;N/A;N/A;N/A;N/A;N/A;N/A;N/A;N/A;N/A;N/A;N/A;N/A;N/A;N/A;N/A;"2600 mm";"1.6 L";"52 L";N/A;N/A;N/A;N/A;N/A;N/A;N/A;N/A;N/A;N/A;N/A;N/A;N/A;N/A;N/A;N/A;N/A;N/A;N/A;N/A;N/A;N/A;N/A;N/A;N/A;N/A;N/A;N/A;N/A;N/A;N/A;N/A;N/A;N/A;N/A;N/A;N/A;N/A;N/A;N/A;N/A;N/A;N/A;N/A;N/A;N/A;"1548 mm";"4470 mm";N/A;N/A;N/A;N/A;5;N/A;N/A;N/A;N/A;"1695 mm";N/A;N/A;N/A;N/A;N/A;N/A;N/A;N/A;N/A;N/A;N/A;N/A;N/A;N/A;N/A;N/A;N/A;N/A;4;1.6;Nafta;Manual;Sedán;"Autos y camionetas";N/A;N/A;N/A;N/A;N/A;N/A;UY;N/A;N/A;N/A;N/A;N/A;N/A;N/A;N/A;N/A;N/A;N/A;N/A;N/A;N/A;N/A;N/A;N/A;N/A;N/A;N/A;N/A;N/A;N/A;N/A;N/A;N/A;N/A;N/A;N/A;N/A;N/A;N/A;N/A;N/A;N/A;N/A;N/A;N/A;N/A;N/A;N/A;N/A;N/A;N/A;N/A;N/A;N/A;N/A;N/A;N/A;N/A;N/A;N/A;N/A;N/A;N/A;N/A;N/A;N/A;N/A;N/A;N/A;N/A;N/A;N/A;N/A;N/A;N/A;N/A;N/A;N/A;N/A;N/A;N/A;N/A;N/A;N/A;N/A;N/A;N/A;N/A;N/A;N/A;N/A;N/A;N/A;N/A;N/A;N/A;Sí;N/A;N/A;N/A;N/A;N/A;N/A;N/A;N/A;N/A;N/A;N/A;N/A;N/A;N/A;N/A;N/A;N/A;Sí;N/A;N/A;N/A;N/A;N/A;N/A;N/A
Nissan;Versa;"1.6 Exclusive Navi At";2015;"116000 km";;T9T;12800;;;;;"Ciudad de la Costa";https://auto.mercadolibre.com.uy/MLU-659038106-nissan-versa-extra-full-automatico-2015-udueno-116000km-_JM;N/A;;"Nissan Versa Extra Full Automatico 2015 U.dueño 116.000km";usd;No;gold_premium;false;N/A;N/A;http://perfil.mercadolibre.com.uy/T9T;active;N/A;N/A;Usado;Gris;N/A;Hidráulica;Delantera;Sí;N/A;N/A;N/A;Sí;N/A;N/A;N/A;N/A;N/A;N/A;N/A;N/A;N/A;N/A;N/A;N/A;N/A;N/A;N/A;N/A;N/A;N/A;N/A;N/A;"2600 mm";"1.6 L";"41 L";N/A;N/A;N/A;N/A;N/A;N/A;N/A;N/A;N/A;N/A;N/A;N/A;N/A;N/A;N/A;N/A;N/A;N/A;N/A;N/A;N/A;N/A;N/A;N/A;N/A;N/A;N/A;N/A;N/A;N/A;N/A;N/A;N/A;N/A;N/A;N/A;N/A;N/A;N/A;N/A;N/A;N/A;N/A;N/A;N/A;N/A;"1506 mm";"4465 mm";N/A;N/A;N/A;N/A;5;N/A;Exclusive;N/A;N/A;"1695 mm";N/A;N/A;N/A;N/A;N/A;N/A;N/A;N/A;N/A;N/A;N/A;N/A;N/A;N/A;N/A;N/A;N/A;"Lunes a sabado de 9:00 a 20:00";4;1.6;Nafta;Automática;Sedán;"Autos y camionetas";N/A;N/A;N/A;N/A;N/A;N/A;UY;N/A;N/A;N/A;N/A;N/A;N/A;N/A;N/A;N/A;N/A;N/A;N/A;N/A;N/A;N/A;N/A;N/A;N/A;N/A;N/A;N/A;N/A;N/A;N/A;N/A;N/A;N/A;N/A;N/A;N/A;N/A;N/A;N/A;N/A;N/A;N/A;N/A;N/A;N/A;N/A;N/A;N/A;N/A;N/A;N/A;N/A;N/A;N/A;N/A;N/A;N/A;N/A;N/A;N/A;N/A;N/A;N/A;N/A;N/A;N/A;N/A;N/A;N/A;N/A;N/A;N/A;N/A;N/A;N/A;N/A;N/A;N/A;N/A;N/A;N/A;N/A;N/A;N/A;N/A;N/A;N/A;N/A;N/A;N/A;N/A;N/A;N/A;N/A;N/A;Sí;N/A;N/A;N/A;N/A;N/A;N/A;N/A;N/A;N/A;N/A;N/A;N/A;N/A;N/A;N/A;N/A;N/A;Sí;N/A;N/A;N/A;N/A;N/A;N/A;N/A
Nissan;Murano;"Se Awd Aa Piel Qc At";2007;"171000 km";;KEYMETLIANFLORENCIA;13500;;;;;"Ciudad de la Costa";https://auto.mercadolibre.com.uy/MLU-665439604-nissan-murano-sl-awd-_JM;N/A;;"Nissan Murano Sl Awd";usd;No;gold_premium;false;N/A;N/A;http://perfil.mercadolibre.com.uy/KEYMETLIANFLORENCIA;active;N/A;N/A;Usado;N/A;N/A;Hidráulica;4x4;Sí;N/A;N/A;N/A;N/A;N/A;N/A;N/A;Sí;N/A;N/A;N/A;N/A;N/A;N/A;N/A;N/A;N/A;N/A;N/A;N/A;N/A;N/A;N/A;N/A;N/A;"3.5 L";N/A;N/A;N/A;N/A;N/A;N/A;N/A;N/A;N/A;N/A;N/A;N/A;N/A;N/A;N/A;N/A;N/A;N/A;N/A;N/A;N/A;N/A;N/A;N/A;N/A;N/A;N/A;N/A;N/A;N/A;N/A;N/A;N/A;N/A;N/A;N/A;N/A;N/A;N/A;N/A;N/A;N/A;N/A;N/A;N/A;N/A;N/A;N/A;N/A;N/A;N/A;N/A;N/A;5;"245 hp";Se;N/A;N/A;N/A;N/A;N/A;N/A;N/A;N/A;N/A;N/A;N/A;N/A;Sí;N/A;N/A;N/A;N/A;N/A;N/A;N/A;N/A;5;3.5;Nafta;Automática;Cabriolet;"Autos y camionetas";N/A;N/A;N/A;N/A;N/A;N/A;UY;N/A;N/A;N/A;N/A;N/A;N/A;N/A;N/A;N/A;N/A;N/A;N/A;N/A;N/A;N/A;N/A;N/A;N/A;N/A;N/A;N/A;N/A;N/A;N/A;N/A;N/A;N/A;N/A;N/A;N/A;N/A;N/A;N/A;N/A;N/A;N/A;N/A;N/A;N/A;N/A;N/A;N/A;N/A;N/A;N/A;N/A;N/A;N/A;N/A;N/A;N/A;N/A;N/A;N/A;N/A;N/A;N/A;N/A;N/A;N/A;N/A;N/A;N/A;N/A;N/A;N/A;N/A;N/A;N/A;N/A;N/A;N/A;N/A;N/A;N/A;N/A;N/A;N/A;N/A;N/A;N/A;N/A;N/A;N/A;N/A;N/A;N/A;N/A;N/A;Sí;N/A;N/A;N/A;N/A;N/A;N/A;N/A;N/A;N/A;N/A;N/A;N/A;N/A;N/A;N/A;N/A;N/A;Sí;N/A;N/A;N/A;N/A;N/A;N/A;N/A
Nissan;Frontier;Xe;2019;"151000 km";;SAMURAI164;30900;;;;;"Villa Española";https://auto.mercadolibre.com.uy/MLU-635272771-nissan-frontier-xe-diesel-4x2-_JM;N/A;;"Nissan Frontier Xe Diesel 4x2";USD;Sí;gold_premium;false;N/A;N/A;http://perfil.mercadolibre.com.uy/SAMURAI164;active;N/A;N/A;Usado;Blanco;Sí;Hidráulica;N/A;Sí;Sí;N/A;N/A;N/A;N/A;N/A;N/A;No;N/A;N/A;N/A;Sí;N/A;N/A;N/A;N/A;N/A;N/A;N/A;N/A;N/A;N/A;N/A;N/A;N/A;N/A;N/A;N/A;N/A;N/A;N/A;N/A;N/A;N/A;N/A;N/A;N/A;N/A;N/A;N/A;N/A;N/A;N/A;N/A;N/A;N/A;N/A;N/A;N/A;N/A;N/A;N/A;N/A;N/A;N/A;N/A;N/A;N/A;N/A;N/A;N/A;N/A;N/A;N/A;N/A;N/A;N/A;N/A;N/A;N/A;N/A;N/A;N/A;N/A;N/A;N/A;N/A;N/A;N/A;N/A;N/A;N/A;N/A;N/A;N/A;N/A;Sí;N/A;Sí;Sí;N/A;Sí;Sí;N/A;N/A;N/A;N/A;N/A;N/A;N/A;N/A;N/A;N/A;4;2.5;Diésel;Manual;Pick-Up;"Autos y camionetas";N/A;N/A;N/A;N/A;N/A;N/A;N/A;N/A;No;N/A;N/A;N/A;N/A;N/A;N/A;N/A;N/A;N/A;N/A;N/A;N/A;N/A;N/A;N/A;Sí;N/A;N/A;N/A;N/A;N/A;N/A;N/A;N/A;N/A;N/A;N/A;N/A;N/A;N/A;N/A;N/A;N/A;N/A;N/A;N/A;N/A;N/A;N/A;N/A;N/A;N/A;N/A;N/A;N/A;N/A;N/A;N/A;N/A;N/A;N/A;N/A;N/A;N/A;N/A;N/A;N/A;N/A;N/A;N/A;N/A;N/A;N/A;N/A;N/A;N/A;N/A;N/A;N/A;N/A;N/A;N/A;N/A;N/A;N/A;N/A;N/A;N/A;N/A;N/A;N/A;N/A;N/A;N/A;N/A;N/A;N/A;Sí;N/A;Sí;N/A;N/A;N/A;N/A;N/A;N/A;Sí;N/A;Sí;Sí;N/A;N/A;N/A;Sí;N/A;Sí;Sí;Sí;Sí;N/A;N/A;N/A;Sí
Nissan;Frontier;"XE Automatica 4x4";2023;"0 km";;"NISSAN CAR_ONE";60388;;;;;"Ciudad de la Costa";https://auto.mercadolibre.com.uy/MLU-634701837-nissan-frontier-xe-automatica-4x4-25-2023-0km-_JM;N/A;;"Nissan Frontier Xe Automatica 4x4 2.5 2023 0km";USD;Sí;gold_premium;false;N/A;N/A;http://perfil.mercadolibre.com.uy/NISSAN+CAR_ONE;active;N/A;N/A;Nuevo;N/A;N/A;Mecánica;N/A;N/A;N/A;Sí;N/A;N/A;N/A;Sí;Sí;N/A;N/A;N/A;N/A;N/A;N/A;N/A;N/A;N/A;N/A;N/A;N/A;N/A;N/A;N/A;N/A;N/A;N/A;"2500 cc";N/A;8;N/A;N/A;Sí;Sí;Sí;N/A;N/A;N/A;N/A;N/A;N/A;N/A;N/A;N/A;N/A;N/A;N/A;N/A;N/A;N/A;N/A;N/A;N/A;Sí;N/A;Sí;N/A;Sí;N/A;N/A;N/A;N/A;N/A;N/A;N/A;N/A;N/A;N/A;N/A;N/A;N/A;N/A;N/A;N/A;N/A;N/A;N/A;N/A;N/A;N/A;N/A;N/A;"188 hp";Xe;N/A;N/A;N/A;N/A;N/A;N/A;Sí;N/A;N/A;Sí;N/A;N/A;N/A;N/A;N/A;N/A;N/A;N/A;N/A;N/A;"Lunes a Domingos de 10 a 20 hs";5;2.5;Diésel;Automática;Pick-Up;"Autos y camionetas";Sí;N/A;N/A;N/A;Sí;N/A;N/A;Sí;Sí;Sí;No;N/A;N/A;N/A;N/A;N/A;N/A;N/A;N/A;N/A;N/A;N/A;N/A;N/A;Sí;N/A;N/A;N/A;N/A;N/A;N/A;N/A;N/A;N/A;N/A;N/A;N/A;N/A;N/A;N/A;N/A;N/A;N/A;Sí;N/A;N/A;N/A;N/A;N/A;N/A;N/A;N/A;N/A;N/A;N/A;N/A;N/A;N/A;N/A;N/A;N/A;Sí;No;N/A;N/A;N/A;N/A;N/A;N/A;N/A;N/A;N/A;N/A;N/A;N/A;N/A;N/A;N/A;N/A;N/A;N/A;N/A;N/A;N/A;N/A;N/A;N/A;N/A;N/A;N/A;N/A;N/A;Sí;N/A;N/A;N/A;Sí;N/A;Sí;Sí;Sí;N/A;N/A;N/A;Sí;Sí;N/A;N/A;N/A;N/A;Sí;Sí;Sí;N/A;Sí;Sí;Sí;N/A;N/A;N/A;Sí;Sí
Nissan;Kicks;"1.6 Advance At";2023;"0 km";;ALIANZAMOTORS;31990;;;;;Pocitos;https://auto.mercadolibre.com.uy/MLU-635368747-nissan-kicks-advance-at-_JM;N/A;;"Nissan Kicks Advance At";usd;Sí;gold_premium;false;N/A;N/A;http://perfil.mercadolibre.com.uy/ALIANZAMOTORS;active;N/A;N/A;Nuevo;Blanco;N/A;Hidráulica;Delantera;Sí;N/A;N/A;N/A;N/A;N/A;N/A;N/A;N/A;N/A;N/A;N/A;N/A;N/A;N/A;N/A;N/A;N/A;N/A;N/A;N/A;N/A;N/A;N/A;N/A;"2620 mm";"1.6 L";"50 L";N/A;N/A;N/A;N/A;N/A;N/A;N/A;N/A;N/A;N/A;N/A;N/A;N/A;N/A;N/A;N/A;N/A;N/A;N/A;N/A;N/A;N/A;N/A;N/A;N/A;N/A;N/A;N/A;N/A;N/A;N/A;N/A;N/A;N/A;Sí;Sí;Sí;N/A;N/A;N/A;N/A;N/A;N/A;N/A;N/A;N/A;"1590 mm";"4295 mm";N/A;N/A;N/A;N/A;5;"118 hp";Advance;N/A;4;"1760 mm";N/A;N/A;N/A;N/A;N/A;N/A;N/A;N/A;N/A;N/A;N/A;N/A;N/A;N/A;N/A;N/A;N/A;"LUNES A VIERNES DE 9 A 19:30";5;1.6;Nafta;Automática;SUV;"Autos y camionetas";N/A;N/A;N/A;N/A;N/A;N/A;UY;N/A;N/A;N/A;N/A;N/A;N/A;N/A;N/A;N/A;N/A;N/A;N/A;N/A;N/A;N/A;N/A;N/A;N/A;N/A;N/A;N/A;N/A;N/A;N/A;N/A;N/A;N/A;N/A;N/A;N/A;N/A;N/A;N/A;N/A;N/A;N/A;N/A;N/A;N/A;N/A;N/A;N/A;N/A;N/A;N/A;N/A;N/A;N/A;N/A;N/A;N/A;N/A;N/A;N/A;N/A;N/A;N/A;N/A;N/A;N/A;N/A;N/A;N/A;N/A;N/A;N/A;N/A;N/A;N/A;N/A;N/A;N/A;N/A;N/A;N/A;N/A;N/A;N/A;N/A;N/A;N/A;N/A;N/A;N/A;N/A;N/A;N/A;N/A;N/A;Sí;N/A;Sí;N/A;N/A;N/A;N/A;N/A;N/A;Sí;N/A;N/A;N/A;N/A;N/A;N/A;Sí;N/A;Sí;N/A;N/A;N/A;N/A;Sí;N/A;Sí
Nissan;Frontier;"2.4 Xe Mt";2014;"59500 km";;ROMEROIGNACIO20220715091534;14000;;;;;"Ciudad Vieja";https://auto.mercadolibre.com.uy/MLU-635008587-nissan-frontier-2014-24-xe-mt-_JM;N/A;;"Nissan Frontier 2014 2.4 Xe Mt";usd;Sí;gold_premium;false;N/A;N/A;http://perfil.mercadolibre.com.uy/ROMEROIGNACIO20220715091534;active;N/A;N/A;Usado;N/A;N/A;Hidráulica;4x4;Sí;N/A;N/A;N/A;N/A;N/A;N/A;N/A;N/A;N/A;N/A;N/A;N/A;N/A;N/A;N/A;N/A;N/A;N/A;N/A;N/A;N/A;N/A;N/A;N/A;"2950 mm";"2.4 L";"60 L";N/A;N/A;N/A;N/A;N/A;N/A;N/A;N/A;N/A;N/A;N/A;N/A;N/A;N/A;N/A;N/A;N/A;N/A;N/A;N/A;N/A;N/A;N/A;N/A;N/A;N/A;N/A;N/A;N/A;N/A;N/A;N/A;N/A;N/A;N/A;N/A;N/A;N/A;N/A;N/A;N/A;N/A;N/A;N/A;N/A;N/A;"1695 mm";"5010 mm";N/A;N/A;N/A;N/A;N/A;N/A;Xe;N/A;N/A;"1820 mm";N/A;N/A;N/A;N/A;N/A;N/A;N/A;N/A;N/A;N/A;N/A;N/A;N/A;N/A;N/A;N/A;N/A;N/A;2;2.4;Nafta;Manual;Pick-Up;"Autos y camionetas";N/A;N/A;N/A;N/A;N/A;N/A;UY;N/A;N/A;N/A;N/A;N/A;N/A;N/A;N/A;N/A;N/A;N/A;N/A;N/A;N/A;N/A;N/A;N/A;N/A;N/A;N/A;N/A;N/A;N/A;N/A;N/A;N/A;N/A;N/A;N/A;N/A;N/A;N/A;N/A;N/A;N/A;N/A;N/A;N/A;N/A;N/A;N/A;N/A;N/A;N/A;N/A;N/A;N/A;N/A;N/A;N/A;N/A;N/A;N/A;N/A;N/A;N/A;N/A;N/A;N/A;N/A;N/A;N/A;N/A;N/A;N/A;N/A;N/A;N/A;N/A;N/A;N/A;N/A;N/A;N/A;N/A;N/A;N/A;N/A;N/A;N/A;N/A;N/A;N/A;N/A;N/A;N/A;N/A;N/A;N/A;Sí;N/A;N/A;N/A;N/A;N/A;N/A;N/A;N/A;N/A;N/A;N/A;N/A;N/A;N/A;N/A;N/A;N/A;Sí;N/A;N/A;N/A;N/A;N/A;N/A;N/A
Nissan;Kicks;"1.6 Sense Mt";2023;"0 km";;ALIANZAMOTORS;28990;;;;;Pocitos;https://auto.mercadolibre.com.uy/MLU-664844820-new-nissan-kicks-sense-mt-_JM;N/A;;"New Nissan Kicks Sense Mt";usd;Sí;gold_premium;false;N/A;N/A;http://perfil.mercadolibre.com.uy/ALIANZAMOTORS;active;N/A;N/A;Nuevo;Blanco;N/A;Hidráulica;Delantera;Sí;N/A;N/A;N/A;N/A;N/A;N/A;N/A;N/A;N/A;N/A;N/A;N/A;N/A;N/A;N/A;N/A;N/A;N/A;N/A;N/A;N/A;N/A;N/A;N/A;"2620 mm";"1.6 L";"50 L";5;N/A;N/A;N/A;N/A;N/A;N/A;N/A;N/A;N/A;N/A;N/A;N/A;N/A;N/A;N/A;N/A;N/A;N/A;N/A;N/A;N/A;N/A;N/A;N/A;N/A;N/A;N/A;N/A;N/A;N/A;N/A;N/A;N/A;Sí;Sí;N/A;N/A;N/A;N/A;N/A;N/A;N/A;N/A;N/A;N/A;"1590 mm";"4295 mm";N/A;N/A;N/A;N/A;5;"118 hp";Sense;N/A;4;"1760 mm";N/A;N/A;N/A;N/A;N/A;N/A;N/A;N/A;N/A;N/A;N/A;N/A;N/A;N/A;N/A;N/A;N/A;"LUNES A VIERNES DE 9 A 19 30";5;1.6;Nafta;Manual;SUV;"Autos y camionetas";N/A;N/A;N/A;N/A;N/A;N/A;UY;N/A;N/A;N/A;N/A;N/A;N/A;N/A;N/A;N/A;N/A;N/A;N/A;N/A;N/A;N/A;N/A;N/A;N/A;N/A;N/A;N/A;N/A;N/A;N/A;N/A;N/A;N/A;N/A;N/A;N/A;N/A;N/A;N/A;N/A;N/A;N/A;N/A;N/A;N/A;N/A;N/A;N/A;N/A;N/A;N/A;N/A;N/A;N/A;N/A;N/A;N/A;N/A;N/A;N/A;N/A;N/A;N/A;N/A;N/A;N/A;N/A;N/A;N/A;N/A;N/A;N/A;N/A;N/A;N/A;N/A;N/A;N/A;N/A;N/A;N/A;N/A;N/A;N/A;N/A;N/A;N/A;N/A;N/A;N/A;N/A;N/A;N/A;N/A;N/A;Sí;N/A;N/A;N/A;N/A;N/A;N/A;N/A;N/A;Sí;N/A;N/A;N/A;N/A;N/A;N/A;Sí;N/A;Sí;N/A;N/A;N/A;N/A;Sí;N/A;Sí
Nissan;Kicks;"1.6 Advance";2023;"0 km";;ALIANZAMOTORS;30490;;;;;Pocitos;https://auto.mercadolibre.com.uy/MLU-664767502-nissan-kicks-advance-manual-_JM;N/A;;"Nissan Kicks Advance Manual";usd;Sí;gold_premium;false;N/A;N/A;http://perfil.mercadolibre.com.uy/ALIANZAMOTORS;active;N/A;N/A;Nuevo;Blanco;N/A;Hidráulica;Delantera;Sí;N/A;N/A;N/A;N/A;N/A;N/A;N/A;N/A;N/A;N/A;N/A;N/A;N/A;N/A;N/A;N/A;N/A;N/A;N/A;N/A;N/A;N/A;N/A;N/A;"2620 mm";"1.6 L";"50 L";5;N/A;N/A;N/A;N/A;N/A;N/A;N/A;N/A;N/A;N/A;N/A;N/A;N/A;N/A;N/A;N/A;N/A;N/A;N/A;N/A;N/A;N/A;N/A;N/A;N/A;N/A;N/A;N/A;N/A;N/A;N/A;N/A;N/A;Sí;Sí;N/A;N/A;N/A;N/A;N/A;N/A;N/A;N/A;N/A;N/A;"1590 mm";"4295 mm";N/A;N/A;N/A;N/A;5;"118 hp";Advance;N/A;4;"1760 mm";N/A;N/A;N/A;N/A;N/A;N/A;N/A;N/A;N/A;N/A;N/A;N/A;N/A;N/A;N/A;N/A;N/A;"LUNES A VIERNES DE 9 A 19 30";5;1.6;Nafta;Manual;SUV;"Autos y camionetas";N/A;N/A;N/A;N/A;N/A;N/A;UY;N/A;N/A;N/A;N/A;N/A;N/A;N/A;N/A;N/A;N/A;N/A;N/A;N/A;N/A;N/A;N/A;N/A;N/A;N/A;N/A;N/A;N/A;N/A;N/A;N/A;N/A;N/A;N/A;N/A;N/A;N/A;N/A;N/A;N/A;N/A;N/A;N/A;N/A;N/A;N/A;N/A;N/A;N/A;N/A;N/A;N/A;N/A;N/A;N/A;N/A;N/A;N/A;N/A;N/A;N/A;N/A;N/A;N/A;N/A;N/A;N/A;N/A;N/A;N/A;N/A;N/A;N/A;N/A;N/A;N/A;N/A;N/A;N/A;N/A;N/A;N/A;N/A;N/A;N/A;N/A;N/A;N/A;N/A;N/A;N/A;N/A;N/A;N/A;N/A;N/A;N/A;N/A;N/A;N/A;N/A;N/A;N/A;N/A;N/A;N/A;N/A;N/A;N/A;N/A;N/A;Sí;N/A;Sí;N/A;N/A;N/A;N/A;Sí;N/A;Sí
Nissan;March;"1.6 Advance At";2018;"75000 km";;JUANVI2006;14500;;;;;Centro;https://auto.mercadolibre.com.uy/MLU-664153216-nissan-march-2018-16-advance-at-_JM;N/A;;"Nissan March 2018 1.6 Advance At";usd;Sí;gold_premium;false;N/A;N/A;http://perfil.mercadolibre.com.uy/JUANVI2006;active;N/A;N/A;Usado;N/A;N/A;Hidráulica;Delantera;Sí;N/A;N/A;N/A;N/A;N/A;N/A;N/A;N/A;N/A;N/A;N/A;N/A;N/A;N/A;N/A;N/A;N/A;N/A;N/A;N/A;N/A;N/A;N/A;N/A;"2450 mm";"1.6 L";"41 L";4;N/A;N/A;N/A;N/A;N/A;N/A;N/A;N/A;N/A;N/A;N/A;N/A;N/A;N/A;N/A;N/A;N/A;N/A;N/A;N/A;N/A;N/A;N/A;N/A;N/A;N/A;N/A;N/A;N/A;N/A;N/A;N/A;N/A;Sí;Sí;N/A;N/A;N/A;N/A;N/A;N/A;N/A;N/A;N/A;N/A;"1532 mm";"3827 mm";N/A;N/A;N/A;N/A;5;"106 hp";Advance;N/A;4;"1665 mm";N/A;N/A;N/A;N/A;N/A;N/A;N/A;Sí;N/A;N/A;N/A;N/A;N/A;N/A;N/A;N/A;N/A;N/A;5;1.6;Nafta;Automática;Hatchback;"Autos y camionetas";N/A;N/A;N/A;N/A;N/A;N/A;UY;N/A;N/A;N/A;N/A;N/A;N/A;N/A;N/A;N/A;N/A;N/A;N/A;N/A;N/A;N/A;N/A;N/A;N/A;N/A;N/A;N/A;N/A;N/A;N/A;N/A;N/A;N/A;N/A;N/A;N/A;N/A;N/A;N/A;N/A;N/A;N/A;N/A;N/A;N/A;N/A;N/A;N/A;N/A;N/A;N/A;N/A;N/A;N/A;N/A;N/A;N/A;N/A;N/A;N/A;N/A;N/A;N/A;N/A;N/A;N/A;N/A;N/A;N/A;N/A;N/A;N/A;N/A;N/A;N/A;N/A;N/A;N/A;N/A;N/A;N/A;N/A;N/A;N/A;N/A;N/A;N/A;N/A;N/A;N/A;N/A;N/A;N/A;N/A;N/A;Sí;N/A;Sí;N/A;N/A;N/A;N/A;Sí;N/A;Sí;N/A;N/A;N/A;N/A;N/A;N/A;Sí;N/A;Sí;N/A;N/A;N/A;N/A;Sí;N/A;Sí
Nissan;Tiida;"1.8 Special Edition Mt";2012;"150000 km";;GABRIELNAPOLI1973;11300;;;;;Buceo;https://auto.mercadolibre.com.uy/MLU-665941982-nissan-tiida-2012-18-special-edition-mt-_JM;N/A;;"Nissan Tiida 2012 1.8 Special Edition Mt";usd;Sí;gold_premium;false;N/A;N/A;http://perfil.mercadolibre.com.uy/GABRIELNAPOLI1973;active;N/A;N/A;Usado;N/A;N/A;Hidráulica;Delantera;Sí;N/A;N/A;N/A;N/A;N/A;N/A;N/A;N/A;N/A;N/A;N/A;N/A;N/A;N/A;N/A;N/A;N/A;N/A;N/A;N/A;N/A;N/A;N/A;N/A;"2600 mm";"1.8 L";"52 L";N/A;N/A;N/A;N/A;N/A;N/A;N/A;N/A;N/A;N/A;N/A;N/A;N/A;N/A;N/A;N/A;N/A;N/A;N/A;N/A;N/A;N/A;N/A;N/A;N/A;N/A;N/A;N/A;N/A;N/A;N/A;N/A;N/A;N/A;N/A;N/A;N/A;N/A;N/A;N/A;N/A;N/A;N/A;N/A;N/A;N/A;"1548 mm";"4297 mm";N/A;N/A;N/A;N/A;N/A;N/A;"Special Edition";N/A;N/A;"1695 mm";N/A;N/A;N/A;N/A;N/A;N/A;N/A;N/A;N/A;N/A;N/A;N/A;N/A;N/A;N/A;N/A;N/A;N/A;5;1.8;Nafta;Manual;Hatchback;"Autos y camionetas";N/A;N/A;N/A;N/A;N/A;N/A;UY;N/A;N/A;N/A;N/A;N/A;N/A;N/A;N/A;N/A;N/A;N/A;N/A;N/A;N/A;N/A;N/A;N/A;N/A;N/A;N/A;N/A;N/A;N/A;N/A;N/A;N/A;N/A;N/A;N/A;N/A;N/A;N/A;N/A;N/A;N/A;N/A;N/A;N/A;N/A;N/A;N/A;N/A;N/A;N/A;N/A;N/A;N/A;N/A;N/A;N/A;N/A;N/A;N/A;N/A;N/A;N/A;N/A;N/A;N/A;N/A;N/A;N/A;N/A;N/A;N/A;N/A;N/A;N/A;N/A;N/A;N/A;N/A;N/A;N/A;N/A;N/A;N/A;N/A;N/A;N/A;N/A;N/A;N/A;N/A;N/A;N/A;N/A;N/A;N/A;Sí;N/A;N/A;N/A;N/A;N/A;N/A;N/A;N/A;N/A;N/A;N/A;N/A;N/A;N/A;N/A;N/A;N/A;Sí;N/A;N/A;N/A;N/A;N/A;N/A;N/A
Nissan;"NP300 Frontier";"2.5 Le Tdsl 188hp D.cab. 4x4";2020;"152000 km";;MXSHARKY;35900;;;;;"Los Ceibos";https://auto.mercadolibre.com.uy/MLU-665994936-nissan-np300-frontier-2020-25-le-tdsl-188hp-dcab-4x4-_JM;N/A;;"Nissan Np300 Frontier 2020 2.5 Le Tdsl 188hp D.cab. 4x4";usd;Sí;gold_premium;false;N/A;N/A;http://perfil.mercadolibre.com.uy/MXSHARKY;active;N/A;N/A;Usado;N/A;N/A;Hidráulica;4x4;Sí;N/A;N/A;N/A;N/A;N/A;N/A;N/A;Sí;N/A;N/A;N/A;N/A;N/A;N/A;N/A;N/A;N/A;N/A;N/A;N/A;N/A;N/A;N/A;N/A;"3150 mm";"2.5 L";"80 L";7;N/A;N/A;N/A;N/A;N/A;N/A;N/A;N/A;N/A;N/A;N/A;N/A;N/A;N/A;N/A;N/A;N/A;N/A;N/A;N/A;N/A;N/A;N/A;N/A;N/A;N/A;N/A;N/A;N/A;N/A;N/A;N/A;N/A;Sí;Sí;Sí;N/A;N/A;N/A;N/A;N/A;N/A;N/A;N/A;N/A;"1860 mm";"5258 mm";N/A;N/A;N/A;N/A;N/A;"188 hp";Le;N/A;4;"1850 mm";N/A;N/A;N/A;N/A;N/A;N/A;N/A;N/A;N/A;N/A;N/A;N/A;N/A;N/A;N/A;N/A;N/A;N/A;2;2.5;Diésel;Manual;Pick-Up;"Autos y camionetas";N/A;N/A;N/A;N/A;N/A;N/A;UY;N/A;N/A;N/A;N/A;N/A;N/A;N/A;N/A;N/A;N/A;N/A;N/A;N/A;N/A;N/A;N/A;N/A;N/A;N/A;N/A;N/A;N/A;N/A;N/A;N/A;N/A;N/A;N/A;N/A;N/A;N/A;N/A;N/A;N/A;N/A;N/A;N/A;N/A;N/A;N/A;N/A;N/A;N/A;N/A;N/A;N/A;N/A;N/A;N/A;N/A;N/A;N/A;N/A;N/A;N/A;N/A;N/A;N/A;N/A;N/A;N/A;N/A;N/A;N/A;N/A;N/A;N/A;N/A;N/A;N/A;N/A;N/A;N/A;N/A;N/A;N/A;N/A;N/A;N/A;N/A;N/A;N/A;N/A;N/A;N/A;N/A;N/A;N/A;N/A;Sí;N/A;Sí;N/A;N/A;N/A;N/A;Sí;N/A;Sí;N/A;N/A;N/A;N/A;N/A;Sí;Sí;N/A;Sí;N/A;N/A;N/A;N/A;Sí;N/A;Sí
Nissan;Sentra;"1.8 Sr Extra At";2021;"57000 km";;MARTINBRITOS875;30900;;;;;"Tres Cruces";https://auto.mercadolibre.com.uy/MLU-665444388-nissan-sentra-2021-20-sr-extra-at-_JM;N/A;;"Nissan Sentra 2021 2.0 Sr Extra At";usd;Sí;gold_premium;false;N/A;N/A;http://perfil.mercadolibre.com.uy/MARTINBRITOS875;active;N/A;N/A;Usado;Blanco;N/A;Hidráulica;Delantera;Sí;N/A;N/A;N/A;N/A;N/A;N/A;N/A;N/A;N/A;N/A;N/A;N/A;N/A;N/A;N/A;N/A;N/A;N/A;N/A;N/A;N/A;N/A;N/A;N/A;"2700 mm";"1.8 L";"52 L";N/A;N/A;N/A;N/A;N/A;N/A;N/A;N/A;N/A;N/A;N/A;N/A;N/A;N/A;N/A;N/A;N/A;N/A;N/A;N/A;N/A;N/A;N/A;N/A;N/A;N/A;N/A;N/A;N/A;N/A;N/A;N/A;N/A;N/A;Sí;Sí;N/A;N/A;N/A;N/A;N/A;N/A;N/A;N/A;N/A;N/A;"1505 mm";"4636 mm";N/A;N/A;N/A;N/A;5;"129 hp";Sense;N/A;2;"1761 mm";N/A;N/A;N/A;N/A;N/A;N/A;N/A;Sí;N/A;N/A;N/A;N/A;N/A;N/A;N/A;N/A;N/A;N/A;4;1.8;Nafta;Automática;Sedán;"Autos y camionetas";N/A;N/A;N/A;N/A;N/A;N/A;UY;N/A;N/A;N/A;N/A;N/A;N/A;N/A;N/A;N/A;N/A;N/A;N/A;N/A;N/A;N/A;N/A;N/A;N/A;N/A;N/A;N/A;N/A;N/A;N/A;N/A;N/A;N/A;N/A;N/A;N/A;N/A;N/A;N/A;N/A;N/A;N/A;N/A;N/A;N/A;N/A;N/A;N/A;N/A;N/A;N/A;N/A;N/A;N/A;N/A;N/A;N/A;N/A;N/A;N/A;N/A;N/A;N/A;N/A;N/A;N/A;N/A;N/A;N/A;N/A;N/A;N/A;N/A;N/A;N/A;N/A;N/A;N/A;N/A;N/A;N/A;N/A;N/A;N/A;N/A;N/A;N/A;N/A;N/A;N/A;N/A;N/A;N/A;N/A;N/A;N/A;N/A;N/A;N/A;N/A;N/A;N/A;N/A;N/A;N/A;N/A;N/A;N/A;N/A;N/A;N/A;N/A;N/A;Sí;N/A;N/A;N/A;N/A;Sí;N/A;Sí
Nissan;Qashqai;"2.0 Advance At";2018;"82000 km";;"M TELLECHEA";24500;;;;;Prado;https://auto.mercadolibre.com.uy/MLU-635224993-nissan-qashqai-2018-20-advance-at-_JM;N/A;;"Nissan Qashqai 2018 2.0 Advance At";usd;Sí;gold_premium;false;N/A;N/A;http://perfil.mercadolibre.com.uy/M+TELLECHEA;active;N/A;N/A;Usado;N/A;N/A;Hidráulica;Delantera;Sí;N/A;N/A;N/A;N/A;N/A;N/A;N/A;N/A;N/A;N/A;N/A;N/A;N/A;N/A;N/A;N/A;N/A;N/A;N/A;N/A;N/A;N/A;N/A;N/A;"2705 mm";"2 L";"60 L";N/A;N/A;N/A;N/A;N/A;N/A;N/A;N/A;N/A;N/A;N/A;N/A;N/A;N/A;N/A;N/A;N/A;N/A;N/A;N/A;N/A;N/A;N/A;N/A;N/A;N/A;N/A;N/A;N/A;N/A;N/A;N/A;N/A;N/A;Sí;Sí;Sí;N/A;Sí;N/A;N/A;N/A;N/A;N/A;N/A;N/A;"1740 mm";"4690 mm";N/A;N/A;N/A;N/A;5;"150 hp";Advance;N/A;4;"1820 mm";N/A;N/A;N/A;N/A;N/A;N/A;N/A;Sí;N/A;Sí;N/A;N/A;N/A;N/A;N/A;N/A;N/A;N/A;5;2.0;Nafta;Automática;SUV;"Autos y camionetas";N/A;N/A;N/A;N/A;N/A;N/A;UY;N/A;N/A;N/A;N/A;N/A;N/A;N/A;N/A;N/A;N/A;N/A;N/A;N/A;N/A;N/A;N/A;N/A;N/A;N/A;N/A;N/A;N/A;N/A;N/A;N/A;N/A;N/A;N/A;N/A;N/A;N/A;N/A;N/A;N/A;N/A;N/A;N/A;N/A;N/A;N/A;N/A;N/A;N/A;N/A;N/A;N/A;N/A;N/A;N/A;N/A;N/A;N/A;N/A;N/A;N/A;N/A;N/A;N/A;N/A;N/A;N/A;N/A;N/A;N/A;N/A;N/A;N/A;N/A;N/A;N/A;N/A;N/A;N/A;N/A;N/A;N/A;N/A;N/A;N/A;N/A;N/A;N/A;N/A;N/A;N/A;N/A;N/A;N/A;N/A;Sí;N/A;Sí;N/A;N/A;N/A;N/A;Sí;N/A;Sí;N/A;N/A;N/A;N/A;N/A;Sí;Sí;N/A;Sí;N/A;Sí;N/A;N/A;Sí;N/A;Sí
Nissan;Versa;"1.6 Advance";2020;"55000 km";;CRGA3161568;16100;;;;;"La Blanqueada";https://auto.mercadolibre.com.uy/MLU-635299039-nissan-versa-2020-16-advance-_JM;N/A;;"Nissan Versa 2020 1.6 Advance";usd;Sí;gold_premium;false;N/A;N/A;http://perfil.mercadolibre.com.uy/CRGA3161568;active;N/A;N/A;Usado;N/A;N/A;Hidráulica;Delantera;Sí;N/A;N/A;N/A;N/A;N/A;N/A;N/A;N/A;N/A;N/A;N/A;N/A;N/A;N/A;N/A;N/A;N/A;N/A;N/A;N/A;N/A;N/A;N/A;N/A;"2600 mm";"1.6 L";"41 L";5;N/A;N/A;N/A;N/A;N/A;N/A;N/A;N/A;N/A;N/A;N/A;N/A;N/A;N/A;N/A;N/A;N/A;N/A;N/A;N/A;N/A;N/A;N/A;N/A;N/A;N/A;N/A;N/A;N/A;N/A;N/A;N/A;N/A;Sí;Sí;N/A;N/A;N/A;N/A;N/A;N/A;N/A;N/A;N/A;N/A;"1506 mm";"4492 mm";N/A;N/A;N/A;N/A;5;"106 hp";Advance;N/A;4;"1695 mm";N/A;N/A;N/A;N/A;N/A;N/A;N/A;Sí;N/A;N/A;N/A;N/A;N/A;N/A;N/A;N/A;N/A;N/A;4;1.6;Nafta;Manual;Sedán;"Autos y camionetas";N/A;N/A;N/A;N/A;N/A;N/A;UY;N/A;N/A;N/A;N/A;N/A;N/A;N/A;N/A;N/A;N/A;N/A;N/A;N/A;N/A;N/A;N/A;N/A;N/A;N/A;N/A;N/A;N/A;N/A;N/A;N/A;N/A;N/A;N/A;N/A;N/A;N/A;N/A;N/A;N/A;N/A;N/A;N/A;N/A;N/A;N/A;N/A;N/A;N/A;N/A;N/A;N/A;N/A;N/A;N/A;N/A;N/A;N/A;N/A;N/A;N/A;N/A;N/A;N/A;N/A;N/A;N/A;N/A;N/A;N/A;N/A;N/A;N/A;N/A;N/A;N/A;N/A;N/A;N/A;N/A;N/A;N/A;N/A;N/A;N/A;N/A;N/A;N/A;N/A;N/A;N/A;N/A;N/A;N/A;N/A;Sí;N/A;Sí;N/A;N/A;N/A;N/A;Sí;N/A;Sí;N/A;N/A;N/A;N/A;N/A;N/A;Sí;N/A;Sí;N/A;N/A;N/A;N/A;Sí;N/A;N/A
Nissan;Kicks;"Exclusive Cvt";2024;"15000 km";;CORIOTO3;30900;;;;;Centro;https://auto.mercadolibre.com.uy/MLU-634771167-nissan-kicks-exclusive-cvt-_JM;N/A;;"Nissan Kicks Exclusive Cvt";USD;Sí;gold_premium;false;N/A;N/A;http://perfil.mercadolibre.com.uy/CORIOTO3;active;N/A;N/A;Usado;N/A;N/A;N/A;N/A;N/A;N/A;N/A;N/A;N/A;N/A;N/A;N/A;N/A;N/A;N/A;N/A;N/A;N/A;N/A;N/A;N/A;N/A;N/A;N/A;N/A;N/A;N/A;N/A;N/A;N/A;N/A;N/A;N/A;N/A;N/A;N/A;N/A;N/A;N/A;N/A;N/A;N/A;N/A;N/A;N/A;N/A;N/A;N/A;N/A;N/A;N/A;N/A;N/A;N/A;N/A;N/A;N/A;N/A;N/A;N/A;N/A;N/A;N/A;N/A;N/A;N/A;N/A;N/A;N/A;N/A;N/A;N/A;N/A;N/A;N/A;N/A;N/A;N/A;N/A;N/A;N/A;N/A;N/A;N/A;N/A;N/A;N/A;N/A;N/A;N/A;N/A;N/A;N/A;N/A;N/A;N/A;N/A;N/A;N/A;N/A;N/A;N/A;N/A;N/A;N/A;N/A;N/A;N/A;5;N/A;Nafta;N/A;N/A;"Autos y camionetas";N/A;N/A;N/A;N/A;N/A;N/A;N/A;N/A;N/A;N/A;N/A;N/A;N/A;N/A;N/A;N/A;N/A;N/A;N/A;N/A;N/A;N/A;N/A;N/A;N/A;N/A;N/A;N/A;N/A;N/A;N/A;N/A;N/A;N/A;N/A;N/A;N/A;N/A;N/A;N/A;N/A;N/A;N/A;N/A;N/A;N/A;N/A;N/A;N/A;N/A;N/A;N/A;N/A;N/A;N/A;N/A;N/A;N/A;N/A;N/A;N/A;N/A;N/A;N/A;N/A;N/A;N/A;N/A;N/A;N/A;N/A;N/A;N/A;N/A;N/A;N/A;N/A;N/A;N/A;N/A;N/A;N/A;N/A;N/A;N/A;N/A;N/A;N/A;N/A;N/A;N/A;N/A;N/A;N/A;N/A;N/A;N/A;N/A;N/A;N/A;N/A;N/A;N/A;N/A;N/A;N/A;N/A;N/A;N/A;N/A;N/A;N/A;N/A;N/A;N/A;N/A;N/A;N/A;N/A;N/A;N/A;N/A
Nissan;Versa;"1.6 Exclusive At";2021;"60000 km";;PAMA3256764;23000;;;;;Pocitos;https://auto.mercadolibre.com.uy/MLU-635242527-nissan-versa-2021-16-exclusive-at-_JM;N/A;;"Nissan Versa 2021 1.6 Exclusive At";usd;Sí;gold_premium;false;N/A;N/A;http://perfil.mercadolibre.com.uy/PAMA3256764;active;N/A;N/A;Usado;N/A;N/A;Hidráulica;Delantera;Sí;N/A;N/A;N/A;Sí;N/A;N/A;N/A;Sí;N/A;N/A;N/A;N/A;N/A;N/A;N/A;N/A;N/A;N/A;N/A;N/A;N/A;N/A;N/A;N/A;"2600 mm";"1.6 L";"41 L";4;N/A;N/A;N/A;N/A;N/A;N/A;N/A;N/A;N/A;N/A;N/A;N/A;N/A;N/A;N/A;N/A;N/A;N/A;N/A;N/A;N/A;N/A;N/A;N/A;N/A;N/A;N/A;N/A;N/A;N/A;N/A;N/A;N/A;Sí;Sí;N/A;N/A;N/A;N/A;N/A;N/A;N/A;N/A;N/A;N/A;"1506 mm";"4465 mm";N/A;N/A;N/A;N/A;5;"106 hp";Exclusive;N/A;4;"1695 mm";N/A;N/A;N/A;N/A;N/A;N/A;N/A;Sí;N/A;N/A;N/A;N/A;N/A;N/A;N/A;N/A;N/A;N/A;4;1.6;Nafta;Automática;Sedán;"Autos y camionetas";N/A;N/A;N/A;N/A;N/A;N/A;UY;N/A;N/A;N/A;N/A;N/A;N/A;N/A;N/A;N/A;N/A;N/A;N/A;N/A;N/A;N/A;N/A;N/A;N/A;N/A;N/A;N/A;N/A;N/A;N/A;N/A;N/A;N/A;N/A;N/A;N/A;N/A;N/A;N/A;N/A;N/A;N/A;N/A;N/A;N/A;N/A;N/A;N/A;N/A;N/A;N/A;N/A;N/A;N/A;N/A;N/A;N/A;N/A;N/A;N/A;N/A;N/A;N/A;N/A;N/A;N/A;N/A;N/A;N/A;N/A;N/A;N/A;N/A;N/A;N/A;N/A;N/A;N/A;N/A;N/A;N/A;N/A;N/A;N/A;N/A;N/A;N/A;N/A;N/A;N/A;N/A;N/A;N/A;N/A;N/A;Sí;N/A;Sí;N/A;N/A;N/A;N/A;Sí;N/A;Sí;N/A;N/A;N/A;N/A;N/A;N/A;Sí;N/A;Sí;N/A;N/A;N/A;N/A;Sí;N/A;N/A
Nissan;Qashqai;"Exclusive 4x40";2015;"85000 km";;NALO91;27000;;;;;"Punta Carretas";https://auto.mercadolibre.com.uy/MLU-635003881-nissan-qashqai-_JM;N/A;;"Nissan Qashqai";USD;Sí;gold_premium;false;N/A;N/A;http://perfil.mercadolibre.com.uy/NALO91;active;N/A;N/A;Usado;Gris;N/A;Eléctrica;4x4;Sí;Sí;N/A;N/A;N/A;Sí;N/A;N/A;Sí;N/A;N/A;N/A;Sí;N/A;Sí;N/A;N/A;N/A;N/A;N/A;N/A;N/A;N/A;N/A;N/A;N/A;N/A;N/A;N/A;N/A;N/A;N/A;N/A;N/A;Sí;N/A;N/A;N/A;N/A;N/A;N/A;N/A;N/A;N/A;N/A;N/A;N/A;N/A;N/A;N/A;N/A;N/A;N/A;N/A;N/A;N/A;N/A;N/A;No;N/A;N/A;N/A;N/A;N/A;N/A;N/A;N/A;N/A;N/A;N/A;N/A;N/A;N/A;N/A;N/A;N/A;N/A;N/A;N/A;N/A;N/A;N/A;N/A;N/A;N/A;N/A;N/A;Sí;N/A;Sí;Sí;N/A;Sí;Sí;N/A;Sí;N/A;N/A;Sí;Sí;N/A;N/A;Sí;N/A;5;N/A;Nafta;Automática;N/A;"Autos y camionetas";N/A;N/A;N/A;N/A;N/A;N/A;N/A;N/A;Sí;N/A;N/A;N/A;N/A;N/A;N/A;N/A;N/A;N/A;N/A;N/A;N/A;N/A;N/A;N/A;N/A;N/A;N/A;N/A;N/A;N/A;N/A;N/A;N/A;N/A;N/A;N/A;N/A;N/A;N/A;N/A;N/A;N/A;N/A;N/A;N/A;N/A;N/A;N/A;N/A;N/A;N/A;N/A;N/A;N/A;N/A;N/A;N/A;N/A;N/A;N/A;N/A;N/A;N/A;N/A;N/A;N/A;N/A;N/A;N/A;N/A;N/A;N/A;N/A;N/A;N/A;N/A;N/A;N/A;N/A;N/A;N/A;N/A;N/A;N/A;N/A;N/A;N/A;N/A;N/A;N/A;N/A;N/A;N/A;N/A;N/A;No;Sí;Sí;Sí;N/A;Sí;N/A;N/A;N/A;N/A;Sí;Sí;Sí;Sí;N/A;N/A;Sí;Sí;Sí;Sí;Sí;Sí;Sí;Sí;Sí;N/A;Sí
Nissan;Sentra;"1.8 Exclusive L4 Nav. Cvt";2013;"140000 km";;MOREIRAAGUSTIN20230615061502;14200;;;;;"La Blanqueada";https://auto.mercadolibre.com.uy/MLU-664256272-nissan-sentra-2013-18-exclusive-l4-nav-cvt-_JM;N/A;;"Nissan Sentra 2013 1.8 Exclusive L4 Nav. Cvt";usd;Sí;gold_premium;false;N/A;N/A;http://perfil.mercadolibre.com.uy/MOREIRAAGUSTIN20230615061502;active;N/A;N/A;Usado;N/A;N/A;Hidráulica;Delantera;Sí;N/A;N/A;N/A;Sí;N/A;N/A;N/A;N/A;N/A;N/A;N/A;N/A;N/A;N/A;N/A;N/A;N/A;N/A;N/A;N/A;N/A;N/A;N/A;N/A;N/A;"1.8 L";N/A;N/A;N/A;N/A;N/A;N/A;N/A;N/A;N/A;N/A;N/A;N/A;N/A;N/A;N/A;N/A;N/A;N/A;N/A;N/A;N/A;N/A;N/A;N/A;N/A;N/A;N/A;N/A;N/A;N/A;N/A;N/A;N/A;N/A;N/A;N/A;N/A;N/A;N/A;N/A;N/A;N/A;N/A;N/A;N/A;N/A;N/A;N/A;N/A;N/A;N/A;N/A;N/A;N/A;N/A;Exclusive;N/A;N/A;N/A;N/A;N/A;N/A;N/A;N/A;N/A;N/A;N/A;N/A;N/A;N/A;N/A;N/A;N/A;N/A;N/A;N/A;N/A;4;1.8;Nafta;Automática;Coupé;"Autos y camionetas";N/A;N/A;N/A;N/A;N/A;N/A;UY;N/A;N/A;N/A;N/A;N/A;N/A;N/A;N/A;N/A;N/A;N/A;N/A;N/A;N/A;N/A;N/A;N/A;N/A;N/A;N/A;N/A;N/A;N/A;N/A;N/A;N/A;N/A;N/A;N/A;N/A;N/A;N/A;N/A;N/A;N/A;N/A;N/A;N/A;N/A;N/A;N/A;N/A;N/A;N/A;N/A;N/A;N/A;N/A;N/A;N/A;N/A;N/A;N/A;N/A;N/A;N/A;N/A;N/A;N/A;N/A;N/A;N/A;N/A;N/A;N/A;N/A;N/A;N/A;N/A;N/A;N/A;N/A;N/A;N/A;N/A;N/A;N/A;N/A;N/A;N/A;N/A;N/A;N/A;N/A;N/A;N/A;N/A;N/A;N/A;Sí;N/A;N/A;N/A;N/A;N/A;N/A;N/A;N/A;N/A;N/A;N/A;N/A;N/A;N/A;N/A;N/A;N/A;Sí;N/A;N/A;N/A;N/A;N/A;N/A;N/A
Nissan;"Sunny B12";Lx;1998;"211381 km";;MAIZNICOLAS20220324022648;3200;;;;;Centro;https://auto.mercadolibre.com.uy/MLU-665523870-nissan-sunny-b12-lx-1992-b12-lx-_JM;N/A;;"Nissan Sunny B12 Lx 1992 B12 Lx";USD;Sí;gold_premium;false;N/A;N/A;http://perfil.mercadolibre.com.uy/MAIZNICOLAS20220324022648;active;N/A;N/A;Usado;N/A;N/A;N/A;N/A;N/A;N/A;N/A;N/A;N/A;N/A;N/A;N/A;N/A;N/A;N/A;N/A;N/A;N/A;N/A;N/A;N/A;N/A;N/A;N/A;N/A;N/A;N/A;N/A;N/A;N/A;N/A;N/A;N/A;N/A;N/A;N/A;N/A;N/A;N/A;N/A;N/A;N/A;N/A;N/A;N/A;N/A;N/A;N/A;N/A;N/A;N/A;N/A;N/A;N/A;N/A;N/A;N/A;N/A;N/A;N/A;N/A;N/A;N/A;N/A;N/A;N/A;N/A;N/A;N/A;N/A;N/A;N/A;N/A;N/A;N/A;N/A;N/A;N/A;N/A;N/A;N/A;N/A;N/A;N/A;N/A;N/A;N/A;N/A;N/A;N/A;N/A;N/A;N/A;N/A;N/A;N/A;N/A;N/A;N/A;N/A;N/A;N/A;N/A;N/A;N/A;N/A;N/A;N/A;4;N/A;Nafta;N/A;N/A;"Autos y camionetas";N/A;N/A;N/A;N/A;N/A;N/A;N/A;N/A;N/A;N/A;N/A;N/A;N/A;N/A;N/A;N/A;N/A;N/A;N/A;N/A;N/A;N/A;N/A;N/A;N/A;N/A;N/A;N/A;N/A;N/A;N/A;N/A;N/A;N/A;N/A;N/A;N/A;N/A;N/A;N/A;N/A;N/A;N/A;N/A;N/A;N/A;N/A;N/A;N/A;N/A;N/A;N/A;N/A;N/A;N/A;N/A;N/A;N/A;N/A;N/A;N/A;N/A;N/A;N/A;N/A;N/A;N/A;N/A;N/A;N/A;N/A;N/A;N/A;N/A;N/A;N/A;N/A;N/A;N/A;N/A;N/A;N/A;N/A;N/A;N/A;N/A;N/A;N/A;N/A;N/A;N/A;N/A;N/A;N/A;N/A;N/A;N/A;N/A;N/A;N/A;N/A;N/A;N/A;N/A;N/A;N/A;N/A;N/A;N/A;N/A;N/A;N/A;N/A;N/A;N/A;N/A;N/A;N/A;N/A;N/A;N/A;N/A
Nissan;Sentra;"Advance Cvt";2023;"0 km";;ALIANZAMOTORS;34990;;;;;Pocitos;https://auto.mercadolibre.com.uy/MLU-665173576-nissan-sentra-advance-cvt-_JM;N/A;;"Nissan Sentra Advance Cvt";USD;Sí;gold_premium;false;N/A;N/A;http://perfil.mercadolibre.com.uy/ALIANZAMOTORS;active;N/A;N/A;Nuevo;Gris;N/A;Eléctrica;Delantera;N/A;N/A;N/A;N/A;N/A;N/A;N/A;N/A;N/A;N/A;N/A;N/A;N/A;N/A;N/A;N/A;N/A;N/A;N/A;N/A;N/A;N/A;N/A;N/A;N/A;N/A;N/A;N/A;N/A;N/A;N/A;N/A;N/A;N/A;N/A;N/A;N/A;N/A;N/A;N/A;N/A;N/A;N/A;N/A;N/A;N/A;N/A;N/A;N/A;N/A;N/A;N/A;N/A;N/A;N/A;N/A;N/A;N/A;N/A;N/A;N/A;N/A;N/A;N/A;N/A;N/A;N/A;N/A;N/A;N/A;N/A;N/A;N/A;N/A;N/A;N/A;N/A;N/A;N/A;N/A;N/A;N/A;N/A;N/A;N/A;N/A;N/A;Sí;N/A;N/A;N/A;N/A;Sí;Sí;N/A;N/A;N/A;N/A;N/A;N/A;N/A;N/A;N/A;"LUNES A VIERNES DE 9 A 19 30";5;2.0;Nafta;"Automática secuencial";Sedán;"Autos y camionetas";N/A;N/A;N/A;N/A;N/A;N/A;N/A;N/A;N/A;N/A;N/A;N/A;N/A;N/A;N/A;N/A;N/A;N/A;N/A;N/A;N/A;N/A;N/A;N/A;N/A;N/A;N/A;N/A;N/A;N/A;N/A;N/A;N/A;N/A;N/A;N/A;N/A;N/A;N/A;N/A;N/A;N/A;N/A;N/A;N/A;N/A;N/A;N/A;N/A;N/A;N/A;N/A;N/A;N/A;N/A;N/A;N/A;N/A;N/A;N/A;N/A;N/A;N/A;N/A;N/A;N/A;N/A;N/A;N/A;N/A;N/A;N/A;N/A;N/A;N/A;N/A;N/A;N/A;N/A;N/A;N/A;N/A;N/A;N/A;N/A;N/A;N/A;N/A;N/A;N/A;N/A;N/A;N/A;N/A;N/A;N/A;No;N/A;N/A;N/A;N/A;N/A;N/A;N/A;N/A;N/A;N/A;N/A;N/A;N/A;N/A;N/A;N/A;N/A;N/A;N/A;N/A;N/A;N/A;N/A;N/A;N/A
Nissan;Frontier;"Frontier SE";2020;"72500 km";;NOTEBOOK12008;23000;;;;;"Punta Carretas";https://auto.mercadolibre.com.uy/MLU-665032574-nissan-frontier-frontier-se-_JM;N/A;;"Nissan Frontier Frontier Se";USD;Sí;gold_premium;false;N/A;N/A;http://perfil.mercadolibre.com.uy/NOTEBOOK12008;active;N/A;N/A;Usado;N/A;N/A;N/A;N/A;N/A;N/A;N/A;N/A;N/A;N/A;N/A;N/A;N/A;N/A;N/A;N/A;N/A;N/A;N/A;N/A;N/A;N/A;N/A;N/A;N/A;N/A;N/A;N/A;N/A;N/A;N/A;N/A;N/A;N/A;N/A;N/A;N/A;N/A;N/A;N/A;N/A;N/A;N/A;N/A;N/A;N/A;N/A;N/A;N/A;N/A;N/A;N/A;N/A;N/A;N/A;N/A;N/A;N/A;N/A;N/A;N/A;N/A;N/A;N/A;N/A;N/A;N/A;N/A;N/A;N/A;N/A;N/A;N/A;N/A;N/A;N/A;N/A;N/A;N/A;N/A;N/A;N/A;N/A;N/A;N/A;N/A;N/A;N/A;N/A;N/A;N/A;N/A;N/A;N/A;N/A;N/A;N/A;N/A;N/A;N/A;N/A;N/A;N/A;N/A;N/A;N/A;N/A;N/A;4;N/A;Nafta;N/A;N/A;"Autos y camionetas";N/A;N/A;N/A;N/A;N/A;N/A;N/A;N/A;N/A;N/A;N/A;N/A;N/A;N/A;N/A;N/A;N/A;N/A;N/A;N/A;N/A;N/A;N/A;N/A;N/A;N/A;N/A;N/A;N/A;N/A;N/A;N/A;N/A;N/A;N/A;N/A;N/A;N/A;N/A;N/A;N/A;N/A;N/A;N/A;N/A;N/A;N/A;N/A;N/A;N/A;N/A;N/A;N/A;N/A;N/A;N/A;N/A;N/A;N/A;N/A;N/A;N/A;N/A;N/A;N/A;N/A;N/A;N/A;N/A;N/A;N/A;N/A;N/A;N/A;N/A;N/A;N/A;N/A;N/A;N/A;N/A;N/A;N/A;N/A;N/A;N/A;N/A;N/A;N/A;N/A;N/A;N/A;N/A;N/A;N/A;N/A;N/A;N/A;N/A;N/A;N/A;N/A;N/A;N/A;N/A;N/A;N/A;N/A;N/A;N/A;N/A;N/A;N/A;N/A;N/A;N/A;N/A;N/A;N/A;N/A;N/A;N/A
Nissan;Note;"1.6 Advance Mt";2015;"71000 km";;DGMMOTORS;12990;;;;;Malvin;https://auto.mercadolibre.com.uy/MLU-666093128-nissan-note-16-advance-mt-_JM;N/A;;"Nissan Note 1.6 Advance Mt";USD;Sí;gold_premium;false;N/A;N/A;http://perfil.mercadolibre.com.uy/DGMMOTORS;active;N/A;N/A;Usado;N/A;N/A;N/A;N/A;N/A;N/A;N/A;N/A;N/A;N/A;N/A;N/A;N/A;N/A;N/A;N/A;N/A;N/A;N/A;N/A;N/A;N/A;N/A;N/A;N/A;N/A;N/A;N/A;N/A;N/A;N/A;N/A;N/A;N/A;N/A;N/A;N/A;N/A;N/A;N/A;N/A;N/A;N/A;N/A;N/A;N/A;N/A;N/A;N/A;N/A;N/A;N/A;N/A;N/A;N/A;N/A;N/A;N/A;N/A;N/A;N/A;N/A;N/A;N/A;N/A;N/A;N/A;N/A;N/A;N/A;N/A;N/A;N/A;N/A;N/A;N/A;N/A;N/A;N/A;N/A;N/A;N/A;N/A;N/A;N/A;N/A;N/A;N/A;N/A;N/A;N/A;N/A;N/A;N/A;N/A;N/A;N/A;N/A;N/A;N/A;N/A;N/A;N/A;N/A;N/A;N/A;N/A;N/A;5;N/A;Nafta;N/A;N/A;"Autos y camionetas";N/A;N/A;N/A;N/A;N/A;N/A;N/A;N/A;N/A;N/A;N/A;N/A;N/A;N/A;N/A;N/A;N/A;N/A;N/A;N/A;N/A;N/A;N/A;N/A;N/A;N/A;N/A;N/A;N/A;N/A;N/A;N/A;N/A;N/A;N/A;N/A;N/A;N/A;N/A;N/A;N/A;N/A;N/A;N/A;N/A;N/A;N/A;N/A;N/A;N/A;N/A;N/A;N/A;N/A;N/A;N/A;N/A;N/A;N/A;N/A;N/A;N/A;N/A;N/A;N/A;N/A;N/A;N/A;N/A;N/A;N/A;N/A;N/A;N/A;N/A;N/A;N/A;N/A;N/A;N/A;N/A;N/A;N/A;N/A;N/A;N/A;N/A;N/A;N/A;N/A;N/A;N/A;N/A;N/A;N/A;N/A;N/A;N/A;N/A;N/A;N/A;N/A;N/A;N/A;N/A;N/A;N/A;N/A;N/A;N/A;N/A;N/A;N/A;N/A;N/A;N/A;N/A;N/A;N/A;N/A;N/A;N/A
Nissan;Sentra;"la viuda";2014;"150000 km";;LEONIDAPOLIDA;8000;;;;;Maldonado;https://auto.mercadolibre.com.uy/MLU-664051306-nissan-sentra-sentra-sr-cvt-_JM;N/A;;"Nissan Sentra Sentra Sr Cvt";USD;Sí;gold_premium;false;N/A;N/A;http://perfil.mercadolibre.com.uy/LEONIDAPOLIDA;active;N/A;N/A;Usado;N/A;N/A;N/A;N/A;N/A;N/A;N/A;N/A;N/A;N/A;N/A;N/A;N/A;N/A;N/A;N/A;N/A;N/A;N/A;N/A;N/A;N/A;N/A;N/A;N/A;N/A;N/A;N/A;N/A;N/A;N/A;N/A;N/A;N/A;N/A;N/A;N/A;N/A;N/A;N/A;N/A;N/A;N/A;N/A;N/A;N/A;N/A;N/A;N/A;N/A;N/A;N/A;N/A;N/A;N/A;N/A;N/A;N/A;N/A;N/A;N/A;N/A;N/A;N/A;N/A;N/A;N/A;N/A;N/A;N/A;N/A;N/A;N/A;N/A;N/A;N/A;N/A;N/A;N/A;N/A;N/A;N/A;N/A;N/A;N/A;N/A;N/A;N/A;N/A;N/A;N/A;N/A;N/A;N/A;N/A;N/A;N/A;N/A;N/A;N/A;N/A;N/A;N/A;N/A;N/A;N/A;N/A;N/A;5;N/A;Nafta;N/A;N/A;"Autos y camionetas";N/A;N/A;N/A;N/A;N/A;N/A;N/A;N/A;N/A;N/A;N/A;N/A;N/A;N/A;N/A;N/A;N/A;N/A;N/A;N/A;N/A;N/A;N/A;N/A;N/A;N/A;N/A;N/A;N/A;N/A;N/A;N/A;N/A;N/A;N/A;N/A;N/A;N/A;N/A;N/A;N/A;N/A;N/A;N/A;N/A;N/A;N/A;N/A;N/A;N/A;N/A;N/A;N/A;N/A;N/A;N/A;N/A;N/A;N/A;N/A;N/A;N/A;N/A;N/A;N/A;N/A;N/A;N/A;N/A;N/A;N/A;N/A;N/A;N/A;N/A;N/A;N/A;N/A;N/A;N/A;N/A;N/A;N/A;N/A;N/A;N/A;N/A;N/A;N/A;N/A;N/A;N/A;N/A;N/A;N/A;N/A;N/A;N/A;N/A;N/A;N/A;N/A;N/A;N/A;N/A;N/A;N/A;N/A;N/A;N/A;N/A;N/A;N/A;N/A;N/A;N/A;N/A;N/A;N/A;N/A;N/A;N/A
Nissan;Versa;"1.6 Full";2013;"163000 km";;CAROLINAFILLAT;11000;;;;;Durazno;https://auto.mercadolibre.com.uy/MLU-663979026-nissan-versa-16-full-_JM;N/A;;"Nissan Versa 1.6 Full";USD;Sí;gold_premium;false;N/A;N/A;http://perfil.mercadolibre.com.uy/CAROLINAFILLAT;active;N/A;N/A;Usado;N/A;N/A;N/A;N/A;N/A;N/A;N/A;N/A;N/A;N/A;N/A;N/A;N/A;N/A;N/A;N/A;N/A;N/A;N/A;N/A;N/A;N/A;N/A;N/A;N/A;N/A;N/A;N/A;N/A;N/A;N/A;N/A;N/A;N/A;N/A;N/A;N/A;N/A;N/A;N/A;N/A;N/A;N/A;N/A;N/A;N/A;N/A;N/A;N/A;N/A;N/A;N/A;N/A;N/A;N/A;N/A;N/A;N/A;N/A;N/A;N/A;N/A;N/A;N/A;N/A;N/A;N/A;N/A;N/A;N/A;N/A;N/A;N/A;N/A;N/A;N/A;N/A;N/A;N/A;N/A;N/A;N/A;N/A;N/A;N/A;N/A;N/A;N/A;N/A;N/A;N/A;N/A;N/A;N/A;N/A;N/A;N/A;N/A;N/A;N/A;N/A;N/A;N/A;N/A;N/A;N/A;N/A;N/A;4;N/A;Nafta;N/A;N/A;"Autos y camionetas";N/A;N/A;N/A;N/A;N/A;N/A;N/A;N/A;N/A;N/A;N/A;N/A;N/A;N/A;N/A;N/A;N/A;N/A;N/A;N/A;N/A;N/A;N/A;N/A;N/A;N/A;N/A;N/A;N/A;N/A;N/A;N/A;N/A;N/A;N/A;N/A;N/A;N/A;N/A;N/A;N/A;N/A;N/A;N/A;N/A;N/A;N/A;N/A;N/A;N/A;N/A;N/A;N/A;N/A;N/A;N/A;N/A;N/A;N/A;N/A;N/A;N/A;N/A;N/A;N/A;N/A;N/A;N/A;N/A;N/A;N/A;N/A;N/A;N/A;N/A;N/A;N/A;N/A;N/A;N/A;N/A;N/A;N/A;N/A;N/A;N/A;N/A;N/A;N/A;N/A;N/A;N/A;N/A;N/A;N/A;N/A;N/A;N/A;N/A;N/A;N/A;N/A;N/A;N/A;N/A;N/A;N/A;N/A;N/A;N/A;N/A;N/A;N/A;N/A;N/A;N/A;N/A;N/A;N/A;N/A;N/A;N/A
Nissan;Kicks;"1.6 Exclusive At";2019;"64700 km";;ABRE1;22990;;;;;Pocitos;https://auto.mercadolibre.com.uy/MLU-666118558-nissan-_JM;N/A;;Nissan;usd;Sí;gold_premium;false;N/A;N/A;http://perfil.mercadolibre.com.uy/ABRE1;active;N/A;N/A;Usado;Plateado;N/A;Hidráulica;Delantera;Sí;N/A;N/A;N/A;N/A;N/A;N/A;N/A;Sí;N/A;N/A;N/A;N/A;N/A;N/A;N/A;N/A;N/A;N/A;N/A;N/A;N/A;N/A;N/A;N/A;"2620 mm";"1.6 L";"50 L";N/A;N/A;N/A;N/A;N/A;N/A;N/A;N/A;N/A;N/A;N/A;N/A;N/A;N/A;N/A;N/A;N/A;N/A;N/A;N/A;N/A;N/A;N/A;N/A;N/A;N/A;N/A;N/A;N/A;N/A;N/A;N/A;N/A;N/A;Sí;Sí;N/A;N/A;Sí;N/A;N/A;N/A;N/A;N/A;N/A;N/A;"1590 mm";"4295 mm";N/A;N/A;N/A;N/A;5;"118 hp";Exclusive;N/A;4;"1760 mm";N/A;N/A;N/A;N/A;N/A;N/A;N/A;N/A;N/A;N/A;N/A;N/A;N/A;N/A;N/A;N/A;N/A;N/A;5;1.6;Nafta;Automática;SUV;"Autos y camionetas";N/A;N/A;N/A;N/A;N/A;N/A;UY;N/A;N/A;N/A;N/A;N/A;N/A;N/A;N/A;N/A;N/A;N/A;N/A;N/A;N/A;N/A;N/A;N/A;N/A;N/A;N/A;N/A;N/A;N/A;N/A;N/A;N/A;N/A;N/A;N/A;N/A;N/A;N/A;N/A;N/A;N/A;N/A;N/A;N/A;N/A;N/A;N/A;N/A;N/A;N/A;N/A;N/A;N/A;N/A;N/A;N/A;N/A;N/A;N/A;N/A;N/A;N/A;N/A;N/A;N/A;N/A;N/A;N/A;N/A;N/A;N/A;N/A;N/A;N/A;N/A;N/A;N/A;N/A;N/A;N/A;N/A;N/A;N/A;N/A;N/A;N/A;N/A;N/A;N/A;N/A;N/A;N/A;N/A;N/A;N/A;Sí;N/A;Sí;N/A;N/A;N/A;N/A;N/A;N/A;Sí;N/A;N/A;N/A;N/A;N/A;Sí;Sí;N/A;Sí;N/A;N/A;N/A;N/A;Sí;N/A;Sí
Nissan;Frontier;"NP300 4x4 LE 6Mt";2018;"200000 km";;JP2014JP;27500;;;;;Centro;https://auto.mercadolibre.com.uy/MLU-665902760-nissan-frontier-np300-4x4-le-6mt-_JM;N/A;;"Nissan Frontier Np300 4x4 Le 6mt";USD;Sí;gold_premium;false;N/A;N/A;http://perfil.mercadolibre.com.uy/JP2014JP;active;N/A;N/A;Usado;N/A;N/A;N/A;N/A;N/A;N/A;N/A;N/A;N/A;N/A;N/A;N/A;N/A;N/A;N/A;N/A;N/A;N/A;N/A;N/A;N/A;N/A;N/A;N/A;N/A;N/A;N/A;N/A;N/A;N/A;N/A;N/A;N/A;N/A;N/A;N/A;N/A;N/A;N/A;N/A;N/A;N/A;N/A;N/A;N/A;N/A;N/A;N/A;N/A;N/A;N/A;N/A;N/A;N/A;N/A;N/A;N/A;N/A;N/A;N/A;N/A;N/A;N/A;N/A;N/A;N/A;N/A;N/A;N/A;N/A;N/A;N/A;N/A;N/A;N/A;N/A;N/A;N/A;N/A;N/A;N/A;N/A;N/A;N/A;N/A;N/A;N/A;N/A;N/A;N/A;N/A;N/A;N/A;N/A;N/A;N/A;N/A;N/A;N/A;N/A;N/A;N/A;N/A;N/A;N/A;N/A;N/A;N/A;4;N/A;Diésel;N/A;N/A;"Autos y camionetas";N/A;N/A;N/A;N/A;N/A;N/A;N/A;N/A;N/A;N/A;N/A;N/A;N/A;N/A;N/A;N/A;N/A;N/A;N/A;N/A;N/A;N/A;N/A;N/A;N/A;N/A;N/A;N/A;N/A;N/A;N/A;N/A;N/A;N/A;N/A;N/A;N/A;N/A;N/A;N/A;N/A;N/A;N/A;N/A;N/A;N/A;N/A;N/A;N/A;N/A;N/A;N/A;N/A;N/A;N/A;N/A;N/A;N/A;N/A;N/A;N/A;N/A;N/A;N/A;N/A;N/A;N/A;N/A;N/A;N/A;N/A;N/A;N/A;N/A;N/A;N/A;N/A;N/A;N/A;N/A;N/A;N/A;N/A;N/A;N/A;N/A;N/A;N/A;N/A;N/A;N/A;N/A;N/A;N/A;N/A;N/A;N/A;N/A;N/A;N/A;N/A;N/A;N/A;N/A;N/A;N/A;N/A;N/A;N/A;N/A;N/A;N/A;N/A;N/A;N/A;N/A;N/A;N/A;N/A;N/A;N/A;N/A
Nissan;Note;"1.6 Advance Cvt";2016;"107000 km";;POSTIGLIONEDANILO;15000;;;;;Pocitos;https://auto.mercadolibre.com.uy/MLU-665958552-nissan-note-2016-16-advance-cvt-_JM;N/A;;"Nissan Note 2016 1.6 Advance Cvt";usd;Sí;gold_premium;false;N/A;N/A;http://perfil.mercadolibre.com.uy/POSTIGLIONEDANILO;active;N/A;N/A;Usado;N/A;N/A;Hidráulica;Delantera;Sí;N/A;N/A;N/A;N/A;N/A;N/A;N/A;N/A;N/A;N/A;N/A;N/A;N/A;N/A;N/A;N/A;N/A;N/A;N/A;N/A;N/A;N/A;N/A;N/A;"2600 mm";"1.6 L";"41 L";N/A;N/A;N/A;N/A;N/A;N/A;N/A;N/A;N/A;N/A;N/A;N/A;N/A;N/A;N/A;N/A;N/A;N/A;N/A;N/A;N/A;N/A;N/A;N/A;N/A;N/A;N/A;N/A;N/A;N/A;N/A;N/A;N/A;N/A;Sí;Sí;N/A;N/A;N/A;N/A;N/A;N/A;N/A;N/A;N/A;N/A;"1535 mm";"4150 mm";N/A;N/A;N/A;N/A;5;"109 hp";Advance;N/A;4;N/A;N/A;N/A;N/A;N/A;N/A;N/A;N/A;Sí;N/A;N/A;N/A;N/A;N/A;N/A;N/A;N/A;N/A;N/A;5;1.6;Nafta;Automática;Hatchback;"Autos y camionetas";N/A;N/A;N/A;N/A;N/A;N/A;UY;N/A;N/A;N/A;N/A;N/A;N/A;N/A;N/A;N/A;N/A;N/A;N/A;N/A;N/A;N/A;N/A;N/A;N/A;N/A;N/A;N/A;N/A;N/A;N/A;N/A;N/A;N/A;N/A;N/A;N/A;N/A;N/A;N/A;N/A;N/A;N/A;N/A;N/A;N/A;N/A;N/A;N/A;N/A;N/A;N/A;N/A;N/A;N/A;N/A;N/A;N/A;N/A;N/A;N/A;N/A;N/A;N/A;N/A;N/A;N/A;N/A;N/A;N/A;N/A;N/A;N/A;N/A;N/A;N/A;N/A;N/A;N/A;N/A;N/A;N/A;N/A;N/A;N/A;N/A;N/A;N/A;N/A;N/A;N/A;N/A;N/A;N/A;N/A;N/A;Sí;N/A;Sí;N/A;N/A;N/A;N/A;Sí;N/A;Sí;N/A;N/A;N/A;N/A;N/A;N/A;Sí;N/A;Sí;N/A;N/A;N/A;N/A;Sí;N/A;N/A
Nissan;"Frontier LE";"Doble Cabina 4X2";2010;"237000 km";;"LA MONY15";23800;;;;;Maroñas;https://auto.mercadolibre.com.uy/MLU-664122824-nissan-navara-diesel-ano-2010-_JM;N/A;;"Nissan Navara Diesel Año 2010";USD;Sí;gold_premium;false;N/A;N/A;http://perfil.mercadolibre.com.uy/LA+MONY15;active;N/A;N/A;Usado;Azul;N/A;Hidráulica;N/A;N/A;Sí;N/A;N/A;N/A;N/A;N/A;N/A;N/A;N/A;N/A;N/A;N/A;N/A;N/A;N/A;N/A;N/A;N/A;N/A;N/A;N/A;N/A;N/A;N/A;N/A;N/A;N/A;N/A;N/A;N/A;N/A;N/A;N/A;N/A;N/A;N/A;N/A;N/A;N/A;N/A;N/A;N/A;N/A;N/A;N/A;N/A;N/A;N/A;N/A;N/A;N/A;N/A;N/A;N/A;N/A;N/A;N/A;N/A;N/A;N/A;N/A;N/A;N/A;N/A;N/A;N/A;N/A;N/A;N/A;N/A;N/A;N/A;N/A;N/A;N/A;N/A;N/A;N/A;N/A;N/A;N/A;N/A;N/A;N/A;N/A;N/A;N/A;N/A;N/A;N/A;N/A;N/A;N/A;N/A;N/A;N/A;N/A;No;N/A;N/A;N/A;N/A;"09-19HS PABLO";4;N/A;Diésel;N/A;N/A;"Autos y camionetas";N/A;N/A;N/A;N/A;N/A;N/A;N/A;N/A;N/A;N/A;N/A;N/A;N/A;N/A;N/A;N/A;N/A;N/A;N/A;N/A;N/A;N/A;N/A;N/A;N/A;N/A;N/A;N/A;N/A;N/A;N/A;N/A;N/A;N/A;N/A;N/A;N/A;N/A;N/A;N/A;N/A;N/A;N/A;N/A;N/A;N/A;N/A;N/A;N/A;N/A;N/A;N/A;N/A;N/A;N/A;N/A;N/A;N/A;N/A;N/A;N/A;N/A;N/A;N/A;N/A;N/A;N/A;N/A;N/A;N/A;N/A;N/A;N/A;N/A;N/A;N/A;N/A;N/A;N/A;N/A;N/A;N/A;N/A;N/A;N/A;N/A;N/A;N/A;N/A;N/A;N/A;N/A;N/A;N/A;N/A;N/A;Sí;Sí;N/A;N/A;Sí;N/A;N/A;N/A;N/A;Sí;N/A;Sí;Sí;N/A;N/A;Sí;N/A;Sí;N/A;N/A;N/A;N/A;N/A;N/A;N/A;N/A
Nissan;D-21;"Doble Cabina";1998;"550000 km";;GOMA6072353;11500;;;;;Durazno;https://auto.mercadolibre.com.uy/MLU-635404821-nissan-d21-doble-cabina-_JM;N/A;;"Nissan D21 Doble Cabina ";USD;No;gold_premium;false;N/A;N/A;http://perfil.mercadolibre.com.uy/GOMA6072353;active;N/A;N/A;Usado;N/A;N/A;N/A;N/A;N/A;N/A;N/A;N/A;N/A;N/A;N/A;N/A;N/A;N/A;N/A;N/A;N/A;N/A;N/A;N/A;N/A;N/A;N/A;N/A;N/A;N/A;N/A;N/A;N/A;N/A;N/A;N/A;N/A;N/A;N/A;N/A;N/A;N/A;N/A;N/A;N/A;N/A;N/A;N/A;N/A;N/A;N/A;N/A;N/A;N/A;N/A;N/A;N/A;N/A;N/A;N/A;N/A;N/A;N/A;N/A;N/A;N/A;N/A;N/A;N/A;N/A;N/A;N/A;N/A;N/A;N/A;N/A;N/A;N/A;N/A;N/A;N/A;N/A;N/A;N/A;N/A;N/A;N/A;N/A;N/A;N/A;N/A;N/A;N/A;N/A;N/A;N/A;N/A;N/A;N/A;N/A;N/A;N/A;N/A;N/A;N/A;N/A;N/A;N/A;N/A;N/A;N/A;N/A;4;N/A;Diésel;N/A;N/A;"Autos y camionetas";N/A;N/A;N/A;N/A;N/A;N/A;N/A;N/A;N/A;N/A;N/A;N/A;N/A;N/A;N/A;N/A;N/A;N/A;N/A;N/A;N/A;N/A;N/A;N/A;N/A;N/A;N/A;N/A;N/A;N/A;N/A;N/A;N/A;N/A;N/A;N/A;N/A;N/A;N/A;N/A;N/A;N/A;N/A;N/A;N/A;N/A;N/A;N/A;N/A;N/A;N/A;N/A;N/A;N/A;N/A;N/A;N/A;N/A;N/A;N/A;N/A;N/A;N/A;N/A;N/A;N/A;N/A;N/A;N/A;N/A;N/A;N/A;N/A;N/A;N/A;N/A;N/A;N/A;N/A;N/A;N/A;N/A;N/A;N/A;N/A;N/A;N/A;N/A;N/A;N/A;N/A;N/A;N/A;N/A;N/A;N/A;N/A;N/A;N/A;N/A;N/A;N/A;N/A;N/A;N/A;N/A;N/A;N/A;N/A;N/A;N/A;N/A;N/A;N/A;N/A;N/A;N/A;N/A;N/A;N/A;N/A;N/A
Nissan;"NP300 Frontier";"2.5 Se Doble Cabina";2019;"70000 km";;BLANCO2012;23500;;;;;Cordón;https://auto.mercadolibre.com.uy/MLU-666255142-nissan-np300-frontier-25-se-nafta-doble-cabina-_JM;N/A;;"Nissan Np300 Frontier 2.5 Se Nafta Doble Cabina";usd;Sí;gold_premium;false;N/A;N/A;http://perfil.mercadolibre.com.uy/BLANCO2012;active;N/A;N/A;Usado;Gris;N/A;Hidráulica;4x2;Sí;N/A;N/A;N/A;N/A;N/A;N/A;N/A;N/A;N/A;N/A;N/A;N/A;N/A;N/A;N/A;N/A;N/A;N/A;N/A;N/A;N/A;N/A;N/A;N/A;"3150 mm";"2.5 L";"80 L";6;N/A;N/A;N/A;N/A;N/A;N/A;N/A;N/A;N/A;N/A;N/A;N/A;N/A;N/A;N/A;N/A;N/A;N/A;N/A;N/A;N/A;N/A;N/A;N/A;N/A;N/A;N/A;N/A;N/A;N/A;N/A;N/A;N/A;Sí;Sí;N/A;N/A;N/A;N/A;N/A;N/A;N/A;N/A;N/A;N/A;"1860 mm";"5258 mm";N/A;N/A;N/A;N/A;N/A;"120 hp";Se;N/A;4;"1850 mm";N/A;N/A;N/A;N/A;N/A;N/A;N/A;N/A;N/A;N/A;N/A;N/A;N/A;N/A;N/A;N/A;N/A;N/A;4;2.5;Nafta;Manual;Pick-Up;"Autos y camionetas";N/A;N/A;N/A;N/A;N/A;N/A;UY;N/A;N/A;N/A;N/A;N/A;N/A;N/A;N/A;N/A;N/A;N/A;N/A;N/A;N/A;N/A;N/A;N/A;N/A;N/A;N/A;N/A;N/A;N/A;N/A;N/A;N/A;N/A;N/A;N/A;N/A;N/A;N/A;N/A;N/A;N/A;N/A;N/A;N/A;N/A;N/A;N/A;N/A;N/A;N/A;N/A;N/A;N/A;N/A;N/A;N/A;N/A;N/A;N/A;N/A;N/A;N/A;N/A;N/A;N/A;N/A;N/A;N/A;N/A;N/A;N/A;N/A;N/A;N/A;N/A;N/A;N/A;N/A;N/A;N/A;N/A;N/A;N/A;N/A;N/A;N/A;N/A;N/A;N/A;N/A;N/A;N/A;N/A;N/A;N/A;Sí;N/A;N/A;N/A;N/A;N/A;N/A;N/A;N/A;Sí;N/A;N/A;N/A;N/A;N/A;N/A;N/A;N/A;Sí;N/A;N/A;N/A;N/A;N/A;N/A;N/A
Nissan;Kicks;Advance;2024;"13000 km";;LUISMILIAN;27000;;;;;Lagomar;https://auto.mercadolibre.com.uy/MLU-666215912-nissan-kicks-advance-_JM;N/A;;"Nissan Kicks Advance";USD;Sí;gold_premium;false;N/A;N/A;http://perfil.mercadolibre.com.uy/LUISMILIAN;active;N/A;N/A;Usado;N/A;N/A;N/A;N/A;N/A;N/A;N/A;N/A;N/A;N/A;N/A;N/A;N/A;N/A;N/A;N/A;N/A;N/A;N/A;N/A;N/A;N/A;N/A;N/A;N/A;N/A;N/A;N/A;N/A;N/A;N/A;N/A;N/A;N/A;N/A;N/A;N/A;N/A;N/A;N/A;N/A;N/A;N/A;N/A;N/A;N/A;N/A;N/A;N/A;N/A;N/A;N/A;N/A;N/A;N/A;N/A;N/A;N/A;N/A;N/A;N/A;N/A;N/A;N/A;N/A;N/A;N/A;N/A;N/A;N/A;N/A;N/A;N/A;N/A;N/A;N/A;N/A;N/A;N/A;N/A;N/A;N/A;N/A;N/A;N/A;N/A;N/A;N/A;N/A;N/A;N/A;N/A;N/A;N/A;N/A;N/A;N/A;N/A;N/A;N/A;N/A;N/A;N/A;N/A;N/A;N/A;N/A;N/A;5;N/A;Nafta;N/A;N/A;"Autos y camionetas";N/A;N/A;N/A;N/A;N/A;N/A;N/A;N/A;N/A;N/A;N/A;N/A;N/A;N/A;N/A;N/A;N/A;N/A;N/A;N/A;N/A;N/A;N/A;N/A;N/A;N/A;N/A;N/A;N/A;N/A;N/A;N/A;N/A;N/A;N/A;N/A;N/A;N/A;N/A;N/A;N/A;N/A;N/A;N/A;N/A;N/A;N/A;N/A;N/A;N/A;N/A;N/A;N/A;N/A;N/A;N/A;N/A;N/A;N/A;N/A;N/A;N/A;N/A;N/A;N/A;N/A;N/A;N/A;N/A;N/A;N/A;N/A;N/A;N/A;N/A;N/A;N/A;N/A;N/A;N/A;N/A;N/A;N/A;N/A;N/A;N/A;N/A;N/A;N/A;N/A;N/A;N/A;N/A;N/A;N/A;N/A;N/A;N/A;N/A;N/A;N/A;N/A;N/A;N/A;N/A;N/A;N/A;N/A;N/A;N/A;N/A;N/A;N/A;N/A;N/A;N/A;N/A;N/A;N/A;N/A;N/A;N/A
Nissan;Note;"1.6 Advance Mt";2019;"47000 km";;"BAUL GITANO";16490;;;;;Malvin;https://auto.mercadolibre.com.uy/MLU-665438448-nissan-note-2019-16-advance-mt-_JM;N/A;;"Nissan Note 2019 1.6 Advance Mt";usd;Sí;gold_premium;false;N/A;N/A;http://perfil.mercadolibre.com.uy/BAUL+GITANO;active;N/A;N/A;Usado;N/A;N/A;Hidráulica;Delantera;Sí;N/A;N/A;N/A;N/A;N/A;N/A;N/A;N/A;N/A;N/A;N/A;N/A;N/A;N/A;N/A;N/A;N/A;N/A;N/A;N/A;N/A;N/A;N/A;N/A;"2600 mm";"1.6 L";"41 L";5;N/A;N/A;N/A;N/A;N/A;N/A;N/A;N/A;N/A;N/A;N/A;N/A;N/A;N/A;N/A;N/A;N/A;N/A;N/A;N/A;N/A;N/A;N/A;N/A;N/A;N/A;N/A;N/A;N/A;N/A;N/A;N/A;N/A;Sí;Sí;N/A;N/A;N/A;N/A;N/A;N/A;N/A;N/A;N/A;N/A;"1535 mm";"4150 mm";N/A;N/A;N/A;N/A;5;"109 hp";Advance;N/A;2;N/A;N/A;N/A;N/A;N/A;N/A;N/A;N/A;Sí;N/A;N/A;N/A;N/A;N/A;N/A;N/A;N/A;N/A;N/A;5;1.6;Nafta;Manual;Hatchback;"Autos y camionetas";N/A;N/A;N/A;N/A;N/A;N/A;UY;N/A;N/A;N/A;N/A;N/A;N/A;N/A;N/A;N/A;N/A;N/A;N/A;N/A;N/A;N/A;N/A;N/A;N/A;N/A;N/A;N/A;N/A;N/A;N/A;N/A;N/A;N/A;N/A;N/A;N/A;N/A;N/A;N/A;N/A;N/A;N/A;N/A;N/A;N/A;N/A;N/A;N/A;N/A;N/A;N/A;N/A;N/A;N/A;N/A;N/A;N/A;N/A;N/A;N/A;N/A;N/A;N/A;N/A;N/A;N/A;N/A;N/A;N/A;N/A;N/A;N/A;N/A;N/A;N/A;N/A;N/A;N/A;N/A;N/A;N/A;N/A;N/A;N/A;N/A;N/A;N/A;N/A;N/A;N/A;N/A;N/A;N/A;N/A;N/A;Sí;N/A;Sí;N/A;N/A;N/A;N/A;N/A;N/A;Sí;N/A;N/A;N/A;N/A;N/A;N/A;Sí;N/A;Sí;N/A;N/A;N/A;N/A;Sí;N/A;N/A
Nissan;Sentra;"1.8 Sr Extra At";2022;"44000 km";;RR6;30700;;;;;"Ciudad Vieja";https://auto.mercadolibre.com.uy/MLU-665174370-nissan-sentra-sr-2022-_JM;N/A;;"Nissan Sentra Sr 2022";usd;Sí;gold_premium;false;N/A;N/A;http://perfil.mercadolibre.com.uy/RR6;active;N/A;N/A;Usado;Blanco;N/A;Hidráulica;Delantera;Sí;N/A;N/A;N/A;N/A;N/A;N/A;N/A;N/A;N/A;N/A;N/A;N/A;N/A;N/A;N/A;N/A;N/A;N/A;N/A;N/A;N/A;N/A;N/A;N/A;"2700 mm";"1.8 L";"52 L";N/A;N/A;N/A;N/A;N/A;N/A;N/A;N/A;N/A;N/A;N/A;N/A;N/A;N/A;N/A;N/A;N/A;N/A;N/A;N/A;N/A;N/A;N/A;N/A;N/A;N/A;N/A;N/A;N/A;N/A;N/A;N/A;N/A;N/A;Sí;Sí;N/A;N/A;N/A;N/A;N/A;N/A;N/A;N/A;N/A;N/A;"1505 mm";"4636 mm";N/A;N/A;N/A;N/A;5;"129 hp";Sense;N/A;2;"1761 mm";N/A;N/A;N/A;N/A;N/A;N/A;N/A;Sí;N/A;N/A;N/A;N/A;N/A;N/A;N/A;N/A;N/A;N/A;4;1.8;Nafta;Automática;Sedán;"Autos y camionetas";N/A;N/A;N/A;N/A;N/A;N/A;UY;N/A;N/A;N/A;N/A;N/A;N/A;N/A;N/A;N/A;N/A;N/A;N/A;N/A;N/A;N/A;N/A;N/A;N/A;N/A;N/A;N/A;N/A;N/A;N/A;N/A;N/A;N/A;N/A;N/A;N/A;N/A;N/A;N/A;N/A;N/A;N/A;N/A;N/A;N/A;N/A;N/A;N/A;N/A;N/A;N/A;N/A;N/A;N/A;N/A;N/A;N/A;N/A;N/A;N/A;N/A;N/A;N/A;N/A;N/A;N/A;N/A;N/A;N/A;N/A;N/A;N/A;N/A;N/A;N/A;N/A;N/A;N/A;N/A;N/A;N/A;N/A;N/A;N/A;N/A;N/A;N/A;N/A;N/A;N/A;N/A;N/A;N/A;N/A;N/A;N/A;N/A;N/A;N/A;N/A;N/A;N/A;N/A;N/A;N/A;N/A;N/A;N/A;N/A;N/A;N/A;N/A;N/A;Sí;N/A;N/A;N/A;N/A;Sí;N/A;Sí
Nissan;Versa;"1.6 Advance At";2012;"138000 km";;ALVARODANIEL2012;12400;;;;;Carrasco;https://auto.mercadolibre.com.uy/MLU-634857353-nissan-versa-extrafull-2012-automatico-_JM;N/A;;"Nissan Versa Extrafull 2012 Automatico";usd;Sí;gold_premium;false;N/A;N/A;http://perfil.mercadolibre.com.uy/ALVARODANIEL2012;active;N/A;N/A;Usado;Marrón;N/A;Hidráulica;Delantera;Sí;N/A;N/A;N/A;N/A;N/A;N/A;N/A;N/A;N/A;N/A;N/A;N/A;N/A;N/A;N/A;N/A;N/A;N/A;N/A;N/A;N/A;N/A;N/A;N/A;N/A;"1.6 L";N/A;N/A;N/A;N/A;N/A;N/A;N/A;N/A;N/A;N/A;N/A;N/A;N/A;N/A;N/A;N/A;N/A;N/A;N/A;N/A;N/A;N/A;N/A;N/A;N/A;N/A;N/A;N/A;N/A;N/A;N/A;N/A;N/A;N/A;N/A;N/A;N/A;N/A;N/A;N/A;N/A;N/A;N/A;N/A;N/A;N/A;N/A;N/A;N/A;N/A;N/A;N/A;N/A;N/A;N/A;Advance;N/A;N/A;N/A;N/A;N/A;N/A;N/A;N/A;N/A;N/A;N/A;N/A;N/A;N/A;N/A;N/A;N/A;N/A;N/A;N/A;N/A;4;1.6;Nafta;Automática;Hatchback;"Autos y camionetas";N/A;N/A;N/A;N/A;N/A;N/A;UY;N/A;N/A;N/A;N/A;N/A;N/A;N/A;N/A;N/A;N/A;N/A;N/A;N/A;N/A;N/A;N/A;N/A;N/A;N/A;N/A;N/A;N/A;N/A;N/A;N/A;N/A;N/A;N/A;N/A;N/A;N/A;N/A;N/A;N/A;N/A;N/A;N/A;N/A;N/A;N/A;N/A;N/A;N/A;N/A;N/A;N/A;N/A;N/A;N/A;N/A;N/A;N/A;N/A;N/A;N/A;N/A;N/A;N/A;N/A;N/A;N/A;N/A;N/A;N/A;N/A;N/A;N/A;N/A;N/A;N/A;N/A;N/A;N/A;N/A;N/A;N/A;N/A;N/A;N/A;N/A;N/A;N/A;N/A;N/A;N/A;N/A;N/A;N/A;N/A;Sí;N/A;N/A;N/A;N/A;N/A;N/A;N/A;N/A;N/A;N/A;N/A;N/A;N/A;N/A;N/A;N/A;N/A;Sí;N/A;N/A;N/A;N/A;N/A;N/A;N/A
Nissan;Sentra;"1.8 Exclusive Navi At";2015;"63000 km";;097444135;16000;;;;;Buceo;https://auto.mercadolibre.com.uy/MLU-665174026-nissan-sentra-2015-18-exclusive-navi-at-_JM;N/A;;"Nissan Sentra 2015 1.8 Exclusive Navi At";usd;Sí;gold_premium;false;N/A;N/A;http://perfil.mercadolibre.com.uy/097444135;active;N/A;N/A;Usado;Gris;No;Hidráulica;Delantera;Sí;Sí;N/A;N/A;Sí;Sí;N/A;N/A;Sí;N/A;N/A;N/A;Sí;N/A;Sí;N/A;N/A;N/A;N/A;N/A;N/A;N/A;N/A;N/A;N/A;N/A;"1.8 L";N/A;N/A;N/A;N/A;N/A;N/A;N/A;Sí;N/A;N/A;N/A;N/A;N/A;N/A;N/A;N/A;N/A;N/A;N/A;N/A;N/A;N/A;N/A;N/A;N/A;N/A;N/A;N/A;N/A;N/A;N/A;N/A;N/A;N/A;N/A;N/A;N/A;N/A;N/A;N/A;N/A;N/A;N/A;N/A;N/A;N/A;N/A;N/A;N/A;N/A;N/A;N/A;N/A;N/A;"129 hp";Exclusive;N/A;N/A;N/A;N/A;Sí;N/A;Sí;N/A;N/A;Sí;Sí;N/A;Sí;N/A;N/A;N/A;Sí;N/A;N/A;N/A;N/A;4;1.8;Nafta;Automática;Coupé;"Autos y camionetas";N/A;N/A;N/A;N/A;N/A;N/A;UY;N/A;No;N/A;N/A;N/A;N/A;N/A;N/A;N/A;N/A;N/A;N/A;N/A;N/A;N/A;N/A;N/A;Sí;N/A;N/A;N/A;N/A;N/A;N/A;N/A;N/A;N/A;N/A;N/A;N/A;N/A;N/A;N/A;N/A;N/A;N/A;No;N/A;N/A;N/A;N/A;N/A;N/A;N/A;N/A;N/A;N/A;N/A;N/A;N/A;N/A;N/A;N/A;N/A;No;No;N/A;N/A;N/A;N/A;N/A;N/A;N/A;N/A;N/A;N/A;N/A;N/A;N/A;N/A;N/A;N/A;N/A;N/A;N/A;N/A;N/A;N/A;N/A;N/A;N/A;N/A;N/A;N/A;N/A;N/A;N/A;N/A;N/A;Sí;N/A;Sí;N/A;Sí;N/A;N/A;N/A;N/A;Sí;N/A;Sí;Sí;N/A;N/A;Sí;Sí;Sí;Sí;Sí;N/A;Sí;Sí;Sí;N/A;Sí
Nissan;"NP300 Frontier";"2.5 Le Tdsl 188hp D.cab. 4x4 Aut";2021;"50000 km";;SILVA2324;53990;;;;;Melo;https://auto.mercadolibre.com.uy/MLU-664862920-nissan-np300-frontier-2021-25-le-tdsl-188hp-dcab-4x4-aut-_JM;N/A;;"Nissan Np300 Frontier 2021 2.5 Le Tdsl 188hp D.cab. 4x4 Aut";usd;Sí;gold_premium;false;N/A;N/A;http://perfil.mercadolibre.com.uy/SILVA2324;active;N/A;N/A;Usado;N/A;N/A;Hidráulica;4x4;Sí;N/A;N/A;N/A;N/A;N/A;N/A;N/A;Sí;N/A;N/A;N/A;N/A;N/A;N/A;N/A;N/A;N/A;N/A;N/A;N/A;N/A;N/A;N/A;N/A;"3150 mm";"2.5 L";"80 L";7;N/A;N/A;N/A;N/A;N/A;N/A;N/A;N/A;N/A;N/A;N/A;N/A;N/A;N/A;N/A;N/A;N/A;N/A;N/A;N/A;N/A;N/A;N/A;N/A;N/A;N/A;N/A;N/A;N/A;N/A;N/A;N/A;N/A;Sí;Sí;Sí;N/A;N/A;N/A;N/A;N/A;N/A;N/A;N/A;N/A;"1860 mm";"5258 mm";N/A;N/A;N/A;N/A;N/A;"188 hp";Le;N/A;4;"1850 mm";N/A;N/A;N/A;N/A;N/A;N/A;N/A;N/A;N/A;N/A;N/A;N/A;N/A;N/A;N/A;N/A;N/A;N/A;2;2.5;Diésel;Automática;Pick-Up;"Autos y camionetas";N/A;N/A;N/A;N/A;N/A;N/A;UY;N/A;N/A;N/A;N/A;N/A;N/A;N/A;N/A;N/A;N/A;N/A;N/A;N/A;N/A;N/A;N/A;N/A;N/A;N/A;N/A;N/A;N/A;N/A;N/A;N/A;N/A;N/A;N/A;N/A;N/A;N/A;N/A;N/A;N/A;N/A;N/A;N/A;N/A;N/A;N/A;N/A;N/A;N/A;N/A;N/A;N/A;N/A;N/A;N/A;N/A;N/A;N/A;N/A;N/A;N/A;N/A;N/A;N/A;N/A;N/A;N/A;N/A;N/A;N/A;N/A;N/A;N/A;N/A;N/A;N/A;N/A;N/A;N/A;N/A;N/A;N/A;N/A;N/A;N/A;N/A;N/A;N/A;N/A;N/A;N/A;N/A;N/A;N/A;N/A;Sí;N/A;Sí;N/A;N/A;N/A;N/A;Sí;N/A;Sí;N/A;N/A;N/A;N/A;N/A;Sí;Sí;N/A;Sí;N/A;N/A;N/A;N/A;Sí;N/A;Sí
Nissan;March;"1.6 Advance Mt";2020;"24000 km";;INESTELECHEA;17300;;;;;Maldonado;https://auto.mercadolibre.com.uy/MLU-663885908-nissan-march-2020-16-advance-mt-_JM;N/A;;"Nissan March 2020 1.6 Advance Mt";usd;Sí;gold_premium;false;N/A;N/A;http://perfil.mercadolibre.com.uy/INESTELECHEA;active;N/A;N/A;Usado;N/A;N/A;Hidráulica;Delantera;Sí;N/A;N/A;N/A;N/A;N/A;N/A;N/A;N/A;N/A;N/A;N/A;N/A;N/A;N/A;N/A;N/A;N/A;N/A;N/A;N/A;N/A;N/A;N/A;N/A;"2450 mm";"1.6 L";"41 L";5;N/A;N/A;N/A;N/A;N/A;N/A;N/A;N/A;N/A;N/A;N/A;N/A;N/A;N/A;N/A;N/A;N/A;N/A;N/A;N/A;N/A;N/A;N/A;N/A;N/A;N/A;N/A;N/A;N/A;N/A;N/A;N/A;N/A;Sí;Sí;N/A;N/A;N/A;N/A;N/A;N/A;N/A;N/A;N/A;N/A;"1532 mm";"3827 mm";N/A;N/A;N/A;N/A;5;"106 hp";Advance;N/A;4;"1665 mm";N/A;N/A;N/A;N/A;N/A;N/A;N/A;Sí;N/A;N/A;N/A;N/A;N/A;N/A;N/A;N/A;N/A;N/A;5;1.6;Nafta;Manual;Hatchback;"Autos y camionetas";N/A;N/A;N/A;N/A;N/A;N/A;UY;N/A;N/A;N/A;N/A;N/A;N/A;N/A;N/A;N/A;N/A;N/A;N/A;N/A;N/A;N/A;N/A;N/A;N/A;N/A;N/A;N/A;N/A;N/A;N/A;N/A;N/A;N/A;N/A;N/A;N/A;N/A;N/A;N/A;N/A;N/A;N/A;N/A;N/A;N/A;N/A;N/A;N/A;N/A;N/A;N/A;N/A;N/A;N/A;N/A;N/A;N/A;N/A;N/A;N/A;N/A;N/A;N/A;N/A;N/A;N/A;N/A;N/A;N/A;N/A;N/A;N/A;N/A;N/A;N/A;N/A;N/A;N/A;N/A;N/A;N/A;N/A;N/A;N/A;N/A;N/A;N/A;N/A;N/A;N/A;N/A;N/A;N/A;N/A;N/A;Sí;N/A;Sí;N/A;N/A;N/A;N/A;Sí;N/A;Sí;N/A;N/A;N/A;N/A;N/A;N/A;Sí;N/A;Sí;N/A;N/A;N/A;N/A;Sí;N/A;Sí
Nissan;Frontier;"Ax Plus 3.0 Di";2006;"380000 km";;I-CARAVADOSSI;17500;;;;;"San José de Mayo";https://auto.mercadolibre.com.uy/MLU-664020196-nissan-frontier-ax-plus-30-di-_JM;N/A;;"Nissan Frontier Ax Plus 3.0 Di";USD;No;gold_premium;false;N/A;N/A;http://perfil.mercadolibre.com.uy/I-CARAVADOSSI;active;N/A;N/A;Usado;N/A;N/A;N/A;N/A;N/A;N/A;N/A;N/A;N/A;N/A;N/A;N/A;N/A;N/A;N/A;N/A;N/A;N/A;N/A;N/A;N/A;N/A;N/A;N/A;N/A;N/A;N/A;N/A;N/A;N/A;N/A;N/A;N/A;N/A;N/A;N/A;N/A;N/A;N/A;N/A;N/A;N/A;N/A;N/A;N/A;N/A;N/A;N/A;N/A;N/A;N/A;N/A;N/A;N/A;N/A;N/A;N/A;N/A;N/A;N/A;N/A;N/A;N/A;N/A;N/A;N/A;N/A;N/A;N/A;N/A;N/A;N/A;N/A;N/A;N/A;N/A;N/A;N/A;N/A;N/A;N/A;N/A;N/A;N/A;N/A;N/A;N/A;N/A;N/A;N/A;N/A;N/A;N/A;N/A;N/A;N/A;N/A;N/A;N/A;N/A;N/A;N/A;N/A;N/A;N/A;N/A;N/A;N/A;4;N/A;Diésel;N/A;N/A;"Autos y camionetas";N/A;N/A;N/A;N/A;N/A;N/A;N/A;N/A;N/A;N/A;N/A;N/A;N/A;N/A;N/A;N/A;N/A;N/A;N/A;N/A;N/A;N/A;N/A;N/A;N/A;N/A;N/A;N/A;N/A;N/A;N/A;N/A;N/A;N/A;N/A;N/A;N/A;N/A;N/A;N/A;N/A;N/A;N/A;N/A;N/A;N/A;N/A;N/A;N/A;N/A;N/A;N/A;N/A;N/A;N/A;N/A;N/A;N/A;N/A;N/A;N/A;N/A;N/A;N/A;N/A;N/A;N/A;N/A;N/A;N/A;N/A;N/A;N/A;N/A;N/A;N/A;N/A;N/A;N/A;N/A;N/A;N/A;N/A;N/A;N/A;N/A;N/A;N/A;N/A;N/A;N/A;N/A;N/A;N/A;N/A;N/A;N/A;N/A;N/A;N/A;N/A;N/A;N/A;N/A;N/A;N/A;N/A;N/A;N/A;N/A;N/A;N/A;N/A;N/A;N/A;N/A;N/A;N/A;N/A;N/A;N/A;N/A
Nissan;Frontier;Se;2023;"0 km";;"NISSAN SANTAROSA";26498;;;;;Centro;https://auto.mercadolibre.com.uy/MLU-661884098-nissan-frontier-se-25-2023-0km-_JM;N/A;;"Nissan Frontier Se 2.5 2023 0km";USD;Sí;gold_premium;false;N/A;N/A;http://perfil.mercadolibre.com.uy/NISSAN+SANTAROSA;active;N/A;N/A;Nuevo;"Gris oscuro";N/A;Eléctrica;N/A;Sí;Sí;Sí;N/A;N/A;N/A;Sí;Sí;N/A;N/A;Sí;N/A;Sí;N/A;N/A;N/A;N/A;N/A;N/A;N/A;N/A;N/A;N/A;N/A;N/A;N/A;"2500 cc";N/A;6;N/A;N/A;N/A;N/A;Sí;N/A;Sí;N/A;N/A;N/A;N/A;N/A;N/A;N/A;N/A;N/A;N/A;N/A;N/A;N/A;N/A;N/A;N/A;Sí;N/A;Sí;N/A;N/A;N/A;N/A;N/A;N/A;N/A;N/A;N/A;N/A;Sí;N/A;N/A;N/A;N/A;N/A;N/A;N/A;N/A;N/A;N/A;N/A;N/A;N/A;N/A;N/A;"160 hp";Se;N/A;N/A;N/A;"10 km/l";N/A;N/A;Sí;Sí;Sí;Sí;Sí;Sí;N/A;N/A;"8 km/l";N/A;N/A;N/A;Sí;N/A;"Lun. a Vie. de 9 a 18:30 hs. Sáb. de 10 a 13 hs.";5;2.5;Nafta;Manual;Pick-Up;"Autos y camionetas";Sí;N/A;N/A;N/A;Sí;N/A;N/A;Sí;Sí;Sí;No;N/A;N/A;N/A;N/A;N/A;N/A;N/A;N/A;N/A;N/A;N/A;N/A;N/A;N/A;N/A;N/A;N/A;N/A;N/A;N/A;N/A;N/A;N/A;N/A;N/A;N/A;N/A;N/A;N/A;N/A;N/A;N/A;Sí;N/A;N/A;N/A;N/A;N/A;N/A;N/A;N/A;N/A;N/A;N/A;N/A;N/A;N/A;N/A;N/A;N/A;Sí;No;N/A;N/A;N/A;N/A;N/A;N/A;N/A;N/A;N/A;N/A;N/A;N/A;N/A;N/A;N/A;N/A;N/A;N/A;N/A;N/A;N/A;N/A;N/A;N/A;N/A;N/A;N/A;N/A;N/A;N/A;N/A;N/A;N/A;Sí;Sí;Sí;Sí;Sí;Sí;Sí;N/A;N/A;Sí;N/A;N/A;N/A;N/A;Sí;Sí;Sí;N/A;Sí;Sí;Sí;N/A;N/A;Sí;N/A;Sí
Nissan;Versa;"1.6 Sense 5vel Mt";2013;"72763 km";;CARPERUSADOS;11790;;;;;"La Blanqueada";https://auto.mercadolibre.com.uy/MLU-665329366-nissan-versa-full-16-c64377-_JM;N/A;;"Nissan Versa Full 1.6  C/64377";usd;Sí;gold_premium;false;N/A;N/A;http://perfil.mercadolibre.com.uy/CARPERUSADOS;active;N/A;N/A;Usado;Gris;Sí;Hidráulica;Delantera;Sí;N/A;N/A;N/A;N/A;N/A;N/A;N/A;N/A;N/A;N/A;N/A;N/A;N/A;N/A;N/A;N/A;N/A;N/A;N/A;N/A;N/A;N/A;N/A;N/A;N/A;"1.6 L";N/A;N/A;N/A;N/A;N/A;N/A;N/A;N/A;N/A;N/A;N/A;N/A;N/A;N/A;N/A;N/A;N/A;N/A;N/A;N/A;N/A;N/A;N/A;N/A;N/A;N/A;N/A;N/A;N/A;N/A;N/A;N/A;N/A;N/A;N/A;N/A;N/A;N/A;N/A;N/A;N/A;N/A;N/A;N/A;N/A;N/A;N/A;N/A;N/A;N/A;N/A;N/A;N/A;N/A;N/A;Sense;N/A;N/A;N/A;N/A;N/A;N/A;N/A;N/A;N/A;N/A;N/A;N/A;N/A;N/A;N/A;N/A;N/A;N/A;N/A;N/A;N/A;4;1.6;Nafta;Manual;Hatchback;"Autos y camionetas";N/A;N/A;N/A;N/A;N/A;N/A;UY;N/A;Sí;N/A;N/A;N/A;N/A;N/A;N/A;N/A;N/A;N/A;N/A;N/A;N/A;N/A;N/A;N/A;N/A;N/A;N/A;N/A;N/A;N/A;N/A;N/A;N/A;N/A;N/A;N/A;N/A;N/A;N/A;N/A;N/A;N/A;N/A;N/A;N/A;N/A;N/A;N/A;N/A;N/A;N/A;N/A;N/A;N/A;N/A;N/A;N/A;N/A;N/A;N/A;N/A;N/A;N/A;N/A;N/A;N/A;N/A;N/A;N/A;N/A;N/A;N/A;N/A;N/A;N/A;N/A;N/A;N/A;N/A;N/A;N/A;N/A;N/A;N/A;N/A;N/A;N/A;N/A;N/A;N/A;N/A;N/A;N/A;N/A;N/A;N/A;Sí;N/A;N/A;N/A;N/A;N/A;N/A;N/A;N/A;N/A;N/A;N/A;N/A;N/A;N/A;N/A;N/A;N/A;Sí;N/A;N/A;N/A;N/A;N/A;N/A;N/A
Nissan;Note;"1.6 Note Advance At";2015;"122000 km";;VERYDELIESTE1;11900;;;;;Pocitos;https://auto.mercadolibre.com.uy/MLU-665148482-nissan-note-2015-16-note-advance-at-_JM;N/A;;"Nissan Note 2015 1.6 Note Advance At";usd;Sí;gold_premium;false;N/A;N/A;http://perfil.mercadolibre.com.uy/VERYDELIESTE1;active;N/A;N/A;Usado;N/A;N/A;Hidráulica;Delantera;Sí;N/A;N/A;N/A;N/A;N/A;N/A;N/A;N/A;N/A;N/A;N/A;N/A;N/A;N/A;N/A;N/A;N/A;N/A;N/A;N/A;N/A;N/A;N/A;N/A;"2600 mm";"1.6 L";"41 L";N/A;N/A;N/A;N/A;N/A;N/A;N/A;N/A;N/A;N/A;N/A;N/A;N/A;N/A;N/A;N/A;N/A;N/A;N/A;N/A;N/A;N/A;N/A;N/A;N/A;N/A;N/A;N/A;N/A;N/A;N/A;N/A;N/A;N/A;N/A;N/A;N/A;N/A;N/A;N/A;N/A;N/A;N/A;N/A;N/A;N/A;"1537 mm";"4142 mm";N/A;N/A;N/A;N/A;5;"109 hp";Advance;N/A;N/A;N/A;N/A;N/A;N/A;N/A;N/A;N/A;N/A;N/A;N/A;N/A;N/A;N/A;N/A;N/A;N/A;N/A;N/A;N/A;5;1.6;Nafta;Automática;Hatchback;"Autos y camionetas";N/A;N/A;N/A;N/A;N/A;N/A;UY;N/A;N/A;N/A;N/A;N/A;N/A;N/A;N/A;N/A;N/A;N/A;N/A;N/A;N/A;N/A;N/A;N/A;N/A;N/A;N/A;N/A;N/A;N/A;N/A;N/A;N/A;N/A;N/A;N/A;N/A;N/A;N/A;N/A;N/A;N/A;N/A;N/A;N/A;N/A;N/A;N/A;N/A;N/A;N/A;N/A;N/A;N/A;N/A;N/A;N/A;N/A;N/A;N/A;N/A;N/A;N/A;N/A;N/A;N/A;N/A;N/A;N/A;N/A;N/A;N/A;N/A;N/A;N/A;N/A;N/A;N/A;N/A;N/A;N/A;N/A;N/A;N/A;N/A;N/A;N/A;N/A;N/A;N/A;N/A;N/A;N/A;N/A;N/A;N/A;Sí;N/A;N/A;N/A;N/A;N/A;N/A;N/A;N/A;N/A;N/A;N/A;N/A;N/A;N/A;N/A;N/A;N/A;Sí;N/A;N/A;N/A;N/A;N/A;N/A;N/A
Nissan;Kicks;"1.6 Advance At";2020;"131162 km";;CARPERUSADOS2;21990;;;;;Larrañaga;https://auto.mercadolibre.com.uy/MLU-633183747-nissan-kicks-16-advance-cvt-at-c55920-_JM;N/A;;"Nissan Kicks 1.6 Advance Cvt At C/55920";usd;Sí;gold_premium;false;N/A;N/A;http://perfil.mercadolibre.com.uy/CARPERUSADOS2;active;N/A;N/A;Usado;Blanco;Sí;Hidráulica;Delantera;Sí;N/A;N/A;N/A;N/A;N/A;N/A;N/A;N/A;N/A;N/A;N/A;N/A;N/A;N/A;N/A;N/A;N/A;N/A;N/A;N/A;N/A;N/A;N/A;N/A;"2620 mm";"1.6 L";"50 L";N/A;N/A;N/A;N/A;N/A;N/A;N/A;N/A;N/A;N/A;N/A;N/A;N/A;N/A;N/A;N/A;N/A;N/A;N/A;N/A;N/A;N/A;N/A;N/A;N/A;N/A;N/A;N/A;N/A;N/A;N/A;N/A;N/A;N/A;Sí;Sí;Sí;N/A;N/A;N/A;N/A;N/A;N/A;N/A;N/A;N/A;"1590 mm";"4295 mm";N/A;N/A;N/A;N/A;5;"118 hp";Advance;N/A;4;"1760 mm";N/A;N/A;N/A;N/A;N/A;N/A;N/A;N/A;N/A;N/A;N/A;N/A;N/A;N/A;N/A;N/A;N/A;N/A;5;1.6;Nafta;Automática;SUV;"Autos y camionetas";N/A;N/A;N/A;N/A;N/A;N/A;UY;N/A;Sí;N/A;N/A;N/A;N/A;N/A;N/A;N/A;N/A;N/A;N/A;N/A;N/A;N/A;N/A;N/A;N/A;N/A;N/A;N/A;N/A;N/A;N/A;N/A;N/A;N/A;N/A;N/A;N/A;N/A;N/A;N/A;N/A;N/A;N/A;N/A;N/A;N/A;N/A;N/A;N/A;N/A;N/A;N/A;N/A;N/A;N/A;N/A;N/A;N/A;N/A;N/A;N/A;N/A;N/A;N/A;N/A;N/A;N/A;N/A;N/A;N/A;N/A;N/A;N/A;N/A;N/A;N/A;N/A;N/A;N/A;N/A;N/A;N/A;N/A;N/A;N/A;N/A;N/A;N/A;N/A;N/A;N/A;N/A;N/A;N/A;N/A;N/A;Sí;N/A;Sí;N/A;N/A;N/A;N/A;N/A;N/A;Sí;N/A;N/A;N/A;N/A;N/A;N/A;Sí;N/A;Sí;N/A;N/A;N/A;N/A;Sí;N/A;Sí
Nissan;Sentra;"2.0 Custom 6vel Mt";2011;"134000 km";;ILEANAMSUAREZ;9500;;;;;"Treinta y Tres";https://auto.mercadolibre.com.uy/MLU-665654416-nissan-sentra-2011-20-custom-6vel-mt-_JM;N/A;;"Nissan Sentra 2011 2.0 Custom 6vel Mt";usd;Sí;gold_premium;false;N/A;N/A;http://perfil.mercadolibre.com.uy/ILEANAMSUAREZ;active;N/A;N/A;Usado;N/A;N/A;Hidráulica;Delantera;Sí;N/A;N/A;N/A;N/A;N/A;N/A;N/A;N/A;N/A;N/A;N/A;N/A;N/A;N/A;N/A;N/A;N/A;N/A;N/A;N/A;N/A;N/A;N/A;N/A;N/A;"2 L";N/A;N/A;N/A;N/A;N/A;N/A;N/A;N/A;N/A;N/A;N/A;N/A;N/A;N/A;N/A;N/A;N/A;N/A;N/A;N/A;N/A;N/A;N/A;N/A;N/A;N/A;N/A;N/A;N/A;N/A;N/A;N/A;N/A;N/A;N/A;N/A;N/A;N/A;N/A;N/A;N/A;N/A;N/A;N/A;N/A;N/A;N/A;N/A;N/A;N/A;N/A;N/A;N/A;N/A;N/A;Custom;N/A;N/A;N/A;N/A;N/A;N/A;N/A;N/A;N/A;N/A;N/A;N/A;N/A;N/A;N/A;N/A;N/A;N/A;N/A;N/A;N/A;4;2.0;Nafta;Manual;Coupé;"Autos y camionetas";N/A;N/A;N/A;N/A;N/A;N/A;UY;N/A;N/A;N/A;N/A;N/A;N/A;N/A;N/A;N/A;N/A;N/A;N/A;N/A;N/A;N/A;N/A;N/A;N/A;N/A;N/A;N/A;N/A;N/A;N/A;N/A;N/A;N/A;N/A;N/A;N/A;N/A;N/A;N/A;N/A;N/A;N/A;N/A;N/A;N/A;N/A;N/A;N/A;N/A;N/A;N/A;N/A;N/A;N/A;N/A;N/A;N/A;N/A;N/A;N/A;N/A;N/A;N/A;N/A;N/A;N/A;N/A;N/A;N/A;N/A;N/A;N/A;N/A;N/A;N/A;N/A;N/A;N/A;N/A;N/A;N/A;N/A;N/A;N/A;N/A;N/A;N/A;N/A;N/A;N/A;N/A;N/A;N/A;N/A;N/A;Sí;N/A;N/A;N/A;N/A;N/A;N/A;N/A;N/A;N/A;N/A;N/A;N/A;N/A;N/A;N/A;N/A;N/A;Sí;N/A;N/A;N/A;N/A;N/A;N/A;N/A
Nissan;Tiida;"1.8 Premium Mt";2011;"229892 km";;CARPERUSADOS;9490;;;;;"La Blanqueada";https://auto.mercadolibre.com.uy/MLU-657492446-nissan-tiida-18-hb-c29616-_JM;N/A;;"Nissan Tiida 1.8 Hb C/29616";usd;Sí;gold_premium;false;N/A;N/A;http://perfil.mercadolibre.com.uy/CARPERUSADOS;active;N/A;N/A;Usado;Blanco;N/A;Hidráulica;Delantera;Sí;N/A;N/A;N/A;N/A;N/A;N/A;N/A;N/A;N/A;N/A;N/A;N/A;N/A;N/A;N/A;N/A;N/A;N/A;N/A;N/A;N/A;N/A;N/A;N/A;"2600 mm";"1.8 L";"52 L";N/A;N/A;N/A;N/A;N/A;N/A;N/A;N/A;N/A;N/A;N/A;N/A;N/A;N/A;N/A;N/A;N/A;N/A;N/A;N/A;N/A;N/A;N/A;N/A;N/A;N/A;N/A;N/A;N/A;N/A;N/A;N/A;N/A;N/A;N/A;N/A;N/A;N/A;N/A;N/A;N/A;N/A;N/A;N/A;N/A;N/A;"1548 mm";"4297 mm";N/A;N/A;N/A;N/A;N/A;N/A;Premium;N/A;N/A;"1695 mm";N/A;N/A;N/A;N/A;N/A;N/A;N/A;N/A;N/A;N/A;N/A;N/A;N/A;N/A;N/A;N/A;N/A;N/A;5;1.8;Nafta;Manual;Hatchback;"Autos y camionetas";N/A;N/A;N/A;N/A;N/A;N/A;UY;N/A;Sí;N/A;N/A;N/A;N/A;N/A;N/A;N/A;N/A;N/A;N/A;N/A;N/A;N/A;N/A;N/A;N/A;N/A;N/A;N/A;N/A;N/A;N/A;N/A;N/A;N/A;N/A;N/A;N/A;N/A;N/A;N/A;N/A;N/A;N/A;N/A;N/A;N/A;N/A;N/A;N/A;N/A;N/A;N/A;N/A;N/A;N/A;N/A;N/A;N/A;N/A;N/A;N/A;N/A;N/A;N/A;N/A;N/A;N/A;N/A;N/A;N/A;N/A;N/A;N/A;N/A;N/A;N/A;N/A;N/A;N/A;N/A;N/A;N/A;N/A;N/A;N/A;N/A;N/A;N/A;N/A;N/A;N/A;N/A;N/A;N/A;N/A;N/A;Sí;N/A;N/A;N/A;N/A;N/A;N/A;N/A;N/A;N/A;N/A;N/A;N/A;N/A;N/A;N/A;N/A;N/A;Sí;N/A;N/A;N/A;N/A;N/A;N/A;N/A
Nissan;Kicks;"1.6 Advance";2018;"110000 km";;SABR2557784;19490;;;;;"San Jacinto";https://auto.mercadolibre.com.uy/MLU-635358725-nissan-kicks-16-advance-mt-_JM;N/A;;"Nissan Kicks 1.6 Advance Mt ";usd;Sí;gold_premium;false;N/A;N/A;http://perfil.mercadolibre.com.uy/SABR2557784;active;N/A;N/A;Usado;Naranja;Sí;Hidráulica;Delantera;Sí;N/A;N/A;N/A;N/A;N/A;N/A;N/A;N/A;N/A;N/A;N/A;N/A;N/A;N/A;N/A;N/A;N/A;N/A;N/A;N/A;N/A;N/A;N/A;N/A;"2620 mm";"1.6 L";"50 L";5;N/A;N/A;N/A;N/A;N/A;N/A;N/A;N/A;N/A;N/A;N/A;N/A;N/A;N/A;N/A;N/A;N/A;N/A;N/A;N/A;N/A;N/A;N/A;N/A;N/A;N/A;N/A;N/A;N/A;N/A;N/A;N/A;N/A;Sí;Sí;N/A;N/A;N/A;N/A;N/A;N/A;N/A;N/A;N/A;N/A;"1590 mm";"4295 mm";N/A;N/A;N/A;N/A;5;"118 hp";Advance;N/A;4;"1760 mm";N/A;N/A;N/A;N/A;N/A;N/A;N/A;N/A;N/A;N/A;N/A;N/A;N/A;N/A;N/A;N/A;N/A;N/A;5;1.6;Nafta;Manual;SUV;"Autos y camionetas";N/A;N/A;N/A;N/A;N/A;N/A;UY;N/A;N/A;N/A;N/A;N/A;N/A;N/A;N/A;N/A;N/A;N/A;N/A;N/A;N/A;N/A;N/A;N/A;N/A;N/A;N/A;N/A;N/A;N/A;N/A;N/A;N/A;N/A;N/A;N/A;N/A;N/A;N/A;N/A;N/A;N/A;N/A;N/A;N/A;N/A;N/A;N/A;N/A;N/A;N/A;N/A;N/A;N/A;N/A;N/A;N/A;N/A;N/A;N/A;N/A;N/A;N/A;N/A;N/A;N/A;N/A;N/A;N/A;N/A;N/A;N/A;N/A;N/A;N/A;N/A;N/A;N/A;N/A;N/A;N/A;N/A;N/A;N/A;N/A;N/A;N/A;N/A;N/A;N/A;N/A;N/A;N/A;N/A;N/A;N/A;N/A;N/A;N/A;N/A;N/A;N/A;N/A;N/A;N/A;N/A;N/A;N/A;N/A;N/A;N/A;N/A;Sí;N/A;Sí;N/A;N/A;N/A;N/A;Sí;N/A;Sí
Nissan;Versa;"Full Manual";2014;"147000 km";;CSEJAS;10500;;;;;Minas;https://auto.mercadolibre.com.uy/MLU-635367675-nissan-versa-full-manual-_JM;N/A;;"Nissan Versa Full Manual";USD;Sí;gold_premium;false;N/A;N/A;http://perfil.mercadolibre.com.uy/CSEJAS;active;N/A;N/A;Usado;N/A;N/A;N/A;N/A;N/A;N/A;N/A;N/A;N/A;N/A;N/A;N/A;N/A;N/A;N/A;N/A;N/A;N/A;N/A;N/A;N/A;N/A;N/A;N/A;N/A;N/A;N/A;N/A;N/A;N/A;N/A;N/A;N/A;N/A;N/A;N/A;N/A;N/A;N/A;N/A;N/A;N/A;N/A;N/A;N/A;N/A;N/A;N/A;N/A;N/A;N/A;N/A;N/A;N/A;N/A;N/A;N/A;N/A;N/A;N/A;N/A;N/A;N/A;N/A;N/A;N/A;N/A;N/A;N/A;N/A;N/A;N/A;N/A;N/A;N/A;N/A;N/A;N/A;N/A;N/A;N/A;N/A;N/A;N/A;N/A;N/A;N/A;N/A;N/A;N/A;N/A;N/A;N/A;N/A;N/A;N/A;N/A;N/A;N/A;N/A;N/A;N/A;N/A;N/A;N/A;N/A;N/A;N/A;4;N/A;Nafta;N/A;N/A;"Autos y camionetas";N/A;N/A;N/A;N/A;N/A;N/A;N/A;N/A;N/A;N/A;N/A;N/A;N/A;N/A;N/A;N/A;N/A;N/A;N/A;N/A;N/A;N/A;N/A;N/A;N/A;N/A;N/A;N/A;N/A;N/A;N/A;N/A;N/A;N/A;N/A;N/A;N/A;N/A;N/A;N/A;N/A;N/A;N/A;N/A;N/A;N/A;N/A;N/A;N/A;N/A;N/A;N/A;N/A;N/A;N/A;N/A;N/A;N/A;N/A;N/A;N/A;N/A;N/A;N/A;N/A;N/A;N/A;N/A;N/A;N/A;N/A;N/A;N/A;N/A;N/A;N/A;N/A;N/A;N/A;N/A;N/A;N/A;N/A;N/A;N/A;N/A;N/A;N/A;N/A;N/A;N/A;N/A;N/A;N/A;N/A;N/A;N/A;N/A;N/A;N/A;N/A;N/A;N/A;N/A;N/A;N/A;N/A;N/A;N/A;N/A;N/A;N/A;N/A;N/A;N/A;N/A;N/A;N/A;N/A;N/A;N/A;N/A
Nissan;Tiida;"1.8 Emotion Mt";2012;"220000 km";;FEDAGEFEDAGE20231202212358;11900;;;;;Buceo;https://auto.mercadolibre.com.uy/MLU-666253166-nissan-tiida-2012-18-emotion-mt-_JM;N/A;;"Nissan Tiida 2012 1.8 Emotion Mt";usd;Sí;gold_premium;false;N/A;N/A;http://perfil.mercadolibre.com.uy/FEDAGEFEDAGE20231202212358;active;N/A;N/A;Usado;N/A;N/A;Hidráulica;Delantera;Sí;N/A;N/A;N/A;N/A;N/A;N/A;N/A;N/A;N/A;N/A;N/A;N/A;N/A;N/A;N/A;N/A;N/A;N/A;N/A;N/A;N/A;N/A;N/A;N/A;"2600 mm";"1.8 L";"52 L";N/A;N/A;N/A;N/A;N/A;N/A;N/A;N/A;N/A;N/A;N/A;N/A;N/A;N/A;N/A;N/A;N/A;N/A;N/A;N/A;N/A;N/A;N/A;N/A;N/A;N/A;N/A;N/A;N/A;N/A;N/A;N/A;N/A;N/A;N/A;N/A;N/A;N/A;N/A;N/A;N/A;N/A;N/A;N/A;N/A;N/A;"1548 mm";"4297 mm";N/A;N/A;N/A;N/A;N/A;N/A;Emotion;N/A;N/A;"1695 mm";N/A;N/A;N/A;N/A;N/A;N/A;N/A;N/A;N/A;N/A;N/A;N/A;N/A;N/A;N/A;N/A;N/A;N/A;5;1.8;Nafta;Manual;Hatchback;"Autos y camionetas";N/A;N/A;N/A;N/A;N/A;N/A;UY;N/A;N/A;N/A;N/A;N/A;N/A;N/A;N/A;N/A;N/A;N/A;N/A;N/A;N/A;N/A;N/A;N/A;N/A;N/A;N/A;N/A;N/A;N/A;N/A;N/A;N/A;N/A;N/A;N/A;N/A;N/A;N/A;N/A;N/A;N/A;N/A;N/A;N/A;N/A;N/A;N/A;N/A;N/A;N/A;N/A;N/A;N/A;N/A;N/A;N/A;N/A;N/A;N/A;N/A;N/A;N/A;N/A;N/A;N/A;N/A;N/A;N/A;N/A;N/A;N/A;N/A;N/A;N/A;N/A;N/A;N/A;N/A;N/A;N/A;N/A;N/A;N/A;N/A;N/A;N/A;N/A;N/A;N/A;N/A;N/A;N/A;N/A;N/A;N/A;Sí;N/A;N/A;N/A;N/A;N/A;N/A;N/A;N/A;N/A;N/A;N/A;N/A;N/A;N/A;N/A;N/A;N/A;Sí;N/A;N/A;N/A;N/A;N/A;N/A;N/A
Nissan;NP300;"2.4 Chasis Dh Mt";2011;"209000 km";;"PELUFFO MOTORS";8500;;;;;Malvin;https://auto.mercadolibre.com.uy/MLU-665343760-nissan-np300-2011-24-chasis-dh-mt-_JM;N/A;;"Nissan Np300 2011 2.4 Chasis Dh Mt";usd;Sí;gold_premium;false;N/A;N/A;http://perfil.mercadolibre.com.uy/PELUFFO+MOTORS;active;N/A;N/A;Usado;N/A;N/A;Hidráulica;4x4;Sí;N/A;N/A;N/A;N/A;N/A;N/A;N/A;N/A;N/A;N/A;N/A;N/A;N/A;N/A;N/A;N/A;N/A;N/A;N/A;N/A;N/A;N/A;N/A;N/A;"2950 mm";"2.4 L";"65 L";N/A;N/A;N/A;N/A;N/A;N/A;N/A;N/A;N/A;N/A;N/A;N/A;N/A;N/A;N/A;N/A;N/A;N/A;N/A;N/A;N/A;N/A;N/A;N/A;N/A;N/A;N/A;N/A;N/A;N/A;N/A;N/A;N/A;N/A;N/A;N/A;N/A;N/A;N/A;N/A;N/A;N/A;N/A;N/A;N/A;N/A;"1620 mm";"5015 mm";N/A;N/A;N/A;N/A;N/A;N/A;N/A;N/A;N/A;"1690 mm";N/A;N/A;N/A;N/A;N/A;N/A;N/A;N/A;N/A;N/A;N/A;N/A;N/A;N/A;N/A;N/A;N/A;N/A;2;2.4;Nafta;Manual;Pick-Up;"Autos y camionetas";N/A;N/A;N/A;N/A;N/A;N/A;UY;N/A;N/A;N/A;N/A;N/A;N/A;N/A;N/A;N/A;N/A;N/A;N/A;N/A;N/A;N/A;N/A;N/A;N/A;N/A;N/A;N/A;N/A;N/A;N/A;N/A;N/A;N/A;N/A;N/A;N/A;N/A;N/A;N/A;N/A;N/A;N/A;N/A;N/A;N/A;N/A;N/A;N/A;N/A;N/A;N/A;N/A;N/A;N/A;N/A;N/A;N/A;N/A;N/A;N/A;N/A;N/A;N/A;N/A;N/A;N/A;N/A;N/A;N/A;N/A;N/A;N/A;N/A;N/A;N/A;N/A;N/A;N/A;N/A;N/A;N/A;N/A;N/A;N/A;N/A;N/A;N/A;N/A;N/A;N/A;N/A;N/A;N/A;N/A;N/A;Sí;N/A;N/A;N/A;N/A;N/A;N/A;N/A;N/A;N/A;N/A;N/A;N/A;N/A;N/A;N/A;N/A;N/A;Sí;N/A;N/A;N/A;N/A;N/A;N/A;N/A
Nissan;Versa;"1.6 Sense";2020;"70000 km";;VENDIFLOR;15000;;;;;"Sarandí Grande";https://auto.mercadolibre.com.uy/MLU-664958020-nissan-versa-2020-16-sense-_JM;N/A;;"Nissan Versa 2020 1.6 Sense";usd;Sí;gold_premium;false;N/A;N/A;http://perfil.mercadolibre.com.uy/VENDIFLOR;active;N/A;N/A;Usado;N/A;N/A;Hidráulica;Delantera;Sí;N/A;N/A;N/A;N/A;N/A;N/A;N/A;N/A;N/A;N/A;N/A;N/A;N/A;N/A;N/A;N/A;N/A;N/A;N/A;N/A;N/A;N/A;N/A;N/A;"2600 mm";"1.6 L";"41 L";5;N/A;N/A;N/A;N/A;N/A;N/A;N/A;N/A;N/A;N/A;N/A;N/A;N/A;N/A;N/A;N/A;N/A;N/A;N/A;N/A;N/A;N/A;N/A;N/A;N/A;N/A;N/A;N/A;N/A;N/A;N/A;N/A;N/A;Sí;Sí;N/A;N/A;N/A;N/A;N/A;N/A;N/A;N/A;N/A;N/A;"1506 mm";"4492 mm";N/A;N/A;N/A;N/A;5;"106 hp";Sense;N/A;4;"1695 mm";N/A;N/A;N/A;N/A;N/A;N/A;N/A;Sí;N/A;N/A;N/A;N/A;N/A;N/A;N/A;N/A;N/A;N/A;4;1.6;Nafta;Manual;Sedán;"Autos y camionetas";N/A;N/A;N/A;N/A;N/A;N/A;UY;N/A;N/A;N/A;N/A;N/A;N/A;N/A;N/A;N/A;N/A;N/A;N/A;N/A;N/A;N/A;N/A;N/A;N/A;N/A;N/A;N/A;N/A;N/A;N/A;N/A;N/A;N/A;N/A;N/A;N/A;N/A;N/A;N/A;N/A;N/A;N/A;N/A;N/A;N/A;N/A;N/A;N/A;N/A;N/A;N/A;N/A;N/A;N/A;N/A;N/A;N/A;N/A;N/A;N/A;N/A;N/A;N/A;N/A;N/A;N/A;N/A;N/A;N/A;N/A;N/A;N/A;N/A;N/A;N/A;N/A;N/A;N/A;N/A;N/A;N/A;N/A;N/A;N/A;N/A;N/A;N/A;N/A;N/A;N/A;N/A;N/A;N/A;N/A;N/A;Sí;N/A;N/A;N/A;N/A;N/A;N/A;N/A;N/A;Sí;N/A;N/A;N/A;N/A;N/A;N/A;Sí;N/A;Sí;N/A;N/A;N/A;N/A;Sí;N/A;N/A
Nissan;March;"1.6 Advance Mt";2012;"107000 km";;ITALOSUPPARO;8600;;;;;"Punta del Este";https://auto.mercadolibre.com.uy/MLU-664342686-nissan-march-2012-16-advance-mt-_JM;N/A;;"Nissan March 2012 1.6 Advance Mt";usd;Sí;gold_premium;false;N/A;N/A;http://perfil.mercadolibre.com.uy/ITALOSUPPARO;active;N/A;N/A;Usado;N/A;N/A;Hidráulica;Delantera;Sí;N/A;N/A;N/A;N/A;N/A;N/A;N/A;N/A;N/A;N/A;N/A;N/A;N/A;N/A;N/A;N/A;N/A;N/A;N/A;N/A;N/A;N/A;N/A;N/A;"2450 mm";"1.6 L";"41 L";N/A;N/A;N/A;N/A;N/A;N/A;N/A;N/A;N/A;N/A;N/A;N/A;N/A;N/A;N/A;N/A;N/A;N/A;N/A;N/A;N/A;N/A;N/A;N/A;N/A;N/A;N/A;N/A;N/A;N/A;N/A;N/A;N/A;N/A;N/A;N/A;N/A;N/A;N/A;N/A;N/A;N/A;N/A;N/A;N/A;N/A;"1528 mm";"3780 mm";N/A;N/A;N/A;N/A;5;"109 hp";Advance;N/A;N/A;"1665 mm";N/A;N/A;N/A;N/A;N/A;N/A;N/A;N/A;N/A;N/A;N/A;N/A;N/A;N/A;N/A;N/A;N/A;N/A;5;1.6;Nafta;Manual;Hatchback;"Autos y camionetas";N/A;N/A;N/A;N/A;N/A;N/A;UY;N/A;N/A;N/A;N/A;N/A;N/A;N/A;N/A;N/A;N/A;N/A;N/A;N/A;N/A;N/A;N/A;N/A;N/A;N/A;N/A;N/A;N/A;N/A;N/A;N/A;N/A;N/A;N/A;N/A;N/A;N/A;N/A;N/A;N/A;N/A;N/A;N/A;N/A;N/A;N/A;N/A;N/A;N/A;N/A;N/A;N/A;N/A;N/A;N/A;N/A;N/A;N/A;N/A;N/A;N/A;N/A;N/A;N/A;N/A;N/A;N/A;N/A;N/A;N/A;N/A;N/A;N/A;N/A;N/A;N/A;N/A;N/A;N/A;N/A;N/A;N/A;N/A;N/A;N/A;N/A;N/A;N/A;N/A;N/A;N/A;N/A;N/A;N/A;N/A;Sí;N/A;N/A;N/A;N/A;N/A;N/A;N/A;N/A;N/A;N/A;N/A;N/A;N/A;N/A;N/A;N/A;N/A;Sí;N/A;N/A;N/A;N/A;N/A;N/A;N/A
Nissan;Note;"1.6 Note Advance At";2015;"142000 km";;ALEXANDERCAR1999;11500;;;;;"Carrasco Norte";https://auto.mercadolibre.com.uy/MLU-634831951-nissan-note-2015-16-note-advance-at-_JM;N/A;;"Nissan Note 2015 1.6 Note Advance At";usd;Sí;gold_premium;false;N/A;N/A;http://perfil.mercadolibre.com.uy/ALEXANDERCAR1999;active;N/A;N/A;Usado;N/A;N/A;Hidráulica;Delantera;Sí;N/A;N/A;N/A;N/A;N/A;N/A;N/A;N/A;N/A;N/A;N/A;N/A;N/A;N/A;N/A;N/A;N/A;N/A;N/A;N/A;N/A;N/A;N/A;N/A;"2600 mm";"1.6 L";"41 L";N/A;N/A;N/A;N/A;N/A;N/A;N/A;N/A;N/A;N/A;N/A;N/A;N/A;N/A;N/A;N/A;N/A;N/A;N/A;N/A;N/A;N/A;N/A;N/A;N/A;N/A;N/A;N/A;N/A;N/A;N/A;N/A;N/A;N/A;N/A;N/A;N/A;N/A;N/A;N/A;N/A;N/A;N/A;N/A;N/A;N/A;"1537 mm";"4142 mm";N/A;N/A;N/A;N/A;5;"109 hp";Advance;N/A;N/A;N/A;N/A;N/A;N/A;N/A;N/A;N/A;N/A;N/A;N/A;N/A;N/A;N/A;N/A;N/A;N/A;N/A;N/A;N/A;5;1.6;Nafta;Automática;Hatchback;"Autos y camionetas";N/A;N/A;N/A;N/A;N/A;N/A;UY;N/A;N/A;N/A;N/A;N/A;N/A;N/A;N/A;N/A;N/A;N/A;N/A;N/A;N/A;N/A;N/A;N/A;N/A;N/A;N/A;N/A;N/A;N/A;N/A;N/A;N/A;N/A;N/A;N/A;N/A;N/A;N/A;N/A;N/A;N/A;N/A;N/A;N/A;N/A;N/A;N/A;N/A;N/A;N/A;N/A;N/A;N/A;N/A;N/A;N/A;N/A;N/A;N/A;N/A;N/A;N/A;N/A;N/A;N/A;N/A;N/A;N/A;N/A;N/A;N/A;N/A;N/A;N/A;N/A;N/A;N/A;N/A;N/A;N/A;N/A;N/A;N/A;N/A;N/A;N/A;N/A;N/A;N/A;N/A;N/A;N/A;N/A;N/A;N/A;Sí;N/A;N/A;N/A;N/A;N/A;N/A;N/A;N/A;N/A;N/A;N/A;N/A;N/A;N/A;N/A;N/A;N/A;Sí;N/A;N/A;N/A;N/A;N/A;N/A;N/A
Nissan;Frontier;"Nissan frontiernp300";2015;"147300 km";;FERO5379401;11500;;;;;"Montes de Solymar";https://auto.mercadolibre.com.uy/MLU-635416309-nissan-frontier-nissan-frontiernp300-_JM;N/A;;"Nissan Frontier Nissan Frontiernp300";USD;Sí;gold_premium;false;N/A;N/A;http://perfil.mercadolibre.com.uy/FERO5379401;active;N/A;N/A;Usado;N/A;N/A;N/A;N/A;N/A;N/A;N/A;N/A;N/A;N/A;N/A;N/A;N/A;N/A;N/A;N/A;N/A;N/A;N/A;N/A;N/A;N/A;N/A;N/A;N/A;N/A;N/A;N/A;N/A;N/A;N/A;N/A;N/A;N/A;N/A;N/A;N/A;N/A;N/A;N/A;N/A;N/A;N/A;N/A;N/A;N/A;N/A;N/A;N/A;N/A;N/A;N/A;N/A;N/A;N/A;N/A;N/A;N/A;N/A;N/A;N/A;N/A;N/A;N/A;N/A;N/A;N/A;N/A;N/A;N/A;N/A;N/A;N/A;N/A;N/A;N/A;N/A;N/A;N/A;N/A;N/A;N/A;N/A;N/A;N/A;N/A;N/A;N/A;N/A;N/A;N/A;N/A;N/A;N/A;N/A;N/A;N/A;N/A;N/A;N/A;N/A;N/A;N/A;N/A;N/A;N/A;N/A;N/A;5;N/A;Nafta;N/A;N/A;"Autos y camionetas";N/A;N/A;N/A;N/A;N/A;N/A;N/A;N/A;N/A;N/A;N/A;N/A;N/A;N/A;N/A;N/A;N/A;N/A;N/A;N/A;N/A;N/A;N/A;N/A;N/A;N/A;N/A;N/A;N/A;N/A;N/A;N/A;N/A;N/A;N/A;N/A;N/A;N/A;N/A;N/A;N/A;N/A;N/A;N/A;N/A;N/A;N/A;N/A;N/A;N/A;N/A;N/A;N/A;N/A;N/A;N/A;N/A;N/A;N/A;N/A;N/A;N/A;N/A;N/A;N/A;N/A;N/A;N/A;N/A;N/A;N/A;N/A;N/A;N/A;N/A;N/A;N/A;N/A;N/A;N/A;N/A;N/A;N/A;N/A;N/A;N/A;N/A;N/A;N/A;N/A;N/A;N/A;N/A;N/A;N/A;N/A;N/A;N/A;N/A;N/A;N/A;N/A;N/A;N/A;N/A;N/A;N/A;N/A;N/A;N/A;N/A;N/A;N/A;N/A;N/A;N/A;N/A;N/A;N/A;N/A;N/A;N/A
Nissan;Frontier;4x2;2018;"160000 km";;"CLASEA AUTOMOVILES";18900;;;;;"Empalme Nicolich";https://auto.mercadolibre.com.uy/MLU-662834148-nissan-frontier-4x2-_JM;N/A;;"Nissan Frontier 4x2";USD;Sí;gold_premium;false;N/A;N/A;http://perfil.mercadolibre.com.uy/CLASEA+AUTOMOVILES;active;N/A;N/A;Usado;N/A;N/A;N/A;N/A;N/A;N/A;N/A;N/A;N/A;N/A;N/A;N/A;N/A;N/A;N/A;N/A;N/A;N/A;N/A;N/A;N/A;N/A;N/A;N/A;N/A;N/A;N/A;N/A;N/A;N/A;N/A;N/A;N/A;N/A;N/A;N/A;N/A;N/A;N/A;N/A;N/A;N/A;N/A;N/A;N/A;N/A;N/A;N/A;N/A;N/A;N/A;N/A;N/A;N/A;N/A;N/A;N/A;N/A;N/A;N/A;N/A;N/A;N/A;N/A;N/A;N/A;N/A;N/A;N/A;N/A;N/A;N/A;N/A;N/A;N/A;N/A;N/A;N/A;N/A;N/A;N/A;N/A;N/A;N/A;N/A;N/A;N/A;N/A;N/A;N/A;N/A;N/A;N/A;N/A;N/A;N/A;N/A;N/A;N/A;N/A;N/A;N/A;N/A;N/A;N/A;N/A;N/A;N/A;4;N/A;Nafta;N/A;N/A;"Autos y camionetas";N/A;N/A;N/A;N/A;N/A;N/A;N/A;N/A;N/A;N/A;N/A;N/A;N/A;N/A;N/A;N/A;N/A;N/A;N/A;N/A;N/A;N/A;N/A;N/A;N/A;N/A;N/A;N/A;N/A;N/A;N/A;N/A;N/A;N/A;N/A;N/A;N/A;N/A;N/A;N/A;N/A;N/A;N/A;N/A;N/A;N/A;N/A;N/A;N/A;N/A;N/A;N/A;N/A;N/A;N/A;N/A;N/A;N/A;N/A;N/A;N/A;N/A;N/A;N/A;N/A;N/A;N/A;N/A;N/A;N/A;N/A;N/A;N/A;N/A;N/A;N/A;N/A;N/A;N/A;N/A;N/A;N/A;N/A;N/A;N/A;N/A;N/A;N/A;N/A;N/A;N/A;N/A;N/A;N/A;N/A;N/A;N/A;N/A;N/A;N/A;N/A;N/A;N/A;N/A;N/A;N/A;N/A;N/A;N/A;N/A;N/A;N/A;N/A;N/A;N/A;N/A;N/A;N/A;N/A;N/A;N/A;N/A
Nissan;Versa;Full;2016;"60000 km";;BEDUSOLSRL;13900;;;;;"Parque Rodó";https://auto.mercadolibre.com.uy/MLU-662213378-nissan-versa-full-_JM;N/A;;"Nissan Versa Full";USD;Sí;gold_premium;false;N/A;N/A;http://perfil.mercadolibre.com.uy/BEDUSOLSRL;active;N/A;N/A;Usado;N/A;N/A;N/A;N/A;N/A;N/A;N/A;N/A;N/A;N/A;N/A;N/A;N/A;N/A;N/A;N/A;N/A;N/A;N/A;N/A;N/A;N/A;N/A;N/A;N/A;N/A;N/A;N/A;N/A;N/A;N/A;N/A;N/A;N/A;N/A;N/A;N/A;N/A;N/A;N/A;N/A;N/A;N/A;N/A;N/A;N/A;N/A;N/A;N/A;N/A;N/A;N/A;N/A;N/A;N/A;N/A;N/A;N/A;N/A;N/A;N/A;N/A;N/A;N/A;N/A;N/A;N/A;N/A;N/A;N/A;N/A;N/A;N/A;N/A;N/A;N/A;N/A;N/A;N/A;N/A;N/A;N/A;N/A;N/A;N/A;N/A;N/A;N/A;N/A;N/A;N/A;N/A;N/A;N/A;N/A;N/A;N/A;N/A;N/A;N/A;N/A;N/A;N/A;N/A;N/A;N/A;N/A;N/A;4;N/A;Nafta;N/A;N/A;"Autos y camionetas";N/A;N/A;N/A;N/A;N/A;N/A;N/A;N/A;N/A;N/A;N/A;N/A;N/A;N/A;N/A;N/A;N/A;N/A;N/A;N/A;N/A;N/A;N/A;N/A;N/A;N/A;N/A;N/A;N/A;N/A;N/A;N/A;N/A;N/A;N/A;N/A;N/A;N/A;N/A;N/A;N/A;N/A;N/A;N/A;N/A;N/A;N/A;N/A;N/A;N/A;N/A;N/A;N/A;N/A;N/A;N/A;N/A;N/A;N/A;N/A;N/A;N/A;N/A;N/A;N/A;N/A;N/A;N/A;N/A;N/A;N/A;N/A;N/A;N/A;N/A;N/A;N/A;N/A;N/A;N/A;N/A;N/A;N/A;N/A;N/A;N/A;N/A;N/A;N/A;N/A;N/A;N/A;N/A;N/A;N/A;N/A;N/A;N/A;N/A;N/A;N/A;N/A;N/A;N/A;N/A;N/A;N/A;N/A;N/A;N/A;N/A;N/A;N/A;N/A;N/A;N/A;N/A;N/A;N/A;N/A;N/A;N/A
Nissan;"NP300 Frontier";"2.5 Se Tdsl 188hp D.cab. 4x4";2020;"110000 km";;"KM0 MOTORS";32900;;;;;"Aeropuerto Internacional De Carrasco";https://auto.mercadolibre.com.uy/MLU-660421914-nissan-np300-frontier-2020-25-se-tdsl-188hp-dcab-4x4-_JM;N/A;;"Nissan Np300 Frontier 2020 2.5 Se Tdsl 188hp D.cab. 4x4";usd;Sí;gold_premium;false;N/A;N/A;http://perfil.mercadolibre.com.uy/KM0+MOTORS;active;N/A;N/A;Usado;N/A;N/A;Hidráulica;4x4;Sí;N/A;N/A;N/A;N/A;N/A;N/A;N/A;Sí;N/A;N/A;N/A;N/A;N/A;N/A;N/A;N/A;N/A;N/A;N/A;N/A;N/A;N/A;N/A;N/A;"3150 mm";"2.5 L";"80 L";7;N/A;N/A;N/A;N/A;N/A;N/A;N/A;N/A;N/A;N/A;N/A;N/A;N/A;N/A;N/A;N/A;N/A;N/A;N/A;N/A;N/A;N/A;N/A;N/A;N/A;N/A;N/A;N/A;N/A;N/A;N/A;N/A;N/A;Sí;Sí;Sí;N/A;N/A;N/A;N/A;N/A;N/A;N/A;N/A;N/A;"1860 mm";"5258 mm";N/A;N/A;N/A;N/A;N/A;"188 hp";Se;N/A;4;"1850 mm";N/A;N/A;N/A;N/A;N/A;N/A;N/A;N/A;N/A;N/A;N/A;N/A;N/A;N/A;N/A;N/A;N/A;N/A;2;2.5;Diésel;Manual;Pick-Up;"Autos y camionetas";N/A;N/A;N/A;N/A;N/A;N/A;UY;N/A;N/A;N/A;N/A;N/A;N/A;N/A;N/A;N/A;N/A;N/A;N/A;N/A;N/A;N/A;N/A;N/A;N/A;N/A;N/A;N/A;N/A;N/A;N/A;N/A;N/A;N/A;N/A;N/A;N/A;N/A;N/A;N/A;N/A;N/A;N/A;N/A;N/A;N/A;N/A;N/A;N/A;N/A;N/A;N/A;N/A;N/A;N/A;N/A;N/A;N/A;N/A;N/A;N/A;N/A;N/A;N/A;N/A;N/A;N/A;N/A;N/A;N/A;N/A;N/A;N/A;N/A;N/A;N/A;N/A;N/A;N/A;N/A;N/A;N/A;N/A;N/A;N/A;N/A;N/A;N/A;N/A;N/A;N/A;N/A;N/A;N/A;N/A;N/A;Sí;N/A;Sí;N/A;N/A;N/A;N/A;Sí;N/A;Sí;N/A;N/A;N/A;N/A;N/A;Sí;Sí;N/A;Sí;N/A;N/A;N/A;N/A;Sí;N/A;Sí
Nissan;Frontier;NP300;2009;"325000 km";;SCHMIDTEDUARDO91;8900;;;;;Buceo;https://auto.mercadolibre.com.uy/MLU-634783299-nissan-frontier-np300-_JM;N/A;;"Nissan Frontier Np300";USD;Sí;gold_premium;false;N/A;N/A;http://perfil.mercadolibre.com.uy/SCHMIDTEDUARDO91;active;N/A;N/A;Usado;N/A;N/A;N/A;N/A;N/A;N/A;N/A;N/A;N/A;N/A;N/A;N/A;N/A;N/A;N/A;N/A;N/A;N/A;N/A;N/A;N/A;N/A;N/A;N/A;N/A;N/A;N/A;N/A;N/A;N/A;N/A;N/A;N/A;N/A;N/A;N/A;N/A;N/A;N/A;N/A;N/A;N/A;N/A;N/A;N/A;N/A;N/A;N/A;N/A;N/A;N/A;N/A;N/A;N/A;N/A;N/A;N/A;N/A;N/A;N/A;N/A;N/A;N/A;N/A;N/A;N/A;N/A;N/A;N/A;N/A;N/A;N/A;N/A;N/A;N/A;N/A;N/A;N/A;N/A;N/A;N/A;N/A;N/A;N/A;N/A;N/A;N/A;N/A;N/A;N/A;N/A;N/A;N/A;N/A;N/A;N/A;N/A;N/A;N/A;N/A;N/A;N/A;N/A;N/A;N/A;N/A;N/A;N/A;4;N/A;Nafta;N/A;N/A;"Autos y camionetas";N/A;N/A;N/A;N/A;N/A;N/A;N/A;N/A;N/A;N/A;N/A;N/A;N/A;N/A;N/A;N/A;N/A;N/A;N/A;N/A;N/A;N/A;N/A;N/A;N/A;N/A;N/A;N/A;N/A;N/A;N/A;N/A;N/A;N/A;N/A;N/A;N/A;N/A;N/A;N/A;N/A;N/A;N/A;N/A;N/A;N/A;N/A;N/A;N/A;N/A;N/A;N/A;N/A;N/A;N/A;N/A;N/A;N/A;N/A;N/A;N/A;N/A;N/A;N/A;N/A;N/A;N/A;N/A;N/A;N/A;N/A;N/A;N/A;N/A;N/A;N/A;N/A;N/A;N/A;N/A;N/A;N/A;N/A;N/A;N/A;N/A;N/A;N/A;N/A;N/A;N/A;N/A;N/A;N/A;N/A;N/A;N/A;N/A;N/A;N/A;N/A;N/A;N/A;N/A;N/A;N/A;N/A;N/A;N/A;N/A;N/A;N/A;N/A;N/A;N/A;N/A;N/A;N/A;N/A;N/A;N/A;N/A
Nissan;Frontier;"2.4 Le Mt";2014;"116000 km";;"KM0 MOTORS";12500;;;;;"Aeropuerto Internacional De Carrasco";https://auto.mercadolibre.com.uy/MLU-653153038-nissan-frontier-2014-24-le-mt-_JM;N/A;;"Nissan Frontier 2014 2.4 Le Mt";usd;Sí;gold_premium;false;N/A;N/A;http://perfil.mercadolibre.com.uy/KM0+MOTORS;active;N/A;N/A;Usado;N/A;N/A;Hidráulica;4x4;Sí;N/A;N/A;N/A;N/A;N/A;N/A;N/A;N/A;N/A;N/A;N/A;N/A;N/A;N/A;N/A;N/A;N/A;N/A;N/A;N/A;N/A;N/A;N/A;N/A;"2950 mm";"2.4 L";"60 L";N/A;N/A;N/A;N/A;N/A;N/A;N/A;N/A;N/A;N/A;N/A;N/A;N/A;N/A;N/A;N/A;N/A;N/A;N/A;N/A;N/A;N/A;N/A;N/A;N/A;N/A;N/A;N/A;N/A;N/A;N/A;N/A;N/A;N/A;N/A;N/A;N/A;N/A;N/A;N/A;N/A;N/A;N/A;N/A;N/A;N/A;"1695 mm";"5010 mm";N/A;N/A;N/A;N/A;N/A;N/A;Le;N/A;N/A;"1820 mm";N/A;N/A;N/A;N/A;N/A;N/A;N/A;N/A;N/A;N/A;N/A;N/A;N/A;N/A;N/A;N/A;N/A;N/A;2;2.4;Nafta;Manual;Pick-Up;"Autos y camionetas";N/A;N/A;N/A;N/A;N/A;N/A;UY;N/A;N/A;N/A;N/A;N/A;N/A;N/A;N/A;N/A;N/A;N/A;N/A;N/A;N/A;N/A;N/A;N/A;N/A;N/A;N/A;N/A;N/A;N/A;N/A;N/A;N/A;N/A;N/A;N/A;N/A;N/A;N/A;N/A;N/A;N/A;N/A;N/A;N/A;N/A;N/A;N/A;N/A;N/A;N/A;N/A;N/A;N/A;N/A;N/A;N/A;N/A;N/A;N/A;N/A;N/A;N/A;N/A;N/A;N/A;N/A;N/A;N/A;N/A;N/A;N/A;N/A;N/A;N/A;N/A;N/A;N/A;N/A;N/A;N/A;N/A;N/A;N/A;N/A;N/A;N/A;N/A;N/A;N/A;N/A;N/A;N/A;N/A;N/A;N/A;Sí;N/A;N/A;N/A;N/A;N/A;N/A;N/A;N/A;N/A;N/A;N/A;N/A;N/A;N/A;N/A;N/A;N/A;Sí;N/A;N/A;N/A;N/A;N/A;N/A;N/A
Nissan;Kicks;"1.6 Exclusive Cvt";2022;"27000 km";;BLANCO2012;29000;;;;;Cordón;https://auto.mercadolibre.com.uy/MLU-665241354-nissan-kicks-16-exclusive-cvt-_JM;N/A;;"Nissan Kicks 1.6 Exclusive Cvt";USD;Sí;gold_premium;false;N/A;N/A;http://perfil.mercadolibre.com.uy/BLANCO2012;active;N/A;N/A;Usado;Naranja;N/A;Asistida;Delantera;Sí;Sí;N/A;N/A;N/A;N/A;N/A;N/A;Sí;N/A;N/A;Sí;Sí;N/A;Sí;N/A;N/A;N/A;N/A;N/A;N/A;N/A;N/A;N/A;N/A;N/A;N/A;N/A;N/A;N/A;N/A;N/A;N/A;N/A;N/A;N/A;N/A;N/A;N/A;N/A;N/A;N/A;N/A;N/A;N/A;N/A;N/A;N/A;N/A;N/A;N/A;N/A;N/A;N/A;N/A;N/A;N/A;N/A;N/A;N/A;N/A;N/A;N/A;N/A;N/A;N/A;N/A;N/A;N/A;N/A;N/A;N/A;N/A;N/A;N/A;N/A;N/A;N/A;N/A;N/A;N/A;N/A;N/A;N/A;N/A;N/A;N/A;N/A;N/A;Sí;Sí;N/A;Sí;Sí;N/A;N/A;N/A;N/A;N/A;N/A;N/A;N/A;Sí;N/A;5;1.6;Nafta;Automática;SUV;"Autos y camionetas";N/A;N/A;N/A;N/A;N/A;N/A;N/A;N/A;N/A;N/A;N/A;N/A;N/A;N/A;N/A;N/A;N/A;N/A;N/A;N/A;N/A;N/A;N/A;N/A;Sí;N/A;N/A;N/A;N/A;N/A;N/A;N/A;N/A;N/A;N/A;N/A;N/A;N/A;N/A;N/A;N/A;N/A;N/A;N/A;N/A;N/A;N/A;N/A;N/A;N/A;N/A;N/A;N/A;N/A;N/A;N/A;N/A;N/A;N/A;N/A;N/A;N/A;N/A;N/A;N/A;N/A;N/A;N/A;N/A;N/A;N/A;N/A;N/A;N/A;N/A;N/A;N/A;N/A;N/A;N/A;N/A;N/A;N/A;N/A;N/A;N/A;N/A;N/A;N/A;N/A;N/A;N/A;N/A;N/A;N/A;N/A;Sí;Sí;Sí;N/A;Sí;N/A;N/A;N/A;N/A;Sí;Sí;Sí;N/A;N/A;N/A;Sí;Sí;N/A;Sí;Sí;Sí;Sí;N/A;Sí;N/A;Sí
Nissan;Sentra;"1.8 Exclusive At";2022;"600 km";;MAXITOUY;31900;;;;;Palermo;https://auto.mercadolibre.com.uy/MLU-635309169-nissan-sentra-b18-exclusive-at-20-600-km-_JM;N/A;;"Nissan Sentra B18 Exclusive At 2.0 (600 Km)";usd;Sí;gold_premium;false;N/A;N/A;http://perfil.mercadolibre.com.uy/MAXITOUY;active;N/A;N/A;Usado;Naranja;Sí;Hidráulica;Delantera;Sí;Sí;N/A;N/A;N/A;No;N/A;N/A;Sí;N/A;N/A;Sí;Sí;N/A;Sí;N/A;N/A;N/A;N/A;N/A;N/A;N/A;N/A;N/A;N/A;"2700 mm";"1.8 L";"52 L";N/A;N/A;N/A;N/A;N/A;N/A;Sí;N/A;N/A;N/A;N/A;N/A;N/A;N/A;N/A;N/A;N/A;N/A;N/A;N/A;N/A;N/A;N/A;N/A;N/A;N/A;N/A;N/A;N/A;N/A;No;N/A;N/A;N/A;Sí;Sí;N/A;N/A;Sí;N/A;N/A;N/A;N/A;N/A;N/A;N/A;"1509 mm";"4636 mm";N/A;N/A;N/A;N/A;5;"129 hp";Exclusive;N/A;4;"1761 mm";N/A;Sí;N/A;Sí;Sí;N/A;Sí;Sí;N/A;Sí;N/A;N/A;Sí;Sí;N/A;N/A;No;"Lunes a domingo de 12 a 21 hs";4;1.8;Nafta;Automática;Sedán;"Autos y camionetas";No;N/A;N/A;N/A;No;N/A;UY;N/A;No;N/A;Sí;N/A;N/A;N/A;N/A;N/A;N/A;N/A;N/A;N/A;N/A;N/A;N/A;N/A;Sí;N/A;N/A;N/A;N/A;N/A;N/A;N/A;N/A;N/A;N/A;N/A;N/A;N/A;N/A;N/A;N/A;N/A;N/A;Sí;N/A;N/A;N/A;N/A;N/A;N/A;N/A;N/A;N/A;N/A;N/A;N/A;N/A;N/A;N/A;N/A;N/A;Sí;No;N/A;N/A;N/A;N/A;N/A;N/A;N/A;N/A;N/A;N/A;N/A;N/A;N/A;N/A;N/A;N/A;N/A;N/A;N/A;N/A;N/A;N/A;N/A;N/A;N/A;N/A;N/A;N/A;N/A;N/A;N/A;N/A;No;Sí;Sí;Sí;N/A;Sí;N/A;N/A;Sí;N/A;Sí;No;Sí;Sí;N/A;N/A;Sí;Sí;Sí;Sí;Sí;Sí;No;No;Sí;N/A;Sí
Nissan;Frontier;"Crew Cab Se 4x2 At";2010;"223000 km";;JOSE9739100;315600;;;;;Malvin;https://auto.mercadolibre.com.uy/MLU-662109700-nissan-frontier-2010-crew-cab-se-4x2-at-_JM;N/A;;"Nissan Frontier 2010 Crew Cab Se 4x2 At";usd;No;gold_premium;false;N/A;N/A;http://perfil.mercadolibre.com.uy/JOSE9739100;active;N/A;N/A;Usado;N/A;N/A;Hidráulica;4x2;Sí;N/A;N/A;N/A;N/A;N/A;N/A;N/A;N/A;N/A;N/A;N/A;N/A;N/A;N/A;N/A;N/A;N/A;N/A;N/A;N/A;N/A;N/A;N/A;N/A;N/A;"3.3 L";N/A;N/A;N/A;N/A;N/A;N/A;N/A;N/A;N/A;N/A;N/A;N/A;N/A;N/A;N/A;N/A;N/A;N/A;N/A;N/A;N/A;N/A;N/A;N/A;N/A;N/A;N/A;N/A;N/A;N/A;N/A;N/A;N/A;N/A;N/A;N/A;N/A;N/A;N/A;N/A;N/A;N/A;N/A;N/A;N/A;N/A;N/A;N/A;N/A;N/A;N/A;N/A;N/A;N/A;N/A;Se;N/A;N/A;N/A;N/A;N/A;N/A;N/A;N/A;N/A;N/A;N/A;N/A;N/A;N/A;N/A;N/A;N/A;N/A;N/A;N/A;N/A;4;3.3;Nafta;Automática;Pick-Up;"Autos y camionetas";N/A;N/A;N/A;N/A;N/A;N/A;UY;N/A;N/A;N/A;N/A;N/A;N/A;N/A;N/A;N/A;N/A;N/A;N/A;N/A;N/A;N/A;N/A;N/A;N/A;N/A;N/A;N/A;N/A;N/A;N/A;N/A;N/A;N/A;N/A;N/A;N/A;N/A;N/A;N/A;N/A;N/A;N/A;N/A;N/A;N/A;N/A;N/A;N/A;N/A;N/A;N/A;N/A;N/A;N/A;N/A;N/A;N/A;N/A;N/A;N/A;N/A;N/A;N/A;N/A;N/A;N/A;N/A;N/A;N/A;N/A;N/A;N/A;N/A;N/A;N/A;N/A;N/A;N/A;N/A;N/A;N/A;N/A;N/A;N/A;N/A;N/A;N/A;N/A;N/A;N/A;N/A;N/A;N/A;N/A;N/A;Sí;N/A;N/A;N/A;N/A;N/A;N/A;N/A;N/A;N/A;N/A;N/A;N/A;N/A;N/A;N/A;N/A;N/A;Sí;N/A;N/A;N/A;N/A;N/A;N/A;N/A
Nissan;Kicks;"Advance Cvt";2023;"0 km";;"NISSAN SANTAROSA";31990;;;;;Centro;https://auto.mercadolibre.com.uy/MLU-661769944-nissan-kicks-advance-cvt-16-2023-0km-_JM;N/A;;"Nissan Kicks Advance Cvt 1.6 2023 0km";USD;Sí;gold_premium;false;N/A;N/A;http://perfil.mercadolibre.com.uy/NISSAN+SANTAROSA;active;N/A;N/A;Nuevo;Azul;N/A;Eléctrica;N/A;Sí;Sí;Sí;N/A;N/A;N/A;Sí;Sí;N/A;N/A;Sí;Sí;Sí;N/A;N/A;N/A;N/A;N/A;N/A;N/A;N/A;N/A;N/A;N/A;N/A;N/A;"1600 cc";N/A;5;N/A;N/A;Sí;Sí;Sí;N/A;Sí;N/A;N/A;N/A;N/A;N/A;N/A;N/A;N/A;N/A;N/A;N/A;N/A;N/A;N/A;N/A;N/A;Sí;N/A;Sí;N/A;N/A;N/A;N/A;N/A;N/A;N/A;N/A;N/A;N/A;Sí;N/A;N/A;N/A;N/A;N/A;N/A;N/A;N/A;N/A;N/A;N/A;N/A;N/A;N/A;N/A;"118 hp";Advance;N/A;N/A;N/A;"15 km/l";N/A;N/A;N/A;N/A;Sí;Sí;Sí;Sí;N/A;N/A;"13 km/l";N/A;N/A;N/A;N/A;N/A;"Lun. a Vie. de 9 a 18:30 hs. Sáb. de 10 a 13 hs.";5;1.6;Nafta;Automática;SUV;"Autos y camionetas";Sí;N/A;N/A;N/A;Sí;N/A;N/A;Sí;Sí;Sí;No;N/A;N/A;N/A;N/A;N/A;N/A;N/A;N/A;N/A;N/A;N/A;N/A;N/A;N/A;N/A;N/A;N/A;N/A;N/A;N/A;N/A;N/A;N/A;N/A;N/A;N/A;N/A;N/A;N/A;N/A;N/A;N/A;Sí;N/A;N/A;N/A;N/A;N/A;N/A;N/A;N/A;N/A;N/A;N/A;N/A;N/A;N/A;N/A;N/A;N/A;Sí;No;N/A;N/A;N/A;N/A;N/A;N/A;N/A;N/A;N/A;N/A;N/A;N/A;N/A;N/A;N/A;N/A;N/A;N/A;N/A;N/A;N/A;N/A;N/A;N/A;N/A;N/A;N/A;N/A;N/A;N/A;N/A;N/A;N/A;Sí;Sí;Sí;Sí;Sí;N/A;Sí;N/A;Sí;Sí;N/A;N/A;N/A;N/A;Sí;Sí;N/A;N/A;Sí;N/A;Sí;N/A;N/A;N/A;N/A;Sí
Nissan;Kicks;"1.6 Exclusive At";2018;"75000 km";;"KM0 MOTORS";21500;;;;;"Aeropuerto Internacional De Carrasco";https://auto.mercadolibre.com.uy/MLU-664264632-nissan-kicks-2018-16-exclusive-at-_JM;N/A;;"Nissan Kicks 2018 1.6 Exclusive At";usd;Sí;gold_premium;false;N/A;N/A;http://perfil.mercadolibre.com.uy/KM0+MOTORS;active;N/A;N/A;Usado;N/A;N/A;Hidráulica;Delantera;Sí;N/A;N/A;N/A;N/A;N/A;N/A;N/A;Sí;N/A;N/A;N/A;N/A;N/A;N/A;N/A;N/A;N/A;N/A;N/A;N/A;N/A;N/A;N/A;N/A;"2620 mm";"1.6 L";"50 L";N/A;N/A;N/A;N/A;N/A;N/A;N/A;N/A;N/A;N/A;N/A;N/A;N/A;N/A;N/A;N/A;N/A;N/A;N/A;N/A;N/A;N/A;N/A;N/A;N/A;N/A;N/A;N/A;N/A;N/A;N/A;N/A;N/A;N/A;Sí;Sí;N/A;N/A;Sí;N/A;N/A;N/A;N/A;N/A;N/A;N/A;"1590 mm";"4295 mm";N/A;N/A;N/A;N/A;5;"118 hp";Exclusive;N/A;4;"1760 mm";N/A;N/A;N/A;N/A;N/A;N/A;N/A;N/A;N/A;N/A;N/A;N/A;N/A;N/A;N/A;N/A;N/A;N/A;5;1.6;Nafta;Automática;SUV;"Autos y camionetas";N/A;N/A;N/A;N/A;N/A;N/A;UY;N/A;N/A;N/A;N/A;N/A;N/A;N/A;N/A;N/A;N/A;N/A;N/A;N/A;N/A;N/A;N/A;N/A;N/A;N/A;N/A;N/A;N/A;N/A;N/A;N/A;N/A;N/A;N/A;N/A;N/A;N/A;N/A;N/A;N/A;N/A;N/A;N/A;N/A;N/A;N/A;N/A;N/A;N/A;N/A;N/A;N/A;N/A;N/A;N/A;N/A;N/A;N/A;N/A;N/A;N/A;N/A;N/A;N/A;N/A;N/A;N/A;N/A;N/A;N/A;N/A;N/A;N/A;N/A;N/A;N/A;N/A;N/A;N/A;N/A;N/A;N/A;N/A;N/A;N/A;N/A;N/A;N/A;N/A;N/A;N/A;N/A;N/A;N/A;N/A;Sí;N/A;Sí;N/A;N/A;N/A;N/A;N/A;N/A;Sí;N/A;N/A;N/A;N/A;N/A;Sí;Sí;N/A;Sí;N/A;N/A;N/A;N/A;Sí;N/A;Sí
Nissan;Qashqai;Exclusive;2023;"0 km";;ALIANZAMOTORS;55990;;;;;Pocitos;https://auto.mercadolibre.com.uy/MLU-665396028-nissan-new-qashqai-exclusive-2024-0km-_JM;N/A;;"Nissan New Qashqai Exclusive 2024 0km";usd;Sí;gold_premium;false;N/A;N/A;http://perfil.mercadolibre.com.uy/ALIANZAMOTORS;active;N/A;N/A;Nuevo;Blanco;N/A;Hidráulica;4x4;Sí;N/A;N/A;N/A;N/A;N/A;N/A;N/A;N/A;N/A;N/A;N/A;N/A;N/A;N/A;N/A;N/A;N/A;N/A;N/A;N/A;N/A;N/A;N/A;N/A;"2705 mm";"2 L";"60 L";N/A;N/A;N/A;N/A;N/A;N/A;N/A;N/A;N/A;N/A;N/A;N/A;N/A;N/A;N/A;N/A;N/A;N/A;N/A;N/A;N/A;N/A;N/A;N/A;N/A;N/A;N/A;N/A;N/A;N/A;N/A;N/A;N/A;N/A;Sí;Sí;Sí;N/A;Sí;N/A;N/A;N/A;N/A;N/A;N/A;N/A;"1740 mm";"4690 mm";N/A;N/A;N/A;N/A;5;"150 hp";Exclusive;N/A;4;"1820 mm";N/A;N/A;N/A;N/A;N/A;N/A;N/A;Sí;N/A;Sí;N/A;N/A;N/A;N/A;N/A;N/A;N/A;N/A;5;1.3T;Nafta;"Automática secuencial";SUV;"Autos y camionetas";N/A;N/A;N/A;N/A;N/A;N/A;UY;N/A;N/A;N/A;N/A;N/A;N/A;N/A;N/A;N/A;N/A;N/A;N/A;N/A;N/A;N/A;N/A;N/A;N/A;N/A;N/A;N/A;N/A;N/A;N/A;N/A;N/A;N/A;N/A;N/A;N/A;N/A;N/A;N/A;N/A;N/A;N/A;N/A;N/A;N/A;N/A;N/A;N/A;N/A;N/A;N/A;N/A;N/A;N/A;N/A;N/A;N/A;N/A;N/A;N/A;N/A;N/A;N/A;N/A;N/A;N/A;N/A;N/A;N/A;N/A;N/A;N/A;N/A;N/A;N/A;N/A;N/A;N/A;N/A;N/A;N/A;N/A;N/A;N/A;N/A;N/A;N/A;N/A;N/A;N/A;N/A;N/A;N/A;N/A;N/A;Sí;N/A;Sí;N/A;N/A;N/A;N/A;Sí;N/A;Sí;N/A;N/A;N/A;N/A;N/A;Sí;Sí;N/A;Sí;N/A;Sí;N/A;N/A;Sí;N/A;Sí
Nissan;March;"1.6 Advance Mt";2015;"80000 km";;"KM0 MOTORS";10800;;;;;"Aeropuerto Internacional De Carrasco";https://auto.mercadolibre.com.uy/MLU-664764924-nissan-march-2015-16-advance-mt-_JM;N/A;;"Nissan March 2015 1.6 Advance Mt";usd;Sí;gold_premium;false;N/A;N/A;http://perfil.mercadolibre.com.uy/KM0+MOTORS;active;N/A;N/A;Usado;N/A;N/A;Hidráulica;Delantera;Sí;N/A;N/A;N/A;N/A;N/A;N/A;N/A;N/A;N/A;N/A;N/A;N/A;N/A;N/A;N/A;N/A;N/A;N/A;N/A;N/A;N/A;N/A;N/A;N/A;"2450 mm";"1.6 L";"41 L";N/A;N/A;N/A;N/A;N/A;N/A;N/A;N/A;N/A;N/A;N/A;N/A;N/A;N/A;N/A;N/A;N/A;N/A;N/A;N/A;N/A;N/A;N/A;N/A;N/A;N/A;N/A;N/A;N/A;N/A;N/A;N/A;N/A;N/A;N/A;N/A;N/A;N/A;N/A;N/A;N/A;N/A;N/A;N/A;N/A;N/A;"1532 mm";"3827 mm";N/A;N/A;N/A;N/A;5;"109 hp";Advance;N/A;N/A;"1665 mm";N/A;N/A;N/A;N/A;N/A;N/A;N/A;N/A;N/A;N/A;N/A;N/A;N/A;N/A;N/A;N/A;N/A;N/A;5;1.6;Nafta;Manual;Hatchback;"Autos y camionetas";N/A;N/A;N/A;N/A;N/A;N/A;UY;N/A;N/A;N/A;N/A;N/A;N/A;N/A;N/A;N/A;N/A;N/A;N/A;N/A;N/A;N/A;N/A;N/A;N/A;N/A;N/A;N/A;N/A;N/A;N/A;N/A;N/A;N/A;N/A;N/A;N/A;N/A;N/A;N/A;N/A;N/A;N/A;N/A;N/A;N/A;N/A;N/A;N/A;N/A;N/A;N/A;N/A;N/A;N/A;N/A;N/A;N/A;N/A;N/A;N/A;N/A;N/A;N/A;N/A;N/A;N/A;N/A;N/A;N/A;N/A;N/A;N/A;N/A;N/A;N/A;N/A;N/A;N/A;N/A;N/A;N/A;N/A;N/A;N/A;N/A;N/A;N/A;N/A;N/A;N/A;N/A;N/A;N/A;N/A;N/A;Sí;N/A;N/A;N/A;N/A;N/A;N/A;N/A;N/A;N/A;N/A;N/A;N/A;N/A;N/A;N/A;N/A;N/A;Sí;N/A;N/A;N/A;N/A;N/A;N/A;N/A
Nissan;March;"1.6 Advance At";2015;"68000 km";;"KM0 MOTORS";11800;;;;;"Aeropuerto Internacional De Carrasco";https://auto.mercadolibre.com.uy/MLU-664653448-nissan-march-2015-16-advance-at-_JM;N/A;;"Nissan March 2015 1.6 Advance At";usd;Sí;gold_premium;false;N/A;N/A;http://perfil.mercadolibre.com.uy/KM0+MOTORS;active;N/A;N/A;Usado;N/A;N/A;Hidráulica;Delantera;Sí;N/A;N/A;N/A;N/A;N/A;N/A;N/A;N/A;N/A;N/A;N/A;N/A;N/A;N/A;N/A;N/A;N/A;N/A;N/A;N/A;N/A;N/A;N/A;N/A;"2450 mm";"1.6 L";"41 L";N/A;N/A;N/A;N/A;N/A;N/A;N/A;N/A;N/A;N/A;N/A;N/A;N/A;N/A;N/A;N/A;N/A;N/A;N/A;N/A;N/A;N/A;N/A;N/A;N/A;N/A;N/A;N/A;N/A;N/A;N/A;N/A;N/A;N/A;N/A;N/A;N/A;N/A;N/A;N/A;N/A;N/A;N/A;N/A;N/A;N/A;"1532 mm";"3827 mm";N/A;N/A;N/A;N/A;5;"109 hp";Advance;N/A;N/A;"1665 mm";N/A;N/A;N/A;N/A;N/A;N/A;N/A;N/A;N/A;N/A;N/A;N/A;N/A;N/A;N/A;N/A;N/A;N/A;5;1.6;Nafta;Automática;Hatchback;"Autos y camionetas";N/A;N/A;N/A;N/A;N/A;N/A;UY;N/A;N/A;N/A;N/A;N/A;N/A;N/A;N/A;N/A;N/A;N/A;N/A;N/A;N/A;N/A;N/A;N/A;N/A;N/A;N/A;N/A;N/A;N/A;N/A;N/A;N/A;N/A;N/A;N/A;N/A;N/A;N/A;N/A;N/A;N/A;N/A;N/A;N/A;N/A;N/A;N/A;N/A;N/A;N/A;N/A;N/A;N/A;N/A;N/A;N/A;N/A;N/A;N/A;N/A;N/A;N/A;N/A;N/A;N/A;N/A;N/A;N/A;N/A;N/A;N/A;N/A;N/A;N/A;N/A;N/A;N/A;N/A;N/A;N/A;N/A;N/A;N/A;N/A;N/A;N/A;N/A;N/A;N/A;N/A;N/A;N/A;N/A;N/A;N/A;Sí;N/A;N/A;N/A;N/A;N/A;N/A;N/A;N/A;N/A;N/A;N/A;N/A;N/A;N/A;N/A;N/A;N/A;Sí;N/A;N/A;N/A;N/A;N/A;N/A;N/A
Nissan;Versa;"1.6 Sense";2021;"65000 km";;"KM0 MOTORS";20800;;;;;"Aeropuerto Internacional De Carrasco";https://auto.mercadolibre.com.uy/MLU-661225342-nissan-versa-2021-16-sense-_JM;N/A;;"Nissan Versa 2021 1.6 Sense";usd;Sí;gold_premium;false;N/A;N/A;http://perfil.mercadolibre.com.uy/KM0+MOTORS;active;N/A;N/A;Usado;N/A;N/A;Hidráulica;Delantera;Sí;N/A;N/A;N/A;N/A;N/A;N/A;N/A;N/A;N/A;N/A;N/A;N/A;N/A;N/A;N/A;N/A;N/A;N/A;N/A;N/A;N/A;N/A;N/A;N/A;"2600 mm";"1.6 L";"41 L";5;N/A;N/A;N/A;N/A;N/A;N/A;N/A;N/A;N/A;N/A;N/A;N/A;N/A;N/A;N/A;N/A;N/A;N/A;N/A;N/A;N/A;N/A;N/A;N/A;N/A;N/A;N/A;N/A;N/A;N/A;N/A;N/A;N/A;Sí;Sí;N/A;N/A;N/A;N/A;N/A;N/A;N/A;N/A;N/A;N/A;"1506 mm";"4492 mm";N/A;N/A;N/A;N/A;5;"106 hp";Sense;N/A;4;"1695 mm";N/A;N/A;N/A;N/A;N/A;N/A;N/A;Sí;N/A;N/A;N/A;N/A;N/A;N/A;N/A;N/A;N/A;N/A;4;1.6;Nafta;Manual;Sedán;"Autos y camionetas";N/A;N/A;N/A;N/A;N/A;N/A;UY;N/A;N/A;N/A;N/A;N/A;N/A;N/A;N/A;N/A;N/A;N/A;N/A;N/A;N/A;N/A;N/A;N/A;N/A;N/A;N/A;N/A;N/A;N/A;N/A;N/A;N/A;N/A;N/A;N/A;N/A;N/A;N/A;N/A;N/A;N/A;N/A;N/A;N/A;N/A;N/A;N/A;N/A;N/A;N/A;N/A;N/A;N/A;N/A;N/A;N/A;N/A;N/A;N/A;N/A;N/A;N/A;N/A;N/A;N/A;N/A;N/A;N/A;N/A;N/A;N/A;N/A;N/A;N/A;N/A;N/A;N/A;N/A;N/A;N/A;N/A;N/A;N/A;N/A;N/A;N/A;N/A;N/A;N/A;N/A;N/A;N/A;N/A;N/A;N/A;Sí;N/A;N/A;N/A;N/A;N/A;N/A;N/A;N/A;Sí;N/A;N/A;N/A;N/A;N/A;N/A;Sí;N/A;Sí;N/A;N/A;N/A;N/A;Sí;N/A;N/A
Nissan;Versa;Exclusive;2022;"53000 km";;GANASILRO;25000;;;;;Canelones;https://auto.mercadolibre.com.uy/MLU-663482516-nissan-versa-exclusive-cvt-2022-53000-km-excelente-estado-_JM;N/A;;"Nissan Versa Exclusive Cvt 2022. 53.000 Km Excelente Estado.";USD;Sí;gold_premium;false;N/A;N/A;http://perfil.mercadolibre.com.uy/GANASILRO;active;N/A;N/A;Usado;Plateado;Sí;Eléctrica;N/A;Sí;Sí;N/A;N/A;N/A;No;N/A;N/A;Sí;N/A;N/A;Sí;Sí;N/A;Sí;N/A;N/A;N/A;N/A;N/A;N/A;N/A;N/A;N/A;N/A;N/A;N/A;N/A;N/A;N/A;N/A;N/A;N/A;N/A;No;N/A;N/A;N/A;N/A;N/A;N/A;N/A;N/A;N/A;N/A;N/A;N/A;N/A;N/A;N/A;N/A;N/A;N/A;N/A;N/A;N/A;N/A;N/A;N/A;N/A;N/A;N/A;N/A;N/A;N/A;N/A;N/A;N/A;N/A;N/A;N/A;N/A;N/A;N/A;N/A;N/A;N/A;N/A;N/A;N/A;N/A;N/A;N/A;N/A;N/A;N/A;N/A;N/A;N/A;Sí;Sí;N/A;N/A;Sí;N/A;No;N/A;N/A;Sí;N/A;N/A;N/A;N/A;N/A;5;1.6;Nafta;N/A;Sedán;"Autos y camionetas";N/A;N/A;N/A;N/A;N/A;N/A;N/A;N/A;Sí;N/A;N/A;N/A;N/A;N/A;N/A;N/A;N/A;N/A;N/A;N/A;N/A;N/A;N/A;N/A;Sí;N/A;N/A;N/A;N/A;N/A;N/A;N/A;N/A;N/A;N/A;N/A;N/A;N/A;N/A;N/A;N/A;N/A;N/A;Sí;N/A;N/A;N/A;N/A;N/A;N/A;N/A;N/A;N/A;N/A;N/A;N/A;N/A;N/A;N/A;N/A;N/A;Sí;N/A;N/A;N/A;N/A;N/A;N/A;N/A;N/A;N/A;N/A;N/A;N/A;N/A;N/A;N/A;N/A;N/A;N/A;N/A;N/A;N/A;N/A;N/A;N/A;N/A;N/A;N/A;N/A;N/A;N/A;N/A;N/A;N/A;Sí;Sí;Sí;Sí;N/A;Sí;N/A;N/A;N/A;N/A;Sí;No;Sí;Sí;N/A;N/A;Sí;Sí;Sí;Sí;Sí;Sí;No;N/A;N/A;N/A;Sí
Nissan;Tiida;1.8;2010;"203200 km";;ALVAROSUAREZ_AUTOMOVILES;10900;;;;;Cardona;https://auto.mercadolibre.com.uy/MLU-666030938-nissan-tiida-_JM;N/A;;"Nissan Tiida";USD;Sí;gold_premium;false;N/A;N/A;http://perfil.mercadolibre.com.uy/ALVAROSUAREZ_AUTOMOVILES;active;N/A;N/A;Usado;Negro;N/A;Hidráulica;N/A;N/A;N/A;N/A;N/A;N/A;N/A;N/A;N/A;N/A;N/A;N/A;N/A;N/A;N/A;N/A;N/A;N/A;N/A;N/A;N/A;N/A;N/A;N/A;N/A;N/A;N/A;N/A;N/A;N/A;N/A;N/A;N/A;N/A;N/A;N/A;N/A;N/A;N/A;N/A;N/A;N/A;N/A;N/A;N/A;N/A;N/A;N/A;N/A;N/A;N/A;N/A;N/A;N/A;N/A;N/A;N/A;N/A;N/A;N/A;N/A;N/A;N/A;N/A;N/A;N/A;N/A;N/A;N/A;N/A;N/A;N/A;N/A;N/A;N/A;N/A;N/A;N/A;N/A;N/A;N/A;N/A;N/A;N/A;N/A;N/A;N/A;N/A;N/A;N/A;N/A;N/A;N/A;N/A;N/A;N/A;N/A;N/A;N/A;N/A;N/A;N/A;N/A;N/A;N/A;5;1.8;Nafta;Manual;N/A;"Autos y camionetas";N/A;N/A;N/A;N/A;N/A;N/A;N/A;N/A;N/A;N/A;N/A;N/A;N/A;N/A;N/A;N/A;N/A;N/A;N/A;N/A;N/A;N/A;N/A;N/A;N/A;N/A;N/A;N/A;N/A;N/A;N/A;N/A;N/A;N/A;N/A;N/A;N/A;N/A;N/A;N/A;N/A;N/A;N/A;N/A;N/A;N/A;N/A;N/A;N/A;N/A;N/A;N/A;N/A;N/A;N/A;N/A;N/A;N/A;N/A;N/A;N/A;N/A;N/A;N/A;N/A;N/A;N/A;N/A;N/A;N/A;N/A;N/A;N/A;N/A;N/A;N/A;N/A;N/A;N/A;N/A;N/A;N/A;N/A;N/A;N/A;N/A;N/A;N/A;N/A;N/A;N/A;N/A;N/A;N/A;N/A;N/A;N/A;N/A;N/A;N/A;N/A;N/A;N/A;N/A;N/A;N/A;N/A;N/A;N/A;N/A;N/A;N/A;N/A;N/A;N/A;N/A;N/A;N/A;N/A;N/A;N/A;N/A
Nissan;Sentra;Sr;2023;"0 km";;ALIANZAMOTORS;37990;;;;;Pocitos;https://auto.mercadolibre.com.uy/MLU-635186005-nissan-sentra-sr-_JM;N/A;;"Nissan Sentra Sr";USD;Sí;gold_premium;false;N/A;N/A;http://perfil.mercadolibre.com.uy/ALIANZAMOTORS;active;N/A;N/A;Nuevo;Gris;N/A;Eléctrica;N/A;N/A;N/A;N/A;N/A;N/A;N/A;N/A;N/A;N/A;N/A;N/A;N/A;N/A;N/A;N/A;N/A;N/A;N/A;N/A;N/A;N/A;N/A;N/A;N/A;N/A;N/A;N/A;N/A;N/A;N/A;N/A;N/A;N/A;N/A;N/A;N/A;N/A;N/A;N/A;N/A;N/A;N/A;N/A;N/A;N/A;N/A;N/A;N/A;N/A;N/A;N/A;N/A;N/A;N/A;N/A;N/A;N/A;N/A;N/A;N/A;N/A;N/A;N/A;N/A;N/A;N/A;N/A;N/A;N/A;N/A;N/A;N/A;N/A;N/A;N/A;N/A;N/A;N/A;N/A;N/A;N/A;N/A;N/A;N/A;N/A;N/A;N/A;N/A;N/A;N/A;N/A;N/A;N/A;N/A;N/A;N/A;N/A;N/A;N/A;N/A;N/A;N/A;N/A;N/A;5;2.0;Nafta;"Automática secuencial";Sedán;"Autos y camionetas";N/A;N/A;N/A;N/A;N/A;N/A;N/A;N/A;N/A;N/A;N/A;N/A;N/A;N/A;N/A;N/A;N/A;N/A;N/A;N/A;N/A;N/A;N/A;N/A;N/A;N/A;N/A;N/A;N/A;N/A;N/A;N/A;N/A;N/A;N/A;N/A;N/A;N/A;N/A;N/A;N/A;N/A;N/A;N/A;N/A;N/A;N/A;N/A;N/A;N/A;N/A;N/A;N/A;N/A;N/A;N/A;N/A;N/A;N/A;N/A;N/A;N/A;N/A;N/A;N/A;N/A;N/A;N/A;N/A;N/A;N/A;N/A;N/A;N/A;N/A;N/A;N/A;N/A;N/A;N/A;N/A;N/A;N/A;N/A;N/A;N/A;N/A;N/A;N/A;N/A;N/A;N/A;N/A;N/A;N/A;N/A;N/A;N/A;N/A;N/A;N/A;N/A;N/A;N/A;N/A;N/A;N/A;N/A;N/A;N/A;N/A;N/A;N/A;N/A;N/A;N/A;N/A;N/A;N/A;N/A;N/A;N/A
Nissan;"NP300 Frontier";"PRO 4X4 NAFTA";2023;"0 km";;ALIANZAMOTORS;46968;;;;;Pocitos;https://auto.mercadolibre.com.uy/MLU-665173616-nissan-frontier-pro4x4-_JM;N/A;;"Nissan Frontier Pro4x4";USD;Sí;gold_premium;false;N/A;N/A;http://perfil.mercadolibre.com.uy/ALIANZAMOTORS;active;N/A;N/A;Nuevo;Negro;N/A;Eléctrica;4x4;N/A;N/A;N/A;N/A;N/A;N/A;N/A;N/A;N/A;N/A;N/A;N/A;N/A;N/A;N/A;N/A;N/A;N/A;N/A;N/A;N/A;N/A;N/A;N/A;N/A;N/A;N/A;N/A;N/A;N/A;N/A;N/A;N/A;N/A;N/A;N/A;N/A;N/A;N/A;N/A;N/A;N/A;N/A;N/A;N/A;N/A;N/A;N/A;N/A;N/A;N/A;N/A;N/A;N/A;N/A;N/A;N/A;N/A;N/A;N/A;N/A;N/A;N/A;N/A;N/A;N/A;N/A;N/A;N/A;N/A;N/A;N/A;N/A;N/A;N/A;N/A;N/A;N/A;N/A;N/A;N/A;N/A;N/A;N/A;N/A;N/A;N/A;N/A;N/A;N/A;N/A;N/A;N/A;N/A;N/A;N/A;N/A;N/A;N/A;N/A;N/A;N/A;N/A;"LUNES A VIERNES DE 9 A 19 30";5;2.5;Nafta;"Automática secuencial";Pick-Up;"Autos y camionetas";N/A;N/A;N/A;N/A;N/A;N/A;N/A;N/A;N/A;N/A;N/A;N/A;N/A;N/A;N/A;N/A;N/A;N/A;N/A;N/A;N/A;N/A;N/A;N/A;N/A;N/A;N/A;N/A;N/A;N/A;N/A;N/A;N/A;N/A;N/A;N/A;N/A;N/A;N/A;N/A;N/A;N/A;N/A;N/A;N/A;N/A;N/A;N/A;N/A;N/A;N/A;N/A;N/A;N/A;N/A;N/A;N/A;N/A;N/A;N/A;N/A;N/A;N/A;N/A;N/A;N/A;N/A;N/A;N/A;N/A;N/A;N/A;N/A;N/A;N/A;N/A;N/A;N/A;N/A;N/A;N/A;N/A;N/A;N/A;N/A;N/A;N/A;N/A;N/A;N/A;N/A;N/A;N/A;N/A;N/A;N/A;N/A;N/A;N/A;N/A;N/A;N/A;N/A;N/A;N/A;N/A;N/A;N/A;N/A;N/A;N/A;N/A;N/A;N/A;N/A;N/A;N/A;N/A;N/A;N/A;N/A;N/A
Nissan;Tiida;"1.8 Premium Mt";2010;"148000 km";;MARADELCARMENBREASARAVIA;10500;;;;;"Villa Aeroparque";https://auto.mercadolibre.com.uy/MLU-634779391-nissan-tiida-2010-18-premium-mt-_JM;N/A;;"Nissan Tiida 2010 1.8 Premium Mt";usd;Sí;gold_premium;false;N/A;N/A;http://perfil.mercadolibre.com.uy/MARADELCARMENBREASARAVIA;active;N/A;N/A;Usado;N/A;N/A;Hidráulica;Delantera;Sí;N/A;N/A;N/A;N/A;N/A;N/A;N/A;N/A;N/A;N/A;N/A;N/A;N/A;N/A;N/A;N/A;N/A;N/A;N/A;N/A;N/A;N/A;N/A;N/A;"2600 mm";"1.8 L";"52.4 L";N/A;N/A;N/A;N/A;N/A;N/A;N/A;N/A;N/A;N/A;N/A;N/A;N/A;N/A;N/A;N/A;N/A;N/A;N/A;N/A;N/A;N/A;N/A;N/A;N/A;N/A;N/A;N/A;N/A;N/A;N/A;N/A;N/A;N/A;N/A;N/A;N/A;N/A;N/A;N/A;N/A;N/A;N/A;N/A;N/A;N/A;"1548 mm";"4297 mm";N/A;N/A;N/A;N/A;N/A;N/A;Premium;N/A;N/A;"1695 mm";N/A;N/A;N/A;N/A;N/A;N/A;N/A;N/A;N/A;N/A;N/A;N/A;N/A;N/A;N/A;N/A;N/A;N/A;5;1.8;Nafta;Manual;Hatchback;"Autos y camionetas";N/A;N/A;N/A;N/A;N/A;N/A;UY;N/A;N/A;N/A;N/A;N/A;N/A;N/A;N/A;N/A;N/A;N/A;N/A;N/A;N/A;N/A;N/A;N/A;N/A;N/A;N/A;N/A;N/A;N/A;N/A;N/A;N/A;N/A;N/A;N/A;N/A;N/A;N/A;N/A;N/A;N/A;N/A;N/A;N/A;N/A;N/A;N/A;N/A;N/A;N/A;N/A;N/A;N/A;N/A;N/A;N/A;N/A;N/A;N/A;N/A;N/A;N/A;N/A;N/A;N/A;N/A;N/A;N/A;N/A;N/A;N/A;N/A;N/A;N/A;N/A;N/A;N/A;N/A;N/A;N/A;N/A;N/A;N/A;N/A;N/A;N/A;N/A;N/A;N/A;N/A;N/A;N/A;N/A;N/A;N/A;Sí;N/A;N/A;N/A;N/A;N/A;N/A;N/A;N/A;N/A;N/A;N/A;N/A;N/A;N/A;N/A;N/A;N/A;Sí;N/A;N/A;N/A;N/A;N/A;N/A;N/A
Nissan;March;"1.6 Advance Mt";2016;"53000 km";;UNDER2023;13700;;;;;"Parque Batlle";https://auto.mercadolibre.com.uy/MLU-665993344-nissan-march-16-extra-full-mt-_JM;N/A;;"Nissan March 1.6 Extra Full Mt";usd;Sí;gold_premium;false;N/A;N/A;http://perfil.mercadolibre.com.uy/UNDER2023;active;N/A;N/A;Usado;Gris;N/A;Hidráulica;Delantera;Sí;N/A;N/A;N/A;N/A;N/A;N/A;N/A;N/A;N/A;N/A;N/A;N/A;N/A;N/A;N/A;N/A;N/A;N/A;N/A;N/A;N/A;N/A;N/A;N/A;"2450 mm";"1.6 L";"41 L";5;N/A;N/A;N/A;N/A;N/A;N/A;N/A;N/A;N/A;N/A;N/A;N/A;N/A;N/A;N/A;N/A;N/A;N/A;N/A;N/A;N/A;N/A;N/A;N/A;N/A;N/A;N/A;N/A;N/A;N/A;N/A;N/A;N/A;Sí;Sí;N/A;N/A;N/A;N/A;N/A;N/A;N/A;N/A;N/A;N/A;"1532 mm";"3827 mm";N/A;N/A;N/A;N/A;5;"106 hp";Advance;N/A;4;"1665 mm";N/A;N/A;N/A;N/A;N/A;N/A;N/A;Sí;N/A;N/A;N/A;N/A;N/A;N/A;N/A;N/A;N/A;"9 a 21hs";5;1.6;Nafta;Manual;Hatchback;"Autos y camionetas";N/A;N/A;N/A;N/A;N/A;N/A;UY;N/A;N/A;N/A;N/A;N/A;N/A;N/A;N/A;N/A;N/A;N/A;N/A;N/A;N/A;N/A;N/A;N/A;N/A;N/A;N/A;N/A;N/A;N/A;N/A;N/A;N/A;N/A;N/A;N/A;N/A;N/A;N/A;N/A;N/A;N/A;N/A;N/A;N/A;N/A;N/A;N/A;N/A;N/A;N/A;N/A;N/A;N/A;N/A;N/A;N/A;N/A;N/A;N/A;N/A;N/A;N/A;N/A;N/A;N/A;N/A;N/A;N/A;N/A;N/A;N/A;N/A;N/A;N/A;N/A;N/A;N/A;N/A;N/A;N/A;N/A;N/A;N/A;N/A;N/A;N/A;N/A;N/A;N/A;N/A;N/A;N/A;N/A;N/A;N/A;Sí;N/A;Sí;N/A;N/A;N/A;N/A;Sí;N/A;Sí;N/A;N/A;N/A;N/A;N/A;N/A;Sí;N/A;Sí;N/A;N/A;N/A;N/A;Sí;N/A;Sí
Nissan;Note;"1.6 Note Sense Mt";2014;"103000 km";;CZMLUY;11900;;;;;"La Tahona";https://auto.mercadolibre.com.uy/MLU-665017608-nissan-note-sense-manual-_JM;N/A;;"Nissan Note Sense Manual ";usd;Sí;gold_premium;false;N/A;N/A;http://perfil.mercadolibre.com.uy/CZMLUY;active;N/A;N/A;Usado;Blanco;No;Hidráulica;Delantera;Sí;Sí;N/A;N/A;N/A;No;N/A;N/A;No;N/A;N/A;No;Sí;N/A;No;N/A;N/A;N/A;N/A;N/A;N/A;N/A;N/A;N/A;N/A;"2600 mm";"1.6 L";"41 L";N/A;N/A;N/A;N/A;N/A;N/A;No;N/A;N/A;N/A;N/A;N/A;N/A;N/A;N/A;N/A;N/A;N/A;N/A;N/A;N/A;N/A;N/A;N/A;N/A;N/A;N/A;N/A;N/A;N/A;Sí;N/A;N/A;N/A;N/A;N/A;N/A;N/A;N/A;N/A;N/A;N/A;N/A;N/A;N/A;N/A;"1537 mm";"4142 mm";N/A;N/A;N/A;N/A;5;"109 hp";Sense;N/A;N/A;N/A;N/A;No;N/A;No;Sí;N/A;Sí;Sí;N/A;No;N/A;N/A;No;No;N/A;N/A;Sí;N/A;5;1.6;Nafta;Manual;Hatchback;"Autos y camionetas";No;N/A;N/A;N/A;No;N/A;UY;N/A;No;N/A;No;N/A;N/A;N/A;N/A;N/A;N/A;N/A;N/A;N/A;N/A;N/A;N/A;N/A;Sí;N/A;N/A;N/A;N/A;N/A;N/A;N/A;N/A;N/A;N/A;N/A;N/A;N/A;N/A;N/A;N/A;N/A;N/A;No;N/A;N/A;N/A;N/A;N/A;N/A;N/A;N/A;N/A;N/A;N/A;N/A;N/A;N/A;N/A;N/A;N/A;No;Sí;N/A;N/A;N/A;N/A;N/A;N/A;N/A;N/A;N/A;N/A;N/A;N/A;N/A;N/A;N/A;N/A;N/A;N/A;N/A;N/A;N/A;N/A;N/A;N/A;N/A;N/A;N/A;N/A;N/A;N/A;N/A;N/A;No;Sí;Sí;Sí;N/A;Sí;N/A;N/A;N/A;N/A;Sí;No;No;Sí;N/A;N/A;No;No;Sí;Sí;Sí;Sí;No;No;Sí;N/A;Sí
Nissan;D21;"Pick Up diesel";2007;"195000 km";;ANDRES752003;13500000;;;;;"Treinta y Tres";https://auto.mercadolibre.com.uy/MLU-664127998-nissan-d21-pick-up-diesel-_JM;N/A;;"Nissan D21 Pick Up Diesel";USD;No;gold_premium;false;N/A;N/A;http://perfil.mercadolibre.com.uy/ANDRES752003;active;N/A;N/A;Usado;Blanco;N/A;Hidráulica;Trasera;N/A;N/A;N/A;N/A;N/A;N/A;N/A;N/A;N/A;N/A;N/A;N/A;N/A;N/A;N/A;N/A;N/A;N/A;N/A;N/A;N/A;N/A;N/A;N/A;N/A;N/A;N/A;N/A;N/A;N/A;N/A;N/A;N/A;N/A;N/A;N/A;N/A;N/A;N/A;N/A;N/A;N/A;N/A;N/A;N/A;N/A;N/A;N/A;N/A;N/A;N/A;N/A;N/A;N/A;N/A;N/A;N/A;N/A;N/A;N/A;N/A;N/A;N/A;N/A;N/A;N/A;N/A;N/A;N/A;N/A;N/A;N/A;N/A;N/A;N/A;N/A;N/A;N/A;N/A;N/A;N/A;N/A;N/A;N/A;N/A;N/A;N/A;No;N/A;N/A;N/A;N/A;N/A;N/A;N/A;N/A;N/A;N/A;N/A;N/A;N/A;N/A;N/A;N/A;2;2.7;Diésel;Manual;Pick-Up;"Autos y camionetas";N/A;N/A;N/A;N/A;N/A;N/A;N/A;N/A;N/A;N/A;N/A;N/A;N/A;N/A;N/A;N/A;N/A;N/A;N/A;N/A;N/A;N/A;N/A;N/A;N/A;N/A;N/A;N/A;N/A;N/A;N/A;N/A;N/A;N/A;N/A;N/A;N/A;N/A;N/A;N/A;N/A;N/A;N/A;N/A;N/A;N/A;N/A;N/A;N/A;N/A;N/A;N/A;N/A;N/A;N/A;N/A;N/A;N/A;N/A;N/A;N/A;N/A;N/A;N/A;N/A;N/A;N/A;N/A;N/A;N/A;N/A;N/A;N/A;N/A;N/A;N/A;N/A;N/A;N/A;N/A;N/A;N/A;N/A;N/A;N/A;N/A;N/A;N/A;N/A;N/A;N/A;N/A;N/A;N/A;N/A;N/A;N/A;N/A;N/A;N/A;N/A;N/A;N/A;N/A;N/A;N/A;N/A;N/A;N/A;N/A;N/A;N/A;N/A;N/A;N/A;N/A;N/A;N/A;N/A;N/A;N/A;N/A
Nissan;Versa;"1.6 Sense";2018;"88264 km";;NISA830;14500;;;;;"Fray Marcos";https://auto.mercadolibre.com.uy/MLU-664990676-nissan-versa-2018-16-sense-_JM;N/A;;"Nissan Versa 2018 1.6 Sense";usd;Sí;gold_premium;false;N/A;N/A;http://perfil.mercadolibre.com.uy/NISA830;active;N/A;N/A;Usado;N/A;N/A;Hidráulica;Delantera;Sí;N/A;N/A;N/A;N/A;N/A;N/A;N/A;N/A;N/A;N/A;N/A;N/A;N/A;N/A;N/A;N/A;N/A;N/A;N/A;N/A;N/A;N/A;N/A;N/A;"2600 mm";"1.6 L";"41 L";5;N/A;N/A;N/A;N/A;N/A;N/A;N/A;N/A;N/A;N/A;N/A;N/A;N/A;N/A;N/A;N/A;N/A;N/A;N/A;N/A;N/A;N/A;N/A;N/A;N/A;N/A;N/A;N/A;N/A;N/A;N/A;N/A;N/A;Sí;Sí;N/A;N/A;N/A;N/A;N/A;N/A;N/A;N/A;N/A;N/A;"1506 mm";"4492 mm";N/A;N/A;N/A;N/A;5;"106 hp";Sense;N/A;4;"1695 mm";N/A;N/A;N/A;N/A;N/A;N/A;N/A;Sí;N/A;N/A;N/A;N/A;N/A;N/A;N/A;N/A;N/A;N/A;4;1.6;Nafta;Manual;Sedán;"Autos y camionetas";N/A;N/A;N/A;N/A;N/A;N/A;UY;N/A;N/A;N/A;N/A;N/A;N/A;N/A;N/A;N/A;N/A;N/A;N/A;N/A;N/A;N/A;N/A;N/A;N/A;N/A;N/A;N/A;N/A;N/A;N/A;N/A;N/A;N/A;N/A;N/A;N/A;N/A;N/A;N/A;N/A;N/A;N/A;N/A;N/A;N/A;N/A;N/A;N/A;N/A;N/A;N/A;N/A;N/A;N/A;N/A;N/A;N/A;N/A;N/A;N/A;N/A;N/A;N/A;N/A;N/A;N/A;N/A;N/A;N/A;N/A;N/A;N/A;N/A;N/A;N/A;N/A;N/A;N/A;N/A;N/A;N/A;N/A;N/A;N/A;N/A;N/A;N/A;N/A;N/A;N/A;N/A;N/A;N/A;N/A;N/A;Sí;N/A;N/A;N/A;N/A;N/A;N/A;N/A;N/A;Sí;N/A;N/A;N/A;N/A;N/A;N/A;Sí;N/A;Sí;N/A;N/A;N/A;N/A;Sí;N/A;N/A
Nissan;D-21;"Doble Cabina";1998;"310000 km";;DANIELYA2007;9600;;;;;Solymar;https://auto.mercadolibre.com.uy/MLU-664383372-nissan-d21-_JM;N/A;;"Nissan D21";USD;No;gold_premium;false;N/A;N/A;http://perfil.mercadolibre.com.uy/DANIELYA2007;active;N/A;N/A;Usado;Azul;N/A;Hidráulica;N/A;N/A;N/A;N/A;N/A;N/A;N/A;N/A;N/A;N/A;N/A;N/A;N/A;N/A;N/A;N/A;N/A;N/A;N/A;N/A;N/A;N/A;N/A;N/A;N/A;N/A;N/A;N/A;N/A;N/A;N/A;N/A;N/A;N/A;N/A;N/A;N/A;N/A;N/A;N/A;N/A;N/A;N/A;N/A;N/A;N/A;N/A;N/A;N/A;N/A;N/A;N/A;N/A;N/A;N/A;N/A;N/A;N/A;N/A;N/A;N/A;N/A;N/A;N/A;N/A;N/A;N/A;N/A;N/A;N/A;N/A;N/A;N/A;N/A;N/A;N/A;N/A;N/A;N/A;N/A;N/A;N/A;N/A;N/A;N/A;N/A;N/A;N/A;N/A;N/A;N/A;N/A;N/A;N/A;N/A;N/A;N/A;N/A;N/A;N/A;N/A;N/A;N/A;N/A;7a22;4;N/A;Diésel;Manual;N/A;"Autos y camionetas";N/A;N/A;N/A;N/A;N/A;N/A;N/A;N/A;N/A;N/A;N/A;N/A;N/A;N/A;N/A;N/A;N/A;N/A;N/A;N/A;N/A;N/A;N/A;N/A;N/A;N/A;N/A;N/A;N/A;N/A;N/A;N/A;N/A;N/A;N/A;N/A;N/A;N/A;N/A;N/A;N/A;N/A;N/A;N/A;N/A;N/A;N/A;N/A;N/A;N/A;N/A;N/A;N/A;N/A;N/A;N/A;N/A;N/A;N/A;N/A;N/A;N/A;N/A;N/A;N/A;N/A;N/A;N/A;N/A;N/A;N/A;N/A;N/A;N/A;N/A;N/A;N/A;N/A;N/A;N/A;N/A;N/A;N/A;N/A;N/A;N/A;N/A;N/A;N/A;N/A;N/A;N/A;N/A;N/A;N/A;N/A;N/A;N/A;N/A;N/A;N/A;N/A;N/A;N/A;N/A;N/A;N/A;N/A;N/A;N/A;N/A;N/A;N/A;N/A;N/A;N/A;N/A;N/A;N/A;N/A;N/A;N/A
Nissan;D-21;"D21 cabina simple";2007;"413000 km";;GRMA6077701;11900;;;;;"Nueva Palmira";https://auto.mercadolibre.com.uy/MLU-664249634-nissan-d-21-d21-cabina-simple-_JM;N/A;;"Nissan D 21 D21 Cabina Simple";USD;No;gold_premium;false;N/A;N/A;http://perfil.mercadolibre.com.uy/GRMA6077701;active;N/A;N/A;Usado;N/A;N/A;N/A;N/A;N/A;N/A;N/A;N/A;N/A;N/A;N/A;N/A;N/A;N/A;N/A;N/A;N/A;N/A;N/A;N/A;N/A;N/A;N/A;N/A;N/A;N/A;N/A;N/A;N/A;N/A;N/A;N/A;N/A;N/A;N/A;N/A;N/A;N/A;N/A;N/A;N/A;N/A;N/A;N/A;N/A;N/A;N/A;N/A;N/A;N/A;N/A;N/A;N/A;N/A;N/A;N/A;N/A;N/A;N/A;N/A;N/A;N/A;N/A;N/A;N/A;N/A;N/A;N/A;N/A;N/A;N/A;N/A;N/A;N/A;N/A;N/A;N/A;N/A;N/A;N/A;N/A;N/A;N/A;N/A;N/A;N/A;N/A;N/A;N/A;N/A;N/A;N/A;N/A;N/A;N/A;N/A;N/A;N/A;N/A;N/A;N/A;N/A;N/A;N/A;N/A;N/A;N/A;N/A;2;N/A;Diésel;N/A;N/A;"Autos y camionetas";N/A;N/A;N/A;N/A;N/A;N/A;N/A;N/A;N/A;N/A;N/A;N/A;N/A;N/A;N/A;N/A;N/A;N/A;N/A;N/A;N/A;N/A;N/A;N/A;N/A;N/A;N/A;N/A;N/A;N/A;N/A;N/A;N/A;N/A;N/A;N/A;N/A;N/A;N/A;N/A;N/A;N/A;N/A;N/A;N/A;N/A;N/A;N/A;N/A;N/A;N/A;N/A;N/A;N/A;N/A;N/A;N/A;N/A;N/A;N/A;N/A;N/A;N/A;N/A;N/A;N/A;N/A;N/A;N/A;N/A;N/A;N/A;N/A;N/A;N/A;N/A;N/A;N/A;N/A;N/A;N/A;N/A;N/A;N/A;N/A;N/A;N/A;N/A;N/A;N/A;N/A;N/A;N/A;N/A;N/A;N/A;N/A;N/A;N/A;N/A;N/A;N/A;N/A;N/A;N/A;N/A;N/A;N/A;N/A;N/A;N/A;N/A;N/A;N/A;N/A;N/A;N/A;N/A;N/A;N/A;N/A;N/A
Nissan;Frontier;Se;2020;"53689 km";;CHRISGRATA;24000;;;;;"Lomas de Solymar";https://auto.mercadolibre.com.uy/MLU-666157708-nissan-frontier-se-_JM;N/A;;"Nissan Frontier Se";USD;Sí;gold_premium;false;N/A;N/A;http://perfil.mercadolibre.com.uy/CHRISGRATA;active;N/A;N/A;Usado;N/A;N/A;N/A;N/A;N/A;N/A;N/A;N/A;N/A;N/A;N/A;N/A;N/A;N/A;N/A;N/A;N/A;N/A;N/A;N/A;N/A;N/A;N/A;N/A;N/A;N/A;N/A;N/A;N/A;N/A;N/A;N/A;N/A;N/A;N/A;N/A;N/A;N/A;N/A;N/A;N/A;N/A;N/A;N/A;N/A;N/A;N/A;N/A;N/A;N/A;N/A;N/A;N/A;N/A;N/A;N/A;N/A;N/A;N/A;N/A;N/A;N/A;N/A;N/A;N/A;N/A;N/A;N/A;N/A;N/A;N/A;N/A;N/A;N/A;N/A;N/A;N/A;N/A;N/A;N/A;N/A;N/A;N/A;N/A;N/A;N/A;N/A;N/A;N/A;N/A;N/A;N/A;N/A;N/A;N/A;N/A;N/A;N/A;N/A;N/A;N/A;N/A;N/A;N/A;N/A;N/A;N/A;N/A;4;N/A;Nafta;N/A;N/A;"Autos y camionetas";N/A;N/A;N/A;N/A;N/A;N/A;N/A;N/A;N/A;N/A;N/A;N/A;N/A;N/A;N/A;N/A;N/A;N/A;N/A;N/A;N/A;N/A;N/A;N/A;N/A;N/A;N/A;N/A;N/A;N/A;N/A;N/A;N/A;N/A;N/A;N/A;N/A;N/A;N/A;N/A;N/A;N/A;N/A;N/A;N/A;N/A;N/A;N/A;N/A;N/A;N/A;N/A;N/A;N/A;N/A;N/A;N/A;N/A;N/A;N/A;N/A;N/A;N/A;N/A;N/A;N/A;N/A;N/A;N/A;N/A;N/A;N/A;N/A;N/A;N/A;N/A;N/A;N/A;N/A;N/A;N/A;N/A;N/A;N/A;N/A;N/A;N/A;N/A;N/A;N/A;N/A;N/A;N/A;N/A;N/A;N/A;N/A;N/A;N/A;N/A;N/A;N/A;N/A;N/A;N/A;N/A;N/A;N/A;N/A;N/A;N/A;N/A;N/A;N/A;N/A;N/A;N/A;N/A;N/A;N/A;N/A;N/A
Nissan;"NP300 Frontier";"2.5 Se Doble Cabina";2018;"105500 km";;FACUNDOBRANDON;19600;;;;;"Tres Cruces";https://auto.mercadolibre.com.uy/MLU-666188162-nissan-frontier-4x2-doble-cabina-25-se-nafta-_JM;N/A;;"Nissan Frontier 4x2 Doble Cabina 2.5 Se Nafta ";usd;Sí;gold_premium;false;N/A;N/A;http://perfil.mercadolibre.com.uy/FACUNDOBRANDON;active;N/A;N/A;Usado;Gris;N/A;Hidráulica;4x2;Sí;N/A;N/A;N/A;N/A;N/A;N/A;N/A;N/A;N/A;N/A;N/A;N/A;N/A;N/A;N/A;N/A;N/A;N/A;N/A;N/A;N/A;N/A;N/A;N/A;"3150 mm";"2.5 L";"80 L";6;N/A;N/A;N/A;N/A;N/A;N/A;N/A;N/A;N/A;N/A;N/A;N/A;N/A;N/A;N/A;N/A;N/A;N/A;N/A;N/A;N/A;N/A;N/A;N/A;N/A;N/A;N/A;N/A;N/A;N/A;N/A;N/A;N/A;Sí;Sí;N/A;N/A;N/A;N/A;N/A;N/A;N/A;N/A;N/A;N/A;"1860 mm";"5258 mm";N/A;N/A;N/A;N/A;N/A;"120 hp";Se;N/A;4;"1850 mm";N/A;N/A;N/A;N/A;N/A;N/A;N/A;N/A;N/A;N/A;N/A;N/A;N/A;N/A;N/A;N/A;N/A;N/A;4;2.5;Nafta;Manual;Pick-Up;"Autos y camionetas";N/A;N/A;N/A;N/A;N/A;N/A;UY;N/A;N/A;N/A;N/A;N/A;N/A;N/A;N/A;N/A;N/A;N/A;N/A;N/A;N/A;N/A;N/A;N/A;N/A;N/A;N/A;N/A;N/A;N/A;N/A;N/A;N/A;N/A;N/A;N/A;N/A;N/A;N/A;N/A;N/A;N/A;N/A;N/A;N/A;N/A;N/A;N/A;N/A;N/A;N/A;N/A;N/A;N/A;N/A;N/A;N/A;N/A;N/A;N/A;N/A;N/A;N/A;N/A;N/A;N/A;N/A;N/A;N/A;N/A;N/A;N/A;N/A;N/A;N/A;N/A;N/A;N/A;N/A;N/A;N/A;N/A;N/A;N/A;N/A;N/A;N/A;N/A;N/A;N/A;N/A;N/A;N/A;N/A;N/A;N/A;Sí;N/A;N/A;N/A;N/A;N/A;N/A;N/A;N/A;Sí;N/A;N/A;N/A;N/A;N/A;N/A;N/A;N/A;Sí;N/A;N/A;N/A;N/A;N/A;N/A;N/A
Nissan;March;"1.6 Advance At";2018;"54400 km";;MARCELLOBASTIANINI;15800;;;;;Malvin;https://auto.mercadolibre.com.uy/MLU-664100854-nissan-march-extra-full-automatico-16-2018-_JM;N/A;;"Nissan March Extra Full Automatico 1.6 2018";usd;Sí;gold_premium;false;N/A;N/A;http://perfil.mercadolibre.com.uy/MARCELLOBASTIANINI;active;N/A;N/A;Usado;Gris;Sí;Hidráulica;Delantera;Sí;Sí;N/A;N/A;N/A;N/A;N/A;N/A;No;N/A;N/A;Sí;Sí;N/A;Sí;N/A;N/A;N/A;N/A;N/A;N/A;N/A;N/A;N/A;N/A;"2450 mm";"1.6 L";"41 L";4;N/A;N/A;N/A;N/A;N/A;N/A;N/A;N/A;N/A;N/A;N/A;N/A;N/A;N/A;N/A;N/A;N/A;N/A;N/A;N/A;N/A;N/A;N/A;N/A;N/A;N/A;N/A;N/A;N/A;No;N/A;N/A;N/A;Sí;Sí;N/A;N/A;N/A;N/A;N/A;N/A;N/A;N/A;N/A;N/A;"1532 mm";"3827 mm";N/A;N/A;N/A;N/A;5;"106 hp";Advance;N/A;4;"1665 mm";N/A;No;N/A;Sí;Sí;N/A;Sí;Sí;N/A;No;N/A;N/A;Sí;N/A;N/A;N/A;Sí;"CUALQUIER DIA DE 9 A 22HS";5;1.6;Nafta;Automática;Hatchback;"Autos y camionetas";N/A;N/A;N/A;N/A;N/A;N/A;UY;N/A;No;N/A;N/A;N/A;N/A;N/A;N/A;N/A;N/A;N/A;N/A;N/A;N/A;N/A;N/A;N/A;Sí;N/A;N/A;N/A;N/A;N/A;N/A;N/A;N/A;N/A;N/A;N/A;N/A;N/A;N/A;N/A;N/A;N/A;N/A;No;N/A;N/A;N/A;N/A;N/A;N/A;N/A;N/A;N/A;N/A;N/A;N/A;N/A;N/A;N/A;N/A;N/A;No;N/A;N/A;N/A;N/A;N/A;N/A;N/A;N/A;N/A;N/A;N/A;N/A;N/A;N/A;N/A;N/A;N/A;N/A;N/A;N/A;N/A;N/A;N/A;N/A;N/A;N/A;N/A;N/A;N/A;N/A;N/A;N/A;N/A;N/A;Sí;Sí;Sí;N/A;Sí;N/A;N/A;Sí;N/A;Sí;N/A;Sí;Sí;N/A;N/A;Sí;Sí;Sí;Sí;Sí;Sí;N/A;N/A;Sí;N/A;Sí
Nissan;Sentra;"1.8 Sr Extra At";2023;"33000 km";;SAGU3619428;31900;;;;;Centro;https://auto.mercadolibre.com.uy/MLU-666186504-nissan-sentra-2022-20-sr-extra-at-_JM;N/A;;"Nissan Sentra 2022 2.0 Sr Extra At";usd;Sí;gold_premium;false;N/A;N/A;http://perfil.mercadolibre.com.uy/SAGU3619428;active;N/A;N/A;Usado;Gris;N/A;Hidráulica;Delantera;Sí;Sí;N/A;N/A;N/A;Sí;N/A;N/A;Sí;N/A;N/A;Sí;Sí;N/A;Sí;N/A;N/A;N/A;N/A;N/A;N/A;N/A;N/A;N/A;N/A;"2700 mm";"1.8 L";"52 L";N/A;N/A;N/A;N/A;N/A;N/A;Sí;N/A;N/A;N/A;N/A;N/A;N/A;N/A;N/A;N/A;N/A;N/A;N/A;N/A;N/A;N/A;N/A;N/A;N/A;N/A;N/A;N/A;N/A;N/A;N/A;N/A;N/A;N/A;Sí;Sí;N/A;N/A;N/A;N/A;N/A;N/A;N/A;N/A;N/A;N/A;"1505 mm";"4636 mm";N/A;N/A;N/A;N/A;5;"129 hp";Sense;N/A;2;"1761 mm";N/A;Sí;N/A;Sí;Sí;N/A;Sí;Sí;N/A;Sí;N/A;N/A;N/A;N/A;N/A;N/A;Sí;N/A;4;1.8;Nafta;Automática;Sedán;"Autos y camionetas";N/A;N/A;N/A;N/A;N/A;N/A;UY;N/A;Sí;N/A;N/A;N/A;N/A;N/A;N/A;N/A;N/A;N/A;N/A;N/A;N/A;N/A;N/A;N/A;Sí;N/A;N/A;N/A;N/A;N/A;N/A;N/A;N/A;N/A;N/A;N/A;N/A;N/A;N/A;N/A;N/A;N/A;N/A;Sí;N/A;N/A;N/A;N/A;N/A;N/A;N/A;N/A;N/A;N/A;N/A;N/A;N/A;N/A;N/A;N/A;N/A;N/A;N/A;N/A;N/A;N/A;N/A;N/A;N/A;N/A;N/A;N/A;N/A;N/A;N/A;N/A;N/A;N/A;N/A;N/A;N/A;N/A;N/A;N/A;N/A;N/A;N/A;N/A;N/A;N/A;N/A;N/A;N/A;N/A;N/A;N/A;Sí;Sí;Sí;N/A;Sí;N/A;N/A;N/A;N/A;Sí;N/A;N/A;Sí;N/A;N/A;Sí;Sí;Sí;Sí;Sí;Sí;N/A;N/A;Sí;N/A;Sí
Nissan;Kicks;"1.6 Sense Mt";2019;"60000 km";;MMAH2008;19000;;;;;"Las Piedras";https://auto.mercadolibre.com.uy/MLU-665400644-nissan-kicks-2019-16-sense-mt-_JM;N/A;;"Nissan Kicks 2019 1.6 Sense Mt";usd;Sí;gold_premium;false;N/A;N/A;http://perfil.mercadolibre.com.uy/MMAH2008;active;N/A;N/A;Usado;Gris;N/A;Hidráulica;Delantera;Sí;N/A;N/A;N/A;N/A;N/A;N/A;N/A;N/A;N/A;N/A;N/A;N/A;N/A;N/A;N/A;N/A;N/A;N/A;N/A;N/A;N/A;N/A;N/A;N/A;"2620 mm";"1.6 L";"50 L";5;N/A;N/A;N/A;N/A;N/A;N/A;N/A;N/A;N/A;N/A;N/A;N/A;N/A;N/A;N/A;N/A;N/A;N/A;N/A;N/A;N/A;N/A;N/A;N/A;N/A;N/A;N/A;N/A;N/A;N/A;N/A;N/A;N/A;Sí;Sí;N/A;N/A;N/A;N/A;N/A;N/A;N/A;N/A;N/A;N/A;"1590 mm";"4295 mm";N/A;N/A;N/A;N/A;5;"118 hp";Sense;N/A;4;"1760 mm";N/A;N/A;N/A;N/A;N/A;N/A;N/A;N/A;N/A;N/A;N/A;N/A;N/A;N/A;N/A;N/A;N/A;"lunes a domingos de 9 a 18";5;1.6;Nafta;Manual;SUV;"Autos y camionetas";N/A;N/A;N/A;N/A;N/A;N/A;UY;N/A;N/A;N/A;N/A;N/A;N/A;N/A;N/A;N/A;N/A;N/A;N/A;N/A;N/A;N/A;N/A;N/A;N/A;N/A;N/A;N/A;N/A;N/A;N/A;N/A;N/A;N/A;N/A;N/A;N/A;N/A;N/A;N/A;N/A;N/A;N/A;N/A;N/A;N/A;N/A;N/A;N/A;N/A;N/A;N/A;N/A;N/A;N/A;N/A;N/A;N/A;N/A;N/A;N/A;N/A;N/A;N/A;N/A;N/A;N/A;N/A;N/A;N/A;N/A;N/A;N/A;N/A;N/A;N/A;N/A;N/A;N/A;N/A;N/A;N/A;N/A;N/A;N/A;N/A;N/A;N/A;N/A;N/A;N/A;N/A;N/A;N/A;N/A;N/A;Sí;N/A;N/A;N/A;N/A;N/A;N/A;N/A;N/A;Sí;N/A;N/A;N/A;N/A;N/A;N/A;Sí;N/A;Sí;N/A;N/A;N/A;N/A;Sí;N/A;Sí
Nissan;Kicks;"1.6 Advance At";2019;"74000 km";;CIOMPIOMAR;23500;;;;;"Parque Batlle";https://auto.mercadolibre.com.uy/MLU-635221123-nissan-kicks-2019-16-advance-at-_JM;N/A;;"Nissan Kicks 2019 1.6 Advance At";usd;Sí;gold_premium;false;N/A;N/A;http://perfil.mercadolibre.com.uy/CIOMPIOMAR;active;N/A;N/A;Usado;N/A;N/A;Hidráulica;Delantera;Sí;N/A;N/A;N/A;N/A;N/A;N/A;N/A;N/A;N/A;N/A;N/A;N/A;N/A;N/A;N/A;N/A;N/A;N/A;N/A;N/A;N/A;N/A;N/A;N/A;"2620 mm";"1.6 L";"50 L";N/A;N/A;N/A;N/A;N/A;N/A;N/A;N/A;N/A;N/A;N/A;N/A;N/A;N/A;N/A;N/A;N/A;N/A;N/A;N/A;N/A;N/A;N/A;N/A;N/A;N/A;N/A;N/A;N/A;N/A;N/A;N/A;N/A;N/A;Sí;Sí;Sí;N/A;N/A;N/A;N/A;N/A;N/A;N/A;N/A;N/A;"1590 mm";"4295 mm";N/A;N/A;N/A;N/A;5;"118 hp";Advance;N/A;4;"1760 mm";N/A;N/A;N/A;N/A;N/A;N/A;N/A;N/A;N/A;N/A;N/A;N/A;N/A;N/A;N/A;N/A;N/A;N/A;5;1.6;Nafta;Automática;N/A;"Autos y camionetas";N/A;N/A;N/A;N/A;N/A;N/A;UY;N/A;N/A;N/A;N/A;N/A;N/A;N/A;N/A;N/A;N/A;N/A;N/A;N/A;N/A;N/A;N/A;N/A;N/A;N/A;N/A;N/A;N/A;N/A;N/A;N/A;N/A;N/A;N/A;N/A;N/A;N/A;N/A;N/A;N/A;N/A;N/A;N/A;N/A;N/A;N/A;N/A;N/A;N/A;N/A;N/A;N/A;N/A;N/A;N/A;N/A;N/A;N/A;N/A;N/A;N/A;N/A;N/A;N/A;N/A;N/A;N/A;N/A;N/A;N/A;N/A;N/A;N/A;N/A;N/A;N/A;N/A;N/A;N/A;N/A;N/A;N/A;N/A;N/A;N/A;N/A;N/A;N/A;N/A;N/A;N/A;N/A;N/A;N/A;N/A;Sí;N/A;Sí;N/A;N/A;N/A;N/A;N/A;N/A;Sí;N/A;N/A;N/A;N/A;N/A;N/A;Sí;N/A;Sí;N/A;N/A;N/A;N/A;Sí;N/A;Sí
Nissan;Kicks;"1.6 Sense Mt";2019;"41000 km";;HERRERAMACA20231111113321;17990;;;;;Unión;https://auto.mercadolibre.com.uy/MLU-635416213-nissan-kicks-2019-16-sense-mt-_JM;N/A;;"Nissan Kicks 2019 1.6 Sense Mt";usd;Sí;gold_premium;false;N/A;N/A;http://perfil.mercadolibre.com.uy/HERRERAMACA20231111113321;active;N/A;N/A;Usado;N/A;N/A;Hidráulica;Delantera;Sí;N/A;N/A;N/A;N/A;N/A;N/A;N/A;N/A;N/A;N/A;N/A;N/A;N/A;N/A;N/A;N/A;N/A;N/A;N/A;N/A;N/A;N/A;N/A;N/A;"2620 mm";"1.6 L";"50 L";5;N/A;N/A;N/A;N/A;N/A;N/A;N/A;N/A;N/A;N/A;N/A;N/A;N/A;N/A;N/A;N/A;N/A;N/A;N/A;N/A;N/A;N/A;N/A;N/A;N/A;N/A;N/A;N/A;N/A;N/A;N/A;N/A;N/A;Sí;Sí;N/A;N/A;N/A;N/A;N/A;N/A;N/A;N/A;N/A;N/A;"1590 mm";"4295 mm";N/A;N/A;N/A;N/A;5;"118 hp";Sense;N/A;4;"1760 mm";N/A;N/A;N/A;N/A;N/A;N/A;N/A;N/A;N/A;N/A;N/A;N/A;N/A;N/A;N/A;N/A;N/A;N/A;5;1.6;Nafta;Manual;SUV;"Autos y camionetas";N/A;N/A;N/A;N/A;N/A;N/A;UY;N/A;N/A;N/A;N/A;N/A;N/A;N/A;N/A;N/A;N/A;N/A;N/A;N/A;N/A;N/A;N/A;N/A;N/A;N/A;N/A;N/A;N/A;N/A;N/A;N/A;N/A;N/A;N/A;N/A;N/A;N/A;N/A;N/A;N/A;N/A;N/A;N/A;N/A;N/A;N/A;N/A;N/A;N/A;N/A;N/A;N/A;N/A;N/A;N/A;N/A;N/A;N/A;N/A;N/A;N/A;N/A;N/A;N/A;N/A;N/A;N/A;N/A;N/A;N/A;N/A;N/A;N/A;N/A;N/A;N/A;N/A;N/A;N/A;N/A;N/A;N/A;N/A;N/A;N/A;N/A;N/A;N/A;N/A;N/A;N/A;N/A;N/A;N/A;N/A;Sí;N/A;N/A;N/A;N/A;N/A;N/A;N/A;N/A;Sí;N/A;N/A;N/A;N/A;N/A;N/A;Sí;N/A;Sí;N/A;N/A;N/A;N/A;Sí;N/A;Sí
Nissan;Versa;"1.6 Exclusive At";2013;"140000 km";;MORCOR2007;11900;;;;;Cordón;https://auto.mercadolibre.com.uy/MLU-666093318-nissan-versa-2013-16-exclusive-at-_JM;N/A;;"Nissan Versa 2013 1.6 Exclusive At";usd;Sí;gold_premium;false;N/A;N/A;http://perfil.mercadolibre.com.uy/MORCOR2007;active;N/A;N/A;Usado;N/A;N/A;Hidráulica;Delantera;Sí;N/A;N/A;N/A;N/A;N/A;N/A;N/A;N/A;N/A;N/A;N/A;N/A;N/A;N/A;N/A;N/A;N/A;N/A;N/A;N/A;N/A;N/A;N/A;N/A;N/A;"1.6 L";N/A;N/A;N/A;N/A;N/A;N/A;N/A;N/A;N/A;N/A;N/A;N/A;N/A;N/A;N/A;N/A;N/A;N/A;N/A;N/A;N/A;N/A;N/A;N/A;N/A;N/A;N/A;N/A;N/A;N/A;N/A;N/A;N/A;N/A;N/A;N/A;N/A;N/A;N/A;N/A;N/A;N/A;N/A;N/A;N/A;N/A;N/A;N/A;N/A;N/A;N/A;N/A;N/A;N/A;N/A;Exclusive;N/A;N/A;N/A;N/A;N/A;N/A;N/A;N/A;N/A;N/A;N/A;N/A;N/A;N/A;N/A;N/A;N/A;N/A;N/A;N/A;N/A;4;1.6;Nafta;Automática;Hatchback;"Autos y camionetas";N/A;N/A;N/A;N/A;N/A;N/A;UY;N/A;N/A;N/A;N/A;N/A;N/A;N/A;N/A;N/A;N/A;N/A;N/A;N/A;N/A;N/A;N/A;N/A;N/A;N/A;N/A;N/A;N/A;N/A;N/A;N/A;N/A;N/A;N/A;N/A;N/A;N/A;N/A;N/A;N/A;N/A;N/A;N/A;N/A;N/A;N/A;N/A;N/A;N/A;N/A;N/A;N/A;N/A;N/A;N/A;N/A;N/A;N/A;N/A;N/A;N/A;N/A;N/A;N/A;N/A;N/A;N/A;N/A;N/A;N/A;N/A;N/A;N/A;N/A;N/A;N/A;N/A;N/A;N/A;N/A;N/A;N/A;N/A;N/A;N/A;N/A;N/A;N/A;N/A;N/A;N/A;N/A;N/A;N/A;N/A;Sí;N/A;N/A;N/A;N/A;N/A;N/A;N/A;N/A;N/A;N/A;N/A;N/A;N/A;N/A;N/A;N/A;N/A;Sí;N/A;N/A;N/A;N/A;N/A;N/A;N/A
Nissan;Kicks;"exclusive cvt full";2022;"20400 km";;BAGE4687603;31900;;;;;"Carrasco Norte";https://auto.mercadolibre.com.uy/MLU-635307563-nissan-kicks-exclusive-cvt-full-_JM;N/A;;"Nissan Kicks  Exclusive Cvt Full ";USD;Sí;gold_premium;false;N/A;N/A;http://perfil.mercadolibre.com.uy/BAGE4687603;active;N/A;N/A;Usado;N/A;N/A;N/A;N/A;N/A;N/A;N/A;N/A;N/A;N/A;N/A;N/A;N/A;N/A;N/A;N/A;N/A;N/A;N/A;N/A;N/A;N/A;N/A;N/A;N/A;N/A;N/A;N/A;N/A;N/A;N/A;N/A;N/A;N/A;N/A;N/A;N/A;N/A;N/A;N/A;N/A;N/A;N/A;N/A;N/A;N/A;N/A;N/A;N/A;N/A;N/A;N/A;N/A;N/A;N/A;N/A;N/A;N/A;N/A;N/A;N/A;N/A;N/A;N/A;N/A;N/A;N/A;N/A;N/A;N/A;N/A;N/A;N/A;N/A;N/A;N/A;N/A;N/A;N/A;N/A;N/A;N/A;N/A;N/A;N/A;N/A;N/A;N/A;N/A;N/A;N/A;N/A;N/A;N/A;N/A;N/A;N/A;N/A;N/A;N/A;N/A;N/A;N/A;N/A;N/A;N/A;N/A;N/A;5;N/A;Nafta;N/A;N/A;"Autos y camionetas";N/A;N/A;N/A;N/A;N/A;N/A;N/A;N/A;N/A;N/A;N/A;N/A;N/A;N/A;N/A;N/A;N/A;N/A;N/A;N/A;N/A;N/A;N/A;N/A;N/A;N/A;N/A;N/A;N/A;N/A;N/A;N/A;N/A;N/A;N/A;N/A;N/A;N/A;N/A;N/A;N/A;N/A;N/A;N/A;N/A;N/A;N/A;N/A;N/A;N/A;N/A;N/A;N/A;N/A;N/A;N/A;N/A;N/A;N/A;N/A;N/A;N/A;N/A;N/A;N/A;N/A;N/A;N/A;N/A;N/A;N/A;N/A;N/A;N/A;N/A;N/A;N/A;N/A;N/A;N/A;N/A;N/A;N/A;N/A;N/A;N/A;N/A;N/A;N/A;N/A;N/A;N/A;N/A;N/A;N/A;N/A;N/A;N/A;N/A;N/A;N/A;N/A;N/A;N/A;N/A;N/A;N/A;N/A;N/A;N/A;N/A;N/A;N/A;N/A;N/A;N/A;N/A;N/A;N/A;N/A;N/A;N/A
Nissan;Kicks;"1.6 Advance";2022;"26126 km";;MARTINEZGONZALO20220704202104;25500;;;;;"Villa Del Rosario";https://auto.mercadolibre.com.uy/MLU-635281359-nissan-kicks-advance-mt-16-ano-2022-_JM;N/A;;"Nissan Kicks Advance Mt 1.6 Año 2022";usd;Sí;gold_premium;false;N/A;N/A;http://perfil.mercadolibre.com.uy/MARTINEZGONZALO20220704202104;active;N/A;N/A;Usado;Blanco;N/A;Hidráulica;Delantera;Sí;N/A;N/A;N/A;N/A;N/A;N/A;N/A;N/A;N/A;N/A;N/A;N/A;N/A;N/A;N/A;N/A;N/A;N/A;N/A;N/A;N/A;N/A;N/A;N/A;"2620 mm";"1.6 L";"50 L";5;N/A;N/A;N/A;N/A;N/A;N/A;N/A;N/A;N/A;N/A;N/A;N/A;N/A;N/A;N/A;N/A;N/A;N/A;N/A;N/A;N/A;N/A;N/A;N/A;N/A;N/A;N/A;N/A;N/A;N/A;N/A;N/A;N/A;Sí;Sí;N/A;N/A;N/A;N/A;N/A;N/A;N/A;N/A;N/A;N/A;"1590 mm";"4295 mm";N/A;N/A;N/A;N/A;5;"118 hp";Advance;N/A;4;"1760 mm";N/A;N/A;N/A;N/A;N/A;N/A;N/A;N/A;N/A;N/A;N/A;N/A;N/A;N/A;N/A;N/A;N/A;N/A;5;1.6;Nafta;Manual;SUV;"Autos y camionetas";N/A;N/A;N/A;N/A;N/A;N/A;UY;N/A;N/A;N/A;N/A;N/A;N/A;N/A;N/A;N/A;N/A;N/A;N/A;N/A;N/A;N/A;N/A;N/A;N/A;N/A;N/A;N/A;N/A;N/A;N/A;N/A;N/A;N/A;N/A;N/A;N/A;N/A;N/A;N/A;N/A;N/A;N/A;N/A;N/A;N/A;N/A;N/A;N/A;N/A;N/A;N/A;N/A;N/A;N/A;N/A;N/A;N/A;N/A;N/A;N/A;N/A;N/A;N/A;N/A;N/A;N/A;N/A;N/A;N/A;N/A;N/A;N/A;N/A;N/A;N/A;N/A;N/A;N/A;N/A;N/A;N/A;N/A;N/A;N/A;N/A;N/A;N/A;N/A;N/A;N/A;N/A;N/A;N/A;N/A;N/A;N/A;N/A;N/A;N/A;N/A;N/A;N/A;N/A;N/A;N/A;N/A;N/A;N/A;N/A;N/A;N/A;Sí;N/A;Sí;N/A;N/A;N/A;N/A;Sí;N/A;Sí
Nissan;Frontier;"4.0 Pro-4x V6 4x2 Mt";2015;"80000 km";;HECTORYON;13500;;;;;Buceo;https://auto.mercadolibre.com.uy/MLU-635246565-nissan-frontier-_JM;N/A;;"Nissan Frontier";usd;Sí;gold_premium;false;N/A;N/A;http://perfil.mercadolibre.com.uy/HECTORYON;active;N/A;N/A;Usado;Blanco;N/A;Hidráulica;4x2;Sí;Sí;N/A;N/A;N/A;Sí;N/A;N/A;No;N/A;N/A;No;No;N/A;No;N/A;N/A;N/A;N/A;N/A;N/A;N/A;N/A;N/A;N/A;N/A;"4 L";N/A;N/A;N/A;N/A;N/A;N/A;N/A;No;N/A;N/A;N/A;N/A;N/A;N/A;N/A;N/A;N/A;N/A;N/A;N/A;N/A;N/A;N/A;N/A;N/A;N/A;N/A;N/A;N/A;N/A;N/A;No;N/A;N/A;N/A;N/A;N/A;N/A;N/A;N/A;N/A;N/A;N/A;N/A;N/A;N/A;N/A;N/A;N/A;N/A;N/A;N/A;N/A;N/A;"261 hp";Pro-4x;N/A;N/A;N/A;N/A;No;N/A;No;Sí;N/A;N/A;Sí;N/A;No;N/A;N/A;N/A;Sí;N/A;N/A;Sí;N/A;2;4.0;Nafta;Manual;Pick-Up;"Autos y camionetas";N/A;N/A;N/A;N/A;N/A;N/A;UY;N/A;N/A;N/A;N/A;N/A;N/A;N/A;N/A;N/A;N/A;N/A;N/A;N/A;N/A;N/A;N/A;N/A;No;N/A;N/A;N/A;N/A;N/A;N/A;N/A;N/A;N/A;N/A;N/A;N/A;N/A;N/A;N/A;N/A;N/A;N/A;N/A;N/A;N/A;N/A;N/A;N/A;N/A;N/A;N/A;N/A;N/A;N/A;N/A;N/A;N/A;N/A;N/A;N/A;N/A;N/A;N/A;N/A;N/A;N/A;N/A;N/A;N/A;N/A;N/A;N/A;N/A;N/A;N/A;N/A;N/A;N/A;N/A;N/A;N/A;N/A;N/A;N/A;N/A;N/A;N/A;N/A;N/A;N/A;N/A;N/A;N/A;N/A;No;Sí;Sí;No;N/A;Sí;N/A;N/A;N/A;N/A;Sí;No;No;Sí;N/A;N/A;Sí;Sí;No;Sí;N/A;N/A;N/A;N/A;N/A;N/A;N/A
Nissan;March;"1.6 Advance Mt";2013;"64000 km";;VICKYRODRI2729;10750;;;;;Aguada;https://auto.mercadolibre.com.uy/MLU-665394070-nissan-march-extra-full-_JM;N/A;;"Nissan March Extra Full";usd;Sí;gold_premium;false;N/A;N/A;http://perfil.mercadolibre.com.uy/VICKYRODRI2729;active;N/A;N/A;Usado;Gris;N/A;Hidráulica;Delantera;Sí;N/A;N/A;N/A;N/A;N/A;N/A;N/A;N/A;N/A;N/A;N/A;N/A;N/A;N/A;N/A;N/A;N/A;N/A;N/A;N/A;N/A;N/A;N/A;N/A;"2450 mm";"1.6 L";"41 L";N/A;N/A;N/A;N/A;N/A;N/A;N/A;N/A;N/A;N/A;N/A;N/A;N/A;N/A;N/A;N/A;N/A;N/A;N/A;N/A;N/A;N/A;N/A;N/A;N/A;N/A;N/A;N/A;N/A;N/A;N/A;N/A;N/A;N/A;N/A;N/A;N/A;N/A;N/A;N/A;N/A;N/A;N/A;N/A;N/A;N/A;"1528 mm";"3780 mm";N/A;N/A;N/A;N/A;5;"109 hp";Advance;N/A;N/A;"1665 mm";N/A;N/A;N/A;N/A;N/A;N/A;N/A;N/A;N/A;N/A;N/A;N/A;N/A;N/A;N/A;N/A;N/A;N/A;5;1.6;Nafta;Manual;Hatchback;"Autos y camionetas";N/A;N/A;N/A;N/A;N/A;N/A;UY;N/A;N/A;N/A;N/A;N/A;N/A;N/A;N/A;N/A;N/A;N/A;N/A;N/A;N/A;N/A;N/A;N/A;N/A;N/A;N/A;N/A;N/A;N/A;N/A;N/A;N/A;N/A;N/A;N/A;N/A;N/A;N/A;N/A;N/A;N/A;N/A;N/A;N/A;N/A;N/A;N/A;N/A;N/A;N/A;N/A;N/A;N/A;N/A;N/A;N/A;N/A;N/A;N/A;N/A;N/A;N/A;N/A;N/A;N/A;N/A;N/A;N/A;N/A;N/A;N/A;N/A;N/A;N/A;N/A;N/A;N/A;N/A;N/A;N/A;N/A;N/A;N/A;N/A;N/A;N/A;N/A;N/A;N/A;N/A;N/A;N/A;N/A;N/A;N/A;Sí;N/A;N/A;N/A;N/A;N/A;N/A;N/A;N/A;N/A;N/A;N/A;N/A;N/A;N/A;N/A;N/A;N/A;Sí;N/A;N/A;N/A;N/A;N/A;N/A;N/A
Nissan;"NP300 Frontier";nafta;2017;"74000 km";;DEHECTOR20220303144838;21000;;;;;Maroñas;https://auto.mercadolibre.com.uy/MLU-665032302-nissan-frontier-np300-4x2-nafta-_JM;N/A;;"Nissan Frontier Np300 4x2 Nafta ";USD;Sí;gold_premium;false;N/A;N/A;http://perfil.mercadolibre.com.uy/DEHECTOR20220303144838;active;N/A;N/A;Usado;Blanco;N/A;N/A;N/A;N/A;N/A;N/A;N/A;N/A;N/A;N/A;N/A;N/A;N/A;N/A;N/A;N/A;N/A;N/A;N/A;N/A;N/A;N/A;N/A;N/A;N/A;N/A;N/A;N/A;N/A;N/A;N/A;N/A;N/A;N/A;N/A;N/A;N/A;N/A;N/A;N/A;N/A;N/A;N/A;N/A;N/A;N/A;N/A;N/A;N/A;N/A;N/A;N/A;N/A;N/A;N/A;N/A;N/A;N/A;N/A;N/A;N/A;N/A;N/A;N/A;N/A;N/A;N/A;N/A;N/A;N/A;N/A;N/A;N/A;N/A;N/A;N/A;N/A;N/A;N/A;N/A;N/A;N/A;N/A;N/A;N/A;N/A;N/A;N/A;N/A;N/A;N/A;N/A;N/A;N/A;N/A;N/A;N/A;N/A;N/A;N/A;N/A;N/A;N/A;N/A;N/A;N/A;N/A;4;N/A;Nafta;N/A;N/A;"Autos y camionetas";N/A;N/A;N/A;N/A;N/A;N/A;N/A;N/A;N/A;N/A;N/A;N/A;N/A;N/A;N/A;N/A;N/A;N/A;N/A;N/A;N/A;N/A;N/A;N/A;N/A;N/A;N/A;N/A;N/A;N/A;N/A;N/A;N/A;N/A;N/A;N/A;N/A;N/A;N/A;N/A;N/A;N/A;N/A;N/A;N/A;N/A;N/A;N/A;N/A;N/A;N/A;N/A;N/A;N/A;N/A;N/A;N/A;N/A;N/A;N/A;N/A;N/A;N/A;N/A;N/A;N/A;N/A;N/A;N/A;N/A;N/A;N/A;N/A;N/A;N/A;N/A;N/A;N/A;N/A;N/A;N/A;N/A;N/A;N/A;N/A;N/A;N/A;N/A;N/A;N/A;N/A;N/A;N/A;N/A;N/A;N/A;N/A;N/A;N/A;N/A;N/A;N/A;N/A;N/A;N/A;N/A;N/A;N/A;N/A;N/A;N/A;N/A;N/A;N/A;N/A;N/A;N/A;N/A;N/A;N/A;N/A;N/A
Nissan;Kicks;"1.6 Exclusive At";2018;"63000 km";;GAAN2837696;20000;;;;;"Villa Del Rosario";https://auto.mercadolibre.com.uy/MLU-665431870-nissan-kicks-_JM;N/A;;"Nissan Kicks";usd;Sí;gold_premium;false;N/A;N/A;http://perfil.mercadolibre.com.uy/GAAN2837696;active;N/A;N/A;Usado;Gris;N/A;Hidráulica;Delantera;Sí;N/A;N/A;N/A;N/A;N/A;N/A;N/A;Sí;N/A;N/A;N/A;N/A;N/A;N/A;N/A;N/A;N/A;N/A;N/A;N/A;N/A;N/A;N/A;N/A;"2620 mm";"1.6 L";"50 L";N/A;N/A;N/A;N/A;N/A;N/A;N/A;N/A;N/A;N/A;N/A;N/A;N/A;N/A;N/A;N/A;N/A;N/A;N/A;N/A;N/A;N/A;N/A;N/A;N/A;N/A;N/A;N/A;N/A;N/A;N/A;N/A;N/A;N/A;Sí;Sí;N/A;N/A;Sí;N/A;N/A;N/A;N/A;N/A;N/A;N/A;"1590 mm";"4295 mm";N/A;N/A;N/A;N/A;5;"118 hp";Exclusive;N/A;4;"1760 mm";N/A;N/A;N/A;N/A;N/A;N/A;N/A;N/A;N/A;N/A;N/A;N/A;N/A;N/A;N/A;N/A;N/A;N/A;5;1.6;Nafta;Automática;SUV;"Autos y camionetas";N/A;N/A;N/A;N/A;N/A;N/A;UY;N/A;N/A;N/A;N/A;N/A;N/A;N/A;N/A;N/A;N/A;N/A;N/A;N/A;N/A;N/A;N/A;N/A;N/A;N/A;N/A;N/A;N/A;N/A;N/A;N/A;N/A;N/A;N/A;N/A;N/A;N/A;N/A;N/A;N/A;N/A;N/A;N/A;N/A;N/A;N/A;N/A;N/A;N/A;N/A;N/A;N/A;N/A;N/A;N/A;N/A;N/A;N/A;N/A;N/A;N/A;N/A;N/A;N/A;N/A;N/A;N/A;N/A;N/A;N/A;N/A;N/A;N/A;N/A;N/A;N/A;N/A;N/A;N/A;N/A;N/A;N/A;N/A;N/A;N/A;N/A;N/A;N/A;N/A;N/A;N/A;N/A;N/A;N/A;N/A;Sí;N/A;Sí;N/A;N/A;N/A;N/A;N/A;N/A;Sí;N/A;N/A;N/A;N/A;N/A;Sí;Sí;N/A;Sí;N/A;N/A;N/A;N/A;Sí;N/A;Sí
Nissan;Sentra;"1.8 Exclusive At";2022;"32500 km";;RGRECO2013;30500;;;;;Malvin;https://auto.mercadolibre.com.uy/MLU-663912156-nissan-sentra-b18-20-exclusive-2022-unico-dueno-impecable-_JM;N/A;;"Nissan Sentra B18 2.0 Exclusive 2022 Unico Dueño Impecable";usd;Sí;gold_premium;false;N/A;N/A;http://perfil.mercadolibre.com.uy/RGRECO2013;active;N/A;N/A;Usado;Blanco;Sí;Hidráulica;Delantera;Sí;Sí;N/A;N/A;N/A;Sí;N/A;N/A;Sí;N/A;N/A;Sí;Sí;N/A;Sí;N/A;N/A;N/A;N/A;N/A;N/A;N/A;N/A;N/A;N/A;"2700 mm";"1.8 L";"52 L";N/A;N/A;N/A;N/A;N/A;N/A;No;N/A;N/A;N/A;N/A;N/A;N/A;N/A;N/A;N/A;N/A;N/A;N/A;N/A;N/A;N/A;N/A;N/A;N/A;N/A;N/A;N/A;N/A;N/A;No;N/A;N/A;N/A;Sí;Sí;N/A;N/A;Sí;N/A;N/A;N/A;N/A;N/A;N/A;N/A;"1509 mm";"4636 mm";N/A;N/A;N/A;N/A;5;"129 hp";Exclusive;N/A;4;"1761 mm";N/A;No;N/A;Sí;Sí;N/A;Sí;Sí;N/A;Sí;N/A;N/A;No;Sí;N/A;N/A;Sí;"Lunes a Viernes de 9 a 20hs";4;1.8;Nafta;Automática;Sedán;"Autos y camionetas";No;N/A;N/A;N/A;N/A;N/A;UY;N/A;No;N/A;N/A;N/A;N/A;N/A;N/A;N/A;N/A;N/A;N/A;N/A;N/A;N/A;N/A;N/A;Sí;N/A;N/A;N/A;N/A;N/A;N/A;N/A;N/A;N/A;N/A;N/A;N/A;N/A;N/A;N/A;N/A;N/A;N/A;Sí;N/A;N/A;N/A;N/A;N/A;N/A;N/A;N/A;N/A;N/A;N/A;N/A;N/A;N/A;N/A;N/A;N/A;Sí;No;N/A;N/A;N/A;N/A;N/A;N/A;N/A;N/A;N/A;N/A;N/A;N/A;N/A;N/A;N/A;N/A;N/A;N/A;N/A;N/A;N/A;N/A;N/A;N/A;N/A;N/A;N/A;N/A;N/A;N/A;N/A;N/A;No;Sí;Sí;Sí;N/A;Sí;N/A;N/A;Sí;N/A;Sí;Sí;Sí;Sí;N/A;N/A;Sí;Sí;Sí;Sí;Sí;Sí;No;No;Sí;N/A;Sí
Nissan;NP300;"2.4 Doble Cabina Se Aa Pack Seg Mt";2017;"180000 km";;GRMA6077701;18500;;;;;"Nueva Palmira";https://auto.mercadolibre.com.uy/MLU-635367485-nissan-np300-2017-24-doble-cabina-se-aa-pack-seg-mt-_JM;N/A;;"Nissan Np300 2017 2.4 Doble Cabina Se Aa Pack Seg Mt";usd;Sí;gold_premium;false;N/A;N/A;http://perfil.mercadolibre.com.uy/GRMA6077701;active;N/A;N/A;Usado;N/A;N/A;Hidráulica;Trasera;Sí;N/A;N/A;N/A;N/A;N/A;N/A;N/A;N/A;N/A;N/A;N/A;N/A;N/A;N/A;N/A;N/A;N/A;N/A;N/A;N/A;N/A;N/A;N/A;N/A;"3150 mm";"2.5 L";"80 L";6;N/A;N/A;N/A;N/A;N/A;N/A;N/A;N/A;N/A;N/A;N/A;N/A;N/A;N/A;N/A;N/A;N/A;N/A;N/A;N/A;N/A;N/A;N/A;N/A;N/A;N/A;N/A;N/A;N/A;N/A;N/A;N/A;N/A;Sí;Sí;N/A;N/A;N/A;N/A;N/A;N/A;N/A;N/A;N/A;N/A;"1724 mm";"5258 mm";N/A;N/A;N/A;N/A;N/A;"158 hp";N/A;N/A;4;"1790 mm";N/A;N/A;N/A;N/A;N/A;N/A;N/A;N/A;N/A;N/A;N/A;N/A;N/A;N/A;N/A;N/A;N/A;N/A;4;2.5;Nafta;Manual;Pick-Up;"Autos y camionetas";N/A;N/A;N/A;N/A;N/A;N/A;UY;N/A;N/A;N/A;N/A;N/A;N/A;N/A;N/A;N/A;N/A;N/A;N/A;N/A;N/A;N/A;N/A;N/A;N/A;N/A;N/A;N/A;N/A;N/A;N/A;N/A;N/A;N/A;N/A;N/A;N/A;N/A;N/A;N/A;N/A;N/A;N/A;N/A;N/A;N/A;N/A;N/A;N/A;N/A;N/A;N/A;N/A;N/A;N/A;N/A;N/A;N/A;N/A;N/A;N/A;N/A;N/A;N/A;N/A;N/A;N/A;N/A;N/A;N/A;N/A;N/A;N/A;N/A;N/A;N/A;N/A;N/A;N/A;N/A;N/A;N/A;N/A;N/A;N/A;N/A;N/A;N/A;N/A;N/A;N/A;N/A;N/A;N/A;N/A;N/A;Sí;N/A;N/A;N/A;N/A;N/A;N/A;N/A;N/A;Sí;N/A;N/A;N/A;N/A;N/A;N/A;N/A;N/A;Sí;N/A;N/A;N/A;N/A;Sí;N/A;Sí
Nissan;March;"1.6 Active Aire Ac Mt";2016;"61000 km";;ELISA1306;12000;;;;;"Punta Carretas";https://auto.mercadolibre.com.uy/MLU-666137384-nissan-march-2016-16-active-aire-ac-mt-_JM;N/A;;"Nissan March 2016 1.6 Active Aire Ac Mt";usd;Sí;gold_premium;false;N/A;N/A;http://perfil.mercadolibre.com.uy/ELISA1306;active;N/A;N/A;Usado;N/A;N/A;Hidráulica;Delantera;Sí;N/A;N/A;N/A;N/A;N/A;N/A;N/A;N/A;N/A;N/A;N/A;N/A;N/A;N/A;N/A;N/A;N/A;N/A;N/A;N/A;N/A;N/A;N/A;N/A;"2450 mm";"1.6 L";"41 L";5;N/A;N/A;N/A;N/A;N/A;N/A;N/A;N/A;N/A;N/A;N/A;N/A;N/A;N/A;N/A;N/A;N/A;N/A;N/A;N/A;N/A;N/A;N/A;N/A;N/A;N/A;N/A;N/A;N/A;N/A;N/A;N/A;N/A;N/A;N/A;N/A;N/A;N/A;N/A;N/A;N/A;N/A;N/A;N/A;N/A;"1532 mm";"3827 mm";N/A;N/A;N/A;N/A;5;"106 hp";Active;N/A;4;"1665 mm";N/A;N/A;N/A;N/A;N/A;N/A;N/A;Sí;N/A;N/A;N/A;N/A;N/A;N/A;N/A;N/A;N/A;N/A;5;1.6;Nafta;Manual;Hatchback;"Autos y camionetas";N/A;N/A;N/A;N/A;N/A;N/A;UY;N/A;N/A;N/A;N/A;N/A;N/A;N/A;N/A;N/A;N/A;N/A;N/A;N/A;N/A;N/A;N/A;N/A;N/A;N/A;N/A;N/A;N/A;N/A;N/A;N/A;N/A;N/A;N/A;N/A;N/A;N/A;N/A;N/A;N/A;N/A;N/A;N/A;N/A;N/A;N/A;N/A;N/A;N/A;N/A;N/A;N/A;N/A;N/A;N/A;N/A;N/A;N/A;N/A;N/A;N/A;N/A;N/A;N/A;N/A;N/A;N/A;N/A;N/A;N/A;N/A;N/A;N/A;N/A;N/A;N/A;N/A;N/A;N/A;N/A;N/A;N/A;N/A;N/A;N/A;N/A;N/A;N/A;N/A;N/A;N/A;N/A;N/A;N/A;N/A;Sí;N/A;N/A;N/A;N/A;N/A;N/A;N/A;N/A;N/A;N/A;N/A;N/A;N/A;N/A;N/A;N/A;N/A;Sí;N/A;N/A;N/A;N/A;Sí;N/A;N/A
Nissan;D-22;nafta;2011;"79000 km";;DEHECTOR20220303144838;11500;;;;;Maroñas;https://auto.mercadolibre.com.uy/MLU-664956980-nissan-pick-up-d-22-cl-_JM;N/A;;"Nissan Pick Up D-22 Cl";USD;Sí;gold_premium;false;N/A;N/A;http://perfil.mercadolibre.com.uy/DEHECTOR20220303144838;active;N/A;N/A;Usado;Blanco;N/A;N/A;N/A;N/A;N/A;N/A;N/A;N/A;N/A;N/A;N/A;N/A;N/A;N/A;N/A;N/A;N/A;N/A;N/A;N/A;N/A;N/A;N/A;N/A;N/A;N/A;N/A;N/A;N/A;N/A;N/A;N/A;N/A;N/A;N/A;N/A;N/A;N/A;N/A;N/A;N/A;N/A;N/A;N/A;N/A;N/A;N/A;N/A;N/A;N/A;N/A;N/A;N/A;N/A;N/A;N/A;N/A;N/A;N/A;N/A;N/A;N/A;N/A;N/A;N/A;N/A;N/A;N/A;N/A;N/A;N/A;N/A;N/A;N/A;N/A;N/A;N/A;N/A;N/A;N/A;N/A;N/A;N/A;N/A;N/A;N/A;N/A;N/A;N/A;N/A;N/A;N/A;N/A;N/A;N/A;N/A;N/A;N/A;N/A;N/A;N/A;N/A;N/A;N/A;N/A;N/A;N/A;2;N/A;Nafta;N/A;N/A;"Autos y camionetas";N/A;N/A;N/A;N/A;N/A;N/A;N/A;N/A;N/A;N/A;N/A;N/A;N/A;N/A;N/A;N/A;N/A;N/A;N/A;N/A;N/A;N/A;N/A;N/A;N/A;N/A;N/A;N/A;N/A;N/A;N/A;N/A;N/A;N/A;N/A;N/A;N/A;N/A;N/A;N/A;N/A;N/A;N/A;N/A;N/A;N/A;N/A;N/A;N/A;N/A;N/A;N/A;N/A;N/A;N/A;N/A;N/A;N/A;N/A;N/A;N/A;N/A;N/A;N/A;N/A;N/A;N/A;N/A;N/A;N/A;N/A;N/A;N/A;N/A;N/A;N/A;N/A;N/A;N/A;N/A;N/A;N/A;N/A;N/A;N/A;N/A;N/A;N/A;N/A;N/A;N/A;N/A;N/A;N/A;N/A;N/A;N/A;N/A;N/A;N/A;N/A;N/A;N/A;N/A;N/A;N/A;N/A;N/A;N/A;N/A;N/A;N/A;N/A;N/A;N/A;N/A;N/A;N/A;N/A;N/A;N/A;N/A
Nissan;"NP300 Frontier";"2.5 Le Tdsl 188hp D.cab. 4x4 Aut";2020;"190000 km";;GUALBERTOSEGUI;36000;;;;;Rivera;https://auto.mercadolibre.com.uy/MLU-634984429-nissan-np300-frontier-2020-25-le-tdsl-188hp-dcab-4x4-aut-_JM;N/A;;"Nissan Np300 Frontier 2020 2.5 Le Tdsl 188hp D.cab. 4x4 Aut";usd;Sí;gold_premium;false;N/A;N/A;http://perfil.mercadolibre.com.uy/GUALBERTOSEGUI;active;N/A;N/A;Usado;N/A;N/A;Hidráulica;4x4;Sí;N/A;N/A;N/A;N/A;N/A;N/A;N/A;Sí;N/A;N/A;N/A;N/A;N/A;N/A;N/A;N/A;N/A;N/A;N/A;N/A;N/A;N/A;N/A;N/A;"3150 mm";"2.5 L";"80 L";7;N/A;N/A;N/A;N/A;N/A;N/A;N/A;N/A;N/A;N/A;N/A;N/A;N/A;N/A;N/A;N/A;N/A;N/A;N/A;N/A;N/A;N/A;N/A;N/A;N/A;N/A;N/A;N/A;N/A;N/A;N/A;N/A;N/A;Sí;Sí;Sí;N/A;N/A;N/A;N/A;N/A;N/A;N/A;N/A;N/A;"1860 mm";"5258 mm";N/A;N/A;N/A;N/A;N/A;"188 hp";Le;N/A;4;"1850 mm";N/A;N/A;N/A;N/A;N/A;N/A;N/A;N/A;N/A;N/A;N/A;N/A;N/A;N/A;N/A;N/A;N/A;N/A;2;2.5;Diésel;Automática;Pick-Up;"Autos y camionetas";N/A;N/A;N/A;N/A;N/A;N/A;UY;N/A;N/A;N/A;N/A;N/A;N/A;N/A;N/A;N/A;N/A;N/A;N/A;N/A;N/A;N/A;N/A;N/A;N/A;N/A;N/A;N/A;N/A;N/A;N/A;N/A;N/A;N/A;N/A;N/A;N/A;N/A;N/A;N/A;N/A;N/A;N/A;N/A;N/A;N/A;N/A;N/A;N/A;N/A;N/A;N/A;N/A;N/A;N/A;N/A;N/A;N/A;N/A;N/A;N/A;N/A;N/A;N/A;N/A;N/A;N/A;N/A;N/A;N/A;N/A;N/A;N/A;N/A;N/A;N/A;N/A;N/A;N/A;N/A;N/A;N/A;N/A;N/A;N/A;N/A;N/A;N/A;N/A;N/A;N/A;N/A;N/A;N/A;N/A;N/A;Sí;N/A;Sí;N/A;N/A;N/A;N/A;Sí;N/A;Sí;N/A;N/A;N/A;N/A;N/A;Sí;Sí;N/A;Sí;N/A;N/A;N/A;N/A;Sí;N/A;Sí
Nissan;March;"1.6 Advance Mt";2013;"104000 km";;FMARIANOEL2012;9300;;;;;Pocitos;https://auto.mercadolibre.com.uy/MLU-635337905-nissan-march-2013-16-advance-mt-_JM;N/A;;"Nissan March 2013 1.6 Advance Mt";usd;Sí;gold_premium;false;N/A;N/A;http://perfil.mercadolibre.com.uy/FMARIANOEL2012;active;N/A;N/A;Usado;N/A;N/A;Hidráulica;Delantera;Sí;N/A;N/A;N/A;N/A;N/A;N/A;N/A;N/A;N/A;N/A;N/A;N/A;N/A;N/A;N/A;N/A;N/A;N/A;N/A;N/A;N/A;N/A;N/A;N/A;"2450 mm";"1.6 L";"41 L";N/A;N/A;N/A;N/A;N/A;N/A;N/A;N/A;N/A;N/A;N/A;N/A;N/A;N/A;N/A;N/A;N/A;N/A;N/A;N/A;N/A;N/A;N/A;N/A;N/A;N/A;N/A;N/A;N/A;N/A;N/A;N/A;N/A;N/A;N/A;N/A;N/A;N/A;N/A;N/A;N/A;N/A;N/A;N/A;N/A;N/A;"1528 mm";"3780 mm";N/A;N/A;N/A;N/A;5;"109 hp";Advance;N/A;N/A;"1665 mm";N/A;N/A;N/A;N/A;N/A;N/A;N/A;N/A;N/A;N/A;N/A;N/A;N/A;N/A;N/A;N/A;N/A;N/A;5;1.6;Nafta;Manual;Hatchback;"Autos y camionetas";N/A;N/A;N/A;N/A;N/A;N/A;UY;N/A;N/A;N/A;N/A;N/A;N/A;N/A;N/A;N/A;N/A;N/A;N/A;N/A;N/A;N/A;N/A;N/A;N/A;N/A;N/A;N/A;N/A;N/A;N/A;N/A;N/A;N/A;N/A;N/A;N/A;N/A;N/A;N/A;N/A;N/A;N/A;N/A;N/A;N/A;N/A;N/A;N/A;N/A;N/A;N/A;N/A;N/A;N/A;N/A;N/A;N/A;N/A;N/A;N/A;N/A;N/A;N/A;N/A;N/A;N/A;N/A;N/A;N/A;N/A;N/A;N/A;N/A;N/A;N/A;N/A;N/A;N/A;N/A;N/A;N/A;N/A;N/A;N/A;N/A;N/A;N/A;N/A;N/A;N/A;N/A;N/A;N/A;N/A;N/A;Sí;N/A;N/A;N/A;N/A;N/A;N/A;N/A;N/A;N/A;N/A;N/A;N/A;N/A;N/A;N/A;N/A;N/A;Sí;N/A;N/A;N/A;N/A;N/A;N/A;N/A
Nissan;March;Full;2016;"37000 km";;ADAMIAN.77;13800;;;;;Pocitos;https://auto.mercadolibre.com.uy/MLU-665431776-nissan-march-_JM;N/A;;"Nissan March";USD;Sí;gold_premium;false;N/A;N/A;http://perfil.mercadolibre.com.uy/ADAMIAN.77;active;N/A;N/A;Usado;Gris;N/A;Eléctrica;N/A;Sí;Sí;N/A;N/A;N/A;N/A;N/A;N/A;No;N/A;N/A;N/A;Sí;N/A;N/A;N/A;N/A;N/A;N/A;N/A;N/A;N/A;N/A;N/A;N/A;N/A;N/A;N/A;N/A;N/A;N/A;N/A;N/A;N/A;N/A;N/A;N/A;N/A;N/A;N/A;N/A;N/A;N/A;N/A;N/A;N/A;N/A;N/A;N/A;N/A;N/A;N/A;N/A;N/A;N/A;N/A;N/A;N/A;N/A;N/A;N/A;N/A;N/A;N/A;N/A;N/A;N/A;N/A;N/A;N/A;N/A;N/A;N/A;N/A;N/A;N/A;N/A;N/A;N/A;N/A;N/A;N/A;N/A;N/A;N/A;N/A;N/A;N/A;N/A;N/A;Sí;N/A;Sí;N/A;N/A;N/A;N/A;N/A;N/A;N/A;N/A;N/A;Sí;N/A;4;1.6;Nafta;Manual;Hatchback;"Autos y camionetas";N/A;N/A;N/A;N/A;N/A;N/A;N/A;N/A;N/A;N/A;N/A;N/A;N/A;N/A;N/A;N/A;N/A;N/A;N/A;N/A;N/A;N/A;N/A;N/A;N/A;N/A;N/A;N/A;N/A;N/A;N/A;N/A;N/A;N/A;N/A;N/A;N/A;N/A;N/A;N/A;N/A;N/A;N/A;N/A;N/A;N/A;N/A;N/A;N/A;N/A;N/A;N/A;N/A;N/A;N/A;N/A;N/A;N/A;N/A;N/A;N/A;N/A;N/A;N/A;N/A;N/A;N/A;N/A;N/A;N/A;N/A;N/A;N/A;N/A;N/A;N/A;N/A;N/A;N/A;N/A;N/A;N/A;N/A;N/A;N/A;N/A;N/A;N/A;N/A;N/A;N/A;N/A;N/A;N/A;N/A;N/A;Sí;N/A;Sí;N/A;Sí;N/A;N/A;N/A;N/A;Sí;N/A;N/A;Sí;N/A;N/A;N/A;Sí;Sí;Sí;Sí;Sí;Sí;N/A;Sí;N/A;Sí
Nissan;Kicks;"Advance Cvt";2023;"0 km";;"NISSAN SANTAROSA";31990;;;;;Centro;https://auto.mercadolibre.com.uy/MLU-661341152-nissan-kicks-advance-cvt-16-2023-0km-_JM;N/A;;"Nissan Kicks Advance Cvt 1.6 2023 0km";USD;Sí;gold_premium;false;N/A;N/A;http://perfil.mercadolibre.com.uy/NISSAN+SANTAROSA;active;N/A;N/A;Nuevo;"Gris oscuro";N/A;Asistida;N/A;Sí;Sí;Sí;Sí;N/A;N/A;Sí;Sí;N/A;N/A;N/A;N/A;Sí;N/A;N/A;N/A;N/A;N/A;N/A;N/A;N/A;N/A;N/A;N/A;N/A;N/A;"1600 cc";N/A;N/A;N/A;N/A;N/A;N/A;N/A;N/A;N/A;N/A;N/A;N/A;N/A;N/A;N/A;N/A;N/A;N/A;N/A;N/A;N/A;N/A;N/A;N/A;N/A;N/A;N/A;Sí;N/A;N/A;N/A;N/A;N/A;N/A;N/A;N/A;N/A;N/A;N/A;N/A;N/A;N/A;N/A;N/A;N/A;N/A;N/A;N/A;N/A;N/A;N/A;N/A;N/A;N/A;N/A;Advance;N/A;N/A;N/A;N/A;N/A;N/A;N/A;N/A;N/A;N/A;Sí;Sí;N/A;N/A;N/A;N/A;N/A;N/A;N/A;N/A;"Lun. a Vie. de 9 a 18:30 hs. Sáb. de 10 a 13 hs.";5;1.6;Nafta;Manual;N/A;"Autos y camionetas";Sí;N/A;N/A;N/A;Sí;N/A;N/A;Sí;Sí;Sí;No;N/A;N/A;N/A;N/A;N/A;N/A;N/A;N/A;N/A;N/A;N/A;N/A;N/A;N/A;N/A;N/A;N/A;N/A;N/A;N/A;N/A;N/A;N/A;N/A;N/A;N/A;N/A;N/A;N/A;N/A;N/A;N/A;Sí;N/A;N/A;N/A;N/A;N/A;N/A;N/A;N/A;N/A;N/A;N/A;N/A;N/A;N/A;N/A;N/A;N/A;Sí;No;N/A;N/A;N/A;N/A;N/A;N/A;N/A;N/A;N/A;N/A;N/A;N/A;N/A;N/A;N/A;N/A;N/A;N/A;N/A;N/A;N/A;N/A;N/A;N/A;N/A;N/A;N/A;N/A;N/A;N/A;N/A;N/A;N/A;Sí;Sí;Sí;N/A;Sí;N/A;Sí;N/A;N/A;Sí;N/A;N/A;N/A;N/A;N/A;Sí;Sí;N/A;Sí;Sí;Sí;Sí;N/A;Sí;N/A;Sí
Nissan;Tiida;"1.8 Emotion At";2011;"134000 km";;GOOLSRL;11800;;;;;Lezica;https://auto.mercadolibre.com.uy/MLU-664120018-nissan-tidda-extra-full-al-dia-_JM;N/A;;"Nissan Tidda  Extra Full Al Dia";usd;Sí;gold_premium;false;N/A;N/A;http://perfil.mercadolibre.com.uy/GOOLSRL;active;N/A;N/A;Usado;Blanco;N/A;Hidráulica;Delantera;Sí;N/A;N/A;N/A;N/A;N/A;N/A;N/A;N/A;N/A;N/A;N/A;N/A;N/A;N/A;N/A;N/A;N/A;N/A;N/A;N/A;N/A;N/A;N/A;N/A;"2600 mm";"1.8 L";"52 L";N/A;N/A;N/A;N/A;N/A;N/A;N/A;N/A;N/A;N/A;N/A;N/A;N/A;N/A;N/A;N/A;N/A;N/A;N/A;N/A;N/A;N/A;N/A;N/A;N/A;N/A;N/A;N/A;N/A;N/A;N/A;N/A;N/A;N/A;N/A;N/A;N/A;N/A;N/A;N/A;N/A;N/A;N/A;N/A;N/A;N/A;"1548 mm";"4297 mm";N/A;N/A;N/A;N/A;N/A;N/A;Emotion;N/A;N/A;"1695 mm";N/A;N/A;N/A;N/A;N/A;N/A;N/A;N/A;N/A;N/A;N/A;N/A;N/A;N/A;N/A;N/A;N/A;N/A;5;1.8;Nafta;Automática;Hatchback;"Autos y camionetas";N/A;N/A;N/A;N/A;N/A;N/A;UY;N/A;N/A;N/A;N/A;N/A;N/A;N/A;N/A;N/A;N/A;N/A;N/A;N/A;N/A;N/A;N/A;N/A;N/A;N/A;N/A;N/A;N/A;N/A;N/A;N/A;N/A;N/A;N/A;N/A;N/A;N/A;N/A;N/A;N/A;N/A;N/A;N/A;N/A;N/A;N/A;N/A;N/A;N/A;N/A;N/A;N/A;N/A;N/A;N/A;N/A;N/A;N/A;N/A;N/A;N/A;N/A;N/A;N/A;N/A;N/A;N/A;N/A;N/A;N/A;N/A;N/A;N/A;N/A;N/A;N/A;N/A;N/A;N/A;N/A;N/A;N/A;N/A;N/A;N/A;N/A;N/A;N/A;N/A;N/A;N/A;N/A;N/A;N/A;N/A;Sí;N/A;N/A;N/A;N/A;N/A;N/A;N/A;N/A;N/A;N/A;N/A;N/A;N/A;N/A;N/A;N/A;N/A;Sí;N/A;N/A;N/A;N/A;N/A;N/A;N/A
Nissan;Sentra;"1.8 Exclusive L4 Cvt";2013;"114000 km";;FGIALLORENZO;12000;;;;;Malvin;https://auto.mercadolibre.com.uy/MLU-634963957-nissan-sentra-_JM;N/A;;"Nissan Sentra";usd;Sí;gold_premium;false;N/A;N/A;http://perfil.mercadolibre.com.uy/FGIALLORENZO;active;N/A;N/A;Usado;Gris;N/A;Hidráulica;Delantera;Sí;N/A;N/A;N/A;N/A;N/A;N/A;N/A;N/A;N/A;N/A;N/A;N/A;N/A;N/A;N/A;N/A;N/A;N/A;N/A;N/A;N/A;N/A;N/A;N/A;N/A;"1.8 L";N/A;N/A;N/A;N/A;N/A;N/A;N/A;N/A;N/A;N/A;N/A;N/A;N/A;N/A;N/A;N/A;N/A;N/A;N/A;N/A;N/A;N/A;N/A;N/A;N/A;N/A;N/A;N/A;N/A;N/A;N/A;N/A;N/A;N/A;N/A;N/A;N/A;N/A;N/A;N/A;N/A;N/A;N/A;N/A;N/A;N/A;N/A;N/A;N/A;N/A;N/A;N/A;N/A;N/A;N/A;N/A;N/A;N/A;N/A;N/A;N/A;N/A;N/A;N/A;N/A;N/A;N/A;N/A;N/A;N/A;N/A;N/A;N/A;N/A;N/A;N/A;N/A;4;1.8;Nafta;Automática;Coupé;"Autos y camionetas";N/A;N/A;N/A;N/A;N/A;N/A;UY;N/A;N/A;N/A;N/A;N/A;N/A;N/A;N/A;N/A;N/A;N/A;N/A;N/A;N/A;N/A;N/A;N/A;N/A;N/A;N/A;N/A;N/A;N/A;N/A;N/A;N/A;N/A;N/A;N/A;N/A;N/A;N/A;N/A;N/A;N/A;N/A;N/A;N/A;N/A;N/A;N/A;N/A;N/A;N/A;N/A;N/A;N/A;N/A;N/A;N/A;N/A;N/A;N/A;N/A;N/A;N/A;N/A;N/A;N/A;N/A;N/A;N/A;N/A;N/A;N/A;N/A;N/A;N/A;N/A;N/A;N/A;N/A;N/A;N/A;N/A;N/A;N/A;N/A;N/A;N/A;N/A;N/A;N/A;N/A;N/A;N/A;N/A;N/A;N/A;Sí;N/A;N/A;N/A;N/A;N/A;N/A;N/A;N/A;N/A;N/A;N/A;N/A;N/A;N/A;N/A;N/A;N/A;Sí;N/A;N/A;N/A;N/A;N/A;N/A;N/A
Nissan;Versa;"1.6 Exclusive At";2018;"100000 km";;SANCHEZHUMBERTO20220808192137;13500;;;;;"La Comercial";https://auto.mercadolibre.com.uy/MLU-635065281-nissan-versa-2018-16-exclusive-at-_JM;N/A;;"Nissan Versa 2018 1.6 Exclusive At";usd;Sí;gold_premium;false;N/A;N/A;http://perfil.mercadolibre.com.uy/SANCHEZHUMBERTO20220808192137;active;N/A;N/A;Usado;N/A;N/A;Hidráulica;Delantera;Sí;N/A;N/A;N/A;Sí;N/A;N/A;N/A;Sí;N/A;N/A;N/A;Sí;N/A;N/A;N/A;N/A;N/A;N/A;N/A;N/A;N/A;N/A;N/A;N/A;"2600 mm";"1598 cc";"41 L";4;N/A;N/A;N/A;N/A;N/A;N/A;N/A;N/A;N/A;N/A;N/A;N/A;N/A;N/A;N/A;N/A;N/A;N/A;N/A;N/A;N/A;N/A;N/A;N/A;N/A;Sí;N/A;N/A;N/A;N/A;N/A;N/A;N/A;N/A;N/A;N/A;N/A;N/A;N/A;N/A;N/A;N/A;N/A;N/A;N/A;"1506 mm";"4465 mm";N/A;N/A;N/A;N/A;5;"106 hp";Exclusive;N/A;4;"1695 mm";N/A;N/A;N/A;N/A;N/A;N/A;N/A;Sí;N/A;N/A;N/A;N/A;N/A;N/A;N/A;N/A;N/A;N/A;4;1.6;Nafta;Automática;Sedán;"Autos y camionetas";N/A;N/A;N/A;N/A;N/A;N/A;UY;N/A;N/A;N/A;N/A;N/A;N/A;N/A;N/A;N/A;N/A;N/A;N/A;N/A;N/A;N/A;N/A;N/A;N/A;N/A;N/A;N/A;N/A;N/A;N/A;N/A;N/A;N/A;N/A;N/A;N/A;N/A;N/A;N/A;N/A;N/A;N/A;N/A;N/A;N/A;N/A;N/A;N/A;N/A;N/A;N/A;N/A;N/A;N/A;N/A;N/A;N/A;N/A;N/A;N/A;N/A;N/A;N/A;N/A;N/A;N/A;N/A;N/A;N/A;N/A;N/A;N/A;N/A;N/A;N/A;N/A;N/A;N/A;N/A;N/A;N/A;N/A;N/A;N/A;N/A;N/A;N/A;N/A;N/A;N/A;N/A;N/A;N/A;N/A;N/A;Sí;N/A;Sí;N/A;N/A;N/A;N/A;Sí;N/A;Sí;N/A;N/A;N/A;N/A;N/A;N/A;Sí;N/A;Sí;N/A;N/A;N/A;N/A;Sí;N/A;N/A
Nissan;Sentra;"SR AUTOMATICO EXTRAFULL";2018;"85000 km";;"AG AUTOMOVILES.";19990;;;;;Pocitos;https://auto.mercadolibre.com.uy/MLU-635232637-nissan-sentra-sr-automatico-extrafull-2018-inmaculado-_JM;N/A;;"Nissan Sentra Sr Automatico Extrafull 2018 Inmaculado!";usd;Sí;gold;false;N/A;N/A;http://perfil.mercadolibre.com.uy/AG+AUTOMOVILES.;active;N/A;N/A;Usado;Rojo;Sí;Asistida;N/A;Sí;Sí;Sí;N/A;N/A;N/A;Sí;Sí;N/A;Sí;Sí;N/A;Sí;N/A;Sí;N/A;N/A;N/A;N/A;N/A;N/A;N/A;N/A;N/A;N/A;N/A;"1800 cc";N/A;N/A;N/A;N/A;N/A;N/A;N/A;Sí;Sí;N/A;N/A;N/A;N/A;N/A;N/A;N/A;N/A;N/A;N/A;N/A;N/A;N/A;N/A;N/A;N/A;Sí;N/A;N/A;N/A;Sí;N/A;N/A;N/A;N/A;N/A;N/A;N/A;N/A;Sí;N/A;N/A;N/A;N/A;N/A;Sí;N/A;N/A;N/A;N/A;N/A;N/A;N/A;N/A;N/A;"131 hp";Sr;N/A;N/A;N/A;"14 km/l";N/A;N/A;N/A;Sí;Sí;Sí;Sí;Sí;Sí;N/A;"18 km/l";N/A;N/A;N/A;N/A;N/A;"Horario de Lunes a Viernes de 9:00 a 18:00 hs.";4;1.8;Nafta;Automática;Sedán;"Autos y camionetas";No;N/A;N/A;N/A;No;N/A;UY;No;Sí;No;No;N/A;N/A;N/A;N/A;N/A;N/A;N/A;N/A;N/A;N/A;N/A;N/A;N/A;Sí;N/A;N/A;N/A;N/A;N/A;N/A;N/A;N/A;N/A;N/A;Sí;N/A;N/A;N/A;N/A;N/A;N/A;N/A;N/A;N/A;N/A;N/A;N/A;N/A;N/A;N/A;N/A;N/A;N/A;N/A;N/A;N/A;Sí;Sí;N/A;N/A;N/A;No;N/A;Sí;N/A;N/A;N/A;N/A;N/A;N/A;N/A;N/A;N/A;N/A;N/A;N/A;N/A;N/A;N/A;N/A;N/A;N/A;N/A;N/A;N/A;N/A;N/A;N/A;N/A;N/A;N/A;Sí;N/A;N/A;N/A;Sí;Sí;Sí;Sí;Sí;Sí;Sí;N/A;Sí;Sí;N/A;Sí;N/A;N/A;Sí;N/A;Sí;N/A;Sí;Sí;Sí;Sí;N/A;Sí;N/A;Sí
Nissan;Frontier;PRO4EX;2023;"0 km";;"OSCARPISANO RENAULT-NISSAN";46968;;;;;Sayago;https://auto.mercadolibre.com.uy/MLU-635148079-nissan-frontier-pro4ex-25-2023-0km-_JM;N/A;;"Nissan Frontier Pro4ex 2.5 2023 0km";USD;Sí;gold;false;N/A;N/A;http://perfil.mercadolibre.com.uy/OSCARPISANO+RENAULT-NISSAN;active;N/A;N/A;Nuevo;"Gris oscuro";N/A;Eléctrica;N/A;No;Sí;Sí;No;No;No;Sí;Sí;Sí;No;Sí;Sí;Sí;No;No;N/A;N/A;N/A;N/A;N/A;N/A;N/A;N/A;N/A;N/A;N/A;"2500 cc";N/A;N/A;N/A;No;No;No;Sí;No;No;No;No;No;No;No;No;No;No;No;No;No;No;No;No;Sí;No;Sí;No;Sí;No;Sí;N/A;No;N/A;No;No;No;No;No;Sí;No;No;No;No;No;Sí;N/A;No;N/A;N/A;N/A;N/A;N/A;N/A;N/A;"188 hp";N/A;N/A;N/A;N/A;"8 km/l";No;No;Sí;No;Sí;Sí;Sí;No;No;No;"10 km/l";No;No;No;Sí;No;"Lun. a Sáb. de 9:30 a 18:30 hs. Dom. de 9:30 a 13 hs";4;2.5;Nafta;Automática;Pick-Up;"Autos y camionetas";No;N/A;N/A;N/A;No;N/A;N/A;No;Sí;No;No;N/A;N/A;N/A;N/A;N/A;N/A;N/A;N/A;N/A;N/A;No;N/A;N/A;No;N/A;N/A;N/A;N/A;N/A;N/A;N/A;N/A;N/A;N/A;No;N/A;N/A;N/A;N/A;N/A;N/A;N/A;Sí;N/A;N/A;N/A;N/A;N/A;N/A;N/A;N/A;N/A;No;N/A;N/A;N/A;No;No;N/A;N/A;Sí;No;No;No;N/A;N/A;N/A;N/A;N/A;No;N/A;N/A;N/A;N/A;N/A;N/A;N/A;N/A;N/A;N/A;N/A;No;N/A;N/A;N/A;N/A;N/A;N/A;N/A;N/A;No;No;N/A;N/A;No;Sí;No;Sí;Sí;Sí;Sí;Sí;No;Sí;Sí;No;Sí;No;No;Sí;Sí;No;No;No;No;No;No;No;No;No;No
Nissan;Frontier;SENAFTA;2023;"0 km";;"OSCARPISANO RENAULT-NISSAN";32328;;;;;Sayago;https://auto.mercadolibre.com.uy/MLU-635096247-nissan-frontier-senafta-25-2023-0km-_JM;N/A;;"Nissan Frontier Senafta 2.5 2023 0km";USD;Sí;gold;false;N/A;N/A;http://perfil.mercadolibre.com.uy/OSCARPISANO+RENAULT-NISSAN;active;N/A;N/A;Nuevo;Plateado;N/A;Eléctrica;N/A;Sí;Sí;No;No;No;No;Sí;No;No;No;Sí;No;No;No;No;N/A;N/A;N/A;N/A;N/A;N/A;N/A;N/A;N/A;N/A;N/A;"2500 cc";N/A;6;N/A;No;No;No;Sí;No;No;No;No;No;No;No;No;No;No;No;No;No;No;No;No;No;No;Sí;No;Sí;No;No;N/A;No;N/A;No;No;No;No;No;No;No;No;No;No;No;No;N/A;No;N/A;N/A;N/A;N/A;N/A;N/A;N/A;"158 hp";N/A;N/A;N/A;N/A;"8 km/l";No;No;No;No;No;Sí;No;No;No;No;"10 km/l";No;No;No;Sí;No;"Lun. a Sáb. de 9:30 a 18:30 hs. Dom. de 9:30 a 13 hs";5;2.5;Nafta;Manual;Pick-Up;"Autos y camionetas";No;N/A;N/A;N/A;No;N/A;N/A;No;Sí;No;No;N/A;N/A;N/A;N/A;N/A;N/A;N/A;N/A;N/A;N/A;No;N/A;N/A;No;N/A;N/A;N/A;N/A;N/A;N/A;N/A;N/A;N/A;N/A;No;N/A;N/A;N/A;N/A;N/A;N/A;N/A;Sí;N/A;N/A;N/A;N/A;N/A;N/A;N/A;N/A;N/A;No;N/A;N/A;N/A;No;No;N/A;N/A;Sí;No;No;No;N/A;N/A;N/A;N/A;N/A;No;N/A;N/A;N/A;N/A;N/A;N/A;N/A;N/A;N/A;N/A;N/A;No;N/A;N/A;N/A;N/A;N/A;N/A;N/A;N/A;No;No;N/A;N/A;No;Sí;Sí;Sí;Sí;Sí;Sí;Sí;No;Sí;Sí;No;Sí;No;No;No;Sí;No;No;Sí;No;No;No;No;No;No;Sí
Nissan;Sentra;Sr;2023;"0 km";;"OSCARPISANO RENAULT-NISSAN";37990;;;;;Sayago;https://auto.mercadolibre.com.uy/MLU-635197909-nissan-sentra-sr-20-2023-0km-_JM;N/A;;"Nissan Sentra Sr 2.0 2023 0km";USD;Sí;gold;false;N/A;N/A;http://perfil.mercadolibre.com.uy/OSCARPISANO+RENAULT-NISSAN;active;No;N/A;Nuevo;"Gris oscuro";No;Eléctrica;N/A;No;Sí;Sí;Sí;Sí;No;Sí;Sí;Sí;Sí;No;Sí;Sí;No;Sí;N/A;N/A;N/A;N/A;N/A;N/A;N/A;N/A;N/A;N/A;N/A;"2000 cc";N/A;N/A;N/A;No;Sí;Sí;Sí;No;Sí;No;No;No;No;No;No;No;No;No;No;No;No;No;No;Sí;No;Sí;No;Sí;No;No;N/A;No;N/A;No;No;No;No;No;Sí;No;No;No;No;No;Sí;N/A;No;N/A;N/A;N/A;N/A;N/A;N/A;N/A;"145 hp";Sr;N/A;N/A;N/A;"11 km/l";No;No;Sí;Sí;Sí;Sí;Sí;Sí;Sí;No;"14 km/l";No;No;No;No;Sí;"Lun. a Sáb. de 9:30 a 18:30 hs. Dom. de 9:30 a 13 hs";5;2.0;Nafta;Automática;Sedán;"Autos y camionetas";No;No;No;No;No;No;UY;No;Sí;No;No;No;No;No;No;No;No;No;No;No;No;No;No;No;No;No;No;No;No;No;No;No;N/A;No;No;No;No;No;No;No;No;No;No;Sí;No;No;No;No;No;No;No;No;No;No;No;No;No;No;No;No;No;Sí;No;No;No;No;No;No;No;No;No;No;No;No;No;No;No;No;No;No;No;No;No;No;No;No;No;No;No;No;No;No;No;No;No;No;No;Sí;Sí;Sí;Sí;Sí;Sí;No;Sí;Sí;Sí;Sí;No;No;Sí;Sí;No;No;Sí;Sí;Sí;No;No;Sí;Sí;Sí
Nissan;Versa;"NEW VERSA ADVANCE";2023;"0 km";;"OSCARPISANO RENAULT-NISSAN";27490;;;;;Sayago;https://auto.mercadolibre.com.uy/MLU-635173911-nissan-versa-new-versa-advance-16-2023-0km-_JM;N/A;;"Nissan Versa New Versa Advance 1.6 2023 0km";usd;Sí;gold;false;N/A;N/A;http://perfil.mercadolibre.com.uy/OSCARPISANO+RENAULT-NISSAN;active;No;N/A;Nuevo;"Gris oscuro";No;Eléctrica;N/A;Sí;Sí;Sí;N/A;N/A;N/A;Sí;Sí;N/A;Sí;Sí;Sí;Sí;N/A;Sí;N/A;N/A;N/A;N/A;N/A;N/A;N/A;N/A;N/A;N/A;N/A;"1600 cc";N/A;5;N/A;N/A;Sí;Sí;Sí;N/A;N/A;N/A;N/A;N/A;N/A;N/A;N/A;N/A;N/A;N/A;N/A;N/A;N/A;N/A;N/A;N/A;N/A;Sí;N/A;Sí;N/A;Sí;N/A;N/A;N/A;N/A;N/A;N/A;N/A;N/A;N/A;N/A;N/A;N/A;N/A;N/A;N/A;N/A;N/A;N/A;N/A;N/A;N/A;N/A;N/A;N/A;"118 hp";Advance;N/A;N/A;N/A;"12 km/l";N/A;N/A;N/A;N/A;Sí;Sí;Sí;N/A;N/A;N/A;"16 km/l";N/A;N/A;N/A;N/A;N/A;"Lun. a Sáb. de 9:30 a 18:30 hs. Dom. de 9:30 a 13 hs";5;1.6;Nafta;Manual;Sedán;"Autos y camionetas";No;No;No;No;No;No;UY;No;Sí;No;No;No;No;No;No;No;No;No;No;No;No;N/A;No;No;N/A;No;No;No;No;No;No;No;N/A;No;No;N/A;No;No;No;No;No;No;No;Sí;No;No;No;No;No;No;No;No;No;N/A;No;No;No;N/A;N/A;No;No;Sí;No;N/A;N/A;No;No;No;No;No;N/A;No;No;No;No;No;No;No;No;No;No;No;N/A;No;No;No;No;No;No;No;No;N/A;N/A;No;No;N/A;Sí;Sí;Sí;Sí;Sí;Sí;Sí;N/A;Sí;Sí;N/A;Sí;N/A;N/A;Sí;Sí;Sí;N/A;Sí;Sí;Sí;N/A;N/A;N/A;N/A;Sí
Nissan;"Terrano II 4x4 7 Pza";"Ponta Power Sport";2004;"198000 km";;"PONTA POWERSPORT";12990;;;;;Shangrilá;https://auto.mercadolibre.com.uy/MLU-655292566-nissan-terrano-ii-4x4-7-pza-ponta-power-sport-_JM;N/A;;"Nissan Terrano Ii 4x4 7 Pza Ponta Power Sport";USD;No;gold;false;N/A;N/A;http://perfil.mercadolibre.com.uy/PONTA+POWERSPORT;active;N/A;N/A;Usado;N/A;N/A;Hidráulica;4x4;Sí;Sí;N/A;N/A;N/A;Sí;N/A;N/A;N/A;N/A;N/A;No;Sí;N/A;Sí;N/A;N/A;N/A;N/A;N/A;N/A;N/A;N/A;N/A;N/A;N/A;N/A;N/A;N/A;N/A;N/A;N/A;N/A;N/A;No;N/A;N/A;N/A;N/A;N/A;N/A;N/A;N/A;N/A;N/A;N/A;N/A;N/A;N/A;N/A;N/A;N/A;N/A;N/A;N/A;N/A;N/A;N/A;N/A;N/A;N/A;N/A;N/A;N/A;N/A;N/A;N/A;N/A;N/A;N/A;N/A;N/A;N/A;N/A;N/A;N/A;N/A;N/A;N/A;N/A;N/A;N/A;N/A;N/A;N/A;N/A;N/A;No;N/A;Sí;Sí;N/A;Sí;No;N/A;N/A;N/A;N/A;Sí;N/A;N/A;N/A;N/A;N/A;5;2400;Nafta;Manual;Off-Road;"Autos y camionetas";N/A;N/A;N/A;N/A;N/A;N/A;N/A;N/A;N/A;N/A;N/A;N/A;N/A;N/A;N/A;N/A;N/A;N/A;N/A;N/A;N/A;N/A;N/A;N/A;No;N/A;N/A;N/A;N/A;N/A;N/A;N/A;N/A;N/A;N/A;N/A;N/A;N/A;N/A;N/A;N/A;N/A;N/A;N/A;N/A;N/A;N/A;N/A;N/A;N/A;N/A;N/A;N/A;N/A;N/A;N/A;N/A;N/A;N/A;N/A;N/A;N/A;N/A;N/A;N/A;N/A;N/A;N/A;N/A;N/A;N/A;N/A;N/A;N/A;N/A;N/A;N/A;N/A;N/A;N/A;N/A;N/A;N/A;N/A;N/A;N/A;N/A;N/A;N/A;N/A;N/A;N/A;N/A;N/A;N/A;N/A;No;N/A;N/A;N/A;No;N/A;N/A;N/A;N/A;No;Sí;Sí;Sí;N/A;N/A;No;N/A;Sí;Sí;Sí;Sí;N/A;No;N/A;N/A;Sí
Nissan;March;"EXTRA FULL AUTOMATICO";2016;"92000 km";;"PAK AUTOMOVILES";13500;;;;;Malvin;https://auto.mercadolibre.com.uy/MLU-656236138-nissan-march-_JM;N/A;;"Nissan March ";USD;Sí;gold;false;N/A;N/A;http://perfil.mercadolibre.com.uy/PAK+AUTOMOVILES;active;N/A;N/A;Usado;Rojo;N/A;Hidráulica;Delantera;N/A;N/A;N/A;N/A;N/A;N/A;N/A;N/A;N/A;N/A;N/A;N/A;N/A;N/A;N/A;N/A;N/A;N/A;N/A;N/A;N/A;N/A;N/A;N/A;N/A;N/A;N/A;N/A;N/A;N/A;N/A;N/A;N/A;N/A;N/A;N/A;N/A;N/A;N/A;N/A;N/A;N/A;N/A;N/A;N/A;N/A;N/A;N/A;N/A;N/A;N/A;N/A;N/A;N/A;N/A;N/A;N/A;N/A;N/A;N/A;N/A;N/A;N/A;N/A;N/A;N/A;N/A;N/A;N/A;N/A;N/A;N/A;N/A;N/A;N/A;N/A;N/A;N/A;N/A;N/A;N/A;N/A;N/A;N/A;N/A;N/A;N/A;N/A;N/A;N/A;N/A;N/A;N/A;N/A;N/A;N/A;N/A;N/A;N/A;N/A;N/A;N/A;N/A;N/A;5;1.6;Nafta;Automática;Hatchback;"Autos y camionetas";Sí;N/A;N/A;N/A;N/A;N/A;N/A;N/A;Sí;N/A;Sí;N/A;N/A;N/A;N/A;N/A;N/A;N/A;N/A;N/A;N/A;N/A;N/A;N/A;N/A;N/A;N/A;N/A;N/A;N/A;N/A;N/A;N/A;N/A;N/A;N/A;N/A;N/A;N/A;N/A;N/A;N/A;N/A;N/A;N/A;N/A;N/A;N/A;N/A;N/A;N/A;N/A;N/A;N/A;N/A;N/A;N/A;N/A;N/A;N/A;N/A;N/A;N/A;N/A;N/A;N/A;N/A;N/A;N/A;N/A;N/A;N/A;N/A;N/A;N/A;N/A;N/A;N/A;N/A;N/A;N/A;N/A;N/A;N/A;N/A;N/A;N/A;N/A;N/A;N/A;N/A;N/A;N/A;N/A;N/A;N/A;N/A;N/A;N/A;N/A;N/A;N/A;N/A;N/A;N/A;N/A;N/A;N/A;N/A;N/A;N/A;N/A;N/A;N/A;N/A;N/A;N/A;N/A;N/A;N/A;N/A;N/A
Nissan;March;"1.6 Active Mt";2019;"60050 km";;"PONTA POWERSPORT";12990;;;;;Shangrilá;https://auto.mercadolibre.com.uy/MLU-660987922-nissan-march-2019-16-active-mt-ponta-power-sports-_JM;N/A;;"Nissan March 2019 1.6 Active Mt Ponta Power Sports";usd;Sí;gold;false;N/A;N/A;http://perfil.mercadolibre.com.uy/PONTA+POWERSPORT;active;N/A;N/A;Usado;N/A;N/A;Hidráulica;Delantera;Sí;N/A;N/A;N/A;N/A;N/A;N/A;N/A;N/A;N/A;N/A;N/A;N/A;N/A;N/A;N/A;N/A;N/A;N/A;N/A;N/A;N/A;N/A;N/A;N/A;"2450 mm";"1.6 L";"41 L";5;N/A;N/A;N/A;N/A;N/A;N/A;N/A;N/A;N/A;N/A;N/A;N/A;N/A;N/A;N/A;N/A;N/A;N/A;N/A;N/A;N/A;N/A;N/A;N/A;N/A;N/A;N/A;N/A;N/A;N/A;N/A;N/A;N/A;N/A;N/A;N/A;N/A;N/A;N/A;N/A;N/A;N/A;N/A;N/A;N/A;"1532 mm";"3827 mm";N/A;N/A;N/A;N/A;5;"106 hp";Active;N/A;4;"1665 mm";N/A;N/A;N/A;N/A;N/A;N/A;N/A;Sí;N/A;N/A;N/A;N/A;N/A;N/A;N/A;N/A;N/A;N/A;5;1.6;Nafta;Manual;Hatchback;"Autos y camionetas";N/A;N/A;N/A;N/A;N/A;N/A;UY;N/A;N/A;N/A;N/A;N/A;N/A;N/A;N/A;N/A;N/A;N/A;N/A;N/A;N/A;N/A;N/A;N/A;N/A;N/A;N/A;N/A;N/A;N/A;N/A;N/A;N/A;N/A;N/A;N/A;N/A;N/A;N/A;N/A;N/A;N/A;N/A;N/A;N/A;N/A;N/A;N/A;N/A;N/A;N/A;N/A;N/A;N/A;N/A;N/A;N/A;N/A;N/A;N/A;N/A;N/A;N/A;N/A;N/A;N/A;N/A;N/A;N/A;N/A;N/A;N/A;N/A;N/A;N/A;N/A;N/A;N/A;N/A;N/A;N/A;N/A;N/A;N/A;N/A;N/A;N/A;N/A;N/A;N/A;N/A;N/A;N/A;N/A;N/A;N/A;Sí;N/A;N/A;N/A;N/A;N/A;N/A;N/A;N/A;Sí;N/A;N/A;N/A;N/A;N/A;N/A;N/A;N/A;Sí;N/A;N/A;N/A;N/A;Sí;N/A;N/A
Nissan;Versa;"1.6 Advance";2021;"74000 km";;"PALERMO AUTOMOVILES";21900;;;;;Palermo;https://auto.mercadolibre.com.uy/MLU-655788650-nissan-versa-2021-16-advance-_JM;N/A;;"Nissan Versa 2021 1.6 Advance";usd;Sí;gold;false;N/A;N/A;http://perfil.mercadolibre.com.uy/PALERMO+AUTOMOVILES;active;N/A;N/A;Usado;Gris;N/A;Hidráulica;Delantera;Sí;N/A;N/A;N/A;N/A;N/A;N/A;N/A;N/A;N/A;N/A;N/A;N/A;N/A;N/A;N/A;N/A;N/A;N/A;N/A;N/A;N/A;N/A;N/A;N/A;"2600 mm";"1.6 L";"41 L";5;N/A;N/A;N/A;N/A;N/A;N/A;N/A;N/A;N/A;N/A;N/A;N/A;N/A;N/A;N/A;N/A;N/A;N/A;N/A;N/A;N/A;N/A;N/A;N/A;N/A;N/A;N/A;N/A;N/A;N/A;N/A;N/A;N/A;Sí;Sí;N/A;N/A;N/A;N/A;N/A;N/A;N/A;N/A;N/A;N/A;"1506 mm";"4492 mm";N/A;N/A;N/A;N/A;5;"106 hp";Advance;N/A;4;"1695 mm";N/A;N/A;N/A;N/A;N/A;N/A;N/A;Sí;N/A;N/A;N/A;N/A;N/A;N/A;N/A;N/A;N/A;N/A;4;1.6;Nafta;Manual;Sedán;"Autos y camionetas";N/A;N/A;N/A;N/A;N/A;N/A;UY;N/A;N/A;N/A;N/A;N/A;N/A;N/A;N/A;N/A;N/A;N/A;N/A;N/A;N/A;N/A;N/A;N/A;N/A;N/A;N/A;N/A;N/A;N/A;N/A;N/A;N/A;N/A;N/A;N/A;N/A;N/A;N/A;N/A;N/A;N/A;N/A;N/A;N/A;N/A;N/A;N/A;N/A;N/A;N/A;N/A;N/A;N/A;N/A;N/A;N/A;N/A;N/A;N/A;N/A;N/A;N/A;N/A;N/A;N/A;N/A;N/A;N/A;N/A;N/A;N/A;N/A;N/A;N/A;N/A;N/A;N/A;N/A;N/A;N/A;N/A;N/A;N/A;N/A;N/A;N/A;N/A;N/A;N/A;N/A;N/A;N/A;N/A;N/A;N/A;Sí;N/A;Sí;N/A;N/A;N/A;N/A;Sí;N/A;Sí;N/A;N/A;N/A;N/A;N/A;N/A;Sí;N/A;Sí;N/A;N/A;N/A;N/A;Sí;N/A;N/A
Nissan;Kicks;"1.6 Exclusive At";2022;"51900 km";;"USADOS FIDOCAR";27990;;;;;Centro;https://auto.mercadolibre.com.uy/MLU-655716904-nissan-kicks-exlusive-at-_JM;N/A;;"Nissan Kicks Exlusive At";usd;Sí;gold;false;N/A;N/A;http://perfil.mercadolibre.com.uy/USADOS+FIDOCAR;active;N/A;N/A;Usado;Blanco;N/A;Hidráulica;Delantera;Sí;N/A;N/A;N/A;N/A;N/A;N/A;N/A;Sí;N/A;N/A;N/A;N/A;N/A;N/A;N/A;N/A;N/A;N/A;N/A;N/A;N/A;N/A;N/A;N/A;"2620 mm";"1.6 L";"50 L";N/A;N/A;N/A;N/A;N/A;N/A;N/A;N/A;N/A;N/A;N/A;N/A;N/A;N/A;N/A;N/A;N/A;N/A;N/A;N/A;N/A;N/A;N/A;N/A;N/A;N/A;N/A;N/A;N/A;N/A;N/A;N/A;N/A;N/A;Sí;Sí;N/A;N/A;Sí;N/A;N/A;N/A;N/A;N/A;N/A;N/A;"1590 mm";"4295 mm";N/A;N/A;N/A;N/A;5;"118 hp";Exclusive;N/A;4;"1760 mm";N/A;N/A;N/A;N/A;N/A;N/A;N/A;N/A;N/A;N/A;N/A;N/A;N/A;N/A;N/A;N/A;N/A;"Lunes a Viernes de 9 a 18hs";5;1.6;Nafta;Automática;SUV;"Autos y camionetas";N/A;N/A;N/A;N/A;N/A;N/A;UY;N/A;N/A;N/A;N/A;N/A;N/A;N/A;N/A;N/A;N/A;N/A;N/A;N/A;N/A;N/A;N/A;N/A;N/A;N/A;N/A;N/A;N/A;N/A;N/A;N/A;N/A;N/A;N/A;N/A;N/A;N/A;N/A;N/A;N/A;N/A;N/A;N/A;N/A;N/A;N/A;N/A;N/A;N/A;N/A;N/A;N/A;N/A;N/A;N/A;N/A;N/A;N/A;N/A;N/A;N/A;N/A;N/A;N/A;N/A;N/A;N/A;N/A;N/A;N/A;N/A;N/A;N/A;N/A;N/A;N/A;N/A;N/A;N/A;N/A;N/A;N/A;N/A;N/A;N/A;N/A;N/A;N/A;N/A;N/A;N/A;N/A;N/A;N/A;N/A;Sí;N/A;Sí;N/A;N/A;N/A;N/A;N/A;N/A;Sí;N/A;N/A;N/A;N/A;N/A;Sí;Sí;N/A;Sí;N/A;N/A;N/A;N/A;Sí;N/A;Sí
Nissan;Kicks;"1.6 Exclusive At Cvt";2017;"128000 km";;"USADOS FIDOCAR";18990;;;;;Centro;https://auto.mercadolibre.com.uy/MLU-634778783-nissan-kicks-exclusive-cvt-2017-_JM;N/A;;"Nissan Kicks Exclusive Cvt - 2017";usd;Sí;gold;false;N/A;N/A;http://perfil.mercadolibre.com.uy/USADOS+FIDOCAR;active;N/A;N/A;Usado;Azul;N/A;Hidráulica;Delantera;Sí;N/A;N/A;N/A;N/A;N/A;N/A;N/A;Sí;N/A;N/A;N/A;N/A;N/A;N/A;N/A;N/A;N/A;N/A;N/A;N/A;N/A;N/A;N/A;N/A;"2620 mm";"1.6 L";"50 L";N/A;N/A;N/A;N/A;N/A;N/A;N/A;N/A;N/A;N/A;N/A;N/A;N/A;N/A;N/A;N/A;N/A;N/A;N/A;N/A;N/A;N/A;N/A;N/A;N/A;N/A;N/A;N/A;N/A;N/A;N/A;N/A;N/A;N/A;Sí;Sí;N/A;N/A;Sí;N/A;N/A;N/A;N/A;N/A;N/A;N/A;"1590 mm";"4295 mm";N/A;N/A;N/A;N/A;5;"118 hp";Exclusive;N/A;4;"1760 mm";N/A;N/A;N/A;N/A;N/A;N/A;N/A;N/A;N/A;N/A;N/A;N/A;N/A;N/A;N/A;N/A;N/A;"Lunes a Viernes de 9 a 18hs";5;1.6;Nafta;Automática;SUV;"Autos y camionetas";N/A;N/A;N/A;N/A;N/A;N/A;UY;N/A;N/A;N/A;N/A;N/A;N/A;N/A;N/A;N/A;N/A;N/A;N/A;N/A;N/A;N/A;N/A;N/A;N/A;N/A;N/A;N/A;N/A;N/A;N/A;N/A;N/A;N/A;N/A;N/A;N/A;N/A;N/A;N/A;N/A;N/A;N/A;N/A;N/A;N/A;N/A;N/A;N/A;N/A;N/A;N/A;N/A;N/A;N/A;N/A;N/A;N/A;N/A;N/A;N/A;N/A;N/A;N/A;N/A;N/A;N/A;N/A;N/A;N/A;N/A;N/A;N/A;N/A;N/A;N/A;N/A;N/A;N/A;N/A;N/A;N/A;N/A;N/A;N/A;N/A;N/A;N/A;N/A;N/A;N/A;N/A;N/A;N/A;N/A;N/A;Sí;N/A;Sí;N/A;N/A;N/A;N/A;N/A;N/A;Sí;N/A;N/A;N/A;N/A;N/A;Sí;Sí;N/A;Sí;N/A;N/A;N/A;N/A;Sí;N/A;Sí
Nissan;Sentra;"1.8 Exclusive Navi At";2015;"88200 km";;"USADOS FIDOCAR";14290;;;;;Centro;https://auto.mercadolibre.com.uy/MLU-663210392-nissan-sentra-exclusive-18-cvt-2015-_JM;N/A;;"Nissan Sentra Exclusive 1.8 Cvt 2015";usd;Sí;gold;false;N/A;N/A;http://perfil.mercadolibre.com.uy/USADOS+FIDOCAR;active;N/A;N/A;Usado;Plateado;N/A;Hidráulica;Delantera;Sí;N/A;N/A;N/A;Sí;N/A;N/A;N/A;N/A;N/A;N/A;N/A;N/A;N/A;N/A;N/A;N/A;N/A;N/A;N/A;N/A;N/A;N/A;N/A;N/A;N/A;"1.8 L";N/A;N/A;N/A;N/A;N/A;N/A;N/A;N/A;N/A;N/A;N/A;N/A;N/A;N/A;N/A;N/A;N/A;N/A;N/A;N/A;N/A;N/A;N/A;N/A;N/A;N/A;N/A;N/A;N/A;N/A;N/A;N/A;N/A;N/A;N/A;N/A;N/A;N/A;N/A;N/A;N/A;N/A;N/A;N/A;N/A;N/A;N/A;N/A;N/A;N/A;N/A;N/A;N/A;N/A;"129 hp";Exclusive;N/A;N/A;N/A;N/A;N/A;N/A;N/A;N/A;N/A;N/A;N/A;N/A;N/A;N/A;N/A;N/A;N/A;N/A;N/A;N/A;"Lunes a Viernes de 9 a 18hs";4;1.8;Nafta;Automática;Coupé;"Autos y camionetas";N/A;N/A;N/A;N/A;N/A;N/A;UY;N/A;N/A;N/A;N/A;N/A;N/A;N/A;N/A;N/A;N/A;N/A;N/A;N/A;N/A;N/A;N/A;N/A;N/A;N/A;N/A;N/A;N/A;N/A;N/A;N/A;N/A;N/A;N/A;N/A;N/A;N/A;N/A;N/A;N/A;N/A;N/A;N/A;N/A;N/A;N/A;N/A;N/A;N/A;N/A;N/A;N/A;N/A;N/A;N/A;N/A;N/A;N/A;N/A;N/A;N/A;N/A;N/A;N/A;N/A;N/A;N/A;N/A;N/A;N/A;N/A;N/A;N/A;N/A;N/A;N/A;N/A;N/A;N/A;N/A;N/A;N/A;N/A;N/A;N/A;N/A;N/A;N/A;N/A;N/A;N/A;N/A;N/A;N/A;N/A;Sí;N/A;N/A;N/A;N/A;N/A;N/A;N/A;N/A;N/A;N/A;N/A;N/A;N/A;N/A;N/A;N/A;N/A;Sí;N/A;N/A;N/A;N/A;N/A;N/A;N/A
Nissan;Kicks;"1.6 Exclusive At";2020;"79000 km";;"MASANTI AUTOMOVILES_JAVIER";23500;;;;;"Barros Blancos";https://auto.mercadolibre.com.uy/MLU-662124310-nissan-kicks-2020-16-exclusive-at-masanti-_JM;N/A;;"Nissan Kicks 2020 1.6 Exclusive At Masanti";usd;Sí;gold;false;N/A;N/A;http://perfil.mercadolibre.com.uy/MASANTI+AUTOMOVILES_JAVIER;active;N/A;N/A;Usado;Gris;N/A;Hidráulica;Delantera;Sí;N/A;N/A;N/A;N/A;N/A;N/A;N/A;Sí;N/A;N/A;N/A;N/A;N/A;N/A;N/A;N/A;N/A;N/A;N/A;N/A;N/A;N/A;N/A;N/A;"2620 mm";"1.6 L";"50 L";N/A;N/A;N/A;N/A;N/A;N/A;N/A;N/A;N/A;N/A;N/A;N/A;N/A;N/A;N/A;N/A;N/A;N/A;N/A;N/A;N/A;N/A;N/A;N/A;N/A;N/A;N/A;N/A;N/A;N/A;N/A;N/A;N/A;N/A;Sí;Sí;N/A;N/A;Sí;N/A;N/A;N/A;N/A;N/A;N/A;N/A;"1590 mm";"4295 mm";N/A;N/A;N/A;N/A;5;"118 hp";Exclusive;N/A;4;"1760 mm";N/A;N/A;N/A;N/A;N/A;N/A;N/A;N/A;N/A;N/A;N/A;N/A;N/A;N/A;N/A;N/A;N/A;N/A;5;1.6;Nafta;Automática;SUV;"Autos y camionetas";N/A;N/A;N/A;N/A;N/A;N/A;UY;N/A;N/A;N/A;N/A;N/A;N/A;N/A;N/A;N/A;N/A;N/A;N/A;N/A;N/A;N/A;N/A;N/A;N/A;N/A;N/A;N/A;N/A;N/A;N/A;N/A;N/A;N/A;N/A;N/A;N/A;N/A;N/A;N/A;N/A;N/A;N/A;N/A;N/A;N/A;N/A;N/A;N/A;N/A;N/A;N/A;N/A;N/A;N/A;N/A;N/A;N/A;N/A;N/A;N/A;N/A;N/A;N/A;N/A;N/A;N/A;N/A;N/A;N/A;N/A;N/A;N/A;N/A;N/A;N/A;N/A;N/A;N/A;N/A;N/A;N/A;N/A;N/A;N/A;N/A;N/A;N/A;N/A;N/A;N/A;N/A;N/A;N/A;N/A;N/A;Sí;N/A;Sí;N/A;N/A;N/A;N/A;N/A;N/A;Sí;N/A;N/A;N/A;N/A;N/A;Sí;Sí;N/A;Sí;N/A;N/A;N/A;N/A;Sí;N/A;Sí
Nissan;Versa;"Advance Automatico";2023;"0 km";;"OSCARPISANO RENAULT-NISSAN";28490;;;;;Sayago;https://auto.mercadolibre.com.uy/MLU-629689001-nissan-versa-advance-automatico-16-2023-0km-_JM;N/A;;"Nissan Versa Advance Automatico 1.6 2023 0km";USD;Sí;gold;false;N/A;N/A;http://perfil.mercadolibre.com.uy/OSCARPISANO+RENAULT-NISSAN;active;N/A;N/A;Nuevo;Plateado;N/A;Eléctrica;N/A;Sí;Sí;Sí;No;No;No;Sí;Sí;No;No;Sí;No;Sí;No;Sí;N/A;N/A;N/A;N/A;N/A;N/A;N/A;N/A;N/A;N/A;N/A;"1600 cc";N/A;7;N/A;No;Sí;Sí;Sí;No;No;No;No;No;No;No;No;No;No;No;No;No;No;No;No;No;No;Sí;No;Sí;No;No;N/A;No;N/A;No;No;No;No;No;Sí;No;No;No;No;No;No;N/A;No;N/A;N/A;N/A;N/A;N/A;N/A;N/A;"118 hp";Advance;N/A;N/A;N/A;"13 km/l";No;No;No;Sí;Sí;Sí;Sí;Sí;No;No;"17 km/l";No;No;No;No;No;"Lun. a Sáb. de 9:30 a 18:30 hs. Dom. de 9:30 a 13 hs";5;1.6;Nafta;Automática;Sedán;"Autos y camionetas";No;N/A;N/A;N/A;No;N/A;N/A;No;Sí;No;No;N/A;N/A;N/A;N/A;N/A;N/A;N/A;N/A;N/A;N/A;No;N/A;N/A;No;N/A;N/A;N/A;N/A;N/A;N/A;N/A;N/A;N/A;N/A;No;N/A;N/A;N/A;N/A;N/A;N/A;N/A;Sí;N/A;N/A;N/A;N/A;N/A;N/A;N/A;N/A;N/A;No;N/A;N/A;N/A;No;No;N/A;N/A;Sí;No;No;No;N/A;N/A;N/A;N/A;N/A;No;N/A;N/A;N/A;N/A;N/A;N/A;N/A;N/A;N/A;N/A;N/A;No;N/A;N/A;N/A;N/A;N/A;N/A;N/A;N/A;No;No;N/A;N/A;No;Sí;No;Sí;Sí;Sí;Sí;Sí;No;Sí;Sí;No;Sí;No;No;Sí;Sí;No;No;Sí;No;Sí;No;No;No;No;Sí
Nissan;Note;"1.6 Advance Mt";2019;"120000 km";;"AUTOMOTORA MARMOTORS";15900;;;;;"La Teja";https://auto.mercadolibre.com.uy/MLU-662885054-nissan-note-advance-_JM;N/A;;"Nissan Note Advance";usd;Sí;gold;false;N/A;N/A;http://perfil.mercadolibre.com.uy/AUTOMOTORA+MARMOTORS;active;N/A;N/A;Usado;Gris;N/A;Hidráulica;Delantera;Sí;N/A;N/A;N/A;N/A;N/A;N/A;N/A;N/A;N/A;N/A;N/A;N/A;N/A;N/A;N/A;N/A;N/A;N/A;N/A;N/A;N/A;N/A;N/A;N/A;"2600 mm";"1.6 L";"41 L";5;N/A;N/A;N/A;N/A;N/A;N/A;N/A;N/A;N/A;N/A;N/A;N/A;N/A;N/A;N/A;N/A;N/A;N/A;N/A;N/A;N/A;N/A;N/A;N/A;N/A;N/A;N/A;N/A;N/A;N/A;N/A;N/A;N/A;Sí;Sí;N/A;N/A;N/A;N/A;N/A;N/A;N/A;N/A;N/A;N/A;"1535 mm";"4150 mm";N/A;N/A;N/A;N/A;5;"109 hp";Advance;N/A;2;N/A;N/A;N/A;N/A;N/A;N/A;N/A;N/A;Sí;N/A;N/A;N/A;N/A;N/A;N/A;N/A;N/A;N/A;"10 A 19";5;1.6;Nafta;Manual;Hatchback;"Autos y camionetas";N/A;N/A;N/A;N/A;N/A;N/A;UY;N/A;N/A;N/A;N/A;N/A;N/A;N/A;N/A;N/A;N/A;N/A;N/A;N/A;N/A;N/A;N/A;N/A;N/A;N/A;N/A;N/A;N/A;N/A;N/A;N/A;N/A;N/A;N/A;N/A;N/A;N/A;N/A;N/A;N/A;N/A;N/A;N/A;N/A;N/A;N/A;N/A;N/A;N/A;N/A;N/A;N/A;N/A;N/A;N/A;N/A;N/A;N/A;N/A;N/A;N/A;N/A;N/A;N/A;N/A;N/A;N/A;N/A;N/A;N/A;N/A;N/A;N/A;N/A;N/A;N/A;N/A;N/A;N/A;N/A;N/A;N/A;N/A;N/A;N/A;N/A;N/A;N/A;N/A;N/A;N/A;N/A;N/A;N/A;N/A;Sí;N/A;Sí;N/A;N/A;N/A;N/A;N/A;N/A;Sí;N/A;N/A;N/A;N/A;N/A;N/A;Sí;N/A;Sí;N/A;N/A;N/A;N/A;Sí;N/A;N/A
Nissan;Sentra;"1.8 Sr Extra At";2023;"10200 km";;"AUTOMOTORA AUTOBOULEVARD.";32900;;;;;"Tres Cruces";https://auto.mercadolibre.com.uy/MLU-656687440-nissan-sentra-sr-ex-full-2023-financiacion-bancaria-_JM;N/A;;"°nissan Sentra Sr Ex. Full 2023. Financiación Bancaria! ";usd;Sí;gold;false;N/A;N/A;http://perfil.mercadolibre.com.uy/AUTOMOTORA+AUTOBOULEVARD.;active;N/A;N/A;Usado;Plateado;N/A;Hidráulica;Delantera;Sí;N/A;N/A;N/A;N/A;N/A;N/A;N/A;N/A;N/A;N/A;N/A;N/A;N/A;N/A;N/A;N/A;N/A;N/A;N/A;N/A;N/A;N/A;N/A;N/A;"2700 mm";"1.8 L";"52 L";N/A;N/A;N/A;N/A;N/A;N/A;N/A;N/A;N/A;N/A;N/A;N/A;N/A;N/A;N/A;N/A;N/A;N/A;N/A;N/A;N/A;N/A;N/A;N/A;N/A;N/A;N/A;N/A;N/A;N/A;N/A;N/A;N/A;N/A;Sí;Sí;N/A;N/A;N/A;N/A;N/A;N/A;N/A;N/A;N/A;N/A;"1505 mm";"4636 mm";N/A;N/A;N/A;N/A;5;"129 hp";Sense;N/A;2;"1761 mm";N/A;N/A;N/A;N/A;N/A;N/A;N/A;Sí;N/A;N/A;N/A;N/A;N/A;N/A;N/A;N/A;N/A;"Lunes a viernes de 9 a 19hs";4;1.8;Nafta;Automática;Sedán;"Autos y camionetas";N/A;N/A;N/A;N/A;N/A;N/A;UY;N/A;N/A;N/A;N/A;N/A;N/A;N/A;N/A;N/A;N/A;N/A;N/A;N/A;N/A;N/A;N/A;N/A;N/A;N/A;N/A;N/A;N/A;N/A;N/A;N/A;N/A;N/A;N/A;N/A;N/A;N/A;N/A;N/A;N/A;N/A;N/A;N/A;N/A;N/A;N/A;N/A;N/A;N/A;N/A;N/A;N/A;N/A;N/A;N/A;N/A;N/A;N/A;N/A;N/A;N/A;N/A;N/A;N/A;N/A;N/A;N/A;N/A;N/A;N/A;N/A;N/A;N/A;N/A;N/A;N/A;N/A;N/A;N/A;N/A;N/A;N/A;N/A;N/A;N/A;N/A;N/A;N/A;N/A;N/A;N/A;N/A;N/A;N/A;N/A;N/A;N/A;N/A;N/A;N/A;N/A;N/A;N/A;N/A;N/A;N/A;N/A;N/A;N/A;N/A;N/A;N/A;N/A;Sí;N/A;N/A;N/A;N/A;Sí;N/A;Sí
Nissan;March;"1.6 Advance Mt";2019;"40000 km";;"USADOS FIDOCAR";14890;;;;;Centro;https://auto.mercadolibre.com.uy/MLU-655950208-nissan-march-extra-full-2019-_JM;N/A;;"Nissan March Extra Full - 2019";usd;Sí;gold;false;N/A;N/A;http://perfil.mercadolibre.com.uy/USADOS+FIDOCAR;active;N/A;N/A;Usado;Gris;N/A;Hidráulica;Delantera;Sí;N/A;N/A;N/A;N/A;N/A;N/A;N/A;N/A;N/A;N/A;N/A;N/A;N/A;N/A;N/A;N/A;N/A;N/A;N/A;N/A;N/A;N/A;N/A;N/A;"2450 mm";"1.6 L";"41 L";5;N/A;N/A;N/A;N/A;N/A;N/A;N/A;N/A;N/A;N/A;N/A;N/A;N/A;N/A;N/A;N/A;N/A;N/A;N/A;N/A;N/A;N/A;N/A;N/A;N/A;N/A;N/A;N/A;N/A;N/A;N/A;N/A;N/A;Sí;Sí;N/A;N/A;N/A;N/A;N/A;N/A;N/A;N/A;N/A;N/A;"1532 mm";"3827 mm";N/A;N/A;N/A;N/A;5;"106 hp";Advance;N/A;4;"1665 mm";N/A;N/A;N/A;N/A;N/A;N/A;N/A;Sí;N/A;N/A;N/A;N/A;N/A;N/A;N/A;N/A;N/A;"Lunes a Viernes de 9 a 18hs";5;1.6;Nafta;Manual;Hatchback;"Autos y camionetas";N/A;N/A;N/A;N/A;N/A;N/A;UY;N/A;N/A;N/A;N/A;N/A;N/A;N/A;N/A;N/A;N/A;N/A;N/A;N/A;N/A;N/A;N/A;N/A;N/A;N/A;N/A;N/A;N/A;N/A;N/A;N/A;N/A;N/A;N/A;N/A;N/A;N/A;N/A;N/A;N/A;N/A;N/A;N/A;N/A;N/A;N/A;N/A;N/A;N/A;N/A;N/A;N/A;N/A;N/A;N/A;N/A;N/A;N/A;N/A;N/A;N/A;N/A;N/A;N/A;N/A;N/A;N/A;N/A;N/A;N/A;N/A;N/A;N/A;N/A;N/A;N/A;N/A;N/A;N/A;N/A;N/A;N/A;N/A;N/A;N/A;N/A;N/A;N/A;N/A;N/A;N/A;N/A;N/A;N/A;N/A;Sí;N/A;Sí;N/A;N/A;N/A;N/A;Sí;N/A;Sí;N/A;N/A;N/A;N/A;N/A;N/A;Sí;N/A;Sí;N/A;N/A;N/A;N/A;Sí;N/A;Sí
Nissan;Kicks;"1.6 Exclusive At";2023;"0 km";;LAFORLTDAAUTOMOTORES;34990;;;;;Durazno;https://auto.mercadolibre.com.uy/MLU-644457434-nissan-kicks-2023-16-exclusive-at-_JM;N/A;;"Nissan Kicks 2023 1.6 Exclusive At";usd;Sí;gold;false;N/A;N/A;http://perfil.mercadolibre.com.uy/LAFORLTDAAUTOMOTORES;active;N/A;N/A;Nuevo;N/A;N/A;Hidráulica;Delantera;Sí;N/A;N/A;N/A;N/A;Sí;N/A;N/A;Sí;N/A;N/A;Sí;Sí;N/A;No;N/A;N/A;N/A;N/A;N/A;N/A;N/A;N/A;N/A;N/A;"2620 mm";"1.6 L";"50 L";N/A;N/A;N/A;N/A;N/A;N/A;No;N/A;N/A;N/A;N/A;N/A;N/A;N/A;N/A;N/A;N/A;N/A;N/A;N/A;N/A;N/A;N/A;N/A;N/A;N/A;N/A;N/A;N/A;N/A;No;N/A;N/A;N/A;Sí;Sí;N/A;N/A;Sí;N/A;N/A;N/A;N/A;N/A;N/A;N/A;"1590 mm";"4295 mm";N/A;N/A;N/A;N/A;5;"118 hp";Exclusive;N/A;4;"1760 mm";N/A;Sí;N/A;Sí;Sí;N/A;Sí;Sí;N/A;N/A;N/A;N/A;N/A;N/A;N/A;N/A;N/A;N/A;5;1.6;Nafta;Automática;N/A;"Autos y camionetas";N/A;N/A;N/A;N/A;N/A;N/A;UY;N/A;Sí;N/A;N/A;N/A;N/A;N/A;N/A;N/A;N/A;N/A;N/A;N/A;N/A;N/A;N/A;N/A;Sí;N/A;N/A;N/A;N/A;N/A;N/A;N/A;N/A;N/A;N/A;N/A;N/A;N/A;N/A;N/A;N/A;N/A;N/A;Sí;N/A;N/A;N/A;N/A;N/A;N/A;N/A;N/A;N/A;N/A;N/A;N/A;N/A;N/A;N/A;N/A;N/A;Sí;No;N/A;N/A;N/A;N/A;N/A;N/A;N/A;N/A;N/A;N/A;N/A;N/A;N/A;N/A;N/A;N/A;N/A;N/A;N/A;N/A;N/A;N/A;N/A;N/A;N/A;N/A;N/A;N/A;N/A;N/A;N/A;N/A;N/A;Sí;Sí;Sí;N/A;Sí;N/A;N/A;N/A;N/A;Sí;N/A;N/A;N/A;N/A;N/A;Sí;Sí;N/A;Sí;Sí;Sí;N/A;N/A;Sí;N/A;Sí
Nissan;Kicks;"10000 Y CUOTAS";2018;"89000 km";;"VIPERCAR AUTOMOVILES_3";22590;;;;;Centro;https://auto.mercadolibre.com.uy/MLU-653813238-nissan-kicks-10000-y-cuotas-16-2018-impecable-_JM;N/A;;"Nissan Kicks 10000 Y Cuotas 1.6 2018 Impecable!";USD;Sí;gold;false;N/A;N/A;http://perfil.mercadolibre.com.uy/VIPERCAR+AUTOMOVILES_3;active;N/A;N/A;Usado;Bordó;N/A;Hidráulica;N/A;Sí;Sí;Sí;No;No;No;Sí;No;Sí;No;Sí;Sí;Sí;No;No;N/A;N/A;N/A;N/A;N/A;N/A;N/A;N/A;N/A;N/A;N/A;"1600 cc";N/A;5;N/A;No;No;No;Sí;No;No;No;No;No;No;No;No;No;No;No;No;No;No;No;No;No;No;Sí;No;No;No;No;N/A;No;N/A;No;No;No;No;No;No;No;No;No;No;No;Sí;N/A;No;N/A;N/A;N/A;N/A;N/A;N/A;N/A;N/A;N/A;N/A;N/A;N/A;N/A;No;No;Sí;Sí;Sí;No;Sí;Sí;No;No;N/A;No;No;No;No;Sí;"Lun a Vie de 9 a 12:30 y de 13:30 a 19. Sáb de 9 a 13 hs.";5;1.6;Nafta;Automática;SUV;"Autos y camionetas";No;N/A;N/A;N/A;No;N/A;N/A;No;Sí;No;No;N/A;N/A;N/A;N/A;N/A;N/A;N/A;N/A;N/A;N/A;No;N/A;N/A;No;N/A;N/A;N/A;N/A;N/A;N/A;N/A;N/A;N/A;N/A;No;N/A;N/A;N/A;N/A;N/A;N/A;N/A;N/A;N/A;N/A;N/A;N/A;N/A;N/A;N/A;N/A;N/A;No;N/A;N/A;N/A;No;No;N/A;N/A;N/A;No;No;No;N/A;N/A;N/A;N/A;N/A;No;N/A;N/A;N/A;N/A;N/A;N/A;N/A;N/A;N/A;N/A;N/A;No;N/A;N/A;N/A;N/A;N/A;N/A;N/A;N/A;No;No;N/A;N/A;No;Sí;No;Sí;Sí;Sí;Sí;Sí;No;Sí;Sí;No;Sí;No;No;Sí;Sí;No;No;Sí;Sí;Sí;No;No;No;No;Sí
Nissan;Frontier;"SE 4*2";2023;"0 km";;"OSCARPISANO RENAULT-NISSAN";44528;;;;;Sayago;https://auto.mercadolibre.com.uy/MLU-635083127-nissan-frontier-se-42-25-2023-0km-_JM;N/A;;"Nissan Frontier Se 4*2 2.5 2023 0km";USD;Sí;gold;false;N/A;N/A;http://perfil.mercadolibre.com.uy/OSCARPISANO+RENAULT-NISSAN;active;N/A;N/A;Nuevo;Plateado;N/A;Eléctrica;N/A;Sí;No;Sí;No;No;No;Sí;Sí;No;No;Sí;No;Sí;No;No;N/A;N/A;N/A;N/A;N/A;N/A;N/A;N/A;N/A;N/A;N/A;"2500 cc";N/A;6;N/A;No;No;No;Sí;No;No;No;No;No;No;No;No;No;No;No;No;No;No;No;No;No;No;Sí;No;Sí;No;No;N/A;No;N/A;No;No;No;No;No;Sí;No;No;No;No;No;No;N/A;No;N/A;N/A;N/A;N/A;N/A;N/A;N/A;"158 hp";Se;N/A;N/A;N/A;"10 km/l";No;No;No;No;Sí;Sí;Sí;No;No;No;"12 km/l";No;No;No;Sí;No;"Lun. a Sáb. de 9:30 a 18:30 hs. Dom. de 9:30 a 13 hs";5;2.5;Diésel;Manual;Pick-Up;"Autos y camionetas";No;N/A;N/A;N/A;No;N/A;N/A;No;Sí;No;No;N/A;N/A;N/A;N/A;N/A;N/A;N/A;N/A;N/A;N/A;No;N/A;N/A;No;N/A;N/A;N/A;N/A;N/A;N/A;N/A;N/A;N/A;N/A;No;N/A;N/A;N/A;N/A;N/A;N/A;N/A;Sí;N/A;N/A;N/A;N/A;N/A;N/A;N/A;N/A;N/A;No;N/A;N/A;N/A;No;No;N/A;N/A;N/A;No;No;No;N/A;N/A;N/A;N/A;N/A;No;N/A;N/A;N/A;N/A;N/A;N/A;N/A;N/A;N/A;N/A;N/A;No;N/A;N/A;N/A;N/A;N/A;N/A;N/A;N/A;No;No;N/A;N/A;No;No;No;No;Sí;Sí;Sí;Sí;No;Sí;Sí;No;Sí;No;No;Sí;Sí;No;No;No;No;No;No;No;No;No;No
Nissan;Sentra;"B18 ADVANCE CVT";2023;"0 km";;"OSCARPISANO RENAULT-NISSAN";34990;;;;;Sayago;https://auto.mercadolibre.com.uy/MLU-635109049-nissan-sentra-b18-advance-cvt-20-2023-0km-_JM;N/A;;"Nissan Sentra B18 Advance Cvt 2.0 2023 0km";usd;Sí;gold;false;N/A;N/A;http://perfil.mercadolibre.com.uy/OSCARPISANO+RENAULT-NISSAN;active;N/A;N/A;Nuevo;"Gris oscuro";N/A;Eléctrica;N/A;N/A;N/A;Sí;N/A;N/A;N/A;Sí;Sí;N/A;N/A;N/A;N/A;Sí;N/A;Sí;N/A;N/A;N/A;N/A;N/A;N/A;N/A;N/A;N/A;N/A;N/A;"2000 cc";N/A;N/A;N/A;N/A;Sí;Sí;Sí;N/A;N/A;N/A;N/A;N/A;N/A;N/A;N/A;N/A;N/A;N/A;N/A;N/A;N/A;N/A;N/A;N/A;N/A;N/A;N/A;Sí;N/A;N/A;N/A;N/A;N/A;N/A;N/A;N/A;N/A;N/A;N/A;N/A;N/A;N/A;N/A;N/A;N/A;N/A;N/A;N/A;N/A;N/A;N/A;N/A;N/A;N/A;"145 hp";Advance;N/A;N/A;N/A;"11 km/l";N/A;N/A;Sí;N/A;Sí;Sí;Sí;Sí;N/A;N/A;"14 km/l";N/A;N/A;N/A;N/A;N/A;"Lun. a Sáb. de 9:30 a 18:30 hs. Dom. de 9:30 a 13 hs";5;2.0;Nafta;Automática;Sedán;"Autos y camionetas";No;N/A;N/A;N/A;No;N/A;UY;No;Sí;No;No;N/A;N/A;N/A;N/A;N/A;N/A;N/A;N/A;N/A;N/A;N/A;N/A;N/A;N/A;N/A;N/A;N/A;N/A;N/A;N/A;N/A;N/A;N/A;N/A;N/A;N/A;N/A;N/A;N/A;N/A;N/A;N/A;Sí;N/A;N/A;N/A;N/A;N/A;N/A;N/A;N/A;N/A;N/A;N/A;N/A;N/A;N/A;N/A;N/A;N/A;Sí;No;N/A;N/A;N/A;N/A;N/A;N/A;N/A;N/A;N/A;N/A;N/A;N/A;N/A;N/A;N/A;N/A;N/A;N/A;N/A;N/A;N/A;N/A;N/A;N/A;N/A;N/A;N/A;N/A;N/A;N/A;N/A;N/A;N/A;Sí;Sí;Sí;Sí;Sí;Sí;Sí;N/A;Sí;Sí;N/A;Sí;N/A;N/A;Sí;Sí;N/A;N/A;Sí;Sí;Sí;N/A;N/A;N/A;N/A;Sí
Nissan;Frontier;"Cabina Simple";2023;"0 km";;"OSCARPISANO RENAULT-NISSAN";37818;;;;;Sayago;https://auto.mercadolibre.com.uy/MLU-635096251-nissan-frontier-cabina-simple-25-2023-0km-_JM;N/A;;"Nissan Frontier Cabina Simple 2.5 2023 0km";USD;Sí;gold;false;N/A;N/A;http://perfil.mercadolibre.com.uy/OSCARPISANO+RENAULT-NISSAN;active;N/A;N/A;Nuevo;Plateado;N/A;Eléctrica;N/A;Sí;No;No;No;No;No;No;Sí;No;No;No;No;No;No;No;N/A;N/A;N/A;N/A;N/A;N/A;N/A;N/A;N/A;N/A;N/A;"2500 cc";N/A;6;N/A;No;No;No;Sí;No;No;No;No;No;No;No;No;No;No;No;No;No;No;No;No;No;No;No;No;No;No;No;N/A;No;N/A;No;No;No;No;No;No;No;No;No;No;No;No;N/A;No;N/A;N/A;N/A;N/A;N/A;N/A;N/A;"158 hp";N/A;N/A;N/A;N/A;"10 km/l";No;No;No;No;No;Sí;No;No;No;No;"13 km/l";No;No;No;No;No;"Lun. a Sáb. de 9:30 a 18:30 hs. Dom. de 9:30 a 13 hs";2;2.5;Diésel;Manual;Pick-Up;"Autos y camionetas";No;N/A;N/A;N/A;No;N/A;N/A;No;Sí;No;No;N/A;N/A;N/A;N/A;N/A;N/A;N/A;N/A;N/A;N/A;No;N/A;N/A;No;N/A;N/A;N/A;N/A;N/A;N/A;N/A;N/A;N/A;N/A;No;N/A;N/A;N/A;N/A;N/A;N/A;N/A;Sí;N/A;N/A;N/A;N/A;N/A;N/A;N/A;N/A;N/A;No;N/A;N/A;N/A;No;No;N/A;N/A;N/A;No;No;No;N/A;N/A;N/A;N/A;N/A;No;N/A;N/A;N/A;N/A;N/A;N/A;N/A;N/A;N/A;N/A;N/A;No;N/A;N/A;N/A;N/A;N/A;N/A;N/A;N/A;No;No;N/A;N/A;No;Sí;No;No;Sí;Sí;Sí;No;No;No;Sí;No;No;No;No;No;Sí;No;No;Sí;Sí;No;No;No;No;No;Sí
Nissan;Frontier;"NP 300";2018;"176000 km";;CLAUDIOS-MOTORS;19990;;;;;"San Jacinto";https://auto.mercadolibre.com.uy/MLU-635319955-nissan-frontier-np-300-muy-buen-estado-claudios-motors-_JM;N/A;;"Nissan Frontier Np 300 Muy Buen Estado! - Claudio's Motors";USD;Sí;gold;false;N/A;N/A;http://perfil.mercadolibre.com.uy/CLAUDIOS-MOTORS;active;N/A;N/A;Usado;Rojo;N/A;Hidráulica;N/A;Sí;Sí;Sí;N/A;N/A;N/A;Sí;Sí;N/A;N/A;Sí;N/A;Sí;N/A;N/A;N/A;N/A;N/A;N/A;N/A;N/A;N/A;N/A;N/A;N/A;N/A;"2500 cc";N/A;6;N/A;N/A;N/A;N/A;Sí;N/A;N/A;N/A;N/A;N/A;N/A;N/A;N/A;N/A;N/A;N/A;N/A;N/A;N/A;N/A;N/A;N/A;N/A;Sí;N/A;N/A;N/A;Sí;N/A;N/A;N/A;N/A;N/A;N/A;N/A;N/A;N/A;N/A;N/A;N/A;N/A;N/A;N/A;N/A;N/A;N/A;N/A;N/A;N/A;N/A;N/A;N/A;"160 hp";N/A;N/A;N/A;N/A;"10 km/l";N/A;N/A;N/A;Sí;N/A;Sí;N/A;Sí;N/A;N/A;"12 km/l";N/A;N/A;N/A;Sí;Sí;"Lun. a Vie. de 9 a 13 y de 14 a 19 hs";4;2.5;Nafta;Manual;Pick-Up;"Autos y camionetas";No;N/A;N/A;N/A;No;N/A;N/A;No;Sí;No;No;N/A;N/A;N/A;N/A;N/A;N/A;N/A;N/A;N/A;N/A;N/A;N/A;N/A;N/A;N/A;N/A;N/A;N/A;N/A;N/A;N/A;N/A;N/A;N/A;N/A;N/A;N/A;N/A;N/A;N/A;N/A;N/A;N/A;N/A;N/A;N/A;N/A;N/A;N/A;N/A;N/A;N/A;N/A;N/A;N/A;N/A;N/A;N/A;N/A;N/A;N/A;No;Sí;N/A;N/A;N/A;N/A;N/A;N/A;N/A;N/A;N/A;N/A;N/A;N/A;N/A;N/A;N/A;N/A;N/A;N/A;N/A;N/A;N/A;N/A;N/A;N/A;N/A;N/A;N/A;N/A;N/A;N/A;N/A;N/A;Sí;N/A;N/A;N/A;Sí;N/A;Sí;N/A;Sí;Sí;N/A;N/A;N/A;N/A;N/A;Sí;N/A;N/A;Sí;Sí;Sí;Sí;N/A;Sí;Sí;Sí
Nissan;Frontier;"4x4 Full";2018;"154000 km";;"AG GARAJE";36900;;;;;Maroñas;https://auto.mercadolibre.com.uy/MLU-659019762-nissan-frontier-4-x-4-full-_JM;N/A;;"Nissan Frontier 4 X 4 Full";USD;Sí;gold;false;N/A;N/A;http://perfil.mercadolibre.com.uy/AG+GARAJE;active;N/A;N/A;Usado;Gris;N/A;Hidráulica;4x4;N/A;N/A;N/A;N/A;N/A;N/A;N/A;N/A;N/A;N/A;N/A;N/A;N/A;N/A;N/A;N/A;N/A;N/A;N/A;N/A;N/A;N/A;N/A;N/A;N/A;N/A;N/A;N/A;N/A;N/A;N/A;N/A;N/A;N/A;N/A;N/A;N/A;N/A;N/A;N/A;N/A;N/A;N/A;N/A;N/A;N/A;N/A;N/A;N/A;N/A;N/A;N/A;N/A;N/A;N/A;N/A;N/A;N/A;N/A;N/A;N/A;N/A;N/A;N/A;N/A;N/A;N/A;N/A;N/A;N/A;N/A;N/A;N/A;N/A;N/A;N/A;N/A;N/A;N/A;N/A;N/A;N/A;N/A;N/A;N/A;N/A;N/A;N/A;N/A;N/A;N/A;N/A;N/A;N/A;N/A;N/A;N/A;N/A;N/A;N/A;N/A;N/A;N/A;N/A;4;"2.5 turbo diesel";Diésel;Manual;Pick-Up;"Autos y camionetas";N/A;N/A;N/A;N/A;N/A;N/A;N/A;N/A;N/A;N/A;N/A;N/A;N/A;N/A;N/A;N/A;N/A;N/A;N/A;N/A;N/A;N/A;N/A;N/A;N/A;N/A;N/A;N/A;N/A;N/A;N/A;N/A;N/A;N/A;N/A;N/A;N/A;N/A;N/A;N/A;N/A;N/A;N/A;N/A;N/A;N/A;N/A;N/A;N/A;N/A;N/A;N/A;N/A;N/A;N/A;N/A;N/A;N/A;N/A;N/A;N/A;N/A;N/A;N/A;N/A;N/A;N/A;N/A;N/A;N/A;N/A;N/A;N/A;N/A;N/A;N/A;N/A;N/A;N/A;N/A;N/A;N/A;N/A;N/A;N/A;N/A;N/A;N/A;N/A;N/A;N/A;N/A;N/A;N/A;N/A;N/A;N/A;N/A;N/A;N/A;N/A;N/A;N/A;N/A;N/A;N/A;N/A;N/A;N/A;N/A;N/A;N/A;N/A;N/A;N/A;N/A;N/A;N/A;N/A;N/A;N/A;N/A
Nissan;"NP300 Frontier";"2.5 Le Diesel Aa 4x4 At";2016;"190000 km";;GGRITSAS34313;34990;;;;;Aguada;https://auto.mercadolibre.com.uy/MLU-659586406-nissan-frontier-_JM;N/A;;"Nissan Frontier ";usd;Sí;gold;false;N/A;N/A;http://perfil.mercadolibre.com.uy/GGRITSAS34313;active;N/A;N/A;Usado;Negro;N/A;Hidráulica;4x4;Sí;N/A;N/A;N/A;N/A;N/A;N/A;N/A;Sí;N/A;N/A;N/A;N/A;N/A;N/A;N/A;N/A;N/A;N/A;N/A;N/A;N/A;N/A;N/A;N/A;"3150 mm";"2.5 L";"80 L";7;N/A;N/A;N/A;N/A;N/A;N/A;N/A;N/A;N/A;N/A;N/A;N/A;N/A;N/A;N/A;N/A;N/A;N/A;N/A;N/A;N/A;N/A;N/A;N/A;N/A;N/A;N/A;N/A;N/A;N/A;N/A;N/A;N/A;Sí;Sí;Sí;N/A;N/A;N/A;N/A;N/A;N/A;N/A;N/A;N/A;"1860 mm";"5258 mm";N/A;N/A;N/A;N/A;N/A;"188 hp";Le;N/A;4;"1850 mm";N/A;N/A;N/A;N/A;N/A;N/A;N/A;N/A;N/A;N/A;N/A;N/A;N/A;N/A;N/A;N/A;N/A;N/A;2;2.5;Diésel;Automática;Pick-Up;"Autos y camionetas";N/A;N/A;N/A;N/A;N/A;N/A;UY;N/A;N/A;N/A;N/A;N/A;N/A;N/A;N/A;N/A;N/A;N/A;N/A;N/A;N/A;N/A;N/A;N/A;N/A;N/A;N/A;N/A;N/A;N/A;N/A;N/A;N/A;N/A;N/A;N/A;N/A;N/A;N/A;N/A;N/A;N/A;N/A;N/A;N/A;N/A;N/A;N/A;N/A;N/A;N/A;N/A;N/A;N/A;N/A;N/A;N/A;N/A;N/A;N/A;N/A;N/A;N/A;N/A;N/A;N/A;N/A;N/A;N/A;N/A;N/A;N/A;N/A;N/A;N/A;N/A;N/A;N/A;N/A;N/A;N/A;N/A;N/A;N/A;N/A;N/A;N/A;N/A;N/A;N/A;N/A;N/A;N/A;N/A;N/A;N/A;Sí;N/A;Sí;N/A;N/A;N/A;N/A;Sí;N/A;Sí;N/A;N/A;N/A;N/A;N/A;Sí;Sí;N/A;Sí;N/A;N/A;N/A;N/A;Sí;N/A;Sí
Nissan;Sentra;"B18 Exclusive";2022;"47000 km";;"VIPERCAR AUTOMOVILES_3";30490;;;;;Centro;https://auto.mercadolibre.com.uy/MLU-658725488-nissan-sentra-b18-exclusive-2022-impecable-_JM;N/A;;"Nissan Sentra B18 Exclusive 2022 Impecable!";usd;Sí;gold;false;N/A;N/A;http://perfil.mercadolibre.com.uy/VIPERCAR+AUTOMOVILES_3;active;N/A;N/A;Usado;Naranja;Sí;Hidráulica;N/A;Sí;Sí;Sí;Sí;N/A;N/A;Sí;Sí;N/A;N/A;N/A;N/A;Sí;N/A;N/A;N/A;N/A;N/A;N/A;N/A;N/A;N/A;N/A;N/A;N/A;N/A;N/A;N/A;N/A;N/A;N/A;N/A;N/A;N/A;Sí;N/A;N/A;N/A;N/A;N/A;N/A;N/A;N/A;N/A;N/A;N/A;N/A;N/A;N/A;N/A;N/A;N/A;Sí;N/A;Sí;N/A;Sí;N/A;N/A;N/A;N/A;N/A;N/A;N/A;N/A;N/A;N/A;N/A;N/A;N/A;N/A;Sí;N/A;N/A;N/A;N/A;N/A;N/A;N/A;N/A;N/A;N/A;Exclusive;N/A;N/A;N/A;N/A;N/A;N/A;Sí;N/A;Sí;N/A;N/A;N/A;Sí;N/A;N/A;N/A;N/A;N/A;N/A;N/A;"Lun a Vie de 9 a 12:30 y de 13:30 a 19. Sáb de 9 a 13 hs.";4;N/A;Nafta;Automática;Sedán;"Autos y camionetas";No;N/A;N/A;N/A;No;N/A;UY;No;Sí;No;No;N/A;N/A;N/A;N/A;N/A;N/A;N/A;N/A;N/A;N/A;N/A;N/A;N/A;Sí;N/A;N/A;N/A;N/A;N/A;N/A;N/A;N/A;N/A;N/A;N/A;N/A;N/A;N/A;N/A;N/A;N/A;N/A;N/A;N/A;N/A;N/A;N/A;N/A;N/A;N/A;N/A;N/A;N/A;N/A;N/A;N/A;N/A;N/A;N/A;N/A;N/A;No;N/A;N/A;N/A;N/A;N/A;N/A;N/A;N/A;N/A;N/A;N/A;N/A;N/A;N/A;N/A;N/A;N/A;N/A;N/A;N/A;N/A;N/A;N/A;N/A;N/A;N/A;N/A;N/A;N/A;N/A;N/A;N/A;N/A;Sí;N/A;Sí;Sí;Sí;Sí;Sí;N/A;Sí;Sí;N/A;N/A;N/A;N/A;Sí;Sí;N/A;N/A;N/A;N/A;N/A;N/A;N/A;N/A;N/A;N/A
Nissan;Kicks;Exclusive;2018;"89000 km";;"VIPERCAR AUTOMOVILES_3";22590;;;;;Centro;https://auto.mercadolibre.com.uy/MLU-635096091-nissan-kicks-exclusive-16-2018-impecable-_JM;N/A;;"Nissan Kicks Exclusive 1.6 2018 Impecable!";USD;Sí;gold;false;N/A;N/A;http://perfil.mercadolibre.com.uy/VIPERCAR+AUTOMOVILES_3;active;N/A;N/A;Usado;Rojo;Sí;Hidráulica;N/A;Sí;Sí;Sí;N/A;N/A;N/A;Sí;Sí;N/A;N/A;N/A;N/A;Sí;N/A;N/A;N/A;N/A;N/A;N/A;N/A;N/A;N/A;N/A;N/A;N/A;N/A;"1600 cc";N/A;N/A;N/A;N/A;N/A;N/A;Sí;N/A;N/A;N/A;N/A;N/A;N/A;N/A;N/A;N/A;N/A;N/A;N/A;N/A;N/A;N/A;N/A;N/A;N/A;Sí;N/A;Sí;N/A;N/A;N/A;N/A;N/A;N/A;N/A;N/A;N/A;N/A;Sí;N/A;N/A;N/A;N/A;N/A;N/A;N/A;N/A;N/A;N/A;N/A;N/A;N/A;N/A;N/A;N/A;Exclusive;N/A;N/A;N/A;N/A;N/A;N/A;Sí;N/A;N/A;N/A;N/A;Sí;N/A;N/A;N/A;N/A;N/A;N/A;N/A;Sí;"Lun a Vie de 9 a 12:30 y de 13:30 a 19. Sáb de 9 a 13 hs.";5;1.6;Nafta;Automática;SUV;"Autos y camionetas";No;N/A;N/A;N/A;No;N/A;N/A;No;Sí;No;No;N/A;N/A;N/A;N/A;N/A;N/A;N/A;N/A;N/A;N/A;N/A;N/A;N/A;Sí;N/A;N/A;N/A;N/A;N/A;N/A;N/A;N/A;N/A;N/A;N/A;N/A;N/A;N/A;N/A;N/A;N/A;N/A;N/A;N/A;N/A;N/A;N/A;N/A;N/A;N/A;N/A;N/A;N/A;N/A;N/A;N/A;N/A;N/A;N/A;N/A;N/A;No;N/A;N/A;N/A;N/A;N/A;N/A;N/A;N/A;N/A;N/A;N/A;N/A;N/A;N/A;N/A;N/A;N/A;N/A;N/A;N/A;N/A;N/A;N/A;N/A;N/A;N/A;N/A;N/A;N/A;Sí;N/A;N/A;N/A;Sí;N/A;Sí;Sí;Sí;Sí;Sí;N/A;Sí;Sí;N/A;N/A;N/A;N/A;Sí;Sí;N/A;N/A;Sí;N/A;Sí;N/A;N/A;N/A;N/A;N/A
Nissan;Qashqai;Exclusive;2024;"0 km";;"OSCARPISANO RENAULT-NISSAN";55990;;;;;Sayago;https://auto.mercadolibre.com.uy/MLU-633173715-nissan-qashqai-exclusive-13-2024-0km-_JM;N/A;;"Nissan Qashqai Exclusive 1.3 2024 0km";USD;Sí;gold;false;N/A;N/A;http://perfil.mercadolibre.com.uy/OSCARPISANO+RENAULT-NISSAN;active;N/A;N/A;Nuevo;N/A;N/A;Eléctrica;N/A;N/A;Sí;Sí;Sí;N/A;N/A;N/A;Sí;Sí;N/A;Sí;Sí;Sí;N/A;Sí;N/A;N/A;N/A;N/A;N/A;N/A;N/A;N/A;N/A;N/A;N/A;"1300 cc";N/A;N/A;N/A;N/A;Sí;Sí;Sí;N/A;N/A;N/A;N/A;N/A;N/A;N/A;N/A;N/A;N/A;N/A;N/A;N/A;N/A;N/A;N/A;Sí;N/A;Sí;N/A;Sí;N/A;Sí;N/A;N/A;N/A;N/A;N/A;N/A;N/A;N/A;Sí;N/A;N/A;N/A;N/A;N/A;Sí;N/A;N/A;N/A;N/A;N/A;N/A;N/A;N/A;N/A;"147 hp";Exclusive;N/A;N/A;N/A;"11 km/l";N/A;N/A;Sí;Sí;Sí;Sí;Sí;Sí;Sí;N/A;"15 km/l";N/A;N/A;N/A;N/A;Sí;"Lun. a Sáb. de 9:30 a 18:30 hs. Dom. de 9:30 a 13 hs";5;1.3;Nafta;Automática;SUV;"Autos y camionetas";No;N/A;N/A;N/A;No;N/A;N/A;No;Sí;No;No;N/A;N/A;N/A;N/A;N/A;N/A;N/A;N/A;N/A;N/A;N/A;N/A;N/A;N/A;N/A;N/A;N/A;N/A;N/A;N/A;N/A;N/A;N/A;N/A;N/A;N/A;N/A;N/A;N/A;N/A;N/A;N/A;Sí;N/A;N/A;N/A;N/A;N/A;N/A;N/A;N/A;N/A;N/A;N/A;N/A;N/A;N/A;N/A;N/A;N/A;Sí;No;N/A;N/A;N/A;N/A;N/A;N/A;N/A;N/A;N/A;N/A;N/A;N/A;N/A;N/A;N/A;N/A;N/A;N/A;N/A;N/A;N/A;N/A;N/A;N/A;N/A;N/A;N/A;N/A;N/A;N/A;N/A;N/A;N/A;Sí;Sí;Sí;Sí;Sí;Sí;N/A;N/A;Sí;Sí;Sí;Sí;N/A;N/A;Sí;Sí;N/A;N/A;Sí;Sí;Sí;N/A;N/A;Sí;N/A;Sí
Nissan;Kicks;Advance;2019;"83000 km";;SOLYCARAUTOMOVILES;21500;;;;;Solymar;https://auto.mercadolibre.com.uy/MLU-635320137-nissan-kicks-advance-16-2019-impecable-solycar-_JM;N/A;;"Nissan Kicks Advance 1.6 2019 Impecable! - Solycar";USD;Sí;gold;false;N/A;N/A;http://perfil.mercadolibre.com.uy/SOLYCARAUTOMOVILES;active;N/A;N/A;Usado;"Gris oscuro";Sí;Eléctrica;4x2;Sí;Sí;Sí;N/A;N/A;N/A;Sí;Sí;N/A;Sí;Sí;Sí;Sí;N/A;Sí;N/A;N/A;N/A;N/A;N/A;N/A;N/A;N/A;N/A;N/A;N/A;"1600 cc";N/A;5;N/A;N/A;Sí;Sí;N/A;N/A;N/A;N/A;N/A;N/A;N/A;N/A;N/A;N/A;N/A;N/A;N/A;N/A;N/A;N/A;N/A;N/A;N/A;Sí;N/A;Sí;N/A;Sí;N/A;Sí;N/A;N/A;N/A;N/A;N/A;N/A;Sí;N/A;N/A;N/A;N/A;N/A;Sí;N/A;N/A;N/A;N/A;N/A;N/A;N/A;N/A;N/A;"118 hp";Advance;N/A;N/A;N/A;"14 km/l";N/A;N/A;N/A;N/A;N/A;Sí;Sí;Sí;N/A;N/A;"17 km/l";N/A;N/A;N/A;N/A;Sí;"Lun. a Vie. de 9:30 a 18:30 hs. Sáb. de 9:30 a 14 hs";5;1.6;Nafta;Manual;SUV;"Autos y camionetas";No;N/A;N/A;N/A;No;N/A;N/A;No;Sí;No;No;N/A;N/A;N/A;N/A;N/A;N/A;N/A;N/A;N/A;N/A;N/A;N/A;N/A;N/A;N/A;N/A;N/A;N/A;N/A;N/A;N/A;N/A;N/A;N/A;N/A;N/A;N/A;N/A;N/A;N/A;N/A;N/A;N/A;N/A;N/A;N/A;N/A;N/A;N/A;N/A;N/A;N/A;N/A;N/A;N/A;N/A;N/A;N/A;N/A;N/A;N/A;No;N/A;N/A;N/A;N/A;N/A;N/A;N/A;N/A;N/A;N/A;N/A;N/A;N/A;N/A;N/A;N/A;N/A;N/A;N/A;N/A;N/A;N/A;N/A;N/A;N/A;N/A;N/A;N/A;N/A;N/A;N/A;N/A;N/A;Sí;Sí;Sí;N/A;Sí;Sí;Sí;N/A;Sí;Sí;N/A;Sí;N/A;N/A;N/A;N/A;Sí;N/A;Sí;Sí;Sí;N/A;N/A;Sí;N/A;Sí
Nissan;March;"1.6 Advance Mt";2019;"45000 km";;"AUTOPLAZA FLORIDA-";14000;;;;;Florida;https://auto.mercadolibre.com.uy/MLU-635230997-nissan-march-2019-16-advance-extra-full-_JM;N/A;;"Nissan March 2019 1.6 Advance Extra Full.";usd;Sí;gold;false;N/A;N/A;http://perfil.mercadolibre.com.uy/AUTOPLAZA+FLORIDA-;active;N/A;N/A;Usado;Blanco;N/A;Hidráulica;Delantera;Sí;Sí;N/A;N/A;N/A;N/A;N/A;N/A;N/A;N/A;N/A;N/A;Sí;N/A;Sí;N/A;N/A;N/A;N/A;N/A;N/A;N/A;N/A;N/A;N/A;"2450 mm";"1.6 L";"41 L";5;N/A;N/A;N/A;N/A;N/A;N/A;N/A;N/A;N/A;N/A;N/A;N/A;N/A;N/A;N/A;N/A;N/A;N/A;N/A;N/A;N/A;N/A;N/A;N/A;N/A;N/A;N/A;N/A;N/A;N/A;N/A;N/A;N/A;Sí;Sí;N/A;N/A;N/A;N/A;N/A;N/A;N/A;N/A;N/A;N/A;"1532 mm";"3827 mm";N/A;N/A;N/A;N/A;5;"106 hp";Advance;N/A;4;"1665 mm";N/A;N/A;N/A;Sí;Sí;N/A;Sí;Sí;N/A;N/A;N/A;N/A;N/A;N/A;N/A;N/A;Sí;N/A;5;1.6;Nafta;Manual;Hatchback;"Autos y camionetas";N/A;N/A;N/A;N/A;N/A;N/A;UY;N/A;Sí;N/A;Sí;N/A;N/A;N/A;N/A;N/A;N/A;N/A;N/A;N/A;N/A;N/A;N/A;N/A;N/A;N/A;N/A;N/A;N/A;N/A;N/A;N/A;N/A;N/A;N/A;N/A;N/A;N/A;N/A;N/A;N/A;N/A;N/A;N/A;N/A;N/A;N/A;N/A;N/A;N/A;N/A;N/A;N/A;N/A;N/A;N/A;N/A;N/A;N/A;N/A;N/A;N/A;N/A;N/A;N/A;N/A;N/A;N/A;N/A;N/A;N/A;N/A;N/A;N/A;N/A;N/A;N/A;N/A;N/A;N/A;N/A;N/A;N/A;N/A;N/A;N/A;N/A;N/A;N/A;N/A;N/A;N/A;N/A;N/A;N/A;N/A;Sí;Sí;Sí;N/A;Sí;N/A;N/A;Sí;N/A;Sí;N/A;N/A;Sí;N/A;N/A;N/A;Sí;Sí;Sí;Sí;Sí;Sí;N/A;Sí;N/A;Sí
Nissan;Tiida;Full;2008;"160000 km";;FEDE-2009;9990;;;;;"Tres Cruces";https://auto.mercadolibre.com.uy/MLU-663470728-nissan-tiida-full-_JM;N/A;;"Nissan Tiida Full";USD;Sí;gold;false;N/A;N/A;http://perfil.mercadolibre.com.uy/FEDE-2009;active;N/A;N/A;Usado;N/A;N/A;N/A;N/A;N/A;N/A;N/A;N/A;N/A;N/A;N/A;N/A;N/A;N/A;N/A;N/A;N/A;N/A;N/A;N/A;N/A;N/A;N/A;N/A;N/A;N/A;N/A;N/A;N/A;N/A;N/A;N/A;N/A;N/A;N/A;N/A;N/A;N/A;N/A;N/A;N/A;N/A;N/A;N/A;N/A;N/A;N/A;N/A;N/A;N/A;N/A;N/A;N/A;N/A;N/A;N/A;N/A;N/A;N/A;N/A;N/A;N/A;N/A;N/A;N/A;N/A;N/A;N/A;N/A;N/A;N/A;N/A;N/A;N/A;N/A;N/A;N/A;N/A;N/A;N/A;N/A;N/A;N/A;N/A;N/A;N/A;N/A;N/A;N/A;N/A;N/A;N/A;N/A;N/A;N/A;N/A;N/A;N/A;N/A;N/A;N/A;N/A;N/A;N/A;N/A;N/A;N/A;N/A;5;N/A;Nafta;N/A;N/A;"Autos y camionetas";N/A;N/A;N/A;N/A;N/A;N/A;N/A;N/A;N/A;N/A;N/A;N/A;N/A;N/A;N/A;N/A;N/A;N/A;N/A;N/A;N/A;N/A;N/A;N/A;N/A;N/A;N/A;N/A;N/A;N/A;N/A;N/A;N/A;N/A;N/A;N/A;N/A;N/A;N/A;N/A;N/A;N/A;N/A;N/A;N/A;N/A;N/A;N/A;N/A;N/A;N/A;N/A;N/A;N/A;N/A;N/A;N/A;N/A;N/A;N/A;N/A;N/A;N/A;N/A;N/A;N/A;N/A;N/A;N/A;N/A;N/A;N/A;N/A;N/A;N/A;N/A;N/A;N/A;N/A;N/A;N/A;N/A;N/A;N/A;N/A;N/A;N/A;N/A;N/A;N/A;N/A;N/A;N/A;N/A;N/A;N/A;N/A;N/A;N/A;N/A;N/A;N/A;N/A;N/A;N/A;N/A;N/A;N/A;N/A;N/A;N/A;N/A;N/A;N/A;N/A;N/A;N/A;N/A;N/A;N/A;N/A;N/A
Nissan;Qashqai;"Extra Full";2015;"92000 km";;AMAYAMOTORS;23000;;;;;Centro;https://auto.mercadolibre.com.uy/MLU-659718374-nissan-qashqai-extra-full-amaya-_JM;N/A;;"Nissan Qashqai Extra Full Amaya";USD;Sí;gold;false;N/A;N/A;http://perfil.mercadolibre.com.uy/AMAYAMOTORS;active;N/A;N/A;Usado;Rojo;Sí;Eléctrica;Integral;Sí;Sí;N/A;N/A;N/A;N/A;N/A;N/A;Sí;N/A;N/A;Sí;Sí;N/A;Sí;N/A;N/A;N/A;N/A;N/A;N/A;N/A;N/A;N/A;N/A;N/A;N/A;N/A;N/A;N/A;N/A;N/A;N/A;N/A;Sí;N/A;N/A;N/A;N/A;N/A;N/A;N/A;N/A;N/A;N/A;N/A;N/A;N/A;N/A;N/A;N/A;N/A;N/A;N/A;N/A;N/A;N/A;N/A;Sí;N/A;N/A;N/A;N/A;N/A;N/A;N/A;N/A;N/A;N/A;N/A;N/A;N/A;N/A;N/A;N/A;N/A;N/A;N/A;N/A;N/A;N/A;N/A;N/A;N/A;N/A;N/A;N/A;N/A;N/A;Sí;Sí;N/A;Sí;Sí;N/A;Sí;N/A;N/A;N/A;N/A;N/A;N/A;Sí;N/A;5;2.0;Nafta;Automática;SUV;"Autos y camionetas";N/A;N/A;N/A;N/A;N/A;N/A;N/A;N/A;Sí;N/A;N/A;N/A;N/A;N/A;N/A;N/A;N/A;N/A;N/A;N/A;N/A;N/A;N/A;N/A;Sí;N/A;N/A;N/A;N/A;N/A;N/A;N/A;N/A;N/A;N/A;N/A;N/A;N/A;N/A;N/A;N/A;N/A;N/A;N/A;N/A;N/A;N/A;N/A;N/A;N/A;N/A;N/A;N/A;N/A;N/A;N/A;N/A;N/A;N/A;N/A;N/A;Sí;Sí;N/A;N/A;N/A;N/A;N/A;N/A;N/A;N/A;N/A;N/A;N/A;N/A;N/A;N/A;N/A;N/A;N/A;N/A;N/A;N/A;N/A;N/A;N/A;N/A;N/A;N/A;N/A;N/A;N/A;N/A;N/A;N/A;N/A;Sí;Sí;Sí;N/A;Sí;N/A;N/A;N/A;N/A;Sí;Sí;Sí;Sí;N/A;N/A;Sí;Sí;Sí;Sí;N/A;Sí;N/A;N/A;N/A;N/A;Sí
Nissan;Kicks;"Exclusive Cvt";2023;"19600 km";;HOMERO_DE_LEÓN;29990;;;;;Aguada;https://auto.mercadolibre.com.uy/MLU-635356997-nissan-kicks-exclusive-cvt-16-2023-impecable-_JM;N/A;;"Nissan Kicks Exclusive Cvt 1.6 2023 Impecable!";USD;Sí;gold;false;N/A;N/A;http://perfil.mercadolibre.com.uy/HOMERO_DE_LE%C3%93N;active;N/A;N/A;Usado;Blanco;Sí;Eléctrica;N/A;Sí;Sí;Sí;N/A;Sí;N/A;Sí;Sí;N/A;N/A;Sí;Sí;Sí;N/A;N/A;N/A;N/A;N/A;N/A;N/A;N/A;N/A;N/A;N/A;N/A;N/A;"1600 cc";N/A;6;N/A;N/A;Sí;Sí;Sí;N/A;N/A;N/A;N/A;N/A;N/A;N/A;N/A;N/A;N/A;N/A;N/A;N/A;N/A;N/A;N/A;N/A;N/A;Sí;N/A;Sí;N/A;N/A;N/A;N/A;N/A;N/A;N/A;N/A;N/A;N/A;N/A;N/A;N/A;N/A;N/A;N/A;Sí;N/A;N/A;N/A;N/A;N/A;N/A;N/A;N/A;N/A;"118 hp";Exclusive;N/A;N/A;N/A;"12 km/l";N/A;N/A;Sí;N/A;Sí;Sí;Sí;Sí;N/A;N/A;"14 km/l";N/A;N/A;N/A;N/A;Sí;"Lun. a Vie. de 10 a 18 hs. Sáb. de 9 a 13 hs.";5;1.6;Nafta;Automática;SUV;"Autos y camionetas";No;N/A;N/A;N/A;No;N/A;N/A;No;Sí;No;No;N/A;N/A;N/A;N/A;N/A;N/A;N/A;N/A;N/A;N/A;N/A;N/A;N/A;N/A;N/A;N/A;N/A;N/A;N/A;N/A;N/A;N/A;N/A;N/A;N/A;N/A;N/A;N/A;N/A;N/A;N/A;N/A;N/A;N/A;N/A;N/A;N/A;N/A;N/A;N/A;N/A;N/A;N/A;N/A;N/A;N/A;N/A;N/A;N/A;N/A;Sí;No;N/A;N/A;N/A;N/A;N/A;N/A;N/A;N/A;N/A;N/A;N/A;N/A;N/A;N/A;N/A;N/A;N/A;N/A;N/A;N/A;N/A;N/A;N/A;N/A;N/A;N/A;N/A;N/A;N/A;N/A;N/A;N/A;N/A;Sí;N/A;Sí;Sí;Sí;Sí;Sí;N/A;Sí;Sí;N/A;N/A;N/A;N/A;Sí;Sí;N/A;N/A;Sí;Sí;Sí;N/A;N/A;Sí;N/A;Sí
Nissan;Tiida;"1.8 Extra Full";2011;"153000 km";;"LOPEZ MOTORS";11900;;;;;"Las Piedras";https://auto.mercadolibre.com.uy/MLU-664108468-nissan-tiida-extra-full-_JM;N/A;;"Nissan Tiida Extra Full";USD;Sí;gold;false;N/A;N/A;http://perfil.mercadolibre.com.uy/LOPEZ+MOTORS;active;N/A;N/A;Usado;Dorado;No;Hidráulica;Delantera;Sí;Sí;N/A;N/A;N/A;No;N/A;N/A;No;N/A;N/A;No;Sí;N/A;No;N/A;N/A;N/A;N/A;N/A;N/A;N/A;N/A;N/A;N/A;N/A;N/A;N/A;N/A;N/A;N/A;N/A;N/A;N/A;No;N/A;N/A;N/A;N/A;N/A;N/A;N/A;N/A;N/A;N/A;N/A;N/A;N/A;N/A;N/A;N/A;N/A;N/A;N/A;N/A;N/A;N/A;N/A;No;N/A;N/A;N/A;N/A;N/A;N/A;N/A;N/A;N/A;N/A;N/A;N/A;N/A;N/A;N/A;N/A;N/A;N/A;N/A;N/A;N/A;N/A;N/A;N/A;N/A;N/A;N/A;N/A;No;N/A;No;Sí;N/A;Sí;No;N/A;Sí;N/A;N/A;No;No;N/A;N/A;Sí;"De lunes a viernes de las 8:30 hs a 12:00 hs y de las 14:00 hs hasta las 18:00 hs...";5;1.8;Nafta;Manual;Hatchback;"Autos y camionetas";No;N/A;N/A;N/A;No;N/A;N/A;N/A;Sí;N/A;No;N/A;N/A;N/A;N/A;N/A;N/A;N/A;N/A;N/A;N/A;N/A;N/A;N/A;No;N/A;N/A;N/A;N/A;N/A;N/A;N/A;N/A;N/A;N/A;N/A;N/A;N/A;N/A;N/A;N/A;N/A;N/A;No;N/A;N/A;N/A;N/A;N/A;N/A;N/A;N/A;N/A;N/A;N/A;N/A;N/A;N/A;N/A;N/A;N/A;No;No;N/A;N/A;N/A;N/A;N/A;N/A;N/A;N/A;N/A;N/A;N/A;N/A;N/A;N/A;N/A;N/A;N/A;N/A;N/A;N/A;N/A;N/A;N/A;N/A;N/A;N/A;N/A;N/A;N/A;N/A;N/A;N/A;No;No;Sí;Sí;N/A;Sí;N/A;N/A;N/A;N/A;Sí;No;No;Sí;N/A;N/A;No;Sí;Sí;Sí;Sí;No;Sí;No;Sí;N/A;No
Nissan;Qashqai;Advance;2015;"107100 km";;DEFRANCOMOTORS;21900;;;;;Shangrilá;https://auto.mercadolibre.com.uy/MLU-635299959-nissan-qashqai-advance-excelente-estado-defranco-motors-_JM;N/A;;"Nissan Qashqai Advance - Excelente Estado! - Defranco Motors";USD;Sí;gold;false;N/A;N/A;http://perfil.mercadolibre.com.uy/DEFRANCOMOTORS;active;N/A;N/A;Usado;Plateado;Sí;Asistida;N/A;N/A;N/A;N/A;N/A;N/A;N/A;N/A;N/A;N/A;N/A;N/A;N/A;N/A;N/A;N/A;N/A;N/A;N/A;N/A;N/A;N/A;N/A;N/A;N/A;N/A;N/A;"2000 cc";N/A;6;N/A;N/A;N/A;N/A;N/A;N/A;N/A;N/A;N/A;N/A;N/A;N/A;N/A;N/A;N/A;N/A;N/A;N/A;N/A;N/A;N/A;N/A;N/A;N/A;N/A;N/A;N/A;N/A;N/A;N/A;N/A;N/A;N/A;N/A;N/A;N/A;N/A;N/A;N/A;N/A;N/A;N/A;N/A;N/A;N/A;N/A;N/A;N/A;N/A;N/A;N/A;N/A;"140 hp";Advance;N/A;N/A;N/A;"8 km/l";N/A;N/A;N/A;N/A;N/A;N/A;N/A;N/A;N/A;N/A;"12 km/l";N/A;N/A;N/A;N/A;N/A;"Lun. a Vie. 9:30 a 13 y 14 a 18:30 hs. Sáb 9:30 a 13 hs";5;2.0;Nafta;Automática;SUV;"Autos y camionetas";Sí;N/A;N/A;N/A;Sí;N/A;N/A;No;Sí;Sí;Sí;N/A;N/A;N/A;N/A;N/A;N/A;N/A;N/A;N/A;N/A;N/A;N/A;N/A;N/A;N/A;N/A;N/A;N/A;N/A;N/A;N/A;N/A;N/A;N/A;N/A;N/A;N/A;N/A;N/A;N/A;N/A;N/A;N/A;N/A;N/A;N/A;N/A;N/A;N/A;N/A;N/A;N/A;N/A;N/A;N/A;N/A;N/A;N/A;N/A;N/A;N/A;No;N/A;N/A;N/A;N/A;N/A;N/A;N/A;N/A;N/A;N/A;N/A;N/A;N/A;N/A;N/A;N/A;N/A;N/A;N/A;N/A;N/A;N/A;N/A;N/A;N/A;N/A;N/A;N/A;N/A;N/A;N/A;N/A;N/A;N/A;N/A;N/A;N/A;N/A;N/A;N/A;N/A;N/A;N/A;N/A;N/A;N/A;N/A;N/A;N/A;N/A;N/A;N/A;N/A;N/A;N/A;N/A;N/A;N/A;N/A
Nissan;Sentra;Sr;2018;"39300 km";;"RIVEROAUTOMOTORES TACUAREMBÓ";22000;;;;;Tacuarembó;https://auto.mercadolibre.com.uy/MLU-635405877-nissan-sentra-sr-18-2018-impecable-_JM;N/A;;"Nissan Sentra Sr 1.8 2018 Impecable!";USD;Sí;gold;false;N/A;N/A;http://perfil.mercadolibre.com.uy/RIVEROAUTOMOTORES+TACUAREMB%C3%93;active;N/A;N/A;Usado;"Gris oscuro";Sí;Eléctrica;N/A;Sí;N/A;Sí;Sí;N/A;N/A;Sí;Sí;N/A;Sí;N/A;Sí;Sí;N/A;N/A;N/A;N/A;N/A;N/A;N/A;N/A;N/A;N/A;N/A;N/A;N/A;"1800 cc";N/A;6;N/A;N/A;Sí;N/A;Sí;N/A;N/A;N/A;N/A;N/A;N/A;N/A;N/A;N/A;N/A;N/A;N/A;N/A;N/A;N/A;N/A;N/A;N/A;Sí;N/A;Sí;N/A;Sí;N/A;N/A;N/A;N/A;N/A;N/A;N/A;N/A;N/A;N/A;N/A;N/A;N/A;N/A;N/A;N/A;N/A;N/A;N/A;N/A;N/A;N/A;N/A;N/A;N/A;Sr;N/A;N/A;N/A;N/A;N/A;N/A;N/A;N/A;Sí;N/A;Sí;N/A;Sí;N/A;N/A;N/A;N/A;N/A;N/A;N/A;"Lun. a Vie. de 8 a 12 y de 14 a 19 hs. Sáb de 8 a 13 hs";4;1.8;Nafta;Automática;Sedán;"Autos y camionetas";No;N/A;N/A;N/A;No;N/A;N/A;No;Sí;No;No;N/A;N/A;N/A;N/A;N/A;N/A;N/A;N/A;N/A;N/A;N/A;N/A;N/A;Sí;N/A;N/A;N/A;N/A;N/A;N/A;N/A;N/A;N/A;N/A;N/A;N/A;N/A;N/A;N/A;N/A;N/A;N/A;N/A;N/A;N/A;N/A;N/A;N/A;N/A;N/A;N/A;N/A;N/A;N/A;N/A;N/A;N/A;N/A;N/A;N/A;N/A;No;N/A;N/A;N/A;N/A;N/A;N/A;N/A;N/A;N/A;N/A;N/A;N/A;N/A;N/A;N/A;N/A;N/A;N/A;N/A;N/A;N/A;N/A;N/A;N/A;N/A;N/A;N/A;N/A;N/A;N/A;N/A;N/A;N/A;Sí;N/A;Sí;N/A;Sí;N/A;N/A;N/A;Sí;Sí;N/A;N/A;N/A;N/A;Sí;Sí;Sí;N/A;Sí;N/A;Sí;N/A;N/A;N/A;N/A;Sí
Nissan;Sentra;"1.8 Sense";2018;"100000 km";;ISSOGARAGE;14900;;;;;Carrasco;https://auto.mercadolibre.com.uy/MLU-666188328-nissan-sentra-2018-18-sense-_JM;N/A;;"Nissan Sentra 2018 1.8 Sense";usd;Sí;gold;false;N/A;N/A;http://perfil.mercadolibre.com.uy/ISSOGARAGE;active;N/A;N/A;Usado;N/A;N/A;Hidráulica;Delantera;Sí;N/A;N/A;N/A;N/A;N/A;N/A;N/A;N/A;N/A;N/A;N/A;N/A;N/A;N/A;N/A;N/A;N/A;N/A;N/A;N/A;N/A;N/A;N/A;N/A;"2700 mm";"1.8 L";"52 L";6;N/A;N/A;N/A;N/A;N/A;N/A;N/A;N/A;N/A;N/A;N/A;N/A;N/A;N/A;N/A;N/A;N/A;N/A;N/A;N/A;N/A;N/A;N/A;N/A;N/A;N/A;N/A;N/A;N/A;N/A;N/A;N/A;N/A;Sí;Sí;N/A;N/A;N/A;N/A;N/A;N/A;N/A;N/A;N/A;N/A;"1505 mm";"4636 mm";N/A;N/A;N/A;N/A;5;"129 hp";Sense;N/A;4;"1761 mm";N/A;N/A;N/A;N/A;N/A;N/A;N/A;Sí;N/A;N/A;N/A;N/A;N/A;N/A;N/A;N/A;N/A;N/A;4;1.8;Nafta;Manual;Sedán;"Autos y camionetas";N/A;N/A;N/A;N/A;N/A;N/A;UY;N/A;N/A;N/A;N/A;N/A;N/A;N/A;N/A;N/A;N/A;N/A;N/A;N/A;N/A;N/A;N/A;N/A;N/A;N/A;N/A;N/A;N/A;N/A;N/A;N/A;N/A;N/A;N/A;N/A;N/A;N/A;N/A;N/A;N/A;N/A;N/A;N/A;N/A;N/A;N/A;N/A;N/A;N/A;N/A;N/A;N/A;N/A;N/A;N/A;N/A;N/A;N/A;N/A;N/A;N/A;N/A;N/A;N/A;N/A;N/A;N/A;N/A;N/A;N/A;N/A;N/A;N/A;N/A;N/A;N/A;N/A;N/A;N/A;N/A;N/A;N/A;N/A;N/A;N/A;N/A;N/A;N/A;N/A;N/A;N/A;N/A;N/A;N/A;N/A;Sí;N/A;Sí;N/A;N/A;N/A;N/A;N/A;N/A;Sí;N/A;N/A;N/A;N/A;N/A;N/A;N/A;N/A;Sí;N/A;N/A;N/A;N/A;Sí;N/A;Sí
Nissan;Tiida;"1.8 Emotion Mt";2010;"128000 km";;"K MOTORS.UY";10990;;;;;Maldonado;https://auto.mercadolibre.com.uy/MLU-664015526-nissan-tiida-unico-dueno-entrega-5800-y-cuotas-_JM;N/A;;"Nissan Tiida Unico Dueño Entrega 5800 Y Cuotas";usd;Sí;gold;false;N/A;N/A;http://perfil.mercadolibre.com.uy/K+MOTORS.UY;active;N/A;N/A;Usado;Negro;N/A;Hidráulica;Delantera;Sí;N/A;N/A;N/A;N/A;N/A;N/A;N/A;N/A;N/A;N/A;N/A;N/A;N/A;N/A;N/A;N/A;N/A;N/A;N/A;N/A;N/A;N/A;N/A;N/A;"2600 mm";"1.8 L";"52.4 L";N/A;N/A;N/A;N/A;N/A;N/A;N/A;N/A;N/A;N/A;N/A;N/A;N/A;N/A;N/A;N/A;N/A;N/A;N/A;N/A;N/A;N/A;N/A;N/A;N/A;N/A;N/A;N/A;N/A;N/A;N/A;N/A;N/A;N/A;N/A;N/A;N/A;N/A;N/A;N/A;N/A;N/A;N/A;N/A;N/A;N/A;"1548 mm";"4297 mm";N/A;N/A;N/A;N/A;N/A;N/A;Emotion;N/A;N/A;"1695 mm";N/A;N/A;N/A;N/A;N/A;N/A;N/A;N/A;N/A;N/A;N/A;N/A;N/A;N/A;N/A;N/A;N/A;N/A;5;1.8;Nafta;Manual;Hatchback;"Autos y camionetas";N/A;N/A;N/A;N/A;N/A;N/A;UY;N/A;N/A;N/A;N/A;N/A;N/A;N/A;N/A;N/A;N/A;N/A;N/A;N/A;N/A;N/A;N/A;N/A;N/A;N/A;N/A;N/A;N/A;N/A;N/A;N/A;N/A;N/A;N/A;N/A;N/A;N/A;N/A;N/A;N/A;N/A;N/A;N/A;N/A;N/A;N/A;N/A;N/A;N/A;N/A;N/A;N/A;N/A;N/A;N/A;N/A;N/A;N/A;N/A;N/A;N/A;N/A;N/A;N/A;N/A;N/A;N/A;N/A;N/A;N/A;N/A;N/A;N/A;N/A;N/A;N/A;N/A;N/A;N/A;N/A;N/A;N/A;N/A;N/A;N/A;N/A;N/A;N/A;N/A;N/A;N/A;N/A;N/A;N/A;N/A;Sí;N/A;N/A;N/A;N/A;N/A;N/A;N/A;N/A;N/A;N/A;N/A;N/A;N/A;N/A;N/A;N/A;N/A;Sí;N/A;N/A;N/A;N/A;N/A;N/A;N/A
Nissan;Tiida;"1.8 Emotion Mt";2009;"232000 km";;"LOPEZ MOTORS";10500;;;;;"Las Piedras";https://auto.mercadolibre.com.uy/MLU-660093130-nissan-tiida-extra-full-_JM;N/A;;"Nissan Tiida Extra Full ";usd;Sí;gold;false;N/A;N/A;http://perfil.mercadolibre.com.uy/LOPEZ+MOTORS;active;N/A;N/A;Usado;Plateado;No;Hidráulica;Delantera;Sí;Sí;N/A;N/A;N/A;No;N/A;N/A;No;N/A;N/A;No;Sí;N/A;No;N/A;N/A;N/A;N/A;N/A;N/A;N/A;N/A;N/A;N/A;"2600 mm";"1.8 L";"52.4 L";N/A;N/A;N/A;N/A;N/A;N/A;No;N/A;N/A;N/A;N/A;N/A;N/A;N/A;N/A;N/A;N/A;N/A;N/A;N/A;N/A;N/A;N/A;N/A;N/A;N/A;N/A;N/A;N/A;N/A;No;N/A;N/A;N/A;N/A;N/A;N/A;N/A;N/A;N/A;N/A;N/A;N/A;N/A;N/A;N/A;"1548 mm";"4297 mm";N/A;N/A;N/A;N/A;N/A;N/A;Emotion;N/A;N/A;"1695 mm";N/A;N/A;N/A;No;Sí;N/A;N/A;N/A;N/A;Sí;N/A;N/A;N/A;No;N/A;N/A;Sí;"LUNES A VIERNES DE 8:30 A 12 Y DE 14 A 18 HS";5;1.8;Nafta;Manual;Hatchback;"Autos y camionetas";No;N/A;N/A;N/A;No;N/A;UY;N/A;Sí;N/A;No;N/A;N/A;N/A;N/A;N/A;N/A;N/A;N/A;N/A;N/A;N/A;N/A;N/A;No;N/A;N/A;N/A;N/A;N/A;N/A;N/A;N/A;N/A;N/A;N/A;N/A;N/A;N/A;N/A;N/A;N/A;N/A;No;N/A;N/A;N/A;N/A;N/A;N/A;N/A;N/A;N/A;N/A;N/A;N/A;N/A;N/A;N/A;N/A;N/A;No;No;N/A;N/A;N/A;N/A;N/A;N/A;N/A;N/A;N/A;N/A;N/A;N/A;N/A;N/A;N/A;N/A;N/A;N/A;N/A;N/A;N/A;N/A;N/A;N/A;N/A;N/A;N/A;N/A;N/A;N/A;N/A;N/A;No;Sí;Sí;Sí;N/A;N/A;N/A;N/A;N/A;N/A;N/A;No;No;Sí;N/A;N/A;No;Sí;Sí;Sí;No;Sí;Sí;Sí;No;N/A;No
Nissan;Frontier;Se;2024;"0 km";;SOLYCARAUTOMOVILES;32328;;;;;Solymar;https://auto.mercadolibre.com.uy/MLU-658700502-nissan-frontier-se-25-2024-0km-solycar-_JM;N/A;;"Nissan Frontier Se 2.5 2024 0km - Solycar";USD;Sí;gold;false;N/A;N/A;http://perfil.mercadolibre.com.uy/SOLYCARAUTOMOVILES;active;N/A;N/A;Nuevo;Blanco;N/A;Eléctrica;4x2;Sí;Sí;Sí;N/A;N/A;N/A;Sí;Sí;N/A;N/A;Sí;N/A;Sí;N/A;N/A;N/A;N/A;N/A;N/A;N/A;N/A;N/A;N/A;N/A;N/A;N/A;"2500 cc";N/A;6;N/A;N/A;N/A;N/A;Sí;N/A;N/A;N/A;N/A;N/A;N/A;N/A;N/A;N/A;N/A;N/A;N/A;N/A;N/A;N/A;N/A;N/A;N/A;Sí;N/A;Sí;N/A;N/A;N/A;N/A;N/A;N/A;N/A;N/A;N/A;N/A;Sí;N/A;N/A;N/A;N/A;N/A;N/A;N/A;N/A;N/A;N/A;N/A;N/A;N/A;N/A;N/A;"158 hp";Se;N/A;N/A;N/A;N/A;N/A;N/A;N/A;Sí;Sí;Sí;Sí;N/A;N/A;N/A;N/A;N/A;N/A;N/A;N/A;N/A;"Lun. a Vie. de 9:30 a 18:30 hs. Sáb. de 9:30 a 14 hs";4;2.5;Nafta;Manual;Pick-Up;"Autos y camionetas";No;N/A;N/A;N/A;No;N/A;N/A;No;Sí;No;No;N/A;N/A;N/A;N/A;N/A;N/A;N/A;N/A;N/A;N/A;N/A;N/A;N/A;N/A;N/A;N/A;N/A;N/A;N/A;N/A;N/A;N/A;N/A;N/A;N/A;N/A;N/A;N/A;N/A;N/A;N/A;N/A;Sí;N/A;N/A;N/A;N/A;N/A;N/A;N/A;N/A;N/A;N/A;N/A;N/A;N/A;N/A;N/A;N/A;N/A;Sí;No;N/A;N/A;N/A;N/A;N/A;N/A;N/A;N/A;N/A;N/A;N/A;N/A;N/A;N/A;N/A;N/A;N/A;N/A;N/A;N/A;N/A;N/A;N/A;N/A;N/A;N/A;N/A;N/A;N/A;N/A;N/A;N/A;N/A;Sí;Sí;Sí;Sí;Sí;Sí;Sí;N/A;Sí;Sí;N/A;Sí;N/A;N/A;Sí;Sí;Sí;N/A;Sí;Sí;Sí;N/A;N/A;Sí;N/A;Sí
Nissan;Kicks;"1.6 Sense Mt";2020;"141000 km";;"SEMINUEVOS EUROPCAR";18490;;;;;"Aeropuerto Internacional De Carrasco";https://auto.mercadolibre.com.uy/MLU-664163008-nissan-kicks-2020-16-sense-mt-_JM;N/A;;"Nissan Kicks 2020 1.6 Sense Mt";usd;Sí;gold;false;N/A;N/A;http://perfil.mercadolibre.com.uy/SEMINUEVOS+EUROPCAR;active;N/A;N/A;Usado;Blanco;N/A;Hidráulica;Delantera;Sí;N/A;N/A;N/A;N/A;N/A;N/A;N/A;N/A;N/A;N/A;N/A;N/A;N/A;N/A;N/A;N/A;N/A;N/A;N/A;N/A;N/A;N/A;N/A;N/A;"2620 mm";"1.6 L";"50 L";5;N/A;N/A;N/A;N/A;N/A;N/A;N/A;N/A;N/A;N/A;N/A;N/A;N/A;N/A;N/A;N/A;N/A;N/A;N/A;N/A;N/A;N/A;N/A;N/A;N/A;N/A;N/A;N/A;N/A;N/A;N/A;N/A;N/A;Sí;Sí;N/A;N/A;N/A;N/A;N/A;N/A;N/A;N/A;N/A;N/A;"1590 mm";"4295 mm";N/A;N/A;N/A;N/A;5;"118 hp";Sense;N/A;4;"1760 mm";N/A;N/A;N/A;N/A;N/A;N/A;N/A;N/A;N/A;N/A;N/A;N/A;N/A;N/A;N/A;N/A;N/A;N/A;5;1.6;Nafta;Manual;SUV;"Autos y camionetas";N/A;N/A;N/A;N/A;N/A;N/A;UY;N/A;N/A;N/A;N/A;N/A;N/A;N/A;N/A;N/A;N/A;N/A;N/A;N/A;N/A;N/A;N/A;N/A;N/A;N/A;N/A;N/A;N/A;N/A;N/A;N/A;N/A;N/A;N/A;N/A;N/A;N/A;N/A;N/A;N/A;N/A;N/A;N/A;N/A;N/A;N/A;N/A;N/A;N/A;N/A;N/A;N/A;N/A;N/A;N/A;N/A;N/A;N/A;N/A;N/A;N/A;N/A;N/A;N/A;N/A;N/A;N/A;N/A;N/A;N/A;N/A;N/A;N/A;N/A;N/A;N/A;N/A;N/A;N/A;N/A;N/A;N/A;N/A;N/A;N/A;N/A;N/A;N/A;N/A;N/A;N/A;N/A;N/A;N/A;N/A;Sí;N/A;N/A;N/A;N/A;N/A;N/A;N/A;N/A;Sí;N/A;N/A;N/A;N/A;N/A;N/A;Sí;N/A;Sí;N/A;N/A;N/A;N/A;Sí;N/A;Sí
Nissan;March;"1.6 Advance Mt";2016;"115000 km";;PUNTO-CARRASCO;11500;;;;;Shangrilá;https://auto.mercadolibre.com.uy/MLU-655019662-nissan-march-16-advance-extra-full-financio-permuto-_JM;N/A;;"Nissan March 1.6 Advance Extra Full - Financio / Permuto";usd;Sí;gold;false;N/A;N/A;http://perfil.mercadolibre.com.uy/PUNTO-CARRASCO;active;N/A;N/A;Usado;Blanco;N/A;Hidráulica;Delantera;Sí;Sí;N/A;N/A;N/A;N/A;N/A;N/A;N/A;N/A;N/A;N/A;Sí;N/A;N/A;N/A;N/A;N/A;N/A;N/A;N/A;N/A;N/A;N/A;N/A;"2450 mm";"1598 cc";"41 L";5;N/A;N/A;N/A;N/A;N/A;N/A;N/A;N/A;N/A;N/A;N/A;N/A;N/A;N/A;N/A;N/A;N/A;N/A;N/A;N/A;N/A;N/A;N/A;N/A;N/A;Sí;N/A;N/A;N/A;N/A;N/A;N/A;N/A;N/A;N/A;N/A;N/A;N/A;N/A;N/A;N/A;N/A;N/A;N/A;N/A;"1532 mm";"3827 mm";N/A;N/A;N/A;N/A;5;"106 hp";Advance;N/A;4;"1665 mm";N/A;N/A;N/A;N/A;N/A;N/A;N/A;Sí;N/A;N/A;N/A;N/A;N/A;N/A;N/A;N/A;N/A;N/A;5;1.6;Nafta;Manual;Hatchback;"Autos y camionetas";N/A;N/A;N/A;N/A;N/A;N/A;UY;N/A;N/A;N/A;N/A;N/A;N/A;N/A;N/A;N/A;N/A;N/A;N/A;N/A;N/A;N/A;N/A;N/A;N/A;N/A;N/A;N/A;N/A;N/A;N/A;N/A;N/A;N/A;N/A;N/A;N/A;N/A;N/A;N/A;N/A;N/A;N/A;N/A;N/A;N/A;N/A;N/A;N/A;N/A;N/A;N/A;N/A;N/A;N/A;N/A;N/A;N/A;N/A;N/A;N/A;N/A;N/A;N/A;N/A;N/A;N/A;N/A;N/A;N/A;N/A;N/A;N/A;N/A;N/A;N/A;N/A;N/A;N/A;N/A;N/A;N/A;N/A;N/A;N/A;N/A;N/A;N/A;N/A;N/A;N/A;N/A;N/A;N/A;N/A;N/A;Sí;N/A;Sí;N/A;N/A;N/A;N/A;Sí;N/A;Sí;N/A;N/A;N/A;N/A;N/A;N/A;Sí;N/A;Sí;N/A;N/A;N/A;N/A;Sí;N/A;Sí
Nissan;Kicks;"1.6 Exclusive At";2019;"85000 km";;MG-AUTOMOVILES;23500;;;;;Centro;https://auto.mercadolibre.com.uy/MLU-666051976-nissan-kicks-2019-16-exclusive-at-_JM;N/A;;"Nissan Kicks 2019 1.6 Exclusive At";usd;Sí;gold;false;N/A;N/A;http://perfil.mercadolibre.com.uy/MG-AUTOMOVILES;active;N/A;N/A;Usado;N/A;N/A;Hidráulica;Delantera;Sí;N/A;N/A;N/A;N/A;N/A;N/A;N/A;Sí;N/A;N/A;N/A;N/A;N/A;N/A;N/A;N/A;N/A;N/A;N/A;N/A;N/A;N/A;N/A;N/A;"2620 mm";"1.6 L";"50 L";N/A;N/A;N/A;N/A;N/A;N/A;N/A;N/A;N/A;N/A;N/A;N/A;N/A;N/A;N/A;N/A;N/A;N/A;N/A;N/A;N/A;N/A;N/A;N/A;N/A;N/A;N/A;N/A;N/A;N/A;N/A;N/A;N/A;N/A;Sí;Sí;N/A;N/A;Sí;N/A;N/A;N/A;N/A;N/A;N/A;N/A;"1590 mm";"4295 mm";N/A;N/A;N/A;N/A;5;"118 hp";Exclusive;N/A;4;"1760 mm";N/A;N/A;N/A;N/A;N/A;N/A;N/A;N/A;N/A;N/A;N/A;N/A;N/A;N/A;N/A;N/A;N/A;N/A;5;1.6;Nafta;Automática;SUV;"Autos y camionetas";N/A;N/A;N/A;N/A;N/A;N/A;UY;N/A;N/A;N/A;N/A;N/A;N/A;N/A;N/A;N/A;N/A;N/A;N/A;N/A;N/A;N/A;N/A;N/A;N/A;N/A;N/A;N/A;N/A;N/A;N/A;N/A;N/A;N/A;N/A;N/A;N/A;N/A;N/A;N/A;N/A;N/A;N/A;N/A;N/A;N/A;N/A;N/A;N/A;N/A;N/A;N/A;N/A;N/A;N/A;N/A;N/A;N/A;N/A;N/A;N/A;N/A;N/A;N/A;N/A;N/A;N/A;N/A;N/A;N/A;N/A;N/A;N/A;N/A;N/A;N/A;N/A;N/A;N/A;N/A;N/A;N/A;N/A;N/A;N/A;N/A;N/A;N/A;N/A;N/A;N/A;N/A;N/A;N/A;N/A;N/A;Sí;N/A;Sí;N/A;N/A;N/A;N/A;N/A;N/A;Sí;N/A;N/A;N/A;N/A;N/A;Sí;Sí;N/A;Sí;N/A;N/A;N/A;N/A;Sí;N/A;Sí
Nissan;Kicks;Exclusive;2017;"77000 km";;"OSCARPISANO RENAULT-NISSAN";21900;;;;;Sayago;https://auto.mercadolibre.com.uy/MLU-635248719-nissan-kicks-exclusive-16-2017-impecable-_JM;N/A;;"Nissan Kicks Exclusive 1.6 2017 Impecable!";USD;Sí;gold;false;N/A;N/A;http://perfil.mercadolibre.com.uy/OSCARPISANO+RENAULT-NISSAN;active;N/A;N/A;Usado;Rojo;N/A;Eléctrica;N/A;N/A;Sí;Sí;N/A;N/A;N/A;Sí;Sí;N/A;N/A;Sí;Sí;Sí;N/A;Sí;N/A;N/A;N/A;N/A;N/A;N/A;N/A;N/A;N/A;N/A;N/A;"1600 cc";N/A;N/A;N/A;N/A;Sí;Sí;N/A;N/A;N/A;N/A;N/A;N/A;N/A;N/A;N/A;N/A;N/A;N/A;N/A;N/A;N/A;N/A;N/A;N/A;N/A;Sí;N/A;N/A;N/A;N/A;N/A;N/A;N/A;N/A;N/A;N/A;N/A;N/A;Sí;N/A;N/A;N/A;N/A;N/A;Sí;N/A;N/A;N/A;N/A;N/A;N/A;N/A;N/A;N/A;"118 hp";Exclusive;N/A;N/A;N/A;"11 km/l";N/A;N/A;Sí;Sí;N/A;Sí;Sí;Sí;N/A;N/A;"15 km/l";N/A;N/A;N/A;N/A;N/A;"Lun. a Sáb. de 9:30 a 18:30 hs. Dom. de 9:30 a 13 hs";5;1.6;Nafta;Automática;SUV;"Autos y camionetas";No;N/A;N/A;N/A;No;N/A;N/A;No;Sí;No;No;N/A;N/A;N/A;N/A;N/A;N/A;N/A;N/A;N/A;N/A;N/A;N/A;N/A;N/A;N/A;N/A;N/A;N/A;N/A;N/A;N/A;N/A;N/A;N/A;N/A;N/A;N/A;N/A;N/A;N/A;N/A;N/A;N/A;N/A;N/A;N/A;N/A;N/A;N/A;N/A;N/A;N/A;N/A;N/A;N/A;N/A;N/A;N/A;N/A;N/A;N/A;No;N/A;N/A;N/A;N/A;N/A;N/A;N/A;N/A;N/A;N/A;N/A;N/A;N/A;N/A;N/A;N/A;N/A;N/A;N/A;N/A;N/A;N/A;N/A;N/A;N/A;N/A;N/A;N/A;N/A;N/A;N/A;N/A;N/A;Sí;N/A;Sí;Sí;Sí;Sí;N/A;N/A;Sí;Sí;N/A;Sí;N/A;N/A;Sí;Sí;N/A;N/A;Sí;N/A;Sí;N/A;N/A;N/A;N/A;N/A
Nissan;Note;Advance;2019;"177000 km";;"OSCARPISANO RENAULT-NISSAN";12900;;;;;Sayago;https://auto.mercadolibre.com.uy/MLU-664590370-nissan-note-advance-16-2019-impecable-_JM;N/A;;"Nissan Note Advance 1.6 2019 Impecable!";USD;Sí;gold;false;N/A;N/A;http://perfil.mercadolibre.com.uy/OSCARPISANO+RENAULT-NISSAN;active;N/A;N/A;Usado;Blanco;Sí;Eléctrica;N/A;Sí;Sí;Sí;N/A;N/A;N/A;Sí;Sí;N/A;N/A;Sí;N/A;Sí;N/A;N/A;N/A;N/A;N/A;N/A;N/A;N/A;N/A;N/A;N/A;N/A;N/A;"1600 cc";N/A;5;N/A;N/A;N/A;N/A;N/A;N/A;N/A;N/A;N/A;N/A;N/A;N/A;N/A;N/A;N/A;N/A;N/A;N/A;N/A;N/A;N/A;N/A;N/A;Sí;N/A;Sí;N/A;N/A;N/A;N/A;N/A;N/A;N/A;N/A;N/A;N/A;Sí;N/A;N/A;N/A;N/A;N/A;Sí;N/A;N/A;N/A;N/A;N/A;N/A;N/A;N/A;N/A;"106 hp";Advance;N/A;N/A;N/A;"12 km/l";N/A;N/A;N/A;Sí;Sí;Sí;N/A;Sí;N/A;N/A;"16 km/l";N/A;N/A;N/A;N/A;Sí;"Lun. a Sáb. de 9:30 a 18:30 hs. Dom. de 9:30 a 13 hs";5;1.6;Nafta;Manual;Hatchback;"Autos y camionetas";No;N/A;N/A;N/A;No;N/A;N/A;No;Sí;No;No;N/A;N/A;N/A;N/A;N/A;N/A;N/A;N/A;N/A;N/A;N/A;N/A;N/A;N/A;N/A;N/A;N/A;N/A;N/A;N/A;N/A;N/A;N/A;N/A;N/A;N/A;N/A;N/A;N/A;N/A;N/A;N/A;N/A;N/A;N/A;N/A;N/A;N/A;N/A;N/A;N/A;N/A;N/A;N/A;N/A;N/A;N/A;N/A;N/A;N/A;N/A;No;N/A;N/A;N/A;N/A;N/A;N/A;N/A;N/A;N/A;N/A;N/A;N/A;N/A;N/A;N/A;N/A;N/A;N/A;N/A;N/A;N/A;N/A;N/A;N/A;N/A;N/A;N/A;N/A;N/A;N/A;N/A;N/A;N/A;Sí;N/A;Sí;N/A;Sí;Sí;Sí;N/A;Sí;Sí;N/A;Sí;N/A;N/A;N/A;N/A;N/A;N/A;N/A;N/A;N/A;N/A;N/A;N/A;N/A;N/A
Nissan;Note;"1.6 Note Sense Mt";2014;"128000 km";;"LOPEZ MOTORS";11500;;;;;"Las Piedras";https://auto.mercadolibre.com.uy/MLU-661894960-nissan-note-sense-mt-_JM;N/A;;"Nissan Note Sense Mt";usd;Sí;gold;false;N/A;N/A;http://perfil.mercadolibre.com.uy/LOPEZ+MOTORS;active;N/A;N/A;Usado;Blanco;No;Hidráulica;Delantera;Sí;Sí;N/A;N/A;N/A;No;N/A;N/A;No;N/A;N/A;No;Sí;N/A;No;N/A;N/A;N/A;N/A;N/A;N/A;N/A;N/A;N/A;N/A;"2600 mm";"1.6 L";"41 L";N/A;N/A;N/A;N/A;N/A;N/A;No;N/A;N/A;N/A;N/A;N/A;N/A;N/A;N/A;N/A;N/A;N/A;N/A;N/A;N/A;N/A;N/A;N/A;N/A;N/A;N/A;N/A;N/A;N/A;No;N/A;N/A;N/A;N/A;N/A;N/A;N/A;N/A;N/A;N/A;N/A;N/A;N/A;N/A;N/A;"1537 mm";"4142 mm";N/A;N/A;N/A;N/A;5;"109 hp";Sense;N/A;N/A;N/A;N/A;No;N/A;No;Sí;N/A;Sí;Sí;N/A;No;N/A;N/A;No;No;N/A;N/A;Sí;"De lunes a viernes de las 8:30 hs a 12:00 hs y de las 14:00 hs hasta las 18:00 hs...";5;1.6;Nafta;Manual;Hatchback;"Autos y camionetas";No;N/A;N/A;N/A;No;N/A;UY;N/A;Sí;N/A;No;N/A;N/A;N/A;N/A;N/A;N/A;N/A;N/A;N/A;N/A;N/A;N/A;N/A;No;N/A;N/A;N/A;N/A;N/A;N/A;N/A;N/A;N/A;N/A;N/A;N/A;N/A;N/A;N/A;N/A;N/A;N/A;No;N/A;N/A;N/A;N/A;N/A;N/A;N/A;N/A;N/A;N/A;N/A;N/A;N/A;N/A;N/A;N/A;N/A;No;No;N/A;N/A;N/A;N/A;N/A;N/A;N/A;N/A;N/A;N/A;N/A;N/A;N/A;N/A;N/A;N/A;N/A;N/A;N/A;N/A;N/A;N/A;N/A;N/A;N/A;N/A;N/A;N/A;N/A;N/A;N/A;N/A;Sí;Sí;Sí;Sí;N/A;Sí;N/A;N/A;N/A;N/A;Sí;No;No;Sí;N/A;N/A;No;No;Sí;Sí;Sí;Sí;Sí;No;Sí;N/A;Sí
Nissan;Frontier;Se;2023;"0 km";;"AUTOMOTORA MARMOLEJO";32328;;;;;Minas;https://auto.mercadolibre.com.uy/MLU-651584444-entrega-inmediata-frontier-se-nafta-ano-2023-_JM;N/A;;"Entrega Inmediata, Frontier Se Nafta, Año 2023.";USD;Sí;gold;false;N/A;N/A;http://perfil.mercadolibre.com.uy/AUTOMOTORA+MARMOLEJO;active;N/A;N/A;Nuevo;Negro;N/A;Hidráulica;4x2;Sí;N/A;N/A;N/A;N/A;N/A;N/A;N/A;N/A;N/A;N/A;N/A;Sí;N/A;N/A;N/A;N/A;N/A;N/A;N/A;N/A;N/A;N/A;N/A;N/A;N/A;N/A;N/A;N/A;N/A;N/A;N/A;N/A;N/A;N/A;N/A;N/A;N/A;N/A;N/A;N/A;N/A;N/A;N/A;N/A;N/A;N/A;N/A;N/A;N/A;N/A;N/A;N/A;N/A;N/A;N/A;N/A;N/A;N/A;N/A;N/A;N/A;N/A;N/A;N/A;N/A;N/A;N/A;N/A;N/A;N/A;N/A;N/A;N/A;N/A;N/A;N/A;N/A;N/A;N/A;N/A;N/A;N/A;N/A;N/A;N/A;N/A;N/A;N/A;N/A;N/A;N/A;Sí;Sí;N/A;N/A;N/A;N/A;N/A;N/A;N/A;N/A;N/A;"Lunes a Viernes de 8:30 a 12:00 y de 14:30 a 19:00hs, Sabados de 9:00 a 12:00hs";5;2.5;Nafta;Manual;N/A;"Autos y camionetas";N/A;N/A;N/A;N/A;N/A;N/A;N/A;N/A;N/A;N/A;N/A;N/A;N/A;N/A;N/A;N/A;N/A;N/A;N/A;N/A;N/A;N/A;N/A;N/A;N/A;N/A;N/A;N/A;N/A;N/A;N/A;N/A;N/A;N/A;N/A;N/A;N/A;N/A;N/A;N/A;N/A;N/A;N/A;N/A;N/A;N/A;N/A;N/A;N/A;N/A;N/A;N/A;N/A;N/A;N/A;N/A;N/A;N/A;N/A;N/A;N/A;N/A;N/A;N/A;N/A;N/A;N/A;N/A;N/A;N/A;N/A;N/A;N/A;N/A;N/A;N/A;N/A;N/A;N/A;N/A;N/A;N/A;N/A;N/A;N/A;N/A;N/A;N/A;N/A;N/A;N/A;N/A;N/A;N/A;N/A;N/A;Sí;Sí;Sí;N/A;Sí;N/A;N/A;N/A;N/A;Sí;N/A;N/A;N/A;N/A;N/A;Sí;Sí;N/A;Sí;Sí;Sí;N/A;N/A;N/A;N/A;N/A
Nissan;Versa;"1.6 Advance";2023;"0 km";;"AUTOMOTORA MARMOLEJO";27490;;;;;Minas;https://auto.mercadolibre.com.uy/MLU-631892325-entrega-inmediata-new-versa-16-advance-manual-ano-2023-_JM;N/A;;"Entrega Inmediata, New Versa 1.6 Advance Manual, Año 2023";usd;Sí;gold;false;N/A;N/A;http://perfil.mercadolibre.com.uy/AUTOMOTORA+MARMOLEJO;active;N/A;N/A;Nuevo;Blanco;N/A;Hidráulica;Delantera;Sí;N/A;N/A;N/A;N/A;N/A;N/A;N/A;N/A;N/A;N/A;N/A;N/A;N/A;N/A;N/A;N/A;N/A;N/A;N/A;N/A;N/A;N/A;N/A;N/A;"2600 mm";"1.6 L";"41 L";5;N/A;N/A;N/A;N/A;N/A;N/A;N/A;N/A;N/A;N/A;N/A;N/A;N/A;N/A;N/A;N/A;N/A;N/A;N/A;N/A;N/A;N/A;N/A;N/A;N/A;N/A;N/A;N/A;N/A;N/A;N/A;N/A;N/A;Sí;Sí;N/A;N/A;N/A;N/A;N/A;N/A;N/A;N/A;N/A;N/A;"1506 mm";"4492 mm";N/A;N/A;N/A;N/A;5;"106 hp";Advance;N/A;4;"1695 mm";N/A;N/A;N/A;N/A;N/A;N/A;N/A;Sí;N/A;N/A;N/A;N/A;N/A;N/A;N/A;N/A;N/A;"Lunes a Viernes de 8:30 a 12:00hs y de 14:30 a 19:00hs.";4;1.6;Nafta;Manual;Sedán;"Autos y camionetas";N/A;N/A;N/A;N/A;N/A;N/A;UY;N/A;N/A;N/A;N/A;N/A;N/A;N/A;N/A;N/A;N/A;N/A;N/A;N/A;N/A;N/A;N/A;N/A;N/A;N/A;N/A;N/A;N/A;N/A;N/A;N/A;N/A;N/A;N/A;N/A;N/A;N/A;N/A;N/A;N/A;N/A;N/A;N/A;N/A;N/A;N/A;N/A;N/A;N/A;N/A;N/A;N/A;N/A;N/A;N/A;N/A;N/A;N/A;N/A;N/A;N/A;N/A;N/A;N/A;N/A;N/A;N/A;N/A;N/A;N/A;N/A;N/A;N/A;N/A;N/A;N/A;N/A;N/A;N/A;N/A;N/A;N/A;N/A;N/A;N/A;N/A;N/A;N/A;N/A;N/A;N/A;N/A;N/A;N/A;N/A;Sí;N/A;Sí;N/A;N/A;N/A;N/A;Sí;N/A;Sí;N/A;N/A;N/A;N/A;N/A;N/A;Sí;N/A;Sí;N/A;N/A;N/A;N/A;Sí;N/A;N/A
Nissan;Versa;"1.6 Advance";2023;"0 km";;"AUTOMOTORA MARMOLEJO";27490;;;;;Minas;https://auto.mercadolibre.com.uy/MLU-633154874-entrega-inmediata-new-versa-advance-manual-fase-ii-_JM;N/A;;"Entrega Inmediata, New Versa Advance Manual Fase Ii";usd;Sí;gold;false;N/A;N/A;http://perfil.mercadolibre.com.uy/AUTOMOTORA+MARMOLEJO;active;N/A;N/A;Nuevo;Blanco;N/A;Hidráulica;Delantera;Sí;N/A;N/A;N/A;N/A;N/A;N/A;N/A;N/A;N/A;N/A;Sí;Sí;N/A;N/A;N/A;N/A;N/A;N/A;N/A;N/A;N/A;N/A;N/A;N/A;"2600 mm";"1598 cc";"41 L";5;N/A;N/A;N/A;N/A;N/A;N/A;N/A;N/A;N/A;N/A;N/A;N/A;N/A;N/A;N/A;N/A;N/A;N/A;N/A;N/A;N/A;N/A;N/A;N/A;N/A;Sí;N/A;N/A;N/A;N/A;N/A;N/A;N/A;N/A;N/A;N/A;N/A;N/A;N/A;N/A;N/A;N/A;N/A;N/A;N/A;"1506 mm";"4492 mm";N/A;N/A;N/A;N/A;5;"106 hp";Advance;N/A;4;"1695 mm";N/A;N/A;N/A;N/A;N/A;N/A;N/A;Sí;N/A;N/A;N/A;N/A;N/A;N/A;N/A;N/A;N/A;N/A;4;1.6;Nafta;Manual;Sedán;"Autos y camionetas";N/A;N/A;N/A;N/A;N/A;N/A;UY;N/A;N/A;N/A;N/A;N/A;N/A;N/A;N/A;N/A;N/A;N/A;N/A;N/A;N/A;N/A;N/A;N/A;N/A;N/A;N/A;N/A;N/A;N/A;N/A;N/A;N/A;N/A;N/A;N/A;N/A;N/A;N/A;N/A;N/A;N/A;N/A;N/A;N/A;N/A;N/A;N/A;N/A;N/A;N/A;N/A;N/A;N/A;N/A;N/A;N/A;N/A;N/A;N/A;N/A;N/A;N/A;N/A;N/A;N/A;N/A;N/A;N/A;N/A;N/A;N/A;N/A;N/A;N/A;N/A;N/A;N/A;N/A;N/A;N/A;N/A;N/A;N/A;N/A;N/A;N/A;N/A;N/A;N/A;N/A;N/A;N/A;N/A;N/A;N/A;Sí;Sí;Sí;N/A;Sí;N/A;N/A;Sí;N/A;Sí;N/A;N/A;N/A;N/A;N/A;N/A;Sí;N/A;Sí;N/A;N/A;N/A;N/A;Sí;N/A;N/A
Nissan;Murano;"Platinium Xtronic";2015;"60800 km";;"FONTES CHEVROLET";56000;;;;;Pocitos;https://auto.mercadolibre.com.uy/MLU-659037272-nissan-murano-platinium-35-2015-impecable-fontes-maldonado-_JM;N/A;;"Nissan Murano Platinium 3.5 2015 Impecable!-fontes Maldonado";USD;Sí;gold;false;N/A;N/A;http://perfil.mercadolibre.com.uy/FONTES+CHEVROLET;active;N/A;N/A;Usado;Blanco;Sí;Hidráulica;4x4;No;Sí;Sí;Sí;Sí;No;Sí;Sí;Sí;Sí;Sí;Sí;No;No;Sí;N/A;N/A;N/A;N/A;N/A;N/A;N/A;N/A;N/A;N/A;N/A;"3500 cc";N/A;10;N/A;No;No;No;Sí;Sí;Sí;No;No;No;No;No;No;No;No;No;No;No;No;No;No;Sí;No;Sí;No;Sí;No;Sí;N/A;No;N/A;No;No;No;No;No;Sí;No;No;No;No;No;Sí;N/A;No;N/A;N/A;N/A;N/A;N/A;N/A;N/A;N/A;N/A;N/A;N/A;N/A;N/A;No;No;Sí;Sí;Sí;Sí;Sí;Sí;Sí;No;N/A;Sí;Sí;No;No;Sí;"Lun. a Vie. de 9 a 12:30 y de 14 a 18 hs. Sáb de 8 a 12 hs";5;3.5;Nafta;Automática;SUV;"Autos y camionetas";No;N/A;N/A;N/A;No;N/A;N/A;No;Sí;No;No;N/A;N/A;N/A;N/A;N/A;N/A;N/A;N/A;N/A;N/A;No;N/A;N/A;No;N/A;N/A;N/A;N/A;N/A;N/A;N/A;N/A;N/A;N/A;No;N/A;N/A;N/A;N/A;N/A;N/A;N/A;N/A;N/A;N/A;N/A;N/A;N/A;N/A;N/A;N/A;N/A;No;N/A;N/A;N/A;No;No;N/A;N/A;Sí;No;No;No;N/A;N/A;N/A;N/A;N/A;No;N/A;N/A;N/A;N/A;N/A;N/A;N/A;N/A;N/A;N/A;N/A;No;N/A;N/A;N/A;N/A;N/A;N/A;N/A;N/A;No;No;N/A;N/A;No;Sí;Sí;Sí;Sí;Sí;Sí;Sí;No;Sí;Sí;Sí;Sí;No;No;Sí;Sí;Sí;No;Sí;Sí;Sí;No;No;No;No;Sí
Nissan;Kicks;"ADVANCE AUTOMÁTICA SUV";2019;"89000 km";;VKSA2018;21800;;;;;Malvin;https://auto.mercadolibre.com.uy/MLU-634771163-nissan-kicks-advance-at-suv-16-2019-_JM;N/A;;"Nissan Kicks Advance At Suv 1.6 2019 ";usd;Sí;gold;false;N/A;N/A;http://perfil.mercadolibre.com.uy/VKSA2018;active;N/A;N/A;Usado;Bordó;N/A;Asistida;N/A;Sí;Sí;Sí;N/A;N/A;N/A;Sí;N/A;N/A;N/A;Sí;Sí;Sí;N/A;N/A;N/A;N/A;N/A;N/A;N/A;N/A;N/A;N/A;N/A;N/A;N/A;"1600 cc";N/A;N/A;N/A;N/A;N/A;N/A;N/A;N/A;N/A;N/A;N/A;N/A;N/A;N/A;N/A;N/A;N/A;N/A;N/A;N/A;N/A;N/A;N/A;N/A;N/A;Sí;N/A;Sí;N/A;Sí;N/A;N/A;N/A;N/A;N/A;N/A;N/A;N/A;Sí;N/A;N/A;N/A;N/A;N/A;Sí;N/A;N/A;N/A;N/A;N/A;N/A;N/A;N/A;N/A;N/A;Advance;N/A;N/A;N/A;N/A;N/A;N/A;N/A;Sí;N/A;Sí;Sí;Sí;N/A;N/A;N/A;N/A;N/A;N/A;N/A;Sí;"Lun. a Vie. de 10 a 17 hs. Sábados cerrado.";5;1.6;Nafta;Automática;SUV;"Autos y camionetas";No;N/A;N/A;N/A;No;N/A;UY;No;Sí;No;No;N/A;N/A;N/A;N/A;N/A;N/A;N/A;N/A;N/A;N/A;N/A;N/A;N/A;N/A;N/A;N/A;N/A;N/A;N/A;N/A;N/A;N/A;N/A;N/A;N/A;N/A;N/A;N/A;N/A;N/A;N/A;N/A;N/A;N/A;N/A;N/A;N/A;N/A;N/A;N/A;N/A;N/A;N/A;N/A;N/A;N/A;N/A;N/A;N/A;N/A;N/A;No;N/A;N/A;N/A;N/A;N/A;N/A;N/A;N/A;N/A;N/A;N/A;N/A;N/A;N/A;N/A;N/A;N/A;N/A;N/A;N/A;N/A;N/A;N/A;N/A;N/A;N/A;N/A;N/A;N/A;N/A;N/A;N/A;N/A;Sí;Sí;Sí;N/A;Sí;N/A;N/A;N/A;Sí;Sí;N/A;N/A;N/A;N/A;N/A;N/A;Sí;N/A;N/A;Sí;Sí;N/A;N/A;Sí;N/A;Sí
Nissan;"NP300 Frontier";"2.5 Le Tdsl 188hp D.cab. 4x4 Aut";2023;"0 km";;LAFORLTDAAUTOMOTORES;66488;;;;;Durazno;https://auto.mercadolibre.com.uy/MLU-656451848-new-nissan-frontier-2023-25-le-4x4-aut-_JM;N/A;;"New Nissan  Frontier 2023 2.5 Le  4x4 Aut";usd;Sí;gold;false;N/A;N/A;http://perfil.mercadolibre.com.uy/LAFORLTDAAUTOMOTORES;active;N/A;N/A;Nuevo;Gris;N/A;Hidráulica;4x4;Sí;Sí;N/A;N/A;N/A;Sí;N/A;N/A;Sí;N/A;N/A;Sí;Sí;N/A;N/A;N/A;N/A;N/A;N/A;N/A;N/A;N/A;N/A;N/A;N/A;"3150 mm";"2.5 L";"80 L";7;N/A;N/A;N/A;N/A;N/A;N/A;N/A;N/A;N/A;N/A;N/A;N/A;N/A;N/A;N/A;N/A;N/A;N/A;N/A;N/A;N/A;N/A;N/A;N/A;N/A;N/A;N/A;N/A;N/A;N/A;N/A;N/A;N/A;Sí;Sí;Sí;N/A;N/A;N/A;N/A;N/A;N/A;N/A;N/A;N/A;"1860 mm";"5258 mm";N/A;N/A;N/A;N/A;N/A;"188 hp";Le;N/A;4;"1850 mm";N/A;Sí;N/A;Sí;N/A;N/A;Sí;Sí;N/A;N/A;N/A;N/A;N/A;N/A;N/A;N/A;N/A;"CONSULTE. NO MOLESTA";2;2.5;Diésel;Automática;Pick-Up;"Autos y camionetas";N/A;N/A;N/A;N/A;N/A;N/A;UY;N/A;Sí;N/A;N/A;N/A;N/A;N/A;N/A;N/A;N/A;N/A;N/A;N/A;N/A;N/A;N/A;N/A;Sí;N/A;N/A;N/A;N/A;N/A;N/A;N/A;N/A;N/A;N/A;N/A;N/A;N/A;N/A;N/A;N/A;N/A;N/A;Sí;N/A;N/A;N/A;N/A;N/A;N/A;N/A;N/A;N/A;N/A;N/A;N/A;N/A;N/A;N/A;N/A;N/A;Sí;N/A;N/A;N/A;N/A;N/A;N/A;N/A;N/A;N/A;N/A;N/A;N/A;N/A;N/A;N/A;N/A;N/A;N/A;N/A;N/A;N/A;N/A;N/A;N/A;N/A;N/A;N/A;N/A;N/A;N/A;N/A;N/A;N/A;N/A;Sí;N/A;Sí;N/A;Sí;N/A;N/A;Sí;N/A;Sí;Sí;N/A;N/A;N/A;N/A;Sí;Sí;Sí;Sí;Sí;Sí;Sí;N/A;Sí;N/A;Sí
Nissan;Frontier;"SE NAFTA";2023;"0 km";;"AUTOMOTORA MARMOLEJO";32328;;;;;Minas;https://auto.mercadolibre.com.uy/MLU-651546916-entrega-inmediatanissan-frontier-se-nafta-ano-2023-_JM;N/A;;"Entrega Inmediata,nissan Frontier Se Nafta, Año 2023";USD;Sí;gold;false;N/A;N/A;http://perfil.mercadolibre.com.uy/AUTOMOTORA+MARMOLEJO;active;N/A;N/A;Nuevo;Blanco;N/A;Hidráulica;4x2;Sí;N/A;N/A;N/A;N/A;N/A;N/A;N/A;No;N/A;N/A;No;Sí;N/A;N/A;N/A;N/A;N/A;N/A;N/A;N/A;N/A;N/A;N/A;N/A;N/A;N/A;N/A;N/A;N/A;N/A;N/A;N/A;N/A;N/A;N/A;N/A;N/A;N/A;N/A;N/A;N/A;N/A;N/A;N/A;N/A;N/A;N/A;N/A;N/A;N/A;N/A;N/A;N/A;N/A;N/A;N/A;N/A;N/A;N/A;N/A;N/A;N/A;N/A;N/A;N/A;N/A;N/A;N/A;N/A;N/A;N/A;N/A;N/A;N/A;N/A;N/A;N/A;N/A;N/A;N/A;N/A;N/A;N/A;N/A;N/A;N/A;N/A;N/A;N/A;N/A;N/A;Sí;Sí;N/A;N/A;N/A;N/A;N/A;N/A;N/A;N/A;N/A;"Lunes a Viernes de 8:30 a 12:00hs y de 14:30 a 19:00hs, Sabados de 9:00 a 12:00hs.";5;2.5;Nafta;Manual;N/A;"Autos y camionetas";N/A;N/A;N/A;N/A;N/A;N/A;N/A;N/A;Sí;N/A;N/A;N/A;N/A;N/A;N/A;N/A;N/A;N/A;N/A;N/A;N/A;N/A;N/A;N/A;N/A;N/A;N/A;N/A;N/A;N/A;N/A;N/A;N/A;N/A;N/A;N/A;N/A;N/A;N/A;N/A;N/A;N/A;N/A;Sí;N/A;N/A;N/A;N/A;N/A;N/A;N/A;N/A;N/A;N/A;N/A;N/A;N/A;N/A;N/A;N/A;N/A;N/A;N/A;N/A;N/A;N/A;N/A;N/A;N/A;N/A;N/A;N/A;N/A;N/A;N/A;N/A;N/A;N/A;N/A;N/A;N/A;N/A;N/A;N/A;N/A;N/A;N/A;N/A;N/A;N/A;N/A;N/A;N/A;N/A;N/A;N/A;Sí;N/A;Sí;N/A;Sí;N/A;N/A;N/A;N/A;Sí;N/A;N/A;N/A;N/A;N/A;Sí;Sí;N/A;N/A;N/A;N/A;N/A;N/A;N/A;N/A;N/A
Nissan;March;"1.6 Drive Mt";2013;"106000 km";;"AUTOPLAZA FLORIDA-";9500;;;;;Florida;https://auto.mercadolibre.com.uy/MLU-660364782-nissan-march-2013-16-drive-mt-_JM;N/A;;"Nissan March 2013 1.6 Drive Mt";usd;Sí;gold;false;N/A;N/A;http://perfil.mercadolibre.com.uy/AUTOPLAZA+FLORIDA-;active;N/A;N/A;Usado;Rojo;N/A;Hidráulica;Delantera;Sí;Sí;N/A;N/A;N/A;N/A;N/A;N/A;N/A;N/A;N/A;N/A;N/A;N/A;N/A;N/A;N/A;N/A;N/A;N/A;N/A;N/A;N/A;N/A;N/A;"2450 mm";"1.6 L";"41 L";N/A;N/A;N/A;N/A;N/A;N/A;N/A;N/A;N/A;N/A;N/A;N/A;N/A;N/A;N/A;N/A;N/A;N/A;N/A;N/A;N/A;N/A;N/A;N/A;N/A;N/A;N/A;N/A;N/A;N/A;N/A;N/A;N/A;N/A;N/A;N/A;N/A;N/A;N/A;N/A;N/A;N/A;N/A;N/A;N/A;N/A;"1528 mm";"3780 mm";N/A;N/A;N/A;N/A;5;"109 hp";Drive;N/A;N/A;"1665 mm";N/A;N/A;N/A;N/A;Sí;N/A;Sí;N/A;N/A;N/A;N/A;N/A;N/A;N/A;N/A;N/A;Sí;N/A;5;1.6;Nafta;Manual;Hatchback;"Autos y camionetas";N/A;N/A;N/A;N/A;N/A;N/A;UY;N/A;Sí;N/A;Sí;N/A;N/A;N/A;N/A;N/A;N/A;N/A;N/A;N/A;N/A;N/A;N/A;N/A;Sí;N/A;N/A;N/A;N/A;N/A;N/A;N/A;N/A;N/A;N/A;N/A;N/A;N/A;N/A;N/A;N/A;N/A;N/A;N/A;N/A;N/A;N/A;N/A;N/A;N/A;N/A;N/A;N/A;N/A;N/A;N/A;N/A;N/A;N/A;N/A;N/A;N/A;N/A;N/A;N/A;N/A;N/A;N/A;N/A;N/A;N/A;N/A;N/A;N/A;N/A;N/A;N/A;N/A;N/A;N/A;N/A;N/A;N/A;N/A;N/A;N/A;N/A;N/A;N/A;N/A;N/A;N/A;N/A;N/A;N/A;N/A;N/A;N/A;N/A;N/A;N/A;N/A;N/A;N/A;N/A;N/A;N/A;N/A;N/A;N/A;N/A;N/A;N/A;Sí;Sí;N/A;Sí;N/A;N/A;Sí;N/A;Sí
Nissan;"NP300 Frontier";"2.5 Le Tdsl 188hp D.cab. 4x4 Aut";2020;"159000 km";;"SEMINUEVOS EUROPCAR";38900;;;;;"Aeropuerto Internacional De Carrasco";https://auto.mercadolibre.com.uy/MLU-664124244-nissan-np300-frontier-2020-25-le-tdsl-188hp-dcab-4x4-aut-_JM;N/A;;"Nissan Np300 Frontier 2020 2.5 Le Tdsl 188hp D.cab. 4x4 Aut";usd;Sí;gold;false;N/A;N/A;http://perfil.mercadolibre.com.uy/SEMINUEVOS+EUROPCAR;active;N/A;N/A;Usado;Azul;N/A;Hidráulica;4x4;Sí;N/A;N/A;N/A;N/A;N/A;N/A;N/A;Sí;N/A;N/A;N/A;N/A;N/A;N/A;N/A;N/A;N/A;N/A;N/A;N/A;N/A;N/A;N/A;N/A;"3150 mm";"2.5 L";"80 L";7;N/A;N/A;N/A;N/A;N/A;N/A;N/A;N/A;N/A;N/A;N/A;N/A;N/A;N/A;N/A;N/A;N/A;N/A;N/A;N/A;N/A;N/A;N/A;N/A;N/A;N/A;N/A;N/A;N/A;N/A;N/A;N/A;N/A;Sí;Sí;Sí;N/A;N/A;N/A;N/A;N/A;N/A;N/A;N/A;N/A;"1860 mm";"5258 mm";N/A;N/A;N/A;N/A;N/A;"188 hp";Le;N/A;4;"1850 mm";N/A;N/A;N/A;N/A;N/A;N/A;N/A;N/A;N/A;N/A;N/A;N/A;N/A;N/A;N/A;N/A;N/A;N/A;2;2.5;Diésel;Automática;Pick-Up;"Autos y camionetas";N/A;N/A;N/A;N/A;N/A;N/A;UY;N/A;N/A;N/A;N/A;N/A;N/A;N/A;N/A;N/A;N/A;N/A;N/A;N/A;N/A;N/A;N/A;N/A;N/A;N/A;N/A;N/A;N/A;N/A;N/A;N/A;N/A;N/A;N/A;N/A;N/A;N/A;N/A;N/A;N/A;N/A;N/A;N/A;N/A;N/A;N/A;N/A;N/A;N/A;N/A;N/A;N/A;N/A;N/A;N/A;N/A;N/A;N/A;N/A;N/A;N/A;N/A;N/A;N/A;N/A;N/A;N/A;N/A;N/A;N/A;N/A;N/A;N/A;N/A;N/A;N/A;N/A;N/A;N/A;N/A;N/A;N/A;N/A;N/A;N/A;N/A;N/A;N/A;N/A;N/A;N/A;N/A;N/A;N/A;N/A;Sí;N/A;Sí;N/A;N/A;N/A;N/A;Sí;N/A;Sí;N/A;N/A;N/A;N/A;N/A;Sí;Sí;N/A;Sí;N/A;N/A;N/A;N/A;Sí;N/A;Sí
Nissan;Juke;-;2013;"137000 km";;DEFRANCOMOTORS;19900;;;;;Shangrilá;https://auto.mercadolibre.com.uy/MLU-665462466-nissan-juke-16-turbo-divina-defranco-motors-_JM;N/A;;"Nissan Juke 1.6 Turbo- Divina! - Defranco Motors";USD;Sí;gold;false;N/A;N/A;http://perfil.mercadolibre.com.uy/DEFRANCOMOTORS;active;N/A;N/A;Usado;Marrón;N/A;Asistida;N/A;N/A;N/A;N/A;N/A;N/A;N/A;N/A;N/A;N/A;N/A;N/A;N/A;N/A;N/A;N/A;N/A;N/A;N/A;N/A;N/A;N/A;N/A;N/A;N/A;N/A;N/A;"16000 cc";N/A;6;N/A;N/A;N/A;N/A;N/A;N/A;N/A;N/A;N/A;N/A;N/A;N/A;N/A;N/A;N/A;N/A;N/A;N/A;N/A;N/A;N/A;N/A;N/A;N/A;N/A;N/A;N/A;N/A;N/A;N/A;N/A;N/A;N/A;N/A;N/A;N/A;N/A;N/A;N/A;N/A;N/A;N/A;N/A;N/A;N/A;N/A;N/A;N/A;N/A;N/A;N/A;N/A;N/A;N/A;N/A;N/A;N/A;"12 km/l";N/A;N/A;N/A;N/A;N/A;N/A;N/A;N/A;N/A;N/A;"14 km/l";N/A;N/A;N/A;N/A;N/A;"Lun. a Vie. 9:30 a 13 y 14 a 18:30 hs. Sáb 9:30 a 13 hs";5;16.0;Nafta;Manual;SUV;"Autos y camionetas";Sí;N/A;N/A;N/A;Sí;N/A;N/A;No;Sí;Sí;Sí;N/A;N/A;N/A;N/A;N/A;N/A;N/A;N/A;N/A;N/A;N/A;N/A;N/A;N/A;N/A;N/A;N/A;N/A;N/A;N/A;N/A;N/A;N/A;N/A;N/A;N/A;N/A;N/A;N/A;N/A;N/A;N/A;N/A;N/A;N/A;N/A;N/A;N/A;N/A;N/A;N/A;N/A;N/A;N/A;N/A;N/A;N/A;N/A;N/A;N/A;N/A;No;N/A;N/A;N/A;N/A;N/A;N/A;N/A;N/A;N/A;N/A;N/A;N/A;N/A;N/A;N/A;N/A;N/A;N/A;N/A;N/A;N/A;N/A;N/A;N/A;N/A;N/A;N/A;N/A;N/A;N/A;N/A;N/A;N/A;N/A;N/A;N/A;N/A;N/A;N/A;N/A;N/A;N/A;N/A;N/A;N/A;N/A;N/A;N/A;N/A;N/A;N/A;N/A;N/A;N/A;N/A;N/A;N/A;N/A;N/A
Nissan;Frontier;Xe;2022;"0 km";;"OSCARPISANO RENAULT-NISSAN";48188;;;;;Sayago;https://auto.mercadolibre.com.uy/MLU-635173907-nissan-frontier-xe-25-2022-0km-_JM;N/A;;"Nissan Frontier Xe 2.5 2022 0km";USD;Sí;gold;false;N/A;N/A;http://perfil.mercadolibre.com.uy/OSCARPISANO+RENAULT-NISSAN;active;N/A;N/A;Nuevo;Blanco;N/A;Eléctrica;N/A;No;Sí;Sí;No;No;No;Sí;Sí;No;No;Sí;Sí;Sí;No;No;N/A;N/A;N/A;N/A;N/A;N/A;N/A;N/A;N/A;N/A;N/A;"2500 cc";N/A;6;N/A;No;Sí;Sí;Sí;No;Sí;No;No;No;No;No;No;No;No;No;No;No;No;No;No;No;No;Sí;No;Sí;No;No;N/A;No;N/A;No;No;No;No;No;No;No;No;No;No;No;No;N/A;No;N/A;N/A;N/A;N/A;N/A;N/A;N/A;"188 hp";Xe;N/A;N/A;N/A;"10 km/l";No;No;Sí;Sí;Sí;Sí;Sí;No;No;No;"12 km/l";No;No;No;Sí;No;"Lun. a Sáb. de 9:30 a 18:30 hs. Dom. de 9:30 a 13 hs";4;2.5;Diésel;Manual;Pick-Up;"Autos y camionetas";No;N/A;N/A;N/A;No;N/A;N/A;No;Sí;No;No;N/A;N/A;N/A;N/A;N/A;N/A;N/A;N/A;N/A;N/A;No;N/A;N/A;No;N/A;N/A;N/A;N/A;N/A;N/A;N/A;N/A;N/A;N/A;No;N/A;N/A;N/A;N/A;N/A;N/A;N/A;Sí;N/A;N/A;N/A;N/A;N/A;N/A;N/A;N/A;N/A;No;N/A;N/A;N/A;No;No;N/A;N/A;N/A;No;No;No;N/A;N/A;N/A;N/A;N/A;No;N/A;N/A;N/A;N/A;N/A;N/A;N/A;N/A;N/A;N/A;N/A;No;N/A;N/A;N/A;N/A;N/A;N/A;N/A;N/A;No;No;N/A;N/A;No;Sí;No;Sí;Sí;Sí;Sí;Sí;No;Sí;Sí;No;Sí;No;No;Sí;Sí;No;No;Sí;No;Sí;No;No;Sí;No;Sí
Nissan;"NP300 Frontier";"2.5 Se Tdsl 188hp D.cab. 4x4";2020;"137892 km";;AUTOMOVILESAUTOPARQUE202209021;28890;;;;;"Parque del Plata";https://auto.mercadolibre.com.uy/MLU-666226234-nissan-np300-frontier-4x4-_JM;N/A;;"Nissan Np300 Frontier 4x4";usd;Sí;gold;false;N/A;N/A;http://perfil.mercadolibre.com.uy/AUTOMOVILESAUTOPARQUE202209021;active;N/A;N/A;Usado;Gris;N/A;Hidráulica;4x4;Sí;N/A;N/A;N/A;N/A;N/A;N/A;N/A;Sí;N/A;N/A;N/A;N/A;N/A;N/A;N/A;N/A;N/A;N/A;N/A;N/A;N/A;N/A;N/A;N/A;"3150 mm";"2.5 L";"80 L";7;N/A;N/A;N/A;N/A;N/A;N/A;N/A;N/A;N/A;N/A;N/A;N/A;N/A;N/A;N/A;N/A;N/A;N/A;N/A;N/A;N/A;N/A;N/A;N/A;N/A;N/A;N/A;N/A;N/A;N/A;N/A;N/A;N/A;Sí;Sí;Sí;N/A;N/A;N/A;N/A;N/A;N/A;N/A;N/A;N/A;"1860 mm";"5258 mm";N/A;N/A;N/A;N/A;N/A;"188 hp";Se;N/A;4;"1850 mm";N/A;N/A;N/A;N/A;N/A;N/A;N/A;N/A;N/A;N/A;N/A;N/A;N/A;N/A;N/A;N/A;N/A;N/A;2;2.5;Diésel;Manual;Pick-Up;"Autos y camionetas";N/A;N/A;N/A;N/A;N/A;N/A;UY;N/A;N/A;N/A;N/A;N/A;N/A;N/A;N/A;N/A;N/A;N/A;N/A;N/A;N/A;N/A;N/A;N/A;N/A;N/A;N/A;N/A;N/A;N/A;N/A;N/A;N/A;N/A;N/A;N/A;N/A;N/A;N/A;N/A;N/A;N/A;N/A;N/A;N/A;N/A;N/A;N/A;N/A;N/A;N/A;N/A;N/A;N/A;N/A;N/A;N/A;N/A;N/A;N/A;N/A;N/A;N/A;N/A;N/A;N/A;N/A;N/A;N/A;N/A;N/A;N/A;N/A;N/A;N/A;N/A;N/A;N/A;N/A;N/A;N/A;N/A;N/A;N/A;N/A;N/A;N/A;N/A;N/A;N/A;N/A;N/A;N/A;N/A;N/A;N/A;Sí;N/A;Sí;N/A;N/A;N/A;N/A;Sí;N/A;Sí;N/A;N/A;N/A;N/A;N/A;Sí;Sí;N/A;Sí;N/A;N/A;N/A;N/A;Sí;N/A;Sí
Nissan;X-Trail;"2.5 Exclusive 2 Row Cvt";2018;"59000 km";;"LUISMOREIRA AUTOMOVILES";35900;;;;;"San José de Mayo";https://auto.mercadolibre.com.uy/MLU-665914566-nissan-x-trail-2018-25-exclusive-7-pasajeros--_JM;N/A;;"Nissan X-trail 2018 2.5 Exclusive 7 Pasajeros .";usd;Sí;gold;false;N/A;N/A;http://perfil.mercadolibre.com.uy/LUISMOREIRA+AUTOMOVILES;active;N/A;N/A;Usado;Rojo;Sí;Hidráulica;4x4;Sí;Sí;N/A;N/A;N/A;N/A;N/A;N/A;Sí;N/A;N/A;Sí;Sí;N/A;Sí;N/A;N/A;N/A;N/A;N/A;N/A;N/A;N/A;N/A;N/A;"2705 mm";"2.5 L";"60 L";N/A;N/A;N/A;N/A;N/A;N/A;N/A;N/A;N/A;N/A;N/A;N/A;N/A;N/A;N/A;N/A;N/A;N/A;N/A;N/A;N/A;N/A;N/A;N/A;N/A;N/A;N/A;N/A;N/A;N/A;N/A;N/A;N/A;N/A;Sí;Sí;Sí;N/A;Sí;N/A;N/A;N/A;N/A;N/A;N/A;N/A;"1740 mm";"4690 mm";N/A;N/A;N/A;N/A;5;"170 hp";Exclusive;N/A;4;"1820 mm";N/A;N/A;N/A;Sí;N/A;N/A;Sí;Sí;N/A;Sí;N/A;N/A;N/A;N/A;N/A;N/A;Sí;"9 -12 / 14 a 18:30";5;2.5;Nafta;Automática;SUV;"Autos y camionetas";N/A;N/A;N/A;N/A;N/A;N/A;UY;N/A;N/A;N/A;N/A;N/A;N/A;N/A;N/A;N/A;N/A;N/A;N/A;N/A;N/A;N/A;N/A;N/A;Sí;N/A;N/A;N/A;N/A;N/A;N/A;N/A;N/A;N/A;N/A;N/A;N/A;N/A;N/A;N/A;N/A;N/A;N/A;N/A;N/A;N/A;N/A;N/A;N/A;N/A;N/A;N/A;N/A;N/A;N/A;N/A;N/A;N/A;N/A;N/A;N/A;N/A;N/A;N/A;N/A;N/A;N/A;N/A;N/A;N/A;N/A;N/A;N/A;N/A;N/A;N/A;N/A;N/A;N/A;N/A;N/A;N/A;N/A;N/A;N/A;N/A;N/A;N/A;N/A;N/A;N/A;N/A;N/A;N/A;N/A;N/A;Sí;N/A;Sí;N/A;N/A;N/A;N/A;Sí;N/A;Sí;Sí;N/A;Sí;N/A;N/A;Sí;Sí;Sí;Sí;N/A;Sí;N/A;N/A;Sí;N/A;Sí
Nissan;X-Trail;"4x4 Super Full";2004;"400000 km";;ABUDYCIA;15900;;;;;Unión;https://auto.mercadolibre.com.uy/MLU-665330072-nissan-x-trail-4x4-super-full-22-2004-muy-buen-estado-_JM;N/A;;"Nissan X-trail 4x4 Super Full 2.2 2004 Muy Buen Estado!";USD;No;gold;false;N/A;N/A;http://perfil.mercadolibre.com.uy/ABUDYCIA;active;N/A;N/A;Usado;Plateado;N/A;Hidráulica;N/A;Sí;Sí;Sí;N/A;Sí;N/A;Sí;Sí;N/A;N/A;Sí;Sí;Sí;N/A;N/A;N/A;N/A;N/A;N/A;N/A;N/A;N/A;N/A;N/A;N/A;N/A;"2200 cc";N/A;6;N/A;N/A;N/A;N/A;N/A;N/A;N/A;N/A;N/A;N/A;N/A;N/A;N/A;N/A;N/A;N/A;N/A;N/A;N/A;N/A;N/A;N/A;N/A;Sí;N/A;N/A;N/A;N/A;N/A;Sí;N/A;N/A;N/A;N/A;N/A;N/A;N/A;N/A;N/A;N/A;N/A;N/A;Sí;N/A;N/A;N/A;N/A;N/A;N/A;N/A;N/A;N/A;"136 hp";N/A;N/A;N/A;N/A;N/A;N/A;N/A;Sí;Sí;N/A;Sí;Sí;Sí;Sí;N/A;N/A;N/A;N/A;N/A;N/A;Sí;"Lun. a Vie. de 9 a 18 hs. Sáb. de 10 a 13 hs.";5;2.2;Diésel;Manual;SUV;"Autos y camionetas";No;N/A;N/A;N/A;No;N/A;N/A;No;Sí;No;No;N/A;N/A;N/A;N/A;N/A;N/A;N/A;N/A;N/A;N/A;N/A;N/A;N/A;N/A;N/A;N/A;N/A;N/A;N/A;N/A;N/A;N/A;N/A;N/A;N/A;N/A;N/A;N/A;N/A;N/A;N/A;N/A;N/A;N/A;N/A;N/A;N/A;N/A;N/A;N/A;N/A;N/A;N/A;N/A;N/A;N/A;N/A;N/A;N/A;N/A;N/A;No;N/A;N/A;N/A;N/A;N/A;N/A;N/A;N/A;N/A;N/A;N/A;N/A;N/A;N/A;N/A;N/A;N/A;N/A;N/A;N/A;N/A;N/A;N/A;N/A;N/A;N/A;N/A;N/A;N/A;N/A;N/A;N/A;N/A;Sí;Sí;Sí;N/A;Sí;Sí;Sí;N/A;Sí;Sí;N/A;Sí;N/A;N/A;N/A;N/A;N/A;N/A;Sí;N/A;Sí;N/A;N/A;Sí;N/A;Sí
Nissan;March;"1.6 Active Cargo Aire Ac Mt";2017;"98485 km";;AUTOMOVILESAUTOPARQUE202209021;10490;;;;;"Parque del Plata";https://auto.mercadolibre.com.uy/MLU-664942146-nissan-march-16-_JM;N/A;;"Nissan March 1.6";usd;Sí;gold;false;N/A;N/A;http://perfil.mercadolibre.com.uy/AUTOMOVILESAUTOPARQUE202209021;active;N/A;N/A;Usado;Gris;N/A;Hidráulica;Delantera;Sí;N/A;N/A;N/A;N/A;N/A;N/A;N/A;N/A;N/A;N/A;N/A;N/A;N/A;N/A;N/A;N/A;N/A;N/A;N/A;N/A;N/A;N/A;N/A;N/A;"2450 mm";"1.6 L";"41 L";5;N/A;N/A;N/A;N/A;N/A;N/A;N/A;N/A;N/A;N/A;N/A;N/A;N/A;N/A;N/A;N/A;N/A;N/A;N/A;N/A;N/A;N/A;N/A;N/A;N/A;N/A;N/A;N/A;N/A;N/A;N/A;N/A;N/A;N/A;N/A;N/A;N/A;N/A;N/A;N/A;N/A;N/A;N/A;N/A;N/A;"1532 mm";"3827 mm";N/A;N/A;N/A;N/A;5;"106 hp";Active;N/A;4;"1665 mm";N/A;N/A;N/A;N/A;N/A;N/A;N/A;Sí;N/A;N/A;N/A;N/A;N/A;N/A;N/A;N/A;N/A;N/A;5;1.6;Nafta;Manual;Hatchback;"Autos y camionetas";N/A;N/A;N/A;N/A;N/A;N/A;UY;N/A;N/A;N/A;N/A;N/A;N/A;N/A;N/A;N/A;N/A;N/A;N/A;N/A;N/A;N/A;N/A;N/A;N/A;N/A;N/A;N/A;N/A;N/A;N/A;N/A;N/A;N/A;N/A;N/A;N/A;N/A;N/A;N/A;N/A;N/A;N/A;N/A;N/A;N/A;N/A;N/A;N/A;N/A;N/A;N/A;N/A;N/A;N/A;N/A;N/A;N/A;N/A;N/A;N/A;N/A;N/A;N/A;N/A;N/A;N/A;N/A;N/A;N/A;N/A;N/A;N/A;N/A;N/A;N/A;N/A;N/A;N/A;N/A;N/A;N/A;N/A;N/A;N/A;N/A;N/A;N/A;N/A;N/A;N/A;N/A;N/A;N/A;N/A;N/A;Sí;N/A;N/A;N/A;N/A;N/A;N/A;N/A;N/A;N/A;N/A;N/A;N/A;N/A;N/A;N/A;N/A;N/A;Sí;N/A;N/A;N/A;N/A;Sí;N/A;N/A
Nissan;Sentra;"1.8 Exclusive At Cvt";2017;"50000 km";;GRONE_UY_DRU;23000;;;;;"San José de Carrasco";https://auto.mercadolibre.com.uy/MLU-666169082-nissan-sentra-exclusive-_JM;N/A;;"Nissan Sentra Exclusive";usd;Sí;gold;false;N/A;N/A;http://perfil.mercadolibre.com.uy/GRONE_UY_DRU;active;N/A;N/A;Usado;Blanco;Sí;Hidráulica;Delantera;N/A;Sí;N/A;N/A;N/A;N/A;N/A;N/A;Sí;N/A;N/A;N/A;Sí;N/A;Sí;N/A;N/A;N/A;N/A;N/A;N/A;N/A;N/A;N/A;N/A;"2700 mm";"1.8 L";"52 L";N/A;N/A;N/A;N/A;N/A;N/A;N/A;N/A;N/A;N/A;N/A;N/A;N/A;N/A;N/A;N/A;N/A;N/A;N/A;N/A;N/A;N/A;N/A;N/A;N/A;N/A;N/A;N/A;N/A;N/A;N/A;N/A;N/A;N/A;Sí;Sí;N/A;N/A;Sí;N/A;N/A;N/A;N/A;N/A;N/A;N/A;"1509 mm";"4636 mm";N/A;N/A;N/A;N/A;5;"129 hp";Exclusive;N/A;4;"1761 mm";N/A;N/A;N/A;Sí;Sí;N/A;Sí;Sí;N/A;Sí;N/A;N/A;N/A;N/A;N/A;N/A;N/A;N/A;4;1.8;Nafta;Automática;Sedán;"Autos y camionetas";N/A;N/A;N/A;N/A;N/A;N/A;UY;N/A;No;N/A;N/A;N/A;N/A;N/A;N/A;N/A;N/A;N/A;N/A;N/A;N/A;N/A;N/A;N/A;Sí;N/A;N/A;N/A;N/A;N/A;N/A;N/A;N/A;N/A;N/A;N/A;N/A;N/A;N/A;N/A;N/A;N/A;N/A;N/A;N/A;N/A;N/A;N/A;N/A;N/A;N/A;N/A;N/A;N/A;N/A;N/A;N/A;N/A;N/A;N/A;N/A;N/A;N/A;N/A;N/A;N/A;N/A;N/A;N/A;N/A;N/A;N/A;N/A;N/A;N/A;N/A;N/A;N/A;N/A;N/A;N/A;N/A;N/A;N/A;N/A;N/A;N/A;N/A;N/A;N/A;N/A;N/A;N/A;N/A;N/A;N/A;Sí;N/A;Sí;N/A;Sí;N/A;N/A;Sí;N/A;Sí;N/A;N/A;Sí;N/A;N/A;Sí;Sí;Sí;Sí;Sí;Sí;Sí;N/A;Sí;N/A;Sí
Nissan;"NP300 Frontier";"2.5 S 161 Hp Doble Cabina";2018;"162280 km";;GHMAUTOMOVILES;30800;;;;;Florida;https://auto.mercadolibre.com.uy/MLU-664697716-nissan-frontier-s-25-diesel-4x2-_JM;N/A;;"Nissan Frontier S 2.5 Diesel 4x2";usd;Sí;gold;false;N/A;N/A;http://perfil.mercadolibre.com.uy/GHMAUTOMOVILES;active;N/A;N/A;Usado;Blanco;N/A;Hidráulica;4x2;Sí;N/A;N/A;N/A;N/A;N/A;N/A;N/A;N/A;N/A;N/A;N/A;N/A;N/A;N/A;N/A;N/A;N/A;N/A;N/A;N/A;N/A;N/A;N/A;N/A;"3150 mm";"2.5 L";"80 L";6;N/A;N/A;N/A;N/A;N/A;N/A;N/A;N/A;N/A;N/A;N/A;N/A;N/A;N/A;N/A;N/A;N/A;N/A;N/A;N/A;N/A;N/A;N/A;N/A;N/A;N/A;N/A;N/A;N/A;N/A;N/A;N/A;N/A;Sí;Sí;N/A;N/A;N/A;N/A;N/A;N/A;N/A;N/A;N/A;N/A;"1860 mm";"5258 mm";N/A;N/A;N/A;N/A;N/A;"161 hp";S;N/A;4;"1850 mm";N/A;N/A;N/A;N/A;N/A;N/A;N/A;N/A;N/A;N/A;N/A;N/A;N/A;N/A;N/A;N/A;N/A;N/A;4;2.5;Diésel;Manual;Pick-Up;"Autos y camionetas";N/A;N/A;N/A;N/A;N/A;N/A;UY;N/A;N/A;N/A;N/A;N/A;N/A;N/A;N/A;N/A;N/A;N/A;N/A;N/A;N/A;N/A;N/A;N/A;N/A;N/A;N/A;N/A;N/A;N/A;N/A;N/A;N/A;N/A;N/A;N/A;N/A;N/A;N/A;N/A;N/A;N/A;N/A;N/A;N/A;N/A;N/A;N/A;N/A;N/A;N/A;N/A;N/A;N/A;N/A;N/A;N/A;N/A;N/A;N/A;N/A;N/A;N/A;N/A;N/A;N/A;N/A;N/A;N/A;N/A;N/A;N/A;N/A;N/A;N/A;N/A;N/A;N/A;N/A;N/A;N/A;N/A;N/A;N/A;N/A;N/A;N/A;N/A;N/A;N/A;N/A;N/A;N/A;N/A;N/A;N/A;Sí;N/A;N/A;N/A;N/A;N/A;N/A;N/A;N/A;Sí;N/A;N/A;N/A;N/A;N/A;N/A;N/A;N/A;Sí;N/A;N/A;N/A;N/A;N/A;N/A;N/A
Nissan;Sentra;Exclusive;2023;"0 km";;WAVEAUTOMOTORES;36990;;;;;Paysandú;https://auto.mercadolibre.com.uy/MLU-646728734-nissan-sentra-b18-exclusive-_JM;N/A;;"Nissan Sentra B18 Exclusive";USD;Sí;gold;false;N/A;N/A;http://perfil.mercadolibre.com.uy/WAVEAUTOMOTORES;active;N/A;N/A;Nuevo;Gris;N/A;N/A;N/A;N/A;N/A;N/A;N/A;N/A;N/A;N/A;N/A;N/A;N/A;N/A;N/A;N/A;N/A;N/A;N/A;N/A;N/A;N/A;N/A;N/A;N/A;N/A;N/A;N/A;N/A;N/A;N/A;N/A;N/A;N/A;N/A;N/A;N/A;N/A;N/A;N/A;N/A;N/A;N/A;N/A;N/A;N/A;N/A;N/A;N/A;N/A;N/A;N/A;N/A;N/A;N/A;N/A;N/A;N/A;N/A;N/A;N/A;N/A;N/A;N/A;N/A;N/A;N/A;N/A;N/A;N/A;N/A;N/A;N/A;N/A;N/A;N/A;N/A;N/A;N/A;N/A;N/A;N/A;N/A;N/A;N/A;N/A;N/A;N/A;N/A;N/A;N/A;N/A;N/A;N/A;N/A;N/A;N/A;N/A;N/A;N/A;N/A;N/A;N/A;N/A;N/A;N/A;N/A;4;N/A;Nafta;N/A;N/A;"Autos y camionetas";N/A;N/A;N/A;N/A;N/A;N/A;N/A;N/A;N/A;N/A;N/A;N/A;N/A;N/A;N/A;N/A;N/A;N/A;N/A;N/A;N/A;N/A;N/A;N/A;N/A;N/A;N/A;N/A;N/A;N/A;N/A;N/A;N/A;N/A;N/A;N/A;N/A;N/A;N/A;N/A;N/A;N/A;N/A;N/A;N/A;N/A;N/A;N/A;N/A;N/A;N/A;N/A;N/A;N/A;N/A;N/A;N/A;N/A;N/A;N/A;N/A;N/A;N/A;N/A;N/A;N/A;N/A;N/A;N/A;N/A;N/A;N/A;N/A;N/A;N/A;N/A;N/A;N/A;N/A;N/A;N/A;N/A;N/A;N/A;N/A;N/A;N/A;N/A;N/A;N/A;N/A;N/A;N/A;N/A;N/A;N/A;N/A;N/A;N/A;N/A;N/A;N/A;N/A;N/A;N/A;N/A;N/A;N/A;N/A;N/A;N/A;N/A;N/A;N/A;N/A;N/A;N/A;N/A;N/A;N/A;N/A;N/A
Nissan;Kicks;"1.6 Exclusive At";2019;"72500 km";;GER_MONZON2010;22750;;;;;Prado;https://auto.mercadolibre.com.uy/MLU-664964906-nissan-kicks-2019-16-exclusive-at-_JM;N/A;;"Nissan Kicks 2019 1.6 Exclusive At";usd;Sí;gold;false;N/A;N/A;http://perfil.mercadolibre.com.uy/GER_MONZON2010;active;N/A;N/A;Usado;N/A;N/A;Hidráulica;Delantera;Sí;N/A;N/A;N/A;N/A;N/A;N/A;N/A;Sí;N/A;N/A;N/A;N/A;N/A;N/A;N/A;N/A;N/A;N/A;N/A;N/A;N/A;N/A;N/A;N/A;"2620 mm";"1.6 L";"50 L";N/A;N/A;N/A;N/A;N/A;N/A;N/A;N/A;N/A;N/A;N/A;N/A;N/A;N/A;N/A;N/A;N/A;N/A;N/A;N/A;N/A;N/A;N/A;N/A;N/A;N/A;N/A;N/A;N/A;N/A;N/A;N/A;N/A;N/A;Sí;Sí;N/A;N/A;Sí;N/A;N/A;N/A;N/A;N/A;N/A;N/A;"1590 mm";"4295 mm";N/A;N/A;N/A;N/A;5;"118 hp";Exclusive;N/A;4;"1760 mm";N/A;N/A;N/A;N/A;N/A;N/A;N/A;N/A;N/A;N/A;N/A;N/A;N/A;N/A;N/A;N/A;N/A;N/A;5;1.6;Nafta;Automática;SUV;"Autos y camionetas";N/A;N/A;N/A;N/A;N/A;N/A;UY;N/A;N/A;N/A;N/A;N/A;N/A;N/A;N/A;N/A;N/A;N/A;N/A;N/A;N/A;N/A;N/A;N/A;N/A;N/A;N/A;N/A;N/A;N/A;N/A;N/A;N/A;N/A;N/A;N/A;N/A;N/A;N/A;N/A;N/A;N/A;N/A;N/A;N/A;N/A;N/A;N/A;N/A;N/A;N/A;N/A;N/A;N/A;N/A;N/A;N/A;N/A;N/A;N/A;N/A;N/A;N/A;N/A;N/A;N/A;N/A;N/A;N/A;N/A;N/A;N/A;N/A;N/A;N/A;N/A;N/A;N/A;N/A;N/A;N/A;N/A;N/A;N/A;N/A;N/A;N/A;N/A;N/A;N/A;N/A;N/A;N/A;N/A;N/A;N/A;Sí;N/A;Sí;N/A;N/A;N/A;N/A;N/A;N/A;Sí;N/A;N/A;N/A;N/A;N/A;Sí;Sí;N/A;Sí;N/A;N/A;N/A;N/A;Sí;N/A;Sí
Nissan;"NP300 Frontier";"2.5 Se Tdsl 188hp D.cab. 4x4";2022;"115000 km";;"G.ARISPE AUTOMOTORES";38900;;;;;Prado;https://auto.mercadolibre.com.uy/MLU-662871788-nissan-np300-frontier-2022-25-se-tdsl-188hp-dcab-4x4-_JM;N/A;;"Nissan Np300 Frontier 2022 2.5 Se Tdsl 188hp D.cab. 4x4";usd;Sí;gold;false;N/A;N/A;http://perfil.mercadolibre.com.uy/G.ARISPE+AUTOMOTORES;active;N/A;N/A;Usado;N/A;N/A;Hidráulica;4x4;Sí;N/A;N/A;N/A;N/A;N/A;N/A;N/A;Sí;N/A;N/A;N/A;N/A;N/A;N/A;N/A;N/A;N/A;N/A;N/A;N/A;N/A;N/A;N/A;N/A;"3150 mm";"2.5 L";"80 L";7;N/A;N/A;N/A;N/A;N/A;N/A;N/A;N/A;N/A;N/A;N/A;N/A;N/A;N/A;N/A;N/A;N/A;N/A;N/A;N/A;N/A;N/A;N/A;N/A;N/A;N/A;N/A;N/A;N/A;N/A;N/A;N/A;N/A;Sí;Sí;Sí;N/A;N/A;N/A;N/A;N/A;N/A;N/A;N/A;N/A;"1860 mm";"5258 mm";N/A;N/A;N/A;N/A;N/A;"188 hp";Se;N/A;4;"1850 mm";N/A;N/A;N/A;N/A;N/A;N/A;N/A;N/A;N/A;N/A;N/A;N/A;N/A;N/A;N/A;N/A;N/A;N/A;2;2.5;Diésel;Manual;Pick-Up;"Autos y camionetas";N/A;N/A;N/A;N/A;N/A;N/A;UY;N/A;N/A;N/A;N/A;N/A;N/A;N/A;N/A;N/A;N/A;N/A;N/A;N/A;N/A;N/A;N/A;N/A;N/A;N/A;N/A;N/A;N/A;N/A;N/A;N/A;N/A;N/A;N/A;N/A;N/A;N/A;N/A;N/A;N/A;N/A;N/A;N/A;N/A;N/A;N/A;N/A;N/A;N/A;N/A;N/A;N/A;N/A;N/A;N/A;N/A;N/A;N/A;N/A;N/A;N/A;N/A;N/A;N/A;N/A;N/A;N/A;N/A;N/A;N/A;N/A;N/A;N/A;N/A;N/A;N/A;N/A;N/A;N/A;N/A;N/A;N/A;N/A;N/A;N/A;N/A;N/A;N/A;N/A;N/A;N/A;N/A;N/A;N/A;N/A;Sí;N/A;Sí;N/A;N/A;N/A;N/A;Sí;N/A;Sí;N/A;N/A;N/A;N/A;N/A;Sí;Sí;N/A;Sí;N/A;N/A;N/A;N/A;Sí;N/A;Sí
Nissan;Tiida;"1.8 Special Edition Mt";2014;"158000 km";;DIAMANTIS-CARS;12490;;;;;Malvin;https://auto.mercadolibre.com.uy/MLU-661039774-nissan-tiida-special-edition-_JM;N/A;;"Nissan Tiida Special Edition ";usd;Sí;gold;false;N/A;N/A;http://perfil.mercadolibre.com.uy/DIAMANTIS-CARS;active;N/A;N/A;Usado;Gris;N/A;Hidráulica;Delantera;Sí;N/A;N/A;N/A;N/A;N/A;N/A;N/A;N/A;N/A;N/A;N/A;N/A;N/A;N/A;N/A;N/A;N/A;N/A;N/A;N/A;N/A;N/A;N/A;N/A;"2600 mm";"1.8 L";"52 L";N/A;N/A;N/A;N/A;N/A;N/A;N/A;N/A;N/A;N/A;N/A;N/A;N/A;N/A;N/A;N/A;N/A;N/A;N/A;N/A;N/A;N/A;N/A;N/A;N/A;N/A;N/A;N/A;N/A;N/A;N/A;N/A;N/A;N/A;N/A;N/A;N/A;N/A;N/A;N/A;N/A;N/A;N/A;N/A;N/A;N/A;"1548 mm";"4297 mm";N/A;N/A;N/A;N/A;N/A;N/A;"Special Edition";N/A;N/A;"1695 mm";N/A;N/A;N/A;N/A;N/A;N/A;N/A;N/A;N/A;N/A;N/A;N/A;N/A;N/A;N/A;N/A;N/A;"Lunes a viernes de 10 a 18 hs";5;1.8;Nafta;Manual;Hatchback;"Autos y camionetas";N/A;N/A;N/A;N/A;N/A;N/A;UY;N/A;N/A;N/A;N/A;N/A;N/A;N/A;N/A;N/A;N/A;N/A;N/A;N/A;N/A;N/A;N/A;N/A;N/A;N/A;N/A;N/A;N/A;N/A;N/A;N/A;N/A;N/A;N/A;N/A;N/A;N/A;N/A;N/A;N/A;N/A;N/A;N/A;N/A;N/A;N/A;N/A;N/A;N/A;N/A;N/A;N/A;N/A;N/A;N/A;N/A;N/A;N/A;N/A;N/A;N/A;N/A;N/A;N/A;N/A;N/A;N/A;N/A;N/A;N/A;N/A;N/A;N/A;N/A;N/A;N/A;N/A;N/A;N/A;N/A;N/A;N/A;N/A;N/A;N/A;N/A;N/A;N/A;N/A;N/A;N/A;N/A;N/A;N/A;N/A;Sí;N/A;N/A;N/A;N/A;N/A;N/A;N/A;N/A;N/A;N/A;N/A;N/A;N/A;N/A;N/A;N/A;N/A;Sí;N/A;N/A;N/A;N/A;N/A;N/A;N/A
Nissan;Qashqai;"Exclusive Cvt";2015;"92000 km";;"AMAYA PEUGEOT";23000;;;;;"La Blanqueada";https://auto.mercadolibre.com.uy/MLU-657988330-nissan-qashqai-amaya-motors-_JM;N/A;;"Nissan Qashqai Amaya Motors";USD;Sí;gold;false;N/A;N/A;http://perfil.mercadolibre.com.uy/AMAYA+PEUGEOT;active;N/A;N/A;Usado;Rojo;Sí;Asistida;4x4;Sí;Sí;N/A;N/A;N/A;Sí;N/A;N/A;Sí;N/A;N/A;Sí;Sí;N/A;Sí;N/A;N/A;N/A;N/A;N/A;N/A;N/A;N/A;N/A;N/A;N/A;N/A;N/A;N/A;N/A;N/A;N/A;N/A;N/A;Sí;N/A;N/A;N/A;N/A;N/A;N/A;N/A;N/A;N/A;N/A;N/A;N/A;N/A;N/A;N/A;N/A;N/A;N/A;N/A;N/A;N/A;N/A;N/A;No;N/A;N/A;N/A;N/A;N/A;N/A;N/A;N/A;N/A;N/A;N/A;N/A;N/A;N/A;N/A;N/A;N/A;N/A;N/A;N/A;N/A;N/A;N/A;N/A;N/A;N/A;N/A;N/A;Sí;N/A;Sí;Sí;N/A;Sí;Sí;N/A;Sí;N/A;N/A;Sí;Sí;N/A;N/A;Sí;"LUNES A VIERNES DE 9 A 18.30 Y SABADOS DE 9 A 15";5;2.0;Nafta;Automática;SUV;"Autos y camionetas";Sí;N/A;N/A;N/A;Sí;N/A;N/A;N/A;Sí;N/A;Sí;N/A;N/A;N/A;N/A;N/A;N/A;N/A;N/A;N/A;N/A;N/A;N/A;N/A;Sí;N/A;N/A;N/A;N/A;N/A;N/A;N/A;N/A;N/A;N/A;N/A;N/A;N/A;N/A;N/A;N/A;N/A;N/A;No;N/A;N/A;N/A;N/A;N/A;N/A;N/A;N/A;N/A;N/A;N/A;N/A;N/A;N/A;N/A;N/A;N/A;Sí;N/A;N/A;N/A;N/A;N/A;N/A;N/A;N/A;N/A;N/A;N/A;N/A;N/A;N/A;N/A;N/A;N/A;N/A;N/A;N/A;N/A;N/A;N/A;N/A;N/A;N/A;N/A;N/A;N/A;N/A;N/A;N/A;N/A;N/A;Sí;Sí;Sí;N/A;Sí;N/A;N/A;N/A;N/A;Sí;Sí;Sí;Sí;N/A;N/A;Sí;Sí;Sí;Sí;Sí;Sí;N/A;N/A;Sí;N/A;Sí
Nissan;Versa;"1.6 Advance At";2023;"0 km";;WAVEAUTOMOTORES;28490;;;;;Paysandú;https://auto.mercadolibre.com.uy/MLU-646742828-nissan-versa-_JM;N/A;;"Nissan Versa";usd;Sí;gold;false;N/A;N/A;http://perfil.mercadolibre.com.uy/WAVEAUTOMOTORES;active;N/A;N/A;Nuevo;Gris;N/A;Hidráulica;Delantera;Sí;N/A;N/A;N/A;N/A;N/A;N/A;N/A;N/A;N/A;N/A;N/A;N/A;N/A;N/A;N/A;N/A;N/A;N/A;N/A;N/A;N/A;N/A;N/A;N/A;"2600 mm";"1.6 L";"41 L";4;N/A;N/A;N/A;N/A;N/A;N/A;N/A;N/A;N/A;N/A;N/A;N/A;N/A;N/A;N/A;N/A;N/A;N/A;N/A;N/A;N/A;N/A;N/A;N/A;N/A;N/A;N/A;N/A;N/A;N/A;N/A;N/A;N/A;N/A;N/A;N/A;N/A;N/A;N/A;N/A;N/A;N/A;N/A;N/A;N/A;"1506 mm";"4492 mm";N/A;N/A;N/A;N/A;5;"106 hp";Advance;N/A;4;"1695 mm";N/A;N/A;N/A;N/A;N/A;N/A;N/A;Sí;N/A;N/A;N/A;N/A;N/A;N/A;N/A;N/A;N/A;N/A;4;1.6;Nafta;Automática;Sedán;"Autos y camionetas";N/A;N/A;N/A;N/A;N/A;N/A;UY;N/A;N/A;N/A;N/A;N/A;N/A;N/A;N/A;N/A;N/A;N/A;N/A;N/A;N/A;N/A;N/A;N/A;N/A;N/A;N/A;N/A;N/A;N/A;N/A;N/A;N/A;N/A;N/A;N/A;N/A;N/A;N/A;N/A;N/A;N/A;N/A;N/A;N/A;N/A;N/A;N/A;N/A;N/A;N/A;N/A;N/A;N/A;N/A;N/A;N/A;N/A;N/A;N/A;N/A;N/A;N/A;N/A;N/A;N/A;N/A;N/A;N/A;N/A;N/A;N/A;N/A;N/A;N/A;N/A;N/A;N/A;N/A;N/A;N/A;N/A;N/A;N/A;N/A;N/A;N/A;N/A;N/A;N/A;N/A;N/A;N/A;N/A;N/A;N/A;N/A;N/A;N/A;N/A;N/A;N/A;N/A;N/A;N/A;N/A;N/A;N/A;N/A;N/A;N/A;N/A;N/A;N/A;Sí;N/A;N/A;N/A;N/A;N/A;N/A;N/A
Nissan;Tiida;"1.8 Special Edition Mt";2013;"128000 km";;MARTNTASENDE;11900;;;;;Carrasco;https://auto.mercadolibre.com.uy/MLU-665680080-nissan-tiida-2013-18-special-edition-mt-_JM;N/A;;"Nissan Tiida 2013 1.8 Special Edition Mt";usd;Sí;gold;false;N/A;N/A;http://perfil.mercadolibre.com.uy/MARTNTASENDE;active;N/A;N/A;Usado;N/A;N/A;Hidráulica;Delantera;Sí;N/A;N/A;N/A;N/A;N/A;N/A;N/A;N/A;N/A;N/A;N/A;N/A;N/A;N/A;N/A;N/A;N/A;N/A;N/A;N/A;N/A;N/A;N/A;N/A;"2600 mm";"1.8 L";"52 L";N/A;N/A;N/A;N/A;N/A;N/A;N/A;N/A;N/A;N/A;N/A;N/A;N/A;N/A;N/A;N/A;N/A;N/A;N/A;N/A;N/A;N/A;N/A;N/A;N/A;N/A;N/A;N/A;N/A;N/A;N/A;N/A;N/A;N/A;N/A;N/A;N/A;N/A;N/A;N/A;N/A;N/A;N/A;N/A;N/A;N/A;"1548 mm";"4297 mm";N/A;N/A;N/A;N/A;N/A;N/A;"Special Edition";N/A;N/A;"1695 mm";N/A;N/A;N/A;N/A;N/A;N/A;N/A;N/A;N/A;N/A;N/A;N/A;N/A;N/A;N/A;N/A;N/A;N/A;5;1.8;Nafta;Manual;Hatchback;"Autos y camionetas";N/A;N/A;N/A;N/A;N/A;N/A;UY;N/A;N/A;N/A;N/A;N/A;N/A;N/A;N/A;N/A;N/A;N/A;N/A;N/A;N/A;N/A;N/A;N/A;N/A;N/A;N/A;N/A;N/A;N/A;N/A;N/A;N/A;N/A;N/A;N/A;N/A;N/A;N/A;N/A;N/A;N/A;N/A;N/A;N/A;N/A;N/A;N/A;N/A;N/A;N/A;N/A;N/A;N/A;N/A;N/A;N/A;N/A;N/A;N/A;N/A;N/A;N/A;N/A;N/A;N/A;N/A;N/A;N/A;N/A;N/A;N/A;N/A;N/A;N/A;N/A;N/A;N/A;N/A;N/A;N/A;N/A;N/A;N/A;N/A;N/A;N/A;N/A;N/A;N/A;N/A;N/A;N/A;N/A;N/A;N/A;Sí;N/A;N/A;N/A;N/A;N/A;N/A;N/A;N/A;N/A;N/A;N/A;N/A;N/A;N/A;N/A;N/A;N/A;Sí;N/A;N/A;N/A;N/A;N/A;N/A;N/A
Nissan;Versa;"1.6 Advance 5vel Mt";2013;"133000 km";;"G.ARISPE AUTOMOTORES";10900;;;;;Prado;https://auto.mercadolibre.com.uy/MLU-665420522-nissan-versa-_JM;N/A;;"Nissan Versa ";usd;Sí;gold;false;N/A;N/A;http://perfil.mercadolibre.com.uy/G.ARISPE+AUTOMOTORES;active;N/A;N/A;Usado;Gris;N/A;Hidráulica;Delantera;Sí;N/A;N/A;N/A;N/A;N/A;N/A;N/A;N/A;N/A;N/A;N/A;N/A;N/A;N/A;N/A;N/A;N/A;N/A;N/A;N/A;N/A;N/A;N/A;N/A;N/A;"1.6 L";N/A;N/A;N/A;N/A;N/A;N/A;N/A;N/A;N/A;N/A;N/A;N/A;N/A;N/A;N/A;N/A;N/A;N/A;N/A;N/A;N/A;N/A;N/A;N/A;N/A;N/A;N/A;N/A;N/A;N/A;N/A;N/A;N/A;N/A;N/A;N/A;N/A;N/A;N/A;N/A;N/A;N/A;N/A;N/A;N/A;N/A;N/A;N/A;N/A;N/A;N/A;N/A;N/A;N/A;N/A;Advance;N/A;N/A;N/A;N/A;N/A;N/A;N/A;N/A;N/A;N/A;N/A;N/A;N/A;N/A;N/A;N/A;N/A;N/A;N/A;N/A;N/A;4;1.6;Nafta;Manual;Hatchback;"Autos y camionetas";N/A;N/A;N/A;N/A;N/A;N/A;UY;N/A;N/A;N/A;N/A;N/A;N/A;N/A;N/A;N/A;N/A;N/A;N/A;N/A;N/A;N/A;N/A;N/A;N/A;N/A;N/A;N/A;N/A;N/A;N/A;N/A;N/A;N/A;N/A;N/A;N/A;N/A;N/A;N/A;N/A;N/A;N/A;N/A;N/A;N/A;N/A;N/A;N/A;N/A;N/A;N/A;N/A;N/A;N/A;N/A;N/A;N/A;N/A;N/A;N/A;N/A;N/A;N/A;N/A;N/A;N/A;N/A;N/A;N/A;N/A;N/A;N/A;N/A;N/A;N/A;N/A;N/A;N/A;N/A;N/A;N/A;N/A;N/A;N/A;N/A;N/A;N/A;N/A;N/A;N/A;N/A;N/A;N/A;N/A;N/A;Sí;N/A;N/A;N/A;N/A;N/A;N/A;N/A;N/A;N/A;N/A;N/A;N/A;N/A;N/A;N/A;N/A;N/A;Sí;N/A;N/A;N/A;N/A;N/A;N/A;N/A
Nissan;"NP300 Frontier";"2.5 Se Doble Cabina";2018;"161000 km";;GHMAUTOMOVILES;19800;;;;;Florida;https://auto.mercadolibre.com.uy/MLU-634870301-nissan-frontier-se-nafta-25-4x2-_JM;N/A;;"Nissan Frontier Se Nafta 2.5 4x2";usd;Sí;gold;false;N/A;N/A;http://perfil.mercadolibre.com.uy/GHMAUTOMOVILES;active;N/A;N/A;Usado;Blanco;N/A;Hidráulica;4x2;Sí;N/A;N/A;N/A;N/A;N/A;N/A;N/A;N/A;N/A;N/A;N/A;N/A;N/A;N/A;N/A;N/A;N/A;N/A;N/A;N/A;N/A;N/A;N/A;N/A;"3150 mm";"2.5 L";"80 L";6;N/A;N/A;N/A;N/A;N/A;N/A;N/A;N/A;N/A;N/A;N/A;N/A;N/A;N/A;N/A;N/A;N/A;N/A;N/A;N/A;N/A;N/A;N/A;N/A;N/A;N/A;N/A;N/A;N/A;N/A;N/A;N/A;N/A;Sí;Sí;N/A;N/A;N/A;N/A;N/A;N/A;N/A;N/A;N/A;N/A;"1860 mm";"5258 mm";N/A;N/A;N/A;N/A;N/A;"120 hp";Se;N/A;4;"1850 mm";N/A;N/A;N/A;N/A;N/A;N/A;N/A;N/A;N/A;N/A;N/A;N/A;N/A;N/A;N/A;N/A;N/A;N/A;4;2.5;Diésel;Manual;Pick-Up;"Autos y camionetas";N/A;N/A;N/A;N/A;N/A;N/A;UY;N/A;N/A;N/A;N/A;N/A;N/A;N/A;N/A;N/A;N/A;N/A;N/A;N/A;N/A;N/A;N/A;N/A;N/A;N/A;N/A;N/A;N/A;N/A;N/A;N/A;N/A;N/A;N/A;N/A;N/A;N/A;N/A;N/A;N/A;N/A;N/A;N/A;N/A;N/A;N/A;N/A;N/A;N/A;N/A;N/A;N/A;N/A;N/A;N/A;N/A;N/A;N/A;N/A;N/A;N/A;N/A;N/A;N/A;N/A;N/A;N/A;N/A;N/A;N/A;N/A;N/A;N/A;N/A;N/A;N/A;N/A;N/A;N/A;N/A;N/A;N/A;N/A;N/A;N/A;N/A;N/A;N/A;N/A;N/A;N/A;N/A;N/A;N/A;N/A;Sí;N/A;N/A;N/A;N/A;N/A;N/A;N/A;N/A;Sí;N/A;N/A;N/A;N/A;N/A;N/A;N/A;N/A;Sí;N/A;N/A;N/A;N/A;N/A;N/A;N/A
Nissan;Versa;"1.6 Advance At";2012;"156000 km";;"ASTORGA AUTOMÓVILES";10900;;;;;Florida;https://auto.mercadolibre.com.uy/MLU-658381686-nissan-versa-_JM;N/A;;"Nissan Versa";usd;Sí;gold;false;N/A;N/A;http://perfil.mercadolibre.com.uy/ASTORGA+AUTOM%C3%93VILES;active;N/A;N/A;Usado;Gris;N/A;Hidráulica;Delantera;Sí;N/A;N/A;N/A;N/A;N/A;N/A;N/A;N/A;N/A;N/A;N/A;N/A;N/A;N/A;N/A;N/A;N/A;N/A;N/A;N/A;N/A;N/A;N/A;N/A;N/A;"1.6 L";N/A;N/A;N/A;N/A;N/A;N/A;N/A;N/A;N/A;N/A;N/A;N/A;N/A;N/A;N/A;N/A;N/A;N/A;N/A;N/A;N/A;N/A;N/A;N/A;N/A;N/A;N/A;N/A;N/A;N/A;N/A;N/A;N/A;N/A;N/A;N/A;N/A;N/A;N/A;N/A;N/A;N/A;N/A;N/A;N/A;N/A;N/A;N/A;N/A;N/A;N/A;N/A;N/A;N/A;N/A;Advance;N/A;N/A;N/A;N/A;N/A;N/A;N/A;N/A;N/A;N/A;N/A;N/A;N/A;N/A;N/A;N/A;N/A;N/A;N/A;N/A;N/A;4;1.6;Nafta;Automática;Hatchback;"Autos y camionetas";N/A;N/A;N/A;N/A;N/A;N/A;UY;N/A;N/A;N/A;N/A;N/A;N/A;N/A;N/A;N/A;N/A;N/A;N/A;N/A;N/A;N/A;N/A;N/A;N/A;N/A;N/A;N/A;N/A;N/A;N/A;N/A;N/A;N/A;N/A;N/A;N/A;N/A;N/A;N/A;N/A;N/A;N/A;N/A;N/A;N/A;N/A;N/A;N/A;N/A;N/A;N/A;N/A;N/A;N/A;N/A;N/A;N/A;N/A;N/A;N/A;N/A;N/A;N/A;N/A;N/A;N/A;N/A;N/A;N/A;N/A;N/A;N/A;N/A;N/A;N/A;N/A;N/A;N/A;N/A;N/A;N/A;N/A;N/A;N/A;N/A;N/A;N/A;N/A;N/A;N/A;N/A;N/A;N/A;N/A;N/A;Sí;N/A;N/A;N/A;N/A;N/A;N/A;N/A;N/A;N/A;N/A;N/A;N/A;N/A;N/A;N/A;N/A;N/A;Sí;N/A;N/A;N/A;N/A;N/A;N/A;N/A
Nissan;Tiida;"1.6 Drive Sedan Mt";2012;"90000 km";;DUNICARSADUNICARSA;10500;;;;;"Jacinto Vera";https://auto.mercadolibre.com.uy/MLU-634181303-nissan-tiida-sedan-2012-_JM;N/A;;"Nissan Tiida Sedan 2012";usd;Sí;gold;false;N/A;N/A;http://perfil.mercadolibre.com.uy/DUNICARSADUNICARSA;active;N/A;N/A;Usado;Gris;N/A;Hidráulica;Delantera;Sí;N/A;N/A;N/A;N/A;N/A;N/A;N/A;N/A;N/A;N/A;N/A;N/A;N/A;N/A;N/A;N/A;N/A;N/A;N/A;N/A;N/A;N/A;N/A;N/A;"2600 mm";"1.6 L";"52 L";N/A;N/A;N/A;N/A;N/A;N/A;N/A;N/A;N/A;N/A;N/A;N/A;N/A;N/A;N/A;N/A;N/A;N/A;N/A;N/A;N/A;N/A;N/A;N/A;N/A;N/A;N/A;N/A;N/A;N/A;N/A;N/A;N/A;N/A;N/A;N/A;N/A;N/A;N/A;N/A;N/A;N/A;N/A;N/A;N/A;N/A;"1548 mm";"4470 mm";N/A;N/A;N/A;N/A;5;N/A;N/A;N/A;N/A;"1695 mm";N/A;N/A;N/A;N/A;N/A;N/A;N/A;N/A;N/A;N/A;N/A;N/A;N/A;N/A;N/A;N/A;N/A;N/A;4;1.6;Nafta;Manual;Sedán;"Autos y camionetas";N/A;N/A;N/A;N/A;N/A;N/A;UY;N/A;N/A;N/A;N/A;N/A;N/A;N/A;N/A;N/A;N/A;N/A;N/A;N/A;N/A;N/A;N/A;N/A;N/A;N/A;N/A;N/A;N/A;N/A;N/A;N/A;N/A;N/A;N/A;N/A;N/A;N/A;N/A;N/A;N/A;N/A;N/A;N/A;N/A;N/A;N/A;N/A;N/A;N/A;N/A;N/A;N/A;N/A;N/A;N/A;N/A;N/A;N/A;N/A;N/A;N/A;N/A;N/A;N/A;N/A;N/A;N/A;N/A;N/A;N/A;N/A;N/A;N/A;N/A;N/A;N/A;N/A;N/A;N/A;N/A;N/A;N/A;N/A;N/A;N/A;N/A;N/A;N/A;N/A;N/A;N/A;N/A;N/A;N/A;N/A;Sí;N/A;N/A;N/A;N/A;N/A;N/A;N/A;N/A;N/A;N/A;N/A;N/A;N/A;N/A;N/A;N/A;N/A;Sí;N/A;N/A;N/A;N/A;N/A;N/A;N/A
Nissan;"NP300 Frontier";PRO4X;2023;"0 km";;"AUTOMOTORA MARMOLEJO";46968;;;;;Minas;https://auto.mercadolibre.com.uy/MLU-648561982-entrega-inmediata-frontier-pro4x-ano-2023-_JM;N/A;;"Entrega Inmediata, Frontier Pro4x, Año 2023.";USD;Sí;gold;false;N/A;N/A;http://perfil.mercadolibre.com.uy/AUTOMOTORA+MARMOLEJO;active;N/A;N/A;Nuevo;Blanco;N/A;Eléctrica;4x4;N/A;N/A;N/A;N/A;N/A;N/A;N/A;N/A;N/A;N/A;N/A;N/A;N/A;N/A;N/A;N/A;N/A;N/A;N/A;N/A;N/A;N/A;N/A;N/A;N/A;N/A;N/A;N/A;N/A;N/A;N/A;N/A;N/A;N/A;N/A;N/A;N/A;N/A;N/A;N/A;N/A;N/A;N/A;N/A;N/A;N/A;N/A;N/A;N/A;N/A;N/A;N/A;N/A;N/A;N/A;N/A;N/A;N/A;N/A;N/A;N/A;N/A;N/A;N/A;N/A;N/A;N/A;N/A;N/A;N/A;N/A;N/A;N/A;N/A;N/A;N/A;N/A;N/A;N/A;N/A;N/A;N/A;N/A;N/A;N/A;N/A;N/A;N/A;N/A;N/A;N/A;N/A;Sí;Sí;N/A;N/A;N/A;N/A;N/A;N/A;N/A;N/A;N/A;N/A;5;2.5;Nafta;Automática;Pick-Up;"Autos y camionetas";N/A;N/A;N/A;N/A;N/A;N/A;N/A;N/A;N/A;N/A;N/A;N/A;N/A;N/A;N/A;N/A;N/A;N/A;N/A;N/A;N/A;N/A;N/A;N/A;N/A;N/A;N/A;N/A;N/A;N/A;N/A;N/A;N/A;N/A;N/A;N/A;N/A;N/A;N/A;N/A;N/A;N/A;N/A;N/A;N/A;N/A;N/A;N/A;N/A;N/A;N/A;N/A;N/A;N/A;N/A;N/A;N/A;N/A;N/A;N/A;N/A;N/A;N/A;N/A;N/A;N/A;N/A;N/A;N/A;N/A;N/A;N/A;N/A;N/A;N/A;N/A;N/A;N/A;N/A;N/A;N/A;N/A;N/A;N/A;N/A;N/A;N/A;N/A;N/A;N/A;N/A;N/A;N/A;N/A;N/A;N/A;N/A;N/A;N/A;N/A;N/A;N/A;N/A;N/A;N/A;N/A;N/A;N/A;N/A;N/A;N/A;N/A;N/A;N/A;N/A;Sí;N/A;N/A;N/A;Sí;N/A;Sí
Nissan;"NP300 Frontier";permuto;2022;"66000 km";;CENTROLUCHO;57000;;;;;Paysandú;https://auto.mercadolibre.com.uy/MLU-664627858-nissan-np300-frontier-permuto-_JM;N/A;;"Nissan Np300 Frontier Permuto";USD;Sí;gold;false;N/A;N/A;http://perfil.mercadolibre.com.uy/CENTROLUCHO;active;N/A;N/A;Usado;N/A;N/A;N/A;N/A;N/A;N/A;N/A;N/A;N/A;N/A;N/A;N/A;N/A;N/A;N/A;N/A;N/A;N/A;N/A;N/A;N/A;N/A;N/A;N/A;N/A;N/A;N/A;N/A;N/A;N/A;N/A;N/A;N/A;N/A;N/A;N/A;N/A;N/A;N/A;N/A;N/A;N/A;N/A;N/A;N/A;N/A;N/A;N/A;N/A;N/A;N/A;N/A;N/A;N/A;N/A;N/A;N/A;N/A;N/A;N/A;N/A;N/A;N/A;N/A;N/A;N/A;N/A;N/A;N/A;N/A;N/A;N/A;N/A;N/A;N/A;N/A;N/A;N/A;N/A;N/A;N/A;N/A;N/A;N/A;N/A;N/A;N/A;N/A;N/A;N/A;N/A;N/A;N/A;N/A;N/A;N/A;N/A;N/A;N/A;N/A;N/A;N/A;N/A;N/A;N/A;N/A;N/A;N/A;4;N/A;Diésel;N/A;N/A;"Autos y camionetas";N/A;N/A;N/A;N/A;N/A;N/A;N/A;N/A;N/A;N/A;N/A;N/A;N/A;N/A;N/A;N/A;N/A;N/A;N/A;N/A;N/A;N/A;N/A;N/A;N/A;N/A;N/A;N/A;N/A;N/A;N/A;N/A;N/A;N/A;N/A;N/A;N/A;N/A;N/A;N/A;N/A;N/A;N/A;N/A;N/A;N/A;N/A;N/A;N/A;N/A;N/A;N/A;N/A;N/A;N/A;N/A;N/A;N/A;N/A;N/A;N/A;N/A;N/A;N/A;N/A;N/A;N/A;N/A;N/A;N/A;N/A;N/A;N/A;N/A;N/A;N/A;N/A;N/A;N/A;N/A;N/A;N/A;N/A;N/A;N/A;N/A;N/A;N/A;N/A;N/A;N/A;N/A;N/A;N/A;N/A;N/A;N/A;N/A;N/A;N/A;N/A;N/A;N/A;N/A;N/A;N/A;N/A;N/A;N/A;N/A;N/A;N/A;N/A;N/A;N/A;N/A;N/A;N/A;N/A;N/A;N/A;N/A
Nissan;March;"1.6 Active Mt";2014;"120000 km";;"SUPERMOTOS UY";10900;;;;;Cerro;https://auto.mercadolibre.com.uy/MLU-633949609-nissan-march-extra-full-_JM;N/A;;"Nissan March Extra Full  ";usd;Sí;gold;false;N/A;N/A;http://perfil.mercadolibre.com.uy/SUPERMOTOS+UY;active;N/A;N/A;Usado;Blanco;N/A;Hidráulica;Delantera;Sí;N/A;N/A;N/A;N/A;N/A;N/A;N/A;N/A;N/A;N/A;N/A;N/A;N/A;N/A;N/A;N/A;N/A;N/A;N/A;N/A;N/A;N/A;N/A;N/A;"2450 mm";"1.6 L";"41 L";N/A;N/A;N/A;N/A;N/A;N/A;N/A;N/A;N/A;N/A;N/A;N/A;N/A;N/A;N/A;N/A;N/A;N/A;N/A;N/A;N/A;N/A;N/A;N/A;N/A;N/A;N/A;N/A;N/A;N/A;N/A;N/A;N/A;N/A;N/A;N/A;N/A;N/A;N/A;N/A;N/A;N/A;N/A;N/A;N/A;N/A;"1532 mm";"3827 mm";N/A;N/A;N/A;N/A;5;"109 hp";Active;N/A;N/A;"1665 mm";N/A;N/A;N/A;N/A;N/A;N/A;N/A;N/A;N/A;N/A;N/A;N/A;N/A;N/A;N/A;N/A;N/A;N/A;5;1.6;Nafta;Manual;Hatchback;"Autos y camionetas";N/A;N/A;N/A;N/A;N/A;N/A;UY;N/A;N/A;N/A;N/A;N/A;N/A;N/A;N/A;N/A;N/A;N/A;N/A;N/A;N/A;N/A;N/A;N/A;N/A;N/A;N/A;N/A;N/A;N/A;N/A;N/A;N/A;N/A;N/A;N/A;N/A;N/A;N/A;N/A;N/A;N/A;N/A;N/A;N/A;N/A;N/A;N/A;N/A;N/A;N/A;N/A;N/A;N/A;N/A;N/A;N/A;N/A;N/A;N/A;N/A;N/A;N/A;N/A;N/A;N/A;N/A;N/A;N/A;N/A;N/A;N/A;N/A;N/A;N/A;N/A;N/A;N/A;N/A;N/A;N/A;N/A;N/A;N/A;N/A;N/A;N/A;N/A;N/A;N/A;N/A;N/A;N/A;N/A;N/A;N/A;Sí;N/A;N/A;N/A;N/A;N/A;N/A;N/A;N/A;N/A;N/A;N/A;N/A;N/A;N/A;N/A;N/A;N/A;Sí;N/A;N/A;N/A;N/A;N/A;N/A;N/A
Nissan;Versa;"1.6 Advance";2021;"30000 km";;"OMAR CASTROAUTOMOVILES";23900;;;;;Salto;https://auto.mercadolibre.com.uy/MLU-654642556-nissan-versa-advance-mt-_JM;N/A;;"Nissan Versa Advance Mt ";usd;Sí;gold;false;N/A;N/A;http://perfil.mercadolibre.com.uy/OMAR+CASTROAUTOMOVILES;active;N/A;N/A;Usado;Blanco;N/A;Hidráulica;Delantera;Sí;N/A;N/A;N/A;N/A;N/A;N/A;N/A;N/A;N/A;N/A;N/A;N/A;N/A;N/A;N/A;N/A;N/A;N/A;N/A;N/A;N/A;N/A;N/A;N/A;"2600 mm";"1.6 L";"41 L";5;N/A;N/A;N/A;N/A;N/A;N/A;N/A;N/A;N/A;N/A;N/A;N/A;N/A;N/A;N/A;N/A;N/A;N/A;N/A;N/A;N/A;N/A;N/A;N/A;N/A;N/A;N/A;N/A;N/A;N/A;N/A;N/A;N/A;Sí;Sí;N/A;N/A;N/A;N/A;N/A;N/A;N/A;N/A;N/A;N/A;"1506 mm";"4492 mm";N/A;N/A;N/A;N/A;5;"106 hp";Advance;N/A;4;"1695 mm";N/A;N/A;N/A;N/A;N/A;N/A;N/A;Sí;N/A;N/A;N/A;N/A;N/A;N/A;N/A;N/A;N/A;"Lunes a viernes 08:00 a 12:00, y de 15:00 a 19:00, Sabado 08:30 a 12:30";4;1.6;Nafta;Manual;Sedán;"Autos y camionetas";N/A;N/A;N/A;N/A;N/A;N/A;UY;N/A;N/A;N/A;N/A;N/A;N/A;N/A;N/A;N/A;N/A;N/A;N/A;N/A;N/A;N/A;N/A;N/A;N/A;N/A;N/A;N/A;N/A;N/A;N/A;N/A;N/A;N/A;N/A;N/A;N/A;N/A;N/A;N/A;N/A;N/A;N/A;N/A;N/A;N/A;N/A;N/A;N/A;N/A;N/A;N/A;N/A;N/A;N/A;N/A;N/A;N/A;N/A;N/A;N/A;N/A;N/A;N/A;N/A;N/A;N/A;N/A;N/A;N/A;N/A;N/A;N/A;N/A;N/A;N/A;N/A;N/A;N/A;N/A;N/A;N/A;N/A;N/A;N/A;N/A;N/A;N/A;N/A;N/A;N/A;N/A;N/A;N/A;N/A;N/A;Sí;N/A;Sí;N/A;N/A;N/A;N/A;Sí;N/A;Sí;N/A;N/A;N/A;N/A;N/A;N/A;Sí;N/A;Sí;N/A;N/A;N/A;N/A;Sí;N/A;N/A
Nissan;Qashqai;"2.0 Exclusive 4x4";2019;"55000 km";;MRAUTOMOVILES;31990;;;;;Sayago;https://auto.mercadolibre.com.uy/MLU-661188254-nissan-qashqai-_JM;N/A;;"Nissan Qashqai ";usd;Sí;gold;false;N/A;N/A;http://perfil.mercadolibre.com.uy/MRAUTOMOVILES;active;N/A;N/A;Usado;Plateado;N/A;Hidráulica;4x4;Sí;N/A;N/A;N/A;N/A;N/A;N/A;N/A;N/A;N/A;N/A;N/A;N/A;N/A;N/A;N/A;N/A;N/A;N/A;N/A;N/A;N/A;N/A;N/A;N/A;"2705 mm";"2 L";"60 L";N/A;N/A;N/A;N/A;N/A;N/A;N/A;N/A;N/A;N/A;N/A;N/A;N/A;N/A;N/A;N/A;N/A;N/A;N/A;N/A;N/A;N/A;N/A;N/A;N/A;N/A;N/A;N/A;N/A;N/A;N/A;N/A;N/A;N/A;Sí;Sí;Sí;N/A;Sí;N/A;N/A;N/A;N/A;N/A;N/A;N/A;"1740 mm";"4690 mm";N/A;N/A;N/A;N/A;5;"150 hp";Exclusive;N/A;4;"1820 mm";N/A;N/A;N/A;N/A;N/A;N/A;N/A;Sí;N/A;Sí;N/A;N/A;N/A;N/A;N/A;N/A;N/A;N/A;5;2.0;Nafta;Automática;SUV;"Autos y camionetas";N/A;N/A;N/A;N/A;N/A;N/A;UY;N/A;N/A;N/A;N/A;N/A;N/A;N/A;N/A;N/A;N/A;N/A;N/A;N/A;N/A;N/A;N/A;N/A;N/A;N/A;N/A;N/A;N/A;N/A;N/A;N/A;N/A;N/A;N/A;N/A;N/A;N/A;N/A;N/A;N/A;N/A;N/A;N/A;N/A;N/A;N/A;N/A;N/A;N/A;N/A;N/A;N/A;N/A;N/A;N/A;N/A;N/A;N/A;N/A;N/A;N/A;N/A;N/A;N/A;N/A;N/A;N/A;N/A;N/A;N/A;N/A;N/A;N/A;N/A;N/A;N/A;N/A;N/A;N/A;N/A;N/A;N/A;N/A;N/A;N/A;N/A;N/A;N/A;N/A;N/A;N/A;N/A;N/A;N/A;N/A;Sí;N/A;Sí;N/A;N/A;N/A;N/A;Sí;N/A;Sí;N/A;N/A;N/A;N/A;N/A;Sí;Sí;N/A;Sí;N/A;Sí;N/A;N/A;Sí;N/A;Sí
Nissan;Frontier;"d 21 cabina simple";1995;"40000 km";;LEASINGCARSRL;8900;;;;;"San Jacinto";https://auto.mercadolibre.com.uy/MLU-659600538-nissan-frontier-d-21-cabina-simple-1995-impecable-_JM;N/A;;"Nissan Frontier D 21 Cabina Simple 1995 Impecable!";USD;No;gold;false;N/A;N/A;http://perfil.mercadolibre.com.uy/LEASINGCARSRL;active;N/A;N/A;Usado;N/A;N/A;Mecánica;N/A;N/A;N/A;N/A;N/A;N/A;N/A;N/A;N/A;N/A;N/A;N/A;N/A;N/A;N/A;N/A;N/A;N/A;N/A;N/A;N/A;N/A;N/A;N/A;N/A;N/A;N/A;N/A;N/A;N/A;N/A;N/A;N/A;N/A;N/A;N/A;N/A;N/A;N/A;N/A;N/A;N/A;N/A;N/A;N/A;N/A;N/A;N/A;N/A;N/A;N/A;N/A;N/A;N/A;N/A;N/A;N/A;N/A;N/A;N/A;N/A;N/A;N/A;N/A;N/A;N/A;N/A;N/A;N/A;N/A;N/A;N/A;N/A;N/A;N/A;N/A;N/A;N/A;N/A;N/A;N/A;N/A;N/A;N/A;N/A;N/A;N/A;N/A;N/A;N/A;N/A;N/A;N/A;N/A;N/A;N/A;N/A;N/A;N/A;N/A;N/A;N/A;N/A;N/A;"Lunes a Viernes de 9 a 18 hs. - Sábados de 9 a 13 hs.";3;N/A;Diésel;Manual;Pick-Up;"Autos y camionetas";No;N/A;N/A;N/A;No;N/A;N/A;No;Sí;No;No;N/A;N/A;N/A;N/A;N/A;N/A;N/A;N/A;N/A;N/A;N/A;N/A;N/A;N/A;N/A;N/A;N/A;N/A;N/A;N/A;N/A;N/A;N/A;N/A;N/A;N/A;N/A;N/A;N/A;N/A;N/A;N/A;N/A;N/A;N/A;N/A;N/A;N/A;N/A;N/A;N/A;N/A;N/A;N/A;N/A;N/A;N/A;N/A;N/A;N/A;N/A;No;N/A;N/A;N/A;N/A;N/A;N/A;N/A;N/A;N/A;N/A;N/A;N/A;N/A;N/A;N/A;N/A;N/A;N/A;N/A;N/A;N/A;N/A;N/A;N/A;N/A;N/A;N/A;N/A;N/A;N/A;N/A;N/A;N/A;N/A;N/A;N/A;N/A;N/A;N/A;N/A;N/A;N/A;N/A;N/A;N/A;N/A;N/A;N/A;N/A;N/A;N/A;N/A;N/A;N/A;N/A;N/A;N/A;N/A;N/A
Nissan;Kicks;"1.6 Exclusive At";2022;"20000 km";;ENRIQUE_CIOMPI_AUTOMOVILES;29490;;;;;"Parque Batlle";https://auto.mercadolibre.com.uy/MLU-664861778-nissan-kicks-2022-16-exclusive-at-financiamos-_JM;N/A;;"Nissan Kicks 2022 1.6 Exclusive At Financiamos";usd;Sí;gold;false;N/A;N/A;http://perfil.mercadolibre.com.uy/ENRIQUE_CIOMPI_AUTOMOVILES;active;N/A;N/A;Usado;N/A;N/A;Hidráulica;Delantera;Sí;N/A;N/A;N/A;N/A;N/A;N/A;N/A;Sí;N/A;N/A;N/A;N/A;N/A;N/A;N/A;N/A;N/A;N/A;N/A;N/A;N/A;N/A;N/A;N/A;"2620 mm";"1.6 L";"50 L";N/A;N/A;N/A;N/A;N/A;N/A;N/A;N/A;N/A;N/A;N/A;N/A;N/A;N/A;N/A;N/A;N/A;N/A;N/A;N/A;N/A;N/A;N/A;N/A;N/A;N/A;N/A;N/A;N/A;N/A;N/A;N/A;N/A;N/A;Sí;Sí;N/A;N/A;Sí;N/A;N/A;N/A;N/A;N/A;N/A;N/A;"1590 mm";"4295 mm";N/A;N/A;N/A;N/A;5;"118 hp";Exclusive;N/A;4;"1760 mm";N/A;N/A;N/A;N/A;N/A;N/A;N/A;N/A;N/A;N/A;N/A;N/A;N/A;N/A;N/A;N/A;N/A;N/A;5;1.6;Nafta;Automática;SUV;"Autos y camionetas";N/A;N/A;N/A;N/A;N/A;N/A;UY;N/A;N/A;N/A;N/A;N/A;N/A;N/A;N/A;N/A;N/A;N/A;N/A;N/A;N/A;N/A;N/A;N/A;N/A;N/A;N/A;N/A;N/A;N/A;N/A;N/A;N/A;N/A;N/A;N/A;N/A;N/A;N/A;N/A;N/A;N/A;N/A;N/A;N/A;N/A;N/A;N/A;N/A;N/A;N/A;N/A;N/A;N/A;N/A;N/A;N/A;N/A;N/A;N/A;N/A;N/A;N/A;N/A;N/A;N/A;N/A;N/A;N/A;N/A;N/A;N/A;N/A;N/A;N/A;N/A;N/A;N/A;N/A;N/A;N/A;N/A;N/A;N/A;N/A;N/A;N/A;N/A;N/A;N/A;N/A;N/A;N/A;N/A;N/A;N/A;Sí;N/A;Sí;N/A;N/A;N/A;N/A;N/A;N/A;Sí;N/A;N/A;N/A;N/A;N/A;Sí;Sí;N/A;Sí;N/A;N/A;N/A;N/A;Sí;N/A;Sí
Nissan;Versa;"1.6 Drive";2018;"151000 km";;GGORO2008;11200;;;;;"Paso de las Duranas";https://auto.mercadolibre.com.uy/MLU-665928938-nissan-versa-drive-tm-_JM;N/A;;"Nissan Versa Drive Tm";usd;Sí;gold;false;N/A;N/A;http://perfil.mercadolibre.com.uy/GGORO2008;active;N/A;N/A;Usado;Negro;N/A;Hidráulica;Delantera;Sí;Sí;N/A;N/A;N/A;N/A;N/A;N/A;N/A;N/A;N/A;N/A;Sí;N/A;Sí;N/A;N/A;N/A;N/A;N/A;N/A;N/A;N/A;N/A;N/A;"2600 mm";"1.6 L";"41 L";5;N/A;N/A;N/A;N/A;N/A;N/A;N/A;N/A;N/A;N/A;N/A;N/A;N/A;N/A;N/A;N/A;N/A;N/A;N/A;N/A;N/A;N/A;N/A;N/A;N/A;N/A;N/A;N/A;N/A;N/A;N/A;N/A;N/A;N/A;N/A;N/A;N/A;N/A;N/A;N/A;N/A;N/A;N/A;N/A;N/A;"1506 mm";"4492 mm";N/A;N/A;N/A;N/A;5;"106 hp";Drive;N/A;4;"1695 mm";N/A;N/A;N/A;N/A;Sí;N/A;Sí;Sí;N/A;N/A;N/A;N/A;N/A;N/A;N/A;N/A;N/A;N/A;4;1.6;Nafta;Manual;Sedán;"Autos y camionetas";N/A;N/A;N/A;N/A;N/A;N/A;UY;N/A;N/A;N/A;N/A;N/A;N/A;N/A;N/A;N/A;N/A;N/A;N/A;N/A;N/A;N/A;N/A;N/A;N/A;N/A;N/A;N/A;N/A;N/A;N/A;N/A;N/A;N/A;N/A;N/A;N/A;N/A;N/A;N/A;N/A;N/A;N/A;N/A;N/A;N/A;N/A;N/A;N/A;N/A;N/A;N/A;N/A;N/A;N/A;N/A;N/A;N/A;N/A;N/A;N/A;N/A;N/A;N/A;N/A;N/A;N/A;N/A;N/A;N/A;N/A;N/A;N/A;N/A;N/A;N/A;N/A;N/A;N/A;N/A;N/A;N/A;N/A;N/A;N/A;N/A;N/A;N/A;N/A;N/A;N/A;N/A;N/A;N/A;N/A;N/A;Sí;Sí;N/A;N/A;N/A;N/A;N/A;N/A;N/A;Sí;N/A;N/A;Sí;N/A;N/A;N/A;N/A;Sí;Sí;N/A;Sí;N/A;N/A;N/A;N/A;N/A
Nissan;Versa;"Exclusive Cvt";2021;"45817 km";;LAGOMARAUTOMOVILES;24890;;;;;"Ciudad de la Costa";https://auto.mercadolibre.com.uy/MLU-655700842-nissan-versa-exclusive-cvt-2021-lagomar-automoviles-_JM;N/A;;"Nissan Versa Exclusive Cvt 2021 - Lagomar Automóviles";USD;Sí;silver;false;N/A;N/A;http://perfil.mercadolibre.com.uy/LAGOMARAUTOMOVILES;active;N/A;N/A;Usado;Bordó;Sí;Eléctrica;N/A;N/A;Sí;Sí;N/A;Sí;N/A;Sí;Sí;Sí;Sí;Sí;Sí;Sí;N/A;Sí;N/A;N/A;N/A;N/A;N/A;N/A;N/A;N/A;N/A;N/A;N/A;"1600 cc";N/A;6;N/A;N/A;Sí;Sí;Sí;N/A;Sí;N/A;N/A;N/A;N/A;N/A;N/A;N/A;N/A;N/A;N/A;N/A;N/A;N/A;N/A;N/A;N/A;Sí;N/A;Sí;N/A;Sí;N/A;N/A;N/A;N/A;N/A;N/A;N/A;N/A;Sí;N/A;N/A;N/A;N/A;N/A;Sí;N/A;N/A;N/A;N/A;N/A;N/A;N/A;N/A;N/A;N/A;Exclusive;N/A;N/A;N/A;N/A;N/A;N/A;Sí;Sí;Sí;Sí;Sí;Sí;N/A;Sí;N/A;N/A;N/A;N/A;N/A;N/A;"Lun. a Vie. 9:30 a 13 y 14 a 19 hs. Sáb. 9:30 a 13:30 hs.";4;1.6;Nafta;Automática;Sedán;"Autos y camionetas";No;N/A;N/A;N/A;No;N/A;N/A;No;Sí;No;No;N/A;N/A;N/A;N/A;N/A;N/A;N/A;N/A;N/A;N/A;N/A;N/A;N/A;N/A;N/A;N/A;N/A;N/A;N/A;N/A;N/A;N/A;N/A;N/A;N/A;N/A;N/A;N/A;N/A;N/A;N/A;N/A;N/A;N/A;N/A;N/A;N/A;N/A;N/A;N/A;N/A;N/A;N/A;N/A;N/A;N/A;N/A;N/A;N/A;N/A;Sí;No;N/A;N/A;N/A;N/A;N/A;N/A;N/A;N/A;N/A;N/A;N/A;N/A;N/A;N/A;N/A;N/A;N/A;N/A;N/A;N/A;N/A;N/A;N/A;N/A;N/A;N/A;N/A;N/A;N/A;N/A;N/A;N/A;N/A;Sí;Sí;Sí;Sí;Sí;Sí;Sí;N/A;Sí;Sí;N/A;N/A;N/A;N/A;Sí;Sí;Sí;N/A;Sí;N/A;Sí;N/A;N/A;N/A;N/A;Sí
Nissan;Versa;"Advance CVT automático";2023;"0 km";;"OSCARPISANO RENAULT-NISSAN";28490;;;;;Sayago;https://auto.mercadolibre.com.uy/MLU-640137694-nissan-versa-advance-cvt-automatico-16-2023-0km-_JM;N/A;;"Nissan Versa Advance Cvt Automático 1.6 2023 0km";USD;Sí;silver;false;N/A;N/A;http://perfil.mercadolibre.com.uy/OSCARPISANO+RENAULT-NISSAN;active;N/A;N/A;Nuevo;Rojo;N/A;Eléctrica;N/A;No;Sí;Sí;No;Sí;No;Sí;No;Sí;No;Sí;Sí;Sí;No;Sí;N/A;N/A;N/A;N/A;N/A;N/A;N/A;N/A;N/A;N/A;N/A;"1600 cc";N/A;6;N/A;No;Sí;Sí;No;Sí;No;No;No;No;No;No;No;No;No;No;No;No;No;No;No;No;No;No;No;Sí;No;No;N/A;No;N/A;No;No;No;No;No;Sí;No;No;No;No;No;Sí;N/A;No;N/A;N/A;N/A;N/A;N/A;N/A;N/A;N/A;Advance;N/A;N/A;N/A;N/A;No;No;Sí;No;No;No;Sí;No;No;No;"16 km/l";No;No;No;No;No;"Lun. a Vie. de 8:30 a 18:30 hs. Sáb. de 9 a 13 hs";4;1.6;Nafta;Automática;Sedán;"Autos y camionetas";No;N/A;N/A;N/A;No;N/A;N/A;No;Sí;No;No;N/A;N/A;N/A;N/A;N/A;N/A;N/A;N/A;N/A;N/A;No;N/A;N/A;No;N/A;N/A;N/A;N/A;N/A;N/A;N/A;N/A;N/A;N/A;No;N/A;N/A;N/A;N/A;N/A;N/A;N/A;Sí;N/A;N/A;N/A;N/A;N/A;N/A;N/A;N/A;N/A;No;N/A;N/A;N/A;No;No;N/A;N/A;Sí;No;No;No;N/A;N/A;N/A;N/A;N/A;No;N/A;N/A;N/A;N/A;N/A;N/A;N/A;N/A;N/A;N/A;N/A;No;N/A;N/A;N/A;N/A;N/A;N/A;N/A;N/A;No;No;N/A;N/A;Sí;Sí;No;Sí;Sí;Sí;Sí;Sí;No;No;Sí;No;No;No;No;No;No;No;No;Sí;Sí;Sí;No;No;Sí;Sí;Sí
Nissan;Versa;"Advance Cvt";2024;"0 km";;"OSCARPISANO RENAULT-NISSAN";28490;;;;;Sayago;https://auto.mercadolibre.com.uy/MLU-631672706-nissan-versa-advance-cvt-2024-0km-_JM;N/A;;"Nissan Versa Advance Cvt 2024 0km";USD;Sí;silver;false;N/A;N/A;http://perfil.mercadolibre.com.uy/OSCARPISANO+RENAULT-NISSAN;active;N/A;N/A;Nuevo;Negro;N/A;Eléctrica;N/A;Sí;Sí;Sí;No;Sí;No;Sí;Sí;No;No;Sí;Sí;Sí;No;Sí;N/A;N/A;N/A;N/A;N/A;N/A;N/A;N/A;N/A;N/A;N/A;N/A;N/A;6;N/A;No;Sí;Sí;Sí;Sí;No;No;No;No;No;No;No;No;No;No;No;No;No;No;No;No;No;No;No;Sí;No;No;N/A;No;N/A;No;No;No;No;No;Sí;No;No;No;No;No;No;N/A;No;N/A;N/A;N/A;N/A;N/A;N/A;N/A;N/A;Advance;N/A;N/A;N/A;N/A;No;No;No;No;Sí;No;Sí;Sí;No;No;N/A;No;No;No;No;No;"Lun. a Vie. de 8:30 a 18:30 hs. Sáb. de 9 a 13 hs";4;N/A;Nafta;Automática;Sedán;"Autos y camionetas";No;N/A;N/A;N/A;No;N/A;N/A;No;Sí;No;No;N/A;N/A;N/A;N/A;N/A;N/A;N/A;N/A;N/A;N/A;No;N/A;N/A;No;N/A;N/A;N/A;N/A;N/A;N/A;N/A;N/A;N/A;N/A;No;N/A;N/A;N/A;N/A;N/A;N/A;N/A;Sí;N/A;N/A;N/A;N/A;N/A;N/A;N/A;N/A;N/A;No;N/A;N/A;N/A;No;No;N/A;N/A;Sí;No;No;No;N/A;N/A;N/A;N/A;N/A;No;N/A;N/A;N/A;N/A;N/A;N/A;N/A;N/A;N/A;N/A;N/A;No;N/A;N/A;N/A;N/A;N/A;N/A;N/A;N/A;No;No;N/A;N/A;No;Sí;Sí;Sí;Sí;Sí;Sí;Sí;No;Sí;Sí;No;No;No;No;No;Sí;No;No;Sí;No;Sí;No;No;Sí;Sí;Sí
Nissan;Versa;Sense;2024;"0 km";;"OSCARPISANO RENAULT-NISSAN";25990;;;;;Sayago;https://auto.mercadolibre.com.uy/MLU-631238144-nissan-versa-sense-16-2024-0km-_JM;N/A;;"Nissan Versa Sense 1.6 2024 0km";USD;Sí;silver;false;N/A;N/A;http://perfil.mercadolibre.com.uy/OSCARPISANO+RENAULT-NISSAN;active;N/A;N/A;Nuevo;Plateado;N/A;Eléctrica;N/A;Sí;Sí;Sí;No;Sí;No;Sí;No;No;No;Sí;Sí;Sí;No;Sí;N/A;N/A;N/A;N/A;N/A;N/A;N/A;N/A;N/A;N/A;N/A;"1600 cc";N/A;5;N/A;No;Sí;Sí;Sí;Sí;No;No;No;No;No;No;No;No;No;No;No;No;No;No;No;No;No;No;No;Sí;No;No;N/A;No;N/A;No;No;No;No;No;Sí;No;No;No;No;No;No;N/A;No;N/A;N/A;N/A;N/A;N/A;N/A;N/A;N/A;Sense;N/A;N/A;N/A;N/A;No;No;No;No;Sí;No;Sí;No;No;No;N/A;No;No;No;No;No;"Lun. a Vie. de 8:30 a 18:30 hs. Sáb. de 9 a 13 hs";4;1.6;Nafta;Manual;Sedán;"Autos y camionetas";No;N/A;N/A;N/A;No;N/A;N/A;No;Sí;No;No;N/A;N/A;N/A;N/A;N/A;N/A;N/A;N/A;N/A;N/A;No;N/A;N/A;No;N/A;N/A;N/A;N/A;N/A;N/A;N/A;N/A;N/A;N/A;No;N/A;N/A;N/A;N/A;N/A;N/A;N/A;Sí;N/A;N/A;N/A;N/A;N/A;N/A;N/A;N/A;N/A;No;N/A;N/A;N/A;No;No;N/A;N/A;Sí;No;No;No;N/A;N/A;N/A;N/A;N/A;No;N/A;N/A;N/A;N/A;N/A;N/A;N/A;N/A;N/A;N/A;N/A;No;N/A;N/A;N/A;N/A;N/A;N/A;N/A;N/A;No;No;N/A;N/A;No;Sí;Sí;No;Sí;Sí;Sí;Sí;No;No;Sí;No;No;No;No;No;No;No;No;Sí;Sí;Sí;No;No;Sí;Sí;Sí
Nissan;Frontier;"PRO4EX DIESEL AUTOMÁTICA";2023;"0 km";;"OSCARPISANO RENAULT-NISSAN";69538;;;;;Sayago;https://auto.mercadolibre.com.uy/MLU-635173909-nissan-frontier-pro4ex-diesel-automatica-25-2023-0km-_JM;N/A;;"Nissan Frontier Pro4ex Diesel Automática 2.5 2023 0km";USD;Sí;silver;false;N/A;N/A;http://perfil.mercadolibre.com.uy/OSCARPISANO+RENAULT-NISSAN;active;N/A;N/A;Nuevo;"Gris oscuro";N/A;Eléctrica;N/A;No;No;Sí;No;No;No;Sí;Sí;Sí;No;Sí;Sí;Sí;No;No;N/A;N/A;N/A;N/A;N/A;N/A;N/A;N/A;N/A;N/A;N/A;"2500 cc";N/A;7;N/A;No;Sí;Sí;Sí;No;No;No;No;No;No;No;No;No;No;No;No;No;No;No;No;No;No;Sí;No;Sí;No;Sí;N/A;No;N/A;No;No;No;No;No;No;No;No;No;No;No;Sí;N/A;No;N/A;N/A;N/A;N/A;N/A;N/A;N/A;"188 hp";N/A;N/A;N/A;N/A;"9 km/l";No;No;Sí;No;Sí;Sí;Sí;No;No;No;"11 km/l";No;No;No;No;No;"Lun. a Sáb. de 9:30 a 18:30 hs. Dom. de 9:30 a 13 hs";5;2.5;Diésel;Automática;Pick-Up;"Autos y camionetas";No;N/A;N/A;N/A;No;N/A;N/A;No;Sí;No;No;N/A;N/A;N/A;N/A;N/A;N/A;N/A;N/A;N/A;N/A;No;N/A;N/A;No;N/A;N/A;N/A;N/A;N/A;N/A;N/A;N/A;N/A;N/A;No;N/A;N/A;N/A;N/A;N/A;N/A;N/A;Sí;N/A;N/A;N/A;N/A;N/A;N/A;N/A;N/A;N/A;No;N/A;N/A;N/A;No;No;N/A;N/A;Sí;No;No;No;N/A;N/A;N/A;N/A;N/A;No;N/A;N/A;N/A;N/A;N/A;N/A;N/A;N/A;N/A;N/A;N/A;No;N/A;N/A;N/A;N/A;N/A;N/A;N/A;N/A;No;No;N/A;N/A;No;Sí;No;No;Sí;Sí;Sí;Sí;No;Sí;Sí;Sí;Sí;No;No;No;Sí;No;No;Sí;Sí;Sí;No;No;No;No;Sí
Nissan;"NP300 Frontier";"2.5 Le Diesel Aa 4x4 At";2016;"298000 km";;URU0007;32500;;;;;Pocitos;https://auto.mercadolibre.com.uy/MLU-664605012-nissan-np300-_JM;N/A;;"Nissan Np300";usd;Sí;silver;false;N/A;N/A;http://perfil.mercadolibre.com.uy/URU0007;active;N/A;N/A;Usado;Gris;N/A;Hidráulica;4x4;Sí;N/A;N/A;N/A;N/A;N/A;N/A;N/A;Sí;N/A;N/A;N/A;N/A;N/A;N/A;N/A;N/A;N/A;N/A;N/A;N/A;N/A;N/A;N/A;N/A;"3150 mm";"2.5 L";"80 L";7;N/A;N/A;N/A;N/A;N/A;N/A;N/A;N/A;N/A;N/A;N/A;N/A;N/A;N/A;N/A;N/A;N/A;N/A;N/A;N/A;N/A;N/A;N/A;N/A;N/A;N/A;N/A;N/A;N/A;N/A;N/A;N/A;N/A;Sí;Sí;Sí;N/A;N/A;N/A;N/A;N/A;N/A;N/A;N/A;N/A;"1860 mm";"5258 mm";N/A;N/A;N/A;N/A;N/A;"188 hp";Le;N/A;4;"1850 mm";N/A;N/A;N/A;N/A;N/A;N/A;N/A;N/A;N/A;N/A;N/A;N/A;N/A;N/A;N/A;N/A;N/A;"lunes a sabado de 7 a 19";2;2.5;Diésel;Automática;Pick-Up;"Autos y camionetas";N/A;N/A;N/A;N/A;N/A;N/A;UY;N/A;N/A;N/A;N/A;N/A;N/A;N/A;N/A;N/A;N/A;N/A;N/A;N/A;N/A;N/A;N/A;N/A;N/A;N/A;N/A;N/A;N/A;N/A;N/A;N/A;N/A;N/A;N/A;N/A;N/A;N/A;N/A;N/A;N/A;N/A;N/A;N/A;N/A;N/A;N/A;N/A;N/A;N/A;N/A;N/A;N/A;N/A;N/A;N/A;N/A;N/A;N/A;N/A;N/A;N/A;N/A;N/A;N/A;N/A;N/A;N/A;N/A;N/A;N/A;N/A;N/A;N/A;N/A;N/A;N/A;N/A;N/A;N/A;N/A;N/A;N/A;N/A;N/A;N/A;N/A;N/A;N/A;N/A;N/A;N/A;N/A;N/A;N/A;N/A;Sí;N/A;Sí;N/A;N/A;N/A;N/A;Sí;N/A;Sí;N/A;N/A;N/A;N/A;N/A;Sí;Sí;N/A;Sí;N/A;N/A;N/A;N/A;Sí;N/A;Sí
Nissan;Kicks;"Advance Mt";2019;"76173 km";;MARTINCH77;22500;;;;;Pando;https://auto.mercadolibre.com.uy/MLU-657888042-nissan-kicks-advance-mt-16-2019-impecable-financio-_JM;N/A;;"Nissan Kicks Advance Mt 1.6 2019 Impecable! Financio";USD;Sí;silver;false;N/A;N/A;http://perfil.mercadolibre.com.uy/MARTINCH77;active;N/A;N/A;Usado;"Gris oscuro";Sí;Eléctrica;N/A;Sí;Sí;Sí;N/A;N/A;N/A;Sí;Sí;N/A;N/A;Sí;Sí;Sí;N/A;Sí;N/A;N/A;N/A;N/A;N/A;N/A;N/A;N/A;N/A;N/A;N/A;"1600 cc";N/A;N/A;N/A;N/A;N/A;N/A;Sí;N/A;N/A;N/A;N/A;N/A;N/A;N/A;N/A;N/A;N/A;N/A;N/A;N/A;N/A;N/A;N/A;N/A;N/A;Sí;N/A;Sí;N/A;Sí;N/A;N/A;N/A;N/A;N/A;N/A;N/A;N/A;Sí;N/A;N/A;N/A;N/A;N/A;Sí;N/A;N/A;N/A;N/A;N/A;N/A;N/A;N/A;N/A;N/A;Advance;N/A;N/A;N/A;"12 km/l";N/A;N/A;N/A;Sí;N/A;Sí;Sí;Sí;N/A;N/A;"15 km/l";N/A;N/A;N/A;N/A;Sí;"Lun. a Vie. de 9 a 12 y 13 a 18 hs. Sáb. de 9 a 12 hs";4;1.6;Nafta;Manual;SUV;"Autos y camionetas";No;N/A;N/A;N/A;No;N/A;N/A;No;Sí;No;No;N/A;N/A;N/A;N/A;N/A;N/A;N/A;N/A;N/A;N/A;N/A;N/A;N/A;N/A;N/A;N/A;N/A;N/A;N/A;N/A;N/A;N/A;N/A;N/A;N/A;N/A;N/A;N/A;N/A;N/A;N/A;N/A;N/A;N/A;N/A;N/A;N/A;N/A;N/A;N/A;N/A;N/A;N/A;N/A;N/A;N/A;N/A;N/A;N/A;N/A;N/A;No;N/A;N/A;N/A;N/A;N/A;N/A;N/A;N/A;N/A;N/A;N/A;N/A;N/A;N/A;N/A;N/A;N/A;N/A;N/A;N/A;N/A;N/A;N/A;N/A;N/A;N/A;N/A;N/A;N/A;N/A;N/A;N/A;N/A;Sí;N/A;Sí;N/A;Sí;N/A;Sí;N/A;Sí;Sí;N/A;Sí;N/A;N/A;N/A;Sí;Sí;N/A;Sí;Sí;Sí;N/A;N/A;N/A;N/A;Sí
Nissan;Versa;Exclusive;2024;"0 km";;"OSCARPISANO RENAULT-NISSAN";30490;;;;;Sayago;https://auto.mercadolibre.com.uy/MLU-652419736-nissan-versa-exclusive-16-2024-0km-_JM;N/A;;"Nissan Versa Exclusive 1.6 2024 0km";USD;Sí;silver;false;N/A;N/A;http://perfil.mercadolibre.com.uy/OSCARPISANO+RENAULT-NISSAN;active;N/A;N/A;Nuevo;"Gris oscuro";N/A;Eléctrica;N/A;N/A;Sí;Sí;N/A;Sí;N/A;Sí;N/A;Sí;N/A;Sí;Sí;Sí;N/A;N/A;N/A;N/A;N/A;N/A;N/A;N/A;N/A;N/A;N/A;N/A;N/A;"1600 cc";N/A;6;N/A;N/A;Sí;Sí;N/A;Sí;N/A;N/A;N/A;N/A;N/A;N/A;N/A;N/A;N/A;N/A;N/A;N/A;N/A;N/A;N/A;N/A;N/A;N/A;N/A;Sí;N/A;N/A;N/A;N/A;N/A;N/A;N/A;N/A;N/A;N/A;N/A;N/A;N/A;N/A;N/A;N/A;Sí;N/A;N/A;N/A;N/A;N/A;N/A;N/A;N/A;N/A;N/A;Exclusive;N/A;N/A;N/A;N/A;N/A;N/A;Sí;N/A;Sí;N/A;Sí;N/A;N/A;N/A;N/A;N/A;N/A;N/A;N/A;N/A;"Lun. a Vie. de 8:30 a 18:30 hs. Sáb. de 9 a 13 hs";4;1.6;Nafta;Automática;Sedán;"Autos y camionetas";No;N/A;N/A;N/A;No;N/A;N/A;No;Sí;No;No;N/A;N/A;N/A;N/A;N/A;N/A;N/A;N/A;N/A;N/A;N/A;N/A;N/A;N/A;N/A;N/A;N/A;N/A;N/A;N/A;N/A;N/A;N/A;N/A;N/A;N/A;N/A;N/A;N/A;N/A;N/A;N/A;Sí;N/A;N/A;N/A;N/A;N/A;N/A;N/A;N/A;N/A;N/A;N/A;N/A;N/A;N/A;N/A;N/A;N/A;Sí;No;N/A;N/A;N/A;N/A;N/A;N/A;N/A;N/A;N/A;N/A;N/A;N/A;N/A;N/A;N/A;N/A;N/A;N/A;N/A;N/A;N/A;N/A;N/A;N/A;N/A;N/A;N/A;N/A;N/A;N/A;N/A;N/A;N/A;Sí;Sí;Sí;Sí;Sí;Sí;Sí;N/A;Sí;Sí;N/A;Sí;N/A;N/A;Sí;N/A;N/A;N/A;Sí;Sí;Sí;N/A;N/A;Sí;N/A;Sí
Nissan;March;"1.6 Advance Mt";2014;"95000 km";;"AUTOMOTORA MARMOTORS";12500;;;;;"La Teja";https://auto.mercadolibre.com.uy/MLU-632654787-nissan-march-_JM;N/A;;"Nissan March";usd;Sí;silver;false;N/A;N/A;http://perfil.mercadolibre.com.uy/AUTOMOTORA+MARMOTORS;active;N/A;N/A;Usado;Blanco;N/A;Hidráulica;Delantera;Sí;N/A;N/A;N/A;N/A;N/A;N/A;N/A;N/A;N/A;N/A;N/A;N/A;N/A;N/A;N/A;N/A;N/A;N/A;N/A;N/A;N/A;N/A;N/A;N/A;"2450 mm";"1.6 L";"41 L";N/A;N/A;N/A;N/A;N/A;N/A;N/A;N/A;N/A;N/A;N/A;N/A;N/A;N/A;N/A;N/A;N/A;N/A;N/A;N/A;N/A;N/A;N/A;N/A;N/A;N/A;N/A;N/A;N/A;N/A;N/A;N/A;N/A;N/A;N/A;N/A;N/A;N/A;N/A;N/A;N/A;N/A;N/A;N/A;N/A;N/A;"1532 mm";"3827 mm";N/A;N/A;N/A;N/A;5;"109 hp";Advance;N/A;N/A;"1665 mm";N/A;N/A;N/A;N/A;N/A;N/A;N/A;N/A;N/A;N/A;N/A;N/A;N/A;N/A;N/A;N/A;N/A;N/A;5;1.6;Nafta;Manual;Hatchback;"Autos y camionetas";N/A;N/A;N/A;N/A;N/A;N/A;UY;N/A;N/A;N/A;N/A;N/A;N/A;N/A;N/A;N/A;N/A;N/A;N/A;N/A;N/A;N/A;N/A;N/A;N/A;N/A;N/A;N/A;N/A;N/A;N/A;N/A;N/A;N/A;N/A;N/A;N/A;N/A;N/A;N/A;N/A;N/A;N/A;N/A;N/A;N/A;N/A;N/A;N/A;N/A;N/A;N/A;N/A;N/A;N/A;N/A;N/A;N/A;N/A;N/A;N/A;N/A;N/A;N/A;N/A;N/A;N/A;N/A;N/A;N/A;N/A;N/A;N/A;N/A;N/A;N/A;N/A;N/A;N/A;N/A;N/A;N/A;N/A;N/A;N/A;N/A;N/A;N/A;N/A;N/A;N/A;N/A;N/A;N/A;N/A;N/A;Sí;N/A;N/A;N/A;N/A;N/A;N/A;N/A;N/A;N/A;N/A;N/A;N/A;N/A;N/A;N/A;N/A;N/A;Sí;N/A;N/A;N/A;N/A;N/A;N/A;N/A
Nissan;Frontier;-;2015;"188000 km";;"REYES AUTOMOVILES";11490;;;;;Shangrilá;https://auto.mercadolibre.com.uy/MLU-665982898-nissan-frontier-24-2015-impecable-reyes-automoviles-_JM;N/A;;"Nissan Frontier 2.4 2015 Impecable! - Reyes Automóviles";USD;Sí;silver;false;N/A;N/A;http://perfil.mercadolibre.com.uy/REYES+AUTOMOVILES;active;N/A;N/A;Usado;Plateado;Sí;Hidráulica;N/A;Sí;N/A;N/A;N/A;N/A;N/A;Sí;N/A;N/A;N/A;N/A;N/A;N/A;N/A;N/A;N/A;N/A;N/A;N/A;N/A;N/A;N/A;N/A;N/A;N/A;N/A;"2400 cc";N/A;5;N/A;N/A;N/A;N/A;N/A;N/A;N/A;N/A;N/A;N/A;N/A;N/A;N/A;N/A;N/A;N/A;N/A;N/A;N/A;N/A;N/A;N/A;N/A;N/A;N/A;N/A;N/A;N/A;N/A;N/A;N/A;N/A;N/A;N/A;N/A;N/A;N/A;N/A;N/A;N/A;N/A;N/A;N/A;N/A;N/A;N/A;N/A;N/A;N/A;N/A;N/A;N/A;N/A;N/A;N/A;N/A;N/A;"9 km/l";N/A;N/A;N/A;Sí;N/A;N/A;N/A;N/A;N/A;N/A;"11 km/l";N/A;N/A;N/A;N/A;N/A;"Lun. a Vie. de 10 a 18 hs.";4;2.4;Nafta;Manual;Pick-Up;"Autos y camionetas";No;N/A;N/A;N/A;No;N/A;N/A;No;Sí;No;No;N/A;N/A;N/A;N/A;N/A;N/A;N/A;N/A;N/A;N/A;N/A;N/A;N/A;N/A;N/A;N/A;N/A;N/A;N/A;N/A;N/A;N/A;N/A;N/A;N/A;N/A;N/A;N/A;N/A;N/A;N/A;N/A;N/A;N/A;N/A;N/A;N/A;N/A;N/A;N/A;N/A;N/A;N/A;N/A;N/A;N/A;N/A;N/A;N/A;N/A;N/A;No;N/A;N/A;N/A;N/A;N/A;N/A;N/A;N/A;N/A;N/A;N/A;N/A;N/A;N/A;N/A;N/A;N/A;N/A;N/A;N/A;N/A;N/A;N/A;N/A;N/A;N/A;N/A;N/A;N/A;N/A;N/A;N/A;N/A;Sí;N/A;N/A;N/A;Sí;N/A;N/A;N/A;N/A;Sí;N/A;N/A;N/A;N/A;N/A;N/A;N/A;N/A;Sí;N/A;Sí;N/A;N/A;Sí;Sí;Sí
Nissan;NP300;"2.4 Doble Cabina Típica Audio Mt";2010;"229000 km";;CREDILAR-MOTORS;11990;;;;;Salto;https://auto.mercadolibre.com.uy/MLU-659576788-nissan-_JM;N/A;;Nissan;usd;Sí;silver;false;N/A;N/A;http://perfil.mercadolibre.com.uy/CREDILAR-MOTORS;active;N/A;N/A;Usado;Plateado;N/A;Hidráulica;4x4;Sí;N/A;N/A;N/A;N/A;N/A;N/A;N/A;N/A;N/A;N/A;N/A;N/A;N/A;N/A;N/A;N/A;N/A;N/A;N/A;N/A;N/A;N/A;N/A;N/A;"2950 mm";"2.4 L";"65 L";N/A;N/A;N/A;N/A;N/A;N/A;N/A;N/A;N/A;N/A;N/A;N/A;N/A;N/A;N/A;N/A;N/A;N/A;N/A;N/A;N/A;N/A;N/A;N/A;N/A;N/A;N/A;N/A;N/A;N/A;N/A;N/A;N/A;N/A;N/A;N/A;N/A;N/A;N/A;N/A;N/A;N/A;N/A;N/A;N/A;N/A;"1620 mm";"4925 mm";N/A;N/A;N/A;N/A;N/A;N/A;N/A;N/A;N/A;"1690 mm";N/A;N/A;N/A;N/A;N/A;N/A;N/A;N/A;N/A;N/A;N/A;N/A;N/A;N/A;N/A;N/A;N/A;"24 HS";4;2.4;Nafta;Manual;Pick-Up;"Autos y camionetas";N/A;N/A;N/A;N/A;N/A;N/A;UY;N/A;N/A;N/A;N/A;N/A;N/A;N/A;N/A;N/A;N/A;N/A;N/A;N/A;N/A;N/A;N/A;N/A;N/A;N/A;N/A;N/A;N/A;N/A;N/A;N/A;N/A;N/A;N/A;N/A;N/A;N/A;N/A;N/A;N/A;N/A;N/A;N/A;N/A;N/A;N/A;N/A;N/A;N/A;N/A;N/A;N/A;N/A;N/A;N/A;N/A;N/A;N/A;N/A;N/A;N/A;N/A;N/A;N/A;N/A;N/A;N/A;N/A;N/A;N/A;N/A;N/A;N/A;N/A;N/A;N/A;N/A;N/A;N/A;N/A;N/A;N/A;N/A;N/A;N/A;N/A;N/A;N/A;N/A;N/A;N/A;N/A;N/A;N/A;N/A;Sí;N/A;N/A;N/A;N/A;N/A;N/A;N/A;N/A;N/A;N/A;N/A;N/A;N/A;N/A;N/A;N/A;N/A;Sí;N/A;N/A;N/A;N/A;N/A;N/A;N/A
Nissan;Tiida;"1.8 Premium Mt";2011;"95000 km";;"ETCHENIQUE AUTOMÓVILES";12300;;;;;Cordón;https://auto.mercadolibre.com.uy/MLU-666270272-nissan-tiida-18-extra-full-ctecho-excelente-estado-_JM;N/A;;"Nissan Tiida 1.8 Extra Full C/techo Excelente Estado";usd;Sí;silver;false;N/A;N/A;http://perfil.mercadolibre.com.uy/ETCHENIQUE+AUTOM%C3%93VILES;active;N/A;N/A;Usado;Negro;N/A;Hidráulica;Delantera;Sí;Sí;N/A;N/A;N/A;N/A;N/A;N/A;N/A;N/A;N/A;N/A;Sí;N/A;N/A;N/A;N/A;N/A;N/A;N/A;N/A;N/A;N/A;N/A;N/A;"2600 mm";"1.8 L";"52 L";N/A;N/A;N/A;N/A;N/A;N/A;N/A;N/A;N/A;N/A;N/A;N/A;N/A;N/A;N/A;N/A;N/A;N/A;N/A;N/A;N/A;N/A;N/A;N/A;N/A;N/A;N/A;N/A;N/A;N/A;N/A;N/A;N/A;N/A;N/A;N/A;N/A;N/A;N/A;N/A;N/A;N/A;N/A;N/A;N/A;N/A;"1548 mm";"4297 mm";N/A;N/A;N/A;N/A;N/A;N/A;Premium;N/A;N/A;"1695 mm";N/A;N/A;N/A;N/A;Sí;N/A;Sí;N/A;N/A;Sí;N/A;N/A;N/A;N/A;N/A;N/A;N/A;"Lunes a Viernes de 9:00 a 19:00 y Sábados de 9:00 a 13:00hs.";5;1.8;Nafta;Manual;Hatchback;"Autos y camionetas";N/A;N/A;N/A;N/A;N/A;N/A;UY;N/A;Sí;N/A;N/A;N/A;N/A;N/A;N/A;N/A;N/A;N/A;N/A;N/A;N/A;N/A;N/A;N/A;N/A;N/A;N/A;N/A;N/A;N/A;N/A;N/A;N/A;N/A;N/A;N/A;N/A;N/A;N/A;N/A;N/A;N/A;N/A;N/A;N/A;N/A;N/A;N/A;N/A;N/A;N/A;N/A;N/A;N/A;N/A;N/A;N/A;N/A;N/A;N/A;N/A;N/A;N/A;N/A;N/A;N/A;N/A;N/A;N/A;N/A;N/A;N/A;N/A;N/A;N/A;N/A;N/A;N/A;N/A;N/A;N/A;N/A;N/A;N/A;N/A;N/A;N/A;N/A;N/A;N/A;N/A;N/A;N/A;N/A;N/A;N/A;Sí;N/A;Sí;N/A;Sí;N/A;N/A;N/A;N/A;Sí;N/A;N/A;N/A;N/A;N/A;N/A;Sí;N/A;Sí;Sí;N/A;Sí;N/A;Sí;N/A;N/A
Nissan;Tiida;"1.8 Special Edition Mt";2013;"163000 km";;"MASANTI AUTOMOVILES_JAVIER";12900;;;;;"Barros Blancos";https://auto.mercadolibre.com.uy/MLU-635365335-nissan-tiida-2013-18-special-edition-mt-masanti-_JM;N/A;;"Nissan Tiida 2013 1.8 Special Edition Mt Masanti";usd;Sí;silver;false;N/A;N/A;http://perfil.mercadolibre.com.uy/MASANTI+AUTOMOVILES_JAVIER;active;N/A;N/A;Usado;Negro;N/A;Hidráulica;Delantera;Sí;N/A;N/A;N/A;N/A;N/A;N/A;N/A;N/A;N/A;N/A;N/A;N/A;N/A;N/A;N/A;N/A;N/A;N/A;N/A;N/A;N/A;N/A;N/A;N/A;"2600 mm";"1.8 L";"52 L";N/A;N/A;N/A;N/A;N/A;N/A;N/A;N/A;N/A;N/A;N/A;N/A;N/A;N/A;N/A;N/A;N/A;N/A;N/A;N/A;N/A;N/A;N/A;N/A;N/A;N/A;N/A;N/A;N/A;N/A;N/A;N/A;N/A;N/A;N/A;N/A;N/A;N/A;N/A;N/A;N/A;N/A;N/A;N/A;N/A;N/A;"1548 mm";"4297 mm";N/A;N/A;N/A;N/A;N/A;N/A;"Special Edition";N/A;N/A;"1695 mm";N/A;N/A;N/A;N/A;N/A;N/A;N/A;N/A;N/A;N/A;N/A;N/A;N/A;N/A;N/A;N/A;N/A;N/A;5;1.8;Nafta;Manual;Hatchback;"Autos y camionetas";N/A;N/A;N/A;N/A;N/A;N/A;UY;N/A;N/A;N/A;N/A;N/A;N/A;N/A;N/A;N/A;N/A;N/A;N/A;N/A;N/A;N/A;N/A;N/A;N/A;N/A;N/A;N/A;N/A;N/A;N/A;N/A;N/A;N/A;N/A;N/A;N/A;N/A;N/A;N/A;N/A;N/A;N/A;N/A;N/A;N/A;N/A;N/A;N/A;N/A;N/A;N/A;N/A;N/A;N/A;N/A;N/A;N/A;N/A;N/A;N/A;N/A;N/A;N/A;N/A;N/A;N/A;N/A;N/A;N/A;N/A;N/A;N/A;N/A;N/A;N/A;N/A;N/A;N/A;N/A;N/A;N/A;N/A;N/A;N/A;N/A;N/A;N/A;N/A;N/A;N/A;N/A;N/A;N/A;N/A;N/A;Sí;N/A;N/A;N/A;N/A;N/A;N/A;N/A;N/A;N/A;N/A;N/A;N/A;N/A;N/A;N/A;N/A;N/A;Sí;N/A;N/A;N/A;N/A;N/A;N/A;N/A
Nissan;Qashqai;"2.0 Exclusive 4x4";2018;"85000 km";;"GR AUTOMOVILES";26900;;;;;Tacuarembó;https://auto.mercadolibre.com.uy/MLU-666226054-nissan-qashqai-20-exclusive-4x4-_JM;N/A;;"Nissan Qashqai 2.0 Exclusive 4x4";usd;Sí;silver;false;N/A;N/A;http://perfil.mercadolibre.com.uy/GR+AUTOMOVILES;active;N/A;N/A;Usado;Rojo;N/A;Hidráulica;4x4;Sí;N/A;N/A;N/A;N/A;N/A;N/A;N/A;N/A;N/A;N/A;N/A;N/A;N/A;N/A;N/A;N/A;N/A;N/A;N/A;N/A;N/A;N/A;N/A;N/A;"2705 mm";"2 L";"60 L";N/A;N/A;N/A;N/A;N/A;N/A;N/A;N/A;N/A;N/A;N/A;N/A;N/A;N/A;N/A;N/A;N/A;N/A;N/A;N/A;N/A;N/A;N/A;N/A;N/A;N/A;N/A;N/A;N/A;N/A;N/A;N/A;N/A;N/A;Sí;Sí;Sí;N/A;Sí;N/A;N/A;N/A;N/A;N/A;N/A;N/A;"1740 mm";"4690 mm";N/A;N/A;N/A;N/A;5;"150 hp";Exclusive;N/A;4;"1820 mm";N/A;N/A;N/A;N/A;N/A;N/A;N/A;Sí;N/A;Sí;N/A;N/A;N/A;N/A;N/A;N/A;N/A;N/A;5;2.0;Nafta;Automática;SUV;"Autos y camionetas";N/A;N/A;N/A;N/A;N/A;N/A;UY;N/A;N/A;N/A;N/A;N/A;N/A;N/A;N/A;N/A;N/A;N/A;N/A;N/A;N/A;N/A;N/A;N/A;N/A;N/A;N/A;N/A;N/A;N/A;N/A;N/A;N/A;N/A;N/A;N/A;N/A;N/A;N/A;N/A;N/A;N/A;N/A;N/A;N/A;N/A;N/A;N/A;N/A;N/A;N/A;N/A;N/A;N/A;N/A;N/A;N/A;N/A;N/A;N/A;N/A;N/A;N/A;N/A;N/A;N/A;N/A;N/A;N/A;N/A;N/A;N/A;N/A;N/A;N/A;N/A;N/A;N/A;N/A;N/A;N/A;N/A;N/A;N/A;N/A;N/A;N/A;N/A;N/A;N/A;N/A;N/A;N/A;N/A;N/A;N/A;Sí;N/A;Sí;N/A;N/A;N/A;N/A;Sí;N/A;Sí;N/A;N/A;N/A;N/A;N/A;Sí;Sí;N/A;Sí;N/A;Sí;N/A;N/A;Sí;N/A;Sí
Nissan;Versa;"Extra Full";2013;"147638 km";;D.MORALESAUTOMOTORES;11900;;;;;"San Jacinto";https://auto.mercadolibre.com.uy/MLU-666005772-nissan-versa-extra-full-16-2013-muy-buen-estado-_JM;N/A;;"Nissan Versa Extra Full 1.6 2013 Muy Buen Estado!";USD;Sí;silver;false;N/A;N/A;http://perfil.mercadolibre.com.uy/D.MORALESAUTOMOTORES;active;N/A;N/A;Usado;"Gris oscuro";Sí;Hidráulica;N/A;Sí;Sí;N/A;N/A;N/A;N/A;Sí;Sí;N/A;N/A;N/A;N/A;Sí;N/A;Sí;N/A;N/A;N/A;N/A;N/A;N/A;N/A;N/A;N/A;N/A;N/A;"1600 cc";N/A;5;N/A;N/A;N/A;N/A;N/A;N/A;N/A;N/A;N/A;N/A;N/A;N/A;N/A;N/A;N/A;N/A;N/A;N/A;N/A;N/A;N/A;N/A;N/A;N/A;N/A;N/A;N/A;N/A;N/A;N/A;N/A;N/A;N/A;N/A;N/A;N/A;N/A;N/A;N/A;N/A;N/A;N/A;N/A;N/A;N/A;N/A;N/A;N/A;N/A;N/A;N/A;N/A;N/A;N/A;N/A;N/A;N/A;N/A;N/A;N/A;N/A;N/A;Sí;N/A;N/A;Sí;N/A;N/A;N/A;N/A;N/A;N/A;N/A;N/A;"Lun. a Vie. de 9 a 18:30 hs. Sáb. de 9 a 12:30 hs";4;1.6;Nafta;Manual;Sedán;"Autos y camionetas";No;N/A;N/A;N/A;No;N/A;N/A;No;Sí;No;No;N/A;N/A;N/A;N/A;N/A;N/A;N/A;N/A;N/A;N/A;N/A;N/A;N/A;N/A;N/A;N/A;N/A;N/A;N/A;N/A;N/A;N/A;N/A;N/A;N/A;N/A;N/A;N/A;N/A;N/A;N/A;N/A;N/A;N/A;N/A;N/A;N/A;N/A;N/A;N/A;N/A;N/A;N/A;N/A;N/A;N/A;N/A;N/A;N/A;N/A;N/A;No;N/A;N/A;N/A;N/A;N/A;N/A;N/A;N/A;N/A;N/A;N/A;N/A;N/A;N/A;N/A;N/A;N/A;N/A;N/A;N/A;N/A;N/A;N/A;N/A;N/A;N/A;N/A;N/A;N/A;N/A;N/A;N/A;N/A;Sí;N/A;Sí;N/A;Sí;N/A;N/A;N/A;Sí;Sí;N/A;Sí;N/A;N/A;N/A;N/A;Sí;N/A;Sí;Sí;N/A;N/A;N/A;N/A;N/A;N/A
Nissan;Tiida;1.8;2012;"111 km";;MVDMOTORS;12290;;;;;"La Blanqueada";https://auto.mercadolibre.com.uy/MLU-635296111-nissan-tiida-18-extra-full-_JM;N/A;;"Nissan Tiida 1.8  Extra Full";USD;Sí;silver;false;N/A;N/A;http://perfil.mercadolibre.com.uy/MVDMOTORS;active;N/A;N/A;Usado;Negro;N/A;N/A;Delantera;Sí;Sí;N/A;N/A;N/A;N/A;N/A;N/A;N/A;N/A;N/A;N/A;Sí;N/A;Sí;N/A;N/A;N/A;N/A;N/A;N/A;N/A;N/A;N/A;N/A;N/A;N/A;N/A;N/A;N/A;N/A;N/A;N/A;N/A;N/A;N/A;N/A;N/A;N/A;N/A;N/A;N/A;N/A;N/A;N/A;N/A;N/A;N/A;N/A;N/A;N/A;N/A;N/A;N/A;N/A;N/A;N/A;N/A;N/A;N/A;N/A;N/A;N/A;N/A;N/A;N/A;N/A;N/A;N/A;N/A;N/A;N/A;N/A;N/A;N/A;N/A;N/A;N/A;N/A;N/A;N/A;N/A;N/A;N/A;N/A;N/A;N/A;N/A;N/A;Sí;N/A;N/A;Sí;Sí;N/A;Sí;N/A;N/A;N/A;N/A;N/A;N/A;N/A;"Lunes a Viernes 9 am a 19 hs, Sábados 9 am a 13 hs";5;N/A;Nafta;Manual;Sedán;"Autos y camionetas";N/A;N/A;N/A;N/A;N/A;N/A;N/A;N/A;Sí;N/A;N/A;N/A;N/A;N/A;N/A;N/A;N/A;N/A;N/A;N/A;N/A;N/A;N/A;N/A;Sí;N/A;N/A;N/A;N/A;N/A;N/A;N/A;N/A;N/A;N/A;N/A;N/A;N/A;N/A;N/A;N/A;N/A;N/A;N/A;N/A;N/A;N/A;N/A;N/A;N/A;N/A;N/A;N/A;N/A;N/A;N/A;N/A;N/A;N/A;N/A;N/A;N/A;N/A;N/A;N/A;N/A;N/A;N/A;N/A;N/A;N/A;N/A;N/A;N/A;N/A;N/A;N/A;N/A;N/A;N/A;N/A;N/A;N/A;N/A;N/A;N/A;N/A;N/A;N/A;N/A;N/A;N/A;N/A;N/A;N/A;N/A;Sí;Sí;Sí;N/A;Sí;N/A;N/A;N/A;N/A;Sí;N/A;N/A;N/A;N/A;N/A;Sí;Sí;N/A;Sí;Sí;Sí;Sí;Sí;Sí;N/A;Sí
Nissan;Kicks;"1.6 Exclusive At";2018;"92000 km";;ROVELLAAUTOMOVILES;19890;;;;;Goes;https://auto.mercadolibre.com.uy/MLU-665160962-nissan-kicks-exclusive-cvt-2018-en-excelente-estado-vendo-_JM;N/A;;"Nissan Kicks Exclusive Cvt  2018 En Excelente Estado Vendo!";usd;Sí;silver;false;N/A;N/A;http://perfil.mercadolibre.com.uy/ROVELLAAUTOMOVILES;active;N/A;N/A;Usado;Blanco;N/A;Hidráulica;Delantera;Sí;N/A;N/A;N/A;N/A;N/A;N/A;N/A;Sí;N/A;N/A;N/A;N/A;N/A;N/A;N/A;N/A;N/A;N/A;N/A;N/A;N/A;N/A;N/A;N/A;"2620 mm";"1.6 L";"50 L";N/A;N/A;N/A;N/A;N/A;N/A;N/A;N/A;N/A;N/A;N/A;N/A;N/A;N/A;N/A;N/A;N/A;N/A;N/A;N/A;N/A;N/A;N/A;N/A;N/A;N/A;N/A;N/A;N/A;N/A;N/A;N/A;N/A;N/A;Sí;Sí;N/A;N/A;Sí;N/A;N/A;N/A;N/A;N/A;N/A;N/A;"1590 mm";"4295 mm";N/A;N/A;N/A;N/A;5;"118 hp";Exclusive;N/A;4;"1760 mm";N/A;N/A;N/A;N/A;N/A;N/A;N/A;N/A;N/A;N/A;N/A;N/A;N/A;N/A;N/A;N/A;N/A;"LUNES A VIERNES 9 A 17HS";5;1.6;Nafta;Automática;SUV;"Autos y camionetas";N/A;N/A;N/A;N/A;N/A;N/A;UY;N/A;N/A;N/A;N/A;N/A;N/A;N/A;N/A;N/A;N/A;N/A;N/A;N/A;N/A;N/A;N/A;N/A;N/A;N/A;N/A;N/A;N/A;N/A;N/A;N/A;N/A;N/A;N/A;N/A;N/A;N/A;N/A;N/A;N/A;N/A;N/A;N/A;N/A;N/A;N/A;N/A;N/A;N/A;N/A;N/A;N/A;N/A;N/A;N/A;N/A;N/A;N/A;N/A;N/A;N/A;N/A;N/A;N/A;N/A;N/A;N/A;N/A;N/A;N/A;N/A;N/A;N/A;N/A;N/A;N/A;N/A;N/A;N/A;N/A;N/A;N/A;N/A;N/A;N/A;N/A;N/A;N/A;N/A;N/A;N/A;N/A;N/A;N/A;N/A;Sí;N/A;Sí;N/A;N/A;N/A;N/A;N/A;N/A;Sí;N/A;N/A;N/A;N/A;N/A;Sí;Sí;N/A;Sí;N/A;N/A;N/A;N/A;Sí;N/A;Sí
Nissan;Versa;"1.6 Advance";2021;"57000 km";;ROVELLAAUTOMOVILES;21890;;;;;Goes;https://auto.mercadolibre.com.uy/MLU-662821002-nissan-versa-advance-2021-con-57mil-km-en-impecable-estado-_JM;N/A;;"Nissan Versa Advance 2021 Con 57mil Km En Impecable Estado!";usd;Sí;silver;false;N/A;N/A;http://perfil.mercadolibre.com.uy/ROVELLAAUTOMOVILES;active;N/A;N/A;Usado;Gris;N/A;Hidráulica;Delantera;Sí;N/A;N/A;N/A;N/A;N/A;N/A;N/A;N/A;N/A;N/A;N/A;N/A;N/A;N/A;N/A;N/A;N/A;N/A;N/A;N/A;N/A;N/A;N/A;N/A;"2600 mm";"1.6 L";"41 L";5;N/A;N/A;N/A;N/A;N/A;N/A;N/A;N/A;N/A;N/A;N/A;N/A;N/A;N/A;N/A;N/A;N/A;N/A;N/A;N/A;N/A;N/A;N/A;N/A;N/A;N/A;N/A;N/A;N/A;N/A;N/A;N/A;N/A;Sí;Sí;N/A;N/A;N/A;N/A;N/A;N/A;N/A;N/A;N/A;N/A;"1506 mm";"4492 mm";N/A;N/A;N/A;N/A;5;"106 hp";Advance;N/A;4;"1695 mm";N/A;N/A;N/A;N/A;N/A;N/A;N/A;Sí;N/A;N/A;N/A;N/A;N/A;N/A;N/A;N/A;N/A;"LUNES A VIERNES 9 A 17HS";4;1.6;Nafta;Manual;Sedán;"Autos y camionetas";N/A;N/A;N/A;N/A;N/A;N/A;UY;N/A;N/A;N/A;N/A;N/A;N/A;N/A;N/A;N/A;N/A;N/A;N/A;N/A;N/A;N/A;N/A;N/A;N/A;N/A;N/A;N/A;N/A;N/A;N/A;N/A;N/A;N/A;N/A;N/A;N/A;N/A;N/A;N/A;N/A;N/A;N/A;N/A;N/A;N/A;N/A;N/A;N/A;N/A;N/A;N/A;N/A;N/A;N/A;N/A;N/A;N/A;N/A;N/A;N/A;N/A;N/A;N/A;N/A;N/A;N/A;N/A;N/A;N/A;N/A;N/A;N/A;N/A;N/A;N/A;N/A;N/A;N/A;N/A;N/A;N/A;N/A;N/A;N/A;N/A;N/A;N/A;N/A;N/A;N/A;N/A;N/A;N/A;N/A;N/A;Sí;N/A;Sí;N/A;N/A;N/A;N/A;Sí;N/A;Sí;N/A;N/A;N/A;N/A;N/A;N/A;Sí;N/A;Sí;N/A;N/A;N/A;N/A;Sí;N/A;N/A
Nissan;"NP300 Frontier";"2.5 S Doble Cabina";2018;"238000 km";;URU0007;17900;;;;;Pocitos;https://auto.mercadolibre.com.uy/MLU-657892270-nissan-frontier-nafta-4x2-_JM;N/A;;"Nissan Frontier Nafta 4x2";usd;Sí;silver;false;N/A;N/A;http://perfil.mercadolibre.com.uy/URU0007;active;N/A;N/A;Usado;Blanco;N/A;Hidráulica;4x2;Sí;N/A;N/A;N/A;N/A;N/A;N/A;N/A;N/A;N/A;N/A;N/A;N/A;N/A;N/A;N/A;N/A;N/A;N/A;N/A;N/A;N/A;N/A;N/A;N/A;"3150 mm";"2.5 L";"80 L";6;N/A;N/A;N/A;N/A;N/A;N/A;N/A;N/A;N/A;N/A;N/A;N/A;N/A;N/A;N/A;N/A;N/A;N/A;N/A;N/A;N/A;N/A;N/A;N/A;N/A;N/A;N/A;N/A;N/A;N/A;N/A;N/A;N/A;Sí;Sí;N/A;N/A;N/A;N/A;N/A;N/A;N/A;N/A;N/A;N/A;"1860 mm";"5258 mm";N/A;N/A;N/A;N/A;N/A;"161 hp";S;N/A;4;"1850 mm";N/A;N/A;N/A;N/A;N/A;N/A;N/A;N/A;N/A;N/A;N/A;N/A;N/A;N/A;N/A;N/A;N/A;7-7;4;2.5;Nafta;Manual;Pick-Up;"Autos y camionetas";N/A;N/A;N/A;N/A;N/A;N/A;UY;N/A;N/A;N/A;N/A;N/A;N/A;N/A;N/A;N/A;N/A;N/A;N/A;N/A;N/A;N/A;N/A;N/A;N/A;N/A;N/A;N/A;N/A;N/A;N/A;N/A;N/A;N/A;N/A;N/A;N/A;N/A;N/A;N/A;N/A;N/A;N/A;N/A;N/A;N/A;N/A;N/A;N/A;N/A;N/A;N/A;N/A;N/A;N/A;N/A;N/A;N/A;N/A;N/A;N/A;N/A;N/A;N/A;N/A;N/A;N/A;N/A;N/A;N/A;N/A;N/A;N/A;N/A;N/A;N/A;N/A;N/A;N/A;N/A;N/A;N/A;N/A;N/A;N/A;N/A;N/A;N/A;N/A;N/A;N/A;N/A;N/A;N/A;N/A;N/A;Sí;N/A;N/A;N/A;N/A;N/A;N/A;N/A;N/A;Sí;N/A;N/A;N/A;N/A;N/A;N/A;N/A;N/A;Sí;N/A;N/A;N/A;N/A;N/A;N/A;N/A
Nissan;Sentra;"B14 Super Saloon";1997;"280266 km";;D.MORALESAUTOMOTORES;6500;;;;;"San Jacinto";https://auto.mercadolibre.com.uy/MLU-659601762-nissan-sentra-b14-super-saloon-14-1997-buen-estado-_JM;N/A;;"Nissan Sentra B14 Super Saloon 1.4 1997 Buen Estado!";USD;Sí;silver;false;N/A;N/A;http://perfil.mercadolibre.com.uy/D.MORALESAUTOMOTORES;active;N/A;N/A;Usado;Bordó;N/A;Hidráulica;N/A;Sí;N/A;Sí;N/A;N/A;N/A;Sí;N/A;N/A;N/A;N/A;N/A;Sí;N/A;N/A;N/A;N/A;N/A;N/A;N/A;N/A;N/A;N/A;N/A;N/A;N/A;"1400 cc";N/A;5;N/A;N/A;N/A;N/A;N/A;N/A;N/A;N/A;N/A;N/A;N/A;N/A;N/A;N/A;N/A;N/A;N/A;N/A;N/A;N/A;N/A;N/A;N/A;N/A;N/A;N/A;N/A;N/A;N/A;N/A;N/A;N/A;N/A;N/A;N/A;N/A;N/A;N/A;N/A;N/A;N/A;N/A;N/A;N/A;N/A;N/A;N/A;N/A;N/A;N/A;N/A;N/A;N/A;N/A;N/A;N/A;N/A;N/A;N/A;N/A;N/A;N/A;N/A;N/A;N/A;N/A;N/A;N/A;N/A;N/A;N/A;N/A;N/A;N/A;"Lun. a Vie. de 9 a 18:30 hs. Sáb. de 9 a 12:30 hs";4;1.4;Nafta;Manual;Sedán;"Autos y camionetas";No;N/A;N/A;N/A;No;N/A;N/A;No;Sí;No;No;N/A;N/A;N/A;N/A;N/A;N/A;N/A;N/A;N/A;N/A;N/A;N/A;N/A;N/A;N/A;N/A;N/A;N/A;N/A;N/A;N/A;N/A;N/A;N/A;N/A;N/A;N/A;N/A;N/A;N/A;N/A;N/A;N/A;N/A;N/A;N/A;N/A;N/A;N/A;N/A;N/A;N/A;N/A;N/A;N/A;N/A;N/A;N/A;N/A;N/A;N/A;No;N/A;N/A;N/A;N/A;N/A;N/A;N/A;N/A;N/A;N/A;N/A;N/A;N/A;N/A;N/A;N/A;N/A;N/A;N/A;N/A;N/A;N/A;N/A;N/A;N/A;N/A;N/A;N/A;N/A;N/A;N/A;N/A;N/A;N/A;N/A;Sí;N/A;N/A;N/A;N/A;N/A;N/A;N/A;N/A;N/A;N/A;N/A;N/A;N/A;N/A;N/A;Sí;N/A;N/A;N/A;N/A;N/A;N/A;N/A
Nissan;Versa;"1.6 Advance 5vel Mt";2013;"215000 km";;"PONTA POWERSPORT";9990;;;;;Shangrilá;https://auto.mercadolibre.com.uy/MLU-659048846-nissan-versa-full-ponta-power-sport-_JM;N/A;;"Nissan Versa Full Ponta Power Sport ";usd;Sí;silver;false;N/A;N/A;http://perfil.mercadolibre.com.uy/PONTA+POWERSPORT;active;N/A;N/A;Usado;Gris;N/A;Hidráulica;Delantera;Sí;N/A;N/A;N/A;N/A;N/A;N/A;N/A;N/A;N/A;N/A;N/A;N/A;N/A;N/A;N/A;N/A;N/A;N/A;N/A;N/A;N/A;N/A;N/A;N/A;N/A;"1.6 L";N/A;N/A;N/A;N/A;N/A;N/A;N/A;N/A;N/A;N/A;N/A;N/A;N/A;N/A;N/A;N/A;N/A;N/A;N/A;N/A;N/A;N/A;N/A;N/A;N/A;N/A;N/A;N/A;N/A;N/A;N/A;N/A;N/A;N/A;N/A;N/A;N/A;N/A;N/A;N/A;N/A;N/A;N/A;N/A;N/A;N/A;N/A;N/A;N/A;N/A;N/A;N/A;N/A;N/A;N/A;Advance;N/A;N/A;N/A;N/A;N/A;N/A;N/A;N/A;N/A;N/A;N/A;N/A;N/A;N/A;N/A;N/A;N/A;N/A;N/A;N/A;"LUNES A VIERNES 8:30 A 18";4;1.6;Nafta;Manual;Hatchback;"Autos y camionetas";N/A;N/A;N/A;N/A;N/A;N/A;UY;N/A;N/A;N/A;N/A;N/A;N/A;N/A;N/A;N/A;N/A;N/A;N/A;N/A;N/A;N/A;N/A;N/A;N/A;N/A;N/A;N/A;N/A;N/A;N/A;N/A;N/A;N/A;N/A;N/A;N/A;N/A;N/A;N/A;N/A;N/A;N/A;N/A;N/A;N/A;N/A;N/A;N/A;N/A;N/A;N/A;N/A;N/A;N/A;N/A;N/A;N/A;N/A;N/A;N/A;N/A;N/A;N/A;N/A;N/A;N/A;N/A;N/A;N/A;N/A;N/A;N/A;N/A;N/A;N/A;N/A;N/A;N/A;N/A;N/A;N/A;N/A;N/A;N/A;N/A;N/A;N/A;N/A;N/A;N/A;N/A;N/A;N/A;N/A;N/A;Sí;N/A;N/A;N/A;N/A;N/A;N/A;N/A;N/A;N/A;N/A;N/A;N/A;N/A;N/A;N/A;N/A;N/A;Sí;N/A;N/A;N/A;N/A;N/A;N/A;N/A
Nissan;Kicks;"Exclusive Extra Full";2023;"0 km";;"NISSAN CAR_ONE";34990;;;;;"Ciudad de la Costa";https://auto.mercadolibre.com.uy/MLU-661769918-nissan-kicks-exclusive-extra-full-16-2023-0km-_JM;N/A;;"Nissan Kicks Exclusive Extra Full 1.6 2023 0km";usd;Sí;silver;false;N/A;N/A;http://perfil.mercadolibre.com.uy/NISSAN+CAR_ONE;active;N/A;N/A;Nuevo;N/A;N/A;Eléctrica;N/A;Sí;Sí;Sí;N/A;N/A;N/A;Sí;Sí;Sí;Sí;Sí;Sí;Sí;N/A;Sí;N/A;N/A;N/A;N/A;N/A;N/A;N/A;N/A;N/A;N/A;N/A;"1600 cc";N/A;N/A;N/A;N/A;Sí;Sí;Sí;N/A;Sí;N/A;N/A;N/A;N/A;N/A;N/A;N/A;N/A;N/A;N/A;N/A;N/A;N/A;N/A;Sí;N/A;Sí;N/A;Sí;N/A;Sí;N/A;N/A;N/A;N/A;N/A;N/A;N/A;N/A;Sí;N/A;N/A;N/A;N/A;N/A;Sí;N/A;N/A;N/A;N/A;N/A;N/A;N/A;N/A;N/A;"120 hp";Exclusive;N/A;N/A;N/A;"13 km/l";N/A;N/A;Sí;Sí;Sí;Sí;Sí;Sí;N/A;N/A;"15 km/l";N/A;N/A;N/A;N/A;Sí;"Lunes a Domingos de 10 a 20 hs";5;1.6;Nafta;Automática;SUV;"Autos y camionetas";Sí;N/A;N/A;N/A;Sí;N/A;UY;Sí;Sí;Sí;No;N/A;N/A;N/A;N/A;N/A;N/A;N/A;N/A;N/A;N/A;N/A;N/A;N/A;Sí;N/A;N/A;N/A;N/A;N/A;N/A;N/A;N/A;N/A;N/A;N/A;N/A;N/A;N/A;N/A;N/A;N/A;N/A;Sí;N/A;N/A;N/A;N/A;N/A;N/A;N/A;N/A;N/A;Sí;N/A;N/A;N/A;Sí;N/A;N/A;N/A;Sí;No;N/A;N/A;N/A;N/A;N/A;N/A;N/A;N/A;N/A;N/A;N/A;N/A;N/A;N/A;N/A;N/A;N/A;N/A;N/A;N/A;N/A;N/A;N/A;N/A;N/A;N/A;N/A;N/A;N/A;Sí;N/A;N/A;N/A;Sí;Sí;Sí;Sí;Sí;Sí;Sí;N/A;Sí;Sí;N/A;N/A;N/A;N/A;Sí;Sí;Sí;N/A;Sí;Sí;Sí;N/A;N/A;Sí;N/A;Sí
Nissan;March;Active;2017;"57600 km";;MARTINCH77;12900;;;;;Pando;https://auto.mercadolibre.com.uy/MLU-654175480-nissan-march-active-16-2017-impecable-permuto-financio-_JM;N/A;;"Nissan March Active 1.6 2017 Impecable! - Permuto / Financio";USD;Sí;silver;false;N/A;N/A;http://perfil.mercadolibre.com.uy/MARTINCH77;active;N/A;N/A;Usado;Blanco;Sí;Hidráulica;N/A;Sí;No;No;No;No;No;Sí;No;No;No;Sí;No;No;No;No;N/A;N/A;N/A;N/A;N/A;N/A;N/A;N/A;N/A;N/A;N/A;"1600 cc";N/A;N/A;N/A;No;No;No;No;No;No;No;No;No;No;No;No;No;No;No;No;No;No;No;No;No;No;Sí;No;No;No;No;N/A;No;N/A;No;No;No;No;No;No;No;No;No;No;No;No;N/A;No;N/A;N/A;N/A;N/A;N/A;N/A;N/A;N/A;Active;N/A;N/A;N/A;"12 km/l";No;No;No;Sí;No;No;No;Sí;No;No;"14 km/l";No;No;No;No;Sí;"Lun. a Vie. de 9 a 18 hs. Sáb. de 9 a 12 hs";5;1.6;Nafta;Manual;Sedán;"Autos y camionetas";No;N/A;N/A;N/A;No;N/A;N/A;No;Sí;No;No;N/A;N/A;N/A;N/A;N/A;N/A;N/A;N/A;N/A;N/A;No;N/A;N/A;No;N/A;N/A;N/A;N/A;N/A;N/A;N/A;N/A;N/A;N/A;No;N/A;N/A;N/A;N/A;N/A;N/A;N/A;N/A;N/A;N/A;N/A;N/A;N/A;N/A;N/A;N/A;N/A;No;N/A;N/A;N/A;No;No;N/A;N/A;N/A;No;No;No;N/A;N/A;N/A;N/A;N/A;No;N/A;N/A;N/A;N/A;N/A;N/A;N/A;N/A;N/A;N/A;N/A;No;N/A;N/A;N/A;N/A;N/A;N/A;N/A;N/A;No;No;N/A;N/A;No;Sí;No;No;No;Sí;No;No;No;No;Sí;No;No;No;No;No;No;No;No;Sí;Sí;Sí;Sí;No;No;No;Sí
Nissan;D21;"Doble Cabina";1998;"333000 km";;GABIBOYX;8999;;;;;"Piedras Blancas";https://auto.mercadolibre.com.uy/MLU-634507393-nissan-d21-doble-cabina-1996-nafta-impecable-_JM;N/A;;"Nissan D21 Doble Cabina 1996 Nafta Impecable ";USD;No;silver;false;N/A;N/A;http://perfil.mercadolibre.com.uy/GABIBOYX;active;N/A;N/A;Usado;Azul;N/A;Hidráulica;4x2;Sí;Sí;N/A;N/A;N/A;N/A;N/A;N/A;No;N/A;N/A;N/A;No;N/A;No;N/A;N/A;N/A;N/A;N/A;N/A;N/A;N/A;N/A;N/A;N/A;N/A;N/A;N/A;N/A;N/A;N/A;N/A;N/A;No;N/A;N/A;N/A;N/A;N/A;N/A;N/A;N/A;N/A;N/A;N/A;N/A;N/A;N/A;N/A;N/A;N/A;N/A;N/A;N/A;N/A;N/A;N/A;Sí;N/A;N/A;N/A;N/A;N/A;N/A;N/A;N/A;N/A;N/A;N/A;N/A;N/A;N/A;N/A;N/A;N/A;N/A;N/A;N/A;N/A;N/A;N/A;N/A;N/A;N/A;N/A;N/A;No;N/A;Sí;Sí;N/A;Sí;No;N/A;No;N/A;N/A;Sí;Sí;N/A;N/A;No;N/A;4;N/A;Nafta;Manual;"Light Truck";"Autos y camionetas";N/A;N/A;N/A;N/A;N/A;N/A;N/A;N/A;N/A;N/A;N/A;N/A;N/A;N/A;N/A;N/A;N/A;N/A;N/A;N/A;N/A;N/A;N/A;N/A;No;N/A;N/A;N/A;N/A;N/A;N/A;N/A;N/A;N/A;N/A;N/A;N/A;N/A;N/A;N/A;N/A;N/A;N/A;N/A;N/A;N/A;N/A;N/A;N/A;N/A;N/A;N/A;N/A;N/A;N/A;N/A;N/A;N/A;N/A;N/A;N/A;N/A;N/A;N/A;N/A;N/A;N/A;N/A;N/A;N/A;N/A;N/A;N/A;N/A;N/A;N/A;N/A;N/A;N/A;N/A;N/A;N/A;N/A;N/A;N/A;N/A;N/A;N/A;N/A;N/A;N/A;N/A;N/A;N/A;N/A;Sí;Sí;Sí;No;N/A;N/A;N/A;N/A;N/A;N/A;N/A;N/A;N/A;N/A;N/A;N/A;Sí;No;N/A;Sí;Sí;Sí;N/A;N/A;Sí;N/A;Sí
Nissan;Kicks;Advance;2019;"84000 km";;"KAITAZOFF MOTORS.";21800;;;;;Malvin;https://auto.mercadolibre.com.uy/MLU-633291631-nissan-kicks-advance-16-2019-excelente-estado-_JM;N/A;;"Nissan Kicks Advance 1.6 2019 Excelente Estado";USD;Sí;silver;false;N/A;N/A;http://perfil.mercadolibre.com.uy/KAITAZOFF+MOTORS.;active;N/A;N/A;Usado;Rojo;N/A;Eléctrica;N/A;Sí;Sí;Sí;N/A;N/A;N/A;Sí;Sí;N/A;N/A;N/A;Sí;Sí;N/A;Sí;N/A;N/A;N/A;N/A;N/A;N/A;N/A;N/A;N/A;N/A;N/A;"1600 cc";N/A;N/A;N/A;N/A;N/A;N/A;N/A;N/A;N/A;N/A;N/A;N/A;N/A;N/A;N/A;N/A;N/A;N/A;N/A;N/A;N/A;N/A;N/A;N/A;N/A;Sí;N/A;Sí;N/A;N/A;N/A;N/A;N/A;N/A;N/A;N/A;N/A;N/A;Sí;N/A;N/A;N/A;N/A;N/A;N/A;N/A;N/A;N/A;N/A;N/A;N/A;N/A;N/A;N/A;N/A;Advance;N/A;N/A;N/A;N/A;N/A;N/A;N/A;N/A;N/A;N/A;N/A;Sí;N/A;N/A;N/A;N/A;N/A;N/A;N/A;Sí;"Lun. a Vie. de 9 a 13 y 14 a 18:30 hs. Sáb. de 10 a 13 hs.";5;1.6;Nafta;Automática;SUV;"Autos y camionetas";No;N/A;N/A;N/A;No;N/A;N/A;No;Sí;No;No;N/A;N/A;N/A;N/A;N/A;N/A;N/A;N/A;N/A;N/A;N/A;N/A;N/A;N/A;N/A;N/A;N/A;N/A;N/A;N/A;N/A;N/A;N/A;N/A;N/A;N/A;N/A;N/A;N/A;N/A;N/A;N/A;N/A;N/A;N/A;N/A;N/A;N/A;N/A;N/A;N/A;N/A;N/A;N/A;N/A;N/A;N/A;N/A;N/A;N/A;Sí;No;N/A;N/A;N/A;N/A;N/A;N/A;N/A;N/A;N/A;N/A;N/A;N/A;N/A;N/A;N/A;N/A;N/A;N/A;N/A;N/A;N/A;N/A;N/A;N/A;N/A;N/A;N/A;N/A;N/A;N/A;N/A;N/A;N/A;Sí;N/A;Sí;N/A;Sí;Sí;Sí;N/A;Sí;Sí;N/A;N/A;N/A;N/A;N/A;N/A;N/A;N/A;N/A;N/A;N/A;N/A;N/A;N/A;N/A;N/A
Nissan;Frontier;"2.4 Turbo Diesel";2014;"210000 km";;"POCITOS GARAGE";19900;;;;;Pocitos;https://auto.mercadolibre.com.uy/MLU-666168202-nissan-frontier-24-turbo-diesel-_JM;N/A;;"Nissan Frontier 2.4 Turbo Diesel";USD;Sí;silver;false;N/A;N/A;http://perfil.mercadolibre.com.uy/POCITOS+GARAGE;active;N/A;N/A;Usado;N/A;N/A;N/A;N/A;N/A;N/A;N/A;N/A;N/A;N/A;N/A;N/A;N/A;N/A;N/A;N/A;N/A;N/A;N/A;N/A;N/A;N/A;N/A;N/A;N/A;N/A;N/A;N/A;N/A;N/A;N/A;N/A;N/A;N/A;N/A;N/A;N/A;N/A;N/A;N/A;N/A;N/A;N/A;N/A;N/A;N/A;N/A;N/A;N/A;N/A;N/A;N/A;N/A;N/A;N/A;N/A;N/A;N/A;N/A;N/A;N/A;N/A;N/A;N/A;N/A;N/A;N/A;N/A;N/A;N/A;N/A;N/A;N/A;N/A;N/A;N/A;N/A;N/A;N/A;N/A;N/A;N/A;N/A;N/A;N/A;N/A;N/A;N/A;N/A;N/A;N/A;N/A;N/A;N/A;N/A;N/A;N/A;N/A;N/A;N/A;N/A;N/A;N/A;N/A;N/A;N/A;N/A;N/A;4;N/A;Diésel;N/A;N/A;"Autos y camionetas";N/A;N/A;N/A;N/A;N/A;N/A;N/A;N/A;N/A;N/A;N/A;N/A;N/A;N/A;N/A;N/A;N/A;N/A;N/A;N/A;N/A;N/A;N/A;N/A;N/A;N/A;N/A;N/A;N/A;N/A;N/A;N/A;N/A;N/A;N/A;N/A;N/A;N/A;N/A;N/A;N/A;N/A;N/A;N/A;N/A;N/A;N/A;N/A;N/A;N/A;N/A;N/A;N/A;N/A;N/A;N/A;N/A;N/A;N/A;N/A;N/A;N/A;N/A;N/A;N/A;N/A;N/A;N/A;N/A;N/A;N/A;N/A;N/A;N/A;N/A;N/A;N/A;N/A;N/A;N/A;N/A;N/A;N/A;N/A;N/A;N/A;N/A;N/A;N/A;N/A;N/A;N/A;N/A;N/A;N/A;N/A;N/A;N/A;N/A;N/A;N/A;N/A;N/A;N/A;N/A;N/A;N/A;N/A;N/A;N/A;N/A;N/A;N/A;N/A;N/A;N/A;N/A;N/A;N/A;N/A;N/A;N/A
Nissan;March;"1.6 Advance Mt";2015;"110000 km";;"POCITOS GARAGE";11500;;;;;Pocitos;https://auto.mercadolibre.com.uy/MLU-665967464-nissan-march-2015-16-advance-mt-_JM;N/A;;"Nissan March 2015 1.6 Advance Mt";usd;Sí;silver;false;N/A;N/A;http://perfil.mercadolibre.com.uy/POCITOS+GARAGE;active;N/A;N/A;Usado;N/A;N/A;Hidráulica;Delantera;Sí;N/A;N/A;N/A;N/A;N/A;N/A;N/A;N/A;N/A;N/A;N/A;N/A;N/A;N/A;N/A;N/A;N/A;N/A;N/A;N/A;N/A;N/A;N/A;N/A;"2450 mm";"1.6 L";"41 L";N/A;N/A;N/A;N/A;N/A;N/A;N/A;N/A;N/A;N/A;N/A;N/A;N/A;N/A;N/A;N/A;N/A;N/A;N/A;N/A;N/A;N/A;N/A;N/A;N/A;N/A;N/A;N/A;N/A;N/A;N/A;N/A;N/A;N/A;N/A;N/A;N/A;N/A;N/A;N/A;N/A;N/A;N/A;N/A;N/A;N/A;"1532 mm";"3827 mm";N/A;N/A;N/A;N/A;5;"109 hp";Advance;N/A;N/A;"1665 mm";N/A;N/A;N/A;N/A;N/A;N/A;N/A;N/A;N/A;N/A;N/A;N/A;N/A;N/A;N/A;N/A;N/A;N/A;5;1.6;Nafta;Manual;Hatchback;"Autos y camionetas";N/A;N/A;N/A;N/A;N/A;N/A;UY;N/A;N/A;N/A;N/A;N/A;N/A;N/A;N/A;N/A;N/A;N/A;N/A;N/A;N/A;N/A;N/A;N/A;N/A;N/A;N/A;N/A;N/A;N/A;N/A;N/A;N/A;N/A;N/A;N/A;N/A;N/A;N/A;N/A;N/A;N/A;N/A;N/A;N/A;N/A;N/A;N/A;N/A;N/A;N/A;N/A;N/A;N/A;N/A;N/A;N/A;N/A;N/A;N/A;N/A;N/A;N/A;N/A;N/A;N/A;N/A;N/A;N/A;N/A;N/A;N/A;N/A;N/A;N/A;N/A;N/A;N/A;N/A;N/A;N/A;N/A;N/A;N/A;N/A;N/A;N/A;N/A;N/A;N/A;N/A;N/A;N/A;N/A;N/A;N/A;Sí;N/A;N/A;N/A;N/A;N/A;N/A;N/A;N/A;N/A;N/A;N/A;N/A;N/A;N/A;N/A;N/A;N/A;Sí;N/A;N/A;N/A;N/A;N/A;N/A;N/A
Nissan;"NP300 Frontier";"2.5 S 161 Hp Doble Cabina";2021;"105000 km";;MACROMOTORS;28900;;;;;Young;https://auto.mercadolibre.com.uy/MLU-665667082-nissan-frontier-np300-4x2-2021-_JM;N/A;;"Nissan Frontier Np300 4x2 2021";usd;Sí;silver;false;N/A;N/A;http://perfil.mercadolibre.com.uy/MACROMOTORS;active;N/A;N/A;Usado;Blanco;No;Hidráulica;4x2;Sí;Sí;N/A;N/A;N/A;No;N/A;N/A;No;N/A;N/A;No;Sí;N/A;No;N/A;N/A;N/A;N/A;N/A;N/A;N/A;N/A;N/A;N/A;"3150 mm";"2.5 L";"80 L";6;N/A;N/A;N/A;N/A;N/A;Sí;N/A;N/A;N/A;N/A;N/A;N/A;N/A;N/A;N/A;N/A;N/A;N/A;N/A;N/A;N/A;N/A;N/A;N/A;N/A;N/A;N/A;N/A;N/A;No;N/A;N/A;N/A;Sí;Sí;N/A;N/A;N/A;N/A;N/A;N/A;N/A;N/A;N/A;N/A;"1860 mm";"5258 mm";N/A;N/A;N/A;N/A;N/A;"161 hp";S;N/A;4;"1850 mm";N/A;Sí;N/A;No;Sí;N/A;Sí;Sí;N/A;No;N/A;N/A;No;Sí;N/A;N/A;No;"8.30 a 19.00";4;2.5;Diésel;Manual;Pick-Up;"Autos y camionetas";Sí;N/A;N/A;N/A;No;N/A;UY;N/A;Sí;N/A;Sí;N/A;N/A;N/A;N/A;N/A;N/A;N/A;N/A;N/A;N/A;N/A;N/A;N/A;No;N/A;N/A;N/A;N/A;N/A;N/A;N/A;N/A;N/A;N/A;N/A;N/A;N/A;N/A;N/A;N/A;N/A;N/A;No;N/A;N/A;N/A;N/A;N/A;N/A;N/A;N/A;N/A;N/A;N/A;N/A;N/A;N/A;N/A;N/A;N/A;No;No;N/A;N/A;N/A;N/A;N/A;N/A;N/A;N/A;N/A;N/A;N/A;N/A;N/A;N/A;N/A;N/A;N/A;N/A;N/A;N/A;N/A;N/A;N/A;N/A;N/A;N/A;N/A;N/A;N/A;N/A;N/A;N/A;No;Sí;Sí;Sí;N/A;Sí;N/A;N/A;N/A;N/A;Sí;Sí;No;No;N/A;N/A;Sí;Sí;No;Sí;Sí;Sí;Sí;No;Sí;N/A;Sí
Nissan;March;"1.6 Advance Mt";2012;"135000 km";;"POCITOS GARAGE";10500;;;;;Pocitos;https://auto.mercadolibre.com.uy/MLU-665429408-nissan-march-2012-16-advance-mt-_JM;N/A;;"Nissan March 2012 1.6 Advance Mt";usd;Sí;silver;false;N/A;N/A;http://perfil.mercadolibre.com.uy/POCITOS+GARAGE;active;N/A;N/A;Usado;N/A;N/A;Hidráulica;Delantera;Sí;N/A;N/A;N/A;N/A;N/A;N/A;N/A;N/A;N/A;N/A;N/A;N/A;N/A;N/A;N/A;N/A;N/A;N/A;N/A;N/A;N/A;N/A;N/A;N/A;"2450 mm";"1.6 L";"41 L";N/A;N/A;N/A;N/A;N/A;N/A;N/A;N/A;N/A;N/A;N/A;N/A;N/A;N/A;N/A;N/A;N/A;N/A;N/A;N/A;N/A;N/A;N/A;N/A;N/A;N/A;N/A;N/A;N/A;N/A;N/A;N/A;N/A;N/A;N/A;N/A;N/A;N/A;N/A;N/A;N/A;N/A;N/A;N/A;N/A;N/A;"1528 mm";"3780 mm";N/A;N/A;N/A;N/A;5;"109 hp";Advance;N/A;N/A;"1665 mm";N/A;N/A;N/A;N/A;N/A;N/A;N/A;N/A;N/A;N/A;N/A;N/A;N/A;N/A;N/A;N/A;N/A;N/A;5;1.6;Nafta;Manual;Hatchback;"Autos y camionetas";N/A;N/A;N/A;N/A;N/A;N/A;UY;N/A;N/A;N/A;N/A;N/A;N/A;N/A;N/A;N/A;N/A;N/A;N/A;N/A;N/A;N/A;N/A;N/A;N/A;N/A;N/A;N/A;N/A;N/A;N/A;N/A;N/A;N/A;N/A;N/A;N/A;N/A;N/A;N/A;N/A;N/A;N/A;N/A;N/A;N/A;N/A;N/A;N/A;N/A;N/A;N/A;N/A;N/A;N/A;N/A;N/A;N/A;N/A;N/A;N/A;N/A;N/A;N/A;N/A;N/A;N/A;N/A;N/A;N/A;N/A;N/A;N/A;N/A;N/A;N/A;N/A;N/A;N/A;N/A;N/A;N/A;N/A;N/A;N/A;N/A;N/A;N/A;N/A;N/A;N/A;N/A;N/A;N/A;N/A;N/A;Sí;N/A;N/A;N/A;N/A;N/A;N/A;N/A;N/A;N/A;N/A;N/A;N/A;N/A;N/A;N/A;N/A;N/A;Sí;N/A;N/A;N/A;N/A;N/A;N/A;N/A
Nissan;Tiida;"SPECIAL EDITION";2013;"127000 km";;AEROCAR2013;13490;;;;;Carrasco;https://auto.mercadolibre.com.uy/MLU-665367632-nissan-tiida-special-edition-18-2013-impecable-aerocar-_JM;N/A;;"Nissan Tiida Special Edition 1.8 2013 Impecable! Aerocar";usd;Sí;silver;false;N/A;N/A;http://perfil.mercadolibre.com.uy/AEROCAR2013;active;N/A;N/A;Usado;Dorado;N/A;Hidráulica;N/A;Sí;Sí;Sí;N/A;N/A;N/A;N/A;Sí;Sí;N/A;Sí;Sí;Sí;N/A;N/A;N/A;N/A;N/A;N/A;N/A;N/A;N/A;N/A;N/A;N/A;N/A;"1800 cc";N/A;5;N/A;N/A;N/A;N/A;N/A;N/A;N/A;N/A;N/A;N/A;N/A;N/A;N/A;N/A;N/A;N/A;N/A;N/A;N/A;N/A;N/A;N/A;N/A;Sí;N/A;N/A;N/A;N/A;N/A;N/A;N/A;N/A;N/A;N/A;N/A;N/A;Sí;N/A;N/A;N/A;N/A;N/A;Sí;N/A;N/A;N/A;N/A;N/A;N/A;N/A;N/A;N/A;N/A;"Special Edition";N/A;N/A;N/A;"12 km/l";N/A;N/A;N/A;Sí;N/A;N/A;N/A;Sí;Sí;N/A;"15 km/l";N/A;N/A;N/A;N/A;Sí;"Lun. a Vie. de 9 a 18:30 hs. Sáb. de 9 a 14 hs.";5;1.8;Nafta;Automática;Hatchback;"Autos y camionetas";No;N/A;N/A;N/A;No;N/A;UY;No;Sí;No;No;N/A;N/A;N/A;N/A;N/A;N/A;N/A;N/A;N/A;N/A;N/A;N/A;N/A;N/A;N/A;N/A;N/A;N/A;N/A;N/A;N/A;N/A;N/A;N/A;N/A;N/A;N/A;N/A;N/A;N/A;N/A;N/A;N/A;N/A;N/A;N/A;N/A;N/A;N/A;N/A;N/A;N/A;N/A;N/A;N/A;N/A;N/A;N/A;N/A;N/A;N/A;No;N/A;N/A;N/A;N/A;N/A;N/A;N/A;N/A;N/A;N/A;N/A;N/A;N/A;N/A;N/A;N/A;N/A;N/A;N/A;N/A;N/A;N/A;N/A;N/A;N/A;N/A;N/A;N/A;N/A;N/A;N/A;N/A;N/A;Sí;N/A;Sí;N/A;Sí;N/A;N/A;N/A;N/A;Sí;N/A;N/A;N/A;N/A;N/A;N/A;Sí;N/A;Sí;Sí;N/A;N/A;N/A;N/A;N/A;N/A
Nissan;Versa;-;2012;"128000 km";;"OSCARPISANO RENAULT-NISSAN";9900;;;;;Sayago;https://auto.mercadolibre.com.uy/MLU-635103863-nissan-versa-16-2012-impecable-_JM;N/A;;"Nissan Versa 1.6 2012 Impecable!";usd;Sí;silver;false;N/A;N/A;http://perfil.mercadolibre.com.uy/OSCARPISANO+RENAULT-NISSAN;active;N/A;N/A;Usado;Azul;N/A;Hidráulica;N/A;Sí;Sí;Sí;N/A;N/A;N/A;N/A;Sí;N/A;N/A;Sí;N/A;Sí;N/A;N/A;N/A;N/A;N/A;N/A;N/A;N/A;N/A;N/A;N/A;N/A;N/A;"1600 cc";N/A;5;N/A;N/A;N/A;N/A;N/A;N/A;N/A;N/A;N/A;N/A;N/A;N/A;N/A;N/A;N/A;N/A;N/A;N/A;N/A;N/A;N/A;N/A;N/A;N/A;N/A;N/A;N/A;N/A;N/A;N/A;N/A;N/A;N/A;N/A;N/A;N/A;Sí;N/A;N/A;N/A;N/A;N/A;N/A;N/A;N/A;N/A;N/A;N/A;N/A;N/A;N/A;N/A;N/A;N/A;N/A;N/A;N/A;N/A;N/A;N/A;N/A;Sí;N/A;N/A;N/A;N/A;N/A;N/A;N/A;N/A;N/A;N/A;N/A;N/A;"Lun. a Vie. de 9:30 a 18:30 hs. Sáb. de 9 a 13 hs";5;1.6;Nafta;Manual;Sedán;"Autos y camionetas";No;N/A;N/A;N/A;No;N/A;UY;No;Sí;No;No;N/A;N/A;N/A;N/A;N/A;N/A;N/A;N/A;N/A;N/A;N/A;N/A;N/A;N/A;N/A;N/A;N/A;N/A;N/A;N/A;N/A;N/A;N/A;N/A;N/A;N/A;N/A;N/A;N/A;N/A;N/A;N/A;N/A;N/A;N/A;N/A;N/A;N/A;N/A;N/A;N/A;N/A;N/A;N/A;N/A;N/A;N/A;N/A;N/A;N/A;N/A;No;N/A;N/A;N/A;N/A;N/A;N/A;N/A;N/A;N/A;N/A;N/A;N/A;N/A;N/A;N/A;N/A;N/A;N/A;N/A;N/A;N/A;N/A;N/A;N/A;N/A;N/A;N/A;N/A;N/A;N/A;N/A;N/A;N/A;N/A;Sí;N/A;N/A;Sí;N/A;N/A;N/A;N/A;N/A;N/A;N/A;N/A;N/A;N/A;N/A;N/A;N/A;Sí;Sí;Sí;Sí;N/A;N/A;N/A;N/A
Nissan;Frontier;"DC LX";2012;"155000 km";;360AUTOS;10990;;;;;"La Comercial";https://auto.mercadolibre.com.uy/MLU-664729232-nissan-frontier-dc-lx-24-2012-permutofinancio-360-autos-_JM;N/A;;"Nissan Frontier Dc Lx 2.4 2012 Permuto/financio - 360 Autos";USD;Sí;silver;false;N/A;N/A;http://perfil.mercadolibre.com.uy/360AUTOS;active;N/A;N/A;Usado;Blanco;N/A;Hidráulica;N/A;Sí;N/A;N/A;N/A;N/A;N/A;N/A;N/A;N/A;N/A;N/A;N/A;N/A;N/A;N/A;N/A;N/A;N/A;N/A;N/A;N/A;N/A;N/A;N/A;N/A;N/A;"2400 cc";N/A;5;N/A;N/A;N/A;N/A;N/A;N/A;N/A;N/A;N/A;N/A;N/A;N/A;N/A;N/A;N/A;N/A;N/A;N/A;N/A;N/A;N/A;N/A;N/A;N/A;N/A;N/A;N/A;N/A;N/A;N/A;N/A;N/A;N/A;N/A;N/A;N/A;N/A;N/A;N/A;N/A;N/A;N/A;N/A;N/A;N/A;N/A;N/A;N/A;N/A;N/A;N/A;N/A;"89 hp";N/A;N/A;N/A;N/A;"10 km/l";N/A;N/A;N/A;N/A;N/A;N/A;N/A;N/A;N/A;N/A;"12 km/l";N/A;N/A;Sí;N/A;N/A;"Lun. a Vie. de 9 a 17 hs. Sáb. de 9:30 a 13:30 hs";4;2.4;Nafta;Manual;Pick-Up;"Autos y camionetas";No;N/A;N/A;N/A;No;N/A;N/A;No;Sí;No;No;N/A;N/A;N/A;N/A;N/A;N/A;N/A;N/A;N/A;N/A;N/A;N/A;N/A;N/A;N/A;N/A;N/A;N/A;N/A;N/A;N/A;N/A;N/A;N/A;N/A;N/A;N/A;N/A;N/A;N/A;N/A;N/A;N/A;N/A;N/A;N/A;N/A;N/A;N/A;N/A;N/A;N/A;N/A;N/A;N/A;N/A;N/A;N/A;N/A;N/A;Sí;No;N/A;N/A;N/A;N/A;N/A;N/A;N/A;N/A;N/A;N/A;N/A;N/A;N/A;N/A;N/A;N/A;N/A;N/A;N/A;N/A;N/A;N/A;N/A;N/A;N/A;N/A;N/A;N/A;N/A;N/A;N/A;N/A;N/A;N/A;Sí;N/A;N/A;N/A;N/A;N/A;N/A;N/A;N/A;N/A;N/A;N/A;N/A;N/A;N/A;N/A;N/A;Sí;N/A;Sí;N/A;N/A;Sí;Sí;N/A
Nissan;Tiida;"1.8 Special Edition Mt";2013;"220000 km";;"POCITOS GARAGE";10900;;;;;Pocitos;https://auto.mercadolibre.com.uy/MLU-664541716-nissan-tiida-2013-18-special-edition-mt-_JM;N/A;;"Nissan Tiida 2013 1.8 Special Edition Mt";usd;Sí;silver;false;N/A;N/A;http://perfil.mercadolibre.com.uy/POCITOS+GARAGE;active;N/A;N/A;Usado;N/A;N/A;Hidráulica;Delantera;Sí;N/A;N/A;N/A;N/A;N/A;N/A;N/A;N/A;N/A;N/A;N/A;N/A;N/A;N/A;N/A;N/A;N/A;N/A;N/A;N/A;N/A;N/A;N/A;N/A;"2600 mm";"1.8 L";"52 L";N/A;N/A;N/A;N/A;N/A;N/A;N/A;N/A;N/A;N/A;N/A;N/A;N/A;N/A;N/A;N/A;N/A;N/A;N/A;N/A;N/A;N/A;N/A;N/A;N/A;N/A;N/A;N/A;N/A;N/A;N/A;N/A;N/A;N/A;N/A;N/A;N/A;N/A;N/A;N/A;N/A;N/A;N/A;N/A;N/A;N/A;"1548 mm";"4297 mm";N/A;N/A;N/A;N/A;N/A;N/A;"Special Edition";N/A;N/A;"1695 mm";N/A;N/A;N/A;N/A;N/A;N/A;N/A;N/A;N/A;N/A;N/A;N/A;N/A;N/A;N/A;N/A;N/A;N/A;5;1.8;Nafta;Manual;Hatchback;"Autos y camionetas";N/A;N/A;N/A;N/A;N/A;N/A;UY;N/A;N/A;N/A;N/A;N/A;N/A;N/A;N/A;N/A;N/A;N/A;N/A;N/A;N/A;N/A;N/A;N/A;N/A;N/A;N/A;N/A;N/A;N/A;N/A;N/A;N/A;N/A;N/A;N/A;N/A;N/A;N/A;N/A;N/A;N/A;N/A;N/A;N/A;N/A;N/A;N/A;N/A;N/A;N/A;N/A;N/A;N/A;N/A;N/A;N/A;N/A;N/A;N/A;N/A;N/A;N/A;N/A;N/A;N/A;N/A;N/A;N/A;N/A;N/A;N/A;N/A;N/A;N/A;N/A;N/A;N/A;N/A;N/A;N/A;N/A;N/A;N/A;N/A;N/A;N/A;N/A;N/A;N/A;N/A;N/A;N/A;N/A;N/A;N/A;Sí;N/A;N/A;N/A;N/A;N/A;N/A;N/A;N/A;N/A;N/A;N/A;N/A;N/A;N/A;N/A;N/A;N/A;Sí;N/A;N/A;N/A;N/A;N/A;N/A;N/A
Nissan;Tiida;Full;2011;"141950 km";;"OSCARPISANO RENAULT-NISSAN";9900;;;;;Sayago;https://auto.mercadolibre.com.uy/MLU-662365234-nissan-tiida-full-18-2011-impecable-_JM;N/A;;"Nissan Tiida Full 1.8 2011 Impecable!";USD;Sí;silver;false;N/A;N/A;http://perfil.mercadolibre.com.uy/OSCARPISANO+RENAULT-NISSAN;active;N/A;N/A;Usado;Negro;N/A;Eléctrica;N/A;Sí;Sí;Sí;N/A;N/A;N/A;Sí;N/A;N/A;N/A;Sí;N/A;Sí;N/A;N/A;N/A;N/A;N/A;N/A;N/A;N/A;N/A;N/A;N/A;N/A;N/A;"1798 cc";N/A;5;N/A;N/A;N/A;N/A;N/A;N/A;N/A;N/A;N/A;N/A;N/A;N/A;N/A;N/A;N/A;N/A;N/A;N/A;N/A;N/A;N/A;N/A;N/A;Sí;N/A;N/A;N/A;N/A;N/A;N/A;N/A;N/A;N/A;N/A;N/A;N/A;N/A;N/A;N/A;N/A;N/A;N/A;Sí;N/A;N/A;N/A;N/A;N/A;N/A;N/A;N/A;N/A;"129 hp";N/A;N/A;N/A;N/A;"11 km/l";N/A;N/A;N/A;Sí;N/A;Sí;N/A;N/A;N/A;N/A;"14 km/l";N/A;N/A;N/A;N/A;Sí;"Lun. a Vie. de 9:30 a 18:30 hs. Sáb. de 9 a 13 hs";5;1.8;Nafta;Automática;Hatchback;"Autos y camionetas";No;N/A;N/A;N/A;No;N/A;N/A;No;Sí;No;No;N/A;N/A;N/A;N/A;N/A;N/A;N/A;N/A;N/A;N/A;N/A;N/A;N/A;N/A;N/A;N/A;N/A;N/A;N/A;N/A;N/A;N/A;N/A;N/A;N/A;N/A;N/A;N/A;N/A;N/A;N/A;N/A;N/A;N/A;N/A;N/A;N/A;N/A;N/A;N/A;N/A;N/A;N/A;N/A;N/A;N/A;N/A;N/A;N/A;N/A;N/A;No;N/A;N/A;N/A;N/A;N/A;N/A;N/A;N/A;N/A;N/A;N/A;N/A;N/A;N/A;N/A;N/A;N/A;N/A;N/A;N/A;N/A;N/A;N/A;N/A;N/A;N/A;N/A;N/A;N/A;N/A;N/A;N/A;N/A;Sí;N/A;Sí;N/A;N/A;N/A;N/A;N/A;Sí;N/A;N/A;N/A;N/A;N/A;N/A;N/A;N/A;N/A;Sí;N/A;N/A;N/A;N/A;Sí;N/A;Sí
Nissan;D-21;d21;2007;"410000 km";;"POCITOS GARAGE";14900;;;;;Pocitos;https://auto.mercadolibre.com.uy/MLU-660883496-nissan-d21-d21-_JM;N/A;;"Nissan D21 D21";USD;No;silver;false;N/A;N/A;http://perfil.mercadolibre.com.uy/POCITOS+GARAGE;active;N/A;N/A;Usado;N/A;N/A;N/A;N/A;N/A;N/A;N/A;N/A;N/A;N/A;N/A;N/A;N/A;N/A;N/A;N/A;N/A;N/A;N/A;N/A;N/A;N/A;N/A;N/A;N/A;N/A;N/A;N/A;N/A;N/A;N/A;N/A;N/A;N/A;N/A;N/A;N/A;N/A;N/A;N/A;N/A;N/A;N/A;N/A;N/A;N/A;N/A;N/A;N/A;N/A;N/A;N/A;N/A;N/A;N/A;N/A;N/A;N/A;N/A;N/A;N/A;N/A;N/A;N/A;N/A;N/A;N/A;N/A;N/A;N/A;N/A;N/A;N/A;N/A;N/A;N/A;N/A;N/A;N/A;N/A;N/A;N/A;N/A;N/A;N/A;N/A;N/A;N/A;N/A;N/A;N/A;N/A;N/A;N/A;N/A;N/A;N/A;N/A;N/A;N/A;N/A;N/A;N/A;N/A;N/A;N/A;N/A;N/A;4;N/A;Diésel;N/A;N/A;"Autos y camionetas";N/A;N/A;N/A;N/A;N/A;N/A;N/A;N/A;N/A;N/A;N/A;N/A;N/A;N/A;N/A;N/A;N/A;N/A;N/A;N/A;N/A;N/A;N/A;N/A;N/A;N/A;N/A;N/A;N/A;N/A;N/A;N/A;N/A;N/A;N/A;N/A;N/A;N/A;N/A;N/A;N/A;N/A;N/A;N/A;N/A;N/A;N/A;N/A;N/A;N/A;N/A;N/A;N/A;N/A;N/A;N/A;N/A;N/A;N/A;N/A;N/A;N/A;N/A;N/A;N/A;N/A;N/A;N/A;N/A;N/A;N/A;N/A;N/A;N/A;N/A;N/A;N/A;N/A;N/A;N/A;N/A;N/A;N/A;N/A;N/A;N/A;N/A;N/A;N/A;N/A;N/A;N/A;N/A;N/A;N/A;N/A;N/A;N/A;N/A;N/A;N/A;N/A;N/A;N/A;N/A;N/A;N/A;N/A;N/A;N/A;N/A;N/A;N/A;N/A;N/A;N/A;N/A;N/A;N/A;N/A;N/A;N/A
Nissan;Frontier;"PICK UP CABINA SIMPLE DIESEL";2023;"0 km";;LAUTOMOTORA;37818;;;;;"San Jacinto";https://auto.mercadolibre.com.uy/MLU-658412674-nissan-frontier-pick-up-diesel-25-2023-0km-lautomotora-_JM;N/A;;"Nissan Frontier Pick Up Diesel 2.5 2023 0km - Lautomotora";USD;Sí;silver;false;N/A;N/A;http://perfil.mercadolibre.com.uy/LAUTOMOTORA;active;N/A;N/A;Nuevo;"Gris oscuro";N/A;Hidráulica;N/A;Sí;N/A;N/A;N/A;N/A;N/A;N/A;N/A;N/A;N/A;N/A;N/A;N/A;N/A;N/A;N/A;N/A;N/A;N/A;N/A;N/A;N/A;N/A;N/A;N/A;N/A;"2500 cc";N/A;6;N/A;N/A;N/A;N/A;N/A;N/A;N/A;N/A;N/A;N/A;N/A;N/A;N/A;N/A;N/A;N/A;N/A;N/A;N/A;N/A;N/A;N/A;N/A;N/A;N/A;N/A;N/A;N/A;N/A;N/A;N/A;N/A;N/A;N/A;N/A;N/A;N/A;N/A;N/A;N/A;N/A;N/A;N/A;N/A;N/A;N/A;N/A;N/A;N/A;N/A;N/A;N/A;"161 hp";N/A;N/A;N/A;N/A;"10 km/l";N/A;N/A;N/A;N/A;N/A;N/A;N/A;N/A;N/A;N/A;"12 km/l";N/A;N/A;N/A;N/A;N/A;"Lunes a viernes de 9 a 13 y de 14 a 19 hs";2;2.5;Diésel;Manual;Pick-Up;"Autos y camionetas";No;N/A;N/A;N/A;No;N/A;N/A;No;Sí;No;No;N/A;N/A;N/A;N/A;N/A;N/A;N/A;N/A;N/A;N/A;N/A;N/A;N/A;N/A;N/A;N/A;N/A;N/A;N/A;N/A;N/A;N/A;N/A;N/A;N/A;N/A;N/A;N/A;N/A;N/A;N/A;N/A;Sí;N/A;N/A;N/A;N/A;N/A;N/A;N/A;N/A;N/A;N/A;N/A;N/A;N/A;N/A;N/A;N/A;N/A;Sí;No;N/A;N/A;N/A;N/A;N/A;N/A;N/A;N/A;N/A;N/A;N/A;N/A;N/A;N/A;N/A;N/A;N/A;N/A;N/A;N/A;N/A;N/A;N/A;N/A;N/A;N/A;N/A;N/A;N/A;N/A;N/A;N/A;N/A;Sí;N/A;N/A;N/A;Sí;N/A;N/A;N/A;N/A;Sí;N/A;N/A;N/A;N/A;N/A;Sí;N/A;N/A;Sí;Sí;Sí;N/A;N/A;Sí;N/A;Sí
Nissan;Sentra;"b18 exclusive cvt";2023;"0 km";;LAUTOMOTORA;37990;;;;;"San Jacinto";https://auto.mercadolibre.com.uy/MLU-657168436-nissan-sentra-b18-exclusive-cvt-18-2023-0km-lautomotora-_JM;N/A;;"Nissan Sentra B18 Exclusive Cvt 1.8 2023 0km - Lautomotora";usd;Sí;silver;false;N/A;N/A;http://perfil.mercadolibre.com.uy/LAUTOMOTORA;active;N/A;N/A;Nuevo;Blanco;N/A;Eléctrica;N/A;N/A;N/A;N/A;N/A;N/A;N/A;N/A;N/A;N/A;N/A;N/A;N/A;N/A;N/A;N/A;N/A;N/A;N/A;N/A;N/A;N/A;N/A;N/A;N/A;N/A;N/A;"1800 cc";N/A;8;N/A;N/A;N/A;N/A;N/A;N/A;N/A;N/A;N/A;N/A;N/A;N/A;N/A;N/A;N/A;N/A;N/A;N/A;N/A;N/A;N/A;N/A;N/A;N/A;N/A;N/A;N/A;N/A;N/A;N/A;N/A;N/A;N/A;N/A;N/A;N/A;N/A;N/A;N/A;N/A;N/A;N/A;N/A;N/A;N/A;N/A;N/A;N/A;N/A;N/A;N/A;N/A;"145 hp";Exclusive;N/A;N/A;N/A;"12 km/l";N/A;N/A;N/A;N/A;N/A;N/A;N/A;N/A;N/A;N/A;"14 km/l";N/A;N/A;N/A;N/A;N/A;"Lunes a viernes de 9 a 13 y de 14 a 19 hs";4;1.8;Nafta;Manual;Sedán;"Autos y camionetas";No;N/A;N/A;N/A;No;N/A;UY;No;Sí;No;No;N/A;N/A;N/A;N/A;N/A;N/A;N/A;N/A;N/A;N/A;N/A;N/A;N/A;N/A;N/A;N/A;N/A;N/A;N/A;N/A;N/A;N/A;N/A;N/A;N/A;N/A;N/A;N/A;N/A;N/A;N/A;N/A;Sí;N/A;N/A;N/A;N/A;N/A;N/A;N/A;N/A;N/A;N/A;N/A;N/A;N/A;N/A;N/A;N/A;N/A;Sí;No;N/A;N/A;N/A;N/A;N/A;N/A;N/A;N/A;N/A;N/A;N/A;N/A;N/A;N/A;N/A;N/A;N/A;N/A;N/A;N/A;N/A;N/A;N/A;N/A;N/A;N/A;N/A;N/A;N/A;N/A;N/A;N/A;N/A;N/A;N/A;N/A;N/A;N/A;N/A;N/A;N/A;N/A;N/A;N/A;N/A;N/A;N/A;N/A;N/A;N/A;N/A;N/A;N/A;N/A;N/A;N/A;N/A;N/A;N/A
Nissan;Frontier;"Le 4X4 Diesel";2016;"197000 km";;FEDE-2009;34900;;;;;"Tres Cruces";https://auto.mercadolibre.com.uy/MLU-653861904-nissan-frontier-le-4x4-diesel-_JM;N/A;;"Nissan Frontier Le 4x4 Diesel";USD;Sí;silver;false;N/A;N/A;http://perfil.mercadolibre.com.uy/FEDE-2009;active;N/A;N/A;Usado;N/A;N/A;N/A;N/A;N/A;N/A;N/A;N/A;N/A;N/A;N/A;N/A;N/A;N/A;N/A;N/A;N/A;N/A;N/A;N/A;N/A;N/A;N/A;N/A;N/A;N/A;N/A;N/A;N/A;N/A;N/A;N/A;N/A;N/A;N/A;N/A;N/A;N/A;N/A;N/A;N/A;N/A;N/A;N/A;N/A;N/A;N/A;N/A;N/A;N/A;N/A;N/A;N/A;N/A;N/A;N/A;N/A;N/A;N/A;N/A;N/A;N/A;N/A;N/A;N/A;N/A;N/A;N/A;N/A;N/A;N/A;N/A;N/A;N/A;N/A;N/A;N/A;N/A;N/A;N/A;N/A;N/A;N/A;N/A;N/A;N/A;N/A;N/A;N/A;N/A;N/A;N/A;N/A;N/A;N/A;N/A;N/A;N/A;N/A;N/A;N/A;N/A;N/A;N/A;N/A;N/A;N/A;N/A;4;N/A;Diésel;N/A;N/A;"Autos y camionetas";N/A;N/A;N/A;N/A;N/A;N/A;N/A;N/A;N/A;N/A;N/A;N/A;N/A;N/A;N/A;N/A;N/A;N/A;N/A;N/A;N/A;N/A;N/A;N/A;N/A;N/A;N/A;N/A;N/A;N/A;N/A;N/A;N/A;N/A;N/A;N/A;N/A;N/A;N/A;N/A;N/A;N/A;N/A;N/A;N/A;N/A;N/A;N/A;N/A;N/A;N/A;N/A;N/A;N/A;N/A;N/A;N/A;N/A;N/A;N/A;N/A;N/A;N/A;N/A;N/A;N/A;N/A;N/A;N/A;N/A;N/A;N/A;N/A;N/A;N/A;N/A;N/A;N/A;N/A;N/A;N/A;N/A;N/A;N/A;N/A;N/A;N/A;N/A;N/A;N/A;N/A;N/A;N/A;N/A;N/A;N/A;N/A;N/A;N/A;N/A;N/A;N/A;N/A;N/A;N/A;N/A;N/A;N/A;N/A;N/A;N/A;N/A;N/A;N/A;N/A;N/A;N/A;N/A;N/A;N/A;N/A;N/A
Nissan;Frontier;"XE DIESEL 4X2";2023;"0 km";;LAUTOMOTORA;48188;;;;;"San Jacinto";https://auto.mercadolibre.com.uy/MLU-651358702-nissan-frontier-xe-diesel-4x2-25-2023-0km-lautomotora-_JM;N/A;;"Nissan Frontier Xe Diesel 4x2 2.5 2023 0km - Lautomotora";USD;Sí;silver;false;N/A;N/A;http://perfil.mercadolibre.com.uy/LAUTOMOTORA;active;N/A;N/A;Nuevo;Blanco;N/A;Hidráulica;N/A;Sí;Sí;Sí;N/A;Sí;N/A;Sí;Sí;N/A;Sí;Sí;N/A;Sí;N/A;N/A;N/A;N/A;N/A;N/A;N/A;N/A;N/A;N/A;N/A;N/A;N/A;"2500 cc";N/A;6;N/A;N/A;Sí;Sí;Sí;N/A;N/A;N/A;N/A;N/A;N/A;N/A;N/A;N/A;N/A;N/A;N/A;N/A;N/A;N/A;N/A;N/A;N/A;Sí;N/A;Sí;N/A;Sí;N/A;N/A;N/A;N/A;N/A;N/A;N/A;N/A;Sí;N/A;N/A;N/A;N/A;N/A;Sí;N/A;N/A;N/A;N/A;N/A;N/A;N/A;N/A;N/A;"160 hp";Xe;N/A;N/A;N/A;"9 km/l";N/A;N/A;Sí;N/A;Sí;Sí;Sí;N/A;N/A;N/A;"11 km/l";N/A;N/A;N/A;Sí;N/A;"Lunes a viernes de 9 a 13 y de 14 a 19 hs";4;2.5;Diésel;Manual;Pick-Up;"Autos y camionetas";No;N/A;N/A;N/A;No;N/A;N/A;No;Sí;No;No;N/A;N/A;N/A;N/A;N/A;N/A;N/A;N/A;N/A;N/A;N/A;N/A;N/A;Sí;N/A;N/A;N/A;N/A;N/A;N/A;N/A;N/A;N/A;N/A;N/A;N/A;N/A;N/A;N/A;N/A;N/A;N/A;Sí;N/A;N/A;N/A;N/A;N/A;N/A;N/A;N/A;N/A;N/A;N/A;N/A;N/A;N/A;N/A;N/A;N/A;Sí;No;N/A;N/A;N/A;N/A;N/A;N/A;N/A;N/A;N/A;N/A;N/A;N/A;N/A;N/A;N/A;N/A;N/A;N/A;N/A;N/A;N/A;N/A;N/A;N/A;N/A;N/A;N/A;N/A;N/A;Sí;N/A;N/A;N/A;Sí;Sí;Sí;Sí;Sí;Sí;Sí;N/A;Sí;Sí;N/A;Sí;N/A;N/A;N/A;Sí;Sí;N/A;Sí;Sí;Sí;N/A;N/A;Sí;N/A;Sí
Nissan;Frontier;"FRONTIER 4PROX";2023;"0 km";;LAUTOMOTORA;46969;;;;;"San Jacinto";https://auto.mercadolibre.com.uy/MLU-631565069-nissan-frontier-4prox-25-2023-0km-lautomotora-_JM;N/A;;"Nissan Frontier  4prox 2.5 2023 0km - Lautomotora";USD;Sí;silver;false;N/A;N/A;http://perfil.mercadolibre.com.uy/LAUTOMOTORA;active;N/A;N/A;Nuevo;Blanco;N/A;Hidráulica;N/A;Sí;Sí;Sí;N/A;N/A;N/A;Sí;Sí;Sí;Sí;N/A;Sí;Sí;N/A;N/A;N/A;N/A;N/A;N/A;N/A;N/A;N/A;N/A;N/A;N/A;N/A;"2500 cc";N/A;6;N/A;N/A;Sí;Sí;Sí;Sí;N/A;N/A;N/A;N/A;N/A;N/A;N/A;N/A;N/A;N/A;N/A;N/A;N/A;N/A;N/A;N/A;N/A;N/A;N/A;Sí;N/A;N/A;N/A;N/A;N/A;N/A;N/A;N/A;N/A;N/A;N/A;N/A;N/A;N/A;N/A;N/A;Sí;N/A;N/A;N/A;N/A;N/A;N/A;N/A;N/A;N/A;"160 hp";N/A;N/A;N/A;N/A;"9 km/l";N/A;N/A;Sí;N/A;Sí;Sí;Sí;N/A;N/A;Sí;"11 km/l";N/A;N/A;N/A;N/A;N/A;"Lunes a viernes de 9 a 13 y de 14 a 19 hs";4;2.5;Nafta;"Automática secuencial";Pick-Up;"Autos y camionetas";No;N/A;N/A;N/A;No;N/A;N/A;No;Sí;No;No;N/A;N/A;N/A;N/A;N/A;N/A;N/A;N/A;N/A;N/A;N/A;N/A;N/A;Sí;N/A;N/A;N/A;N/A;N/A;N/A;N/A;N/A;N/A;N/A;N/A;N/A;N/A;N/A;N/A;N/A;N/A;N/A;Sí;N/A;N/A;N/A;N/A;N/A;N/A;N/A;N/A;N/A;N/A;N/A;N/A;N/A;Sí;Sí;N/A;N/A;Sí;No;N/A;N/A;N/A;N/A;N/A;N/A;N/A;N/A;N/A;N/A;N/A;N/A;N/A;N/A;N/A;N/A;N/A;N/A;N/A;N/A;N/A;N/A;N/A;N/A;N/A;N/A;N/A;N/A;N/A;Sí;N/A;N/A;N/A;Sí;Sí;Sí;N/A;Sí;N/A;Sí;N/A;Sí;Sí;Sí;Sí;N/A;N/A;Sí;Sí;Sí;N/A;Sí;Sí;Sí;N/A;N/A;Sí;N/A;Sí
Nissan;"D21 diésel";"d21 diésel";2007;"400000 km";;"POCITOS GARAGE";14900;;;;;Pocitos;https://auto.mercadolibre.com.uy/MLU-633962945-nissan-d21-diesel-_JM;N/A;;"Nissan D21 Diesel";USD;No;silver;false;N/A;N/A;http://perfil.mercadolibre.com.uy/POCITOS+GARAGE;active;N/A;N/A;Usado;Gris;N/A;Hidráulica;4x2;N/A;N/A;N/A;N/A;N/A;N/A;N/A;N/A;N/A;N/A;N/A;N/A;N/A;N/A;N/A;N/A;N/A;N/A;N/A;N/A;N/A;N/A;N/A;N/A;N/A;N/A;N/A;N/A;N/A;N/A;N/A;N/A;N/A;N/A;N/A;N/A;N/A;N/A;N/A;N/A;N/A;N/A;N/A;N/A;N/A;N/A;N/A;N/A;N/A;N/A;N/A;N/A;N/A;N/A;N/A;N/A;N/A;N/A;N/A;N/A;N/A;N/A;N/A;N/A;N/A;N/A;N/A;N/A;N/A;N/A;N/A;N/A;N/A;N/A;N/A;N/A;N/A;N/A;N/A;N/A;N/A;N/A;N/A;N/A;N/A;N/A;N/A;N/A;N/A;N/A;N/A;N/A;N/A;N/A;N/A;N/A;N/A;N/A;N/A;N/A;N/A;N/A;N/A;N/A;4;diesel;Diésel;Manual;N/A;"Autos y camionetas";N/A;N/A;N/A;N/A;N/A;N/A;N/A;N/A;N/A;N/A;N/A;N/A;N/A;N/A;N/A;N/A;N/A;N/A;N/A;N/A;N/A;N/A;N/A;N/A;N/A;N/A;N/A;N/A;N/A;N/A;N/A;N/A;N/A;N/A;N/A;N/A;N/A;N/A;N/A;N/A;N/A;N/A;N/A;N/A;N/A;N/A;N/A;N/A;N/A;N/A;N/A;N/A;N/A;N/A;N/A;N/A;N/A;N/A;N/A;N/A;N/A;N/A;N/A;N/A;N/A;N/A;N/A;N/A;N/A;N/A;N/A;N/A;N/A;N/A;N/A;N/A;N/A;N/A;N/A;N/A;N/A;N/A;N/A;N/A;N/A;N/A;N/A;N/A;N/A;N/A;N/A;N/A;N/A;N/A;N/A;N/A;N/A;N/A;N/A;N/A;N/A;N/A;N/A;N/A;N/A;N/A;N/A;N/A;N/A;N/A;N/A;N/A;N/A;N/A;N/A;N/A;N/A;N/A;N/A;N/A;N/A;N/A
Nissan;X-Trail;"E power";2024;"0 km";;"OSCARPISANO RENAULT-NISSAN";64990;;;;;Sayago;https://auto.mercadolibre.com.uy/MLU-640511774-nissan-x-trail-e-power-2024-0km-_JM;N/A;;"Nissan X-trail E Power 2024 0km";USD;Sí;silver;false;N/A;N/A;http://perfil.mercadolibre.com.uy/OSCARPISANO+RENAULT-NISSAN;active;N/A;N/A;Nuevo;Azul;N/A;Eléctrica;N/A;No;Sí;Sí;Sí;Sí;No;No;Sí;No;No;Sí;Sí;Sí;No;Sí;N/A;N/A;N/A;N/A;N/A;N/A;N/A;N/A;N/A;N/A;N/A;N/A;N/A;N/A;N/A;No;Sí;Sí;Sí;Sí;Sí;No;No;No;No;No;No;No;No;No;No;No;No;No;No;Sí;No;Sí;No;Sí;No;Sí;N/A;Sí;N/A;No;No;No;No;No;Sí;No;No;No;No;No;No;N/A;No;N/A;N/A;N/A;N/A;N/A;N/A;N/A;N/A;N/A;N/A;N/A;N/A;N/A;No;No;Sí;Sí;Sí;No;Sí;Sí;Sí;No;"19 km/l";Sí;No;No;No;Sí;"Lun. a Vie. de 8:30 a 18:30 hs. Sáb. de 9 a 13 hs";5;N/A;Híbrido;Automática;SUV;"Autos y camionetas";No;N/A;N/A;N/A;No;N/A;N/A;No;Sí;No;No;N/A;N/A;N/A;N/A;N/A;N/A;N/A;N/A;N/A;N/A;No;N/A;N/A;No;N/A;N/A;N/A;N/A;N/A;N/A;N/A;N/A;N/A;N/A;No;N/A;N/A;N/A;N/A;N/A;N/A;N/A;Sí;N/A;N/A;N/A;N/A;N/A;N/A;N/A;N/A;N/A;No;N/A;N/A;N/A;No;No;N/A;N/A;Sí;No;No;No;N/A;N/A;N/A;N/A;N/A;No;N/A;N/A;N/A;N/A;N/A;N/A;N/A;N/A;N/A;N/A;N/A;No;N/A;N/A;N/A;N/A;N/A;N/A;N/A;N/A;No;No;N/A;N/A;Sí;Sí;Sí;Sí;Sí;Sí;Sí;Sí;No;Sí;Sí;No;Sí;No;No;Sí;Sí;Sí;No;Sí;No;Sí;Sí;Sí;Sí;Sí;Sí
Nissan;Kicks;"1.6 Advance";2018;"83556 km";;"RYR AUTOMOVILES";21500;;;;;"San José de Carrasco";https://auto.mercadolibre.com.uy/MLU-666149746-nissan-kicks-advance-16-mt-2019-_JM;N/A;;"Nissan Kicks Advance 1.6 Mt 2019";usd;Sí;silver;false;N/A;N/A;http://perfil.mercadolibre.com.uy/RYR+AUTOMOVILES;active;N/A;N/A;Usado;Gris;Sí;Hidráulica;Delantera;Sí;Sí;N/A;N/A;N/A;N/A;N/A;N/A;N/A;N/A;N/A;Sí;Sí;N/A;Sí;N/A;N/A;N/A;N/A;N/A;N/A;N/A;N/A;N/A;N/A;"2620 mm";"1.6 L";"50 L";5;N/A;N/A;N/A;N/A;N/A;N/A;N/A;N/A;N/A;N/A;N/A;N/A;N/A;N/A;N/A;N/A;N/A;N/A;N/A;N/A;N/A;N/A;N/A;N/A;N/A;N/A;N/A;N/A;N/A;Sí;N/A;N/A;N/A;Sí;Sí;N/A;N/A;N/A;N/A;N/A;N/A;N/A;N/A;N/A;N/A;"1590 mm";"4295 mm";N/A;N/A;N/A;N/A;5;"118 hp";Advance;N/A;4;"1760 mm";N/A;N/A;N/A;N/A;Sí;N/A;N/A;Sí;N/A;N/A;N/A;N/A;N/A;N/A;N/A;N/A;Sí;N/A;5;1.6;Nafta;Manual;SUV;"Autos y camionetas";N/A;N/A;N/A;N/A;N/A;N/A;UY;N/A;Sí;N/A;N/A;N/A;N/A;N/A;N/A;N/A;N/A;N/A;N/A;N/A;N/A;N/A;N/A;N/A;N/A;N/A;N/A;N/A;N/A;N/A;N/A;N/A;N/A;N/A;N/A;N/A;N/A;N/A;N/A;N/A;N/A;N/A;N/A;N/A;N/A;N/A;N/A;N/A;N/A;N/A;N/A;N/A;N/A;N/A;N/A;N/A;N/A;N/A;N/A;N/A;N/A;N/A;Sí;N/A;N/A;N/A;N/A;N/A;N/A;N/A;N/A;N/A;N/A;N/A;N/A;N/A;N/A;N/A;N/A;N/A;N/A;N/A;N/A;N/A;N/A;N/A;N/A;N/A;N/A;N/A;N/A;N/A;N/A;N/A;N/A;N/A;Sí;Sí;Sí;N/A;N/A;N/A;N/A;N/A;N/A;Sí;N/A;Sí;Sí;N/A;N/A;N/A;Sí;N/A;Sí;Sí;Sí;N/A;N/A;Sí;N/A;Sí
Nissan;Frontier;"Modelo Se  4x2";2016;"160000 km";;NIMACA3;18900;;;;;"Las Piedras";https://auto.mercadolibre.com.uy/MLU-665956636-nissan-frontier-modelo-se-4x2-_JM;N/A;;"Nissan Frontier Modelo Se  4x2 ";USD;Sí;silver;false;N/A;N/A;http://perfil.mercadolibre.com.uy/NIMACA3;active;N/A;N/A;Usado;N/A;N/A;N/A;N/A;N/A;N/A;N/A;N/A;N/A;N/A;N/A;N/A;N/A;N/A;N/A;N/A;N/A;N/A;N/A;N/A;N/A;N/A;N/A;N/A;N/A;N/A;N/A;N/A;N/A;N/A;N/A;N/A;N/A;N/A;N/A;N/A;N/A;N/A;N/A;N/A;N/A;N/A;N/A;N/A;N/A;N/A;N/A;N/A;N/A;N/A;N/A;N/A;N/A;N/A;N/A;N/A;N/A;N/A;N/A;N/A;N/A;N/A;N/A;N/A;N/A;N/A;N/A;N/A;N/A;N/A;N/A;N/A;N/A;N/A;N/A;N/A;N/A;N/A;N/A;N/A;N/A;N/A;N/A;N/A;N/A;N/A;N/A;N/A;N/A;N/A;N/A;N/A;N/A;N/A;N/A;N/A;N/A;N/A;N/A;N/A;N/A;N/A;N/A;N/A;N/A;N/A;N/A;N/A;4;N/A;Nafta;N/A;N/A;"Autos y camionetas";N/A;N/A;N/A;N/A;N/A;N/A;N/A;N/A;N/A;N/A;N/A;N/A;N/A;N/A;N/A;N/A;N/A;N/A;N/A;N/A;N/A;N/A;N/A;N/A;N/A;N/A;N/A;N/A;N/A;N/A;N/A;N/A;N/A;N/A;N/A;N/A;N/A;N/A;N/A;N/A;N/A;N/A;N/A;N/A;N/A;N/A;N/A;N/A;N/A;N/A;N/A;N/A;N/A;N/A;N/A;N/A;N/A;N/A;N/A;N/A;N/A;N/A;N/A;N/A;N/A;N/A;N/A;N/A;N/A;N/A;N/A;N/A;N/A;N/A;N/A;N/A;N/A;N/A;N/A;N/A;N/A;N/A;N/A;N/A;N/A;N/A;N/A;N/A;N/A;N/A;N/A;N/A;N/A;N/A;N/A;N/A;N/A;N/A;N/A;N/A;N/A;N/A;N/A;N/A;N/A;N/A;N/A;N/A;N/A;N/A;N/A;N/A;N/A;N/A;N/A;N/A;N/A;N/A;N/A;N/A;N/A;N/A
Nissan;Tiida;"1.8 Emotion Mt";2010;"164394 km";;"RYR AUTOMOVILES";9700;;;;;"San José de Carrasco";https://auto.mercadolibre.com.uy/MLU-664694876-nissan-tiida-18-2010-_JM;N/A;;"Nissan Tiida 1.8 2010";usd;Sí;silver;false;N/A;N/A;http://perfil.mercadolibre.com.uy/RYR+AUTOMOVILES;active;N/A;N/A;Usado;Negro;N/A;Hidráulica;Delantera;Sí;N/A;N/A;N/A;N/A;N/A;N/A;N/A;N/A;N/A;N/A;N/A;Sí;N/A;N/A;N/A;N/A;N/A;N/A;N/A;N/A;N/A;N/A;N/A;N/A;"2600 mm";"1.8 L";"52.4 L";N/A;N/A;N/A;N/A;N/A;N/A;N/A;N/A;N/A;N/A;N/A;N/A;N/A;N/A;N/A;N/A;N/A;N/A;N/A;N/A;N/A;N/A;N/A;N/A;N/A;N/A;N/A;N/A;N/A;N/A;N/A;N/A;N/A;N/A;N/A;N/A;N/A;N/A;N/A;N/A;N/A;N/A;N/A;N/A;N/A;N/A;"1548 mm";"4297 mm";N/A;N/A;N/A;N/A;N/A;N/A;Emotion;N/A;N/A;"1695 mm";N/A;N/A;N/A;N/A;Sí;N/A;N/A;Sí;N/A;N/A;N/A;N/A;N/A;N/A;N/A;N/A;Sí;N/A;5;1.8;Nafta;Manual;Hatchback;"Autos y camionetas";N/A;N/A;N/A;N/A;N/A;N/A;UY;N/A;Sí;N/A;N/A;N/A;N/A;N/A;N/A;N/A;N/A;N/A;N/A;N/A;N/A;N/A;N/A;N/A;N/A;N/A;N/A;N/A;N/A;N/A;N/A;N/A;N/A;N/A;N/A;N/A;N/A;N/A;N/A;N/A;N/A;N/A;N/A;N/A;N/A;N/A;N/A;N/A;N/A;N/A;N/A;N/A;N/A;N/A;N/A;N/A;N/A;N/A;N/A;N/A;N/A;N/A;Sí;N/A;N/A;N/A;N/A;N/A;N/A;N/A;N/A;N/A;N/A;N/A;N/A;N/A;N/A;N/A;N/A;N/A;N/A;N/A;N/A;N/A;N/A;N/A;N/A;N/A;N/A;N/A;N/A;N/A;N/A;N/A;N/A;N/A;Sí;N/A;Sí;N/A;N/A;N/A;N/A;N/A;N/A;Sí;N/A;N/A;Sí;N/A;N/A;N/A;N/A;N/A;Sí;Sí;N/A;N/A;N/A;N/A;N/A;N/A
Nissan;Kicks;"Exclusive Cvt";2024;"0 km";;APPOLONI-AUTOMOVILES;34990;;;;;"Nueva Helvecia";https://auto.mercadolibre.com.uy/MLU-660460404-nissan-kicks-exclusive-cvt-0km-permuta-financiacion-_JM;N/A;;"Nissan Kicks Exclusive Cvt 0km - Permuta - Financiación";USD;Sí;silver;false;N/A;N/A;http://perfil.mercadolibre.com.uy/APPOLONI-AUTOMOVILES;active;N/A;N/A;Nuevo;Gris;N/A;Eléctrica;Delantera;N/A;N/A;N/A;N/A;N/A;N/A;N/A;N/A;N/A;N/A;N/A;N/A;N/A;N/A;N/A;N/A;N/A;N/A;N/A;N/A;N/A;N/A;N/A;N/A;N/A;N/A;N/A;N/A;N/A;N/A;N/A;N/A;N/A;N/A;N/A;N/A;N/A;N/A;N/A;N/A;N/A;N/A;N/A;N/A;N/A;N/A;N/A;N/A;N/A;N/A;N/A;N/A;N/A;N/A;N/A;N/A;N/A;N/A;N/A;N/A;N/A;N/A;N/A;N/A;N/A;N/A;N/A;N/A;N/A;N/A;N/A;N/A;N/A;N/A;N/A;N/A;N/A;N/A;N/A;N/A;N/A;N/A;N/A;N/A;N/A;N/A;N/A;N/A;N/A;N/A;N/A;N/A;N/A;N/A;N/A;N/A;N/A;N/A;N/A;N/A;N/A;N/A;N/A;"L - V 8:30 a 12:00 - 14:00 a 18:30. Sab. 8:30 a 12:30";5;1.6;Nafta;Automática;SUV;"Autos y camionetas";N/A;N/A;N/A;N/A;N/A;N/A;N/A;N/A;N/A;N/A;N/A;N/A;N/A;N/A;N/A;N/A;N/A;N/A;N/A;N/A;N/A;N/A;N/A;N/A;N/A;N/A;N/A;N/A;N/A;N/A;N/A;N/A;N/A;N/A;N/A;N/A;N/A;N/A;N/A;N/A;N/A;N/A;N/A;N/A;N/A;N/A;N/A;N/A;N/A;N/A;N/A;N/A;N/A;N/A;N/A;N/A;N/A;N/A;N/A;N/A;N/A;N/A;N/A;N/A;N/A;N/A;N/A;N/A;N/A;N/A;N/A;N/A;N/A;N/A;N/A;N/A;N/A;N/A;N/A;N/A;N/A;N/A;N/A;N/A;N/A;N/A;N/A;N/A;N/A;N/A;N/A;N/A;N/A;N/A;N/A;N/A;N/A;N/A;N/A;N/A;N/A;N/A;N/A;N/A;N/A;N/A;N/A;N/A;N/A;N/A;N/A;N/A;N/A;N/A;N/A;N/A;N/A;N/A;N/A;N/A;N/A;N/A
Nissan;X-Trail;"E-Power Advance E-4ORCE";2023;"0 km";;APPOLONI-AUTOMOVILES;64990;;;;;"Nueva Helvecia";https://auto.mercadolibre.com.uy/MLU-646859000-x-trail-e-power-advance-e-4orce-_JM;N/A;;"X-trail E-power Advance E-4orce";USD;Sí;silver;false;N/A;N/A;http://perfil.mercadolibre.com.uy/APPOLONI-AUTOMOVILES;active;N/A;N/A;Nuevo;Negro;N/A;Eléctrica;Integral;N/A;N/A;N/A;N/A;N/A;N/A;N/A;N/A;N/A;N/A;N/A;N/A;N/A;N/A;N/A;N/A;N/A;N/A;N/A;N/A;N/A;N/A;N/A;N/A;N/A;N/A;N/A;N/A;N/A;N/A;N/A;N/A;N/A;N/A;N/A;N/A;N/A;N/A;N/A;N/A;N/A;N/A;N/A;N/A;N/A;N/A;N/A;N/A;N/A;N/A;N/A;N/A;N/A;N/A;N/A;N/A;N/A;N/A;N/A;N/A;N/A;N/A;N/A;N/A;N/A;N/A;N/A;N/A;N/A;N/A;N/A;N/A;N/A;N/A;N/A;N/A;N/A;N/A;N/A;N/A;N/A;N/A;N/A;N/A;N/A;N/A;N/A;N/A;N/A;N/A;N/A;N/A;N/A;N/A;N/A;N/A;N/A;N/A;N/A;N/A;N/A;N/A;N/A;"L - V 8:30 a 12:00 14:00 a 18:30. Sab. 8:30 a 12:30";5;1.5;Eléctrico;Automática;SUV;"Autos y camionetas";N/A;N/A;N/A;N/A;N/A;N/A;N/A;N/A;N/A;N/A;N/A;N/A;N/A;N/A;N/A;N/A;N/A;N/A;N/A;N/A;N/A;N/A;N/A;N/A;N/A;N/A;N/A;N/A;N/A;N/A;N/A;N/A;N/A;N/A;N/A;N/A;N/A;N/A;N/A;N/A;N/A;N/A;N/A;N/A;N/A;N/A;N/A;N/A;N/A;N/A;N/A;N/A;N/A;N/A;N/A;N/A;N/A;N/A;N/A;N/A;N/A;N/A;N/A;N/A;N/A;N/A;N/A;N/A;N/A;N/A;N/A;N/A;N/A;N/A;N/A;N/A;N/A;N/A;N/A;N/A;N/A;N/A;N/A;N/A;N/A;N/A;N/A;N/A;N/A;N/A;N/A;N/A;N/A;N/A;N/A;N/A;N/A;N/A;N/A;N/A;N/A;N/A;N/A;N/A;N/A;N/A;N/A;N/A;N/A;N/A;N/A;N/A;N/A;N/A;N/A;N/A;N/A;N/A;N/A;N/A;N/A;N/A
Nissan;March;"1.6 Advance Mt";2012;"116418 km";;"RYR AUTOMOVILES";10900;;;;;"San José de Carrasco";https://auto.mercadolibre.com.uy/MLU-665225590-nissan-march-extra-full-2012-_JM;N/A;;"Nissan March Extra Full 2012";usd;Sí;silver;false;N/A;N/A;http://perfil.mercadolibre.com.uy/RYR+AUTOMOVILES;active;N/A;N/A;Usado;Gris;N/A;Hidráulica;Delantera;Sí;N/A;N/A;N/A;N/A;N/A;N/A;N/A;N/A;N/A;N/A;N/A;Sí;N/A;N/A;N/A;N/A;N/A;N/A;N/A;N/A;N/A;N/A;N/A;N/A;"2450 mm";"1.6 L";"41 L";N/A;N/A;N/A;N/A;N/A;N/A;N/A;N/A;N/A;N/A;N/A;N/A;N/A;N/A;N/A;N/A;N/A;N/A;N/A;N/A;N/A;N/A;N/A;N/A;N/A;N/A;N/A;N/A;N/A;N/A;N/A;N/A;N/A;N/A;N/A;N/A;N/A;N/A;N/A;N/A;N/A;N/A;N/A;N/A;N/A;N/A;"1528 mm";"3780 mm";N/A;N/A;N/A;N/A;5;"109 hp";Advance;N/A;N/A;"1665 mm";N/A;N/A;N/A;N/A;Sí;N/A;N/A;N/A;N/A;N/A;N/A;N/A;N/A;N/A;N/A;N/A;Sí;N/A;5;1.6;Nafta;Manual;Hatchback;"Autos y camionetas";N/A;N/A;N/A;N/A;N/A;N/A;UY;N/A;Sí;N/A;N/A;N/A;N/A;N/A;N/A;N/A;N/A;N/A;N/A;N/A;N/A;N/A;N/A;N/A;N/A;N/A;N/A;N/A;N/A;N/A;N/A;N/A;N/A;N/A;N/A;N/A;N/A;N/A;N/A;N/A;N/A;N/A;N/A;N/A;N/A;N/A;N/A;N/A;N/A;N/A;N/A;N/A;N/A;N/A;N/A;N/A;N/A;N/A;N/A;N/A;N/A;N/A;Sí;N/A;N/A;N/A;N/A;N/A;N/A;N/A;N/A;N/A;N/A;N/A;N/A;N/A;N/A;N/A;N/A;N/A;N/A;N/A;N/A;N/A;N/A;N/A;N/A;N/A;N/A;N/A;N/A;N/A;N/A;N/A;N/A;N/A;Sí;N/A;Sí;N/A;N/A;N/A;N/A;N/A;N/A;Sí;N/A;N/A;Sí;N/A;N/A;N/A;N/A;N/A;Sí;Sí;N/A;Sí;N/A;N/A;N/A;N/A
Nissan;Kicks;"1.6 Exclusive At";2023;"10000 km";;"POCITOS GARAGE";30500;;;;;Pocitos;https://auto.mercadolibre.com.uy/MLU-634702855-nissan-kicks-2023-16-exclusive-at-_JM;N/A;;"Nissan Kicks 2023 1.6 Exclusive At";usd;Sí;silver;false;N/A;N/A;http://perfil.mercadolibre.com.uy/POCITOS+GARAGE;active;N/A;N/A;Usado;N/A;N/A;Hidráulica;Delantera;Sí;N/A;N/A;N/A;N/A;N/A;N/A;N/A;Sí;N/A;N/A;N/A;N/A;N/A;N/A;N/A;N/A;N/A;N/A;N/A;N/A;N/A;N/A;N/A;N/A;"2620 mm";"1.6 L";"50 L";N/A;N/A;N/A;N/A;N/A;N/A;N/A;N/A;N/A;N/A;N/A;N/A;N/A;N/A;N/A;N/A;N/A;N/A;N/A;N/A;N/A;N/A;N/A;N/A;N/A;N/A;N/A;N/A;N/A;N/A;N/A;N/A;N/A;N/A;Sí;Sí;N/A;N/A;Sí;N/A;N/A;N/A;N/A;N/A;N/A;N/A;"1590 mm";"4295 mm";N/A;N/A;N/A;N/A;5;"118 hp";Exclusive;N/A;4;"1760 mm";N/A;N/A;N/A;N/A;N/A;N/A;N/A;N/A;N/A;N/A;N/A;N/A;N/A;N/A;N/A;N/A;N/A;N/A;5;1.6;Nafta;Automática;SUV;"Autos y camionetas";N/A;N/A;N/A;N/A;N/A;N/A;UY;N/A;N/A;N/A;N/A;N/A;N/A;N/A;N/A;N/A;N/A;N/A;N/A;N/A;N/A;N/A;N/A;N/A;N/A;N/A;N/A;N/A;N/A;N/A;N/A;N/A;N/A;N/A;N/A;N/A;N/A;N/A;N/A;N/A;N/A;N/A;N/A;N/A;N/A;N/A;N/A;N/A;N/A;N/A;N/A;N/A;N/A;N/A;N/A;N/A;N/A;N/A;N/A;N/A;N/A;N/A;N/A;N/A;N/A;N/A;N/A;N/A;N/A;N/A;N/A;N/A;N/A;N/A;N/A;N/A;N/A;N/A;N/A;N/A;N/A;N/A;N/A;N/A;N/A;N/A;N/A;N/A;N/A;N/A;N/A;N/A;N/A;N/A;N/A;N/A;Sí;N/A;Sí;N/A;N/A;N/A;N/A;N/A;N/A;Sí;N/A;N/A;N/A;N/A;N/A;Sí;Sí;N/A;Sí;N/A;N/A;N/A;N/A;Sí;N/A;Sí
Nissan;Versa;"1.6 Drive";2020;"61756 km";;APPOLONI-AUTOMOVILES;16200;;;;;"Nueva Helvecia";https://auto.mercadolibre.com.uy/MLU-656826566-nissan-versa-drive-tm-permuta-financiacion-_JM;N/A;;"Nissan Versa Drive Tm - Permuta - Financiación";usd;Sí;silver;false;N/A;N/A;http://perfil.mercadolibre.com.uy/APPOLONI-AUTOMOVILES;active;N/A;N/A;Usado;Gris;N/A;Hidráulica;Delantera;Sí;N/A;N/A;N/A;N/A;N/A;N/A;N/A;N/A;N/A;N/A;N/A;N/A;N/A;N/A;N/A;N/A;N/A;N/A;N/A;N/A;N/A;N/A;N/A;N/A;"2600 mm";"1.6 L";"41 L";5;N/A;N/A;N/A;N/A;N/A;N/A;N/A;N/A;N/A;N/A;N/A;N/A;N/A;N/A;N/A;N/A;N/A;N/A;N/A;N/A;N/A;N/A;N/A;N/A;N/A;N/A;N/A;N/A;N/A;N/A;N/A;N/A;N/A;N/A;N/A;N/A;N/A;N/A;N/A;N/A;N/A;N/A;N/A;N/A;N/A;"1506 mm";"4492 mm";N/A;N/A;N/A;N/A;5;"106 hp";Drive;N/A;4;"1695 mm";N/A;N/A;N/A;N/A;N/A;N/A;N/A;Sí;N/A;N/A;N/A;N/A;N/A;N/A;N/A;N/A;N/A;"L - V 8:30 a 12:00 14:00 a 18:30. Sab. 8:30 a 12:30";4;1.6;Nafta;Manual;Sedán;"Autos y camionetas";N/A;N/A;N/A;N/A;N/A;N/A;UY;N/A;N/A;N/A;N/A;N/A;N/A;N/A;N/A;N/A;N/A;N/A;N/A;N/A;N/A;N/A;N/A;N/A;N/A;N/A;N/A;N/A;N/A;N/A;N/A;N/A;N/A;N/A;N/A;N/A;N/A;N/A;N/A;N/A;N/A;N/A;N/A;N/A;N/A;N/A;N/A;N/A;N/A;N/A;N/A;N/A;N/A;N/A;N/A;N/A;N/A;N/A;N/A;N/A;N/A;N/A;N/A;N/A;N/A;N/A;N/A;N/A;N/A;N/A;N/A;N/A;N/A;N/A;N/A;N/A;N/A;N/A;N/A;N/A;N/A;N/A;N/A;N/A;N/A;N/A;N/A;N/A;N/A;N/A;N/A;N/A;N/A;N/A;N/A;N/A;Sí;N/A;N/A;N/A;N/A;N/A;N/A;N/A;N/A;Sí;N/A;N/A;N/A;N/A;N/A;N/A;N/A;N/A;Sí;N/A;N/A;N/A;N/A;N/A;N/A;N/A
Nissan;Versa;"FASE II";2023;"0 km";;SOLYCARAUTOMOVILES;25990;;;;;Solymar;https://auto.mercadolibre.com.uy/MLU-644539800-nissan-versa-fase-ii-16-2023-0km-solycar-_JM;N/A;;"Nissan Versa Fase Ii 1.6 2023 0km - Solycar";USD;Sí;silver;false;N/A;N/A;http://perfil.mercadolibre.com.uy/SOLYCARAUTOMOVILES;active;N/A;N/A;Nuevo;Rojo;N/A;Eléctrica;Delantera;Sí;Sí;Sí;N/A;Sí;N/A;Sí;Sí;Sí;N/A;Sí;Sí;Sí;N/A;Sí;N/A;N/A;N/A;N/A;N/A;N/A;N/A;N/A;N/A;N/A;N/A;"1600 cc";N/A;6;N/A;N/A;Sí;Sí;Sí;N/A;Sí;N/A;N/A;N/A;N/A;N/A;N/A;N/A;N/A;N/A;N/A;N/A;N/A;N/A;N/A;N/A;N/A;Sí;N/A;Sí;N/A;Sí;N/A;N/A;N/A;N/A;N/A;N/A;N/A;N/A;Sí;N/A;N/A;N/A;N/A;N/A;Sí;N/A;N/A;N/A;N/A;N/A;N/A;N/A;N/A;N/A;"118 hp";N/A;N/A;N/A;N/A;"14 km/l";N/A;N/A;Sí;Sí;Sí;Sí;Sí;Sí;N/A;N/A;"17 km/l";N/A;N/A;N/A;N/A;N/A;"Lun. a Vie. de 9:30 a 18:30 hs. Sáb. de 9:30 a 14 hs";4;1.6;Nafta;Automática;Sedán;"Autos y camionetas";No;N/A;N/A;N/A;No;N/A;N/A;No;Sí;No;No;N/A;N/A;N/A;N/A;N/A;N/A;N/A;N/A;N/A;N/A;N/A;N/A;N/A;N/A;N/A;N/A;N/A;N/A;N/A;N/A;N/A;N/A;N/A;N/A;N/A;N/A;N/A;N/A;N/A;N/A;N/A;N/A;Sí;N/A;N/A;N/A;N/A;N/A;N/A;N/A;N/A;N/A;N/A;N/A;N/A;N/A;N/A;N/A;N/A;N/A;Sí;No;N/A;N/A;N/A;N/A;N/A;N/A;N/A;N/A;N/A;N/A;N/A;N/A;N/A;N/A;N/A;N/A;N/A;N/A;N/A;N/A;N/A;N/A;N/A;N/A;N/A;N/A;N/A;N/A;N/A;N/A;N/A;N/A;N/A;Sí;Sí;Sí;Sí;Sí;Sí;N/A;N/A;Sí;Sí;N/A;Sí;N/A;N/A;Sí;Sí;Sí;N/A;Sí;Sí;Sí;N/A;N/A;Sí;N/A;Sí
Nissan;X-Trail;E-Power;2023;"0 km";;"DELTACAR S.A.";59990;;;;;Mercedes;https://auto.mercadolibre.com.uy/MLU-642907028-nissan-x-trail-e-power-_JM;N/A;;"Nissan  X-trail E- Power";USD;Sí;silver;false;N/A;N/A;http://perfil.mercadolibre.com.uy/DELTACAR+S.A.;active;N/A;N/A;Nuevo;Blanco;N/A;Asistida;4x4;N/A;Sí;N/A;N/A;N/A;Sí;N/A;N/A;N/A;N/A;N/A;Sí;Sí;N/A;Sí;N/A;N/A;N/A;N/A;N/A;N/A;N/A;N/A;N/A;N/A;N/A;N/A;N/A;N/A;N/A;N/A;N/A;N/A;N/A;N/A;N/A;N/A;N/A;N/A;N/A;N/A;N/A;N/A;N/A;N/A;N/A;N/A;N/A;N/A;N/A;N/A;N/A;N/A;N/A;N/A;N/A;N/A;N/A;N/A;N/A;N/A;N/A;N/A;N/A;N/A;N/A;N/A;N/A;N/A;N/A;N/A;N/A;N/A;N/A;N/A;N/A;N/A;N/A;N/A;N/A;N/A;N/A;N/A;N/A;N/A;N/A;N/A;N/A;N/A;Sí;Sí;N/A;Sí;Sí;N/A;N/A;N/A;N/A;N/A;N/A;N/A;N/A;N/A;"TODOS LOS DIAS";5;"1.5 Tce";Eléctrico;Automática;SUV;"Autos y camionetas";Sí;N/A;N/A;N/A;Sí;N/A;N/A;N/A;Sí;N/A;N/A;N/A;N/A;N/A;N/A;N/A;N/A;N/A;N/A;N/A;N/A;N/A;N/A;N/A;Sí;N/A;N/A;N/A;N/A;N/A;N/A;N/A;N/A;N/A;N/A;N/A;N/A;N/A;N/A;N/A;N/A;N/A;N/A;Sí;N/A;N/A;N/A;N/A;N/A;N/A;N/A;N/A;N/A;N/A;N/A;N/A;N/A;N/A;N/A;N/A;N/A;Sí;Sí;N/A;N/A;N/A;N/A;N/A;N/A;N/A;N/A;N/A;N/A;N/A;N/A;N/A;N/A;N/A;N/A;N/A;N/A;N/A;N/A;N/A;N/A;N/A;N/A;N/A;N/A;N/A;N/A;N/A;N/A;N/A;N/A;N/A;Sí;Sí;N/A;N/A;Sí;N/A;N/A;N/A;N/A;Sí;Sí;Sí;Sí;N/A;N/A;Sí;Sí;Sí;Sí;Sí;Sí;N/A;N/A;Sí;N/A;Sí
Nissan;"Frontier DC";"2.5 4x2 Diésel";2007;"498000 km";;"LOPEZ MOTORS";16900;;;;;"Las Piedras";https://auto.mercadolibre.com.uy/MLU-666226506-nissan-frontier-dc-diesel-_JM;N/A;;"Nissan Frontier Dc Diésel";USD;No;silver;false;N/A;N/A;http://perfil.mercadolibre.com.uy/LOPEZ+MOTORS;active;N/A;N/A;Usado;Gris;No;Hidráulica;4x2;Sí;Sí;N/A;N/A;N/A;No;N/A;N/A;No;N/A;N/A;No;Sí;N/A;No;N/A;N/A;N/A;N/A;N/A;N/A;N/A;N/A;N/A;N/A;N/A;N/A;N/A;N/A;N/A;N/A;N/A;N/A;N/A;No;N/A;N/A;N/A;N/A;N/A;N/A;N/A;N/A;N/A;N/A;N/A;N/A;N/A;N/A;N/A;N/A;N/A;N/A;N/A;N/A;N/A;N/A;N/A;No;N/A;N/A;N/A;N/A;N/A;N/A;N/A;N/A;N/A;N/A;N/A;N/A;N/A;N/A;N/A;N/A;N/A;N/A;N/A;N/A;N/A;N/A;N/A;N/A;N/A;N/A;N/A;N/A;No;N/A;No;No;N/A;Sí;No;N/A;No;N/A;N/A;No;No;N/A;N/A;No;"De lunes a viernes de las 8:30 hs a 12:00 hs hasta las 14:00 hs hasta las 18:00 hs...";4;"2.5 T";Diésel;Manual;Pick-Up;"Autos y camionetas";No;N/A;N/A;N/A;No;N/A;N/A;N/A;Sí;N/A;No;N/A;N/A;N/A;N/A;N/A;N/A;N/A;N/A;N/A;N/A;N/A;N/A;N/A;Sí;N/A;N/A;N/A;N/A;N/A;N/A;N/A;N/A;N/A;N/A;N/A;N/A;N/A;N/A;N/A;N/A;N/A;N/A;No;N/A;N/A;N/A;N/A;N/A;N/A;N/A;N/A;N/A;N/A;N/A;N/A;N/A;N/A;N/A;N/A;N/A;No;No;N/A;N/A;N/A;N/A;N/A;N/A;N/A;N/A;N/A;N/A;N/A;N/A;N/A;N/A;N/A;N/A;N/A;N/A;N/A;N/A;N/A;N/A;N/A;N/A;N/A;N/A;N/A;N/A;N/A;N/A;N/A;N/A;Sí;No;Sí;Sí;N/A;No;N/A;N/A;N/A;N/A;No;No;No;Sí;N/A;N/A;No;No;Sí;Sí;No;Sí;No;No;Sí;N/A;Sí
Nissan;Pathfinder;"3.5 Le Piel 4x4 At";1996;"290000 km";;EZEQUIELSANDIN;14900;;;;;"Pocitos Nuevo";https://auto.mercadolibre.com.uy/MLU-665458256-nissan-pathfinder-1996-35-le-piel-4x4-at-_JM;N/A;;"Nissan Pathfinder 1996 3.5 Le Piel 4x4 At";usd;No;silver;false;N/A;N/A;http://perfil.mercadolibre.com.uy/EZEQUIELSANDIN;active;N/A;N/A;Usado;N/A;N/A;Hidráulica;4x4;Sí;N/A;N/A;N/A;N/A;N/A;N/A;N/A;Sí;N/A;N/A;N/A;N/A;N/A;N/A;N/A;N/A;N/A;N/A;N/A;N/A;N/A;N/A;N/A;N/A;"2700 mm";"3.5 L";"80 L";N/A;N/A;N/A;N/A;N/A;N/A;N/A;N/A;N/A;N/A;N/A;N/A;N/A;N/A;N/A;N/A;N/A;N/A;N/A;N/A;N/A;N/A;N/A;N/A;N/A;N/A;N/A;N/A;N/A;N/A;N/A;N/A;N/A;N/A;N/A;N/A;N/A;N/A;N/A;N/A;N/A;N/A;N/A;N/A;N/A;N/A;"1800 mm";"4641 mm";N/A;N/A;N/A;N/A;5;N/A;Le;N/A;N/A;"1821 mm";N/A;N/A;N/A;N/A;N/A;N/A;N/A;N/A;N/A;N/A;N/A;N/A;N/A;N/A;N/A;N/A;N/A;N/A;5;3.5;Nafta;Automática;SUV;"Autos y camionetas";N/A;N/A;N/A;N/A;N/A;N/A;UY;N/A;N/A;N/A;N/A;N/A;N/A;N/A;N/A;N/A;N/A;N/A;N/A;N/A;N/A;N/A;N/A;N/A;N/A;N/A;N/A;N/A;N/A;N/A;N/A;N/A;N/A;N/A;N/A;N/A;N/A;N/A;N/A;N/A;N/A;N/A;N/A;N/A;N/A;N/A;N/A;N/A;N/A;N/A;N/A;N/A;N/A;N/A;N/A;N/A;N/A;N/A;N/A;N/A;N/A;N/A;N/A;N/A;N/A;N/A;N/A;N/A;N/A;N/A;N/A;N/A;N/A;N/A;N/A;N/A;N/A;N/A;N/A;N/A;N/A;N/A;N/A;N/A;N/A;N/A;N/A;N/A;N/A;N/A;N/A;N/A;N/A;N/A;N/A;N/A;Sí;N/A;N/A;N/A;N/A;N/A;N/A;N/A;N/A;N/A;N/A;N/A;N/A;N/A;N/A;N/A;N/A;N/A;Sí;N/A;N/A;N/A;N/A;N/A;N/A;N/A
Nissan;Frontier;4;2013;"210340 km";;"RYR AUTOMOVILES";10900;;;;;"San José de Carrasco";https://auto.mercadolibre.com.uy/MLU-665427518-nissan-frontier-dc-lx-4x2-2013-_JM;N/A;;"Nissan Frontier Dc Lx 4x2 2013";usd;Sí;silver;false;N/A;N/A;http://perfil.mercadolibre.com.uy/RYR+AUTOMOVILES;active;N/A;N/A;Usado;Gris;N/A;Asistida;4x2;Sí;N/A;N/A;N/A;N/A;N/A;N/A;N/A;N/A;N/A;N/A;N/A;N/A;N/A;N/A;N/A;N/A;N/A;N/A;N/A;N/A;N/A;N/A;N/A;N/A;"2950 mm";"2.4 L";"75 L";N/A;N/A;N/A;N/A;N/A;N/A;N/A;N/A;N/A;N/A;N/A;N/A;N/A;N/A;N/A;N/A;N/A;N/A;N/A;N/A;N/A;N/A;N/A;N/A;N/A;N/A;N/A;N/A;N/A;N/A;N/A;N/A;N/A;N/A;N/A;N/A;N/A;N/A;N/A;N/A;N/A;N/A;N/A;N/A;N/A;N/A;"1720 mm";"5010 mm";N/A;N/A;N/A;N/A;N/A;N/A;Le;N/A;N/A;"1820 mm";N/A;N/A;N/A;N/A;N/A;N/A;N/A;N/A;N/A;N/A;N/A;N/A;N/A;N/A;N/A;N/A;N/A;N/A;4;2.4;Nafta;Manual;Pick-Up;"Autos y camionetas";N/A;N/A;N/A;N/A;N/A;N/A;UY;N/A;Sí;N/A;N/A;N/A;N/A;N/A;N/A;N/A;N/A;N/A;N/A;N/A;N/A;N/A;N/A;N/A;N/A;N/A;N/A;N/A;N/A;N/A;N/A;N/A;N/A;N/A;N/A;N/A;N/A;N/A;N/A;N/A;N/A;N/A;N/A;N/A;N/A;N/A;N/A;N/A;N/A;N/A;N/A;N/A;N/A;N/A;N/A;N/A;N/A;N/A;N/A;N/A;N/A;N/A;Sí;N/A;N/A;N/A;N/A;N/A;N/A;N/A;N/A;N/A;N/A;N/A;N/A;N/A;N/A;N/A;N/A;N/A;N/A;N/A;N/A;N/A;N/A;N/A;N/A;N/A;N/A;N/A;N/A;N/A;N/A;N/A;N/A;N/A;Sí;N/A;N/A;N/A;N/A;N/A;N/A;N/A;N/A;Sí;N/A;N/A;N/A;N/A;N/A;N/A;N/A;N/A;Sí;Sí;N/A;Sí;N/A;Sí;N/A;Sí
Nissan;March;"1.6 Advance Mt";2015;"130000 km";;"TOPCAR AV.JOSEBELLONI6328";10500;;;;;Manga;https://auto.mercadolibre.com.uy/MLU-664591162-nissan-march-2015-automotoratopcar-usd-5000-y-cuotas-en--_JM;N/A;;"Nissan March 2015 Automotoratopcar Usd 5000 Y Cuotas En $$$";usd;Sí;silver;false;N/A;N/A;http://perfil.mercadolibre.com.uy/TOPCAR+AV.JOSEBELLONI6328;active;N/A;N/A;Usado;Gris;No;Hidráulica;Delantera;Sí;Sí;N/A;N/A;N/A;N/A;N/A;N/A;N/A;N/A;N/A;N/A;N/A;N/A;N/A;N/A;N/A;N/A;N/A;N/A;N/A;N/A;N/A;N/A;N/A;"2450 mm";"1.6 L";"41 L";N/A;N/A;N/A;N/A;N/A;N/A;N/A;N/A;N/A;N/A;N/A;N/A;N/A;N/A;N/A;N/A;N/A;N/A;N/A;N/A;N/A;N/A;N/A;N/A;N/A;N/A;N/A;N/A;N/A;N/A;N/A;N/A;N/A;N/A;N/A;N/A;N/A;N/A;N/A;N/A;N/A;N/A;N/A;N/A;N/A;N/A;"1532 mm";"3827 mm";N/A;N/A;N/A;N/A;5;"109 hp";Advance;N/A;N/A;"1665 mm";N/A;N/A;N/A;Sí;N/A;N/A;N/A;N/A;N/A;N/A;N/A;N/A;N/A;N/A;N/A;N/A;N/A;N/A;5;1.6;Nafta;Manual;Hatchback;"Autos y camionetas";N/A;N/A;N/A;N/A;N/A;N/A;UY;N/A;Sí;N/A;N/A;N/A;N/A;N/A;N/A;N/A;N/A;N/A;N/A;N/A;N/A;N/A;N/A;N/A;N/A;N/A;N/A;N/A;N/A;N/A;N/A;N/A;N/A;N/A;N/A;N/A;N/A;N/A;N/A;N/A;N/A;N/A;N/A;N/A;N/A;N/A;N/A;N/A;N/A;N/A;N/A;N/A;N/A;N/A;N/A;N/A;N/A;N/A;N/A;N/A;N/A;N/A;N/A;N/A;N/A;N/A;N/A;N/A;N/A;N/A;N/A;N/A;N/A;N/A;N/A;N/A;N/A;N/A;N/A;N/A;N/A;N/A;N/A;N/A;N/A;N/A;N/A;N/A;N/A;N/A;N/A;N/A;N/A;N/A;N/A;N/A;Sí;N/A;N/A;N/A;N/A;N/A;N/A;N/A;N/A;Sí;N/A;Sí;Sí;N/A;N/A;Sí;N/A;Sí;Sí;Sí;N/A;Sí;N/A;N/A;N/A;Sí
Nissan;Sentra;ADVANCE/EXCLUSIVE/SR;2023;"0 km";;SOLYCARAUTOMOVILES;34990;;;;;Solymar;https://auto.mercadolibre.com.uy/MLU-665440358-nissan-sentra-advanceexclusivesr-20-2023-0km-solycar-_JM;N/A;;"Nissan Sentra Advance/exclusive/sr 2.0 2023 0km - Solycar";usd;Sí;silver;false;N/A;N/A;http://perfil.mercadolibre.com.uy/SOLYCARAUTOMOVILES;active;N/A;N/A;Nuevo;Naranja;N/A;Hidráulica;N/A;Sí;Sí;Sí;Sí;Sí;N/A;Sí;Sí;Sí;Sí;Sí;Sí;Sí;N/A;Sí;N/A;N/A;N/A;N/A;N/A;N/A;N/A;N/A;N/A;N/A;N/A;"2000 cc";N/A;6;N/A;N/A;Sí;Sí;Sí;N/A;Sí;N/A;N/A;N/A;N/A;N/A;N/A;N/A;N/A;N/A;N/A;N/A;N/A;N/A;N/A;Sí;N/A;Sí;N/A;Sí;N/A;Sí;N/A;N/A;N/A;N/A;N/A;N/A;N/A;N/A;Sí;N/A;N/A;N/A;N/A;N/A;Sí;N/A;N/A;N/A;N/A;N/A;N/A;N/A;N/A;N/A;N/A;N/A;N/A;N/A;N/A;N/A;N/A;N/A;Sí;Sí;Sí;Sí;Sí;Sí;Sí;N/A;N/A;N/A;N/A;N/A;N/A;N/A;"Lun. a Vie. de 9:30 a 18:30 hs. Sáb. de 9:30 a 14 hs";4;2.0;Nafta;Automática;N/A;"Autos y camionetas";No;N/A;N/A;N/A;No;N/A;UY;No;Sí;No;No;N/A;N/A;N/A;N/A;N/A;N/A;N/A;N/A;N/A;N/A;N/A;N/A;N/A;N/A;N/A;N/A;N/A;N/A;N/A;N/A;N/A;N/A;N/A;N/A;N/A;N/A;N/A;N/A;N/A;N/A;N/A;N/A;Sí;N/A;N/A;N/A;N/A;N/A;N/A;N/A;N/A;N/A;N/A;N/A;N/A;N/A;N/A;N/A;N/A;N/A;Sí;No;N/A;N/A;N/A;N/A;N/A;N/A;N/A;N/A;N/A;N/A;N/A;N/A;N/A;N/A;N/A;N/A;N/A;N/A;N/A;N/A;N/A;N/A;N/A;N/A;N/A;N/A;N/A;N/A;N/A;N/A;N/A;N/A;N/A;Sí;Sí;Sí;Sí;Sí;Sí;Sí;N/A;Sí;Sí;N/A;Sí;N/A;N/A;Sí;Sí;Sí;N/A;Sí;Sí;Sí;N/A;N/A;Sí;N/A;Sí
Nissan;"Frontier LE 2.5D4x2";"LE 2.5TDI 4x2 M/T";2020;"100000 km";;CARDEALERS.UY;37990;;;;;"La Blanqueada";https://auto.mercadolibre.com.uy/MLU-665392252-nissan-frontier-le-25d4x2-le-25tdi-4x2-mt-_JM;N/A;;"Nissan Frontier Le 2.5d4x2 Le 2.5tdi 4x2 M/t";USD;Sí;silver;false;N/A;N/A;http://perfil.mercadolibre.com.uy/CARDEALERS.UY;active;N/A;N/A;Usado;N/A;N/A;N/A;N/A;N/A;N/A;N/A;N/A;N/A;N/A;N/A;N/A;N/A;N/A;N/A;N/A;N/A;N/A;N/A;N/A;N/A;N/A;N/A;N/A;N/A;N/A;N/A;N/A;N/A;N/A;N/A;N/A;N/A;N/A;N/A;N/A;N/A;N/A;N/A;N/A;N/A;N/A;N/A;N/A;N/A;N/A;N/A;N/A;N/A;N/A;N/A;N/A;N/A;N/A;N/A;N/A;N/A;N/A;N/A;N/A;N/A;N/A;N/A;N/A;N/A;N/A;N/A;N/A;N/A;N/A;N/A;N/A;N/A;N/A;N/A;N/A;N/A;N/A;N/A;N/A;N/A;N/A;N/A;N/A;N/A;N/A;N/A;N/A;N/A;N/A;N/A;N/A;N/A;N/A;N/A;N/A;N/A;N/A;N/A;N/A;N/A;N/A;N/A;N/A;N/A;N/A;N/A;N/A;4;N/A;Diésel;N/A;N/A;"Autos y camionetas";N/A;N/A;N/A;N/A;N/A;N/A;N/A;N/A;N/A;N/A;N/A;N/A;N/A;N/A;N/A;N/A;N/A;N/A;N/A;N/A;N/A;N/A;N/A;N/A;N/A;N/A;N/A;N/A;N/A;N/A;N/A;N/A;N/A;N/A;N/A;N/A;N/A;N/A;N/A;N/A;N/A;N/A;N/A;N/A;N/A;N/A;N/A;N/A;N/A;N/A;N/A;N/A;N/A;N/A;N/A;N/A;N/A;N/A;N/A;N/A;N/A;N/A;N/A;N/A;N/A;N/A;N/A;N/A;N/A;N/A;N/A;N/A;N/A;N/A;N/A;N/A;N/A;N/A;N/A;N/A;N/A;N/A;N/A;N/A;N/A;N/A;N/A;N/A;N/A;N/A;N/A;N/A;N/A;N/A;N/A;N/A;N/A;N/A;N/A;N/A;N/A;N/A;N/A;N/A;N/A;N/A;N/A;N/A;N/A;N/A;N/A;N/A;N/A;N/A;N/A;N/A;N/A;N/A;N/A;N/A;N/A;N/A
Nissan;Tiida;"Special Edition A/T";2012;"96000 km";;CARDEALERS.UY;12490;;;;;"La Blanqueada";https://auto.mercadolibre.com.uy/MLU-662723024-nissan-tiida-special-edition-at-_JM;N/A;;"Nissan Tiida Special Edition A/t";usd;Sí;silver;false;N/A;N/A;http://perfil.mercadolibre.com.uy/CARDEALERS.UY;active;N/A;N/A;Usado;N/A;N/A;Hidráulica;Delantera;Sí;N/A;N/A;N/A;N/A;N/A;N/A;N/A;N/A;N/A;N/A;N/A;N/A;N/A;N/A;N/A;N/A;N/A;N/A;N/A;N/A;N/A;N/A;N/A;N/A;"2600 mm";"1.8 L";"52 L";N/A;N/A;N/A;N/A;N/A;N/A;N/A;N/A;N/A;N/A;N/A;N/A;N/A;N/A;N/A;N/A;N/A;N/A;N/A;N/A;N/A;N/A;N/A;N/A;N/A;N/A;N/A;N/A;N/A;N/A;N/A;N/A;N/A;N/A;N/A;N/A;N/A;N/A;N/A;N/A;N/A;N/A;N/A;N/A;N/A;N/A;"1548 mm";"4297 mm";N/A;N/A;N/A;N/A;N/A;N/A;"Special Edition";N/A;N/A;"1695 mm";N/A;N/A;N/A;N/A;N/A;N/A;N/A;N/A;N/A;N/A;N/A;N/A;N/A;N/A;N/A;N/A;N/A;N/A;5;1.8;Nafta;Manual;Hatchback;"Autos y camionetas";N/A;N/A;N/A;N/A;N/A;N/A;UY;N/A;N/A;N/A;N/A;N/A;N/A;N/A;N/A;N/A;N/A;N/A;N/A;N/A;N/A;N/A;N/A;N/A;N/A;N/A;N/A;N/A;N/A;N/A;N/A;N/A;N/A;N/A;N/A;N/A;N/A;N/A;N/A;N/A;N/A;N/A;N/A;N/A;N/A;N/A;N/A;N/A;N/A;N/A;N/A;N/A;N/A;N/A;N/A;N/A;N/A;N/A;N/A;N/A;N/A;N/A;N/A;N/A;N/A;N/A;N/A;N/A;N/A;N/A;N/A;N/A;N/A;N/A;N/A;N/A;N/A;N/A;N/A;N/A;N/A;N/A;N/A;N/A;N/A;N/A;N/A;N/A;N/A;N/A;N/A;N/A;N/A;N/A;N/A;N/A;Sí;N/A;N/A;N/A;N/A;N/A;N/A;N/A;N/A;N/A;N/A;N/A;N/A;N/A;N/A;N/A;N/A;N/A;Sí;N/A;N/A;N/A;N/A;N/A;N/A;N/A
Nissan;Frontier;"Cabina Simple c/a";2012;"190000 km";;MACROMOTORS;9700;;;;;Young;https://auto.mercadolibre.com.uy/MLU-660454006-nissan-frontier-_JM;N/A;;"Nissan Frontier ";USD;Sí;silver;false;N/A;N/A;http://perfil.mercadolibre.com.uy/MACROMOTORS;active;N/A;N/A;Usado;Blanco;No;Hidráulica;4x2;Sí;No;N/A;N/A;N/A;No;N/A;N/A;No;N/A;N/A;No;No;N/A;No;N/A;N/A;N/A;N/A;N/A;N/A;N/A;N/A;N/A;N/A;N/A;N/A;N/A;N/A;N/A;N/A;N/A;N/A;N/A;No;N/A;N/A;N/A;N/A;N/A;N/A;N/A;N/A;N/A;N/A;N/A;N/A;N/A;N/A;N/A;N/A;N/A;N/A;N/A;N/A;N/A;N/A;N/A;No;N/A;N/A;N/A;N/A;N/A;N/A;N/A;N/A;N/A;N/A;N/A;N/A;N/A;N/A;N/A;N/A;N/A;N/A;N/A;N/A;N/A;N/A;N/A;N/A;N/A;N/A;N/A;N/A;No;N/A;No;Sí;N/A;Sí;No;N/A;No;N/A;N/A;No;Sí;N/A;N/A;No;"8.30 a 18.30";2;2.4;Nafta;Manual;Pick-Up;"Autos y camionetas";No;N/A;N/A;N/A;No;N/A;N/A;N/A;Sí;N/A;Sí;N/A;N/A;N/A;N/A;N/A;N/A;N/A;N/A;N/A;N/A;N/A;N/A;N/A;No;N/A;N/A;N/A;N/A;N/A;N/A;N/A;N/A;N/A;N/A;N/A;N/A;N/A;N/A;N/A;N/A;N/A;N/A;No;N/A;N/A;N/A;N/A;N/A;N/A;N/A;N/A;N/A;N/A;N/A;N/A;N/A;N/A;N/A;N/A;N/A;No;No;N/A;N/A;N/A;N/A;N/A;N/A;N/A;N/A;N/A;N/A;N/A;N/A;N/A;N/A;N/A;N/A;N/A;N/A;N/A;N/A;N/A;N/A;N/A;N/A;N/A;N/A;N/A;N/A;N/A;N/A;N/A;N/A;No;No;No;No;N/A;No;N/A;N/A;N/A;N/A;No;No;No;No;N/A;N/A;No;No;No;Sí;Sí;No;Sí;No;Sí;N/A;Sí
Nissan;Kicks;"1.6 Advance At";2019;"70000 km";;FEDE-2009;21500;;;;;"Tres Cruces";https://auto.mercadolibre.com.uy/MLU-653949298-nissan-kicks-2019-16-advance-at-_JM;N/A;;"Nissan Kicks 2019 1.6 Advance At";usd;Sí;silver;false;N/A;N/A;http://perfil.mercadolibre.com.uy/FEDE-2009;active;N/A;N/A;Usado;N/A;N/A;Hidráulica;Delantera;Sí;N/A;N/A;N/A;N/A;N/A;N/A;N/A;N/A;N/A;N/A;N/A;N/A;N/A;N/A;N/A;N/A;N/A;N/A;N/A;N/A;N/A;N/A;N/A;N/A;"2620 mm";"1.6 L";"50 L";N/A;N/A;N/A;N/A;N/A;N/A;N/A;N/A;N/A;N/A;N/A;N/A;N/A;N/A;N/A;N/A;N/A;N/A;N/A;N/A;N/A;N/A;N/A;N/A;N/A;N/A;N/A;N/A;N/A;N/A;N/A;N/A;N/A;N/A;Sí;Sí;Sí;N/A;N/A;N/A;N/A;N/A;N/A;N/A;N/A;N/A;"1590 mm";"4295 mm";N/A;N/A;N/A;N/A;5;"118 hp";Advance;N/A;4;"1760 mm";N/A;N/A;N/A;N/A;N/A;N/A;N/A;N/A;N/A;N/A;N/A;N/A;N/A;N/A;N/A;N/A;N/A;N/A;5;1.6;Nafta;Automática;SUV;"Autos y camionetas";N/A;N/A;N/A;N/A;N/A;N/A;UY;N/A;N/A;N/A;N/A;N/A;N/A;N/A;N/A;N/A;N/A;N/A;N/A;N/A;N/A;N/A;N/A;N/A;N/A;N/A;N/A;N/A;N/A;N/A;N/A;N/A;N/A;N/A;N/A;N/A;N/A;N/A;N/A;N/A;N/A;N/A;N/A;N/A;N/A;N/A;N/A;N/A;N/A;N/A;N/A;N/A;N/A;N/A;N/A;N/A;N/A;N/A;N/A;N/A;N/A;N/A;N/A;N/A;N/A;N/A;N/A;N/A;N/A;N/A;N/A;N/A;N/A;N/A;N/A;N/A;N/A;N/A;N/A;N/A;N/A;N/A;N/A;N/A;N/A;N/A;N/A;N/A;N/A;N/A;N/A;N/A;N/A;N/A;N/A;N/A;Sí;N/A;Sí;N/A;N/A;N/A;N/A;N/A;N/A;Sí;N/A;N/A;N/A;N/A;N/A;N/A;Sí;N/A;Sí;N/A;N/A;N/A;N/A;Sí;N/A;Sí
Nissan;Versa;"1.6 Advance 5vel Mt";2013;"140000 km";;GGRITSAS34313;10900;;;;;Aguada;https://auto.mercadolibre.com.uy/MLU-666355906-nissan-versa-_JM;N/A;;"Nissan Versa";usd;Sí;silver;false;N/A;N/A;http://perfil.mercadolibre.com.uy/GGRITSAS34313;active;N/A;N/A;Usado;Negro;N/A;Hidráulica;Delantera;Sí;N/A;N/A;N/A;N/A;N/A;N/A;N/A;N/A;N/A;N/A;N/A;N/A;N/A;N/A;N/A;N/A;N/A;N/A;N/A;N/A;N/A;N/A;N/A;N/A;N/A;"1.6 L";N/A;N/A;N/A;N/A;N/A;N/A;N/A;N/A;N/A;N/A;N/A;N/A;N/A;N/A;N/A;N/A;N/A;N/A;N/A;N/A;N/A;N/A;N/A;N/A;N/A;N/A;N/A;N/A;N/A;N/A;N/A;N/A;N/A;N/A;N/A;N/A;N/A;N/A;N/A;N/A;N/A;N/A;N/A;N/A;N/A;N/A;N/A;N/A;N/A;N/A;N/A;N/A;N/A;N/A;N/A;Advance;N/A;N/A;N/A;N/A;N/A;N/A;N/A;N/A;N/A;N/A;N/A;N/A;N/A;N/A;N/A;N/A;N/A;N/A;N/A;N/A;N/A;4;1.6;Nafta;Manual;Hatchback;"Autos y camionetas";N/A;N/A;N/A;N/A;N/A;N/A;UY;N/A;N/A;N/A;N/A;N/A;N/A;N/A;N/A;N/A;N/A;N/A;N/A;N/A;N/A;N/A;N/A;N/A;N/A;N/A;N/A;N/A;N/A;N/A;N/A;N/A;N/A;N/A;N/A;N/A;N/A;N/A;N/A;N/A;N/A;N/A;N/A;N/A;N/A;N/A;N/A;N/A;N/A;N/A;N/A;N/A;N/A;N/A;N/A;N/A;N/A;N/A;N/A;N/A;N/A;N/A;N/A;N/A;N/A;N/A;N/A;N/A;N/A;N/A;N/A;N/A;N/A;N/A;N/A;N/A;N/A;N/A;N/A;N/A;N/A;N/A;N/A;N/A;N/A;N/A;N/A;N/A;N/A;N/A;N/A;N/A;N/A;N/A;N/A;N/A;Sí;N/A;N/A;N/A;N/A;N/A;N/A;N/A;N/A;N/A;N/A;N/A;N/A;N/A;N/A;N/A;N/A;N/A;Sí;N/A;N/A;N/A;N/A;N/A;N/A;N/A
Nissan;Sentra;"1.8 Sr Extra At";2018;"156000 km";;CARDEALERS.UY;19800;;;;;"La Blanqueada";https://auto.mercadolibre.com.uy/MLU-666236316-nissan-sentra-2018-18-sr-extra-at-_JM;N/A;;"Nissan Sentra 2018 1.8 Sr Extra At";usd;Sí;silver;false;N/A;N/A;http://perfil.mercadolibre.com.uy/CARDEALERS.UY;active;N/A;N/A;Usado;N/A;N/A;Hidráulica;Delantera;Sí;N/A;N/A;N/A;N/A;N/A;N/A;N/A;N/A;N/A;N/A;N/A;N/A;N/A;N/A;N/A;N/A;N/A;N/A;N/A;N/A;N/A;N/A;N/A;N/A;"2700 mm";"1.8 L";"52 L";N/A;N/A;N/A;N/A;N/A;N/A;N/A;N/A;N/A;N/A;N/A;N/A;N/A;N/A;N/A;N/A;N/A;N/A;N/A;N/A;N/A;N/A;N/A;N/A;N/A;N/A;N/A;N/A;N/A;N/A;N/A;N/A;N/A;N/A;Sí;Sí;N/A;N/A;N/A;N/A;N/A;N/A;N/A;N/A;N/A;N/A;"1505 mm";"4636 mm";N/A;N/A;N/A;N/A;5;"129 hp";Sense;N/A;2;"1761 mm";N/A;N/A;N/A;N/A;N/A;N/A;N/A;Sí;N/A;N/A;N/A;N/A;N/A;N/A;N/A;N/A;N/A;N/A;4;1.8;Nafta;Automática;Sedán;"Autos y camionetas";N/A;N/A;N/A;N/A;N/A;N/A;UY;N/A;N/A;N/A;N/A;N/A;N/A;N/A;N/A;N/A;N/A;N/A;N/A;N/A;N/A;N/A;N/A;N/A;N/A;N/A;N/A;N/A;N/A;N/A;N/A;N/A;N/A;N/A;N/A;N/A;N/A;N/A;N/A;N/A;N/A;N/A;N/A;N/A;N/A;N/A;N/A;N/A;N/A;N/A;N/A;N/A;N/A;N/A;N/A;N/A;N/A;N/A;N/A;N/A;N/A;N/A;N/A;N/A;N/A;N/A;N/A;N/A;N/A;N/A;N/A;N/A;N/A;N/A;N/A;N/A;N/A;N/A;N/A;N/A;N/A;N/A;N/A;N/A;N/A;N/A;N/A;N/A;N/A;N/A;N/A;N/A;N/A;N/A;N/A;N/A;N/A;N/A;N/A;N/A;N/A;N/A;N/A;N/A;N/A;N/A;N/A;N/A;N/A;N/A;N/A;N/A;N/A;N/A;Sí;N/A;N/A;N/A;N/A;Sí;N/A;Sí
Nissan;March;"1.6 Advance Mt";2015;"55000 km";;"PEDRO AUTOMÓVILES";13900;;;;;Tarariras;https://auto.mercadolibre.com.uy/MLU-662290272-nissan-march-2015-16-advance-mt-_JM;N/A;;"Nissan March 2015 1.6 Advance Mt";usd;Sí;silver;false;N/A;N/A;http://perfil.mercadolibre.com.uy/PEDRO+AUTOM%C3%93VILES;active;N/A;N/A;Usado;N/A;N/A;Hidráulica;Delantera;Sí;N/A;N/A;N/A;N/A;N/A;N/A;N/A;N/A;N/A;N/A;N/A;N/A;N/A;N/A;N/A;N/A;N/A;N/A;N/A;N/A;N/A;N/A;N/A;N/A;"2450 mm";"1.6 L";"41 L";N/A;N/A;N/A;N/A;N/A;N/A;N/A;N/A;N/A;N/A;N/A;N/A;N/A;N/A;N/A;N/A;N/A;N/A;N/A;N/A;N/A;N/A;N/A;N/A;N/A;N/A;N/A;N/A;N/A;N/A;N/A;N/A;N/A;N/A;N/A;N/A;N/A;N/A;N/A;N/A;N/A;N/A;N/A;N/A;N/A;N/A;"1532 mm";"3827 mm";N/A;N/A;N/A;N/A;5;"109 hp";Advance;N/A;N/A;"1665 mm";N/A;N/A;N/A;N/A;N/A;N/A;N/A;N/A;N/A;N/A;N/A;N/A;N/A;N/A;N/A;N/A;N/A;N/A;5;1.6;Nafta;Manual;Hatchback;"Autos y camionetas";N/A;N/A;N/A;N/A;N/A;N/A;UY;N/A;N/A;N/A;N/A;N/A;N/A;N/A;N/A;N/A;N/A;N/A;N/A;N/A;N/A;N/A;N/A;N/A;N/A;N/A;N/A;N/A;N/A;N/A;N/A;N/A;N/A;N/A;N/A;N/A;N/A;N/A;N/A;N/A;N/A;N/A;N/A;N/A;N/A;N/A;N/A;N/A;N/A;N/A;N/A;N/A;N/A;N/A;N/A;N/A;N/A;N/A;N/A;N/A;N/A;N/A;N/A;N/A;N/A;N/A;N/A;N/A;N/A;N/A;N/A;N/A;N/A;N/A;N/A;N/A;N/A;N/A;N/A;N/A;N/A;N/A;N/A;N/A;N/A;N/A;N/A;N/A;N/A;N/A;N/A;N/A;N/A;N/A;N/A;N/A;Sí;N/A;N/A;N/A;N/A;N/A;N/A;N/A;N/A;N/A;N/A;N/A;N/A;N/A;N/A;N/A;N/A;N/A;Sí;N/A;N/A;N/A;N/A;N/A;N/A;N/A
Nissan;Juke;"1.6t 190 Hp";2013;"96000 km";;CARDEALERS.UY;19900;;;;;"La Blanqueada";https://auto.mercadolibre.com.uy/MLU-662112200-nissan-juke-2013-16t-190-hp-_JM;N/A;;"Nissan Juke 2013 1.6t 190 Hp";usd;Sí;silver;false;N/A;N/A;http://perfil.mercadolibre.com.uy/CARDEALERS.UY;active;N/A;N/A;Usado;N/A;N/A;Hidráulica;Delantera;Sí;N/A;N/A;N/A;N/A;N/A;N/A;N/A;N/A;N/A;N/A;N/A;N/A;N/A;N/A;N/A;N/A;N/A;N/A;N/A;N/A;N/A;N/A;N/A;N/A;N/A;"1.6 L";N/A;N/A;N/A;N/A;N/A;N/A;N/A;N/A;N/A;N/A;N/A;N/A;N/A;N/A;N/A;N/A;N/A;N/A;N/A;N/A;N/A;N/A;N/A;N/A;N/A;N/A;N/A;N/A;N/A;N/A;N/A;N/A;N/A;N/A;N/A;N/A;N/A;N/A;N/A;N/A;N/A;N/A;N/A;N/A;N/A;N/A;N/A;N/A;N/A;N/A;N/A;N/A;N/A;5;"190 hp";N/A;N/A;4;N/A;N/A;N/A;N/A;N/A;N/A;N/A;N/A;N/A;N/A;N/A;N/A;N/A;N/A;N/A;N/A;N/A;N/A;N/A;5;1.6;Nafta;Automática;SUV;"Autos y camionetas";N/A;N/A;N/A;N/A;N/A;N/A;UY;N/A;N/A;N/A;N/A;N/A;N/A;N/A;N/A;N/A;N/A;N/A;N/A;N/A;N/A;N/A;N/A;N/A;N/A;N/A;N/A;N/A;N/A;N/A;N/A;N/A;N/A;N/A;N/A;N/A;N/A;N/A;N/A;N/A;N/A;N/A;N/A;N/A;N/A;N/A;N/A;N/A;N/A;N/A;N/A;N/A;N/A;N/A;N/A;N/A;N/A;N/A;N/A;N/A;N/A;N/A;N/A;N/A;N/A;N/A;N/A;N/A;N/A;N/A;N/A;N/A;N/A;N/A;N/A;N/A;N/A;N/A;N/A;N/A;N/A;N/A;N/A;N/A;N/A;N/A;N/A;N/A;N/A;N/A;N/A;N/A;N/A;N/A;N/A;N/A;Sí;N/A;N/A;N/A;N/A;N/A;N/A;N/A;N/A;N/A;N/A;N/A;N/A;N/A;N/A;N/A;N/A;N/A;Sí;N/A;N/A;N/A;N/A;N/A;N/A;N/A
Nissan;Sentra;"1.8 Advance At";2018;"100000 km";;FEDE-2009;16900;;;;;"Tres Cruces";https://auto.mercadolibre.com.uy/MLU-661446016-nissan-sentra-2018-18-advance-at-_JM;N/A;;"Nissan Sentra 2018 1.8 Advance At";usd;Sí;silver;false;N/A;N/A;http://perfil.mercadolibre.com.uy/FEDE-2009;active;N/A;N/A;Usado;N/A;N/A;Hidráulica;Delantera;Sí;N/A;N/A;N/A;N/A;N/A;N/A;N/A;N/A;N/A;N/A;N/A;N/A;N/A;N/A;N/A;N/A;N/A;N/A;N/A;N/A;N/A;N/A;N/A;N/A;"2700 mm";"1.8 L";"52 L";N/A;N/A;N/A;N/A;N/A;N/A;N/A;N/A;N/A;N/A;N/A;N/A;N/A;N/A;N/A;N/A;N/A;N/A;N/A;N/A;N/A;N/A;N/A;N/A;N/A;N/A;N/A;N/A;N/A;N/A;N/A;N/A;N/A;N/A;Sí;Sí;N/A;N/A;N/A;N/A;N/A;N/A;N/A;N/A;N/A;N/A;"1505 mm";"4636 mm";N/A;N/A;N/A;N/A;5;"129 hp";Advance;N/A;4;"1761 mm";N/A;N/A;N/A;N/A;N/A;N/A;N/A;Sí;N/A;N/A;N/A;N/A;N/A;N/A;N/A;N/A;N/A;N/A;4;1.8;Nafta;Automática;Sedán;"Autos y camionetas";N/A;N/A;N/A;N/A;N/A;N/A;UY;N/A;N/A;N/A;N/A;N/A;N/A;N/A;N/A;N/A;N/A;N/A;N/A;N/A;N/A;N/A;N/A;N/A;N/A;N/A;N/A;N/A;N/A;N/A;N/A;N/A;N/A;N/A;N/A;N/A;N/A;N/A;N/A;N/A;N/A;N/A;N/A;N/A;N/A;N/A;N/A;N/A;N/A;N/A;N/A;N/A;N/A;N/A;N/A;N/A;N/A;N/A;N/A;N/A;N/A;N/A;N/A;N/A;N/A;N/A;N/A;N/A;N/A;N/A;N/A;N/A;N/A;N/A;N/A;N/A;N/A;N/A;N/A;N/A;N/A;N/A;N/A;N/A;N/A;N/A;N/A;N/A;N/A;N/A;N/A;N/A;N/A;N/A;N/A;N/A;Sí;N/A;Sí;N/A;N/A;N/A;N/A;Sí;N/A;Sí;N/A;N/A;N/A;N/A;N/A;N/A;Sí;N/A;Sí;N/A;N/A;N/A;N/A;Sí;N/A;Sí
Nissan;Versa;"1.6 Advance At";2012;"150000 km";;GGRITSAS34313;11500;;;;;Aguada;https://auto.mercadolibre.com.uy/MLU-660428930-nissan-versa-_JM;N/A;;"Nissan Versa ";usd;Sí;silver;false;N/A;N/A;http://perfil.mercadolibre.com.uy/GGRITSAS34313;active;N/A;N/A;Usado;Gris;N/A;Hidráulica;Delantera;Sí;N/A;N/A;N/A;N/A;N/A;N/A;N/A;N/A;N/A;N/A;N/A;N/A;N/A;N/A;N/A;N/A;N/A;N/A;N/A;N/A;N/A;N/A;N/A;N/A;N/A;"1.6 L";N/A;N/A;N/A;N/A;N/A;N/A;N/A;N/A;N/A;N/A;N/A;N/A;N/A;N/A;N/A;N/A;N/A;N/A;N/A;N/A;N/A;N/A;N/A;N/A;N/A;N/A;N/A;N/A;N/A;N/A;N/A;N/A;N/A;N/A;N/A;N/A;N/A;N/A;N/A;N/A;N/A;N/A;N/A;N/A;N/A;N/A;N/A;N/A;N/A;N/A;N/A;N/A;N/A;N/A;N/A;Advance;N/A;N/A;N/A;N/A;N/A;N/A;N/A;N/A;N/A;N/A;N/A;N/A;N/A;N/A;N/A;N/A;N/A;N/A;N/A;N/A;N/A;4;1.6;Nafta;Automática;Hatchback;"Autos y camionetas";N/A;N/A;N/A;N/A;N/A;N/A;UY;N/A;N/A;N/A;N/A;N/A;N/A;N/A;N/A;N/A;N/A;N/A;N/A;N/A;N/A;N/A;N/A;N/A;N/A;N/A;N/A;N/A;N/A;N/A;N/A;N/A;N/A;N/A;N/A;N/A;N/A;N/A;N/A;N/A;N/A;N/A;N/A;N/A;N/A;N/A;N/A;N/A;N/A;N/A;N/A;N/A;N/A;N/A;N/A;N/A;N/A;N/A;N/A;N/A;N/A;N/A;N/A;N/A;N/A;N/A;N/A;N/A;N/A;N/A;N/A;N/A;N/A;N/A;N/A;N/A;N/A;N/A;N/A;N/A;N/A;N/A;N/A;N/A;N/A;N/A;N/A;N/A;N/A;N/A;N/A;N/A;N/A;N/A;N/A;N/A;Sí;N/A;N/A;N/A;N/A;N/A;N/A;N/A;N/A;N/A;N/A;N/A;N/A;N/A;N/A;N/A;N/A;N/A;Sí;N/A;N/A;N/A;N/A;N/A;N/A;N/A
Nissan;Note;"Advance Cvt";2014;"195000 km";;"TOPCAR AV.JOSEBELLONI6328";10900;;;;;Manga;https://auto.mercadolibre.com.uy/MLU-659083044-nissan-note-advance-cvt-automotoratopcar-usd-5500-y-cuotas-_JM;N/A;;"Nissan Note Advance Cvt Automotoratopcar Usd 5500 Y Cuotas";USD;Sí;silver;false;N/A;N/A;http://perfil.mercadolibre.com.uy/TOPCAR+AV.JOSEBELLONI6328;active;N/A;N/A;Usado;Azul;N/A;Hidráulica;Delantera;Sí;Sí;N/A;N/A;N/A;No;N/A;N/A;N/A;N/A;N/A;Sí;Sí;N/A;Sí;N/A;N/A;N/A;N/A;N/A;N/A;N/A;N/A;N/A;N/A;N/A;N/A;N/A;N/A;N/A;N/A;N/A;N/A;N/A;Sí;N/A;N/A;N/A;N/A;N/A;N/A;N/A;N/A;N/A;N/A;N/A;N/A;N/A;N/A;N/A;N/A;N/A;N/A;N/A;N/A;N/A;N/A;N/A;Sí;N/A;N/A;N/A;N/A;N/A;N/A;N/A;N/A;N/A;N/A;N/A;N/A;N/A;N/A;N/A;N/A;N/A;N/A;N/A;N/A;N/A;N/A;N/A;N/A;N/A;N/A;N/A;N/A;N/A;N/A;Sí;Sí;N/A;N/A;N/A;N/A;N/A;N/A;N/A;Sí;Sí;N/A;N/A;Sí;N/A;5;1.6;Nafta;Automática;Hatchback;"Autos y camionetas";Sí;N/A;N/A;N/A;N/A;N/A;N/A;N/A;Sí;N/A;Sí;N/A;N/A;N/A;N/A;N/A;N/A;N/A;N/A;N/A;N/A;N/A;N/A;N/A;Sí;N/A;N/A;N/A;N/A;N/A;N/A;N/A;N/A;N/A;N/A;N/A;N/A;N/A;N/A;N/A;N/A;N/A;N/A;N/A;N/A;N/A;N/A;N/A;N/A;N/A;N/A;N/A;N/A;N/A;N/A;N/A;N/A;N/A;N/A;N/A;N/A;N/A;Sí;N/A;N/A;N/A;N/A;N/A;N/A;N/A;N/A;N/A;N/A;N/A;N/A;N/A;N/A;N/A;N/A;N/A;N/A;N/A;N/A;N/A;N/A;N/A;N/A;N/A;N/A;N/A;N/A;N/A;N/A;N/A;N/A;N/A;Sí;Sí;Sí;N/A;Sí;N/A;N/A;N/A;N/A;Sí;Sí;Sí;Sí;N/A;N/A;Sí;Sí;Sí;Sí;Sí;Sí;N/A;N/A;Sí;N/A;Sí
Nissan;March;-;2014;"113000 km";;AEROCAR2020;11990;;;;;"Barra de Carrasco";https://auto.mercadolibre.com.uy/MLU-657175878-nissan-march-16-2014-impecable-aerocar-_JM;N/A;;"Nissan March 1.6 2014 Impecable! Aerocar";USD;Sí;silver;false;N/A;N/A;http://perfil.mercadolibre.com.uy/AEROCAR2020;active;N/A;N/A;Usado;Blanco;N/A;Hidráulica;N/A;Sí;Sí;Sí;N/A;N/A;N/A;Sí;N/A;N/A;N/A;N/A;N/A;Sí;N/A;N/A;N/A;N/A;N/A;N/A;N/A;N/A;N/A;N/A;N/A;N/A;N/A;"1600 cc";N/A;5;N/A;N/A;N/A;N/A;N/A;N/A;N/A;N/A;N/A;N/A;N/A;N/A;N/A;N/A;N/A;N/A;N/A;N/A;N/A;N/A;N/A;N/A;N/A;Sí;N/A;N/A;N/A;N/A;N/A;N/A;N/A;N/A;N/A;N/A;N/A;N/A;N/A;N/A;N/A;N/A;N/A;N/A;N/A;N/A;N/A;N/A;N/A;N/A;N/A;N/A;N/A;N/A;N/A;N/A;N/A;N/A;N/A;N/A;N/A;N/A;N/A;N/A;N/A;Sí;N/A;N/A;N/A;N/A;N/A;N/A;N/A;N/A;N/A;N/A;"Lun. a Vie. de 9 a 19 hs. Sáb. de 10 a 14 hs.";4;1.6;Nafta;Manual;Hatchback;"Autos y camionetas";No;N/A;N/A;N/A;No;N/A;N/A;No;Sí;No;No;N/A;N/A;N/A;N/A;N/A;N/A;N/A;N/A;N/A;N/A;N/A;N/A;N/A;N/A;N/A;N/A;N/A;N/A;N/A;N/A;N/A;N/A;N/A;N/A;N/A;N/A;N/A;N/A;N/A;N/A;N/A;N/A;N/A;N/A;N/A;N/A;N/A;N/A;N/A;N/A;N/A;N/A;N/A;N/A;N/A;N/A;N/A;N/A;N/A;N/A;N/A;No;N/A;N/A;N/A;N/A;N/A;N/A;N/A;N/A;N/A;N/A;N/A;N/A;N/A;N/A;N/A;N/A;N/A;N/A;N/A;N/A;N/A;N/A;N/A;N/A;N/A;N/A;N/A;N/A;N/A;N/A;N/A;N/A;N/A;Sí;Sí;Sí;N/A;Sí;N/A;Sí;N/A;Sí;Sí;N/A;N/A;N/A;N/A;N/A;N/A;Sí;N/A;Sí;Sí;Sí;Sí;N/A;Sí;Sí;Sí
Nissan;"Terrano 2 2.7 TDI 4X4";"5 PUERTAS";1998;"330000 km";;DIEZDARDO;14000;;;;;"Nueva Palmira";https://auto.mercadolibre.com.uy/MLU-665192536-nissan-terrano-ii-27-tdi-4x4-_JM;N/A;;"Nissan Terrano Ii 2.7 Tdi 4x4";USD;No;silver;false;N/A;N/A;http://perfil.mercadolibre.com.uy/DIEZDARDO;active;N/A;N/A;Usado;Verde;N/A;Hidráulica;4x4;Sí;N/A;N/A;N/A;N/A;N/A;N/A;N/A;N/A;N/A;N/A;N/A;Sí;N/A;N/A;N/A;N/A;N/A;N/A;N/A;N/A;N/A;N/A;N/A;N/A;N/A;N/A;N/A;N/A;N/A;N/A;N/A;N/A;N/A;N/A;N/A;N/A;N/A;N/A;N/A;N/A;N/A;N/A;N/A;N/A;N/A;N/A;N/A;N/A;N/A;N/A;N/A;N/A;N/A;N/A;N/A;N/A;N/A;N/A;N/A;N/A;N/A;N/A;N/A;N/A;N/A;N/A;N/A;N/A;N/A;N/A;N/A;N/A;N/A;N/A;N/A;N/A;N/A;N/A;N/A;N/A;N/A;N/A;N/A;N/A;N/A;N/A;N/A;N/A;N/A;N/A;N/A;N/A;N/A;N/A;N/A;N/A;N/A;N/A;N/A;N/A;N/A;N/A;N/A;5;2.7;Diésel;Manual;Rural;"Autos y camionetas";N/A;N/A;N/A;N/A;N/A;N/A;N/A;N/A;N/A;N/A;N/A;N/A;N/A;N/A;N/A;N/A;N/A;N/A;N/A;N/A;N/A;N/A;N/A;N/A;N/A;N/A;N/A;N/A;N/A;N/A;N/A;N/A;N/A;N/A;N/A;N/A;N/A;N/A;N/A;N/A;N/A;N/A;N/A;N/A;N/A;N/A;N/A;N/A;N/A;N/A;N/A;N/A;N/A;N/A;N/A;N/A;N/A;N/A;N/A;N/A;N/A;N/A;N/A;N/A;N/A;N/A;N/A;N/A;N/A;N/A;N/A;N/A;N/A;N/A;N/A;N/A;N/A;N/A;N/A;N/A;N/A;N/A;N/A;N/A;N/A;N/A;N/A;N/A;N/A;N/A;N/A;N/A;N/A;N/A;N/A;N/A;N/A;N/A;N/A;N/A;Sí;N/A;N/A;N/A;N/A;N/A;N/A;Sí;N/A;N/A;N/A;N/A;N/A;N/A;Sí;Sí;N/A;N/A;N/A;N/A;N/A;Sí
Nissan;Sentra;"1.8 Advance At";2015;"84000 km";;CARDEALERS.UY;14200;;;;;"La Blanqueada";https://auto.mercadolibre.com.uy/MLU-660117334-nissan-sentra-2015-18-advance-at-_JM;N/A;;"Nissan Sentra 2015 1.8 Advance At";usd;Sí;silver;false;N/A;N/A;http://perfil.mercadolibre.com.uy/CARDEALERS.UY;active;N/A;N/A;Usado;N/A;N/A;Hidráulica;Delantera;Sí;N/A;N/A;N/A;N/A;N/A;N/A;N/A;N/A;N/A;N/A;N/A;N/A;N/A;N/A;N/A;N/A;N/A;N/A;N/A;N/A;N/A;N/A;N/A;N/A;N/A;"1.8 L";N/A;N/A;N/A;N/A;N/A;N/A;N/A;N/A;N/A;N/A;N/A;N/A;N/A;N/A;N/A;N/A;N/A;N/A;N/A;N/A;N/A;N/A;N/A;N/A;N/A;N/A;N/A;N/A;N/A;N/A;N/A;N/A;N/A;N/A;N/A;N/A;N/A;N/A;N/A;N/A;N/A;N/A;N/A;N/A;N/A;N/A;N/A;N/A;N/A;N/A;N/A;N/A;N/A;N/A;"129 hp";Advance;N/A;N/A;N/A;N/A;N/A;N/A;N/A;N/A;N/A;N/A;N/A;N/A;N/A;N/A;N/A;N/A;N/A;N/A;N/A;N/A;N/A;4;1.8;Nafta;Automática;Coupé;"Autos y camionetas";N/A;N/A;N/A;N/A;N/A;N/A;UY;N/A;N/A;N/A;N/A;N/A;N/A;N/A;N/A;N/A;N/A;N/A;N/A;N/A;N/A;N/A;N/A;N/A;N/A;N/A;N/A;N/A;N/A;N/A;N/A;N/A;N/A;N/A;N/A;N/A;N/A;N/A;N/A;N/A;N/A;N/A;N/A;N/A;N/A;N/A;N/A;N/A;N/A;N/A;N/A;N/A;N/A;N/A;N/A;N/A;N/A;N/A;N/A;N/A;N/A;N/A;N/A;N/A;N/A;N/A;N/A;N/A;N/A;N/A;N/A;N/A;N/A;N/A;N/A;N/A;N/A;N/A;N/A;N/A;N/A;N/A;N/A;N/A;N/A;N/A;N/A;N/A;N/A;N/A;N/A;N/A;N/A;N/A;N/A;N/A;Sí;N/A;N/A;N/A;N/A;N/A;N/A;N/A;N/A;N/A;N/A;N/A;N/A;N/A;N/A;N/A;N/A;N/A;Sí;N/A;N/A;N/A;N/A;N/A;N/A;N/A
Nissan;Kicks;"1.6 Sense Mt";2019;"90000 km";;CARDEALERS.UY;19490;;;;;"La Blanqueada";https://auto.mercadolibre.com.uy/MLU-660052396-nissan-kicks-2019-16-sense-mt-_JM;N/A;;"Nissan Kicks 2019 1.6 Sense Mt";usd;Sí;silver;false;N/A;N/A;http://perfil.mercadolibre.com.uy/CARDEALERS.UY;active;N/A;N/A;Usado;N/A;N/A;Hidráulica;Delantera;Sí;N/A;N/A;N/A;N/A;N/A;N/A;N/A;N/A;N/A;N/A;N/A;N/A;N/A;N/A;N/A;N/A;N/A;N/A;N/A;N/A;N/A;N/A;N/A;N/A;"2620 mm";"1.6 L";"50 L";5;N/A;N/A;N/A;N/A;N/A;N/A;N/A;N/A;N/A;N/A;N/A;N/A;N/A;N/A;N/A;N/A;N/A;N/A;N/A;N/A;N/A;N/A;N/A;N/A;N/A;N/A;N/A;N/A;N/A;N/A;N/A;N/A;N/A;Sí;Sí;N/A;N/A;N/A;N/A;N/A;N/A;N/A;N/A;N/A;N/A;"1590 mm";"4295 mm";N/A;N/A;N/A;N/A;5;"118 hp";Sense;N/A;4;"1760 mm";N/A;N/A;N/A;N/A;N/A;N/A;N/A;N/A;N/A;N/A;N/A;N/A;N/A;N/A;N/A;N/A;N/A;N/A;5;1.6;Nafta;Manual;SUV;"Autos y camionetas";N/A;N/A;N/A;N/A;N/A;N/A;UY;N/A;N/A;N/A;N/A;N/A;N/A;N/A;N/A;N/A;N/A;N/A;N/A;N/A;N/A;N/A;N/A;N/A;N/A;N/A;N/A;N/A;N/A;N/A;N/A;N/A;N/A;N/A;N/A;N/A;N/A;N/A;N/A;N/A;N/A;N/A;N/A;N/A;N/A;N/A;N/A;N/A;N/A;N/A;N/A;N/A;N/A;N/A;N/A;N/A;N/A;N/A;N/A;N/A;N/A;N/A;N/A;N/A;N/A;N/A;N/A;N/A;N/A;N/A;N/A;N/A;N/A;N/A;N/A;N/A;N/A;N/A;N/A;N/A;N/A;N/A;N/A;N/A;N/A;N/A;N/A;N/A;N/A;N/A;N/A;N/A;N/A;N/A;N/A;N/A;Sí;N/A;N/A;N/A;N/A;N/A;N/A;N/A;N/A;Sí;N/A;N/A;N/A;N/A;N/A;N/A;Sí;N/A;Sí;N/A;N/A;N/A;N/A;Sí;N/A;Sí
Nissan;X-Trail;"NEW X-TRAIL";2012;"191000 km";;"DELTACAR S.A.";16900;;;;;Mercedes;https://auto.mercadolibre.com.uy/MLU-659035330-nissan-x-trail-at-_JM;N/A;;"Nissan X- Trail At";USD;Sí;silver;false;N/A;N/A;http://perfil.mercadolibre.com.uy/DELTACAR+S.A.;active;N/A;N/A;Usado;Plateado;N/A;Asistida;4x4;Sí;Sí;N/A;N/A;N/A;Sí;N/A;N/A;N/A;N/A;N/A;Sí;Sí;N/A;N/A;N/A;N/A;N/A;N/A;N/A;N/A;N/A;N/A;N/A;N/A;N/A;N/A;N/A;N/A;N/A;N/A;N/A;N/A;N/A;N/A;N/A;N/A;N/A;N/A;N/A;N/A;N/A;N/A;N/A;N/A;N/A;N/A;N/A;N/A;N/A;N/A;N/A;N/A;N/A;N/A;N/A;N/A;N/A;N/A;N/A;N/A;N/A;N/A;N/A;N/A;N/A;N/A;N/A;N/A;N/A;N/A;N/A;N/A;N/A;N/A;N/A;N/A;N/A;N/A;N/A;N/A;N/A;N/A;N/A;N/A;N/A;N/A;N/A;N/A;N/A;Sí;N/A;Sí;Sí;N/A;N/A;N/A;N/A;N/A;N/A;N/A;N/A;N/A;"TODOS LOS DIAS";5;2.4;Nafta;Automática;SUV;"Autos y camionetas";N/A;N/A;N/A;N/A;N/A;N/A;N/A;N/A;N/A;N/A;N/A;N/A;N/A;N/A;N/A;N/A;N/A;N/A;N/A;N/A;N/A;N/A;N/A;N/A;Sí;N/A;N/A;N/A;N/A;N/A;N/A;N/A;N/A;N/A;N/A;N/A;N/A;N/A;N/A;N/A;N/A;N/A;N/A;N/A;N/A;N/A;N/A;N/A;N/A;N/A;N/A;N/A;N/A;N/A;N/A;N/A;N/A;N/A;N/A;N/A;N/A;N/A;N/A;N/A;N/A;N/A;N/A;N/A;N/A;N/A;N/A;N/A;N/A;N/A;N/A;N/A;N/A;N/A;N/A;N/A;N/A;N/A;N/A;N/A;N/A;N/A;N/A;N/A;N/A;N/A;N/A;N/A;N/A;N/A;N/A;N/A;Sí;N/A;N/A;N/A;Sí;N/A;N/A;N/A;N/A;Sí;Sí;N/A;Sí;N/A;N/A;Sí;N/A;Sí;N/A;N/A;N/A;N/A;N/A;N/A;N/A;N/A
Nissan;"NP300 Frontier";"DC NAFTA PRO4X 7 AT";2023;"0 km";;"AUTOMOTORA MARMOLEJO";46968;;;;;Minas;https://auto.mercadolibre.com.uy/MLU-647116244-entrega-inmediata-nissan-frontier-pro4x-_JM;N/A;;"Entrega Inmediata Nissan Frontier Pro4x ";USD;Sí;silver;false;N/A;N/A;http://perfil.mercadolibre.com.uy/AUTOMOTORA+MARMOLEJO;active;N/A;N/A;Nuevo;Blanco;N/A;Eléctrica;4x4;No;Sí;N/A;N/A;N/A;Sí;N/A;N/A;Sí;N/A;N/A;Sí;Sí;N/A;No;N/A;N/A;N/A;N/A;N/A;N/A;N/A;N/A;N/A;N/A;N/A;N/A;N/A;N/A;N/A;N/A;N/A;N/A;N/A;Sí;N/A;N/A;N/A;N/A;N/A;N/A;N/A;N/A;N/A;N/A;N/A;N/A;N/A;N/A;N/A;N/A;N/A;N/A;N/A;N/A;N/A;N/A;N/A;No;N/A;N/A;N/A;N/A;N/A;N/A;N/A;N/A;N/A;N/A;N/A;N/A;N/A;N/A;N/A;N/A;N/A;N/A;N/A;N/A;N/A;N/A;N/A;N/A;N/A;N/A;N/A;N/A;Sí;N/A;Sí;Sí;N/A;Sí;Sí;N/A;No;N/A;N/A;Sí;Sí;N/A;N/A;Sí;"Lunes a Viernes de 8:30 a 12:00hs y de 14:30 a 19:00hs, Sábados de 9:00 a 12:00hs.";5;2.5;Nafta/GNC;Automática;N/A;"Autos y camionetas";N/A;N/A;N/A;N/A;N/A;N/A;N/A;N/A;Sí;N/A;N/A;N/A;N/A;N/A;N/A;N/A;N/A;N/A;N/A;N/A;N/A;N/A;N/A;N/A;Sí;N/A;N/A;N/A;N/A;N/A;N/A;N/A;N/A;N/A;N/A;N/A;N/A;N/A;N/A;N/A;N/A;N/A;N/A;Sí;N/A;N/A;N/A;N/A;N/A;N/A;N/A;N/A;N/A;N/A;N/A;N/A;N/A;N/A;N/A;N/A;N/A;Sí;No;N/A;N/A;N/A;N/A;N/A;N/A;N/A;N/A;N/A;N/A;N/A;N/A;N/A;N/A;N/A;N/A;N/A;N/A;N/A;N/A;N/A;N/A;N/A;N/A;N/A;N/A;N/A;N/A;N/A;N/A;N/A;N/A;No;Sí;Sí;No;N/A;Sí;N/A;N/A;N/A;N/A;Sí;Sí;No;Sí;N/A;N/A;Sí;Sí;Sí;Sí;Sí;Sí;N/A;N/A;N/A;N/A;Sí
Nissan;Versa;"Automático Financio";2014;"116000 km";;"DIEGO AUTOMOVILES";12490;;;;;Buceo;https://auto.mercadolibre.com.uy/MLU-666181172-nissan-versa-automatico-financio-_JM;N/A;;"Nissan Versa Automático Financio ";USD;Sí;silver;false;N/A;N/A;http://perfil.mercadolibre.com.uy/DIEGO+AUTOMOVILES;active;N/A;N/A;Usado;N/A;N/A;N/A;N/A;N/A;N/A;N/A;N/A;N/A;N/A;N/A;N/A;N/A;N/A;N/A;N/A;N/A;N/A;N/A;N/A;N/A;N/A;N/A;N/A;N/A;N/A;N/A;N/A;N/A;N/A;N/A;N/A;N/A;N/A;N/A;N/A;N/A;N/A;N/A;N/A;N/A;N/A;N/A;N/A;N/A;N/A;N/A;N/A;N/A;N/A;N/A;N/A;N/A;N/A;N/A;N/A;N/A;N/A;N/A;N/A;N/A;N/A;N/A;N/A;N/A;N/A;N/A;N/A;N/A;N/A;N/A;N/A;N/A;N/A;N/A;N/A;N/A;N/A;N/A;N/A;N/A;N/A;N/A;N/A;N/A;N/A;N/A;N/A;N/A;N/A;N/A;N/A;N/A;N/A;N/A;N/A;N/A;N/A;N/A;N/A;N/A;N/A;N/A;N/A;N/A;N/A;N/A;N/A;4;N/A;Nafta;N/A;N/A;"Autos y camionetas";N/A;N/A;N/A;N/A;N/A;N/A;N/A;N/A;N/A;N/A;N/A;N/A;N/A;N/A;N/A;N/A;N/A;N/A;N/A;N/A;N/A;N/A;N/A;N/A;N/A;N/A;N/A;N/A;N/A;N/A;N/A;N/A;N/A;N/A;N/A;N/A;N/A;N/A;N/A;N/A;N/A;N/A;N/A;N/A;N/A;N/A;N/A;N/A;N/A;N/A;N/A;N/A;N/A;N/A;N/A;N/A;N/A;N/A;N/A;N/A;N/A;N/A;N/A;N/A;N/A;N/A;N/A;N/A;N/A;N/A;N/A;N/A;N/A;N/A;N/A;N/A;N/A;N/A;N/A;N/A;N/A;N/A;N/A;N/A;N/A;N/A;N/A;N/A;N/A;N/A;N/A;N/A;N/A;N/A;N/A;N/A;N/A;N/A;N/A;N/A;N/A;N/A;N/A;N/A;N/A;N/A;N/A;N/A;N/A;N/A;N/A;N/A;N/A;N/A;N/A;N/A;N/A;N/A;N/A;N/A;N/A;N/A
Nissan;Versa;"1.6 Advance M/T 2021 !! Entrega Inmediata ! Servicio Oficial desde 0km !";2021;"96000 km";;"DIEGO IGLESIAS.AUTOMÓVILES";20990;;;;;"La Blanqueada";https://auto.mercadolibre.com.uy/MLU-666215448-nissan-new-versa-16-advance-mt-2021-entrega-inmediata--_JM;N/A;;"Nissan New Versa 1.6 Advance M/t 2021 !! Entrega Inmediata !";USD;Sí;silver;false;N/A;N/A;http://perfil.mercadolibre.com.uy/DIEGO+IGLESIAS.AUTOM%C3%93VILES;active;N/A;N/A;Usado;Plateado;Sí;Hidráulica;Delantera;Sí;Sí;N/A;N/A;N/A;N/A;N/A;N/A;N/A;N/A;N/A;Sí;Sí;N/A;Sí;N/A;N/A;N/A;N/A;N/A;N/A;N/A;N/A;N/A;N/A;N/A;N/A;N/A;N/A;N/A;N/A;N/A;N/A;N/A;Sí;N/A;N/A;N/A;N/A;N/A;N/A;N/A;N/A;N/A;N/A;N/A;N/A;N/A;N/A;N/A;N/A;N/A;N/A;N/A;N/A;N/A;N/A;N/A;N/A;N/A;N/A;N/A;N/A;N/A;N/A;N/A;N/A;N/A;N/A;N/A;N/A;N/A;N/A;N/A;N/A;N/A;N/A;N/A;N/A;N/A;N/A;N/A;N/A;N/A;N/A;N/A;N/A;N/A;N/A;Sí;N/A;N/A;Sí;N/A;N/A;N/A;N/A;N/A;N/A;N/A;N/A;N/A;Sí;"Lun a Vier de 9.30 a 13 y de 14 a 18:30 , Sab hasta 13:30hs";5;1.6;Nafta;Manual;Sedán;"Autos y camionetas";N/A;N/A;N/A;N/A;N/A;N/A;N/A;N/A;Sí;N/A;N/A;N/A;N/A;N/A;N/A;N/A;N/A;N/A;N/A;N/A;N/A;N/A;N/A;N/A;Sí;N/A;N/A;N/A;N/A;N/A;N/A;N/A;N/A;N/A;N/A;N/A;N/A;N/A;N/A;N/A;N/A;N/A;N/A;N/A;N/A;N/A;N/A;N/A;N/A;N/A;N/A;N/A;N/A;N/A;N/A;N/A;N/A;N/A;N/A;N/A;N/A;N/A;N/A;N/A;N/A;N/A;N/A;N/A;N/A;N/A;N/A;N/A;N/A;N/A;N/A;N/A;N/A;N/A;N/A;N/A;N/A;N/A;N/A;N/A;N/A;N/A;N/A;N/A;N/A;N/A;N/A;N/A;N/A;N/A;N/A;N/A;Sí;Sí;Sí;N/A;Sí;N/A;N/A;N/A;N/A;Sí;N/A;Sí;Sí;N/A;N/A;Sí;Sí;Sí;Sí;Sí;Sí;N/A;N/A;Sí;N/A;Sí
Nissan;March;Active;2015;"116538 km";;LAGOMARAUTOMOVILES;10990;;;;;"Ciudad de la Costa";https://auto.mercadolibre.com.uy/MLU-665981314-nissan-march-active-16-2015-abag-lagomar-automoviles-_JM;N/A;;"Nissan March Active 1.6 2015 A.bag - Lagomar Automóviles";USD;Sí;silver;false;N/A;N/A;http://perfil.mercadolibre.com.uy/LAGOMARAUTOMOVILES;active;N/A;N/A;Usado;Negro;Sí;Eléctrica;N/A;Sí;Sí;N/A;N/A;N/A;N/A;Sí;N/A;N/A;N/A;Sí;N/A;Sí;N/A;N/A;N/A;N/A;N/A;N/A;N/A;N/A;N/A;N/A;N/A;N/A;N/A;"1600 cc";N/A;5;N/A;N/A;N/A;N/A;N/A;N/A;N/A;N/A;N/A;N/A;N/A;N/A;N/A;N/A;N/A;N/A;N/A;N/A;N/A;N/A;N/A;N/A;N/A;Sí;N/A;N/A;N/A;N/A;N/A;N/A;N/A;N/A;N/A;N/A;N/A;N/A;Sí;N/A;N/A;N/A;N/A;N/A;N/A;N/A;N/A;N/A;N/A;N/A;N/A;N/A;N/A;N/A;N/A;Active;N/A;N/A;N/A;N/A;N/A;N/A;N/A;Sí;N/A;N/A;N/A;Sí;N/A;N/A;N/A;N/A;N/A;N/A;N/A;N/A;"Lun. a Vie. 9:30 a 13 y 14 a 19 hs. Sáb. 9:30 a 13:30 hs.";5;1.6;Nafta;Manual;Hatchback;"Autos y camionetas";No;N/A;N/A;N/A;No;N/A;N/A;No;Sí;No;No;N/A;N/A;N/A;N/A;N/A;N/A;N/A;N/A;N/A;N/A;N/A;N/A;N/A;N/A;N/A;N/A;N/A;N/A;N/A;N/A;N/A;N/A;N/A;N/A;N/A;N/A;N/A;N/A;N/A;N/A;N/A;N/A;N/A;N/A;N/A;N/A;N/A;N/A;N/A;N/A;N/A;N/A;N/A;N/A;N/A;N/A;N/A;N/A;N/A;N/A;N/A;No;N/A;N/A;N/A;N/A;N/A;N/A;N/A;N/A;N/A;N/A;N/A;N/A;N/A;N/A;N/A;N/A;N/A;N/A;N/A;N/A;N/A;N/A;N/A;N/A;N/A;N/A;N/A;N/A;N/A;N/A;N/A;N/A;N/A;Sí;Sí;N/A;N/A;Sí;N/A;N/A;N/A;N/A;Sí;N/A;N/A;N/A;N/A;N/A;N/A;N/A;N/A;Sí;Sí;Sí;N/A;N/A;N/A;N/A;Sí
Nissan;Versa;"Drive Mt";2019;"108980 km";;LAGOMARAUTOMOVILES;12990;;;;;"Ciudad de la Costa";https://auto.mercadolibre.com.uy/MLU-635242121-nissan-versa-drive-mt-16-2019-lagomar-automoviles-_JM;N/A;;"Nissan Versa Drive Mt 1.6 2019 - Lagomar Automóviles";USD;Sí;silver;false;N/A;N/A;http://perfil.mercadolibre.com.uy/LAGOMARAUTOMOVILES;active;N/A;N/A;Usado;Negro;Sí;Eléctrica;N/A;Sí;Sí;N/A;N/A;N/A;N/A;Sí;N/A;N/A;N/A;Sí;N/A;Sí;N/A;Sí;N/A;N/A;N/A;N/A;N/A;N/A;N/A;N/A;N/A;N/A;N/A;"1600 cc";N/A;5;N/A;N/A;N/A;N/A;N/A;N/A;N/A;N/A;N/A;N/A;N/A;N/A;N/A;N/A;N/A;N/A;N/A;N/A;N/A;N/A;N/A;N/A;N/A;Sí;N/A;Sí;N/A;N/A;N/A;N/A;N/A;N/A;N/A;N/A;N/A;N/A;Sí;N/A;N/A;N/A;N/A;N/A;N/A;N/A;N/A;N/A;N/A;N/A;N/A;N/A;N/A;N/A;N/A;Drive;N/A;N/A;N/A;N/A;N/A;N/A;N/A;Sí;N/A;N/A;Sí;N/A;N/A;N/A;N/A;N/A;N/A;N/A;N/A;N/A;"Lun. a Vie. 9:30 a 13 y 14 a 19 hs. Sáb. 9:30 a 13:30 hs.";4;1.6;Nafta;Manual;Sedán;"Autos y camionetas";No;N/A;N/A;N/A;No;N/A;N/A;No;Sí;No;No;N/A;N/A;N/A;N/A;N/A;N/A;N/A;N/A;N/A;N/A;N/A;N/A;N/A;N/A;N/A;N/A;N/A;N/A;N/A;N/A;N/A;N/A;N/A;N/A;N/A;N/A;N/A;N/A;N/A;N/A;N/A;N/A;N/A;N/A;N/A;N/A;N/A;N/A;N/A;N/A;N/A;N/A;N/A;N/A;N/A;N/A;N/A;N/A;N/A;N/A;N/A;No;N/A;N/A;N/A;N/A;N/A;N/A;N/A;N/A;N/A;N/A;N/A;N/A;N/A;N/A;N/A;N/A;N/A;N/A;N/A;N/A;N/A;N/A;N/A;N/A;N/A;N/A;N/A;N/A;N/A;N/A;N/A;N/A;N/A;Sí;Sí;N/A;N/A;Sí;N/A;Sí;N/A;Sí;Sí;N/A;N/A;N/A;N/A;N/A;N/A;N/A;N/A;Sí;Sí;Sí;N/A;N/A;N/A;N/A;Sí
Nissan;Versa;"Drive Mt";2019;"85000 km";;AEROCAR2013;13490;;;;;Carrasco;https://auto.mercadolibre.com.uy/MLU-635250859-nissan-versa-drive-mt-16-2019-impecable-aerocar-_JM;N/A;;"Nissan Versa Drive Mt 1.6 2019 Impecable! Aerocar";USD;Sí;silver;false;N/A;N/A;http://perfil.mercadolibre.com.uy/AEROCAR2013;active;N/A;N/A;Usado;Blanco;N/A;Hidráulica;N/A;Sí;Sí;N/A;N/A;N/A;N/A;N/A;Sí;N/A;N/A;Sí;N/A;Sí;N/A;N/A;N/A;N/A;N/A;N/A;N/A;N/A;N/A;N/A;N/A;N/A;N/A;"1600 cc";N/A;5;N/A;N/A;N/A;N/A;N/A;N/A;N/A;N/A;N/A;N/A;N/A;N/A;N/A;N/A;N/A;N/A;N/A;N/A;N/A;N/A;N/A;N/A;N/A;N/A;N/A;Sí;N/A;N/A;N/A;N/A;N/A;N/A;N/A;N/A;N/A;N/A;N/A;N/A;N/A;N/A;N/A;N/A;N/A;N/A;N/A;N/A;N/A;N/A;N/A;N/A;N/A;N/A;N/A;Drive;N/A;N/A;N/A;"12 km/l";N/A;N/A;N/A;N/A;N/A;N/A;N/A;N/A;N/A;N/A;"15 km/l";N/A;N/A;N/A;N/A;N/A;"Lun. a Vie. de 9 a 18:30 hs. Sáb. de 9 a 14 hs.";4;1.6;Nafta;Manual;Sedán;"Autos y camionetas";No;N/A;N/A;N/A;No;N/A;N/A;No;Sí;No;No;N/A;N/A;N/A;N/A;N/A;N/A;N/A;N/A;N/A;N/A;N/A;N/A;N/A;N/A;N/A;N/A;N/A;N/A;N/A;N/A;N/A;N/A;N/A;N/A;N/A;N/A;N/A;N/A;N/A;N/A;N/A;N/A;N/A;N/A;N/A;N/A;N/A;N/A;N/A;N/A;N/A;N/A;N/A;N/A;N/A;N/A;N/A;N/A;N/A;N/A;N/A;No;N/A;N/A;N/A;N/A;N/A;N/A;N/A;N/A;N/A;N/A;N/A;N/A;N/A;N/A;N/A;N/A;N/A;N/A;N/A;N/A;N/A;N/A;N/A;N/A;N/A;N/A;N/A;N/A;N/A;N/A;N/A;N/A;N/A;Sí;Sí;N/A;N/A;Sí;N/A;N/A;N/A;N/A;Sí;N/A;Sí;N/A;N/A;N/A;N/A;N/A;N/A;Sí;N/A;N/A;N/A;N/A;N/A;N/A;Sí
Nissan;Frontier;"4x4 2.5 TD, D/Cabina";2021;"95000 km";;FABIANYEMURENKO2008;34900;;;;;Buceo;https://auto.mercadolibre.com.uy/MLU-656515178-nissan-frontier-4x4-25-td-dcabina-full-ano-2021impec-_JM;N/A;;"Nissan Frontier 4x4 2.5 Td, D/cabina¡¡ Full Año 2021¡¡¡impec";USD;Sí;silver;false;N/A;N/A;http://perfil.mercadolibre.com.uy/FABIANYEMURENKO2008;active;N/A;N/A;Usado;Gris;Sí;Hidráulica;4x4;Sí;Sí;N/A;N/A;N/A;No;N/A;N/A;No;N/A;N/A;No;Sí;N/A;No;N/A;N/A;N/A;N/A;N/A;N/A;N/A;N/A;N/A;N/A;N/A;N/A;N/A;N/A;N/A;N/A;N/A;N/A;N/A;No;N/A;N/A;N/A;N/A;N/A;N/A;N/A;N/A;N/A;N/A;N/A;N/A;N/A;N/A;N/A;N/A;N/A;N/A;N/A;N/A;N/A;N/A;N/A;No;N/A;N/A;N/A;N/A;N/A;N/A;N/A;N/A;N/A;N/A;N/A;N/A;N/A;N/A;N/A;N/A;N/A;N/A;N/A;N/A;N/A;N/A;N/A;N/A;N/A;N/A;N/A;N/A;No;N/A;No;Sí;N/A;Sí;Sí;N/A;No;N/A;N/A;No;No;N/A;N/A;No;N/A;4;"2.5 Turbo Diesel";Diésel;Manual;Pick-Up;"Autos y camionetas";No;N/A;N/A;N/A;No;N/A;N/A;N/A;Sí;N/A;No;N/A;N/A;N/A;N/A;N/A;N/A;N/A;N/A;N/A;N/A;N/A;N/A;N/A;No;N/A;N/A;N/A;N/A;N/A;N/A;N/A;N/A;N/A;N/A;N/A;N/A;N/A;N/A;N/A;N/A;N/A;N/A;No;N/A;N/A;N/A;N/A;N/A;N/A;N/A;N/A;N/A;N/A;N/A;N/A;N/A;N/A;N/A;N/A;N/A;No;No;N/A;N/A;N/A;N/A;N/A;N/A;N/A;N/A;N/A;N/A;N/A;N/A;N/A;N/A;N/A;N/A;N/A;N/A;N/A;N/A;N/A;N/A;N/A;N/A;N/A;N/A;N/A;N/A;N/A;N/A;N/A;N/A;No;Sí;Sí;No;N/A;Sí;N/A;N/A;N/A;N/A;Sí;Sí;No;No;N/A;N/A;Sí;No;Sí;Sí;Sí;N/A;Sí;N/A;Sí;N/A;Sí
Nissan;Versa;"1.6 Advance 5vel Mt";2014;"116000 km";;FEDE-2009;11500;;;;;"Tres Cruces";https://auto.mercadolibre.com.uy/MLU-656326940-nissan-versa-2014-16-advance-5vel-mt-_JM;N/A;;"Nissan Versa 2014 1.6 Advance 5vel Mt";usd;Sí;silver;false;N/A;N/A;http://perfil.mercadolibre.com.uy/FEDE-2009;active;N/A;N/A;Usado;N/A;N/A;Hidráulica;Delantera;Sí;N/A;N/A;N/A;N/A;N/A;N/A;N/A;N/A;N/A;N/A;N/A;N/A;N/A;N/A;N/A;N/A;N/A;N/A;N/A;N/A;N/A;N/A;N/A;N/A;N/A;"1.6 L";N/A;N/A;N/A;N/A;N/A;N/A;N/A;N/A;N/A;N/A;N/A;N/A;N/A;N/A;N/A;N/A;N/A;N/A;N/A;N/A;N/A;N/A;N/A;N/A;N/A;N/A;N/A;N/A;N/A;N/A;N/A;N/A;N/A;N/A;N/A;N/A;N/A;N/A;N/A;N/A;N/A;N/A;N/A;N/A;N/A;N/A;N/A;N/A;N/A;N/A;N/A;N/A;N/A;N/A;"106 hp";Advance;N/A;N/A;N/A;N/A;N/A;N/A;N/A;N/A;N/A;N/A;N/A;N/A;N/A;N/A;N/A;N/A;N/A;N/A;N/A;N/A;N/A;4;1.6;Nafta;Manual;Hatchback;"Autos y camionetas";N/A;N/A;N/A;N/A;N/A;N/A;UY;N/A;N/A;N/A;N/A;N/A;N/A;N/A;N/A;N/A;N/A;N/A;N/A;N/A;N/A;N/A;N/A;N/A;N/A;N/A;N/A;N/A;N/A;N/A;N/A;N/A;N/A;N/A;N/A;N/A;N/A;N/A;N/A;N/A;N/A;N/A;N/A;N/A;N/A;N/A;N/A;N/A;N/A;N/A;N/A;N/A;N/A;N/A;N/A;N/A;N/A;N/A;N/A;N/A;N/A;N/A;N/A;N/A;N/A;N/A;N/A;N/A;N/A;N/A;N/A;N/A;N/A;N/A;N/A;N/A;N/A;N/A;N/A;N/A;N/A;N/A;N/A;N/A;N/A;N/A;N/A;N/A;N/A;N/A;N/A;N/A;N/A;N/A;N/A;N/A;Sí;N/A;N/A;N/A;N/A;N/A;N/A;N/A;N/A;N/A;N/A;N/A;N/A;N/A;N/A;N/A;N/A;N/A;Sí;N/A;N/A;N/A;N/A;N/A;N/A;N/A
Nissan;Sentra;"1.8 Exclusive At Cvt";2017;"107000 km";;"AG GARAJE";16900;;;;;Maroñas;https://auto.mercadolibre.com.uy/MLU-659019822-nissan-sentra-2017-18-exclusive-at-cvt-_JM;N/A;;"Nissan Sentra 2017 1.8 Exclusive At Cvt";usd;Sí;silver;false;N/A;N/A;http://perfil.mercadolibre.com.uy/AG+GARAJE;active;N/A;N/A;Usado;N/A;N/A;Hidráulica;Delantera;Sí;N/A;N/A;N/A;N/A;N/A;N/A;N/A;Sí;N/A;N/A;N/A;N/A;N/A;N/A;N/A;N/A;N/A;N/A;N/A;N/A;N/A;N/A;N/A;N/A;"2700 mm";"1.8 L";"52 L";N/A;N/A;N/A;N/A;N/A;N/A;N/A;N/A;N/A;N/A;N/A;N/A;N/A;N/A;N/A;N/A;N/A;N/A;N/A;N/A;N/A;N/A;N/A;N/A;N/A;N/A;N/A;N/A;N/A;N/A;N/A;N/A;N/A;N/A;Sí;Sí;N/A;N/A;Sí;N/A;N/A;N/A;N/A;N/A;N/A;N/A;"1509 mm";"4636 mm";N/A;N/A;N/A;N/A;5;"129 hp";Exclusive;N/A;4;"1761 mm";N/A;N/A;N/A;N/A;N/A;N/A;N/A;Sí;N/A;Sí;N/A;N/A;N/A;N/A;N/A;N/A;N/A;N/A;4;1.8;Nafta;Automática;Sedán;"Autos y camionetas";N/A;N/A;N/A;N/A;N/A;N/A;UY;N/A;N/A;N/A;N/A;N/A;N/A;N/A;N/A;N/A;N/A;N/A;N/A;N/A;N/A;N/A;N/A;N/A;N/A;N/A;N/A;N/A;N/A;N/A;N/A;N/A;N/A;N/A;N/A;N/A;N/A;N/A;N/A;N/A;N/A;N/A;N/A;N/A;N/A;N/A;N/A;N/A;N/A;N/A;N/A;N/A;N/A;N/A;N/A;N/A;N/A;N/A;N/A;N/A;N/A;N/A;N/A;N/A;N/A;N/A;N/A;N/A;N/A;N/A;N/A;N/A;N/A;N/A;N/A;N/A;N/A;N/A;N/A;N/A;N/A;N/A;N/A;N/A;N/A;N/A;N/A;N/A;N/A;N/A;N/A;N/A;N/A;N/A;N/A;N/A;Sí;N/A;Sí;N/A;N/A;N/A;N/A;Sí;N/A;Sí;N/A;N/A;N/A;N/A;N/A;N/A;N/A;N/A;Sí;N/A;N/A;N/A;N/A;Sí;N/A;Sí
Nissan;Qashqai;"2.0 Exclusive 4x4";2018;"100000 km";;MUSSINIAUTOMOVILES;29900;;;;;"San José de Mayo";https://auto.mercadolibre.com.uy/MLU-655852188-nissan-qashqai-_JM;N/A;;"Nissan Qashqai";usd;Sí;silver;false;N/A;N/A;http://perfil.mercadolibre.com.uy/MUSSINIAUTOMOVILES;active;N/A;N/A;Usado;Negro;N/A;Hidráulica;4x4;Sí;N/A;N/A;N/A;N/A;N/A;N/A;N/A;N/A;N/A;N/A;N/A;N/A;N/A;N/A;N/A;N/A;N/A;N/A;N/A;N/A;N/A;N/A;N/A;N/A;"2705 mm";"2 L";"60 L";N/A;N/A;N/A;N/A;N/A;N/A;N/A;N/A;N/A;N/A;N/A;N/A;N/A;N/A;N/A;N/A;N/A;N/A;N/A;N/A;N/A;N/A;N/A;N/A;N/A;N/A;N/A;N/A;N/A;N/A;N/A;N/A;N/A;N/A;Sí;Sí;Sí;N/A;Sí;N/A;N/A;N/A;N/A;N/A;N/A;N/A;"1740 mm";"4690 mm";N/A;N/A;N/A;N/A;5;"150 hp";Exclusive;N/A;4;"1820 mm";N/A;N/A;N/A;N/A;N/A;N/A;N/A;Sí;N/A;Sí;N/A;N/A;N/A;N/A;N/A;N/A;N/A;N/A;5;2.0;Nafta;Automática;N/A;"Autos y camionetas";N/A;N/A;N/A;N/A;N/A;N/A;UY;N/A;N/A;N/A;N/A;N/A;N/A;N/A;N/A;N/A;N/A;N/A;N/A;N/A;N/A;N/A;N/A;N/A;N/A;N/A;N/A;N/A;N/A;N/A;N/A;N/A;N/A;N/A;N/A;N/A;N/A;N/A;N/A;N/A;N/A;N/A;N/A;N/A;N/A;N/A;N/A;N/A;N/A;N/A;N/A;N/A;N/A;N/A;N/A;N/A;N/A;N/A;N/A;N/A;N/A;N/A;N/A;N/A;N/A;N/A;N/A;N/A;N/A;N/A;N/A;N/A;N/A;N/A;N/A;N/A;N/A;N/A;N/A;N/A;N/A;N/A;N/A;N/A;N/A;N/A;N/A;N/A;N/A;N/A;N/A;N/A;N/A;N/A;N/A;N/A;Sí;N/A;Sí;N/A;N/A;N/A;N/A;Sí;N/A;Sí;N/A;N/A;N/A;N/A;N/A;Sí;Sí;N/A;Sí;N/A;Sí;N/A;N/A;Sí;N/A;Sí
Nissan;Sentra;"1.8 Exclusive At";2022;"84500 km";;"DOLZ AUTOMÓVILES";26300;;;;;Rivera;https://auto.mercadolibre.com.uy/MLU-661430262-nissan-new-sentra-_JM;N/A;;"Nissan New Sentra ";usd;Sí;silver;false;N/A;N/A;http://perfil.mercadolibre.com.uy/DOLZ+AUTOM%C3%93VILES;active;N/A;N/A;Usado;Blanco;Sí;Hidráulica;Delantera;Sí;N/A;N/A;N/A;N/A;Sí;N/A;N/A;Sí;N/A;N/A;Sí;Sí;N/A;Sí;N/A;N/A;N/A;N/A;N/A;N/A;N/A;N/A;N/A;N/A;"2700 mm";"1.8 L";"52 L";N/A;N/A;N/A;N/A;N/A;N/A;Sí;N/A;N/A;N/A;N/A;N/A;N/A;N/A;N/A;N/A;N/A;N/A;N/A;N/A;N/A;N/A;N/A;N/A;N/A;N/A;N/A;N/A;N/A;N/A;No;N/A;N/A;N/A;Sí;Sí;N/A;N/A;Sí;N/A;N/A;N/A;N/A;N/A;N/A;N/A;"1509 mm";"4636 mm";N/A;N/A;N/A;N/A;5;"129 hp";Exclusive;N/A;4;"1761 mm";N/A;No;N/A;Sí;N/A;N/A;Sí;Sí;N/A;Sí;N/A;N/A;Sí;No;N/A;N/A;Sí;"Lunes a Viernes de 08:00 a 18:30 hs.";4;1.8;Nafta;Automática;Sedán;"Autos y camionetas";No;N/A;N/A;N/A;No;N/A;UY;N/A;Sí;N/A;No;N/A;N/A;N/A;N/A;N/A;N/A;N/A;N/A;N/A;N/A;N/A;N/A;N/A;Sí;N/A;N/A;N/A;N/A;N/A;N/A;N/A;N/A;N/A;N/A;N/A;N/A;N/A;N/A;N/A;N/A;N/A;N/A;Sí;N/A;N/A;N/A;N/A;N/A;N/A;N/A;N/A;N/A;N/A;N/A;N/A;N/A;N/A;N/A;N/A;N/A;N/A;Sí;N/A;N/A;N/A;N/A;N/A;N/A;N/A;N/A;N/A;N/A;N/A;N/A;N/A;N/A;N/A;N/A;N/A;N/A;N/A;N/A;N/A;N/A;N/A;N/A;N/A;N/A;N/A;N/A;N/A;N/A;N/A;N/A;N/A;Sí;Sí;Sí;N/A;Sí;N/A;N/A;Sí;N/A;Sí;N/A;N/A;N/A;N/A;N/A;Sí;Sí;N/A;Sí;Sí;Sí;Sí;No;Sí;N/A;Sí
Nissan;Kicks;"1.6 Advance Cvt";2017;"291698 km";;"NICOLASTEJERA AUTOMOVILES";18000;;;;;Tala;https://auto.mercadolibre.com.uy/MLU-659090244-nissan-kicks-2017-16-advance-cvt-_JM;N/A;;"Nissan Kicks 2017 1.6 Advance Cvt";usd;Sí;silver;false;N/A;N/A;http://perfil.mercadolibre.com.uy/NICOLASTEJERA+AUTOMOVILES;active;N/A;N/A;Usado;Gris;N/A;Hidráulica;Delantera;Sí;N/A;N/A;N/A;N/A;N/A;N/A;N/A;N/A;N/A;N/A;N/A;N/A;N/A;N/A;N/A;N/A;N/A;N/A;N/A;N/A;N/A;N/A;N/A;N/A;"2620 mm";"1.6 L";"50 L";N/A;N/A;N/A;N/A;N/A;N/A;N/A;N/A;N/A;N/A;N/A;N/A;N/A;N/A;N/A;N/A;N/A;N/A;N/A;N/A;N/A;N/A;N/A;N/A;N/A;N/A;N/A;N/A;N/A;N/A;N/A;N/A;N/A;N/A;Sí;Sí;Sí;N/A;N/A;N/A;N/A;N/A;N/A;N/A;N/A;N/A;"1590 mm";"4295 mm";N/A;N/A;N/A;N/A;5;"118 hp";Advance;N/A;4;"1760 mm";N/A;N/A;N/A;N/A;N/A;N/A;N/A;N/A;N/A;N/A;N/A;N/A;N/A;N/A;N/A;N/A;N/A;N/A;5;1.6;Nafta;Automática;N/A;"Autos y camionetas";N/A;N/A;N/A;N/A;N/A;N/A;UY;N/A;N/A;N/A;N/A;N/A;N/A;N/A;N/A;N/A;N/A;N/A;N/A;N/A;N/A;N/A;N/A;N/A;N/A;N/A;N/A;N/A;N/A;N/A;N/A;N/A;N/A;N/A;N/A;N/A;N/A;N/A;N/A;N/A;N/A;N/A;N/A;N/A;N/A;N/A;N/A;N/A;N/A;N/A;N/A;N/A;N/A;N/A;N/A;N/A;N/A;N/A;N/A;N/A;N/A;N/A;N/A;N/A;N/A;N/A;N/A;N/A;N/A;N/A;N/A;N/A;N/A;N/A;N/A;N/A;N/A;N/A;N/A;N/A;N/A;N/A;N/A;N/A;N/A;N/A;N/A;N/A;N/A;N/A;N/A;N/A;N/A;N/A;N/A;N/A;Sí;N/A;Sí;N/A;N/A;N/A;N/A;N/A;N/A;Sí;N/A;N/A;N/A;N/A;N/A;N/A;Sí;N/A;Sí;N/A;N/A;N/A;N/A;Sí;N/A;Sí
Nissan;Kicks;"1.6 Exclusive At";2023;"0 km";;"DELTACAR S.A.";34990;;;;;Mercedes;https://auto.mercadolibre.com.uy/MLU-635859180-nissan-kicks-2023-16-exclusive-at-_JM;N/A;;"Nissan Kicks 2023 1.6 Exclusive At";usd;Sí;silver;false;N/A;N/A;http://perfil.mercadolibre.com.uy/DELTACAR+S.A.;active;N/A;N/A;Nuevo;Plateado;N/A;Hidráulica;Delantera;Sí;N/A;N/A;N/A;N/A;N/A;N/A;N/A;Sí;N/A;N/A;N/A;Sí;N/A;N/A;N/A;N/A;N/A;N/A;N/A;N/A;N/A;N/A;N/A;N/A;"2620 mm";"1598 cc";"50 L";N/A;N/A;N/A;N/A;N/A;N/A;N/A;N/A;N/A;N/A;N/A;N/A;N/A;N/A;N/A;N/A;N/A;N/A;N/A;N/A;N/A;N/A;N/A;N/A;N/A;N/A;N/A;N/A;N/A;N/A;N/A;N/A;N/A;N/A;N/A;N/A;N/A;N/A;N/A;N/A;N/A;N/A;N/A;N/A;N/A;N/A;"1590 mm";"4295 mm";N/A;N/A;N/A;N/A;5;"118 hp";Exclusive;N/A;4;"1760 mm";N/A;N/A;N/A;N/A;N/A;N/A;N/A;N/A;N/A;N/A;N/A;N/A;N/A;N/A;N/A;N/A;N/A;"TODOS LOS DIAS";5;1.6;Nafta;Automática;SUV;"Autos y camionetas";Sí;N/A;N/A;N/A;N/A;N/A;UY;N/A;Sí;N/A;N/A;N/A;N/A;N/A;N/A;N/A;N/A;N/A;N/A;N/A;N/A;N/A;N/A;N/A;N/A;N/A;N/A;N/A;N/A;N/A;N/A;N/A;N/A;N/A;N/A;N/A;N/A;N/A;N/A;N/A;N/A;N/A;N/A;Sí;N/A;N/A;N/A;N/A;N/A;N/A;N/A;N/A;N/A;N/A;N/A;N/A;N/A;N/A;N/A;N/A;N/A;Sí;Sí;N/A;N/A;N/A;N/A;N/A;N/A;N/A;N/A;N/A;N/A;N/A;N/A;N/A;N/A;N/A;N/A;N/A;N/A;N/A;N/A;N/A;N/A;N/A;N/A;N/A;N/A;N/A;N/A;N/A;N/A;N/A;N/A;N/A;Sí;N/A;Sí;N/A;N/A;N/A;N/A;N/A;N/A;Sí;N/A;N/A;N/A;N/A;Sí;Sí;Sí;N/A;Sí;N/A;N/A;N/A;N/A;Sí;N/A;Sí
Nissan;NX;"Extra Full";1998;"437525 km";;"NICOLASTEJERA AUTOMOVILES";7000;;;;;Tala;https://auto.mercadolibre.com.uy/MLU-632950173-nissan-nx-100-_JM;N/A;;"Nissan Nx 100";USD;Sí;silver;false;N/A;N/A;http://perfil.mercadolibre.com.uy/NICOLASTEJERA+AUTOMOVILES;active;N/A;N/A;Usado;Negro;N/A;Hidráulica;Delantera;Sí;Sí;N/A;N/A;N/A;N/A;N/A;N/A;Sí;N/A;N/A;N/A;Sí;N/A;N/A;N/A;N/A;N/A;N/A;N/A;N/A;N/A;N/A;N/A;N/A;N/A;N/A;N/A;N/A;N/A;N/A;N/A;N/A;N/A;N/A;N/A;N/A;N/A;N/A;N/A;N/A;N/A;N/A;N/A;N/A;N/A;N/A;N/A;N/A;N/A;N/A;N/A;N/A;N/A;N/A;N/A;N/A;N/A;N/A;N/A;N/A;N/A;N/A;N/A;N/A;N/A;N/A;N/A;N/A;N/A;N/A;N/A;N/A;N/A;N/A;N/A;N/A;N/A;N/A;N/A;N/A;N/A;N/A;N/A;N/A;N/A;N/A;N/A;N/A;N/A;N/A;N/A;Sí;N/A;N/A;N/A;N/A;N/A;N/A;N/A;N/A;N/A;Sí;N/A;2;1.600cc;Nafta;Manual;Coupé;"Autos y camionetas";N/A;N/A;N/A;N/A;N/A;N/A;N/A;N/A;Sí;N/A;N/A;N/A;N/A;N/A;N/A;N/A;N/A;N/A;N/A;N/A;N/A;N/A;N/A;N/A;N/A;N/A;N/A;N/A;N/A;N/A;N/A;N/A;N/A;N/A;N/A;N/A;N/A;N/A;N/A;N/A;N/A;N/A;N/A;N/A;N/A;N/A;N/A;N/A;N/A;N/A;N/A;N/A;N/A;N/A;N/A;N/A;N/A;N/A;N/A;N/A;N/A;N/A;N/A;N/A;N/A;N/A;N/A;N/A;N/A;N/A;N/A;N/A;N/A;N/A;N/A;N/A;N/A;N/A;N/A;N/A;N/A;N/A;N/A;N/A;N/A;N/A;N/A;N/A;N/A;N/A;N/A;N/A;N/A;N/A;N/A;N/A;N/A;N/A;Sí;N/A;N/A;N/A;N/A;N/A;N/A;N/A;N/A;N/A;Sí;N/A;N/A;N/A;N/A;Sí;Sí;Sí;N/A;Sí;N/A;Sí;N/A;N/A
Nissan;Frontier;D22;2010;"200000 km";;"TOPCAR AV.JOSEBELLONI6328";9900;;;;;Manga;https://auto.mercadolibre.com.uy/MLU-635391497-nissan-frontier-d22-automotoratopcar-usd-5000-cuotas-en--_JM;N/A;;"Nissan Frontier D22 Automotoratopcar Usd 5000 + Cuotas En $";USD;Sí;silver;false;N/A;N/A;http://perfil.mercadolibre.com.uy/TOPCAR+AV.JOSEBELLONI6328;active;N/A;N/A;Usado;Verde;N/A;Hidráulica;Trasera;Sí;N/A;N/A;N/A;N/A;N/A;N/A;N/A;N/A;N/A;N/A;N/A;N/A;N/A;N/A;N/A;N/A;N/A;N/A;N/A;N/A;N/A;N/A;N/A;N/A;N/A;N/A;N/A;N/A;N/A;N/A;N/A;N/A;N/A;N/A;N/A;N/A;N/A;N/A;N/A;N/A;N/A;N/A;N/A;N/A;N/A;N/A;N/A;N/A;N/A;N/A;N/A;N/A;N/A;N/A;N/A;N/A;N/A;N/A;N/A;N/A;N/A;N/A;N/A;N/A;N/A;N/A;N/A;N/A;N/A;N/A;N/A;N/A;N/A;N/A;N/A;N/A;N/A;N/A;N/A;N/A;N/A;N/A;N/A;N/A;N/A;N/A;N/A;N/A;N/A;N/A;N/A;N/A;N/A;N/A;N/A;N/A;N/A;N/A;N/A;N/A;N/A;N/A;N/A;4;2.4;Nafta;Manual;Pick-Up;"Autos y camionetas";Sí;N/A;N/A;N/A;N/A;N/A;N/A;N/A;Sí;N/A;Sí;N/A;N/A;N/A;N/A;N/A;N/A;N/A;N/A;N/A;N/A;N/A;N/A;N/A;N/A;N/A;N/A;N/A;N/A;N/A;N/A;N/A;N/A;N/A;N/A;N/A;N/A;N/A;N/A;N/A;N/A;N/A;N/A;N/A;N/A;N/A;N/A;N/A;N/A;N/A;N/A;N/A;N/A;N/A;N/A;N/A;N/A;N/A;N/A;N/A;N/A;N/A;Sí;N/A;N/A;N/A;N/A;N/A;N/A;N/A;N/A;N/A;N/A;N/A;N/A;N/A;N/A;N/A;N/A;N/A;N/A;N/A;N/A;N/A;N/A;N/A;N/A;N/A;N/A;N/A;N/A;N/A;N/A;N/A;N/A;N/A;Sí;N/A;N/A;N/A;Sí;N/A;N/A;N/A;N/A;Sí;N/A;N/A;N/A;N/A;N/A;N/A;N/A;N/A;Sí;N/A;N/A;N/A;N/A;N/A;N/A;N/A
Nissan;Tiida;"1.8 Special Edition Mt";2013;"163000 km";;"MASANTI AUTOMOVILES";12900;;;;;"Barros Blancos";https://auto.mercadolibre.com.uy/MLU-635352333-masanti-nissan-tiida-especial-edition-18-mt-_JM;N/A;;"Masanti Nissan Tiida Especial Edition 1.8 Mt ";usd;Sí;silver;false;N/A;N/A;http://perfil.mercadolibre.com.uy/MASANTI+AUTOMOVILES;active;N/A;N/A;Usado;Negro;N/A;Hidráulica;Delantera;Sí;N/A;N/A;N/A;N/A;N/A;N/A;N/A;N/A;N/A;N/A;N/A;N/A;N/A;N/A;N/A;N/A;N/A;N/A;N/A;N/A;N/A;N/A;N/A;N/A;"2600 mm";"1.8 L";"52 L";N/A;N/A;N/A;N/A;N/A;N/A;N/A;N/A;N/A;N/A;N/A;N/A;N/A;N/A;N/A;N/A;N/A;N/A;N/A;N/A;N/A;N/A;N/A;N/A;N/A;N/A;N/A;N/A;N/A;N/A;N/A;N/A;N/A;N/A;N/A;N/A;N/A;N/A;N/A;N/A;N/A;N/A;N/A;N/A;N/A;N/A;"1548 mm";"4297 mm";N/A;N/A;N/A;N/A;N/A;N/A;"Special Edition";N/A;N/A;"1695 mm";N/A;N/A;N/A;N/A;N/A;N/A;N/A;N/A;N/A;N/A;N/A;N/A;N/A;N/A;N/A;N/A;N/A;N/A;5;1.8;Nafta;Manual;Hatchback;"Autos y camionetas";N/A;N/A;N/A;N/A;N/A;N/A;UY;N/A;N/A;N/A;N/A;N/A;N/A;N/A;N/A;N/A;N/A;N/A;N/A;N/A;N/A;N/A;N/A;N/A;N/A;N/A;N/A;N/A;N/A;N/A;N/A;N/A;N/A;N/A;N/A;N/A;N/A;N/A;N/A;N/A;N/A;N/A;N/A;N/A;N/A;N/A;N/A;N/A;N/A;N/A;N/A;N/A;N/A;N/A;N/A;N/A;N/A;N/A;N/A;N/A;N/A;N/A;N/A;N/A;N/A;N/A;N/A;N/A;N/A;N/A;N/A;N/A;N/A;N/A;N/A;N/A;N/A;N/A;N/A;N/A;N/A;N/A;N/A;N/A;N/A;N/A;N/A;N/A;N/A;N/A;N/A;N/A;N/A;N/A;N/A;N/A;Sí;N/A;N/A;N/A;N/A;N/A;N/A;N/A;N/A;N/A;N/A;N/A;N/A;N/A;N/A;N/A;N/A;N/A;Sí;N/A;N/A;N/A;N/A;N/A;N/A;N/A
Nissan;Patrol;"GR RD28ti SWB";1998;"278000 km";;JUANKAITAZOFF;38000;;;;;Malvin;https://auto.mercadolibre.com.uy/MLU-666141722-nissan-patrol-gr-swb-rd28ti-_JM;N/A;;"Nissan Patrol Gr Swb Rd28ti";USD;No;silver;false;N/A;N/A;http://perfil.mercadolibre.com.uy/JUANKAITAZOFF;active;N/A;N/A;Usado;N/A;N/A;Hidráulica;4x4;Sí;Sí;N/A;N/A;N/A;Sí;N/A;N/A;No;N/A;N/A;No;Sí;N/A;No;N/A;N/A;N/A;N/A;N/A;N/A;N/A;N/A;N/A;N/A;N/A;N/A;N/A;N/A;N/A;N/A;N/A;N/A;N/A;No;N/A;N/A;N/A;N/A;N/A;N/A;N/A;N/A;N/A;N/A;N/A;N/A;N/A;N/A;N/A;N/A;N/A;N/A;N/A;N/A;N/A;N/A;N/A;No;N/A;N/A;N/A;N/A;N/A;N/A;N/A;N/A;N/A;N/A;N/A;N/A;N/A;N/A;N/A;N/A;N/A;N/A;N/A;N/A;N/A;N/A;N/A;N/A;N/A;N/A;N/A;N/A;No;N/A;Sí;Sí;N/A;Sí;No;N/A;No;N/A;N/A;No;Sí;N/A;N/A;Sí;N/A;2;RD28eti;Diésel;Manual;Off-Road;"Autos y camionetas";N/A;N/A;N/A;N/A;N/A;N/A;N/A;N/A;Sí;N/A;N/A;N/A;N/A;N/A;N/A;N/A;N/A;N/A;N/A;N/A;N/A;N/A;N/A;N/A;N/A;N/A;N/A;N/A;N/A;N/A;N/A;N/A;N/A;N/A;N/A;N/A;N/A;N/A;N/A;N/A;N/A;N/A;N/A;N/A;N/A;N/A;N/A;N/A;N/A;N/A;N/A;N/A;N/A;N/A;N/A;N/A;N/A;N/A;N/A;N/A;N/A;N/A;N/A;N/A;N/A;N/A;N/A;N/A;N/A;N/A;N/A;N/A;N/A;N/A;N/A;N/A;N/A;N/A;N/A;N/A;N/A;N/A;N/A;N/A;N/A;N/A;N/A;N/A;N/A;N/A;N/A;N/A;N/A;N/A;N/A;N/A;Sí;Sí;Sí;N/A;Sí;N/A;N/A;N/A;N/A;Sí;No;Sí;Sí;N/A;N/A;Sí;No;N/A;Sí;Sí;Sí;No;No;Sí;N/A;Sí
Nissan;Versa;"Extra Full";2014;"79800 km";;FFPAT;12750;;;;;Pocitos;https://auto.mercadolibre.com.uy/MLU-635065185-nissan-versa-super-full-_JM;N/A;;"Nissan Versa Super Full ";USD;Sí;silver;false;N/A;N/A;http://perfil.mercadolibre.com.uy/FFPAT;active;N/A;N/A;Usado;Blanco;N/A;Hidráulica;Delantera;Sí;Sí;N/A;N/A;N/A;N/A;N/A;N/A;N/A;N/A;N/A;N/A;Sí;N/A;Sí;N/A;N/A;N/A;N/A;N/A;N/A;N/A;N/A;N/A;N/A;N/A;N/A;N/A;N/A;N/A;N/A;N/A;N/A;N/A;N/A;N/A;N/A;N/A;N/A;N/A;N/A;N/A;N/A;N/A;N/A;N/A;N/A;N/A;N/A;N/A;N/A;N/A;N/A;N/A;N/A;N/A;N/A;N/A;N/A;N/A;N/A;N/A;N/A;N/A;N/A;N/A;N/A;N/A;N/A;N/A;N/A;N/A;N/A;N/A;N/A;N/A;N/A;N/A;N/A;N/A;N/A;N/A;N/A;N/A;N/A;N/A;N/A;N/A;N/A;N/A;Sí;N/A;N/A;N/A;N/A;N/A;N/A;N/A;N/A;N/A;N/A;N/A;N/A;"09 A 21";4;1600;Nafta;Manual;Sedán;"Autos y camionetas";N/A;N/A;N/A;N/A;N/A;N/A;N/A;N/A;N/A;N/A;N/A;N/A;N/A;N/A;N/A;N/A;N/A;N/A;N/A;N/A;N/A;N/A;N/A;N/A;N/A;N/A;N/A;N/A;N/A;N/A;N/A;N/A;N/A;N/A;N/A;N/A;N/A;N/A;N/A;N/A;N/A;N/A;N/A;N/A;N/A;N/A;N/A;N/A;N/A;N/A;N/A;N/A;N/A;N/A;N/A;N/A;N/A;N/A;N/A;N/A;N/A;N/A;N/A;N/A;N/A;N/A;N/A;N/A;N/A;N/A;N/A;N/A;N/A;N/A;N/A;N/A;N/A;N/A;N/A;N/A;N/A;N/A;N/A;N/A;N/A;N/A;N/A;N/A;N/A;N/A;N/A;N/A;N/A;N/A;N/A;N/A;N/A;Sí;Sí;N/A;Sí;N/A;N/A;N/A;N/A;Sí;N/A;N/A;Sí;N/A;N/A;N/A;Sí;Sí;Sí;Sí;Sí;Sí;N/A;Sí;N/A;Sí
Nissan;Qashqai;"2.0 Exclusive 4x4";2019;"151650 km";;"FRANCISCO AUTOMOTORES";26900;;;;;Paysandú;https://auto.mercadolibre.com.uy/MLU-634682285-nissan-new-qashqai-exclusive-cvt-financiacion-100-_JM;N/A;;"Nissan New Qashqai Exclusive Cvt Financiación 100%";usd;Sí;silver;false;N/A;N/A;http://perfil.mercadolibre.com.uy/FRANCISCO+AUTOMOTORES;active;N/A;N/A;Usado;Gris;N/A;Hidráulica;4x4;Sí;N/A;N/A;N/A;N/A;N/A;N/A;N/A;N/A;N/A;N/A;N/A;N/A;N/A;N/A;N/A;N/A;N/A;N/A;N/A;N/A;N/A;N/A;N/A;N/A;"2705 mm";"2 L";"60 L";N/A;N/A;N/A;N/A;N/A;N/A;N/A;N/A;N/A;N/A;N/A;N/A;N/A;N/A;N/A;N/A;N/A;N/A;N/A;N/A;N/A;N/A;N/A;N/A;N/A;N/A;N/A;N/A;N/A;N/A;N/A;N/A;N/A;N/A;Sí;Sí;Sí;N/A;Sí;N/A;N/A;N/A;N/A;N/A;N/A;N/A;"1740 mm";"4690 mm";N/A;N/A;N/A;N/A;5;"150 hp";Exclusive;N/A;4;"1820 mm";N/A;N/A;N/A;N/A;N/A;N/A;N/A;Sí;N/A;Sí;N/A;N/A;N/A;N/A;N/A;N/A;N/A;N/A;5;2.0;Nafta;Automática;SUV;"Autos y camionetas";N/A;N/A;N/A;N/A;N/A;N/A;UY;N/A;N/A;N/A;N/A;N/A;N/A;N/A;N/A;N/A;N/A;N/A;N/A;N/A;N/A;N/A;N/A;N/A;N/A;N/A;N/A;N/A;N/A;N/A;N/A;N/A;N/A;N/A;N/A;N/A;N/A;N/A;N/A;N/A;N/A;N/A;N/A;N/A;N/A;N/A;N/A;N/A;N/A;N/A;N/A;N/A;N/A;N/A;N/A;N/A;N/A;N/A;N/A;N/A;N/A;N/A;N/A;N/A;N/A;N/A;N/A;N/A;N/A;N/A;N/A;N/A;N/A;N/A;N/A;N/A;N/A;N/A;N/A;N/A;N/A;N/A;N/A;N/A;N/A;N/A;N/A;N/A;N/A;N/A;N/A;N/A;N/A;N/A;N/A;N/A;Sí;N/A;Sí;N/A;N/A;N/A;N/A;Sí;N/A;Sí;N/A;N/A;N/A;N/A;N/A;Sí;Sí;N/A;Sí;N/A;Sí;N/A;N/A;Sí;N/A;Sí
Nissan;"D21 doble cabina";"aireD21 diesel aire";1998;"236000 km";;"JUANCA SHANGRILA";10800;;;;;Shangrilá;https://auto.mercadolibre.com.uy/MLU-635299803-nissan-d21-doble-cabina-d21-diesel-_JM;N/A;;"Nissan D21 Doble Cabina  D21 Diesel";USD;No;silver;false;N/A;N/A;http://perfil.mercadolibre.com.uy/JUANCA+SHANGRILA;active;N/A;N/A;Usado;N/A;N/A;N/A;N/A;N/A;N/A;N/A;N/A;N/A;N/A;N/A;N/A;N/A;N/A;N/A;N/A;N/A;N/A;N/A;N/A;N/A;N/A;N/A;N/A;N/A;N/A;N/A;N/A;N/A;N/A;N/A;N/A;N/A;N/A;N/A;N/A;N/A;N/A;N/A;N/A;N/A;N/A;N/A;N/A;N/A;N/A;N/A;N/A;N/A;N/A;N/A;N/A;N/A;N/A;N/A;N/A;N/A;N/A;N/A;N/A;N/A;N/A;N/A;N/A;N/A;N/A;N/A;N/A;N/A;N/A;N/A;N/A;N/A;N/A;N/A;N/A;N/A;N/A;N/A;N/A;N/A;N/A;N/A;N/A;N/A;N/A;N/A;N/A;N/A;N/A;N/A;N/A;N/A;N/A;N/A;N/A;N/A;N/A;N/A;N/A;N/A;N/A;N/A;N/A;N/A;N/A;N/A;N/A;4;N/A;Diésel;N/A;N/A;"Autos y camionetas";N/A;N/A;N/A;N/A;N/A;N/A;N/A;N/A;N/A;N/A;N/A;N/A;N/A;N/A;N/A;N/A;N/A;N/A;N/A;N/A;N/A;N/A;N/A;N/A;N/A;N/A;N/A;N/A;N/A;N/A;N/A;N/A;N/A;N/A;N/A;N/A;N/A;N/A;N/A;N/A;N/A;N/A;N/A;N/A;N/A;N/A;N/A;N/A;N/A;N/A;N/A;N/A;N/A;N/A;N/A;N/A;N/A;N/A;N/A;N/A;N/A;N/A;N/A;N/A;N/A;N/A;N/A;N/A;N/A;N/A;N/A;N/A;N/A;N/A;N/A;N/A;N/A;N/A;N/A;N/A;N/A;N/A;N/A;N/A;N/A;N/A;N/A;N/A;N/A;N/A;N/A;N/A;N/A;N/A;N/A;N/A;N/A;N/A;N/A;N/A;N/A;N/A;N/A;N/A;N/A;N/A;N/A;N/A;N/A;N/A;N/A;N/A;N/A;N/A;N/A;N/A;N/A;N/A;N/A;N/A;N/A;N/A
Nissan;Kicks;"1.6 Exclusive At";2018;"69000 km";;"DELTACAR S.A.";24500;;;;;Mercedes;https://auto.mercadolibre.com.uy/MLU-662172396-nissan-kicks-2018-16-exclusive-at-_JM;N/A;;"Nissan Kicks 2018 1.6 Exclusive At";usd;Sí;silver;false;N/A;N/A;http://perfil.mercadolibre.com.uy/DELTACAR+S.A.;active;N/A;N/A;Usado;Blanco;N/A;Hidráulica;Delantera;Sí;N/A;N/A;N/A;N/A;N/A;N/A;N/A;Sí;N/A;N/A;N/A;N/A;N/A;N/A;N/A;N/A;N/A;N/A;N/A;N/A;N/A;N/A;N/A;N/A;"2620 mm";"1.6 L";"50 L";N/A;N/A;N/A;N/A;N/A;N/A;N/A;N/A;N/A;N/A;N/A;N/A;N/A;N/A;N/A;N/A;N/A;N/A;N/A;N/A;N/A;N/A;N/A;N/A;N/A;N/A;N/A;N/A;N/A;N/A;N/A;N/A;N/A;N/A;Sí;Sí;N/A;N/A;Sí;N/A;N/A;N/A;N/A;N/A;N/A;N/A;"1590 mm";"4295 mm";N/A;N/A;N/A;N/A;5;"118 hp";Exclusive;N/A;4;"1760 mm";N/A;N/A;N/A;N/A;N/A;N/A;N/A;N/A;N/A;N/A;N/A;N/A;N/A;N/A;N/A;N/A;N/A;"todos los dias";5;1.6;Nafta;Automática;SUV;"Autos y camionetas";N/A;N/A;N/A;N/A;N/A;N/A;UY;N/A;N/A;N/A;N/A;N/A;N/A;N/A;N/A;N/A;N/A;N/A;N/A;N/A;N/A;N/A;N/A;N/A;N/A;N/A;N/A;N/A;N/A;N/A;N/A;N/A;N/A;N/A;N/A;N/A;N/A;N/A;N/A;N/A;N/A;N/A;N/A;N/A;N/A;N/A;N/A;N/A;N/A;N/A;N/A;N/A;N/A;N/A;N/A;N/A;N/A;N/A;N/A;N/A;N/A;N/A;N/A;N/A;N/A;N/A;N/A;N/A;N/A;N/A;N/A;N/A;N/A;N/A;N/A;N/A;N/A;N/A;N/A;N/A;N/A;N/A;N/A;N/A;N/A;N/A;N/A;N/A;N/A;N/A;N/A;N/A;N/A;N/A;N/A;N/A;Sí;N/A;Sí;N/A;N/A;N/A;N/A;N/A;N/A;Sí;N/A;N/A;N/A;N/A;N/A;Sí;Sí;N/A;Sí;N/A;N/A;N/A;N/A;Sí;N/A;Sí
Nissan;NP300;"D21 DIESEL";2003;"445500 km";;AMAYAMOTORS;15900;;;;;Centro;https://auto.mercadolibre.com.uy/MLU-660962596-nissan-d21-doble-cabina-diesel-amaya-_JM;N/A;;"Nissan D21 Doble Cabina Diesel Amaya";USD;No;silver;false;N/A;N/A;http://perfil.mercadolibre.com.uy/AMAYAMOTORS;active;N/A;N/A;Usado;Blanco;N/A;Hidráulica;Trasera;N/A;Sí;N/A;N/A;N/A;N/A;N/A;N/A;N/A;N/A;N/A;N/A;Sí;N/A;N/A;N/A;N/A;N/A;N/A;N/A;N/A;N/A;N/A;N/A;N/A;N/A;N/A;N/A;N/A;N/A;N/A;N/A;N/A;N/A;N/A;N/A;N/A;N/A;N/A;N/A;N/A;N/A;N/A;N/A;N/A;N/A;N/A;N/A;N/A;N/A;N/A;N/A;N/A;N/A;N/A;N/A;N/A;N/A;N/A;N/A;N/A;N/A;N/A;N/A;N/A;N/A;N/A;N/A;N/A;N/A;N/A;N/A;N/A;N/A;N/A;N/A;N/A;N/A;N/A;N/A;N/A;N/A;N/A;N/A;N/A;N/A;N/A;N/A;N/A;N/A;N/A;N/A;Sí;N/A;N/A;N/A;N/A;N/A;N/A;N/A;N/A;N/A;N/A;N/A;4;"2.7 DIESEL";Diésel;Manual;Pick-Up;"Autos y camionetas";N/A;N/A;N/A;N/A;N/A;N/A;N/A;N/A;Sí;N/A;N/A;N/A;N/A;N/A;N/A;N/A;N/A;N/A;N/A;N/A;N/A;N/A;N/A;N/A;N/A;N/A;N/A;N/A;N/A;N/A;N/A;N/A;N/A;N/A;N/A;N/A;N/A;N/A;N/A;N/A;N/A;N/A;N/A;N/A;N/A;N/A;N/A;N/A;N/A;N/A;N/A;N/A;N/A;N/A;N/A;N/A;N/A;N/A;N/A;N/A;N/A;Sí;Sí;N/A;N/A;N/A;N/A;N/A;N/A;N/A;N/A;N/A;N/A;N/A;N/A;N/A;N/A;N/A;N/A;N/A;N/A;N/A;N/A;N/A;N/A;N/A;N/A;N/A;N/A;N/A;N/A;N/A;N/A;N/A;N/A;N/A;N/A;Sí;Sí;N/A;N/A;N/A;N/A;N/A;N/A;N/A;N/A;N/A;N/A;N/A;N/A;N/A;N/A;N/A;Sí;N/A;N/A;N/A;N/A;N/A;N/A;Sí
Nissan;Versa;"1.6 Advance At";2023;"0 km";;"DELTACAR S.A.";28490;;;;;Mercedes;https://auto.mercadolibre.com.uy/MLU-634384579-nissan-new-versa-adavnce-cvt-_JM;N/A;;"Nissan  New Versa Adavnce Cvt";usd;Sí;silver;false;N/A;N/A;http://perfil.mercadolibre.com.uy/DELTACAR+S.A.;active;N/A;N/A;Nuevo;Gris;N/A;Hidráulica;Delantera;Sí;Sí;N/A;N/A;N/A;Sí;N/A;N/A;N/A;N/A;N/A;Sí;Sí;N/A;Sí;N/A;N/A;N/A;N/A;N/A;N/A;N/A;N/A;N/A;N/A;"2600 mm";"1.6 L";"41 L";4;N/A;N/A;N/A;N/A;N/A;N/A;N/A;N/A;N/A;N/A;N/A;N/A;N/A;N/A;N/A;N/A;N/A;N/A;N/A;N/A;N/A;N/A;N/A;N/A;N/A;N/A;N/A;N/A;N/A;N/A;N/A;N/A;N/A;N/A;N/A;N/A;N/A;N/A;N/A;N/A;N/A;N/A;N/A;N/A;N/A;"1506 mm";"4492 mm";N/A;N/A;N/A;N/A;5;"106 hp";Advance;N/A;4;"1695 mm";N/A;N/A;N/A;N/A;N/A;N/A;Sí;Sí;N/A;N/A;N/A;N/A;N/A;N/A;N/A;N/A;N/A;"todos los dias";4;1.6;Nafta;Automática;Sedán;"Autos y camionetas";N/A;N/A;N/A;N/A;Sí;N/A;UY;N/A;Sí;N/A;N/A;N/A;N/A;N/A;N/A;N/A;N/A;N/A;N/A;N/A;N/A;N/A;N/A;N/A;Sí;N/A;N/A;N/A;N/A;N/A;N/A;N/A;N/A;N/A;N/A;N/A;N/A;N/A;N/A;N/A;N/A;N/A;N/A;Sí;N/A;N/A;N/A;N/A;N/A;N/A;N/A;N/A;N/A;N/A;N/A;N/A;N/A;N/A;N/A;N/A;N/A;Sí;Sí;N/A;N/A;N/A;N/A;N/A;N/A;N/A;N/A;N/A;N/A;N/A;N/A;N/A;N/A;N/A;N/A;N/A;N/A;N/A;N/A;N/A;N/A;N/A;N/A;N/A;N/A;N/A;N/A;N/A;N/A;N/A;N/A;N/A;Sí;N/A;Sí;N/A;Sí;N/A;N/A;N/A;N/A;Sí;N/A;Sí;Sí;N/A;N/A;Sí;Sí;Sí;Sí;Sí;Sí;N/A;N/A;Sí;N/A;Sí
Nissan;Kicks;"1.6 Exclusive At";2020;"79000 km";;"MASANTI AUTOMOVILES";23500;;;;;"Barros Blancos";https://auto.mercadolibre.com.uy/MLU-662189202-masanti-nissan-kicks-exclusive-at-_JM;N/A;;"Masanti Nissan Kicks Exclusive At ";usd;Sí;silver;false;N/A;N/A;http://perfil.mercadolibre.com.uy/MASANTI+AUTOMOVILES;active;N/A;N/A;Usado;Gris;N/A;Hidráulica;Delantera;Sí;N/A;N/A;N/A;N/A;N/A;N/A;N/A;Sí;N/A;N/A;N/A;N/A;N/A;N/A;N/A;N/A;N/A;N/A;N/A;N/A;N/A;N/A;N/A;N/A;"2620 mm";"1.6 L";"50 L";N/A;N/A;N/A;N/A;N/A;N/A;N/A;N/A;N/A;N/A;N/A;N/A;N/A;N/A;N/A;N/A;N/A;N/A;N/A;N/A;N/A;N/A;N/A;N/A;N/A;N/A;N/A;N/A;N/A;N/A;N/A;N/A;N/A;N/A;Sí;Sí;N/A;N/A;Sí;N/A;N/A;N/A;N/A;N/A;N/A;N/A;"1590 mm";"4295 mm";N/A;N/A;N/A;N/A;5;"118 hp";Exclusive;N/A;4;"1760 mm";N/A;N/A;N/A;N/A;N/A;N/A;N/A;N/A;N/A;N/A;N/A;N/A;N/A;N/A;N/A;N/A;N/A;"9 A 21";5;1.6;Nafta;Automática;SUV;"Autos y camionetas";N/A;N/A;N/A;N/A;N/A;N/A;UY;N/A;N/A;N/A;N/A;N/A;N/A;N/A;N/A;N/A;N/A;N/A;N/A;N/A;N/A;N/A;N/A;N/A;N/A;N/A;N/A;N/A;N/A;N/A;N/A;N/A;N/A;N/A;N/A;N/A;N/A;N/A;N/A;N/A;N/A;N/A;N/A;N/A;N/A;N/A;N/A;N/A;N/A;N/A;N/A;N/A;N/A;N/A;N/A;N/A;N/A;N/A;N/A;N/A;N/A;N/A;N/A;N/A;N/A;N/A;N/A;N/A;N/A;N/A;N/A;N/A;N/A;N/A;N/A;N/A;N/A;N/A;N/A;N/A;N/A;N/A;N/A;N/A;N/A;N/A;N/A;N/A;N/A;N/A;N/A;N/A;N/A;N/A;N/A;N/A;Sí;N/A;Sí;N/A;N/A;N/A;N/A;N/A;N/A;Sí;N/A;N/A;N/A;N/A;N/A;Sí;Sí;N/A;Sí;N/A;N/A;N/A;N/A;Sí;N/A;Sí
Nissan;March;"Extra Full Manual";2014;"135800 km";;NACHOMOVILES;10900;;;;;Centro;https://auto.mercadolibre.com.uy/MLU-659575592-nissan-march-extra-full-manual-16-2014-_JM;N/A;;"Nissan March Extra Full Manual 1.6 2014";USD;Sí;silver;false;N/A;N/A;http://perfil.mercadolibre.com.uy/NACHOMOVILES;active;N/A;N/A;Usado;Plateado;Sí;Asistida;N/A;Sí;Sí;Sí;N/A;N/A;N/A;Sí;Sí;N/A;N/A;Sí;N/A;Sí;N/A;N/A;N/A;N/A;N/A;N/A;N/A;N/A;N/A;N/A;N/A;N/A;N/A;"1600 cc";N/A;5;N/A;N/A;N/A;N/A;N/A;N/A;N/A;N/A;N/A;N/A;N/A;N/A;N/A;N/A;N/A;N/A;N/A;N/A;N/A;N/A;N/A;N/A;N/A;Sí;N/A;N/A;N/A;N/A;N/A;N/A;N/A;N/A;N/A;N/A;N/A;N/A;Sí;N/A;N/A;N/A;N/A;N/A;Sí;N/A;N/A;N/A;N/A;N/A;N/A;N/A;N/A;N/A;"106 hp";N/A;N/A;N/A;N/A;N/A;N/A;N/A;N/A;Sí;N/A;Sí;Sí;Sí;N/A;N/A;N/A;N/A;N/A;N/A;N/A;Sí;"Lun. a Vie. 9 a 13 y 14:30 a 18:30 hs.";5;1.6;Nafta;Manual;Hatchback;"Autos y camionetas";No;N/A;N/A;N/A;No;N/A;N/A;No;Sí;No;No;N/A;N/A;N/A;N/A;N/A;N/A;N/A;N/A;N/A;N/A;N/A;N/A;N/A;N/A;N/A;N/A;N/A;N/A;N/A;N/A;N/A;N/A;N/A;N/A;N/A;N/A;N/A;N/A;N/A;N/A;N/A;N/A;N/A;N/A;N/A;N/A;N/A;N/A;N/A;N/A;N/A;N/A;N/A;N/A;N/A;N/A;N/A;N/A;N/A;N/A;N/A;No;N/A;N/A;N/A;N/A;N/A;N/A;N/A;N/A;N/A;N/A;N/A;N/A;N/A;N/A;N/A;N/A;N/A;N/A;N/A;N/A;N/A;N/A;N/A;N/A;N/A;N/A;N/A;N/A;N/A;N/A;N/A;N/A;N/A;Sí;Sí;Sí;N/A;Sí;N/A;N/A;N/A;Sí;Sí;N/A;N/A;N/A;N/A;N/A;N/A;N/A;N/A;Sí;Sí;Sí;Sí;N/A;N/A;N/A;Sí
Nissan;Sentra;"1.8 Exclusive At";2023;"0 km";;RECRULSA;37990;;;;;Melo;https://auto.mercadolibre.com.uy/MLU-636825536-nissan-sentra-2023-18-exclusive-at-_JM;N/A;;"Nissan Sentra 2023 1.8 Exclusive At";usd;Sí;silver;false;N/A;N/A;http://perfil.mercadolibre.com.uy/RECRULSA;active;N/A;N/A;Nuevo;N/A;N/A;Hidráulica;Delantera;Sí;N/A;N/A;N/A;N/A;N/A;N/A;N/A;Sí;N/A;N/A;N/A;Sí;N/A;N/A;N/A;N/A;N/A;N/A;N/A;N/A;N/A;N/A;N/A;N/A;"2700 mm";"1798 cc";"52 L";N/A;N/A;N/A;N/A;N/A;N/A;N/A;N/A;N/A;N/A;N/A;N/A;N/A;N/A;N/A;N/A;N/A;N/A;N/A;N/A;N/A;N/A;N/A;N/A;N/A;N/A;Sí;N/A;N/A;N/A;N/A;N/A;N/A;N/A;N/A;N/A;N/A;N/A;N/A;N/A;N/A;N/A;N/A;N/A;N/A;N/A;"1509 mm";"4636 mm";N/A;N/A;N/A;N/A;5;"129 hp";Exclusive;N/A;4;"1761 mm";N/A;N/A;N/A;N/A;N/A;N/A;N/A;Sí;N/A;Sí;N/A;N/A;N/A;N/A;N/A;N/A;N/A;N/A;4;1.8;Nafta;Automática;Sedán;"Autos y camionetas";N/A;N/A;N/A;N/A;N/A;N/A;UY;N/A;N/A;N/A;N/A;N/A;N/A;N/A;N/A;N/A;N/A;N/A;N/A;N/A;N/A;N/A;N/A;N/A;N/A;N/A;N/A;N/A;N/A;N/A;N/A;N/A;N/A;N/A;N/A;N/A;N/A;N/A;N/A;N/A;N/A;N/A;N/A;N/A;N/A;N/A;N/A;N/A;N/A;N/A;N/A;N/A;N/A;N/A;N/A;N/A;N/A;N/A;N/A;N/A;N/A;N/A;N/A;N/A;N/A;N/A;N/A;N/A;N/A;N/A;N/A;N/A;N/A;N/A;N/A;N/A;N/A;N/A;N/A;N/A;N/A;N/A;N/A;N/A;N/A;N/A;N/A;N/A;N/A;N/A;N/A;N/A;N/A;N/A;N/A;N/A;Sí;N/A;Sí;N/A;N/A;N/A;N/A;Sí;N/A;Sí;N/A;N/A;N/A;N/A;Sí;N/A;Sí;N/A;Sí;N/A;N/A;N/A;N/A;Sí;N/A;Sí
Nissan;Versa;"1.6 Exclusive At";2021;"38000 km";;SEBASTIANTI;24200;;;;;"Brazo Oriental";https://auto.mercadolibre.com.uy/MLU-635393359-nissan-versa-2021-16-exclusive-at-_JM;N/A;;"Nissan Versa 2021 1.6 Exclusive At";usd;Sí;silver;false;N/A;N/A;http://perfil.mercadolibre.com.uy/SEBASTIANTI;active;N/A;N/A;Usado;N/A;N/A;Hidráulica;Delantera;Sí;N/A;N/A;N/A;Sí;N/A;N/A;N/A;Sí;N/A;N/A;N/A;N/A;N/A;N/A;N/A;N/A;N/A;N/A;N/A;N/A;N/A;N/A;N/A;N/A;"2600 mm";"1.6 L";"41 L";4;N/A;N/A;N/A;N/A;N/A;N/A;N/A;N/A;N/A;N/A;N/A;N/A;N/A;N/A;N/A;N/A;N/A;N/A;N/A;N/A;N/A;N/A;N/A;N/A;N/A;N/A;N/A;N/A;N/A;N/A;N/A;N/A;N/A;Sí;Sí;N/A;N/A;N/A;N/A;N/A;N/A;N/A;N/A;N/A;N/A;"1506 mm";"4465 mm";N/A;N/A;N/A;N/A;5;"106 hp";Exclusive;N/A;4;"1695 mm";N/A;N/A;N/A;N/A;N/A;N/A;N/A;Sí;N/A;N/A;N/A;N/A;N/A;N/A;N/A;N/A;N/A;N/A;4;1.6;Nafta;Automática;Sedán;"Autos y camionetas";N/A;N/A;N/A;N/A;N/A;N/A;UY;N/A;N/A;N/A;N/A;N/A;N/A;N/A;N/A;N/A;N/A;N/A;N/A;N/A;N/A;N/A;N/A;N/A;N/A;N/A;N/A;N/A;N/A;N/A;N/A;N/A;N/A;N/A;N/A;N/A;N/A;N/A;N/A;N/A;N/A;N/A;N/A;N/A;N/A;N/A;N/A;N/A;N/A;N/A;N/A;N/A;N/A;N/A;N/A;N/A;N/A;N/A;N/A;N/A;N/A;N/A;N/A;N/A;N/A;N/A;N/A;N/A;N/A;N/A;N/A;N/A;N/A;N/A;N/A;N/A;N/A;N/A;N/A;N/A;N/A;N/A;N/A;N/A;N/A;N/A;N/A;N/A;N/A;N/A;N/A;N/A;N/A;N/A;N/A;N/A;Sí;N/A;Sí;N/A;N/A;N/A;N/A;Sí;N/A;Sí;N/A;N/A;N/A;N/A;N/A;N/A;Sí;N/A;Sí;N/A;N/A;N/A;N/A;Sí;N/A;N/A
Nissan;Tiida;"1.8 Premium Mt";2011;"176000 km";;"MAX VOLONTE";9200;;;;;Cerrito;https://auto.mercadolibre.com.uy/MLU-666123220-nissan-tiida-2011-18-premium-mt-_JM;N/A;;"Nissan Tiida 2011 1.8 Premium Mt";usd;Sí;silver;false;N/A;N/A;http://perfil.mercadolibre.com.uy/MAX+VOLONTE;active;N/A;N/A;Usado;Rojo;N/A;Hidráulica;Delantera;Sí;Sí;N/A;N/A;N/A;N/A;N/A;N/A;N/A;N/A;N/A;N/A;Sí;N/A;N/A;N/A;N/A;N/A;N/A;N/A;N/A;N/A;N/A;N/A;N/A;"2600 mm";"1.8 L";"52 L";N/A;N/A;N/A;N/A;N/A;N/A;N/A;N/A;N/A;N/A;N/A;N/A;N/A;N/A;N/A;N/A;N/A;N/A;N/A;N/A;N/A;N/A;N/A;N/A;N/A;N/A;N/A;N/A;N/A;N/A;N/A;N/A;N/A;N/A;N/A;N/A;N/A;N/A;N/A;N/A;N/A;N/A;N/A;N/A;N/A;N/A;"1548 mm";"4297 mm";N/A;N/A;N/A;N/A;N/A;N/A;Premium;N/A;N/A;"1695 mm";N/A;N/A;N/A;N/A;Sí;N/A;Sí;N/A;N/A;N/A;N/A;N/A;N/A;N/A;N/A;N/A;Sí;N/A;5;1.8;Nafta;Manual;Hatchback;"Autos y camionetas";N/A;N/A;N/A;N/A;N/A;N/A;UY;N/A;Sí;N/A;N/A;N/A;N/A;N/A;N/A;N/A;N/A;N/A;N/A;N/A;N/A;N/A;N/A;N/A;N/A;N/A;N/A;N/A;N/A;N/A;N/A;N/A;N/A;N/A;N/A;N/A;N/A;N/A;N/A;N/A;N/A;N/A;N/A;N/A;N/A;N/A;N/A;N/A;N/A;N/A;N/A;N/A;N/A;N/A;N/A;N/A;N/A;N/A;N/A;N/A;N/A;N/A;Sí;N/A;N/A;N/A;N/A;N/A;N/A;N/A;N/A;N/A;N/A;N/A;N/A;N/A;N/A;N/A;N/A;N/A;N/A;N/A;N/A;N/A;N/A;N/A;N/A;N/A;N/A;N/A;N/A;N/A;N/A;N/A;N/A;N/A;Sí;Sí;Sí;N/A;Sí;N/A;N/A;N/A;N/A;Sí;N/A;N/A;Sí;N/A;N/A;N/A;Sí;N/A;Sí;N/A;Sí;N/A;N/A;N/A;N/A;N/A
Nissan;Note;"1.6 Note Advance Mt";2014;"106000 km";;CAJA2353544;11800;;;;;Minas;https://auto.mercadolibre.com.uy/MLU-635153775-nissan-note-2014-16-note-advance-mt-_JM;N/A;;"Nissan Note 2014 1.6 Note Advance Mt";usd;Sí;silver;false;N/A;N/A;http://perfil.mercadolibre.com.uy/CAJA2353544;active;N/A;N/A;Usado;N/A;N/A;Hidráulica;Delantera;Sí;N/A;N/A;N/A;N/A;N/A;N/A;N/A;N/A;N/A;N/A;N/A;N/A;N/A;N/A;N/A;N/A;N/A;N/A;N/A;N/A;N/A;N/A;N/A;N/A;"2600 mm";"1.6 L";"41 L";N/A;N/A;N/A;N/A;N/A;N/A;N/A;N/A;N/A;N/A;N/A;N/A;N/A;N/A;N/A;N/A;N/A;N/A;N/A;N/A;N/A;N/A;N/A;N/A;N/A;N/A;N/A;N/A;N/A;N/A;N/A;N/A;N/A;N/A;N/A;N/A;N/A;N/A;N/A;N/A;N/A;N/A;N/A;N/A;N/A;N/A;"1537 mm";"4142 mm";N/A;N/A;N/A;N/A;5;"109 hp";Advance;N/A;N/A;N/A;N/A;N/A;N/A;N/A;N/A;N/A;N/A;N/A;N/A;N/A;N/A;N/A;N/A;N/A;N/A;N/A;N/A;N/A;5;1.6;Nafta;Manual;Hatchback;"Autos y camionetas";N/A;N/A;N/A;N/A;N/A;N/A;UY;N/A;N/A;N/A;N/A;N/A;N/A;N/A;N/A;N/A;N/A;N/A;N/A;N/A;N/A;N/A;N/A;N/A;N/A;N/A;N/A;N/A;N/A;N/A;N/A;N/A;N/A;N/A;N/A;N/A;N/A;N/A;N/A;N/A;N/A;N/A;N/A;N/A;N/A;N/A;N/A;N/A;N/A;N/A;N/A;N/A;N/A;N/A;N/A;N/A;N/A;N/A;N/A;N/A;N/A;N/A;N/A;N/A;N/A;N/A;N/A;N/A;N/A;N/A;N/A;N/A;N/A;N/A;N/A;N/A;N/A;N/A;N/A;N/A;N/A;N/A;N/A;N/A;N/A;N/A;N/A;N/A;N/A;N/A;N/A;N/A;N/A;N/A;N/A;N/A;Sí;N/A;N/A;N/A;N/A;N/A;N/A;N/A;N/A;N/A;N/A;N/A;N/A;N/A;N/A;N/A;N/A;N/A;Sí;N/A;N/A;N/A;N/A;N/A;N/A;N/A
Nissan;Note;"ADVANCE AUT";2015;"130000 km";;AEROCAR2020;13490;;;;;"Barra de Carrasco";https://auto.mercadolibre.com.uy/MLU-665056038-nissan-note-advance-aut-16-2015-impecable-aerocar-_JM;N/A;;"Nissan Note Advance Aut 1.6 2015 Impecable! Aerocar";usd;Sí;silver;false;N/A;N/A;http://perfil.mercadolibre.com.uy/AEROCAR2020;active;N/A;N/A;Usado;Rojo;Sí;Hidráulica;N/A;Sí;Sí;Sí;N/A;N/A;N/A;Sí;Sí;N/A;Sí;Sí;Sí;Sí;N/A;Sí;N/A;N/A;N/A;N/A;N/A;N/A;N/A;N/A;N/A;N/A;N/A;"1600 cc";N/A;5;N/A;N/A;N/A;N/A;N/A;Sí;Sí;N/A;N/A;N/A;N/A;N/A;N/A;N/A;N/A;N/A;N/A;N/A;N/A;N/A;N/A;N/A;N/A;Sí;N/A;Sí;N/A;N/A;N/A;N/A;N/A;N/A;N/A;N/A;N/A;N/A;Sí;N/A;N/A;N/A;N/A;N/A;Sí;N/A;N/A;N/A;N/A;N/A;N/A;N/A;N/A;N/A;N/A;Advance;N/A;N/A;N/A;"13 km/l";N/A;N/A;N/A;Sí;N/A;Sí;Sí;N/A;N/A;N/A;"15 km/l";N/A;N/A;N/A;N/A;Sí;"Lun. a Vie. de 9 a 19 hs. Sáb. de 10 a 14 hs.";5;1.6;Nafta;Automática;Hatchback;"Autos y camionetas";No;N/A;N/A;N/A;No;N/A;UY;No;Sí;No;No;N/A;N/A;N/A;N/A;N/A;N/A;N/A;N/A;N/A;N/A;N/A;N/A;N/A;N/A;N/A;N/A;N/A;N/A;N/A;N/A;N/A;N/A;N/A;N/A;N/A;N/A;N/A;N/A;N/A;N/A;N/A;N/A;N/A;N/A;N/A;N/A;N/A;N/A;N/A;N/A;N/A;N/A;N/A;N/A;N/A;N/A;N/A;N/A;N/A;N/A;N/A;No;N/A;N/A;N/A;N/A;N/A;N/A;N/A;N/A;N/A;N/A;N/A;N/A;N/A;N/A;N/A;N/A;N/A;N/A;N/A;N/A;N/A;N/A;N/A;N/A;N/A;N/A;N/A;N/A;N/A;N/A;N/A;N/A;N/A;Sí;Sí;Sí;N/A;Sí;Sí;Sí;N/A;Sí;Sí;N/A;Sí;N/A;N/A;N/A;N/A;Sí;N/A;Sí;Sí;Sí;Sí;N/A;Sí;Sí;Sí
Nissan;Qashqai;"2.0 Exclusive 4x4";2018;"78000 km";;ISSOGARAGE;27900;;;;;Carrasco;https://auto.mercadolibre.com.uy/MLU-634666963-nissan-qashqai-2018-20-exclusive-4x4-_JM;N/A;;"Nissan Qashqai 2018 2.0 Exclusive 4x4";usd;Sí;silver;false;N/A;N/A;http://perfil.mercadolibre.com.uy/ISSOGARAGE;active;N/A;N/A;Usado;Negro;Sí;Hidráulica;4x4;Sí;Sí;N/A;N/A;N/A;N/A;N/A;N/A;Sí;N/A;N/A;Sí;Sí;N/A;Sí;N/A;N/A;N/A;N/A;N/A;N/A;N/A;N/A;N/A;N/A;"2705 mm";"2 L";"60 L";N/A;N/A;N/A;N/A;N/A;N/A;Sí;N/A;N/A;N/A;N/A;N/A;N/A;N/A;N/A;N/A;N/A;N/A;N/A;N/A;N/A;N/A;N/A;N/A;N/A;N/A;N/A;N/A;N/A;N/A;Sí;N/A;N/A;N/A;Sí;Sí;Sí;N/A;Sí;N/A;N/A;N/A;N/A;N/A;N/A;N/A;"1740 mm";"4690 mm";N/A;N/A;N/A;N/A;5;"150 hp";Exclusive;N/A;4;"1820 mm";N/A;No;N/A;Sí;Sí;N/A;Sí;Sí;N/A;Sí;N/A;N/A;N/A;Sí;N/A;N/A;Sí;N/A;5;2.0;Nafta;Automática;SUV;"Autos y camionetas";No;N/A;N/A;N/A;No;N/A;UY;N/A;Sí;N/A;No;N/A;N/A;N/A;N/A;N/A;N/A;N/A;N/A;N/A;N/A;N/A;N/A;N/A;No;N/A;N/A;N/A;N/A;N/A;N/A;N/A;N/A;N/A;N/A;N/A;N/A;N/A;N/A;N/A;N/A;N/A;N/A;No;N/A;N/A;N/A;N/A;N/A;N/A;N/A;N/A;N/A;N/A;N/A;N/A;N/A;N/A;N/A;N/A;N/A;No;No;N/A;N/A;N/A;N/A;N/A;N/A;N/A;N/A;N/A;N/A;N/A;N/A;N/A;N/A;N/A;N/A;N/A;N/A;N/A;N/A;N/A;N/A;N/A;N/A;N/A;N/A;N/A;N/A;N/A;N/A;N/A;N/A;No;Sí;Sí;Sí;N/A;Sí;N/A;N/A;Sí;N/A;Sí;Sí;Sí;Sí;N/A;N/A;Sí;Sí;Sí;Sí;Sí;Sí;Sí;Sí;Sí;N/A;Sí
Nissan;Sentra;"1.8 Sr Navi At";2015;"131000 km";;JAVUY;14500;;;;;"Localidad Inválida";https://auto.mercadolibre.com.uy/MLU-666272448-nissan-sentra-b17-_JM;N/A;;"Nissan Sentra B17";usd;Sí;silver;false;N/A;N/A;http://perfil.mercadolibre.com.uy/JAVUY;active;N/A;N/A;Usado;Rojo;N/A;Hidráulica;Delantera;Sí;Sí;N/A;N/A;Sí;N/A;N/A;N/A;N/A;N/A;N/A;N/A;Sí;N/A;Sí;N/A;N/A;N/A;N/A;N/A;N/A;N/A;N/A;N/A;N/A;N/A;"1.8 L";N/A;N/A;N/A;N/A;N/A;N/A;N/A;Sí;N/A;N/A;N/A;N/A;N/A;N/A;N/A;N/A;N/A;N/A;N/A;N/A;N/A;N/A;N/A;N/A;N/A;N/A;N/A;N/A;N/A;N/A;N/A;N/A;N/A;N/A;N/A;N/A;N/A;N/A;N/A;N/A;N/A;N/A;N/A;N/A;N/A;N/A;N/A;N/A;N/A;N/A;N/A;N/A;N/A;N/A;"129 hp";Sr;N/A;N/A;N/A;N/A;Sí;N/A;N/A;Sí;N/A;Sí;Sí;N/A;Sí;N/A;N/A;N/A;N/A;N/A;N/A;N/A;N/A;4;1.8;Nafta;Automática;Coupé;"Autos y camionetas";N/A;N/A;N/A;N/A;N/A;N/A;UY;N/A;N/A;N/A;N/A;N/A;N/A;N/A;N/A;N/A;N/A;N/A;N/A;N/A;N/A;N/A;N/A;N/A;Sí;N/A;N/A;N/A;N/A;N/A;N/A;N/A;N/A;N/A;N/A;N/A;N/A;N/A;N/A;N/A;N/A;N/A;N/A;N/A;N/A;N/A;N/A;N/A;N/A;N/A;N/A;N/A;N/A;N/A;N/A;N/A;N/A;N/A;N/A;N/A;N/A;N/A;N/A;N/A;N/A;N/A;N/A;N/A;N/A;N/A;N/A;N/A;N/A;N/A;N/A;N/A;N/A;N/A;N/A;N/A;N/A;N/A;N/A;N/A;N/A;N/A;N/A;N/A;N/A;N/A;N/A;N/A;N/A;N/A;N/A;N/A;Sí;Sí;Sí;N/A;Sí;N/A;N/A;N/A;N/A;Sí;N/A;N/A;Sí;N/A;N/A;N/A;Sí;Sí;Sí;Sí;N/A;Sí;N/A;Sí;N/A;Sí
Nissan;Versa;"1.6 Advance 5vel Mt";2012;"143000 km";;"RP AUTOMOVILES";11900;;;;;Bolivar;https://auto.mercadolibre.com.uy/MLU-661743658-nissan-versa-2012-16-advance-5vel-mt-_JM;N/A;;"Nissan Versa 2012 1.6 Advance 5vel Mt";usd;Sí;silver;false;N/A;N/A;http://perfil.mercadolibre.com.uy/RP+AUTOMOVILES;active;N/A;N/A;Usado;N/A;N/A;Hidráulica;Delantera;Sí;N/A;N/A;N/A;N/A;N/A;N/A;N/A;N/A;N/A;N/A;N/A;N/A;N/A;N/A;N/A;N/A;N/A;N/A;N/A;N/A;N/A;N/A;N/A;N/A;N/A;"1.6 L";N/A;N/A;N/A;N/A;N/A;N/A;N/A;N/A;N/A;N/A;N/A;N/A;N/A;N/A;N/A;N/A;N/A;N/A;N/A;N/A;N/A;N/A;N/A;N/A;N/A;N/A;N/A;N/A;N/A;N/A;N/A;N/A;N/A;N/A;N/A;N/A;N/A;N/A;N/A;N/A;N/A;N/A;N/A;N/A;N/A;N/A;N/A;N/A;N/A;N/A;N/A;N/A;N/A;N/A;N/A;Advance;N/A;N/A;N/A;N/A;N/A;N/A;N/A;N/A;N/A;N/A;N/A;N/A;N/A;N/A;N/A;N/A;N/A;N/A;N/A;N/A;N/A;4;1.6;Nafta;Manual;Hatchback;"Autos y camionetas";N/A;N/A;N/A;N/A;N/A;N/A;UY;N/A;N/A;N/A;N/A;N/A;N/A;N/A;N/A;N/A;N/A;N/A;N/A;N/A;N/A;N/A;N/A;N/A;N/A;N/A;N/A;N/A;N/A;N/A;N/A;N/A;N/A;N/A;N/A;N/A;N/A;N/A;N/A;N/A;N/A;N/A;N/A;N/A;N/A;N/A;N/A;N/A;N/A;N/A;N/A;N/A;N/A;N/A;N/A;N/A;N/A;N/A;N/A;N/A;N/A;N/A;N/A;N/A;N/A;N/A;N/A;N/A;N/A;N/A;N/A;N/A;N/A;N/A;N/A;N/A;N/A;N/A;N/A;N/A;N/A;N/A;N/A;N/A;N/A;N/A;N/A;N/A;N/A;N/A;N/A;N/A;N/A;N/A;N/A;N/A;Sí;N/A;N/A;N/A;N/A;N/A;N/A;N/A;N/A;N/A;N/A;N/A;N/A;N/A;N/A;N/A;N/A;N/A;Sí;N/A;N/A;N/A;N/A;N/A;N/A;N/A
Nissan;Primera;"2.0 Full";1998;"224000 km";;"RODA AUTOMOVILES";7500;;;;;Melo;https://auto.mercadolibre.com.uy/MLU-634166627-nissan-primera-20-full-_JM;N/A;;"Nissan Primera 2.0 Full";USD;No;silver;false;N/A;N/A;http://perfil.mercadolibre.com.uy/RODA+AUTOMOVILES;active;N/A;N/A;Usado;Gris;N/A;Hidráulica;N/A;N/A;N/A;N/A;N/A;N/A;N/A;N/A;N/A;N/A;N/A;N/A;N/A;N/A;N/A;N/A;N/A;N/A;N/A;N/A;N/A;N/A;N/A;N/A;N/A;N/A;N/A;N/A;N/A;N/A;N/A;N/A;N/A;N/A;N/A;N/A;N/A;N/A;N/A;N/A;N/A;N/A;N/A;N/A;N/A;N/A;N/A;N/A;N/A;N/A;N/A;N/A;N/A;N/A;N/A;N/A;N/A;N/A;N/A;N/A;N/A;N/A;N/A;N/A;N/A;N/A;N/A;N/A;N/A;N/A;N/A;N/A;N/A;N/A;N/A;N/A;N/A;N/A;N/A;N/A;N/A;N/A;N/A;N/A;N/A;N/A;N/A;N/A;N/A;N/A;N/A;N/A;N/A;N/A;N/A;N/A;N/A;N/A;N/A;N/A;N/A;N/A;N/A;N/A;N/A;4;2.0;Nafta;Manual;Sedán;"Autos y camionetas";N/A;N/A;N/A;N/A;N/A;N/A;N/A;N/A;N/A;N/A;N/A;N/A;N/A;N/A;N/A;N/A;N/A;N/A;N/A;N/A;N/A;N/A;N/A;N/A;N/A;N/A;N/A;N/A;N/A;N/A;N/A;N/A;N/A;N/A;N/A;N/A;N/A;N/A;N/A;N/A;N/A;N/A;N/A;N/A;N/A;N/A;N/A;N/A;N/A;N/A;N/A;N/A;N/A;N/A;N/A;N/A;N/A;N/A;N/A;N/A;N/A;N/A;N/A;N/A;N/A;N/A;N/A;N/A;N/A;N/A;N/A;N/A;N/A;N/A;N/A;N/A;N/A;N/A;N/A;N/A;N/A;N/A;N/A;N/A;N/A;N/A;N/A;N/A;N/A;N/A;N/A;N/A;N/A;N/A;N/A;N/A;N/A;N/A;N/A;N/A;N/A;N/A;N/A;N/A;N/A;N/A;N/A;N/A;N/A;N/A;N/A;N/A;N/A;N/A;N/A;N/A;N/A;N/A;N/A;N/A;N/A;N/A
Nissan;Frontier;"D22 4×4 DCD STD";2001;"711000 km";;CAAN1974352;13500;;;;;"San Ramón";https://auto.mercadolibre.com.uy/MLU-664168714-nissan-frontier-d22-44-dcd-std-_JM;N/A;;"Nissan Frontier D22 4×4 Dcd Std";USD;No;silver;false;N/A;N/A;http://perfil.mercadolibre.com.uy/CAAN1974352;active;N/A;N/A;Usado;N/A;N/A;N/A;N/A;N/A;N/A;N/A;N/A;N/A;N/A;N/A;N/A;N/A;N/A;N/A;N/A;N/A;N/A;N/A;N/A;N/A;N/A;N/A;N/A;N/A;N/A;N/A;N/A;N/A;N/A;N/A;N/A;N/A;N/A;N/A;N/A;N/A;N/A;N/A;N/A;N/A;N/A;N/A;N/A;N/A;N/A;N/A;N/A;N/A;N/A;N/A;N/A;N/A;N/A;N/A;N/A;N/A;N/A;N/A;N/A;N/A;N/A;N/A;N/A;N/A;N/A;N/A;N/A;N/A;N/A;N/A;N/A;N/A;N/A;N/A;N/A;N/A;N/A;N/A;N/A;N/A;N/A;N/A;N/A;N/A;N/A;N/A;N/A;N/A;N/A;N/A;N/A;N/A;N/A;N/A;N/A;N/A;N/A;N/A;N/A;N/A;N/A;N/A;N/A;N/A;N/A;N/A;N/A;4;N/A;Diésel;N/A;N/A;"Autos y camionetas";N/A;N/A;N/A;N/A;N/A;N/A;N/A;N/A;N/A;N/A;N/A;N/A;N/A;N/A;N/A;N/A;N/A;N/A;N/A;N/A;N/A;N/A;N/A;N/A;N/A;N/A;N/A;N/A;N/A;N/A;N/A;N/A;N/A;N/A;N/A;N/A;N/A;N/A;N/A;N/A;N/A;N/A;N/A;N/A;N/A;N/A;N/A;N/A;N/A;N/A;N/A;N/A;N/A;N/A;N/A;N/A;N/A;N/A;N/A;N/A;N/A;N/A;N/A;N/A;N/A;N/A;N/A;N/A;N/A;N/A;N/A;N/A;N/A;N/A;N/A;N/A;N/A;N/A;N/A;N/A;N/A;N/A;N/A;N/A;N/A;N/A;N/A;N/A;N/A;N/A;N/A;N/A;N/A;N/A;N/A;N/A;N/A;N/A;N/A;N/A;N/A;N/A;N/A;N/A;N/A;N/A;N/A;N/A;N/A;N/A;N/A;N/A;N/A;N/A;N/A;N/A;N/A;N/A;N/A;N/A;N/A;N/A
Nissan;Qashqai;"Automática 2.0 Full";2013;"147000 km";;VALEX29BRUCE;16490;;;;;"Parque Batlle";https://auto.mercadolibre.com.uy/MLU-665174156-nissan-qashqai-20-automatica-inmaculada-_JM;N/A;;"Nissan Qashqai 2.0 Automática Inmaculada ";USD;Sí;silver;false;N/A;N/A;http://perfil.mercadolibre.com.uy/VALEX29BRUCE;active;N/A;N/A;Usado;Gris;N/A;Asistida;Delantera;N/A;N/A;N/A;N/A;N/A;N/A;N/A;N/A;N/A;N/A;N/A;N/A;N/A;N/A;N/A;N/A;N/A;N/A;N/A;N/A;N/A;N/A;N/A;N/A;N/A;N/A;N/A;N/A;N/A;N/A;N/A;N/A;N/A;N/A;N/A;N/A;N/A;N/A;N/A;N/A;N/A;N/A;N/A;N/A;N/A;N/A;N/A;N/A;N/A;N/A;N/A;N/A;N/A;N/A;N/A;N/A;N/A;N/A;N/A;N/A;N/A;N/A;N/A;N/A;N/A;N/A;N/A;N/A;N/A;N/A;N/A;N/A;N/A;N/A;N/A;N/A;N/A;N/A;N/A;N/A;N/A;N/A;N/A;N/A;N/A;N/A;N/A;Sí;N/A;N/A;N/A;N/A;Sí;Sí;N/A;N/A;N/A;N/A;N/A;N/A;N/A;N/A;N/A;"TODO EL DIA";4;2.0;Nafta;Automática;SUV;"Autos y camionetas";N/A;N/A;N/A;N/A;N/A;N/A;N/A;N/A;N/A;N/A;N/A;N/A;N/A;N/A;N/A;N/A;N/A;N/A;N/A;N/A;N/A;N/A;N/A;N/A;N/A;N/A;N/A;N/A;N/A;N/A;N/A;N/A;N/A;N/A;N/A;N/A;N/A;N/A;N/A;N/A;N/A;N/A;N/A;N/A;N/A;N/A;N/A;N/A;N/A;N/A;N/A;N/A;N/A;N/A;N/A;N/A;N/A;N/A;N/A;N/A;N/A;N/A;N/A;N/A;N/A;N/A;N/A;N/A;N/A;N/A;N/A;N/A;N/A;N/A;N/A;N/A;N/A;N/A;N/A;N/A;N/A;N/A;N/A;N/A;N/A;N/A;N/A;N/A;N/A;N/A;N/A;N/A;N/A;N/A;N/A;N/A;N/A;N/A;N/A;N/A;N/A;N/A;N/A;N/A;N/A;N/A;N/A;N/A;N/A;N/A;N/A;N/A;N/A;N/A;N/A;N/A;N/A;N/A;N/A;N/A;N/A;N/A
Nissan;"NP300 Frontier";"2.5 Le Tdsl 188hp D.cab. 4x4 Aut";2020;"131000 km";;"DELTACAR S.A.";37900;;;;;Mercedes;https://auto.mercadolibre.com.uy/MLU-656675856-nissan-np300-frontier-2020-25-le-tdsl-188hp-dcab-4x4-at-_JM;N/A;;"Nissan Np300 Frontier 2020 2.5 Le Tdsl 188hp D.cab. 4x4 At";usd;Sí;silver;false;N/A;N/A;http://perfil.mercadolibre.com.uy/DELTACAR+S.A.;active;N/A;N/A;Usado;Blanco;N/A;Hidráulica;4x4;Sí;Sí;N/A;N/A;N/A;N/A;N/A;N/A;Sí;N/A;N/A;Sí;Sí;N/A;N/A;N/A;N/A;N/A;N/A;N/A;N/A;N/A;N/A;N/A;N/A;"3150 mm";"2.5 L";"80 L";7;N/A;N/A;N/A;N/A;N/A;N/A;N/A;N/A;N/A;N/A;N/A;N/A;N/A;N/A;N/A;N/A;N/A;N/A;N/A;N/A;N/A;N/A;N/A;N/A;N/A;N/A;N/A;N/A;N/A;N/A;N/A;N/A;N/A;Sí;Sí;Sí;N/A;N/A;N/A;N/A;N/A;N/A;N/A;N/A;N/A;"1860 mm";"5258 mm";N/A;N/A;N/A;N/A;N/A;"188 hp";Le;N/A;4;"1850 mm";N/A;N/A;N/A;Sí;N/A;N/A;Sí;Sí;N/A;N/A;N/A;N/A;N/A;N/A;N/A;N/A;N/A;"todos los dias";4;2.5;Diésel;Automática;Pick-Up;"Autos y camionetas";N/A;N/A;N/A;N/A;N/A;N/A;UY;N/A;N/A;N/A;N/A;N/A;N/A;N/A;N/A;N/A;N/A;N/A;N/A;N/A;N/A;N/A;N/A;N/A;Sí;N/A;N/A;N/A;N/A;N/A;N/A;N/A;N/A;N/A;N/A;N/A;N/A;N/A;N/A;N/A;N/A;N/A;N/A;N/A;N/A;N/A;N/A;N/A;N/A;N/A;N/A;N/A;N/A;N/A;N/A;N/A;N/A;N/A;N/A;N/A;N/A;N/A;N/A;N/A;N/A;N/A;N/A;N/A;N/A;N/A;N/A;N/A;N/A;N/A;N/A;N/A;N/A;N/A;N/A;N/A;N/A;N/A;N/A;N/A;N/A;N/A;N/A;N/A;N/A;N/A;N/A;N/A;N/A;N/A;N/A;N/A;Sí;N/A;Sí;N/A;Sí;N/A;N/A;Sí;N/A;Sí;N/A;Sí;Sí;N/A;N/A;Sí;Sí;Sí;Sí;N/A;N/A;N/A;N/A;Sí;N/A;Sí
Nissan;Patrol;4x4;1998;"1111 km";;"TOPCAR AV.JOSEBELLONI6328";12900;;;;;Manga;https://auto.mercadolibre.com.uy/MLU-664591204-nissan-patrol-4x4-diesel-automotoratopcar-7000-y-cuotas-en--_JM;N/A;;"Nissan Patrol 4x4 Diesel Automotoratopcar 7000 Y Cuotas En $";USD;No;silver;false;N/A;N/A;http://perfil.mercadolibre.com.uy/TOPCAR+AV.JOSEBELLONI6328;active;N/A;N/A;Usado;Azul;Sí;Hidráulica;4x4;Sí;N/A;N/A;N/A;N/A;N/A;N/A;N/A;N/A;N/A;N/A;N/A;Sí;N/A;Sí;N/A;N/A;N/A;N/A;N/A;N/A;N/A;N/A;N/A;N/A;N/A;N/A;N/A;N/A;N/A;N/A;N/A;N/A;N/A;N/A;N/A;N/A;N/A;N/A;N/A;N/A;N/A;N/A;N/A;N/A;N/A;N/A;N/A;N/A;N/A;N/A;N/A;N/A;N/A;N/A;N/A;N/A;N/A;N/A;N/A;N/A;N/A;N/A;N/A;N/A;N/A;N/A;N/A;N/A;N/A;N/A;N/A;N/A;N/A;N/A;N/A;N/A;N/A;N/A;N/A;N/A;N/A;N/A;N/A;N/A;N/A;N/A;No;N/A;N/A;Sí;N/A;Sí;No;N/A;N/A;N/A;N/A;Sí;N/A;N/A;N/A;N/A;N/A;5;2.8;Diésel;Manual;Off-Road;"Autos y camionetas";Sí;N/A;N/A;N/A;N/A;N/A;N/A;N/A;Sí;N/A;Sí;N/A;N/A;N/A;N/A;N/A;N/A;N/A;N/A;N/A;N/A;N/A;N/A;N/A;N/A;N/A;N/A;N/A;N/A;N/A;N/A;N/A;N/A;N/A;N/A;N/A;N/A;N/A;N/A;N/A;N/A;N/A;N/A;N/A;N/A;N/A;N/A;N/A;N/A;N/A;N/A;N/A;N/A;N/A;N/A;N/A;N/A;N/A;N/A;N/A;N/A;N/A;Sí;N/A;N/A;N/A;N/A;N/A;N/A;N/A;N/A;N/A;N/A;N/A;N/A;N/A;N/A;N/A;N/A;N/A;N/A;N/A;N/A;N/A;N/A;N/A;N/A;N/A;N/A;N/A;N/A;N/A;N/A;N/A;N/A;N/A;Sí;N/A;Sí;N/A;N/A;N/A;N/A;N/A;N/A;N/A;N/A;Sí;Sí;N/A;N/A;N/A;N/A;N/A;Sí;Sí;Sí;Sí;Sí;Sí;N/A;Sí
Nissan;Kicks;"1.6 Exclusive At";2019;"94558 km";;APPOLONI-AUTOMOVILES;24800;;;;;"Nueva Helvecia";https://auto.mercadolibre.com.uy/MLU-665835850-nissan-kicks-exclusive-cvt-permuta-financiacion-_JM;N/A;;"Nissan Kicks Exclusive Cvt - Permuta - Financiación";usd;Sí;silver;false;N/A;N/A;http://perfil.mercadolibre.com.uy/APPOLONI-AUTOMOVILES;active;N/A;N/A;Usado;Gris;N/A;Hidráulica;Delantera;Sí;N/A;N/A;N/A;N/A;N/A;N/A;N/A;Sí;N/A;N/A;N/A;N/A;N/A;N/A;N/A;N/A;N/A;N/A;N/A;N/A;N/A;N/A;N/A;N/A;"2620 mm";"1.6 L";"50 L";N/A;N/A;N/A;N/A;N/A;N/A;N/A;N/A;N/A;N/A;N/A;N/A;N/A;N/A;N/A;N/A;N/A;N/A;N/A;N/A;N/A;N/A;N/A;N/A;N/A;N/A;N/A;N/A;N/A;N/A;N/A;N/A;N/A;N/A;Sí;Sí;N/A;N/A;Sí;N/A;N/A;N/A;N/A;N/A;N/A;N/A;"1590 mm";"4295 mm";N/A;N/A;N/A;N/A;5;"118 hp";N/A;N/A;4;"1760 mm";N/A;N/A;N/A;N/A;N/A;N/A;N/A;N/A;N/A;N/A;N/A;N/A;N/A;N/A;N/A;N/A;N/A;"L - V 8:30 a 12:00 14:00 a 18:30. Sab. 8:30 a 12:30";5;1.6;Nafta;Automática;N/A;"Autos y camionetas";N/A;N/A;N/A;N/A;N/A;N/A;UY;N/A;N/A;N/A;N/A;N/A;N/A;N/A;N/A;N/A;N/A;N/A;N/A;N/A;N/A;N/A;N/A;N/A;N/A;N/A;N/A;N/A;N/A;N/A;N/A;N/A;N/A;N/A;N/A;N/A;N/A;N/A;N/A;N/A;N/A;N/A;N/A;N/A;N/A;N/A;N/A;N/A;N/A;N/A;N/A;N/A;N/A;N/A;N/A;N/A;N/A;N/A;N/A;N/A;N/A;N/A;N/A;N/A;N/A;N/A;N/A;N/A;N/A;N/A;N/A;N/A;N/A;N/A;N/A;N/A;N/A;N/A;N/A;N/A;N/A;N/A;N/A;N/A;N/A;N/A;N/A;N/A;N/A;N/A;N/A;N/A;N/A;N/A;N/A;N/A;Sí;N/A;Sí;N/A;N/A;N/A;N/A;N/A;N/A;Sí;N/A;N/A;N/A;N/A;N/A;Sí;Sí;N/A;Sí;N/A;N/A;N/A;N/A;Sí;N/A;Sí
Nissan;"NP300 Frontier";"FRONTIER NP300 SE";2023;"0 km";;LAROTONDAAUTOMOVILES;32328;;;;;Sauce;https://auto.mercadolibre.com.uy/MLU-665706048-nissan-np300-frontier-frontier-np300-se-_JM;N/A;;"Nissan Np300 Frontier Frontier Np300 Se";USD;Sí;silver;false;N/A;N/A;http://perfil.mercadolibre.com.uy/LAROTONDAAUTOMOVILES;active;N/A;N/A;Nuevo;Blanco;N/A;N/A;Trasera;Sí;Sí;N/A;N/A;N/A;Sí;N/A;N/A;No;N/A;N/A;Sí;Sí;N/A;No;N/A;N/A;N/A;N/A;N/A;N/A;N/A;N/A;N/A;N/A;N/A;N/A;N/A;N/A;N/A;N/A;N/A;N/A;N/A;Sí;N/A;N/A;N/A;N/A;N/A;N/A;N/A;N/A;N/A;N/A;N/A;N/A;N/A;N/A;N/A;N/A;N/A;N/A;N/A;N/A;N/A;N/A;N/A;No;N/A;N/A;N/A;N/A;N/A;N/A;N/A;N/A;N/A;N/A;N/A;N/A;N/A;N/A;N/A;N/A;N/A;N/A;N/A;N/A;N/A;N/A;N/A;N/A;N/A;N/A;N/A;N/A;No;N/A;Sí;Sí;N/A;Sí;Sí;N/A;No;N/A;N/A;No;No;N/A;N/A;No;"Lunes a viernes de 8.30 a 18";4;2.5;Nafta;Manual;Pick-Up;"Autos y camionetas";N/A;N/A;N/A;N/A;N/A;N/A;N/A;N/A;N/A;N/A;N/A;N/A;N/A;N/A;N/A;N/A;N/A;N/A;N/A;N/A;N/A;N/A;N/A;N/A;No;N/A;N/A;N/A;N/A;N/A;N/A;N/A;N/A;N/A;N/A;N/A;N/A;N/A;N/A;N/A;N/A;N/A;N/A;N/A;N/A;N/A;N/A;N/A;N/A;N/A;N/A;N/A;N/A;N/A;N/A;N/A;N/A;N/A;N/A;N/A;N/A;N/A;N/A;N/A;N/A;N/A;N/A;N/A;N/A;N/A;N/A;N/A;N/A;N/A;N/A;N/A;N/A;N/A;N/A;N/A;N/A;N/A;N/A;N/A;N/A;N/A;N/A;N/A;N/A;N/A;N/A;N/A;N/A;N/A;N/A;No;Sí;Sí;Sí;N/A;Sí;N/A;N/A;N/A;N/A;Sí;No;Sí;Sí;N/A;N/A;Sí;Sí;Sí;Sí;Sí;Sí;Sí;No;Sí;N/A;Sí
Nissan;Sentra;"Xe 5vel Aa Mt";2001;"85000 km";;EDUARDOC2014;8500;;;;;"Punta del Este";https://auto.mercadolibre.com.uy/MLU-665392226-nissan-sentra-2001-xe-5vel-aa-mt-_JM;N/A;;"Nissan Sentra 2001 Xe 5vel Aa Mt";usd;No;silver;false;N/A;N/A;http://perfil.mercadolibre.com.uy/EDUARDOC2014;active;N/A;N/A;Usado;N/A;N/A;Hidráulica;Delantera;Sí;N/A;N/A;N/A;N/A;N/A;N/A;N/A;N/A;N/A;N/A;N/A;N/A;N/A;N/A;N/A;N/A;N/A;N/A;N/A;N/A;N/A;N/A;N/A;N/A;N/A;"1.8 L";N/A;N/A;N/A;N/A;N/A;N/A;N/A;N/A;N/A;N/A;N/A;N/A;N/A;N/A;N/A;N/A;N/A;N/A;N/A;N/A;N/A;N/A;N/A;N/A;N/A;N/A;N/A;N/A;N/A;N/A;N/A;N/A;N/A;N/A;N/A;N/A;N/A;N/A;N/A;N/A;N/A;N/A;N/A;N/A;N/A;N/A;N/A;N/A;N/A;N/A;N/A;N/A;N/A;N/A;N/A;Xe;N/A;N/A;N/A;N/A;N/A;N/A;N/A;N/A;N/A;N/A;N/A;N/A;N/A;N/A;N/A;N/A;N/A;N/A;N/A;N/A;N/A;4;1.8;Nafta;Manual;Coupé;"Autos y camionetas";N/A;N/A;N/A;N/A;N/A;N/A;UY;N/A;N/A;N/A;N/A;N/A;N/A;N/A;N/A;N/A;N/A;N/A;N/A;N/A;N/A;N/A;N/A;N/A;N/A;N/A;N/A;N/A;N/A;N/A;N/A;N/A;N/A;N/A;N/A;N/A;N/A;N/A;N/A;N/A;N/A;N/A;N/A;N/A;N/A;N/A;N/A;N/A;N/A;N/A;N/A;N/A;N/A;N/A;N/A;N/A;N/A;N/A;N/A;N/A;N/A;N/A;N/A;N/A;N/A;N/A;N/A;N/A;N/A;N/A;N/A;N/A;N/A;N/A;N/A;N/A;N/A;N/A;N/A;N/A;N/A;N/A;N/A;N/A;N/A;N/A;N/A;N/A;N/A;N/A;N/A;N/A;N/A;N/A;N/A;N/A;Sí;N/A;N/A;N/A;N/A;N/A;N/A;N/A;N/A;N/A;N/A;N/A;N/A;N/A;N/A;N/A;N/A;N/A;Sí;N/A;N/A;N/A;N/A;N/A;N/A;N/A
Nissan;Sentra;Advance;2014;"141900 km";;AUTOMERCADOKIAROSARIO;13500;;;;;Rosario;https://auto.mercadolibre.com.uy/MLU-635118983-nissan-sentra-advance-18-2014-muy-buen-estado-_JM;N/A;;"Nissan Sentra Advance 1.8 2014 Muy Buen Estado!";USD;Sí;silver;false;N/A;N/A;http://perfil.mercadolibre.com.uy/AUTOMERCADOKIAROSARIO;active;N/A;N/A;Usado;Plateado;N/A;Hidráulica;N/A;Sí;Sí;Sí;N/A;N/A;N/A;N/A;N/A;N/A;N/A;Sí;Sí;Sí;N/A;Sí;N/A;N/A;N/A;N/A;N/A;N/A;N/A;N/A;N/A;N/A;N/A;"1800 cc";N/A;6;N/A;N/A;N/A;N/A;N/A;N/A;N/A;N/A;N/A;N/A;N/A;N/A;N/A;N/A;N/A;N/A;N/A;N/A;N/A;N/A;N/A;N/A;N/A;N/A;N/A;Sí;N/A;N/A;N/A;N/A;N/A;N/A;N/A;N/A;N/A;N/A;Sí;N/A;N/A;N/A;N/A;N/A;N/A;N/A;N/A;N/A;N/A;N/A;N/A;N/A;N/A;N/A;N/A;Advance;N/A;N/A;N/A;N/A;N/A;N/A;N/A;Sí;N/A;N/A;Sí;N/A;N/A;N/A;N/A;N/A;N/A;N/A;N/A;N/A;"Lun. a Vie. 8:30 a 12 y 14:30 a 19. Sáb. 8:30 a 12:30 hs";5;1.8;Nafta;Manual;Sedán;"Autos y camionetas";No;N/A;N/A;N/A;No;N/A;N/A;No;Sí;No;No;N/A;N/A;N/A;N/A;N/A;N/A;N/A;N/A;N/A;N/A;N/A;N/A;N/A;N/A;N/A;N/A;N/A;N/A;N/A;N/A;N/A;N/A;N/A;N/A;N/A;N/A;N/A;N/A;N/A;N/A;N/A;N/A;N/A;N/A;N/A;N/A;N/A;N/A;N/A;N/A;N/A;N/A;N/A;N/A;N/A;N/A;N/A;N/A;N/A;N/A;N/A;No;N/A;N/A;N/A;N/A;N/A;N/A;N/A;N/A;N/A;N/A;N/A;N/A;N/A;N/A;N/A;N/A;N/A;N/A;N/A;N/A;N/A;N/A;N/A;N/A;N/A;N/A;N/A;N/A;N/A;N/A;N/A;N/A;N/A;Sí;N/A;Sí;Sí;Sí;Sí;Sí;N/A;N/A;Sí;N/A;N/A;N/A;N/A;N/A;N/A;Sí;N/A;Sí;Sí;Sí;N/A;N/A;N/A;N/A;Sí
Nissan;Frontier;"AX 2.5 DI";2007;"400000 km";;"HAUSSER MOTORS";18000;;;;;Rosario;https://auto.mercadolibre.com.uy/MLU-663671076-nissan-frontier-_JM;N/A;;"Nissan Frontier ";USD;No;silver;false;N/A;N/A;http://perfil.mercadolibre.com.uy/HAUSSER+MOTORS;active;N/A;N/A;Usado;Verde;N/A;Hidráulica;4x2;Sí;N/A;N/A;N/A;N/A;N/A;N/A;N/A;N/A;N/A;N/A;N/A;Sí;N/A;N/A;N/A;N/A;N/A;N/A;N/A;N/A;N/A;N/A;N/A;N/A;N/A;N/A;N/A;N/A;N/A;N/A;N/A;N/A;N/A;N/A;N/A;N/A;N/A;N/A;N/A;N/A;N/A;N/A;N/A;N/A;N/A;N/A;N/A;N/A;N/A;N/A;N/A;N/A;N/A;N/A;N/A;N/A;N/A;N/A;N/A;N/A;N/A;N/A;N/A;N/A;N/A;N/A;N/A;N/A;N/A;N/A;N/A;N/A;N/A;N/A;N/A;N/A;N/A;N/A;N/A;N/A;N/A;N/A;N/A;N/A;N/A;N/A;N/A;N/A;N/A;N/A;N/A;N/A;N/A;N/A;N/A;N/A;N/A;N/A;N/A;N/A;N/A;N/A;"Lun. A Vie. 8 a 12 y 14:30 a 19 hs. Sáb. 8:30 a 12:30 hs.";4;2.5;Diésel;Manual;Pick-Up;"Autos y camionetas";N/A;N/A;N/A;N/A;N/A;N/A;N/A;N/A;N/A;N/A;N/A;N/A;N/A;N/A;N/A;N/A;N/A;N/A;N/A;N/A;N/A;N/A;N/A;N/A;N/A;N/A;N/A;N/A;N/A;N/A;N/A;N/A;N/A;N/A;N/A;N/A;N/A;N/A;N/A;N/A;N/A;N/A;N/A;N/A;N/A;N/A;N/A;N/A;N/A;N/A;N/A;N/A;N/A;N/A;N/A;N/A;N/A;N/A;N/A;N/A;N/A;N/A;N/A;N/A;N/A;N/A;N/A;N/A;N/A;N/A;N/A;N/A;N/A;N/A;N/A;N/A;N/A;N/A;N/A;N/A;N/A;N/A;N/A;N/A;N/A;N/A;N/A;N/A;N/A;N/A;N/A;N/A;N/A;N/A;N/A;N/A;Sí;N/A;Sí;N/A;N/A;N/A;N/A;N/A;N/A;N/A;N/A;N/A;N/A;N/A;N/A;N/A;N/A;N/A;N/A;N/A;N/A;N/A;N/A;N/A;N/A;N/A
Nissan;Versa;"1.6 Advance At";2018;"70000 km";;FABIANYEMURENKO2008;14500;;;;;Buceo;https://auto.mercadolibre.com.uy/MLU-657199724-nissan-versa-sedan-ano-2018-16cc-full-automatico-_JM;N/A;;"Nissan Versa Sedan Año 2018 1.6cc¡¡ Full  Automatico¡¡¡";usd;Sí;silver;false;N/A;N/A;http://perfil.mercadolibre.com.uy/FABIANYEMURENKO2008;active;N/A;N/A;Usado;Blanco;Sí;Hidráulica;Delantera;Sí;Sí;N/A;N/A;N/A;Sí;N/A;N/A;No;N/A;N/A;No;Sí;N/A;Sí;N/A;N/A;N/A;N/A;N/A;N/A;N/A;N/A;N/A;N/A;"2600 mm";"1.6 L";"41 L";4;N/A;N/A;N/A;N/A;N/A;No;N/A;N/A;N/A;N/A;N/A;N/A;N/A;N/A;N/A;N/A;N/A;N/A;N/A;N/A;N/A;N/A;N/A;N/A;N/A;N/A;N/A;N/A;N/A;No;N/A;N/A;N/A;N/A;N/A;N/A;N/A;N/A;N/A;N/A;N/A;N/A;N/A;N/A;N/A;"1506 mm";"4492 mm";N/A;N/A;N/A;N/A;5;"106 hp";Advance;N/A;4;"1695 mm";N/A;No;N/A;No;Sí;N/A;Sí;Sí;N/A;No;N/A;N/A;No;No;N/A;N/A;No;N/A;4;1.6;Nafta;Automática;Sedán;"Autos y camionetas";No;N/A;N/A;N/A;No;N/A;UY;N/A;Sí;N/A;No;N/A;N/A;N/A;N/A;N/A;N/A;N/A;N/A;N/A;N/A;N/A;N/A;N/A;No;N/A;N/A;N/A;N/A;N/A;N/A;N/A;N/A;N/A;N/A;N/A;N/A;N/A;N/A;N/A;N/A;N/A;N/A;No;N/A;N/A;N/A;N/A;N/A;N/A;N/A;N/A;N/A;N/A;N/A;N/A;N/A;N/A;N/A;N/A;N/A;No;No;N/A;N/A;N/A;N/A;N/A;N/A;N/A;N/A;N/A;N/A;N/A;N/A;N/A;N/A;N/A;N/A;N/A;N/A;N/A;N/A;N/A;N/A;N/A;N/A;N/A;N/A;N/A;N/A;N/A;N/A;N/A;N/A;No;Sí;Sí;No;N/A;Sí;N/A;N/A;N/A;N/A;Sí;Sí;Sí;Sí;N/A;N/A;Sí;Sí;Sí;Sí;Sí;Sí;Sí;No;Sí;N/A;Sí
Nissan;Sentra;"Exclusive Cvt";2015;"110000 km";;AEROCAR2013;14990;;;;;Carrasco;https://auto.mercadolibre.com.uy/MLU-656756464-nissan-sentra-exclusive-cvt-18-2015-impecable-aerocar-_JM;N/A;;"Nissan Sentra Exclusive Cvt 1.8 2015 Impecable! Aerocar";USD;Sí;silver;false;N/A;N/A;http://perfil.mercadolibre.com.uy/AEROCAR2013;active;N/A;N/A;Usado;"Gris oscuro";N/A;Hidráulica;N/A;Sí;Sí;Sí;N/A;N/A;N/A;Sí;Sí;Sí;N/A;N/A;Sí;Sí;N/A;N/A;N/A;N/A;N/A;N/A;N/A;N/A;N/A;N/A;N/A;N/A;N/A;"1800 cc";N/A;6;N/A;N/A;N/A;N/A;N/A;N/A;N/A;N/A;N/A;N/A;N/A;N/A;N/A;N/A;N/A;N/A;N/A;N/A;N/A;N/A;N/A;N/A;N/A;Sí;N/A;Sí;N/A;Sí;N/A;N/A;N/A;N/A;N/A;N/A;N/A;N/A;N/A;N/A;N/A;N/A;N/A;N/A;N/A;N/A;N/A;N/A;N/A;N/A;N/A;N/A;N/A;N/A;N/A;Exclusive;N/A;N/A;N/A;N/A;N/A;N/A;Sí;N/A;Sí;Sí;Sí;N/A;Sí;N/A;N/A;N/A;N/A;N/A;N/A;N/A;"Lun. a Vie. de 9 a 19 hs. Sáb. de 10 a 14 hs.";4;1.8;Nafta;Automática;Sedán;"Autos y camionetas";No;N/A;N/A;N/A;No;N/A;N/A;No;Sí;No;No;N/A;N/A;N/A;N/A;N/A;N/A;N/A;N/A;N/A;N/A;N/A;N/A;N/A;N/A;N/A;N/A;N/A;N/A;N/A;N/A;N/A;N/A;N/A;N/A;N/A;N/A;N/A;N/A;N/A;N/A;N/A;N/A;N/A;N/A;N/A;N/A;N/A;N/A;N/A;N/A;N/A;N/A;N/A;N/A;N/A;N/A;N/A;N/A;N/A;N/A;N/A;No;N/A;N/A;N/A;N/A;N/A;N/A;N/A;N/A;N/A;N/A;N/A;N/A;N/A;N/A;N/A;N/A;N/A;N/A;N/A;N/A;N/A;N/A;N/A;N/A;N/A;N/A;N/A;N/A;N/A;N/A;N/A;N/A;N/A;Sí;Sí;Sí;Sí;Sí;Sí;Sí;N/A;Sí;Sí;N/A;N/A;N/A;N/A;Sí;N/A;Sí;N/A;Sí;Sí;Sí;Sí;N/A;Sí;Sí;Sí
Nissan;720;720;1998;"150000 km";;DANELLOSERGIO;6000;;;;;Maroñas;https://auto.mercadolibre.com.uy/MLU-633261439-nissan-720-ano-1992-al-dia-liquido-5900-dolares-_JM;N/A;;"Nissan 720 Año 1992 Al Dia Liquido 5900 Dolares";USD;Sí;silver;false;N/A;N/A;http://perfil.mercadolibre.com.uy/DANELLOSERGIO;active;N/A;N/A;Usado;Rojo;N/A;Hidráulica;N/A;N/A;N/A;N/A;N/A;N/A;N/A;N/A;N/A;N/A;N/A;N/A;N/A;N/A;N/A;N/A;N/A;N/A;N/A;N/A;N/A;N/A;N/A;N/A;N/A;N/A;N/A;N/A;N/A;N/A;N/A;N/A;N/A;N/A;N/A;N/A;N/A;N/A;N/A;N/A;N/A;N/A;N/A;N/A;N/A;N/A;N/A;N/A;N/A;N/A;N/A;N/A;N/A;N/A;N/A;N/A;N/A;N/A;N/A;N/A;N/A;N/A;N/A;N/A;N/A;N/A;N/A;N/A;N/A;N/A;N/A;N/A;N/A;N/A;N/A;N/A;N/A;N/A;N/A;N/A;N/A;N/A;N/A;N/A;N/A;N/A;N/A;N/A;N/A;N/A;N/A;N/A;N/A;N/A;N/A;N/A;N/A;N/A;N/A;N/A;N/A;N/A;N/A;N/A;"9 A 21";4;2.0;Nafta;Manual;Pick-Up;"Autos y camionetas";N/A;N/A;N/A;N/A;N/A;N/A;N/A;N/A;N/A;N/A;N/A;N/A;N/A;N/A;N/A;N/A;N/A;N/A;N/A;N/A;N/A;N/A;N/A;N/A;N/A;N/A;N/A;N/A;N/A;N/A;N/A;N/A;N/A;N/A;N/A;N/A;N/A;N/A;N/A;N/A;N/A;N/A;N/A;N/A;N/A;N/A;N/A;N/A;N/A;N/A;N/A;N/A;N/A;N/A;N/A;N/A;N/A;N/A;N/A;N/A;N/A;N/A;N/A;N/A;N/A;N/A;N/A;N/A;N/A;N/A;N/A;N/A;N/A;N/A;N/A;N/A;N/A;N/A;N/A;N/A;N/A;N/A;N/A;N/A;N/A;N/A;N/A;N/A;N/A;N/A;N/A;N/A;N/A;N/A;N/A;N/A;N/A;N/A;N/A;N/A;N/A;N/A;N/A;N/A;N/A;N/A;N/A;N/A;N/A;N/A;N/A;N/A;N/A;N/A;N/A;N/A;N/A;N/A;N/A;N/A;N/A;N/A
Nissan;Kicks;"1.6 Exclusive At";2018;"58000 km";;AMAYAPUNTA;26900;;;;;"Punta del Este";https://auto.mercadolibre.com.uy/MLU-665252204-nissan-kicks-exclusive-automatica-cvt-_JM;N/A;;"Nissan Kicks Exclusive Automática Cvt";usd;Sí;silver;false;N/A;N/A;http://perfil.mercadolibre.com.uy/AMAYAPUNTA;active;N/A;N/A;Usado;Blanco;Sí;Hidráulica;Delantera;Sí;Sí;N/A;N/A;N/A;N/A;N/A;N/A;Sí;N/A;N/A;Sí;Sí;N/A;Sí;N/A;N/A;N/A;N/A;N/A;N/A;N/A;N/A;N/A;N/A;"2620 mm";"1.6 L";"50 L";N/A;N/A;N/A;N/A;N/A;N/A;N/A;N/A;N/A;N/A;N/A;N/A;N/A;N/A;N/A;N/A;N/A;N/A;N/A;N/A;N/A;N/A;N/A;N/A;N/A;N/A;N/A;N/A;N/A;N/A;Sí;N/A;N/A;N/A;Sí;Sí;N/A;N/A;Sí;N/A;N/A;N/A;N/A;N/A;N/A;N/A;"1590 mm";"4295 mm";N/A;N/A;N/A;N/A;5;"118 hp";Exclusive;N/A;4;"1760 mm";N/A;Sí;N/A;Sí;Sí;N/A;Sí;Sí;N/A;N/A;N/A;N/A;N/A;N/A;N/A;N/A;Sí;"De lunes a viernes de 9:30 a 18:30, sábados de 10:00 a 14:00.";5;1.6;Nafta;Automática;SUV;"Autos y camionetas";N/A;N/A;N/A;N/A;N/A;N/A;UY;N/A;Sí;N/A;N/A;N/A;N/A;N/A;N/A;N/A;N/A;N/A;N/A;N/A;N/A;N/A;N/A;N/A;Sí;N/A;N/A;N/A;N/A;N/A;N/A;N/A;N/A;N/A;N/A;N/A;N/A;N/A;N/A;N/A;N/A;N/A;N/A;N/A;N/A;N/A;N/A;N/A;N/A;N/A;N/A;N/A;N/A;N/A;N/A;N/A;N/A;N/A;N/A;N/A;N/A;N/A;N/A;N/A;N/A;N/A;N/A;N/A;N/A;N/A;N/A;N/A;N/A;N/A;N/A;N/A;N/A;N/A;N/A;N/A;N/A;N/A;N/A;N/A;N/A;N/A;N/A;N/A;N/A;N/A;N/A;N/A;N/A;N/A;N/A;N/A;Sí;Sí;Sí;N/A;Sí;N/A;N/A;N/A;N/A;Sí;N/A;Sí;Sí;N/A;N/A;Sí;Sí;Sí;Sí;N/A;Sí;N/A;N/A;Sí;N/A;Sí
Nissan;Murano;-;2009;"217000 km";;AUTOMERCADOKIAROSARIO;17900;;;;;Rosario;https://auto.mercadolibre.com.uy/MLU-655371956-nissan-murano-35-2009-buen-estado-_JM;N/A;;"Nissan Murano 3.5 2009 Buen Estado!";USD;Sí;silver;false;N/A;N/A;http://perfil.mercadolibre.com.uy/AUTOMERCADOKIAROSARIO;active;N/A;N/A;Usado;"Gris oscuro";N/A;Asistida;N/A;Sí;Sí;Sí;N/A;N/A;N/A;Sí;N/A;Sí;N/A;Sí;Sí;Sí;N/A;Sí;N/A;N/A;N/A;N/A;N/A;N/A;N/A;N/A;N/A;N/A;N/A;"3500 cc";N/A;6;N/A;N/A;N/A;N/A;N/A;N/A;N/A;N/A;N/A;N/A;N/A;N/A;N/A;N/A;N/A;N/A;N/A;N/A;N/A;N/A;N/A;N/A;N/A;N/A;N/A;N/A;N/A;N/A;N/A;N/A;N/A;N/A;N/A;N/A;N/A;N/A;Sí;N/A;N/A;N/A;N/A;N/A;N/A;N/A;N/A;N/A;N/A;N/A;N/A;N/A;N/A;N/A;N/A;N/A;N/A;N/A;N/A;N/A;N/A;N/A;Sí;Sí;Sí;N/A;Sí;N/A;N/A;N/A;N/A;N/A;N/A;N/A;N/A;N/A;"Lun. a Vie. 8:30 a 12 y 14:30 a 19. Sáb. 8:30 a 12:30 hs";5;3.5;Nafta;"Automática secuencial";SUV;"Autos y camionetas";No;N/A;N/A;N/A;No;N/A;N/A;No;Sí;No;No;N/A;N/A;N/A;N/A;N/A;N/A;N/A;N/A;N/A;N/A;N/A;N/A;N/A;N/A;N/A;N/A;N/A;N/A;N/A;N/A;N/A;N/A;N/A;N/A;N/A;N/A;N/A;N/A;N/A;N/A;N/A;N/A;N/A;N/A;N/A;N/A;N/A;N/A;N/A;N/A;N/A;N/A;N/A;N/A;N/A;N/A;N/A;N/A;N/A;N/A;N/A;No;N/A;N/A;N/A;N/A;N/A;N/A;N/A;N/A;N/A;N/A;N/A;N/A;N/A;N/A;N/A;N/A;N/A;N/A;N/A;N/A;N/A;N/A;N/A;N/A;N/A;N/A;N/A;N/A;N/A;N/A;N/A;N/A;N/A;Sí;N/A;N/A;Sí;Sí;N/A;N/A;N/A;Sí;Sí;N/A;N/A;N/A;N/A;N/A;N/A;Sí;N/A;Sí;Sí;N/A;N/A;N/A;N/A;N/A;Sí
Nissan;Tiida;"1.8 Premium Mt";2011;"150000 km";;DANELLOSERGIO;7900;;;;;Maroñas;https://auto.mercadolibre.com.uy/MLU-659059160-nissan-tiida-ano-2011-full-impecable-al-dia-7900-dolares-_JM;N/A;;"Nissan Tiida Año 2011 Full Impecable Al Dia 7900 Dolares";usd;Sí;silver;false;N/A;N/A;http://perfil.mercadolibre.com.uy/DANELLOSERGIO;active;N/A;N/A;Usado;Blanco;N/A;Hidráulica;Delantera;Sí;N/A;N/A;N/A;N/A;N/A;N/A;N/A;N/A;N/A;N/A;N/A;N/A;N/A;N/A;N/A;N/A;N/A;N/A;N/A;N/A;N/A;N/A;N/A;N/A;"2600 mm";"1.8 L";"52 L";N/A;N/A;N/A;N/A;N/A;N/A;N/A;N/A;N/A;N/A;N/A;N/A;N/A;N/A;N/A;N/A;N/A;N/A;N/A;N/A;N/A;N/A;N/A;N/A;N/A;N/A;N/A;N/A;N/A;N/A;N/A;N/A;N/A;N/A;N/A;N/A;N/A;N/A;N/A;N/A;N/A;N/A;N/A;N/A;N/A;N/A;"1548 mm";"4297 mm";N/A;N/A;N/A;N/A;N/A;N/A;Premium;N/A;N/A;"1695 mm";N/A;N/A;N/A;N/A;N/A;N/A;N/A;N/A;N/A;N/A;N/A;N/A;N/A;N/A;N/A;N/A;N/A;"9 A 21";5;1.8;Nafta;Manual;Hatchback;"Autos y camionetas";N/A;N/A;N/A;N/A;N/A;N/A;UY;N/A;N/A;N/A;N/A;N/A;N/A;N/A;N/A;N/A;N/A;N/A;N/A;N/A;N/A;N/A;N/A;N/A;N/A;N/A;N/A;N/A;N/A;N/A;N/A;N/A;N/A;N/A;N/A;N/A;N/A;N/A;N/A;N/A;N/A;N/A;N/A;N/A;N/A;N/A;N/A;N/A;N/A;N/A;N/A;N/A;N/A;N/A;N/A;N/A;N/A;N/A;N/A;N/A;N/A;N/A;N/A;N/A;N/A;N/A;N/A;N/A;N/A;N/A;N/A;N/A;N/A;N/A;N/A;N/A;N/A;N/A;N/A;N/A;N/A;N/A;N/A;N/A;N/A;N/A;N/A;N/A;N/A;N/A;N/A;N/A;N/A;N/A;N/A;N/A;Sí;N/A;N/A;N/A;N/A;N/A;N/A;N/A;N/A;N/A;N/A;N/A;N/A;N/A;N/A;N/A;N/A;N/A;Sí;N/A;N/A;N/A;N/A;N/A;N/A;N/A
Nissan;Kicks;"1.6 Exclusive At";2019;"120000 km";;KHALEKAUTOMOVILES;22950;;;;;"Santiago Vázquez";https://auto.mercadolibre.com.uy/MLU-633516133-nissan-kicks-2019-16-exclusive-at-_JM;N/A;;"Nissan Kicks 2019 1.6 Exclusive At";usd;Sí;silver;false;N/A;N/A;http://perfil.mercadolibre.com.uy/KHALEKAUTOMOVILES;active;N/A;N/A;Usado;N/A;N/A;Hidráulica;Delantera;Sí;N/A;N/A;N/A;N/A;N/A;N/A;N/A;Sí;N/A;N/A;N/A;N/A;N/A;N/A;N/A;N/A;N/A;N/A;N/A;N/A;N/A;N/A;N/A;N/A;"2620 mm";"1.6 L";"50 L";N/A;N/A;N/A;N/A;N/A;N/A;N/A;N/A;N/A;N/A;N/A;N/A;N/A;N/A;N/A;N/A;N/A;N/A;N/A;N/A;N/A;N/A;N/A;N/A;N/A;N/A;N/A;N/A;N/A;N/A;N/A;N/A;N/A;N/A;Sí;Sí;N/A;N/A;Sí;N/A;N/A;N/A;N/A;N/A;N/A;N/A;"1590 mm";"4295 mm";N/A;N/A;N/A;N/A;5;"118 hp";Exclusive;N/A;4;"1760 mm";N/A;N/A;N/A;N/A;N/A;N/A;N/A;N/A;N/A;N/A;N/A;N/A;N/A;N/A;N/A;N/A;N/A;N/A;5;1.6;Nafta;Automática;SUV;"Autos y camionetas";N/A;N/A;N/A;N/A;N/A;N/A;UY;N/A;N/A;N/A;N/A;N/A;N/A;N/A;N/A;N/A;N/A;N/A;N/A;N/A;N/A;N/A;N/A;N/A;N/A;N/A;N/A;N/A;N/A;N/A;N/A;N/A;N/A;N/A;N/A;N/A;N/A;N/A;N/A;N/A;N/A;N/A;N/A;N/A;N/A;N/A;N/A;N/A;N/A;N/A;N/A;N/A;N/A;N/A;N/A;N/A;N/A;N/A;N/A;N/A;N/A;N/A;N/A;N/A;N/A;N/A;N/A;N/A;N/A;N/A;N/A;N/A;N/A;N/A;N/A;N/A;N/A;N/A;N/A;N/A;N/A;N/A;N/A;N/A;N/A;N/A;N/A;N/A;N/A;N/A;N/A;N/A;N/A;N/A;N/A;N/A;Sí;N/A;Sí;N/A;N/A;N/A;N/A;N/A;N/A;Sí;N/A;N/A;N/A;N/A;N/A;Sí;Sí;N/A;Sí;N/A;N/A;N/A;N/A;Sí;N/A;Sí
Nissan;"NP300 Frontier";"2.5 Le Diesel Aa 4x4 At";2016;"197000 km";;"AZUL AUTOMOVILES";34900;;;;;"La Blanqueada";https://auto.mercadolibre.com.uy/MLU-659153586-nissan-np300-frontier-2016-25-le-diesel-aa-4x4-at-_JM;N/A;;"Nissan Np300 Frontier 2016 2.5 Le Diesel Aa 4x4 At";usd;Sí;silver;false;N/A;N/A;http://perfil.mercadolibre.com.uy/AZUL+AUTOMOVILES;active;N/A;N/A;Usado;Blanco;N/A;Hidráulica;4x4;Sí;N/A;N/A;N/A;N/A;N/A;N/A;N/A;Sí;N/A;N/A;N/A;N/A;N/A;N/A;N/A;N/A;N/A;N/A;N/A;N/A;N/A;N/A;N/A;N/A;"3150 mm";"2.5 L";"80 L";7;N/A;N/A;N/A;N/A;N/A;N/A;N/A;N/A;N/A;N/A;N/A;N/A;N/A;N/A;N/A;N/A;N/A;N/A;N/A;N/A;N/A;N/A;N/A;N/A;N/A;N/A;N/A;N/A;N/A;N/A;N/A;N/A;N/A;Sí;Sí;Sí;N/A;N/A;N/A;N/A;N/A;N/A;N/A;N/A;N/A;"1860 mm";"5258 mm";N/A;N/A;N/A;N/A;N/A;"188 hp";Le;N/A;4;"1850 mm";N/A;N/A;N/A;N/A;N/A;N/A;N/A;N/A;N/A;N/A;N/A;N/A;N/A;N/A;N/A;N/A;N/A;"L. a V. de 8.30 a 18.30h";2;2.5;Diésel;Automática;Pick-Up;"Autos y camionetas";N/A;N/A;N/A;N/A;N/A;N/A;UY;N/A;N/A;N/A;N/A;N/A;N/A;N/A;N/A;N/A;N/A;N/A;N/A;N/A;N/A;N/A;N/A;N/A;N/A;N/A;N/A;N/A;N/A;N/A;N/A;N/A;N/A;N/A;N/A;N/A;N/A;N/A;N/A;N/A;N/A;N/A;N/A;N/A;N/A;N/A;N/A;N/A;N/A;N/A;N/A;N/A;N/A;N/A;N/A;N/A;N/A;N/A;N/A;N/A;N/A;N/A;N/A;N/A;N/A;N/A;N/A;N/A;N/A;N/A;N/A;N/A;N/A;N/A;N/A;N/A;N/A;N/A;N/A;N/A;N/A;N/A;N/A;N/A;N/A;N/A;N/A;N/A;N/A;N/A;N/A;N/A;N/A;N/A;N/A;N/A;Sí;N/A;Sí;N/A;N/A;N/A;N/A;Sí;N/A;Sí;N/A;N/A;N/A;N/A;N/A;Sí;Sí;N/A;Sí;N/A;N/A;N/A;N/A;Sí;N/A;Sí
Nissan;Note;"Sense U$S 3000 y 60 Cuotas en Pesos";2014;"119000 km";;"VIPERCAR AUTOMOVILES_3";12490;;;;;Centro;https://auto.mercadolibre.com.uy/MLU-656921136-nissan-note-sense-us-3000-y-60-cuotas-en-pesos-16-_JM;N/A;;"Nissan Note Sense U$s 3000 Y 60 Cuotas En Pesos 1.6 ";usd;Sí;silver;false;N/A;N/A;http://perfil.mercadolibre.com.uy/VIPERCAR+AUTOMOVILES_3;active;N/A;N/A;Usado;Plateado;N/A;Hidráulica;N/A;Sí;Sí;Sí;N/A;N/A;N/A;N/A;Sí;N/A;N/A;Sí;N/A;Sí;N/A;N/A;N/A;N/A;N/A;N/A;N/A;N/A;N/A;N/A;N/A;N/A;N/A;"1600 cc";N/A;N/A;N/A;N/A;N/A;N/A;N/A;N/A;Sí;N/A;N/A;N/A;N/A;N/A;N/A;N/A;N/A;N/A;N/A;N/A;N/A;N/A;N/A;N/A;N/A;Sí;N/A;Sí;N/A;N/A;N/A;N/A;N/A;N/A;N/A;N/A;N/A;N/A;Sí;N/A;N/A;N/A;N/A;N/A;N/A;N/A;N/A;N/A;N/A;N/A;N/A;N/A;N/A;N/A;N/A;Sense;N/A;N/A;N/A;N/A;N/A;N/A;N/A;N/A;N/A;N/A;N/A;Sí;N/A;N/A;N/A;N/A;N/A;N/A;N/A;Sí;"Lun a Vie de 9 a 12:30 y de 13:30 a 19. Sáb de 9 a 13 hs.";5;1.6;Nafta;Manual;Hatchback;"Autos y camionetas";No;N/A;N/A;N/A;No;N/A;UY;No;Sí;No;No;N/A;N/A;N/A;N/A;N/A;N/A;N/A;N/A;N/A;N/A;N/A;N/A;N/A;N/A;N/A;N/A;N/A;N/A;N/A;N/A;N/A;N/A;N/A;N/A;N/A;N/A;N/A;N/A;N/A;N/A;N/A;N/A;N/A;N/A;N/A;N/A;N/A;N/A;N/A;N/A;N/A;N/A;N/A;N/A;N/A;N/A;N/A;N/A;N/A;N/A;N/A;No;N/A;N/A;N/A;N/A;N/A;N/A;N/A;N/A;N/A;N/A;N/A;N/A;N/A;N/A;N/A;N/A;N/A;N/A;N/A;N/A;N/A;N/A;N/A;N/A;N/A;N/A;N/A;N/A;N/A;N/A;N/A;N/A;N/A;Sí;N/A;Sí;N/A;Sí;N/A;N/A;N/A;N/A;Sí;N/A;N/A;N/A;N/A;N/A;N/A;N/A;N/A;Sí;Sí;N/A;N/A;N/A;N/A;N/A;Sí
Nissan;Qashqai;Advance;2020;"72000 km";;SOLYCARAUTOMOVILES;29900;;;;;Solymar;https://auto.mercadolibre.com.uy/MLU-655754558-nissan-qashqai-advance-20-2020-impecable-solycar-_JM;N/A;;"Nissan Qashqai Advance 2.0 2020 Impecable! - Solycar";USD;Sí;silver;false;N/A;N/A;http://perfil.mercadolibre.com.uy/SOLYCARAUTOMOVILES;active;N/A;N/A;Usado;Negro;Sí;Hidráulica;4x2;Sí;Sí;Sí;N/A;N/A;N/A;Sí;Sí;N/A;N/A;Sí;Sí;Sí;N/A;Sí;N/A;N/A;N/A;N/A;N/A;N/A;N/A;N/A;N/A;N/A;N/A;"2000 cc";N/A;6;N/A;N/A;N/A;N/A;Sí;Sí;Sí;N/A;N/A;N/A;N/A;N/A;N/A;N/A;N/A;N/A;N/A;N/A;N/A;N/A;N/A;N/A;N/A;Sí;N/A;Sí;N/A;Sí;N/A;Sí;N/A;N/A;N/A;N/A;N/A;N/A;Sí;N/A;N/A;N/A;N/A;N/A;Sí;N/A;N/A;N/A;N/A;N/A;N/A;N/A;N/A;N/A;"140 hp";Advance;N/A;N/A;N/A;N/A;N/A;N/A;Sí;Sí;Sí;Sí;Sí;Sí;N/A;N/A;N/A;N/A;N/A;N/A;N/A;Sí;"Lun. a Vie. de 9:30 a 18:30 hs. Sáb. de 9:30 a 14 hs";5;2.0;Nafta;"Automática secuencial";SUV;"Autos y camionetas";No;N/A;N/A;N/A;No;N/A;N/A;No;Sí;No;No;N/A;N/A;N/A;N/A;N/A;N/A;N/A;N/A;N/A;N/A;N/A;N/A;N/A;N/A;N/A;N/A;N/A;N/A;N/A;N/A;N/A;N/A;N/A;N/A;N/A;N/A;N/A;N/A;N/A;N/A;N/A;N/A;N/A;N/A;N/A;N/A;N/A;N/A;N/A;N/A;N/A;N/A;N/A;N/A;N/A;N/A;N/A;N/A;N/A;N/A;N/A;No;N/A;N/A;N/A;N/A;N/A;N/A;N/A;N/A;N/A;N/A;N/A;N/A;N/A;N/A;N/A;N/A;N/A;N/A;N/A;N/A;N/A;N/A;N/A;N/A;N/A;N/A;N/A;N/A;N/A;N/A;N/A;N/A;N/A;Sí;Sí;Sí;Sí;Sí;Sí;Sí;N/A;Sí;Sí;N/A;Sí;N/A;N/A;Sí;Sí;Sí;N/A;Sí;Sí;Sí;N/A;N/A;Sí;N/A;Sí
Nissan;Kicks;"1.6 Advance";2020;"17000 km";;"LOPEZ MOTORS";25500;;;;;"Las Piedras";https://auto.mercadolibre.com.uy/MLU-655233666-nissan-kicks-advance-_JM;N/A;;"Nissan Kicks Advance";usd;Sí;silver;false;N/A;N/A;http://perfil.mercadolibre.com.uy/LOPEZ+MOTORS;active;N/A;N/A;Usado;Gris;Sí;Hidráulica;Delantera;Sí;Sí;N/A;N/A;N/A;No;N/A;N/A;N/A;N/A;N/A;Sí;Sí;N/A;N/A;N/A;N/A;N/A;N/A;N/A;N/A;N/A;N/A;N/A;N/A;"2620 mm";"1598 cc";"50 L";5;N/A;N/A;N/A;N/A;N/A;N/A;N/A;N/A;N/A;N/A;N/A;N/A;N/A;N/A;N/A;N/A;N/A;N/A;N/A;N/A;N/A;N/A;N/A;N/A;N/A;N/A;N/A;N/A;N/A;N/A;N/A;N/A;N/A;N/A;N/A;N/A;N/A;N/A;N/A;N/A;N/A;N/A;N/A;N/A;N/A;"1590 mm";"4295 mm";N/A;N/A;N/A;N/A;5;"118 hp";Advance;N/A;4;"1760 mm";N/A;No;N/A;N/A;N/A;N/A;Sí;Sí;N/A;N/A;N/A;N/A;No;N/A;N/A;N/A;N/A;"De lunes a viernes de las 8:30 hs a 12:00 hs y de 14:00 hs hasta las 18:00 hs...";5;1.6;Nafta;Manual;SUV;"Autos y camionetas";No;N/A;N/A;N/A;No;N/A;UY;N/A;Sí;N/A;No;N/A;N/A;N/A;N/A;N/A;N/A;N/A;N/A;N/A;N/A;N/A;N/A;N/A;No;N/A;N/A;N/A;N/A;N/A;N/A;N/A;N/A;N/A;N/A;N/A;N/A;N/A;N/A;N/A;N/A;N/A;N/A;No;N/A;N/A;N/A;N/A;N/A;N/A;N/A;N/A;N/A;N/A;N/A;N/A;N/A;N/A;N/A;N/A;N/A;No;Sí;N/A;N/A;N/A;N/A;N/A;N/A;N/A;N/A;N/A;N/A;N/A;N/A;N/A;N/A;N/A;N/A;N/A;N/A;N/A;N/A;N/A;N/A;N/A;N/A;N/A;N/A;N/A;N/A;N/A;N/A;N/A;N/A;Sí;Sí;Sí;N/A;N/A;N/A;N/A;N/A;N/A;N/A;Sí;No;Sí;Sí;N/A;N/A;Sí;Sí;Sí;Sí;N/A;N/A;N/A;N/A;Sí;N/A;Sí
Nissan;"NP300 Frontier";"Pro4 X 4x4";2023;"0 km";;"DELTACAR S.A.";46968;;;;;Mercedes;https://auto.mercadolibre.com.uy/MLU-663186138-nissan-np300-frontier-pro4x-_JM;N/A;;"Nissan Np300 Frontier Pro4x";USD;Sí;silver;false;N/A;N/A;http://perfil.mercadolibre.com.uy/DELTACAR+S.A.;active;N/A;N/A;Nuevo;Negro;N/A;Asistida;4x4;N/A;Sí;Sí;N/A;N/A;N/A;N/A;Sí;Sí;N/A;N/A;Sí;Sí;N/A;N/A;N/A;N/A;N/A;N/A;N/A;N/A;N/A;N/A;N/A;N/A;N/A;N/A;N/A;N/A;N/A;N/A;N/A;N/A;N/A;N/A;N/A;N/A;N/A;N/A;N/A;N/A;N/A;N/A;N/A;N/A;N/A;N/A;N/A;N/A;N/A;N/A;N/A;Sí;N/A;N/A;N/A;N/A;N/A;N/A;N/A;N/A;N/A;N/A;N/A;N/A;N/A;N/A;N/A;N/A;N/A;N/A;N/A;N/A;N/A;N/A;N/A;N/A;N/A;N/A;N/A;N/A;N/A;N/A;N/A;N/A;N/A;N/A;N/A;N/A;Sí;Sí;N/A;Sí;Sí;N/A;N/A;Sí;N/A;N/A;N/A;N/A;N/A;N/A;"Todos los dias..";4;2.5;Nafta;Automática;Pick-Up;"Autos y camionetas";Sí;N/A;N/A;N/A;Sí;N/A;N/A;N/A;Sí;N/A;N/A;N/A;N/A;N/A;N/A;N/A;N/A;N/A;N/A;N/A;N/A;N/A;N/A;N/A;Sí;N/A;N/A;N/A;N/A;N/A;N/A;N/A;N/A;N/A;N/A;N/A;N/A;N/A;N/A;N/A;N/A;N/A;N/A;Sí;N/A;N/A;N/A;N/A;N/A;N/A;N/A;N/A;N/A;N/A;N/A;N/A;N/A;N/A;N/A;N/A;N/A;Sí;Sí;N/A;N/A;N/A;N/A;N/A;N/A;N/A;N/A;N/A;N/A;N/A;N/A;N/A;N/A;N/A;N/A;N/A;N/A;N/A;N/A;N/A;N/A;N/A;N/A;N/A;N/A;N/A;N/A;N/A;N/A;N/A;N/A;N/A;Sí;Sí;Sí;Sí;Sí;Sí;Sí;N/A;Sí;Sí;N/A;N/A;N/A;No;Sí;Sí;N/A;Sí;Sí;Sí;Sí;N/A;N/A;Sí;N/A;Sí
Nissan;Frontier;"CL Cabina Sencilla";2024;"0 km";;RECRULSA;37818;;;;;Melo;https://auto.mercadolibre.com.uy/MLU-666270396-nissan-frontier-cl-cabina-sencilla-_JM;N/A;;"Nissan Frontier Cl Cabina Sencilla";USD;Sí;silver;false;N/A;N/A;http://perfil.mercadolibre.com.uy/RECRULSA;active;N/A;N/A;Nuevo;N/A;N/A;N/A;N/A;N/A;N/A;N/A;N/A;N/A;N/A;N/A;N/A;N/A;N/A;N/A;N/A;N/A;N/A;N/A;N/A;N/A;N/A;N/A;N/A;N/A;N/A;N/A;N/A;N/A;N/A;N/A;N/A;N/A;N/A;N/A;N/A;N/A;N/A;N/A;N/A;N/A;N/A;N/A;N/A;N/A;N/A;N/A;N/A;N/A;N/A;N/A;N/A;N/A;N/A;N/A;N/A;N/A;N/A;N/A;N/A;N/A;N/A;N/A;N/A;N/A;N/A;N/A;N/A;N/A;N/A;N/A;N/A;N/A;N/A;N/A;N/A;N/A;N/A;N/A;N/A;N/A;N/A;N/A;N/A;N/A;N/A;N/A;N/A;N/A;N/A;N/A;N/A;N/A;N/A;N/A;N/A;N/A;N/A;N/A;N/A;N/A;N/A;N/A;N/A;N/A;N/A;N/A;N/A;2;N/A;Diésel;N/A;N/A;"Autos y camionetas";N/A;N/A;N/A;N/A;N/A;N/A;N/A;N/A;N/A;N/A;N/A;N/A;N/A;N/A;N/A;N/A;N/A;N/A;N/A;N/A;N/A;N/A;N/A;N/A;N/A;N/A;N/A;N/A;N/A;N/A;N/A;N/A;N/A;N/A;N/A;N/A;N/A;N/A;N/A;N/A;N/A;N/A;N/A;N/A;N/A;N/A;N/A;N/A;N/A;N/A;N/A;N/A;N/A;N/A;N/A;N/A;N/A;N/A;N/A;N/A;N/A;N/A;N/A;N/A;N/A;N/A;N/A;N/A;N/A;N/A;N/A;N/A;N/A;N/A;N/A;N/A;N/A;N/A;N/A;N/A;N/A;N/A;N/A;N/A;N/A;N/A;N/A;N/A;N/A;N/A;N/A;N/A;N/A;N/A;N/A;N/A;N/A;N/A;N/A;N/A;N/A;N/A;N/A;N/A;N/A;N/A;N/A;N/A;N/A;N/A;N/A;N/A;N/A;N/A;N/A;N/A;N/A;N/A;N/A;N/A;N/A;N/A
Nissan;Versa;"1.6 Sense";2023;"2500 km";;DANELLOSERGIO;22900;;;;;Maroñas;https://auto.mercadolibre.com.uy/MLU-666007136-nissan-versa-sense-ano-2023-full-22900-dolares-_JM;N/A;;"Nissan Versa Sense Año 2023 Full 22900 Dolares ";usd;Sí;silver;false;N/A;N/A;http://perfil.mercadolibre.com.uy/DANELLOSERGIO;active;N/A;N/A;Usado;Gris;N/A;Hidráulica;Delantera;Sí;N/A;N/A;N/A;N/A;N/A;N/A;N/A;N/A;N/A;N/A;N/A;N/A;N/A;N/A;N/A;N/A;N/A;N/A;N/A;N/A;N/A;N/A;N/A;N/A;"2600 mm";"1.6 L";"41 L";5;N/A;N/A;N/A;N/A;N/A;N/A;N/A;N/A;N/A;N/A;N/A;N/A;N/A;N/A;N/A;N/A;N/A;N/A;N/A;N/A;N/A;N/A;N/A;N/A;N/A;N/A;N/A;N/A;N/A;N/A;N/A;N/A;N/A;Sí;Sí;N/A;N/A;N/A;N/A;N/A;N/A;N/A;N/A;N/A;N/A;"1506 mm";"4492 mm";N/A;N/A;N/A;N/A;5;"106 hp";Sense;N/A;4;"1695 mm";N/A;N/A;N/A;N/A;N/A;N/A;N/A;Sí;N/A;N/A;N/A;N/A;N/A;N/A;N/A;N/A;N/A;"9 A 21";4;1.6;Nafta;Manual;Sedán;"Autos y camionetas";N/A;N/A;N/A;N/A;N/A;N/A;UY;N/A;N/A;N/A;N/A;N/A;N/A;N/A;N/A;N/A;N/A;N/A;N/A;N/A;N/A;N/A;N/A;N/A;N/A;N/A;N/A;N/A;N/A;N/A;N/A;N/A;N/A;N/A;N/A;N/A;N/A;N/A;N/A;N/A;N/A;N/A;N/A;N/A;N/A;N/A;N/A;N/A;N/A;N/A;N/A;N/A;N/A;N/A;N/A;N/A;N/A;N/A;N/A;N/A;N/A;N/A;N/A;N/A;N/A;N/A;N/A;N/A;N/A;N/A;N/A;N/A;N/A;N/A;N/A;N/A;N/A;N/A;N/A;N/A;N/A;N/A;N/A;N/A;N/A;N/A;N/A;N/A;N/A;N/A;N/A;N/A;N/A;N/A;N/A;N/A;Sí;N/A;N/A;N/A;N/A;N/A;N/A;N/A;N/A;Sí;N/A;N/A;N/A;N/A;N/A;N/A;Sí;N/A;Sí;N/A;N/A;N/A;N/A;Sí;N/A;N/A
Nissan;Sentra;"1.8 Exclusive At";2018;"100000 km";;"HAUSSER MOTORS";20900;;;;;Rosario;https://auto.mercadolibre.com.uy/MLU-635134719-nissan-sentra-exclusive-_JM;N/A;;"Nissan Sentra Exclusive ";usd;Sí;silver;false;N/A;N/A;http://perfil.mercadolibre.com.uy/HAUSSER+MOTORS;active;N/A;N/A;Usado;Blanco;N/A;Hidráulica;Delantera;Sí;N/A;N/A;N/A;N/A;N/A;N/A;N/A;Sí;N/A;N/A;N/A;Sí;N/A;N/A;N/A;N/A;N/A;N/A;N/A;N/A;N/A;N/A;N/A;N/A;"2700 mm";"1.8 L";"52 L";N/A;N/A;N/A;N/A;N/A;N/A;N/A;N/A;N/A;N/A;N/A;N/A;N/A;N/A;N/A;N/A;N/A;N/A;N/A;N/A;N/A;N/A;N/A;N/A;N/A;N/A;N/A;N/A;N/A;N/A;N/A;N/A;N/A;N/A;Sí;Sí;N/A;N/A;Sí;N/A;N/A;N/A;N/A;N/A;N/A;N/A;"1509 mm";"4636 mm";N/A;N/A;N/A;N/A;5;"129 hp";Exclusive;N/A;4;"1761 mm";N/A;N/A;N/A;Sí;Sí;N/A;N/A;Sí;N/A;Sí;N/A;N/A;N/A;N/A;N/A;N/A;N/A;"Lun. A Vie. 8 a 12 y 14:30 a 19 hs. Sáb. 8:30 a 12:30 hs.";4;1.8;Nafta;Automática;Sedán;"Autos y camionetas";N/A;N/A;N/A;N/A;N/A;N/A;UY;N/A;N/A;N/A;N/A;N/A;N/A;N/A;N/A;N/A;N/A;N/A;N/A;N/A;N/A;N/A;N/A;N/A;Sí;N/A;N/A;N/A;N/A;N/A;N/A;N/A;N/A;N/A;N/A;N/A;N/A;N/A;N/A;N/A;N/A;N/A;N/A;N/A;N/A;N/A;N/A;N/A;N/A;N/A;N/A;N/A;N/A;N/A;N/A;N/A;N/A;N/A;N/A;N/A;N/A;N/A;N/A;N/A;N/A;N/A;N/A;N/A;N/A;N/A;N/A;N/A;N/A;N/A;N/A;N/A;N/A;N/A;N/A;N/A;N/A;N/A;N/A;N/A;N/A;N/A;N/A;N/A;N/A;N/A;N/A;N/A;N/A;N/A;N/A;N/A;Sí;Sí;Sí;N/A;Sí;N/A;N/A;Sí;N/A;Sí;N/A;N/A;N/A;N/A;N/A;N/A;Sí;N/A;Sí;N/A;N/A;N/A;N/A;Sí;N/A;Sí
Nissan;Versa;"1.6 Advance Mt";2015;"131000 km";;"SAINTDIEGO AUTOMOVILES";12490;;;;;Malvin;https://auto.mercadolibre.com.uy/MLU-664979622-nissan-versa-2016-15-16-advance-extrafull-unico-dueno-_JM;N/A;;"Nissan Versa 2016-15 1.6 Advance Extrafull Unico Dueño";usd;Sí;silver;false;N/A;N/A;http://perfil.mercadolibre.com.uy/SAINTDIEGO+AUTOMOVILES;active;N/A;N/A;Usado;Blanco;Sí;Hidráulica;Delantera;Sí;Sí;N/A;N/A;N/A;N/A;N/A;N/A;No;N/A;N/A;Sí;Sí;N/A;Sí;N/A;N/A;N/A;N/A;N/A;N/A;N/A;N/A;N/A;N/A;"2600 mm";"1.6 L";"41 L";N/A;N/A;N/A;N/A;N/A;N/A;Sí;N/A;N/A;N/A;N/A;N/A;N/A;N/A;N/A;N/A;N/A;N/A;N/A;N/A;N/A;N/A;N/A;N/A;N/A;N/A;N/A;N/A;N/A;N/A;N/A;N/A;N/A;N/A;N/A;N/A;N/A;N/A;N/A;N/A;N/A;N/A;N/A;N/A;N/A;N/A;"1506 mm";"4492 mm";N/A;N/A;N/A;N/A;5;N/A;Advance;N/A;N/A;"1695 mm";N/A;No;N/A;N/A;Sí;N/A;Sí;Sí;N/A;N/A;N/A;N/A;N/A;N/A;N/A;N/A;N/A;N/A;4;1.6;Nafta;Manual;Sedán;"Autos y camionetas";No;N/A;N/A;N/A;No;N/A;UY;N/A;Sí;N/A;No;N/A;N/A;N/A;N/A;N/A;N/A;N/A;N/A;N/A;N/A;N/A;N/A;N/A;Sí;N/A;N/A;N/A;N/A;N/A;N/A;N/A;N/A;N/A;N/A;N/A;N/A;N/A;N/A;N/A;N/A;N/A;N/A;No;N/A;N/A;N/A;N/A;N/A;N/A;N/A;N/A;N/A;N/A;N/A;N/A;N/A;N/A;N/A;N/A;N/A;No;Sí;N/A;N/A;N/A;N/A;N/A;N/A;N/A;N/A;N/A;N/A;N/A;N/A;N/A;N/A;N/A;N/A;N/A;N/A;N/A;N/A;N/A;N/A;N/A;N/A;N/A;N/A;N/A;N/A;N/A;N/A;N/A;N/A;No;Sí;Sí;Sí;N/A;Sí;N/A;N/A;N/A;N/A;Sí;No;Sí;Sí;N/A;N/A;Sí;Sí;Sí;Sí;Sí;Sí;Sí;N/A;Sí;N/A;Sí
Nissan;Kicks;"1.6 Advance";2020;"81000 km";;RENAULTPUNTADELESTE;21900;;;;;"Punta del Este";https://auto.mercadolibre.com.uy/MLU-634719555-nissan-kicks-_JM;N/A;;"Nissan Kicks";usd;Sí;silver;false;N/A;N/A;http://perfil.mercadolibre.com.uy/RENAULTPUNTADELESTE;active;N/A;N/A;Usado;Gris;N/A;Hidráulica;Delantera;Sí;N/A;N/A;N/A;N/A;N/A;N/A;N/A;N/A;N/A;N/A;N/A;N/A;N/A;N/A;N/A;N/A;N/A;N/A;N/A;N/A;N/A;N/A;N/A;N/A;"2620 mm";"1.6 L";"50 L";5;N/A;N/A;N/A;N/A;N/A;N/A;N/A;N/A;N/A;N/A;N/A;N/A;N/A;N/A;N/A;N/A;N/A;N/A;N/A;N/A;N/A;N/A;N/A;N/A;N/A;N/A;N/A;N/A;N/A;N/A;N/A;N/A;N/A;Sí;Sí;N/A;N/A;N/A;N/A;N/A;N/A;N/A;N/A;N/A;N/A;"1590 mm";"4295 mm";N/A;N/A;N/A;N/A;5;"118 hp";Advance;N/A;4;"1760 mm";N/A;N/A;N/A;N/A;N/A;N/A;N/A;N/A;N/A;N/A;N/A;N/A;N/A;N/A;N/A;N/A;N/A;"lunes a viernes 9hs a 18hs sabados de 9hs a 13hs";5;1.6;Nafta;Manual;SUV;"Autos y camionetas";N/A;N/A;N/A;N/A;N/A;N/A;UY;N/A;N/A;N/A;N/A;N/A;N/A;N/A;N/A;N/A;N/A;N/A;N/A;N/A;N/A;N/A;N/A;N/A;N/A;N/A;N/A;N/A;N/A;N/A;N/A;N/A;N/A;N/A;N/A;N/A;N/A;N/A;N/A;N/A;N/A;N/A;N/A;N/A;N/A;N/A;N/A;N/A;N/A;N/A;N/A;N/A;N/A;N/A;N/A;N/A;N/A;N/A;N/A;N/A;N/A;N/A;N/A;N/A;N/A;N/A;N/A;N/A;N/A;N/A;N/A;N/A;N/A;N/A;N/A;N/A;N/A;N/A;N/A;N/A;N/A;N/A;N/A;N/A;N/A;N/A;N/A;N/A;N/A;N/A;N/A;N/A;N/A;N/A;N/A;N/A;N/A;N/A;N/A;N/A;N/A;N/A;N/A;N/A;N/A;N/A;N/A;N/A;N/A;N/A;N/A;N/A;Sí;N/A;Sí;N/A;N/A;N/A;N/A;Sí;N/A;Sí
Nissan;Sentra;"4 puertas";1997;"67000 km";;DOMLUCAS2007;5700;;;;;Malvin;https://auto.mercadolibre.com.uy/MLU-662097782-nissan-sentra-4-puertas-_JM;N/A;;"Nissan Sentra 4 Puertas";USD;Sí;silver;false;N/A;N/A;http://perfil.mercadolibre.com.uy/DOMLUCAS2007;active;N/A;N/A;Usado;Dorado;N/A;Mecánica;Delantera;N/A;N/A;N/A;N/A;N/A;N/A;N/A;N/A;N/A;N/A;N/A;N/A;N/A;N/A;N/A;N/A;N/A;N/A;N/A;N/A;N/A;N/A;N/A;N/A;N/A;N/A;N/A;N/A;N/A;N/A;N/A;N/A;N/A;N/A;N/A;N/A;N/A;N/A;N/A;N/A;N/A;N/A;N/A;N/A;N/A;N/A;N/A;N/A;N/A;N/A;N/A;N/A;N/A;N/A;N/A;N/A;N/A;N/A;N/A;N/A;N/A;N/A;N/A;N/A;N/A;N/A;N/A;N/A;N/A;N/A;N/A;N/A;N/A;N/A;N/A;N/A;N/A;N/A;N/A;N/A;N/A;N/A;N/A;N/A;N/A;N/A;N/A;N/A;N/A;N/A;N/A;N/A;N/A;N/A;N/A;N/A;N/A;N/A;N/A;N/A;N/A;N/A;N/A;N/A;5;Nafta;Nafta;Manual;Sedán;"Autos y camionetas";N/A;N/A;N/A;N/A;N/A;N/A;N/A;N/A;N/A;N/A;N/A;N/A;N/A;N/A;N/A;N/A;N/A;N/A;N/A;N/A;N/A;N/A;N/A;N/A;N/A;N/A;N/A;N/A;N/A;N/A;N/A;N/A;N/A;N/A;N/A;N/A;N/A;N/A;N/A;N/A;N/A;N/A;N/A;N/A;N/A;N/A;N/A;N/A;N/A;N/A;N/A;N/A;N/A;N/A;N/A;N/A;N/A;N/A;N/A;N/A;N/A;N/A;N/A;N/A;N/A;N/A;N/A;N/A;N/A;N/A;N/A;N/A;N/A;N/A;N/A;N/A;N/A;N/A;N/A;N/A;N/A;N/A;N/A;N/A;N/A;N/A;N/A;N/A;N/A;N/A;N/A;N/A;N/A;N/A;N/A;N/A;N/A;N/A;N/A;N/A;N/A;N/A;N/A;N/A;N/A;N/A;N/A;N/A;N/A;N/A;N/A;N/A;N/A;N/A;N/A;N/A;N/A;N/A;N/A;N/A;N/A;N/A
Nissan;March;"1.6 Sr Navi Mt";2017;"110000 km";;PROAAUTOMOVILES;12800;;;;;"La Comercial";https://auto.mercadolibre.com.uy/MLU-660545100-nissan-march-2017-16-sr-navi-mt-_JM;N/A;;"Nissan March 2017 1.6 Sr Navi Mt";usd;Sí;silver;false;N/A;N/A;http://perfil.mercadolibre.com.uy/PROAAUTOMOVILES;active;N/A;N/A;Usado;Negro;N/A;Hidráulica;Delantera;Sí;N/A;N/A;N/A;Sí;N/A;N/A;N/A;N/A;N/A;N/A;N/A;N/A;N/A;N/A;N/A;N/A;N/A;N/A;N/A;N/A;N/A;N/A;N/A;N/A;"2450 mm";"1.6 L";"41 L";5;N/A;N/A;N/A;N/A;N/A;N/A;N/A;N/A;N/A;N/A;N/A;N/A;N/A;N/A;N/A;N/A;N/A;N/A;N/A;N/A;N/A;N/A;N/A;N/A;N/A;N/A;N/A;N/A;N/A;N/A;N/A;N/A;N/A;Sí;Sí;N/A;N/A;N/A;N/A;N/A;N/A;N/A;N/A;N/A;N/A;"1532 mm";"3827 mm";N/A;N/A;N/A;N/A;5;"106 hp";Sr;N/A;4;"1665 mm";N/A;N/A;N/A;N/A;N/A;N/A;N/A;Sí;N/A;N/A;N/A;N/A;N/A;N/A;N/A;N/A;N/A;N/A;5;1.6;Nafta;Manual;Hatchback;"Autos y camionetas";N/A;N/A;N/A;N/A;N/A;N/A;UY;N/A;N/A;N/A;N/A;N/A;N/A;N/A;N/A;N/A;N/A;N/A;N/A;N/A;N/A;N/A;N/A;N/A;N/A;N/A;N/A;N/A;N/A;N/A;N/A;N/A;N/A;N/A;N/A;N/A;N/A;N/A;N/A;N/A;N/A;N/A;N/A;N/A;N/A;N/A;N/A;N/A;N/A;N/A;N/A;N/A;N/A;N/A;N/A;N/A;N/A;N/A;N/A;N/A;N/A;N/A;N/A;N/A;N/A;N/A;N/A;N/A;N/A;N/A;N/A;N/A;N/A;N/A;N/A;N/A;N/A;N/A;N/A;N/A;N/A;N/A;N/A;N/A;N/A;N/A;N/A;N/A;N/A;N/A;N/A;N/A;N/A;N/A;N/A;N/A;Sí;N/A;Sí;N/A;N/A;N/A;N/A;Sí;N/A;Sí;N/A;N/A;N/A;N/A;N/A;N/A;Sí;N/A;Sí;N/A;Sí;N/A;N/A;Sí;N/A;Sí
Nissan;"NP300 Frontier";"2.5 Le Aa Mt";2016;"335232 km";;"NICOLASTEJERA AUTOMOVILES";24900;;;;;Tala;https://auto.mercadolibre.com.uy/MLU-660467232-nissan-np300-frontier-2016-25-le-aa-mt-_JM;N/A;;"Nissan Np300 Frontier 2016 2.5 Le Aa Mt";usd;Sí;silver;false;N/A;N/A;http://perfil.mercadolibre.com.uy/NICOLASTEJERA+AUTOMOVILES;active;N/A;N/A;Usado;Blanco;No;Hidráulica;Trasera;Sí;Sí;N/A;N/A;N/A;No;N/A;N/A;No;N/A;N/A;No;N/A;N/A;N/A;N/A;N/A;N/A;N/A;N/A;N/A;N/A;N/A;N/A;N/A;"3150 mm";"2.5 L";"80 L";6;N/A;N/A;N/A;N/A;N/A;N/A;N/A;N/A;N/A;N/A;N/A;N/A;N/A;N/A;N/A;N/A;N/A;N/A;N/A;N/A;N/A;N/A;N/A;N/A;N/A;N/A;N/A;N/A;N/A;N/A;N/A;N/A;N/A;Sí;Sí;N/A;N/A;N/A;N/A;N/A;N/A;N/A;N/A;N/A;N/A;"1819 mm";"5258 mm";N/A;N/A;N/A;N/A;N/A;"158 hp";Le;N/A;4;"1850 mm";N/A;No;N/A;N/A;Sí;N/A;No;Sí;N/A;N/A;N/A;N/A;No;N/A;N/A;N/A;N/A;N/A;5;2.5;Diésel;Manual;Pick-Up;"Autos y camionetas";No;N/A;N/A;N/A;No;N/A;UY;N/A;Sí;N/A;Sí;N/A;N/A;N/A;N/A;N/A;N/A;N/A;N/A;N/A;N/A;N/A;N/A;N/A;Sí;N/A;N/A;N/A;N/A;N/A;N/A;N/A;N/A;N/A;N/A;N/A;N/A;N/A;N/A;N/A;N/A;N/A;N/A;No;N/A;N/A;N/A;N/A;N/A;N/A;N/A;N/A;N/A;N/A;N/A;N/A;N/A;N/A;N/A;N/A;N/A;No;Sí;N/A;N/A;N/A;N/A;N/A;N/A;N/A;N/A;N/A;N/A;N/A;N/A;N/A;N/A;N/A;N/A;N/A;N/A;N/A;N/A;N/A;N/A;N/A;N/A;N/A;N/A;N/A;N/A;N/A;N/A;N/A;N/A;No;Sí;No;Sí;N/A;Sí;N/A;N/A;Sí;N/A;Sí;No;Sí;Sí;N/A;N/A;Sí;Sí;No;Sí;Sí;N/A;Sí;N/A;Sí;N/A;Sí
Nissan;Versa;"1.6 Advance 5vel Mt";2012;"120000 km";;DANELLOSERGIO;10900;;;;;Maroñas;https://auto.mercadolibre.com.uy/MLU-634335555-nissan-versa-16-ano-2012-full-al-dia-10900-dolares-_JM;N/A;;"Nissan Versa 1.6 Año 2012 Full Al Dia 10900 Dolares";usd;Sí;silver;false;N/A;N/A;http://perfil.mercadolibre.com.uy/DANELLOSERGIO;active;N/A;N/A;Usado;Rojo;N/A;Hidráulica;Delantera;Sí;N/A;N/A;N/A;N/A;N/A;N/A;N/A;N/A;N/A;N/A;N/A;N/A;N/A;N/A;N/A;N/A;N/A;N/A;N/A;N/A;N/A;N/A;N/A;N/A;N/A;"1.6 L";N/A;N/A;N/A;N/A;N/A;N/A;N/A;N/A;N/A;N/A;N/A;N/A;N/A;N/A;N/A;N/A;N/A;N/A;N/A;N/A;N/A;N/A;N/A;N/A;N/A;N/A;N/A;N/A;N/A;N/A;N/A;N/A;N/A;N/A;N/A;N/A;N/A;N/A;N/A;N/A;N/A;N/A;N/A;N/A;N/A;N/A;N/A;N/A;N/A;N/A;N/A;N/A;N/A;N/A;N/A;Advance;N/A;N/A;N/A;N/A;N/A;N/A;N/A;N/A;N/A;N/A;N/A;N/A;N/A;N/A;N/A;N/A;N/A;N/A;N/A;N/A;"9 A 21";4;1.6;Nafta;Manual;Hatchback;"Autos y camionetas";N/A;N/A;N/A;N/A;N/A;N/A;UY;N/A;N/A;N/A;N/A;N/A;N/A;N/A;N/A;N/A;N/A;N/A;N/A;N/A;N/A;N/A;N/A;N/A;N/A;N/A;N/A;N/A;N/A;N/A;N/A;N/A;N/A;N/A;N/A;N/A;N/A;N/A;N/A;N/A;N/A;N/A;N/A;N/A;N/A;N/A;N/A;N/A;N/A;N/A;N/A;N/A;N/A;N/A;N/A;N/A;N/A;N/A;N/A;N/A;N/A;N/A;N/A;N/A;N/A;N/A;N/A;N/A;N/A;N/A;N/A;N/A;N/A;N/A;N/A;N/A;N/A;N/A;N/A;N/A;N/A;N/A;N/A;N/A;N/A;N/A;N/A;N/A;N/A;N/A;N/A;N/A;N/A;N/A;N/A;N/A;Sí;N/A;N/A;N/A;N/A;N/A;N/A;N/A;N/A;N/A;N/A;N/A;N/A;N/A;N/A;N/A;N/A;N/A;Sí;N/A;N/A;N/A;N/A;N/A;N/A;N/A
Nissan;Note;"1.6 Note Sense Mt";2015;"111000 km";;GRUIZ_AUTOMOVILES;12500;;;;;Centro;https://auto.mercadolibre.com.uy/MLU-660025480-nissan-note-sense-_JM;N/A;;"Nissan Note Sense";usd;Sí;silver;false;N/A;N/A;http://perfil.mercadolibre.com.uy/GRUIZ_AUTOMOVILES;active;N/A;N/A;Usado;Rojo;N/A;Hidráulica;Delantera;Sí;N/A;N/A;N/A;N/A;N/A;N/A;N/A;N/A;N/A;N/A;N/A;N/A;N/A;N/A;N/A;N/A;N/A;N/A;N/A;N/A;N/A;N/A;N/A;N/A;"2600 mm";"1.6 L";"41 L";N/A;N/A;N/A;N/A;N/A;N/A;N/A;N/A;N/A;N/A;N/A;N/A;N/A;N/A;N/A;N/A;N/A;N/A;N/A;N/A;N/A;N/A;N/A;N/A;N/A;N/A;N/A;N/A;N/A;N/A;N/A;N/A;N/A;N/A;N/A;N/A;N/A;N/A;N/A;N/A;N/A;N/A;N/A;N/A;N/A;N/A;"1537 mm";"4142 mm";N/A;N/A;N/A;N/A;5;"109 hp";Sense;N/A;N/A;N/A;N/A;N/A;N/A;N/A;N/A;N/A;N/A;N/A;N/A;N/A;N/A;N/A;N/A;N/A;N/A;N/A;N/A;"Lunes a Viernes de 9 a 18:30 hs";5;1.6;Nafta;Manual;Hatchback;"Autos y camionetas";N/A;N/A;N/A;N/A;N/A;N/A;UY;N/A;Sí;N/A;Sí;N/A;N/A;N/A;N/A;N/A;N/A;N/A;N/A;N/A;N/A;N/A;N/A;N/A;N/A;N/A;N/A;N/A;N/A;N/A;N/A;N/A;N/A;N/A;N/A;N/A;N/A;N/A;N/A;N/A;N/A;N/A;N/A;N/A;N/A;N/A;N/A;N/A;N/A;N/A;N/A;N/A;N/A;N/A;N/A;N/A;N/A;N/A;N/A;N/A;N/A;N/A;Sí;N/A;N/A;N/A;N/A;N/A;N/A;N/A;N/A;N/A;N/A;N/A;N/A;N/A;N/A;N/A;N/A;N/A;N/A;N/A;N/A;N/A;N/A;N/A;N/A;N/A;N/A;N/A;N/A;N/A;N/A;N/A;N/A;N/A;Sí;N/A;N/A;N/A;N/A;N/A;N/A;N/A;N/A;N/A;N/A;N/A;N/A;N/A;N/A;N/A;N/A;N/A;Sí;N/A;N/A;N/A;N/A;N/A;N/A;N/A
Nissan;March;"1.6 Drive Mt";2013;"167000 km";;AMAYAMOTORS;9300;;;;;Centro;https://auto.mercadolibre.com.uy/MLU-659764590-nissan-march-full-amaya-_JM;N/A;;"Nissan March Full Amaya";usd;Sí;silver;false;N/A;N/A;http://perfil.mercadolibre.com.uy/AMAYAMOTORS;active;N/A;N/A;Usado;Rojo;Sí;Hidráulica;Delantera;Sí;Sí;N/A;N/A;N/A;N/A;N/A;N/A;N/A;N/A;N/A;Sí;N/A;N/A;N/A;N/A;N/A;N/A;N/A;N/A;N/A;N/A;N/A;N/A;N/A;"2450 mm";"1.6 L";"41 L";N/A;N/A;N/A;N/A;N/A;N/A;N/A;N/A;N/A;N/A;N/A;N/A;N/A;N/A;N/A;N/A;N/A;N/A;N/A;N/A;N/A;N/A;N/A;N/A;N/A;N/A;N/A;N/A;N/A;N/A;N/A;N/A;N/A;N/A;N/A;N/A;N/A;N/A;N/A;N/A;N/A;N/A;N/A;N/A;N/A;N/A;"1528 mm";"3780 mm";N/A;N/A;N/A;N/A;5;"109 hp";Drive;N/A;N/A;"1665 mm";N/A;N/A;N/A;N/A;Sí;N/A;Sí;Sí;N/A;N/A;N/A;N/A;N/A;N/A;N/A;N/A;Sí;N/A;5;1.6;Nafta;Manual;Hatchback;"Autos y camionetas";N/A;N/A;N/A;N/A;N/A;N/A;UY;N/A;Sí;N/A;N/A;N/A;N/A;N/A;N/A;N/A;N/A;N/A;N/A;N/A;N/A;N/A;N/A;N/A;N/A;N/A;N/A;N/A;N/A;N/A;N/A;N/A;N/A;N/A;N/A;N/A;N/A;N/A;N/A;N/A;N/A;N/A;N/A;N/A;N/A;N/A;N/A;N/A;N/A;N/A;N/A;N/A;N/A;N/A;N/A;N/A;N/A;N/A;N/A;N/A;N/A;Sí;Sí;N/A;N/A;N/A;N/A;N/A;N/A;N/A;N/A;N/A;N/A;N/A;N/A;N/A;N/A;N/A;N/A;N/A;N/A;N/A;N/A;N/A;N/A;N/A;N/A;N/A;N/A;N/A;N/A;N/A;N/A;N/A;N/A;N/A;Sí;Sí;Sí;N/A;Sí;N/A;N/A;N/A;N/A;Sí;N/A;N/A;Sí;N/A;N/A;N/A;N/A;N/A;Sí;N/A;Sí;N/A;N/A;N/A;N/A;Sí
Nissan;X-Trail;"2.2 td intercooler";2009;"278600 km";;FEFR2788271;17200;;;;;N/A;https://auto.mercadolibre.com.uy/MLU-663238624-nissan-x-trail-22-td-intercooler-_JM;N/A;;"Nissan X-trail 2.2 Td Intercooler ";USD;Sí;silver;false;N/A;N/A;http://perfil.mercadolibre.com.uy/FEFR2788271;active;N/A;N/A;Usado;N/A;N/A;N/A;N/A;N/A;N/A;N/A;N/A;N/A;N/A;N/A;N/A;N/A;N/A;N/A;N/A;N/A;N/A;N/A;N/A;N/A;N/A;N/A;N/A;N/A;N/A;N/A;N/A;N/A;N/A;N/A;N/A;N/A;N/A;N/A;N/A;N/A;N/A;N/A;N/A;N/A;N/A;N/A;N/A;N/A;N/A;N/A;N/A;N/A;N/A;N/A;N/A;N/A;N/A;N/A;N/A;N/A;N/A;N/A;N/A;N/A;N/A;N/A;N/A;N/A;N/A;N/A;N/A;N/A;N/A;N/A;N/A;N/A;N/A;N/A;N/A;N/A;N/A;N/A;N/A;N/A;N/A;N/A;N/A;N/A;N/A;N/A;N/A;N/A;N/A;N/A;N/A;N/A;N/A;N/A;N/A;N/A;N/A;N/A;N/A;N/A;N/A;N/A;N/A;N/A;N/A;N/A;N/A;5;N/A;Diésel;N/A;N/A;"Autos y camionetas";N/A;N/A;N/A;N/A;N/A;N/A;N/A;N/A;N/A;N/A;N/A;N/A;N/A;N/A;N/A;N/A;N/A;N/A;N/A;N/A;N/A;N/A;N/A;N/A;N/A;N/A;N/A;N/A;N/A;N/A;N/A;N/A;N/A;N/A;N/A;N/A;N/A;N/A;N/A;N/A;N/A;N/A;N/A;N/A;N/A;N/A;N/A;N/A;N/A;N/A;N/A;N/A;N/A;N/A;N/A;N/A;N/A;N/A;N/A;N/A;N/A;N/A;N/A;N/A;N/A;N/A;N/A;N/A;N/A;N/A;N/A;N/A;N/A;N/A;N/A;N/A;N/A;N/A;N/A;N/A;N/A;N/A;N/A;N/A;N/A;N/A;N/A;N/A;N/A;N/A;N/A;N/A;N/A;N/A;N/A;N/A;N/A;N/A;N/A;N/A;N/A;N/A;N/A;N/A;N/A;N/A;N/A;N/A;N/A;N/A;N/A;N/A;N/A;N/A;N/A;N/A;N/A;N/A;N/A;N/A;N/A;N/A
Nissan;Versa;"FULL Automático";2014;"114521 km";;HILTON_MOTORS;11900;;;;;Centro;https://auto.mercadolibre.com.uy/MLU-633780809-nissan-versa-16-full-automatico-ano-2014-hilton-motors-co-_JM;N/A;;"Nissan Versa 1.6 Full Automático Año 2014 Hilton Motors Co";USD;Sí;silver;false;N/A;N/A;http://perfil.mercadolibre.com.uy/HILTON_MOTORS;active;N/A;N/A;Usado;Blanco;N/A;Asistida;Delantera;Sí;N/A;N/A;N/A;N/A;Sí;N/A;N/A;N/A;N/A;N/A;Sí;Sí;N/A;Sí;N/A;N/A;N/A;N/A;N/A;N/A;N/A;N/A;N/A;N/A;N/A;N/A;N/A;N/A;N/A;N/A;N/A;N/A;N/A;Sí;N/A;N/A;N/A;N/A;N/A;N/A;N/A;N/A;N/A;N/A;N/A;N/A;N/A;N/A;N/A;N/A;N/A;N/A;N/A;N/A;N/A;N/A;N/A;N/A;N/A;N/A;N/A;N/A;N/A;N/A;N/A;N/A;N/A;N/A;N/A;N/A;N/A;N/A;N/A;N/A;N/A;N/A;N/A;N/A;N/A;N/A;N/A;N/A;N/A;N/A;N/A;N/A;Sí;N/A;Sí;Sí;N/A;Sí;Sí;N/A;N/A;N/A;N/A;Sí;N/A;N/A;N/A;N/A;"Lunes a Viernes de 9 a 18hs";4;1600;Nafta;Automática;Sedán;"Autos y camionetas";N/A;N/A;N/A;N/A;N/A;N/A;N/A;N/A;N/A;N/A;N/A;N/A;N/A;N/A;N/A;N/A;N/A;N/A;N/A;N/A;N/A;N/A;N/A;N/A;N/A;N/A;N/A;N/A;N/A;N/A;N/A;N/A;N/A;N/A;N/A;N/A;N/A;N/A;N/A;N/A;N/A;N/A;N/A;N/A;N/A;N/A;N/A;N/A;N/A;N/A;N/A;N/A;N/A;N/A;N/A;N/A;N/A;N/A;N/A;N/A;N/A;N/A;N/A;N/A;N/A;N/A;N/A;N/A;N/A;N/A;N/A;N/A;N/A;N/A;N/A;N/A;N/A;N/A;N/A;N/A;N/A;N/A;N/A;N/A;N/A;N/A;N/A;N/A;N/A;N/A;N/A;N/A;N/A;N/A;N/A;N/A;Sí;Sí;N/A;N/A;Sí;N/A;N/A;N/A;N/A;Sí;N/A;N/A;N/A;N/A;N/A;N/A;Sí;N/A;Sí;Sí;Sí;N/A;Sí;Sí;N/A;Sí
Nissan;Sentra;-;2012;"150000 km";;AEROCAR2013;7990;;;;;Carrasco;https://auto.mercadolibre.com.uy/MLU-657137922-nissan-sentra-16-2012-impecable-aerocar-_JM;N/A;;"Nissan Sentra 1.6 2012 Impecable! Aerocar";USD;Sí;silver;false;N/A;N/A;http://perfil.mercadolibre.com.uy/AEROCAR2013;active;N/A;N/A;Usado;Blanco;N/A;Hidráulica;N/A;N/A;Sí;N/A;N/A;N/A;N/A;N/A;N/A;N/A;N/A;N/A;N/A;N/A;N/A;N/A;N/A;N/A;N/A;N/A;N/A;N/A;N/A;N/A;N/A;N/A;N/A;"1600 cc";N/A;5;N/A;N/A;N/A;N/A;N/A;N/A;Sí;N/A;N/A;N/A;N/A;N/A;N/A;N/A;N/A;N/A;N/A;N/A;N/A;N/A;N/A;N/A;N/A;N/A;N/A;N/A;N/A;N/A;N/A;N/A;N/A;N/A;N/A;N/A;N/A;N/A;N/A;N/A;N/A;N/A;N/A;N/A;N/A;N/A;N/A;N/A;N/A;N/A;N/A;N/A;N/A;N/A;N/A;N/A;N/A;N/A;N/A;"11 km/l";N/A;N/A;N/A;N/A;N/A;Sí;N/A;N/A;N/A;N/A;"15 km/l";N/A;N/A;N/A;N/A;N/A;"Lun. a Vie. de 9 a 18:30 hs. Sáb. de 9 a 14 hs.";4;1.6;Nafta;Manual;Sedán;"Autos y camionetas";No;N/A;N/A;N/A;No;N/A;N/A;No;Sí;No;No;N/A;N/A;N/A;N/A;N/A;N/A;N/A;N/A;N/A;N/A;N/A;N/A;N/A;N/A;N/A;N/A;N/A;N/A;N/A;N/A;N/A;N/A;N/A;N/A;N/A;N/A;N/A;N/A;N/A;N/A;N/A;N/A;N/A;N/A;N/A;N/A;N/A;N/A;N/A;N/A;N/A;N/A;N/A;N/A;N/A;N/A;N/A;N/A;N/A;N/A;N/A;No;N/A;N/A;N/A;N/A;N/A;N/A;N/A;N/A;N/A;N/A;N/A;N/A;N/A;N/A;N/A;N/A;N/A;N/A;N/A;N/A;N/A;N/A;N/A;N/A;N/A;N/A;N/A;N/A;N/A;N/A;N/A;N/A;N/A;N/A;Sí;Sí;N/A;N/A;N/A;N/A;N/A;Sí;N/A;N/A;N/A;N/A;N/A;N/A;N/A;N/A;N/A;N/A;N/A;N/A;N/A;N/A;N/A;N/A;N/A
Nissan;720;-;1991;"502800 km";;AUTOMERCADOKIAROSARIO;5900;;;;;Rosario;https://auto.mercadolibre.com.uy/MLU-657818538-nissan-720-24-1991-impecable-_JM;N/A;;"Nissan 720 2.4 1991 Impecable!";USD;Sí;silver;false;N/A;N/A;http://perfil.mercadolibre.com.uy/AUTOMERCADOKIAROSARIO;active;N/A;N/A;Usado;Blanco;N/A;Mecánica;N/A;N/A;N/A;N/A;N/A;N/A;N/A;N/A;N/A;N/A;N/A;N/A;N/A;N/A;N/A;N/A;N/A;N/A;N/A;N/A;N/A;N/A;N/A;N/A;N/A;N/A;N/A;"2400 cc";N/A;5;N/A;N/A;N/A;N/A;N/A;N/A;N/A;N/A;N/A;N/A;N/A;N/A;N/A;N/A;N/A;N/A;N/A;N/A;N/A;N/A;N/A;N/A;N/A;N/A;N/A;N/A;N/A;N/A;N/A;N/A;N/A;N/A;N/A;N/A;N/A;N/A;N/A;N/A;N/A;N/A;N/A;N/A;N/A;N/A;N/A;N/A;N/A;N/A;N/A;N/A;N/A;N/A;N/A;N/A;N/A;N/A;N/A;N/A;N/A;N/A;N/A;N/A;N/A;N/A;N/A;N/A;N/A;N/A;N/A;N/A;N/A;N/A;N/A;N/A;"Lun. a Vie. 8:30 a 12 y 14:30 a 19. Sáb. 8:30 a 12:30 hs";4;2.4;Diésel;Manual;Pick-Up;"Autos y camionetas";No;N/A;N/A;N/A;No;N/A;N/A;No;Sí;No;No;N/A;N/A;N/A;N/A;N/A;N/A;N/A;N/A;N/A;N/A;N/A;N/A;N/A;N/A;N/A;N/A;N/A;N/A;N/A;N/A;N/A;N/A;N/A;N/A;N/A;N/A;N/A;N/A;N/A;N/A;N/A;N/A;N/A;N/A;N/A;N/A;N/A;N/A;N/A;N/A;N/A;N/A;N/A;N/A;N/A;N/A;N/A;N/A;N/A;N/A;N/A;No;N/A;N/A;N/A;N/A;N/A;N/A;N/A;N/A;N/A;N/A;N/A;N/A;N/A;N/A;N/A;N/A;N/A;N/A;N/A;N/A;N/A;N/A;N/A;N/A;N/A;N/A;N/A;N/A;N/A;N/A;N/A;N/A;N/A;N/A;N/A;N/A;N/A;N/A;N/A;N/A;N/A;N/A;N/A;N/A;N/A;N/A;N/A;N/A;N/A;N/A;N/A;N/A;N/A;N/A;N/A;N/A;N/A;N/A;N/A
Nissan;Frontier;"Frontier SE";2023;"0 km";;RECRULSA;32328;;;;;Melo;https://auto.mercadolibre.com.uy/MLU-647739546-nissan-frontier-frontier-se-_JM;N/A;;"Nissan Frontier Frontier Se";USD;Sí;silver;false;N/A;N/A;http://perfil.mercadolibre.com.uy/RECRULSA;active;N/A;N/A;Nuevo;N/A;N/A;N/A;N/A;N/A;N/A;N/A;N/A;N/A;N/A;N/A;N/A;N/A;N/A;N/A;N/A;N/A;N/A;N/A;N/A;N/A;N/A;N/A;N/A;N/A;N/A;N/A;N/A;N/A;N/A;N/A;N/A;N/A;N/A;N/A;N/A;N/A;N/A;N/A;N/A;N/A;N/A;N/A;N/A;N/A;N/A;N/A;N/A;N/A;N/A;N/A;N/A;N/A;N/A;N/A;N/A;N/A;N/A;N/A;N/A;N/A;N/A;N/A;N/A;N/A;N/A;N/A;N/A;N/A;N/A;N/A;N/A;N/A;N/A;N/A;N/A;N/A;N/A;N/A;N/A;N/A;N/A;N/A;N/A;N/A;N/A;N/A;N/A;N/A;N/A;N/A;N/A;N/A;N/A;N/A;N/A;N/A;N/A;N/A;N/A;N/A;N/A;N/A;N/A;N/A;N/A;N/A;N/A;4;N/A;Nafta;N/A;N/A;"Autos y camionetas";N/A;N/A;N/A;N/A;N/A;N/A;N/A;N/A;N/A;N/A;N/A;N/A;N/A;N/A;N/A;N/A;N/A;N/A;N/A;N/A;N/A;N/A;N/A;N/A;N/A;N/A;N/A;N/A;N/A;N/A;N/A;N/A;N/A;N/A;N/A;N/A;N/A;N/A;N/A;N/A;N/A;N/A;N/A;N/A;N/A;N/A;N/A;N/A;N/A;N/A;N/A;N/A;N/A;N/A;N/A;N/A;N/A;N/A;N/A;N/A;N/A;N/A;N/A;N/A;N/A;N/A;N/A;N/A;N/A;N/A;N/A;N/A;N/A;N/A;N/A;N/A;N/A;N/A;N/A;N/A;N/A;N/A;N/A;N/A;N/A;N/A;N/A;N/A;N/A;N/A;N/A;N/A;N/A;N/A;N/A;N/A;N/A;N/A;N/A;N/A;N/A;N/A;N/A;N/A;N/A;N/A;N/A;N/A;N/A;N/A;N/A;N/A;N/A;N/A;N/A;N/A;N/A;N/A;N/A;N/A;N/A;N/A
Nissan;Frontier;"Frontier S";2023;"0 km";;RECRULSA;29888;;;;;Melo;https://auto.mercadolibre.com.uy/MLU-640953846-nissan-frontier-frontier-s-_JM;N/A;;"Nissan Frontier Frontier S";USD;Sí;silver;false;N/A;N/A;http://perfil.mercadolibre.com.uy/RECRULSA;active;N/A;N/A;Nuevo;N/A;N/A;N/A;N/A;N/A;N/A;N/A;N/A;N/A;N/A;N/A;N/A;N/A;N/A;N/A;N/A;N/A;N/A;N/A;N/A;N/A;N/A;N/A;N/A;N/A;N/A;N/A;N/A;N/A;N/A;N/A;N/A;N/A;N/A;N/A;N/A;N/A;N/A;N/A;N/A;N/A;N/A;N/A;N/A;N/A;N/A;N/A;N/A;N/A;N/A;N/A;N/A;N/A;N/A;N/A;N/A;N/A;N/A;N/A;N/A;N/A;N/A;N/A;N/A;N/A;N/A;N/A;N/A;N/A;N/A;N/A;N/A;N/A;N/A;N/A;N/A;N/A;N/A;N/A;N/A;N/A;N/A;N/A;N/A;N/A;N/A;N/A;N/A;N/A;N/A;N/A;N/A;N/A;N/A;N/A;N/A;N/A;N/A;N/A;N/A;N/A;N/A;N/A;N/A;N/A;N/A;N/A;N/A;4;N/A;Nafta;N/A;N/A;"Autos y camionetas";N/A;N/A;N/A;N/A;N/A;N/A;N/A;N/A;N/A;N/A;N/A;N/A;N/A;N/A;N/A;N/A;N/A;N/A;N/A;N/A;N/A;N/A;N/A;N/A;N/A;N/A;N/A;N/A;N/A;N/A;N/A;N/A;N/A;N/A;N/A;N/A;N/A;N/A;N/A;N/A;N/A;N/A;N/A;N/A;N/A;N/A;N/A;N/A;N/A;N/A;N/A;N/A;N/A;N/A;N/A;N/A;N/A;N/A;N/A;N/A;N/A;N/A;N/A;N/A;N/A;N/A;N/A;N/A;N/A;N/A;N/A;N/A;N/A;N/A;N/A;N/A;N/A;N/A;N/A;N/A;N/A;N/A;N/A;N/A;N/A;N/A;N/A;N/A;N/A;N/A;N/A;N/A;N/A;N/A;N/A;N/A;N/A;N/A;N/A;N/A;N/A;N/A;N/A;N/A;N/A;N/A;N/A;N/A;N/A;N/A;N/A;N/A;N/A;N/A;N/A;N/A;N/A;N/A;N/A;N/A;N/A;N/A
Nissan;Note;"1.6 Sense";2019;"81000 km";;AMAYASELECCIONADOS;16490;;;;;"Brazo Oriental";https://auto.mercadolibre.com.uy/MLU-658247430-nissan-note-sense-_JM;N/A;;"Nissan Note Sense";usd;Sí;silver;false;N/A;N/A;http://perfil.mercadolibre.com.uy/AMAYASELECCIONADOS;active;N/A;N/A;Usado;Azul;Sí;Hidráulica;Delantera;Sí;N/A;N/A;N/A;N/A;N/A;N/A;N/A;N/A;N/A;N/A;N/A;Sí;N/A;N/A;N/A;N/A;N/A;N/A;N/A;N/A;N/A;N/A;N/A;N/A;"2600 mm";"1598 cc";"41 L";5;N/A;N/A;N/A;N/A;N/A;N/A;N/A;N/A;N/A;N/A;N/A;N/A;N/A;N/A;N/A;N/A;N/A;N/A;N/A;N/A;N/A;N/A;N/A;N/A;N/A;Sí;N/A;N/A;N/A;N/A;N/A;N/A;N/A;N/A;N/A;N/A;N/A;N/A;N/A;N/A;N/A;N/A;N/A;N/A;N/A;"1535 mm";"4150 mm";N/A;N/A;N/A;N/A;5;"109 hp";Sense;N/A;4;N/A;N/A;N/A;N/A;N/A;N/A;N/A;N/A;Sí;N/A;N/A;N/A;N/A;N/A;N/A;N/A;N/A;N/A;N/A;5;1.6;Nafta;Manual;Hatchback;"Autos y camionetas";N/A;N/A;N/A;N/A;N/A;N/A;UY;N/A;N/A;N/A;N/A;N/A;N/A;N/A;N/A;N/A;N/A;N/A;N/A;N/A;N/A;N/A;N/A;N/A;N/A;N/A;N/A;N/A;N/A;N/A;N/A;N/A;N/A;N/A;N/A;N/A;N/A;N/A;N/A;N/A;N/A;N/A;N/A;N/A;N/A;N/A;N/A;N/A;N/A;N/A;N/A;N/A;N/A;N/A;N/A;N/A;N/A;N/A;N/A;N/A;N/A;N/A;N/A;N/A;N/A;N/A;N/A;N/A;N/A;N/A;N/A;N/A;N/A;N/A;N/A;N/A;N/A;N/A;N/A;N/A;N/A;N/A;N/A;N/A;N/A;N/A;N/A;N/A;N/A;N/A;N/A;N/A;N/A;N/A;N/A;N/A;Sí;N/A;Sí;N/A;N/A;N/A;N/A;N/A;N/A;Sí;N/A;N/A;N/A;N/A;N/A;N/A;N/A;N/A;Sí;N/A;N/A;N/A;N/A;N/A;N/A;N/A
Nissan;Frontier;"LE 7AT 4x4";2023;"0 km";;RECRULSA;66488;;;;;Melo;https://auto.mercadolibre.com.uy/MLU-634340224-nissan-frontier-le-7at-_JM;N/A;;"Nissan Frontier Le 7at";USD;Sí;silver;false;N/A;N/A;http://perfil.mercadolibre.com.uy/RECRULSA;active;N/A;N/A;Nuevo;N/A;N/A;N/A;N/A;N/A;N/A;N/A;N/A;N/A;N/A;N/A;N/A;N/A;N/A;N/A;N/A;N/A;N/A;N/A;N/A;N/A;N/A;N/A;N/A;N/A;N/A;N/A;N/A;N/A;N/A;N/A;N/A;N/A;N/A;N/A;N/A;N/A;N/A;N/A;N/A;N/A;N/A;N/A;N/A;N/A;N/A;N/A;N/A;N/A;N/A;N/A;N/A;N/A;N/A;N/A;N/A;N/A;N/A;N/A;N/A;N/A;N/A;N/A;N/A;N/A;N/A;N/A;N/A;N/A;N/A;N/A;N/A;N/A;N/A;N/A;N/A;N/A;N/A;N/A;N/A;N/A;N/A;N/A;N/A;N/A;N/A;N/A;N/A;N/A;N/A;N/A;N/A;N/A;N/A;N/A;N/A;N/A;N/A;N/A;N/A;N/A;N/A;N/A;N/A;N/A;N/A;N/A;N/A;4;N/A;Diésel;N/A;N/A;"Autos y camionetas";N/A;N/A;N/A;N/A;N/A;N/A;N/A;N/A;N/A;N/A;N/A;N/A;N/A;N/A;N/A;N/A;N/A;N/A;N/A;N/A;N/A;N/A;N/A;N/A;N/A;N/A;N/A;N/A;N/A;N/A;N/A;N/A;N/A;N/A;N/A;N/A;N/A;N/A;N/A;N/A;N/A;N/A;N/A;N/A;N/A;N/A;N/A;N/A;N/A;N/A;N/A;N/A;N/A;N/A;N/A;N/A;N/A;N/A;N/A;N/A;N/A;N/A;N/A;N/A;N/A;N/A;N/A;N/A;N/A;N/A;N/A;N/A;N/A;N/A;N/A;N/A;N/A;N/A;N/A;N/A;N/A;N/A;N/A;N/A;N/A;N/A;N/A;N/A;N/A;N/A;N/A;N/A;N/A;N/A;N/A;N/A;N/A;N/A;N/A;N/A;N/A;N/A;N/A;N/A;N/A;N/A;N/A;N/A;N/A;N/A;N/A;N/A;N/A;N/A;N/A;N/A;N/A;N/A;N/A;N/A;N/A;N/A
Nissan;Versa;"1.6 Sense";2023;"0 km";;"DELTACAR S.A.";25990;;;;;Mercedes;https://auto.mercadolibre.com.uy/MLU-633140890-new-versa-ph2-sense-_JM;N/A;;"New Versa Ph2 Sense";usd;Sí;silver;false;N/A;N/A;http://perfil.mercadolibre.com.uy/DELTACAR+S.A.;active;N/A;N/A;Nuevo;Gris;N/A;Hidráulica;Delantera;Sí;Sí;N/A;N/A;N/A;N/A;N/A;N/A;N/A;N/A;N/A;Sí;Sí;N/A;Sí;N/A;N/A;N/A;N/A;N/A;N/A;N/A;N/A;N/A;N/A;"2600 mm";"1.6 L";"41 L";5;N/A;N/A;N/A;N/A;N/A;N/A;N/A;N/A;N/A;N/A;N/A;N/A;N/A;N/A;N/A;N/A;N/A;N/A;N/A;N/A;N/A;N/A;N/A;N/A;N/A;N/A;N/A;N/A;N/A;N/A;N/A;N/A;N/A;Sí;Sí;N/A;N/A;N/A;N/A;N/A;N/A;N/A;N/A;N/A;N/A;"1506 mm";"4492 mm";N/A;N/A;N/A;N/A;5;"106 hp";Sense;N/A;4;"1695 mm";N/A;N/A;N/A;N/A;Sí;N/A;Sí;Sí;N/A;N/A;N/A;N/A;N/A;N/A;N/A;N/A;N/A;"todos los dias";4;1.6;Nafta;Manual;Sedán;"Autos y camionetas";Sí;N/A;N/A;N/A;Sí;N/A;UY;N/A;Sí;N/A;N/A;N/A;N/A;N/A;N/A;N/A;N/A;N/A;N/A;N/A;N/A;N/A;N/A;N/A;N/A;N/A;N/A;N/A;N/A;N/A;N/A;N/A;N/A;N/A;N/A;N/A;N/A;N/A;N/A;N/A;N/A;N/A;N/A;Sí;N/A;N/A;N/A;N/A;N/A;N/A;N/A;N/A;N/A;N/A;N/A;N/A;N/A;N/A;N/A;N/A;N/A;Sí;Sí;N/A;N/A;N/A;N/A;N/A;N/A;N/A;N/A;N/A;N/A;N/A;N/A;N/A;N/A;N/A;N/A;N/A;N/A;N/A;N/A;N/A;N/A;N/A;N/A;N/A;N/A;N/A;N/A;N/A;N/A;N/A;N/A;N/A;Sí;N/A;N/A;N/A;Sí;N/A;N/A;N/A;N/A;Sí;N/A;N/A;Sí;N/A;N/A;Sí;Sí;Sí;Sí;Sí;Sí;N/A;N/A;Sí;N/A;Sí
Nissan;Sentra;"1.7 DIESEL";1996;"15119 km";;"NICOLASTEJERA AUTOMOVILES";6500;;;;;Tala;https://auto.mercadolibre.com.uy/MLU-655378994-nissan-sentra-17-diesel-_JM;N/A;;"Nissan Sentra 1.7 Diesel ";USD;Sí;silver;false;N/A;N/A;http://perfil.mercadolibre.com.uy/NICOLASTEJERA+AUTOMOVILES;active;N/A;N/A;Usado;Blanco;N/A;Hidráulica;Delantera;Sí;N/A;N/A;N/A;N/A;N/A;N/A;N/A;N/A;N/A;N/A;N/A;Sí;N/A;N/A;N/A;N/A;N/A;N/A;N/A;N/A;N/A;N/A;N/A;N/A;N/A;N/A;N/A;N/A;N/A;N/A;N/A;N/A;N/A;N/A;N/A;N/A;N/A;N/A;N/A;N/A;N/A;N/A;N/A;N/A;N/A;N/A;N/A;N/A;N/A;N/A;N/A;N/A;N/A;N/A;N/A;N/A;N/A;N/A;N/A;N/A;N/A;N/A;N/A;N/A;N/A;N/A;N/A;N/A;N/A;N/A;N/A;N/A;N/A;N/A;N/A;N/A;N/A;N/A;N/A;N/A;N/A;N/A;N/A;N/A;N/A;N/A;N/A;N/A;N/A;N/A;N/A;Sí;N/A;N/A;N/A;N/A;N/A;N/A;N/A;N/A;N/A;N/A;N/A;5;1.700cc;Diésel;Manual;Sedán;"Autos y camionetas";N/A;N/A;N/A;N/A;N/A;N/A;N/A;N/A;Sí;N/A;N/A;N/A;N/A;N/A;N/A;N/A;N/A;N/A;N/A;N/A;N/A;N/A;N/A;N/A;N/A;N/A;N/A;N/A;N/A;N/A;N/A;N/A;N/A;N/A;N/A;N/A;N/A;N/A;N/A;N/A;N/A;N/A;N/A;N/A;N/A;N/A;N/A;N/A;N/A;N/A;N/A;N/A;N/A;N/A;N/A;N/A;N/A;N/A;N/A;N/A;N/A;N/A;N/A;N/A;N/A;N/A;N/A;N/A;N/A;N/A;N/A;N/A;N/A;N/A;N/A;N/A;N/A;N/A;N/A;N/A;N/A;N/A;N/A;N/A;N/A;N/A;N/A;N/A;N/A;N/A;N/A;N/A;N/A;N/A;N/A;N/A;N/A;N/A;N/A;N/A;N/A;N/A;N/A;N/A;N/A;N/A;N/A;N/A;Sí;N/A;N/A;N/A;N/A;Sí;N/A;N/A;N/A;N/A;N/A;N/A;N/A;N/A
Nissan;Sentra;"1.8 Advance Mt";2015;"60000 km";;SANTIACEVEDOK;16500;;;;;Atlántida;https://auto.mercadolibre.com.uy/MLU-665200396-nissan-sentra-2015-18-advance-mt-_JM;N/A;;"Nissan Sentra 2015 1.8 Advance Mt";usd;Sí;silver;false;N/A;N/A;http://perfil.mercadolibre.com.uy/SANTIACEVEDOK;active;N/A;N/A;Usado;N/A;N/A;Hidráulica;Delantera;Sí;N/A;N/A;N/A;N/A;N/A;N/A;N/A;N/A;N/A;N/A;N/A;N/A;N/A;N/A;N/A;N/A;N/A;N/A;N/A;N/A;N/A;N/A;N/A;N/A;"2700 mm";"1.8 L";"52 L";N/A;N/A;N/A;N/A;N/A;N/A;N/A;N/A;N/A;N/A;N/A;N/A;N/A;N/A;N/A;N/A;N/A;N/A;N/A;N/A;N/A;N/A;N/A;N/A;N/A;N/A;N/A;N/A;N/A;N/A;N/A;N/A;N/A;N/A;N/A;N/A;N/A;N/A;N/A;N/A;N/A;N/A;N/A;N/A;N/A;N/A;"1505 mm";"4625 mm";N/A;N/A;N/A;N/A;5;N/A;Advance;N/A;N/A;"1761 mm";N/A;N/A;N/A;N/A;N/A;N/A;N/A;N/A;N/A;N/A;N/A;N/A;N/A;N/A;N/A;N/A;N/A;N/A;4;1.8;Nafta;Manual;Sedán;"Autos y camionetas";N/A;N/A;N/A;N/A;N/A;N/A;UY;N/A;N/A;N/A;N/A;N/A;N/A;N/A;N/A;N/A;N/A;N/A;N/A;N/A;N/A;N/A;N/A;N/A;N/A;N/A;N/A;N/A;N/A;N/A;N/A;N/A;N/A;N/A;N/A;N/A;N/A;N/A;N/A;N/A;N/A;N/A;N/A;N/A;N/A;N/A;N/A;N/A;N/A;N/A;N/A;N/A;N/A;N/A;N/A;N/A;N/A;N/A;N/A;N/A;N/A;N/A;N/A;N/A;N/A;N/A;N/A;N/A;N/A;N/A;N/A;N/A;N/A;N/A;N/A;N/A;N/A;N/A;N/A;N/A;N/A;N/A;N/A;N/A;N/A;N/A;N/A;N/A;N/A;N/A;N/A;N/A;N/A;N/A;N/A;N/A;Sí;N/A;N/A;N/A;N/A;N/A;N/A;N/A;N/A;N/A;N/A;N/A;N/A;N/A;N/A;N/A;N/A;N/A;Sí;N/A;N/A;N/A;N/A;N/A;N/A;N/A
Nissan;"New Sentra SR CVT";"SR CVT";2023;"0 km";;"DELTACAR S.A.";37240;;;;;Mercedes;https://auto.mercadolibre.com.uy/MLU-660060208-nissan-sentra-b18-sr-cvt-bordo-_JM;N/A;;" Nissan Sentra B18 Sr Cvt Bordo";USD;Sí;silver;false;N/A;N/A;http://perfil.mercadolibre.com.uy/DELTACAR+S.A.;active;N/A;N/A;Nuevo;Rojo;N/A;Asistida;4x2;N/A;Sí;Sí;Sí;N/A;Sí;Sí;Sí;Sí;N/A;Sí;Sí;Sí;Sí;Sí;N/A;N/A;N/A;N/A;N/A;N/A;N/A;N/A;N/A;N/A;N/A;N/A;N/A;N/A;N/A;N/A;N/A;N/A;N/A;N/A;N/A;N/A;N/A;N/A;N/A;N/A;N/A;N/A;N/A;N/A;N/A;N/A;N/A;N/A;N/A;N/A;N/A;Sí;N/A;N/A;N/A;N/A;N/A;N/A;N/A;N/A;N/A;N/A;N/A;N/A;N/A;N/A;N/A;N/A;N/A;N/A;N/A;N/A;N/A;N/A;N/A;N/A;N/A;N/A;N/A;N/A;N/A;N/A;N/A;N/A;N/A;N/A;N/A;N/A;Sí;Sí;N/A;Sí;Sí;Sí;N/A;Sí;N/A;N/A;N/A;N/A;N/A;N/A;"todos los dias";4;2.0;Nafta;Automática;Sedán;"Autos y camionetas";Sí;N/A;N/A;N/A;N/A;N/A;N/A;Sí;Sí;N/A;N/A;N/A;N/A;N/A;N/A;N/A;N/A;N/A;N/A;N/A;N/A;N/A;N/A;N/A;N/A;N/A;N/A;N/A;N/A;N/A;N/A;N/A;N/A;N/A;N/A;N/A;N/A;N/A;N/A;N/A;N/A;N/A;N/A;Sí;N/A;N/A;N/A;N/A;N/A;N/A;N/A;N/A;N/A;N/A;N/A;N/A;N/A;N/A;N/A;N/A;N/A;Sí;Sí;N/A;N/A;N/A;N/A;N/A;N/A;N/A;N/A;N/A;N/A;N/A;N/A;N/A;N/A;N/A;N/A;N/A;N/A;N/A;N/A;N/A;N/A;N/A;N/A;N/A;N/A;N/A;N/A;N/A;N/A;N/A;N/A;N/A;Sí;Sí;Sí;Sí;Sí;Sí;Sí;N/A;Sí;Sí;N/A;Sí;Sí;N/A;Sí;Sí;Sí;Sí;Sí;Sí;Sí;N/A;N/A;Sí;N/A;Sí
Nissan;Tiida;"1.8 Emotion Mt";2010;"156000 km";;"ZENEX URUGUAY";9900;;;;;Malvin;https://auto.mercadolibre.com.uy/MLU-661843306-nissan-tiida-2010-18-mt-_JM;N/A;;"Nissan Tiida 2010 1.8 Mt";usd;Sí;silver;false;N/A;N/A;http://perfil.mercadolibre.com.uy/ZENEX+URUGUAY;active;N/A;N/A;Usado;N/A;No;Hidráulica;Delantera;Sí;Sí;N/A;N/A;N/A;No;N/A;N/A;No;N/A;N/A;No;Sí;N/A;No;N/A;N/A;N/A;N/A;N/A;N/A;N/A;N/A;N/A;N/A;"2600 mm";"1.8 L";"52.4 L";N/A;N/A;N/A;N/A;N/A;N/A;No;N/A;N/A;N/A;N/A;N/A;N/A;N/A;N/A;N/A;N/A;N/A;N/A;N/A;N/A;N/A;N/A;N/A;N/A;N/A;N/A;N/A;N/A;N/A;N/A;N/A;N/A;N/A;N/A;N/A;N/A;N/A;N/A;N/A;N/A;N/A;N/A;N/A;N/A;N/A;"1548 mm";"4297 mm";N/A;N/A;N/A;N/A;N/A;N/A;Emotion;N/A;N/A;"1695 mm";N/A;No;N/A;No;Sí;N/A;No;No;N/A;No;N/A;N/A;No;N/A;N/A;N/A;Sí;N/A;5;1.8;Nafta;Manual;Hatchback;"Autos y camionetas";N/A;N/A;N/A;N/A;N/A;N/A;UY;N/A;Sí;N/A;N/A;N/A;N/A;N/A;N/A;N/A;N/A;N/A;N/A;N/A;N/A;N/A;N/A;N/A;No;N/A;N/A;N/A;N/A;N/A;N/A;N/A;N/A;N/A;N/A;N/A;N/A;N/A;N/A;N/A;N/A;N/A;N/A;N/A;N/A;N/A;N/A;N/A;N/A;N/A;N/A;N/A;N/A;N/A;N/A;N/A;N/A;N/A;N/A;N/A;N/A;N/A;N/A;N/A;N/A;N/A;N/A;N/A;N/A;N/A;N/A;N/A;N/A;N/A;N/A;N/A;N/A;N/A;N/A;N/A;N/A;N/A;N/A;N/A;N/A;N/A;N/A;N/A;N/A;N/A;N/A;N/A;N/A;N/A;N/A;No;Sí;No;Sí;N/A;Sí;N/A;N/A;N/A;N/A;Sí;No;No;Sí;N/A;N/A;No;No;Sí;Sí;Sí;N/A;Sí;N/A;N/A;N/A;N/A
Nissan;Kicks;"SENSE, ADVANCE Y EXCLUSIVE";2023;"0 km";;SOLYCARAUTOMOVILES;28990;;;;;Solymar;https://auto.mercadolibre.com.uy/MLU-665452736-nissan-kicks-sense-adv-y-exclusive-0km-_JM;N/A;;"Nissan Kicks Sense, Adv.  Y Exclusive 0km!!";usd;Sí;silver;false;N/A;N/A;http://perfil.mercadolibre.com.uy/SOLYCARAUTOMOVILES;active;N/A;N/A;Nuevo;Azul;N/A;Hidráulica;Delantera;Sí;Sí;Sí;N/A;Sí;N/A;N/A;Sí;Sí;N/A;N/A;Sí;Sí;N/A;Sí;N/A;N/A;N/A;N/A;N/A;N/A;N/A;N/A;N/A;N/A;N/A;"1600 cc";N/A;5;N/A;N/A;Sí;Sí;Sí;N/A;N/A;N/A;N/A;N/A;N/A;N/A;N/A;N/A;N/A;N/A;N/A;N/A;N/A;N/A;N/A;N/A;N/A;Sí;N/A;Sí;N/A;Sí;N/A;N/A;N/A;N/A;N/A;N/A;N/A;N/A;Sí;N/A;N/A;N/A;N/A;N/A;Sí;N/A;N/A;N/A;N/A;N/A;N/A;N/A;N/A;N/A;"118 hp";N/A;N/A;N/A;N/A;N/A;N/A;N/A;Sí;Sí;Sí;Sí;Sí;Sí;N/A;N/A;N/A;N/A;N/A;N/A;N/A;Sí;"Lun. a Vie. de 9:30 a 18:30 hs. Sáb. de 9:30 a 14 hs";5;1.6;Nafta;Manual;SUV;"Autos y camionetas";No;N/A;N/A;N/A;No;N/A;UY;No;Sí;No;No;N/A;N/A;N/A;N/A;N/A;N/A;N/A;N/A;N/A;N/A;N/A;N/A;N/A;N/A;N/A;N/A;N/A;N/A;N/A;N/A;N/A;N/A;N/A;N/A;N/A;N/A;N/A;N/A;N/A;N/A;N/A;N/A;Sí;N/A;N/A;N/A;N/A;N/A;N/A;N/A;N/A;N/A;N/A;N/A;N/A;N/A;N/A;N/A;N/A;N/A;Sí;No;N/A;N/A;N/A;N/A;N/A;N/A;N/A;N/A;N/A;N/A;N/A;N/A;N/A;N/A;N/A;N/A;N/A;N/A;N/A;N/A;N/A;N/A;N/A;N/A;N/A;N/A;N/A;N/A;N/A;N/A;N/A;N/A;N/A;Sí;N/A;Sí;Sí;Sí;Sí;Sí;N/A;Sí;Sí;N/A;Sí;N/A;N/A;Sí;Sí;Sí;N/A;Sí;Sí;Sí;N/A;N/A;Sí;N/A;Sí
Nissan;D-21;D21;2006;"106000 km";;NIGE3422579;20900;;;;;Florida;https://auto.mercadolibre.com.uy/MLU-666151034-nissan-d21-d21-_JM;N/A;;"Nissan D21 D21";USD;No;silver;false;N/A;N/A;http://perfil.mercadolibre.com.uy/NIGE3422579;active;N/A;N/A;Usado;N/A;N/A;N/A;N/A;N/A;N/A;N/A;N/A;N/A;N/A;N/A;N/A;N/A;N/A;N/A;N/A;N/A;N/A;N/A;N/A;N/A;N/A;N/A;N/A;N/A;N/A;N/A;N/A;N/A;N/A;N/A;N/A;N/A;N/A;N/A;N/A;N/A;N/A;N/A;N/A;N/A;N/A;N/A;N/A;N/A;N/A;N/A;N/A;N/A;N/A;N/A;N/A;N/A;N/A;N/A;N/A;N/A;N/A;N/A;N/A;N/A;N/A;N/A;N/A;N/A;N/A;N/A;N/A;N/A;N/A;N/A;N/A;N/A;N/A;N/A;N/A;N/A;N/A;N/A;N/A;N/A;N/A;N/A;N/A;N/A;N/A;N/A;N/A;N/A;N/A;N/A;N/A;N/A;N/A;N/A;N/A;N/A;N/A;N/A;N/A;N/A;N/A;N/A;N/A;N/A;N/A;N/A;N/A;4;N/A;Diésel;N/A;N/A;"Autos y camionetas";N/A;N/A;N/A;N/A;N/A;N/A;N/A;N/A;N/A;N/A;N/A;N/A;N/A;N/A;N/A;N/A;N/A;N/A;N/A;N/A;N/A;N/A;N/A;N/A;N/A;N/A;N/A;N/A;N/A;N/A;N/A;N/A;N/A;N/A;N/A;N/A;N/A;N/A;N/A;N/A;N/A;N/A;N/A;N/A;N/A;N/A;N/A;N/A;N/A;N/A;N/A;N/A;N/A;N/A;N/A;N/A;N/A;N/A;N/A;N/A;N/A;N/A;N/A;N/A;N/A;N/A;N/A;N/A;N/A;N/A;N/A;N/A;N/A;N/A;N/A;N/A;N/A;N/A;N/A;N/A;N/A;N/A;N/A;N/A;N/A;N/A;N/A;N/A;N/A;N/A;N/A;N/A;N/A;N/A;N/A;N/A;N/A;N/A;N/A;N/A;N/A;N/A;N/A;N/A;N/A;N/A;N/A;N/A;N/A;N/A;N/A;N/A;N/A;N/A;N/A;N/A;N/A;N/A;N/A;N/A;N/A;N/A
Nissan;Versa;"1.6 Exclusive At";2021;"104000 km";;MUSSINIAUTOMOVILES;20900;;;;;"San José de Mayo";https://auto.mercadolibre.com.uy/MLU-666163140-nissan-versa-_JM;N/A;;"Nissan Versa ";usd;Sí;silver;false;N/A;N/A;http://perfil.mercadolibre.com.uy/MUSSINIAUTOMOVILES;active;N/A;N/A;Usado;Azul;N/A;Hidráulica;Delantera;Sí;N/A;N/A;N/A;Sí;N/A;N/A;N/A;Sí;N/A;N/A;N/A;N/A;N/A;N/A;N/A;N/A;N/A;N/A;N/A;N/A;N/A;N/A;N/A;N/A;"2600 mm";"1.6 L";"41 L";4;N/A;N/A;N/A;N/A;N/A;N/A;N/A;N/A;N/A;N/A;N/A;N/A;N/A;N/A;N/A;N/A;N/A;N/A;N/A;N/A;N/A;N/A;N/A;N/A;N/A;N/A;N/A;N/A;N/A;N/A;N/A;N/A;N/A;Sí;Sí;N/A;N/A;N/A;N/A;N/A;N/A;N/A;N/A;N/A;N/A;"1506 mm";"4465 mm";N/A;N/A;N/A;N/A;5;"106 hp";Exclusive;N/A;4;"1695 mm";N/A;N/A;N/A;N/A;N/A;N/A;N/A;Sí;N/A;N/A;N/A;N/A;N/A;N/A;N/A;N/A;N/A;N/A;4;1.6;Nafta;Automática;Sedán;"Autos y camionetas";N/A;N/A;N/A;N/A;N/A;N/A;UY;N/A;N/A;N/A;N/A;N/A;N/A;N/A;N/A;N/A;N/A;N/A;N/A;N/A;N/A;N/A;N/A;N/A;N/A;N/A;N/A;N/A;N/A;N/A;N/A;N/A;N/A;N/A;N/A;N/A;N/A;N/A;N/A;N/A;N/A;N/A;N/A;N/A;N/A;N/A;N/A;N/A;N/A;N/A;N/A;N/A;N/A;N/A;N/A;N/A;N/A;N/A;N/A;N/A;N/A;N/A;N/A;N/A;N/A;N/A;N/A;N/A;N/A;N/A;N/A;N/A;N/A;N/A;N/A;N/A;N/A;N/A;N/A;N/A;N/A;N/A;N/A;N/A;N/A;N/A;N/A;N/A;N/A;N/A;N/A;N/A;N/A;N/A;N/A;N/A;Sí;N/A;Sí;N/A;N/A;N/A;N/A;Sí;N/A;Sí;N/A;N/A;N/A;N/A;N/A;N/A;Sí;N/A;Sí;N/A;N/A;N/A;N/A;Sí;N/A;N/A
Nissan;Kicks;Advance;2019;"87000 km";;VENDOAUTOSMARCELO;19900;;;;;"Paso de Carrasco";https://auto.mercadolibre.com.uy/MLU-665679544-nissan-kicks-advance-16-2019-muy-buen-estado-_JM;N/A;;"Nissan Kicks Advance 1.6 2019 Muy Buen Estado!";usd;Sí;silver;false;N/A;N/A;http://perfil.mercadolibre.com.uy/VENDOAUTOSMARCELO;active;N/A;N/A;Usado;Blanco;Sí;Hidráulica;N/A;Sí;N/A;Sí;N/A;N/A;N/A;N/A;N/A;N/A;N/A;N/A;N/A;Sí;N/A;N/A;N/A;N/A;N/A;N/A;N/A;N/A;N/A;N/A;N/A;N/A;N/A;"1600 cc";N/A;5;N/A;N/A;N/A;N/A;N/A;N/A;N/A;N/A;N/A;N/A;N/A;N/A;N/A;N/A;N/A;N/A;N/A;N/A;N/A;N/A;N/A;N/A;N/A;N/A;N/A;N/A;N/A;N/A;N/A;N/A;N/A;N/A;N/A;N/A;N/A;N/A;N/A;N/A;N/A;N/A;N/A;N/A;Sí;N/A;N/A;N/A;N/A;N/A;N/A;N/A;N/A;N/A;"115 hp";Advance;N/A;N/A;N/A;"12 km/l";N/A;N/A;N/A;N/A;N/A;N/A;N/A;N/A;N/A;N/A;"15 km/l";N/A;N/A;N/A;N/A;N/A;"Lun. a Vie. de 8:30 a 18 hs. Sáb. de 9 a 13 hs.";4;1.6;Nafta;Manual;Sedán;"Autos y camionetas";No;N/A;N/A;N/A;No;N/A;UY;No;Sí;No;No;N/A;N/A;N/A;N/A;N/A;N/A;N/A;N/A;N/A;N/A;N/A;N/A;N/A;N/A;N/A;N/A;N/A;N/A;N/A;N/A;N/A;N/A;N/A;N/A;N/A;N/A;N/A;N/A;N/A;N/A;N/A;N/A;N/A;N/A;N/A;N/A;N/A;N/A;N/A;N/A;N/A;N/A;N/A;N/A;N/A;N/A;N/A;N/A;N/A;N/A;Sí;No;N/A;N/A;N/A;N/A;N/A;N/A;N/A;N/A;N/A;N/A;N/A;N/A;N/A;N/A;N/A;N/A;N/A;N/A;N/A;N/A;N/A;N/A;N/A;N/A;N/A;N/A;N/A;N/A;N/A;N/A;N/A;N/A;N/A;Sí;N/A;N/A;N/A;Sí;N/A;Sí;N/A;Sí;Sí;N/A;N/A;N/A;N/A;N/A;N/A;N/A;N/A;Sí;N/A;Sí;N/A;N/A;N/A;N/A;N/A
Nissan;Frontier;"4x2 XE";2020;"170517 km";;"ARBELECHE AUTOMOVILES";29990;;;;;Carmelo;https://auto.mercadolibre.com.uy/MLU-664735626-nissan-frontier-4x2-xe-25-arbeleche-_JM;N/A;;"Nissan Frontier 4x2 Xe 2.5 - Arbeleche";USD;Sí;silver;false;N/A;N/A;http://perfil.mercadolibre.com.uy/ARBELECHE+AUTOMOVILES;active;N/A;N/A;Usado;Blanco;N/A;Eléctrica;N/A;N/A;N/A;Sí;N/A;N/A;N/A;Sí;N/A;N/A;N/A;N/A;N/A;Sí;N/A;N/A;N/A;N/A;N/A;N/A;N/A;N/A;N/A;N/A;N/A;N/A;N/A;"2500 cc";N/A;6;N/A;N/A;Sí;Sí;Sí;N/A;N/A;N/A;N/A;N/A;N/A;N/A;N/A;N/A;N/A;N/A;N/A;N/A;N/A;N/A;N/A;N/A;N/A;Sí;N/A;N/A;N/A;N/A;N/A;N/A;N/A;N/A;N/A;N/A;N/A;N/A;N/A;N/A;N/A;N/A;N/A;N/A;Sí;N/A;N/A;N/A;N/A;N/A;N/A;N/A;N/A;N/A;N/A;Xe;N/A;N/A;N/A;N/A;N/A;N/A;Sí;N/A;Sí;N/A;Sí;N/A;N/A;N/A;N/A;N/A;N/A;N/A;N/A;N/A;"L 9 a 12 y 14 a 19. M a V 8 a 12 y 14 a 19 hs.";4;2.5;Diésel;Manual;Pick-Up;"Autos y camionetas";No;N/A;N/A;N/A;No;N/A;N/A;No;Sí;No;No;N/A;N/A;N/A;N/A;N/A;N/A;N/A;N/A;N/A;N/A;N/A;N/A;N/A;Sí;N/A;N/A;N/A;N/A;N/A;N/A;N/A;N/A;N/A;N/A;N/A;N/A;N/A;N/A;N/A;N/A;N/A;N/A;N/A;N/A;N/A;N/A;N/A;N/A;N/A;N/A;N/A;N/A;N/A;N/A;N/A;N/A;N/A;N/A;N/A;N/A;N/A;No;N/A;Sí;N/A;N/A;N/A;N/A;N/A;N/A;N/A;N/A;N/A;N/A;N/A;N/A;N/A;N/A;N/A;N/A;N/A;N/A;N/A;N/A;N/A;N/A;N/A;N/A;N/A;N/A;N/A;Sí;N/A;N/A;N/A;Sí;N/A;N/A;N/A;Sí;N/A;N/A;N/A;Sí;Sí;Sí;N/A;N/A;N/A;N/A;Sí;Sí;N/A;Sí;Sí;Sí;Sí;N/A;N/A;N/A;Sí
Nissan;Versa;"full 1.6";2013;"141000 km";;VENDOAUTOSMARCELO;11900;;;;;"Paso de Carrasco";https://auto.mercadolibre.com.uy/MLU-664511212-nissan-versa-full-16-16-2013-muy-buen-estado-_JM;N/A;;"Nissan Versa Full 1.6 1.6 2013 Muy Buen Estado!";USD;Sí;silver;false;N/A;N/A;http://perfil.mercadolibre.com.uy/VENDOAUTOSMARCELO;active;N/A;N/A;Usado;Azul;N/A;Hidráulica;N/A;Sí;Sí;Sí;N/A;N/A;N/A;Sí;N/A;N/A;N/A;Sí;N/A;Sí;N/A;N/A;N/A;N/A;N/A;N/A;N/A;N/A;N/A;N/A;N/A;N/A;N/A;"1600 cc";N/A;5;N/A;N/A;N/A;N/A;N/A;N/A;N/A;N/A;N/A;N/A;N/A;N/A;N/A;N/A;N/A;N/A;N/A;N/A;N/A;N/A;N/A;N/A;N/A;Sí;N/A;N/A;N/A;N/A;N/A;N/A;N/A;N/A;N/A;N/A;N/A;N/A;N/A;N/A;N/A;N/A;N/A;N/A;Sí;N/A;N/A;N/A;N/A;N/A;N/A;N/A;N/A;N/A;"116 hp";N/A;N/A;N/A;N/A;"12 km/l";N/A;N/A;N/A;Sí;N/A;Sí;N/A;N/A;N/A;N/A;"15 km/l";N/A;N/A;N/A;N/A;N/A;"Lun. a Vie. de 8:30 a 18 hs. Sáb. de 9 a 13 hs.";4;1.6;Nafta;Manual;Sedán;"Autos y camionetas";No;N/A;N/A;N/A;No;N/A;N/A;No;Sí;No;No;N/A;N/A;N/A;N/A;N/A;N/A;N/A;N/A;N/A;N/A;N/A;N/A;N/A;N/A;N/A;N/A;N/A;N/A;N/A;N/A;N/A;N/A;N/A;N/A;N/A;N/A;N/A;N/A;N/A;N/A;N/A;N/A;N/A;N/A;N/A;N/A;N/A;N/A;N/A;N/A;N/A;N/A;N/A;N/A;N/A;N/A;N/A;N/A;N/A;N/A;Sí;No;N/A;N/A;N/A;N/A;N/A;N/A;N/A;N/A;N/A;N/A;N/A;N/A;N/A;N/A;N/A;N/A;N/A;N/A;N/A;N/A;N/A;N/A;N/A;N/A;N/A;N/A;N/A;N/A;N/A;N/A;N/A;N/A;N/A;Sí;Sí;N/A;N/A;Sí;N/A;Sí;N/A;N/A;Sí;N/A;N/A;N/A;N/A;N/A;N/A;N/A;N/A;Sí;Sí;Sí;N/A;N/A;Sí;N/A;Sí
Nissan;Sentra;"Gss 5vel Aa Abs Ba Cd Mt";1998;"200000 km";;ISSOGARAGE;6300;;;;;Carrasco;https://auto.mercadolibre.com.uy/MLU-664041714-nissan-sentra-ex-saloon-_JM;N/A;;"Nissan Sentra Ex Saloon";usd;Sí;silver;false;N/A;N/A;http://perfil.mercadolibre.com.uy/ISSOGARAGE;active;N/A;N/A;Usado;Rojo;No;Hidráulica;Delantera;Sí;No;N/A;N/A;N/A;No;N/A;N/A;No;N/A;N/A;No;No;N/A;No;N/A;N/A;N/A;N/A;N/A;N/A;N/A;N/A;N/A;N/A;N/A;"1.6 L";N/A;N/A;N/A;N/A;N/A;N/A;N/A;No;N/A;N/A;N/A;N/A;N/A;N/A;N/A;N/A;N/A;N/A;N/A;N/A;N/A;N/A;N/A;N/A;N/A;N/A;N/A;N/A;N/A;N/A;N/A;No;N/A;N/A;N/A;N/A;N/A;N/A;N/A;N/A;N/A;N/A;N/A;N/A;N/A;N/A;N/A;N/A;N/A;N/A;N/A;N/A;N/A;N/A;N/A;Gss;N/A;N/A;N/A;N/A;No;N/A;No;Sí;N/A;No;No;N/A;No;N/A;N/A;No;No;N/A;N/A;No;N/A;4;1.6;Nafta;Manual;Coupé;"Autos y camionetas";No;N/A;N/A;N/A;No;N/A;UY;N/A;Sí;N/A;No;N/A;N/A;N/A;N/A;N/A;N/A;N/A;N/A;N/A;N/A;N/A;N/A;N/A;No;N/A;N/A;N/A;N/A;N/A;N/A;N/A;N/A;N/A;N/A;N/A;N/A;N/A;N/A;N/A;N/A;N/A;N/A;No;N/A;N/A;N/A;N/A;N/A;N/A;N/A;N/A;N/A;N/A;N/A;N/A;N/A;N/A;N/A;N/A;N/A;No;No;N/A;N/A;N/A;N/A;N/A;N/A;N/A;N/A;N/A;N/A;N/A;N/A;N/A;N/A;N/A;N/A;N/A;N/A;N/A;N/A;N/A;N/A;N/A;N/A;N/A;N/A;N/A;N/A;N/A;N/A;N/A;N/A;No;Sí;Sí;No;N/A;No;N/A;N/A;N/A;N/A;No;No;No;No;N/A;N/A;No;No;No;Sí;Sí;No;No;No;No;N/A;No
Nissan;Tiida;"1.8 Premium Mt";2011;"203000 km";;SIPE7949630;8900;;;;;Solymar;https://auto.mercadolibre.com.uy/MLU-634708073-nissan-tiida-2011-18-premium-mt-_JM;N/A;;"Nissan Tiida 2011 1.8 Premium Mt";usd;Sí;silver;false;N/A;N/A;http://perfil.mercadolibre.com.uy/SIPE7949630;active;N/A;N/A;Usado;N/A;N/A;Hidráulica;Delantera;Sí;N/A;N/A;N/A;N/A;N/A;N/A;N/A;N/A;N/A;N/A;N/A;N/A;N/A;N/A;N/A;N/A;N/A;N/A;N/A;N/A;N/A;N/A;N/A;N/A;"2600 mm";"1.8 L";"52 L";N/A;N/A;N/A;N/A;N/A;N/A;N/A;N/A;N/A;N/A;N/A;N/A;N/A;N/A;N/A;N/A;N/A;N/A;N/A;N/A;N/A;N/A;N/A;N/A;N/A;N/A;N/A;N/A;N/A;N/A;N/A;N/A;N/A;N/A;N/A;N/A;N/A;N/A;N/A;N/A;N/A;N/A;N/A;N/A;N/A;N/A;"1548 mm";"4297 mm";N/A;N/A;N/A;N/A;N/A;N/A;Premium;N/A;N/A;"1695 mm";N/A;N/A;N/A;N/A;N/A;N/A;N/A;N/A;N/A;N/A;N/A;N/A;N/A;N/A;N/A;N/A;N/A;N/A;5;1.8;Nafta;Manual;Hatchback;"Autos y camionetas";N/A;N/A;N/A;N/A;N/A;N/A;UY;N/A;N/A;N/A;N/A;N/A;N/A;N/A;N/A;N/A;N/A;N/A;N/A;N/A;N/A;N/A;N/A;N/A;N/A;N/A;N/A;N/A;N/A;N/A;N/A;N/A;N/A;N/A;N/A;N/A;N/A;N/A;N/A;N/A;N/A;N/A;N/A;N/A;N/A;N/A;N/A;N/A;N/A;N/A;N/A;N/A;N/A;N/A;N/A;N/A;N/A;N/A;N/A;N/A;N/A;N/A;N/A;N/A;N/A;N/A;N/A;N/A;N/A;N/A;N/A;N/A;N/A;N/A;N/A;N/A;N/A;N/A;N/A;N/A;N/A;N/A;N/A;N/A;N/A;N/A;N/A;N/A;N/A;N/A;N/A;N/A;N/A;N/A;N/A;N/A;Sí;N/A;N/A;N/A;N/A;N/A;N/A;N/A;N/A;N/A;N/A;N/A;N/A;N/A;N/A;N/A;N/A;N/A;Sí;N/A;N/A;N/A;N/A;N/A;N/A;N/A
Nissan;March;-;2016;"122000 km";;AEROCAR2023;12990;;;;;"Barra de Carrasco";https://auto.mercadolibre.com.uy/MLU-634687641-nissan-march-16-2016-impecable-aerocar-_JM;N/A;;"Nissan March 1.6 2016 Impecable! Aerocar";USD;Sí;silver;false;N/A;N/A;http://perfil.mercadolibre.com.uy/AEROCAR2023;active;N/A;N/A;Usado;Negro;N/A;Hidráulica;N/A;Sí;Sí;N/A;N/A;N/A;N/A;Sí;N/A;N/A;N/A;N/A;N/A;N/A;N/A;N/A;N/A;N/A;N/A;N/A;N/A;N/A;N/A;N/A;N/A;N/A;N/A;"1600 cc";N/A;5;N/A;N/A;N/A;N/A;N/A;N/A;N/A;N/A;N/A;N/A;N/A;N/A;N/A;N/A;N/A;N/A;N/A;N/A;N/A;N/A;N/A;N/A;N/A;Sí;N/A;N/A;N/A;N/A;N/A;N/A;N/A;N/A;N/A;N/A;N/A;N/A;N/A;N/A;N/A;N/A;N/A;N/A;N/A;N/A;N/A;N/A;N/A;N/A;N/A;N/A;N/A;N/A;N/A;N/A;N/A;N/A;N/A;N/A;N/A;N/A;N/A;N/A;N/A;Sí;N/A;N/A;N/A;N/A;N/A;N/A;N/A;N/A;N/A;N/A;"Lun. a Vie. de 9 a 19 hs. Sáb. de 10 a 14 hs.";4;1.6;Nafta;Manual;Hatchback;"Autos y camionetas";No;N/A;N/A;N/A;No;N/A;N/A;No;Sí;No;No;N/A;N/A;N/A;N/A;N/A;N/A;N/A;N/A;N/A;N/A;N/A;N/A;N/A;N/A;N/A;N/A;N/A;N/A;N/A;N/A;N/A;N/A;N/A;N/A;N/A;N/A;N/A;N/A;N/A;N/A;N/A;N/A;N/A;N/A;N/A;N/A;N/A;N/A;N/A;N/A;N/A;N/A;N/A;N/A;N/A;N/A;N/A;N/A;N/A;N/A;N/A;No;N/A;N/A;N/A;N/A;N/A;N/A;N/A;N/A;N/A;N/A;N/A;N/A;N/A;N/A;N/A;N/A;N/A;N/A;N/A;N/A;N/A;N/A;N/A;N/A;N/A;N/A;N/A;N/A;N/A;N/A;N/A;N/A;N/A;Sí;Sí;N/A;N/A;Sí;N/A;Sí;N/A;N/A;Sí;N/A;N/A;N/A;N/A;N/A;N/A;N/A;N/A;Sí;Sí;Sí;Sí;N/A;Sí;Sí;Sí
Nissan;Frontier;"D22 2.4cc";2010;"145000 km";;SOCA2950916;11000;;;;;"Paso de la Arena";https://auto.mercadolibre.com.uy/MLU-662827078-nissan-frontier-d22-24cc-_JM;N/A;;"Nissan Frontier D22 2.4cc";USD;Sí;silver;false;N/A;N/A;http://perfil.mercadolibre.com.uy/SOCA2950916;active;N/A;N/A;Usado;N/A;N/A;N/A;N/A;N/A;N/A;N/A;N/A;N/A;N/A;N/A;N/A;N/A;N/A;N/A;N/A;N/A;N/A;N/A;N/A;N/A;N/A;N/A;N/A;N/A;N/A;N/A;N/A;N/A;N/A;N/A;N/A;N/A;N/A;N/A;N/A;N/A;N/A;N/A;N/A;N/A;N/A;N/A;N/A;N/A;N/A;N/A;N/A;N/A;N/A;N/A;N/A;N/A;N/A;N/A;N/A;N/A;N/A;N/A;N/A;N/A;N/A;N/A;N/A;N/A;N/A;N/A;N/A;N/A;N/A;N/A;N/A;N/A;N/A;N/A;N/A;N/A;N/A;N/A;N/A;N/A;N/A;N/A;N/A;N/A;N/A;N/A;N/A;N/A;N/A;N/A;N/A;N/A;N/A;N/A;N/A;N/A;N/A;N/A;N/A;N/A;N/A;N/A;N/A;N/A;N/A;N/A;N/A;4;N/A;Nafta;N/A;N/A;"Autos y camionetas";N/A;N/A;N/A;N/A;N/A;N/A;N/A;N/A;N/A;N/A;N/A;N/A;N/A;N/A;N/A;N/A;N/A;N/A;N/A;N/A;N/A;N/A;N/A;N/A;N/A;N/A;N/A;N/A;N/A;N/A;N/A;N/A;N/A;N/A;N/A;N/A;N/A;N/A;N/A;N/A;N/A;N/A;N/A;N/A;N/A;N/A;N/A;N/A;N/A;N/A;N/A;N/A;N/A;N/A;N/A;N/A;N/A;N/A;N/A;N/A;N/A;N/A;N/A;N/A;N/A;N/A;N/A;N/A;N/A;N/A;N/A;N/A;N/A;N/A;N/A;N/A;N/A;N/A;N/A;N/A;N/A;N/A;N/A;N/A;N/A;N/A;N/A;N/A;N/A;N/A;N/A;N/A;N/A;N/A;N/A;N/A;N/A;N/A;N/A;N/A;N/A;N/A;N/A;N/A;N/A;N/A;N/A;N/A;N/A;N/A;N/A;N/A;N/A;N/A;N/A;N/A;N/A;N/A;N/A;N/A;N/A;N/A
Nissan;March;-;2012;"124000 km";;AEROCAR2020;10990;;;;;"Barra de Carrasco";https://auto.mercadolibre.com.uy/MLU-658028150-nissan-march-16-2012-impecable-aerocar-_JM;N/A;;"Nissan March 1.6 2012 Impecable! Aerocar";USD;Sí;silver;false;N/A;N/A;http://perfil.mercadolibre.com.uy/AEROCAR2020;active;N/A;N/A;Usado;Blanco;N/A;Hidráulica;N/A;Sí;Sí;N/A;N/A;N/A;N/A;Sí;N/A;N/A;N/A;N/A;N/A;N/A;N/A;N/A;N/A;N/A;N/A;N/A;N/A;N/A;N/A;N/A;N/A;N/A;N/A;"1600 cc";N/A;5;N/A;N/A;N/A;N/A;N/A;N/A;N/A;N/A;N/A;N/A;N/A;N/A;N/A;N/A;N/A;N/A;N/A;N/A;N/A;N/A;N/A;N/A;N/A;N/A;N/A;N/A;N/A;N/A;N/A;N/A;N/A;N/A;N/A;N/A;N/A;N/A;N/A;N/A;N/A;N/A;N/A;N/A;N/A;N/A;N/A;N/A;N/A;N/A;N/A;N/A;N/A;N/A;N/A;N/A;N/A;N/A;N/A;N/A;N/A;N/A;N/A;N/A;N/A;Sí;N/A;N/A;N/A;N/A;N/A;N/A;N/A;N/A;N/A;N/A;"Lun. a Vie. de 9 a 19 hs. Sáb. de 10 a 14 hs.";4;1.6;Nafta;Manual;Hatchback;"Autos y camionetas";No;N/A;N/A;N/A;No;N/A;N/A;No;Sí;No;No;N/A;N/A;N/A;N/A;N/A;N/A;N/A;N/A;N/A;N/A;N/A;N/A;N/A;N/A;N/A;N/A;N/A;N/A;N/A;N/A;N/A;N/A;N/A;N/A;N/A;N/A;N/A;N/A;N/A;N/A;N/A;N/A;N/A;N/A;N/A;N/A;N/A;N/A;N/A;N/A;N/A;N/A;N/A;N/A;N/A;N/A;N/A;N/A;N/A;N/A;N/A;No;N/A;N/A;N/A;N/A;N/A;N/A;N/A;N/A;N/A;N/A;N/A;N/A;N/A;N/A;N/A;N/A;N/A;N/A;N/A;N/A;N/A;N/A;N/A;N/A;N/A;N/A;N/A;N/A;N/A;N/A;N/A;N/A;N/A;Sí;Sí;N/A;N/A;Sí;N/A;N/A;N/A;N/A;Sí;N/A;N/A;N/A;N/A;N/A;N/A;N/A;N/A;Sí;Sí;Sí;Sí;N/A;Sí;Sí;Sí
Nissan;Kicks;"1.6 Exclusive At";2023;"0 km";;RECRULSA;34990;;;;;Melo;https://auto.mercadolibre.com.uy/MLU-653681288-nissan-kicks-2023-16-exclusive-at-_JM;N/A;;"Nissan Kicks 2023 1.6 Exclusive At";usd;Sí;silver;false;N/A;N/A;http://perfil.mercadolibre.com.uy/RECRULSA;active;N/A;N/A;Nuevo;N/A;N/A;Hidráulica;Delantera;Sí;N/A;N/A;N/A;N/A;N/A;N/A;N/A;Sí;N/A;N/A;N/A;N/A;N/A;N/A;N/A;N/A;N/A;N/A;N/A;N/A;N/A;N/A;N/A;N/A;"2620 mm";"1.6 L";"50 L";N/A;N/A;N/A;N/A;N/A;N/A;N/A;N/A;N/A;N/A;N/A;N/A;N/A;N/A;N/A;N/A;N/A;N/A;N/A;N/A;N/A;N/A;N/A;N/A;N/A;N/A;N/A;N/A;N/A;N/A;N/A;N/A;N/A;N/A;Sí;Sí;N/A;N/A;Sí;N/A;N/A;N/A;N/A;N/A;N/A;N/A;"1590 mm";"4295 mm";N/A;N/A;N/A;N/A;5;"118 hp";Exclusive;N/A;4;"1760 mm";N/A;N/A;N/A;N/A;N/A;N/A;N/A;N/A;N/A;N/A;N/A;N/A;N/A;N/A;N/A;N/A;N/A;N/A;5;1.6;Nafta;Automática;SUV;"Autos y camionetas";N/A;N/A;N/A;N/A;N/A;N/A;UY;N/A;N/A;N/A;N/A;N/A;N/A;N/A;N/A;N/A;N/A;N/A;N/A;N/A;N/A;N/A;N/A;N/A;N/A;N/A;N/A;N/A;N/A;N/A;N/A;N/A;N/A;N/A;N/A;N/A;N/A;N/A;N/A;N/A;N/A;N/A;N/A;N/A;N/A;N/A;N/A;N/A;N/A;N/A;N/A;N/A;N/A;N/A;N/A;N/A;N/A;N/A;N/A;N/A;N/A;N/A;N/A;N/A;N/A;N/A;N/A;N/A;N/A;N/A;N/A;N/A;N/A;N/A;N/A;N/A;N/A;N/A;N/A;N/A;N/A;N/A;N/A;N/A;N/A;N/A;N/A;N/A;N/A;N/A;N/A;N/A;N/A;N/A;N/A;N/A;Sí;N/A;Sí;N/A;N/A;N/A;N/A;N/A;N/A;Sí;N/A;N/A;N/A;N/A;N/A;Sí;Sí;N/A;Sí;N/A;N/A;N/A;N/A;Sí;N/A;Sí
Nissan;Kicks;"Advance Cvt";2019;"61580 km";;VENDOAUTOSMARCELO;21900;;;;;"Paso de Carrasco";https://auto.mercadolibre.com.uy/MLU-659596060-nissan-kicks-advance-cvt-16-2019-impecable-_JM;N/A;;"Nissan Kicks Advance Cvt 1.6 2019 Impecable!";USD;Sí;silver;false;N/A;N/A;http://perfil.mercadolibre.com.uy/VENDOAUTOSMARCELO;active;N/A;N/A;Usado;"Gris oscuro";Sí;Hidráulica;N/A;Sí;Sí;Sí;N/A;N/A;N/A;N/A;Sí;N/A;N/A;Sí;Sí;Sí;N/A;N/A;N/A;N/A;N/A;N/A;N/A;N/A;N/A;N/A;N/A;N/A;N/A;"1600 cc";N/A;6;N/A;N/A;N/A;N/A;N/A;N/A;N/A;N/A;N/A;N/A;N/A;N/A;N/A;N/A;N/A;N/A;N/A;N/A;N/A;N/A;N/A;N/A;N/A;Sí;N/A;Sí;N/A;N/A;N/A;Sí;N/A;N/A;N/A;N/A;N/A;N/A;N/A;N/A;N/A;N/A;N/A;N/A;Sí;N/A;N/A;N/A;N/A;N/A;N/A;N/A;N/A;N/A;"120 hp";Advance;N/A;N/A;N/A;"11 km/l";N/A;N/A;N/A;Sí;N/A;Sí;N/A;Sí;N/A;N/A;"15 km/l";N/A;N/A;N/A;N/A;Sí;"Lun. a Vie. de 8:30 a 18 hs. Sáb. de 9 a 13 hs.";4;1.6;Nafta;Automática;SUV;"Autos y camionetas";No;N/A;N/A;N/A;No;N/A;N/A;No;Sí;No;No;N/A;N/A;N/A;N/A;N/A;N/A;N/A;N/A;N/A;N/A;N/A;N/A;N/A;N/A;N/A;N/A;N/A;N/A;N/A;N/A;N/A;N/A;N/A;N/A;N/A;N/A;N/A;N/A;N/A;N/A;N/A;N/A;N/A;N/A;N/A;N/A;N/A;N/A;N/A;N/A;N/A;N/A;N/A;N/A;N/A;N/A;N/A;N/A;N/A;N/A;Sí;No;N/A;N/A;N/A;N/A;N/A;N/A;N/A;N/A;N/A;N/A;N/A;N/A;N/A;N/A;N/A;N/A;N/A;N/A;N/A;N/A;N/A;N/A;N/A;N/A;N/A;N/A;N/A;N/A;N/A;N/A;N/A;N/A;N/A;Sí;Sí;Sí;N/A;Sí;N/A;Sí;N/A;Sí;Sí;N/A;N/A;N/A;N/A;N/A;N/A;N/A;N/A;Sí;Sí;Sí;N/A;N/A;Sí;N/A;Sí
Nissan;Versa;"1.6 Advance 5vel Mt";2013;"112000 km";;FELU6021257;10800;;;;;"Paso de la Arena";https://auto.mercadolibre.com.uy/MLU-635389613-nissan-versa-_JM;N/A;;"Nissan Versa ";usd;Sí;silver;false;N/A;N/A;http://perfil.mercadolibre.com.uy/FELU6021257;active;N/A;N/A;Usado;Dorado;N/A;Hidráulica;Delantera;Sí;N/A;N/A;N/A;N/A;N/A;N/A;N/A;N/A;N/A;N/A;N/A;N/A;N/A;N/A;N/A;N/A;N/A;N/A;N/A;N/A;N/A;N/A;N/A;N/A;N/A;"1.6 L";N/A;N/A;N/A;N/A;N/A;N/A;N/A;N/A;N/A;N/A;N/A;N/A;N/A;N/A;N/A;N/A;N/A;N/A;N/A;N/A;N/A;N/A;N/A;N/A;N/A;N/A;N/A;N/A;N/A;N/A;N/A;N/A;N/A;N/A;N/A;N/A;N/A;N/A;N/A;N/A;N/A;N/A;N/A;N/A;N/A;N/A;N/A;N/A;N/A;N/A;N/A;N/A;N/A;N/A;N/A;Advance;N/A;N/A;N/A;N/A;N/A;N/A;N/A;N/A;N/A;N/A;N/A;N/A;N/A;N/A;N/A;N/A;N/A;N/A;N/A;N/A;N/A;4;1.6;Nafta;Manual;Hatchback;"Autos y camionetas";N/A;N/A;N/A;N/A;N/A;N/A;UY;N/A;N/A;N/A;N/A;N/A;N/A;N/A;N/A;N/A;N/A;N/A;N/A;N/A;N/A;N/A;N/A;N/A;N/A;N/A;N/A;N/A;N/A;N/A;N/A;N/A;N/A;N/A;N/A;N/A;N/A;N/A;N/A;N/A;N/A;N/A;N/A;N/A;N/A;N/A;N/A;N/A;N/A;N/A;N/A;N/A;N/A;N/A;N/A;N/A;N/A;N/A;N/A;N/A;N/A;N/A;N/A;N/A;N/A;N/A;N/A;N/A;N/A;N/A;N/A;N/A;N/A;N/A;N/A;N/A;N/A;N/A;N/A;N/A;N/A;N/A;N/A;N/A;N/A;N/A;N/A;N/A;N/A;N/A;N/A;N/A;N/A;N/A;N/A;N/A;Sí;N/A;N/A;N/A;N/A;N/A;N/A;N/A;N/A;N/A;N/A;N/A;N/A;N/A;N/A;N/A;N/A;N/A;Sí;N/A;N/A;N/A;N/A;N/A;N/A;N/A
Nissan;Versa;"1.6 Advance 5vel Mt";2012;"178000 km";;RECRULSA;10800;;;;;Melo;https://auto.mercadolibre.com.uy/MLU-665952548-nissan-versa-2012-16-advance-5vel-mt-_JM;N/A;;"Nissan Versa 2012 1.6 Advance 5vel Mt";usd;Sí;silver;false;N/A;N/A;http://perfil.mercadolibre.com.uy/RECRULSA;active;N/A;N/A;Usado;N/A;N/A;Hidráulica;Delantera;Sí;N/A;N/A;N/A;N/A;N/A;N/A;N/A;N/A;N/A;N/A;N/A;N/A;N/A;N/A;N/A;N/A;N/A;N/A;N/A;N/A;N/A;N/A;N/A;N/A;N/A;"1.6 L";N/A;N/A;N/A;N/A;N/A;N/A;N/A;N/A;N/A;N/A;N/A;N/A;N/A;N/A;N/A;N/A;N/A;N/A;N/A;N/A;N/A;N/A;N/A;N/A;N/A;N/A;N/A;N/A;N/A;N/A;N/A;N/A;N/A;N/A;N/A;N/A;N/A;N/A;N/A;N/A;N/A;N/A;N/A;N/A;N/A;N/A;N/A;N/A;N/A;N/A;N/A;N/A;N/A;N/A;N/A;Advance;N/A;N/A;N/A;N/A;N/A;N/A;N/A;N/A;N/A;N/A;N/A;N/A;N/A;N/A;N/A;N/A;N/A;N/A;N/A;N/A;N/A;4;1.6;Nafta;Manual;Hatchback;"Autos y camionetas";N/A;N/A;N/A;N/A;N/A;N/A;UY;N/A;N/A;N/A;N/A;N/A;N/A;N/A;N/A;N/A;N/A;N/A;N/A;N/A;N/A;N/A;N/A;N/A;N/A;N/A;N/A;N/A;N/A;N/A;N/A;N/A;N/A;N/A;N/A;N/A;N/A;N/A;N/A;N/A;N/A;N/A;N/A;N/A;N/A;N/A;N/A;N/A;N/A;N/A;N/A;N/A;N/A;N/A;N/A;N/A;N/A;N/A;N/A;N/A;N/A;N/A;N/A;N/A;N/A;N/A;N/A;N/A;N/A;N/A;N/A;N/A;N/A;N/A;N/A;N/A;N/A;N/A;N/A;N/A;N/A;N/A;N/A;N/A;N/A;N/A;N/A;N/A;N/A;N/A;N/A;N/A;N/A;N/A;N/A;N/A;Sí;N/A;N/A;N/A;N/A;N/A;N/A;N/A;N/A;N/A;N/A;N/A;N/A;N/A;N/A;N/A;N/A;N/A;Sí;N/A;N/A;N/A;N/A;N/A;N/A;N/A
Nissan;Versa;"1.6 Sense";2022;"35000 km";;JORGE_JAB;19800;;;;;"Malvin Norte";https://auto.mercadolibre.com.uy/MLU-661902690-nissan-versa-2022-16-sense-_JM;N/A;;"Nissan Versa 2022 1.6 Sense";usd;Sí;silver;false;N/A;N/A;http://perfil.mercadolibre.com.uy/JORGE_JAB;active;N/A;N/A;Usado;N/A;N/A;Hidráulica;Delantera;Sí;N/A;N/A;N/A;N/A;N/A;N/A;N/A;N/A;N/A;N/A;N/A;N/A;N/A;N/A;N/A;N/A;N/A;N/A;N/A;N/A;N/A;N/A;N/A;N/A;"2600 mm";"1.6 L";"41 L";5;N/A;N/A;N/A;N/A;N/A;N/A;N/A;N/A;N/A;N/A;N/A;N/A;N/A;N/A;N/A;N/A;N/A;N/A;N/A;N/A;N/A;N/A;N/A;N/A;N/A;N/A;N/A;N/A;N/A;N/A;N/A;N/A;N/A;Sí;Sí;N/A;N/A;N/A;N/A;N/A;N/A;N/A;N/A;N/A;N/A;"1506 mm";"4492 mm";N/A;N/A;N/A;N/A;5;"106 hp";Sense;N/A;4;"1695 mm";N/A;N/A;N/A;N/A;N/A;N/A;N/A;Sí;N/A;N/A;N/A;N/A;N/A;N/A;N/A;N/A;N/A;N/A;4;1.6;Nafta;Manual;Sedán;"Autos y camionetas";N/A;N/A;N/A;N/A;N/A;N/A;UY;N/A;N/A;N/A;N/A;N/A;N/A;N/A;N/A;N/A;N/A;N/A;N/A;N/A;N/A;N/A;N/A;N/A;N/A;N/A;N/A;N/A;N/A;N/A;N/A;N/A;N/A;N/A;N/A;N/A;N/A;N/A;N/A;N/A;N/A;N/A;N/A;N/A;N/A;N/A;N/A;N/A;N/A;N/A;N/A;N/A;N/A;N/A;N/A;N/A;N/A;N/A;N/A;N/A;N/A;N/A;N/A;N/A;N/A;N/A;N/A;N/A;N/A;N/A;N/A;N/A;N/A;N/A;N/A;N/A;N/A;N/A;N/A;N/A;N/A;N/A;N/A;N/A;N/A;N/A;N/A;N/A;N/A;N/A;N/A;N/A;N/A;N/A;N/A;N/A;Sí;N/A;N/A;N/A;N/A;N/A;N/A;N/A;N/A;Sí;N/A;N/A;N/A;N/A;N/A;N/A;Sí;N/A;Sí;N/A;N/A;N/A;N/A;Sí;N/A;N/A
Nissan;Frontier;"nissan Frontier naft";2009;"11111 km";;ANDRESGONZALEZ006;9500;;;;;Cardona;https://auto.mercadolibre.com.uy/MLU-660124648-nissan-frontier-nissan-frontier-naft-_JM;N/A;;"Nissan Frontier Nissan Frontier Naft";USD;Sí;silver;false;N/A;N/A;http://perfil.mercadolibre.com.uy/ANDRESGONZALEZ006;active;N/A;N/A;Usado;N/A;N/A;N/A;N/A;N/A;N/A;N/A;N/A;N/A;N/A;N/A;N/A;N/A;N/A;N/A;N/A;N/A;N/A;N/A;N/A;N/A;N/A;N/A;N/A;N/A;N/A;N/A;N/A;N/A;N/A;N/A;N/A;N/A;N/A;N/A;N/A;N/A;N/A;N/A;N/A;N/A;N/A;N/A;N/A;N/A;N/A;N/A;N/A;N/A;N/A;N/A;N/A;N/A;N/A;N/A;N/A;N/A;N/A;N/A;N/A;N/A;N/A;N/A;N/A;N/A;N/A;N/A;N/A;N/A;N/A;N/A;N/A;N/A;N/A;N/A;N/A;N/A;N/A;N/A;N/A;N/A;N/A;N/A;N/A;N/A;N/A;N/A;N/A;N/A;N/A;N/A;N/A;N/A;N/A;N/A;N/A;N/A;N/A;N/A;N/A;N/A;N/A;N/A;N/A;N/A;N/A;N/A;N/A;4;N/A;Nafta;N/A;N/A;"Autos y camionetas";N/A;N/A;N/A;N/A;N/A;N/A;N/A;N/A;N/A;N/A;N/A;N/A;N/A;N/A;N/A;N/A;N/A;N/A;N/A;N/A;N/A;N/A;N/A;N/A;N/A;N/A;N/A;N/A;N/A;N/A;N/A;N/A;N/A;N/A;N/A;N/A;N/A;N/A;N/A;N/A;N/A;N/A;N/A;N/A;N/A;N/A;N/A;N/A;N/A;N/A;N/A;N/A;N/A;N/A;N/A;N/A;N/A;N/A;N/A;N/A;N/A;N/A;N/A;N/A;N/A;N/A;N/A;N/A;N/A;N/A;N/A;N/A;N/A;N/A;N/A;N/A;N/A;N/A;N/A;N/A;N/A;N/A;N/A;N/A;N/A;N/A;N/A;N/A;N/A;N/A;N/A;N/A;N/A;N/A;N/A;N/A;N/A;N/A;N/A;N/A;N/A;N/A;N/A;N/A;N/A;N/A;N/A;N/A;N/A;N/A;N/A;N/A;N/A;N/A;N/A;N/A;N/A;N/A;N/A;N/A;N/A;N/A
Nissan;March;"1.6 Advance Mt";2019;"92000 km";;KHALEKAUTOMOVILES;14950;;;;;"Santiago Vázquez";https://auto.mercadolibre.com.uy/MLU-659126534-nissan-march-2019-16-advance-mt-_JM;N/A;;"Nissan March 2019 1.6 Advance Mt";usd;Sí;silver;false;N/A;N/A;http://perfil.mercadolibre.com.uy/KHALEKAUTOMOVILES;active;N/A;N/A;Usado;N/A;N/A;Hidráulica;Delantera;Sí;N/A;N/A;N/A;N/A;N/A;N/A;N/A;N/A;N/A;N/A;N/A;N/A;N/A;N/A;N/A;N/A;N/A;N/A;N/A;N/A;N/A;N/A;N/A;N/A;"2450 mm";"1.6 L";"41 L";5;N/A;N/A;N/A;N/A;N/A;N/A;N/A;N/A;N/A;N/A;N/A;N/A;N/A;N/A;N/A;N/A;N/A;N/A;N/A;N/A;N/A;N/A;N/A;N/A;N/A;N/A;N/A;N/A;N/A;N/A;N/A;N/A;N/A;Sí;Sí;N/A;N/A;N/A;N/A;N/A;N/A;N/A;N/A;N/A;N/A;"1532 mm";"3827 mm";N/A;N/A;N/A;N/A;5;"106 hp";Advance;N/A;4;"1665 mm";N/A;N/A;N/A;N/A;N/A;N/A;N/A;Sí;N/A;N/A;N/A;N/A;N/A;N/A;N/A;N/A;N/A;N/A;5;1.6;Nafta;Manual;Hatchback;"Autos y camionetas";N/A;N/A;N/A;N/A;N/A;N/A;UY;N/A;N/A;N/A;N/A;N/A;N/A;N/A;N/A;N/A;N/A;N/A;N/A;N/A;N/A;N/A;N/A;N/A;N/A;N/A;N/A;N/A;N/A;N/A;N/A;N/A;N/A;N/A;N/A;N/A;N/A;N/A;N/A;N/A;N/A;N/A;N/A;N/A;N/A;N/A;N/A;N/A;N/A;N/A;N/A;N/A;N/A;N/A;N/A;N/A;N/A;N/A;N/A;N/A;N/A;N/A;N/A;N/A;N/A;N/A;N/A;N/A;N/A;N/A;N/A;N/A;N/A;N/A;N/A;N/A;N/A;N/A;N/A;N/A;N/A;N/A;N/A;N/A;N/A;N/A;N/A;N/A;N/A;N/A;N/A;N/A;N/A;N/A;N/A;N/A;Sí;N/A;Sí;N/A;N/A;N/A;N/A;Sí;N/A;Sí;N/A;N/A;N/A;N/A;N/A;N/A;Sí;N/A;Sí;N/A;N/A;N/A;N/A;Sí;N/A;Sí
Nissan;X-Trail;E-Power;2023;"0 km";;WAVEAUTOMOTORES;59990;;;;;Paysandú;https://auto.mercadolibre.com.uy/MLU-633221949-nissan-x-trail-e-power-_JM;N/A;;"Nissan X-trail E-power";USD;Sí;silver;false;N/A;N/A;http://perfil.mercadolibre.com.uy/WAVEAUTOMOTORES;active;N/A;N/A;Nuevo;Blanco;N/A;N/A;N/A;N/A;N/A;N/A;N/A;N/A;N/A;N/A;N/A;N/A;N/A;N/A;N/A;N/A;N/A;N/A;N/A;N/A;N/A;N/A;N/A;N/A;N/A;N/A;N/A;N/A;N/A;N/A;N/A;N/A;N/A;N/A;N/A;N/A;N/A;N/A;N/A;N/A;N/A;N/A;N/A;N/A;N/A;N/A;N/A;N/A;N/A;N/A;N/A;N/A;N/A;N/A;N/A;N/A;N/A;N/A;N/A;N/A;N/A;N/A;N/A;N/A;N/A;N/A;N/A;N/A;N/A;N/A;N/A;N/A;N/A;N/A;N/A;N/A;N/A;N/A;N/A;N/A;N/A;N/A;N/A;N/A;N/A;N/A;N/A;N/A;N/A;N/A;N/A;N/A;N/A;N/A;N/A;N/A;N/A;N/A;N/A;N/A;N/A;N/A;N/A;N/A;N/A;N/A;N/A;5;N/A;Eléctrico;N/A;N/A;"Autos y camionetas";N/A;N/A;N/A;N/A;N/A;N/A;N/A;N/A;N/A;N/A;N/A;N/A;N/A;N/A;N/A;N/A;N/A;N/A;N/A;N/A;N/A;N/A;N/A;N/A;N/A;N/A;N/A;N/A;N/A;N/A;N/A;N/A;N/A;N/A;N/A;N/A;N/A;N/A;N/A;N/A;N/A;N/A;N/A;N/A;N/A;N/A;N/A;N/A;N/A;N/A;N/A;N/A;N/A;N/A;N/A;N/A;N/A;N/A;N/A;N/A;N/A;N/A;N/A;N/A;N/A;N/A;N/A;N/A;N/A;N/A;N/A;N/A;N/A;N/A;N/A;N/A;N/A;N/A;N/A;N/A;N/A;N/A;N/A;N/A;N/A;N/A;N/A;N/A;N/A;N/A;N/A;N/A;N/A;N/A;N/A;N/A;N/A;N/A;N/A;N/A;N/A;N/A;N/A;N/A;N/A;N/A;N/A;N/A;N/A;N/A;N/A;N/A;N/A;N/A;N/A;N/A;N/A;N/A;N/A;N/A;N/A;N/A
Nissan;Sentra;"1.8 Advance Mt";2014;"160000 km";;KHALEKAUTOMOVILES;13950;;;;;"Santiago Vázquez";https://auto.mercadolibre.com.uy/MLU-654488288-nissan-sentra-2014-18-advance-mt-_JM;N/A;;"Nissan Sentra 2014 1.8 Advance Mt";usd;Sí;silver;false;N/A;N/A;http://perfil.mercadolibre.com.uy/KHALEKAUTOMOVILES;active;N/A;N/A;Usado;N/A;N/A;Hidráulica;Delantera;Sí;N/A;N/A;N/A;N/A;N/A;N/A;N/A;N/A;N/A;N/A;N/A;N/A;N/A;N/A;N/A;N/A;N/A;N/A;N/A;N/A;N/A;N/A;N/A;N/A;N/A;"1.8 L";N/A;N/A;N/A;N/A;N/A;N/A;N/A;N/A;N/A;N/A;N/A;N/A;N/A;N/A;N/A;N/A;N/A;N/A;N/A;N/A;N/A;N/A;N/A;N/A;N/A;N/A;N/A;N/A;N/A;N/A;N/A;N/A;N/A;N/A;N/A;N/A;N/A;N/A;N/A;N/A;N/A;N/A;N/A;N/A;N/A;N/A;N/A;N/A;N/A;N/A;N/A;N/A;N/A;N/A;"129 hp";Advance;N/A;N/A;N/A;N/A;N/A;N/A;N/A;N/A;N/A;N/A;N/A;N/A;N/A;N/A;N/A;N/A;N/A;N/A;N/A;N/A;N/A;4;1.8;Nafta;Manual;Coupé;"Autos y camionetas";N/A;N/A;N/A;N/A;N/A;N/A;UY;N/A;N/A;N/A;N/A;N/A;N/A;N/A;N/A;N/A;N/A;N/A;N/A;N/A;N/A;N/A;N/A;N/A;N/A;N/A;N/A;N/A;N/A;N/A;N/A;N/A;N/A;N/A;N/A;N/A;N/A;N/A;N/A;N/A;N/A;N/A;N/A;N/A;N/A;N/A;N/A;N/A;N/A;N/A;N/A;N/A;N/A;N/A;N/A;N/A;N/A;N/A;N/A;N/A;N/A;N/A;N/A;N/A;N/A;N/A;N/A;N/A;N/A;N/A;N/A;N/A;N/A;N/A;N/A;N/A;N/A;N/A;N/A;N/A;N/A;N/A;N/A;N/A;N/A;N/A;N/A;N/A;N/A;N/A;N/A;N/A;N/A;N/A;N/A;N/A;Sí;N/A;N/A;N/A;N/A;N/A;N/A;N/A;N/A;N/A;N/A;N/A;N/A;N/A;N/A;N/A;N/A;N/A;Sí;N/A;N/A;N/A;N/A;N/A;N/A;N/A
Nissan;"NP300 Frontier";"2.5 Se Doble Cabina";2018;"212000 km";;"DELTACAR S.A.";17000;;;;;Mercedes;https://auto.mercadolibre.com.uy/MLU-632973809-nissan-np300-frontier-2018-se-_JM;N/A;;"Nissan Np300 Frontier 2018  Se";usd;Sí;silver;false;N/A;N/A;http://perfil.mercadolibre.com.uy/DELTACAR+S.A.;active;N/A;N/A;Usado;Plateado;N/A;Hidráulica;4x2;Sí;N/A;N/A;N/A;N/A;N/A;N/A;N/A;N/A;N/A;N/A;N/A;Sí;N/A;N/A;N/A;N/A;N/A;N/A;N/A;N/A;N/A;N/A;N/A;N/A;"3150 mm";"2.5 L";"80 L";6;N/A;N/A;N/A;N/A;N/A;N/A;N/A;N/A;N/A;N/A;N/A;N/A;N/A;N/A;N/A;N/A;N/A;N/A;N/A;N/A;N/A;N/A;N/A;N/A;N/A;N/A;N/A;N/A;N/A;N/A;N/A;N/A;N/A;Sí;Sí;N/A;N/A;N/A;N/A;N/A;N/A;N/A;N/A;N/A;N/A;"1860 mm";"5258 mm";N/A;N/A;N/A;N/A;N/A;"120 hp";Se;N/A;4;"1850 mm";N/A;N/A;N/A;N/A;N/A;N/A;Sí;Sí;N/A;N/A;N/A;N/A;N/A;N/A;N/A;N/A;N/A;"todos los dias";4;2.5;Nafta;Manual;Pick-Up;"Autos y camionetas";N/A;N/A;N/A;N/A;N/A;N/A;UY;N/A;N/A;N/A;N/A;N/A;N/A;N/A;N/A;N/A;N/A;N/A;N/A;N/A;N/A;N/A;N/A;N/A;N/A;N/A;N/A;N/A;N/A;N/A;N/A;N/A;N/A;N/A;N/A;N/A;N/A;N/A;N/A;N/A;N/A;N/A;N/A;N/A;N/A;N/A;N/A;N/A;N/A;N/A;N/A;N/A;N/A;N/A;N/A;N/A;N/A;N/A;N/A;N/A;N/A;N/A;N/A;N/A;N/A;N/A;N/A;N/A;N/A;N/A;N/A;N/A;N/A;N/A;N/A;N/A;N/A;N/A;N/A;N/A;N/A;N/A;N/A;N/A;N/A;N/A;N/A;N/A;N/A;N/A;N/A;N/A;N/A;N/A;N/A;N/A;Sí;N/A;N/A;N/A;Sí;N/A;N/A;N/A;N/A;Sí;N/A;N/A;N/A;N/A;N/A;N/A;N/A;Sí;Sí;N/A;Sí;N/A;N/A;N/A;N/A;Sí
Nissan;"NP300 Frontier";"2.5 Le Tdsl 188hp D.cab. 4x4 Aut";2020;"150000 km";;ANDRESGONZALEZ006;39700;;;;;Cardona;https://auto.mercadolibre.com.uy/MLU-659608842-nissan-np300-frontier-2020-25-le-tdsl-188hp-dcab-4x4-aut-_JM;N/A;;"Nissan Np300 Frontier 2020 2.5 Le Tdsl 188hp D.cab. 4x4 Aut";usd;Sí;silver;false;N/A;N/A;http://perfil.mercadolibre.com.uy/ANDRESGONZALEZ006;active;N/A;N/A;Usado;N/A;N/A;Hidráulica;4x4;Sí;N/A;N/A;N/A;N/A;N/A;N/A;N/A;Sí;N/A;N/A;N/A;N/A;N/A;N/A;N/A;N/A;N/A;N/A;N/A;N/A;N/A;N/A;N/A;N/A;"3150 mm";"2.5 L";"80 L";7;N/A;N/A;N/A;N/A;N/A;N/A;N/A;N/A;N/A;N/A;N/A;N/A;N/A;N/A;N/A;N/A;N/A;N/A;N/A;N/A;N/A;N/A;N/A;N/A;N/A;N/A;N/A;N/A;N/A;N/A;N/A;N/A;N/A;Sí;Sí;Sí;N/A;N/A;N/A;N/A;N/A;N/A;N/A;N/A;N/A;"1860 mm";"5258 mm";N/A;N/A;N/A;N/A;N/A;"188 hp";Le;N/A;4;"1850 mm";N/A;N/A;N/A;N/A;N/A;N/A;N/A;N/A;N/A;N/A;N/A;N/A;N/A;N/A;N/A;N/A;N/A;N/A;2;2.5;Diésel;Automática;Pick-Up;"Autos y camionetas";N/A;N/A;N/A;N/A;N/A;N/A;UY;N/A;N/A;N/A;N/A;N/A;N/A;N/A;N/A;N/A;N/A;N/A;N/A;N/A;N/A;N/A;N/A;N/A;N/A;N/A;N/A;N/A;N/A;N/A;N/A;N/A;N/A;N/A;N/A;N/A;N/A;N/A;N/A;N/A;N/A;N/A;N/A;N/A;N/A;N/A;N/A;N/A;N/A;N/A;N/A;N/A;N/A;N/A;N/A;N/A;N/A;N/A;N/A;N/A;N/A;N/A;N/A;N/A;N/A;N/A;N/A;N/A;N/A;N/A;N/A;N/A;N/A;N/A;N/A;N/A;N/A;N/A;N/A;N/A;N/A;N/A;N/A;N/A;N/A;N/A;N/A;N/A;N/A;N/A;N/A;N/A;N/A;N/A;N/A;N/A;Sí;N/A;Sí;N/A;N/A;N/A;N/A;Sí;N/A;Sí;N/A;N/A;N/A;N/A;N/A;Sí;Sí;N/A;Sí;N/A;N/A;N/A;N/A;Sí;N/A;Sí
Nissan;Note;"1.6 Sense";2019;"81000 km";;AMAYAMOTORS;16500;;;;;Centro;https://auto.mercadolibre.com.uy/MLU-658274168-nissan-note-sense-unico-dueno-amaya-_JM;N/A;;"Nissan Note Sense Unico Dueño Amaya";usd;Sí;silver;false;N/A;N/A;http://perfil.mercadolibre.com.uy/AMAYAMOTORS;active;N/A;N/A;Usado;Azul;Sí;Hidráulica;Delantera;Sí;Sí;N/A;N/A;N/A;N/A;N/A;N/A;N/A;N/A;N/A;Sí;Sí;N/A;N/A;N/A;N/A;N/A;N/A;N/A;N/A;N/A;N/A;N/A;N/A;"2600 mm";"1.6 L";"41 L";5;N/A;N/A;N/A;N/A;N/A;N/A;N/A;N/A;N/A;N/A;N/A;N/A;N/A;N/A;N/A;N/A;N/A;N/A;N/A;N/A;N/A;N/A;N/A;N/A;N/A;N/A;N/A;N/A;N/A;N/A;N/A;N/A;N/A;Sí;Sí;N/A;N/A;N/A;N/A;N/A;N/A;N/A;N/A;N/A;N/A;"1535 mm";"4150 mm";N/A;N/A;N/A;N/A;5;"109 hp";Sense;N/A;4;N/A;N/A;N/A;N/A;N/A;Sí;N/A;Sí;Sí;N/A;N/A;N/A;N/A;N/A;N/A;N/A;N/A;Sí;N/A;5;1.6;Nafta;Manual;Hatchback;"Autos y camionetas";N/A;N/A;N/A;N/A;N/A;N/A;UY;N/A;Sí;N/A;N/A;N/A;N/A;N/A;N/A;N/A;N/A;N/A;N/A;N/A;N/A;N/A;N/A;N/A;Sí;N/A;N/A;N/A;N/A;N/A;N/A;N/A;N/A;N/A;N/A;N/A;N/A;N/A;N/A;N/A;N/A;N/A;N/A;N/A;N/A;N/A;N/A;N/A;N/A;N/A;N/A;N/A;N/A;N/A;N/A;N/A;N/A;N/A;N/A;N/A;N/A;Sí;Sí;N/A;N/A;N/A;N/A;N/A;N/A;N/A;N/A;N/A;N/A;N/A;N/A;N/A;N/A;N/A;N/A;N/A;N/A;N/A;N/A;N/A;N/A;N/A;N/A;N/A;N/A;N/A;N/A;N/A;N/A;N/A;N/A;N/A;Sí;Sí;Sí;N/A;Sí;N/A;N/A;N/A;N/A;Sí;N/A;N/A;Sí;N/A;N/A;N/A;Sí;N/A;Sí;Sí;Sí;N/A;N/A;Sí;N/A;Sí
Nissan;"NP300 Frontier";"2.5 Se Doble Cabina";2023;"0 km";;"DELTACAR S.A.";29888;;;;;Mercedes;https://auto.mercadolibre.com.uy/MLU-629917341-new-np300-frontier-se-4x2-nafta-_JM;N/A;;"New Np300 Frontier Se 4x2 Nafta";usd;Sí;silver;false;N/A;N/A;http://perfil.mercadolibre.com.uy/DELTACAR+S.A.;active;N/A;N/A;Nuevo;Gris;N/A;Hidráulica;4x2;Sí;Sí;N/A;N/A;N/A;N/A;N/A;N/A;N/A;N/A;N/A;N/A;Sí;N/A;N/A;N/A;N/A;N/A;N/A;N/A;N/A;N/A;N/A;N/A;N/A;"3150 mm";"2489 cc";"80 L";6;N/A;N/A;N/A;N/A;N/A;N/A;N/A;N/A;N/A;N/A;N/A;N/A;N/A;N/A;N/A;N/A;N/A;N/A;N/A;N/A;N/A;N/A;N/A;N/A;N/A;N/A;N/A;N/A;N/A;N/A;N/A;N/A;N/A;N/A;N/A;N/A;N/A;N/A;N/A;N/A;N/A;N/A;N/A;N/A;N/A;"1860 mm";"5258 mm";N/A;N/A;N/A;N/A;N/A;"120 hp";Se;N/A;4;"1850 mm";N/A;N/A;N/A;N/A;N/A;N/A;Sí;Sí;N/A;N/A;N/A;N/A;N/A;N/A;N/A;N/A;N/A;"TODOS LOS DIAS";4;2.5;Diésel;Manual;Pick-Up;"Autos y camionetas";Sí;N/A;N/A;N/A;N/A;N/A;UY;N/A;Sí;N/A;N/A;N/A;N/A;N/A;N/A;N/A;N/A;N/A;N/A;N/A;N/A;N/A;N/A;N/A;N/A;N/A;N/A;N/A;N/A;N/A;N/A;N/A;N/A;N/A;N/A;N/A;N/A;N/A;N/A;N/A;N/A;N/A;N/A;Sí;N/A;N/A;N/A;N/A;N/A;N/A;N/A;N/A;N/A;N/A;N/A;N/A;N/A;N/A;N/A;N/A;N/A;Sí;Sí;N/A;N/A;N/A;N/A;N/A;N/A;N/A;N/A;N/A;N/A;N/A;N/A;N/A;N/A;N/A;N/A;N/A;N/A;N/A;N/A;N/A;N/A;N/A;N/A;N/A;N/A;N/A;N/A;N/A;N/A;N/A;N/A;N/A;Sí;N/A;N/A;N/A;Sí;N/A;N/A;N/A;N/A;Sí;N/A;N/A;N/A;N/A;N/A;Sí;N/A;Sí;Sí;Sí;Sí;N/A;N/A;Sí;N/A;Sí
Nissan;"NP300 Frontier";"2.5 Se Tdsl 188hp D.cab. 4x4";2023;"0 km";;"DELTACAR S.A.";41998;;;;;Mercedes;https://auto.mercadolibre.com.uy/MLU-635807136-new-np300-frontier-diesel-se-4x4-tm-_JM;N/A;;"New Np300 Frontier Diesel Se  4x4 T/m";usd;Sí;silver;false;N/A;N/A;http://perfil.mercadolibre.com.uy/DELTACAR+S.A.;active;N/A;N/A;Nuevo;Blanco;N/A;Hidráulica;4x4;Sí;Sí;N/A;N/A;N/A;N/A;N/A;N/A;Sí;N/A;N/A;Sí;Sí;N/A;N/A;N/A;N/A;N/A;N/A;N/A;N/A;N/A;N/A;N/A;N/A;"3150 mm";"2489 cc";"80 L";7;N/A;N/A;N/A;N/A;N/A;N/A;N/A;N/A;N/A;N/A;N/A;N/A;N/A;N/A;N/A;N/A;N/A;N/A;N/A;N/A;N/A;N/A;N/A;N/A;N/A;N/A;N/A;N/A;N/A;N/A;N/A;N/A;N/A;N/A;N/A;N/A;N/A;N/A;N/A;N/A;N/A;N/A;N/A;N/A;N/A;"1860 mm";"5258 mm";N/A;N/A;N/A;N/A;N/A;"188 hp";Se;N/A;4;"1850 mm";N/A;N/A;N/A;N/A;N/A;N/A;Sí;Sí;N/A;N/A;N/A;N/A;N/A;N/A;N/A;N/A;N/A;"todos los dias";2;2.5;Diésel;Manual;Pick-Up;"Autos y camionetas";N/A;N/A;N/A;N/A;N/A;N/A;UY;N/A;Sí;N/A;N/A;N/A;N/A;N/A;N/A;N/A;N/A;N/A;N/A;N/A;N/A;N/A;N/A;N/A;N/A;N/A;N/A;N/A;N/A;N/A;N/A;N/A;N/A;N/A;N/A;N/A;N/A;N/A;N/A;N/A;N/A;N/A;N/A;Sí;N/A;N/A;N/A;N/A;N/A;N/A;N/A;N/A;N/A;N/A;N/A;N/A;N/A;N/A;N/A;N/A;N/A;Sí;Sí;N/A;N/A;N/A;N/A;N/A;N/A;N/A;N/A;N/A;N/A;N/A;N/A;N/A;N/A;N/A;N/A;N/A;N/A;N/A;N/A;N/A;N/A;N/A;N/A;N/A;N/A;N/A;N/A;N/A;N/A;N/A;N/A;N/A;Sí;N/A;Sí;N/A;Sí;N/A;N/A;Sí;N/A;Sí;N/A;N/A;N/A;N/A;N/A;Sí;Sí;Sí;Sí;N/A;N/A;N/A;N/A;Sí;N/A;Sí
Nissan;Kicks;"1.6 Sense Mt";2023;"0 km";;"DELTACAR S.A.";27990;;;;;Mercedes;https://auto.mercadolibre.com.uy/MLU-635806942-nissan-kicks-sense-tm-_JM;N/A;;"Nissan Kicks Sense T/m";usd;Sí;silver;false;N/A;N/A;http://perfil.mercadolibre.com.uy/DELTACAR+S.A.;active;N/A;N/A;Nuevo;Gris;N/A;Hidráulica;Delantera;Sí;Sí;N/A;N/A;N/A;N/A;N/A;N/A;N/A;N/A;N/A;Sí;Sí;N/A;N/A;N/A;N/A;N/A;N/A;N/A;N/A;N/A;N/A;N/A;N/A;"2620 mm";"1598 cc";"50 L";5;N/A;N/A;N/A;N/A;N/A;N/A;N/A;N/A;N/A;N/A;N/A;N/A;N/A;N/A;N/A;N/A;N/A;N/A;N/A;N/A;N/A;N/A;N/A;N/A;N/A;N/A;N/A;N/A;N/A;N/A;N/A;N/A;N/A;N/A;N/A;N/A;N/A;N/A;N/A;N/A;N/A;N/A;N/A;N/A;N/A;"1590 mm";"4295 mm";N/A;N/A;N/A;N/A;5;"118 hp";Sense;N/A;4;"1760 mm";N/A;N/A;N/A;N/A;N/A;N/A;Sí;Sí;N/A;N/A;N/A;N/A;N/A;N/A;N/A;N/A;N/A;"todos los dias";5;1.6;Nafta;Manual;SUV;"Autos y camionetas";Sí;N/A;N/A;N/A;N/A;N/A;UY;N/A;Sí;N/A;N/A;N/A;N/A;N/A;N/A;N/A;N/A;N/A;N/A;N/A;N/A;N/A;N/A;N/A;N/A;N/A;N/A;N/A;N/A;N/A;N/A;N/A;N/A;N/A;N/A;N/A;N/A;N/A;N/A;N/A;N/A;N/A;N/A;Sí;N/A;N/A;N/A;N/A;N/A;N/A;N/A;N/A;N/A;N/A;N/A;N/A;N/A;N/A;N/A;N/A;N/A;Sí;N/A;N/A;N/A;N/A;N/A;N/A;N/A;N/A;N/A;N/A;N/A;N/A;N/A;N/A;N/A;N/A;N/A;N/A;N/A;N/A;N/A;N/A;N/A;N/A;N/A;N/A;N/A;N/A;N/A;N/A;N/A;N/A;N/A;N/A;Sí;N/A;N/A;N/A;Sí;N/A;N/A;N/A;N/A;Sí;N/A;N/A;N/A;N/A;N/A;Sí;Sí;N/A;Sí;N/A;N/A;N/A;N/A;Sí;N/A;Sí
Nissan;Kicks;"1.6 Advance";2023;"0 km";;"DELTACAR S.A.";28990;;;;;Mercedes;https://auto.mercadolibre.com.uy/MLU-629917077-nissan-kicks-advance-_JM;N/A;;"Nissan Kicks Advance";usd;Sí;silver;false;N/A;N/A;http://perfil.mercadolibre.com.uy/DELTACAR+S.A.;active;N/A;N/A;Nuevo;Blanco;N/A;Hidráulica;Delantera;Sí;Sí;N/A;N/A;N/A;N/A;N/A;N/A;N/A;N/A;N/A;Sí;Sí;N/A;N/A;N/A;N/A;N/A;N/A;N/A;N/A;N/A;N/A;N/A;N/A;"2620 mm";"1598 cc";"50 L";5;N/A;N/A;N/A;N/A;N/A;N/A;N/A;N/A;N/A;N/A;N/A;N/A;N/A;N/A;N/A;N/A;N/A;N/A;N/A;N/A;N/A;N/A;N/A;N/A;N/A;N/A;N/A;N/A;N/A;N/A;N/A;N/A;N/A;N/A;N/A;N/A;N/A;N/A;N/A;N/A;N/A;N/A;N/A;N/A;N/A;"1590 mm";"4295 mm";N/A;N/A;N/A;N/A;5;"118 hp";Advance;N/A;4;"1760 mm";N/A;N/A;N/A;N/A;N/A;N/A;Sí;Sí;N/A;N/A;N/A;N/A;N/A;N/A;N/A;N/A;N/A;"todos los dias";5;1.6;Nafta;Manual;SUV;"Autos y camionetas";N/A;N/A;N/A;N/A;N/A;N/A;UY;N/A;Sí;N/A;N/A;N/A;N/A;N/A;N/A;N/A;N/A;N/A;N/A;N/A;N/A;N/A;N/A;N/A;Sí;N/A;N/A;N/A;N/A;N/A;N/A;N/A;N/A;N/A;N/A;N/A;N/A;N/A;N/A;N/A;N/A;N/A;N/A;Sí;N/A;N/A;N/A;N/A;N/A;N/A;N/A;N/A;N/A;N/A;N/A;N/A;N/A;N/A;N/A;N/A;N/A;Sí;Sí;N/A;N/A;N/A;N/A;N/A;N/A;N/A;N/A;N/A;N/A;N/A;N/A;N/A;N/A;N/A;N/A;N/A;N/A;N/A;N/A;N/A;N/A;N/A;N/A;N/A;N/A;N/A;N/A;N/A;N/A;N/A;N/A;N/A;N/A;N/A;N/A;N/A;Sí;N/A;N/A;N/A;N/A;Sí;N/A;N/A;Sí;N/A;N/A;Sí;Sí;Sí;Sí;N/A;Sí;N/A;N/A;Sí;N/A;Sí
Nissan;Frontier;"PRO4X 7AT";2023;"0 km";;"OSCARPISANO RENAULT-NISSAN";69538;;;;;Sayago;https://auto.mercadolibre.com.uy/MLU-635109017-nissan-frontier-pro4x-7at-25-2023-0km-_JM;N/A;;"Nissan Frontier Pro4x 7at 2.5 2023 0km";USD;Sí;silver;false;N/A;N/A;http://perfil.mercadolibre.com.uy/OSCARPISANO+RENAULT-NISSAN;active;N/A;N/A;Nuevo;Plateado;N/A;Hidráulica;N/A;Sí;Sí;Sí;No;Sí;No;Sí;Sí;Sí;No;Sí;Sí;Sí;No;Sí;N/A;N/A;N/A;N/A;N/A;N/A;N/A;N/A;N/A;N/A;N/A;"2500 cc";N/A;N/A;N/A;No;Sí;Sí;Sí;Sí;No;No;No;No;No;No;No;No;No;No;No;No;No;No;No;No;No;No;No;Sí;No;No;N/A;No;N/A;No;No;No;No;No;Sí;No;No;No;No;No;Sí;N/A;No;N/A;N/A;N/A;N/A;N/A;N/A;N/A;N/A;Pro-4x;N/A;N/A;N/A;"10 km/l";No;No;Sí;No;Sí;Sí;Sí;No;No;Sí;"10 km/l";No;No;No;Sí;No;"Lun. a Vie. de 8:30 a 18:30 hs. Sáb. de 9 a 13 hs";4;2.5;Diésel;Automática;Pick-Up;"Autos y camionetas";No;N/A;N/A;N/A;No;N/A;N/A;No;Sí;No;No;N/A;N/A;N/A;N/A;N/A;N/A;N/A;N/A;N/A;N/A;No;N/A;N/A;No;N/A;N/A;N/A;N/A;N/A;N/A;N/A;N/A;N/A;N/A;No;N/A;N/A;N/A;N/A;N/A;N/A;N/A;Sí;N/A;N/A;N/A;N/A;N/A;N/A;N/A;N/A;N/A;No;N/A;N/A;N/A;No;No;N/A;N/A;N/A;No;No;No;N/A;N/A;N/A;N/A;N/A;No;N/A;N/A;N/A;N/A;N/A;N/A;N/A;N/A;N/A;N/A;N/A;No;N/A;N/A;N/A;N/A;N/A;N/A;N/A;N/A;No;No;N/A;N/A;No;Sí;Sí;Sí;Sí;Sí;Sí;Sí;No;Sí;Sí;No;Sí;No;No;Sí;Sí;Sí;No;Sí;Sí;Sí;Sí;Sí;Sí;Sí;Sí
Nissan;Frontier;"NP300 Frontier";2023;"0 km";;"DELTACAR S.A.";42088;;;;;Mercedes;https://auto.mercadolibre.com.uy/MLU-635248539-nissan-frontier-diesel-4x2-s-_JM;N/A;;"Nissan  Frontier Diesel 4x2  S";USD;Sí;silver;false;N/A;N/A;http://perfil.mercadolibre.com.uy/DELTACAR+S.A.;active;N/A;N/A;Nuevo;Gris;N/A;Asistida;4x2;Sí;Sí;Sí;N/A;N/A;N/A;N/A;N/A;N/A;N/A;N/A;N/A;Sí;N/A;N/A;N/A;N/A;N/A;N/A;N/A;N/A;N/A;N/A;N/A;N/A;N/A;N/A;N/A;N/A;N/A;N/A;N/A;N/A;N/A;N/A;N/A;N/A;N/A;N/A;N/A;N/A;N/A;N/A;N/A;N/A;N/A;N/A;N/A;N/A;N/A;N/A;N/A;Sí;N/A;N/A;N/A;N/A;N/A;N/A;N/A;N/A;N/A;N/A;N/A;N/A;N/A;N/A;N/A;N/A;N/A;N/A;N/A;N/A;N/A;N/A;N/A;N/A;N/A;N/A;N/A;N/A;N/A;N/A;N/A;N/A;N/A;N/A;N/A;N/A;N/A;Sí;N/A;Sí;Sí;N/A;N/A;N/A;N/A;N/A;N/A;N/A;N/A;N/A;"TODOS LOS DIAS";4;2.5;Diésel;Manual;Pick-Up;"Autos y camionetas";Sí;N/A;N/A;N/A;Sí;N/A;N/A;N/A;Sí;N/A;N/A;N/A;N/A;N/A;N/A;N/A;N/A;N/A;N/A;N/A;N/A;N/A;N/A;N/A;N/A;N/A;N/A;N/A;N/A;N/A;N/A;N/A;N/A;N/A;N/A;N/A;N/A;N/A;N/A;N/A;N/A;N/A;N/A;Sí;N/A;N/A;N/A;N/A;N/A;N/A;N/A;N/A;N/A;N/A;N/A;N/A;N/A;N/A;N/A;N/A;N/A;Sí;Sí;N/A;N/A;N/A;N/A;N/A;N/A;N/A;N/A;N/A;N/A;N/A;N/A;N/A;N/A;N/A;N/A;N/A;N/A;N/A;N/A;N/A;N/A;N/A;N/A;N/A;N/A;N/A;N/A;N/A;N/A;N/A;N/A;N/A;Sí;N/A;N/A;Sí;Sí;Sí;N/A;N/A;N/A;Sí;N/A;N/A;N/A;N/A;Sí;Sí;N/A;Sí;Sí;Sí;Sí;N/A;N/A;N/A;N/A;Sí
Nissan;Kicks;"NISSAN KICKS";2023;"0 km";;AUTOMERCADOKIAROSARIO;28990;;;;;Rosario;https://auto.mercadolibre.com.uy/MLU-635134871-nissan-kicks-nissan-kicks-16-2023-0km-_JM;N/A;;"Nissan Kicks Nissan Kicks 1.6 2023 0km";usd;Sí;silver;false;N/A;N/A;http://perfil.mercadolibre.com.uy/AUTOMERCADOKIAROSARIO;active;N/A;N/A;Nuevo;N/A;N/A;Mecánica;N/A;Sí;Sí;N/A;N/A;Sí;N/A;N/A;Sí;N/A;N/A;Sí;Sí;Sí;N/A;N/A;N/A;N/A;N/A;N/A;N/A;N/A;N/A;N/A;N/A;N/A;N/A;"1600 cc";N/A;N/A;N/A;N/A;N/A;N/A;N/A;N/A;Sí;N/A;N/A;N/A;N/A;N/A;N/A;N/A;N/A;N/A;N/A;N/A;N/A;N/A;N/A;N/A;N/A;Sí;N/A;Sí;N/A;N/A;N/A;N/A;N/A;N/A;N/A;N/A;N/A;N/A;Sí;N/A;N/A;N/A;N/A;N/A;N/A;N/A;N/A;N/A;N/A;N/A;N/A;N/A;N/A;N/A;"118 hp";N/A;N/A;N/A;N/A;N/A;N/A;N/A;N/A;N/A;N/A;Sí;Sí;Sí;N/A;N/A;N/A;N/A;N/A;N/A;N/A;N/A;"Lun. a Vie. 8:30 a 12 y 14:30 a 19. Sáb. 8:30 a 12:30 hs";4;1.6;Nafta;Manual;SUV;"Autos y camionetas";No;N/A;N/A;N/A;No;N/A;UY;No;Sí;No;No;N/A;N/A;N/A;N/A;N/A;N/A;N/A;N/A;N/A;N/A;N/A;N/A;N/A;N/A;N/A;N/A;N/A;N/A;N/A;N/A;N/A;N/A;N/A;N/A;N/A;N/A;N/A;N/A;N/A;N/A;N/A;N/A;Sí;N/A;N/A;N/A;N/A;N/A;N/A;N/A;N/A;N/A;N/A;N/A;N/A;N/A;N/A;N/A;N/A;N/A;Sí;No;N/A;N/A;N/A;N/A;N/A;N/A;N/A;N/A;N/A;N/A;N/A;N/A;N/A;N/A;N/A;N/A;N/A;N/A;N/A;N/A;N/A;N/A;N/A;N/A;N/A;N/A;N/A;N/A;N/A;N/A;N/A;N/A;N/A;Sí;Sí;N/A;N/A;Sí;N/A;N/A;N/A;Sí;Sí;N/A;N/A;N/A;N/A;N/A;Sí;N/A;N/A;Sí;Sí;Sí;N/A;N/A;Sí;N/A;Sí
Nissan;Sentra;"B18 Exclusive";2021;"0 km";;"OSCARPISANO RENAULT-NISSAN";37990;;;;;Sayago;https://auto.mercadolibre.com.uy/MLU-635134983-nissan-sentra-b18-exclusive-20-2021-0km-_JM;N/A;;"Nissan Sentra B18 Exclusive 2.0 2021 0km";usd;Sí;silver;false;N/A;N/A;http://perfil.mercadolibre.com.uy/OSCARPISANO+RENAULT-NISSAN;active;N/A;N/A;Nuevo;Naranja;N/A;Eléctrica;N/A;Sí;Sí;Sí;Sí;Sí;N/A;Sí;Sí;Sí;Sí;Sí;Sí;Sí;N/A;Sí;N/A;N/A;N/A;N/A;N/A;N/A;N/A;N/A;N/A;N/A;N/A;"2000 cc";N/A;8;N/A;N/A;Sí;Sí;N/A;N/A;Sí;N/A;N/A;N/A;N/A;N/A;N/A;N/A;N/A;N/A;N/A;N/A;N/A;N/A;N/A;Sí;N/A;Sí;N/A;Sí;N/A;Sí;N/A;N/A;N/A;N/A;N/A;N/A;N/A;N/A;N/A;N/A;N/A;N/A;N/A;N/A;Sí;N/A;N/A;N/A;N/A;N/A;N/A;N/A;N/A;N/A;"145 hp";Exclusive;N/A;N/A;N/A;"11 km/l";N/A;N/A;Sí;Sí;Sí;Sí;Sí;Sí;Sí;N/A;"14 km/l";N/A;N/A;N/A;N/A;Sí;"Lun. a Vie. de 8:30 a 18:30 hs. Sáb. de 9 a 13 hs";5;2.0;Nafta;Automática;Sedán;"Autos y camionetas";No;N/A;N/A;N/A;No;N/A;UY;No;Sí;No;No;N/A;N/A;N/A;N/A;N/A;N/A;N/A;N/A;N/A;N/A;N/A;N/A;N/A;N/A;N/A;N/A;N/A;N/A;N/A;N/A;N/A;N/A;N/A;N/A;N/A;N/A;N/A;N/A;N/A;N/A;N/A;N/A;Sí;N/A;N/A;N/A;N/A;N/A;N/A;N/A;N/A;N/A;N/A;N/A;N/A;N/A;N/A;N/A;N/A;N/A;Sí;No;N/A;N/A;N/A;N/A;N/A;N/A;N/A;N/A;N/A;N/A;N/A;N/A;N/A;N/A;N/A;N/A;N/A;N/A;N/A;N/A;N/A;N/A;N/A;N/A;N/A;N/A;N/A;N/A;N/A;N/A;N/A;N/A;N/A;Sí;Sí;Sí;Sí;Sí;Sí;Sí;N/A;Sí;Sí;Sí;Sí;N/A;N/A;Sí;Sí;Sí;N/A;Sí;Sí;Sí;Sí;N/A;Sí;Sí;Sí
Nissan;"NP300 Frontier";"2.5 S 161 Hp Doble Cabina";2020;"105000 km";;"DANOTIL SA";21900;;;;;"Parque Batlle";https://auto.mercadolibre.com.uy/MLU-635320039-nissan-np300-frontier-2020-25-s-161-hp-doble-cabina-_JM;N/A;;"Nissan Np300 Frontier 2020 2.5 S 161 Hp Doble Cabina";usd;Sí;silver;false;N/A;N/A;http://perfil.mercadolibre.com.uy/DANOTIL+SA;active;N/A;N/A;Usado;Plateado;N/A;Hidráulica;4x2;Sí;N/A;N/A;N/A;N/A;N/A;N/A;N/A;N/A;N/A;N/A;N/A;N/A;N/A;N/A;N/A;N/A;N/A;N/A;N/A;N/A;N/A;N/A;N/A;N/A;"3150 mm";"2.5 L";"80 L";6;N/A;N/A;N/A;N/A;N/A;N/A;N/A;N/A;N/A;N/A;N/A;N/A;N/A;N/A;N/A;N/A;N/A;N/A;N/A;N/A;N/A;N/A;N/A;N/A;N/A;N/A;N/A;N/A;N/A;N/A;N/A;N/A;N/A;Sí;Sí;N/A;N/A;N/A;N/A;N/A;N/A;N/A;N/A;N/A;N/A;"1860 mm";"5258 mm";N/A;N/A;N/A;N/A;N/A;"161 hp";S;N/A;4;"1850 mm";N/A;N/A;N/A;N/A;N/A;N/A;N/A;N/A;N/A;N/A;N/A;N/A;N/A;N/A;N/A;N/A;N/A;N/A;4;2.5;Nafta;Manual;Pick-Up;"Autos y camionetas";N/A;N/A;N/A;N/A;N/A;N/A;UY;N/A;N/A;N/A;N/A;N/A;N/A;N/A;N/A;N/A;N/A;N/A;N/A;N/A;N/A;N/A;N/A;N/A;N/A;N/A;N/A;N/A;N/A;N/A;N/A;N/A;N/A;N/A;N/A;N/A;N/A;N/A;N/A;N/A;N/A;N/A;N/A;N/A;N/A;N/A;N/A;N/A;N/A;N/A;N/A;N/A;N/A;N/A;N/A;N/A;N/A;N/A;N/A;N/A;N/A;N/A;N/A;N/A;N/A;N/A;N/A;N/A;N/A;N/A;N/A;N/A;N/A;N/A;N/A;N/A;N/A;N/A;N/A;N/A;N/A;N/A;N/A;N/A;N/A;N/A;N/A;N/A;N/A;N/A;N/A;N/A;N/A;N/A;N/A;N/A;Sí;N/A;N/A;N/A;Sí;N/A;N/A;N/A;N/A;Sí;N/A;N/A;Sí;N/A;N/A;N/A;N/A;N/A;Sí;N/A;N/A;N/A;N/A;N/A;N/A;N/A
Nissan;Tiida;"1.8 Emotion At";2010;"130000 km";;VOLCAMSRL;10900;;;;;Durazno;https://auto.mercadolibre.com.uy/MLU-635261975-nissan-tiida-2010-18-emotion-at-_JM;N/A;;"Nissan Tiida 2010 1.8 Emotion At";usd;Sí;silver;false;N/A;N/A;http://perfil.mercadolibre.com.uy/VOLCAMSRL;active;N/A;N/A;Usado;N/A;N/A;Hidráulica;Delantera;Sí;N/A;N/A;N/A;N/A;N/A;N/A;N/A;N/A;N/A;N/A;N/A;N/A;N/A;N/A;N/A;N/A;N/A;N/A;N/A;N/A;N/A;N/A;N/A;N/A;"2600 mm";"1.8 L";"52.4 L";N/A;N/A;N/A;N/A;N/A;N/A;N/A;N/A;N/A;N/A;N/A;N/A;N/A;N/A;N/A;N/A;N/A;N/A;N/A;N/A;N/A;N/A;N/A;N/A;N/A;N/A;N/A;N/A;N/A;N/A;N/A;N/A;N/A;N/A;N/A;N/A;N/A;N/A;N/A;N/A;N/A;N/A;N/A;N/A;N/A;N/A;"1548 mm";"4297 mm";N/A;N/A;N/A;N/A;N/A;N/A;Emotion;N/A;N/A;"1695 mm";N/A;N/A;N/A;N/A;N/A;N/A;N/A;N/A;N/A;N/A;N/A;N/A;N/A;N/A;N/A;N/A;N/A;N/A;5;1.8;Nafta;Automática;Hatchback;"Autos y camionetas";N/A;N/A;N/A;N/A;N/A;N/A;UY;N/A;N/A;N/A;N/A;N/A;N/A;N/A;N/A;N/A;N/A;N/A;N/A;N/A;N/A;N/A;N/A;N/A;N/A;N/A;N/A;N/A;N/A;N/A;N/A;N/A;N/A;N/A;N/A;N/A;N/A;N/A;N/A;N/A;N/A;N/A;N/A;N/A;N/A;N/A;N/A;N/A;N/A;N/A;N/A;N/A;N/A;N/A;N/A;N/A;N/A;N/A;N/A;N/A;N/A;N/A;N/A;N/A;N/A;N/A;N/A;N/A;N/A;N/A;N/A;N/A;N/A;N/A;N/A;N/A;N/A;N/A;N/A;N/A;N/A;N/A;N/A;N/A;N/A;N/A;N/A;N/A;N/A;N/A;N/A;N/A;N/A;N/A;N/A;N/A;Sí;N/A;N/A;N/A;N/A;N/A;N/A;N/A;N/A;N/A;N/A;N/A;N/A;N/A;N/A;N/A;N/A;N/A;Sí;N/A;N/A;N/A;N/A;N/A;N/A;N/A
Nissan;Versa;"1.6 Drive";2018;"1 km";;MUSSINIAUTOMOVILES;12900;;;;;"San José de Mayo";https://auto.mercadolibre.com.uy/MLU-635134537-nissan-versa-_JM;N/A;;"Nissan Versa";usd;Sí;silver;false;N/A;N/A;http://perfil.mercadolibre.com.uy/MUSSINIAUTOMOVILES;active;N/A;N/A;Usado;Rojo;N/A;Hidráulica;Delantera;Sí;N/A;N/A;N/A;N/A;N/A;N/A;N/A;N/A;N/A;N/A;N/A;N/A;N/A;N/A;N/A;N/A;N/A;N/A;N/A;N/A;N/A;N/A;N/A;N/A;"2600 mm";"1.6 L";"41 L";5;N/A;N/A;N/A;N/A;N/A;N/A;N/A;N/A;N/A;N/A;N/A;N/A;N/A;N/A;N/A;N/A;N/A;N/A;N/A;N/A;N/A;N/A;N/A;N/A;N/A;N/A;N/A;N/A;N/A;N/A;N/A;N/A;N/A;N/A;N/A;N/A;N/A;N/A;N/A;N/A;N/A;N/A;N/A;N/A;N/A;"1506 mm";"4492 mm";N/A;N/A;N/A;N/A;5;"106 hp";Drive;N/A;4;"1695 mm";N/A;N/A;N/A;N/A;N/A;N/A;N/A;Sí;N/A;N/A;N/A;N/A;N/A;N/A;N/A;N/A;N/A;N/A;4;1.6;Nafta;Manual;Sedán;"Autos y camionetas";N/A;N/A;N/A;N/A;N/A;N/A;UY;N/A;N/A;N/A;N/A;N/A;N/A;N/A;N/A;N/A;N/A;N/A;N/A;N/A;N/A;N/A;N/A;N/A;N/A;N/A;N/A;N/A;N/A;N/A;N/A;N/A;N/A;N/A;N/A;N/A;N/A;N/A;N/A;N/A;N/A;N/A;N/A;N/A;N/A;N/A;N/A;N/A;N/A;N/A;N/A;N/A;N/A;N/A;N/A;N/A;N/A;N/A;N/A;N/A;N/A;N/A;N/A;N/A;N/A;N/A;N/A;N/A;N/A;N/A;N/A;N/A;N/A;N/A;N/A;N/A;N/A;N/A;N/A;N/A;N/A;N/A;N/A;N/A;N/A;N/A;N/A;N/A;N/A;N/A;N/A;N/A;N/A;N/A;N/A;N/A;Sí;N/A;N/A;N/A;N/A;N/A;N/A;N/A;N/A;Sí;N/A;N/A;N/A;N/A;N/A;N/A;N/A;N/A;Sí;N/A;N/A;N/A;N/A;N/A;N/A;N/A
Nissan;March;"Extra Full Manual";2014;"64000 km";;JORGE_JAB;11300;;;;;"Malvin Norte";https://auto.mercadolibre.com.uy/MLU-635159945-nissan-march-extra-full-manual-_JM;N/A;;"Nissan March Extra Full Manual";USD;Sí;silver;false;N/A;N/A;http://perfil.mercadolibre.com.uy/JORGE_JAB;active;N/A;N/A;Usado;N/A;N/A;N/A;N/A;N/A;N/A;N/A;N/A;N/A;N/A;N/A;N/A;N/A;N/A;N/A;N/A;N/A;N/A;N/A;N/A;N/A;N/A;N/A;N/A;N/A;N/A;N/A;N/A;N/A;N/A;N/A;N/A;N/A;N/A;N/A;N/A;N/A;N/A;N/A;N/A;N/A;N/A;N/A;N/A;N/A;N/A;N/A;N/A;N/A;N/A;N/A;N/A;N/A;N/A;N/A;N/A;N/A;N/A;N/A;N/A;N/A;N/A;N/A;N/A;N/A;N/A;N/A;N/A;N/A;N/A;N/A;N/A;N/A;N/A;N/A;N/A;N/A;N/A;N/A;N/A;N/A;N/A;N/A;N/A;N/A;N/A;N/A;N/A;N/A;N/A;N/A;N/A;N/A;N/A;N/A;N/A;N/A;N/A;N/A;N/A;N/A;N/A;N/A;N/A;N/A;N/A;N/A;N/A;5;N/A;Nafta;N/A;N/A;"Autos y camionetas";N/A;N/A;N/A;N/A;N/A;N/A;N/A;N/A;N/A;N/A;N/A;N/A;N/A;N/A;N/A;N/A;N/A;N/A;N/A;N/A;N/A;N/A;N/A;N/A;N/A;N/A;N/A;N/A;N/A;N/A;N/A;N/A;N/A;N/A;N/A;N/A;N/A;N/A;N/A;N/A;N/A;N/A;N/A;N/A;N/A;N/A;N/A;N/A;N/A;N/A;N/A;N/A;N/A;N/A;N/A;N/A;N/A;N/A;N/A;N/A;N/A;N/A;N/A;N/A;N/A;N/A;N/A;N/A;N/A;N/A;N/A;N/A;N/A;N/A;N/A;N/A;N/A;N/A;N/A;N/A;N/A;N/A;N/A;N/A;N/A;N/A;N/A;N/A;N/A;N/A;N/A;N/A;N/A;N/A;N/A;N/A;N/A;N/A;N/A;N/A;N/A;N/A;N/A;N/A;N/A;N/A;N/A;N/A;N/A;N/A;N/A;N/A;N/A;N/A;N/A;N/A;N/A;N/A;N/A;N/A;N/A;N/A
Nissan;Versa;"1.6 Exclusive At";2021;"37000 km";;LUISAMIL1;24500;;;;;Manga;https://auto.mercadolibre.com.uy/MLU-664977910-nissan-versa-2021-16-exclusive-at-_JM;N/A;;"Nissan Versa 2021 1.6 Exclusive At";usd;Sí;silver;false;N/A;N/A;http://perfil.mercadolibre.com.uy/LUISAMIL1;active;N/A;N/A;Usado;N/A;N/A;Hidráulica;Delantera;Sí;N/A;N/A;N/A;Sí;N/A;N/A;N/A;Sí;N/A;N/A;N/A;N/A;N/A;N/A;N/A;N/A;N/A;N/A;N/A;N/A;N/A;N/A;N/A;N/A;"2600 mm";"1.6 L";"41 L";4;N/A;N/A;N/A;N/A;N/A;N/A;N/A;N/A;N/A;N/A;N/A;N/A;N/A;N/A;N/A;N/A;N/A;N/A;N/A;N/A;N/A;N/A;N/A;N/A;N/A;N/A;N/A;N/A;N/A;N/A;N/A;N/A;N/A;Sí;Sí;N/A;N/A;N/A;N/A;N/A;N/A;N/A;N/A;N/A;N/A;"1506 mm";"4465 mm";N/A;N/A;N/A;N/A;5;"106 hp";Exclusive;N/A;4;"1695 mm";N/A;N/A;N/A;N/A;N/A;N/A;N/A;Sí;N/A;N/A;N/A;N/A;N/A;N/A;N/A;N/A;N/A;N/A;4;1.6;Nafta;Automática;Sedán;"Autos y camionetas";N/A;N/A;N/A;N/A;N/A;N/A;UY;N/A;N/A;N/A;N/A;N/A;N/A;N/A;N/A;N/A;N/A;N/A;N/A;N/A;N/A;N/A;N/A;N/A;N/A;N/A;N/A;N/A;N/A;N/A;N/A;N/A;N/A;N/A;N/A;N/A;N/A;N/A;N/A;N/A;N/A;N/A;N/A;N/A;N/A;N/A;N/A;N/A;N/A;N/A;N/A;N/A;N/A;N/A;N/A;N/A;N/A;N/A;N/A;N/A;N/A;N/A;N/A;N/A;N/A;N/A;N/A;N/A;N/A;N/A;N/A;N/A;N/A;N/A;N/A;N/A;N/A;N/A;N/A;N/A;N/A;N/A;N/A;N/A;N/A;N/A;N/A;N/A;N/A;N/A;N/A;N/A;N/A;N/A;N/A;N/A;Sí;N/A;Sí;N/A;N/A;N/A;N/A;Sí;N/A;Sí;N/A;N/A;N/A;N/A;N/A;N/A;Sí;N/A;Sí;N/A;N/A;N/A;N/A;Sí;N/A;N/A
Nissan;March;"1.6 Active Mt";2014;"79000 km";;MNSATURNO2007;9990;;;;;Pocitos;https://auto.mercadolibre.com.uy/MLU-663900924-nissan-march-16-full-_JM;N/A;;"Nissan March 1.6 Full";usd;Sí;silver;false;N/A;N/A;http://perfil.mercadolibre.com.uy/MNSATURNO2007;active;N/A;N/A;Usado;Plateado;N/A;Hidráulica;Delantera;Sí;N/A;N/A;N/A;N/A;N/A;N/A;N/A;N/A;N/A;N/A;N/A;N/A;N/A;N/A;N/A;N/A;N/A;N/A;N/A;N/A;N/A;N/A;N/A;N/A;"2450 mm";"1.6 L";"41 L";N/A;N/A;N/A;N/A;N/A;N/A;N/A;N/A;N/A;N/A;N/A;N/A;N/A;N/A;N/A;N/A;N/A;N/A;N/A;N/A;N/A;N/A;N/A;N/A;N/A;N/A;N/A;N/A;N/A;N/A;N/A;N/A;N/A;N/A;N/A;N/A;N/A;N/A;N/A;N/A;N/A;N/A;N/A;N/A;N/A;N/A;"1532 mm";"3827 mm";N/A;N/A;N/A;N/A;5;"109 hp";Active;N/A;N/A;"1665 mm";N/A;N/A;N/A;N/A;N/A;N/A;N/A;N/A;N/A;N/A;N/A;N/A;N/A;N/A;N/A;N/A;N/A;"Lunes a Domingos";5;1.6;Nafta;Manual;Hatchback;"Autos y camionetas";N/A;N/A;N/A;N/A;N/A;N/A;UY;N/A;N/A;N/A;N/A;N/A;N/A;N/A;N/A;N/A;N/A;N/A;N/A;N/A;N/A;N/A;N/A;N/A;N/A;N/A;N/A;N/A;N/A;N/A;N/A;N/A;N/A;N/A;N/A;N/A;N/A;N/A;N/A;N/A;N/A;N/A;N/A;N/A;N/A;N/A;N/A;N/A;N/A;N/A;N/A;N/A;N/A;N/A;N/A;N/A;N/A;N/A;N/A;N/A;N/A;N/A;N/A;N/A;N/A;N/A;N/A;N/A;N/A;N/A;N/A;N/A;N/A;N/A;N/A;N/A;N/A;N/A;N/A;N/A;N/A;N/A;N/A;N/A;N/A;N/A;N/A;N/A;N/A;N/A;N/A;N/A;N/A;N/A;N/A;N/A;Sí;N/A;N/A;N/A;N/A;N/A;N/A;N/A;N/A;N/A;N/A;N/A;N/A;N/A;N/A;N/A;N/A;N/A;Sí;N/A;N/A;N/A;N/A;N/A;N/A;N/A
Nissan;March;"1.6 Drive Mt";2013;"130500 km";;LIZET989;9800;;;;;Peñarol;https://auto.mercadolibre.com.uy/MLU-634570529-nissan-march-2013-16-drive-mt-_JM;N/A;;"Nissan March 2013 1.6 Drive Mt";usd;Sí;silver;false;N/A;N/A;http://perfil.mercadolibre.com.uy/LIZET989;active;N/A;N/A;Usado;N/A;N/A;Hidráulica;Delantera;Sí;N/A;N/A;N/A;N/A;N/A;N/A;N/A;N/A;N/A;N/A;N/A;N/A;N/A;N/A;N/A;N/A;N/A;N/A;N/A;N/A;N/A;N/A;N/A;N/A;"2450 mm";"1.6 L";"41 L";N/A;N/A;N/A;N/A;N/A;N/A;N/A;N/A;N/A;N/A;N/A;N/A;N/A;N/A;N/A;N/A;N/A;N/A;N/A;N/A;N/A;N/A;N/A;N/A;N/A;N/A;N/A;N/A;N/A;N/A;N/A;N/A;N/A;N/A;N/A;N/A;N/A;N/A;N/A;N/A;N/A;N/A;N/A;N/A;N/A;N/A;"1528 mm";"3780 mm";N/A;N/A;N/A;N/A;5;"109 hp";Drive;N/A;N/A;"1665 mm";N/A;N/A;N/A;N/A;N/A;N/A;N/A;N/A;N/A;N/A;N/A;N/A;N/A;N/A;N/A;N/A;N/A;N/A;5;1.6;Nafta;Manual;Hatchback;"Autos y camionetas";N/A;N/A;N/A;N/A;N/A;N/A;UY;N/A;N/A;N/A;N/A;N/A;N/A;N/A;N/A;N/A;N/A;N/A;N/A;N/A;N/A;N/A;N/A;N/A;N/A;N/A;N/A;N/A;N/A;N/A;N/A;N/A;N/A;N/A;N/A;N/A;N/A;N/A;N/A;N/A;N/A;N/A;N/A;N/A;N/A;N/A;N/A;N/A;N/A;N/A;N/A;N/A;N/A;N/A;N/A;N/A;N/A;N/A;N/A;N/A;N/A;N/A;N/A;N/A;N/A;N/A;N/A;N/A;N/A;N/A;N/A;N/A;N/A;N/A;N/A;N/A;N/A;N/A;N/A;N/A;N/A;N/A;N/A;N/A;N/A;N/A;N/A;N/A;N/A;N/A;N/A;N/A;N/A;N/A;N/A;N/A;Sí;N/A;N/A;N/A;N/A;N/A;N/A;N/A;N/A;N/A;N/A;N/A;N/A;N/A;N/A;N/A;N/A;N/A;Sí;N/A;N/A;N/A;N/A;N/A;N/A;N/A
Nissan;Kicks;Exclusive;2019;"133800 km";;AUTOMERCADOKIAROSARIO;21900;;;;;Rosario;https://auto.mercadolibre.com.uy/MLU-661071196-nissan-kicks-exclusive-16-2019-muy-buen-estado-_JM;N/A;;"Nissan Kicks Exclusive 1.6 2019 Muy Buen Estado!";usd;Sí;silver;false;N/A;N/A;http://perfil.mercadolibre.com.uy/AUTOMERCADOKIAROSARIO;active;N/A;N/A;Usado;Blanco;N/A;Hidráulica;N/A;Sí;Sí;Sí;N/A;N/A;N/A;N/A;Sí;Sí;N/A;Sí;Sí;Sí;N/A;Sí;N/A;N/A;N/A;N/A;N/A;N/A;N/A;N/A;N/A;N/A;N/A;"1600 cc";N/A;6;N/A;N/A;Sí;Sí;N/A;N/A;N/A;N/A;N/A;N/A;N/A;N/A;N/A;N/A;N/A;N/A;N/A;N/A;N/A;N/A;N/A;N/A;N/A;Sí;N/A;Sí;N/A;N/A;N/A;N/A;N/A;N/A;N/A;N/A;N/A;N/A;Sí;N/A;N/A;N/A;N/A;N/A;Sí;N/A;N/A;N/A;N/A;N/A;N/A;N/A;N/A;N/A;N/A;Exclusive;N/A;N/A;N/A;N/A;N/A;N/A;N/A;Sí;Sí;N/A;Sí;Sí;N/A;N/A;N/A;N/A;N/A;N/A;N/A;N/A;"Lun. a Vie. 8:30 a 12 y 14:30 a 19. Sáb. 8:30 a 12:30 hs";5;1.6;Nafta;Automática;SUV;"Autos y camionetas";No;N/A;N/A;N/A;No;N/A;UY;No;Sí;No;No;N/A;N/A;N/A;N/A;N/A;N/A;N/A;N/A;N/A;N/A;N/A;N/A;N/A;N/A;N/A;N/A;N/A;N/A;N/A;N/A;N/A;N/A;N/A;N/A;N/A;N/A;N/A;N/A;N/A;N/A;N/A;N/A;N/A;N/A;N/A;N/A;N/A;N/A;N/A;N/A;N/A;N/A;N/A;N/A;N/A;N/A;N/A;N/A;N/A;N/A;N/A;No;N/A;N/A;N/A;N/A;N/A;N/A;N/A;N/A;N/A;N/A;N/A;N/A;N/A;N/A;N/A;N/A;N/A;N/A;N/A;N/A;N/A;N/A;N/A;N/A;N/A;N/A;N/A;N/A;N/A;N/A;N/A;N/A;N/A;N/A;N/A;Sí;N/A;Sí;N/A;Sí;N/A;Sí;Sí;N/A;N/A;N/A;N/A;N/A;N/A;Sí;N/A;Sí;Sí;Sí;N/A;N/A;N/A;N/A;Sí
Nissan;Sentra;B13;2010;"165000 km";;"KIA MOTORSPANDO";7400;;;;;Pando;https://auto.mercadolibre.com.uy/MLU-655751164-nissan-sentra-b13-ano-2010-full-_JM;N/A;;"Nissan Sentra B13 Año 2010 Full";USD;Sí;silver;false;N/A;N/A;http://perfil.mercadolibre.com.uy/KIA+MOTORSPANDO;active;N/A;N/A;Usado;Gris;N/A;Hidráulica;Delantera;N/A;N/A;N/A;N/A;N/A;N/A;N/A;N/A;N/A;N/A;N/A;N/A;N/A;N/A;N/A;N/A;N/A;N/A;N/A;N/A;N/A;N/A;N/A;N/A;N/A;N/A;N/A;N/A;N/A;N/A;N/A;N/A;N/A;N/A;N/A;N/A;N/A;N/A;N/A;N/A;N/A;N/A;N/A;N/A;N/A;N/A;N/A;N/A;N/A;N/A;N/A;N/A;N/A;N/A;N/A;N/A;N/A;N/A;N/A;N/A;N/A;N/A;N/A;N/A;N/A;N/A;N/A;N/A;N/A;N/A;N/A;N/A;N/A;N/A;N/A;N/A;N/A;N/A;N/A;N/A;N/A;N/A;N/A;N/A;N/A;N/A;N/A;N/A;N/A;N/A;N/A;N/A;N/A;N/A;N/A;N/A;N/A;N/A;N/A;N/A;N/A;N/A;N/A;"8.30 A 18.30";4;1.6;Nafta;Manual;Sedán;"Autos y camionetas";N/A;N/A;N/A;N/A;N/A;N/A;N/A;N/A;N/A;N/A;N/A;N/A;N/A;N/A;N/A;N/A;N/A;N/A;N/A;N/A;N/A;N/A;N/A;N/A;N/A;N/A;N/A;N/A;N/A;N/A;N/A;N/A;N/A;N/A;N/A;N/A;N/A;N/A;N/A;N/A;N/A;N/A;N/A;N/A;N/A;N/A;N/A;N/A;N/A;N/A;N/A;N/A;N/A;N/A;N/A;N/A;N/A;N/A;N/A;N/A;N/A;N/A;N/A;N/A;N/A;N/A;N/A;N/A;N/A;N/A;N/A;N/A;N/A;N/A;N/A;N/A;N/A;N/A;N/A;N/A;N/A;N/A;N/A;N/A;N/A;N/A;N/A;N/A;N/A;N/A;N/A;N/A;N/A;N/A;N/A;N/A;N/A;N/A;N/A;N/A;N/A;N/A;N/A;N/A;N/A;N/A;N/A;N/A;N/A;N/A;N/A;N/A;N/A;N/A;N/A;N/A;N/A;N/A;N/A;N/A;N/A;N/A
Nissan;Kicks;"1.6 Advance At";2018;"57071 km";;WOHLERAUTOMOVILES;23900;;;;;Florida;https://auto.mercadolibre.com.uy/MLU-658726592-nissan-kicks-advance-cvt-2018-segundo-dueno-igual-a-nueva-_JM;N/A;;"Nissan Kicks Advance Cvt 2018 Segundo Dueño Igual A Nueva!!!";usd;Sí;silver;false;N/A;N/A;http://perfil.mercadolibre.com.uy/WOHLERAUTOMOVILES;active;N/A;N/A;Usado;Gris;No;Hidráulica;Delantera;Sí;Sí;N/A;N/A;N/A;Sí;N/A;N/A;Sí;N/A;N/A;Sí;Sí;N/A;Sí;N/A;N/A;N/A;N/A;N/A;N/A;N/A;N/A;N/A;N/A;"2620 mm";"1.6 L";"50 L";N/A;N/A;N/A;N/A;N/A;N/A;No;N/A;N/A;N/A;N/A;N/A;N/A;N/A;N/A;N/A;N/A;N/A;N/A;N/A;N/A;N/A;N/A;N/A;N/A;N/A;N/A;N/A;N/A;N/A;No;N/A;N/A;N/A;Sí;Sí;Sí;N/A;N/A;N/A;N/A;N/A;N/A;N/A;N/A;N/A;"1590 mm";"4295 mm";N/A;N/A;N/A;N/A;5;"118 hp";Advance;N/A;4;"1760 mm";N/A;Sí;N/A;Sí;Sí;N/A;Sí;Sí;N/A;No;N/A;N/A;No;Sí;N/A;N/A;Sí;N/A;5;1.6;Nafta;Automática;SUV;"Autos y camionetas";Sí;N/A;N/A;N/A;No;N/A;UY;N/A;Sí;N/A;No;N/A;N/A;N/A;N/A;N/A;N/A;N/A;N/A;N/A;N/A;N/A;N/A;N/A;Sí;N/A;N/A;N/A;N/A;N/A;N/A;N/A;N/A;N/A;N/A;N/A;N/A;N/A;N/A;N/A;N/A;N/A;N/A;No;N/A;N/A;N/A;N/A;N/A;N/A;N/A;N/A;N/A;N/A;N/A;N/A;N/A;N/A;N/A;N/A;N/A;No;Sí;N/A;N/A;N/A;N/A;N/A;N/A;N/A;N/A;N/A;N/A;N/A;N/A;N/A;N/A;N/A;N/A;N/A;N/A;N/A;N/A;N/A;N/A;N/A;N/A;N/A;N/A;N/A;N/A;N/A;N/A;N/A;N/A;No;Sí;Sí;Sí;N/A;Sí;N/A;N/A;N/A;N/A;Sí;No;Sí;Sí;N/A;N/A;Sí;Sí;Sí;Sí;Sí;Sí;No;No;Sí;N/A;Sí
Nissan;Kicks;"Advance Cvt";2021;"0 km";;"OSCARPISANO RENAULT-NISSAN";31990;;;;;Sayago;https://auto.mercadolibre.com.uy/MLU-635160839-nissan-kicks-advance-cvt-16-2021-0km-_JM;N/A;;"Nissan Kicks Advance Cvt 1.6 2021 0km";USD;Sí;silver;false;N/A;N/A;http://perfil.mercadolibre.com.uy/OSCARPISANO+RENAULT-NISSAN;active;N/A;N/A;Nuevo;Plateado;N/A;Hidráulica;N/A;Sí;Sí;Sí;No;Sí;No;Sí;Sí;No;No;Sí;No;Sí;No;Sí;N/A;N/A;N/A;N/A;N/A;N/A;N/A;N/A;N/A;N/A;N/A;"1600 cc";N/A;6;N/A;No;Sí;Sí;No;No;No;No;No;No;No;No;No;No;No;No;No;No;No;No;No;No;No;Sí;No;Sí;No;No;N/A;No;N/A;No;No;No;No;No;Sí;No;No;No;No;No;Sí;N/A;No;N/A;N/A;N/A;N/A;N/A;N/A;N/A;N/A;N/A;N/A;N/A;N/A;N/A;No;No;No;No;Sí;No;Sí;Sí;No;No;N/A;No;No;No;No;Sí;"Lun. a Vie. de 8:30 a 18:30 hs. Sáb. de 9 a 13 hs";5;1.6;Nafta;Automática;Hatchback;"Autos y camionetas";No;N/A;N/A;N/A;No;N/A;N/A;No;Sí;No;N/A;N/A;N/A;N/A;N/A;N/A;N/A;N/A;N/A;N/A;N/A;N/A;N/A;N/A;N/A;N/A;N/A;N/A;N/A;N/A;N/A;N/A;N/A;N/A;N/A;N/A;N/A;N/A;N/A;N/A;N/A;N/A;N/A;N/A;N/A;N/A;N/A;N/A;N/A;N/A;N/A;N/A;N/A;N/A;N/A;N/A;N/A;N/A;N/A;N/A;N/A;N/A;No;N/A;N/A;N/A;N/A;N/A;N/A;N/A;N/A;N/A;N/A;N/A;N/A;N/A;N/A;N/A;N/A;N/A;N/A;N/A;N/A;N/A;N/A;N/A;N/A;N/A;N/A;N/A;N/A;N/A;N/A;N/A;N/A;No;Sí;Sí;Sí;Sí;Sí;Sí;Sí;No;Sí;Sí;No;No;No;No;Sí;No;Sí;No;Sí;Sí;Sí;No;No;Sí;Sí;Sí
Nissan;Frontier;"DC LX 4X4";2012;"191900 km";;BEJU188970;14300;;;;;"San José de Mayo";https://auto.mercadolibre.com.uy/MLU-635443519-nissan-frontier-dc-lx-4x4-_JM;N/A;;"Nissan Frontier Dc Lx 4x4";USD;Sí;silver;false;N/A;N/A;http://perfil.mercadolibre.com.uy/BEJU188970;active;N/A;N/A;Usado;N/A;N/A;N/A;N/A;N/A;N/A;N/A;N/A;N/A;N/A;N/A;N/A;N/A;N/A;N/A;N/A;N/A;N/A;N/A;N/A;N/A;N/A;N/A;N/A;N/A;N/A;N/A;N/A;N/A;N/A;N/A;N/A;N/A;N/A;N/A;N/A;N/A;N/A;N/A;N/A;N/A;N/A;N/A;N/A;N/A;N/A;N/A;N/A;N/A;N/A;N/A;N/A;N/A;N/A;N/A;N/A;N/A;N/A;N/A;N/A;N/A;N/A;N/A;N/A;N/A;N/A;N/A;N/A;N/A;N/A;N/A;N/A;N/A;N/A;N/A;N/A;N/A;N/A;N/A;N/A;N/A;N/A;N/A;N/A;N/A;N/A;N/A;N/A;N/A;N/A;N/A;N/A;N/A;N/A;N/A;N/A;N/A;N/A;N/A;N/A;N/A;N/A;N/A;N/A;N/A;N/A;N/A;N/A;5;N/A;Nafta;N/A;N/A;"Autos y camionetas";N/A;N/A;N/A;N/A;N/A;N/A;N/A;N/A;N/A;N/A;N/A;N/A;N/A;N/A;N/A;N/A;N/A;N/A;N/A;N/A;N/A;N/A;N/A;N/A;N/A;N/A;N/A;N/A;N/A;N/A;N/A;N/A;N/A;N/A;N/A;N/A;N/A;N/A;N/A;N/A;N/A;N/A;N/A;N/A;N/A;N/A;N/A;N/A;N/A;N/A;N/A;N/A;N/A;N/A;N/A;N/A;N/A;N/A;N/A;N/A;N/A;N/A;N/A;N/A;N/A;N/A;N/A;N/A;N/A;N/A;N/A;N/A;N/A;N/A;N/A;N/A;N/A;N/A;N/A;N/A;N/A;N/A;N/A;N/A;N/A;N/A;N/A;N/A;N/A;N/A;N/A;N/A;N/A;N/A;N/A;N/A;N/A;N/A;N/A;N/A;N/A;N/A;N/A;N/A;N/A;N/A;N/A;N/A;N/A;N/A;N/A;N/A;N/A;N/A;N/A;N/A;N/A;N/A;N/A;N/A;N/A;N/A
Nissan;Kicks;"1.6 Advance";2018;"67540 km";;GUILLECV;18500;;;;;"Punta del Este";https://auto.mercadolibre.com.uy/MLU-635304563-nissan-kicks-2018-16-advance-_JM;N/A;;"Nissan Kicks 2018 1.6 Advance";usd;Sí;silver;false;N/A;N/A;http://perfil.mercadolibre.com.uy/GUILLECV;active;N/A;N/A;Usado;N/A;N/A;Hidráulica;Delantera;Sí;N/A;N/A;N/A;N/A;N/A;N/A;N/A;N/A;N/A;N/A;N/A;N/A;N/A;N/A;N/A;N/A;N/A;N/A;N/A;N/A;N/A;N/A;N/A;N/A;"2620 mm";"1.6 L";"50 L";5;N/A;N/A;N/A;N/A;N/A;N/A;N/A;N/A;N/A;N/A;N/A;N/A;N/A;N/A;N/A;N/A;N/A;N/A;N/A;N/A;N/A;N/A;N/A;N/A;N/A;N/A;N/A;N/A;N/A;N/A;N/A;N/A;N/A;Sí;Sí;N/A;N/A;N/A;N/A;N/A;N/A;N/A;N/A;N/A;N/A;"1590 mm";"4295 mm";N/A;N/A;N/A;N/A;5;"118 hp";Advance;N/A;4;"1760 mm";N/A;N/A;N/A;N/A;N/A;N/A;N/A;N/A;N/A;N/A;N/A;N/A;N/A;N/A;N/A;N/A;N/A;N/A;5;1.6;Nafta;Manual;SUV;"Autos y camionetas";N/A;N/A;N/A;N/A;N/A;N/A;UY;N/A;N/A;N/A;N/A;N/A;N/A;N/A;N/A;N/A;N/A;N/A;N/A;N/A;N/A;N/A;N/A;N/A;N/A;N/A;N/A;N/A;N/A;N/A;N/A;N/A;N/A;N/A;N/A;N/A;N/A;N/A;N/A;N/A;N/A;N/A;N/A;N/A;N/A;N/A;N/A;N/A;N/A;N/A;N/A;N/A;N/A;N/A;N/A;N/A;N/A;N/A;N/A;N/A;N/A;N/A;N/A;N/A;N/A;N/A;N/A;N/A;N/A;N/A;N/A;N/A;N/A;N/A;N/A;N/A;N/A;N/A;N/A;N/A;N/A;N/A;N/A;N/A;N/A;N/A;N/A;N/A;N/A;N/A;N/A;N/A;N/A;N/A;N/A;N/A;N/A;N/A;N/A;N/A;N/A;N/A;N/A;N/A;N/A;N/A;N/A;N/A;N/A;N/A;N/A;N/A;Sí;N/A;Sí;N/A;N/A;N/A;N/A;Sí;N/A;Sí
Nissan;March;"1.6 Advance Mt";2015;"122000 km";;YESSICAANIDO;12300;;;;;Centro;https://auto.mercadolibre.com.uy/MLU-634982883-nissan-march-2015-16-advance-mt-_JM;N/A;;"Nissan March 2015 1.6 Advance Mt";usd;Sí;silver;false;N/A;N/A;http://perfil.mercadolibre.com.uy/YESSICAANIDO;active;N/A;N/A;Usado;N/A;N/A;Hidráulica;Delantera;Sí;N/A;N/A;N/A;N/A;N/A;N/A;N/A;N/A;N/A;N/A;N/A;N/A;N/A;N/A;N/A;N/A;N/A;N/A;N/A;N/A;N/A;N/A;N/A;N/A;"2450 mm";"1.6 L";"41 L";N/A;N/A;N/A;N/A;N/A;N/A;N/A;N/A;N/A;N/A;N/A;N/A;N/A;N/A;N/A;N/A;N/A;N/A;N/A;N/A;N/A;N/A;N/A;N/A;N/A;N/A;N/A;N/A;N/A;N/A;N/A;N/A;N/A;N/A;N/A;N/A;N/A;N/A;N/A;N/A;N/A;N/A;N/A;N/A;N/A;N/A;"1532 mm";"3827 mm";N/A;N/A;N/A;N/A;5;"109 hp";Advance;N/A;N/A;"1665 mm";N/A;N/A;N/A;N/A;N/A;N/A;N/A;N/A;N/A;N/A;N/A;N/A;N/A;N/A;N/A;N/A;N/A;N/A;5;1.6;Nafta;Manual;Hatchback;"Autos y camionetas";N/A;N/A;N/A;N/A;N/A;N/A;UY;N/A;N/A;N/A;N/A;N/A;N/A;N/A;N/A;N/A;N/A;N/A;N/A;N/A;N/A;N/A;N/A;N/A;N/A;N/A;N/A;N/A;N/A;N/A;N/A;N/A;N/A;N/A;N/A;N/A;N/A;N/A;N/A;N/A;N/A;N/A;N/A;N/A;N/A;N/A;N/A;N/A;N/A;N/A;N/A;N/A;N/A;N/A;N/A;N/A;N/A;N/A;N/A;N/A;N/A;N/A;N/A;N/A;N/A;N/A;N/A;N/A;N/A;N/A;N/A;N/A;N/A;N/A;N/A;N/A;N/A;N/A;N/A;N/A;N/A;N/A;N/A;N/A;N/A;N/A;N/A;N/A;N/A;N/A;N/A;N/A;N/A;N/A;N/A;N/A;Sí;N/A;N/A;N/A;N/A;N/A;N/A;N/A;N/A;N/A;N/A;N/A;N/A;N/A;N/A;N/A;N/A;N/A;Sí;N/A;N/A;N/A;N/A;N/A;N/A;N/A
Nissan;Versa;"EXTRA FULL AUTOMATICO";2016;"85452 km";;"HAUSSER MOTORS";14700;;;;;Rosario;https://auto.mercadolibre.com.uy/MLU-635019155-nissan-versa-extra-full-_JM;N/A;;"Nissan Versa Extra Full";USD;Sí;silver;false;N/A;N/A;http://perfil.mercadolibre.com.uy/HAUSSER+MOTORS;active;N/A;N/A;Usado;Blanco;Sí;Eléctrica;Delantera;Sí;N/A;N/A;N/A;N/A;N/A;N/A;N/A;N/A;N/A;N/A;N/A;Sí;N/A;N/A;N/A;N/A;N/A;N/A;N/A;N/A;N/A;N/A;N/A;N/A;N/A;N/A;N/A;N/A;N/A;N/A;N/A;N/A;N/A;N/A;N/A;N/A;N/A;N/A;N/A;N/A;N/A;N/A;N/A;N/A;N/A;N/A;N/A;N/A;N/A;N/A;N/A;N/A;N/A;N/A;N/A;N/A;N/A;N/A;N/A;N/A;N/A;N/A;N/A;N/A;N/A;N/A;N/A;N/A;N/A;N/A;N/A;N/A;N/A;N/A;N/A;N/A;N/A;N/A;N/A;N/A;N/A;N/A;N/A;N/A;N/A;N/A;N/A;N/A;N/A;N/A;N/A;N/A;N/A;N/A;N/A;N/A;N/A;N/A;N/A;N/A;N/A;N/A;"Lun. A Vie. 8 a 12 y 14:30 a 19 hs. Sáb. 8:30 a 12:30 hs.";4;1.6;Nafta;Automática;Sedán;"Autos y camionetas";N/A;N/A;N/A;N/A;N/A;N/A;N/A;N/A;N/A;N/A;N/A;N/A;N/A;N/A;N/A;N/A;N/A;N/A;N/A;N/A;N/A;N/A;N/A;N/A;Sí;N/A;N/A;N/A;N/A;N/A;N/A;N/A;N/A;N/A;N/A;N/A;N/A;N/A;N/A;N/A;N/A;N/A;N/A;N/A;N/A;N/A;N/A;N/A;N/A;N/A;N/A;N/A;N/A;N/A;N/A;N/A;N/A;N/A;N/A;N/A;N/A;N/A;N/A;N/A;N/A;N/A;N/A;N/A;N/A;N/A;N/A;N/A;N/A;N/A;N/A;N/A;N/A;N/A;N/A;N/A;N/A;N/A;N/A;N/A;N/A;N/A;N/A;N/A;N/A;N/A;N/A;N/A;N/A;N/A;N/A;N/A;Sí;Sí;Sí;N/A;Sí;N/A;N/A;N/A;N/A;Sí;N/A;N/A;N/A;N/A;N/A;N/A;Sí;N/A;N/A;N/A;N/A;N/A;N/A;N/A;N/A;N/A
Nissan;Frontier;"Np300 2.4 4x2";2012;"228500 km";;GHMAUTOMOVILES;11900;;;;;Florida;https://auto.mercadolibre.com.uy/MLU-634883185-nissan-frontier-24-4x2-_JM;N/A;;"Nissan Frontier 2.4 4x2";USD;Sí;silver;false;N/A;N/A;http://perfil.mercadolibre.com.uy/GHMAUTOMOVILES;active;N/A;N/A;Usado;Azul;N/A;Hidráulica;4x2;N/A;N/A;N/A;N/A;N/A;N/A;N/A;N/A;N/A;N/A;N/A;N/A;N/A;N/A;N/A;N/A;N/A;N/A;N/A;N/A;N/A;N/A;N/A;N/A;N/A;N/A;N/A;N/A;N/A;N/A;N/A;N/A;N/A;N/A;N/A;N/A;N/A;N/A;N/A;N/A;N/A;N/A;N/A;N/A;N/A;N/A;N/A;N/A;N/A;N/A;N/A;N/A;N/A;N/A;N/A;N/A;N/A;N/A;N/A;N/A;N/A;N/A;N/A;N/A;N/A;N/A;N/A;N/A;N/A;N/A;N/A;N/A;N/A;N/A;N/A;N/A;N/A;N/A;N/A;N/A;N/A;N/A;N/A;N/A;N/A;N/A;N/A;N/A;N/A;N/A;N/A;N/A;N/A;N/A;N/A;N/A;N/A;N/A;N/A;N/A;N/A;N/A;N/A;N/A;4;2.4;Nafta;Manual;Pick-Up;"Autos y camionetas";N/A;N/A;N/A;N/A;N/A;N/A;N/A;N/A;N/A;N/A;N/A;N/A;N/A;N/A;N/A;N/A;N/A;N/A;N/A;N/A;N/A;N/A;N/A;N/A;N/A;N/A;N/A;N/A;N/A;N/A;N/A;N/A;N/A;N/A;N/A;N/A;N/A;N/A;N/A;N/A;N/A;N/A;N/A;N/A;N/A;N/A;N/A;N/A;N/A;N/A;N/A;N/A;N/A;N/A;N/A;N/A;N/A;N/A;N/A;N/A;N/A;N/A;N/A;N/A;N/A;N/A;N/A;N/A;N/A;N/A;N/A;N/A;N/A;N/A;N/A;N/A;N/A;N/A;N/A;N/A;N/A;N/A;N/A;N/A;N/A;N/A;N/A;N/A;N/A;N/A;N/A;N/A;N/A;N/A;N/A;N/A;N/A;N/A;N/A;N/A;N/A;N/A;N/A;N/A;N/A;N/A;N/A;N/A;N/A;N/A;N/A;N/A;N/A;N/A;N/A;N/A;N/A;N/A;N/A;N/A;N/A;N/A
Nissan;Kicks;"1.6 Advance At";2023;"24000 km";;JSAUTOMOTORES_;28900;;;;;Mercedes;https://auto.mercadolibre.com.uy/MLU-664133124-nissan-kicks-2023-16-advance-at-_JM;N/A;;"Nissan Kicks 2023 1.6 Advance At";usd;Sí;silver;false;N/A;N/A;http://perfil.mercadolibre.com.uy/JSAUTOMOTORES_;active;N/A;N/A;Usado;N/A;N/A;Hidráulica;Delantera;Sí;N/A;N/A;N/A;N/A;N/A;N/A;N/A;N/A;N/A;N/A;N/A;N/A;N/A;N/A;N/A;N/A;N/A;N/A;N/A;N/A;N/A;N/A;N/A;N/A;"2620 mm";"1.6 L";"50 L";N/A;N/A;N/A;N/A;N/A;N/A;N/A;N/A;N/A;N/A;N/A;N/A;N/A;N/A;N/A;N/A;N/A;N/A;N/A;N/A;N/A;N/A;N/A;N/A;N/A;N/A;N/A;N/A;N/A;N/A;N/A;N/A;N/A;N/A;Sí;Sí;Sí;N/A;N/A;N/A;N/A;N/A;N/A;N/A;N/A;N/A;"1590 mm";"4295 mm";N/A;N/A;N/A;N/A;5;"118 hp";Advance;N/A;4;"1760 mm";N/A;N/A;N/A;N/A;N/A;N/A;N/A;N/A;N/A;N/A;N/A;N/A;N/A;N/A;N/A;N/A;N/A;N/A;5;1.6;Nafta;Automática;SUV;"Autos y camionetas";N/A;N/A;N/A;N/A;N/A;N/A;UY;N/A;N/A;N/A;N/A;N/A;N/A;N/A;N/A;N/A;N/A;N/A;N/A;N/A;N/A;N/A;N/A;N/A;N/A;N/A;N/A;N/A;N/A;N/A;N/A;N/A;N/A;N/A;N/A;N/A;N/A;N/A;N/A;N/A;N/A;N/A;N/A;N/A;N/A;N/A;N/A;N/A;N/A;N/A;N/A;N/A;N/A;N/A;N/A;N/A;N/A;N/A;N/A;N/A;N/A;N/A;N/A;N/A;N/A;N/A;N/A;N/A;N/A;N/A;N/A;N/A;N/A;N/A;N/A;N/A;N/A;N/A;N/A;N/A;N/A;N/A;N/A;N/A;N/A;N/A;N/A;N/A;N/A;N/A;N/A;N/A;N/A;N/A;N/A;N/A;Sí;N/A;Sí;N/A;N/A;N/A;N/A;N/A;N/A;Sí;N/A;N/A;N/A;N/A;N/A;N/A;Sí;N/A;Sí;N/A;N/A;N/A;N/A;Sí;N/A;Sí
Nissan;Tiida;"Hacht 5 ptas";2008;"160000 km";;"AZUL AUTOMOVILES";9990;;;;;"La Blanqueada";https://auto.mercadolibre.com.uy/MLU-634732105-nissan-tiida-hacht-5-ptas-_JM;N/A;;"Nissan Tiida Hacht 5 Ptas ";USD;Sí;silver;false;N/A;N/A;http://perfil.mercadolibre.com.uy/AZUL+AUTOMOVILES;active;N/A;N/A;Usado;Plateado;N/A;N/A;N/A;N/A;N/A;N/A;N/A;N/A;N/A;N/A;N/A;N/A;N/A;N/A;N/A;N/A;N/A;N/A;N/A;N/A;N/A;N/A;N/A;N/A;N/A;N/A;N/A;N/A;N/A;N/A;N/A;N/A;N/A;N/A;N/A;N/A;N/A;N/A;N/A;N/A;N/A;N/A;N/A;N/A;N/A;N/A;N/A;N/A;N/A;N/A;N/A;N/A;N/A;N/A;N/A;N/A;N/A;N/A;N/A;N/A;N/A;N/A;N/A;N/A;N/A;N/A;N/A;N/A;N/A;N/A;N/A;N/A;N/A;N/A;N/A;N/A;N/A;N/A;N/A;N/A;N/A;N/A;N/A;N/A;N/A;N/A;N/A;N/A;N/A;N/A;N/A;N/A;N/A;N/A;N/A;N/A;N/A;N/A;N/A;N/A;N/A;N/A;N/A;N/A;N/A;N/A;N/A;5;N/A;Nafta;N/A;N/A;"Autos y camionetas";N/A;N/A;N/A;N/A;N/A;N/A;N/A;N/A;N/A;N/A;N/A;N/A;N/A;N/A;N/A;N/A;N/A;N/A;N/A;N/A;N/A;N/A;N/A;N/A;N/A;N/A;N/A;N/A;N/A;N/A;N/A;N/A;N/A;N/A;N/A;N/A;N/A;N/A;N/A;N/A;N/A;N/A;N/A;N/A;N/A;N/A;N/A;N/A;N/A;N/A;N/A;N/A;N/A;N/A;N/A;N/A;N/A;N/A;N/A;N/A;N/A;N/A;N/A;N/A;N/A;N/A;N/A;N/A;N/A;N/A;N/A;N/A;N/A;N/A;N/A;N/A;N/A;N/A;N/A;N/A;N/A;N/A;N/A;N/A;N/A;N/A;N/A;N/A;N/A;N/A;N/A;N/A;N/A;N/A;N/A;N/A;N/A;N/A;N/A;N/A;N/A;N/A;N/A;N/A;N/A;N/A;N/A;N/A;N/A;N/A;N/A;N/A;N/A;N/A;N/A;N/A;N/A;N/A;N/A;N/A;N/A;N/A
Nissan;"NP300 Frontier";"2.5 Se Doble Cabina";2023;"0 km";;NISSANPDE;44528;;;;;"Punta del Este";https://auto.mercadolibre.com.uy/MLU-661301228-nissan-np300-frontier-se-dc-diesel-4x2-_JM;N/A;;"Nissan Np300 Frontier Se Dc Diesel 4x2";usd;Sí;silver;false;N/A;N/A;http://perfil.mercadolibre.com.uy/NISSANPDE;active;N/A;N/A;Nuevo;Blanco;N/A;Hidráulica;4x2;Sí;N/A;N/A;N/A;N/A;N/A;N/A;N/A;N/A;N/A;N/A;N/A;N/A;N/A;N/A;N/A;N/A;N/A;N/A;N/A;N/A;N/A;N/A;N/A;N/A;"3150 mm";"2.5 L";"80 L";6;N/A;N/A;N/A;N/A;N/A;N/A;N/A;N/A;N/A;N/A;N/A;N/A;N/A;N/A;N/A;N/A;N/A;N/A;N/A;N/A;N/A;N/A;N/A;N/A;N/A;N/A;N/A;N/A;N/A;N/A;N/A;N/A;N/A;Sí;Sí;N/A;N/A;N/A;N/A;N/A;N/A;N/A;N/A;N/A;N/A;"1860 mm";"5258 mm";N/A;N/A;N/A;N/A;N/A;"120 hp";Se;N/A;4;"1850 mm";N/A;N/A;N/A;N/A;N/A;N/A;N/A;N/A;N/A;N/A;N/A;N/A;N/A;N/A;N/A;N/A;N/A;"Lunes a Viernes 09.00 a 13 hs y 14.30  a 18 hs";4;2.5;Diésel;Manual;Pick-Up;"Autos y camionetas";N/A;N/A;N/A;N/A;N/A;N/A;UY;N/A;N/A;N/A;N/A;N/A;N/A;N/A;N/A;N/A;N/A;N/A;N/A;N/A;N/A;N/A;N/A;N/A;N/A;N/A;N/A;N/A;N/A;N/A;N/A;N/A;N/A;N/A;N/A;N/A;N/A;N/A;N/A;N/A;N/A;N/A;N/A;N/A;N/A;N/A;N/A;N/A;N/A;N/A;N/A;N/A;N/A;N/A;N/A;N/A;N/A;N/A;N/A;N/A;N/A;N/A;N/A;N/A;N/A;N/A;N/A;N/A;N/A;N/A;N/A;N/A;N/A;N/A;N/A;N/A;N/A;N/A;N/A;N/A;N/A;N/A;N/A;N/A;N/A;N/A;N/A;N/A;N/A;N/A;N/A;N/A;N/A;N/A;N/A;N/A;Sí;N/A;N/A;N/A;N/A;N/A;N/A;N/A;N/A;Sí;N/A;N/A;N/A;N/A;N/A;N/A;N/A;N/A;Sí;N/A;N/A;N/A;N/A;N/A;N/A;N/A
Nissan;"NP300 Frontier";"2.5 Le Diesel Aa 4x4 At";2016;"266000 km";;WOHLERAUTOMOVILES;30900;;;;;Florida;https://auto.mercadolibre.com.uy/MLU-660990584-nissan-np300-frontier-le-4x4-2015-unico-dueno-buen-estado-_JM;N/A;;"Nissan Np300 Frontier Le 4x4 2015 Unico Dueño Buen Estado";usd;Sí;silver;false;N/A;N/A;http://perfil.mercadolibre.com.uy/WOHLERAUTOMOVILES;active;N/A;N/A;Usado;Blanco;Sí;Hidráulica;4x4;Sí;Sí;N/A;N/A;N/A;Sí;N/A;N/A;Sí;N/A;N/A;Sí;Sí;N/A;No;N/A;N/A;N/A;N/A;N/A;N/A;N/A;N/A;N/A;N/A;"3150 mm";"2.5 L";"80 L";7;N/A;N/A;N/A;N/A;N/A;No;N/A;N/A;N/A;N/A;N/A;N/A;N/A;N/A;N/A;N/A;N/A;N/A;N/A;N/A;N/A;N/A;N/A;N/A;N/A;N/A;N/A;N/A;N/A;No;N/A;N/A;N/A;Sí;Sí;Sí;N/A;N/A;N/A;N/A;N/A;N/A;N/A;N/A;N/A;"1860 mm";"5258 mm";N/A;N/A;N/A;N/A;N/A;"188 hp";Le;N/A;4;"1850 mm";N/A;Sí;N/A;Sí;Sí;N/A;Sí;Sí;N/A;No;N/A;N/A;No;No;N/A;N/A;No;N/A;4;2.5;Diésel;Automática;Pick-Up;"Autos y camionetas";Sí;N/A;N/A;N/A;No;N/A;UY;N/A;Sí;N/A;No;N/A;N/A;N/A;N/A;N/A;N/A;N/A;N/A;N/A;N/A;N/A;N/A;N/A;Sí;N/A;N/A;N/A;N/A;N/A;N/A;N/A;N/A;N/A;N/A;N/A;N/A;N/A;N/A;N/A;N/A;N/A;N/A;No;N/A;N/A;N/A;N/A;N/A;N/A;N/A;N/A;N/A;N/A;N/A;N/A;N/A;N/A;N/A;N/A;N/A;No;No;N/A;N/A;N/A;N/A;N/A;N/A;N/A;N/A;N/A;N/A;N/A;N/A;N/A;N/A;N/A;N/A;N/A;N/A;N/A;N/A;N/A;N/A;N/A;N/A;N/A;N/A;N/A;N/A;N/A;N/A;N/A;N/A;No;Sí;Sí;Sí;N/A;Sí;N/A;N/A;Sí;N/A;Sí;No;Sí;Sí;N/A;N/A;Sí;Sí;Sí;Sí;Sí;Sí;Sí;No;Sí;N/A;Sí
Nissan;March;"1.6 Advance Mt";2012;"164009 km";;AMAYASELECCIONADOS;9300;;;;;"Brazo Oriental";https://auto.mercadolibre.com.uy/MLU-634183423-nissan-march-_JM;N/A;;"Nissan March";usd;Sí;silver;false;N/A;N/A;http://perfil.mercadolibre.com.uy/AMAYASELECCIONADOS;active;N/A;N/A;Usado;Rojo;N/A;Hidráulica;Delantera;Sí;N/A;N/A;N/A;N/A;N/A;N/A;N/A;N/A;N/A;N/A;N/A;N/A;N/A;N/A;N/A;N/A;N/A;N/A;N/A;N/A;N/A;N/A;N/A;N/A;"2450 mm";"1.6 L";"41 L";N/A;N/A;N/A;N/A;N/A;N/A;N/A;N/A;N/A;N/A;N/A;N/A;N/A;N/A;N/A;N/A;N/A;N/A;N/A;N/A;N/A;N/A;N/A;N/A;N/A;N/A;N/A;N/A;N/A;N/A;N/A;N/A;N/A;N/A;N/A;N/A;N/A;N/A;N/A;N/A;N/A;N/A;N/A;N/A;N/A;N/A;"1528 mm";"3780 mm";N/A;N/A;N/A;N/A;5;"109 hp";Advance;N/A;N/A;"1665 mm";N/A;N/A;N/A;N/A;N/A;N/A;N/A;N/A;N/A;N/A;N/A;N/A;N/A;N/A;N/A;N/A;N/A;N/A;5;1.6;Nafta;Manual;Hatchback;"Autos y camionetas";N/A;N/A;N/A;N/A;N/A;N/A;UY;N/A;N/A;N/A;N/A;N/A;N/A;N/A;N/A;N/A;N/A;N/A;N/A;N/A;N/A;N/A;N/A;N/A;N/A;N/A;N/A;N/A;N/A;N/A;N/A;N/A;N/A;N/A;N/A;N/A;N/A;N/A;N/A;N/A;N/A;N/A;N/A;N/A;N/A;N/A;N/A;N/A;N/A;N/A;N/A;N/A;N/A;N/A;N/A;N/A;N/A;N/A;N/A;N/A;N/A;N/A;N/A;N/A;N/A;N/A;N/A;N/A;N/A;N/A;N/A;N/A;N/A;N/A;N/A;N/A;N/A;N/A;N/A;N/A;N/A;N/A;N/A;N/A;N/A;N/A;N/A;N/A;N/A;N/A;N/A;N/A;N/A;N/A;N/A;N/A;Sí;Sí;N/A;N/A;N/A;N/A;N/A;N/A;N/A;N/A;N/A;N/A;N/A;N/A;N/A;N/A;N/A;N/A;Sí;N/A;N/A;N/A;N/A;N/A;N/A;N/A
Nissan;720;"Camioneta doble cab";1998;"237000 km";;AUTCUEVAS;7400;;;;;Trinidad;https://auto.mercadolibre.com.uy/MLU-633960455-nissan-720-camioneta-doble-cab-_JM;N/A;;"Nissan 720 Camioneta Doble Cab";USD;No;silver;false;N/A;N/A;http://perfil.mercadolibre.com.uy/AUTCUEVAS;active;N/A;N/A;Usado;N/A;N/A;N/A;N/A;N/A;N/A;N/A;N/A;N/A;N/A;N/A;N/A;N/A;N/A;N/A;N/A;N/A;N/A;N/A;N/A;N/A;N/A;N/A;N/A;N/A;N/A;N/A;N/A;N/A;N/A;N/A;N/A;N/A;N/A;N/A;N/A;N/A;N/A;N/A;N/A;N/A;N/A;N/A;N/A;N/A;N/A;N/A;N/A;N/A;N/A;N/A;N/A;N/A;N/A;N/A;N/A;N/A;N/A;N/A;N/A;N/A;N/A;N/A;N/A;N/A;N/A;N/A;N/A;N/A;N/A;N/A;N/A;N/A;N/A;N/A;N/A;N/A;N/A;N/A;N/A;N/A;N/A;N/A;N/A;N/A;N/A;N/A;N/A;N/A;N/A;N/A;N/A;N/A;N/A;N/A;N/A;N/A;N/A;N/A;N/A;N/A;N/A;N/A;N/A;N/A;N/A;N/A;N/A;4;N/A;Nafta;N/A;N/A;"Autos y camionetas";N/A;N/A;N/A;N/A;N/A;N/A;N/A;N/A;N/A;N/A;N/A;N/A;N/A;N/A;N/A;N/A;N/A;N/A;N/A;N/A;N/A;N/A;N/A;N/A;N/A;N/A;N/A;N/A;N/A;N/A;N/A;N/A;N/A;N/A;N/A;N/A;N/A;N/A;N/A;N/A;N/A;N/A;N/A;N/A;N/A;N/A;N/A;N/A;N/A;N/A;N/A;N/A;N/A;N/A;N/A;N/A;N/A;N/A;N/A;N/A;N/A;N/A;N/A;N/A;N/A;N/A;N/A;N/A;N/A;N/A;N/A;N/A;N/A;N/A;N/A;N/A;N/A;N/A;N/A;N/A;N/A;N/A;N/A;N/A;N/A;N/A;N/A;N/A;N/A;N/A;N/A;N/A;N/A;N/A;N/A;N/A;N/A;N/A;N/A;N/A;N/A;N/A;N/A;N/A;N/A;N/A;N/A;N/A;N/A;N/A;N/A;N/A;N/A;N/A;N/A;N/A;N/A;N/A;N/A;N/A;N/A;N/A
Nissan;Note;"1.6 Note Advance At";2015;"78000 km";;RECRULSA;15500;;;;;Melo;https://auto.mercadolibre.com.uy/MLU-660460852-nissan-note-2015-16-note-advance-at-_JM;N/A;;"Nissan Note 2015 1.6 Note Advance At";usd;Sí;silver;false;N/A;N/A;http://perfil.mercadolibre.com.uy/RECRULSA;active;N/A;N/A;Usado;N/A;N/A;Hidráulica;Delantera;Sí;N/A;N/A;N/A;N/A;N/A;N/A;N/A;N/A;N/A;N/A;N/A;N/A;N/A;N/A;N/A;N/A;N/A;N/A;N/A;N/A;N/A;N/A;N/A;N/A;"2600 mm";"1.6 L";"41 L";N/A;N/A;N/A;N/A;N/A;N/A;N/A;N/A;N/A;N/A;N/A;N/A;N/A;N/A;N/A;N/A;N/A;N/A;N/A;N/A;N/A;N/A;N/A;N/A;N/A;N/A;N/A;N/A;N/A;N/A;N/A;N/A;N/A;N/A;N/A;N/A;N/A;N/A;N/A;N/A;N/A;N/A;N/A;N/A;N/A;N/A;"1537 mm";"4142 mm";N/A;N/A;N/A;N/A;5;"109 hp";Advance;N/A;N/A;N/A;N/A;N/A;N/A;N/A;N/A;N/A;N/A;N/A;N/A;N/A;N/A;N/A;N/A;N/A;N/A;N/A;N/A;N/A;5;1.6;Nafta;Automática;Hatchback;"Autos y camionetas";N/A;N/A;N/A;N/A;N/A;N/A;UY;N/A;N/A;N/A;N/A;N/A;N/A;N/A;N/A;N/A;N/A;N/A;N/A;N/A;N/A;N/A;N/A;N/A;N/A;N/A;N/A;N/A;N/A;N/A;N/A;N/A;N/A;N/A;N/A;N/A;N/A;N/A;N/A;N/A;N/A;N/A;N/A;N/A;N/A;N/A;N/A;N/A;N/A;N/A;N/A;N/A;N/A;N/A;N/A;N/A;N/A;N/A;N/A;N/A;N/A;N/A;N/A;N/A;N/A;N/A;N/A;N/A;N/A;N/A;N/A;N/A;N/A;N/A;N/A;N/A;N/A;N/A;N/A;N/A;N/A;N/A;N/A;N/A;N/A;N/A;N/A;N/A;N/A;N/A;N/A;N/A;N/A;N/A;N/A;N/A;Sí;N/A;N/A;N/A;N/A;N/A;N/A;N/A;N/A;N/A;N/A;N/A;N/A;N/A;N/A;N/A;N/A;N/A;Sí;N/A;N/A;N/A;N/A;N/A;N/A;N/A
Nissan;Versa;"1.6 Drive";2019;"80000 km";;AVENIDA.AUTOMOVILES.Y.REPUESTO;13500;;;;;Rivera;https://auto.mercadolibre.com.uy/MLU-657894484-nissan-versa-2019-16-drive-_JM;N/A;;"Nissan Versa 2019 1.6 Drive";usd;Sí;silver;false;N/A;N/A;http://perfil.mercadolibre.com.uy/AVENIDA.AUTOMOVILES.Y.REPUESTO;active;N/A;N/A;Usado;N/A;N/A;Hidráulica;Delantera;Sí;N/A;N/A;N/A;N/A;N/A;N/A;N/A;N/A;N/A;N/A;N/A;N/A;N/A;N/A;N/A;N/A;N/A;N/A;N/A;N/A;N/A;N/A;N/A;N/A;"2600 mm";"1.6 L";"41 L";5;N/A;N/A;N/A;N/A;N/A;N/A;N/A;N/A;N/A;N/A;N/A;N/A;N/A;N/A;N/A;N/A;N/A;N/A;N/A;N/A;N/A;N/A;N/A;N/A;N/A;N/A;N/A;N/A;N/A;N/A;N/A;N/A;N/A;N/A;N/A;N/A;N/A;N/A;N/A;N/A;N/A;N/A;N/A;N/A;N/A;"1506 mm";"4492 mm";N/A;N/A;N/A;N/A;5;"106 hp";N/A;N/A;4;"1695 mm";N/A;N/A;N/A;N/A;N/A;N/A;N/A;Sí;N/A;N/A;N/A;N/A;N/A;N/A;N/A;N/A;N/A;N/A;4;1.6;Nafta;Manual;Sedán;"Autos y camionetas";N/A;N/A;N/A;N/A;N/A;N/A;UY;N/A;N/A;N/A;N/A;N/A;N/A;N/A;N/A;N/A;N/A;N/A;N/A;N/A;N/A;N/A;N/A;N/A;N/A;N/A;N/A;N/A;N/A;N/A;N/A;N/A;N/A;N/A;N/A;N/A;N/A;N/A;N/A;N/A;N/A;N/A;N/A;N/A;N/A;N/A;N/A;N/A;N/A;N/A;N/A;N/A;N/A;N/A;N/A;N/A;N/A;N/A;N/A;N/A;N/A;N/A;N/A;N/A;N/A;N/A;N/A;N/A;N/A;N/A;N/A;N/A;N/A;N/A;N/A;N/A;N/A;N/A;N/A;N/A;N/A;N/A;N/A;N/A;N/A;N/A;N/A;N/A;N/A;N/A;N/A;N/A;N/A;N/A;N/A;N/A;Sí;N/A;N/A;N/A;N/A;N/A;N/A;N/A;N/A;Sí;N/A;N/A;N/A;N/A;N/A;N/A;N/A;N/A;Sí;N/A;N/A;N/A;N/A;N/A;N/A;N/A
Nissan;Versa;"1.6 Advance At";2023;"0 km";;RECRULSA;28490;;;;;Melo;https://auto.mercadolibre.com.uy/MLU-641122828-nissan-versa-2023-16-advance-at-_JM;N/A;;"Nissan Versa 2023 1.6 Advance At";usd;Sí;silver;false;N/A;N/A;http://perfil.mercadolibre.com.uy/RECRULSA;active;N/A;N/A;Nuevo;N/A;N/A;Hidráulica;Delantera;Sí;N/A;N/A;N/A;N/A;N/A;N/A;N/A;N/A;N/A;N/A;N/A;N/A;N/A;N/A;N/A;N/A;N/A;N/A;N/A;N/A;N/A;N/A;N/A;N/A;"2600 mm";"1.6 L";"41 L";4;N/A;N/A;N/A;N/A;N/A;N/A;N/A;N/A;N/A;N/A;N/A;N/A;N/A;N/A;N/A;N/A;N/A;N/A;N/A;N/A;N/A;N/A;N/A;N/A;N/A;N/A;N/A;N/A;N/A;N/A;N/A;N/A;N/A;N/A;N/A;N/A;N/A;N/A;N/A;N/A;N/A;N/A;N/A;N/A;N/A;"1506 mm";"4492 mm";N/A;N/A;N/A;N/A;5;"106 hp";Advance;N/A;4;"1695 mm";N/A;N/A;N/A;N/A;N/A;N/A;N/A;Sí;N/A;N/A;N/A;N/A;N/A;N/A;N/A;N/A;N/A;N/A;4;1.6;Nafta;Automática;Sedán;"Autos y camionetas";N/A;N/A;N/A;N/A;N/A;N/A;UY;N/A;N/A;N/A;N/A;N/A;N/A;N/A;N/A;N/A;N/A;N/A;N/A;N/A;N/A;N/A;N/A;N/A;N/A;N/A;N/A;N/A;N/A;N/A;N/A;N/A;N/A;N/A;N/A;N/A;N/A;N/A;N/A;N/A;N/A;N/A;N/A;N/A;N/A;N/A;N/A;N/A;N/A;N/A;N/A;N/A;N/A;N/A;N/A;N/A;N/A;N/A;N/A;N/A;N/A;N/A;N/A;N/A;N/A;N/A;N/A;N/A;N/A;N/A;N/A;N/A;N/A;N/A;N/A;N/A;N/A;N/A;N/A;N/A;N/A;N/A;N/A;N/A;N/A;N/A;N/A;N/A;N/A;N/A;N/A;N/A;N/A;N/A;N/A;N/A;N/A;N/A;N/A;N/A;N/A;N/A;N/A;N/A;N/A;N/A;N/A;N/A;N/A;N/A;N/A;N/A;N/A;N/A;Sí;N/A;N/A;N/A;N/A;N/A;N/A;N/A
Nissan;Sentra;"1.8 Exclusive At";2023;"0 km";;"DELTACAR S.A.";37240;;;;;Mercedes;https://auto.mercadolibre.com.uy/MLU-631269816-nissan-sentra-new-b18-exclusive-cvt-_JM;N/A;;"Nissan Sentra New B18 Exclusive Cvt";usd;Sí;silver;false;N/A;N/A;http://perfil.mercadolibre.com.uy/DELTACAR+S.A.;active;N/A;N/A;Nuevo;Blanco;N/A;Hidráulica;Delantera;Sí;Sí;N/A;N/A;N/A;Sí;N/A;N/A;Sí;N/A;N/A;Sí;Sí;N/A;Sí;N/A;N/A;N/A;N/A;N/A;N/A;N/A;N/A;N/A;N/A;"2700 mm";"1.8 L";"52 L";N/A;N/A;N/A;N/A;N/A;N/A;N/A;N/A;N/A;N/A;N/A;N/A;N/A;N/A;N/A;N/A;N/A;N/A;N/A;N/A;N/A;N/A;N/A;N/A;N/A;N/A;N/A;N/A;N/A;N/A;N/A;N/A;N/A;N/A;Sí;Sí;N/A;N/A;Sí;N/A;N/A;N/A;N/A;N/A;N/A;N/A;"1509 mm";"4636 mm";N/A;N/A;N/A;N/A;5;"129 hp";Exclusive;N/A;4;"1761 mm";N/A;N/A;N/A;Sí;Sí;N/A;Sí;Sí;N/A;Sí;N/A;N/A;N/A;N/A;N/A;N/A;N/A;"todos los dias";4;1.8;Nafta;Automática;Sedán;"Autos y camionetas";Sí;N/A;N/A;N/A;Sí;N/A;UY;N/A;Sí;N/A;N/A;N/A;N/A;N/A;N/A;N/A;N/A;N/A;N/A;N/A;N/A;N/A;N/A;N/A;Sí;N/A;N/A;N/A;N/A;N/A;N/A;N/A;N/A;N/A;N/A;N/A;N/A;N/A;N/A;N/A;N/A;N/A;N/A;Sí;N/A;N/A;N/A;N/A;N/A;N/A;N/A;N/A;N/A;N/A;N/A;N/A;N/A;N/A;N/A;N/A;N/A;N/A;Sí;N/A;N/A;N/A;N/A;N/A;N/A;N/A;N/A;N/A;N/A;N/A;N/A;N/A;N/A;N/A;N/A;N/A;N/A;N/A;N/A;N/A;N/A;N/A;N/A;N/A;N/A;N/A;N/A;N/A;N/A;N/A;N/A;N/A;Sí;Sí;Sí;N/A;Sí;N/A;N/A;Sí;N/A;Sí;N/A;N/A;Sí;N/A;N/A;Sí;Sí;Sí;Sí;Sí;Sí;N/A;N/A;Sí;N/A;Sí
Nissan;March;Full;2013;"90000 km";;"AUTOMOTORA MASAUTOS";9900;;;;;"Tres Cruces";https://auto.mercadolibre.com.uy/MLU-635445815-nissan-march-full-16-2013-impecable-_JM;N/A;;"Nissan March Full 1.6 2013 Impecable!";USD;Sí;silver;false;N/A;N/A;http://perfil.mercadolibre.com.uy/AUTOMOTORA+MASAUTOS;active;N/A;N/A;Usado;Blanco;N/A;Hidráulica;N/A;Sí;N/A;N/A;N/A;N/A;N/A;Sí;Sí;N/A;N/A;N/A;N/A;N/A;N/A;N/A;N/A;N/A;N/A;N/A;N/A;N/A;N/A;N/A;N/A;N/A;N/A;"1600 cc";N/A;5;N/A;N/A;N/A;N/A;N/A;N/A;N/A;N/A;N/A;N/A;N/A;N/A;N/A;N/A;N/A;N/A;N/A;N/A;N/A;N/A;N/A;N/A;N/A;N/A;N/A;Sí;N/A;N/A;N/A;N/A;N/A;N/A;N/A;N/A;N/A;N/A;N/A;N/A;N/A;N/A;N/A;N/A;N/A;N/A;N/A;N/A;N/A;N/A;N/A;N/A;N/A;N/A;N/A;N/A;N/A;N/A;N/A;N/A;N/A;N/A;N/A;N/A;N/A;N/A;N/A;N/A;N/A;N/A;N/A;N/A;N/A;N/A;N/A;N/A;"Lun. a Vie. de 9:30 a 18:30 hs. Sáb. de 10 a 14 hs";5;1.6;Nafta;Manual;Hatchback;"Autos y camionetas";No;N/A;N/A;N/A;No;N/A;N/A;No;Sí;No;No;N/A;N/A;N/A;N/A;N/A;N/A;N/A;N/A;N/A;N/A;N/A;N/A;N/A;N/A;N/A;N/A;N/A;N/A;N/A;N/A;N/A;N/A;N/A;N/A;N/A;N/A;N/A;N/A;N/A;N/A;N/A;N/A;N/A;N/A;N/A;N/A;N/A;N/A;N/A;N/A;N/A;N/A;N/A;N/A;N/A;N/A;N/A;N/A;N/A;N/A;N/A;No;N/A;N/A;N/A;N/A;N/A;N/A;N/A;N/A;N/A;N/A;N/A;N/A;N/A;N/A;N/A;N/A;N/A;N/A;N/A;N/A;N/A;N/A;N/A;N/A;N/A;N/A;N/A;N/A;N/A;N/A;N/A;N/A;N/A;Sí;N/A;N/A;N/A;Sí;N/A;N/A;N/A;N/A;Sí;N/A;N/A;N/A;N/A;N/A;N/A;N/A;N/A;Sí;N/A;N/A;N/A;N/A;Sí;N/A;Sí
Nissan;Sentra;"1.8 Sr Navi At";2015;"22900 km";;"SOLVILLE SA";20500;;;;;Tacuarembó;https://auto.mercadolibre.com.uy/MLU-666266224-nissan-sentra-2015-18-sr-navi-at-_JM;N/A;;"Nissan Sentra 2015 1.8 Sr Navi At";usd;Sí;silver;false;N/A;N/A;http://perfil.mercadolibre.com.uy/SOLVILLE+SA;active;N/A;N/A;Usado;N/A;N/A;Hidráulica;Delantera;Sí;N/A;N/A;N/A;Sí;N/A;N/A;N/A;N/A;N/A;N/A;N/A;N/A;N/A;N/A;N/A;N/A;N/A;N/A;N/A;N/A;N/A;N/A;N/A;N/A;N/A;"1.8 L";N/A;N/A;N/A;N/A;N/A;N/A;N/A;N/A;N/A;N/A;N/A;N/A;N/A;N/A;N/A;N/A;N/A;N/A;N/A;N/A;N/A;N/A;N/A;N/A;N/A;N/A;N/A;N/A;N/A;N/A;N/A;N/A;N/A;N/A;N/A;N/A;N/A;N/A;N/A;N/A;N/A;N/A;N/A;N/A;N/A;N/A;N/A;N/A;N/A;N/A;N/A;N/A;N/A;N/A;"129 hp";Sr;N/A;N/A;N/A;N/A;N/A;N/A;N/A;N/A;N/A;N/A;N/A;N/A;N/A;N/A;N/A;N/A;N/A;N/A;N/A;N/A;N/A;4;1.8;Nafta;Automática;Coupé;"Autos y camionetas";N/A;N/A;N/A;N/A;N/A;N/A;UY;N/A;N/A;N/A;N/A;N/A;N/A;N/A;N/A;N/A;N/A;N/A;N/A;N/A;N/A;N/A;N/A;N/A;N/A;N/A;N/A;N/A;N/A;N/A;N/A;N/A;N/A;N/A;N/A;N/A;N/A;N/A;N/A;N/A;N/A;N/A;N/A;N/A;N/A;N/A;N/A;N/A;N/A;N/A;N/A;N/A;N/A;N/A;N/A;N/A;N/A;N/A;N/A;N/A;N/A;N/A;N/A;N/A;N/A;N/A;N/A;N/A;N/A;N/A;N/A;N/A;N/A;N/A;N/A;N/A;N/A;N/A;N/A;N/A;N/A;N/A;N/A;N/A;N/A;N/A;N/A;N/A;N/A;N/A;N/A;N/A;N/A;N/A;N/A;N/A;Sí;N/A;N/A;N/A;N/A;N/A;N/A;N/A;N/A;N/A;N/A;N/A;N/A;N/A;N/A;N/A;N/A;N/A;Sí;N/A;N/A;N/A;N/A;N/A;N/A;N/A
Nissan;Tiida;"1.8 Emotion Mt";2009;"220000 km";;ELODONT;8500;;;;;"Playa Pascual";https://auto.mercadolibre.com.uy/MLU-666182026-nissan-tiida-2009-18-emotion-mt-_JM;N/A;;"Nissan Tiida 2009 1.8 Emotion Mt";usd;Sí;silver;false;N/A;N/A;http://perfil.mercadolibre.com.uy/ELODONT;active;N/A;N/A;Usado;N/A;N/A;Hidráulica;Delantera;Sí;N/A;N/A;N/A;N/A;N/A;N/A;N/A;N/A;N/A;N/A;N/A;N/A;N/A;N/A;N/A;N/A;N/A;N/A;N/A;N/A;N/A;N/A;N/A;N/A;"2600 mm";"1.8 L";"52.4 L";N/A;N/A;N/A;N/A;N/A;N/A;N/A;N/A;N/A;N/A;N/A;N/A;N/A;N/A;N/A;N/A;N/A;N/A;N/A;N/A;N/A;N/A;N/A;N/A;N/A;N/A;N/A;N/A;N/A;N/A;N/A;N/A;N/A;N/A;N/A;N/A;N/A;N/A;N/A;N/A;N/A;N/A;N/A;N/A;N/A;N/A;"1548 mm";"4297 mm";N/A;N/A;N/A;N/A;N/A;N/A;Emotion;N/A;N/A;"1695 mm";N/A;N/A;N/A;N/A;N/A;N/A;N/A;N/A;N/A;N/A;N/A;N/A;N/A;N/A;N/A;N/A;N/A;N/A;5;1.8;Nafta;Manual;Hatchback;"Autos y camionetas";N/A;N/A;N/A;N/A;N/A;N/A;UY;N/A;N/A;N/A;N/A;N/A;N/A;N/A;N/A;N/A;N/A;N/A;N/A;N/A;N/A;N/A;N/A;N/A;N/A;N/A;N/A;N/A;N/A;N/A;N/A;N/A;N/A;N/A;N/A;N/A;N/A;N/A;N/A;N/A;N/A;N/A;N/A;N/A;N/A;N/A;N/A;N/A;N/A;N/A;N/A;N/A;N/A;N/A;N/A;N/A;N/A;N/A;N/A;N/A;N/A;N/A;N/A;N/A;N/A;N/A;N/A;N/A;N/A;N/A;N/A;N/A;N/A;N/A;N/A;N/A;N/A;N/A;N/A;N/A;N/A;N/A;N/A;N/A;N/A;N/A;N/A;N/A;N/A;N/A;N/A;N/A;N/A;N/A;N/A;N/A;Sí;N/A;N/A;N/A;N/A;N/A;N/A;N/A;N/A;N/A;N/A;N/A;N/A;N/A;N/A;N/A;N/A;N/A;Sí;N/A;N/A;N/A;N/A;N/A;N/A;N/A
Nissan;March;"1.6 Advance Mt";2012;"200000 km";;"COPPOLA AUTOMÓVILES";8500;;;;;Carmelo;https://auto.mercadolibre.com.uy/MLU-666111302-nissan-march-ano-2012-muy-lindo-_JM;N/A;;"Nissan March Año 2012, Muy Lindo!!";usd;Sí;silver;false;N/A;N/A;http://perfil.mercadolibre.com.uy/COPPOLA+AUTOM%C3%93VILES;active;N/A;N/A;Usado;Gris;N/A;Hidráulica;Delantera;Sí;N/A;N/A;N/A;N/A;N/A;N/A;N/A;N/A;N/A;N/A;N/A;N/A;N/A;N/A;N/A;N/A;N/A;N/A;N/A;N/A;N/A;N/A;N/A;N/A;"2450 mm";"1.6 L";"41 L";N/A;N/A;N/A;N/A;N/A;N/A;N/A;N/A;N/A;N/A;N/A;N/A;N/A;N/A;N/A;N/A;N/A;N/A;N/A;N/A;N/A;N/A;N/A;N/A;N/A;N/A;N/A;N/A;N/A;N/A;N/A;N/A;N/A;N/A;N/A;N/A;N/A;N/A;N/A;N/A;N/A;N/A;N/A;N/A;N/A;N/A;"1528 mm";"3780 mm";N/A;N/A;N/A;N/A;5;"109 hp";Advance;N/A;N/A;"1665 mm";N/A;N/A;N/A;N/A;N/A;N/A;N/A;N/A;N/A;N/A;N/A;N/A;N/A;N/A;N/A;N/A;N/A;N/A;5;1.6;Nafta;Manual;Hatchback;"Autos y camionetas";N/A;N/A;N/A;N/A;N/A;N/A;UY;N/A;N/A;N/A;N/A;N/A;N/A;N/A;N/A;N/A;N/A;N/A;N/A;N/A;N/A;N/A;N/A;N/A;N/A;N/A;N/A;N/A;N/A;N/A;N/A;N/A;N/A;N/A;N/A;N/A;N/A;N/A;N/A;N/A;N/A;N/A;N/A;N/A;N/A;N/A;N/A;N/A;N/A;N/A;N/A;N/A;N/A;N/A;N/A;N/A;N/A;N/A;N/A;N/A;N/A;N/A;N/A;N/A;N/A;N/A;N/A;N/A;N/A;N/A;N/A;N/A;N/A;N/A;N/A;N/A;N/A;N/A;N/A;N/A;N/A;N/A;N/A;N/A;N/A;N/A;N/A;N/A;N/A;N/A;N/A;N/A;N/A;N/A;N/A;N/A;No;N/A;N/A;N/A;N/A;N/A;N/A;N/A;N/A;N/A;N/A;N/A;N/A;N/A;N/A;N/A;N/A;N/A;Sí;N/A;N/A;N/A;N/A;N/A;N/A;N/A
Nissan;Frontier;"NP 300 CL";2021;"166000 km";;"AUTOMOTORA DRIVERS";29000;;;;;Centro;https://auto.mercadolibre.com.uy/MLU-666226880-nissan-frontier-diesel-25-pick-up-2021-us-29000-dta-iva-_JM;N/A;;"Nissan Frontier  Diesel 2.5 Pick Up 2021 U$s 29000 Dta Iva";USD;Sí;silver;false;N/A;N/A;http://perfil.mercadolibre.com.uy/AUTOMOTORA+DRIVERS;active;N/A;N/A;Usado;Blanco;N/A;Hidráulica;Delantera;Sí;Sí;N/A;N/A;N/A;N/A;N/A;N/A;N/A;N/A;N/A;N/A;N/A;N/A;N/A;N/A;N/A;N/A;N/A;N/A;N/A;N/A;N/A;N/A;N/A;N/A;N/A;N/A;N/A;N/A;N/A;N/A;N/A;N/A;N/A;N/A;N/A;N/A;N/A;N/A;N/A;N/A;N/A;N/A;N/A;N/A;N/A;N/A;N/A;N/A;N/A;N/A;N/A;N/A;N/A;N/A;N/A;N/A;N/A;N/A;N/A;N/A;N/A;N/A;N/A;N/A;N/A;N/A;N/A;N/A;N/A;N/A;N/A;N/A;N/A;N/A;N/A;N/A;N/A;N/A;N/A;N/A;N/A;N/A;N/A;N/A;N/A;N/A;N/A;N/A;Sí;N/A;Sí;N/A;N/A;N/A;N/A;N/A;N/A;N/A;N/A;N/A;N/A;"LUNES A VIERNES DE 10 A 18 HRS";2;2.5;Nafta;Manual;Pick-Up;"Autos y camionetas";N/A;N/A;N/A;N/A;N/A;N/A;N/A;N/A;Sí;N/A;N/A;N/A;N/A;N/A;N/A;N/A;N/A;N/A;N/A;N/A;N/A;N/A;N/A;N/A;N/A;N/A;N/A;N/A;N/A;N/A;N/A;N/A;N/A;N/A;N/A;N/A;N/A;N/A;N/A;N/A;N/A;N/A;N/A;N/A;N/A;N/A;N/A;N/A;N/A;N/A;N/A;N/A;N/A;N/A;N/A;N/A;N/A;N/A;N/A;N/A;N/A;N/A;N/A;N/A;N/A;N/A;N/A;N/A;N/A;N/A;N/A;N/A;N/A;N/A;N/A;N/A;N/A;N/A;N/A;N/A;N/A;N/A;N/A;N/A;N/A;N/A;N/A;N/A;N/A;N/A;N/A;N/A;N/A;N/A;N/A;N/A;Sí;N/A;N/A;N/A;N/A;N/A;N/A;N/A;N/A;Sí;N/A;Sí;N/A;N/A;N/A;N/A;N/A;N/A;N/A;N/A;N/A;N/A;N/A;N/A;N/A;N/A
Nissan;Frontier;"D22 2.5 Di";2007;"317000 km";;BRUNO_SANTINI94;16800;;;;;Centro;https://auto.mercadolibre.com.uy/MLU-665874632-nissan-frontier-d22-25-di-_JM;N/A;;"Nissan Frontier D22 2.5 Di";USD;No;silver;false;N/A;N/A;http://perfil.mercadolibre.com.uy/BRUNO_SANTINI94;active;N/A;N/A;Usado;N/A;N/A;N/A;N/A;N/A;N/A;N/A;N/A;N/A;N/A;N/A;N/A;N/A;N/A;N/A;N/A;N/A;N/A;N/A;N/A;N/A;N/A;N/A;N/A;N/A;N/A;N/A;N/A;N/A;N/A;N/A;N/A;N/A;N/A;N/A;N/A;N/A;N/A;N/A;N/A;N/A;N/A;N/A;N/A;N/A;N/A;N/A;N/A;N/A;N/A;N/A;N/A;N/A;N/A;N/A;N/A;N/A;N/A;N/A;N/A;N/A;N/A;N/A;N/A;N/A;N/A;N/A;N/A;N/A;N/A;N/A;N/A;N/A;N/A;N/A;N/A;N/A;N/A;N/A;N/A;N/A;N/A;N/A;N/A;N/A;N/A;N/A;N/A;N/A;N/A;N/A;N/A;N/A;N/A;N/A;N/A;N/A;N/A;N/A;N/A;N/A;N/A;N/A;N/A;N/A;N/A;N/A;N/A;4;N/A;Diésel;N/A;N/A;"Autos y camionetas";N/A;N/A;N/A;N/A;N/A;N/A;N/A;N/A;N/A;N/A;N/A;N/A;N/A;N/A;N/A;N/A;N/A;N/A;N/A;N/A;N/A;N/A;N/A;N/A;N/A;N/A;N/A;N/A;N/A;N/A;N/A;N/A;N/A;N/A;N/A;N/A;N/A;N/A;N/A;N/A;N/A;N/A;N/A;N/A;N/A;N/A;N/A;N/A;N/A;N/A;N/A;N/A;N/A;N/A;N/A;N/A;N/A;N/A;N/A;N/A;N/A;N/A;N/A;N/A;N/A;N/A;N/A;N/A;N/A;N/A;N/A;N/A;N/A;N/A;N/A;N/A;N/A;N/A;N/A;N/A;N/A;N/A;N/A;N/A;N/A;N/A;N/A;N/A;N/A;N/A;N/A;N/A;N/A;N/A;N/A;N/A;N/A;N/A;N/A;N/A;N/A;N/A;N/A;N/A;N/A;N/A;N/A;N/A;N/A;N/A;N/A;N/A;N/A;N/A;N/A;N/A;N/A;N/A;N/A;N/A;N/A;N/A
Nissan;March;"REGALO EXTRA FULL1.6";2012;"137632 km";;AUTOMOVILESMC;8990;;;;;Buceo;https://auto.mercadolibre.com.uy/MLU-665427578-nissan-march-regalo-extra-full16-_JM;N/A;;"Nissan March Regalo Extra Full1.6";USD;Sí;silver;false;N/A;N/A;http://perfil.mercadolibre.com.uy/AUTOMOVILESMC;active;N/A;N/A;Usado;N/A;N/A;N/A;N/A;N/A;N/A;N/A;N/A;N/A;N/A;N/A;N/A;N/A;N/A;N/A;N/A;N/A;N/A;N/A;N/A;N/A;N/A;N/A;N/A;N/A;N/A;N/A;N/A;N/A;N/A;N/A;N/A;N/A;N/A;N/A;N/A;N/A;N/A;N/A;N/A;N/A;N/A;N/A;N/A;N/A;N/A;N/A;N/A;N/A;N/A;N/A;N/A;N/A;N/A;N/A;N/A;N/A;N/A;N/A;N/A;N/A;N/A;N/A;N/A;N/A;N/A;N/A;N/A;N/A;N/A;N/A;N/A;N/A;N/A;N/A;N/A;N/A;N/A;N/A;N/A;N/A;N/A;N/A;N/A;N/A;N/A;N/A;N/A;N/A;N/A;N/A;N/A;N/A;N/A;N/A;N/A;N/A;N/A;N/A;N/A;N/A;N/A;N/A;N/A;N/A;N/A;N/A;N/A;5;N/A;Nafta;N/A;N/A;"Autos y camionetas";N/A;N/A;N/A;N/A;N/A;N/A;N/A;N/A;N/A;N/A;N/A;N/A;N/A;N/A;N/A;N/A;N/A;N/A;N/A;N/A;N/A;N/A;N/A;N/A;N/A;N/A;N/A;N/A;N/A;N/A;N/A;N/A;N/A;N/A;N/A;N/A;N/A;N/A;N/A;N/A;N/A;N/A;N/A;N/A;N/A;N/A;N/A;N/A;N/A;N/A;N/A;N/A;N/A;N/A;N/A;N/A;N/A;N/A;N/A;N/A;N/A;N/A;N/A;N/A;N/A;N/A;N/A;N/A;N/A;N/A;N/A;N/A;N/A;N/A;N/A;N/A;N/A;N/A;N/A;N/A;N/A;N/A;N/A;N/A;N/A;N/A;N/A;N/A;N/A;N/A;N/A;N/A;N/A;N/A;N/A;N/A;N/A;N/A;N/A;N/A;N/A;N/A;N/A;N/A;N/A;N/A;N/A;N/A;N/A;N/A;N/A;N/A;N/A;N/A;N/A;N/A;N/A;N/A;N/A;N/A;N/A;N/A
Nissan;March;"1.6 Sense At";2015;"130000 km";;MUSSINIAUTOMOVILES;11500;;;;;"San José de Mayo";https://auto.mercadolibre.com.uy/MLU-635160363-nissan-march-at-_JM;N/A;;"Nissan March At ";usd;Sí;silver;false;N/A;N/A;http://perfil.mercadolibre.com.uy/MUSSINIAUTOMOVILES;active;N/A;N/A;Usado;Gris;N/A;Hidráulica;Delantera;Sí;N/A;N/A;N/A;N/A;N/A;N/A;N/A;N/A;N/A;N/A;N/A;N/A;N/A;N/A;N/A;N/A;N/A;N/A;N/A;N/A;N/A;N/A;N/A;N/A;"2450 mm";"1.6 L";"41 L";N/A;N/A;N/A;N/A;N/A;N/A;N/A;N/A;N/A;N/A;N/A;N/A;N/A;N/A;N/A;N/A;N/A;N/A;N/A;N/A;N/A;N/A;N/A;N/A;N/A;N/A;N/A;N/A;N/A;N/A;N/A;N/A;N/A;N/A;N/A;N/A;N/A;N/A;N/A;N/A;N/A;N/A;N/A;N/A;N/A;N/A;"1532 mm";"3827 mm";N/A;N/A;N/A;N/A;5;"109 hp";Sense;N/A;N/A;"1665 mm";N/A;N/A;N/A;N/A;N/A;N/A;N/A;N/A;N/A;N/A;N/A;N/A;N/A;N/A;N/A;N/A;N/A;N/A;5;1.6;Nafta;Automática;Hatchback;"Autos y camionetas";N/A;N/A;N/A;N/A;N/A;N/A;UY;N/A;N/A;N/A;N/A;N/A;N/A;N/A;N/A;N/A;N/A;N/A;N/A;N/A;N/A;N/A;N/A;N/A;N/A;N/A;N/A;N/A;N/A;N/A;N/A;N/A;N/A;N/A;N/A;N/A;N/A;N/A;N/A;N/A;N/A;N/A;N/A;N/A;N/A;N/A;N/A;N/A;N/A;N/A;N/A;N/A;N/A;N/A;N/A;N/A;N/A;N/A;N/A;N/A;N/A;N/A;N/A;N/A;N/A;N/A;N/A;N/A;N/A;N/A;N/A;N/A;N/A;N/A;N/A;N/A;N/A;N/A;N/A;N/A;N/A;N/A;N/A;N/A;N/A;N/A;N/A;N/A;N/A;N/A;N/A;N/A;N/A;N/A;N/A;N/A;Sí;N/A;N/A;N/A;N/A;N/A;N/A;N/A;N/A;N/A;N/A;N/A;N/A;N/A;N/A;N/A;N/A;N/A;Sí;N/A;N/A;N/A;N/A;N/A;N/A;N/A
Nissan;Sentra;"Se Mt";1995;"550000 km";;COLMANEDGAR20220424230255;8500;;;;;Pando;https://auto.mercadolibre.com.uy/MLU-664347372-nissan-sentra-_JM;N/A;;"Nissan Sentra";usd;No;silver;false;N/A;N/A;http://perfil.mercadolibre.com.uy/COLMANEDGAR20220424230255;active;N/A;N/A;Usado;Gris;N/A;Hidráulica;Delantera;Sí;N/A;N/A;N/A;N/A;N/A;N/A;N/A;N/A;N/A;N/A;N/A;N/A;N/A;N/A;N/A;N/A;N/A;N/A;N/A;N/A;N/A;N/A;N/A;N/A;N/A;"1.6 L";N/A;N/A;N/A;N/A;N/A;N/A;N/A;N/A;N/A;N/A;N/A;N/A;N/A;N/A;N/A;N/A;N/A;N/A;N/A;N/A;N/A;N/A;N/A;N/A;N/A;N/A;N/A;N/A;N/A;N/A;N/A;N/A;N/A;N/A;N/A;N/A;N/A;N/A;N/A;N/A;N/A;N/A;N/A;N/A;N/A;N/A;N/A;N/A;N/A;N/A;N/A;N/A;N/A;5;N/A;Se;N/A;N/A;N/A;N/A;N/A;N/A;N/A;N/A;N/A;N/A;N/A;N/A;N/A;N/A;N/A;N/A;N/A;N/A;N/A;N/A;N/A;4;1.6;Nafta;Manual;Sedán;"Autos y camionetas";N/A;N/A;N/A;N/A;N/A;N/A;UY;N/A;N/A;N/A;N/A;N/A;N/A;N/A;N/A;N/A;N/A;N/A;N/A;N/A;N/A;N/A;N/A;N/A;N/A;N/A;N/A;N/A;N/A;N/A;N/A;N/A;N/A;N/A;N/A;N/A;N/A;N/A;N/A;N/A;N/A;N/A;N/A;N/A;N/A;N/A;N/A;N/A;N/A;N/A;N/A;N/A;N/A;N/A;N/A;N/A;N/A;N/A;N/A;N/A;N/A;N/A;N/A;N/A;N/A;N/A;N/A;N/A;N/A;N/A;N/A;N/A;N/A;N/A;N/A;N/A;N/A;N/A;N/A;N/A;N/A;N/A;N/A;N/A;N/A;N/A;N/A;N/A;N/A;N/A;N/A;N/A;N/A;N/A;N/A;N/A;Sí;N/A;N/A;N/A;N/A;N/A;N/A;N/A;N/A;N/A;N/A;N/A;N/A;N/A;N/A;N/A;N/A;N/A;Sí;N/A;N/A;N/A;N/A;N/A;N/A;N/A
Nissan;Frontier;"SE 300";2018;"53000 km";;AMAYASELECCIONADOS;19800;;;;;"Brazo Oriental";https://auto.mercadolibre.com.uy/MLU-663806992-nissan-frontier-se-300-_JM;N/A;;"Nissan Frontier Se 300 ";USD;Sí;silver;false;N/A;N/A;http://perfil.mercadolibre.com.uy/AMAYASELECCIONADOS;active;N/A;N/A;Usado;Plateado;N/A;Hidráulica;4x2;N/A;N/A;N/A;N/A;N/A;N/A;N/A;N/A;N/A;N/A;N/A;N/A;N/A;N/A;N/A;N/A;N/A;N/A;N/A;N/A;N/A;N/A;N/A;N/A;N/A;N/A;N/A;N/A;N/A;N/A;N/A;N/A;N/A;N/A;N/A;N/A;N/A;N/A;N/A;N/A;N/A;N/A;N/A;N/A;N/A;N/A;N/A;N/A;N/A;N/A;N/A;N/A;N/A;N/A;N/A;N/A;N/A;N/A;N/A;N/A;N/A;N/A;N/A;N/A;N/A;N/A;N/A;N/A;N/A;N/A;N/A;N/A;N/A;N/A;N/A;N/A;N/A;N/A;N/A;N/A;N/A;N/A;N/A;N/A;N/A;N/A;N/A;N/A;N/A;N/A;N/A;N/A;N/A;Sí;N/A;N/A;N/A;N/A;N/A;N/A;N/A;N/A;N/A;N/A;4;2.5;Nafta;Manual;Pick-Up;"Autos y camionetas";N/A;N/A;N/A;N/A;N/A;N/A;N/A;N/A;N/A;N/A;N/A;N/A;N/A;N/A;N/A;N/A;N/A;N/A;N/A;N/A;N/A;N/A;N/A;N/A;N/A;N/A;N/A;N/A;N/A;N/A;N/A;N/A;N/A;N/A;N/A;N/A;N/A;N/A;N/A;N/A;N/A;N/A;N/A;N/A;N/A;N/A;N/A;N/A;N/A;N/A;N/A;N/A;N/A;N/A;N/A;N/A;N/A;N/A;N/A;N/A;N/A;N/A;N/A;N/A;N/A;N/A;N/A;N/A;N/A;N/A;N/A;N/A;N/A;N/A;N/A;N/A;N/A;N/A;N/A;N/A;N/A;N/A;N/A;N/A;N/A;N/A;N/A;N/A;N/A;N/A;N/A;N/A;N/A;N/A;N/A;N/A;N/A;N/A;N/A;N/A;Sí;N/A;N/A;N/A;N/A;N/A;N/A;N/A;N/A;N/A;N/A;N/A;N/A;N/A;N/A;N/A;N/A;N/A;N/A;N/A;N/A;N/A
Nissan;Kicks;"1.6 Exclusive At";2018;"86000 km";;"FRANCISCO AUTOMOTORES";23500;;;;;Paysandú;https://auto.mercadolibre.com.uy/MLU-663417526-nissan-kicks-exclusive-cvt-_JM;N/A;;"Nissan Kicks Exclusive Cvt ";usd;Sí;silver;false;N/A;N/A;http://perfil.mercadolibre.com.uy/FRANCISCO+AUTOMOTORES;active;N/A;N/A;Usado;Blanco;N/A;Hidráulica;Delantera;Sí;N/A;N/A;N/A;N/A;N/A;N/A;N/A;Sí;N/A;N/A;N/A;N/A;N/A;N/A;N/A;N/A;N/A;N/A;N/A;N/A;N/A;N/A;N/A;N/A;"2620 mm";"1.6 L";"50 L";N/A;N/A;N/A;N/A;N/A;N/A;N/A;N/A;N/A;N/A;N/A;N/A;N/A;N/A;N/A;N/A;N/A;N/A;N/A;N/A;N/A;N/A;N/A;N/A;N/A;N/A;N/A;N/A;N/A;N/A;N/A;N/A;N/A;N/A;Sí;Sí;N/A;N/A;Sí;N/A;N/A;N/A;N/A;N/A;N/A;N/A;"1590 mm";"4295 mm";N/A;N/A;N/A;N/A;5;"118 hp";Exclusive;N/A;4;"1760 mm";N/A;N/A;N/A;N/A;N/A;N/A;N/A;N/A;N/A;N/A;N/A;N/A;N/A;N/A;N/A;N/A;N/A;N/A;5;1.6;Nafta;Automática;SUV;"Autos y camionetas";N/A;N/A;N/A;N/A;N/A;N/A;UY;N/A;N/A;N/A;N/A;N/A;N/A;N/A;N/A;N/A;N/A;N/A;N/A;N/A;N/A;N/A;N/A;N/A;N/A;N/A;N/A;N/A;N/A;N/A;N/A;N/A;N/A;N/A;N/A;N/A;N/A;N/A;N/A;N/A;N/A;N/A;N/A;N/A;N/A;N/A;N/A;N/A;N/A;N/A;N/A;N/A;N/A;N/A;N/A;N/A;N/A;N/A;N/A;N/A;N/A;N/A;N/A;N/A;N/A;N/A;N/A;N/A;N/A;N/A;N/A;N/A;N/A;N/A;N/A;N/A;N/A;N/A;N/A;N/A;N/A;N/A;N/A;N/A;N/A;N/A;N/A;N/A;N/A;N/A;N/A;N/A;N/A;N/A;N/A;N/A;Sí;N/A;Sí;N/A;N/A;N/A;N/A;N/A;N/A;Sí;N/A;N/A;N/A;N/A;N/A;Sí;Sí;N/A;Sí;N/A;N/A;N/A;N/A;Sí;N/A;Sí
Nissan;Versa;"1.6 Exclusive At";2022;"0 km";;NISSANPDE;28000;;;;;"Punta del Este";https://auto.mercadolibre.com.uy/MLU-663273936-nissan-new-versa-exclusive-_JM;N/A;;"Nissan New Versa Exclusive";usd;Sí;silver;false;N/A;N/A;http://perfil.mercadolibre.com.uy/NISSANPDE;active;N/A;N/A;Nuevo;Blanco;N/A;Hidráulica;Delantera;Sí;N/A;N/A;N/A;Sí;N/A;N/A;N/A;Sí;N/A;N/A;N/A;N/A;N/A;N/A;N/A;N/A;N/A;N/A;N/A;N/A;N/A;N/A;N/A;N/A;"2600 mm";"1.6 L";"41 L";4;N/A;N/A;N/A;N/A;N/A;N/A;N/A;N/A;N/A;N/A;N/A;N/A;N/A;N/A;N/A;N/A;N/A;N/A;N/A;N/A;N/A;N/A;N/A;N/A;N/A;N/A;N/A;N/A;N/A;N/A;N/A;N/A;N/A;Sí;Sí;N/A;N/A;N/A;N/A;N/A;N/A;N/A;N/A;N/A;N/A;"1506 mm";"4465 mm";N/A;N/A;N/A;N/A;5;"106 hp";Exclusive;N/A;4;"1695 mm";N/A;N/A;N/A;N/A;N/A;N/A;N/A;Sí;N/A;N/A;N/A;N/A;N/A;N/A;N/A;N/A;N/A;"Lunes a Viernes de 9.00 a 13.00 y 14:30 a 18.00 hs Sábados de 9.00 a 13.00 hs";4;1.6;Nafta;Automática;Sedán;"Autos y camionetas";N/A;N/A;N/A;N/A;N/A;N/A;UY;N/A;N/A;N/A;N/A;N/A;N/A;N/A;N/A;N/A;N/A;N/A;N/A;N/A;N/A;N/A;N/A;N/A;N/A;N/A;N/A;N/A;N/A;N/A;N/A;N/A;N/A;N/A;N/A;N/A;N/A;N/A;N/A;N/A;N/A;N/A;N/A;N/A;N/A;N/A;N/A;N/A;N/A;N/A;N/A;N/A;N/A;N/A;N/A;N/A;N/A;N/A;N/A;N/A;N/A;N/A;N/A;N/A;N/A;N/A;N/A;N/A;N/A;N/A;N/A;N/A;N/A;N/A;N/A;N/A;N/A;N/A;N/A;N/A;N/A;N/A;N/A;N/A;N/A;N/A;N/A;N/A;N/A;N/A;N/A;N/A;N/A;N/A;N/A;N/A;Sí;N/A;Sí;N/A;N/A;N/A;N/A;Sí;N/A;Sí;N/A;N/A;N/A;N/A;N/A;N/A;Sí;N/A;Sí;N/A;N/A;N/A;N/A;Sí;N/A;N/A
Nissan;"NP300 Frontier";"2.5 Se Doble Cabina";2021;"65000 km";;CUTINELLA_AUTOMOVILES;25400;;;;;"Colonia del Sacramento";https://auto.mercadolibre.com.uy/MLU-662801246-nissan-np300-frontier-se-dc-_JM;N/A;;"Nissan Np300 Frontier Se Dc";usd;Sí;silver;false;N/A;N/A;http://perfil.mercadolibre.com.uy/CUTINELLA_AUTOMOVILES;active;N/A;N/A;Usado;Blanco;N/A;Hidráulica;4x2;Sí;N/A;N/A;N/A;N/A;N/A;N/A;N/A;N/A;N/A;N/A;N/A;N/A;N/A;N/A;N/A;N/A;N/A;N/A;N/A;N/A;N/A;N/A;N/A;N/A;"3150 mm";"2.5 L";"80 L";6;N/A;N/A;N/A;N/A;N/A;N/A;N/A;N/A;N/A;N/A;N/A;N/A;N/A;N/A;N/A;N/A;N/A;N/A;N/A;N/A;N/A;N/A;N/A;N/A;N/A;N/A;N/A;N/A;N/A;N/A;N/A;N/A;N/A;Sí;Sí;N/A;N/A;N/A;N/A;N/A;N/A;N/A;N/A;N/A;N/A;"1860 mm";"5258 mm";N/A;N/A;N/A;N/A;N/A;"120 hp";Se;N/A;4;"1850 mm";N/A;N/A;N/A;N/A;N/A;N/A;N/A;N/A;N/A;N/A;N/A;N/A;N/A;N/A;N/A;N/A;N/A;"Lunes a Viernes de 9 a 18:30 hs";4;2.5;Diésel;Manual;Pick-Up;"Autos y camionetas";N/A;N/A;N/A;N/A;N/A;N/A;UY;N/A;N/A;N/A;N/A;N/A;N/A;N/A;N/A;N/A;N/A;N/A;N/A;N/A;N/A;N/A;N/A;N/A;N/A;N/A;N/A;N/A;N/A;N/A;N/A;N/A;N/A;N/A;N/A;N/A;N/A;N/A;N/A;N/A;N/A;N/A;N/A;N/A;N/A;N/A;N/A;N/A;N/A;N/A;N/A;N/A;N/A;N/A;N/A;N/A;N/A;N/A;N/A;N/A;N/A;N/A;N/A;N/A;N/A;N/A;N/A;N/A;N/A;N/A;N/A;N/A;N/A;N/A;N/A;N/A;N/A;N/A;N/A;N/A;N/A;N/A;N/A;N/A;N/A;N/A;N/A;N/A;N/A;N/A;N/A;N/A;N/A;N/A;N/A;N/A;Sí;N/A;N/A;N/A;N/A;N/A;N/A;N/A;N/A;Sí;N/A;N/A;N/A;N/A;N/A;N/A;N/A;N/A;Sí;N/A;N/A;N/A;N/A;N/A;N/A;N/A
Nissan;Frontier;Se;2023;"0 km";;AMAYASELECCIONADOS;32330;;;;;"Brazo Oriental";https://auto.mercadolibre.com.uy/MLU-660896220-nissan-frontier-se-_JM;N/A;;"Nissan Frontier Se";USD;Sí;silver;false;N/A;N/A;http://perfil.mercadolibre.com.uy/AMAYASELECCIONADOS;active;N/A;N/A;Nuevo;Blanco;N/A;Hidráulica;4x2;N/A;N/A;N/A;N/A;N/A;N/A;N/A;N/A;N/A;N/A;N/A;N/A;N/A;N/A;N/A;N/A;N/A;N/A;N/A;N/A;N/A;N/A;N/A;N/A;N/A;N/A;N/A;N/A;N/A;N/A;N/A;N/A;N/A;N/A;N/A;N/A;N/A;N/A;N/A;N/A;N/A;N/A;N/A;N/A;N/A;N/A;N/A;N/A;N/A;N/A;N/A;N/A;N/A;N/A;N/A;N/A;N/A;N/A;N/A;N/A;N/A;N/A;N/A;N/A;N/A;N/A;N/A;N/A;N/A;N/A;N/A;N/A;N/A;N/A;N/A;N/A;N/A;N/A;N/A;N/A;N/A;N/A;N/A;N/A;N/A;N/A;N/A;N/A;N/A;N/A;N/A;N/A;N/A;N/A;N/A;N/A;N/A;N/A;N/A;N/A;N/A;N/A;N/A;N/A;4;1;Nafta;Manual;Pick-Up;"Autos y camionetas";N/A;N/A;N/A;N/A;N/A;N/A;N/A;N/A;N/A;N/A;N/A;N/A;N/A;N/A;N/A;N/A;N/A;N/A;N/A;N/A;N/A;N/A;N/A;N/A;N/A;N/A;N/A;N/A;N/A;N/A;N/A;N/A;N/A;N/A;N/A;N/A;N/A;N/A;N/A;N/A;N/A;N/A;N/A;N/A;N/A;N/A;N/A;N/A;N/A;N/A;N/A;N/A;N/A;N/A;N/A;N/A;N/A;N/A;N/A;N/A;N/A;N/A;N/A;N/A;N/A;N/A;N/A;N/A;N/A;N/A;N/A;N/A;N/A;N/A;N/A;N/A;N/A;N/A;N/A;N/A;N/A;N/A;N/A;N/A;N/A;N/A;N/A;N/A;N/A;N/A;N/A;N/A;N/A;N/A;N/A;N/A;N/A;N/A;N/A;N/A;N/A;N/A;N/A;N/A;N/A;N/A;N/A;N/A;N/A;N/A;N/A;N/A;N/A;N/A;N/A;N/A;N/A;N/A;N/A;N/A;N/A;N/A
Nissan;Sentra;"Se Mt";1993;"300000 km";;"AUSTRAL AUTOMOVILES";4900;;;;;"Brazo Oriental";https://auto.mercadolibre.com.uy/MLU-660389566-nissan-sentra-b13-ano-1993-_JM;N/A;;"Nissan Sentra B13 Año 1993";usd;Sí;silver;false;N/A;N/A;http://perfil.mercadolibre.com.uy/AUSTRAL+AUTOMOVILES;active;N/A;N/A;Usado;Celeste;N/A;Hidráulica;Delantera;Sí;N/A;N/A;N/A;N/A;N/A;N/A;N/A;N/A;N/A;N/A;N/A;N/A;N/A;N/A;N/A;N/A;N/A;N/A;N/A;N/A;N/A;N/A;N/A;N/A;N/A;"1.6 L";N/A;N/A;N/A;N/A;N/A;N/A;N/A;N/A;N/A;N/A;N/A;N/A;N/A;N/A;N/A;N/A;N/A;N/A;N/A;N/A;N/A;N/A;N/A;N/A;N/A;N/A;N/A;N/A;N/A;N/A;N/A;N/A;N/A;N/A;N/A;N/A;N/A;N/A;N/A;N/A;N/A;N/A;N/A;N/A;N/A;N/A;N/A;N/A;N/A;N/A;N/A;N/A;N/A;5;N/A;Se;N/A;N/A;N/A;N/A;N/A;N/A;N/A;N/A;N/A;N/A;N/A;N/A;N/A;N/A;N/A;N/A;N/A;N/A;N/A;N/A;"10 A 19";4;1.6;Nafta;Manual;Sedán;"Autos y camionetas";N/A;N/A;N/A;N/A;N/A;N/A;UY;N/A;N/A;N/A;N/A;N/A;N/A;N/A;N/A;N/A;N/A;N/A;N/A;N/A;N/A;N/A;N/A;N/A;N/A;N/A;N/A;N/A;N/A;N/A;N/A;N/A;N/A;N/A;N/A;N/A;N/A;N/A;N/A;N/A;N/A;N/A;N/A;N/A;N/A;N/A;N/A;N/A;N/A;N/A;N/A;N/A;N/A;N/A;N/A;N/A;N/A;N/A;N/A;N/A;N/A;N/A;N/A;N/A;N/A;N/A;N/A;N/A;N/A;N/A;N/A;N/A;N/A;N/A;N/A;N/A;N/A;N/A;N/A;N/A;N/A;N/A;N/A;N/A;N/A;N/A;N/A;N/A;N/A;N/A;N/A;N/A;N/A;N/A;N/A;N/A;Sí;N/A;N/A;N/A;N/A;N/A;N/A;N/A;N/A;N/A;N/A;N/A;N/A;N/A;N/A;N/A;N/A;N/A;Sí;N/A;N/A;N/A;N/A;N/A;N/A;N/A
Nissan;"NP300 Frontier";"2.5 Se Doble Cabina";2023;"0 km";;WAVEAUTOMOTORES;29888;;;;;Paysandú;https://auto.mercadolibre.com.uy/MLU-658063734-nissan-frontier-s-_JM;N/A;;"Nissan Frontier S";usd;Sí;silver;false;N/A;N/A;http://perfil.mercadolibre.com.uy/WAVEAUTOMOTORES;active;N/A;N/A;Nuevo;Blanco;N/A;Hidráulica;4x2;Sí;N/A;N/A;N/A;N/A;N/A;N/A;N/A;N/A;N/A;N/A;N/A;N/A;N/A;N/A;N/A;N/A;N/A;N/A;N/A;N/A;N/A;N/A;N/A;N/A;"3150 mm";"2.5 L";"80 L";6;N/A;N/A;N/A;N/A;N/A;N/A;N/A;N/A;N/A;N/A;N/A;N/A;N/A;N/A;N/A;N/A;N/A;N/A;N/A;N/A;N/A;N/A;N/A;N/A;N/A;N/A;N/A;N/A;N/A;N/A;N/A;N/A;N/A;Sí;Sí;N/A;N/A;N/A;N/A;N/A;N/A;N/A;N/A;N/A;N/A;"1860 mm";"5258 mm";N/A;N/A;N/A;N/A;N/A;"120 hp";Se;N/A;4;"1850 mm";N/A;N/A;N/A;N/A;N/A;N/A;N/A;N/A;N/A;N/A;N/A;N/A;N/A;N/A;N/A;N/A;N/A;N/A;4;2.5;Diésel;Manual;Pick-Up;"Autos y camionetas";N/A;N/A;N/A;N/A;N/A;N/A;UY;N/A;N/A;N/A;N/A;N/A;N/A;N/A;N/A;N/A;N/A;N/A;N/A;N/A;N/A;N/A;N/A;N/A;N/A;N/A;N/A;N/A;N/A;N/A;N/A;N/A;N/A;N/A;N/A;N/A;N/A;N/A;N/A;N/A;N/A;N/A;N/A;N/A;N/A;N/A;N/A;N/A;N/A;N/A;N/A;N/A;N/A;N/A;N/A;N/A;N/A;N/A;N/A;N/A;N/A;N/A;N/A;N/A;N/A;N/A;N/A;N/A;N/A;N/A;N/A;N/A;N/A;N/A;N/A;N/A;N/A;N/A;N/A;N/A;N/A;N/A;N/A;N/A;N/A;N/A;N/A;N/A;N/A;N/A;N/A;N/A;N/A;N/A;N/A;N/A;Sí;N/A;N/A;N/A;N/A;N/A;N/A;N/A;N/A;Sí;N/A;N/A;N/A;N/A;N/A;N/A;N/A;N/A;Sí;N/A;N/A;N/A;N/A;N/A;N/A;N/A
Nissan;Kicks;"1.6 Advance At";2020;"80000 km";;"KIA MOTORSPANDO";23500;;;;;Pando;https://auto.mercadolibre.com.uy/MLU-633338973-nissan-kicks-advance-automatica-ano-2020-_JM;N/A;;"Nissan Kicks Advance Automatica  Año 2020";usd;Sí;silver;false;N/A;N/A;http://perfil.mercadolibre.com.uy/KIA+MOTORSPANDO;active;N/A;N/A;Usado;Blanco;N/A;Hidráulica;Delantera;Sí;N/A;N/A;N/A;N/A;N/A;N/A;N/A;N/A;N/A;N/A;N/A;N/A;N/A;N/A;N/A;N/A;N/A;N/A;N/A;N/A;N/A;N/A;N/A;N/A;"2620 mm";"1.6 L";"50 L";N/A;N/A;N/A;N/A;N/A;N/A;N/A;N/A;N/A;N/A;N/A;N/A;N/A;N/A;N/A;N/A;N/A;N/A;N/A;N/A;N/A;N/A;N/A;N/A;N/A;N/A;N/A;N/A;N/A;N/A;N/A;N/A;N/A;N/A;Sí;Sí;Sí;N/A;N/A;N/A;N/A;N/A;N/A;N/A;N/A;N/A;"1590 mm";"4295 mm";N/A;N/A;N/A;N/A;5;"118 hp";Advance;N/A;4;"1760 mm";N/A;N/A;N/A;N/A;N/A;N/A;N/A;N/A;N/A;N/A;N/A;N/A;N/A;N/A;N/A;N/A;N/A;"8.30 A 18.30";5;1.6;Nafta;Automática;SUV;"Autos y camionetas";N/A;N/A;N/A;N/A;N/A;N/A;UY;N/A;N/A;N/A;N/A;N/A;N/A;N/A;N/A;N/A;N/A;N/A;N/A;N/A;N/A;N/A;N/A;N/A;N/A;N/A;N/A;N/A;N/A;N/A;N/A;N/A;N/A;N/A;N/A;N/A;N/A;N/A;N/A;N/A;N/A;N/A;N/A;N/A;N/A;N/A;N/A;N/A;N/A;N/A;N/A;N/A;N/A;N/A;N/A;N/A;N/A;N/A;N/A;N/A;N/A;N/A;N/A;N/A;N/A;N/A;N/A;N/A;N/A;N/A;N/A;N/A;N/A;N/A;N/A;N/A;N/A;N/A;N/A;N/A;N/A;N/A;N/A;N/A;N/A;N/A;N/A;N/A;N/A;N/A;N/A;N/A;N/A;N/A;N/A;N/A;Sí;N/A;Sí;N/A;N/A;N/A;N/A;N/A;N/A;Sí;N/A;N/A;N/A;N/A;N/A;N/A;Sí;N/A;Sí;N/A;N/A;N/A;N/A;Sí;N/A;Sí
Nissan;Tiida;"1.8 Emotion At";2010;"175000 km";;DIAMANTIS-CARS;10490;;;;;Malvin;https://auto.mercadolibre.com.uy/MLU-665226034-nissan-tiida-extra-full-automatico-_JM;N/A;;"Nissan Tiida Extra Full Automatico";usd;Sí;silver;false;N/A;N/A;http://perfil.mercadolibre.com.uy/DIAMANTIS-CARS;active;N/A;N/A;Usado;Gris;N/A;Hidráulica;Delantera;Sí;N/A;N/A;N/A;N/A;N/A;N/A;N/A;N/A;N/A;N/A;N/A;N/A;N/A;N/A;N/A;N/A;N/A;N/A;N/A;N/A;N/A;N/A;N/A;N/A;"2600 mm";"1.8 L";"52.4 L";N/A;N/A;N/A;N/A;N/A;N/A;N/A;N/A;N/A;N/A;N/A;N/A;N/A;N/A;N/A;N/A;N/A;N/A;N/A;N/A;N/A;N/A;N/A;N/A;N/A;N/A;N/A;N/A;N/A;N/A;N/A;N/A;N/A;N/A;N/A;N/A;N/A;N/A;N/A;N/A;N/A;N/A;N/A;N/A;N/A;N/A;"1548 mm";"4297 mm";N/A;N/A;N/A;N/A;N/A;N/A;Emotion;N/A;N/A;"1695 mm";N/A;N/A;N/A;N/A;N/A;N/A;N/A;N/A;N/A;N/A;N/A;N/A;N/A;N/A;N/A;N/A;N/A;"Lunes a viernes de 10 a 18 hs";5;1.8;Nafta;Automática;Hatchback;"Autos y camionetas";N/A;N/A;N/A;N/A;N/A;N/A;UY;N/A;N/A;N/A;N/A;N/A;N/A;N/A;N/A;N/A;N/A;N/A;N/A;N/A;N/A;N/A;N/A;N/A;N/A;N/A;N/A;N/A;N/A;N/A;N/A;N/A;N/A;N/A;N/A;N/A;N/A;N/A;N/A;N/A;N/A;N/A;N/A;N/A;N/A;N/A;N/A;N/A;N/A;N/A;N/A;N/A;N/A;N/A;N/A;N/A;N/A;N/A;N/A;N/A;N/A;N/A;N/A;N/A;N/A;N/A;N/A;N/A;N/A;N/A;N/A;N/A;N/A;N/A;N/A;N/A;N/A;N/A;N/A;N/A;N/A;N/A;N/A;N/A;N/A;N/A;N/A;N/A;N/A;N/A;N/A;N/A;N/A;N/A;N/A;N/A;Sí;N/A;N/A;N/A;N/A;N/A;N/A;N/A;N/A;N/A;N/A;N/A;N/A;N/A;N/A;N/A;N/A;N/A;Sí;N/A;N/A;N/A;N/A;N/A;N/A;N/A
Nissan;Frontier;"pikup diesel";2020;"30000 km";;"BRAVO AUTOMOVILES";32000;;;;;Trinidad;https://auto.mercadolibre.com.uy/MLU-654047536-nissan-frontier-pikup-diesel-_JM;N/A;;"Nissan Frontier Pikup Diesel";USD;Sí;silver;false;N/A;N/A;http://perfil.mercadolibre.com.uy/BRAVO+AUTOMOVILES;active;N/A;N/A;Usado;N/A;N/A;N/A;N/A;N/A;N/A;N/A;N/A;N/A;N/A;N/A;N/A;N/A;N/A;N/A;N/A;N/A;N/A;N/A;N/A;N/A;N/A;N/A;N/A;N/A;N/A;N/A;N/A;N/A;N/A;N/A;N/A;N/A;N/A;N/A;N/A;N/A;N/A;N/A;N/A;N/A;N/A;N/A;N/A;N/A;N/A;N/A;N/A;N/A;N/A;N/A;N/A;N/A;N/A;N/A;N/A;N/A;N/A;N/A;N/A;N/A;N/A;N/A;N/A;N/A;N/A;N/A;N/A;N/A;N/A;N/A;N/A;N/A;N/A;N/A;N/A;N/A;N/A;N/A;N/A;N/A;N/A;N/A;N/A;N/A;N/A;N/A;N/A;N/A;N/A;N/A;N/A;N/A;N/A;N/A;N/A;N/A;N/A;N/A;N/A;N/A;N/A;N/A;N/A;N/A;N/A;N/A;N/A;2;N/A;Diésel;N/A;N/A;"Autos y camionetas";N/A;N/A;N/A;N/A;N/A;N/A;N/A;N/A;N/A;N/A;N/A;N/A;N/A;N/A;N/A;N/A;N/A;N/A;N/A;N/A;N/A;N/A;N/A;N/A;N/A;N/A;N/A;N/A;N/A;N/A;N/A;N/A;N/A;N/A;N/A;N/A;N/A;N/A;N/A;N/A;N/A;N/A;N/A;N/A;N/A;N/A;N/A;N/A;N/A;N/A;N/A;N/A;N/A;N/A;N/A;N/A;N/A;N/A;N/A;N/A;N/A;N/A;N/A;N/A;N/A;N/A;N/A;N/A;N/A;N/A;N/A;N/A;N/A;N/A;N/A;N/A;N/A;N/A;N/A;N/A;N/A;N/A;N/A;N/A;N/A;N/A;N/A;N/A;N/A;N/A;N/A;N/A;N/A;N/A;N/A;N/A;N/A;N/A;N/A;N/A;N/A;N/A;N/A;N/A;N/A;N/A;N/A;N/A;N/A;N/A;N/A;N/A;N/A;N/A;N/A;N/A;N/A;N/A;N/A;N/A;N/A;N/A
Nissan;"NP300 Frontier";"S CL Diesel";2024;"0 km";;AUTOMOTORATREINTAYTRES;37818;;;;;"Treinta y Tres";https://auto.mercadolibre.com.uy/MLU-633637559-nissan-frontier-np-300-s-cl-0km-_JM;N/A;;"Nissan Frontier Np 300 S Cl 0km.";USD;Sí;silver;false;N/A;N/A;http://perfil.mercadolibre.com.uy/AUTOMOTORATREINTAYTRES;active;N/A;N/A;Nuevo;Blanco;N/A;Hidráulica;N/A;N/A;N/A;N/A;N/A;N/A;N/A;N/A;N/A;N/A;N/A;N/A;N/A;N/A;N/A;N/A;N/A;N/A;N/A;N/A;N/A;N/A;N/A;N/A;N/A;N/A;N/A;N/A;N/A;N/A;N/A;N/A;N/A;N/A;N/A;N/A;N/A;N/A;N/A;N/A;N/A;N/A;N/A;N/A;N/A;N/A;N/A;N/A;N/A;N/A;N/A;N/A;N/A;N/A;N/A;N/A;N/A;N/A;N/A;N/A;N/A;N/A;N/A;N/A;N/A;N/A;N/A;N/A;N/A;N/A;N/A;N/A;N/A;N/A;N/A;N/A;N/A;N/A;N/A;N/A;N/A;N/A;N/A;N/A;N/A;N/A;N/A;N/A;N/A;N/A;N/A;N/A;N/A;N/A;N/A;N/A;N/A;N/A;N/A;N/A;N/A;N/A;N/A;N/A;N/A;2;2.5;Diésel;N/A;N/A;"Autos y camionetas";Sí;N/A;N/A;N/A;Sí;N/A;N/A;N/A;Sí;N/A;Sí;N/A;N/A;N/A;N/A;N/A;N/A;N/A;N/A;N/A;N/A;N/A;N/A;N/A;N/A;N/A;N/A;N/A;N/A;N/A;N/A;N/A;N/A;N/A;N/A;N/A;N/A;N/A;N/A;N/A;N/A;N/A;N/A;Sí;N/A;N/A;N/A;N/A;N/A;N/A;N/A;N/A;N/A;N/A;N/A;N/A;N/A;N/A;N/A;N/A;N/A;N/A;No;N/A;N/A;N/A;N/A;N/A;N/A;N/A;N/A;N/A;N/A;N/A;N/A;N/A;N/A;N/A;N/A;N/A;N/A;N/A;N/A;N/A;N/A;N/A;N/A;N/A;N/A;N/A;N/A;N/A;N/A;N/A;N/A;N/A;N/A;N/A;N/A;N/A;N/A;N/A;N/A;N/A;N/A;N/A;N/A;N/A;N/A;N/A;N/A;N/A;N/A;N/A;N/A;N/A;N/A;N/A;N/A;N/A;N/A;N/A
Nissan;Frontier;"Crew Cab Se 4x2 At";2011;"420050 km";;"SUC.JORGE ESTEFAN";14900;;;;;Trinidad;https://auto.mercadolibre.com.uy/MLU-656657190-nissan-frontier-4x2-diesel-_JM;N/A;;"Nissan Frontier 4x2 Diesel";usd;Sí;silver;false;N/A;N/A;http://perfil.mercadolibre.com.uy/SUC.JORGE+ESTEFAN;active;N/A;N/A;Usado;Blanco;N/A;Hidráulica;4x2;Sí;N/A;N/A;N/A;N/A;N/A;N/A;N/A;N/A;N/A;N/A;N/A;N/A;N/A;N/A;N/A;N/A;N/A;N/A;N/A;N/A;N/A;N/A;N/A;N/A;N/A;"3.3 L";N/A;N/A;N/A;N/A;N/A;N/A;N/A;N/A;N/A;N/A;N/A;N/A;N/A;N/A;N/A;N/A;N/A;N/A;N/A;N/A;N/A;N/A;N/A;N/A;N/A;N/A;N/A;N/A;N/A;N/A;N/A;N/A;N/A;N/A;N/A;N/A;N/A;N/A;N/A;N/A;N/A;N/A;N/A;N/A;N/A;N/A;N/A;N/A;N/A;N/A;N/A;N/A;N/A;N/A;N/A;N/A;N/A;N/A;N/A;N/A;N/A;N/A;N/A;N/A;N/A;N/A;N/A;N/A;N/A;N/A;N/A;N/A;N/A;N/A;N/A;N/A;"LUNES A SABADOS DE 9 A 19";4;3.3;Diésel;Automática;Pick-Up;"Autos y camionetas";N/A;N/A;N/A;N/A;N/A;N/A;UY;N/A;N/A;N/A;N/A;N/A;N/A;N/A;N/A;N/A;N/A;N/A;N/A;N/A;N/A;N/A;N/A;N/A;N/A;N/A;N/A;N/A;N/A;N/A;N/A;N/A;N/A;N/A;N/A;N/A;N/A;N/A;N/A;N/A;N/A;N/A;N/A;N/A;N/A;N/A;N/A;N/A;N/A;N/A;N/A;N/A;N/A;N/A;N/A;N/A;N/A;N/A;N/A;N/A;N/A;N/A;N/A;N/A;N/A;N/A;N/A;N/A;N/A;N/A;N/A;N/A;N/A;N/A;N/A;N/A;N/A;N/A;N/A;N/A;N/A;N/A;N/A;N/A;N/A;N/A;N/A;N/A;N/A;N/A;N/A;N/A;N/A;N/A;N/A;N/A;Sí;N/A;N/A;N/A;N/A;N/A;N/A;N/A;N/A;N/A;N/A;N/A;N/A;N/A;N/A;N/A;N/A;N/A;Sí;N/A;N/A;N/A;N/A;N/A;N/A;N/A
Nissan;Frontier;"S Diesel 4x4";2023;"0 km";;LAFORLTDAAUTOMOTORES;51238;;;;;Durazno;https://auto.mercadolibre.com.uy/MLU-644571352-nissan-frontier-s-diesel-4x4-_JM;N/A;;"Nissan Frontier S Diesel 4x4";USD;Sí;silver;false;N/A;N/A;http://perfil.mercadolibre.com.uy/LAFORLTDAAUTOMOTORES;active;N/A;N/A;Nuevo;N/A;N/A;N/A;N/A;N/A;N/A;N/A;N/A;N/A;N/A;N/A;N/A;N/A;N/A;N/A;N/A;N/A;N/A;N/A;N/A;N/A;N/A;N/A;N/A;N/A;N/A;N/A;N/A;N/A;N/A;N/A;N/A;N/A;N/A;N/A;N/A;N/A;N/A;N/A;N/A;N/A;N/A;N/A;N/A;N/A;N/A;N/A;N/A;N/A;N/A;N/A;N/A;N/A;N/A;N/A;N/A;N/A;N/A;N/A;N/A;N/A;N/A;N/A;N/A;N/A;N/A;N/A;N/A;N/A;N/A;N/A;N/A;N/A;N/A;N/A;N/A;N/A;N/A;N/A;N/A;N/A;N/A;N/A;N/A;N/A;N/A;N/A;N/A;N/A;N/A;N/A;N/A;N/A;N/A;N/A;N/A;N/A;N/A;N/A;N/A;N/A;N/A;N/A;N/A;N/A;N/A;N/A;N/A;4;N/A;Diésel;N/A;N/A;"Autos y camionetas";N/A;N/A;N/A;N/A;N/A;N/A;N/A;N/A;N/A;N/A;N/A;N/A;N/A;N/A;N/A;N/A;N/A;N/A;N/A;N/A;N/A;N/A;N/A;N/A;N/A;N/A;N/A;N/A;N/A;N/A;N/A;N/A;N/A;N/A;N/A;N/A;N/A;N/A;N/A;N/A;N/A;N/A;N/A;N/A;N/A;N/A;N/A;N/A;N/A;N/A;N/A;N/A;N/A;N/A;N/A;N/A;N/A;N/A;N/A;N/A;N/A;N/A;N/A;N/A;N/A;N/A;N/A;N/A;N/A;N/A;N/A;N/A;N/A;N/A;N/A;N/A;N/A;N/A;N/A;N/A;N/A;N/A;N/A;N/A;N/A;N/A;N/A;N/A;N/A;N/A;N/A;N/A;N/A;N/A;N/A;N/A;N/A;N/A;N/A;N/A;N/A;N/A;N/A;N/A;N/A;N/A;N/A;N/A;N/A;N/A;N/A;N/A;N/A;N/A;N/A;N/A;N/A;N/A;N/A;N/A;N/A;N/A
Nissan;Kicks;"1.6 Advance At";2023;"0 km";;"DELTACAR S.A.";30990;;;;;Mercedes;https://auto.mercadolibre.com.uy/MLU-635764206-nissan-kicks-advance-cvt-_JM;N/A;;"Nissan Kicks Advance Cvt";usd;Sí;silver;false;N/A;N/A;http://perfil.mercadolibre.com.uy/DELTACAR+S.A.;active;N/A;N/A;Nuevo;Gris;N/A;Hidráulica;Delantera;Sí;Sí;N/A;N/A;N/A;N/A;N/A;N/A;N/A;N/A;N/A;Sí;Sí;N/A;N/A;N/A;N/A;N/A;N/A;N/A;N/A;N/A;N/A;N/A;N/A;"2620 mm";"1598 cc";"50 L";N/A;N/A;N/A;N/A;N/A;N/A;N/A;N/A;N/A;N/A;N/A;N/A;N/A;N/A;N/A;N/A;N/A;N/A;N/A;N/A;N/A;N/A;N/A;N/A;N/A;N/A;N/A;N/A;N/A;N/A;N/A;N/A;N/A;N/A;N/A;N/A;N/A;N/A;N/A;N/A;N/A;N/A;N/A;N/A;N/A;N/A;"1590 mm";"4295 mm";N/A;N/A;N/A;N/A;5;"118 hp";Advance;N/A;4;"1760 mm";N/A;N/A;N/A;N/A;N/A;N/A;Sí;Sí;N/A;N/A;N/A;N/A;N/A;N/A;N/A;N/A;N/A;"todos los dias";5;1.6;Nafta;Automática;SUV;"Autos y camionetas";N/A;N/A;N/A;N/A;N/A;N/A;UY;N/A;Sí;N/A;N/A;N/A;N/A;N/A;N/A;N/A;N/A;N/A;N/A;N/A;N/A;N/A;N/A;N/A;Sí;N/A;N/A;N/A;N/A;N/A;N/A;N/A;N/A;N/A;N/A;N/A;N/A;N/A;N/A;N/A;N/A;N/A;N/A;Sí;N/A;N/A;N/A;N/A;N/A;N/A;N/A;N/A;N/A;N/A;N/A;N/A;N/A;N/A;N/A;N/A;N/A;Sí;N/A;N/A;N/A;N/A;N/A;N/A;N/A;N/A;N/A;N/A;N/A;N/A;N/A;N/A;N/A;N/A;N/A;N/A;N/A;N/A;N/A;N/A;N/A;N/A;N/A;N/A;N/A;N/A;N/A;N/A;N/A;N/A;N/A;N/A;Sí;N/A;Sí;N/A;Sí;N/A;N/A;N/A;N/A;Sí;N/A;N/A;N/A;N/A;N/A;Sí;Sí;Sí;Sí;N/A;N/A;N/A;N/A;Sí;N/A;Sí
Nissan;Murano;"Le Awd At Aa Qc Piel 4x4 Cvt";2010;"250000 km";;GONZALESDANIEL88;14900;;;;;"Punta Carretas";https://auto.mercadolibre.com.uy/MLU-664133062-nissan-murano-2010-le-awd-at-aa-qc-piel-4x4-cvt-_JM;N/A;;"Nissan Murano 2010 Le Awd At Aa Qc Piel 4x4 Cvt";usd;Sí;silver;false;N/A;N/A;http://perfil.mercadolibre.com.uy/GONZALESDANIEL88;active;N/A;N/A;Usado;N/A;N/A;Hidráulica;4x4;Sí;N/A;N/A;N/A;N/A;N/A;N/A;N/A;Sí;N/A;N/A;N/A;N/A;N/A;N/A;N/A;N/A;N/A;N/A;N/A;N/A;N/A;N/A;N/A;N/A;N/A;"3.5 L";N/A;N/A;N/A;N/A;N/A;N/A;N/A;N/A;N/A;N/A;N/A;N/A;N/A;N/A;N/A;N/A;N/A;N/A;N/A;N/A;N/A;N/A;N/A;N/A;N/A;N/A;N/A;N/A;N/A;N/A;N/A;N/A;N/A;N/A;N/A;N/A;N/A;N/A;N/A;N/A;N/A;N/A;N/A;N/A;N/A;N/A;N/A;N/A;N/A;N/A;N/A;N/A;N/A;5;"245 hp";Le;N/A;N/A;N/A;N/A;N/A;N/A;N/A;N/A;N/A;N/A;N/A;N/A;Sí;N/A;N/A;N/A;N/A;N/A;N/A;N/A;N/A;5;3.5;Nafta;Automática;Cabriolet;"Autos y camionetas";N/A;N/A;N/A;N/A;N/A;N/A;UY;N/A;N/A;N/A;N/A;N/A;N/A;N/A;N/A;N/A;N/A;N/A;N/A;N/A;N/A;N/A;N/A;N/A;N/A;N/A;N/A;N/A;N/A;N/A;N/A;N/A;N/A;N/A;N/A;N/A;N/A;N/A;N/A;N/A;N/A;N/A;N/A;N/A;N/A;N/A;N/A;N/A;N/A;N/A;N/A;N/A;N/A;N/A;N/A;N/A;N/A;N/A;N/A;N/A;N/A;N/A;N/A;N/A;N/A;N/A;N/A;N/A;N/A;N/A;N/A;N/A;N/A;N/A;N/A;N/A;N/A;N/A;N/A;N/A;N/A;N/A;N/A;N/A;N/A;N/A;N/A;N/A;N/A;N/A;N/A;N/A;N/A;N/A;N/A;N/A;Sí;N/A;N/A;N/A;N/A;N/A;N/A;N/A;N/A;N/A;N/A;N/A;N/A;N/A;N/A;N/A;N/A;N/A;Sí;N/A;N/A;N/A;N/A;N/A;N/A;N/A
Nissan;Kicks;"1.6 Exclusive At";2018;"87000 km";;JORGE.TUB.AUTOMOTORES;22900;;;;;"Jacinto Vera";https://auto.mercadolibre.com.uy/MLU-655323132-nissan-kciks-exclusive-at--_JM;N/A;;"Nissan Kciks Exclusive  At ¡¡¡¡¡";usd;Sí;silver;false;N/A;N/A;http://perfil.mercadolibre.com.uy/JORGE.TUB.AUTOMOTORES;active;N/A;N/A;Usado;Blanco;N/A;Hidráulica;Delantera;Sí;N/A;N/A;N/A;N/A;N/A;N/A;N/A;Sí;N/A;N/A;N/A;Sí;N/A;N/A;N/A;N/A;N/A;N/A;N/A;N/A;N/A;N/A;N/A;N/A;"2620 mm";"1598 cc";"50 L";N/A;N/A;N/A;N/A;N/A;N/A;N/A;N/A;N/A;N/A;N/A;N/A;N/A;N/A;N/A;N/A;N/A;N/A;N/A;N/A;N/A;N/A;N/A;N/A;N/A;N/A;N/A;N/A;N/A;N/A;N/A;N/A;N/A;N/A;N/A;N/A;N/A;N/A;N/A;N/A;N/A;N/A;N/A;N/A;N/A;N/A;"1590 mm";"4295 mm";N/A;N/A;N/A;N/A;5;"118 hp";Exclusive;N/A;4;"1760 mm";N/A;N/A;N/A;N/A;N/A;N/A;N/A;N/A;N/A;N/A;N/A;N/A;N/A;N/A;N/A;N/A;N/A;N/A;5;1.6;Nafta;Automática;SUV;"Autos y camionetas";N/A;N/A;N/A;N/A;N/A;N/A;UY;N/A;N/A;N/A;N/A;N/A;N/A;N/A;N/A;N/A;N/A;N/A;N/A;N/A;N/A;N/A;N/A;N/A;N/A;N/A;N/A;N/A;N/A;N/A;N/A;N/A;N/A;N/A;N/A;N/A;N/A;N/A;N/A;N/A;N/A;N/A;N/A;N/A;N/A;N/A;N/A;N/A;N/A;N/A;N/A;N/A;N/A;N/A;N/A;N/A;N/A;N/A;N/A;N/A;N/A;N/A;N/A;N/A;N/A;N/A;N/A;N/A;N/A;N/A;N/A;N/A;N/A;N/A;N/A;N/A;N/A;N/A;N/A;N/A;N/A;N/A;N/A;N/A;N/A;N/A;N/A;N/A;N/A;N/A;N/A;N/A;N/A;N/A;N/A;N/A;Sí;N/A;Sí;N/A;N/A;N/A;N/A;N/A;N/A;Sí;N/A;N/A;N/A;N/A;Sí;Sí;Sí;N/A;Sí;N/A;N/A;N/A;N/A;Sí;N/A;Sí
Nissan;NP300;"2.5 Diesel Chasis 4x2 Mt";2013;"210000 km";;SANMARCELO20220704201638;15500;;;;;Sayago;https://auto.mercadolibre.com.uy/MLU-665996294-nissan-np300-2013-25-diesel-chasis-4x2-mt-_JM;N/A;;"Nissan Np300 2013 2.5 Diesel Chasis 4x2 Mt";usd;Sí;silver;false;N/A;N/A;http://perfil.mercadolibre.com.uy/SANMARCELO20220704201638;active;N/A;N/A;Usado;N/A;N/A;Hidráulica;4x2;Sí;N/A;N/A;N/A;N/A;N/A;N/A;N/A;N/A;N/A;N/A;N/A;N/A;N/A;N/A;N/A;N/A;N/A;N/A;N/A;N/A;N/A;N/A;N/A;N/A;"2950 mm";"2.5 L";"75 L";N/A;N/A;N/A;N/A;N/A;N/A;N/A;N/A;N/A;N/A;N/A;N/A;N/A;N/A;N/A;N/A;N/A;N/A;N/A;N/A;N/A;N/A;N/A;N/A;N/A;N/A;N/A;N/A;N/A;N/A;N/A;N/A;N/A;N/A;N/A;N/A;N/A;N/A;N/A;N/A;N/A;N/A;N/A;N/A;N/A;N/A;"1695 mm";"5015 mm";N/A;N/A;N/A;N/A;N/A;N/A;N/A;N/A;N/A;"1825 mm";N/A;N/A;N/A;N/A;N/A;N/A;N/A;N/A;N/A;N/A;N/A;N/A;N/A;N/A;N/A;N/A;N/A;N/A;2;2.5;Diésel;Manual;Pick-Up;"Autos y camionetas";N/A;N/A;N/A;N/A;N/A;N/A;UY;N/A;N/A;N/A;N/A;N/A;N/A;N/A;N/A;N/A;N/A;N/A;N/A;N/A;N/A;N/A;N/A;N/A;N/A;N/A;N/A;N/A;N/A;N/A;N/A;N/A;N/A;N/A;N/A;N/A;N/A;N/A;N/A;N/A;N/A;N/A;N/A;N/A;N/A;N/A;N/A;N/A;N/A;N/A;N/A;N/A;N/A;N/A;N/A;N/A;N/A;N/A;N/A;N/A;N/A;N/A;N/A;N/A;N/A;N/A;N/A;N/A;N/A;N/A;N/A;N/A;N/A;N/A;N/A;N/A;N/A;N/A;N/A;N/A;N/A;N/A;N/A;N/A;N/A;N/A;N/A;N/A;N/A;N/A;N/A;N/A;N/A;N/A;N/A;N/A;Sí;N/A;N/A;N/A;N/A;N/A;N/A;N/A;N/A;N/A;N/A;N/A;N/A;N/A;N/A;N/A;N/A;N/A;Sí;N/A;N/A;N/A;N/A;N/A;N/A;N/A
Nissan;March;"1.6 Advance Mt";2020;"57000 km";;"G.ARISPE AUTOMOTORES";14900;;;;;Prado;https://auto.mercadolibre.com.uy/MLU-665914332-nissan-march-2020-16-advance-mt-_JM;N/A;;"Nissan March 2020 1.6 Advance Mt";usd;Sí;silver;false;N/A;N/A;http://perfil.mercadolibre.com.uy/G.ARISPE+AUTOMOTORES;active;N/A;N/A;Usado;N/A;N/A;Hidráulica;Delantera;Sí;N/A;N/A;N/A;N/A;N/A;N/A;N/A;N/A;N/A;N/A;N/A;N/A;N/A;N/A;N/A;N/A;N/A;N/A;N/A;N/A;N/A;N/A;N/A;N/A;"2450 mm";"1.6 L";"41 L";5;N/A;N/A;N/A;N/A;N/A;N/A;N/A;N/A;N/A;N/A;N/A;N/A;N/A;N/A;N/A;N/A;N/A;N/A;N/A;N/A;N/A;N/A;N/A;N/A;N/A;N/A;N/A;N/A;N/A;N/A;N/A;N/A;N/A;Sí;Sí;N/A;N/A;N/A;N/A;N/A;N/A;N/A;N/A;N/A;N/A;"1532 mm";"3827 mm";N/A;N/A;N/A;N/A;5;"106 hp";Advance;N/A;4;"1665 mm";N/A;N/A;N/A;N/A;N/A;N/A;N/A;Sí;N/A;N/A;N/A;N/A;N/A;N/A;N/A;N/A;N/A;N/A;5;1.6;Nafta;Manual;Hatchback;"Autos y camionetas";N/A;N/A;N/A;N/A;N/A;N/A;UY;N/A;N/A;N/A;N/A;N/A;N/A;N/A;N/A;N/A;N/A;N/A;N/A;N/A;N/A;N/A;N/A;N/A;N/A;N/A;N/A;N/A;N/A;N/A;N/A;N/A;N/A;N/A;N/A;N/A;N/A;N/A;N/A;N/A;N/A;N/A;N/A;N/A;N/A;N/A;N/A;N/A;N/A;N/A;N/A;N/A;N/A;N/A;N/A;N/A;N/A;N/A;N/A;N/A;N/A;N/A;N/A;N/A;N/A;N/A;N/A;N/A;N/A;N/A;N/A;N/A;N/A;N/A;N/A;N/A;N/A;N/A;N/A;N/A;N/A;N/A;N/A;N/A;N/A;N/A;N/A;N/A;N/A;N/A;N/A;N/A;N/A;N/A;N/A;N/A;Sí;N/A;Sí;N/A;N/A;N/A;N/A;Sí;N/A;Sí;N/A;N/A;N/A;N/A;N/A;N/A;Sí;N/A;Sí;N/A;N/A;N/A;N/A;Sí;N/A;Sí
Nissan;Note;"1.6 Advance At";2019;"72000 km";;"LUISMOREIRA AUTOMOVILES";17000;;;;;"San José de Mayo";https://auto.mercadolibre.com.uy/MLU-635108993-nissan-note-2019-16-advance-at-_JM;N/A;;"Nissan Note 2019 1.6 Advance At";usd;Sí;silver;false;N/A;N/A;http://perfil.mercadolibre.com.uy/LUISMOREIRA+AUTOMOVILES;active;N/A;N/A;Usado;Blanco;Sí;Hidráulica;Delantera;Sí;Sí;N/A;N/A;N/A;N/A;N/A;N/A;N/A;N/A;N/A;N/A;Sí;N/A;N/A;N/A;N/A;N/A;N/A;N/A;N/A;N/A;N/A;N/A;N/A;"2600 mm";"1.6 L";"41 L";N/A;N/A;N/A;N/A;N/A;N/A;N/A;N/A;N/A;N/A;N/A;N/A;N/A;N/A;N/A;N/A;N/A;N/A;N/A;N/A;N/A;N/A;N/A;N/A;N/A;N/A;N/A;N/A;N/A;N/A;N/A;N/A;N/A;N/A;Sí;Sí;N/A;N/A;N/A;N/A;N/A;N/A;N/A;N/A;N/A;N/A;"1535 mm";"4150 mm";N/A;N/A;N/A;N/A;5;"109 hp";Advance;N/A;4;N/A;N/A;N/A;N/A;N/A;N/A;N/A;N/A;Sí;N/A;N/A;N/A;N/A;N/A;N/A;N/A;N/A;Sí;N/A;5;1.6;Nafta;Automática;Hatchback;"Autos y camionetas";N/A;N/A;N/A;N/A;N/A;N/A;UY;N/A;Sí;N/A;N/A;N/A;N/A;N/A;N/A;N/A;N/A;N/A;N/A;N/A;N/A;N/A;N/A;N/A;Sí;N/A;N/A;N/A;N/A;N/A;N/A;N/A;N/A;N/A;N/A;N/A;N/A;N/A;N/A;N/A;N/A;N/A;N/A;N/A;N/A;N/A;N/A;N/A;N/A;N/A;N/A;N/A;N/A;N/A;N/A;N/A;N/A;N/A;N/A;N/A;N/A;N/A;N/A;N/A;N/A;N/A;N/A;N/A;N/A;N/A;N/A;N/A;N/A;N/A;N/A;N/A;N/A;N/A;N/A;N/A;N/A;N/A;N/A;N/A;N/A;N/A;N/A;N/A;N/A;N/A;N/A;N/A;N/A;N/A;N/A;N/A;Sí;N/A;Sí;N/A;N/A;N/A;N/A;Sí;N/A;Sí;Sí;N/A;Sí;N/A;N/A;N/A;Sí;Sí;Sí;N/A;Sí;N/A;N/A;Sí;N/A;Sí
Nissan;"NP300 Frontier";"2.5 Se Doble Cabina";2020;"109000 km";;"DANOTIL SA";21990;;;;;"Parque Batlle";https://auto.mercadolibre.com.uy/MLU-665161326-nissan-np300-frontier-2020-25-se-doble-cabina-_JM;N/A;;"Nissan Np300 Frontier 2020 2.5 Se Doble Cabina";usd;Sí;silver;false;N/A;N/A;http://perfil.mercadolibre.com.uy/DANOTIL+SA;active;N/A;N/A;Usado;N/A;N/A;Hidráulica;4x2;Sí;N/A;N/A;N/A;N/A;N/A;N/A;N/A;N/A;N/A;N/A;N/A;N/A;N/A;N/A;N/A;N/A;N/A;N/A;N/A;N/A;N/A;N/A;N/A;N/A;"3150 mm";"2.5 L";"80 L";6;N/A;N/A;N/A;N/A;N/A;N/A;N/A;N/A;N/A;N/A;N/A;N/A;N/A;N/A;N/A;N/A;N/A;N/A;N/A;N/A;N/A;N/A;N/A;N/A;N/A;N/A;N/A;N/A;N/A;N/A;N/A;N/A;N/A;Sí;Sí;N/A;N/A;N/A;N/A;N/A;N/A;N/A;N/A;N/A;N/A;"1860 mm";"5258 mm";N/A;N/A;N/A;N/A;N/A;"120 hp";Se;N/A;4;"1850 mm";N/A;N/A;N/A;N/A;N/A;N/A;N/A;N/A;N/A;N/A;N/A;N/A;N/A;N/A;N/A;N/A;N/A;N/A;4;2.5;Diésel;Manual;Pick-Up;"Autos y camionetas";N/A;N/A;N/A;N/A;N/A;N/A;UY;N/A;N/A;N/A;N/A;N/A;N/A;N/A;N/A;N/A;N/A;N/A;N/A;N/A;N/A;N/A;N/A;N/A;N/A;N/A;N/A;N/A;N/A;N/A;N/A;N/A;N/A;N/A;N/A;N/A;N/A;N/A;N/A;N/A;N/A;N/A;N/A;N/A;N/A;N/A;N/A;N/A;N/A;N/A;N/A;N/A;N/A;N/A;N/A;N/A;N/A;N/A;N/A;N/A;N/A;N/A;N/A;N/A;N/A;N/A;N/A;N/A;N/A;N/A;N/A;N/A;N/A;N/A;N/A;N/A;N/A;N/A;N/A;N/A;N/A;N/A;N/A;N/A;N/A;N/A;N/A;N/A;N/A;N/A;N/A;N/A;N/A;N/A;N/A;N/A;Sí;N/A;N/A;N/A;N/A;N/A;N/A;N/A;N/A;Sí;N/A;N/A;N/A;N/A;N/A;N/A;N/A;N/A;Sí;N/A;N/A;N/A;N/A;N/A;N/A;N/A
Nissan;Frontier;"Nissan Frontier 2.4";2012;"190000 km";;ADELEON7978;12400;;;;;Pando;https://auto.mercadolibre.com.uy/MLU-664823260-nissan-frontier-4x4-nafta-en-excelente-estado-_JM;N/A;;"Nissan Frontier  4x4 Nafta En Excelente Estado!! ";USD;Sí;silver;false;N/A;N/A;http://perfil.mercadolibre.com.uy/ADELEON7978;active;N/A;N/A;Usado;Azul;N/A;Eléctrica;Integral;N/A;N/A;N/A;N/A;N/A;N/A;N/A;N/A;N/A;N/A;N/A;N/A;N/A;N/A;N/A;N/A;N/A;N/A;N/A;N/A;N/A;N/A;N/A;N/A;N/A;N/A;N/A;N/A;N/A;N/A;N/A;N/A;N/A;N/A;N/A;N/A;N/A;N/A;N/A;N/A;N/A;N/A;N/A;N/A;N/A;N/A;N/A;N/A;N/A;N/A;N/A;N/A;N/A;N/A;N/A;N/A;N/A;N/A;N/A;N/A;N/A;N/A;N/A;N/A;N/A;N/A;N/A;N/A;N/A;N/A;N/A;N/A;N/A;N/A;N/A;N/A;N/A;N/A;N/A;N/A;N/A;N/A;N/A;N/A;N/A;N/A;N/A;No;N/A;N/A;N/A;N/A;No;No;N/A;N/A;N/A;N/A;N/A;N/A;N/A;N/A;N/A;N/A;4;N/A;Nafta;Manual;Pick-Up;"Autos y camionetas";N/A;N/A;N/A;N/A;N/A;N/A;N/A;N/A;N/A;N/A;N/A;N/A;N/A;N/A;N/A;N/A;N/A;N/A;N/A;N/A;N/A;N/A;N/A;N/A;N/A;N/A;N/A;N/A;N/A;N/A;N/A;N/A;N/A;N/A;N/A;N/A;N/A;N/A;N/A;N/A;N/A;N/A;N/A;N/A;N/A;N/A;N/A;N/A;N/A;N/A;N/A;N/A;N/A;N/A;N/A;N/A;N/A;N/A;N/A;N/A;N/A;N/A;N/A;N/A;N/A;N/A;N/A;N/A;N/A;N/A;N/A;N/A;N/A;N/A;N/A;N/A;N/A;N/A;N/A;N/A;N/A;N/A;N/A;N/A;N/A;N/A;N/A;N/A;N/A;N/A;N/A;N/A;N/A;N/A;N/A;N/A;N/A;N/A;N/A;N/A;N/A;N/A;N/A;N/A;N/A;N/A;N/A;N/A;N/A;N/A;N/A;N/A;N/A;N/A;N/A;N/A;N/A;N/A;N/A;N/A;N/A;N/A
Nissan;Note;"Advance Mt";2015;"120000 km";;MATHIASETCHEVERRY22;12900;;;;;Pocitos;https://auto.mercadolibre.com.uy/MLU-664590836-nissan-note-advance-mt-_JM;N/A;;"Nissan Note Advance Mt";usd;Sí;silver;false;N/A;N/A;http://perfil.mercadolibre.com.uy/MATHIASETCHEVERRY22;active;N/A;N/A;Usado;N/A;N/A;Hidráulica;Delantera;Sí;N/A;N/A;N/A;N/A;N/A;N/A;N/A;N/A;N/A;N/A;N/A;N/A;N/A;N/A;N/A;N/A;N/A;N/A;N/A;N/A;N/A;N/A;N/A;N/A;"2600 mm";"1.6 L";"41 L";N/A;N/A;N/A;N/A;N/A;N/A;N/A;N/A;N/A;N/A;N/A;N/A;N/A;N/A;N/A;N/A;N/A;N/A;N/A;N/A;N/A;N/A;N/A;N/A;N/A;N/A;N/A;N/A;N/A;N/A;N/A;N/A;N/A;N/A;N/A;N/A;N/A;N/A;N/A;N/A;N/A;N/A;N/A;N/A;N/A;N/A;"1537 mm";"4142 mm";N/A;N/A;N/A;N/A;5;"109 hp";Advance;N/A;N/A;N/A;N/A;N/A;N/A;N/A;N/A;N/A;N/A;N/A;N/A;N/A;N/A;N/A;N/A;N/A;N/A;N/A;N/A;N/A;5;1.6;Nafta;Automática;Hatchback;"Autos y camionetas";N/A;N/A;N/A;N/A;N/A;N/A;UY;N/A;N/A;N/A;N/A;N/A;N/A;N/A;N/A;N/A;N/A;N/A;N/A;N/A;N/A;N/A;N/A;N/A;N/A;N/A;N/A;N/A;N/A;N/A;N/A;N/A;N/A;N/A;N/A;N/A;N/A;N/A;N/A;N/A;N/A;N/A;N/A;N/A;N/A;N/A;N/A;N/A;N/A;N/A;N/A;N/A;N/A;N/A;N/A;N/A;N/A;N/A;N/A;N/A;N/A;N/A;N/A;N/A;N/A;N/A;N/A;N/A;N/A;N/A;N/A;N/A;N/A;N/A;N/A;N/A;N/A;N/A;N/A;N/A;N/A;N/A;N/A;N/A;N/A;N/A;N/A;N/A;N/A;N/A;N/A;N/A;N/A;N/A;N/A;N/A;Sí;N/A;N/A;N/A;N/A;N/A;N/A;N/A;N/A;N/A;N/A;N/A;N/A;N/A;N/A;N/A;N/A;N/A;Sí;N/A;N/A;N/A;N/A;N/A;N/A;N/A
Nissan;Sentra;"1.8 Advance At";2023;"0 km";;"BRAVO AUTOMOVILES";34500;;;;;Trinidad;https://auto.mercadolibre.com.uy/MLU-663197434-nissan-sentra-2023-18-advance-at-_JM;N/A;;"Nissan Sentra 2023 1.8 Advance At";usd;Sí;silver;false;N/A;N/A;http://perfil.mercadolibre.com.uy/BRAVO+AUTOMOVILES;active;N/A;N/A;Nuevo;N/A;N/A;Hidráulica;Delantera;Sí;N/A;N/A;N/A;N/A;N/A;N/A;N/A;N/A;N/A;N/A;N/A;N/A;N/A;N/A;N/A;N/A;N/A;N/A;N/A;N/A;N/A;N/A;N/A;N/A;"2700 mm";"1.8 L";"52 L";N/A;N/A;N/A;N/A;N/A;N/A;N/A;N/A;N/A;N/A;N/A;N/A;N/A;N/A;N/A;N/A;N/A;N/A;N/A;N/A;N/A;N/A;N/A;N/A;N/A;N/A;N/A;N/A;N/A;N/A;N/A;N/A;N/A;N/A;Sí;Sí;N/A;N/A;N/A;N/A;N/A;N/A;N/A;N/A;N/A;N/A;"1505 mm";"4636 mm";N/A;N/A;N/A;N/A;5;"129 hp";Advance;N/A;4;"1761 mm";N/A;N/A;N/A;N/A;N/A;N/A;N/A;Sí;N/A;N/A;N/A;N/A;N/A;N/A;N/A;N/A;N/A;N/A;4;1.8;Nafta;Automática;Sedán;"Autos y camionetas";N/A;N/A;N/A;N/A;N/A;N/A;UY;N/A;N/A;N/A;N/A;N/A;N/A;N/A;N/A;N/A;N/A;N/A;N/A;N/A;N/A;N/A;N/A;N/A;N/A;N/A;N/A;N/A;N/A;N/A;N/A;N/A;N/A;N/A;N/A;N/A;N/A;N/A;N/A;N/A;N/A;N/A;N/A;N/A;N/A;N/A;N/A;N/A;N/A;N/A;N/A;N/A;N/A;N/A;N/A;N/A;N/A;N/A;N/A;N/A;N/A;N/A;N/A;N/A;N/A;N/A;N/A;N/A;N/A;N/A;N/A;N/A;N/A;N/A;N/A;N/A;N/A;N/A;N/A;N/A;N/A;N/A;N/A;N/A;N/A;N/A;N/A;N/A;N/A;N/A;N/A;N/A;N/A;N/A;N/A;N/A;Sí;N/A;Sí;N/A;N/A;N/A;N/A;Sí;N/A;Sí;N/A;N/A;N/A;N/A;N/A;N/A;Sí;N/A;Sí;N/A;N/A;N/A;N/A;Sí;N/A;Sí
Nissan;Kicks;"1.6 Exclusive At";2022;"20000 km";;"PEREIRA AUTOMOVILES";30990;;;;;Centro;https://auto.mercadolibre.com.uy/MLU-662497440-nissan-kicks-exclusive-cvt-tope-de-gama-en-garantia--_JM;N/A;;"Nissan Kicks Exclusive Cvt Tope De Gama !!! En Garantia !!!";usd;Sí;silver;false;N/A;N/A;http://perfil.mercadolibre.com.uy/PEREIRA+AUTOMOVILES;active;N/A;N/A;Usado;Naranja;Sí;Hidráulica;Delantera;Sí;Sí;N/A;N/A;N/A;Sí;N/A;N/A;Sí;N/A;N/A;Sí;Sí;N/A;Sí;N/A;N/A;N/A;N/A;N/A;N/A;N/A;N/A;N/A;N/A;"2620 mm";"1.6 L";"50 L";N/A;N/A;N/A;N/A;N/A;N/A;Sí;N/A;N/A;N/A;N/A;N/A;N/A;N/A;N/A;N/A;N/A;N/A;N/A;N/A;N/A;N/A;N/A;N/A;N/A;N/A;N/A;N/A;N/A;N/A;N/A;N/A;N/A;N/A;Sí;Sí;N/A;N/A;Sí;N/A;N/A;N/A;N/A;N/A;N/A;N/A;"1590 mm";"4295 mm";N/A;N/A;N/A;N/A;5;"118 hp";Exclusive;N/A;4;"1760 mm";N/A;Sí;N/A;Sí;Sí;N/A;Sí;Sí;N/A;N/A;N/A;N/A;N/A;N/A;N/A;N/A;Sí;"9 30 a 18 30";5;1.6;Nafta;Automática;SUV;"Autos y camionetas";N/A;N/A;N/A;N/A;N/A;N/A;UY;N/A;Sí;N/A;N/A;N/A;N/A;N/A;N/A;N/A;N/A;N/A;N/A;N/A;N/A;N/A;N/A;N/A;Sí;N/A;N/A;N/A;N/A;N/A;N/A;N/A;N/A;N/A;N/A;N/A;N/A;N/A;N/A;N/A;N/A;N/A;N/A;Sí;N/A;N/A;N/A;N/A;N/A;N/A;N/A;N/A;N/A;N/A;N/A;N/A;N/A;N/A;N/A;N/A;N/A;N/A;N/A;N/A;N/A;N/A;N/A;N/A;N/A;N/A;N/A;N/A;N/A;N/A;N/A;N/A;N/A;N/A;N/A;N/A;N/A;N/A;N/A;N/A;N/A;N/A;N/A;N/A;N/A;N/A;N/A;N/A;N/A;N/A;N/A;N/A;Sí;Sí;Sí;N/A;Sí;N/A;N/A;N/A;N/A;Sí;Sí;Sí;Sí;N/A;N/A;Sí;Sí;Sí;Sí;Sí;Sí;N/A;Sí;Sí;N/A;Sí
Nissan;Kicks;"1.6 Exclusive At";2018;"47000 km";;"AUTOMOTORA AUTOBOULEVARD.";21490;;;;;"Tres Cruces";https://auto.mercadolibre.com.uy/MLU-661445086-nissan-kicks-exclusive-at-_JM;N/A;;"_nissan Kicks Exclusive At ";usd;Sí;silver;false;N/A;N/A;http://perfil.mercadolibre.com.uy/AUTOMOTORA+AUTOBOULEVARD.;active;N/A;N/A;Usado;Plateado;N/A;Hidráulica;Delantera;Sí;N/A;N/A;N/A;N/A;N/A;N/A;N/A;Sí;N/A;N/A;N/A;N/A;N/A;N/A;N/A;N/A;N/A;N/A;N/A;N/A;N/A;N/A;N/A;N/A;"2620 mm";"1.6 L";"50 L";N/A;N/A;N/A;N/A;N/A;N/A;N/A;N/A;N/A;N/A;N/A;N/A;N/A;N/A;N/A;N/A;N/A;N/A;N/A;N/A;N/A;N/A;N/A;N/A;N/A;N/A;N/A;N/A;N/A;N/A;N/A;N/A;N/A;N/A;Sí;Sí;N/A;N/A;Sí;N/A;N/A;N/A;N/A;N/A;N/A;N/A;"1590 mm";"4295 mm";N/A;N/A;N/A;N/A;5;"118 hp";Exclusive;N/A;4;"1760 mm";N/A;N/A;N/A;N/A;N/A;N/A;N/A;N/A;N/A;N/A;N/A;N/A;N/A;N/A;N/A;N/A;N/A;"LAV 9 A 19 HS";5;1.6;Nafta;Automática;SUV;"Autos y camionetas";N/A;N/A;N/A;N/A;N/A;N/A;UY;N/A;N/A;N/A;N/A;N/A;N/A;N/A;N/A;N/A;N/A;N/A;N/A;N/A;N/A;N/A;N/A;N/A;N/A;N/A;N/A;N/A;N/A;N/A;N/A;N/A;N/A;N/A;N/A;N/A;N/A;N/A;N/A;N/A;N/A;N/A;N/A;N/A;N/A;N/A;N/A;N/A;N/A;N/A;N/A;N/A;N/A;N/A;N/A;N/A;N/A;N/A;N/A;N/A;N/A;N/A;N/A;N/A;N/A;N/A;N/A;N/A;N/A;N/A;N/A;N/A;N/A;N/A;N/A;N/A;N/A;N/A;N/A;N/A;N/A;N/A;N/A;N/A;N/A;N/A;N/A;N/A;N/A;N/A;N/A;N/A;N/A;N/A;N/A;N/A;Sí;N/A;Sí;N/A;N/A;N/A;N/A;N/A;N/A;Sí;N/A;N/A;N/A;N/A;N/A;Sí;Sí;N/A;Sí;N/A;N/A;N/A;N/A;Sí;N/A;Sí
Nissan;Murano;"Sl At Ee Aa Piel Qc 2wd Cvt";2012;"160000 km";;AUTOVENTASAUTOMOTORA;18900;;;;;Pocitos;https://auto.mercadolibre.com.uy/MLU-661482432-nissan-murano-2012-sl-piel-4wd-_JM;N/A;;"Nissan Murano 2012 Sl Piel 4wd ";usd;Sí;silver;false;N/A;N/A;http://perfil.mercadolibre.com.uy/AUTOVENTASAUTOMOTORA;active;N/A;N/A;Usado;Negro;N/A;Hidráulica;4x2;Sí;Sí;Sí;N/A;N/A;N/A;N/A;N/A;Sí;N/A;N/A;Sí;Sí;N/A;N/A;N/A;N/A;N/A;N/A;N/A;N/A;N/A;N/A;N/A;N/A;N/A;"3.5 L";N/A;N/A;N/A;N/A;N/A;N/A;N/A;N/A;N/A;N/A;N/A;N/A;N/A;N/A;N/A;N/A;N/A;N/A;N/A;N/A;N/A;N/A;N/A;N/A;N/A;N/A;N/A;N/A;N/A;N/A;N/A;N/A;N/A;N/A;N/A;N/A;N/A;N/A;N/A;N/A;N/A;N/A;N/A;N/A;N/A;N/A;N/A;N/A;N/A;N/A;N/A;N/A;N/A;5;"245 hp";Sl;N/A;N/A;N/A;N/A;N/A;N/A;Sí;Sí;N/A;N/A;N/A;N/A;Sí;N/A;N/A;N/A;N/A;N/A;N/A;N/A;"10 A 12.30 Y 14.30 A 18.30";5;3.5;Nafta;Automática;Cabriolet;"Autos y camionetas";N/A;N/A;N/A;N/A;N/A;N/A;UY;N/A;N/A;N/A;N/A;N/A;N/A;N/A;N/A;N/A;N/A;N/A;N/A;N/A;N/A;N/A;N/A;N/A;Sí;N/A;N/A;N/A;N/A;N/A;N/A;N/A;N/A;N/A;N/A;N/A;N/A;N/A;N/A;N/A;N/A;N/A;N/A;N/A;N/A;N/A;N/A;N/A;N/A;N/A;N/A;N/A;N/A;N/A;N/A;N/A;N/A;N/A;N/A;N/A;N/A;N/A;N/A;N/A;N/A;N/A;N/A;N/A;N/A;N/A;N/A;N/A;N/A;N/A;N/A;N/A;N/A;N/A;N/A;N/A;N/A;N/A;N/A;N/A;N/A;N/A;N/A;N/A;N/A;N/A;N/A;N/A;N/A;N/A;N/A;N/A;Sí;Sí;N/A;N/A;Sí;N/A;N/A;N/A;N/A;Sí;N/A;Sí;Sí;N/A;N/A;N/A;N/A;Sí;Sí;N/A;N/A;N/A;N/A;N/A;N/A;N/A
Nissan;Sentra;"EXCLUSIVE 2.0";2023;"0 km";;NISSANPDE;37990;;;;;"Punta del Este";https://auto.mercadolibre.com.uy/MLU-661182240-nissan-new-b18-exclusive-_JM;N/A;;"Nissan New B18 Exclusive";USD;Sí;silver;false;N/A;N/A;http://perfil.mercadolibre.com.uy/NISSANPDE;active;N/A;N/A;Nuevo;Gris;N/A;Hidráulica;Integral;N/A;N/A;N/A;N/A;N/A;N/A;N/A;N/A;N/A;N/A;N/A;N/A;N/A;N/A;N/A;N/A;N/A;N/A;N/A;N/A;N/A;N/A;N/A;N/A;N/A;N/A;N/A;N/A;N/A;N/A;N/A;N/A;N/A;N/A;N/A;N/A;N/A;N/A;N/A;N/A;N/A;N/A;N/A;N/A;N/A;N/A;N/A;N/A;N/A;N/A;N/A;N/A;N/A;N/A;N/A;N/A;N/A;N/A;N/A;N/A;N/A;N/A;N/A;N/A;N/A;N/A;N/A;N/A;N/A;N/A;N/A;N/A;N/A;N/A;N/A;N/A;N/A;N/A;N/A;N/A;N/A;N/A;N/A;N/A;N/A;N/A;N/A;N/A;N/A;N/A;N/A;N/A;N/A;N/A;N/A;N/A;N/A;N/A;N/A;N/A;N/A;N/A;N/A;"Lunes a Viernes 09.00 a 13.00 y 14.30 a 18.00 hs";4;2.0;Nafta;Automática;Sedán;"Autos y camionetas";N/A;N/A;N/A;N/A;N/A;N/A;N/A;N/A;N/A;N/A;N/A;N/A;N/A;N/A;N/A;N/A;N/A;N/A;N/A;N/A;N/A;N/A;N/A;N/A;N/A;N/A;N/A;N/A;N/A;N/A;N/A;N/A;N/A;N/A;N/A;N/A;N/A;N/A;N/A;N/A;N/A;N/A;N/A;N/A;N/A;N/A;N/A;N/A;N/A;N/A;N/A;N/A;N/A;N/A;N/A;N/A;N/A;N/A;N/A;N/A;N/A;N/A;N/A;N/A;N/A;N/A;N/A;N/A;N/A;N/A;N/A;N/A;N/A;N/A;N/A;N/A;N/A;N/A;N/A;N/A;N/A;N/A;N/A;N/A;N/A;N/A;N/A;N/A;N/A;N/A;N/A;N/A;N/A;N/A;N/A;N/A;N/A;N/A;N/A;N/A;N/A;N/A;N/A;N/A;N/A;N/A;N/A;N/A;N/A;N/A;N/A;N/A;N/A;N/A;N/A;N/A;N/A;N/A;N/A;N/A;N/A;N/A
Nissan;Frontier;"Diesel 4X4";2011;"290000 km";;"BRAVO AUTOMOVILES";22800;;;;;Trinidad;https://auto.mercadolibre.com.uy/MLU-634289661-nissan-frontier-diesel-4x4-_JM;N/A;;"Nissan Frontier Diesel 4x4";USD;Sí;silver;false;N/A;N/A;http://perfil.mercadolibre.com.uy/BRAVO+AUTOMOVILES;active;N/A;N/A;Usado;N/A;N/A;N/A;N/A;N/A;N/A;N/A;N/A;N/A;N/A;N/A;N/A;N/A;N/A;N/A;N/A;N/A;N/A;N/A;N/A;N/A;N/A;N/A;N/A;N/A;N/A;N/A;N/A;N/A;N/A;N/A;N/A;N/A;N/A;N/A;N/A;N/A;N/A;N/A;N/A;N/A;N/A;N/A;N/A;N/A;N/A;N/A;N/A;N/A;N/A;N/A;N/A;N/A;N/A;N/A;N/A;N/A;N/A;N/A;N/A;N/A;N/A;N/A;N/A;N/A;N/A;N/A;N/A;N/A;N/A;N/A;N/A;N/A;N/A;N/A;N/A;N/A;N/A;N/A;N/A;N/A;N/A;N/A;N/A;N/A;N/A;N/A;N/A;N/A;N/A;N/A;N/A;N/A;N/A;N/A;N/A;N/A;N/A;N/A;N/A;N/A;N/A;N/A;N/A;N/A;N/A;N/A;N/A;2;N/A;Diésel;N/A;N/A;"Autos y camionetas";N/A;N/A;N/A;N/A;N/A;N/A;N/A;N/A;N/A;N/A;N/A;N/A;N/A;N/A;N/A;N/A;N/A;N/A;N/A;N/A;N/A;N/A;N/A;N/A;N/A;N/A;N/A;N/A;N/A;N/A;N/A;N/A;N/A;N/A;N/A;N/A;N/A;N/A;N/A;N/A;N/A;N/A;N/A;N/A;N/A;N/A;N/A;N/A;N/A;N/A;N/A;N/A;N/A;N/A;N/A;N/A;N/A;N/A;N/A;N/A;N/A;N/A;N/A;N/A;N/A;N/A;N/A;N/A;N/A;N/A;N/A;N/A;N/A;N/A;N/A;N/A;N/A;N/A;N/A;N/A;N/A;N/A;N/A;N/A;N/A;N/A;N/A;N/A;N/A;N/A;N/A;N/A;N/A;N/A;N/A;N/A;N/A;N/A;N/A;N/A;N/A;N/A;N/A;N/A;N/A;N/A;N/A;N/A;N/A;N/A;N/A;N/A;N/A;N/A;N/A;N/A;N/A;N/A;N/A;N/A;N/A;N/A
Nissan;Versa;Full;2017;"87000 km";;"AUTOMOTORA DRIVERS";14200;;;;;Centro;https://auto.mercadolibre.com.uy/MLU-659687302-nissan-versa-aut-full-2017-us-14200-dta-iva-permutas-_JM;N/A;;"Nissan Versa Aut Full 2017 U$s 14200 Dta Iva Permutas ";USD;Sí;silver;false;N/A;N/A;http://perfil.mercadolibre.com.uy/AUTOMOTORA+DRIVERS;active;N/A;N/A;Usado;Plateado;N/A;Hidráulica;Delantera;Sí;Sí;N/A;N/A;N/A;N/A;N/A;N/A;N/A;N/A;N/A;N/A;Sí;N/A;N/A;N/A;N/A;N/A;N/A;N/A;N/A;N/A;N/A;N/A;N/A;N/A;N/A;N/A;N/A;N/A;N/A;N/A;N/A;N/A;N/A;N/A;N/A;N/A;N/A;N/A;N/A;N/A;N/A;N/A;N/A;N/A;N/A;N/A;N/A;N/A;N/A;N/A;N/A;N/A;N/A;N/A;N/A;N/A;N/A;N/A;N/A;N/A;N/A;N/A;N/A;N/A;N/A;N/A;N/A;N/A;N/A;N/A;N/A;N/A;N/A;N/A;N/A;N/A;N/A;N/A;N/A;N/A;N/A;N/A;N/A;N/A;N/A;N/A;N/A;N/A;Sí;N/A;Sí;Sí;N/A;N/A;N/A;N/A;N/A;N/A;N/A;N/A;N/A;"LUNES A VIERNES DE 10 A 18 HRS";4;1.6;Nafta;Manual;Sedán;"Autos y camionetas";N/A;N/A;N/A;N/A;N/A;N/A;N/A;N/A;Sí;N/A;N/A;N/A;N/A;N/A;N/A;N/A;N/A;N/A;N/A;N/A;N/A;N/A;N/A;N/A;N/A;N/A;N/A;N/A;N/A;N/A;N/A;N/A;N/A;N/A;N/A;N/A;N/A;N/A;N/A;N/A;N/A;N/A;N/A;N/A;N/A;N/A;N/A;N/A;N/A;N/A;N/A;N/A;N/A;N/A;N/A;N/A;N/A;N/A;N/A;N/A;N/A;N/A;N/A;N/A;N/A;N/A;N/A;N/A;N/A;N/A;N/A;N/A;N/A;N/A;N/A;N/A;N/A;N/A;N/A;N/A;N/A;N/A;N/A;N/A;N/A;N/A;N/A;N/A;N/A;N/A;N/A;N/A;N/A;N/A;N/A;N/A;Sí;N/A;N/A;N/A;N/A;N/A;N/A;N/A;N/A;Sí;N/A;Sí;Sí;N/A;N/A;Sí;Sí;Sí;Sí;Sí;Sí;N/A;N/A;N/A;N/A;Sí
Nissan;March;"1.6 2015";2015;"105000 km";;JAVIERGAIONE2014;12600;;;;;Libertad;https://auto.mercadolibre.com.uy/MLU-659478530-nissan-march-16-2015-_JM;N/A;;"Nissan March 1.6 2015";USD;Sí;silver;false;N/A;N/A;http://perfil.mercadolibre.com.uy/JAVIERGAIONE2014;active;N/A;N/A;Usado;N/A;N/A;N/A;N/A;N/A;N/A;N/A;N/A;N/A;N/A;N/A;N/A;N/A;N/A;N/A;N/A;N/A;N/A;N/A;N/A;N/A;N/A;N/A;N/A;N/A;N/A;N/A;N/A;N/A;N/A;N/A;N/A;N/A;N/A;N/A;N/A;N/A;N/A;N/A;N/A;N/A;N/A;N/A;N/A;N/A;N/A;N/A;N/A;N/A;N/A;N/A;N/A;N/A;N/A;N/A;N/A;N/A;N/A;N/A;N/A;N/A;N/A;N/A;N/A;N/A;N/A;N/A;N/A;N/A;N/A;N/A;N/A;N/A;N/A;N/A;N/A;N/A;N/A;N/A;N/A;N/A;N/A;N/A;N/A;N/A;N/A;N/A;N/A;N/A;N/A;N/A;N/A;N/A;N/A;N/A;N/A;N/A;N/A;N/A;N/A;N/A;N/A;N/A;N/A;N/A;N/A;N/A;N/A;5;N/A;Nafta;N/A;N/A;"Autos y camionetas";N/A;N/A;N/A;N/A;N/A;N/A;N/A;N/A;N/A;N/A;N/A;N/A;N/A;N/A;N/A;N/A;N/A;N/A;N/A;N/A;N/A;N/A;N/A;N/A;N/A;N/A;N/A;N/A;N/A;N/A;N/A;N/A;N/A;N/A;N/A;N/A;N/A;N/A;N/A;N/A;N/A;N/A;N/A;N/A;N/A;N/A;N/A;N/A;N/A;N/A;N/A;N/A;N/A;N/A;N/A;N/A;N/A;N/A;N/A;N/A;N/A;N/A;N/A;N/A;N/A;N/A;N/A;N/A;N/A;N/A;N/A;N/A;N/A;N/A;N/A;N/A;N/A;N/A;N/A;N/A;N/A;N/A;N/A;N/A;N/A;N/A;N/A;N/A;N/A;N/A;N/A;N/A;N/A;N/A;N/A;N/A;N/A;N/A;N/A;N/A;N/A;N/A;N/A;N/A;N/A;N/A;N/A;N/A;N/A;N/A;N/A;N/A;N/A;N/A;N/A;N/A;N/A;N/A;N/A;N/A;N/A;N/A
Nissan;Frontier;"SE 4X2 DIESEL";2020;"223000 km";;"AUTOMOTORA DRIVERS";30000;;;;;Centro;https://auto.mercadolibre.com.uy/MLU-656792520-nissan-frontier-se-2020-4x2-diesel-25-us-30000-dta-iva-pta-_JM;N/A;;"Nissan Frontier Se 2020 4x2 Diesel 2.5 U$s 30000 Dta Iva Pta";USD;Sí;silver;false;N/A;N/A;http://perfil.mercadolibre.com.uy/AUTOMOTORA+DRIVERS;active;N/A;N/A;Usado;Plateado;N/A;Hidráulica;Delantera;Sí;Sí;N/A;N/A;N/A;N/A;N/A;N/A;N/A;N/A;N/A;N/A;Sí;N/A;N/A;N/A;N/A;N/A;N/A;N/A;N/A;N/A;N/A;N/A;N/A;N/A;N/A;N/A;N/A;N/A;N/A;N/A;N/A;N/A;N/A;N/A;N/A;N/A;N/A;N/A;N/A;N/A;N/A;N/A;N/A;N/A;N/A;N/A;N/A;N/A;N/A;N/A;N/A;N/A;N/A;N/A;N/A;N/A;N/A;N/A;N/A;N/A;N/A;N/A;N/A;N/A;N/A;N/A;N/A;N/A;N/A;N/A;N/A;N/A;N/A;N/A;N/A;N/A;N/A;N/A;N/A;N/A;N/A;N/A;N/A;N/A;N/A;N/A;N/A;N/A;Sí;N/A;Sí;Sí;N/A;N/A;N/A;N/A;N/A;N/A;N/A;N/A;N/A;"LUNES A VIERNES DE 10 A 18 HRS";4;2.5;Diésel;Manual;N/A;"Autos y camionetas";N/A;N/A;N/A;N/A;N/A;N/A;N/A;N/A;Sí;N/A;N/A;N/A;N/A;N/A;N/A;N/A;N/A;N/A;N/A;N/A;N/A;N/A;N/A;N/A;N/A;N/A;N/A;N/A;N/A;N/A;N/A;N/A;N/A;N/A;N/A;N/A;N/A;N/A;N/A;N/A;N/A;N/A;N/A;N/A;N/A;N/A;N/A;N/A;N/A;N/A;N/A;N/A;N/A;N/A;N/A;N/A;N/A;N/A;N/A;N/A;N/A;N/A;N/A;N/A;N/A;N/A;N/A;N/A;N/A;N/A;N/A;N/A;N/A;N/A;N/A;N/A;N/A;N/A;N/A;N/A;N/A;N/A;N/A;N/A;N/A;N/A;N/A;N/A;N/A;N/A;N/A;N/A;N/A;N/A;N/A;N/A;Sí;N/A;N/A;N/A;N/A;N/A;N/A;N/A;N/A;Sí;N/A;Sí;N/A;N/A;N/A;Sí;N/A;Sí;Sí;Sí;Sí;N/A;N/A;N/A;N/A;Sí
Nissan;"NP300 Frontier";"automatica 4x4";2017;"120000 km";;"BRAVO AUTOMOVILES";23800;;;;;Trinidad;https://auto.mercadolibre.com.uy/MLU-654403984-nissan-np300-frontier-automatica-4x4-_JM;N/A;;"Nissan Np300 Frontier Automatica 4x4";USD;Sí;silver;false;N/A;N/A;http://perfil.mercadolibre.com.uy/BRAVO+AUTOMOVILES;active;N/A;N/A;Usado;N/A;N/A;N/A;N/A;N/A;N/A;N/A;N/A;N/A;N/A;N/A;N/A;N/A;N/A;N/A;N/A;N/A;N/A;N/A;N/A;N/A;N/A;N/A;N/A;N/A;N/A;N/A;N/A;N/A;N/A;N/A;N/A;N/A;N/A;N/A;N/A;N/A;N/A;N/A;N/A;N/A;N/A;N/A;N/A;N/A;N/A;N/A;N/A;N/A;N/A;N/A;N/A;N/A;N/A;N/A;N/A;N/A;N/A;N/A;N/A;N/A;N/A;N/A;N/A;N/A;N/A;N/A;N/A;N/A;N/A;N/A;N/A;N/A;N/A;N/A;N/A;N/A;N/A;N/A;N/A;N/A;N/A;N/A;N/A;N/A;N/A;N/A;N/A;N/A;N/A;N/A;N/A;N/A;N/A;N/A;N/A;N/A;N/A;N/A;N/A;N/A;N/A;N/A;N/A;N/A;N/A;N/A;N/A;4;N/A;Nafta;N/A;N/A;"Autos y camionetas";N/A;N/A;N/A;N/A;N/A;N/A;N/A;N/A;N/A;N/A;N/A;N/A;N/A;N/A;N/A;N/A;N/A;N/A;N/A;N/A;N/A;N/A;N/A;N/A;N/A;N/A;N/A;N/A;N/A;N/A;N/A;N/A;N/A;N/A;N/A;N/A;N/A;N/A;N/A;N/A;N/A;N/A;N/A;N/A;N/A;N/A;N/A;N/A;N/A;N/A;N/A;N/A;N/A;N/A;N/A;N/A;N/A;N/A;N/A;N/A;N/A;N/A;N/A;N/A;N/A;N/A;N/A;N/A;N/A;N/A;N/A;N/A;N/A;N/A;N/A;N/A;N/A;N/A;N/A;N/A;N/A;N/A;N/A;N/A;N/A;N/A;N/A;N/A;N/A;N/A;N/A;N/A;N/A;N/A;N/A;N/A;N/A;N/A;N/A;N/A;N/A;N/A;N/A;N/A;N/A;N/A;N/A;N/A;N/A;N/A;N/A;N/A;N/A;N/A;N/A;N/A;N/A;N/A;N/A;N/A;N/A;N/A
Nissan;Kicks;"Exclusive Cvt 1.6";2024;"0 km";;AUTOMOTORATREINTAYTRES;34990;;;;;"Treinta y Tres";https://auto.mercadolibre.com.uy/MLU-648561794-nissan-kicks-exclusive-cvt-16-0-km-_JM;N/A;;"Nissan Kicks Exclusive Cvt 1.6 0 Km.";USD;Sí;silver;false;N/A;N/A;http://perfil.mercadolibre.com.uy/AUTOMOTORATREINTAYTRES;active;N/A;N/A;Nuevo;Rojo;N/A;N/A;N/A;N/A;N/A;N/A;N/A;N/A;N/A;N/A;N/A;N/A;N/A;N/A;N/A;N/A;N/A;N/A;N/A;N/A;N/A;N/A;N/A;N/A;N/A;N/A;N/A;N/A;N/A;N/A;N/A;N/A;N/A;N/A;N/A;N/A;N/A;N/A;N/A;N/A;N/A;N/A;N/A;N/A;N/A;N/A;N/A;N/A;N/A;N/A;N/A;N/A;N/A;N/A;N/A;N/A;N/A;N/A;N/A;N/A;N/A;N/A;N/A;N/A;N/A;N/A;N/A;N/A;N/A;N/A;N/A;N/A;N/A;N/A;N/A;N/A;N/A;N/A;N/A;N/A;N/A;N/A;N/A;N/A;N/A;N/A;N/A;N/A;N/A;N/A;N/A;N/A;N/A;N/A;N/A;N/A;N/A;N/A;N/A;N/A;N/A;N/A;N/A;N/A;N/A;N/A;N/A;5;N/A;Nafta;N/A;N/A;"Autos y camionetas";N/A;N/A;N/A;N/A;N/A;N/A;N/A;N/A;N/A;N/A;N/A;N/A;N/A;N/A;N/A;N/A;N/A;N/A;N/A;N/A;N/A;N/A;N/A;N/A;N/A;N/A;N/A;N/A;N/A;N/A;N/A;N/A;N/A;N/A;N/A;N/A;N/A;N/A;N/A;N/A;N/A;N/A;N/A;N/A;N/A;N/A;N/A;N/A;N/A;N/A;N/A;N/A;N/A;N/A;N/A;N/A;N/A;N/A;N/A;N/A;N/A;N/A;N/A;N/A;N/A;N/A;N/A;N/A;N/A;N/A;N/A;N/A;N/A;N/A;N/A;N/A;N/A;N/A;N/A;N/A;N/A;N/A;N/A;N/A;N/A;N/A;N/A;N/A;N/A;N/A;N/A;N/A;N/A;N/A;N/A;N/A;N/A;N/A;N/A;N/A;N/A;N/A;N/A;N/A;N/A;N/A;N/A;N/A;N/A;N/A;N/A;N/A;N/A;N/A;N/A;N/A;N/A;N/A;N/A;N/A;N/A;N/A
Nissan;Versa;"Exclusive Cvt";2023;"0 km";;"OSCARPISANO RENAULT-NISSAN";30490;;;;;Sayago;https://auto.mercadolibre.com.uy/MLU-635134819-nissan-versa-exclusive-cvt-16-2023-0km-_JM;N/A;;"Nissan Versa Exclusive Cvt 1.6 2023 0km";USD;Sí;silver;false;N/A;N/A;http://perfil.mercadolibre.com.uy/OSCARPISANO+RENAULT-NISSAN;active;N/A;N/A;Nuevo;Rojo;N/A;Hidráulica;N/A;Sí;Sí;Sí;N/A;N/A;N/A;Sí;Sí;Sí;N/A;Sí;N/A;Sí;N/A;Sí;N/A;N/A;N/A;N/A;N/A;N/A;N/A;N/A;N/A;N/A;N/A;"1600 cc";N/A;6;N/A;N/A;Sí;Sí;N/A;N/A;Sí;N/A;N/A;N/A;N/A;N/A;N/A;N/A;N/A;N/A;N/A;N/A;N/A;N/A;N/A;N/A;N/A;Sí;N/A;Sí;N/A;N/A;N/A;N/A;N/A;N/A;N/A;N/A;N/A;N/A;Sí;N/A;N/A;N/A;N/A;N/A;Sí;N/A;N/A;N/A;N/A;N/A;N/A;N/A;N/A;N/A;N/A;Exclusive;N/A;N/A;N/A;"14 km/l";N/A;N/A;Sí;N/A;Sí;Sí;Sí;Sí;N/A;N/A;"16 km/l";N/A;N/A;N/A;N/A;N/A;"Lun. a Vie. de 8:30 a 18:30 hs. Sáb. de 9 a 13 hs";4;1.6;Nafta;Automática;Sedán;"Autos y camionetas";No;N/A;N/A;N/A;No;N/A;N/A;No;Sí;No;No;N/A;N/A;N/A;N/A;N/A;N/A;N/A;N/A;N/A;N/A;N/A;N/A;N/A;N/A;N/A;N/A;N/A;N/A;N/A;N/A;N/A;N/A;N/A;N/A;N/A;N/A;N/A;N/A;N/A;N/A;N/A;N/A;Sí;N/A;N/A;N/A;N/A;N/A;N/A;N/A;N/A;N/A;N/A;N/A;N/A;N/A;N/A;N/A;N/A;N/A;Sí;No;N/A;N/A;N/A;N/A;N/A;N/A;N/A;N/A;N/A;N/A;N/A;N/A;N/A;N/A;N/A;N/A;N/A;N/A;N/A;N/A;N/A;N/A;N/A;N/A;N/A;N/A;N/A;N/A;N/A;N/A;N/A;N/A;N/A;Sí;Sí;Sí;Sí;Sí;Sí;Sí;N/A;Sí;Sí;N/A;Sí;N/A;N/A;Sí;N/A;Sí;N/A;Sí;Sí;Sí;Sí;Sí;Sí;Sí;Sí
Nissan;March;"1.6 Active Mt";2017;"114000 km";;"SOLANAS MOTORS";11900;;;;;"P. Ballena";https://auto.mercadolibre.com.uy/MLU-663143314-nissan-march-2017-16-active-mt-114000-kms-impecable-o-pto-_JM;N/A;;"Nissan March 2017 1.6 Active Mt 114000 Kms Impecable O Pto";usd;Sí;silver;false;N/A;N/A;http://perfil.mercadolibre.com.uy/SOLANAS+MOTORS;active;N/A;N/A;Usado;Blanco;N/A;Hidráulica;Delantera;Sí;N/A;N/A;N/A;N/A;N/A;N/A;N/A;N/A;N/A;N/A;N/A;N/A;N/A;N/A;N/A;N/A;N/A;N/A;N/A;N/A;N/A;N/A;N/A;N/A;"2450 mm";"1.6 L";"41 L";5;N/A;N/A;N/A;N/A;N/A;N/A;N/A;N/A;N/A;N/A;N/A;N/A;N/A;N/A;N/A;N/A;N/A;N/A;N/A;N/A;N/A;N/A;N/A;N/A;N/A;N/A;N/A;N/A;N/A;N/A;N/A;N/A;N/A;N/A;N/A;N/A;N/A;N/A;N/A;N/A;N/A;N/A;N/A;N/A;N/A;"1532 mm";"3827 mm";N/A;N/A;N/A;N/A;5;"106 hp";Active;N/A;4;"1665 mm";N/A;N/A;N/A;N/A;N/A;N/A;N/A;Sí;N/A;N/A;N/A;N/A;N/A;N/A;N/A;N/A;N/A;"8 a 18 hrs";5;1.6;Nafta;Manual;Hatchback;"Autos y camionetas";N/A;N/A;N/A;N/A;N/A;N/A;UY;N/A;N/A;N/A;N/A;N/A;N/A;N/A;N/A;N/A;N/A;N/A;N/A;N/A;N/A;N/A;N/A;N/A;N/A;N/A;N/A;N/A;N/A;N/A;N/A;N/A;N/A;N/A;N/A;N/A;N/A;N/A;N/A;N/A;N/A;N/A;N/A;N/A;N/A;N/A;N/A;N/A;N/A;N/A;N/A;N/A;N/A;N/A;N/A;N/A;N/A;N/A;N/A;N/A;N/A;N/A;N/A;N/A;N/A;N/A;N/A;N/A;N/A;N/A;N/A;N/A;N/A;N/A;N/A;N/A;N/A;N/A;N/A;N/A;N/A;N/A;N/A;N/A;N/A;N/A;N/A;N/A;N/A;N/A;N/A;N/A;N/A;N/A;N/A;N/A;Sí;N/A;N/A;N/A;N/A;N/A;N/A;N/A;N/A;N/A;N/A;N/A;N/A;N/A;N/A;N/A;N/A;N/A;Sí;N/A;N/A;N/A;N/A;N/A;N/A;N/A
Nissan;Sentra;B13;1995;"288000 km";;PUAR3219867;3300;;;;;Florida;https://auto.mercadolibre.com.uy/MLU-665940036-nissan-sentra-b13-_JM;N/A;;"Nissan Sentra B13";USD;Sí;silver;false;N/A;N/A;http://perfil.mercadolibre.com.uy/PUAR3219867;active;N/A;N/A;Usado;N/A;N/A;N/A;N/A;N/A;N/A;N/A;N/A;N/A;N/A;N/A;N/A;N/A;N/A;N/A;N/A;N/A;N/A;N/A;N/A;N/A;N/A;N/A;N/A;N/A;N/A;N/A;N/A;N/A;N/A;N/A;N/A;N/A;N/A;N/A;N/A;N/A;N/A;N/A;N/A;N/A;N/A;N/A;N/A;N/A;N/A;N/A;N/A;N/A;N/A;N/A;N/A;N/A;N/A;N/A;N/A;N/A;N/A;N/A;N/A;N/A;N/A;N/A;N/A;N/A;N/A;N/A;N/A;N/A;N/A;N/A;N/A;N/A;N/A;N/A;N/A;N/A;N/A;N/A;N/A;N/A;N/A;N/A;N/A;N/A;N/A;N/A;N/A;N/A;N/A;N/A;N/A;N/A;N/A;N/A;N/A;N/A;N/A;N/A;N/A;N/A;N/A;N/A;N/A;N/A;N/A;N/A;N/A;4;N/A;Nafta;N/A;N/A;"Autos y camionetas";N/A;N/A;N/A;N/A;N/A;N/A;N/A;N/A;N/A;N/A;N/A;N/A;N/A;N/A;N/A;N/A;N/A;N/A;N/A;N/A;N/A;N/A;N/A;N/A;N/A;N/A;N/A;N/A;N/A;N/A;N/A;N/A;N/A;N/A;N/A;N/A;N/A;N/A;N/A;N/A;N/A;N/A;N/A;N/A;N/A;N/A;N/A;N/A;N/A;N/A;N/A;N/A;N/A;N/A;N/A;N/A;N/A;N/A;N/A;N/A;N/A;N/A;N/A;N/A;N/A;N/A;N/A;N/A;N/A;N/A;N/A;N/A;N/A;N/A;N/A;N/A;N/A;N/A;N/A;N/A;N/A;N/A;N/A;N/A;N/A;N/A;N/A;N/A;N/A;N/A;N/A;N/A;N/A;N/A;N/A;N/A;N/A;N/A;N/A;N/A;N/A;N/A;N/A;N/A;N/A;N/A;N/A;N/A;N/A;N/A;N/A;N/A;N/A;N/A;N/A;N/A;N/A;N/A;N/A;N/A;N/A;N/A
Nissan;Qashqai;"EXCLUSIVE 1.3T";2023;"0 km";;NISSANPDE;55990;;;;;"Punta del Este";https://auto.mercadolibre.com.uy/MLU-661221158-nissan-new-qashqai-13t-exclusive-_JM;N/A;;"Nissan New Qashqai 1.3t Exclusive";usd;Sí;silver;false;N/A;N/A;http://perfil.mercadolibre.com.uy/NISSANPDE;active;N/A;N/A;Nuevo;Blanco;N/A;Hidráulica;Integral;Sí;N/A;N/A;N/A;N/A;N/A;N/A;N/A;N/A;N/A;N/A;N/A;N/A;N/A;N/A;N/A;N/A;N/A;N/A;N/A;N/A;N/A;N/A;N/A;N/A;"2705 mm";"2 L";"60 L";N/A;N/A;N/A;N/A;N/A;N/A;N/A;N/A;N/A;N/A;N/A;N/A;N/A;N/A;N/A;N/A;N/A;N/A;N/A;N/A;N/A;N/A;N/A;N/A;N/A;N/A;N/A;N/A;N/A;N/A;N/A;N/A;N/A;N/A;Sí;Sí;Sí;N/A;Sí;N/A;N/A;N/A;N/A;N/A;N/A;N/A;"1740 mm";"4690 mm";N/A;N/A;N/A;N/A;5;"150 hp";Exclusive;N/A;4;"1820 mm";N/A;N/A;N/A;N/A;N/A;N/A;N/A;Sí;N/A;Sí;N/A;N/A;N/A;N/A;N/A;N/A;N/A;"Lunes a Viernes 9.00 a 13.00 y 14.30 a 18 hs";4;1.3T;Nafta;Automática;SUV;"Autos y camionetas";N/A;N/A;N/A;N/A;N/A;N/A;UY;N/A;N/A;N/A;N/A;N/A;N/A;N/A;N/A;N/A;N/A;N/A;N/A;N/A;N/A;N/A;N/A;N/A;N/A;N/A;N/A;N/A;N/A;N/A;N/A;N/A;N/A;N/A;N/A;N/A;N/A;N/A;N/A;N/A;N/A;N/A;N/A;N/A;N/A;N/A;N/A;N/A;N/A;N/A;N/A;N/A;N/A;N/A;N/A;N/A;N/A;N/A;N/A;N/A;N/A;N/A;N/A;N/A;N/A;N/A;N/A;N/A;N/A;N/A;N/A;N/A;N/A;N/A;N/A;N/A;N/A;N/A;N/A;N/A;N/A;N/A;N/A;N/A;N/A;N/A;N/A;N/A;N/A;N/A;N/A;N/A;N/A;N/A;N/A;N/A;Sí;N/A;Sí;N/A;N/A;N/A;N/A;Sí;N/A;Sí;N/A;N/A;N/A;N/A;N/A;Sí;Sí;N/A;Sí;N/A;Sí;N/A;N/A;Sí;N/A;Sí
Nissan;Sentra;"Se Mt";1999;"1 km";;"G.ARISPE AUTOMOTORES";3900;;;;;Prado;https://auto.mercadolibre.com.uy/MLU-634026437-nissan-sentra-1999-se-mt-_JM;N/A;;"Nissan Sentra 1999 Se Mt";usd;Sí;silver;false;N/A;N/A;http://perfil.mercadolibre.com.uy/G.ARISPE+AUTOMOTORES;active;N/A;N/A;Usado;Negro;N/A;Hidráulica;Delantera;Sí;N/A;N/A;N/A;N/A;N/A;N/A;N/A;N/A;N/A;N/A;N/A;N/A;N/A;N/A;N/A;N/A;N/A;N/A;N/A;N/A;N/A;N/A;N/A;N/A;N/A;"1.6 L";N/A;N/A;N/A;N/A;N/A;N/A;N/A;N/A;N/A;N/A;N/A;N/A;N/A;N/A;N/A;N/A;N/A;N/A;N/A;N/A;N/A;N/A;N/A;N/A;N/A;N/A;N/A;N/A;N/A;N/A;N/A;N/A;N/A;N/A;N/A;N/A;N/A;N/A;N/A;N/A;N/A;N/A;N/A;N/A;N/A;N/A;N/A;N/A;N/A;N/A;N/A;N/A;N/A;5;N/A;Se;N/A;N/A;N/A;N/A;N/A;N/A;N/A;N/A;N/A;N/A;N/A;N/A;N/A;N/A;N/A;N/A;N/A;N/A;N/A;N/A;N/A;4;1.6;Nafta;Manual;Sedán;"Autos y camionetas";N/A;N/A;N/A;N/A;N/A;N/A;UY;N/A;N/A;N/A;N/A;N/A;N/A;N/A;N/A;N/A;N/A;N/A;N/A;N/A;N/A;N/A;N/A;N/A;N/A;N/A;N/A;N/A;N/A;N/A;N/A;N/A;N/A;N/A;N/A;N/A;N/A;N/A;N/A;N/A;N/A;N/A;N/A;N/A;N/A;N/A;N/A;N/A;N/A;N/A;N/A;N/A;N/A;N/A;N/A;N/A;N/A;N/A;N/A;N/A;N/A;N/A;N/A;N/A;N/A;N/A;N/A;N/A;N/A;N/A;N/A;N/A;N/A;N/A;N/A;N/A;N/A;N/A;N/A;N/A;N/A;N/A;N/A;N/A;N/A;N/A;N/A;N/A;N/A;N/A;N/A;N/A;N/A;N/A;N/A;N/A;Sí;N/A;N/A;N/A;N/A;N/A;N/A;N/A;N/A;N/A;N/A;N/A;N/A;N/A;N/A;N/A;N/A;N/A;Sí;N/A;N/A;N/A;N/A;N/A;N/A;N/A
Nissan;Tiida;"1.8 Premium Mt";2010;"270000 km";;ENRIQUE_CIOMPI_AUTOMOVILES;11000;;;;;"Parque Batlle";https://auto.mercadolibre.com.uy/MLU-661366908-nissan-tiida-2010-18-premium-mt-hasta-100-financiado-_JM;N/A;;"Nissan Tiida 2010 1.8 Premium Mt Hasta 100% Financiado";usd;Sí;silver;false;N/A;N/A;http://perfil.mercadolibre.com.uy/ENRIQUE_CIOMPI_AUTOMOVILES;active;N/A;N/A;Usado;N/A;N/A;Hidráulica;Delantera;Sí;N/A;N/A;N/A;N/A;N/A;N/A;N/A;N/A;N/A;N/A;N/A;N/A;N/A;N/A;N/A;N/A;N/A;N/A;N/A;N/A;N/A;N/A;N/A;N/A;"2600 mm";"1.8 L";"52.4 L";N/A;N/A;N/A;N/A;N/A;N/A;N/A;N/A;N/A;N/A;N/A;N/A;N/A;N/A;N/A;N/A;N/A;N/A;N/A;N/A;N/A;N/A;N/A;N/A;N/A;N/A;N/A;N/A;N/A;N/A;N/A;N/A;N/A;N/A;N/A;N/A;N/A;N/A;N/A;N/A;N/A;N/A;N/A;N/A;N/A;N/A;"1548 mm";"4297 mm";N/A;N/A;N/A;N/A;N/A;N/A;Premium;N/A;N/A;"1695 mm";N/A;N/A;N/A;N/A;N/A;N/A;N/A;N/A;N/A;N/A;N/A;N/A;N/A;N/A;N/A;N/A;N/A;N/A;5;1.8;Nafta;Manual;Hatchback;"Autos y camionetas";N/A;N/A;N/A;N/A;N/A;N/A;UY;N/A;N/A;N/A;N/A;N/A;N/A;N/A;N/A;N/A;N/A;N/A;N/A;N/A;N/A;N/A;N/A;N/A;N/A;N/A;N/A;N/A;N/A;N/A;N/A;N/A;N/A;N/A;N/A;N/A;N/A;N/A;N/A;N/A;N/A;N/A;N/A;N/A;N/A;N/A;N/A;N/A;N/A;N/A;N/A;N/A;N/A;N/A;N/A;N/A;N/A;N/A;N/A;N/A;N/A;N/A;N/A;N/A;N/A;N/A;N/A;N/A;N/A;N/A;N/A;N/A;N/A;N/A;N/A;N/A;N/A;N/A;N/A;N/A;N/A;N/A;N/A;N/A;N/A;N/A;N/A;N/A;N/A;N/A;N/A;N/A;N/A;N/A;N/A;N/A;Sí;N/A;N/A;N/A;N/A;N/A;N/A;N/A;N/A;N/A;N/A;N/A;N/A;N/A;N/A;N/A;N/A;N/A;Sí;N/A;N/A;N/A;N/A;N/A;N/A;N/A
Nissan;"NP300 Frontier";"2.5 S 161 Hp Pick Up";2021;"62000 km";;"VARGAS ANDRE";20900;;;;;"Carrasco Norte";https://auto.mercadolibre.com.uy/MLU-659634912-nissan-np300-frontier-2021-25-nafta-s-161-hp-pick-up-_JM;N/A;;"Nissan Np300 Frontier 2021 2.5 Nafta S 161 Hp Pick Up";usd;Sí;silver;false;N/A;N/A;http://perfil.mercadolibre.com.uy/VARGAS+ANDRE;active;N/A;N/A;Usado;Blanco;N/A;Hidráulica;4x2;Sí;N/A;N/A;N/A;N/A;N/A;N/A;N/A;N/A;N/A;N/A;N/A;Sí;N/A;N/A;N/A;N/A;N/A;N/A;N/A;N/A;N/A;N/A;N/A;N/A;"3150 mm";"2489 cc";"80 L";6;N/A;N/A;N/A;N/A;N/A;N/A;N/A;N/A;N/A;N/A;N/A;N/A;N/A;N/A;N/A;N/A;N/A;N/A;N/A;N/A;N/A;N/A;N/A;N/A;N/A;N/A;N/A;N/A;N/A;N/A;N/A;N/A;N/A;N/A;N/A;N/A;N/A;N/A;N/A;N/A;N/A;N/A;N/A;N/A;N/A;"1860 mm";"5258 mm";N/A;N/A;N/A;N/A;N/A;"161 hp";S;N/A;4;"1850 mm";N/A;No;N/A;N/A;N/A;N/A;Sí;Sí;N/A;N/A;N/A;N/A;N/A;N/A;N/A;N/A;N/A;N/A;4;2.5;Nafta;Manual;Pick-Up;"Autos y camionetas";N/A;N/A;N/A;N/A;N/A;N/A;UY;N/A;N/A;N/A;N/A;N/A;N/A;N/A;N/A;N/A;N/A;N/A;N/A;N/A;N/A;N/A;N/A;N/A;N/A;N/A;N/A;N/A;N/A;N/A;N/A;N/A;N/A;N/A;N/A;N/A;N/A;N/A;N/A;N/A;N/A;N/A;N/A;N/A;N/A;N/A;N/A;N/A;N/A;N/A;N/A;N/A;N/A;N/A;N/A;N/A;N/A;N/A;N/A;N/A;N/A;N/A;N/A;N/A;N/A;N/A;N/A;N/A;N/A;N/A;N/A;N/A;N/A;N/A;N/A;N/A;N/A;N/A;N/A;N/A;N/A;N/A;N/A;N/A;N/A;N/A;N/A;N/A;N/A;N/A;N/A;N/A;N/A;N/A;N/A;N/A;Sí;N/A;N/A;N/A;N/A;N/A;N/A;N/A;N/A;Sí;N/A;N/A;N/A;N/A;N/A;N/A;N/A;N/A;Sí;N/A;N/A;N/A;N/A;N/A;N/A;N/A
Nissan;Kicks;"1.6 Advance";2023;"0 km";;RECRULSA;30490;;;;;Melo;https://auto.mercadolibre.com.uy/MLU-628628393-nissan-kicks-2023-16-advance-_JM;N/A;;"Nissan Kicks 2023 1.6 Advance";usd;Sí;silver;false;N/A;N/A;http://perfil.mercadolibre.com.uy/RECRULSA;active;N/A;N/A;Nuevo;N/A;N/A;Hidráulica;Delantera;Sí;N/A;N/A;N/A;N/A;N/A;N/A;N/A;N/A;N/A;N/A;Sí;Sí;N/A;N/A;N/A;N/A;N/A;N/A;N/A;N/A;N/A;N/A;N/A;N/A;"2620 mm";"1598 cc";"50 L";5;N/A;N/A;N/A;N/A;N/A;N/A;N/A;N/A;N/A;N/A;N/A;N/A;N/A;N/A;N/A;N/A;N/A;N/A;N/A;N/A;N/A;N/A;N/A;N/A;N/A;N/A;N/A;N/A;N/A;N/A;N/A;N/A;N/A;N/A;N/A;N/A;N/A;N/A;N/A;N/A;N/A;N/A;N/A;N/A;N/A;"1590 mm";"4295 mm";N/A;N/A;N/A;N/A;5;"118 hp";Advance;N/A;4;"1760 mm";N/A;N/A;N/A;N/A;N/A;N/A;N/A;N/A;N/A;N/A;N/A;N/A;N/A;N/A;N/A;N/A;N/A;N/A;5;1.6;Nafta;Manual;SUV;"Autos y camionetas";N/A;N/A;N/A;N/A;N/A;N/A;UY;N/A;N/A;N/A;N/A;N/A;N/A;N/A;N/A;N/A;N/A;N/A;N/A;N/A;N/A;N/A;N/A;N/A;N/A;N/A;N/A;N/A;N/A;N/A;N/A;N/A;N/A;N/A;N/A;N/A;N/A;N/A;N/A;N/A;N/A;N/A;N/A;N/A;N/A;N/A;N/A;N/A;N/A;N/A;N/A;N/A;N/A;N/A;N/A;N/A;N/A;N/A;N/A;N/A;N/A;N/A;N/A;N/A;N/A;N/A;N/A;N/A;N/A;N/A;N/A;N/A;N/A;N/A;N/A;N/A;N/A;N/A;N/A;N/A;N/A;N/A;N/A;N/A;N/A;N/A;N/A;N/A;N/A;N/A;N/A;N/A;N/A;N/A;N/A;N/A;Sí;N/A;Sí;N/A;N/A;N/A;N/A;N/A;N/A;Sí;N/A;N/A;N/A;N/A;N/A;N/A;Sí;N/A;Sí;N/A;N/A;N/A;N/A;Sí;N/A;Sí
Nissan;Kicks;"1.6 Exclusive At";2018;"27000 km";;WINMOTORS;26000;;;;;Maldonado;https://auto.mercadolibre.com.uy/MLU-665994396-nissan-kicks-exclusive-cvt-_JM;N/A;;"Nissan Kicks Exclusive Cvt";usd;Sí;silver;false;N/A;N/A;http://perfil.mercadolibre.com.uy/WINMOTORS;active;N/A;N/A;Usado;Rojo;N/A;Hidráulica;Delantera;Sí;N/A;N/A;N/A;N/A;N/A;N/A;N/A;Sí;N/A;N/A;N/A;N/A;N/A;N/A;N/A;N/A;N/A;N/A;N/A;N/A;N/A;N/A;N/A;N/A;"2620 mm";"1.6 L";"50 L";N/A;N/A;N/A;N/A;N/A;N/A;N/A;N/A;N/A;N/A;N/A;N/A;N/A;N/A;N/A;N/A;N/A;N/A;N/A;N/A;N/A;N/A;N/A;N/A;N/A;N/A;N/A;N/A;N/A;N/A;N/A;N/A;N/A;N/A;Sí;Sí;N/A;N/A;Sí;N/A;N/A;N/A;N/A;N/A;N/A;N/A;"1590 mm";"4295 mm";N/A;N/A;N/A;N/A;5;"118 hp";Exclusive;N/A;4;"1760 mm";N/A;N/A;N/A;N/A;N/A;N/A;N/A;N/A;N/A;N/A;N/A;N/A;N/A;N/A;N/A;N/A;N/A;N/A;5;1.6;Nafta;Automática;SUV;"Autos y camionetas";N/A;N/A;N/A;N/A;N/A;N/A;UY;N/A;N/A;N/A;N/A;N/A;N/A;N/A;N/A;N/A;N/A;N/A;N/A;N/A;N/A;N/A;N/A;N/A;N/A;N/A;N/A;N/A;N/A;N/A;N/A;N/A;N/A;N/A;N/A;N/A;N/A;N/A;N/A;N/A;N/A;N/A;N/A;N/A;N/A;N/A;N/A;N/A;N/A;N/A;N/A;N/A;N/A;N/A;N/A;N/A;N/A;N/A;N/A;N/A;N/A;N/A;N/A;N/A;N/A;N/A;N/A;N/A;N/A;N/A;N/A;N/A;N/A;N/A;N/A;N/A;N/A;N/A;N/A;N/A;N/A;N/A;N/A;N/A;N/A;N/A;N/A;N/A;N/A;N/A;N/A;N/A;N/A;N/A;N/A;N/A;Sí;N/A;Sí;N/A;N/A;N/A;N/A;N/A;N/A;Sí;N/A;N/A;N/A;N/A;N/A;Sí;Sí;N/A;Sí;N/A;N/A;N/A;N/A;Sí;N/A;Sí
Nissan;"PRO 4X DIESEL 4X4";"PRO 4X DIESEL";2022;"0 km";;AMAYASELECCIONADOS;68928;;;;;"Brazo Oriental";https://auto.mercadolibre.com.uy/MLU-634193351-nissan-frontier-pro-4x-4x4-diesel-_JM;N/A;;"Nissan Frontier Pro 4x - 4x4 Diesel ";USD;Sí;silver;false;N/A;N/A;http://perfil.mercadolibre.com.uy/AMAYASELECCIONADOS;active;N/A;N/A;Nuevo;Gris;N/A;Eléctrica;N/A;N/A;N/A;N/A;N/A;N/A;N/A;N/A;N/A;N/A;N/A;N/A;N/A;N/A;N/A;N/A;N/A;N/A;N/A;N/A;N/A;N/A;N/A;N/A;N/A;N/A;N/A;N/A;N/A;N/A;N/A;N/A;N/A;N/A;N/A;N/A;N/A;N/A;N/A;N/A;N/A;N/A;N/A;N/A;N/A;N/A;N/A;N/A;N/A;N/A;N/A;N/A;N/A;N/A;N/A;N/A;N/A;N/A;N/A;N/A;N/A;N/A;N/A;N/A;N/A;N/A;N/A;N/A;N/A;N/A;N/A;N/A;N/A;N/A;N/A;N/A;N/A;N/A;N/A;N/A;N/A;N/A;N/A;N/A;N/A;N/A;N/A;N/A;N/A;N/A;N/A;N/A;N/A;N/A;N/A;N/A;N/A;N/A;N/A;N/A;N/A;N/A;N/A;N/A;N/A;5;"2.5 Turbo Diesel";Diésel;Automática;N/A;"Autos y camionetas";N/A;N/A;N/A;N/A;N/A;N/A;N/A;N/A;Sí;N/A;N/A;N/A;N/A;N/A;N/A;N/A;N/A;N/A;N/A;N/A;N/A;N/A;N/A;N/A;N/A;N/A;N/A;N/A;N/A;N/A;N/A;N/A;N/A;N/A;N/A;N/A;N/A;N/A;N/A;N/A;N/A;N/A;N/A;Sí;N/A;N/A;N/A;N/A;N/A;N/A;N/A;N/A;N/A;N/A;N/A;N/A;N/A;N/A;N/A;N/A;N/A;N/A;N/A;N/A;N/A;N/A;N/A;N/A;N/A;N/A;N/A;N/A;N/A;N/A;N/A;N/A;N/A;N/A;N/A;N/A;N/A;N/A;N/A;N/A;N/A;N/A;N/A;N/A;N/A;N/A;N/A;N/A;N/A;N/A;N/A;N/A;N/A;N/A;N/A;N/A;N/A;N/A;N/A;N/A;N/A;N/A;N/A;N/A;N/A;N/A;N/A;N/A;N/A;N/A;N/A;N/A;N/A;N/A;N/A;N/A;N/A;N/A
Nissan;Qashqai;"Advance Cvt";2015;"81726 km";;"CHEVROLET TRINIDAD";24900;;;;;Trinidad;https://auto.mercadolibre.com.uy/MLU-635273859-nissan-qashqai-advance-_JM;N/A;;"Nissan Qashqai Advance";USD;Sí;silver;false;N/A;N/A;http://perfil.mercadolibre.com.uy/CHEVROLET+TRINIDAD;active;N/A;N/A;Usado;Rojo;N/A;Asistida;4x2;Sí;Sí;N/A;N/A;N/A;N/A;N/A;N/A;N/A;N/A;N/A;No;Sí;N/A;N/A;N/A;N/A;N/A;N/A;N/A;N/A;N/A;N/A;N/A;N/A;N/A;N/A;N/A;N/A;N/A;N/A;N/A;N/A;N/A;N/A;N/A;N/A;N/A;N/A;N/A;N/A;N/A;N/A;N/A;N/A;N/A;N/A;N/A;N/A;N/A;N/A;N/A;N/A;N/A;N/A;N/A;N/A;N/A;N/A;N/A;N/A;N/A;N/A;N/A;N/A;N/A;N/A;N/A;N/A;N/A;N/A;N/A;N/A;N/A;N/A;N/A;N/A;N/A;N/A;N/A;N/A;N/A;N/A;N/A;N/A;N/A;N/A;N/A;N/A;N/A;Sí;N/A;Sí;N/A;N/A;N/A;N/A;N/A;N/A;Sí;N/A;N/A;N/A;N/A;4;2.0;Nafta;Automática;SUV;"Autos y camionetas";N/A;N/A;N/A;N/A;N/A;N/A;N/A;N/A;Sí;N/A;N/A;N/A;N/A;N/A;N/A;N/A;N/A;N/A;N/A;N/A;N/A;N/A;N/A;N/A;No;N/A;N/A;N/A;N/A;N/A;N/A;N/A;N/A;N/A;N/A;N/A;N/A;N/A;N/A;N/A;N/A;N/A;N/A;N/A;N/A;N/A;N/A;N/A;N/A;N/A;N/A;N/A;N/A;N/A;N/A;N/A;N/A;N/A;N/A;N/A;N/A;N/A;N/A;N/A;N/A;N/A;N/A;N/A;N/A;N/A;N/A;N/A;N/A;N/A;N/A;N/A;N/A;N/A;N/A;N/A;N/A;N/A;N/A;N/A;N/A;N/A;N/A;N/A;N/A;N/A;N/A;N/A;N/A;N/A;N/A;N/A;N/A;Sí;N/A;N/A;Sí;N/A;N/A;N/A;N/A;Sí;Sí;N/A;N/A;N/A;N/A;N/A;Sí;N/A;Sí;Sí;N/A;N/A;N/A;N/A;N/A;Sí
Nissan;Versa;"1.6 Exclusive At";2023;"0 km";;"DELTACAR S.A.";30490;;;;;Mercedes;https://auto.mercadolibre.com.uy/MLU-648600622-nissan-new-versa-exclusive-cvt-_JM;N/A;;"Nissan New Versa Exclusive Cvt";usd;Sí;silver;false;N/A;N/A;http://perfil.mercadolibre.com.uy/DELTACAR+S.A.;active;N/A;N/A;Nuevo;Gris;N/A;Hidráulica;Delantera;Sí;Sí;N/A;N/A;Sí;N/A;N/A;N/A;Sí;N/A;N/A;Sí;Sí;N/A;Sí;N/A;N/A;N/A;N/A;N/A;N/A;N/A;N/A;N/A;N/A;"2600 mm";"1.6 L";"41 L";4;N/A;N/A;N/A;N/A;N/A;N/A;N/A;N/A;N/A;N/A;N/A;N/A;N/A;N/A;N/A;N/A;N/A;N/A;N/A;N/A;N/A;N/A;N/A;N/A;N/A;N/A;N/A;N/A;N/A;N/A;N/A;N/A;N/A;Sí;Sí;N/A;N/A;N/A;N/A;N/A;N/A;N/A;N/A;N/A;N/A;"1506 mm";"4465 mm";N/A;N/A;N/A;N/A;5;"106 hp";Exclusive;N/A;4;"1695 mm";N/A;N/A;N/A;Sí;Sí;N/A;Sí;Sí;N/A;N/A;N/A;N/A;N/A;N/A;N/A;N/A;N/A;N/A;4;1.6;Nafta;Automática;Sedán;"Autos y camionetas";Sí;N/A;N/A;N/A;N/A;N/A;UY;N/A;Sí;N/A;N/A;N/A;N/A;N/A;N/A;N/A;N/A;N/A;N/A;N/A;N/A;N/A;N/A;N/A;Sí;N/A;N/A;N/A;N/A;N/A;N/A;N/A;N/A;N/A;N/A;N/A;N/A;N/A;N/A;N/A;N/A;N/A;N/A;Sí;N/A;N/A;N/A;N/A;N/A;N/A;N/A;N/A;N/A;N/A;N/A;N/A;N/A;N/A;N/A;N/A;N/A;Sí;Sí;N/A;N/A;N/A;N/A;N/A;N/A;N/A;N/A;N/A;N/A;N/A;N/A;N/A;N/A;N/A;N/A;N/A;N/A;N/A;N/A;N/A;N/A;N/A;N/A;N/A;N/A;N/A;N/A;N/A;N/A;N/A;N/A;N/A;Sí;N/A;Sí;N/A;Sí;N/A;N/A;Sí;N/A;Sí;N/A;N/A;Sí;N/A;N/A;Sí;Sí;Sí;Sí;N/A;Sí;N/A;N/A;Sí;N/A;Sí
Nissan;NP300;"2.4 Doble Cabina 4x4 Mt";2015;"218000 km";;FLORENAUTOMOVILES;12900;;;;;"La Blanqueada";https://auto.mercadolibre.com.uy/MLU-635099321-nissan-np300-2015-24-doble-cabina-4x4-mt-_JM;N/A;;"Nissan Np300 2015 2.4 Doble Cabina 4x4 Mt";usd;Sí;silver;false;N/A;N/A;http://perfil.mercadolibre.com.uy/FLORENAUTOMOVILES;active;N/A;N/A;Usado;N/A;N/A;Hidráulica;4x4;Sí;N/A;N/A;N/A;N/A;N/A;N/A;N/A;N/A;N/A;N/A;N/A;N/A;N/A;N/A;N/A;N/A;N/A;N/A;N/A;N/A;N/A;N/A;N/A;N/A;"2950 mm";"2.4 L";"60 L";N/A;N/A;N/A;N/A;N/A;N/A;N/A;N/A;N/A;N/A;N/A;N/A;N/A;N/A;N/A;N/A;N/A;N/A;N/A;N/A;N/A;N/A;N/A;N/A;N/A;N/A;N/A;N/A;N/A;N/A;N/A;N/A;N/A;N/A;N/A;N/A;N/A;N/A;N/A;N/A;N/A;N/A;N/A;N/A;N/A;N/A;"1630 mm";"5085 mm";N/A;N/A;N/A;N/A;N/A;N/A;N/A;N/A;N/A;"1690 mm";N/A;N/A;N/A;N/A;N/A;N/A;N/A;N/A;N/A;N/A;N/A;N/A;N/A;N/A;N/A;N/A;N/A;N/A;4;2.4;Nafta;Manual;Pick-Up;"Autos y camionetas";N/A;N/A;N/A;N/A;N/A;N/A;UY;N/A;N/A;N/A;N/A;N/A;N/A;N/A;N/A;N/A;N/A;N/A;N/A;N/A;N/A;N/A;N/A;N/A;N/A;N/A;N/A;N/A;N/A;N/A;N/A;N/A;N/A;N/A;N/A;N/A;N/A;N/A;N/A;N/A;N/A;N/A;N/A;N/A;N/A;N/A;N/A;N/A;N/A;N/A;N/A;N/A;N/A;N/A;N/A;N/A;N/A;N/A;N/A;N/A;N/A;N/A;N/A;N/A;N/A;N/A;N/A;N/A;N/A;N/A;N/A;N/A;N/A;N/A;N/A;N/A;N/A;N/A;N/A;N/A;N/A;N/A;N/A;N/A;N/A;N/A;N/A;N/A;N/A;N/A;N/A;N/A;N/A;N/A;N/A;N/A;Sí;N/A;N/A;N/A;N/A;N/A;N/A;N/A;N/A;N/A;N/A;N/A;N/A;N/A;N/A;N/A;N/A;N/A;Sí;N/A;N/A;N/A;N/A;N/A;N/A;N/A
Nissan;Sentra;"Se Mt";1995;"150000 km";;DUNICARSADUNICARSA;5900;;;;;"Jacinto Vera";https://auto.mercadolibre.com.uy/MLU-662162576-nissan-sentra-standar-_JM;N/A;;"Nissan Sentra Standar";usd;Sí;silver;false;N/A;N/A;http://perfil.mercadolibre.com.uy/DUNICARSADUNICARSA;active;N/A;N/A;Usado;Azul;N/A;Hidráulica;Delantera;N/A;N/A;N/A;N/A;N/A;N/A;N/A;N/A;N/A;N/A;N/A;N/A;N/A;N/A;N/A;N/A;N/A;N/A;N/A;N/A;N/A;N/A;N/A;N/A;N/A;N/A;"1.6 L";N/A;N/A;N/A;N/A;N/A;N/A;N/A;N/A;N/A;N/A;N/A;N/A;N/A;N/A;N/A;N/A;N/A;N/A;N/A;N/A;N/A;N/A;N/A;N/A;N/A;N/A;N/A;N/A;N/A;N/A;N/A;N/A;N/A;N/A;N/A;N/A;N/A;N/A;N/A;N/A;N/A;N/A;N/A;N/A;N/A;N/A;N/A;N/A;N/A;N/A;N/A;N/A;N/A;5;N/A;Se;N/A;N/A;N/A;N/A;N/A;N/A;N/A;N/A;N/A;N/A;N/A;N/A;N/A;N/A;N/A;N/A;N/A;N/A;N/A;N/A;N/A;4;1.6;Nafta;Manual;Sedán;"Autos y camionetas";N/A;N/A;N/A;N/A;N/A;N/A;UY;N/A;N/A;N/A;N/A;N/A;N/A;N/A;N/A;N/A;N/A;N/A;N/A;N/A;N/A;N/A;N/A;N/A;N/A;N/A;N/A;N/A;N/A;N/A;N/A;N/A;N/A;N/A;N/A;N/A;N/A;N/A;N/A;N/A;N/A;N/A;N/A;N/A;N/A;N/A;N/A;N/A;N/A;N/A;N/A;N/A;N/A;N/A;N/A;N/A;N/A;N/A;N/A;N/A;N/A;N/A;N/A;N/A;N/A;N/A;N/A;N/A;N/A;N/A;N/A;N/A;N/A;N/A;N/A;N/A;N/A;N/A;N/A;N/A;N/A;N/A;N/A;N/A;N/A;N/A;N/A;N/A;N/A;N/A;N/A;N/A;N/A;N/A;N/A;N/A;N/A;N/A;N/A;N/A;N/A;N/A;N/A;N/A;N/A;N/A;N/A;N/A;N/A;N/A;N/A;N/A;N/A;N/A;Sí;N/A;N/A;N/A;N/A;N/A;N/A;N/A
Nissan;Versa;"1.6 Exclusive At";2023;"0 km";;NISSANPDE;30490;;;;;"Punta del Este";https://auto.mercadolibre.com.uy/MLU-661169222-nissan-new-versa-ph2-exclusive-_JM;N/A;;"Nissan New Versa Ph2 Exclusive";usd;Sí;silver;false;N/A;N/A;http://perfil.mercadolibre.com.uy/NISSANPDE;active;N/A;N/A;Nuevo;Rojo;N/A;Hidráulica;Delantera;Sí;N/A;N/A;N/A;Sí;N/A;N/A;N/A;Sí;N/A;N/A;N/A;N/A;N/A;N/A;N/A;N/A;N/A;N/A;N/A;N/A;N/A;N/A;N/A;N/A;"2600 mm";"1.6 L";"41 L";4;N/A;N/A;N/A;N/A;N/A;N/A;N/A;N/A;N/A;N/A;N/A;N/A;N/A;N/A;N/A;N/A;N/A;N/A;N/A;N/A;N/A;N/A;N/A;N/A;N/A;N/A;N/A;N/A;N/A;N/A;N/A;N/A;N/A;Sí;Sí;N/A;N/A;N/A;N/A;N/A;N/A;N/A;N/A;N/A;N/A;"1506 mm";"4465 mm";N/A;N/A;N/A;N/A;5;"106 hp";Exclusive;N/A;4;"1695 mm";N/A;N/A;N/A;N/A;N/A;N/A;N/A;Sí;N/A;N/A;N/A;N/A;N/A;N/A;N/A;N/A;N/A;"Lunes a Viernes de 9.00 13 a 14.30 a 18 hs";4;1.6;Nafta;Automática;Sedán;"Autos y camionetas";N/A;N/A;N/A;N/A;N/A;N/A;UY;N/A;N/A;N/A;N/A;N/A;N/A;N/A;N/A;N/A;N/A;N/A;N/A;N/A;N/A;N/A;N/A;N/A;N/A;N/A;N/A;N/A;N/A;N/A;N/A;N/A;N/A;N/A;N/A;N/A;N/A;N/A;N/A;N/A;N/A;N/A;N/A;N/A;N/A;N/A;N/A;N/A;N/A;N/A;N/A;N/A;N/A;N/A;N/A;N/A;N/A;N/A;N/A;N/A;N/A;N/A;N/A;N/A;N/A;N/A;N/A;N/A;N/A;N/A;N/A;N/A;N/A;N/A;N/A;N/A;N/A;N/A;N/A;N/A;N/A;N/A;N/A;N/A;N/A;N/A;N/A;N/A;N/A;N/A;N/A;N/A;N/A;N/A;N/A;N/A;Sí;N/A;Sí;N/A;N/A;N/A;N/A;Sí;N/A;Sí;N/A;N/A;N/A;N/A;N/A;N/A;Sí;N/A;Sí;N/A;N/A;N/A;N/A;Sí;N/A;N/A
Nissan;Frontier;Lx;2013;"211000 km";;"AUTOMOTORA DRIVERS";11200;;;;;Centro;https://auto.mercadolibre.com.uy/MLU-660779094-nissan-frontier-full-doble-cab-2013-nafta-us-11200-permuta-_JM;N/A;;"Nissan Frontier Full Doble Cab. 2013 Nafta U$s 11200 Permuta";USD;Sí;silver;false;N/A;N/A;http://perfil.mercadolibre.com.uy/AUTOMOTORA+DRIVERS;active;N/A;N/A;Usado;Blanco;N/A;Hidráulica;Delantera;Sí;Sí;N/A;N/A;N/A;N/A;N/A;N/A;N/A;N/A;N/A;N/A;N/A;N/A;N/A;N/A;N/A;N/A;N/A;N/A;N/A;N/A;N/A;N/A;N/A;N/A;N/A;N/A;N/A;N/A;N/A;N/A;N/A;N/A;N/A;N/A;N/A;N/A;N/A;N/A;N/A;N/A;N/A;N/A;N/A;N/A;N/A;N/A;N/A;N/A;N/A;N/A;N/A;N/A;N/A;N/A;N/A;N/A;N/A;N/A;N/A;N/A;N/A;N/A;N/A;N/A;N/A;N/A;N/A;N/A;N/A;N/A;N/A;N/A;N/A;N/A;N/A;N/A;N/A;N/A;N/A;N/A;N/A;N/A;N/A;N/A;N/A;N/A;N/A;N/A;Sí;N/A;N/A;N/A;N/A;N/A;N/A;N/A;N/A;N/A;N/A;N/A;N/A;"LUNES A VIERNES DE 10 A 18 HRS";4;2.4;Nafta;Manual;N/A;"Autos y camionetas";N/A;N/A;N/A;N/A;N/A;N/A;N/A;N/A;Sí;N/A;N/A;N/A;N/A;N/A;N/A;N/A;N/A;N/A;N/A;N/A;N/A;N/A;N/A;N/A;N/A;N/A;N/A;N/A;N/A;N/A;N/A;N/A;N/A;N/A;N/A;N/A;N/A;N/A;N/A;N/A;N/A;N/A;N/A;N/A;N/A;N/A;N/A;N/A;N/A;N/A;N/A;N/A;N/A;N/A;N/A;N/A;N/A;N/A;N/A;N/A;N/A;N/A;N/A;N/A;N/A;N/A;N/A;N/A;N/A;N/A;N/A;N/A;N/A;N/A;N/A;N/A;N/A;N/A;N/A;N/A;N/A;N/A;N/A;N/A;N/A;N/A;N/A;N/A;N/A;N/A;N/A;N/A;N/A;N/A;N/A;N/A;Sí;Sí;Sí;N/A;N/A;N/A;N/A;N/A;N/A;Sí;N/A;Sí;Sí;N/A;N/A;N/A;N/A;N/A;Sí;Sí;N/A;N/A;N/A;N/A;N/A;N/A
Nissan;March;"1.6 Advance Mt";2014;"101000 km";;FEDERICOBUVE;11000;;;;;"Las Piedras";https://auto.mercadolibre.com.uy/MLU-634427575-nissan-march-2014-16-advance-mt-_JM;N/A;;"Nissan March 2014 1.6 Advance Mt";usd;Sí;silver;false;N/A;N/A;http://perfil.mercadolibre.com.uy/FEDERICOBUVE;active;N/A;N/A;Usado;N/A;N/A;Hidráulica;Delantera;Sí;N/A;N/A;N/A;N/A;N/A;N/A;N/A;N/A;N/A;N/A;N/A;N/A;N/A;N/A;N/A;N/A;N/A;N/A;N/A;N/A;N/A;N/A;N/A;N/A;"2450 mm";"1.6 L";"41 L";N/A;N/A;N/A;N/A;N/A;N/A;N/A;N/A;N/A;N/A;N/A;N/A;N/A;N/A;N/A;N/A;N/A;N/A;N/A;N/A;N/A;N/A;N/A;N/A;N/A;N/A;N/A;N/A;N/A;N/A;N/A;N/A;N/A;N/A;N/A;N/A;N/A;N/A;N/A;N/A;N/A;N/A;N/A;N/A;N/A;N/A;"1532 mm";"3827 mm";N/A;N/A;N/A;N/A;5;"109 hp";Advance;N/A;N/A;"1665 mm";N/A;N/A;N/A;N/A;N/A;N/A;N/A;N/A;N/A;N/A;N/A;N/A;N/A;N/A;N/A;N/A;N/A;N/A;5;1.6;Nafta;Manual;Hatchback;"Autos y camionetas";N/A;N/A;N/A;N/A;N/A;N/A;UY;N/A;N/A;N/A;N/A;N/A;N/A;N/A;N/A;N/A;N/A;N/A;N/A;N/A;N/A;N/A;N/A;N/A;N/A;N/A;N/A;N/A;N/A;N/A;N/A;N/A;N/A;N/A;N/A;N/A;N/A;N/A;N/A;N/A;N/A;N/A;N/A;N/A;N/A;N/A;N/A;N/A;N/A;N/A;N/A;N/A;N/A;N/A;N/A;N/A;N/A;N/A;N/A;N/A;N/A;N/A;N/A;N/A;N/A;N/A;N/A;N/A;N/A;N/A;N/A;N/A;N/A;N/A;N/A;N/A;N/A;N/A;N/A;N/A;N/A;N/A;N/A;N/A;N/A;N/A;N/A;N/A;N/A;N/A;N/A;N/A;N/A;N/A;N/A;N/A;Sí;N/A;N/A;N/A;N/A;N/A;N/A;N/A;N/A;N/A;N/A;N/A;N/A;N/A;N/A;N/A;N/A;N/A;Sí;N/A;N/A;N/A;N/A;N/A;N/A;N/A
Nissan;"NP300 Frontier";"2.5 S Doble Cabina";2020;"92000 km";;"AUTOMOTORA AUTOBOULEVARD.";33890;;;;;"Tres Cruces";https://auto.mercadolibre.com.uy/MLU-654492600-nissan-frontier-se-diesel-_JM;N/A;;"_nissan Frontier Se Diesel";usd;Sí;silver;false;N/A;N/A;http://perfil.mercadolibre.com.uy/AUTOMOTORA+AUTOBOULEVARD.;active;N/A;N/A;Usado;Gris;N/A;Hidráulica;4x2;Sí;N/A;N/A;N/A;N/A;N/A;N/A;N/A;N/A;N/A;N/A;N/A;N/A;N/A;N/A;N/A;N/A;N/A;N/A;N/A;N/A;N/A;N/A;N/A;N/A;"3150 mm";"2.5 L";"80 L";6;N/A;N/A;N/A;N/A;N/A;N/A;N/A;N/A;N/A;N/A;N/A;N/A;N/A;N/A;N/A;N/A;N/A;N/A;N/A;N/A;N/A;N/A;N/A;N/A;N/A;N/A;N/A;N/A;N/A;N/A;N/A;N/A;N/A;Sí;Sí;N/A;N/A;N/A;N/A;N/A;N/A;N/A;N/A;N/A;N/A;"1860 mm";"5258 mm";N/A;N/A;N/A;N/A;N/A;"161 hp";S;N/A;4;"1850 mm";N/A;N/A;N/A;N/A;N/A;N/A;N/A;N/A;N/A;N/A;N/A;N/A;N/A;N/A;N/A;N/A;N/A;lav9a19;4;2.5;Diésel;Manual;Pick-Up;"Autos y camionetas";N/A;N/A;N/A;N/A;N/A;N/A;UY;N/A;N/A;N/A;N/A;N/A;N/A;N/A;N/A;N/A;N/A;N/A;N/A;N/A;N/A;N/A;N/A;N/A;N/A;N/A;N/A;N/A;N/A;N/A;N/A;N/A;N/A;N/A;N/A;N/A;N/A;N/A;N/A;N/A;N/A;N/A;N/A;N/A;N/A;N/A;N/A;N/A;N/A;N/A;N/A;N/A;N/A;N/A;N/A;N/A;N/A;N/A;N/A;N/A;N/A;N/A;N/A;N/A;N/A;N/A;N/A;N/A;N/A;N/A;N/A;N/A;N/A;N/A;N/A;N/A;N/A;N/A;N/A;N/A;N/A;N/A;N/A;N/A;N/A;N/A;N/A;N/A;N/A;N/A;N/A;N/A;N/A;N/A;N/A;N/A;Sí;N/A;N/A;N/A;N/A;N/A;N/A;N/A;N/A;Sí;N/A;N/A;N/A;N/A;N/A;N/A;N/A;N/A;Sí;N/A;N/A;N/A;N/A;N/A;N/A;N/A
Nissan;"NP300 Frontier";"DC 4X2 S Diesel";2017;"229000 km";;AUTOMOTORATREINTAYTRES;24900;;;;;"Treinta y Tres";https://auto.mercadolibre.com.uy/MLU-663154700-nissan-frontier-np-300-s-doble-cabina-4x2-diesel-unico-dueno-_JM;N/A;;"Nissan Frontier Np 300 S Doble Cabina 4x2 Diesel Único Dueño";USD;Sí;silver;false;N/A;N/A;http://perfil.mercadolibre.com.uy/AUTOMOTORATREINTAYTRES;active;N/A;N/A;Usado;Blanco;N/A;Hidráulica;4x2;N/A;N/A;N/A;N/A;N/A;N/A;N/A;N/A;N/A;N/A;N/A;N/A;N/A;N/A;N/A;N/A;N/A;N/A;N/A;N/A;N/A;N/A;N/A;N/A;N/A;N/A;N/A;N/A;N/A;N/A;N/A;N/A;N/A;N/A;N/A;N/A;N/A;N/A;N/A;N/A;N/A;N/A;N/A;N/A;N/A;N/A;N/A;N/A;N/A;N/A;N/A;N/A;N/A;N/A;N/A;N/A;N/A;N/A;N/A;N/A;N/A;N/A;N/A;N/A;N/A;N/A;N/A;N/A;N/A;N/A;N/A;N/A;N/A;N/A;N/A;N/A;N/A;N/A;N/A;N/A;N/A;N/A;N/A;N/A;N/A;N/A;N/A;N/A;N/A;N/A;N/A;N/A;N/A;N/A;N/A;N/A;N/A;N/A;N/A;N/A;N/A;N/A;N/A;N/A;4;2.5;Diésel;Manual;Pick-Up;"Autos y camionetas";N/A;N/A;N/A;N/A;N/A;N/A;N/A;N/A;N/A;N/A;N/A;N/A;N/A;N/A;N/A;N/A;N/A;N/A;N/A;N/A;N/A;N/A;N/A;N/A;N/A;N/A;N/A;N/A;N/A;N/A;N/A;N/A;N/A;N/A;N/A;N/A;N/A;N/A;N/A;N/A;N/A;N/A;N/A;N/A;N/A;N/A;N/A;N/A;N/A;N/A;N/A;N/A;N/A;N/A;N/A;N/A;N/A;N/A;N/A;N/A;N/A;N/A;N/A;N/A;N/A;N/A;N/A;N/A;N/A;N/A;N/A;N/A;N/A;N/A;N/A;N/A;N/A;N/A;N/A;N/A;N/A;N/A;N/A;N/A;N/A;N/A;N/A;N/A;N/A;N/A;N/A;N/A;N/A;N/A;N/A;N/A;N/A;N/A;N/A;N/A;N/A;N/A;N/A;N/A;N/A;N/A;N/A;N/A;N/A;N/A;N/A;N/A;N/A;N/A;N/A;N/A;N/A;N/A;N/A;N/A;N/A;N/A
Nissan;Kicks;"1.8 Exclusive";2018;"96000 km";;PEIREN_AUTOMOVILES;21900;;;;;Paysandú;https://auto.mercadolibre.com.uy/MLU-661368006-nissan-kicks-18-exclusive-2018-at-azul-ref-1723-_JM;N/A;;"Nissan Kicks 1.8 Exclusive 2018 At Azul - Ref: 1723";usd;Sí;silver;false;N/A;N/A;http://perfil.mercadolibre.com.uy/PEIREN_AUTOMOVILES;active;N/A;N/A;Usado;Azul;N/A;Hidráulica;Delantera;Sí;N/A;N/A;N/A;N/A;N/A;N/A;N/A;Sí;N/A;N/A;Sí;Sí;N/A;N/A;N/A;N/A;N/A;N/A;N/A;N/A;N/A;N/A;N/A;N/A;"2620 mm";"1.6 L";"50 L";N/A;N/A;N/A;N/A;N/A;N/A;N/A;N/A;N/A;N/A;N/A;N/A;N/A;N/A;N/A;N/A;N/A;N/A;N/A;N/A;N/A;N/A;N/A;N/A;N/A;N/A;N/A;N/A;N/A;N/A;N/A;N/A;N/A;N/A;Sí;Sí;N/A;N/A;Sí;N/A;N/A;N/A;N/A;N/A;N/A;N/A;"1590 mm";"4295 mm";N/A;N/A;N/A;N/A;5;"118 hp";Exclusive;N/A;4;"1760 mm";N/A;Sí;N/A;Sí;N/A;N/A;N/A;Sí;N/A;N/A;N/A;N/A;N/A;N/A;N/A;N/A;Sí;N/A;5;1.8;Nafta;Automática;SUV;"Autos y camionetas";N/A;N/A;N/A;N/A;N/A;N/A;UY;N/A;Sí;N/A;N/A;N/A;N/A;N/A;N/A;N/A;N/A;N/A;N/A;N/A;N/A;N/A;N/A;N/A;Sí;N/A;N/A;N/A;N/A;N/A;N/A;N/A;N/A;N/A;N/A;N/A;N/A;N/A;N/A;N/A;N/A;N/A;N/A;N/A;N/A;N/A;N/A;N/A;N/A;N/A;N/A;N/A;N/A;N/A;N/A;N/A;N/A;N/A;N/A;N/A;N/A;N/A;N/A;N/A;N/A;N/A;N/A;N/A;N/A;N/A;N/A;N/A;N/A;N/A;N/A;N/A;N/A;N/A;N/A;N/A;N/A;N/A;N/A;N/A;N/A;N/A;N/A;N/A;N/A;N/A;N/A;N/A;N/A;N/A;N/A;N/A;Sí;Sí;Sí;N/A;Sí;N/A;N/A;N/A;N/A;Sí;N/A;N/A;Sí;N/A;N/A;Sí;Sí;Sí;Sí;Sí;Sí;N/A;N/A;Sí;N/A;Sí
Nissan;X-Trail;"E Power";2023;"0 km";;NISSANPDE;64990;;;;;"Punta del Este";https://auto.mercadolibre.com.uy/MLU-641540072-nissan-x-trail-e-power-_JM;N/A;;"Nissan X-trail E Power";USD;Sí;silver;false;N/A;N/A;http://perfil.mercadolibre.com.uy/NISSANPDE;active;N/A;N/A;Nuevo;Gris;N/A;Eléctrica;4x2;Sí;Sí;N/A;N/A;N/A;No;N/A;N/A;No;N/A;N/A;N/A;N/A;N/A;Sí;N/A;N/A;N/A;N/A;N/A;N/A;N/A;N/A;N/A;N/A;N/A;N/A;N/A;N/A;N/A;N/A;N/A;N/A;N/A;N/A;N/A;N/A;N/A;N/A;N/A;N/A;N/A;N/A;N/A;N/A;N/A;N/A;N/A;N/A;N/A;N/A;N/A;N/A;N/A;N/A;N/A;N/A;N/A;No;N/A;N/A;N/A;N/A;N/A;N/A;N/A;N/A;N/A;N/A;N/A;N/A;N/A;N/A;N/A;N/A;N/A;N/A;N/A;N/A;N/A;N/A;N/A;N/A;N/A;N/A;N/A;N/A;No;N/A;Sí;Sí;N/A;Sí;Sí;N/A;Sí;N/A;N/A;No;No;N/A;N/A;No;N/A;5;"Electrico E-Power";Eléctrico;N/A;SUV;"Autos y camionetas";N/A;N/A;N/A;N/A;N/A;N/A;N/A;N/A;Sí;N/A;N/A;N/A;N/A;N/A;N/A;N/A;N/A;N/A;N/A;N/A;N/A;N/A;N/A;N/A;Sí;N/A;N/A;N/A;N/A;N/A;N/A;N/A;N/A;N/A;N/A;N/A;N/A;N/A;N/A;N/A;N/A;N/A;N/A;Sí;N/A;N/A;N/A;N/A;N/A;N/A;N/A;N/A;N/A;N/A;N/A;N/A;N/A;N/A;N/A;N/A;N/A;Sí;No;N/A;N/A;N/A;N/A;N/A;N/A;N/A;N/A;N/A;N/A;N/A;N/A;N/A;N/A;N/A;N/A;N/A;N/A;N/A;N/A;N/A;N/A;N/A;N/A;N/A;N/A;N/A;N/A;N/A;N/A;N/A;N/A;No;Sí;N/A;Sí;N/A;Sí;N/A;N/A;N/A;N/A;Sí;N/A;No;N/A;N/A;N/A;Sí;N/A;N/A;Sí;Sí;Sí;N/A;N/A;Sí;N/A;Sí
Nissan;D-21;"Doble Cabina";1999;"510788 km";;SHOPPINGDEUSADOSSALTO;9500;;;;;Salto;https://auto.mercadolibre.com.uy/MLU-662338748-nissan-d21-doble-cabina-1999-_JM;N/A;;"Nissan D21 Doble Cabina 1999";USD;No;silver;false;N/A;N/A;http://perfil.mercadolibre.com.uy/SHOPPINGDEUSADOSSALTO;active;N/A;N/A;Usado;Blanco;N/A;Hidráulica;N/A;N/A;N/A;N/A;N/A;N/A;N/A;N/A;Sí;N/A;N/A;N/A;N/A;N/A;N/A;N/A;N/A;N/A;N/A;N/A;N/A;N/A;N/A;N/A;N/A;N/A;N/A;"2700 cc";N/A;N/A;N/A;N/A;N/A;N/A;N/A;N/A;N/A;N/A;N/A;N/A;N/A;N/A;N/A;N/A;N/A;N/A;N/A;N/A;N/A;N/A;N/A;N/A;N/A;N/A;N/A;N/A;N/A;N/A;N/A;N/A;N/A;N/A;N/A;N/A;N/A;N/A;N/A;N/A;N/A;N/A;N/A;N/A;N/A;N/A;N/A;N/A;N/A;N/A;N/A;N/A;N/A;N/A;N/A;N/A;N/A;N/A;N/A;N/A;N/A;N/A;N/A;N/A;N/A;N/A;N/A;N/A;N/A;N/A;N/A;N/A;N/A;N/A;N/A;N/A;N/A;4;2.7;Diésel;Manual;Pick-Up;"Autos y camionetas";No;N/A;N/A;N/A;No;N/A;N/A;No;Sí;No;No;N/A;N/A;N/A;N/A;N/A;N/A;N/A;N/A;N/A;N/A;N/A;N/A;N/A;N/A;N/A;N/A;N/A;N/A;N/A;N/A;N/A;N/A;N/A;N/A;N/A;N/A;N/A;N/A;N/A;N/A;N/A;N/A;N/A;N/A;N/A;N/A;N/A;N/A;N/A;N/A;N/A;N/A;N/A;N/A;N/A;N/A;N/A;N/A;N/A;N/A;N/A;No;N/A;N/A;N/A;N/A;N/A;N/A;N/A;N/A;N/A;N/A;N/A;N/A;N/A;N/A;N/A;N/A;N/A;N/A;N/A;N/A;N/A;N/A;N/A;N/A;N/A;N/A;N/A;N/A;N/A;N/A;N/A;N/A;N/A;N/A;N/A;N/A;N/A;N/A;N/A;N/A;N/A;N/A;N/A;N/A;N/A;N/A;N/A;N/A;N/A;N/A;N/A;N/A;N/A;N/A;N/A;N/A;N/A;N/A;N/A
Nissan;Versa;"Extra Full";2014;"167687 km";;SHOPPINGDEUSADOSSALTO;11500;;;;;Salto;https://auto.mercadolibre.com.uy/MLU-658024720-nissan-versa-extra-full-2014-_JM;N/A;;"Nissan Versa Extra Full 2014";USD;Sí;silver;false;N/A;N/A;http://perfil.mercadolibre.com.uy/SHOPPINGDEUSADOSSALTO;active;N/A;N/A;Usado;Bordó;N/A;Hidráulica;N/A;Sí;Sí;Sí;N/A;N/A;N/A;Sí;Sí;N/A;N/A;Sí;N/A;Sí;N/A;N/A;N/A;N/A;N/A;N/A;N/A;N/A;N/A;N/A;N/A;N/A;N/A;"1600 cc";N/A;N/A;N/A;N/A;N/A;N/A;N/A;N/A;N/A;N/A;N/A;N/A;N/A;N/A;N/A;N/A;N/A;N/A;N/A;N/A;N/A;N/A;N/A;N/A;N/A;Sí;N/A;Sí;N/A;Sí;N/A;N/A;N/A;N/A;N/A;N/A;N/A;N/A;N/A;N/A;N/A;N/A;N/A;N/A;N/A;N/A;N/A;N/A;N/A;N/A;N/A;N/A;N/A;N/A;N/A;N/A;N/A;N/A;N/A;N/A;N/A;N/A;N/A;N/A;Sí;Sí;N/A;Sí;N/A;N/A;N/A;N/A;N/A;N/A;N/A;N/A;"De L a V de 8:30 12:30 y 14:30 a 18:30. Sáb. de 9 a 13";4;1.6;Nafta;Manual;Sedán;"Autos y camionetas";No;N/A;N/A;N/A;No;N/A;N/A;No;Sí;No;No;N/A;N/A;N/A;N/A;N/A;N/A;N/A;N/A;N/A;N/A;N/A;N/A;N/A;N/A;N/A;N/A;N/A;N/A;N/A;N/A;N/A;N/A;N/A;N/A;N/A;N/A;N/A;N/A;N/A;N/A;N/A;N/A;N/A;N/A;N/A;N/A;N/A;N/A;N/A;N/A;N/A;N/A;N/A;N/A;N/A;N/A;N/A;N/A;N/A;N/A;N/A;No;N/A;N/A;N/A;N/A;N/A;N/A;N/A;N/A;N/A;N/A;N/A;N/A;N/A;N/A;N/A;N/A;N/A;N/A;N/A;N/A;N/A;N/A;N/A;N/A;N/A;N/A;N/A;N/A;N/A;N/A;N/A;N/A;N/A;Sí;Sí;Sí;N/A;Sí;N/A;Sí;N/A;Sí;Sí;N/A;Sí;N/A;N/A;N/A;N/A;Sí;N/A;Sí;Sí;Sí;Sí;N/A;Sí;Sí;Sí
Nissan;Sentra;"1.8 Sr Extra At";2021;"61000 km";;SANTIBRANDZEN;29990;;;;;"Brazo Oriental";https://auto.mercadolibre.com.uy/MLU-635370747-nissan-sentra-2021-18-sr-extra-at-_JM;N/A;;"Nissan Sentra 2021 1.8 Sr Extra At";usd;Sí;silver;false;N/A;N/A;http://perfil.mercadolibre.com.uy/SANTIBRANDZEN;active;N/A;N/A;Usado;N/A;N/A;Hidráulica;Delantera;Sí;N/A;N/A;N/A;N/A;N/A;N/A;N/A;N/A;N/A;N/A;N/A;N/A;N/A;N/A;N/A;N/A;N/A;N/A;N/A;N/A;N/A;N/A;N/A;N/A;"2700 mm";"1.8 L";"52 L";N/A;N/A;N/A;N/A;N/A;N/A;N/A;N/A;N/A;N/A;N/A;N/A;N/A;N/A;N/A;N/A;N/A;N/A;N/A;N/A;N/A;N/A;N/A;N/A;N/A;N/A;N/A;N/A;N/A;N/A;N/A;N/A;N/A;N/A;Sí;Sí;N/A;N/A;N/A;N/A;N/A;N/A;N/A;N/A;N/A;N/A;"1505 mm";"4636 mm";N/A;N/A;N/A;N/A;5;"129 hp";Sense;N/A;2;"1761 mm";N/A;N/A;N/A;N/A;N/A;N/A;N/A;Sí;N/A;N/A;N/A;N/A;N/A;N/A;N/A;N/A;N/A;N/A;4;1.8;Nafta;Automática;Sedán;"Autos y camionetas";N/A;N/A;N/A;N/A;N/A;N/A;UY;N/A;N/A;N/A;N/A;N/A;N/A;N/A;N/A;N/A;N/A;N/A;N/A;N/A;N/A;N/A;N/A;N/A;N/A;N/A;N/A;N/A;N/A;N/A;N/A;N/A;N/A;N/A;N/A;N/A;N/A;N/A;N/A;N/A;N/A;N/A;N/A;N/A;N/A;N/A;N/A;N/A;N/A;N/A;N/A;N/A;N/A;N/A;N/A;N/A;N/A;N/A;N/A;N/A;N/A;N/A;N/A;N/A;N/A;N/A;N/A;N/A;N/A;N/A;N/A;N/A;N/A;N/A;N/A;N/A;N/A;N/A;N/A;N/A;N/A;N/A;N/A;N/A;N/A;N/A;N/A;N/A;N/A;N/A;N/A;N/A;N/A;N/A;N/A;N/A;N/A;N/A;N/A;N/A;N/A;N/A;N/A;N/A;N/A;N/A;N/A;N/A;N/A;N/A;N/A;N/A;N/A;N/A;Sí;N/A;N/A;N/A;N/A;Sí;N/A;Sí
Nissan;Tiida;"1.6 Drive Sedan Mt";2015;"175000 km";;POIG6265995;9200;;;;;"Malvin Norte";https://auto.mercadolibre.com.uy/MLU-666184820-nissan-tiida-2015-16-drive-sedan-mt-_JM;N/A;;"Nissan Tiida 2015 1.6 Drive Sedan Mt";usd;Sí;silver;false;N/A;N/A;http://perfil.mercadolibre.com.uy/POIG6265995;active;N/A;N/A;Usado;N/A;N/A;Hidráulica;Delantera;Sí;N/A;N/A;N/A;N/A;N/A;N/A;N/A;N/A;N/A;N/A;N/A;N/A;N/A;N/A;N/A;N/A;N/A;N/A;N/A;N/A;N/A;N/A;N/A;N/A;"2600 mm";"1.6 L";"52 L";N/A;N/A;N/A;N/A;N/A;N/A;N/A;N/A;N/A;N/A;N/A;N/A;N/A;N/A;N/A;N/A;N/A;N/A;N/A;N/A;N/A;N/A;N/A;N/A;N/A;N/A;N/A;N/A;N/A;N/A;N/A;N/A;N/A;N/A;N/A;N/A;N/A;N/A;N/A;N/A;N/A;N/A;N/A;N/A;N/A;N/A;"1548 mm";"4470 mm";N/A;N/A;N/A;N/A;5;N/A;N/A;N/A;N/A;"1695 mm";N/A;N/A;N/A;N/A;N/A;N/A;N/A;N/A;N/A;N/A;N/A;N/A;N/A;N/A;N/A;N/A;N/A;N/A;4;1.6;Nafta;Manual;Sedán;"Autos y camionetas";N/A;N/A;N/A;N/A;N/A;N/A;UY;N/A;N/A;N/A;N/A;N/A;N/A;N/A;N/A;N/A;N/A;N/A;N/A;N/A;N/A;N/A;N/A;N/A;N/A;N/A;N/A;N/A;N/A;N/A;N/A;N/A;N/A;N/A;N/A;N/A;N/A;N/A;N/A;N/A;N/A;N/A;N/A;N/A;N/A;N/A;N/A;N/A;N/A;N/A;N/A;N/A;N/A;N/A;N/A;N/A;N/A;N/A;N/A;N/A;N/A;N/A;N/A;N/A;N/A;N/A;N/A;N/A;N/A;N/A;N/A;N/A;N/A;N/A;N/A;N/A;N/A;N/A;N/A;N/A;N/A;N/A;N/A;N/A;N/A;N/A;N/A;N/A;N/A;N/A;N/A;N/A;N/A;N/A;N/A;N/A;Sí;N/A;N/A;N/A;N/A;N/A;N/A;N/A;N/A;N/A;N/A;N/A;N/A;N/A;N/A;N/A;N/A;N/A;Sí;N/A;N/A;N/A;N/A;N/A;N/A;N/A
Nissan;Versa;"1.6 Advance 5vel Mt";2013;"110000 km";;FELU6021257;10800;;;;;"Paso de la Arena";https://auto.mercadolibre.com.uy/MLU-666116624-nissan-versa-extra-full-_JM;N/A;;"Nissan Versa Extra Full";usd;Sí;silver;false;N/A;N/A;http://perfil.mercadolibre.com.uy/FELU6021257;active;N/A;N/A;Usado;Gris;N/A;Hidráulica;Delantera;Sí;N/A;N/A;N/A;N/A;N/A;N/A;N/A;N/A;N/A;N/A;N/A;N/A;N/A;N/A;N/A;N/A;N/A;N/A;N/A;N/A;N/A;N/A;N/A;N/A;N/A;"1.6 L";N/A;N/A;N/A;N/A;N/A;N/A;N/A;N/A;N/A;N/A;N/A;N/A;N/A;N/A;N/A;N/A;N/A;N/A;N/A;N/A;N/A;N/A;N/A;N/A;N/A;N/A;N/A;N/A;N/A;N/A;N/A;N/A;N/A;N/A;N/A;N/A;N/A;N/A;N/A;N/A;N/A;N/A;N/A;N/A;N/A;N/A;N/A;N/A;N/A;N/A;N/A;N/A;N/A;N/A;N/A;Advance;N/A;N/A;N/A;N/A;N/A;N/A;N/A;N/A;N/A;N/A;N/A;N/A;N/A;N/A;N/A;N/A;N/A;N/A;N/A;N/A;N/A;4;1.6;Nafta;Manual;Hatchback;"Autos y camionetas";N/A;N/A;N/A;N/A;N/A;N/A;UY;N/A;N/A;N/A;N/A;N/A;N/A;N/A;N/A;N/A;N/A;N/A;N/A;N/A;N/A;N/A;N/A;N/A;N/A;N/A;N/A;N/A;N/A;N/A;N/A;N/A;N/A;N/A;N/A;N/A;N/A;N/A;N/A;N/A;N/A;N/A;N/A;N/A;N/A;N/A;N/A;N/A;N/A;N/A;N/A;N/A;N/A;N/A;N/A;N/A;N/A;N/A;N/A;N/A;N/A;N/A;N/A;N/A;N/A;N/A;N/A;N/A;N/A;N/A;N/A;N/A;N/A;N/A;N/A;N/A;N/A;N/A;N/A;N/A;N/A;N/A;N/A;N/A;N/A;N/A;N/A;N/A;N/A;N/A;N/A;N/A;N/A;N/A;N/A;N/A;Sí;N/A;N/A;N/A;N/A;N/A;N/A;N/A;N/A;N/A;N/A;N/A;N/A;N/A;N/A;N/A;N/A;N/A;Sí;N/A;N/A;N/A;N/A;N/A;N/A;N/A
Nissan;Kicks;"1.6 Advance";2019;"105000 km";;ALBERPIMA;19990;;;;;"Brazo Oriental";https://auto.mercadolibre.com.uy/MLU-666116038-nissan-kicks-2019-16-advance-_JM;N/A;;"Nissan Kicks 2019 1.6 Advance";usd;Sí;silver;false;N/A;N/A;http://perfil.mercadolibre.com.uy/ALBERPIMA;active;N/A;N/A;Usado;N/A;N/A;Hidráulica;Delantera;Sí;N/A;N/A;N/A;N/A;N/A;N/A;N/A;N/A;N/A;N/A;N/A;N/A;N/A;N/A;N/A;N/A;N/A;N/A;N/A;N/A;N/A;N/A;N/A;N/A;"2620 mm";"1.6 L";"50 L";5;N/A;N/A;N/A;N/A;N/A;N/A;N/A;N/A;N/A;N/A;N/A;N/A;N/A;N/A;N/A;N/A;N/A;N/A;N/A;N/A;N/A;N/A;N/A;N/A;N/A;N/A;N/A;N/A;N/A;N/A;N/A;N/A;N/A;Sí;Sí;N/A;N/A;N/A;N/A;N/A;N/A;N/A;N/A;N/A;N/A;"1590 mm";"4295 mm";N/A;N/A;N/A;N/A;5;"118 hp";Advance;N/A;4;"1760 mm";N/A;N/A;N/A;N/A;N/A;N/A;N/A;N/A;N/A;N/A;N/A;N/A;N/A;N/A;N/A;N/A;N/A;N/A;5;1.6;Nafta;Manual;SUV;"Autos y camionetas";N/A;N/A;N/A;N/A;N/A;N/A;UY;N/A;N/A;N/A;N/A;N/A;N/A;N/A;N/A;N/A;N/A;N/A;N/A;N/A;N/A;N/A;N/A;N/A;N/A;N/A;N/A;N/A;N/A;N/A;N/A;N/A;N/A;N/A;N/A;N/A;N/A;N/A;N/A;N/A;N/A;N/A;N/A;N/A;N/A;N/A;N/A;N/A;N/A;N/A;N/A;N/A;N/A;N/A;N/A;N/A;N/A;N/A;N/A;N/A;N/A;N/A;N/A;N/A;N/A;N/A;N/A;N/A;N/A;N/A;N/A;N/A;N/A;N/A;N/A;N/A;N/A;N/A;N/A;N/A;N/A;N/A;N/A;N/A;N/A;N/A;N/A;N/A;N/A;N/A;N/A;N/A;N/A;N/A;N/A;N/A;N/A;N/A;N/A;N/A;N/A;N/A;N/A;N/A;N/A;N/A;N/A;N/A;N/A;N/A;N/A;N/A;Sí;N/A;Sí;N/A;N/A;N/A;N/A;Sí;N/A;Sí
Nissan;Note;"1.6 Note Sense Mt";2015;"71000 km";;FEWI18;12500;;;;;"Punta Carretas";https://auto.mercadolibre.com.uy/MLU-635222211-nissan-note-16-_JM;N/A;;"Nissan Note 1.6";usd;Sí;silver;false;N/A;N/A;http://perfil.mercadolibre.com.uy/FEWI18;active;N/A;N/A;Usado;Blanco;N/A;Hidráulica;Delantera;Sí;Sí;N/A;N/A;N/A;N/A;N/A;N/A;N/A;N/A;N/A;N/A;Sí;N/A;N/A;N/A;N/A;N/A;N/A;N/A;N/A;N/A;N/A;N/A;N/A;"2600 mm";"1.6 L";"41 L";N/A;N/A;N/A;N/A;N/A;N/A;N/A;N/A;N/A;N/A;N/A;N/A;N/A;N/A;N/A;N/A;N/A;N/A;N/A;N/A;N/A;N/A;N/A;N/A;N/A;N/A;N/A;N/A;N/A;N/A;N/A;N/A;N/A;N/A;N/A;N/A;N/A;N/A;N/A;N/A;N/A;N/A;N/A;N/A;N/A;N/A;"1537 mm";"4142 mm";N/A;N/A;N/A;N/A;5;"109 hp";Sense;N/A;N/A;N/A;N/A;N/A;N/A;N/A;N/A;N/A;N/A;N/A;N/A;N/A;N/A;N/A;N/A;N/A;N/A;N/A;N/A;"Todos los días de 9 a 19";5;1.6;Nafta;Manual;Hatchback;"Autos y camionetas";N/A;N/A;N/A;N/A;N/A;N/A;UY;N/A;N/A;N/A;N/A;N/A;N/A;N/A;N/A;N/A;N/A;N/A;N/A;N/A;N/A;N/A;N/A;N/A;N/A;N/A;N/A;N/A;N/A;N/A;N/A;N/A;N/A;N/A;N/A;N/A;N/A;N/A;N/A;N/A;N/A;N/A;N/A;N/A;N/A;N/A;N/A;N/A;N/A;N/A;N/A;N/A;N/A;N/A;N/A;N/A;N/A;N/A;N/A;N/A;N/A;N/A;N/A;N/A;N/A;N/A;N/A;N/A;N/A;N/A;N/A;N/A;N/A;N/A;N/A;N/A;N/A;N/A;N/A;N/A;N/A;N/A;N/A;N/A;N/A;N/A;N/A;N/A;N/A;N/A;N/A;N/A;N/A;N/A;N/A;N/A;Sí;N/A;N/A;N/A;N/A;N/A;N/A;N/A;N/A;Sí;N/A;N/A;Sí;N/A;N/A;N/A;Sí;Sí;Sí;N/A;N/A;N/A;N/A;N/A;N/A;N/A
Nissan;Sentra;"1.8 Exclusive Navi At";2014;"117000 km";;PIAR68;15900;;;;;"Santa Rosa";https://auto.mercadolibre.com.uy/MLU-665354764-nissan-sentra-exclusive-extra-full-_JM;N/A;;"Nissan Sentra Exclusive Extra Full ";usd;Sí;silver;false;N/A;N/A;http://perfil.mercadolibre.com.uy/PIAR68;active;N/A;N/A;Usado;Blanco;N/A;Hidráulica;Delantera;Sí;Sí;N/A;N/A;Sí;N/A;N/A;N/A;Sí;N/A;N/A;N/A;Sí;N/A;Sí;N/A;N/A;N/A;N/A;N/A;N/A;N/A;N/A;N/A;N/A;"2700 mm";"1.8 L";"52 L";N/A;N/A;N/A;N/A;N/A;N/A;N/A;N/A;N/A;N/A;N/A;N/A;N/A;N/A;N/A;N/A;N/A;N/A;N/A;N/A;N/A;N/A;N/A;N/A;N/A;N/A;N/A;N/A;N/A;N/A;N/A;N/A;N/A;N/A;N/A;N/A;N/A;N/A;N/A;N/A;N/A;N/A;N/A;N/A;N/A;N/A;"1505 mm";"4625 mm";N/A;N/A;N/A;N/A;5;N/A;Exclusive;N/A;N/A;"1760 mm";N/A;N/A;N/A;Sí;Sí;N/A;N/A;N/A;N/A;Sí;N/A;N/A;N/A;N/A;N/A;N/A;N/A;"9:00 a 18:00 hs";4;1.8;Nafta;Automática;Sedán;"Autos y camionetas";N/A;N/A;N/A;N/A;N/A;N/A;UY;N/A;N/A;N/A;N/A;N/A;N/A;N/A;N/A;N/A;N/A;N/A;N/A;N/A;N/A;N/A;N/A;N/A;N/A;N/A;N/A;N/A;N/A;N/A;N/A;N/A;N/A;N/A;N/A;N/A;N/A;N/A;N/A;N/A;N/A;N/A;N/A;N/A;N/A;N/A;N/A;N/A;N/A;N/A;N/A;N/A;N/A;N/A;N/A;N/A;N/A;N/A;N/A;N/A;N/A;N/A;N/A;N/A;N/A;N/A;N/A;N/A;N/A;N/A;N/A;N/A;N/A;N/A;N/A;N/A;N/A;N/A;N/A;N/A;N/A;N/A;N/A;N/A;N/A;N/A;N/A;N/A;N/A;N/A;N/A;N/A;N/A;N/A;N/A;N/A;Sí;N/A;N/A;N/A;N/A;N/A;N/A;N/A;N/A;Sí;N/A;N/A;N/A;N/A;N/A;N/A;Sí;Sí;Sí;N/A;N/A;N/A;N/A;N/A;N/A;N/A
Nissan;Frontier;"2.4 Le Mt";2014;"153000 km";;AUTOVENTASAUTOMOTORA;12500;;;;;Pocitos;https://auto.mercadolibre.com.uy/MLU-635147311-nissan-frontier-2014-24-le-mt-_JM;N/A;;"Nissan Frontier 2014 2.4 Le Mt";usd;Sí;silver;false;N/A;N/A;http://perfil.mercadolibre.com.uy/AUTOVENTASAUTOMOTORA;active;N/A;N/A;Usado;N/A;N/A;Hidráulica;4x4;Sí;N/A;N/A;N/A;N/A;N/A;N/A;N/A;N/A;N/A;N/A;N/A;N/A;N/A;N/A;N/A;N/A;N/A;N/A;N/A;N/A;N/A;N/A;N/A;N/A;"2950 mm";"2.4 L";"60 L";N/A;N/A;N/A;N/A;N/A;N/A;N/A;N/A;N/A;N/A;N/A;N/A;N/A;N/A;N/A;N/A;N/A;N/A;N/A;N/A;N/A;N/A;N/A;N/A;N/A;N/A;N/A;N/A;N/A;N/A;N/A;N/A;N/A;N/A;N/A;N/A;N/A;N/A;N/A;N/A;N/A;N/A;N/A;N/A;N/A;N/A;"1695 mm";"5010 mm";N/A;N/A;N/A;N/A;N/A;N/A;Le;N/A;N/A;"1820 mm";N/A;N/A;N/A;N/A;N/A;N/A;N/A;N/A;N/A;N/A;N/A;N/A;N/A;N/A;N/A;N/A;N/A;N/A;2;2.4;Nafta;Manual;Pick-Up;"Autos y camionetas";N/A;N/A;N/A;N/A;N/A;N/A;UY;N/A;N/A;N/A;N/A;N/A;N/A;N/A;N/A;N/A;N/A;N/A;N/A;N/A;N/A;N/A;N/A;N/A;N/A;N/A;N/A;N/A;N/A;N/A;N/A;N/A;N/A;N/A;N/A;N/A;N/A;N/A;N/A;N/A;N/A;N/A;N/A;N/A;N/A;N/A;N/A;N/A;N/A;N/A;N/A;N/A;N/A;N/A;N/A;N/A;N/A;N/A;N/A;N/A;N/A;N/A;N/A;N/A;N/A;N/A;N/A;N/A;N/A;N/A;N/A;N/A;N/A;N/A;N/A;N/A;N/A;N/A;N/A;N/A;N/A;N/A;N/A;N/A;N/A;N/A;N/A;N/A;N/A;N/A;N/A;N/A;N/A;N/A;N/A;N/A;Sí;N/A;N/A;N/A;N/A;N/A;N/A;N/A;N/A;N/A;N/A;N/A;N/A;N/A;N/A;N/A;N/A;N/A;Sí;N/A;N/A;N/A;N/A;N/A;N/A;N/A
Nissan;Sentra;"Le At";1994;"1 km";;"OLIVERA AUTOMOTORES";5800;;;;;Salto;https://auto.mercadolibre.com.uy/MLU-664107142-nissan-sentra-at-_JM;N/A;;"Nissan Sentra At ";usd;Sí;silver;false;N/A;N/A;http://perfil.mercadolibre.com.uy/OLIVERA+AUTOMOTORES;active;N/A;N/A;Usado;Azul;N/A;Hidráulica;Delantera;Sí;N/A;N/A;N/A;N/A;N/A;N/A;N/A;N/A;N/A;N/A;N/A;N/A;N/A;N/A;N/A;N/A;N/A;N/A;N/A;N/A;N/A;N/A;N/A;N/A;N/A;"1.6 L";N/A;N/A;N/A;N/A;N/A;N/A;N/A;N/A;N/A;N/A;N/A;N/A;N/A;N/A;N/A;N/A;N/A;N/A;N/A;N/A;N/A;N/A;N/A;N/A;N/A;N/A;N/A;N/A;N/A;N/A;N/A;N/A;N/A;N/A;N/A;N/A;N/A;N/A;N/A;N/A;N/A;N/A;N/A;N/A;N/A;N/A;N/A;N/A;N/A;N/A;N/A;N/A;N/A;5;N/A;Le;N/A;N/A;N/A;N/A;N/A;N/A;N/A;N/A;N/A;N/A;N/A;N/A;N/A;N/A;N/A;N/A;N/A;N/A;N/A;N/A;N/A;4;1.6;Nafta;Automática;Sedán;"Autos y camionetas";N/A;N/A;N/A;N/A;N/A;N/A;UY;N/A;N/A;N/A;N/A;N/A;N/A;N/A;N/A;N/A;N/A;N/A;N/A;N/A;N/A;N/A;N/A;N/A;N/A;N/A;N/A;N/A;N/A;N/A;N/A;N/A;N/A;N/A;N/A;N/A;N/A;N/A;N/A;N/A;N/A;N/A;N/A;N/A;N/A;N/A;N/A;N/A;N/A;N/A;N/A;N/A;N/A;N/A;N/A;N/A;N/A;N/A;N/A;N/A;N/A;N/A;N/A;N/A;N/A;N/A;N/A;N/A;N/A;N/A;N/A;N/A;N/A;N/A;N/A;N/A;N/A;N/A;N/A;N/A;N/A;N/A;N/A;N/A;N/A;N/A;N/A;N/A;N/A;N/A;N/A;N/A;N/A;N/A;N/A;N/A;Sí;N/A;N/A;N/A;N/A;N/A;N/A;N/A;N/A;N/A;N/A;N/A;N/A;N/A;N/A;N/A;N/A;N/A;Sí;N/A;N/A;N/A;N/A;N/A;N/A;N/A
Nissan;Versa;"1.6 Advance 5vel Mt";2012;"194000 km";;"MARTINEZ AUTOMOVILES";10900;;;;;Prado;https://auto.mercadolibre.com.uy/MLU-634780389-nissan-versa-2012-16-advance-5vel-mt-_JM;N/A;;"Nissan Versa 2012 1.6 Advance 5vel Mt";usd;Sí;silver;false;N/A;N/A;http://perfil.mercadolibre.com.uy/MARTINEZ+AUTOMOVILES;active;N/A;N/A;Usado;N/A;N/A;Hidráulica;Delantera;Sí;N/A;N/A;N/A;N/A;N/A;N/A;N/A;N/A;N/A;N/A;N/A;N/A;N/A;N/A;N/A;N/A;N/A;N/A;N/A;N/A;N/A;N/A;N/A;N/A;N/A;"1.6 L";N/A;N/A;N/A;N/A;N/A;N/A;N/A;N/A;N/A;N/A;N/A;N/A;N/A;N/A;N/A;N/A;N/A;N/A;N/A;N/A;N/A;N/A;N/A;N/A;N/A;N/A;N/A;N/A;N/A;N/A;N/A;N/A;N/A;N/A;N/A;N/A;N/A;N/A;N/A;N/A;N/A;N/A;N/A;N/A;N/A;N/A;N/A;N/A;N/A;N/A;N/A;N/A;N/A;N/A;N/A;Advance;N/A;N/A;N/A;N/A;N/A;N/A;N/A;N/A;N/A;N/A;N/A;N/A;N/A;N/A;N/A;N/A;N/A;N/A;N/A;N/A;N/A;4;1.6;Nafta;Manual;Hatchback;"Autos y camionetas";N/A;N/A;N/A;N/A;N/A;N/A;UY;N/A;N/A;N/A;N/A;N/A;N/A;N/A;N/A;N/A;N/A;N/A;N/A;N/A;N/A;N/A;N/A;N/A;N/A;N/A;N/A;N/A;N/A;N/A;N/A;N/A;N/A;N/A;N/A;N/A;N/A;N/A;N/A;N/A;N/A;N/A;N/A;N/A;N/A;N/A;N/A;N/A;N/A;N/A;N/A;N/A;N/A;N/A;N/A;N/A;N/A;N/A;N/A;N/A;N/A;N/A;N/A;N/A;N/A;N/A;N/A;N/A;N/A;N/A;N/A;N/A;N/A;N/A;N/A;N/A;N/A;N/A;N/A;N/A;N/A;N/A;N/A;N/A;N/A;N/A;N/A;N/A;N/A;N/A;N/A;N/A;N/A;N/A;N/A;N/A;Sí;N/A;N/A;N/A;N/A;N/A;N/A;N/A;N/A;N/A;N/A;N/A;N/A;N/A;N/A;N/A;N/A;N/A;Sí;N/A;N/A;N/A;N/A;N/A;N/A;N/A
Nissan;Frontier;Se;2021;"51050 km";;SPINLE1989;28000;;;;;"Malvin Norte";https://auto.mercadolibre.com.uy/MLU-663625550-nissan-frontier-se-_JM;N/A;;"Nissan Frontier Se";USD;Sí;silver;false;N/A;N/A;http://perfil.mercadolibre.com.uy/SPINLE1989;active;N/A;N/A;Usado;N/A;N/A;N/A;N/A;N/A;N/A;N/A;N/A;N/A;N/A;N/A;N/A;N/A;N/A;N/A;N/A;N/A;N/A;N/A;N/A;N/A;N/A;N/A;N/A;N/A;N/A;N/A;N/A;N/A;N/A;N/A;N/A;N/A;N/A;N/A;N/A;N/A;N/A;N/A;N/A;N/A;N/A;N/A;N/A;N/A;N/A;N/A;N/A;N/A;N/A;N/A;N/A;N/A;N/A;N/A;N/A;N/A;N/A;N/A;N/A;N/A;N/A;N/A;N/A;N/A;N/A;N/A;N/A;N/A;N/A;N/A;N/A;N/A;N/A;N/A;N/A;N/A;N/A;N/A;N/A;N/A;N/A;N/A;N/A;N/A;N/A;N/A;N/A;N/A;N/A;N/A;N/A;N/A;N/A;N/A;N/A;N/A;N/A;N/A;N/A;N/A;N/A;N/A;N/A;N/A;N/A;N/A;N/A;4;N/A;Nafta;N/A;N/A;"Autos y camionetas";N/A;N/A;N/A;N/A;N/A;N/A;N/A;N/A;N/A;N/A;N/A;N/A;N/A;N/A;N/A;N/A;N/A;N/A;N/A;N/A;N/A;N/A;N/A;N/A;N/A;N/A;N/A;N/A;N/A;N/A;N/A;N/A;N/A;N/A;N/A;N/A;N/A;N/A;N/A;N/A;N/A;N/A;N/A;N/A;N/A;N/A;N/A;N/A;N/A;N/A;N/A;N/A;N/A;N/A;N/A;N/A;N/A;N/A;N/A;N/A;N/A;N/A;N/A;N/A;N/A;N/A;N/A;N/A;N/A;N/A;N/A;N/A;N/A;N/A;N/A;N/A;N/A;N/A;N/A;N/A;N/A;N/A;N/A;N/A;N/A;N/A;N/A;N/A;N/A;N/A;N/A;N/A;N/A;N/A;N/A;N/A;N/A;N/A;N/A;N/A;N/A;N/A;N/A;N/A;N/A;N/A;N/A;N/A;N/A;N/A;N/A;N/A;N/A;N/A;N/A;N/A;N/A;N/A;N/A;N/A;N/A;N/A
Nissan;Nissan;"Nissan Sentra B18";2022;"30000 km";;VILLALBAANDRES2012;5990;;;;;"Barros Blancos";https://auto.mercadolibre.com.uy/MLU-662912782-nissan-sentra-b18-ano-2022-chocado-entero-o-por-partes-repu-_JM;N/A;;"Nissan Sentra B18 Año 2022 Chocado  Entero O Por Partes Repu";USD;Sí;silver;false;N/A;N/A;http://perfil.mercadolibre.com.uy/VILLALBAANDRES2012;active;N/A;N/A;Usado;Azul;N/A;N/A;N/A;N/A;N/A;N/A;N/A;N/A;N/A;N/A;N/A;N/A;N/A;N/A;N/A;N/A;N/A;N/A;N/A;N/A;N/A;N/A;N/A;N/A;N/A;N/A;N/A;N/A;N/A;N/A;N/A;N/A;N/A;N/A;N/A;N/A;N/A;N/A;N/A;N/A;N/A;N/A;N/A;N/A;N/A;N/A;N/A;N/A;N/A;N/A;N/A;N/A;N/A;N/A;N/A;N/A;N/A;N/A;N/A;N/A;N/A;N/A;N/A;N/A;N/A;N/A;N/A;N/A;N/A;N/A;N/A;N/A;N/A;N/A;N/A;N/A;N/A;N/A;N/A;N/A;N/A;N/A;N/A;N/A;N/A;N/A;N/A;N/A;N/A;N/A;N/A;N/A;N/A;N/A;N/A;N/A;N/A;N/A;N/A;N/A;N/A;N/A;N/A;N/A;N/A;N/A;N/A;4;N/A;Nafta;Automática;N/A;"Autos y camionetas";N/A;N/A;N/A;N/A;N/A;N/A;N/A;N/A;N/A;N/A;N/A;N/A;N/A;N/A;N/A;N/A;N/A;N/A;N/A;N/A;N/A;N/A;N/A;N/A;N/A;N/A;N/A;N/A;N/A;N/A;N/A;N/A;N/A;N/A;N/A;N/A;N/A;N/A;N/A;N/A;N/A;N/A;N/A;N/A;N/A;N/A;N/A;N/A;N/A;N/A;N/A;N/A;N/A;N/A;N/A;N/A;N/A;N/A;N/A;N/A;N/A;N/A;N/A;N/A;N/A;N/A;N/A;N/A;N/A;N/A;N/A;N/A;N/A;N/A;N/A;N/A;N/A;N/A;N/A;N/A;N/A;N/A;N/A;N/A;N/A;N/A;N/A;N/A;N/A;N/A;N/A;N/A;N/A;N/A;N/A;N/A;N/A;N/A;N/A;N/A;N/A;N/A;N/A;N/A;N/A;N/A;N/A;N/A;N/A;N/A;N/A;N/A;N/A;N/A;N/A;N/A;N/A;N/A;N/A;N/A;N/A;N/A
Nissan;Nissan;"Nissan Frontier 4X4";2012;"11111 km";;VILLALBAANDRES2012;6900;;;;;"Barros Blancos";https://auto.mercadolibre.com.uy/MLU-634559205-oportunidad-nissan-frontier-2012-4x4-chocada-en-marcha-_JM;N/A;;"Oportunidad Nissan Frontier 2012 4x4 Chocada En Marcha ";USD;Sí;silver;false;N/A;N/A;http://perfil.mercadolibre.com.uy/VILLALBAANDRES2012;active;N/A;N/A;Usado;Verde;N/A;N/A;4x4;N/A;N/A;N/A;N/A;N/A;N/A;N/A;N/A;N/A;N/A;N/A;N/A;N/A;N/A;N/A;N/A;N/A;N/A;N/A;N/A;N/A;N/A;N/A;N/A;N/A;N/A;N/A;N/A;N/A;N/A;N/A;N/A;N/A;N/A;N/A;N/A;N/A;N/A;N/A;N/A;N/A;N/A;N/A;N/A;N/A;N/A;N/A;N/A;N/A;N/A;N/A;N/A;N/A;N/A;N/A;N/A;N/A;N/A;N/A;N/A;N/A;N/A;N/A;N/A;N/A;N/A;N/A;N/A;N/A;N/A;N/A;N/A;N/A;N/A;N/A;N/A;N/A;N/A;N/A;N/A;N/A;N/A;N/A;N/A;N/A;N/A;N/A;N/A;N/A;N/A;N/A;N/A;N/A;N/A;N/A;N/A;N/A;N/A;N/A;N/A;N/A;N/A;N/A;N/A;4;2.5;Nafta;N/A;Pick-Up;"Autos y camionetas";N/A;N/A;N/A;N/A;N/A;N/A;N/A;N/A;N/A;N/A;N/A;N/A;N/A;N/A;N/A;N/A;N/A;N/A;N/A;N/A;N/A;N/A;N/A;N/A;N/A;N/A;N/A;N/A;N/A;N/A;N/A;N/A;N/A;N/A;N/A;N/A;N/A;N/A;N/A;N/A;N/A;N/A;N/A;N/A;N/A;N/A;N/A;N/A;N/A;N/A;N/A;N/A;N/A;N/A;N/A;N/A;N/A;N/A;N/A;N/A;N/A;N/A;N/A;N/A;N/A;N/A;N/A;N/A;N/A;N/A;N/A;N/A;N/A;N/A;N/A;N/A;N/A;N/A;N/A;N/A;N/A;N/A;N/A;N/A;N/A;N/A;N/A;N/A;N/A;N/A;N/A;N/A;N/A;N/A;N/A;N/A;N/A;N/A;N/A;N/A;N/A;N/A;N/A;N/A;N/A;N/A;N/A;N/A;N/A;N/A;N/A;N/A;N/A;N/A;N/A;N/A;N/A;N/A;N/A;N/A;N/A;N/A
Nissan;Frontier;"Diesel 4X4";2006;"300000 km";;"BRAVO AUTOMOVILES";17000;;;;;Trinidad;https://auto.mercadolibre.com.uy/MLU-632535385-nissan-frontier-diesel-4x4-_JM;N/A;;"Nissan Frontier Diesel 4x4";USD;No;silver;false;N/A;N/A;http://perfil.mercadolibre.com.uy/BRAVO+AUTOMOVILES;active;N/A;N/A;Usado;N/A;N/A;N/A;N/A;N/A;N/A;N/A;N/A;N/A;N/A;N/A;N/A;N/A;N/A;N/A;N/A;N/A;N/A;N/A;N/A;N/A;N/A;N/A;N/A;N/A;N/A;N/A;N/A;N/A;N/A;N/A;N/A;N/A;N/A;N/A;N/A;N/A;N/A;N/A;N/A;N/A;N/A;N/A;N/A;N/A;N/A;N/A;N/A;N/A;N/A;N/A;N/A;N/A;N/A;N/A;N/A;N/A;N/A;N/A;N/A;N/A;N/A;N/A;N/A;N/A;N/A;N/A;N/A;N/A;N/A;N/A;N/A;N/A;N/A;N/A;N/A;N/A;N/A;N/A;N/A;N/A;N/A;N/A;N/A;N/A;N/A;N/A;N/A;N/A;N/A;N/A;N/A;N/A;N/A;N/A;N/A;N/A;N/A;N/A;N/A;N/A;N/A;N/A;N/A;N/A;N/A;N/A;N/A;4;N/A;Diésel;N/A;N/A;"Autos y camionetas";N/A;N/A;N/A;N/A;N/A;N/A;N/A;N/A;N/A;N/A;N/A;N/A;N/A;N/A;N/A;N/A;N/A;N/A;N/A;N/A;N/A;N/A;N/A;N/A;N/A;N/A;N/A;N/A;N/A;N/A;N/A;N/A;N/A;N/A;N/A;N/A;N/A;N/A;N/A;N/A;N/A;N/A;N/A;N/A;N/A;N/A;N/A;N/A;N/A;N/A;N/A;N/A;N/A;N/A;N/A;N/A;N/A;N/A;N/A;N/A;N/A;N/A;N/A;N/A;N/A;N/A;N/A;N/A;N/A;N/A;N/A;N/A;N/A;N/A;N/A;N/A;N/A;N/A;N/A;N/A;N/A;N/A;N/A;N/A;N/A;N/A;N/A;N/A;N/A;N/A;N/A;N/A;N/A;N/A;N/A;N/A;N/A;N/A;N/A;N/A;N/A;N/A;N/A;N/A;N/A;N/A;N/A;N/A;N/A;N/A;N/A;N/A;N/A;N/A;N/A;N/A;N/A;N/A;N/A;N/A;N/A;N/A
Nissan;"NP300 Frontier";PRO4X;2023;"0 km";;NISSANPDE;69538;;;;;"Punta del Este";https://auto.mercadolibre.com.uy/MLU-630288177-nissan-frontier-4x4-dc-diesel-pro-4-x-7at-bono-us-2000-_JM;N/A;;"Nissan Frontier 4x4 Dc Diesel Pro 4 X 7at Bono  U$s 2000";USD;Sí;silver;false;N/A;N/A;http://perfil.mercadolibre.com.uy/NISSANPDE;active;N/A;N/A;Nuevo;Gris;N/A;Hidráulica;Integral;N/A;Sí;N/A;N/A;N/A;Sí;N/A;N/A;Sí;N/A;N/A;No;N/A;N/A;N/A;N/A;N/A;N/A;N/A;N/A;N/A;N/A;N/A;N/A;N/A;N/A;N/A;N/A;N/A;N/A;N/A;N/A;N/A;N/A;N/A;N/A;N/A;N/A;N/A;N/A;N/A;N/A;N/A;N/A;N/A;N/A;N/A;N/A;N/A;N/A;N/A;N/A;N/A;N/A;N/A;N/A;N/A;N/A;N/A;N/A;N/A;N/A;N/A;N/A;N/A;N/A;N/A;N/A;N/A;N/A;N/A;N/A;N/A;N/A;N/A;N/A;N/A;N/A;N/A;N/A;N/A;N/A;N/A;N/A;N/A;N/A;N/A;N/A;N/A;N/A;N/A;N/A;N/A;N/A;N/A;N/A;N/A;N/A;N/A;N/A;N/A;N/A;N/A;"Lunes a Viernes de 09 A 18";4;2.5;Diésel;Automática;Pick-Up;"Autos y camionetas";N/A;N/A;N/A;N/A;N/A;N/A;N/A;N/A;N/A;N/A;N/A;N/A;N/A;N/A;N/A;N/A;N/A;N/A;N/A;N/A;N/A;N/A;N/A;N/A;Sí;N/A;N/A;N/A;N/A;N/A;N/A;N/A;N/A;N/A;N/A;N/A;N/A;N/A;N/A;N/A;N/A;N/A;N/A;N/A;N/A;N/A;N/A;N/A;N/A;N/A;N/A;N/A;N/A;N/A;N/A;N/A;N/A;N/A;N/A;N/A;N/A;N/A;N/A;N/A;N/A;N/A;N/A;N/A;N/A;N/A;N/A;N/A;N/A;N/A;N/A;N/A;N/A;N/A;N/A;N/A;N/A;N/A;N/A;N/A;N/A;N/A;N/A;N/A;N/A;N/A;N/A;N/A;N/A;N/A;N/A;N/A;Sí;Sí;Sí;N/A;Sí;N/A;N/A;N/A;N/A;Sí;No;Sí;No;N/A;N/A;Sí;N/A;Sí;Sí;Sí;Sí;N/A;N/A;Sí;N/A;Sí
Nissan;"D22 frontier";"Frontier 4x4";2000;"300000 km";;ALFONSOGONZALEZ413;12000;;;;;Tacuarembó;https://auto.mercadolibre.com.uy/MLU-634897127-nissan-d22-d22-4x4-_JM;N/A;;"Nissan D22 D22 4x4";usd;No;silver;false;N/A;N/A;http://perfil.mercadolibre.com.uy/ALFONSOGONZALEZ413;active;N/A;N/A;Usado;N/A;N/A;Hidráulica;4x4;Sí;N/A;N/A;N/A;N/A;N/A;N/A;N/A;N/A;N/A;N/A;N/A;N/A;N/A;N/A;N/A;N/A;N/A;N/A;N/A;N/A;N/A;N/A;N/A;N/A;N/A;"2.4 L";N/A;N/A;N/A;N/A;N/A;N/A;N/A;N/A;N/A;N/A;N/A;N/A;N/A;N/A;N/A;N/A;N/A;N/A;N/A;N/A;N/A;N/A;N/A;N/A;N/A;N/A;N/A;N/A;N/A;N/A;N/A;N/A;N/A;N/A;N/A;N/A;N/A;N/A;N/A;N/A;N/A;N/A;N/A;N/A;N/A;N/A;N/A;N/A;N/A;N/A;N/A;N/A;N/A;N/A;N/A;Se;N/A;N/A;N/A;N/A;N/A;N/A;N/A;N/A;N/A;N/A;N/A;N/A;N/A;N/A;N/A;N/A;N/A;N/A;N/A;N/A;N/A;4;2.4;Diésel;Automática;Pick-Up;"Autos y camionetas";N/A;N/A;N/A;N/A;N/A;N/A;UY;N/A;N/A;N/A;N/A;N/A;N/A;N/A;N/A;N/A;N/A;N/A;N/A;N/A;N/A;N/A;N/A;N/A;N/A;N/A;N/A;N/A;N/A;N/A;N/A;N/A;N/A;N/A;N/A;N/A;N/A;N/A;N/A;N/A;N/A;N/A;N/A;N/A;N/A;N/A;N/A;N/A;N/A;N/A;N/A;N/A;N/A;N/A;N/A;N/A;N/A;N/A;N/A;N/A;N/A;N/A;N/A;N/A;N/A;N/A;N/A;N/A;N/A;N/A;N/A;N/A;N/A;N/A;N/A;N/A;N/A;N/A;N/A;N/A;N/A;N/A;N/A;N/A;N/A;N/A;N/A;N/A;N/A;N/A;N/A;N/A;N/A;N/A;N/A;N/A;Sí;N/A;N/A;N/A;N/A;N/A;N/A;N/A;N/A;N/A;N/A;N/A;N/A;N/A;N/A;N/A;N/A;N/A;Sí;N/A;N/A;N/A;N/A;N/A;N/A;N/A
Nissan;Versa;"1.6 Advance Mt";2016;"79000 km";;DEBOOMAUTOMOVILES;13900;;;;;Solymar;https://auto.mercadolibre.com.uy/MLU-635081627-nissan-versa-advance-at-_JM;N/A;;"Nissan Versa Advance At";usd;Sí;silver;false;N/A;N/A;http://perfil.mercadolibre.com.uy/DEBOOMAUTOMOVILES;active;N/A;N/A;Usado;Azul;N/A;Hidráulica;Delantera;Sí;N/A;N/A;N/A;N/A;N/A;N/A;N/A;N/A;N/A;N/A;N/A;N/A;N/A;N/A;N/A;N/A;N/A;N/A;N/A;N/A;N/A;N/A;N/A;N/A;"2600 mm";"1.6 L";"41 L";5;N/A;N/A;N/A;N/A;N/A;N/A;N/A;N/A;N/A;N/A;N/A;N/A;N/A;N/A;N/A;N/A;N/A;N/A;N/A;N/A;N/A;N/A;N/A;N/A;N/A;N/A;N/A;N/A;N/A;N/A;N/A;N/A;N/A;Sí;Sí;N/A;N/A;N/A;N/A;N/A;N/A;N/A;N/A;N/A;N/A;"1506 mm";"4492 mm";N/A;N/A;N/A;N/A;5;"106 hp";Advance;N/A;4;"1695 mm";N/A;N/A;N/A;N/A;N/A;N/A;N/A;Sí;N/A;N/A;N/A;N/A;N/A;N/A;N/A;N/A;N/A;N/A;4;1.6;Nafta;Manual;Sedán;"Autos y camionetas";N/A;N/A;N/A;N/A;N/A;N/A;UY;N/A;N/A;N/A;N/A;N/A;N/A;N/A;N/A;N/A;N/A;N/A;N/A;N/A;N/A;N/A;N/A;N/A;N/A;N/A;N/A;N/A;N/A;N/A;N/A;N/A;N/A;N/A;N/A;N/A;N/A;N/A;N/A;N/A;N/A;N/A;N/A;N/A;N/A;N/A;N/A;N/A;N/A;N/A;N/A;N/A;N/A;N/A;N/A;N/A;N/A;N/A;N/A;N/A;N/A;N/A;N/A;N/A;N/A;N/A;N/A;N/A;N/A;N/A;N/A;N/A;N/A;N/A;N/A;N/A;N/A;N/A;N/A;N/A;N/A;N/A;N/A;N/A;N/A;N/A;N/A;N/A;N/A;N/A;N/A;N/A;N/A;N/A;N/A;N/A;Sí;N/A;Sí;N/A;N/A;N/A;N/A;Sí;N/A;Sí;N/A;N/A;N/A;N/A;N/A;N/A;Sí;N/A;Sí;N/A;N/A;N/A;N/A;Sí;N/A;N/A
Nissan;Cew;..;2011;"230000 km";;ANSIT_MF;10000;;;;;"Punta del Este";https://auto.mercadolibre.com.uy/MLU-664794292-nissan-cew--_JM;N/A;;"Nissan Cew  ..";USD;Sí;silver;false;N/A;N/A;http://perfil.mercadolibre.com.uy/ANSIT_MF;active;N/A;N/A;Usado;N/A;N/A;N/A;N/A;N/A;N/A;N/A;N/A;N/A;N/A;N/A;N/A;N/A;N/A;N/A;N/A;N/A;N/A;N/A;N/A;N/A;N/A;N/A;N/A;N/A;N/A;N/A;N/A;N/A;N/A;N/A;N/A;N/A;N/A;N/A;N/A;N/A;N/A;N/A;N/A;N/A;N/A;N/A;N/A;N/A;N/A;N/A;N/A;N/A;N/A;N/A;N/A;N/A;N/A;N/A;N/A;N/A;N/A;N/A;N/A;N/A;N/A;N/A;N/A;N/A;N/A;N/A;N/A;N/A;N/A;N/A;N/A;N/A;N/A;N/A;N/A;N/A;N/A;N/A;N/A;N/A;N/A;N/A;N/A;N/A;N/A;N/A;N/A;N/A;N/A;N/A;N/A;N/A;N/A;N/A;N/A;N/A;N/A;N/A;N/A;N/A;N/A;N/A;N/A;N/A;N/A;N/A;N/A;4;N/A;Nafta;N/A;N/A;"Autos y camionetas";N/A;N/A;N/A;N/A;N/A;N/A;N/A;N/A;N/A;N/A;N/A;N/A;N/A;N/A;N/A;N/A;N/A;N/A;N/A;N/A;N/A;N/A;N/A;N/A;N/A;N/A;N/A;N/A;N/A;N/A;N/A;N/A;N/A;N/A;N/A;N/A;N/A;N/A;N/A;N/A;N/A;N/A;N/A;N/A;N/A;N/A;N/A;N/A;N/A;N/A;N/A;N/A;N/A;N/A;N/A;N/A;N/A;N/A;N/A;N/A;N/A;N/A;N/A;N/A;N/A;N/A;N/A;N/A;N/A;N/A;N/A;N/A;N/A;N/A;N/A;N/A;N/A;N/A;N/A;N/A;N/A;N/A;N/A;N/A;N/A;N/A;N/A;N/A;N/A;N/A;N/A;N/A;N/A;N/A;N/A;N/A;N/A;N/A;N/A;N/A;N/A;N/A;N/A;N/A;N/A;N/A;N/A;N/A;N/A;N/A;N/A;N/A;N/A;N/A;N/A;N/A;N/A;N/A;N/A;N/A;N/A;N/A
Nissan;Sentra;"Se Mt";1995;"170000 km";;NESTORANDRESPONTETGONZALEZ;4900;;;;;"Nueva Helvecia";https://auto.mercadolibre.com.uy/MLU-664823652-nissan-sentra-_JM;N/A;;"Nissan Sentra";usd;Sí;silver;false;N/A;N/A;http://perfil.mercadolibre.com.uy/NESTORANDRESPONTETGONZALEZ;active;N/A;N/A;Usado;Rojo;N/A;Hidráulica;Delantera;Sí;N/A;N/A;N/A;N/A;N/A;N/A;N/A;N/A;N/A;N/A;N/A;N/A;N/A;N/A;N/A;N/A;N/A;N/A;N/A;N/A;N/A;N/A;N/A;N/A;N/A;"1.6 L";N/A;N/A;N/A;N/A;N/A;N/A;N/A;N/A;N/A;N/A;N/A;N/A;N/A;N/A;N/A;N/A;N/A;N/A;N/A;N/A;N/A;N/A;N/A;N/A;N/A;N/A;N/A;N/A;N/A;N/A;N/A;N/A;N/A;N/A;N/A;N/A;N/A;N/A;N/A;N/A;N/A;N/A;N/A;N/A;N/A;N/A;N/A;N/A;N/A;N/A;N/A;N/A;N/A;5;N/A;Se;N/A;N/A;N/A;N/A;N/A;N/A;N/A;N/A;N/A;N/A;N/A;N/A;N/A;N/A;N/A;N/A;N/A;N/A;N/A;N/A;"9 A 18";4;1.6;Nafta;Manual;Sedán;"Autos y camionetas";N/A;N/A;N/A;N/A;N/A;N/A;UY;N/A;N/A;N/A;N/A;N/A;N/A;N/A;N/A;N/A;N/A;N/A;N/A;N/A;N/A;N/A;N/A;N/A;N/A;N/A;N/A;N/A;N/A;N/A;N/A;N/A;N/A;N/A;N/A;N/A;N/A;N/A;N/A;N/A;N/A;N/A;N/A;N/A;N/A;N/A;N/A;N/A;N/A;N/A;N/A;N/A;N/A;N/A;N/A;N/A;N/A;N/A;N/A;N/A;N/A;N/A;N/A;N/A;N/A;N/A;N/A;N/A;N/A;N/A;N/A;N/A;N/A;N/A;N/A;N/A;N/A;N/A;N/A;N/A;N/A;N/A;N/A;N/A;N/A;N/A;N/A;N/A;N/A;N/A;N/A;N/A;N/A;N/A;N/A;N/A;Sí;N/A;N/A;N/A;N/A;N/A;N/A;N/A;N/A;N/A;N/A;N/A;N/A;N/A;N/A;N/A;N/A;N/A;Sí;N/A;N/A;N/A;N/A;N/A;N/A;N/A
Nissan;Versa;"1.6 Advance";2023;"0 km";;PIDENOSA;27490;;;;;Maldonado;https://auto.mercadolibre.com.uy/MLU-664772316-nissan-new-versa-ph2-advance-mt-_JM;N/A;;"Nissan New Versa Ph2 Advance M/t";usd;Sí;silver;false;N/A;N/A;http://perfil.mercadolibre.com.uy/PIDENOSA;active;N/A;N/A;Nuevo;Rojo;N/A;Hidráulica;Delantera;Sí;N/A;N/A;N/A;N/A;N/A;N/A;N/A;N/A;N/A;N/A;N/A;N/A;N/A;N/A;N/A;N/A;N/A;N/A;N/A;N/A;N/A;N/A;N/A;N/A;"2600 mm";"1.6 L";"41 L";5;N/A;N/A;N/A;N/A;N/A;N/A;N/A;N/A;N/A;N/A;N/A;N/A;N/A;N/A;N/A;N/A;N/A;N/A;N/A;N/A;N/A;N/A;N/A;N/A;N/A;N/A;N/A;N/A;N/A;N/A;N/A;N/A;N/A;Sí;Sí;N/A;N/A;N/A;N/A;N/A;N/A;N/A;N/A;N/A;N/A;"1506 mm";"4492 mm";N/A;N/A;N/A;N/A;5;"106 hp";Advance;N/A;4;"1695 mm";N/A;N/A;N/A;N/A;N/A;N/A;N/A;Sí;N/A;N/A;N/A;N/A;N/A;N/A;N/A;N/A;N/A;N/A;4;1.6;Nafta;Manual;Sedán;"Autos y camionetas";N/A;N/A;N/A;N/A;N/A;N/A;UY;N/A;N/A;N/A;N/A;N/A;N/A;N/A;N/A;N/A;N/A;N/A;N/A;N/A;N/A;N/A;N/A;N/A;N/A;N/A;N/A;N/A;N/A;N/A;N/A;N/A;N/A;N/A;N/A;N/A;N/A;N/A;N/A;N/A;N/A;N/A;N/A;N/A;N/A;N/A;N/A;N/A;N/A;N/A;N/A;N/A;N/A;N/A;N/A;N/A;N/A;N/A;N/A;N/A;N/A;N/A;N/A;N/A;N/A;N/A;N/A;N/A;N/A;N/A;N/A;N/A;N/A;N/A;N/A;N/A;N/A;N/A;N/A;N/A;N/A;N/A;N/A;N/A;N/A;N/A;N/A;N/A;N/A;N/A;N/A;N/A;N/A;N/A;N/A;N/A;Sí;N/A;Sí;N/A;N/A;N/A;N/A;Sí;N/A;Sí;N/A;N/A;N/A;N/A;N/A;N/A;Sí;N/A;Sí;N/A;N/A;N/A;N/A;Sí;N/A;N/A
Nissan;"NP300 Frontier";"S 4X2 NAFTA";2023;"0 km";;PIDENOSA;29888;;;;;Maldonado;https://auto.mercadolibre.com.uy/MLU-650748472-nissan-np300-4x2-s-nafta-_JM;N/A;;"Nissan Np300 4x2 S Nafta";USD;Sí;silver;false;N/A;N/A;http://perfil.mercadolibre.com.uy/PIDENOSA;active;N/A;N/A;Nuevo;Blanco;N/A;Hidráulica;4x2;Sí;N/A;N/A;N/A;N/A;N/A;N/A;N/A;N/A;N/A;N/A;N/A;Sí;N/A;N/A;N/A;N/A;N/A;N/A;N/A;N/A;N/A;N/A;N/A;N/A;N/A;N/A;N/A;N/A;N/A;N/A;N/A;N/A;N/A;N/A;N/A;N/A;N/A;N/A;N/A;N/A;N/A;N/A;N/A;N/A;N/A;N/A;N/A;N/A;N/A;N/A;N/A;N/A;N/A;N/A;N/A;N/A;N/A;N/A;N/A;N/A;N/A;N/A;N/A;N/A;N/A;N/A;N/A;N/A;N/A;N/A;N/A;N/A;N/A;N/A;N/A;N/A;N/A;N/A;N/A;N/A;N/A;N/A;N/A;N/A;N/A;N/A;N/A;N/A;N/A;N/A;N/A;N/A;N/A;N/A;N/A;N/A;N/A;N/A;N/A;N/A;N/A;N/A;N/A;4;2.5;Nafta;Manual;Pick-Up;"Autos y camionetas";N/A;N/A;N/A;N/A;N/A;N/A;N/A;N/A;N/A;N/A;N/A;N/A;N/A;N/A;N/A;N/A;N/A;N/A;N/A;N/A;N/A;N/A;N/A;N/A;N/A;N/A;N/A;N/A;N/A;N/A;N/A;N/A;N/A;N/A;N/A;N/A;N/A;N/A;N/A;N/A;N/A;N/A;N/A;N/A;N/A;N/A;N/A;N/A;N/A;N/A;N/A;N/A;N/A;N/A;N/A;N/A;N/A;N/A;N/A;N/A;N/A;N/A;N/A;N/A;N/A;N/A;N/A;N/A;N/A;N/A;N/A;N/A;N/A;N/A;N/A;N/A;N/A;N/A;N/A;N/A;N/A;N/A;N/A;N/A;N/A;N/A;N/A;N/A;N/A;N/A;N/A;N/A;N/A;N/A;N/A;N/A;Sí;N/A;N/A;N/A;Sí;N/A;N/A;N/A;N/A;Sí;N/A;N/A;N/A;N/A;N/A;N/A;N/A;N/A;N/A;N/A;N/A;N/A;N/A;N/A;N/A;N/A
Nissan;Frontier;"NP300 D,CABINA";2018;"247000 km";;"AUTOMOTORA DRIVERS";16000;;;;;Centro;https://auto.mercadolibre.com.uy/MLU-633998825-nissan-frontier-np300-se-25-dcab-2018-us-16000-dta-iva-_JM;N/A;;"Nissan Frontier Np300 Se 2.5 D.cab 2018 U$s 16000 Dta Iva ";USD;Sí;silver;false;N/A;N/A;http://perfil.mercadolibre.com.uy/AUTOMOTORA+DRIVERS;active;N/A;N/A;Usado;Gris;N/A;Hidráulica;Delantera;Sí;Sí;N/A;N/A;N/A;N/A;N/A;N/A;N/A;N/A;N/A;N/A;Sí;N/A;N/A;N/A;N/A;N/A;N/A;N/A;N/A;N/A;N/A;N/A;N/A;N/A;N/A;N/A;N/A;N/A;N/A;N/A;N/A;N/A;N/A;N/A;N/A;N/A;N/A;N/A;N/A;N/A;N/A;N/A;N/A;N/A;N/A;N/A;N/A;N/A;N/A;N/A;N/A;N/A;N/A;N/A;N/A;N/A;N/A;N/A;N/A;N/A;N/A;N/A;N/A;N/A;N/A;N/A;N/A;N/A;N/A;N/A;N/A;N/A;N/A;N/A;N/A;N/A;N/A;N/A;N/A;N/A;N/A;N/A;N/A;N/A;N/A;N/A;N/A;N/A;Sí;N/A;Sí;N/A;N/A;N/A;N/A;N/A;N/A;N/A;N/A;N/A;N/A;"LUNES A VIERNES DE 10 A 18 HRS";4;2.5;Nafta;Manual;N/A;"Autos y camionetas";N/A;N/A;N/A;N/A;N/A;N/A;N/A;N/A;Sí;N/A;N/A;N/A;N/A;N/A;N/A;N/A;N/A;N/A;N/A;N/A;N/A;N/A;N/A;N/A;N/A;N/A;N/A;N/A;N/A;N/A;N/A;N/A;N/A;N/A;N/A;N/A;N/A;N/A;N/A;N/A;N/A;N/A;N/A;N/A;N/A;N/A;N/A;N/A;N/A;N/A;N/A;N/A;N/A;N/A;N/A;N/A;N/A;N/A;N/A;N/A;N/A;N/A;N/A;N/A;N/A;N/A;N/A;N/A;N/A;N/A;N/A;N/A;N/A;N/A;N/A;N/A;N/A;N/A;N/A;N/A;N/A;N/A;N/A;N/A;N/A;N/A;N/A;N/A;N/A;N/A;N/A;N/A;N/A;N/A;N/A;N/A;Sí;N/A;N/A;N/A;N/A;N/A;N/A;N/A;N/A;Sí;N/A;Sí;N/A;N/A;N/A;Sí;N/A;Sí;Sí;Sí;N/A;N/A;N/A;N/A;N/A;Sí
Nissan;Sentra;B14;1998;"180000 km";;"AUSTRAL AUTOMOVILES";5200;;;;;"Brazo Oriental";https://auto.mercadolibre.com.uy/MLU-632431349-nissan-sentra-b-14-super-saloon-1997-_JM;N/A;;"Nissan Sentra B 14 Super Saloon 1997";USD;Sí;silver;false;N/A;N/A;http://perfil.mercadolibre.com.uy/AUSTRAL+AUTOMOVILES;active;N/A;N/A;Usado;Rojo;N/A;Hidráulica;4x2;N/A;N/A;N/A;N/A;N/A;N/A;N/A;N/A;N/A;N/A;N/A;N/A;N/A;N/A;N/A;N/A;N/A;N/A;N/A;N/A;N/A;N/A;N/A;N/A;N/A;N/A;N/A;N/A;N/A;N/A;N/A;N/A;N/A;N/A;N/A;N/A;N/A;N/A;N/A;N/A;N/A;N/A;N/A;N/A;N/A;N/A;N/A;N/A;N/A;N/A;N/A;N/A;N/A;N/A;N/A;N/A;N/A;N/A;N/A;N/A;N/A;N/A;N/A;N/A;N/A;N/A;N/A;N/A;N/A;N/A;N/A;N/A;N/A;N/A;N/A;N/A;N/A;N/A;N/A;N/A;N/A;N/A;N/A;N/A;N/A;N/A;N/A;No;N/A;N/A;N/A;N/A;Sí;N/A;N/A;N/A;N/A;N/A;N/A;N/A;N/A;N/A;N/A;"10 A 19";4;N/A;Nafta;Manual;Sedán;"Autos y camionetas";N/A;N/A;N/A;N/A;N/A;N/A;N/A;N/A;N/A;N/A;N/A;N/A;N/A;N/A;N/A;N/A;N/A;N/A;N/A;N/A;N/A;N/A;N/A;N/A;N/A;N/A;N/A;N/A;N/A;N/A;N/A;N/A;N/A;N/A;N/A;N/A;N/A;N/A;N/A;N/A;N/A;N/A;N/A;N/A;N/A;N/A;N/A;N/A;N/A;N/A;N/A;N/A;N/A;N/A;N/A;N/A;N/A;N/A;N/A;N/A;N/A;N/A;N/A;N/A;N/A;N/A;N/A;N/A;N/A;N/A;N/A;N/A;N/A;N/A;N/A;N/A;N/A;N/A;N/A;N/A;N/A;N/A;N/A;N/A;N/A;N/A;N/A;N/A;N/A;N/A;N/A;N/A;N/A;N/A;N/A;N/A;N/A;N/A;N/A;N/A;N/A;N/A;N/A;N/A;N/A;N/A;N/A;N/A;N/A;N/A;N/A;N/A;N/A;N/A;N/A;N/A;N/A;N/A;N/A;N/A;N/A;N/A
Nissan;March;"1.6 Drive Mt";2013;"62500 km";;LUCIO2008L;10800;;;;;Pocitos;https://auto.mercadolibre.com.uy/MLU-635047613-nissan-march-2013-16-drive-mt-_JM;N/A;;"Nissan March 2013 1.6 Drive Mt";usd;Sí;silver;false;N/A;N/A;http://perfil.mercadolibre.com.uy/LUCIO2008L;active;N/A;N/A;Usado;N/A;N/A;Hidráulica;Delantera;Sí;N/A;N/A;N/A;N/A;N/A;N/A;N/A;N/A;N/A;N/A;N/A;N/A;N/A;N/A;N/A;N/A;N/A;N/A;N/A;N/A;N/A;N/A;N/A;N/A;"2450 mm";"1.6 L";"41 L";N/A;N/A;N/A;N/A;N/A;N/A;N/A;N/A;N/A;N/A;N/A;N/A;N/A;N/A;N/A;N/A;N/A;N/A;N/A;N/A;N/A;N/A;N/A;N/A;N/A;N/A;N/A;N/A;N/A;N/A;N/A;N/A;N/A;N/A;N/A;N/A;N/A;N/A;N/A;N/A;N/A;N/A;N/A;N/A;N/A;N/A;"1528 mm";"3780 mm";N/A;N/A;N/A;N/A;5;"109 hp";Drive;N/A;N/A;"1665 mm";N/A;N/A;N/A;N/A;N/A;N/A;N/A;N/A;N/A;N/A;N/A;N/A;N/A;N/A;N/A;N/A;N/A;N/A;5;1.6;Nafta;Manual;Hatchback;"Autos y camionetas";N/A;N/A;N/A;N/A;N/A;N/A;UY;N/A;N/A;N/A;N/A;N/A;N/A;N/A;N/A;N/A;N/A;N/A;N/A;N/A;N/A;N/A;N/A;N/A;N/A;N/A;N/A;N/A;N/A;N/A;N/A;N/A;N/A;N/A;N/A;N/A;N/A;N/A;N/A;N/A;N/A;N/A;N/A;N/A;N/A;N/A;N/A;N/A;N/A;N/A;N/A;N/A;N/A;N/A;N/A;N/A;N/A;N/A;N/A;N/A;N/A;N/A;N/A;N/A;N/A;N/A;N/A;N/A;N/A;N/A;N/A;N/A;N/A;N/A;N/A;N/A;N/A;N/A;N/A;N/A;N/A;N/A;N/A;N/A;N/A;N/A;N/A;N/A;N/A;N/A;N/A;N/A;N/A;N/A;N/A;N/A;Sí;N/A;N/A;N/A;N/A;N/A;N/A;N/A;N/A;N/A;N/A;N/A;N/A;N/A;N/A;N/A;N/A;N/A;Sí;N/A;N/A;N/A;N/A;N/A;N/A;N/A
Nissan;Nissan;"nissan Note Cvt";2013;"11111 km";;VILLALBAANDRES2012;5700;;;;;"Barros Blancos";https://auto.mercadolibre.com.uy/MLU-661662580-oportunidad-nissan-note-automatico-chocado-en-marcha-_JM;N/A;;"Oportunidad Nissan Note Automatico Chocado En Marcha ";USD;Sí;silver;false;N/A;N/A;http://perfil.mercadolibre.com.uy/VILLALBAANDRES2012;active;N/A;N/A;Usado;Rojo;N/A;N/A;N/A;N/A;N/A;N/A;N/A;N/A;N/A;N/A;N/A;N/A;N/A;N/A;N/A;N/A;N/A;N/A;N/A;N/A;N/A;N/A;N/A;N/A;N/A;N/A;N/A;N/A;N/A;N/A;N/A;N/A;N/A;N/A;N/A;N/A;N/A;N/A;N/A;N/A;N/A;N/A;N/A;N/A;N/A;N/A;N/A;N/A;N/A;N/A;N/A;N/A;N/A;N/A;N/A;N/A;N/A;N/A;N/A;N/A;N/A;N/A;N/A;N/A;N/A;N/A;N/A;N/A;N/A;N/A;N/A;N/A;N/A;N/A;N/A;N/A;N/A;N/A;N/A;N/A;N/A;N/A;N/A;N/A;N/A;N/A;N/A;N/A;N/A;N/A;N/A;N/A;N/A;N/A;N/A;N/A;N/A;N/A;N/A;N/A;N/A;N/A;N/A;N/A;N/A;N/A;N/A;4;N/A;Nafta;Automática;N/A;"Autos y camionetas";N/A;N/A;N/A;N/A;N/A;N/A;N/A;N/A;N/A;N/A;N/A;N/A;N/A;N/A;N/A;N/A;N/A;N/A;N/A;N/A;N/A;N/A;N/A;N/A;N/A;N/A;N/A;N/A;N/A;N/A;N/A;N/A;N/A;N/A;N/A;N/A;N/A;N/A;N/A;N/A;N/A;N/A;N/A;N/A;N/A;N/A;N/A;N/A;N/A;N/A;N/A;N/A;N/A;N/A;N/A;N/A;N/A;N/A;N/A;N/A;N/A;N/A;N/A;N/A;N/A;N/A;N/A;N/A;N/A;N/A;N/A;N/A;N/A;N/A;N/A;N/A;N/A;N/A;N/A;N/A;N/A;N/A;N/A;N/A;N/A;N/A;N/A;N/A;N/A;N/A;N/A;N/A;N/A;N/A;N/A;N/A;N/A;N/A;N/A;N/A;N/A;N/A;N/A;N/A;N/A;N/A;N/A;N/A;N/A;N/A;N/A;N/A;N/A;N/A;N/A;N/A;N/A;N/A;N/A;N/A;N/A;N/A
Nissan;Tiida;"1.6 Drive Sedan Mt";2015;"172000 km";;POIG6265995;9700;;;;;"Malvin Norte";https://auto.mercadolibre.com.uy/MLU-634682737-nissan-tiida-2015-16-drive-sedan-mt-_JM;N/A;;"Nissan Tiida 2015 1.6 Drive Sedan Mt";usd;Sí;silver;false;N/A;N/A;http://perfil.mercadolibre.com.uy/POIG6265995;active;N/A;N/A;Usado;N/A;N/A;Hidráulica;Delantera;Sí;N/A;N/A;N/A;N/A;N/A;N/A;N/A;N/A;N/A;N/A;N/A;N/A;N/A;N/A;N/A;N/A;N/A;N/A;N/A;N/A;N/A;N/A;N/A;N/A;"2600 mm";"1.6 L";"52 L";N/A;N/A;N/A;N/A;N/A;N/A;N/A;N/A;N/A;N/A;N/A;N/A;N/A;N/A;N/A;N/A;N/A;N/A;N/A;N/A;N/A;N/A;N/A;N/A;N/A;N/A;N/A;N/A;N/A;N/A;N/A;N/A;N/A;N/A;N/A;N/A;N/A;N/A;N/A;N/A;N/A;N/A;N/A;N/A;N/A;N/A;"1548 mm";"4470 mm";N/A;N/A;N/A;N/A;5;N/A;N/A;N/A;N/A;"1695 mm";N/A;N/A;N/A;N/A;N/A;N/A;N/A;N/A;N/A;N/A;N/A;N/A;N/A;N/A;N/A;N/A;N/A;N/A;4;1.6;Nafta;Manual;Sedán;"Autos y camionetas";N/A;N/A;N/A;N/A;N/A;N/A;UY;N/A;N/A;N/A;N/A;N/A;N/A;N/A;N/A;N/A;N/A;N/A;N/A;N/A;N/A;N/A;N/A;N/A;N/A;N/A;N/A;N/A;N/A;N/A;N/A;N/A;N/A;N/A;N/A;N/A;N/A;N/A;N/A;N/A;N/A;N/A;N/A;N/A;N/A;N/A;N/A;N/A;N/A;N/A;N/A;N/A;N/A;N/A;N/A;N/A;N/A;N/A;N/A;N/A;N/A;N/A;N/A;N/A;N/A;N/A;N/A;N/A;N/A;N/A;N/A;N/A;N/A;N/A;N/A;N/A;N/A;N/A;N/A;N/A;N/A;N/A;N/A;N/A;N/A;N/A;N/A;N/A;N/A;N/A;N/A;N/A;N/A;N/A;N/A;N/A;Sí;N/A;N/A;N/A;N/A;N/A;N/A;N/A;N/A;N/A;N/A;N/A;N/A;N/A;N/A;N/A;N/A;N/A;Sí;N/A;N/A;N/A;N/A;N/A;N/A;N/A
Nissan;Frontier;Cl;2023;"0 km";;"OMAR CASTROAUTOMOVILES";25828;;;;;Salto;https://auto.mercadolibre.com.uy/MLU-653699016-nissan-np300-frontier-s-cl-4x2-6-tm-_JM;N/A;;"Nissan Np300 Frontier S Cl 4x2 6 T/m";USD;Sí;silver;false;N/A;N/A;http://perfil.mercadolibre.com.uy/OMAR+CASTROAUTOMOVILES;active;N/A;N/A;Nuevo;Blanco;N/A;N/A;N/A;N/A;N/A;N/A;N/A;N/A;N/A;N/A;N/A;N/A;N/A;N/A;N/A;N/A;N/A;N/A;N/A;N/A;N/A;N/A;N/A;N/A;N/A;N/A;N/A;N/A;N/A;N/A;N/A;N/A;N/A;N/A;N/A;N/A;N/A;N/A;N/A;N/A;N/A;N/A;N/A;N/A;N/A;N/A;N/A;N/A;N/A;N/A;N/A;N/A;N/A;N/A;N/A;N/A;N/A;N/A;N/A;N/A;N/A;N/A;N/A;N/A;N/A;N/A;N/A;N/A;N/A;N/A;N/A;N/A;N/A;N/A;N/A;N/A;N/A;N/A;N/A;N/A;N/A;N/A;N/A;N/A;N/A;N/A;N/A;N/A;N/A;N/A;N/A;N/A;N/A;N/A;N/A;N/A;N/A;N/A;N/A;N/A;N/A;N/A;N/A;N/A;N/A;N/A;"Lunes a viernes 08:00-12:00 y de 15:00 a 19:00, Sabados 08:30 a 12:30";2;N/A;Nafta;N/A;N/A;"Autos y camionetas";N/A;N/A;N/A;N/A;N/A;N/A;N/A;N/A;N/A;N/A;N/A;N/A;N/A;N/A;N/A;N/A;N/A;N/A;N/A;N/A;N/A;N/A;N/A;N/A;N/A;N/A;N/A;N/A;N/A;N/A;N/A;N/A;N/A;N/A;N/A;N/A;N/A;N/A;N/A;N/A;N/A;N/A;N/A;N/A;N/A;N/A;N/A;N/A;N/A;N/A;N/A;N/A;N/A;N/A;N/A;N/A;N/A;N/A;N/A;N/A;N/A;N/A;N/A;N/A;N/A;N/A;N/A;N/A;N/A;N/A;N/A;N/A;N/A;N/A;N/A;N/A;N/A;N/A;N/A;N/A;N/A;N/A;N/A;N/A;N/A;N/A;N/A;N/A;N/A;N/A;N/A;N/A;N/A;N/A;N/A;N/A;N/A;N/A;N/A;N/A;N/A;N/A;N/A;N/A;N/A;N/A;N/A;N/A;N/A;N/A;N/A;N/A;N/A;N/A;N/A;N/A;N/A;N/A;N/A;N/A;N/A;N/A
Nissan;Tiida;"1.8 Emotion Mt";2012;"190000 km";;"AUSTRAL AUTOMOVILES";11500;;;;;"Brazo Oriental";https://auto.mercadolibre.com.uy/MLU-657083436-nissan-tiida-2012-full-_JM;N/A;;"Nissan Tiida 2012 Full";usd;Sí;silver;false;N/A;N/A;http://perfil.mercadolibre.com.uy/AUSTRAL+AUTOMOVILES;active;N/A;N/A;Usado;Negro;N/A;Hidráulica;Delantera;Sí;N/A;N/A;N/A;N/A;N/A;N/A;N/A;N/A;N/A;N/A;N/A;N/A;N/A;N/A;N/A;N/A;N/A;N/A;N/A;N/A;N/A;N/A;N/A;N/A;"2600 mm";"1.8 L";"52 L";N/A;N/A;N/A;N/A;N/A;N/A;N/A;N/A;N/A;N/A;N/A;N/A;N/A;N/A;N/A;N/A;N/A;N/A;N/A;N/A;N/A;N/A;N/A;N/A;N/A;N/A;N/A;N/A;N/A;N/A;N/A;N/A;N/A;N/A;N/A;N/A;N/A;N/A;N/A;N/A;N/A;N/A;N/A;N/A;N/A;N/A;"1548 mm";"4297 mm";N/A;N/A;N/A;N/A;N/A;N/A;Emotion;N/A;N/A;"1695 mm";N/A;N/A;N/A;N/A;N/A;N/A;N/A;N/A;N/A;N/A;N/A;N/A;N/A;N/A;N/A;N/A;N/A;N/A;5;1.8;Nafta;Manual;Hatchback;"Autos y camionetas";N/A;N/A;N/A;N/A;N/A;N/A;UY;N/A;N/A;N/A;N/A;N/A;N/A;N/A;N/A;N/A;N/A;N/A;N/A;N/A;N/A;N/A;N/A;N/A;N/A;N/A;N/A;N/A;N/A;N/A;N/A;N/A;N/A;N/A;N/A;N/A;N/A;N/A;N/A;N/A;N/A;N/A;N/A;N/A;N/A;N/A;N/A;N/A;N/A;N/A;N/A;N/A;N/A;N/A;N/A;N/A;N/A;N/A;N/A;N/A;N/A;N/A;N/A;N/A;N/A;N/A;N/A;N/A;N/A;N/A;N/A;N/A;N/A;N/A;N/A;N/A;N/A;N/A;N/A;N/A;N/A;N/A;N/A;N/A;N/A;N/A;N/A;N/A;N/A;N/A;N/A;N/A;N/A;N/A;N/A;N/A;Sí;N/A;N/A;N/A;N/A;N/A;N/A;N/A;N/A;N/A;N/A;N/A;N/A;N/A;N/A;N/A;N/A;N/A;Sí;N/A;N/A;N/A;N/A;N/A;N/A;N/A
Nissan;Frontier;"Crew Cab Se 4x4 At";2010;"245800 km";;MOJU1120224;15500;;;;;Melilla;https://auto.mercadolibre.com.uy/MLU-634989727-nissan-frontier-2010-crew-cab-se-4x4-at-_JM;N/A;;"Nissan Frontier 2010 Crew Cab Se 4x4 At";usd;Sí;silver;false;N/A;N/A;http://perfil.mercadolibre.com.uy/MOJU1120224;active;N/A;N/A;Usado;N/A;N/A;Hidráulica;4x4;Sí;N/A;N/A;N/A;N/A;N/A;N/A;N/A;N/A;N/A;N/A;N/A;N/A;N/A;N/A;N/A;N/A;N/A;N/A;N/A;N/A;N/A;N/A;N/A;N/A;N/A;"3.3 L";N/A;N/A;N/A;N/A;N/A;N/A;N/A;N/A;N/A;N/A;N/A;N/A;N/A;N/A;N/A;N/A;N/A;N/A;N/A;N/A;N/A;N/A;N/A;N/A;N/A;N/A;N/A;N/A;N/A;N/A;N/A;N/A;N/A;N/A;N/A;N/A;N/A;N/A;N/A;N/A;N/A;N/A;N/A;N/A;N/A;N/A;N/A;N/A;N/A;N/A;N/A;N/A;N/A;N/A;N/A;Se;N/A;N/A;N/A;N/A;N/A;N/A;N/A;N/A;N/A;N/A;N/A;N/A;N/A;N/A;N/A;N/A;N/A;N/A;N/A;N/A;N/A;4;3.3;Nafta;Automática;Pick-Up;"Autos y camionetas";N/A;N/A;N/A;N/A;N/A;N/A;UY;N/A;N/A;N/A;N/A;N/A;N/A;N/A;N/A;N/A;N/A;N/A;N/A;N/A;N/A;N/A;N/A;N/A;N/A;N/A;N/A;N/A;N/A;N/A;N/A;N/A;N/A;N/A;N/A;N/A;N/A;N/A;N/A;N/A;N/A;N/A;N/A;N/A;N/A;N/A;N/A;N/A;N/A;N/A;N/A;N/A;N/A;N/A;N/A;N/A;N/A;N/A;N/A;N/A;N/A;N/A;N/A;N/A;N/A;N/A;N/A;N/A;N/A;N/A;N/A;N/A;N/A;N/A;N/A;N/A;N/A;N/A;N/A;N/A;N/A;N/A;N/A;N/A;N/A;N/A;N/A;N/A;N/A;N/A;N/A;N/A;N/A;N/A;N/A;N/A;Sí;N/A;N/A;N/A;N/A;N/A;N/A;N/A;N/A;N/A;N/A;N/A;N/A;N/A;N/A;N/A;N/A;N/A;Sí;N/A;N/A;N/A;N/A;N/A;N/A;N/A
Nissan;Frontier;"4x4 aut";2024;"10000 km";;PMCLASICOS;55000;;;;;Pando;https://auto.mercadolibre.com.uy/MLU-664735472-nissan-frontier-4x4-aut-_JM;N/A;;"Nissan Frontier 4x4 Aut ";USD;Sí;silver;false;N/A;N/A;http://perfil.mercadolibre.com.uy/PMCLASICOS;active;N/A;N/A;Usado;N/A;N/A;N/A;N/A;N/A;N/A;N/A;N/A;N/A;N/A;N/A;N/A;N/A;N/A;N/A;N/A;N/A;N/A;N/A;N/A;N/A;N/A;N/A;N/A;N/A;N/A;N/A;N/A;N/A;N/A;N/A;N/A;N/A;N/A;N/A;N/A;N/A;N/A;N/A;N/A;N/A;N/A;N/A;N/A;N/A;N/A;N/A;N/A;N/A;N/A;N/A;N/A;N/A;N/A;N/A;N/A;N/A;N/A;N/A;N/A;N/A;N/A;N/A;N/A;N/A;N/A;N/A;N/A;N/A;N/A;N/A;N/A;N/A;N/A;N/A;N/A;N/A;N/A;N/A;N/A;N/A;N/A;N/A;N/A;N/A;N/A;N/A;N/A;N/A;N/A;N/A;N/A;N/A;N/A;N/A;N/A;N/A;N/A;N/A;N/A;N/A;N/A;N/A;N/A;N/A;N/A;N/A;N/A;4;N/A;Diésel;N/A;N/A;"Autos y camionetas";N/A;N/A;N/A;N/A;N/A;N/A;N/A;N/A;N/A;N/A;N/A;N/A;N/A;N/A;N/A;N/A;N/A;N/A;N/A;N/A;N/A;N/A;N/A;N/A;N/A;N/A;N/A;N/A;N/A;N/A;N/A;N/A;N/A;N/A;N/A;N/A;N/A;N/A;N/A;N/A;N/A;N/A;N/A;N/A;N/A;N/A;N/A;N/A;N/A;N/A;N/A;N/A;N/A;N/A;N/A;N/A;N/A;N/A;N/A;N/A;N/A;N/A;N/A;N/A;N/A;N/A;N/A;N/A;N/A;N/A;N/A;N/A;N/A;N/A;N/A;N/A;N/A;N/A;N/A;N/A;N/A;N/A;N/A;N/A;N/A;N/A;N/A;N/A;N/A;N/A;N/A;N/A;N/A;N/A;N/A;N/A;N/A;N/A;N/A;N/A;N/A;N/A;N/A;N/A;N/A;N/A;N/A;N/A;N/A;N/A;N/A;N/A;N/A;N/A;N/A;N/A;N/A;N/A;N/A;N/A;N/A;N/A
Nissan;D-21;"Año 2008";2008;"254000 km";;DALUZOSCAR;24000;;;;;Tacuarembó;https://auto.mercadolibre.com.uy/MLU-664678822-nissan-d21-ano-2008-_JM;N/A;;"Nissan D21 Año 2008";USD;Sí;silver;false;N/A;N/A;http://perfil.mercadolibre.com.uy/DALUZOSCAR;active;N/A;N/A;Usado;N/A;N/A;N/A;N/A;N/A;N/A;N/A;N/A;N/A;N/A;N/A;N/A;N/A;N/A;N/A;N/A;N/A;N/A;N/A;N/A;N/A;N/A;N/A;N/A;N/A;N/A;N/A;N/A;N/A;N/A;N/A;N/A;N/A;N/A;N/A;N/A;N/A;N/A;N/A;N/A;N/A;N/A;N/A;N/A;N/A;N/A;N/A;N/A;N/A;N/A;N/A;N/A;N/A;N/A;N/A;N/A;N/A;N/A;N/A;N/A;N/A;N/A;N/A;N/A;N/A;N/A;N/A;N/A;N/A;N/A;N/A;N/A;N/A;N/A;N/A;N/A;N/A;N/A;N/A;N/A;N/A;N/A;N/A;N/A;N/A;N/A;N/A;N/A;N/A;N/A;N/A;N/A;N/A;N/A;N/A;N/A;N/A;N/A;N/A;N/A;N/A;N/A;N/A;N/A;N/A;N/A;N/A;N/A;5;N/A;Diésel;N/A;N/A;"Autos y camionetas";N/A;N/A;N/A;N/A;N/A;N/A;N/A;N/A;N/A;N/A;N/A;N/A;N/A;N/A;N/A;N/A;N/A;N/A;N/A;N/A;N/A;N/A;N/A;N/A;N/A;N/A;N/A;N/A;N/A;N/A;N/A;N/A;N/A;N/A;N/A;N/A;N/A;N/A;N/A;N/A;N/A;N/A;N/A;N/A;N/A;N/A;N/A;N/A;N/A;N/A;N/A;N/A;N/A;N/A;N/A;N/A;N/A;N/A;N/A;N/A;N/A;N/A;N/A;N/A;N/A;N/A;N/A;N/A;N/A;N/A;N/A;N/A;N/A;N/A;N/A;N/A;N/A;N/A;N/A;N/A;N/A;N/A;N/A;N/A;N/A;N/A;N/A;N/A;N/A;N/A;N/A;N/A;N/A;N/A;N/A;N/A;N/A;N/A;N/A;N/A;N/A;N/A;N/A;N/A;N/A;N/A;N/A;N/A;N/A;N/A;N/A;N/A;N/A;N/A;N/A;N/A;N/A;N/A;N/A;N/A;N/A;N/A
Nissan;Sentra;"1.8 Sr Extra At";2023;"0 km";;"OMAR CASTROAUTOMOVILES";37990;;;;;Salto;https://auto.mercadolibre.com.uy/MLU-653828174-nissan-sentra-sr-18-at-_JM;N/A;;"Nissan Sentra Sr  1.8 At";usd;Sí;silver;false;N/A;N/A;http://perfil.mercadolibre.com.uy/OMAR+CASTROAUTOMOVILES;active;N/A;N/A;Nuevo;Gris;N/A;Hidráulica;Delantera;Sí;N/A;N/A;N/A;N/A;N/A;N/A;N/A;N/A;N/A;N/A;N/A;N/A;N/A;N/A;N/A;N/A;N/A;N/A;N/A;N/A;N/A;N/A;N/A;N/A;"2700 mm";"1.8 L";"52 L";N/A;N/A;N/A;N/A;N/A;N/A;N/A;N/A;N/A;N/A;N/A;N/A;N/A;N/A;N/A;N/A;N/A;N/A;N/A;N/A;N/A;N/A;N/A;N/A;N/A;N/A;N/A;N/A;N/A;N/A;N/A;N/A;N/A;N/A;Sí;Sí;N/A;N/A;N/A;N/A;N/A;N/A;N/A;N/A;N/A;N/A;"1505 mm";"4636 mm";N/A;N/A;N/A;N/A;5;"129 hp";Sense;N/A;2;"1761 mm";N/A;N/A;N/A;N/A;N/A;N/A;N/A;Sí;N/A;N/A;N/A;N/A;N/A;N/A;N/A;N/A;N/A;N/A;4;1.8;Nafta;Automática;Sedán;"Autos y camionetas";N/A;N/A;N/A;N/A;N/A;N/A;UY;N/A;N/A;N/A;N/A;N/A;N/A;N/A;N/A;N/A;N/A;N/A;N/A;N/A;N/A;N/A;N/A;N/A;N/A;N/A;N/A;N/A;N/A;N/A;N/A;N/A;N/A;N/A;N/A;N/A;N/A;N/A;N/A;N/A;N/A;N/A;N/A;N/A;N/A;N/A;N/A;N/A;N/A;N/A;N/A;N/A;N/A;N/A;N/A;N/A;N/A;N/A;N/A;N/A;N/A;N/A;N/A;N/A;N/A;N/A;N/A;N/A;N/A;N/A;N/A;N/A;N/A;N/A;N/A;N/A;N/A;N/A;N/A;N/A;N/A;N/A;N/A;N/A;N/A;N/A;N/A;N/A;N/A;N/A;N/A;N/A;N/A;N/A;N/A;N/A;N/A;N/A;N/A;N/A;N/A;N/A;N/A;N/A;N/A;N/A;N/A;N/A;N/A;N/A;N/A;N/A;N/A;N/A;Sí;N/A;N/A;N/A;N/A;Sí;N/A;Sí
Nissan;Kicks;"1.6 Sense Mt";2023;"0 km";;PIDENOSA;28990;;;;;Maldonado;https://auto.mercadolibre.com.uy/MLU-634030381-nissan-kicks-sense-mt-_JM;N/A;;"Nissan Kicks Sense Mt";usd;Sí;silver;false;N/A;N/A;http://perfil.mercadolibre.com.uy/PIDENOSA;active;N/A;N/A;Nuevo;Gris;N/A;Hidráulica;Delantera;Sí;N/A;N/A;N/A;N/A;N/A;N/A;N/A;N/A;N/A;N/A;N/A;N/A;N/A;N/A;N/A;N/A;N/A;N/A;N/A;N/A;N/A;N/A;N/A;N/A;"2620 mm";"1.6 L";"50 L";5;N/A;N/A;N/A;N/A;N/A;N/A;N/A;N/A;N/A;N/A;N/A;N/A;N/A;N/A;N/A;N/A;N/A;N/A;N/A;N/A;N/A;N/A;N/A;N/A;N/A;N/A;N/A;N/A;N/A;N/A;N/A;N/A;N/A;Sí;Sí;N/A;N/A;N/A;N/A;N/A;N/A;N/A;N/A;N/A;N/A;"1590 mm";"4295 mm";N/A;N/A;N/A;N/A;5;"118 hp";Sense;N/A;4;"1760 mm";N/A;N/A;N/A;N/A;N/A;N/A;N/A;N/A;N/A;N/A;N/A;N/A;N/A;N/A;N/A;N/A;N/A;N/A;5;1.6;Nafta;Manual;SUV;"Autos y camionetas";N/A;N/A;N/A;N/A;N/A;N/A;UY;N/A;N/A;N/A;N/A;N/A;N/A;N/A;N/A;N/A;N/A;N/A;N/A;N/A;N/A;N/A;N/A;N/A;N/A;N/A;N/A;N/A;N/A;N/A;N/A;N/A;N/A;N/A;N/A;N/A;N/A;N/A;N/A;N/A;N/A;N/A;N/A;N/A;N/A;N/A;N/A;N/A;N/A;N/A;N/A;N/A;N/A;N/A;N/A;N/A;N/A;N/A;N/A;N/A;N/A;N/A;N/A;N/A;N/A;N/A;N/A;N/A;N/A;N/A;N/A;N/A;N/A;N/A;N/A;N/A;N/A;N/A;N/A;N/A;N/A;N/A;N/A;N/A;N/A;N/A;N/A;N/A;N/A;N/A;N/A;N/A;N/A;N/A;N/A;N/A;Sí;N/A;N/A;N/A;N/A;N/A;N/A;N/A;N/A;Sí;N/A;N/A;N/A;N/A;N/A;N/A;Sí;N/A;Sí;N/A;N/A;N/A;N/A;Sí;N/A;Sí
Nissan;Patrol;"Patrol 3.3 4x4";1998;"180000 km";;RUIZWALDEMAR34;3500;;;;;Aguada;https://auto.mercadolibre.com.uy/MLU-664150898-nissan-patrol-patrol-33-4x4-_JM;N/A;;"Nissan Patrol Patrol 3.3 4x4";USD;Sí;silver;false;N/A;N/A;http://perfil.mercadolibre.com.uy/RUIZWALDEMAR34;active;N/A;N/A;Usado;N/A;N/A;N/A;N/A;N/A;N/A;N/A;N/A;N/A;N/A;N/A;N/A;N/A;N/A;N/A;N/A;N/A;N/A;N/A;N/A;N/A;N/A;N/A;N/A;N/A;N/A;N/A;N/A;N/A;N/A;N/A;N/A;N/A;N/A;N/A;N/A;N/A;N/A;N/A;N/A;N/A;N/A;N/A;N/A;N/A;N/A;N/A;N/A;N/A;N/A;N/A;N/A;N/A;N/A;N/A;N/A;N/A;N/A;N/A;N/A;N/A;N/A;N/A;N/A;N/A;N/A;N/A;N/A;N/A;N/A;N/A;N/A;N/A;N/A;N/A;N/A;N/A;N/A;N/A;N/A;N/A;N/A;N/A;N/A;N/A;N/A;N/A;N/A;N/A;N/A;N/A;N/A;N/A;N/A;N/A;N/A;N/A;N/A;N/A;N/A;N/A;N/A;N/A;N/A;N/A;N/A;N/A;N/A;2;N/A;Diésel;N/A;N/A;"Autos y camionetas";N/A;N/A;N/A;N/A;N/A;N/A;N/A;N/A;N/A;N/A;N/A;N/A;N/A;N/A;N/A;N/A;N/A;N/A;N/A;N/A;N/A;N/A;N/A;N/A;N/A;N/A;N/A;N/A;N/A;N/A;N/A;N/A;N/A;N/A;N/A;N/A;N/A;N/A;N/A;N/A;N/A;N/A;N/A;N/A;N/A;N/A;N/A;N/A;N/A;N/A;N/A;N/A;N/A;N/A;N/A;N/A;N/A;N/A;N/A;N/A;N/A;N/A;N/A;N/A;N/A;N/A;N/A;N/A;N/A;N/A;N/A;N/A;N/A;N/A;N/A;N/A;N/A;N/A;N/A;N/A;N/A;N/A;N/A;N/A;N/A;N/A;N/A;N/A;N/A;N/A;N/A;N/A;N/A;N/A;N/A;N/A;N/A;N/A;N/A;N/A;N/A;N/A;N/A;N/A;N/A;N/A;N/A;N/A;N/A;N/A;N/A;N/A;N/A;N/A;N/A;N/A;N/A;N/A;N/A;N/A;N/A;N/A
Nissan;Sentra;"EX Saloon 1.6 16v - b14";1998;"190000 km";;EMMAVAZQUEZ-GEN;4800;;;;;Cordón;https://auto.mercadolibre.com.uy/MLU-666111382-nissan-sentra-ex-saloon-b14-16-16v-_JM;N/A;;"Nissan Sentra Ex Saloon B14 1.6 16v";USD;Sí;free;false;N/A;N/A;http://perfil.mercadolibre.com.uy/EMMAVAZQUEZ-GEN;active;N/A;N/A;Usado;Verde;No;Hidráulica;Delantera;No;Sí;N/A;N/A;N/A;No;N/A;N/A;No;N/A;N/A;No;No;N/A;No;N/A;N/A;N/A;N/A;N/A;N/A;N/A;N/A;N/A;N/A;N/A;N/A;N/A;N/A;N/A;N/A;N/A;N/A;N/A;No;N/A;N/A;N/A;N/A;N/A;N/A;N/A;N/A;N/A;N/A;N/A;N/A;N/A;N/A;N/A;N/A;N/A;N/A;N/A;N/A;N/A;N/A;N/A;No;N/A;N/A;N/A;N/A;N/A;N/A;N/A;N/A;N/A;N/A;N/A;N/A;N/A;N/A;N/A;N/A;N/A;N/A;N/A;N/A;N/A;N/A;N/A;N/A;N/A;N/A;N/A;N/A;No;N/A;Sí;Sí;N/A;Sí;No;N/A;No;N/A;N/A;No;No;N/A;N/A;No;"de 8 a 20 hs.";4;"1.6 16v";Nafta;Manual;Sedán;"Autos y camionetas";No;N/A;N/A;N/A;No;N/A;N/A;N/A;No;N/A;No;N/A;N/A;N/A;N/A;N/A;N/A;N/A;N/A;N/A;N/A;N/A;N/A;N/A;No;N/A;N/A;N/A;N/A;N/A;N/A;N/A;N/A;N/A;N/A;N/A;N/A;N/A;N/A;N/A;N/A;N/A;N/A;No;N/A;N/A;N/A;N/A;N/A;N/A;N/A;N/A;N/A;N/A;N/A;N/A;N/A;N/A;N/A;N/A;N/A;No;No;N/A;N/A;N/A;N/A;N/A;N/A;N/A;N/A;N/A;N/A;N/A;N/A;N/A;N/A;N/A;N/A;N/A;N/A;N/A;N/A;N/A;N/A;N/A;N/A;N/A;N/A;N/A;N/A;N/A;N/A;N/A;N/A;No;No;Sí;No;N/A;No;N/A;N/A;N/A;N/A;No;No;No;Sí;N/A;N/A;No;No;Sí;Sí;Sí;No;No;No;No;N/A;Sí
Nissan;"200 SX";S13;1998;"143000 km";;LEONARDOPIÑÓN;18700;;;;;"Malvin Norte";https://auto.mercadolibre.com.uy/MLU-666156556-nissan-200sx-_JM;N/A;;"Nissan 200sx";USD;No;free;false;N/A;N/A;http://perfil.mercadolibre.com.uy/LEONARDOPI%C3%91%C3%93N;active;N/A;N/A;Usado;Gris;N/A;Hidráulica;N/A;N/A;N/A;N/A;N/A;N/A;N/A;N/A;N/A;N/A;N/A;N/A;N/A;N/A;N/A;N/A;N/A;N/A;N/A;N/A;N/A;N/A;N/A;N/A;N/A;N/A;N/A;N/A;N/A;N/A;N/A;N/A;N/A;N/A;N/A;N/A;N/A;N/A;N/A;N/A;N/A;N/A;N/A;N/A;N/A;N/A;N/A;N/A;N/A;N/A;N/A;N/A;N/A;N/A;N/A;N/A;N/A;N/A;N/A;N/A;N/A;N/A;N/A;N/A;N/A;N/A;N/A;N/A;N/A;N/A;N/A;N/A;N/A;N/A;N/A;N/A;N/A;N/A;N/A;N/A;N/A;N/A;N/A;N/A;N/A;N/A;N/A;N/A;N/A;N/A;N/A;N/A;N/A;N/A;N/A;N/A;N/A;N/A;N/A;N/A;N/A;N/A;N/A;N/A;N/A;2;CA18DET;Nafta;Manual;Coupé;"Autos y camionetas";N/A;N/A;N/A;N/A;N/A;N/A;N/A;N/A;N/A;N/A;N/A;N/A;N/A;N/A;N/A;N/A;N/A;N/A;N/A;N/A;N/A;N/A;N/A;N/A;N/A;N/A;N/A;N/A;N/A;N/A;N/A;N/A;N/A;N/A;N/A;N/A;N/A;N/A;N/A;N/A;N/A;N/A;N/A;N/A;N/A;N/A;N/A;N/A;N/A;N/A;N/A;N/A;N/A;N/A;N/A;N/A;N/A;N/A;N/A;N/A;N/A;N/A;N/A;N/A;N/A;N/A;N/A;N/A;N/A;N/A;N/A;N/A;N/A;N/A;N/A;N/A;N/A;N/A;N/A;N/A;N/A;N/A;N/A;N/A;N/A;N/A;N/A;N/A;N/A;N/A;N/A;N/A;N/A;N/A;N/A;N/A;N/A;N/A;N/A;N/A;N/A;N/A;N/A;N/A;N/A;N/A;N/A;N/A;N/A;N/A;N/A;N/A;N/A;N/A;N/A;N/A;N/A;N/A;N/A;N/A;N/A;N/A
Nissan;Versa;"1.6 Advance 5vel Mt";2013;"179000 km";;MAYAMAFFEIHERNAN;10900;;;;;"Ciudad del Plata";https://auto.mercadolibre.com.uy/MLU-635432627-nissan-versa-2013-16-advance-5vel-mt-_JM;N/A;;"Nissan Versa 2013 1.6 Advance 5vel Mt";usd;Sí;free;false;N/A;N/A;http://perfil.mercadolibre.com.uy/MAYAMAFFEIHERNAN;active;N/A;N/A;Usado;N/A;N/A;Hidráulica;Delantera;Sí;N/A;N/A;N/A;N/A;N/A;N/A;N/A;N/A;N/A;N/A;N/A;N/A;N/A;N/A;N/A;N/A;N/A;N/A;N/A;N/A;N/A;N/A;N/A;N/A;N/A;"1.6 L";N/A;N/A;N/A;N/A;N/A;N/A;N/A;N/A;N/A;N/A;N/A;N/A;N/A;N/A;N/A;N/A;N/A;N/A;N/A;N/A;N/A;N/A;N/A;N/A;N/A;N/A;N/A;N/A;N/A;N/A;N/A;N/A;N/A;N/A;N/A;N/A;N/A;N/A;N/A;N/A;N/A;N/A;N/A;N/A;N/A;N/A;N/A;N/A;N/A;N/A;N/A;N/A;N/A;N/A;N/A;Advance;N/A;N/A;N/A;N/A;N/A;N/A;N/A;N/A;N/A;N/A;N/A;N/A;N/A;N/A;N/A;N/A;N/A;N/A;N/A;N/A;N/A;4;1.6;Nafta;Manual;Hatchback;"Autos y camionetas";N/A;N/A;N/A;N/A;N/A;N/A;UY;N/A;N/A;N/A;N/A;N/A;N/A;N/A;N/A;N/A;N/A;N/A;N/A;N/A;N/A;N/A;N/A;N/A;N/A;N/A;N/A;N/A;N/A;N/A;N/A;N/A;N/A;N/A;N/A;N/A;N/A;N/A;N/A;N/A;N/A;N/A;N/A;N/A;N/A;N/A;N/A;N/A;N/A;N/A;N/A;N/A;N/A;N/A;N/A;N/A;N/A;N/A;N/A;N/A;N/A;N/A;N/A;N/A;N/A;N/A;N/A;N/A;N/A;N/A;N/A;N/A;N/A;N/A;N/A;N/A;N/A;N/A;N/A;N/A;N/A;N/A;N/A;N/A;N/A;N/A;N/A;N/A;N/A;N/A;N/A;N/A;N/A;N/A;N/A;N/A;Sí;N/A;N/A;N/A;N/A;N/A;N/A;N/A;N/A;N/A;N/A;N/A;N/A;N/A;N/A;N/A;N/A;N/A;Sí;N/A;N/A;N/A;N/A;N/A;N/A;N/A
Nissan;Frontier;4x4;2014;"225000 km";;NIJU3463137;14590;;;;;Salinas;https://auto.mercadolibre.com.uy/MLU-665239706-nissan-frontier-4x4-2014-entrega-usd-5000-y-cuotas-en--_JM;N/A;;"Nissan Frontier 4x4 2014 - Entrega Usd 5.000 Y Cuotas En $";USD;Sí;free;false;N/A;N/A;http://perfil.mercadolibre.com.uy/NIJU3463137;active;N/A;N/A;Usado;Blanco;N/A;Asistida;4x4;Sí;Sí;N/A;N/A;N/A;N/A;N/A;N/A;N/A;N/A;N/A;N/A;Sí;N/A;N/A;N/A;N/A;N/A;N/A;N/A;N/A;N/A;N/A;N/A;N/A;N/A;N/A;N/A;N/A;N/A;N/A;N/A;N/A;N/A;N/A;N/A;N/A;N/A;N/A;N/A;N/A;N/A;N/A;N/A;N/A;N/A;N/A;N/A;N/A;N/A;N/A;N/A;N/A;N/A;N/A;N/A;N/A;N/A;N/A;N/A;N/A;N/A;N/A;N/A;N/A;N/A;N/A;N/A;N/A;N/A;N/A;N/A;N/A;N/A;N/A;N/A;N/A;N/A;N/A;N/A;N/A;N/A;N/A;N/A;N/A;N/A;N/A;No;N/A;Sí;Sí;N/A;No;Sí;N/A;N/A;N/A;N/A;N/A;N/A;N/A;N/A;N/A;N/A;4;2.4;Nafta;N/A;Rural;"Autos y camionetas";N/A;N/A;N/A;N/A;N/A;N/A;N/A;N/A;Sí;N/A;N/A;N/A;N/A;N/A;N/A;N/A;N/A;N/A;N/A;N/A;N/A;N/A;N/A;N/A;N/A;N/A;N/A;N/A;N/A;N/A;N/A;N/A;N/A;N/A;N/A;N/A;N/A;N/A;N/A;N/A;N/A;N/A;N/A;N/A;N/A;N/A;N/A;N/A;N/A;N/A;N/A;N/A;N/A;N/A;N/A;N/A;N/A;N/A;N/A;N/A;N/A;Sí;Sí;N/A;N/A;N/A;N/A;N/A;N/A;N/A;N/A;N/A;N/A;N/A;N/A;N/A;N/A;N/A;N/A;N/A;N/A;N/A;N/A;N/A;N/A;N/A;N/A;N/A;N/A;N/A;N/A;N/A;N/A;N/A;N/A;N/A;Sí;N/A;N/A;N/A;Sí;N/A;N/A;N/A;N/A;Sí;Sí;Sí;N/A;N/A;N/A;Sí;N/A;Sí;Sí;Sí;N/A;Sí;Sí;Sí;N/A;Sí
Nissan;Quest;"V 6 3.0 Automatica";1998;"140000 km";;ARMADOLIO;16000;;;;;Centro;https://auto.mercadolibre.com.uy/MLU-635227051-nissan-quest-quest-v-6-30-_JM;N/A;;"Nissan Quest Quest V 6 3.0";USD;No;free;false;N/A;N/A;http://perfil.mercadolibre.com.uy/ARMADOLIO;active;N/A;N/A;Usado;N/A;N/A;N/A;N/A;N/A;N/A;N/A;N/A;N/A;N/A;N/A;N/A;N/A;N/A;N/A;N/A;N/A;N/A;N/A;N/A;N/A;N/A;N/A;N/A;N/A;N/A;N/A;N/A;N/A;N/A;N/A;N/A;N/A;N/A;N/A;N/A;N/A;N/A;N/A;N/A;N/A;N/A;N/A;N/A;N/A;N/A;N/A;N/A;N/A;N/A;N/A;N/A;N/A;N/A;N/A;N/A;N/A;N/A;N/A;N/A;N/A;N/A;N/A;N/A;N/A;N/A;N/A;N/A;N/A;N/A;N/A;N/A;N/A;N/A;N/A;N/A;N/A;N/A;N/A;N/A;N/A;N/A;N/A;N/A;N/A;N/A;N/A;N/A;N/A;N/A;N/A;N/A;N/A;N/A;N/A;N/A;N/A;N/A;N/A;N/A;N/A;N/A;N/A;N/A;N/A;N/A;N/A;N/A;4;N/A;Nafta;N/A;N/A;"Autos y camionetas";N/A;N/A;N/A;N/A;N/A;N/A;N/A;N/A;N/A;N/A;N/A;N/A;N/A;N/A;N/A;N/A;N/A;N/A;N/A;N/A;N/A;N/A;N/A;N/A;N/A;N/A;N/A;N/A;N/A;N/A;N/A;N/A;N/A;N/A;N/A;N/A;N/A;N/A;N/A;N/A;N/A;N/A;N/A;N/A;N/A;N/A;N/A;N/A;N/A;N/A;N/A;N/A;N/A;N/A;N/A;N/A;N/A;N/A;N/A;N/A;N/A;N/A;N/A;N/A;N/A;N/A;N/A;N/A;N/A;N/A;N/A;N/A;N/A;N/A;N/A;N/A;N/A;N/A;N/A;N/A;N/A;N/A;N/A;N/A;N/A;N/A;N/A;N/A;N/A;N/A;N/A;N/A;N/A;N/A;N/A;N/A;N/A;N/A;N/A;N/A;N/A;N/A;N/A;N/A;N/A;N/A;N/A;N/A;N/A;N/A;N/A;N/A;N/A;N/A;N/A;N/A;N/A;N/A;N/A;N/A;N/A;N/A
Nissan;Versa;"1.6 Advance";2020;"60000 km";;DORGODAIMAN;21300;;;;;Maldonado;https://auto.mercadolibre.com.uy/MLU-663801586-nissan-versa-2020-16-advance-_JM;N/A;;"Nissan Versa 2020 1.6 Advance";usd;Sí;free;false;N/A;N/A;http://perfil.mercadolibre.com.uy/DORGODAIMAN;active;N/A;N/A;Usado;N/A;N/A;Hidráulica;Delantera;Sí;N/A;N/A;N/A;N/A;N/A;N/A;N/A;N/A;N/A;N/A;N/A;N/A;N/A;N/A;N/A;N/A;N/A;N/A;N/A;N/A;N/A;N/A;N/A;N/A;"2600 mm";"1.6 L";"41 L";5;N/A;N/A;N/A;N/A;N/A;N/A;N/A;N/A;N/A;N/A;N/A;N/A;N/A;N/A;N/A;N/A;N/A;N/A;N/A;N/A;N/A;N/A;N/A;N/A;N/A;N/A;N/A;N/A;N/A;N/A;N/A;N/A;N/A;Sí;Sí;N/A;N/A;N/A;N/A;N/A;N/A;N/A;N/A;N/A;N/A;"1506 mm";"4492 mm";N/A;N/A;N/A;N/A;5;"106 hp";Advance;N/A;4;"1695 mm";N/A;N/A;N/A;N/A;N/A;N/A;N/A;Sí;N/A;N/A;N/A;N/A;N/A;N/A;N/A;N/A;N/A;N/A;4;1.6;Nafta;Manual;Sedán;"Autos y camionetas";N/A;N/A;N/A;N/A;N/A;N/A;UY;N/A;N/A;N/A;N/A;N/A;N/A;N/A;N/A;N/A;N/A;N/A;N/A;N/A;N/A;N/A;N/A;N/A;N/A;N/A;N/A;N/A;N/A;N/A;N/A;N/A;N/A;N/A;N/A;N/A;N/A;N/A;N/A;N/A;N/A;N/A;N/A;N/A;N/A;N/A;N/A;N/A;N/A;N/A;N/A;N/A;N/A;N/A;N/A;N/A;N/A;N/A;N/A;N/A;N/A;N/A;N/A;N/A;N/A;N/A;N/A;N/A;N/A;N/A;N/A;N/A;N/A;N/A;N/A;N/A;N/A;N/A;N/A;N/A;N/A;N/A;N/A;N/A;N/A;N/A;N/A;N/A;N/A;N/A;N/A;N/A;N/A;N/A;N/A;N/A;Sí;N/A;Sí;N/A;N/A;N/A;N/A;Sí;N/A;Sí;N/A;N/A;N/A;N/A;N/A;N/A;Sí;N/A;Sí;N/A;N/A;N/A;N/A;Sí;N/A;N/A
Nissan;"NP300 Frontier";"2.5 Le Diesel Aa 4x4 At";2017;"197000 km";;FOJU7643029;34990;;;;;Durazno;https://auto.mercadolibre.com.uy/MLU-635221721-nissan-np300-frontier-2017-25-le-diesel-aa-4x4-at-_JM;N/A;;"Nissan Np300 Frontier 2017 2.5 Le Diesel Aa 4x4 At";usd;Sí;free;false;N/A;N/A;http://perfil.mercadolibre.com.uy/FOJU7643029;active;N/A;N/A;Usado;N/A;N/A;Hidráulica;4x4;Sí;N/A;N/A;N/A;N/A;N/A;N/A;N/A;Sí;N/A;N/A;N/A;N/A;N/A;N/A;N/A;N/A;N/A;N/A;N/A;N/A;N/A;N/A;N/A;N/A;"3150 mm";"2.5 L";"80 L";7;N/A;N/A;N/A;N/A;N/A;N/A;N/A;N/A;N/A;N/A;N/A;N/A;N/A;N/A;N/A;N/A;N/A;N/A;N/A;N/A;N/A;N/A;N/A;N/A;N/A;N/A;N/A;N/A;N/A;N/A;N/A;N/A;N/A;Sí;Sí;Sí;N/A;N/A;N/A;N/A;N/A;N/A;N/A;N/A;N/A;"1860 mm";"5258 mm";N/A;N/A;N/A;N/A;N/A;"188 hp";Le;N/A;4;"1850 mm";N/A;N/A;N/A;N/A;N/A;N/A;N/A;N/A;N/A;N/A;N/A;N/A;N/A;N/A;N/A;N/A;N/A;N/A;2;2.5;Diésel;Automática;Pick-Up;"Autos y camionetas";N/A;N/A;N/A;N/A;N/A;N/A;UY;N/A;N/A;N/A;N/A;N/A;N/A;N/A;N/A;N/A;N/A;N/A;N/A;N/A;N/A;N/A;N/A;N/A;N/A;N/A;N/A;N/A;N/A;N/A;N/A;N/A;N/A;N/A;N/A;N/A;N/A;N/A;N/A;N/A;N/A;N/A;N/A;N/A;N/A;N/A;N/A;N/A;N/A;N/A;N/A;N/A;N/A;N/A;N/A;N/A;N/A;N/A;N/A;N/A;N/A;N/A;N/A;N/A;N/A;N/A;N/A;N/A;N/A;N/A;N/A;N/A;N/A;N/A;N/A;N/A;N/A;N/A;N/A;N/A;N/A;N/A;N/A;N/A;N/A;N/A;N/A;N/A;N/A;N/A;N/A;N/A;N/A;N/A;N/A;N/A;Sí;N/A;Sí;N/A;N/A;N/A;N/A;Sí;N/A;Sí;N/A;N/A;N/A;N/A;N/A;Sí;Sí;N/A;Sí;N/A;N/A;N/A;N/A;Sí;N/A;Sí
Nissan;"NP300 Frontier";D22;2013;"100000 km";;MARIOW23;18500;;;;;"Paso de los Toros";https://auto.mercadolibre.com.uy/MLU-664087888-nissan-np300-frontier-d22-_JM;N/A;;"Nissan Np300 Frontier D22";USD;Sí;free;false;N/A;N/A;http://perfil.mercadolibre.com.uy/MARIOW23;active;N/A;N/A;Usado;Rojo;N/A;Hidráulica;4x2;N/A;N/A;N/A;N/A;N/A;N/A;N/A;N/A;N/A;N/A;N/A;N/A;N/A;N/A;N/A;N/A;N/A;N/A;N/A;N/A;N/A;N/A;N/A;N/A;N/A;N/A;N/A;N/A;N/A;N/A;N/A;N/A;N/A;N/A;N/A;N/A;N/A;N/A;N/A;N/A;N/A;N/A;N/A;N/A;N/A;N/A;N/A;N/A;N/A;N/A;N/A;N/A;N/A;N/A;N/A;N/A;N/A;N/A;N/A;N/A;N/A;N/A;N/A;N/A;N/A;N/A;N/A;N/A;N/A;N/A;N/A;N/A;N/A;N/A;N/A;N/A;N/A;N/A;N/A;N/A;N/A;N/A;N/A;N/A;N/A;N/A;N/A;N/A;N/A;N/A;N/A;N/A;N/A;N/A;N/A;N/A;N/A;N/A;N/A;N/A;N/A;N/A;N/A;N/A;4;2400;Nafta;Manual;Pick-Up;"Autos y camionetas";N/A;N/A;N/A;N/A;N/A;N/A;N/A;N/A;N/A;N/A;N/A;N/A;N/A;N/A;N/A;N/A;N/A;N/A;N/A;N/A;N/A;N/A;N/A;N/A;N/A;N/A;N/A;N/A;N/A;N/A;N/A;N/A;N/A;N/A;N/A;N/A;N/A;N/A;N/A;N/A;N/A;N/A;N/A;N/A;N/A;N/A;N/A;N/A;N/A;N/A;N/A;N/A;N/A;N/A;N/A;N/A;N/A;N/A;N/A;N/A;N/A;N/A;N/A;N/A;N/A;N/A;N/A;N/A;N/A;N/A;N/A;N/A;N/A;N/A;N/A;N/A;N/A;N/A;N/A;N/A;N/A;N/A;N/A;N/A;N/A;N/A;N/A;N/A;N/A;N/A;N/A;N/A;N/A;N/A;N/A;N/A;N/A;N/A;N/A;N/A;N/A;N/A;N/A;N/A;N/A;N/A;N/A;N/A;N/A;N/A;N/A;N/A;N/A;N/A;N/A;N/A;N/A;N/A;N/A;N/A;N/A;N/A
Nissan;March;"1.6 Advance Mt";2011;"122000 km";;GOJO3305018;8700;;;;;"Piedras Blancas";https://auto.mercadolibre.com.uy/MLU-665429836-nissan-march-2011-16-advance-mt-_JM;N/A;;"Nissan March 2011 1.6 Advance Mt";usd;Sí;free;false;N/A;N/A;http://perfil.mercadolibre.com.uy/GOJO3305018;active;N/A;N/A;Usado;N/A;N/A;Hidráulica;Delantera;Sí;N/A;N/A;N/A;N/A;N/A;N/A;N/A;N/A;N/A;N/A;N/A;N/A;N/A;N/A;N/A;N/A;N/A;N/A;N/A;N/A;N/A;N/A;N/A;N/A;"2450 mm";"1.6 L";"41 L";N/A;N/A;N/A;N/A;N/A;N/A;N/A;N/A;N/A;N/A;N/A;N/A;N/A;N/A;N/A;N/A;N/A;N/A;N/A;N/A;N/A;N/A;N/A;N/A;N/A;N/A;N/A;N/A;N/A;N/A;N/A;N/A;N/A;N/A;N/A;N/A;N/A;N/A;N/A;N/A;N/A;N/A;N/A;N/A;N/A;N/A;"1528 mm";"3780 mm";N/A;N/A;N/A;N/A;5;"109 hp";Advance;N/A;N/A;"1665 mm";N/A;N/A;N/A;N/A;N/A;N/A;N/A;N/A;N/A;N/A;N/A;N/A;N/A;N/A;N/A;N/A;N/A;N/A;5;1.6;Nafta;Manual;Hatchback;"Autos y camionetas";N/A;N/A;N/A;N/A;N/A;N/A;UY;N/A;N/A;N/A;N/A;N/A;N/A;N/A;N/A;N/A;N/A;N/A;N/A;N/A;N/A;N/A;N/A;N/A;N/A;N/A;N/A;N/A;N/A;N/A;N/A;N/A;N/A;N/A;N/A;N/A;N/A;N/A;N/A;N/A;N/A;N/A;N/A;N/A;N/A;N/A;N/A;N/A;N/A;N/A;N/A;N/A;N/A;N/A;N/A;N/A;N/A;N/A;N/A;N/A;N/A;N/A;N/A;N/A;N/A;N/A;N/A;N/A;N/A;N/A;N/A;N/A;N/A;N/A;N/A;N/A;N/A;N/A;N/A;N/A;N/A;N/A;N/A;N/A;N/A;N/A;N/A;N/A;N/A;N/A;N/A;N/A;N/A;N/A;N/A;N/A;Sí;N/A;N/A;N/A;N/A;N/A;N/A;N/A;N/A;N/A;N/A;N/A;N/A;N/A;N/A;N/A;N/A;N/A;Sí;N/A;N/A;N/A;N/A;N/A;N/A;N/A
Nissan;Frontier;"Le Automática";2019;"150000 km";;DEMA252588;41500;;;;;"San Carlos";https://auto.mercadolibre.com.uy/MLU-634935805-nissan-frontier-le-automatica-_JM;N/A;;"Nissan Frontier Le Automática";USD;Sí;free;false;N/A;N/A;http://perfil.mercadolibre.com.uy/DEMA252588;active;N/A;N/A;Usado;N/A;N/A;N/A;N/A;N/A;N/A;N/A;N/A;N/A;N/A;N/A;N/A;N/A;N/A;N/A;N/A;N/A;N/A;N/A;N/A;N/A;N/A;N/A;N/A;N/A;N/A;N/A;N/A;N/A;N/A;N/A;N/A;N/A;N/A;N/A;N/A;N/A;N/A;N/A;N/A;N/A;N/A;N/A;N/A;N/A;N/A;N/A;N/A;N/A;N/A;N/A;N/A;N/A;N/A;N/A;N/A;N/A;N/A;N/A;N/A;N/A;N/A;N/A;N/A;N/A;N/A;N/A;N/A;N/A;N/A;N/A;N/A;N/A;N/A;N/A;N/A;N/A;N/A;N/A;N/A;N/A;N/A;N/A;N/A;N/A;N/A;N/A;N/A;N/A;N/A;N/A;N/A;N/A;N/A;N/A;N/A;N/A;N/A;N/A;N/A;N/A;N/A;N/A;N/A;N/A;N/A;N/A;N/A;5;N/A;Diésel;N/A;N/A;"Autos y camionetas";N/A;N/A;N/A;N/A;N/A;N/A;N/A;N/A;N/A;N/A;N/A;N/A;N/A;N/A;N/A;N/A;N/A;N/A;N/A;N/A;N/A;N/A;N/A;N/A;N/A;N/A;N/A;N/A;N/A;N/A;N/A;N/A;N/A;N/A;N/A;N/A;N/A;N/A;N/A;N/A;N/A;N/A;N/A;N/A;N/A;N/A;N/A;N/A;N/A;N/A;N/A;N/A;N/A;N/A;N/A;N/A;N/A;N/A;N/A;N/A;N/A;N/A;N/A;N/A;N/A;N/A;N/A;N/A;N/A;N/A;N/A;N/A;N/A;N/A;N/A;N/A;N/A;N/A;N/A;N/A;N/A;N/A;N/A;N/A;N/A;N/A;N/A;N/A;N/A;N/A;N/A;N/A;N/A;N/A;N/A;N/A;N/A;N/A;N/A;N/A;N/A;N/A;N/A;N/A;N/A;N/A;N/A;N/A;N/A;N/A;N/A;N/A;N/A;N/A;N/A;N/A;N/A;N/A;N/A;N/A;N/A;N/A
Nissan;Versa;"1.6 Drive";2019;"79500 km";;LOMA8094362;12500;;;;;Maldonado;https://auto.mercadolibre.com.uy/MLU-666151138-nissan-versa-2019-16-drive-_JM;N/A;;"Nissan Versa 2019 1.6 Drive";usd;Sí;free;false;N/A;N/A;http://perfil.mercadolibre.com.uy/LOMA8094362;active;N/A;N/A;Usado;N/A;N/A;Hidráulica;Delantera;Sí;N/A;N/A;N/A;N/A;N/A;N/A;N/A;N/A;N/A;N/A;N/A;N/A;N/A;N/A;N/A;N/A;N/A;N/A;N/A;N/A;N/A;N/A;N/A;N/A;"2600 mm";"1.6 L";"41 L";5;N/A;N/A;N/A;N/A;N/A;N/A;N/A;N/A;N/A;N/A;N/A;N/A;N/A;N/A;N/A;N/A;N/A;N/A;N/A;N/A;N/A;N/A;N/A;N/A;N/A;N/A;N/A;N/A;N/A;N/A;N/A;N/A;N/A;N/A;N/A;N/A;N/A;N/A;N/A;N/A;N/A;N/A;N/A;N/A;N/A;"1506 mm";"4492 mm";N/A;N/A;N/A;N/A;5;"106 hp";Drive;N/A;4;"1695 mm";N/A;N/A;N/A;N/A;N/A;N/A;N/A;Sí;N/A;N/A;N/A;N/A;N/A;N/A;N/A;N/A;N/A;N/A;4;1.6;Nafta;Manual;Sedán;"Autos y camionetas";N/A;N/A;N/A;N/A;N/A;N/A;UY;N/A;N/A;N/A;N/A;N/A;N/A;N/A;N/A;N/A;N/A;N/A;N/A;N/A;N/A;N/A;N/A;N/A;N/A;N/A;N/A;N/A;N/A;N/A;N/A;N/A;N/A;N/A;N/A;N/A;N/A;N/A;N/A;N/A;N/A;N/A;N/A;N/A;N/A;N/A;N/A;N/A;N/A;N/A;N/A;N/A;N/A;N/A;N/A;N/A;N/A;N/A;N/A;N/A;N/A;N/A;N/A;N/A;N/A;N/A;N/A;N/A;N/A;N/A;N/A;N/A;N/A;N/A;N/A;N/A;N/A;N/A;N/A;N/A;N/A;N/A;N/A;N/A;N/A;N/A;N/A;N/A;N/A;N/A;N/A;N/A;N/A;N/A;N/A;N/A;Sí;N/A;N/A;N/A;N/A;N/A;N/A;N/A;N/A;Sí;N/A;N/A;N/A;N/A;N/A;N/A;N/A;N/A;Sí;N/A;N/A;N/A;N/A;N/A;N/A;N/A
Nissan;March;"1.6 Advance Mt";2015;"69000 km";;ANDREIPI3;12500;;;;;Buceo;https://auto.mercadolibre.com.uy/MLU-635247103-nissan-march-impecable-_JM;N/A;;"Nissan March Impecable!!";usd;Sí;free;false;N/A;N/A;http://perfil.mercadolibre.com.uy/ANDREIPI3;active;N/A;N/A;Usado;Azul;N/A;Hidráulica;Delantera;Sí;Sí;N/A;N/A;N/A;N/A;N/A;N/A;No;N/A;N/A;N/A;Sí;N/A;N/A;N/A;N/A;N/A;N/A;N/A;N/A;N/A;N/A;N/A;N/A;"2450 mm";"1.6 L";"41 L";N/A;N/A;N/A;N/A;N/A;N/A;Sí;N/A;N/A;N/A;N/A;N/A;N/A;N/A;N/A;N/A;N/A;N/A;N/A;N/A;N/A;N/A;N/A;N/A;N/A;N/A;N/A;N/A;N/A;N/A;N/A;N/A;N/A;N/A;N/A;N/A;N/A;N/A;N/A;N/A;N/A;N/A;N/A;N/A;N/A;N/A;"1532 mm";"3827 mm";N/A;N/A;N/A;N/A;5;"109 hp";Advance;N/A;N/A;"1665 mm";N/A;N/A;N/A;N/A;Sí;N/A;N/A;N/A;N/A;N/A;N/A;N/A;N/A;N/A;N/A;N/A;Sí;N/A;5;1.6;Nafta;Manual;Hatchback;"Autos y camionetas";N/A;N/A;N/A;N/A;N/A;N/A;UY;N/A;N/A;N/A;N/A;N/A;N/A;N/A;N/A;N/A;N/A;N/A;N/A;N/A;N/A;N/A;N/A;N/A;N/A;N/A;N/A;N/A;N/A;N/A;N/A;N/A;N/A;N/A;N/A;N/A;N/A;N/A;N/A;N/A;N/A;N/A;N/A;N/A;N/A;N/A;N/A;N/A;N/A;N/A;N/A;N/A;N/A;N/A;N/A;N/A;N/A;N/A;N/A;N/A;N/A;N/A;N/A;N/A;N/A;N/A;N/A;N/A;N/A;N/A;N/A;N/A;N/A;N/A;N/A;N/A;N/A;N/A;N/A;N/A;N/A;N/A;N/A;N/A;N/A;N/A;N/A;N/A;N/A;N/A;N/A;N/A;N/A;N/A;N/A;N/A;Sí;N/A;N/A;N/A;Sí;N/A;N/A;N/A;N/A;Sí;N/A;N/A;N/A;N/A;N/A;N/A;Sí;N/A;Sí;Sí;Sí;Sí;N/A;N/A;N/A;Sí
Nissan;Versa;"1.6 Advance Mt";2017;"14800 km";;PEMAAGUSTIN20231121092152;16500;;;;;Malvin;https://auto.mercadolibre.com.uy/MLU-665252270-nissan-versa-2017-16-advance-mt-_JM;N/A;;"Nissan Versa 2017 1.6 Advance Mt";usd;Sí;free;false;N/A;N/A;http://perfil.mercadolibre.com.uy/PEMAAGUSTIN20231121092152;active;N/A;N/A;Usado;Blanco;N/A;Hidráulica;Delantera;Sí;N/A;N/A;N/A;N/A;N/A;N/A;N/A;N/A;N/A;N/A;N/A;N/A;N/A;N/A;N/A;N/A;N/A;N/A;N/A;N/A;N/A;N/A;N/A;N/A;"2600 mm";"1.6 L";"41 L";5;N/A;N/A;N/A;N/A;N/A;N/A;N/A;N/A;N/A;N/A;N/A;N/A;N/A;N/A;N/A;N/A;N/A;N/A;N/A;N/A;N/A;N/A;N/A;N/A;N/A;N/A;N/A;N/A;N/A;N/A;N/A;N/A;N/A;Sí;Sí;N/A;N/A;N/A;N/A;N/A;N/A;N/A;N/A;N/A;N/A;"1506 mm";"4492 mm";N/A;N/A;N/A;N/A;5;"106 hp";Advance;N/A;4;"1695 mm";N/A;N/A;N/A;N/A;N/A;N/A;N/A;Sí;N/A;N/A;N/A;N/A;N/A;N/A;N/A;N/A;N/A;N/A;4;1.6;Nafta;Manual;Sedán;"Autos y camionetas";N/A;N/A;N/A;N/A;N/A;N/A;UY;N/A;N/A;N/A;N/A;N/A;N/A;N/A;N/A;N/A;N/A;N/A;N/A;N/A;N/A;N/A;N/A;N/A;N/A;N/A;N/A;N/A;N/A;N/A;N/A;N/A;N/A;N/A;N/A;N/A;N/A;N/A;N/A;N/A;N/A;N/A;N/A;N/A;N/A;N/A;N/A;N/A;N/A;N/A;N/A;N/A;N/A;N/A;N/A;N/A;N/A;N/A;N/A;N/A;N/A;N/A;N/A;N/A;N/A;N/A;N/A;N/A;N/A;N/A;N/A;N/A;N/A;N/A;N/A;N/A;N/A;N/A;N/A;N/A;N/A;N/A;N/A;N/A;N/A;N/A;N/A;N/A;N/A;N/A;N/A;N/A;N/A;N/A;N/A;N/A;Sí;N/A;Sí;N/A;N/A;N/A;N/A;Sí;N/A;Sí;N/A;N/A;N/A;N/A;N/A;N/A;Sí;N/A;Sí;N/A;N/A;N/A;N/A;Sí;N/A;N/A
Nissan;Sentra;"1.8 Sr Navi At";2015;"80000 km";;MAR_GRANJA;18500;;;;;"Villa Dolores";https://auto.mercadolibre.com.uy/MLU-664839150-nissan-sentra-sr-b17-_JM;N/A;;"Nissan Sentra Sr B17";usd;Sí;free;false;N/A;N/A;http://perfil.mercadolibre.com.uy/MAR_GRANJA;active;N/A;N/A;Usado;Rojo;N/A;Hidráulica;Delantera;Sí;Sí;N/A;N/A;Sí;N/A;N/A;N/A;N/A;N/A;N/A;N/A;Sí;N/A;Sí;N/A;N/A;N/A;N/A;N/A;N/A;N/A;N/A;N/A;N/A;N/A;"1.8 L";N/A;N/A;N/A;N/A;N/A;N/A;N/A;Sí;N/A;N/A;N/A;N/A;N/A;N/A;N/A;N/A;N/A;N/A;N/A;N/A;N/A;N/A;N/A;N/A;N/A;N/A;N/A;N/A;N/A;N/A;N/A;N/A;N/A;N/A;N/A;N/A;N/A;N/A;N/A;N/A;N/A;N/A;N/A;N/A;N/A;N/A;N/A;N/A;N/A;N/A;N/A;N/A;N/A;N/A;"129 hp";Sr;N/A;N/A;N/A;N/A;Sí;N/A;Sí;Sí;N/A;Sí;Sí;N/A;Sí;N/A;N/A;N/A;N/A;N/A;N/A;N/A;24HS;4;1.8;Nafta;Automática;Coupé;"Autos y camionetas";N/A;N/A;N/A;N/A;N/A;N/A;UY;N/A;N/A;N/A;N/A;N/A;N/A;N/A;N/A;N/A;N/A;N/A;N/A;N/A;N/A;N/A;N/A;N/A;Sí;N/A;N/A;N/A;N/A;N/A;N/A;N/A;N/A;N/A;N/A;N/A;N/A;N/A;N/A;N/A;N/A;N/A;N/A;N/A;N/A;N/A;N/A;N/A;N/A;N/A;N/A;N/A;N/A;N/A;N/A;N/A;N/A;N/A;N/A;N/A;N/A;N/A;N/A;N/A;N/A;N/A;N/A;N/A;N/A;N/A;N/A;N/A;N/A;N/A;N/A;N/A;N/A;N/A;N/A;N/A;N/A;N/A;N/A;N/A;N/A;N/A;N/A;N/A;N/A;N/A;N/A;N/A;N/A;N/A;N/A;N/A;Sí;N/A;Sí;N/A;Sí;N/A;N/A;N/A;N/A;Sí;N/A;N/A;Sí;N/A;N/A;N/A;Sí;Sí;Sí;N/A;N/A;N/A;N/A;N/A;N/A;N/A
Nissan;Versa;"1.6 Advance Mt";2017;"14800 km";;PELMARAGUSTÍN20220813161900;16500;;;;;Malvin;https://auto.mercadolibre.com.uy/MLU-666253370-nissan-versa-2017-16-advance-mt-_JM;N/A;;"Nissan Versa 2017 1.6 Advance Mt";usd;Sí;free;false;N/A;N/A;http://perfil.mercadolibre.com.uy/PELMARAGUST%C3%8DN20220813161900;active;N/A;N/A;Usado;N/A;N/A;Hidráulica;Delantera;Sí;N/A;N/A;N/A;N/A;N/A;N/A;N/A;N/A;N/A;N/A;N/A;N/A;N/A;N/A;N/A;N/A;N/A;N/A;N/A;N/A;N/A;N/A;N/A;N/A;"2600 mm";"1.6 L";"41 L";5;N/A;N/A;N/A;N/A;N/A;N/A;N/A;N/A;N/A;N/A;N/A;N/A;N/A;N/A;N/A;N/A;N/A;N/A;N/A;N/A;N/A;N/A;N/A;N/A;N/A;N/A;N/A;N/A;N/A;N/A;N/A;N/A;N/A;Sí;Sí;N/A;N/A;N/A;N/A;N/A;N/A;N/A;N/A;N/A;N/A;"1506 mm";"4492 mm";N/A;N/A;N/A;N/A;5;"106 hp";Advance;N/A;4;"1695 mm";N/A;N/A;N/A;N/A;N/A;N/A;N/A;Sí;N/A;N/A;N/A;N/A;N/A;N/A;N/A;N/A;N/A;N/A;4;1.6;Nafta;Manual;Sedán;"Autos y camionetas";N/A;N/A;N/A;N/A;N/A;N/A;UY;N/A;N/A;N/A;N/A;N/A;N/A;N/A;N/A;N/A;N/A;N/A;N/A;N/A;N/A;N/A;N/A;N/A;N/A;N/A;N/A;N/A;N/A;N/A;N/A;N/A;N/A;N/A;N/A;N/A;N/A;N/A;N/A;N/A;N/A;N/A;N/A;N/A;N/A;N/A;N/A;N/A;N/A;N/A;N/A;N/A;N/A;N/A;N/A;N/A;N/A;N/A;N/A;N/A;N/A;N/A;N/A;N/A;N/A;N/A;N/A;N/A;N/A;N/A;N/A;N/A;N/A;N/A;N/A;N/A;N/A;N/A;N/A;N/A;N/A;N/A;N/A;N/A;N/A;N/A;N/A;N/A;N/A;N/A;N/A;N/A;N/A;N/A;N/A;N/A;Sí;N/A;Sí;N/A;N/A;N/A;N/A;Sí;N/A;Sí;N/A;N/A;N/A;N/A;N/A;N/A;Sí;N/A;Sí;N/A;N/A;N/A;N/A;Sí;N/A;N/A
Nissan;Frontier;"D 22 4x2 DC FRONTIER";2010;"243495 km";;SOSAAMADEO;11500;;;;;"Sarandí del Yi";https://auto.mercadolibre.com.uy/MLU-666017990-nissan-frontier-d-22-4x2-dc-frontier-_JM;N/A;;"Nissan Frontier D 22 4x2 Dc Frontier";USD;Sí;free;false;N/A;N/A;http://perfil.mercadolibre.com.uy/SOSAAMADEO;active;N/A;N/A;Usado;N/A;N/A;N/A;N/A;N/A;N/A;N/A;N/A;N/A;N/A;N/A;N/A;N/A;N/A;N/A;N/A;N/A;N/A;N/A;N/A;N/A;N/A;N/A;N/A;N/A;N/A;N/A;N/A;N/A;N/A;N/A;N/A;N/A;N/A;N/A;N/A;N/A;N/A;N/A;N/A;N/A;N/A;N/A;N/A;N/A;N/A;N/A;N/A;N/A;N/A;N/A;N/A;N/A;N/A;N/A;N/A;N/A;N/A;N/A;N/A;N/A;N/A;N/A;N/A;N/A;N/A;N/A;N/A;N/A;N/A;N/A;N/A;N/A;N/A;N/A;N/A;N/A;N/A;N/A;N/A;N/A;N/A;N/A;N/A;N/A;N/A;N/A;N/A;N/A;N/A;N/A;N/A;N/A;N/A;N/A;N/A;N/A;N/A;N/A;N/A;N/A;N/A;N/A;N/A;N/A;N/A;N/A;N/A;4;N/A;Nafta;N/A;N/A;"Autos y camionetas";N/A;N/A;N/A;N/A;N/A;N/A;N/A;N/A;N/A;N/A;N/A;N/A;N/A;N/A;N/A;N/A;N/A;N/A;N/A;N/A;N/A;N/A;N/A;N/A;N/A;N/A;N/A;N/A;N/A;N/A;N/A;N/A;N/A;N/A;N/A;N/A;N/A;N/A;N/A;N/A;N/A;N/A;N/A;N/A;N/A;N/A;N/A;N/A;N/A;N/A;N/A;N/A;N/A;N/A;N/A;N/A;N/A;N/A;N/A;N/A;N/A;N/A;N/A;N/A;N/A;N/A;N/A;N/A;N/A;N/A;N/A;N/A;N/A;N/A;N/A;N/A;N/A;N/A;N/A;N/A;N/A;N/A;N/A;N/A;N/A;N/A;N/A;N/A;N/A;N/A;N/A;N/A;N/A;N/A;N/A;N/A;N/A;N/A;N/A;N/A;N/A;N/A;N/A;N/A;N/A;N/A;N/A;N/A;N/A;N/A;N/A;N/A;N/A;N/A;N/A;N/A;N/A;N/A;N/A;N/A;N/A;N/A
Nissan;Tiida;"1.6 Drive Sedan Mt";2012;"202000 km";;FEPA9556364;9300;;;;;"Tres Cruces";https://auto.mercadolibre.com.uy/MLU-665444732-nissan-tiida-2012-16-drive-sedan-mt-_JM;N/A;;"Nissan Tiida 2012 1.6 Drive Sedan Mt";usd;Sí;free;false;N/A;N/A;http://perfil.mercadolibre.com.uy/FEPA9556364;active;N/A;N/A;Usado;N/A;N/A;Hidráulica;Delantera;Sí;N/A;N/A;N/A;N/A;N/A;N/A;N/A;N/A;N/A;N/A;N/A;N/A;N/A;N/A;N/A;N/A;N/A;N/A;N/A;N/A;N/A;N/A;N/A;N/A;"2600 mm";"1.6 L";"52 L";N/A;N/A;N/A;N/A;N/A;N/A;N/A;N/A;N/A;N/A;N/A;N/A;N/A;N/A;N/A;N/A;N/A;N/A;N/A;N/A;N/A;N/A;N/A;N/A;N/A;N/A;N/A;N/A;N/A;N/A;N/A;N/A;N/A;N/A;N/A;N/A;N/A;N/A;N/A;N/A;N/A;N/A;N/A;N/A;N/A;N/A;"1548 mm";"4470 mm";N/A;N/A;N/A;N/A;5;N/A;N/A;N/A;N/A;"1695 mm";N/A;N/A;N/A;N/A;N/A;N/A;N/A;N/A;N/A;N/A;N/A;N/A;N/A;N/A;N/A;N/A;N/A;N/A;4;1.6;Nafta;Manual;Sedán;"Autos y camionetas";N/A;N/A;N/A;N/A;N/A;N/A;UY;N/A;N/A;N/A;N/A;N/A;N/A;N/A;N/A;N/A;N/A;N/A;N/A;N/A;N/A;N/A;N/A;N/A;N/A;N/A;N/A;N/A;N/A;N/A;N/A;N/A;N/A;N/A;N/A;N/A;N/A;N/A;N/A;N/A;N/A;N/A;N/A;N/A;N/A;N/A;N/A;N/A;N/A;N/A;N/A;N/A;N/A;N/A;N/A;N/A;N/A;N/A;N/A;N/A;N/A;N/A;N/A;N/A;N/A;N/A;N/A;N/A;N/A;N/A;N/A;N/A;N/A;N/A;N/A;N/A;N/A;N/A;N/A;N/A;N/A;N/A;N/A;N/A;N/A;N/A;N/A;N/A;N/A;N/A;N/A;N/A;N/A;N/A;N/A;N/A;Sí;N/A;N/A;N/A;N/A;N/A;N/A;N/A;N/A;N/A;N/A;N/A;N/A;N/A;N/A;N/A;N/A;N/A;Sí;N/A;N/A;N/A;N/A;N/A;N/A;N/A
Nissan;Note;"1.6 Advance Mt";2017;"130000 km";;VSSV1;13200;;;;;"Barra de Carrasco";https://auto.mercadolibre.com.uy/MLU-666177178-nissan-note-16-advance-mt-_JM;N/A;;"Nissan Note 1.6 Advance M/t";USD;Sí;free;false;N/A;N/A;http://perfil.mercadolibre.com.uy/VSSV1;active;N/A;N/A;Usado;N/A;N/A;N/A;N/A;N/A;N/A;N/A;N/A;N/A;N/A;N/A;N/A;N/A;N/A;N/A;N/A;N/A;N/A;N/A;N/A;N/A;N/A;N/A;N/A;N/A;N/A;N/A;N/A;N/A;N/A;N/A;N/A;N/A;N/A;N/A;N/A;N/A;N/A;N/A;N/A;N/A;N/A;N/A;N/A;N/A;N/A;N/A;N/A;N/A;N/A;N/A;N/A;N/A;N/A;N/A;N/A;N/A;N/A;N/A;N/A;N/A;N/A;N/A;N/A;N/A;N/A;N/A;N/A;N/A;N/A;N/A;N/A;N/A;N/A;N/A;N/A;N/A;N/A;N/A;N/A;N/A;N/A;N/A;N/A;N/A;N/A;N/A;N/A;N/A;N/A;N/A;N/A;N/A;N/A;N/A;N/A;N/A;N/A;N/A;N/A;N/A;N/A;N/A;N/A;N/A;N/A;N/A;N/A;5;N/A;Nafta;N/A;N/A;"Autos y camionetas";N/A;N/A;N/A;N/A;N/A;N/A;N/A;N/A;N/A;N/A;N/A;N/A;N/A;N/A;N/A;N/A;N/A;N/A;N/A;N/A;N/A;N/A;N/A;N/A;N/A;N/A;N/A;N/A;N/A;N/A;N/A;N/A;N/A;N/A;N/A;N/A;N/A;N/A;N/A;N/A;N/A;N/A;N/A;N/A;N/A;N/A;N/A;N/A;N/A;N/A;N/A;N/A;N/A;N/A;N/A;N/A;N/A;N/A;N/A;N/A;N/A;N/A;N/A;N/A;N/A;N/A;N/A;N/A;N/A;N/A;N/A;N/A;N/A;N/A;N/A;N/A;N/A;N/A;N/A;N/A;N/A;N/A;N/A;N/A;N/A;N/A;N/A;N/A;N/A;N/A;N/A;N/A;N/A;N/A;N/A;N/A;N/A;N/A;N/A;N/A;N/A;N/A;N/A;N/A;N/A;N/A;N/A;N/A;N/A;N/A;N/A;N/A;N/A;N/A;N/A;N/A;N/A;N/A;N/A;N/A;N/A;N/A
Nissan;"NP300 Frontier";"2.5 S 161 Hp Pick Up";2019;"61500 km";;CODA3427836;26500;;;;;N/A;https://auto.mercadolibre.com.uy/MLU-635342919-nissan-np300-frontier-2019-25-s-161-hp-pick-up-_JM;N/A;;"Nissan Np300 Frontier 2019 2.5 S 161 Hp Pick Up";usd;Sí;free;false;N/A;N/A;http://perfil.mercadolibre.com.uy/CODA3427836;active;N/A;N/A;Usado;N/A;N/A;Hidráulica;4x2;Sí;N/A;N/A;N/A;N/A;N/A;N/A;N/A;N/A;N/A;N/A;N/A;N/A;N/A;N/A;N/A;N/A;N/A;N/A;N/A;N/A;N/A;N/A;N/A;N/A;"3150 mm";"2.5 L";"80 L";6;N/A;N/A;N/A;N/A;N/A;N/A;N/A;N/A;N/A;N/A;N/A;N/A;N/A;N/A;N/A;N/A;N/A;N/A;N/A;N/A;N/A;N/A;N/A;N/A;N/A;N/A;N/A;N/A;N/A;N/A;N/A;N/A;N/A;Sí;Sí;N/A;N/A;N/A;N/A;N/A;N/A;N/A;N/A;N/A;N/A;"1860 mm";"5258 mm";N/A;N/A;N/A;N/A;N/A;"161 hp";S;N/A;4;"1850 mm";N/A;N/A;N/A;N/A;N/A;N/A;N/A;N/A;N/A;N/A;N/A;N/A;N/A;N/A;N/A;N/A;N/A;N/A;4;2.5;Diésel;Manual;Pick-Up;"Autos y camionetas";N/A;N/A;N/A;N/A;N/A;N/A;UY;N/A;N/A;N/A;N/A;N/A;N/A;N/A;N/A;N/A;N/A;N/A;N/A;N/A;N/A;N/A;N/A;N/A;N/A;N/A;N/A;N/A;N/A;N/A;N/A;N/A;N/A;N/A;N/A;N/A;N/A;N/A;N/A;N/A;N/A;N/A;N/A;N/A;N/A;N/A;N/A;N/A;N/A;N/A;N/A;N/A;N/A;N/A;N/A;N/A;N/A;N/A;N/A;N/A;N/A;N/A;N/A;N/A;N/A;N/A;N/A;N/A;N/A;N/A;N/A;N/A;N/A;N/A;N/A;N/A;N/A;N/A;N/A;N/A;N/A;N/A;N/A;N/A;N/A;N/A;N/A;N/A;N/A;N/A;N/A;N/A;N/A;N/A;N/A;N/A;Sí;N/A;N/A;N/A;N/A;N/A;N/A;N/A;N/A;Sí;N/A;N/A;N/A;N/A;N/A;N/A;N/A;N/A;Sí;N/A;N/A;N/A;N/A;N/A;N/A;N/A
Nissan;Note;"1.6 Advance At";2019;"54000 km";;MARCELO_MAN61;16400;;;;;Pocitos;https://auto.mercadolibre.com.uy/MLU-635223847-nissan-note-2019-16-advance-at-_JM;N/A;;"Nissan Note 2019 1.6 Advance At";usd;Sí;free;false;N/A;N/A;http://perfil.mercadolibre.com.uy/MARCELO_MAN61;active;N/A;N/A;Usado;N/A;N/A;Hidráulica;Delantera;Sí;N/A;N/A;N/A;N/A;N/A;N/A;N/A;N/A;N/A;N/A;N/A;N/A;N/A;N/A;N/A;N/A;N/A;N/A;N/A;N/A;N/A;N/A;N/A;N/A;"2600 mm";"1.6 L";"41 L";N/A;N/A;N/A;N/A;N/A;N/A;N/A;N/A;N/A;N/A;N/A;N/A;N/A;N/A;N/A;N/A;N/A;N/A;N/A;N/A;N/A;N/A;N/A;N/A;N/A;N/A;N/A;N/A;N/A;N/A;N/A;N/A;N/A;N/A;Sí;Sí;N/A;N/A;N/A;N/A;N/A;N/A;N/A;N/A;N/A;N/A;"1535 mm";"4150 mm";N/A;N/A;N/A;N/A;5;"109 hp";Advance;N/A;4;N/A;N/A;N/A;N/A;N/A;N/A;N/A;N/A;Sí;N/A;N/A;N/A;N/A;N/A;N/A;N/A;N/A;N/A;N/A;5;1.6;Nafta;Automática;Hatchback;"Autos y camionetas";N/A;N/A;N/A;N/A;N/A;N/A;UY;N/A;N/A;N/A;N/A;N/A;N/A;N/A;N/A;N/A;N/A;N/A;N/A;N/A;N/A;N/A;N/A;N/A;N/A;N/A;N/A;N/A;N/A;N/A;N/A;N/A;N/A;N/A;N/A;N/A;N/A;N/A;N/A;N/A;N/A;N/A;N/A;N/A;N/A;N/A;N/A;N/A;N/A;N/A;N/A;N/A;N/A;N/A;N/A;N/A;N/A;N/A;N/A;N/A;N/A;N/A;N/A;N/A;N/A;N/A;N/A;N/A;N/A;N/A;N/A;N/A;N/A;N/A;N/A;N/A;N/A;N/A;N/A;N/A;N/A;N/A;N/A;N/A;N/A;N/A;N/A;N/A;N/A;N/A;N/A;N/A;N/A;N/A;N/A;N/A;Sí;N/A;Sí;N/A;N/A;N/A;N/A;Sí;N/A;Sí;N/A;N/A;N/A;N/A;N/A;N/A;Sí;N/A;Sí;N/A;N/A;N/A;N/A;Sí;N/A;N/A
Nissan;March;"1.6 Advance Mt";2015;"72000 km";;PERALTAJUAN64;12400;;;;;Cerrito;https://auto.mercadolibre.com.uy/MLU-665525624-nissan-march-2015-16-advance-mt-_JM;N/A;;"Nissan March 2015 1.6 Advance Mt";usd;Sí;free;false;N/A;N/A;http://perfil.mercadolibre.com.uy/PERALTAJUAN64;active;N/A;N/A;Usado;N/A;N/A;Hidráulica;Delantera;Sí;N/A;N/A;N/A;N/A;N/A;N/A;N/A;N/A;N/A;N/A;N/A;N/A;N/A;N/A;N/A;N/A;N/A;N/A;N/A;N/A;N/A;N/A;N/A;N/A;"2450 mm";"1.6 L";"41 L";N/A;N/A;N/A;N/A;N/A;N/A;N/A;N/A;N/A;N/A;N/A;N/A;N/A;N/A;N/A;N/A;N/A;N/A;N/A;N/A;N/A;N/A;N/A;N/A;N/A;N/A;N/A;N/A;N/A;N/A;N/A;N/A;N/A;N/A;N/A;N/A;N/A;N/A;N/A;N/A;N/A;N/A;N/A;N/A;N/A;N/A;"1532 mm";"3827 mm";N/A;N/A;N/A;N/A;5;"109 hp";Advance;N/A;N/A;"1665 mm";N/A;N/A;N/A;N/A;N/A;N/A;N/A;N/A;N/A;N/A;N/A;N/A;N/A;N/A;N/A;N/A;N/A;N/A;5;1.6;Nafta;Manual;Hatchback;"Autos y camionetas";N/A;N/A;N/A;N/A;N/A;N/A;UY;N/A;N/A;N/A;N/A;N/A;N/A;N/A;N/A;N/A;N/A;N/A;N/A;N/A;N/A;N/A;N/A;N/A;N/A;N/A;N/A;N/A;N/A;N/A;N/A;N/A;N/A;N/A;N/A;N/A;N/A;N/A;N/A;N/A;N/A;N/A;N/A;N/A;N/A;N/A;N/A;N/A;N/A;N/A;N/A;N/A;N/A;N/A;N/A;N/A;N/A;N/A;N/A;N/A;N/A;N/A;N/A;N/A;N/A;N/A;N/A;N/A;N/A;N/A;N/A;N/A;N/A;N/A;N/A;N/A;N/A;N/A;N/A;N/A;N/A;N/A;N/A;N/A;N/A;N/A;N/A;N/A;N/A;N/A;N/A;N/A;N/A;N/A;N/A;N/A;Sí;N/A;N/A;N/A;N/A;N/A;N/A;N/A;N/A;N/A;N/A;N/A;N/A;N/A;N/A;N/A;N/A;N/A;Sí;N/A;N/A;N/A;N/A;N/A;N/A;N/A
Nissan;Versa;"1.6 Drive";2018;"70000 km";;RENNACHO;13600;;;;;Salinas;https://auto.mercadolibre.com.uy/MLU-665071358-nissan-versa-2018-16-drive-_JM;N/A;;"Nissan Versa 2018 1.6 Drive";usd;Sí;free;false;N/A;N/A;http://perfil.mercadolibre.com.uy/RENNACHO;active;N/A;N/A;Usado;N/A;N/A;Hidráulica;Delantera;Sí;N/A;N/A;N/A;N/A;N/A;N/A;N/A;N/A;N/A;N/A;N/A;N/A;N/A;N/A;N/A;N/A;N/A;N/A;N/A;N/A;N/A;N/A;N/A;N/A;"2600 mm";"1.6 L";"41 L";5;N/A;N/A;N/A;N/A;N/A;N/A;N/A;N/A;N/A;N/A;N/A;N/A;N/A;N/A;N/A;N/A;N/A;N/A;N/A;N/A;N/A;N/A;N/A;N/A;N/A;N/A;N/A;N/A;N/A;N/A;N/A;N/A;N/A;N/A;N/A;N/A;N/A;N/A;N/A;N/A;N/A;N/A;N/A;N/A;N/A;"1506 mm";"4492 mm";N/A;N/A;N/A;N/A;5;"106 hp";Drive;N/A;4;"1695 mm";N/A;N/A;N/A;N/A;N/A;N/A;N/A;Sí;N/A;N/A;N/A;N/A;N/A;N/A;N/A;N/A;N/A;N/A;4;1.6;Nafta;Manual;Sedán;"Autos y camionetas";N/A;N/A;N/A;N/A;N/A;N/A;UY;N/A;N/A;N/A;N/A;N/A;N/A;N/A;N/A;N/A;N/A;N/A;N/A;N/A;N/A;N/A;N/A;N/A;N/A;N/A;N/A;N/A;N/A;N/A;N/A;N/A;N/A;N/A;N/A;N/A;N/A;N/A;N/A;N/A;N/A;N/A;N/A;N/A;N/A;N/A;N/A;N/A;N/A;N/A;N/A;N/A;N/A;N/A;N/A;N/A;N/A;N/A;N/A;N/A;N/A;N/A;N/A;N/A;N/A;N/A;N/A;N/A;N/A;N/A;N/A;N/A;N/A;N/A;N/A;N/A;N/A;N/A;N/A;N/A;N/A;N/A;N/A;N/A;N/A;N/A;N/A;N/A;N/A;N/A;N/A;N/A;N/A;N/A;N/A;N/A;Sí;N/A;N/A;N/A;N/A;N/A;N/A;N/A;N/A;Sí;N/A;N/A;N/A;N/A;N/A;N/A;N/A;N/A;Sí;N/A;N/A;N/A;N/A;N/A;N/A;N/A
Nissan;Frontier;"4.0 Pro-4x Grado S V6 4x4 Mt";2015;"174000 km";;SARRAMERAOSCAR20230329163738;12000;;;;;"Ciudad Vieja";https://auto.mercadolibre.com.uy/MLU-664155286-nissan-frontier-2015-40-pro-4x-grado-s-v6-4x4-mt-_JM;N/A;;"Nissan Frontier 2015 4.0 Pro-4x Grado S V6 4x4 Mt";usd;Sí;free;false;N/A;N/A;http://perfil.mercadolibre.com.uy/SARRAMERAOSCAR20230329163738;active;N/A;N/A;Usado;N/A;N/A;Hidráulica;4x4;Sí;N/A;N/A;N/A;N/A;N/A;N/A;N/A;N/A;N/A;N/A;N/A;N/A;N/A;N/A;N/A;N/A;N/A;N/A;N/A;N/A;N/A;N/A;N/A;N/A;N/A;"4 L";N/A;N/A;N/A;N/A;N/A;N/A;N/A;N/A;N/A;N/A;N/A;N/A;N/A;N/A;N/A;N/A;N/A;N/A;N/A;N/A;N/A;N/A;N/A;N/A;N/A;N/A;N/A;N/A;N/A;N/A;N/A;N/A;N/A;N/A;N/A;N/A;N/A;N/A;N/A;N/A;N/A;N/A;N/A;N/A;N/A;N/A;N/A;N/A;N/A;N/A;N/A;N/A;N/A;N/A;"261 hp";Pro-4x;N/A;N/A;N/A;N/A;N/A;N/A;N/A;N/A;N/A;N/A;N/A;N/A;N/A;N/A;N/A;N/A;N/A;N/A;N/A;N/A;N/A;2;4.0;Nafta;Manual;Pick-Up;"Autos y camionetas";N/A;N/A;N/A;N/A;N/A;N/A;UY;N/A;N/A;N/A;N/A;N/A;N/A;N/A;N/A;N/A;N/A;N/A;N/A;N/A;N/A;N/A;N/A;N/A;N/A;N/A;N/A;N/A;N/A;N/A;N/A;N/A;N/A;N/A;N/A;N/A;N/A;N/A;N/A;N/A;N/A;N/A;N/A;N/A;N/A;N/A;N/A;N/A;N/A;N/A;N/A;N/A;N/A;N/A;N/A;N/A;N/A;N/A;N/A;N/A;N/A;N/A;N/A;N/A;N/A;N/A;N/A;N/A;N/A;N/A;N/A;N/A;N/A;N/A;N/A;N/A;N/A;N/A;N/A;N/A;N/A;N/A;N/A;N/A;N/A;N/A;N/A;N/A;N/A;N/A;N/A;N/A;N/A;N/A;N/A;N/A;Sí;N/A;N/A;N/A;N/A;N/A;N/A;N/A;N/A;N/A;N/A;N/A;N/A;N/A;N/A;N/A;N/A;N/A;Sí;N/A;N/A;N/A;N/A;N/A;N/A;N/A
Nissan;Tiida;"1.8 Emotion Mt";2012;"163500 km";;VDPC_8;10500;;;;;Minas;https://auto.mercadolibre.com.uy/MLU-666157622-nissan-tiida-ano-2012-_JM;N/A;;"Nissan Tiida Año 2012";usd;Sí;free;false;N/A;N/A;http://perfil.mercadolibre.com.uy/VDPC_8;active;N/A;N/A;Usado;Blanco;No;Hidráulica;Delantera;Sí;Sí;N/A;N/A;N/A;N/A;N/A;N/A;No;N/A;N/A;N/A;N/A;N/A;N/A;N/A;N/A;N/A;N/A;N/A;N/A;N/A;N/A;N/A;N/A;"2600 mm";"1.8 L";"52 L";N/A;N/A;N/A;N/A;N/A;N/A;N/A;N/A;N/A;N/A;N/A;N/A;N/A;N/A;N/A;N/A;N/A;N/A;N/A;N/A;N/A;N/A;N/A;N/A;N/A;N/A;N/A;N/A;N/A;N/A;N/A;N/A;N/A;N/A;N/A;N/A;N/A;N/A;N/A;N/A;N/A;N/A;N/A;N/A;N/A;N/A;"1548 mm";"4297 mm";N/A;N/A;N/A;N/A;N/A;N/A;Emotion;N/A;N/A;"1695 mm";N/A;No;N/A;N/A;N/A;N/A;Sí;No;N/A;N/A;N/A;N/A;N/A;N/A;N/A;N/A;N/A;N/A;5;1.8;Nafta;Manual;Hatchback;"Autos y camionetas";No;N/A;N/A;N/A;No;N/A;UY;N/A;Sí;N/A;No;N/A;N/A;N/A;N/A;N/A;N/A;N/A;N/A;N/A;N/A;N/A;N/A;N/A;N/A;N/A;N/A;N/A;N/A;N/A;N/A;N/A;N/A;N/A;N/A;N/A;N/A;N/A;N/A;N/A;N/A;N/A;N/A;No;N/A;N/A;N/A;N/A;N/A;N/A;N/A;N/A;N/A;N/A;N/A;N/A;N/A;N/A;N/A;N/A;N/A;No;Sí;N/A;N/A;N/A;N/A;N/A;N/A;N/A;N/A;N/A;N/A;N/A;N/A;N/A;N/A;N/A;N/A;N/A;N/A;N/A;N/A;N/A;N/A;N/A;N/A;N/A;N/A;N/A;N/A;N/A;N/A;N/A;N/A;N/A;Sí;N/A;N/A;N/A;N/A;N/A;N/A;N/A;N/A;N/A;N/A;N/A;Sí;N/A;N/A;N/A;N/A;Sí;Sí;Sí;N/A;Sí;N/A;N/A;N/A;N/A
Nissan;Tiida;"1.8 Emotion At";2010;"180000 km";;MRTINAGUERO;11000;;;;;"Barros Blancos";https://auto.mercadolibre.com.uy/MLU-666180432-nissan-tiida-2010-18-emotion-at-_JM;N/A;;"Nissan Tiida 2010 1.8 Emotion At";usd;Sí;free;false;N/A;N/A;http://perfil.mercadolibre.com.uy/MRTINAGUERO;active;N/A;N/A;Usado;N/A;N/A;Hidráulica;Delantera;Sí;N/A;N/A;N/A;N/A;N/A;N/A;N/A;N/A;N/A;N/A;N/A;N/A;N/A;N/A;N/A;N/A;N/A;N/A;N/A;N/A;N/A;N/A;N/A;N/A;"2600 mm";"1.8 L";"52.4 L";N/A;N/A;N/A;N/A;N/A;N/A;N/A;N/A;N/A;N/A;N/A;N/A;N/A;N/A;N/A;N/A;N/A;N/A;N/A;N/A;N/A;N/A;N/A;N/A;N/A;N/A;N/A;N/A;N/A;N/A;N/A;N/A;N/A;N/A;N/A;N/A;N/A;N/A;N/A;N/A;N/A;N/A;N/A;N/A;N/A;N/A;"1548 mm";"4297 mm";N/A;N/A;N/A;N/A;N/A;N/A;Emotion;N/A;N/A;"1695 mm";N/A;N/A;N/A;N/A;N/A;N/A;N/A;N/A;N/A;N/A;N/A;N/A;N/A;N/A;N/A;N/A;N/A;N/A;5;1.8;Nafta;Automática;Hatchback;"Autos y camionetas";N/A;N/A;N/A;N/A;N/A;N/A;UY;N/A;N/A;N/A;N/A;N/A;N/A;N/A;N/A;N/A;N/A;N/A;N/A;N/A;N/A;N/A;N/A;N/A;N/A;N/A;N/A;N/A;N/A;N/A;N/A;N/A;N/A;N/A;N/A;N/A;N/A;N/A;N/A;N/A;N/A;N/A;N/A;N/A;N/A;N/A;N/A;N/A;N/A;N/A;N/A;N/A;N/A;N/A;N/A;N/A;N/A;N/A;N/A;N/A;N/A;N/A;N/A;N/A;N/A;N/A;N/A;N/A;N/A;N/A;N/A;N/A;N/A;N/A;N/A;N/A;N/A;N/A;N/A;N/A;N/A;N/A;N/A;N/A;N/A;N/A;N/A;N/A;N/A;N/A;N/A;N/A;N/A;N/A;N/A;N/A;Sí;N/A;N/A;N/A;N/A;N/A;N/A;N/A;N/A;N/A;N/A;N/A;N/A;N/A;N/A;N/A;N/A;N/A;Sí;N/A;N/A;N/A;N/A;N/A;N/A;N/A
Nissan;Kicks;"1.6 Exclusive At";2021;"35000 km";;SABRINABAGNASCO;26000;;;;;"Canelon Chico";https://auto.mercadolibre.com.uy/MLU-635254373-nissan-kicks-2021-16-exclusive-at-_JM;N/A;;"Nissan Kicks 2021 1.6 Exclusive At";usd;Sí;free;false;N/A;N/A;http://perfil.mercadolibre.com.uy/SABRINABAGNASCO;active;N/A;N/A;Usado;N/A;N/A;Hidráulica;Delantera;Sí;N/A;N/A;N/A;N/A;N/A;N/A;N/A;Sí;N/A;N/A;N/A;N/A;N/A;N/A;N/A;N/A;N/A;N/A;N/A;N/A;N/A;N/A;N/A;N/A;"2620 mm";"1.6 L";"50 L";N/A;N/A;N/A;N/A;N/A;N/A;N/A;N/A;N/A;N/A;N/A;N/A;N/A;N/A;N/A;N/A;N/A;N/A;N/A;N/A;N/A;N/A;N/A;N/A;N/A;N/A;N/A;N/A;N/A;N/A;N/A;N/A;N/A;N/A;Sí;Sí;N/A;N/A;Sí;N/A;N/A;N/A;N/A;N/A;N/A;N/A;"1590 mm";"4295 mm";N/A;N/A;N/A;N/A;5;"118 hp";Exclusive;N/A;4;"1760 mm";N/A;N/A;N/A;N/A;N/A;N/A;N/A;N/A;N/A;N/A;N/A;N/A;N/A;N/A;N/A;N/A;N/A;N/A;5;1.6;Nafta;Automática;SUV;"Autos y camionetas";N/A;N/A;N/A;N/A;N/A;N/A;UY;N/A;N/A;N/A;N/A;N/A;N/A;N/A;N/A;N/A;N/A;N/A;N/A;N/A;N/A;N/A;N/A;N/A;N/A;N/A;N/A;N/A;N/A;N/A;N/A;N/A;N/A;N/A;N/A;N/A;N/A;N/A;N/A;N/A;N/A;N/A;N/A;N/A;N/A;N/A;N/A;N/A;N/A;N/A;N/A;N/A;N/A;N/A;N/A;N/A;N/A;N/A;N/A;N/A;N/A;N/A;N/A;N/A;N/A;N/A;N/A;N/A;N/A;N/A;N/A;N/A;N/A;N/A;N/A;N/A;N/A;N/A;N/A;N/A;N/A;N/A;N/A;N/A;N/A;N/A;N/A;N/A;N/A;N/A;N/A;N/A;N/A;N/A;N/A;N/A;Sí;N/A;Sí;N/A;N/A;N/A;N/A;N/A;N/A;Sí;N/A;N/A;N/A;N/A;N/A;Sí;Sí;N/A;Sí;N/A;N/A;N/A;N/A;Sí;N/A;Sí
Nissan;Sentra;"1.8 Exclusive Navi At";2015;"110000 km";;BAMA4079005;16000;;;;;Malvin;https://auto.mercadolibre.com.uy/MLU-665456484-nissan-sentra-2015-18-exclusive-navi-at-_JM;N/A;;"Nissan Sentra 2015 1.8 Exclusive Navi At";usd;Sí;free;false;N/A;N/A;http://perfil.mercadolibre.com.uy/BAMA4079005;active;N/A;N/A;Usado;N/A;N/A;Hidráulica;Delantera;Sí;N/A;N/A;N/A;Sí;N/A;N/A;N/A;N/A;N/A;N/A;N/A;N/A;N/A;N/A;N/A;N/A;N/A;N/A;N/A;N/A;N/A;N/A;N/A;N/A;N/A;"1.8 L";N/A;N/A;N/A;N/A;N/A;N/A;N/A;N/A;N/A;N/A;N/A;N/A;N/A;N/A;N/A;N/A;N/A;N/A;N/A;N/A;N/A;N/A;N/A;N/A;N/A;N/A;N/A;N/A;N/A;N/A;N/A;N/A;N/A;N/A;N/A;N/A;N/A;N/A;N/A;N/A;N/A;N/A;N/A;N/A;N/A;N/A;N/A;N/A;N/A;N/A;N/A;N/A;N/A;N/A;"129 hp";Exclusive;N/A;N/A;N/A;N/A;N/A;N/A;N/A;N/A;N/A;N/A;N/A;N/A;N/A;N/A;N/A;N/A;N/A;N/A;N/A;N/A;N/A;4;1.8;Nafta;Automática;Coupé;"Autos y camionetas";N/A;N/A;N/A;N/A;N/A;N/A;UY;N/A;N/A;N/A;N/A;N/A;N/A;N/A;N/A;N/A;N/A;N/A;N/A;N/A;N/A;N/A;N/A;N/A;N/A;N/A;N/A;N/A;N/A;N/A;N/A;N/A;N/A;N/A;N/A;N/A;N/A;N/A;N/A;N/A;N/A;N/A;N/A;N/A;N/A;N/A;N/A;N/A;N/A;N/A;N/A;N/A;N/A;N/A;N/A;N/A;N/A;N/A;N/A;N/A;N/A;N/A;N/A;N/A;N/A;N/A;N/A;N/A;N/A;N/A;N/A;N/A;N/A;N/A;N/A;N/A;N/A;N/A;N/A;N/A;N/A;N/A;N/A;N/A;N/A;N/A;N/A;N/A;N/A;N/A;N/A;N/A;N/A;N/A;N/A;N/A;Sí;N/A;N/A;N/A;N/A;N/A;N/A;N/A;N/A;N/A;N/A;N/A;N/A;N/A;N/A;N/A;N/A;N/A;Sí;N/A;N/A;N/A;N/A;N/A;N/A;N/A
Nissan;Pathfinder;"Se Tela Comfort 4x2 At";2008;"224000 km";;MARCEPE08;16500;;;;;Reducto;https://auto.mercadolibre.com.uy/MLU-635142355-nissan-pathfinder-2008-se-tela-comfort-4x2-at-_JM;N/A;;"Nissan Pathfinder 2008 Se Tela Comfort 4x2 At";usd;Sí;free;false;N/A;N/A;http://perfil.mercadolibre.com.uy/MARCEPE08;active;N/A;N/A;Usado;N/A;N/A;Hidráulica;4x2;Sí;N/A;N/A;N/A;N/A;N/A;N/A;N/A;N/A;N/A;N/A;N/A;N/A;N/A;N/A;N/A;N/A;N/A;N/A;N/A;N/A;N/A;N/A;N/A;N/A;N/A;"3.5 L";N/A;N/A;N/A;N/A;N/A;N/A;N/A;N/A;N/A;N/A;N/A;N/A;N/A;N/A;N/A;N/A;N/A;N/A;N/A;N/A;N/A;N/A;N/A;N/A;N/A;N/A;N/A;N/A;N/A;N/A;N/A;N/A;N/A;N/A;N/A;N/A;N/A;N/A;N/A;N/A;N/A;N/A;N/A;N/A;N/A;N/A;N/A;N/A;N/A;N/A;N/A;N/A;N/A;5;N/A;Se;N/A;N/A;N/A;N/A;N/A;N/A;N/A;N/A;N/A;N/A;N/A;N/A;N/A;N/A;N/A;N/A;N/A;N/A;N/A;N/A;N/A;5;3.5;Nafta;Automática;SUV;"Autos y camionetas";N/A;N/A;N/A;N/A;N/A;N/A;UY;N/A;N/A;N/A;N/A;N/A;N/A;N/A;N/A;N/A;N/A;N/A;N/A;N/A;N/A;N/A;N/A;N/A;N/A;N/A;N/A;N/A;N/A;N/A;N/A;N/A;N/A;N/A;N/A;N/A;N/A;N/A;N/A;N/A;N/A;N/A;N/A;N/A;N/A;N/A;N/A;N/A;N/A;N/A;N/A;N/A;N/A;N/A;N/A;N/A;N/A;N/A;N/A;N/A;N/A;N/A;N/A;N/A;N/A;N/A;N/A;N/A;N/A;N/A;N/A;N/A;N/A;N/A;N/A;N/A;N/A;N/A;N/A;N/A;N/A;N/A;N/A;N/A;N/A;N/A;N/A;N/A;N/A;N/A;N/A;N/A;N/A;N/A;N/A;N/A;Sí;N/A;N/A;N/A;N/A;N/A;N/A;N/A;N/A;N/A;N/A;N/A;N/A;N/A;N/A;N/A;N/A;N/A;Sí;N/A;N/A;N/A;N/A;N/A;N/A;N/A
Nissan;Versa;"1.6 Sense At";2012;"139000 km";;EDUARDOC2014;11000;;;;;"Punta del Este";https://auto.mercadolibre.com.uy/MLU-635010599-nissan-versa-2012-16-sense-at-_JM;N/A;;"Nissan Versa 2012 1.6 Sense At";usd;Sí;free;false;N/A;N/A;http://perfil.mercadolibre.com.uy/EDUARDOC2014;active;N/A;N/A;Usado;N/A;N/A;Hidráulica;Delantera;Sí;N/A;N/A;N/A;N/A;N/A;N/A;N/A;N/A;N/A;N/A;N/A;N/A;N/A;N/A;N/A;N/A;N/A;N/A;N/A;N/A;N/A;N/A;N/A;N/A;N/A;"1.6 L";N/A;N/A;N/A;N/A;N/A;N/A;N/A;N/A;N/A;N/A;N/A;N/A;N/A;N/A;N/A;N/A;N/A;N/A;N/A;N/A;N/A;N/A;N/A;N/A;N/A;N/A;N/A;N/A;N/A;N/A;N/A;N/A;N/A;N/A;N/A;N/A;N/A;N/A;N/A;N/A;N/A;N/A;N/A;N/A;N/A;N/A;N/A;N/A;N/A;N/A;N/A;N/A;N/A;N/A;N/A;Sense;N/A;N/A;N/A;N/A;N/A;N/A;N/A;N/A;N/A;N/A;N/A;N/A;N/A;N/A;N/A;N/A;N/A;N/A;N/A;N/A;N/A;4;1.6;Nafta;Automática;Hatchback;"Autos y camionetas";N/A;N/A;N/A;N/A;N/A;N/A;UY;N/A;N/A;N/A;N/A;N/A;N/A;N/A;N/A;N/A;N/A;N/A;N/A;N/A;N/A;N/A;N/A;N/A;N/A;N/A;N/A;N/A;N/A;N/A;N/A;N/A;N/A;N/A;N/A;N/A;N/A;N/A;N/A;N/A;N/A;N/A;N/A;N/A;N/A;N/A;N/A;N/A;N/A;N/A;N/A;N/A;N/A;N/A;N/A;N/A;N/A;N/A;N/A;N/A;N/A;N/A;N/A;N/A;N/A;N/A;N/A;N/A;N/A;N/A;N/A;N/A;N/A;N/A;N/A;N/A;N/A;N/A;N/A;N/A;N/A;N/A;N/A;N/A;N/A;N/A;N/A;N/A;N/A;N/A;N/A;N/A;N/A;N/A;N/A;N/A;Sí;N/A;N/A;N/A;N/A;N/A;N/A;N/A;N/A;N/A;N/A;N/A;N/A;N/A;N/A;N/A;N/A;N/A;Sí;N/A;N/A;N/A;N/A;N/A;N/A;N/A
Nissan;Tiida;"1.8 Emotion Mt";2010;"137000 km";;BOFA273509;10000;;;;;"San José de Mayo";https://auto.mercadolibre.com.uy/MLU-664704726-nissan-tiida-2010-18-emotion-mt-_JM;N/A;;"Nissan Tiida 2010 1.8 Emotion Mt";usd;Sí;free;false;N/A;N/A;http://perfil.mercadolibre.com.uy/BOFA273509;active;N/A;N/A;Usado;N/A;N/A;Hidráulica;Delantera;Sí;N/A;N/A;N/A;N/A;N/A;N/A;N/A;N/A;N/A;N/A;N/A;N/A;N/A;N/A;N/A;N/A;N/A;N/A;N/A;N/A;N/A;N/A;N/A;N/A;"2600 mm";"1.8 L";"52.4 L";N/A;N/A;N/A;N/A;N/A;N/A;N/A;N/A;N/A;N/A;N/A;N/A;N/A;N/A;N/A;N/A;N/A;N/A;N/A;N/A;N/A;N/A;N/A;N/A;N/A;N/A;N/A;N/A;N/A;N/A;N/A;N/A;N/A;N/A;N/A;N/A;N/A;N/A;N/A;N/A;N/A;N/A;N/A;N/A;N/A;N/A;"1548 mm";"4297 mm";N/A;N/A;N/A;N/A;N/A;N/A;Emotion;N/A;N/A;"1695 mm";N/A;N/A;N/A;N/A;N/A;N/A;N/A;N/A;N/A;N/A;N/A;N/A;N/A;N/A;N/A;N/A;N/A;N/A;5;1.8;Nafta;Manual;Hatchback;"Autos y camionetas";N/A;N/A;N/A;N/A;N/A;N/A;UY;N/A;N/A;N/A;N/A;N/A;N/A;N/A;N/A;N/A;N/A;N/A;N/A;N/A;N/A;N/A;N/A;N/A;N/A;N/A;N/A;N/A;N/A;N/A;N/A;N/A;N/A;N/A;N/A;N/A;N/A;N/A;N/A;N/A;N/A;N/A;N/A;N/A;N/A;N/A;N/A;N/A;N/A;N/A;N/A;N/A;N/A;N/A;N/A;N/A;N/A;N/A;N/A;N/A;N/A;N/A;N/A;N/A;N/A;N/A;N/A;N/A;N/A;N/A;N/A;N/A;N/A;N/A;N/A;N/A;N/A;N/A;N/A;N/A;N/A;N/A;N/A;N/A;N/A;N/A;N/A;N/A;N/A;N/A;N/A;N/A;N/A;N/A;N/A;N/A;Sí;N/A;N/A;N/A;N/A;N/A;N/A;N/A;N/A;N/A;N/A;N/A;N/A;N/A;N/A;N/A;N/A;N/A;Sí;N/A;N/A;N/A;N/A;N/A;N/A;N/A
Nissan;Frontier;"2.5 4x2";2016;"226000 km";;CARAND10;17200;;;;;"Las Piedras";https://auto.mercadolibre.com.uy/MLU-664434112-nissan-frontier-25-4x2-_JM;N/A;;"Nissan Frontier 2.5 4x2";USD;Sí;free;false;N/A;N/A;http://perfil.mercadolibre.com.uy/CARAND10;active;N/A;N/A;Usado;Gris;N/A;Hidráulica;4x2;Sí;N/A;N/A;N/A;N/A;N/A;N/A;N/A;N/A;N/A;N/A;N/A;N/A;N/A;N/A;N/A;N/A;N/A;N/A;N/A;N/A;N/A;N/A;N/A;N/A;N/A;N/A;N/A;N/A;N/A;N/A;N/A;N/A;N/A;N/A;N/A;N/A;N/A;N/A;N/A;N/A;N/A;N/A;N/A;N/A;N/A;N/A;N/A;N/A;N/A;N/A;N/A;N/A;N/A;N/A;N/A;N/A;N/A;N/A;N/A;N/A;N/A;N/A;N/A;N/A;N/A;N/A;N/A;N/A;N/A;N/A;N/A;N/A;N/A;N/A;N/A;N/A;N/A;N/A;N/A;N/A;N/A;N/A;N/A;N/A;N/A;N/A;No;N/A;Sí;Sí;N/A;N/A;Sí;N/A;N/A;N/A;N/A;N/A;Sí;N/A;N/A;Sí;N/A;4;2.5;Nafta;Manual;Pick-Up;"Autos y camionetas";N/A;N/A;N/A;N/A;N/A;N/A;N/A;N/A;Sí;N/A;N/A;N/A;N/A;N/A;N/A;N/A;N/A;N/A;N/A;N/A;N/A;N/A;N/A;N/A;N/A;N/A;N/A;N/A;N/A;N/A;N/A;N/A;N/A;N/A;N/A;N/A;N/A;N/A;N/A;N/A;N/A;N/A;N/A;N/A;N/A;N/A;N/A;N/A;N/A;N/A;N/A;N/A;N/A;N/A;N/A;N/A;N/A;N/A;N/A;N/A;N/A;N/A;N/A;N/A;N/A;N/A;N/A;N/A;N/A;N/A;N/A;N/A;N/A;N/A;N/A;N/A;N/A;N/A;N/A;N/A;N/A;N/A;N/A;N/A;N/A;N/A;N/A;N/A;N/A;N/A;N/A;N/A;N/A;N/A;N/A;N/A;N/A;N/A;N/A;N/A;N/A;N/A;N/A;N/A;N/A;Sí;N/A;Sí;N/A;N/A;N/A;N/A;N/A;Sí;Sí;Sí;Sí;N/A;N/A;Sí;N/A;Sí
Nissan;Sentra;"b15 1.8";2001;"295000 km";;MEDINAADRIAN20231108205043;6300;;;;;"Las Piedras";https://auto.mercadolibre.com.uy/MLU-664265156-nissan-sentra-b15-18-_JM;N/A;;"Nissan Sentra B15 1.8";USD;Sí;free;false;N/A;N/A;http://perfil.mercadolibre.com.uy/MEDINAADRIAN20231108205043;active;N/A;N/A;Usado;N/A;N/A;N/A;N/A;N/A;N/A;N/A;N/A;N/A;N/A;N/A;N/A;N/A;N/A;N/A;N/A;N/A;N/A;N/A;N/A;N/A;N/A;N/A;N/A;N/A;N/A;N/A;N/A;N/A;N/A;N/A;N/A;N/A;N/A;N/A;N/A;N/A;N/A;N/A;N/A;N/A;N/A;N/A;N/A;N/A;N/A;N/A;N/A;N/A;N/A;N/A;N/A;N/A;N/A;N/A;N/A;N/A;N/A;N/A;N/A;N/A;N/A;N/A;N/A;N/A;N/A;N/A;N/A;N/A;N/A;N/A;N/A;N/A;N/A;N/A;N/A;N/A;N/A;N/A;N/A;N/A;N/A;N/A;N/A;N/A;N/A;N/A;N/A;N/A;N/A;N/A;N/A;N/A;N/A;N/A;N/A;N/A;N/A;N/A;N/A;N/A;N/A;N/A;N/A;N/A;N/A;N/A;N/A;4;N/A;Nafta;N/A;N/A;"Autos y camionetas";N/A;N/A;N/A;N/A;N/A;N/A;N/A;N/A;N/A;N/A;N/A;N/A;N/A;N/A;N/A;N/A;N/A;N/A;N/A;N/A;N/A;N/A;N/A;N/A;N/A;N/A;N/A;N/A;N/A;N/A;N/A;N/A;N/A;N/A;N/A;N/A;N/A;N/A;N/A;N/A;N/A;N/A;N/A;N/A;N/A;N/A;N/A;N/A;N/A;N/A;N/A;N/A;N/A;N/A;N/A;N/A;N/A;N/A;N/A;N/A;N/A;N/A;N/A;N/A;N/A;N/A;N/A;N/A;N/A;N/A;N/A;N/A;N/A;N/A;N/A;N/A;N/A;N/A;N/A;N/A;N/A;N/A;N/A;N/A;N/A;N/A;N/A;N/A;N/A;N/A;N/A;N/A;N/A;N/A;N/A;N/A;N/A;N/A;N/A;N/A;N/A;N/A;N/A;N/A;N/A;N/A;N/A;N/A;N/A;N/A;N/A;N/A;N/A;N/A;N/A;N/A;N/A;N/A;N/A;N/A;N/A;N/A
Nissan;Versa;"1.6 Advance";2018;"110000 km";;FABOR2013;13500;;;;;"Villa Maria";https://auto.mercadolibre.com.uy/MLU-666116114-nissan-versa-2018-16-advance-_JM;N/A;;"Nissan Versa 2018 1.6 Advance";usd;Sí;free;false;N/A;N/A;http://perfil.mercadolibre.com.uy/FABOR2013;active;N/A;N/A;Usado;N/A;N/A;Hidráulica;Delantera;Sí;N/A;N/A;N/A;N/A;N/A;N/A;N/A;N/A;N/A;N/A;N/A;Sí;N/A;N/A;N/A;N/A;N/A;N/A;N/A;N/A;N/A;N/A;N/A;N/A;"2600 mm";"1598 cc";"41 L";5;N/A;N/A;N/A;N/A;N/A;N/A;N/A;N/A;N/A;N/A;N/A;N/A;N/A;N/A;N/A;N/A;N/A;N/A;N/A;N/A;N/A;N/A;N/A;N/A;N/A;Sí;N/A;N/A;N/A;N/A;N/A;N/A;N/A;N/A;N/A;N/A;N/A;N/A;N/A;N/A;N/A;N/A;N/A;N/A;N/A;"1506 mm";"4492 mm";N/A;N/A;N/A;N/A;5;"106 hp";Advance;N/A;4;"1695 mm";N/A;N/A;N/A;N/A;N/A;N/A;N/A;Sí;N/A;N/A;N/A;N/A;N/A;N/A;N/A;N/A;N/A;N/A;4;1.6;Nafta;Manual;Sedán;"Autos y camionetas";N/A;N/A;N/A;N/A;N/A;N/A;UY;N/A;N/A;N/A;N/A;N/A;N/A;N/A;N/A;N/A;N/A;N/A;N/A;N/A;N/A;N/A;N/A;N/A;N/A;N/A;N/A;N/A;N/A;N/A;N/A;N/A;N/A;N/A;N/A;N/A;N/A;N/A;N/A;N/A;N/A;N/A;N/A;N/A;N/A;N/A;N/A;N/A;N/A;N/A;N/A;N/A;N/A;N/A;N/A;N/A;N/A;N/A;N/A;N/A;N/A;N/A;N/A;N/A;N/A;N/A;N/A;N/A;N/A;N/A;N/A;N/A;N/A;N/A;N/A;N/A;N/A;N/A;N/A;N/A;N/A;N/A;N/A;N/A;N/A;N/A;N/A;N/A;N/A;N/A;N/A;N/A;N/A;N/A;N/A;N/A;Sí;N/A;Sí;N/A;N/A;N/A;N/A;Sí;N/A;Sí;N/A;N/A;N/A;N/A;N/A;N/A;Sí;N/A;Sí;N/A;N/A;N/A;N/A;Sí;N/A;N/A
Nissan;Versa;"1.6 Advance Mt";2017;"116000 km";;PABLOLAVA;13500;;;;;Salto;https://auto.mercadolibre.com.uy/MLU-665148522-nissan-versa-16-advance-mt-2017-_JM;N/A;;"Nissan Versa 1.6 Advance Mt 2017";usd;Sí;free;false;N/A;N/A;http://perfil.mercadolibre.com.uy/PABLOLAVA;active;N/A;N/A;Usado;N/A;N/A;Hidráulica;Delantera;Sí;N/A;N/A;N/A;N/A;N/A;N/A;N/A;N/A;N/A;N/A;N/A;Sí;N/A;N/A;N/A;N/A;N/A;N/A;N/A;N/A;N/A;N/A;N/A;N/A;"2600 mm";"1.6 L";"41 L";5;N/A;N/A;N/A;N/A;N/A;N/A;N/A;N/A;N/A;N/A;N/A;N/A;N/A;N/A;N/A;N/A;N/A;N/A;N/A;N/A;N/A;N/A;N/A;N/A;N/A;Sí;N/A;N/A;N/A;N/A;N/A;N/A;N/A;Sí;Sí;N/A;N/A;N/A;N/A;N/A;N/A;N/A;N/A;N/A;N/A;"1506 mm";"4492 mm";N/A;N/A;N/A;N/A;5;"106 hp";Advance;N/A;4;"1695 mm";N/A;N/A;N/A;N/A;N/A;N/A;N/A;Sí;N/A;N/A;N/A;N/A;N/A;N/A;N/A;N/A;N/A;N/A;4;1.6;Nafta;Manual;Sedán;"Autos y camionetas";N/A;N/A;N/A;N/A;N/A;N/A;UY;N/A;N/A;N/A;N/A;N/A;N/A;N/A;N/A;N/A;N/A;N/A;N/A;N/A;N/A;N/A;N/A;N/A;N/A;N/A;N/A;N/A;N/A;N/A;N/A;N/A;N/A;N/A;N/A;N/A;N/A;N/A;N/A;N/A;N/A;N/A;N/A;N/A;N/A;N/A;N/A;N/A;N/A;N/A;N/A;N/A;N/A;N/A;N/A;N/A;N/A;N/A;N/A;N/A;N/A;N/A;N/A;N/A;N/A;N/A;N/A;N/A;N/A;N/A;N/A;N/A;N/A;N/A;N/A;N/A;N/A;N/A;N/A;N/A;N/A;N/A;N/A;N/A;N/A;N/A;N/A;N/A;N/A;N/A;N/A;N/A;N/A;N/A;N/A;N/A;Sí;N/A;Sí;N/A;N/A;N/A;N/A;Sí;N/A;Sí;N/A;N/A;N/A;N/A;N/A;N/A;Sí;N/A;Sí;N/A;N/A;N/A;N/A;Sí;N/A;N/A
Nissan;Kicks;"1.6 Sense Mt";2019;"89000 km";;AMPA2696010;18900;;;;;"La Comercial";https://auto.mercadolibre.com.uy/MLU-666144820-nissan-kicks-2019-16-sense-mt-_JM;N/A;;"Nissan Kicks 2019 1.6 Sense Mt";usd;Sí;free;false;N/A;N/A;http://perfil.mercadolibre.com.uy/AMPA2696010;active;N/A;N/A;Usado;N/A;N/A;Hidráulica;Delantera;Sí;N/A;N/A;N/A;N/A;N/A;N/A;N/A;N/A;N/A;N/A;N/A;N/A;N/A;N/A;N/A;N/A;N/A;N/A;N/A;N/A;N/A;N/A;N/A;N/A;"2620 mm";"1.6 L";"50 L";5;N/A;N/A;N/A;N/A;N/A;N/A;N/A;N/A;N/A;N/A;N/A;N/A;N/A;N/A;N/A;N/A;N/A;N/A;N/A;N/A;N/A;N/A;N/A;N/A;N/A;N/A;N/A;N/A;N/A;N/A;N/A;N/A;N/A;Sí;Sí;N/A;N/A;N/A;N/A;N/A;N/A;N/A;N/A;N/A;N/A;"1590 mm";"4295 mm";N/A;N/A;N/A;N/A;5;"118 hp";Sense;N/A;4;"1760 mm";N/A;N/A;N/A;N/A;N/A;N/A;N/A;N/A;N/A;N/A;N/A;N/A;N/A;N/A;N/A;N/A;N/A;N/A;5;1.6;Nafta;Manual;SUV;"Autos y camionetas";N/A;N/A;N/A;N/A;N/A;N/A;UY;N/A;N/A;N/A;N/A;N/A;N/A;N/A;N/A;N/A;N/A;N/A;N/A;N/A;N/A;N/A;N/A;N/A;N/A;N/A;N/A;N/A;N/A;N/A;N/A;N/A;N/A;N/A;N/A;N/A;N/A;N/A;N/A;N/A;N/A;N/A;N/A;N/A;N/A;N/A;N/A;N/A;N/A;N/A;N/A;N/A;N/A;N/A;N/A;N/A;N/A;N/A;N/A;N/A;N/A;N/A;N/A;N/A;N/A;N/A;N/A;N/A;N/A;N/A;N/A;N/A;N/A;N/A;N/A;N/A;N/A;N/A;N/A;N/A;N/A;N/A;N/A;N/A;N/A;N/A;N/A;N/A;N/A;N/A;N/A;N/A;N/A;N/A;N/A;N/A;Sí;N/A;N/A;N/A;N/A;N/A;N/A;N/A;N/A;Sí;N/A;N/A;N/A;N/A;N/A;N/A;Sí;N/A;Sí;N/A;N/A;N/A;N/A;Sí;N/A;Sí
Nissan;Versa;"1.6 Exclusive At";2023;"15500 km";;BRAVA08;24900;;;;;Centro;https://auto.mercadolibre.com.uy/MLU-665941418-nissan-versa-2023-16-exclusive-at-_JM;N/A;;"Nissan Versa 2023 1.6 Exclusive At";usd;Sí;free;false;N/A;N/A;http://perfil.mercadolibre.com.uy/BRAVA08;active;N/A;N/A;Usado;N/A;N/A;Hidráulica;Delantera;Sí;N/A;N/A;N/A;Sí;N/A;N/A;N/A;Sí;N/A;N/A;N/A;N/A;N/A;N/A;N/A;N/A;N/A;N/A;N/A;N/A;N/A;N/A;N/A;N/A;"2600 mm";"1.6 L";"41 L";4;N/A;N/A;N/A;N/A;N/A;N/A;N/A;N/A;N/A;N/A;N/A;N/A;N/A;N/A;N/A;N/A;N/A;N/A;N/A;N/A;N/A;N/A;N/A;N/A;N/A;N/A;N/A;N/A;N/A;N/A;N/A;N/A;N/A;Sí;Sí;N/A;N/A;N/A;N/A;N/A;N/A;N/A;N/A;N/A;N/A;"1506 mm";"4465 mm";N/A;N/A;N/A;N/A;5;"106 hp";Exclusive;N/A;4;"1695 mm";N/A;N/A;N/A;N/A;N/A;N/A;N/A;Sí;N/A;N/A;N/A;N/A;N/A;N/A;N/A;N/A;N/A;N/A;4;1.6;Nafta;Automática;Sedán;"Autos y camionetas";N/A;N/A;N/A;N/A;N/A;N/A;UY;N/A;N/A;N/A;N/A;N/A;N/A;N/A;N/A;N/A;N/A;N/A;N/A;N/A;N/A;N/A;N/A;N/A;N/A;N/A;N/A;N/A;N/A;N/A;N/A;N/A;N/A;N/A;N/A;N/A;N/A;N/A;N/A;N/A;N/A;N/A;N/A;N/A;N/A;N/A;N/A;N/A;N/A;N/A;N/A;N/A;N/A;N/A;N/A;N/A;N/A;N/A;N/A;N/A;N/A;N/A;N/A;N/A;N/A;N/A;N/A;N/A;N/A;N/A;N/A;N/A;N/A;N/A;N/A;N/A;N/A;N/A;N/A;N/A;N/A;N/A;N/A;N/A;N/A;N/A;N/A;N/A;N/A;N/A;N/A;N/A;N/A;N/A;N/A;N/A;Sí;N/A;Sí;N/A;N/A;N/A;N/A;Sí;N/A;Sí;N/A;N/A;N/A;N/A;N/A;N/A;Sí;N/A;Sí;N/A;N/A;N/A;N/A;Sí;N/A;N/A
Nissan;Frontier;Se;2023;"30500 km";;ACRO6332484;29800;;;;;Florida;https://auto.mercadolibre.com.uy/MLU-665342360-nissan-frontier-se-_JM;N/A;;"Nissan Frontier Se";USD;Sí;free;false;N/A;N/A;http://perfil.mercadolibre.com.uy/ACRO6332484;active;N/A;N/A;Usado;N/A;N/A;N/A;N/A;N/A;N/A;N/A;N/A;N/A;N/A;N/A;N/A;N/A;N/A;N/A;N/A;N/A;N/A;N/A;N/A;N/A;N/A;N/A;N/A;N/A;N/A;N/A;N/A;N/A;N/A;N/A;N/A;N/A;N/A;N/A;N/A;N/A;N/A;N/A;N/A;N/A;N/A;N/A;N/A;N/A;N/A;N/A;N/A;N/A;N/A;N/A;N/A;N/A;N/A;N/A;N/A;N/A;N/A;N/A;N/A;N/A;N/A;N/A;N/A;N/A;N/A;N/A;N/A;N/A;N/A;N/A;N/A;N/A;N/A;N/A;N/A;N/A;N/A;N/A;N/A;N/A;N/A;N/A;N/A;N/A;N/A;N/A;N/A;N/A;N/A;N/A;N/A;N/A;N/A;N/A;N/A;N/A;N/A;N/A;N/A;N/A;N/A;N/A;N/A;N/A;N/A;N/A;N/A;6;N/A;Nafta;N/A;N/A;"Autos y camionetas";N/A;N/A;N/A;N/A;N/A;N/A;N/A;N/A;N/A;N/A;N/A;N/A;N/A;N/A;N/A;N/A;N/A;N/A;N/A;N/A;N/A;N/A;N/A;N/A;N/A;N/A;N/A;N/A;N/A;N/A;N/A;N/A;N/A;N/A;N/A;N/A;N/A;N/A;N/A;N/A;N/A;N/A;N/A;N/A;N/A;N/A;N/A;N/A;N/A;N/A;N/A;N/A;N/A;N/A;N/A;N/A;N/A;N/A;N/A;N/A;N/A;N/A;N/A;N/A;N/A;N/A;N/A;N/A;N/A;N/A;N/A;N/A;N/A;N/A;N/A;N/A;N/A;N/A;N/A;N/A;N/A;N/A;N/A;N/A;N/A;N/A;N/A;N/A;N/A;N/A;N/A;N/A;N/A;N/A;N/A;N/A;N/A;N/A;N/A;N/A;N/A;N/A;N/A;N/A;N/A;N/A;N/A;N/A;N/A;N/A;N/A;N/A;N/A;N/A;N/A;N/A;N/A;N/A;N/A;N/A;N/A;N/A
Nissan;March;"1.6 Active.";2015;"104699 km";;VDIAZ_1985;9300;;;;;"Ciudad Vieja";https://auto.mercadolibre.com.uy/MLU-664042624-nissan-march-16-active-_JM;N/A;;"Nissan March 1.6 Active. ";USD;Sí;free;false;N/A;N/A;http://perfil.mercadolibre.com.uy/VDIAZ_1985;active;N/A;N/A;Usado;N/A;N/A;N/A;N/A;N/A;N/A;N/A;N/A;N/A;N/A;N/A;N/A;N/A;N/A;N/A;N/A;N/A;N/A;N/A;N/A;N/A;N/A;N/A;N/A;N/A;N/A;N/A;N/A;N/A;N/A;N/A;N/A;N/A;N/A;N/A;N/A;N/A;N/A;N/A;N/A;N/A;N/A;N/A;N/A;N/A;N/A;N/A;N/A;N/A;N/A;N/A;N/A;N/A;N/A;N/A;N/A;N/A;N/A;N/A;N/A;N/A;N/A;N/A;N/A;N/A;N/A;N/A;N/A;N/A;N/A;N/A;N/A;N/A;N/A;N/A;N/A;N/A;N/A;N/A;N/A;N/A;N/A;N/A;N/A;N/A;N/A;N/A;N/A;N/A;N/A;N/A;N/A;N/A;N/A;N/A;N/A;N/A;N/A;N/A;N/A;N/A;N/A;N/A;N/A;N/A;N/A;N/A;N/A;5;N/A;Nafta;N/A;N/A;"Autos y camionetas";N/A;N/A;N/A;N/A;N/A;N/A;N/A;N/A;N/A;N/A;N/A;N/A;N/A;N/A;N/A;N/A;N/A;N/A;N/A;N/A;N/A;N/A;N/A;N/A;N/A;N/A;N/A;N/A;N/A;N/A;N/A;N/A;N/A;N/A;N/A;N/A;N/A;N/A;N/A;N/A;N/A;N/A;N/A;N/A;N/A;N/A;N/A;N/A;N/A;N/A;N/A;N/A;N/A;N/A;N/A;N/A;N/A;N/A;N/A;N/A;N/A;N/A;N/A;N/A;N/A;N/A;N/A;N/A;N/A;N/A;N/A;N/A;N/A;N/A;N/A;N/A;N/A;N/A;N/A;N/A;N/A;N/A;N/A;N/A;N/A;N/A;N/A;N/A;N/A;N/A;N/A;N/A;N/A;N/A;N/A;N/A;N/A;N/A;N/A;N/A;N/A;N/A;N/A;N/A;N/A;N/A;N/A;N/A;N/A;N/A;N/A;N/A;N/A;N/A;N/A;N/A;N/A;N/A;N/A;N/A;N/A;N/A
Nissan;Sentra;"Se Mt";1994;"150000 km";;MARCELOBUGLIONE;3500;;;;;Casabo;https://auto.mercadolibre.com.uy/MLU-635174053-nissan-sentra-1994-se-mt-_JM;N/A;;"Nissan Sentra 1994 Se Mt";usd;Sí;free;false;N/A;N/A;http://perfil.mercadolibre.com.uy/MARCELOBUGLIONE;active;N/A;N/A;Usado;N/A;N/A;Hidráulica;Delantera;Sí;N/A;N/A;N/A;N/A;N/A;N/A;N/A;N/A;N/A;N/A;N/A;N/A;N/A;N/A;N/A;N/A;N/A;N/A;N/A;N/A;N/A;N/A;N/A;N/A;N/A;"1.6 L";N/A;N/A;N/A;N/A;N/A;N/A;N/A;N/A;N/A;N/A;N/A;N/A;N/A;N/A;N/A;N/A;N/A;N/A;N/A;N/A;N/A;N/A;N/A;N/A;N/A;N/A;N/A;N/A;N/A;N/A;N/A;N/A;N/A;N/A;N/A;N/A;N/A;N/A;N/A;N/A;N/A;N/A;N/A;N/A;N/A;N/A;N/A;N/A;N/A;N/A;N/A;N/A;N/A;5;N/A;Se;N/A;N/A;N/A;N/A;N/A;N/A;N/A;N/A;N/A;N/A;N/A;N/A;N/A;N/A;N/A;N/A;N/A;N/A;N/A;N/A;N/A;4;1.6;Nafta;Manual;Sedán;"Autos y camionetas";N/A;N/A;N/A;N/A;N/A;N/A;UY;N/A;N/A;N/A;N/A;N/A;N/A;N/A;N/A;N/A;N/A;N/A;N/A;N/A;N/A;N/A;N/A;N/A;N/A;N/A;N/A;N/A;N/A;N/A;N/A;N/A;N/A;N/A;N/A;N/A;N/A;N/A;N/A;N/A;N/A;N/A;N/A;N/A;N/A;N/A;N/A;N/A;N/A;N/A;N/A;N/A;N/A;N/A;N/A;N/A;N/A;N/A;N/A;N/A;N/A;N/A;N/A;N/A;N/A;N/A;N/A;N/A;N/A;N/A;N/A;N/A;N/A;N/A;N/A;N/A;N/A;N/A;N/A;N/A;N/A;N/A;N/A;N/A;N/A;N/A;N/A;N/A;N/A;N/A;N/A;N/A;N/A;N/A;N/A;N/A;Sí;N/A;N/A;N/A;N/A;N/A;N/A;N/A;N/A;N/A;N/A;N/A;N/A;N/A;N/A;N/A;N/A;N/A;Sí;N/A;N/A;N/A;N/A;N/A;N/A;N/A
Nissan;Tiida;"1.8 Emotion Mt";2012;"133600 km";;FEDI9862455;13500;;;;;"Piedras Blancas";https://auto.mercadolibre.com.uy/MLU-664446952-nissan-tiida-2012-18-emotion-mt-_JM;N/A;;"Nissan Tiida 2012 1.8 Emotion Mt";usd;Sí;free;false;N/A;N/A;http://perfil.mercadolibre.com.uy/FEDI9862455;active;N/A;N/A;Usado;N/A;N/A;Hidráulica;Delantera;Sí;N/A;N/A;N/A;N/A;N/A;N/A;N/A;N/A;N/A;N/A;N/A;N/A;N/A;N/A;N/A;N/A;N/A;N/A;N/A;N/A;N/A;N/A;N/A;N/A;"2600 mm";"1.8 L";"52 L";N/A;N/A;N/A;N/A;N/A;N/A;N/A;N/A;N/A;N/A;N/A;N/A;N/A;N/A;N/A;N/A;N/A;N/A;N/A;N/A;N/A;N/A;N/A;N/A;N/A;N/A;N/A;N/A;N/A;N/A;N/A;N/A;N/A;N/A;N/A;N/A;N/A;N/A;N/A;N/A;N/A;N/A;N/A;N/A;N/A;N/A;"1548 mm";"4297 mm";N/A;N/A;N/A;N/A;N/A;N/A;Emotion;N/A;N/A;"1695 mm";N/A;N/A;N/A;N/A;N/A;N/A;N/A;N/A;N/A;N/A;N/A;N/A;N/A;N/A;N/A;N/A;N/A;N/A;5;1.8;Nafta;Manual;Hatchback;"Autos y camionetas";N/A;N/A;N/A;N/A;N/A;N/A;UY;N/A;N/A;N/A;N/A;N/A;N/A;N/A;N/A;N/A;N/A;N/A;N/A;N/A;N/A;N/A;N/A;N/A;N/A;N/A;N/A;N/A;N/A;N/A;N/A;N/A;N/A;N/A;N/A;N/A;N/A;N/A;N/A;N/A;N/A;N/A;N/A;N/A;N/A;N/A;N/A;N/A;N/A;N/A;N/A;N/A;N/A;N/A;N/A;N/A;N/A;N/A;N/A;N/A;N/A;N/A;N/A;N/A;N/A;N/A;N/A;N/A;N/A;N/A;N/A;N/A;N/A;N/A;N/A;N/A;N/A;N/A;N/A;N/A;N/A;N/A;N/A;N/A;N/A;N/A;N/A;N/A;N/A;N/A;N/A;N/A;N/A;N/A;N/A;N/A;Sí;N/A;N/A;N/A;N/A;N/A;N/A;N/A;N/A;N/A;N/A;N/A;N/A;N/A;N/A;N/A;N/A;N/A;Sí;N/A;N/A;N/A;N/A;N/A;N/A;N/A
Nissan;Kiks;Kiks;2018;"119882 km";;GAMA3731409;20000;;;;;Maldonado;https://auto.mercadolibre.com.uy/MLU-665229384-nissan-kiks-kiks-_JM;N/A;;"Nissan Kiks  Kiks";USD;Sí;free;false;N/A;N/A;http://perfil.mercadolibre.com.uy/GAMA3731409;active;N/A;N/A;Usado;N/A;N/A;N/A;N/A;N/A;N/A;N/A;N/A;N/A;N/A;N/A;N/A;N/A;N/A;N/A;N/A;N/A;N/A;N/A;N/A;N/A;N/A;N/A;N/A;N/A;N/A;N/A;N/A;N/A;N/A;N/A;N/A;N/A;N/A;N/A;N/A;N/A;N/A;N/A;N/A;N/A;N/A;N/A;N/A;N/A;N/A;N/A;N/A;N/A;N/A;N/A;N/A;N/A;N/A;N/A;N/A;N/A;N/A;N/A;N/A;N/A;N/A;N/A;N/A;N/A;N/A;N/A;N/A;N/A;N/A;N/A;N/A;N/A;N/A;N/A;N/A;N/A;N/A;N/A;N/A;N/A;N/A;N/A;N/A;N/A;N/A;N/A;N/A;N/A;N/A;N/A;N/A;N/A;N/A;N/A;N/A;N/A;N/A;N/A;N/A;N/A;N/A;N/A;N/A;N/A;N/A;N/A;N/A;4;N/A;Nafta;N/A;N/A;"Autos y camionetas";N/A;N/A;N/A;N/A;N/A;N/A;N/A;N/A;N/A;N/A;N/A;N/A;N/A;N/A;N/A;N/A;N/A;N/A;N/A;N/A;N/A;N/A;N/A;N/A;N/A;N/A;N/A;N/A;N/A;N/A;N/A;N/A;N/A;N/A;N/A;N/A;N/A;N/A;N/A;N/A;N/A;N/A;N/A;N/A;N/A;N/A;N/A;N/A;N/A;N/A;N/A;N/A;N/A;N/A;N/A;N/A;N/A;N/A;N/A;N/A;N/A;N/A;N/A;N/A;N/A;N/A;N/A;N/A;N/A;N/A;N/A;N/A;N/A;N/A;N/A;N/A;N/A;N/A;N/A;N/A;N/A;N/A;N/A;N/A;N/A;N/A;N/A;N/A;N/A;N/A;N/A;N/A;N/A;N/A;N/A;N/A;N/A;N/A;N/A;N/A;N/A;N/A;N/A;N/A;N/A;N/A;N/A;N/A;N/A;N/A;N/A;N/A;N/A;N/A;N/A;N/A;N/A;N/A;N/A;N/A;N/A;N/A
Nissan;Versa;"1.6 Advance Mt";2014;"136000 km";;TORTEROLAMARCELO20230528185423;12500;;;;;Canelones;https://auto.mercadolibre.com.uy/MLU-635324691-nissan-versa-2014-16-advance-mt-_JM;N/A;;"Nissan Versa 2014 1.6 Advance Mt";usd;Sí;free;false;N/A;N/A;http://perfil.mercadolibre.com.uy/TORTEROLAMARCELO20230528185423;active;N/A;N/A;Usado;N/A;N/A;Hidráulica;Delantera;Sí;N/A;N/A;N/A;N/A;N/A;N/A;N/A;N/A;N/A;N/A;N/A;N/A;N/A;N/A;N/A;N/A;N/A;N/A;N/A;N/A;N/A;N/A;N/A;N/A;"2600 mm";"1.6 L";"41 L";N/A;N/A;N/A;N/A;N/A;N/A;N/A;N/A;N/A;N/A;N/A;N/A;N/A;N/A;N/A;N/A;N/A;N/A;N/A;N/A;N/A;N/A;N/A;N/A;N/A;N/A;N/A;N/A;N/A;N/A;N/A;N/A;N/A;N/A;N/A;N/A;N/A;N/A;N/A;N/A;N/A;N/A;N/A;N/A;N/A;N/A;"1514 mm";"4465 mm";N/A;N/A;N/A;N/A;5;N/A;Advance;N/A;N/A;"1695 mm";N/A;N/A;N/A;N/A;N/A;N/A;N/A;N/A;N/A;N/A;N/A;N/A;N/A;N/A;N/A;N/A;N/A;N/A;4;1.6;Nafta;Manual;Sedán;"Autos y camionetas";N/A;N/A;N/A;N/A;N/A;N/A;UY;N/A;N/A;N/A;N/A;N/A;N/A;N/A;N/A;N/A;N/A;N/A;N/A;N/A;N/A;N/A;N/A;N/A;N/A;N/A;N/A;N/A;N/A;N/A;N/A;N/A;N/A;N/A;N/A;N/A;N/A;N/A;N/A;N/A;N/A;N/A;N/A;N/A;N/A;N/A;N/A;N/A;N/A;N/A;N/A;N/A;N/A;N/A;N/A;N/A;N/A;N/A;N/A;N/A;N/A;N/A;N/A;N/A;N/A;N/A;N/A;N/A;N/A;N/A;N/A;N/A;N/A;N/A;N/A;N/A;N/A;N/A;N/A;N/A;N/A;N/A;N/A;N/A;N/A;N/A;N/A;N/A;N/A;N/A;N/A;N/A;N/A;N/A;N/A;N/A;Sí;N/A;N/A;N/A;N/A;N/A;N/A;N/A;N/A;N/A;N/A;N/A;N/A;N/A;N/A;N/A;N/A;N/A;Sí;N/A;N/A;N/A;N/A;N/A;N/A;N/A
Nissan;"D21 doble cabina";D21;1998;"11111 km";;NAHJOMA;10000;;;;;Florida;https://auto.mercadolibre.com.uy/MLU-635299989-nissan-d21-doble-cabina-d21-_JM;N/A;;"Nissan D21 Doble Cabina D21";USD;No;free;false;N/A;N/A;http://perfil.mercadolibre.com.uy/NAHJOMA;active;N/A;N/A;Usado;N/A;N/A;N/A;N/A;N/A;N/A;N/A;N/A;N/A;N/A;N/A;N/A;N/A;N/A;N/A;N/A;N/A;N/A;N/A;N/A;N/A;N/A;N/A;N/A;N/A;N/A;N/A;N/A;N/A;N/A;N/A;N/A;N/A;N/A;N/A;N/A;N/A;N/A;N/A;N/A;N/A;N/A;N/A;N/A;N/A;N/A;N/A;N/A;N/A;N/A;N/A;N/A;N/A;N/A;N/A;N/A;N/A;N/A;N/A;N/A;N/A;N/A;N/A;N/A;N/A;N/A;N/A;N/A;N/A;N/A;N/A;N/A;N/A;N/A;N/A;N/A;N/A;N/A;N/A;N/A;N/A;N/A;N/A;N/A;N/A;N/A;N/A;N/A;N/A;N/A;N/A;N/A;N/A;N/A;N/A;N/A;N/A;N/A;N/A;N/A;N/A;N/A;N/A;N/A;N/A;N/A;N/A;N/A;4;N/A;Diésel;N/A;N/A;"Autos y camionetas";N/A;N/A;N/A;N/A;N/A;N/A;N/A;N/A;N/A;N/A;N/A;N/A;N/A;N/A;N/A;N/A;N/A;N/A;N/A;N/A;N/A;N/A;N/A;N/A;N/A;N/A;N/A;N/A;N/A;N/A;N/A;N/A;N/A;N/A;N/A;N/A;N/A;N/A;N/A;N/A;N/A;N/A;N/A;N/A;N/A;N/A;N/A;N/A;N/A;N/A;N/A;N/A;N/A;N/A;N/A;N/A;N/A;N/A;N/A;N/A;N/A;N/A;N/A;N/A;N/A;N/A;N/A;N/A;N/A;N/A;N/A;N/A;N/A;N/A;N/A;N/A;N/A;N/A;N/A;N/A;N/A;N/A;N/A;N/A;N/A;N/A;N/A;N/A;N/A;N/A;N/A;N/A;N/A;N/A;N/A;N/A;N/A;N/A;N/A;N/A;N/A;N/A;N/A;N/A;N/A;N/A;N/A;N/A;N/A;N/A;N/A;N/A;N/A;N/A;N/A;N/A;N/A;N/A;N/A;N/A;N/A;N/A
Nissan;D-21;"Doble Cabina";1998;"445 km";;WILLI513;13200;;;;;Sayago;https://auto.mercadolibre.com.uy/MLU-666169734-nissan-d21-doble-cabina-_JM;N/A;;"Nissan D21 Doble Cabina";USD;No;free;false;N/A;N/A;http://perfil.mercadolibre.com.uy/WILLI513;active;N/A;N/A;Usado;N/A;N/A;N/A;N/A;N/A;N/A;N/A;N/A;N/A;N/A;N/A;N/A;N/A;N/A;N/A;N/A;N/A;N/A;N/A;N/A;N/A;N/A;N/A;N/A;N/A;N/A;N/A;N/A;N/A;N/A;N/A;N/A;N/A;N/A;N/A;N/A;N/A;N/A;N/A;N/A;N/A;N/A;N/A;N/A;N/A;N/A;N/A;N/A;N/A;N/A;N/A;N/A;N/A;N/A;N/A;N/A;N/A;N/A;N/A;N/A;N/A;N/A;N/A;N/A;N/A;N/A;N/A;N/A;N/A;N/A;N/A;N/A;N/A;N/A;N/A;N/A;N/A;N/A;N/A;N/A;N/A;N/A;N/A;N/A;N/A;N/A;N/A;N/A;N/A;N/A;N/A;N/A;N/A;N/A;N/A;N/A;N/A;N/A;N/A;N/A;N/A;N/A;N/A;N/A;N/A;N/A;N/A;N/A;4;N/A;Diésel;N/A;N/A;"Autos y camionetas";N/A;N/A;N/A;N/A;N/A;N/A;N/A;N/A;N/A;N/A;N/A;N/A;N/A;N/A;N/A;N/A;N/A;N/A;N/A;N/A;N/A;N/A;N/A;N/A;N/A;N/A;N/A;N/A;N/A;N/A;N/A;N/A;N/A;N/A;N/A;N/A;N/A;N/A;N/A;N/A;N/A;N/A;N/A;N/A;N/A;N/A;N/A;N/A;N/A;N/A;N/A;N/A;N/A;N/A;N/A;N/A;N/A;N/A;N/A;N/A;N/A;N/A;N/A;N/A;N/A;N/A;N/A;N/A;N/A;N/A;N/A;N/A;N/A;N/A;N/A;N/A;N/A;N/A;N/A;N/A;N/A;N/A;N/A;N/A;N/A;N/A;N/A;N/A;N/A;N/A;N/A;N/A;N/A;N/A;N/A;N/A;N/A;N/A;N/A;N/A;N/A;N/A;N/A;N/A;N/A;N/A;N/A;N/A;N/A;N/A;N/A;N/A;N/A;N/A;N/A;N/A;N/A;N/A;N/A;N/A;N/A;N/A
Nissan;Tiida;"TIIDA HB EXTRA FULL";2011;"186202 km";;NICO9113;10500;;;;;"Colonia del Sacramento";https://auto.mercadolibre.com.uy/MLU-665404302-nissan-tiida-extra-full-2011-en-excelente-estado-_JM;N/A;;"Nissan Tiida Extra Full 2011, En Excelente Estado";USD;Sí;free;false;N/A;N/A;http://perfil.mercadolibre.com.uy/NICO9113;active;N/A;N/A;Usado;Gris;N/A;Hidráulica;N/A;N/A;Sí;N/A;N/A;N/A;N/A;N/A;N/A;No;N/A;N/A;N/A;N/A;N/A;N/A;N/A;N/A;N/A;N/A;N/A;N/A;N/A;N/A;N/A;N/A;N/A;N/A;N/A;N/A;N/A;N/A;N/A;N/A;N/A;N/A;N/A;N/A;N/A;N/A;N/A;N/A;N/A;N/A;N/A;N/A;N/A;N/A;N/A;N/A;N/A;N/A;N/A;N/A;N/A;N/A;N/A;N/A;N/A;N/A;N/A;N/A;N/A;N/A;N/A;N/A;N/A;N/A;N/A;N/A;N/A;N/A;N/A;N/A;N/A;N/A;N/A;N/A;N/A;N/A;N/A;N/A;N/A;N/A;N/A;N/A;N/A;N/A;No;N/A;N/A;N/A;N/A;Sí;Sí;N/A;Sí;N/A;N/A;N/A;N/A;N/A;N/A;N/A;N/A;5;1.8;Nafta;Manual;N/A;"Autos y camionetas";Sí;N/A;N/A;N/A;N/A;N/A;N/A;N/A;Sí;N/A;N/A;N/A;N/A;N/A;N/A;N/A;N/A;N/A;N/A;N/A;N/A;N/A;N/A;N/A;Sí;N/A;N/A;N/A;N/A;N/A;N/A;N/A;N/A;N/A;N/A;N/A;N/A;N/A;N/A;N/A;N/A;N/A;N/A;N/A;N/A;N/A;N/A;N/A;N/A;N/A;N/A;N/A;N/A;N/A;N/A;N/A;N/A;N/A;N/A;N/A;N/A;N/A;Sí;N/A;N/A;N/A;N/A;N/A;N/A;N/A;N/A;N/A;N/A;N/A;N/A;N/A;N/A;N/A;N/A;N/A;N/A;N/A;N/A;N/A;N/A;N/A;N/A;N/A;N/A;N/A;N/A;N/A;N/A;N/A;N/A;No;Sí;Sí;Sí;N/A;Sí;N/A;N/A;N/A;N/A;Sí;N/A;N/A;Sí;N/A;N/A;N/A;N/A;N/A;Sí;Sí;Sí;N/A;N/A;N/A;N/A;Sí
Nissan;Frontier;"4.0 Pro-4x Grado S V6 4x2 Mt";2015;"280000 km";;CARREROTOMÁS20221015094538;10500;;;;;Minas;https://auto.mercadolibre.com.uy/MLU-665161412-nissan-frontier-2015-40-pro-4x-grado-s-v6-4x2-mt-_JM;N/A;;"Nissan Frontier 2015 4.0 Pro-4x Grado S V6 4x2 Mt";usd;Sí;free;false;N/A;N/A;http://perfil.mercadolibre.com.uy/CARREROTOM%C3%81S20221015094538;active;N/A;N/A;Usado;N/A;N/A;Hidráulica;4x2;Sí;N/A;N/A;N/A;N/A;N/A;N/A;N/A;N/A;N/A;N/A;N/A;N/A;N/A;N/A;N/A;N/A;N/A;N/A;N/A;N/A;N/A;N/A;N/A;N/A;N/A;"4 L";N/A;N/A;N/A;N/A;N/A;N/A;N/A;N/A;N/A;N/A;N/A;N/A;N/A;N/A;N/A;N/A;N/A;N/A;N/A;N/A;N/A;N/A;N/A;N/A;N/A;N/A;N/A;N/A;N/A;N/A;N/A;N/A;N/A;N/A;N/A;N/A;N/A;N/A;N/A;N/A;N/A;N/A;N/A;N/A;N/A;N/A;N/A;N/A;N/A;N/A;N/A;N/A;N/A;N/A;"261 hp";Pro-4x;N/A;N/A;N/A;N/A;N/A;N/A;N/A;N/A;N/A;N/A;N/A;N/A;N/A;N/A;N/A;N/A;N/A;N/A;N/A;N/A;N/A;2;4.0;Nafta;Manual;Pick-Up;"Autos y camionetas";N/A;N/A;N/A;N/A;N/A;N/A;UY;N/A;N/A;N/A;N/A;N/A;N/A;N/A;N/A;N/A;N/A;N/A;N/A;N/A;N/A;N/A;N/A;N/A;N/A;N/A;N/A;N/A;N/A;N/A;N/A;N/A;N/A;N/A;N/A;N/A;N/A;N/A;N/A;N/A;N/A;N/A;N/A;N/A;N/A;N/A;N/A;N/A;N/A;N/A;N/A;N/A;N/A;N/A;N/A;N/A;N/A;N/A;N/A;N/A;N/A;N/A;N/A;N/A;N/A;N/A;N/A;N/A;N/A;N/A;N/A;N/A;N/A;N/A;N/A;N/A;N/A;N/A;N/A;N/A;N/A;N/A;N/A;N/A;N/A;N/A;N/A;N/A;N/A;N/A;N/A;N/A;N/A;N/A;N/A;N/A;Sí;N/A;N/A;N/A;N/A;N/A;N/A;N/A;N/A;N/A;N/A;N/A;N/A;N/A;N/A;N/A;N/A;N/A;Sí;N/A;N/A;N/A;N/A;N/A;N/A;N/A
Nissan;Note;"1.6 Note Sense Mt";2015;"82000 km";;JOPELDU;12900;;;;;Aguada;https://auto.mercadolibre.com.uy/MLU-634967521-nissan-note-2015-16-note-sense-mt-_JM;N/A;;"Nissan Note 2015 1.6 Note Sense Mt";usd;Sí;free;false;N/A;N/A;http://perfil.mercadolibre.com.uy/JOPELDU;active;N/A;N/A;Usado;Gris;Sí;Hidráulica;Delantera;Sí;Sí;N/A;N/A;N/A;No;N/A;N/A;No;N/A;N/A;No;Sí;N/A;No;N/A;N/A;N/A;N/A;N/A;N/A;N/A;N/A;N/A;N/A;"2600 mm";"1.6 L";"41 L";N/A;N/A;N/A;N/A;N/A;N/A;No;N/A;N/A;N/A;N/A;N/A;N/A;N/A;N/A;N/A;N/A;N/A;N/A;N/A;N/A;N/A;N/A;N/A;N/A;N/A;N/A;N/A;N/A;N/A;No;N/A;N/A;N/A;N/A;N/A;N/A;N/A;N/A;N/A;N/A;N/A;N/A;N/A;N/A;N/A;"1537 mm";"4142 mm";N/A;N/A;N/A;N/A;5;"109 hp";Sense;N/A;N/A;N/A;N/A;No;N/A;No;Sí;N/A;Sí;Sí;N/A;No;N/A;N/A;No;Sí;N/A;N/A;No;N/A;5;1.6;Nafta;Manual;Hatchback;"Autos y camionetas";No;N/A;N/A;N/A;No;N/A;UY;N/A;No;N/A;No;N/A;N/A;N/A;N/A;N/A;N/A;N/A;N/A;N/A;N/A;N/A;N/A;N/A;No;N/A;N/A;N/A;N/A;N/A;N/A;N/A;N/A;N/A;N/A;N/A;N/A;N/A;N/A;N/A;N/A;N/A;N/A;No;N/A;N/A;N/A;N/A;N/A;N/A;N/A;N/A;N/A;N/A;N/A;N/A;N/A;N/A;N/A;N/A;N/A;Sí;No;N/A;N/A;N/A;N/A;N/A;N/A;N/A;N/A;N/A;N/A;N/A;N/A;N/A;N/A;N/A;N/A;N/A;N/A;N/A;N/A;N/A;N/A;N/A;N/A;N/A;N/A;N/A;N/A;N/A;N/A;N/A;N/A;Sí;Sí;Sí;Sí;N/A;Sí;N/A;N/A;N/A;N/A;Sí;No;No;Sí;N/A;N/A;Sí;Sí;Sí;Sí;Sí;Sí;Sí;No;Sí;N/A;Sí
Nissan;D-21;"Pick Up";2007;"421000 km";;JOACODELOSS;12800;;;;;Tacuarembó;https://auto.mercadolibre.com.uy/MLU-665955880-nissan-d-21-pick-up-_JM;N/A;;"Nissan D-21 Pick Up ";USD;No;free;false;N/A;N/A;http://perfil.mercadolibre.com.uy/JOACODELOSS;active;N/A;N/A;Usado;N/A;N/A;N/A;N/A;N/A;N/A;N/A;N/A;N/A;N/A;N/A;N/A;N/A;N/A;N/A;N/A;N/A;N/A;N/A;N/A;N/A;N/A;N/A;N/A;N/A;N/A;N/A;N/A;N/A;N/A;N/A;N/A;N/A;N/A;N/A;N/A;N/A;N/A;N/A;N/A;N/A;N/A;N/A;N/A;N/A;N/A;N/A;N/A;N/A;N/A;N/A;N/A;N/A;N/A;N/A;N/A;N/A;N/A;N/A;N/A;N/A;N/A;N/A;N/A;N/A;N/A;N/A;N/A;N/A;N/A;N/A;N/A;N/A;N/A;N/A;N/A;N/A;N/A;N/A;N/A;N/A;N/A;N/A;N/A;N/A;N/A;N/A;N/A;N/A;N/A;N/A;N/A;N/A;N/A;N/A;N/A;N/A;N/A;N/A;N/A;N/A;N/A;N/A;N/A;N/A;N/A;N/A;N/A;2;N/A;Diésel;N/A;N/A;"Autos y camionetas";N/A;N/A;N/A;N/A;N/A;N/A;N/A;N/A;N/A;N/A;N/A;N/A;N/A;N/A;N/A;N/A;N/A;N/A;N/A;N/A;N/A;N/A;N/A;N/A;N/A;N/A;N/A;N/A;N/A;N/A;N/A;N/A;N/A;N/A;N/A;N/A;N/A;N/A;N/A;N/A;N/A;N/A;N/A;N/A;N/A;N/A;N/A;N/A;N/A;N/A;N/A;N/A;N/A;N/A;N/A;N/A;N/A;N/A;N/A;N/A;N/A;N/A;N/A;N/A;N/A;N/A;N/A;N/A;N/A;N/A;N/A;N/A;N/A;N/A;N/A;N/A;N/A;N/A;N/A;N/A;N/A;N/A;N/A;N/A;N/A;N/A;N/A;N/A;N/A;N/A;N/A;N/A;N/A;N/A;N/A;N/A;N/A;N/A;N/A;N/A;N/A;N/A;N/A;N/A;N/A;N/A;N/A;N/A;N/A;N/A;N/A;N/A;N/A;N/A;N/A;N/A;N/A;N/A;N/A;N/A;N/A;N/A
Nissan;Frontier;"4*4 full zd30 turbo";2004;"498000 km";;NEGROMICHO;17000;;;;;"Colonia del Sacramento";https://auto.mercadolibre.com.uy/MLU-665380212-nissan-frontier-44-full-zd30-turbo-_JM;N/A;;"Nissan Frontier 4*4 Full Zd30 Turbo";USD;No;free;false;N/A;N/A;http://perfil.mercadolibre.com.uy/NEGROMICHO;active;N/A;N/A;Usado;N/A;N/A;N/A;N/A;N/A;N/A;N/A;N/A;N/A;N/A;N/A;N/A;N/A;N/A;N/A;N/A;N/A;N/A;N/A;N/A;N/A;N/A;N/A;N/A;N/A;N/A;N/A;N/A;N/A;N/A;N/A;N/A;N/A;N/A;N/A;N/A;N/A;N/A;N/A;N/A;N/A;N/A;N/A;N/A;N/A;N/A;N/A;N/A;N/A;N/A;N/A;N/A;N/A;N/A;N/A;N/A;N/A;N/A;N/A;N/A;N/A;N/A;N/A;N/A;N/A;N/A;N/A;N/A;N/A;N/A;N/A;N/A;N/A;N/A;N/A;N/A;N/A;N/A;N/A;N/A;N/A;N/A;N/A;N/A;N/A;N/A;N/A;N/A;N/A;N/A;N/A;N/A;N/A;N/A;N/A;N/A;N/A;N/A;N/A;N/A;N/A;N/A;N/A;N/A;N/A;N/A;N/A;N/A;4;N/A;Diésel;N/A;N/A;"Autos y camionetas";N/A;N/A;N/A;N/A;N/A;N/A;N/A;N/A;N/A;N/A;N/A;N/A;N/A;N/A;N/A;N/A;N/A;N/A;N/A;N/A;N/A;N/A;N/A;N/A;N/A;N/A;N/A;N/A;N/A;N/A;N/A;N/A;N/A;N/A;N/A;N/A;N/A;N/A;N/A;N/A;N/A;N/A;N/A;N/A;N/A;N/A;N/A;N/A;N/A;N/A;N/A;N/A;N/A;N/A;N/A;N/A;N/A;N/A;N/A;N/A;N/A;N/A;N/A;N/A;N/A;N/A;N/A;N/A;N/A;N/A;N/A;N/A;N/A;N/A;N/A;N/A;N/A;N/A;N/A;N/A;N/A;N/A;N/A;N/A;N/A;N/A;N/A;N/A;N/A;N/A;N/A;N/A;N/A;N/A;N/A;N/A;N/A;N/A;N/A;N/A;N/A;N/A;N/A;N/A;N/A;N/A;N/A;N/A;N/A;N/A;N/A;N/A;N/A;N/A;N/A;N/A;N/A;N/A;N/A;N/A;N/A;N/A
Nissan;Kicks;"1.6 Exclusive At";2020;"35800 km";;GAEU1260773;24900;;;;;"Malvin Norte";https://auto.mercadolibre.com.uy/MLU-666134566-nissan-kicks-16-exclusive-cvt-_JM;N/A;;"Nissan Kicks 1.6 Exclusive Cvt";usd;Sí;free;false;N/A;N/A;http://perfil.mercadolibre.com.uy/GAEU1260773;active;N/A;N/A;Usado;Gris;No;Hidráulica;Delantera;Sí;Sí;N/A;N/A;N/A;Sí;N/A;N/A;No;N/A;N/A;Sí;Sí;N/A;Sí;N/A;N/A;N/A;N/A;N/A;N/A;N/A;N/A;N/A;N/A;"2620 mm";"1.6 L";"50 L";N/A;N/A;N/A;N/A;N/A;N/A;Sí;N/A;N/A;N/A;N/A;N/A;N/A;N/A;N/A;N/A;N/A;N/A;N/A;N/A;N/A;N/A;N/A;N/A;N/A;N/A;N/A;N/A;N/A;N/A;Sí;N/A;N/A;N/A;Sí;Sí;N/A;N/A;Sí;N/A;N/A;N/A;N/A;N/A;N/A;N/A;"1590 mm";"4295 mm";N/A;N/A;N/A;N/A;5;"118 hp";Exclusive;N/A;4;"1760 mm";N/A;No;N/A;Sí;Sí;N/A;Sí;Sí;N/A;No;N/A;N/A;Sí;Sí;N/A;N/A;Sí;N/A;5;1.6;Nafta;Automática;SUV;"Autos y camionetas";No;N/A;N/A;N/A;No;N/A;UY;N/A;No;N/A;No;N/A;N/A;N/A;N/A;N/A;N/A;N/A;N/A;N/A;N/A;N/A;N/A;N/A;Sí;N/A;N/A;N/A;N/A;N/A;N/A;N/A;N/A;N/A;N/A;N/A;N/A;N/A;N/A;N/A;N/A;N/A;N/A;No;N/A;N/A;N/A;N/A;N/A;N/A;N/A;N/A;N/A;N/A;N/A;N/A;N/A;N/A;N/A;N/A;N/A;No;Sí;N/A;N/A;N/A;N/A;N/A;N/A;N/A;N/A;N/A;N/A;N/A;N/A;N/A;N/A;N/A;N/A;N/A;N/A;N/A;N/A;N/A;N/A;N/A;N/A;N/A;N/A;N/A;N/A;N/A;N/A;N/A;N/A;No;Sí;Sí;Sí;N/A;Sí;N/A;N/A;N/A;N/A;Sí;Sí;Sí;Sí;N/A;N/A;Sí;Sí;Sí;Sí;Sí;Sí;No;No;Sí;N/A;Sí
Nissan;Sentra;"1.8 Advance Mt";2015;"140000 km";;DESDEMELO;15500;;;;;Melo;https://auto.mercadolibre.com.uy/MLU-665162212-nissan-sentra-2015-18-sr-automatico-_JM;N/A;;"Nissan Sentra 2015 1.8 Sr Automático";usd;Sí;free;false;N/A;N/A;http://perfil.mercadolibre.com.uy/DESDEMELO;active;N/A;N/A;Usado;Gris;N/A;Hidráulica;Delantera;Sí;Sí;N/A;N/A;N/A;N/A;N/A;N/A;No;N/A;N/A;N/A;Sí;N/A;Sí;N/A;N/A;N/A;N/A;N/A;N/A;N/A;N/A;N/A;N/A;"2700 mm";"1.8 L";"52 L";N/A;N/A;N/A;N/A;N/A;N/A;N/A;N/A;N/A;N/A;N/A;N/A;N/A;N/A;N/A;N/A;N/A;N/A;N/A;N/A;N/A;N/A;N/A;N/A;N/A;N/A;N/A;N/A;N/A;N/A;N/A;N/A;N/A;N/A;N/A;N/A;N/A;N/A;N/A;N/A;N/A;N/A;N/A;N/A;N/A;N/A;"1505 mm";"4625 mm";N/A;N/A;N/A;N/A;5;N/A;Advance;N/A;N/A;"1761 mm";N/A;Sí;N/A;Sí;Sí;N/A;Sí;Sí;N/A;Sí;N/A;N/A;N/A;N/A;N/A;N/A;Sí;N/A;4;1.8;Nafta;Manual;Sedán;"Autos y camionetas";Sí;N/A;N/A;N/A;Sí;N/A;UY;N/A;No;N/A;N/A;N/A;N/A;N/A;N/A;N/A;N/A;N/A;N/A;N/A;N/A;N/A;N/A;N/A;Sí;N/A;N/A;N/A;N/A;N/A;N/A;N/A;N/A;N/A;N/A;N/A;N/A;N/A;N/A;N/A;N/A;N/A;N/A;N/A;N/A;N/A;N/A;N/A;N/A;N/A;N/A;N/A;N/A;N/A;N/A;N/A;N/A;N/A;N/A;N/A;N/A;N/A;N/A;N/A;N/A;N/A;N/A;N/A;N/A;N/A;N/A;N/A;N/A;N/A;N/A;N/A;N/A;N/A;N/A;N/A;N/A;N/A;N/A;N/A;N/A;N/A;N/A;N/A;N/A;N/A;N/A;N/A;N/A;N/A;N/A;N/A;Sí;N/A;Sí;N/A;Sí;N/A;N/A;N/A;N/A;Sí;N/A;N/A;Sí;N/A;N/A;N/A;Sí;Sí;Sí;Sí;Sí;Sí;N/A;N/A;N/A;Sí
Nissan;Tiida;"1.8 Emotion Mt";2013;"96000 km";;PEMAAGUSTIN20231121092152;12690;;;;;Malvin;https://auto.mercadolibre.com.uy/MLU-665161308-nissan-tiida-2013-18-emotion-mt-_JM;N/A;;"Nissan Tiida 2013 1.8 Emotion Mt";usd;Sí;free;false;N/A;N/A;http://perfil.mercadolibre.com.uy/PEMAAGUSTIN20231121092152;active;N/A;N/A;Usado;N/A;N/A;Hidráulica;Delantera;Sí;N/A;N/A;N/A;N/A;N/A;N/A;N/A;N/A;N/A;N/A;N/A;N/A;N/A;N/A;N/A;N/A;N/A;N/A;N/A;N/A;N/A;N/A;N/A;N/A;"2600 mm";"1.8 L";"52 L";N/A;N/A;N/A;N/A;N/A;N/A;N/A;N/A;N/A;N/A;N/A;N/A;N/A;N/A;N/A;N/A;N/A;N/A;N/A;N/A;N/A;N/A;N/A;N/A;N/A;N/A;N/A;N/A;N/A;N/A;N/A;N/A;N/A;N/A;N/A;N/A;N/A;N/A;N/A;N/A;N/A;N/A;N/A;N/A;N/A;N/A;"1548 mm";"4297 mm";N/A;N/A;N/A;N/A;N/A;N/A;Emotion;N/A;N/A;"1695 mm";N/A;N/A;N/A;N/A;N/A;N/A;N/A;N/A;N/A;N/A;N/A;N/A;N/A;N/A;N/A;N/A;N/A;N/A;5;1.8;Nafta;Manual;Hatchback;"Autos y camionetas";N/A;N/A;N/A;N/A;N/A;N/A;UY;N/A;N/A;N/A;N/A;N/A;N/A;N/A;N/A;N/A;N/A;N/A;N/A;N/A;N/A;N/A;N/A;N/A;N/A;N/A;N/A;N/A;N/A;N/A;N/A;N/A;N/A;N/A;N/A;N/A;N/A;N/A;N/A;N/A;N/A;N/A;N/A;N/A;N/A;N/A;N/A;N/A;N/A;N/A;N/A;N/A;N/A;N/A;N/A;N/A;N/A;N/A;N/A;N/A;N/A;N/A;N/A;N/A;N/A;N/A;N/A;N/A;N/A;N/A;N/A;N/A;N/A;N/A;N/A;N/A;N/A;N/A;N/A;N/A;N/A;N/A;N/A;N/A;N/A;N/A;N/A;N/A;N/A;N/A;N/A;N/A;N/A;N/A;N/A;N/A;Sí;N/A;N/A;N/A;N/A;N/A;N/A;N/A;N/A;N/A;N/A;N/A;N/A;N/A;N/A;N/A;N/A;N/A;Sí;N/A;N/A;N/A;N/A;N/A;N/A;N/A
Nissan;Versa;"1.6 Advance 5vel Mt";2012;"100000 km";;PAULAKAR;11300;;;;;"Punta del Este";https://auto.mercadolibre.com.uy/MLU-665391896-nissan-versa-2012-16-advance-5vel-mt-_JM;N/A;;"Nissan Versa 2012 1.6 Advance 5vel Mt";usd;Sí;free;false;N/A;N/A;http://perfil.mercadolibre.com.uy/PAULAKAR;active;N/A;N/A;Usado;N/A;N/A;Hidráulica;Delantera;Sí;N/A;N/A;N/A;N/A;N/A;N/A;N/A;N/A;N/A;N/A;N/A;N/A;N/A;N/A;N/A;N/A;N/A;N/A;N/A;N/A;N/A;N/A;N/A;N/A;N/A;"1.6 L";N/A;N/A;N/A;N/A;N/A;N/A;N/A;N/A;N/A;N/A;N/A;N/A;N/A;N/A;N/A;N/A;N/A;N/A;N/A;N/A;N/A;N/A;N/A;N/A;N/A;N/A;N/A;N/A;N/A;N/A;N/A;N/A;N/A;N/A;N/A;N/A;N/A;N/A;N/A;N/A;N/A;N/A;N/A;N/A;N/A;N/A;N/A;N/A;N/A;N/A;N/A;N/A;N/A;N/A;N/A;Advance;N/A;N/A;N/A;N/A;N/A;N/A;N/A;N/A;N/A;N/A;N/A;N/A;N/A;N/A;N/A;N/A;N/A;N/A;N/A;N/A;N/A;4;1.6;Nafta;Manual;Hatchback;"Autos y camionetas";N/A;N/A;N/A;N/A;N/A;N/A;UY;N/A;N/A;N/A;N/A;N/A;N/A;N/A;N/A;N/A;N/A;N/A;N/A;N/A;N/A;N/A;N/A;N/A;N/A;N/A;N/A;N/A;N/A;N/A;N/A;N/A;N/A;N/A;N/A;N/A;N/A;N/A;N/A;N/A;N/A;N/A;N/A;N/A;N/A;N/A;N/A;N/A;N/A;N/A;N/A;N/A;N/A;N/A;N/A;N/A;N/A;N/A;N/A;N/A;N/A;N/A;N/A;N/A;N/A;N/A;N/A;N/A;N/A;N/A;N/A;N/A;N/A;N/A;N/A;N/A;N/A;N/A;N/A;N/A;N/A;N/A;N/A;N/A;N/A;N/A;N/A;N/A;N/A;N/A;N/A;N/A;N/A;N/A;N/A;N/A;Sí;N/A;N/A;N/A;N/A;N/A;N/A;N/A;N/A;N/A;N/A;N/A;N/A;N/A;N/A;N/A;N/A;N/A;Sí;N/A;N/A;N/A;N/A;N/A;N/A;N/A
Nissan;Tiida;"Extra Full";2008;"140000 km";;ELBIOBRAZ;9800;;;;;Rivera;https://auto.mercadolibre.com.uy/MLU-664831078-nissan-tiida-extra-full-_JM;N/A;;"Nissan Tiida Extra Full";USD;Sí;free;false;N/A;N/A;http://perfil.mercadolibre.com.uy/ELBIOBRAZ;active;N/A;N/A;Usado;N/A;N/A;N/A;N/A;N/A;N/A;N/A;N/A;N/A;N/A;N/A;N/A;N/A;N/A;N/A;N/A;N/A;N/A;N/A;N/A;N/A;N/A;N/A;N/A;N/A;N/A;N/A;N/A;N/A;N/A;N/A;N/A;N/A;N/A;N/A;N/A;N/A;N/A;N/A;N/A;N/A;N/A;N/A;N/A;N/A;N/A;N/A;N/A;N/A;N/A;N/A;N/A;N/A;N/A;N/A;N/A;N/A;N/A;N/A;N/A;N/A;N/A;N/A;N/A;N/A;N/A;N/A;N/A;N/A;N/A;N/A;N/A;N/A;N/A;N/A;N/A;N/A;N/A;N/A;N/A;N/A;N/A;N/A;N/A;N/A;N/A;N/A;N/A;N/A;N/A;N/A;N/A;N/A;N/A;N/A;N/A;N/A;N/A;N/A;N/A;N/A;N/A;N/A;N/A;N/A;N/A;N/A;N/A;4;N/A;Nafta;N/A;N/A;"Autos y camionetas";N/A;N/A;N/A;N/A;N/A;N/A;N/A;N/A;N/A;N/A;N/A;N/A;N/A;N/A;N/A;N/A;N/A;N/A;N/A;N/A;N/A;N/A;N/A;N/A;N/A;N/A;N/A;N/A;N/A;N/A;N/A;N/A;N/A;N/A;N/A;N/A;N/A;N/A;N/A;N/A;N/A;N/A;N/A;N/A;N/A;N/A;N/A;N/A;N/A;N/A;N/A;N/A;N/A;N/A;N/A;N/A;N/A;N/A;N/A;N/A;N/A;N/A;N/A;N/A;N/A;N/A;N/A;N/A;N/A;N/A;N/A;N/A;N/A;N/A;N/A;N/A;N/A;N/A;N/A;N/A;N/A;N/A;N/A;N/A;N/A;N/A;N/A;N/A;N/A;N/A;N/A;N/A;N/A;N/A;N/A;N/A;N/A;N/A;N/A;N/A;N/A;N/A;N/A;N/A;N/A;N/A;N/A;N/A;N/A;N/A;N/A;N/A;N/A;N/A;N/A;N/A;N/A;N/A;N/A;N/A;N/A;N/A
Nissan;D-21;"D-21 doble cabina";1998;"500000 km";;MOTO9R;11900;;;;;Salinas;https://auto.mercadolibre.com.uy/MLU-665351628-nissan-d21-diesel-d21-doble-cabina-_JM;N/A;;"Nissan D21 Diesel  D21 Doble Cabina ";USD;No;free;false;N/A;N/A;http://perfil.mercadolibre.com.uy/MOTO9R;active;N/A;N/A;Usado;N/A;N/A;N/A;N/A;N/A;N/A;N/A;N/A;N/A;N/A;N/A;N/A;N/A;N/A;N/A;N/A;N/A;N/A;N/A;N/A;N/A;N/A;N/A;N/A;N/A;N/A;N/A;N/A;N/A;N/A;N/A;N/A;N/A;N/A;N/A;N/A;N/A;N/A;N/A;N/A;N/A;N/A;N/A;N/A;N/A;N/A;N/A;N/A;N/A;N/A;N/A;N/A;N/A;N/A;N/A;N/A;N/A;N/A;N/A;N/A;N/A;N/A;N/A;N/A;N/A;N/A;N/A;N/A;N/A;N/A;N/A;N/A;N/A;N/A;N/A;N/A;N/A;N/A;N/A;N/A;N/A;N/A;N/A;N/A;N/A;N/A;N/A;N/A;N/A;N/A;N/A;N/A;N/A;N/A;N/A;N/A;N/A;N/A;N/A;N/A;N/A;N/A;N/A;N/A;N/A;N/A;N/A;N/A;4;N/A;Diésel;N/A;N/A;"Autos y camionetas";N/A;N/A;N/A;N/A;N/A;N/A;N/A;N/A;N/A;N/A;N/A;N/A;N/A;N/A;N/A;N/A;N/A;N/A;N/A;N/A;N/A;N/A;N/A;N/A;N/A;N/A;N/A;N/A;N/A;N/A;N/A;N/A;N/A;N/A;N/A;N/A;N/A;N/A;N/A;N/A;N/A;N/A;N/A;N/A;N/A;N/A;N/A;N/A;N/A;N/A;N/A;N/A;N/A;N/A;N/A;N/A;N/A;N/A;N/A;N/A;N/A;N/A;N/A;N/A;N/A;N/A;N/A;N/A;N/A;N/A;N/A;N/A;N/A;N/A;N/A;N/A;N/A;N/A;N/A;N/A;N/A;N/A;N/A;N/A;N/A;N/A;N/A;N/A;N/A;N/A;N/A;N/A;N/A;N/A;N/A;N/A;N/A;N/A;N/A;N/A;N/A;N/A;N/A;N/A;N/A;N/A;N/A;N/A;N/A;N/A;N/A;N/A;N/A;N/A;N/A;N/A;N/A;N/A;N/A;N/A;N/A;N/A
Nissan;Versa;"1.6 Advance";2018;"14800 km";;PELMARAGUSTÍN20220813161900;16500;;;;;Malvin;https://auto.mercadolibre.com.uy/MLU-666091046-nissan-versa-2018-16-advance-_JM;N/A;;"Nissan Versa 2018 1.6 Advance";usd;Sí;free;false;N/A;N/A;http://perfil.mercadolibre.com.uy/PELMARAGUST%C3%8DN20220813161900;active;N/A;N/A;Usado;N/A;N/A;Hidráulica;Delantera;Sí;N/A;N/A;N/A;N/A;N/A;N/A;N/A;N/A;N/A;N/A;N/A;Sí;N/A;N/A;N/A;N/A;N/A;N/A;N/A;N/A;N/A;N/A;N/A;N/A;"2600 mm";"1.6 L";"41 L";5;N/A;N/A;N/A;N/A;N/A;N/A;N/A;N/A;N/A;N/A;N/A;N/A;N/A;N/A;N/A;N/A;N/A;N/A;N/A;N/A;N/A;N/A;N/A;N/A;N/A;Sí;N/A;N/A;N/A;N/A;N/A;N/A;N/A;Sí;Sí;N/A;N/A;N/A;N/A;N/A;N/A;N/A;N/A;N/A;N/A;"1506 mm";"4492 mm";N/A;N/A;N/A;N/A;5;"106 hp";Advance;N/A;4;"1695 mm";N/A;N/A;N/A;N/A;N/A;N/A;N/A;Sí;N/A;N/A;N/A;N/A;N/A;N/A;N/A;N/A;N/A;N/A;4;1.6;Nafta;Manual;Sedán;"Autos y camionetas";N/A;N/A;N/A;N/A;N/A;N/A;UY;N/A;N/A;N/A;N/A;N/A;N/A;N/A;N/A;N/A;N/A;N/A;N/A;N/A;N/A;N/A;N/A;N/A;N/A;N/A;N/A;N/A;N/A;N/A;N/A;N/A;N/A;N/A;N/A;N/A;N/A;N/A;N/A;N/A;N/A;N/A;N/A;N/A;N/A;N/A;N/A;N/A;N/A;N/A;N/A;N/A;N/A;N/A;N/A;N/A;N/A;N/A;N/A;N/A;N/A;N/A;N/A;N/A;N/A;N/A;N/A;N/A;N/A;N/A;N/A;N/A;N/A;N/A;N/A;N/A;N/A;N/A;N/A;N/A;N/A;N/A;N/A;N/A;N/A;N/A;N/A;N/A;N/A;N/A;N/A;N/A;N/A;N/A;N/A;N/A;Sí;N/A;Sí;N/A;N/A;N/A;N/A;Sí;N/A;Sí;N/A;N/A;N/A;N/A;N/A;N/A;Sí;N/A;Sí;N/A;N/A;N/A;N/A;Sí;N/A;N/A
Nissan;720;"1.8 nafta 1991";1997;"150000 km";;JUAN1822007;9600;;;;;"San Carlos";https://auto.mercadolibre.com.uy/MLU-664050598-nissan-720-16-nafta-1991-_JM;N/A;;"Nissan 720 1.6 Nafta 1991";USD;No;free;false;N/A;N/A;http://perfil.mercadolibre.com.uy/JUAN1822007;active;N/A;N/A;Usado;Blanco;No;Mecánica;Trasera;N/A;N/A;N/A;N/A;N/A;N/A;N/A;N/A;N/A;N/A;N/A;N/A;N/A;N/A;N/A;N/A;N/A;N/A;N/A;N/A;N/A;N/A;N/A;N/A;N/A;N/A;N/A;N/A;N/A;N/A;N/A;N/A;N/A;N/A;N/A;N/A;N/A;N/A;N/A;N/A;N/A;N/A;N/A;N/A;N/A;N/A;N/A;N/A;N/A;N/A;N/A;N/A;N/A;N/A;N/A;N/A;N/A;N/A;N/A;N/A;N/A;N/A;N/A;N/A;N/A;N/A;N/A;N/A;N/A;N/A;N/A;N/A;N/A;N/A;N/A;N/A;N/A;N/A;N/A;N/A;N/A;N/A;N/A;N/A;N/A;N/A;N/A;N/A;N/A;N/A;N/A;N/A;N/A;N/A;N/A;N/A;N/A;N/A;N/A;N/A;N/A;N/A;N/A;N/A;4;1,6;Nafta;N/A;Pick-Up;"Autos y camionetas";N/A;N/A;N/A;N/A;N/A;N/A;N/A;N/A;N/A;N/A;N/A;N/A;N/A;N/A;N/A;N/A;N/A;N/A;N/A;N/A;N/A;N/A;N/A;N/A;N/A;N/A;N/A;N/A;N/A;N/A;N/A;N/A;N/A;N/A;N/A;N/A;N/A;N/A;N/A;N/A;N/A;N/A;N/A;N/A;N/A;N/A;N/A;N/A;N/A;N/A;N/A;N/A;N/A;N/A;N/A;N/A;N/A;N/A;N/A;N/A;N/A;N/A;N/A;N/A;N/A;N/A;N/A;N/A;N/A;N/A;N/A;N/A;N/A;N/A;N/A;N/A;N/A;N/A;N/A;N/A;N/A;N/A;N/A;N/A;N/A;N/A;N/A;N/A;N/A;N/A;N/A;N/A;N/A;N/A;N/A;N/A;N/A;N/A;N/A;N/A;N/A;N/A;N/A;N/A;N/A;N/A;N/A;N/A;N/A;N/A;N/A;N/A;N/A;N/A;N/A;N/A;N/A;N/A;N/A;N/A;N/A;N/A
Nissan;Kicks;"1.6 Exclusive At";2018;"106000 km";;HEME3633130;22500;;;;;Paysandú;https://auto.mercadolibre.com.uy/MLU-666235714-nissan-kicks-2018-16-exclusive-at-_JM;N/A;;"Nissan Kicks 2018 1.6 Exclusive At";usd;Sí;free;false;N/A;N/A;http://perfil.mercadolibre.com.uy/HEME3633130;active;N/A;N/A;Usado;N/A;N/A;Hidráulica;Delantera;Sí;N/A;N/A;N/A;N/A;N/A;N/A;N/A;Sí;N/A;N/A;N/A;N/A;N/A;N/A;N/A;N/A;N/A;N/A;N/A;N/A;N/A;N/A;N/A;N/A;"2620 mm";"1.6 L";"50 L";N/A;N/A;N/A;N/A;N/A;N/A;N/A;N/A;N/A;N/A;N/A;N/A;N/A;N/A;N/A;N/A;N/A;N/A;N/A;N/A;N/A;N/A;N/A;N/A;N/A;N/A;N/A;N/A;N/A;N/A;N/A;N/A;N/A;N/A;Sí;Sí;N/A;N/A;Sí;N/A;N/A;N/A;N/A;N/A;N/A;N/A;"1590 mm";"4295 mm";N/A;N/A;N/A;N/A;5;"118 hp";Exclusive;N/A;4;"1760 mm";N/A;N/A;N/A;N/A;N/A;N/A;N/A;N/A;N/A;N/A;N/A;N/A;N/A;N/A;N/A;N/A;N/A;N/A;5;1.6;Nafta;Automática;SUV;"Autos y camionetas";N/A;N/A;N/A;N/A;N/A;N/A;UY;N/A;N/A;N/A;N/A;N/A;N/A;N/A;N/A;N/A;N/A;N/A;N/A;N/A;N/A;N/A;N/A;N/A;N/A;N/A;N/A;N/A;N/A;N/A;N/A;N/A;N/A;N/A;N/A;N/A;N/A;N/A;N/A;N/A;N/A;N/A;N/A;N/A;N/A;N/A;N/A;N/A;N/A;N/A;N/A;N/A;N/A;N/A;N/A;N/A;N/A;N/A;N/A;N/A;N/A;N/A;N/A;N/A;N/A;N/A;N/A;N/A;N/A;N/A;N/A;N/A;N/A;N/A;N/A;N/A;N/A;N/A;N/A;N/A;N/A;N/A;N/A;N/A;N/A;N/A;N/A;N/A;N/A;N/A;N/A;N/A;N/A;N/A;N/A;N/A;Sí;N/A;Sí;N/A;N/A;N/A;N/A;N/A;N/A;Sí;N/A;N/A;N/A;N/A;N/A;Sí;Sí;N/A;Sí;N/A;N/A;N/A;N/A;Sí;N/A;Sí
Nissan;Versa;"1.6 Drive";2018;"228000 km";;VARRIMON;11000;;;;;Tala;https://auto.mercadolibre.com.uy/MLU-666084658-nissan-versa-2018-16-drive-_JM;N/A;;"Nissan Versa 2018 1.6 Drive";usd;Sí;free;false;N/A;N/A;http://perfil.mercadolibre.com.uy/VARRIMON;active;N/A;N/A;Usado;N/A;N/A;Hidráulica;Delantera;Sí;N/A;N/A;N/A;N/A;N/A;N/A;N/A;N/A;N/A;N/A;N/A;N/A;N/A;N/A;N/A;N/A;N/A;N/A;N/A;N/A;N/A;N/A;N/A;N/A;"2600 mm";"1.6 L";"41 L";5;N/A;N/A;N/A;N/A;N/A;N/A;N/A;N/A;N/A;N/A;N/A;N/A;N/A;N/A;N/A;N/A;N/A;N/A;N/A;N/A;N/A;N/A;N/A;N/A;N/A;N/A;N/A;N/A;N/A;N/A;N/A;N/A;N/A;N/A;N/A;N/A;N/A;N/A;N/A;N/A;N/A;N/A;N/A;N/A;N/A;"1506 mm";"4492 mm";N/A;N/A;N/A;N/A;5;"106 hp";Drive;N/A;4;"1695 mm";N/A;N/A;N/A;N/A;N/A;N/A;N/A;Sí;N/A;N/A;N/A;N/A;N/A;N/A;N/A;N/A;N/A;N/A;4;1.6;Nafta;Manual;Sedán;"Autos y camionetas";N/A;N/A;N/A;N/A;N/A;N/A;UY;N/A;N/A;N/A;N/A;N/A;N/A;N/A;N/A;N/A;N/A;N/A;N/A;N/A;N/A;N/A;N/A;N/A;N/A;N/A;N/A;N/A;N/A;N/A;N/A;N/A;N/A;N/A;N/A;N/A;N/A;N/A;N/A;N/A;N/A;N/A;N/A;N/A;N/A;N/A;N/A;N/A;N/A;N/A;N/A;N/A;N/A;N/A;N/A;N/A;N/A;N/A;N/A;N/A;N/A;N/A;N/A;N/A;N/A;N/A;N/A;N/A;N/A;N/A;N/A;N/A;N/A;N/A;N/A;N/A;N/A;N/A;N/A;N/A;N/A;N/A;N/A;N/A;N/A;N/A;N/A;N/A;N/A;N/A;N/A;N/A;N/A;N/A;N/A;N/A;Sí;N/A;N/A;N/A;N/A;N/A;N/A;N/A;N/A;Sí;N/A;N/A;N/A;N/A;N/A;N/A;N/A;N/A;Sí;N/A;N/A;N/A;N/A;N/A;N/A;N/A
Nissan;March;"1.6 Active Mt";2017;"80000 km";;PROTTIMARIA20231130151410;12800;;;;;Conciliación;https://auto.mercadolibre.com.uy/MLU-666046266-nissan-march-2017-16-active-mt-_JM;N/A;;"Nissan March 2017 1.6 Active Mt";usd;Sí;free;false;N/A;N/A;http://perfil.mercadolibre.com.uy/PROTTIMARIA20231130151410;active;N/A;N/A;Usado;N/A;N/A;Hidráulica;Delantera;Sí;N/A;N/A;N/A;N/A;N/A;N/A;N/A;N/A;N/A;N/A;N/A;N/A;N/A;N/A;N/A;N/A;N/A;N/A;N/A;N/A;N/A;N/A;N/A;N/A;"2450 mm";"1.6 L";"41 L";5;N/A;N/A;N/A;N/A;N/A;N/A;N/A;N/A;N/A;N/A;N/A;N/A;N/A;N/A;N/A;N/A;N/A;N/A;N/A;N/A;N/A;N/A;N/A;N/A;N/A;N/A;N/A;N/A;N/A;N/A;N/A;N/A;N/A;N/A;N/A;N/A;N/A;N/A;N/A;N/A;N/A;N/A;N/A;N/A;N/A;"1532 mm";"3827 mm";N/A;N/A;N/A;N/A;5;"106 hp";Active;N/A;4;"1665 mm";N/A;N/A;N/A;N/A;N/A;N/A;N/A;Sí;N/A;N/A;N/A;N/A;N/A;N/A;N/A;N/A;N/A;N/A;5;1.6;Nafta;Manual;Hatchback;"Autos y camionetas";N/A;N/A;N/A;N/A;N/A;N/A;UY;N/A;N/A;N/A;N/A;N/A;N/A;N/A;N/A;N/A;N/A;N/A;N/A;N/A;N/A;N/A;N/A;N/A;N/A;N/A;N/A;N/A;N/A;N/A;N/A;N/A;N/A;N/A;N/A;N/A;N/A;N/A;N/A;N/A;N/A;N/A;N/A;N/A;N/A;N/A;N/A;N/A;N/A;N/A;N/A;N/A;N/A;N/A;N/A;N/A;N/A;N/A;N/A;N/A;N/A;N/A;N/A;N/A;N/A;N/A;N/A;N/A;N/A;N/A;N/A;N/A;N/A;N/A;N/A;N/A;N/A;N/A;N/A;N/A;N/A;N/A;N/A;N/A;N/A;N/A;N/A;N/A;N/A;N/A;N/A;N/A;N/A;N/A;N/A;N/A;Sí;N/A;N/A;N/A;N/A;N/A;N/A;N/A;N/A;N/A;N/A;N/A;N/A;N/A;N/A;N/A;N/A;N/A;Sí;N/A;N/A;N/A;N/A;N/A;N/A;N/A
Nissan;Sentra;"sr 2.0";2022;"102000 km";;BASA7364048;28000;;;;;Maldonado;https://auto.mercadolibre.com.uy/MLU-665944160-nissan-sentra-sr-20-_JM;N/A;;"Nissan Sentra Sr 2.0";USD;Sí;free;false;N/A;N/A;http://perfil.mercadolibre.com.uy/BASA7364048;active;N/A;N/A;Usado;N/A;N/A;N/A;N/A;N/A;N/A;N/A;N/A;N/A;N/A;N/A;N/A;N/A;N/A;N/A;N/A;N/A;N/A;N/A;N/A;N/A;N/A;N/A;N/A;N/A;N/A;N/A;N/A;N/A;N/A;N/A;N/A;N/A;N/A;N/A;N/A;N/A;N/A;N/A;N/A;N/A;N/A;N/A;N/A;N/A;N/A;N/A;N/A;N/A;N/A;N/A;N/A;N/A;N/A;N/A;N/A;N/A;N/A;N/A;N/A;N/A;N/A;N/A;N/A;N/A;N/A;N/A;N/A;N/A;N/A;N/A;N/A;N/A;N/A;N/A;N/A;N/A;N/A;N/A;N/A;N/A;N/A;N/A;N/A;N/A;N/A;N/A;N/A;N/A;N/A;N/A;N/A;N/A;N/A;N/A;N/A;N/A;N/A;N/A;N/A;N/A;N/A;N/A;N/A;N/A;N/A;N/A;N/A;5;N/A;Nafta;N/A;N/A;"Autos y camionetas";N/A;N/A;N/A;N/A;N/A;N/A;N/A;N/A;N/A;N/A;N/A;N/A;N/A;N/A;N/A;N/A;N/A;N/A;N/A;N/A;N/A;N/A;N/A;N/A;N/A;N/A;N/A;N/A;N/A;N/A;N/A;N/A;N/A;N/A;N/A;N/A;N/A;N/A;N/A;N/A;N/A;N/A;N/A;N/A;N/A;N/A;N/A;N/A;N/A;N/A;N/A;N/A;N/A;N/A;N/A;N/A;N/A;N/A;N/A;N/A;N/A;N/A;N/A;N/A;N/A;N/A;N/A;N/A;N/A;N/A;N/A;N/A;N/A;N/A;N/A;N/A;N/A;N/A;N/A;N/A;N/A;N/A;N/A;N/A;N/A;N/A;N/A;N/A;N/A;N/A;N/A;N/A;N/A;N/A;N/A;N/A;N/A;N/A;N/A;N/A;N/A;N/A;N/A;N/A;N/A;N/A;N/A;N/A;N/A;N/A;N/A;N/A;N/A;N/A;N/A;N/A;N/A;N/A;N/A;N/A;N/A;N/A
Nissan;Versa;"1.6 Sense 5vel Mt";2013;"138000 km";;CAAL3708731;10800;;;;;"San Gregorio de Polanco";https://auto.mercadolibre.com.uy/MLU-665267010-nissan-versa-2013-16-sense-5vel-mt-_JM;N/A;;"Nissan Versa 2013 1.6 Sense 5vel Mt";usd;Sí;free;false;N/A;N/A;http://perfil.mercadolibre.com.uy/CAAL3708731;active;N/A;N/A;Usado;N/A;N/A;Hidráulica;Delantera;Sí;N/A;N/A;N/A;N/A;N/A;N/A;N/A;N/A;N/A;N/A;N/A;N/A;N/A;N/A;N/A;N/A;N/A;N/A;N/A;N/A;N/A;N/A;N/A;N/A;N/A;"1.6 L";N/A;N/A;N/A;N/A;N/A;N/A;N/A;N/A;N/A;N/A;N/A;N/A;N/A;N/A;N/A;N/A;N/A;N/A;N/A;N/A;N/A;N/A;N/A;N/A;N/A;N/A;N/A;N/A;N/A;N/A;N/A;N/A;N/A;N/A;N/A;N/A;N/A;N/A;N/A;N/A;N/A;N/A;N/A;N/A;N/A;N/A;N/A;N/A;N/A;N/A;N/A;N/A;N/A;N/A;N/A;Sense;N/A;N/A;N/A;N/A;N/A;N/A;N/A;N/A;N/A;N/A;N/A;N/A;N/A;N/A;N/A;N/A;N/A;N/A;N/A;N/A;N/A;4;1.6;Nafta;Manual;Hatchback;"Autos y camionetas";N/A;N/A;N/A;N/A;N/A;N/A;UY;N/A;N/A;N/A;N/A;N/A;N/A;N/A;N/A;N/A;N/A;N/A;N/A;N/A;N/A;N/A;N/A;N/A;N/A;N/A;N/A;N/A;N/A;N/A;N/A;N/A;N/A;N/A;N/A;N/A;N/A;N/A;N/A;N/A;N/A;N/A;N/A;N/A;N/A;N/A;N/A;N/A;N/A;N/A;N/A;N/A;N/A;N/A;N/A;N/A;N/A;N/A;N/A;N/A;N/A;N/A;N/A;N/A;N/A;N/A;N/A;N/A;N/A;N/A;N/A;N/A;N/A;N/A;N/A;N/A;N/A;N/A;N/A;N/A;N/A;N/A;N/A;N/A;N/A;N/A;N/A;N/A;N/A;N/A;N/A;N/A;N/A;N/A;N/A;N/A;Sí;N/A;N/A;N/A;N/A;N/A;N/A;N/A;N/A;N/A;N/A;N/A;N/A;N/A;N/A;N/A;N/A;N/A;Sí;N/A;N/A;N/A;N/A;N/A;N/A;N/A
Nissan;X-Trail;"Exclusive 2.5 - 7 pasajeros";2015;"138000 km";;GUSTAVO2075;20990;;;;;Cerrito;https://auto.mercadolibre.com.uy/MLU-665212448-nissan-x-trail-25-exclusive-2015-impecable-_JM;N/A;;"Nissan X-trail 2.5 - Exclusive - 2015 - Impecable";usd;Sí;free;false;N/A;N/A;http://perfil.mercadolibre.com.uy/GUSTAVO2075;active;N/A;N/A;Usado;Blanco;No;Eléctrica;4x4;Sí;Sí;N/A;N/A;N/A;Sí;N/A;N/A;Sí;N/A;N/A;Sí;Sí;N/A;Sí;N/A;N/A;N/A;N/A;N/A;N/A;N/A;N/A;N/A;N/A;"2706 mm";"2.5 L";"55 L";N/A;N/A;N/A;N/A;N/A;N/A;No;N/A;N/A;N/A;N/A;N/A;N/A;N/A;N/A;N/A;N/A;N/A;N/A;N/A;N/A;N/A;N/A;N/A;N/A;N/A;N/A;N/A;N/A;N/A;No;N/A;N/A;N/A;N/A;N/A;N/A;N/A;N/A;N/A;N/A;N/A;N/A;N/A;N/A;N/A;"1685 mm";"4630 mm";N/A;N/A;N/A;N/A;5;N/A;Exclusive;N/A;N/A;"1840 mm";N/A;Sí;N/A;Sí;Sí;N/A;Sí;Sí;N/A;Sí;N/A;N/A;No;No;N/A;N/A;Sí;"todo el dia";5;QR25;Nafta;Automática;SUV;"Autos y camionetas";No;N/A;N/A;N/A;No;N/A;UY;N/A;No;N/A;No;N/A;N/A;N/A;N/A;N/A;N/A;N/A;N/A;N/A;N/A;N/A;N/A;N/A;Sí;N/A;N/A;N/A;N/A;N/A;N/A;N/A;N/A;N/A;N/A;N/A;N/A;N/A;N/A;N/A;N/A;N/A;N/A;No;N/A;N/A;N/A;N/A;N/A;N/A;N/A;N/A;N/A;N/A;N/A;N/A;N/A;N/A;N/A;N/A;N/A;No;No;N/A;N/A;N/A;N/A;N/A;N/A;N/A;N/A;N/A;N/A;N/A;N/A;N/A;N/A;N/A;N/A;N/A;N/A;N/A;N/A;N/A;N/A;N/A;N/A;N/A;N/A;N/A;N/A;N/A;N/A;N/A;N/A;No;Sí;Sí;Sí;N/A;Sí;N/A;N/A;N/A;N/A;Sí;No;Sí;Sí;N/A;N/A;Sí;Sí;Sí;Sí;Sí;Sí;No;No;Sí;N/A;Sí
Nissan;Sentra;"1.8 Sr Navi At";2015;"127000 km";;VARECUA;14400;;;;;Malvin;https://auto.mercadolibre.com.uy/MLU-635011851-nissan-sentra-2-dueno-_JM;N/A;;"Nissan Sentra 2° Dueño";usd;Sí;free;false;N/A;N/A;http://perfil.mercadolibre.com.uy/VARECUA;active;N/A;N/A;Usado;Rojo;N/A;Hidráulica;Delantera;Sí;Sí;N/A;N/A;Sí;N/A;N/A;N/A;N/A;N/A;N/A;N/A;Sí;N/A;N/A;N/A;N/A;N/A;N/A;N/A;N/A;N/A;N/A;N/A;N/A;N/A;"1.8 L";N/A;N/A;N/A;N/A;N/A;N/A;N/A;N/A;N/A;N/A;N/A;N/A;N/A;N/A;N/A;N/A;N/A;N/A;N/A;N/A;N/A;N/A;N/A;N/A;N/A;N/A;N/A;N/A;N/A;N/A;N/A;N/A;N/A;N/A;N/A;N/A;N/A;N/A;N/A;N/A;N/A;N/A;N/A;N/A;N/A;N/A;N/A;N/A;N/A;N/A;N/A;N/A;N/A;N/A;"129 hp";Sr;N/A;N/A;N/A;N/A;Sí;N/A;N/A;N/A;N/A;Sí;Sí;N/A;N/A;N/A;N/A;N/A;N/A;N/A;N/A;N/A;N/A;4;1.8;Nafta;Automática;Coupé;"Autos y camionetas";N/A;N/A;N/A;N/A;N/A;N/A;UY;N/A;N/A;N/A;N/A;N/A;N/A;N/A;N/A;N/A;N/A;N/A;N/A;N/A;N/A;N/A;N/A;N/A;Sí;N/A;N/A;N/A;N/A;N/A;N/A;N/A;N/A;N/A;N/A;N/A;N/A;N/A;N/A;N/A;N/A;N/A;N/A;N/A;N/A;N/A;N/A;N/A;N/A;N/A;N/A;N/A;N/A;N/A;N/A;N/A;N/A;N/A;N/A;N/A;N/A;N/A;N/A;N/A;N/A;N/A;N/A;N/A;N/A;N/A;N/A;N/A;N/A;N/A;N/A;N/A;N/A;N/A;N/A;N/A;N/A;N/A;N/A;N/A;N/A;N/A;N/A;N/A;N/A;N/A;N/A;N/A;N/A;N/A;N/A;N/A;Sí;Sí;N/A;N/A;Sí;N/A;N/A;N/A;N/A;Sí;N/A;N/A;N/A;N/A;N/A;N/A;Sí;N/A;Sí;N/A;N/A;N/A;N/A;N/A;N/A;N/A
Nissan;Sentra;"1.8 Exclusive At";2018;"86000 km";;IBANEZALEJANDRA20231117204105;19000;;;;;Melo;https://auto.mercadolibre.com.uy/MLU-664938986-nissan-sentra-2018-18-exclusive-at-_JM;N/A;;"Nissan Sentra 2018 1.8 Exclusive At";usd;Sí;free;false;N/A;N/A;http://perfil.mercadolibre.com.uy/IBANEZALEJANDRA20231117204105;active;N/A;N/A;Usado;N/A;N/A;Hidráulica;Delantera;Sí;N/A;N/A;N/A;N/A;N/A;N/A;N/A;Sí;N/A;N/A;N/A;N/A;N/A;N/A;N/A;N/A;N/A;N/A;N/A;N/A;N/A;N/A;N/A;N/A;"2700 mm";"1.8 L";"52 L";N/A;N/A;N/A;N/A;N/A;N/A;N/A;N/A;N/A;N/A;N/A;N/A;N/A;N/A;N/A;N/A;N/A;N/A;N/A;N/A;N/A;N/A;N/A;N/A;N/A;N/A;N/A;N/A;N/A;N/A;N/A;N/A;N/A;N/A;Sí;Sí;N/A;N/A;Sí;N/A;N/A;N/A;N/A;N/A;N/A;N/A;"1509 mm";"4636 mm";N/A;N/A;N/A;N/A;5;"129 hp";Exclusive;N/A;4;"1761 mm";N/A;N/A;N/A;N/A;N/A;N/A;N/A;Sí;N/A;Sí;N/A;N/A;N/A;N/A;N/A;N/A;N/A;N/A;4;1.8;Nafta;Automática;Sedán;"Autos y camionetas";N/A;N/A;N/A;N/A;N/A;N/A;UY;N/A;N/A;N/A;N/A;N/A;N/A;N/A;N/A;N/A;N/A;N/A;N/A;N/A;N/A;N/A;N/A;N/A;N/A;N/A;N/A;N/A;N/A;N/A;N/A;N/A;N/A;N/A;N/A;N/A;N/A;N/A;N/A;N/A;N/A;N/A;N/A;N/A;N/A;N/A;N/A;N/A;N/A;N/A;N/A;N/A;N/A;N/A;N/A;N/A;N/A;N/A;N/A;N/A;N/A;N/A;N/A;N/A;N/A;N/A;N/A;N/A;N/A;N/A;N/A;N/A;N/A;N/A;N/A;N/A;N/A;N/A;N/A;N/A;N/A;N/A;N/A;N/A;N/A;N/A;N/A;N/A;N/A;N/A;N/A;N/A;N/A;N/A;N/A;N/A;Sí;N/A;Sí;N/A;N/A;N/A;N/A;Sí;N/A;Sí;N/A;N/A;N/A;N/A;N/A;N/A;N/A;N/A;Sí;N/A;N/A;N/A;N/A;Sí;N/A;Sí
Nissan;D-21;"2.7 aire y dirección";2005;"290000 km";;SELEGUINBRUNO20230319122958;14500;;;;;Rivera;https://auto.mercadolibre.com.uy/MLU-664741312-nissan-d21-27-aire-y-direccion-_JM;N/A;;"Nissan D21 2.7 Aire Y Dirección";USD;No;free;false;N/A;N/A;http://perfil.mercadolibre.com.uy/SELEGUINBRUNO20230319122958;active;N/A;N/A;Usado;N/A;N/A;N/A;N/A;N/A;N/A;N/A;N/A;N/A;N/A;N/A;N/A;N/A;N/A;N/A;N/A;N/A;N/A;N/A;N/A;N/A;N/A;N/A;N/A;N/A;N/A;N/A;N/A;N/A;N/A;N/A;N/A;N/A;N/A;N/A;N/A;N/A;N/A;N/A;N/A;N/A;N/A;N/A;N/A;N/A;N/A;N/A;N/A;N/A;N/A;N/A;N/A;N/A;N/A;N/A;N/A;N/A;N/A;N/A;N/A;N/A;N/A;N/A;N/A;N/A;N/A;N/A;N/A;N/A;N/A;N/A;N/A;N/A;N/A;N/A;N/A;N/A;N/A;N/A;N/A;N/A;N/A;N/A;N/A;N/A;N/A;N/A;N/A;N/A;N/A;N/A;N/A;N/A;N/A;N/A;N/A;N/A;N/A;N/A;N/A;N/A;N/A;N/A;N/A;N/A;N/A;N/A;N/A;4;N/A;Diésel;N/A;N/A;"Autos y camionetas";N/A;N/A;N/A;N/A;N/A;N/A;N/A;N/A;N/A;N/A;N/A;N/A;N/A;N/A;N/A;N/A;N/A;N/A;N/A;N/A;N/A;N/A;N/A;N/A;N/A;N/A;N/A;N/A;N/A;N/A;N/A;N/A;N/A;N/A;N/A;N/A;N/A;N/A;N/A;N/A;N/A;N/A;N/A;N/A;N/A;N/A;N/A;N/A;N/A;N/A;N/A;N/A;N/A;N/A;N/A;N/A;N/A;N/A;N/A;N/A;N/A;N/A;N/A;N/A;N/A;N/A;N/A;N/A;N/A;N/A;N/A;N/A;N/A;N/A;N/A;N/A;N/A;N/A;N/A;N/A;N/A;N/A;N/A;N/A;N/A;N/A;N/A;N/A;N/A;N/A;N/A;N/A;N/A;N/A;N/A;N/A;N/A;N/A;N/A;N/A;N/A;N/A;N/A;N/A;N/A;N/A;N/A;N/A;N/A;N/A;N/A;N/A;N/A;N/A;N/A;N/A;N/A;N/A;N/A;N/A;N/A;N/A
Nissan;Tiida;"1.8 2011 full";2011;"145200 km";;RORA1433087;10000;;;;;"Barrio Sur";https://auto.mercadolibre.com.uy/MLU-664373984-nissan-tiida-18-2011-full-_JM;N/A;;"Nissan Tiida 1.8 2011 Full";USD;Sí;free;false;N/A;N/A;http://perfil.mercadolibre.com.uy/RORA1433087;active;N/A;N/A;Usado;N/A;N/A;N/A;N/A;N/A;N/A;N/A;N/A;N/A;N/A;N/A;N/A;N/A;N/A;N/A;N/A;N/A;N/A;N/A;N/A;N/A;N/A;N/A;N/A;N/A;N/A;N/A;N/A;N/A;N/A;N/A;N/A;N/A;N/A;N/A;N/A;N/A;N/A;N/A;N/A;N/A;N/A;N/A;N/A;N/A;N/A;N/A;N/A;N/A;N/A;N/A;N/A;N/A;N/A;N/A;N/A;N/A;N/A;N/A;N/A;N/A;N/A;N/A;N/A;N/A;N/A;N/A;N/A;N/A;N/A;N/A;N/A;N/A;N/A;N/A;N/A;N/A;N/A;N/A;N/A;N/A;N/A;N/A;N/A;N/A;N/A;N/A;N/A;N/A;N/A;N/A;N/A;N/A;N/A;N/A;N/A;N/A;N/A;N/A;N/A;N/A;N/A;N/A;N/A;N/A;N/A;N/A;N/A;5;N/A;Nafta;N/A;N/A;"Autos y camionetas";N/A;N/A;N/A;N/A;N/A;N/A;N/A;N/A;N/A;N/A;N/A;N/A;N/A;N/A;N/A;N/A;N/A;N/A;N/A;N/A;N/A;N/A;N/A;N/A;N/A;N/A;N/A;N/A;N/A;N/A;N/A;N/A;N/A;N/A;N/A;N/A;N/A;N/A;N/A;N/A;N/A;N/A;N/A;N/A;N/A;N/A;N/A;N/A;N/A;N/A;N/A;N/A;N/A;N/A;N/A;N/A;N/A;N/A;N/A;N/A;N/A;N/A;N/A;N/A;N/A;N/A;N/A;N/A;N/A;N/A;N/A;N/A;N/A;N/A;N/A;N/A;N/A;N/A;N/A;N/A;N/A;N/A;N/A;N/A;N/A;N/A;N/A;N/A;N/A;N/A;N/A;N/A;N/A;N/A;N/A;N/A;N/A;N/A;N/A;N/A;N/A;N/A;N/A;N/A;N/A;N/A;N/A;N/A;N/A;N/A;N/A;N/A;N/A;N/A;N/A;N/A;N/A;N/A;N/A;N/A;N/A;N/A
Nissan;Sentra;"1.8 Exclusive L4 Nav. Cvt";2013;"192644 km";;DIEGOVILLENEAU;13300;;;;;Melo;https://auto.mercadolibre.com.uy/MLU-663901606-nissan-sentra-2013-18-exclusive-l4-nav-cvt-_JM;N/A;;"Nissan Sentra 2013 1.8 Exclusive L4 Nav. Cvt";usd;Sí;free;false;N/A;N/A;http://perfil.mercadolibre.com.uy/DIEGOVILLENEAU;active;N/A;N/A;Usado;N/A;N/A;Hidráulica;Delantera;Sí;N/A;N/A;N/A;Sí;N/A;N/A;N/A;N/A;N/A;N/A;N/A;N/A;N/A;N/A;N/A;N/A;N/A;N/A;N/A;N/A;N/A;N/A;N/A;N/A;N/A;"1.8 L";N/A;N/A;N/A;N/A;N/A;N/A;N/A;N/A;N/A;N/A;N/A;N/A;N/A;N/A;N/A;N/A;N/A;N/A;N/A;N/A;N/A;N/A;N/A;N/A;N/A;N/A;N/A;N/A;N/A;N/A;N/A;N/A;N/A;N/A;N/A;N/A;N/A;N/A;N/A;N/A;N/A;N/A;N/A;N/A;N/A;N/A;N/A;N/A;N/A;N/A;N/A;N/A;N/A;N/A;N/A;Exclusive;N/A;N/A;N/A;N/A;N/A;N/A;N/A;N/A;N/A;N/A;N/A;N/A;N/A;N/A;N/A;N/A;N/A;N/A;N/A;N/A;N/A;4;1.8;Nafta;Automática;Coupé;"Autos y camionetas";N/A;N/A;N/A;N/A;N/A;N/A;UY;N/A;N/A;N/A;N/A;N/A;N/A;N/A;N/A;N/A;N/A;N/A;N/A;N/A;N/A;N/A;N/A;N/A;N/A;N/A;N/A;N/A;N/A;N/A;N/A;N/A;N/A;N/A;N/A;N/A;N/A;N/A;N/A;N/A;N/A;N/A;N/A;N/A;N/A;N/A;N/A;N/A;N/A;N/A;N/A;N/A;N/A;N/A;N/A;N/A;N/A;N/A;N/A;N/A;N/A;N/A;N/A;N/A;N/A;N/A;N/A;N/A;N/A;N/A;N/A;N/A;N/A;N/A;N/A;N/A;N/A;N/A;N/A;N/A;N/A;N/A;N/A;N/A;N/A;N/A;N/A;N/A;N/A;N/A;N/A;N/A;N/A;N/A;N/A;N/A;Sí;N/A;N/A;N/A;N/A;N/A;N/A;N/A;N/A;N/A;N/A;N/A;N/A;N/A;N/A;N/A;N/A;N/A;Sí;N/A;N/A;N/A;N/A;N/A;N/A;N/A
Nissan;Tiida;"1.8 Emotion Mt";2013;"95000 km";;PELMARAGUSTÍN20220813161900;12690;;;;;Malvin;https://auto.mercadolibre.com.uy/MLU-666143276-nissan-tiida-2013-18-emotion-mt-_JM;N/A;;"Nissan Tiida 2013 1.8 Emotion Mt";usd;Sí;free;false;N/A;N/A;http://perfil.mercadolibre.com.uy/PELMARAGUST%C3%8DN20220813161900;active;N/A;N/A;Usado;N/A;N/A;Hidráulica;Delantera;Sí;N/A;N/A;N/A;N/A;N/A;N/A;N/A;N/A;N/A;N/A;N/A;N/A;N/A;N/A;N/A;N/A;N/A;N/A;N/A;N/A;N/A;N/A;N/A;N/A;"2600 mm";"1.8 L";"52 L";N/A;N/A;N/A;N/A;N/A;N/A;N/A;N/A;N/A;N/A;N/A;N/A;N/A;N/A;N/A;N/A;N/A;N/A;N/A;N/A;N/A;N/A;N/A;N/A;N/A;N/A;N/A;N/A;N/A;N/A;N/A;N/A;N/A;N/A;N/A;N/A;N/A;N/A;N/A;N/A;N/A;N/A;N/A;N/A;N/A;N/A;"1548 mm";"4297 mm";N/A;N/A;N/A;N/A;N/A;N/A;Emotion;N/A;N/A;"1695 mm";N/A;N/A;N/A;N/A;N/A;N/A;N/A;N/A;N/A;N/A;N/A;N/A;N/A;N/A;N/A;N/A;N/A;N/A;5;1.8;Nafta;Manual;Hatchback;"Autos y camionetas";N/A;N/A;N/A;N/A;N/A;N/A;UY;N/A;N/A;N/A;N/A;N/A;N/A;N/A;N/A;N/A;N/A;N/A;N/A;N/A;N/A;N/A;N/A;N/A;N/A;N/A;N/A;N/A;N/A;N/A;N/A;N/A;N/A;N/A;N/A;N/A;N/A;N/A;N/A;N/A;N/A;N/A;N/A;N/A;N/A;N/A;N/A;N/A;N/A;N/A;N/A;N/A;N/A;N/A;N/A;N/A;N/A;N/A;N/A;N/A;N/A;N/A;N/A;N/A;N/A;N/A;N/A;N/A;N/A;N/A;N/A;N/A;N/A;N/A;N/A;N/A;N/A;N/A;N/A;N/A;N/A;N/A;N/A;N/A;N/A;N/A;N/A;N/A;N/A;N/A;N/A;N/A;N/A;N/A;N/A;N/A;Sí;N/A;N/A;N/A;N/A;N/A;N/A;N/A;N/A;N/A;N/A;N/A;N/A;N/A;N/A;N/A;N/A;N/A;Sí;N/A;N/A;N/A;N/A;N/A;N/A;N/A
Nissan;Frontier;4x2;2023;"13267 km";;KARIMEDOTTA;43000;;;;;"Malvin Norte";https://auto.mercadolibre.com.uy/MLU-664051796-nissan-frontier-4x2-_JM;N/A;;"Nissan Frontier 4x2";USD;Sí;free;false;N/A;N/A;http://perfil.mercadolibre.com.uy/KARIMEDOTTA;active;N/A;N/A;Usado;N/A;N/A;N/A;N/A;N/A;N/A;N/A;N/A;N/A;N/A;N/A;N/A;N/A;N/A;N/A;N/A;N/A;N/A;N/A;N/A;N/A;N/A;N/A;N/A;N/A;N/A;N/A;N/A;N/A;N/A;N/A;N/A;N/A;N/A;N/A;N/A;N/A;N/A;N/A;N/A;N/A;N/A;N/A;N/A;N/A;N/A;N/A;N/A;N/A;N/A;N/A;N/A;N/A;N/A;N/A;N/A;N/A;N/A;N/A;N/A;N/A;N/A;N/A;N/A;N/A;N/A;N/A;N/A;N/A;N/A;N/A;N/A;N/A;N/A;N/A;N/A;N/A;N/A;N/A;N/A;N/A;N/A;N/A;N/A;N/A;N/A;N/A;N/A;N/A;N/A;N/A;N/A;N/A;N/A;N/A;N/A;N/A;N/A;N/A;N/A;N/A;N/A;N/A;N/A;N/A;N/A;N/A;N/A;4;N/A;Diésel;N/A;N/A;"Autos y camionetas";N/A;N/A;N/A;N/A;N/A;N/A;N/A;N/A;N/A;N/A;N/A;N/A;N/A;N/A;N/A;N/A;N/A;N/A;N/A;N/A;N/A;N/A;N/A;N/A;N/A;N/A;N/A;N/A;N/A;N/A;N/A;N/A;N/A;N/A;N/A;N/A;N/A;N/A;N/A;N/A;N/A;N/A;N/A;N/A;N/A;N/A;N/A;N/A;N/A;N/A;N/A;N/A;N/A;N/A;N/A;N/A;N/A;N/A;N/A;N/A;N/A;N/A;N/A;N/A;N/A;N/A;N/A;N/A;N/A;N/A;N/A;N/A;N/A;N/A;N/A;N/A;N/A;N/A;N/A;N/A;N/A;N/A;N/A;N/A;N/A;N/A;N/A;N/A;N/A;N/A;N/A;N/A;N/A;N/A;N/A;N/A;N/A;N/A;N/A;N/A;N/A;N/A;N/A;N/A;N/A;N/A;N/A;N/A;N/A;N/A;N/A;N/A;N/A;N/A;N/A;N/A;N/A;N/A;N/A;N/A;N/A;N/A
Nissan;Frontier;"Crew Cab Le 5vel 4x2 Mt";2012;"126000 km";;CRIMENEN;12300;;;;;"Nuevo París";https://auto.mercadolibre.com.uy/MLU-635334705-nissan-frontier-2012-crew-cab-le-5vel-4x2-mt-_JM;N/A;;"Nissan Frontier 2012 Crew Cab Le 5vel 4x2 Mt";usd;Sí;free;false;N/A;N/A;http://perfil.mercadolibre.com.uy/CRIMENEN;active;N/A;N/A;Usado;N/A;N/A;Hidráulica;4x2;Sí;N/A;N/A;N/A;N/A;N/A;N/A;N/A;N/A;N/A;N/A;N/A;N/A;N/A;N/A;N/A;N/A;N/A;N/A;N/A;N/A;N/A;N/A;N/A;N/A;N/A;"3.3 L";N/A;N/A;N/A;N/A;N/A;N/A;N/A;N/A;N/A;N/A;N/A;N/A;N/A;N/A;N/A;N/A;N/A;N/A;N/A;N/A;N/A;N/A;N/A;N/A;N/A;N/A;N/A;N/A;N/A;N/A;N/A;N/A;N/A;N/A;N/A;N/A;N/A;N/A;N/A;N/A;N/A;N/A;N/A;N/A;N/A;N/A;N/A;N/A;N/A;N/A;N/A;N/A;N/A;N/A;N/A;Le;N/A;N/A;N/A;N/A;N/A;N/A;N/A;N/A;N/A;N/A;N/A;N/A;N/A;N/A;N/A;N/A;N/A;N/A;N/A;N/A;N/A;4;3.3;Nafta;Manual;Pick-Up;"Autos y camionetas";N/A;N/A;N/A;N/A;N/A;N/A;UY;N/A;N/A;N/A;N/A;N/A;N/A;N/A;N/A;N/A;N/A;N/A;N/A;N/A;N/A;N/A;N/A;N/A;N/A;N/A;N/A;N/A;N/A;N/A;N/A;N/A;N/A;N/A;N/A;N/A;N/A;N/A;N/A;N/A;N/A;N/A;N/A;N/A;N/A;N/A;N/A;N/A;N/A;N/A;N/A;N/A;N/A;N/A;N/A;N/A;N/A;N/A;N/A;N/A;N/A;N/A;N/A;N/A;N/A;N/A;N/A;N/A;N/A;N/A;N/A;N/A;N/A;N/A;N/A;N/A;N/A;N/A;N/A;N/A;N/A;N/A;N/A;N/A;N/A;N/A;N/A;N/A;N/A;N/A;N/A;N/A;N/A;N/A;N/A;N/A;Sí;N/A;N/A;N/A;N/A;N/A;N/A;N/A;N/A;N/A;N/A;N/A;N/A;N/A;N/A;N/A;N/A;N/A;Sí;N/A;N/A;N/A;N/A;N/A;N/A;N/A
Nissan;"NP300 Frontier";"2.5 Se Doble Cabina";2019;"74000 km";;REPROGRAFICA_LTDA;19900;;;;;"Parque Batlle";https://auto.mercadolibre.com.uy/MLU-665251098-nissan-np300-frontier-2019-25-se-doble-cabina-_JM;N/A;;"Nissan Np300 Frontier 2019 2.5 Se Doble Cabina";usd;Sí;free;false;N/A;N/A;http://perfil.mercadolibre.com.uy/REPROGRAFICA_LTDA;active;N/A;N/A;Usado;Gris;N/A;Hidráulica;4x2;Sí;N/A;N/A;N/A;N/A;N/A;N/A;N/A;N/A;N/A;N/A;N/A;N/A;N/A;N/A;N/A;N/A;N/A;N/A;N/A;N/A;N/A;N/A;N/A;N/A;"3150 mm";"2.5 L";"80 L";6;N/A;N/A;N/A;N/A;N/A;N/A;N/A;N/A;N/A;N/A;N/A;N/A;N/A;N/A;N/A;N/A;N/A;N/A;N/A;N/A;N/A;N/A;N/A;N/A;N/A;N/A;N/A;N/A;N/A;N/A;N/A;N/A;N/A;Sí;Sí;N/A;N/A;N/A;N/A;N/A;N/A;N/A;N/A;N/A;N/A;"1860 mm";"5258 mm";N/A;N/A;N/A;N/A;N/A;"120 hp";Se;N/A;4;"1850 mm";N/A;N/A;N/A;N/A;N/A;N/A;N/A;N/A;N/A;N/A;N/A;N/A;N/A;N/A;N/A;N/A;N/A;"Lunes a domingo 9 a 22hs";4;2.5;Diésel;Manual;Pick-Up;"Autos y camionetas";N/A;N/A;N/A;N/A;N/A;N/A;UY;N/A;N/A;N/A;N/A;N/A;N/A;N/A;N/A;N/A;N/A;N/A;N/A;N/A;N/A;N/A;N/A;N/A;N/A;N/A;N/A;N/A;N/A;N/A;N/A;N/A;N/A;N/A;N/A;N/A;N/A;N/A;N/A;N/A;N/A;N/A;N/A;N/A;N/A;N/A;N/A;N/A;N/A;N/A;N/A;N/A;N/A;N/A;N/A;N/A;N/A;N/A;N/A;N/A;N/A;N/A;N/A;N/A;N/A;N/A;N/A;N/A;N/A;N/A;N/A;N/A;N/A;N/A;N/A;N/A;N/A;N/A;N/A;N/A;N/A;N/A;N/A;N/A;N/A;N/A;N/A;N/A;N/A;N/A;N/A;N/A;N/A;N/A;N/A;N/A;Sí;N/A;N/A;N/A;N/A;N/A;N/A;N/A;N/A;Sí;N/A;N/A;N/A;N/A;N/A;N/A;N/A;N/A;Sí;N/A;N/A;N/A;N/A;N/A;N/A;N/A
Nissan;Versa;"1.6 Advance At";2018;"58000 km";;ALCIDESDEVERA;14800;;;;;"Ciudad del Plata";https://auto.mercadolibre.com.uy/MLU-666182328-nissan-versa-2018-16-advance-at-_JM;N/A;;"Nissan Versa 2018 1.6 Advance At";usd;Sí;free;false;N/A;N/A;http://perfil.mercadolibre.com.uy/ALCIDESDEVERA;active;N/A;N/A;Usado;N/A;N/A;Hidráulica;Delantera;Sí;N/A;N/A;N/A;N/A;N/A;N/A;N/A;N/A;N/A;N/A;N/A;N/A;N/A;N/A;N/A;N/A;N/A;N/A;N/A;N/A;N/A;N/A;N/A;N/A;"2600 mm";"1.6 L";"41 L";4;N/A;N/A;N/A;N/A;N/A;N/A;N/A;N/A;N/A;N/A;N/A;N/A;N/A;N/A;N/A;N/A;N/A;N/A;N/A;N/A;N/A;N/A;N/A;N/A;N/A;N/A;N/A;N/A;N/A;N/A;N/A;N/A;N/A;N/A;N/A;N/A;N/A;N/A;N/A;N/A;N/A;N/A;N/A;N/A;N/A;"1506 mm";"4492 mm";N/A;N/A;N/A;N/A;5;"106 hp";Advance;N/A;4;"1695 mm";N/A;N/A;N/A;N/A;N/A;N/A;N/A;Sí;N/A;N/A;N/A;N/A;N/A;N/A;N/A;N/A;N/A;N/A;4;1.6;Nafta;Automática;Sedán;"Autos y camionetas";N/A;N/A;N/A;N/A;N/A;N/A;UY;N/A;N/A;N/A;N/A;N/A;N/A;N/A;N/A;N/A;N/A;N/A;N/A;N/A;N/A;N/A;N/A;N/A;N/A;N/A;N/A;N/A;N/A;N/A;N/A;N/A;N/A;N/A;N/A;N/A;N/A;N/A;N/A;N/A;N/A;N/A;N/A;N/A;N/A;N/A;N/A;N/A;N/A;N/A;N/A;N/A;N/A;N/A;N/A;N/A;N/A;N/A;N/A;N/A;N/A;N/A;N/A;N/A;N/A;N/A;N/A;N/A;N/A;N/A;N/A;N/A;N/A;N/A;N/A;N/A;N/A;N/A;N/A;N/A;N/A;N/A;N/A;N/A;N/A;N/A;N/A;N/A;N/A;N/A;N/A;N/A;N/A;N/A;N/A;N/A;N/A;N/A;N/A;N/A;N/A;N/A;N/A;N/A;N/A;N/A;N/A;N/A;N/A;N/A;N/A;N/A;N/A;N/A;Sí;N/A;N/A;N/A;N/A;N/A;N/A;N/A
Nissan;March;"1.6 Active Mt";2018;"119000 km";;EDISONROSSI;11900;;;;;"Gregorio Aznárez";https://auto.mercadolibre.com.uy/MLU-666006798-nissan-march-2018-16-active-mt-_JM;N/A;;"Nissan March 2018 1.6 Active Mt";usd;Sí;free;false;N/A;N/A;http://perfil.mercadolibre.com.uy/EDISONROSSI;active;N/A;N/A;Usado;N/A;N/A;Hidráulica;Delantera;Sí;N/A;N/A;N/A;N/A;N/A;N/A;N/A;N/A;N/A;N/A;N/A;N/A;N/A;N/A;N/A;N/A;N/A;N/A;N/A;N/A;N/A;N/A;N/A;N/A;"2450 mm";"1.6 L";"41 L";5;N/A;N/A;N/A;N/A;N/A;N/A;N/A;N/A;N/A;N/A;N/A;N/A;N/A;N/A;N/A;N/A;N/A;N/A;N/A;N/A;N/A;N/A;N/A;N/A;N/A;N/A;N/A;N/A;N/A;N/A;N/A;N/A;N/A;N/A;N/A;N/A;N/A;N/A;N/A;N/A;N/A;N/A;N/A;N/A;N/A;"1532 mm";"3827 mm";N/A;N/A;N/A;N/A;5;"106 hp";Active;N/A;4;"1665 mm";N/A;N/A;N/A;N/A;N/A;N/A;N/A;Sí;N/A;N/A;N/A;N/A;N/A;N/A;N/A;N/A;N/A;N/A;5;1.6;Nafta;Manual;Hatchback;"Autos y camionetas";N/A;N/A;N/A;N/A;N/A;N/A;UY;N/A;N/A;N/A;N/A;N/A;N/A;N/A;N/A;N/A;N/A;N/A;N/A;N/A;N/A;N/A;N/A;N/A;N/A;N/A;N/A;N/A;N/A;N/A;N/A;N/A;N/A;N/A;N/A;N/A;N/A;N/A;N/A;N/A;N/A;N/A;N/A;N/A;N/A;N/A;N/A;N/A;N/A;N/A;N/A;N/A;N/A;N/A;N/A;N/A;N/A;N/A;N/A;N/A;N/A;N/A;N/A;N/A;N/A;N/A;N/A;N/A;N/A;N/A;N/A;N/A;N/A;N/A;N/A;N/A;N/A;N/A;N/A;N/A;N/A;N/A;N/A;N/A;N/A;N/A;N/A;N/A;N/A;N/A;N/A;N/A;N/A;N/A;N/A;N/A;Sí;N/A;N/A;N/A;N/A;N/A;N/A;N/A;N/A;Sí;N/A;N/A;N/A;N/A;N/A;N/A;N/A;N/A;Sí;N/A;N/A;N/A;N/A;Sí;N/A;N/A
Nissan;March;"1.6 Advance At";2016;"94500 km";;PAAG1281113;12500;;;;;Carrasco;https://auto.mercadolibre.com.uy/MLU-666214426-nissan-march-extra-full-automatico-_JM;N/A;;"Nissan March Extra Full Automático";usd;Sí;free;false;N/A;N/A;http://perfil.mercadolibre.com.uy/PAAG1281113;active;N/A;N/A;Usado;Blanco;N/A;Hidráulica;Delantera;Sí;Sí;N/A;N/A;N/A;N/A;N/A;N/A;N/A;N/A;N/A;N/A;Sí;N/A;N/A;N/A;N/A;N/A;N/A;N/A;N/A;N/A;N/A;N/A;N/A;"2450 mm";"1.6 L";"41 L";4;N/A;N/A;N/A;N/A;N/A;N/A;N/A;N/A;N/A;N/A;N/A;N/A;N/A;N/A;N/A;N/A;N/A;N/A;N/A;N/A;N/A;N/A;N/A;N/A;N/A;N/A;N/A;N/A;N/A;N/A;N/A;N/A;N/A;Sí;Sí;N/A;N/A;N/A;N/A;N/A;N/A;N/A;N/A;N/A;N/A;"1532 mm";"3827 mm";N/A;N/A;N/A;N/A;5;"106 hp";Advance;N/A;4;"1665 mm";N/A;N/A;N/A;N/A;Sí;N/A;Sí;Sí;N/A;N/A;N/A;N/A;N/A;N/A;N/A;N/A;N/A;N/A;5;1.6;Nafta;Automática;Hatchback;"Autos y camionetas";N/A;N/A;N/A;N/A;N/A;N/A;UY;N/A;N/A;N/A;N/A;N/A;N/A;N/A;N/A;N/A;N/A;N/A;N/A;N/A;N/A;N/A;N/A;N/A;N/A;N/A;N/A;N/A;N/A;N/A;N/A;N/A;N/A;N/A;N/A;N/A;N/A;N/A;N/A;N/A;N/A;N/A;N/A;N/A;N/A;N/A;N/A;N/A;N/A;N/A;N/A;N/A;N/A;N/A;N/A;N/A;N/A;N/A;N/A;N/A;N/A;N/A;N/A;N/A;N/A;N/A;N/A;N/A;N/A;N/A;N/A;N/A;N/A;N/A;N/A;N/A;N/A;N/A;N/A;N/A;N/A;N/A;N/A;N/A;N/A;N/A;N/A;N/A;N/A;N/A;N/A;N/A;N/A;N/A;N/A;N/A;Sí;N/A;Sí;N/A;N/A;N/A;N/A;Sí;N/A;Sí;N/A;N/A;Sí;N/A;N/A;N/A;Sí;N/A;Sí;N/A;Sí;N/A;N/A;Sí;N/A;Sí
Nissan;"NP300 Frontier";"2.5 Se Doble Cabina";2021;"63000 km";;LEONARDOHERNANDEZ548;27500;;;;;Solís;https://auto.mercadolibre.com.uy/MLU-664018884-nissan-np300-frontier-2021-25-se-doble-cabina-_JM;N/A;;"Nissan Np300 Frontier 2021 2.5 Se Doble Cabina";usd;Sí;free;false;N/A;N/A;http://perfil.mercadolibre.com.uy/LEONARDOHERNANDEZ548;active;N/A;N/A;Usado;N/A;N/A;Hidráulica;4x2;Sí;N/A;N/A;N/A;N/A;N/A;N/A;N/A;N/A;N/A;N/A;N/A;N/A;N/A;N/A;N/A;N/A;N/A;N/A;N/A;N/A;N/A;N/A;N/A;N/A;"3150 mm";"2.5 L";"80 L";6;N/A;N/A;N/A;N/A;N/A;N/A;N/A;N/A;N/A;N/A;N/A;N/A;N/A;N/A;N/A;N/A;N/A;N/A;N/A;N/A;N/A;N/A;N/A;N/A;N/A;N/A;N/A;N/A;N/A;N/A;N/A;N/A;N/A;Sí;Sí;N/A;N/A;N/A;N/A;N/A;N/A;N/A;N/A;N/A;N/A;"1860 mm";"5258 mm";N/A;N/A;N/A;N/A;N/A;"120 hp";Se;N/A;4;"1850 mm";N/A;N/A;N/A;N/A;N/A;N/A;N/A;N/A;N/A;N/A;N/A;N/A;N/A;N/A;N/A;N/A;N/A;N/A;4;2.5;Diésel;Manual;Pick-Up;"Autos y camionetas";N/A;N/A;N/A;N/A;N/A;N/A;UY;N/A;N/A;N/A;N/A;N/A;N/A;N/A;N/A;N/A;N/A;N/A;N/A;N/A;N/A;N/A;N/A;N/A;N/A;N/A;N/A;N/A;N/A;N/A;N/A;N/A;N/A;N/A;N/A;N/A;N/A;N/A;N/A;N/A;N/A;N/A;N/A;N/A;N/A;N/A;N/A;N/A;N/A;N/A;N/A;N/A;N/A;N/A;N/A;N/A;N/A;N/A;N/A;N/A;N/A;N/A;N/A;N/A;N/A;N/A;N/A;N/A;N/A;N/A;N/A;N/A;N/A;N/A;N/A;N/A;N/A;N/A;N/A;N/A;N/A;N/A;N/A;N/A;N/A;N/A;N/A;N/A;N/A;N/A;N/A;N/A;N/A;N/A;N/A;N/A;Sí;N/A;N/A;N/A;N/A;N/A;N/A;N/A;N/A;Sí;N/A;N/A;N/A;N/A;N/A;N/A;N/A;N/A;Sí;N/A;N/A;N/A;N/A;N/A;N/A;N/A
Nissan;Versa;"1.6 Advance 5vel Mt";2014;"98000 km";;THEBLAC;12500;;;;;Sayago;https://auto.mercadolibre.com.uy/MLU-663739568-nissan-versa-2014-16-advance-5vel-mt-2dodueno-_JM;N/A;;"Nissan Versa 2014 1.6 Advance 5vel Mt 2dodueño";usd;Sí;free;false;N/A;N/A;http://perfil.mercadolibre.com.uy/THEBLAC;active;N/A;N/A;Usado;Gris;N/A;Hidráulica;Delantera;Sí;N/A;N/A;N/A;N/A;N/A;N/A;N/A;N/A;N/A;N/A;N/A;N/A;N/A;N/A;N/A;N/A;N/A;N/A;N/A;N/A;N/A;N/A;N/A;N/A;N/A;"1.6 L";N/A;N/A;N/A;N/A;N/A;N/A;N/A;N/A;N/A;N/A;N/A;N/A;N/A;N/A;N/A;N/A;N/A;N/A;N/A;N/A;N/A;N/A;N/A;N/A;N/A;N/A;N/A;N/A;N/A;N/A;N/A;N/A;N/A;N/A;N/A;N/A;N/A;N/A;N/A;N/A;N/A;N/A;N/A;N/A;N/A;N/A;N/A;N/A;N/A;N/A;N/A;N/A;N/A;N/A;"106 hp";Advance;N/A;N/A;N/A;N/A;N/A;N/A;N/A;N/A;N/A;N/A;N/A;N/A;N/A;N/A;N/A;N/A;N/A;N/A;N/A;N/A;N/A;4;1.6;Nafta;Manual;Hatchback;"Autos y camionetas";N/A;N/A;N/A;N/A;N/A;N/A;UY;N/A;N/A;N/A;N/A;N/A;N/A;N/A;N/A;N/A;N/A;N/A;N/A;N/A;N/A;N/A;N/A;N/A;N/A;N/A;N/A;N/A;N/A;N/A;N/A;N/A;N/A;N/A;N/A;N/A;N/A;N/A;N/A;N/A;N/A;N/A;N/A;N/A;N/A;N/A;N/A;N/A;N/A;N/A;N/A;N/A;N/A;N/A;N/A;N/A;N/A;N/A;N/A;N/A;N/A;N/A;N/A;N/A;N/A;N/A;N/A;N/A;N/A;N/A;N/A;N/A;N/A;N/A;N/A;N/A;N/A;N/A;N/A;N/A;N/A;N/A;N/A;N/A;N/A;N/A;N/A;N/A;N/A;N/A;N/A;N/A;N/A;N/A;N/A;N/A;Sí;N/A;N/A;N/A;N/A;N/A;N/A;N/A;N/A;N/A;N/A;N/A;N/A;N/A;N/A;N/A;N/A;N/A;Sí;N/A;N/A;N/A;N/A;N/A;N/A;N/A
Nissan;Kicks;"1.6 Advance At";2018;"99800 km";;MKELMAN;19000;;;;;"La Comercial";https://auto.mercadolibre.com.uy/MLU-635420929-nissan-kicks-2018-16-advance-at-_JM;N/A;;"Nissan Kicks 2018 1.6 Advance At";usd;Sí;free;false;N/A;N/A;http://perfil.mercadolibre.com.uy/MKELMAN;active;N/A;N/A;Usado;N/A;N/A;Hidráulica;Delantera;Sí;N/A;N/A;N/A;N/A;N/A;N/A;N/A;N/A;N/A;N/A;N/A;N/A;N/A;N/A;N/A;N/A;N/A;N/A;N/A;N/A;N/A;N/A;N/A;N/A;"2620 mm";"1.6 L";"50 L";N/A;N/A;N/A;N/A;N/A;N/A;N/A;N/A;N/A;N/A;N/A;N/A;N/A;N/A;N/A;N/A;N/A;N/A;N/A;N/A;N/A;N/A;N/A;N/A;N/A;N/A;N/A;N/A;N/A;N/A;N/A;N/A;N/A;N/A;Sí;Sí;Sí;N/A;N/A;N/A;N/A;N/A;N/A;N/A;N/A;N/A;"1590 mm";"4295 mm";N/A;N/A;N/A;N/A;5;"118 hp";Advance;N/A;4;"1760 mm";N/A;N/A;N/A;N/A;N/A;N/A;N/A;N/A;N/A;N/A;N/A;N/A;N/A;N/A;N/A;N/A;N/A;N/A;5;1.6;Nafta;Automática;SUV;"Autos y camionetas";N/A;N/A;N/A;N/A;N/A;N/A;UY;N/A;N/A;N/A;N/A;N/A;N/A;N/A;N/A;N/A;N/A;N/A;N/A;N/A;N/A;N/A;N/A;N/A;N/A;N/A;N/A;N/A;N/A;N/A;N/A;N/A;N/A;N/A;N/A;N/A;N/A;N/A;N/A;N/A;N/A;N/A;N/A;N/A;N/A;N/A;N/A;N/A;N/A;N/A;N/A;N/A;N/A;N/A;N/A;N/A;N/A;N/A;N/A;N/A;N/A;N/A;N/A;N/A;N/A;N/A;N/A;N/A;N/A;N/A;N/A;N/A;N/A;N/A;N/A;N/A;N/A;N/A;N/A;N/A;N/A;N/A;N/A;N/A;N/A;N/A;N/A;N/A;N/A;N/A;N/A;N/A;N/A;N/A;N/A;N/A;Sí;N/A;Sí;N/A;N/A;N/A;N/A;N/A;N/A;Sí;N/A;N/A;N/A;N/A;N/A;N/A;Sí;N/A;Sí;N/A;N/A;N/A;N/A;Sí;N/A;Sí
Nissan;Frontier;"LE 2.5 4x4 np300";2019;"120000 km";;FP26;39500;;;;;"Pan de Azúcar";https://auto.mercadolibre.com.uy/MLU-635353235-nissan-frontier-le-25-4x4-np300-_JM;N/A;;"Nissan Frontier Le 2.5 4x4 Np300";USD;Sí;free;false;N/A;N/A;http://perfil.mercadolibre.com.uy/FP26;active;N/A;N/A;Usado;N/A;N/A;N/A;N/A;N/A;N/A;N/A;N/A;N/A;N/A;N/A;N/A;N/A;N/A;N/A;N/A;N/A;N/A;N/A;N/A;N/A;N/A;N/A;N/A;N/A;N/A;N/A;N/A;N/A;N/A;N/A;N/A;N/A;N/A;N/A;N/A;N/A;N/A;N/A;N/A;N/A;N/A;N/A;N/A;N/A;N/A;N/A;N/A;N/A;N/A;N/A;N/A;N/A;N/A;N/A;N/A;N/A;N/A;N/A;N/A;N/A;N/A;N/A;N/A;N/A;N/A;N/A;N/A;N/A;N/A;N/A;N/A;N/A;N/A;N/A;N/A;N/A;N/A;N/A;N/A;N/A;N/A;N/A;N/A;N/A;N/A;N/A;N/A;N/A;N/A;N/A;N/A;N/A;N/A;N/A;N/A;N/A;N/A;N/A;N/A;N/A;N/A;N/A;N/A;N/A;N/A;N/A;N/A;4;N/A;Diésel;N/A;N/A;"Autos y camionetas";N/A;N/A;N/A;N/A;N/A;N/A;N/A;N/A;N/A;N/A;N/A;N/A;N/A;N/A;N/A;N/A;N/A;N/A;N/A;N/A;N/A;N/A;N/A;N/A;N/A;N/A;N/A;N/A;N/A;N/A;N/A;N/A;N/A;N/A;N/A;N/A;N/A;N/A;N/A;N/A;N/A;N/A;N/A;N/A;N/A;N/A;N/A;N/A;N/A;N/A;N/A;N/A;N/A;N/A;N/A;N/A;N/A;N/A;N/A;N/A;N/A;N/A;N/A;N/A;N/A;N/A;N/A;N/A;N/A;N/A;N/A;N/A;N/A;N/A;N/A;N/A;N/A;N/A;N/A;N/A;N/A;N/A;N/A;N/A;N/A;N/A;N/A;N/A;N/A;N/A;N/A;N/A;N/A;N/A;N/A;N/A;N/A;N/A;N/A;N/A;N/A;N/A;N/A;N/A;N/A;N/A;N/A;N/A;N/A;N/A;N/A;N/A;N/A;N/A;N/A;N/A;N/A;N/A;N/A;N/A;N/A;N/A
Nissan;Versa;"1.6 Exclusive At";2021;"39400 km";;ROMANDANIEL20231203104954;24400;;;;;"Nuevo París";https://auto.mercadolibre.com.uy/MLU-635390995-nissan-versa-2021-16-exclusive-at-_JM;N/A;;"Nissan Versa 2021 1.6 Exclusive At";usd;Sí;free;false;N/A;N/A;http://perfil.mercadolibre.com.uy/ROMANDANIEL20231203104954;active;N/A;N/A;Usado;N/A;N/A;Hidráulica;Delantera;Sí;N/A;N/A;N/A;Sí;N/A;N/A;N/A;Sí;N/A;N/A;N/A;N/A;N/A;N/A;N/A;N/A;N/A;N/A;N/A;N/A;N/A;N/A;N/A;N/A;"2600 mm";"1.6 L";"41 L";4;N/A;N/A;N/A;N/A;N/A;N/A;N/A;N/A;N/A;N/A;N/A;N/A;N/A;N/A;N/A;N/A;N/A;N/A;N/A;N/A;N/A;N/A;N/A;N/A;N/A;N/A;N/A;N/A;N/A;N/A;N/A;N/A;N/A;Sí;Sí;N/A;N/A;N/A;N/A;N/A;N/A;N/A;N/A;N/A;N/A;"1506 mm";"4465 mm";N/A;N/A;N/A;N/A;5;"106 hp";Exclusive;N/A;4;"1695 mm";N/A;N/A;N/A;N/A;N/A;N/A;N/A;Sí;N/A;N/A;N/A;N/A;N/A;N/A;N/A;N/A;N/A;N/A;4;1.6;Nafta;Automática;Sedán;"Autos y camionetas";N/A;N/A;N/A;N/A;N/A;N/A;UY;N/A;N/A;N/A;N/A;N/A;N/A;N/A;N/A;N/A;N/A;N/A;N/A;N/A;N/A;N/A;N/A;N/A;N/A;N/A;N/A;N/A;N/A;N/A;N/A;N/A;N/A;N/A;N/A;N/A;N/A;N/A;N/A;N/A;N/A;N/A;N/A;N/A;N/A;N/A;N/A;N/A;N/A;N/A;N/A;N/A;N/A;N/A;N/A;N/A;N/A;N/A;N/A;N/A;N/A;N/A;N/A;N/A;N/A;N/A;N/A;N/A;N/A;N/A;N/A;N/A;N/A;N/A;N/A;N/A;N/A;N/A;N/A;N/A;N/A;N/A;N/A;N/A;N/A;N/A;N/A;N/A;N/A;N/A;N/A;N/A;N/A;N/A;N/A;N/A;Sí;N/A;Sí;N/A;N/A;N/A;N/A;Sí;N/A;Sí;N/A;N/A;N/A;N/A;N/A;N/A;Sí;N/A;Sí;N/A;N/A;N/A;N/A;Sí;N/A;N/A
Nissan;Frontier;"2.4 Le 4x4 Mt";2013;"190000 km";;MADI7104035;15500;;;;;"Tres Cruces";https://auto.mercadolibre.com.uy/MLU-665924234-nissan-frontier-2013-24-le-4x4-mt-_JM;N/A;;"Nissan Frontier 2013 2.4 Le 4x4 Mt";usd;Sí;free;false;N/A;N/A;http://perfil.mercadolibre.com.uy/MADI7104035;active;N/A;N/A;Usado;N/A;N/A;Hidráulica;4x4;Sí;N/A;N/A;N/A;N/A;N/A;N/A;N/A;N/A;N/A;N/A;N/A;N/A;N/A;N/A;N/A;N/A;N/A;N/A;N/A;N/A;N/A;N/A;N/A;N/A;"2950 mm";"2.4 L";"75 L";N/A;N/A;N/A;N/A;N/A;N/A;N/A;N/A;N/A;N/A;N/A;N/A;N/A;N/A;N/A;N/A;N/A;N/A;N/A;N/A;N/A;N/A;N/A;N/A;N/A;N/A;N/A;N/A;N/A;N/A;N/A;N/A;N/A;N/A;N/A;N/A;N/A;N/A;N/A;N/A;N/A;N/A;N/A;N/A;N/A;N/A;"1720 mm";"5010 mm";N/A;N/A;N/A;N/A;N/A;N/A;Le;N/A;N/A;"1820 mm";N/A;N/A;N/A;N/A;N/A;N/A;N/A;N/A;N/A;N/A;N/A;N/A;N/A;N/A;N/A;N/A;N/A;N/A;2;2.4;Nafta;Manual;Pick-Up;"Autos y camionetas";N/A;N/A;N/A;N/A;N/A;N/A;UY;N/A;N/A;N/A;N/A;N/A;N/A;N/A;N/A;N/A;N/A;N/A;N/A;N/A;N/A;N/A;N/A;N/A;N/A;N/A;N/A;N/A;N/A;N/A;N/A;N/A;N/A;N/A;N/A;N/A;N/A;N/A;N/A;N/A;N/A;N/A;N/A;N/A;N/A;N/A;N/A;N/A;N/A;N/A;N/A;N/A;N/A;N/A;N/A;N/A;N/A;N/A;N/A;N/A;N/A;N/A;N/A;N/A;N/A;N/A;N/A;N/A;N/A;N/A;N/A;N/A;N/A;N/A;N/A;N/A;N/A;N/A;N/A;N/A;N/A;N/A;N/A;N/A;N/A;N/A;N/A;N/A;N/A;N/A;N/A;N/A;N/A;N/A;N/A;N/A;Sí;N/A;N/A;N/A;N/A;N/A;N/A;N/A;N/A;N/A;N/A;N/A;N/A;N/A;N/A;N/A;N/A;N/A;Sí;N/A;N/A;N/A;N/A;N/A;N/A;N/A
Nissan;Sentra;"1.8 Exclusive Navi At";2014;"115000 km";;PABLOZUCCOTTI;14500;;;;;"La Paz";https://auto.mercadolibre.com.uy/MLU-665950122-nissan-sentra-2014-18-exclusive-navi-at-_JM;N/A;;"Nissan Sentra 2014 1.8 Exclusive Navi At";usd;Sí;free;false;N/A;N/A;http://perfil.mercadolibre.com.uy/PABLOZUCCOTTI;active;N/A;N/A;Usado;N/A;N/A;Hidráulica;Delantera;Sí;N/A;N/A;N/A;Sí;N/A;N/A;N/A;N/A;N/A;N/A;N/A;N/A;N/A;N/A;N/A;N/A;N/A;N/A;N/A;N/A;N/A;N/A;N/A;N/A;"2700 mm";"1.8 L";"52 L";N/A;N/A;N/A;N/A;N/A;N/A;N/A;N/A;N/A;N/A;N/A;N/A;N/A;N/A;N/A;N/A;N/A;N/A;N/A;N/A;N/A;N/A;N/A;N/A;N/A;N/A;N/A;N/A;N/A;N/A;N/A;N/A;N/A;N/A;N/A;N/A;N/A;N/A;N/A;N/A;N/A;N/A;N/A;N/A;N/A;N/A;"1505 mm";"4625 mm";N/A;N/A;N/A;N/A;5;N/A;Exclusive;N/A;N/A;"1760 mm";N/A;N/A;N/A;N/A;N/A;N/A;N/A;N/A;N/A;N/A;N/A;N/A;N/A;N/A;N/A;N/A;N/A;N/A;4;1.8;Nafta;Automática;Sedán;"Autos y camionetas";N/A;N/A;N/A;N/A;N/A;N/A;UY;N/A;N/A;N/A;N/A;N/A;N/A;N/A;N/A;N/A;N/A;N/A;N/A;N/A;N/A;N/A;N/A;N/A;N/A;N/A;N/A;N/A;N/A;N/A;N/A;N/A;N/A;N/A;N/A;N/A;N/A;N/A;N/A;N/A;N/A;N/A;N/A;N/A;N/A;N/A;N/A;N/A;N/A;N/A;N/A;N/A;N/A;N/A;N/A;N/A;N/A;N/A;N/A;N/A;N/A;N/A;N/A;N/A;N/A;N/A;N/A;N/A;N/A;N/A;N/A;N/A;N/A;N/A;N/A;N/A;N/A;N/A;N/A;N/A;N/A;N/A;N/A;N/A;N/A;N/A;N/A;N/A;N/A;N/A;N/A;N/A;N/A;N/A;N/A;N/A;Sí;N/A;N/A;N/A;N/A;N/A;N/A;N/A;N/A;N/A;N/A;N/A;N/A;N/A;N/A;N/A;N/A;N/A;Sí;N/A;N/A;N/A;N/A;N/A;N/A;N/A
Nissan;X-Terra;"4X2 Full";2011;"128000 km";;MERRY975;14000;;;;;"Malvin Norte";https://auto.mercadolibre.com.uy/MLU-665410244-nissan-xterra-4x2-full-_JM;N/A;;"Nissan Xterra 4x2 Full";USD;Sí;free;false;N/A;N/A;http://perfil.mercadolibre.com.uy/MERRY975;active;N/A;N/A;Usado;N/A;N/A;N/A;N/A;N/A;N/A;N/A;N/A;N/A;N/A;N/A;N/A;N/A;N/A;N/A;N/A;N/A;N/A;N/A;N/A;N/A;N/A;N/A;N/A;N/A;N/A;N/A;N/A;N/A;N/A;N/A;N/A;N/A;N/A;N/A;N/A;N/A;N/A;N/A;N/A;N/A;N/A;N/A;N/A;N/A;N/A;N/A;N/A;N/A;N/A;N/A;N/A;N/A;N/A;N/A;N/A;N/A;N/A;N/A;N/A;N/A;N/A;N/A;N/A;N/A;N/A;N/A;N/A;N/A;N/A;N/A;N/A;N/A;N/A;N/A;N/A;N/A;N/A;N/A;N/A;N/A;N/A;N/A;N/A;N/A;N/A;N/A;N/A;N/A;N/A;N/A;N/A;N/A;N/A;N/A;N/A;N/A;N/A;N/A;N/A;N/A;N/A;N/A;N/A;N/A;N/A;N/A;N/A;5;N/A;Nafta;N/A;N/A;"Autos y camionetas";N/A;N/A;N/A;N/A;N/A;N/A;N/A;N/A;N/A;N/A;N/A;N/A;N/A;N/A;N/A;N/A;N/A;N/A;N/A;N/A;N/A;N/A;N/A;N/A;N/A;N/A;N/A;N/A;N/A;N/A;N/A;N/A;N/A;N/A;N/A;N/A;N/A;N/A;N/A;N/A;N/A;N/A;N/A;N/A;N/A;N/A;N/A;N/A;N/A;N/A;N/A;N/A;N/A;N/A;N/A;N/A;N/A;N/A;N/A;N/A;N/A;N/A;N/A;N/A;N/A;N/A;N/A;N/A;N/A;N/A;N/A;N/A;N/A;N/A;N/A;N/A;N/A;N/A;N/A;N/A;N/A;N/A;N/A;N/A;N/A;N/A;N/A;N/A;N/A;N/A;N/A;N/A;N/A;N/A;N/A;N/A;N/A;N/A;N/A;N/A;N/A;N/A;N/A;N/A;N/A;N/A;N/A;N/A;N/A;N/A;N/A;N/A;N/A;N/A;N/A;N/A;N/A;N/A;N/A;N/A;N/A;N/A
Nissan;"D21 King Cab";"Nissan D21 King Cab";2000;"123234 km";;PAMELACLAVIJO;12700;;;;;"Las Piedras";https://auto.mercadolibre.com.uy/MLU-664700302-nissan-d21-king-cab-nissan-d21-king-cab-_JM;N/A;;"Nissan D21 King Cab Nissan D21 King Cab";USD;No;free;false;N/A;N/A;http://perfil.mercadolibre.com.uy/PAMELACLAVIJO;active;N/A;N/A;Usado;N/A;N/A;N/A;N/A;N/A;N/A;N/A;N/A;N/A;N/A;N/A;N/A;N/A;N/A;N/A;N/A;N/A;N/A;N/A;N/A;N/A;N/A;N/A;N/A;N/A;N/A;N/A;N/A;N/A;N/A;N/A;N/A;N/A;N/A;N/A;N/A;N/A;N/A;N/A;N/A;N/A;N/A;N/A;N/A;N/A;N/A;N/A;N/A;N/A;N/A;N/A;N/A;N/A;N/A;N/A;N/A;N/A;N/A;N/A;N/A;N/A;N/A;N/A;N/A;N/A;N/A;N/A;N/A;N/A;N/A;N/A;N/A;N/A;N/A;N/A;N/A;N/A;N/A;N/A;N/A;N/A;N/A;N/A;N/A;N/A;N/A;N/A;N/A;N/A;N/A;N/A;N/A;N/A;N/A;N/A;N/A;N/A;N/A;N/A;N/A;N/A;N/A;N/A;N/A;N/A;N/A;N/A;N/A;2;N/A;Nafta;N/A;N/A;"Autos y camionetas";N/A;N/A;N/A;N/A;N/A;N/A;N/A;N/A;N/A;N/A;N/A;N/A;N/A;N/A;N/A;N/A;N/A;N/A;N/A;N/A;N/A;N/A;N/A;N/A;N/A;N/A;N/A;N/A;N/A;N/A;N/A;N/A;N/A;N/A;N/A;N/A;N/A;N/A;N/A;N/A;N/A;N/A;N/A;N/A;N/A;N/A;N/A;N/A;N/A;N/A;N/A;N/A;N/A;N/A;N/A;N/A;N/A;N/A;N/A;N/A;N/A;N/A;N/A;N/A;N/A;N/A;N/A;N/A;N/A;N/A;N/A;N/A;N/A;N/A;N/A;N/A;N/A;N/A;N/A;N/A;N/A;N/A;N/A;N/A;N/A;N/A;N/A;N/A;N/A;N/A;N/A;N/A;N/A;N/A;N/A;N/A;N/A;N/A;N/A;N/A;N/A;N/A;N/A;N/A;N/A;N/A;N/A;N/A;N/A;N/A;N/A;N/A;N/A;N/A;N/A;N/A;N/A;N/A;N/A;N/A;N/A;N/A
Nissan;Frontier;"2.5 turbo";2014;"267000 km";;LUCIAGALETTA;16500;;;;;Paysandú;https://auto.mercadolibre.com.uy/MLU-664054500-nissan-frontier-25-turbo-_JM;N/A;;"Nissan Frontier 2.5 Turbo";USD;Sí;free;false;N/A;N/A;http://perfil.mercadolibre.com.uy/LUCIAGALETTA;active;N/A;N/A;Usado;N/A;N/A;N/A;N/A;N/A;N/A;N/A;N/A;N/A;N/A;N/A;N/A;N/A;N/A;N/A;N/A;N/A;N/A;N/A;N/A;N/A;N/A;N/A;N/A;N/A;N/A;N/A;N/A;N/A;N/A;N/A;N/A;N/A;N/A;N/A;N/A;N/A;N/A;N/A;N/A;N/A;N/A;N/A;N/A;N/A;N/A;N/A;N/A;N/A;N/A;N/A;N/A;N/A;N/A;N/A;N/A;N/A;N/A;N/A;N/A;N/A;N/A;N/A;N/A;N/A;N/A;N/A;N/A;N/A;N/A;N/A;N/A;N/A;N/A;N/A;N/A;N/A;N/A;N/A;N/A;N/A;N/A;N/A;N/A;N/A;N/A;N/A;N/A;N/A;N/A;N/A;N/A;N/A;N/A;N/A;N/A;N/A;N/A;N/A;N/A;N/A;N/A;N/A;N/A;N/A;N/A;N/A;N/A;4;N/A;Diésel;N/A;N/A;"Autos y camionetas";N/A;N/A;N/A;N/A;N/A;N/A;N/A;N/A;N/A;N/A;N/A;N/A;N/A;N/A;N/A;N/A;N/A;N/A;N/A;N/A;N/A;N/A;N/A;N/A;N/A;N/A;N/A;N/A;N/A;N/A;N/A;N/A;N/A;N/A;N/A;N/A;N/A;N/A;N/A;N/A;N/A;N/A;N/A;N/A;N/A;N/A;N/A;N/A;N/A;N/A;N/A;N/A;N/A;N/A;N/A;N/A;N/A;N/A;N/A;N/A;N/A;N/A;N/A;N/A;N/A;N/A;N/A;N/A;N/A;N/A;N/A;N/A;N/A;N/A;N/A;N/A;N/A;N/A;N/A;N/A;N/A;N/A;N/A;N/A;N/A;N/A;N/A;N/A;N/A;N/A;N/A;N/A;N/A;N/A;N/A;N/A;N/A;N/A;N/A;N/A;N/A;N/A;N/A;N/A;N/A;N/A;N/A;N/A;N/A;N/A;N/A;N/A;N/A;N/A;N/A;N/A;N/A;N/A;N/A;N/A;N/A;N/A
Nissan;"D22 Frontier";"Doble Cabina";2002;"317500 km";;GORO448147;14500;;;;;"San Carlos";https://auto.mercadolibre.com.uy/MLU-664956536-nissan-np300-frontier-doble-cabina-_JM;N/A;;"Nissan Np300 Frontier Doble Cabina ";USD;No;free;false;N/A;N/A;http://perfil.mercadolibre.com.uy/GORO448147;active;N/A;N/A;Usado;N/A;N/A;N/A;N/A;N/A;N/A;N/A;N/A;N/A;N/A;N/A;N/A;N/A;N/A;N/A;N/A;N/A;N/A;N/A;N/A;N/A;N/A;N/A;N/A;N/A;N/A;N/A;N/A;N/A;N/A;N/A;N/A;N/A;N/A;N/A;N/A;N/A;N/A;N/A;N/A;N/A;N/A;N/A;N/A;N/A;N/A;N/A;N/A;N/A;N/A;N/A;N/A;N/A;N/A;N/A;N/A;N/A;N/A;N/A;N/A;N/A;N/A;N/A;N/A;N/A;N/A;N/A;N/A;N/A;N/A;N/A;N/A;N/A;N/A;N/A;N/A;N/A;N/A;N/A;N/A;N/A;N/A;N/A;N/A;N/A;N/A;N/A;N/A;N/A;N/A;N/A;N/A;N/A;N/A;N/A;N/A;N/A;N/A;N/A;N/A;N/A;N/A;N/A;N/A;N/A;N/A;N/A;N/A;4;N/A;Diésel;N/A;N/A;"Autos y camionetas";N/A;N/A;N/A;N/A;N/A;N/A;N/A;N/A;N/A;N/A;N/A;N/A;N/A;N/A;N/A;N/A;N/A;N/A;N/A;N/A;N/A;N/A;N/A;N/A;N/A;N/A;N/A;N/A;N/A;N/A;N/A;N/A;N/A;N/A;N/A;N/A;N/A;N/A;N/A;N/A;N/A;N/A;N/A;N/A;N/A;N/A;N/A;N/A;N/A;N/A;N/A;N/A;N/A;N/A;N/A;N/A;N/A;N/A;N/A;N/A;N/A;N/A;N/A;N/A;N/A;N/A;N/A;N/A;N/A;N/A;N/A;N/A;N/A;N/A;N/A;N/A;N/A;N/A;N/A;N/A;N/A;N/A;N/A;N/A;N/A;N/A;N/A;N/A;N/A;N/A;N/A;N/A;N/A;N/A;N/A;N/A;N/A;N/A;N/A;N/A;N/A;N/A;N/A;N/A;N/A;N/A;N/A;N/A;N/A;N/A;N/A;N/A;N/A;N/A;N/A;N/A;N/A;N/A;N/A;N/A;N/A;N/A
Nissan;Trade;"Furgón con vidrios";1998;"111111 km";;PALILLO792;120000;;;;;"Villa Española";https://auto.mercadolibre.com.uy/MLU-664089800-nissan-trade-94-diesel-furgon-con-vidrios-_JM;N/A;;"Nissan Trade 94 Diésel Furgón Con Vidrios";UYU;No;free;false;N/A;N/A;http://perfil.mercadolibre.com.uy/PALILLO792;active;N/A;N/A;Usado;Blanco;N/A;Hidráulica;Trasera;N/A;N/A;N/A;N/A;N/A;N/A;N/A;N/A;N/A;N/A;N/A;N/A;N/A;N/A;N/A;N/A;N/A;N/A;N/A;N/A;N/A;N/A;N/A;N/A;N/A;N/A;N/A;N/A;N/A;N/A;N/A;N/A;N/A;N/A;N/A;N/A;N/A;N/A;N/A;N/A;N/A;N/A;N/A;N/A;N/A;N/A;N/A;N/A;N/A;N/A;N/A;N/A;N/A;N/A;N/A;N/A;N/A;N/A;N/A;N/A;N/A;N/A;N/A;N/A;N/A;N/A;N/A;N/A;N/A;N/A;N/A;N/A;N/A;N/A;N/A;N/A;N/A;N/A;N/A;N/A;N/A;N/A;N/A;N/A;N/A;N/A;N/A;N/A;N/A;N/A;N/A;N/A;N/A;N/A;N/A;N/A;N/A;N/A;N/A;N/A;N/A;N/A;N/A;"de 9 am a 9 pm";5;2.8;Diésel;Manual;Furgón;"Autos y camionetas";N/A;N/A;N/A;N/A;N/A;N/A;N/A;N/A;N/A;N/A;N/A;N/A;N/A;N/A;N/A;N/A;N/A;N/A;N/A;N/A;N/A;N/A;N/A;N/A;N/A;N/A;N/A;N/A;N/A;N/A;N/A;N/A;N/A;N/A;N/A;N/A;N/A;N/A;N/A;N/A;N/A;N/A;N/A;N/A;N/A;N/A;N/A;N/A;N/A;N/A;N/A;N/A;N/A;N/A;N/A;N/A;N/A;N/A;N/A;N/A;N/A;N/A;N/A;N/A;N/A;N/A;N/A;N/A;N/A;N/A;N/A;N/A;N/A;N/A;N/A;N/A;N/A;N/A;N/A;N/A;N/A;N/A;N/A;N/A;N/A;N/A;N/A;N/A;N/A;N/A;N/A;N/A;N/A;N/A;N/A;N/A;N/A;N/A;N/A;N/A;N/A;N/A;N/A;N/A;N/A;N/A;N/A;N/A;N/A;N/A;N/A;N/A;N/A;N/A;N/A;N/A;N/A;N/A;N/A;N/A;N/A;N/A
Nissan;Sunny;"B12 1.6";1998;"111111 km";;MIFE5686132;3500;;;;;"Brazo Oriental";https://auto.mercadolibre.com.uy/MLU-635381393-nissan-sunny-b12-16-_JM;N/A;;"Nissan Sunny  B12 1.6 ";USD;Sí;free;false;N/A;N/A;http://perfil.mercadolibre.com.uy/MIFE5686132;active;N/A;N/A;Usado;N/A;N/A;N/A;N/A;N/A;N/A;N/A;N/A;N/A;N/A;N/A;N/A;N/A;N/A;N/A;N/A;N/A;N/A;N/A;N/A;N/A;N/A;N/A;N/A;N/A;N/A;N/A;N/A;N/A;N/A;N/A;N/A;N/A;N/A;N/A;N/A;N/A;N/A;N/A;N/A;N/A;N/A;N/A;N/A;N/A;N/A;N/A;N/A;N/A;N/A;N/A;N/A;N/A;N/A;N/A;N/A;N/A;N/A;N/A;N/A;N/A;N/A;N/A;N/A;N/A;N/A;N/A;N/A;N/A;N/A;N/A;N/A;N/A;N/A;N/A;N/A;N/A;N/A;N/A;N/A;N/A;N/A;N/A;N/A;N/A;N/A;N/A;N/A;N/A;N/A;N/A;N/A;N/A;N/A;N/A;N/A;N/A;N/A;N/A;N/A;N/A;N/A;N/A;N/A;N/A;N/A;N/A;N/A;4;N/A;Nafta;N/A;N/A;"Autos y camionetas";N/A;N/A;N/A;N/A;N/A;N/A;N/A;N/A;N/A;N/A;N/A;N/A;N/A;N/A;N/A;N/A;N/A;N/A;N/A;N/A;N/A;N/A;N/A;N/A;N/A;N/A;N/A;N/A;N/A;N/A;N/A;N/A;N/A;N/A;N/A;N/A;N/A;N/A;N/A;N/A;N/A;N/A;N/A;N/A;N/A;N/A;N/A;N/A;N/A;N/A;N/A;N/A;N/A;N/A;N/A;N/A;N/A;N/A;N/A;N/A;N/A;N/A;N/A;N/A;N/A;N/A;N/A;N/A;N/A;N/A;N/A;N/A;N/A;N/A;N/A;N/A;N/A;N/A;N/A;N/A;N/A;N/A;N/A;N/A;N/A;N/A;N/A;N/A;N/A;N/A;N/A;N/A;N/A;N/A;N/A;N/A;N/A;N/A;N/A;N/A;N/A;N/A;N/A;N/A;N/A;N/A;N/A;N/A;N/A;N/A;N/A;N/A;N/A;N/A;N/A;N/A;N/A;N/A;N/A;N/A;N/A;N/A
Nissan;X-Terra;"Camioneta cabina ext";2004;"111111 km";;NYBIAPRIZ;13000;;;;;Rocha;https://auto.mercadolibre.com.uy/MLU-665460352-nissan-xterra-camioneta-cabina-ext-_JM;N/A;;"Nissan Xterra Camioneta Cabina Ext";USD;No;free;false;N/A;N/A;http://perfil.mercadolibre.com.uy/NYBIAPRIZ;active;N/A;N/A;Usado;N/A;N/A;N/A;N/A;N/A;N/A;N/A;N/A;N/A;N/A;N/A;N/A;N/A;N/A;N/A;N/A;N/A;N/A;N/A;N/A;N/A;N/A;N/A;N/A;N/A;N/A;N/A;N/A;N/A;N/A;N/A;N/A;N/A;N/A;N/A;N/A;N/A;N/A;N/A;N/A;N/A;N/A;N/A;N/A;N/A;N/A;N/A;N/A;N/A;N/A;N/A;N/A;N/A;N/A;N/A;N/A;N/A;N/A;N/A;N/A;N/A;N/A;N/A;N/A;N/A;N/A;N/A;N/A;N/A;N/A;N/A;N/A;N/A;N/A;N/A;N/A;N/A;N/A;N/A;N/A;N/A;N/A;N/A;N/A;N/A;N/A;N/A;N/A;N/A;N/A;N/A;N/A;N/A;N/A;N/A;N/A;N/A;N/A;N/A;N/A;N/A;N/A;N/A;N/A;N/A;N/A;N/A;N/A;5;N/A;Nafta;N/A;N/A;"Autos y camionetas";N/A;N/A;N/A;N/A;N/A;N/A;N/A;N/A;N/A;N/A;N/A;N/A;N/A;N/A;N/A;N/A;N/A;N/A;N/A;N/A;N/A;N/A;N/A;N/A;N/A;N/A;N/A;N/A;N/A;N/A;N/A;N/A;N/A;N/A;N/A;N/A;N/A;N/A;N/A;N/A;N/A;N/A;N/A;N/A;N/A;N/A;N/A;N/A;N/A;N/A;N/A;N/A;N/A;N/A;N/A;N/A;N/A;N/A;N/A;N/A;N/A;N/A;N/A;N/A;N/A;N/A;N/A;N/A;N/A;N/A;N/A;N/A;N/A;N/A;N/A;N/A;N/A;N/A;N/A;N/A;N/A;N/A;N/A;N/A;N/A;N/A;N/A;N/A;N/A;N/A;N/A;N/A;N/A;N/A;N/A;N/A;N/A;N/A;N/A;N/A;N/A;N/A;N/A;N/A;N/A;N/A;N/A;N/A;N/A;N/A;N/A;N/A;N/A;N/A;N/A;N/A;N/A;N/A;N/A;N/A;N/A;N/A
Nissan;Tiida;"1.8 Emotion At";2011;"120000 km";;QUAN5799876;10800;;;;;"Parque Batlle";https://auto.mercadolibre.com.uy/MLU-665387260-nissan-tiida-2011-18-emotion-at-_JM;N/A;;"Nissan Tiida 2011 1.8 Emotion At";usd;Sí;free;false;N/A;N/A;http://perfil.mercadolibre.com.uy/QUAN5799876;active;N/A;N/A;Usado;N/A;N/A;Hidráulica;Delantera;Sí;N/A;N/A;N/A;N/A;N/A;N/A;N/A;N/A;N/A;N/A;N/A;N/A;N/A;N/A;N/A;N/A;N/A;N/A;N/A;N/A;N/A;N/A;N/A;N/A;"2600 mm";"1.8 L";"52 L";N/A;N/A;N/A;N/A;N/A;N/A;N/A;N/A;N/A;N/A;N/A;N/A;N/A;N/A;N/A;N/A;N/A;N/A;N/A;N/A;N/A;N/A;N/A;N/A;N/A;N/A;N/A;N/A;N/A;N/A;N/A;N/A;N/A;N/A;N/A;N/A;N/A;N/A;N/A;N/A;N/A;N/A;N/A;N/A;N/A;N/A;"1548 mm";"4297 mm";N/A;N/A;N/A;N/A;N/A;N/A;Emotion;N/A;N/A;"1695 mm";N/A;N/A;N/A;N/A;N/A;N/A;N/A;N/A;N/A;N/A;N/A;N/A;N/A;N/A;N/A;N/A;N/A;N/A;5;1.8;Nafta;Automática;Hatchback;"Autos y camionetas";N/A;N/A;N/A;N/A;N/A;N/A;UY;N/A;N/A;N/A;N/A;N/A;N/A;N/A;N/A;N/A;N/A;N/A;N/A;N/A;N/A;N/A;N/A;N/A;N/A;N/A;N/A;N/A;N/A;N/A;N/A;N/A;N/A;N/A;N/A;N/A;N/A;N/A;N/A;N/A;N/A;N/A;N/A;N/A;N/A;N/A;N/A;N/A;N/A;N/A;N/A;N/A;N/A;N/A;N/A;N/A;N/A;N/A;N/A;N/A;N/A;N/A;N/A;N/A;N/A;N/A;N/A;N/A;N/A;N/A;N/A;N/A;N/A;N/A;N/A;N/A;N/A;N/A;N/A;N/A;N/A;N/A;N/A;N/A;N/A;N/A;N/A;N/A;N/A;N/A;N/A;N/A;N/A;N/A;N/A;N/A;Sí;N/A;N/A;N/A;N/A;N/A;N/A;N/A;N/A;N/A;N/A;N/A;N/A;N/A;N/A;N/A;N/A;N/A;Sí;N/A;N/A;N/A;N/A;N/A;N/A;N/A
Nissan;Versa;"versa 1.6";2018;"144000 km";;RORU3692584;12800;;;;;"Fray Bentos";https://auto.mercadolibre.com.uy/MLU-635423619-nissan-versa-versa-16-_JM;N/A;;"Nissan Versa Versa 1.6";USD;Sí;free;false;N/A;N/A;http://perfil.mercadolibre.com.uy/RORU3692584;active;N/A;N/A;Usado;N/A;N/A;N/A;N/A;N/A;N/A;N/A;N/A;N/A;N/A;N/A;N/A;N/A;N/A;N/A;N/A;N/A;N/A;N/A;N/A;N/A;N/A;N/A;N/A;N/A;N/A;N/A;N/A;N/A;N/A;N/A;N/A;N/A;N/A;N/A;N/A;N/A;N/A;N/A;N/A;N/A;N/A;N/A;N/A;N/A;N/A;N/A;N/A;N/A;N/A;N/A;N/A;N/A;N/A;N/A;N/A;N/A;N/A;N/A;N/A;N/A;N/A;N/A;N/A;N/A;N/A;N/A;N/A;N/A;N/A;N/A;N/A;N/A;N/A;N/A;N/A;N/A;N/A;N/A;N/A;N/A;N/A;N/A;N/A;N/A;N/A;N/A;N/A;N/A;N/A;N/A;N/A;N/A;N/A;N/A;N/A;N/A;N/A;N/A;N/A;N/A;N/A;N/A;N/A;N/A;N/A;N/A;N/A;5;N/A;Nafta;N/A;N/A;"Autos y camionetas";N/A;N/A;N/A;N/A;N/A;N/A;N/A;N/A;N/A;N/A;N/A;N/A;N/A;N/A;N/A;N/A;N/A;N/A;N/A;N/A;N/A;N/A;N/A;N/A;N/A;N/A;N/A;N/A;N/A;N/A;N/A;N/A;N/A;N/A;N/A;N/A;N/A;N/A;N/A;N/A;N/A;N/A;N/A;N/A;N/A;N/A;N/A;N/A;N/A;N/A;N/A;N/A;N/A;N/A;N/A;N/A;N/A;N/A;N/A;N/A;N/A;N/A;N/A;N/A;N/A;N/A;N/A;N/A;N/A;N/A;N/A;N/A;N/A;N/A;N/A;N/A;N/A;N/A;N/A;N/A;N/A;N/A;N/A;N/A;N/A;N/A;N/A;N/A;N/A;N/A;N/A;N/A;N/A;N/A;N/A;N/A;N/A;N/A;N/A;N/A;N/A;N/A;N/A;N/A;N/A;N/A;N/A;N/A;N/A;N/A;N/A;N/A;N/A;N/A;N/A;N/A;N/A;N/A;N/A;N/A;N/A;N/A
Nissan;"NP300 Frontier";"Nissan Frontier Crew Cab Le 5vel 4x2 Mt";2012;"223000 km";;ALEXANDERDLSP17;10990;;;;;Salto;https://auto.mercadolibre.com.uy/MLU-635423417-nissan-frontier-np-300-24-ano-2012-_JM;N/A;;"Nissan Frontier Np 300 2.4 Año 2012";USD;Sí;free;false;N/A;N/A;http://perfil.mercadolibre.com.uy/ALEXANDERDLSP17;active;N/A;N/A;Usado;Blanco;N/A;Hidráulica;4x2;Sí;N/A;N/A;N/A;N/A;N/A;N/A;N/A;No;N/A;N/A;N/A;N/A;N/A;N/A;N/A;N/A;N/A;N/A;N/A;N/A;N/A;N/A;N/A;N/A;N/A;N/A;N/A;N/A;N/A;N/A;N/A;N/A;N/A;N/A;N/A;N/A;N/A;N/A;N/A;N/A;N/A;N/A;N/A;N/A;N/A;N/A;N/A;N/A;N/A;N/A;N/A;N/A;N/A;N/A;N/A;N/A;N/A;N/A;N/A;N/A;N/A;N/A;N/A;N/A;N/A;N/A;N/A;N/A;N/A;N/A;N/A;N/A;N/A;N/A;N/A;N/A;N/A;N/A;N/A;N/A;N/A;N/A;N/A;N/A;N/A;N/A;No;N/A;Sí;Sí;N/A;No;No;N/A;N/A;N/A;N/A;N/A;Sí;N/A;N/A;Sí;"11 a 24";5;2.4;Nafta;Manual;Pick-Up;"Autos y camionetas";N/A;N/A;N/A;N/A;N/A;N/A;N/A;N/A;N/A;N/A;N/A;N/A;N/A;N/A;N/A;N/A;N/A;N/A;N/A;N/A;N/A;N/A;N/A;N/A;N/A;N/A;N/A;N/A;N/A;N/A;N/A;N/A;N/A;N/A;N/A;N/A;N/A;N/A;N/A;N/A;N/A;N/A;N/A;N/A;N/A;N/A;N/A;N/A;N/A;N/A;N/A;N/A;N/A;N/A;N/A;N/A;N/A;N/A;N/A;N/A;N/A;N/A;Sí;N/A;N/A;N/A;N/A;N/A;N/A;N/A;N/A;N/A;N/A;N/A;N/A;N/A;N/A;N/A;N/A;N/A;N/A;N/A;N/A;N/A;N/A;N/A;N/A;N/A;N/A;N/A;N/A;N/A;N/A;N/A;N/A;N/A;N/A;N/A;N/A;N/A;Sí;N/A;N/A;N/A;N/A;Sí;N/A;N/A;Sí;N/A;N/A;N/A;N/A;N/A;Sí;Sí;Sí;N/A;N/A;N/A;N/A;Sí
Nissan;Frontier;"Le 4X2";2021;"91500 km";;JUA_ROSTAGNOL;38500;;;;;"Colonia del Sacramento";https://auto.mercadolibre.com.uy/MLU-635423135-nissan-frontier-le-4x2-_JM;N/A;;"Nissan Frontier Le 4x2";USD;Sí;free;false;N/A;N/A;http://perfil.mercadolibre.com.uy/JUA_ROSTAGNOL;active;N/A;N/A;Usado;N/A;N/A;N/A;N/A;N/A;N/A;N/A;N/A;N/A;N/A;N/A;N/A;N/A;N/A;N/A;N/A;N/A;N/A;N/A;N/A;N/A;N/A;N/A;N/A;N/A;N/A;N/A;N/A;N/A;N/A;N/A;N/A;N/A;N/A;N/A;N/A;N/A;N/A;N/A;N/A;N/A;N/A;N/A;N/A;N/A;N/A;N/A;N/A;N/A;N/A;N/A;N/A;N/A;N/A;N/A;N/A;N/A;N/A;N/A;N/A;N/A;N/A;N/A;N/A;N/A;N/A;N/A;N/A;N/A;N/A;N/A;N/A;N/A;N/A;N/A;N/A;N/A;N/A;N/A;N/A;N/A;N/A;N/A;N/A;N/A;N/A;N/A;N/A;N/A;N/A;N/A;N/A;N/A;N/A;N/A;N/A;N/A;N/A;N/A;N/A;N/A;N/A;N/A;N/A;N/A;N/A;N/A;N/A;4;N/A;Diésel;N/A;N/A;"Autos y camionetas";N/A;N/A;N/A;N/A;N/A;N/A;N/A;N/A;N/A;N/A;N/A;N/A;N/A;N/A;N/A;N/A;N/A;N/A;N/A;N/A;N/A;N/A;N/A;N/A;N/A;N/A;N/A;N/A;N/A;N/A;N/A;N/A;N/A;N/A;N/A;N/A;N/A;N/A;N/A;N/A;N/A;N/A;N/A;N/A;N/A;N/A;N/A;N/A;N/A;N/A;N/A;N/A;N/A;N/A;N/A;N/A;N/A;N/A;N/A;N/A;N/A;N/A;N/A;N/A;N/A;N/A;N/A;N/A;N/A;N/A;N/A;N/A;N/A;N/A;N/A;N/A;N/A;N/A;N/A;N/A;N/A;N/A;N/A;N/A;N/A;N/A;N/A;N/A;N/A;N/A;N/A;N/A;N/A;N/A;N/A;N/A;N/A;N/A;N/A;N/A;N/A;N/A;N/A;N/A;N/A;N/A;N/A;N/A;N/A;N/A;N/A;N/A;N/A;N/A;N/A;N/A;N/A;N/A;N/A;N/A;N/A;N/A
Nissan;"TD 27 4x4";1993;2024;"111 km";;AMIASSORHO;555;;;;;"Sarandí Grande";https://auto.mercadolibre.com.uy/MLU-666223568-nissan-td-27-4x4-1993-_JM;N/A;;"Nissan Td 27 4x4 1993";USD;Sí;free;false;N/A;N/A;http://perfil.mercadolibre.com.uy/AMIASSORHO;active;N/A;N/A;Usado;N/A;N/A;N/A;N/A;N/A;N/A;N/A;N/A;N/A;N/A;N/A;N/A;N/A;N/A;N/A;N/A;N/A;N/A;N/A;N/A;N/A;N/A;N/A;N/A;N/A;N/A;N/A;N/A;N/A;N/A;N/A;N/A;N/A;N/A;N/A;N/A;N/A;N/A;N/A;N/A;N/A;N/A;N/A;N/A;N/A;N/A;N/A;N/A;N/A;N/A;N/A;N/A;N/A;N/A;N/A;N/A;N/A;N/A;N/A;N/A;N/A;N/A;N/A;N/A;N/A;N/A;N/A;N/A;N/A;N/A;N/A;N/A;N/A;N/A;N/A;N/A;N/A;N/A;N/A;N/A;N/A;N/A;N/A;N/A;N/A;N/A;N/A;N/A;N/A;N/A;N/A;N/A;N/A;N/A;N/A;N/A;N/A;N/A;N/A;N/A;N/A;N/A;N/A;N/A;N/A;N/A;N/A;N/A;4;N/A;Diésel;N/A;N/A;"Autos y camionetas";N/A;N/A;N/A;N/A;N/A;N/A;N/A;N/A;N/A;N/A;N/A;N/A;N/A;N/A;N/A;N/A;N/A;N/A;N/A;N/A;N/A;N/A;N/A;N/A;N/A;N/A;N/A;N/A;N/A;N/A;N/A;N/A;N/A;N/A;N/A;N/A;N/A;N/A;N/A;N/A;N/A;N/A;N/A;N/A;N/A;N/A;N/A;N/A;N/A;N/A;N/A;N/A;N/A;N/A;N/A;N/A;N/A;N/A;N/A;N/A;N/A;N/A;N/A;N/A;N/A;N/A;N/A;N/A;N/A;N/A;N/A;N/A;N/A;N/A;N/A;N/A;N/A;N/A;N/A;N/A;N/A;N/A;N/A;N/A;N/A;N/A;N/A;N/A;N/A;N/A;N/A;N/A;N/A;N/A;N/A;N/A;N/A;N/A;N/A;N/A;N/A;N/A;N/A;N/A;N/A;N/A;N/A;N/A;N/A;N/A;N/A;N/A;N/A;N/A;N/A;N/A;N/A;N/A;N/A;N/A;N/A;N/A
Nissan;Vanetee;Furgon;1998;"140000 km";;CHDA5654416;200000;;;;;Neptunia;https://auto.mercadolibre.com.uy/MLU-666199574-nissan-vanetee-furgon-_JM;N/A;;"Nissan Vanetee Furgon";UYU;No;free;false;N/A;N/A;http://perfil.mercadolibre.com.uy/CHDA5654416;active;N/A;N/A;Usado;N/A;N/A;N/A;N/A;N/A;N/A;N/A;N/A;N/A;N/A;N/A;N/A;N/A;N/A;N/A;N/A;N/A;N/A;N/A;N/A;N/A;N/A;N/A;N/A;N/A;N/A;N/A;N/A;N/A;N/A;N/A;N/A;N/A;N/A;N/A;N/A;N/A;N/A;N/A;N/A;N/A;N/A;N/A;N/A;N/A;N/A;N/A;N/A;N/A;N/A;N/A;N/A;N/A;N/A;N/A;N/A;N/A;N/A;N/A;N/A;N/A;N/A;N/A;N/A;N/A;N/A;N/A;N/A;N/A;N/A;N/A;N/A;N/A;N/A;N/A;N/A;N/A;N/A;N/A;N/A;N/A;N/A;N/A;N/A;N/A;N/A;N/A;N/A;N/A;N/A;N/A;N/A;N/A;N/A;N/A;N/A;N/A;N/A;N/A;N/A;N/A;N/A;N/A;N/A;N/A;N/A;N/A;N/A;5;N/A;Nafta;N/A;N/A;"Autos y camionetas";N/A;N/A;N/A;N/A;N/A;N/A;N/A;N/A;N/A;N/A;N/A;N/A;N/A;N/A;N/A;N/A;N/A;N/A;N/A;N/A;N/A;N/A;N/A;N/A;N/A;N/A;N/A;N/A;N/A;N/A;N/A;N/A;N/A;N/A;N/A;N/A;N/A;N/A;N/A;N/A;N/A;N/A;N/A;N/A;N/A;N/A;N/A;N/A;N/A;N/A;N/A;N/A;N/A;N/A;N/A;N/A;N/A;N/A;N/A;N/A;N/A;N/A;N/A;N/A;N/A;N/A;N/A;N/A;N/A;N/A;N/A;N/A;N/A;N/A;N/A;N/A;N/A;N/A;N/A;N/A;N/A;N/A;N/A;N/A;N/A;N/A;N/A;N/A;N/A;N/A;N/A;N/A;N/A;N/A;N/A;N/A;N/A;N/A;N/A;N/A;N/A;N/A;N/A;N/A;N/A;N/A;N/A;N/A;N/A;N/A;N/A;N/A;N/A;N/A;N/A;N/A;N/A;N/A;N/A;N/A;N/A;N/A
Nissan;D-21;2.7;1999;"300000 km";;GIVA9390159;12900;;;;;Marindia;https://auto.mercadolibre.com.uy/MLU-665403470-nissan-d21-27-_JM;N/A;;"Nissan D21 2.7";USD;No;free;false;N/A;N/A;http://perfil.mercadolibre.com.uy/GIVA9390159;active;N/A;N/A;Usado;N/A;N/A;N/A;N/A;N/A;N/A;N/A;N/A;N/A;N/A;N/A;N/A;N/A;N/A;N/A;N/A;N/A;N/A;N/A;N/A;N/A;N/A;N/A;N/A;N/A;N/A;N/A;N/A;N/A;N/A;N/A;N/A;N/A;N/A;N/A;N/A;N/A;N/A;N/A;N/A;N/A;N/A;N/A;N/A;N/A;N/A;N/A;N/A;N/A;N/A;N/A;N/A;N/A;N/A;N/A;N/A;N/A;N/A;N/A;N/A;N/A;N/A;N/A;N/A;N/A;N/A;N/A;N/A;N/A;N/A;N/A;N/A;N/A;N/A;N/A;N/A;N/A;N/A;N/A;N/A;N/A;N/A;N/A;N/A;N/A;N/A;N/A;N/A;N/A;N/A;N/A;N/A;N/A;N/A;N/A;N/A;N/A;N/A;N/A;N/A;N/A;N/A;N/A;N/A;N/A;N/A;N/A;N/A;4;N/A;Diésel;N/A;N/A;"Autos y camionetas";N/A;N/A;N/A;N/A;N/A;N/A;N/A;N/A;N/A;N/A;N/A;N/A;N/A;N/A;N/A;N/A;N/A;N/A;N/A;N/A;N/A;N/A;N/A;N/A;N/A;N/A;N/A;N/A;N/A;N/A;N/A;N/A;N/A;N/A;N/A;N/A;N/A;N/A;N/A;N/A;N/A;N/A;N/A;N/A;N/A;N/A;N/A;N/A;N/A;N/A;N/A;N/A;N/A;N/A;N/A;N/A;N/A;N/A;N/A;N/A;N/A;N/A;N/A;N/A;N/A;N/A;N/A;N/A;N/A;N/A;N/A;N/A;N/A;N/A;N/A;N/A;N/A;N/A;N/A;N/A;N/A;N/A;N/A;N/A;N/A;N/A;N/A;N/A;N/A;N/A;N/A;N/A;N/A;N/A;N/A;N/A;N/A;N/A;N/A;N/A;N/A;N/A;N/A;N/A;N/A;N/A;N/A;N/A;N/A;N/A;N/A;N/A;N/A;N/A;N/A;N/A;N/A;N/A;N/A;N/A;N/A;N/A
Nissan;March;"1.6 Advance Mt";2018;"30000 km";;DESKO.;15890;;;;;"Ciudad de la Costa";https://auto.mercadolibre.com.uy/MLU-665332960-nissan-march-2018-16-advance-mt-_JM;N/A;;"Nissan March 2018 1.6 Advance Mt";usd;Sí;free;false;N/A;N/A;http://perfil.mercadolibre.com.uy/DESKO.;active;N/A;N/A;Usado;N/A;N/A;Hidráulica;Delantera;Sí;N/A;N/A;N/A;N/A;N/A;N/A;N/A;N/A;N/A;N/A;N/A;N/A;N/A;N/A;N/A;N/A;N/A;N/A;N/A;N/A;N/A;N/A;N/A;N/A;"2450 mm";"1.6 L";"41 L";5;N/A;N/A;N/A;N/A;N/A;N/A;N/A;N/A;N/A;N/A;N/A;N/A;N/A;N/A;N/A;N/A;N/A;N/A;N/A;N/A;N/A;N/A;N/A;N/A;N/A;N/A;N/A;N/A;N/A;N/A;N/A;N/A;N/A;Sí;Sí;N/A;N/A;N/A;N/A;N/A;N/A;N/A;N/A;N/A;N/A;"1532 mm";"3827 mm";N/A;N/A;N/A;N/A;5;"106 hp";Advance;N/A;4;"1665 mm";N/A;N/A;N/A;N/A;N/A;N/A;N/A;Sí;N/A;N/A;N/A;N/A;N/A;N/A;N/A;N/A;N/A;N/A;5;1.6;Nafta;Manual;Hatchback;"Autos y camionetas";N/A;N/A;N/A;N/A;N/A;N/A;UY;N/A;N/A;N/A;N/A;N/A;N/A;N/A;N/A;N/A;N/A;N/A;N/A;N/A;N/A;N/A;N/A;N/A;N/A;N/A;N/A;N/A;N/A;N/A;N/A;N/A;N/A;N/A;N/A;N/A;N/A;N/A;N/A;N/A;N/A;N/A;N/A;N/A;N/A;N/A;N/A;N/A;N/A;N/A;N/A;N/A;N/A;N/A;N/A;N/A;N/A;N/A;N/A;N/A;N/A;N/A;N/A;N/A;N/A;N/A;N/A;N/A;N/A;N/A;N/A;N/A;N/A;N/A;N/A;N/A;N/A;N/A;N/A;N/A;N/A;N/A;N/A;N/A;N/A;N/A;N/A;N/A;N/A;N/A;N/A;N/A;N/A;N/A;N/A;N/A;Sí;N/A;Sí;N/A;N/A;N/A;N/A;Sí;N/A;Sí;N/A;N/A;N/A;N/A;N/A;N/A;Sí;N/A;Sí;N/A;N/A;N/A;N/A;Sí;N/A;Sí
Nissan;Kicks;"1.6 Advance Cvt";2017;"95189 km";;RESCU;17500;;;;;"Punta del Este";https://auto.mercadolibre.com.uy/MLU-635197563-nissan-kicks-2017-16-advance-cvt-_JM;N/A;;"Nissan Kicks 2017 1.6 Advance Cvt";usd;Sí;free;false;N/A;N/A;http://perfil.mercadolibre.com.uy/RESCU;active;N/A;N/A;Usado;N/A;N/A;Hidráulica;Delantera;Sí;N/A;N/A;N/A;N/A;N/A;N/A;N/A;N/A;N/A;N/A;N/A;N/A;N/A;N/A;N/A;N/A;N/A;N/A;N/A;N/A;N/A;N/A;N/A;N/A;"2620 mm";"1.6 L";"50 L";N/A;N/A;N/A;N/A;N/A;N/A;N/A;N/A;N/A;N/A;N/A;N/A;N/A;N/A;N/A;N/A;N/A;N/A;N/A;N/A;N/A;N/A;N/A;N/A;N/A;N/A;N/A;N/A;N/A;N/A;N/A;N/A;N/A;N/A;Sí;Sí;Sí;N/A;N/A;N/A;N/A;N/A;N/A;N/A;N/A;N/A;"1590 mm";"4295 mm";N/A;N/A;N/A;N/A;5;"118 hp";Advance;N/A;4;"1760 mm";N/A;N/A;N/A;N/A;N/A;N/A;N/A;N/A;N/A;N/A;N/A;N/A;N/A;N/A;N/A;N/A;N/A;N/A;5;1.6;Nafta;Automática;SUV;"Autos y camionetas";N/A;N/A;N/A;N/A;N/A;N/A;UY;N/A;N/A;N/A;N/A;N/A;N/A;N/A;N/A;N/A;N/A;N/A;N/A;N/A;N/A;N/A;N/A;N/A;N/A;N/A;N/A;N/A;N/A;N/A;N/A;N/A;N/A;N/A;N/A;N/A;N/A;N/A;N/A;N/A;N/A;N/A;N/A;N/A;N/A;N/A;N/A;N/A;N/A;N/A;N/A;N/A;N/A;N/A;N/A;N/A;N/A;N/A;N/A;N/A;N/A;N/A;N/A;N/A;N/A;N/A;N/A;N/A;N/A;N/A;N/A;N/A;N/A;N/A;N/A;N/A;N/A;N/A;N/A;N/A;N/A;N/A;N/A;N/A;N/A;N/A;N/A;N/A;N/A;N/A;N/A;N/A;N/A;N/A;N/A;N/A;Sí;N/A;Sí;N/A;N/A;N/A;N/A;N/A;N/A;Sí;N/A;N/A;N/A;N/A;N/A;N/A;Sí;N/A;Sí;N/A;N/A;N/A;N/A;Sí;N/A;Sí
Nissan;Kicks;"1.6 Exclusive At";2019;"54000 km";;GIO_FUS;24000;;;;;Canelones;https://auto.mercadolibre.com.uy/MLU-634980897-nissan-kicks-2019-16-exclusive-at-_JM;N/A;;"Nissan Kicks 2019 1.6 Exclusive At";usd;Sí;free;false;N/A;N/A;http://perfil.mercadolibre.com.uy/GIO_FUS;active;N/A;N/A;Usado;N/A;N/A;Hidráulica;Delantera;Sí;N/A;N/A;N/A;N/A;N/A;N/A;N/A;Sí;N/A;N/A;N/A;N/A;N/A;N/A;N/A;N/A;N/A;N/A;N/A;N/A;N/A;N/A;N/A;N/A;"2620 mm";"1.6 L";"50 L";N/A;N/A;N/A;N/A;N/A;N/A;N/A;N/A;N/A;N/A;N/A;N/A;N/A;N/A;N/A;N/A;N/A;N/A;N/A;N/A;N/A;N/A;N/A;N/A;N/A;N/A;N/A;N/A;N/A;N/A;N/A;N/A;N/A;N/A;Sí;Sí;N/A;N/A;Sí;N/A;N/A;N/A;N/A;N/A;N/A;N/A;"1590 mm";"4295 mm";N/A;N/A;N/A;N/A;5;"118 hp";Exclusive;N/A;4;"1760 mm";N/A;N/A;N/A;N/A;N/A;N/A;N/A;N/A;N/A;N/A;N/A;N/A;N/A;N/A;N/A;N/A;N/A;N/A;5;1.6;Nafta;Automática;SUV;"Autos y camionetas";N/A;N/A;N/A;N/A;N/A;N/A;UY;N/A;N/A;N/A;N/A;N/A;N/A;N/A;N/A;N/A;N/A;N/A;N/A;N/A;N/A;N/A;N/A;N/A;N/A;N/A;N/A;N/A;N/A;N/A;N/A;N/A;N/A;N/A;N/A;N/A;N/A;N/A;N/A;N/A;N/A;N/A;N/A;N/A;N/A;N/A;N/A;N/A;N/A;N/A;N/A;N/A;N/A;N/A;N/A;N/A;N/A;N/A;N/A;N/A;N/A;N/A;N/A;N/A;N/A;N/A;N/A;N/A;N/A;N/A;N/A;N/A;N/A;N/A;N/A;N/A;N/A;N/A;N/A;N/A;N/A;N/A;N/A;N/A;N/A;N/A;N/A;N/A;N/A;N/A;N/A;N/A;N/A;N/A;N/A;N/A;Sí;N/A;Sí;N/A;N/A;N/A;N/A;N/A;N/A;Sí;N/A;N/A;N/A;N/A;N/A;Sí;Sí;N/A;Sí;N/A;N/A;N/A;N/A;Sí;N/A;Sí
Nissan;Tiida;"1.8 Emotion Mt";2012;"160000 km";;LOPETESTA;9990;;;;;Malvin;https://auto.mercadolibre.com.uy/MLU-664254592-nissan-tiida-2012-18-emotion-mt-_JM;N/A;;"Nissan Tiida 2012 1.8 Emotion Mt";usd;Sí;free;false;N/A;N/A;http://perfil.mercadolibre.com.uy/LOPETESTA;active;N/A;N/A;Usado;N/A;N/A;Hidráulica;Delantera;Sí;N/A;N/A;N/A;N/A;N/A;N/A;N/A;N/A;N/A;N/A;N/A;N/A;N/A;N/A;N/A;N/A;N/A;N/A;N/A;N/A;N/A;N/A;N/A;N/A;"2600 mm";"1.8 L";"52 L";N/A;N/A;N/A;N/A;N/A;N/A;N/A;N/A;N/A;N/A;N/A;N/A;N/A;N/A;N/A;N/A;N/A;N/A;N/A;N/A;N/A;N/A;N/A;N/A;N/A;N/A;N/A;N/A;N/A;N/A;N/A;N/A;N/A;N/A;N/A;N/A;N/A;N/A;N/A;N/A;N/A;N/A;N/A;N/A;N/A;N/A;"1548 mm";"4297 mm";N/A;N/A;N/A;N/A;N/A;N/A;Emotion;N/A;N/A;"1695 mm";N/A;N/A;N/A;N/A;N/A;N/A;N/A;N/A;N/A;N/A;N/A;N/A;N/A;N/A;N/A;N/A;N/A;N/A;5;1.8;Nafta;Manual;Hatchback;"Autos y camionetas";N/A;N/A;N/A;N/A;N/A;N/A;UY;N/A;N/A;N/A;N/A;N/A;N/A;N/A;N/A;N/A;N/A;N/A;N/A;N/A;N/A;N/A;N/A;N/A;N/A;N/A;N/A;N/A;N/A;N/A;N/A;N/A;N/A;N/A;N/A;N/A;N/A;N/A;N/A;N/A;N/A;N/A;N/A;N/A;N/A;N/A;N/A;N/A;N/A;N/A;N/A;N/A;N/A;N/A;N/A;N/A;N/A;N/A;N/A;N/A;N/A;N/A;N/A;N/A;N/A;N/A;N/A;N/A;N/A;N/A;N/A;N/A;N/A;N/A;N/A;N/A;N/A;N/A;N/A;N/A;N/A;N/A;N/A;N/A;N/A;N/A;N/A;N/A;N/A;N/A;N/A;N/A;N/A;N/A;N/A;N/A;Sí;N/A;N/A;N/A;N/A;N/A;N/A;N/A;N/A;N/A;N/A;N/A;N/A;N/A;N/A;N/A;N/A;N/A;Sí;N/A;N/A;N/A;N/A;N/A;N/A;N/A
Nissan;Sentra;"Gst Tipico Aa At";1998;"235000 km";;ALEJANDROMONTIEL14;4700;;;;;"Las Piedras";https://auto.mercadolibre.com.uy/MLU-634797745-nissan-sentra-1998-gst-tipico-aa-at-_JM;N/A;;"Nissan Sentra 1998 Gst Tipico Aa At";usd;Sí;free;false;N/A;N/A;http://perfil.mercadolibre.com.uy/ALEJANDROMONTIEL14;active;N/A;N/A;Usado;N/A;N/A;Hidráulica;Delantera;Sí;N/A;N/A;N/A;N/A;N/A;N/A;N/A;N/A;N/A;N/A;N/A;N/A;N/A;N/A;N/A;N/A;N/A;N/A;N/A;N/A;N/A;N/A;N/A;N/A;N/A;"1.6 L";N/A;N/A;N/A;N/A;N/A;N/A;N/A;N/A;N/A;N/A;N/A;N/A;N/A;N/A;N/A;N/A;N/A;N/A;N/A;N/A;N/A;N/A;N/A;N/A;N/A;N/A;N/A;N/A;N/A;N/A;N/A;N/A;N/A;N/A;N/A;N/A;N/A;N/A;N/A;N/A;N/A;N/A;N/A;N/A;N/A;N/A;N/A;N/A;N/A;N/A;N/A;N/A;N/A;N/A;N/A;Gst;N/A;N/A;N/A;N/A;N/A;N/A;N/A;N/A;N/A;N/A;N/A;N/A;N/A;N/A;N/A;N/A;N/A;N/A;N/A;N/A;N/A;4;1.6;Nafta;Automática;Coupé;"Autos y camionetas";N/A;N/A;N/A;N/A;N/A;N/A;UY;N/A;N/A;N/A;N/A;N/A;N/A;N/A;N/A;N/A;N/A;N/A;N/A;N/A;N/A;N/A;N/A;N/A;N/A;N/A;N/A;N/A;N/A;N/A;N/A;N/A;N/A;N/A;N/A;N/A;N/A;N/A;N/A;N/A;N/A;N/A;N/A;N/A;N/A;N/A;N/A;N/A;N/A;N/A;N/A;N/A;N/A;N/A;N/A;N/A;N/A;N/A;N/A;N/A;N/A;N/A;N/A;N/A;N/A;N/A;N/A;N/A;N/A;N/A;N/A;N/A;N/A;N/A;N/A;N/A;N/A;N/A;N/A;N/A;N/A;N/A;N/A;N/A;N/A;N/A;N/A;N/A;N/A;N/A;N/A;N/A;N/A;N/A;N/A;N/A;Sí;N/A;N/A;N/A;N/A;N/A;N/A;N/A;N/A;N/A;N/A;N/A;N/A;N/A;N/A;N/A;N/A;N/A;Sí;N/A;N/A;N/A;N/A;N/A;N/A;N/A
Nissan;Kicks;"1.6 Exclusive At";2018;"103000 km";;CAGA2837634;19900;;;;;Malvin;https://auto.mercadolibre.com.uy/MLU-635296291-nissan-kicks-2018-16-exclusive-at-_JM;N/A;;"Nissan Kicks 2018 1.6 Exclusive At";usd;Sí;free;false;N/A;N/A;http://perfil.mercadolibre.com.uy/CAGA2837634;active;N/A;N/A;Usado;N/A;N/A;Hidráulica;Delantera;Sí;N/A;N/A;N/A;N/A;N/A;N/A;N/A;Sí;N/A;N/A;N/A;N/A;N/A;N/A;N/A;N/A;N/A;N/A;N/A;N/A;N/A;N/A;N/A;N/A;"2620 mm";"1.6 L";"50 L";N/A;N/A;N/A;N/A;N/A;N/A;N/A;N/A;N/A;N/A;N/A;N/A;N/A;N/A;N/A;N/A;N/A;N/A;N/A;N/A;N/A;N/A;N/A;N/A;N/A;N/A;N/A;N/A;N/A;N/A;N/A;N/A;N/A;N/A;Sí;Sí;N/A;N/A;Sí;N/A;N/A;N/A;N/A;N/A;N/A;N/A;"1590 mm";"4295 mm";N/A;N/A;N/A;N/A;5;"118 hp";Exclusive;N/A;4;"1760 mm";N/A;N/A;N/A;N/A;N/A;N/A;N/A;N/A;N/A;N/A;N/A;N/A;N/A;N/A;N/A;N/A;N/A;N/A;5;1.6;Nafta;Automática;SUV;"Autos y camionetas";N/A;N/A;N/A;N/A;N/A;N/A;UY;N/A;N/A;N/A;N/A;N/A;N/A;N/A;N/A;N/A;N/A;N/A;N/A;N/A;N/A;N/A;N/A;N/A;N/A;N/A;N/A;N/A;N/A;N/A;N/A;N/A;N/A;N/A;N/A;N/A;N/A;N/A;N/A;N/A;N/A;N/A;N/A;N/A;N/A;N/A;N/A;N/A;N/A;N/A;N/A;N/A;N/A;N/A;N/A;N/A;N/A;N/A;N/A;N/A;N/A;N/A;N/A;N/A;N/A;N/A;N/A;N/A;N/A;N/A;N/A;N/A;N/A;N/A;N/A;N/A;N/A;N/A;N/A;N/A;N/A;N/A;N/A;N/A;N/A;N/A;N/A;N/A;N/A;N/A;N/A;N/A;N/A;N/A;N/A;N/A;Sí;N/A;Sí;N/A;N/A;N/A;N/A;N/A;N/A;Sí;N/A;N/A;N/A;N/A;N/A;Sí;Sí;N/A;Sí;N/A;N/A;N/A;N/A;Sí;N/A;Sí
Nissan;Versa;"1.6 Sense Mt";2015;"142000 km";;SOME8370591;11000;;;;;Melo;https://auto.mercadolibre.com.uy/MLU-664156144-nissan-versa-16-manual-sedan-_JM;N/A;;"Nissan Versa 1.6 Manual Sedan";usd;Sí;free;false;N/A;N/A;http://perfil.mercadolibre.com.uy/SOME8370591;active;N/A;N/A;Usado;N/A;N/A;Hidráulica;Delantera;Sí;N/A;N/A;N/A;N/A;N/A;N/A;N/A;N/A;N/A;N/A;N/A;N/A;N/A;N/A;N/A;N/A;N/A;N/A;N/A;N/A;N/A;N/A;N/A;N/A;"2600 mm";"1.6 L";"41 L";N/A;N/A;N/A;N/A;N/A;N/A;N/A;N/A;N/A;N/A;N/A;N/A;N/A;N/A;N/A;N/A;N/A;N/A;N/A;N/A;N/A;N/A;N/A;N/A;N/A;N/A;N/A;N/A;N/A;N/A;N/A;N/A;N/A;N/A;N/A;N/A;N/A;N/A;N/A;N/A;N/A;N/A;N/A;N/A;N/A;N/A;"1506 mm";"4492 mm";N/A;N/A;N/A;N/A;5;N/A;Sense;N/A;N/A;"1695 mm";N/A;N/A;N/A;N/A;N/A;N/A;N/A;N/A;N/A;N/A;N/A;N/A;N/A;N/A;N/A;N/A;N/A;N/A;4;1.6;Nafta;Manual;Sedán;"Autos y camionetas";N/A;N/A;N/A;N/A;N/A;N/A;UY;N/A;N/A;N/A;N/A;N/A;N/A;N/A;N/A;N/A;N/A;N/A;N/A;N/A;N/A;N/A;N/A;N/A;N/A;N/A;N/A;N/A;N/A;N/A;N/A;N/A;N/A;N/A;N/A;N/A;N/A;N/A;N/A;N/A;N/A;N/A;N/A;N/A;N/A;N/A;N/A;N/A;N/A;N/A;N/A;N/A;N/A;N/A;N/A;N/A;N/A;N/A;N/A;N/A;N/A;N/A;N/A;N/A;N/A;N/A;N/A;N/A;N/A;N/A;N/A;N/A;N/A;N/A;N/A;N/A;N/A;N/A;N/A;N/A;N/A;N/A;N/A;N/A;N/A;N/A;N/A;N/A;N/A;N/A;N/A;N/A;N/A;N/A;N/A;N/A;Sí;N/A;N/A;N/A;N/A;N/A;N/A;N/A;N/A;N/A;N/A;N/A;N/A;N/A;N/A;N/A;N/A;N/A;Sí;N/A;N/A;N/A;N/A;N/A;N/A;N/A
Nissan;Sentra;"1.8 Advance At";2014;"140000 km";;PIFE199847;13900;;;;;"Ciudad del Plata";https://auto.mercadolibre.com.uy/MLU-634757427-nissan-sentra-2014-18-advance-at-_JM;N/A;;"Nissan Sentra 2014 1.8 Advance At";usd;Sí;free;false;N/A;N/A;http://perfil.mercadolibre.com.uy/PIFE199847;active;N/A;N/A;Usado;N/A;N/A;Hidráulica;Delantera;Sí;N/A;N/A;N/A;N/A;N/A;N/A;N/A;N/A;N/A;N/A;N/A;N/A;N/A;N/A;N/A;N/A;N/A;N/A;N/A;N/A;N/A;N/A;N/A;N/A;"2700 mm";"1.8 L";"52 L";N/A;N/A;N/A;N/A;N/A;N/A;N/A;N/A;N/A;N/A;N/A;N/A;N/A;N/A;N/A;N/A;N/A;N/A;N/A;N/A;N/A;N/A;N/A;N/A;N/A;N/A;N/A;N/A;N/A;N/A;N/A;N/A;N/A;N/A;N/A;N/A;N/A;N/A;N/A;N/A;N/A;N/A;N/A;N/A;N/A;N/A;"1505 mm";"4625 mm";N/A;N/A;N/A;N/A;5;N/A;Advance;N/A;N/A;"1760 mm";N/A;N/A;N/A;N/A;N/A;N/A;N/A;N/A;N/A;N/A;N/A;N/A;N/A;N/A;N/A;N/A;N/A;N/A;4;1.8;Nafta;Automática;Sedán;"Autos y camionetas";N/A;N/A;N/A;N/A;N/A;N/A;UY;N/A;N/A;N/A;N/A;N/A;N/A;N/A;N/A;N/A;N/A;N/A;N/A;N/A;N/A;N/A;N/A;N/A;N/A;N/A;N/A;N/A;N/A;N/A;N/A;N/A;N/A;N/A;N/A;N/A;N/A;N/A;N/A;N/A;N/A;N/A;N/A;N/A;N/A;N/A;N/A;N/A;N/A;N/A;N/A;N/A;N/A;N/A;N/A;N/A;N/A;N/A;N/A;N/A;N/A;N/A;N/A;N/A;N/A;N/A;N/A;N/A;N/A;N/A;N/A;N/A;N/A;N/A;N/A;N/A;N/A;N/A;N/A;N/A;N/A;N/A;N/A;N/A;N/A;N/A;N/A;N/A;N/A;N/A;N/A;N/A;N/A;N/A;N/A;N/A;Sí;N/A;N/A;N/A;N/A;N/A;N/A;N/A;N/A;N/A;N/A;N/A;N/A;N/A;N/A;N/A;N/A;N/A;Sí;N/A;N/A;N/A;N/A;N/A;N/A;N/A
Nissan;Sentra;B13;1994;"111111 km";;CAMILA09P;2800;;;;;"San Carlos";https://auto.mercadolibre.com.uy/MLU-635244489-nissan-sentra-b13-_JM;N/A;;"Nissan Sentra B13";USD;Sí;free;false;N/A;N/A;http://perfil.mercadolibre.com.uy/CAMILA09P;active;N/A;N/A;Usado;N/A;N/A;N/A;N/A;N/A;N/A;N/A;N/A;N/A;N/A;N/A;N/A;N/A;N/A;N/A;N/A;N/A;N/A;N/A;N/A;N/A;N/A;N/A;N/A;N/A;N/A;N/A;N/A;N/A;N/A;N/A;N/A;N/A;N/A;N/A;N/A;N/A;N/A;N/A;N/A;N/A;N/A;N/A;N/A;N/A;N/A;N/A;N/A;N/A;N/A;N/A;N/A;N/A;N/A;N/A;N/A;N/A;N/A;N/A;N/A;N/A;N/A;N/A;N/A;N/A;N/A;N/A;N/A;N/A;N/A;N/A;N/A;N/A;N/A;N/A;N/A;N/A;N/A;N/A;N/A;N/A;N/A;N/A;N/A;N/A;N/A;N/A;N/A;N/A;N/A;N/A;N/A;N/A;N/A;N/A;N/A;N/A;N/A;N/A;N/A;N/A;N/A;N/A;N/A;N/A;N/A;N/A;N/A;5;N/A;Nafta;N/A;N/A;"Autos y camionetas";N/A;N/A;N/A;N/A;N/A;N/A;N/A;N/A;N/A;N/A;N/A;N/A;N/A;N/A;N/A;N/A;N/A;N/A;N/A;N/A;N/A;N/A;N/A;N/A;N/A;N/A;N/A;N/A;N/A;N/A;N/A;N/A;N/A;N/A;N/A;N/A;N/A;N/A;N/A;N/A;N/A;N/A;N/A;N/A;N/A;N/A;N/A;N/A;N/A;N/A;N/A;N/A;N/A;N/A;N/A;N/A;N/A;N/A;N/A;N/A;N/A;N/A;N/A;N/A;N/A;N/A;N/A;N/A;N/A;N/A;N/A;N/A;N/A;N/A;N/A;N/A;N/A;N/A;N/A;N/A;N/A;N/A;N/A;N/A;N/A;N/A;N/A;N/A;N/A;N/A;N/A;N/A;N/A;N/A;N/A;N/A;N/A;N/A;N/A;N/A;N/A;N/A;N/A;N/A;N/A;N/A;N/A;N/A;N/A;N/A;N/A;N/A;N/A;N/A;N/A;N/A;N/A;N/A;N/A;N/A;N/A;N/A
Nissan;Frontier;"D22 2.4";2011;"159000 km";;"EL RODOH";12500;;;;;"General Líber Seregni";https://auto.mercadolibre.com.uy/MLU-666010860-nissan-frontier-d22-24-_JM;N/A;;"Nissan Frontier D22 2.4 ";USD;Sí;free;false;N/A;N/A;http://perfil.mercadolibre.com.uy/EL+RODOH;active;N/A;N/A;Usado;N/A;N/A;N/A;N/A;N/A;N/A;N/A;N/A;N/A;N/A;N/A;N/A;N/A;N/A;N/A;N/A;N/A;N/A;N/A;N/A;N/A;N/A;N/A;N/A;N/A;N/A;N/A;N/A;N/A;N/A;N/A;N/A;N/A;N/A;N/A;N/A;N/A;N/A;N/A;N/A;N/A;N/A;N/A;N/A;N/A;N/A;N/A;N/A;N/A;N/A;N/A;N/A;N/A;N/A;N/A;N/A;N/A;N/A;N/A;N/A;N/A;N/A;N/A;N/A;N/A;N/A;N/A;N/A;N/A;N/A;N/A;N/A;N/A;N/A;N/A;N/A;N/A;N/A;N/A;N/A;N/A;N/A;N/A;N/A;N/A;N/A;N/A;N/A;N/A;N/A;N/A;N/A;N/A;N/A;N/A;N/A;N/A;N/A;N/A;N/A;N/A;N/A;N/A;N/A;N/A;N/A;N/A;N/A;4;N/A;Nafta;N/A;N/A;"Autos y camionetas";N/A;N/A;N/A;N/A;N/A;N/A;N/A;N/A;N/A;N/A;N/A;N/A;N/A;N/A;N/A;N/A;N/A;N/A;N/A;N/A;N/A;N/A;N/A;N/A;N/A;N/A;N/A;N/A;N/A;N/A;N/A;N/A;N/A;N/A;N/A;N/A;N/A;N/A;N/A;N/A;N/A;N/A;N/A;N/A;N/A;N/A;N/A;N/A;N/A;N/A;N/A;N/A;N/A;N/A;N/A;N/A;N/A;N/A;N/A;N/A;N/A;N/A;N/A;N/A;N/A;N/A;N/A;N/A;N/A;N/A;N/A;N/A;N/A;N/A;N/A;N/A;N/A;N/A;N/A;N/A;N/A;N/A;N/A;N/A;N/A;N/A;N/A;N/A;N/A;N/A;N/A;N/A;N/A;N/A;N/A;N/A;N/A;N/A;N/A;N/A;N/A;N/A;N/A;N/A;N/A;N/A;N/A;N/A;N/A;N/A;N/A;N/A;N/A;N/A;N/A;N/A;N/A;N/A;N/A;N/A;N/A;N/A
Nissan;Qashqai;Advance;2015;"126000 km";;2009BLJP;20500;;;;;Pocitos;https://auto.mercadolibre.com.uy/MLU-634812117-nissan-qashqai-_JM;N/A;;"Nissan Qashqai";USD;Sí;free;false;N/A;N/A;http://perfil.mercadolibre.com.uy/2009BLJP;active;N/A;N/A;Usado;Blanco;N/A;Asistida;4x2;Sí;Sí;N/A;N/A;N/A;Sí;N/A;N/A;N/A;N/A;N/A;N/A;Sí;N/A;N/A;N/A;N/A;N/A;N/A;N/A;N/A;N/A;N/A;N/A;N/A;N/A;N/A;N/A;N/A;N/A;N/A;N/A;N/A;N/A;N/A;N/A;N/A;N/A;N/A;N/A;N/A;N/A;N/A;N/A;N/A;N/A;N/A;N/A;N/A;N/A;N/A;N/A;N/A;N/A;N/A;N/A;N/A;N/A;N/A;N/A;N/A;N/A;N/A;N/A;N/A;N/A;N/A;N/A;N/A;N/A;N/A;N/A;N/A;N/A;N/A;N/A;N/A;N/A;N/A;N/A;N/A;N/A;N/A;N/A;N/A;N/A;N/A;N/A;N/A;N/A;Sí;N/A;Sí;Sí;N/A;N/A;N/A;N/A;N/A;N/A;N/A;N/A;N/A;N/A;5;2.0;Nafta;Automática;SUV;"Autos y camionetas";N/A;N/A;N/A;N/A;N/A;N/A;N/A;N/A;N/A;N/A;N/A;N/A;N/A;N/A;N/A;N/A;N/A;N/A;N/A;N/A;N/A;N/A;N/A;N/A;Sí;N/A;N/A;N/A;N/A;N/A;N/A;N/A;N/A;N/A;N/A;N/A;N/A;N/A;N/A;N/A;N/A;N/A;N/A;N/A;N/A;N/A;N/A;N/A;N/A;N/A;N/A;N/A;N/A;N/A;N/A;N/A;N/A;N/A;N/A;N/A;N/A;N/A;N/A;N/A;N/A;N/A;N/A;N/A;N/A;N/A;N/A;N/A;N/A;N/A;N/A;N/A;N/A;N/A;N/A;N/A;N/A;N/A;N/A;N/A;N/A;N/A;N/A;N/A;N/A;N/A;N/A;N/A;N/A;N/A;N/A;N/A;Sí;Sí;N/A;N/A;N/A;N/A;N/A;N/A;N/A;Sí;N/A;N/A;Sí;N/A;N/A;Sí;Sí;Sí;Sí;Sí;Sí;N/A;N/A;Sí;N/A;N/A
Nissan;"NP300 Frontier";"Le 4X2";2017;"130000 km";;RODRIGUEZALEJANDRO202306161228;29900;;;;;"Punta del Diablo";https://auto.mercadolibre.com.uy/MLU-635337715-nissan-np300-frontier-le-4x2-_JM;N/A;;"Nissan Np300 Frontier Le 4x2";USD;Sí;free;false;N/A;N/A;http://perfil.mercadolibre.com.uy/RODRIGUEZALEJANDRO202306161228;active;N/A;N/A;Usado;N/A;N/A;N/A;N/A;N/A;N/A;N/A;N/A;N/A;N/A;N/A;N/A;N/A;N/A;N/A;N/A;N/A;N/A;N/A;N/A;N/A;N/A;N/A;N/A;N/A;N/A;N/A;N/A;N/A;N/A;N/A;N/A;N/A;N/A;N/A;N/A;N/A;N/A;N/A;N/A;N/A;N/A;N/A;N/A;N/A;N/A;N/A;N/A;N/A;N/A;N/A;N/A;N/A;N/A;N/A;N/A;N/A;N/A;N/A;N/A;N/A;N/A;N/A;N/A;N/A;N/A;N/A;N/A;N/A;N/A;N/A;N/A;N/A;N/A;N/A;N/A;N/A;N/A;N/A;N/A;N/A;N/A;N/A;N/A;N/A;N/A;N/A;N/A;N/A;N/A;N/A;N/A;N/A;N/A;N/A;N/A;N/A;N/A;N/A;N/A;N/A;N/A;N/A;N/A;N/A;N/A;N/A;N/A;4;N/A;Diésel;N/A;N/A;"Autos y camionetas";N/A;N/A;N/A;N/A;N/A;N/A;N/A;N/A;N/A;N/A;N/A;N/A;N/A;N/A;N/A;N/A;N/A;N/A;N/A;N/A;N/A;N/A;N/A;N/A;N/A;N/A;N/A;N/A;N/A;N/A;N/A;N/A;N/A;N/A;N/A;N/A;N/A;N/A;N/A;N/A;N/A;N/A;N/A;N/A;N/A;N/A;N/A;N/A;N/A;N/A;N/A;N/A;N/A;N/A;N/A;N/A;N/A;N/A;N/A;N/A;N/A;N/A;N/A;N/A;N/A;N/A;N/A;N/A;N/A;N/A;N/A;N/A;N/A;N/A;N/A;N/A;N/A;N/A;N/A;N/A;N/A;N/A;N/A;N/A;N/A;N/A;N/A;N/A;N/A;N/A;N/A;N/A;N/A;N/A;N/A;N/A;N/A;N/A;N/A;N/A;N/A;N/A;N/A;N/A;N/A;N/A;N/A;N/A;N/A;N/A;N/A;N/A;N/A;N/A;N/A;N/A;N/A;N/A;N/A;N/A;N/A;N/A
Nissan;Kicks;"1.6 Exclusive At";2018;"47500 km";;PABLOCA83;25300;;;;;Malvin;https://auto.mercadolibre.com.uy/MLU-635419489-nissan-kicks-2018-16-exclusive-at-_JM;N/A;;"Nissan Kicks 2018 1.6 Exclusive At";usd;Sí;free;false;N/A;N/A;http://perfil.mercadolibre.com.uy/PABLOCA83;active;N/A;N/A;Usado;N/A;N/A;Hidráulica;Delantera;Sí;N/A;N/A;N/A;N/A;N/A;N/A;N/A;Sí;N/A;N/A;N/A;N/A;N/A;N/A;N/A;N/A;N/A;N/A;N/A;N/A;N/A;N/A;N/A;N/A;"2620 mm";"1.6 L";"50 L";N/A;N/A;N/A;N/A;N/A;N/A;N/A;N/A;N/A;N/A;N/A;N/A;N/A;N/A;N/A;N/A;N/A;N/A;N/A;N/A;N/A;N/A;N/A;N/A;N/A;N/A;N/A;N/A;N/A;N/A;N/A;N/A;N/A;N/A;Sí;Sí;N/A;N/A;Sí;N/A;N/A;N/A;N/A;N/A;N/A;N/A;"1590 mm";"4295 mm";N/A;N/A;N/A;N/A;5;"118 hp";Exclusive;N/A;4;"1760 mm";N/A;N/A;N/A;N/A;N/A;N/A;N/A;N/A;N/A;N/A;N/A;N/A;N/A;N/A;N/A;N/A;N/A;N/A;5;1.6;Nafta;Automática;SUV;"Autos y camionetas";N/A;N/A;N/A;N/A;N/A;N/A;UY;N/A;N/A;N/A;N/A;N/A;N/A;N/A;N/A;N/A;N/A;N/A;N/A;N/A;N/A;N/A;N/A;N/A;N/A;N/A;N/A;N/A;N/A;N/A;N/A;N/A;N/A;N/A;N/A;N/A;N/A;N/A;N/A;N/A;N/A;N/A;N/A;N/A;N/A;N/A;N/A;N/A;N/A;N/A;N/A;N/A;N/A;N/A;N/A;N/A;N/A;N/A;N/A;N/A;N/A;N/A;N/A;N/A;N/A;N/A;N/A;N/A;N/A;N/A;N/A;N/A;N/A;N/A;N/A;N/A;N/A;N/A;N/A;N/A;N/A;N/A;N/A;N/A;N/A;N/A;N/A;N/A;N/A;N/A;N/A;N/A;N/A;N/A;N/A;N/A;Sí;N/A;Sí;N/A;N/A;N/A;N/A;N/A;N/A;Sí;N/A;N/A;N/A;N/A;N/A;Sí;Sí;N/A;Sí;N/A;N/A;N/A;N/A;Sí;N/A;Sí
Nissan;Kicks;"1.6 Advance Cvt";2017;"120000 km";;PADS2007;19500;;;;;Solymar;https://auto.mercadolibre.com.uy/MLU-666092754-nissan-kicks-2017-16-advance-cvt-_JM;N/A;;"Nissan Kicks 2017 1.6 Advance Cvt";usd;Sí;free;false;N/A;N/A;http://perfil.mercadolibre.com.uy/PADS2007;active;N/A;N/A;Usado;N/A;N/A;Hidráulica;Delantera;Sí;N/A;N/A;N/A;N/A;N/A;N/A;N/A;N/A;N/A;N/A;N/A;N/A;N/A;N/A;N/A;N/A;N/A;N/A;N/A;N/A;N/A;N/A;N/A;N/A;"2620 mm";"1.6 L";"50 L";N/A;N/A;N/A;N/A;N/A;N/A;N/A;N/A;N/A;N/A;N/A;N/A;N/A;N/A;N/A;N/A;N/A;N/A;N/A;N/A;N/A;N/A;N/A;N/A;N/A;N/A;N/A;N/A;N/A;N/A;N/A;N/A;N/A;N/A;Sí;Sí;Sí;N/A;N/A;N/A;N/A;N/A;N/A;N/A;N/A;N/A;"1590 mm";"4295 mm";N/A;N/A;N/A;N/A;5;"118 hp";Advance;N/A;4;"1760 mm";N/A;N/A;N/A;N/A;N/A;N/A;N/A;N/A;N/A;N/A;N/A;N/A;N/A;N/A;N/A;N/A;N/A;N/A;5;1.6;Nafta;Automática;SUV;"Autos y camionetas";N/A;N/A;N/A;N/A;N/A;N/A;UY;N/A;N/A;N/A;N/A;N/A;N/A;N/A;N/A;N/A;N/A;N/A;N/A;N/A;N/A;N/A;N/A;N/A;N/A;N/A;N/A;N/A;N/A;N/A;N/A;N/A;N/A;N/A;N/A;N/A;N/A;N/A;N/A;N/A;N/A;N/A;N/A;N/A;N/A;N/A;N/A;N/A;N/A;N/A;N/A;N/A;N/A;N/A;N/A;N/A;N/A;N/A;N/A;N/A;N/A;N/A;N/A;N/A;N/A;N/A;N/A;N/A;N/A;N/A;N/A;N/A;N/A;N/A;N/A;N/A;N/A;N/A;N/A;N/A;N/A;N/A;N/A;N/A;N/A;N/A;N/A;N/A;N/A;N/A;N/A;N/A;N/A;N/A;N/A;N/A;Sí;N/A;Sí;N/A;N/A;N/A;N/A;N/A;N/A;Sí;N/A;N/A;N/A;N/A;N/A;N/A;Sí;N/A;Sí;N/A;N/A;N/A;N/A;Sí;N/A;Sí
Nissan;"NP300 Frontier";"Pickup NP300";2013;"72500 km";;BAOS8827106;10900;;;;;Carmelo;https://auto.mercadolibre.com.uy/MLU-666115700-nissan-np300-frontier-pickup-np300-_JM;N/A;;"Nissan Np300 Frontier Pickup Np300 ";USD;Sí;free;false;N/A;N/A;http://perfil.mercadolibre.com.uy/BAOS8827106;active;N/A;N/A;Usado;N/A;N/A;N/A;N/A;N/A;N/A;N/A;N/A;N/A;N/A;N/A;N/A;N/A;N/A;N/A;N/A;N/A;N/A;N/A;N/A;N/A;N/A;N/A;N/A;N/A;N/A;N/A;N/A;N/A;N/A;N/A;N/A;N/A;N/A;N/A;N/A;N/A;N/A;N/A;N/A;N/A;N/A;N/A;N/A;N/A;N/A;N/A;N/A;N/A;N/A;N/A;N/A;N/A;N/A;N/A;N/A;N/A;N/A;N/A;N/A;N/A;N/A;N/A;N/A;N/A;N/A;N/A;N/A;N/A;N/A;N/A;N/A;N/A;N/A;N/A;N/A;N/A;N/A;N/A;N/A;N/A;N/A;N/A;N/A;N/A;N/A;N/A;N/A;N/A;N/A;N/A;N/A;N/A;N/A;N/A;N/A;N/A;N/A;N/A;N/A;N/A;N/A;N/A;N/A;N/A;N/A;N/A;N/A;2;N/A;Nafta;N/A;N/A;"Autos y camionetas";N/A;N/A;N/A;N/A;N/A;N/A;N/A;N/A;N/A;N/A;N/A;N/A;N/A;N/A;N/A;N/A;N/A;N/A;N/A;N/A;N/A;N/A;N/A;N/A;N/A;N/A;N/A;N/A;N/A;N/A;N/A;N/A;N/A;N/A;N/A;N/A;N/A;N/A;N/A;N/A;N/A;N/A;N/A;N/A;N/A;N/A;N/A;N/A;N/A;N/A;N/A;N/A;N/A;N/A;N/A;N/A;N/A;N/A;N/A;N/A;N/A;N/A;N/A;N/A;N/A;N/A;N/A;N/A;N/A;N/A;N/A;N/A;N/A;N/A;N/A;N/A;N/A;N/A;N/A;N/A;N/A;N/A;N/A;N/A;N/A;N/A;N/A;N/A;N/A;N/A;N/A;N/A;N/A;N/A;N/A;N/A;N/A;N/A;N/A;N/A;N/A;N/A;N/A;N/A;N/A;N/A;N/A;N/A;N/A;N/A;N/A;N/A;N/A;N/A;N/A;N/A;N/A;N/A;N/A;N/A;N/A;N/A
Nissan;Sentra;"2.0 6vel";2010;"120000 km";;LARAFANI20211201165932;11000;;;;;"Jose Enrique Rodo";https://auto.mercadolibre.com.uy/MLU-666122884-nissan-sentra-b-16-_JM;N/A;;"Nissan Sentra B 16";usd;Sí;free;false;N/A;N/A;http://perfil.mercadolibre.com.uy/LARAFANI20211201165932;active;N/A;N/A;Usado;Blanco;N/A;Hidráulica;Delantera;Sí;N/A;N/A;N/A;N/A;N/A;N/A;N/A;N/A;N/A;N/A;N/A;N/A;N/A;N/A;N/A;N/A;N/A;N/A;N/A;N/A;N/A;N/A;N/A;N/A;N/A;"2 L";N/A;N/A;N/A;N/A;N/A;N/A;N/A;N/A;N/A;N/A;N/A;N/A;N/A;N/A;N/A;N/A;N/A;N/A;N/A;N/A;N/A;N/A;N/A;N/A;N/A;N/A;N/A;N/A;N/A;N/A;N/A;N/A;N/A;N/A;N/A;N/A;N/A;N/A;N/A;N/A;N/A;N/A;N/A;N/A;N/A;N/A;N/A;N/A;N/A;N/A;N/A;N/A;N/A;N/A;N/A;Custom;N/A;N/A;N/A;N/A;No;N/A;N/A;N/A;N/A;Sí;N/A;N/A;N/A;N/A;N/A;N/A;N/A;N/A;N/A;N/A;N/A;5;2.0;Nafta;Manual;Sedán;"Autos y camionetas";N/A;N/A;N/A;N/A;N/A;N/A;UY;N/A;N/A;N/A;N/A;N/A;N/A;N/A;N/A;N/A;N/A;N/A;N/A;N/A;N/A;N/A;N/A;N/A;N/A;N/A;N/A;N/A;N/A;N/A;N/A;N/A;N/A;N/A;N/A;N/A;N/A;N/A;N/A;N/A;N/A;N/A;N/A;N/A;N/A;N/A;N/A;N/A;N/A;N/A;N/A;N/A;N/A;N/A;N/A;N/A;N/A;N/A;N/A;N/A;N/A;N/A;N/A;N/A;N/A;N/A;N/A;N/A;N/A;N/A;N/A;N/A;N/A;N/A;N/A;N/A;N/A;N/A;N/A;N/A;N/A;N/A;N/A;N/A;N/A;N/A;N/A;N/A;N/A;N/A;N/A;N/A;N/A;N/A;N/A;N/A;Sí;N/A;N/A;N/A;N/A;N/A;N/A;N/A;N/A;N/A;N/A;N/A;N/A;N/A;N/A;N/A;N/A;N/A;Sí;N/A;N/A;N/A;N/A;N/A;N/A;N/A
Nissan;Versa;"1.6 Drive";2021;"37000 km";;MARTINMORALES914;16800;;;;;Durazno;https://auto.mercadolibre.com.uy/MLU-665933278-nissan-versa-2021-16-drive-_JM;N/A;;"Nissan Versa 2021 1.6 Drive";usd;Sí;free;false;N/A;N/A;http://perfil.mercadolibre.com.uy/MARTINMORALES914;active;N/A;N/A;Usado;N/A;N/A;Hidráulica;Delantera;Sí;N/A;N/A;N/A;N/A;N/A;N/A;N/A;N/A;N/A;N/A;N/A;N/A;N/A;N/A;N/A;N/A;N/A;N/A;N/A;N/A;N/A;N/A;N/A;N/A;"2600 mm";"1.6 L";"41 L";5;N/A;N/A;N/A;N/A;N/A;N/A;N/A;N/A;N/A;N/A;N/A;N/A;N/A;N/A;N/A;N/A;N/A;N/A;N/A;N/A;N/A;N/A;N/A;N/A;N/A;N/A;N/A;N/A;N/A;N/A;N/A;N/A;N/A;N/A;N/A;N/A;N/A;N/A;N/A;N/A;N/A;N/A;N/A;N/A;N/A;"1506 mm";"4492 mm";N/A;N/A;N/A;N/A;5;"106 hp";Drive;N/A;4;"1695 mm";N/A;N/A;N/A;N/A;N/A;N/A;N/A;Sí;N/A;N/A;N/A;N/A;N/A;N/A;N/A;N/A;N/A;N/A;4;1.6;Nafta;Manual;Sedán;"Autos y camionetas";N/A;N/A;N/A;N/A;N/A;N/A;UY;N/A;N/A;N/A;N/A;N/A;N/A;N/A;N/A;N/A;N/A;N/A;N/A;N/A;N/A;N/A;N/A;N/A;N/A;N/A;N/A;N/A;N/A;N/A;N/A;N/A;N/A;N/A;N/A;N/A;N/A;N/A;N/A;N/A;N/A;N/A;N/A;N/A;N/A;N/A;N/A;N/A;N/A;N/A;N/A;N/A;N/A;N/A;N/A;N/A;N/A;N/A;N/A;N/A;N/A;N/A;N/A;N/A;N/A;N/A;N/A;N/A;N/A;N/A;N/A;N/A;N/A;N/A;N/A;N/A;N/A;N/A;N/A;N/A;N/A;N/A;N/A;N/A;N/A;N/A;N/A;N/A;N/A;N/A;N/A;N/A;N/A;N/A;N/A;N/A;Sí;N/A;N/A;N/A;N/A;N/A;N/A;N/A;N/A;Sí;N/A;N/A;N/A;N/A;N/A;N/A;N/A;N/A;Sí;N/A;N/A;N/A;N/A;N/A;N/A;N/A
Nissan;March;"1.6 Advance Mt";2014;"162000 km";;FEDERICOOPTICA20221004162415;12200;;;;;"San José de Carrasco";https://auto.mercadolibre.com.uy/MLU-635295821-nissan-march-_JM;N/A;;"Nissan March";usd;Sí;free;false;N/A;N/A;http://perfil.mercadolibre.com.uy/FEDERICOOPTICA20221004162415;active;N/A;N/A;Usado;Azul;N/A;Hidráulica;Delantera;Sí;N/A;N/A;N/A;N/A;N/A;N/A;N/A;N/A;N/A;N/A;N/A;N/A;N/A;N/A;N/A;N/A;N/A;N/A;N/A;N/A;N/A;N/A;N/A;N/A;"2450 mm";"1.6 L";"41 L";N/A;N/A;N/A;N/A;N/A;N/A;N/A;N/A;N/A;N/A;N/A;N/A;N/A;N/A;N/A;N/A;N/A;N/A;N/A;N/A;N/A;N/A;N/A;N/A;N/A;N/A;N/A;N/A;N/A;N/A;N/A;N/A;N/A;N/A;N/A;N/A;N/A;N/A;N/A;N/A;N/A;N/A;N/A;N/A;N/A;N/A;"1532 mm";"3827 mm";N/A;N/A;N/A;N/A;5;"109 hp";Advance;N/A;N/A;"1665 mm";N/A;N/A;N/A;N/A;N/A;N/A;N/A;N/A;N/A;N/A;N/A;N/A;N/A;N/A;N/A;N/A;N/A;N/A;5;1.6;Nafta;Manual;Hatchback;"Autos y camionetas";N/A;N/A;N/A;N/A;N/A;N/A;UY;N/A;N/A;N/A;N/A;N/A;N/A;N/A;N/A;N/A;N/A;N/A;N/A;N/A;N/A;N/A;N/A;N/A;N/A;N/A;N/A;N/A;N/A;N/A;N/A;N/A;N/A;N/A;N/A;N/A;N/A;N/A;N/A;N/A;N/A;N/A;N/A;N/A;N/A;N/A;N/A;N/A;N/A;N/A;N/A;N/A;N/A;N/A;N/A;N/A;N/A;N/A;N/A;N/A;N/A;N/A;N/A;N/A;N/A;N/A;N/A;N/A;N/A;N/A;N/A;N/A;N/A;N/A;N/A;N/A;N/A;N/A;N/A;N/A;N/A;N/A;N/A;N/A;N/A;N/A;N/A;N/A;N/A;N/A;N/A;N/A;N/A;N/A;N/A;N/A;Sí;N/A;N/A;N/A;N/A;N/A;N/A;N/A;N/A;N/A;N/A;N/A;N/A;N/A;N/A;N/A;N/A;N/A;Sí;N/A;N/A;N/A;N/A;N/A;N/A;N/A
Nissan;"NP300 Frontier";"Frontier NP 300";2013;"180000 km";;FESA1807933;17500;;;;;Zapican;https://auto.mercadolibre.com.uy/MLU-665007450-nissan-np300-frontier-frontier-np-300-_JM;N/A;;"Nissan Np300 Frontier Frontier Np 300";USD;Sí;free;false;N/A;N/A;http://perfil.mercadolibre.com.uy/FESA1807933;active;N/A;N/A;Usado;N/A;N/A;N/A;N/A;N/A;N/A;N/A;N/A;N/A;N/A;N/A;N/A;N/A;N/A;N/A;N/A;N/A;N/A;N/A;N/A;N/A;N/A;N/A;N/A;N/A;N/A;N/A;N/A;N/A;N/A;N/A;N/A;N/A;N/A;N/A;N/A;N/A;N/A;N/A;N/A;N/A;N/A;N/A;N/A;N/A;N/A;N/A;N/A;N/A;N/A;N/A;N/A;N/A;N/A;N/A;N/A;N/A;N/A;N/A;N/A;N/A;N/A;N/A;N/A;N/A;N/A;N/A;N/A;N/A;N/A;N/A;N/A;N/A;N/A;N/A;N/A;N/A;N/A;N/A;N/A;N/A;N/A;N/A;N/A;N/A;N/A;N/A;N/A;N/A;N/A;N/A;N/A;N/A;N/A;N/A;N/A;N/A;N/A;N/A;N/A;N/A;N/A;N/A;N/A;N/A;N/A;N/A;N/A;4;N/A;Diésel;N/A;N/A;"Autos y camionetas";N/A;N/A;N/A;N/A;N/A;N/A;N/A;N/A;N/A;N/A;N/A;N/A;N/A;N/A;N/A;N/A;N/A;N/A;N/A;N/A;N/A;N/A;N/A;N/A;N/A;N/A;N/A;N/A;N/A;N/A;N/A;N/A;N/A;N/A;N/A;N/A;N/A;N/A;N/A;N/A;N/A;N/A;N/A;N/A;N/A;N/A;N/A;N/A;N/A;N/A;N/A;N/A;N/A;N/A;N/A;N/A;N/A;N/A;N/A;N/A;N/A;N/A;N/A;N/A;N/A;N/A;N/A;N/A;N/A;N/A;N/A;N/A;N/A;N/A;N/A;N/A;N/A;N/A;N/A;N/A;N/A;N/A;N/A;N/A;N/A;N/A;N/A;N/A;N/A;N/A;N/A;N/A;N/A;N/A;N/A;N/A;N/A;N/A;N/A;N/A;N/A;N/A;N/A;N/A;N/A;N/A;N/A;N/A;N/A;N/A;N/A;N/A;N/A;N/A;N/A;N/A;N/A;N/A;N/A;N/A;N/A;N/A
Nissan;Tiida;Sedan;2007;"193000 km";;FESI9458251;8300;;;;;"Nueva Helvecia";https://auto.mercadolibre.com.uy/MLU-635073515-nissan-tiida-sedan-_JM;N/A;;"Nissan Tiida Sedan";USD;No;free;false;N/A;N/A;http://perfil.mercadolibre.com.uy/FESI9458251;active;N/A;N/A;Usado;N/A;N/A;N/A;N/A;N/A;N/A;N/A;N/A;N/A;N/A;N/A;N/A;N/A;N/A;N/A;N/A;N/A;N/A;N/A;N/A;N/A;N/A;N/A;N/A;N/A;N/A;N/A;N/A;N/A;N/A;N/A;N/A;N/A;N/A;N/A;N/A;N/A;N/A;N/A;N/A;N/A;N/A;N/A;N/A;N/A;N/A;N/A;N/A;N/A;N/A;N/A;N/A;N/A;N/A;N/A;N/A;N/A;N/A;N/A;N/A;N/A;N/A;N/A;N/A;N/A;N/A;N/A;N/A;N/A;N/A;N/A;N/A;N/A;N/A;N/A;N/A;N/A;N/A;N/A;N/A;N/A;N/A;N/A;N/A;N/A;N/A;N/A;N/A;N/A;N/A;N/A;N/A;N/A;N/A;N/A;N/A;N/A;N/A;N/A;N/A;N/A;N/A;N/A;N/A;N/A;N/A;N/A;N/A;4;N/A;Nafta;N/A;N/A;"Autos y camionetas";N/A;N/A;N/A;N/A;N/A;N/A;N/A;N/A;N/A;N/A;N/A;N/A;N/A;N/A;N/A;N/A;N/A;N/A;N/A;N/A;N/A;N/A;N/A;N/A;N/A;N/A;N/A;N/A;N/A;N/A;N/A;N/A;N/A;N/A;N/A;N/A;N/A;N/A;N/A;N/A;N/A;N/A;N/A;N/A;N/A;N/A;N/A;N/A;N/A;N/A;N/A;N/A;N/A;N/A;N/A;N/A;N/A;N/A;N/A;N/A;N/A;N/A;N/A;N/A;N/A;N/A;N/A;N/A;N/A;N/A;N/A;N/A;N/A;N/A;N/A;N/A;N/A;N/A;N/A;N/A;N/A;N/A;N/A;N/A;N/A;N/A;N/A;N/A;N/A;N/A;N/A;N/A;N/A;N/A;N/A;N/A;N/A;N/A;N/A;N/A;N/A;N/A;N/A;N/A;N/A;N/A;N/A;N/A;N/A;N/A;N/A;N/A;N/A;N/A;N/A;N/A;N/A;N/A;N/A;N/A;N/A;N/A
Nissan;Urvan;Full;2014;"125000 km";;MAAD8313602;420000;;;;;Migues;https://auto.mercadolibre.com.uy/MLU-664143138-nissan-urvan-full-_JM;N/A;;"Nissan Urvan Full";UYU;No;free;false;N/A;N/A;http://perfil.mercadolibre.com.uy/MAAD8313602;active;N/A;N/A;Usado;N/A;N/A;N/A;N/A;N/A;N/A;N/A;N/A;N/A;N/A;N/A;N/A;N/A;N/A;N/A;N/A;N/A;N/A;N/A;N/A;N/A;N/A;N/A;N/A;N/A;N/A;N/A;N/A;N/A;N/A;N/A;N/A;N/A;N/A;N/A;N/A;N/A;N/A;N/A;N/A;N/A;N/A;N/A;N/A;N/A;N/A;N/A;N/A;N/A;N/A;N/A;N/A;N/A;N/A;N/A;N/A;N/A;N/A;N/A;N/A;N/A;N/A;N/A;N/A;N/A;N/A;N/A;N/A;N/A;N/A;N/A;N/A;N/A;N/A;N/A;N/A;N/A;N/A;N/A;N/A;N/A;N/A;N/A;N/A;N/A;N/A;N/A;N/A;N/A;N/A;N/A;N/A;N/A;N/A;N/A;N/A;N/A;N/A;N/A;N/A;N/A;N/A;N/A;N/A;N/A;N/A;N/A;N/A;4;N/A;Nafta;N/A;N/A;"Autos y camionetas";N/A;N/A;N/A;N/A;N/A;N/A;N/A;N/A;N/A;N/A;N/A;N/A;N/A;N/A;N/A;N/A;N/A;N/A;N/A;N/A;N/A;N/A;N/A;N/A;N/A;N/A;N/A;N/A;N/A;N/A;N/A;N/A;N/A;N/A;N/A;N/A;N/A;N/A;N/A;N/A;N/A;N/A;N/A;N/A;N/A;N/A;N/A;N/A;N/A;N/A;N/A;N/A;N/A;N/A;N/A;N/A;N/A;N/A;N/A;N/A;N/A;N/A;N/A;N/A;N/A;N/A;N/A;N/A;N/A;N/A;N/A;N/A;N/A;N/A;N/A;N/A;N/A;N/A;N/A;N/A;N/A;N/A;N/A;N/A;N/A;N/A;N/A;N/A;N/A;N/A;N/A;N/A;N/A;N/A;N/A;N/A;N/A;N/A;N/A;N/A;N/A;N/A;N/A;N/A;N/A;N/A;N/A;N/A;N/A;N/A;N/A;N/A;N/A;N/A;N/A;N/A;N/A;N/A;N/A;N/A;N/A;N/A
Nissan;"NP300 Frontier";"Lx 4X4";2012;"225800 km";;MATIAS3085;12500;;;;;Durazno;https://auto.mercadolibre.com.uy/MLU-664089658-nissan-np300-frontier-frontier-lx-4x4-_JM;N/A;;"Nissan Np300 Frontier Frontier Lx 4x4";USD;Sí;free;false;N/A;N/A;http://perfil.mercadolibre.com.uy/MATIAS3085;active;N/A;N/A;Usado;N/A;N/A;N/A;N/A;N/A;N/A;N/A;N/A;N/A;N/A;N/A;N/A;N/A;N/A;N/A;N/A;N/A;N/A;N/A;N/A;N/A;N/A;N/A;N/A;N/A;N/A;N/A;N/A;N/A;N/A;N/A;N/A;N/A;N/A;N/A;N/A;N/A;N/A;N/A;N/A;N/A;N/A;N/A;N/A;N/A;N/A;N/A;N/A;N/A;N/A;N/A;N/A;N/A;N/A;N/A;N/A;N/A;N/A;N/A;N/A;N/A;N/A;N/A;N/A;N/A;N/A;N/A;N/A;N/A;N/A;N/A;N/A;N/A;N/A;N/A;N/A;N/A;N/A;N/A;N/A;N/A;N/A;N/A;N/A;N/A;N/A;N/A;N/A;N/A;N/A;N/A;N/A;N/A;N/A;N/A;N/A;N/A;N/A;N/A;N/A;N/A;N/A;N/A;N/A;N/A;N/A;N/A;N/A;5;N/A;Nafta;N/A;N/A;"Autos y camionetas";N/A;N/A;N/A;N/A;N/A;N/A;N/A;N/A;N/A;N/A;N/A;N/A;N/A;N/A;N/A;N/A;N/A;N/A;N/A;N/A;N/A;N/A;N/A;N/A;N/A;N/A;N/A;N/A;N/A;N/A;N/A;N/A;N/A;N/A;N/A;N/A;N/A;N/A;N/A;N/A;N/A;N/A;N/A;N/A;N/A;N/A;N/A;N/A;N/A;N/A;N/A;N/A;N/A;N/A;N/A;N/A;N/A;N/A;N/A;N/A;N/A;N/A;N/A;N/A;N/A;N/A;N/A;N/A;N/A;N/A;N/A;N/A;N/A;N/A;N/A;N/A;N/A;N/A;N/A;N/A;N/A;N/A;N/A;N/A;N/A;N/A;N/A;N/A;N/A;N/A;N/A;N/A;N/A;N/A;N/A;N/A;N/A;N/A;N/A;N/A;N/A;N/A;N/A;N/A;N/A;N/A;N/A;N/A;N/A;N/A;N/A;N/A;N/A;N/A;N/A;N/A;N/A;N/A;N/A;N/A;N/A;N/A
Nissan;Sentra;"B13 1.6 16V";2008;"200000 km";;OLMA8249998;6300;;;;;"Piedras Blancas";https://auto.mercadolibre.com.uy/MLU-665030192-nissan-sentra-b13-16-16v-_JM;N/A;;"Nissan Sentra B13 1.6 16v";USD;Sí;free;false;N/A;N/A;http://perfil.mercadolibre.com.uy/OLMA8249998;active;N/A;N/A;Usado;N/A;N/A;N/A;N/A;N/A;N/A;N/A;N/A;N/A;N/A;N/A;N/A;N/A;N/A;N/A;N/A;N/A;N/A;N/A;N/A;N/A;N/A;N/A;N/A;N/A;N/A;N/A;N/A;N/A;N/A;N/A;N/A;N/A;N/A;N/A;N/A;N/A;N/A;N/A;N/A;N/A;N/A;N/A;N/A;N/A;N/A;N/A;N/A;N/A;N/A;N/A;N/A;N/A;N/A;N/A;N/A;N/A;N/A;N/A;N/A;N/A;N/A;N/A;N/A;N/A;N/A;N/A;N/A;N/A;N/A;N/A;N/A;N/A;N/A;N/A;N/A;N/A;N/A;N/A;N/A;N/A;N/A;N/A;N/A;N/A;N/A;N/A;N/A;N/A;N/A;N/A;N/A;N/A;N/A;N/A;N/A;N/A;N/A;N/A;N/A;N/A;N/A;N/A;N/A;N/A;N/A;N/A;N/A;4;N/A;Nafta;N/A;N/A;"Autos y camionetas";N/A;N/A;N/A;N/A;N/A;N/A;N/A;N/A;N/A;N/A;N/A;N/A;N/A;N/A;N/A;N/A;N/A;N/A;N/A;N/A;N/A;N/A;N/A;N/A;N/A;N/A;N/A;N/A;N/A;N/A;N/A;N/A;N/A;N/A;N/A;N/A;N/A;N/A;N/A;N/A;N/A;N/A;N/A;N/A;N/A;N/A;N/A;N/A;N/A;N/A;N/A;N/A;N/A;N/A;N/A;N/A;N/A;N/A;N/A;N/A;N/A;N/A;N/A;N/A;N/A;N/A;N/A;N/A;N/A;N/A;N/A;N/A;N/A;N/A;N/A;N/A;N/A;N/A;N/A;N/A;N/A;N/A;N/A;N/A;N/A;N/A;N/A;N/A;N/A;N/A;N/A;N/A;N/A;N/A;N/A;N/A;N/A;N/A;N/A;N/A;N/A;N/A;N/A;N/A;N/A;N/A;N/A;N/A;N/A;N/A;N/A;N/A;N/A;N/A;N/A;N/A;N/A;N/A;N/A;N/A;N/A;N/A
Nissan;Sentra;"1.8 Sr Extra At";2022;"20000 km";;ATUSUS;32900;;;;;Trinidad;https://auto.mercadolibre.com.uy/MLU-666355508-nissan-sentra-sr-20-2022-como-nuevo-_JM;N/A;;"Nissan Sentra Sr 2.0 2022 Como Nuevo.";usd;Sí;free;false;N/A;N/A;http://perfil.mercadolibre.com.uy/ATUSUS;active;N/A;N/A;Usado;Gris;Sí;Hidráulica;Delantera;Sí;Sí;N/A;N/A;N/A;Sí;N/A;N/A;Sí;N/A;N/A;Sí;Sí;N/A;Sí;N/A;N/A;N/A;N/A;N/A;N/A;N/A;N/A;N/A;N/A;"2700 mm";"1.8 L";"52 L";N/A;N/A;N/A;N/A;N/A;N/A;Sí;N/A;N/A;N/A;N/A;N/A;N/A;N/A;N/A;N/A;N/A;N/A;N/A;N/A;N/A;N/A;N/A;N/A;N/A;N/A;N/A;N/A;N/A;N/A;N/A;N/A;N/A;N/A;Sí;Sí;N/A;N/A;N/A;N/A;N/A;N/A;N/A;N/A;N/A;N/A;"1505 mm";"4636 mm";N/A;N/A;N/A;N/A;5;"129 hp";Sense;N/A;2;"1761 mm";N/A;N/A;N/A;Sí;Sí;N/A;N/A;Sí;N/A;Sí;N/A;N/A;N/A;N/A;N/A;N/A;N/A;"9 a 19";4;1.8;Nafta;Automática;Sedán;"Autos y camionetas";N/A;N/A;N/A;N/A;N/A;N/A;UY;N/A;No;N/A;N/A;N/A;N/A;N/A;N/A;N/A;N/A;N/A;N/A;N/A;N/A;N/A;N/A;N/A;Sí;N/A;N/A;N/A;N/A;N/A;N/A;N/A;N/A;N/A;N/A;N/A;N/A;N/A;N/A;N/A;N/A;N/A;N/A;Sí;N/A;N/A;N/A;N/A;N/A;N/A;N/A;N/A;N/A;N/A;N/A;N/A;N/A;N/A;N/A;N/A;N/A;N/A;N/A;N/A;N/A;N/A;N/A;N/A;N/A;N/A;N/A;N/A;N/A;N/A;N/A;N/A;N/A;N/A;N/A;N/A;N/A;N/A;N/A;N/A;N/A;N/A;N/A;N/A;N/A;N/A;N/A;N/A;N/A;N/A;N/A;N/A;Sí;Sí;Sí;N/A;Sí;N/A;N/A;N/A;N/A;Sí;Sí;Sí;Sí;N/A;N/A;Sí;Sí;Sí;Sí;Sí;Sí;N/A;N/A;Sí;N/A;Sí
Nissan;March;"1.6 Advance Mt";2016;"113000 km";;ROVA1722841;10990;;;;;"Santa Lucía";https://auto.mercadolibre.com.uy/MLU-664756538-nissan-march-2016-16-advance-mt-_JM;N/A;;"Nissan March 2016 1.6 Advance Mt";usd;Sí;free;false;N/A;N/A;http://perfil.mercadolibre.com.uy/ROVA1722841;active;N/A;N/A;Usado;N/A;N/A;Hidráulica;Delantera;Sí;N/A;N/A;N/A;N/A;N/A;N/A;N/A;N/A;N/A;N/A;N/A;N/A;N/A;N/A;N/A;N/A;N/A;N/A;N/A;N/A;N/A;N/A;N/A;N/A;"2450 mm";"1.6 L";"41 L";5;N/A;N/A;N/A;N/A;N/A;N/A;N/A;N/A;N/A;N/A;N/A;N/A;N/A;N/A;N/A;N/A;N/A;N/A;N/A;N/A;N/A;N/A;N/A;N/A;N/A;N/A;N/A;N/A;N/A;N/A;N/A;N/A;N/A;Sí;Sí;N/A;N/A;N/A;N/A;N/A;N/A;N/A;N/A;N/A;N/A;"1532 mm";"3827 mm";N/A;N/A;N/A;N/A;5;"106 hp";Advance;N/A;4;"1665 mm";N/A;N/A;N/A;N/A;N/A;N/A;N/A;Sí;N/A;N/A;N/A;N/A;N/A;N/A;N/A;N/A;N/A;N/A;5;1.6;Nafta;Manual;Hatchback;"Autos y camionetas";N/A;N/A;N/A;N/A;N/A;N/A;UY;N/A;N/A;N/A;N/A;N/A;N/A;N/A;N/A;N/A;N/A;N/A;N/A;N/A;N/A;N/A;N/A;N/A;N/A;N/A;N/A;N/A;N/A;N/A;N/A;N/A;N/A;N/A;N/A;N/A;N/A;N/A;N/A;N/A;N/A;N/A;N/A;N/A;N/A;N/A;N/A;N/A;N/A;N/A;N/A;N/A;N/A;N/A;N/A;N/A;N/A;N/A;N/A;N/A;N/A;N/A;N/A;N/A;N/A;N/A;N/A;N/A;N/A;N/A;N/A;N/A;N/A;N/A;N/A;N/A;N/A;N/A;N/A;N/A;N/A;N/A;N/A;N/A;N/A;N/A;N/A;N/A;N/A;N/A;N/A;N/A;N/A;N/A;N/A;N/A;Sí;N/A;Sí;N/A;N/A;N/A;N/A;Sí;N/A;Sí;N/A;N/A;N/A;N/A;N/A;N/A;Sí;N/A;Sí;N/A;N/A;N/A;N/A;Sí;N/A;Sí
Nissan;Versa;"1.6 Advance At";2013;"150000 km";;"ATM AUGUSTO";10700;;;;;Atlántida;https://auto.mercadolibre.com.uy/MLU-635380675-nissan-versa-2013-16-advance-at-_JM;N/A;;"Nissan Versa 2013 1.6 Advance At";usd;Sí;free;false;N/A;N/A;http://perfil.mercadolibre.com.uy/ATM+AUGUSTO;active;N/A;N/A;Usado;N/A;N/A;Hidráulica;Delantera;Sí;N/A;N/A;N/A;N/A;N/A;N/A;N/A;N/A;N/A;N/A;N/A;N/A;N/A;N/A;N/A;N/A;N/A;N/A;N/A;N/A;N/A;N/A;N/A;N/A;N/A;"1.6 L";N/A;N/A;N/A;N/A;N/A;N/A;N/A;N/A;N/A;N/A;N/A;N/A;N/A;N/A;N/A;N/A;N/A;N/A;N/A;N/A;N/A;N/A;N/A;N/A;N/A;N/A;N/A;N/A;N/A;N/A;N/A;N/A;N/A;N/A;N/A;N/A;N/A;N/A;N/A;N/A;N/A;N/A;N/A;N/A;N/A;N/A;N/A;N/A;N/A;N/A;N/A;N/A;N/A;N/A;N/A;Advance;N/A;N/A;N/A;N/A;N/A;N/A;N/A;N/A;N/A;N/A;N/A;N/A;N/A;N/A;N/A;N/A;N/A;N/A;N/A;N/A;N/A;4;1.6;Nafta;Automática;Hatchback;"Autos y camionetas";N/A;N/A;N/A;N/A;N/A;N/A;UY;N/A;N/A;N/A;N/A;N/A;N/A;N/A;N/A;N/A;N/A;N/A;N/A;N/A;N/A;N/A;N/A;N/A;N/A;N/A;N/A;N/A;N/A;N/A;N/A;N/A;N/A;N/A;N/A;N/A;N/A;N/A;N/A;N/A;N/A;N/A;N/A;N/A;N/A;N/A;N/A;N/A;N/A;N/A;N/A;N/A;N/A;N/A;N/A;N/A;N/A;N/A;N/A;N/A;N/A;N/A;N/A;N/A;N/A;N/A;N/A;N/A;N/A;N/A;N/A;N/A;N/A;N/A;N/A;N/A;N/A;N/A;N/A;N/A;N/A;N/A;N/A;N/A;N/A;N/A;N/A;N/A;N/A;N/A;N/A;N/A;N/A;N/A;N/A;N/A;Sí;N/A;N/A;N/A;N/A;N/A;N/A;N/A;N/A;N/A;N/A;N/A;N/A;N/A;N/A;N/A;N/A;N/A;Sí;N/A;N/A;N/A;N/A;N/A;N/A;N/A
Nissan;Sentra;S;2013;"160000 km";;FRBR7610820;9000;;;;;"Paso de los Toros";https://auto.mercadolibre.com.uy/MLU-635320515-nissan-sentra-s-_JM;N/A;;"Nissan Sentra S";USD;Sí;free;false;N/A;N/A;http://perfil.mercadolibre.com.uy/FRBR7610820;active;N/A;N/A;Usado;N/A;N/A;N/A;N/A;N/A;N/A;N/A;N/A;N/A;N/A;N/A;N/A;N/A;N/A;N/A;N/A;N/A;N/A;N/A;N/A;N/A;N/A;N/A;N/A;N/A;N/A;N/A;N/A;N/A;N/A;N/A;N/A;N/A;N/A;N/A;N/A;N/A;N/A;N/A;N/A;N/A;N/A;N/A;N/A;N/A;N/A;N/A;N/A;N/A;N/A;N/A;N/A;N/A;N/A;N/A;N/A;N/A;N/A;N/A;N/A;N/A;N/A;N/A;N/A;N/A;N/A;N/A;N/A;N/A;N/A;N/A;N/A;N/A;N/A;N/A;N/A;N/A;N/A;N/A;N/A;N/A;N/A;N/A;N/A;N/A;N/A;N/A;N/A;N/A;N/A;N/A;N/A;N/A;N/A;N/A;N/A;N/A;N/A;N/A;N/A;N/A;N/A;N/A;N/A;N/A;N/A;N/A;N/A;5;N/A;Nafta;N/A;N/A;"Autos y camionetas";N/A;N/A;N/A;N/A;N/A;N/A;N/A;N/A;N/A;N/A;N/A;N/A;N/A;N/A;N/A;N/A;N/A;N/A;N/A;N/A;N/A;N/A;N/A;N/A;N/A;N/A;N/A;N/A;N/A;N/A;N/A;N/A;N/A;N/A;N/A;N/A;N/A;N/A;N/A;N/A;N/A;N/A;N/A;N/A;N/A;N/A;N/A;N/A;N/A;N/A;N/A;N/A;N/A;N/A;N/A;N/A;N/A;N/A;N/A;N/A;N/A;N/A;N/A;N/A;N/A;N/A;N/A;N/A;N/A;N/A;N/A;N/A;N/A;N/A;N/A;N/A;N/A;N/A;N/A;N/A;N/A;N/A;N/A;N/A;N/A;N/A;N/A;N/A;N/A;N/A;N/A;N/A;N/A;N/A;N/A;N/A;N/A;N/A;N/A;N/A;N/A;N/A;N/A;N/A;N/A;N/A;N/A;N/A;N/A;N/A;N/A;N/A;N/A;N/A;N/A;N/A;N/A;N/A;N/A;N/A;N/A;N/A
Nissan;Versa;"1.6 Sense 5vel Mt";2013;"145000 km";;TODOVENTAS-NET;11000;;;;;Prado;https://auto.mercadolibre.com.uy/MLU-666089208-nissan-versa-_JM;N/A;;"Nissan Versa";usd;Sí;free;false;N/A;N/A;http://perfil.mercadolibre.com.uy/TODOVENTAS-NET;active;N/A;N/A;Usado;Plateado;N/A;Hidráulica;Delantera;Sí;N/A;N/A;N/A;N/A;N/A;N/A;N/A;N/A;N/A;N/A;N/A;N/A;N/A;N/A;N/A;N/A;N/A;N/A;N/A;N/A;N/A;N/A;N/A;N/A;N/A;"1.6 L";N/A;N/A;N/A;N/A;N/A;N/A;N/A;N/A;N/A;N/A;N/A;N/A;N/A;N/A;N/A;N/A;N/A;N/A;N/A;N/A;N/A;N/A;N/A;N/A;N/A;N/A;N/A;N/A;N/A;N/A;N/A;N/A;N/A;N/A;N/A;N/A;N/A;N/A;N/A;N/A;N/A;N/A;N/A;N/A;N/A;N/A;N/A;N/A;N/A;N/A;N/A;N/A;N/A;N/A;N/A;Sense;N/A;N/A;N/A;N/A;N/A;N/A;N/A;N/A;N/A;N/A;N/A;N/A;N/A;N/A;N/A;N/A;N/A;N/A;N/A;N/A;"Lunes a Domingo de 9 a 22 hrs.";4;1.6;Nafta;Manual;Hatchback;"Autos y camionetas";N/A;N/A;N/A;N/A;N/A;N/A;UY;N/A;N/A;N/A;N/A;N/A;N/A;N/A;N/A;N/A;N/A;N/A;N/A;N/A;N/A;N/A;N/A;N/A;N/A;N/A;N/A;N/A;N/A;N/A;N/A;N/A;N/A;N/A;N/A;N/A;N/A;N/A;N/A;N/A;N/A;N/A;N/A;N/A;N/A;N/A;N/A;N/A;N/A;N/A;N/A;N/A;N/A;N/A;N/A;N/A;N/A;N/A;N/A;N/A;N/A;N/A;N/A;N/A;N/A;N/A;N/A;N/A;N/A;N/A;N/A;N/A;N/A;N/A;N/A;N/A;N/A;N/A;N/A;N/A;N/A;N/A;N/A;N/A;N/A;N/A;N/A;N/A;N/A;N/A;N/A;N/A;N/A;N/A;N/A;N/A;Sí;N/A;N/A;N/A;N/A;N/A;N/A;N/A;N/A;N/A;N/A;N/A;N/A;N/A;N/A;N/A;N/A;N/A;Sí;N/A;N/A;N/A;N/A;N/A;N/A;N/A
Nissan;Note;"1.6 Advance Mt";2019;"85000 km";;"SEBA LE";17900;;;;;Solymar;https://auto.mercadolibre.com.uy/MLU-665003804-nissan-note-2019-16-advance-mt-_JM;N/A;;"Nissan Note 2019 1.6 Advance Mt";usd;Sí;free;false;N/A;N/A;http://perfil.mercadolibre.com.uy/SEBA+LE;active;N/A;N/A;Usado;N/A;N/A;Hidráulica;Delantera;Sí;N/A;N/A;N/A;N/A;N/A;N/A;N/A;N/A;N/A;N/A;N/A;N/A;N/A;N/A;N/A;N/A;N/A;N/A;N/A;N/A;N/A;N/A;N/A;N/A;"2600 mm";"1.6 L";"41 L";5;N/A;N/A;N/A;N/A;N/A;N/A;N/A;N/A;N/A;N/A;N/A;N/A;N/A;N/A;N/A;N/A;N/A;N/A;N/A;N/A;N/A;N/A;N/A;N/A;N/A;N/A;N/A;N/A;N/A;N/A;N/A;N/A;N/A;Sí;Sí;N/A;N/A;N/A;N/A;N/A;N/A;N/A;N/A;N/A;N/A;"1535 mm";"4150 mm";N/A;N/A;N/A;N/A;5;"109 hp";Advance;N/A;2;N/A;N/A;N/A;N/A;N/A;N/A;N/A;N/A;Sí;N/A;N/A;N/A;N/A;N/A;N/A;N/A;N/A;N/A;N/A;5;1.6;Nafta;Manual;Hatchback;"Autos y camionetas";N/A;N/A;N/A;N/A;N/A;N/A;UY;N/A;N/A;N/A;N/A;N/A;N/A;N/A;N/A;N/A;N/A;N/A;N/A;N/A;N/A;N/A;N/A;N/A;N/A;N/A;N/A;N/A;N/A;N/A;N/A;N/A;N/A;N/A;N/A;N/A;N/A;N/A;N/A;N/A;N/A;N/A;N/A;N/A;N/A;N/A;N/A;N/A;N/A;N/A;N/A;N/A;N/A;N/A;N/A;N/A;N/A;N/A;N/A;N/A;N/A;N/A;N/A;N/A;N/A;N/A;N/A;N/A;N/A;N/A;N/A;N/A;N/A;N/A;N/A;N/A;N/A;N/A;N/A;N/A;N/A;N/A;N/A;N/A;N/A;N/A;N/A;N/A;N/A;N/A;N/A;N/A;N/A;N/A;N/A;N/A;Sí;N/A;Sí;N/A;N/A;N/A;N/A;N/A;N/A;Sí;N/A;N/A;N/A;N/A;N/A;N/A;Sí;N/A;Sí;N/A;N/A;N/A;N/A;Sí;N/A;N/A
Nissan;Tiida;"1.6 Drive Sedan Mt";2015;"192000 km";;CARLOSMUNIZ720;10500;;;;;"Parque Batlle";https://auto.mercadolibre.com.uy/MLU-664093744-nissan-tiida-16-drive-sedan-mt-2015-_JM;N/A;;"Nissan Tiida 1.6 Drive Sedan Mt 2015";usd;Sí;free;false;N/A;N/A;http://perfil.mercadolibre.com.uy/CARLOSMUNIZ720;active;N/A;N/A;Usado;N/A;N/A;Hidráulica;Delantera;Sí;N/A;N/A;N/A;N/A;N/A;N/A;N/A;N/A;N/A;N/A;N/A;N/A;N/A;N/A;N/A;N/A;N/A;N/A;N/A;N/A;N/A;N/A;N/A;N/A;"2600 mm";"1.6 L";"52 L";N/A;N/A;N/A;N/A;N/A;N/A;N/A;N/A;N/A;N/A;N/A;N/A;N/A;N/A;N/A;N/A;N/A;N/A;N/A;N/A;N/A;N/A;N/A;N/A;N/A;N/A;N/A;N/A;N/A;N/A;N/A;N/A;N/A;N/A;N/A;N/A;N/A;N/A;N/A;N/A;N/A;N/A;N/A;N/A;N/A;N/A;"1548 mm";"4470 mm";N/A;N/A;N/A;N/A;5;N/A;N/A;N/A;N/A;"1695 mm";N/A;N/A;N/A;N/A;N/A;N/A;N/A;N/A;N/A;N/A;N/A;N/A;N/A;N/A;N/A;N/A;N/A;N/A;4;1.6;Nafta;Manual;Sedán;"Autos y camionetas";N/A;N/A;N/A;N/A;N/A;N/A;UY;N/A;N/A;N/A;N/A;N/A;N/A;N/A;N/A;N/A;N/A;N/A;N/A;N/A;N/A;N/A;N/A;N/A;N/A;N/A;N/A;N/A;N/A;N/A;N/A;N/A;N/A;N/A;N/A;N/A;N/A;N/A;N/A;N/A;N/A;N/A;N/A;N/A;N/A;N/A;N/A;N/A;N/A;N/A;N/A;N/A;N/A;N/A;N/A;N/A;N/A;N/A;N/A;N/A;N/A;N/A;N/A;N/A;N/A;N/A;N/A;N/A;N/A;N/A;N/A;N/A;N/A;N/A;N/A;N/A;N/A;N/A;N/A;N/A;N/A;N/A;N/A;N/A;N/A;N/A;N/A;N/A;N/A;N/A;N/A;N/A;N/A;N/A;N/A;N/A;Sí;N/A;N/A;N/A;N/A;N/A;N/A;N/A;N/A;N/A;N/A;N/A;N/A;N/A;N/A;N/A;N/A;N/A;Sí;N/A;N/A;N/A;N/A;N/A;N/A;N/A
Nissan;Sentra;"B14 D full x partes";1994;"11111 km";;ALEXANDRAMOLINADEYARZABAL;234260;;;;;Cerrito;https://auto.mercadolibre.com.uy/MLU-664697854-nissan-sentra-b14-d-full-x-partes-_JM;N/A;;"Nissan Sentra B14 D Full X Partes";UYU;No;free;false;N/A;N/A;http://perfil.mercadolibre.com.uy/ALEXANDRAMOLINADEYARZABAL;active;N/A;N/A;Usado;N/A;No;N/A;N/A;No;No;No;No;No;No;No;No;No;No;No;No;No;No;No;N/A;N/A;N/A;N/A;N/A;N/A;N/A;N/A;N/A;N/A;N/A;N/A;N/A;N/A;N/A;No;No;No;No;No;No;No;No;No;No;No;No;No;No;No;No;No;No;No;No;No;No;No;No;No;No;No;No;No;No;No;No;No;No;No;No;No;No;No;No;No;No;No;No;N/A;N/A;N/A;N/A;N/A;N/A;N/A;N/A;N/A;N/A;N/A;N/A;N/A;No;No;No;No;No;No;No;No;No;No;N/A;No;No;No;No;No;N/A;4;N/A;Diésel;N/A;N/A;"Autos y camionetas";N/A;N/A;N/A;N/A;N/A;N/A;N/A;N/A;N/A;N/A;N/A;No;No;No;No;No;N/A;No;No;No;No;No;No;No;N/A;N/A;No;No;No;No;No;No;N/A;No;No;No;No;No;No;No;No;No;No;N/A;No;No;No;No;No;No;No;No;No;No;No;No;No;No;No;N/A;N/A;N/A;N/A;N/A;N/A;N/A;N/A;No;No;No;No;No;No;No;No;No;No;No;No;No;No;No;N/A;No;No;No;N/A;No;No;N/A;No;N/A;No;No;No;No;No;No;No;No;No;No;No;No;No;No;No;No;No;No;No;No;No;No;No;No;No;No;No;No;No;No
Nissan;Note;"1.6 Note Advance Mt";2014;"88400 km";;HURA137;13700;;;;;Cordón;https://auto.mercadolibre.com.uy/MLU-665928374-nissan-note-2014-88000km-unico-dueno-excelente-estado-_JM;N/A;;"Nissan Note 2014 - 88.000km - Único Dueño - Excelente Estado";usd;Sí;free;false;N/A;N/A;http://perfil.mercadolibre.com.uy/HURA137;active;N/A;N/A;Usado;Gris;N/A;Hidráulica;Delantera;Sí;N/A;N/A;N/A;N/A;N/A;N/A;N/A;N/A;N/A;N/A;N/A;N/A;N/A;N/A;N/A;N/A;N/A;N/A;N/A;N/A;N/A;N/A;N/A;N/A;"2600 mm";"1.6 L";"41 L";N/A;N/A;N/A;N/A;N/A;N/A;N/A;N/A;N/A;N/A;N/A;N/A;N/A;N/A;N/A;N/A;N/A;N/A;N/A;N/A;N/A;N/A;N/A;N/A;N/A;N/A;N/A;N/A;N/A;N/A;N/A;N/A;N/A;N/A;N/A;N/A;N/A;N/A;N/A;N/A;N/A;N/A;N/A;N/A;N/A;N/A;"1537 mm";"4142 mm";N/A;N/A;N/A;N/A;5;"109 hp";Advance;N/A;N/A;N/A;N/A;N/A;N/A;N/A;N/A;N/A;N/A;N/A;N/A;N/A;N/A;N/A;N/A;N/A;N/A;N/A;N/A;N/A;5;1.6;Nafta;Manual;Hatchback;"Autos y camionetas";N/A;N/A;N/A;N/A;N/A;N/A;UY;N/A;N/A;N/A;N/A;N/A;N/A;N/A;N/A;N/A;N/A;N/A;N/A;N/A;N/A;N/A;N/A;N/A;N/A;N/A;N/A;N/A;N/A;N/A;N/A;N/A;N/A;N/A;N/A;N/A;N/A;N/A;N/A;N/A;N/A;N/A;N/A;N/A;N/A;N/A;N/A;N/A;N/A;N/A;N/A;N/A;N/A;N/A;N/A;N/A;N/A;N/A;N/A;N/A;N/A;N/A;N/A;N/A;N/A;N/A;N/A;N/A;N/A;N/A;N/A;N/A;N/A;N/A;N/A;N/A;N/A;N/A;N/A;N/A;N/A;N/A;N/A;N/A;N/A;N/A;N/A;N/A;N/A;N/A;N/A;N/A;N/A;N/A;N/A;N/A;Sí;N/A;N/A;N/A;N/A;N/A;N/A;N/A;N/A;N/A;N/A;N/A;N/A;N/A;N/A;N/A;N/A;N/A;Sí;N/A;N/A;N/A;N/A;N/A;N/A;N/A
Nissan;Sentra;"Se Mt";1994;"211600 km";;DANIELACATUCCI;5800;;;;;"Cementerio del Norte";https://auto.mercadolibre.com.uy/MLU-634963877-nissan-_JM;N/A;;Nissan;usd;Sí;free;false;N/A;N/A;http://perfil.mercadolibre.com.uy/DANIELACATUCCI;active;N/A;N/A;Usado;Celeste;N/A;Hidráulica;Delantera;Sí;N/A;N/A;N/A;N/A;N/A;N/A;N/A;N/A;N/A;N/A;N/A;N/A;N/A;N/A;N/A;N/A;N/A;N/A;N/A;N/A;N/A;N/A;N/A;N/A;N/A;"1.6 L";N/A;N/A;N/A;N/A;N/A;N/A;N/A;N/A;N/A;N/A;N/A;N/A;N/A;N/A;N/A;N/A;N/A;N/A;N/A;N/A;N/A;N/A;N/A;N/A;N/A;N/A;N/A;N/A;N/A;N/A;N/A;N/A;N/A;N/A;N/A;N/A;N/A;N/A;N/A;N/A;N/A;N/A;N/A;N/A;N/A;N/A;N/A;N/A;N/A;N/A;N/A;N/A;N/A;5;N/A;Se;N/A;N/A;N/A;N/A;N/A;N/A;N/A;N/A;N/A;N/A;N/A;N/A;N/A;N/A;N/A;N/A;N/A;N/A;N/A;N/A;N/A;4;1.6;Nafta;Manual;Sedán;"Autos y camionetas";N/A;N/A;N/A;N/A;N/A;N/A;UY;N/A;N/A;N/A;N/A;N/A;N/A;N/A;N/A;N/A;N/A;N/A;N/A;N/A;N/A;N/A;N/A;N/A;N/A;N/A;N/A;N/A;N/A;N/A;N/A;N/A;N/A;N/A;N/A;N/A;N/A;N/A;N/A;N/A;N/A;N/A;N/A;N/A;N/A;N/A;N/A;N/A;N/A;N/A;N/A;N/A;N/A;N/A;N/A;N/A;N/A;N/A;N/A;N/A;N/A;N/A;N/A;N/A;N/A;N/A;N/A;N/A;N/A;N/A;N/A;N/A;N/A;N/A;N/A;N/A;N/A;N/A;N/A;N/A;N/A;N/A;N/A;N/A;N/A;N/A;N/A;N/A;N/A;N/A;N/A;N/A;N/A;N/A;N/A;N/A;Sí;N/A;N/A;N/A;N/A;N/A;N/A;N/A;N/A;N/A;N/A;N/A;N/A;N/A;N/A;N/A;N/A;N/A;Sí;N/A;N/A;N/A;N/A;N/A;N/A;N/A
Nissan;Sentra;"1.8 Sr Extra At";2018;"126000 km";;-THEROCK-;18900;;;;;"La Blanqueada";https://auto.mercadolibre.com.uy/MLU-664525628-nissan-sentra-sr-b17-impecable--_JM;N/A;;"Nissan Sentra Sr B17 Impecable !!!!!!!!! ";usd;Sí;free;false;N/A;N/A;http://perfil.mercadolibre.com.uy/-THEROCK-;active;N/A;N/A;Usado;Blanco;N/A;Hidráulica;Delantera;Sí;N/A;N/A;N/A;N/A;N/A;N/A;N/A;N/A;N/A;N/A;N/A;N/A;N/A;N/A;N/A;N/A;N/A;N/A;N/A;N/A;N/A;N/A;N/A;N/A;"2700 mm";"1.8 L";"52 L";N/A;N/A;N/A;N/A;N/A;N/A;N/A;N/A;N/A;N/A;N/A;N/A;N/A;N/A;N/A;N/A;N/A;N/A;N/A;N/A;N/A;N/A;N/A;N/A;N/A;N/A;N/A;N/A;N/A;N/A;N/A;N/A;N/A;N/A;Sí;Sí;N/A;N/A;N/A;N/A;N/A;N/A;N/A;N/A;N/A;N/A;"1505 mm";"4636 mm";N/A;N/A;N/A;N/A;5;"129 hp";Sense;N/A;2;"1761 mm";N/A;N/A;N/A;N/A;N/A;N/A;N/A;Sí;N/A;N/A;N/A;N/A;N/A;N/A;N/A;N/A;N/A;"9 a 22";4;1.8;Nafta;Automática;Sedán;"Autos y camionetas";N/A;N/A;N/A;N/A;N/A;N/A;UY;N/A;N/A;N/A;N/A;N/A;N/A;N/A;N/A;N/A;N/A;N/A;N/A;N/A;N/A;N/A;N/A;N/A;N/A;N/A;N/A;N/A;N/A;N/A;N/A;N/A;N/A;N/A;N/A;N/A;N/A;N/A;N/A;N/A;N/A;N/A;N/A;N/A;N/A;N/A;N/A;N/A;N/A;N/A;N/A;N/A;N/A;N/A;N/A;N/A;N/A;N/A;N/A;N/A;N/A;N/A;N/A;N/A;N/A;N/A;N/A;N/A;N/A;N/A;N/A;N/A;N/A;N/A;N/A;N/A;N/A;N/A;N/A;N/A;N/A;N/A;N/A;N/A;N/A;N/A;N/A;N/A;N/A;N/A;N/A;N/A;N/A;N/A;N/A;N/A;N/A;N/A;N/A;N/A;N/A;N/A;N/A;N/A;N/A;N/A;N/A;N/A;N/A;N/A;N/A;N/A;N/A;N/A;Sí;N/A;N/A;N/A;N/A;Sí;N/A;Sí
Nissan;D-22;Semifull;1999;"300000 km";;NUÑEZEDUARDO20220316001648;15500;;;;;Tala;https://auto.mercadolibre.com.uy/MLU-666225488-nissan-d22-semifull-_JM;N/A;;"Nissan D22 Semifull";USD;No;free;false;N/A;N/A;http://perfil.mercadolibre.com.uy/NU%C3%91EZEDUARDO20220316001648;active;N/A;N/A;Usado;N/A;N/A;N/A;N/A;N/A;N/A;N/A;N/A;N/A;N/A;N/A;N/A;N/A;N/A;N/A;N/A;N/A;N/A;N/A;N/A;N/A;N/A;N/A;N/A;N/A;N/A;N/A;N/A;N/A;N/A;N/A;N/A;N/A;N/A;N/A;N/A;N/A;N/A;N/A;N/A;N/A;N/A;N/A;N/A;N/A;N/A;N/A;N/A;N/A;N/A;N/A;N/A;N/A;N/A;N/A;N/A;N/A;N/A;N/A;N/A;N/A;N/A;N/A;N/A;N/A;N/A;N/A;N/A;N/A;N/A;N/A;N/A;N/A;N/A;N/A;N/A;N/A;N/A;N/A;N/A;N/A;N/A;N/A;N/A;N/A;N/A;N/A;N/A;N/A;N/A;N/A;N/A;N/A;N/A;N/A;N/A;N/A;N/A;N/A;N/A;N/A;N/A;N/A;N/A;N/A;N/A;N/A;N/A;4;N/A;Diésel;N/A;N/A;"Autos y camionetas";N/A;N/A;N/A;N/A;N/A;N/A;N/A;N/A;N/A;N/A;N/A;N/A;N/A;N/A;N/A;N/A;N/A;N/A;N/A;N/A;N/A;N/A;N/A;N/A;N/A;N/A;N/A;N/A;N/A;N/A;N/A;N/A;N/A;N/A;N/A;N/A;N/A;N/A;N/A;N/A;N/A;N/A;N/A;N/A;N/A;N/A;N/A;N/A;N/A;N/A;N/A;N/A;N/A;N/A;N/A;N/A;N/A;N/A;N/A;N/A;N/A;N/A;N/A;N/A;N/A;N/A;N/A;N/A;N/A;N/A;N/A;N/A;N/A;N/A;N/A;N/A;N/A;N/A;N/A;N/A;N/A;N/A;N/A;N/A;N/A;N/A;N/A;N/A;N/A;N/A;N/A;N/A;N/A;N/A;N/A;N/A;N/A;N/A;N/A;N/A;N/A;N/A;N/A;N/A;N/A;N/A;N/A;N/A;N/A;N/A;N/A;N/A;N/A;N/A;N/A;N/A;N/A;N/A;N/A;N/A;N/A;N/A
Nissan;"NP300 Frontier";"2.5 S 161 Hp Pick Up";2019;"60000 km";;CAAN7953089;26000;;;;;Guichón;https://auto.mercadolibre.com.uy/MLU-666253892-nissan-frontier-_JM;N/A;;"Nissan Frontier";usd;Sí;free;false;N/A;N/A;http://perfil.mercadolibre.com.uy/CAAN7953089;active;N/A;N/A;Usado;Blanco;N/A;Hidráulica;4x2;Sí;N/A;N/A;N/A;N/A;N/A;N/A;N/A;N/A;N/A;N/A;N/A;N/A;N/A;N/A;N/A;N/A;N/A;N/A;N/A;N/A;N/A;N/A;N/A;N/A;"3150 mm";"2.5 L";"80 L";6;N/A;N/A;N/A;N/A;N/A;N/A;N/A;N/A;N/A;N/A;N/A;N/A;N/A;N/A;N/A;N/A;N/A;N/A;N/A;N/A;N/A;N/A;N/A;N/A;N/A;N/A;N/A;N/A;N/A;N/A;N/A;N/A;N/A;Sí;Sí;N/A;N/A;N/A;N/A;N/A;N/A;N/A;N/A;N/A;N/A;"1860 mm";"5258 mm";N/A;N/A;N/A;N/A;N/A;"161 hp";S;N/A;4;"1850 mm";N/A;N/A;N/A;N/A;N/A;N/A;N/A;N/A;N/A;N/A;N/A;N/A;N/A;N/A;N/A;N/A;N/A;"Lunes a Domingos de 10:00 a 23:00 hs";4;2.5;Diésel;Manual;Pick-Up;"Autos y camionetas";N/A;N/A;N/A;N/A;N/A;N/A;UY;N/A;N/A;N/A;N/A;N/A;N/A;N/A;N/A;N/A;N/A;N/A;N/A;N/A;N/A;N/A;N/A;N/A;N/A;N/A;N/A;N/A;N/A;N/A;N/A;N/A;N/A;N/A;N/A;N/A;N/A;N/A;N/A;N/A;N/A;N/A;N/A;N/A;N/A;N/A;N/A;N/A;N/A;N/A;N/A;N/A;N/A;N/A;N/A;N/A;N/A;N/A;N/A;N/A;N/A;N/A;N/A;N/A;N/A;N/A;N/A;N/A;N/A;N/A;N/A;N/A;N/A;N/A;N/A;N/A;N/A;N/A;N/A;N/A;N/A;N/A;N/A;N/A;N/A;N/A;N/A;N/A;N/A;N/A;N/A;N/A;N/A;N/A;N/A;N/A;Sí;N/A;N/A;N/A;N/A;N/A;N/A;N/A;N/A;Sí;N/A;N/A;N/A;N/A;N/A;N/A;N/A;N/A;Sí;N/A;N/A;N/A;N/A;N/A;N/A;N/A
Nissan;720;720;1998;"508000 km";;PRANDINIMARIANO;7500;;;;;Salinas;https://auto.mercadolibre.com.uy/MLU-666122616-nissan-720-720-_JM;N/A;;"Nissan 720 720";USD;No;free;false;N/A;N/A;http://perfil.mercadolibre.com.uy/PRANDINIMARIANO;active;N/A;N/A;Usado;N/A;N/A;N/A;N/A;N/A;N/A;N/A;N/A;N/A;N/A;N/A;N/A;N/A;N/A;N/A;N/A;N/A;N/A;N/A;N/A;N/A;N/A;N/A;N/A;N/A;N/A;N/A;N/A;N/A;N/A;N/A;N/A;N/A;N/A;N/A;N/A;N/A;N/A;N/A;N/A;N/A;N/A;N/A;N/A;N/A;N/A;N/A;N/A;N/A;N/A;N/A;N/A;N/A;N/A;N/A;N/A;N/A;N/A;N/A;N/A;N/A;N/A;N/A;N/A;N/A;N/A;N/A;N/A;N/A;N/A;N/A;N/A;N/A;N/A;N/A;N/A;N/A;N/A;N/A;N/A;N/A;N/A;N/A;N/A;N/A;N/A;N/A;N/A;N/A;N/A;N/A;N/A;N/A;N/A;N/A;N/A;N/A;N/A;N/A;N/A;N/A;N/A;N/A;N/A;N/A;N/A;N/A;N/A;4;N/A;Diésel;N/A;N/A;"Autos y camionetas";N/A;N/A;N/A;N/A;N/A;N/A;N/A;N/A;N/A;N/A;N/A;N/A;N/A;N/A;N/A;N/A;N/A;N/A;N/A;N/A;N/A;N/A;N/A;N/A;N/A;N/A;N/A;N/A;N/A;N/A;N/A;N/A;N/A;N/A;N/A;N/A;N/A;N/A;N/A;N/A;N/A;N/A;N/A;N/A;N/A;N/A;N/A;N/A;N/A;N/A;N/A;N/A;N/A;N/A;N/A;N/A;N/A;N/A;N/A;N/A;N/A;N/A;N/A;N/A;N/A;N/A;N/A;N/A;N/A;N/A;N/A;N/A;N/A;N/A;N/A;N/A;N/A;N/A;N/A;N/A;N/A;N/A;N/A;N/A;N/A;N/A;N/A;N/A;N/A;N/A;N/A;N/A;N/A;N/A;N/A;N/A;N/A;N/A;N/A;N/A;N/A;N/A;N/A;N/A;N/A;N/A;N/A;N/A;N/A;N/A;N/A;N/A;N/A;N/A;N/A;N/A;N/A;N/A;N/A;N/A;N/A;N/A
Nissan;Tiida;"1.8 Premium Mt";2009;"195000 km";;VILU5119870;7390;;;;;Cordón;https://auto.mercadolibre.com.uy/MLU-664993502-nissan-tida-extra-full-18-_JM;N/A;;"Nissan Tida Extra Full 1.8";usd;Sí;free;false;N/A;N/A;http://perfil.mercadolibre.com.uy/VILU5119870;active;N/A;N/A;Usado;Negro;N/A;Hidráulica;Delantera;Sí;N/A;N/A;N/A;N/A;N/A;N/A;N/A;N/A;N/A;N/A;N/A;N/A;N/A;N/A;N/A;N/A;N/A;N/A;N/A;N/A;N/A;N/A;N/A;N/A;"2600 mm";"1.8 L";"52.4 L";N/A;N/A;N/A;N/A;N/A;N/A;N/A;N/A;N/A;N/A;N/A;N/A;N/A;N/A;N/A;N/A;N/A;N/A;N/A;N/A;N/A;N/A;N/A;N/A;N/A;N/A;N/A;N/A;N/A;N/A;N/A;N/A;N/A;N/A;N/A;N/A;N/A;N/A;N/A;N/A;N/A;N/A;N/A;N/A;N/A;N/A;"1548 mm";"4297 mm";N/A;N/A;N/A;N/A;N/A;N/A;Premium;N/A;N/A;"1695 mm";N/A;N/A;N/A;N/A;N/A;N/A;N/A;N/A;N/A;N/A;N/A;N/A;N/A;N/A;N/A;N/A;N/A;N/A;5;1.8;Nafta;Manual;Hatchback;"Autos y camionetas";N/A;N/A;N/A;N/A;N/A;N/A;UY;N/A;N/A;N/A;N/A;N/A;N/A;N/A;N/A;N/A;N/A;N/A;N/A;N/A;N/A;N/A;N/A;N/A;N/A;N/A;N/A;N/A;N/A;N/A;N/A;N/A;N/A;N/A;N/A;N/A;N/A;N/A;N/A;N/A;N/A;N/A;N/A;N/A;N/A;N/A;N/A;N/A;N/A;N/A;N/A;N/A;N/A;N/A;N/A;N/A;N/A;N/A;N/A;N/A;N/A;N/A;N/A;N/A;N/A;N/A;N/A;N/A;N/A;N/A;N/A;N/A;N/A;N/A;N/A;N/A;N/A;N/A;N/A;N/A;N/A;N/A;N/A;N/A;N/A;N/A;N/A;N/A;N/A;N/A;N/A;N/A;N/A;N/A;N/A;N/A;Sí;N/A;N/A;N/A;N/A;N/A;N/A;N/A;N/A;N/A;N/A;N/A;N/A;N/A;N/A;N/A;N/A;N/A;Sí;N/A;N/A;N/A;N/A;N/A;N/A;N/A
Nissan;Frontier;Se;2018;"118000 km";;OLIVERAPAOLA64;22000;;;;;Paysandú;https://auto.mercadolibre.com.uy/MLU-664945030-nissan-frontier-se-_JM;N/A;;"Nissan Frontier Se";USD;Sí;free;false;N/A;N/A;http://perfil.mercadolibre.com.uy/OLIVERAPAOLA64;active;N/A;N/A;Usado;N/A;N/A;N/A;N/A;N/A;N/A;N/A;N/A;N/A;N/A;N/A;N/A;N/A;N/A;N/A;N/A;N/A;N/A;N/A;N/A;N/A;N/A;N/A;N/A;N/A;N/A;N/A;N/A;N/A;N/A;N/A;N/A;N/A;N/A;N/A;N/A;N/A;N/A;N/A;N/A;N/A;N/A;N/A;N/A;N/A;N/A;N/A;N/A;N/A;N/A;N/A;N/A;N/A;N/A;N/A;N/A;N/A;N/A;N/A;N/A;N/A;N/A;N/A;N/A;N/A;N/A;N/A;N/A;N/A;N/A;N/A;N/A;N/A;N/A;N/A;N/A;N/A;N/A;N/A;N/A;N/A;N/A;N/A;N/A;N/A;N/A;N/A;N/A;N/A;N/A;N/A;N/A;N/A;N/A;N/A;N/A;N/A;N/A;N/A;N/A;N/A;N/A;N/A;N/A;N/A;N/A;N/A;N/A;4;N/A;Nafta;N/A;N/A;"Autos y camionetas";N/A;N/A;N/A;N/A;N/A;N/A;N/A;N/A;N/A;N/A;N/A;N/A;N/A;N/A;N/A;N/A;N/A;N/A;N/A;N/A;N/A;N/A;N/A;N/A;N/A;N/A;N/A;N/A;N/A;N/A;N/A;N/A;N/A;N/A;N/A;N/A;N/A;N/A;N/A;N/A;N/A;N/A;N/A;N/A;N/A;N/A;N/A;N/A;N/A;N/A;N/A;N/A;N/A;N/A;N/A;N/A;N/A;N/A;N/A;N/A;N/A;N/A;N/A;N/A;N/A;N/A;N/A;N/A;N/A;N/A;N/A;N/A;N/A;N/A;N/A;N/A;N/A;N/A;N/A;N/A;N/A;N/A;N/A;N/A;N/A;N/A;N/A;N/A;N/A;N/A;N/A;N/A;N/A;N/A;N/A;N/A;N/A;N/A;N/A;N/A;N/A;N/A;N/A;N/A;N/A;N/A;N/A;N/A;N/A;N/A;N/A;N/A;N/A;N/A;N/A;N/A;N/A;N/A;N/A;N/A;N/A;N/A
Nissan;Sentra;"VERSA DRIVE TM";2022;"30000 km";;"ABRIL N";14990;;;;;Centro;https://auto.mercadolibre.com.uy/MLU-664528604-nissan-sentra-versa-drive-tm-_JM;N/A;;"Nissan Sentra Versa Drive Tm";USD;Sí;free;false;N/A;N/A;http://perfil.mercadolibre.com.uy/ABRIL+N;active;N/A;N/A;Usado;N/A;N/A;N/A;N/A;N/A;N/A;N/A;N/A;N/A;N/A;N/A;N/A;N/A;N/A;N/A;N/A;N/A;N/A;N/A;N/A;N/A;N/A;N/A;N/A;N/A;N/A;N/A;N/A;N/A;N/A;N/A;N/A;N/A;N/A;N/A;N/A;N/A;N/A;N/A;N/A;N/A;N/A;N/A;N/A;N/A;N/A;N/A;N/A;N/A;N/A;N/A;N/A;N/A;N/A;N/A;N/A;N/A;N/A;N/A;N/A;N/A;N/A;N/A;N/A;N/A;N/A;N/A;N/A;N/A;N/A;N/A;N/A;N/A;N/A;N/A;N/A;N/A;N/A;N/A;N/A;N/A;N/A;N/A;N/A;N/A;N/A;N/A;N/A;N/A;N/A;N/A;N/A;N/A;N/A;N/A;N/A;N/A;N/A;N/A;N/A;N/A;N/A;N/A;N/A;N/A;N/A;N/A;N/A;4;N/A;Nafta;N/A;N/A;"Autos y camionetas";N/A;N/A;N/A;N/A;N/A;N/A;N/A;N/A;N/A;N/A;N/A;N/A;N/A;N/A;N/A;N/A;N/A;N/A;N/A;N/A;N/A;N/A;N/A;N/A;N/A;N/A;N/A;N/A;N/A;N/A;N/A;N/A;N/A;N/A;N/A;N/A;N/A;N/A;N/A;N/A;N/A;N/A;N/A;N/A;N/A;N/A;N/A;N/A;N/A;N/A;N/A;N/A;N/A;N/A;N/A;N/A;N/A;N/A;N/A;N/A;N/A;N/A;N/A;N/A;N/A;N/A;N/A;N/A;N/A;N/A;N/A;N/A;N/A;N/A;N/A;N/A;N/A;N/A;N/A;N/A;N/A;N/A;N/A;N/A;N/A;N/A;N/A;N/A;N/A;N/A;N/A;N/A;N/A;N/A;N/A;N/A;N/A;N/A;N/A;N/A;N/A;N/A;N/A;N/A;N/A;N/A;N/A;N/A;N/A;N/A;N/A;N/A;N/A;N/A;N/A;N/A;N/A;N/A;N/A;N/A;N/A;N/A
Nissan;X-Trail;"Extra full automatic";2013;"169000 km";;MIERESMA;19000;;;;;Belvedere;https://auto.mercadolibre.com.uy/MLU-664263114-nissan-x-trail-extra-full-automatic-_JM;N/A;;"Nissan X-trail Extra Full Automatic";USD;Sí;free;false;N/A;N/A;http://perfil.mercadolibre.com.uy/MIERESMA;active;N/A;N/A;Usado;N/A;N/A;N/A;N/A;N/A;N/A;N/A;N/A;N/A;N/A;N/A;N/A;N/A;N/A;N/A;N/A;N/A;N/A;N/A;N/A;N/A;N/A;N/A;N/A;N/A;N/A;N/A;N/A;N/A;N/A;N/A;N/A;N/A;N/A;N/A;N/A;N/A;N/A;N/A;N/A;N/A;N/A;N/A;N/A;N/A;N/A;N/A;N/A;N/A;N/A;N/A;N/A;N/A;N/A;N/A;N/A;N/A;N/A;N/A;N/A;N/A;N/A;N/A;N/A;N/A;N/A;N/A;N/A;N/A;N/A;N/A;N/A;N/A;N/A;N/A;N/A;N/A;N/A;N/A;N/A;N/A;N/A;N/A;N/A;N/A;N/A;N/A;N/A;N/A;N/A;N/A;N/A;N/A;N/A;N/A;N/A;N/A;N/A;N/A;N/A;N/A;N/A;N/A;N/A;N/A;N/A;N/A;N/A;5;N/A;Nafta;N/A;N/A;"Autos y camionetas";N/A;N/A;N/A;N/A;N/A;N/A;N/A;N/A;N/A;N/A;N/A;N/A;N/A;N/A;N/A;N/A;N/A;N/A;N/A;N/A;N/A;N/A;N/A;N/A;N/A;N/A;N/A;N/A;N/A;N/A;N/A;N/A;N/A;N/A;N/A;N/A;N/A;N/A;N/A;N/A;N/A;N/A;N/A;N/A;N/A;N/A;N/A;N/A;N/A;N/A;N/A;N/A;N/A;N/A;N/A;N/A;N/A;N/A;N/A;N/A;N/A;N/A;N/A;N/A;N/A;N/A;N/A;N/A;N/A;N/A;N/A;N/A;N/A;N/A;N/A;N/A;N/A;N/A;N/A;N/A;N/A;N/A;N/A;N/A;N/A;N/A;N/A;N/A;N/A;N/A;N/A;N/A;N/A;N/A;N/A;N/A;N/A;N/A;N/A;N/A;N/A;N/A;N/A;N/A;N/A;N/A;N/A;N/A;N/A;N/A;N/A;N/A;N/A;N/A;N/A;N/A;N/A;N/A;N/A;N/A;N/A;N/A
Nissan;Frontier;"Crew Cab Se 4x2 At";2009;"111111 km";;"BESTBUY UY";16000;;;;;Maldonado;https://auto.mercadolibre.com.uy/MLU-664143644-camioneta-nissan-diesel-aire-y-direccion-manual-motor-27-_JM;N/A;;"Camioneta Nissan Diesel Aire Y Direccion, Manual Motor 2.7";usd;Sí;free;false;N/A;N/A;http://perfil.mercadolibre.com.uy/BESTBUY+UY;active;N/A;N/A;Usado;Blanco;N/A;Hidráulica;4x2;Sí;N/A;N/A;N/A;N/A;N/A;N/A;N/A;N/A;N/A;N/A;N/A;N/A;N/A;N/A;N/A;N/A;N/A;N/A;N/A;N/A;N/A;N/A;N/A;N/A;N/A;"3.3 L";N/A;N/A;N/A;N/A;N/A;N/A;N/A;N/A;N/A;N/A;N/A;N/A;N/A;N/A;N/A;N/A;N/A;N/A;N/A;N/A;N/A;N/A;N/A;N/A;N/A;N/A;N/A;N/A;N/A;N/A;N/A;N/A;N/A;N/A;N/A;N/A;N/A;N/A;N/A;N/A;N/A;N/A;N/A;N/A;N/A;N/A;N/A;N/A;N/A;N/A;N/A;N/A;N/A;N/A;N/A;Se;N/A;N/A;N/A;N/A;N/A;N/A;N/A;N/A;N/A;N/A;N/A;N/A;N/A;N/A;N/A;N/A;N/A;N/A;N/A;N/A;N/A;4;3.3;Diésel;Automática;Pick-Up;"Autos y camionetas";N/A;N/A;N/A;N/A;N/A;N/A;UY;N/A;N/A;N/A;N/A;N/A;N/A;N/A;N/A;N/A;N/A;N/A;N/A;N/A;N/A;N/A;N/A;N/A;N/A;N/A;N/A;N/A;N/A;N/A;N/A;N/A;N/A;N/A;N/A;N/A;N/A;N/A;N/A;N/A;N/A;N/A;N/A;N/A;N/A;N/A;N/A;N/A;N/A;N/A;N/A;N/A;N/A;N/A;N/A;N/A;N/A;N/A;N/A;N/A;N/A;N/A;N/A;N/A;N/A;N/A;N/A;N/A;N/A;N/A;N/A;N/A;N/A;N/A;N/A;N/A;N/A;N/A;N/A;N/A;N/A;N/A;N/A;N/A;N/A;N/A;N/A;N/A;N/A;N/A;N/A;N/A;N/A;N/A;N/A;N/A;Sí;N/A;N/A;N/A;N/A;N/A;N/A;N/A;N/A;N/A;N/A;N/A;N/A;N/A;N/A;N/A;N/A;N/A;Sí;N/A;N/A;N/A;N/A;N/A;N/A;N/A
Nissan;Tiida;"1.8 Premium Mt";2011;"200000 km";;MEEM7278681;10000;;;;;Centro;https://auto.mercadolibre.com.uy/MLU-663753754-nissan-tiida-2011-18-premium-mt-_JM;N/A;;"Nissan Tiida 2011 1.8 Premium Mt";usd;Sí;free;false;N/A;N/A;http://perfil.mercadolibre.com.uy/MEEM7278681;active;N/A;N/A;Usado;N/A;N/A;Hidráulica;Delantera;Sí;N/A;N/A;N/A;N/A;N/A;N/A;N/A;N/A;N/A;N/A;N/A;N/A;N/A;N/A;N/A;N/A;N/A;N/A;N/A;N/A;N/A;N/A;N/A;N/A;"2600 mm";"1.8 L";"52 L";N/A;N/A;N/A;N/A;N/A;N/A;N/A;N/A;N/A;N/A;N/A;N/A;N/A;N/A;N/A;N/A;N/A;N/A;N/A;N/A;N/A;N/A;N/A;N/A;N/A;N/A;N/A;N/A;N/A;N/A;N/A;N/A;N/A;N/A;N/A;N/A;N/A;N/A;N/A;N/A;N/A;N/A;N/A;N/A;N/A;N/A;"1548 mm";"4297 mm";N/A;N/A;N/A;N/A;N/A;N/A;Premium;N/A;N/A;"1695 mm";N/A;N/A;N/A;N/A;N/A;N/A;N/A;N/A;N/A;N/A;N/A;N/A;N/A;N/A;N/A;N/A;N/A;N/A;5;1.8;Nafta;Manual;Hatchback;"Autos y camionetas";N/A;N/A;N/A;N/A;N/A;N/A;UY;N/A;N/A;N/A;N/A;N/A;N/A;N/A;N/A;N/A;N/A;N/A;N/A;N/A;N/A;N/A;N/A;N/A;N/A;N/A;N/A;N/A;N/A;N/A;N/A;N/A;N/A;N/A;N/A;N/A;N/A;N/A;N/A;N/A;N/A;N/A;N/A;N/A;N/A;N/A;N/A;N/A;N/A;N/A;N/A;N/A;N/A;N/A;N/A;N/A;N/A;N/A;N/A;N/A;N/A;N/A;N/A;N/A;N/A;N/A;N/A;N/A;N/A;N/A;N/A;N/A;N/A;N/A;N/A;N/A;N/A;N/A;N/A;N/A;N/A;N/A;N/A;N/A;N/A;N/A;N/A;N/A;N/A;N/A;N/A;N/A;N/A;N/A;N/A;N/A;Sí;N/A;N/A;N/A;N/A;N/A;N/A;N/A;N/A;N/A;N/A;N/A;N/A;N/A;N/A;N/A;N/A;N/A;Sí;N/A;N/A;N/A;N/A;N/A;N/A;N/A
Nissan;March;"1.6 Advance Mt";2011;"140000 km";;JAVIERAREZO;9300;;;;;N/A;https://auto.mercadolibre.com.uy/MLU-663778762-nissan-march-2011-16-advance-mt-_JM;N/A;;"Nissan March 2011 1.6 Advance Mt";usd;Sí;free;false;N/A;N/A;http://perfil.mercadolibre.com.uy/JAVIERAREZO;active;N/A;N/A;Usado;N/A;N/A;Hidráulica;Delantera;Sí;N/A;N/A;N/A;N/A;N/A;N/A;N/A;N/A;N/A;N/A;N/A;N/A;N/A;N/A;N/A;N/A;N/A;N/A;N/A;N/A;N/A;N/A;N/A;N/A;"2450 mm";"1.6 L";"41 L";N/A;N/A;N/A;N/A;N/A;N/A;N/A;N/A;N/A;N/A;N/A;N/A;N/A;N/A;N/A;N/A;N/A;N/A;N/A;N/A;N/A;N/A;N/A;N/A;N/A;N/A;N/A;N/A;N/A;N/A;N/A;N/A;N/A;N/A;N/A;N/A;N/A;N/A;N/A;N/A;N/A;N/A;N/A;N/A;N/A;N/A;"1528 mm";"3780 mm";N/A;N/A;N/A;N/A;5;"109 hp";Advance;N/A;N/A;"1665 mm";N/A;N/A;N/A;N/A;N/A;N/A;N/A;N/A;N/A;N/A;N/A;N/A;N/A;N/A;N/A;N/A;N/A;N/A;5;1.6;Nafta;Manual;Hatchback;"Autos y camionetas";N/A;N/A;N/A;N/A;N/A;N/A;UY;N/A;N/A;N/A;N/A;N/A;N/A;N/A;N/A;N/A;N/A;N/A;N/A;N/A;N/A;N/A;N/A;N/A;N/A;N/A;N/A;N/A;N/A;N/A;N/A;N/A;N/A;N/A;N/A;N/A;N/A;N/A;N/A;N/A;N/A;N/A;N/A;N/A;N/A;N/A;N/A;N/A;N/A;N/A;N/A;N/A;N/A;N/A;N/A;N/A;N/A;N/A;N/A;N/A;N/A;N/A;N/A;N/A;N/A;N/A;N/A;N/A;N/A;N/A;N/A;N/A;N/A;N/A;N/A;N/A;N/A;N/A;N/A;N/A;N/A;N/A;N/A;N/A;N/A;N/A;N/A;N/A;N/A;N/A;N/A;N/A;N/A;N/A;N/A;N/A;Sí;N/A;N/A;N/A;N/A;N/A;N/A;N/A;N/A;N/A;N/A;N/A;N/A;N/A;N/A;N/A;N/A;N/A;Sí;N/A;N/A;N/A;N/A;N/A;N/A;N/A
Nissan;D-21;"Extra Full";1998;"290000 km";;JOAQUNAMARO;17800;;;;;Durazno;https://auto.mercadolibre.com.uy/MLU-664627040-nissan-d21-extra-full-_JM;N/A;;"Nissan D21 Extra Full";USD;No;free;false;N/A;N/A;http://perfil.mercadolibre.com.uy/JOAQUNAMARO;active;N/A;N/A;Usado;N/A;N/A;N/A;N/A;N/A;N/A;N/A;N/A;N/A;N/A;N/A;N/A;N/A;N/A;N/A;N/A;N/A;N/A;N/A;N/A;N/A;N/A;N/A;N/A;N/A;N/A;N/A;N/A;N/A;N/A;N/A;N/A;N/A;N/A;N/A;N/A;N/A;N/A;N/A;N/A;N/A;N/A;N/A;N/A;N/A;N/A;N/A;N/A;N/A;N/A;N/A;N/A;N/A;N/A;N/A;N/A;N/A;N/A;N/A;N/A;N/A;N/A;N/A;N/A;N/A;N/A;N/A;N/A;N/A;N/A;N/A;N/A;N/A;N/A;N/A;N/A;N/A;N/A;N/A;N/A;N/A;N/A;N/A;N/A;N/A;N/A;N/A;N/A;N/A;N/A;N/A;N/A;N/A;N/A;N/A;N/A;N/A;N/A;N/A;N/A;N/A;N/A;N/A;N/A;N/A;N/A;N/A;N/A;4;N/A;Diésel;N/A;N/A;"Autos y camionetas";N/A;N/A;N/A;N/A;N/A;N/A;N/A;N/A;N/A;N/A;N/A;N/A;N/A;N/A;N/A;N/A;N/A;N/A;N/A;N/A;N/A;N/A;N/A;N/A;N/A;N/A;N/A;N/A;N/A;N/A;N/A;N/A;N/A;N/A;N/A;N/A;N/A;N/A;N/A;N/A;N/A;N/A;N/A;N/A;N/A;N/A;N/A;N/A;N/A;N/A;N/A;N/A;N/A;N/A;N/A;N/A;N/A;N/A;N/A;N/A;N/A;N/A;N/A;N/A;N/A;N/A;N/A;N/A;N/A;N/A;N/A;N/A;N/A;N/A;N/A;N/A;N/A;N/A;N/A;N/A;N/A;N/A;N/A;N/A;N/A;N/A;N/A;N/A;N/A;N/A;N/A;N/A;N/A;N/A;N/A;N/A;N/A;N/A;N/A;N/A;N/A;N/A;N/A;N/A;N/A;N/A;N/A;N/A;N/A;N/A;N/A;N/A;N/A;N/A;N/A;N/A;N/A;N/A;N/A;N/A;N/A;N/A
Nissan;Frontier;"Nissan frontiernp300";2017;"50000 km";;DUPASOFABIAN20230622023120;17900;;;;;Cerro;https://auto.mercadolibre.com.uy/MLU-634970169-nissan-frontier-nissan-frontiernp300-_JM;N/A;;"Nissan Frontier Nissan Frontiernp300";USD;Sí;free;false;N/A;N/A;http://perfil.mercadolibre.com.uy/DUPASOFABIAN20230622023120;active;N/A;N/A;Usado;N/A;N/A;N/A;N/A;N/A;N/A;N/A;N/A;N/A;N/A;N/A;N/A;N/A;N/A;N/A;N/A;N/A;N/A;N/A;N/A;N/A;N/A;N/A;N/A;N/A;N/A;N/A;N/A;N/A;N/A;N/A;N/A;N/A;N/A;N/A;N/A;N/A;N/A;N/A;N/A;N/A;N/A;N/A;N/A;N/A;N/A;N/A;N/A;N/A;N/A;N/A;N/A;N/A;N/A;N/A;N/A;N/A;N/A;N/A;N/A;N/A;N/A;N/A;N/A;N/A;N/A;N/A;N/A;N/A;N/A;N/A;N/A;N/A;N/A;N/A;N/A;N/A;N/A;N/A;N/A;N/A;N/A;N/A;N/A;N/A;N/A;N/A;N/A;N/A;N/A;N/A;N/A;N/A;N/A;N/A;N/A;N/A;N/A;N/A;N/A;N/A;N/A;N/A;N/A;N/A;N/A;N/A;N/A;4;N/A;Nafta;N/A;N/A;"Autos y camionetas";N/A;N/A;N/A;N/A;N/A;N/A;N/A;N/A;N/A;N/A;N/A;N/A;N/A;N/A;N/A;N/A;N/A;N/A;N/A;N/A;N/A;N/A;N/A;N/A;N/A;N/A;N/A;N/A;N/A;N/A;N/A;N/A;N/A;N/A;N/A;N/A;N/A;N/A;N/A;N/A;N/A;N/A;N/A;N/A;N/A;N/A;N/A;N/A;N/A;N/A;N/A;N/A;N/A;N/A;N/A;N/A;N/A;N/A;N/A;N/A;N/A;N/A;N/A;N/A;N/A;N/A;N/A;N/A;N/A;N/A;N/A;N/A;N/A;N/A;N/A;N/A;N/A;N/A;N/A;N/A;N/A;N/A;N/A;N/A;N/A;N/A;N/A;N/A;N/A;N/A;N/A;N/A;N/A;N/A;N/A;N/A;N/A;N/A;N/A;N/A;N/A;N/A;N/A;N/A;N/A;N/A;N/A;N/A;N/A;N/A;N/A;N/A;N/A;N/A;N/A;N/A;N/A;N/A;N/A;N/A;N/A;N/A
Nissan;"Patrol gr 2.8 td6";"Diesel 4X4";1998;"260000 km";;PMCLASICOS;23000;;;;;Pando;https://auto.mercadolibre.com.uy/MLU-635423593-nissan-patrol-gr-28-td6-diesel-4x4-_JM;N/A;;"Nissan Patrol Gr 2.8 Td6  Diesel 4x4";USD;No;free;false;N/A;N/A;http://perfil.mercadolibre.com.uy/PMCLASICOS;active;N/A;N/A;Usado;N/A;N/A;N/A;N/A;N/A;N/A;N/A;N/A;N/A;N/A;N/A;N/A;N/A;N/A;N/A;N/A;N/A;N/A;N/A;N/A;N/A;N/A;N/A;N/A;N/A;N/A;N/A;N/A;N/A;N/A;N/A;N/A;N/A;N/A;N/A;N/A;N/A;N/A;N/A;N/A;N/A;N/A;N/A;N/A;N/A;N/A;N/A;N/A;N/A;N/A;N/A;N/A;N/A;N/A;N/A;N/A;N/A;N/A;N/A;N/A;N/A;N/A;N/A;N/A;N/A;N/A;N/A;N/A;N/A;N/A;N/A;N/A;N/A;N/A;N/A;N/A;N/A;N/A;N/A;N/A;N/A;N/A;N/A;N/A;N/A;N/A;N/A;N/A;N/A;N/A;N/A;N/A;N/A;N/A;N/A;N/A;N/A;N/A;N/A;N/A;N/A;N/A;N/A;N/A;N/A;N/A;N/A;N/A;3;N/A;Diésel;N/A;N/A;"Autos y camionetas";N/A;N/A;N/A;N/A;N/A;N/A;N/A;N/A;N/A;N/A;N/A;N/A;N/A;N/A;N/A;N/A;N/A;N/A;N/A;N/A;N/A;N/A;N/A;N/A;N/A;N/A;N/A;N/A;N/A;N/A;N/A;N/A;N/A;N/A;N/A;N/A;N/A;N/A;N/A;N/A;N/A;N/A;N/A;N/A;N/A;N/A;N/A;N/A;N/A;N/A;N/A;N/A;N/A;N/A;N/A;N/A;N/A;N/A;N/A;N/A;N/A;N/A;N/A;N/A;N/A;N/A;N/A;N/A;N/A;N/A;N/A;N/A;N/A;N/A;N/A;N/A;N/A;N/A;N/A;N/A;N/A;N/A;N/A;N/A;N/A;N/A;N/A;N/A;N/A;N/A;N/A;N/A;N/A;N/A;N/A;N/A;N/A;N/A;N/A;N/A;N/A;N/A;N/A;N/A;N/A;N/A;N/A;N/A;N/A;N/A;N/A;N/A;N/A;N/A;N/A;N/A;N/A;N/A;N/A;N/A;N/A;N/A
Nissan;Versa;"1.6 Drive";2018;"130000 km";;SOSAMARCELO20230427081908;12000;;;;;Pando;https://auto.mercadolibre.com.uy/MLU-635433455-nissan-versa-2018-16-drive-_JM;N/A;;"Nissan Versa 2018 1.6 Drive";usd;Sí;free;false;N/A;N/A;http://perfil.mercadolibre.com.uy/SOSAMARCELO20230427081908;active;N/A;N/A;Usado;N/A;N/A;Hidráulica;Delantera;Sí;N/A;N/A;N/A;N/A;N/A;N/A;N/A;N/A;N/A;N/A;N/A;N/A;N/A;N/A;N/A;N/A;N/A;N/A;N/A;N/A;N/A;N/A;N/A;N/A;"2600 mm";"1.6 L";"41 L";5;N/A;N/A;N/A;N/A;N/A;N/A;N/A;N/A;N/A;N/A;N/A;N/A;N/A;N/A;N/A;N/A;N/A;N/A;N/A;N/A;N/A;N/A;N/A;N/A;N/A;N/A;N/A;N/A;N/A;N/A;N/A;N/A;N/A;N/A;N/A;N/A;N/A;N/A;N/A;N/A;N/A;N/A;N/A;N/A;N/A;"1506 mm";"4492 mm";N/A;N/A;N/A;N/A;5;"106 hp";Drive;N/A;4;"1695 mm";N/A;N/A;N/A;N/A;N/A;N/A;N/A;Sí;N/A;N/A;N/A;N/A;N/A;N/A;N/A;N/A;N/A;N/A;4;1.6;Nafta;Manual;Sedán;"Autos y camionetas";N/A;N/A;N/A;N/A;N/A;N/A;UY;N/A;N/A;N/A;N/A;N/A;N/A;N/A;N/A;N/A;N/A;N/A;N/A;N/A;N/A;N/A;N/A;N/A;N/A;N/A;N/A;N/A;N/A;N/A;N/A;N/A;N/A;N/A;N/A;N/A;N/A;N/A;N/A;N/A;N/A;N/A;N/A;N/A;N/A;N/A;N/A;N/A;N/A;N/A;N/A;N/A;N/A;N/A;N/A;N/A;N/A;N/A;N/A;N/A;N/A;N/A;N/A;N/A;N/A;N/A;N/A;N/A;N/A;N/A;N/A;N/A;N/A;N/A;N/A;N/A;N/A;N/A;N/A;N/A;N/A;N/A;N/A;N/A;N/A;N/A;N/A;N/A;N/A;N/A;N/A;N/A;N/A;N/A;N/A;N/A;Sí;N/A;N/A;N/A;N/A;N/A;N/A;N/A;N/A;Sí;N/A;N/A;N/A;N/A;N/A;N/A;N/A;N/A;Sí;N/A;N/A;N/A;N/A;N/A;N/A;N/A
Nissan;Sentra;"1.8 Exclusive At Cvt";2016;"80000 km";;LEG1965;17200;;;;;Solymar;https://auto.mercadolibre.com.uy/MLU-665007392-nissan-sentra-_JM;N/A;;"Nissan Sentra";usd;Sí;free;false;N/A;N/A;http://perfil.mercadolibre.com.uy/LEG1965;active;N/A;N/A;Usado;Blanco;N/A;Hidráulica;Delantera;Sí;Sí;N/A;N/A;N/A;N/A;N/A;N/A;Sí;N/A;N/A;N/A;Sí;N/A;Sí;N/A;N/A;N/A;N/A;N/A;N/A;N/A;N/A;N/A;N/A;"2700 mm";"1798 cc";"52 L";N/A;N/A;N/A;N/A;N/A;N/A;Sí;N/A;N/A;N/A;N/A;N/A;N/A;N/A;N/A;N/A;N/A;N/A;N/A;N/A;N/A;N/A;N/A;N/A;N/A;N/A;Sí;N/A;N/A;N/A;N/A;N/A;N/A;N/A;N/A;N/A;N/A;N/A;N/A;N/A;N/A;N/A;N/A;N/A;N/A;N/A;"1509 mm";"4636 mm";N/A;N/A;N/A;N/A;5;"129 hp";Exclusive;N/A;4;"1761 mm";N/A;Sí;N/A;Sí;Sí;N/A;Sí;Sí;N/A;Sí;N/A;N/A;N/A;N/A;N/A;N/A;N/A;N/A;4;1.8;Nafta;Automática;Sedán;"Autos y camionetas";N/A;N/A;N/A;N/A;N/A;N/A;UY;N/A;N/A;N/A;N/A;N/A;N/A;N/A;N/A;N/A;N/A;N/A;N/A;N/A;N/A;N/A;N/A;N/A;Sí;N/A;N/A;N/A;N/A;N/A;N/A;N/A;N/A;N/A;N/A;N/A;N/A;N/A;N/A;N/A;N/A;N/A;N/A;N/A;N/A;N/A;N/A;N/A;N/A;N/A;N/A;N/A;N/A;N/A;N/A;N/A;N/A;N/A;N/A;N/A;N/A;N/A;N/A;N/A;N/A;N/A;N/A;N/A;N/A;N/A;N/A;N/A;N/A;N/A;N/A;N/A;N/A;N/A;N/A;N/A;N/A;N/A;N/A;N/A;N/A;N/A;N/A;N/A;N/A;N/A;N/A;N/A;N/A;N/A;N/A;N/A;Sí;N/A;Sí;N/A;Sí;N/A;N/A;Sí;N/A;Sí;N/A;N/A;Sí;N/A;Sí;Sí;Sí;Sí;Sí;Sí;Sí;Sí;N/A;Sí;N/A;Sí
Nissan;D-21;"D 21";2007;"337000 km";;MORI6238780;16000;;;;;Libertad;https://auto.mercadolibre.com.uy/MLU-665915830-nissan-d21-d-21-_JM;N/A;;"Nissan D21  D 21";USD;No;free;false;N/A;N/A;http://perfil.mercadolibre.com.uy/MORI6238780;active;N/A;N/A;Usado;N/A;N/A;N/A;N/A;N/A;N/A;N/A;N/A;N/A;N/A;N/A;N/A;N/A;N/A;N/A;N/A;N/A;N/A;N/A;N/A;N/A;N/A;N/A;N/A;N/A;N/A;N/A;N/A;N/A;N/A;N/A;N/A;N/A;N/A;N/A;N/A;N/A;N/A;N/A;N/A;N/A;N/A;N/A;N/A;N/A;N/A;N/A;N/A;N/A;N/A;N/A;N/A;N/A;N/A;N/A;N/A;N/A;N/A;N/A;N/A;N/A;N/A;N/A;N/A;N/A;N/A;N/A;N/A;N/A;N/A;N/A;N/A;N/A;N/A;N/A;N/A;N/A;N/A;N/A;N/A;N/A;N/A;N/A;N/A;N/A;N/A;N/A;N/A;N/A;N/A;N/A;N/A;N/A;N/A;N/A;N/A;N/A;N/A;N/A;N/A;N/A;N/A;N/A;N/A;N/A;N/A;N/A;N/A;4;N/A;Diésel;N/A;N/A;"Autos y camionetas";N/A;N/A;N/A;N/A;N/A;N/A;N/A;N/A;N/A;N/A;N/A;N/A;N/A;N/A;N/A;N/A;N/A;N/A;N/A;N/A;N/A;N/A;N/A;N/A;N/A;N/A;N/A;N/A;N/A;N/A;N/A;N/A;N/A;N/A;N/A;N/A;N/A;N/A;N/A;N/A;N/A;N/A;N/A;N/A;N/A;N/A;N/A;N/A;N/A;N/A;N/A;N/A;N/A;N/A;N/A;N/A;N/A;N/A;N/A;N/A;N/A;N/A;N/A;N/A;N/A;N/A;N/A;N/A;N/A;N/A;N/A;N/A;N/A;N/A;N/A;N/A;N/A;N/A;N/A;N/A;N/A;N/A;N/A;N/A;N/A;N/A;N/A;N/A;N/A;N/A;N/A;N/A;N/A;N/A;N/A;N/A;N/A;N/A;N/A;N/A;N/A;N/A;N/A;N/A;N/A;N/A;N/A;N/A;N/A;N/A;N/A;N/A;N/A;N/A;N/A;N/A;N/A;N/A;N/A;N/A;N/A;N/A
Nissan;March;"1.6 Advance Mt";2015;"68000 km";;PLAY-STATION___3;12000;;;;;Cerro;https://auto.mercadolibre.com.uy/MLU-635260569-nissan-march-2015-16-advance-mt-_JM;N/A;;"Nissan March 2015 1.6 Advance Mt";usd;Sí;free;false;N/A;N/A;http://perfil.mercadolibre.com.uy/PLAY-STATION___3;active;N/A;N/A;Usado;N/A;N/A;Hidráulica;Delantera;Sí;N/A;N/A;N/A;N/A;N/A;N/A;N/A;N/A;N/A;N/A;N/A;N/A;N/A;N/A;N/A;N/A;N/A;N/A;N/A;N/A;N/A;N/A;N/A;N/A;"2450 mm";"1.6 L";"41 L";N/A;N/A;N/A;N/A;N/A;N/A;N/A;N/A;N/A;N/A;N/A;N/A;N/A;N/A;N/A;N/A;N/A;N/A;N/A;N/A;N/A;N/A;N/A;N/A;N/A;N/A;N/A;N/A;N/A;N/A;N/A;N/A;N/A;N/A;N/A;N/A;N/A;N/A;N/A;N/A;N/A;N/A;N/A;N/A;N/A;N/A;"1532 mm";"3827 mm";N/A;N/A;N/A;N/A;5;"109 hp";Advance;N/A;N/A;"1665 mm";N/A;N/A;N/A;N/A;N/A;N/A;N/A;N/A;N/A;N/A;N/A;N/A;N/A;N/A;N/A;N/A;N/A;N/A;5;1.6;Nafta;Manual;Hatchback;"Autos y camionetas";N/A;N/A;N/A;N/A;N/A;N/A;UY;N/A;N/A;N/A;N/A;N/A;N/A;N/A;N/A;N/A;N/A;N/A;N/A;N/A;N/A;N/A;N/A;N/A;N/A;N/A;N/A;N/A;N/A;N/A;N/A;N/A;N/A;N/A;N/A;N/A;N/A;N/A;N/A;N/A;N/A;N/A;N/A;N/A;N/A;N/A;N/A;N/A;N/A;N/A;N/A;N/A;N/A;N/A;N/A;N/A;N/A;N/A;N/A;N/A;N/A;N/A;N/A;N/A;N/A;N/A;N/A;N/A;N/A;N/A;N/A;N/A;N/A;N/A;N/A;N/A;N/A;N/A;N/A;N/A;N/A;N/A;N/A;N/A;N/A;N/A;N/A;N/A;N/A;N/A;N/A;N/A;N/A;N/A;N/A;N/A;Sí;N/A;N/A;N/A;N/A;N/A;N/A;N/A;N/A;N/A;N/A;N/A;N/A;N/A;N/A;N/A;N/A;N/A;Sí;N/A;N/A;N/A;N/A;N/A;N/A;N/A
Nissan;Versa;"1.6 Drive";2020;"65000 km";;QUILLERMARIO;16500;;;;;"Parque Batlle";https://auto.mercadolibre.com.uy/MLU-664099144-nissan-versa-2020-impecable-en-garantia-no-permuto-_JM;N/A;;"Nissan Versa 2020. Impecable En Garantia.!!!! No Permuto";usd;Sí;free;false;N/A;N/A;http://perfil.mercadolibre.com.uy/QUILLERMARIO;active;N/A;N/A;Usado;Blanco;Sí;Hidráulica;Delantera;Sí;Sí;N/A;N/A;N/A;N/A;N/A;N/A;No;N/A;N/A;N/A;N/A;N/A;N/A;N/A;N/A;N/A;N/A;N/A;N/A;N/A;N/A;N/A;N/A;"2600 mm";"1598 cc";"41 L";5;N/A;N/A;N/A;N/A;N/A;N/A;N/A;N/A;N/A;N/A;N/A;N/A;N/A;N/A;N/A;N/A;N/A;N/A;N/A;N/A;N/A;N/A;N/A;N/A;N/A;Sí;N/A;N/A;N/A;No;N/A;N/A;N/A;N/A;N/A;N/A;N/A;N/A;N/A;N/A;N/A;N/A;N/A;N/A;N/A;"1506 mm";"4492 mm";N/A;N/A;N/A;N/A;5;"106 hp";Drive;N/A;4;"1695 mm";N/A;No;N/A;N/A;N/A;N/A;Sí;Sí;N/A;No;N/A;N/A;N/A;Sí;N/A;N/A;Sí;"9 a 11 y 18 a 22hs";4;1.6;Nafta;Manual;Sedán;"Autos y camionetas";No;N/A;N/A;N/A;No;N/A;UY;N/A;No;N/A;No;N/A;N/A;N/A;N/A;N/A;N/A;N/A;N/A;N/A;N/A;N/A;N/A;N/A;Sí;N/A;N/A;N/A;N/A;N/A;N/A;N/A;N/A;N/A;N/A;N/A;N/A;N/A;N/A;N/A;N/A;N/A;N/A;Sí;N/A;N/A;N/A;N/A;N/A;N/A;N/A;N/A;N/A;N/A;N/A;N/A;N/A;N/A;N/A;N/A;N/A;Sí;No;N/A;N/A;N/A;N/A;N/A;N/A;N/A;N/A;N/A;N/A;N/A;N/A;N/A;N/A;N/A;N/A;N/A;N/A;N/A;N/A;N/A;N/A;N/A;N/A;N/A;N/A;N/A;N/A;N/A;N/A;N/A;N/A;No;Sí;N/A;No;N/A;N/A;N/A;N/A;N/A;N/A;Sí;N/A;No;Sí;N/A;N/A;Sí;N/A;Sí;Sí;Sí;Sí;Sí;Sí;Sí;N/A;Sí
Nissan;720;720;1998;"250000 km";;AGUADALUPE82;7500;;;;;"San Carlos";https://auto.mercadolibre.com.uy/MLU-665205586-nissan-720-720-_JM;N/A;;"Nissan 720 720";USD;No;free;false;N/A;N/A;http://perfil.mercadolibre.com.uy/AGUADALUPE82;active;N/A;N/A;Usado;N/A;N/A;N/A;N/A;N/A;N/A;N/A;N/A;N/A;N/A;N/A;N/A;N/A;N/A;N/A;N/A;N/A;N/A;N/A;N/A;N/A;N/A;N/A;N/A;N/A;N/A;N/A;N/A;N/A;N/A;N/A;N/A;N/A;N/A;N/A;N/A;N/A;N/A;N/A;N/A;N/A;N/A;N/A;N/A;N/A;N/A;N/A;N/A;N/A;N/A;N/A;N/A;N/A;N/A;N/A;N/A;N/A;N/A;N/A;N/A;N/A;N/A;N/A;N/A;N/A;N/A;N/A;N/A;N/A;N/A;N/A;N/A;N/A;N/A;N/A;N/A;N/A;N/A;N/A;N/A;N/A;N/A;N/A;N/A;N/A;N/A;N/A;N/A;N/A;N/A;N/A;N/A;N/A;N/A;N/A;N/A;N/A;N/A;N/A;N/A;N/A;N/A;N/A;N/A;N/A;N/A;N/A;N/A;2;N/A;Diésel;N/A;N/A;"Autos y camionetas";N/A;N/A;N/A;N/A;N/A;N/A;N/A;N/A;N/A;N/A;N/A;N/A;N/A;N/A;N/A;N/A;N/A;N/A;N/A;N/A;N/A;N/A;N/A;N/A;N/A;N/A;N/A;N/A;N/A;N/A;N/A;N/A;N/A;N/A;N/A;N/A;N/A;N/A;N/A;N/A;N/A;N/A;N/A;N/A;N/A;N/A;N/A;N/A;N/A;N/A;N/A;N/A;N/A;N/A;N/A;N/A;N/A;N/A;N/A;N/A;N/A;N/A;N/A;N/A;N/A;N/A;N/A;N/A;N/A;N/A;N/A;N/A;N/A;N/A;N/A;N/A;N/A;N/A;N/A;N/A;N/A;N/A;N/A;N/A;N/A;N/A;N/A;N/A;N/A;N/A;N/A;N/A;N/A;N/A;N/A;N/A;N/A;N/A;N/A;N/A;N/A;N/A;N/A;N/A;N/A;N/A;N/A;N/A;N/A;N/A;N/A;N/A;N/A;N/A;N/A;N/A;N/A;N/A;N/A;N/A;N/A;N/A
Nissan;Tiida;"1.8 Emotion Mt";2012;"126000 km";;"HORACIO PASTORINO";11950;;;;;Pocitos;https://auto.mercadolibre.com.uy/MLU-666109208-nissan-tiida-hatch-_JM;N/A;;"Nissan Tiida Hatch";usd;Sí;free;false;N/A;N/A;http://perfil.mercadolibre.com.uy/HORACIO+PASTORINO;active;N/A;N/A;Usado;Negro;N/A;Hidráulica;Delantera;Sí;Sí;N/A;N/A;N/A;N/A;N/A;N/A;N/A;N/A;N/A;Sí;N/A;N/A;N/A;N/A;N/A;N/A;N/A;N/A;N/A;N/A;N/A;N/A;N/A;"2600 mm";"1.8 L";"52 L";N/A;N/A;N/A;N/A;N/A;N/A;N/A;N/A;N/A;N/A;N/A;N/A;N/A;N/A;N/A;N/A;N/A;N/A;N/A;N/A;N/A;N/A;N/A;N/A;N/A;N/A;N/A;N/A;N/A;N/A;N/A;N/A;N/A;N/A;N/A;N/A;N/A;N/A;N/A;N/A;N/A;N/A;N/A;N/A;N/A;N/A;"1548 mm";"4297 mm";N/A;N/A;N/A;N/A;N/A;N/A;Emotion;N/A;N/A;"1695 mm";N/A;N/A;N/A;N/A;N/A;N/A;Sí;N/A;N/A;N/A;N/A;N/A;N/A;N/A;N/A;N/A;N/A;"24 hs.";5;1.8;Nafta;Manual;Hatchback;"Autos y camionetas";N/A;N/A;N/A;N/A;N/A;N/A;UY;N/A;N/A;N/A;N/A;N/A;N/A;N/A;N/A;N/A;N/A;N/A;N/A;N/A;N/A;N/A;N/A;N/A;N/A;N/A;N/A;N/A;N/A;N/A;N/A;N/A;N/A;N/A;N/A;N/A;N/A;N/A;N/A;N/A;N/A;N/A;N/A;N/A;N/A;N/A;N/A;N/A;N/A;N/A;N/A;N/A;N/A;N/A;N/A;N/A;N/A;N/A;N/A;N/A;N/A;N/A;N/A;N/A;N/A;N/A;N/A;N/A;N/A;N/A;N/A;N/A;N/A;N/A;N/A;N/A;N/A;N/A;N/A;N/A;N/A;N/A;N/A;N/A;N/A;N/A;N/A;N/A;N/A;N/A;N/A;N/A;N/A;N/A;N/A;N/A;Sí;N/A;N/A;N/A;Sí;N/A;N/A;N/A;N/A;Sí;N/A;N/A;Sí;N/A;N/A;N/A;N/A;Sí;Sí;N/A;N/A;Sí;N/A;N/A;N/A;N/A
Nissan;Tiida;"1.8 Premium Mt";2011;"170000 km";;FERREIRAFERNANDO20220226221958;10300;;;;;Carmelo;https://auto.mercadolibre.com.uy/MLU-664142050-nissan-tiida-2011-18-premium-mt-_JM;N/A;;"Nissan Tiida 2011 1.8 Premium Mt";usd;Sí;free;false;N/A;N/A;http://perfil.mercadolibre.com.uy/FERREIRAFERNANDO20220226221958;active;N/A;N/A;Usado;N/A;N/A;Hidráulica;Delantera;Sí;N/A;N/A;N/A;N/A;N/A;N/A;N/A;N/A;N/A;N/A;N/A;N/A;N/A;N/A;N/A;N/A;N/A;N/A;N/A;N/A;N/A;N/A;N/A;N/A;"2600 mm";"1.8 L";"52 L";N/A;N/A;N/A;N/A;N/A;N/A;N/A;N/A;N/A;N/A;N/A;N/A;N/A;N/A;N/A;N/A;N/A;N/A;N/A;N/A;N/A;N/A;N/A;N/A;N/A;N/A;N/A;N/A;N/A;N/A;N/A;N/A;N/A;N/A;N/A;N/A;N/A;N/A;N/A;N/A;N/A;N/A;N/A;N/A;N/A;N/A;"1548 mm";"4297 mm";N/A;N/A;N/A;N/A;N/A;N/A;Premium;N/A;N/A;"1695 mm";N/A;N/A;N/A;N/A;N/A;N/A;N/A;N/A;N/A;N/A;N/A;N/A;N/A;N/A;N/A;N/A;N/A;N/A;5;1.8;Nafta;Manual;Hatchback;"Autos y camionetas";N/A;N/A;N/A;N/A;N/A;N/A;UY;N/A;N/A;N/A;N/A;N/A;N/A;N/A;N/A;N/A;N/A;N/A;N/A;N/A;N/A;N/A;N/A;N/A;N/A;N/A;N/A;N/A;N/A;N/A;N/A;N/A;N/A;N/A;N/A;N/A;N/A;N/A;N/A;N/A;N/A;N/A;N/A;N/A;N/A;N/A;N/A;N/A;N/A;N/A;N/A;N/A;N/A;N/A;N/A;N/A;N/A;N/A;N/A;N/A;N/A;N/A;N/A;N/A;N/A;N/A;N/A;N/A;N/A;N/A;N/A;N/A;N/A;N/A;N/A;N/A;N/A;N/A;N/A;N/A;N/A;N/A;N/A;N/A;N/A;N/A;N/A;N/A;N/A;N/A;N/A;N/A;N/A;N/A;N/A;N/A;Sí;N/A;N/A;N/A;N/A;N/A;N/A;N/A;N/A;N/A;N/A;N/A;N/A;N/A;N/A;N/A;N/A;N/A;Sí;N/A;N/A;N/A;N/A;N/A;N/A;N/A
Nissan;Tiida;"1.8 Emotion At";2012;"137000 km";;ALEXANDO_1979;10500;;;;;Pocitos;https://auto.mercadolibre.com.uy/MLU-664759798-nissan-tiida-_JM;N/A;;"Nissan Tiida";usd;Sí;free;false;N/A;N/A;http://perfil.mercadolibre.com.uy/ALEXANDO_1979;active;N/A;N/A;Usado;Gris;N/A;Hidráulica;Delantera;Sí;N/A;N/A;N/A;N/A;N/A;N/A;N/A;N/A;N/A;N/A;N/A;N/A;N/A;N/A;N/A;N/A;N/A;N/A;N/A;N/A;N/A;N/A;N/A;N/A;"2600 mm";"1.8 L";"52 L";N/A;N/A;N/A;N/A;N/A;N/A;N/A;N/A;N/A;N/A;N/A;N/A;N/A;N/A;N/A;N/A;N/A;N/A;N/A;N/A;N/A;N/A;N/A;N/A;N/A;N/A;N/A;N/A;N/A;N/A;N/A;N/A;N/A;N/A;N/A;N/A;N/A;N/A;N/A;N/A;N/A;N/A;N/A;N/A;N/A;N/A;"1548 mm";"4297 mm";N/A;N/A;N/A;N/A;N/A;N/A;Emotion;N/A;N/A;"1695 mm";N/A;N/A;N/A;N/A;N/A;N/A;N/A;N/A;N/A;N/A;N/A;N/A;N/A;N/A;N/A;N/A;N/A;"de 9 a 19";5;1.8;Nafta;Automática;Hatchback;"Autos y camionetas";N/A;N/A;N/A;N/A;N/A;N/A;UY;N/A;N/A;N/A;N/A;N/A;N/A;N/A;N/A;N/A;N/A;N/A;N/A;N/A;N/A;N/A;N/A;N/A;N/A;N/A;N/A;N/A;N/A;N/A;N/A;N/A;N/A;N/A;N/A;N/A;N/A;N/A;N/A;N/A;N/A;N/A;N/A;N/A;N/A;N/A;N/A;N/A;N/A;N/A;N/A;N/A;N/A;N/A;N/A;N/A;N/A;N/A;N/A;N/A;N/A;N/A;N/A;N/A;N/A;N/A;N/A;N/A;N/A;N/A;N/A;N/A;N/A;N/A;N/A;N/A;N/A;N/A;N/A;N/A;N/A;N/A;N/A;N/A;N/A;N/A;N/A;N/A;N/A;N/A;N/A;N/A;N/A;N/A;N/A;N/A;Sí;N/A;N/A;N/A;N/A;N/A;N/A;N/A;N/A;N/A;N/A;N/A;N/A;N/A;N/A;N/A;N/A;N/A;Sí;N/A;N/A;N/A;N/A;N/A;N/A;N/A
Nissan;"NP300 Frontier";"Doble cabina nafta 4x2";2016;"74000 km";;DEHECTOR20220303144838;21000;;;;;Maroñas;https://auto.mercadolibre.com.uy/MLU-635147599-nisasan-np300-frontier-doble-cabina-_JM;N/A;;"Nisasan Np300 Frontier Doble Cabina ";usd;Sí;free;false;N/A;N/A;http://perfil.mercadolibre.com.uy/DEHECTOR20220303144838;active;N/A;N/A;Usado;Blanco;N/A;Hidráulica;4x2;Sí;N/A;N/A;N/A;N/A;Sí;N/A;N/A;Sí;N/A;N/A;N/A;Sí;N/A;N/A;N/A;N/A;N/A;N/A;N/A;N/A;N/A;N/A;N/A;N/A;"3150 mm";"2.5 L";"80 L";6;N/A;N/A;N/A;N/A;N/A;Sí;N/A;N/A;N/A;N/A;N/A;N/A;N/A;N/A;N/A;N/A;N/A;N/A;N/A;N/A;N/A;N/A;N/A;N/A;N/A;N/A;N/A;N/A;N/A;N/A;N/A;N/A;N/A;Sí;Sí;N/A;N/A;N/A;N/A;N/A;N/A;N/A;N/A;N/A;N/A;"1860 mm";"5258 mm";N/A;N/A;N/A;N/A;N/A;"161 hp";N/A;N/A;4;"1850 mm";N/A;N/A;N/A;N/A;N/A;N/A;Sí;N/A;N/A;N/A;N/A;N/A;N/A;N/A;N/A;N/A;N/A;N/A;4;2.5;Nafta;Manual;Pick-Up;"Autos y camionetas";N/A;N/A;N/A;N/A;N/A;N/A;UY;N/A;N/A;N/A;N/A;N/A;N/A;N/A;N/A;N/A;N/A;N/A;N/A;N/A;N/A;N/A;N/A;N/A;Sí;N/A;N/A;N/A;N/A;N/A;N/A;N/A;N/A;N/A;N/A;N/A;N/A;N/A;N/A;N/A;N/A;N/A;N/A;N/A;N/A;N/A;N/A;N/A;N/A;N/A;N/A;N/A;N/A;N/A;N/A;N/A;N/A;N/A;N/A;N/A;N/A;N/A;N/A;N/A;N/A;N/A;N/A;N/A;N/A;N/A;N/A;N/A;N/A;N/A;N/A;N/A;N/A;N/A;N/A;N/A;N/A;N/A;N/A;N/A;N/A;N/A;N/A;N/A;N/A;N/A;N/A;N/A;N/A;N/A;N/A;N/A;Sí;Sí;N/A;N/A;N/A;N/A;N/A;N/A;N/A;Sí;N/A;Sí;N/A;N/A;N/A;N/A;Sí;N/A;Sí;N/A;Sí;N/A;N/A;Sí;N/A;Sí
Nissan;Versa;"1.6 Exclusive At";2019;"230000 km";;GOLIVEROS2008;13800;;;;;Maldonado;https://auto.mercadolibre.com.uy/MLU-635286827-nissan-versa-2019-16-exclusive-at-_JM;N/A;;"Nissan Versa 2019 1.6 Exclusive At";usd;Sí;free;false;N/A;N/A;http://perfil.mercadolibre.com.uy/GOLIVEROS2008;active;N/A;N/A;Usado;N/A;N/A;Hidráulica;Delantera;Sí;N/A;N/A;N/A;Sí;N/A;N/A;N/A;Sí;N/A;N/A;N/A;N/A;N/A;N/A;N/A;N/A;N/A;N/A;N/A;N/A;N/A;N/A;N/A;N/A;"2600 mm";"1.6 L";"41 L";4;N/A;N/A;N/A;N/A;N/A;N/A;N/A;N/A;N/A;N/A;N/A;N/A;N/A;N/A;N/A;N/A;N/A;N/A;N/A;N/A;N/A;N/A;N/A;N/A;N/A;N/A;N/A;N/A;N/A;N/A;N/A;N/A;N/A;Sí;Sí;N/A;N/A;N/A;N/A;N/A;N/A;N/A;N/A;N/A;N/A;"1506 mm";"4465 mm";N/A;N/A;N/A;N/A;5;"106 hp";Exclusive;N/A;4;"1695 mm";N/A;N/A;N/A;N/A;N/A;N/A;N/A;Sí;N/A;N/A;N/A;N/A;N/A;N/A;N/A;N/A;N/A;N/A;4;1.6;Nafta;Automática;Sedán;"Autos y camionetas";N/A;N/A;N/A;N/A;N/A;N/A;UY;N/A;N/A;N/A;N/A;N/A;N/A;N/A;N/A;N/A;N/A;N/A;N/A;N/A;N/A;N/A;N/A;N/A;N/A;N/A;N/A;N/A;N/A;N/A;N/A;N/A;N/A;N/A;N/A;N/A;N/A;N/A;N/A;N/A;N/A;N/A;N/A;N/A;N/A;N/A;N/A;N/A;N/A;N/A;N/A;N/A;N/A;N/A;N/A;N/A;N/A;N/A;N/A;N/A;N/A;N/A;N/A;N/A;N/A;N/A;N/A;N/A;N/A;N/A;N/A;N/A;N/A;N/A;N/A;N/A;N/A;N/A;N/A;N/A;N/A;N/A;N/A;N/A;N/A;N/A;N/A;N/A;N/A;N/A;N/A;N/A;N/A;N/A;N/A;N/A;Sí;N/A;Sí;N/A;N/A;N/A;N/A;Sí;N/A;Sí;N/A;N/A;N/A;N/A;N/A;N/A;Sí;N/A;Sí;N/A;N/A;N/A;N/A;Sí;N/A;N/A
Nissan;Frontier;"D21 4x2";2008;"179000 km";;ZUCOLINIMIRIAM20230730194354;17500;;;;;"Puntas De Valdez";https://auto.mercadolibre.com.uy/MLU-635345681-nissan-frontier-d21-4x2-_JM;N/A;;"Nissan Frontier D21 4x2 ";USD;Sí;free;false;N/A;N/A;http://perfil.mercadolibre.com.uy/ZUCOLINIMIRIAM20230730194354;active;N/A;N/A;Usado;N/A;N/A;N/A;N/A;N/A;N/A;N/A;N/A;N/A;N/A;N/A;N/A;N/A;N/A;N/A;N/A;N/A;N/A;N/A;N/A;N/A;N/A;N/A;N/A;N/A;N/A;N/A;N/A;N/A;N/A;N/A;N/A;N/A;N/A;N/A;N/A;N/A;N/A;N/A;N/A;N/A;N/A;N/A;N/A;N/A;N/A;N/A;N/A;N/A;N/A;N/A;N/A;N/A;N/A;N/A;N/A;N/A;N/A;N/A;N/A;N/A;N/A;N/A;N/A;N/A;N/A;N/A;N/A;N/A;N/A;N/A;N/A;N/A;N/A;N/A;N/A;N/A;N/A;N/A;N/A;N/A;N/A;N/A;N/A;N/A;N/A;N/A;N/A;N/A;N/A;N/A;N/A;N/A;N/A;N/A;N/A;N/A;N/A;N/A;N/A;N/A;N/A;N/A;N/A;N/A;N/A;N/A;N/A;4;N/A;Diésel;N/A;N/A;"Autos y camionetas";N/A;N/A;N/A;N/A;N/A;N/A;N/A;N/A;N/A;N/A;N/A;N/A;N/A;N/A;N/A;N/A;N/A;N/A;N/A;N/A;N/A;N/A;N/A;N/A;N/A;N/A;N/A;N/A;N/A;N/A;N/A;N/A;N/A;N/A;N/A;N/A;N/A;N/A;N/A;N/A;N/A;N/A;N/A;N/A;N/A;N/A;N/A;N/A;N/A;N/A;N/A;N/A;N/A;N/A;N/A;N/A;N/A;N/A;N/A;N/A;N/A;N/A;N/A;N/A;N/A;N/A;N/A;N/A;N/A;N/A;N/A;N/A;N/A;N/A;N/A;N/A;N/A;N/A;N/A;N/A;N/A;N/A;N/A;N/A;N/A;N/A;N/A;N/A;N/A;N/A;N/A;N/A;N/A;N/A;N/A;N/A;N/A;N/A;N/A;N/A;N/A;N/A;N/A;N/A;N/A;N/A;N/A;N/A;N/A;N/A;N/A;N/A;N/A;N/A;N/A;N/A;N/A;N/A;N/A;N/A;N/A;N/A
Nissan;Frontier;"FRONTIER D-22";2009;"320500 km";;SIJA3148094;14000;;;;;"Malvin Norte";https://auto.mercadolibre.com.uy/MLU-635384739-nissan-frontier-frontier-d-22-_JM;N/A;;"Nissan Frontier Frontier D-22";USD;Sí;free;false;N/A;N/A;http://perfil.mercadolibre.com.uy/SIJA3148094;active;N/A;N/A;Usado;N/A;N/A;N/A;N/A;N/A;N/A;N/A;N/A;N/A;N/A;N/A;N/A;N/A;N/A;N/A;N/A;N/A;N/A;N/A;N/A;N/A;N/A;N/A;N/A;N/A;N/A;N/A;N/A;N/A;N/A;N/A;N/A;N/A;N/A;N/A;N/A;N/A;N/A;N/A;N/A;N/A;N/A;N/A;N/A;N/A;N/A;N/A;N/A;N/A;N/A;N/A;N/A;N/A;N/A;N/A;N/A;N/A;N/A;N/A;N/A;N/A;N/A;N/A;N/A;N/A;N/A;N/A;N/A;N/A;N/A;N/A;N/A;N/A;N/A;N/A;N/A;N/A;N/A;N/A;N/A;N/A;N/A;N/A;N/A;N/A;N/A;N/A;N/A;N/A;N/A;N/A;N/A;N/A;N/A;N/A;N/A;N/A;N/A;N/A;N/A;N/A;N/A;N/A;N/A;N/A;N/A;N/A;N/A;2;N/A;Diésel;N/A;N/A;"Autos y camionetas";N/A;N/A;N/A;N/A;N/A;N/A;N/A;N/A;N/A;N/A;N/A;N/A;N/A;N/A;N/A;N/A;N/A;N/A;N/A;N/A;N/A;N/A;N/A;N/A;N/A;N/A;N/A;N/A;N/A;N/A;N/A;N/A;N/A;N/A;N/A;N/A;N/A;N/A;N/A;N/A;N/A;N/A;N/A;N/A;N/A;N/A;N/A;N/A;N/A;N/A;N/A;N/A;N/A;N/A;N/A;N/A;N/A;N/A;N/A;N/A;N/A;N/A;N/A;N/A;N/A;N/A;N/A;N/A;N/A;N/A;N/A;N/A;N/A;N/A;N/A;N/A;N/A;N/A;N/A;N/A;N/A;N/A;N/A;N/A;N/A;N/A;N/A;N/A;N/A;N/A;N/A;N/A;N/A;N/A;N/A;N/A;N/A;N/A;N/A;N/A;N/A;N/A;N/A;N/A;N/A;N/A;N/A;N/A;N/A;N/A;N/A;N/A;N/A;N/A;N/A;N/A;N/A;N/A;N/A;N/A;N/A;N/A
Nissan;Sentra;"Se Mt";1995;"480000 km";;GUILLERMONAHUEL20230627212355;3500;;;;;"Paso de la Arena";https://auto.mercadolibre.com.uy/MLU-666093676-nissan-sentra-1995-se-mt-_JM;N/A;;"Nissan Sentra 1995 Se Mt";usd;Sí;free;false;N/A;N/A;http://perfil.mercadolibre.com.uy/GUILLERMONAHUEL20230627212355;active;N/A;N/A;Usado;N/A;N/A;Hidráulica;Delantera;Sí;N/A;N/A;N/A;N/A;N/A;N/A;N/A;N/A;N/A;N/A;N/A;N/A;N/A;N/A;N/A;N/A;N/A;N/A;N/A;N/A;N/A;N/A;N/A;N/A;N/A;"1.6 L";N/A;N/A;N/A;N/A;N/A;N/A;N/A;N/A;N/A;N/A;N/A;N/A;N/A;N/A;N/A;N/A;N/A;N/A;N/A;N/A;N/A;N/A;N/A;N/A;N/A;N/A;N/A;N/A;N/A;N/A;N/A;N/A;N/A;N/A;N/A;N/A;N/A;N/A;N/A;N/A;N/A;N/A;N/A;N/A;N/A;N/A;N/A;N/A;N/A;N/A;N/A;N/A;N/A;5;N/A;Se;N/A;N/A;N/A;N/A;N/A;N/A;N/A;N/A;N/A;N/A;N/A;N/A;N/A;N/A;N/A;N/A;N/A;N/A;N/A;N/A;N/A;4;1.6;Nafta;Manual;Sedán;"Autos y camionetas";N/A;N/A;N/A;N/A;N/A;N/A;UY;N/A;N/A;N/A;N/A;N/A;N/A;N/A;N/A;N/A;N/A;N/A;N/A;N/A;N/A;N/A;N/A;N/A;N/A;N/A;N/A;N/A;N/A;N/A;N/A;N/A;N/A;N/A;N/A;N/A;N/A;N/A;N/A;N/A;N/A;N/A;N/A;N/A;N/A;N/A;N/A;N/A;N/A;N/A;N/A;N/A;N/A;N/A;N/A;N/A;N/A;N/A;N/A;N/A;N/A;N/A;N/A;N/A;N/A;N/A;N/A;N/A;N/A;N/A;N/A;N/A;N/A;N/A;N/A;N/A;N/A;N/A;N/A;N/A;N/A;N/A;N/A;N/A;N/A;N/A;N/A;N/A;N/A;N/A;N/A;N/A;N/A;N/A;N/A;N/A;Sí;N/A;N/A;N/A;N/A;N/A;N/A;N/A;N/A;N/A;N/A;N/A;N/A;N/A;N/A;N/A;N/A;N/A;Sí;N/A;N/A;N/A;N/A;N/A;N/A;N/A
Nissan;Kicks;"1.6 Advance";2019;"85000 km";;VEMA75762;21900;;;;;Peñarol;https://auto.mercadolibre.com.uy/MLU-666151730-nissan-kicks-2019-16-advance-_JM;N/A;;"Nissan Kicks 2019 1.6 Advance";usd;Sí;free;false;N/A;N/A;http://perfil.mercadolibre.com.uy/VEMA75762;active;N/A;N/A;Usado;N/A;N/A;Hidráulica;Delantera;Sí;N/A;N/A;N/A;N/A;N/A;N/A;N/A;N/A;N/A;N/A;N/A;N/A;N/A;N/A;N/A;N/A;N/A;N/A;N/A;N/A;N/A;N/A;N/A;N/A;"2620 mm";"1.6 L";"50 L";5;N/A;N/A;N/A;N/A;N/A;N/A;N/A;N/A;N/A;N/A;N/A;N/A;N/A;N/A;N/A;N/A;N/A;N/A;N/A;N/A;N/A;N/A;N/A;N/A;N/A;N/A;N/A;N/A;N/A;N/A;N/A;N/A;N/A;Sí;Sí;N/A;N/A;N/A;N/A;N/A;N/A;N/A;N/A;N/A;N/A;"1590 mm";"4295 mm";N/A;N/A;N/A;N/A;5;"118 hp";Advance;N/A;4;"1760 mm";N/A;N/A;N/A;N/A;N/A;N/A;N/A;N/A;N/A;N/A;N/A;N/A;N/A;N/A;N/A;N/A;N/A;N/A;5;1.6;Nafta;Manual;SUV;"Autos y camionetas";N/A;N/A;N/A;N/A;N/A;N/A;UY;N/A;N/A;N/A;N/A;N/A;N/A;N/A;N/A;N/A;N/A;N/A;N/A;N/A;N/A;N/A;N/A;N/A;N/A;N/A;N/A;N/A;N/A;N/A;N/A;N/A;N/A;N/A;N/A;N/A;N/A;N/A;N/A;N/A;N/A;N/A;N/A;N/A;N/A;N/A;N/A;N/A;N/A;N/A;N/A;N/A;N/A;N/A;N/A;N/A;N/A;N/A;N/A;N/A;N/A;N/A;N/A;N/A;N/A;N/A;N/A;N/A;N/A;N/A;N/A;N/A;N/A;N/A;N/A;N/A;N/A;N/A;N/A;N/A;N/A;N/A;N/A;N/A;N/A;N/A;N/A;N/A;N/A;N/A;N/A;N/A;N/A;N/A;N/A;N/A;N/A;N/A;N/A;N/A;N/A;N/A;N/A;N/A;N/A;N/A;N/A;N/A;N/A;N/A;N/A;N/A;Sí;N/A;Sí;N/A;N/A;N/A;N/A;Sí;N/A;Sí
Nissan;Sentra;B13;2013;"27000 km";;MADI3493806;11900;;;;;Paysandú;https://auto.mercadolibre.com.uy/MLU-635232657-nissan-sentra-b13-_JM;N/A;;"Nissan Sentra B13";USD;Sí;free;false;N/A;N/A;http://perfil.mercadolibre.com.uy/MADI3493806;active;N/A;N/A;Usado;N/A;N/A;N/A;N/A;N/A;N/A;N/A;N/A;N/A;N/A;N/A;N/A;N/A;N/A;N/A;N/A;N/A;N/A;N/A;N/A;N/A;N/A;N/A;N/A;N/A;N/A;N/A;N/A;N/A;N/A;N/A;N/A;N/A;N/A;N/A;N/A;N/A;N/A;N/A;N/A;N/A;N/A;N/A;N/A;N/A;N/A;N/A;N/A;N/A;N/A;N/A;N/A;N/A;N/A;N/A;N/A;N/A;N/A;N/A;N/A;N/A;N/A;N/A;N/A;N/A;N/A;N/A;N/A;N/A;N/A;N/A;N/A;N/A;N/A;N/A;N/A;N/A;N/A;N/A;N/A;N/A;N/A;N/A;N/A;N/A;N/A;N/A;N/A;N/A;N/A;N/A;N/A;N/A;N/A;N/A;N/A;N/A;N/A;N/A;N/A;N/A;N/A;N/A;N/A;N/A;N/A;N/A;N/A;4;N/A;Nafta;N/A;N/A;"Autos y camionetas";N/A;N/A;N/A;N/A;N/A;N/A;N/A;N/A;N/A;N/A;N/A;N/A;N/A;N/A;N/A;N/A;N/A;N/A;N/A;N/A;N/A;N/A;N/A;N/A;N/A;N/A;N/A;N/A;N/A;N/A;N/A;N/A;N/A;N/A;N/A;N/A;N/A;N/A;N/A;N/A;N/A;N/A;N/A;N/A;N/A;N/A;N/A;N/A;N/A;N/A;N/A;N/A;N/A;N/A;N/A;N/A;N/A;N/A;N/A;N/A;N/A;N/A;N/A;N/A;N/A;N/A;N/A;N/A;N/A;N/A;N/A;N/A;N/A;N/A;N/A;N/A;N/A;N/A;N/A;N/A;N/A;N/A;N/A;N/A;N/A;N/A;N/A;N/A;N/A;N/A;N/A;N/A;N/A;N/A;N/A;N/A;N/A;N/A;N/A;N/A;N/A;N/A;N/A;N/A;N/A;N/A;N/A;N/A;N/A;N/A;N/A;N/A;N/A;N/A;N/A;N/A;N/A;N/A;N/A;N/A;N/A;N/A
Nissan;Sentra;E;1993;"110000 km";;COAG7238402;6990;;;;;"El Pinar";https://auto.mercadolibre.com.uy/MLU-665498806-nissan-sentra-e-_JM;N/A;;"Nissan Sentra E";USD;Sí;free;false;N/A;N/A;http://perfil.mercadolibre.com.uy/COAG7238402;active;N/A;N/A;Usado;Azul;N/A;N/A;N/A;N/A;N/A;N/A;N/A;N/A;N/A;N/A;N/A;N/A;N/A;N/A;N/A;N/A;N/A;N/A;N/A;N/A;N/A;N/A;N/A;N/A;N/A;N/A;N/A;N/A;N/A;N/A;N/A;N/A;N/A;N/A;N/A;N/A;N/A;N/A;N/A;N/A;N/A;N/A;N/A;N/A;N/A;N/A;N/A;N/A;N/A;N/A;N/A;N/A;N/A;N/A;N/A;N/A;N/A;N/A;N/A;N/A;N/A;N/A;N/A;N/A;N/A;N/A;N/A;N/A;N/A;N/A;N/A;N/A;N/A;N/A;N/A;N/A;N/A;N/A;N/A;N/A;N/A;N/A;N/A;N/A;N/A;N/A;N/A;N/A;N/A;N/A;N/A;N/A;N/A;N/A;N/A;N/A;N/A;N/A;N/A;N/A;N/A;N/A;N/A;N/A;N/A;N/A;N/A;2;N/A;Nafta;N/A;N/A;"Autos y camionetas";N/A;N/A;N/A;N/A;N/A;N/A;N/A;N/A;N/A;N/A;N/A;N/A;N/A;N/A;N/A;N/A;N/A;N/A;N/A;N/A;N/A;N/A;N/A;N/A;N/A;N/A;N/A;N/A;N/A;N/A;N/A;N/A;N/A;N/A;N/A;N/A;N/A;N/A;N/A;N/A;N/A;N/A;N/A;N/A;N/A;N/A;N/A;N/A;N/A;N/A;N/A;N/A;N/A;N/A;N/A;N/A;N/A;N/A;N/A;N/A;N/A;N/A;N/A;N/A;N/A;N/A;N/A;N/A;N/A;N/A;N/A;N/A;N/A;N/A;N/A;N/A;N/A;N/A;N/A;N/A;N/A;N/A;N/A;N/A;N/A;N/A;N/A;N/A;N/A;N/A;N/A;N/A;N/A;N/A;N/A;N/A;N/A;N/A;N/A;N/A;N/A;N/A;N/A;N/A;N/A;N/A;N/A;N/A;N/A;N/A;N/A;N/A;N/A;N/A;N/A;N/A;N/A;N/A;N/A;N/A;N/A;N/A
Nissan;March;"1.6 Advance Mt";2013;"128000 km";;DEIG3688073;10900;;;;;"Ciudad de la Costa";https://auto.mercadolibre.com.uy/MLU-665378922-nissan-march-2013-16-advance-mt-_JM;N/A;;"Nissan March 2013 1.6 Advance Mt";usd;Sí;free;false;N/A;N/A;http://perfil.mercadolibre.com.uy/DEIG3688073;active;N/A;N/A;Usado;N/A;N/A;Hidráulica;Delantera;Sí;N/A;N/A;N/A;N/A;N/A;N/A;N/A;N/A;N/A;N/A;N/A;N/A;N/A;N/A;N/A;N/A;N/A;N/A;N/A;N/A;N/A;N/A;N/A;N/A;"2450 mm";"1.6 L";"41 L";N/A;N/A;N/A;N/A;N/A;N/A;N/A;N/A;N/A;N/A;N/A;N/A;N/A;N/A;N/A;N/A;N/A;N/A;N/A;N/A;N/A;N/A;N/A;N/A;N/A;N/A;N/A;N/A;N/A;N/A;N/A;N/A;N/A;N/A;N/A;N/A;N/A;N/A;N/A;N/A;N/A;N/A;N/A;N/A;N/A;N/A;"1528 mm";"3780 mm";N/A;N/A;N/A;N/A;5;"109 hp";Advance;N/A;N/A;"1665 mm";N/A;N/A;N/A;N/A;N/A;N/A;N/A;N/A;N/A;N/A;N/A;N/A;N/A;N/A;N/A;N/A;N/A;N/A;5;1.6;Nafta;Manual;Hatchback;"Autos y camionetas";N/A;N/A;N/A;N/A;N/A;N/A;UY;N/A;N/A;N/A;N/A;N/A;N/A;N/A;N/A;N/A;N/A;N/A;N/A;N/A;N/A;N/A;N/A;N/A;N/A;N/A;N/A;N/A;N/A;N/A;N/A;N/A;N/A;N/A;N/A;N/A;N/A;N/A;N/A;N/A;N/A;N/A;N/A;N/A;N/A;N/A;N/A;N/A;N/A;N/A;N/A;N/A;N/A;N/A;N/A;N/A;N/A;N/A;N/A;N/A;N/A;N/A;N/A;N/A;N/A;N/A;N/A;N/A;N/A;N/A;N/A;N/A;N/A;N/A;N/A;N/A;N/A;N/A;N/A;N/A;N/A;N/A;N/A;N/A;N/A;N/A;N/A;N/A;N/A;N/A;N/A;N/A;N/A;N/A;N/A;N/A;Sí;N/A;N/A;N/A;N/A;N/A;N/A;N/A;N/A;N/A;N/A;N/A;N/A;N/A;N/A;N/A;N/A;N/A;Sí;N/A;N/A;N/A;N/A;N/A;N/A;N/A
Nissan;"NP300 Frontier";2.4;2014;"134000 km";;MAGI9900936;13900;;;;;Salto;https://auto.mercadolibre.com.uy/MLU-665449264-nissan-np300-frontier-24-_JM;N/A;;"Nissan Np300 Frontier 2.4";USD;Sí;free;false;N/A;N/A;http://perfil.mercadolibre.com.uy/MAGI9900936;active;N/A;N/A;Usado;N/A;N/A;N/A;N/A;N/A;N/A;N/A;N/A;N/A;N/A;N/A;N/A;N/A;N/A;N/A;N/A;N/A;N/A;N/A;N/A;N/A;N/A;N/A;N/A;N/A;N/A;N/A;N/A;N/A;N/A;N/A;N/A;N/A;N/A;N/A;N/A;N/A;N/A;N/A;N/A;N/A;N/A;N/A;N/A;N/A;N/A;N/A;N/A;N/A;N/A;N/A;N/A;N/A;N/A;N/A;N/A;N/A;N/A;N/A;N/A;N/A;N/A;N/A;N/A;N/A;N/A;N/A;N/A;N/A;N/A;N/A;N/A;N/A;N/A;N/A;N/A;N/A;N/A;N/A;N/A;N/A;N/A;N/A;N/A;N/A;N/A;N/A;N/A;N/A;N/A;N/A;N/A;N/A;N/A;N/A;N/A;N/A;N/A;N/A;N/A;N/A;N/A;N/A;N/A;N/A;N/A;N/A;N/A;4;N/A;Nafta;N/A;N/A;"Autos y camionetas";N/A;N/A;N/A;N/A;N/A;N/A;N/A;N/A;N/A;N/A;N/A;N/A;N/A;N/A;N/A;N/A;N/A;N/A;N/A;N/A;N/A;N/A;N/A;N/A;N/A;N/A;N/A;N/A;N/A;N/A;N/A;N/A;N/A;N/A;N/A;N/A;N/A;N/A;N/A;N/A;N/A;N/A;N/A;N/A;N/A;N/A;N/A;N/A;N/A;N/A;N/A;N/A;N/A;N/A;N/A;N/A;N/A;N/A;N/A;N/A;N/A;N/A;N/A;N/A;N/A;N/A;N/A;N/A;N/A;N/A;N/A;N/A;N/A;N/A;N/A;N/A;N/A;N/A;N/A;N/A;N/A;N/A;N/A;N/A;N/A;N/A;N/A;N/A;N/A;N/A;N/A;N/A;N/A;N/A;N/A;N/A;N/A;N/A;N/A;N/A;N/A;N/A;N/A;N/A;N/A;N/A;N/A;N/A;N/A;N/A;N/A;N/A;N/A;N/A;N/A;N/A;N/A;N/A;N/A;N/A;N/A;N/A
Nissan;Sd23;"Doble Cabina";1998;"109744 km";;RODRIGUEZFACUNDO20220202225609;265000;;;;;Paysandú;https://auto.mercadolibre.com.uy/MLU-635154395-nissan-sd23-doble-cabina-_JM;N/A;;"Nissan Sd23 Doble Cabina ";UYU;No;free;false;N/A;N/A;http://perfil.mercadolibre.com.uy/RODRIGUEZFACUNDO20220202225609;active;N/A;N/A;Usado;N/A;N/A;N/A;N/A;N/A;N/A;N/A;N/A;N/A;N/A;N/A;N/A;N/A;N/A;N/A;N/A;N/A;N/A;N/A;N/A;N/A;N/A;N/A;N/A;N/A;N/A;N/A;N/A;N/A;N/A;N/A;N/A;N/A;N/A;N/A;N/A;N/A;N/A;N/A;N/A;N/A;N/A;N/A;N/A;N/A;N/A;N/A;N/A;N/A;N/A;N/A;N/A;N/A;N/A;N/A;N/A;N/A;N/A;N/A;N/A;N/A;N/A;N/A;N/A;N/A;N/A;N/A;N/A;N/A;N/A;N/A;N/A;N/A;N/A;N/A;N/A;N/A;N/A;N/A;N/A;N/A;N/A;N/A;N/A;N/A;N/A;N/A;N/A;N/A;N/A;N/A;N/A;N/A;N/A;N/A;N/A;N/A;N/A;N/A;N/A;N/A;N/A;N/A;N/A;N/A;N/A;N/A;N/A;4;N/A;Diésel;N/A;N/A;"Autos y camionetas";N/A;N/A;N/A;N/A;N/A;N/A;N/A;N/A;N/A;N/A;N/A;N/A;N/A;N/A;N/A;N/A;N/A;N/A;N/A;N/A;N/A;N/A;N/A;N/A;N/A;N/A;N/A;N/A;N/A;N/A;N/A;N/A;N/A;N/A;N/A;N/A;N/A;N/A;N/A;N/A;N/A;N/A;N/A;N/A;N/A;N/A;N/A;N/A;N/A;N/A;N/A;N/A;N/A;N/A;N/A;N/A;N/A;N/A;N/A;N/A;N/A;N/A;N/A;N/A;N/A;N/A;N/A;N/A;N/A;N/A;N/A;N/A;N/A;N/A;N/A;N/A;N/A;N/A;N/A;N/A;N/A;N/A;N/A;N/A;N/A;N/A;N/A;N/A;N/A;N/A;N/A;N/A;N/A;N/A;N/A;N/A;N/A;N/A;N/A;N/A;N/A;N/A;N/A;N/A;N/A;N/A;N/A;N/A;N/A;N/A;N/A;N/A;N/A;N/A;N/A;N/A;N/A;N/A;N/A;N/A;N/A;N/A
Nissan;Tiida;"1.8 Emotion Mt";2012;"134000 km";;DIEGOTEL87;10500;;;;;"Punta Carretas";https://auto.mercadolibre.com.uy/MLU-635122463-nissan-tiida-2012-18-emotion-mt-_JM;N/A;;"Nissan Tiida 2012 1.8 Emotion Mt";usd;Sí;free;false;N/A;N/A;http://perfil.mercadolibre.com.uy/DIEGOTEL87;active;N/A;N/A;Usado;N/A;N/A;Hidráulica;Delantera;Sí;N/A;N/A;N/A;N/A;N/A;N/A;N/A;N/A;N/A;N/A;N/A;N/A;N/A;N/A;N/A;N/A;N/A;N/A;N/A;N/A;N/A;N/A;N/A;N/A;"2600 mm";"1.8 L";"52 L";N/A;N/A;N/A;N/A;N/A;N/A;N/A;N/A;N/A;N/A;N/A;N/A;N/A;N/A;N/A;N/A;N/A;N/A;N/A;N/A;N/A;N/A;N/A;N/A;N/A;N/A;N/A;N/A;N/A;N/A;N/A;N/A;N/A;N/A;N/A;N/A;N/A;N/A;N/A;N/A;N/A;N/A;N/A;N/A;N/A;N/A;"1548 mm";"4297 mm";N/A;N/A;N/A;N/A;N/A;N/A;Emotion;N/A;N/A;"1695 mm";N/A;N/A;N/A;N/A;N/A;N/A;N/A;N/A;N/A;N/A;N/A;N/A;N/A;N/A;N/A;N/A;N/A;N/A;5;1.8;Nafta;Manual;Hatchback;"Autos y camionetas";N/A;N/A;N/A;N/A;N/A;N/A;UY;N/A;N/A;N/A;N/A;N/A;N/A;N/A;N/A;N/A;N/A;N/A;N/A;N/A;N/A;N/A;N/A;N/A;N/A;N/A;N/A;N/A;N/A;N/A;N/A;N/A;N/A;N/A;N/A;N/A;N/A;N/A;N/A;N/A;N/A;N/A;N/A;N/A;N/A;N/A;N/A;N/A;N/A;N/A;N/A;N/A;N/A;N/A;N/A;N/A;N/A;N/A;N/A;N/A;N/A;N/A;N/A;N/A;N/A;N/A;N/A;N/A;N/A;N/A;N/A;N/A;N/A;N/A;N/A;N/A;N/A;N/A;N/A;N/A;N/A;N/A;N/A;N/A;N/A;N/A;N/A;N/A;N/A;N/A;N/A;N/A;N/A;N/A;N/A;N/A;Sí;N/A;N/A;N/A;N/A;N/A;N/A;N/A;N/A;N/A;N/A;N/A;N/A;N/A;N/A;N/A;N/A;N/A;Sí;N/A;N/A;N/A;N/A;N/A;N/A;N/A
Nissan;Sunny;"Sunny B12 LX";1998;"324650 km";;LIAJACQUELINE20231119154037;3500;;;;;"Las Piedras";https://auto.mercadolibre.com.uy/MLU-634973149-nissan-sunny-_JM;N/A;;"Nissan Sunny";USD;Sí;free;false;N/A;N/A;http://perfil.mercadolibre.com.uy/LIAJACQUELINE20231119154037;active;N/A;N/A;Usado;Blanco;N/A;Mecánica;N/A;N/A;N/A;N/A;N/A;N/A;N/A;N/A;N/A;N/A;N/A;N/A;N/A;N/A;N/A;N/A;N/A;N/A;N/A;N/A;N/A;N/A;N/A;N/A;N/A;N/A;N/A;N/A;N/A;N/A;N/A;N/A;N/A;N/A;N/A;N/A;N/A;N/A;N/A;N/A;N/A;N/A;N/A;N/A;N/A;N/A;N/A;N/A;N/A;N/A;N/A;N/A;N/A;N/A;N/A;N/A;N/A;N/A;N/A;N/A;N/A;N/A;N/A;N/A;N/A;N/A;N/A;N/A;N/A;N/A;N/A;N/A;N/A;N/A;N/A;N/A;N/A;N/A;N/A;N/A;N/A;N/A;N/A;N/A;N/A;N/A;N/A;N/A;No;N/A;N/A;N/A;N/A;No;N/A;N/A;N/A;N/A;N/A;N/A;N/A;N/A;N/A;N/A;N/A;5;1.6;Nafta;Manual;N/A;"Autos y camionetas";N/A;N/A;N/A;N/A;N/A;N/A;N/A;N/A;N/A;N/A;N/A;N/A;N/A;N/A;N/A;N/A;N/A;N/A;N/A;N/A;N/A;N/A;N/A;N/A;N/A;N/A;N/A;N/A;N/A;N/A;N/A;N/A;N/A;N/A;N/A;N/A;N/A;N/A;N/A;N/A;N/A;N/A;N/A;N/A;N/A;N/A;N/A;N/A;N/A;N/A;N/A;N/A;N/A;N/A;N/A;N/A;N/A;N/A;N/A;N/A;N/A;N/A;N/A;N/A;N/A;N/A;N/A;N/A;N/A;N/A;N/A;N/A;N/A;N/A;N/A;N/A;N/A;N/A;N/A;N/A;N/A;N/A;N/A;N/A;N/A;N/A;N/A;N/A;N/A;N/A;N/A;N/A;N/A;N/A;N/A;N/A;N/A;Sí;Sí;N/A;N/A;N/A;N/A;N/A;N/A;N/A;N/A;N/A;N/A;N/A;N/A;N/A;N/A;N/A;Sí;Sí;N/A;Sí;N/A;N/A;N/A;Sí
Nissan;Sentra;B14;1996;"305000 km";;CYNTHIAFRISA;7000;;;;;"Parque Rodó";https://auto.mercadolibre.com.uy/MLU-635046619-nissan-sentra-b14-_JM;N/A;;"Nissan Sentra B14";USD;Sí;free;false;N/A;N/A;http://perfil.mercadolibre.com.uy/CYNTHIAFRISA;active;N/A;N/A;Usado;N/A;N/A;N/A;N/A;N/A;N/A;N/A;N/A;N/A;N/A;N/A;N/A;N/A;N/A;N/A;N/A;N/A;N/A;N/A;N/A;N/A;N/A;N/A;N/A;N/A;N/A;N/A;N/A;N/A;N/A;N/A;N/A;N/A;N/A;N/A;N/A;N/A;N/A;N/A;N/A;N/A;N/A;N/A;N/A;N/A;N/A;N/A;N/A;N/A;N/A;N/A;N/A;N/A;N/A;N/A;N/A;N/A;N/A;N/A;N/A;N/A;N/A;N/A;N/A;N/A;N/A;N/A;N/A;N/A;N/A;N/A;N/A;N/A;N/A;N/A;N/A;N/A;N/A;N/A;N/A;N/A;N/A;N/A;N/A;N/A;N/A;N/A;N/A;N/A;N/A;N/A;N/A;N/A;N/A;N/A;N/A;N/A;N/A;N/A;N/A;N/A;N/A;N/A;N/A;N/A;N/A;N/A;N/A;5;N/A;Nafta;N/A;N/A;"Autos y camionetas";N/A;N/A;N/A;N/A;N/A;N/A;N/A;N/A;N/A;N/A;N/A;N/A;N/A;N/A;N/A;N/A;N/A;N/A;N/A;N/A;N/A;N/A;N/A;N/A;N/A;N/A;N/A;N/A;N/A;N/A;N/A;N/A;N/A;N/A;N/A;N/A;N/A;N/A;N/A;N/A;N/A;N/A;N/A;N/A;N/A;N/A;N/A;N/A;N/A;N/A;N/A;N/A;N/A;N/A;N/A;N/A;N/A;N/A;N/A;N/A;N/A;N/A;N/A;N/A;N/A;N/A;N/A;N/A;N/A;N/A;N/A;N/A;N/A;N/A;N/A;N/A;N/A;N/A;N/A;N/A;N/A;N/A;N/A;N/A;N/A;N/A;N/A;N/A;N/A;N/A;N/A;N/A;N/A;N/A;N/A;N/A;N/A;N/A;N/A;N/A;N/A;N/A;N/A;N/A;N/A;N/A;N/A;N/A;N/A;N/A;N/A;N/A;N/A;N/A;N/A;N/A;N/A;N/A;N/A;N/A;N/A;N/A
Nissan;720;"Nissan 720";1998;"500000 km";;COEN3694237;6700;;;;;Young;https://auto.mercadolibre.com.uy/MLU-664236914-nissan-720-nissan-720-_JM;N/A;;"Nissan 720 Nissan 720 ";USD;Sí;free;false;N/A;N/A;http://perfil.mercadolibre.com.uy/COEN3694237;active;N/A;N/A;Usado;N/A;N/A;N/A;N/A;N/A;N/A;N/A;N/A;N/A;N/A;N/A;N/A;N/A;N/A;N/A;N/A;N/A;N/A;N/A;N/A;N/A;N/A;N/A;N/A;N/A;N/A;N/A;N/A;N/A;N/A;N/A;N/A;N/A;N/A;N/A;N/A;N/A;N/A;N/A;N/A;N/A;N/A;N/A;N/A;N/A;N/A;N/A;N/A;N/A;N/A;N/A;N/A;N/A;N/A;N/A;N/A;N/A;N/A;N/A;N/A;N/A;N/A;N/A;N/A;N/A;N/A;N/A;N/A;N/A;N/A;N/A;N/A;N/A;N/A;N/A;N/A;N/A;N/A;N/A;N/A;N/A;N/A;N/A;N/A;N/A;N/A;N/A;N/A;N/A;N/A;N/A;N/A;N/A;N/A;N/A;N/A;N/A;N/A;N/A;N/A;N/A;N/A;N/A;N/A;N/A;N/A;N/A;N/A;2;N/A;Diésel;N/A;N/A;"Autos y camionetas";N/A;N/A;N/A;N/A;N/A;N/A;N/A;N/A;N/A;N/A;N/A;N/A;N/A;N/A;N/A;N/A;N/A;N/A;N/A;N/A;N/A;N/A;N/A;N/A;N/A;N/A;N/A;N/A;N/A;N/A;N/A;N/A;N/A;N/A;N/A;N/A;N/A;N/A;N/A;N/A;N/A;N/A;N/A;N/A;N/A;N/A;N/A;N/A;N/A;N/A;N/A;N/A;N/A;N/A;N/A;N/A;N/A;N/A;N/A;N/A;N/A;N/A;N/A;N/A;N/A;N/A;N/A;N/A;N/A;N/A;N/A;N/A;N/A;N/A;N/A;N/A;N/A;N/A;N/A;N/A;N/A;N/A;N/A;N/A;N/A;N/A;N/A;N/A;N/A;N/A;N/A;N/A;N/A;N/A;N/A;N/A;N/A;N/A;N/A;N/A;N/A;N/A;N/A;N/A;N/A;N/A;N/A;N/A;N/A;N/A;N/A;N/A;N/A;N/A;N/A;N/A;N/A;N/A;N/A;N/A;N/A;N/A
Nissan;Versa;"1.6 Sense 5vel Mt";2012;"162000 km";;LETICIACANTONNET;9300;;;;;Pocitos;https://auto.mercadolibre.com.uy/MLU-664081504-nissan-versa-2012-16-sense-5vel-mt-_JM;N/A;;"Nissan Versa 2012 1.6 Sense 5vel Mt";usd;Sí;free;false;N/A;N/A;http://perfil.mercadolibre.com.uy/LETICIACANTONNET;active;N/A;N/A;Usado;N/A;N/A;Hidráulica;Delantera;Sí;N/A;N/A;N/A;N/A;N/A;N/A;N/A;N/A;N/A;N/A;N/A;N/A;N/A;N/A;N/A;N/A;N/A;N/A;N/A;N/A;N/A;N/A;N/A;N/A;N/A;"1.6 L";N/A;N/A;N/A;N/A;N/A;N/A;N/A;N/A;N/A;N/A;N/A;N/A;N/A;N/A;N/A;N/A;N/A;N/A;N/A;N/A;N/A;N/A;N/A;N/A;N/A;N/A;N/A;N/A;N/A;N/A;N/A;N/A;N/A;N/A;N/A;N/A;N/A;N/A;N/A;N/A;N/A;N/A;N/A;N/A;N/A;N/A;N/A;N/A;N/A;N/A;N/A;N/A;N/A;N/A;N/A;Sense;N/A;N/A;N/A;N/A;N/A;N/A;N/A;N/A;N/A;N/A;N/A;N/A;N/A;N/A;N/A;N/A;N/A;N/A;N/A;N/A;N/A;4;1.6;Nafta;Manual;Hatchback;"Autos y camionetas";N/A;N/A;N/A;N/A;N/A;N/A;UY;N/A;N/A;N/A;N/A;N/A;N/A;N/A;N/A;N/A;N/A;N/A;N/A;N/A;N/A;N/A;N/A;N/A;N/A;N/A;N/A;N/A;N/A;N/A;N/A;N/A;N/A;N/A;N/A;N/A;N/A;N/A;N/A;N/A;N/A;N/A;N/A;N/A;N/A;N/A;N/A;N/A;N/A;N/A;N/A;N/A;N/A;N/A;N/A;N/A;N/A;N/A;N/A;N/A;N/A;N/A;N/A;N/A;N/A;N/A;N/A;N/A;N/A;N/A;N/A;N/A;N/A;N/A;N/A;N/A;N/A;N/A;N/A;N/A;N/A;N/A;N/A;N/A;N/A;N/A;N/A;N/A;N/A;N/A;N/A;N/A;N/A;N/A;N/A;N/A;Sí;N/A;N/A;N/A;N/A;N/A;N/A;N/A;N/A;N/A;N/A;N/A;N/A;N/A;N/A;N/A;N/A;N/A;Sí;N/A;N/A;N/A;N/A;N/A;N/A;N/A
Nissan;March;"1.6 Advance Navi Mt";2015;"115000 km";;MAXI.DELEO;10500;;;;;Reducto;https://auto.mercadolibre.com.uy/MLU-634728777-nissan-march-2015-16-advance-navi-mt-_JM;N/A;;"Nissan March 2015 1.6 Advance Navi Mt";usd;Sí;free;false;N/A;N/A;http://perfil.mercadolibre.com.uy/MAXI.DELEO;active;N/A;N/A;Usado;N/A;N/A;Hidráulica;Delantera;Sí;N/A;N/A;N/A;Sí;N/A;N/A;N/A;N/A;N/A;N/A;N/A;N/A;N/A;N/A;N/A;N/A;N/A;N/A;N/A;N/A;N/A;N/A;N/A;N/A;"2450 mm";"1.6 L";"41 L";N/A;N/A;N/A;N/A;N/A;N/A;N/A;N/A;N/A;N/A;N/A;N/A;N/A;N/A;N/A;N/A;N/A;N/A;N/A;N/A;N/A;N/A;N/A;N/A;N/A;N/A;N/A;N/A;N/A;N/A;N/A;N/A;N/A;N/A;N/A;N/A;N/A;N/A;N/A;N/A;N/A;N/A;N/A;N/A;N/A;N/A;"1532 mm";"3827 mm";N/A;N/A;N/A;N/A;5;"109 hp";Advance;N/A;N/A;"1665 mm";N/A;N/A;N/A;N/A;N/A;N/A;N/A;N/A;N/A;N/A;N/A;N/A;N/A;N/A;N/A;N/A;N/A;N/A;5;1.6;Nafta;Manual;Hatchback;"Autos y camionetas";N/A;N/A;N/A;N/A;N/A;N/A;UY;N/A;N/A;N/A;N/A;N/A;N/A;N/A;N/A;N/A;N/A;N/A;N/A;N/A;N/A;N/A;N/A;N/A;N/A;N/A;N/A;N/A;N/A;N/A;N/A;N/A;N/A;N/A;N/A;N/A;N/A;N/A;N/A;N/A;N/A;N/A;N/A;N/A;N/A;N/A;N/A;N/A;N/A;N/A;N/A;N/A;N/A;N/A;N/A;N/A;N/A;N/A;N/A;N/A;N/A;N/A;N/A;N/A;N/A;N/A;N/A;N/A;N/A;N/A;N/A;N/A;N/A;N/A;N/A;N/A;N/A;N/A;N/A;N/A;N/A;N/A;N/A;N/A;N/A;N/A;N/A;N/A;N/A;N/A;N/A;N/A;N/A;N/A;N/A;N/A;Sí;N/A;N/A;N/A;N/A;N/A;N/A;N/A;N/A;N/A;N/A;N/A;N/A;N/A;N/A;N/A;N/A;N/A;Sí;N/A;N/A;N/A;N/A;N/A;N/A;N/A
Nissan;Frontier;"Frontier SE 4x2";2016;"156000 km";;MOLLERBRUNO;19000;;;;;Dolores;https://auto.mercadolibre.com.uy/MLU-634818989-nissan-frontier-se-_JM;N/A;;"Nissan Frontier Se";USD;Sí;free;false;N/A;N/A;http://perfil.mercadolibre.com.uy/MOLLERBRUNO;active;N/A;N/A;Usado;Blanco;N/A;Hidráulica;4x2;N/A;N/A;N/A;N/A;N/A;N/A;N/A;N/A;N/A;N/A;N/A;N/A;N/A;N/A;N/A;N/A;N/A;N/A;N/A;N/A;N/A;N/A;N/A;N/A;N/A;N/A;N/A;N/A;N/A;N/A;N/A;N/A;N/A;N/A;N/A;N/A;N/A;N/A;N/A;N/A;N/A;N/A;N/A;N/A;N/A;N/A;N/A;N/A;N/A;N/A;N/A;N/A;N/A;N/A;N/A;N/A;N/A;N/A;N/A;N/A;N/A;N/A;N/A;N/A;N/A;N/A;N/A;N/A;N/A;N/A;N/A;N/A;N/A;N/A;N/A;N/A;N/A;N/A;N/A;N/A;N/A;N/A;N/A;N/A;N/A;N/A;N/A;N/A;N/A;N/A;N/A;N/A;N/A;N/A;N/A;N/A;N/A;N/A;N/A;N/A;N/A;N/A;N/A;N/A;4;2.5;Nafta;Manual;Pick-Up;"Autos y camionetas";N/A;N/A;N/A;N/A;N/A;N/A;N/A;N/A;N/A;N/A;N/A;N/A;N/A;N/A;N/A;N/A;N/A;N/A;N/A;N/A;N/A;N/A;N/A;N/A;N/A;N/A;N/A;N/A;N/A;N/A;N/A;N/A;N/A;N/A;N/A;N/A;N/A;N/A;N/A;N/A;N/A;N/A;N/A;N/A;N/A;N/A;N/A;N/A;N/A;N/A;N/A;N/A;N/A;N/A;N/A;N/A;N/A;N/A;N/A;N/A;N/A;N/A;N/A;N/A;N/A;N/A;N/A;N/A;N/A;N/A;N/A;N/A;N/A;N/A;N/A;N/A;N/A;N/A;N/A;N/A;N/A;N/A;N/A;N/A;N/A;N/A;N/A;N/A;N/A;N/A;N/A;N/A;N/A;N/A;N/A;N/A;N/A;N/A;N/A;N/A;N/A;N/A;N/A;N/A;N/A;N/A;N/A;N/A;N/A;N/A;N/A;N/A;N/A;N/A;N/A;N/A;N/A;N/A;N/A;N/A;N/A;N/A
Nissan;720;720;1998;"420000 km";;CAKA4248925;4700;;;;;"El Tesoro";https://auto.mercadolibre.com.uy/MLU-634766997-nissan-720-720-_JM;N/A;;"Nissan 720 720";USD;Sí;free;false;N/A;N/A;http://perfil.mercadolibre.com.uy/CAKA4248925;active;N/A;N/A;Usado;N/A;N/A;N/A;N/A;N/A;N/A;N/A;N/A;N/A;N/A;N/A;N/A;N/A;N/A;N/A;N/A;N/A;N/A;N/A;N/A;N/A;N/A;N/A;N/A;N/A;N/A;N/A;N/A;N/A;N/A;N/A;N/A;N/A;N/A;N/A;N/A;N/A;N/A;N/A;N/A;N/A;N/A;N/A;N/A;N/A;N/A;N/A;N/A;N/A;N/A;N/A;N/A;N/A;N/A;N/A;N/A;N/A;N/A;N/A;N/A;N/A;N/A;N/A;N/A;N/A;N/A;N/A;N/A;N/A;N/A;N/A;N/A;N/A;N/A;N/A;N/A;N/A;N/A;N/A;N/A;N/A;N/A;N/A;N/A;N/A;N/A;N/A;N/A;N/A;N/A;N/A;N/A;N/A;N/A;N/A;N/A;N/A;N/A;N/A;N/A;N/A;N/A;N/A;N/A;N/A;N/A;N/A;N/A;2;N/A;Diésel;N/A;N/A;"Autos y camionetas";N/A;N/A;N/A;N/A;N/A;N/A;N/A;N/A;N/A;N/A;N/A;N/A;N/A;N/A;N/A;N/A;N/A;N/A;N/A;N/A;N/A;N/A;N/A;N/A;N/A;N/A;N/A;N/A;N/A;N/A;N/A;N/A;N/A;N/A;N/A;N/A;N/A;N/A;N/A;N/A;N/A;N/A;N/A;N/A;N/A;N/A;N/A;N/A;N/A;N/A;N/A;N/A;N/A;N/A;N/A;N/A;N/A;N/A;N/A;N/A;N/A;N/A;N/A;N/A;N/A;N/A;N/A;N/A;N/A;N/A;N/A;N/A;N/A;N/A;N/A;N/A;N/A;N/A;N/A;N/A;N/A;N/A;N/A;N/A;N/A;N/A;N/A;N/A;N/A;N/A;N/A;N/A;N/A;N/A;N/A;N/A;N/A;N/A;N/A;N/A;N/A;N/A;N/A;N/A;N/A;N/A;N/A;N/A;N/A;N/A;N/A;N/A;N/A;N/A;N/A;N/A;N/A;N/A;N/A;N/A;N/A;N/A
Nissan;Versa;"1.6 Drive At";2020;"78000 km";;BAMA2618344;15800;;;;;Young;https://auto.mercadolibre.com.uy/MLU-666227554-nissan-versa-2020-16-drive-at-_JM;N/A;;"Nissan Versa 2020 1.6 Drive At";usd;Sí;free;false;N/A;N/A;http://perfil.mercadolibre.com.uy/BAMA2618344;active;N/A;N/A;Usado;N/A;N/A;Hidráulica;Delantera;Sí;N/A;N/A;N/A;N/A;N/A;N/A;N/A;N/A;N/A;N/A;N/A;N/A;N/A;N/A;N/A;N/A;N/A;N/A;N/A;N/A;N/A;N/A;N/A;N/A;"2600 mm";"1.6 L";"41 L";4;N/A;N/A;N/A;N/A;N/A;N/A;N/A;N/A;N/A;N/A;N/A;N/A;N/A;N/A;N/A;N/A;N/A;N/A;N/A;N/A;N/A;N/A;N/A;N/A;N/A;N/A;N/A;N/A;N/A;N/A;N/A;N/A;N/A;N/A;N/A;N/A;N/A;N/A;N/A;N/A;N/A;N/A;N/A;N/A;N/A;"1506 mm";"4492 mm";N/A;N/A;N/A;N/A;5;"106 hp";Drive;N/A;4;"1695 mm";N/A;N/A;N/A;N/A;N/A;N/A;N/A;Sí;N/A;N/A;N/A;N/A;N/A;N/A;N/A;N/A;N/A;N/A;4;1.6;Nafta;Automática;Sedán;"Autos y camionetas";N/A;N/A;N/A;N/A;N/A;N/A;UY;N/A;N/A;N/A;N/A;N/A;N/A;N/A;N/A;N/A;N/A;N/A;N/A;N/A;N/A;N/A;N/A;N/A;N/A;N/A;N/A;N/A;N/A;N/A;N/A;N/A;N/A;N/A;N/A;N/A;N/A;N/A;N/A;N/A;N/A;N/A;N/A;N/A;N/A;N/A;N/A;N/A;N/A;N/A;N/A;N/A;N/A;N/A;N/A;N/A;N/A;N/A;N/A;N/A;N/A;N/A;N/A;N/A;N/A;N/A;N/A;N/A;N/A;N/A;N/A;N/A;N/A;N/A;N/A;N/A;N/A;N/A;N/A;N/A;N/A;N/A;N/A;N/A;N/A;N/A;N/A;N/A;N/A;N/A;N/A;N/A;N/A;N/A;N/A;N/A;Sí;N/A;N/A;N/A;N/A;N/A;N/A;N/A;N/A;Sí;N/A;N/A;N/A;N/A;N/A;N/A;N/A;N/A;Sí;N/A;N/A;N/A;N/A;N/A;N/A;N/A
Nissan;Versa;"1.6 Advance At";2023;"9500 km";;REHE3420810;27490;;;;;"Brazo Oriental";https://auto.mercadolibre.com.uy/MLU-665903738-nissan-new-versa-_JM;N/A;;"Nissan New Versa";usd;Sí;free;false;N/A;N/A;http://perfil.mercadolibre.com.uy/REHE3420810;active;N/A;N/A;Usado;Blanco;N/A;Hidráulica;Delantera;Sí;N/A;N/A;N/A;N/A;N/A;N/A;N/A;N/A;N/A;N/A;N/A;N/A;N/A;N/A;N/A;N/A;N/A;N/A;N/A;N/A;N/A;N/A;N/A;N/A;"2600 mm";"1.6 L";"41 L";4;N/A;N/A;N/A;N/A;N/A;N/A;N/A;N/A;N/A;N/A;N/A;N/A;N/A;N/A;N/A;N/A;N/A;N/A;N/A;N/A;N/A;N/A;N/A;N/A;N/A;N/A;N/A;N/A;N/A;N/A;N/A;N/A;N/A;N/A;N/A;N/A;N/A;N/A;N/A;N/A;N/A;N/A;N/A;N/A;N/A;"1506 mm";"4492 mm";N/A;N/A;N/A;N/A;5;"106 hp";Advance;N/A;4;"1695 mm";N/A;N/A;N/A;N/A;N/A;N/A;N/A;Sí;N/A;N/A;N/A;N/A;N/A;N/A;N/A;N/A;N/A;N/A;4;1.6;Nafta;Automática;Sedán;"Autos y camionetas";N/A;N/A;N/A;N/A;N/A;N/A;UY;N/A;N/A;N/A;N/A;N/A;N/A;N/A;N/A;N/A;N/A;N/A;N/A;N/A;N/A;N/A;N/A;N/A;N/A;N/A;N/A;N/A;N/A;N/A;N/A;N/A;N/A;N/A;N/A;N/A;N/A;N/A;N/A;N/A;N/A;N/A;N/A;N/A;N/A;N/A;N/A;N/A;N/A;N/A;N/A;N/A;N/A;N/A;N/A;N/A;N/A;N/A;N/A;N/A;N/A;N/A;N/A;N/A;N/A;N/A;N/A;N/A;N/A;N/A;N/A;N/A;N/A;N/A;N/A;N/A;N/A;N/A;N/A;N/A;N/A;N/A;N/A;N/A;N/A;N/A;N/A;N/A;N/A;N/A;N/A;N/A;N/A;N/A;N/A;N/A;N/A;N/A;N/A;N/A;N/A;N/A;N/A;N/A;N/A;N/A;N/A;N/A;N/A;N/A;N/A;N/A;N/A;N/A;Sí;N/A;N/A;N/A;N/A;N/A;N/A;N/A
Nissan;Vanette;Furgon;1998;"1000 km";;GUJO4380263;4300;;;;;Aguada;https://auto.mercadolibre.com.uy/MLU-634845563-nissan-vanette-_JM;N/A;;"Nissan Vanette";USD;Sí;free;false;N/A;N/A;http://perfil.mercadolibre.com.uy/GUJO4380263;active;N/A;N/A;Usado;Plateado;N/A;Mecánica;Trasera;N/A;Sí;N/A;N/A;N/A;N/A;N/A;N/A;N/A;N/A;N/A;N/A;N/A;N/A;N/A;N/A;N/A;N/A;N/A;N/A;N/A;N/A;N/A;N/A;N/A;N/A;N/A;N/A;N/A;N/A;N/A;N/A;N/A;N/A;N/A;N/A;N/A;N/A;N/A;N/A;N/A;N/A;N/A;N/A;N/A;N/A;N/A;N/A;N/A;N/A;N/A;N/A;N/A;N/A;N/A;N/A;N/A;N/A;N/A;N/A;N/A;N/A;N/A;N/A;N/A;N/A;N/A;N/A;N/A;N/A;N/A;N/A;N/A;N/A;N/A;N/A;N/A;N/A;N/A;N/A;N/A;N/A;N/A;N/A;N/A;N/A;N/A;N/A;N/A;N/A;N/A;N/A;N/A;N/A;N/A;N/A;N/A;N/A;N/A;N/A;N/A;N/A;N/A;N/A;5;2.0;Diésel;Manual;Furgón;"Autos y camionetas";N/A;N/A;N/A;N/A;N/A;N/A;N/A;N/A;N/A;N/A;N/A;N/A;N/A;N/A;N/A;N/A;N/A;N/A;N/A;N/A;N/A;N/A;N/A;N/A;N/A;N/A;N/A;N/A;N/A;N/A;N/A;N/A;N/A;N/A;N/A;N/A;N/A;N/A;N/A;N/A;N/A;N/A;N/A;N/A;N/A;N/A;N/A;N/A;N/A;N/A;N/A;N/A;N/A;N/A;N/A;N/A;N/A;N/A;N/A;N/A;N/A;N/A;N/A;N/A;N/A;N/A;N/A;N/A;N/A;N/A;N/A;N/A;N/A;N/A;N/A;N/A;N/A;N/A;N/A;N/A;N/A;N/A;N/A;N/A;N/A;N/A;N/A;N/A;N/A;N/A;N/A;N/A;N/A;N/A;N/A;N/A;N/A;Sí;N/A;N/A;N/A;N/A;N/A;N/A;N/A;N/A;N/A;N/A;N/A;N/A;N/A;N/A;N/A;Sí;N/A;N/A;N/A;N/A;N/A;N/A;N/A;N/A
Nissan;Tiida;"1.8 Emotion At";2012;"98000 km";;TRINIFLORES2010;10480;;;;;Trinidad;https://auto.mercadolibre.com.uy/MLU-635054365-nissan-tiida-full-manual-ano-2012-_JM;N/A;;"Nissan Tiida Full Manual Año 2012";usd;Sí;free;false;N/A;N/A;http://perfil.mercadolibre.com.uy/TRINIFLORES2010;active;N/A;N/A;Usado;Blanco;N/A;Hidráulica;Delantera;Sí;N/A;N/A;N/A;N/A;N/A;N/A;N/A;N/A;N/A;N/A;N/A;N/A;N/A;N/A;N/A;N/A;N/A;N/A;N/A;N/A;N/A;N/A;N/A;N/A;"2600 mm";"1.8 L";"52 L";N/A;N/A;N/A;N/A;N/A;N/A;N/A;N/A;N/A;N/A;N/A;N/A;N/A;N/A;N/A;N/A;N/A;N/A;N/A;N/A;N/A;N/A;N/A;N/A;N/A;N/A;N/A;N/A;N/A;N/A;N/A;N/A;N/A;N/A;N/A;N/A;N/A;N/A;N/A;N/A;N/A;N/A;N/A;N/A;N/A;N/A;"1548 mm";"4297 mm";N/A;N/A;N/A;N/A;N/A;N/A;Emotion;N/A;N/A;"1695 mm";N/A;N/A;N/A;N/A;N/A;N/A;N/A;N/A;N/A;N/A;N/A;N/A;N/A;N/A;N/A;N/A;N/A;"TODO HORARIO";5;1.8;Nafta;Automática;Hatchback;"Autos y camionetas";N/A;N/A;N/A;N/A;N/A;N/A;UY;N/A;N/A;N/A;N/A;N/A;N/A;N/A;N/A;N/A;N/A;N/A;N/A;N/A;N/A;N/A;N/A;N/A;N/A;N/A;N/A;N/A;N/A;N/A;N/A;N/A;N/A;N/A;N/A;N/A;N/A;N/A;N/A;N/A;N/A;N/A;N/A;N/A;N/A;N/A;N/A;N/A;N/A;N/A;N/A;N/A;N/A;N/A;N/A;N/A;N/A;N/A;N/A;N/A;N/A;N/A;N/A;N/A;N/A;N/A;N/A;N/A;N/A;N/A;N/A;N/A;N/A;N/A;N/A;N/A;N/A;N/A;N/A;N/A;N/A;N/A;N/A;N/A;N/A;N/A;N/A;N/A;N/A;N/A;N/A;N/A;N/A;N/A;N/A;N/A;Sí;N/A;N/A;N/A;N/A;N/A;N/A;N/A;N/A;N/A;N/A;N/A;N/A;N/A;N/A;N/A;N/A;N/A;Sí;N/A;N/A;N/A;N/A;N/A;N/A;N/A
Nissan;"Nissan d21";D21;2008;"350000 km";;RONI6588356;14000;;;;;"Paso de la Arena";https://auto.mercadolibre.com.uy/MLU-635222969-nissan-nissan-d21-d21-_JM;N/A;;"Nissan Nissan D21 D21";USD;Sí;free;false;N/A;N/A;http://perfil.mercadolibre.com.uy/RONI6588356;active;N/A;N/A;Usado;N/A;N/A;N/A;N/A;N/A;N/A;N/A;N/A;N/A;N/A;N/A;N/A;N/A;N/A;N/A;N/A;N/A;N/A;N/A;N/A;N/A;N/A;N/A;N/A;N/A;N/A;N/A;N/A;N/A;N/A;N/A;N/A;N/A;N/A;N/A;N/A;N/A;N/A;N/A;N/A;N/A;N/A;N/A;N/A;N/A;N/A;N/A;N/A;N/A;N/A;N/A;N/A;N/A;N/A;N/A;N/A;N/A;N/A;N/A;N/A;N/A;N/A;N/A;N/A;N/A;N/A;N/A;N/A;N/A;N/A;N/A;N/A;N/A;N/A;N/A;N/A;N/A;N/A;N/A;N/A;N/A;N/A;N/A;N/A;N/A;N/A;N/A;N/A;N/A;N/A;N/A;N/A;N/A;N/A;N/A;N/A;N/A;N/A;N/A;N/A;N/A;N/A;N/A;N/A;N/A;N/A;N/A;N/A;5;N/A;Diésel;N/A;N/A;"Autos y camionetas";N/A;N/A;N/A;N/A;N/A;N/A;N/A;N/A;N/A;N/A;N/A;N/A;N/A;N/A;N/A;N/A;N/A;N/A;N/A;N/A;N/A;N/A;N/A;N/A;N/A;N/A;N/A;N/A;N/A;N/A;N/A;N/A;N/A;N/A;N/A;N/A;N/A;N/A;N/A;N/A;N/A;N/A;N/A;N/A;N/A;N/A;N/A;N/A;N/A;N/A;N/A;N/A;N/A;N/A;N/A;N/A;N/A;N/A;N/A;N/A;N/A;N/A;N/A;N/A;N/A;N/A;N/A;N/A;N/A;N/A;N/A;N/A;N/A;N/A;N/A;N/A;N/A;N/A;N/A;N/A;N/A;N/A;N/A;N/A;N/A;N/A;N/A;N/A;N/A;N/A;N/A;N/A;N/A;N/A;N/A;N/A;N/A;N/A;N/A;N/A;N/A;N/A;N/A;N/A;N/A;N/A;N/A;N/A;N/A;N/A;N/A;N/A;N/A;N/A;N/A;N/A;N/A;N/A;N/A;N/A;N/A;N/A
Nissan;D-21;d21;2007;"467000 km";;LUISDEMARCO;10500;;;;;Pocitos;https://auto.mercadolibre.com.uy/MLU-635410677-nissan-d21-d21-_JM;N/A;;"Nissan D21 D21";USD;No;free;false;N/A;N/A;http://perfil.mercadolibre.com.uy/LUISDEMARCO;active;N/A;N/A;Usado;N/A;N/A;N/A;N/A;N/A;N/A;N/A;N/A;N/A;N/A;N/A;N/A;N/A;N/A;N/A;N/A;N/A;N/A;N/A;N/A;N/A;N/A;N/A;N/A;N/A;N/A;N/A;N/A;N/A;N/A;N/A;N/A;N/A;N/A;N/A;N/A;N/A;N/A;N/A;N/A;N/A;N/A;N/A;N/A;N/A;N/A;N/A;N/A;N/A;N/A;N/A;N/A;N/A;N/A;N/A;N/A;N/A;N/A;N/A;N/A;N/A;N/A;N/A;N/A;N/A;N/A;N/A;N/A;N/A;N/A;N/A;N/A;N/A;N/A;N/A;N/A;N/A;N/A;N/A;N/A;N/A;N/A;N/A;N/A;N/A;N/A;N/A;N/A;N/A;N/A;N/A;N/A;N/A;N/A;N/A;N/A;N/A;N/A;N/A;N/A;N/A;N/A;N/A;N/A;N/A;N/A;N/A;N/A;2;N/A;Diésel;N/A;N/A;"Autos y camionetas";N/A;N/A;N/A;N/A;N/A;N/A;N/A;N/A;N/A;N/A;N/A;N/A;N/A;N/A;N/A;N/A;N/A;N/A;N/A;N/A;N/A;N/A;N/A;N/A;N/A;N/A;N/A;N/A;N/A;N/A;N/A;N/A;N/A;N/A;N/A;N/A;N/A;N/A;N/A;N/A;N/A;N/A;N/A;N/A;N/A;N/A;N/A;N/A;N/A;N/A;N/A;N/A;N/A;N/A;N/A;N/A;N/A;N/A;N/A;N/A;N/A;N/A;N/A;N/A;N/A;N/A;N/A;N/A;N/A;N/A;N/A;N/A;N/A;N/A;N/A;N/A;N/A;N/A;N/A;N/A;N/A;N/A;N/A;N/A;N/A;N/A;N/A;N/A;N/A;N/A;N/A;N/A;N/A;N/A;N/A;N/A;N/A;N/A;N/A;N/A;N/A;N/A;N/A;N/A;N/A;N/A;N/A;N/A;N/A;N/A;N/A;N/A;N/A;N/A;N/A;N/A;N/A;N/A;N/A;N/A;N/A;N/A
Nissan;Frontier;"Frontier Ax Plus 4x4";2004;"399500 km";;DOST8618867;21500;;;;;Salto;https://auto.mercadolibre.com.uy/MLU-666121274-nissan-frontier-frontier-ax-plus-4x4-_JM;N/A;;"Nissan Frontier Frontier Ax Plus 4x4";USD;No;free;false;N/A;N/A;http://perfil.mercadolibre.com.uy/DOST8618867;active;N/A;N/A;Usado;N/A;N/A;N/A;N/A;N/A;N/A;N/A;N/A;N/A;N/A;N/A;N/A;N/A;N/A;N/A;N/A;N/A;N/A;N/A;N/A;N/A;N/A;N/A;N/A;N/A;N/A;N/A;N/A;N/A;N/A;N/A;N/A;N/A;N/A;N/A;N/A;N/A;N/A;N/A;N/A;N/A;N/A;N/A;N/A;N/A;N/A;N/A;N/A;N/A;N/A;N/A;N/A;N/A;N/A;N/A;N/A;N/A;N/A;N/A;N/A;N/A;N/A;N/A;N/A;N/A;N/A;N/A;N/A;N/A;N/A;N/A;N/A;N/A;N/A;N/A;N/A;N/A;N/A;N/A;N/A;N/A;N/A;N/A;N/A;N/A;N/A;N/A;N/A;N/A;N/A;N/A;N/A;N/A;N/A;N/A;N/A;N/A;N/A;N/A;N/A;N/A;N/A;N/A;N/A;N/A;N/A;N/A;N/A;4;N/A;Diésel;N/A;N/A;"Autos y camionetas";N/A;N/A;N/A;N/A;N/A;N/A;N/A;N/A;N/A;N/A;N/A;N/A;N/A;N/A;N/A;N/A;N/A;N/A;N/A;N/A;N/A;N/A;N/A;N/A;N/A;N/A;N/A;N/A;N/A;N/A;N/A;N/A;N/A;N/A;N/A;N/A;N/A;N/A;N/A;N/A;N/A;N/A;N/A;N/A;N/A;N/A;N/A;N/A;N/A;N/A;N/A;N/A;N/A;N/A;N/A;N/A;N/A;N/A;N/A;N/A;N/A;N/A;N/A;N/A;N/A;N/A;N/A;N/A;N/A;N/A;N/A;N/A;N/A;N/A;N/A;N/A;N/A;N/A;N/A;N/A;N/A;N/A;N/A;N/A;N/A;N/A;N/A;N/A;N/A;N/A;N/A;N/A;N/A;N/A;N/A;N/A;N/A;N/A;N/A;N/A;N/A;N/A;N/A;N/A;N/A;N/A;N/A;N/A;N/A;N/A;N/A;N/A;N/A;N/A;N/A;N/A;N/A;N/A;N/A;N/A;N/A;N/A
Nissan;Frontier;"2.4 Xe Mt";2014;"105000 km";;CARLOS-SALVO;12000;;;;;Salto;https://auto.mercadolibre.com.uy/MLU-666169310-nissan-frontier-24-xe-mt-_JM;N/A;;"Nissan Frontier 2.4 Xe Mt";usd;Sí;free;false;N/A;N/A;http://perfil.mercadolibre.com.uy/CARLOS-SALVO;active;N/A;N/A;Usado;Plateado;N/A;Hidráulica;4x4;Sí;N/A;N/A;N/A;N/A;N/A;N/A;N/A;N/A;N/A;N/A;N/A;N/A;N/A;N/A;N/A;N/A;N/A;N/A;N/A;N/A;N/A;N/A;N/A;N/A;"2950 mm";"2.4 L";"60 L";N/A;N/A;N/A;N/A;N/A;N/A;N/A;N/A;N/A;N/A;N/A;N/A;N/A;N/A;N/A;N/A;N/A;N/A;N/A;N/A;N/A;N/A;N/A;N/A;N/A;N/A;N/A;N/A;N/A;N/A;N/A;N/A;N/A;N/A;N/A;N/A;N/A;N/A;N/A;N/A;N/A;N/A;N/A;N/A;N/A;N/A;"1695 mm";"5010 mm";N/A;N/A;N/A;N/A;N/A;N/A;Xe;N/A;N/A;"1820 mm";N/A;N/A;N/A;N/A;N/A;N/A;N/A;N/A;N/A;N/A;N/A;N/A;N/A;N/A;N/A;N/A;N/A;0-24;2;2.4;Nafta;Manual;Pick-Up;"Autos y camionetas";N/A;N/A;N/A;N/A;N/A;N/A;UY;N/A;N/A;N/A;N/A;N/A;N/A;N/A;N/A;N/A;N/A;N/A;N/A;N/A;N/A;N/A;N/A;N/A;N/A;N/A;N/A;N/A;N/A;N/A;N/A;N/A;N/A;N/A;N/A;N/A;N/A;N/A;N/A;N/A;N/A;N/A;N/A;N/A;N/A;N/A;N/A;N/A;N/A;N/A;N/A;N/A;N/A;N/A;N/A;N/A;N/A;N/A;N/A;N/A;N/A;N/A;N/A;N/A;N/A;N/A;N/A;N/A;N/A;N/A;N/A;N/A;N/A;N/A;N/A;N/A;N/A;N/A;N/A;N/A;N/A;N/A;N/A;N/A;N/A;N/A;N/A;N/A;N/A;N/A;N/A;N/A;N/A;N/A;N/A;N/A;Sí;N/A;N/A;N/A;N/A;N/A;N/A;N/A;N/A;N/A;N/A;N/A;N/A;N/A;N/A;N/A;N/A;N/A;Sí;N/A;N/A;N/A;N/A;N/A;N/A;N/A
Nissan;NP300;"Nissan D21 diesel";2005;"163000 km";;JAVIDOBLEVE;13900;;;;;Young;https://auto.mercadolibre.com.uy/MLU-666155304-nissan-np300-nissan-d21-diesel-_JM;N/A;;"Nissan Np300 Nissan D21 Diesel ";USD;No;free;false;N/A;N/A;http://perfil.mercadolibre.com.uy/JAVIDOBLEVE;active;N/A;N/A;Usado;N/A;N/A;N/A;N/A;N/A;N/A;N/A;N/A;N/A;N/A;N/A;N/A;N/A;N/A;N/A;N/A;N/A;N/A;N/A;N/A;N/A;N/A;N/A;N/A;N/A;N/A;N/A;N/A;N/A;N/A;N/A;N/A;N/A;N/A;N/A;N/A;N/A;N/A;N/A;N/A;N/A;N/A;N/A;N/A;N/A;N/A;N/A;N/A;N/A;N/A;N/A;N/A;N/A;N/A;N/A;N/A;N/A;N/A;N/A;N/A;N/A;N/A;N/A;N/A;N/A;N/A;N/A;N/A;N/A;N/A;N/A;N/A;N/A;N/A;N/A;N/A;N/A;N/A;N/A;N/A;N/A;N/A;N/A;N/A;N/A;N/A;N/A;N/A;N/A;N/A;N/A;N/A;N/A;N/A;N/A;N/A;N/A;N/A;N/A;N/A;N/A;N/A;N/A;N/A;N/A;N/A;N/A;N/A;4;N/A;Diésel;N/A;N/A;"Autos y camionetas";N/A;N/A;N/A;N/A;N/A;N/A;N/A;N/A;N/A;N/A;N/A;N/A;N/A;N/A;N/A;N/A;N/A;N/A;N/A;N/A;N/A;N/A;N/A;N/A;N/A;N/A;N/A;N/A;N/A;N/A;N/A;N/A;N/A;N/A;N/A;N/A;N/A;N/A;N/A;N/A;N/A;N/A;N/A;N/A;N/A;N/A;N/A;N/A;N/A;N/A;N/A;N/A;N/A;N/A;N/A;N/A;N/A;N/A;N/A;N/A;N/A;N/A;N/A;N/A;N/A;N/A;N/A;N/A;N/A;N/A;N/A;N/A;N/A;N/A;N/A;N/A;N/A;N/A;N/A;N/A;N/A;N/A;N/A;N/A;N/A;N/A;N/A;N/A;N/A;N/A;N/A;N/A;N/A;N/A;N/A;N/A;N/A;N/A;N/A;N/A;N/A;N/A;N/A;N/A;N/A;N/A;N/A;N/A;N/A;N/A;N/A;N/A;N/A;N/A;N/A;N/A;N/A;N/A;N/A;N/A;N/A;N/A
Nissan;Sentra;"1.8 Sr Extra At";2018;"125000 km";;DAMIAN_MIERES;21900;;;;;Canelones;https://auto.mercadolibre.com.uy/MLU-666125602-nissan-sentra-2018-18-sr-extra-at-_JM;N/A;;"Nissan Sentra 2018 1.8 Sr Extra At";usd;Sí;free;false;N/A;N/A;http://perfil.mercadolibre.com.uy/DAMIAN_MIERES;active;N/A;N/A;Usado;N/A;N/A;Hidráulica;Delantera;Sí;N/A;N/A;N/A;N/A;N/A;N/A;N/A;N/A;N/A;N/A;N/A;N/A;N/A;N/A;N/A;N/A;N/A;N/A;N/A;N/A;N/A;N/A;N/A;N/A;"2700 mm";"1.8 L";"52 L";N/A;N/A;N/A;N/A;N/A;N/A;N/A;N/A;N/A;N/A;N/A;N/A;N/A;N/A;N/A;N/A;N/A;N/A;N/A;N/A;N/A;N/A;N/A;N/A;N/A;N/A;N/A;N/A;N/A;N/A;N/A;N/A;N/A;N/A;Sí;Sí;N/A;N/A;N/A;N/A;N/A;N/A;N/A;N/A;N/A;N/A;"1505 mm";"4636 mm";N/A;N/A;N/A;N/A;5;"129 hp";Sense;N/A;2;"1761 mm";N/A;N/A;N/A;N/A;N/A;N/A;N/A;Sí;N/A;N/A;N/A;N/A;N/A;N/A;N/A;N/A;N/A;N/A;4;1.8;Nafta;Automática;Sedán;"Autos y camionetas";N/A;N/A;N/A;N/A;N/A;N/A;UY;N/A;N/A;N/A;N/A;N/A;N/A;N/A;N/A;N/A;N/A;N/A;N/A;N/A;N/A;N/A;N/A;N/A;N/A;N/A;N/A;N/A;N/A;N/A;N/A;N/A;N/A;N/A;N/A;N/A;N/A;N/A;N/A;N/A;N/A;N/A;N/A;N/A;N/A;N/A;N/A;N/A;N/A;N/A;N/A;N/A;N/A;N/A;N/A;N/A;N/A;N/A;N/A;N/A;N/A;N/A;N/A;N/A;N/A;N/A;N/A;N/A;N/A;N/A;N/A;N/A;N/A;N/A;N/A;N/A;N/A;N/A;N/A;N/A;N/A;N/A;N/A;N/A;N/A;N/A;N/A;N/A;N/A;N/A;N/A;N/A;N/A;N/A;N/A;N/A;N/A;N/A;N/A;N/A;N/A;N/A;N/A;N/A;N/A;N/A;N/A;N/A;N/A;N/A;N/A;N/A;N/A;N/A;Sí;N/A;N/A;N/A;N/A;Sí;N/A;Sí
Nissan;Sentra;B13;1994;"422000 km";;GASTONRODRIGUEZ062;4500;;;;;"San José de Mayo";https://auto.mercadolibre.com.uy/MLU-665927142-nissan-sentra-b13-_JM;N/A;;"Nissan Sentra B13 ";USD;Sí;free;false;N/A;N/A;http://perfil.mercadolibre.com.uy/GASTONRODRIGUEZ062;active;N/A;N/A;Usado;N/A;N/A;N/A;N/A;N/A;N/A;N/A;N/A;N/A;N/A;N/A;N/A;N/A;N/A;N/A;N/A;N/A;N/A;N/A;N/A;N/A;N/A;N/A;N/A;N/A;N/A;N/A;N/A;N/A;N/A;N/A;N/A;N/A;N/A;N/A;N/A;N/A;N/A;N/A;N/A;N/A;N/A;N/A;N/A;N/A;N/A;N/A;N/A;N/A;N/A;N/A;N/A;N/A;N/A;N/A;N/A;N/A;N/A;N/A;N/A;N/A;N/A;N/A;N/A;N/A;N/A;N/A;N/A;N/A;N/A;N/A;N/A;N/A;N/A;N/A;N/A;N/A;N/A;N/A;N/A;N/A;N/A;N/A;N/A;N/A;N/A;N/A;N/A;N/A;N/A;N/A;N/A;N/A;N/A;N/A;N/A;N/A;N/A;N/A;N/A;N/A;N/A;N/A;N/A;N/A;N/A;N/A;N/A;4;N/A;Diésel;N/A;N/A;"Autos y camionetas";N/A;N/A;N/A;N/A;N/A;N/A;N/A;N/A;N/A;N/A;N/A;N/A;N/A;N/A;N/A;N/A;N/A;N/A;N/A;N/A;N/A;N/A;N/A;N/A;N/A;N/A;N/A;N/A;N/A;N/A;N/A;N/A;N/A;N/A;N/A;N/A;N/A;N/A;N/A;N/A;N/A;N/A;N/A;N/A;N/A;N/A;N/A;N/A;N/A;N/A;N/A;N/A;N/A;N/A;N/A;N/A;N/A;N/A;N/A;N/A;N/A;N/A;N/A;N/A;N/A;N/A;N/A;N/A;N/A;N/A;N/A;N/A;N/A;N/A;N/A;N/A;N/A;N/A;N/A;N/A;N/A;N/A;N/A;N/A;N/A;N/A;N/A;N/A;N/A;N/A;N/A;N/A;N/A;N/A;N/A;N/A;N/A;N/A;N/A;N/A;N/A;N/A;N/A;N/A;N/A;N/A;N/A;N/A;N/A;N/A;N/A;N/A;N/A;N/A;N/A;N/A;N/A;N/A;N/A;N/A;N/A;N/A
Nissan;Versa;"1.6 Advance At";2012;"132000 km";;VICTORFV12;11500;;;;;Maldonado;https://auto.mercadolibre.com.uy/MLU-635254743-nissan-versa-2012-16-advance-at-_JM;N/A;;"Nissan Versa 2012 1.6 Advance At";usd;Sí;free;false;N/A;N/A;http://perfil.mercadolibre.com.uy/VICTORFV12;active;N/A;N/A;Usado;N/A;N/A;Hidráulica;Delantera;Sí;N/A;N/A;N/A;N/A;N/A;N/A;N/A;N/A;N/A;N/A;N/A;N/A;N/A;N/A;N/A;N/A;N/A;N/A;N/A;N/A;N/A;N/A;N/A;N/A;N/A;"1.6 L";N/A;N/A;N/A;N/A;N/A;N/A;N/A;N/A;N/A;N/A;N/A;N/A;N/A;N/A;N/A;N/A;N/A;N/A;N/A;N/A;N/A;N/A;N/A;N/A;N/A;N/A;N/A;N/A;N/A;N/A;N/A;N/A;N/A;N/A;N/A;N/A;N/A;N/A;N/A;N/A;N/A;N/A;N/A;N/A;N/A;N/A;N/A;N/A;N/A;N/A;N/A;N/A;N/A;N/A;N/A;Advance;N/A;N/A;N/A;N/A;N/A;N/A;N/A;N/A;N/A;N/A;N/A;N/A;N/A;N/A;N/A;N/A;N/A;N/A;N/A;N/A;N/A;4;1.6;Nafta;Automática;Hatchback;"Autos y camionetas";N/A;N/A;N/A;N/A;N/A;N/A;UY;N/A;N/A;N/A;N/A;N/A;N/A;N/A;N/A;N/A;N/A;N/A;N/A;N/A;N/A;N/A;N/A;N/A;N/A;N/A;N/A;N/A;N/A;N/A;N/A;N/A;N/A;N/A;N/A;N/A;N/A;N/A;N/A;N/A;N/A;N/A;N/A;N/A;N/A;N/A;N/A;N/A;N/A;N/A;N/A;N/A;N/A;N/A;N/A;N/A;N/A;N/A;N/A;N/A;N/A;N/A;N/A;N/A;N/A;N/A;N/A;N/A;N/A;N/A;N/A;N/A;N/A;N/A;N/A;N/A;N/A;N/A;N/A;N/A;N/A;N/A;N/A;N/A;N/A;N/A;N/A;N/A;N/A;N/A;N/A;N/A;N/A;N/A;N/A;N/A;Sí;N/A;N/A;N/A;N/A;N/A;N/A;N/A;N/A;N/A;N/A;N/A;N/A;N/A;N/A;N/A;N/A;N/A;Sí;N/A;N/A;N/A;N/A;N/A;N/A;N/A
Nissan;Tiida;"1.8 Premium Mt";2011;"1 km";;PONO1921018;10500;;;;;"La Teja";https://auto.mercadolibre.com.uy/MLU-665213276-nissan-tiida-2011-18-premium-mt-_JM;N/A;;"Nissan Tiida 2011 1.8 Premium Mt";usd;Sí;free;false;N/A;N/A;http://perfil.mercadolibre.com.uy/PONO1921018;active;N/A;N/A;Usado;N/A;N/A;Hidráulica;Delantera;Sí;N/A;N/A;N/A;N/A;N/A;N/A;N/A;N/A;N/A;N/A;N/A;N/A;N/A;N/A;N/A;N/A;N/A;N/A;N/A;N/A;N/A;N/A;N/A;N/A;"2600 mm";"1.8 L";"52 L";N/A;N/A;N/A;N/A;N/A;N/A;N/A;N/A;N/A;N/A;N/A;N/A;N/A;N/A;N/A;N/A;N/A;N/A;N/A;N/A;N/A;N/A;N/A;N/A;N/A;N/A;N/A;N/A;N/A;N/A;N/A;N/A;N/A;N/A;N/A;N/A;N/A;N/A;N/A;N/A;N/A;N/A;N/A;N/A;N/A;N/A;"1548 mm";"4297 mm";N/A;N/A;N/A;N/A;N/A;N/A;Premium;N/A;N/A;"1695 mm";N/A;N/A;N/A;N/A;N/A;N/A;N/A;N/A;N/A;N/A;N/A;N/A;N/A;N/A;N/A;N/A;N/A;N/A;5;1.8;Nafta;Manual;Hatchback;"Autos y camionetas";N/A;N/A;N/A;N/A;N/A;N/A;UY;N/A;N/A;N/A;N/A;N/A;N/A;N/A;N/A;N/A;N/A;N/A;N/A;N/A;N/A;N/A;N/A;N/A;N/A;N/A;N/A;N/A;N/A;N/A;N/A;N/A;N/A;N/A;N/A;N/A;N/A;N/A;N/A;N/A;N/A;N/A;N/A;N/A;N/A;N/A;N/A;N/A;N/A;N/A;N/A;N/A;N/A;N/A;N/A;N/A;N/A;N/A;N/A;N/A;N/A;N/A;N/A;N/A;N/A;N/A;N/A;N/A;N/A;N/A;N/A;N/A;N/A;N/A;N/A;N/A;N/A;N/A;N/A;N/A;N/A;N/A;N/A;N/A;N/A;N/A;N/A;N/A;N/A;N/A;N/A;N/A;N/A;N/A;N/A;N/A;Sí;N/A;N/A;N/A;N/A;N/A;N/A;N/A;N/A;N/A;N/A;N/A;N/A;N/A;N/A;N/A;N/A;N/A;Sí;N/A;N/A;N/A;N/A;N/A;N/A;N/A
Nissan;Sentra;"Se Mt";1993;"320000 km";;BESE1744497;3700;;;;;Progreso;https://auto.mercadolibre.com.uy/MLU-635012469-nissan-sentra-1993-se-mt-_JM;N/A;;"Nissan Sentra 1993 Se Mt";usd;Sí;free;false;N/A;N/A;http://perfil.mercadolibre.com.uy/BESE1744497;active;N/A;N/A;Usado;N/A;N/A;Hidráulica;Delantera;Sí;N/A;N/A;N/A;N/A;N/A;N/A;N/A;N/A;N/A;N/A;N/A;N/A;N/A;N/A;N/A;N/A;N/A;N/A;N/A;N/A;N/A;N/A;N/A;N/A;N/A;"1.6 L";N/A;N/A;N/A;N/A;N/A;N/A;N/A;N/A;N/A;N/A;N/A;N/A;N/A;N/A;N/A;N/A;N/A;N/A;N/A;N/A;N/A;N/A;N/A;N/A;N/A;N/A;N/A;N/A;N/A;N/A;N/A;N/A;N/A;N/A;N/A;N/A;N/A;N/A;N/A;N/A;N/A;N/A;N/A;N/A;N/A;N/A;N/A;N/A;N/A;N/A;N/A;N/A;N/A;5;N/A;Se;N/A;N/A;N/A;N/A;N/A;N/A;N/A;N/A;N/A;N/A;N/A;N/A;N/A;N/A;N/A;N/A;N/A;N/A;N/A;N/A;N/A;4;1.6;Nafta;Manual;Sedán;"Autos y camionetas";N/A;N/A;N/A;N/A;N/A;N/A;UY;N/A;N/A;N/A;N/A;N/A;N/A;N/A;N/A;N/A;N/A;N/A;N/A;N/A;N/A;N/A;N/A;N/A;N/A;N/A;N/A;N/A;N/A;N/A;N/A;N/A;N/A;N/A;N/A;N/A;N/A;N/A;N/A;N/A;N/A;N/A;N/A;N/A;N/A;N/A;N/A;N/A;N/A;N/A;N/A;N/A;N/A;N/A;N/A;N/A;N/A;N/A;N/A;N/A;N/A;N/A;N/A;N/A;N/A;N/A;N/A;N/A;N/A;N/A;N/A;N/A;N/A;N/A;N/A;N/A;N/A;N/A;N/A;N/A;N/A;N/A;N/A;N/A;N/A;N/A;N/A;N/A;N/A;N/A;N/A;N/A;N/A;N/A;N/A;N/A;Sí;N/A;N/A;N/A;N/A;N/A;N/A;N/A;N/A;N/A;N/A;N/A;N/A;N/A;N/A;N/A;N/A;N/A;Sí;N/A;N/A;N/A;N/A;N/A;N/A;N/A
Nissan;Sentra;"1.8 Exclusive Navi At";2014;"184000 km";;JEAN1970;10800;;;;;Lagomar;https://auto.mercadolibre.com.uy/MLU-634972597-nissan-sentra-exclusive-at-_JM;N/A;;"Nissan Sentra Exclusive At";usd;Sí;free;false;N/A;N/A;http://perfil.mercadolibre.com.uy/JEAN1970;active;N/A;N/A;Usado;Blanco;N/A;Hidráulica;Delantera;Sí;N/A;N/A;N/A;Sí;N/A;N/A;N/A;N/A;N/A;N/A;N/A;N/A;N/A;N/A;N/A;N/A;N/A;N/A;N/A;N/A;N/A;N/A;N/A;N/A;"2700 mm";"1.8 L";"52 L";N/A;N/A;N/A;N/A;N/A;N/A;N/A;N/A;N/A;N/A;N/A;N/A;N/A;N/A;N/A;N/A;N/A;N/A;N/A;N/A;N/A;N/A;N/A;N/A;N/A;N/A;N/A;N/A;N/A;N/A;N/A;N/A;N/A;N/A;N/A;N/A;N/A;N/A;N/A;N/A;N/A;N/A;N/A;N/A;N/A;N/A;"1505 mm";"4625 mm";N/A;N/A;N/A;N/A;5;N/A;Exclusive;N/A;N/A;"1760 mm";N/A;Sí;N/A;N/A;N/A;N/A;Sí;N/A;N/A;N/A;N/A;N/A;N/A;N/A;N/A;N/A;N/A;N/A;4;1.8;Nafta;Automática;Sedán;"Autos y camionetas";N/A;N/A;N/A;N/A;N/A;N/A;UY;N/A;N/A;N/A;N/A;N/A;N/A;N/A;N/A;N/A;N/A;N/A;N/A;N/A;N/A;N/A;N/A;N/A;N/A;N/A;N/A;N/A;N/A;N/A;N/A;N/A;N/A;N/A;N/A;N/A;N/A;N/A;N/A;N/A;N/A;N/A;N/A;N/A;N/A;N/A;N/A;N/A;N/A;N/A;N/A;N/A;N/A;N/A;N/A;N/A;N/A;N/A;N/A;N/A;N/A;N/A;N/A;N/A;N/A;N/A;N/A;N/A;N/A;N/A;N/A;N/A;N/A;N/A;N/A;N/A;N/A;N/A;N/A;N/A;N/A;N/A;N/A;N/A;N/A;N/A;N/A;N/A;N/A;N/A;N/A;N/A;N/A;N/A;N/A;N/A;Sí;N/A;N/A;N/A;N/A;N/A;N/A;N/A;N/A;N/A;N/A;N/A;N/A;N/A;N/A;N/A;N/A;N/A;Sí;N/A;N/A;N/A;N/A;N/A;N/A;N/A
Nissan;Sentra;"Se Mt";1995;"200000 km";;DELGADOMANUEL20220929205523;3000;;;;;Cordón;https://auto.mercadolibre.com.uy/MLU-664785928-nissan-sentra-1995-se-mt-_JM;N/A;;"Nissan Sentra 1995 Se Mt";usd;Sí;free;false;N/A;N/A;http://perfil.mercadolibre.com.uy/DELGADOMANUEL20220929205523;active;N/A;N/A;Usado;N/A;N/A;Hidráulica;Delantera;Sí;N/A;N/A;N/A;N/A;N/A;N/A;N/A;N/A;N/A;N/A;N/A;N/A;N/A;N/A;N/A;N/A;N/A;N/A;N/A;N/A;N/A;N/A;N/A;N/A;N/A;"1.6 L";N/A;N/A;N/A;N/A;N/A;N/A;N/A;N/A;N/A;N/A;N/A;N/A;N/A;N/A;N/A;N/A;N/A;N/A;N/A;N/A;N/A;N/A;N/A;N/A;N/A;N/A;N/A;N/A;N/A;N/A;N/A;N/A;N/A;N/A;N/A;N/A;N/A;N/A;N/A;N/A;N/A;N/A;N/A;N/A;N/A;N/A;N/A;N/A;N/A;N/A;N/A;N/A;N/A;5;N/A;Se;N/A;N/A;N/A;N/A;N/A;N/A;N/A;N/A;N/A;N/A;N/A;N/A;N/A;N/A;N/A;N/A;N/A;N/A;N/A;N/A;N/A;4;1.6;Nafta;Manual;Sedán;"Autos y camionetas";N/A;N/A;N/A;N/A;N/A;N/A;UY;N/A;N/A;N/A;N/A;N/A;N/A;N/A;N/A;N/A;N/A;N/A;N/A;N/A;N/A;N/A;N/A;N/A;N/A;N/A;N/A;N/A;N/A;N/A;N/A;N/A;N/A;N/A;N/A;N/A;N/A;N/A;N/A;N/A;N/A;N/A;N/A;N/A;N/A;N/A;N/A;N/A;N/A;N/A;N/A;N/A;N/A;N/A;N/A;N/A;N/A;N/A;N/A;N/A;N/A;N/A;N/A;N/A;N/A;N/A;N/A;N/A;N/A;N/A;N/A;N/A;N/A;N/A;N/A;N/A;N/A;N/A;N/A;N/A;N/A;N/A;N/A;N/A;N/A;N/A;N/A;N/A;N/A;N/A;N/A;N/A;N/A;N/A;N/A;N/A;Sí;N/A;N/A;N/A;N/A;N/A;N/A;N/A;N/A;N/A;N/A;N/A;N/A;N/A;N/A;N/A;N/A;N/A;Sí;N/A;N/A;N/A;N/A;N/A;N/A;N/A
Nissan;"720 pickup";720;1998;"1 km";;ELNESTORF;5000;;;;;Progreso;https://auto.mercadolibre.com.uy/MLU-663978414-nissan-720-pickup-720-_JM;N/A;;"Nissan 720 Pickup 720";USD;Sí;free;false;N/A;N/A;http://perfil.mercadolibre.com.uy/ELNESTORF;active;N/A;N/A;Usado;N/A;N/A;N/A;N/A;N/A;N/A;N/A;N/A;N/A;N/A;N/A;N/A;N/A;N/A;N/A;N/A;N/A;N/A;N/A;N/A;N/A;N/A;N/A;N/A;N/A;N/A;N/A;N/A;N/A;N/A;N/A;N/A;N/A;N/A;N/A;N/A;N/A;N/A;N/A;N/A;N/A;N/A;N/A;N/A;N/A;N/A;N/A;N/A;N/A;N/A;N/A;N/A;N/A;N/A;N/A;N/A;N/A;N/A;N/A;N/A;N/A;N/A;N/A;N/A;N/A;N/A;N/A;N/A;N/A;N/A;N/A;N/A;N/A;N/A;N/A;N/A;N/A;N/A;N/A;N/A;N/A;N/A;N/A;N/A;N/A;N/A;N/A;N/A;N/A;N/A;N/A;N/A;N/A;N/A;N/A;N/A;N/A;N/A;N/A;N/A;N/A;N/A;N/A;N/A;N/A;N/A;N/A;N/A;2;N/A;Nafta;N/A;N/A;"Autos y camionetas";N/A;N/A;N/A;N/A;N/A;N/A;N/A;N/A;N/A;N/A;N/A;N/A;N/A;N/A;N/A;N/A;N/A;N/A;N/A;N/A;N/A;N/A;N/A;N/A;N/A;N/A;N/A;N/A;N/A;N/A;N/A;N/A;N/A;N/A;N/A;N/A;N/A;N/A;N/A;N/A;N/A;N/A;N/A;N/A;N/A;N/A;N/A;N/A;N/A;N/A;N/A;N/A;N/A;N/A;N/A;N/A;N/A;N/A;N/A;N/A;N/A;N/A;N/A;N/A;N/A;N/A;N/A;N/A;N/A;N/A;N/A;N/A;N/A;N/A;N/A;N/A;N/A;N/A;N/A;N/A;N/A;N/A;N/A;N/A;N/A;N/A;N/A;N/A;N/A;N/A;N/A;N/A;N/A;N/A;N/A;N/A;N/A;N/A;N/A;N/A;N/A;N/A;N/A;N/A;N/A;N/A;N/A;N/A;N/A;N/A;N/A;N/A;N/A;N/A;N/A;N/A;N/A;N/A;N/A;N/A;N/A;N/A
Nissan;Navara;"4x4 automatica";2008;"1 km";;PASTRANAPAMELA;23000;;;;;Ituzaingó;https://auto.mercadolibre.com.uy/MLU-663801862-nissan-navara-4x4-automatica-_JM;N/A;;"Nissan Navara 4x4 Automatica";USD;Sí;free;false;N/A;N/A;http://perfil.mercadolibre.com.uy/PASTRANAPAMELA;active;N/A;N/A;Usado;N/A;N/A;N/A;N/A;N/A;N/A;N/A;N/A;N/A;N/A;N/A;N/A;N/A;N/A;N/A;N/A;N/A;N/A;N/A;N/A;N/A;N/A;N/A;N/A;N/A;N/A;N/A;N/A;N/A;N/A;N/A;N/A;N/A;N/A;N/A;N/A;N/A;N/A;N/A;N/A;N/A;N/A;N/A;N/A;N/A;N/A;N/A;N/A;N/A;N/A;N/A;N/A;N/A;N/A;N/A;N/A;N/A;N/A;N/A;N/A;N/A;N/A;N/A;N/A;N/A;N/A;N/A;N/A;N/A;N/A;N/A;N/A;N/A;N/A;N/A;N/A;N/A;N/A;N/A;N/A;N/A;N/A;N/A;N/A;N/A;N/A;N/A;N/A;N/A;N/A;N/A;N/A;N/A;N/A;N/A;N/A;N/A;N/A;N/A;N/A;N/A;N/A;N/A;N/A;N/A;N/A;N/A;N/A;4;N/A;Diésel;N/A;N/A;"Autos y camionetas";N/A;N/A;N/A;N/A;N/A;N/A;N/A;N/A;N/A;N/A;N/A;N/A;N/A;N/A;N/A;N/A;N/A;N/A;N/A;N/A;N/A;N/A;N/A;N/A;N/A;N/A;N/A;N/A;N/A;N/A;N/A;N/A;N/A;N/A;N/A;N/A;N/A;N/A;N/A;N/A;N/A;N/A;N/A;N/A;N/A;N/A;N/A;N/A;N/A;N/A;N/A;N/A;N/A;N/A;N/A;N/A;N/A;N/A;N/A;N/A;N/A;N/A;N/A;N/A;N/A;N/A;N/A;N/A;N/A;N/A;N/A;N/A;N/A;N/A;N/A;N/A;N/A;N/A;N/A;N/A;N/A;N/A;N/A;N/A;N/A;N/A;N/A;N/A;N/A;N/A;N/A;N/A;N/A;N/A;N/A;N/A;N/A;N/A;N/A;N/A;N/A;N/A;N/A;N/A;N/A;N/A;N/A;N/A;N/A;N/A;N/A;N/A;N/A;N/A;N/A;N/A;N/A;N/A;N/A;N/A;N/A;N/A
Nissan;Tiida;"1.8 Special Edition Mt";2013;"163000 km";;BONDARENKOPISCINAS;12500;;;;;Salto;https://auto.mercadolibre.com.uy/MLU-665744562-nissan-tiida-2013-18-special-edition-mt-_JM;N/A;;"Nissan Tiida 2013 1.8 Special Edition Mt";usd;Sí;free;false;N/A;N/A;http://perfil.mercadolibre.com.uy/BONDARENKOPISCINAS;active;N/A;N/A;Usado;N/A;N/A;Hidráulica;Delantera;Sí;N/A;N/A;N/A;N/A;N/A;N/A;N/A;N/A;N/A;N/A;N/A;N/A;N/A;N/A;N/A;N/A;N/A;N/A;N/A;N/A;N/A;N/A;N/A;N/A;"2600 mm";"1.8 L";"52 L";N/A;N/A;N/A;N/A;N/A;N/A;N/A;N/A;N/A;N/A;N/A;N/A;N/A;N/A;N/A;N/A;N/A;N/A;N/A;N/A;N/A;N/A;N/A;N/A;N/A;N/A;N/A;N/A;N/A;N/A;N/A;N/A;N/A;N/A;N/A;N/A;N/A;N/A;N/A;N/A;N/A;N/A;N/A;N/A;N/A;N/A;"1548 mm";"4297 mm";N/A;N/A;N/A;N/A;N/A;N/A;"Special Edition";N/A;N/A;"1695 mm";N/A;N/A;N/A;N/A;N/A;N/A;N/A;N/A;N/A;N/A;N/A;N/A;N/A;N/A;N/A;N/A;N/A;N/A;5;1.8;Nafta;Manual;Hatchback;"Autos y camionetas";N/A;N/A;N/A;N/A;N/A;N/A;UY;N/A;N/A;N/A;N/A;N/A;N/A;N/A;N/A;N/A;N/A;N/A;N/A;N/A;N/A;N/A;N/A;N/A;N/A;N/A;N/A;N/A;N/A;N/A;N/A;N/A;N/A;N/A;N/A;N/A;N/A;N/A;N/A;N/A;N/A;N/A;N/A;N/A;N/A;N/A;N/A;N/A;N/A;N/A;N/A;N/A;N/A;N/A;N/A;N/A;N/A;N/A;N/A;N/A;N/A;N/A;N/A;N/A;N/A;N/A;N/A;N/A;N/A;N/A;N/A;N/A;N/A;N/A;N/A;N/A;N/A;N/A;N/A;N/A;N/A;N/A;N/A;N/A;N/A;N/A;N/A;N/A;N/A;N/A;N/A;N/A;N/A;N/A;N/A;N/A;Sí;N/A;N/A;N/A;N/A;N/A;N/A;N/A;N/A;N/A;N/A;N/A;N/A;N/A;N/A;N/A;N/A;N/A;Sí;N/A;N/A;N/A;N/A;N/A;N/A;N/A
Nissan;Versa;"1.6 Advance";2023;"11000 km";;EMIMACHIN;26500;;;;;Pinar;https://auto.mercadolibre.com.uy/MLU-665419232-nissan-versa-2023-16-advance-_JM;N/A;;"Nissan Versa 2023 1.6 Advance";usd;Sí;free;false;N/A;N/A;http://perfil.mercadolibre.com.uy/EMIMACHIN;active;N/A;N/A;Usado;N/A;N/A;Hidráulica;Delantera;Sí;N/A;N/A;N/A;N/A;N/A;N/A;N/A;N/A;N/A;N/A;N/A;N/A;N/A;N/A;N/A;N/A;N/A;N/A;N/A;N/A;N/A;N/A;N/A;N/A;"2600 mm";"1.6 L";"41 L";5;N/A;N/A;N/A;N/A;N/A;N/A;N/A;N/A;N/A;N/A;N/A;N/A;N/A;N/A;N/A;N/A;N/A;N/A;N/A;N/A;N/A;N/A;N/A;N/A;N/A;N/A;N/A;N/A;N/A;N/A;N/A;N/A;N/A;Sí;Sí;N/A;N/A;N/A;N/A;N/A;N/A;N/A;N/A;N/A;N/A;"1506 mm";"4492 mm";N/A;N/A;N/A;N/A;5;"106 hp";Advance;N/A;4;"1695 mm";N/A;N/A;N/A;N/A;N/A;N/A;N/A;Sí;N/A;N/A;N/A;N/A;N/A;N/A;N/A;N/A;N/A;N/A;4;1.6;Nafta;Manual;Sedán;"Autos y camionetas";N/A;N/A;N/A;N/A;N/A;N/A;UY;N/A;N/A;N/A;N/A;N/A;N/A;N/A;N/A;N/A;N/A;N/A;N/A;N/A;N/A;N/A;N/A;N/A;N/A;N/A;N/A;N/A;N/A;N/A;N/A;N/A;N/A;N/A;N/A;N/A;N/A;N/A;N/A;N/A;N/A;N/A;N/A;N/A;N/A;N/A;N/A;N/A;N/A;N/A;N/A;N/A;N/A;N/A;N/A;N/A;N/A;N/A;N/A;N/A;N/A;N/A;N/A;N/A;N/A;N/A;N/A;N/A;N/A;N/A;N/A;N/A;N/A;N/A;N/A;N/A;N/A;N/A;N/A;N/A;N/A;N/A;N/A;N/A;N/A;N/A;N/A;N/A;N/A;N/A;N/A;N/A;N/A;N/A;N/A;N/A;Sí;N/A;Sí;N/A;N/A;N/A;N/A;Sí;N/A;Sí;N/A;N/A;N/A;N/A;N/A;N/A;Sí;N/A;Sí;N/A;N/A;N/A;N/A;Sí;N/A;N/A
Nissan;Kicks;"1.6 Exclusive At";2018;"98600 km";;OAGOSTO;22500;;;;;Lezica;https://auto.mercadolibre.com.uy/MLU-635197709-nissan-kicks-2018-16-exclusive-at-_JM;N/A;;"Nissan Kicks 2018 1.6 Exclusive At";usd;Sí;free;false;N/A;N/A;http://perfil.mercadolibre.com.uy/OAGOSTO;active;N/A;N/A;Usado;N/A;N/A;Hidráulica;Delantera;Sí;N/A;N/A;N/A;N/A;N/A;N/A;N/A;Sí;N/A;N/A;N/A;N/A;N/A;N/A;N/A;N/A;N/A;N/A;N/A;N/A;N/A;N/A;N/A;N/A;"2620 mm";"1.6 L";"50 L";N/A;N/A;N/A;N/A;N/A;N/A;N/A;N/A;N/A;N/A;N/A;N/A;N/A;N/A;N/A;N/A;N/A;N/A;N/A;N/A;N/A;N/A;N/A;N/A;N/A;N/A;N/A;N/A;N/A;N/A;N/A;N/A;N/A;N/A;Sí;Sí;N/A;N/A;Sí;N/A;N/A;N/A;N/A;N/A;N/A;N/A;"1590 mm";"4295 mm";N/A;N/A;N/A;N/A;5;"118 hp";Exclusive;N/A;4;"1760 mm";N/A;N/A;N/A;N/A;N/A;N/A;N/A;N/A;N/A;N/A;N/A;N/A;N/A;N/A;N/A;N/A;N/A;N/A;5;1.6;Nafta;Automática;N/A;"Autos y camionetas";N/A;N/A;N/A;N/A;N/A;N/A;UY;N/A;N/A;N/A;N/A;N/A;N/A;N/A;N/A;N/A;N/A;N/A;N/A;N/A;N/A;N/A;N/A;N/A;N/A;N/A;N/A;N/A;N/A;N/A;N/A;N/A;N/A;N/A;N/A;N/A;N/A;N/A;N/A;N/A;N/A;N/A;N/A;N/A;N/A;N/A;N/A;N/A;N/A;N/A;N/A;N/A;N/A;N/A;N/A;N/A;N/A;N/A;N/A;N/A;N/A;N/A;N/A;N/A;N/A;N/A;N/A;N/A;N/A;N/A;N/A;N/A;N/A;N/A;N/A;N/A;N/A;N/A;N/A;N/A;N/A;N/A;N/A;N/A;N/A;N/A;N/A;N/A;N/A;N/A;N/A;N/A;N/A;N/A;N/A;N/A;Sí;N/A;Sí;N/A;N/A;N/A;N/A;N/A;N/A;Sí;N/A;N/A;N/A;N/A;N/A;Sí;Sí;N/A;Sí;N/A;N/A;N/A;N/A;Sí;N/A;Sí
Nissan;Frontier;"Crew Cab Se 4x2 At";2008;"256000 km";;VALDIVIESOANDRES59;17000;;;;;Velázquez;https://auto.mercadolibre.com.uy/MLU-635317581-nissan-frontier-2008-crew-cab-se-4x2-at-_JM;N/A;;"Nissan Frontier 2008 Crew Cab Se 4x2 At";usd;Sí;free;false;N/A;N/A;http://perfil.mercadolibre.com.uy/VALDIVIESOANDRES59;active;N/A;N/A;Usado;N/A;N/A;Hidráulica;4x2;Sí;N/A;N/A;N/A;N/A;N/A;N/A;N/A;N/A;N/A;N/A;N/A;N/A;N/A;N/A;N/A;N/A;N/A;N/A;N/A;N/A;N/A;N/A;N/A;N/A;N/A;"3.3 L";N/A;N/A;N/A;N/A;N/A;N/A;N/A;N/A;N/A;N/A;N/A;N/A;N/A;N/A;N/A;N/A;N/A;N/A;N/A;N/A;N/A;N/A;N/A;N/A;N/A;N/A;N/A;N/A;N/A;N/A;N/A;N/A;N/A;N/A;N/A;N/A;N/A;N/A;N/A;N/A;N/A;N/A;N/A;N/A;N/A;N/A;N/A;N/A;N/A;N/A;N/A;N/A;N/A;N/A;N/A;Se;N/A;N/A;N/A;N/A;N/A;N/A;N/A;N/A;N/A;N/A;N/A;N/A;N/A;N/A;N/A;N/A;N/A;N/A;N/A;N/A;N/A;4;3.3;Nafta;Automática;Pick-Up;"Autos y camionetas";N/A;N/A;N/A;N/A;N/A;N/A;UY;N/A;N/A;N/A;N/A;N/A;N/A;N/A;N/A;N/A;N/A;N/A;N/A;N/A;N/A;N/A;N/A;N/A;N/A;N/A;N/A;N/A;N/A;N/A;N/A;N/A;N/A;N/A;N/A;N/A;N/A;N/A;N/A;N/A;N/A;N/A;N/A;N/A;N/A;N/A;N/A;N/A;N/A;N/A;N/A;N/A;N/A;N/A;N/A;N/A;N/A;N/A;N/A;N/A;N/A;N/A;N/A;N/A;N/A;N/A;N/A;N/A;N/A;N/A;N/A;N/A;N/A;N/A;N/A;N/A;N/A;N/A;N/A;N/A;N/A;N/A;N/A;N/A;N/A;N/A;N/A;N/A;N/A;N/A;N/A;N/A;N/A;N/A;N/A;N/A;Sí;N/A;N/A;N/A;N/A;N/A;N/A;N/A;N/A;N/A;N/A;N/A;N/A;N/A;N/A;N/A;N/A;N/A;Sí;N/A;N/A;N/A;N/A;N/A;N/A;N/A
Nissan;Kicks;"1.6 Advance At";2018;"85000 km";;OCHO12007;21999;;;;;Prado;https://auto.mercadolibre.com.uy/MLU-635417841-nissan-kicks-automatica-_JM;N/A;;"Nissan Kicks Automática";usd;Sí;free;false;N/A;N/A;http://perfil.mercadolibre.com.uy/OCHO12007;active;N/A;N/A;Usado;Gris;N/A;Hidráulica;Delantera;Sí;N/A;N/A;N/A;N/A;N/A;N/A;N/A;N/A;N/A;N/A;Sí;Sí;N/A;N/A;N/A;N/A;N/A;N/A;N/A;N/A;N/A;N/A;N/A;N/A;"2620 mm";"1598 cc";"50 L";N/A;N/A;N/A;N/A;N/A;N/A;N/A;N/A;N/A;N/A;N/A;N/A;N/A;N/A;N/A;N/A;N/A;N/A;N/A;N/A;N/A;N/A;N/A;N/A;N/A;N/A;N/A;N/A;N/A;N/A;N/A;N/A;N/A;N/A;N/A;N/A;N/A;N/A;N/A;N/A;N/A;N/A;N/A;N/A;N/A;N/A;"1590 mm";"4295 mm";N/A;N/A;N/A;N/A;5;"118 hp";Advance;N/A;4;"1760 mm";N/A;N/A;N/A;N/A;N/A;N/A;N/A;N/A;N/A;N/A;N/A;N/A;N/A;N/A;N/A;N/A;N/A;N/A;5;1.6;Nafta;Automática;SUV;"Autos y camionetas";N/A;N/A;N/A;N/A;N/A;N/A;UY;N/A;N/A;N/A;N/A;N/A;N/A;N/A;N/A;N/A;N/A;N/A;N/A;N/A;N/A;N/A;N/A;N/A;N/A;N/A;N/A;N/A;N/A;N/A;N/A;N/A;N/A;N/A;N/A;N/A;N/A;N/A;N/A;N/A;N/A;N/A;N/A;N/A;N/A;N/A;N/A;N/A;N/A;N/A;N/A;N/A;N/A;N/A;N/A;N/A;N/A;N/A;N/A;N/A;N/A;N/A;N/A;N/A;N/A;N/A;N/A;N/A;N/A;N/A;N/A;N/A;N/A;N/A;N/A;N/A;N/A;N/A;N/A;N/A;N/A;N/A;N/A;N/A;N/A;N/A;N/A;N/A;N/A;N/A;N/A;N/A;N/A;N/A;N/A;N/A;Sí;N/A;Sí;N/A;N/A;N/A;N/A;N/A;N/A;Sí;N/A;N/A;N/A;N/A;N/A;N/A;Sí;N/A;Sí;N/A;N/A;N/A;N/A;Sí;N/A;Sí
Nissan;Tiida;"1.8 Emotion At";2013;"117000 km";;MARTINJBRITO;10500;;;;;Maldonado;https://auto.mercadolibre.com.uy/MLU-634824009-nissan-tiida-2013-18-emotion-at-_JM;N/A;;"Nissan Tiida 2013 1.8 Emotion At";usd;Sí;free;false;N/A;N/A;http://perfil.mercadolibre.com.uy/MARTINJBRITO;active;N/A;N/A;Usado;N/A;N/A;Hidráulica;Delantera;Sí;N/A;N/A;N/A;N/A;N/A;N/A;N/A;N/A;N/A;N/A;N/A;N/A;N/A;N/A;N/A;N/A;N/A;N/A;N/A;N/A;N/A;N/A;N/A;N/A;"2600 mm";"1.8 L";"52 L";N/A;N/A;N/A;N/A;N/A;N/A;N/A;N/A;N/A;N/A;N/A;N/A;N/A;N/A;N/A;N/A;N/A;N/A;N/A;N/A;N/A;N/A;N/A;N/A;N/A;N/A;N/A;N/A;N/A;N/A;N/A;N/A;N/A;N/A;N/A;N/A;N/A;N/A;N/A;N/A;N/A;N/A;N/A;N/A;N/A;N/A;"1548 mm";"4297 mm";N/A;N/A;N/A;N/A;N/A;N/A;Emotion;N/A;N/A;"1695 mm";N/A;N/A;N/A;N/A;N/A;N/A;N/A;N/A;N/A;N/A;N/A;N/A;N/A;N/A;N/A;N/A;N/A;N/A;5;1.8;Nafta;Automática;Hatchback;"Autos y camionetas";N/A;N/A;N/A;N/A;N/A;N/A;UY;N/A;N/A;N/A;N/A;N/A;N/A;N/A;N/A;N/A;N/A;N/A;N/A;N/A;N/A;N/A;N/A;N/A;N/A;N/A;N/A;N/A;N/A;N/A;N/A;N/A;N/A;N/A;N/A;N/A;N/A;N/A;N/A;N/A;N/A;N/A;N/A;N/A;N/A;N/A;N/A;N/A;N/A;N/A;N/A;N/A;N/A;N/A;N/A;N/A;N/A;N/A;N/A;N/A;N/A;N/A;N/A;N/A;N/A;N/A;N/A;N/A;N/A;N/A;N/A;N/A;N/A;N/A;N/A;N/A;N/A;N/A;N/A;N/A;N/A;N/A;N/A;N/A;N/A;N/A;N/A;N/A;N/A;N/A;N/A;N/A;N/A;N/A;N/A;N/A;Sí;N/A;N/A;N/A;N/A;N/A;N/A;N/A;N/A;N/A;N/A;N/A;N/A;N/A;N/A;N/A;N/A;N/A;Sí;N/A;N/A;N/A;N/A;N/A;N/A;N/A
Nissan;720;"Doble cabina  año 92";1998;"309000 km";;DEUSATAHUALPA20231205160322;4500;;;;;"Santa Lucía";https://auto.mercadolibre.com.uy/MLU-635432473-nissan-720-doble-cabina-ano-92-_JM;N/A;;"Nissan 720 Doble Cabina  Año 92";USD;Sí;free;false;N/A;N/A;http://perfil.mercadolibre.com.uy/DEUSATAHUALPA20231205160322;active;N/A;N/A;Usado;N/A;N/A;N/A;N/A;N/A;N/A;N/A;N/A;N/A;N/A;N/A;N/A;N/A;N/A;N/A;N/A;N/A;N/A;N/A;N/A;N/A;N/A;N/A;N/A;N/A;N/A;N/A;N/A;N/A;N/A;N/A;N/A;N/A;N/A;N/A;N/A;N/A;N/A;N/A;N/A;N/A;N/A;N/A;N/A;N/A;N/A;N/A;N/A;N/A;N/A;N/A;N/A;N/A;N/A;N/A;N/A;N/A;N/A;N/A;N/A;N/A;N/A;N/A;N/A;N/A;N/A;N/A;N/A;N/A;N/A;N/A;N/A;N/A;N/A;N/A;N/A;N/A;N/A;N/A;N/A;N/A;N/A;N/A;N/A;N/A;N/A;N/A;N/A;N/A;N/A;N/A;N/A;N/A;N/A;N/A;N/A;N/A;N/A;N/A;N/A;N/A;N/A;N/A;N/A;N/A;N/A;N/A;N/A;4;N/A;Nafta;N/A;N/A;"Autos y camionetas";N/A;N/A;N/A;N/A;N/A;N/A;N/A;N/A;N/A;N/A;N/A;N/A;N/A;N/A;N/A;N/A;N/A;N/A;N/A;N/A;N/A;N/A;N/A;N/A;N/A;N/A;N/A;N/A;N/A;N/A;N/A;N/A;N/A;N/A;N/A;N/A;N/A;N/A;N/A;N/A;N/A;N/A;N/A;N/A;N/A;N/A;N/A;N/A;N/A;N/A;N/A;N/A;N/A;N/A;N/A;N/A;N/A;N/A;N/A;N/A;N/A;N/A;N/A;N/A;N/A;N/A;N/A;N/A;N/A;N/A;N/A;N/A;N/A;N/A;N/A;N/A;N/A;N/A;N/A;N/A;N/A;N/A;N/A;N/A;N/A;N/A;N/A;N/A;N/A;N/A;N/A;N/A;N/A;N/A;N/A;N/A;N/A;N/A;N/A;N/A;N/A;N/A;N/A;N/A;N/A;N/A;N/A;N/A;N/A;N/A;N/A;N/A;N/A;N/A;N/A;N/A;N/A;N/A;N/A;N/A;N/A;N/A
Nissan;D-21;Diesel;1998;"11111 km";;CRUZROMINA20230620125106;11000;;;;;Salinas;https://auto.mercadolibre.com.uy/MLU-666085878-nissan-d-21-diesel-_JM;N/A;;"Nissan D-21 Diesel";USD;No;free;false;N/A;N/A;http://perfil.mercadolibre.com.uy/CRUZROMINA20230620125106;active;N/A;N/A;Usado;N/A;N/A;N/A;N/A;N/A;N/A;N/A;N/A;N/A;N/A;N/A;N/A;N/A;N/A;N/A;N/A;N/A;N/A;N/A;N/A;N/A;N/A;N/A;N/A;N/A;N/A;N/A;N/A;N/A;N/A;N/A;N/A;N/A;N/A;N/A;N/A;N/A;N/A;N/A;N/A;N/A;N/A;N/A;N/A;N/A;N/A;N/A;N/A;N/A;N/A;N/A;N/A;N/A;N/A;N/A;N/A;N/A;N/A;N/A;N/A;N/A;N/A;N/A;N/A;N/A;N/A;N/A;N/A;N/A;N/A;N/A;N/A;N/A;N/A;N/A;N/A;N/A;N/A;N/A;N/A;N/A;N/A;N/A;N/A;N/A;N/A;N/A;N/A;N/A;N/A;N/A;N/A;N/A;N/A;N/A;N/A;N/A;N/A;N/A;N/A;N/A;N/A;N/A;N/A;N/A;N/A;N/A;N/A;2;N/A;Diésel;N/A;N/A;"Autos y camionetas";N/A;N/A;N/A;N/A;N/A;N/A;N/A;N/A;N/A;N/A;N/A;N/A;N/A;N/A;N/A;N/A;N/A;N/A;N/A;N/A;N/A;N/A;N/A;N/A;N/A;N/A;N/A;N/A;N/A;N/A;N/A;N/A;N/A;N/A;N/A;N/A;N/A;N/A;N/A;N/A;N/A;N/A;N/A;N/A;N/A;N/A;N/A;N/A;N/A;N/A;N/A;N/A;N/A;N/A;N/A;N/A;N/A;N/A;N/A;N/A;N/A;N/A;N/A;N/A;N/A;N/A;N/A;N/A;N/A;N/A;N/A;N/A;N/A;N/A;N/A;N/A;N/A;N/A;N/A;N/A;N/A;N/A;N/A;N/A;N/A;N/A;N/A;N/A;N/A;N/A;N/A;N/A;N/A;N/A;N/A;N/A;N/A;N/A;N/A;N/A;N/A;N/A;N/A;N/A;N/A;N/A;N/A;N/A;N/A;N/A;N/A;N/A;N/A;N/A;N/A;N/A;N/A;N/A;N/A;N/A;N/A;N/A
Nissan;NP300;"2.4 Doble Cabina Típica Mt";2015;"175000 km";;AZULU2008;13000;;;;;Maldonado;https://auto.mercadolibre.com.uy/MLU-664405674-nissan-np300-2015-24-doble-cabina-tipica-mt-_JM;N/A;;"Nissan Np300 2015 2.4 Doble Cabina Típica Mt";usd;Sí;free;false;N/A;N/A;http://perfil.mercadolibre.com.uy/AZULU2008;active;N/A;N/A;Usado;N/A;N/A;Hidráulica;4x4;Sí;N/A;N/A;N/A;N/A;N/A;N/A;N/A;N/A;N/A;N/A;N/A;N/A;N/A;N/A;N/A;N/A;N/A;N/A;N/A;N/A;N/A;N/A;N/A;N/A;"2950 mm";"2.4 L";"65 L";N/A;N/A;N/A;N/A;N/A;N/A;N/A;N/A;N/A;N/A;N/A;N/A;N/A;N/A;N/A;N/A;N/A;N/A;N/A;N/A;N/A;N/A;N/A;N/A;N/A;N/A;N/A;N/A;N/A;N/A;N/A;N/A;N/A;N/A;N/A;N/A;N/A;N/A;N/A;N/A;N/A;N/A;N/A;N/A;N/A;N/A;"1630 mm";"5085 mm";N/A;N/A;N/A;N/A;N/A;N/A;N/A;N/A;N/A;"1690 mm";N/A;N/A;N/A;N/A;N/A;N/A;N/A;N/A;N/A;N/A;N/A;N/A;N/A;N/A;N/A;N/A;N/A;N/A;4;2.4;Nafta;Manual;Pick-Up;"Autos y camionetas";N/A;N/A;N/A;N/A;N/A;N/A;UY;N/A;N/A;N/A;N/A;N/A;N/A;N/A;N/A;N/A;N/A;N/A;N/A;N/A;N/A;N/A;N/A;N/A;N/A;N/A;N/A;N/A;N/A;N/A;N/A;N/A;N/A;N/A;N/A;N/A;N/A;N/A;N/A;N/A;N/A;N/A;N/A;N/A;N/A;N/A;N/A;N/A;N/A;N/A;N/A;N/A;N/A;N/A;N/A;N/A;N/A;N/A;N/A;N/A;N/A;N/A;N/A;N/A;N/A;N/A;N/A;N/A;N/A;N/A;N/A;N/A;N/A;N/A;N/A;N/A;N/A;N/A;N/A;N/A;N/A;N/A;N/A;N/A;N/A;N/A;N/A;N/A;N/A;N/A;N/A;N/A;N/A;N/A;N/A;N/A;Sí;N/A;N/A;N/A;N/A;N/A;N/A;N/A;N/A;N/A;N/A;N/A;N/A;N/A;N/A;N/A;N/A;N/A;Sí;N/A;N/A;N/A;N/A;N/A;N/A;N/A
Nissan;"Frontier DC 4%2";Frontier;2015;"60000 km";;JUCABO1853;14000;;;;;"Juan Lacaze";https://auto.mercadolibre.com.uy/MLU-666089946-nissan-frontier-dc-42-frontier-_JM;N/A;;"Nissan Frontier Dc 4%2 Frontier ";USD;Sí;free;false;N/A;N/A;http://perfil.mercadolibre.com.uy/JUCABO1853;active;N/A;N/A;Usado;N/A;N/A;N/A;N/A;N/A;N/A;N/A;N/A;N/A;N/A;N/A;N/A;N/A;N/A;N/A;N/A;N/A;N/A;N/A;N/A;N/A;N/A;N/A;N/A;N/A;N/A;N/A;N/A;N/A;N/A;N/A;N/A;N/A;N/A;N/A;N/A;N/A;N/A;N/A;N/A;N/A;N/A;N/A;N/A;N/A;N/A;N/A;N/A;N/A;N/A;N/A;N/A;N/A;N/A;N/A;N/A;N/A;N/A;N/A;N/A;N/A;N/A;N/A;N/A;N/A;N/A;N/A;N/A;N/A;N/A;N/A;N/A;N/A;N/A;N/A;N/A;N/A;N/A;N/A;N/A;N/A;N/A;N/A;N/A;N/A;N/A;N/A;N/A;N/A;N/A;N/A;N/A;N/A;N/A;N/A;N/A;N/A;N/A;N/A;N/A;N/A;N/A;N/A;N/A;N/A;N/A;N/A;N/A;4;N/A;Nafta;N/A;N/A;"Autos y camionetas";N/A;N/A;N/A;N/A;N/A;N/A;N/A;N/A;N/A;N/A;N/A;N/A;N/A;N/A;N/A;N/A;N/A;N/A;N/A;N/A;N/A;N/A;N/A;N/A;N/A;N/A;N/A;N/A;N/A;N/A;N/A;N/A;N/A;N/A;N/A;N/A;N/A;N/A;N/A;N/A;N/A;N/A;N/A;N/A;N/A;N/A;N/A;N/A;N/A;N/A;N/A;N/A;N/A;N/A;N/A;N/A;N/A;N/A;N/A;N/A;N/A;N/A;N/A;N/A;N/A;N/A;N/A;N/A;N/A;N/A;N/A;N/A;N/A;N/A;N/A;N/A;N/A;N/A;N/A;N/A;N/A;N/A;N/A;N/A;N/A;N/A;N/A;N/A;N/A;N/A;N/A;N/A;N/A;N/A;N/A;N/A;N/A;N/A;N/A;N/A;N/A;N/A;N/A;N/A;N/A;N/A;N/A;N/A;N/A;N/A;N/A;N/A;N/A;N/A;N/A;N/A;N/A;N/A;N/A;N/A;N/A;N/A
Nissan;Frontier;"DCD 4X4 DX";2008;"220000 km";;P.L.D;16000;;;;;Durazno;https://auto.mercadolibre.com.uy/MLU-664049566-nissan-frontier-4x4-diesel-_JM;N/A;;"Nissan Frontier 4x4 Diesel";USD;Sí;free;false;N/A;N/A;http://perfil.mercadolibre.com.uy/P.L.D;active;N/A;N/A;Usado;Rojo;N/A;Hidráulica;N/A;N/A;N/A;N/A;N/A;N/A;N/A;N/A;N/A;N/A;N/A;N/A;N/A;N/A;N/A;N/A;N/A;N/A;N/A;N/A;N/A;N/A;N/A;N/A;N/A;N/A;N/A;N/A;N/A;N/A;N/A;N/A;N/A;N/A;N/A;N/A;N/A;N/A;N/A;N/A;N/A;N/A;N/A;N/A;N/A;N/A;N/A;N/A;N/A;N/A;N/A;N/A;N/A;N/A;N/A;N/A;N/A;N/A;N/A;N/A;N/A;N/A;N/A;N/A;N/A;N/A;N/A;N/A;N/A;N/A;N/A;N/A;N/A;N/A;N/A;N/A;N/A;N/A;N/A;N/A;N/A;N/A;N/A;N/A;N/A;N/A;N/A;N/A;N/A;N/A;N/A;N/A;N/A;N/A;N/A;N/A;N/A;N/A;N/A;N/A;N/A;N/A;N/A;N/A;N/A;4;"3  0";Diésel;Manual;N/A;"Autos y camionetas";N/A;N/A;N/A;N/A;N/A;N/A;N/A;N/A;N/A;N/A;N/A;N/A;N/A;N/A;N/A;N/A;N/A;N/A;N/A;N/A;N/A;N/A;N/A;N/A;N/A;N/A;N/A;N/A;N/A;N/A;N/A;N/A;N/A;N/A;N/A;N/A;N/A;N/A;N/A;N/A;N/A;N/A;N/A;N/A;N/A;N/A;N/A;N/A;N/A;N/A;N/A;N/A;N/A;N/A;N/A;N/A;N/A;N/A;N/A;N/A;N/A;N/A;N/A;N/A;N/A;N/A;N/A;N/A;N/A;N/A;N/A;N/A;N/A;N/A;N/A;N/A;N/A;N/A;N/A;N/A;N/A;N/A;N/A;N/A;N/A;N/A;N/A;N/A;N/A;N/A;N/A;N/A;N/A;N/A;N/A;N/A;N/A;N/A;N/A;N/A;N/A;N/A;N/A;N/A;N/A;N/A;N/A;N/A;N/A;N/A;N/A;N/A;N/A;N/A;N/A;N/A;N/A;N/A;N/A;N/A;N/A;N/A
Nissan;Sentra;"1.8 Exclusive Navi At";2015;"110000 km";;YONNYDUARTE;15000;;;;;Melo;https://auto.mercadolibre.com.uy/MLU-635449801-nissan-sentra-2015-18-exclusive-navi-at-_JM;N/A;;"Nissan Sentra 2015 1.8 Exclusive Navi At";usd;Sí;free;false;N/A;N/A;http://perfil.mercadolibre.com.uy/YONNYDUARTE;active;N/A;N/A;Usado;N/A;N/A;Hidráulica;Delantera;Sí;N/A;N/A;N/A;Sí;N/A;N/A;N/A;N/A;N/A;N/A;N/A;N/A;N/A;N/A;N/A;N/A;N/A;N/A;N/A;N/A;N/A;N/A;N/A;N/A;N/A;"1.8 L";N/A;N/A;N/A;N/A;N/A;N/A;N/A;N/A;N/A;N/A;N/A;N/A;N/A;N/A;N/A;N/A;N/A;N/A;N/A;N/A;N/A;N/A;N/A;N/A;N/A;N/A;N/A;N/A;N/A;N/A;N/A;N/A;N/A;N/A;N/A;N/A;N/A;N/A;N/A;N/A;N/A;N/A;N/A;N/A;N/A;N/A;N/A;N/A;N/A;N/A;N/A;N/A;N/A;N/A;"129 hp";Exclusive;N/A;N/A;N/A;N/A;N/A;N/A;N/A;N/A;N/A;N/A;N/A;N/A;N/A;N/A;N/A;N/A;N/A;N/A;N/A;N/A;N/A;4;1.8;Nafta;Automática;Coupé;"Autos y camionetas";N/A;N/A;N/A;N/A;N/A;N/A;UY;N/A;N/A;N/A;N/A;N/A;N/A;N/A;N/A;N/A;N/A;N/A;N/A;N/A;N/A;N/A;N/A;N/A;N/A;N/A;N/A;N/A;N/A;N/A;N/A;N/A;N/A;N/A;N/A;N/A;N/A;N/A;N/A;N/A;N/A;N/A;N/A;N/A;N/A;N/A;N/A;N/A;N/A;N/A;N/A;N/A;N/A;N/A;N/A;N/A;N/A;N/A;N/A;N/A;N/A;N/A;N/A;N/A;N/A;N/A;N/A;N/A;N/A;N/A;N/A;N/A;N/A;N/A;N/A;N/A;N/A;N/A;N/A;N/A;N/A;N/A;N/A;N/A;N/A;N/A;N/A;N/A;N/A;N/A;N/A;N/A;N/A;N/A;N/A;N/A;Sí;N/A;N/A;N/A;N/A;N/A;N/A;N/A;N/A;N/A;N/A;N/A;N/A;N/A;N/A;N/A;N/A;N/A;Sí;N/A;N/A;N/A;N/A;N/A;N/A;N/A
Nissan;Tiida;"1.8 Emotion At";2013;"196 km";;ANDIONMYRIAM20220302110532;11000;;;;;"Paso de Carrasco";https://auto.mercadolibre.com.uy/MLU-635384667-nissan-tiida-2013-18-emotion-at-_JM;N/A;;"Nissan Tiida 2013 1.8 Emotion At";usd;Sí;free;false;N/A;N/A;http://perfil.mercadolibre.com.uy/ANDIONMYRIAM20220302110532;active;N/A;N/A;Usado;N/A;N/A;Hidráulica;Delantera;Sí;N/A;N/A;N/A;N/A;N/A;N/A;N/A;N/A;N/A;N/A;N/A;N/A;N/A;N/A;N/A;N/A;N/A;N/A;N/A;N/A;N/A;N/A;N/A;N/A;"2600 mm";"1.8 L";"52 L";N/A;N/A;N/A;N/A;N/A;N/A;N/A;N/A;N/A;N/A;N/A;N/A;N/A;N/A;N/A;N/A;N/A;N/A;N/A;N/A;N/A;N/A;N/A;N/A;N/A;N/A;N/A;N/A;N/A;N/A;N/A;N/A;N/A;N/A;N/A;N/A;N/A;N/A;N/A;N/A;N/A;N/A;N/A;N/A;N/A;N/A;"1548 mm";"4297 mm";N/A;N/A;N/A;N/A;N/A;N/A;Emotion;N/A;N/A;"1695 mm";N/A;N/A;N/A;N/A;N/A;N/A;N/A;N/A;N/A;N/A;N/A;N/A;N/A;N/A;N/A;N/A;N/A;N/A;5;1.8;Nafta;Automática;Hatchback;"Autos y camionetas";N/A;N/A;N/A;N/A;N/A;N/A;UY;N/A;N/A;N/A;N/A;N/A;N/A;N/A;N/A;N/A;N/A;N/A;N/A;N/A;N/A;N/A;N/A;N/A;N/A;N/A;N/A;N/A;N/A;N/A;N/A;N/A;N/A;N/A;N/A;N/A;N/A;N/A;N/A;N/A;N/A;N/A;N/A;N/A;N/A;N/A;N/A;N/A;N/A;N/A;N/A;N/A;N/A;N/A;N/A;N/A;N/A;N/A;N/A;N/A;N/A;N/A;N/A;N/A;N/A;N/A;N/A;N/A;N/A;N/A;N/A;N/A;N/A;N/A;N/A;N/A;N/A;N/A;N/A;N/A;N/A;N/A;N/A;N/A;N/A;N/A;N/A;N/A;N/A;N/A;N/A;N/A;N/A;N/A;N/A;N/A;Sí;N/A;N/A;N/A;N/A;N/A;N/A;N/A;N/A;N/A;N/A;N/A;N/A;N/A;N/A;N/A;N/A;N/A;Sí;N/A;N/A;N/A;N/A;N/A;N/A;N/A
Nissan;"SUNNY B 12 LX";"SEDAN 4 PUERTAS";1998;"1 km";;"SRA AYERRA";3700;;;;;Palermo;https://auto.mercadolibre.com.uy/MLU-664537722-nissan-sunny-b-12-lx-sedan-4-puertas-_JM;N/A;;"Nissan Sunny B 12 Lx Sedan 4 Puertas";USD;Sí;free;false;N/A;N/A;http://perfil.mercadolibre.com.uy/SRA+AYERRA;active;N/A;N/A;Usado;N/A;N/A;N/A;N/A;N/A;N/A;N/A;N/A;N/A;N/A;N/A;N/A;N/A;N/A;N/A;N/A;N/A;N/A;N/A;N/A;N/A;N/A;N/A;N/A;N/A;N/A;N/A;N/A;N/A;N/A;N/A;N/A;N/A;N/A;N/A;N/A;N/A;N/A;N/A;N/A;N/A;N/A;N/A;N/A;N/A;N/A;N/A;N/A;N/A;N/A;N/A;N/A;N/A;N/A;N/A;N/A;N/A;N/A;N/A;N/A;N/A;N/A;N/A;N/A;N/A;N/A;N/A;N/A;N/A;N/A;N/A;N/A;N/A;N/A;N/A;N/A;N/A;N/A;N/A;N/A;N/A;N/A;N/A;N/A;N/A;N/A;N/A;N/A;N/A;N/A;N/A;N/A;N/A;N/A;N/A;N/A;N/A;N/A;N/A;N/A;N/A;N/A;N/A;N/A;N/A;N/A;N/A;N/A;4;N/A;Diésel;N/A;N/A;"Autos y camionetas";N/A;N/A;N/A;N/A;N/A;N/A;N/A;N/A;N/A;N/A;N/A;N/A;N/A;N/A;N/A;N/A;N/A;N/A;N/A;N/A;N/A;N/A;N/A;N/A;N/A;N/A;N/A;N/A;N/A;N/A;N/A;N/A;N/A;N/A;N/A;N/A;N/A;N/A;N/A;N/A;N/A;N/A;N/A;N/A;N/A;N/A;N/A;N/A;N/A;N/A;N/A;N/A;N/A;N/A;N/A;N/A;N/A;N/A;N/A;N/A;N/A;N/A;N/A;N/A;N/A;N/A;N/A;N/A;N/A;N/A;N/A;N/A;N/A;N/A;N/A;N/A;N/A;N/A;N/A;N/A;N/A;N/A;N/A;N/A;N/A;N/A;N/A;N/A;N/A;N/A;N/A;N/A;N/A;N/A;N/A;N/A;N/A;N/A;N/A;N/A;N/A;N/A;N/A;N/A;N/A;N/A;N/A;N/A;N/A;N/A;N/A;N/A;N/A;N/A;N/A;N/A;N/A;N/A;N/A;N/A;N/A;N/A
Nissan;March;"Extra Full";2014;"116400 km";;SUAREZMERCEDES96;12000;;;;;"Las Piedras";https://auto.mercadolibre.com.uy/MLU-634740433-nissan-march-extra-full-_JM;N/A;;"Nissan March Extra Full";USD;Sí;free;false;N/A;N/A;http://perfil.mercadolibre.com.uy/SUAREZMERCEDES96;active;N/A;N/A;Usado;N/A;N/A;N/A;N/A;N/A;N/A;N/A;N/A;N/A;N/A;N/A;N/A;N/A;N/A;N/A;N/A;N/A;N/A;N/A;N/A;N/A;N/A;N/A;N/A;N/A;N/A;N/A;N/A;N/A;N/A;N/A;N/A;N/A;N/A;N/A;N/A;N/A;N/A;N/A;N/A;N/A;N/A;N/A;N/A;N/A;N/A;N/A;N/A;N/A;N/A;N/A;N/A;N/A;N/A;N/A;N/A;N/A;N/A;N/A;N/A;N/A;N/A;N/A;N/A;N/A;N/A;N/A;N/A;N/A;N/A;N/A;N/A;N/A;N/A;N/A;N/A;N/A;N/A;N/A;N/A;N/A;N/A;N/A;N/A;N/A;N/A;N/A;N/A;N/A;N/A;N/A;N/A;N/A;N/A;N/A;N/A;N/A;N/A;N/A;N/A;N/A;N/A;N/A;N/A;N/A;N/A;N/A;N/A;5;N/A;Nafta;N/A;N/A;"Autos y camionetas";N/A;N/A;N/A;N/A;N/A;N/A;N/A;N/A;N/A;N/A;N/A;N/A;N/A;N/A;N/A;N/A;N/A;N/A;N/A;N/A;N/A;N/A;N/A;N/A;N/A;N/A;N/A;N/A;N/A;N/A;N/A;N/A;N/A;N/A;N/A;N/A;N/A;N/A;N/A;N/A;N/A;N/A;N/A;N/A;N/A;N/A;N/A;N/A;N/A;N/A;N/A;N/A;N/A;N/A;N/A;N/A;N/A;N/A;N/A;N/A;N/A;N/A;N/A;N/A;N/A;N/A;N/A;N/A;N/A;N/A;N/A;N/A;N/A;N/A;N/A;N/A;N/A;N/A;N/A;N/A;N/A;N/A;N/A;N/A;N/A;N/A;N/A;N/A;N/A;N/A;N/A;N/A;N/A;N/A;N/A;N/A;N/A;N/A;N/A;N/A;N/A;N/A;N/A;N/A;N/A;N/A;N/A;N/A;N/A;N/A;N/A;N/A;N/A;N/A;N/A;N/A;N/A;N/A;N/A;N/A;N/A;N/A
Nissan;Versa;"1.6 Exclusive At";2018;"110000 km";;SANCHEZHUMBERTO20220808192137;13500;;;;;"La Comercial";https://auto.mercadolibre.com.uy/MLU-663760658-nissan-versa-2018-16-exclusive-at-_JM;N/A;;"Nissan Versa 2018 1.6 Exclusive At";usd;Sí;free;false;N/A;N/A;http://perfil.mercadolibre.com.uy/SANCHEZHUMBERTO20220808192137;active;N/A;N/A;Usado;N/A;N/A;Hidráulica;Delantera;Sí;N/A;N/A;N/A;Sí;N/A;N/A;N/A;Sí;N/A;N/A;N/A;N/A;N/A;N/A;N/A;N/A;N/A;N/A;N/A;N/A;N/A;N/A;N/A;N/A;"2600 mm";"1.6 L";"41 L";4;N/A;N/A;N/A;N/A;N/A;N/A;N/A;N/A;N/A;N/A;N/A;N/A;N/A;N/A;N/A;N/A;N/A;N/A;N/A;N/A;N/A;N/A;N/A;N/A;N/A;N/A;N/A;N/A;N/A;N/A;N/A;N/A;N/A;Sí;Sí;N/A;N/A;N/A;N/A;N/A;N/A;N/A;N/A;N/A;N/A;"1506 mm";"4465 mm";N/A;N/A;N/A;N/A;5;"106 hp";Exclusive;N/A;4;"1695 mm";N/A;N/A;N/A;N/A;N/A;N/A;N/A;Sí;N/A;N/A;N/A;N/A;N/A;N/A;N/A;N/A;N/A;N/A;4;1.6;Nafta;Automática;Sedán;"Autos y camionetas";N/A;N/A;N/A;N/A;N/A;N/A;UY;N/A;N/A;N/A;N/A;N/A;N/A;N/A;N/A;N/A;N/A;N/A;N/A;N/A;N/A;N/A;N/A;N/A;N/A;N/A;N/A;N/A;N/A;N/A;N/A;N/A;N/A;N/A;N/A;N/A;N/A;N/A;N/A;N/A;N/A;N/A;N/A;N/A;N/A;N/A;N/A;N/A;N/A;N/A;N/A;N/A;N/A;N/A;N/A;N/A;N/A;N/A;N/A;N/A;N/A;N/A;N/A;N/A;N/A;N/A;N/A;N/A;N/A;N/A;N/A;N/A;N/A;N/A;N/A;N/A;N/A;N/A;N/A;N/A;N/A;N/A;N/A;N/A;N/A;N/A;N/A;N/A;N/A;N/A;N/A;N/A;N/A;N/A;N/A;N/A;Sí;N/A;Sí;N/A;N/A;N/A;N/A;Sí;N/A;Sí;N/A;N/A;N/A;N/A;N/A;N/A;Sí;N/A;Sí;N/A;N/A;N/A;N/A;Sí;N/A;N/A
Nissan;Versa;"1.6 Advance Mt";2015;"391000 km";;PESCADORAZO;6500;;;;;"Aires Puros";https://auto.mercadolibre.com.uy/MLU-666014148-nissan-versa-2015-full-_JM;N/A;;"Nissan Versa 2015 Full";usd;Sí;free;false;N/A;N/A;http://perfil.mercadolibre.com.uy/PESCADORAZO;active;N/A;N/A;Usado;Blanco;N/A;Hidráulica;Delantera;Sí;N/A;N/A;N/A;N/A;N/A;N/A;N/A;N/A;N/A;N/A;N/A;N/A;N/A;N/A;N/A;N/A;N/A;N/A;N/A;N/A;N/A;N/A;N/A;N/A;"2600 mm";"1.6 L";"41 L";N/A;N/A;N/A;N/A;N/A;N/A;N/A;N/A;N/A;N/A;N/A;N/A;N/A;N/A;N/A;N/A;N/A;N/A;N/A;N/A;N/A;N/A;N/A;N/A;N/A;N/A;N/A;N/A;N/A;N/A;N/A;N/A;N/A;N/A;N/A;N/A;N/A;N/A;N/A;N/A;N/A;N/A;N/A;N/A;N/A;N/A;"1506 mm";"4492 mm";N/A;N/A;N/A;N/A;5;N/A;Advance;N/A;N/A;"1695 mm";N/A;N/A;N/A;N/A;N/A;N/A;N/A;N/A;N/A;N/A;N/A;N/A;N/A;N/A;N/A;N/A;N/A;N/A;4;1.6;Nafta;Manual;Sedán;"Autos y camionetas";N/A;N/A;N/A;N/A;N/A;N/A;UY;N/A;N/A;N/A;N/A;N/A;N/A;N/A;N/A;N/A;N/A;N/A;N/A;N/A;N/A;N/A;N/A;N/A;N/A;N/A;N/A;N/A;N/A;N/A;N/A;N/A;N/A;N/A;N/A;N/A;N/A;N/A;N/A;N/A;N/A;N/A;N/A;N/A;N/A;N/A;N/A;N/A;N/A;N/A;N/A;N/A;N/A;N/A;N/A;N/A;N/A;N/A;N/A;N/A;N/A;N/A;N/A;N/A;N/A;N/A;N/A;N/A;N/A;N/A;N/A;N/A;N/A;N/A;N/A;N/A;N/A;N/A;N/A;N/A;N/A;N/A;N/A;N/A;N/A;N/A;N/A;N/A;N/A;N/A;N/A;N/A;N/A;N/A;N/A;N/A;Sí;N/A;N/A;N/A;N/A;N/A;N/A;N/A;N/A;N/A;N/A;N/A;N/A;N/A;N/A;N/A;N/A;N/A;Sí;N/A;N/A;N/A;N/A;N/A;N/A;N/A
Nissan;Sentra;"Se Mt";1994;"320000 km";;SEBASDONNANGELO;5500;;;;;Pinamar;https://auto.mercadolibre.com.uy/MLU-666129734-nissan-sentra-b13-_JM;N/A;;"Nissan Sentra B13";usd;Sí;free;false;N/A;N/A;http://perfil.mercadolibre.com.uy/SEBASDONNANGELO;active;N/A;N/A;Usado;Rojo;N/A;Hidráulica;Delantera;No;N/A;N/A;N/A;N/A;N/A;N/A;N/A;N/A;N/A;N/A;N/A;N/A;N/A;N/A;N/A;N/A;N/A;N/A;N/A;N/A;N/A;N/A;N/A;N/A;N/A;"1.6 L";N/A;N/A;N/A;N/A;N/A;N/A;N/A;N/A;N/A;N/A;N/A;N/A;N/A;N/A;N/A;N/A;N/A;N/A;N/A;N/A;N/A;N/A;N/A;N/A;N/A;N/A;N/A;N/A;N/A;N/A;N/A;N/A;N/A;N/A;N/A;N/A;N/A;N/A;N/A;N/A;N/A;N/A;N/A;N/A;N/A;N/A;N/A;N/A;N/A;N/A;N/A;N/A;N/A;5;N/A;N/A;N/A;N/A;N/A;N/A;N/A;N/A;Sí;N/A;N/A;N/A;N/A;N/A;N/A;N/A;N/A;N/A;N/A;N/A;N/A;N/A;N/A;4;1.6;Nafta;Manual;Sedán;"Autos y camionetas";N/A;N/A;N/A;N/A;N/A;N/A;UY;N/A;N/A;N/A;N/A;N/A;N/A;N/A;N/A;N/A;N/A;N/A;N/A;N/A;N/A;N/A;N/A;N/A;N/A;N/A;N/A;N/A;N/A;N/A;N/A;N/A;N/A;N/A;N/A;N/A;N/A;N/A;N/A;N/A;N/A;N/A;N/A;N/A;N/A;N/A;N/A;N/A;N/A;N/A;N/A;N/A;N/A;N/A;N/A;N/A;N/A;N/A;N/A;N/A;N/A;N/A;N/A;N/A;N/A;N/A;N/A;N/A;N/A;N/A;N/A;N/A;N/A;N/A;N/A;N/A;N/A;N/A;N/A;N/A;N/A;N/A;N/A;N/A;N/A;N/A;N/A;N/A;N/A;N/A;N/A;N/A;N/A;N/A;N/A;N/A;No;Sí;N/A;N/A;N/A;N/A;N/A;N/A;N/A;N/A;N/A;N/A;Sí;N/A;N/A;No;N/A;Sí;Sí;N/A;N/A;N/A;N/A;N/A;N/A;N/A
Nissan;"d21 4x4";td27;1998;"400000 km";;CUSTIELARIEL;9500;;;;;Minas;https://auto.mercadolibre.com.uy/MLU-666225258-nissan-d21-4x4-td27-_JM;N/A;;"Nissan D21 4x4 Td27";USD;No;free;false;N/A;N/A;http://perfil.mercadolibre.com.uy/CUSTIELARIEL;active;N/A;N/A;Usado;N/A;N/A;N/A;N/A;N/A;N/A;N/A;N/A;N/A;N/A;N/A;N/A;N/A;N/A;N/A;N/A;N/A;N/A;N/A;N/A;N/A;N/A;N/A;N/A;N/A;N/A;N/A;N/A;N/A;N/A;N/A;N/A;N/A;N/A;N/A;N/A;N/A;N/A;N/A;N/A;N/A;N/A;N/A;N/A;N/A;N/A;N/A;N/A;N/A;N/A;N/A;N/A;N/A;N/A;N/A;N/A;N/A;N/A;N/A;N/A;N/A;N/A;N/A;N/A;N/A;N/A;N/A;N/A;N/A;N/A;N/A;N/A;N/A;N/A;N/A;N/A;N/A;N/A;N/A;N/A;N/A;N/A;N/A;N/A;N/A;N/A;N/A;N/A;N/A;N/A;N/A;N/A;N/A;N/A;N/A;N/A;N/A;N/A;N/A;N/A;N/A;N/A;N/A;N/A;N/A;N/A;N/A;N/A;4;N/A;Diésel;N/A;N/A;"Autos y camionetas";N/A;N/A;N/A;N/A;N/A;N/A;N/A;N/A;N/A;N/A;N/A;N/A;N/A;N/A;N/A;N/A;N/A;N/A;N/A;N/A;N/A;N/A;N/A;N/A;N/A;N/A;N/A;N/A;N/A;N/A;N/A;N/A;N/A;N/A;N/A;N/A;N/A;N/A;N/A;N/A;N/A;N/A;N/A;N/A;N/A;N/A;N/A;N/A;N/A;N/A;N/A;N/A;N/A;N/A;N/A;N/A;N/A;N/A;N/A;N/A;N/A;N/A;N/A;N/A;N/A;N/A;N/A;N/A;N/A;N/A;N/A;N/A;N/A;N/A;N/A;N/A;N/A;N/A;N/A;N/A;N/A;N/A;N/A;N/A;N/A;N/A;N/A;N/A;N/A;N/A;N/A;N/A;N/A;N/A;N/A;N/A;N/A;N/A;N/A;N/A;N/A;N/A;N/A;N/A;N/A;N/A;N/A;N/A;N/A;N/A;N/A;N/A;N/A;N/A;N/A;N/A;N/A;N/A;N/A;N/A;N/A;N/A
Nissan;NP300;"2.4 Chasis Dh Mt";2015;"221000 km";;GOCL158008;11500;;;;;Atahualpa;https://auto.mercadolibre.com.uy/MLU-666182102-nissan-np300-2015-24-chasis-dh-mt-_JM;N/A;;"Nissan Np300 2015 2.4 Chasis Dh Mt";usd;Sí;free;false;N/A;N/A;http://perfil.mercadolibre.com.uy/GOCL158008;active;N/A;N/A;Usado;N/A;N/A;Hidráulica;4x4;Sí;N/A;N/A;N/A;N/A;N/A;N/A;N/A;N/A;N/A;N/A;N/A;N/A;N/A;N/A;N/A;N/A;N/A;N/A;N/A;N/A;N/A;N/A;N/A;N/A;"2950 mm";"2.4 L";"60 L";N/A;N/A;N/A;N/A;N/A;N/A;N/A;N/A;N/A;N/A;N/A;N/A;N/A;N/A;N/A;N/A;N/A;N/A;N/A;N/A;N/A;N/A;N/A;N/A;N/A;N/A;N/A;N/A;N/A;N/A;N/A;N/A;N/A;N/A;N/A;N/A;N/A;N/A;N/A;N/A;N/A;N/A;N/A;N/A;N/A;N/A;"1620 mm";"5015 mm";N/A;N/A;N/A;N/A;N/A;N/A;N/A;N/A;N/A;"1690 mm";N/A;N/A;N/A;N/A;N/A;N/A;N/A;N/A;N/A;N/A;N/A;N/A;N/A;N/A;N/A;N/A;N/A;N/A;2;2.4;Nafta;Manual;Pick-Up;"Autos y camionetas";N/A;N/A;N/A;N/A;N/A;N/A;UY;N/A;N/A;N/A;N/A;N/A;N/A;N/A;N/A;N/A;N/A;N/A;N/A;N/A;N/A;N/A;N/A;N/A;N/A;N/A;N/A;N/A;N/A;N/A;N/A;N/A;N/A;N/A;N/A;N/A;N/A;N/A;N/A;N/A;N/A;N/A;N/A;N/A;N/A;N/A;N/A;N/A;N/A;N/A;N/A;N/A;N/A;N/A;N/A;N/A;N/A;N/A;N/A;N/A;N/A;N/A;N/A;N/A;N/A;N/A;N/A;N/A;N/A;N/A;N/A;N/A;N/A;N/A;N/A;N/A;N/A;N/A;N/A;N/A;N/A;N/A;N/A;N/A;N/A;N/A;N/A;N/A;N/A;N/A;N/A;N/A;N/A;N/A;N/A;N/A;Sí;N/A;N/A;N/A;N/A;N/A;N/A;N/A;N/A;N/A;N/A;N/A;N/A;N/A;N/A;N/A;N/A;N/A;Sí;N/A;N/A;N/A;N/A;N/A;N/A;N/A
Nissan;Sentra;"Se Mt";1992;"530000 km";;PINAMARFEDE;5000;;;;;Pinamar;https://auto.mercadolibre.com.uy/MLU-666167900-nissan-sentra-diesel-23kmlitro-_JM;N/A;;"Nissan Sentra Diesel 23km/litro";usd;Sí;free;false;N/A;N/A;http://perfil.mercadolibre.com.uy/PINAMARFEDE;active;N/A;N/A;Usado;Rojo;N/A;Hidráulica;Delantera;No;N/A;N/A;N/A;N/A;N/A;N/A;N/A;N/A;N/A;N/A;N/A;Sí;N/A;N/A;N/A;N/A;N/A;N/A;N/A;N/A;N/A;N/A;N/A;N/A;N/A;"1.6 L";N/A;N/A;N/A;N/A;N/A;N/A;N/A;N/A;N/A;N/A;N/A;N/A;N/A;N/A;N/A;N/A;N/A;N/A;N/A;N/A;N/A;N/A;N/A;N/A;N/A;N/A;N/A;N/A;N/A;N/A;N/A;N/A;N/A;N/A;N/A;N/A;N/A;N/A;N/A;N/A;N/A;N/A;N/A;N/A;N/A;N/A;N/A;N/A;N/A;N/A;N/A;N/A;N/A;5;N/A;Se;N/A;N/A;N/A;N/A;N/A;N/A;N/A;N/A;N/A;N/A;N/A;N/A;N/A;N/A;N/A;N/A;N/A;N/A;N/A;N/A;N/A;5;1.6;Diésel;Manual;Sedán;"Autos y camionetas";N/A;N/A;N/A;N/A;N/A;N/A;UY;N/A;N/A;N/A;N/A;N/A;N/A;N/A;N/A;N/A;N/A;N/A;N/A;N/A;N/A;N/A;N/A;N/A;N/A;N/A;N/A;N/A;N/A;N/A;N/A;N/A;N/A;N/A;N/A;N/A;N/A;N/A;N/A;N/A;N/A;N/A;N/A;N/A;N/A;N/A;N/A;N/A;N/A;N/A;N/A;N/A;N/A;N/A;N/A;N/A;N/A;N/A;N/A;N/A;N/A;N/A;N/A;N/A;N/A;N/A;N/A;N/A;N/A;N/A;N/A;N/A;N/A;N/A;N/A;N/A;N/A;N/A;N/A;N/A;N/A;N/A;N/A;N/A;N/A;N/A;N/A;N/A;N/A;N/A;N/A;N/A;N/A;N/A;N/A;N/A;No;N/A;N/A;N/A;N/A;N/A;N/A;N/A;N/A;N/A;N/A;N/A;N/A;N/A;N/A;N/A;N/A;N/A;Sí;N/A;N/A;N/A;N/A;N/A;N/A;N/A
Nissan;D-21;Pickap;1998;"30000 km";;ARSA5320806;100000;;;;;Rosario;https://auto.mercadolibre.com.uy/MLU-665424128-nissan-d21-pickap-_JM;N/A;;"Nissan D21 Pickap";UYU;No;free;false;N/A;N/A;http://perfil.mercadolibre.com.uy/ARSA5320806;active;N/A;N/A;Usado;N/A;N/A;N/A;N/A;N/A;N/A;N/A;N/A;N/A;N/A;N/A;N/A;N/A;N/A;N/A;N/A;N/A;N/A;N/A;N/A;N/A;N/A;N/A;N/A;N/A;N/A;N/A;N/A;N/A;N/A;N/A;N/A;N/A;N/A;N/A;N/A;N/A;N/A;N/A;N/A;N/A;N/A;N/A;N/A;N/A;N/A;N/A;N/A;N/A;N/A;N/A;N/A;N/A;N/A;N/A;N/A;N/A;N/A;N/A;N/A;N/A;N/A;N/A;N/A;N/A;N/A;N/A;N/A;N/A;N/A;N/A;N/A;N/A;N/A;N/A;N/A;N/A;N/A;N/A;N/A;N/A;N/A;N/A;N/A;N/A;N/A;N/A;N/A;N/A;N/A;N/A;N/A;N/A;N/A;N/A;N/A;N/A;N/A;N/A;N/A;N/A;N/A;N/A;N/A;N/A;N/A;N/A;N/A;2;N/A;Diésel;N/A;N/A;"Autos y camionetas";N/A;N/A;N/A;N/A;N/A;N/A;N/A;N/A;N/A;N/A;N/A;N/A;N/A;N/A;N/A;N/A;N/A;N/A;N/A;N/A;N/A;N/A;N/A;N/A;N/A;N/A;N/A;N/A;N/A;N/A;N/A;N/A;N/A;N/A;N/A;N/A;N/A;N/A;N/A;N/A;N/A;N/A;N/A;N/A;N/A;N/A;N/A;N/A;N/A;N/A;N/A;N/A;N/A;N/A;N/A;N/A;N/A;N/A;N/A;N/A;N/A;N/A;N/A;N/A;N/A;N/A;N/A;N/A;N/A;N/A;N/A;N/A;N/A;N/A;N/A;N/A;N/A;N/A;N/A;N/A;N/A;N/A;N/A;N/A;N/A;N/A;N/A;N/A;N/A;N/A;N/A;N/A;N/A;N/A;N/A;N/A;N/A;N/A;N/A;N/A;N/A;N/A;N/A;N/A;N/A;N/A;N/A;N/A;N/A;N/A;N/A;N/A;N/A;N/A;N/A;N/A;N/A;N/A;N/A;N/A;N/A;N/A
Nissan;"Nissan d21";"Nissan d21";2006;"146000 km";;ZOHU4198805;22000;;;;;Salto;https://auto.mercadolibre.com.uy/MLU-664130544-nissan-nissan-d21-nissan-d21-_JM;N/A;;"Nissan Nissan D21 Nissan D21";USD;No;free;false;N/A;N/A;http://perfil.mercadolibre.com.uy/ZOHU4198805;active;N/A;N/A;Usado;N/A;N/A;N/A;N/A;N/A;N/A;N/A;N/A;N/A;N/A;N/A;N/A;N/A;N/A;N/A;N/A;N/A;N/A;N/A;N/A;N/A;N/A;N/A;N/A;N/A;N/A;N/A;N/A;N/A;N/A;N/A;N/A;N/A;N/A;N/A;N/A;N/A;N/A;N/A;N/A;N/A;N/A;N/A;N/A;N/A;N/A;N/A;N/A;N/A;N/A;N/A;N/A;N/A;N/A;N/A;N/A;N/A;N/A;N/A;N/A;N/A;N/A;N/A;N/A;N/A;N/A;N/A;N/A;N/A;N/A;N/A;N/A;N/A;N/A;N/A;N/A;N/A;N/A;N/A;N/A;N/A;N/A;N/A;N/A;N/A;N/A;N/A;N/A;N/A;N/A;N/A;N/A;N/A;N/A;N/A;N/A;N/A;N/A;N/A;N/A;N/A;N/A;N/A;N/A;N/A;N/A;N/A;N/A;4;N/A;Diésel;N/A;N/A;"Autos y camionetas";N/A;N/A;N/A;N/A;N/A;N/A;N/A;N/A;N/A;N/A;N/A;N/A;N/A;N/A;N/A;N/A;N/A;N/A;N/A;N/A;N/A;N/A;N/A;N/A;N/A;N/A;N/A;N/A;N/A;N/A;N/A;N/A;N/A;N/A;N/A;N/A;N/A;N/A;N/A;N/A;N/A;N/A;N/A;N/A;N/A;N/A;N/A;N/A;N/A;N/A;N/A;N/A;N/A;N/A;N/A;N/A;N/A;N/A;N/A;N/A;N/A;N/A;N/A;N/A;N/A;N/A;N/A;N/A;N/A;N/A;N/A;N/A;N/A;N/A;N/A;N/A;N/A;N/A;N/A;N/A;N/A;N/A;N/A;N/A;N/A;N/A;N/A;N/A;N/A;N/A;N/A;N/A;N/A;N/A;N/A;N/A;N/A;N/A;N/A;N/A;N/A;N/A;N/A;N/A;N/A;N/A;N/A;N/A;N/A;N/A;N/A;N/A;N/A;N/A;N/A;N/A;N/A;N/A;N/A;N/A;N/A;N/A
Nissan;Frontier;"np 300 árbol de leva";2016;"1 km";;JIS_82;9000000;;;;;"Cerro Chato";https://auto.mercadolibre.com.uy/MLU-666143248-nissan-frontier-np-300-arbol-de-leva-_JM;N/A;;"Nissan Frontier Np 300 Árbol De Leva";UYU;No;free;false;N/A;N/A;http://perfil.mercadolibre.com.uy/JIS_82;active;N/A;N/A;Usado;N/A;N/A;N/A;N/A;N/A;N/A;N/A;N/A;N/A;N/A;N/A;N/A;N/A;N/A;N/A;N/A;N/A;N/A;N/A;N/A;N/A;N/A;N/A;N/A;N/A;N/A;N/A;N/A;N/A;N/A;N/A;N/A;N/A;N/A;N/A;N/A;N/A;N/A;N/A;N/A;N/A;N/A;N/A;N/A;N/A;N/A;N/A;N/A;N/A;N/A;N/A;N/A;N/A;N/A;N/A;N/A;N/A;N/A;N/A;N/A;N/A;N/A;N/A;N/A;N/A;N/A;N/A;N/A;N/A;N/A;N/A;N/A;N/A;N/A;N/A;N/A;N/A;N/A;N/A;N/A;N/A;N/A;N/A;N/A;N/A;N/A;N/A;N/A;N/A;N/A;N/A;N/A;N/A;N/A;N/A;N/A;N/A;N/A;N/A;N/A;N/A;N/A;N/A;N/A;N/A;N/A;N/A;N/A;2;N/A;Nafta;N/A;N/A;"Autos y camionetas";N/A;N/A;N/A;N/A;N/A;N/A;N/A;N/A;N/A;N/A;N/A;N/A;N/A;N/A;N/A;N/A;N/A;N/A;N/A;N/A;N/A;N/A;N/A;N/A;N/A;N/A;N/A;N/A;N/A;N/A;N/A;N/A;N/A;N/A;N/A;N/A;N/A;N/A;N/A;N/A;N/A;N/A;N/A;N/A;N/A;N/A;N/A;N/A;N/A;N/A;N/A;N/A;N/A;N/A;N/A;N/A;N/A;N/A;N/A;N/A;N/A;N/A;N/A;N/A;N/A;N/A;N/A;N/A;N/A;N/A;N/A;N/A;N/A;N/A;N/A;N/A;N/A;N/A;N/A;N/A;N/A;N/A;N/A;N/A;N/A;N/A;N/A;N/A;N/A;N/A;N/A;N/A;N/A;N/A;N/A;N/A;N/A;N/A;N/A;N/A;N/A;N/A;N/A;N/A;N/A;N/A;N/A;N/A;N/A;N/A;N/A;N/A;N/A;N/A;N/A;N/A;N/A;N/A;N/A;N/A;N/A;N/A
Nissan;2.0;2.0;2000;"1 km";;DINORAHMONTES;75000;;;;;"Villa Española";https://auto.mercadolibre.com.uy/MLU-635385051-nissan-20-20-_JM;N/A;;"Nissan 2.0 2.0";UYU;No;free;false;N/A;N/A;http://perfil.mercadolibre.com.uy/DINORAHMONTES;active;N/A;N/A;Usado;N/A;N/A;N/A;N/A;N/A;N/A;N/A;N/A;N/A;N/A;N/A;N/A;N/A;N/A;N/A;N/A;N/A;N/A;N/A;N/A;N/A;N/A;N/A;N/A;N/A;N/A;N/A;N/A;N/A;N/A;N/A;N/A;N/A;N/A;N/A;N/A;N/A;N/A;N/A;N/A;N/A;N/A;N/A;N/A;N/A;N/A;N/A;N/A;N/A;N/A;N/A;N/A;N/A;N/A;N/A;N/A;N/A;N/A;N/A;N/A;N/A;N/A;N/A;N/A;N/A;N/A;N/A;N/A;N/A;N/A;N/A;N/A;N/A;N/A;N/A;N/A;N/A;N/A;N/A;N/A;N/A;N/A;N/A;N/A;N/A;N/A;N/A;N/A;N/A;N/A;N/A;N/A;N/A;N/A;N/A;N/A;N/A;N/A;N/A;N/A;N/A;N/A;N/A;N/A;N/A;N/A;N/A;N/A;2;N/A;Diésel;N/A;N/A;"Autos y camionetas";N/A;N/A;N/A;N/A;N/A;N/A;N/A;N/A;N/A;N/A;N/A;N/A;N/A;N/A;N/A;N/A;N/A;N/A;N/A;N/A;N/A;N/A;N/A;N/A;N/A;N/A;N/A;N/A;N/A;N/A;N/A;N/A;N/A;N/A;N/A;N/A;N/A;N/A;N/A;N/A;N/A;N/A;N/A;N/A;N/A;N/A;N/A;N/A;N/A;N/A;N/A;N/A;N/A;N/A;N/A;N/A;N/A;N/A;N/A;N/A;N/A;N/A;N/A;N/A;N/A;N/A;N/A;N/A;N/A;N/A;N/A;N/A;N/A;N/A;N/A;N/A;N/A;N/A;N/A;N/A;N/A;N/A;N/A;N/A;N/A;N/A;N/A;N/A;N/A;N/A;N/A;N/A;N/A;N/A;N/A;N/A;N/A;N/A;N/A;N/A;N/A;N/A;N/A;N/A;N/A;N/A;N/A;N/A;N/A;N/A;N/A;N/A;N/A;N/A;N/A;N/A;N/A;N/A;N/A;N/A;N/A;N/A
Nissan;Sentra;Sentra;1995;"111111 km";;"LA MULITA_RUTERA";5500;;;;;Rocha;https://auto.mercadolibre.com.uy/MLU-635381517-nissan-sentra-sentra-_JM;N/A;;"Nissan Sentra Sentra";USD;Sí;free;false;N/A;N/A;http://perfil.mercadolibre.com.uy/LA+MULITA_RUTERA;active;N/A;N/A;Usado;N/A;N/A;N/A;N/A;N/A;N/A;N/A;N/A;N/A;N/A;N/A;N/A;N/A;N/A;N/A;N/A;N/A;N/A;N/A;N/A;N/A;N/A;N/A;N/A;N/A;N/A;N/A;N/A;N/A;N/A;N/A;N/A;N/A;N/A;N/A;N/A;N/A;N/A;N/A;N/A;N/A;N/A;N/A;N/A;N/A;N/A;N/A;N/A;N/A;N/A;N/A;N/A;N/A;N/A;N/A;N/A;N/A;N/A;N/A;N/A;N/A;N/A;N/A;N/A;N/A;N/A;N/A;N/A;N/A;N/A;N/A;N/A;N/A;N/A;N/A;N/A;N/A;N/A;N/A;N/A;N/A;N/A;N/A;N/A;N/A;N/A;N/A;N/A;N/A;N/A;N/A;N/A;N/A;N/A;N/A;N/A;N/A;N/A;N/A;N/A;N/A;N/A;N/A;N/A;N/A;N/A;N/A;N/A;5;N/A;Nafta;N/A;N/A;"Autos y camionetas";N/A;N/A;N/A;N/A;N/A;N/A;N/A;N/A;N/A;N/A;N/A;N/A;N/A;N/A;N/A;N/A;N/A;N/A;N/A;N/A;N/A;N/A;N/A;N/A;N/A;N/A;N/A;N/A;N/A;N/A;N/A;N/A;N/A;N/A;N/A;N/A;N/A;N/A;N/A;N/A;N/A;N/A;N/A;N/A;N/A;N/A;N/A;N/A;N/A;N/A;N/A;N/A;N/A;N/A;N/A;N/A;N/A;N/A;N/A;N/A;N/A;N/A;N/A;N/A;N/A;N/A;N/A;N/A;N/A;N/A;N/A;N/A;N/A;N/A;N/A;N/A;N/A;N/A;N/A;N/A;N/A;N/A;N/A;N/A;N/A;N/A;N/A;N/A;N/A;N/A;N/A;N/A;N/A;N/A;N/A;N/A;N/A;N/A;N/A;N/A;N/A;N/A;N/A;N/A;N/A;N/A;N/A;N/A;N/A;N/A;N/A;N/A;N/A;N/A;N/A;N/A;N/A;N/A;N/A;N/A;N/A;N/A
Nissan;Frontier;Frontier;2023;"23000 km";;JOSEPH20042004;25000;;;;;Cordón;https://auto.mercadolibre.com.uy/MLU-665461856-nissan-frontier-frontier-_JM;N/A;;"Nissan Frontier Frontier";USD;Sí;free;false;N/A;N/A;http://perfil.mercadolibre.com.uy/JOSEPH20042004;active;N/A;N/A;Usado;N/A;N/A;N/A;N/A;N/A;N/A;N/A;N/A;N/A;N/A;N/A;N/A;N/A;N/A;N/A;N/A;N/A;N/A;N/A;N/A;N/A;N/A;N/A;N/A;N/A;N/A;N/A;N/A;N/A;N/A;N/A;N/A;N/A;N/A;N/A;N/A;N/A;N/A;N/A;N/A;N/A;N/A;N/A;N/A;N/A;N/A;N/A;N/A;N/A;N/A;N/A;N/A;N/A;N/A;N/A;N/A;N/A;N/A;N/A;N/A;N/A;N/A;N/A;N/A;N/A;N/A;N/A;N/A;N/A;N/A;N/A;N/A;N/A;N/A;N/A;N/A;N/A;N/A;N/A;N/A;N/A;N/A;N/A;N/A;N/A;N/A;N/A;N/A;N/A;N/A;N/A;N/A;N/A;N/A;N/A;N/A;N/A;N/A;N/A;N/A;N/A;N/A;N/A;N/A;N/A;N/A;N/A;N/A;4;N/A;Nafta;N/A;N/A;"Autos y camionetas";N/A;N/A;N/A;N/A;N/A;N/A;N/A;N/A;N/A;N/A;N/A;N/A;N/A;N/A;N/A;N/A;N/A;N/A;N/A;N/A;N/A;N/A;N/A;N/A;N/A;N/A;N/A;N/A;N/A;N/A;N/A;N/A;N/A;N/A;N/A;N/A;N/A;N/A;N/A;N/A;N/A;N/A;N/A;N/A;N/A;N/A;N/A;N/A;N/A;N/A;N/A;N/A;N/A;N/A;N/A;N/A;N/A;N/A;N/A;N/A;N/A;N/A;N/A;N/A;N/A;N/A;N/A;N/A;N/A;N/A;N/A;N/A;N/A;N/A;N/A;N/A;N/A;N/A;N/A;N/A;N/A;N/A;N/A;N/A;N/A;N/A;N/A;N/A;N/A;N/A;N/A;N/A;N/A;N/A;N/A;N/A;N/A;N/A;N/A;N/A;N/A;N/A;N/A;N/A;N/A;N/A;N/A;N/A;N/A;N/A;N/A;N/A;N/A;N/A;N/A;N/A;N/A;N/A;N/A;N/A;N/A;N/A
Nissan;Vanette;"Van 89";1998;"200000 km";;"GENERAL SERVICE2010";101010;;;;;Cordón;https://auto.mercadolibre.com.uy/MLU-665443750-nissan-vanette-van-89-_JM;N/A;;"Nissan Vanette Van 89";UYU;No;free;false;N/A;N/A;http://perfil.mercadolibre.com.uy/GENERAL+SERVICE2010;active;N/A;N/A;Usado;N/A;N/A;N/A;N/A;N/A;N/A;N/A;N/A;N/A;N/A;N/A;N/A;N/A;N/A;N/A;N/A;N/A;N/A;N/A;N/A;N/A;N/A;N/A;N/A;N/A;N/A;N/A;N/A;N/A;N/A;N/A;N/A;N/A;N/A;N/A;N/A;N/A;N/A;N/A;N/A;N/A;N/A;N/A;N/A;N/A;N/A;N/A;N/A;N/A;N/A;N/A;N/A;N/A;N/A;N/A;N/A;N/A;N/A;N/A;N/A;N/A;N/A;N/A;N/A;N/A;N/A;N/A;N/A;N/A;N/A;N/A;N/A;N/A;N/A;N/A;N/A;N/A;N/A;N/A;N/A;N/A;N/A;N/A;N/A;N/A;N/A;N/A;N/A;N/A;N/A;N/A;N/A;N/A;N/A;N/A;N/A;N/A;N/A;N/A;N/A;N/A;N/A;N/A;N/A;N/A;N/A;N/A;N/A;5;N/A;Diésel;N/A;N/A;"Autos y camionetas";N/A;N/A;N/A;N/A;N/A;N/A;N/A;N/A;N/A;N/A;N/A;N/A;N/A;N/A;N/A;N/A;N/A;N/A;N/A;N/A;N/A;N/A;N/A;N/A;N/A;N/A;N/A;N/A;N/A;N/A;N/A;N/A;N/A;N/A;N/A;N/A;N/A;N/A;N/A;N/A;N/A;N/A;N/A;N/A;N/A;N/A;N/A;N/A;N/A;N/A;N/A;N/A;N/A;N/A;N/A;N/A;N/A;N/A;N/A;N/A;N/A;N/A;N/A;N/A;N/A;N/A;N/A;N/A;N/A;N/A;N/A;N/A;N/A;N/A;N/A;N/A;N/A;N/A;N/A;N/A;N/A;N/A;N/A;N/A;N/A;N/A;N/A;N/A;N/A;N/A;N/A;N/A;N/A;N/A;N/A;N/A;N/A;N/A;N/A;N/A;N/A;N/A;N/A;N/A;N/A;N/A;N/A;N/A;N/A;N/A;N/A;N/A;N/A;N/A;N/A;N/A;N/A;N/A;N/A;N/A;N/A;N/A
Nissan;"Trade furgon";"Camioneta furgon";1998;"461000 km";;MELE9092051;68000;;;;;Cerrillos;https://auto.mercadolibre.com.uy/MLU-635104567-nissan-trade-furgon-camioneta-furgon-_JM;N/A;;"Nissan Trade Furgon  Camioneta Furgon ";UYU;No;free;false;N/A;N/A;http://perfil.mercadolibre.com.uy/MELE9092051;active;N/A;N/A;Usado;N/A;N/A;N/A;N/A;N/A;N/A;N/A;N/A;N/A;N/A;N/A;N/A;N/A;N/A;N/A;N/A;N/A;N/A;N/A;N/A;N/A;N/A;N/A;N/A;N/A;N/A;N/A;N/A;N/A;N/A;N/A;N/A;N/A;N/A;N/A;N/A;N/A;N/A;N/A;N/A;N/A;N/A;N/A;N/A;N/A;N/A;N/A;N/A;N/A;N/A;N/A;N/A;N/A;N/A;N/A;N/A;N/A;N/A;N/A;N/A;N/A;N/A;N/A;N/A;N/A;N/A;N/A;N/A;N/A;N/A;N/A;N/A;N/A;N/A;N/A;N/A;N/A;N/A;N/A;N/A;N/A;N/A;N/A;N/A;N/A;N/A;N/A;N/A;N/A;N/A;N/A;N/A;N/A;N/A;N/A;N/A;N/A;N/A;N/A;N/A;N/A;N/A;N/A;N/A;N/A;N/A;N/A;N/A;5;N/A;Diésel;N/A;N/A;"Autos y camionetas";N/A;N/A;N/A;N/A;N/A;N/A;N/A;N/A;N/A;N/A;N/A;N/A;N/A;N/A;N/A;N/A;N/A;N/A;N/A;N/A;N/A;N/A;N/A;N/A;N/A;N/A;N/A;N/A;N/A;N/A;N/A;N/A;N/A;N/A;N/A;N/A;N/A;N/A;N/A;N/A;N/A;N/A;N/A;N/A;N/A;N/A;N/A;N/A;N/A;N/A;N/A;N/A;N/A;N/A;N/A;N/A;N/A;N/A;N/A;N/A;N/A;N/A;N/A;N/A;N/A;N/A;N/A;N/A;N/A;N/A;N/A;N/A;N/A;N/A;N/A;N/A;N/A;N/A;N/A;N/A;N/A;N/A;N/A;N/A;N/A;N/A;N/A;N/A;N/A;N/A;N/A;N/A;N/A;N/A;N/A;N/A;N/A;N/A;N/A;N/A;N/A;N/A;N/A;N/A;N/A;N/A;N/A;N/A;N/A;N/A;N/A;N/A;N/A;N/A;N/A;N/A;N/A;N/A;N/A;N/A;N/A;N/A
Nissan;March;"1.6 Advance Mt";2011;"157397 km";;SOAG9192115;10000;;;;;"Arroyo Seco";https://auto.mercadolibre.com.uy/MLU-635046929-nissan-march-2011-16-advance-mt-_JM;N/A;;"Nissan March 2011 1.6 Advance Mt";usd;Sí;free;false;N/A;N/A;http://perfil.mercadolibre.com.uy/SOAG9192115;active;N/A;N/A;Usado;N/A;N/A;Hidráulica;Delantera;Sí;N/A;N/A;N/A;N/A;N/A;N/A;N/A;N/A;N/A;N/A;N/A;N/A;N/A;N/A;N/A;N/A;N/A;N/A;N/A;N/A;N/A;N/A;N/A;N/A;"2450 mm";"1.6 L";"41 L";N/A;N/A;N/A;N/A;N/A;N/A;N/A;N/A;N/A;N/A;N/A;N/A;N/A;N/A;N/A;N/A;N/A;N/A;N/A;N/A;N/A;N/A;N/A;N/A;N/A;N/A;N/A;N/A;N/A;N/A;N/A;N/A;N/A;N/A;N/A;N/A;N/A;N/A;N/A;N/A;N/A;N/A;N/A;N/A;N/A;N/A;"1528 mm";"3780 mm";N/A;N/A;N/A;N/A;5;"109 hp";Advance;N/A;N/A;"1665 mm";N/A;N/A;N/A;N/A;N/A;N/A;N/A;N/A;N/A;N/A;N/A;N/A;N/A;N/A;N/A;N/A;N/A;N/A;5;1.6;Nafta;Manual;Hatchback;"Autos y camionetas";N/A;N/A;N/A;N/A;N/A;N/A;UY;N/A;N/A;N/A;N/A;N/A;N/A;N/A;N/A;N/A;N/A;N/A;N/A;N/A;N/A;N/A;N/A;N/A;N/A;N/A;N/A;N/A;N/A;N/A;N/A;N/A;N/A;N/A;N/A;N/A;N/A;N/A;N/A;N/A;N/A;N/A;N/A;N/A;N/A;N/A;N/A;N/A;N/A;N/A;N/A;N/A;N/A;N/A;N/A;N/A;N/A;N/A;N/A;N/A;N/A;N/A;N/A;N/A;N/A;N/A;N/A;N/A;N/A;N/A;N/A;N/A;N/A;N/A;N/A;N/A;N/A;N/A;N/A;N/A;N/A;N/A;N/A;N/A;N/A;N/A;N/A;N/A;N/A;N/A;N/A;N/A;N/A;N/A;N/A;N/A;Sí;N/A;N/A;N/A;N/A;N/A;N/A;N/A;N/A;N/A;N/A;N/A;N/A;N/A;N/A;N/A;N/A;N/A;Sí;N/A;N/A;N/A;N/A;N/A;N/A;N/A
Nissan;Frontier;4x2;2007;"390000 km";;PEREZANA20231113134904;18000;;;;;Canelones;https://auto.mercadolibre.com.uy/MLU-664264180-nissan-frontier-2007-_JM;N/A;;"Nissan Frontier 2007";USD;No;free;false;N/A;N/A;http://perfil.mercadolibre.com.uy/PEREZANA20231113134904;active;N/A;N/A;Usado;Blanco;Sí;N/A;4x2;Sí;No;N/A;N/A;N/A;N/A;N/A;N/A;N/A;N/A;N/A;N/A;N/A;N/A;No;N/A;N/A;N/A;N/A;N/A;N/A;N/A;N/A;N/A;N/A;N/A;N/A;N/A;N/A;N/A;N/A;N/A;N/A;N/A;N/A;N/A;N/A;N/A;N/A;N/A;N/A;N/A;N/A;N/A;N/A;N/A;N/A;N/A;N/A;N/A;N/A;N/A;N/A;N/A;N/A;N/A;N/A;N/A;N/A;N/A;N/A;N/A;N/A;N/A;N/A;N/A;N/A;N/A;N/A;N/A;N/A;N/A;N/A;N/A;N/A;N/A;N/A;N/A;N/A;N/A;N/A;N/A;N/A;N/A;N/A;N/A;N/A;No;N/A;N/A;No;N/A;No;No;N/A;N/A;N/A;N/A;N/A;Sí;N/A;N/A;N/A;"Lunes a viernes 8 am 17pm";4;2.7;Diésel;N/A;N/A;"Autos y camionetas";N/A;N/A;N/A;N/A;Sí;N/A;N/A;N/A;No;N/A;N/A;N/A;N/A;N/A;N/A;N/A;N/A;N/A;N/A;N/A;N/A;N/A;N/A;N/A;No;N/A;N/A;N/A;N/A;N/A;N/A;N/A;N/A;N/A;N/A;N/A;N/A;N/A;N/A;N/A;N/A;N/A;N/A;N/A;N/A;N/A;N/A;N/A;N/A;N/A;N/A;N/A;N/A;N/A;N/A;N/A;N/A;N/A;N/A;N/A;N/A;N/A;Sí;N/A;N/A;N/A;N/A;N/A;N/A;N/A;N/A;N/A;N/A;N/A;N/A;N/A;N/A;N/A;N/A;N/A;N/A;N/A;N/A;N/A;N/A;N/A;N/A;N/A;N/A;N/A;N/A;N/A;N/A;N/A;N/A;N/A;N/A;N/A;N/A;N/A;N/A;N/A;N/A;N/A;N/A;N/A;N/A;N/A;N/A;N/A;N/A;N/A;N/A;N/A;Sí;N/A;No;N/A;N/A;N/A;N/A;N/A
Nissan;Kicks;"1.6 Advance";2022;"6500 km";;MARISA1963;30000;;;;;Prado;https://auto.mercadolibre.com.uy/MLU-664021352-nissan-kicks-advance-ctv-_JM;N/A;;"Nissan Kicks Advance Ctv";usd;Sí;free;false;N/A;N/A;http://perfil.mercadolibre.com.uy/MARISA1963;active;N/A;N/A;Usado;N/A;N/A;Hidráulica;Delantera;Sí;N/A;N/A;N/A;N/A;N/A;N/A;N/A;N/A;N/A;N/A;N/A;N/A;N/A;N/A;N/A;N/A;N/A;N/A;N/A;N/A;N/A;N/A;N/A;N/A;"2620 mm";"1.6 L";"50 L";5;N/A;N/A;N/A;N/A;N/A;N/A;N/A;N/A;N/A;N/A;N/A;N/A;N/A;N/A;N/A;N/A;N/A;N/A;N/A;N/A;N/A;N/A;N/A;N/A;N/A;N/A;N/A;N/A;N/A;N/A;N/A;N/A;N/A;Sí;Sí;N/A;N/A;N/A;N/A;N/A;N/A;N/A;N/A;N/A;N/A;"1590 mm";"4295 mm";N/A;N/A;N/A;N/A;5;"118 hp";Advance;N/A;4;"1760 mm";N/A;N/A;N/A;N/A;N/A;N/A;N/A;N/A;N/A;N/A;N/A;N/A;N/A;N/A;N/A;N/A;N/A;N/A;5;1.6;Nafta;Manual;SUV;"Autos y camionetas";N/A;N/A;N/A;N/A;N/A;N/A;UY;N/A;N/A;N/A;N/A;N/A;N/A;N/A;N/A;N/A;N/A;N/A;N/A;N/A;N/A;N/A;N/A;N/A;N/A;N/A;N/A;N/A;N/A;N/A;N/A;N/A;N/A;N/A;N/A;N/A;N/A;N/A;N/A;N/A;N/A;N/A;N/A;N/A;N/A;N/A;N/A;N/A;N/A;N/A;N/A;N/A;N/A;N/A;N/A;N/A;N/A;N/A;N/A;N/A;N/A;N/A;N/A;N/A;N/A;N/A;N/A;N/A;N/A;N/A;N/A;N/A;N/A;N/A;N/A;N/A;N/A;N/A;N/A;N/A;N/A;N/A;N/A;N/A;N/A;N/A;N/A;N/A;N/A;N/A;N/A;N/A;N/A;N/A;N/A;N/A;N/A;N/A;N/A;N/A;N/A;N/A;N/A;N/A;N/A;N/A;N/A;N/A;N/A;N/A;N/A;N/A;Sí;N/A;Sí;N/A;N/A;N/A;N/A;Sí;N/A;Sí
Nissan;"D 22 4x4 AX";Cvrulff;1998;"200 km";;"NICOLE DELIA";15500;;;;;"San José de Carrasco";https://auto.mercadolibre.com.uy/MLU-665071704-nissan-d-22-4x4-ax-cvrulff-_JM;N/A;;"Nissan D 22 4x4 Ax Cvrulff";USD;No;free;false;N/A;N/A;http://perfil.mercadolibre.com.uy/NICOLE+DELIA;active;N/A;N/A;Usado;N/A;N/A;N/A;N/A;N/A;N/A;N/A;N/A;N/A;N/A;N/A;N/A;N/A;N/A;N/A;N/A;N/A;N/A;N/A;N/A;N/A;N/A;N/A;N/A;N/A;N/A;N/A;N/A;N/A;N/A;N/A;N/A;N/A;N/A;N/A;N/A;N/A;N/A;N/A;N/A;N/A;N/A;N/A;N/A;N/A;N/A;N/A;N/A;N/A;N/A;N/A;N/A;N/A;N/A;N/A;N/A;N/A;N/A;N/A;N/A;N/A;N/A;N/A;N/A;N/A;N/A;N/A;N/A;N/A;N/A;N/A;N/A;N/A;N/A;N/A;N/A;N/A;N/A;N/A;N/A;N/A;N/A;N/A;N/A;N/A;N/A;N/A;N/A;N/A;N/A;N/A;N/A;N/A;N/A;N/A;N/A;N/A;N/A;N/A;N/A;N/A;N/A;N/A;N/A;N/A;N/A;N/A;N/A;4;N/A;Diésel;N/A;N/A;"Autos y camionetas";N/A;N/A;N/A;N/A;N/A;N/A;N/A;N/A;N/A;N/A;N/A;N/A;N/A;N/A;N/A;N/A;N/A;N/A;N/A;N/A;N/A;N/A;N/A;N/A;N/A;N/A;N/A;N/A;N/A;N/A;N/A;N/A;N/A;N/A;N/A;N/A;N/A;N/A;N/A;N/A;N/A;N/A;N/A;N/A;N/A;N/A;N/A;N/A;N/A;N/A;N/A;N/A;N/A;N/A;N/A;N/A;N/A;N/A;N/A;N/A;N/A;N/A;N/A;N/A;N/A;N/A;N/A;N/A;N/A;N/A;N/A;N/A;N/A;N/A;N/A;N/A;N/A;N/A;N/A;N/A;N/A;N/A;N/A;N/A;N/A;N/A;N/A;N/A;N/A;N/A;N/A;N/A;N/A;N/A;N/A;N/A;N/A;N/A;N/A;N/A;N/A;N/A;N/A;N/A;N/A;N/A;N/A;N/A;N/A;N/A;N/A;N/A;N/A;N/A;N/A;N/A;N/A;N/A;N/A;N/A;N/A;N/A
Nissan;Nissan;"Nissan B17";2015;"1111111 km";;VILLALBAANDRES2012;6800;;;;;"Barros Blancos";https://auto.mercadolibre.com.uy/MLU-653222996-oportunidad-nissan-sentra-b17-chocados-hay-dos-_JM;N/A;;"Oportunidad Nissan Sentra B17 Chocados Hay Dos ";USD;Sí;silver;false;N/A;N/A;http://perfil.mercadolibre.com.uy/VILLALBAANDRES2012;active;N/A;N/A;Usado;Plateado;N/A;N/A;N/A;N/A;N/A;N/A;N/A;N/A;N/A;N/A;N/A;N/A;N/A;N/A;N/A;N/A;N/A;N/A;N/A;N/A;N/A;N/A;N/A;N/A;N/A;N/A;N/A;N/A;N/A;N/A;N/A;N/A;N/A;N/A;N/A;N/A;N/A;N/A;N/A;N/A;N/A;N/A;N/A;N/A;N/A;N/A;N/A;N/A;N/A;N/A;N/A;N/A;N/A;N/A;N/A;N/A;N/A;N/A;N/A;N/A;N/A;N/A;N/A;N/A;N/A;N/A;N/A;N/A;N/A;N/A;N/A;N/A;N/A;N/A;N/A;N/A;N/A;N/A;N/A;N/A;N/A;N/A;N/A;N/A;N/A;N/A;N/A;N/A;N/A;N/A;N/A;N/A;N/A;N/A;N/A;N/A;N/A;N/A;N/A;N/A;N/A;N/A;N/A;N/A;N/A;N/A;N/A;4;N/A;Nafta;Automática;N/A;"Autos y camionetas";N/A;N/A;N/A;N/A;N/A;N/A;N/A;N/A;N/A;N/A;N/A;N/A;N/A;N/A;N/A;N/A;N/A;N/A;N/A;N/A;N/A;N/A;N/A;N/A;N/A;N/A;N/A;N/A;N/A;N/A;N/A;N/A;N/A;N/A;N/A;N/A;N/A;N/A;N/A;N/A;N/A;N/A;N/A;N/A;N/A;N/A;N/A;N/A;N/A;N/A;N/A;N/A;N/A;N/A;N/A;N/A;N/A;N/A;N/A;N/A;N/A;N/A;N/A;N/A;N/A;N/A;N/A;N/A;N/A;N/A;N/A;N/A;N/A;N/A;N/A;N/A;N/A;N/A;N/A;N/A;N/A;N/A;N/A;N/A;N/A;N/A;N/A;N/A;N/A;N/A;N/A;N/A;N/A;N/A;N/A;N/A;N/A;N/A;N/A;N/A;N/A;N/A;N/A;N/A;N/A;N/A;N/A;N/A;N/A;N/A;N/A;N/A;N/A;N/A;N/A;N/A;N/A;N/A;N/A;N/A;N/A;N/A
